county,administered_date,total_doses,cumulative_total_doses,pfizer_doses,cumulative_pfizer_doses,moderna_doses,cumulative_moderna_doses,jj_doses,cumulative_jj_doses,partially_vaccinated,total_partially_vaccinated,fully_vaccinated,cumulative_fully_vaccinated,at_least_one_dose,cumulative_at_least_one_dose,california_flag
All CA Counties,2020-12-15,1157,1157,1157,1157,0,0,0,0,1157,1157,0,0,1157,1157,
All CA Counties,2020-12-16,8478,9635,8478,9635,0,0,0,0,8478,9635,0,0,8478,9635,
All CA Counties,2020-12-17,26548,36183,26548,36183,0,0,0,0,26544,36174,5,5,26544,36179,
All CA Counties,2020-12-18,45236,81419,45176,81359,60,60,0,0,45232,81401,5,10,45232,81411,
All CA Counties,2020-12-19,25508,106927,25482,106841,26,86,0,0,25507,106907,1,11,25507,106918,
All CA Counties,2020-12-20,19133,126060,19101,125942,32,118,0,0,19132,126038,1,12,19132,126050,
All CA Counties,2020-12-21,49791,175851,49698,175640,93,211,0,0,49792,175828,3,15,49793,175843,
All CA Counties,2020-12-22,50191,226042,48049,223689,2142,2353,0,0,50183,226005,6,21,50183,226026,
All CA Counties,2020-12-23,50760,276802,41936,265625,8824,11177,0,0,50754,276757,5,26,50757,276783,
All CA Counties,2020-12-24,24118,300920,16359,281984,7759,18936,0,0,24112,300865,6,32,24114,300897,
All CA Counties,2020-12-25,2348,303268,2023,284007,325,19261,0,0,2348,303213,0,32,2348,303245,
All CA Counties,2020-12-26,14638,317906,9475,293482,5163,24424,0,0,14636,317847,2,34,14636,317881,
All CA Counties,2020-12-27,9472,327378,5611,299093,3861,28285,0,0,9469,327313,3,37,9469,327350,
All CA Counties,2020-12-28,46194,373572,29604,328697,16590,44875,0,0,46191,373501,3,40,46191,373541,
All CA Counties,2020-12-29,51359,424931,28626,357323,22733,67608,0,0,51352,424849,4,44,51352,424893,
All CA Counties,2020-12-30,63163,488094,35655,392978,27508,95116,0,0,63150,487992,10,54,63153,488046,
All CA Counties,2020-12-31,29604,517698,10948,403926,18656,113772,0,0,29581,517553,21,75,29582,517628,
All CA Counties,2021-01-01,4656,522354,2112,406038,2544,116316,0,0,4648,522194,7,82,4648,522276,
All CA Counties,2021-01-02,18545,540899,10264,416302,8281,124597,0,0,18540,540732,2,84,18540,540816,
All CA Counties,2021-01-03,6204,547103,3510,419812,2694,127291,0,0,6169,546887,14,98,6169,546985,
All CA Counties,2021-01-04,43657,590760,22024,441836,21633,148924,0,0,43577,590424,40,138,43577,590562,
All CA Counties,2021-01-05,56750,647510,29935,471771,26815,175739,0,0,51084,636002,5604,5742,51182,641744,
All CA Counties,2021-01-06,73659,721169,40642,512413,33017,208756,0,0,57927,678424,15544,21286,57966,699710,
All CA Counties,2021-01-07,92758,813927,52843,565256,39915,248671,0,0,61077,708060,31502,52788,61138,760848,
All CA Counties,2021-01-08,107456,921383,64677,629933,42779,291450,0,0,65394,731609,41916,94704,65465,826313,
All CA Counties,2021-01-09,44646,966029,25728,655661,18918,310368,0,0,27934,742888,16684,111388,27963,854276,
All CA Counties,2021-01-10,24476,990505,14970,670631,9506,319874,0,0,13156,744769,11294,122682,13175,867451,
All CA Counties,2021-01-11,105034,1095539,69909,740540,35125,354999,0,0,60926,761827,44045,166727,61103,928554,
All CA Counties,2021-01-12,114318,1209857,67796,808336,46522,401521,0,0,72772,793403,41441,208168,73017,1001571,
All CA Counties,2021-01-13,119905,1329762,62347,870683,57558,459079,0,0,85855,845388,33961,242129,85946,1087517,
All CA Counties,2021-01-14,124765,1454527,50171,920854,74594,533673,0,0,104946,930806,19713,261842,105131,1192648,
All CA Counties,2021-01-15,142563,1597090,52132,972986,90431,624104,0,0,127269,1043115,15195,277037,127504,1320152,
All CA Counties,2021-01-16,81005,1678095,27412,1000398,53593,677697,0,0,73366,1108927,7610,284647,73422,1393574,
All CA Counties,2021-01-17,48363,1726458,16908,1017306,31455,709152,0,0,44667,1149956,3683,288330,44712,1438286,
All CA Counties,2021-01-18,88425,1814883,46119,1063425,42306,751458,0,0,68990,1199765,19361,307691,69170,1507456,
All CA Counties,2021-01-19,142391,1957274,73739,1137164,68652,820110,0,0,111120,1280047,31169,338860,111451,1618907,
All CA Counties,2021-01-20,163736,2121010,84620,1221784,79116,899226,0,0,129428,1375692,34057,372917,129702,1748609,
All CA Counties,2021-01-21,176075,2297085,78831,1300615,97244,996470,0,0,156349,1512931,19489,392406,156728,1905337,
All CA Counties,2021-01-22,170891,2467976,69803,1370418,101088,1097558,0,0,156351,1655048,14393,406799,156510,2061847,
All CA Counties,2021-01-23,112105,2580081,49532,1419950,62573,1160131,0,0,99422,1741983,12611,419410,99546,2161393,
All CA Counties,2021-01-24,61227,2641308,29428,1449378,31799,1191930,0,0,56513,1793886,4675,424085,56578,2217971,
All CA Counties,2021-01-25,145787,2787095,65567,1514945,80220,1272150,0,0,110329,1869291,35306,459391,110711,2328682,
All CA Counties,2021-01-26,169658,2956753,83158,1598103,86500,1358650,0,0,131707,1963472,37798,497189,131979,2460661,
All CA Counties,2021-01-27,183308,3140061,87933,1686036,95375,1454025,0,0,143343,2067421,39612,536801,143561,2604222,
All CA Counties,2021-01-28,188878,3328939,86945,1772981,101933,1555958,0,0,154287,2187670,34276,571077,154525,2758747,
All CA Counties,2021-01-29,184601,3513540,88347,1861328,96254,1652212,0,0,149437,2302780,34512,605589,149622,2908369,
All CA Counties,2021-01-30,124533,3638073,55511,1916839,69022,1721234,0,0,108951,2396496,15387,620976,109103,3017472,
All CA Counties,2021-01-31,69181,3707254,38421,1955260,30760,1751994,0,0,64099,2455639,5011,625987,64154,3081626,
All CA Counties,2021-02-01,162670,3869924,75986,2031246,86684,1838678,0,0,121297,2535921,41146,667133,121428,3203054,
All CA Counties,2021-02-02,186452,4056376,78377,2109623,108075,1946753,0,0,141349,2632716,44783,711916,141578,3344632,
All CA Counties,2021-02-03,212601,4268977,96277,2205900,116324,2063077,0,0,157524,2735980,54517,766433,157781,3502413,
All CA Counties,2021-02-04,229480,4498457,100530,2306430,128950,2192027,0,0,168109,2843689,60764,827197,168473,3670886,
All CA Counties,2021-02-05,247448,4745905,106910,2413340,140538,2332565,0,0,167860,2933377,78723,905920,168411,3839297,
All CA Counties,2021-02-06,156026,4901931,75018,2488358,81008,2413573,0,0,121020,3020122,34774,940694,121519,3960816,
All CA Counties,2021-02-07,67020,4968951,43311,2531669,23709,2437282,0,0,50498,3054647,16425,957119,50950,4011766,
All CA Counties,2021-02-08,181668,5150619,89232,2620901,92436,2529718,0,0,119665,3113557,61511,1018630,120421,4132187,
All CA Counties,2021-02-09,212154,5362773,102368,2723269,109786,2639504,0,0,126811,3156692,84836,1103466,127971,4260158,
All CA Counties,2021-02-10,250285,5613058,120323,2843592,129962,2769466,0,0,137312,3183429,112061,1215527,138798,4398956,
All CA Counties,2021-02-11,267105,5880163,132005,2975597,135100,2904566,0,0,144375,3208146,121467,1336994,146184,4545140,
All CA Counties,2021-02-12,274523,6154686,120202,3095799,154321,3058887,0,0,147578,3232167,125957,1462951,149978,4695118,
All CA Counties,2021-02-13,168852,6323538,78144,3173943,90708,3149595,0,0,93058,3251864,75318,1538269,95015,4790133,
All CA Counties,2021-02-14,96129,6419667,47929,3221872,48200,3197795,0,0,51836,3261167,44082,1582351,53385,4843518,
All CA Counties,2021-02-15,143406,6563073,62840,3284712,80566,3278361,0,0,79125,3279592,63834,1646185,82259,4925777,
All CA Counties,2021-02-16,250776,6813849,118939,3403651,131837,3410198,0,0,133845,3300087,116464,1762649,136959,5062736,
All CA Counties,2021-02-17,261094,7074943,130068,3533719,131026,3541224,0,0,129580,3302047,130848,1893497,132808,5195544,
All CA Counties,2021-02-18,275457,7350400,143637,3677356,131820,3673044,0,0,132826,3297472,141650,2035147,137075,5332619,
All CA Counties,2021-02-19,256772,7607172,148773,3826129,107999,3781043,0,0,131742,3307222,124081,2159228,133831,5466450,
All CA Counties,2021-02-20,156515,7763687,99934,3926063,56581,3837624,0,0,85398,3324027,70632,2229860,87437,5553887,
All CA Counties,2021-02-21,86235,7849922,69655,3995718,16580,3854204,0,0,44309,3328322,41569,2271429,45864,5599751,
All CA Counties,2021-02-22,168816,8018738,113088,4108806,55728,3909932,0,0,83889,3329666,84336,2355765,85680,5685431,
All CA Counties,2021-02-23,230539,8249277,121941,4230747,108598,4018530,0,0,106894,3319670,122891,2478656,112895,5798326,
All CA Counties,2021-02-24,286012,8535289,144501,4375248,141511,4160041,0,0,135548,3313061,149715,2628371,143106,5941432,
All CA Counties,2021-02-25,323822,8859111,159719,4534967,164103,4324144,0,0,169451,3337471,153605,2781976,178015,6119447,
All CA Counties,2021-02-26,358494,9217605,167094,4702061,191400,4515544,0,0,199358,3385993,158122,2940098,206644,6326091,
All CA Counties,2021-02-27,254489,9472094,123715,4825776,130748,4646292,26,26,144639,3425914,109165,3049263,149086,6475177,
All CA Counties,2021-02-28,136662,9608756,81165,4906941,55484,4701776,13,39,79714,3452031,56460,3105723,82577,6557754,
All CA Counties,2021-03-01,245814,9854570,130776,5037717,114896,4816672,142,181,141447,3494157,103476,3209199,145602,6703356,
All CA Counties,2021-03-02,291231,10145801,147116,5184833,144083,4960755,32,213,175592,3561645,115027,3324226,182515,6885871,
All CA Counties,2021-03-03,336679,10482480,167797,5352630,168815,5129570,67,280,194622,3622388,141256,3465482,201999,7087870,
All CA Counties,2021-03-04,354373,10836853,179179,5531809,175094,5304664,100,380,208246,3692487,145277,3610759,215376,7303246,
All CA Counties,2021-03-05,342123,11178976,168123,5699932,172866,5477530,1134,1514,213011,3785672,128218,3738977,221403,7524649,
All CA Counties,2021-03-06,260487,11439463,133701,5833633,118919,5596449,7867,9381,161933,3862072,98084,3837061,174484,7699133,
All CA Counties,2021-03-07,129170,11568633,78797,5912430,46188,5642637,4185,13566,80444,3901876,48499,3885560,88303,7787436,
All CA Counties,2021-03-08,221870,11790503,108529,6020959,102832,5745469,10509,24075,145319,3986555,76089,3961649,160768,7948204,
All CA Counties,2021-03-09,294014,12084517,140557,6161516,137517,5882986,15940,40015,164545,4042140,128919,4090568,184504,8132708,
All CA Counties,2021-03-10,325454,12409971,162172,6323688,138685,6021671,24597,64612,175802,4097783,148868,4239436,204511,8337219,
All CA Counties,2021-03-11,379577,12789548,183870,6507558,162235,6183906,33472,98084,194275,4145488,184201,4423637,231906,8569125,
All CA Counties,2021-03-12,398495,13188043,178001,6685559,174086,6357992,46408,144492,195069,4188636,202417,4626054,245565,8814690,
All CA Counties,2021-03-13,286299,13474342,125471,6811030,129628,6487620,31200,175692,154895,4248069,130848,4756902,190281,9004971,
All CA Counties,2021-03-14,155878,13630220,83545,6894575,57210,6544830,15123,190815,78508,4266928,77013,4833915,95872,9100843,
All CA Counties,2021-03-15,292440,13922660,140020,7034595,131713,6676543,20707,211522,158317,4316104,133225,4967140,182401,9283244,
All CA Counties,2021-03-16,372541,14295201,175187,7209782,179893,6856436,17461,228983,215457,4395990,156211,5123351,236097,9519341,
All CA Counties,2021-03-17,387673,14682874,192286,7402068,176672,7033108,18715,247698,240100,4510703,146593,5269944,261306,9780647,
All CA Counties,2021-03-18,405263,15088137,207828,7609896,179037,7212145,18398,266096,240032,4607245,163991,5433935,260533,10041180,
All CA Counties,2021-03-19,414328,15502465,218215,7828111,174243,7386388,21870,287966,240000,4697949,173205,5607140,263909,10305089,
All CA Counties,2021-03-20,297347,15799812,156037,7984148,125342,7511730,15968,303934,187821,4794480,108745,5715885,205276,10510365,
All CA Counties,2021-03-21,144961,15944773,100333,8084481,37082,7548812,7546,311480,87242,4833374,57287,5773172,96181,10606546,
All CA Counties,2021-03-22,275762,16220535,160738,8245219,103767,7652579,11257,322737,179092,4931018,95755,5868927,193399,10799945,
All CA Counties,2021-03-23,360334,16580869,198879,8444098,150350,7802929,11105,333842,220849,5027096,138459,6007386,234537,11034482,
All CA Counties,2021-03-24,389746,16970615,223182,8667280,154016,7956945,12548,346390,225739,5104846,162627,6170013,240377,11274859,
All CA Counties,2021-03-25,420327,17390942,231766,8899046,173651,8130596,14910,361300,237543,5178132,181347,6351360,254633,11529492,
All CA Counties,2021-03-26,437158,17828100,233771,9132817,187169,8317765,16218,377518,235545,5232458,200258,6551618,254584,11784076,
All CA Counties,2021-03-27,314782,18142882,167106,9299923,135857,8453622,11819,389337,158440,5249529,155424,6707042,172495,11956571,
All CA Counties,2021-03-28,170027,18312909,109243,9409166,57180,8510802,3604,392941,88645,5263059,80885,6787927,94415,12050986,
All CA Counties,2021-03-29,311967,18624876,167782,9576948,135033,8645835,9152,402093,173200,5310012,137895,6925822,184848,12235834,
All CA Counties,2021-03-30,400607,19025483,202860,9779808,179406,8825241,18341,420434,224719,5379810,175011,7100833,244809,12480643,
All CA Counties,2021-03-31,428513,19453996,232718,10012526,173802,8999043,21993,442427,237822,5451094,189528,7290361,260812,12741455,
All CA Counties,2021-04-01,494821,19948817,253077,10265603,200839,9199882,40905,483332,271880,5543581,221361,7511722,313848,13055303,
All CA Counties,2021-04-02,476392,20425209,232104,10497707,200823,9400705,43465,526797,258135,5629892,216882,7728604,303193,13358496,
All CA Counties,2021-04-03,330886,20756095,168668,10666375,120618,9521323,41600,568397,164730,5671848,165434,7894038,207390,13565886,
All CA Counties,2021-04-04,132779,20888874,69279,10735654,44408,9565731,19092,587489,58106,5674831,74322,7968360,77305,13643191,
All CA Counties,2021-04-05,355176,21244050,183056,10918710,132101,9697832,40019,627508,174292,5711559,180102,8148462,216830,13860021,
All CA Counties,2021-04-06,459799,21703849,233105,11151815,160929,9858761,65765,693273,222481,5765535,236297,8384759,290273,14150294,
All CA Counties,2021-04-07,475334,22179183,246864,11398679,158200,10016961,70270,763543,230643,5823990,243613,8628372,302068,14452362,
All CA Counties,2021-04-08,502023,22681206,253282,11651961,163950,10180911,84791,848334,235780,5881968,264922,8893294,322900,14775262,
All CA Counties,2021-04-09,497965,23179171,248173,11900134,169393,10350304,80399,928733,228742,5926006,268038,9161332,312076,15087338,
All CA Counties,2021-04-10,370385,23549556,168823,12068957,126969,10477273,74593,1003326,155217,5944066,214339,9375671,232399,15319737,
All CA Counties,2021-04-11,188708,23738264,105768,12174725,48838,10526111,34102,1037428,78048,5948735,110269,9485940,114938,15434675,
All CA Counties,2021-04-12,342017,24080281,175773,12350498,127895,10654006,38349,1075777,158117,5965901,182824,9668764,199990,15634665,
All CA Counties,2021-04-13,435443,24515724,243824,12594322,190656,10844662,963,1076740,243102,6021771,191212,9859976,247082,15881747,
All CA Counties,2021-04-14,455721,24971445,255561,12849883,199867,11044529,293,1077033,237263,6046696,217151,10077127,242076,16123823,
All CA Counties,2021-04-15,496400,25467845,289215,13139098,206881,11251410,304,1077337,277452,6109977,217319,10294446,280600,16404423,
All CA Counties,2021-04-16,481018,25948863,270558,13409656,210147,11461557,313,1077650,256175,6145518,223383,10517829,258924,16663347,
All CA Counties,2021-04-17,346767,26295630,193984,13603640,152716,11614273,67,1077717,197310,6197580,148479,10666308,200541,16863888,
All CA Counties,2021-04-18,161689,26457319,104064,13707704,57607,11671880,18,1077735,82863,6205143,78344,10744652,85907,16949795,
All CA Counties,2021-04-19,323542,26780861,186049,13893753,137393,11809273,100,1077835,152903,6190407,169604,10914256,154868,17104663,
All CA Counties,2021-04-20,419481,27200342,226701,14120454,192697,12001970,83,1077918,208122,6191547,210151,11124407,211291,17315954,
All CA Counties,2021-04-21,440258,27640600,254570,14375024,185417,12187387,271,1078189,211576,6179849,226982,11351389,215284,17531238,
All CA Counties,2021-04-22,456173,28096773,262500,14637524,193592,12380979,81,1078270,203452,6135454,251174,11602563,206779,17738017,
All CA Counties,2021-04-23,448741,28545514,257851,14895375,190798,12571777,92,1078362,203566,6098856,243638,11846201,207040,17945057,
All CA Counties,2021-04-24,326441,28871955,205218,15100593,121039,12692816,184,1078546,165930,6108751,159493,12005694,169388,18114445,
All CA Counties,2021-04-25,150746,29022701,98777,15199370,51894,12744710,75,1078621,80544,6121117,69693,12075387,82059,18196504,
All CA Counties,2021-04-26,305416,29328117,177677,15377047,126183,12870893,1556,1080177,133444,6089738,170886,12246273,139507,18336011,
All CA Counties,2021-04-27,373509,29701626,207290,15584337,159575,13030468,6644,1086821,151070,6029427,221204,12467477,160893,18496904,
All CA Counties,2021-04-28,359584,30061210,207735,15792072,143905,13174373,7944,1094765,148504,5978386,209856,12677333,158815,18655719,
All CA Counties,2021-04-29,368923,30430133,214179,16006251,146796,13321169,7948,1102713,136161,5892915,231460,12908793,145989,18801708,
All CA Counties,2021-04-30,381586,30811719,220005,16226256,152615,13473784,8966,1111679,145750,5815199,234421,13143214,156705,18958413,
All CA Counties,2021-05-01,248791,31060510,158774,16385030,83889,13557673,6128,1117807,90348,5756407,157500,13300714,98708,19057121,
All CA Counties,2021-05-02,117083,31177593,81828,16466858,31366,13589039,3889,1121696,40943,5725904,75704,13376418,45201,19102322,
All CA Counties,2021-05-03,254347,31431940,156086,16622944,89471,13678510,8790,1130486,77686,5637537,175732,13552150,87365,19189687,
All CA Counties,2021-05-04,333830,31765770,205169,16828113,118839,13797349,9822,1140308,98845,5513549,233841,13785991,109853,19299540,
All CA Counties,2021-05-05,338396,32104166,212008,17040121,116300,13913649,10088,1150396,95809,5379253,241265,14027256,106969,19406509,
All CA Counties,2021-05-06,355366,32459532,233251,17273372,111560,14025209,10555,1160951,90436,5219553,263193,14290449,103493,19510002,
All CA Counties,2021-05-07,352627,32812159,221501,17494873,121225,14146434,9901,1170852,96071,5071685,255098,14545547,107230,19617232,
All CA Counties,2021-05-08,233394,33045553,148861,17643734,77565,14223999,6968,1177820,64446,4976635,167939,14713486,72889,19690121,
All CA Counties,2021-05-09,95401,33140954,72321,17716055,20106,14244105,2974,1180794,25121,4935243,69933,14783419,28541,19718662,
All CA Counties,2021-05-10,206357,33347311,118442,17834497,80033,14324138,7882,1188676,51122,4841196,154364,14937783,60317,19778979,
All CA Counties,2021-05-11,274285,33621596,156573,17991070,109049,14433187,8663,1197339,72550,4723489,200727,15138510,83020,19861999,
All CA Counties,2021-05-12,271701,33893297,158579,18149649,104001,14537188,9121,1206460,72995,4609163,197597,15336107,83271,19945270,
All CA Counties,2021-05-13,316943,34210240,204903,18354552,104624,14641812,7416,1213876,119470,4542432,196281,15532388,129550,20074820,
All CA Counties,2021-05-14,340517,34550757,218674,18573226,112924,14754736,8919,1222795,132938,4480101,206277,15738665,143946,20218766,
All CA Counties,2021-05-15,280177,34830934,195793,18769019,78372,14833108,6012,1228807,115513,4438883,163734,15902399,122516,20341282,
All CA Counties,2021-05-16,141314,34972248,108350,18877369,30012,14863120,2952,1231759,57709,4416831,83125,15985524,61073,20402355,
All CA Counties,2021-05-17,240182,35212430,158215,19035584,74551,14937671,7416,1239175,95203,4376264,144059,16129583,103492,20505847,
All CA Counties,2021-05-18,281604,35494034,171877,19207461,102325,15039996,7402,1246577,109918,4324447,170545,16300128,118728,20624575,
All CA Counties,2021-05-19,275227,35769261,172028,19379489,95635,15135631,7564,1254141,112667,4284316,161485,16461613,121354,20745929,
All CA Counties,2021-05-20,263472,36032733,157515,19537004,97815,15233446,8142,1262283,100318,4232330,161983,16623596,109997,20855926,
All CA Counties,2021-05-21,282120,36314853,173534,19710538,100635,15334081,7951,1270234,106296,4173289,174521,16798117,115480,20971406,
All CA Counties,2021-05-22,204241,36519094,135218,19845756,62804,15396885,6219,1276453,87052,4151317,116380,16914497,94408,21065814,
All CA Counties,2021-05-23,89506,36608600,62728,19908484,24084,15420969,2694,1279147,38495,4142310,50580,16965077,41573,21107387,
All CA Counties,2021-05-24,171131,36779731,100542,20009026,62275,15483244,8314,1287461,64874,4110925,105425,17070502,74040,21181427,
All CA Counties,2021-05-25,189390,36969121,111190,20120216,70188,15553432,8012,1295473,71644,4075005,116704,17187206,80784,21262211,
All CA Counties,2021-05-26,184390,37153511,106155,20226371,70387,15623819,7848,1303321,71545,4043384,111725,17298931,80104,21342315,
All CA Counties,2021-05-27,172116,37325627,98409,20324780,65214,15689033,8493,1311814,69152,4019990,102109,17401040,78715,21421030,
All CA Counties,2021-05-28,188517,37514144,108733,20433513,72678,15761711,7106,1318920,81197,4003089,106326,17507366,89425,21510455,
All CA Counties,2021-05-29,106784,37620928,65543,20499056,37415,15799126,3826,1322746,49800,4000774,56438,17563804,54123,21564578,
All CA Counties,2021-05-30,46947,37667875,30983,20530039,13512,15812638,2452,1325198,20528,3997794,26175,17589979,23195,21587773,
All CA Counties,2021-05-31,19777,37687652,11643,20541682,7160,15819798,974,1326172,6427,3992120,13189,17603168,7515,21595288,
All CA Counties,2021-06-01,168104,37855756,98086,20639768,62935,15882733,7083,1333255,59396,3951777,107712,17710880,67369,21662657,
All CA Counties,2021-06-02,142525,37998281,84296,20724064,51122,15933855,7107,1340362,53760,3925442,87858,17798738,61523,21724180,
All CA Counties,2021-06-03,170623,38168904,116724,20840788,46852,15980707,7047,1347409,51770,3867263,117996,17916734,59817,21783997,
All CA Counties,2021-06-04,199092,38367996,140314,20981102,52594,16033301,6184,1353593,59427,3796108,138603,18055337,67448,21851445,
All CA Counties,2021-06-05,157171,38525167,118639,21099741,32899,16066200,5633,1359226,43527,3733357,112857,18168194,50106,21901551,
All CA Counties,2021-06-06,63630,38588797,53625,21153366,7796,16073996,2209,1361435,16809,3706648,46526,18214720,19817,21921368,
All CA Counties,2021-06-07,136270,38725067,100092,21253458,30319,16104315,5859,1367294,40031,3657626,95624,18310344,46602,21967970,
All CA Counties,2021-06-08,157942,38883009,114685,21368143,36478,16140793,6779,1374073,46800,3601997,110235,18420579,54606,22022576,
All CA Counties,2021-06-09,152017,39035026,110605,21478748,34664,16175457,6748,1380821,42069,3542591,109130,18529709,49724,22072300,
All CA Counties,2021-06-10,146407,39181433,105461,21584209,33615,16209072,7331,1388152,42878,3491042,102804,18632513,51255,22123555,
All CA Counties,2021-06-11,158682,39340115,111475,21695684,40491,16249563,6716,1394868,49254,3439385,108532,18741045,56875,22180430,
All CA Counties,2021-06-12,114693,39454808,86921,21782605,24058,16273621,3714,1398582,32708,3395033,81433,18822478,37081,22217511,
All CA Counties,2021-06-13,44653,39499461,33292,21815897,9311,16282932,2050,1400632,11103,3375271,33306,18855784,13544,22231055,
All CA Counties,2021-06-14,115063,39614524,81813,21897710,26502,16309434,6748,1407380,37742,3343662,76712,18932496,45103,22276158,
All CA Counties,2021-06-15,131526,39746050,88824,21986534,33931,16343365,8771,1416151,43956,3310562,86721,19019217,53621,22329779,
All CA Counties,2021-06-16,120627,39866677,84964,22071498,27967,16371332,7696,1423847,41472,3282066,78411,19097628,49915,22379694,
All CA Counties,2021-06-17,113961,39980638,79089,22150587,27048,16398380,7824,1431671,40214,3257724,73011,19170639,48669,22428363,
All CA Counties,2021-06-18,128385,40109023,89036,22239623,31889,16430269,7460,1439131,45987,3230404,81521,19252160,54201,22482564,
All CA Counties,2021-06-19,76368,40185391,55500,22295123,16871,16447140,3997,1443128,28607,3216359,47157,19299317,33112,22515676,
All CA Counties,2021-06-20,30608,40215999,23055,22318178,6204,16453344,1349,1444477,11503,3210535,18890,19318207,13066,22528742,
All CA Counties,2021-06-21,71044,40287043,44549,22362727,20506,16473850,5989,1450466,36437,3219254,34224,19352431,42943,22571685,
All CA Counties,2021-06-22,100147,40387190,69974,22432701,24322,16498172,5851,1456317,38994,3204192,60561,19412992,45499,22617184,
All CA Counties,2021-06-23,93523,40480713,66044,22498745,21774,16519946,5705,1462022,38127,3193791,54829,19467821,44428,22661612,
All CA Counties,2021-06-24,90655,40571368,63398,22562143,21735,16541681,5522,1467544,36707,3183272,53316,19521137,42797,22704409,
All CA Counties,2021-06-25,104436,40675804,74025,22636168,25156,16566837,5255,1472799,42645,3170595,61169,19582306,48492,22752901,
All CA Counties,2021-06-26,67334,40743138,50834,22687002,13437,16580274,3063,1475862,27752,3162742,39221,19621527,31368,22784269,
All CA Counties,2021-06-27,31382,40774520,24131,22711133,5724,16585998,1527,1477389,13400,3160085,17810,19639337,15153,22799422,
All CA Counties,2021-06-28,70072,40844592,54495,22765628,11589,16597587,3988,1481377,30866,3156555,38768,19678105,35238,22834660,
All CA Counties,2021-06-29,80753,40925345,57622,22823250,19349,16616936,3782,1485159,34395,3149407,45881,19723986,38733,22873393,
All CA Counties,2021-06-30,53777,40979122,39002,22862252,12081,16629017,2694,1487853,23371,3145653,30132,19754118,26378,22899771,
All CA and Non-CA Counties,2020-12-15,1166,1166,1166,1166,0,0,0,0,1166,1166,0,0,1166,1166,
All CA and Non-CA Counties,2020-12-16,8752,9918,8752,9918,0,0,0,0,8752,9918,0,0,8752,9918,
All CA and Non-CA Counties,2020-12-17,28143,38061,28143,38061,0,0,0,0,28137,38050,5,5,28137,38055,
All CA and Non-CA Counties,2020-12-18,47772,85833,47705,85766,67,67,0,0,47766,85810,6,11,47766,85821,
All CA and Non-CA Counties,2020-12-19,26541,112374,26514,112280,27,94,0,0,26540,112349,1,12,26540,112361,
All CA and Non-CA Counties,2020-12-20,19811,132185,19776,132056,35,129,0,0,19809,132156,2,14,19809,132170,
All CA and Non-CA Counties,2020-12-21,51967,184152,51871,183927,96,225,0,0,51964,184118,3,17,51965,184135,
All CA and Non-CA Counties,2020-12-22,52251,236403,50034,233961,2217,2442,0,0,52243,236355,6,23,52243,236378,
All CA and Non-CA Counties,2020-12-23,52289,288692,43323,277284,8966,11408,0,0,52282,288634,6,29,52285,288663,
All CA and Non-CA Counties,2020-12-24,24920,313612,16971,294255,7949,19357,0,0,24914,313544,6,35,24916,313579,
All CA and Non-CA Counties,2020-12-25,2383,315995,2053,296308,330,19687,0,0,2383,315927,0,35,2383,315962,
All CA and Non-CA Counties,2020-12-26,14946,330941,9683,305991,5263,24950,0,0,14944,330869,2,37,14944,330906,
All CA and Non-CA Counties,2020-12-27,9661,340602,5683,311674,3978,28928,0,0,9658,340524,3,40,9658,340564,
All CA and Non-CA Counties,2020-12-28,47604,388206,30504,342178,17100,46028,0,0,47600,388121,3,43,47600,388164,
All CA and Non-CA Counties,2020-12-29,52902,441108,29646,371824,23256,69284,0,0,52896,441013,4,47,52896,441060,
All CA and Non-CA Counties,2020-12-30,65091,506199,36931,408755,28160,97444,0,0,65078,506084,10,57,65081,506141,
All CA and Non-CA Counties,2020-12-31,30704,536903,11544,420299,19160,116604,0,0,30679,536742,22,79,30680,536821,
All CA and Non-CA Counties,2021-01-01,4774,541677,2140,422439,2634,119238,0,0,4766,541501,7,86,4766,541587,
All CA and Non-CA Counties,2021-01-02,18792,560469,10398,432837,8394,127632,0,0,18786,560284,3,89,18786,560373,
All CA and Non-CA Counties,2021-01-03,6375,566844,3602,436439,2773,130405,0,0,6340,566610,14,103,6340,566713,
All CA and Non-CA Counties,2021-01-04,44804,611648,22537,458976,22267,152672,0,0,44718,611287,41,144,44718,611431,
All CA and Non-CA Counties,2021-01-05,58297,669945,30754,489730,27543,180215,0,0,52438,658029,5795,5939,52537,663968,
All CA and Non-CA Counties,2021-01-06,76327,746272,42220,531950,34107,214322,0,0,59867,701666,16269,22208,59906,723874,
All CA and Non-CA Counties,2021-01-07,96940,843212,55438,587388,41502,255824,0,0,63608,732189,33148,55356,63671,787545,
All CA and Non-CA Counties,2021-01-08,111936,955148,67585,654973,44351,300175,0,0,68010,756503,43770,99126,68084,855629,
All CA and Non-CA Counties,2021-01-09,45957,1001105,26265,681238,19692,319867,0,0,28919,768443,17010,116136,28950,884579,
All CA and Non-CA Counties,2021-01-10,24792,1025897,15158,696396,9634,329501,0,0,13350,770396,11416,127552,13369,897948,
All CA and Non-CA Counties,2021-01-11,108316,1134213,71924,768320,36392,365893,0,0,62879,788079,45373,172925,63056,961004,
All CA and Non-CA Counties,2021-01-12,118163,1252376,70100,838420,48063,413956,0,0,75074,820423,42979,215904,75323,1036327,
All CA and Non-CA Counties,2021-01-13,123559,1375935,64142,902562,59417,473373,0,0,88330,873708,35140,251044,88425,1124752,
All CA and Non-CA Counties,2021-01-14,128422,1504357,51437,953999,76985,550358,0,0,107955,961504,20347,271391,108143,1232895,
All CA and Non-CA Counties,2021-01-15,146749,1651106,53133,1007132,93616,643974,0,0,130978,1077057,15660,287051,131213,1364108,
All CA and Non-CA Counties,2021-01-16,83654,1734760,27809,1034941,55845,699819,0,0,75839,1145168,7784,294835,75895,1440003,
All CA and Non-CA Counties,2021-01-17,48871,1783631,17064,1052005,31807,731626,0,0,45126,1186607,3732,298567,45171,1485174,
All CA and Non-CA Counties,2021-01-18,89667,1873298,46943,1098948,42724,774350,0,0,69772,1236740,19820,318387,69953,1555127,
All CA and Non-CA Counties,2021-01-19,146509,2019807,75097,1174045,71412,845762,0,0,114334,1319337,32071,350458,114668,1669795,
All CA and Non-CA Counties,2021-01-20,168244,2188051,86126,1260171,82118,927880,0,0,132940,1417502,35050,385508,133215,1803010,
All CA and Non-CA Counties,2021-01-21,180355,2368406,80052,1340223,100303,1028183,0,0,160051,1557879,20053,405561,160430,1963440,
All CA and Non-CA Counties,2021-01-22,175531,2543937,70931,1411154,104600,1132783,0,0,160577,1703817,14800,420361,160738,2124178,
All CA and Non-CA Counties,2021-01-23,114384,2658321,49885,1461039,64499,1197282,0,0,101529,1792690,12780,433141,101653,2225831,
All CA and Non-CA Counties,2021-01-24,61827,2720148,29680,1490719,32147,1229429,0,0,57033,1845032,4756,437897,57098,2282929,
All CA and Non-CA Counties,2021-01-25,150348,2870496,67559,1558278,82789,1312218,0,0,114016,1923258,36174,474071,114400,2397329,
All CA and Non-CA Counties,2021-01-26,175804,3046300,86174,1644452,89630,1401848,0,0,136991,2021866,38662,512733,137270,2534599,
All CA and Non-CA Counties,2021-01-27,188473,3234773,90689,1735141,97784,1499632,0,0,147862,2129698,40250,552983,148082,2682681,
All CA and Non-CA Counties,2021-01-28,194291,3429064,89924,1825065,104367,1603999,0,0,159100,2254167,34869,587852,159338,2842019,
All CA and Non-CA Counties,2021-01-29,189650,3618714,91543,1916608,98107,1702106,0,0,153676,2372711,35319,623171,153863,2995882,
All CA and Non-CA Counties,2021-01-30,128981,3747695,57944,1974552,71037,1773143,0,0,113165,2470408,15621,638792,113318,3109200,
All CA and Non-CA Counties,2021-01-31,72474,3820169,41287,2015839,31187,1804330,0,0,67328,2532719,5074,643866,67385,3176585,
All CA and Non-CA Counties,2021-02-01,168322,3988491,78636,2094475,89686,1894016,0,0,126208,2617179,41879,685745,126339,3302924,
All CA and Non-CA Counties,2021-02-02,193352,4181843,80625,2175100,112727,2006743,0,0,147507,2719403,45512,731257,147736,3450660,
All CA and Non-CA Counties,2021-02-03,220128,4401971,98416,2273516,121712,2128455,0,0,164147,2828397,55411,786668,164405,3615065,
All CA and Non-CA Counties,2021-02-04,236471,4638442,102764,2376280,133707,2262162,0,0,174054,2941021,61795,848463,174419,3789484,
All CA and Non-CA Counties,2021-02-05,254302,4892744,109159,2485439,145143,2407305,0,0,173607,3035356,79823,928286,174158,3963642,
All CA and Non-CA Counties,2021-02-06,160475,5053219,77197,2562636,83278,2490583,0,0,124991,3125606,35243,963529,125493,4089135,
All CA and Non-CA Counties,2021-02-07,69255,5122474,45149,2607785,24106,2514689,0,0,52643,3162191,16513,980042,53098,4142233,
All CA and Non-CA Counties,2021-02-08,187024,5309498,92623,2700408,94401,2609090,0,0,123921,3224268,62600,1042642,124677,4266910,
All CA and Non-CA Counties,2021-02-09,216460,5525958,104302,2804710,112158,2721248,0,0,129782,3269064,86160,1128802,130956,4397866,
All CA and Non-CA Counties,2021-02-10,255991,5781949,122306,2927016,133685,2854933,0,0,140512,3296549,114554,1243356,142039,4539905,
All CA and Non-CA Counties,2021-02-11,272098,6054047,134370,3061386,137728,2992661,0,0,147968,3323493,122851,1366207,149795,4689700,
All CA and Non-CA Counties,2021-02-12,279875,6333922,122211,3183597,157664,3150325,0,0,151031,3349089,127839,1494046,153435,4843135,
All CA and Non-CA Counties,2021-02-13,171301,6505223,78887,3262484,92414,3242739,0,0,94919,3370074,75903,1569949,96888,4940023,
All CA and Non-CA Counties,2021-02-14,97496,6602719,48356,3310840,49140,3291879,0,0,52950,3380245,44330,1614279,54501,4994524,
All CA and Non-CA Counties,2021-02-15,146102,6748821,64495,3375335,81607,3373486,0,0,80425,3398596,65211,1679490,83562,5078086,
All CA and Non-CA Counties,2021-02-16,257373,7006194,121959,3497294,135414,3508900,0,0,136474,3417773,120418,1799908,139595,5217681,
All CA and Non-CA Counties,2021-02-17,267196,7273390,133190,3630484,134006,3642906,0,0,131441,3417377,135070,1934978,134674,5352355,
All CA and Non-CA Counties,2021-02-18,282238,7555628,147580,3778064,134658,3777564,0,0,134941,3410289,146280,2081258,139192,5491547,
All CA and Non-CA Counties,2021-02-19,262864,7818492,153046,3931110,109818,3887382,0,0,134262,3419003,127639,2208897,136353,5627900,
All CA and Non-CA Counties,2021-02-20,160054,7978546,102804,4033914,57250,3944632,0,0,86678,3434840,72882,2281779,88719,5716619,
All CA and Non-CA Counties,2021-02-21,89368,8067914,72556,4106470,16812,3961444,0,0,45232,3437866,43766,2325545,46792,5763411,
All CA and Non-CA Counties,2021-02-22,172512,8240426,115803,4222273,56709,4018153,0,0,85571,3438900,86341,2411886,87375,5850786,
All CA and Non-CA Counties,2021-02-23,237008,8477434,125463,4347736,111545,4129698,0,0,109288,3427311,126897,2538783,115308,5966094,
All CA and Non-CA Counties,2021-02-24,292568,8770002,148089,4495825,144479,4274177,0,0,138034,3419151,153757,2692540,145597,6111691,
All CA and Non-CA Counties,2021-02-25,330824,9100826,163282,4659107,167542,4441719,0,0,172549,3442796,157472,2850012,181117,6292808,
All CA and Non-CA Counties,2021-02-26,365412,9466238,170744,4829851,194668,4636387,0,0,202459,3490695,161847,3011859,209746,6502554,
All CA and Non-CA Counties,2021-02-27,259994,9726232,126497,4956348,133470,4769857,27,27,146534,3528925,112755,3124614,150985,6653539,
All CA and Non-CA Counties,2021-02-28,139126,9865358,82948,5039296,56164,4826021,14,41,80529,3554217,58103,3182717,83395,6736934,
All CA and Non-CA Counties,2021-03-01,250843,10116201,133962,5173258,116738,4942759,143,184,142833,3594106,107105,3289822,146994,6883928,
All CA and Non-CA Counties,2021-03-02,297992,10414193,149620,5322878,148340,5091099,32,216,177676,3659022,119685,3409507,184601,7068529,
All CA and Non-CA Counties,2021-03-03,344656,10758849,170942,5493820,173645,5264744,69,285,197330,3717234,146500,3556007,204712,7273241,
All CA and Non-CA Counties,2021-03-04,361256,11120105,182125,5675945,179025,5443769,106,391,210577,3785141,149808,3705815,217715,7490956,
All CA and Non-CA Counties,2021-03-05,347440,11467545,170809,5846754,175482,5619251,1149,1540,215771,3878563,130764,3836579,224186,7715142,
All CA and Non-CA Counties,2021-03-06,265111,11732656,135855,5982609,121233,5740484,8023,9563,164283,3955207,100355,3936934,176999,7892141,
All CA and Non-CA Counties,2021-03-07,130780,11863436,79830,6062439,46709,5787193,4241,13804,81420,3995414,49130,3986064,89337,7981478,
All CA and Non-CA Counties,2021-03-08,225041,12088477,110414,6172853,103867,5891060,10760,24564,147545,4081662,77005,4063069,163253,8144731,
All CA and Non-CA Counties,2021-03-09,298768,12387245,143007,6315860,139502,6030562,16259,40823,167339,4138406,130873,4193942,187617,8332348,
All CA and Non-CA Counties,2021-03-10,329945,12717190,164327,6480187,140505,6171067,25113,65936,178532,4195551,150619,4344561,207764,8540112,
All CA and Non-CA Counties,2021-03-11,385835,13103025,187066,6667253,164601,6335668,34168,100104,197583,4244319,187142,4531703,235910,8776022,
All CA and Non-CA Counties,2021-03-12,405059,13508084,181950,6849203,175969,6511637,47140,147244,198634,4288779,205402,4737105,249862,9025884,
All CA and Non-CA Counties,2021-03-13,290145,13798229,127677,6976880,130790,6642427,31678,178922,157500,4350063,132079,4869184,193363,9219247,
All CA and Non-CA Counties,2021-03-14,157692,13955921,84479,7061359,57748,6700175,15465,194387,79494,4369425,77839,4947023,97201,9316448,
All CA and Non-CA Counties,2021-03-15,296520,14252441,142151,7203510,133188,6833363,21181,215568,160488,4419349,135125,5082148,185049,9501497,
All CA and Non-CA Counties,2021-03-16,380144,14632585,179589,7383099,182699,7016062,17856,233424,219672,4500461,159589,5241737,240701,9742198,
All CA and Non-CA Counties,2021-03-17,396192,15028777,197801,7580900,179294,7195356,19097,252521,245218,4617284,149984,5391721,266807,10009005,
All CA and Non-CA Counties,2021-03-18,413641,15442418,213003,7793903,181693,7377049,18945,271466,244855,4715653,167534,5559255,265903,10274908,
All CA and Non-CA Counties,2021-03-19,421699,15864117,222594,8016497,176689,7553738,22416,293882,244398,4808340,176170,5735425,268857,10543765,
All CA and Non-CA Counties,2021-03-20,302140,16166257,159193,8175690,126888,7680626,16059,309941,191473,4907489,109871,5845296,209020,10752785,
All CA and Non-CA Counties,2021-03-21,147073,16313330,101779,8277469,37659,7718285,7635,317576,88923,4947725,57714,5903010,97950,10850735,
All CA and Non-CA Counties,2021-03-22,279072,16592402,162739,8440208,104987,7823272,11346,328922,181354,5046684,96790,5999800,195749,11046484,
All CA and Non-CA Counties,2021-03-23,366458,16958860,201997,8642205,153048,7976320,11413,340335,224981,5145233,140428,6140228,238977,11285461,
All CA and Non-CA Counties,2021-03-24,397105,17355965,226952,8869157,157156,8133476,12997,353332,230799,5226201,164916,6305144,245884,11531345,
All CA and Non-CA Counties,2021-03-25,428614,17784579,235611,9104768,177567,8311043,15436,368768,243547,5303756,183613,6488757,261168,11792513,
All CA and Non-CA Counties,2021-03-26,443882,18228461,237327,9342095,190153,8501196,16402,385170,239970,5360421,202526,6691283,259191,12051704,
All CA and Non-CA Counties,2021-03-27,320360,18548821,170228,9512323,138093,8639289,12039,397209,161938,5379135,157496,6848779,176210,12227914,
All CA and Non-CA Counties,2021-03-28,173123,18721944,110900,9623223,58458,8697747,3765,400974,90641,5393729,81978,6930757,96572,12324486,
All CA and Non-CA Counties,2021-03-29,317204,19039148,170106,9793329,137599,8835346,9499,410473,176192,5441788,140128,7070885,188187,12512673,
All CA and Non-CA Counties,2021-03-30,407540,19446688,206511,9999840,182119,9017465,18910,429383,228817,5513439,177832,7248717,249483,12762156,
All CA and Non-CA Counties,2021-03-31,434920,19881608,236541,10236381,175600,9193065,22779,452162,241229,5585919,192521,7441238,265001,13027157,
All CA and Non-CA Counties,2021-04-01,502447,20384055,257649,10494030,203232,9396297,41566,493728,276301,5680283,224555,7665793,318919,13346076,
All CA and Non-CA Counties,2021-04-02,484888,20868943,236618,10730648,203655,9599952,44615,538343,262524,5768029,220980,7886773,308726,13654802,
All CA and Non-CA Counties,2021-04-03,337202,21206145,172453,10903101,121990,9721942,42759,581102,168092,5811557,168382,8055155,211910,13866712,
All CA and Non-CA Counties,2021-04-04,134578,21340723,70164,10973265,45082,9767024,19332,600434,59088,5814944,75137,8130292,78524,13945236,
All CA and Non-CA Counties,2021-04-05,359372,21700095,185092,11158357,133587,9900611,40693,641127,176294,5852161,182286,8312578,219503,14164739,
All CA and Non-CA Counties,2021-04-06,467007,22167102,236978,11395335,162615,10063226,67414,708541,225365,5906361,240601,8553179,294801,14459540,
All CA and Non-CA Counties,2021-04-07,483639,22650741,251541,11646876,160122,10223348,71976,780517,233869,5964673,248678,8801857,306990,14766530,
All CA and Non-CA Counties,2021-04-08,510343,23161084,257660,11904536,165942,10389290,86741,867258,239103,6022924,269907,9071764,328158,15094688,
All CA and Non-CA Counties,2021-04-09,505594,23666678,252085,12156621,171140,10560430,82369,949627,231669,6067170,272724,9344488,316970,15411658,
All CA and Non-CA Counties,2021-04-10,376517,24043195,171826,12328447,128234,10688664,76457,1026084,156901,6084330,218776,9563264,235936,15647594,
All CA and Non-CA Counties,2021-04-11,191588,24234783,107340,12435787,49497,10738161,34751,1060835,79026,6088724,112167,9675431,116561,15764155,
All CA and Non-CA Counties,2021-04-12,346243,24581026,178139,12613926,129191,10867352,38913,1099748,159997,6105996,185162,9860593,202434,15966589,
All CA and Non-CA Counties,2021-04-13,441337,25022363,247590,12861516,192759,11060111,988,1100736,246143,6162087,194057,10054650,250148,16216737,
All CA and Non-CA Counties,2021-04-14,461238,25483601,259098,13120614,201843,11261954,297,1101033,240299,6187579,219624,10274274,245116,16461853,
All CA and Non-CA Counties,2021-04-15,502607,25986208,293123,13413737,209173,11471127,311,1101344,280783,6251374,220143,10494417,283938,16745791,
All CA and Non-CA Counties,2021-04-16,486999,26473207,273990,13687727,212689,11683816,320,1101664,259508,6287626,226015,10720432,262267,17008058,
All CA and Non-CA Counties,2021-04-17,352337,26825544,197491,13885218,154778,11838594,68,1101732,200529,6340570,150817,10871249,203761,17211819,
All CA and Non-CA Counties,2021-04-18,163905,26989449,105333,13990551,58553,11897147,19,1101751,83946,6348091,79472,10950721,86993,17298812,
All CA and Non-CA Counties,2021-04-19,327750,27317199,188077,14178628,139572,12036719,101,1101852,155064,6333485,171639,11122360,157033,17455845,
All CA and Non-CA Counties,2021-04-20,425016,27742215,229275,14407903,195658,12232377,83,1101935,210411,6333681,213384,11335744,213580,17669425,
All CA and Non-CA Counties,2021-04-21,446970,28189185,257491,14665394,189202,12421579,277,1102212,214049,6320244,231201,11566945,217764,17887189,
All CA and Non-CA Counties,2021-04-22,463157,28652342,266114,14931508,196960,12618539,83,1102295,206038,6274055,255557,11822502,209368,18096557,
All CA and Non-CA Counties,2021-04-23,454745,29107087,260939,15192447,193713,12812252,93,1102388,206061,6236466,247127,12069629,209538,18306095,
All CA and Non-CA Counties,2021-04-24,331146,29438233,208292,15400739,122665,12934917,189,1102577,167826,6245465,162293,12231922,171292,18477387,
All CA and Non-CA Counties,2021-04-25,152985,29591218,100034,15500773,52875,12987792,76,1102653,81723,6257958,70749,12302671,83242,18560629,
All CA and Non-CA Counties,2021-04-26,309639,29900857,179575,15680348,128481,13116273,1583,1104236,135366,6226239,173175,12475846,141456,18702085,
All CA and Non-CA Counties,2021-04-27,379300,30280157,209476,15889824,162808,13279081,7016,1111252,153098,6164586,224954,12700800,163301,18865386,
All CA and Non-CA Counties,2021-04-28,364567,30644724,209894,16099718,146330,13425411,8343,1119595,150477,6112917,212851,12913651,161182,19026568,
All CA and Non-CA Counties,2021-04-29,373909,31018633,216538,16316256,148990,13574401,8381,1127976,138062,6026715,234524,13148175,148322,19174890,
All CA and Non-CA Counties,2021-04-30,386592,31405225,222449,16538705,154747,13729148,9396,1137372,147660,5948260,237503,13385678,159048,19333938,
All CA and Non-CA Counties,2021-05-01,252018,31657243,160642,16699347,84818,13813966,6558,1143930,91674,5889336,159388,13545066,100464,19434402,
All CA and Non-CA Counties,2021-05-02,118951,31776194,82921,16782268,32017,13845983,4013,1147943,41774,5858756,76736,13621802,46156,19480558,
All CA and Non-CA Counties,2021-05-03,257281,32033475,157688,16939956,90515,13936498,9078,1157021,78818,5770012,177527,13799329,88783,19569341,
All CA and Non-CA Counties,2021-05-04,337854,32371329,207348,17147304,120242,14056740,10264,1167285,100188,5645135,236513,14035842,111636,19680977,
All CA and Non-CA Counties,2021-05-05,342923,32714252,214554,17361858,117909,14174649,10460,1177745,97445,5509968,244147,14279989,108980,19789957,
All CA and Non-CA Counties,2021-05-06,359928,33074180,236061,17597919,112967,14287616,10900,1188645,92037,5349259,266148,14546137,105439,19895396,
All CA and Non-CA Counties,2021-05-07,357336,33431516,224238,17822157,122809,14410425,10289,1198934,97699,5200342,258163,14804300,109246,20004642,
All CA and Non-CA Counties,2021-05-08,236683,33668199,151088,17973245,78376,14488801,7219,1206153,65538,5104449,170126,14974426,74233,20078875,
All CA and Non-CA Counties,2021-05-09,96811,33765010,73259,18046504,20452,14509253,3100,1209253,25704,5062942,70755,15045181,29248,20108123,
All CA and Non-CA Counties,2021-05-10,208953,33973963,119640,18166144,81099,14590352,8214,1217467,52036,4968470,156037,15201218,61565,20169688,
All CA and Non-CA Counties,2021-05-11,277392,34251355,158097,18324241,110325,14700677,8970,1226437,73727,4850324,202654,15403872,84508,20254196,
All CA and Non-CA Counties,2021-05-12,274953,34526308,160161,18484402,105344,14806021,9448,1235885,74252,4735592,199586,15603458,84854,20339050,
All CA and Non-CA Counties,2021-05-13,320181,34846489,206798,18691200,105754,14911775,7629,1243514,120882,4668665,198103,15801561,131176,20470226,
All CA and Non-CA Counties,2021-05-14,344113,35190602,220707,18911907,114247,15026022,9159,1252673,134536,4606185,208266,16009827,145786,20616012,
All CA and Non-CA Counties,2021-05-15,282846,35473448,197371,19109278,79321,15105343,6154,1258827,116666,4564755,165243,16175070,123813,20739825,
All CA and Non-CA Counties,2021-05-16,143002,35616450,109440,19218718,30540,15135883,3022,1261849,58485,4542641,84034,16259104,61920,20801745,
All CA and Non-CA Counties,2021-05-17,243265,35859715,159861,19378579,75750,15211633,7654,1269503,96518,4501863,145822,16404926,105044,20906789,
All CA and Non-CA Counties,2021-05-18,284880,36144595,173537,19552116,103620,15315253,7723,1277226,111373,4450018,172352,16577278,120507,21027296,
All CA and Non-CA Counties,2021-05-19,278597,36423192,173723,19725839,97041,15412294,7833,1285059,114121,4409702,163392,16740670,123076,21150372,
All CA and Non-CA Counties,2021-05-20,266638,36689830,159270,19885109,98976,15511270,8392,1293451,101732,4357642,163723,16904393,111663,21262035,
All CA and Non-CA Counties,2021-05-21,285336,36975166,175327,20060436,101805,15613075,8204,1301655,107656,4298370,176365,17080758,117093,21379128,
All CA and Non-CA Counties,2021-05-22,207048,37182214,137057,20197493,63568,15676643,6423,1308078,88552,4276806,117677,17198435,96113,21475241,
All CA and Non-CA Counties,2021-05-23,91066,37273280,63748,20261241,24546,15701189,2772,1310850,39283,4267896,51350,17249785,42440,21517681,
All CA and Non-CA Counties,2021-05-24,173560,37446840,101707,20362948,63192,15764381,8661,1319511,65942,4236576,106775,17356560,75455,21593136,
All CA and Non-CA Counties,2021-05-25,191774,37638614,112297,20475245,71124,15835505,8353,1327864,72648,4200627,118075,17474635,82126,21675262,
All CA and Non-CA Counties,2021-05-26,186778,37825392,107258,20582503,71316,15906821,8204,1336068,72532,4168957,113118,17587753,81448,21756710,
All CA and Non-CA Counties,2021-05-27,174303,37999695,99496,20681999,66024,15972845,8783,1344851,70128,4145622,103314,17691067,79979,21836689,
All CA and Non-CA Counties,2021-05-28,190971,38190666,109967,20791966,73541,16046386,7463,1352314,82302,4128842,107668,17798735,90888,21927577,
All CA and Non-CA Counties,2021-05-29,108468,38299134,66395,20858361,37892,16084278,4181,1356495,50515,4126632,57403,17856138,55193,21982770,
All CA and Non-CA Counties,2021-05-30,47867,38347001,31546,20889907,13744,16098022,2577,1359072,20980,4123765,26639,17882777,23772,22006542,
All CA and Non-CA Counties,2021-05-31,20203,38367204,11830,20901737,7359,16105381,1014,1360086,6609,4118080,13422,17896199,7737,22014279,
All CA and Non-CA Counties,2021-06-01,170257,38537461,99222,21000959,63644,16169025,7391,1367477,60405,4077916,108850,18005049,68686,22082965,
All CA and Non-CA Counties,2021-06-02,144551,38682012,85300,21086259,51795,16220820,7456,1374933,54679,4051752,88955,18094004,62791,22145756,
All CA and Non-CA Counties,2021-06-03,172780,38854792,117911,21204170,47510,16268330,7359,1382292,52734,3993662,119182,18213186,61092,22206848,
All CA and Non-CA Counties,2021-06-04,201641,39056433,141733,21345903,53407,16321737,6501,1388793,60522,3922470,140051,18353237,68859,22275707,
All CA and Non-CA Counties,2021-06-05,158909,39215342,119849,21465752,33262,16354999,5798,1394591,44306,3859709,113812,18467049,51051,22326758,
All CA and Non-CA Counties,2021-06-06,64578,39279920,54335,21520087,7950,16362949,2293,1396884,17251,3833022,47030,18514079,20343,22347101,
All CA and Non-CA Counties,2021-06-07,138206,39418126,101137,21621224,30878,16393827,6191,1403075,40832,3783998,96758,18610837,47734,22394835,
All CA and Non-CA Counties,2021-06-08,160017,39578143,115862,21737086,37027,16430854,7128,1410203,47587,3728221,111518,18722355,55741,22450576,
All CA and Non-CA Counties,2021-06-09,154005,39732148,111793,21848879,35178,16466032,7034,1417237,42878,3668739,110299,18832654,50817,22501393,
All CA and Non-CA Counties,2021-06-10,148357,39880505,106594,21955473,34123,16500155,7640,1424877,43707,3617213,103920,18936574,52394,22553787,
All CA and Non-CA Counties,2021-06-11,160854,40041359,112724,22068197,41084,16541239,7046,1431923,50176,3565566,109775,19046349,58128,22611915,
All CA and Non-CA Counties,2021-06-12,116328,40157687,88144,22156341,24344,16565583,3840,1435763,33356,3521008,82415,19128764,37857,22649772,
All CA and Non-CA Counties,2021-06-13,45607,40203294,33942,22190283,9514,16575097,2151,1437914,11520,3501231,33839,19162603,14062,22663834,
All CA and Non-CA Counties,2021-06-14,116833,40320127,82810,22273093,26976,16602073,7047,1444961,38485,3469641,77733,19240336,46143,22709977,
All CA and Non-CA Counties,2021-06-15,133264,40453391,89784,22362877,34433,16636506,9047,1454008,44729,3436632,87679,19328015,54670,22764647,
All CA and Non-CA Counties,2021-06-16,122302,40575693,85960,22448837,28424,16664930,7918,1461926,42278,3408303,79272,19407287,50943,22815590,
All CA and Non-CA Counties,2021-06-17,115826,40691519,80123,22528960,27523,16692453,8180,1470106,41064,3384156,74022,19481309,49875,22865465,
All CA and Non-CA Counties,2021-06-18,130351,40821870,90107,22619067,32325,16724778,7919,1478025,46819,3356998,82649,19563958,55491,22920956,
All CA and Non-CA Counties,2021-06-19,77431,40899301,56203,22675270,17131,16741909,4097,1482122,29157,3343093,47666,19611624,33761,22954717,
All CA and Non-CA Counties,2021-06-20,31383,40930684,23617,22698887,6370,16748279,1396,1483518,11964,3337466,19201,19630825,13574,22968291,
All CA and Non-CA Counties,2021-06-21,72326,41003010,45192,22744079,20832,16769111,6302,1489820,37132,3346612,34805,19665630,43951,23012242,
All CA and Non-CA Counties,2021-06-22,101797,41104807,71018,22815097,24673,16793784,6106,1495926,39878,3331928,61322,19726952,46638,23058880,
All CA and Non-CA Counties,2021-06-23,95202,41200009,66965,22882062,22211,16815995,6026,1501952,38925,3321770,55703,19782655,45545,23104425,
All CA and Non-CA Counties,2021-06-24,92207,41292216,64304,22946366,22103,16838098,5800,1507752,37524,3311612,54049,19836704,43891,23148316,
All CA and Non-CA Counties,2021-06-25,106226,41398442,75050,23021416,25561,16863659,5615,1513367,43516,3299250,62083,19898787,49721,23198037,
All CA and Non-CA Counties,2021-06-26,68487,41466929,51587,23073003,13658,16877317,3242,1516609,28350,3291622,39773,19938560,32145,23230182,
All CA and Non-CA Counties,2021-06-27,32153,41499082,24730,23097733,5835,16883152,1588,1518197,13857,3289170,18122,19956682,15670,23245852,
All CA and Non-CA Counties,2021-06-28,71467,41570549,55326,23153059,11859,16895011,4282,1522479,31594,3285997,39435,19996117,36262,23282114,
All CA and Non-CA Counties,2021-06-29,82143,41652692,58490,23211549,19660,16914671,3993,1526472,35153,3279192,46507,20042624,39702,23321816,
All CA and Non-CA Counties,2021-06-30,54863,41707555,39587,23251136,12395,16927066,2881,1529353,23908,3275618,30678,20073302,27104,23348920,
Outside California,2020-12-15,9,9,9,9,0,0,0,0,9,9,0,0,9,9,Not in California
Outside California,2020-12-16,274,283,274,283,0,0,0,0,274,283,0,0,274,283,Not in California
Outside California,2020-12-17,1593,1876,1593,1876,0,0,0,0,1593,1876,0,0,1593,1876,Not in California
Outside California,2020-12-18,2535,4411,2528,4404,7,7,0,0,2534,4409,1,1,2534,4410,Not in California
Outside California,2020-12-19,1033,5444,1032,5436,1,8,0,0,1033,5442,0,1,1033,5443,Not in California
Outside California,2020-12-20,678,6122,675,6111,3,11,0,0,677,6118,1,2,677,6120,Not in California
Outside California,2020-12-21,2172,8294,2169,8280,3,14,0,0,2172,8290,0,2,2172,8292,Not in California
Outside California,2020-12-22,2060,10354,1985,10265,75,89,0,0,2060,10350,0,2,2060,10352,Not in California
Outside California,2020-12-23,1529,11883,1387,11652,142,231,0,0,1528,11877,1,3,1528,11880,Not in California
Outside California,2020-12-24,802,12685,612,12264,190,421,0,0,802,12679,0,3,802,12682,Not in California
Outside California,2020-12-25,35,12720,30,12294,5,426,0,0,35,12714,0,3,35,12717,Not in California
Outside California,2020-12-26,308,13028,208,12502,100,526,0,0,308,13022,0,3,308,13025,Not in California
Outside California,2020-12-27,189,13217,72,12574,117,643,0,0,189,13211,0,3,189,13214,Not in California
Outside California,2020-12-28,1406,14623,896,13470,510,1153,0,0,1406,14617,0,3,1406,14620,Not in California
Outside California,2020-12-29,1538,16161,1016,14486,522,1675,0,0,1538,16155,0,3,1538,16158,Not in California
Outside California,2020-12-30,1874,18035,1222,15708,652,2327,0,0,1874,18029,0,3,1874,18032,Not in California
Outside California,2020-12-31,1099,19134,596,16304,503,2830,0,0,1098,19126,1,4,1098,19130,Not in California
Outside California,2021-01-01,118,19252,28,16332,90,2920,0,0,118,19244,0,4,118,19248,Not in California
Outside California,2021-01-02,246,19498,134,16466,112,3032,0,0,245,19488,1,5,245,19493,Not in California
Outside California,2021-01-03,171,19669,92,16558,79,3111,0,0,171,19659,0,5,171,19664,Not in California
Outside California,2021-01-04,1144,20813,510,17068,634,3745,0,0,1139,20797,1,6,1139,20803,Not in California
Outside California,2021-01-05,1547,22360,819,17887,728,4473,0,0,1354,21961,191,197,1355,22158,Not in California
Outside California,2021-01-06,2664,25024,1576,19463,1088,5561,0,0,1936,23172,725,922,1936,24094,Not in California
Outside California,2021-01-07,4113,29137,2527,21990,1586,7147,0,0,2463,23991,1646,2568,2465,26559,Not in California
Outside California,2021-01-08,4479,33616,2908,24898,1571,8718,0,0,2613,24753,1854,4422,2616,29175,Not in California
Outside California,2021-01-09,1309,34925,535,25433,774,9492,0,0,982,25411,326,4748,984,30159,Not in California
Outside California,2021-01-10,316,35241,188,25621,128,9620,0,0,194,25483,122,4870,194,30353,Not in California
Outside California,2021-01-11,3262,38503,1995,27616,1267,10887,0,0,1933,26088,1328,6198,1933,32286,Not in California
Outside California,2021-01-12,3834,42337,2294,29910,1540,12427,0,0,2293,26847,1537,7735,2296,34582,Not in California
Outside California,2021-01-13,3644,45981,1785,31695,1859,14286,0,0,2464,28136,1179,8914,2468,37050,Not in California
Outside California,2021-01-14,3654,49635,1263,32958,2391,16677,0,0,3006,30511,634,9548,3009,40059,Not in California
Outside California,2021-01-15,4179,53814,995,33953,3184,19861,0,0,3702,33748,465,10013,3702,43761,Not in California
Outside California,2021-01-16,2642,56456,390,34343,2252,22113,0,0,2466,36040,174,10187,2466,46227,Not in California
Outside California,2021-01-17,504,56960,152,34495,352,22465,0,0,455,36446,49,10236,455,46682,Not in California
Outside California,2021-01-18,1187,58147,769,35264,418,22883,0,0,729,36719,457,10693,730,47412,Not in California
Outside California,2021-01-19,4093,62240,1333,36597,2760,25643,0,0,3194,39017,899,11592,3197,50609,Not in California
Outside California,2021-01-20,4427,66667,1425,38022,3002,28645,0,0,3483,41561,940,12532,3484,54093,Not in California
Outside California,2021-01-21,4226,70893,1169,39191,3057,31702,0,0,3647,44645,563,13095,3647,57740,Not in California
Outside California,2021-01-22,4605,75498,1097,40288,3508,35210,0,0,4191,48431,407,13502,4193,61933,Not in California
Outside California,2021-01-23,2268,77766,346,40634,1922,37132,0,0,2096,50358,169,13671,2096,64029,Not in California
Outside California,2021-01-24,598,78364,250,40884,348,37480,0,0,517,50794,81,13752,517,64546,Not in California
Outside California,2021-01-25,4541,82905,1975,42859,2566,40046,0,0,3670,53601,865,14617,3672,68218,Not in California
Outside California,2021-01-26,6060,88965,2931,45790,3129,43175,0,0,5196,57941,863,15480,5203,73421,Not in California
Outside California,2021-01-27,5148,94113,2739,48529,2409,45584,0,0,4503,61809,637,16117,4505,77926,Not in California
Outside California,2021-01-28,5262,99375,2830,51359,2432,48016,0,0,4719,65995,533,16650,4719,82645,Not in California
Outside California,2021-01-29,4909,104284,3056,54415,1853,49869,0,0,4095,69286,806,17456,4097,86742,Not in California
Outside California,2021-01-30,4436,108720,2423,56838,2013,51882,0,0,4200,73255,232,17688,4201,90943,Not in California
Outside California,2021-01-31,3278,111998,2851,59689,427,52309,0,0,3213,76407,63,17751,3215,94158,Not in California
Outside California,2021-02-01,5616,117614,2616,62305,3000,55309,0,0,4892,80585,714,18465,4892,99050,Not in California
Outside California,2021-02-02,6835,124449,2184,64489,4651,59960,0,0,6101,85964,722,19187,6101,105151,Not in California
Outside California,2021-02-03,7483,131932,2096,66585,5387,65347,0,0,6591,91673,883,20070,6592,111743,Not in California
Outside California,2021-02-04,6932,138864,2180,68765,4752,70099,0,0,5892,96541,1025,21095,5893,117636,Not in California
Outside California,2021-02-05,6834,145698,2233,70998,4601,74700,0,0,5732,101178,1095,22190,5732,123368,Not in California
Outside California,2021-02-06,4434,150132,2164,73162,2270,76970,0,0,3961,104679,463,22653,3964,127332,Not in California
Outside California,2021-02-07,2226,152358,1829,74991,397,77367,0,0,2138,106734,86,22739,2141,129473,Not in California
Outside California,2021-02-08,5300,157658,3338,78329,1962,79329,0,0,4241,109927,1048,23787,4241,133714,Not in California
Outside California,2021-02-09,4287,161945,1915,80244,2372,81701,0,0,2967,111599,1309,25096,2981,136695,Not in California
Outside California,2021-02-10,5672,167617,1953,82197,3719,85420,0,0,3191,112363,2468,27564,3232,139927,Not in California
Outside California,2021-02-11,4905,172522,2278,84475,2627,88047,0,0,3549,114592,1338,28902,3567,143494,Not in California
Outside California,2021-02-12,5308,177830,1973,86448,3335,91382,0,0,3440,116185,1851,30753,3444,146938,Not in California
Outside California,2021-02-13,2437,180267,738,87186,1699,93081,0,0,1853,117469,581,31334,1865,148803,Not in California
Outside California,2021-02-14,1360,181627,425,87611,935,94016,0,0,1110,118335,246,31580,1112,149915,Not in California
Outside California,2021-02-15,2652,184279,1617,89228,1035,95051,0,0,1272,118247,1363,32943,1275,151190,Not in California
Outside California,2021-02-16,6484,190763,2917,92145,3567,98618,0,0,2597,116977,3873,36816,2603,153793,Not in California
Outside California,2021-02-17,6089,196852,3111,95256,2978,101596,0,0,1853,114621,4214,41030,1858,155651,Not in California
Outside California,2021-02-18,6678,203530,3845,99101,2833,104429,0,0,2098,112177,4544,45574,2100,157751,Not in California
Outside California,2021-02-19,5907,209437,4093,103194,1814,106243,0,0,2474,111233,3420,48994,2476,160227,Not in California
Outside California,2021-02-20,3531,212968,2864,106058,667,106910,0,0,1278,110269,2244,51238,1280,161507,Not in California
Outside California,2021-02-21,3118,216086,2886,108944,232,107142,0,0,922,109013,2183,53421,927,162434,Not in California
Outside California,2021-02-22,3687,219773,2706,111650,981,108123,0,0,1677,108702,2001,55422,1690,164124,Not in California
Outside California,2021-02-23,6407,226180,3471,115121,2936,111059,0,0,2379,107140,3960,59382,2398,166522,Not in California
Outside California,2021-02-24,6517,232697,3557,118678,2960,114019,0,0,2472,105600,4017,63399,2477,168999,Not in California
Outside California,2021-02-25,6935,239632,3509,122187,3426,117445,0,0,3074,104855,3823,67222,3078,172077,Not in California
Outside California,2021-02-26,6880,246512,3626,125813,3254,120699,0,0,3080,104226,3710,70932,3081,175158,Not in California
Outside California,2021-02-27,5482,251994,2765,128578,2716,123415,1,1,1884,102532,3582,74514,1888,177046,Not in California
Outside California,2021-02-28,2446,254440,1770,130348,675,124090,1,2,804,101701,1638,76152,807,177853,Not in California
Outside California,2021-03-01,4985,259425,3160,133508,1824,125914,1,3,1362,99459,3610,79762,1368,179221,Not in California
Outside California,2021-03-02,6740,266165,2494,136002,4246,130160,0,3,2072,96881,4652,84414,2074,181295,Not in California
Outside California,2021-03-03,7963,274128,3135,139137,4826,134986,2,5,2698,94343,5241,89655,2703,183998,Not in California
Outside California,2021-03-04,6836,280964,2902,142039,3928,138914,6,11,2314,92164,4501,94156,2322,186320,Not in California
Outside California,2021-03-05,5292,286256,2671,144710,2606,141520,15,26,2738,92385,2540,96696,2761,189081,Not in California
Outside California,2021-03-06,4604,290860,2142,146852,2308,143828,154,180,2334,92615,2267,98963,2497,191578,Not in California
Outside California,2021-03-07,1609,292469,1032,147884,521,144349,56,236,974,93016,631,99594,1032,192610,Not in California
Outside California,2021-03-08,3140,295609,1863,149747,1028,145377,249,485,2219,94601,891,100485,2476,195086,Not in California
Outside California,2021-03-09,4716,300325,2419,152166,1982,147359,315,800,2784,95775,1925,102410,3099,198185,Not in California
Outside California,2021-03-10,4477,304802,2145,154311,1819,149178,513,1313,2724,97277,1742,104152,3244,201429,Not in California
Outside California,2021-03-11,6228,311030,3183,157494,2363,151541,682,1995,3301,98341,2919,107071,3983,205412,Not in California
Outside California,2021-03-12,6502,317532,3902,161396,1873,153414,727,2722,3554,99686,2936,110007,4281,209693,Not in California
Outside California,2021-03-13,3831,321363,2202,163598,1155,154569,474,3196,2599,101537,1221,111228,3072,212765,Not in California
Outside California,2021-03-14,1800,323163,928,164526,532,155101,340,3536,981,102041,818,112046,1322,214087,Not in California
Outside California,2021-03-15,4046,327209,2117,166643,1457,156558,472,4008,2147,102775,1888,113934,2622,216709,Not in California
Outside California,2021-03-16,7553,334762,4379,171022,2783,159341,391,4399,4185,103987,3358,117292,4570,221279,Not in California
Outside California,2021-03-17,8480,343242,5499,176521,2600,161941,381,4780,5084,106066,3387,120679,5466,226745,Not in California
Outside California,2021-03-18,8345,351587,5155,181676,2643,164584,547,5327,4803,107885,3531,124210,5350,232095,Not in California
Outside California,2021-03-19,7342,358929,4360,186036,2436,167020,546,5873,4375,109853,2957,127167,4925,237020,Not in California
Outside California,2021-03-20,4765,363694,3141,189177,1533,168553,91,5964,3637,112467,1115,128282,3729,240749,Not in California
Outside California,2021-03-21,2096,365790,1436,190613,571,169124,89,6053,1669,113800,424,128706,1757,242506,Not in California
Outside California,2021-03-22,3275,369065,1982,192595,1205,170329,88,6141,2245,115109,1023,129729,2332,244838,Not in California
Outside California,2021-03-23,6099,375164,3108,195703,2688,173017,303,6444,4120,117574,1958,131687,4423,249261,Not in California
Outside California,2021-03-24,7338,382502,3762,199465,3127,176144,449,6893,5046,120785,2282,133969,5493,254754,Not in California
Outside California,2021-03-25,8249,390751,3820,203285,3903,180047,526,7419,5980,125043,2253,136222,6511,261265,Not in California
Outside California,2021-03-26,6688,397439,3536,206821,2973,183020,179,7598,4407,127374,2253,138475,4584,265849,Not in California
Outside California,2021-03-27,5546,402985,3107,209928,2222,185242,217,7815,3480,129013,2055,140530,3694,269543,Not in California
Outside California,2021-03-28,3078,406063,1648,211576,1269,186511,161,7976,1984,130070,1088,141618,2145,271688,Not in California
Outside California,2021-03-29,5197,411260,2305,213881,2545,189056,347,8323,2968,131164,2221,143839,3315,275003,Not in California
Outside California,2021-03-30,6892,418152,3625,217506,2698,191754,569,8892,4074,133008,2806,146645,4650,279653,Not in California
Outside California,2021-03-31,6370,424522,3801,221307,1784,193538,785,9677,3381,134189,2981,149626,4162,283815,Not in California
Outside California,2021-04-01,7601,432123,4557,225864,2386,195924,658,10335,4405,136055,3186,152812,5052,288867,Not in California
Outside California,2021-04-02,8454,440577,4494,230358,2819,198743,1141,11476,4373,137491,4072,156884,5508,294375,Not in California
Outside California,2021-04-03,6296,446873,3775,234133,1362,200105,1159,12635,3348,139059,2938,159822,4506,298881,Not in California
Outside California,2021-04-04,1784,448657,881,235014,663,200768,240,12875,973,139459,810,160632,1210,300091,Not in California
Outside California,2021-04-05,4162,452819,2016,237030,1473,202241,673,13548,1986,139948,2167,162799,2656,302747,Not in California
Outside California,2021-04-06,7184,460003,3857,240887,1679,203920,1648,15196,2872,140171,4292,167091,4515,307262,Not in California
Outside California,2021-04-07,8267,468270,4651,245538,1911,205831,1705,16901,3200,140013,5054,172145,4896,312158,Not in California
Outside California,2021-04-08,8284,476554,4355,249893,1985,207816,1944,18845,3307,140285,4964,177109,5236,317394,Not in California
Outside California,2021-04-09,7596,484150,3889,253782,1737,209553,1970,20815,2905,140482,4675,181784,4872,322266,Not in California
Outside California,2021-04-10,6121,490271,2994,256776,1264,210817,1863,22678,1679,139583,4430,186214,3531,325797,Not in California
Outside California,2021-04-11,2869,493140,1565,258341,655,211472,649,23327,973,139308,1893,188107,1618,327415,Not in California
Outside California,2021-04-12,4189,497329,2346,260687,1280,212752,563,23890,1863,139418,2316,190423,2426,329841,Not in California
Outside California,2021-04-13,5847,503176,3738,264425,2084,214836,25,23915,3024,139650,2817,193240,3049,332890,Not in California
Outside California,2021-04-14,5487,508663,3528,267953,1955,216791,4,23919,3030,140235,2449,195689,3034,335924,Not in California
Outside California,2021-04-15,6175,514838,3891,271844,2278,219069,6,23925,3320,140760,2802,198491,3327,339251,Not in California
Outside California,2021-04-16,5955,520793,3416,275260,2532,221601,7,23932,3323,141477,2616,201107,3333,342584,Not in California
Outside California,2021-04-17,5546,526339,3492,278752,2053,223654,1,23933,3211,142365,2323,203430,3211,345795,Not in California
Outside California,2021-04-18,2197,528536,1262,280014,934,224588,1,23934,1075,142327,1116,204546,1078,346873,Not in California
Outside California,2021-04-19,4173,532709,2006,282020,2166,226754,1,23935,2147,142463,2015,206561,2151,349024,Not in California
Outside California,2021-04-20,5509,538218,2558,284578,2951,229705,0,23935,2283,141533,3213,209774,2283,351307,Not in California
Outside California,2021-04-21,6672,544890,2901,287479,3765,233470,6,23941,2457,139803,4194,213968,2464,353771,Not in California
Outside California,2021-04-22,6960,551850,3598,291077,3360,236830,2,23943,2580,138020,4366,218334,2583,356354,Not in California
Outside California,2021-04-23,5973,557823,3072,294149,2900,239730,1,23944,2480,137028,3475,221809,2483,358837,Not in California
Outside California,2021-04-24,4674,562497,3051,297200,1618,241348,5,23949,1880,136130,2786,224595,1888,360725,Not in California
Outside California,2021-04-25,2220,564717,1249,298449,970,242318,1,23950,1172,136262,1044,225639,1176,361901,Not in California
Outside California,2021-04-26,4193,568910,1880,300329,2286,244604,27,23977,1910,135927,2272,227911,1937,363838,Not in California
Outside California,2021-04-27,5761,574671,2169,302498,3221,247825,371,24348,2018,134593,3731,231642,2397,366235,Not in California
Outside California,2021-04-28,4955,579626,2140,304638,2418,250243,397,24745,1965,133975,2975,234617,2357,368592,Not in California
Outside California,2021-04-29,4951,584577,2336,306974,2182,252425,433,25178,1885,133249,3043,237660,2317,370909,Not in California
Outside California,2021-04-30,4975,589552,2428,309402,2122,254547,425,25603,1894,132505,3066,240726,2322,373231,Not in California
Outside California,2021-05-01,3200,592752,1848,311250,922,255469,430,26033,1311,132369,1877,242603,1741,374972,Not in California
Outside California,2021-05-02,1854,594606,1087,312337,644,256113,123,26156,826,132294,1024,243627,949,375921,Not in California
Outside California,2021-05-03,2911,597517,1586,313923,1040,257153,285,26441,1126,131926,1778,245405,1410,377331,Not in California
Outside California,2021-05-04,4006,601523,2170,316093,1398,258551,438,26879,1338,131042,2658,248063,1774,379105,Not in California
Outside California,2021-05-05,4502,606025,2536,318629,1595,260146,371,27250,1625,130173,2868,250931,1999,381104,Not in California
Outside California,2021-05-06,4528,610553,2789,321418,1401,261547,338,27588,1590,129170,2931,253862,1928,383032,Not in California
Outside California,2021-05-07,4682,615235,2724,324142,1574,263121,384,27972,1618,128125,3047,256909,2002,385034,Not in California
Outside California,2021-05-08,3275,618510,2218,326360,808,263929,249,28221,1087,127283,2179,259088,1337,386371,Not in California
Outside California,2021-05-09,1393,619903,934,327294,337,264266,122,28343,575,127165,813,259901,695,387066,Not in California
Outside California,2021-05-10,2575,622478,1187,328481,1059,265325,329,28672,911,126750,1657,261558,1242,388308,Not in California
Outside California,2021-05-11,3090,625568,1515,329996,1272,266597,303,28975,1168,126306,1919,263477,1475,389783,Not in California
Outside California,2021-05-12,3238,628806,1573,331569,1339,267936,326,29301,1253,125904,1980,265457,1578,391361,Not in California
Outside California,2021-05-13,3220,632026,1883,333452,1129,269065,208,29509,1401,125700,1813,267270,1609,392970,Not in California
Outside California,2021-05-14,3573,635599,2015,335467,1319,270384,239,29748,1586,125549,1979,269249,1828,394798,Not in California
Outside California,2021-05-15,2647,638246,1558,337025,947,271331,142,29890,1139,125332,1500,270749,1283,396081,Not in California
Outside California,2021-05-16,1663,639909,1073,338098,521,271852,69,29959,762,125266,898,271647,832,396913,Not in California
Outside California,2021-05-17,3061,642970,1630,339728,1195,273047,236,30195,1307,125058,1750,273397,1542,398455,Not in California
Outside California,2021-05-18,3245,646215,1641,341369,1285,274332,319,30514,1437,125023,1794,275191,1759,400214,Not in California
Outside California,2021-05-19,3340,649555,1673,343042,1399,275731,268,30782,1444,124846,1888,277079,1711,401925,Not in California
Outside California,2021-05-20,3147,652702,1740,344782,1158,276889,249,31031,1404,124769,1732,278811,1655,403580,Not in California
Outside California,2021-05-21,3192,655894,1780,346562,1163,278052,249,31280,1350,124539,1829,280640,1599,405179,Not in California
Outside California,2021-05-22,2781,658675,1817,348379,761,278813,203,31483,1489,124947,1285,281925,1693,406872,Not in California
Outside California,2021-05-23,1550,660225,1013,349392,459,279272,78,31561,782,125042,766,282691,861,407733,Not in California
Outside California,2021-05-24,2419,662644,1159,350551,914,280186,346,31907,1063,125106,1345,284036,1409,409142,Not in California
Outside California,2021-05-25,2363,665007,1097,351648,931,281117,335,32242,997,125077,1358,285394,1329,410471,Not in California
Outside California,2021-05-26,2378,667385,1096,352744,927,282044,355,32597,984,125031,1386,286780,1340,411811,Not in California
Outside California,2021-05-27,2165,669550,1072,353816,805,282849,288,32885,970,125097,1190,287970,1256,413067,Not in California
Outside California,2021-05-28,2432,671982,1222,355038,858,283707,352,33237,1093,125211,1332,289302,1446,414513,Not in California
Outside California,2021-05-29,1655,673637,829,355867,471,284178,355,33592,692,125299,959,290261,1047,415560,Not in California
Outside California,2021-05-30,913,674550,559,356426,230,284408,124,33716,449,125412,460,290721,573,416133,Not in California
Outside California,2021-05-31,425,674975,186,356612,199,284607,40,33756,182,125402,232,290953,222,416355,Not in California
Outside California,2021-06-01,2125,677100,1120,357732,703,285310,302,34058,998,125580,1122,292075,1300,417655,Not in California
Outside California,2021-06-02,2018,679118,1000,358732,669,285979,349,34407,916,125753,1092,293167,1265,418920,Not in California
Outside California,2021-06-03,2140,681258,1171,359903,657,286636,312,34719,956,125843,1177,294344,1267,420187,Not in California
Outside California,2021-06-04,2521,683779,1401,361304,803,287439,317,35036,1079,125802,1436,295780,1395,421582,Not in California
Outside California,2021-06-05,1708,685487,1189,362493,355,287794,164,35200,763,125789,941,296721,928,422510,Not in California
Outside California,2021-06-06,922,686409,692,363185,149,287943,81,35281,433,125816,487,297208,514,423024,Not in California
Outside California,2021-06-07,1917,688326,1037,364222,551,288494,329,35610,793,125814,1123,298331,1121,424145,Not in California
Outside California,2021-06-08,2059,690385,1169,365391,544,289038,346,35956,782,125669,1272,299603,1127,425272,Not in California
Outside California,2021-06-09,1961,692346,1171,366562,505,289543,285,36241,795,125590,1157,300760,1078,426350,Not in California
Outside California,2021-06-10,1936,694282,1122,367684,505,290048,309,36550,823,125615,1108,301868,1133,427483,Not in California
Outside California,2021-06-11,2166,696448,1245,368929,592,290640,329,36879,918,125622,1241,303109,1248,428731,Not in California
Outside California,2021-06-12,1622,698070,1214,370143,282,290922,126,37005,640,125413,977,304086,768,429499,Not in California
Outside California,2021-06-13,944,699014,644,370787,199,291121,101,37106,414,125402,526,304612,515,430014,Not in California
Outside California,2021-06-14,1763,700777,991,371778,473,291594,299,37405,740,125422,1017,305629,1037,431051,Not in California
Outside California,2021-06-15,1716,702493,947,372725,493,292087,276,37681,765,125518,945,306574,1041,432092,Not in California
Outside California,2021-06-16,1669,704162,993,373718,454,292541,222,37903,801,125681,860,307434,1023,433115,Not in California
Outside California,2021-06-17,1849,706011,1024,374742,471,293012,354,38257,838,125865,1008,308442,1192,434307,Not in California
Outside California,2021-06-18,1951,707962,1060,375802,432,293444,459,38716,824,126026,1121,309563,1282,435589,Not in California
Outside California,2021-06-19,1050,709012,692,376494,259,293703,99,38815,548,126174,498,310061,646,436235,Not in California
Outside California,2021-06-20,767,709779,556,377050,165,293868,46,38861,458,126372,306,310367,504,436739,Not in California
Outside California,2021-06-21,1270,711049,635,377685,322,294190,313,39174,688,126797,576,310943,1001,437740,Not in California
Outside California,2021-06-22,1632,712681,1032,378717,345,294535,255,39429,870,127165,757,311700,1125,438865,Not in California
Outside California,2021-06-23,1670,714351,917,379634,433,294968,320,39749,792,127404,871,312571,1110,439975,Not in California
Outside California,2021-06-24,1541,715892,901,380535,363,295331,277,40026,811,127763,728,313299,1087,441062,Not in California
Outside California,2021-06-25,1777,717669,1013,381548,404,295735,360,40386,863,128074,910,314209,1221,442283,Not in California
Outside California,2021-06-26,1141,718810,741,382289,221,295956,179,40565,588,128291,550,314759,767,443050,Not in California
Outside California,2021-06-27,748,719558,581,382870,108,296064,59,40624,445,128493,301,315060,503,443553,Not in California
Outside California,2021-06-28,1380,720938,819,383689,267,296331,294,40918,717,128843,663,315723,1013,444566,Not in California
Outside California,2021-06-29,1382,722320,862,384551,309,296640,211,41129,751,129180,625,316348,962,445528,Not in California
Outside California,2021-06-30,1071,723391,571,385122,313,296953,187,41316,531,129363,537,316885,720,446248,Not in California
Unknown,2020-12-17,2,2,2,2,0,0,0,0,0,0,0,0,0,0,Not in California
Unknown,2020-12-18,1,3,1,3,0,0,0,0,0,0,0,0,0,0,Not in California
Unknown,2020-12-21,4,7,4,7,0,0,0,0,0,0,0,0,0,0,Not in California
Unknown,2020-12-28,4,11,4,11,0,0,0,0,3,3,0,0,3,3,Not in California
Unknown,2020-12-29,5,16,4,15,1,1,0,0,6,9,0,0,6,9,Not in California
Unknown,2020-12-30,54,70,54,69,0,1,0,0,54,63,0,0,54,63,Not in California
Unknown,2020-12-31,1,71,0,69,1,2,0,0,0,63,0,0,0,63,Not in California
Unknown,2021-01-02,1,72,0,69,1,3,0,0,1,64,0,0,1,64,Not in California
Unknown,2021-01-04,3,75,3,72,0,3,0,0,2,66,0,0,2,66,Not in California
Unknown,2021-01-06,4,79,2,74,2,5,0,0,4,70,0,0,4,70,Not in California
Unknown,2021-01-07,69,148,68,142,1,6,0,0,68,138,0,0,68,138,Not in California
Unknown,2021-01-08,1,149,0,142,1,7,0,0,3,141,0,0,3,141,Not in California
Unknown,2021-01-09,2,151,2,144,0,7,0,0,3,144,0,0,3,144,Not in California
Unknown,2021-01-11,20,171,20,164,0,7,0,0,20,164,0,0,20,164,Not in California
Unknown,2021-01-12,11,182,10,174,1,8,0,0,9,173,1,1,10,174,Not in California
Unknown,2021-01-13,10,192,10,184,0,8,0,0,11,184,0,1,11,185,Not in California
Unknown,2021-01-14,3,195,3,187,0,8,0,0,3,187,0,1,3,188,Not in California
Unknown,2021-01-15,7,202,6,193,1,9,0,0,7,194,0,1,7,195,Not in California
Unknown,2021-01-16,7,209,7,200,0,9,0,0,7,201,0,1,7,202,Not in California
Unknown,2021-01-17,4,213,4,204,0,9,0,0,4,205,0,1,4,206,Not in California
Unknown,2021-01-18,55,268,55,259,0,9,0,0,53,256,2,3,53,259,Not in California
Unknown,2021-01-19,25,293,25,284,0,9,0,0,20,273,3,6,20,279,Not in California
Unknown,2021-01-20,81,374,81,365,0,9,0,0,29,249,53,59,29,308,Not in California
Unknown,2021-01-21,54,428,52,417,2,11,0,0,55,303,1,60,55,363,Not in California
Unknown,2021-01-22,35,463,31,448,4,15,0,0,35,338,0,60,35,398,Not in California
Unknown,2021-01-23,11,474,7,455,4,19,0,0,11,349,0,60,11,409,Not in California
Unknown,2021-01-24,2,476,2,457,0,19,0,0,3,352,0,60,3,412,Not in California
Unknown,2021-01-25,20,496,17,474,3,22,0,0,17,366,3,63,17,429,Not in California
Unknown,2021-01-26,86,582,85,559,1,23,0,0,88,453,1,64,88,517,Not in California
Unknown,2021-01-27,17,599,17,576,0,23,0,0,16,468,1,65,16,533,Not in California
Unknown,2021-01-28,151,750,149,725,2,25,0,0,94,502,60,125,94,627,Not in California
Unknown,2021-01-29,140,890,140,865,0,25,0,0,144,645,1,126,144,771,Not in California
Unknown,2021-01-30,12,902,10,875,2,27,0,0,14,657,2,128,14,785,Not in California
Unknown,2021-01-31,15,917,15,890,0,27,0,0,16,673,0,128,16,801,Not in California
Unknown,2021-02-01,36,953,34,924,2,29,0,0,19,673,19,147,19,820,Not in California
Unknown,2021-02-02,65,1018,64,988,1,30,0,0,57,723,7,154,57,877,Not in California
Unknown,2021-02-03,44,1062,43,1031,1,31,0,0,32,744,11,165,32,909,Not in California
Unknown,2021-02-04,59,1121,54,1085,5,36,0,0,53,791,6,171,53,962,Not in California
Unknown,2021-02-05,20,1141,16,1101,4,40,0,0,15,801,5,176,15,977,Not in California
Unknown,2021-02-06,15,1156,15,1116,0,40,0,0,10,805,6,182,10,987,Not in California
Unknown,2021-02-07,9,1165,9,1125,0,40,0,0,7,810,2,184,7,994,Not in California
Unknown,2021-02-08,56,1221,53,1178,3,43,0,0,15,784,41,225,15,1009,Not in California
Unknown,2021-02-09,19,1240,19,1197,0,43,0,0,4,773,15,240,4,1013,Not in California
Unknown,2021-02-10,34,1274,30,1227,4,47,0,0,9,757,25,265,9,1022,Not in California
Unknown,2021-02-11,88,1362,87,1314,1,48,0,0,44,755,46,311,44,1066,Not in California
Unknown,2021-02-12,44,1406,36,1350,8,56,0,0,13,737,31,342,13,1079,Not in California
Unknown,2021-02-13,12,1418,5,1355,7,63,0,0,8,741,4,346,8,1087,Not in California
Unknown,2021-02-14,7,1425,2,1357,5,68,0,0,4,743,2,348,4,1091,Not in California
Unknown,2021-02-15,44,1469,38,1395,6,74,0,0,28,757,14,362,28,1119,Not in California
Unknown,2021-02-16,113,1582,103,1498,10,84,0,0,32,709,81,443,33,1152,Not in California
Unknown,2021-02-17,13,1595,11,1509,2,86,0,0,8,709,8,451,8,1160,Not in California
Unknown,2021-02-18,103,1698,98,1607,5,91,0,0,17,640,86,537,17,1177,Not in California
Unknown,2021-02-19,185,1883,180,1787,5,96,0,0,46,548,138,675,46,1223,Not in California
Unknown,2021-02-20,8,1891,6,1793,2,98,0,0,2,544,6,681,2,1225,Not in California
Unknown,2021-02-21,15,1906,15,1808,0,98,0,0,1,531,14,695,1,1226,Not in California
Unknown,2021-02-22,9,1915,9,1817,0,98,0,0,5,532,4,699,5,1231,Not in California
Unknown,2021-02-23,62,1977,51,1868,11,109,0,0,15,501,46,745,15,1246,Not in California
Unknown,2021-02-24,39,2016,31,1899,8,117,0,0,14,490,25,770,14,1260,Not in California
Unknown,2021-02-25,67,2083,54,1953,13,130,0,0,24,470,44,814,24,1284,Not in California
Unknown,2021-02-26,38,2121,24,1977,14,144,0,0,21,476,15,829,21,1305,Not in California
Unknown,2021-02-27,23,2144,17,1994,6,150,0,0,11,479,8,837,11,1316,Not in California
Unknown,2021-02-28,18,2162,13,2007,5,155,0,0,11,485,5,842,11,1327,Not in California
Unknown,2021-03-01,44,2206,26,2033,18,173,0,0,24,490,19,861,24,1351,Not in California
Unknown,2021-03-02,21,2227,10,2043,11,184,0,0,12,496,6,867,12,1363,Not in California
Unknown,2021-03-03,14,2241,10,2053,4,188,0,0,10,503,3,870,10,1373,Not in California
Unknown,2021-03-04,47,2288,44,2097,3,191,0,0,17,490,30,900,17,1390,Not in California
Unknown,2021-03-05,25,2313,15,2112,10,201,0,0,22,506,6,906,22,1412,Not in California
Unknown,2021-03-06,20,2333,12,2124,6,207,2,2,16,520,4,910,18,1430,Not in California
Unknown,2021-03-07,1,2334,1,2125,0,207,0,2,2,522,0,910,2,1432,Not in California
Unknown,2021-03-08,31,2365,22,2147,7,214,2,4,7,506,25,935,9,1441,Not in California
Unknown,2021-03-09,38,2403,31,2178,3,217,4,8,10,491,29,964,14,1455,Not in California
Unknown,2021-03-10,14,2417,10,2188,1,218,3,11,6,491,9,973,9,1464,Not in California
Unknown,2021-03-11,30,2447,13,2201,3,221,14,25,7,490,22,995,21,1485,Not in California
Unknown,2021-03-12,62,2509,47,2248,10,231,5,30,11,457,49,1044,16,1501,Not in California
Unknown,2021-03-13,15,2524,4,2252,7,238,4,34,6,457,10,1054,10,1511,Not in California
Unknown,2021-03-14,14,2538,6,2258,6,244,2,36,5,456,8,1062,7,1518,Not in California
Unknown,2021-03-15,34,2572,14,2272,18,262,2,38,24,470,12,1074,26,1544,Not in California
Unknown,2021-03-16,50,2622,23,2295,23,285,4,42,30,484,20,1094,34,1578,Not in California
Unknown,2021-03-17,39,2661,16,2311,22,307,1,43,34,515,4,1098,35,1613,Not in California
Unknown,2021-03-18,33,2694,20,2331,13,320,0,43,20,523,12,1110,20,1633,Not in California
Unknown,2021-03-19,29,2723,19,2350,10,330,0,43,23,538,8,1118,23,1656,Not in California
Unknown,2021-03-20,28,2751,15,2365,13,343,0,43,15,542,11,1129,15,1671,Not in California
Unknown,2021-03-21,16,2767,10,2375,6,349,0,43,12,551,3,1132,12,1683,Not in California
Unknown,2021-03-22,35,2802,19,2394,15,364,1,44,17,557,12,1144,18,1701,Not in California
Unknown,2021-03-23,25,2827,10,2404,10,374,5,49,12,563,11,1155,17,1718,Not in California
Unknown,2021-03-24,21,2848,8,2412,13,387,0,49,14,570,7,1162,14,1732,Not in California
Unknown,2021-03-25,38,2886,25,2437,13,400,0,49,24,581,13,1175,24,1756,Not in California
Unknown,2021-03-26,36,2922,20,2457,11,411,5,54,18,589,15,1190,23,1779,Not in California
Unknown,2021-03-27,32,2954,15,2472,14,425,3,57,18,593,17,1207,21,1800,Not in California
Unknown,2021-03-28,18,2972,9,2481,9,434,0,57,12,600,5,1212,12,1812,Not in California
Unknown,2021-03-29,40,3012,19,2500,21,455,0,57,24,612,12,1224,24,1836,Not in California
Unknown,2021-03-30,41,3053,26,2526,15,470,0,57,24,621,15,1239,24,1860,Not in California
Unknown,2021-03-31,37,3090,22,2548,14,484,1,58,26,636,12,1251,27,1887,Not in California
Unknown,2021-04-01,25,3115,15,2563,7,491,3,61,16,647,8,1259,19,1906,Not in California
Unknown,2021-04-02,42,3157,20,2583,13,504,9,70,16,646,26,1285,25,1931,Not in California
Unknown,2021-04-03,20,3177,10,2593,10,514,0,70,14,650,10,1295,14,1945,Not in California
Unknown,2021-04-04,15,3192,4,2597,11,525,0,70,9,654,5,1300,9,1954,Not in California
Unknown,2021-04-05,34,3226,20,2617,13,538,1,71,16,654,17,1317,17,1971,Not in California
Unknown,2021-04-06,24,3250,16,2633,7,545,1,72,12,655,12,1329,13,1984,Not in California
Unknown,2021-04-07,38,3288,26,2659,11,556,1,73,26,670,11,1340,26,2010,Not in California
Unknown,2021-04-08,36,3324,23,2682,7,563,6,79,16,671,21,1361,22,2032,Not in California
Unknown,2021-04-09,33,3357,23,2705,10,573,0,79,22,682,11,1372,22,2054,Not in California
Unknown,2021-04-10,11,3368,9,2714,1,574,1,80,5,681,7,1379,6,2060,Not in California
Unknown,2021-04-11,11,3379,7,2721,4,578,0,80,5,681,5,1384,5,2065,Not in California
Unknown,2021-04-12,37,3416,20,2741,16,594,1,81,17,677,22,1406,18,2083,Not in California
Unknown,2021-04-13,47,3463,28,2769,19,613,0,81,17,666,28,1434,17,2100,Not in California
Unknown,2021-04-14,30,3493,9,2778,21,634,0,81,6,648,24,1458,6,2106,Not in California
Unknown,2021-04-15,32,3525,17,2795,14,648,1,82,11,637,22,1480,11,2117,Not in California
Unknown,2021-04-16,26,3551,16,2811,10,658,0,82,10,631,16,1496,10,2127,Not in California
Unknown,2021-04-17,24,3575,15,2826,9,667,0,82,8,625,15,1511,9,2136,Not in California
Unknown,2021-04-18,19,3594,7,2833,12,679,0,82,8,621,12,1523,8,2144,Not in California
Unknown,2021-04-19,35,3629,22,2855,13,692,0,82,14,615,20,1543,14,2158,Not in California
Unknown,2021-04-20,26,3655,16,2871,10,702,0,82,6,601,20,1563,6,2164,Not in California
Unknown,2021-04-21,40,3695,20,2891,20,722,0,82,16,592,25,1588,16,2180,Not in California
Unknown,2021-04-22,24,3719,16,2907,8,730,0,82,6,581,17,1605,6,2186,Not in California
Unknown,2021-04-23,31,3750,16,2923,15,745,0,82,15,582,14,1619,15,2201,Not in California
Unknown,2021-04-24,31,3781,23,2946,8,753,0,82,16,584,14,1633,16,2217,Not in California
Unknown,2021-04-25,19,3800,8,2954,11,764,0,82,7,579,12,1645,7,2224,Not in California
Unknown,2021-04-26,30,3830,18,2972,12,776,0,82,12,574,17,1662,12,2236,Not in California
Unknown,2021-04-27,30,3860,17,2989,12,788,1,83,10,566,19,1681,11,2247,Not in California
Unknown,2021-04-28,28,3888,19,3008,7,795,2,85,8,556,20,1701,10,2257,Not in California
Unknown,2021-04-29,35,3923,23,3031,12,807,0,85,16,551,21,1722,16,2273,Not in California
Unknown,2021-04-30,31,3954,16,3047,10,817,5,90,16,556,16,1738,21,2294,Not in California
Unknown,2021-05-01,27,3981,20,3067,7,824,0,90,15,560,11,1749,15,2309,Not in California
Unknown,2021-05-02,14,3995,6,3073,7,831,1,91,5,558,8,1757,6,2315,Not in California
Unknown,2021-05-03,23,4018,16,3089,4,835,3,94,6,549,17,1774,8,2323,Not in California
Unknown,2021-05-04,18,4036,9,3098,5,840,4,98,5,544,14,1788,9,2332,Not in California
Unknown,2021-05-05,25,4061,10,3108,14,854,1,99,11,542,14,1802,12,2344,Not in California
Unknown,2021-05-06,34,4095,21,3129,6,860,7,106,11,536,24,1826,18,2362,Not in California
Unknown,2021-05-07,27,4122,13,3142,10,870,4,110,10,532,18,1844,14,2376,Not in California
Unknown,2021-05-08,14,4136,9,3151,3,873,2,112,5,531,8,1852,7,2383,Not in California
Unknown,2021-05-09,17,4153,4,3155,9,882,4,116,8,534,9,1861,12,2395,Not in California
Unknown,2021-05-10,21,4174,11,3166,7,889,3,119,3,524,16,1877,6,2401,Not in California
Unknown,2021-05-11,17,4191,9,3175,4,893,4,123,9,529,8,1885,13,2414,Not in California
Unknown,2021-05-12,14,4205,9,3184,4,897,1,124,4,525,9,1894,5,2419,Not in California
Unknown,2021-05-13,18,4223,12,3196,1,898,5,129,11,533,9,1903,17,2436,Not in California
Unknown,2021-05-14,23,4246,18,3214,4,902,1,130,12,535,10,1913,12,2448,Not in California
Unknown,2021-05-15,22,4268,20,3234,2,904,0,130,14,540,9,1922,14,2462,Not in California
Unknown,2021-05-16,25,4293,17,3251,7,911,1,131,14,544,11,1933,15,2477,Not in California
Unknown,2021-05-17,22,4315,16,3267,4,915,2,133,8,541,13,1946,10,2487,Not in California
Unknown,2021-05-18,31,4346,19,3286,10,925,2,135,18,548,13,1959,20,2507,Not in California
Unknown,2021-05-19,30,4376,22,3308,7,932,1,136,10,540,19,1978,11,2518,Not in California
Unknown,2021-05-20,19,4395,15,3323,3,935,1,137,10,543,8,1986,11,2529,Not in California
Unknown,2021-05-21,24,4419,13,3336,7,942,4,141,10,542,15,2001,14,2543,Not in California
Unknown,2021-05-22,26,4445,22,3358,3,945,1,142,11,542,12,2013,12,2555,Not in California
Unknown,2021-05-23,10,4455,7,3365,3,948,0,142,6,544,4,2017,6,2561,Not in California
Unknown,2021-05-24,10,4465,6,3371,3,951,1,143,5,545,5,2022,6,2567,Not in California
Unknown,2021-05-25,21,4486,10,3381,5,956,6,149,7,545,13,2035,13,2580,Not in California
Unknown,2021-05-26,10,4496,7,3388,2,958,1,150,3,542,7,2042,4,2584,Not in California
Unknown,2021-05-27,22,4518,15,3403,5,963,2,152,6,535,15,2057,8,2592,Not in California
Unknown,2021-05-28,22,4540,12,3415,5,968,5,157,12,542,10,2067,17,2609,Not in California
Unknown,2021-05-29,29,4569,23,3438,6,974,0,157,23,559,6,2073,23,2632,Not in California
Unknown,2021-05-30,7,4576,4,3442,2,976,1,158,3,559,4,2077,4,2636,Not in California
Unknown,2021-05-31,1,4577,1,3443,0,976,0,158,0,558,1,2078,0,2636,Not in California
Unknown,2021-06-01,28,4605,16,3459,6,982,6,164,11,559,16,2094,17,2653,Not in California
Unknown,2021-06-02,8,4613,4,3463,4,986,0,164,3,557,5,2099,3,2656,Not in California
Unknown,2021-06-03,17,4630,16,3479,1,987,0,164,8,556,9,2108,8,2664,Not in California
Unknown,2021-06-04,28,4658,18,3497,10,997,0,164,16,560,12,2120,16,2680,Not in California
Unknown,2021-06-05,30,4688,21,3518,8,1005,1,165,16,563,14,2134,17,2697,Not in California
Unknown,2021-06-06,26,4714,18,3536,5,1010,3,168,9,558,17,2151,12,2709,Not in California
Unknown,2021-06-07,19,4733,8,3544,8,1018,3,171,8,558,11,2162,11,2720,Not in California
Unknown,2021-06-08,16,4749,8,3552,5,1023,3,174,5,555,11,2173,8,2728,Not in California
Unknown,2021-06-09,27,4776,17,3569,9,1032,1,175,14,558,12,2185,15,2743,Not in California
Unknown,2021-06-10,14,4790,11,3580,3,1035,0,175,6,556,8,2193,6,2749,Not in California
Unknown,2021-06-11,6,4796,4,3584,1,1036,1,176,4,559,2,2195,5,2754,Not in California
Unknown,2021-06-12,13,4809,9,3593,4,1040,0,176,8,562,5,2200,8,2762,Not in California
Unknown,2021-06-13,10,4819,6,3599,4,1044,0,176,3,558,7,2207,3,2765,Not in California
Unknown,2021-06-14,7,4826,6,3605,1,1045,0,176,3,557,4,2211,3,2768,Not in California
Unknown,2021-06-15,22,4848,13,3618,9,1054,0,176,8,552,13,2224,8,2776,Not in California
Unknown,2021-06-16,6,4854,3,3621,3,1057,0,176,5,556,1,2225,5,2781,Not in California
Unknown,2021-06-17,16,4870,10,3631,4,1061,2,178,12,567,3,2228,14,2795,Not in California
Unknown,2021-06-18,15,4885,11,3642,4,1065,0,178,8,568,7,2235,8,2803,Not in California
Unknown,2021-06-19,13,4898,11,3653,1,1066,1,179,2,560,11,2246,3,2806,Not in California
Unknown,2021-06-20,8,4906,6,3659,1,1067,1,180,3,559,5,2251,4,2810,Not in California
Unknown,2021-06-21,12,4918,8,3667,4,1071,0,180,7,561,5,2256,7,2817,Not in California
Unknown,2021-06-22,18,4936,12,3679,6,1077,0,180,14,571,4,2260,14,2831,Not in California
Unknown,2021-06-23,9,4945,4,3683,4,1081,1,181,6,575,3,2263,7,2838,Not in California
Unknown,2021-06-24,11,4956,5,3688,5,1086,1,182,6,577,5,2268,7,2845,Not in California
Unknown,2021-06-25,13,4969,12,3700,1,1087,0,182,8,581,4,2272,8,2853,Not in California
Unknown,2021-06-26,12,4981,12,3712,0,1087,0,182,10,589,2,2274,10,2863,Not in California
Unknown,2021-06-27,23,5004,18,3730,3,1090,2,184,12,592,11,2285,14,2877,Not in California
Unknown,2021-06-28,15,5019,12,3742,3,1093,0,184,11,599,4,2289,11,2888,Not in California
Unknown,2021-06-29,8,5027,6,3748,2,1095,0,184,7,605,1,2290,7,2895,Not in California
Unknown,2021-06-30,15,5042,14,3762,1,1096,0,184,6,602,9,2299,6,2901,Not in California
Alameda,2020-12-15,37,37,37,37,0,0,0,0,37,37,0,0,37,37,California
Alameda,2020-12-16,211,248,211,248,0,0,0,0,211,248,0,0,211,248,California
Alameda,2020-12-17,513,761,513,761,0,0,0,0,513,761,0,0,513,761,California
Alameda,2020-12-18,1917,2678,1916,2677,1,1,0,0,1917,2678,0,0,1917,2678,California
Alameda,2020-12-19,1430,4108,1430,4107,0,1,0,0,1430,4108,0,0,1430,4108,California
Alameda,2020-12-20,1181,5289,1180,5287,1,2,0,0,1180,5287,1,1,1180,5288,California
Alameda,2020-12-21,1851,7140,1849,7136,2,4,0,0,1850,7137,0,1,1850,7138,California
Alameda,2020-12-22,2101,9241,2047,9183,54,58,0,0,2100,9236,1,2,2100,9238,California
Alameda,2020-12-23,1936,11177,1680,10863,256,314,0,0,1936,11172,0,2,1936,11174,California
Alameda,2020-12-24,1219,12396,756,11619,463,777,0,0,1219,12391,0,2,1219,12393,California
Alameda,2020-12-25,164,12560,127,11746,37,814,0,0,164,12555,0,2,164,12557,California
Alameda,2020-12-26,860,13420,323,12069,537,1351,0,0,860,13415,0,2,860,13417,California
Alameda,2020-12-27,498,13918,257,12326,241,1592,0,0,498,13913,0,2,498,13915,California
Alameda,2020-12-28,1891,15809,967,13293,924,2516,0,0,1891,15804,0,2,1891,15806,California
Alameda,2020-12-29,2487,18296,1080,14373,1407,3923,0,0,2486,18290,0,2,2486,18292,California
Alameda,2020-12-30,3098,21394,1328,15701,1770,5693,0,0,3098,21388,0,2,3098,21390,California
Alameda,2020-12-31,1802,23196,448,16149,1354,7047,0,0,1799,23185,2,4,1799,23189,California
Alameda,2021-01-01,178,23374,76,16225,102,7149,0,0,176,23359,2,6,176,23365,California
Alameda,2021-01-02,731,24105,527,16752,204,7353,0,0,730,24089,0,6,730,24095,California
Alameda,2021-01-03,335,24440,217,16969,118,7471,0,0,332,24418,3,9,332,24427,California
Alameda,2021-01-04,1622,26062,914,17883,708,8179,0,0,1610,26017,11,20,1610,26037,California
Alameda,2021-01-05,2224,28286,1282,19165,942,9121,0,0,1970,27736,251,271,1970,28007,California
Alameda,2021-01-06,3285,31571,1814,20979,1471,10592,0,0,2406,29268,876,1147,2408,30415,California
Alameda,2021-01-07,3837,35408,2154,23133,1683,12275,0,0,2643,30731,1185,2332,2648,33063,California
Alameda,2021-01-08,4777,40185,2732,25865,2045,14320,0,0,3035,32034,1737,4069,3040,36103,California
Alameda,2021-01-09,2033,42218,1383,27248,650,14970,0,0,1169,32339,864,4933,1169,37272,California
Alameda,2021-01-10,1064,43282,841,28089,223,15193,0,0,428,32130,637,5570,428,37700,California
Alameda,2021-01-11,4682,47964,3543,31632,1139,16332,0,0,2866,33191,1812,7382,2873,40573,California
Alameda,2021-01-12,4868,52832,3284,34916,1584,17916,0,0,3462,35252,1404,8786,3465,44038,California
Alameda,2021-01-13,5080,57912,2702,37618,2378,20294,0,0,3875,37928,1201,9987,3877,47915,California
Alameda,2021-01-14,5685,63597,2817,40435,2868,23162,0,0,4782,41819,894,10881,4785,52700,California
Alameda,2021-01-15,5872,69469,2333,42768,3539,26701,0,0,5088,46134,777,11658,5092,57792,California
Alameda,2021-01-16,3004,72473,1401,44169,1603,28304,0,0,2732,48594,273,11931,2733,60525,California
Alameda,2021-01-17,1882,74355,1090,45259,792,29096,0,0,1675,50063,207,12138,1676,62201,California
Alameda,2021-01-18,3196,77551,2051,47310,1145,30241,0,0,2600,52074,591,12729,2602,64803,California
Alameda,2021-01-19,5556,83107,3334,50644,2222,32463,0,0,4355,55232,1199,13928,4357,69160,California
Alameda,2021-01-20,6934,90041,4245,54889,2689,35152,0,0,5628,59572,1292,15220,5632,74792,California
Alameda,2021-01-21,8184,98225,3772,58661,4412,39564,0,0,7325,66051,851,16071,7330,82122,California
Alameda,2021-01-22,6917,105142,2065,60726,4852,44416,0,0,5760,70664,1148,17219,5761,87883,California
Alameda,2021-01-23,3302,108444,954,61680,2348,46764,0,0,2742,72848,558,17777,2742,90625,California
Alameda,2021-01-24,2051,110495,657,62337,1394,48158,0,0,1776,74353,271,18048,1776,92401,California
Alameda,2021-01-25,5217,115712,1981,64318,3236,51394,0,0,3633,76411,1576,19624,3634,96035,California
Alameda,2021-01-26,7364,123076,2322,66640,5042,56436,0,0,5463,79982,1893,21517,5464,101499,California
Alameda,2021-01-27,6758,129834,2083,68723,4675,61111,0,0,4879,82994,1867,23384,4879,106378,California
Alameda,2021-01-28,7931,137765,2563,71286,5368,66479,0,0,5676,86433,2239,25623,5678,112056,California
Alameda,2021-01-29,8026,145791,3197,74483,4829,71308,0,0,6175,90770,1840,27463,6177,118233,California
Alameda,2021-01-30,3468,149259,1700,76183,1768,73076,0,0,2749,92807,712,28175,2749,120982,California
Alameda,2021-01-31,1932,151191,957,77140,975,74051,0,0,1692,94263,236,28411,1692,122674,California
Alameda,2021-02-01,6523,157714,3891,81031,2632,76683,0,0,4363,96479,2148,30559,4364,127038,California
Alameda,2021-02-02,7095,164809,3818,84849,3277,79960,0,0,4746,98887,2338,32897,4746,131784,California
Alameda,2021-02-03,7175,171984,3791,88640,3384,83344,0,0,4427,100581,2739,35636,4433,136217,California
Alameda,2021-02-04,9609,181593,4176,92816,5433,88777,0,0,6459,103908,3137,38773,6464,142681,California
Alameda,2021-02-05,10392,191985,5416,98232,4976,93753,0,0,6485,106500,3900,42673,6492,149173,California
Alameda,2021-02-06,7042,199027,4463,102695,2579,96332,0,0,5894,111252,1144,43817,5896,155069,California
Alameda,2021-02-07,3587,202614,2895,105590,692,97024,0,0,2640,112950,943,44760,2641,157710,California
Alameda,2021-02-08,8168,210782,5839,111429,2329,99353,0,0,5568,115930,2590,47350,5570,163280,California
Alameda,2021-02-09,9762,220544,5875,117304,3887,103240,0,0,6087,118365,3654,51004,6089,169369,California
Alameda,2021-02-10,11586,232130,6844,124148,4742,107982,0,0,6501,119807,5067,56071,6509,175878,California
Alameda,2021-02-11,14075,246205,8076,132224,5999,113981,0,0,8149,122051,5908,61979,8152,184030,California
Alameda,2021-02-12,12662,258867,5762,137986,6900,120881,0,0,7825,125067,4812,66791,7828,191858,California
Alameda,2021-02-13,7873,266740,4091,142077,3782,124663,0,0,5880,128965,1984,68775,5882,197740,California
Alameda,2021-02-14,4069,270809,2564,144641,1505,126168,0,0,2878,130663,1183,69958,2881,200621,California
Alameda,2021-02-15,5705,276514,3207,147848,2498,128666,0,0,3703,132371,1998,71956,3706,204327,California
Alameda,2021-02-16,12634,289148,7017,154865,5617,134283,0,0,9349,138459,3270,75226,9358,213685,California
Alameda,2021-02-17,14299,303447,8496,163361,5803,140086,0,0,10600,145385,3678,78904,10604,224289,California
Alameda,2021-02-18,16071,319518,10206,173567,5865,145951,0,0,11656,152644,4403,83307,11662,235951,California
Alameda,2021-02-19,18079,337597,11720,185287,6359,152310,0,0,11899,158424,6124,89431,11904,247855,California
Alameda,2021-02-20,12211,349808,9867,195154,2344,154654,0,0,9351,164929,2852,92283,9357,257212,California
Alameda,2021-02-21,7974,357782,6993,202147,981,155635,0,0,5358,167684,2604,94887,5359,262571,California
Alameda,2021-02-22,11268,369050,8323,210470,2945,158580,0,0,7082,170616,4164,99051,7096,269667,California
Alameda,2021-02-23,13307,382357,8106,218576,5201,163781,0,0,8267,173861,5029,104080,8274,277941,California
Alameda,2021-02-24,15028,397385,8464,227040,6564,170345,0,0,9680,178266,5281,109361,9686,287627,California
Alameda,2021-02-25,16127,413512,9342,236382,6785,177130,0,0,10154,182490,5940,115301,10164,297791,California
Alameda,2021-02-26,18770,432282,10955,247337,7815,184945,0,0,11898,187568,6826,122127,11904,309695,California
Alameda,2021-02-27,15252,447534,11252,258589,3998,188943,2,2,9420,191186,5807,127934,9425,319120,California
Alameda,2021-02-28,10165,457699,8477,267066,1687,190630,1,3,6581,194214,3556,131490,6584,325704,California
Alameda,2021-03-01,14184,471883,9805,276871,4368,194998,11,14,8664,197429,5467,136957,8682,334386,California
Alameda,2021-03-02,15119,487002,10869,287740,4248,199246,2,16,9881,202107,5213,142170,9891,344277,California
Alameda,2021-03-03,15937,502939,10444,298184,5490,204736,3,19,10893,207996,5012,147182,10901,355178,California
Alameda,2021-03-04,17577,520516,11277,309461,6298,211034,2,21,11061,212585,6474,153656,11063,366241,California
Alameda,2021-03-05,16409,536925,10735,320196,5664,216698,10,31,11058,218356,5304,158960,11075,377316,California
Alameda,2021-03-06,14691,551616,10322,330518,4103,220801,266,297,9696,223373,4946,163906,9963,387279,California
Alameda,2021-03-07,9832,561448,8534,339052,1212,222013,86,383,7023,227707,2777,166683,7111,394390,California
Alameda,2021-03-08,12056,573504,7509,346561,4165,226178,382,765,9015,234110,2990,169673,9393,403783,California
Alameda,2021-03-09,14818,588322,10381,356942,4005,230183,432,1197,8067,235895,6715,176388,8500,412283,California
Alameda,2021-03-10,17680,606002,12233,369175,4879,235062,568,1765,7946,234701,9702,186090,8508,420791,California
Alameda,2021-03-11,19953,625955,11684,380859,6552,241614,1717,3482,6780,230040,13140,199230,8479,429270,California
Alameda,2021-03-12,21557,647512,12599,393458,7248,248862,1710,5192,7435,225082,14087,213317,9129,438399,California
Alameda,2021-03-13,16248,663760,10409,403867,4829,253691,1010,6202,5155,220180,11055,224372,6153,444552,California
Alameda,2021-03-14,10954,674714,8057,411924,2105,255796,792,6994,3314,216659,7617,231989,4096,448648,California
Alameda,2021-03-15,14595,689309,9541,421465,4521,260317,533,7527,6227,215083,8333,240322,6757,455405,California
Alameda,2021-03-16,17406,706715,11277,432742,5582,265899,547,8074,7381,213044,9970,250292,7931,463336,California
Alameda,2021-03-17,17808,724523,10112,442854,6962,272861,734,8808,8278,212574,9479,259771,9009,472345,California
Alameda,2021-03-18,19498,744021,10671,453525,7926,280787,901,9709,8874,211760,10592,270363,9778,482123,California
Alameda,2021-03-19,19768,763789,10878,464403,7088,287875,1802,11511,7822,209487,11885,282248,9612,491735,California
Alameda,2021-03-20,15928,779717,10436,474839,4632,292507,860,12371,6388,207225,9502,291750,7240,498975,California
Alameda,2021-03-21,9345,789062,7350,482189,1439,293946,556,12927,3476,205398,5858,297608,4031,503006,California
Alameda,2021-03-22,15332,804394,10328,492517,3991,297937,1013,13940,6984,205074,8312,305920,7988,510994,California
Alameda,2021-03-23,19630,824024,11910,504427,6904,304841,816,14756,10001,206316,9578,315498,10820,521814,California
Alameda,2021-03-24,19535,843559,11813,516240,6694,311535,1028,15784,8562,204986,10908,326406,9578,531392,California
Alameda,2021-03-25,20817,864376,11590,527830,7816,319351,1411,17195,9558,204753,11188,337594,10955,542347,California
Alameda,2021-03-26,21210,885586,12801,540631,6838,326189,1571,18766,8599,202344,12561,350155,10152,552499,California
Alameda,2021-03-27,18507,904093,12619,553250,4931,331120,957,19723,7605,200042,10851,361006,8549,561048,California
Alameda,2021-03-28,10724,914817,8728,561978,1794,332914,202,19925,3489,196523,7215,368221,3696,564744,California
Alameda,2021-03-29,14936,929753,9522,571500,4414,337328,1000,20925,5987,194599,8908,377129,6984,571728,California
Alameda,2021-03-30,18876,948629,9935,581435,7214,344542,1727,22652,9482,196437,9359,386488,11197,582925,California
Alameda,2021-03-31,19689,968318,10391,591826,7181,351723,2117,24769,9228,197335,10430,396918,11328,594253,California
Alameda,2021-04-01,23613,991931,10148,601974,7753,359476,5712,30481,11221,201890,12333,409251,16888,611141,California
Alameda,2021-04-02,24405,1016336,10022,611996,8482,367958,5901,36382,11845,207071,12517,421768,17698,628839,California
Alameda,2021-04-03,20532,1036868,9932,621928,5724,373682,4876,41258,10364,212151,10142,431910,15222,644061,California
Alameda,2021-04-04,10019,1046887,4006,625934,2304,375986,3709,44967,3466,212783,6531,438441,7163,651224,California
Alameda,2021-04-05,18003,1064890,7601,633535,5588,381574,4814,49781,7353,214318,10622,449063,12157,663381,California
Alameda,2021-04-06,22456,1087346,10820,644355,5758,387332,5878,55659,10225,218194,12192,461255,16068,679449,California
Alameda,2021-04-07,22812,1110158,11726,656081,5587,392919,5499,61158,11532,223974,11231,472486,17011,696460,California
Alameda,2021-04-08,25810,1135968,11666,667747,6103,399022,8041,69199,11053,228361,14675,487161,19062,715522,California
Alameda,2021-04-09,23697,1159665,10832,678579,7593,406615,5272,74471,12192,234349,11468,498629,17456,732978,California
Alameda,2021-04-10,19480,1179145,7520,686099,5722,412337,6238,80709,8279,237669,11171,509800,14491,747469,California
Alameda,2021-04-11,11110,1190255,4872,690971,2276,414613,3962,84671,4510,239540,6581,516381,8452,755921,California
Alameda,2021-04-12,18316,1208571,11884,702855,4436,419049,1996,86667,10305,243865,7969,524350,12294,768215,California
Alameda,2021-04-13,23284,1231855,14754,717609,8469,427518,61,86728,17095,254896,6132,530482,17163,785378,California
Alameda,2021-04-14,23401,1255256,15347,732956,8052,435570,2,86730,15665,262876,7692,538174,15672,801050,California
Alameda,2021-04-15,24486,1279742,15618,748574,8863,444433,5,86735,16133,270736,8288,546462,16148,817198,California
Alameda,2021-04-16,24892,1304634,14653,763227,10233,454666,6,86741,15884,277699,8942,555404,15905,833103,California
Alameda,2021-04-17,21208,1325842,14658,777885,6548,461214,2,86743,14656,285862,6509,561913,14672,847775,California
Alameda,2021-04-18,10434,1336276,8054,785939,2380,463594,0,86743,7208,289887,3192,565105,7217,854992,California
Alameda,2021-04-19,15983,1352259,9936,795875,6046,469640,1,86744,9237,292431,6704,571809,9248,864240,California
Alameda,2021-04-20,19008,1371267,11764,807639,7242,476882,2,86746,10334,294170,8620,580429,10359,874599,California
Alameda,2021-04-21,20449,1391716,12291,819930,8146,485028,12,86758,11800,297419,8585,589014,11834,886433,California
Alameda,2021-04-22,22141,1413857,14391,834321,7745,492773,5,86763,11736,298842,10344,599358,11767,898200,California
Alameda,2021-04-23,22507,1436364,14699,849020,7804,500577,4,86767,12504,301447,9932,609290,12537,910737,California
Alameda,2021-04-24,19080,1455444,14471,863491,4601,505178,8,86775,10072,302581,8960,618250,10094,920831,California
Alameda,2021-04-25,9031,1464475,7025,870516,2005,507183,1,86776,5906,305402,3096,621346,5917,926748,California
Alameda,2021-04-26,14853,1479328,10307,880823,4520,511703,26,86802,9098,308822,5716,627062,9136,935884,California
Alameda,2021-04-27,16720,1496048,9957,890780,6395,518098,368,87170,7841,308231,8824,635886,8233,944117,California
Alameda,2021-04-28,17075,1513123,10886,901666,5720,523818,469,87639,6902,305482,10136,646022,7387,951504,California
Alameda,2021-04-29,17724,1530847,10741,912407,6651,530469,332,87971,6605,301386,11057,657079,6961,958465,California
Alameda,2021-04-30,20574,1551421,12948,925355,7280,537749,346,88317,8471,298236,12012,669091,8862,967327,California
Alameda,2021-05-01,14094,1565515,9428,934783,4455,542204,211,88528,5263,294951,8788,677879,5503,972830,California
Alameda,2021-05-02,7111,1572626,4964,939747,1976,544180,171,88699,2899,293832,4192,682071,3073,975903,California
Alameda,2021-05-03,14620,1587246,10992,950739,3307,547487,321,89020,2859,285342,11702,693773,3212,979115,California
Alameda,2021-05-04,18882,1606128,13649,964388,4872,552359,361,89381,3808,274546,15000,708773,4204,983319,California
Alameda,2021-05-05,18782,1624910,13728,978116,4545,556904,509,89890,3836,264026,14881,723654,4361,987680,California
Alameda,2021-05-06,19270,1644180,14665,992781,3910,560814,695,90585,3777,253101,15411,739065,4486,992166,California
Alameda,2021-05-07,19503,1663683,13173,1005954,5912,566726,418,91003,4474,243055,14955,754020,4909,997075,California
Alameda,2021-05-08,17087,1680770,11857,1017811,5017,571743,213,91216,3265,232768,13781,767801,3494,1000569,California
Alameda,2021-05-09,8577,1689347,7021,1024832,1413,573156,143,91359,1328,227019,7225,775026,1476,1002045,California
Alameda,2021-05-10,10423,1699770,7197,1032029,2901,576057,325,91684,2511,221989,7877,782903,2847,1004892,California
Alameda,2021-05-11,15720,1715490,8625,1040654,6780,582837,315,91999,2809,212291,12860,795763,3162,1008054,California
Alameda,2021-05-12,13525,1729015,9030,1049684,4051,586888,444,92443,2713,204719,10764,806527,3192,1011246,California
Alameda,2021-05-13,18069,1747084,13011,1062695,4515,591403,543,92986,5738,198760,12279,818806,6320,1017566,California
Alameda,2021-05-14,20837,1767921,14167,1076862,6204,597607,466,93452,7065,192616,13689,832495,7545,1025111,California
Alameda,2021-05-15,17340,1785261,12657,1089519,4450,602057,233,93685,5934,187433,11355,843850,6172,1031283,California
Alameda,2021-05-16,8900,1794161,7651,1097170,1143,603200,106,93791,3140,184957,5727,849577,3251,1034534,California
Alameda,2021-05-17,13561,1807722,10113,1107283,2918,606118,530,94321,4201,180383,9319,858896,4745,1039279,California
Alameda,2021-05-18,14280,1822002,10389,1117672,3466,609584,425,94746,4984,176544,9250,868146,5411,1044690,California
Alameda,2021-05-19,14531,1836533,9972,1127644,4221,613805,338,95084,5882,174170,8596,876742,6222,1050912,California
Alameda,2021-05-20,13434,1849967,8882,1136526,4016,617821,536,95620,5743,172812,7637,884379,6279,1057191,California
Alameda,2021-05-21,15297,1865264,10059,1146585,4967,622788,271,95891,5069,168000,10157,894536,5345,1062536,California
Alameda,2021-05-22,10328,1875592,7461,1154046,2699,625487,168,96059,4154,166184,6141,900677,4325,1066861,California
Alameda,2021-05-23,5126,1880718,3947,1157993,1090,626577,89,96148,1670,164509,3435,904112,1760,1068621,California
Alameda,2021-05-24,7276,1887994,4244,1162237,2772,629349,260,96408,2822,163183,4413,908525,3087,1071708,California
Alameda,2021-05-25,8033,1896027,5193,1167430,2579,631928,261,96669,3518,162479,4478,913003,3774,1075482,California
Alameda,2021-05-26,8296,1904323,5185,1172615,2809,634737,302,96971,3579,161664,4690,917693,3875,1079357,California
Alameda,2021-05-27,8158,1912481,4877,1177492,2881,637618,400,97371,3339,160621,4777,922470,3734,1083091,California
Alameda,2021-05-28,8629,1921110,5052,1182544,3352,640970,225,97596,3599,159445,5002,927472,3826,1086917,California
Alameda,2021-05-29,4959,1926069,3003,1185547,1769,642739,187,97783,2453,159602,2485,929957,2642,1089559,California
Alameda,2021-05-30,2458,1928527,1608,1187155,761,643500,89,97872,965,159172,1483,931440,1053,1090612,California
Alameda,2021-05-31,1160,1929687,858,1188013,247,643747,55,97927,346,158775,798,932238,401,1091013,California
Alameda,2021-06-01,7120,1936807,4985,1192998,1889,645636,246,98173,2951,157829,4141,936379,3195,1094208,California
Alameda,2021-06-02,5823,1942630,3621,1196619,1978,647614,224,98397,2179,156614,3610,939989,2395,1096603,California
Alameda,2021-06-03,8490,1951120,6414,1203033,1795,649409,281,98678,2767,153973,5684,945673,3043,1099646,California
Alameda,2021-06-04,10478,1961598,7726,1210759,2510,651919,242,98920,2830,149438,7608,953281,3073,1102719,California
Alameda,2021-06-05,8102,1969700,5891,1216650,2050,653969,161,99081,1786,145100,6282,959563,1944,1104663,California
Alameda,2021-06-06,3675,1973375,3318,1219968,276,654245,81,99162,856,143226,2811,962374,937,1105600,California
Alameda,2021-06-07,5864,1979239,4276,1224244,1411,655656,177,99339,1712,140987,4128,966502,1889,1107489,California
Alameda,2021-06-08,7266,1986505,5804,1230048,1219,656875,243,99582,2091,138171,5148,971650,2332,1109821,California
Alameda,2021-06-09,7290,1993795,5961,1236009,1135,658010,194,99776,1669,134434,5595,977245,1858,1111679,California
Alameda,2021-06-10,8015,2001810,6705,1242714,1003,659013,307,100083,2136,131020,5854,983099,2440,1114119,California
Alameda,2021-06-11,8054,2009864,6184,1248898,1647,660660,223,100306,2455,128131,5571,988670,2682,1116801,California
Alameda,2021-06-12,5506,2015370,4222,1253120,1096,661756,188,100494,1366,125573,4116,992786,1558,1118359,California
Alameda,2021-06-13,2310,2017680,1759,1254879,429,662185,122,100616,662,124719,1636,994422,782,1119141,California
Alameda,2021-06-14,4573,2022253,3438,1258317,924,663109,211,100827,1533,123445,3018,997440,1744,1120885,California
Alameda,2021-06-15,6010,2028263,4366,1262683,1362,664471,282,101109,1785,121324,4187,1001627,2066,1122951,California
Alameda,2021-06-16,5151,2033414,4113,1266796,834,665305,204,101313,1522,119436,3611,1005238,1723,1124674,California
Alameda,2021-06-17,5581,2038995,4516,1271312,834,666139,231,101544,1835,117791,3713,1008951,2068,1126742,California
Alameda,2021-06-18,5934,2044929,4478,1275790,1201,667340,255,101799,1979,116093,3930,1012881,2232,1128974,California
Alameda,2021-06-19,3461,2048390,2621,1278411,681,668021,159,101958,1059,114921,2389,1015270,1217,1130191,California
Alameda,2021-06-20,1399,2049789,1167,1279578,186,668207,46,102004,518,114608,875,1016145,562,1130753,California
Alameda,2021-06-21,2715,2052504,1847,1281425,707,668914,161,102165,1389,114848,1310,1017455,1550,1132303,California
Alameda,2021-06-22,4568,2057072,3537,1284962,838,669752,193,102358,1404,113295,3148,1020603,1595,1133898,California
Alameda,2021-06-23,3504,2060576,2694,1287656,623,670375,187,102545,1179,112347,2310,1022913,1362,1135260,California
Alameda,2021-06-24,4396,2064972,3511,1291167,650,671025,235,102780,1510,111226,2865,1025778,1744,1137004,California
Alameda,2021-06-25,4613,2069585,3463,1294630,948,671973,202,102982,1706,110244,2890,1028668,1908,1138912,California
Alameda,2021-06-26,3077,2072662,2262,1296892,650,672623,165,103147,1071,109493,1986,1030654,1235,1140147,California
Alameda,2021-06-27,1303,2073965,1070,1297962,186,672809,47,103194,514,109271,783,1031437,561,1140708,California
Alameda,2021-06-28,2903,2076868,2360,1300322,348,673157,195,103389,1136,108855,1746,1033183,1330,1142038,California
Alameda,2021-06-29,3608,2080476,2886,1303208,588,673745,134,103523,1277,107949,2316,1035499,1410,1143448,California
Alameda,2021-06-30,2266,2082742,1769,1304977,376,674121,121,103644,774,107356,1486,1036985,893,1144341,California
Alpine,2020-12-18,2,2,2,2,0,0,0,0,2,2,0,0,2,2,California
Alpine,2020-12-19,2,4,2,4,0,0,0,0,2,4,0,0,2,4,California
Alpine,2020-12-21,2,6,2,6,0,0,0,0,2,6,0,0,2,6,California
Alpine,2020-12-30,14,20,0,6,14,14,0,0,14,20,0,0,14,20,California
Alpine,2020-12-31,1,21,0,6,1,15,0,0,1,21,0,0,1,21,California
Alpine,2021-01-01,1,22,0,6,1,16,0,0,1,22,0,0,1,22,California
Alpine,2021-01-02,1,23,1,7,0,16,0,0,1,23,0,0,1,23,California
Alpine,2021-01-04,10,33,0,7,10,26,0,0,10,33,0,0,10,33,California
Alpine,2021-01-05,9,42,1,8,8,34,0,0,9,42,0,0,9,42,California
Alpine,2021-01-06,31,73,0,8,31,65,0,0,31,73,0,0,31,73,California
Alpine,2021-01-07,8,81,0,8,8,73,0,0,8,81,0,0,8,81,California
Alpine,2021-01-08,4,85,2,10,2,75,0,0,2,81,2,2,2,83,California
Alpine,2021-01-09,2,87,2,12,0,75,0,0,0,79,2,4,0,83,California
Alpine,2021-01-11,32,119,1,13,31,106,0,0,31,109,1,5,31,114,California
Alpine,2021-01-13,35,154,0,13,35,141,0,0,35,144,0,5,35,149,California
Alpine,2021-01-14,1,155,0,13,1,142,0,0,1,145,0,5,1,150,California
Alpine,2021-01-15,1,156,0,13,1,143,0,0,1,146,0,5,1,151,California
Alpine,2021-01-18,1,157,1,14,0,143,0,0,1,147,0,5,1,152,California
Alpine,2021-01-20,21,178,0,14,21,164,0,0,21,168,0,5,21,173,California
Alpine,2021-01-21,1,179,0,14,1,165,0,0,1,169,0,5,1,174,California
Alpine,2021-01-22,33,212,0,14,33,198,0,0,33,202,0,5,33,207,California
Alpine,2021-01-23,1,213,1,15,0,198,0,0,0,201,1,6,0,207,California
Alpine,2021-01-25,16,229,0,15,16,214,0,0,16,217,0,6,16,223,California
Alpine,2021-01-27,1,230,1,16,0,214,0,0,0,216,1,7,0,223,California
Alpine,2021-01-28,1,231,0,16,1,215,0,0,0,215,1,8,0,223,California
Alpine,2021-01-29,1,232,0,16,1,216,0,0,1,216,0,8,1,224,California
Alpine,2021-02-01,25,257,0,16,25,241,0,0,7,205,18,26,7,231,California
Alpine,2021-02-03,34,291,0,16,34,275,0,0,10,191,24,50,10,241,California
Alpine,2021-02-04,8,299,0,16,8,283,0,0,3,189,5,55,3,244,California
Alpine,2021-02-05,32,331,1,17,31,314,0,0,12,181,20,75,12,256,California
Alpine,2021-02-07,1,332,1,18,0,314,0,0,1,182,0,75,1,257,California
Alpine,2021-02-08,32,364,0,18,32,346,0,0,4,158,28,103,4,261,California
Alpine,2021-02-10,34,398,0,18,34,380,0,0,0,124,34,137,0,261,California
Alpine,2021-02-11,6,404,0,18,6,386,0,0,3,124,3,140,3,264,California
Alpine,2021-02-12,1,405,0,18,1,387,0,0,0,123,1,141,0,264,California
Alpine,2021-02-17,23,428,0,18,23,410,0,0,3,106,20,161,3,267,California
Alpine,2021-02-18,2,430,0,18,2,412,0,0,1,106,1,162,1,268,California
Alpine,2021-02-19,34,464,1,19,33,445,0,0,2,76,32,194,2,270,California
Alpine,2021-02-22,27,491,0,19,27,472,0,0,8,65,19,213,8,278,California
Alpine,2021-02-24,1,492,1,20,0,472,0,0,1,66,0,213,1,279,California
Alpine,2021-02-25,6,498,1,21,5,477,0,0,6,72,0,213,6,285,California
Alpine,2021-02-26,30,528,1,22,29,506,0,0,29,100,1,214,29,314,California
Alpine,2021-02-27,1,529,0,22,1,507,0,0,1,101,0,214,1,315,California
Alpine,2021-03-01,36,565,0,22,36,543,0,0,26,117,10,224,26,341,California
Alpine,2021-03-03,30,595,1,23,29,572,0,0,18,123,12,236,18,359,California
Alpine,2021-03-04,10,605,0,23,10,582,0,0,10,133,0,236,10,369,California
Alpine,2021-03-05,30,635,0,23,30,612,0,0,22,147,8,244,22,391,California
Alpine,2021-03-08,31,666,0,23,31,643,0,0,29,174,2,246,29,420,California
Alpine,2021-03-10,73,739,0,23,73,716,0,0,73,247,0,246,73,493,California
Alpine,2021-03-11,35,774,0,23,35,751,0,0,31,274,4,250,31,524,California
Alpine,2021-03-12,19,793,0,23,19,770,0,0,17,289,2,252,17,541,California
Alpine,2021-03-15,21,814,1,24,20,790,0,0,20,308,1,253,20,561,California
Alpine,2021-03-17,23,837,0,24,22,812,1,1,19,324,4,257,20,581,California
Alpine,2021-03-18,38,875,3,27,35,847,0,1,35,356,3,260,35,616,California
Alpine,2021-03-19,2,877,1,28,1,848,0,1,1,356,1,261,1,617,California
Alpine,2021-03-22,24,901,0,28,24,872,0,1,15,362,9,270,15,632,California
Alpine,2021-03-24,19,920,0,28,19,891,0,1,8,359,11,281,8,640,California
Alpine,2021-03-25,34,954,0,28,33,924,1,2,27,381,6,287,28,668,California
Alpine,2021-03-27,1,955,0,28,1,925,0,2,0,380,1,288,0,668,California
Alpine,2021-03-28,1,956,1,29,0,925,0,2,1,381,0,288,1,669,California
Alpine,2021-03-29,19,975,0,29,18,943,1,3,2,367,17,305,3,672,California
Alpine,2021-04-01,18,993,0,29,18,961,0,3,8,365,10,315,8,680,California
Alpine,2021-04-02,101,1094,1,30,100,1061,0,3,46,357,54,369,46,726,California
Alpine,2021-04-05,4,1098,1,31,3,1064,0,3,0,353,4,373,0,726,California
Alpine,2021-04-06,3,1101,2,33,1,1065,0,3,2,354,1,374,2,728,California
Alpine,2021-04-07,117,1218,0,33,116,1181,1,4,30,299,86,460,31,759,California
Alpine,2021-04-08,37,1255,0,33,35,1216,2,6,10,284,27,487,12,771,California
Alpine,2021-04-09,2,1257,0,33,2,1218,0,6,2,286,0,487,2,773,California
Alpine,2021-04-14,47,1304,0,33,47,1265,0,6,10,259,37,524,10,783,California
Alpine,2021-04-15,35,1339,0,33,35,1300,0,6,3,230,32,556,3,786,California
Alpine,2021-04-16,1,1340,0,33,1,1301,0,6,1,231,0,556,1,787,California
Alpine,2021-04-19,1,1341,0,33,1,1302,0,6,1,232,0,556,1,788,California
Alpine,2021-04-21,31,1372,0,33,31,1333,0,6,15,231,16,572,15,803,California
Alpine,2021-04-22,24,1396,0,33,24,1357,0,6,1,209,23,595,1,804,California
Alpine,2021-04-24,2,1398,2,35,0,1357,0,6,0,208,2,597,1,805,California
Alpine,2021-04-25,1,1399,1,36,0,1357,0,6,0,207,1,598,0,805,California
Alpine,2021-04-27,2,1401,1,37,1,1358,0,6,1,207,1,599,1,806,California
Alpine,2021-04-28,36,1437,0,37,36,1394,0,6,6,183,30,629,6,812,California
Alpine,2021-04-29,7,1444,1,38,6,1400,0,6,1,178,6,635,1,813,California
Alpine,2021-04-30,2,1446,1,39,0,1400,1,7,1,179,1,636,2,815,California
Alpine,2021-05-02,1,1447,0,39,0,1400,1,8,0,179,1,637,1,816,California
Alpine,2021-05-05,17,1464,0,39,17,1417,0,8,4,170,13,650,4,820,California
Alpine,2021-05-06,8,1472,0,39,8,1425,0,8,0,162,8,658,0,820,California
Alpine,2021-05-07,1,1473,0,39,1,1426,0,8,0,161,1,659,0,820,California
Alpine,2021-05-10,1,1474,0,39,1,1427,0,8,1,162,0,659,1,821,California
Alpine,2021-05-12,1,1475,0,39,0,1427,1,9,0,162,1,660,1,822,California
Alpine,2021-05-13,3,1478,0,39,3,1430,0,9,0,159,3,663,0,822,California
Alpine,2021-05-17,2,1480,0,39,2,1432,0,9,1,159,1,664,1,823,California
Alpine,2021-05-18,1,1481,0,39,1,1433,0,9,1,160,0,664,1,824,California
Alpine,2021-05-19,15,1496,0,39,15,1448,0,9,0,145,15,679,0,824,California
Alpine,2021-05-20,1,1497,1,40,0,1448,0,9,0,144,1,680,0,824,California
Alpine,2021-05-21,1,1498,1,41,0,1448,0,9,0,143,1,681,0,824,California
Alpine,2021-05-25,2,1500,0,41,2,1450,0,9,0,141,2,683,0,824,California
Alpine,2021-05-27,3,1503,2,43,1,1451,0,9,3,144,0,683,3,827,California
Alpine,2021-05-28,2,1505,1,44,1,1452,0,9,2,146,0,683,2,829,California
Alpine,2021-05-29,1,1506,0,44,1,1453,0,9,1,147,0,683,1,830,California
Alpine,2021-06-02,8,1514,0,44,8,1461,0,9,1,141,7,690,1,831,California
Alpine,2021-06-04,1,1515,0,44,1,1462,0,9,1,142,0,690,1,832,California
Alpine,2021-06-07,1,1516,0,44,1,1463,0,9,0,141,1,691,0,832,California
Alpine,2021-06-10,1,1517,1,45,0,1463,0,9,1,142,0,691,1,833,California
Alpine,2021-06-15,2,1519,1,46,1,1464,0,9,0,140,2,693,0,833,California
Alpine,2021-06-18,1,1520,1,47,0,1464,0,9,0,139,1,694,0,833,California
Alpine,2021-06-19,1,1521,1,48,0,1464,0,9,0,138,1,695,0,833,California
Alpine,2021-06-25,1,1522,0,48,1,1465,0,9,0,137,1,696,0,833,California
Alpine,2021-06-29,2,1524,0,48,2,1467,0,9,2,139,0,696,2,835,California
Alpine,2021-06-30,1,1525,0,48,1,1468,0,9,0,138,1,697,0,835,California
Amador,2020-12-16,2,2,2,2,0,0,0,0,2,2,0,0,2,2,California
Amador,2020-12-17,5,7,5,7,0,0,0,0,5,7,0,0,5,7,California
Amador,2020-12-18,46,53,46,53,0,0,0,0,46,53,0,0,46,53,California
Amador,2020-12-19,16,69,16,69,0,0,0,0,16,69,0,0,16,69,California
Amador,2020-12-20,4,73,4,73,0,0,0,0,4,73,0,0,4,73,California
Amador,2020-12-21,31,104,31,104,0,0,0,0,31,104,0,0,31,104,California
Amador,2020-12-22,35,139,34,138,1,1,0,0,35,139,0,0,35,139,California
Amador,2020-12-23,41,180,39,177,2,3,0,0,41,180,0,0,41,180,California
Amador,2020-12-24,5,185,3,180,2,5,0,0,5,185,0,0,5,185,California
Amador,2020-12-26,6,191,5,185,1,6,0,0,6,191,0,0,6,191,California
Amador,2020-12-27,1,192,0,185,1,7,0,0,1,192,0,0,1,192,California
Amador,2020-12-28,30,222,26,211,4,11,0,0,30,222,0,0,30,222,California
Amador,2020-12-29,25,247,18,229,7,18,0,0,25,247,0,0,25,247,California
Amador,2020-12-30,124,371,78,307,46,64,0,0,124,371,0,0,124,371,California
Amador,2020-12-31,195,566,170,477,25,89,0,0,195,566,0,0,195,566,California
Amador,2021-01-01,2,568,0,477,2,91,0,0,2,568,0,0,2,568,California
Amador,2021-01-02,57,625,57,534,0,91,0,0,57,625,0,0,57,625,California
Amador,2021-01-03,66,691,17,551,49,140,0,0,66,691,0,0,66,691,California
Amador,2021-01-04,125,816,2,553,123,263,0,0,125,816,0,0,125,816,California
Amador,2021-01-05,33,849,3,556,30,293,0,0,32,847,1,1,32,848,California
Amador,2021-01-06,41,890,11,567,30,323,0,0,37,880,4,5,37,885,California
Amador,2021-01-07,234,1124,73,640,161,484,0,0,221,1088,13,18,221,1106,California
Amador,2021-01-08,85,1209,70,710,15,499,0,0,42,1088,43,61,43,1149,California
Amador,2021-01-09,11,1220,11,721,0,499,0,0,2,1081,9,70,2,1151,California
Amador,2021-01-10,6,1226,4,725,2,501,0,0,2,1079,4,74,2,1153,California
Amador,2021-01-11,125,1351,44,769,81,582,0,0,88,1131,37,111,89,1242,California
Amador,2021-01-12,70,1421,54,823,16,598,0,0,42,1145,28,139,42,1284,California
Amador,2021-01-13,41,1462,24,847,17,615,0,0,29,1162,12,151,29,1313,California
Amador,2021-01-14,152,1614,23,870,129,744,0,0,141,1293,11,162,142,1455,California
Amador,2021-01-15,63,1677,26,896,37,781,0,0,54,1338,9,171,54,1509,California
Amador,2021-01-16,20,1697,13,909,7,788,0,0,14,1347,6,177,15,1524,California
Amador,2021-01-17,25,1722,5,914,20,808,0,0,25,1372,0,177,25,1549,California
Amador,2021-01-18,31,1753,27,941,4,812,0,0,10,1361,21,198,10,1559,California
Amador,2021-01-19,127,1880,101,1042,26,838,0,0,82,1398,45,243,82,1641,California
Amador,2021-01-20,184,2064,33,1075,151,989,0,0,169,1553,14,257,169,1810,California
Amador,2021-01-21,261,2325,230,1305,31,1020,0,0,149,1591,112,369,150,1960,California
Amador,2021-01-22,142,2467,74,1379,68,1088,0,0,135,1719,7,376,135,2095,California
Amador,2021-01-23,60,2527,33,1412,27,1115,0,0,57,1773,3,379,57,2152,California
Amador,2021-01-24,29,2556,12,1424,17,1132,0,0,25,1794,4,383,25,2177,California
Amador,2021-01-25,61,2617,29,1453,32,1164,0,0,43,1819,18,401,43,2220,California
Amador,2021-01-26,247,2864,17,1470,230,1394,0,0,237,2046,10,411,237,2457,California
Amador,2021-01-27,307,3171,35,1505,272,1666,0,0,259,2261,45,456,260,2717,California
Amador,2021-01-28,374,3545,99,1604,275,1941,0,0,290,2468,84,540,291,3008,California
Amador,2021-01-29,107,3652,34,1638,73,2014,0,0,92,2545,15,555,92,3100,California
Amador,2021-01-30,198,3850,37,1675,161,2175,0,0,193,2733,5,560,193,3293,California
Amador,2021-01-31,33,3883,28,1703,5,2180,0,0,32,2764,1,561,32,3325,California
Amador,2021-02-01,68,3951,24,1727,44,2224,0,0,40,2776,28,589,40,3365,California
Amador,2021-02-02,216,4167,66,1793,150,2374,0,0,129,2820,85,674,129,3494,California
Amador,2021-02-03,144,4311,40,1833,104,2478,0,0,91,2859,52,726,91,3585,California
Amador,2021-02-04,253,4564,76,1909,177,2655,0,0,166,2941,86,812,168,3753,California
Amador,2021-02-05,338,4902,63,1972,275,2930,0,0,320,3244,17,829,320,4073,California
Amador,2021-02-06,125,5027,81,2053,44,2974,0,0,120,3359,5,834,120,4193,California
Amador,2021-02-07,39,5066,35,2088,4,2978,0,0,35,3391,4,838,36,4229,California
Amador,2021-02-08,94,5160,65,2153,29,3007,0,0,75,3447,19,857,75,4304,California
Amador,2021-02-09,178,5338,82,2235,96,3103,0,0,111,3491,67,924,111,4415,California
Amador,2021-02-10,984,6322,81,2316,903,4006,0,0,949,4405,35,959,949,5364,California
Amador,2021-02-11,312,6634,120,2436,192,4198,0,0,200,4495,110,1069,200,5564,California
Amador,2021-02-12,339,6973,123,2559,216,4414,0,0,263,4682,76,1145,263,5827,California
Amador,2021-02-13,183,7156,84,2643,99,4513,0,0,156,4811,27,1172,156,5983,California
Amador,2021-02-14,122,7278,54,2697,68,4581,0,0,105,4899,17,1189,105,6088,California
Amador,2021-02-15,193,7471,64,2761,129,4710,0,0,176,5059,16,1205,176,6264,California
Amador,2021-02-16,467,7938,53,2814,414,5124,0,0,426,5445,41,1246,427,6691,California
Amador,2021-02-17,265,8203,84,2898,181,5305,0,0,166,5512,99,1345,166,6857,California
Amador,2021-02-18,401,8604,101,2999,300,5605,0,0,335,5781,66,1411,335,7192,California
Amador,2021-02-19,206,8810,80,3079,126,5731,0,0,116,5808,90,1501,117,7309,California
Amador,2021-02-20,103,8913,34,3113,69,5800,0,0,67,5839,36,1537,67,7376,California
Amador,2021-02-21,56,8969,37,3150,19,5819,0,0,19,5823,35,1572,19,7395,California
Amador,2021-02-22,66,9035,26,3176,40,5859,0,0,32,5822,33,1605,32,7427,California
Amador,2021-02-23,323,9358,55,3231,268,6127,0,0,139,5777,184,1789,139,7566,California
Amador,2021-02-24,401,9759,61,3292,340,6467,0,0,265,5910,132,1921,265,7831,California
Amador,2021-02-25,531,10290,122,3414,409,6876,0,0,280,5941,249,2170,280,8111,California
Amador,2021-02-26,645,10935,81,3495,564,7440,0,0,519,6335,125,2295,519,8630,California
Amador,2021-02-27,300,11235,94,3589,206,7646,0,0,99,6236,200,2495,101,8731,California
Amador,2021-02-28,128,11363,58,3647,70,7716,0,0,63,6236,65,2560,65,8796,California
Amador,2021-03-01,199,11562,70,3717,129,7845,0,0,126,6290,73,2633,127,8923,California
Amador,2021-03-02,386,11948,63,3780,323,8168,0,0,337,6579,49,2682,338,9261,California
Amador,2021-03-03,245,12193,80,3860,165,8333,0,0,168,6672,76,2758,169,9430,California
Amador,2021-03-04,501,12694,117,3977,384,8717,0,0,396,6964,104,2862,396,9826,California
Amador,2021-03-05,521,13215,76,4053,445,9162,0,0,296,7039,223,3085,298,10124,California
Amador,2021-03-06,104,13319,50,4103,53,9215,1,1,58,7052,46,3131,59,10183,California
Amador,2021-03-07,90,13409,44,4147,46,9261,0,1,22,7006,68,3199,22,10205,California
Amador,2021-03-08,154,13563,72,4219,81,9342,1,2,92,7037,62,3261,93,10298,California
Amador,2021-03-09,378,13941,53,4272,325,9667,0,2,293,7249,81,3342,293,10591,California
Amador,2021-03-10,521,14462,77,4349,442,10109,2,4,112,6956,409,3751,116,10707,California
Amador,2021-03-11,484,14946,125,4474,349,10458,10,14,303,7092,180,3931,316,11023,California
Amador,2021-03-12,587,15533,71,4545,510,10968,6,20,343,7204,243,4174,355,11378,California
Amador,2021-03-13,119,15652,18,4563,94,11062,7,27,76,7249,43,4217,88,11466,California
Amador,2021-03-14,98,15750,19,4582,76,11138,3,30,21,7196,77,4294,24,11490,California
Amador,2021-03-15,184,15934,27,4609,150,11288,7,37,55,7130,129,4423,63,11553,California
Amador,2021-03-16,452,16386,53,4662,390,11678,9,46,139,6967,311,4734,148,11701,California
Amador,2021-03-17,387,16773,45,4707,339,12017,3,49,262,7109,123,4857,265,11966,California
Amador,2021-03-18,517,17290,101,4808,412,12429,4,53,258,7117,257,5114,265,12231,California
Amador,2021-03-19,547,17837,58,4866,474,12903,15,68,387,7365,158,5272,406,12637,California
Amador,2021-03-20,113,17950,46,4912,66,12969,1,69,48,7352,64,5336,51,12688,California
Amador,2021-03-21,50,18000,37,4949,12,12981,1,70,28,7362,21,5357,31,12719,California
Amador,2021-03-22,115,18115,34,4983,53,13034,28,98,50,7375,65,5422,78,12797,California
Amador,2021-03-23,436,18551,47,5030,382,13416,7,105,275,7498,160,5582,283,13080,California
Amador,2021-03-24,342,18893,35,5065,55,13471,252,357,35,7479,306,5888,287,13367,California
Amador,2021-03-25,614,19507,87,5152,520,13991,7,364,397,7667,216,6104,404,13771,California
Amador,2021-03-26,755,20262,45,5197,704,14695,6,370,281,7486,471,6575,290,14061,California
Amador,2021-03-27,94,20356,15,5212,77,14772,2,372,31,7458,63,6638,35,14096,California
Amador,2021-03-28,73,20429,17,5229,54,14826,2,374,13,7415,59,6697,16,14112,California
Amador,2021-03-29,184,20613,28,5257,155,14981,1,375,78,7396,103,6800,84,14196,California
Amador,2021-03-30,541,21154,29,5286,511,15492,1,376,292,7441,248,7048,293,14489,California
Amador,2021-03-31,202,21356,58,5344,139,15631,5,381,44,7335,156,7204,50,14539,California
Amador,2021-04-01,626,21982,95,5439,531,16162,0,381,270,7254,353,7557,272,14811,California
Amador,2021-04-02,619,22601,39,5478,566,16728,14,395,385,7422,233,7790,401,15212,California
Amador,2021-04-03,86,22687,24,5502,42,16770,20,415,21,7400,65,7855,43,15255,California
Amador,2021-04-04,39,22726,3,5505,30,16800,6,421,15,7397,24,7879,21,15276,California
Amador,2021-04-05,147,22873,53,5558,76,16876,18,439,49,7369,97,7976,69,15345,California
Amador,2021-04-06,505,23378,39,5597,448,17324,18,457,224,7332,279,8255,242,15587,California
Amador,2021-04-07,99,23477,33,5630,47,17371,19,476,43,7341,53,8308,62,15649,California
Amador,2021-04-08,499,23976,84,5714,393,17764,22,498,221,7308,276,8584,243,15892,California
Amador,2021-04-09,488,24464,22,5736,446,18210,20,518,212,7262,275,8859,229,16121,California
Amador,2021-04-10,52,24516,14,5750,29,18239,9,527,23,7265,29,8888,32,16153,California
Amador,2021-04-11,51,24567,25,5775,22,18261,4,531,23,7265,27,8915,27,16180,California
Amador,2021-04-12,99,24666,26,5801,63,18324,10,541,43,7262,56,8971,53,16233,California
Amador,2021-04-13,347,25013,49,5850,298,18622,0,541,67,7053,277,9248,68,16301,California
Amador,2021-04-14,280,25293,26,5876,254,18876,0,541,56,6889,221,9469,57,16358,California
Amador,2021-04-15,342,25635,78,5954,264,19140,0,541,73,6704,258,9727,73,16431,California
Amador,2021-04-16,489,26124,29,5983,460,19600,0,541,381,6978,107,9834,381,16812,California
Amador,2021-04-17,67,26191,34,6017,33,19633,0,541,31,6973,36,9870,31,16843,California
Amador,2021-04-18,34,26225,12,6029,22,19655,0,541,12,6965,21,9891,13,16856,California
Amador,2021-04-19,69,26294,27,6056,42,19697,0,541,30,6959,38,9929,32,16888,California
Amador,2021-04-20,441,26735,59,6115,382,20079,0,541,110,6747,324,10253,112,17000,California
Amador,2021-04-21,89,26824,35,6150,53,20132,1,542,44,6749,43,10296,45,17045,California
Amador,2021-04-22,520,27344,80,6230,439,20571,1,543,100,6448,402,10698,101,17146,California
Amador,2021-04-23,368,27712,47,6277,321,20892,0,543,289,6665,74,10772,291,17437,California
Amador,2021-04-24,52,27764,25,6302,27,20919,0,543,31,6676,20,10792,31,17468,California
Amador,2021-04-25,45,27809,19,6321,26,20945,0,543,29,6689,16,10808,29,17497,California
Amador,2021-04-26,95,27904,27,6348,67,21012,1,544,44,6686,50,10858,47,17544,California
Amador,2021-04-27,502,28406,45,6393,456,21468,1,545,91,6372,407,11265,93,17637,California
Amador,2021-04-28,70,28476,30,6423,37,21505,3,548,41,6387,29,11294,44,17681,California
Amador,2021-04-29,228,28704,70,6493,49,21554,109,657,67,6401,161,11455,175,17856,California
Amador,2021-04-30,347,29051,28,6521,315,21869,4,661,89,6237,258,11713,94,17950,California
Amador,2021-05-01,47,29098,15,6536,27,21896,5,666,26,6249,19,11732,31,17981,California
Amador,2021-05-02,28,29126,14,6550,11,21907,3,669,11,6247,17,11749,15,17996,California
Amador,2021-05-03,69,29195,35,6585,24,21931,10,679,28,6244,41,11790,38,18034,California
Amador,2021-05-04,467,29662,29,6614,431,22362,7,686,68,5920,399,12189,75,18109,California
Amador,2021-05-05,207,29869,153,6767,46,22408,8,694,162,6047,42,12231,169,18278,California
Amador,2021-05-06,110,29979,56,6823,49,22457,5,699,63,6070,45,12276,68,18346,California
Amador,2021-05-07,129,30108,29,6852,93,22550,7,706,67,6082,62,12338,74,18420,California
Amador,2021-05-08,43,30151,8,6860,32,22582,3,709,21,6084,22,12360,24,18444,California
Amador,2021-05-09,17,30168,1,6861,10,22592,6,715,4,6081,13,12373,10,18454,California
Amador,2021-05-10,60,30228,14,6875,43,22635,3,718,24,6072,36,12409,27,18481,California
Amador,2021-05-11,103,30331,34,6909,43,22678,26,744,45,6085,58,12467,71,18552,California
Amador,2021-05-12,72,30403,25,6934,44,22722,3,747,35,6086,37,12504,38,18590,California
Amador,2021-05-13,79,30482,40,6974,33,22755,6,753,38,6090,40,12544,44,18634,California
Amador,2021-05-14,403,30885,38,7012,360,23115,5,758,91,5877,311,12855,98,18732,California
Amador,2021-05-15,51,30936,20,7032,21,23136,10,768,23,5883,28,12883,34,18766,California
Amador,2021-05-16,42,30978,15,7047,27,23163,0,768,17,5875,25,12908,17,18783,California
Amador,2021-05-17,75,31053,22,7069,51,23214,2,770,35,5874,39,12947,38,18821,California
Amador,2021-05-18,251,31304,171,7240,45,23259,35,805,166,5991,84,13031,201,19022,California
Amador,2021-05-19,75,31379,24,7264,47,23306,4,809,34,5991,40,13071,40,19062,California
Amador,2021-05-20,89,31468,47,7311,37,23343,5,814,30,5968,58,13129,35,19097,California
Amador,2021-05-21,275,31743,29,7340,244,23587,2,816,37,5769,238,13367,39,19136,California
Amador,2021-05-22,47,31790,16,7356,26,23613,5,821,13,5754,34,13401,19,19155,California
Amador,2021-05-23,29,31819,5,7361,21,23634,3,824,5,5738,24,13425,8,19163,California
Amador,2021-05-24,91,31910,32,7393,47,23681,12,836,42,5743,49,13474,54,19217,California
Amador,2021-05-25,141,32051,89,7482,27,23708,25,861,82,5793,57,13531,107,19324,California
Amador,2021-05-26,204,32255,160,7642,37,23745,7,868,39,5674,164,13695,45,19369,California
Amador,2021-05-27,82,32337,37,7679,36,23781,9,877,30,5661,52,13747,39,19408,California
Amador,2021-05-28,69,32406,26,7705,39,23820,4,881,29,5655,39,13786,33,19441,California
Amador,2021-05-29,26,32432,2,7707,21,23841,3,884,8,5648,18,13804,11,19452,California
Amador,2021-05-30,19,32451,5,7712,8,23849,6,890,5,5645,14,13818,11,19463,California
Amador,2021-05-31,10,32461,0,7712,9,23858,1,891,2,5640,8,13826,3,19466,California
Amador,2021-06-01,95,32556,66,7778,24,23882,5,896,43,5637,51,13877,48,19514,California
Amador,2021-06-02,46,32602,16,7794,22,23904,8,904,16,5632,30,13907,25,19539,California
Amador,2021-06-03,59,32661,26,7820,28,23932,5,909,19,5617,39,13946,24,19563,California
Amador,2021-06-04,101,32762,22,7842,58,23990,21,930,20,5577,81,14027,41,19604,California
Amador,2021-06-05,41,32803,16,7858,20,24010,5,935,4,5549,37,14064,9,19613,California
Amador,2021-06-06,18,32821,8,7866,9,24019,1,936,8,5548,10,14074,9,19622,California
Amador,2021-06-07,44,32865,18,7884,22,24041,4,940,17,5542,27,14101,21,19643,California
Amador,2021-06-08,174,33039,138,8022,25,24066,11,951,54,5489,119,14220,66,19709,California
Amador,2021-06-09,48,33087,19,8041,20,24086,9,960,12,5474,36,14256,21,19730,California
Amador,2021-06-10,55,33142,23,8064,20,24106,12,972,19,5469,36,14292,31,19761,California
Amador,2021-06-11,58,33200,17,8081,36,24142,5,977,12,5440,46,14338,17,19778,California
Amador,2021-06-12,23,33223,10,8091,11,24153,2,979,8,5436,14,14352,10,19788,California
Amador,2021-06-13,9,33232,2,8093,6,24159,1,980,2,5432,7,14359,3,19791,California
Amador,2021-06-14,47,33279,24,8117,21,24180,2,982,15,5417,32,14391,17,19808,California
Amador,2021-06-15,44,33323,13,8130,19,24199,12,994,18,5421,26,14417,30,19838,California
Amador,2021-06-16,73,33396,33,8163,31,24230,9,1003,34,5425,39,14456,43,19881,California
Amador,2021-06-17,47,33443,23,8186,20,24250,4,1007,27,5437,19,14475,31,19912,California
Amador,2021-06-18,157,33600,121,8307,29,24279,7,1014,63,5413,94,14569,70,19982,California
Amador,2021-06-19,30,33630,8,8315,14,24293,8,1022,11,5414,19,14588,20,20002,California
Amador,2021-06-20,8,33638,6,8321,1,24294,1,1023,3,5413,5,14593,4,20006,California
Amador,2021-06-21,46,33684,14,8335,23,24317,9,1032,15,5406,31,14624,24,20030,California
Amador,2021-06-22,63,33747,36,8371,24,24341,3,1035,41,5428,22,14646,44,20074,California
Amador,2021-06-23,52,33799,29,8400,15,24356,8,1043,32,5448,20,14666,40,20114,California
Amador,2021-06-24,57,33856,26,8426,21,24377,10,1053,31,5464,25,14691,41,20155,California
Amador,2021-06-25,68,33924,42,8468,14,24391,12,1065,44,5497,24,14715,57,20212,California
Amador,2021-06-26,13,33937,6,8474,5,24396,2,1067,9,5504,4,14719,11,20223,California
Amador,2021-06-27,23,33960,15,8489,4,24400,4,1071,12,5509,11,14730,16,20239,California
Amador,2021-06-28,65,34025,29,8518,21,24421,15,1086,36,5531,29,14759,51,20290,California
Amador,2021-06-29,58,34083,21,8539,28,24449,9,1095,33,5548,25,14784,42,20332,California
Amador,2021-06-30,23,34106,9,8548,11,24460,3,1098,16,5560,7,14791,19,20351,California
Butte,2020-12-16,3,3,3,3,0,0,0,0,3,3,0,0,3,3,California
Butte,2020-12-17,21,24,21,24,0,0,0,0,21,24,0,0,21,24,California
Butte,2020-12-18,52,76,52,76,0,0,0,0,52,76,0,0,52,76,California
Butte,2020-12-19,7,83,7,83,0,0,0,0,7,83,0,0,7,83,California
Butte,2020-12-20,10,93,10,93,0,0,0,0,10,93,0,0,10,93,California
Butte,2020-12-21,631,724,631,724,0,0,0,0,631,724,0,0,631,724,California
Butte,2020-12-22,619,1343,617,1341,2,2,0,0,619,1343,0,0,619,1343,California
Butte,2020-12-23,877,2220,861,2202,16,18,0,0,877,2220,0,0,877,2220,California
Butte,2020-12-24,159,2379,155,2357,4,22,0,0,159,2379,0,0,159,2379,California
Butte,2020-12-26,91,2470,89,2446,2,24,0,0,91,2470,0,0,91,2470,California
Butte,2020-12-27,35,2505,34,2480,1,25,0,0,35,2505,0,0,35,2505,California
Butte,2020-12-28,279,2784,273,2753,6,31,0,0,279,2784,0,0,279,2784,California
Butte,2020-12-29,205,2989,181,2934,24,55,0,0,205,2989,0,0,205,2989,California
Butte,2020-12-30,513,3502,291,3225,222,277,0,0,513,3502,0,0,513,3502,California
Butte,2020-12-31,213,3715,18,3243,195,472,0,0,213,3715,0,0,213,3715,California
Butte,2021-01-01,15,3730,6,3249,9,481,0,0,15,3730,0,0,15,3730,California
Butte,2021-01-02,40,3770,37,3286,3,484,0,0,40,3770,0,0,40,3770,California
Butte,2021-01-03,3,3773,0,3286,3,487,0,0,3,3773,0,0,3,3773,California
Butte,2021-01-04,208,3981,175,3461,33,520,0,0,208,3981,0,0,208,3981,California
Butte,2021-01-05,198,4179,153,3614,45,565,0,0,197,4177,1,1,197,4178,California
Butte,2021-01-06,625,4804,395,4009,230,795,0,0,620,4793,5,6,621,4799,California
Butte,2021-01-07,764,5568,370,4379,394,1189,0,0,744,5517,20,26,744,5543,California
Butte,2021-01-08,673,6241,531,4910,142,1331,0,0,625,6094,48,74,625,6168,California
Butte,2021-01-09,13,6254,8,4918,5,1336,0,0,7,6095,6,80,7,6175,California
Butte,2021-01-10,19,6273,5,4923,14,1350,0,0,14,6104,5,85,14,6189,California
Butte,2021-01-11,983,7256,947,5870,36,1386,0,0,356,5836,627,712,359,6548,California
Butte,2021-01-12,700,7956,655,6525,45,1431,0,0,276,5688,424,1136,276,6824,California
Butte,2021-01-13,1570,9526,1076,7601,494,1925,0,0,727,5575,842,1978,729,7553,California
Butte,2021-01-14,1637,11163,893,8494,744,2669,0,0,1440,6819,196,2174,1440,8993,California
Butte,2021-01-15,1064,12227,819,9313,245,2914,0,0,955,7664,110,2284,955,9948,California
Butte,2021-01-16,589,12816,301,9614,288,3202,0,0,544,8163,45,2329,544,10492,California
Butte,2021-01-17,239,13055,64,9678,175,3377,0,0,201,8326,38,2367,201,10693,California
Butte,2021-01-18,347,13402,305,9983,42,3419,0,0,279,8538,67,2434,279,10972,California
Butte,2021-01-19,494,13896,432,10415,62,3481,0,0,222,8488,272,2706,222,11194,California
Butte,2021-01-20,1396,15292,710,11125,686,4167,0,0,1093,9278,303,3009,1093,12287,California
Butte,2021-01-21,1495,16787,883,12008,612,4779,0,0,1387,10558,107,3116,1387,13674,California
Butte,2021-01-22,1143,17930,483,12491,660,5439,0,0,1089,11593,54,3170,1089,14763,California
Butte,2021-01-23,128,18058,85,12576,43,5482,0,0,103,11671,25,3195,103,14866,California
Butte,2021-01-24,8,18066,6,12582,2,5484,0,0,8,11679,0,3195,8,14874,California
Butte,2021-01-25,661,18727,338,12920,323,5807,0,0,498,12014,163,3358,498,15372,California
Butte,2021-01-26,1485,20212,379,13299,1106,6913,0,0,1346,13221,139,3497,1346,16718,California
Butte,2021-01-27,2109,22321,706,14005,1403,8316,0,0,1374,13861,734,4231,1374,18092,California
Butte,2021-01-28,2270,24591,262,14267,2008,10324,0,0,1957,15506,312,4543,1957,20049,California
Butte,2021-01-29,1692,26283,489,14756,1203,11527,0,0,1312,16440,378,4921,1312,21361,California
Butte,2021-01-30,32,26315,9,14765,23,11550,0,0,30,16468,2,4923,30,21391,California
Butte,2021-01-31,17,26332,15,14780,2,11552,0,0,16,16483,1,4924,16,21407,California
Butte,2021-02-01,1763,28095,406,15186,1357,12909,0,0,1369,17462,390,5314,1369,22776,California
Butte,2021-02-02,1944,30039,363,15549,1581,14490,0,0,1640,18797,305,5619,1640,24416,California
Butte,2021-02-03,2754,32793,781,16330,1973,16463,0,0,1854,19753,898,6517,1854,26270,California
Butte,2021-02-04,2977,35770,324,16654,2653,19116,0,0,2415,21609,559,7076,2415,28685,California
Butte,2021-02-05,1280,37050,670,17324,610,19726,0,0,554,21438,726,7802,555,29240,California
Butte,2021-02-06,151,37201,106,17430,45,19771,0,0,65,21417,86,7888,65,29305,California
Butte,2021-02-07,37,37238,33,17463,4,19775,0,0,14,21408,23,7911,14,29319,California
Butte,2021-02-08,700,37938,547,18010,153,19928,0,0,239,21187,460,8371,239,29558,California
Butte,2021-02-09,955,38893,459,18469,496,20424,0,0,724,21681,230,8601,724,30282,California
Butte,2021-02-10,1712,40605,1191,19660,521,20945,0,0,654,21281,1054,9655,654,30936,California
Butte,2021-02-11,2211,42816,1348,21008,863,21808,0,0,993,21059,1215,10870,993,31929,California
Butte,2021-02-12,1003,43819,435,21443,568,22376,0,0,323,20704,678,11548,323,32252,California
Butte,2021-02-13,250,44069,43,21486,207,22583,0,0,149,20752,101,11649,149,32401,California
Butte,2021-02-14,164,44233,10,21496,154,22737,0,0,158,20904,6,11655,158,32559,California
Butte,2021-02-15,263,44496,49,21545,214,22951,0,0,196,21033,67,11722,196,32755,California
Butte,2021-02-16,761,45257,437,21982,324,23275,0,0,302,20875,460,12182,302,33057,California
Butte,2021-02-17,1535,46792,853,22835,682,23957,0,0,851,21046,680,12862,851,33908,California
Butte,2021-02-18,1576,48368,775,23610,801,24758,0,0,761,20992,815,13677,761,34669,California
Butte,2021-02-19,1180,49548,395,24005,785,25543,0,0,403,20626,769,14446,403,35072,California
Butte,2021-02-20,491,50039,35,24040,456,25999,0,0,127,20393,360,14806,127,35199,California
Butte,2021-02-21,20,50059,17,24057,3,26002,0,0,14,20401,6,14812,14,35213,California
Butte,2021-02-22,1535,51594,308,24365,1227,27229,0,0,388,19648,1141,15953,388,35601,California
Butte,2021-02-23,1655,53249,298,24663,1357,28586,0,0,466,18933,1181,17134,466,36067,California
Butte,2021-02-24,2205,55454,629,25292,1576,30162,0,0,759,18255,1437,18571,759,36826,California
Butte,2021-02-25,2086,57540,584,25876,1502,31664,0,0,658,17493,1421,19992,659,37485,California
Butte,2021-02-26,924,58464,310,26186,614,32278,0,0,399,17371,521,20513,399,37884,California
Butte,2021-02-27,240,58704,50,26236,190,32468,0,0,188,17509,50,20563,188,38072,California
Butte,2021-02-28,144,58848,17,26253,127,32595,0,0,136,17637,8,20571,136,38208,California
Butte,2021-03-01,1642,60490,181,26434,1460,34055,1,1,337,16675,1300,21871,338,38546,California
Butte,2021-03-02,1763,62253,201,26635,1562,35617,0,1,307,15531,1451,23322,307,38853,California
Butte,2021-03-03,2794,65047,857,27492,1937,37554,0,1,481,13705,2307,25629,481,39334,California
Butte,2021-03-04,3160,68207,683,28175,2477,40031,0,1,627,11802,2530,28159,627,39961,California
Butte,2021-03-05,1362,69569,620,28795,741,40772,1,2,738,11921,620,28779,739,40700,California
Butte,2021-03-06,250,69819,27,28822,200,40972,23,25,187,12069,62,28841,210,40910,California
Butte,2021-03-07,57,69876,3,28825,37,41009,17,42,32,12093,25,28866,49,40959,California
Butte,2021-03-08,1275,71151,132,28957,1065,42074,78,120,1105,13109,167,29033,1183,42142,California
Butte,2021-03-09,1910,73061,284,29241,1524,43598,102,222,1413,14131,493,29526,1515,43657,California
Butte,2021-03-10,2326,75387,972,30213,1254,44852,100,322,1582,15075,738,30264,1682,45339,California
Butte,2021-03-11,2819,78206,1325,31538,1366,46218,128,450,1977,16350,831,31095,2106,47445,California
Butte,2021-03-12,1166,79372,333,31871,466,46684,367,817,351,16260,808,31903,718,48163,California
Butte,2021-03-13,274,79646,70,31941,143,46827,61,878,65,16176,209,32112,125,48288,California
Butte,2021-03-14,165,79811,17,31958,106,46933,42,920,22,16098,142,32254,64,48352,California
Butte,2021-03-15,1737,81548,356,32314,1087,48020,294,1214,1141,16946,587,32841,1435,49787,California
Butte,2021-03-16,1688,83236,431,32745,1179,49199,78,1292,1101,17542,582,33423,1178,50965,California
Butte,2021-03-17,1960,85196,1355,34100,524,49723,81,1373,1108,17886,844,34267,1188,52153,California
Butte,2021-03-18,1810,87006,1462,35562,220,49943,128,1501,1055,18319,749,35016,1182,53335,California
Butte,2021-03-19,698,87704,312,35874,302,50245,84,1585,344,18403,344,35360,428,53763,California
Butte,2021-03-20,209,87913,31,35905,161,50406,17,1602,97,18405,112,35472,114,53877,California
Butte,2021-03-21,73,87986,40,35945,4,50410,29,1631,24,18411,47,35519,53,53930,California
Butte,2021-03-22,1506,89492,372,36317,1039,51449,95,1726,1239,19479,265,35784,1333,55263,California
Butte,2021-03-23,1860,91352,523,36840,1223,52672,114,1840,1507,20751,349,36133,1621,56884,California
Butte,2021-03-24,2267,93619,1270,38110,871,53543,126,1966,1709,22032,553,36686,1834,58718,California
Butte,2021-03-25,1487,95106,1200,39310,195,53738,92,2058,1019,22680,463,37149,1111,59829,California
Butte,2021-03-26,1211,96317,441,39751,523,54261,247,2305,561,22845,643,37792,808,60637,California
Butte,2021-03-27,305,96622,87,39838,194,54455,24,2329,137,22839,165,37957,159,60796,California
Butte,2021-03-28,230,96852,45,39883,177,54632,8,2337,103,22825,124,38081,110,60906,California
Butte,2021-03-29,1764,98616,383,40266,1311,55943,70,2407,1341,23818,418,38499,1411,62317,California
Butte,2021-03-30,1039,99655,472,40738,476,56419,91,2498,491,23858,542,39041,582,62899,California
Butte,2021-03-31,1782,101437,1305,42043,410,56829,67,2565,1085,24322,688,39729,1152,64051,California
Butte,2021-04-01,3340,104777,2712,44755,499,57328,129,2694,2262,25643,1070,40799,2391,66442,California
Butte,2021-04-02,1009,105786,423,45178,465,57793,121,2815,569,25899,432,41231,688,67130,California
Butte,2021-04-03,347,106133,47,45225,225,58018,75,2890,164,25955,183,41414,239,67369,California
Butte,2021-04-04,190,106323,25,45250,141,58159,24,2914,110,26011,78,41492,134,67503,California
Butte,2021-04-05,1971,108294,419,45669,1381,59540,171,3085,594,25406,1368,42860,763,68266,California
Butte,2021-04-06,2216,110510,620,46289,1173,60713,423,3508,803,25226,1404,44264,1224,69490,California
Butte,2021-04-07,3045,113555,1325,47614,1326,62039,394,3902,717,24015,2322,46586,1111,70601,California
Butte,2021-04-08,2754,116309,1202,48816,1283,63322,269,4171,457,22448,2294,48880,727,71328,California
Butte,2021-04-09,1379,117688,354,49170,542,63864,483,4654,330,22211,1045,49925,808,72136,California
Butte,2021-04-10,229,117917,48,49218,80,63944,101,4755,102,22287,126,50051,202,72338,California
Butte,2021-04-11,107,118024,44,49262,53,63997,10,4765,83,22357,23,50074,93,72431,California
Butte,2021-04-12,1414,119438,315,49577,965,64962,134,4899,234,21545,1180,51254,368,72799,California
Butte,2021-04-13,1655,121093,574,50151,1075,66037,6,4905,345,20593,1303,52557,351,73150,California
Butte,2021-04-14,2855,123948,2361,52512,494,66531,0,4905,1326,20396,1524,54081,1327,74477,California
Butte,2021-04-15,649,124597,399,52911,250,66781,0,4905,486,20725,157,54238,486,74963,California
Butte,2021-04-16,816,125413,419,53330,397,67178,0,4905,482,20875,332,54570,482,75445,California
Butte,2021-04-17,345,125758,62,53392,283,67461,0,4905,242,21015,102,54672,242,75687,California
Butte,2021-04-18,57,125815,23,53415,34,67495,0,4905,44,21046,13,54685,44,75731,California
Butte,2021-04-19,1566,127381,385,53800,1181,68676,0,4905,418,20319,1145,55830,418,76149,California
Butte,2021-04-20,2031,129412,765,54565,1266,69942,0,4905,759,19814,1264,57094,759,76908,California
Butte,2021-04-21,2111,131523,1228,55793,883,70825,0,4905,487,18684,1617,58711,487,77395,California
Butte,2021-04-22,2270,133793,1984,57777,286,71111,0,4905,625,17669,1640,60351,625,78020,California
Butte,2021-04-23,971,134764,473,58250,498,71609,0,4905,491,17681,479,60830,491,78511,California
Butte,2021-04-24,349,135113,139,58389,210,71819,0,4905,191,17714,158,60988,191,78702,California
Butte,2021-04-25,174,135287,69,58458,105,71924,0,4905,65,17670,109,61097,65,78767,California
Butte,2021-04-26,1575,136862,470,58928,1100,73024,5,4910,409,16923,1161,62258,414,79181,California
Butte,2021-04-27,1036,137898,696,59624,313,73337,27,4937,588,17096,443,62701,616,79797,California
Butte,2021-04-28,1432,139330,977,60601,430,73767,25,4962,509,16712,918,63619,534,80331,California
Butte,2021-04-29,914,140244,569,61170,320,74087,25,4987,311,16451,597,64216,336,80667,California
Butte,2021-04-30,927,141171,419,61589,487,74574,21,5008,465,16482,454,64670,485,81152,California
Butte,2021-05-01,244,141415,64,61653,158,74732,22,5030,72,16404,169,64839,91,81243,California
Butte,2021-05-02,151,141566,63,61716,75,74807,13,5043,43,16352,108,64947,56,81299,California
Butte,2021-05-03,635,142201,257,61973,347,75154,31,5074,177,16112,448,65395,208,81507,California
Butte,2021-05-04,848,143049,343,62316,473,75627,32,5106,223,15747,619,66014,254,81761,California
Butte,2021-05-05,1374,144423,1121,63437,215,75842,38,5144,291,14999,1077,67091,329,82090,California
Butte,2021-05-06,965,145388,701,64138,225,76067,39,5183,366,14809,595,67686,405,82495,California
Butte,2021-05-07,581,145969,310,64448,235,76302,36,5219,296,14858,282,67968,331,82826,California
Butte,2021-05-08,188,146157,53,64501,124,76426,11,5230,91,14864,96,68064,102,82928,California
Butte,2021-05-09,103,146260,27,64528,73,76499,3,5233,54,14872,49,68113,57,82985,California
Butte,2021-05-10,535,146795,316,64844,174,76673,45,5278,214,14813,318,68431,259,83244,California
Butte,2021-05-11,915,147710,661,65505,194,76867,60,5338,296,14553,616,69047,356,83600,California
Butte,2021-05-12,784,148494,483,65988,253,77120,48,5386,334,14490,445,69492,382,83982,California
Butte,2021-05-13,947,149441,627,66615,255,77375,65,5451,349,14315,587,70079,412,84394,California
Butte,2021-05-14,869,150310,543,67158,293,77668,33,5484,380,14241,486,70565,412,84806,California
Butte,2021-05-15,508,150818,247,67405,227,77895,34,5518,238,14245,268,70833,272,85078,California
Butte,2021-05-16,168,150986,82,67487,68,77963,18,5536,98,14292,69,70902,116,85194,California
Butte,2021-05-17,770,151756,497,67984,224,78187,49,5585,331,14236,435,71337,379,85573,California
Butte,2021-05-18,1068,152824,735,68719,284,78471,49,5634,475,14173,587,71924,524,86097,California
Butte,2021-05-19,833,153657,541,69260,248,78719,44,5678,327,14043,500,72424,370,86467,California
Butte,2021-05-20,985,154642,660,69920,215,78934,110,5788,384,13938,598,73022,493,86960,California
Butte,2021-05-21,890,155532,543,70463,321,79255,26,5814,293,13663,593,73615,318,87278,California
Butte,2021-05-22,297,155829,137,70600,145,79400,15,5829,142,13667,152,73767,156,87434,California
Butte,2021-05-23,131,155960,82,70682,48,79448,1,5830,79,13695,52,73819,80,87514,California
Butte,2021-05-24,353,156313,165,70847,138,79586,50,5880,177,13747,174,73993,226,87740,California
Butte,2021-05-25,699,157012,448,71295,215,79801,36,5916,342,13775,350,74343,378,88118,California
Butte,2021-05-26,561,157573,180,71475,358,80159,23,5939,242,13728,311,74654,264,88382,California
Butte,2021-05-27,865,158438,623,72098,224,80383,18,5957,422,13731,438,75092,441,88823,California
Butte,2021-05-28,520,158958,141,72239,300,80683,79,6036,212,13717,305,75397,291,89114,California
Butte,2021-05-29,225,159183,116,72355,97,80780,12,6048,144,13792,81,75478,156,89270,California
Butte,2021-05-30,107,159290,56,72411,51,80831,0,6048,59,13803,48,75526,59,89329,California
Butte,2021-05-31,43,159333,23,72434,18,80849,2,6050,25,13812,18,75544,27,89356,California
Butte,2021-06-01,676,160009,427,72861,213,81062,36,6086,252,13680,420,75964,288,89644,California
Butte,2021-06-02,818,160827,565,73426,208,81270,45,6131,349,13609,464,76428,393,90037,California
Butte,2021-06-03,626,161453,422,73848,187,81457,17,6148,205,13413,418,76846,222,90259,California
Butte,2021-06-04,484,161937,277,74125,179,81636,28,6176,145,13253,333,77179,173,90432,California
Butte,2021-06-05,320,162257,208,74333,92,81728,20,6196,96,13146,223,77402,116,90548,California
Butte,2021-06-06,134,162391,99,74432,33,81761,2,6198,32,13079,101,77503,34,90582,California
Butte,2021-06-07,403,162794,257,74689,116,81877,30,6228,167,13041,235,77738,197,90779,California
Butte,2021-06-08,652,163446,470,75159,163,82040,19,6247,179,12778,462,78200,199,90978,California
Butte,2021-06-09,436,163882,299,75458,118,82158,19,6266,146,12659,284,78484,165,91143,California
Butte,2021-06-10,633,164515,451,75909,150,82308,32,6298,234,12526,397,78881,264,91407,California
Butte,2021-06-11,444,164959,265,76174,158,82466,21,6319,149,12403,293,79174,170,91577,California
Butte,2021-06-12,252,165211,154,76328,88,82554,10,6329,76,12314,175,79349,86,91663,California
Butte,2021-06-13,97,165308,64,76392,30,82584,3,6332,20,12260,77,79426,23,91686,California
Butte,2021-06-14,387,165695,232,76624,135,82719,20,6352,136,12167,250,79676,157,91843,California
Butte,2021-06-15,548,166243,385,77009,137,82856,26,6378,161,11973,381,80057,187,92030,California
Butte,2021-06-16,417,166660,256,77265,116,82972,45,6423,168,11939,246,80303,212,92242,California
Butte,2021-06-17,581,167241,433,77698,121,83093,27,6450,179,11744,401,80704,206,92448,California
Butte,2021-06-18,410,167651,205,77903,152,83245,53,6503,160,11706,248,80952,210,92658,California
Butte,2021-06-19,207,167858,153,78056,49,83294,5,6508,92,11688,115,81067,97,92755,California
Butte,2021-06-20,93,167951,68,78124,25,83319,0,6508,24,11643,69,81136,24,92779,California
Butte,2021-06-21,277,168228,164,78288,91,83410,22,6530,132,11654,143,81279,154,92933,California
Butte,2021-06-22,419,168647,274,78562,121,83531,24,6554,151,11565,264,81543,175,93108,California
Butte,2021-06-23,448,169095,331,78893,92,83623,25,6579,164,11470,283,81826,188,93296,California
Butte,2021-06-24,421,169516,284,79177,108,83731,29,6608,153,11384,267,82093,181,93477,California
Butte,2021-06-25,411,169927,201,79378,187,83918,23,6631,153,11303,257,82350,176,93653,California
Butte,2021-06-26,132,170059,96,79474,34,83952,2,6633,55,11283,77,82427,57,93710,California
Butte,2021-06-27,63,170122,38,79512,24,83976,1,6634,20,11261,43,82470,21,93731,California
Butte,2021-06-28,296,170418,223,79735,54,84030,19,6653,122,11229,173,82643,141,93872,California
Butte,2021-06-29,316,170734,213,79948,92,84122,11,6664,137,11200,176,82819,147,94019,California
Butte,2021-06-30,182,170916,123,80071,47,84169,12,6676,86,11202,96,82915,98,94117,California
Calaveras,2020-12-16,5,5,5,5,0,0,0,0,5,5,0,0,5,5,California
Calaveras,2020-12-17,3,8,3,8,0,0,0,0,3,8,0,0,3,8,California
Calaveras,2020-12-18,39,47,39,47,0,0,0,0,39,47,0,0,39,47,California
Calaveras,2020-12-19,3,50,3,50,0,0,0,0,3,50,0,0,3,50,California
Calaveras,2020-12-20,4,54,4,54,0,0,0,0,4,54,0,0,4,54,California
Calaveras,2020-12-21,54,108,47,101,7,7,0,0,54,108,0,0,54,108,California
Calaveras,2020-12-22,82,190,78,179,4,11,0,0,83,191,0,0,83,191,California
Calaveras,2020-12-23,76,266,74,253,2,13,0,0,76,267,0,0,76,267,California
Calaveras,2020-12-24,2,268,2,255,0,13,0,0,2,269,0,0,2,269,California
Calaveras,2020-12-26,3,271,3,258,0,13,0,0,3,272,0,0,3,272,California
Calaveras,2020-12-27,1,272,1,259,0,13,0,0,1,273,0,0,1,273,California
Calaveras,2020-12-28,22,294,18,277,4,17,0,0,21,293,1,1,21,294,California
Calaveras,2020-12-29,160,454,138,415,22,39,0,0,160,453,0,1,160,454,California
Calaveras,2020-12-30,94,548,82,497,12,51,0,0,94,547,0,1,94,548,California
Calaveras,2020-12-31,37,585,26,523,11,62,0,0,37,584,0,1,37,585,California
Calaveras,2021-01-02,11,596,11,534,0,62,0,0,11,595,0,1,11,596,California
Calaveras,2021-01-03,10,606,4,538,6,68,0,0,10,605,0,1,10,606,California
Calaveras,2021-01-04,33,639,5,543,28,96,0,0,33,638,0,1,33,639,California
Calaveras,2021-01-05,42,681,11,554,31,127,0,0,33,667,9,10,38,677,California
Calaveras,2021-01-06,107,788,30,584,77,204,0,0,97,754,10,20,97,774,California
Calaveras,2021-01-07,106,894,26,610,80,284,0,0,93,837,11,31,94,868,California
Calaveras,2021-01-08,69,963,39,649,30,314,0,0,45,860,24,55,47,915,California
Calaveras,2021-01-09,5,968,5,654,0,314,0,0,2,859,3,58,2,917,California
Calaveras,2021-01-10,2,970,0,654,2,316,0,0,2,861,0,58,2,919,California
Calaveras,2021-01-11,66,1036,60,714,6,322,0,0,27,852,38,96,29,948,California
Calaveras,2021-01-12,87,1123,54,768,33,355,0,0,52,870,35,131,53,1001,California
Calaveras,2021-01-13,110,1233,46,814,64,419,0,0,75,911,35,166,76,1077,California
Calaveras,2021-01-14,142,1375,45,859,97,516,0,0,108,987,33,199,109,1186,California
Calaveras,2021-01-15,93,1468,29,888,64,580,0,0,73,1040,20,219,73,1259,California
Calaveras,2021-01-16,13,1481,2,890,11,591,0,0,12,1051,1,220,12,1271,California
Calaveras,2021-01-17,10,1491,2,892,8,599,0,0,9,1059,1,221,9,1280,California
Calaveras,2021-01-18,138,1629,21,913,117,716,0,0,122,1169,16,237,126,1406,California
Calaveras,2021-01-19,208,1837,177,1090,31,747,0,0,70,1104,137,374,72,1478,California
Calaveras,2021-01-20,380,2217,82,1172,298,1045,0,0,286,1315,93,467,304,1782,California
Calaveras,2021-01-21,468,2685,42,1214,426,1471,0,0,426,1717,42,509,444,2226,California
Calaveras,2021-01-22,406,3091,25,1239,381,1852,0,0,389,2102,17,526,402,2628,California
Calaveras,2021-01-23,19,3110,8,1247,11,1863,0,0,18,2119,1,527,18,2646,California
Calaveras,2021-01-24,14,3124,8,1255,6,1869,0,0,12,2129,2,529,12,2658,California
Calaveras,2021-01-25,87,3211,7,1262,80,1949,0,0,82,2206,5,534,82,2740,California
Calaveras,2021-01-26,50,3261,17,1279,33,1982,0,0,40,2236,10,544,40,2780,California
Calaveras,2021-01-27,140,3401,47,1326,93,2075,0,0,111,2319,28,572,111,2891,California
Calaveras,2021-01-28,165,3566,25,1351,140,2215,0,0,137,2434,28,600,143,3034,California
Calaveras,2021-01-29,399,3965,14,1365,385,2600,0,0,364,2779,35,635,380,3414,California
Calaveras,2021-01-30,27,3992,10,1375,17,2617,0,0,25,2804,0,635,25,3439,California
Calaveras,2021-01-31,6,3998,4,1379,2,2619,0,0,5,2808,1,636,5,3444,California
Calaveras,2021-02-01,31,4029,12,1391,19,2638,0,0,22,2821,9,645,22,3466,California
Calaveras,2021-02-02,114,4143,25,1416,89,2727,0,0,75,2863,34,679,76,3542,California
Calaveras,2021-02-03,445,4588,45,1461,400,3127,0,0,360,3141,84,763,362,3904,California
Calaveras,2021-02-04,391,4979,26,1487,365,3492,0,0,305,3363,86,849,308,4212,California
Calaveras,2021-02-05,81,5060,22,1509,59,3551,0,0,42,3367,39,888,43,4255,California
Calaveras,2021-02-06,22,5082,12,1521,10,3561,0,0,22,3389,0,888,22,4277,California
Calaveras,2021-02-07,6,5088,1,1522,5,3566,0,0,2,3389,2,890,2,4279,California
Calaveras,2021-02-08,41,5129,19,1541,22,3588,0,0,33,3416,6,896,33,4312,California
Calaveras,2021-02-09,196,5325,79,1620,117,3705,0,0,133,3489,61,957,134,4446,California
Calaveras,2021-02-10,518,5843,33,1653,485,4190,0,0,444,3867,74,1031,452,4898,California
Calaveras,2021-02-11,600,6443,91,1744,509,4699,0,0,481,4244,116,1147,493,5391,California
Calaveras,2021-02-12,577,7020,326,2070,251,4950,0,0,491,4661,84,1231,501,5892,California
Calaveras,2021-02-13,203,7223,45,2115,158,5108,0,0,188,4834,15,1246,188,6080,California
Calaveras,2021-02-14,225,7448,71,2186,154,5262,0,0,209,5029,14,1260,209,6289,California
Calaveras,2021-02-15,388,7836,25,2211,363,5625,0,0,264,5174,119,1379,264,6553,California
Calaveras,2021-02-16,270,8106,146,2357,124,5749,0,0,232,5371,38,1417,235,6788,California
Calaveras,2021-02-17,514,8620,40,2397,474,6223,0,0,204,5288,292,1709,209,6997,California
Calaveras,2021-02-18,504,9124,96,2493,408,6631,0,0,98,5005,382,2091,99,7096,California
Calaveras,2021-02-19,442,9566,43,2536,399,7030,0,0,98,4774,329,2420,98,7194,California
Calaveras,2021-02-20,58,9624,15,2551,43,7073,0,0,48,4812,10,2430,48,7242,California
Calaveras,2021-02-21,27,9651,16,2567,11,7084,0,0,20,4826,6,2436,20,7262,California
Calaveras,2021-02-22,62,9713,38,2605,24,7108,0,0,33,4830,29,2465,33,7295,California
Calaveras,2021-02-23,136,9849,49,2654,87,7195,0,0,95,4885,41,2506,96,7391,California
Calaveras,2021-02-24,98,9947,48,2702,50,7245,0,0,67,4922,30,2536,67,7458,California
Calaveras,2021-02-25,559,10506,106,2808,453,7698,0,0,357,5094,193,2729,365,7823,California
Calaveras,2021-02-26,786,11292,45,2853,741,8439,0,0,378,5091,383,3112,380,8203,California
Calaveras,2021-02-27,205,11497,25,2878,180,8619,0,0,180,5246,25,3137,180,8383,California
Calaveras,2021-02-28,97,11594,15,2893,82,8701,0,0,92,5333,5,3142,92,8475,California
Calaveras,2021-03-01,251,11845,48,2941,203,8904,0,0,154,5396,92,3234,155,8630,California
Calaveras,2021-03-02,262,12107,105,3046,157,9061,0,0,209,5557,50,3284,211,8841,California
Calaveras,2021-03-03,571,12678,110,3156,461,9522,0,0,218,5429,347,3631,219,9060,California
Calaveras,2021-03-04,756,13434,71,3227,684,10206,1,1,353,5390,394,4025,355,9415,California
Calaveras,2021-03-05,458,13892,272,3499,182,10388,4,5,143,5235,302,4327,147,9562,California
Calaveras,2021-03-06,155,14047,43,3542,106,10494,6,11,114,5315,41,4368,121,9683,California
Calaveras,2021-03-07,76,14123,32,3574,37,10531,7,18,35,5316,41,4409,42,9725,California
Calaveras,2021-03-08,171,14294,33,3607,130,10661,8,26,133,5421,36,4445,141,9866,California
Calaveras,2021-03-09,376,14670,143,3750,227,10888,6,32,33,5123,337,4782,39,9905,California
Calaveras,2021-03-10,432,15102,35,3785,394,11282,3,35,58,4820,364,5146,61,9966,California
Calaveras,2021-03-11,882,15984,442,4227,427,11709,13,48,437,4841,431,5577,452,10418,California
Calaveras,2021-03-12,430,16414,224,4451,196,11905,10,58,326,5084,102,5679,345,10763,California
Calaveras,2021-03-13,193,16607,19,4470,166,12071,8,66,140,5185,51,5730,152,10915,California
Calaveras,2021-03-14,161,16768,11,4481,149,12220,1,67,18,5067,143,5873,25,10940,California
Calaveras,2021-03-15,336,17104,50,4531,260,12480,26,93,54,4870,281,6154,84,11024,California
Calaveras,2021-03-16,700,17804,562,5093,118,12598,20,113,553,5298,145,6299,573,11597,California
Calaveras,2021-03-17,287,18091,53,5146,220,12818,14,127,52,5137,228,6527,67,11664,California
Calaveras,2021-03-18,672,18763,576,5722,80,12898,16,143,549,5581,123,6650,567,12231,California
Calaveras,2021-03-19,237,19000,52,5774,110,13008,75,218,60,5541,173,6823,133,12364,California
Calaveras,2021-03-20,81,19081,22,5796,58,13066,1,219,23,5508,58,6881,25,12389,California
Calaveras,2021-03-21,47,19128,29,5825,7,13073,11,230,9,5492,37,6918,21,12410,California
Calaveras,2021-03-22,84,19212,39,5864,24,13097,21,251,26,5481,58,6976,47,12457,California
Calaveras,2021-03-23,299,19511,205,6069,84,13181,10,261,118,5439,169,7145,127,12584,California
Calaveras,2021-03-24,136,19647,52,6121,74,13255,10,271,44,5403,90,7235,54,12638,California
Calaveras,2021-03-25,754,20401,109,6230,641,13896,4,275,451,5566,292,7527,455,13093,California
Calaveras,2021-03-26,437,20838,29,6259,401,14297,7,282,90,5324,341,7868,99,13192,California
Calaveras,2021-03-27,213,21051,21,6280,188,14485,4,286,38,5196,172,8040,44,13236,California
Calaveras,2021-03-28,113,21164,12,6292,98,14583,3,289,8,5104,104,8144,12,13248,California
Calaveras,2021-03-29,187,21351,25,6317,159,14742,3,292,59,5042,125,8269,63,13311,California
Calaveras,2021-03-30,541,21892,26,6343,498,15240,17,309,362,5243,178,8447,379,13690,California
Calaveras,2021-03-31,328,22220,143,6486,175,15415,10,319,159,5246,167,8614,170,13860,California
Calaveras,2021-04-01,694,22914,448,6934,245,15660,1,320,184,4929,506,9120,189,14049,California
Calaveras,2021-04-02,400,23314,234,7168,158,15818,8,328,116,4779,276,9396,126,14175,California
Calaveras,2021-04-03,144,23458,35,7203,105,15923,4,332,40,4719,104,9500,44,14219,California
Calaveras,2021-04-04,82,23540,26,7229,56,15979,0,332,50,4737,32,9532,50,14269,California
Calaveras,2021-04-05,213,23753,81,7310,122,16101,10,342,99,4732,114,9646,109,14378,California
Calaveras,2021-04-06,661,24414,581,7891,66,16167,14,356,115,4319,542,10188,129,14507,California
Calaveras,2021-04-07,762,25176,664,8555,61,16228,37,393,621,4837,141,10329,659,15166,California
Calaveras,2021-04-08,949,26125,856,9411,70,16298,23,416,433,4782,512,10841,457,15623,California
Calaveras,2021-04-09,159,26284,61,9472,49,16347,49,465,56,4787,99,10940,104,15727,California
Calaveras,2021-04-10,194,26478,42,9514,133,16480,19,484,148,4910,45,10985,168,15895,California
Calaveras,2021-04-11,70,26548,45,9559,23,16503,2,486,49,4940,21,11006,51,15946,California
Calaveras,2021-04-12,107,26655,46,9605,42,16545,19,505,57,4967,50,11056,77,16023,California
Calaveras,2021-04-13,428,27083,372,9977,56,16601,0,505,367,5276,60,11116,369,16392,California
Calaveras,2021-04-14,185,27268,28,10005,157,16758,0,505,135,5363,49,11165,136,16528,California
Calaveras,2021-04-15,335,27603,284,10289,51,16809,0,505,244,5521,86,11251,244,16772,California
Calaveras,2021-04-16,109,27712,32,10321,77,16886,0,505,50,5519,52,11303,50,16822,California
Calaveras,2021-04-17,334,28046,128,10449,206,17092,0,505,291,5767,43,11346,291,17113,California
Calaveras,2021-04-18,18,28064,5,10454,13,17105,0,505,11,5771,7,11353,11,17124,California
Calaveras,2021-04-19,76,28140,27,10481,49,17154,0,505,44,5785,31,11384,45,17169,California
Calaveras,2021-04-20,270,28410,93,10574,177,17331,0,505,197,5915,67,11451,197,17366,California
Calaveras,2021-04-21,217,28627,146,10720,71,17402,0,505,83,5867,132,11583,84,17450,California
Calaveras,2021-04-22,546,29173,97,10817,449,17851,0,505,143,5613,399,11982,145,17595,California
Calaveras,2021-04-23,162,29335,81,10898,81,17932,0,505,64,5582,95,12077,64,17659,California
Calaveras,2021-04-24,174,29509,37,10935,137,18069,0,505,131,5672,42,12119,132,17791,California
Calaveras,2021-04-25,42,29551,28,10963,14,18083,0,505,21,5674,21,12140,23,17814,California
Calaveras,2021-04-26,119,29670,74,11037,45,18128,0,505,35,5627,83,12223,36,17850,California
Calaveras,2021-04-27,446,30116,74,11111,359,18487,13,518,58,5314,384,12607,71,17921,California
Calaveras,2021-04-28,650,30766,580,11691,39,18526,31,549,55,4815,592,13199,93,18014,California
Calaveras,2021-04-29,518,31284,442,12133,57,18583,19,568,72,4467,443,13642,95,18109,California
Calaveras,2021-04-30,156,31440,62,12195,89,18672,5,573,71,4465,84,13726,82,18191,California
Calaveras,2021-05-01,202,31642,111,12306,88,18760,3,576,134,4539,67,13793,141,18332,California
Calaveras,2021-05-02,53,31695,36,12342,16,18776,1,577,20,4530,31,13824,22,18354,California
Calaveras,2021-05-03,94,31789,69,12411,20,18796,5,582,30,4506,63,13887,39,18393,California
Calaveras,2021-05-04,420,32209,330,12741,53,18849,37,619,44,4213,375,14262,82,18475,California
Calaveras,2021-05-05,113,32322,58,12799,23,18872,32,651,50,4233,61,14323,81,18556,California
Calaveras,2021-05-06,255,32577,194,12993,37,18909,24,675,47,4099,206,14529,72,18628,California
Calaveras,2021-05-07,89,32666,25,13018,58,18967,6,681,58,4132,31,14560,64,18692,California
Calaveras,2021-05-08,290,32956,142,13160,146,19113,2,683,90,4028,196,14756,92,18784,California
Calaveras,2021-05-09,29,32985,12,13172,14,19127,3,686,13,4028,16,14772,16,18800,California
Calaveras,2021-05-10,64,33049,29,13201,34,19161,1,687,28,4024,34,14806,30,18830,California
Calaveras,2021-05-11,137,33186,91,13292,34,19195,12,699,95,4091,41,14847,108,18938,California
Calaveras,2021-05-12,171,33357,49,13341,122,19317,0,699,53,4027,117,14964,53,18991,California
Calaveras,2021-05-13,121,33478,66,13407,40,19357,15,714,65,4054,54,15018,81,19072,California
Calaveras,2021-05-14,149,33627,92,13499,54,19411,3,717,100,4109,48,15066,103,19175,California
Calaveras,2021-05-15,268,33895,96,13595,169,19580,3,720,106,4062,156,15222,109,19284,California
Calaveras,2021-05-16,30,33925,12,13607,18,19598,0,720,14,4061,16,15238,15,19299,California
Calaveras,2021-05-17,90,34015,42,13649,41,19639,7,727,47,4074,42,15280,55,19354,California
Calaveras,2021-05-18,228,34243,62,13711,144,19783,22,749,73,4015,154,15434,95,19449,California
Calaveras,2021-05-19,151,34394,63,13774,84,19867,4,753,72,4014,78,15512,77,19526,California
Calaveras,2021-05-20,203,34597,80,13854,97,19964,26,779,66,3971,134,15646,91,19617,California
Calaveras,2021-05-21,97,34694,55,13909,38,20002,4,783,58,3994,38,15684,61,19678,California
Calaveras,2021-05-22,303,34997,160,14069,143,20145,0,783,148,3988,154,15838,148,19826,California
Calaveras,2021-05-23,31,35028,16,14085,15,20160,0,783,13,3983,18,15856,13,19839,California
Calaveras,2021-05-24,77,35105,41,14126,20,20180,16,799,33,3989,44,15900,50,19889,California
Calaveras,2021-05-25,125,35230,48,14174,60,20240,17,816,57,3995,68,15968,74,19963,California
Calaveras,2021-05-26,120,35350,87,14261,29,20269,4,820,83,4045,36,16004,86,20049,California
Calaveras,2021-05-27,85,35435,44,14305,37,20306,4,824,29,4026,53,16057,34,20083,California
Calaveras,2021-05-28,85,35520,44,14349,37,20343,4,828,39,4023,46,16103,43,20126,California
Calaveras,2021-05-29,69,35589,23,14372,41,20384,5,833,33,4026,36,16139,39,20165,California
Calaveras,2021-05-30,36,35625,14,14386,17,20401,5,838,11,4017,25,16164,16,20181,California
Calaveras,2021-05-31,5,35630,0,14386,3,20404,2,840,0,4014,5,16169,2,20183,California
Calaveras,2021-06-01,145,35775,97,14483,42,20446,6,846,44,3963,101,16270,50,20233,California
Calaveras,2021-06-02,85,35860,54,14537,27,20473,4,850,36,3954,49,16319,40,20273,California
Calaveras,2021-06-03,93,35953,55,14592,31,20504,7,857,42,3956,49,16368,51,20324,California
Calaveras,2021-06-04,139,36092,93,14685,34,20538,12,869,36,3901,103,16471,48,20372,California
Calaveras,2021-06-05,85,36177,28,14713,55,20593,2,871,34,3887,50,16521,36,20408,California
Calaveras,2021-06-06,40,36217,28,14741,9,20602,3,874,21,3892,19,16540,24,20432,California
Calaveras,2021-06-07,62,36279,45,14786,9,20611,8,882,25,3889,36,16576,33,20465,California
Calaveras,2021-06-08,125,36404,79,14865,39,20650,7,889,57,3887,66,16642,64,20529,California
Calaveras,2021-06-09,95,36499,51,14916,38,20688,6,895,30,3860,65,16707,38,20567,California
Calaveras,2021-06-10,119,36618,58,14974,52,20740,9,904,41,3834,76,16783,50,20617,California
Calaveras,2021-06-11,103,36721,58,15032,40,20780,5,909,32,3800,71,16854,37,20654,California
Calaveras,2021-06-12,62,36783,36,15068,24,20804,2,911,19,3779,43,16897,22,20676,California
Calaveras,2021-06-13,31,36814,18,15086,9,20813,4,915,8,3768,23,16920,12,20688,California
Calaveras,2021-06-14,59,36873,39,15125,16,20829,4,919,22,3758,37,16957,27,20715,California
Calaveras,2021-06-15,90,36963,55,15180,26,20855,9,928,23,3724,67,17024,33,20748,California
Calaveras,2021-06-16,179,37142,138,15318,27,20882,14,942,39,3638,139,17163,53,20801,California
Calaveras,2021-06-17,60,37202,32,15350,23,20905,5,947,24,3634,33,17196,29,20830,California
Calaveras,2021-06-18,60,37262,41,15391,15,20920,4,951,25,3628,35,17231,29,20859,California
Calaveras,2021-06-19,66,37328,23,15414,26,20946,17,968,23,3625,43,17274,40,20899,California
Calaveras,2021-06-20,6,37334,2,15416,3,20949,1,969,2,3624,4,17278,3,20902,California
Calaveras,2021-06-21,39,37373,15,15431,18,20967,6,975,24,3640,15,17293,31,20933,California
Calaveras,2021-06-22,64,37437,32,15463,30,20997,2,977,29,3638,34,17327,32,20965,California
Calaveras,2021-06-23,60,37497,34,15497,19,21016,7,984,26,3637,34,17361,33,20998,California
Calaveras,2021-06-24,72,37569,36,15533,32,21048,4,988,38,3645,34,17395,42,21040,California
Calaveras,2021-06-25,53,37622,32,15565,13,21061,8,996,23,3646,30,17425,31,21071,California
Calaveras,2021-06-26,33,37655,16,15581,15,21076,2,998,20,3656,13,17438,23,21094,California
Calaveras,2021-06-27,18,37673,16,15597,1,21077,1,999,8,3655,10,17448,9,21103,California
Calaveras,2021-06-28,43,37716,25,15622,13,21090,5,1004,19,3656,24,17472,25,21128,California
Calaveras,2021-06-29,57,37773,44,15666,10,21100,3,1007,26,3654,31,17503,29,21157,California
Calaveras,2021-06-30,33,37806,21,15687,7,21107,5,1012,18,3662,15,17518,23,21180,California
Colusa,2020-12-18,1,1,1,1,0,0,0,0,1,1,0,0,1,1,California
Colusa,2020-12-21,2,3,2,3,0,0,0,0,2,3,0,0,2,3,California
Colusa,2020-12-22,10,13,10,13,0,0,0,0,10,13,0,0,10,13,California
Colusa,2020-12-23,10,23,10,23,0,0,0,0,10,23,0,0,10,23,California
Colusa,2020-12-24,2,25,1,24,1,1,0,0,2,25,0,0,2,25,California
Colusa,2020-12-27,1,26,1,25,0,1,0,0,1,26,0,0,1,26,California
Colusa,2020-12-28,7,33,3,28,4,5,0,0,7,33,0,0,7,33,California
Colusa,2020-12-29,10,43,8,36,2,7,0,0,10,43,0,0,10,43,California
Colusa,2020-12-30,51,94,14,50,37,44,0,0,51,94,0,0,51,94,California
Colusa,2020-12-31,18,112,1,51,17,61,0,0,18,112,0,0,18,112,California
Colusa,2021-01-04,3,115,0,51,3,64,0,0,3,115,0,0,3,115,California
Colusa,2021-01-05,68,183,1,52,67,131,0,0,68,183,0,0,68,183,California
Colusa,2021-01-06,15,198,9,61,6,137,0,0,15,198,0,0,15,198,California
Colusa,2021-01-07,40,238,5,66,35,172,0,0,39,236,1,1,39,237,California
Colusa,2021-01-08,9,247,7,73,2,174,0,0,8,243,1,2,8,245,California
Colusa,2021-01-09,2,249,1,74,1,175,0,0,2,245,0,2,2,247,California
Colusa,2021-01-10,1,250,0,74,1,176,0,0,1,246,0,2,1,248,California
Colusa,2021-01-11,12,262,6,80,6,182,0,0,7,248,5,7,7,255,California
Colusa,2021-01-12,11,273,9,89,2,184,0,0,6,249,5,12,6,261,California
Colusa,2021-01-13,21,294,13,102,8,192,0,0,13,254,8,20,13,274,California
Colusa,2021-01-14,36,330,29,131,7,199,0,0,34,286,2,22,34,308,California
Colusa,2021-01-15,42,372,5,136,37,236,0,0,40,324,2,24,40,348,California
Colusa,2021-01-16,12,384,1,137,11,247,0,0,11,334,1,25,11,359,California
Colusa,2021-01-17,3,387,2,139,1,248,0,0,2,335,1,26,2,361,California
Colusa,2021-01-18,4,391,0,139,4,252,0,0,4,339,0,26,4,365,California
Colusa,2021-01-19,9,400,8,147,1,253,0,0,5,340,4,30,5,370,California
Colusa,2021-01-20,115,515,101,248,14,267,0,0,101,427,14,44,101,471,California
Colusa,2021-01-21,59,574,44,292,15,282,0,0,58,484,1,45,58,529,California
Colusa,2021-01-22,40,614,17,309,23,305,0,0,35,514,5,50,35,564,California
Colusa,2021-01-23,35,649,6,315,29,334,0,0,35,549,0,50,35,599,California
Colusa,2021-01-25,7,656,0,315,7,341,0,0,7,556,0,50,7,606,California
Colusa,2021-01-26,8,664,5,320,3,344,0,0,5,558,3,53,5,611,California
Colusa,2021-01-27,110,774,31,351,79,423,0,0,108,664,2,55,108,719,California
Colusa,2021-01-28,83,857,48,399,35,458,0,0,74,729,9,64,74,793,California
Colusa,2021-01-29,42,899,7,406,35,493,0,0,41,769,1,65,41,834,California
Colusa,2021-01-30,27,926,4,410,23,516,0,0,27,796,0,65,27,861,California
Colusa,2021-01-31,7,933,7,417,0,516,0,0,7,803,0,65,7,868,California
Colusa,2021-02-01,27,960,10,427,17,533,0,0,22,820,5,70,22,890,California
Colusa,2021-02-02,42,1002,8,435,34,567,0,0,36,850,6,76,36,926,California
Colusa,2021-02-03,70,1072,10,445,60,627,0,0,58,896,12,88,58,984,California
Colusa,2021-02-04,143,1215,81,526,62,689,0,0,114,981,29,117,114,1098,California
Colusa,2021-02-05,32,1247,8,534,24,713,0,0,29,1007,3,120,29,1127,California
Colusa,2021-02-06,285,1532,9,543,276,989,0,0,274,1270,11,131,274,1401,California
Colusa,2021-02-07,2,1534,1,544,1,990,0,0,0,1268,2,133,0,1401,California
Colusa,2021-02-08,40,1574,5,549,35,1025,0,0,37,1302,3,136,37,1438,California
Colusa,2021-02-09,231,1805,14,563,217,1242,0,0,176,1423,55,191,176,1614,California
Colusa,2021-02-10,118,1923,42,605,76,1318,0,0,74,1453,44,235,74,1688,California
Colusa,2021-02-11,101,2024,38,643,63,1381,0,0,74,1500,27,262,74,1762,California
Colusa,2021-02-12,117,2141,9,652,108,1489,0,0,78,1538,40,302,78,1840,California
Colusa,2021-02-13,60,2201,8,660,52,1541,0,0,52,1582,8,310,52,1892,California
Colusa,2021-02-14,21,2222,8,668,13,1554,0,0,15,1591,6,316,15,1907,California
Colusa,2021-02-15,46,2268,10,678,36,1590,0,0,39,1623,7,323,39,1946,California
Colusa,2021-02-16,69,2337,4,682,65,1655,0,0,68,1690,1,324,68,2014,California
Colusa,2021-02-17,209,2546,143,825,66,1721,0,0,62,1605,147,471,62,2076,California
Colusa,2021-02-18,138,2684,38,863,100,1821,0,0,115,1697,23,494,115,2191,California
Colusa,2021-02-19,157,2841,19,882,138,1959,0,0,131,1802,26,520,131,2322,California
Colusa,2021-02-20,32,2873,6,888,26,1985,0,0,13,1796,19,539,13,2335,California
Colusa,2021-02-21,4,2877,2,890,2,1987,0,0,2,1796,2,541,2,2337,California
Colusa,2021-02-22,45,2922,27,917,18,2005,0,0,30,1811,15,556,30,2367,California
Colusa,2021-02-23,21,2943,6,923,15,2020,0,0,17,1824,4,560,17,2384,California
Colusa,2021-02-24,305,3248,54,977,251,2271,0,0,159,1837,146,706,159,2543,California
Colusa,2021-02-25,105,3353,57,1034,48,2319,0,0,69,1870,36,742,69,2612,California
Colusa,2021-02-26,99,3452,14,1048,85,2404,0,0,60,1891,39,781,60,2672,California
Colusa,2021-02-27,57,3509,4,1052,53,2457,0,0,42,1918,15,796,42,2714,California
Colusa,2021-02-28,27,3536,15,1067,12,2469,0,0,18,1927,9,805,18,2732,California
Colusa,2021-03-01,46,3582,15,1082,31,2500,0,0,29,1939,17,822,29,2761,California
Colusa,2021-03-02,49,3631,13,1095,36,2536,0,0,26,1942,23,845,26,2787,California
Colusa,2021-03-03,246,3877,46,1141,200,2736,0,0,189,2074,57,902,189,2976,California
Colusa,2021-03-04,138,4015,59,1200,79,2815,0,0,80,2096,58,960,80,3056,California
Colusa,2021-03-05,98,4113,25,1225,64,2879,9,9,53,2113,45,1005,62,3118,California
Colusa,2021-03-06,276,4389,9,1234,267,3146,0,9,39,1915,237,1242,39,3157,California
Colusa,2021-03-07,8,4397,5,1239,3,3149,0,9,6,1919,2,1244,6,3163,California
Colusa,2021-03-08,89,4486,21,1260,33,3182,35,44,45,1955,44,1288,80,3243,California
Colusa,2021-03-09,276,4762,74,1334,179,3361,23,67,85,1872,191,1479,108,3351,California
Colusa,2021-03-10,289,5051,38,1372,215,3576,36,103,202,2023,87,1566,238,3589,California
Colusa,2021-03-11,420,5471,61,1433,338,3914,21,124,336,2294,84,1650,355,3944,California
Colusa,2021-03-12,111,5582,18,1451,80,3994,13,137,20,2236,91,1741,33,3977,California
Colusa,2021-03-13,61,5643,16,1467,36,4030,9,146,18,2220,43,1784,27,4004,California
Colusa,2021-03-14,19,5662,0,1467,17,4047,2,148,5,2214,13,1797,7,4011,California
Colusa,2021-03-15,71,5733,27,1494,36,4083,8,156,14,2179,57,1854,22,4033,California
Colusa,2021-03-16,298,6031,16,1510,236,4319,46,202,189,2305,109,1963,235,4268,California
Colusa,2021-03-17,196,6227,50,1560,146,4465,0,202,106,2321,90,2053,106,4374,California
Colusa,2021-03-18,325,6552,38,1598,216,4681,71,273,199,2466,126,2179,271,4645,California
Colusa,2021-03-19,80,6632,20,1618,58,4739,2,275,54,2496,26,2205,56,4701,California
Colusa,2021-03-20,50,6682,8,1626,41,4780,1,276,36,2519,14,2219,37,4738,California
Colusa,2021-03-21,6,6688,4,1630,2,4782,0,276,1,2515,5,2224,1,4739,California
Colusa,2021-03-22,62,6750,10,1640,43,4825,9,285,40,2542,22,2246,49,4788,California
Colusa,2021-03-23,82,6832,16,1656,64,4889,2,287,56,2574,26,2272,58,4846,California
Colusa,2021-03-24,340,7172,57,1713,277,5166,6,293,68,2375,272,2544,73,4919,California
Colusa,2021-03-25,109,7281,60,1773,44,5210,5,298,51,2374,58,2602,57,4976,California
Colusa,2021-03-26,301,7582,47,1820,250,5460,4,302,248,2573,53,2655,252,5228,California
Colusa,2021-03-27,63,7645,5,1825,58,5518,0,302,24,2558,39,2694,24,5252,California
Colusa,2021-03-28,16,7661,7,1832,9,5527,0,302,7,2556,9,2703,7,5259,California
Colusa,2021-03-29,72,7733,20,1852,46,5573,6,308,31,2552,41,2744,37,5296,California
Colusa,2021-03-30,151,7884,82,1934,67,5640,2,310,72,2547,79,2823,74,5370,California
Colusa,2021-03-31,234,8118,41,1975,193,5833,0,310,70,2454,163,2986,70,5440,California
Colusa,2021-04-01,434,8552,72,2047,307,6140,55,365,309,2695,124,3110,365,5805,California
Colusa,2021-04-02,82,8634,14,2061,54,6194,14,379,38,2703,44,3154,52,5857,California
Colusa,2021-04-03,62,8696,10,2071,29,6223,23,402,14,2691,48,3202,36,5893,California
Colusa,2021-04-04,18,8714,0,2071,8,6231,10,412,3,2689,15,3217,13,5906,California
Colusa,2021-04-05,96,8810,26,2097,54,6285,16,428,34,2681,62,3279,54,5960,California
Colusa,2021-04-06,130,8940,35,2132,45,6330,50,478,35,2679,95,3374,93,6053,California
Colusa,2021-04-07,357,9297,42,2174,292,6622,23,501,125,2603,232,3606,156,6209,California
Colusa,2021-04-08,429,9726,34,2208,367,6989,28,529,117,2443,309,3915,149,6358,California
Colusa,2021-04-09,77,9803,21,2229,32,7021,24,553,28,2446,49,3964,52,6410,California
Colusa,2021-04-10,45,9848,10,2239,14,7035,21,574,11,2444,34,3998,32,6442,California
Colusa,2021-04-11,16,9864,3,2242,11,7046,2,576,8,2446,8,4006,10,6452,California
Colusa,2021-04-12,32,9896,3,2245,29,7075,0,576,24,2463,8,4014,25,6477,California
Colusa,2021-04-13,280,10176,23,2268,257,7332,0,576,95,2374,184,4198,95,6572,California
Colusa,2021-04-14,97,10273,20,2288,77,7409,0,576,35,2347,62,4260,35,6607,California
Colusa,2021-04-15,324,10597,47,2335,277,7686,0,576,131,2286,193,4453,132,6739,California
Colusa,2021-04-16,82,10679,11,2346,71,7757,0,576,35,2276,46,4499,36,6775,California
Colusa,2021-04-17,52,10731,7,2353,45,7802,0,576,30,2284,22,4521,30,6805,California
Colusa,2021-04-18,9,10740,2,2355,7,7809,0,576,7,2289,2,4523,7,6812,California
Colusa,2021-04-19,61,10801,21,2376,40,7849,0,576,17,2262,44,4567,17,6829,California
Colusa,2021-04-20,189,10990,38,2414,151,8000,0,576,134,2341,55,4622,134,6963,California
Colusa,2021-04-21,179,11169,68,2482,111,8111,0,576,110,2382,69,4691,110,7073,California
Colusa,2021-04-22,425,11594,27,2509,397,8508,1,577,221,2400,203,4894,221,7294,California
Colusa,2021-04-23,97,11691,21,2530,76,8584,0,577,37,2377,60,4954,37,7331,California
Colusa,2021-04-24,241,11932,19,2549,221,8805,1,578,210,2556,31,4985,210,7541,California
Colusa,2021-04-25,12,11944,6,2555,6,8811,0,578,8,2560,4,4989,8,7549,California
Colusa,2021-04-26,25,11969,5,2560,19,8830,1,579,6,2548,18,5007,6,7555,California
Colusa,2021-04-27,97,12066,25,2585,68,8898,4,583,44,2543,53,5060,48,7603,California
Colusa,2021-04-28,196,12262,33,2618,160,9058,3,586,144,2639,51,5111,147,7750,California
Colusa,2021-04-29,319,12581,29,2647,286,9344,4,590,48,2422,269,5380,52,7802,California
Colusa,2021-04-30,67,12648,20,2667,47,9391,0,590,43,2441,24,5404,43,7845,California
Colusa,2021-05-01,19,12667,8,2675,8,9399,3,593,9,2443,10,5414,12,7857,California
Colusa,2021-05-02,4,12671,1,2676,2,9401,1,594,2,2444,2,5416,3,7860,California
Colusa,2021-05-03,31,12702,7,2683,24,9425,0,594,15,2443,16,5432,15,7875,California
Colusa,2021-05-04,99,12801,55,2738,43,9468,1,595,69,2483,30,5462,70,7945,California
Colusa,2021-05-05,84,12885,21,2759,62,9530,1,596,35,2470,49,5511,36,7981,California
Colusa,2021-05-06,254,13139,16,2775,236,9766,2,598,111,2440,143,5654,113,8094,California
Colusa,2021-05-07,66,13205,4,2779,58,9824,4,602,30,2438,36,5690,34,8128,California
Colusa,2021-05-08,18,13223,6,2785,12,9836,0,602,9,2438,9,5699,9,8137,California
Colusa,2021-05-09,13,13236,5,2790,5,9841,3,605,6,2440,7,5706,9,8146,California
Colusa,2021-05-10,16,13252,6,2796,10,9851,0,605,7,2438,9,5715,7,8153,California
Colusa,2021-05-11,93,13345,34,2830,59,9910,0,605,48,2441,45,5760,48,8201,California
Colusa,2021-05-12,74,13419,32,2862,38,9948,4,609,20,2411,54,5814,24,8225,California
Colusa,2021-05-13,242,13661,24,2886,217,10165,1,610,78,2326,164,5978,79,8304,California
Colusa,2021-05-14,85,13746,18,2904,52,10217,15,625,32,2321,52,6030,47,8351,California
Colusa,2021-05-15,41,13787,10,2914,29,10246,2,627,21,2324,20,6050,23,8374,California
Colusa,2021-05-16,24,13811,8,2922,9,10255,7,634,11,2329,13,6063,18,8392,California
Colusa,2021-05-17,25,13836,5,2927,18,10273,2,636,13,2332,12,6075,15,8407,California
Colusa,2021-05-18,102,13938,27,2954,73,10346,2,638,46,2324,56,6131,48,8455,California
Colusa,2021-05-19,220,14158,44,2998,156,10502,20,658,66,2256,154,6285,86,8541,California
Colusa,2021-05-20,282,14440,34,3032,244,10746,4,662,68,2114,214,6499,72,8613,California
Colusa,2021-05-21,70,14510,24,3056,44,10790,2,664,34,2114,36,6535,36,8649,California
Colusa,2021-05-22,219,14729,22,3078,196,10986,1,665,31,1958,188,6723,32,8681,California
Colusa,2021-05-23,19,14748,8,3086,7,10993,4,669,5,1953,14,6737,9,8690,California
Colusa,2021-05-24,26,14774,3,3089,18,11011,5,674,15,1962,11,6748,20,8710,California
Colusa,2021-05-25,135,14909,75,3164,58,11069,2,676,52,1933,83,6831,54,8764,California
Colusa,2021-05-26,72,14981,25,3189,47,11116,0,676,32,1925,40,6871,32,8796,California
Colusa,2021-05-27,171,15152,17,3206,154,11270,0,676,54,1862,117,6988,54,8850,California
Colusa,2021-05-28,79,15231,25,3231,53,11323,1,677,40,1864,39,7027,41,8891,California
Colusa,2021-05-29,40,15271,18,3249,18,11341,4,681,29,1886,11,7038,33,8924,California
Colusa,2021-05-30,8,15279,1,3250,2,11343,5,686,1,1885,7,7045,6,8930,California
Colusa,2021-05-31,4,15283,0,3250,4,11347,0,686,1,1883,3,7048,1,8931,California
Colusa,2021-06-01,49,15332,15,3265,33,11380,1,687,25,1885,24,7072,26,8957,California
Colusa,2021-06-02,146,15478,20,3285,124,11504,2,689,51,1844,94,7166,53,9010,California
Colusa,2021-06-03,63,15541,20,3305,42,11546,1,690,26,1837,34,7200,27,9037,California
Colusa,2021-06-04,60,15601,19,3324,37,11583,4,694,21,1823,39,7239,25,9062,California
Colusa,2021-06-05,35,15636,16,3340,18,11601,1,695,17,1823,18,7257,18,9080,California
Colusa,2021-06-06,11,15647,6,3346,4,11605,1,696,6,1825,5,7262,7,9087,California
Colusa,2021-06-07,23,15670,6,3352,17,11622,0,696,10,1822,13,7275,10,9097,California
Colusa,2021-06-08,75,15745,21,3373,54,11676,0,696,29,1805,46,7321,29,9126,California
Colusa,2021-06-09,71,15816,41,3414,30,11706,0,696,30,1794,41,7362,30,9156,California
Colusa,2021-06-10,58,15874,23,3437,31,11737,4,700,14,1768,44,7406,18,9174,California
Colusa,2021-06-11,60,15934,33,3470,27,11764,0,700,29,1766,31,7437,29,9203,California
Colusa,2021-06-12,37,15971,23,3493,14,11778,0,700,10,1749,27,7464,10,9213,California
Colusa,2021-06-13,10,15981,3,3496,5,11783,2,702,2,1745,8,7472,4,9217,California
Colusa,2021-06-14,19,16000,9,3505,10,11793,0,702,7,1740,12,7484,7,9224,California
Colusa,2021-06-15,75,16075,36,3541,38,11831,1,703,19,1704,56,7540,20,9244,California
Colusa,2021-06-16,55,16130,15,3556,39,11870,1,704,15,1680,40,7580,16,9260,California
Colusa,2021-06-17,116,16246,10,3566,105,11975,1,705,17,1599,99,7679,18,9278,California
Colusa,2021-06-18,63,16309,32,3598,27,12002,4,709,25,1590,38,7717,29,9307,California
Colusa,2021-06-19,26,16335,21,3619,4,12006,1,710,6,1577,20,7737,7,9314,California
Colusa,2021-06-20,9,16344,6,3625,3,12009,0,710,7,1582,2,7739,7,9321,California
Colusa,2021-06-21,20,16364,3,3628,16,12025,1,711,8,1579,12,7751,9,9330,California
Colusa,2021-06-22,67,16431,28,3656,34,12059,5,716,29,1576,37,7788,34,9364,California
Colusa,2021-06-23,50,16481,27,3683,22,12081,1,717,21,1569,29,7817,22,9386,California
Colusa,2021-06-24,59,16540,26,3709,31,12112,2,719,21,1554,38,7855,23,9409,California
Colusa,2021-06-25,41,16581,16,3725,25,12137,0,719,25,1563,16,7871,25,9434,California
Colusa,2021-06-26,18,16599,13,3738,5,12142,0,719,5,1555,13,7884,5,9439,California
Colusa,2021-06-27,7,16606,4,3742,3,12145,0,719,5,1558,2,7886,5,9444,California
Colusa,2021-06-28,8,16614,1,3743,6,12151,1,720,5,1561,3,7889,6,9450,California
Colusa,2021-06-29,42,16656,18,3761,20,12171,4,724,18,1560,23,7912,22,9472,California
Colusa,2021-06-30,48,16704,18,3779,29,12200,1,725,13,1540,35,7947,15,9487,California
Contra Costa,2020-12-15,19,19,19,19,0,0,0,0,19,19,0,0,19,19,California
Contra Costa,2020-12-16,525,544,525,544,0,0,0,0,525,544,0,0,525,544,California
Contra Costa,2020-12-17,1049,1593,1049,1593,0,0,0,0,1049,1593,0,0,1049,1593,California
Contra Costa,2020-12-18,1762,3355,1760,3353,2,2,0,0,1762,3355,0,0,1762,3355,California
Contra Costa,2020-12-19,1116,4471,1115,4468,1,3,0,0,1116,4471,0,0,1116,4471,California
Contra Costa,2020-12-20,602,5073,601,5069,1,4,0,0,602,5073,0,0,602,5073,California
Contra Costa,2020-12-21,1672,6745,1669,6738,3,7,0,0,1672,6745,0,0,1672,6745,California
Contra Costa,2020-12-22,1678,8423,1571,8309,107,114,0,0,1678,8423,0,0,1678,8423,California
Contra Costa,2020-12-23,1632,10055,1381,9690,251,365,0,0,1632,10055,0,0,1632,10055,California
Contra Costa,2020-12-24,656,10711,335,10025,321,686,0,0,656,10711,0,0,656,10711,California
Contra Costa,2020-12-25,41,10752,19,10044,22,708,0,0,41,10752,0,0,41,10752,California
Contra Costa,2020-12-26,653,11405,135,10179,518,1226,0,0,653,11405,0,0,653,11405,California
Contra Costa,2020-12-27,243,11648,87,10266,156,1382,0,0,243,11648,0,0,243,11648,California
Contra Costa,2020-12-28,1850,13498,872,11138,978,2360,0,0,1850,13498,0,0,1850,13498,California
Contra Costa,2020-12-29,1849,15347,826,11964,1023,3383,0,0,1849,15347,0,0,1849,15347,California
Contra Costa,2020-12-30,2414,17761,1218,13182,1196,4579,0,0,2412,17758,2,2,2413,17760,California
Contra Costa,2020-12-31,928,18689,309,13491,619,5198,0,0,927,18685,0,2,927,18687,California
Contra Costa,2021-01-01,68,18757,24,13515,44,5242,0,0,68,18753,0,2,68,18755,California
Contra Costa,2021-01-02,347,19104,179,13694,168,5410,0,0,347,19100,0,2,347,19102,California
Contra Costa,2021-01-03,182,19286,123,13817,59,5469,0,0,181,19281,0,2,181,19283,California
Contra Costa,2021-01-04,1908,21194,1249,15066,659,6128,0,0,1888,21151,18,20,1888,21171,California
Contra Costa,2021-01-05,2115,23309,1265,16331,850,6978,0,0,1828,22694,286,306,1829,23000,California
Contra Costa,2021-01-06,3306,26615,2270,18601,1036,8014,0,0,2489,24375,811,1117,2492,25492,California
Contra Costa,2021-01-07,3123,29738,2087,20688,1036,9050,0,0,1800,24855,1320,2437,1800,27292,California
Contra Costa,2021-01-08,3419,33157,2412,23100,1007,10057,0,0,1765,24974,1649,4086,1768,29060,California
Contra Costa,2021-01-09,1597,34754,1142,24242,455,10512,0,0,736,24852,860,4946,738,29798,California
Contra Costa,2021-01-10,368,35122,293,24535,75,10587,0,0,152,24788,216,5162,152,29950,California
Contra Costa,2021-01-11,3860,38982,3163,27698,697,11284,0,0,2229,25389,1631,6793,2232,32182,California
Contra Costa,2021-01-12,3960,42942,2970,30668,990,12274,0,0,2605,26643,1354,8147,2608,34790,California
Contra Costa,2021-01-13,4804,47746,2998,33666,1806,14080,0,0,3828,29501,971,9118,3829,38619,California
Contra Costa,2021-01-14,4335,52081,1572,35238,2763,16843,0,0,3946,33058,389,9507,3946,42565,California
Contra Costa,2021-01-15,5371,57452,2476,37714,2895,19738,0,0,5040,37772,330,9837,5044,47609,California
Contra Costa,2021-01-16,1753,59205,566,38280,1187,20925,0,0,1676,39371,77,9914,1676,49285,California
Contra Costa,2021-01-17,1673,60878,986,39266,687,21612,0,0,1552,40805,121,10035,1555,50840,California
Contra Costa,2021-01-18,3237,64115,1283,40549,1954,23566,0,0,2604,42783,627,10662,2605,53445,California
Contra Costa,2021-01-19,7090,71205,3173,43722,3917,27483,0,0,6078,47859,1007,11669,6083,59528,California
Contra Costa,2021-01-20,6912,78117,4315,48037,2597,30080,0,0,5662,52280,1246,12915,5667,65195,California
Contra Costa,2021-01-21,7096,85213,3156,51193,3940,34020,0,0,6359,57916,731,13646,6367,71562,California
Contra Costa,2021-01-22,6468,91681,2761,53954,3707,37727,0,0,5599,62658,860,14506,5602,77164,California
Contra Costa,2021-01-23,2061,93742,360,54314,1701,39428,0,0,1792,64186,266,14772,1794,78958,California
Contra Costa,2021-01-24,1592,95334,219,54533,1373,40801,0,0,1444,65486,148,14920,1448,80406,California
Contra Costa,2021-01-25,6726,102060,3056,57589,3670,44471,0,0,5129,69027,1592,16512,5133,85539,California
Contra Costa,2021-01-26,8198,110258,4733,62322,3465,47936,0,0,6317,73476,1873,18385,6322,91861,California
Contra Costa,2021-01-27,8251,118509,5441,67763,2810,50746,0,0,6384,78009,1855,20240,6388,98249,California
Contra Costa,2021-01-28,7517,126026,4109,71872,3408,54154,0,0,5888,82278,1623,21863,5892,104141,California
Contra Costa,2021-01-29,7539,133565,3917,75789,3622,57776,0,0,6206,87159,1327,23190,6208,110349,California
Contra Costa,2021-01-30,2152,135717,650,76439,1502,59278,0,0,1747,88509,397,23587,1747,112096,California
Contra Costa,2021-01-31,667,136384,436,76875,231,59509,0,0,570,88986,93,23680,570,112666,California
Contra Costa,2021-02-01,5872,142256,4080,80955,1792,61301,0,0,3957,91040,1906,25586,3960,116626,California
Contra Costa,2021-02-02,7648,149904,5120,86075,2528,63829,0,0,5929,95253,1717,27303,5930,122556,California
Contra Costa,2021-02-03,8355,158259,5512,91587,2843,66672,0,0,5634,98185,2703,30006,5635,128191,California
Contra Costa,2021-02-04,7524,165783,3599,95186,3925,70597,0,0,5753,102173,1768,31774,5756,133947,California
Contra Costa,2021-02-05,8485,174268,4839,100025,3646,74243,0,0,5772,105239,2706,34480,5772,139719,California
Contra Costa,2021-02-06,3496,177764,2169,102194,1327,75570,0,0,2838,107421,657,35137,2839,142558,California
Contra Costa,2021-02-07,996,178760,722,102916,274,75844,0,0,606,107639,388,35525,606,143164,California
Contra Costa,2021-02-08,5905,184665,3512,106428,2393,78237,0,0,4396,110535,1501,37026,4397,147561,California
Contra Costa,2021-02-09,8718,193383,4812,111240,3906,82143,0,0,5786,113398,2924,39950,5787,153348,California
Contra Costa,2021-02-10,8718,202101,4683,115923,4035,86178,0,0,5338,115378,3362,43312,5342,158690,California
Contra Costa,2021-02-11,9411,211512,4254,120177,5157,91335,0,0,5182,116345,4221,47533,5188,163878,California
Contra Costa,2021-02-12,10207,221719,4680,124857,5527,96862,0,0,5490,117133,4706,52239,5494,169372,California
Contra Costa,2021-02-13,4947,226666,1392,126249,3555,100417,0,0,3437,119068,1504,53743,3439,172811,California
Contra Costa,2021-02-14,2114,228780,873,127122,1241,101658,0,0,1228,119413,883,54626,1228,174039,California
Contra Costa,2021-02-15,4523,233303,2498,129620,2025,103683,0,0,2345,119595,2164,56790,2346,176385,California
Contra Costa,2021-02-16,10506,243809,4963,134583,5543,109226,0,0,4674,118454,5820,62610,4679,181064,California
Contra Costa,2021-02-17,12410,256219,6220,140803,6190,115416,0,0,5670,117413,6713,69323,5672,186736,California
Contra Costa,2021-02-18,11611,267830,6018,146821,5593,121009,0,0,5366,116554,6227,75550,5368,192104,California
Contra Costa,2021-02-19,11645,279475,7260,154081,4385,125394,0,0,5242,115431,6367,81917,5244,197348,California
Contra Costa,2021-02-20,6625,286100,2997,157078,3628,129022,0,0,4657,118146,1946,83863,4661,202009,California
Contra Costa,2021-02-21,2356,288456,1768,158846,588,129610,0,0,1582,118956,772,84635,1582,203591,California
Contra Costa,2021-02-22,7941,296397,5360,164206,2581,132191,0,0,3616,118321,4254,88889,3619,207210,California
Contra Costa,2021-02-23,12355,308752,7597,171803,4758,136949,0,0,6224,118438,6115,95004,6232,213442,California
Contra Costa,2021-02-24,10799,319551,7920,179723,2879,139828,0,0,5246,118158,5528,100532,5248,218690,California
Contra Costa,2021-02-25,11944,331495,7579,187302,4365,144193,0,0,5547,117337,6375,106907,5554,224244,California
Contra Costa,2021-02-26,11170,342665,7048,194350,4122,148315,0,0,5525,117234,5630,112537,5527,229771,California
Contra Costa,2021-02-27,6922,349587,4458,198808,2464,150779,0,0,4342,119006,2572,115109,4344,234115,California
Contra Costa,2021-02-28,4348,353935,3605,202413,742,151521,1,1,3670,122003,675,115784,3672,237787,California
Contra Costa,2021-03-01,8723,362658,6594,209007,2122,153643,7,8,5370,124044,3338,119122,5379,243166,California
Contra Costa,2021-03-02,10748,373406,6878,215885,3869,157512,1,9,5765,124845,4966,124088,5767,248933,California
Contra Costa,2021-03-03,11437,384843,7199,223084,4237,161749,1,10,6456,126341,4962,129050,6458,255391,California
Contra Costa,2021-03-04,12005,396848,7181,230265,4822,166571,2,12,6252,126860,5735,134785,6254,261645,California
Contra Costa,2021-03-05,11520,408368,6925,237190,4588,171159,7,19,6620,128607,4881,139666,6628,268273,California
Contra Costa,2021-03-06,7523,415891,4218,241408,2994,174153,311,330,4923,131254,2585,142251,5232,273505,California
Contra Costa,2021-03-07,3864,419755,2468,243876,1332,175485,64,394,3172,133799,690,142941,3235,276740,California
Contra Costa,2021-03-08,8265,428020,3939,247815,4020,179505,306,700,5548,136953,2703,145644,5857,282597,California
Contra Costa,2021-03-09,11215,439235,5944,253759,4974,184479,297,997,5863,137777,5339,150983,6163,288760,California
Contra Costa,2021-03-10,12493,451728,6242,260001,4751,189230,1500,2497,5681,138148,6797,157780,7168,295928,California
Contra Costa,2021-03-11,12547,464275,6607,266608,5373,194603,567,3064,6398,138987,6121,163901,6960,302888,California
Contra Costa,2021-03-12,12697,476972,5230,271838,6897,201500,570,3634,6307,139494,6365,170266,6872,309760,California
Contra Costa,2021-03-13,7909,484881,3180,275018,4297,205797,432,4066,3112,138254,4777,175043,3537,313297,California
Contra Costa,2021-03-14,4451,489332,2635,277653,1329,207126,487,4553,1690,137679,2751,177794,2176,315473,California
Contra Costa,2021-03-15,9532,498864,5174,282827,3594,210720,764,5317,4690,138311,4819,182613,5451,320924,California
Contra Costa,2021-03-16,14430,513294,8602,291429,5418,216138,410,5727,7108,138530,7297,189910,7516,328440,California
Contra Costa,2021-03-17,15184,528478,10498,301927,4463,220601,223,5950,8490,140585,6663,196573,8718,337158,California
Contra Costa,2021-03-18,15536,544014,8679,310606,6376,226977,481,6431,8578,142722,6920,203493,9057,346215,California
Contra Costa,2021-03-19,15763,559777,9120,319726,5231,232208,1412,7843,8168,144730,7576,211069,9584,355799,California
Contra Costa,2021-03-20,10787,570564,6471,326197,4000,236208,316,8159,5104,144493,5656,216725,5419,361218,California
Contra Costa,2021-03-21,4599,575163,4024,330221,477,236685,98,8257,1790,143583,2797,219522,1887,363105,California
Contra Costa,2021-03-22,11724,586887,8836,339057,2628,239313,260,8517,6808,145781,4867,224389,7065,370170,California
Contra Costa,2021-03-23,15772,602659,10891,349948,4710,244023,171,8688,9049,148313,6688,231077,9220,379390,California
Contra Costa,2021-03-24,15118,617777,11784,361732,3120,247143,214,8902,9127,151703,5952,237029,9342,388732,California
Contra Costa,2021-03-25,15442,633219,12033,373765,3115,250258,294,9196,9429,155448,5974,243003,9719,398451,California
Contra Costa,2021-03-26,15143,648362,10861,384626,3879,254137,403,9599,8688,158112,6421,249424,9085,407536,California
Contra Costa,2021-03-27,10590,658952,6884,391510,3193,257330,513,10112,5618,159276,4958,254382,6122,413658,California
Contra Costa,2021-03-28,4256,663208,3036,394546,1166,258496,54,10166,1616,158318,2628,257010,1670,415328,California
Contra Costa,2021-03-29,10963,674171,8546,403092,2301,260797,116,10282,6948,161388,3997,261007,7067,422395,California
Contra Costa,2021-03-30,16868,691039,9228,412320,6281,267078,1359,11641,10390,166677,6454,267461,11743,434138,California
Contra Costa,2021-03-31,18104,709143,12663,424983,3996,271074,1445,13086,11368,172795,6685,274146,12803,446941,California
Contra Costa,2021-04-01,17640,726783,12304,437287,3943,275017,1393,14479,11420,179419,6180,280326,12804,459745,California
Contra Costa,2021-04-02,17551,744334,12911,450198,3607,278624,1033,15512,11623,186150,5917,286243,12648,472393,California
Contra Costa,2021-04-03,10898,755232,6507,456705,2839,281463,1552,17064,6214,189240,4670,290913,7760,480153,California
Contra Costa,2021-04-04,3362,758594,1331,458036,1429,282892,602,17666,852,188189,2502,293415,1451,481604,California
Contra Costa,2021-04-05,12144,770738,7913,465949,3246,286138,985,18651,6582,190211,5546,298961,7568,489172,California
Contra Costa,2021-04-06,17399,788137,12040,477989,3060,289198,2299,20950,9747,194618,7630,306591,12037,501209,California
Contra Costa,2021-04-07,18653,806790,12623,490612,3202,292400,2828,23778,10564,199979,8063,314654,13424,514633,California
Contra Costa,2021-04-08,18729,825519,12478,503090,3325,295725,2926,26704,10033,204258,8669,323323,12948,527581,California
Contra Costa,2021-04-09,18924,844443,12071,515161,4339,300064,2514,29218,10104,208079,8788,332111,12609,540190,California
Contra Costa,2021-04-10,10605,855048,3846,519007,2194,302258,4565,33783,3322,208685,7262,339373,7868,548058,California
Contra Costa,2021-04-11,3374,858422,2011,521018,697,302955,666,34449,1136,208254,2232,341605,1801,549859,California
Contra Costa,2021-04-12,12031,870453,7930,528948,3018,305973,1083,35532,5656,208641,6358,347963,6745,556604,California
Contra Costa,2021-04-13,17980,888433,11032,539980,6940,312913,8,35540,11991,214684,5961,353924,12004,568608,California
Contra Costa,2021-04-14,17790,906223,11178,551158,6611,319524,1,35541,9882,216686,7885,361809,9887,578495,California
Contra Costa,2021-04-15,17594,923817,10797,561955,6796,326320,1,35542,8153,215454,9410,371219,8178,586673,California
Contra Costa,2021-04-16,17021,940838,10597,572552,6423,332743,1,35543,7689,213848,9304,380523,7698,594371,California
Contra Costa,2021-04-17,11597,952435,6366,578918,5231,337974,0,35543,6260,214798,5317,385840,6267,600638,California
Contra Costa,2021-04-18,2925,955360,2287,581205,638,338612,0,35543,1851,215586,1063,386903,1851,602489,California
Contra Costa,2021-04-19,11525,966885,8602,589807,2923,341535,0,35543,3672,211438,7824,394727,3676,606165,California
Contra Costa,2021-04-20,17051,983936,11117,600924,5934,347469,0,35543,6460,207346,10557,405284,6465,612630,California
Contra Costa,2021-04-21,17856,1001792,14600,615524,3255,350724,1,35544,6425,202397,11383,416667,6434,619064,California
Contra Costa,2021-04-22,17371,1019163,14074,629598,3295,354019,2,35546,6146,197369,11186,427853,6158,625222,California
Contra Costa,2021-04-23,17213,1036376,13702,643300,3510,357529,1,35547,5570,191344,11607,439460,5582,630804,California
Contra Costa,2021-04-24,10967,1047343,8450,651750,2516,360045,1,35548,4206,188818,6736,446196,4210,635014,California
Contra Costa,2021-04-25,3292,1050635,2220,653970,1070,361115,2,35550,2079,189691,1212,447408,2085,637099,California
Contra Costa,2021-04-26,10135,1060770,8456,662426,1655,362770,24,35574,3069,185753,7044,454452,3106,640205,California
Contra Costa,2021-04-27,14762,1075532,10789,673215,3795,366565,178,35752,4038,179280,10699,465151,4226,644431,California
Contra Costa,2021-04-28,14344,1089876,11185,684400,2874,369439,285,36037,3858,172981,10449,475600,4150,648581,California
Contra Costa,2021-04-29,13560,1103436,10510,694910,2881,372320,169,36206,3278,166183,10251,485851,3453,652034,California
Contra Costa,2021-04-30,13851,1117287,10905,705815,2688,375008,258,36464,3208,159042,10613,496464,3472,655506,California
Contra Costa,2021-05-01,8052,1125339,5855,711670,1874,376882,323,36787,1919,155179,6105,502569,2242,657748,California
Contra Costa,2021-05-02,2339,1127678,1590,713260,668,377550,81,36868,984,154902,1342,503911,1065,658813,California
Contra Costa,2021-05-03,9139,1136817,8020,721280,944,378494,175,37043,1931,149821,7190,511101,2109,660922,California
Contra Costa,2021-05-04,14220,1151037,12280,733560,1610,380104,330,37373,2313,140588,11876,522977,2643,663565,California
Contra Costa,2021-05-05,12667,1163704,10929,744489,1536,381640,202,37575,2452,133059,10184,533161,2655,666220,California
Contra Costa,2021-05-06,10373,1174077,8621,753110,1415,383055,337,37912,1969,126995,8378,541539,2314,668534,California
Contra Costa,2021-05-07,9707,1183784,7806,760916,1677,384732,224,38136,2241,122026,7430,548969,2461,670995,California
Contra Costa,2021-05-08,5418,1189202,4100,765016,1150,385882,168,38304,1311,119418,4091,553060,1483,672478,California
Contra Costa,2021-05-09,2149,1191351,1819,766835,271,386153,59,38363,451,118239,1691,554751,512,672990,California
Contra Costa,2021-05-10,4979,1196330,3989,770824,770,386923,220,38583,1337,116174,3620,558371,1555,674545,California
Contra Costa,2021-05-11,8897,1205227,4691,775515,3968,390891,238,38821,1784,111111,7093,565464,2030,676575,California
Contra Costa,2021-05-12,9288,1214515,4791,780306,4231,395122,266,39087,1596,105315,7664,573128,1868,678443,California
Contra Costa,2021-05-13,11804,1226319,7885,788191,3732,398854,187,39274,4242,102212,7535,580663,4432,682875,California
Contra Costa,2021-05-14,12280,1238599,8213,796404,3783,402637,284,39558,5026,100294,7226,587889,5308,688183,California
Contra Costa,2021-05-15,10030,1248629,7280,803684,2632,405269,118,39676,4417,99234,5597,593486,4537,692720,California
Contra Costa,2021-05-16,2640,1251269,2324,806008,265,405534,51,39727,1223,99096,1411,594897,1273,693993,California
Contra Costa,2021-05-17,7134,1258403,5757,811765,1200,406734,177,39904,3560,99280,3554,598451,3738,697731,California
Contra Costa,2021-05-18,10251,1268654,7009,818774,3024,409758,218,40122,4442,98164,5779,604230,4663,702394,California
Contra Costa,2021-05-19,8491,1277145,6864,825638,1432,411190,195,40317,3831,97554,4640,608870,4030,706424,California
Contra Costa,2021-05-20,7201,1284346,5681,831319,1333,412523,187,40504,3324,97218,3847,612717,3511,709935,California
Contra Costa,2021-05-21,7088,1291434,5429,836748,1447,413970,212,40716,3207,96780,3854,616571,3416,713351,California
Contra Costa,2021-05-22,5138,1296572,4064,840812,894,414864,180,40896,2504,96853,2609,619180,2682,716033,California
Contra Costa,2021-05-23,1280,1297852,853,841665,370,415234,57,40953,606,96850,665,619845,662,716695,California
Contra Costa,2021-05-24,4749,1302601,3931,845596,642,415876,176,41129,2232,96759,2503,622348,2412,719107,California
Contra Costa,2021-05-25,6281,1308882,5108,850704,922,416798,251,41380,2636,96018,3627,625975,2886,721993,California
Contra Costa,2021-05-26,5635,1314517,3621,854325,1825,418623,189,41569,1938,94469,3675,629650,2126,724119,California
Contra Costa,2021-05-27,3816,1318333,2700,857025,939,419562,177,41746,1605,94052,2195,631845,1778,725897,California
Contra Costa,2021-05-28,5359,1323692,3750,860775,1438,421000,171,41917,2229,93343,3105,634950,2396,728293,California
Contra Costa,2021-05-29,3293,1326985,2146,862921,1030,422030,117,42034,1628,93434,1654,636604,1745,730038,California
Contra Costa,2021-05-30,928,1327913,586,863507,314,422344,28,42062,342,93220,584,637188,370,730408,California
Contra Costa,2021-05-31,387,1328300,267,863774,108,422452,12,42074,127,93101,257,637445,138,730546,California
Contra Costa,2021-06-01,4804,1333104,3574,867348,1084,423536,146,42220,1660,91781,3126,640571,1806,732352,California
Contra Costa,2021-06-02,3437,1336541,2437,869785,856,424392,144,42364,1402,91302,2024,642595,1545,733897,California
Contra Costa,2021-06-03,5435,1341976,4534,874319,786,425178,115,42479,1405,88799,4023,646618,1520,735417,California
Contra Costa,2021-06-04,6392,1348368,5360,879679,894,426072,138,42617,1580,85721,4793,651411,1715,737132,California
Contra Costa,2021-06-05,5213,1353581,4421,884100,680,426752,112,42729,1078,82786,4123,655534,1188,738320,California
Contra Costa,2021-06-06,1358,1354939,1185,885285,143,426895,30,42759,316,82095,1037,656571,346,738666,California
Contra Costa,2021-06-07,4936,1359875,4343,889628,493,427388,100,42859,1352,79974,3574,660145,1453,740119,California
Contra Costa,2021-06-08,6100,1365975,5263,894891,714,428102,123,42982,1416,76846,4667,664812,1539,741658,California
Contra Costa,2021-06-09,4866,1370841,4147,899038,572,428674,147,43129,1254,74655,3592,668404,1401,743059,California
Contra Costa,2021-06-10,4785,1375626,4021,903059,595,429269,169,43298,1223,72501,3546,671950,1392,744451,California
Contra Costa,2021-06-11,4851,1380477,3975,907034,677,429946,199,43497,1275,70413,3561,675511,1473,745924,California
Contra Costa,2021-06-12,3169,1383646,2688,909722,414,430360,67,43564,715,68750,2443,677954,780,746704,California
Contra Costa,2021-06-13,1150,1384796,859,910581,183,430543,108,43672,285,68285,858,678812,393,747097,California
Contra Costa,2021-06-14,3891,1388687,3286,913867,476,431019,129,43801,1113,66764,2760,681572,1239,748336,California
Contra Costa,2021-06-15,4178,1392865,3483,917350,535,431554,160,43961,1311,65377,2858,684430,1471,749807,California
Contra Costa,2021-06-16,3479,1396344,2833,920183,461,432015,185,44146,1209,64518,2251,686681,1392,751199,California
Contra Costa,2021-06-17,2770,1399114,2268,922451,377,432392,125,44271,1051,63980,1712,688393,1174,752373,California
Contra Costa,2021-06-18,3691,1402805,3036,925487,464,432856,191,44462,1327,63144,2352,690745,1516,753889,California
Contra Costa,2021-06-19,2035,1404840,1699,927186,232,433088,104,44566,574,62365,1458,692203,679,754568,California
Contra Costa,2021-06-20,790,1405630,663,927849,98,433186,29,44595,334,62275,452,692655,362,754930,California
Contra Costa,2021-06-21,1814,1407444,1383,929232,275,433461,156,44751,978,62579,828,693483,1132,756062,California
Contra Costa,2021-06-22,3040,1410484,2575,931807,324,433785,141,44892,1186,62064,1841,695324,1326,757388,California
Contra Costa,2021-06-23,2562,1413046,2130,933937,330,434115,102,44994,1030,61672,1524,696848,1132,758520,California
Contra Costa,2021-06-24,2351,1415397,1980,935917,242,434357,129,45123,944,61348,1395,698243,1071,759591,California
Contra Costa,2021-06-25,2772,1418169,2260,938177,357,434714,155,45278,1133,61004,1634,699877,1290,760881,California
Contra Costa,2021-06-26,1455,1419624,1209,939386,170,434884,76,45354,478,60583,975,700852,554,761435,California
Contra Costa,2021-06-27,692,1420316,603,939989,67,434951,22,45376,274,60463,416,701268,296,761731,California
Contra Costa,2021-06-28,2317,1422633,2017,942006,173,435124,127,45503,841,59968,1462,702730,967,762698,California
Contra Costa,2021-06-29,2451,1425084,2060,944066,283,435407,108,45611,933,59501,1506,704236,1039,763737,California
Contra Costa,2021-06-30,1728,1426812,1423,945489,227,435634,78,45689,638,59135,1081,705317,715,764452,California
Del Norte,2020-12-21,23,23,23,23,0,0,0,0,23,23,0,0,23,23,California
Del Norte,2020-12-22,46,69,46,69,0,0,0,0,46,69,0,0,46,69,California
Del Norte,2020-12-23,59,128,48,117,11,11,0,0,57,126,0,0,57,126,California
Del Norte,2020-12-28,34,162,34,151,0,11,0,0,34,160,0,0,34,160,California
Del Norte,2020-12-29,4,166,4,155,0,11,0,0,4,164,0,0,4,164,California
Del Norte,2020-12-30,67,233,55,210,12,23,0,0,68,232,0,0,68,232,California
Del Norte,2020-12-31,16,249,13,223,3,26,0,0,16,248,0,0,16,248,California
Del Norte,2021-01-04,103,352,50,273,53,79,0,0,103,351,0,0,103,351,California
Del Norte,2021-01-05,32,384,0,273,32,111,0,0,32,383,0,0,32,383,California
Del Norte,2021-01-06,77,461,18,291,59,170,0,0,77,460,0,0,77,460,California
Del Norte,2021-01-07,21,482,1,292,20,190,0,0,21,481,0,0,21,481,California
Del Norte,2021-01-08,77,559,7,299,70,260,0,0,77,558,0,0,77,558,California
Del Norte,2021-01-11,40,599,21,320,19,279,0,0,18,555,22,22,19,577,California
Del Norte,2021-01-12,52,651,33,353,19,298,0,0,31,565,21,43,31,608,California
Del Norte,2021-01-13,86,737,40,393,46,344,0,0,53,585,33,76,53,661,California
Del Norte,2021-01-14,54,791,14,407,40,384,0,0,48,627,6,82,48,709,California
Del Norte,2021-01-15,107,898,18,425,89,473,0,0,95,710,12,94,95,804,California
Del Norte,2021-01-17,1,899,1,426,0,473,0,0,1,711,0,94,1,805,California
Del Norte,2021-01-18,2,901,0,426,2,475,0,0,2,713,0,94,2,807,California
Del Norte,2021-01-19,119,1020,56,482,63,538,0,0,77,748,42,136,77,884,California
Del Norte,2021-01-20,161,1181,86,568,75,613,0,0,98,783,63,199,98,982,California
Del Norte,2021-01-21,43,1224,40,608,3,616,0,0,32,804,11,210,32,1014,California
Del Norte,2021-01-22,19,1243,17,625,2,618,0,0,12,809,7,217,12,1026,California
Del Norte,2021-01-23,1,1244,0,625,1,619,0,0,1,810,0,217,1,1027,California
Del Norte,2021-01-24,1,1245,0,625,1,620,0,0,1,811,0,217,1,1028,California
Del Norte,2021-01-25,101,1346,83,708,18,638,0,0,56,822,45,262,56,1084,California
Del Norte,2021-01-26,18,1364,11,719,7,645,0,0,7,818,11,273,7,1091,California
Del Norte,2021-01-27,64,1428,21,740,43,688,0,0,61,876,3,276,61,1152,California
Del Norte,2021-01-28,293,1721,20,760,273,961,0,0,288,1159,5,281,288,1440,California
Del Norte,2021-01-29,64,1785,23,783,41,1002,0,0,44,1183,20,301,44,1484,California
Del Norte,2021-01-30,8,1793,1,784,7,1009,0,0,8,1191,0,301,8,1492,California
Del Norte,2021-02-01,41,1834,1,785,40,1049,0,0,26,1202,15,316,26,1518,California
Del Norte,2021-02-02,142,1976,34,819,108,1157,0,0,72,1207,68,384,73,1591,California
Del Norte,2021-02-03,129,2105,42,861,87,1244,0,0,74,1226,55,439,74,1665,California
Del Norte,2021-02-04,70,2175,28,889,42,1286,0,0,41,1237,30,469,41,1706,California
Del Norte,2021-02-05,184,2359,22,911,162,1448,0,0,119,1292,64,533,119,1825,California
Del Norte,2021-02-06,311,2670,5,916,306,1754,0,0,311,1603,0,533,311,2136,California
Del Norte,2021-02-07,2,2672,1,917,1,1755,0,0,2,1605,0,533,2,2138,California
Del Norte,2021-02-08,35,2707,1,918,34,1789,0,0,31,1632,4,537,31,2169,California
Del Norte,2021-02-09,8,2715,5,923,3,1792,0,0,2,1628,6,543,2,2171,California
Del Norte,2021-02-10,143,2858,20,943,123,1915,0,0,85,1656,57,600,85,2256,California
Del Norte,2021-02-11,178,3036,59,1002,119,2034,0,0,64,1606,114,714,64,2320,California
Del Norte,2021-02-12,122,3158,14,1016,108,2142,0,0,68,1620,54,768,68,2388,California
Del Norte,2021-02-13,2,3160,1,1017,1,2143,0,0,2,1622,0,768,2,2390,California
Del Norte,2021-02-14,3,3163,1,1018,2,2145,0,0,2,1623,1,769,2,2392,California
Del Norte,2021-02-15,5,3168,0,1018,5,2150,0,0,3,1624,2,771,3,2395,California
Del Norte,2021-02-16,132,3300,1,1019,131,2281,0,0,13,1518,119,890,13,2408,California
Del Norte,2021-02-17,93,3393,20,1039,73,2354,0,0,25,1476,67,957,25,2433,California
Del Norte,2021-02-18,77,3470,24,1063,53,2407,0,0,51,1501,26,983,51,2484,California
Del Norte,2021-02-19,43,3513,17,1080,26,2433,0,0,33,1524,10,993,33,2517,California
Del Norte,2021-02-20,9,3522,6,1086,3,2436,0,0,6,1527,3,996,6,2523,California
Del Norte,2021-02-22,2,3524,0,1086,2,2438,0,0,2,1529,0,996,2,2525,California
Del Norte,2021-02-23,109,3633,90,1176,19,2457,0,0,32,1485,76,1072,32,2557,California
Del Norte,2021-02-24,155,3788,100,1276,55,2512,0,0,80,1490,75,1147,80,2637,California
Del Norte,2021-02-25,479,4267,131,1407,348,2860,0,0,214,1441,263,1410,214,2851,California
Del Norte,2021-02-26,213,4480,177,1584,36,2896,0,0,166,1560,47,1457,166,3017,California
Del Norte,2021-02-27,150,4630,144,1728,5,2901,1,1,141,1693,9,1466,142,3159,California
Del Norte,2021-02-28,4,4634,1,1729,3,2904,0,1,3,1695,1,1467,3,3162,California
Del Norte,2021-03-01,28,4662,2,1731,26,2930,0,1,4,1676,23,1490,4,3166,California
Del Norte,2021-03-02,222,4884,142,1873,80,3010,0,1,188,1830,34,1524,188,3354,California
Del Norte,2021-03-03,177,5061,107,1980,70,3080,0,1,135,1923,42,1566,135,3489,California
Del Norte,2021-03-04,120,5181,83,2063,37,3117,0,1,91,1986,28,1594,91,3580,California
Del Norte,2021-03-05,122,5303,11,2074,111,3228,0,1,74,2012,48,1642,74,3654,California
Del Norte,2021-03-06,465,5768,77,2151,339,3567,49,50,163,1880,302,1944,170,3824,California
Del Norte,2021-03-07,2,5770,1,2152,1,3568,0,50,1,1880,1,1945,1,3825,California
Del Norte,2021-03-08,29,5799,1,2153,26,3594,2,52,6,1866,22,1967,8,3833,California
Del Norte,2021-03-09,194,5993,113,2266,78,3672,3,55,183,2041,11,1978,186,4019,California
Del Norte,2021-03-10,236,6229,96,2362,111,3783,29,84,134,2102,102,2080,163,4182,California
Del Norte,2021-03-11,151,6380,55,2417,91,3874,5,89,103,2162,48,2128,108,4290,California
Del Norte,2021-03-12,177,6557,88,2505,89,3963,0,89,124,2233,53,2181,124,4414,California
Del Norte,2021-03-13,94,6651,93,2598,1,3964,0,89,91,2321,3,2184,91,4505,California
Del Norte,2021-03-14,1,6652,0,2598,1,3965,0,89,1,2321,1,2185,1,4506,California
Del Norte,2021-03-15,38,6690,0,2598,38,4003,0,89,34,2351,4,2189,34,4540,California
Del Norte,2021-03-16,282,6972,135,2733,147,4150,0,89,261,2591,21,2210,261,4801,California
Del Norte,2021-03-17,284,7256,95,2828,187,4337,2,91,170,2649,114,2324,172,4973,California
Del Norte,2021-03-18,284,7540,107,2935,175,4512,2,93,149,2666,134,2458,151,5124,California
Del Norte,2021-03-19,270,7810,160,3095,104,4616,6,99,92,2586,178,2636,98,5222,California
Del Norte,2021-03-20,157,7967,154,3249,3,4619,0,99,15,2459,142,2778,15,5237,California
Del Norte,2021-03-21,4,7971,2,3251,2,4621,0,99,2,2459,2,2780,2,5239,California
Del Norte,2021-03-22,43,8014,3,3254,39,4660,1,100,39,2496,3,2783,40,5279,California
Del Norte,2021-03-23,335,8349,164,3418,153,4813,18,118,164,2508,169,2952,181,5460,California
Del Norte,2021-03-24,397,8746,107,3525,250,5063,40,158,229,2609,168,3120,269,5729,California
Del Norte,2021-03-25,193,8939,88,3613,105,5168,0,158,85,2587,107,3227,85,5814,California
Del Norte,2021-03-26,234,9173,113,3726,121,5289,0,158,197,2747,37,3264,197,6011,California
Del Norte,2021-03-27,107,9280,86,3812,4,5293,17,175,17,2691,90,3354,34,6045,California
Del Norte,2021-03-28,4,9284,2,3814,2,5295,0,175,1,2689,3,3357,1,6046,California
Del Norte,2021-03-29,57,9341,6,3820,34,5329,17,192,32,2713,25,3382,49,6095,California
Del Norte,2021-03-30,338,9679,119,3939,208,5537,11,203,126,2638,212,3594,137,6232,California
Del Norte,2021-03-31,356,10035,101,4040,238,5775,17,220,199,2699,155,3749,216,6448,California
Del Norte,2021-04-01,164,10199,58,4098,72,5847,34,254,69,2708,94,3843,103,6551,California
Del Norte,2021-04-02,232,10431,78,4176,105,5952,49,303,49,2624,183,4026,99,6650,California
Del Norte,2021-04-03,108,10539,83,4259,2,5954,23,326,5,2550,102,4128,28,6678,California
Del Norte,2021-04-04,4,10543,0,4259,0,5954,4,330,0,2550,4,4132,4,6682,California
Del Norte,2021-04-05,47,10590,5,4264,38,5992,4,334,40,2587,7,4139,44,6726,California
Del Norte,2021-04-06,381,10971,120,4384,223,6215,38,372,146,2541,231,4370,185,6911,California
Del Norte,2021-04-07,438,11409,115,4499,261,6476,62,434,289,2744,149,4519,352,7263,California
Del Norte,2021-04-08,229,11638,54,4553,106,6582,69,503,105,2794,124,4643,174,7437,California
Del Norte,2021-04-09,207,11845,47,4600,83,6665,77,580,100,2863,106,4749,175,7612,California
Del Norte,2021-04-10,47,11892,26,4626,4,6669,17,597,27,2887,20,4769,44,7656,California
Del Norte,2021-04-11,12,11904,3,4629,2,6671,7,604,2,2886,10,4779,9,7665,California
Del Norte,2021-04-12,27,11931,1,4630,9,6680,17,621,1,2879,25,4804,18,7683,California
Del Norte,2021-04-13,299,12230,50,4680,249,6929,0,621,155,2890,144,4948,155,7838,California
Del Norte,2021-04-14,331,12561,23,4703,308,7237,0,621,139,2842,192,5140,144,7982,California
Del Norte,2021-04-15,164,12725,31,4734,133,7370,0,621,45,2769,119,5259,46,8028,California
Del Norte,2021-04-16,162,12887,40,4774,122,7492,0,621,60,2728,102,5361,61,8089,California
Del Norte,2021-04-17,108,12995,76,4850,32,7524,0,621,102,2824,6,5367,102,8191,California
Del Norte,2021-04-18,6,13001,5,4855,1,7525,0,621,5,2828,1,5368,5,8196,California
Del Norte,2021-04-19,51,13052,6,4861,45,7570,0,621,9,2795,42,5410,9,8205,California
Del Norte,2021-04-20,209,13261,40,4901,169,7739,0,621,74,2734,135,5545,74,8279,California
Del Norte,2021-04-21,292,13553,23,4924,269,8008,0,621,67,2579,225,5770,70,8349,California
Del Norte,2021-04-22,116,13669,16,4940,100,8108,0,621,63,2589,53,5823,63,8412,California
Del Norte,2021-04-23,155,13824,22,4962,133,8241,0,621,41,2516,114,5937,41,8453,California
Del Norte,2021-04-24,25,13849,14,4976,11,8252,0,621,20,2531,5,5942,20,8473,California
Del Norte,2021-04-25,2,13851,0,4976,2,8254,0,621,2,2533,0,5942,2,8475,California
Del Norte,2021-04-26,31,13882,0,4976,31,8285,0,621,9,2520,22,5964,9,8484,California
Del Norte,2021-04-27,181,14063,21,4997,155,8440,5,626,50,2445,131,6095,56,8540,California
Del Norte,2021-04-28,351,14414,100,5097,246,8686,5,631,63,2228,286,6381,69,8609,California
Del Norte,2021-04-29,93,14507,6,5103,83,8769,4,635,26,2191,67,6448,30,8639,California
Del Norte,2021-04-30,87,14594,7,5110,70,8839,10,645,47,2208,40,6488,57,8696,California
Del Norte,2021-05-01,7,14601,2,5112,5,8844,0,645,5,2211,2,6490,5,8701,California
Del Norte,2021-05-02,8,14609,0,5112,8,8852,0,645,8,2219,0,6490,8,8709,California
Del Norte,2021-05-03,40,14649,3,5115,34,8886,3,648,2,2187,37,6527,5,8714,California
Del Norte,2021-05-04,222,14871,36,5151,181,9067,5,653,47,2064,175,6702,52,8766,California
Del Norte,2021-05-05,234,15105,20,5171,206,9273,8,661,59,1957,174,6876,67,8833,California
Del Norte,2021-05-06,113,15218,26,5197,74,9347,13,674,26,1909,87,6963,39,8872,California
Del Norte,2021-05-07,151,15369,28,5225,119,9466,4,678,31,1824,120,7083,35,8907,California
Del Norte,2021-05-08,65,15434,55,5280,8,9474,2,680,7,1775,58,7141,9,8916,California
Del Norte,2021-05-09,10,15444,4,5284,3,9477,3,683,2,1772,8,7149,5,8921,California
Del Norte,2021-05-10,24,15468,3,5287,17,9494,4,687,14,1780,10,7159,18,8939,California
Del Norte,2021-05-11,177,15645,50,5337,125,9619,2,689,34,1673,143,7302,36,8975,California
Del Norte,2021-05-12,151,15796,23,5360,118,9737,10,699,27,1587,123,7425,37,9012,California
Del Norte,2021-05-13,68,15864,30,5390,37,9774,1,700,38,1596,30,7455,39,9051,California
Del Norte,2021-05-14,76,15940,26,5416,49,9823,1,701,41,1603,35,7490,42,9093,California
Del Norte,2021-05-15,96,16036,53,5469,37,9860,6,707,53,1619,43,7533,59,9152,California
Del Norte,2021-05-16,11,16047,0,5469,11,9871,0,707,11,1630,0,7533,11,9163,California
Del Norte,2021-05-17,26,16073,3,5472,20,9891,3,710,15,1637,11,7544,18,9181,California
Del Norte,2021-05-18,129,16202,69,5541,60,9951,0,710,81,1670,48,7592,81,9262,California
Del Norte,2021-05-19,97,16299,14,5555,66,10017,17,727,35,1659,62,7654,51,9313,California
Del Norte,2021-05-20,101,16400,33,5588,65,10082,3,730,41,1644,59,7713,44,9357,California
Del Norte,2021-05-21,81,16481,34,5622,44,10126,3,733,44,1654,37,7750,47,9404,California
Del Norte,2021-05-22,24,16505,8,5630,16,10142,0,733,11,1653,12,7762,11,9415,California
Del Norte,2021-05-23,14,16519,5,5635,9,10151,0,733,7,1653,7,7769,7,9422,California
Del Norte,2021-05-24,25,16544,9,5644,16,10167,0,733,16,1660,9,7778,16,9438,California
Del Norte,2021-05-25,47,16591,5,5649,36,10203,6,739,17,1656,27,7805,23,9461,California
Del Norte,2021-05-26,117,16708,36,5685,74,10277,7,746,54,1655,62,7867,61,9522,California
Del Norte,2021-05-27,72,16780,27,5712,41,10318,4,750,34,1655,38,7905,38,9560,California
Del Norte,2021-05-28,52,16832,7,5719,37,10355,8,758,8,1627,44,7949,16,9576,California
Del Norte,2021-05-29,8,16840,0,5719,4,10359,4,762,3,1629,5,7954,7,9583,California
Del Norte,2021-05-30,6,16846,0,5719,6,10365,0,762,1,1625,5,7959,1,9584,California
Del Norte,2021-05-31,4,16850,2,5721,2,10367,0,762,3,1627,1,7960,3,9587,California
Del Norte,2021-06-01,52,16902,6,5727,39,10406,7,769,11,1604,41,8001,18,9605,California
Del Norte,2021-06-02,84,16986,11,5738,68,10474,5,774,19,1563,65,8066,24,9629,California
Del Norte,2021-06-03,62,17048,36,5774,24,10498,2,776,27,1557,35,8101,29,9658,California
Del Norte,2021-06-04,70,17118,24,5798,41,10539,5,781,20,1532,50,8151,25,9683,California
Del Norte,2021-06-05,1,17119,0,5798,1,10540,0,781,0,1531,1,8152,0,9683,California
Del Norte,2021-06-06,10,17129,4,5802,4,10544,2,783,7,1537,3,8155,9,9692,California
Del Norte,2021-06-07,40,17169,9,5811,26,10570,5,788,15,1532,25,8180,20,9712,California
Del Norte,2021-06-08,112,17281,81,5892,26,10596,5,793,33,1491,79,8259,38,9750,California
Del Norte,2021-06-09,58,17339,11,5903,40,10636,7,800,16,1472,42,8301,23,9773,California
Del Norte,2021-06-10,57,17396,27,5930,23,10659,7,807,12,1447,44,8345,19,9792,California
Del Norte,2021-06-11,59,17455,23,5953,27,10686,9,816,13,1423,46,8391,22,9814,California
Del Norte,2021-06-12,17,17472,3,5956,11,10697,3,819,2,1413,15,8406,5,9819,California
Del Norte,2021-06-13,61,17533,43,5999,13,10710,5,824,13,1383,48,8454,18,9837,California
Del Norte,2021-06-14,37,17570,15,6014,18,10728,4,828,15,1381,21,8475,19,9856,California
Del Norte,2021-06-15,38,17608,9,6023,21,10749,8,836,5,1361,33,8508,13,9869,California
Del Norte,2021-06-16,99,17707,38,6061,50,10799,11,847,22,1317,77,8585,33,9902,California
Del Norte,2021-06-17,31,17738,13,6074,15,10814,3,850,7,1303,24,8609,10,9912,California
Del Norte,2021-06-18,48,17786,22,6096,21,10835,5,855,19,1298,29,8638,24,9936,California
Del Norte,2021-06-19,11,17797,0,6096,7,10842,4,859,3,1297,8,8646,7,9943,California
Del Norte,2021-06-20,13,17810,9,6105,4,10846,0,859,8,1300,5,8651,8,9951,California
Del Norte,2021-06-21,24,17834,9,6114,10,10856,5,864,10,1301,14,8665,15,9966,California
Del Norte,2021-06-22,39,17873,9,6123,19,10875,11,875,14,1301,25,8690,25,9991,California
Del Norte,2021-06-23,68,17941,32,6155,30,10905,6,881,31,1302,36,8726,37,10028,California
Del Norte,2021-06-24,42,17983,27,6182,10,10915,5,886,17,1299,25,8751,22,10050,California
Del Norte,2021-06-25,28,18011,14,6196,12,10927,2,888,13,1299,15,8766,15,10065,California
Del Norte,2021-06-26,5,18016,0,6196,5,10932,0,888,2,1298,3,8769,2,10067,California
Del Norte,2021-06-27,9,18025,4,6200,5,10937,0,888,6,1301,3,8772,6,10073,California
Del Norte,2021-06-28,13,18038,6,6206,5,10942,2,890,7,1304,6,8778,9,10082,California
Del Norte,2021-06-29,53,18091,39,6245,12,10954,2,892,19,1291,34,8812,21,10103,California
Del Norte,2021-06-30,30,18121,16,6261,10,10964,4,896,9,1283,21,8833,13,10116,California
El Dorado,2020-12-15,12,12,12,12,0,0,0,0,12,12,0,0,12,12,California
El Dorado,2020-12-16,40,52,40,52,0,0,0,0,40,52,0,0,40,52,California
El Dorado,2020-12-17,33,85,33,85,0,0,0,0,33,85,0,0,33,85,California
El Dorado,2020-12-18,263,348,263,348,0,0,0,0,263,348,0,0,263,348,California
El Dorado,2020-12-19,119,467,119,467,0,0,0,0,119,467,0,0,119,467,California
El Dorado,2020-12-20,87,554,87,554,0,0,0,0,87,554,0,0,87,554,California
El Dorado,2020-12-21,312,866,311,865,1,1,0,0,312,866,0,0,312,866,California
El Dorado,2020-12-22,241,1107,217,1082,24,25,0,0,241,1107,0,0,241,1107,California
El Dorado,2020-12-23,190,1297,141,1223,49,74,0,0,190,1297,0,0,190,1297,California
El Dorado,2020-12-24,87,1384,66,1289,21,95,0,0,87,1384,0,0,87,1384,California
El Dorado,2020-12-25,8,1392,8,1297,0,95,0,0,8,1392,0,0,8,1392,California
El Dorado,2020-12-26,45,1437,27,1324,18,113,0,0,45,1437,0,0,45,1437,California
El Dorado,2020-12-27,38,1475,34,1358,4,117,0,0,38,1475,0,0,38,1475,California
El Dorado,2020-12-28,217,1692,168,1526,49,166,0,0,217,1692,0,0,217,1692,California
El Dorado,2020-12-29,462,2154,145,1671,317,483,0,0,462,2154,0,0,462,2154,California
El Dorado,2020-12-30,509,2663,139,1810,370,853,0,0,509,2663,0,0,509,2663,California
El Dorado,2020-12-31,110,2773,69,1879,41,894,0,0,110,2773,0,0,110,2773,California
El Dorado,2021-01-01,7,2780,4,1883,3,897,0,0,7,2780,0,0,7,2780,California
El Dorado,2021-01-02,154,2934,142,2025,12,909,0,0,154,2934,0,0,154,2934,California
El Dorado,2021-01-03,95,3029,18,2043,77,986,0,0,95,3029,0,0,95,3029,California
El Dorado,2021-01-04,192,3221,61,2104,131,1117,0,0,192,3221,0,0,192,3221,California
El Dorado,2021-01-05,229,3450,73,2177,156,1273,0,0,211,3414,18,18,211,3432,California
El Dorado,2021-01-06,242,3692,168,2345,74,1347,0,0,176,3525,65,83,176,3608,California
El Dorado,2021-01-07,334,4026,137,2482,197,1544,0,0,257,3705,77,160,257,3865,California
El Dorado,2021-01-08,995,5021,514,2996,481,2025,0,0,768,4247,227,387,769,4634,California
El Dorado,2021-01-09,199,5220,161,3157,38,2063,0,0,127,4302,72,459,127,4761,California
El Dorado,2021-01-10,182,5402,133,3290,49,2112,0,0,109,4339,73,532,110,4871,California
El Dorado,2021-01-11,663,6065,294,3584,369,2481,0,0,463,4604,199,731,464,5335,California
El Dorado,2021-01-12,810,6875,427,4011,383,2864,0,0,558,4910,252,983,558,5893,California
El Dorado,2021-01-13,706,7581,301,4312,405,3269,0,0,541,5286,165,1148,541,6434,California
El Dorado,2021-01-14,806,8387,224,4536,582,3851,0,0,708,5897,97,1245,708,7142,California
El Dorado,2021-01-15,798,9185,189,4725,609,4460,0,0,724,6547,74,1319,724,7866,California
El Dorado,2021-01-16,218,9403,104,4829,114,4574,0,0,191,6711,27,1346,191,8057,California
El Dorado,2021-01-17,107,9510,50,4879,57,4631,0,0,89,6782,18,1364,89,8146,California
El Dorado,2021-01-18,427,9937,143,5022,284,4915,0,0,354,7063,73,1437,354,8500,California
El Dorado,2021-01-19,753,10690,451,5473,302,5217,0,0,602,7515,151,1588,603,9103,California
El Dorado,2021-01-20,1015,11705,692,6165,323,5540,0,0,900,8301,114,1702,900,10003,California
El Dorado,2021-01-21,1272,12977,683,6848,589,6129,0,0,1064,9198,167,1869,1064,11067,California
El Dorado,2021-01-22,1245,14222,843,7691,402,6531,0,0,1183,10320,61,1930,1183,12250,California
El Dorado,2021-01-23,884,15106,626,8317,258,6789,0,0,767,10970,117,2047,767,13017,California
El Dorado,2021-01-24,130,15236,79,8396,51,6840,0,0,110,11060,20,2067,110,13127,California
El Dorado,2021-01-25,698,15934,291,8687,407,7247,0,0,610,11582,88,2155,610,13737,California
El Dorado,2021-01-26,684,16618,370,9057,314,7561,0,0,578,12054,106,2261,578,14315,California
El Dorado,2021-01-27,999,17617,396,9453,603,8164,0,0,661,12376,339,2600,661,14976,California
El Dorado,2021-01-28,1118,18735,455,9908,663,8827,0,0,755,12768,363,2963,755,15731,California
El Dorado,2021-01-29,1048,19783,557,10465,491,9318,0,0,755,13232,292,3255,756,16487,California
El Dorado,2021-01-30,841,20624,293,10758,548,9866,0,0,744,13880,96,3351,744,17231,California
El Dorado,2021-01-31,239,20863,215,10973,24,9890,0,0,184,14009,55,3406,184,17415,California
El Dorado,2021-02-01,806,21669,368,11341,438,10328,0,0,655,14513,151,3557,655,18070,California
El Dorado,2021-02-02,850,22519,369,11710,481,10809,0,0,686,15035,164,3721,686,18756,California
El Dorado,2021-02-03,906,23425,477,12187,429,11238,0,0,694,15517,212,3933,694,19450,California
El Dorado,2021-02-04,1254,24679,709,12896,545,11783,0,0,873,16011,379,4312,873,20323,California
El Dorado,2021-02-05,1506,26185,611,13507,895,12678,0,0,871,16284,598,4910,871,21194,California
El Dorado,2021-02-06,1089,27274,334,13841,755,13433,0,0,979,17154,110,5020,980,22174,California
El Dorado,2021-02-07,263,27537,180,14021,83,13516,0,0,197,17285,66,5086,197,22371,California
El Dorado,2021-02-08,888,28425,420,14441,468,13984,0,0,608,17615,278,5364,608,22979,California
El Dorado,2021-02-09,979,29404,548,14989,431,14415,0,0,543,17724,434,5798,543,23522,California
El Dorado,2021-02-10,1270,30674,743,15732,527,14942,0,0,669,17793,600,6398,669,24191,California
El Dorado,2021-02-11,2173,32847,898,16630,1275,16217,0,0,753,17131,1416,7814,754,24945,California
El Dorado,2021-02-12,1589,34436,833,17463,756,16973,0,0,675,16897,910,8724,676,25621,California
El Dorado,2021-02-13,1260,35696,676,18139,584,17557,0,0,659,16958,598,9322,659,26280,California
El Dorado,2021-02-14,494,36190,158,18297,336,17893,0,0,401,17266,93,9415,401,26681,California
El Dorado,2021-02-15,1180,37370,386,18683,794,18687,0,0,820,17730,360,9775,824,27505,California
El Dorado,2021-02-16,1211,38581,531,19214,680,19367,0,0,671,17863,539,10314,672,28177,California
El Dorado,2021-02-17,959,39540,424,19638,535,19902,0,0,464,17834,495,10809,466,28643,California
El Dorado,2021-02-18,2123,41663,1038,20676,1085,20987,0,0,1077,17873,1038,11847,1077,29720,California
El Dorado,2021-02-19,1240,42903,663,21339,577,21564,0,0,695,18024,544,12391,695,30415,California
El Dorado,2021-02-20,1098,44001,464,21803,634,22198,0,0,686,18305,406,12797,687,31102,California
El Dorado,2021-02-21,369,44370,237,22040,132,22330,0,0,180,18296,189,12986,180,31282,California
El Dorado,2021-02-22,913,45283,457,22497,456,22786,0,0,285,17957,624,13610,285,31567,California
El Dorado,2021-02-23,889,46172,504,23001,385,23171,0,0,363,17795,525,14135,363,31930,California
El Dorado,2021-02-24,1042,47214,449,23450,593,23764,0,0,437,17627,605,14740,437,32367,California
El Dorado,2021-02-25,1929,49143,1152,24602,777,24541,0,0,698,17106,1223,15963,702,33069,California
El Dorado,2021-02-26,2408,51551,1506,26108,902,25443,0,0,1614,17929,791,16754,1614,34683,California
El Dorado,2021-02-27,1743,53294,449,26557,1294,26737,0,0,1293,18775,447,17201,1293,35976,California
El Dorado,2021-02-28,966,54260,230,26787,736,27473,0,0,505,18821,460,17661,506,36482,California
El Dorado,2021-03-01,1167,55427,468,27255,697,28170,2,2,644,18945,522,18183,646,37128,California
El Dorado,2021-03-02,942,56369,273,27528,668,28838,1,3,495,18997,445,18628,497,37625,California
El Dorado,2021-03-03,1763,58132,470,27998,1293,30131,0,3,1205,19654,550,19178,1207,38832,California
El Dorado,2021-03-04,2526,60658,1550,29548,976,31107,0,3,1199,19531,1323,20501,1200,40032,California
El Dorado,2021-03-05,1592,62250,432,29980,1155,32262,5,8,1054,20058,532,21033,1059,41091,California
El Dorado,2021-03-06,747,62997,218,30198,494,32756,35,43,395,20137,351,21384,430,41521,California
El Dorado,2021-03-07,859,63856,198,30396,642,33398,19,62,244,19788,612,21996,263,41784,California
El Dorado,2021-03-08,1339,65195,372,30768,894,34292,73,135,863,20251,471,22467,934,42718,California
El Dorado,2021-03-09,1000,66195,231,30999,700,34992,69,204,597,20530,387,22854,666,43384,California
El Dorado,2021-03-10,979,67174,350,31349,573,35565,56,260,571,20755,401,23255,626,44010,California
El Dorado,2021-03-11,3038,70212,1839,33188,1012,36577,187,447,1291,20505,1725,24980,1475,45485,California
El Dorado,2021-03-12,1813,72025,628,33816,938,37515,247,694,753,20463,1042,26022,1000,46485,California
El Dorado,2021-03-13,1139,73164,349,34165,506,38021,284,978,434,20476,702,26724,715,47200,California
El Dorado,2021-03-14,1017,74181,207,34372,699,38720,111,1089,279,20130,736,27460,390,47590,California
El Dorado,2021-03-15,1404,75585,304,34676,974,39694,126,1215,607,20071,793,28253,734,48324,California
El Dorado,2021-03-16,1232,76817,423,35099,665,40359,144,1359,564,20117,663,28916,709,49033,California
El Dorado,2021-03-17,1155,77972,363,35462,694,41053,98,1457,750,20559,404,29320,846,49879,California
El Dorado,2021-03-18,3014,80986,1785,37247,1184,42237,45,1502,1976,21552,1028,30348,2021,51900,California
El Dorado,2021-03-19,1127,82113,364,37611,611,42848,152,1654,627,21833,497,30845,778,52678,California
El Dorado,2021-03-20,1088,83201,272,37883,801,43649,15,1669,505,21782,571,31416,520,53198,California
El Dorado,2021-03-21,1036,84237,424,38307,607,44256,5,1674,909,22572,124,31540,914,54112,California
El Dorado,2021-03-22,1517,85754,495,38802,940,45196,82,1756,1187,23518,324,31864,1270,55382,California
El Dorado,2021-03-23,1160,86914,459,39261,606,45802,95,1851,735,23935,413,32277,830,56212,California
El Dorado,2021-03-24,1469,88383,632,39893,643,46445,194,2045,662,24012,779,33056,856,57068,California
El Dorado,2021-03-25,2525,90908,1690,41583,728,47173,107,2152,1372,24346,1146,34202,1480,58548,California
El Dorado,2021-03-26,1830,92738,698,42281,1020,48193,112,2264,929,24512,876,35078,1042,59590,California
El Dorado,2021-03-27,1504,94242,189,42470,1310,49503,5,2269,494,24007,1004,36082,499,60089,California
El Dorado,2021-03-28,694,94936,182,42652,500,50003,12,2281,170,23669,520,36602,182,60271,California
El Dorado,2021-03-29,1320,96256,434,43086,870,50873,16,2297,823,24014,494,37096,839,61110,California
El Dorado,2021-03-30,1369,97625,417,43503,859,51732,93,2390,682,24108,679,37775,773,61883,California
El Dorado,2021-03-31,1573,99198,589,44092,918,52650,66,2456,658,23917,912,38687,721,62604,California
El Dorado,2021-04-01,3247,102445,1774,45866,1390,54040,83,2539,1540,23838,1703,40390,1624,64228,California
El Dorado,2021-04-02,1902,104347,565,46431,1239,55279,98,2637,749,23538,1147,41537,847,65075,California
El Dorado,2021-04-03,753,105100,298,46729,334,55613,121,2758,228,23365,521,42058,348,65423,California
El Dorado,2021-04-04,274,105374,85,46814,141,55754,48,2806,98,23336,175,42233,146,65569,California
El Dorado,2021-04-05,1424,106798,424,47238,906,56660,94,2900,591,23195,825,43058,684,66253,California
El Dorado,2021-04-06,1415,108213,525,47763,670,57330,220,3120,441,22884,969,44027,658,66911,California
El Dorado,2021-04-07,1593,109806,559,48322,583,57913,451,3571,545,22832,1045,45072,993,67904,California
El Dorado,2021-04-08,2697,112503,1729,50051,731,58644,237,3808,1114,22607,1574,46646,1349,69253,California
El Dorado,2021-04-09,1448,113951,458,50509,769,59413,221,4029,570,22519,875,47521,787,70040,California
El Dorado,2021-04-10,997,114948,229,50738,656,60069,112,4141,641,22918,353,47874,752,70792,California
El Dorado,2021-04-11,773,115721,454,51192,303,60372,16,4157,209,22580,563,48437,225,71017,California
El Dorado,2021-04-12,1287,117008,501,51693,638,61010,148,4305,561,22569,719,49156,708,71725,California
El Dorado,2021-04-13,1123,118131,611,52304,512,61522,0,4305,507,22464,612,49768,507,72232,California
El Dorado,2021-04-14,1105,119236,468,52772,636,62158,1,4306,379,22134,710,50478,380,72612,California
El Dorado,2021-04-15,2525,121761,1696,54468,829,62987,0,4306,961,21537,1559,52037,962,73574,California
El Dorado,2021-04-16,1473,123234,522,54990,951,63938,0,4306,608,21286,860,52897,609,74183,California
El Dorado,2021-04-17,1010,124244,202,55192,807,64745,1,4307,709,21697,298,53195,709,74892,California
El Dorado,2021-04-18,1208,125452,120,55312,1088,65833,0,4307,426,21343,780,53975,426,75318,California
El Dorado,2021-04-19,1738,127190,444,55756,1294,67127,0,4307,697,21005,1035,55010,697,76015,California
El Dorado,2021-04-20,1153,128343,399,56155,754,67881,0,4307,479,20816,669,55679,480,76495,California
El Dorado,2021-04-21,1239,129582,537,56692,698,68579,4,4311,636,20859,595,56274,638,77133,California
El Dorado,2021-04-22,2581,132163,1713,58405,868,69447,0,4311,1073,20429,1504,57778,1074,78207,California
El Dorado,2021-04-23,1435,133598,521,58926,914,70361,0,4311,726,20451,706,58484,728,78935,California
El Dorado,2021-04-24,1044,134642,521,59447,523,70884,0,4311,805,21019,237,58721,805,79740,California
El Dorado,2021-04-25,830,135472,450,59897,380,71264,0,4311,475,21139,355,59076,475,80215,California
El Dorado,2021-04-26,1206,136678,495,60392,694,71958,17,4328,566,21086,635,59711,582,80797,California
El Dorado,2021-04-27,1138,137816,432,60824,668,72626,38,4366,509,21011,622,60333,547,81344,California
El Dorado,2021-04-28,1086,138902,375,61199,671,73297,40,4406,441,20849,643,60976,481,81825,California
El Dorado,2021-04-29,2007,140909,1379,62578,596,73893,32,4438,599,20075,1405,62381,631,82456,California
El Dorado,2021-04-30,2154,143063,1366,63944,747,74640,41,4479,1378,20731,762,63143,1418,83874,California
El Dorado,2021-05-01,621,143684,285,64229,308,74948,28,4507,278,20701,336,63479,306,84180,California
El Dorado,2021-05-02,301,143985,214,64443,58,75006,29,4536,100,20631,198,63677,128,84308,California
El Dorado,2021-05-03,825,144810,403,64846,372,75378,50,4586,281,20423,540,64217,332,84640,California
El Dorado,2021-05-04,915,145725,462,65308,393,75771,60,4646,328,20228,583,64800,388,85028,California
El Dorado,2021-05-05,905,146630,452,65760,379,76150,74,4720,437,20273,466,65266,511,85539,California
El Dorado,2021-05-06,1140,147770,504,66264,588,76738,48,4768,486,20155,648,65914,530,86069,California
El Dorado,2021-05-07,996,148766,390,66654,547,77285,59,4827,404,20025,592,66506,462,86531,California
El Dorado,2021-05-08,676,149442,155,66809,484,77769,37,4864,223,19835,450,66956,260,86791,California
El Dorado,2021-05-09,232,149674,93,66902,112,77881,27,4891,102,19835,129,67085,129,86920,California
El Dorado,2021-05-10,829,150503,276,67178,495,78376,58,4949,241,19554,578,67663,297,87217,California
El Dorado,2021-05-11,697,151200,310,67488,325,78701,62,5011,283,19489,411,68074,346,87563,California
El Dorado,2021-05-12,656,151856,347,67835,268,78969,41,5052,251,19377,405,68479,293,87856,California
El Dorado,2021-05-13,1263,153119,797,68632,426,79395,40,5092,469,19097,788,69267,508,88364,California
El Dorado,2021-05-14,1411,154530,814,69446,513,79908,84,5176,667,19109,739,70006,751,89115,California
El Dorado,2021-05-15,908,155438,561,70007,291,80199,56,5232,322,18901,586,70592,378,89493,California
El Dorado,2021-05-16,873,156311,464,70471,383,80582,26,5258,236,18527,636,71228,262,89755,California
El Dorado,2021-05-17,1579,157890,669,71140,861,81443,49,5307,560,18120,1015,72243,608,90363,California
El Dorado,2021-05-18,1029,158919,517,71657,458,81901,54,5361,437,18020,591,72834,491,90854,California
El Dorado,2021-05-19,818,159737,332,71989,434,82335,52,5413,306,17872,505,73339,357,91211,California
El Dorado,2021-05-20,1183,160920,660,72649,448,82783,75,5488,441,17647,739,74078,514,91725,California
El Dorado,2021-05-21,2340,163260,1749,74398,548,83331,43,5531,812,16978,1524,75602,855,92580,California
El Dorado,2021-05-22,708,163968,207,74605,465,83796,36,5567,223,16753,484,76086,259,92839,California
El Dorado,2021-05-23,381,164349,134,74739,218,84014,29,5596,94,16591,285,76371,123,92962,California
El Dorado,2021-05-24,883,165232,456,75195,358,84372,69,5665,308,16395,571,76942,375,93337,California
El Dorado,2021-05-25,608,165840,255,75450,317,84689,36,5701,220,16265,385,77327,255,93592,California
El Dorado,2021-05-26,811,166651,400,75850,387,85076,24,5725,279,16038,530,77857,303,93895,California
El Dorado,2021-05-27,623,167274,245,76095,343,85419,35,5760,311,16072,311,78168,345,94240,California
El Dorado,2021-05-28,730,168004,256,76351,410,85829,64,5824,305,16019,422,78590,369,94609,California
El Dorado,2021-05-29,393,168397,113,76464,264,86093,16,5840,173,15988,220,78810,189,94798,California
El Dorado,2021-05-30,173,168570,101,76565,58,86151,14,5854,81,15992,91,78901,95,94893,California
El Dorado,2021-05-31,37,168607,12,76577,14,86165,11,5865,8,15982,29,78930,19,94912,California
El Dorado,2021-06-01,678,169285,292,76869,347,86512,39,5904,230,15806,445,79375,269,95181,California
El Dorado,2021-06-02,632,169917,302,77171,280,86792,50,5954,260,15746,370,79745,310,95491,California
El Dorado,2021-06-03,727,170644,339,77510,345,87137,43,5997,174,15410,553,80298,217,95708,California
El Dorado,2021-06-04,884,171528,527,78037,323,87460,34,6031,185,14932,697,80995,219,95927,California
El Dorado,2021-06-05,389,171917,225,78262,152,87612,12,6043,83,14722,305,81300,95,96022,California
El Dorado,2021-06-06,279,172196,194,78456,69,87681,16,6059,51,14561,227,81527,66,96088,California
El Dorado,2021-06-07,787,172983,489,78945,258,87939,40,6099,172,14166,607,82134,212,96300,California
El Dorado,2021-06-08,633,173616,384,79329,216,88155,33,6132,130,13828,500,82634,162,96462,California
El Dorado,2021-06-09,466,174082,278,79607,162,88317,26,6158,112,13612,354,82988,138,96600,California
El Dorado,2021-06-10,588,174670,366,79973,191,88508,31,6189,160,13377,426,83414,191,96791,California
El Dorado,2021-06-11,657,175327,394,80367,219,88727,44,6233,130,13025,526,83940,174,96965,California
El Dorado,2021-06-12,262,175589,154,80521,89,88816,19,6252,61,12905,200,84140,80,97045,California
El Dorado,2021-06-13,162,175751,89,80610,55,88871,18,6270,33,12828,128,84268,51,97096,California
El Dorado,2021-06-14,513,176264,361,80971,122,88993,30,6300,135,12615,378,84646,165,97261,California
El Dorado,2021-06-15,449,176713,239,81210,173,89166,37,6337,126,12458,320,84966,163,97424,California
El Dorado,2021-06-16,508,177221,359,81569,109,89275,40,6377,131,12253,376,85342,171,97595,California
El Dorado,2021-06-17,436,177657,267,81836,136,89411,33,6410,139,12130,296,85638,173,97768,California
El Dorado,2021-06-18,397,178054,254,82090,109,89520,34,6444,119,12006,277,85915,153,97921,California
El Dorado,2021-06-19,248,178302,154,82244,80,89600,14,6458,91,11955,156,86071,105,98026,California
El Dorado,2021-06-20,123,178425,89,82333,28,89628,6,6464,52,11942,71,86142,58,98084,California
El Dorado,2021-06-21,318,178743,164,82497,129,89757,25,6489,124,11899,192,86334,149,98233,California
El Dorado,2021-06-22,395,179138,258,82755,114,89871,23,6512,133,11794,261,86595,156,98389,California
El Dorado,2021-06-23,424,179562,292,83047,110,89981,22,6534,139,11672,283,86878,161,98550,California
El Dorado,2021-06-24,392,179954,241,83288,137,90118,14,6548,145,11584,247,87125,159,98709,California
El Dorado,2021-06-25,353,180307,216,83504,100,90218,37,6585,146,11565,202,87327,183,98892,California
El Dorado,2021-06-26,208,180515,122,83626,71,90289,15,6600,69,11512,138,87465,85,98977,California
El Dorado,2021-06-27,115,180630,80,83706,29,90318,6,6606,51,11505,64,87529,57,99034,California
El Dorado,2021-06-28,303,180933,214,83920,63,90381,26,6632,132,11493,170,87699,158,99192,California
El Dorado,2021-06-29,292,181225,167,84087,103,90484,22,6654,116,11457,174,87873,138,99330,California
El Dorado,2021-06-30,193,181418,140,84227,42,90526,11,6665,93,11462,99,87972,104,99434,California
Fresno,2020-12-15,2,2,2,2,0,0,0,0,2,2,0,0,2,2,California
Fresno,2020-12-16,124,126,124,126,0,0,0,0,124,126,0,0,124,126,California
Fresno,2020-12-17,123,249,123,249,0,0,0,0,123,249,0,0,123,249,California
Fresno,2020-12-18,351,600,351,600,0,0,0,0,351,600,0,0,351,600,California
Fresno,2020-12-19,161,761,161,761,0,0,0,0,161,761,0,0,161,761,California
Fresno,2020-12-20,258,1019,256,1017,2,2,0,0,258,1019,0,0,258,1019,California
Fresno,2020-12-21,929,1948,927,1944,2,4,0,0,958,1977,0,0,958,1977,California
Fresno,2020-12-22,907,2855,875,2819,32,36,0,0,911,2888,0,0,911,2888,California
Fresno,2020-12-23,1088,3943,1045,3864,43,79,0,0,1089,3977,0,0,1089,3977,California
Fresno,2020-12-24,590,4533,564,4428,26,105,0,0,590,4567,0,0,590,4567,California
Fresno,2020-12-25,3,4536,1,4429,2,107,0,0,3,4570,0,0,3,4570,California
Fresno,2020-12-26,723,5259,714,5143,9,116,0,0,723,5293,0,0,723,5293,California
Fresno,2020-12-27,306,5565,210,5353,96,212,0,0,306,5599,0,0,306,5599,California
Fresno,2020-12-28,1096,6661,801,6154,295,507,0,0,1097,6696,0,0,1097,6696,California
Fresno,2020-12-29,1765,8426,999,7153,766,1273,0,0,1763,8458,1,1,1763,8459,California
Fresno,2020-12-30,986,9412,444,7597,542,1815,0,0,986,9444,0,1,986,9445,California
Fresno,2020-12-31,929,10341,310,7907,619,2434,0,0,928,10372,0,1,928,10373,California
Fresno,2021-01-01,10,10351,3,7910,7,2441,0,0,10,10382,0,1,10,10383,California
Fresno,2021-01-02,1027,11378,712,8622,315,2756,0,0,1027,11409,0,1,1027,11410,California
Fresno,2021-01-03,156,11534,130,8752,26,2782,0,0,156,11565,0,1,156,11566,California
Fresno,2021-01-04,623,12157,376,9128,247,3029,0,0,623,12188,0,1,623,12189,California
Fresno,2021-01-05,787,12944,312,9440,475,3504,0,0,713,12827,74,75,713,12902,California
Fresno,2021-01-06,994,13938,350,9790,644,4148,0,0,820,13473,174,249,820,13722,California
Fresno,2021-01-07,1902,15840,919,10709,983,5131,0,0,1646,14866,256,505,1649,15371,California
Fresno,2021-01-08,1795,17635,615,11324,1180,6311,0,0,1429,15932,364,869,1430,16801,California
Fresno,2021-01-09,638,18273,391,11715,247,6558,0,0,360,16014,278,1147,360,17161,California
Fresno,2021-01-10,518,18791,488,12203,30,6588,0,0,204,15904,314,1461,204,17365,California
Fresno,2021-01-11,2229,21020,1811,14014,418,7006,0,0,1534,16747,695,2156,1538,18903,California
Fresno,2021-01-12,2540,23560,1831,15845,709,7715,0,0,1688,17584,853,3009,1690,20593,California
Fresno,2021-01-13,3572,27132,2437,18282,1135,8850,0,0,2715,19444,858,3867,2718,23311,California
Fresno,2021-01-14,4176,31308,2207,20489,1969,10819,0,0,3696,22661,479,4346,3696,27007,California
Fresno,2021-01-15,3682,34990,2539,23028,1143,11962,0,0,3323,25629,359,4705,3327,30334,California
Fresno,2021-01-16,3160,38150,2314,25342,846,12808,0,0,2690,27851,470,5175,2692,33026,California
Fresno,2021-01-17,979,39129,557,25899,422,13230,0,0,779,28430,200,5375,779,33805,California
Fresno,2021-01-18,3094,42223,2378,28277,716,13946,0,0,2436,30212,656,6031,2438,36243,California
Fresno,2021-01-19,4354,46577,2552,30829,1802,15748,0,0,3694,33250,660,6691,3698,39941,California
Fresno,2021-01-20,3056,49633,1227,32056,1829,17577,0,0,2743,35686,310,7001,2746,42687,California
Fresno,2021-01-21,4443,54076,2077,34133,2366,19943,0,0,4079,39430,341,7342,4085,46772,California
Fresno,2021-01-22,3339,57415,1357,35490,1982,21925,0,0,2951,42011,371,7713,2952,49724,California
Fresno,2021-01-23,3067,60482,1982,37472,1085,23010,0,0,2343,43636,723,8436,2348,52072,California
Fresno,2021-01-24,560,61042,379,37851,181,23191,0,0,352,43782,208,8644,354,52426,California
Fresno,2021-01-25,2449,63491,871,38722,1578,24769,0,0,1869,45074,580,9224,1872,54298,California
Fresno,2021-01-26,2102,65593,597,39319,1505,26274,0,0,1332,45639,768,9992,1333,55631,California
Fresno,2021-01-27,2417,68010,1244,40563,1173,27447,0,0,1741,46712,671,10663,1744,57375,California
Fresno,2021-01-28,4583,72593,3070,43633,1513,28960,0,0,3480,49096,1099,11762,3483,60858,California
Fresno,2021-01-29,1681,74274,950,44583,731,29691,0,0,1377,50174,300,12062,1378,62236,California
Fresno,2021-01-30,1453,75727,545,45128,908,30599,0,0,1035,50791,418,12480,1035,63271,California
Fresno,2021-01-31,226,75953,215,45343,11,30610,0,0,72,50709,154,12634,72,63343,California
Fresno,2021-02-01,3374,79327,1672,47015,1702,32312,0,0,1782,50910,1591,14225,1792,65135,California
Fresno,2021-02-02,2751,82078,561,47576,2190,34502,0,0,1589,51368,1147,15372,1605,66740,California
Fresno,2021-02-03,3581,85659,2114,49690,1467,35969,0,0,1551,50902,2018,17390,1552,68292,California
Fresno,2021-02-04,4223,89882,1910,51600,2313,38282,0,0,1933,50588,2252,19642,1938,70230,California
Fresno,2021-02-05,5373,95255,2745,54345,2628,40910,0,0,2314,49853,3053,22695,2318,72548,California
Fresno,2021-02-06,2943,98198,2048,56393,895,41805,0,0,970,48860,1964,24659,971,73519,California
Fresno,2021-02-07,469,98667,287,56680,182,41987,0,0,272,48936,196,24855,272,73791,California
Fresno,2021-02-08,4296,102963,2304,58984,1992,43979,0,0,1809,48281,2473,27328,1818,75609,California
Fresno,2021-02-09,5360,108323,2088,61072,3272,47251,0,0,3132,49272,2150,29478,3141,78750,California
Fresno,2021-02-10,3917,112240,1240,62312,2677,49928,0,0,1985,49393,1876,31354,1997,80747,California
Fresno,2021-02-11,6478,118718,2096,64408,4382,54310,0,0,3321,49582,3137,34491,3326,84073,California
Fresno,2021-02-12,5441,124159,1388,65796,4053,58363,0,0,2737,49643,2685,37176,2746,86819,California
Fresno,2021-02-13,3771,127930,1571,67367,2200,60563,0,0,2090,50068,1670,38846,2095,88914,California
Fresno,2021-02-14,1583,129513,290,67657,1293,61856,0,0,847,50185,733,39579,850,89764,California
Fresno,2021-02-15,2909,132422,271,67928,2638,64494,0,0,1800,50886,1103,40682,1804,91568,California
Fresno,2021-02-16,6750,139172,2422,70350,4328,68822,0,0,4258,52680,2472,43154,4266,95834,California
Fresno,2021-02-17,5387,144559,2486,72836,2901,71723,0,0,2994,53331,2347,45501,2998,98832,California
Fresno,2021-02-18,6942,151501,2927,75763,4015,75738,0,0,2600,51648,4294,49795,2611,101443,California
Fresno,2021-02-19,3973,155474,1131,76894,2842,78580,0,0,1839,51369,2121,51916,1842,103285,California
Fresno,2021-02-20,4607,160081,2515,79409,2092,80672,0,0,3081,52941,1517,53433,3089,106374,California
Fresno,2021-02-21,199,160280,179,79588,20,80692,0,0,132,53020,53,53486,132,106506,California
Fresno,2021-02-22,2306,162586,1036,80624,1270,81962,0,0,1271,53271,1024,54510,1275,107781,California
Fresno,2021-02-23,4707,167293,2269,82893,2438,84400,0,0,3823,56225,871,55381,3825,111606,California
Fresno,2021-02-24,4225,171518,1506,84399,2719,87119,0,0,3468,58950,745,56126,3470,115076,California
Fresno,2021-02-25,8731,180249,3759,88158,4972,92091,0,0,7231,64754,1436,57562,7240,122316,California
Fresno,2021-02-26,9073,189322,3722,91880,5351,97442,0,0,7741,71195,1306,58868,7747,130063,California
Fresno,2021-02-27,7302,196624,3166,95046,4135,101577,1,1,6584,77081,703,59571,6589,136652,California
Fresno,2021-02-28,1666,198290,540,95586,1126,102703,0,1,1572,78573,81,59652,1573,138225,California
Fresno,2021-03-01,5124,203414,1332,96918,3792,106495,0,1,3700,80870,1407,61059,3704,141929,California
Fresno,2021-03-02,9901,213315,3401,100319,6500,112995,0,1,8506,88031,1370,62429,8531,150460,California
Fresno,2021-03-03,7085,220400,1787,102106,5297,118292,1,2,6061,93196,1011,63440,6176,156636,California
Fresno,2021-03-04,10477,230877,4133,106239,6344,124636,0,2,8725,100206,1724,65164,8734,165370,California
Fresno,2021-03-05,9376,240253,3642,109881,5732,130368,2,4,8071,107181,1173,66337,8148,173518,California
Fresno,2021-03-06,7023,247276,3954,113835,2951,133319,118,122,6021,112331,994,67331,6144,179662,California
Fresno,2021-03-07,1497,248773,682,114517,778,134097,37,159,1266,113407,228,67559,1304,180966,California
Fresno,2021-03-08,5346,254119,2062,116579,3133,137230,151,310,4050,116337,1283,68842,4213,185179,California
Fresno,2021-03-09,8672,262791,3805,120384,4595,141825,272,582,4662,117317,3989,72831,4969,190148,California
Fresno,2021-03-10,6925,269716,2879,123263,3656,145481,390,972,5411,121621,1505,74336,5809,195957,California
Fresno,2021-03-11,11638,281354,4594,127857,6493,151974,551,1523,6326,123291,5285,79621,6955,202912,California
Fresno,2021-03-12,12088,293442,5150,133007,6511,158485,427,1950,9084,129959,2982,82603,9650,212562,California
Fresno,2021-03-13,8358,301800,4066,137073,3279,161764,1013,2963,4039,130791,4295,86898,5127,217689,California
Fresno,2021-03-14,1779,303579,484,137557,1006,162770,289,3252,672,130656,1096,87994,961,218650,California
Fresno,2021-03-15,7148,310727,3180,140737,3791,166561,177,3429,4936,133768,2197,90191,5309,223959,California
Fresno,2021-03-16,10247,320974,4548,145285,5305,171866,394,3823,5431,134910,4781,94972,5923,229882,California
Fresno,2021-03-17,8751,329725,4002,149287,4047,175913,702,4525,5918,139124,2809,97781,7023,236905,California
Fresno,2021-03-18,12560,342285,6799,156086,5084,180997,677,5202,7039,141859,5469,103250,8204,245109,California
Fresno,2021-03-19,11288,353573,5962,162048,4703,185700,623,5825,6924,145449,4330,107580,7920,253029,California
Fresno,2021-03-20,7645,361218,4617,166665,2703,188403,325,6150,3766,146012,3847,111427,4410,257439,California
Fresno,2021-03-21,1868,363086,1275,167940,213,188616,380,6530,1022,146577,838,112265,1403,258842,California
Fresno,2021-03-22,5715,368801,2934,170874,2183,190799,598,7128,3817,149352,1879,114144,4654,263496,California
Fresno,2021-03-23,10657,379458,5334,176208,4823,195622,500,7628,5113,149886,5520,119664,6054,269550,California
Fresno,2021-03-24,8899,388357,3854,180062,4212,199834,833,8461,4980,151870,3882,123546,5866,275416,California
Fresno,2021-03-25,12230,400587,5690,185752,5736,205570,804,9265,4753,150081,7427,130973,5638,281054,California
Fresno,2021-03-26,12259,412846,5469,191221,6143,211713,647,9912,4445,147444,7754,138727,5117,286171,California
Fresno,2021-03-27,10145,422991,4858,196079,4199,215912,1088,11000,2970,144373,7135,145862,4064,290235,California
Fresno,2021-03-28,3424,426415,1324,197403,1407,217319,693,11693,1117,144329,2299,148161,2255,292490,California
Fresno,2021-03-29,6004,432419,2016,199419,3449,220768,539,12232,2897,144701,3078,151239,3450,295940,California
Fresno,2021-03-30,11022,443441,4276,203695,5847,226615,899,13131,3826,142264,7163,158402,4726,300666,California
Fresno,2021-03-31,9738,453179,3397,207092,5341,231956,1000,14131,3665,140897,6025,164427,4658,305324,California
Fresno,2021-04-01,12249,465428,4224,211316,7152,239108,873,15004,4054,137690,8089,172516,4882,310206,California
Fresno,2021-04-02,12129,477557,4641,215957,6690,245798,798,15802,4275,135077,7690,180206,5077,315283,California
Fresno,2021-04-03,6423,483980,3529,219486,2630,248428,264,16066,2143,133259,4261,184467,2443,317726,California
Fresno,2021-04-04,1498,485478,538,220024,915,249343,45,16111,543,132903,945,185412,589,318315,California
Fresno,2021-04-05,8349,493827,4479,224503,3068,252411,802,16913,2444,130330,5888,191300,3315,321630,California
Fresno,2021-04-06,9645,503472,4036,228539,4417,256828,1192,18105,3544,129021,6061,197361,4752,326382,California
Fresno,2021-04-07,10647,514119,5515,234054,3916,260744,1216,19321,3541,126742,7061,204422,4782,331164,California
Fresno,2021-04-08,10992,525111,5182,239236,4645,265389,1165,20486,3451,123907,7490,211912,4655,335819,California
Fresno,2021-04-09,11704,536815,5433,244669,4866,270255,1405,21891,3657,120990,7998,219910,5081,340900,California
Fresno,2021-04-10,7935,544750,5175,249844,2232,272487,528,22419,3686,120972,4230,224140,4212,345112,California
Fresno,2021-04-11,1404,546154,939,250783,373,272860,92,22511,448,120562,951,225091,541,345653,California
Fresno,2021-04-12,7573,553727,4096,254879,2543,275403,934,23445,2414,118781,5127,230218,3346,348999,California
Fresno,2021-04-13,9045,562772,4321,259200,4653,280056,71,23516,3521,116980,5485,235703,3684,352683,California
Fresno,2021-04-14,9760,572532,5811,265011,3948,284004,1,23517,3787,114886,5929,241632,3835,356518,California
Fresno,2021-04-15,8529,581061,4245,269256,4281,288285,3,23520,3197,112788,5301,246933,3203,359721,California
Fresno,2021-04-16,9632,590693,4674,273930,4956,293241,2,23522,3913,111031,5677,252610,3920,363641,California
Fresno,2021-04-17,5669,596362,3790,277720,1879,295120,0,23522,2696,110780,2949,255559,2698,366339,California
Fresno,2021-04-18,1159,597521,683,278403,476,295596,0,23522,519,110664,635,256194,519,366858,California
Fresno,2021-04-19,5799,603320,3228,281631,2568,298164,3,23525,2263,109437,3496,259690,2269,369127,California
Fresno,2021-04-20,7225,610545,3691,285322,3525,301689,9,23534,2696,107641,4501,264191,2705,371832,California
Fresno,2021-04-21,6930,617475,4061,289383,2860,304549,9,23543,2876,106516,4013,268204,2888,374720,California
Fresno,2021-04-22,6574,624049,3349,292732,3224,307773,1,23544,2417,104840,4097,272301,2421,377141,California
Fresno,2021-04-23,7347,631396,4041,296773,3289,311062,17,23561,2803,103192,4456,276757,2808,379949,California
Fresno,2021-04-24,4173,635569,2490,299263,1683,312745,0,23561,1917,102866,2243,279000,1917,381866,California
Fresno,2021-04-25,1369,636938,552,299815,814,313559,3,23564,684,102874,679,279679,687,382553,California
Fresno,2021-04-26,4314,641252,2212,302027,2057,315616,45,23609,1822,102281,2460,282139,1867,384420,California
Fresno,2021-04-27,4934,646186,2531,304558,2277,317893,126,23735,1940,101375,2971,285110,2065,386485,California
Fresno,2021-04-28,4915,651101,2810,307368,1975,319868,130,23865,2064,100743,2827,287937,2195,388680,California
Fresno,2021-04-29,4910,656011,2759,310127,2011,321879,140,24005,1880,99761,3000,290937,2018,390698,California
Fresno,2021-04-30,5521,661532,3386,313513,2001,323880,134,24139,2217,98838,3273,294210,2350,393048,California
Fresno,2021-05-01,4201,665733,3468,316981,593,324473,140,24279,1236,97267,2945,297155,1374,394422,California
Fresno,2021-05-02,1251,666984,775,317756,425,324898,51,24330,616,97309,623,297778,665,395087,California
Fresno,2021-05-03,4053,671037,2702,320458,1158,326056,193,24523,1312,96096,2712,300490,1499,396586,California
Fresno,2021-05-04,4949,675986,2613,323071,2184,328240,152,24675,1578,94485,3343,303833,1732,398318,California
Fresno,2021-05-05,5367,681353,3408,326479,1731,329971,228,24903,1694,92756,3648,307481,1919,400237,California
Fresno,2021-05-06,4491,685844,2899,329378,1487,331458,105,25008,1560,91522,2899,310380,1665,401902,California
Fresno,2021-05-07,5090,690934,3359,332737,1564,333022,167,25175,1578,89776,3488,313868,1742,403644,California
Fresno,2021-05-08,4059,694993,2648,335385,1263,334285,148,25323,1252,88393,2784,316652,1401,405045,California
Fresno,2021-05-09,721,695714,393,335778,285,334570,43,25366,349,88419,366,317018,392,405437,California
Fresno,2021-05-10,2979,698693,1590,337368,1248,335818,141,25507,931,87454,2037,319055,1072,406509,California
Fresno,2021-05-11,3892,702585,2075,339443,1720,337538,97,25604,1258,86189,2620,321675,1355,407864,California
Fresno,2021-05-12,4151,706736,2713,342156,1274,338812,164,25768,1402,85033,2722,324397,1566,409430,California
Fresno,2021-05-13,4183,710919,2449,344605,1629,340441,105,25873,1858,84712,2285,326682,1964,411394,California
Fresno,2021-05-14,5111,716030,3078,347683,1849,342290,184,26057,2155,84129,2923,329605,2340,413734,California
Fresno,2021-05-15,3640,719670,2732,350415,777,343067,131,26188,1863,84356,1765,331370,1992,415726,California
Fresno,2021-05-16,1583,721253,1084,351499,465,343532,34,26222,919,84652,658,332028,954,416680,California
Fresno,2021-05-17,4183,725436,2829,354328,1191,344723,163,26385,2223,85105,1931,333959,2384,419064,California
Fresno,2021-05-18,4132,729568,2556,356884,1420,346143,156,26541,2083,85316,2025,335984,2236,421300,California
Fresno,2021-05-19,4359,733927,2768,359652,1414,347557,177,26718,2057,85271,2278,338262,2233,423533,California
Fresno,2021-05-20,4118,738045,2459,362111,1471,349028,188,26906,1873,85102,2228,340490,2059,425592,California
Fresno,2021-05-21,4570,742615,2978,365089,1497,350525,95,27001,2027,84710,2512,343002,2120,427712,California
Fresno,2021-05-22,3946,746561,2929,368018,844,351369,173,27174,2268,85489,1661,344663,2440,430152,California
Fresno,2021-05-23,953,747514,621,368639,302,351671,30,27204,467,85510,476,345139,497,430649,California
Fresno,2021-05-24,3306,750820,2100,370739,1091,352762,115,27319,1529,85402,1752,346891,1644,432293,California
Fresno,2021-05-25,3211,754031,1929,372668,1156,353918,126,27445,1344,85018,1853,348744,1469,433762,California
Fresno,2021-05-26,3253,757284,2148,374816,998,354916,107,27552,1572,85035,1660,350404,1677,435439,California
Fresno,2021-05-27,3144,760428,1911,376727,1126,356042,107,27659,1309,84642,1810,352214,1417,436856,California
Fresno,2021-05-28,3435,763863,2216,378943,1124,357166,95,27754,1866,85056,1548,353762,1962,438818,California
Fresno,2021-05-29,2281,766144,1661,380604,550,357716,70,27824,1191,85238,1080,354842,1262,440080,California
Fresno,2021-05-30,890,767034,535,381139,320,358036,35,27859,411,85223,461,355303,446,440526,California
Fresno,2021-05-31,318,767352,159,381298,147,358183,12,27871,134,85188,179,355482,144,440670,California
Fresno,2021-06-01,3018,770370,1816,383114,1105,359288,97,27968,1141,84571,1854,357336,1237,441907,California
Fresno,2021-06-02,2667,773037,1720,384834,857,360145,90,28058,1061,84147,1577,358913,1153,443060,California
Fresno,2021-06-03,2950,775987,2025,386859,823,360968,102,28160,1103,83525,1825,360738,1203,444263,California
Fresno,2021-06-04,3241,779228,2351,389210,789,361757,101,28261,1068,82546,2149,362887,1170,445433,California
Fresno,2021-06-05,3125,782353,2311,391521,693,362450,121,28382,1225,82018,1872,364759,1344,446777,California
Fresno,2021-06-06,1175,783528,934,392455,203,362653,38,28420,344,81574,826,365585,382,447159,California
Fresno,2021-06-07,3089,786617,2429,394884,569,363222,91,28511,885,80368,2182,367767,976,448135,California
Fresno,2021-06-08,2763,789380,2037,396921,644,363866,82,28593,806,79310,1945,369712,887,449022,California
Fresno,2021-06-09,2940,792320,2196,399117,654,364520,90,28683,968,78414,1953,371665,1057,450079,California
Fresno,2021-06-10,2653,794973,1929,401046,654,365174,70,28753,914,77678,1719,373384,983,451062,California
Fresno,2021-06-11,3132,798105,2195,403241,827,366001,110,28863,1161,77015,1934,375318,1271,452333,California
Fresno,2021-06-12,2904,801009,2296,405537,443,366444,165,29028,778,75839,2114,377432,938,453271,California
Fresno,2021-06-13,714,801723,463,406000,234,366678,17,29045,197,75541,512,377944,214,453485,California
Fresno,2021-06-14,2500,804223,1822,407822,550,367228,128,29173,943,75074,1536,379480,1069,454554,California
Fresno,2021-06-15,2369,806592,1700,409522,593,367821,76,29249,931,74661,1419,380899,1006,455560,California
Fresno,2021-06-16,2627,809219,1889,411411,625,368446,113,29362,1034,74226,1580,382479,1145,456705,California
Fresno,2021-06-17,2252,811471,1580,412991,579,369025,93,29455,945,73968,1294,383773,1036,457741,California
Fresno,2021-06-18,3003,814474,2160,415151,726,369751,117,29572,1189,73479,1796,385569,1307,459048,California
Fresno,2021-06-19,1691,816165,1249,416400,365,370116,77,29649,582,73031,1105,386674,657,459705,California
Fresno,2021-06-20,500,816665,354,416754,135,370251,11,29660,193,72933,302,386976,204,459909,California
Fresno,2021-06-21,1621,818286,1083,417837,473,370724,65,29725,935,73261,672,387648,1000,460909,California
Fresno,2021-06-22,2168,820454,1500,419337,558,371282,110,29835,1004,73222,1150,388798,1111,462020,California
Fresno,2021-06-23,2052,822506,1471,420808,513,371795,68,29903,1008,73269,1027,389825,1074,463094,California
Fresno,2021-06-24,1991,824497,1410,422218,505,372300,76,29979,889,73147,1086,390911,964,464058,California
Fresno,2021-06-25,2049,826546,1439,423657,529,372829,81,30060,975,73146,1057,391968,1056,465114,California
Fresno,2021-06-26,1835,828381,1422,425079,313,373142,100,30160,715,72848,1113,393081,815,465929,California
Fresno,2021-06-27,914,829295,677,425756,138,373280,99,30259,466,72966,444,393525,562,466491,California
Fresno,2021-06-28,1599,830894,1219,426975,285,373565,95,30354,704,72879,883,394408,796,467287,California
Fresno,2021-06-29,1764,832658,1181,428156,508,374073,75,30429,793,72784,962,395370,867,468154,California
Fresno,2021-06-30,1183,833841,801,428957,299,374372,83,30512,457,72609,715,396085,540,468694,California
Glenn,2020-12-17,1,1,1,1,0,0,0,0,1,1,0,0,1,1,California
Glenn,2020-12-19,1,2,1,2,0,0,0,0,1,2,0,0,1,2,California
Glenn,2020-12-20,1,3,1,3,0,0,0,0,1,3,0,0,1,3,California
Glenn,2020-12-21,12,15,12,15,0,0,0,0,12,15,0,0,12,15,California
Glenn,2020-12-22,59,74,59,74,0,0,0,0,59,74,0,0,59,74,California
Glenn,2020-12-23,28,102,28,102,0,0,0,0,28,102,0,0,28,102,California
Glenn,2020-12-24,9,111,9,111,0,0,0,0,9,111,0,0,9,111,California
Glenn,2020-12-26,2,113,2,113,0,0,0,0,2,113,0,0,2,113,California
Glenn,2020-12-27,4,117,4,117,0,0,0,0,4,117,0,0,4,117,California
Glenn,2020-12-28,21,138,21,138,0,0,0,0,21,138,0,0,21,138,California
Glenn,2020-12-29,83,221,83,221,0,0,0,0,83,221,0,0,83,221,California
Glenn,2020-12-30,129,350,106,327,23,23,0,0,129,350,0,0,129,350,California
Glenn,2020-12-31,38,388,9,336,29,52,0,0,38,388,0,0,38,388,California
Glenn,2021-01-02,3,391,3,339,0,52,0,0,3,391,0,0,3,391,California
Glenn,2021-01-04,7,398,5,344,2,54,0,0,7,398,0,0,7,398,California
Glenn,2021-01-05,9,407,8,352,1,55,0,0,9,407,0,0,9,407,California
Glenn,2021-01-06,60,467,8,360,52,107,0,0,60,467,0,0,60,467,California
Glenn,2021-01-07,67,534,12,372,55,162,0,0,65,530,2,2,65,532,California
Glenn,2021-01-08,12,546,9,381,3,165,0,0,12,542,0,2,12,544,California
Glenn,2021-01-10,1,547,1,382,0,165,0,0,0,541,1,3,0,544,California
Glenn,2021-01-11,30,577,30,412,0,165,0,0,12,535,18,21,12,556,California
Glenn,2021-01-12,42,619,37,449,5,170,0,0,14,521,28,49,14,570,California
Glenn,2021-01-13,221,840,158,607,63,233,0,0,176,652,45,94,176,746,California
Glenn,2021-01-14,119,959,30,637,89,322,0,0,109,751,10,104,109,855,California
Glenn,2021-01-15,40,999,33,670,7,329,0,0,35,781,5,109,35,890,California
Glenn,2021-01-16,33,1032,14,684,19,348,0,0,23,794,10,119,23,913,California
Glenn,2021-01-17,4,1036,2,686,2,350,0,0,2,794,2,121,2,915,California
Glenn,2021-01-18,17,1053,16,702,1,351,0,0,9,795,8,129,9,924,California
Glenn,2021-01-19,30,1083,20,722,10,361,0,0,13,791,17,146,13,937,California
Glenn,2021-01-20,164,1247,95,817,69,430,0,0,82,791,82,228,82,1019,California
Glenn,2021-01-21,124,1371,98,915,26,456,0,0,30,727,94,322,30,1049,California
Glenn,2021-01-22,340,1711,66,981,274,730,0,0,333,1053,7,329,333,1382,California
Glenn,2021-01-23,16,1727,9,990,7,737,0,0,13,1063,3,332,13,1395,California
Glenn,2021-01-24,2,1729,2,992,0,737,0,0,2,1065,0,332,2,1397,California
Glenn,2021-01-25,26,1755,8,1000,18,755,0,0,23,1085,3,335,23,1420,California
Glenn,2021-01-26,30,1785,14,1014,16,771,0,0,24,1103,6,341,24,1444,California
Glenn,2021-01-27,190,1975,13,1027,177,948,0,0,168,1249,22,363,168,1612,California
Glenn,2021-01-28,147,2122,8,1035,139,1087,0,0,117,1336,30,393,117,1729,California
Glenn,2021-01-29,297,2419,12,1047,285,1372,0,0,283,1605,14,407,283,2012,California
Glenn,2021-01-30,4,2423,0,1047,4,1376,0,0,4,1609,0,407,4,2016,California
Glenn,2021-01-31,1,2424,0,1047,1,1377,0,0,1,1610,0,407,1,2017,California
Glenn,2021-02-01,30,2454,11,1058,19,1396,0,0,18,1616,12,419,18,2035,California
Glenn,2021-02-02,31,2485,16,1074,15,1411,0,0,21,1627,10,429,21,2056,California
Glenn,2021-02-03,280,2765,126,1200,154,1565,0,0,134,1616,146,575,135,2191,California
Glenn,2021-02-04,86,2851,19,1219,67,1632,0,0,29,1588,57,632,29,2220,California
Glenn,2021-02-05,319,3170,24,1243,295,1927,0,0,299,1867,20,652,299,2519,California
Glenn,2021-02-06,14,3184,2,1245,12,1939,0,0,13,1879,1,653,13,2532,California
Glenn,2021-02-07,2,3186,2,1247,0,1939,0,0,2,1881,0,653,2,2534,California
Glenn,2021-02-08,21,3207,17,1264,4,1943,0,0,4,1868,17,670,4,2538,California
Glenn,2021-02-09,50,3257,20,1284,30,1973,0,0,37,1892,13,683,37,2575,California
Glenn,2021-02-10,143,3400,19,1303,124,2097,0,0,72,1893,71,754,72,2647,California
Glenn,2021-02-11,238,3638,137,1440,101,2198,0,0,156,1966,83,837,156,2803,California
Glenn,2021-02-12,419,4057,99,1539,320,2518,0,0,352,2251,67,904,352,3155,California
Glenn,2021-02-13,37,4094,9,1548,28,2546,0,0,17,2248,20,924,17,3172,California
Glenn,2021-02-14,1,4095,0,1548,1,2547,0,0,1,2249,0,924,1,3173,California
Glenn,2021-02-15,9,4104,0,1548,9,2556,0,0,8,2256,1,925,8,3181,California
Glenn,2021-02-16,44,4148,9,1557,35,2591,0,0,25,2262,19,944,25,3206,California
Glenn,2021-02-17,381,4529,14,1571,367,2958,0,0,303,2487,78,1022,303,3509,California
Glenn,2021-02-18,161,4690,126,1697,35,2993,0,0,137,2600,24,1046,137,3646,California
Glenn,2021-02-19,303,4993,17,1714,286,3279,0,0,29,2355,274,1320,29,3675,California
Glenn,2021-02-20,9,5002,0,1714,9,3288,0,0,1,2348,8,1328,1,3676,California
Glenn,2021-02-21,1,5003,1,1715,0,3288,0,0,1,2349,0,1328,1,3677,California
Glenn,2021-02-22,35,5038,16,1731,19,3307,0,0,18,2350,17,1345,18,3695,California
Glenn,2021-02-23,43,5081,11,1742,32,3339,0,0,29,2365,14,1359,29,3724,California
Glenn,2021-02-24,255,5336,48,1790,207,3546,0,0,47,2204,208,1567,47,3771,California
Glenn,2021-02-25,262,5598,148,1938,114,3660,0,0,150,2241,113,1680,150,3921,California
Glenn,2021-02-26,305,5903,24,1962,281,3941,0,0,20,1977,284,1964,20,3941,California
Glenn,2021-02-27,16,5919,6,1968,10,3951,0,0,6,1974,9,1973,6,3947,California
Glenn,2021-02-28,6,5925,3,1971,3,3954,0,0,3,1975,2,1975,3,3950,California
Glenn,2021-03-01,28,5953,6,1977,22,3976,0,0,13,1973,15,1990,13,3963,California
Glenn,2021-03-02,35,5988,7,1984,28,4004,0,0,17,1972,18,2008,17,3980,California
Glenn,2021-03-03,191,6179,37,2021,154,4158,0,0,100,1983,89,2097,100,4080,California
Glenn,2021-03-04,524,6703,179,2200,345,4503,0,0,373,2205,151,2248,373,4453,California
Glenn,2021-03-05,357,7060,49,2249,308,4811,0,0,35,1918,322,2570,35,4488,California
Glenn,2021-03-06,28,7088,4,2253,23,4834,1,1,11,1913,17,2587,12,4500,California
Glenn,2021-03-07,5,7093,0,2253,5,4839,0,1,3,1915,1,2588,3,4503,California
Glenn,2021-03-08,20,7113,2,2255,17,4856,1,2,18,1932,2,2590,19,4522,California
Glenn,2021-03-09,82,7195,12,2267,67,4923,3,5,53,1958,29,2619,55,4577,California
Glenn,2021-03-10,177,7372,69,2336,106,5029,2,7,93,1969,84,2703,95,4672,California
Glenn,2021-03-11,589,7961,175,2511,391,5420,23,30,428,2262,161,2864,454,5126,California
Glenn,2021-03-12,420,8381,14,2525,343,5763,63,93,41,1987,379,3243,104,5230,California
Glenn,2021-03-13,13,8394,1,2526,4,5767,8,101,1,1984,12,3255,9,5239,California
Glenn,2021-03-14,3,8397,1,2527,2,5769,0,101,1,1983,2,3257,1,5240,California
Glenn,2021-03-15,76,8473,15,2542,56,5825,5,106,59,2030,17,3274,64,5304,California
Glenn,2021-03-16,113,8586,34,2576,69,5894,10,116,69,2065,44,3318,79,5383,California
Glenn,2021-03-17,418,9004,99,2675,312,6206,7,123,115,1882,303,3621,120,5503,California
Glenn,2021-03-18,523,9527,218,2893,50,6256,255,378,117,1847,406,4027,371,5874,California
Glenn,2021-03-19,96,9623,16,2909,74,6330,6,384,75,1908,20,4047,81,5955,California
Glenn,2021-03-20,133,9756,2,2911,130,6460,1,385,130,2036,3,4050,131,6086,California
Glenn,2021-03-21,6,9762,5,2916,0,6460,1,386,3,2038,2,4052,4,6090,California
Glenn,2021-03-22,123,9885,54,2970,61,6521,8,394,103,2131,18,4070,111,6201,California
Glenn,2021-03-23,179,10064,67,3037,61,6582,51,445,104,2213,73,4143,155,6356,California
Glenn,2021-03-24,208,10272,100,3137,103,6685,5,450,134,2280,72,4215,139,6495,California
Glenn,2021-03-25,471,10743,230,3367,147,6832,94,544,343,2590,127,4342,437,6932,California
Glenn,2021-03-26,238,10981,37,3404,165,6997,36,580,187,2762,51,4393,223,7155,California
Glenn,2021-03-27,168,11149,22,3426,140,7137,6,586,154,2908,14,4407,160,7315,California
Glenn,2021-03-28,15,11164,10,3436,5,7142,0,586,10,2913,5,4412,10,7325,California
Glenn,2021-03-29,62,11226,20,3456,39,7181,3,589,47,2948,15,4427,50,7375,California
Glenn,2021-03-30,76,11302,43,3499,32,7213,1,590,44,2963,30,4457,45,7420,California
Glenn,2021-03-31,124,11426,35,3534,88,7301,1,591,54,2949,69,4526,55,7475,California
Glenn,2021-04-01,653,12079,187,3721,457,7758,9,600,243,2793,408,4934,252,7727,California
Glenn,2021-04-02,170,12249,26,3747,132,7890,12,612,133,2901,37,4971,145,7872,California
Glenn,2021-04-03,95,12344,4,3751,84,7974,7,619,84,2981,11,4982,91,7963,California
Glenn,2021-04-04,9,12353,3,3754,4,7978,2,621,5,2984,4,4986,7,7970,California
Glenn,2021-04-05,67,12420,26,3780,28,8006,13,634,30,2990,37,5023,43,8013,California
Glenn,2021-04-06,144,12564,52,3832,53,8059,39,673,37,2959,106,5129,75,8088,California
Glenn,2021-04-07,161,12725,47,3879,60,8119,54,727,75,3002,86,5215,129,8217,California
Glenn,2021-04-08,642,13367,188,4067,418,8537,36,763,138,2674,502,5717,174,8391,California
Glenn,2021-04-09,160,13527,57,4124,86,8623,17,780,102,2734,58,5775,118,8509,California
Glenn,2021-04-10,76,13603,1,4125,60,8683,15,795,58,2790,17,5792,73,8582,California
Glenn,2021-04-11,17,13620,8,4133,4,8687,5,800,7,2792,10,5802,12,8594,California
Glenn,2021-04-12,116,13736,26,4159,61,8748,29,829,21,2747,95,5897,50,8644,California
Glenn,2021-04-13,118,13854,63,4222,55,8803,0,829,30,2689,88,5985,30,8674,California
Glenn,2021-04-14,122,13976,46,4268,76,8879,0,829,67,2701,55,6040,67,8741,California
Glenn,2021-04-15,365,14341,276,4544,89,8968,0,829,124,2585,240,6280,124,8865,California
Glenn,2021-04-16,169,14510,42,4586,127,9095,0,829,79,2574,90,6370,79,8944,California
Glenn,2021-04-17,167,14677,17,4603,150,9245,0,829,29,2472,131,6501,29,8973,California
Glenn,2021-04-18,19,14696,6,4609,13,9258,0,829,15,2483,4,6505,15,8988,California
Glenn,2021-04-19,84,14780,17,4626,67,9325,0,829,23,2446,60,6565,23,9011,California
Glenn,2021-04-20,134,14914,90,4716,44,9369,0,829,55,2422,79,6644,55,9066,California
Glenn,2021-04-21,431,15345,328,5044,103,9472,0,829,291,2573,140,6784,291,9357,California
Glenn,2021-04-22,214,15559,54,5098,160,9632,0,829,38,2436,175,6959,38,9395,California
Glenn,2021-04-23,191,15750,36,5134,155,9787,0,829,49,2344,141,7100,49,9444,California
Glenn,2021-04-24,180,15930,32,5166,148,9935,0,829,30,2225,149,7249,30,9474,California
Glenn,2021-04-25,30,15960,18,5184,12,9947,0,829,22,2239,8,7257,22,9496,California
Glenn,2021-04-26,50,16010,14,5198,36,9983,0,829,19,2227,31,7288,19,9515,California
Glenn,2021-04-27,66,16076,50,5248,11,9994,5,834,34,2233,32,7320,38,9553,California
Glenn,2021-04-28,263,16339,184,5432,68,10062,11,845,132,2246,130,7450,143,9696,California
Glenn,2021-04-29,186,16525,27,5459,157,10219,2,847,40,2142,146,7596,42,9738,California
Glenn,2021-04-30,163,16688,42,5501,119,10338,2,849,40,2061,123,7719,42,9780,California
Glenn,2021-05-01,108,16796,13,5514,94,10432,1,850,26,2006,82,7801,27,9807,California
Glenn,2021-05-02,32,16828,14,5528,9,10441,9,859,15,2013,17,7818,24,9831,California
Glenn,2021-05-03,39,16867,24,5552,14,10455,1,860,14,2003,25,7843,15,9846,California
Glenn,2021-05-04,60,16927,36,5588,19,10474,5,865,28,2004,32,7875,33,9879,California
Glenn,2021-05-05,127,17054,39,5627,77,10551,11,876,52,1992,75,7950,63,9942,California
Glenn,2021-05-06,111,17165,41,5668,65,10616,5,881,40,1966,71,8021,45,9987,California
Glenn,2021-05-07,122,17287,36,5704,77,10693,9,890,30,1914,91,8112,39,10026,California
Glenn,2021-05-08,65,17352,12,5716,49,10742,4,894,21,1896,43,8155,25,10051,California
Glenn,2021-05-09,17,17369,11,5727,6,10748,0,894,11,1901,6,8161,11,10062,California
Glenn,2021-05-10,37,17406,15,5742,17,10765,5,899,13,1895,24,8185,18,10080,California
Glenn,2021-05-11,83,17489,58,5800,16,10781,9,908,17,1855,66,8251,26,10106,California
Glenn,2021-05-12,335,17824,252,6052,69,10850,14,922,50,1634,285,8536,64,10170,California
Glenn,2021-05-13,158,17982,59,6111,80,10930,19,941,64,1623,94,8630,83,10253,California
Glenn,2021-05-14,105,18087,24,6135,76,11006,5,946,34,1591,71,8701,39,10292,California
Glenn,2021-05-15,67,18154,40,6175,24,11030,3,949,32,1591,34,8735,34,10326,California
Glenn,2021-05-16,31,18185,18,6193,13,11043,0,949,9,1578,22,8757,9,10335,California
Glenn,2021-05-17,86,18271,61,6254,21,11064,4,953,60,1616,26,8783,64,10399,California
Glenn,2021-05-18,68,18339,50,6304,14,11078,4,957,22,1596,46,8829,26,10425,California
Glenn,2021-05-19,199,18538,118,6422,69,11147,12,969,73,1555,125,8954,84,10509,California
Glenn,2021-05-20,120,18658,79,6501,39,11186,2,971,80,1597,40,8994,82,10591,California
Glenn,2021-05-21,70,18728,26,6527,43,11229,1,972,28,1584,42,9036,29,10620,California
Glenn,2021-05-22,56,18784,24,6551,32,11261,0,972,29,1586,27,9063,29,10649,California
Glenn,2021-05-23,29,18813,16,6567,13,11274,0,972,12,1582,16,9079,12,10661,California
Glenn,2021-05-24,30,18843,11,6578,15,11289,4,976,11,1579,18,9097,15,10676,California
Glenn,2021-05-25,48,18891,36,6614,10,11299,2,978,24,1581,24,9121,26,10702,California
Glenn,2021-05-26,73,18964,14,6628,55,11354,4,982,25,1562,48,9169,29,10731,California
Glenn,2021-05-27,101,19065,62,6690,38,11392,1,983,47,1558,52,9221,48,10779,California
Glenn,2021-05-28,62,19127,18,6708,37,11429,7,990,32,1567,30,9251,39,10818,California
Glenn,2021-05-29,48,19175,11,6719,33,11462,4,994,21,1565,27,9278,25,10843,California
Glenn,2021-05-30,21,19196,13,6732,8,11470,0,994,8,1561,12,9290,8,10851,California
Glenn,2021-05-31,4,19200,0,6732,4,11474,0,994,0,1557,4,9294,0,10851,California
Glenn,2021-06-01,59,19259,34,6766,22,11496,3,997,24,1549,35,9329,27,10878,California
Glenn,2021-06-02,98,19357,49,6815,46,11542,3,1000,39,1532,59,9388,42,10920,California
Glenn,2021-06-03,75,19432,42,6857,26,11568,7,1007,18,1502,55,9443,25,10945,California
Glenn,2021-06-04,77,19509,37,6894,37,11605,3,1010,42,1512,35,9478,45,10990,California
Glenn,2021-06-05,55,19564,30,6924,22,11627,3,1013,17,1494,38,9516,20,11010,California
Glenn,2021-06-06,30,19594,27,6951,2,11629,1,1014,14,1494,15,9531,15,11025,California
Glenn,2021-06-07,68,19662,59,7010,7,11636,2,1016,13,1455,54,9585,15,11040,California
Glenn,2021-06-08,35,19697,19,7029,11,11647,5,1021,16,1457,19,9604,21,11061,California
Glenn,2021-06-09,64,19761,36,7065,21,11668,7,1028,31,1462,33,9637,38,11099,California
Glenn,2021-06-10,118,19879,87,7152,25,11693,6,1034,35,1420,83,9720,41,11140,California
Glenn,2021-06-11,88,19967,57,7209,28,11721,3,1037,25,1385,63,9783,28,11168,California
Glenn,2021-06-12,35,20002,19,7228,13,11734,3,1040,13,1379,22,9805,16,11184,California
Glenn,2021-06-13,11,20013,11,7239,0,11734,0,1040,5,1378,6,9811,5,11189,California
Glenn,2021-06-14,40,20053,27,7266,10,11744,3,1043,16,1374,23,9834,19,11208,California
Glenn,2021-06-15,49,20102,33,7299,15,11759,1,1044,23,1372,26,9860,24,11232,California
Glenn,2021-06-16,85,20187,50,7349,34,11793,1,1045,58,1406,25,9885,59,11291,California
Glenn,2021-06-17,61,20248,36,7385,21,11814,4,1049,7,1363,54,9939,11,11302,California
Glenn,2021-06-18,82,20330,44,7429,17,11831,21,1070,28,1358,54,9993,49,11351,California
Glenn,2021-06-19,42,20372,21,7450,21,11852,0,1070,24,1364,18,10011,24,11375,California
Glenn,2021-06-20,15,20387,11,7461,4,11856,0,1070,4,1357,11,10022,4,11379,California
Glenn,2021-06-21,26,20413,18,7479,6,11862,2,1072,19,1371,7,10029,21,11400,California
Glenn,2021-06-22,47,20460,32,7511,13,11875,2,1074,22,1371,24,10053,24,11424,California
Glenn,2021-06-23,54,20514,37,7548,14,11889,3,1077,28,1376,26,10079,31,11455,California
Glenn,2021-06-24,44,20558,27,7575,13,11902,4,1081,17,1370,27,10106,21,11476,California
Glenn,2021-06-25,68,20626,48,7623,19,11921,1,1082,32,1367,36,10142,33,11509,California
Glenn,2021-06-26,35,20661,20,7643,14,11935,1,1083,16,1365,19,10161,17,11526,California
Glenn,2021-06-27,17,20678,13,7656,4,11939,0,1083,4,1356,13,10174,4,11530,California
Glenn,2021-06-28,27,20705,23,7679,1,11940,3,1086,12,1355,15,10189,14,11544,California
Glenn,2021-06-29,33,20738,16,7695,12,11952,5,1091,11,1349,22,10211,16,11560,California
Glenn,2021-06-30,54,20792,36,7731,18,11970,0,1091,30,1355,24,10235,30,11590,California
Humboldt,2020-12-15,2,2,2,2,0,0,0,0,2,2,0,0,2,2,California
Humboldt,2020-12-16,16,18,16,18,0,0,0,0,16,18,0,0,16,18,California
Humboldt,2020-12-17,117,135,117,135,0,0,0,0,117,135,0,0,117,135,California
Humboldt,2020-12-18,177,312,177,312,0,0,0,0,177,312,0,0,177,312,California
Humboldt,2020-12-19,10,322,10,322,0,0,0,0,10,322,0,0,10,322,California
Humboldt,2020-12-20,27,349,27,349,0,0,0,0,27,349,0,0,27,349,California
Humboldt,2020-12-21,167,516,167,516,0,0,0,0,167,516,0,0,167,516,California
Humboldt,2020-12-22,335,851,335,851,0,0,0,0,335,851,0,0,335,851,California
Humboldt,2020-12-23,322,1173,264,1115,58,58,0,0,324,1175,0,0,324,1175,California
Humboldt,2020-12-24,25,1198,2,1117,23,81,0,0,25,1200,0,0,25,1200,California
Humboldt,2020-12-25,2,1200,2,1119,0,81,0,0,2,1202,0,0,2,1202,California
Humboldt,2020-12-26,6,1206,5,1124,1,82,0,0,6,1208,0,0,6,1208,California
Humboldt,2020-12-28,207,1413,149,1273,58,140,0,0,207,1415,0,0,207,1415,California
Humboldt,2020-12-29,184,1597,123,1396,61,201,0,0,185,1600,0,0,185,1600,California
Humboldt,2020-12-30,233,1830,127,1523,106,307,0,0,233,1833,0,0,233,1833,California
Humboldt,2020-12-31,246,2076,81,1604,165,472,0,0,246,2079,0,0,246,2079,California
Humboldt,2021-01-01,3,2079,2,1606,1,473,0,0,3,2082,0,0,3,2082,California
Humboldt,2021-01-02,40,2119,2,1608,38,511,0,0,40,2122,0,0,40,2122,California
Humboldt,2021-01-04,219,2338,142,1750,77,588,0,0,220,2342,0,0,220,2342,California
Humboldt,2021-01-05,133,2471,21,1771,112,700,0,0,133,2474,1,1,133,2475,California
Humboldt,2021-01-06,314,2785,214,1985,100,800,0,0,241,2654,61,62,241,2716,California
Humboldt,2021-01-07,437,3222,325,2310,112,912,0,0,320,2874,100,162,320,3036,California
Humboldt,2021-01-08,426,3648,286,2596,140,1052,0,0,287,3028,133,295,287,3323,California
Humboldt,2021-01-09,67,3715,43,2639,24,1076,0,0,65,3092,2,297,66,3389,California
Humboldt,2021-01-10,84,3799,84,2723,0,1076,0,0,4,3016,80,377,4,3393,California
Humboldt,2021-01-11,292,4091,281,3004,11,1087,0,0,71,2870,217,594,71,3464,California
Humboldt,2021-01-12,504,4595,339,3343,165,1252,0,0,287,2962,195,789,287,3751,California
Humboldt,2021-01-13,500,5095,281,3624,219,1471,0,0,321,3108,176,965,322,4073,California
Humboldt,2021-01-14,558,5653,174,3798,384,1855,0,0,502,3555,56,1021,503,4576,California
Humboldt,2021-01-15,371,6024,28,3826,343,2198,0,0,353,3890,18,1039,353,4929,California
Humboldt,2021-01-16,169,6193,6,3832,163,2361,0,0,168,4057,1,1040,168,5097,California
Humboldt,2021-01-17,7,6200,4,3836,3,2364,0,0,7,4064,0,1040,7,5104,California
Humboldt,2021-01-18,305,6505,270,4106,35,2399,0,0,151,4061,154,1194,151,5255,California
Humboldt,2021-01-19,659,7164,400,4506,259,2658,0,0,529,4466,124,1318,529,5784,California
Humboldt,2021-01-20,950,8114,421,4927,529,3187,0,0,786,5098,156,1474,788,6572,California
Humboldt,2021-01-21,971,9085,260,5187,711,3898,0,0,928,5983,43,1517,928,7500,California
Humboldt,2021-01-22,689,9774,381,5568,308,4206,0,0,679,6653,10,1527,680,8180,California
Humboldt,2021-01-23,928,10702,283,5851,645,4851,0,0,919,7564,9,1536,920,9100,California
Humboldt,2021-01-24,229,10931,1,5852,228,5079,0,0,227,7789,2,1538,227,9327,California
Humboldt,2021-01-25,351,11282,234,6086,117,5196,0,0,154,7746,197,1735,154,9481,California
Humboldt,2021-01-26,544,11826,149,6235,395,5591,0,0,480,8162,64,1799,480,9961,California
Humboldt,2021-01-27,1272,13098,584,6819,688,6279,0,0,1199,9297,66,1865,1201,11162,California
Humboldt,2021-01-28,1465,14563,638,7457,827,7106,0,0,1323,10483,139,2004,1325,12487,California
Humboldt,2021-01-29,1164,15727,547,8004,617,7723,0,0,695,10709,469,2473,695,13182,California
Humboldt,2021-01-30,1028,16755,470,8474,558,8281,0,0,983,11648,45,2518,984,14166,California
Humboldt,2021-01-31,317,17072,315,8789,2,8283,0,0,316,11963,1,2519,316,14482,California
Humboldt,2021-02-01,321,17393,177,8966,144,8427,0,0,185,12012,136,2655,185,14667,California
Humboldt,2021-02-02,454,17847,79,9045,375,8802,0,0,349,12261,102,2757,351,15018,California
Humboldt,2021-02-03,677,18524,267,9312,410,9212,0,0,521,12626,156,2913,521,15539,California
Humboldt,2021-02-04,652,19176,260,9572,392,9604,0,0,444,12865,205,3118,444,15983,California
Humboldt,2021-02-05,827,20003,108,9680,719,10323,0,0,625,13289,201,3319,625,16608,California
Humboldt,2021-02-06,1084,21087,470,10150,614,10937,0,0,1035,14277,48,3367,1036,17644,California
Humboldt,2021-02-07,379,21466,8,10158,371,11308,0,0,374,14648,4,3371,375,18019,California
Humboldt,2021-02-08,339,21805,147,10305,192,11500,0,0,180,14670,158,3529,180,18199,California
Humboldt,2021-02-09,504,22309,228,10533,276,11776,0,0,177,14520,327,3856,177,18376,California
Humboldt,2021-02-10,564,22873,370,10903,194,11970,0,0,205,14371,354,4210,205,18581,California
Humboldt,2021-02-11,1325,24198,399,11302,926,12896,0,0,491,14037,827,5037,493,19074,California
Humboldt,2021-02-12,1170,25368,748,12050,422,13318,0,0,712,14293,456,5493,712,19786,California
Humboldt,2021-02-13,1551,26919,601,12651,950,14268,0,0,924,14593,625,6118,925,20711,California
Humboldt,2021-02-14,114,27033,5,12656,109,14377,0,0,110,14700,3,6121,110,20821,California
Humboldt,2021-02-15,294,27327,81,12737,213,14590,0,0,193,14793,100,6221,193,21014,California
Humboldt,2021-02-16,555,27882,124,12861,431,15021,0,0,253,14747,301,6522,255,21269,California
Humboldt,2021-02-17,455,28337,283,13144,172,15193,0,0,133,14559,321,6843,133,21402,California
Humboldt,2021-02-18,1033,29370,608,13752,425,15618,0,0,276,14085,750,7593,276,21678,California
Humboldt,2021-02-19,490,29860,442,14194,48,15666,0,0,92,13783,394,7987,92,21770,California
Humboldt,2021-02-20,1732,31592,1026,15220,706,16372,0,0,480,13020,1246,9233,483,22253,California
Humboldt,2021-02-21,495,32087,487,15707,8,16380,0,0,186,12899,308,9541,187,22440,California
Humboldt,2021-02-22,140,32227,95,15802,45,16425,0,0,29,12819,109,9650,29,22469,California
Humboldt,2021-02-23,185,32412,72,15874,113,16538,0,0,45,12726,138,9788,45,22514,California
Humboldt,2021-02-24,1235,33647,749,16623,486,17024,0,0,590,12674,642,10430,590,23104,California
Humboldt,2021-02-25,839,34486,320,16943,519,17543,0,0,232,12302,604,11034,232,23336,California
Humboldt,2021-02-26,2151,36637,108,17051,2043,19586,0,0,439,11036,1706,12740,440,23776,California
Humboldt,2021-02-27,1712,38349,1091,18142,621,20207,0,0,853,11036,857,13597,857,24633,California
Humboldt,2021-02-28,126,38475,11,18153,115,20322,0,0,118,11147,7,13604,118,24751,California
Humboldt,2021-03-01,262,38737,46,18199,216,20538,0,0,187,11260,74,13678,187,24938,California
Humboldt,2021-03-02,305,39042,51,18250,254,20792,0,0,166,11287,139,13817,166,25104,California
Humboldt,2021-03-03,1674,40716,1106,19356,568,21360,0,0,1224,12069,443,14260,1225,26329,California
Humboldt,2021-03-04,926,41642,114,19470,812,22172,0,0,300,11745,626,14886,302,26631,California
Humboldt,2021-03-05,948,42590,190,19660,747,22919,11,11,389,11589,556,15442,400,27031,California
Humboldt,2021-03-06,1798,44388,936,20596,813,23732,49,60,796,11433,1001,16443,845,27876,California
Humboldt,2021-03-07,369,44757,296,20892,54,23786,19,79,158,11399,211,16654,177,28053,California
Humboldt,2021-03-08,275,45032,6,20898,191,23977,78,157,180,11563,94,16748,258,28311,California
Humboldt,2021-03-09,501,45533,206,21104,147,24124,148,305,245,11701,254,17002,392,28703,California
Humboldt,2021-03-10,694,46227,468,21572,71,24195,155,460,420,12001,273,17275,573,29276,California
Humboldt,2021-03-11,1490,47717,461,22033,929,25124,100,560,658,11931,827,18102,757,30033,California
Humboldt,2021-03-12,1754,49471,1086,23119,445,25569,223,783,1055,12521,691,18793,1281,31314,California
Humboldt,2021-03-13,1585,51056,1037,24156,497,26066,51,834,672,12336,907,19700,722,32036,California
Humboldt,2021-03-14,143,51199,19,24175,116,26182,8,842,29,12259,114,19814,37,32073,California
Humboldt,2021-03-15,280,51479,52,24227,206,26388,22,864,60,12121,220,20034,82,32155,California
Humboldt,2021-03-16,639,52118,201,24428,176,26564,262,1126,262,12267,376,20410,522,32677,California
Humboldt,2021-03-17,732,52850,395,24823,229,26793,108,1234,340,12324,391,20801,448,33125,California
Humboldt,2021-03-18,1741,54591,1167,25990,531,27324,43,1277,1032,12697,702,21503,1075,34200,California
Humboldt,2021-03-19,1076,55667,61,26051,700,28024,315,1592,441,12819,633,22136,755,34955,California
Humboldt,2021-03-20,1384,57051,758,26809,612,28636,14,1606,425,12302,957,23093,440,35395,California
Humboldt,2021-03-21,252,57303,34,26843,189,28825,29,1635,207,12492,45,23138,235,35630,California
Humboldt,2021-03-22,118,57421,14,26857,54,28879,50,1685,62,12550,54,23192,112,35742,California
Humboldt,2021-03-23,413,57834,41,26898,329,29208,43,1728,320,12821,92,23284,363,36105,California
Humboldt,2021-03-24,1414,59248,389,27287,978,30186,47,1775,1038,13537,368,23652,1084,37189,California
Humboldt,2021-03-25,1844,61092,1214,28501,566,30752,64,1839,947,13652,895,24547,1010,38199,California
Humboldt,2021-03-26,2043,63135,440,28941,1546,32298,57,1896,1596,14863,441,24988,1652,39851,California
Humboldt,2021-03-27,2093,65228,1494,30435,425,32723,174,2070,1118,15184,971,25959,1292,41143,California
Humboldt,2021-03-28,268,65496,82,30517,114,32837,72,2142,81,15152,186,26145,154,41297,California
Humboldt,2021-03-29,468,65964,124,30641,248,33085,96,2238,198,15176,269,26414,293,41590,California
Humboldt,2021-03-30,947,66911,304,30945,529,33614,114,2352,561,15469,381,26795,674,42264,California
Humboldt,2021-03-31,1869,68780,522,31467,1249,34863,98,2450,1411,16525,454,27249,1510,43774,California
Humboldt,2021-04-01,2123,70903,712,32179,1318,36181,93,2543,1482,17467,633,27882,1575,45349,California
Humboldt,2021-04-02,1728,72631,1113,33292,508,36689,107,2650,620,17092,1102,28984,727,46076,California
Humboldt,2021-04-03,1672,74303,1512,34804,145,36834,15,2665,674,16793,988,29972,689,46765,California
Humboldt,2021-04-04,485,74788,372,35176,104,36938,9,2674,404,17126,80,30052,413,47178,California
Humboldt,2021-04-05,780,75568,465,35641,267,37205,48,2722,444,17285,333,30385,492,47670,California
Humboldt,2021-04-06,846,76414,319,35960,393,37598,134,2856,588,17753,252,30637,720,48390,California
Humboldt,2021-04-07,1501,77915,1067,37027,292,37890,142,2998,994,18385,504,31141,1136,49526,California
Humboldt,2021-04-08,1759,79674,1096,38123,504,38394,159,3157,743,18273,1014,32155,902,50428,California
Humboldt,2021-04-09,1445,81119,441,38564,849,39243,155,3312,1154,19285,290,32445,1302,51730,California
Humboldt,2021-04-10,943,82062,139,38703,629,39872,175,3487,743,20003,198,32643,916,52646,California
Humboldt,2021-04-11,646,82708,138,38841,36,39908,472,3959,128,20083,518,33161,598,53244,California
Humboldt,2021-04-12,443,83151,230,39071,86,39994,127,4086,282,20332,160,33321,409,53653,California
Humboldt,2021-04-13,594,83745,324,39395,265,40259,5,4091,558,20860,34,33355,562,54215,California
Humboldt,2021-04-14,1450,85195,1047,40442,403,40662,0,4091,1332,22075,117,33472,1332,55547,California
Humboldt,2021-04-15,1835,87030,1204,41646,627,41289,4,4095,1261,22783,555,34027,1263,56810,California
Humboldt,2021-04-16,1139,88169,522,42168,617,41906,0,4095,554,22755,582,34609,554,57364,California
Humboldt,2021-04-17,1859,90028,1536,43704,323,42229,0,4095,1053,23008,800,35409,1053,58417,California
Humboldt,2021-04-18,670,90698,354,44058,315,42544,1,4096,85,22514,579,35988,85,58502,California
Humboldt,2021-04-19,208,90906,86,44144,122,42666,0,4096,92,22492,114,36102,92,58594,California
Humboldt,2021-04-20,511,91417,140,44284,371,43037,0,4096,255,22492,255,36357,255,58849,California
Humboldt,2021-04-21,1124,92541,391,44675,733,43770,0,4096,456,22290,659,37016,457,59306,California
Humboldt,2021-04-22,900,93441,538,45213,361,44131,1,4097,457,22307,440,37456,457,59763,California
Humboldt,2021-04-23,2196,95637,312,45525,1884,46015,0,4097,339,20793,1853,39309,339,60102,California
Humboldt,2021-04-24,1102,96739,885,46410,212,46227,5,4102,364,20427,735,40044,369,60471,California
Humboldt,2021-04-25,377,97116,241,46651,136,46363,0,4102,194,20440,181,40225,194,60665,California
Humboldt,2021-04-26,391,97507,272,46923,115,46478,4,4106,110,20273,279,40504,112,60777,California
Humboldt,2021-04-27,777,98284,278,47201,470,46948,29,4135,154,19835,621,41125,183,60960,California
Humboldt,2021-04-28,1603,99887,843,48044,715,47663,45,4180,417,19114,1183,42308,462,61422,California
Humboldt,2021-04-29,1790,101677,635,48679,1117,48780,38,4218,300,17967,1485,43793,338,61760,California
Humboldt,2021-04-30,1303,102980,436,49115,833,49613,34,4252,205,17113,1091,44884,237,61997,California
Humboldt,2021-05-01,484,103464,387,49502,74,49687,23,4275,300,17253,183,45067,323,62320,California
Humboldt,2021-05-02,233,103697,186,49688,38,49725,9,4284,117,17264,115,45182,126,62446,California
Humboldt,2021-05-03,618,104315,375,50063,219,49944,24,4308,102,16877,514,45696,127,62573,California
Humboldt,2021-05-04,869,105184,522,50585,302,50246,45,4353,261,16577,605,46301,305,62878,California
Humboldt,2021-05-05,1741,106925,1116,51701,567,50813,58,4411,185,15271,1547,47848,241,63119,California
Humboldt,2021-05-06,1695,108620,1076,52777,367,51180,252,4663,141,14113,1551,49399,393,63512,California
Humboldt,2021-05-07,1435,110055,316,53093,1059,52239,60,4723,238,13215,1194,50593,296,63808,California
Humboldt,2021-05-08,743,110798,147,53240,573,52812,23,4746,90,12677,651,51244,113,63921,California
Humboldt,2021-05-09,906,111704,854,54094,42,52854,10,4756,47,11875,859,52103,57,63978,California
Humboldt,2021-05-10,218,111922,37,54131,142,52996,39,4795,82,11860,136,52239,121,64099,California
Humboldt,2021-05-11,536,112458,184,54315,279,53275,73,4868,204,11806,331,52570,277,64376,California
Humboldt,2021-05-12,621,113079,142,54457,433,53708,46,4914,226,11683,394,52964,271,64647,California
Humboldt,2021-05-13,630,113709,302,54759,301,54009,27,4941,289,11660,339,53303,316,64963,California
Humboldt,2021-05-14,711,114420,142,54901,465,54474,104,5045,233,11521,475,53778,336,65299,California
Humboldt,2021-05-15,787,115207,643,55544,135,54609,9,5054,212,11168,574,54352,221,65520,California
Humboldt,2021-05-16,122,115329,54,55598,64,54673,4,5058,68,11186,54,54406,72,65592,California
Humboldt,2021-05-17,410,115739,215,55813,172,54845,23,5081,225,11250,183,54589,247,65839,California
Humboldt,2021-05-18,664,116403,326,56139,309,55154,29,5110,361,11336,303,54892,389,66228,California
Humboldt,2021-05-19,989,117392,549,56688,397,55551,43,5153,341,11074,644,55536,382,66610,California
Humboldt,2021-05-20,828,118220,607,57295,208,55759,13,5166,593,11449,232,55768,607,67217,California
Humboldt,2021-05-21,878,119098,291,57586,526,56285,61,5227,351,11334,527,56295,412,67629,California
Humboldt,2021-05-22,414,119512,320,57906,86,56371,8,5235,146,11222,266,56561,154,67783,California
Humboldt,2021-05-23,393,119905,323,58229,67,56438,3,5238,75,10982,318,56879,78,67861,California
Humboldt,2021-05-24,337,120242,174,58403,134,56572,29,5267,182,11039,154,57033,211,68072,California
Humboldt,2021-05-25,529,120771,337,58740,168,56740,24,5291,287,11111,239,57272,311,68383,California
Humboldt,2021-05-26,648,121419,310,59050,314,57054,24,5315,309,11106,338,57610,333,68716,California
Humboldt,2021-05-27,465,121884,247,59297,181,57235,37,5352,276,11230,189,57799,313,69029,California
Humboldt,2021-05-28,410,122294,192,59489,171,57406,47,5399,168,11206,239,58038,215,69244,California
Humboldt,2021-05-29,172,122466,103,59592,66,57472,3,5402,91,11219,81,58119,94,69338,California
Humboldt,2021-05-30,104,122570,45,59637,54,57526,5,5407,49,11219,54,58173,54,69392,California
Humboldt,2021-05-31,73,122643,27,59664,40,57566,6,5413,49,11250,23,58196,54,69446,California
Humboldt,2021-06-01,459,123102,266,59930,178,57744,15,5428,183,11172,276,58472,198,69644,California
Humboldt,2021-06-02,533,123635,249,60179,230,57974,54,5482,237,11171,290,58762,289,69933,California
Humboldt,2021-06-03,391,124026,226,60405,143,58117,22,5504,85,11000,278,59040,107,70040,California
Humboldt,2021-06-04,507,124533,317,60722,166,58283,24,5528,133,10826,330,59370,156,70196,California
Humboldt,2021-06-05,408,124941,313,61035,50,58333,45,5573,205,10928,148,59518,250,70446,California
Humboldt,2021-06-06,170,125111,118,61153,43,58376,9,5582,69,10910,96,59614,78,70524,California
Humboldt,2021-06-07,360,125471,217,61370,119,58495,24,5606,111,10797,248,59862,135,70659,California
Humboldt,2021-06-08,521,125992,302,61672,190,58685,29,5635,151,10608,368,60230,179,70838,California
Humboldt,2021-06-09,398,126390,205,61877,146,58831,47,5682,125,10509,271,60501,172,71010,California
Humboldt,2021-06-10,562,126952,444,62321,91,58922,27,5709,92,10160,466,60967,117,71127,California
Humboldt,2021-06-11,438,127390,246,62567,164,59086,28,5737,100,9951,337,61304,128,71255,California
Humboldt,2021-06-12,178,127568,131,62698,47,59133,0,5737,49,9872,128,61432,49,71304,California
Humboldt,2021-06-13,214,127782,146,62844,43,59176,25,5762,92,9868,120,61552,116,71420,California
Humboldt,2021-06-14,417,128199,253,63097,137,59313,27,5789,114,9707,302,61854,141,71561,California
Humboldt,2021-06-15,544,128743,369,63466,147,59460,28,5817,154,9504,384,62238,181,71742,California
Humboldt,2021-06-16,484,129227,323,63789,114,59574,47,5864,141,9358,334,62572,188,71930,California
Humboldt,2021-06-17,396,129623,259,64048,91,59665,46,5910,97,9202,299,62871,143,72073,California
Humboldt,2021-06-18,397,130020,229,64277,139,59804,29,5939,129,9097,262,63133,157,72230,California
Humboldt,2021-06-19,202,130222,136,64413,45,59849,21,5960,87,9090,114,63247,107,72337,California
Humboldt,2021-06-20,80,130302,36,64449,30,59879,14,5974,33,9092,45,63292,47,72384,California
Humboldt,2021-06-21,153,130455,72,64521,54,59933,27,6001,53,9072,100,63392,80,72464,California
Humboldt,2021-06-22,349,130804,220,64741,110,60043,19,6020,144,9031,204,63596,163,72627,California
Humboldt,2021-06-23,353,131157,248,64989,74,60117,31,6051,106,8926,240,63836,135,72762,California
Humboldt,2021-06-24,210,131367,106,65095,49,60166,55,6106,88,8949,118,63954,141,72903,California
Humboldt,2021-06-25,255,131622,144,65239,96,60262,15,6121,104,8920,148,64102,119,73022,California
Humboldt,2021-06-26,251,131873,190,65429,38,60300,23,6144,64,8820,187,64289,87,73109,California
Humboldt,2021-06-27,73,131946,50,65479,21,60321,2,6146,26,8801,47,64336,28,73137,California
Humboldt,2021-06-28,155,132101,100,65579,27,60348,28,6174,68,8810,87,64423,96,73233,California
Humboldt,2021-06-29,258,132359,155,65734,70,60418,33,6207,86,8758,170,64593,118,73351,California
Humboldt,2021-06-30,145,132504,87,65821,45,60463,13,6220,60,8747,84,64677,73,73424,California
Imperial,2020-12-16,1,1,1,1,0,0,0,0,1,1,0,0,1,1,California
Imperial,2020-12-17,4,5,4,5,0,0,0,0,4,5,0,0,4,5,California
Imperial,2020-12-18,13,18,13,18,0,0,0,0,13,18,0,0,13,18,California
Imperial,2020-12-20,3,21,3,21,0,0,0,0,3,21,0,0,3,21,California
Imperial,2020-12-21,185,206,185,206,0,0,0,0,185,206,0,0,185,206,California
Imperial,2020-12-22,240,446,238,444,2,2,0,0,240,446,0,0,240,446,California
Imperial,2020-12-23,211,657,210,654,1,3,0,0,211,657,0,0,211,657,California
Imperial,2020-12-24,7,664,7,661,0,3,0,0,7,664,0,0,7,664,California
Imperial,2020-12-26,3,667,1,662,2,5,0,0,3,667,0,0,3,667,California
Imperial,2020-12-27,62,729,0,662,62,67,0,0,62,729,0,0,62,729,California
Imperial,2020-12-28,216,945,115,777,101,168,0,0,216,945,0,0,216,945,California
Imperial,2020-12-29,190,1135,37,814,153,321,0,0,190,1135,0,0,190,1135,California
Imperial,2020-12-30,367,1502,51,865,316,637,0,0,367,1502,0,0,367,1502,California
Imperial,2020-12-31,199,1701,28,893,171,808,0,0,199,1701,0,0,199,1701,California
Imperial,2021-01-01,47,1748,5,898,42,850,0,0,47,1748,0,0,47,1748,California
Imperial,2021-01-02,5,1753,0,898,5,855,0,0,5,1753,0,0,5,1753,California
Imperial,2021-01-03,90,1843,0,898,90,945,0,0,90,1843,0,0,90,1843,California
Imperial,2021-01-04,87,1930,7,905,80,1025,0,0,87,1930,0,0,87,1930,California
Imperial,2021-01-05,174,2104,14,919,160,1185,0,0,174,2104,0,0,174,2104,California
Imperial,2021-01-06,192,2296,26,945,166,1351,0,0,191,2294,1,1,191,2295,California
Imperial,2021-01-07,330,2626,12,957,318,1669,0,0,325,2614,5,6,325,2620,California
Imperial,2021-01-08,194,2820,51,1008,143,1812,0,0,185,2790,9,15,185,2805,California
Imperial,2021-01-09,24,2844,21,1029,3,1815,0,0,24,2814,0,15,24,2829,California
Imperial,2021-01-10,4,2848,1,1030,3,1818,0,0,3,2816,1,16,3,2832,California
Imperial,2021-01-11,403,3251,243,1273,160,1978,0,0,176,2765,227,243,176,3008,California
Imperial,2021-01-12,576,3827,468,1741,108,2086,0,0,314,2818,261,504,314,3322,California
Imperial,2021-01-13,386,4213,135,1876,251,2337,0,0,284,3000,102,606,284,3606,California
Imperial,2021-01-14,307,4520,190,2066,117,2454,0,0,301,3296,5,611,301,3907,California
Imperial,2021-01-15,247,4767,182,2248,65,2519,0,0,239,3527,8,619,239,4146,California
Imperial,2021-01-16,94,4861,74,2322,20,2539,0,0,93,3619,1,620,93,4239,California
Imperial,2021-01-17,18,4879,5,2327,13,2552,0,0,17,3635,1,621,17,4256,California
Imperial,2021-01-18,1073,5952,401,2728,672,3224,0,0,975,4513,98,719,976,5232,California
Imperial,2021-01-19,173,6125,130,2858,43,3267,0,0,126,4592,47,766,126,5358,California
Imperial,2021-01-20,300,6425,198,3056,102,3369,0,0,261,4814,39,805,261,5619,California
Imperial,2021-01-21,436,6861,185,3241,251,3620,0,0,414,5206,22,827,414,6033,California
Imperial,2021-01-22,476,7337,188,3429,288,3908,0,0,467,5664,9,836,467,6500,California
Imperial,2021-01-23,1064,8401,292,3721,772,4680,0,0,1061,6722,3,839,1061,7561,California
Imperial,2021-01-24,24,8425,2,3723,22,4702,0,0,24,6746,0,839,24,7585,California
Imperial,2021-01-25,224,8649,10,3733,214,4916,0,0,41,6606,181,1020,41,7626,California
Imperial,2021-01-26,376,9025,181,3914,195,5111,0,0,232,6696,143,1163,233,7859,California
Imperial,2021-01-27,589,9614,163,4077,426,5537,0,0,255,6617,334,1497,255,8114,California
Imperial,2021-01-28,654,10268,165,4242,489,6026,0,0,544,7051,110,1607,544,8658,California
Imperial,2021-01-29,446,10714,298,4540,148,6174,0,0,396,7397,50,1657,396,9054,California
Imperial,2021-01-30,81,10795,39,4579,42,6216,0,0,64,7444,17,1674,64,9118,California
Imperial,2021-01-31,27,10822,4,4583,23,6239,0,0,26,7469,1,1675,26,9144,California
Imperial,2021-02-01,466,11288,68,4651,398,6637,0,0,253,7511,211,1886,253,9397,California
Imperial,2021-02-02,764,12052,83,4734,681,7318,0,0,580,7907,184,2070,580,9977,California
Imperial,2021-02-03,623,12675,180,4914,443,7761,0,0,360,8006,261,2331,360,10337,California
Imperial,2021-02-04,1936,14611,1378,6292,558,8319,0,0,1496,9063,439,2770,1496,11833,California
Imperial,2021-02-05,456,15067,255,6547,201,8520,0,0,219,9046,238,3008,221,12054,California
Imperial,2021-02-06,889,15956,849,7396,40,8560,0,0,853,9861,38,3046,853,12907,California
Imperial,2021-02-07,48,16004,16,7412,32,8592,0,0,44,9901,4,3050,44,12951,California
Imperial,2021-02-08,275,16279,45,7457,230,8822,0,0,206,10038,69,3119,206,13157,California
Imperial,2021-02-09,489,16768,153,7610,336,9158,0,0,321,10194,168,3287,324,13481,California
Imperial,2021-02-10,479,17247,59,7669,420,9578,0,0,111,9940,368,3655,114,13595,California
Imperial,2021-02-11,1083,18330,387,8056,696,10274,0,0,180,9225,898,4553,183,13778,California
Imperial,2021-02-12,2184,20514,1438,9494,746,11020,0,0,1828,10700,359,4912,1834,15612,California
Imperial,2021-02-13,110,20624,57,9551,53,11073,0,0,92,10773,21,4933,94,15706,California
Imperial,2021-02-14,50,20674,34,9585,16,11089,0,0,47,10817,3,4936,47,15753,California
Imperial,2021-02-15,145,20819,37,9622,108,11197,0,0,127,10929,18,4954,130,15883,California
Imperial,2021-02-16,521,21340,264,9886,257,11454,0,0,303,11018,218,5172,307,16190,California
Imperial,2021-02-17,460,21800,303,10189,157,11611,0,0,104,10771,356,5528,109,16299,California
Imperial,2021-02-18,683,22483,331,10520,352,11963,0,0,160,10422,519,6047,170,16469,California
Imperial,2021-02-19,795,23278,403,10923,392,12355,0,0,208,10048,584,6631,210,16679,California
Imperial,2021-02-20,1062,24340,208,11131,854,13209,0,0,337,9672,723,7354,347,17026,California
Imperial,2021-02-21,609,24949,576,11707,33,13242,0,0,601,10269,7,7361,604,17630,California
Imperial,2021-02-22,838,25787,594,12301,244,13486,0,0,776,10988,62,7423,781,18411,California
Imperial,2021-02-23,1131,26918,530,12831,601,14087,0,0,961,11793,169,7592,974,19385,California
Imperial,2021-02-24,791,27709,353,13184,438,14525,0,0,669,12356,120,7712,683,20068,California
Imperial,2021-02-25,955,28664,421,13605,534,15059,0,0,538,12500,417,8129,561,20629,California
Imperial,2021-02-26,2369,31033,1409,15014,960,16019,0,0,1856,13866,512,8641,1878,22507,California
Imperial,2021-02-27,1009,32042,922,15936,87,16106,0,0,250,13376,760,9401,270,22777,California
Imperial,2021-02-28,109,32151,90,16026,19,16125,0,0,88,13454,21,9422,99,22876,California
Imperial,2021-03-01,587,32738,358,16384,226,16351,3,3,500,13885,83,9505,514,23390,California
Imperial,2021-03-02,777,33515,300,16684,476,16827,1,4,438,14000,337,9842,452,23842,California
Imperial,2021-03-03,1001,34516,96,16780,905,17732,0,4,606,14243,391,10233,634,24476,California
Imperial,2021-03-04,839,35355,151,16931,687,18419,1,5,547,14550,290,10523,597,25073,California
Imperial,2021-03-05,3168,38523,2268,19199,900,19319,0,5,1784,14978,1388,11911,1816,26889,California
Imperial,2021-03-06,818,39341,330,19529,488,19807,0,5,722,15633,93,12004,748,27637,California
Imperial,2021-03-07,158,39499,103,19632,55,19862,0,5,105,15711,52,12056,130,27767,California
Imperial,2021-03-08,500,39999,387,20019,77,19939,36,41,407,16095,93,12149,477,28244,California
Imperial,2021-03-09,746,40745,353,20372,144,20083,249,290,447,16494,299,12448,698,28942,California
Imperial,2021-03-10,831,41576,363,20735,284,20367,184,474,366,16593,464,12912,563,29505,California
Imperial,2021-03-11,1944,43520,527,21262,1147,21514,270,744,1237,17421,703,13615,1531,31036,California
Imperial,2021-03-12,4973,48493,3493,24755,1215,22729,265,1009,3155,19050,1812,15427,3441,34477,California
Imperial,2021-03-13,1235,49728,117,24872,884,23613,234,1243,893,19863,339,15766,1152,35629,California
Imperial,2021-03-14,215,49943,59,24931,142,23755,14,1257,156,19990,59,15825,186,35815,California
Imperial,2021-03-15,781,50724,267,25198,219,23974,295,1552,417,20360,361,16186,731,36546,California
Imperial,2021-03-16,1260,51984,371,25569,379,24353,510,2062,605,20853,652,16838,1145,37691,California
Imperial,2021-03-17,1717,53701,740,26309,792,25145,185,2247,1057,21451,653,17491,1251,38942,California
Imperial,2021-03-18,1902,55603,1252,27561,565,25710,85,2332,1310,22264,587,18078,1400,40342,California
Imperial,2021-03-19,3881,59484,2825,30386,1032,26742,24,2356,1955,22327,1919,19997,1982,42324,California
Imperial,2021-03-20,1828,61312,583,30969,1227,27969,18,2374,1351,23232,470,20467,1375,43699,California
Imperial,2021-03-21,292,61604,104,31073,183,28152,5,2379,166,23285,126,20593,179,43878,California
Imperial,2021-03-22,1111,62715,400,31473,704,28856,7,2386,648,23491,461,21054,667,44545,California
Imperial,2021-03-23,1545,64260,556,32029,983,29839,6,2392,964,23889,577,21631,975,45520,California
Imperial,2021-03-24,2212,66472,637,32666,1149,30988,426,2818,1190,24490,1018,22649,1619,47139,California
Imperial,2021-03-25,3308,69780,799,33465,889,31877,1620,4438,1248,25296,2054,24703,2860,49999,California
Imperial,2021-03-26,3291,73071,1252,34717,1038,32915,1001,5439,945,24913,2334,27037,1951,51950,California
Imperial,2021-03-27,685,73756,327,35044,291,33206,67,5506,451,25203,230,27267,520,52470,California
Imperial,2021-03-28,247,74003,79,35123,161,33367,7,5513,182,25330,63,27330,190,52660,California
Imperial,2021-03-29,1598,75601,392,35515,406,33773,800,6313,330,25197,1264,28594,1131,53791,California
Imperial,2021-03-30,2207,77808,726,36241,598,34371,883,7196,689,25251,1515,30109,1569,55360,California
Imperial,2021-03-31,1635,79443,768,37009,812,35183,55,7251,1027,25727,605,30714,1081,56441,California
Imperial,2021-04-01,2192,81635,467,37476,1400,36583,325,7576,887,25642,1297,32011,1212,57653,California
Imperial,2021-04-02,2251,83886,515,37991,1601,38184,135,7711,1446,26426,797,32808,1581,59234,California
Imperial,2021-04-03,1565,85451,460,38451,1017,39201,88,7799,713,26380,849,33657,803,60037,California
Imperial,2021-04-04,111,85562,67,38518,27,39228,17,7816,33,26353,78,33735,51,60088,California
Imperial,2021-04-05,3499,89061,2350,40868,925,40153,224,8040,812,24719,2676,36411,1042,61130,California
Imperial,2021-04-06,1434,90495,572,41440,601,40754,261,8301,696,24946,733,37144,960,62090,California
Imperial,2021-04-07,2282,92777,612,42052,1235,41989,435,8736,1577,26246,708,37852,2008,64098,California
Imperial,2021-04-08,2318,95095,1121,43173,843,42832,354,9090,1082,26449,1231,39083,1434,65532,California
Imperial,2021-04-09,3490,98585,1705,44878,1037,43869,748,9838,1556,26825,1924,41007,2300,67832,California
Imperial,2021-04-10,1398,99983,226,45104,849,44718,323,10161,244,26240,1150,42157,565,68397,California
Imperial,2021-04-11,252,100235,62,45166,157,44875,33,10194,84,26191,168,42325,119,68516,California
Imperial,2021-04-12,1486,101721,808,45974,457,45332,221,10415,830,26595,648,42973,1052,69568,California
Imperial,2021-04-13,2961,104682,1919,47893,1040,46372,2,10417,2033,27710,923,43896,2038,71606,California
Imperial,2021-04-14,2077,106759,983,48876,1094,47466,0,10417,1396,28436,675,44571,1401,73007,California
Imperial,2021-04-15,2043,108802,958,49834,1085,48551,0,10417,1369,29142,669,45240,1375,74382,California
Imperial,2021-04-16,3518,112320,1823,51657,1695,50246,0,10417,2191,30024,1312,46552,2194,76576,California
Imperial,2021-04-17,1887,114207,957,52614,928,51174,2,10419,1458,31061,424,46976,1461,78037,California
Imperial,2021-04-18,274,114481,85,52699,189,51363,0,10419,92,30976,180,47156,95,78132,California
Imperial,2021-04-19,853,115334,271,52970,582,51945,0,10419,422,30975,428,47584,427,78559,California
Imperial,2021-04-20,1392,116726,554,53524,838,52783,0,10419,777,31142,613,48197,780,79339,California
Imperial,2021-04-21,1476,118202,380,53904,1095,53878,1,10420,843,31359,626,48823,843,80182,California
Imperial,2021-04-22,2425,120627,830,54734,1595,55473,0,10420,1666,32284,743,49566,1668,81850,California
Imperial,2021-04-23,2870,123497,551,55285,2319,57792,0,10420,1109,31668,1729,51295,1113,82963,California
Imperial,2021-04-24,592,124089,326,55611,266,58058,0,10420,234,31547,355,51650,234,83197,California
Imperial,2021-04-25,273,124362,103,55714,170,58228,0,10420,132,31540,139,51789,132,83329,California
Imperial,2021-04-26,1238,125600,483,56197,750,58978,5,10425,710,31733,522,52311,715,84044,California
Imperial,2021-04-27,1164,126764,371,56568,782,59760,11,10436,590,31767,568,52879,602,84646,California
Imperial,2021-04-28,1540,128304,651,57219,856,60616,33,10469,709,31685,824,53703,742,85388,California
Imperial,2021-04-29,1886,130190,866,58085,972,61588,48,10517,849,31559,1025,54728,899,86287,California
Imperial,2021-04-30,3330,133520,1689,59774,1603,63191,38,10555,1613,31505,1705,56433,1651,87938,California
Imperial,2021-05-01,370,133890,129,59903,238,63429,3,10558,195,31532,173,56606,200,88138,California
Imperial,2021-05-02,92,133982,29,59932,56,63485,7,10565,41,31530,51,56657,49,88187,California
Imperial,2021-05-03,1645,135627,546,60478,1050,64535,49,10614,368,30682,1264,57921,416,88603,California
Imperial,2021-05-04,1818,137445,969,61447,822,65357,27,10641,591,30081,1219,59140,618,89221,California
Imperial,2021-05-05,1555,139000,911,62358,624,65981,20,10661,475,29509,1068,60208,496,89717,California
Imperial,2021-05-06,1746,140746,1140,63498,564,66545,42,10703,564,28941,1176,61384,608,90325,California
Imperial,2021-05-07,2646,143392,1454,64952,1135,67680,57,10760,899,28173,1727,63111,959,91284,California
Imperial,2021-05-08,817,144209,649,65601,159,67839,9,10769,211,27795,599,63710,221,91505,California
Imperial,2021-05-09,102,144311,70,65671,31,67870,1,10770,29,27755,70,63780,30,91535,California
Imperial,2021-05-10,1183,145494,304,65975,755,68625,124,10894,361,27424,814,64594,483,92018,California
Imperial,2021-05-11,1523,147017,477,66452,1025,69650,21,10915,536,27007,979,65573,562,92580,California
Imperial,2021-05-12,903,147920,282,66734,581,70231,40,10955,342,26833,556,66129,382,92962,California
Imperial,2021-05-13,1910,149830,1257,67991,581,70812,72,11027,862,26728,1037,67166,932,93894,California
Imperial,2021-05-14,1824,151654,973,68964,789,71601,62,11089,1190,27358,622,67788,1252,95146,California
Imperial,2021-05-15,1282,152936,482,69446,778,72379,22,11111,485,27075,791,68579,508,95654,California
Imperial,2021-05-16,128,153064,87,69533,37,72416,4,11115,54,27060,73,68652,58,95712,California
Imperial,2021-05-17,1982,155046,725,70258,1206,73622,51,11166,692,26520,1283,69935,743,96455,California
Imperial,2021-05-18,1783,156829,895,71153,812,74434,76,11242,968,26758,807,70742,1045,97500,California
Imperial,2021-05-19,1366,158195,624,71777,673,75107,69,11311,637,26743,720,71462,705,98205,California
Imperial,2021-05-20,1766,159961,1018,72795,670,75777,78,11389,775,26618,978,72440,853,99058,California
Imperial,2021-05-21,1985,161946,1242,74037,679,76456,64,11453,1001,26712,971,73411,1065,100123,California
Imperial,2021-05-22,358,162304,194,74231,140,76596,24,11477,172,26728,180,73591,196,100319,California
Imperial,2021-05-23,95,162399,35,74266,51,76647,9,11486,33,26710,60,73651,42,100361,California
Imperial,2021-05-24,1284,163683,629,74895,595,77242,60,11546,530,26552,747,74398,589,100950,California
Imperial,2021-05-25,1559,165242,488,75383,1023,78265,48,11594,565,26183,983,75381,614,101564,California
Imperial,2021-05-26,1133,166375,580,75963,495,78760,58,11652,505,26121,624,76005,562,102126,California
Imperial,2021-05-27,1409,167784,754,76717,582,79342,73,11725,695,26180,709,76714,768,102894,California
Imperial,2021-05-28,1122,168906,610,77327,420,79762,92,11817,413,25990,696,77410,506,103400,California
Imperial,2021-05-29,347,169253,151,77478,155,79917,41,11858,160,26004,187,77597,201,103601,California
Imperial,2021-05-30,98,169351,29,77507,67,79984,2,11860,67,26042,31,77628,69,103670,California
Imperial,2021-05-31,80,169431,20,77527,53,80037,7,11867,36,26041,44,77672,43,103713,California
Imperial,2021-06-01,1315,170746,574,78101,622,80659,119,11986,499,25851,809,78481,619,104332,California
Imperial,2021-06-02,1199,171945,623,78724,454,81113,122,12108,599,25979,591,79072,719,105051,California
Imperial,2021-06-03,1363,173308,755,79479,470,81583,138,12246,633,26027,724,79796,772,105823,California
Imperial,2021-06-04,2494,175802,1734,81213,601,82184,159,12405,1033,25769,1449,81245,1191,107014,California
Imperial,2021-06-05,460,176262,258,81471,144,82328,58,12463,215,25802,240,81485,273,107287,California
Imperial,2021-06-06,81,176343,47,81518,22,82350,12,12475,45,25823,36,81521,57,107344,California
Imperial,2021-06-07,1008,177351,657,82175,285,82635,66,12541,479,25842,526,82047,545,107889,California
Imperial,2021-06-08,1452,178803,1044,83219,322,82957,86,12627,580,25639,867,82914,664,108553,California
Imperial,2021-06-09,1129,179932,781,84000,272,83229,76,12703,513,25618,609,83523,588,109141,California
Imperial,2021-06-10,1216,181148,787,84787,355,83584,74,12777,462,25403,750,84273,535,109676,California
Imperial,2021-06-11,1710,182858,1199,85986,443,84027,68,12845,739,25253,957,85230,807,110483,California
Imperial,2021-06-12,309,183167,141,86127,137,84164,31,12876,138,25253,169,85399,169,110652,California
Imperial,2021-06-13,85,183252,23,86150,60,84224,2,12878,54,25280,30,85429,57,110709,California
Imperial,2021-06-14,867,184119,611,86761,212,84436,44,12922,372,25205,491,85920,416,111125,California
Imperial,2021-06-15,1084,185203,751,87512,285,84721,48,12970,486,25150,590,86510,535,111660,California
Imperial,2021-06-16,1022,186225,651,88163,301,85022,70,13040,484,25171,534,87044,555,112215,California
Imperial,2021-06-17,1109,187334,782,88945,267,85289,60,13100,486,25097,618,87662,544,112759,California
Imperial,2021-06-18,1178,188512,823,89768,285,85574,70,13170,724,25448,442,88104,793,113552,California
Imperial,2021-06-19,345,188857,213,89981,117,85691,15,13185,172,25463,172,88276,187,113739,California
Imperial,2021-06-20,63,188920,30,90011,29,85720,4,13189,24,25452,39,88315,28,113767,California
Imperial,2021-06-21,680,189600,415,90426,227,85947,38,13227,418,25655,255,88570,458,114225,California
Imperial,2021-06-22,1165,190765,804,91230,311,86258,50,13277,630,25809,527,89097,681,114906,California
Imperial,2021-06-23,1138,191903,777,92007,300,86558,61,13338,617,25975,511,89608,677,115583,California
Imperial,2021-06-24,1047,192950,709,92716,290,86848,48,13386,537,26055,505,90113,585,116168,California
Imperial,2021-06-25,1396,194346,1044,93760,290,87138,62,13448,600,25935,782,90895,662,116830,California
Imperial,2021-06-26,249,194595,153,93913,87,87225,9,13457,82,25861,165,91060,91,116921,California
Imperial,2021-06-27,123,194718,60,93973,58,87283,5,13462,51,25844,72,91132,55,116976,California
Imperial,2021-06-28,642,195360,463,94436,157,87440,22,13484,335,25898,302,91434,356,117332,California
Imperial,2021-06-29,721,196081,516,94952,165,87605,40,13524,333,25886,386,91820,374,117706,California
Imperial,2021-06-30,734,196815,505,95457,206,87811,23,13547,292,25765,439,92259,318,118024,California
Inyo,2020-12-19,85,85,85,85,0,0,0,0,85,85,0,0,85,85,California
Inyo,2020-12-20,58,143,58,143,0,0,0,0,58,143,0,0,58,143,California
Inyo,2020-12-21,88,231,85,228,3,3,0,0,88,231,0,0,88,231,California
Inyo,2020-12-22,105,336,105,333,0,3,0,0,105,336,0,0,105,336,California
Inyo,2020-12-23,70,406,67,400,3,6,0,0,70,406,0,0,70,406,California
Inyo,2020-12-24,15,421,15,415,0,6,0,0,15,421,0,0,15,421,California
Inyo,2020-12-25,1,422,0,415,1,7,0,0,1,422,0,0,1,422,California
Inyo,2020-12-26,74,496,74,489,0,7,0,0,74,496,0,0,74,496,California
Inyo,2020-12-28,49,545,37,526,12,19,0,0,49,545,0,0,49,545,California
Inyo,2020-12-29,19,564,19,545,0,19,0,0,19,564,0,0,19,564,California
Inyo,2020-12-30,56,620,54,599,2,21,0,0,56,620,0,0,56,620,California
Inyo,2020-12-31,29,649,0,599,29,50,0,0,29,649,0,0,29,649,California
Inyo,2021-01-01,1,650,0,599,1,51,0,0,1,650,0,0,1,650,California
Inyo,2021-01-03,1,651,0,599,1,52,0,0,1,651,0,0,1,651,California
Inyo,2021-01-04,4,655,1,600,3,55,0,0,4,655,0,0,4,655,California
Inyo,2021-01-05,34,689,0,600,34,89,0,0,34,689,0,0,34,689,California
Inyo,2021-01-06,68,757,0,600,68,157,0,0,68,757,0,0,68,757,California
Inyo,2021-01-07,31,788,1,601,30,187,0,0,31,788,0,0,31,788,California
Inyo,2021-01-08,9,797,8,609,1,188,0,0,4,788,5,5,5,793,California
Inyo,2021-01-09,87,884,86,695,1,189,0,0,1,703,86,91,1,794,California
Inyo,2021-01-10,52,936,52,747,0,189,0,0,0,651,52,143,0,794,California
Inyo,2021-01-11,97,1033,82,829,15,204,0,0,16,586,81,224,16,810,California
Inyo,2021-01-12,138,1171,117,946,21,225,0,0,28,504,110,334,28,838,California
Inyo,2021-01-13,86,1257,68,1014,18,243,0,0,21,461,65,399,22,860,California
Inyo,2021-01-14,59,1316,13,1027,46,289,0,0,49,500,10,409,49,909,California
Inyo,2021-01-15,163,1479,28,1055,135,424,0,0,163,663,0,409,163,1072,California
Inyo,2021-01-16,74,1553,73,1128,1,425,0,0,1,591,73,482,1,1073,California
Inyo,2021-01-18,59,1612,37,1165,22,447,0,0,19,570,40,522,19,1092,California
Inyo,2021-01-19,115,1727,73,1238,42,489,0,0,98,651,17,539,98,1190,California
Inyo,2021-01-20,148,1875,71,1309,77,566,0,0,93,689,55,594,93,1283,California
Inyo,2021-01-21,120,1995,57,1366,63,629,0,0,119,807,1,595,119,1402,California
Inyo,2021-01-22,62,2057,0,1366,62,691,0,0,61,867,1,596,61,1463,California
Inyo,2021-01-23,53,2110,52,1418,1,692,0,0,53,920,0,596,53,1516,California
Inyo,2021-01-25,49,2159,6,1424,43,735,0,0,37,945,12,608,37,1553,California
Inyo,2021-01-26,136,2295,55,1479,81,816,0,0,130,1069,6,614,130,1683,California
Inyo,2021-01-27,24,2319,2,1481,22,838,0,0,23,1091,1,615,23,1706,California
Inyo,2021-01-28,92,2411,2,1483,90,928,0,0,63,1125,29,644,63,1769,California
Inyo,2021-01-29,25,2436,3,1486,22,950,0,0,23,1146,2,646,23,1792,California
Inyo,2021-01-30,11,2447,1,1487,10,960,0,0,11,1157,0,646,11,1803,California
Inyo,2021-01-31,32,2479,4,1491,28,988,0,0,4,1133,28,674,4,1807,California
Inyo,2021-02-01,11,2490,10,1501,1,989,0,0,1,1124,10,684,1,1808,California
Inyo,2021-02-02,130,2620,14,1515,116,1105,0,0,104,1202,26,710,104,1912,California
Inyo,2021-02-03,118,2738,0,1515,118,1223,0,0,74,1232,44,754,74,1986,California
Inyo,2021-02-04,152,2890,34,1549,118,1341,0,0,91,1263,61,815,92,2078,California
Inyo,2021-02-05,118,3008,62,1611,56,1397,0,0,116,1377,2,817,116,2194,California
Inyo,2021-02-06,4,3012,2,1613,2,1399,0,0,3,1379,1,818,3,2197,California
Inyo,2021-02-07,4,3016,2,1615,2,1401,0,0,4,1383,0,818,4,2201,California
Inyo,2021-02-08,117,3133,7,1622,110,1511,0,0,97,1460,20,838,97,2298,California
Inyo,2021-02-09,201,3334,52,1674,149,1660,0,0,128,1515,73,911,128,2426,California
Inyo,2021-02-10,140,3474,16,1690,124,1784,0,0,107,1589,33,944,107,2533,California
Inyo,2021-02-11,222,3696,57,1747,165,1949,0,0,126,1619,96,1040,126,2659,California
Inyo,2021-02-12,303,3999,52,1799,251,2200,0,0,168,1653,134,1174,168,2827,California
Inyo,2021-02-13,59,4058,54,1853,5,2205,0,0,7,1608,52,1226,7,2834,California
Inyo,2021-02-14,2,4060,0,1853,2,2207,0,0,2,1610,0,1226,2,2836,California
Inyo,2021-02-15,29,4089,9,1862,20,2227,0,0,5,1591,24,1250,5,2841,California
Inyo,2021-02-16,182,4271,53,1915,129,2356,0,0,92,1594,89,1339,92,2933,California
Inyo,2021-02-17,38,4309,4,1919,34,2390,0,0,8,1572,30,1369,8,2941,California
Inyo,2021-02-18,122,4431,6,1925,116,2506,0,0,79,1608,43,1412,79,3020,California
Inyo,2021-02-19,53,4484,4,1929,49,2555,0,0,9,1574,43,1455,9,3029,California
Inyo,2021-02-20,513,4997,508,2437,5,2560,0,0,510,2081,3,1458,510,3539,California
Inyo,2021-02-21,446,5443,446,2883,0,2560,0,0,445,2526,0,1458,445,3984,California
Inyo,2021-02-22,61,5504,19,2902,42,2602,0,0,27,2519,34,1492,27,4011,California
Inyo,2021-02-23,199,5703,19,2921,180,2782,0,0,94,2509,104,1596,94,4105,California
Inyo,2021-02-24,118,5821,0,2921,118,2900,0,0,57,2505,61,1657,57,4162,California
Inyo,2021-02-25,132,5953,5,2926,127,3027,0,0,62,2497,70,1727,62,4224,California
Inyo,2021-02-26,105,6058,61,2987,44,3071,0,0,20,2432,85,1812,20,4244,California
Inyo,2021-02-27,14,6072,3,2990,11,3082,0,0,2,2422,12,1824,2,4246,California
Inyo,2021-02-28,3,6075,1,2991,2,3084,0,0,2,2423,1,1825,2,4248,California
Inyo,2021-03-01,19,6094,2,2993,17,3101,0,0,17,2438,2,1827,17,4265,California
Inyo,2021-03-02,197,6291,1,2994,196,3297,0,0,112,2465,85,1912,112,4377,California
Inyo,2021-03-03,87,6378,4,2998,83,3380,0,0,42,2463,44,1956,42,4419,California
Inyo,2021-03-04,127,6505,3,3001,124,3504,0,0,45,2427,81,2037,45,4464,California
Inyo,2021-03-05,146,6651,57,3058,89,3593,0,0,42,2365,104,2141,42,4506,California
Inyo,2021-03-06,30,6681,1,3059,29,3622,0,0,29,2393,1,2142,29,4535,California
Inyo,2021-03-07,7,6688,4,3063,3,3625,0,0,5,2396,2,2144,5,4540,California
Inyo,2021-03-08,184,6872,5,3068,179,3804,0,0,91,2394,93,2237,91,4631,California
Inyo,2021-03-09,191,7063,3,3071,188,3992,0,0,74,2351,117,2354,74,4705,California
Inyo,2021-03-10,71,7134,8,3079,62,4054,1,1,30,2341,41,2395,31,4736,California
Inyo,2021-03-11,205,7339,1,3080,199,4253,5,6,74,2289,131,2526,79,4815,California
Inyo,2021-03-12,178,7517,5,3085,167,4420,6,12,77,2272,100,2626,83,4898,California
Inyo,2021-03-13,584,8101,549,3634,25,4445,10,22,70,1839,513,3139,80,4978,California
Inyo,2021-03-14,441,8542,440,4074,1,4446,0,22,2,1403,438,3577,2,4980,California
Inyo,2021-03-15,51,8593,15,4089,34,4480,2,24,30,1414,21,3598,32,5012,California
Inyo,2021-03-16,164,8757,4,4093,154,4634,6,30,64,1385,99,3697,70,5082,California
Inyo,2021-03-17,108,8865,3,4096,98,4732,7,37,92,1468,16,3713,99,5181,California
Inyo,2021-03-18,185,9050,16,4112,162,4894,7,44,104,1498,81,3794,111,5292,California
Inyo,2021-03-19,48,9098,5,4117,39,4933,4,48,36,1528,10,3804,40,5332,California
Inyo,2021-03-20,20,9118,1,4118,10,4943,9,57,1,1519,19,3823,10,5342,California
Inyo,2021-03-22,59,9177,3,4121,51,4994,5,62,39,1543,20,3843,44,5386,California
Inyo,2021-03-23,195,9372,4,4125,187,5181,4,66,105,1562,90,3933,109,5495,California
Inyo,2021-03-24,141,9513,3,4128,133,5314,5,71,86,1598,55,3988,91,5586,California
Inyo,2021-03-25,330,9843,110,4238,217,5531,3,74,264,1799,66,4054,267,5853,California
Inyo,2021-03-26,92,9935,3,4241,85,5616,4,78,71,1853,21,4075,75,5928,California
Inyo,2021-03-27,53,9988,45,4286,5,5621,3,81,47,1897,6,4081,50,5978,California
Inyo,2021-03-28,4,9992,1,4287,2,5623,1,82,1,1896,3,4084,2,5980,California
Inyo,2021-03-29,109,10101,2,4289,102,5725,5,87,82,1957,26,4110,87,6067,California
Inyo,2021-03-30,221,10322,2,4291,214,5939,5,92,109,1959,112,4222,114,6181,California
Inyo,2021-03-31,150,10472,4,4295,141,6080,5,97,107,2029,43,4265,113,6294,California
Inyo,2021-04-01,166,10638,3,4298,162,6242,1,98,117,2098,49,4314,118,6412,California
Inyo,2021-04-02,80,10718,1,4299,77,6319,2,100,49,2118,31,4345,51,6463,California
Inyo,2021-04-03,92,10810,46,4345,32,6351,14,114,4,2049,86,4431,17,6480,California
Inyo,2021-04-04,5,10815,4,4349,0,6351,1,115,1,2047,4,4435,2,6482,California
Inyo,2021-04-05,117,10932,1,4350,112,6463,4,119,29,1992,88,4523,33,6515,California
Inyo,2021-04-06,237,11169,5,4355,169,6632,63,182,105,2028,132,4655,168,6683,California
Inyo,2021-04-07,204,11373,1,4356,76,6708,127,309,47,2044,158,4813,174,6857,California
Inyo,2021-04-08,182,11555,15,4371,150,6858,17,326,82,2043,100,4913,99,6956,California
Inyo,2021-04-09,125,11680,7,4378,95,6953,23,349,37,2016,87,5000,60,7016,California
Inyo,2021-04-10,42,11722,1,4379,24,6977,17,366,3,1997,39,5039,20,7036,California
Inyo,2021-04-11,1,11723,0,4379,1,6978,0,366,1,1998,0,5039,1,7037,California
Inyo,2021-04-12,79,11802,0,4379,74,7052,5,371,41,2006,38,5077,46,7083,California
Inyo,2021-04-13,124,11926,5,4384,116,7168,3,374,64,2014,59,5136,67,7150,California
Inyo,2021-04-14,130,12056,2,4386,128,7296,0,374,45,1974,85,5221,45,7195,California
Inyo,2021-04-15,275,12331,117,4503,158,7454,0,374,79,1857,196,5417,79,7274,California
Inyo,2021-04-16,47,12378,5,4508,42,7496,0,374,19,1848,28,5445,19,7293,California
Inyo,2021-04-17,2,12380,1,4509,1,7497,0,374,1,1848,1,5446,1,7294,California
Inyo,2021-04-19,133,12513,44,4553,89,7586,0,374,46,1808,86,5532,46,7340,California
Inyo,2021-04-20,163,12676,2,4555,161,7747,0,374,79,1803,84,5616,79,7419,California
Inyo,2021-04-21,113,12789,5,4560,108,7855,0,374,32,1754,81,5697,32,7451,California
Inyo,2021-04-22,195,12984,1,4561,194,8049,0,374,51,1661,144,5841,51,7502,California
Inyo,2021-04-23,95,13079,4,4565,91,8140,0,374,22,1610,73,5914,22,7524,California
Inyo,2021-04-24,309,13388,308,4873,1,8141,0,374,305,1911,4,5918,305,7829,California
Inyo,2021-04-25,135,13523,134,5007,1,8142,0,374,135,2046,0,5918,135,7964,California
Inyo,2021-04-26,93,13616,2,5009,90,8232,1,375,11,1977,81,5999,12,7976,California
Inyo,2021-04-27,184,13800,7,5016,172,8404,5,380,48,1894,136,6135,53,8029,California
Inyo,2021-04-28,121,13921,2,5018,117,8521,2,382,20,1816,100,6235,22,8051,California
Inyo,2021-04-29,171,14092,55,5073,116,8637,0,382,77,1800,93,6328,77,8128,California
Inyo,2021-04-30,82,14174,5,5078,76,8713,1,383,23,1765,59,6387,24,8152,California
Inyo,2021-05-01,12,14186,3,5081,9,8722,0,383,10,1773,2,6389,10,8162,California
Inyo,2021-05-02,7,14193,3,5084,2,8724,2,385,4,1776,3,6392,6,8168,California
Inyo,2021-05-03,38,14231,1,5085,33,8757,4,389,5,1752,33,6425,9,8177,California
Inyo,2021-05-04,123,14354,2,5087,117,8874,4,393,19,1671,104,6529,23,8200,California
Inyo,2021-05-05,36,14390,0,5087,34,8908,2,395,11,1659,25,6554,13,8213,California
Inyo,2021-05-06,94,14484,4,5091,82,8990,8,403,13,1599,81,6635,21,8234,California
Inyo,2021-05-07,49,14533,4,5095,37,9027,8,411,24,1607,24,6659,32,8266,California
Inyo,2021-05-08,11,14544,2,5097,4,9031,5,416,4,1609,7,6666,9,8275,California
Inyo,2021-05-09,1,14545,0,5097,1,9032,0,416,0,1608,1,6667,0,8275,California
Inyo,2021-05-10,70,14615,1,5098,67,9099,2,418,32,1604,39,6706,35,8310,California
Inyo,2021-05-11,88,14703,1,5099,84,9183,3,421,20,1559,68,6774,23,8333,California
Inyo,2021-05-12,43,14746,2,5101,39,9222,2,423,11,1540,32,6806,13,8346,California
Inyo,2021-05-13,75,14821,1,5102,73,9295,1,424,12,1490,63,6869,13,8359,California
Inyo,2021-05-14,28,14849,5,5107,18,9313,5,429,14,1495,14,6883,19,8378,California
Inyo,2021-05-15,379,15228,367,5474,10,9323,2,431,85,1288,294,7177,87,8465,California
Inyo,2021-05-16,200,15428,200,5674,0,9323,0,431,73,1234,127,7304,73,8538,California
Inyo,2021-05-17,64,15492,3,5677,57,9380,4,435,18,1211,45,7349,22,8560,California
Inyo,2021-05-18,84,15576,2,5679,81,9461,1,436,17,1162,67,7416,18,8578,California
Inyo,2021-05-19,46,15622,2,5681,39,9500,5,441,13,1147,33,7449,18,8596,California
Inyo,2021-05-20,146,15768,83,5764,62,9562,1,442,37,1075,110,7559,38,8634,California
Inyo,2021-05-21,49,15817,18,5782,26,9588,5,447,19,1069,30,7589,24,8658,California
Inyo,2021-05-22,25,15842,15,5797,7,9595,3,450,18,1083,7,7596,21,8679,California
Inyo,2021-05-23,2,15844,1,5798,0,9595,1,451,0,1082,2,7598,1,8680,California
Inyo,2021-05-24,33,15877,6,5804,24,9619,3,454,13,1078,20,7618,16,8696,California
Inyo,2021-05-25,82,15959,39,5843,41,9660,2,456,47,1092,35,7653,49,8745,California
Inyo,2021-05-26,44,16003,16,5859,26,9686,2,458,21,1093,22,7675,23,8768,California
Inyo,2021-05-27,39,16042,10,5869,21,9707,8,466,12,1087,26,7701,20,8788,California
Inyo,2021-05-28,26,16068,6,5875,15,9722,5,471,8,1082,18,7719,13,8801,California
Inyo,2021-05-29,16,16084,5,5880,11,9733,0,471,7,1080,9,7728,7,8808,California
Inyo,2021-05-30,2,16086,0,5880,2,9735,0,471,0,1078,2,7730,0,8808,California
Inyo,2021-06-01,54,16140,16,5896,32,9767,6,477,23,1076,31,7761,29,8837,California
Inyo,2021-06-02,11,16151,9,5905,1,9768,1,478,9,1084,2,7763,10,8847,California
Inyo,2021-06-03,25,16176,0,5905,18,9786,7,485,1,1068,24,7787,8,8855,California
Inyo,2021-06-04,32,16208,6,5911,22,9808,4,489,12,1064,20,7807,16,8871,California
Inyo,2021-06-05,17,16225,8,5919,8,9816,1,490,4,1056,13,7820,5,8876,California
Inyo,2021-06-06,1,16226,1,5920,0,9816,0,490,1,1057,0,7820,1,8877,California
Inyo,2021-06-07,51,16277,15,5935,33,9849,3,493,5,1019,46,7866,8,8885,California
Inyo,2021-06-08,52,16329,24,5959,25,9874,3,496,25,1020,27,7893,28,8913,California
Inyo,2021-06-09,111,16440,95,6054,14,9888,2,498,14,939,97,7990,16,8929,California
Inyo,2021-06-10,53,16493,39,6093,9,9897,5,503,15,921,38,8028,20,8949,California
Inyo,2021-06-11,43,16536,23,6116,18,9915,2,505,17,914,26,8054,19,8968,California
Inyo,2021-06-12,15,16551,8,6124,6,9921,1,506,5,910,10,8064,6,8974,California
Inyo,2021-06-13,1,16552,0,6124,1,9922,0,506,0,909,1,8065,0,8974,California
Inyo,2021-06-14,58,16610,27,6151,28,9950,3,509,8,870,50,8115,11,8985,California
Inyo,2021-06-15,52,16662,39,6190,9,9959,4,513,9,840,43,8158,13,8998,California
Inyo,2021-06-16,32,16694,19,6209,13,9972,0,513,6,820,26,8184,6,9004,California
Inyo,2021-06-17,23,16717,13,6222,6,9978,4,517,5,812,17,8201,9,9013,California
Inyo,2021-06-18,14,16731,5,6227,6,9984,3,520,2,805,12,8213,5,9018,California
Inyo,2021-06-19,20,16751,6,6233,13,9997,1,521,7,800,13,8226,8,9026,California
Inyo,2021-06-21,29,16780,8,6241,18,10015,3,524,13,800,16,8242,16,9042,California
Inyo,2021-06-22,50,16830,41,6282,7,10022,2,526,24,800,26,8268,26,9068,California
Inyo,2021-06-23,14,16844,6,6288,7,10029,1,527,1,789,13,8281,2,9070,California
Inyo,2021-06-24,6,16850,2,6290,3,10032,1,528,3,790,3,8284,4,9074,California
Inyo,2021-06-25,26,16876,10,6300,13,10045,3,531,12,791,14,8298,15,9089,California
Inyo,2021-06-26,12,16888,6,6306,4,10049,2,533,4,789,8,8306,6,9095,California
Inyo,2021-06-28,13,16901,11,6317,2,10051,0,533,8,792,5,8311,8,9103,California
Inyo,2021-06-29,34,16935,29,6346,5,10056,0,533,14,786,20,8331,14,9117,California
Inyo,2021-06-30,20,16955,17,6363,3,10059,0,533,7,780,13,8344,7,9124,California
Kern,2020-12-15,1,1,1,1,0,0,0,0,1,1,0,0,1,1,California
Kern,2020-12-16,19,20,19,20,0,0,0,0,19,20,0,0,19,20,California
Kern,2020-12-17,164,184,164,184,0,0,0,0,164,184,0,0,164,184,California
Kern,2020-12-18,325,509,325,509,0,0,0,0,325,509,0,0,325,509,California
Kern,2020-12-19,99,608,99,608,0,0,0,0,100,609,0,0,100,609,California
Kern,2020-12-20,62,670,62,670,0,0,0,0,62,671,0,0,62,671,California
Kern,2020-12-21,673,1343,672,1342,1,1,0,0,673,1344,0,0,673,1344,California
Kern,2020-12-22,533,1876,530,1872,3,4,0,0,533,1877,0,0,533,1877,California
Kern,2020-12-23,558,2434,420,2292,138,142,0,0,558,2435,0,0,558,2435,California
Kern,2020-12-24,123,2557,44,2336,79,221,0,0,123,2558,0,0,123,2558,California
Kern,2020-12-25,1,2558,1,2337,0,221,0,0,1,2559,0,0,1,2559,California
Kern,2020-12-26,34,2592,2,2339,32,253,0,0,34,2593,0,0,34,2593,California
Kern,2020-12-27,35,2627,3,2342,32,285,0,0,35,2628,0,0,35,2628,California
Kern,2020-12-28,831,3458,666,3008,165,450,0,0,831,3459,0,0,831,3459,California
Kern,2020-12-29,744,4202,451,3459,293,743,0,0,743,4201,1,1,743,4202,California
Kern,2020-12-30,1207,5409,915,4374,292,1035,0,0,1207,5408,0,1,1207,5409,California
Kern,2020-12-31,276,5685,99,4473,177,1212,0,0,276,5684,0,1,276,5685,California
Kern,2021-01-01,18,5703,9,4482,9,1221,0,0,18,5702,0,1,18,5703,California
Kern,2021-01-02,79,5782,18,4500,61,1282,0,0,79,5781,0,1,79,5782,California
Kern,2021-01-03,23,5805,4,4504,19,1301,0,0,23,5804,0,1,23,5805,California
Kern,2021-01-04,553,6358,361,4865,192,1493,0,0,553,6357,0,1,553,6358,California
Kern,2021-01-05,1134,7492,740,5605,394,1887,0,0,1122,7467,12,13,1122,7480,California
Kern,2021-01-06,1167,8659,450,6055,717,2604,0,0,1137,8574,30,43,1137,8617,California
Kern,2021-01-07,1415,10074,491,6546,924,3528,0,0,1245,9650,169,212,1245,9862,California
Kern,2021-01-08,1630,11704,771,7317,859,4387,0,0,1329,10678,302,514,1330,11192,California
Kern,2021-01-09,229,11933,79,7396,150,4537,0,0,193,10835,36,550,193,11385,California
Kern,2021-01-10,195,12128,149,7545,46,4583,0,0,154,10948,41,591,154,11539,California
Kern,2021-01-11,1562,13690,988,8533,574,5157,0,0,1004,11394,558,1149,1004,12543,California
Kern,2021-01-12,1878,15568,818,9351,1060,6217,0,0,1361,12238,517,1666,1361,13904,California
Kern,2021-01-13,1862,17430,878,10229,984,7201,0,0,1438,13252,424,2090,1438,15342,California
Kern,2021-01-14,2204,19634,655,10884,1549,8750,0,0,2158,15364,46,2136,2158,17500,California
Kern,2021-01-15,2730,22364,863,11747,1867,10617,0,0,2633,17902,96,2232,2634,20134,California
Kern,2021-01-16,676,23040,214,11961,462,11079,0,0,641,18508,35,2267,641,20775,California
Kern,2021-01-17,74,23114,7,11968,67,11146,0,0,72,18578,2,2269,72,20847,California
Kern,2021-01-18,1646,24760,657,12625,989,12135,0,0,1480,19892,166,2435,1480,22327,California
Kern,2021-01-19,1869,26629,1034,13659,835,12970,0,0,1401,20826,468,2903,1402,23729,California
Kern,2021-01-20,2737,29366,1792,15451,945,13915,0,0,1954,22004,778,3681,1956,25685,California
Kern,2021-01-21,2141,31507,876,16327,1265,15180,0,0,1943,23750,197,3878,1943,27628,California
Kern,2021-01-22,2735,34242,1314,17641,1421,16601,0,0,2454,25924,280,4158,2454,30082,California
Kern,2021-01-23,1258,35500,544,18185,714,17315,0,0,1210,27087,47,4205,1210,31292,California
Kern,2021-01-24,155,35655,12,18197,143,17458,0,0,149,27230,6,4211,149,31441,California
Kern,2021-01-25,2383,38038,1083,19280,1300,18758,0,0,1896,28642,485,4696,1897,33338,California
Kern,2021-01-26,2791,40829,1131,20411,1660,20418,0,0,1930,29712,860,5556,1930,35268,California
Kern,2021-01-27,3561,44390,1895,22306,1666,22084,0,0,2861,31876,697,6253,2861,38129,California
Kern,2021-01-28,2896,47286,1360,23666,1536,23620,0,0,2463,33914,428,6681,2466,40595,California
Kern,2021-01-29,3801,51087,1803,25469,1998,25618,0,0,3250,36616,548,7229,3250,43845,California
Kern,2021-01-30,1335,52422,499,25968,836,26454,0,0,1283,37849,50,7279,1283,45128,California
Kern,2021-01-31,400,52822,273,26241,127,26581,0,0,265,37979,135,7414,265,45393,California
Kern,2021-02-01,2585,55407,975,27216,1610,28191,0,0,1871,39140,711,8125,1872,47265,California
Kern,2021-02-02,2766,58173,804,28020,1962,30153,0,0,2057,40489,709,8834,2058,49323,California
Kern,2021-02-03,3702,61875,1559,29579,2143,32296,0,0,2720,42234,975,9809,2720,52043,California
Kern,2021-02-04,3830,65705,1454,31033,2376,34672,0,0,2593,43600,1227,11036,2593,54636,California
Kern,2021-02-05,4878,70583,1995,33028,2883,37555,0,0,3105,44951,1754,12790,3105,57741,California
Kern,2021-02-06,1749,72332,769,33797,980,38535,0,0,1514,46235,230,13020,1514,59255,California
Kern,2021-02-07,284,72616,151,33948,133,38668,0,0,266,46485,16,13036,266,59521,California
Kern,2021-02-08,2570,75186,789,34737,1781,40449,0,0,1259,46452,1293,14329,1260,60781,California
Kern,2021-02-09,3047,78233,980,35717,2067,42516,0,0,1466,46348,1570,15899,1466,62247,California
Kern,2021-02-10,3834,82067,1674,37391,2160,44676,0,0,1873,46278,1944,17843,1874,64121,California
Kern,2021-02-11,4297,86364,1541,38932,2756,47432,0,0,2234,46465,2050,19893,2237,66358,California
Kern,2021-02-12,5013,91377,1910,40842,3103,50535,0,0,2490,46447,2508,22401,2490,68848,California
Kern,2021-02-13,2023,93400,736,41578,1287,51822,0,0,1165,46758,854,23255,1165,70013,California
Kern,2021-02-14,353,93753,12,41590,341,52163,0,0,271,46948,81,23336,271,70284,California
Kern,2021-02-15,2777,96530,908,42498,1869,54032,0,0,1225,46635,1538,24874,1225,71509,California
Kern,2021-02-16,2973,99503,722,43220,2251,56283,0,0,1662,46999,1299,26173,1663,73172,California
Kern,2021-02-17,4111,103614,2099,45319,2012,58295,0,0,1937,46769,2168,28341,1938,75110,California
Kern,2021-02-18,3792,107406,1508,46827,2284,60579,0,0,1626,46241,2154,30495,1626,76736,California
Kern,2021-02-19,4239,111645,1934,48761,2305,62884,0,0,1755,45521,2475,32970,1755,78491,California
Kern,2021-02-20,2630,114275,983,49744,1647,64531,0,0,1370,45635,1256,34226,1370,79861,California
Kern,2021-02-21,278,114553,168,49912,110,64641,0,0,92,45545,183,34409,93,79954,California
Kern,2021-02-22,2721,117274,1190,51102,1531,66172,0,0,1461,45755,1251,35660,1461,81415,California
Kern,2021-02-23,3603,120877,1134,52236,2469,68641,0,0,2002,46159,1599,37259,2003,83418,California
Kern,2021-02-24,5254,126131,2298,54534,2956,71597,0,0,3121,47154,2126,39385,3121,86539,California
Kern,2021-02-25,5398,131529,2464,56998,2934,74531,0,0,3199,48174,2179,41564,3199,89738,California
Kern,2021-02-26,6943,138472,3542,60540,3401,77932,0,0,4370,49979,2567,44131,4372,94110,California
Kern,2021-02-27,3970,142442,1983,62523,1987,79919,0,0,2621,51260,1340,45471,2621,96731,California
Kern,2021-02-28,919,143361,503,63026,415,80334,1,1,695,51735,221,45692,696,97427,California
Kern,2021-03-01,4021,147382,1825,64851,2192,82526,4,5,2702,53132,1309,47001,2706,100133,California
Kern,2021-03-02,4547,151929,1417,66268,3126,85652,4,9,2990,54577,1546,48547,2991,103124,California
Kern,2021-03-03,6006,157935,2847,69115,3157,88809,2,11,3890,56367,2101,50648,3891,107015,California
Kern,2021-03-04,5705,163640,2282,71397,3418,92227,5,16,3698,58078,1990,52638,3701,110716,California
Kern,2021-03-05,6669,170309,2885,74282,3765,95992,19,35,4208,59855,2450,55088,4227,114943,California
Kern,2021-03-06,4761,175070,1930,76212,2722,98714,109,144,3480,62170,1274,56362,3589,118532,California
Kern,2021-03-07,2062,177132,1592,77804,413,99127,57,201,1861,63889,199,56561,1918,120450,California
Kern,2021-03-08,2911,180043,925,78729,1763,100890,223,424,1525,64252,1383,57944,1746,122196,California
Kern,2021-03-09,3748,183791,815,79544,2543,103433,390,814,2338,65573,1402,59346,2723,124919,California
Kern,2021-03-10,6170,189961,2571,82115,2521,105954,1078,1892,3608,67712,2545,61891,4684,129603,California
Kern,2021-03-11,6345,196306,2445,84560,2871,108825,1029,2921,3775,69951,2560,64451,4799,134402,California
Kern,2021-03-12,7865,204171,3085,87645,3426,112251,1354,4275,4330,72100,3522,67973,5671,140073,California
Kern,2021-03-13,4684,208855,2534,90179,1812,114063,338,4613,3257,74269,1420,69393,3589,143662,California
Kern,2021-03-14,2313,211168,1534,91713,535,114598,244,4857,1787,75772,525,69918,2028,145690,California
Kern,2021-03-15,4286,215454,1110,92823,2461,117059,715,5572,2183,76573,2090,72008,2891,148581,California
Kern,2021-03-16,4449,219903,1021,93844,2891,119950,537,6109,2423,77515,2011,74019,2953,151534,California
Kern,2021-03-17,7477,227380,4090,97934,2835,122785,552,6661,4492,79586,2973,76992,5044,156578,California
Kern,2021-03-18,7327,234707,3719,101653,3018,125803,590,7251,4443,81754,2861,79853,5029,161607,California
Kern,2021-03-19,9144,243851,5013,106666,3362,129165,769,8020,4729,82851,4395,84248,5492,167099,California
Kern,2021-03-20,6272,250123,3836,110502,2251,131416,185,8205,3966,84711,2292,86540,4152,171251,California
Kern,2021-03-21,3082,253205,1953,112455,245,131661,884,9089,1875,86268,1200,87740,2757,174008,California
Kern,2021-03-22,3997,257202,1570,114025,2070,133731,357,9446,1936,86518,2043,89783,2293,176301,California
Kern,2021-03-23,4758,261960,1681,115706,2876,136607,201,9647,2480,86947,2248,92031,2677,178978,California
Kern,2021-03-24,7199,269159,3682,119388,3040,139647,477,10124,3652,87546,3527,95558,4126,183104,California
Kern,2021-03-25,6803,275962,3010,122398,3458,143105,335,10459,3226,87546,3558,99116,3558,186662,California
Kern,2021-03-26,9893,285855,4426,126824,4207,147312,1260,11719,4719,88371,5153,104269,5978,192640,California
Kern,2021-03-27,5718,291573,3997,130821,1592,148904,129,11848,3450,89683,2266,106535,3578,196218,California
Kern,2021-03-28,4691,296264,4199,135020,478,149382,14,11862,2957,90922,1732,108267,2971,199189,California
Kern,2021-03-29,4262,300526,1683,136703,2301,151683,278,12140,2611,92171,1637,109904,2886,202075,California
Kern,2021-03-30,5613,306139,1878,138581,3347,155030,388,12528,3043,93032,2566,112470,3427,205502,California
Kern,2021-03-31,8436,314575,4557,143138,3228,158258,651,13179,4315,93894,4103,116573,4965,210467,California
Kern,2021-04-01,7935,322510,3886,147024,3738,161996,311,13490,4236,94767,3669,120242,4542,215009,California
Kern,2021-04-02,8474,330984,4464,151488,3399,165395,611,14101,4225,95366,4230,124472,4829,219838,California
Kern,2021-04-03,6006,336990,3674,155162,2148,167543,184,14285,2658,94866,3339,127811,2839,222677,California
Kern,2021-04-04,1341,338331,874,156036,382,167925,85,14370,477,94565,861,128672,560,223237,California
Kern,2021-04-05,5379,343710,2222,158258,2382,170307,775,15145,2900,95744,2466,131138,3645,226882,California
Kern,2021-04-06,7143,350853,2480,160738,3282,173589,1381,16526,3565,97133,3553,134691,4942,231824,California
Kern,2021-04-07,9399,360252,5481,166219,2953,176542,965,17491,4573,97865,4806,139497,5538,237362,California
Kern,2021-04-08,8683,368935,4809,171028,2960,179502,914,18405,3730,97571,4926,144423,4632,241994,California
Kern,2021-04-09,10295,379230,5152,176180,4148,183650,995,19400,4363,97022,5903,150326,5354,247348,California
Kern,2021-04-10,6606,385836,3466,179646,1890,185540,1250,20650,2140,95952,4454,154780,3384,250732,California
Kern,2021-04-11,3933,389769,2920,182566,369,185909,644,21294,1275,95221,2643,157423,1912,252644,California
Kern,2021-04-12,4426,394195,996,183562,2456,188365,974,22268,1589,94969,2813,160236,2561,255205,California
Kern,2021-04-13,4322,398517,1426,184988,2870,191235,26,22294,2131,94950,2175,162411,2156,257361,California
Kern,2021-04-14,6120,404637,3012,188000,3086,194321,22,22316,3017,94904,3084,165495,3038,260399,California
Kern,2021-04-15,5321,409958,2497,190497,2821,197142,3,22319,2521,94645,2783,168278,2524,262923,California
Kern,2021-04-16,7325,417283,3475,193972,3849,200991,1,22320,2996,93345,4300,172578,3000,265923,California
Kern,2021-04-17,6018,423301,3949,197921,2069,203060,0,22320,2113,91574,3886,176464,2115,268038,California
Kern,2021-04-18,3902,427203,3656,201577,246,203306,0,22320,951,89583,2942,179406,951,268989,California
Kern,2021-04-19,3870,431073,1747,203324,2121,205427,2,22322,1441,88617,2407,181813,1441,270430,California
Kern,2021-04-20,4491,435564,1670,204994,2819,208246,2,22324,1723,87596,2745,184558,1724,272154,California
Kern,2021-04-21,6029,441593,3268,208262,2756,211002,5,22329,2210,86018,3791,188349,2213,274367,California
Kern,2021-04-22,4887,446480,2391,210653,2496,213498,0,22329,1742,84640,3121,191470,1743,276110,California
Kern,2021-04-23,6226,452706,3092,213745,3133,216631,1,22330,1951,82360,4234,195704,1954,278064,California
Kern,2021-04-24,4026,456732,2809,216554,1206,217837,11,22341,1448,81262,2558,198262,1460,279524,California
Kern,2021-04-25,1405,458137,1117,217671,288,218125,0,22341,828,81519,571,198833,828,280352,California
Kern,2021-04-26,3903,462040,1866,219537,1986,220111,51,22392,1081,79840,2813,201646,1134,281486,California
Kern,2021-04-27,4838,466878,2366,221903,2364,222475,108,22500,1494,78110,3329,204975,1599,283085,California
Kern,2021-04-28,6422,473300,3826,225729,2472,224947,124,22624,1873,75576,4528,209503,1994,285079,California
Kern,2021-04-29,5629,478929,3166,228895,2364,227311,99,22723,1691,73451,3916,213419,1791,286870,California
Kern,2021-04-30,5716,484645,3231,232126,2326,229637,159,22882,1683,71275,4017,217436,1841,288711,California
Kern,2021-05-01,2724,487369,1930,234056,735,230372,59,22941,1088,70797,1624,219060,1146,289857,California
Kern,2021-05-02,1896,489265,1607,235663,267,230639,22,22963,695,70320,1194,220254,717,290574,California
Kern,2021-05-03,2559,491824,1035,236698,1390,232029,134,23097,789,69489,1755,222009,924,291498,California
Kern,2021-05-04,3743,495567,1356,238054,2278,234307,109,23206,1317,68503,2410,224419,1424,292922,California
Kern,2021-05-05,4230,499797,2201,240255,1877,236184,152,23358,1405,67250,2808,227227,1555,294477,California
Kern,2021-05-06,3661,503458,1683,241938,1832,238016,146,23504,1149,66055,2486,229713,1291,295768,California
Kern,2021-05-07,4645,508103,2332,244270,2137,240153,176,23680,1309,64236,3303,233016,1484,297252,California
Kern,2021-05-08,2944,511047,1852,246122,976,241129,116,23796,915,63251,2014,235030,1029,298281,California
Kern,2021-05-09,1354,512401,1180,247302,145,241274,29,23825,442,62819,903,235933,471,298752,California
Kern,2021-05-10,2317,514718,913,248215,1302,242576,102,23927,685,61992,1612,237545,785,299537,California
Kern,2021-05-11,2738,517456,986,249201,1626,244202,126,24053,991,61375,1735,239280,1118,300655,California
Kern,2021-05-12,3668,521124,1478,250679,2039,246241,151,24204,1150,60172,2502,241782,1299,301954,California
Kern,2021-05-13,3542,524666,1865,252544,1523,247764,154,24358,1644,60082,1884,243666,1794,303748,California
Kern,2021-05-14,4339,529005,2577,255121,1539,249303,223,24581,1995,59975,2324,245990,2217,305965,California
Kern,2021-05-15,2946,531951,1921,257042,937,250240,88,24669,1566,60264,1364,247354,1653,307618,California
Kern,2021-05-16,1616,533567,1386,258428,190,250430,40,24709,936,60566,674,248028,976,308594,California
Kern,2021-05-17,2336,535903,1007,259435,1182,251612,147,24856,1179,60747,1144,249172,1325,309919,California
Kern,2021-05-18,3236,539139,1503,260938,1600,253212,133,24989,1627,60913,1591,250763,1757,311676,California
Kern,2021-05-19,3838,542977,2392,263330,1317,254529,129,25118,1784,60782,2041,252804,1910,313586,California
Kern,2021-05-20,3122,546099,1695,265025,1283,255812,144,25262,1402,60627,1699,254503,1544,315130,California
Kern,2021-05-21,3650,549749,2210,267235,1305,257117,135,25397,1814,60765,1811,256314,1949,317079,California
Kern,2021-05-22,2958,552707,2303,269538,606,257723,49,25446,1398,60661,1548,257862,1444,318523,California
Kern,2021-05-23,1291,553998,1095,270633,170,257893,26,25472,670,60743,613,258475,695,319218,California
Kern,2021-05-24,1907,555905,821,271454,971,258864,115,25587,897,60750,1004,259479,1011,320229,California
Kern,2021-05-25,2406,558311,1115,272569,1202,260066,89,25676,1110,60667,1281,260760,1198,321427,California
Kern,2021-05-26,2789,561100,1613,274182,1074,261140,102,25778,1193,60380,1580,262340,1293,322720,California
Kern,2021-05-27,2413,563513,1240,275422,1070,262210,103,25881,1262,60614,1130,263470,1364,324084,California
Kern,2021-05-28,2730,566243,1387,276809,1232,263442,111,25992,1262,60531,1454,264924,1371,325455,California
Kern,2021-05-29,1908,568151,1265,278074,594,264036,49,26041,931,60548,963,265887,980,326435,California
Kern,2021-05-30,862,569013,704,278778,139,264175,19,26060,433,60577,422,266309,451,326886,California
Kern,2021-05-31,147,569160,48,278826,88,264263,11,26071,56,60555,88,266397,66,326952,California
Kern,2021-06-01,2289,571449,950,279776,1268,265531,71,26142,968,60288,1305,267702,1038,327990,California
Kern,2021-06-02,2252,573701,1304,281080,842,266373,106,26248,943,60039,1298,269000,1049,329039,California
Kern,2021-06-03,2379,576080,1340,282420,883,267256,156,26404,861,59548,1507,270507,1016,330055,California
Kern,2021-06-04,2966,579046,1925,284345,929,268185,112,26516,865,58449,2075,272582,976,331031,California
Kern,2021-06-05,2530,581576,2044,286389,452,268637,34,26550,788,57539,1732,274314,822,331853,California
Kern,2021-06-06,1224,582800,1119,287508,82,268719,23,26573,400,57143,819,275133,423,332276,California
Kern,2021-06-07,1812,584612,1129,288637,588,269307,95,26668,682,56801,1117,276250,775,333051,California
Kern,2021-06-08,2127,586739,1238,289875,817,270124,72,26740,649,56062,1459,277709,720,333771,California
Kern,2021-06-09,2625,589364,1841,291716,695,270819,89,26829,822,55183,1789,279498,910,334681,California
Kern,2021-06-10,2237,591601,1383,293099,754,271573,100,26929,784,54624,1441,280939,882,335563,California
Kern,2021-06-11,2851,594452,1916,295015,843,272416,92,27021,1066,54010,1773,282712,1159,336722,California
Kern,2021-06-12,1791,596243,1330,296345,411,272827,50,27071,533,53340,1253,283965,583,337305,California
Kern,2021-06-13,925,597168,808,297153,110,272937,7,27078,270,52966,652,284617,278,337583,California
Kern,2021-06-14,1860,599028,1133,298286,630,273567,97,27175,641,52494,1208,285825,736,338319,California
Kern,2021-06-15,2117,601145,1182,299468,857,274424,78,27253,820,52103,1289,287114,898,339217,California
Kern,2021-06-16,2081,603226,1372,300840,632,275056,77,27330,823,51760,1242,288356,899,340116,California
Kern,2021-06-17,1884,605110,1179,302019,591,275647,114,27444,905,51810,970,289326,1020,341136,California
Kern,2021-06-18,2212,607322,1385,303404,710,276357,117,27561,943,51618,1251,290577,1059,342195,California
Kern,2021-06-19,1231,608553,883,304287,316,276673,32,27593,521,51471,700,291277,553,342748,California
Kern,2021-06-20,714,609267,592,304879,103,276776,19,27612,271,51318,443,291720,290,343038,California
Kern,2021-06-21,1241,610508,665,305544,498,277274,78,27690,670,51501,563,292283,746,343784,California
Kern,2021-06-22,1655,612163,882,306426,697,277971,76,27766,673,51279,971,293254,749,344533,California
Kern,2021-06-23,1718,613881,1097,307523,544,278515,77,27843,759,51173,940,294194,834,345367,California
Kern,2021-06-24,1593,615474,982,308505,522,279037,89,27932,679,51033,907,295101,767,346134,California
Kern,2021-06-25,1797,617271,1126,309631,582,279619,89,28021,853,51041,932,296033,940,347074,California
Kern,2021-06-26,1324,618595,989,310620,304,279923,31,28052,568,50888,751,296784,598,347672,California
Kern,2021-06-27,608,619203,513,311133,81,280004,14,28066,265,50828,339,297123,279,347951,California
Kern,2021-06-28,1136,620339,756,311889,292,280296,88,28154,499,50789,624,297747,585,348536,California
Kern,2021-06-29,1385,621724,706,312595,590,280886,89,28243,600,50703,773,298520,687,349223,California
Kern,2021-06-30,1156,622880,857,313452,253,281139,46,28289,618,50831,537,299057,665,349888,California
Kings,2020-12-16,1,1,1,1,0,0,0,0,1,1,0,0,1,1,California
Kings,2020-12-17,8,9,8,9,0,0,0,0,8,9,0,0,8,9,California
Kings,2020-12-18,12,21,12,21,0,0,0,0,12,21,0,0,12,21,California
Kings,2020-12-19,12,33,12,33,0,0,0,0,12,33,0,0,12,33,California
Kings,2020-12-20,13,46,13,46,0,0,0,0,13,46,0,0,13,46,California
Kings,2020-12-21,156,202,156,202,0,0,0,0,268,314,0,0,268,314,California
Kings,2020-12-22,141,343,141,343,0,0,0,0,138,452,0,0,138,452,California
Kings,2020-12-23,137,480,123,466,14,14,0,0,138,590,0,0,138,590,California
Kings,2020-12-24,11,491,9,475,2,16,0,0,11,601,0,0,11,601,California
Kings,2020-12-26,7,498,4,479,3,19,0,0,7,608,0,0,7,608,California
Kings,2020-12-27,4,502,4,483,0,19,0,0,4,612,0,0,4,612,California
Kings,2020-12-28,131,633,103,586,28,47,0,0,132,744,0,0,132,744,California
Kings,2020-12-29,83,716,55,641,28,75,0,0,84,828,0,0,84,828,California
Kings,2020-12-30,150,866,109,750,41,116,0,0,150,978,0,0,150,978,California
Kings,2020-12-31,45,911,6,756,39,155,0,0,45,1023,0,0,45,1023,California
Kings,2021-01-01,1,912,0,756,1,156,0,0,1,1024,0,0,1,1024,California
Kings,2021-01-02,12,924,10,766,2,158,0,0,12,1036,0,0,12,1036,California
Kings,2021-01-03,1,925,1,767,0,158,0,0,1,1037,0,0,1,1037,California
Kings,2021-01-04,111,1036,41,808,70,228,0,0,111,1148,0,0,111,1148,California
Kings,2021-01-05,195,1231,39,847,156,384,0,0,195,1343,0,0,195,1343,California
Kings,2021-01-06,278,1509,179,1026,99,483,0,0,275,1615,3,3,275,1618,California
Kings,2021-01-07,182,1691,83,1109,99,582,0,0,174,1781,8,11,174,1792,California
Kings,2021-01-08,249,1940,54,1163,195,777,0,0,229,1990,20,31,229,2021,California
Kings,2021-01-09,63,2003,9,1172,54,831,0,0,55,2037,8,39,55,2076,California
Kings,2021-01-10,15,2018,3,1175,12,843,0,0,12,2046,3,42,12,2088,California
Kings,2021-01-11,517,2535,353,1528,164,1007,0,0,276,2082,241,283,277,2365,California
Kings,2021-01-12,348,2883,252,1780,96,1103,0,0,215,2167,130,413,215,2580,California
Kings,2021-01-13,422,3305,275,2055,147,1250,0,0,331,2407,91,504,331,2911,California
Kings,2021-01-14,210,3515,30,2085,180,1430,0,0,200,2587,21,525,201,3112,California
Kings,2021-01-15,417,3932,30,2115,387,1817,0,0,405,2980,12,537,405,3517,California
Kings,2021-01-16,28,3960,9,2124,19,1836,0,0,27,3006,1,538,27,3544,California
Kings,2021-01-17,12,3972,9,2133,3,1839,0,0,10,3014,2,540,10,3554,California
Kings,2021-01-18,173,4145,41,2174,132,1971,0,0,147,3135,26,566,147,3701,California
Kings,2021-01-19,381,4526,161,2335,220,2191,0,0,252,3258,129,695,252,3953,California
Kings,2021-01-20,254,4780,162,2497,92,2283,0,0,134,3277,115,810,134,4087,California
Kings,2021-01-21,213,4993,57,2554,156,2439,0,0,196,3454,19,829,196,4283,California
Kings,2021-01-22,105,5098,17,2571,88,2527,0,0,104,3553,5,834,104,4387,California
Kings,2021-01-23,26,5124,14,2585,12,2539,0,0,19,3565,7,841,19,4406,California
Kings,2021-01-24,4,5128,4,2589,0,2539,0,0,2,3565,2,843,2,4408,California
Kings,2021-01-25,156,5284,55,2644,101,2640,0,0,93,3595,63,906,93,4501,California
Kings,2021-01-26,172,5456,52,2696,120,2760,0,0,113,3649,59,965,113,4614,California
Kings,2021-01-27,356,5812,61,2757,295,3055,0,0,252,3798,103,1068,252,4866,California
Kings,2021-01-28,361,6173,74,2831,287,3342,0,0,276,3989,85,1153,276,5142,California
Kings,2021-01-29,113,6286,27,2858,86,3428,0,0,96,4068,17,1170,96,5238,California
Kings,2021-01-30,1566,7852,28,2886,1538,4966,0,0,1563,5630,3,1173,1565,6803,California
Kings,2021-01-31,1,7853,1,2887,0,4966,0,0,1,5631,0,1173,1,6804,California
Kings,2021-02-01,242,8095,87,2974,155,5121,0,0,93,5577,147,1320,93,6897,California
Kings,2021-02-02,312,8407,80,3054,232,5353,0,0,97,5460,214,1534,97,6994,California
Kings,2021-02-03,460,8867,251,3305,209,5562,0,0,243,5487,216,1750,243,7237,California
Kings,2021-02-04,458,9325,124,3429,334,5896,0,0,228,5486,229,1979,228,7465,California
Kings,2021-02-05,340,9665,58,3487,282,6178,0,0,180,5509,157,2136,180,7645,California
Kings,2021-02-06,61,9726,10,3497,51,6229,0,0,28,5504,33,2169,28,7673,California
Kings,2021-02-07,6,9732,4,3501,2,6231,0,0,3,5504,3,2172,3,7676,California
Kings,2021-02-08,175,9907,29,3530,146,6377,0,0,68,5465,107,2279,68,7744,California
Kings,2021-02-09,256,10163,59,3589,197,6574,0,0,112,5435,142,2421,112,7856,California
Kings,2021-02-10,380,10543,113,3702,267,6841,0,0,255,5565,125,2546,255,8111,California
Kings,2021-02-11,482,11025,66,3768,416,7257,0,0,360,5804,121,2667,360,8471,California
Kings,2021-02-12,629,11654,36,3804,593,7850,0,0,351,5878,277,2944,351,8822,California
Kings,2021-02-13,231,11885,6,3810,225,8075,0,0,205,6057,26,2970,205,9027,California
Kings,2021-02-14,103,11988,4,3814,99,8174,0,0,95,6144,8,2978,95,9122,California
Kings,2021-02-15,248,12236,5,3819,243,8417,0,0,138,6173,109,3087,138,9260,California
Kings,2021-02-16,590,12826,33,3852,557,8974,0,0,350,6285,239,3326,351,9611,California
Kings,2021-02-17,440,13266,24,3876,416,9390,0,0,301,6449,139,3465,303,9914,California
Kings,2021-02-18,345,13611,22,3898,323,9713,0,0,213,6531,131,3596,213,10127,California
Kings,2021-02-19,210,13821,24,3922,186,9899,0,0,129,6582,78,3674,129,10256,California
Kings,2021-02-20,173,13994,41,3963,132,10031,0,0,135,6679,38,3712,135,10391,California
Kings,2021-02-21,3,13997,2,3965,1,10032,0,0,3,6682,0,3712,3,10394,California
Kings,2021-02-22,125,14122,22,3987,103,10135,0,0,57,6672,67,3779,57,10451,California
Kings,2021-02-23,438,14560,71,4058,367,10502,0,0,318,6870,120,3899,318,10769,California
Kings,2021-02-24,737,15297,155,4213,582,11084,0,0,522,7177,215,4114,522,11291,California
Kings,2021-02-25,820,16117,132,4345,688,11772,0,0,593,7545,225,4339,593,11884,California
Kings,2021-02-26,859,16976,136,4481,723,12495,0,0,770,8227,88,4427,770,12654,California
Kings,2021-02-27,1518,18494,65,4546,1453,13948,0,0,582,7874,935,5362,582,13236,California
Kings,2021-02-28,1206,19700,597,5143,609,14557,0,0,674,8019,530,5892,675,13911,California
Kings,2021-03-01,295,19995,90,5233,205,14762,0,0,222,8168,73,5965,222,14133,California
Kings,2021-03-02,591,20586,258,5491,333,15095,0,0,517,8613,74,6039,519,14652,California
Kings,2021-03-03,759,21345,327,5818,432,15527,0,0,534,8924,223,6262,534,15186,California
Kings,2021-03-04,834,22179,356,6174,478,16005,0,0,705,9501,129,6391,706,15892,California
Kings,2021-03-05,1193,23372,369,6543,815,16820,9,9,1040,10400,153,6544,1052,16944,California
Kings,2021-03-06,518,23890,187,6730,318,17138,13,22,488,10871,30,6574,501,17445,California
Kings,2021-03-07,363,24253,223,6953,136,17274,4,26,355,11222,8,6582,359,17804,California
Kings,2021-03-08,383,24636,98,7051,232,17506,53,79,265,11422,118,6700,318,18122,California
Kings,2021-03-09,686,25322,388,7439,243,17749,55,134,578,11949,107,6807,634,18756,California
Kings,2021-03-10,767,26089,250,7689,411,18160,106,240,554,12397,211,7018,659,19415,California
Kings,2021-03-11,1202,27291,430,8119,656,18816,116,356,753,12820,447,7465,870,20285,California
Kings,2021-03-12,1517,28808,447,8566,976,19792,94,450,985,13373,528,7993,1081,21366,California
Kings,2021-03-13,681,29489,334,8900,305,20097,42,492,557,13850,124,8117,601,21967,California
Kings,2021-03-14,674,30163,101,9001,184,20281,389,881,200,13965,474,8591,589,22556,California
Kings,2021-03-15,713,30876,267,9268,327,20608,119,1000,470,14315,242,8833,592,23148,California
Kings,2021-03-16,1167,32043,478,9746,626,21234,63,1063,750,14713,415,9248,813,23961,California
Kings,2021-03-17,1109,33152,419,10165,628,21862,62,1125,780,15234,329,9577,850,24811,California
Kings,2021-03-18,1131,34283,475,10640,433,22295,223,1348,749,15828,380,9957,974,25785,California
Kings,2021-03-19,977,35260,468,11108,418,22713,91,1439,726,16410,250,10207,832,26617,California
Kings,2021-03-20,642,35902,256,11364,354,23067,32,1471,463,16737,176,10383,503,27120,California
Kings,2021-03-21,1422,37324,1091,12455,319,23386,12,1483,863,17053,559,10942,875,27995,California
Kings,2021-03-22,451,37775,200,12655,165,23551,86,1569,267,17227,183,11125,357,28352,California
Kings,2021-03-23,1046,38821,506,13161,476,24027,64,1633,549,17349,495,11620,617,28969,California
Kings,2021-03-24,1093,39914,486,13647,584,24611,23,1656,501,17285,590,12210,526,29495,California
Kings,2021-03-25,1052,40966,472,14119,553,25164,27,1683,446,17153,604,12814,472,29967,California
Kings,2021-03-26,1407,42373,380,14499,937,26101,90,1773,514,16868,888,13702,603,30570,California
Kings,2021-03-27,643,43016,259,14758,372,26473,12,1785,155,16549,486,14188,167,30737,California
Kings,2021-03-28,673,43689,602,15360,64,26537,7,1792,403,16702,270,14458,423,31160,California
Kings,2021-03-29,470,44159,212,15572,197,26734,61,1853,257,16808,211,14669,317,31477,California
Kings,2021-03-30,913,45072,507,16079,367,27101,39,1892,432,16798,480,15149,470,31947,California
Kings,2021-03-31,865,45937,444,16523,348,27449,73,1965,420,16854,437,15586,493,32440,California
Kings,2021-04-01,914,46851,489,17012,336,27785,89,2054,355,16746,552,16138,444,32884,California
Kings,2021-04-02,1118,47969,454,17466,538,28323,126,2180,394,16547,718,16856,519,33403,California
Kings,2021-04-03,496,48465,348,17814,139,28462,9,2189,171,16409,319,17175,181,33584,California
Kings,2021-04-04,157,48622,83,17897,68,28530,6,2195,42,16344,113,17288,48,33632,California
Kings,2021-04-05,1063,49685,328,18225,480,29010,255,2450,240,16016,822,18110,494,34126,California
Kings,2021-04-06,1259,50944,494,18719,452,29462,313,2763,286,15644,970,19080,598,34724,California
Kings,2021-04-07,1377,52321,655,19374,536,29998,186,2949,337,15130,1037,20117,523,35247,California
Kings,2021-04-08,1631,53952,638,20012,740,30738,253,3202,374,14507,1250,21367,627,35874,California
Kings,2021-04-09,1236,55188,588,20600,467,31205,181,3383,237,13925,997,22364,415,36289,California
Kings,2021-04-10,595,55783,333,20933,160,31365,102,3485,175,13783,418,22782,276,36565,California
Kings,2021-04-11,355,56138,76,21009,272,31637,7,3492,196,13829,157,22939,203,36768,California
Kings,2021-04-12,710,56848,315,21324,192,31829,203,3695,194,13712,514,23453,397,37165,California
Kings,2021-04-13,919,57767,527,21851,392,32221,0,3695,295,13390,622,24075,300,37465,California
Kings,2021-04-14,1050,58817,579,22430,471,32692,0,3695,379,13099,671,24746,380,37845,California
Kings,2021-04-15,1064,59881,525,22955,538,33230,1,3696,453,12945,608,25354,454,38299,California
Kings,2021-04-16,798,60679,365,23320,433,33663,0,3696,263,12676,533,25887,264,38563,California
Kings,2021-04-17,459,61138,245,23565,214,33877,0,3696,187,12592,271,26158,187,38750,California
Kings,2021-04-18,571,61709,246,23811,325,34202,0,3696,45,12111,526,26684,45,38795,California
Kings,2021-04-19,629,62338,386,24197,243,34445,0,3696,296,12077,330,27014,296,39091,California
Kings,2021-04-20,756,63094,462,24659,294,34739,0,3696,243,11808,512,27526,243,39334,California
Kings,2021-04-21,693,63787,352,25011,341,35080,0,3696,241,11605,444,27970,241,39575,California
Kings,2021-04-22,573,64360,291,25302,282,35362,0,3696,209,11454,361,28331,210,39785,California
Kings,2021-04-23,677,65037,298,25600,379,35741,0,3696,330,11441,343,28674,330,40115,California
Kings,2021-04-24,247,65284,179,25779,67,35808,1,3697,119,11434,127,28801,120,40235,California
Kings,2021-04-25,204,65488,184,25963,20,35828,0,3697,166,11563,37,28838,166,40401,California
Kings,2021-04-26,325,65813,176,26139,146,35974,3,3700,201,11644,123,28961,204,40605,California
Kings,2021-04-27,434,66247,196,26335,219,36193,19,3719,184,11599,248,29209,203,40808,California
Kings,2021-04-28,523,66770,263,26598,240,36433,20,3739,270,11636,253,29462,290,41098,California
Kings,2021-04-29,302,67072,125,26723,165,36598,12,3751,141,11631,158,29620,153,41251,California
Kings,2021-04-30,376,67448,168,26891,191,36789,17,3768,155,11586,217,29837,172,41423,California
Kings,2021-05-01,227,67675,166,27057,51,36840,10,3778,72,11514,154,29991,82,41505,California
Kings,2021-05-02,170,67845,148,27205,22,36862,0,3778,128,11600,42,30033,128,41633,California
Kings,2021-05-03,474,68319,252,27457,209,37071,13,3791,121,11382,352,30385,134,41767,California
Kings,2021-05-04,527,68846,272,27729,235,37306,20,3811,161,11198,365,30750,181,41948,California
Kings,2021-05-05,566,69412,300,28029,246,37552,20,3831,143,10939,422,31172,163,42111,California
Kings,2021-05-06,571,69983,290,28319,258,37810,23,3854,132,10657,437,31609,155,42266,California
Kings,2021-05-07,369,70352,212,28531,143,37953,14,3868,149,10602,218,31827,163,42429,California
Kings,2021-05-08,244,70596,179,28710,53,38006,12,3880,85,10540,158,31985,96,42525,California
Kings,2021-05-09,191,70787,63,28773,128,38134,0,3880,40,10429,151,32136,40,42565,California
Kings,2021-05-10,347,71134,270,29043,67,38201,10,3890,114,10321,231,32367,123,42688,California
Kings,2021-05-11,387,71521,239,29282,119,38320,29,3919,116,10197,270,32637,146,42834,California
Kings,2021-05-12,401,71922,163,29445,224,38544,14,3933,164,10140,235,32872,178,43012,California
Kings,2021-05-13,410,72332,167,29612,235,38779,8,3941,168,10075,241,33113,176,43188,California
Kings,2021-05-14,463,72795,316,29928,116,38895,31,3972,239,10122,223,33336,270,43458,California
Kings,2021-05-15,356,73151,256,30184,82,38977,18,3990,198,10180,158,33494,216,43674,California
Kings,2021-05-16,247,73398,221,30405,25,39002,1,3991,75,10084,172,33666,76,43750,California
Kings,2021-05-17,409,73807,324,30729,68,39070,17,4008,211,10115,197,33863,228,43978,California
Kings,2021-05-18,398,74205,283,31012,102,39172,13,4021,227,10185,171,34034,241,44219,California
Kings,2021-05-19,574,74779,281,31293,271,39443,22,4043,227,10089,345,34379,249,44468,California
Kings,2021-05-20,451,75230,237,31530,187,39630,27,4070,260,10186,191,34570,288,44756,California
Kings,2021-05-21,518,75748,262,31792,245,39875,11,4081,263,10209,251,34821,274,45030,California
Kings,2021-05-22,306,76054,246,32038,48,39923,12,4093,217,10351,87,34908,229,45259,California
Kings,2021-05-23,234,76288,225,32263,9,39932,0,4093,106,10329,128,35036,106,45365,California
Kings,2021-05-24,262,76550,175,32438,72,40004,15,4108,125,10332,137,35173,140,45505,California
Kings,2021-05-25,405,76955,268,32706,104,40108,33,4141,236,10434,167,35340,269,45774,California
Kings,2021-05-26,304,77259,125,32831,162,40270,17,4158,121,10390,182,35522,138,45912,California
Kings,2021-05-27,325,77584,176,33007,131,40401,18,4176,177,10440,145,35667,195,46107,California
Kings,2021-05-28,288,77872,140,33147,130,40531,18,4194,132,10437,153,35820,150,46257,California
Kings,2021-05-29,173,78045,100,33247,62,40593,11,4205,86,10448,86,35906,97,46354,California
Kings,2021-05-30,131,78176,114,33361,15,40608,2,4207,70,10459,61,35967,72,46426,California
Kings,2021-05-31,41,78217,22,33383,16,40624,3,4210,15,10451,26,35993,18,46444,California
Kings,2021-06-01,316,78533,187,33570,113,40737,16,4226,118,10390,194,36187,133,46577,California
Kings,2021-06-02,277,78810,125,33695,145,40882,7,4233,86,10295,188,36375,93,46670,California
Kings,2021-06-03,226,79036,126,33821,89,40971,11,4244,70,10228,148,36523,81,46751,California
Kings,2021-06-04,427,79463,284,34105,129,41100,14,4258,153,10125,270,36793,167,46918,California
Kings,2021-06-05,258,79721,224,34329,27,41127,7,4265,62,10011,183,36976,69,46987,California
Kings,2021-06-06,162,79883,154,34483,3,41130,5,4270,81,10020,77,37053,86,47073,California
Kings,2021-06-07,293,80176,225,34708,54,41184,14,4284,95,9930,198,37251,108,47181,California
Kings,2021-06-08,312,80488,240,34948,52,41236,20,4304,79,9798,231,37482,99,47280,California
Kings,2021-06-09,397,80885,264,35212,124,41360,9,4313,116,9645,278,37760,125,47405,California
Kings,2021-06-10,340,81225,222,35434,105,41465,13,4326,81,9480,259,38019,94,47499,California
Kings,2021-06-11,373,81598,280,35714,90,41555,3,4329,143,9401,225,38244,146,47645,California
Kings,2021-06-12,268,81866,220,35934,44,41599,4,4333,69,9291,183,38427,73,47718,California
Kings,2021-06-13,127,81993,118,36052,8,41607,1,4334,34,9234,92,38519,35,47753,California
Kings,2021-06-14,240,82233,172,36224,46,41653,22,4356,97,9210,143,38662,119,47872,California
Kings,2021-06-15,255,82488,182,36406,62,41715,11,4367,88,9143,166,38828,99,47971,California
Kings,2021-06-16,254,82742,130,36536,116,41831,8,4375,90,9085,157,38985,99,48070,California
Kings,2021-06-17,208,82950,111,36647,87,41918,10,4385,81,9049,127,39112,91,48161,California
Kings,2021-06-18,252,83202,173,36820,70,41988,9,4394,118,9042,134,39246,127,48288,California
Kings,2021-06-19,101,83303,69,36889,27,42015,5,4399,40,9026,61,39307,45,48333,California
Kings,2021-06-20,84,83387,69,36958,9,42024,6,4405,28,9004,56,39363,34,48367,California
Kings,2021-06-21,181,83568,97,37055,53,42077,31,4436,97,9048,84,39447,128,48495,California
Kings,2021-06-22,199,83767,128,37183,63,42140,8,4444,82,9021,117,39564,90,48585,California
Kings,2021-06-23,197,83964,94,37277,88,42228,15,4459,86,9012,110,39674,101,48686,California
Kings,2021-06-24,145,84109,68,37345,72,42300,5,4464,56,8985,88,39762,61,48747,California
Kings,2021-06-25,306,84415,219,37564,78,42378,9,4473,150,8989,155,39917,159,48906,California
Kings,2021-06-26,124,84539,82,37646,38,42416,4,4477,53,8975,71,39988,57,48963,California
Kings,2021-06-27,118,84657,111,37757,6,42422,1,4478,38,8937,77,40065,39,49002,California
Kings,2021-06-28,192,84849,138,37895,37,42459,17,4495,82,8926,110,40175,99,49101,California
Kings,2021-06-29,179,85028,133,38028,36,42495,10,4505,86,8931,91,40266,96,49197,California
Kings,2021-06-30,129,85157,80,38108,43,42538,6,4511,54,8916,75,40341,60,49257,California
Lake,2020-12-17,4,4,4,4,0,0,0,0,4,4,0,0,4,4,California
Lake,2020-12-18,50,54,50,54,0,0,0,0,50,54,0,0,50,54,California
Lake,2020-12-19,3,57,3,57,0,0,0,0,3,57,0,0,3,57,California
Lake,2020-12-20,6,63,6,63,0,0,0,0,6,63,0,0,6,63,California
Lake,2020-12-21,87,150,87,150,0,0,0,0,87,150,0,0,87,150,California
Lake,2020-12-22,63,213,60,210,3,3,0,0,63,213,0,0,63,213,California
Lake,2020-12-23,124,337,115,325,9,12,0,0,124,337,0,0,124,337,California
Lake,2020-12-24,2,339,0,325,2,14,0,0,2,339,0,0,2,339,California
Lake,2020-12-26,2,341,2,327,0,14,0,0,2,341,0,0,2,341,California
Lake,2020-12-27,2,343,2,329,0,14,0,0,2,343,0,0,2,343,California
Lake,2020-12-28,52,395,43,372,9,23,0,0,52,395,0,0,52,395,California
Lake,2020-12-29,52,447,47,419,5,28,0,0,52,447,0,0,52,447,California
Lake,2020-12-30,130,577,122,541,8,36,0,0,130,577,0,0,130,577,California
Lake,2020-12-31,67,644,64,605,3,39,0,0,67,644,0,0,67,644,California
Lake,2021-01-01,4,648,1,606,3,42,0,0,4,648,0,0,4,648,California
Lake,2021-01-02,2,650,1,607,1,43,0,0,2,650,0,0,2,650,California
Lake,2021-01-04,88,738,21,628,67,110,0,0,88,738,0,0,88,738,California
Lake,2021-01-05,120,858,59,687,61,171,0,0,118,854,2,2,118,856,California
Lake,2021-01-06,103,961,64,751,39,210,0,0,101,953,2,4,101,957,California
Lake,2021-01-07,110,1071,86,837,24,234,0,0,101,1045,9,13,101,1058,California
Lake,2021-01-08,155,1226,126,963,29,263,0,0,104,1098,51,64,104,1162,California
Lake,2021-01-09,63,1289,61,1024,2,265,0,0,59,1153,4,68,59,1221,California
Lake,2021-01-10,3,1292,3,1027,0,265,0,0,0,1150,3,71,0,1221,California
Lake,2021-01-11,189,1481,150,1177,39,304,0,0,109,1179,80,151,109,1330,California
Lake,2021-01-12,81,1562,48,1225,33,337,0,0,58,1214,23,174,58,1388,California
Lake,2021-01-13,170,1732,115,1340,55,392,0,0,110,1264,60,234,110,1498,California
Lake,2021-01-14,151,1883,48,1388,103,495,0,0,129,1371,22,256,129,1627,California
Lake,2021-01-15,221,2104,95,1483,126,621,0,0,193,1536,28,284,193,1820,California
Lake,2021-01-16,136,2240,83,1566,53,674,0,0,134,1668,2,286,134,1954,California
Lake,2021-01-17,18,2258,6,1572,12,686,0,0,12,1674,6,292,12,1966,California
Lake,2021-01-18,246,2504,227,1799,19,705,0,0,125,1678,121,413,125,2091,California
Lake,2021-01-19,318,2822,121,1920,197,902,0,0,271,1903,47,460,272,2363,California
Lake,2021-01-20,426,3248,82,2002,344,1246,0,0,361,2200,64,524,361,2724,California
Lake,2021-01-21,442,3690,50,2052,392,1638,0,0,406,2570,36,560,406,3130,California
Lake,2021-01-22,323,4013,47,2099,276,1914,0,0,286,2819,37,597,286,3416,California
Lake,2021-01-23,127,4140,6,2105,121,2035,0,0,126,2944,1,598,126,3542,California
Lake,2021-01-24,5,4145,2,2107,3,2038,0,0,5,2949,0,598,5,3547,California
Lake,2021-01-25,259,4404,96,2203,163,2201,0,0,177,3044,82,680,177,3724,California
Lake,2021-01-26,433,4837,36,2239,397,2598,0,0,409,3429,24,704,409,4133,California
Lake,2021-01-27,362,5199,40,2279,322,2920,0,0,335,3738,27,731,336,4469,California
Lake,2021-01-28,499,5698,162,2441,337,3257,0,0,367,3975,130,861,367,4836,California
Lake,2021-01-29,653,6351,101,2542,552,3809,0,0,578,4478,75,936,578,5414,California
Lake,2021-01-30,557,6908,43,2585,514,4323,0,0,551,5023,6,942,551,5965,California
Lake,2021-01-31,15,6923,9,2594,6,4329,0,0,13,5034,2,944,13,5978,California
Lake,2021-02-01,180,7103,18,2612,162,4491,0,0,166,5186,14,958,166,6144,California
Lake,2021-02-02,565,7668,153,2765,412,4903,0,0,397,5415,168,1126,397,6541,California
Lake,2021-02-03,446,8114,33,2798,413,5316,0,0,341,5651,105,1231,341,6882,California
Lake,2021-02-04,121,8235,70,2868,51,5367,0,0,71,5672,50,1281,71,6953,California
Lake,2021-02-05,382,8617,73,2941,309,5676,0,0,287,5866,93,1374,287,7240,California
Lake,2021-02-06,276,8893,42,2983,234,5910,0,0,264,6118,12,1386,264,7504,California
Lake,2021-02-07,2,8895,1,2984,1,5911,0,0,2,6120,0,1386,2,7506,California
Lake,2021-02-08,278,9173,206,3190,72,5983,0,0,159,6160,119,1505,159,7665,California
Lake,2021-02-09,345,9518,25,3215,320,6303,0,0,300,6416,44,1549,300,7965,California
Lake,2021-02-10,356,9874,54,3269,302,6605,0,0,275,6610,81,1630,275,8240,California
Lake,2021-02-11,181,10055,18,3287,163,6768,0,0,60,6549,121,1751,60,8300,California
Lake,2021-02-12,377,10432,29,3316,348,7116,0,0,287,6747,89,1840,287,8587,California
Lake,2021-02-13,252,10684,8,3324,244,7360,0,0,239,6973,13,1853,239,8826,California
Lake,2021-02-14,22,10706,5,3329,17,7377,0,0,8,6967,14,1867,8,8834,California
Lake,2021-02-15,172,10878,13,3342,159,7536,0,0,8,6812,163,2030,8,8842,California
Lake,2021-02-16,429,11307,23,3365,406,7942,0,0,178,6739,251,2281,178,9020,California
Lake,2021-02-17,354,11661,56,3421,298,8240,0,0,73,6532,280,2561,73,9093,California
Lake,2021-02-18,467,12128,73,3494,394,8634,0,0,117,6300,349,2910,117,9210,California
Lake,2021-02-19,439,12567,28,3522,411,9045,0,0,93,6051,342,3252,93,9303,California
Lake,2021-02-20,296,12863,61,3583,235,9280,0,0,251,6258,44,3296,251,9554,California
Lake,2021-02-21,7,12870,7,3590,0,9280,0,0,0,6251,7,3303,0,9554,California
Lake,2021-02-22,141,13011,22,3612,119,9399,0,0,40,6191,100,3403,40,9594,California
Lake,2021-02-23,216,13227,15,3627,201,9600,0,0,28,6031,188,3591,28,9622,California
Lake,2021-02-24,1011,14238,432,4059,579,10179,0,0,468,5957,542,4133,468,10090,California
Lake,2021-02-25,760,14998,495,4554,265,10444,0,0,499,6198,258,4391,499,10589,California
Lake,2021-02-26,1018,16016,322,4876,696,11140,0,0,363,5910,651,5042,363,10952,California
Lake,2021-02-27,410,16426,97,4973,313,11453,0,0,327,6155,82,5124,327,11279,California
Lake,2021-02-28,21,16447,12,4985,9,11462,0,0,12,6158,9,5133,12,11291,California
Lake,2021-03-01,597,17044,55,5040,542,12004,0,0,444,6449,153,5286,444,11735,California
Lake,2021-03-02,746,17790,18,5058,728,12732,0,0,287,6279,457,5743,287,12022,California
Lake,2021-03-03,369,18159,196,5254,173,12905,0,0,147,6204,222,5965,147,12169,California
Lake,2021-03-04,578,18737,506,5760,72,12977,0,0,562,6750,16,5981,562,12731,California
Lake,2021-03-05,1046,19783,52,5812,994,13971,0,0,187,6082,855,6836,187,12918,California
Lake,2021-03-06,35,19818,9,5821,25,13996,1,1,22,6092,13,6849,23,12941,California
Lake,2021-03-07,8,19826,6,5827,2,13998,0,1,5,6094,3,6852,5,12946,California
Lake,2021-03-08,341,20167,266,6093,65,14063,10,11,299,6361,42,6894,309,13255,California
Lake,2021-03-09,930,21097,44,6137,869,14932,17,28,407,6264,522,7416,425,13680,California
Lake,2021-03-10,204,21301,60,6197,131,15063,13,41,134,6342,70,7486,148,13828,California
Lake,2021-03-11,587,21888,49,6246,64,15127,474,515,45,6319,542,8028,519,14347,California
Lake,2021-03-12,854,22742,203,6449,625,15752,26,541,361,6215,491,8519,387,14734,California
Lake,2021-03-13,283,23025,22,6471,25,15777,236,777,20,6208,262,8781,255,14989,California
Lake,2021-03-14,11,23036,2,6473,9,15786,0,777,7,6211,4,8785,7,14996,California
Lake,2021-03-15,641,23677,12,6485,611,16397,18,795,481,6551,159,8944,499,15495,California
Lake,2021-03-16,1117,24794,836,7321,264,16661,17,812,378,6213,732,9676,394,15889,California
Lake,2021-03-17,250,25044,122,7443,105,16766,23,835,91,6168,159,9835,114,16003,California
Lake,2021-03-18,750,25794,376,7819,337,17103,37,872,356,6169,391,10226,392,16395,California
Lake,2021-03-19,584,26378,317,8136,248,17351,19,891,476,6557,107,10333,495,16890,California
Lake,2021-03-20,249,26627,9,8145,237,17588,3,894,31,6375,216,10549,34,16924,California
Lake,2021-03-21,15,26642,10,8155,4,17592,1,895,10,6381,5,10554,11,16935,California
Lake,2021-03-22,337,26979,256,8411,67,17659,14,909,250,6558,87,10641,264,17199,California
Lake,2021-03-23,429,27408,21,8432,394,18053,14,923,363,6870,65,10706,377,17576,California
Lake,2021-03-24,423,27831,62,8494,353,18406,8,931,326,7109,96,10802,335,17911,California
Lake,2021-03-25,674,28505,482,8976,185,18591,7,938,174,6789,500,11302,180,18091,California
Lake,2021-03-26,68,28573,33,9009,34,18625,1,939,31,6785,36,11338,32,18123,California
Lake,2021-03-27,309,28882,7,9016,299,18924,3,942,17,6515,290,11628,20,18143,California
Lake,2021-03-28,17,28899,8,9024,9,18933,0,942,9,6516,8,11636,9,18152,California
Lake,2021-03-29,987,29886,286,9310,699,19632,2,944,202,5937,783,12419,204,18356,California
Lake,2021-03-30,465,30351,314,9624,148,19780,3,947,366,6208,98,12517,369,18725,California
Lake,2021-03-31,614,30965,60,9684,554,20334,0,947,432,6467,173,12690,432,19157,California
Lake,2021-04-01,449,31414,234,9918,203,20537,12,959,187,6408,258,12948,199,19356,California
Lake,2021-04-02,224,31638,41,9959,155,20692,28,987,97,6406,127,13075,125,19481,California
Lake,2021-04-03,33,31671,6,9965,24,20716,3,990,13,6402,20,13095,16,19497,California
Lake,2021-04-04,20,31691,11,9976,7,20723,2,992,15,6414,5,13100,17,19514,California
Lake,2021-04-05,643,32334,71,10047,552,21275,20,1012,402,6597,238,13338,421,19935,California
Lake,2021-04-06,479,32813,17,10064,436,21711,26,1038,307,6759,171,13509,333,20268,California
Lake,2021-04-07,526,33339,58,10122,416,22127,52,1090,356,6999,168,13677,408,20676,California
Lake,2021-04-08,605,33944,493,10615,46,22173,66,1156,104,6671,498,14175,170,20846,California
Lake,2021-04-09,282,34226,40,10655,173,22346,69,1225,48,6557,230,14405,116,20962,California
Lake,2021-04-10,257,34483,15,10670,16,22362,226,1451,11,6548,246,14651,237,21199,California
Lake,2021-04-11,21,34504,16,10686,3,22365,2,1453,7,6543,14,14665,9,21208,California
Lake,2021-04-12,1083,35587,233,10919,816,23181,34,1487,244,5983,838,15503,278,21486,California
Lake,2021-04-13,181,35768,110,11029,71,23252,0,1487,54,5910,127,15630,54,21540,California
Lake,2021-04-14,620,36388,38,11067,582,23834,0,1487,554,6398,66,15696,554,22094,California
Lake,2021-04-15,647,37035,193,11260,454,24288,0,1487,332,6415,315,16011,332,22426,California
Lake,2021-04-16,267,37302,31,11291,236,24524,0,1487,76,6301,190,16201,76,22502,California
Lake,2021-04-17,42,37344,12,11303,30,24554,0,1487,32,6323,10,16211,32,22534,California
Lake,2021-04-18,9,37353,6,11309,3,24557,0,1487,0,6314,9,16220,0,22534,California
Lake,2021-04-19,298,37651,39,11348,259,24816,0,1487,247,6510,51,16271,247,22781,California
Lake,2021-04-20,695,38346,281,11629,414,25230,0,1487,95,6007,599,16870,96,22877,California
Lake,2021-04-21,532,38878,62,11691,470,25700,0,1487,197,5869,335,17205,197,23074,California
Lake,2021-04-22,471,39349,50,11741,421,26121,0,1487,323,6045,147,17352,323,23397,California
Lake,2021-04-23,122,39471,64,11805,58,26179,0,1487,72,6069,48,17400,72,23469,California
Lake,2021-04-24,55,39526,9,11814,46,26225,0,1487,41,6096,14,17414,41,23510,California
Lake,2021-04-25,37,39563,20,11834,17,26242,0,1487,25,6109,12,17426,25,23535,California
Lake,2021-04-26,295,39858,82,11916,212,26454,1,1488,90,5995,205,17631,91,23626,California
Lake,2021-04-27,249,40107,24,11940,207,26661,18,1506,86,5936,163,17794,104,23730,California
Lake,2021-04-28,511,40618,51,11991,445,27106,15,1521,90,5621,419,18213,104,23834,California
Lake,2021-04-29,209,40827,82,12073,111,27217,16,1537,110,5647,99,18312,125,23959,California
Lake,2021-04-30,289,41116,45,12118,213,27430,31,1568,147,5684,141,18453,178,24137,California
Lake,2021-05-01,50,41166,27,12145,21,27451,2,1570,34,5705,15,18468,36,24173,California
Lake,2021-05-02,19,41185,10,12155,8,27459,1,1571,10,5707,9,18477,11,24184,California
Lake,2021-05-03,413,41598,30,12185,347,27806,36,1607,66,5463,346,18823,102,24286,California
Lake,2021-05-04,403,42001,217,12402,138,27944,48,1655,123,5355,279,19102,171,24457,California
Lake,2021-05-05,629,42630,44,12446,573,28517,12,1667,84,4908,542,19644,95,24552,California
Lake,2021-05-06,142,42772,19,12465,94,28611,29,1696,72,4938,70,19714,100,24652,California
Lake,2021-05-07,166,42938,29,12494,117,28728,20,1716,102,4998,62,19776,122,24774,California
Lake,2021-05-08,43,42981,8,12502,35,28763,0,1716,36,5027,7,19783,36,24810,California
Lake,2021-05-09,17,42998,2,12504,10,28773,5,1721,10,5035,7,19790,15,24825,California
Lake,2021-05-10,244,43242,10,12514,206,28979,28,1749,58,4936,185,19975,86,24911,California
Lake,2021-05-11,195,43437,25,12539,153,29132,17,1766,116,4991,79,20054,134,25045,California
Lake,2021-05-12,542,43979,33,12572,489,29621,20,1786,56,4580,486,20540,75,25120,California
Lake,2021-05-13,318,44297,69,12641,235,29856,14,1800,72,4422,244,20784,86,25206,California
Lake,2021-05-14,268,44565,83,12724,167,30023,18,1818,163,4499,103,20887,180,25386,California
Lake,2021-05-15,45,44610,19,12743,23,30046,3,1821,28,4513,17,20904,31,25417,California
Lake,2021-05-16,33,44643,19,12762,13,30059,1,1822,18,4517,15,20919,19,25436,California
Lake,2021-05-17,315,44958,44,12806,256,30315,15,1837,82,4384,230,21149,97,25533,California
Lake,2021-05-18,299,45257,65,12871,215,30530,19,1856,171,4447,127,21276,190,25723,California
Lake,2021-05-19,313,45570,57,12928,241,30771,15,1871,88,4326,224,21500,103,25826,California
Lake,2021-05-20,236,45806,60,12988,165,30936,11,1882,92,4285,144,21644,103,25929,California
Lake,2021-05-21,274,46080,51,13039,199,31135,24,1906,114,4265,158,21802,138,26067,California
Lake,2021-05-22,98,46178,54,13093,41,31176,3,1909,49,4268,49,21851,52,26119,California
Lake,2021-05-23,58,46236,28,13121,29,31205,1,1910,30,4271,28,21879,31,26150,California
Lake,2021-05-24,159,46395,36,13157,109,31314,14,1924,72,4270,87,21966,86,26236,California
Lake,2021-05-25,204,46599,57,13214,136,31450,11,1935,74,4226,129,22095,85,26321,California
Lake,2021-05-26,151,46750,44,13258,96,31546,11,1946,54,4196,95,22190,65,26386,California
Lake,2021-05-27,174,46924,48,13306,112,31658,14,1960,61,4159,112,22302,75,26461,California
Lake,2021-05-28,222,47146,21,13327,163,31821,38,1998,50,4077,169,22471,87,26548,California
Lake,2021-05-29,37,47183,10,13337,21,31842,6,2004,14,4074,23,22494,20,26568,California
Lake,2021-05-30,22,47205,6,13343,14,31856,2,2006,12,4078,10,22504,14,26582,California
Lake,2021-05-31,63,47268,21,13364,40,31896,2,2008,53,4123,10,22514,55,26637,California
Lake,2021-06-01,198,47466,39,13403,150,32046,9,2017,69,4073,128,22642,78,26715,California
Lake,2021-06-02,132,47598,46,13449,74,32120,12,2029,53,4059,79,22721,65,26780,California
Lake,2021-06-03,181,47779,53,13502,109,32229,19,2048,79,4055,102,22823,98,26878,California
Lake,2021-06-04,184,47963,54,13556,115,32344,15,2063,47,3982,135,22958,62,26940,California
Lake,2021-06-05,91,48054,56,13612,27,32371,8,2071,55,4009,36,22994,63,27003,California
Lake,2021-06-06,68,48122,38,13650,30,32401,0,2071,24,3989,44,23038,24,27027,California
Lake,2021-06-07,89,48211,29,13679,52,32453,8,2079,31,3971,57,23095,39,27066,California
Lake,2021-06-08,180,48391,68,13747,100,32553,12,2091,67,3937,113,23208,79,27145,California
Lake,2021-06-09,172,48563,43,13790,125,32678,4,2095,37,3845,133,23341,41,27186,California
Lake,2021-06-10,128,48691,63,13853,52,32730,13,2108,50,3830,78,23419,63,27249,California
Lake,2021-06-11,209,48900,67,13920,119,32849,23,2131,48,3742,159,23578,71,27320,California
Lake,2021-06-12,67,48967,39,13959,22,32871,6,2137,34,3749,33,23611,40,27360,California
Lake,2021-06-13,29,48996,16,13975,13,32884,0,2137,14,3748,15,23626,14,27374,California
Lake,2021-06-14,179,49175,87,14062,79,32963,13,2150,50,3683,128,23754,63,27437,California
Lake,2021-06-15,244,49419,64,14126,162,33125,18,2168,78,3613,166,23920,96,27533,California
Lake,2021-06-16,163,49582,57,14183,91,33216,15,2183,55,3576,107,24027,70,27603,California
Lake,2021-06-17,179,49761,86,14269,83,33299,10,2193,80,3568,98,24125,90,27693,California
Lake,2021-06-18,136,49897,38,14307,89,33388,9,2202,53,3547,83,24208,62,27755,California
Lake,2021-06-19,67,49964,25,14332,42,33430,0,2202,34,3548,33,24241,34,27789,California
Lake,2021-06-20,21,49985,7,14339,12,33442,2,2204,10,3549,11,24252,12,27801,California
Lake,2021-06-21,67,50052,17,14356,43,33485,7,2211,29,3547,38,24290,36,27837,California
Lake,2021-06-22,135,50187,51,14407,74,33559,10,2221,62,3547,72,24362,72,27909,California
Lake,2021-06-23,148,50335,68,14475,56,33615,24,2245,80,3583,68,24430,104,28013,California
Lake,2021-06-24,140,50475,93,14568,34,33649,13,2258,48,3554,90,24520,61,28074,California
Lake,2021-06-25,129,50604,57,14625,63,33712,9,2267,66,3567,62,24582,75,28149,California
Lake,2021-06-26,48,50652,37,14662,11,33723,0,2267,6,3531,42,24624,6,28155,California
Lake,2021-06-27,42,50694,30,14692,12,33735,0,2267,23,3535,19,24643,23,28178,California
Lake,2021-06-28,65,50759,22,14714,22,33757,21,2288,28,3548,36,24679,49,28227,California
Lake,2021-06-29,118,50877,47,14761,67,33824,4,2292,63,3560,55,24734,67,28294,California
Lake,2021-06-30,84,50961,40,14801,40,33864,4,2296,45,3570,39,24773,49,28343,California
Lassen,2020-12-16,8,8,8,8,0,0,0,0,8,8,0,0,8,8,California
Lassen,2020-12-17,6,14,6,14,0,0,0,0,6,14,0,0,6,14,California
Lassen,2020-12-18,1,15,1,15,0,0,0,0,1,15,0,0,1,15,California
Lassen,2020-12-19,5,20,5,20,0,0,0,0,5,20,0,0,5,20,California
Lassen,2020-12-20,2,22,2,22,0,0,0,0,2,22,0,0,2,22,California
Lassen,2020-12-21,11,33,11,33,0,0,0,0,11,33,0,0,11,33,California
Lassen,2020-12-22,23,56,23,56,0,0,0,0,23,56,0,0,23,56,California
Lassen,2020-12-23,6,62,6,62,0,0,0,0,6,62,0,0,6,62,California
Lassen,2020-12-24,10,72,10,72,0,0,0,0,10,72,0,0,10,72,California
Lassen,2020-12-28,3,75,2,74,1,1,0,0,3,75,0,0,3,75,California
Lassen,2020-12-29,35,110,35,109,0,1,0,0,35,110,0,0,35,110,California
Lassen,2020-12-30,36,146,35,144,1,2,0,0,36,146,0,0,36,146,California
Lassen,2020-12-31,49,195,42,186,7,9,0,0,49,195,0,0,49,195,California
Lassen,2021-01-02,1,196,0,186,1,10,0,0,1,196,0,0,1,196,California
Lassen,2021-01-04,15,211,2,188,13,23,0,0,15,211,0,0,15,211,California
Lassen,2021-01-05,193,404,52,240,141,164,0,0,193,404,0,0,193,404,California
Lassen,2021-01-06,97,501,45,285,52,216,0,0,89,486,8,8,90,494,California
Lassen,2021-01-07,43,544,7,292,36,252,0,0,37,517,6,14,37,531,California
Lassen,2021-01-08,50,594,2,294,48,300,0,0,50,567,0,14,50,581,California
Lassen,2021-01-09,12,606,6,300,6,306,0,0,12,579,0,14,12,593,California
Lassen,2021-01-11,27,633,5,305,22,328,0,0,27,606,0,14,27,620,California
Lassen,2021-01-12,49,682,29,334,20,348,0,0,30,617,19,33,30,650,California
Lassen,2021-01-13,160,842,18,352,142,490,0,0,146,749,14,47,146,796,California
Lassen,2021-01-14,161,1003,18,370,143,633,0,0,149,886,12,59,149,945,California
Lassen,2021-01-15,32,1035,6,376,26,659,0,0,32,918,0,59,32,977,California
Lassen,2021-01-16,34,1069,33,409,1,660,0,0,34,952,0,59,34,1011,California
Lassen,2021-01-17,1,1070,0,409,1,661,0,0,1,953,0,59,1,1012,California
Lassen,2021-01-18,5,1075,2,411,3,664,0,0,4,956,1,60,4,1016,California
Lassen,2021-01-19,186,1261,36,447,150,814,0,0,158,1086,28,88,158,1174,California
Lassen,2021-01-20,187,1448,100,547,87,901,0,0,104,1122,68,156,104,1278,California
Lassen,2021-01-21,145,1593,93,640,52,953,0,0,121,1225,18,174,121,1399,California
Lassen,2021-01-22,31,1624,18,658,13,966,0,0,21,1236,10,184,21,1420,California
Lassen,2021-01-23,2,1626,0,658,2,968,0,0,2,1238,0,184,2,1422,California
Lassen,2021-01-24,1,1627,0,658,1,969,0,0,1,1239,0,184,1,1423,California
Lassen,2021-01-25,12,1639,1,659,11,980,0,0,11,1249,1,185,11,1434,California
Lassen,2021-01-26,126,1765,12,671,114,1094,0,0,122,1367,4,189,122,1556,California
Lassen,2021-01-27,89,1854,37,708,52,1146,0,0,71,1420,18,207,71,1627,California
Lassen,2021-01-28,85,1939,15,723,70,1216,0,0,84,1503,1,208,84,1711,California
Lassen,2021-01-29,23,1962,7,730,16,1232,0,0,22,1524,1,209,22,1733,California
Lassen,2021-02-01,61,2023,4,734,57,1289,0,0,36,1535,25,234,36,1769,California
Lassen,2021-02-02,177,2200,12,746,165,1454,0,0,44,1446,133,367,44,1813,California
Lassen,2021-02-03,98,2298,21,767,77,1531,0,0,50,1448,48,415,50,1863,California
Lassen,2021-02-04,113,2411,16,783,97,1628,0,0,64,1463,49,464,64,1927,California
Lassen,2021-02-05,66,2477,12,795,54,1682,0,0,24,1445,42,506,24,1951,California
Lassen,2021-02-06,69,2546,34,829,35,1717,0,0,36,1449,32,538,36,1987,California
Lassen,2021-02-07,3,2549,3,832,0,1717,0,0,3,1452,0,538,3,1990,California
Lassen,2021-02-08,44,2593,4,836,40,1757,0,0,18,1444,26,564,18,2008,California
Lassen,2021-02-09,128,2721,7,843,121,1878,0,0,49,1414,79,643,49,2057,California
Lassen,2021-02-10,182,2903,21,864,161,2039,0,0,75,1382,107,750,75,2132,California
Lassen,2021-02-11,182,3085,17,881,165,2204,0,0,79,1359,102,852,79,2211,California
Lassen,2021-02-12,43,3128,11,892,32,2236,0,0,16,1348,27,879,16,2227,California
Lassen,2021-02-13,11,3139,3,895,8,2244,0,0,9,1355,2,881,9,2236,California
Lassen,2021-02-14,13,3152,0,895,13,2257,0,0,12,1366,1,882,12,2248,California
Lassen,2021-02-15,22,3174,3,898,19,2276,0,0,17,1379,4,886,17,2265,California
Lassen,2021-02-16,192,3366,4,902,188,2464,0,0,31,1251,159,1045,31,2296,California
Lassen,2021-02-17,182,3548,94,996,88,2552,0,0,10,1089,172,1217,10,2306,California
Lassen,2021-02-18,80,3628,22,1018,58,2610,0,0,20,1049,60,1277,20,2326,California
Lassen,2021-02-19,83,3711,62,1080,21,2631,0,0,19,1004,64,1341,19,2345,California
Lassen,2021-02-20,8,3719,0,1080,8,2639,0,0,6,1008,2,1343,6,2351,California
Lassen,2021-02-21,22,3741,2,1082,20,2659,0,0,18,1022,4,1347,18,2369,California
Lassen,2021-02-22,27,3768,13,1095,14,2673,0,0,9,1013,18,1365,9,2378,California
Lassen,2021-02-23,154,3922,10,1105,144,2817,0,0,43,945,111,1476,43,2421,California
Lassen,2021-02-24,166,4088,16,1121,150,2967,0,0,107,994,58,1534,107,2528,California
Lassen,2021-02-25,159,4247,22,1143,137,3104,0,0,99,1033,60,1594,99,2627,California
Lassen,2021-02-26,74,4321,16,1159,58,3162,0,0,37,1033,37,1631,37,2664,California
Lassen,2021-02-27,8,4329,7,1166,1,3163,0,0,3,1031,5,1636,3,2667,California
Lassen,2021-02-28,7,4336,2,1168,5,3168,0,0,3,1030,4,1640,3,2670,California
Lassen,2021-03-01,42,4378,4,1172,38,3206,0,0,8,1005,33,1673,8,2678,California
Lassen,2021-03-02,108,4486,8,1180,100,3306,0,0,81,1060,26,1699,81,2759,California
Lassen,2021-03-03,169,4655,11,1191,158,3464,0,0,113,1117,56,1755,113,2872,California
Lassen,2021-03-04,149,4804,17,1208,132,3596,0,0,97,1163,51,1806,97,2969,California
Lassen,2021-03-05,49,4853,7,1215,18,3614,24,24,11,1160,38,1844,35,3004,California
Lassen,2021-03-06,55,4908,4,1219,29,3643,22,46,5,1137,50,1894,27,3031,California
Lassen,2021-03-07,58,4966,3,1222,0,3643,55,101,3,1140,55,1949,58,3089,California
Lassen,2021-03-08,88,5054,2,1224,7,3650,79,180,3,1137,85,2034,82,3171,California
Lassen,2021-03-09,137,5191,11,1235,109,3759,17,197,89,1195,48,2082,106,3277,California
Lassen,2021-03-10,173,5364,10,1245,161,3920,2,199,79,1183,93,2175,81,3358,California
Lassen,2021-03-11,185,5549,16,1261,162,4082,7,206,113,1234,69,2244,120,3478,California
Lassen,2021-03-12,34,5583,17,1278,13,4095,4,210,12,1228,22,2266,16,3494,California
Lassen,2021-03-13,48,5631,0,1278,2,4097,46,256,1,1227,47,2313,46,3540,California
Lassen,2021-03-14,14,5645,2,1280,11,4108,1,257,2,1218,12,2325,3,3543,California
Lassen,2021-03-15,36,5681,5,1285,31,4139,0,257,16,1214,20,2345,16,3559,California
Lassen,2021-03-16,92,5773,2,1287,85,4224,5,262,73,1273,19,2364,78,3637,California
Lassen,2021-03-17,1083,6856,9,1296,1069,5293,5,267,1063,2321,20,2384,1068,4705,California
Lassen,2021-03-18,94,6950,9,1305,84,5377,1,268,81,2390,13,2397,82,4787,California
Lassen,2021-03-19,18,6968,11,1316,3,5380,4,272,7,2390,11,2408,11,4798,California
Lassen,2021-03-20,29,6997,3,1319,23,5403,3,275,22,2408,7,2415,25,4823,California
Lassen,2021-03-21,34,7031,1,1320,33,5436,0,275,14,2403,19,2434,14,4837,California
Lassen,2021-03-22,59,7090,1,1321,58,5494,0,275,56,2456,3,2437,56,4893,California
Lassen,2021-03-23,120,7210,11,1332,108,5602,1,276,67,2471,53,2490,68,4961,California
Lassen,2021-03-24,212,7422,13,1345,198,5800,1,277,105,2472,105,2595,106,5067,California
Lassen,2021-03-25,155,7577,23,1368,132,5932,0,277,72,2461,83,2678,72,5139,California
Lassen,2021-03-26,77,7654,13,1381,26,5958,38,315,19,2460,57,2735,56,5195,California
Lassen,2021-03-27,21,7675,4,1385,1,5959,16,331,3,2461,18,2753,19,5214,California
Lassen,2021-03-28,19,7694,4,1389,4,5963,11,342,2,2457,17,2770,13,5227,California
Lassen,2021-03-29,53,7747,0,1389,28,5991,25,367,20,2470,32,2802,45,5272,California
Lassen,2021-03-30,200,7947,10,1399,164,6155,26,393,52,2400,148,2950,78,5350,California
Lassen,2021-03-31,147,8094,12,1411,113,6268,22,415,62,2400,84,3034,84,5434,California
Lassen,2021-04-01,166,8260,15,1426,130,6398,21,436,47,2350,118,3152,68,5502,California
Lassen,2021-04-02,30,8290,4,1430,3,6401,23,459,2,2347,28,3180,25,5527,California
Lassen,2021-04-03,12,8302,0,1430,2,6403,10,469,0,2345,12,3192,10,5537,California
Lassen,2021-04-04,7,8309,2,1432,0,6403,5,474,1,2345,6,3198,6,5543,California
Lassen,2021-04-05,22,8331,4,1436,11,6414,7,481,11,2352,11,3209,18,5561,California
Lassen,2021-04-06,183,8514,8,1444,145,6559,30,511,53,2305,130,3339,83,5644,California
Lassen,2021-04-07,135,8649,6,1450,92,6651,37,548,32,2273,103,3442,71,5715,California
Lassen,2021-04-08,169,8818,9,1459,104,6755,56,604,32,2228,133,3575,88,5803,California
Lassen,2021-04-09,54,8872,6,1465,10,6765,38,642,8,2228,45,3620,45,5848,California
Lassen,2021-04-10,10,8882,0,1465,2,6767,8,650,0,2227,9,3629,8,5856,California
Lassen,2021-04-11,6,8888,2,1467,1,6768,3,653,3,2230,3,3632,6,5862,California
Lassen,2021-04-12,32,8920,4,1471,15,6783,13,666,4,2219,28,3660,17,5879,California
Lassen,2021-04-13,129,9049,6,1477,123,6906,0,666,40,2171,88,3748,40,5919,California
Lassen,2021-04-14,989,10038,16,1493,973,7879,0,666,51,1285,937,4685,51,5970,California
Lassen,2021-04-15,147,10185,14,1507,133,8012,0,666,19,1176,128,4813,19,5989,California
Lassen,2021-04-16,14,10199,5,1512,9,8021,0,666,6,1174,8,4821,6,5995,California
Lassen,2021-04-17,24,10223,3,1515,21,8042,0,666,4,1158,20,4841,4,5999,California
Lassen,2021-04-18,5,10228,2,1517,3,8045,0,666,2,1157,3,4844,2,6001,California
Lassen,2021-04-19,35,10263,0,1517,35,8080,0,666,18,1158,17,4861,18,6019,California
Lassen,2021-04-20,137,10400,7,1524,130,8210,0,666,51,1123,86,4947,51,6070,California
Lassen,2021-04-21,167,10567,10,1534,156,8366,1,667,34,1027,131,5078,35,6105,California
Lassen,2021-04-22,102,10669,16,1550,86,8452,0,667,32,989,70,5148,32,6137,California
Lassen,2021-04-23,27,10696,1,1551,26,8478,0,667,21,1004,6,5154,21,6158,California
Lassen,2021-04-24,9,10705,5,1556,4,8482,0,667,3,1001,6,5160,3,6161,California
Lassen,2021-04-25,5,10710,0,1556,4,8486,1,668,3,1003,2,5162,4,6165,California
Lassen,2021-04-26,44,10754,2,1558,38,8524,4,672,9,982,34,5196,13,6178,California
Lassen,2021-04-27,119,10873,9,1567,107,8631,3,675,66,998,53,5249,69,6247,California
Lassen,2021-04-28,82,10955,7,1574,73,8704,2,677,29,976,53,5302,31,6278,California
Lassen,2021-04-29,69,11024,7,1581,59,8763,3,680,24,959,44,5346,27,6305,California
Lassen,2021-04-30,15,11039,8,1589,4,8767,3,683,6,959,9,5355,9,6314,California
Lassen,2021-05-01,5,11044,0,1589,4,8771,1,684,4,963,1,5356,5,6319,California
Lassen,2021-05-02,10,11054,6,1595,4,8775,0,684,6,965,4,5360,6,6325,California
Lassen,2021-05-03,17,11071,2,1597,9,8784,6,690,2,958,15,5375,8,6333,California
Lassen,2021-05-04,73,11144,5,1602,60,8844,8,698,21,935,52,5427,29,6362,California
Lassen,2021-05-05,83,11227,4,1606,67,8911,12,710,26,917,56,5483,38,6400,California
Lassen,2021-05-06,80,11307,21,1627,37,8948,22,732,21,901,59,5542,43,6443,California
Lassen,2021-05-07,49,11356,33,1660,11,8959,5,737,41,939,8,5550,46,6489,California
Lassen,2021-05-08,11,11367,0,1660,5,8964,6,743,4,942,7,5557,10,6499,California
Lassen,2021-05-09,3,11370,1,1661,0,8964,2,745,0,941,3,5560,2,6501,California
Lassen,2021-05-10,12,11382,1,1662,8,8972,3,748,6,944,6,5566,9,6510,California
Lassen,2021-05-11,74,11456,1,1663,62,9034,11,759,20,921,54,5620,31,6541,California
Lassen,2021-05-12,44,11500,4,1667,34,9068,6,765,14,911,30,5650,20,6561,California
Lassen,2021-05-13,36,11536,10,1677,21,9089,5,770,10,900,26,5676,15,6576,California
Lassen,2021-05-14,21,11557,3,1680,10,9099,8,778,10,907,11,5687,18,6594,California
Lassen,2021-05-15,16,11573,2,1682,4,9103,10,788,4,909,12,5699,14,6608,California
Lassen,2021-05-16,7,11580,2,1684,3,9106,2,790,2,909,4,5703,4,6612,California
Lassen,2021-05-17,36,11616,4,1688,20,9126,12,802,10,905,26,5729,22,6634,California
Lassen,2021-05-18,92,11708,11,1699,68,9194,13,815,28,882,64,5793,41,6675,California
Lassen,2021-05-19,59,11767,3,1702,45,9239,11,826,7,848,51,5844,17,6692,California
Lassen,2021-05-20,33,11800,8,1710,16,9255,9,835,11,846,22,5866,20,6712,California
Lassen,2021-05-21,67,11867,33,1743,20,9275,14,849,35,863,32,5898,49,6761,California
Lassen,2021-05-22,17,11884,2,1745,7,9282,8,857,7,868,10,5908,15,6776,California
Lassen,2021-05-23,6,11890,3,1748,1,9283,2,859,0,864,6,5914,2,6778,California
Lassen,2021-05-24,13,11903,1,1749,10,9293,2,861,5,864,7,5921,7,6785,California
Lassen,2021-05-25,99,12002,6,1755,84,9377,9,870,33,840,66,5987,42,6827,California
Lassen,2021-05-26,59,12061,1,1756,42,9419,16,886,11,819,48,6035,27,6854,California
Lassen,2021-05-27,43,12104,17,1773,20,9439,6,892,12,807,30,6065,18,6872,California
Lassen,2021-05-28,74,12178,48,1821,18,9457,8,900,30,801,44,6109,38,6910,California
Lassen,2021-05-29,15,12193,1,1822,12,9469,2,902,8,804,7,6116,10,6920,California
Lassen,2021-05-30,2,12195,0,1822,1,9470,1,903,1,805,1,6117,2,6922,California
Lassen,2021-05-31,7,12202,0,1822,6,9476,1,904,1,801,6,6123,2,6924,California
Lassen,2021-06-01,45,12247,2,1824,36,9512,7,911,15,793,30,6153,22,6946,California
Lassen,2021-06-02,57,12304,2,1826,41,9553,14,925,15,781,41,6194,29,6975,California
Lassen,2021-06-03,20,12324,2,1828,9,9562,9,934,6,782,14,6208,15,6990,California
Lassen,2021-06-04,37,12361,1,1829,24,9586,12,946,12,781,25,6233,24,7014,California
Lassen,2021-06-05,14,12375,3,1832,7,9593,4,950,4,779,10,6243,8,7022,California
Lassen,2021-06-06,5,12380,0,1832,2,9595,3,953,1,779,4,6247,4,7026,California
Lassen,2021-06-07,18,12398,0,1832,9,9604,9,962,3,776,15,6262,12,7038,California
Lassen,2021-06-08,40,12438,9,1841,27,9631,4,966,13,766,27,6289,17,7055,California
Lassen,2021-06-09,18,12456,1,1842,15,9646,2,968,7,765,10,6299,9,7064,California
Lassen,2021-06-10,20,12476,10,1852,7,9653,3,971,10,768,10,6309,13,7077,California
Lassen,2021-06-11,43,12519,29,1881,14,9667,0,971,11,748,32,6341,12,7089,California
Lassen,2021-06-12,5,12524,1,1882,4,9671,0,971,1,745,4,6345,1,7090,California
Lassen,2021-06-13,3,12527,2,1884,1,9672,0,971,1,744,2,6347,1,7091,California
Lassen,2021-06-14,9,12536,1,1885,6,9678,2,973,3,744,5,6352,5,7096,California
Lassen,2021-06-15,48,12584,5,1890,38,9716,5,978,15,731,33,6385,20,7116,California
Lassen,2021-06-16,12,12596,1,1891,6,9722,5,983,7,738,5,6390,12,7128,California
Lassen,2021-06-17,23,12619,11,1902,8,9730,4,987,10,739,13,6403,14,7142,California
Lassen,2021-06-18,45,12664,19,1921,18,9748,8,995,9,720,36,6439,17,7159,California
Lassen,2021-06-19,13,12677,1,1922,10,9758,2,997,5,719,8,6447,7,7166,California
Lassen,2021-06-20,6,12683,2,1924,3,9761,1,998,5,724,1,6448,6,7172,California
Lassen,2021-06-21,14,12697,0,1924,12,9773,2,1000,4,720,10,6458,6,7178,California
Lassen,2021-06-22,36,12733,1,1925,34,9807,1,1001,19,723,17,6475,20,7198,California
Lassen,2021-06-23,17,12750,2,1927,12,9819,3,1004,5,719,12,6487,8,7206,California
Lassen,2021-06-24,26,12776,3,1930,16,9835,7,1011,14,728,12,6499,21,7227,California
Lassen,2021-06-25,21,12797,3,1933,18,9853,0,1011,12,731,9,6508,12,7239,California
Lassen,2021-06-26,6,12803,0,1933,6,9859,0,1011,1,727,5,6513,1,7240,California
Lassen,2021-06-27,1,12804,0,1933,0,9859,1,1012,0,727,1,6514,1,7241,California
Lassen,2021-06-28,13,12817,2,1935,9,9868,2,1014,9,734,4,6518,11,7252,California
Lassen,2021-06-29,29,12846,1,1936,27,9895,1,1015,8,722,21,6539,9,7261,California
Lassen,2021-06-30,17,12863,3,1939,9,9904,5,1020,3,716,14,6553,8,7269,California
Los Angeles,2020-12-15,399,399,399,399,0,0,0,0,399,399,0,0,399,399,California
Los Angeles,2020-12-16,3603,4002,3603,4002,0,0,0,0,3603,4002,0,0,3603,4002,California
Los Angeles,2020-12-17,10434,14436,10434,14436,0,0,0,0,10432,14431,3,3,10432,14434,California
Los Angeles,2020-12-18,14803,29239,14777,29213,26,26,0,0,14801,29230,2,5,14801,29235,California
Los Angeles,2020-12-19,7317,36556,7308,36521,9,35,0,0,7319,36549,0,5,7319,36554,California
Los Angeles,2020-12-20,4676,41232,4665,41186,11,46,0,0,4678,41227,0,5,4678,41232,California
Los Angeles,2020-12-21,13792,55024,13775,54961,17,63,0,0,13793,55019,1,6,13793,55025,California
Los Angeles,2020-12-22,11614,66638,11221,66182,393,456,0,0,11613,66630,2,8,11613,66638,California
Los Angeles,2020-12-23,12030,78668,10249,76431,1781,2237,0,0,12031,78661,0,8,12031,78669,California
Los Angeles,2020-12-24,7074,85742,4279,80710,2795,5032,0,0,7076,85736,1,9,7076,85745,California
Los Angeles,2020-12-25,528,86270,421,81131,107,5139,0,0,529,86265,0,9,529,86274,California
Los Angeles,2020-12-26,2551,88821,2197,83328,354,5493,0,0,2550,88813,2,11,2550,88824,California
Los Angeles,2020-12-27,1787,90608,1047,84375,740,6233,0,0,1787,90600,0,11,1787,90611,California
Los Angeles,2020-12-28,10407,101015,6449,90824,3958,10191,0,0,10404,101003,1,12,10404,101015,California
Los Angeles,2020-12-29,11695,112710,6136,96960,5559,15750,0,0,11695,112697,1,13,11695,112710,California
Los Angeles,2020-12-30,14973,127683,8138,105098,6835,22585,0,0,14971,127667,1,14,14971,127681,California
Los Angeles,2020-12-31,8024,135707,2783,107881,5241,27826,0,0,8017,135678,6,20,8017,135698,California
Los Angeles,2021-01-01,1096,136803,324,108205,772,28598,0,0,1094,136770,2,22,1094,136792,California
Los Angeles,2021-01-02,4512,141315,1687,109892,2825,31423,0,0,4511,141281,0,22,4511,141303,California
Los Angeles,2021-01-03,973,142288,230,110122,743,32166,0,0,970,142248,3,25,970,142273,California
Los Angeles,2021-01-04,12828,155116,4919,115041,7909,40075,0,0,12812,155058,2,27,12812,155085,California
Los Angeles,2021-01-05,16158,171274,7140,122181,9018,49093,0,0,14206,167350,1923,1950,14215,169300,California
Los Angeles,2021-01-06,22830,194104,12142,134323,10688,59781,0,0,17127,178857,5630,7580,17137,186437,California
Los Angeles,2021-01-07,29855,223959,16144,150467,13711,73492,0,0,18948,186966,10855,18435,18964,205401,California
Los Angeles,2021-01-08,33580,257539,18272,168739,15308,88800,0,0,21065,195559,12484,30919,21077,226478,California
Los Angeles,2021-01-09,12569,270108,7214,175953,5355,94155,0,0,7613,198227,4953,35872,7621,234099,California
Los Angeles,2021-01-10,4788,274896,3716,179669,1072,95227,0,0,2004,197448,2784,38656,2005,236104,California
Los Angeles,2021-01-11,26065,300961,16407,196076,9658,104885,0,0,15057,201522,10994,49650,15068,251172,California
Los Angeles,2021-01-12,29521,330482,16263,212339,13258,118143,0,0,19296,210622,10209,59859,19309,270481,California
Los Angeles,2021-01-13,29672,360154,15907,228246,13765,131908,0,0,20640,222254,9015,68874,20647,291128,California
Los Angeles,2021-01-14,29471,389625,12763,241009,16708,148616,0,0,23894,240602,5559,74433,23907,315035,California
Los Angeles,2021-01-15,34135,423760,12439,253448,21696,170312,0,0,30518,267541,3589,78022,30528,345563,California
Los Angeles,2021-01-16,17755,441515,5011,258459,12744,183056,0,0,15954,281710,1792,79814,15961,361524,California
Los Angeles,2021-01-17,5280,446795,2358,260817,2922,185978,0,0,5018,286469,261,80075,5020,366544,California
Los Angeles,2021-01-18,15776,462571,10160,270977,5616,191594,0,0,11024,292758,4739,84814,11028,377572,California
Los Angeles,2021-01-19,38854,501425,20703,291680,18151,209745,0,0,30974,315911,7836,92650,30989,408561,California
Los Angeles,2021-01-20,47249,548674,24753,316433,22496,232241,0,0,39572,347854,7642,100292,39585,448146,California
Los Angeles,2021-01-21,49381,598055,22688,339121,26693,258934,0,0,45015,388595,4291,104583,45032,493178,California
Los Angeles,2021-01-22,48641,646696,22499,361620,26142,285076,0,0,45117,430255,3473,108056,45133,538311,California
Los Angeles,2021-01-23,34358,681054,15824,377444,18534,303610,0,0,32233,460412,2090,110146,32247,570558,California
Los Angeles,2021-01-24,15762,696816,12188,389632,3574,307184,0,0,15200,475063,552,110698,15203,585761,California
Los Angeles,2021-01-25,39795,736611,16766,406398,23029,330213,0,0,31069,497465,8683,119381,31085,616846,California
Los Angeles,2021-01-26,49920,786531,24742,431140,25178,355391,0,0,41543,530695,8334,127715,41564,658410,California
Los Angeles,2021-01-27,51176,837707,25921,457061,25255,380646,0,0,41652,562999,9375,137090,41679,700089,California
Los Angeles,2021-01-28,49265,886972,23519,480580,25746,406392,0,0,40665,595208,8472,145562,40681,740770,California
Los Angeles,2021-01-29,50033,937005,25698,506278,24335,430727,0,0,39751,625060,9916,155478,39768,780538,California
Los Angeles,2021-01-30,30386,967391,15541,521819,14845,445572,0,0,26028,646823,4271,159749,26034,806572,California
Los Angeles,2021-01-31,12879,980270,10088,531907,2791,448363,0,0,11947,657860,914,160663,11951,818523,California
Los Angeles,2021-02-01,38841,1019111,16390,548297,22451,470814,0,0,28058,675206,10724,171387,28070,846593,California
Los Angeles,2021-02-02,45121,1064232,18117,566414,27004,497818,0,0,32592,695332,12472,183859,32598,879191,California
Los Angeles,2021-02-03,52774,1117006,19729,586143,33045,530863,0,0,37653,718134,14863,198722,37665,916856,California
Los Angeles,2021-02-04,57749,1174755,20867,607010,36882,567745,0,0,39430,739610,17969,216691,39445,956301,California
Los Angeles,2021-02-05,62030,1236785,21259,628269,40771,608516,0,0,39746,757548,21823,238514,39761,996062,California
Los Angeles,2021-02-06,35833,1272618,13466,641735,22367,630883,0,0,27238,776296,8513,247027,27261,1023323,California
Los Angeles,2021-02-07,11022,1283640,8518,650253,2504,633387,0,0,8588,782479,2413,249440,8596,1031919,California
Los Angeles,2021-02-08,47364,1331004,21840,672093,25524,658911,0,0,30905,797079,16311,265751,30911,1062830,California
Los Angeles,2021-02-09,56299,1387303,24792,696885,31507,690418,0,0,28504,797895,27700,293451,28516,1091346,California
Los Angeles,2021-02-10,67667,1454970,29594,726479,38073,728491,0,0,30582,791823,36672,330123,30600,1121946,California
Los Angeles,2021-02-11,58895,1513865,31419,757898,27476,755967,0,0,28209,789860,30182,360305,28219,1150165,California
Los Angeles,2021-02-12,60602,1574467,30145,788043,30457,786424,0,0,26360,782397,33846,394151,26383,1176548,California
Los Angeles,2021-02-13,34232,1608699,20000,808043,14232,800656,0,0,15536,779404,18584,412735,15591,1192139,California
Los Angeles,2021-02-14,22048,1630747,15055,823098,6993,807649,0,0,8835,775104,13144,425879,8844,1200983,California
Los Angeles,2021-02-15,33281,1664028,16152,839250,17129,824778,0,0,18204,778333,14992,440871,18221,1219204,California
Los Angeles,2021-02-16,64831,1728859,32955,872205,31876,856654,0,0,29952,773557,34748,475619,29972,1249176,California
Los Angeles,2021-02-17,65646,1794505,35033,907238,30613,887267,0,0,26609,761373,38808,514427,26624,1275800,California
Los Angeles,2021-02-18,69406,1863911,35294,942532,34112,921379,0,0,28792,749854,40333,554760,28814,1304614,California
Los Angeles,2021-02-19,59512,1923423,36662,979194,22850,944229,0,0,28957,748497,30334,585094,28977,1333591,California
Los Angeles,2021-02-20,33598,1957021,24474,1003668,9124,953353,0,0,16123,747280,17380,602474,16163,1349754,California
Los Angeles,2021-02-21,22644,1979665,20910,1024578,1734,955087,0,0,11359,747457,11191,613665,11368,1361122,California
Los Angeles,2021-02-22,35735,2015400,26043,1050621,9692,964779,0,0,18266,748431,17337,631002,18311,1379433,California
Los Angeles,2021-02-23,56183,2071583,24159,1074780,32024,996803,0,0,21893,736244,34110,665112,21923,1401356,California
Los Angeles,2021-02-24,65636,2137219,29172,1103952,36464,1033267,0,0,28222,727317,37186,702298,28259,1429615,California
Los Angeles,2021-02-25,74603,2211822,34134,1138086,40469,1073736,0,0,38429,729805,35977,738275,38465,1468080,California
Los Angeles,2021-02-26,84249,2296071,38993,1177079,45256,1118992,0,0,47239,740344,36748,775023,47287,1515367,California
Los Angeles,2021-02-27,60702,2356773,26758,1203837,33935,1152927,9,9,30971,741807,29554,804577,31017,1546384,California
Los Angeles,2021-02-28,27077,2383850,18660,1222497,8414,1161341,3,12,18976,752821,7982,812559,18996,1565380,California
Los Angeles,2021-03-01,57674,2441524,32702,1255199,24930,1186271,42,54,34592,764635,22855,835414,34669,1600049,California
Los Angeles,2021-03-02,78438,2519962,38050,1293249,40380,1226651,8,62,49460,785340,28799,864213,49504,1649553,California
Los Angeles,2021-03-03,86371,2606333,44296,1337545,42056,1268707,19,81,54708,808647,31456,895669,54763,1704316,California
Los Angeles,2021-03-04,92170,2698503,47204,1384749,44949,1313656,17,98,58288,833321,33670,929339,58344,1762660,California
Los Angeles,2021-03-05,90841,2789344,44817,1429566,45990,1359646,34,132,60692,864199,29919,959258,60797,1823457,California
Los Angeles,2021-03-06,67645,2856989,34504,1464070,31307,1390953,1834,1966,43565,885686,23924,983182,45411,1868868,California
Los Angeles,2021-03-07,27415,2884404,20871,1484941,5704,1396657,840,2806,21198,901550,6180,989362,22044,1890912,California
Los Angeles,2021-03-08,54617,2939021,29546,1514487,23099,1419756,1972,4778,41273,931586,13217,1002579,43253,1934165,California
Los Angeles,2021-03-09,82160,3021181,39168,1553655,39701,1459457,3291,8069,52247,957378,29745,1032324,55537,1989702,California
Los Angeles,2021-03-10,83678,3104859,41197,1594852,37581,1497038,4900,12969,52917,984600,30555,1062879,57777,2047479,California
Los Angeles,2021-03-11,93776,3198635,46112,1640964,40922,1537960,6742,19711,54890,1007525,38663,1101542,61588,2109067,California
Los Angeles,2021-03-12,99855,3298490,45264,1686228,40656,1578616,13935,33646,58239,1038252,41370,1142912,72097,2181164,California
Los Angeles,2021-03-13,76023,3374513,35900,1722128,28127,1606743,11996,45642,45287,1064872,30605,1173517,57225,2238389,California
Los Angeles,2021-03-14,39247,3413760,26372,1748500,10316,1617059,2559,48201,23946,1076144,15217,1188734,26489,2264878,California
Los Angeles,2021-03-15,75694,3489454,37203,1785703,33025,1650084,5466,53667,45714,1097540,29750,1218484,51146,2316024,California
Los Angeles,2021-03-16,100576,3590030,44261,1829964,50432,1700516,5883,59550,65037,1133115,35294,1253778,70869,2386893,California
Los Angeles,2021-03-17,98203,3688233,44922,1874886,44955,1745471,8326,67876,65844,1175005,32119,1285897,74009,2460902,California
Los Angeles,2021-03-18,103711,3791944,49810,1924696,48314,1793785,5587,73463,65573,1208343,37802,1323699,71140,2532042,California
Los Angeles,2021-03-19,110047,3901991,57598,1982294,47653,1841438,4796,78259,67774,1238892,41963,1365662,72512,2604554,California
Los Angeles,2021-03-20,77023,3979014,37924,2020218,34493,1875931,4606,82865,52290,1271240,24529,1390191,56877,2661431,California
Los Angeles,2021-03-21,34969,4013983,26037,2046255,8025,1883956,907,83772,22364,1282039,12470,1402661,23269,2684700,California
Los Angeles,2021-03-22,71458,4085441,42125,2088380,27157,1911113,2176,85948,50052,1313154,21110,1423771,52225,2736925,California
Los Angeles,2021-03-23,97156,4182597,52786,2141166,41124,1952237,3246,89194,58577,1336677,38287,1462058,61810,2798735,California
Los Angeles,2021-03-24,105579,4288176,56162,2197328,46246,1998483,3171,92365,60548,1355707,44675,1506733,63705,2862440,California
Los Angeles,2021-03-25,111465,4399641,59904,2257232,47652,2046135,3909,96274,62297,1373058,48831,1555564,66182,2928622,California
Los Angeles,2021-03-26,115843,4515484,63526,2320758,48072,2094207,4245,100519,63731,1389205,51793,1607357,67940,2996562,California
Los Angeles,2021-03-27,83816,4599300,44136,2364894,37539,2131746,2141,102660,42655,1393131,40869,1648226,44795,3041357,California
Los Angeles,2021-03-28,42313,4641613,28709,2393603,13019,2144765,585,103245,20071,1391685,22104,1670330,20658,3062015,California
Los Angeles,2021-03-29,83498,4725111,47060,2440663,34655,2179420,1783,105028,46158,1402526,37096,1707426,47937,3109952,California
Los Angeles,2021-03-30,109642,4834753,52494,2493157,51204,2230624,5944,110972,56967,1412991,52406,1759832,62871,3172823,California
Los Angeles,2021-03-31,123239,4957992,62352,2555509,52038,2282662,8849,119821,68394,1435668,54503,1814335,77180,3250003,California
Los Angeles,2021-04-01,134214,5092206,62977,2618486,55762,2338424,15475,135296,71612,1460443,62204,1876539,86979,3336982,California
Los Angeles,2021-04-02,133199,5225405,59639,2678125,57970,2396394,15590,150886,70464,1484078,62361,1938900,85996,3422978,California
Los Angeles,2021-04-03,98955,5324360,45356,2723481,39926,2436320,13673,164559,48704,1496323,50042,1988942,62287,3485265,California
Los Angeles,2021-04-04,39327,5363687,20605,2744086,12075,2448395,6647,171206,16379,1496456,22849,2011791,22982,3508247,California
Los Angeles,2021-04-05,94471,5458158,44775,2788861,39360,2487755,10336,181542,44449,1501372,49789,2061580,54705,3562952,California
Los Angeles,2021-04-06,121887,5580045,57520,2846381,43984,2531739,20383,201925,55744,1511490,65867,2127447,75985,3638937,California
Los Angeles,2021-04-07,121370,5701415,55292,2901673,44806,2576545,21272,223197,54556,1520647,66523,2193970,75680,3714617,California
Los Angeles,2021-04-08,133928,5835343,59026,2960699,50644,2627189,24258,247455,60089,1531327,73482,2267452,84162,3798779,California
Los Angeles,2021-04-09,132835,5968178,57688,3018387,51002,2678191,24145,271600,56691,1536186,75790,2343242,80649,3879428,California
Los Angeles,2021-04-10,102195,6070373,43192,3061579,34763,2712954,24240,295840,37406,1533156,64528,2407770,61498,3940926,California
Los Angeles,2021-04-11,41991,6112364,22700,3084279,9887,2722841,9404,305244,14445,1529490,27450,2435220,23784,3964710,California
Los Angeles,2021-04-12,79821,6192185,39009,3123288,34322,2757163,6490,311734,32590,1521511,46991,2482211,39012,4003722,California
Los Angeles,2021-04-13,118620,6310805,59826,3183114,58359,2815522,435,312169,62680,1528980,55655,2537866,63124,4066846,California
Los Angeles,2021-04-14,120426,6431231,60291,3243405,60001,2875523,134,312303,65203,1539404,54913,2592779,65337,4132183,California
Los Angeles,2021-04-15,131774,6563005,71278,3314683,60298,2935821,198,312501,75299,1558629,56143,2648922,75368,4207551,California
Los Angeles,2021-04-16,131956,6694961,69710,3384393,62100,2997921,146,312647,69448,1566025,62135,2711057,69531,4277082,California
Los Angeles,2021-04-17,99756,6794717,52222,3436615,47503,3045424,31,312678,56843,1580239,42655,2753712,56869,4333951,California
Los Angeles,2021-04-18,35800,6830517,24177,3460792,11622,3057046,1,312679,19574,1583695,16127,2769839,19583,4353534,California
Los Angeles,2021-04-19,77432,6907949,40597,3501389,36818,3093864,17,312696,34737,1575995,42466,2812305,34766,4388300,California
Los Angeles,2021-04-20,105932,7013881,52539,3553928,53363,3147227,30,312726,52376,1575142,53266,2865571,52413,4440713,California
Los Angeles,2021-04-21,114931,7128812,56349,3610277,58391,3205618,191,312917,51003,1562819,63525,2929096,51202,4491915,California
Los Angeles,2021-04-22,118797,7247609,61778,3672055,56986,3262604,33,312950,52374,1549183,66056,2995152,52420,4544335,California
Los Angeles,2021-04-23,118326,7365935,65054,3737109,53250,3315854,22,312972,56444,1544124,61534,3056686,56475,4600810,California
Los Angeles,2021-04-24,90463,7456398,57487,3794596,32934,3348788,42,313014,50480,1554932,39727,3096413,50535,4651345,California
Los Angeles,2021-04-25,38011,7494409,25178,3819774,12827,3361615,6,313020,20451,1557960,17429,3113842,20457,4671802,California
Los Angeles,2021-04-26,79125,7573534,41273,3861047,37341,3398956,511,313531,39016,1557624,39862,3153704,39526,4711328,California
Los Angeles,2021-04-27,95458,7668992,45992,3907039,47466,3446422,2000,315531,37026,1538516,58123,3211827,39015,4750343,California
Los Angeles,2021-04-28,87985,7756977,42681,3949720,43200,3489622,2104,317635,34831,1522665,52780,3264607,36929,4787272,California
Los Angeles,2021-04-29,94584,7851561,47346,3997066,45024,3534646,2214,319849,34272,1499257,59889,3324496,36481,4823753,California
Los Angeles,2021-04-30,102534,7954095,50828,4047894,49245,3583891,2461,322310,37730,1475107,64325,3388821,40175,4863928,California
Los Angeles,2021-05-01,75831,8029926,42402,4090296,31874,3615765,1555,323865,28568,1458309,46917,3435738,30119,4894047,California
Los Angeles,2021-05-02,28077,8058003,18032,4108328,9305,3625070,740,324605,10174,1451444,17777,3453515,10912,4904959,California
Los Angeles,2021-05-03,62582,8120585,30401,4138729,29945,3655015,2236,326841,22756,1436873,39545,3493060,24974,4929933,California
Los Angeles,2021-05-04,88630,8209215,49414,4188143,36918,3691933,2298,329139,27673,1406197,60632,3553692,29956,4959889,California
Los Angeles,2021-05-05,91591,8300806,53635,4241778,35556,3727489,2400,331539,25423,1368216,65792,3619484,27811,4987700,California
Los Angeles,2021-05-06,98635,8399441,59666,4301444,36450,3763939,2519,334058,23613,1319711,74621,3694105,26116,5013816,California
Los Angeles,2021-05-07,98453,8497894,58294,4359738,37778,3801717,2381,336439,27164,1278332,70901,3765006,29522,5043338,California
Los Angeles,2021-05-08,66963,8564857,43958,4403696,21227,3822944,1778,338217,18613,1250711,48003,3813009,20382,5063720,California
Los Angeles,2021-05-09,24479,8589336,18806,4422502,4932,3827876,741,338958,6165,1239400,18209,3831218,6898,5070618,California
Los Angeles,2021-05-10,50782,8640118,26930,4449432,21943,3849819,1909,340867,15555,1221884,34976,3866194,17460,5088078,California
Los Angeles,2021-05-11,71505,8711623,39005,4488437,30348,3880167,2152,343019,18743,1190279,52482,3918676,20877,5108955,California
Los Angeles,2021-05-12,72646,8784269,39799,4528236,30527,3910694,2320,345339,20446,1161144,51875,3970551,22740,5131695,California
Los Angeles,2021-05-13,78444,8862713,47301,4575537,29410,3940104,1733,347072,27984,1140797,50052,4020603,29705,5161400,California
Los Angeles,2021-05-14,89826,8952539,57202,4632739,30744,3970848,1880,348952,33921,1121048,55539,4076142,35790,5197190,California
Los Angeles,2021-05-15,76570,9029109,53602,4686341,21414,3992262,1554,350506,29796,1105918,46467,4122609,31337,5228527,California
Los Angeles,2021-05-16,31022,9060131,24592,4710933,5814,3998076,616,351122,12325,1100260,18594,4141203,12936,5241463,California
Los Angeles,2021-05-17,62062,9122193,40215,4751148,20066,4018142,1781,352903,24932,1090073,36877,4178080,26690,5268153,California
Los Angeles,2021-05-18,65317,9187510,38683,4789831,24799,4042941,1835,354738,25716,1078268,39322,4217402,27517,5295670,California
Los Angeles,2021-05-19,67594,9255104,40751,4830582,24999,4067940,1844,356582,28789,1070357,38527,4255929,30616,5326286,California
Los Angeles,2021-05-20,66626,9321730,37322,4867904,27224,4095164,2080,358662,25202,1056596,41035,4296964,27274,5353560,California
Los Angeles,2021-05-21,70134,9391864,42542,4910446,25516,4120680,2076,360738,27176,1043275,42562,4339526,29241,5382801,California
Los Angeles,2021-05-22,57442,9449306,37359,4947805,18428,4139108,1655,362393,23321,1034361,33879,4373405,24965,5407766,California
Los Angeles,2021-05-23,24278,9473584,16924,4964729,6510,4145618,844,363237,10720,1032496,13425,4386830,11560,5419326,California
Los Angeles,2021-05-24,49071,9522655,27126,4991855,20087,4165705,1858,365095,18584,1022676,30245,4417075,20425,5439751,California
Los Angeles,2021-05-25,49846,9572501,28841,5020696,19231,4184936,1774,366869,19168,1013195,30417,4447492,20936,5460687,California
Los Angeles,2021-05-26,47207,9619708,26690,5047386,18672,4203608,1845,368714,19721,1007581,27061,4474553,21447,5482134,California
Los Angeles,2021-05-27,45512,9665220,25451,5072837,18227,4221835,1834,370548,18801,1001737,26462,4501015,20618,5502752,California
Los Angeles,2021-05-28,52381,9717601,29665,5102502,20820,4242655,1896,372444,23256,998075,28802,4529817,25140,5527892,California
Los Angeles,2021-05-29,30527,9748128,17645,5120147,11837,4254492,1045,373489,14174,997122,16160,4545977,15207,5543099,California
Los Angeles,2021-05-30,12494,9760622,8195,5128342,3565,4258057,734,374223,5788,996987,6651,4552628,6516,5549615,California
Los Angeles,2021-05-31,6051,9766673,3738,5132080,2007,4260064,306,374529,1729,994758,4261,4556889,2032,5551647,California
Los Angeles,2021-06-01,46297,9812970,25933,5158013,18791,4278855,1573,376102,16995,984342,28958,4585847,18542,5570189,California
Los Angeles,2021-06-02,38583,9851553,22298,5180311,14831,4293686,1454,377556,15085,977637,23217,4609064,16512,5586701,California
Los Angeles,2021-06-03,42815,9894368,28347,5208658,12907,4306593,1561,379117,14695,966045,27832,4636896,16240,5602941,California
Los Angeles,2021-06-04,52415,9946783,35433,5244091,15303,4321896,1679,380796,16570,948786,35485,4672381,18226,5621167,California
Los Angeles,2021-06-05,42541,9989324,30486,5274577,10672,4332568,1383,382179,12320,932440,30035,4702416,13689,5634856,California
Los Angeles,2021-06-06,14715,10004039,12146,5286723,1831,4334399,738,382917,3914,926356,10730,4713146,4646,5639502,California
Los Angeles,2021-06-07,36953,10040992,26387,5313110,9117,4343516,1449,384366,11742,914522,25009,4738155,13175,5652677,California
Los Angeles,2021-06-08,38385,10079377,26462,5339572,10334,4353850,1589,385955,12767,903548,25316,4763471,14342,5667019,California
Los Angeles,2021-06-09,39826,10119203,28128,5367700,10177,4364027,1521,387476,11693,888865,27869,4791340,13186,5680205,California
Los Angeles,2021-06-10,36613,10155816,25352,5393052,9654,4373681,1607,389083,11533,877143,24845,4816185,13123,5693328,California
Los Angeles,2021-06-11,41195,10197011,28217,5421269,11311,4384992,1667,390750,13467,864833,27429,4843614,15119,5708447,California
Los Angeles,2021-06-12,33413,10230424,24066,5445335,8128,4393120,1219,391969,10317,853429,22928,4866542,11524,5719971,California
Los Angeles,2021-06-13,11523,10241947,8253,5453588,2632,4395752,638,392607,2634,847870,8824,4875366,3265,5723236,California
Los Angeles,2021-06-14,32643,10274590,23474,5477062,7795,4403547,1374,393981,11421,839622,21025,4896391,12777,5736013,California
Los Angeles,2021-06-15,33891,10308481,22753,5499815,9436,4412983,1702,395683,11803,831371,21729,4918120,13478,5749491,California
Los Angeles,2021-06-16,32269,10340750,22309,5522124,8221,4421204,1739,397422,11329,823723,20710,4938830,13062,5762553,California
Los Angeles,2021-06-17,29619,10370369,19851,5541975,8038,4429242,1730,399152,10833,817746,18525,4957355,12548,5775101,California
Los Angeles,2021-06-18,35236,10405605,24240,5566215,9048,4438290,1948,401100,12466,809741,22399,4979754,14394,5789495,California
Los Angeles,2021-06-19,22278,10427883,15008,5581223,5902,4444192,1368,402468,8585,806228,13447,4993201,9934,5799429,California
Los Angeles,2021-06-20,8442,10436325,5944,5587167,2008,4446200,490,402958,3060,804466,5308,4998509,3546,5802975,California
Los Angeles,2021-06-21,19084,10455409,11730,5598897,5983,4452183,1371,404329,10248,807352,8719,5007228,11605,5814580,California
Los Angeles,2021-06-22,26172,10481581,17665,5616562,6996,4459179,1511,405840,10142,803149,15851,5023079,11648,5826228,California
Los Angeles,2021-06-23,24872,10506453,17114,5633676,6368,4465547,1390,407230,9996,799819,14700,5037779,11370,5837598,California
Los Angeles,2021-06-24,24624,10531077,16960,5650636,6066,4471613,1598,408828,9521,796005,14894,5052673,11080,5848678,California
Los Angeles,2021-06-25,29122,10560199,20294,5670930,7229,4478842,1599,410427,11873,792415,17042,5069715,13452,5862130,California
Los Angeles,2021-06-26,19921,10580120,14494,5685424,4411,4483253,1016,411443,8283,790170,11528,5081243,9283,5871413,California
Los Angeles,2021-06-27,8574,10588694,6237,5691661,1905,4485158,432,411875,3641,789365,4868,5086111,4063,5875476,California
Los Angeles,2021-06-28,19041,10607735,14803,5706464,3283,4488441,955,412830,8494,788380,10426,5096537,9441,5884917,California
Los Angeles,2021-06-29,21087,10628822,14580,5721044,5719,4494160,788,413618,9348,786912,11598,5108135,10130,5895047,California
Los Angeles,2021-06-30,16035,10644857,11564,5732608,3852,4498012,619,414237,6997,785580,8944,5117079,7612,5902659,California
Madera,2020-12-16,22,22,22,22,0,0,0,0,22,22,0,0,22,22,California
Madera,2020-12-17,12,34,12,34,0,0,0,0,12,34,0,0,12,34,California
Madera,2020-12-18,61,95,61,95,0,0,0,0,61,95,0,0,61,95,California
Madera,2020-12-19,5,100,5,100,0,0,0,0,5,100,0,0,5,100,California
Madera,2020-12-20,14,114,14,114,0,0,0,0,14,114,0,0,14,114,California
Madera,2020-12-21,59,173,59,173,0,0,0,0,59,173,0,0,59,173,California
Madera,2020-12-22,97,270,95,268,2,2,0,0,97,270,0,0,97,270,California
Madera,2020-12-23,67,337,67,335,0,2,0,0,67,337,0,0,67,337,California
Madera,2020-12-24,45,382,40,375,5,7,0,0,45,382,0,0,45,382,California
Madera,2020-12-26,27,409,26,401,1,8,0,0,27,409,0,0,27,409,California
Madera,2020-12-27,30,439,12,413,18,26,0,0,30,439,0,0,30,439,California
Madera,2020-12-28,108,547,36,449,72,98,0,0,108,547,0,0,108,547,California
Madera,2020-12-29,177,724,38,487,139,237,0,0,177,724,0,0,177,724,California
Madera,2020-12-30,226,950,90,577,136,373,0,0,226,950,0,0,226,950,California
Madera,2020-12-31,203,1153,81,658,122,495,0,0,203,1153,0,0,203,1153,California
Madera,2021-01-01,2,1155,1,659,1,496,0,0,2,1155,0,0,2,1155,California
Madera,2021-01-02,89,1244,33,692,56,552,0,0,89,1244,0,0,89,1244,California
Madera,2021-01-03,4,1248,4,696,0,552,0,0,4,1248,0,0,4,1248,California
Madera,2021-01-04,130,1378,66,762,64,616,0,0,130,1378,0,0,130,1378,California
Madera,2021-01-05,280,1658,143,905,137,753,0,0,276,1650,4,4,276,1654,California
Madera,2021-01-06,184,1842,27,932,157,910,0,0,164,1794,20,24,164,1818,California
Madera,2021-01-07,402,2244,117,1049,285,1195,0,0,379,2151,23,47,380,2198,California
Madera,2021-01-08,421,2665,72,1121,349,1544,0,0,366,2464,54,101,367,2565,California
Madera,2021-01-09,38,2703,14,1135,24,1568,0,0,29,2484,9,110,29,2594,California
Madera,2021-01-10,17,2720,14,1149,3,1571,0,0,5,2477,12,122,5,2599,California
Madera,2021-01-11,238,2958,190,1339,48,1619,0,0,197,2633,41,163,197,2796,California
Madera,2021-01-12,388,3346,157,1496,231,1850,0,0,284,2813,104,267,284,3080,California
Madera,2021-01-13,184,3530,91,1587,93,1943,0,0,128,2886,56,323,129,3209,California
Madera,2021-01-14,558,4088,84,1671,474,2417,0,0,524,3376,34,357,524,3733,California
Madera,2021-01-15,599,4687,160,1831,439,2856,0,0,577,3931,22,379,577,4310,California
Madera,2021-01-16,383,5070,49,1880,334,3190,0,0,355,4258,28,407,355,4665,California
Madera,2021-01-17,334,5404,15,1895,319,3509,0,0,330,4584,4,411,330,4995,California
Madera,2021-01-18,77,5481,61,1956,16,3525,0,0,58,4624,18,429,58,5053,California
Madera,2021-01-19,568,6049,134,2090,434,3959,0,0,541,5139,27,456,542,5595,California
Madera,2021-01-20,340,6389,183,2273,157,4116,0,0,244,5288,95,551,244,5839,California
Madera,2021-01-21,292,6681,183,2456,109,4225,0,0,227,5452,63,614,227,6066,California
Madera,2021-01-22,261,6942,84,2540,177,4402,0,0,244,5679,17,631,244,6310,California
Madera,2021-01-23,101,7043,53,2593,48,4450,0,0,77,5732,24,655,77,6387,California
Madera,2021-01-24,101,7144,82,2675,19,4469,0,0,79,5789,22,677,79,6466,California
Madera,2021-01-25,270,7414,126,2801,144,4613,0,0,145,5809,125,802,145,6611,California
Madera,2021-01-26,493,7907,190,2991,303,4916,0,0,301,5920,191,993,302,6913,California
Madera,2021-01-27,749,8656,67,3058,682,5598,0,0,611,6395,138,1131,613,7526,California
Madera,2021-01-28,551,9207,111,3169,440,6038,0,0,445,6735,106,1237,446,7972,California
Madera,2021-01-29,472,9679,94,3263,378,6416,0,0,416,7095,56,1293,416,8388,California
Madera,2021-01-30,505,10184,16,3279,489,6905,0,0,451,7492,54,1347,451,8839,California
Madera,2021-01-31,8,10192,5,3284,3,6908,0,0,7,7498,1,1348,7,8846,California
Madera,2021-02-01,332,10524,147,3431,185,7093,0,0,207,7580,125,1473,207,9053,California
Madera,2021-02-02,252,10776,89,3520,163,7256,0,0,159,7648,92,1565,160,9213,California
Madera,2021-02-03,597,11373,460,3980,137,7393,0,0,478,8010,117,1682,479,9692,California
Madera,2021-02-04,398,11771,126,4106,272,7665,0,0,116,7846,281,1963,117,9809,California
Madera,2021-02-05,980,12751,299,4405,681,8346,0,0,371,7615,603,2566,372,10181,California
Madera,2021-02-06,364,13115,326,4731,38,8384,0,0,322,7896,41,2607,322,10503,California
Madera,2021-02-07,35,13150,7,4738,28,8412,0,0,30,7921,5,2612,30,10533,California
Madera,2021-02-08,385,13535,309,5047,76,8488,0,0,270,8077,114,2726,270,10803,California
Madera,2021-02-09,485,14020,118,5165,367,8855,0,0,199,7994,283,3009,200,11003,California
Madera,2021-02-10,435,14455,151,5316,284,9139,0,0,282,8125,151,3160,282,11285,California
Madera,2021-02-11,937,15392,307,5623,630,9769,0,0,403,7996,533,3693,404,11689,California
Madera,2021-02-12,850,16242,121,5744,729,10498,0,0,314,7783,530,4223,317,12006,California
Madera,2021-02-13,484,16726,45,5789,439,10937,0,0,136,7575,347,4570,139,12145,California
Madera,2021-02-14,401,17127,75,5864,326,11263,0,0,134,7444,267,4837,136,12281,California
Madera,2021-02-15,247,17374,100,5964,147,11410,0,0,175,7549,70,4907,175,12456,California
Madera,2021-02-16,779,18153,184,6148,595,12005,0,0,227,7227,550,5457,228,12684,California
Madera,2021-02-17,619,18772,279,6427,340,12345,0,0,343,7305,267,5724,345,13029,California
Madera,2021-02-18,1309,20081,546,6973,763,13108,0,0,1123,8245,184,5908,1124,14153,California
Madera,2021-02-19,873,20954,554,7527,319,13427,0,0,724,8824,146,6054,725,14878,California
Madera,2021-02-20,1081,22035,989,8516,92,13519,0,0,1004,9754,75,6129,1005,15883,California
Madera,2021-02-21,990,23025,847,9363,143,13662,0,0,982,10729,7,6136,982,16865,California
Madera,2021-02-22,954,23979,876,10239,78,13740,0,0,895,11567,57,6193,895,17760,California
Madera,2021-02-23,757,24736,469,10708,288,14028,0,0,528,11867,228,6421,528,18288,California
Madera,2021-02-24,917,25653,302,11010,615,14643,0,0,381,11713,535,6956,381,18669,California
Madera,2021-02-25,1036,26689,319,11329,717,15360,0,0,602,11883,432,7388,602,19271,California
Madera,2021-02-26,1096,27785,199,11528,897,16257,0,0,711,12211,383,7771,711,19982,California
Madera,2021-02-27,927,28712,295,11823,632,16889,0,0,496,12282,428,8199,499,20481,California
Madera,2021-02-28,194,28906,30,11853,164,17053,0,0,188,12464,6,8205,188,20669,California
Madera,2021-03-01,381,29287,121,11974,260,17313,0,0,195,12477,183,8388,196,20865,California
Madera,2021-03-02,744,30031,348,12322,396,17709,0,0,631,12999,111,8499,633,21498,California
Madera,2021-03-03,1360,31391,729,13051,631,18340,0,0,951,13570,406,8905,977,22475,California
Madera,2021-03-04,1204,32595,525,13576,679,19019,0,0,951,14270,254,9159,954,23429,California
Madera,2021-03-05,1364,33959,422,13998,929,19948,13,13,1081,15094,281,9440,1105,24534,California
Madera,2021-03-06,817,34776,636,14634,149,20097,32,45,498,15308,317,9757,531,25065,California
Madera,2021-03-07,156,34932,27,14661,107,20204,22,67,105,15384,51,9808,127,25192,California
Madera,2021-03-08,606,35538,338,14999,208,20412,60,127,311,15462,295,10103,373,25565,California
Madera,2021-03-09,599,36137,296,15295,269,20681,34,161,409,15725,188,10291,451,26016,California
Madera,2021-03-10,1193,37330,559,15854,554,21235,80,241,755,16128,433,10724,836,26852,California
Madera,2021-03-11,1685,39015,870,16724,487,21722,328,569,769,16328,908,11632,1108,27960,California
Madera,2021-03-12,1587,40602,824,17548,608,22330,155,724,801,16531,782,12414,985,28945,California
Madera,2021-03-13,1892,42494,1330,18878,363,22693,199,923,817,16498,1067,13481,1034,29979,California
Madera,2021-03-14,584,43078,449,19327,103,22796,32,955,286,16523,293,13774,318,30297,California
Madera,2021-03-15,746,43824,229,19556,471,23267,46,1001,512,16885,230,14004,592,30889,California
Madera,2021-03-16,933,44757,529,20085,357,23624,47,1048,741,17502,188,14192,805,31694,California
Madera,2021-03-17,1465,46222,981,21066,421,24045,63,1111,906,18013,550,14742,1061,32755,California
Madera,2021-03-18,1958,48180,689,21755,1204,25249,65,1176,971,18160,978,15720,1125,33880,California
Madera,2021-03-19,1588,49768,592,22347,913,26162,83,1259,1031,18800,553,16273,1193,35073,California
Madera,2021-03-20,1181,50949,775,23122,353,26515,53,1312,588,18914,591,16864,705,35778,California
Madera,2021-03-21,1102,52051,899,24021,157,26672,46,1358,368,18601,728,17592,415,36193,California
Madera,2021-03-22,1358,53409,854,24875,440,27112,64,1422,661,18680,693,18285,772,36965,California
Madera,2021-03-23,1432,54841,877,25752,464,27576,91,1513,678,18782,751,19036,853,37818,California
Madera,2021-03-24,950,55791,509,26261,410,27986,31,1544,615,19103,330,19366,651,38469,California
Madera,2021-03-25,1167,56958,527,26788,616,28602,24,1568,644,19272,512,19878,681,39150,California
Madera,2021-03-26,1521,58479,579,27367,809,29411,133,1701,712,19316,805,20683,849,39999,California
Madera,2021-03-27,929,59408,606,27973,298,29709,25,1726,414,19246,510,21193,440,40439,California
Madera,2021-03-28,437,59845,151,28124,226,29935,60,1786,202,19368,234,21427,356,40795,California
Madera,2021-03-29,684,60529,180,28304,475,30410,29,1815,490,19701,190,21617,523,41318,California
Madera,2021-03-30,1071,61600,606,28910,436,30846,29,1844,476,19616,591,22208,506,41824,California
Madera,2021-03-31,1401,63001,542,29452,721,31567,138,1982,424,19207,971,23179,562,42386,California
Madera,2021-04-01,1394,64395,628,30080,715,32282,51,2033,482,18837,901,24080,531,42917,California
Madera,2021-04-02,1608,66003,461,30541,1088,33370,59,2092,480,18260,1117,25197,540,43457,California
Madera,2021-04-03,962,66965,764,31305,178,33548,20,2112,392,18114,568,25765,422,43879,California
Madera,2021-04-04,187,67152,65,31370,120,33668,2,2114,86,18102,101,25866,89,43968,California
Madera,2021-04-05,737,67889,254,31624,424,34092,59,2173,338,18116,397,26263,411,44379,California
Madera,2021-04-06,1702,69591,886,32510,462,34554,354,2527,526,17822,1174,27437,880,45259,California
Madera,2021-04-07,1227,70818,383,32893,694,35248,150,2677,422,17597,802,28239,577,45836,California
Madera,2021-04-08,1729,72547,671,33564,798,36046,260,2937,556,17255,1164,29403,822,46658,California
Madera,2021-04-09,1655,74202,698,34262,808,36854,149,3086,948,17653,702,30105,1100,47758,California
Madera,2021-04-10,979,75181,686,34948,225,37079,68,3154,711,18164,269,30374,780,48538,California
Madera,2021-04-11,812,75993,657,35605,76,37155,79,3233,287,18007,521,30895,364,48902,California
Madera,2021-04-12,817,76810,295,35900,447,37602,75,3308,315,17897,501,31396,391,49293,California
Madera,2021-04-13,1251,78061,618,36518,591,38193,42,3350,728,18157,519,31915,779,50072,California
Madera,2021-04-14,1401,79462,868,37386,533,38726,0,3350,576,17916,823,32738,582,50654,California
Madera,2021-04-15,1170,80632,509,37895,660,39386,1,3351,422,17604,736,33474,424,51078,California
Madera,2021-04-16,1363,81995,548,38443,815,40201,0,3351,386,17029,963,34437,388,51466,California
Madera,2021-04-17,1295,83290,1091,39534,204,40405,0,3351,775,17287,517,34954,775,52241,California
Madera,2021-04-18,260,83550,220,39754,40,40445,0,3351,89,17210,166,35120,89,52330,California
Madera,2021-04-19,820,84370,245,39999,574,41019,1,3352,286,16968,528,35648,286,52616,California
Madera,2021-04-20,908,85278,456,40455,452,41471,0,3352,237,16540,667,36315,239,52855,California
Madera,2021-04-21,896,86174,484,40939,412,41883,0,3352,303,16253,592,36907,305,53160,California
Madera,2021-04-22,1102,87276,535,41474,567,42450,0,3352,379,15914,719,37626,380,53540,California
Madera,2021-04-23,971,88247,318,41792,653,43103,0,3352,340,15628,626,38252,340,53880,California
Madera,2021-04-24,708,88955,466,42258,242,43345,0,3352,247,15419,457,38709,248,54128,California
Madera,2021-04-25,266,89221,160,42418,103,43448,3,3355,119,15399,143,38852,123,54251,California
Madera,2021-04-26,564,89785,110,42528,448,43896,6,3361,133,15110,428,39280,139,54390,California
Madera,2021-04-27,629,90414,281,42809,323,44219,25,3386,316,15142,310,39590,342,54732,California
Madera,2021-04-28,508,90922,205,43014,284,44503,19,3405,247,15148,259,39849,265,54997,California
Madera,2021-04-29,554,91476,251,43265,276,44779,27,3432,259,15147,288,40137,287,55284,California
Madera,2021-04-30,944,92420,510,43775,418,45197,16,3448,275,14775,663,40800,291,55575,California
Madera,2021-05-01,968,93388,870,44645,85,45282,13,3461,389,14599,578,41378,402,55977,California
Madera,2021-05-02,400,93788,352,44997,43,45325,5,3466,145,14494,255,41633,150,56127,California
Madera,2021-05-03,499,94287,199,45196,260,45585,40,3506,101,14240,395,42028,141,56268,California
Madera,2021-05-04,911,95198,440,45636,427,46012,44,3550,216,13805,695,42723,260,56528,California
Madera,2021-05-05,1023,96221,490,46126,473,46485,60,3610,280,13404,741,43464,340,56868,California
Madera,2021-05-06,709,96930,259,46385,418,46903,32,3642,165,13062,539,44003,197,57065,California
Madera,2021-05-07,814,97744,284,46669,509,47412,21,3663,197,12668,611,44614,217,57282,California
Madera,2021-05-08,976,98720,762,47431,203,47615,11,3674,188,12080,787,45401,199,57481,California
Madera,2021-05-09,147,98867,21,47452,115,47730,11,3685,35,12016,110,45511,46,57527,California
Madera,2021-05-10,361,99228,75,47527,274,48004,12,3697,101,11870,259,45770,113,57640,California
Madera,2021-05-11,538,99766,186,47713,343,48347,9,3706,172,11687,364,46134,181,57821,California
Madera,2021-05-12,504,100270,228,47941,240,48587,36,3742,125,11471,377,46511,161,57982,California
Madera,2021-05-13,511,100781,311,48252,168,48755,32,3774,176,11347,332,46843,208,58190,California
Madera,2021-05-14,538,101319,271,48523,243,48998,24,3798,233,11302,302,47145,257,58447,California
Madera,2021-05-15,560,101879,476,48999,76,49074,8,3806,361,11475,196,47341,369,58816,California
Madera,2021-05-16,258,102137,190,49189,36,49110,32,3838,107,11463,151,47492,139,58955,California
Madera,2021-05-17,451,102588,189,49378,234,49344,28,3866,200,11443,248,47740,228,59183,California
Madera,2021-05-18,551,103139,368,49746,159,49503,24,3890,288,11497,258,47998,312,59495,California
Madera,2021-05-19,487,103626,224,49970,241,49744,22,3912,216,11466,269,48267,238,59733,California
Madera,2021-05-20,593,104219,271,50241,285,50029,37,3949,232,11381,354,48621,269,60002,California
Madera,2021-05-21,504,104723,194,50435,283,50312,27,3976,193,11295,306,48927,220,60222,California
Madera,2021-05-22,903,105626,817,51252,74,50386,12,3988,532,11468,371,49298,544,60766,California
Madera,2021-05-23,267,105893,240,51492,17,50403,10,3998,143,11498,123,49421,153,60919,California
Madera,2021-05-24,308,106201,140,51632,127,50530,41,4039,122,11476,185,49606,163,61082,California
Madera,2021-05-25,382,106583,169,51801,181,50711,32,4071,151,11430,229,49835,183,61265,California
Madera,2021-05-26,445,107028,259,52060,164,50875,22,4093,237,11483,206,50041,259,61524,California
Madera,2021-05-27,373,107401,135,52195,200,51075,38,4131,128,11408,241,50282,166,61690,California
Madera,2021-05-28,449,107850,173,52368,248,51323,28,4159,174,11337,273,50555,202,61892,California
Madera,2021-05-29,308,108158,217,52585,73,51396,18,4177,167,11381,141,50696,185,62077,California
Madera,2021-05-30,60,108218,26,52611,30,51426,4,4181,27,11380,32,50728,31,62108,California
Madera,2021-05-31,26,108244,9,52620,13,51439,4,4185,11,11380,15,50743,15,62123,California
Madera,2021-06-01,289,108533,144,52764,122,51561,23,4208,106,11328,181,50924,129,62252,California
Madera,2021-06-02,396,108929,126,52890,247,51808,23,4231,117,11190,278,51202,140,62392,California
Madera,2021-06-03,282,109211,150,53040,117,51925,15,4246,91,11105,191,51393,106,62498,California
Madera,2021-06-04,380,109591,244,53284,125,52050,11,4257,150,11037,229,51622,161,62659,California
Madera,2021-06-05,515,110106,389,53673,113,52163,13,4270,150,10841,359,51981,163,62822,California
Madera,2021-06-06,135,110241,115,53788,13,52176,7,4277,38,10789,97,52078,45,62867,California
Madera,2021-06-07,249,110490,154,53942,74,52250,21,4298,44,10650,204,52282,65,62932,California
Madera,2021-06-08,389,110879,274,54216,94,52344,21,4319,97,10476,292,52574,118,63050,California
Madera,2021-06-09,374,111253,238,54454,109,52453,27,4346,145,10420,228,52802,172,63222,California
Madera,2021-06-10,341,111594,197,54651,128,52581,16,4362,116,10329,223,53025,132,63354,California
Madera,2021-06-11,379,111973,220,54871,127,52708,32,4394,170,10321,208,53233,200,63554,California
Madera,2021-06-12,574,112547,504,55375,54,52762,16,4410,92,9947,482,53715,108,63662,California
Madera,2021-06-13,194,112741,160,55535,29,52791,5,4415,54,9867,139,53854,59,63721,California
Madera,2021-06-14,227,112968,162,55697,42,52833,23,4438,89,9844,135,53989,112,63833,California
Madera,2021-06-15,362,113330,251,55948,78,52911,33,4471,156,9828,205,54194,189,64022,California
Madera,2021-06-16,326,113656,250,56198,62,52973,14,4485,118,9756,204,54398,132,64154,California
Madera,2021-06-17,264,113920,131,56329,124,53097,9,4494,98,9698,165,54563,107,64261,California
Madera,2021-06-18,277,114197,176,56505,77,53174,24,4518,118,9681,158,54721,141,64402,California
Madera,2021-06-19,246,114443,199,56704,39,53213,8,4526,80,9603,166,54887,88,64490,California
Madera,2021-06-20,55,114498,45,56749,3,53216,7,4533,27,9609,28,54915,34,64524,California
Madera,2021-06-21,166,114664,81,56830,60,53276,25,4558,74,9617,91,55006,99,64623,California
Madera,2021-06-22,236,114900,160,56990,58,53334,18,4576,116,9633,118,55124,134,64757,California
Madera,2021-06-23,264,115164,189,57179,65,53399,10,4586,140,9659,124,55248,150,64907,California
Madera,2021-06-24,206,115370,100,57279,84,53483,22,4608,77,9630,128,55376,99,65006,California
Madera,2021-06-25,261,115631,169,57448,68,53551,24,4632,100,9596,158,55534,124,65130,California
Madera,2021-06-26,182,115813,136,57584,34,53585,12,4644,76,9578,106,55640,88,65218,California
Madera,2021-06-27,110,115923,85,57669,21,53606,4,4648,57,9586,53,55693,61,65279,California
Madera,2021-06-28,154,116077,94,57763,41,53647,19,4667,82,9616,71,55764,101,65380,California
Madera,2021-06-29,211,116288,153,57916,42,53689,16,4683,101,9625,108,55872,117,65497,California
Madera,2021-06-30,153,116441,95,58011,52,53741,6,4689,89,9657,63,55935,95,65592,California
Marin,2020-12-15,2,2,2,2,0,0,0,0,2,2,0,0,2,2,California
Marin,2020-12-16,109,111,109,111,0,0,0,0,109,111,0,0,109,111,California
Marin,2020-12-17,274,385,274,385,0,0,0,0,274,385,0,0,274,385,California
Marin,2020-12-18,389,774,389,774,0,0,0,0,389,774,0,0,389,774,California
Marin,2020-12-19,348,1122,347,1121,1,1,0,0,348,1122,0,0,348,1122,California
Marin,2020-12-20,166,1288,165,1286,1,2,0,0,166,1288,0,0,166,1288,California
Marin,2020-12-21,238,1526,235,1521,3,5,0,0,238,1526,0,0,238,1526,California
Marin,2020-12-22,522,2048,318,1839,204,209,0,0,522,2048,0,0,522,2048,California
Marin,2020-12-23,730,2778,316,2155,414,623,0,0,730,2778,0,0,730,2778,California
Marin,2020-12-24,358,3136,158,2313,200,823,0,0,358,3136,0,0,358,3136,California
Marin,2020-12-25,26,3162,0,2313,26,849,0,0,26,3162,0,0,26,3162,California
Marin,2020-12-26,144,3306,95,2408,49,898,0,0,144,3306,0,0,144,3306,California
Marin,2020-12-27,91,3397,54,2462,37,935,0,0,91,3397,0,0,91,3397,California
Marin,2020-12-28,407,3804,99,2561,308,1243,0,0,407,3804,0,0,407,3804,California
Marin,2020-12-29,398,4202,88,2649,310,1553,0,0,398,4202,0,0,398,4202,California
Marin,2020-12-30,630,4832,390,3039,240,1793,0,0,630,4832,0,0,630,4832,California
Marin,2020-12-31,201,5033,35,3074,166,1959,0,0,200,5031,1,1,200,5032,California
Marin,2021-01-01,32,5065,15,3089,17,1976,0,0,32,5063,0,1,32,5064,California
Marin,2021-01-02,115,5180,109,3198,6,1982,0,0,115,5178,0,1,115,5179,California
Marin,2021-01-03,49,5229,31,3229,18,2000,0,0,45,5223,0,1,45,5224,California
Marin,2021-01-04,299,5528,194,3423,105,2105,0,0,298,5520,1,2,298,5522,California
Marin,2021-01-05,371,5899,224,3647,147,2252,0,0,328,5805,43,45,328,5850,California
Marin,2021-01-06,819,6718,319,3966,500,2752,0,0,638,6262,181,226,638,6488,California
Marin,2021-01-07,888,7606,502,4468,386,3138,0,0,528,6431,360,586,529,7017,California
Marin,2021-01-08,973,8579,516,4984,457,3595,0,0,583,6625,389,975,583,7600,California
Marin,2021-01-09,618,9197,223,5207,395,3990,0,0,488,6983,130,1105,488,8088,California
Marin,2021-01-10,130,9327,101,5308,29,4019,0,0,57,6967,73,1178,57,8145,California
Marin,2021-01-11,472,9799,329,5637,143,4162,0,0,250,6997,222,1400,252,8397,California
Marin,2021-01-12,937,10736,545,6182,392,4554,0,0,566,7196,367,1767,566,8963,California
Marin,2021-01-13,1170,11906,494,6676,676,5230,0,0,937,7900,233,2000,937,9900,California
Marin,2021-01-14,1074,12980,321,6997,753,5983,0,0,922,8672,150,2150,922,10822,California
Marin,2021-01-15,1167,14147,356,7353,811,6794,0,0,1035,9578,131,2281,1037,11859,California
Marin,2021-01-16,1125,15272,916,8269,209,7003,0,0,1049,10551,76,2357,1049,12908,California
Marin,2021-01-17,1228,16500,1109,9378,119,7122,0,0,1199,11725,28,2385,1202,14110,California
Marin,2021-01-18,367,16867,161,9539,206,7328,0,0,317,11992,50,2435,317,14427,California
Marin,2021-01-19,1152,18019,910,10449,242,7570,0,0,981,12803,170,2605,981,15408,California
Marin,2021-01-20,1805,19824,1218,11667,587,8157,0,0,1068,13147,725,3330,1069,16477,California
Marin,2021-01-21,1700,21524,1068,12735,632,8789,0,0,1341,14134,356,3686,1343,17820,California
Marin,2021-01-22,1718,23242,1097,13832,621,9410,0,0,1543,15503,175,3861,1544,19364,California
Marin,2021-01-23,1859,25101,1352,15184,507,9917,0,0,1769,17183,89,3950,1769,21133,California
Marin,2021-01-24,618,25719,165,15349,453,10370,0,0,584,17733,34,3984,584,21717,California
Marin,2021-01-25,1133,26852,234,15583,899,11269,0,0,694,17989,439,4423,695,22412,California
Marin,2021-01-26,1521,28373,783,16366,738,12007,0,0,1139,18747,381,4804,1139,23551,California
Marin,2021-01-27,1731,30104,892,17258,839,12846,0,0,1359,19737,370,5174,1360,24911,California
Marin,2021-01-28,2091,32195,1076,18334,1015,13861,0,0,1825,21298,265,5439,1826,26737,California
Marin,2021-01-29,2216,34411,1441,19775,775,14636,0,0,2017,23130,186,5625,2018,28755,California
Marin,2021-01-30,1719,36130,906,20681,813,15449,0,0,1640,24691,79,5704,1640,30395,California
Marin,2021-01-31,457,36587,320,21001,137,15586,0,0,430,25094,27,5731,430,30825,California
Marin,2021-02-01,1102,37689,418,21419,684,16270,0,0,899,25792,202,5933,900,31725,California
Marin,2021-02-02,1430,39119,500,21919,930,17200,0,0,762,25899,655,6588,762,32487,California
Marin,2021-02-03,1786,40905,427,22346,1359,18559,0,0,1276,26666,509,7097,1276,33763,California
Marin,2021-02-04,1534,42439,503,22849,1031,19590,0,0,929,26994,601,7698,929,34692,California
Marin,2021-02-05,2178,44617,676,23525,1502,21092,0,0,1338,27496,836,8534,1338,36030,California
Marin,2021-02-06,1427,46044,848,24373,579,21671,0,0,601,27274,823,9357,601,36631,California
Marin,2021-02-07,1293,47337,1010,25383,283,21954,0,0,495,26972,797,10154,495,37126,California
Marin,2021-02-08,1532,48869,758,26141,774,22728,0,0,731,26905,798,10952,731,37857,California
Marin,2021-02-09,1789,50658,1128,27269,661,23389,0,0,843,26802,946,11898,843,38700,California
Marin,2021-02-10,2358,53016,1504,28773,854,24243,0,0,1224,26895,1132,13030,1225,39925,California
Marin,2021-02-11,2882,55898,1653,30426,1229,25472,0,0,1454,26929,1423,14453,1457,41382,California
Marin,2021-02-12,3091,58989,1551,31977,1540,27012,0,0,1570,26982,1518,15971,1571,42953,California
Marin,2021-02-13,2347,61336,1250,33227,1097,28109,0,0,1126,26889,1219,17190,1126,44079,California
Marin,2021-02-14,824,62160,309,33536,515,28624,0,0,728,27522,96,17286,729,44808,California
Marin,2021-02-15,1231,63391,359,33895,872,29496,0,0,845,27983,385,17671,846,45654,California
Marin,2021-02-16,2485,65876,1063,34958,1422,30918,0,0,1514,28527,970,18641,1514,47168,California
Marin,2021-02-17,2119,67995,949,35907,1170,32088,0,0,1100,28612,1016,19657,1101,48269,California
Marin,2021-02-18,2452,70447,1605,37512,847,32935,0,0,1068,28310,1370,21027,1068,49337,California
Marin,2021-02-19,2810,73257,2194,39706,616,33551,0,0,1245,28008,1548,22575,1246,50583,California
Marin,2021-02-20,2656,75913,2178,41884,478,34029,0,0,1251,27868,1393,23968,1253,51836,California
Marin,2021-02-21,1348,77261,1146,43030,202,34231,0,0,952,28430,390,24358,952,52788,California
Marin,2021-02-22,1891,79152,1450,44480,441,34672,0,0,1248,29039,639,24997,1248,54036,California
Marin,2021-02-23,2938,82090,1696,46176,1242,35914,0,0,1969,30054,955,25952,1970,56006,California
Marin,2021-02-24,3545,85635,1634,47810,1911,37825,0,0,2266,31052,1269,27221,2267,58273,California
Marin,2021-02-25,4096,89731,1935,49745,2161,39986,0,0,2894,32755,1193,28414,2896,61169,California
Marin,2021-02-26,3682,93413,2006,51751,1676,41662,0,0,2652,34390,1018,29432,2653,63822,California
Marin,2021-02-27,2744,96157,1616,53367,1128,42790,0,0,1897,35447,842,30274,1899,65721,California
Marin,2021-02-28,1649,97806,927,54294,722,43512,0,0,1297,36396,348,30622,1297,67018,California
Marin,2021-03-01,2697,100503,1674,55968,1022,44534,1,1,1820,37349,868,31490,1821,68839,California
Marin,2021-03-02,2526,103029,1688,57656,837,45371,1,2,1727,38283,795,32285,1729,70568,California
Marin,2021-03-03,4352,107381,2426,60082,1922,47293,4,6,2818,39577,1528,33813,2822,73390,California
Marin,2021-03-04,3408,110789,1673,61755,1734,49027,1,7,2383,40947,1018,34831,2388,75778,California
Marin,2021-03-05,3085,113874,1179,62934,1893,50920,13,20,1805,41490,1275,36106,1818,77596,California
Marin,2021-03-06,3238,117112,2320,65254,840,51760,78,98,2661,43657,571,36677,2738,80334,California
Marin,2021-03-07,1398,118510,1175,66429,199,51959,24,122,1000,44288,393,37070,1024,81358,California
Marin,2021-03-08,1902,120412,1391,67820,394,52353,117,239,1427,45361,471,37541,1544,82902,California
Marin,2021-03-09,2237,122649,1343,69163,784,53137,110,349,1551,46337,683,38224,1659,84561,California
Marin,2021-03-10,4472,127121,2508,71671,1670,54807,294,643,3218,48600,1248,39472,3511,88072,California
Marin,2021-03-11,4595,131716,1889,73560,2569,57376,137,780,3293,50736,1294,40766,3430,91502,California
Marin,2021-03-12,4004,135720,1550,75110,2100,59476,354,1134,1563,50228,2424,43190,1916,93418,California
Marin,2021-03-13,4113,139833,2866,77976,1173,60649,74,1208,2392,50974,1714,44904,2460,95878,California
Marin,2021-03-14,2284,142117,1106,79082,1060,61709,118,1326,699,50206,1582,46486,814,96692,California
Marin,2021-03-15,3264,145381,1785,80867,1432,63141,47,1373,1203,49412,2044,48530,1250,97942,California
Marin,2021-03-16,4301,149682,2319,83186,1619,64760,363,1736,1457,48391,2839,51369,1818,99760,California
Marin,2021-03-17,4226,153908,2292,85478,1881,66641,53,1789,2063,48357,2149,53518,2115,101875,California
Marin,2021-03-18,4508,158416,2282,87760,2151,68792,75,1864,2140,48221,2348,55866,2212,104087,California
Marin,2021-03-19,4495,162911,2312,90072,1963,70755,220,2084,2330,48614,2154,58020,2547,106634,California
Marin,2021-03-20,3600,166511,2001,92073,1486,72241,113,2197,1931,49000,1659,59679,2045,108679,California
Marin,2021-03-21,1555,168066,1154,93227,378,72619,23,2220,814,49099,738,60417,837,109516,California
Marin,2021-03-22,2511,170577,2167,95394,176,72795,168,2388,918,48599,1586,62003,1086,110602,California
Marin,2021-03-23,4320,174897,2268,97662,1923,74718,129,2517,1930,48277,2381,64384,2059,112661,California
Marin,2021-03-24,4476,179373,2909,100571,1453,76171,114,2631,1826,47578,2637,67021,1938,114599,California
Marin,2021-03-25,4667,184040,2844,103415,1751,77922,72,2703,2251,47498,2401,69422,2321,116920,California
Marin,2021-03-26,4316,188356,2351,105766,1751,79673,214,2917,2396,48203,1905,71327,2610,119530,California
Marin,2021-03-27,3712,192068,2663,108429,1030,80703,19,2936,1144,46808,2557,73884,1162,120692,California
Marin,2021-03-28,2388,194456,1721,110150,661,81364,6,2942,841,46115,1540,75424,847,121539,California
Marin,2021-03-29,2696,197152,2102,112252,569,81933,25,2967,1138,45722,1556,76980,1163,122702,California
Marin,2021-03-30,4672,201824,3654,115906,984,82917,34,3001,2955,46997,1714,78694,2989,125691,California
Marin,2021-03-31,5850,207674,4141,120047,1659,84576,50,3051,2554,46317,3284,81978,2604,128295,California
Marin,2021-04-01,4468,212142,2290,122337,1917,86493,261,3312,2115,46352,2340,84318,2375,130670,California
Marin,2021-04-02,3752,215894,1861,124198,1519,88012,372,3684,2012,46995,1732,86050,2375,133045,California
Marin,2021-04-03,3868,219762,2521,126719,967,88979,380,4064,1461,46442,2395,88445,1842,134887,California
Marin,2021-04-04,1651,221413,1241,127960,208,89187,202,4266,1201,47396,448,88893,1402,136289,California
Marin,2021-04-05,2223,223636,1542,129502,307,89494,374,4640,1275,48100,943,89836,1647,137936,California
Marin,2021-04-06,4002,227638,2125,131627,1321,90815,556,5196,2218,49096,1776,91612,2772,140708,California
Marin,2021-04-07,3999,231637,2017,133644,1335,92150,647,5843,1463,48680,2526,94138,2110,142818,California
Marin,2021-04-08,5070,236707,1979,135623,2478,94628,613,6456,2310,48846,2747,96885,2913,145731,California
Marin,2021-04-09,4006,240713,1568,137191,1708,96336,730,7186,1326,48223,2675,99560,2052,147783,California
Marin,2021-04-10,3227,243940,1487,138678,1306,97642,434,7620,1450,48339,1763,101323,1879,149662,California
Marin,2021-04-11,1068,245008,813,139491,93,97735,162,7782,478,48390,588,101911,639,150301,California
Marin,2021-04-12,1758,246766,1248,140739,348,98083,162,7944,921,48641,833,102744,1084,151385,California
Marin,2021-04-13,3800,250566,2333,143072,1460,99543,7,7951,1379,47619,2408,105152,1386,152771,California
Marin,2021-04-14,4273,254839,2558,145630,1712,101255,3,7954,1749,46870,2499,107651,1750,154521,California
Marin,2021-04-15,5646,260485,3984,149614,1662,102917,0,7954,3229,47700,2400,110051,3230,157751,California
Marin,2021-04-16,4305,264790,2259,151873,2043,104960,3,7957,2093,47601,2196,112247,2097,159848,California
Marin,2021-04-17,3578,268368,2175,154048,1403,106363,0,7957,1787,47605,1784,114031,1788,161636,California
Marin,2021-04-18,3242,271610,3141,157189,101,106464,0,7957,2556,49478,683,114714,2556,164192,California
Marin,2021-04-19,2067,273677,1888,159077,178,106642,1,7958,1155,49730,905,115619,1157,165349,California
Marin,2021-04-20,3799,277476,2638,161715,1161,107803,0,7958,1481,48904,2308,117927,1482,166831,California
Marin,2021-04-21,4152,281628,3061,164776,1088,108891,3,7961,1402,47576,2731,120658,1403,168234,California
Marin,2021-04-22,4297,285925,3275,168051,1022,109913,0,7961,1502,46299,2783,123441,1506,169740,California
Marin,2021-04-23,3293,289218,1859,169910,1434,111347,0,7961,1254,45527,2027,125468,1255,170995,California
Marin,2021-04-24,2525,291743,1686,171596,838,112185,1,7962,922,44861,1590,127058,924,171919,California
Marin,2021-04-25,1384,293127,1263,172859,121,112306,0,7962,303,44091,1073,128131,303,172222,California
Marin,2021-04-26,1668,294795,1431,174290,234,112540,3,7965,409,43248,1256,129387,413,172635,California
Marin,2021-04-27,3083,297878,2223,176513,809,113349,51,8016,1006,42233,2068,131455,1053,173688,California
Marin,2021-04-28,2353,300231,1625,178138,677,114026,51,8067,740,41414,1609,133064,790,174478,California
Marin,2021-04-29,2947,303178,2022,180160,862,114888,63,8130,822,40186,2114,135178,886,175364,California
Marin,2021-04-30,1989,305167,1290,181450,612,115500,87,8217,703,39699,1277,136455,790,176154,California
Marin,2021-05-01,1841,307008,1027,182477,791,116291,23,8240,545,38979,1287,137742,567,176721,California
Marin,2021-05-02,730,307738,590,183067,111,116402,29,8269,201,38685,523,138265,229,176950,California
Marin,2021-05-03,1224,308962,997,184064,171,116573,56,8325,263,38047,956,139221,318,177268,California
Marin,2021-05-04,2963,311925,1994,186058,877,117450,92,8417,480,36145,2474,141695,572,177840,California
Marin,2021-05-05,2795,314720,2033,188091,636,118086,126,8543,453,34388,2335,144030,578,178418,California
Marin,2021-05-06,3278,317998,2539,190630,650,118736,89,8632,427,32062,2839,146869,513,178931,California
Marin,2021-05-07,2058,320056,1552,192182,420,119156,86,8718,385,30864,1666,148535,468,179399,California
Marin,2021-05-08,2505,322561,1899,194081,484,119640,122,8840,348,29186,2149,150684,471,179870,California
Marin,2021-05-09,990,323551,899,194980,72,119712,19,8859,112,28443,875,151559,132,180002,California
Marin,2021-05-10,1419,324970,1158,196138,191,119903,70,8929,204,27506,1210,152769,273,180275,California
Marin,2021-05-11,2346,327316,1868,198006,421,120324,57,8986,305,25829,2038,154807,361,180636,California
Marin,2021-05-12,1861,329177,1464,199470,329,120653,68,9054,298,24636,1557,156364,364,181000,California
Marin,2021-05-13,2682,331859,2295,201765,333,120986,54,9108,1416,24847,1258,157622,1469,182469,California
Marin,2021-05-14,2207,334066,1450,203215,657,121643,100,9208,883,24512,1317,158939,982,183451,California
Marin,2021-05-15,2761,336827,2280,205495,401,122044,80,9288,1675,25182,1085,160024,1755,185206,California
Marin,2021-05-16,1725,338552,1664,207159,53,122097,8,9296,1397,26261,326,160350,1405,186611,California
Marin,2021-05-17,2144,340696,1992,209151,109,122206,43,9339,1704,27575,433,160783,1747,188358,California
Marin,2021-05-18,1536,342232,1189,210340,292,122498,55,9394,791,27681,738,161521,844,189202,California
Marin,2021-05-19,1571,343803,1242,211582,257,122755,72,9466,770,27726,795,162316,840,190042,California
Marin,2021-05-20,1835,345638,1496,213078,253,123008,86,9552,750,27486,1077,163393,837,190879,California
Marin,2021-05-21,1470,347108,843,213921,578,123586,49,9601,437,26946,1026,164419,486,191365,California
Marin,2021-05-22,1433,348541,1084,215005,291,123877,58,9659,963,27502,465,164884,1021,192386,California
Marin,2021-05-23,479,349020,425,215430,42,123919,12,9671,220,27478,257,165141,233,192619,California
Marin,2021-05-24,671,349691,497,215927,134,124053,40,9711,351,27551,317,165458,390,193009,California
Marin,2021-05-25,1004,350695,626,216553,332,124385,46,9757,316,27230,680,166138,359,193368,California
Marin,2021-05-26,727,351422,491,217044,186,124571,50,9807,260,27078,462,166600,310,193678,California
Marin,2021-05-27,1033,352455,663,217707,291,124862,79,9886,341,26809,689,167289,420,194098,California
Marin,2021-05-28,1110,353565,722,218429,308,125170,80,9966,328,26438,778,168067,407,194505,California
Marin,2021-05-29,376,353941,219,218648,147,125317,10,9976,207,26486,169,168236,217,194722,California
Marin,2021-05-30,97,354038,57,218705,35,125352,5,9981,55,26505,41,168277,60,194782,California
Marin,2021-05-31,27,354065,13,218718,13,125365,1,9982,14,26507,13,168290,15,194797,California
Marin,2021-06-01,756,354821,549,219267,162,125527,45,10027,319,26436,434,168724,363,195160,California
Marin,2021-06-02,627,355448,476,219743,99,125626,52,10079,216,26295,407,169131,266,195426,California
Marin,2021-06-03,1501,356949,1328,221071,114,125740,59,10138,230,25316,1268,170399,289,195715,California
Marin,2021-06-04,1035,357984,860,221931,141,125881,34,10172,186,24691,843,171242,218,195933,California
Marin,2021-06-05,1929,359913,1711,223642,170,126051,48,10220,318,23454,1603,172845,366,196299,California
Marin,2021-06-06,1408,361321,1359,225001,15,126066,34,10254,152,22385,1255,174100,186,196485,California
Marin,2021-06-07,1942,363263,1825,226826,67,126133,50,10304,240,20979,1696,175796,290,196775,California
Marin,2021-06-08,979,364242,870,227696,68,126201,41,10345,232,20512,740,176536,273,197048,California
Marin,2021-06-09,742,364984,666,228362,66,126267,10,10355,136,20053,605,177141,146,197194,California
Marin,2021-06-10,884,365868,773,229135,60,126327,51,10406,180,19584,700,177841,231,197425,California
Marin,2021-06-11,690,366558,577,229712,81,126408,32,10438,144,19215,545,178386,176,197601,California
Marin,2021-06-12,921,367479,791,230503,89,126497,41,10479,151,18640,767,179153,192,197793,California
Marin,2021-06-13,416,367895,385,230888,20,126517,11,10490,67,18373,345,179498,78,197871,California
Marin,2021-06-14,869,368764,741,231629,80,126597,48,10538,210,17974,655,180153,256,198127,California
Marin,2021-06-15,539,369303,429,232058,84,126681,26,10564,170,17802,368,180521,196,198323,California
Marin,2021-06-16,493,369796,402,232460,45,126726,46,10610,161,17683,325,180846,206,198529,California
Marin,2021-06-17,558,370354,479,232939,47,126773,32,10642,193,17544,363,181209,224,198753,California
Marin,2021-06-18,493,370847,380,233319,76,126849,37,10679,172,17438,314,181523,208,198961,California
Marin,2021-06-19,364,371211,293,233612,37,126886,34,10713,145,17397,218,181741,177,199138,California
Marin,2021-06-20,113,371324,88,233700,14,126900,11,10724,47,17389,66,181807,58,199196,California
Marin,2021-06-21,349,371673,248,233948,46,126946,55,10779,139,17374,209,182016,194,199390,California
Marin,2021-06-22,450,372123,350,234298,69,127015,31,10810,139,17236,308,182324,170,199560,California
Marin,2021-06-23,356,372479,294,234592,29,127044,33,10843,120,17152,236,182560,152,199712,California
Marin,2021-06-24,396,372875,304,234896,42,127086,50,10893,132,17072,260,182820,180,199892,California
Marin,2021-06-25,375,373250,274,235170,59,127145,42,10935,171,17083,202,183022,213,200105,California
Marin,2021-06-26,321,373571,270,235440,20,127165,31,10966,116,17025,205,183227,147,200252,California
Marin,2021-06-27,209,373780,161,235601,22,127187,26,10992,69,16981,138,183365,94,200346,California
Marin,2021-06-28,395,374175,336,235937,31,127218,28,11020,134,16884,259,183624,162,200508,California
Marin,2021-06-29,348,374523,281,236218,40,127258,27,11047,135,16836,210,183834,162,200670,California
Marin,2021-06-30,196,374719,179,236397,13,127271,4,11051,88,16820,108,183942,92,200762,California
Mariposa,2020-12-17,38,38,38,38,0,0,0,0,40,40,0,0,40,40,California
Mariposa,2020-12-18,55,93,55,93,0,0,0,0,56,96,0,0,56,96,California
Mariposa,2020-12-20,2,95,2,95,0,0,0,0,2,98,0,0,2,98,California
Mariposa,2020-12-21,49,144,49,144,0,0,0,0,53,151,0,0,53,151,California
Mariposa,2020-12-22,5,149,5,149,0,0,0,0,5,156,0,0,5,156,California
Mariposa,2020-12-23,16,165,16,165,0,0,0,0,16,172,0,0,16,172,California
Mariposa,2020-12-24,1,166,0,165,1,1,0,0,0,172,1,1,1,173,California
Mariposa,2020-12-26,1,167,1,166,0,1,0,0,1,173,0,1,1,174,California
Mariposa,2020-12-27,1,168,0,166,1,2,0,0,1,174,0,1,1,175,California
Mariposa,2020-12-28,6,174,3,169,3,5,0,0,6,180,0,1,6,181,California
Mariposa,2020-12-29,33,207,3,172,30,35,0,0,33,213,0,1,33,214,California
Mariposa,2020-12-30,26,233,4,176,22,57,0,0,26,239,0,1,26,240,California
Mariposa,2020-12-31,17,250,0,176,17,74,0,0,17,256,0,1,17,257,California
Mariposa,2021-01-02,1,251,1,177,0,74,0,0,1,257,0,1,1,258,California
Mariposa,2021-01-04,9,260,2,179,7,81,0,0,9,266,0,1,9,267,California
Mariposa,2021-01-05,24,284,14,193,10,91,0,0,14,270,10,11,14,281,California
Mariposa,2021-01-06,6,290,3,196,3,94,0,0,3,270,3,14,3,284,California
Mariposa,2021-01-07,50,340,45,241,5,99,0,0,5,230,45,59,5,289,California
Mariposa,2021-01-08,110,450,80,321,30,129,0,0,34,188,76,135,34,323,California
Mariposa,2021-01-09,1,451,0,321,1,130,0,0,1,189,0,135,1,324,California
Mariposa,2021-01-11,31,482,10,331,21,151,0,0,23,204,8,143,23,347,California
Mariposa,2021-01-12,19,501,4,335,15,166,0,0,15,215,4,147,15,362,California
Mariposa,2021-01-13,21,522,4,339,17,183,0,0,18,230,3,150,18,380,California
Mariposa,2021-01-14,74,596,7,346,67,250,0,0,68,292,6,156,68,448,California
Mariposa,2021-01-15,68,664,27,373,41,291,0,0,58,340,10,166,58,506,California
Mariposa,2021-01-16,14,678,2,375,12,303,0,0,13,352,1,167,13,519,California
Mariposa,2021-01-17,3,681,1,376,2,305,0,0,2,353,1,168,2,521,California
Mariposa,2021-01-18,4,685,3,379,1,306,0,0,2,353,2,170,2,523,California
Mariposa,2021-01-19,8,693,4,383,4,310,0,0,5,356,2,172,5,528,California
Mariposa,2021-01-20,24,717,1,384,23,333,0,0,23,378,1,173,23,551,California
Mariposa,2021-01-21,66,783,8,392,58,391,0,0,62,436,4,177,62,613,California
Mariposa,2021-01-22,56,839,3,395,53,444,0,0,56,492,0,177,56,669,California
Mariposa,2021-01-23,116,955,2,397,114,558,0,0,114,604,2,179,114,783,California
Mariposa,2021-01-24,2,957,2,399,0,558,0,0,2,606,0,179,2,785,California
Mariposa,2021-01-25,4,961,1,400,3,561,0,0,0,602,4,183,0,785,California
Mariposa,2021-01-26,37,998,3,403,34,595,0,0,4,577,33,216,8,793,California
Mariposa,2021-01-27,26,1024,2,405,24,619,0,0,13,578,12,228,13,806,California
Mariposa,2021-01-28,127,1151,3,408,124,743,0,0,114,680,12,240,114,920,California
Mariposa,2021-01-29,94,1245,23,431,71,814,0,0,93,772,1,241,93,1013,California
Mariposa,2021-01-30,9,1254,1,432,8,822,0,0,8,779,1,242,8,1021,California
Mariposa,2021-01-31,1,1255,0,432,1,823,0,0,1,780,0,242,1,1022,California
Mariposa,2021-02-01,93,1348,32,464,61,884,0,0,72,831,21,263,72,1094,California
Mariposa,2021-02-02,15,1363,3,467,12,896,0,0,9,834,6,269,9,1103,California
Mariposa,2021-02-03,20,1383,1,468,19,915,0,0,13,841,6,275,13,1116,California
Mariposa,2021-02-04,98,1481,8,476,90,1005,0,0,93,931,4,279,94,1210,California
Mariposa,2021-02-05,193,1674,5,481,188,1193,0,0,166,1070,27,306,166,1376,California
Mariposa,2021-02-06,11,1685,4,485,7,1200,0,0,10,1079,1,307,10,1386,California
Mariposa,2021-02-07,1,1686,0,485,1,1201,0,0,1,1080,0,307,1,1387,California
Mariposa,2021-02-08,42,1728,2,487,40,1241,0,0,23,1084,19,326,23,1410,California
Mariposa,2021-02-09,45,1773,25,512,20,1261,0,0,39,1117,6,332,39,1449,California
Mariposa,2021-02-10,28,1801,5,517,23,1284,0,0,17,1130,10,342,23,1472,California
Mariposa,2021-02-11,378,2179,6,523,372,1656,0,0,362,1479,16,358,365,1837,California
Mariposa,2021-02-12,188,2367,8,531,180,1836,0,0,144,1579,44,402,144,1981,California
Mariposa,2021-02-13,12,2379,3,534,9,1845,0,0,10,1587,2,404,10,1991,California
Mariposa,2021-02-14,8,2387,4,538,4,1849,0,0,5,1589,3,407,5,1996,California
Mariposa,2021-02-15,9,2396,3,541,6,1855,0,0,7,1594,2,409,7,2003,California
Mariposa,2021-02-16,60,2456,36,577,24,1879,0,0,36,1607,24,433,37,2040,California
Mariposa,2021-02-17,37,2493,9,586,28,1907,0,0,27,1626,9,442,28,2068,California
Mariposa,2021-02-18,57,2550,7,593,50,1957,0,0,20,1609,37,479,20,2088,California
Mariposa,2021-02-19,83,2633,4,597,79,2036,0,0,75,1676,8,487,75,2163,California
Mariposa,2021-02-20,256,2889,4,601,252,2288,0,0,224,1870,30,517,224,2387,California
Mariposa,2021-02-21,238,3127,4,605,234,2522,0,0,236,2105,1,518,236,2623,California
Mariposa,2021-02-22,24,3151,9,614,15,2537,0,0,21,2123,3,521,21,2644,California
Mariposa,2021-02-23,43,3194,37,651,6,2543,0,0,25,2130,18,539,25,2669,California
Mariposa,2021-02-24,21,3215,3,654,18,2561,0,0,8,2126,12,551,8,2677,California
Mariposa,2021-02-25,18,3233,9,663,9,2570,0,0,12,2132,6,557,12,2689,California
Mariposa,2021-02-26,421,3654,7,670,414,2984,0,0,354,2420,67,624,355,3044,California
Mariposa,2021-02-27,173,3827,7,677,166,3150,0,0,162,2571,11,635,162,3206,California
Mariposa,2021-02-28,2,3829,1,678,1,3151,0,0,0,2569,2,637,0,3206,California
Mariposa,2021-03-01,87,3916,26,704,61,3212,0,0,18,2519,68,705,18,3224,California
Mariposa,2021-03-02,21,3937,14,718,7,3219,0,0,11,2521,9,714,11,3235,California
Mariposa,2021-03-03,72,4009,6,724,66,3285,0,0,66,2582,6,720,67,3302,California
Mariposa,2021-03-04,42,4051,10,734,32,3317,0,0,20,2581,22,742,21,3323,California
Mariposa,2021-03-05,62,4113,10,744,52,3369,0,0,40,2606,22,764,47,3370,California
Mariposa,2021-03-06,17,4130,7,751,10,3379,0,0,7,2604,10,774,8,3378,California
Mariposa,2021-03-07,1,4131,1,752,0,3379,0,0,0,2603,1,775,0,3378,California
Mariposa,2021-03-08,39,4170,4,756,24,3403,11,11,9,2593,30,805,20,3398,California
Mariposa,2021-03-09,46,4216,18,774,18,3421,10,21,14,2585,32,837,24,3422,California
Mariposa,2021-03-10,34,4250,12,786,12,3433,10,31,10,2582,23,860,20,3442,California
Mariposa,2021-03-11,472,4722,6,792,446,3879,20,51,223,2580,248,1108,246,3688,California
Mariposa,2021-03-12,255,4977,8,800,219,4098,28,79,108,2568,147,1255,135,3823,California
Mariposa,2021-03-13,35,5012,6,806,14,4112,15,94,12,2571,23,1278,26,3849,California
Mariposa,2021-03-14,18,5030,2,808,5,4117,11,105,3,2571,14,1292,14,3863,California
Mariposa,2021-03-15,77,5107,8,816,31,4148,38,143,31,2594,46,1338,69,3932,California
Mariposa,2021-03-16,82,5189,34,850,14,4162,34,177,24,2594,58,1396,58,3990,California
Mariposa,2021-03-17,73,5262,11,861,54,4216,8,185,52,2634,21,1417,61,4051,California
Mariposa,2021-03-18,67,5329,17,878,41,4257,9,194,43,2662,24,1441,52,4103,California
Mariposa,2021-03-19,340,5669,11,889,324,4581,5,199,303,2933,37,1478,308,4411,California
Mariposa,2021-03-20,427,6096,7,896,418,4999,2,201,45,2600,382,1860,49,4460,California
Mariposa,2021-03-21,15,6111,9,905,5,5004,1,202,10,2607,4,1864,11,4471,California
Mariposa,2021-03-22,38,6149,8,913,22,5026,8,210,25,2629,13,1877,35,4506,California
Mariposa,2021-03-23,55,6204,35,948,10,5036,10,220,34,2652,21,1898,44,4550,California
Mariposa,2021-03-24,57,6261,6,954,49,5085,2,222,52,2701,5,1903,54,4604,California
Mariposa,2021-03-25,77,6338,16,970,53,5138,8,230,54,2742,21,1924,62,4666,California
Mariposa,2021-03-26,490,6828,10,980,479,5617,1,231,252,2757,238,2162,253,4919,California
Mariposa,2021-03-27,225,7053,9,989,216,5833,0,231,89,2712,136,2298,91,5010,California
Mariposa,2021-03-28,5,7058,0,989,2,5835,3,234,1,2712,4,2302,4,5014,California
Mariposa,2021-03-29,20,7078,6,995,14,5849,0,234,12,2716,8,2310,12,5026,California
Mariposa,2021-03-30,37,7115,13,1008,8,5857,16,250,14,2723,23,2333,30,5056,California
Mariposa,2021-03-31,89,7204,16,1024,66,5923,7,257,68,2777,21,2354,75,5131,California
Mariposa,2021-04-01,55,7259,11,1035,35,5958,9,266,35,2801,20,2374,44,5175,California
Mariposa,2021-04-02,350,7609,13,1048,334,6292,3,269,307,3069,42,2416,310,5485,California
Mariposa,2021-04-03,11,7620,8,1056,3,6295,0,269,6,3070,5,2421,6,5491,California
Mariposa,2021-04-04,2,7622,1,1057,0,6295,1,270,0,3069,2,2423,1,5492,California
Mariposa,2021-04-05,34,7656,23,1080,7,6302,4,274,17,3073,17,2440,21,5513,California
Mariposa,2021-04-06,43,7699,21,1101,6,6308,16,290,13,3073,29,2469,29,5542,California
Mariposa,2021-04-07,99,7798,7,1108,73,6381,19,309,28,3049,71,2540,47,5589,California
Mariposa,2021-04-08,280,8078,16,1124,245,6626,19,328,145,3081,133,2673,165,5754,California
Mariposa,2021-04-09,39,8117,9,1133,15,6641,15,343,11,3079,28,2701,26,5780,California
Mariposa,2021-04-10,202,8319,4,1137,188,6829,10,353,187,3262,13,2714,196,5976,California
Mariposa,2021-04-11,124,8443,4,1141,118,6947,2,355,57,3255,67,2781,60,6036,California
Mariposa,2021-04-12,43,8486,14,1155,27,6974,2,357,14,3242,29,2810,16,6052,California
Mariposa,2021-04-13,53,8539,46,1201,7,6981,0,357,34,3257,19,2829,34,6086,California
Mariposa,2021-04-14,113,8652,9,1210,104,7085,0,357,58,3261,54,2883,58,6144,California
Mariposa,2021-04-15,58,8710,16,1226,42,7127,0,357,41,3288,14,2897,41,6185,California
Mariposa,2021-04-16,381,9091,11,1237,370,7497,0,357,106,3119,275,3172,106,6291,California
Mariposa,2021-04-17,11,9102,7,1244,4,7501,0,357,8,3124,3,3175,8,6299,California
Mariposa,2021-04-18,7,9109,0,1244,7,7508,0,357,3,3123,4,3179,3,6302,California
Mariposa,2021-04-19,58,9167,26,1270,32,7540,0,357,30,3127,26,3205,30,6332,California
Mariposa,2021-04-20,62,9229,48,1318,14,7554,0,357,37,3141,23,3228,37,6369,California
Mariposa,2021-04-21,93,9322,15,1333,78,7632,0,357,43,3135,49,3277,43,6412,California
Mariposa,2021-04-22,51,9373,11,1344,40,7672,0,357,38,3161,12,3289,38,6450,California
Mariposa,2021-04-23,315,9688,70,1414,245,7917,0,357,144,3136,171,3460,146,6596,California
Mariposa,2021-04-24,106,9794,10,1424,96,8013,0,357,43,3117,62,3522,43,6639,California
Mariposa,2021-04-26,17,9811,12,1436,5,8018,0,357,6,3112,11,3533,6,6645,California
Mariposa,2021-04-27,34,9845,17,1453,15,8033,2,359,15,3113,16,3549,17,6662,California
Mariposa,2021-04-28,73,9918,13,1466,53,8086,7,366,27,3101,46,3595,34,6696,California
Mariposa,2021-04-29,84,10002,12,1478,71,8157,1,367,79,3176,5,3600,80,6776,California
Mariposa,2021-04-30,210,10212,5,1483,200,8357,5,372,62,3095,148,3748,67,6843,California
Mariposa,2021-05-01,3,10215,2,1485,1,8358,0,372,1,3094,2,3750,1,6844,California
Mariposa,2021-05-02,3,10218,2,1487,0,8358,1,373,0,3092,3,3753,1,6845,California
Mariposa,2021-05-03,16,10234,12,1499,3,8361,1,374,7,3091,9,3762,8,6853,California
Mariposa,2021-05-04,50,10284,31,1530,15,8376,4,378,37,3119,13,3775,41,6894,California
Mariposa,2021-05-05,57,10341,9,1539,46,8422,2,380,18,3100,39,3814,20,6914,California
Mariposa,2021-05-06,57,10398,36,1575,16,8438,5,385,40,3128,17,3831,45,6959,California
Mariposa,2021-05-07,28,10426,8,1583,17,8455,3,388,13,3129,15,3846,16,6975,California
Mariposa,2021-05-08,282,10708,7,1590,275,8730,0,388,33,2915,249,4095,35,7010,California
Mariposa,2021-05-09,2,10710,1,1591,1,8731,0,388,0,2913,2,4097,0,7010,California
Mariposa,2021-05-10,20,10730,9,1600,9,8740,2,390,5,2905,15,4112,7,7017,California
Mariposa,2021-05-11,28,10758,18,1618,10,8750,0,390,21,2920,6,4118,21,7038,California
Mariposa,2021-05-12,68,10826,4,1622,58,8808,6,396,6,2870,62,4180,12,7050,California
Mariposa,2021-05-13,48,10874,8,1630,38,8846,2,398,13,2850,35,4215,15,7065,California
Mariposa,2021-05-14,249,11123,121,1751,121,8967,7,405,117,2842,132,4347,124,7189,California
Mariposa,2021-05-15,19,11142,9,1760,8,8975,2,407,11,2848,6,4353,12,7201,California
Mariposa,2021-05-16,3,11145,1,1761,1,8976,1,408,1,2848,2,4355,2,7203,California
Mariposa,2021-05-17,18,11163,7,1768,7,8983,4,412,7,2847,11,4366,10,7213,California
Mariposa,2021-05-18,63,11226,43,1811,15,8998,5,417,46,2882,16,4382,51,7264,California
Mariposa,2021-05-19,72,11298,33,1844,38,9036,1,418,52,2916,19,4401,53,7317,California
Mariposa,2021-05-20,33,11331,18,1862,13,9049,2,420,12,2909,21,4422,14,7331,California
Mariposa,2021-05-21,93,11424,8,1870,83,9132,2,422,43,2906,48,4470,45,7376,California
Mariposa,2021-05-22,49,11473,7,1877,41,9173,1,423,18,2894,31,4501,19,7395,California
Mariposa,2021-05-23,4,11477,2,1879,1,9174,1,424,2,2895,2,4503,3,7398,California
Mariposa,2021-05-24,14,11491,8,1887,4,9178,2,426,8,2899,6,4509,10,7408,California
Mariposa,2021-05-25,26,11517,16,1903,10,9188,0,426,18,2909,8,4517,18,7426,California
Mariposa,2021-05-26,35,11552,4,1907,27,9215,4,430,28,2934,7,4524,32,7458,California
Mariposa,2021-05-27,120,11672,64,1971,55,9270,1,431,62,2939,58,4582,63,7521,California
Mariposa,2021-05-28,65,11737,5,1976,56,9326,4,435,23,2924,42,4624,27,7548,California
Mariposa,2021-05-29,8,11745,2,1978,5,9331,1,436,3,2925,3,4627,4,7552,California
Mariposa,2021-05-30,1,11746,0,1978,0,9331,1,437,0,2925,1,4628,1,7553,California
Mariposa,2021-05-31,2,11748,0,1978,1,9332,1,438,0,2924,2,4630,1,7554,California
Mariposa,2021-06-01,14,11762,3,1981,11,9343,0,438,5,2920,9,4639,5,7559,California
Mariposa,2021-06-02,26,11788,14,1995,7,9350,5,443,6,2912,19,4658,11,7570,California
Mariposa,2021-06-03,20,11808,10,2005,7,9357,3,446,7,2909,13,4671,10,7580,California
Mariposa,2021-06-04,90,11898,79,2084,9,9366,2,448,27,2876,61,4732,28,7608,California
Mariposa,2021-06-05,30,11928,4,2088,24,9390,2,450,7,2862,23,4755,9,7617,California
Mariposa,2021-06-06,4,11932,3,2091,0,9390,1,451,1,2861,3,4758,2,7619,California
Mariposa,2021-06-07,10,11942,5,2096,5,9395,0,451,4,2860,5,4763,4,7623,California
Mariposa,2021-06-08,45,11987,34,2130,9,9404,2,453,13,2843,32,4795,15,7638,California
Mariposa,2021-06-09,28,12015,21,2151,2,9406,5,458,6,2832,22,4817,11,7649,California
Mariposa,2021-06-10,16,12031,8,2159,5,9411,3,461,6,2832,10,4827,10,7659,California
Mariposa,2021-06-11,43,12074,12,2171,23,9434,8,469,9,2815,34,4861,17,7676,California
Mariposa,2021-06-12,17,12091,11,2182,5,9439,1,470,3,2804,14,4875,3,7679,California
Mariposa,2021-06-13,1,12092,0,2182,0,9439,1,471,0,2804,1,4876,1,7680,California
Mariposa,2021-06-14,13,12105,4,2186,8,9447,1,472,5,2802,8,4884,6,7686,California
Mariposa,2021-06-15,23,12128,11,2197,11,9458,1,473,6,2792,17,4901,7,7693,California
Mariposa,2021-06-16,28,12156,12,2209,15,9473,1,474,7,2779,21,4922,8,7701,California
Mariposa,2021-06-17,11,12167,6,2215,5,9478,0,474,4,2776,7,4929,4,7705,California
Mariposa,2021-06-18,68,12235,49,2264,16,9494,3,477,33,2777,34,4963,35,7740,California
Mariposa,2021-06-19,18,12253,5,2269,13,9507,0,477,6,2771,12,4975,6,7746,California
Mariposa,2021-06-21,11,12264,4,2273,7,9514,0,477,7,2775,3,4978,7,7753,California
Mariposa,2021-06-22,23,12287,9,2282,11,9525,3,480,13,2781,10,4988,16,7769,California
Mariposa,2021-06-23,9,12296,3,2285,3,9528,3,483,5,2785,4,4992,8,7777,California
Mariposa,2021-06-24,11,12307,4,2289,7,9535,0,483,5,2784,6,4998,5,7782,California
Mariposa,2021-06-25,50,12357,22,2311,27,9562,1,484,17,2770,32,5030,18,7800,California
Mariposa,2021-06-26,1,12358,1,2312,0,9562,0,484,0,2769,1,5031,0,7800,California
Mariposa,2021-06-27,1,12359,0,2312,0,9562,1,485,0,2769,1,5032,1,7801,California
Mariposa,2021-06-28,1,12360,1,2313,0,9562,0,485,1,2770,0,5032,1,7802,California
Mariposa,2021-06-29,4,12364,0,2313,3,9565,1,486,2,2771,2,5034,3,7805,California
Mariposa,2021-06-30,1,12365,0,2313,1,9566,0,486,0,2770,1,5035,0,7805,California
Mendocino,2020-12-17,70,70,70,70,0,0,0,0,70,70,0,0,70,70,California
Mendocino,2020-12-18,85,155,84,154,1,1,0,0,84,154,0,0,84,154,California
Mendocino,2020-12-19,4,159,4,158,0,1,0,0,4,158,0,0,4,158,California
Mendocino,2020-12-20,7,166,7,165,0,1,0,0,7,165,0,0,7,165,California
Mendocino,2020-12-21,238,404,238,403,0,1,0,0,77,242,0,0,77,242,California
Mendocino,2020-12-22,253,657,192,595,61,62,0,0,253,495,0,0,253,495,California
Mendocino,2020-12-23,272,929,48,643,224,286,0,0,271,766,0,0,271,766,California
Mendocino,2020-12-24,49,978,8,651,41,327,0,0,49,815,0,0,49,815,California
Mendocino,2020-12-25,1,979,0,651,1,328,0,0,1,816,0,0,1,816,California
Mendocino,2020-12-26,2,981,2,653,0,328,0,0,2,818,0,0,2,818,California
Mendocino,2020-12-27,1,982,0,653,1,329,0,0,1,819,0,0,1,819,California
Mendocino,2020-12-28,74,1056,9,662,65,394,0,0,74,893,0,0,74,893,California
Mendocino,2020-12-29,122,1178,61,723,61,455,0,0,122,1015,0,0,122,1015,California
Mendocino,2020-12-30,122,1300,69,792,53,508,0,0,122,1137,0,0,122,1137,California
Mendocino,2020-12-31,132,1432,97,889,35,543,0,0,132,1269,0,0,132,1269,California
Mendocino,2021-01-01,10,1442,7,896,3,546,0,0,10,1279,0,0,10,1279,California
Mendocino,2021-01-02,1,1443,1,897,0,546,0,0,1,1280,0,0,1,1280,California
Mendocino,2021-01-04,838,2281,18,915,820,1366,0,0,838,2118,0,0,838,2118,California
Mendocino,2021-01-05,71,2352,36,951,35,1401,0,0,58,2163,13,13,58,2176,California
Mendocino,2021-01-06,158,2510,136,1087,22,1423,0,0,148,2301,10,23,148,2324,California
Mendocino,2021-01-07,361,2871,239,1326,122,1545,0,0,298,2536,63,86,298,2622,California
Mendocino,2021-01-08,95,2966,82,1408,13,1558,0,0,41,2524,54,140,42,2664,California
Mendocino,2021-01-09,10,2976,6,1414,4,1562,0,0,8,2530,2,142,8,2672,California
Mendocino,2021-01-10,9,2985,8,1422,1,1563,0,0,2,2525,7,149,2,2674,California
Mendocino,2021-01-11,103,3088,93,1515,10,1573,0,0,45,2513,57,206,45,2719,California
Mendocino,2021-01-12,389,3477,379,1894,10,1583,0,0,272,2668,117,323,272,2991,California
Mendocino,2021-01-13,496,3973,149,2043,347,1930,0,0,451,3077,43,366,452,3443,California
Mendocino,2021-01-14,654,4627,20,2063,634,2564,0,0,645,3713,9,375,645,4088,California
Mendocino,2021-01-15,1879,6506,868,2931,1011,3575,0,0,1874,5583,5,380,1875,5963,California
Mendocino,2021-01-16,791,7297,48,2979,743,4318,0,0,789,6370,2,382,789,6752,California
Mendocino,2021-01-17,554,7851,1,2980,553,4871,0,0,553,6922,1,383,553,7305,California
Mendocino,2021-01-18,487,8338,462,3442,25,4896,0,0,475,7385,12,395,475,7780,California
Mendocino,2021-01-19,337,8675,151,3593,186,5082,0,0,159,7366,178,573,159,7939,California
Mendocino,2021-01-20,558,9233,409,4002,149,5231,0,0,451,7713,105,678,452,8391,California
Mendocino,2021-01-21,539,9772,226,4228,313,5544,0,0,352,7879,186,864,352,8743,California
Mendocino,2021-01-22,152,9924,61,4289,91,5635,0,0,112,7951,40,904,112,8855,California
Mendocino,2021-01-23,157,10081,85,4374,72,5707,0,0,151,8096,6,910,151,9006,California
Mendocino,2021-01-24,5,10086,3,4377,2,5709,0,0,5,8101,0,910,5,9011,California
Mendocino,2021-01-25,192,10278,18,4395,174,5883,0,0,122,8153,70,980,122,9133,California
Mendocino,2021-01-26,154,10432,54,4449,100,5983,0,0,95,8189,59,1039,95,9228,California
Mendocino,2021-01-27,445,10877,374,4823,71,6054,0,0,178,8107,260,1299,178,9406,California
Mendocino,2021-01-28,605,11482,542,5365,63,6117,0,0,509,8521,95,1394,509,9915,California
Mendocino,2021-01-29,393,11875,353,5718,40,6157,0,0,364,8857,29,1423,365,10280,California
Mendocino,2021-01-30,50,11925,31,5749,19,6176,0,0,43,8893,7,1430,43,10323,California
Mendocino,2021-01-31,275,12200,2,5751,273,6449,0,0,4,8626,271,1701,4,10327,California
Mendocino,2021-02-01,383,12583,54,5805,329,6778,0,0,60,8363,323,2024,60,10387,California
Mendocino,2021-02-02,747,13330,526,6331,221,6999,0,0,385,8386,362,2386,385,10772,California
Mendocino,2021-02-03,396,13726,208,6539,188,7187,0,0,224,8440,170,2556,224,10996,California
Mendocino,2021-02-04,631,14357,535,7074,96,7283,0,0,504,8817,127,2683,504,11500,California
Mendocino,2021-02-05,1307,15664,1217,8291,90,7373,0,0,588,8688,717,3400,588,12088,California
Mendocino,2021-02-06,559,16223,159,8450,400,7773,0,0,544,9217,15,3415,544,12632,California
Mendocino,2021-02-07,34,16257,30,8480,4,7777,0,0,34,9251,0,3415,34,12666,California
Mendocino,2021-02-08,752,17009,719,9199,33,7810,0,0,287,9073,465,3880,287,12953,California
Mendocino,2021-02-09,143,17152,60,9259,83,7893,0,0,89,9108,54,3934,89,13042,California
Mendocino,2021-02-10,1490,18642,924,10183,566,8459,0,0,742,9109,741,4675,742,13784,California
Mendocino,2021-02-11,1214,19856,209,10392,1005,9464,0,0,300,8495,914,5589,300,14084,California
Mendocino,2021-02-12,1459,21315,162,10554,1297,10761,0,0,658,8353,800,6389,658,14742,California
Mendocino,2021-02-13,507,21822,14,10568,493,11254,0,0,104,8060,402,6791,109,14851,California
Mendocino,2021-02-14,695,22517,4,10572,691,11945,0,0,135,7635,560,7351,135,14986,California
Mendocino,2021-02-15,334,22851,43,10615,291,12236,0,0,175,7652,158,7509,175,15161,California
Mendocino,2021-02-16,200,23051,51,10666,149,12385,0,0,128,7708,72,7581,128,15289,California
Mendocino,2021-02-17,1361,24412,1198,11864,163,12548,0,0,880,8109,479,8060,880,16169,California
Mendocino,2021-02-18,1818,26230,673,12537,1145,13693,0,0,1226,8745,590,8650,1226,17395,California
Mendocino,2021-02-19,760,26990,153,12690,607,14300,0,0,616,9219,144,8794,618,18013,California
Mendocino,2021-02-20,579,27569,551,13241,28,14328,0,0,547,9736,30,8824,547,18560,California
Mendocino,2021-02-21,327,27896,9,13250,318,14646,0,0,314,10038,12,8836,314,18874,California
Mendocino,2021-02-22,165,28061,31,13281,134,14780,0,0,71,10017,92,8928,71,18945,California
Mendocino,2021-02-23,864,28925,850,14131,14,14794,0,0,648,10451,214,9142,648,19593,California
Mendocino,2021-02-24,1851,30776,1768,15899,83,14877,0,0,1432,11471,414,9556,1434,21027,California
Mendocino,2021-02-25,1713,32489,538,16437,1175,16052,0,0,1288,12335,424,9980,1288,22315,California
Mendocino,2021-02-26,1416,33905,750,17187,666,16718,0,0,1048,13018,365,10345,1048,23363,California
Mendocino,2021-02-27,202,34107,152,17339,50,16768,0,0,78,12973,123,10468,78,23441,California
Mendocino,2021-02-28,37,34144,14,17353,23,16791,0,0,24,12984,13,10481,24,23465,California
Mendocino,2021-03-01,592,34736,547,17900,45,16836,0,0,550,13495,39,10520,550,24015,California
Mendocino,2021-03-02,75,34811,28,17928,47,16883,0,0,42,13505,32,10552,42,24057,California
Mendocino,2021-03-03,2035,36846,1333,19261,702,17585,0,0,1384,14240,649,11201,1384,25441,California
Mendocino,2021-03-04,1854,38700,152,19413,1702,19287,0,0,1632,15655,219,11420,1634,27075,California
Mendocino,2021-03-05,480,39180,417,19830,54,19341,9,9,373,15934,103,11523,382,27457,California
Mendocino,2021-03-06,250,39430,25,19855,198,19539,27,36,206,16124,43,11566,233,27690,California
Mendocino,2021-03-07,525,39955,27,19882,478,20017,20,56,137,15893,387,11953,156,27846,California
Mendocino,2021-03-08,123,40078,28,19910,58,20075,37,93,64,15937,57,12010,101,27947,California
Mendocino,2021-03-09,940,41018,598,20508,301,20376,41,134,832,16702,108,12118,873,28820,California
Mendocino,2021-03-10,1149,42167,985,21493,99,20475,65,199,267,16161,876,12994,335,29155,California
Mendocino,2021-03-11,849,43016,632,22125,162,20637,55,254,400,16170,446,13440,455,29610,California
Mendocino,2021-03-12,2068,45084,1057,23182,899,21536,112,366,1235,16690,827,14267,1347,30957,California
Mendocino,2021-03-13,706,45790,571,23753,77,21613,58,424,109,16264,593,14860,167,31124,California
Mendocino,2021-03-14,105,45895,3,23756,95,21708,7,431,12,16194,89,14949,19,31143,California
Mendocino,2021-03-15,602,46497,52,23808,491,22199,59,490,210,16073,389,15338,268,31411,California
Mendocino,2021-03-16,584,47081,389,24197,149,22348,46,536,116,15769,466,15804,162,31573,California
Mendocino,2021-03-17,1585,48666,1380,25577,57,22405,148,684,219,14784,1359,17163,374,31947,California
Mendocino,2021-03-18,1309,49975,248,25825,1024,23429,37,721,279,14078,1022,18185,316,32263,California
Mendocino,2021-03-19,1779,51754,856,26681,862,24291,61,782,331,13031,1441,19626,394,32657,California
Mendocino,2021-03-20,70,51824,10,26691,39,24330,21,803,12,13006,58,19684,33,32690,California
Mendocino,2021-03-21,8,51832,1,26692,2,24332,5,808,3,13009,5,19689,8,32698,California
Mendocino,2021-03-22,655,52487,611,27303,15,24347,29,837,145,12676,506,20195,173,32871,California
Mendocino,2021-03-23,165,52652,34,27337,101,24448,30,867,114,12769,51,20246,144,33015,California
Mendocino,2021-03-24,917,53569,843,28180,27,24475,47,914,111,12123,804,21050,158,33173,California
Mendocino,2021-03-25,2016,55585,54,28234,1942,26417,20,934,176,10483,1834,22884,194,33367,California
Mendocino,2021-03-26,547,56132,395,28629,126,26543,26,960,114,10190,432,23316,139,33506,California
Mendocino,2021-03-27,163,56295,33,28662,118,26661,12,972,83,10205,79,23395,94,33600,California
Mendocino,2021-03-28,28,56323,7,28669,17,26678,4,976,5,10192,22,23417,9,33609,California
Mendocino,2021-03-29,193,56516,99,28768,50,26728,44,1020,97,10237,96,23513,141,33750,California
Mendocino,2021-03-30,719,57235,634,29402,48,26776,37,1057,107,9772,609,24122,144,33894,California
Mendocino,2021-03-31,919,58154,281,29683,577,27353,61,1118,154,9225,762,24884,215,34109,California
Mendocino,2021-04-01,1753,59907,426,30109,1246,28599,81,1199,383,8329,1359,26243,463,34572,California
Mendocino,2021-04-02,1310,61217,1077,31186,160,28759,73,1272,159,7413,1148,27391,232,34804,California
Mendocino,2021-04-03,714,61931,14,31200,679,29438,21,1293,87,6899,622,28013,108,34912,California
Mendocino,2021-04-04,71,62002,35,31235,30,29468,6,1299,55,6944,16,28029,61,34973,California
Mendocino,2021-04-05,213,62215,141,31376,48,29516,24,1323,127,7006,86,28115,148,35121,California
Mendocino,2021-04-06,401,62616,124,31500,182,29698,95,1418,108,6916,293,28408,203,35324,California
Mendocino,2021-04-07,493,63109,181,31681,65,29763,247,1665,118,6907,372,28780,363,35687,California
Mendocino,2021-04-08,1499,64608,920,32601,464,30227,115,1780,1006,7542,487,29267,1122,36809,California
Mendocino,2021-04-09,760,65368,428,33029,171,30398,161,1941,397,7737,363,29630,558,37367,California
Mendocino,2021-04-10,406,65774,92,33121,268,30666,46,1987,99,7575,307,29937,145,37512,California
Mendocino,2021-04-11,121,65895,47,33168,19,30685,55,2042,59,7627,62,29999,114,37626,California
Mendocino,2021-04-12,623,66518,514,33682,48,30733,61,2103,408,7881,215,30214,469,38095,California
Mendocino,2021-04-13,292,66810,229,33911,63,30796,0,2103,224,8037,68,30282,224,38319,California
Mendocino,2021-04-14,525,67335,430,34341,95,30891,0,2103,422,8356,103,30385,422,38741,California
Mendocino,2021-04-15,662,67997,328,34669,334,31225,0,2103,387,8473,270,30655,387,39128,California
Mendocino,2021-04-16,128,68125,54,34723,73,31298,1,2104,79,8504,48,30703,79,39207,California
Mendocino,2021-04-17,195,68320,12,34735,183,31481,0,2104,68,8447,125,30828,68,39275,California
Mendocino,2021-04-18,16,68336,8,34743,8,31489,0,2104,8,8449,6,30834,8,39283,California
Mendocino,2021-04-19,542,68878,516,35259,25,31514,1,2105,430,8770,110,30944,431,39714,California
Mendocino,2021-04-20,431,69309,297,35556,134,31648,0,2105,269,8879,160,31104,269,39983,California
Mendocino,2021-04-21,199,69508,136,35692,62,31710,1,2106,118,8918,79,31183,118,40101,California
Mendocino,2021-04-22,487,69995,317,36009,169,31879,1,2107,312,9059,171,31354,312,40413,California
Mendocino,2021-04-23,860,70855,703,36712,157,32036,0,2107,699,9600,158,31512,699,41112,California
Mendocino,2021-04-24,110,70965,16,36728,94,32130,0,2107,102,9694,8,31520,102,41214,California
Mendocino,2021-04-25,58,71023,34,36762,20,32150,4,2111,18,9677,39,31559,22,41236,California
Mendocino,2021-04-26,309,71332,238,37000,66,32216,5,2116,202,9778,106,31665,207,41443,California
Mendocino,2021-04-27,208,71540,91,37091,90,32306,27,2143,95,9787,112,31777,121,41564,California
Mendocino,2021-04-28,223,71763,147,37238,57,32363,19,2162,126,9836,97,31874,146,41710,California
Mendocino,2021-04-29,1147,72910,842,38080,290,32653,15,2177,113,8935,1028,32902,127,41837,California
Mendocino,2021-04-30,608,73518,383,38463,215,32868,10,2187,229,8796,378,33280,239,42076,California
Mendocino,2021-05-01,480,73998,435,38898,37,32905,8,2195,374,9073,105,33385,382,42458,California
Mendocino,2021-05-02,56,74054,46,38944,7,32912,3,2198,8,9037,47,33432,11,42469,California
Mendocino,2021-05-03,147,74201,85,39029,41,32953,21,2219,43,8999,102,33534,64,42533,California
Mendocino,2021-05-04,379,74580,253,39282,94,33047,32,2251,142,8936,237,33771,174,42707,California
Mendocino,2021-05-05,878,75458,791,40073,72,33119,15,2266,222,8517,655,34426,236,42943,California
Mendocino,2021-05-06,631,76089,382,40455,227,33346,22,2288,154,8218,475,34901,176,43119,California
Mendocino,2021-05-07,189,76278,36,40491,128,33474,25,2313,121,8296,67,34968,145,43264,California
Mendocino,2021-05-08,126,76404,5,40496,120,33594,1,2314,110,8392,15,34983,111,43375,California
Mendocino,2021-05-09,22,76426,7,40503,14,33608,1,2315,5,8381,17,35000,6,43381,California
Mendocino,2021-05-10,244,76670,161,40664,78,33686,5,2320,151,8444,93,35093,156,43537,California
Mendocino,2021-05-11,280,76950,143,40807,119,33805,18,2338,130,8441,149,35242,146,43683,California
Mendocino,2021-05-12,143,77093,81,40888,54,33859,8,2346,44,8396,97,35339,52,43735,California
Mendocino,2021-05-13,1236,78329,1122,42010,97,33956,17,2363,323,7823,913,36252,340,44075,California
Mendocino,2021-05-14,722,79051,492,42502,167,34123,63,2426,248,7665,469,36721,311,44386,California
Mendocino,2021-05-15,85,79136,29,42531,52,34175,4,2430,40,7664,45,36766,44,44430,California
Mendocino,2021-05-16,117,79253,104,42635,11,34186,2,2432,99,7749,17,36783,102,44532,California
Mendocino,2021-05-17,177,79430,84,42719,77,34263,16,2448,101,7790,76,36859,117,44649,California
Mendocino,2021-05-18,245,79675,118,42837,99,34362,28,2476,108,7789,136,36995,135,44784,California
Mendocino,2021-05-19,328,80003,191,43028,116,34478,21,2497,242,7969,83,37078,263,45047,California
Mendocino,2021-05-20,297,80300,116,43144,139,34617,42,2539,105,7927,189,37267,147,45194,California
Mendocino,2021-05-21,654,80954,475,43619,164,34781,15,2554,507,8303,146,37413,522,45716,California
Mendocino,2021-05-22,785,81739,675,44294,102,34883,8,2562,240,8007,544,37957,248,45964,California
Mendocino,2021-05-23,29,81768,12,44306,10,34893,7,2569,15,8015,13,37970,21,45985,California
Mendocino,2021-05-24,129,81897,45,44351,63,34956,21,2590,61,8030,67,38037,82,46067,California
Mendocino,2021-05-25,296,82193,177,44528,89,35045,30,2620,135,8034,160,38197,164,46231,California
Mendocino,2021-05-26,324,82517,244,44772,68,35113,12,2632,131,7985,192,38389,143,46374,California
Mendocino,2021-05-27,246,82763,112,44884,112,35225,22,2654,102,7966,142,38531,123,46497,California
Mendocino,2021-05-28,237,83000,98,44982,126,35351,13,2667,152,8049,83,38614,166,46663,California
Mendocino,2021-05-29,48,83048,17,44999,26,35377,5,2672,24,8054,24,38638,29,46692,California
Mendocino,2021-05-30,15,83063,2,45001,12,35389,1,2673,10,8060,5,38643,11,46703,California
Mendocino,2021-05-31,6,83069,0,45001,5,35394,1,2674,2,8060,3,38646,3,46706,California
Mendocino,2021-06-01,313,83382,105,45106,199,35593,9,2683,83,7922,230,38876,92,46798,California
Mendocino,2021-06-02,155,83537,58,45164,89,35682,8,2691,54,7886,98,38974,62,46860,California
Mendocino,2021-06-03,558,84095,457,45621,92,35774,9,2700,124,7592,427,39401,133,46993,California
Mendocino,2021-06-04,319,84414,193,45814,103,35877,23,2723,86,7469,232,39633,109,47102,California
Mendocino,2021-06-05,226,84640,93,45907,115,35992,18,2741,73,7409,151,39784,91,47193,California
Mendocino,2021-06-06,63,84703,58,45965,2,35994,3,2744,2,7353,61,39845,5,47198,California
Mendocino,2021-06-07,148,84851,71,46036,65,36059,12,2756,59,7335,89,39934,71,47269,California
Mendocino,2021-06-08,231,85082,130,46166,87,36146,14,2770,97,7317,129,40063,111,47380,California
Mendocino,2021-06-09,312,85394,249,46415,53,36199,10,2780,108,7232,203,40266,118,47498,California
Mendocino,2021-06-10,132,85526,71,46486,45,36244,16,2796,59,7234,73,40339,75,47573,California
Mendocino,2021-06-11,748,86274,588,47074,132,36376,28,2824,122,6760,624,40963,150,47723,California
Mendocino,2021-06-12,78,86352,53,47127,19,36395,6,2830,28,6745,49,41012,34,47757,California
Mendocino,2021-06-13,29,86381,16,47143,11,36406,2,2832,15,6749,13,41025,17,47774,California
Mendocino,2021-06-14,131,86512,59,47202,53,36459,19,2851,49,6735,81,41106,67,47841,California
Mendocino,2021-06-15,259,86771,166,47368,74,36533,19,2870,83,6661,176,41282,102,47943,California
Mendocino,2021-06-16,270,87041,168,47536,80,36613,22,2892,66,6547,202,41484,88,48031,California
Mendocino,2021-06-17,170,87211,89,47625,64,36677,17,2909,55,6505,114,41598,72,48103,California
Mendocino,2021-06-18,279,87490,128,47753,121,36798,30,2939,79,6414,199,41797,108,48211,California
Mendocino,2021-06-19,76,87566,43,47796,26,36824,7,2946,17,6379,59,41856,24,48235,California
Mendocino,2021-06-20,12,87578,4,47800,4,36828,4,2950,7,6385,5,41861,11,48246,California
Mendocino,2021-06-21,99,87677,33,47833,55,36883,11,2961,43,6385,53,41914,53,48299,California
Mendocino,2021-06-22,133,87810,86,47919,34,36917,13,2974,56,6379,75,41989,69,48368,California
Mendocino,2021-06-23,226,88036,160,48079,37,36954,29,3003,101,6384,125,42114,130,48498,California
Mendocino,2021-06-24,194,88230,110,48189,70,37024,14,3017,73,6351,120,42234,87,48585,California
Mendocino,2021-06-25,184,88414,97,48286,74,37098,13,3030,71,6323,112,42346,84,48669,California
Mendocino,2021-06-26,73,88487,48,48334,21,37119,4,3034,21,6296,52,42398,25,48694,California
Mendocino,2021-06-27,23,88510,13,48347,9,37128,1,3035,13,6300,10,42408,14,48708,California
Mendocino,2021-06-28,62,88572,42,48389,11,37139,9,3044,20,6289,40,42448,29,48737,California
Mendocino,2021-06-29,120,88692,87,48476,32,37171,1,3045,36,6242,84,42532,37,48774,California
Mendocino,2021-06-30,114,88806,95,48571,13,37184,6,3051,43,6221,70,42602,49,48823,California
Merced,2020-12-16,3,3,3,3,0,0,0,0,3,3,0,0,3,3,California
Merced,2020-12-17,9,12,9,12,0,0,0,0,9,12,0,0,9,12,California
Merced,2020-12-18,146,158,146,158,0,0,0,0,146,158,0,0,146,158,California
Merced,2020-12-19,38,196,38,196,0,0,0,0,38,196,0,0,38,196,California
Merced,2020-12-20,18,214,18,214,0,0,0,0,18,214,0,0,18,214,California
Merced,2020-12-21,125,339,122,336,3,3,0,0,125,339,0,0,125,339,California
Merced,2020-12-22,153,492,153,489,0,3,0,0,153,492,0,0,153,492,California
Merced,2020-12-23,256,748,249,738,7,10,0,0,256,748,0,0,256,748,California
Merced,2020-12-24,72,820,72,810,0,10,0,0,72,820,0,0,72,820,California
Merced,2020-12-25,4,824,4,814,0,10,0,0,4,824,0,0,4,824,California
Merced,2020-12-26,6,830,3,817,3,13,0,0,6,830,0,0,6,830,California
Merced,2020-12-27,12,842,11,828,1,14,0,0,12,842,0,0,12,842,California
Merced,2020-12-28,122,964,97,925,25,39,0,0,122,964,0,0,122,964,California
Merced,2020-12-29,193,1157,123,1048,70,109,0,0,193,1157,0,0,193,1157,California
Merced,2020-12-30,218,1375,90,1138,128,237,0,0,218,1375,0,0,218,1375,California
Merced,2020-12-31,102,1477,33,1171,69,306,0,0,102,1477,0,0,102,1477,California
Merced,2021-01-01,6,1483,1,1172,5,311,0,0,6,1483,0,0,6,1483,California
Merced,2021-01-02,129,1612,118,1290,11,322,0,0,129,1612,0,0,129,1612,California
Merced,2021-01-03,9,1621,5,1295,4,326,0,0,9,1621,0,0,9,1621,California
Merced,2021-01-04,82,1703,42,1337,40,366,0,0,82,1703,0,0,82,1703,California
Merced,2021-01-05,330,2033,235,1572,95,461,0,0,324,2023,6,6,326,2029,California
Merced,2021-01-06,260,2293,106,1678,154,615,0,0,253,2270,7,13,254,2283,California
Merced,2021-01-07,187,2480,83,1761,104,719,0,0,175,2432,13,26,175,2458,California
Merced,2021-01-08,527,3007,394,2155,133,852,0,0,374,2654,152,178,374,2832,California
Merced,2021-01-09,22,3029,9,2164,13,865,0,0,17,2666,5,183,17,2849,California
Merced,2021-01-10,11,3040,7,2171,4,869,0,0,7,2669,4,187,7,2856,California
Merced,2021-01-11,230,3270,172,2343,58,927,0,0,101,2643,129,316,103,2959,California
Merced,2021-01-12,299,3569,174,2517,125,1052,0,0,249,2841,51,367,249,3208,California
Merced,2021-01-13,394,3963,178,2695,216,1268,0,0,239,2929,154,521,242,3450,California
Merced,2021-01-14,328,4291,205,2900,123,1391,0,0,160,2923,167,688,161,3611,California
Merced,2021-01-15,593,4884,133,3033,460,1851,0,0,554,3440,40,728,557,4168,California
Merced,2021-01-16,214,5098,130,3163,84,1935,0,0,197,3620,17,745,197,4365,California
Merced,2021-01-17,51,5149,12,3175,39,1974,0,0,49,3667,2,747,49,4414,California
Merced,2021-01-18,268,5417,129,3304,139,2113,0,0,244,3891,24,771,248,4662,California
Merced,2021-01-19,716,6133,590,3894,126,2239,0,0,543,4269,172,943,550,5212,California
Merced,2021-01-20,574,6707,468,4362,106,2345,0,0,517,4732,57,1000,520,5732,California
Merced,2021-01-21,1030,7737,654,5016,376,2721,0,0,927,5560,102,1102,930,6662,California
Merced,2021-01-22,1319,9056,696,5712,623,3344,0,0,1290,6834,28,1130,1302,7964,California
Merced,2021-01-23,332,9388,198,5910,134,3478,0,0,225,6952,107,1237,225,8189,California
Merced,2021-01-24,36,9424,15,5925,21,3499,0,0,28,6973,7,1244,28,8217,California
Merced,2021-01-25,743,10167,243,6168,500,3999,0,0,681,7594,61,1305,682,8899,California
Merced,2021-01-26,947,11114,488,6656,459,4458,0,0,690,8056,229,1534,691,9590,California
Merced,2021-01-27,1006,12120,590,7246,416,4874,0,0,833,8718,171,1705,833,10423,California
Merced,2021-01-28,1161,13281,597,7843,564,5438,0,0,1037,9634,123,1828,1039,11462,California
Merced,2021-01-29,875,14156,315,8158,560,5998,0,0,621,10016,242,2070,624,12086,California
Merced,2021-01-30,269,14425,28,8186,241,6239,0,0,252,10251,17,2087,252,12338,California
Merced,2021-01-31,48,14473,11,8197,37,6276,0,0,47,10297,1,2088,47,12385,California
Merced,2021-02-01,395,14868,51,8248,344,6620,0,0,342,10589,51,2139,343,12728,California
Merced,2021-02-02,316,15184,183,8431,133,6753,0,0,187,10651,126,2265,188,12916,California
Merced,2021-02-03,365,15549,80,8511,285,7038,0,0,182,10650,183,2448,182,13098,California
Merced,2021-02-04,389,15938,160,8671,229,7267,0,0,256,10775,132,2580,257,13355,California
Merced,2021-02-05,522,16460,179,8850,343,7610,0,0,281,10819,239,2819,283,13638,California
Merced,2021-02-06,395,16855,221,9071,174,7784,0,0,251,10930,141,2960,252,13890,California
Merced,2021-02-07,21,16876,13,9084,8,7792,0,0,14,10937,7,2967,14,13904,California
Merced,2021-02-08,290,17166,200,9284,90,7882,0,0,178,11006,110,3077,179,14083,California
Merced,2021-02-09,1232,18398,968,10252,264,8146,0,0,783,11349,441,3518,784,14867,California
Merced,2021-02-10,1906,20304,1445,11697,461,8607,0,0,1308,12069,588,4106,1308,16175,California
Merced,2021-02-11,2566,22870,2044,13741,522,9129,0,0,1845,13207,708,4814,1846,18021,California
Merced,2021-02-12,1744,24614,1027,14768,717,9846,0,0,765,13015,960,5774,768,18789,California
Merced,2021-02-13,370,24984,211,14979,159,10005,0,0,269,13190,96,5870,271,19060,California
Merced,2021-02-14,119,25103,27,15006,92,10097,0,0,97,13266,22,5892,98,19158,California
Merced,2021-02-15,278,25381,43,15049,235,10332,0,0,170,13336,101,5993,171,19329,California
Merced,2021-02-16,1237,26618,855,15904,382,10714,0,0,847,13817,370,6363,851,20180,California
Merced,2021-02-17,1915,28533,1668,17572,247,10961,0,0,1335,14601,560,6923,1344,21524,California
Merced,2021-02-18,1279,29812,874,18446,405,11366,0,0,451,14249,807,7730,455,21979,California
Merced,2021-02-19,1293,31105,441,18887,852,12218,0,0,554,14072,733,8463,556,22535,California
Merced,2021-02-20,291,31396,34,18921,257,12475,0,0,144,14071,145,8608,144,22679,California
Merced,2021-02-21,84,31480,68,18989,16,12491,0,0,31,14051,51,8659,31,22710,California
Merced,2021-02-22,850,32330,297,19286,553,13044,0,0,485,14175,363,9022,487,23197,California
Merced,2021-02-23,1117,33447,433,19719,684,13728,0,0,646,14359,465,9487,649,23846,California
Merced,2021-02-24,860,34307,311,20030,549,14277,0,0,456,14424,392,9879,457,24303,California
Merced,2021-02-25,1831,36138,912,20942,919,15196,0,0,1346,15292,481,10360,1349,25652,California
Merced,2021-02-26,2227,38365,1415,22357,812,16008,0,0,1762,16602,453,10813,1763,27415,California
Merced,2021-02-27,2636,41001,1199,23556,1437,17445,0,0,2344,18655,291,11104,2344,29759,California
Merced,2021-02-28,326,41327,76,23632,249,17694,1,1,259,18851,63,11167,259,30018,California
Merced,2021-03-01,1161,42488,287,23919,873,18567,1,2,788,19277,363,11530,789,30807,California
Merced,2021-03-02,1898,44386,1038,24957,859,19426,1,3,1487,20363,404,11934,1490,32297,California
Merced,2021-03-03,2476,46862,1970,26927,505,19931,1,4,1701,21312,754,12688,1703,34000,California
Merced,2021-03-04,3155,50017,2526,29453,627,20558,2,6,2162,22505,972,13660,2165,36165,California
Merced,2021-03-05,2358,52375,1471,30924,863,21421,24,30,1803,23792,541,14201,1828,37993,California
Merced,2021-03-06,1182,53557,671,31595,489,21910,22,52,914,24461,267,14468,936,38929,California
Merced,2021-03-07,232,53789,66,31661,141,22051,25,77,203,24660,29,14497,228,39157,California
Merced,2021-03-08,1554,55343,942,32603,547,22598,65,142,1322,25815,231,14728,1386,40543,California
Merced,2021-03-09,1891,57234,1147,33750,636,23234,108,250,1222,26485,660,15388,1330,41873,California
Merced,2021-03-10,2966,60200,1989,35739,777,24011,200,450,1638,27018,1310,16698,1843,43716,California
Merced,2021-03-11,2219,62419,836,36575,1179,25190,204,654,1233,27510,966,17664,1458,45174,California
Merced,2021-03-12,2548,64967,1113,37688,1160,26350,275,929,1656,28566,887,18551,1943,47117,California
Merced,2021-03-13,1033,66000,322,38010,469,26819,242,1171,713,29207,312,18863,953,48070,California
Merced,2021-03-14,270,66270,155,38165,85,26904,30,1201,151,29273,115,18978,181,48251,California
Merced,2021-03-15,1720,67990,671,38836,792,27696,257,1458,1187,30194,522,19500,1443,49694,California
Merced,2021-03-16,1662,69652,878,39714,557,28253,227,1685,1140,31052,510,20010,1368,51062,California
Merced,2021-03-17,2319,71971,1390,41104,748,29001,181,1866,1841,32609,466,20476,2023,53085,California
Merced,2021-03-18,2268,74239,1384,42488,734,29735,150,2016,1410,33343,840,21316,1574,54659,California
Merced,2021-03-19,2809,77048,1587,44075,1027,30762,195,2211,1402,33546,1394,22710,1597,56256,California
Merced,2021-03-20,2471,79519,1535,45610,540,31302,396,2607,967,33417,1496,24206,1367,57623,California
Merced,2021-03-21,570,80089,345,45955,211,31513,14,2621,448,33760,121,24327,464,58087,California
Merced,2021-03-22,1283,81372,642,46597,564,32077,77,2698,894,34353,380,24707,973,59060,California
Merced,2021-03-23,1978,83350,1234,47831,678,32755,66,2764,1373,35198,593,25300,1438,60498,California
Merced,2021-03-24,1726,85076,1169,49000,521,33276,36,2800,1004,35529,709,26009,1040,61538,California
Merced,2021-03-25,3627,88703,2559,51559,1045,34321,23,2823,2122,36194,1483,27492,2148,63686,California
Merced,2021-03-26,2212,90915,1349,52908,826,35147,37,2860,904,35856,1278,28770,940,64626,California
Merced,2021-03-27,3602,94517,1929,54837,1250,36397,423,3283,1571,35836,2015,30785,1995,66621,California
Merced,2021-03-28,528,95045,217,55054,304,36701,7,3290,214,35747,311,31096,222,66843,California
Merced,2021-03-29,1957,97002,887,55941,898,37599,172,3462,682,35341,1262,32358,856,67699,California
Merced,2021-03-30,2295,99297,923,56864,1313,38912,59,3521,1011,35135,1278,33636,1072,68771,California
Merced,2021-03-31,2393,101690,1487,58351,721,39633,185,3706,993,34937,1375,35011,1177,69948,California
Merced,2021-04-01,2607,104297,1062,59413,1186,40819,359,4065,1068,34839,1524,36535,1426,71374,California
Merced,2021-04-02,2483,106780,751,60164,1309,42128,423,4488,800,34414,1638,38173,1213,72587,California
Merced,2021-04-03,1098,107878,607,60771,472,42600,19,4507,668,34682,420,38593,688,73275,California
Merced,2021-04-04,377,108255,143,60914,230,42830,4,4511,143,34599,232,38825,149,73424,California
Merced,2021-04-05,1509,109764,830,61744,466,43296,213,4724,413,34139,1086,39911,626,74050,California
Merced,2021-04-06,2611,112375,1069,62813,712,44008,830,5554,894,34153,1709,41620,1723,75773,California
Merced,2021-04-07,1923,114298,1135,63948,680,44688,108,5662,596,33573,1286,42906,706,76479,California
Merced,2021-04-08,2509,116807,1355,65303,934,45622,220,5882,992,33315,1466,44372,1208,77687,California
Merced,2021-04-09,1719,118526,484,65787,653,46275,582,6464,561,33322,1137,45509,1144,78831,California
Merced,2021-04-10,988,119514,371,66158,429,46704,188,6652,178,32882,804,46313,364,79195,California
Merced,2021-04-11,488,120002,281,66439,72,46776,135,6787,147,32826,339,46652,283,79478,California
Merced,2021-04-12,1524,121526,996,67435,404,47180,124,6911,868,33203,616,47268,993,80471,California
Merced,2021-04-13,2063,123589,1475,68910,586,47766,2,6913,935,33116,1028,48296,941,81412,California
Merced,2021-04-14,2257,125846,1397,70307,860,48626,0,6913,1047,33090,1074,49370,1048,82460,California
Merced,2021-04-15,3056,128902,1993,72300,1063,49689,0,6913,942,32160,1876,51246,946,83406,California
Merced,2021-04-16,2418,131320,1176,73476,1242,50931,0,6913,963,31776,1347,52593,963,84369,California
Merced,2021-04-17,2155,133475,1481,74957,673,51604,1,6914,662,30957,1485,54078,666,85035,California
Merced,2021-04-18,524,133999,298,75255,226,51830,0,6914,200,30861,296,54374,200,85235,California
Merced,2021-04-19,1381,135380,763,76018,618,52448,0,6914,713,31007,567,54941,713,85948,California
Merced,2021-04-20,1559,136939,797,76815,762,53210,0,6914,813,31147,673,55614,813,86761,California
Merced,2021-04-21,1630,138569,1016,77831,614,53824,0,6914,799,31232,715,56329,800,87561,California
Merced,2021-04-22,1723,140292,794,78625,929,54753,0,6914,787,31177,843,57172,788,88349,California
Merced,2021-04-23,1715,142007,734,79359,981,55734,0,6914,925,31362,741,57913,926,89275,California
Merced,2021-04-24,884,142891,705,80064,179,55913,0,6914,555,31593,324,58237,555,89830,California
Merced,2021-04-25,334,143225,192,80256,142,56055,0,6914,193,31649,137,58374,193,90023,California
Merced,2021-04-26,1291,144516,561,80817,730,56785,0,6914,648,31693,606,58980,650,90673,California
Merced,2021-04-27,1839,146355,936,81753,891,57676,12,6926,743,31422,1026,60006,755,91428,California
Merced,2021-04-28,1445,147800,727,82480,710,58386,8,6934,822,31655,597,60603,830,92258,California
Merced,2021-04-29,1512,149312,683,83163,804,59190,25,6959,717,31615,784,61387,744,93002,California
Merced,2021-04-30,1519,150831,655,83818,820,60010,44,7003,785,31718,727,62114,830,93832,California
Merced,2021-05-01,567,151398,242,84060,321,60331,4,7007,266,31692,295,62409,269,94101,California
Merced,2021-05-02,304,151702,122,84182,167,60498,15,7022,126,31657,177,62586,142,94243,California
Merced,2021-05-03,875,152577,573,84755,228,60726,74,7096,315,31492,556,63142,391,94634,California
Merced,2021-05-04,1082,153659,592,85347,438,61164,52,7148,396,31261,679,63821,448,95082,California
Merced,2021-05-05,1473,155132,964,86311,433,61597,76,7224,646,31172,812,64633,723,95805,California
Merced,2021-05-06,953,156085,509,86820,394,61991,50,7274,317,30911,628,65261,367,96172,California
Merced,2021-05-07,1180,157265,520,87340,618,62609,42,7316,459,30700,715,65976,504,96676,California
Merced,2021-05-08,451,157716,252,87592,163,62772,36,7352,219,30724,231,66207,255,96931,California
Merced,2021-05-09,214,157930,106,87698,101,62873,7,7359,96,30710,117,66324,103,97034,California
Merced,2021-05-10,728,158658,384,88082,307,63180,37,7396,201,30425,524,66848,239,97273,California
Merced,2021-05-11,1204,159862,723,88805,421,63601,60,7456,476,30240,721,67569,536,97809,California
Merced,2021-05-12,1122,160984,644,89449,436,64037,42,7498,386,29936,733,68302,429,98238,California
Merced,2021-05-13,951,161935,541,89990,368,64405,42,7540,428,29888,518,68820,470,98708,California
Merced,2021-05-14,1080,163015,665,90655,375,64780,40,7580,569,29992,505,69325,609,99317,California
Merced,2021-05-15,767,163782,580,91235,168,64948,19,7599,452,30162,303,69628,473,99790,California
Merced,2021-05-16,370,164152,253,91488,108,65056,9,7608,215,30234,153,69781,225,100015,California
Merced,2021-05-17,1111,165263,723,92211,358,65414,30,7638,543,30247,561,70342,574,100589,California
Merced,2021-05-18,1290,166553,861,93072,398,65812,31,7669,712,30419,571,70913,743,101332,California
Merced,2021-05-19,1155,167708,763,93835,385,66197,7,7676,646,30571,505,71418,657,101989,California
Merced,2021-05-20,1067,168775,565,94400,446,66643,56,7732,403,30370,662,72080,461,102450,California
Merced,2021-05-21,1202,169977,695,95095,479,67122,28,7760,487,30183,703,72783,516,102966,California
Merced,2021-05-22,767,170744,550,95645,204,67326,13,7773,456,30346,309,73092,472,103438,California
Merced,2021-05-23,359,171103,259,95904,87,67413,13,7786,235,30471,123,73215,248,103686,California
Merced,2021-05-24,635,171738,273,96177,331,67744,31,7817,233,30341,395,73610,265,103951,California
Merced,2021-05-25,775,172513,436,96613,305,68049,34,7851,391,30386,379,73989,424,104375,California
Merced,2021-05-26,1006,173519,558,97171,415,68464,33,7884,400,30216,604,74593,434,104809,California
Merced,2021-05-27,930,174449,655,97826,240,68704,35,7919,558,30442,368,74961,594,105403,California
Merced,2021-05-28,777,175226,352,98178,379,69083,46,7965,333,30386,435,75396,379,105782,California
Merced,2021-05-29,393,175619,273,98451,112,69195,8,7973,160,30325,230,75626,169,105951,California
Merced,2021-05-30,215,175834,146,98597,58,69253,11,7984,130,30381,85,75711,141,106092,California
Merced,2021-05-31,111,175945,25,98622,80,69333,6,7990,31,30341,78,75789,38,106130,California
Merced,2021-06-01,866,176811,542,99164,290,69623,34,8024,316,30146,545,76334,350,106480,California
Merced,2021-06-02,755,177566,484,99648,245,69868,26,8050,340,30104,408,76742,366,106846,California
Merced,2021-06-03,762,178328,484,100132,244,70112,34,8084,300,29981,456,77198,333,107179,California
Merced,2021-06-04,797,179125,453,100585,322,70434,22,8106,305,29823,486,77684,328,107507,California
Merced,2021-06-05,512,179637,405,100990,95,70529,12,8118,191,29710,316,78000,203,107710,California
Merced,2021-06-06,227,179864,191,101181,30,70559,6,8124,79,29647,148,78148,85,107795,California
Merced,2021-06-07,663,180527,531,101712,119,70678,13,8137,193,29385,470,78618,208,108003,California
Merced,2021-06-08,867,181394,642,102354,201,70879,24,8161,274,29095,588,79206,298,108301,California
Merced,2021-06-09,884,182278,651,103005,218,71097,15,8176,264,28765,609,79815,279,108580,California
Merced,2021-06-10,649,182927,449,103454,180,71277,20,8196,264,28670,379,80194,284,108864,California
Merced,2021-06-11,577,183504,366,103820,196,71473,15,8211,240,28594,333,80527,257,109121,California
Merced,2021-06-12,590,184094,483,104303,84,71557,23,8234,175,28378,414,80941,198,109319,California
Merced,2021-06-13,256,184350,134,104437,117,71674,5,8239,63,28253,193,81134,68,109387,California
Merced,2021-06-14,554,184904,364,104801,156,71830,34,8273,254,28245,297,81431,289,109676,California
Merced,2021-06-15,789,185693,560,105361,202,72032,27,8300,269,28030,512,81943,297,109973,California
Merced,2021-06-16,722,186415,499,105860,201,72233,22,8322,327,27994,385,82328,349,110322,California
Merced,2021-06-17,738,187153,562,106422,145,72378,31,8353,237,27769,493,82821,268,110590,California
Merced,2021-06-18,778,187931,510,106932,237,72615,31,8384,390,27809,381,83202,421,111011,California
Merced,2021-06-19,366,188297,252,107184,87,72702,27,8411,197,27866,167,83369,224,111235,California
Merced,2021-06-20,238,188535,184,107368,46,72748,8,8419,140,27917,97,83466,148,111383,California
Merced,2021-06-21,322,188857,196,107564,114,72862,12,8431,200,28008,121,83587,212,111595,California
Merced,2021-06-22,515,189372,357,107921,139,73001,19,8450,254,28021,261,83848,274,111869,California
Merced,2021-06-23,582,189954,365,108286,206,73207,11,8461,290,28039,284,84132,302,112171,California
Merced,2021-06-24,544,190498,384,108670,128,73335,32,8493,251,28033,289,84421,283,112454,California
Merced,2021-06-25,482,190980,338,109008,120,73455,24,8517,249,28079,226,84647,272,112726,California
Merced,2021-06-26,182,191162,124,109132,52,73507,6,8523,89,28083,91,84738,95,112821,California
Merced,2021-06-27,196,191358,145,109277,39,73546,12,8535,120,28139,76,84814,132,112953,California
Merced,2021-06-28,336,191694,221,109498,98,73644,17,8552,176,28175,157,84971,193,113146,California
Merced,2021-06-29,324,192018,195,109693,107,73751,22,8574,152,28178,171,85142,174,113320,California
Merced,2021-06-30,254,192272,157,109850,80,73831,17,8591,135,28213,117,85259,152,113472,California
Modoc,2020-12-16,1,1,1,1,0,0,0,0,1,1,0,0,1,1,California
Modoc,2020-12-21,99,100,99,100,0,0,0,0,99,100,0,0,99,100,California
Modoc,2020-12-22,14,114,14,114,0,0,0,0,14,114,0,0,14,114,California
Modoc,2020-12-23,4,118,4,118,0,0,0,0,4,118,0,0,4,118,California
Modoc,2020-12-24,1,119,1,119,0,0,0,0,1,119,0,0,1,119,California
Modoc,2020-12-28,2,121,2,121,0,0,0,0,2,121,0,0,2,121,California
Modoc,2020-12-29,10,131,1,122,9,9,0,0,10,131,0,0,10,131,California
Modoc,2020-12-30,7,138,0,122,7,16,0,0,7,138,0,0,7,138,California
Modoc,2021-01-02,3,141,1,123,2,18,0,0,3,141,0,0,3,141,California
Modoc,2021-01-04,8,149,0,123,8,26,0,0,8,149,0,0,8,149,California
Modoc,2021-01-05,3,152,2,125,1,27,0,0,3,152,0,0,3,152,California
Modoc,2021-01-06,3,155,2,127,1,28,0,0,2,153,1,1,2,154,California
Modoc,2021-01-07,72,227,0,127,72,100,0,0,72,225,0,1,72,226,California
Modoc,2021-01-08,105,332,0,127,105,205,0,0,105,330,0,1,105,331,California
Modoc,2021-01-10,1,333,1,128,0,205,0,0,0,329,1,2,0,331,California
Modoc,2021-01-11,90,423,81,209,9,214,0,0,19,277,71,73,19,350,California
Modoc,2021-01-12,94,517,25,234,69,283,0,0,68,319,26,99,68,418,California
Modoc,2021-01-13,24,541,4,238,20,303,0,0,22,339,2,101,22,440,California
Modoc,2021-01-14,128,669,6,244,122,425,0,0,123,457,5,106,123,563,California
Modoc,2021-01-15,6,675,1,245,5,430,0,0,6,463,0,106,6,569,California
Modoc,2021-01-16,2,677,1,246,1,431,0,0,2,465,0,106,2,571,California
Modoc,2021-01-18,3,680,1,247,2,433,0,0,3,468,0,106,3,574,California
Modoc,2021-01-19,5,685,3,250,2,435,0,0,3,469,2,108,3,577,California
Modoc,2021-01-20,11,696,1,251,10,445,0,0,11,480,0,108,11,588,California
Modoc,2021-01-21,157,853,2,253,155,600,0,0,157,637,0,108,157,745,California
Modoc,2021-01-22,2,855,0,253,2,602,0,0,2,639,0,108,2,747,California
Modoc,2021-01-25,11,866,0,253,11,613,0,0,11,650,0,108,11,758,California
Modoc,2021-01-26,65,931,1,254,64,677,0,0,65,715,0,108,65,823,California
Modoc,2021-01-27,42,973,3,257,39,716,0,0,26,725,16,124,26,849,California
Modoc,2021-01-28,146,1119,2,259,144,860,0,0,145,869,1,125,145,994,California
Modoc,2021-01-29,3,1122,1,260,2,862,0,0,3,872,0,125,3,997,California
Modoc,2021-02-01,26,1148,13,273,13,875,0,0,12,870,14,139,12,1009,California
Modoc,2021-02-02,170,1318,2,275,168,1043,0,0,167,1034,3,142,167,1176,California
Modoc,2021-02-03,18,1336,13,288,5,1048,0,0,11,1038,7,149,11,1187,California
Modoc,2021-02-04,155,1491,4,292,151,1199,0,0,27,937,128,277,27,1214,California
Modoc,2021-02-05,2,1493,2,294,0,1199,0,0,1,937,1,278,1,1215,California
Modoc,2021-02-08,9,1502,2,296,7,1206,0,0,8,944,1,279,8,1223,California
Modoc,2021-02-09,197,1699,13,309,184,1390,0,0,65,877,132,411,65,1288,California
Modoc,2021-02-10,5,1704,2,311,3,1393,0,0,4,880,1,412,4,1292,California
Modoc,2021-02-11,200,1904,3,314,197,1590,0,0,83,846,117,529,83,1375,California
Modoc,2021-02-12,4,1908,0,314,4,1594,0,0,2,846,2,531,2,1377,California
Modoc,2021-02-13,2,1910,0,314,2,1596,0,0,1,846,1,532,1,1378,California
Modoc,2021-02-16,147,2057,6,320,141,1737,0,0,141,981,6,538,141,1519,California
Modoc,2021-02-17,25,2082,2,322,23,1760,0,0,12,980,13,551,12,1531,California
Modoc,2021-02-18,187,2269,2,324,185,1945,0,0,23,842,163,714,25,1556,California
Modoc,2021-02-19,3,2272,3,327,0,1945,0,0,2,843,1,715,2,1558,California
Modoc,2021-02-20,1,2273,1,328,0,1945,0,0,0,842,1,716,0,1558,California
Modoc,2021-02-22,17,2290,9,337,8,1953,0,0,3,831,14,730,3,1561,California
Modoc,2021-02-23,20,2310,2,339,18,1971,0,0,1,813,19,749,1,1562,California
Modoc,2021-02-24,91,2401,1,340,90,2061,0,0,31,784,60,809,31,1593,California
Modoc,2021-02-25,169,2570,0,340,169,2230,0,0,12,639,157,966,12,1605,California
Modoc,2021-02-26,3,2573,0,340,3,2233,0,0,1,638,2,968,1,1606,California
Modoc,2021-02-27,4,2577,4,344,0,2233,0,0,2,638,2,970,2,1608,California
Modoc,2021-03-01,6,2583,0,344,6,2239,0,0,1,635,4,974,1,1609,California
Modoc,2021-03-02,193,2776,12,356,181,2420,0,0,26,494,167,1141,26,1635,California
Modoc,2021-03-03,12,2788,6,362,6,2426,0,0,2,486,10,1151,2,1637,California
Modoc,2021-03-04,174,2962,2,364,172,2598,0,0,147,606,27,1178,147,1784,California
Modoc,2021-03-05,3,2965,3,367,0,2598,0,0,2,607,1,1179,2,1786,California
Modoc,2021-03-06,11,2976,0,367,1,2599,10,10,1,608,10,1189,11,1797,California
Modoc,2021-03-07,8,2984,2,369,0,2599,6,16,2,610,6,1195,8,1805,California
Modoc,2021-03-08,8,2992,1,370,3,2602,4,20,1,609,6,1201,5,1810,California
Modoc,2021-03-09,127,3119,10,380,108,2710,9,29,61,613,66,1267,70,1880,California
Modoc,2021-03-10,9,3128,3,383,2,2712,4,33,4,616,5,1272,8,1888,California
Modoc,2021-03-11,207,3335,0,383,99,2811,108,141,22,561,185,1457,130,2018,California
Modoc,2021-03-12,10,3345,1,384,4,2815,5,146,4,564,6,1463,9,2027,California
Modoc,2021-03-13,4,3349,0,384,1,2816,3,149,1,565,3,1466,4,2031,California
Modoc,2021-03-15,12,3361,1,385,10,2826,1,150,10,574,2,1468,11,2042,California
Modoc,2021-03-16,174,3535,2,387,168,2994,4,154,42,487,132,1600,45,2087,California
Modoc,2021-03-17,10,3545,1,388,4,2998,5,159,2,486,8,1608,7,2094,California
Modoc,2021-03-18,66,3611,2,390,57,3055,7,166,34,495,32,1640,41,2135,California
Modoc,2021-03-19,5,3616,0,390,0,3055,5,171,0,495,5,1645,5,2140,California
Modoc,2021-03-20,5,3621,2,392,0,3055,3,174,0,493,5,1650,3,2143,California
Modoc,2021-03-21,3,3624,1,393,0,3055,2,176,1,494,2,1652,3,2146,California
Modoc,2021-03-22,17,3641,1,394,11,3066,5,181,12,506,5,1657,17,2163,California
Modoc,2021-03-23,37,3678,7,401,27,3093,3,184,28,528,9,1666,31,2194,California
Modoc,2021-03-24,29,3707,1,402,18,3111,10,194,1,511,28,1694,11,2205,California
Modoc,2021-03-25,77,3784,1,403,74,3185,2,196,45,526,32,1726,47,2252,California
Modoc,2021-03-26,7,3791,2,405,2,3187,3,199,2,526,5,1731,5,2257,California
Modoc,2021-03-27,2,3793,0,405,1,3188,1,200,1,527,1,1732,2,2259,California
Modoc,2021-03-28,2,3795,1,406,0,3188,1,201,0,526,2,1734,1,2260,California
Modoc,2021-03-29,14,3809,1,407,5,3193,8,209,5,530,9,1743,13,2273,California
Modoc,2021-03-30,54,3863,9,416,38,3231,7,216,20,523,34,1777,27,2300,California
Modoc,2021-03-31,10,3873,3,419,3,3234,4,220,4,525,6,1783,8,2308,California
Modoc,2021-04-01,167,4040,2,421,160,3394,5,225,32,427,135,1918,37,2345,California
Modoc,2021-04-02,5,4045,0,421,2,3396,3,228,1,428,3,1921,4,2349,California
Modoc,2021-04-03,5,4050,2,423,0,3396,3,231,2,430,2,1923,4,2353,California
Modoc,2021-04-05,9,4059,0,423,9,3405,0,231,9,439,0,1923,9,2362,California
Modoc,2021-04-06,24,4083,5,428,9,3414,10,241,6,437,18,1941,16,2378,California
Modoc,2021-04-07,12,4095,1,429,4,3418,7,248,3,438,9,1950,10,2388,California
Modoc,2021-04-08,95,4190,1,430,92,3510,2,250,26,397,69,2019,28,2416,California
Modoc,2021-04-09,11,4201,2,432,6,3516,3,253,2,392,9,2028,4,2420,California
Modoc,2021-04-10,5,4206,0,432,1,3517,4,257,0,391,5,2033,4,2424,California
Modoc,2021-04-11,2,4208,2,434,0,3517,0,257,1,391,1,2034,1,2425,California
Modoc,2021-04-12,14,4222,0,434,10,3527,4,261,1,385,11,2045,5,2430,California
Modoc,2021-04-13,30,4252,29,463,1,3528,0,261,21,397,9,2054,21,2451,California
Modoc,2021-04-14,2,4254,2,465,0,3528,0,261,1,397,1,2055,1,2452,California
Modoc,2021-04-15,100,4354,0,465,100,3628,0,261,27,352,72,2127,27,2479,California
Modoc,2021-04-16,4,4358,4,469,0,3628,0,261,3,354,1,2128,3,2482,California
Modoc,2021-04-17,2,4360,2,471,0,3628,0,261,2,356,0,2128,2,2484,California
Modoc,2021-04-18,1,4361,0,471,1,3629,0,261,1,357,0,2128,1,2485,California
Modoc,2021-04-19,7,4368,0,471,7,3636,0,261,2,354,5,2133,2,2487,California
Modoc,2021-04-20,26,4394,2,473,24,3660,0,261,8,344,18,2151,8,2495,California
Modoc,2021-04-21,3,4397,3,476,0,3660,0,261,1,343,2,2153,1,2496,California
Modoc,2021-04-22,95,4492,1,477,94,3754,0,261,38,324,57,2210,38,2534,California
Modoc,2021-04-23,4,4496,0,477,4,3758,0,261,3,326,1,2211,3,2537,California
Modoc,2021-04-24,2,4498,0,477,1,3759,1,262,1,327,1,2212,2,2539,California
Modoc,2021-04-25,1,4499,1,478,0,3759,0,262,1,328,0,2212,1,2540,California
Modoc,2021-04-26,7,4506,0,478,7,3766,0,262,2,325,5,2217,2,2542,California
Modoc,2021-04-27,5,4511,4,482,0,3766,1,263,0,321,5,2222,1,2543,California
Modoc,2021-04-28,7,4518,1,483,5,3771,1,264,2,319,5,2227,3,2546,California
Modoc,2021-04-29,63,4581,2,485,61,3832,0,264,22,300,41,2268,22,2568,California
Modoc,2021-04-30,4,4585,3,488,1,3833,0,264,2,300,2,2270,2,2570,California
Modoc,2021-05-01,1,4586,1,489,0,3833,0,264,0,299,1,2271,0,2570,California
Modoc,2021-05-02,4,4590,3,492,1,3834,0,264,3,301,1,2272,3,2573,California
Modoc,2021-05-03,12,4602,0,492,11,3845,1,265,2,294,10,2282,3,2576,California
Modoc,2021-05-04,11,4613,3,495,6,3851,2,267,5,295,6,2288,7,2583,California
Modoc,2021-05-05,27,4640,24,519,2,3853,1,268,8,285,19,2307,9,2592,California
Modoc,2021-05-06,54,4694,3,522,49,3902,2,270,21,275,33,2340,23,2615,California
Modoc,2021-05-07,8,4702,3,525,3,3905,2,272,2,273,6,2346,4,2619,California
Modoc,2021-05-08,3,4705,2,527,0,3905,1,273,1,273,2,2348,2,2621,California
Modoc,2021-05-09,1,4706,1,528,0,3905,0,273,0,272,1,2349,0,2621,California
Modoc,2021-05-10,2,4708,0,528,1,3906,1,274,1,273,1,2350,2,2623,California
Modoc,2021-05-11,3,4711,2,530,0,3906,1,275,0,271,3,2353,1,2624,California
Modoc,2021-05-12,2,4713,0,530,0,3906,2,277,0,271,2,2355,2,2626,California
Modoc,2021-05-13,42,4755,0,530,38,3944,4,281,14,261,28,2383,18,2644,California
Modoc,2021-05-14,8,4763,3,533,0,3944,5,286,3,264,5,2388,8,2652,California
Modoc,2021-05-15,4,4767,3,536,1,3945,0,286,4,268,0,2388,4,2656,California
Modoc,2021-05-16,2,4769,1,537,1,3946,0,286,0,266,2,2390,0,2656,California
Modoc,2021-05-17,5,4774,3,540,2,3948,0,286,4,269,1,2391,4,2660,California
Modoc,2021-05-18,23,4797,12,552,9,3957,2,288,14,276,9,2400,16,2676,California
Modoc,2021-05-19,8,4805,1,553,3,3960,4,292,4,280,4,2404,8,2684,California
Modoc,2021-05-20,59,4864,3,556,47,4007,9,301,8,246,51,2455,17,2701,California
Modoc,2021-05-21,6,4870,4,560,1,4008,1,302,1,243,5,2460,2,2703,California
Modoc,2021-05-22,2,4872,2,562,0,4008,0,302,1,243,1,2461,1,2704,California
Modoc,2021-05-23,2,4874,2,564,0,4008,0,302,0,241,2,2463,0,2704,California
Modoc,2021-05-24,4,4878,1,565,1,4009,2,304,2,243,2,2465,4,2708,California
Modoc,2021-05-25,2,4880,1,566,1,4010,0,304,1,243,1,2466,1,2709,California
Modoc,2021-05-26,35,4915,32,598,3,4013,0,304,25,259,10,2476,26,2735,California
Modoc,2021-05-27,28,4943,1,599,22,4035,5,309,6,248,22,2498,11,2746,California
Modoc,2021-05-28,8,4951,1,600,4,4039,3,312,3,249,5,2503,6,2752,California
Modoc,2021-05-29,1,4952,1,601,0,4039,0,312,0,248,1,2504,0,2752,California
Modoc,2021-05-31,1,4953,0,601,0,4039,1,313,0,248,0,2504,0,2752,California
Modoc,2021-06-01,7,4960,0,601,6,4045,1,314,2,246,5,2509,3,2755,California
Modoc,2021-06-02,8,4968,0,601,6,4051,2,316,4,248,4,2513,6,2761,California
Modoc,2021-06-03,25,4993,1,602,22,4073,2,318,4,233,21,2534,6,2767,California
Modoc,2021-06-04,5,4998,3,605,1,4074,1,319,0,229,5,2539,1,2768,California
Modoc,2021-06-05,1,4999,0,605,1,4075,0,319,0,228,1,2540,0,2768,California
Modoc,2021-06-07,4,5003,4,609,0,4075,0,319,1,226,3,2543,1,2769,California
Modoc,2021-06-08,29,5032,10,619,18,4093,1,320,18,234,11,2554,19,2788,California
Modoc,2021-06-09,3,5035,2,621,1,4094,0,320,2,235,1,2555,2,2790,California
Modoc,2021-06-10,21,5056,1,622,19,4113,1,321,7,229,14,2569,8,2798,California
Modoc,2021-06-11,4,5060,2,624,1,4114,1,322,2,230,2,2571,3,2801,California
Modoc,2021-06-12,1,5061,1,625,0,4114,0,322,0,229,1,2572,0,2801,California
Modoc,2021-06-14,4,5065,0,625,2,4116,2,324,0,227,4,2576,2,2803,California
Modoc,2021-06-15,6,5071,0,625,4,4120,2,326,3,229,3,2579,5,2808,California
Modoc,2021-06-16,41,5112,25,650,11,4131,5,331,22,239,19,2598,29,2837,California
Modoc,2021-06-17,46,5158,20,670,25,4156,1,332,27,248,19,2617,28,2865,California
Modoc,2021-06-18,5,5163,0,670,3,4159,2,334,3,251,2,2619,5,2870,California
Modoc,2021-06-19,3,5166,0,670,1,4160,2,336,1,252,2,2621,3,2873,California
Modoc,2021-06-21,1,5167,0,670,1,4161,0,336,1,253,0,2621,1,2874,California
Modoc,2021-06-22,11,5178,4,674,7,4168,0,336,9,260,2,2623,9,2883,California
Modoc,2021-06-23,6,5184,0,674,3,4171,3,339,1,259,5,2628,4,2887,California
Modoc,2021-06-24,32,5216,14,688,14,4185,4,343,22,275,10,2638,26,2913,California
Modoc,2021-06-25,7,5223,0,688,5,4190,2,345,2,274,5,2643,4,2917,California
Modoc,2021-06-28,4,5227,1,689,3,4193,0,345,3,276,1,2644,3,2920,California
Modoc,2021-06-29,8,5235,1,690,6,4199,1,346,5,279,3,2647,6,2926,California
Modoc,2021-06-30,6,5241,1,691,5,4204,0,346,3,279,3,2650,3,2929,California
Mono,2020-12-18,1,1,1,1,0,0,0,0,1,1,0,0,1,1,California
Mono,2020-12-19,5,6,5,6,0,0,0,0,5,6,0,0,5,6,California
Mono,2020-12-20,7,13,7,13,0,0,0,0,7,13,0,0,7,13,California
Mono,2020-12-21,24,37,17,30,7,7,0,0,24,37,0,0,24,37,California
Mono,2020-12-22,66,103,65,95,1,8,0,0,66,103,0,0,66,103,California
Mono,2020-12-23,71,174,43,138,28,36,0,0,71,174,0,0,71,174,California
Mono,2020-12-24,3,177,1,139,2,38,0,0,3,177,0,0,3,177,California
Mono,2020-12-26,3,180,3,142,0,38,0,0,3,180,0,0,3,180,California
Mono,2020-12-27,1,181,0,142,1,39,0,0,1,181,0,0,1,181,California
Mono,2020-12-28,94,275,63,205,31,70,0,0,94,275,0,0,94,275,California
Mono,2020-12-29,29,304,29,234,0,70,0,0,29,304,0,0,29,304,California
Mono,2020-12-30,77,381,36,270,41,111,0,0,77,381,0,0,77,381,California
Mono,2020-12-31,4,385,1,271,3,114,0,0,4,385,0,0,4,385,California
Mono,2021-01-01,4,389,4,275,0,114,0,0,4,389,0,0,4,389,California
Mono,2021-01-02,2,391,2,277,0,114,0,0,2,391,0,0,2,391,California
Mono,2021-01-04,2,393,0,277,2,116,0,0,2,393,0,0,2,393,California
Mono,2021-01-05,45,438,2,279,43,159,0,0,44,436,1,1,44,437,California
Mono,2021-01-06,44,482,0,279,44,203,0,0,44,480,0,1,44,481,California
Mono,2021-01-07,55,537,3,282,52,255,0,0,53,532,2,3,54,535,California
Mono,2021-01-08,2,539,1,283,1,256,0,0,1,532,1,4,1,536,California
Mono,2021-01-09,4,543,4,287,0,256,0,0,0,528,4,8,0,536,California
Mono,2021-01-10,5,548,5,292,0,256,0,0,0,523,5,13,0,536,California
Mono,2021-01-11,8,556,5,297,3,259,0,0,4,523,4,17,4,540,California
Mono,2021-01-12,283,839,75,372,208,467,0,0,219,679,63,80,219,759,California
Mono,2021-01-13,234,1073,73,445,161,628,0,0,179,803,55,135,179,938,California
Mono,2021-01-14,74,1147,72,517,2,630,0,0,73,875,1,136,73,1011,California
Mono,2021-01-15,65,1212,3,520,62,692,0,0,65,940,0,136,65,1076,California
Mono,2021-01-16,4,1216,3,523,1,693,0,0,1,938,3,139,1,1077,California
Mono,2021-01-18,64,1280,55,578,9,702,0,0,2,878,62,201,2,1079,California
Mono,2021-01-19,210,1490,207,785,3,705,0,0,172,1013,38,239,173,1252,California
Mono,2021-01-20,235,1725,201,986,34,739,0,0,173,1124,62,301,173,1425,California
Mono,2021-01-21,4,1729,4,990,0,739,0,0,4,1128,0,301,4,1429,California
Mono,2021-01-22,4,1733,0,990,4,743,0,0,4,1132,0,301,4,1433,California
Mono,2021-01-23,590,2323,590,1580,0,743,0,0,589,1720,1,302,589,2022,California
Mono,2021-01-24,1,2324,0,1580,1,744,0,0,0,1719,1,303,0,2022,California
Mono,2021-01-25,200,2524,162,1742,38,782,0,0,161,1841,39,342,161,2183,California
Mono,2021-01-26,500,3024,498,2240,2,784,0,0,494,2329,6,348,494,2677,California
Mono,2021-01-27,4,3028,0,2240,4,788,0,0,4,2333,0,348,4,2681,California
Mono,2021-01-28,6,3034,2,2242,4,792,0,0,2,2331,4,352,2,2683,California
Mono,2021-01-30,198,3232,196,2438,2,794,0,0,197,2527,1,353,197,2880,California
Mono,2021-01-31,241,3473,136,2574,105,899,0,0,137,2560,104,457,137,3017,California
Mono,2021-02-01,27,3500,27,2601,0,899,0,0,0,2533,27,484,0,3017,California
Mono,2021-02-02,5,3505,0,2601,5,904,0,0,2,2532,3,487,2,3019,California
Mono,2021-02-03,4,3509,2,2603,2,906,0,0,2,2532,2,489,2,3021,California
Mono,2021-02-04,214,3723,159,2762,55,961,0,0,91,2502,121,610,91,3112,California
Mono,2021-02-05,611,4334,605,3367,6,967,0,0,608,3107,3,613,608,3720,California
Mono,2021-02-06,135,4469,134,3501,1,968,0,0,134,3240,1,614,134,3854,California
Mono,2021-02-07,2,4471,0,3501,2,970,0,0,2,3242,0,614,2,3856,California
Mono,2021-02-08,171,4642,171,3672,0,970,0,0,15,3102,155,769,15,3871,California
Mono,2021-02-09,231,4873,6,3678,225,1195,0,0,14,2899,217,986,14,3885,California
Mono,2021-02-10,542,5415,188,3866,354,1549,0,0,198,2754,344,1330,199,4084,California
Mono,2021-02-11,8,5423,5,3871,3,1552,0,0,3,2752,5,1335,3,4087,California
Mono,2021-02-12,89,5512,21,3892,68,1620,0,0,27,2717,62,1397,27,4114,California
Mono,2021-02-13,584,6096,584,4476,0,1620,0,0,24,2182,559,1956,24,4138,California
Mono,2021-02-15,167,6263,165,4641,2,1622,0,0,2,2021,163,2119,2,4140,California
Mono,2021-02-16,520,6783,516,5157,4,1626,0,0,45,1595,472,2591,46,4186,California
Mono,2021-02-17,6,6789,1,5158,5,1631,0,0,2,1593,4,2595,2,4188,California
Mono,2021-02-18,4,6793,2,5160,2,1633,0,0,3,1595,1,2596,3,4191,California
Mono,2021-02-19,56,6849,55,5215,1,1634,0,0,56,1651,0,2596,56,4247,California
Mono,2021-02-20,4,6853,4,5219,0,1634,0,0,4,1655,0,2596,4,4251,California
Mono,2021-02-21,6,6859,6,5225,0,1634,0,0,4,1657,2,2598,4,4255,California
Mono,2021-02-22,286,7145,285,5510,1,1635,0,0,25,1422,260,2858,25,4280,California
Mono,2021-02-23,143,7288,123,5633,20,1655,0,0,24,1327,119,2977,24,4304,California
Mono,2021-02-24,10,7298,2,5635,8,1663,0,0,3,1323,7,2984,3,4307,California
Mono,2021-02-25,5,7303,2,5637,3,1666,0,0,3,1325,1,2985,3,4310,California
Mono,2021-02-26,596,7899,594,6231,2,1668,0,0,21,772,574,3559,21,4331,California
Mono,2021-02-27,138,8037,134,6365,4,1672,0,0,4,644,132,3691,4,4335,California
Mono,2021-02-28,1,8038,0,6365,0,1672,1,1,0,644,1,3692,1,4336,California
Mono,2021-03-01,3,8041,2,6367,1,1673,0,1,2,646,0,3692,2,4338,California
Mono,2021-03-02,6,8047,4,6371,2,1675,0,1,4,648,2,3694,4,4342,California
Mono,2021-03-03,114,8161,3,6374,111,1786,0,1,110,755,3,3697,110,4452,California
Mono,2021-03-04,6,8167,2,6376,4,1790,0,1,3,755,3,3700,3,4455,California
Mono,2021-03-05,37,8204,28,6404,9,1799,0,1,13,744,24,3724,13,4468,California
Mono,2021-03-06,506,8710,18,6422,488,2287,0,1,497,1235,7,3731,498,4966,California
Mono,2021-03-07,1,8711,0,6422,1,2288,0,1,0,1234,1,3732,0,4966,California
Mono,2021-03-08,531,9242,11,6433,517,2805,3,4,521,1748,10,3742,524,5490,California
Mono,2021-03-09,6,9248,2,6435,3,2808,1,5,3,1750,2,3744,4,5494,California
Mono,2021-03-10,287,9535,91,6526,193,3001,3,8,8,1485,276,4020,11,5505,California
Mono,2021-03-11,10,9545,0,6526,1,3002,9,17,0,1484,10,4030,9,5514,California
Mono,2021-03-12,6,9551,1,6527,1,3003,4,21,0,1482,6,4036,4,5518,California
Mono,2021-03-13,820,10371,384,6911,436,3439,0,21,812,2286,8,4044,812,6330,California
Mono,2021-03-14,5,10376,5,6916,0,3439,0,21,1,2283,4,4048,1,6331,California
Mono,2021-03-15,31,10407,23,6939,3,3442,5,26,14,2286,16,4064,19,6350,California
Mono,2021-03-16,16,10423,6,6945,4,3446,6,32,8,2292,8,4072,14,6364,California
Mono,2021-03-17,33,10456,5,6950,20,3466,8,40,21,2309,12,4084,29,6393,California
Mono,2021-03-18,21,10477,2,6952,11,3477,8,48,8,2312,13,4097,16,6409,California
Mono,2021-03-19,21,10498,1,6953,17,3494,3,51,17,2329,3,4100,20,6429,California
Mono,2021-03-20,5,10503,3,6956,1,3495,1,52,4,2333,1,4101,5,6434,California
Mono,2021-03-21,1,10504,1,6957,0,3495,0,52,1,2334,0,4101,1,6435,California
Mono,2021-03-22,11,10515,0,6957,6,3501,5,57,5,2338,6,4107,10,6445,California
Mono,2021-03-23,43,10558,6,6963,32,3533,5,62,17,2334,26,4133,22,6467,California
Mono,2021-03-24,14,10572,1,6964,8,3541,5,67,5,2336,9,4142,11,6478,California
Mono,2021-03-25,19,10591,3,6967,12,3553,4,71,12,2345,7,4149,16,6494,California
Mono,2021-03-26,19,10610,3,6970,11,3564,5,76,10,2352,8,4157,15,6509,California
Mono,2021-03-27,353,10963,350,7320,3,3567,0,76,326,2651,27,4184,326,6835,California
Mono,2021-03-29,10,10973,3,7323,6,3573,1,77,8,2658,2,4186,9,6844,California
Mono,2021-03-30,12,10985,0,7323,8,3581,4,81,7,2664,5,4191,11,6855,California
Mono,2021-03-31,135,11120,7,7330,127,3708,1,82,23,2577,111,4302,24,6879,California
Mono,2021-04-01,9,11129,0,7330,8,3716,1,83,4,2577,5,4307,5,6884,California
Mono,2021-04-02,19,11148,2,7332,17,3733,0,83,8,2574,11,4318,8,6892,California
Mono,2021-04-03,862,12010,371,7703,491,4224,0,83,48,1811,811,5129,48,6940,California
Mono,2021-04-04,1,12011,1,7704,0,4224,0,83,0,1810,1,5130,0,6940,California
Mono,2021-04-05,529,12540,18,7722,510,4734,1,84,35,1353,493,5623,36,6976,California
Mono,2021-04-06,19,12559,1,7723,5,4739,13,97,1,1349,18,5641,14,6990,California
Mono,2021-04-07,23,12582,2,7725,2,4741,19,116,2,1349,21,5662,21,7011,California
Mono,2021-04-08,26,12608,4,7729,3,4744,19,135,6,1354,20,5682,25,7036,California
Mono,2021-04-09,39,12647,4,7733,6,4750,29,164,9,1362,30,5712,38,7074,California
Mono,2021-04-10,451,13098,2,7735,442,5192,7,171,30,978,421,6133,37,7111,California
Mono,2021-04-11,1,13099,1,7736,0,5192,0,171,0,977,1,6134,0,7111,California
Mono,2021-04-12,6,13105,0,7736,3,5195,3,174,3,980,3,6137,6,7117,California
Mono,2021-04-13,20,13125,3,7739,16,5211,1,175,14,989,6,6143,15,7132,California
Mono,2021-04-14,26,13151,2,7741,24,5235,0,175,8,979,18,6161,8,7140,California
Mono,2021-04-15,18,13169,4,7745,14,5249,0,175,10,981,8,6169,10,7150,California
Mono,2021-04-16,18,13187,1,7746,17,5266,0,175,7,977,11,6180,7,7157,California
Mono,2021-04-17,52,13239,2,7748,50,5316,0,175,45,1015,7,6187,45,7202,California
Mono,2021-04-18,1,13240,0,7748,1,5317,0,175,1,1016,0,6187,1,7203,California
Mono,2021-04-19,538,13778,329,8077,209,5526,0,175,202,885,333,6520,202,7405,California
Mono,2021-04-20,15,13793,2,8079,13,5539,0,175,10,890,5,6525,10,7415,California
Mono,2021-04-21,7,13800,0,8079,7,5546,0,175,2,887,5,6530,2,7417,California
Mono,2021-04-22,25,13825,11,8090,14,5560,0,175,11,884,14,6544,11,7428,California
Mono,2021-04-23,22,13847,2,8092,20,5580,0,175,12,886,10,6554,12,7440,California
Mono,2021-04-24,35,13882,21,8113,14,5594,0,175,20,891,15,6569,20,7460,California
Mono,2021-04-25,3,13885,2,8115,1,5595,0,175,3,894,0,6569,3,7463,California
Mono,2021-04-26,12,13897,2,8117,10,5605,0,175,3,888,9,6578,3,7466,California
Mono,2021-04-27,67,13964,41,8158,19,5624,7,182,51,930,16,6594,58,7524,California
Mono,2021-04-28,62,14026,40,8198,18,5642,4,186,48,970,12,6606,52,7576,California
Mono,2021-04-29,10,14036,3,8201,4,5646,3,189,3,969,7,6613,6,7582,California
Mono,2021-04-30,18,14054,3,8204,12,5658,3,192,8,970,10,6623,11,7593,California
Mono,2021-05-01,109,14163,5,8209,104,5762,0,192,96,1054,12,6635,96,7689,California
Mono,2021-05-02,1,14164,1,8210,0,5762,0,192,1,1055,0,6635,1,7690,California
Mono,2021-05-03,2,14166,1,8211,1,5763,0,192,1,1055,1,6636,1,7691,California
Mono,2021-05-04,20,14186,1,8212,13,5776,6,198,10,1061,10,6646,16,7707,California
Mono,2021-05-05,52,14238,8,8220,40,5816,4,202,45,1103,7,6653,49,7756,California
Mono,2021-05-06,16,14254,4,8224,11,5827,1,203,10,1108,6,6659,11,7767,California
Mono,2021-05-07,30,14284,22,8246,8,5835,0,203,25,1128,5,6664,25,7792,California
Mono,2021-05-08,53,14337,7,8253,46,5881,0,203,24,1123,29,6693,24,7816,California
Mono,2021-05-09,1,14338,1,8254,0,5881,0,203,0,1123,0,6693,0,7816,California
Mono,2021-05-10,18,14356,1,8255,13,5894,4,207,9,1127,9,6702,13,7829,California
Mono,2021-05-11,15,14371,2,8257,10,5904,3,210,5,1125,10,6712,8,7837,California
Mono,2021-05-12,12,14383,0,8257,11,5915,1,211,4,1122,8,6720,5,7842,California
Mono,2021-05-13,47,14430,31,8288,15,5930,1,212,38,1152,9,6729,39,7881,California
Mono,2021-05-14,11,14441,1,8289,9,5939,1,213,6,1154,5,6734,7,7888,California
Mono,2021-05-15,66,14507,24,8313,35,5974,7,220,19,1133,47,6781,26,7914,California
Mono,2021-05-16,6,14513,4,8317,1,5975,1,221,2,1132,4,6785,3,7917,California
Mono,2021-05-17,250,14763,34,8351,209,6184,7,228,54,999,195,6980,62,7979,California
Mono,2021-05-18,134,14897,110,8461,23,6207,1,229,87,1041,47,7027,89,8068,California
Mono,2021-05-19,118,15015,111,8572,2,6209,5,234,75,1078,43,7070,80,8148,California
Mono,2021-05-20,71,15086,56,8628,10,6219,5,239,54,1120,17,7087,59,8207,California
Mono,2021-05-21,23,15109,4,8632,16,6235,3,242,10,1120,13,7100,13,8220,California
Mono,2021-05-22,22,15131,12,8644,8,6243,2,244,16,1132,6,7106,18,8238,California
Mono,2021-05-23,2,15133,0,8644,2,6245,0,244,1,1132,1,7107,1,8239,California
Mono,2021-05-24,16,15149,2,8646,13,6258,1,245,9,1136,7,7114,11,8250,California
Mono,2021-05-25,15,15164,5,8651,10,6268,0,245,8,1137,7,7121,8,8258,California
Mono,2021-05-26,18,15182,2,8653,15,6283,1,246,7,1134,11,7132,8,8266,California
Mono,2021-05-27,8,15190,0,8653,8,6291,0,246,5,1137,2,7134,5,8271,California
Mono,2021-05-28,42,15232,28,8681,14,6305,0,246,11,1117,31,7165,11,8282,California
Mono,2021-05-29,129,15361,27,8708,99,6404,3,249,32,1055,97,7262,35,8317,California
Mono,2021-06-01,16,15377,7,8715,9,6413,0,249,9,1057,7,7269,9,8326,California
Mono,2021-06-02,48,15425,4,8719,44,6457,0,249,11,1031,37,7306,11,8337,California
Mono,2021-06-03,11,15436,1,8720,7,6464,3,252,1,1025,10,7316,4,8341,California
Mono,2021-06-04,12,15448,1,8721,10,6474,1,253,3,1020,9,7325,4,8345,California
Mono,2021-06-05,44,15492,23,8744,21,6495,0,253,5,986,39,7364,5,8350,California
Mono,2021-06-06,1,15493,0,8744,1,6496,0,253,0,985,1,7365,0,8350,California
Mono,2021-06-07,99,15592,87,8831,8,6504,4,257,12,914,87,7452,16,8366,California
Mono,2021-06-08,113,15705,103,8934,8,6512,2,259,12,827,101,7553,14,8380,California
Mono,2021-06-09,6,15711,1,8935,5,6517,0,259,1,823,5,7558,1,8381,California
Mono,2021-06-10,6,15717,0,8935,4,6521,2,261,2,823,4,7562,4,8385,California
Mono,2021-06-11,74,15791,62,8997,7,6528,5,266,6,766,68,7630,11,8396,California
Mono,2021-06-12,1,15792,1,8998,0,6528,0,266,0,765,1,7631,0,8396,California
Mono,2021-06-13,1,15793,0,8998,1,6529,0,266,1,766,0,7631,1,8397,California
Mono,2021-06-14,65,15858,30,9028,29,6558,6,272,20,747,45,7676,26,8423,California
Mono,2021-06-15,8,15866,5,9033,3,6561,0,272,4,747,4,7680,4,8427,California
Mono,2021-06-16,14,15880,5,9038,9,6570,0,272,6,745,8,7688,6,8433,California
Mono,2021-06-17,6,15886,1,9039,3,6573,2,274,2,745,4,7692,4,8437,California
Mono,2021-06-18,5,15891,3,9042,1,6574,1,275,1,744,3,7695,2,8439,California
Mono,2021-06-19,3,15894,3,9045,0,6574,0,275,3,747,0,7695,3,8442,California
Mono,2021-06-20,1,15895,0,9045,1,6575,0,275,0,746,1,7696,0,8442,California
Mono,2021-06-21,14,15909,2,9047,10,6585,2,277,3,741,10,7706,5,8447,California
Mono,2021-06-22,13,15922,2,9049,10,6595,1,278,4,738,8,7714,5,8452,California
Mono,2021-06-23,12,15934,0,9049,6,6601,6,284,2,737,10,7724,9,8461,California
Mono,2021-06-24,7,15941,0,9049,5,6606,2,286,2,736,5,7729,4,8465,California
Mono,2021-06-25,33,15974,22,9071,11,6617,0,286,7,717,26,7755,7,8472,California
Mono,2021-06-26,1,15975,1,9072,0,6617,0,286,0,716,1,7756,0,8472,California
Mono,2021-06-28,11,15986,7,9079,1,6618,3,289,2,712,9,7765,5,8477,California
Mono,2021-06-29,2,15988,2,9081,0,6618,0,289,2,714,0,7765,2,8479,California
Mono,2021-06-30,6,15994,1,9082,3,6621,2,291,3,716,3,7768,5,8484,California
Monterey,2020-12-16,6,6,6,6,0,0,0,0,6,6,0,0,6,6,California
Monterey,2020-12-17,87,93,87,93,0,0,0,0,87,93,0,0,87,93,California
Monterey,2020-12-18,488,581,488,581,0,0,0,0,488,581,0,0,488,581,California
Monterey,2020-12-19,582,1163,581,1162,1,1,0,0,581,1162,0,0,581,1162,California
Monterey,2020-12-20,421,1584,420,1582,1,2,0,0,421,1583,0,0,421,1583,California
Monterey,2020-12-21,724,2308,724,2306,0,2,0,0,724,2307,0,0,724,2307,California
Monterey,2020-12-22,536,2844,523,2829,13,15,0,0,536,2843,0,0,536,2843,California
Monterey,2020-12-23,442,3286,266,3095,176,191,0,0,442,3285,0,0,442,3285,California
Monterey,2020-12-24,84,3370,10,3105,74,265,0,0,84,3369,0,0,84,3369,California
Monterey,2020-12-25,6,3376,0,3105,6,271,0,0,6,3375,0,0,6,3375,California
Monterey,2020-12-26,92,3468,5,3110,87,358,0,0,92,3467,0,0,92,3467,California
Monterey,2020-12-27,6,3474,3,3113,3,361,0,0,6,3473,0,0,6,3473,California
Monterey,2020-12-28,477,3951,25,3138,452,813,0,0,477,3950,0,0,477,3950,California
Monterey,2020-12-29,901,4852,168,3306,733,1546,0,0,901,4851,0,0,901,4851,California
Monterey,2020-12-30,567,5419,98,3404,469,2015,0,0,567,5418,0,0,567,5418,California
Monterey,2020-12-31,33,5452,11,3415,22,2037,0,0,33,5451,0,0,33,5451,California
Monterey,2021-01-01,13,5465,3,3418,10,2047,0,0,13,5464,0,0,13,5464,California
Monterey,2021-01-02,137,5602,134,3552,3,2050,0,0,137,5601,0,0,137,5601,California
Monterey,2021-01-03,30,5632,29,3581,1,2051,0,0,30,5631,0,0,30,5631,California
Monterey,2021-01-04,412,6044,19,3600,393,2444,0,0,412,6043,0,0,412,6043,California
Monterey,2021-01-05,758,6802,330,3930,428,2872,0,0,744,6773,14,14,744,6787,California
Monterey,2021-01-06,662,7464,175,4105,487,3359,0,0,638,7387,24,38,638,7425,California
Monterey,2021-01-07,753,8217,577,4682,176,3535,0,0,425,7486,326,364,425,7850,California
Monterey,2021-01-08,1093,9310,738,5420,355,3890,0,0,394,7181,699,1063,394,8244,California
Monterey,2021-01-09,963,10273,933,6353,30,3920,0,0,311,6842,650,1713,311,8555,California
Monterey,2021-01-10,272,10545,270,6623,2,3922,0,0,8,6586,264,1977,8,8563,California
Monterey,2021-01-11,1068,11613,986,7609,82,4004,0,0,365,6248,703,2680,365,8928,California
Monterey,2021-01-12,474,12087,395,8004,79,4083,0,0,210,6194,264,2944,210,9138,California
Monterey,2021-01-13,1222,13309,595,8599,627,4710,0,0,1176,7324,46,2990,1176,10314,California
Monterey,2021-01-14,1200,14509,244,8843,956,5666,0,0,1180,8488,20,3010,1184,11498,California
Monterey,2021-01-15,1057,15566,46,8889,1011,6677,0,0,1045,9521,12,3022,1045,12543,California
Monterey,2021-01-16,365,15931,300,9189,65,6742,0,0,360,9876,5,3027,360,12903,California
Monterey,2021-01-17,313,16244,293,9482,20,6762,0,0,301,10165,12,3039,301,13204,California
Monterey,2021-01-18,399,16643,49,9531,350,7112,0,0,377,10520,22,3061,377,13581,California
Monterey,2021-01-19,584,17227,399,9930,185,7297,0,0,421,10780,161,3222,421,14002,California
Monterey,2021-01-20,545,17772,271,10201,274,7571,0,0,336,10907,209,3431,336,14338,California
Monterey,2021-01-21,873,18645,115,10316,758,8329,0,0,761,11560,112,3543,765,15103,California
Monterey,2021-01-22,1072,19717,201,10517,871,9200,0,0,1031,12550,41,3584,1031,16134,California
Monterey,2021-01-23,245,19962,175,10692,70,9270,0,0,121,12550,123,3707,123,16257,California
Monterey,2021-01-24,61,20023,38,10730,23,9293,0,0,27,12543,34,3741,27,16284,California
Monterey,2021-01-25,803,20826,176,10906,627,9920,0,0,177,12101,619,4360,177,16461,California
Monterey,2021-01-26,955,21781,234,11140,721,10641,0,0,253,11652,702,5062,253,16714,California
Monterey,2021-01-27,853,22634,298,11438,555,11196,0,0,371,11541,482,5544,371,17085,California
Monterey,2021-01-28,2031,24665,741,12179,1290,12486,0,0,1688,12888,343,5887,1690,18775,California
Monterey,2021-01-29,1284,25949,716,12895,568,13054,0,0,1166,13938,117,6004,1167,19942,California
Monterey,2021-01-30,465,26414,295,13190,170,13224,0,0,209,13891,256,6260,209,20151,California
Monterey,2021-01-31,496,26910,74,13264,422,13646,0,0,485,14366,11,6271,486,20637,California
Monterey,2021-02-01,1646,28556,1131,14395,515,14161,0,0,1076,14874,568,6839,1076,21713,California
Monterey,2021-02-02,2189,30745,478,14873,1711,15872,0,0,1576,15838,612,7451,1576,23289,California
Monterey,2021-02-03,2345,33090,1052,15925,1293,17165,0,0,1566,16629,775,8226,1566,24855,California
Monterey,2021-02-04,2817,35907,2101,18026,716,17881,0,0,2463,18743,349,8575,2463,27318,California
Monterey,2021-02-05,3675,39582,2828,20854,847,18728,0,0,3233,21539,437,9012,3233,30551,California
Monterey,2021-02-06,1101,40683,379,21233,722,19450,0,0,756,21953,342,9354,756,31307,California
Monterey,2021-02-07,317,41000,272,21505,45,19495,0,0,96,21828,221,9575,96,31403,California
Monterey,2021-02-08,520,41520,291,21796,229,19724,0,0,421,22150,99,9674,421,31824,California
Monterey,2021-02-09,879,42399,684,22480,195,19919,0,0,567,22407,312,9986,569,32393,California
Monterey,2021-02-10,2095,44494,1108,23588,987,20906,0,0,1236,22786,859,10845,1238,33631,California
Monterey,2021-02-11,2522,47016,977,24565,1545,22451,0,0,1537,23342,983,11828,1539,35170,California
Monterey,2021-02-12,2626,49642,447,25012,2179,24630,0,0,1524,23766,1101,12929,1525,36695,California
Monterey,2021-02-13,1079,50721,50,25062,1029,25659,0,0,989,24666,89,13018,989,37684,California
Monterey,2021-02-14,598,51319,74,25136,524,26183,0,0,525,25118,73,13091,525,38209,California
Monterey,2021-02-15,1387,52706,167,25303,1220,27403,0,0,979,25692,406,13497,980,39189,California
Monterey,2021-02-16,1100,53806,249,25552,851,28254,0,0,873,26338,227,13724,873,40062,California
Monterey,2021-02-17,1973,55779,1181,26733,792,29046,0,0,1657,27682,315,14039,1659,41721,California
Monterey,2021-02-18,2246,58025,1181,27914,1065,30111,0,0,911,27275,1320,15359,913,42634,California
Monterey,2021-02-19,2968,60993,1553,29467,1415,31526,0,0,1346,27006,1617,16976,1348,43982,California
Monterey,2021-02-20,1043,62036,629,30096,414,31940,0,0,978,27922,63,17039,979,44961,California
Monterey,2021-02-21,1312,63348,1281,31377,31,31971,0,0,1233,29082,74,17113,1234,46195,California
Monterey,2021-02-22,1046,64394,894,32271,152,32123,0,0,680,29400,362,17475,680,46875,California
Monterey,2021-02-23,1018,65412,647,32918,371,32494,0,0,326,29036,691,18166,327,47202,California
Monterey,2021-02-24,2482,67894,1318,34236,1164,33658,0,0,1865,30290,612,18778,1866,49068,California
Monterey,2021-02-25,4415,72309,2420,36656,1995,35653,0,0,1476,28836,2932,21710,1478,50546,California
Monterey,2021-02-26,5303,77612,3087,39743,2216,37869,0,0,2632,28801,2668,24378,2633,53179,California
Monterey,2021-02-27,1026,78638,187,39930,839,38708,0,0,816,29412,205,24583,816,53995,California
Monterey,2021-02-28,1536,80174,86,40016,1449,40157,1,1,1067,30017,463,25046,1068,55063,California
Monterey,2021-03-01,1296,81470,144,40160,1149,41306,3,4,753,30236,537,25583,756,55819,California
Monterey,2021-03-02,2817,84287,1733,41893,1084,42390,0,4,1954,31331,859,26442,1954,57773,California
Monterey,2021-03-03,3224,87511,1247,43140,1977,44367,0,4,1284,30680,1936,28378,1285,59058,California
Monterey,2021-03-04,4576,92087,1476,44616,3100,47467,0,4,2944,32000,1626,30004,2946,62004,California
Monterey,2021-03-05,3676,95763,1620,46236,1776,49243,280,284,3002,34609,673,30677,3282,65286,California
Monterey,2021-03-06,5065,100828,1069,47305,3692,52935,304,588,4158,38166,904,31581,4461,69747,California
Monterey,2021-03-07,522,101350,107,47412,169,53104,246,834,232,38353,289,31870,476,70223,California
Monterey,2021-03-08,1674,103024,329,47741,957,54061,388,1222,1128,39320,546,32416,1513,71736,California
Monterey,2021-03-09,1992,105016,699,48440,1018,55079,275,1497,1488,40577,503,32919,1760,73496,California
Monterey,2021-03-10,3190,108206,1035,49475,1668,56747,487,1984,1471,40820,1712,34631,1955,75451,California
Monterey,2021-03-11,4167,112373,1412,50887,2380,59127,375,2359,2392,41828,1759,36390,2767,78218,California
Monterey,2021-03-12,4426,116799,2046,52933,2245,61372,135,2494,2728,42995,1695,38085,2862,81080,California
Monterey,2021-03-13,5311,122110,963,53896,4001,65373,347,2841,3980,45993,1329,39414,4327,85407,California
Monterey,2021-03-14,2159,124269,1328,55224,806,66179,25,2866,531,44940,1609,41023,556,85963,California
Monterey,2021-03-15,3990,128259,1274,56498,2413,68592,303,3169,2252,45762,1734,42757,2556,88519,California
Monterey,2021-03-16,3550,131809,594,57092,2565,71157,391,3560,2120,46841,1428,44185,2507,91026,California
Monterey,2021-03-17,5824,137633,2366,59458,3201,74358,257,3817,4203,49693,1613,45798,4465,95491,California
Monterey,2021-03-18,4467,142100,2168,61626,2130,76488,169,3986,3104,51646,1357,47155,3310,98801,California
Monterey,2021-03-19,5510,147610,2577,64203,2787,79275,146,4132,4224,54734,1281,48436,4369,103170,California
Monterey,2021-03-20,3372,150982,425,64628,2254,81529,693,4825,2282,56624,1085,49521,2975,106145,California
Monterey,2021-03-21,641,151623,214,64842,418,81947,9,4834,569,57131,70,49591,577,106722,California
Monterey,2021-03-22,2503,154126,1443,66285,997,82944,63,4897,2286,59264,214,49805,2347,109069,California
Monterey,2021-03-23,4027,158153,2361,68646,1623,84567,43,4940,2548,60381,1474,51279,2591,111660,California
Monterey,2021-03-24,5129,163282,2124,70770,2686,87253,319,5259,3741,63056,1381,52660,4056,115716,California
Monterey,2021-03-25,5336,168618,1230,72000,3747,91000,359,5618,2691,63471,2636,55296,3051,118767,California
Monterey,2021-03-26,5463,174081,2615,74615,2762,93762,86,5704,2796,63700,2655,57951,2884,121651,California
Monterey,2021-03-27,4855,178936,1451,76066,3149,96911,255,5959,3129,65363,1723,59674,3386,125037,California
Monterey,2021-03-28,1127,180063,346,76412,772,97683,9,5968,633,65519,486,60160,642,125679,California
Monterey,2021-03-29,3233,183296,1418,77830,1801,99484,14,5982,2007,66327,1218,61378,2026,127705,California
Monterey,2021-03-30,4523,187819,2142,79972,2335,101819,46,6028,2777,67418,1735,63113,2826,130531,California
Monterey,2021-03-31,5316,193135,2300,82272,2218,104037,798,6826,3322,69539,1990,65103,4111,134642,California
Monterey,2021-04-01,6152,199287,2065,84337,3675,107712,412,7238,3115,70039,3021,68124,3521,138163,California
Monterey,2021-04-02,4707,203994,2188,86525,2455,110167,64,7302,3165,71730,1540,69664,3231,141394,California
Monterey,2021-04-03,5943,209937,1119,87644,3778,113945,1046,8348,1232,69298,4702,74366,2270,143664,California
Monterey,2021-04-04,769,210706,157,87801,597,114542,15,8363,497,69540,272,74638,514,144178,California
Monterey,2021-04-05,4041,214747,2497,90298,1308,115850,236,8599,1507,68752,2529,77167,1741,145919,California
Monterey,2021-04-06,3452,218199,1356,91654,1623,117473,473,9072,1187,68148,2261,79428,1657,147576,California
Monterey,2021-04-07,5652,223851,1392,93046,3741,121214,519,9591,2708,68437,2933,82361,3222,150798,California
Monterey,2021-04-08,6695,230546,3515,96561,2370,123584,810,10401,3306,69169,3385,85746,4117,154915,California
Monterey,2021-04-09,5769,236315,3435,99996,1693,125277,641,11042,2292,68624,3474,89220,2929,157844,California
Monterey,2021-04-10,10297,246612,4964,104960,3125,128402,2208,13250,4998,70537,5287,94507,7200,165044,California
Monterey,2021-04-11,5516,252128,4338,109298,571,128973,607,13857,4466,74560,1044,95551,5067,170111,California
Monterey,2021-04-12,4154,256282,1883,111181,1955,130928,316,14173,960,72780,3055,98606,1275,171386,California
Monterey,2021-04-13,3228,259510,742,111923,2480,133408,6,14179,1552,72682,1658,100264,1560,172946,California
Monterey,2021-04-14,6857,266367,3189,115112,3665,137073,3,14182,1865,69583,4968,105232,1869,174815,California
Monterey,2021-04-15,5921,272288,3910,119022,2011,139084,0,14182,3886,71466,2004,107236,3887,178702,California
Monterey,2021-04-16,4827,277115,2374,121396,2440,141524,13,14195,2178,71027,2631,109867,2192,180894,California
Monterey,2021-04-17,5861,282976,1400,122796,4461,145985,0,14195,3800,72783,2045,111912,3801,184695,California
Monterey,2021-04-18,884,283860,292,123088,592,146577,0,14195,257,72417,623,112535,257,184952,California
Monterey,2021-04-19,3623,287483,1159,124247,2464,149041,0,14195,1648,72104,1961,114496,1648,186600,California
Monterey,2021-04-20,3845,291328,1546,125793,2299,151340,0,14195,1526,71336,2295,116791,1527,188127,California
Monterey,2021-04-21,6195,297523,3377,129170,2818,154158,0,14195,2960,71104,3194,119985,2962,191089,California
Monterey,2021-04-22,4899,302422,1069,130239,3830,157988,0,14195,1999,70247,2856,122841,1999,193088,California
Monterey,2021-04-23,5756,308178,2716,132955,3039,161027,1,14196,2268,69054,3467,126308,2274,195362,California
Monterey,2021-04-24,4289,312467,582,133537,3707,164734,0,14196,1545,67872,2727,129035,1545,196907,California
Monterey,2021-04-25,1247,313714,608,134145,639,165373,0,14196,788,68211,449,129484,788,197695,California
Monterey,2021-04-26,3786,317500,2243,136388,1526,166899,17,14213,983,66434,2777,132261,1000,198695,California
Monterey,2021-04-27,2884,320384,945,137333,1799,168698,140,14353,1222,66137,1658,133919,1361,200056,California
Monterey,2021-04-28,3664,324048,1401,138734,2111,170809,152,14505,2254,67142,1396,135315,2401,202457,California
Monterey,2021-04-29,4552,328600,2438,141172,2038,172847,76,14581,1667,66014,2872,138187,1744,204201,California
Monterey,2021-04-30,3245,331845,1686,142858,1484,174331,75,14656,832,64515,2404,140591,905,205106,California
Monterey,2021-05-01,5642,337487,4237,147095,1365,175696,40,14696,685,60302,4936,145527,723,205829,California
Monterey,2021-05-02,4350,341837,3923,151018,400,176096,27,14723,302,56597,4034,149561,329,206158,California
Monterey,2021-05-03,2545,344382,1566,152584,865,176961,114,14837,583,55342,1952,151513,697,206855,California
Monterey,2021-05-04,1826,346208,627,153211,1109,178070,90,14927,660,54941,1152,152665,751,207606,California
Monterey,2021-05-05,3381,349589,1243,154454,2053,180123,85,15012,1073,53803,2297,154962,1159,208765,California
Monterey,2021-05-06,4218,353807,2780,157234,1221,181344,217,15229,1123,52062,3080,158042,1339,210104,California
Monterey,2021-05-07,1970,355777,954,158188,918,182262,98,15327,705,51608,1256,159298,802,210906,California
Monterey,2021-05-08,2715,358492,1483,159671,909,183171,323,15650,964,51155,1739,161037,1286,212192,California
Monterey,2021-05-09,392,358884,113,159784,252,183423,27,15677,127,51045,264,161301,154,212346,California
Monterey,2021-05-10,2824,361708,2082,161866,695,184118,47,15724,523,49328,2289,163590,572,212918,California
Monterey,2021-05-11,1865,363573,952,162818,835,184953,78,15802,759,49073,1093,164683,838,213756,California
Monterey,2021-05-12,3929,367502,2075,164893,1771,186724,83,15885,876,46994,3039,167722,960,214716,California
Monterey,2021-05-13,2683,370185,1604,166497,1025,187749,54,15939,1536,47446,1136,168858,1588,216304,California
Monterey,2021-05-14,1872,372057,582,167079,1190,188939,100,16039,740,47164,1122,169980,840,217144,California
Monterey,2021-05-15,3389,375446,827,167906,2296,191235,266,16305,955,45960,2421,172401,1217,218361,California
Monterey,2021-05-16,982,376428,631,168537,280,191515,71,16376,283,45620,693,173094,353,218714,California
Monterey,2021-05-17,2245,378673,1342,169879,826,192341,77,16453,1069,45603,1163,174257,1146,219860,California
Monterey,2021-05-18,1758,380431,692,170571,1022,193363,44,16497,813,45526,936,175193,859,220719,California
Monterey,2021-05-19,3632,384063,2356,172927,1186,194549,90,16587,1937,45866,1689,176882,2029,222748,California
Monterey,2021-05-20,2785,386848,982,173909,1693,196242,110,16697,935,45078,1836,178718,1048,223796,California
Monterey,2021-05-21,3281,390129,1324,175233,1864,198106,93,16790,1010,43923,2257,180975,1102,224898,California
Monterey,2021-05-22,2131,392260,733,175966,1118,199224,280,17070,807,43695,1313,182288,1085,225983,California
Monterey,2021-05-23,863,393123,506,176472,341,199565,16,17086,490,43834,367,182655,506,226489,California
Monterey,2021-05-24,1739,394862,563,177035,1114,200679,62,17148,579,43320,1156,183811,642,227131,California
Monterey,2021-05-25,1434,396296,548,177583,816,201495,70,17218,567,43105,852,184663,637,227768,California
Monterey,2021-05-26,2676,398972,1031,178614,1589,203084,56,17274,1014,42529,1647,186310,1071,228839,California
Monterey,2021-05-27,2493,401465,1366,179980,1070,204154,57,17331,895,41900,1582,187892,953,229792,California
Monterey,2021-05-28,1744,403209,581,180561,1103,205257,60,17391,753,41734,980,188872,814,230606,California
Monterey,2021-05-29,991,404200,636,181197,322,205579,33,17424,403,41589,582,189454,437,231043,California
Monterey,2021-05-30,380,404580,164,181361,202,205781,14,17438,142,41508,237,189691,156,231199,California
Monterey,2021-05-31,187,404767,34,181395,144,205925,9,17447,53,41437,133,189824,62,231261,California
Monterey,2021-06-01,1722,406489,924,182319,666,206591,132,17579,531,40924,1172,190996,659,231920,California
Monterey,2021-06-02,1688,408177,978,183297,661,207252,49,17628,700,40690,983,191979,749,232669,California
Monterey,2021-06-03,2226,410403,1418,184715,773,208025,35,17663,519,39546,1697,193676,553,233222,California
Monterey,2021-06-04,1333,411736,688,185403,611,208636,34,17697,530,39315,795,194471,564,233786,California
Monterey,2021-06-05,2175,413911,853,186256,702,209338,620,18317,472,38711,1688,196159,1084,234870,California
Monterey,2021-06-06,493,414404,406,186662,78,209416,9,18326,251,38729,241,196400,259,235129,California
Monterey,2021-06-07,942,415346,487,187149,408,209824,47,18373,361,38565,570,196970,406,235535,California
Monterey,2021-06-08,1182,416528,741,187890,417,210241,24,18397,419,38255,752,197722,442,235977,California
Monterey,2021-06-09,2918,419446,2190,190080,602,210843,126,18523,641,36749,2273,199995,767,236744,California
Monterey,2021-06-10,1529,420975,939,191019,529,211372,61,18584,543,36372,979,200974,602,237346,California
Monterey,2021-06-11,1404,422379,765,191784,563,211935,76,18660,510,36069,887,201861,584,237930,California
Monterey,2021-06-12,749,423128,511,192295,223,212158,15,18675,351,36039,396,202257,366,238296,California
Monterey,2021-06-13,597,423725,463,192758,121,212279,13,18688,125,35708,468,202725,137,238433,California
Monterey,2021-06-14,1404,425129,1009,193767,361,212640,34,18722,367,35079,1030,203755,401,238834,California
Monterey,2021-06-15,1171,426300,597,194364,451,213091,123,18845,410,34860,752,204507,533,239367,California
Monterey,2021-06-16,1592,427892,1112,195476,447,213538,33,18878,408,34125,1176,205683,441,239808,California
Monterey,2021-06-17,1185,429077,689,196165,342,213880,154,19032,430,33957,751,206434,583,240391,California
Monterey,2021-06-18,1210,430287,731,196896,450,214330,29,19061,538,33858,666,207100,567,240958,California
Monterey,2021-06-19,1306,431593,1009,197905,266,214596,31,19092,490,33571,808,207908,521,241479,California
Monterey,2021-06-20,236,431829,158,198063,70,214666,8,19100,81,33506,155,208063,90,241569,California
Monterey,2021-06-21,678,432507,371,198434,272,214938,35,19135,387,33641,286,208349,421,241990,California
Monterey,2021-06-22,1521,434028,979,199413,353,215291,189,19324,498,33312,1011,209360,682,242672,California
Monterey,2021-06-23,1080,435108,722,200135,324,215615,34,19358,439,33152,632,209992,472,243144,California
Monterey,2021-06-24,866,435974,519,200654,326,215941,21,19379,418,33147,444,210436,439,243583,California
Monterey,2021-06-25,997,436971,614,201268,367,216308,16,19395,471,33112,521,210957,486,244069,California
Monterey,2021-06-26,610,437581,444,201712,154,216462,12,19407,336,33187,271,211228,346,244415,California
Monterey,2021-06-27,352,437933,272,201984,66,216528,14,19421,99,33048,252,211480,113,244528,California
Monterey,2021-06-28,568,438501,371,202355,170,216698,27,19448,252,33016,311,211791,279,244807,California
Monterey,2021-06-29,849,439350,524,202879,242,216940,83,19531,333,32919,511,212302,414,245221,California
Monterey,2021-06-30,822,440172,551,203430,258,217198,13,19544,315,32741,506,212808,328,245549,California
Napa,2020-12-16,12,12,12,12,0,0,0,0,12,12,0,0,12,12,California
Napa,2020-12-17,46,58,46,58,0,0,0,0,46,58,0,0,46,58,California
Napa,2020-12-18,106,164,106,164,0,0,0,0,106,164,0,0,106,164,California
Napa,2020-12-19,222,386,222,386,0,0,0,0,222,386,0,0,222,386,California
Napa,2020-12-20,190,576,190,576,0,0,0,0,190,576,0,0,190,576,California
Napa,2020-12-21,314,890,314,890,0,0,0,0,315,891,0,0,315,891,California
Napa,2020-12-22,338,1228,329,1219,9,9,0,0,338,1229,0,0,338,1229,California
Napa,2020-12-23,436,1664,324,1543,112,121,0,0,436,1665,0,0,436,1665,California
Napa,2020-12-24,139,1803,77,1620,62,183,0,0,139,1804,0,0,139,1804,California
Napa,2020-12-25,1,1804,1,1621,0,183,0,0,1,1805,0,0,1,1805,California
Napa,2020-12-26,40,1844,11,1632,29,212,0,0,40,1845,0,0,40,1845,California
Napa,2020-12-27,32,1876,16,1648,16,228,0,0,32,1877,0,0,32,1877,California
Napa,2020-12-28,253,2129,185,1833,68,296,0,0,280,2157,0,0,280,2157,California
Napa,2020-12-29,274,2403,215,2048,59,355,0,0,307,2464,0,0,307,2464,California
Napa,2020-12-30,633,3036,485,2533,148,503,0,0,641,3105,0,0,641,3105,California
Napa,2020-12-31,463,3499,374,2907,89,592,0,0,463,3568,0,0,463,3568,California
Napa,2021-01-01,1,3500,1,2908,0,592,0,0,1,3569,0,0,1,3569,California
Napa,2021-01-02,95,3595,90,2998,5,597,0,0,95,3664,0,0,95,3664,California
Napa,2021-01-03,14,3609,12,3010,2,599,0,0,9,3673,0,0,9,3673,California
Napa,2021-01-04,105,3714,62,3072,43,642,0,0,105,3778,0,0,105,3778,California
Napa,2021-01-05,163,3877,86,3158,77,719,0,0,146,3900,24,24,146,3924,California
Napa,2021-01-06,465,4342,117,3275,348,1067,0,0,399,4235,64,88,399,4323,California
Napa,2021-01-07,498,4840,236,3511,262,1329,0,0,394,4526,103,191,394,4717,California
Napa,2021-01-08,442,5282,228,3739,214,1543,0,0,258,4601,183,374,258,4975,California
Napa,2021-01-09,328,5610,303,4042,25,1568,0,0,190,4653,138,512,190,5165,California
Napa,2021-01-10,185,5795,102,4144,83,1651,0,0,108,4684,77,589,108,5273,California
Napa,2021-01-11,872,6667,420,4564,452,2103,0,0,502,4817,371,960,504,5777,California
Napa,2021-01-12,1330,7997,381,4945,949,3052,0,0,1006,5499,324,1284,1006,6783,California
Napa,2021-01-13,1317,9314,268,5213,1049,4101,0,0,1153,6490,163,1447,1154,7937,California
Napa,2021-01-14,1056,10370,170,5383,886,4987,0,0,938,7312,116,1563,938,8875,California
Napa,2021-01-15,1471,11841,385,5768,1086,6073,0,0,1324,8482,155,1718,1325,10200,California
Napa,2021-01-16,361,12202,132,5900,229,6302,0,0,343,8807,18,1736,343,10543,California
Napa,2021-01-17,344,12546,179,6079,165,6467,0,0,334,9131,10,1746,334,10877,California
Napa,2021-01-18,1094,13640,197,6276,897,7364,0,0,1002,10041,92,1838,1002,11879,California
Napa,2021-01-19,1006,14646,403,6679,603,7967,0,0,766,10568,239,2077,766,12645,California
Napa,2021-01-20,838,15484,189,6868,649,8616,0,0,650,11033,186,2263,651,13296,California
Napa,2021-01-21,1571,17055,609,7477,962,9578,0,0,1118,11700,452,2715,1119,14415,California
Napa,2021-01-22,1579,18634,436,7913,1143,10721,0,0,1234,12591,344,3059,1235,15650,California
Napa,2021-01-23,398,19032,318,8231,80,10801,0,0,337,12867,61,3120,337,15987,California
Napa,2021-01-24,267,19299,189,8420,78,10879,0,0,209,13018,58,3178,209,16196,California
Napa,2021-01-25,1523,20822,230,8650,1293,12172,0,0,1434,14363,89,3267,1434,17630,California
Napa,2021-01-26,880,21702,284,8934,596,12768,0,0,785,15054,95,3362,786,18416,California
Napa,2021-01-27,633,22335,223,9157,410,13178,0,0,470,15361,164,3526,471,18887,California
Napa,2021-01-28,390,22725,175,9332,215,13393,0,0,197,15367,191,3717,197,19084,California
Napa,2021-01-29,263,22988,66,9398,197,13590,0,0,166,15436,97,3814,166,19250,California
Napa,2021-01-30,823,23811,711,10109,112,13702,0,0,654,15921,169,3983,654,19904,California
Napa,2021-01-31,693,24504,661,10770,32,13734,0,0,669,16566,24,4007,669,20573,California
Napa,2021-02-01,323,24827,113,10883,210,13944,0,0,165,16573,158,4165,165,20738,California
Napa,2021-02-02,616,25443,283,11166,333,14277,0,0,304,16568,309,4474,304,21042,California
Napa,2021-02-03,752,26195,313,11479,439,14716,0,0,435,16687,316,4790,435,21477,California
Napa,2021-02-04,793,26988,373,11852,420,15136,0,0,443,16782,348,5138,443,21920,California
Napa,2021-02-05,714,27702,312,12164,402,15538,0,0,343,16754,371,5509,343,22263,California
Napa,2021-02-06,439,28141,146,12310,293,15831,0,0,333,16982,105,5614,333,22596,California
Napa,2021-02-07,181,28322,168,12478,13,15844,0,0,72,16946,108,5722,72,22668,California
Napa,2021-02-08,839,29161,193,12671,646,16490,0,0,278,16665,559,6281,278,22946,California
Napa,2021-02-09,1090,30251,450,13121,640,17130,0,0,445,16466,644,6925,445,23391,California
Napa,2021-02-10,1740,31991,195,13316,1545,18675,0,0,454,15638,1283,8208,455,23846,California
Napa,2021-02-11,1508,33499,198,13514,1310,19985,0,0,408,14959,1087,9295,408,24254,California
Napa,2021-02-12,2199,35698,867,14381,1332,21317,0,0,697,14159,1497,10792,697,24951,California
Napa,2021-02-13,516,36214,56,14437,460,21777,0,0,320,14284,195,10987,320,25271,California
Napa,2021-02-14,354,36568,88,14525,266,22043,0,0,191,14312,163,11150,191,25462,California
Napa,2021-02-15,886,37454,185,14710,701,22744,0,0,225,13878,659,11809,225,25687,California
Napa,2021-02-16,1298,38752,602,15312,696,23440,0,0,619,13821,676,12485,619,26306,California
Napa,2021-02-17,1067,39819,537,15849,530,23970,0,0,486,13729,579,13064,487,26793,California
Napa,2021-02-18,1941,41760,495,16344,1446,25416,0,0,672,13137,1264,14328,672,27465,California
Napa,2021-02-19,1518,43278,600,16944,918,26334,0,0,683,12988,832,15160,683,28148,California
Napa,2021-02-20,877,44155,639,17583,238,26572,0,0,285,12681,592,15752,285,28433,California
Napa,2021-02-21,892,45047,824,18407,68,26640,0,0,196,12181,696,16448,196,28629,California
Napa,2021-02-22,482,45529,201,18608,281,26921,0,0,149,11997,333,16781,149,28778,California
Napa,2021-02-23,1166,46695,316,18924,850,27771,0,0,329,11493,833,17614,329,29107,California
Napa,2021-02-24,1189,47884,660,19584,529,28300,0,0,595,11496,592,18206,595,29702,California
Napa,2021-02-25,2601,50485,1256,20840,1345,29645,0,0,1879,12655,720,18926,1879,31581,California
Napa,2021-02-26,1553,52038,552,21392,1001,30646,0,0,620,12344,931,19857,620,32201,California
Napa,2021-02-27,1191,53229,426,21818,765,31411,0,0,933,13021,256,20113,933,33134,California
Napa,2021-02-28,727,53956,607,22425,120,31531,0,0,610,13516,115,20228,610,33744,California
Napa,2021-03-01,1173,55129,881,23306,292,31823,0,0,895,14135,276,20504,895,34639,California
Napa,2021-03-02,1507,56636,1051,24357,456,32279,0,0,1161,14951,345,20849,1161,35800,California
Napa,2021-03-03,1572,58208,695,25052,877,33156,0,0,1382,16144,189,21038,1382,37182,California
Napa,2021-03-04,1722,59930,792,25844,930,34086,0,0,1478,17381,241,21279,1478,38660,California
Napa,2021-03-05,1910,61840,792,26636,1114,35200,4,4,1483,18444,424,21703,1487,40147,California
Napa,2021-03-06,657,62497,289,26925,337,35537,31,35,544,18908,111,21814,575,40722,California
Napa,2021-03-07,533,63030,322,27247,196,35733,15,50,382,19155,150,21964,397,41119,California
Napa,2021-03-08,716,63746,337,27584,326,36059,53,103,539,19572,174,22138,591,41710,California
Napa,2021-03-09,1692,65438,610,28194,1036,37095,46,149,1249,20428,439,22577,1295,43005,California
Napa,2021-03-10,1502,66940,927,29121,481,37576,94,243,800,20622,697,23274,891,43896,California
Napa,2021-03-11,1887,68827,1066,30187,689,38265,132,375,986,20838,900,24174,1116,45012,California
Napa,2021-03-12,1520,70347,925,31112,499,38764,96,471,811,21041,704,24878,907,45919,California
Napa,2021-03-13,1182,71529,311,31423,846,39610,25,496,835,21556,345,25223,860,46779,California
Napa,2021-03-14,619,72148,335,31758,134,39744,150,646,206,21499,412,25635,355,47134,California
Napa,2021-03-15,963,73111,414,32172,479,40223,70,716,483,21573,478,26113,552,47686,California
Napa,2021-03-16,1856,74967,394,32566,1335,41558,127,843,1380,22609,472,26585,1508,49194,California
Napa,2021-03-17,2532,77499,1863,34429,490,42048,179,1022,1598,23453,933,27518,1777,50971,California
Napa,2021-03-18,2148,79647,954,35383,1183,43231,11,1033,1284,23889,859,28377,1295,52266,California
Napa,2021-03-19,1460,81107,889,36272,544,43775,27,1060,694,23847,763,29140,721,52987,California
Napa,2021-03-20,1015,82122,531,36803,331,44106,153,1213,390,23766,624,29764,543,53530,California
Napa,2021-03-21,726,82848,701,37504,22,44128,3,1216,232,23509,492,30256,235,53765,California
Napa,2021-03-22,1302,84150,1122,38626,168,44296,12,1228,438,23100,859,31115,450,54215,California
Napa,2021-03-23,1899,86049,1202,39828,680,44976,17,1245,1009,23240,886,32001,1026,55241,California
Napa,2021-03-24,1712,87761,947,40775,756,45732,9,1254,816,23169,895,32896,824,56065,California
Napa,2021-03-25,1937,89698,1059,41834,824,46556,54,1308,773,22838,1158,34054,827,56892,California
Napa,2021-03-26,1313,91011,839,42673,468,47024,6,1314,588,22713,719,34773,594,57486,California
Napa,2021-03-27,954,91965,434,43107,493,47517,27,1341,295,22376,659,35432,322,57808,California
Napa,2021-03-28,492,92457,382,43489,103,47620,7,1348,180,22253,310,35742,187,57995,California
Napa,2021-03-29,1202,93659,877,44366,320,47940,5,1353,730,22518,470,36212,735,58730,California
Napa,2021-03-30,2801,96460,935,45301,1861,49801,5,1358,1980,23681,822,37034,1985,60715,California
Napa,2021-03-31,1976,98436,963,46264,944,50745,69,1427,800,23375,1173,38207,867,61582,California
Napa,2021-04-01,1759,100195,847,47111,794,51539,118,1545,479,22697,1273,39480,595,62177,California
Napa,2021-04-02,1871,102066,844,47955,885,52424,142,1687,473,21916,1395,40875,614,62791,California
Napa,2021-04-03,638,102704,372,48327,208,52632,58,1745,213,21762,424,41299,270,63061,California
Napa,2021-04-04,359,103063,145,48472,155,52787,59,1804,123,21709,235,41534,182,63243,California
Napa,2021-04-05,1278,104341,759,49231,299,53086,220,2024,572,21798,703,42237,792,64035,California
Napa,2021-04-06,2271,106612,567,49798,1443,54529,261,2285,528,20845,1740,43977,787,64822,California
Napa,2021-04-07,1754,108366,709,50507,823,55352,222,2507,531,20379,1217,45194,751,65573,California
Napa,2021-04-08,1870,110236,1071,51578,423,55775,376,2883,963,20817,901,46095,1339,66912,California
Napa,2021-04-09,1550,111786,927,52505,318,56093,305,3188,679,20931,869,46964,983,67895,California
Napa,2021-04-10,1051,112837,352,52857,597,56690,102,3290,245,20475,803,47767,347,68242,California
Napa,2021-04-11,386,113223,300,53157,63,56753,23,3313,157,20426,229,47996,180,68422,California
Napa,2021-04-12,796,114019,302,53459,369,57122,125,3438,292,20337,502,48498,413,68835,California
Napa,2021-04-13,2591,116610,869,54328,1722,58844,0,3438,943,19638,1642,50140,943,69778,California
Napa,2021-04-14,2160,118770,1019,55347,1141,59985,0,3438,1054,19594,1098,51238,1054,70832,California
Napa,2021-04-15,2095,120865,535,55882,1560,61545,0,3438,902,19311,1185,52423,902,71734,California
Napa,2021-04-16,3013,123878,1646,57528,1367,62912,0,3438,2280,20863,728,53151,2280,74014,California
Napa,2021-04-17,1168,125046,274,57802,894,63806,0,3438,862,21420,305,53456,862,74876,California
Napa,2021-04-18,286,125332,190,57992,96,63902,0,3438,124,21382,162,53618,124,75000,California
Napa,2021-04-19,631,125963,342,58334,289,64191,0,3438,276,21304,354,53972,276,75276,California
Napa,2021-04-20,3075,129038,2096,60430,979,65170,0,3438,2090,22412,983,54955,2091,77367,California
Napa,2021-04-21,2980,132018,2201,62631,779,65949,0,3438,1885,23209,1089,56044,1886,79253,California
Napa,2021-04-22,1833,133851,1297,63928,536,66485,0,3438,865,23110,964,57008,865,80118,California
Napa,2021-04-23,1653,135504,1270,65198,381,66866,2,3440,1164,23789,485,57493,1164,81282,California
Napa,2021-04-24,573,136077,322,65520,251,67117,0,3440,297,23813,273,57766,297,81579,California
Napa,2021-04-25,248,136325,189,65709,59,67176,0,3440,127,23820,120,57886,127,81706,California
Napa,2021-04-26,551,136876,282,65991,269,67445,0,3440,284,23842,262,58148,284,81990,California
Napa,2021-04-27,1788,138664,469,66460,1307,68752,12,3452,594,23258,1190,59338,606,82596,California
Napa,2021-04-28,1022,139686,473,66933,532,69284,17,3469,349,22953,671,60009,366,82962,California
Napa,2021-04-29,732,140418,364,67297,349,69633,19,3488,268,22782,457,60466,286,83248,California
Napa,2021-04-30,623,141041,312,67609,247,69880,64,3552,258,22740,363,60829,321,83569,California
Napa,2021-05-01,330,141371,271,67880,48,69928,11,3563,122,22665,208,61037,133,83702,California
Napa,2021-05-02,239,141610,194,68074,39,69967,6,3569,101,22635,137,61174,107,83809,California
Napa,2021-05-03,637,142247,497,68571,104,70071,36,3605,111,22261,522,61696,148,83957,California
Napa,2021-05-04,1141,143388,728,69299,301,70372,112,3717,305,21846,832,62528,417,84374,California
Napa,2021-05-05,1042,144430,705,70004,299,70671,38,3755,263,21371,776,63304,301,84675,California
Napa,2021-05-06,723,145153,321,70325,379,71050,23,3778,372,21425,342,63646,396,85071,California
Napa,2021-05-07,1596,146749,1365,71690,168,71218,63,3841,332,20578,1241,64887,394,85465,California
Napa,2021-05-08,258,147007,165,71855,82,71300,11,3852,87,20508,168,65055,98,85563,California
Napa,2021-05-09,120,147127,88,71943,32,71332,0,3852,59,20506,61,65116,59,85622,California
Napa,2021-05-10,430,147557,146,72089,265,71597,19,3871,111,20318,318,65434,130,85752,California
Napa,2021-05-11,2195,149752,1810,73899,360,71957,25,3896,386,18926,1803,67237,411,86163,California
Napa,2021-05-12,2217,151969,1387,75286,773,72730,57,3953,311,17393,1900,69137,367,86530,California
Napa,2021-05-13,1965,153934,1249,76535,676,73406,40,3993,864,17204,1094,70231,905,87435,California
Napa,2021-05-14,1965,155899,1187,77722,692,74098,86,4079,533,16399,1425,71656,620,88055,California
Napa,2021-05-15,1077,156976,366,78088,699,74797,12,4091,258,15855,815,72471,271,88326,California
Napa,2021-05-16,245,157221,164,78252,79,74876,2,4093,73,15758,172,72643,75,88401,California
Napa,2021-05-17,892,158113,347,78599,515,75391,30,4123,306,15571,524,73167,337,88738,California
Napa,2021-05-18,1078,159191,553,79152,468,75859,57,4180,511,15577,562,73729,568,89306,California
Napa,2021-05-19,976,160167,574,79726,372,76231,30,4210,507,15647,466,74195,536,89842,California
Napa,2021-05-20,660,160827,435,80161,194,76425,31,4241,380,15780,278,74473,411,90253,California
Napa,2021-05-21,528,161355,267,80428,229,76654,32,4273,219,15724,307,74780,251,90504,California
Napa,2021-05-22,463,161818,276,80704,178,76832,9,4282,192,15655,271,75051,202,90706,California
Napa,2021-05-23,401,162219,355,81059,35,76867,11,4293,296,15857,105,75156,307,91013,California
Napa,2021-05-24,385,162604,188,81247,177,77044,20,4313,154,15802,229,75385,174,91187,California
Napa,2021-05-25,430,163034,175,81422,184,77228,71,4384,144,15731,285,75670,214,91401,California
Napa,2021-05-26,560,163594,362,81784,174,77402,24,4408,320,15838,237,75907,344,91745,California
Napa,2021-05-27,398,163992,170,81954,200,77602,28,4436,150,15768,248,76155,178,91923,California
Napa,2021-05-28,406,164398,211,82165,171,77773,24,4460,169,15726,233,76388,191,92114,California
Napa,2021-05-29,128,164526,79,82244,45,77818,4,4464,74,15751,53,76441,78,92192,California
Napa,2021-05-30,98,164624,61,82305,32,77850,5,4469,28,15716,68,76509,33,92225,California
Napa,2021-05-31,51,164675,17,82322,28,77878,6,4475,9,15689,42,76551,15,92240,California
Napa,2021-06-01,605,165280,313,82635,268,78146,24,4499,261,15635,338,76889,284,92524,California
Napa,2021-06-02,412,165692,244,82879,146,78292,22,4521,190,15626,220,77109,211,92735,California
Napa,2021-06-03,754,166446,460,83339,269,78561,25,4546,129,15156,622,77731,152,92887,California
Napa,2021-06-04,784,167230,603,83942,144,78705,37,4583,146,14703,636,78367,183,93070,California
Napa,2021-06-05,312,167542,254,84196,47,78752,11,4594,73,14550,237,78604,84,93154,California
Napa,2021-06-06,145,167687,126,84322,18,78770,1,4595,44,14495,100,78704,45,93199,California
Napa,2021-06-07,395,168082,286,84608,81,78851,28,4623,93,14314,302,79006,121,93320,California
Napa,2021-06-08,623,168705,494,85102,112,78963,17,4640,275,14261,345,79351,292,93612,California
Napa,2021-06-09,555,169260,450,85552,90,79053,15,4655,96,13914,458,79809,111,93723,California
Napa,2021-06-10,511,169771,414,85966,64,79117,33,4688,107,13650,404,80213,140,93863,California
Napa,2021-06-11,410,170181,267,86233,119,79236,24,4712,116,13497,293,80506,140,94003,California
Napa,2021-06-12,205,170386,173,86406,27,79263,5,4717,41,13380,163,80669,46,94049,California
Napa,2021-06-13,290,170676,277,86683,8,79271,5,4722,29,13153,261,80930,34,94083,California
Napa,2021-06-14,483,171159,340,87023,117,79388,26,4748,93,12883,386,81316,116,94199,California
Napa,2021-06-15,377,171536,277,87300,87,79475,13,4761,185,12891,190,81506,198,94397,California
Napa,2021-06-16,261,171797,164,87464,81,79556,16,4777,84,12818,173,81679,100,94497,California
Napa,2021-06-17,391,172188,322,87786,61,79617,8,4785,71,12577,320,81999,79,94576,California
Napa,2021-06-18,267,172455,173,87959,83,79700,11,4796,90,12503,175,82174,101,94677,California
Napa,2021-06-19,110,172565,77,88036,23,79723,10,4806,47,12499,61,82235,57,94734,California
Napa,2021-06-20,54,172619,42,88078,9,79732,3,4809,19,12486,35,82270,22,94756,California
Napa,2021-06-21,158,172777,73,88151,65,79797,20,4829,75,12498,82,82352,94,94850,California
Napa,2021-06-22,374,173151,296,88447,64,79861,14,4843,109,12358,263,82615,123,94973,California
Napa,2021-06-23,340,173491,264,88711,54,79915,22,4865,109,12260,228,82843,130,95103,California
Napa,2021-06-24,167,173658,114,88825,48,79963,5,4870,71,12242,94,82937,76,95179,California
Napa,2021-06-25,243,173901,160,88985,70,80033,13,4883,118,12253,119,83056,130,95309,California
Napa,2021-06-26,92,173993,76,89061,11,80044,5,4888,45,12256,47,83103,50,95359,California
Napa,2021-06-27,70,174063,60,89121,10,80054,0,4888,33,12252,37,83140,33,95392,California
Napa,2021-06-28,189,174252,144,89265,34,80088,11,4899,82,12238,106,83246,92,95484,California
Napa,2021-06-29,333,174585,272,89537,53,80141,8,4907,96,12106,236,83482,104,95588,California
Napa,2021-06-30,128,174713,89,89626,33,80174,6,4913,56,12097,71,83553,62,95650,California
Nevada,2020-12-16,3,3,3,3,0,0,0,0,3,3,0,0,3,3,California
Nevada,2020-12-17,6,9,6,9,0,0,0,0,6,9,0,0,6,9,California
Nevada,2020-12-18,57,66,57,66,0,0,0,0,57,66,0,0,57,66,California
Nevada,2020-12-19,55,121,55,121,0,0,0,0,55,121,0,0,55,121,California
Nevada,2020-12-20,13,134,13,134,0,0,0,0,13,134,0,0,13,134,California
Nevada,2020-12-21,69,203,69,203,0,0,0,0,69,203,0,0,69,203,California
Nevada,2020-12-22,90,293,88,291,2,2,0,0,90,293,0,0,90,293,California
Nevada,2020-12-23,233,526,202,493,31,33,0,0,233,526,0,0,233,526,California
Nevada,2020-12-24,13,539,11,504,2,35,0,0,13,539,0,0,13,539,California
Nevada,2020-12-25,3,542,3,507,0,35,0,0,3,542,0,0,3,542,California
Nevada,2020-12-26,6,548,4,511,2,37,0,0,6,548,0,0,6,548,California
Nevada,2020-12-27,89,637,89,600,0,37,0,0,89,637,0,0,89,637,California
Nevada,2020-12-28,172,809,94,694,78,115,0,0,172,809,0,0,172,809,California
Nevada,2020-12-29,100,909,74,768,26,141,0,0,100,909,0,0,100,909,California
Nevada,2020-12-30,86,995,66,834,20,161,0,0,86,995,0,0,86,995,California
Nevada,2020-12-31,38,1033,8,842,30,191,0,0,38,1033,0,0,38,1033,California
Nevada,2021-01-01,3,1036,0,842,3,194,0,0,3,1036,0,0,3,1036,California
Nevada,2021-01-02,2,1038,1,843,1,195,0,0,2,1038,0,0,2,1038,California
Nevada,2021-01-03,130,1168,125,968,5,200,0,0,130,1168,0,0,130,1168,California
Nevada,2021-01-04,72,1240,47,1015,25,225,0,0,72,1240,0,0,72,1240,California
Nevada,2021-01-05,274,1514,133,1148,141,366,0,0,273,1512,1,1,273,1513,California
Nevada,2021-01-06,90,1604,42,1190,48,414,0,0,82,1586,8,9,82,1595,California
Nevada,2021-01-07,217,1821,43,1233,174,588,0,0,210,1791,6,15,211,1806,California
Nevada,2021-01-08,222,2043,129,1362,93,681,0,0,165,1900,57,72,166,1972,California
Nevada,2021-01-09,64,2107,57,1419,7,688,0,0,14,1864,50,122,14,1986,California
Nevada,2021-01-10,19,2126,10,1429,9,697,0,0,10,1865,9,131,10,1996,California
Nevada,2021-01-11,188,2314,131,1560,57,754,0,0,60,1797,128,259,60,2056,California
Nevada,2021-01-12,600,2914,453,2013,147,901,0,0,533,2263,67,326,533,2589,California
Nevada,2021-01-13,261,3175,148,2161,113,1014,0,0,127,2256,134,460,127,2716,California
Nevada,2021-01-14,239,3414,127,2288,112,1126,0,0,222,2462,16,476,222,2938,California
Nevada,2021-01-15,402,3816,174,2462,228,1354,0,0,301,2662,101,577,301,3239,California
Nevada,2021-01-16,299,4115,15,2477,284,1638,0,0,295,2953,4,581,295,3534,California
Nevada,2021-01-17,37,4152,33,2510,4,1642,0,0,35,2986,2,583,35,3569,California
Nevada,2021-01-18,151,4303,41,2551,110,1752,0,0,141,3117,10,593,141,3710,California
Nevada,2021-01-19,250,4553,90,2641,160,1912,0,0,228,3323,22,615,228,3938,California
Nevada,2021-01-20,276,4829,166,2807,110,2022,0,0,262,3571,14,629,262,4200,California
Nevada,2021-01-21,345,5174,207,3014,138,2160,0,0,332,3890,13,642,332,4532,California
Nevada,2021-01-22,380,5554,237,3251,143,2303,0,0,349,4208,31,673,349,4881,California
Nevada,2021-01-23,182,5736,107,3358,75,2378,0,0,182,4390,0,673,182,5063,California
Nevada,2021-01-24,110,5846,102,3460,8,2386,0,0,69,4418,41,714,69,5132,California
Nevada,2021-01-25,265,6111,135,3595,130,2516,0,0,203,4559,62,776,203,5335,California
Nevada,2021-01-26,408,6519,145,3740,263,2779,0,0,303,4757,105,881,303,5638,California
Nevada,2021-01-27,429,6948,254,3994,175,2954,0,0,404,5136,25,906,404,6042,California
Nevada,2021-01-28,480,7428,327,4321,153,3107,0,0,436,5529,43,949,436,6478,California
Nevada,2021-01-29,607,8035,392,4713,215,3322,0,0,579,6082,27,976,580,7058,California
Nevada,2021-01-30,296,8331,106,4819,190,3512,0,0,293,6372,3,979,293,7351,California
Nevada,2021-01-31,103,8434,86,4905,17,3529,0,0,99,6469,3,982,100,7451,California
Nevada,2021-02-01,293,8727,71,4976,222,3751,0,0,279,6734,14,996,279,7730,California
Nevada,2021-02-02,533,9260,188,5164,345,4096,0,0,333,6867,200,1196,333,8063,California
Nevada,2021-02-03,818,10078,575,5739,243,4339,0,0,763,7576,54,1250,763,8826,California
Nevada,2021-02-04,741,10819,393,6132,348,4687,0,0,489,7814,251,1501,489,9315,California
Nevada,2021-02-05,658,11477,370,6502,288,4975,0,0,467,8092,189,1690,467,9782,California
Nevada,2021-02-06,271,11748,83,6585,188,5163,0,0,242,8305,29,1719,242,10024,California
Nevada,2021-02-07,247,11995,193,6778,54,5217,0,0,192,8442,55,1774,192,10216,California
Nevada,2021-02-08,655,12650,406,7184,249,5466,0,0,551,8891,102,1876,551,10767,California
Nevada,2021-02-09,607,13257,340,7524,267,5733,0,0,464,9212,143,2019,464,11231,California
Nevada,2021-02-10,654,13911,327,7851,327,6060,0,0,422,9404,231,2250,423,11654,California
Nevada,2021-02-11,889,14800,514,8365,375,6435,0,0,554,9625,333,2583,554,12208,California
Nevada,2021-02-12,957,15757,446,8811,511,6946,0,0,629,9929,325,2908,629,12837,California
Nevada,2021-02-13,619,16376,241,9052,378,7324,0,0,393,10101,222,3130,394,13231,California
Nevada,2021-02-14,234,16610,120,9172,114,7438,0,0,205,10277,29,3159,205,13436,California
Nevada,2021-02-15,714,17324,438,9610,276,7714,0,0,539,10642,174,3333,539,13975,California
Nevada,2021-02-16,629,17953,202,9812,427,8141,0,0,458,10930,170,3503,458,14433,California
Nevada,2021-02-17,1201,19154,777,10589,424,8565,0,0,858,11445,343,3846,858,15291,California
Nevada,2021-02-18,1027,20181,560,11149,467,9032,0,0,603,11629,419,4265,603,15894,California
Nevada,2021-02-19,1131,21312,635,11784,496,9528,0,0,759,12020,369,4634,760,16654,California
Nevada,2021-02-20,307,21619,112,11896,195,9723,0,0,179,12072,127,4761,179,16833,California
Nevada,2021-02-21,104,21723,90,11986,14,9737,0,0,15,12001,86,4847,15,16848,California
Nevada,2021-02-22,515,22238,347,12333,168,9905,0,0,363,12213,151,4998,363,17211,California
Nevada,2021-02-23,505,22743,249,12582,256,10161,0,0,225,12162,277,5275,226,17437,California
Nevada,2021-02-24,515,23258,278,12860,237,10398,0,0,252,12155,263,5538,256,17693,California
Nevada,2021-02-25,871,24129,471,13331,400,10798,0,0,437,12160,432,5970,437,18130,California
Nevada,2021-02-26,1250,25379,889,14220,361,11159,0,0,418,11749,829,6799,418,18548,California
Nevada,2021-02-27,425,25804,112,14332,313,11472,0,0,195,11714,230,7029,195,18743,California
Nevada,2021-02-28,274,26078,160,14492,114,11586,0,0,127,11695,146,7175,127,18870,California
Nevada,2021-03-01,840,26918,438,14930,402,11988,0,0,368,11594,469,7644,368,19238,California
Nevada,2021-03-02,741,27659,292,15222,449,12437,0,0,511,11880,225,7869,511,19749,California
Nevada,2021-03-03,992,28651,509,15731,482,12919,1,1,519,11929,471,8340,520,20269,California
Nevada,2021-03-04,1110,29761,621,16352,489,13408,0,1,468,11759,638,8978,468,20737,California
Nevada,2021-03-05,1182,30943,480,16832,692,14100,10,11,706,12002,473,9451,716,21453,California
Nevada,2021-03-06,364,31307,121,16953,216,14316,27,38,149,11962,215,9666,175,21628,California
Nevada,2021-03-07,209,31516,108,17061,81,14397,20,58,69,11911,140,9806,89,21717,California
Nevada,2021-03-08,828,32344,559,17620,223,14620,46,104,374,11879,453,10259,421,22138,California
Nevada,2021-03-09,794,33138,404,18024,340,14960,50,154,467,12070,325,10584,516,22654,California
Nevada,2021-03-10,1009,34147,650,18674,303,15263,56,210,340,11803,662,11246,395,23049,California
Nevada,2021-03-11,1110,35257,727,19401,358,15621,25,235,550,11827,551,11797,575,23624,California
Nevada,2021-03-12,1536,36793,727,20128,779,16400,30,265,839,12001,693,12490,867,24491,California
Nevada,2021-03-13,939,37732,59,20187,875,17275,5,270,753,12575,184,12674,758,25249,California
Nevada,2021-03-14,160,37892,20,20207,135,17410,5,275,33,12486,127,12801,38,25287,California
Nevada,2021-03-15,858,38750,467,20674,379,17789,12,287,359,12363,494,13295,371,25658,California
Nevada,2021-03-16,1005,39755,469,21143,474,18263,62,349,640,12701,363,13658,701,26359,California
Nevada,2021-03-17,1027,40782,455,21598,562,18825,10,359,586,12860,438,14096,597,26956,California
Nevada,2021-03-18,984,41766,533,22131,428,19253,23,382,476,12856,502,14598,498,27454,California
Nevada,2021-03-19,939,42705,440,22571,462,19715,37,419,362,12683,572,15170,399,27853,California
Nevada,2021-03-20,836,43541,94,22665,315,20030,427,846,242,12760,588,15758,665,28518,California
Nevada,2021-03-21,59,43600,32,22697,26,20056,1,847,33,12769,25,15783,34,28552,California
Nevada,2021-03-22,803,44403,520,23217,278,20334,5,852,532,13038,268,16051,537,29089,California
Nevada,2021-03-23,863,45266,391,23608,444,20778,28,880,619,13444,241,16292,647,29736,California
Nevada,2021-03-24,1022,46288,544,24152,471,21249,7,887,639,13712,377,16669,645,30381,California
Nevada,2021-03-25,915,47203,465,24617,425,21674,25,912,494,13811,419,17088,518,30899,California
Nevada,2021-03-26,1168,48371,443,25060,686,22360,39,951,839,14362,326,17414,877,31776,California
Nevada,2021-03-27,592,48963,73,25133,503,22863,16,967,407,14601,184,17598,423,32199,California
Nevada,2021-03-28,178,49141,53,25186,112,22975,13,980,36,14513,137,17735,49,32248,California
Nevada,2021-03-29,823,49964,501,25687,300,23275,22,1002,373,14462,445,18180,394,32642,California
Nevada,2021-03-30,1059,51023,483,26170,542,23817,34,1036,487,14419,564,18744,521,33163,California
Nevada,2021-03-31,1182,52205,661,26831,504,24321,17,1053,670,14602,503,19247,686,33849,California
Nevada,2021-04-01,1247,53452,728,27559,466,24787,53,1106,553,14524,683,19930,605,34454,California
Nevada,2021-04-02,1304,54756,663,28222,605,25392,36,1142,772,14804,528,20458,808,35262,California
Nevada,2021-04-03,290,55046,87,28309,162,25554,41,1183,82,14720,207,20665,123,35385,California
Nevada,2021-04-04,129,55175,42,28351,80,25634,7,1190,77,14752,52,20717,84,35469,California
Nevada,2021-04-05,937,56112,615,28966,302,25936,20,1210,621,15081,311,21028,640,36109,California
Nevada,2021-04-06,1077,57189,666,29632,267,26203,144,1354,435,15024,635,21663,578,36687,California
Nevada,2021-04-07,1150,58339,822,30454,245,26448,83,1437,611,15185,532,22195,693,37380,California
Nevada,2021-04-08,1283,59622,891,31345,307,26755,85,1522,708,15407,570,22765,792,38172,California
Nevada,2021-04-09,1273,60895,850,32195,356,27111,67,1589,862,15926,409,23174,928,39100,California
Nevada,2021-04-10,899,61794,78,32273,745,27856,76,1665,125,15359,768,23942,201,39301,California
Nevada,2021-04-11,112,61906,34,32307,72,27928,6,1671,41,15335,71,24013,47,39348,California
Nevada,2021-04-12,747,62653,542,32849,188,28116,17,1688,316,15242,426,24439,333,39681,California
Nevada,2021-04-13,891,63544,354,33203,537,28653,0,1688,471,15297,416,24855,471,40152,California
Nevada,2021-04-14,1059,64603,569,33772,490,29143,0,1688,539,15324,512,25367,539,40691,California
Nevada,2021-04-15,1084,65687,710,34482,374,29517,0,1688,625,15502,447,25814,625,41316,California
Nevada,2021-04-16,910,66597,692,35174,218,29735,0,1688,518,15630,390,26204,518,41834,California
Nevada,2021-04-17,203,66800,54,35228,149,29884,0,1688,88,15605,113,26317,88,41922,California
Nevada,2021-04-18,201,67001,21,35249,180,30064,0,1688,102,15608,99,26416,102,42024,California
Nevada,2021-04-19,757,67758,484,35733,273,30337,0,1688,309,15480,437,26853,309,42333,California
Nevada,2021-04-20,831,68589,331,36064,500,30837,0,1688,312,15279,513,27366,312,42645,California
Nevada,2021-04-21,934,69523,520,36584,414,31251,0,1688,272,14899,652,28018,272,42917,California
Nevada,2021-04-22,1007,70530,632,37216,375,31626,0,1688,341,14586,655,28673,342,43259,California
Nevada,2021-04-23,1256,71786,552,37768,704,32330,0,1688,401,14144,843,29516,401,43660,California
Nevada,2021-04-24,520,72306,71,37839,449,32779,0,1688,168,13962,350,29866,168,43828,California
Nevada,2021-04-25,132,72438,60,37899,67,32846,5,1693,51,13937,80,29946,55,43883,California
Nevada,2021-04-26,745,73183,561,38460,176,33022,8,1701,218,13646,517,30463,226,44109,California
Nevada,2021-04-27,819,74002,380,38840,434,33456,5,1706,412,13664,399,30862,417,44526,California
Nevada,2021-04-28,993,74995,582,39422,406,33862,5,1711,387,13456,600,31462,392,44918,California
Nevada,2021-04-29,1020,76015,709,40131,307,34169,4,1715,280,13002,738,32200,284,45202,California
Nevada,2021-04-30,1248,77263,728,40859,511,34680,9,1724,214,12193,1032,33232,223,45425,California
Nevada,2021-05-01,144,77407,60,40919,80,34760,4,1728,63,12181,79,33311,67,45492,California
Nevada,2021-05-02,58,77465,32,40951,22,34782,4,1732,20,12167,38,33349,24,45516,California
Nevada,2021-05-03,610,78075,405,41356,186,34968,19,1751,178,11935,428,33777,196,45712,California
Nevada,2021-05-04,593,78668,173,41529,402,35370,18,1769,338,12040,251,34028,356,46068,California
Nevada,2021-05-05,737,79405,381,41910,342,35712,14,1783,323,11972,405,34433,337,46405,California
Nevada,2021-05-06,807,80212,565,42475,231,35943,11,1794,198,11582,599,35032,209,46614,California
Nevada,2021-05-07,889,81101,488,42963,366,36309,35,1829,184,11100,701,35733,219,46833,California
Nevada,2021-05-08,175,81276,19,42982,136,36445,20,1849,77,11101,96,35829,97,46930,California
Nevada,2021-05-09,44,81320,8,42990,34,36479,2,1851,21,11101,23,35852,23,46953,California
Nevada,2021-05-10,391,81711,248,43238,119,36598,24,1875,78,10891,312,36164,102,47055,California
Nevada,2021-05-11,516,82227,154,43392,349,36947,13,1888,128,10652,380,36544,141,47196,California
Nevada,2021-05-12,542,82769,237,43629,294,37241,11,1899,152,10434,381,36925,163,47359,California
Nevada,2021-05-13,838,83607,555,44184,273,37514,10,1909,432,10478,398,37323,442,47801,California
Nevada,2021-05-14,792,84399,583,44767,191,37705,18,1927,443,10594,345,37668,461,48262,California
Nevada,2021-05-15,187,84586,87,44854,92,37797,8,1935,87,10590,99,37767,95,48357,California
Nevada,2021-05-16,161,84747,54,44908,107,37904,0,1935,56,10541,105,37872,56,48413,California
Nevada,2021-05-17,499,85246,320,45228,149,38053,30,1965,215,10513,273,38145,245,48658,California
Nevada,2021-05-18,419,85665,256,45484,159,38212,4,1969,221,10543,196,38341,226,48884,California
Nevada,2021-05-19,490,86155,355,45839,130,38342,5,1974,255,10577,226,38567,260,49144,California
Nevada,2021-05-20,611,86766,352,46191,247,38589,12,1986,219,10421,387,38954,231,49375,California
Nevada,2021-05-21,511,87277,328,46519,173,38762,10,1996,219,10361,289,39243,229,49604,California
Nevada,2021-05-22,243,87520,34,46553,156,38918,53,2049,92,10355,151,39394,145,49749,California
Nevada,2021-05-23,52,87572,18,46571,34,38952,0,2049,17,10338,34,39428,17,49766,California
Nevada,2021-05-24,314,87886,219,46790,81,39033,14,2063,105,10251,206,39634,119,49885,California
Nevada,2021-05-25,343,88229,83,46873,248,39281,12,2075,81,10087,257,39891,93,49978,California
Nevada,2021-05-26,453,88682,196,47069,247,39528,10,2085,134,9919,312,40203,144,50122,California
Nevada,2021-05-27,426,89108,226,47295,179,39707,21,2106,179,9876,243,40446,200,50322,California
Nevada,2021-05-28,348,89456,214,47509,112,39819,22,2128,191,9936,154,40600,214,50536,California
Nevada,2021-05-29,66,89522,12,47521,54,39873,0,2128,41,9952,25,40625,41,50577,California
Nevada,2021-05-30,37,89559,19,47540,16,39889,2,2130,25,9967,12,40637,27,50604,California
Nevada,2021-05-31,6,89565,4,47544,0,39889,2,2132,2,9967,4,40641,4,50608,California
Nevada,2021-06-01,419,89984,126,47670,275,40164,18,2150,99,9773,311,40952,117,50725,California
Nevada,2021-06-02,403,90387,165,47835,231,40395,7,2157,101,9587,294,41246,108,50833,California
Nevada,2021-06-03,565,90952,404,48239,156,40551,5,2162,99,9230,461,41707,104,50937,California
Nevada,2021-06-04,544,91496,437,48676,103,40654,4,2166,104,8903,435,42142,108,51045,California
Nevada,2021-06-05,173,91669,70,48746,101,40755,2,2168,66,8865,106,42248,68,51113,California
Nevada,2021-06-06,53,91722,40,48786,13,40768,0,2168,12,8836,41,42289,12,51125,California
Nevada,2021-06-07,270,91992,196,48982,44,40812,30,2198,60,8721,205,42494,90,51215,California
Nevada,2021-06-08,293,92285,194,49176,85,40897,14,2212,67,8585,217,42711,81,51296,California
Nevada,2021-06-09,326,92611,218,49394,101,40998,7,2219,82,8435,239,42950,89,51385,California
Nevada,2021-06-10,275,92886,177,49571,89,41087,9,2228,74,8323,194,43144,82,51467,California
Nevada,2021-06-11,328,93214,233,49804,76,41163,19,2247,76,8168,249,43393,94,51561,California
Nevada,2021-06-12,91,93305,53,49857,33,41196,5,2252,26,8134,65,43458,31,51592,California
Nevada,2021-06-13,32,93337,17,49874,14,41210,1,2253,6,8115,26,43484,7,51599,California
Nevada,2021-06-14,191,93528,137,50011,43,41253,11,2264,49,8040,135,43619,60,51659,California
Nevada,2021-06-15,170,93698,97,50108,65,41318,8,2272,67,8015,100,43719,75,51734,California
Nevada,2021-06-16,236,93934,132,50240,95,41413,9,2281,69,7933,160,43879,78,51812,California
Nevada,2021-06-17,227,94161,133,50373,80,41493,14,2295,40,7801,186,44065,54,51866,California
Nevada,2021-06-18,220,94381,152,50525,50,41543,18,2313,68,7737,150,44215,86,51952,California
Nevada,2021-06-19,69,94450,33,50558,30,41573,6,2319,29,7732,40,44255,35,51987,California
Nevada,2021-06-20,27,94477,20,50578,7,41580,0,2319,8,7722,18,44273,8,51995,California
Nevada,2021-06-21,109,94586,49,50627,53,41633,7,2326,49,7724,54,44327,56,52051,California
Nevada,2021-06-22,166,94752,97,50724,58,41691,11,2337,67,7709,93,44420,78,52129,California
Nevada,2021-06-23,213,94965,139,50863,44,41735,30,2367,87,7704,121,44541,116,52245,California
Nevada,2021-06-24,178,95143,114,50977,47,41782,17,2384,61,7671,111,44652,78,52323,California
Nevada,2021-06-25,207,95350,138,51115,48,41830,21,2405,76,7637,131,44783,97,52420,California
Nevada,2021-06-26,83,95433,61,51176,20,41850,2,2407,31,7618,52,44835,33,52453,California
Nevada,2021-06-27,29,95462,13,51189,12,41862,4,2411,7,7607,22,44857,11,52464,California
Nevada,2021-06-28,169,95631,119,51308,28,41890,22,2433,67,7602,94,44951,89,52553,California
Nevada,2021-06-29,130,95761,75,51383,43,41933,12,2445,47,7586,75,45026,59,52612,California
Nevada,2021-06-30,130,95891,98,51481,26,41959,6,2451,34,7532,93,45119,39,52651,California
Orange,2020-12-15,17,17,17,17,0,0,0,0,17,17,0,0,17,17,California
Orange,2020-12-16,399,416,399,416,0,0,0,0,399,416,0,0,399,416,California
Orange,2020-12-17,3773,4189,3773,4189,0,0,0,0,3770,4185,1,1,3770,4186,California
Orange,2020-12-18,5122,9311,5114,9303,8,8,0,0,5119,9302,2,3,5119,9305,California
Orange,2020-12-19,2246,11557,2239,11542,7,15,0,0,2245,11547,0,3,2245,11550,California
Orange,2020-12-20,2002,13559,1999,13541,3,18,0,0,2003,13550,0,3,2003,13553,California
Orange,2020-12-21,4270,17829,4264,17805,6,24,0,0,4270,17820,0,3,4270,17823,California
Orange,2020-12-22,4003,21832,3967,21772,36,60,0,0,4003,21823,0,3,4003,21826,California
Orange,2020-12-23,3608,25440,3238,25010,370,430,0,0,3609,25432,0,3,3609,25435,California
Orange,2020-12-24,1389,26829,1089,26099,300,730,0,0,1389,26821,0,3,1389,26824,California
Orange,2020-12-25,21,26850,16,26115,5,735,0,0,21,26842,0,3,21,26845,California
Orange,2020-12-26,998,27848,423,26538,575,1310,0,0,998,27840,0,3,998,27843,California
Orange,2020-12-27,587,28435,275,26813,312,1622,0,0,587,28427,0,3,587,28430,California
Orange,2020-12-28,3629,32064,2633,29446,996,2618,0,0,3629,32056,0,3,3629,32059,California
Orange,2020-12-29,3536,35600,2516,31962,1020,3638,0,0,3535,35590,1,4,3535,35594,California
Orange,2020-12-30,5145,40745,3556,35518,1589,5227,0,0,5145,40735,0,4,5145,40739,California
Orange,2020-12-31,1533,42278,820,36338,713,5940,0,0,1530,42262,3,7,1530,42269,California
Orange,2021-01-01,718,42996,392,36730,326,6266,0,0,716,42976,2,9,716,42985,California
Orange,2021-01-02,1371,44367,845,37575,526,6792,0,0,1368,44342,2,11,1368,44353,California
Orange,2021-01-03,588,44955,322,37897,266,7058,0,0,588,44930,0,11,588,44941,California
Orange,2021-01-04,2783,47738,1573,39470,1210,8268,0,0,2784,47713,1,12,2784,47725,California
Orange,2021-01-05,3555,51293,2318,41788,1237,9505,0,0,3141,50446,411,423,3144,50869,California
Orange,2021-01-06,5051,56344,3479,45267,1572,11077,0,0,3671,52751,1366,1789,3671,54540,California
Orange,2021-01-07,9383,65727,5242,50509,4141,15218,0,0,5736,54860,3632,5421,5741,60281,California
Orange,2021-01-08,9567,75294,5374,55883,4193,19411,0,0,5713,56733,3843,9264,5716,65997,California
Orange,2021-01-09,5067,80361,1770,57653,3297,22708,0,0,3771,59208,1296,10560,3771,69768,California
Orange,2021-01-10,4272,84633,1055,58708,3217,25925,0,0,3385,61711,886,11446,3389,73157,California
Orange,2021-01-11,9538,94171,4947,63655,4591,30516,0,0,5891,63957,3649,15095,5895,79052,California
Orange,2021-01-12,9032,103203,4856,68511,4176,34692,0,0,5542,66013,3488,18583,5544,84596,California
Orange,2021-01-13,10373,113576,4957,73468,5416,40108,0,0,7148,69946,3222,21805,7155,91751,California
Orange,2021-01-14,10153,123729,3821,77289,6332,46440,0,0,8550,76901,1601,23406,8556,100307,California
Orange,2021-01-15,10335,134064,2678,79967,7657,54097,0,0,9445,85455,898,24304,9452,109759,California
Orange,2021-01-16,8868,142932,2118,82085,6750,60847,0,0,8465,93525,400,24704,8470,118229,California
Orange,2021-01-17,8285,151217,1516,83601,6769,67616,0,0,8129,101508,156,24860,8139,126368,California
Orange,2021-01-18,9819,161036,4446,88047,5373,72989,0,0,7552,106795,2268,27128,7555,133923,California
Orange,2021-01-19,7617,168653,5473,93520,2144,75133,0,0,4972,109125,2644,29772,4974,138897,California
Orange,2021-01-20,8688,177341,6105,99625,2583,77716,0,0,5609,111666,3077,32849,5618,144515,California
Orange,2021-01-21,11371,188712,5128,104753,6243,83959,0,0,10516,121342,851,33700,10527,155042,California
Orange,2021-01-22,13984,202696,5224,109977,8760,92719,0,0,13084,133543,891,34591,13092,168134,California
Orange,2021-01-23,13344,216040,6224,116201,7120,99839,0,0,12389,144995,949,35540,12401,180535,California
Orange,2021-01-24,9953,225993,4313,120514,5640,105479,0,0,9612,154275,336,35876,9616,190151,California
Orange,2021-01-25,10568,236561,5895,126409,4673,110152,0,0,7807,159336,2751,38627,7812,197963,California
Orange,2021-01-26,11999,248560,7722,134131,4277,114429,0,0,9799,166943,2195,40822,9802,207765,California
Orange,2021-01-27,13692,262252,8021,142152,5671,120100,0,0,10924,175116,2756,43578,10929,218694,California
Orange,2021-01-28,13314,275566,7272,149424,6042,126142,0,0,11371,184570,1926,45504,11380,230074,California
Orange,2021-01-29,13823,289389,8451,157875,5372,131514,0,0,10864,192504,2933,48437,10867,240941,California
Orange,2021-01-30,13232,302621,4524,162399,8708,140222,0,0,12435,204163,780,49217,12439,253380,California
Orange,2021-01-31,13843,316464,4913,167312,8930,149152,0,0,13367,217071,467,49684,13375,266755,California
Orange,2021-02-01,15044,331508,6531,173843,8513,157665,0,0,12506,227077,2508,52192,12514,279269,California
Orange,2021-02-02,15230,346738,8011,181854,7219,164884,0,0,12713,237318,2478,54670,12719,291988,California
Orange,2021-02-03,16831,363569,12487,194341,4344,169228,0,0,13827,248230,2921,57591,13833,305821,California
Orange,2021-02-04,20162,383731,13122,207463,7040,176268,0,0,15002,258120,5120,62711,15010,320831,California
Orange,2021-02-05,21043,404774,12080,219543,8963,185231,0,0,14623,266382,6372,69083,14634,335465,California
Orange,2021-02-06,16570,421344,10892,230435,5678,190909,0,0,11249,272550,5303,74386,11471,346936,California
Orange,2021-02-07,11605,432949,8119,238554,3486,194395,0,0,7607,276347,3980,78366,7777,354713,California
Orange,2021-02-08,15241,448190,8731,247285,6510,200905,0,0,9112,279365,6099,84465,9117,363830,California
Orange,2021-02-09,17934,466124,12155,259440,5779,206684,0,0,10744,283009,7114,91579,10758,374588,California
Orange,2021-02-10,21112,487236,11249,270689,9863,216547,0,0,12752,287523,8261,99840,12775,387363,California
Orange,2021-02-11,22438,509674,11623,282312,10815,227362,0,0,12267,289787,10027,109867,12291,399654,California
Orange,2021-02-12,25216,534890,12135,294447,13081,240443,0,0,14764,294195,10377,120244,14785,414439,California
Orange,2021-02-13,22227,557117,12044,306491,10183,250626,0,0,11181,295166,10867,131111,11838,426277,California
Orange,2021-02-14,16379,573496,6666,313157,9713,260339,0,0,9657,298142,6689,137800,9665,435942,California
Orange,2021-02-15,17510,591006,7527,320684,9983,270322,0,0,9019,298742,8441,146241,9041,444983,California
Orange,2021-02-16,20279,611285,9177,329861,11102,281424,0,0,10878,300322,9341,155582,10921,455904,California
Orange,2021-02-17,18290,629575,9586,339447,8704,290128,0,0,9316,300802,8907,164489,9387,465291,California
Orange,2021-02-18,15347,644922,10044,349491,5303,295431,0,0,6914,299378,8373,172862,6949,472240,California
Orange,2021-02-19,18616,663538,11111,360602,7505,302936,0,0,7014,294892,11527,184389,7041,479281,California
Orange,2021-02-20,7712,671250,5729,366331,1983,304919,0,0,3850,294948,3825,188214,3881,483162,California
Orange,2021-02-21,4789,676039,4064,370395,725,305644,0,0,988,292193,3754,191968,999,484161,California
Orange,2021-02-22,10083,686122,8206,378601,1877,307521,0,0,4049,290297,5977,197945,4081,488242,California
Orange,2021-02-23,13855,699977,7575,386176,6280,313801,0,0,3651,283868,10123,208068,3694,491936,California
Orange,2021-02-24,21472,721449,12948,399124,8524,322325,0,0,5477,273496,15920,223988,5548,497484,California
Orange,2021-02-25,23065,744514,12468,411592,10597,332922,0,0,8122,266808,14864,238852,8176,505660,California
Orange,2021-02-26,28290,772804,14318,425910,13972,346894,0,0,11431,261590,16717,255569,11499,517159,California
Orange,2021-02-27,25343,798147,10328,436238,15012,361906,3,3,7396,251237,17817,273386,7464,524623,California
Orange,2021-02-28,19286,817433,7488,443726,11798,373704,0,3,4902,241938,14246,287632,4947,529570,California
Orange,2021-03-01,18948,836381,8675,452401,10254,383958,19,22,7385,237943,11447,299079,7452,537022,California
Orange,2021-03-02,19677,856058,9508,461909,10165,394123,4,26,9593,237582,10020,309099,9659,546681,California
Orange,2021-03-03,21377,877435,10151,472060,11221,405344,5,31,11506,239376,9781,318880,11575,558256,California
Orange,2021-03-04,22926,900361,13162,485222,9750,415094,14,45,11830,240230,11049,329929,11903,570159,California
Orange,2021-03-05,21503,921864,11200,496422,10254,425348,49,94,13125,245174,8330,338259,13274,583433,California
Orange,2021-03-06,24456,946320,13430,509852,10148,435496,878,972,12896,247494,11505,349764,13825,597258,California
Orange,2021-03-07,15464,961784,8676,518528,6370,441866,418,1390,9005,250554,6415,356179,9475,606733,California
Orange,2021-03-08,17071,978855,7910,526438,7848,449714,1313,2703,10904,256733,6096,362275,12275,619008,California
Orange,2021-03-09,21381,1000236,9908,536346,9006,458720,2467,5170,12585,263057,8750,371025,15074,634082,California
Orange,2021-03-10,25037,1025273,12295,548641,9281,468001,3461,8631,12602,266780,12363,383388,16086,650168,California
Orange,2021-03-11,29373,1054646,15911,564552,9204,477205,4258,12889,13557,268898,15708,399096,17826,667994,California
Orange,2021-03-12,29630,1084276,14414,578966,11331,488536,3885,16774,14808,272908,14721,413817,18731,686725,California
Orange,2021-03-13,28002,1112278,10298,589264,13744,502280,3960,20734,14124,277185,13811,427628,18088,704813,California
Orange,2021-03-14,19001,1131279,8256,597520,8193,510473,2552,23286,11830,284434,7133,434761,14382,719195,California
Orange,2021-03-15,23315,1154594,10290,607810,12257,522730,768,24054,14452,290900,8763,443524,15229,734424,California
Orange,2021-03-16,26666,1181260,11304,619114,15088,537818,274,24328,17174,298970,9404,452928,17474,751898,California
Orange,2021-03-17,27578,1208838,13725,632839,13288,551106,565,24893,19590,311226,7900,460828,20156,772054,California
Orange,2021-03-18,28145,1236983,14205,647044,13636,564742,304,25197,21765,327008,6303,467131,22085,794139,California
Orange,2021-03-19,34084,1271067,18846,665890,14784,579526,454,25651,25265,344042,8700,475831,25734,819873,California
Orange,2021-03-20,26056,1297123,13756,679646,12093,591619,207,25858,22176,362632,3803,479634,22393,842266,California
Orange,2021-03-21,18759,1315882,10881,690527,7130,598749,748,26606,15825,376314,2894,482528,16576,858842,California
Orange,2021-03-22,22974,1338856,11938,702465,10712,609461,324,26930,19273,392330,3593,486121,19609,878451,California
Orange,2021-03-23,26329,1365185,13764,716229,11918,621379,647,27577,20817,408379,5422,491543,21471,899922,California
Orange,2021-03-24,29424,1394609,16484,732713,12010,633389,930,28507,22031,424066,7280,498823,22967,922889,California
Orange,2021-03-25,32688,1427297,17380,750093,14590,647979,718,29225,24293,440794,8287,507110,25015,947904,California
Orange,2021-03-26,35100,1462397,18238,768331,15994,663973,868,30093,24896,456492,10077,517187,25775,973679,California
Orange,2021-03-27,28642,1491039,13725,782056,14601,678574,316,30409,19813,467899,8725,525912,20132,993811,California
Orange,2021-03-28,24985,1516024,12994,795050,11923,690497,68,30477,18626,480332,6268,532180,18701,1012512,California
Orange,2021-03-29,26721,1542745,12258,807308,13894,704391,569,31046,17841,489982,8764,540944,18414,1030926,California
Orange,2021-03-30,31064,1573809,14061,821369,16365,720756,638,31684,20433,500522,10531,551475,21071,1051997,California
Orange,2021-03-31,37380,1611189,19604,840973,17051,737807,725,32409,23713,511433,13529,565004,24440,1076437,California
Orange,2021-04-01,40916,1652105,21480,862453,17481,755288,1955,34364,26252,525153,14472,579476,28192,1104629,California
Orange,2021-04-02,40429,1692534,20400,882853,18169,773457,1860,36224,22737,532190,17568,597044,24605,1129234,California
Orange,2021-04-03,30504,1723038,15793,898646,12932,786389,1779,38003,14364,532282,16045,613089,16137,1145371,California
Orange,2021-04-04,18519,1741557,10748,909394,6996,793385,775,38778,8163,530925,10291,623380,8934,1154305,California
Orange,2021-04-05,30272,1771829,14152,923546,12687,806072,3433,42211,13849,531878,16321,639701,17274,1171579,California
Orange,2021-04-06,33650,1805479,15755,939301,14440,820512,3455,45666,14426,530620,19118,658819,17860,1189439,California
Orange,2021-04-07,36454,1841933,20256,959557,11534,832046,4664,50330,16040,530973,20314,679133,20667,1210106,California
Orange,2021-04-08,39495,1881428,21836,981393,12097,844143,5562,55892,19095,535320,20272,699405,24619,1234725,California
Orange,2021-04-09,41366,1922794,24064,1005457,12006,856149,5296,61188,18070,535468,23183,722588,23331,1258056,California
Orange,2021-04-10,34855,1957649,18390,1023847,12159,868308,4306,65494,14364,533726,20390,742978,18648,1276704,California
Orange,2021-04-11,25863,1983512,14648,1038495,7921,876229,3294,68788,9904,531007,15897,758875,13178,1289882,California
Orange,2021-04-12,30855,2014367,15581,1054076,11623,887852,3651,72439,12125,528121,18644,777519,15758,1305640,California
Orange,2021-04-13,32890,2047257,18519,1072595,14301,902153,70,72509,15300,525993,17501,795020,15373,1321013,California
Orange,2021-04-14,35071,2082328,20575,1093170,14460,916613,36,72545,15241,521573,19709,814729,15289,1336302,California
Orange,2021-04-15,40925,2123253,24926,1118096,15983,932596,16,72561,19045,518882,21748,836477,19057,1355359,California
Orange,2021-04-16,42146,2165399,24788,1142884,17328,949924,30,72591,19053,515025,22951,859428,19094,1374453,California
Orange,2021-04-17,30699,2196098,17409,1160293,13283,963207,7,72598,13470,511430,17078,876506,13483,1387936,California
Orange,2021-04-18,22328,2218426,13609,1173902,8719,971926,0,72598,8898,506978,13356,889862,8904,1396840,California
Orange,2021-04-19,33101,2251527,18293,1192195,14804,986730,4,72602,15233,504461,17760,907622,15243,1412083,California
Orange,2021-04-20,36628,2288155,19367,1211562,17254,1003984,7,72609,18235,504412,18297,925919,18248,1430331,California
Orange,2021-04-21,42519,2330674,24923,1236485,17587,1021571,9,72618,20183,502457,22154,948073,20199,1450530,California
Orange,2021-04-22,40153,2370827,21499,1257984,18643,1040214,11,72629,16727,495925,23278,971351,16746,1467276,California
Orange,2021-04-23,41102,2411929,21597,1279581,19497,1059711,8,72637,18405,491777,22570,993921,18422,1485698,California
Orange,2021-04-24,32137,2444066,16834,1296415,15271,1074982,32,72669,13487,486747,18552,1012473,13522,1499220,California
Orange,2021-04-25,23020,2467086,12999,1309414,10006,1084988,15,72684,9833,483488,13114,1025587,9855,1509075,California
Orange,2021-04-26,29305,2496391,14540,1323954,14566,1099554,199,72883,12692,479893,16489,1042076,12894,1521969,California
Orange,2021-04-27,31586,2527977,14980,1338934,15974,1115528,632,73515,11973,473070,19435,1061511,12612,1534581,California
Orange,2021-04-28,31474,2559451,15985,1354919,14604,1130132,885,74400,12646,467912,18688,1080199,13530,1548111,California
Orange,2021-04-29,32524,2591975,17965,1372884,13588,1143720,971,75371,11584,459644,20815,1101014,12547,1560658,California
Orange,2021-04-30,30444,2622419,17548,1390432,11950,1155670,946,76317,13008,456271,17317,1118331,13944,1574602,California
Orange,2021-05-01,23010,2645429,15747,1406179,6273,1161943,990,77307,8790,451947,14095,1132426,9771,1584373,California
Orange,2021-05-02,15457,2660886,10298,1416477,4514,1166457,645,77952,5384,447969,10001,1142427,6023,1590396,California
Orange,2021-05-03,20725,2681611,12661,1429138,7300,1173757,764,78716,6512,441130,14113,1156540,7274,1597670,California
Orange,2021-05-04,24217,2705828,14006,1443144,9290,1183047,921,79637,8270,434481,15826,1172366,9177,1606847,California
Orange,2021-05-05,25458,2731286,14457,1457601,10104,1193151,897,80534,8192,426445,17125,1189491,9089,1615936,California
Orange,2021-05-06,26893,2758179,16408,1474009,9483,1202634,1002,81536,7399,415485,19354,1208845,8394,1624330,California
Orange,2021-05-07,29384,2787563,17791,1491800,10539,1213173,1054,82590,8175,403722,20986,1229831,9223,1633553,California
Orange,2021-05-08,19172,2806735,12822,1504622,5549,1218722,801,83391,5553,396578,13489,1243320,6345,1639898,California
Orange,2021-05-09,11136,2817871,8500,1513122,2261,1220983,375,83766,2801,391467,8287,1251607,3176,1643074,California
Orange,2021-05-10,19512,2837383,12024,1525146,6706,1227689,782,84548,4307,381449,15108,1266715,5090,1648164,California
Orange,2021-05-11,22738,2860121,12855,1538001,9145,1236834,738,85286,5393,370336,17237,1283952,6124,1654288,California
Orange,2021-05-12,24100,2884221,14996,1552997,8268,1245102,836,86122,6542,360294,17417,1301369,7375,1661663,California
Orange,2021-05-13,22135,2906356,13731,1566728,7795,1252897,609,86731,8156,355197,13863,1315232,8766,1670429,California
Orange,2021-05-14,26870,2933226,17782,1584510,8236,1261133,852,87583,10468,350233,16255,1331487,11291,1681720,California
Orange,2021-05-15,20478,2953704,14793,1599303,5134,1266267,551,88134,8309,346991,12095,1343582,8853,1690573,California
Orange,2021-05-16,15584,2969288,12854,1612157,2391,1268658,339,88473,6708,345224,8812,1352394,7045,1697618,California
Orange,2021-05-17,19586,2988874,12873,1625030,6012,1274670,701,89174,6916,340226,12601,1364995,7603,1705221,California
Orange,2021-05-18,20633,3009507,12031,1637061,7932,1282602,670,89844,8009,336370,12527,1377522,8671,1713892,California
Orange,2021-05-19,22565,3032072,12921,1649982,8970,1291572,674,90518,7710,330012,14733,1392255,8375,1722267,California
Orange,2021-05-20,22601,3054673,13264,1663246,8669,1300241,668,91186,7734,323659,14752,1407007,8399,1730666,California
Orange,2021-05-21,25762,3080435,14818,1678064,10219,1310460,725,91911,8280,315298,17361,1424368,9000,1739666,California
Orange,2021-05-22,18321,3098756,12202,1690266,5571,1316031,548,92459,6974,311566,11254,1435622,7522,1747188,California
Orange,2021-05-23,10037,3108793,6938,1697204,2826,1318857,273,92732,3519,308884,6473,1442095,3791,1750979,California
Orange,2021-05-24,15699,3124492,9340,1706544,5735,1324592,624,93356,5793,305484,9810,1451905,6410,1757389,California
Orange,2021-05-25,15661,3140153,9223,1715767,5914,1330506,524,93880,5572,301601,9974,1461879,6091,1763480,California
Orange,2021-05-26,15261,3155414,8565,1724332,6196,1336702,500,94380,5620,298162,9549,1471428,6110,1769590,California
Orange,2021-05-27,14416,3169830,8679,1733011,5193,1341895,544,94924,6294,296946,8046,1479474,6830,1776420,California
Orange,2021-05-28,16829,3186659,9924,1742935,6276,1348171,629,95553,7370,295571,9362,1488836,7987,1784407,California
Orange,2021-05-29,9007,3195666,5279,1748214,3369,1351540,359,95912,4072,295118,4878,1493714,4425,1788832,California
Orange,2021-05-30,6021,3201687,3906,1752120,1835,1353375,280,96192,2164,293737,3820,1497534,2439,1791271,California
Orange,2021-05-31,1700,3203387,1054,1753174,599,1353974,47,96239,521,293147,1157,1498691,567,1791838,California
Orange,2021-06-01,13411,3216798,7789,1760963,5132,1359106,490,96729,4985,290299,8315,1507006,5467,1797305,California
Orange,2021-06-02,13029,3229827,8074,1769037,4538,1363644,417,97146,4456,286742,8423,1515429,4866,1802171,California
Orange,2021-06-03,12904,3242731,8915,1777952,3535,1367179,454,97600,4392,283134,8449,1523878,4841,1807012,California
Orange,2021-06-04,17170,3259901,12178,1790130,4413,1371592,579,98179,5235,277097,11848,1535726,5811,1812823,California
Orange,2021-06-05,12939,3272840,9765,1799895,2792,1374384,382,98561,3818,272231,9062,1544788,4196,1817019,California
Orange,2021-06-06,5357,3278197,4554,1804449,603,1374987,200,98761,1802,270700,3533,1548321,2002,1819021,California
Orange,2021-06-07,10792,3288989,7633,1812082,2694,1377681,465,99226,3303,267046,7415,1555736,3761,1822782,California
Orange,2021-06-08,12206,3301195,8793,1820875,2904,1380585,509,99735,3772,262986,8342,1564078,4282,1827064,California
Orange,2021-06-09,11753,3312948,8137,1829012,3159,1383744,457,100192,3297,258365,8370,1572448,3749,1830813,California
Orange,2021-06-10,11610,3324558,8455,1837467,2691,1386435,464,100656,3399,254072,8151,1580599,3858,1834671,California
Orange,2021-06-11,13305,3337863,9365,1846832,3444,1389879,496,101152,4282,249912,8933,1589532,4773,1839444,California
Orange,2021-06-12,9808,3347671,7513,1854345,1979,1391858,316,101468,3005,246484,6749,1596281,3321,1842765,California
Orange,2021-06-13,4055,3351726,2957,1857302,934,1392792,164,101632,1013,244654,3008,1599289,1178,1843943,California
Orange,2021-06-14,9850,3361576,7187,1864489,2205,1394997,458,102090,3253,241818,6545,1605834,3709,1847652,California
Orange,2021-06-15,10186,3371762,7335,1871824,2419,1397416,432,102522,3557,239249,6554,1612388,3985,1851637,California
Orange,2021-06-16,9559,3381321,6869,1878693,2223,1399639,467,102989,3269,236746,6234,1618622,3731,1855368,California
Orange,2021-06-17,9378,3390699,7090,1885783,1921,1401560,367,103356,3335,234466,5982,1624604,3702,1859070,California
Orange,2021-06-18,11227,3401926,8204,1893987,2526,1404086,497,103853,3887,231585,7263,1631867,4382,1863452,California
Orange,2021-06-19,6324,3408250,4708,1898695,1372,1405458,244,104097,2616,230790,3658,1635525,2863,1866315,California
Orange,2021-06-20,3071,3411321,2382,1901077,595,1406053,94,104191,1035,229896,2023,1637548,1129,1867444,California
Orange,2021-06-21,6664,3417985,4571,1905648,1657,1407710,436,104627,3578,230855,3056,1640604,4015,1871459,California
Orange,2021-06-22,7695,3425680,5692,1911340,1650,1409360,353,104980,2931,229443,4697,1645301,3285,1874744,California
Orange,2021-06-23,7323,3433003,5505,1916845,1512,1410872,306,105286,2968,228407,4308,1649609,3272,1878016,California
Orange,2021-06-24,7183,3440186,5397,1922242,1419,1412291,367,105653,3062,227751,4084,1653693,3428,1881444,California
Orange,2021-06-25,8577,3448763,6257,1928499,1940,1414231,380,106033,3344,226284,5185,1658878,3718,1885162,California
Orange,2021-06-26,5882,3454645,4517,1933016,1138,1415369,227,106260,2476,225624,3363,1662241,2703,1887865,California
Orange,2021-06-27,3437,3458082,2786,1935802,539,1415908,112,106372,1484,225290,1931,1664172,1597,1889462,California
Orange,2021-06-28,6211,3464293,5043,1940845,842,1416750,326,106698,2768,224989,3395,1667567,3094,1892556,California
Orange,2021-06-29,6137,3470430,4519,1945364,1381,1418131,237,106935,2537,224211,3553,1671120,2775,1895331,California
Orange,2021-06-30,4103,3474533,2918,1948282,1017,1419148,168,107103,1750,223805,2323,1673443,1917,1897248,California
Placer,2020-12-15,30,30,30,30,0,0,0,0,30,30,0,0,30,30,California
Placer,2020-12-16,56,86,56,86,0,0,0,0,56,86,0,0,56,86,California
Placer,2020-12-17,148,234,148,234,0,0,0,0,148,234,0,0,148,234,California
Placer,2020-12-18,427,661,427,661,0,0,0,0,427,661,0,0,427,661,California
Placer,2020-12-19,253,914,253,914,0,0,0,0,253,914,0,0,253,914,California
Placer,2020-12-20,234,1148,234,1148,0,0,0,0,234,1148,0,0,234,1148,California
Placer,2020-12-21,501,1649,499,1647,2,2,0,0,501,1649,0,0,501,1649,California
Placer,2020-12-22,681,2330,674,2321,7,9,0,0,681,2330,0,0,681,2330,California
Placer,2020-12-23,760,3090,671,2992,89,98,0,0,760,3090,0,0,760,3090,California
Placer,2020-12-24,411,3501,357,3349,54,152,0,0,411,3501,0,0,411,3501,California
Placer,2020-12-26,161,3662,116,3465,45,197,0,0,161,3662,0,0,161,3662,California
Placer,2020-12-27,183,3845,161,3626,22,219,0,0,183,3845,0,0,183,3845,California
Placer,2020-12-28,672,4517,545,4171,127,346,0,0,672,4517,0,0,672,4517,California
Placer,2020-12-29,770,5287,517,4688,253,599,0,0,770,5287,0,0,770,5287,California
Placer,2020-12-30,737,6024,461,5149,276,875,0,0,735,6022,0,0,735,6022,California
Placer,2020-12-31,548,6572,360,5509,188,1063,0,0,548,6570,0,0,548,6570,California
Placer,2021-01-01,16,6588,12,5521,4,1067,0,0,16,6586,0,0,16,6586,California
Placer,2021-01-02,188,6776,156,5677,32,1099,0,0,188,6774,0,0,188,6774,California
Placer,2021-01-03,155,6931,80,5757,75,1174,0,0,155,6929,0,0,155,6929,California
Placer,2021-01-04,624,7555,181,5938,443,1617,0,0,624,7553,0,0,624,7553,California
Placer,2021-01-05,736,8291,160,6098,576,2193,0,0,647,8113,88,88,648,8201,California
Placer,2021-01-06,763,9054,246,6344,517,2710,0,0,612,8574,151,239,612,8813,California
Placer,2021-01-07,991,10045,369,6713,622,3332,0,0,764,9111,227,466,764,9577,California
Placer,2021-01-08,1192,11237,533,7246,659,3991,0,0,799,9520,390,856,799,10376,California
Placer,2021-01-09,455,11692,321,7567,134,4125,0,0,238,9542,216,1072,238,10614,California
Placer,2021-01-10,334,12026,187,7754,147,4272,0,0,166,9540,168,1240,166,10780,California
Placer,2021-01-11,1440,13466,816,8570,624,4896,0,0,844,9789,596,1836,845,11625,California
Placer,2021-01-12,1677,15143,894,9464,783,5679,0,0,1063,10239,613,2449,1063,12688,California
Placer,2021-01-13,1660,16803,839,10303,821,6500,0,0,1227,11038,431,2880,1230,13918,California
Placer,2021-01-14,1826,18629,680,10983,1146,7646,0,0,1451,12118,372,3252,1452,15370,California
Placer,2021-01-15,1954,20583,731,11714,1223,8869,0,0,1600,13366,353,3605,1601,16971,California
Placer,2021-01-16,1511,22094,717,12431,794,9663,0,0,1389,14634,122,3727,1390,18361,California
Placer,2021-01-17,575,22669,400,12831,175,9838,0,0,436,14932,138,3865,436,18797,California
Placer,2021-01-18,984,23653,543,13374,441,10279,0,0,749,15447,235,4100,750,19547,California
Placer,2021-01-19,2635,26288,1969,15343,666,10945,0,0,2180,17173,455,4555,2181,21728,California
Placer,2021-01-20,2348,28636,1769,17112,579,11524,0,0,2008,18842,340,4895,2009,23737,California
Placer,2021-01-21,2593,31229,1139,18251,1454,12978,0,0,2187,20626,404,5299,2188,25925,California
Placer,2021-01-22,2355,33584,633,18884,1722,14700,0,0,2176,22626,177,5476,2177,28102,California
Placer,2021-01-23,1205,34789,388,19272,817,15517,0,0,1046,23513,159,5635,1046,29148,California
Placer,2021-01-24,522,35311,274,19546,248,15765,0,0,440,23872,82,5717,441,29589,California
Placer,2021-01-25,1687,36998,807,20353,880,16645,0,0,1391,24968,296,6013,1392,30981,California
Placer,2021-01-26,1888,38886,1048,21401,840,17485,0,0,1616,26312,272,6285,1616,32597,California
Placer,2021-01-27,1866,40752,1171,22572,695,18180,0,0,1614,27677,250,6535,1615,34212,California
Placer,2021-01-28,1821,42573,1124,23696,697,18877,0,0,1570,28998,249,6784,1570,35782,California
Placer,2021-01-29,1936,44509,1182,24878,754,19631,0,0,1731,30527,203,6987,1732,37514,California
Placer,2021-01-30,1748,46257,973,25851,775,20406,0,0,1626,32032,121,7108,1626,39140,California
Placer,2021-01-31,787,47044,626,26477,161,20567,0,0,716,32677,71,7179,716,39856,California
Placer,2021-02-01,2093,49137,1104,27581,989,21556,0,0,1774,34133,318,7497,1774,41630,California
Placer,2021-02-02,2417,51554,1554,29135,863,22419,0,0,1909,35537,505,8002,1909,43539,California
Placer,2021-02-03,2934,54488,1885,31020,1049,23468,0,0,2300,37207,630,8632,2300,45839,California
Placer,2021-02-04,2784,57272,1192,32212,1592,25060,0,0,1944,38316,836,9468,1945,47784,California
Placer,2021-02-05,2813,60085,1281,33493,1532,26592,0,0,1432,38391,1357,10825,1432,49216,California
Placer,2021-02-06,1997,62082,1334,34827,663,27255,0,0,1444,39283,552,11377,1444,50660,California
Placer,2021-02-07,1226,63308,912,35739,314,27569,0,0,935,39928,290,11667,935,51595,California
Placer,2021-02-08,3301,66609,1757,37496,1544,29113,0,0,1956,40566,1319,12986,1957,53552,California
Placer,2021-02-09,3578,70187,2193,39689,1385,30498,0,0,1651,40294,1923,14909,1651,55203,California
Placer,2021-02-10,3791,73978,2217,41906,1574,32072,0,0,1717,39945,2068,16977,1719,56922,California
Placer,2021-02-11,3738,77716,1924,43830,1814,33886,0,0,1583,39393,2136,19113,1584,58506,California
Placer,2021-02-12,2888,80604,1347,45177,1541,35427,0,0,1680,39903,1171,20284,1681,60187,California
Placer,2021-02-13,2627,83231,1473,46650,1154,36581,0,0,1933,41142,694,20978,1933,62120,California
Placer,2021-02-14,1096,84327,686,47336,410,36991,0,0,740,41528,354,21332,740,62860,California
Placer,2021-02-15,2265,86592,1050,48386,1215,38206,0,0,1553,42370,712,22044,1554,64414,California
Placer,2021-02-16,3614,90206,1806,50192,1808,40014,0,0,1605,41977,1999,24043,1606,66020,California
Placer,2021-02-17,3575,93781,1985,52177,1590,41604,0,0,1520,41447,2051,26094,1521,67541,California
Placer,2021-02-18,3851,97632,2080,54257,1771,43375,0,0,1640,40889,2199,28293,1641,69182,California
Placer,2021-02-19,3681,101313,1981,56238,1700,45075,0,0,1363,39968,2286,30579,1365,70547,California
Placer,2021-02-20,2104,103417,1306,57544,798,45873,0,0,942,39759,1154,31733,945,71492,California
Placer,2021-02-21,1178,104595,771,58315,407,46280,0,0,428,39440,748,32481,429,71921,California
Placer,2021-02-22,2597,107192,1820,60135,777,47057,0,0,613,38074,1979,34460,613,72534,California
Placer,2021-02-23,2684,109876,1638,61773,1046,48103,0,0,909,37209,1774,36234,909,73443,California
Placer,2021-02-24,3363,113239,1205,62978,2158,50261,0,0,1824,37508,1527,37761,1826,75269,California
Placer,2021-02-25,3749,116988,1548,64526,2201,52462,0,0,2051,37873,1689,39450,2054,77323,California
Placer,2021-02-26,4278,121266,2458,66984,1820,54282,0,0,2466,38534,1806,41256,2467,79790,California
Placer,2021-02-27,2932,124198,1536,68520,1396,55678,0,0,1513,38635,1414,42670,1515,81305,California
Placer,2021-02-28,1619,125817,879,69399,739,56417,1,1,741,38505,872,43542,742,82047,California
Placer,2021-03-01,3216,129033,2139,71538,1077,57494,0,1,1637,38571,1571,45113,1637,83684,California
Placer,2021-03-02,2928,131961,1803,73341,1125,58619,0,1,1908,39472,1007,46120,1908,85592,California
Placer,2021-03-03,3398,135359,1482,74823,1915,60534,1,2,1859,39802,1531,47651,1861,87453,California
Placer,2021-03-04,3641,139000,1463,76286,2178,62712,0,2,1897,39967,1733,49384,1898,89351,California
Placer,2021-03-05,3023,142023,1039,77325,1963,64675,21,23,1818,40606,1200,50584,1839,91190,California
Placer,2021-03-06,2444,144467,1514,78839,835,65510,95,118,941,40147,1495,52079,1036,92226,California
Placer,2021-03-07,1344,145811,774,79613,531,66041,39,157,548,39942,792,52871,587,92813,California
Placer,2021-03-08,2925,148736,1833,81446,979,67020,113,270,1656,40445,1266,54137,1769,94582,California
Placer,2021-03-09,3211,151947,1710,83156,1410,68430,91,361,1841,41010,1367,55504,1932,96514,California
Placer,2021-03-10,3317,155264,1341,84497,1869,70299,107,468,1726,41257,1585,57089,1832,98346,California
Placer,2021-03-11,3672,158936,1671,86168,1875,72174,126,594,1753,41231,1907,58996,1881,100227,California
Placer,2021-03-12,3711,162647,1498,87666,1433,73607,780,1374,1252,40817,2447,61443,2033,102260,California
Placer,2021-03-13,2201,164848,751,88417,1326,74933,124,1498,1168,41080,1028,62471,1291,103551,California
Placer,2021-03-14,1693,166541,685,89102,859,75792,149,1647,894,41326,797,63268,1043,104594,California
Placer,2021-03-15,3227,169768,1551,90653,1546,77338,130,1777,1771,41775,1453,64721,1902,106496,California
Placer,2021-03-16,3632,173400,1954,92607,1543,78881,135,1912,2313,42915,1308,66029,2448,108944,California
Placer,2021-03-17,3475,176875,1750,94357,1621,80502,104,2016,2233,44015,1238,67267,2338,111282,California
Placer,2021-03-18,4127,181002,2341,96698,1747,82249,39,2055,2867,45669,1251,68518,2905,114187,California
Placer,2021-03-19,3477,184479,2082,98780,1126,83375,269,2324,2163,46794,1304,69822,2429,116616,California
Placer,2021-03-20,2198,186677,909,99689,1190,84565,99,2423,1341,47381,852,70674,1439,118055,California
Placer,2021-03-21,1279,187956,588,100277,681,85246,10,2433,794,47704,481,71155,804,118859,California
Placer,2021-03-22,3329,191285,2132,102409,1106,86352,91,2524,2159,48788,1166,72321,2250,121109,California
Placer,2021-03-23,3593,194878,2125,104534,1380,87732,88,2612,2565,50421,1021,73342,2654,123763,California
Placer,2021-03-24,3814,198692,2007,106541,1710,89442,97,2709,1917,50562,1874,75216,2015,125778,California
Placer,2021-03-25,3877,202569,1870,108411,1906,91348,101,2810,1719,50241,2146,77362,1825,127603,California
Placer,2021-03-26,3797,206366,1679,110090,1886,93234,232,3042,1522,49737,2258,79620,1754,129357,California
Placer,2021-03-27,1641,208007,484,110574,1137,94371,20,3062,638,49398,996,80616,657,130014,California
Placer,2021-03-28,1132,209139,530,111104,592,94963,10,3072,300,48892,816,81432,310,130324,California
Placer,2021-03-29,3584,212723,2000,113104,1548,96511,36,3108,1730,48817,1844,83276,1769,132093,California
Placer,2021-03-30,3986,216709,2095,115199,1847,98358,44,3152,2079,49046,1892,85168,2121,134214,California
Placer,2021-03-31,4125,220834,1839,117038,2211,100569,75,3227,1690,48382,2427,87595,1763,135977,California
Placer,2021-04-01,3008,223842,1448,118486,1512,102081,48,3275,1670,48770,1330,88925,1718,137695,California
Placer,2021-04-02,2855,226697,1457,119943,1331,103412,67,3342,1604,49194,1244,90169,1668,139363,California
Placer,2021-04-03,1866,228563,997,120940,740,104152,129,3471,895,49253,963,91132,1022,140385,California
Placer,2021-04-04,717,229280,368,121308,296,104448,53,3524,287,49168,425,91557,340,140725,California
Placer,2021-04-05,3023,232303,1912,123220,925,105373,186,3710,1754,49845,1263,92820,1940,142665,California
Placer,2021-04-06,4320,236623,2496,125716,1520,106893,304,4014,1533,48905,2778,95598,1838,144503,California
Placer,2021-04-07,4571,241194,2607,128323,1500,108393,464,4478,2083,48970,2481,98079,2546,147049,California
Placer,2021-04-08,4741,245935,2616,130939,1581,109974,544,5022,1587,47961,3141,101220,2132,149181,California
Placer,2021-04-09,4162,250097,2281,133220,1255,111229,626,5648,1250,46936,2903,104123,1878,151059,California
Placer,2021-04-10,2115,252212,886,134106,1045,112274,184,5832,920,46847,1192,105315,1103,152162,California
Placer,2021-04-11,1393,253605,536,134642,824,113098,33,5865,458,46407,930,106245,490,152652,California
Placer,2021-04-12,4139,257744,2663,137305,1088,114186,388,6253,2474,47615,1655,107900,2863,155515,California
Placer,2021-04-13,4373,262117,3008,140313,1364,115550,1,6254,2188,47628,2177,110077,2190,157705,California
Placer,2021-04-14,4181,266298,2595,142908,1585,117135,1,6255,1860,47177,2311,112388,1860,159565,California
Placer,2021-04-15,4528,270826,2521,145429,2006,119141,1,6256,2360,47380,2158,114546,2361,161926,California
Placer,2021-04-16,3715,274541,2201,147630,1514,120655,0,6256,1449,46569,2260,116806,1449,163375,California
Placer,2021-04-17,2642,277183,855,148485,1787,122442,0,6256,1727,47387,909,117715,1727,165102,California
Placer,2021-04-18,1270,278453,301,148786,969,123411,0,6256,443,47005,825,118540,443,165545,California
Placer,2021-04-19,2969,281422,1829,150615,1140,124551,0,6256,1168,46378,1796,120336,1169,166714,California
Placer,2021-04-20,3916,285338,2561,153176,1355,125906,0,6256,2452,47376,1454,121790,2452,169166,California
Placer,2021-04-21,3819,289157,2535,155711,1283,127189,1,6257,2483,48529,1331,123121,2484,171650,California
Placer,2021-04-22,3745,292902,2335,158046,1410,128599,0,6257,1792,48373,1948,125069,1792,173442,California
Placer,2021-04-23,3583,296485,2382,160428,1200,129799,1,6258,1405,47608,2171,127240,1406,174848,California
Placer,2021-04-24,2095,298580,1272,161700,822,130621,1,6259,1224,47971,861,128101,1224,176072,California
Placer,2021-04-25,931,299511,500,162200,431,131052,0,6259,555,48150,376,128477,555,176627,California
Placer,2021-04-26,2516,302027,1361,163561,1131,132183,24,6283,1213,48092,1294,129771,1236,177863,California
Placer,2021-04-27,2795,304822,1482,165043,1264,133447,49,6332,1586,48523,1205,130976,1636,179499,California
Placer,2021-04-28,3060,307882,1915,166958,1109,134556,36,6368,1613,48736,1437,132413,1650,181149,California
Placer,2021-04-29,3440,311322,2245,169203,1141,135697,54,6422,1451,48258,1983,134396,1505,182654,California
Placer,2021-04-30,3043,314365,1849,171052,1145,136842,49,6471,1225,47720,1812,136208,1274,183928,California
Placer,2021-05-01,1339,315704,935,171987,379,137221,25,6496,612,47636,720,136928,636,184564,California
Placer,2021-05-02,735,316439,572,172559,141,137362,22,6518,331,47587,402,137330,353,184917,California
Placer,2021-05-03,1622,318061,1001,173560,554,137916,67,6585,442,46919,1176,138506,508,185425,California
Placer,2021-05-04,2366,320427,1356,174916,844,138760,166,6751,878,46482,1481,139987,1044,186469,California
Placer,2021-05-05,3733,324160,2536,177452,1092,139852,105,6856,979,44822,2744,142731,1084,187553,California
Placer,2021-05-06,3114,327274,1910,179362,1128,140980,76,6932,818,43446,2270,145001,894,188447,California
Placer,2021-05-07,2837,330111,1913,181275,831,141811,93,7025,799,42312,2026,147027,892,189339,California
Placer,2021-05-08,1411,331522,737,182012,631,142442,43,7068,414,41771,996,148023,455,189794,California
Placer,2021-05-09,452,331974,221,182233,210,142652,21,7089,209,41758,243,148266,230,190024,California
Placer,2021-05-10,1927,333901,1031,183264,800,143452,96,7185,423,40778,1499,149765,519,190543,California
Placer,2021-05-11,3041,336942,2203,185467,720,144172,118,7303,657,39180,2373,152138,775,191318,California
Placer,2021-05-12,2886,339828,2001,187468,828,145000,57,7360,683,37727,2195,154333,742,192060,California
Placer,2021-05-13,2871,342699,1855,189323,968,145968,48,7408,1010,36925,1859,156192,1057,193117,California
Placer,2021-05-14,2849,345548,1872,191195,841,146809,136,7544,1373,36967,1461,157653,1503,194620,California
Placer,2021-05-15,2105,347653,1366,192561,715,147524,24,7568,934,36761,1164,158817,958,195578,California
Placer,2021-05-16,1193,348846,530,193091,644,148168,19,7587,343,36275,848,159665,362,195940,California
Placer,2021-05-17,2359,351205,1570,194661,713,148881,76,7663,1016,36028,1339,161004,1092,197032,California
Placer,2021-05-18,2511,353716,1683,196344,748,149629,80,7743,1127,35854,1380,162384,1206,198238,California
Placer,2021-05-19,2544,356260,1595,197939,902,150531,47,7790,874,35110,1665,164049,921,199159,California
Placer,2021-05-20,2543,358803,1651,199590,844,151375,48,7838,863,34350,1671,165720,911,200070,California
Placer,2021-05-21,2447,361250,1529,201119,773,152148,145,7983,1053,34160,1386,167106,1196,201266,California
Placer,2021-05-22,1609,362859,1058,202177,509,152657,42,8025,763,34124,841,167947,805,202071,California
Placer,2021-05-23,636,363495,357,202534,264,152921,15,8040,279,34062,357,168304,295,202366,California
Placer,2021-05-24,1514,365009,771,203305,606,153527,137,8177,447,33581,1065,169369,584,202950,California
Placer,2021-05-25,1796,366805,945,204250,751,154278,100,8277,641,33174,1148,170517,741,203691,California
Placer,2021-05-26,1585,368390,909,205159,637,154915,39,8316,613,32860,967,171484,653,204344,California
Placer,2021-05-27,1462,369852,722,205881,695,155610,45,8361,662,32776,791,172275,707,205051,California
Placer,2021-05-28,1705,371557,857,206738,751,156361,97,8458,725,32624,974,173249,822,205873,California
Placer,2021-05-29,750,372307,405,207143,314,156675,31,8489,378,32664,368,173617,408,206281,California
Placer,2021-05-30,342,372649,230,207373,98,156773,14,8503,210,32757,131,173748,224,206505,California
Placer,2021-05-31,147,372796,70,207443,60,156833,17,8520,30,32687,116,173864,46,206551,California
Placer,2021-06-01,1677,374473,883,208326,721,157554,73,8593,590,32267,1082,174946,662,207213,California
Placer,2021-06-02,1507,375980,761,209087,679,158233,67,8660,487,31802,1019,175965,554,207767,California
Placer,2021-06-03,1700,377680,1030,210117,611,158844,59,8719,429,31024,1265,177230,487,208254,California
Placer,2021-06-04,1860,379540,1318,211435,488,159332,54,8773,457,30139,1394,178624,509,208763,California
Placer,2021-06-05,1088,380628,770,212205,277,159609,41,8814,267,29630,817,179441,308,209071,California
Placer,2021-06-06,499,381127,360,212565,122,159731,17,8831,123,29395,375,179816,140,209211,California
Placer,2021-06-07,1049,382176,717,213282,260,159991,72,8903,224,28867,822,180638,294,209505,California
Placer,2021-06-08,1729,383905,1317,214599,363,160354,49,8952,432,28053,1294,181932,480,209985,California
Placer,2021-06-09,1167,385072,846,215445,269,160623,52,9004,255,27452,909,182841,308,210293,California
Placer,2021-06-10,1250,386322,861,216306,314,160937,75,9079,310,26898,937,183778,383,210676,California
Placer,2021-06-11,1487,387809,1072,217378,356,161293,59,9138,341,26156,1141,184919,399,211075,California
Placer,2021-06-12,1017,388826,754,218132,237,161530,26,9164,220,25607,795,185714,246,211321,California
Placer,2021-06-13,394,389220,303,218435,80,161610,11,9175,92,25409,301,186015,103,211424,California
Placer,2021-06-14,770,389990,524,218959,200,161810,46,9221,223,25133,543,186558,267,211691,California
Placer,2021-06-15,1290,391280,860,219819,367,162177,63,9284,423,24755,863,187421,485,212176,California
Placer,2021-06-16,1035,392315,749,220568,231,162408,55,9339,332,24439,702,188123,386,212562,California
Placer,2021-06-17,879,393194,607,221175,235,162643,37,9376,275,24151,600,188723,312,212874,California
Placer,2021-06-18,1153,394347,761,221936,303,162946,89,9465,377,23842,775,189498,466,213340,California
Placer,2021-06-19,607,394954,436,222372,138,163084,33,9498,236,23743,367,189865,268,213608,California
Placer,2021-06-20,281,395235,231,222603,43,163127,7,9505,106,23682,173,190038,112,213720,California
Placer,2021-06-21,492,395727,288,222891,166,163293,38,9543,234,23696,258,190296,272,213992,California
Placer,2021-06-22,881,396608,623,223514,204,163497,54,9597,264,23404,610,190906,318,214310,California
Placer,2021-06-23,841,397449,609,224123,185,163682,47,9644,386,23383,454,191360,433,214743,California
Placer,2021-06-24,820,398269,515,224638,258,163940,47,9691,312,23237,505,191865,359,215102,California
Placer,2021-06-25,937,399206,666,225304,218,164158,53,9744,387,23134,543,192408,440,215542,California
Placer,2021-06-26,539,399745,389,225693,120,164278,30,9774,237,23101,300,192708,267,215809,California
Placer,2021-06-27,249,399994,181,225874,57,164335,11,9785,118,23099,130,192838,128,215937,California
Placer,2021-06-28,489,400483,362,226236,83,164418,44,9829,209,23073,279,193117,253,216190,California
Placer,2021-06-29,814,401297,576,226812,192,164610,46,9875,317,22940,496,193613,363,216553,California
Placer,2021-06-30,441,401738,301,227113,105,164715,35,9910,196,22926,245,193858,231,216784,California
Plumas,2020-12-18,3,3,3,3,0,0,0,0,3,3,0,0,3,3,California
Plumas,2020-12-19,1,4,1,4,0,0,0,0,1,4,0,0,1,4,California
Plumas,2020-12-21,45,49,45,49,0,0,0,0,45,49,0,0,45,49,California
Plumas,2020-12-22,92,141,92,141,0,0,0,0,92,141,0,0,92,141,California
Plumas,2020-12-23,50,191,50,191,0,0,0,0,50,191,0,0,50,191,California
Plumas,2020-12-24,6,197,6,197,0,0,0,0,6,197,0,0,6,197,California
Plumas,2020-12-28,8,205,0,197,8,8,0,0,8,205,0,0,8,205,California
Plumas,2020-12-29,32,237,22,219,10,18,0,0,32,237,0,0,32,237,California
Plumas,2020-12-30,23,260,1,220,22,40,0,0,23,260,0,0,23,260,California
Plumas,2020-12-31,4,264,1,221,3,43,0,0,4,264,0,0,4,264,California
Plumas,2021-01-01,1,265,0,221,1,44,0,0,1,265,0,0,1,265,California
Plumas,2021-01-02,1,266,0,221,1,45,0,0,1,266,0,0,1,266,California
Plumas,2021-01-04,10,276,4,225,6,51,0,0,10,276,0,0,10,276,California
Plumas,2021-01-05,22,298,2,227,20,71,0,0,22,298,0,0,22,298,California
Plumas,2021-01-06,123,421,5,232,118,189,0,0,123,421,0,0,123,421,California
Plumas,2021-01-07,53,474,2,234,51,240,0,0,52,472,1,1,52,473,California
Plumas,2021-01-08,11,485,4,238,7,247,0,0,8,477,3,4,8,481,California
Plumas,2021-01-09,2,487,2,240,0,247,0,0,1,477,1,5,1,482,California
Plumas,2021-01-11,58,545,50,290,8,255,0,0,11,441,47,52,11,493,California
Plumas,2021-01-12,155,700,86,376,69,324,0,0,71,428,84,136,71,564,California
Plumas,2021-01-13,55,755,50,426,5,329,0,0,9,391,46,182,9,573,California
Plumas,2021-01-14,99,854,14,440,85,414,0,0,94,480,5,187,94,667,California
Plumas,2021-01-15,63,917,7,447,56,470,0,0,61,539,2,189,61,728,California
Plumas,2021-01-16,58,975,1,448,57,527,0,0,58,597,0,189,58,786,California
Plumas,2021-01-18,2,977,1,449,1,528,0,0,2,599,0,189,2,788,California
Plumas,2021-01-19,36,1013,5,454,31,559,0,0,32,627,4,193,32,820,California
Plumas,2021-01-20,122,1135,3,457,119,678,0,0,120,745,2,195,120,940,California
Plumas,2021-01-21,112,1247,2,459,110,788,0,0,112,857,0,195,112,1052,California
Plumas,2021-01-22,5,1252,1,460,4,792,0,0,5,862,0,195,5,1057,California
Plumas,2021-01-23,94,1346,2,462,92,884,0,0,94,956,0,195,94,1151,California
Plumas,2021-01-24,1,1347,1,463,0,884,0,0,1,957,0,195,1,1152,California
Plumas,2021-01-25,10,1357,7,470,3,887,0,0,7,961,3,198,7,1159,California
Plumas,2021-01-26,59,1416,2,472,57,944,0,0,51,1004,8,206,51,1210,California
Plumas,2021-01-27,26,1442,20,492,6,950,0,0,6,990,20,226,6,1216,California
Plumas,2021-01-28,24,1466,0,492,24,974,0,0,22,1010,2,228,22,1238,California
Plumas,2021-01-29,9,1475,3,495,6,980,0,0,8,1017,1,229,8,1246,California
Plumas,2021-01-30,11,1486,4,499,7,987,0,0,9,1024,2,231,9,1255,California
Plumas,2021-01-31,3,1489,3,502,0,987,0,0,3,1027,0,231,3,1258,California
Plumas,2021-02-01,21,1510,3,505,18,1005,0,0,13,1032,8,239,13,1271,California
Plumas,2021-02-02,24,1534,4,509,20,1025,0,0,4,1016,20,259,4,1275,California
Plumas,2021-02-03,129,1663,8,517,121,1146,0,0,14,916,114,373,14,1289,California
Plumas,2021-02-04,102,1765,8,525,94,1240,0,0,23,860,79,452,23,1312,California
Plumas,2021-02-05,25,1790,11,536,14,1254,0,0,10,855,15,467,10,1322,California
Plumas,2021-02-06,8,1798,1,537,7,1261,0,0,8,863,0,467,8,1330,California
Plumas,2021-02-08,14,1812,5,542,9,1270,0,0,2,853,12,479,2,1332,California
Plumas,2021-02-09,172,1984,2,544,170,1440,0,0,112,905,60,539,112,1444,California
Plumas,2021-02-10,88,2072,9,553,79,1519,0,0,80,978,8,547,81,1525,California
Plumas,2021-02-11,322,2394,6,559,316,1835,0,0,262,1180,60,607,262,1787,California
Plumas,2021-02-12,125,2519,4,563,121,1956,0,0,119,1293,6,613,119,1906,California
Plumas,2021-02-13,75,2594,5,568,70,2026,0,0,15,1248,60,673,15,1921,California
Plumas,2021-02-14,8,2602,5,573,3,2029,0,0,8,1256,0,673,8,1929,California
Plumas,2021-02-15,26,2628,5,578,21,2050,0,0,23,1276,3,676,23,1952,California
Plumas,2021-02-16,78,2706,4,582,74,2124,0,0,14,1226,64,740,14,1966,California
Plumas,2021-02-17,137,2843,5,587,132,2256,0,0,12,1113,125,865,12,1978,California
Plumas,2021-02-18,130,2973,6,593,124,2380,0,0,21,1026,109,974,22,2000,California
Plumas,2021-02-19,43,3016,6,599,37,2417,0,0,7,997,36,1010,7,2007,California
Plumas,2021-02-20,105,3121,7,606,98,2515,0,0,13,918,92,1102,13,2020,California
Plumas,2021-02-21,6,3127,5,611,1,2516,0,0,2,916,4,1106,2,2022,California
Plumas,2021-02-22,5,3132,3,614,2,2518,0,0,1,913,4,1110,1,2023,California
Plumas,2021-02-23,24,3156,5,619,19,2537,0,0,17,923,7,1117,17,2040,California
Plumas,2021-02-24,459,3615,8,627,451,2988,0,0,446,1356,13,1130,446,2486,California
Plumas,2021-02-25,234,3849,11,638,223,3211,0,0,170,1462,64,1194,170,2656,California
Plumas,2021-02-26,268,4117,9,647,259,3470,0,0,260,1715,8,1202,261,2917,California
Plumas,2021-02-27,42,4159,4,651,38,3508,0,0,35,1743,7,1209,35,2952,California
Plumas,2021-02-28,3,4162,0,651,3,3511,0,0,1,1742,2,1211,1,2953,California
Plumas,2021-03-01,21,4183,5,656,16,3527,0,0,12,1746,8,1219,12,2965,California
Plumas,2021-03-02,10,4193,0,656,10,3537,0,0,7,1751,2,1221,7,2972,California
Plumas,2021-03-03,156,4349,11,667,145,3682,0,0,139,1873,17,1238,139,3111,California
Plumas,2021-03-04,253,4602,9,676,244,3926,0,0,231,2082,22,1260,231,3342,California
Plumas,2021-03-05,399,5001,6,682,388,4314,5,5,387,2462,12,1272,392,3734,California
Plumas,2021-03-06,20,5021,2,684,10,4324,8,13,4,2458,16,1288,12,3746,California
Plumas,2021-03-07,13,5034,2,686,2,4326,9,22,3,2460,10,1298,12,3758,California
Plumas,2021-03-08,30,5064,3,689,3,4329,24,46,3,2461,27,1325,28,3786,California
Plumas,2021-03-09,133,5197,2,691,116,4445,15,61,18,2379,115,1440,33,3819,California
Plumas,2021-03-10,255,5452,3,694,238,4683,14,75,107,2353,147,1587,121,3940,California
Plumas,2021-03-11,177,5629,8,702,164,4847,5,80,142,2465,35,1622,147,4087,California
Plumas,2021-03-12,594,6223,4,706,303,5150,287,367,22,2202,572,2194,309,4396,California
Plumas,2021-03-13,28,6251,5,711,12,5162,11,378,7,2199,21,2215,18,4414,California
Plumas,2021-03-14,12,6263,3,714,4,5166,5,383,1,2195,10,2225,6,4420,California
Plumas,2021-03-15,32,6295,1,715,24,5190,7,390,6,2182,26,2251,13,4433,California
Plumas,2021-03-16,61,6356,3,718,57,5247,1,391,49,2221,11,2262,50,4483,California
Plumas,2021-03-17,76,6432,10,728,65,5312,1,392,59,2265,16,2278,60,4543,California
Plumas,2021-03-18,62,6494,7,735,39,5351,16,408,14,2247,48,2326,30,4573,California
Plumas,2021-03-19,165,6659,7,742,156,5507,2,410,155,2397,8,2334,158,4731,California
Plumas,2021-03-20,699,7358,4,746,694,6201,1,411,677,3055,20,2354,678,5409,California
Plumas,2021-03-21,2,7360,1,747,1,6202,0,411,1,3056,0,2354,1,5410,California
Plumas,2021-03-22,183,7543,2,749,181,6383,0,411,175,3224,7,2361,175,5585,California
Plumas,2021-03-23,28,7571,2,751,26,6409,0,411,14,3224,14,2375,14,5599,California
Plumas,2021-03-24,657,8228,6,757,650,7059,1,412,223,3016,433,2808,225,5824,California
Plumas,2021-03-25,308,8536,7,764,299,7358,2,414,164,3036,144,2952,164,5988,California
Plumas,2021-03-26,315,8851,9,773,306,7664,0,414,46,2814,268,3220,46,6034,California
Plumas,2021-03-27,14,8865,1,774,12,7676,1,415,3,2807,11,3231,4,6038,California
Plumas,2021-03-28,5,8870,3,777,1,7677,1,416,3,2809,2,3233,4,6042,California
Plumas,2021-03-29,12,8882,4,781,7,7684,1,417,4,2806,8,3241,5,6047,California
Plumas,2021-03-30,152,9034,3,784,148,7832,1,418,25,2705,127,3368,26,6073,California
Plumas,2021-03-31,297,9331,4,788,292,8124,1,419,272,2953,25,3393,273,6346,California
Plumas,2021-04-01,309,9640,12,800,296,8420,1,420,66,2779,240,3633,66,6412,California
Plumas,2021-04-02,377,10017,5,805,371,8791,1,421,31,2477,334,3967,32,6444,California
Plumas,2021-04-03,16,10033,3,808,5,8796,8,429,2,2473,14,3981,10,6454,California
Plumas,2021-04-04,3,10036,1,809,1,8797,1,430,0,2471,3,3984,1,6455,California
Plumas,2021-04-05,12,10048,4,813,7,8804,1,431,4,2469,7,3991,5,6460,California
Plumas,2021-04-06,120,10168,6,819,88,8892,26,457,13,2401,107,4098,39,6499,California
Plumas,2021-04-07,283,10451,8,827,99,8991,176,633,29,2352,254,4352,205,6704,California
Plumas,2021-04-08,150,10601,4,831,131,9122,15,648,35,2287,114,4466,49,6753,California
Plumas,2021-04-09,51,10652,10,841,24,9146,17,665,18,2288,33,4499,34,6787,California
Plumas,2021-04-10,25,10677,2,843,6,9152,17,682,5,2290,20,4519,22,6809,California
Plumas,2021-04-11,5,10682,3,846,1,9153,1,683,3,2293,1,4520,4,6813,California
Plumas,2021-04-12,13,10695,5,851,5,9158,3,686,7,2298,5,4525,10,6823,California
Plumas,2021-04-13,211,10906,5,856,206,9364,0,686,141,2369,70,4595,141,6964,California
Plumas,2021-04-14,111,11017,8,864,103,9467,0,686,56,2371,54,4649,56,7020,California
Plumas,2021-04-15,53,11070,2,866,51,9518,0,686,33,2385,19,4668,33,7053,California
Plumas,2021-04-16,142,11212,2,868,140,9658,0,686,2,2247,140,4808,2,7055,California
Plumas,2021-04-17,671,11883,2,870,669,10327,0,686,18,1615,650,5458,18,7073,California
Plumas,2021-04-18,4,11887,3,873,1,10328,0,686,1,1613,3,5461,1,7074,California
Plumas,2021-04-19,38,11925,3,876,35,10363,0,686,5,1585,33,5494,5,7079,California
Plumas,2021-04-20,42,11967,5,881,37,10400,0,686,26,1596,15,5509,26,7105,California
Plumas,2021-04-21,311,12278,5,886,305,10705,1,687,18,1321,293,5802,18,7123,California
Plumas,2021-04-22,275,12553,8,894,267,10972,0,687,126,1298,149,5951,126,7249,California
Plumas,2021-04-23,73,12626,6,900,67,11039,0,687,16,1257,57,6008,16,7265,California
Plumas,2021-04-24,171,12797,5,905,166,11205,0,687,144,1375,26,6034,144,7409,California
Plumas,2021-04-26,30,12827,4,909,26,11231,0,687,8,1362,21,6055,8,7417,California
Plumas,2021-04-27,93,12920,3,912,90,11321,0,687,56,1381,37,6092,56,7473,California
Plumas,2021-04-28,286,13206,4,916,282,11603,0,687,38,1173,246,6338,38,7511,California
Plumas,2021-04-29,172,13378,69,985,103,11706,0,687,118,1237,54,6392,118,7629,California
Plumas,2021-04-30,21,13399,10,995,11,11717,0,687,5,1226,16,6408,5,7634,California
Plumas,2021-05-01,7,13406,1,996,5,11722,1,688,1,1224,4,6412,2,7636,California
Plumas,2021-05-02,3,13409,3,999,0,11722,0,688,1,1223,2,6414,1,7637,California
Plumas,2021-05-03,20,13429,7,1006,7,11729,6,694,6,1223,12,6426,12,7649,California
Plumas,2021-05-04,32,13461,5,1011,21,11750,6,700,19,1236,12,6438,25,7674,California
Plumas,2021-05-05,49,13510,6,1017,42,11792,1,701,22,1232,27,6465,23,7697,California
Plumas,2021-05-06,61,13571,2,1019,54,11846,5,706,19,1214,42,6507,24,7721,California
Plumas,2021-05-07,22,13593,5,1024,16,11862,1,707,8,1209,14,6521,9,7730,California
Plumas,2021-05-08,6,13599,0,1024,4,11866,2,709,4,1213,2,6523,6,7736,California
Plumas,2021-05-10,51,13650,1,1025,27,11893,23,732,23,1231,28,6551,46,7782,California
Plumas,2021-05-11,163,13813,3,1028,141,12034,19,751,12,1111,151,6702,31,7813,California
Plumas,2021-05-12,99,13912,2,1030,89,12123,8,759,37,1095,61,6763,45,7858,California
Plumas,2021-05-13,36,13948,3,1033,31,12154,2,761,14,1089,22,6785,16,7874,California
Plumas,2021-05-14,20,13968,4,1037,11,12165,5,766,10,1094,10,6795,15,7889,California
Plumas,2021-05-15,10,13978,4,1041,4,12169,2,768,4,1094,6,6801,6,7895,California
Plumas,2021-05-16,2,13980,1,1042,1,12170,0,768,1,1094,1,6802,1,7896,California
Plumas,2021-05-17,13,13993,0,1042,4,12174,9,777,4,1098,9,6811,13,7909,California
Plumas,2021-05-18,44,14037,7,1049,36,12210,1,778,24,1103,20,6831,25,7934,California
Plumas,2021-05-19,47,14084,3,1052,30,12240,14,792,12,1095,35,6866,27,7961,California
Plumas,2021-05-20,191,14275,136,1188,44,12284,11,803,79,1075,110,6976,90,8051,California
Plumas,2021-05-21,28,14303,7,1195,14,12298,7,810,13,1080,15,6991,20,8071,California
Plumas,2021-05-22,136,14439,1,1196,135,12433,0,810,6,958,128,7119,6,8077,California
Plumas,2021-05-23,1,14440,1,1197,0,12433,0,810,0,957,1,7120,0,8077,California
Plumas,2021-05-24,51,14491,37,1234,13,12446,1,811,41,990,9,7129,42,8119,California
Plumas,2021-05-25,67,14558,3,1237,63,12509,1,812,15,954,52,7181,16,8135,California
Plumas,2021-05-26,41,14599,7,1244,27,12536,7,819,17,955,23,7204,24,8159,California
Plumas,2021-05-27,100,14699,25,1269,62,12598,13,832,41,951,58,7262,54,8213,California
Plumas,2021-05-28,42,14741,14,1283,26,12624,2,834,22,956,19,7281,24,8237,California
Plumas,2021-05-29,8,14749,0,1283,8,12632,0,834,6,961,2,7283,7,8244,California
Plumas,2021-05-30,1,14750,0,1283,1,12633,0,834,0,961,0,7283,0,8244,California
Plumas,2021-05-31,7,14757,0,1283,4,12637,3,837,0,959,5,7288,3,8247,California
Plumas,2021-06-01,32,14789,7,1290,20,12657,5,842,9,951,23,7311,15,8262,California
Plumas,2021-06-02,59,14848,6,1296,31,12688,22,864,10,934,49,7360,32,8294,California
Plumas,2021-06-03,66,14914,17,1313,39,12727,10,874,27,932,39,7399,37,8331,California
Plumas,2021-06-04,15,14929,3,1316,11,12738,1,875,8,936,5,7404,9,8340,California
Plumas,2021-06-05,7,14936,3,1319,4,12742,0,875,2,933,5,7409,2,8342,California
Plumas,2021-06-06,2,14938,1,1320,1,12743,0,875,0,931,2,7411,0,8342,California
Plumas,2021-06-07,37,14975,5,1325,25,12768,7,882,9,919,28,7439,16,8358,California
Plumas,2021-06-08,30,15005,9,1334,19,12787,2,884,8,907,22,7461,10,8368,California
Plumas,2021-06-09,42,15047,5,1339,34,12821,3,887,9,886,33,7494,12,8380,California
Plumas,2021-06-10,36,15083,15,1354,17,12838,4,891,12,878,24,7518,16,8396,California
Plumas,2021-06-11,25,15108,13,1367,9,12847,3,894,8,872,17,7535,11,8407,California
Plumas,2021-06-12,11,15119,3,1370,7,12854,1,895,6,874,5,7540,7,8414,California
Plumas,2021-06-13,3,15122,1,1371,2,12856,0,895,3,877,0,7540,3,8417,California
Plumas,2021-06-14,97,15219,88,1459,6,12862,3,898,13,809,84,7624,16,8433,California
Plumas,2021-06-15,29,15248,7,1466,20,12882,2,900,9,800,20,7644,11,8444,California
Plumas,2021-06-16,33,15281,11,1477,13,12895,9,909,9,794,24,7668,18,8462,California
Plumas,2021-06-17,49,15330,30,1507,15,12910,4,913,11,772,37,7705,15,8477,California
Plumas,2021-06-18,39,15369,17,1524,14,12924,8,921,13,766,26,7731,20,8497,California
Plumas,2021-06-19,9,15378,2,1526,7,12931,0,921,2,761,7,7738,2,8499,California
Plumas,2021-06-21,9,15387,4,1530,4,12935,1,922,5,763,4,7742,6,8505,California
Plumas,2021-06-22,29,15416,11,1541,16,12951,2,924,9,754,20,7762,11,8516,California
Plumas,2021-06-23,27,15443,15,1556,9,12960,3,927,15,760,12,7774,18,8534,California
Plumas,2021-06-24,30,15473,19,1575,8,12968,3,930,14,761,15,7789,16,8550,California
Plumas,2021-06-25,22,15495,9,1584,11,12979,2,932,8,759,12,7801,10,8560,California
Plumas,2021-06-26,13,15508,4,1588,8,12987,1,933,3,753,10,7811,4,8564,California
Plumas,2021-06-28,10,15518,4,1592,2,12989,4,937,2,751,8,7819,6,8570,California
Plumas,2021-06-29,24,15542,16,1608,7,12996,1,938,11,750,13,7832,12,8582,California
Plumas,2021-06-30,16,15558,7,1615,5,13001,4,942,5,748,11,7843,9,8591,California
Riverside,2020-12-15,7,7,7,7,0,0,0,0,7,7,0,0,7,7,California
Riverside,2020-12-16,96,103,96,103,0,0,0,0,96,103,0,0,96,103,California
Riverside,2020-12-17,835,938,835,938,0,0,0,0,835,938,0,0,835,938,California
Riverside,2020-12-18,1779,2717,1778,2716,1,1,0,0,1779,2717,0,0,1779,2717,California
Riverside,2020-12-19,1055,3772,1052,3768,3,4,0,0,1053,3769,1,1,1053,3770,California
Riverside,2020-12-20,1114,4886,1113,4881,1,5,0,0,1114,4883,0,1,1114,4884,California
Riverside,2020-12-21,2340,7226,2338,7219,2,7,0,0,2340,7223,0,1,2340,7224,California
Riverside,2020-12-22,2294,9520,2247,9466,47,54,0,0,2293,9516,0,1,2293,9517,California
Riverside,2020-12-23,2165,11685,1821,11287,344,398,0,0,2166,11682,0,1,2166,11683,California
Riverside,2020-12-24,858,12543,654,11941,204,602,0,0,858,12540,0,1,858,12541,California
Riverside,2020-12-25,41,12584,18,11959,23,625,0,0,40,12580,0,1,40,12581,California
Riverside,2020-12-26,490,13074,270,12229,220,845,0,0,490,13070,0,1,490,13071,California
Riverside,2020-12-27,398,13472,268,12497,130,975,0,0,397,13466,1,2,397,13468,California
Riverside,2020-12-28,1716,15188,1197,13694,519,1494,0,0,1716,15182,0,2,1716,15184,California
Riverside,2020-12-29,1809,16997,1026,14720,783,2277,0,0,1809,16991,0,2,1809,16993,California
Riverside,2020-12-30,2649,19646,1724,16444,925,3202,0,0,2647,19637,1,3,2647,19640,California
Riverside,2020-12-31,1081,20727,422,16866,659,3861,0,0,1082,20718,1,4,1082,20722,California
Riverside,2021-01-01,133,20860,58,16924,75,3936,0,0,133,20851,0,4,133,20855,California
Riverside,2021-01-02,895,21755,707,17631,188,4124,0,0,895,21746,0,4,895,21750,California
Riverside,2021-01-03,359,22114,305,17936,54,4178,0,0,358,22104,0,4,358,22108,California
Riverside,2021-01-04,1303,23417,809,18745,494,4672,0,0,1302,23406,0,4,1302,23410,California
Riverside,2021-01-05,2062,25479,1416,20161,646,5318,0,0,1938,25227,117,121,1938,25348,California
Riverside,2021-01-06,2597,28076,1159,21320,1438,6756,0,0,2254,27144,337,458,2254,27602,California
Riverside,2021-01-07,2885,30961,1886,23206,999,7755,0,0,1771,27811,1107,1565,1774,29376,California
Riverside,2021-01-08,4125,35086,2980,26186,1145,8900,0,0,2266,28223,1854,3419,2266,31642,California
Riverside,2021-01-09,2138,37224,878,27064,1260,10160,0,0,1760,29607,376,3795,1760,33402,California
Riverside,2021-01-10,1698,38922,751,27815,947,11107,0,0,1082,30073,616,4411,1082,34484,California
Riverside,2021-01-11,4621,43543,3159,30974,1462,12569,0,0,2843,31140,1776,6187,2843,37327,California
Riverside,2021-01-12,3520,47063,2779,33753,741,13310,0,0,1807,31242,1708,7895,1810,39137,California
Riverside,2021-01-13,4591,51654,3007,36760,1584,14894,0,0,2946,32547,1641,9536,2946,42083,California
Riverside,2021-01-14,5799,57453,2068,38828,3731,18625,0,0,5168,37088,629,10165,5170,47253,California
Riverside,2021-01-15,6285,63738,2108,40936,4177,22802,0,0,5949,42704,334,10499,5950,53203,California
Riverside,2021-01-16,3721,67459,1034,41970,2687,25489,0,0,3459,45902,262,10761,3460,56663,California
Riverside,2021-01-17,3665,71124,605,42575,3060,28549,0,0,3456,49151,207,10968,3456,60119,California
Riverside,2021-01-18,3866,74990,2106,44681,1760,30309,0,0,2817,50920,1049,12017,2818,62937,California
Riverside,2021-01-19,7540,82530,2688,47369,4852,35161,0,0,6393,56172,1146,13163,6398,69335,California
Riverside,2021-01-20,8477,91007,3272,50641,5205,40366,0,0,6801,61316,1663,14826,6807,76142,California
Riverside,2021-01-21,8563,99570,3576,54217,4987,45353,0,0,7857,68467,707,15533,7858,84000,California
Riverside,2021-01-22,8974,108544,3062,57279,5912,51265,0,0,8495,76487,477,16010,8497,92497,California
Riverside,2021-01-23,6076,114620,2358,59637,3718,54983,0,0,5263,80939,812,16822,5264,97761,California
Riverside,2021-01-24,3118,117738,1437,61074,1681,56664,0,0,2893,83612,221,17043,2894,100655,California
Riverside,2021-01-25,8036,125774,4596,65670,3440,60104,0,0,6865,89311,1168,18211,6867,107522,California
Riverside,2021-01-26,9232,135006,5721,71391,3511,63615,0,0,7698,95479,1531,19742,7699,115221,California
Riverside,2021-01-27,11114,146120,6416,77807,4698,68313,0,0,9472,103318,1636,21378,9475,124696,California
Riverside,2021-01-28,11741,157861,6825,84632,4916,73229,0,0,10538,112664,1195,22573,10541,135237,California
Riverside,2021-01-29,12104,169965,7311,91943,4793,78022,0,0,10704,121997,1376,23949,10709,145946,California
Riverside,2021-01-30,9201,179166,4625,96568,4576,82598,0,0,8693,130190,501,24450,8694,154640,California
Riverside,2021-01-31,5196,184362,4228,100796,968,83566,0,0,5050,135103,142,24592,5055,159695,California
Riverside,2021-02-01,11501,195863,7169,107965,4332,87898,0,0,9474,142563,2018,26610,9478,169173,California
Riverside,2021-02-02,9691,205554,4879,112844,4812,92710,0,0,8176,149243,1502,28112,8182,177355,California
Riverside,2021-02-03,12448,218002,5213,118057,7235,99945,0,0,9985,156780,2453,30565,9990,187345,California
Riverside,2021-02-04,13775,231777,6064,124121,7711,107656,0,0,11609,166240,2156,32721,11616,198961,California
Riverside,2021-02-05,14675,246452,5553,129674,9122,116778,0,0,11427,174436,3239,35960,11435,210396,California
Riverside,2021-02-06,7349,253801,4272,133946,3077,119855,0,0,5683,178467,1656,37616,5687,216083,California
Riverside,2021-02-07,2224,256025,811,134757,1413,121268,0,0,1884,180020,338,37954,1891,217974,California
Riverside,2021-02-08,12616,268641,5591,140348,7025,128293,0,0,10224,187883,2375,40329,10238,228212,California
Riverside,2021-02-09,9825,278466,4572,144920,5253,133546,0,0,7790,193670,2024,42353,7811,236023,California
Riverside,2021-02-10,12277,290743,7022,151942,5255,138801,0,0,8964,199353,3300,45653,8983,245006,California
Riverside,2021-02-11,16896,307639,9105,161047,7791,146592,0,0,12214,206946,4658,50311,12251,257257,California
Riverside,2021-02-12,18060,325699,10935,171982,7125,153717,0,0,12947,214853,5068,55379,12975,270232,California
Riverside,2021-02-13,6444,332143,2176,174158,4268,157985,0,0,3114,214691,3307,58686,3145,273377,California
Riverside,2021-02-14,5039,337182,1184,175342,3855,161840,0,0,2262,214195,2771,61457,2275,275652,California
Riverside,2021-02-15,10026,347208,5123,180465,4903,166743,0,0,5529,215260,4481,65938,5546,281198,California
Riverside,2021-02-16,16386,363594,10239,190704,6147,172890,0,0,9407,217728,6966,72904,9434,290632,California
Riverside,2021-02-17,15371,378965,8419,199123,6952,179842,0,0,7623,217677,7729,80633,7678,298310,California
Riverside,2021-02-18,15815,394780,9089,208212,6726,186568,0,0,8093,218138,7675,88308,8136,306446,California
Riverside,2021-02-19,15665,410445,8398,216610,7267,193835,0,0,7353,217267,8252,96560,7381,313827,California
Riverside,2021-02-20,8582,419027,4639,221249,3943,197778,0,0,2257,213246,6289,102849,2268,316095,California
Riverside,2021-02-21,4548,423575,4018,225267,530,198308,0,0,1282,211302,3237,106086,1293,317388,California
Riverside,2021-02-22,12725,436300,8043,233310,4682,202990,0,0,5044,208710,7653,113739,5061,322449,California
Riverside,2021-02-23,11604,447904,7869,241179,3735,206725,0,0,5629,208431,5938,119677,5659,328108,California
Riverside,2021-02-24,15060,462964,8183,249362,6877,213602,0,0,6370,206211,8647,128324,6427,334535,California
Riverside,2021-02-25,17623,480587,7498,256860,10125,223727,0,0,8159,205008,9432,137756,8229,342764,California
Riverside,2021-02-26,18957,499544,6853,263713,12104,235831,0,0,9447,205079,9443,147199,9514,352278,California
Riverside,2021-02-27,12199,511743,5644,269357,6555,242386,0,0,5800,204571,6365,153564,5857,358135,California
Riverside,2021-02-28,5006,516749,3294,272651,1712,244098,0,0,2483,204576,2509,156073,2514,360649,California
Riverside,2021-03-01,14504,531253,6181,278832,8317,252415,6,6,8518,207214,5939,162012,8577,369226,California
Riverside,2021-03-02,15562,546815,7602,286434,7959,260374,1,7,9091,209915,6443,168455,9144,378370,California
Riverside,2021-03-03,17274,564089,8556,294990,8718,269092,0,7,7522,207900,9697,178152,7682,386052,California
Riverside,2021-03-04,19017,583106,7561,302551,11451,280543,5,12,9052,207237,9916,188068,9253,395305,California
Riverside,2021-03-05,19145,602251,7702,310253,11397,291940,46,58,9447,207402,9646,197714,9811,405116,California
Riverside,2021-03-06,9645,611896,5106,315359,4055,295995,484,542,4778,207860,4852,202566,5310,410426,California
Riverside,2021-03-07,4330,616226,2795,318154,1143,297138,392,934,2025,208017,2294,204860,2451,412877,California
Riverside,2021-03-08,12143,628369,4837,322991,6893,304031,413,1347,5411,207212,6709,211569,5904,418781,California
Riverside,2021-03-09,15022,643391,7014,330005,7499,311530,509,1856,5944,204765,9054,220623,6607,425388,California
Riverside,2021-03-10,16163,659554,8676,338681,6551,318081,936,2792,6263,202297,9851,230474,7383,432771,California
Riverside,2021-03-11,19591,679145,9591,348272,8126,326207,1874,4666,7649,200148,11898,242372,9749,442520,California
Riverside,2021-03-12,21362,700507,8004,356276,8599,334806,4759,9425,7063,198056,14248,256620,12156,454676,California
Riverside,2021-03-13,8624,709131,2582,358858,4807,339613,1235,10660,4390,199579,4206,260826,5729,460405,California
Riverside,2021-03-14,4838,713969,1663,360521,1800,341413,1375,12035,2114,200368,2708,263534,3497,463902,California
Riverside,2021-03-15,18807,732776,7927,368448,9207,350620,1673,13708,9163,201732,9590,273124,10954,474856,California
Riverside,2021-03-16,21129,753905,10282,378730,10030,360650,817,14525,11417,204412,9668,282792,12348,487204,California
Riverside,2021-03-17,21596,775501,11082,389812,9449,370099,1065,15590,12908,209818,8636,291428,14042,501246,California
Riverside,2021-03-18,23125,798626,11996,401808,9449,379548,1680,17270,12699,213848,10365,301793,14395,515641,California
Riverside,2021-03-19,24337,822963,12779,414587,10584,390132,974,18244,14149,219216,10125,311918,15493,531134,California
Riverside,2021-03-20,10938,833901,6955,421542,2773,392905,1210,19454,6983,223505,3917,315835,8206,539340,California
Riverside,2021-03-21,3936,837837,3037,424579,621,393526,278,19732,2612,225099,1302,317137,2896,542236,California
Riverside,2021-03-22,16800,854637,10017,434596,6229,399755,554,20286,10634,230187,6102,323239,11190,553426,California
Riverside,2021-03-23,18780,873417,10612,445208,7745,407500,423,20709,11957,235833,6761,330000,12407,565833,California
Riverside,2021-03-24,18892,892309,10526,455734,8244,415744,122,20831,12891,242924,5947,335947,13038,578871,California
Riverside,2021-03-25,21287,913596,11728,467462,9372,425116,187,21018,14183,250288,7023,342970,14387,593258,California
Riverside,2021-03-26,24298,937894,12000,479462,12123,437239,175,21193,15056,256405,9130,352100,15247,608505,California
Riverside,2021-03-27,9396,947290,4915,484377,3427,440666,1054,22247,4842,257782,4525,356625,5902,614407,California
Riverside,2021-03-28,4811,952101,3155,487532,1562,442228,94,22341,2858,258796,1941,358566,2955,617362,California
Riverside,2021-03-29,17740,969841,8477,496009,9137,451365,126,22467,10951,263155,6739,365305,11098,628460,California
Riverside,2021-03-30,18456,988297,9610,505619,8635,460000,211,22678,11736,268432,6675,371980,11952,640412,California
Riverside,2021-03-31,18259,1006556,8490,514109,9443,469443,326,23004,11397,273357,6810,378790,11735,652147,California
Riverside,2021-04-01,25727,1032283,12564,526673,12359,481802,804,23808,16513,281548,9130,387920,17321,669468,California
Riverside,2021-04-02,26271,1058554,14118,540791,11168,492970,985,24793,16408,289367,9798,397718,17617,687085,California
Riverside,2021-04-03,9463,1068017,5999,546790,2849,495819,615,25408,6083,292704,3360,401078,6697,693782,California
Riverside,2021-04-04,3444,1071461,2081,548871,1096,496915,267,25675,1720,292982,1711,402789,1989,695771,California
Riverside,2021-04-05,18632,1090093,9509,558380,7236,504151,1887,27562,9989,296267,8598,411387,11883,707654,California
Riverside,2021-04-06,23938,1114031,12440,570820,9324,513475,2174,29736,13341,301228,10544,421931,15505,723159,California
Riverside,2021-04-07,25072,1139103,13485,584305,9047,522522,2540,32276,13926,306600,11094,433025,16466,739625,California
Riverside,2021-04-08,27650,1166753,15257,599562,9362,531884,3031,35307,16835,315710,10742,443767,19852,759477,California
Riverside,2021-04-09,26535,1193288,15583,615145,8431,540315,2521,37828,16130,324040,10353,454120,18683,778160,California
Riverside,2021-04-10,12164,1205452,6811,621956,3928,544243,1425,39253,5324,323990,6794,460914,6744,784904,California
Riverside,2021-04-11,4699,1210151,2792,624748,1265,545508,642,39895,2201,324354,2484,463398,2848,787752,California
Riverside,2021-04-12,20298,1230449,9044,633792,8590,554098,2664,42559,10150,327066,10107,473505,12819,800571,California
Riverside,2021-04-13,20262,1250711,11339,645131,8895,562993,28,42587,11599,330081,8620,482125,11635,812206,California
Riverside,2021-04-14,22502,1273213,12408,657539,10079,573072,15,42602,11022,329731,11409,493534,11059,823265,California
Riverside,2021-04-15,22290,1295503,12619,670158,9663,582735,8,42610,11771,331075,10446,503980,11790,835055,California
Riverside,2021-04-16,25417,1320920,14680,684838,10731,593466,6,42616,11803,329345,13552,517532,11822,846877,California
Riverside,2021-04-17,10022,1330942,6610,691448,3412,596878,0,42616,5017,329393,4979,522511,5027,851904,California
Riverside,2021-04-18,4217,1335159,3142,694590,1068,597946,7,42623,1951,329112,2248,524759,1967,853871,California
Riverside,2021-04-19,19765,1354924,11742,706332,8020,605966,3,42626,7105,323625,12608,537367,7121,860992,California
Riverside,2021-04-20,19578,1374502,10549,716881,9020,614986,9,42635,7987,320089,11539,548906,8003,868995,California
Riverside,2021-04-21,20889,1395391,12349,729230,8530,623516,10,42645,8399,316097,12413,561319,8421,877416,California
Riverside,2021-04-22,23895,1419286,14113,743343,9778,633294,4,42649,8943,310175,14880,576199,8958,886374,California
Riverside,2021-04-23,23843,1443129,14167,757510,9662,642956,14,42663,9347,305123,14435,590634,9383,895757,California
Riverside,2021-04-24,10540,1453669,7326,764836,3205,646161,9,42672,4829,304294,5670,596304,4841,900598,California
Riverside,2021-04-25,4255,1457924,2826,767662,1422,647583,7,42679,2200,304466,2037,598341,2209,902807,California
Riverside,2021-04-26,17390,1475314,10942,778604,6389,653972,59,42738,5924,299046,11419,609760,5999,908806,California
Riverside,2021-04-27,18626,1493940,10703,789307,7716,661688,207,42945,6494,293671,12084,621844,6709,915515,California
Riverside,2021-04-28,16920,1510860,9231,798538,7424,669112,265,43210,5753,288596,11103,632947,6028,921543,California
Riverside,2021-04-29,19153,1530013,11820,810358,6981,676093,352,43562,5577,281019,13505,646452,5928,927471,California
Riverside,2021-04-30,20328,1550341,11855,822213,8085,684178,388,43950,6657,274450,13615,660067,7046,934517,California
Riverside,2021-05-01,6887,1557228,4941,827154,1761,685939,185,44135,2362,272502,4495,664562,2547,937064,California
Riverside,2021-05-02,3394,1560622,2218,829372,967,686906,209,44344,1090,271523,2285,666847,1306,938370,California
Riverside,2021-05-03,18078,1578700,11102,840474,6479,693385,497,44841,4184,262375,13827,680674,4679,943049,California
Riverside,2021-05-04,17769,1596469,11382,851856,5923,699308,464,45305,5005,255164,12692,693366,5481,948530,California
Riverside,2021-05-05,16356,1612825,9431,861287,6551,705859,374,45679,4725,248714,11570,704936,5120,953650,California
Riverside,2021-05-06,18353,1631178,10447,871734,7490,713349,416,46095,4705,240307,13568,718504,5161,958811,California
Riverside,2021-05-07,20770,1651948,11876,883610,8448,721797,446,46541,5524,231119,15161,733665,5973,964784,California
Riverside,2021-05-08,7105,1659053,4724,888334,2118,723915,263,46804,2654,229629,4415,738080,2925,967709,California
Riverside,2021-05-09,2496,1661549,1697,890031,646,724561,153,46957,925,229153,1562,739642,1086,968795,California
Riverside,2021-05-10,10146,1671695,5204,895235,4548,729109,394,47351,2864,225184,7232,746874,3263,972058,California
Riverside,2021-05-11,14351,1686046,8753,903988,5071,734180,527,47878,4015,219492,10250,757124,4558,976616,California
Riverside,2021-05-12,13065,1699111,6721,910709,6011,740191,333,48211,3935,214682,9078,766202,4268,980884,California
Riverside,2021-05-13,15250,1714361,9333,920042,5635,745826,282,48493,5410,210600,9787,775989,5705,986589,California
Riverside,2021-05-14,18248,1732609,11563,931605,5889,751715,796,49289,7105,207429,11071,787060,7900,994489,California
Riverside,2021-05-15,9896,1742505,7129,938734,2370,754085,397,49686,5095,208151,4770,791830,5492,999981,California
Riverside,2021-05-16,3720,1746225,2760,941494,842,754927,118,49804,1868,208297,1838,793668,1984,1001965,California
Riverside,2021-05-17,11820,1758045,7608,949102,3857,758784,355,50159,5092,207053,6696,800364,5452,1007417,California
Riverside,2021-05-18,15257,1773302,9480,958582,5418,764202,359,50518,6159,204521,9051,809415,6519,1013936,California
Riverside,2021-05-19,12242,1785544,7740,966322,4257,768459,245,50763,5902,204383,6288,815703,6150,1020086,California
Riverside,2021-05-20,11951,1797495,7509,973831,4183,772642,259,51022,5317,203378,6585,822288,5580,1025666,California
Riverside,2021-05-21,14479,1811974,8923,982754,5232,777874,324,51346,6060,201414,8350,830638,6386,1032052,California
Riverside,2021-05-22,7228,1819202,4894,987648,2137,780011,197,51543,3865,202155,3323,833961,4064,1036116,California
Riverside,2021-05-23,2751,1821953,1839,989487,835,780846,77,51620,1290,202075,1446,835407,1366,1037482,California
Riverside,2021-05-24,8882,1830835,5810,995297,2759,783605,313,51933,3964,201469,4883,840290,4277,1041759,California
Riverside,2021-05-25,9736,1840571,5795,1001092,3668,787273,273,52206,3881,199812,5815,846105,4158,1045917,California
Riverside,2021-05-26,8929,1849500,5536,1006628,3061,790334,332,52538,3898,199068,4979,851084,4235,1050152,California
Riverside,2021-05-27,8568,1858068,5129,1011757,3202,793536,237,52775,3882,198556,4635,855719,4123,1054275,California
Riverside,2021-05-28,10777,1868845,6521,1018278,3942,797478,314,53089,4964,198090,5751,861470,5285,1059560,California
Riverside,2021-05-29,5047,1873892,3436,1021714,1485,798963,126,53215,2814,198822,2210,863680,2942,1062502,California
Riverside,2021-05-30,1972,1875864,1425,1023139,479,799442,68,53283,1019,198964,945,864625,1087,1063589,California
Riverside,2021-05-31,878,1876742,500,1023639,345,799787,33,53316,336,198796,537,865162,369,1063958,California
Riverside,2021-06-01,9171,1885913,5660,1029299,3274,803061,237,53553,3439,196793,5678,870840,3675,1067633,California
Riverside,2021-06-02,7137,1893050,4346,1033645,2512,805573,279,53832,2738,195456,4356,875196,3019,1070652,California
Riverside,2021-06-03,7961,1901011,5299,1038944,2390,807963,272,54104,2723,193252,5195,880391,2991,1073643,California
Riverside,2021-06-04,10726,1911737,7647,1046591,2820,810783,259,54363,3714,190267,6960,887351,3975,1077618,California
Riverside,2021-06-05,6958,1918695,5135,1051726,1276,812059,547,54910,2174,188231,4760,892111,2724,1080342,California
Riverside,2021-06-06,2207,1920902,1876,1053602,280,812339,51,54961,676,187435,1524,893635,728,1081070,California
Riverside,2021-06-07,6920,1927822,5244,1058846,1445,813784,231,55192,2267,185312,4622,898257,2499,1083569,California
Riverside,2021-06-08,9057,1936879,6561,1065407,2221,816005,275,55467,2954,182495,6048,904305,3231,1086800,California
Riverside,2021-06-09,7742,1944621,5633,1071040,1813,817818,296,55763,2352,179798,5343,909648,2646,1089446,California
Riverside,2021-06-10,7585,1952206,5345,1076385,2005,819823,235,55998,2355,177190,5202,914850,2594,1092040,California
Riverside,2021-06-11,8886,1961092,6023,1082408,2571,822394,292,56290,2996,174649,5829,920679,3288,1095328,California
Riverside,2021-06-12,5341,1966433,3947,1086355,1266,823660,128,56418,1656,172785,3654,924333,1790,1097118,California
Riverside,2021-06-13,1795,1968228,1334,1087689,417,824077,44,56462,497,172040,1286,925619,541,1097659,California
Riverside,2021-06-14,6360,1974588,4552,1092241,1501,825578,307,56769,2077,170173,4247,929866,2380,1100039,California
Riverside,2021-06-15,7077,1981665,4829,1097070,1938,827516,310,57079,2645,168748,4385,934251,2960,1102999,California
Riverside,2021-06-16,6853,1988518,4725,1101795,1815,829331,313,57392,2431,167113,4378,938629,2743,1105742,California
Riverside,2021-06-17,6466,1994984,4545,1106340,1680,831011,241,57633,2443,165813,3990,942619,2690,1108432,California
Riverside,2021-06-18,8231,2003215,5964,1112304,1990,833001,277,57910,3395,164701,4789,947408,3677,1112109,California
Riverside,2021-06-19,4275,2007490,3277,1115581,842,833843,156,58066,1785,164182,2463,949871,1944,1114053,California
Riverside,2021-06-20,1507,2008997,1146,1116727,325,834168,36,58102,579,163881,917,950788,616,1114669,California
Riverside,2021-06-21,4273,2013270,2837,1119564,1161,835329,275,58377,2215,164332,2039,952827,2490,1117159,California
Riverside,2021-06-22,6329,2019599,4476,1124040,1602,836931,251,58628,2714,163725,3576,956403,2969,1120128,California
Riverside,2021-06-23,5475,2025074,3878,1127918,1340,838271,257,58885,2554,163649,2887,959290,2811,1122939,California
Riverside,2021-06-24,5380,2030454,3696,1131614,1443,839714,241,59126,2348,163242,2997,962287,2590,1125529,California
Riverside,2021-06-25,6822,2037276,4932,1136546,1611,841325,279,59405,2971,162677,3819,966106,3254,1128783,California
Riverside,2021-06-26,3801,2041077,2932,1139478,749,842074,120,59525,1755,162530,2023,968129,1876,1130659,California
Riverside,2021-06-27,1497,2042574,1205,1140683,247,842321,45,59570,692,162473,794,968923,737,1131396,California
Riverside,2021-06-28,4204,2046778,3286,1143969,714,843035,204,59774,1964,162434,2210,971133,2171,1133567,California
Riverside,2021-06-29,5542,2052320,4119,1148088,1248,844283,175,59949,2526,162158,2980,974113,2704,1136271,California
Riverside,2021-06-30,3041,2055361,2211,1150299,701,844984,129,60078,1348,161954,1682,975795,1478,1137749,California
Sacramento,2020-12-15,315,315,315,315,0,0,0,0,315,315,0,0,315,315,California
Sacramento,2020-12-16,646,961,646,961,0,0,0,0,646,961,0,0,646,961,California
Sacramento,2020-12-17,705,1666,705,1666,0,0,0,0,705,1666,0,0,705,1666,California
Sacramento,2020-12-18,1119,2785,1119,2785,0,0,0,0,1119,2785,0,0,1119,2785,California
Sacramento,2020-12-19,613,3398,613,3398,0,0,0,0,613,3398,0,0,613,3398,California
Sacramento,2020-12-20,634,4032,634,4032,0,0,0,0,634,4032,0,0,634,4032,California
Sacramento,2020-12-21,1678,5710,1678,5710,0,0,0,0,1679,5711,0,0,1679,5711,California
Sacramento,2020-12-22,2108,7818,2072,7782,36,36,0,0,2108,7819,0,0,2108,7819,California
Sacramento,2020-12-23,2270,10088,2096,9878,174,210,0,0,2270,10089,0,0,2270,10089,California
Sacramento,2020-12-24,1041,11129,829,10707,212,422,0,0,1041,11130,0,0,1041,11130,California
Sacramento,2020-12-25,2,11131,1,10708,1,423,0,0,2,11132,0,0,2,11132,California
Sacramento,2020-12-26,508,11639,290,10998,218,641,0,0,508,11640,0,0,508,11640,California
Sacramento,2020-12-27,358,11997,252,11250,106,747,0,0,358,11998,0,0,358,11998,California
Sacramento,2020-12-28,1927,13924,1342,12592,585,1332,0,0,1926,13923,1,1,1926,13924,California
Sacramento,2020-12-29,1974,15898,1201,13793,773,2105,0,0,1974,15897,0,1,1974,15898,California
Sacramento,2020-12-30,2566,18464,1459,15252,1107,3212,0,0,2567,18464,0,1,2567,18465,California
Sacramento,2020-12-31,1231,19695,695,15947,536,3748,0,0,1232,19696,0,1,1232,19697,California
Sacramento,2021-01-01,82,19777,70,16017,12,3760,0,0,82,19778,0,1,82,19779,California
Sacramento,2021-01-02,572,20349,367,16384,205,3965,0,0,572,20350,0,1,572,20351,California
Sacramento,2021-01-03,412,20761,223,16607,189,4154,0,0,412,20762,0,1,412,20763,California
Sacramento,2021-01-04,1946,22707,835,17442,1111,5265,0,0,1944,22705,1,2,1944,22707,California
Sacramento,2021-01-05,2218,24925,993,18435,1225,6490,0,0,1854,24202,364,366,1861,24568,California
Sacramento,2021-01-06,2736,27661,1620,20055,1116,7606,0,0,1936,25341,797,1163,1936,26504,California
Sacramento,2021-01-07,2853,30514,1517,21572,1336,8942,0,0,1919,26330,930,2093,1919,28423,California
Sacramento,2021-01-08,3295,33809,2083,23655,1212,10154,0,0,2177,27394,1114,3207,2178,30601,California
Sacramento,2021-01-09,1297,35106,804,24459,493,10647,0,0,899,27897,396,3603,899,31500,California
Sacramento,2021-01-10,1251,36357,712,25171,539,11186,0,0,782,28212,468,4071,783,32283,California
Sacramento,2021-01-11,4373,40730,2971,28142,1402,12588,0,0,2425,28702,1947,6018,2437,34720,California
Sacramento,2021-01-12,4667,45397,3275,31417,1392,13980,0,0,2626,29293,2040,8058,2631,37351,California
Sacramento,2021-01-13,3855,49252,2229,33646,1626,15606,0,0,2430,30300,1424,9482,2431,39782,California
Sacramento,2021-01-14,4756,54008,2437,36083,2319,17925,0,0,3839,33224,915,10397,3839,43621,California
Sacramento,2021-01-15,4459,58467,2259,38342,2200,20125,0,0,3741,36248,718,11115,3742,47363,California
Sacramento,2021-01-16,2222,60689,1285,39627,937,21062,0,0,2001,38029,220,11335,2001,49364,California
Sacramento,2021-01-17,1686,62375,988,40615,698,21760,0,0,1500,39346,186,11521,1503,50867,California
Sacramento,2021-01-18,2820,65195,1723,42338,1097,22857,0,0,2231,40990,588,12109,2232,53099,California
Sacramento,2021-01-19,4990,70185,3029,45367,1961,24818,0,0,3748,43499,1241,13350,3750,56849,California
Sacramento,2021-01-20,4983,75168,3001,48368,1982,26800,0,0,3672,45865,1312,14662,3678,60527,California
Sacramento,2021-01-21,5241,80409,3014,51382,2227,29027,0,0,4270,49172,965,15627,4272,64799,California
Sacramento,2021-01-22,5036,85445,2688,54070,2348,31375,0,0,4735,53608,300,15927,4736,69535,California
Sacramento,2021-01-23,3871,89316,1561,55631,2310,33685,0,0,3406,56549,465,16392,3406,72941,California
Sacramento,2021-01-24,1637,90953,1022,56653,615,34300,0,0,1388,57689,249,16641,1389,74330,California
Sacramento,2021-01-25,4420,95373,2165,58818,2255,36555,0,0,2940,59151,1480,18121,2942,77272,California
Sacramento,2021-01-26,4777,100150,2175,60993,2602,39157,0,0,3560,61501,1212,19333,3562,80834,California
Sacramento,2021-01-27,5891,106041,3042,64035,2849,42006,0,0,4260,64138,1625,20958,4262,85096,California
Sacramento,2021-01-28,5484,111525,2736,66771,2748,44754,0,0,4376,67409,1106,22064,4377,89473,California
Sacramento,2021-01-29,5445,116970,2936,69707,2509,47263,0,0,4417,70806,1020,23084,4417,93890,California
Sacramento,2021-01-30,4889,121859,2203,71910,2686,49949,0,0,4453,74827,432,23516,4453,98343,California
Sacramento,2021-01-31,2419,124278,2117,74027,302,50251,0,0,2063,76538,354,23870,2065,100408,California
Sacramento,2021-02-01,5963,130241,3036,77063,2927,53178,0,0,4274,79131,1681,25551,4274,104682,California
Sacramento,2021-02-02,6964,137205,3719,80782,3245,56423,0,0,4859,81907,2085,27636,4861,109543,California
Sacramento,2021-02-03,7183,144388,3622,84404,3561,59984,0,0,5302,85342,1869,29505,5304,114847,California
Sacramento,2021-02-04,7805,152193,3692,88096,4113,64097,0,0,5542,88629,2255,31760,5542,120389,California
Sacramento,2021-02-05,7896,160089,4504,92600,3392,67489,0,0,4849,90459,3023,34783,4853,125242,California
Sacramento,2021-02-06,8847,168936,3499,96099,5348,72837,0,0,7486,96588,1359,36142,7488,132730,California
Sacramento,2021-02-07,4105,173041,2208,98307,1897,74734,0,0,2893,98276,1207,37349,2895,135625,California
Sacramento,2021-02-08,6265,179306,3250,101557,3015,77749,0,0,3912,99842,2346,39695,3912,139537,California
Sacramento,2021-02-09,6801,186107,3571,105128,3230,80979,0,0,3997,101053,2787,42482,3998,143535,California
Sacramento,2021-02-10,7772,193879,4256,109384,3516,84495,0,0,4537,102376,3217,45699,4540,148075,California
Sacramento,2021-02-11,9634,203513,5738,115122,3896,88391,0,0,5520,103803,4095,49794,5522,153597,California
Sacramento,2021-02-12,10752,214265,4178,119300,6574,94965,0,0,6437,105996,4247,54041,6440,160037,California
Sacramento,2021-02-13,8142,222407,3018,122318,5124,100089,0,0,6377,110618,1756,55797,6378,166415,California
Sacramento,2021-02-14,3254,225661,2006,124324,1248,101337,0,0,2121,111614,1130,56927,2126,168541,California
Sacramento,2021-02-15,6045,231706,2062,126386,3983,105320,0,0,4195,113973,1839,58766,4198,172739,California
Sacramento,2021-02-16,9313,241019,4238,130624,5075,110395,0,0,5352,115378,3952,62718,5357,178096,California
Sacramento,2021-02-17,8951,249970,5039,135663,3912,114307,0,0,5201,116848,3734,66452,5204,183300,California
Sacramento,2021-02-18,9661,259631,5789,141452,3872,118179,0,0,5760,118721,3891,70343,5764,189064,California
Sacramento,2021-02-19,10183,269814,6243,147695,3940,122119,0,0,5988,120551,4165,74508,5995,195059,California
Sacramento,2021-02-20,8220,278034,5855,153550,2365,124484,0,0,4793,121931,3417,77925,4797,199856,California
Sacramento,2021-02-21,4930,282964,2502,156052,2428,126912,0,0,2879,122768,2042,79967,2879,202735,California
Sacramento,2021-02-22,6477,289441,3939,159991,2538,129450,0,0,2810,121936,3646,83613,2814,205549,California
Sacramento,2021-02-23,7512,296953,4664,164655,2848,132298,0,0,3605,121657,3888,87501,3609,209158,California
Sacramento,2021-02-24,9890,306843,5432,170087,4458,136756,0,0,5380,122552,4491,91992,5386,214544,California
Sacramento,2021-02-25,11324,318167,6489,176576,4835,141591,0,0,6602,124449,4706,96698,6603,221147,California
Sacramento,2021-02-26,14501,332668,6823,183399,7678,149269,0,0,9927,129841,4541,101239,9933,231080,California
Sacramento,2021-02-27,11249,343917,6883,190282,4363,153632,3,3,8339,135301,2882,104121,8342,239422,California
Sacramento,2021-02-28,6660,350577,2352,192634,4308,157940,0,3,3128,134914,3518,107639,3131,242553,California
Sacramento,2021-03-01,8643,359220,3630,196264,5011,162951,2,5,4708,135715,3912,111551,4713,247266,California
Sacramento,2021-03-02,9367,368587,4061,200325,5305,168256,1,6,5743,137857,3605,115156,5747,253013,California
Sacramento,2021-03-03,11164,379751,5097,205422,6064,174320,3,9,6700,140121,4441,119597,6705,259718,California
Sacramento,2021-03-04,13553,393304,6266,211688,7283,181603,4,13,7555,141724,5963,125560,7566,267284,California
Sacramento,2021-03-05,10691,403995,4940,216628,5721,187324,30,43,7097,145283,3569,129129,7128,274412,California
Sacramento,2021-03-06,8157,412152,3130,219758,4905,192229,122,165,4148,145564,3988,133117,4269,278681,California
Sacramento,2021-03-07,8001,420153,2232,221990,5679,197908,90,255,3773,145213,4215,137332,3864,282545,California
Sacramento,2021-03-08,9141,429294,4274,226264,4641,202549,226,481,5971,148253,3155,140487,6195,288740,California
Sacramento,2021-03-09,9673,438967,4583,230847,4796,207345,294,775,5569,150030,4086,144573,5863,294603,California
Sacramento,2021-03-10,11849,450816,7531,238378,3960,211305,358,1133,6917,152418,4892,149465,7280,301883,California
Sacramento,2021-03-11,15128,465944,10034,248412,4264,215569,830,1963,8965,156090,6119,155584,9791,311674,California
Sacramento,2021-03-12,18098,484042,8354,256766,8875,224444,869,2832,8869,156675,9157,164741,9742,321416,California
Sacramento,2021-03-13,13426,497468,3587,260353,9410,233854,429,3261,8225,160138,5186,169927,8649,330065,California
Sacramento,2021-03-14,8648,506116,3476,263829,4536,238390,636,3897,4442,161040,4174,174101,5076,335141,California
Sacramento,2021-03-15,12274,518390,4887,268716,6724,245114,663,4560,7048,163558,5194,179295,7712,342853,California
Sacramento,2021-03-16,14097,532487,6258,274974,7183,252297,656,5216,8655,167459,5401,184696,9302,352155,California
Sacramento,2021-03-17,13886,546373,6671,281645,6579,258876,636,5852,8826,171889,5034,189730,9464,361619,California
Sacramento,2021-03-18,15839,562212,8339,289984,6894,265770,606,6458,10034,176757,5770,195500,10638,372257,California
Sacramento,2021-03-19,15727,577939,8026,298010,6308,272078,1393,7851,7931,178309,7763,203263,9315,381572,California
Sacramento,2021-03-20,13365,591304,7563,305573,5458,277536,344,8195,8459,182237,4875,208138,8803,390375,California
Sacramento,2021-03-21,5633,596937,2785,308358,2809,280345,39,8234,3363,183400,2255,210393,3418,393793,California
Sacramento,2021-03-22,9481,606418,4883,313241,3744,284089,854,9088,6259,187324,3193,213586,7117,400910,California
Sacramento,2021-03-23,11491,617909,6857,320098,3828,287917,806,9894,7360,191402,4086,217672,8164,409074,California
Sacramento,2021-03-24,11948,629857,7296,327394,4020,291937,632,10526,6747,193680,5117,222789,7395,416469,California
Sacramento,2021-03-25,14300,644157,8427,335821,5035,296972,838,11364,8530,197348,5723,228512,9391,425860,California
Sacramento,2021-03-26,18380,662537,8957,344778,8911,305883,512,11876,9178,197910,9130,237642,9692,435552,California
Sacramento,2021-03-27,10186,672723,3584,348362,6310,312193,292,12168,5553,199153,4597,242239,5840,441392,California
Sacramento,2021-03-28,6626,679349,3234,351596,3142,315335,250,12418,2659,198111,3956,246195,2914,444306,California
Sacramento,2021-03-29,11066,690415,5912,357508,4764,320099,390,12808,4954,197374,6081,252276,5344,449650,California
Sacramento,2021-03-30,11957,702372,6109,363617,5429,325528,419,13227,6038,197937,5892,258168,6455,456105,California
Sacramento,2021-03-31,13523,715895,7876,371493,5233,330761,414,13641,5592,196035,7902,266070,6000,462105,California
Sacramento,2021-04-01,17531,733426,10482,381975,6795,337556,254,13895,7366,193545,10117,276187,7627,469732,California
Sacramento,2021-04-02,17227,750653,9733,391708,6751,344307,743,14638,9040,195179,8152,284339,9786,479518,California
Sacramento,2021-04-03,10482,761135,6243,397951,3689,347996,550,15188,6422,198117,4029,288368,6967,486485,California
Sacramento,2021-04-04,3731,764866,1533,399484,1993,349989,205,15393,1452,197496,2273,290641,1652,488137,California
Sacramento,2021-04-05,12090,776956,7571,407055,3675,353664,844,16237,5382,197052,6670,297311,6226,494363,California
Sacramento,2021-04-06,15720,792676,8890,415945,5486,359150,1344,17581,6930,196580,8756,306067,8284,502647,California
Sacramento,2021-04-07,14942,807618,8053,423998,5271,364421,1618,19199,7171,197649,7724,313791,8793,511440,California
Sacramento,2021-04-08,15155,822773,6811,430809,5339,369760,3005,22204,6019,197563,9102,322893,9016,520456,California
Sacramento,2021-04-09,18392,841165,9391,440200,6768,376528,2233,24437,7473,196382,10875,333768,9694,530150,California
Sacramento,2021-04-10,13400,854565,3852,444052,8324,384852,1224,25661,5816,195844,7554,341322,7016,537166,California
Sacramento,2021-04-11,11182,865747,4373,448425,6582,391434,227,25888,3862,192639,7293,348615,4088,541254,California
Sacramento,2021-04-12,13039,878786,5075,453500,6070,397504,1894,27782,4959,191464,8014,356629,6839,548093,California
Sacramento,2021-04-13,16344,895130,9988,463488,6351,403855,5,27787,7594,190352,8715,365344,7603,555696,California
Sacramento,2021-04-14,15069,910199,8015,471503,7052,410907,2,27789,5934,187187,9103,374447,5938,561634,California
Sacramento,2021-04-15,16477,926676,8464,479967,8010,418917,3,27792,6675,184108,9760,384207,6681,568315,California
Sacramento,2021-04-16,17610,944286,9726,489693,7884,426801,0,27792,7973,182493,9590,393797,7975,576290,California
Sacramento,2021-04-17,15864,960150,6190,495883,9674,436475,0,27792,11600,189858,4240,398037,11605,587895,California
Sacramento,2021-04-18,9070,969220,3267,499150,5803,442278,0,27792,3901,188614,5147,403184,3903,591798,California
Sacramento,2021-04-19,10680,979900,5772,504922,4903,447181,5,27797,4723,187414,5930,409114,4730,596528,California
Sacramento,2021-04-20,11574,991474,7138,512060,4432,451613,4,27801,6086,188049,5460,414574,6095,602623,California
Sacramento,2021-04-21,12326,1003800,7381,519441,4943,456556,2,27803,6621,188999,5674,420248,6624,609247,California
Sacramento,2021-04-22,15254,1019054,10273,529714,4976,461532,5,27808,6996,187782,8220,428468,7003,616250,California
Sacramento,2021-04-23,16307,1035361,10354,540068,5953,467485,0,27808,7559,186636,8707,437175,7561,623811,California
Sacramento,2021-04-24,11615,1046976,7008,547076,4606,472091,1,27809,6201,187462,5377,442552,6203,630014,California
Sacramento,2021-04-25,8459,1055435,4478,551554,3981,476072,0,27809,4177,187372,4268,446820,4178,634192,California
Sacramento,2021-04-26,10840,1066275,6836,558390,3980,480052,24,27833,5156,186899,5653,452473,5180,639372,California
Sacramento,2021-04-27,12284,1078559,8087,566477,4042,484094,155,27988,6036,186879,6213,458686,6193,645565,California
Sacramento,2021-04-28,10793,1089352,6118,572595,4471,488565,204,28192,5963,188251,4799,463485,6171,651736,California
Sacramento,2021-04-29,11194,1100546,7595,580190,3295,491860,304,28496,6145,189693,5010,468495,6452,658188,California
Sacramento,2021-04-30,12748,1113294,8078,588268,4407,496267,263,28759,6028,189316,6669,475164,6292,664480,California
Sacramento,2021-05-01,7627,1120921,5483,593751,1968,498235,176,28935,2789,187477,4802,479966,2963,667443,California
Sacramento,2021-05-02,5013,1125934,4314,598065,548,498783,151,29086,2229,187101,2754,482720,2378,669821,California
Sacramento,2021-05-03,9146,1135080,7309,605374,1555,500338,282,29368,3975,186207,5147,487867,4253,674074,California
Sacramento,2021-05-04,9690,1144770,5954,611328,3426,503764,310,29678,3854,184579,5790,493657,4162,678236,California
Sacramento,2021-05-05,11372,1156142,6239,617567,4671,508435,462,30140,4647,183004,6677,500334,5102,683338,California
Sacramento,2021-05-06,11444,1167586,6397,623964,4739,513174,308,30448,4684,181565,6427,506761,4988,688326,California
Sacramento,2021-05-07,10791,1178377,6302,630266,4118,517292,371,30819,4542,180285,6194,512955,4914,693240,California
Sacramento,2021-05-08,8990,1187367,4004,634270,4756,522048,230,31049,2864,177288,6083,519038,3086,696326,California
Sacramento,2021-05-09,3286,1190653,1790,636060,1383,523431,113,31162,1203,176532,2072,521110,1316,697642,California
Sacramento,2021-05-10,8239,1198892,3873,639933,4095,527526,271,31433,1997,172592,6210,527320,2270,699912,California
Sacramento,2021-05-11,8649,1207541,5466,645399,2923,530449,260,31693,3014,170266,5600,532920,3274,703186,California
Sacramento,2021-05-12,8740,1216281,5287,650686,3196,533645,257,31950,2945,167707,5759,538679,3200,706386,California
Sacramento,2021-05-13,11962,1228243,7699,658385,3987,537632,276,32226,4533,165128,7387,546066,4808,711194,California
Sacramento,2021-05-14,12451,1240694,7092,665477,5070,542702,289,32515,5046,163116,7347,553413,5335,716529,California
Sacramento,2021-05-15,13237,1253931,8024,673501,5067,547769,146,32661,5869,161795,7332,560745,6011,722540,California
Sacramento,2021-05-16,8406,1262337,4218,677719,4075,551844,113,32774,2202,157932,6180,566925,2317,724857,California
Sacramento,2021-05-17,10482,1272819,6399,684118,3794,555638,289,33063,3923,155625,6522,573447,4215,729072,California
Sacramento,2021-05-18,9884,1282703,6209,690327,3464,559102,211,33274,3701,153400,6142,579589,3917,732989,California
Sacramento,2021-05-19,9810,1292513,6253,696580,3294,562396,263,33537,4419,152739,5349,584938,4688,737677,California
Sacramento,2021-05-20,10222,1302735,6743,703323,3219,565615,260,33797,3800,150430,6370,591308,4061,741738,California
Sacramento,2021-05-21,10739,1313474,6813,710136,3603,569218,323,34120,4451,148963,6247,597555,4780,746518,California
Sacramento,2021-05-22,7435,1320909,4597,714733,2665,571883,173,34293,3332,148398,4073,601628,3508,750026,California
Sacramento,2021-05-23,4576,1325485,3022,717755,1451,573334,103,34396,1969,147884,2587,604215,2073,752099,California
Sacramento,2021-05-24,7815,1333300,4719,722474,2766,576100,330,34726,2480,145403,5289,609504,2808,754907,California
Sacramento,2021-05-25,6709,1340009,3874,726348,2543,578643,292,35018,2374,143759,4309,613813,2665,757572,California
Sacramento,2021-05-26,8565,1348574,4727,731075,3503,582146,335,35353,2812,141200,5701,619514,3142,760714,California
Sacramento,2021-05-27,6689,1355263,3646,734721,2803,584949,240,35593,2944,140683,3701,623215,3184,763898,California
Sacramento,2021-05-28,8272,1363535,4581,739302,3317,588266,374,35967,3455,139737,4775,627990,3829,767727,California
Sacramento,2021-05-29,4432,1367967,2695,741997,1578,589844,159,36126,2229,139946,2178,630168,2387,770114,California
Sacramento,2021-05-30,1676,1369643,1058,743055,580,590424,38,36164,747,139810,922,631090,786,770900,California
Sacramento,2021-05-31,882,1370525,440,743495,429,590853,13,36177,313,139568,568,631658,326,771226,California
Sacramento,2021-06-01,6973,1377498,4178,747673,2589,593442,206,36383,2533,137906,4398,636056,2736,773962,California
Sacramento,2021-06-02,6104,1383602,3349,751022,2540,595982,215,36598,2265,136590,3794,639850,2478,776440,California
Sacramento,2021-06-03,7456,1391058,5070,756092,2202,598184,184,36782,2140,133635,5276,645126,2321,778761,California
Sacramento,2021-06-04,7068,1398126,4520,760612,2336,600520,212,36994,2203,131217,4833,649959,2415,781176,California
Sacramento,2021-06-05,6217,1404343,4557,765169,1519,602039,141,37135,1756,128681,4432,654391,1896,783072,California
Sacramento,2021-06-06,2399,1406742,1884,767053,456,602495,59,37194,776,127900,1617,656008,836,783908,California
Sacramento,2021-06-07,5570,1412312,3904,770957,1486,603981,180,37374,1550,125633,3994,660002,1727,785635,California
Sacramento,2021-06-08,5407,1417719,3682,774639,1545,605526,180,37554,1722,123879,3658,663660,1904,787539,California
Sacramento,2021-06-09,6171,1423890,4281,778920,1705,607231,185,37739,1626,121196,4493,668153,1810,789349,California
Sacramento,2021-06-10,5417,1429307,3464,782384,1742,608973,211,37950,1676,119392,3691,671844,1887,791236,California
Sacramento,2021-06-11,7562,1436869,5222,787606,2146,611119,194,38144,2060,116176,5468,677312,2252,793488,California
Sacramento,2021-06-12,4732,1441601,3063,790669,1551,612670,118,38262,1286,114159,3422,680734,1405,794893,California
Sacramento,2021-06-13,1932,1443533,1424,792093,464,613134,44,38306,397,113076,1522,682256,439,795332,California
Sacramento,2021-06-14,4306,1447839,2788,794881,1356,614490,162,38468,1339,111626,2949,685205,1499,796831,California
Sacramento,2021-06-15,4923,1452762,2962,797843,1736,616226,225,38693,1719,110381,3188,688393,1943,798774,California
Sacramento,2021-06-16,4476,1457238,3008,800851,1249,617475,219,38912,1554,109250,2896,691289,1765,800539,California
Sacramento,2021-06-17,4065,1461303,2641,803492,1258,618733,166,39078,1398,108175,2634,693923,1559,802098,California
Sacramento,2021-06-18,5125,1466428,3349,806841,1535,620268,241,39319,1740,106794,3361,697284,1980,804078,California
Sacramento,2021-06-19,3326,1469754,2261,809102,921,621189,144,39463,1188,106005,2120,699404,1331,805409,California
Sacramento,2021-06-20,1233,1470987,915,810017,291,621480,27,39490,565,105939,658,700062,592,806001,California
Sacramento,2021-06-21,2524,1473511,1337,811354,1027,622507,160,39650,1239,106065,1271,701333,1397,807398,California
Sacramento,2021-06-22,3908,1477419,2697,814051,1020,623527,191,39841,1541,105450,2342,703675,1727,809125,California
Sacramento,2021-06-23,4079,1481498,2813,816864,1057,624584,209,40050,1521,104639,2537,706212,1726,810851,California
Sacramento,2021-06-24,3471,1484969,2248,819112,1029,625613,194,40244,1385,104151,2066,708278,1578,812429,California
Sacramento,2021-06-25,4182,1489151,2833,821945,1142,626755,207,40451,1693,103578,2470,710748,1897,814326,California
Sacramento,2021-06-26,2847,1491998,2033,823978,691,627446,123,40574,1192,103256,1636,712384,1314,815640,California
Sacramento,2021-06-27,1234,1493232,908,824886,295,627741,31,40605,450,102957,780,713164,481,816121,California
Sacramento,2021-06-28,2621,1495853,1946,826832,534,628275,141,40746,1142,102778,1461,714625,1282,817403,California
Sacramento,2021-06-29,3270,1499123,2182,829014,948,629223,140,40886,1324,102329,1918,716543,1469,818872,California
Sacramento,2021-06-30,2404,1501527,1700,830714,601,629824,103,40989,1134,102310,1256,717799,1237,820109,California
San Benito,2020-12-16,29,29,29,29,0,0,0,0,29,29,0,0,29,29,California
San Benito,2020-12-17,48,77,48,77,0,0,0,0,48,77,0,0,48,77,California
San Benito,2020-12-18,72,149,72,149,0,0,0,0,72,149,0,0,72,149,California
San Benito,2020-12-19,48,197,48,197,0,0,0,0,48,197,0,0,48,197,California
San Benito,2020-12-20,24,221,24,221,0,0,0,0,24,221,0,0,24,221,California
San Benito,2020-12-21,77,298,77,298,0,0,0,0,77,298,0,0,77,298,California
San Benito,2020-12-22,101,399,101,399,0,0,0,0,101,399,0,0,101,399,California
San Benito,2020-12-23,86,485,74,473,12,12,0,0,86,485,0,0,86,485,California
San Benito,2020-12-24,13,498,5,478,8,20,0,0,13,498,0,0,13,498,California
San Benito,2020-12-25,3,501,3,481,0,20,0,0,3,501,0,0,3,501,California
San Benito,2020-12-26,13,514,4,485,9,29,0,0,13,514,0,0,13,514,California
San Benito,2020-12-27,8,522,7,492,1,30,0,0,8,522,0,0,8,522,California
San Benito,2020-12-28,66,588,36,528,30,60,0,0,66,588,0,0,66,588,California
San Benito,2020-12-29,49,637,21,549,28,88,0,0,49,637,0,0,49,637,California
San Benito,2020-12-30,59,696,37,586,22,110,0,0,59,696,0,0,59,696,California
San Benito,2020-12-31,19,715,2,588,17,127,0,0,19,715,0,0,19,715,California
San Benito,2021-01-02,24,739,23,611,1,128,0,0,24,739,0,0,24,739,California
San Benito,2021-01-03,4,743,2,613,2,130,0,0,3,742,0,0,3,742,California
San Benito,2021-01-04,61,804,23,636,38,168,0,0,61,803,0,0,61,803,California
San Benito,2021-01-05,117,921,37,673,80,248,0,0,114,914,3,3,114,917,California
San Benito,2021-01-06,102,1023,42,715,60,308,0,0,87,986,15,18,87,1004,California
San Benito,2021-01-07,106,1129,68,783,38,346,0,0,54,988,52,70,54,1058,California
San Benito,2021-01-08,181,1310,89,872,92,438,0,0,117,1041,64,134,117,1175,California
San Benito,2021-01-09,44,1354,31,903,13,451,0,0,30,1057,14,148,30,1205,California
San Benito,2021-01-10,17,1371,15,918,2,453,0,0,5,1050,12,160,5,1210,California
San Benito,2021-01-11,173,1544,108,1026,65,518,0,0,72,1021,101,261,72,1282,California
San Benito,2021-01-12,161,1705,57,1083,104,622,0,0,121,1102,40,301,121,1403,California
San Benito,2021-01-13,239,1944,68,1151,171,793,0,0,188,1239,51,352,188,1591,California
San Benito,2021-01-14,131,2075,24,1175,107,900,0,0,112,1332,19,371,112,1703,California
San Benito,2021-01-15,218,2293,21,1196,197,1097,0,0,204,1522,14,385,204,1907,California
San Benito,2021-01-16,25,2318,8,1204,17,1114,0,0,20,1537,5,390,20,1927,California
San Benito,2021-01-17,12,2330,5,1209,7,1121,0,0,9,1543,3,393,9,1936,California
San Benito,2021-01-18,37,2367,23,1232,14,1135,0,0,22,1550,15,408,22,1958,California
San Benito,2021-01-19,187,2554,81,1313,106,1241,0,0,149,1661,38,446,149,2107,California
San Benito,2021-01-20,337,2891,102,1415,235,1476,0,0,291,1907,45,491,291,2398,California
San Benito,2021-01-21,146,3037,33,1448,113,1589,0,0,120,2001,26,517,120,2518,California
San Benito,2021-01-22,237,3274,19,1467,218,1807,0,0,227,2218,10,527,227,2745,California
San Benito,2021-01-23,31,3305,17,1484,14,1821,0,0,13,2213,18,545,13,2758,California
San Benito,2021-01-24,28,3333,3,1487,25,1846,0,0,24,2233,4,549,24,2782,California
San Benito,2021-01-25,72,3405,24,1511,48,1894,0,0,24,2209,48,597,24,2806,California
San Benito,2021-01-26,138,3543,41,1552,97,1991,0,0,86,2243,52,649,86,2892,California
San Benito,2021-01-27,230,3773,69,1621,161,2152,0,0,191,2395,39,688,191,3083,California
San Benito,2021-01-28,151,3924,32,1653,119,2271,0,0,120,2485,30,718,120,3203,California
San Benito,2021-01-29,293,4217,33,1686,260,2531,0,0,268,2729,24,742,268,3471,California
San Benito,2021-01-30,52,4269,33,1719,19,2550,0,0,29,2735,23,765,29,3500,California
San Benito,2021-01-31,16,4285,5,1724,11,2561,0,0,11,2741,5,770,11,3511,California
San Benito,2021-02-01,137,4422,29,1753,108,2669,0,0,93,2790,44,814,93,3604,California
San Benito,2021-02-02,230,4652,49,1802,181,2850,0,0,139,2838,91,905,139,3743,California
San Benito,2021-02-03,341,4993,43,1845,298,3148,0,0,273,3043,68,973,273,4016,California
San Benito,2021-02-04,167,5160,24,1869,143,3291,0,0,121,3118,46,1019,121,4137,California
San Benito,2021-02-05,291,5451,40,1909,251,3542,0,0,228,3283,63,1082,228,4365,California
San Benito,2021-02-06,50,5501,9,1918,41,3583,0,0,33,3299,17,1099,33,4398,California
San Benito,2021-02-07,18,5519,9,1927,9,3592,0,0,16,3313,2,1101,16,4414,California
San Benito,2021-02-08,142,5661,18,1945,124,3716,0,0,96,3363,46,1147,96,4510,California
San Benito,2021-02-09,327,5988,64,2009,263,3979,0,0,195,3426,132,1279,195,4705,California
San Benito,2021-02-10,322,6310,89,2098,233,4212,0,0,105,3315,216,1495,105,4810,California
San Benito,2021-02-11,299,6609,33,2131,266,4478,0,0,201,3418,98,1593,201,5011,California
San Benito,2021-02-12,415,7024,32,2163,383,4861,0,0,208,3420,206,1799,208,5219,California
San Benito,2021-02-13,56,7080,7,2170,49,4910,0,0,44,3452,12,1811,44,5263,California
San Benito,2021-02-14,40,7120,5,2175,35,4945,0,0,30,3472,10,1821,30,5293,California
San Benito,2021-02-15,107,7227,9,2184,98,5043,0,0,96,3557,11,1832,96,5389,California
San Benito,2021-02-16,206,7433,11,2195,195,5238,0,0,101,3554,105,1937,102,5491,California
San Benito,2021-02-17,327,7760,29,2224,298,5536,0,0,278,3783,49,1986,278,5769,California
San Benito,2021-02-18,295,8055,38,2262,257,5793,0,0,73,3634,222,2208,73,5842,California
San Benito,2021-02-19,347,8402,47,2309,300,6093,0,0,181,3650,165,2373,181,6023,California
San Benito,2021-02-20,49,8451,27,2336,22,6115,0,0,38,3677,11,2384,38,6061,California
San Benito,2021-02-21,24,8475,9,2345,15,6130,0,0,15,3683,9,2393,15,6076,California
San Benito,2021-02-22,136,8611,37,2382,99,6229,0,0,99,3746,36,2429,99,6175,California
San Benito,2021-02-23,384,8995,97,2479,287,6516,0,0,265,3892,119,2548,265,6440,California
San Benito,2021-02-24,381,9376,68,2547,313,6829,0,0,241,3993,140,2688,241,6681,California
San Benito,2021-02-25,392,9768,64,2611,328,7157,0,0,271,4141,123,2811,271,6952,California
San Benito,2021-02-26,652,10420,75,2686,577,7734,0,0,402,4293,250,3061,402,7354,California
San Benito,2021-02-27,105,10525,41,2727,64,7798,0,0,86,4360,19,3080,86,7440,California
San Benito,2021-02-28,255,10780,31,2758,224,8022,0,0,243,4591,12,3092,243,7683,California
San Benito,2021-03-01,232,11012,61,2819,171,8193,0,0,161,4680,72,3164,161,7844,California
San Benito,2021-03-02,287,11299,95,2914,192,8385,0,0,215,4823,72,3236,215,8059,California
San Benito,2021-03-03,405,11704,65,2979,340,8725,0,0,227,4874,176,3412,227,8286,California
San Benito,2021-03-04,617,12321,126,3105,476,9201,15,15,429,5119,187,3599,432,8718,California
San Benito,2021-03-05,583,12904,307,3412,264,9465,12,27,375,5300,206,3805,387,9105,California
San Benito,2021-03-06,193,13097,69,3481,110,9575,14,41,140,5401,53,3858,154,9259,California
San Benito,2021-03-07,648,13745,603,4084,22,9597,23,64,615,6006,33,3891,638,9897,California
San Benito,2021-03-08,290,14035,66,4150,177,9774,47,111,167,6097,123,4014,214,10111,California
San Benito,2021-03-09,424,14459,83,4233,242,10016,99,210,138,6022,285,4299,210,10321,California
San Benito,2021-03-10,410,14869,121,4354,194,10210,95,305,239,6185,171,4470,334,10655,California
San Benito,2021-03-11,476,15345,124,4478,199,10409,153,458,212,6286,264,4734,365,11020,California
San Benito,2021-03-12,523,15868,124,4602,302,10711,97,555,233,6328,288,5022,330,11350,California
San Benito,2021-03-13,200,16068,99,4701,83,10794,18,573,126,6401,71,5093,144,11494,California
San Benito,2021-03-14,233,16301,40,4741,173,10967,20,593,180,6549,52,5145,200,11694,California
San Benito,2021-03-15,324,16625,99,4840,206,11173,19,612,191,6626,133,5278,210,11904,California
San Benito,2021-03-16,501,17126,219,5059,251,11424,31,643,352,6861,147,5425,382,12286,California
San Benito,2021-03-17,791,17917,479,5538,290,11714,22,665,561,7210,226,5651,575,12861,California
San Benito,2021-03-18,789,18706,528,6066,206,11920,55,720,574,7617,213,5864,620,13481,California
San Benito,2021-03-19,778,19484,403,6469,351,12271,24,744,573,8009,204,6068,596,14077,California
San Benito,2021-03-20,245,19729,148,6617,84,12355,13,757,186,8149,59,6127,199,14276,California
San Benito,2021-03-21,109,19838,57,6674,47,12402,5,762,81,8207,28,6155,86,14362,California
San Benito,2021-03-22,354,20192,173,6847,156,12558,25,787,223,8324,131,6286,248,14610,California
San Benito,2021-03-23,475,20667,198,7045,267,12825,10,797,208,8274,267,6553,217,14827,California
San Benito,2021-03-24,575,21242,304,7349,264,13089,7,804,351,8410,222,6775,358,15185,California
San Benito,2021-03-25,741,21983,441,7790,296,13385,4,808,440,8557,297,7072,444,15629,California
San Benito,2021-03-26,1020,23003,521,8311,494,13879,5,813,337,8217,682,7754,342,15971,California
San Benito,2021-03-27,338,23341,189,8500,117,13996,32,845,219,8350,118,7872,251,16222,California
San Benito,2021-03-28,735,24076,609,9109,121,14117,5,850,130,7880,605,8477,135,16357,California
San Benito,2021-03-29,344,24420,108,9217,216,14333,20,870,143,7842,200,8677,162,16519,California
San Benito,2021-03-30,580,25000,274,9491,213,14546,93,963,294,7943,286,8963,387,16906,California
San Benito,2021-03-31,595,25595,366,9857,205,14751,24,987,334,8043,258,9221,358,17264,California
San Benito,2021-04-01,954,26549,384,10241,531,15282,39,1026,564,8252,388,9609,597,17861,California
San Benito,2021-04-02,542,27091,262,10503,144,15426,136,1162,264,8375,277,9886,400,18261,California
San Benito,2021-04-03,254,27345,87,10590,103,15529,64,1226,75,8335,178,10064,138,18399,California
San Benito,2021-04-04,143,27488,108,10698,30,15559,5,1231,106,8409,37,10101,111,18510,California
San Benito,2021-04-05,354,27842,169,10867,141,15700,44,1275,143,8384,211,10312,186,18696,California
San Benito,2021-04-06,468,28310,164,11031,127,15827,177,1452,163,8418,305,10617,339,19035,California
San Benito,2021-04-07,944,29254,526,11557,227,16054,191,1643,264,8196,677,11294,455,19490,California
San Benito,2021-04-08,872,30126,437,11994,180,16234,255,1898,231,8042,640,11934,486,19976,California
San Benito,2021-04-09,854,30980,506,12500,256,16490,92,1990,298,7877,555,12489,390,20366,California
San Benito,2021-04-10,341,31321,206,12706,77,16567,58,2048,192,7978,149,12638,250,20616,California
San Benito,2021-04-11,480,31801,273,12979,172,16739,35,2083,270,8051,210,12848,283,20899,California
San Benito,2021-04-12,531,32332,286,13265,133,16872,112,2195,279,8187,251,13099,387,21286,California
San Benito,2021-04-13,759,33091,294,13559,442,17314,23,2218,526,8505,232,13331,550,21836,California
San Benito,2021-04-14,832,33923,655,14214,177,17491,0,2218,395,8469,431,13762,395,22231,California
San Benito,2021-04-15,945,34868,735,14949,209,17700,1,2219,474,8475,470,14232,476,22707,California
San Benito,2021-04-16,712,35580,371,15320,332,18032,9,2228,302,8380,407,14639,312,23019,California
San Benito,2021-04-17,323,35903,227,15547,96,18128,0,2228,130,8315,195,14834,130,23149,California
San Benito,2021-04-18,507,36410,426,15973,81,18209,0,2228,247,8304,260,15094,249,23398,California
San Benito,2021-04-19,745,37155,595,16568,150,18359,0,2228,420,8402,323,15417,421,23819,California
San Benito,2021-04-20,789,37944,418,16986,369,18728,2,2230,497,8613,287,15704,498,24317,California
San Benito,2021-04-21,974,38918,722,17708,252,18980,0,2230,525,8704,434,16138,525,24842,California
San Benito,2021-04-22,904,39822,697,18405,207,19187,0,2230,567,8942,329,16467,567,25409,California
San Benito,2021-04-23,644,40466,408,18813,235,19422,1,2231,342,9031,253,16720,342,25751,California
San Benito,2021-04-24,362,40828,202,19015,160,19582,0,2231,166,9041,156,16876,166,25917,California
San Benito,2021-04-25,205,41033,128,19143,77,19659,0,2231,95,9044,92,16968,95,26012,California
San Benito,2021-04-26,496,41529,393,19536,103,19762,0,2231,260,9129,175,17143,260,26272,California
San Benito,2021-04-27,560,42089,286,19822,267,20029,7,2238,408,9402,142,17285,415,26687,California
San Benito,2021-04-28,554,42643,393,20215,153,20182,8,2246,390,9640,159,17444,397,27084,California
San Benito,2021-04-29,635,43278,235,20450,390,20572,10,2256,255,9543,379,17823,282,27366,California
San Benito,2021-04-30,385,43663,216,20666,162,20734,7,2263,209,9585,174,17997,216,27582,California
San Benito,2021-05-01,195,43858,142,20808,44,20778,9,2272,65,9530,129,18126,74,27656,California
San Benito,2021-05-02,189,44047,160,20968,25,20803,4,2276,57,9459,132,18258,61,27717,California
San Benito,2021-05-03,359,44406,283,21251,66,20869,10,2286,86,9284,273,18531,98,27815,California
San Benito,2021-05-04,415,44821,256,21507,151,21020,8,2294,150,9178,263,18794,157,27972,California
San Benito,2021-05-05,612,45433,432,21939,164,21184,16,2310,217,9019,392,19186,233,28205,California
San Benito,2021-05-06,625,46058,497,22436,113,21297,15,2325,225,8863,396,19582,240,28445,California
San Benito,2021-05-07,454,46512,290,22726,154,21451,10,2335,174,8770,278,19860,185,28630,California
San Benito,2021-05-08,279,46791,228,22954,46,21497,5,2340,155,8806,124,19984,160,28790,California
San Benito,2021-05-09,108,46899,83,23037,22,21519,3,2343,48,8797,60,20044,51,28841,California
San Benito,2021-05-10,411,47310,322,23359,65,21584,24,2367,53,8517,358,20402,78,28919,California
San Benito,2021-05-11,837,48147,425,23784,396,21980,16,2383,191,8081,644,21046,208,29127,California
San Benito,2021-05-12,517,48664,412,24196,92,22072,13,2396,123,7825,393,21439,137,29264,California
San Benito,2021-05-13,738,49402,631,24827,90,22162,17,2413,212,7530,523,21962,228,29492,California
San Benito,2021-05-14,602,50004,445,25272,150,22312,7,2420,231,7399,369,22331,238,29730,California
San Benito,2021-05-15,228,50232,172,25444,50,22362,6,2426,127,7431,101,22432,133,29863,California
San Benito,2021-05-16,174,50406,146,25590,26,22388,2,2428,97,7453,77,22509,99,29962,California
San Benito,2021-05-17,387,50793,313,25903,65,22453,9,2437,176,7430,208,22717,185,30147,California
San Benito,2021-05-18,675,51468,355,26258,315,22768,5,2442,212,7185,463,23180,218,30365,California
San Benito,2021-05-19,572,52040,421,26679,143,22911,8,2450,231,7083,341,23521,239,30604,California
San Benito,2021-05-20,594,52634,470,27149,113,23024,11,2461,316,7133,277,23798,327,30931,California
San Benito,2021-05-21,466,53100,275,27424,175,23199,16,2477,213,7111,251,24049,229,31160,California
San Benito,2021-05-22,294,53394,222,27646,67,23266,5,2482,180,7185,112,24161,186,31346,California
San Benito,2021-05-23,99,53493,61,27707,34,23300,4,2486,36,7161,63,24224,39,31385,California
San Benito,2021-05-24,307,53800,258,27965,42,23342,7,2493,191,7243,116,24340,198,31583,California
San Benito,2021-05-25,526,54326,240,28205,279,23621,7,2500,169,7064,355,24695,176,31759,California
San Benito,2021-05-26,312,54638,196,28401,109,23730,7,2507,125,7009,186,24881,131,31890,California
San Benito,2021-05-27,408,55046,312,28713,73,23803,23,2530,151,6929,257,25138,177,32067,California
San Benito,2021-05-28,287,55333,177,28890,103,23906,7,2537,110,6870,176,25314,117,32184,California
San Benito,2021-05-29,146,55479,124,29014,20,23926,2,2539,61,6848,85,25399,63,32247,California
San Benito,2021-05-30,269,55748,253,29267,16,23942,0,2539,90,6760,178,25577,90,32337,California
San Benito,2021-05-31,100,55848,87,29354,11,23953,2,2541,43,6749,56,25633,45,32382,California
San Benito,2021-06-01,267,56115,121,29475,120,24073,26,2567,86,6680,180,25813,111,32493,California
San Benito,2021-06-02,322,56437,244,29719,76,24149,2,2569,110,6582,211,26024,113,32606,California
San Benito,2021-06-03,339,56776,288,30007,44,24193,7,2576,98,6448,239,26263,105,32711,California
San Benito,2021-06-04,272,57048,205,30212,67,24260,0,2576,86,6349,185,26448,86,32797,California
San Benito,2021-06-05,94,57142,76,30288,17,24277,1,2577,21,6299,72,26520,22,32819,California
San Benito,2021-06-06,59,57201,49,30337,7,24284,3,2580,13,6269,46,26566,16,32835,California
San Benito,2021-06-07,339,57540,299,30636,35,24319,5,2585,85,6107,252,26818,90,32925,California
San Benito,2021-06-08,309,57849,217,30853,77,24396,15,2600,94,6002,214,27032,109,33034,California
San Benito,2021-06-09,241,58090,189,31042,44,24440,8,2608,68,5905,173,27205,76,33110,California
San Benito,2021-06-10,359,58449,330,31372,22,24462,7,2615,72,5700,284,27489,79,33189,California
San Benito,2021-06-11,274,58723,233,31605,21,24483,20,2635,96,5639,177,27666,116,33305,California
San Benito,2021-06-12,161,58884,147,31752,10,24493,4,2639,51,5599,95,27761,55,33360,California
San Benito,2021-06-13,53,58937,41,31793,10,24503,2,2641,16,5587,30,27791,18,33378,California
San Benito,2021-06-14,180,59117,150,31943,25,24528,5,2646,61,5534,118,27909,65,33443,California
San Benito,2021-06-15,220,59337,127,32070,87,24615,6,2652,77,5477,141,28050,84,33527,California
San Benito,2021-06-16,214,59551,171,32241,29,24644,14,2666,73,5424,140,28190,87,33614,California
San Benito,2021-06-17,251,59802,207,32448,17,24661,27,2693,78,5357,173,28363,106,33720,California
San Benito,2021-06-18,159,59961,102,32550,50,24711,7,2700,64,5333,95,28458,71,33791,California
San Benito,2021-06-19,115,60076,109,32659,6,24717,0,2700,48,5314,67,28525,48,33839,California
San Benito,2021-06-20,38,60114,36,32695,2,24719,0,2700,18,5312,20,28545,18,33857,California
San Benito,2021-06-21,113,60227,83,32778,15,24734,15,2715,59,5332,53,28598,73,33930,California
San Benito,2021-06-22,207,60434,126,32904,60,24794,21,2736,75,5296,131,28729,95,34025,California
San Benito,2021-06-23,150,60584,113,33017,27,24821,10,2746,61,5278,89,28818,71,34096,California
San Benito,2021-06-24,190,60774,162,33179,15,24836,13,2759,81,5264,108,28926,94,34190,California
San Benito,2021-06-25,151,60925,120,33299,29,24865,2,2761,64,5244,87,29013,67,34257,California
San Benito,2021-06-26,76,61001,61,33360,14,24879,1,2762,33,5236,42,29055,34,34291,California
San Benito,2021-06-27,59,61060,52,33412,2,24881,5,2767,25,5232,34,29089,30,34321,California
San Benito,2021-06-28,123,61183,100,33512,19,24900,4,2771,51,5215,72,29161,55,34376,California
San Benito,2021-06-29,110,61293,55,33567,43,24943,12,2783,40,5197,70,29231,52,34428,California
San Benito,2021-06-30,75,61368,51,33618,18,24961,6,2789,28,5185,46,29277,34,34462,California
San Bernardino,2020-12-15,13,13,13,13,0,0,0,0,13,13,0,0,13,13,California
San Bernardino,2020-12-16,114,127,114,127,0,0,0,0,114,127,0,0,114,127,California
San Bernardino,2020-12-17,2376,2503,2376,2503,0,0,0,0,2375,2501,1,1,2375,2502,California
San Bernardino,2020-12-18,3173,5676,3170,5673,3,3,0,0,3173,5673,1,2,3173,5675,California
San Bernardino,2020-12-19,1076,6752,1075,6748,1,4,0,0,1077,6750,0,2,1077,6752,California
San Bernardino,2020-12-20,1183,7935,1179,7927,4,8,0,0,1183,7933,0,2,1183,7935,California
San Bernardino,2020-12-21,2462,10397,2455,10382,7,15,0,0,2462,10395,0,2,2462,10397,California
San Bernardino,2020-12-22,2282,12679,2153,12535,129,144,0,0,2283,12678,0,2,2283,12680,California
San Bernardino,2020-12-23,2675,15354,1467,14002,1208,1352,0,0,2673,15351,0,2,2673,15353,California
San Bernardino,2020-12-24,1161,16515,582,14584,579,1931,0,0,1162,16512,1,3,1162,16515,California
San Bernardino,2020-12-25,76,16591,15,14599,61,1992,0,0,76,16588,0,3,76,16591,California
San Bernardino,2020-12-26,466,17057,255,14854,211,2203,0,0,466,17054,0,3,466,17057,California
San Bernardino,2020-12-27,351,17408,164,15018,187,2390,0,0,350,17403,1,4,350,17407,California
San Bernardino,2020-12-28,1588,18996,717,15735,871,3261,0,0,1589,18992,0,4,1589,18996,California
San Bernardino,2020-12-29,2230,21226,1048,16783,1182,4443,0,0,2230,21222,0,4,2230,21226,California
San Bernardino,2020-12-30,2917,24143,1461,18244,1456,5899,0,0,2917,24139,0,4,2917,24143,California
San Bernardino,2020-12-31,1382,25525,441,18685,941,6840,0,0,1380,25519,0,4,1380,25523,California
San Bernardino,2021-01-01,288,25813,152,18837,136,6976,0,0,287,25806,0,4,287,25810,California
San Bernardino,2021-01-02,485,26298,345,19182,140,7116,0,0,485,26291,0,4,485,26295,California
San Bernardino,2021-01-03,142,26440,88,19270,54,7170,0,0,142,26433,0,4,142,26437,California
San Bernardino,2021-01-04,2145,28585,1293,20563,852,8022,0,0,2144,28577,0,4,2144,28581,California
San Bernardino,2021-01-05,2345,30930,1462,22025,883,8905,0,0,2233,30700,110,114,2233,30814,California
San Bernardino,2021-01-06,3465,34395,2363,24388,1102,10007,0,0,2964,33171,494,608,2965,33779,California
San Bernardino,2021-01-07,5452,39847,4519,28907,933,10940,0,0,2488,32714,2945,3553,2488,36267,California
San Bernardino,2021-01-08,5398,45245,4468,33375,930,11870,0,0,2297,31915,3097,6650,2298,38565,California
San Bernardino,2021-01-09,1411,46656,1105,34480,306,12176,0,0,909,32322,502,7152,909,39474,California
San Bernardino,2021-01-10,1030,47686,601,35081,429,12605,0,0,578,32448,452,7604,578,40052,California
San Bernardino,2021-01-11,4997,52683,4084,39165,913,13518,0,0,2779,33014,2213,9817,2779,42831,California
San Bernardino,2021-01-12,4254,56937,3230,42395,1024,14542,0,0,2528,33818,1724,11541,2528,45359,California
San Bernardino,2021-01-13,4607,61544,2869,45264,1738,16280,0,0,3381,35986,1214,12755,3382,48741,California
San Bernardino,2021-01-14,4877,66421,2884,48148,1993,18273,0,0,4290,39693,583,13338,4290,53031,California
San Bernardino,2021-01-15,6001,72422,2961,51109,3040,21313,0,0,5599,44903,392,13730,5602,58633,California
San Bernardino,2021-01-16,2276,74698,1292,52401,984,22297,0,0,2132,46891,144,13874,2132,60765,California
San Bernardino,2021-01-17,1191,75889,508,52909,683,22980,0,0,1108,47918,82,13956,1109,61874,California
San Bernardino,2021-01-18,4287,80176,2648,55557,1639,24619,0,0,3657,50947,630,14586,3659,65533,California
San Bernardino,2021-01-19,6357,86533,3716,59273,2641,27260,0,0,5261,55116,1094,15680,5263,70796,California
San Bernardino,2021-01-20,6912,93445,3793,63066,3119,30379,0,0,4943,58102,1959,17639,4945,75741,California
San Bernardino,2021-01-21,6037,99482,3101,66167,2936,33315,0,0,4904,61886,1123,18762,4907,80648,California
San Bernardino,2021-01-22,6602,106084,3090,69257,3512,36827,0,0,5871,67029,729,19491,5872,86520,California
San Bernardino,2021-01-23,3140,109224,1899,71156,1241,38068,0,0,2730,69351,408,19899,2730,89250,California
San Bernardino,2021-01-24,1210,110434,462,71618,748,38816,0,0,1106,70353,104,20003,1106,90356,California
San Bernardino,2021-01-25,6921,117355,3416,75034,3505,42321,0,0,5059,73557,1858,21861,5062,95418,California
San Bernardino,2021-01-26,7110,124465,3544,78578,3566,45887,0,0,5004,76458,2105,23966,5006,100424,California
San Bernardino,2021-01-27,8570,133035,4148,82726,4422,50309,0,0,5733,79364,2827,26793,5733,106157,California
San Bernardino,2021-01-28,8650,141685,4086,86812,4564,54873,0,0,6307,83334,2337,29130,6307,112464,California
San Bernardino,2021-01-29,8229,149914,3752,90564,4477,59350,0,0,6234,87590,1979,31109,6235,118699,California
San Bernardino,2021-01-30,3092,153006,1873,92437,1219,60569,0,0,2799,90098,292,31401,2800,121499,California
San Bernardino,2021-01-31,924,153930,478,92915,446,61015,0,0,861,90899,60,31461,861,122360,California
San Bernardino,2021-02-01,7634,161564,4259,97174,3375,64390,0,0,4953,93177,2676,34137,4954,127314,California
San Bernardino,2021-02-02,10560,172124,3684,100858,6876,71266,0,0,8452,99527,2104,36241,8454,135768,California
San Bernardino,2021-02-03,9100,181224,4170,105028,4930,76196,0,0,6568,103572,2524,38765,6569,142337,California
San Bernardino,2021-02-04,10605,191829,5217,110245,5388,81584,0,0,7476,107931,3118,41883,7477,149814,California
San Bernardino,2021-02-05,11140,202969,5971,116216,5169,86753,0,0,7549,111902,3579,45462,7550,157364,California
San Bernardino,2021-02-06,5293,208262,2223,118439,3070,89823,0,0,3648,113938,1615,47077,3651,161015,California
San Bernardino,2021-02-07,852,209114,494,118933,358,90181,0,0,476,114042,373,47450,477,161492,California
San Bernardino,2021-02-08,7323,216437,3898,122831,3425,93606,0,0,5634,117988,1688,49138,5634,167126,California
San Bernardino,2021-02-09,10168,226605,5907,128738,4261,97867,0,0,6846,121517,3321,52459,6850,173976,California
San Bernardino,2021-02-10,12180,238785,6489,135227,5691,103558,0,0,8014,125378,4154,56613,8015,181991,California
San Bernardino,2021-02-11,12542,251327,7182,142409,5360,108918,0,0,7968,128803,4547,61160,7972,189963,California
San Bernardino,2021-02-12,10602,261929,5998,148407,4604,113522,0,0,5778,129784,4800,65960,5781,195744,California
San Bernardino,2021-02-13,6127,268056,4077,152484,2050,115572,0,0,3839,131361,2267,68227,3844,199588,California
San Bernardino,2021-02-14,1575,269631,664,153148,911,116483,0,0,882,131558,686,68913,883,200471,California
San Bernardino,2021-02-15,5522,275153,3018,156166,2504,118987,0,0,3080,132210,2428,71341,3080,203551,California
San Bernardino,2021-02-16,12750,287903,7448,163614,5302,124289,0,0,8021,135523,4712,76053,8025,211576,California
San Bernardino,2021-02-17,11935,299838,6536,170150,5399,129688,0,0,7191,137997,4722,80775,7196,218772,California
San Bernardino,2021-02-18,12607,312445,7652,177802,4955,134643,0,0,7771,140959,4812,85587,7774,226546,California
San Bernardino,2021-02-19,11817,324262,6058,183860,5759,140402,0,0,6961,143101,4821,90408,6963,233509,California
San Bernardino,2021-02-20,4606,328868,3536,187396,1070,141472,0,0,2062,142645,2524,92932,2068,235577,California
San Bernardino,2021-02-21,1167,330035,699,188095,468,141940,0,0,410,142302,755,93687,412,235989,California
San Bernardino,2021-02-22,8893,338928,5490,193585,3403,145343,0,0,4129,141692,4742,98429,4132,240121,California
San Bernardino,2021-02-23,9635,348563,5858,199443,3777,149120,0,0,4872,141833,4737,103166,4878,244999,California
San Bernardino,2021-02-24,12611,361174,7250,206693,5361,154481,0,0,6214,141678,6375,109541,6220,251219,California
San Bernardino,2021-02-25,13161,374335,6305,212998,6856,161337,0,0,7657,143852,5487,115028,7661,258880,California
San Bernardino,2021-02-26,13736,388071,6395,219393,7341,168678,0,0,7654,145496,6018,121046,7662,266542,California
San Bernardino,2021-02-27,6706,394777,3751,223144,2954,171632,1,1,4820,148448,1873,122919,4825,271367,California
San Bernardino,2021-02-28,1788,396565,748,223892,1040,172672,0,1,1146,148964,632,123551,1148,272515,California
San Bernardino,2021-03-01,8510,405075,4389,228281,4116,176788,5,6,3866,148230,4616,128167,3882,276397,California
San Bernardino,2021-03-02,13936,419011,5583,233864,8353,185141,0,6,6546,147432,7354,135521,6556,282953,California
San Bernardino,2021-03-03,13156,432167,6696,240560,6456,191597,4,10,6206,146725,6926,142447,6219,289172,California
San Bernardino,2021-03-04,13999,446166,6943,247503,7055,198652,1,11,6072,144902,7904,150351,6081,295253,California
San Bernardino,2021-03-05,14497,460663,7574,255077,6921,205573,2,13,7062,144589,7398,157749,7085,302338,California
San Bernardino,2021-03-06,9760,470423,5479,260556,4056,209629,225,238,4555,144180,5186,162935,4777,307115,California
San Bernardino,2021-03-07,1690,472113,1022,261578,596,210225,72,310,1064,144695,624,163559,1139,308254,California
San Bernardino,2021-03-08,8142,480255,3603,265181,4368,214593,171,481,3616,143970,4517,168076,3792,312046,California
San Bernardino,2021-03-09,13132,493387,7504,272685,5377,219970,251,732,5283,141671,7835,175911,5536,317582,California
San Bernardino,2021-03-10,14244,507631,7870,280555,5819,225789,555,1287,6366,140744,7851,183762,6924,324506,California
San Bernardino,2021-03-11,15685,523316,7266,287821,6813,232602,1606,2893,7389,141462,8274,192036,8992,333498,California
San Bernardino,2021-03-12,15634,538950,6966,294787,6617,239219,2051,4944,7351,142669,8240,200276,9447,342945,California
San Bernardino,2021-03-13,8410,547360,4579,299366,3314,242533,517,5461,4968,144735,3421,203697,5487,348432,California
San Bernardino,2021-03-14,3310,550670,1681,301047,1046,243579,583,6044,1843,145697,1460,205157,2422,350854,California
San Bernardino,2021-03-15,11443,562113,5403,306450,4006,247585,2034,8078,5427,147157,5996,211153,7456,358310,California
San Bernardino,2021-03-16,16270,578383,8054,314504,7274,254859,942,9020,9862,151591,6377,217530,10811,369121,California
San Bernardino,2021-03-17,17507,595890,8702,323206,8055,262914,750,9770,10569,155997,6913,224443,11319,380440,California
San Bernardino,2021-03-18,16775,612665,8297,331503,8087,271001,391,10161,9900,159441,6843,231286,10287,390727,California
San Bernardino,2021-03-19,17118,629783,8497,340000,8022,279023,599,10760,9793,162588,7295,238581,10442,401169,California
San Bernardino,2021-03-20,9561,639344,5984,345984,2977,282000,600,11360,5673,164995,3860,242441,6267,407436,California
San Bernardino,2021-03-21,2849,642193,2303,348287,495,282495,51,11411,2279,166768,557,242998,2330,409766,California
San Bernardino,2021-03-22,9740,651933,4600,352887,4704,287199,436,11847,7048,171584,2668,245666,7484,417250,California
San Bernardino,2021-03-23,15657,667590,8888,361775,6149,293348,620,12467,9656,175887,5970,251636,10273,427523,California
San Bernardino,2021-03-24,15220,682810,7837,369612,7077,300425,306,12773,10031,181078,5147,256783,10338,437861,California
San Bernardino,2021-03-25,17124,699934,8386,377998,8433,308858,305,13078,10797,185903,6271,263054,11096,448957,California
San Bernardino,2021-03-26,18240,718174,8673,386671,8797,317655,770,13848,10881,190228,7328,270382,11653,460610,California
San Bernardino,2021-03-27,10886,729060,7023,393694,3108,320763,755,14603,6187,192493,4675,275057,6940,467550,California
San Bernardino,2021-03-28,3652,732712,2563,396257,974,321737,115,14718,2528,194022,1114,276171,2643,470193,California
San Bernardino,2021-03-29,11824,744536,6142,402399,5280,327017,402,15120,7965,198553,3835,280006,8366,478559,California
San Bernardino,2021-03-30,17035,761571,9511,411910,6805,333822,719,15839,10534,203333,6462,286468,11242,489801,California
San Bernardino,2021-03-31,16651,778222,9376,421286,6633,340455,642,16481,10880,209116,5736,292204,11519,501320,California
San Bernardino,2021-04-01,19880,798102,10490,431776,7961,348416,1429,17910,12732,216169,7099,299303,14152,515472,California
San Bernardino,2021-04-02,18935,817037,9543,441319,8097,356513,1295,19205,11416,221434,7487,306790,12752,528224,California
San Bernardino,2021-04-03,11187,828224,6993,448312,3047,359560,1147,20352,6081,223567,5085,311875,7218,535442,California
San Bernardino,2021-04-04,2513,830737,1516,449828,746,360306,251,20603,1260,223834,1244,313119,1511,536953,California
San Bernardino,2021-04-05,11870,842607,5314,455142,4776,365082,1780,22383,6037,225836,5808,318927,7810,544763,California
San Bernardino,2021-04-06,19874,862481,11178,466320,6567,371649,2129,24512,10482,229091,9344,328271,12599,557362,California
San Bernardino,2021-04-07,21211,883692,11390,477710,7317,378966,2504,27016,11527,233456,9649,337920,14014,571376,California
San Bernardino,2021-04-08,22107,905799,11335,489045,8133,387099,2639,29655,12104,238215,9972,347892,14731,586107,California
San Bernardino,2021-04-09,21994,927793,11181,500226,8181,395280,2632,32287,11920,242718,10033,357925,14536,600643,California
San Bernardino,2021-04-10,15739,943532,8145,508371,3870,399150,3724,36011,7812,246335,7903,365828,11520,612163,California
San Bernardino,2021-04-11,4455,947987,2594,510965,894,400044,967,36978,2045,246937,2403,368231,3005,615168,California
San Bernardino,2021-04-12,13534,961521,6249,517214,5613,405657,1672,38650,6408,247912,7100,375331,8075,623243,California
San Bernardino,2021-04-13,19489,981010,11109,528323,8361,414018,19,38669,11191,250857,8268,383599,11213,634456,California
San Bernardino,2021-04-14,19546,1000556,10444,538767,9099,423117,3,38672,11011,253379,8495,392094,11017,645473,California
San Bernardino,2021-04-15,20633,1021189,11532,550299,9095,432212,6,38678,10930,254655,9661,401755,10937,656410,California
San Bernardino,2021-04-16,18900,1040089,10706,561005,8193,440405,1,38679,9258,254319,9595,411350,9259,665669,California
San Bernardino,2021-04-17,12087,1052176,7970,568975,4117,444522,0,38679,6281,254840,5760,417110,6281,671950,California
San Bernardino,2021-04-18,3234,1055410,2307,571282,927,445449,0,38679,1380,254379,1841,418951,1380,673330,California
San Bernardino,2021-04-19,12733,1068143,6802,578084,5931,451380,0,38679,4933,251543,7774,426725,4938,678268,California
San Bernardino,2021-04-20,18294,1086437,10364,588448,7927,459307,3,38682,8275,249835,9988,436713,8280,686548,California
San Bernardino,2021-04-21,19108,1105545,11236,599684,7870,467177,2,38684,8329,247459,10710,447423,8334,694882,California
San Bernardino,2021-04-22,19675,1125220,11399,611083,8272,475449,4,38688,7966,243779,11653,459076,7973,702855,California
San Bernardino,2021-04-23,18946,1144166,10992,622075,7953,483402,1,38689,8236,241365,10653,469729,8239,711094,California
San Bernardino,2021-04-24,12863,1157029,9486,631561,3375,486777,2,38691,6910,242340,5937,475666,6912,718006,California
San Bernardino,2021-04-25,3424,1160453,2238,633799,1186,487963,0,38691,1678,242291,1729,477395,1680,719686,California
San Bernardino,2021-04-26,11366,1171819,6213,640012,5063,493026,90,38781,4836,240730,6488,483883,4927,724613,California
San Bernardino,2021-04-27,16755,1188574,10175,650187,6368,499394,212,38993,6882,237995,9829,493712,7094,731707,California
San Bernardino,2021-04-28,15106,1203680,9090,659277,5738,505132,278,39271,5470,234124,9610,503322,5739,737446,California
San Bernardino,2021-04-29,16618,1220298,9699,668976,6651,511783,268,39539,5577,228963,11003,514325,5842,743288,California
San Bernardino,2021-04-30,16876,1237174,10752,679728,5843,517626,281,39820,6269,224945,10566,524891,6548,749836,California
San Bernardino,2021-05-01,10788,1247962,8430,688158,2043,519669,315,40135,3736,221946,7045,531936,4046,753882,California
San Bernardino,2021-05-02,2951,1250913,2135,690293,685,520354,131,40266,1050,221236,1890,533826,1180,755062,California
San Bernardino,2021-05-03,10070,1260983,5794,696087,3872,524226,404,40670,2907,217395,7152,540978,3311,758373,California
San Bernardino,2021-05-04,16055,1277038,9852,705939,5746,529972,457,41127,4688,211214,11323,552301,5142,763515,California
San Bernardino,2021-05-05,15748,1292786,9206,715145,6129,536101,413,41540,4451,204825,11248,563549,4859,768374,California
San Bernardino,2021-05-06,16076,1308862,9263,724408,6398,542499,415,41955,4400,198006,11632,575181,4813,773187,California
San Bernardino,2021-05-07,15701,1324563,8875,733283,6448,548947,378,42333,4669,192076,10973,586154,5043,778230,California
San Bernardino,2021-05-08,9587,1334150,6432,739715,2888,551835,267,42600,3300,189391,6252,592406,3567,781797,California
San Bernardino,2021-05-09,2079,1336229,1377,741092,612,552447,90,42690,833,189075,1239,593645,923,782720,California
San Bernardino,2021-05-10,7685,1343914,3562,744654,3805,556252,318,43008,2367,186486,5271,598916,2682,785402,California
San Bernardino,2021-05-11,12600,1356514,7086,751740,5155,561407,359,43367,4040,182370,8516,607432,4400,789802,California
San Bernardino,2021-05-12,12837,1369351,7037,758777,5484,566891,316,43683,3654,177206,9133,616565,3969,793771,California
San Bernardino,2021-05-13,13514,1382865,8209,766986,4953,571844,352,44035,5296,174675,8172,624737,5641,799412,California
San Bernardino,2021-05-14,13999,1396864,9366,776352,4294,576138,339,44374,5817,172706,8125,632862,6156,805568,California
San Bernardino,2021-05-15,11435,1408299,8519,784871,2727,578865,189,44563,4654,170795,6748,639610,4837,810405,California
San Bernardino,2021-05-16,3118,1411417,2376,787247,680,579545,62,44625,1559,170876,1540,641150,1621,812026,California
San Bernardino,2021-05-17,10099,1421516,6816,794063,2990,582535,293,44918,4496,170094,5567,646717,4785,816811,California
San Bernardino,2021-05-18,13784,1435300,9160,803223,4376,586911,248,45166,6181,168944,7575,654292,6425,823236,California
San Bernardino,2021-05-19,11559,1446859,7237,810460,3942,590853,380,45546,5213,168224,6308,660600,5588,828824,California
San Bernardino,2021-05-20,11627,1458486,6960,817420,4350,595203,317,45863,5030,167015,6556,667156,5347,834171,California
San Bernardino,2021-05-21,12616,1471102,8350,825770,3884,599087,382,46245,5347,165525,7215,674371,5725,839896,California
San Bernardino,2021-05-22,8938,1480040,6702,832472,2028,601115,208,46453,4280,165399,4610,678981,4484,844380,California
San Bernardino,2021-05-23,2442,1482482,1556,834028,794,601909,92,46545,1135,165329,1296,680277,1226,845606,California
San Bernardino,2021-05-24,6972,1489454,4464,838492,2202,604111,306,46851,3088,164894,3828,684105,3393,848999,California
San Bernardino,2021-05-25,9333,1498787,5729,844221,3348,607459,256,47107,4102,164055,5194,689299,4355,853354,California
San Bernardino,2021-05-26,8249,1507036,5239,849460,2760,610219,250,47357,3744,163582,4461,693760,3988,857342,California
San Bernardino,2021-05-27,7671,1514707,4661,854121,2773,612992,237,47594,3454,163095,4178,697938,3691,861033,California
San Bernardino,2021-05-28,8813,1523520,5479,859600,3055,616047,279,47873,4372,163349,4395,702333,4649,865682,California
San Bernardino,2021-05-29,5059,1528579,3377,862977,1563,617610,119,47992,2562,163552,2477,704810,2680,868362,California
San Bernardino,2021-05-30,1749,1530328,1240,864217,430,618040,79,48071,850,163588,892,705702,928,869290,California
San Bernardino,2021-05-31,896,1531224,568,864785,311,618351,17,48088,318,163351,573,706275,336,869626,California
San Bernardino,2021-06-01,8655,1539879,5559,870344,2849,621200,247,48335,3365,161727,5233,711508,3609,873235,California
San Bernardino,2021-06-02,6840,1546719,4304,874648,2295,623495,241,48576,2878,160913,3929,715437,3115,876350,California
San Bernardino,2021-06-03,7977,1554696,5384,880032,2395,625890,198,48774,2702,158562,5251,720688,2900,879250,California
San Bernardino,2021-06-04,9148,1563844,6188,886220,2668,628558,292,49066,3140,156033,5960,726648,3431,882681,California
San Bernardino,2021-06-05,6554,1570398,5007,891227,1421,629979,126,49192,2243,154111,4288,730936,2366,885047,California
San Bernardino,2021-06-06,2027,1572425,1689,892916,274,630253,64,49256,663,153483,1355,732291,727,885774,California
San Bernardino,2021-06-07,6289,1578714,4892,897808,1183,631436,214,49470,1955,151339,4311,736602,2167,887941,California
San Bernardino,2021-06-08,8441,1587155,6127,903935,2089,633525,225,49695,2609,148402,5766,742368,2829,890770,California
San Bernardino,2021-06-09,6997,1594152,4980,908915,1825,635350,192,49887,2262,146173,4684,747052,2455,893225,California
San Bernardino,2021-06-10,7093,1601245,5009,913924,1880,637230,204,50091,2228,143787,4817,751869,2431,895656,California
San Bernardino,2021-06-11,8058,1609303,5625,919549,2201,639431,232,50323,2909,141824,5102,756971,3139,898795,California
San Bernardino,2021-06-12,5898,1615201,4646,924195,1130,640561,122,50445,1710,139492,4166,761137,1834,900629,California
San Bernardino,2021-06-13,1495,1616696,1062,925257,362,640923,71,50516,402,138875,1089,762226,472,901101,California
San Bernardino,2021-06-14,4922,1621618,3552,928809,1150,642073,220,50736,1799,137797,3095,765321,2017,903118,California
San Bernardino,2021-06-15,7177,1628795,5073,933882,1855,643928,249,50985,2561,136037,4565,769886,2805,905923,California
San Bernardino,2021-06-16,6361,1635156,4532,938414,1607,645535,222,51207,2332,134610,3982,773868,2555,908478,California
San Bernardino,2021-06-17,5648,1640804,3969,942383,1517,647052,162,51369,2202,133565,3408,777276,2363,910841,California
San Bernardino,2021-06-18,6872,1647676,4615,946998,2017,649069,240,51609,2574,132116,4260,781536,2811,913652,California
San Bernardino,2021-06-19,4061,1651737,3035,950033,895,649964,131,51740,1748,131703,2290,783826,1877,915529,California
San Bernardino,2021-06-20,1466,1653203,1127,951160,279,650243,60,51800,585,131474,874,784700,645,916174,California
San Bernardino,2021-06-21,3563,1656766,2304,953464,1034,651277,225,52025,1995,132140,1552,786252,2218,918392,California
San Bernardino,2021-06-22,5678,1662444,3868,957332,1594,652871,216,52241,2275,131259,3374,789626,2493,920885,California
San Bernardino,2021-06-23,5038,1667482,3571,960903,1271,654142,196,52437,2120,130681,2890,792516,2312,923197,California
San Bernardino,2021-06-24,4864,1672346,3375,964278,1279,655421,210,52647,2080,130212,2754,795270,2285,925482,California
San Bernardino,2021-06-25,5768,1678114,4100,968378,1464,656885,204,52851,2521,129713,3221,798491,2722,928204,California
San Bernardino,2021-06-26,3576,1681690,2727,971105,775,657660,74,52925,1666,129563,1889,800380,1739,929943,California
San Bernardino,2021-06-27,1445,1683135,1149,972254,244,657904,52,52977,679,129534,760,801140,731,930674,California
San Bernardino,2021-06-28,3458,1686593,2723,974977,586,658490,149,53126,1700,129638,1744,802884,1848,932522,California
San Bernardino,2021-06-29,5159,1691752,3749,978726,1235,659725,175,53301,2338,129346,2799,805683,2507,935029,California
San Bernardino,2021-06-30,3017,1694769,2256,980982,633,660358,128,53429,1469,129406,1534,807217,1594,936623,California
San Diego,2020-12-15,119,119,119,119,0,0,0,0,119,119,0,0,119,119,California
San Diego,2020-12-16,1074,1193,1074,1193,0,0,0,0,1074,1193,0,0,1074,1193,California
San Diego,2020-12-17,2325,3518,2325,3518,0,0,0,0,2325,3518,0,0,2325,3518,California
San Diego,2020-12-18,3607,7125,3606,7124,1,1,0,0,3607,7125,0,0,3607,7125,California
San Diego,2020-12-19,2269,9394,2269,9393,0,1,0,0,2269,9394,0,0,2269,9394,California
San Diego,2020-12-20,1148,10542,1147,10540,1,2,0,0,1148,10542,0,0,1148,10542,California
San Diego,2020-12-21,3458,14000,3456,13996,2,4,0,0,3458,14000,0,0,3458,14000,California
San Diego,2020-12-22,4020,18020,3383,17379,637,641,0,0,4020,18020,0,0,4020,18020,California
San Diego,2020-12-23,3157,21177,1956,19335,1201,1842,0,0,3157,21177,0,0,3157,21177,California
San Diego,2020-12-24,2704,23881,2190,21525,514,2356,0,0,2704,23881,0,0,2704,23881,California
San Diego,2020-12-25,857,24738,856,22381,1,2357,0,0,857,24738,0,0,857,24738,California
San Diego,2020-12-26,3199,27937,2129,24510,1070,3427,0,0,3199,27937,0,0,3199,27937,California
San Diego,2020-12-27,2479,30416,1594,26104,885,4312,0,0,2478,30414,1,1,2478,30415,California
San Diego,2020-12-28,5833,36249,4157,30261,1676,5988,0,0,5833,36247,0,1,5833,36248,California
San Diego,2020-12-29,5497,41746,2943,33204,2554,8542,0,0,5497,41744,0,1,5497,41745,California
San Diego,2020-12-30,5851,47597,3048,36252,2803,11345,0,0,5851,47595,0,1,5851,47596,California
San Diego,2020-12-31,2969,50566,1029,37281,1940,13285,0,0,2969,50564,0,1,2969,50565,California
San Diego,2021-01-01,992,51558,442,37723,550,13835,0,0,992,51556,0,1,992,51557,California
San Diego,2021-01-02,3666,55224,1287,39010,2379,16214,0,0,3666,55222,0,1,3666,55223,California
San Diego,2021-01-03,833,56057,621,39631,212,16426,0,0,832,56054,0,1,832,56055,California
San Diego,2021-01-04,3644,59701,2019,41650,1625,18051,0,0,3638,59692,0,1,3638,59693,California
San Diego,2021-01-05,4295,63996,2143,43793,2152,20203,0,0,3712,62836,580,581,3724,63417,California
San Diego,2021-01-06,4833,68829,2247,46040,2586,22789,0,0,3638,65304,1174,1755,3642,67059,California
San Diego,2021-01-07,5549,74378,2931,48971,2618,25407,0,0,3434,66637,2110,3865,3443,70502,California
San Diego,2021-01-08,7802,82180,4895,53866,2907,28314,0,0,4068,67004,3718,7583,4085,74587,California
San Diego,2021-01-09,3419,85599,1909,55775,1510,29824,0,0,1893,67392,1516,9099,1904,76491,California
San Diego,2021-01-10,1847,87446,1277,57052,570,30394,0,0,757,67081,1078,10177,767,77258,California
San Diego,2021-01-11,10192,97638,5792,62844,4400,34794,0,0,6707,70328,3478,13655,6725,83983,California
San Diego,2021-01-12,11002,108640,5259,68103,5743,40537,0,0,7659,74763,3334,16989,7769,91752,California
San Diego,2021-01-13,11288,119928,4986,73089,6302,46839,0,0,8772,81057,2505,19494,8799,100551,California
San Diego,2021-01-14,11956,131884,4516,77605,7440,54279,0,0,9834,88810,2115,21609,9868,110419,California
San Diego,2021-01-15,14788,146672,5232,82837,9556,63835,0,0,12188,98474,2582,24191,12246,122665,California
San Diego,2021-01-16,10531,157203,3550,86387,6981,70816,0,0,9099,106177,1428,25619,9131,131796,California
San Diego,2021-01-17,8472,165675,2432,88819,6040,76856,0,0,7646,113016,826,26445,7665,139461,California
San Diego,2021-01-18,12661,178336,6221,95040,6440,83296,0,0,9852,120155,2778,29223,9917,149378,California
San Diego,2021-01-19,14408,192744,5626,100666,8782,92078,0,0,11315,128647,3084,32307,11576,160954,California
San Diego,2021-01-20,18070,210814,6332,106998,11738,103816,0,0,14771,140323,3279,35586,14955,175909,California
San Diego,2021-01-21,17031,227845,5744,112742,11287,115103,0,0,15664,154773,1358,36944,15808,191717,California
San Diego,2021-01-22,17203,245048,4583,117325,12620,127723,0,0,15204,168076,1986,38930,15289,207006,California
San Diego,2021-01-23,14060,259108,5201,122526,8859,136582,0,0,11793,177676,2255,41185,11855,218861,California
San Diego,2021-01-24,11570,270678,3248,125774,8322,144904,0,0,10608,187367,960,42145,10651,229512,California
San Diego,2021-01-25,11982,282660,5669,131443,6313,151217,0,0,9007,193565,2966,45111,9164,238676,California
San Diego,2021-01-26,14961,297621,7813,139256,7148,158365,0,0,11575,201947,3384,48495,11766,250442,California
San Diego,2021-01-27,20160,317781,7829,147085,12331,170696,0,0,17169,216282,2982,51477,17317,267759,California
San Diego,2021-01-28,20898,338679,7587,154672,13311,184007,0,0,18650,232783,2237,53714,18738,286497,California
San Diego,2021-01-29,19220,357899,6307,160979,12913,196920,0,0,16782,247192,2425,56139,16834,303331,California
San Diego,2021-01-30,15426,373325,3505,164484,11921,208841,0,0,12771,257428,2641,58780,12877,316208,California
San Diego,2021-01-31,14486,387811,5698,170182,8788,217629,0,0,14135,271249,346,59126,14167,330375,California
San Diego,2021-02-01,20470,408281,7482,177664,12988,230617,0,0,16962,284799,3489,62615,17039,347414,California
San Diego,2021-02-02,22497,430778,8287,185951,14210,244827,0,0,19263,301001,3226,65841,19428,366842,California
San Diego,2021-02-03,27211,457989,11695,197646,15516,260343,0,0,22983,319961,4207,70048,23167,390009,California
San Diego,2021-02-04,23808,481797,9808,207454,14000,274343,0,0,19259,334964,4534,74582,19537,409546,California
San Diego,2021-02-05,24238,506035,8598,216052,15640,289983,0,0,17825,346856,6388,80970,18280,427826,California
San Diego,2021-02-06,20396,526431,8448,224500,11948,301931,0,0,17186,361056,3207,84177,17407,445233,California
San Diego,2021-02-07,11898,538329,5307,229807,6591,308522,0,0,10054,369529,1833,86010,10306,455539,California
San Diego,2021-02-08,19790,558119,8416,238223,11374,319896,0,0,12427,375281,7349,93359,13101,468640,California
San Diego,2021-02-09,20145,578264,8238,246461,11907,331803,0,0,12969,382148,7156,100515,14023,482663,California
San Diego,2021-02-10,22612,600876,9267,255728,13345,345148,0,0,13633,388204,8928,109443,14984,497647,California
San Diego,2021-02-11,23465,624341,10080,265808,13385,358533,0,0,12553,391529,10888,120331,14213,511860,California
San Diego,2021-02-12,23268,647609,7279,273087,15989,374522,0,0,11544,393613,11706,132037,13790,525650,California
San Diego,2021-02-13,19739,667348,8960,282047,10779,385301,0,0,10739,396528,8989,141026,11904,537554,California
San Diego,2021-02-14,11020,678368,7325,289372,3695,388996,0,0,6131,399266,4885,145911,7623,545177,California
San Diego,2021-02-15,14970,693338,7563,296935,7407,396403,0,0,7583,402524,7365,153276,10623,555800,California
San Diego,2021-02-16,19000,712338,11088,308023,7912,404315,0,0,9039,404550,9949,163225,11975,567775,California
San Diego,2021-02-17,22966,735304,10737,318760,12229,416544,0,0,7847,400285,15104,178329,10839,578614,California
San Diego,2021-02-18,23282,758586,11912,330672,11370,427914,0,0,7638,396311,15633,193962,11659,590273,California
San Diego,2021-02-19,15663,774249,10894,341566,4769,432683,0,0,6368,395345,9267,203229,8301,598574,California
San Diego,2021-02-20,10072,784321,6307,347873,3765,436448,0,0,5621,398402,4443,207672,7500,606074,California
San Diego,2021-02-21,11430,795751,10023,357896,1407,437855,0,0,5027,398524,6395,214067,6517,612591,California
San Diego,2021-02-22,12252,808003,10452,368348,1800,439655,0,0,5581,399082,6658,220725,7216,619807,California
San Diego,2021-02-23,25211,833214,14099,382447,11112,450767,0,0,9220,398142,15981,236706,15041,634848,California
San Diego,2021-02-24,28469,861683,12592,395039,15877,466644,0,0,6627,390276,21822,258528,13956,648804,California
San Diego,2021-02-25,32512,894195,14418,409457,18094,484738,0,0,9793,385660,22697,281225,18081,666885,California
San Diego,2021-02-26,32686,926881,12133,421590,20553,505291,0,0,11670,383351,20982,302207,18673,685558,California
San Diego,2021-02-27,20719,947600,9367,430957,11352,516643,0,0,11104,389014,9609,311816,15272,700830,California
San Diego,2021-02-28,14918,962518,9752,440709,5166,521809,0,0,9253,395327,5664,317480,11977,712807,California
San Diego,2021-03-01,23959,986477,14133,454842,9825,531634,1,1,14516,404276,9363,326843,18312,731119,California
San Diego,2021-03-02,25814,1012291,13895,468737,11919,543553,0,1,12564,410208,13238,340081,19170,750289,California
San Diego,2021-03-03,33530,1045821,15783,484520,17744,561297,3,4,13831,411207,19673,359754,20672,770961,California
San Diego,2021-03-04,27850,1073671,13886,498406,13964,575261,0,4,12395,414808,15434,375188,19035,789996,California
San Diego,2021-03-05,28475,1102146,14669,513075,13726,588987,80,84,13300,419617,15147,390335,19956,809952,California
San Diego,2021-03-06,23039,1125185,9409,522484,12933,601920,697,781,10170,422221,12855,403190,15459,825411,California
San Diego,2021-03-07,17945,1143130,9137,531621,8240,610160,568,1349,6823,422072,11109,414299,10960,836371,California
San Diego,2021-03-08,22721,1165851,11052,542673,10763,620923,906,2255,11279,427595,11421,425720,16944,853315,California
San Diego,2021-03-09,25432,1191283,11709,554382,11970,632893,1753,4008,9957,427705,15458,441178,15568,868883,California
San Diego,2021-03-10,25087,1216370,10511,564893,12191,645084,2385,6393,9924,428850,15147,456325,16292,885175,California
San Diego,2021-03-11,28070,1244440,10788,575681,13760,658844,3522,9915,9770,427763,18275,474600,17188,902363,California
San Diego,2021-03-12,26881,1271321,9412,585093,14373,673217,3096,13011,9819,427242,17049,491649,16528,918891,California
San Diego,2021-03-13,25885,1297206,7201,592294,16925,690142,1759,14770,10015,427242,15865,507514,15865,934756,California
San Diego,2021-03-14,13690,1310896,5412,597706,7544,697686,734,15504,4768,426099,8913,516427,7770,942526,California
San Diego,2021-03-15,21767,1332663,10034,607740,10950,708636,783,16287,8964,426099,12785,529212,12785,955311,California
San Diego,2021-03-16,29553,1362216,15484,623224,13654,722290,415,16702,15610,431166,13919,543131,18986,974297,California
San Diego,2021-03-17,26397,1388613,12138,635362,13542,735832,717,17419,16961,441455,9419,552550,19708,994005,California
San Diego,2021-03-18,31125,1419738,17505,652867,12697,748529,923,18342,16948,446675,14142,566692,19362,1013367,California
San Diego,2021-03-19,30092,1449830,14263,667130,14776,763305,1053,19395,19283,457407,10788,577480,21520,1034887,California
San Diego,2021-03-20,27670,1477500,8417,675547,17479,780784,1774,21169,21330,475264,6327,583807,24184,1059071,California
San Diego,2021-03-21,16275,1493775,11868,687415,3712,784496,695,21864,7651,476315,8610,592417,9661,1068732,California
San Diego,2021-03-22,22399,1516174,13058,700473,9055,793551,286,22150,14271,485506,8115,600532,17306,1086038,California
San Diego,2021-03-23,25712,1541886,13484,713957,11942,805493,286,22436,17024,496165,8674,609206,19333,1105371,California
San Diego,2021-03-24,29285,1571171,19572,733529,9324,814817,389,22825,16985,503272,12287,621493,19394,1124765,California
San Diego,2021-03-25,30130,1601301,18137,751666,11311,826128,682,23507,17889,511721,12220,633713,20669,1145434,California
San Diego,2021-03-26,31839,1633140,17807,769473,13517,839645,515,24022,17384,517987,14430,648143,20696,1166130,California
San Diego,2021-03-27,25365,1658505,11045,780518,13940,853585,380,24402,15613,526491,9734,657877,18238,1184368,California
San Diego,2021-03-28,14994,1673499,9186,789704,5750,859335,58,24460,9234,531497,5753,663630,10759,1195127,California
San Diego,2021-03-29,26581,1700080,12843,802547,13107,872442,631,25091,16359,540709,10211,673841,19423,1214550,California
San Diego,2021-03-30,33059,1733139,17800,820347,14467,886909,792,25883,21889,554052,11156,684997,24499,1239049,California
San Diego,2021-03-31,30295,1763434,18699,839046,10888,897797,708,26591,20551,566690,9725,694722,22363,1261412,California
San Diego,2021-04-01,34119,1797553,19916,858962,12722,910519,1481,28072,23115,581619,10980,705702,25909,1287321,California
San Diego,2021-04-02,35600,1833153,20596,879558,12226,922745,2778,30850,23997,598240,11584,717286,28205,1315526,California
San Diego,2021-04-03,30731,1863884,14411,893969,11705,934450,4615,35465,19585,612506,11131,728417,25397,1340923,California
San Diego,2021-04-04,8991,1872875,5161,899130,2911,937361,919,36384,4775,614166,4210,732627,5870,1346793,California
San Diego,2021-04-05,29635,1902510,15338,914468,11600,948961,2697,39081,19225,628161,10393,743020,24388,1371181,California
San Diego,2021-04-06,38538,1941048,20287,934755,12349,961310,5902,44983,22157,641965,16361,759381,30165,1401346,California
San Diego,2021-04-07,35965,1977013,21862,956617,9553,970863,4550,49533,20241,652263,15699,775080,25997,1427343,California
San Diego,2021-04-08,34998,2012011,21255,977872,9612,980475,4131,53664,21136,666249,13841,788921,27827,1455170,California
San Diego,2021-04-09,38157,2050168,22752,1000624,10220,990695,5185,58849,20596,677820,17497,806418,29068,1484238,California
San Diego,2021-04-10,28967,2079135,11714,1012338,13257,1003952,3996,62845,14918,685708,14038,820456,21926,1506164,California
San Diego,2021-04-11,16141,2095276,9985,1022323,3861,1007813,2295,65140,7131,689129,9005,829461,12426,1518590,California
San Diego,2021-04-12,30621,2125897,12845,1035168,13499,1021312,4277,69417,16994,700444,13612,843073,24927,1543517,California
San Diego,2021-04-13,36898,2162795,17684,1052852,19179,1040491,35,69452,24466,715360,12410,855483,27326,1570843,California
San Diego,2021-04-14,32854,2195649,18823,1071675,14018,1054509,13,69465,17672,722210,15168,870651,22018,1592861,California
San Diego,2021-04-15,39277,2234926,20351,1092026,18917,1073426,9,69474,23760,733345,15492,886143,26627,1619488,California
San Diego,2021-04-16,33580,2268506,18460,1110486,15117,1088543,3,69477,19396,740993,14125,900268,21773,1641261,California
San Diego,2021-04-17,27867,2296373,13535,1124021,14332,1102875,0,69477,12290,740862,15481,915749,15350,1656611,California
San Diego,2021-04-18,14633,2311006,9088,1133109,5542,1108417,3,69480,6777,742754,7843,923592,9735,1666346,California
San Diego,2021-04-19,26559,2337565,13574,1146683,12983,1121400,2,69482,12444,742828,14096,937688,14170,1680516,California
San Diego,2021-04-20,39612,2377177,18397,1165080,21213,1142613,2,69484,20192,746577,19397,957085,23146,1703662,California
San Diego,2021-04-21,36399,2413576,22006,1187086,14393,1157006,0,69484,17525,748565,18833,975918,20821,1724483,California
San Diego,2021-04-22,44923,2458499,23301,1210387,21618,1178624,4,69488,22445,751618,22437,998355,25490,1749973,California
San Diego,2021-04-23,42714,2501213,26517,1236904,16195,1194819,2,69490,15977,744081,26701,1025056,19164,1769137,California
San Diego,2021-04-24,34904,2536117,18896,1255800,15993,1210812,15,69505,15563,743529,19302,1044358,18750,1787887,California
San Diego,2021-04-25,12633,2548750,7669,1263469,4964,1215776,0,69505,5886,744043,6735,1051093,7249,1795136,California
San Diego,2021-04-26,33419,2582169,16797,1280266,16483,1232259,139,69644,11706,738601,21689,1072782,16247,1811383,California
San Diego,2021-04-27,44808,2626977,24677,1304943,19578,1251837,553,70197,19760,736975,25003,1097785,23377,1834760,California
San Diego,2021-04-28,38474,2665451,22820,1327763,14978,1266815,676,70873,17422,736315,21009,1118794,20349,1855109,California
San Diego,2021-04-29,38307,2703758,24456,1352219,13194,1280009,657,71530,15566,731543,22704,1141498,17932,1873041,California
San Diego,2021-04-30,38259,2742017,23238,1375457,13940,1293949,1081,72611,15036,726327,23183,1164681,17967,1891008,California
San Diego,2021-05-01,24215,2766232,10675,1386132,12902,1306851,638,73249,9503,723924,14702,1179383,12299,1903307,California
San Diego,2021-05-02,10611,2776843,7433,1393565,2596,1309447,582,73831,3229,720689,7378,1186761,4143,1907450,California
San Diego,2021-05-03,25199,2802042,12390,1405955,11658,1321105,1151,74982,9252,715986,15924,1202685,11221,1918671,California
San Diego,2021-05-04,32042,2834084,17831,1423786,12933,1334038,1278,76260,11562,709470,20453,1223138,13937,1932608,California
San Diego,2021-05-05,27994,2862078,17238,1441024,9477,1343515,1279,77539,10589,704982,17382,1240520,12894,1945502,California
San Diego,2021-05-06,28539,2890617,18971,1459995,8657,1352172,911,78450,10770,701372,17739,1258259,14129,1959631,California
San Diego,2021-05-07,29726,2920343,19469,1479464,9217,1361389,1040,79490,11019,695976,18673,1276932,13277,1972908,California
San Diego,2021-05-08,23102,2943445,11108,1490572,11251,1372640,743,80233,7254,689591,15822,1292754,9437,1982345,California
San Diego,2021-05-09,7523,2950968,5665,1496237,1452,1374092,406,80639,2574,688049,4943,1297697,3401,1985746,California
San Diego,2021-05-10,21751,2972719,8653,1504890,12279,1386371,819,81458,5868,680164,15853,1313550,7968,1993714,California
San Diego,2021-05-11,28796,3001515,12227,1517117,15752,1402123,817,82275,10101,674141,18666,1332216,12643,2006357,California
San Diego,2021-05-12,23102,3024617,12641,1529758,9589,1411712,872,83147,8321,669710,14752,1346968,10321,2016678,California
San Diego,2021-05-13,31442,3056059,19075,1548833,11728,1423440,639,83786,13034,667625,18350,1365318,16265,2032943,California
San Diego,2021-05-14,30887,3086946,19821,1568654,10229,1433669,837,84623,13997,667701,16848,1382166,16924,2049867,California
San Diego,2021-05-15,26167,3113113,16473,1585127,8872,1442541,822,85445,10822,665025,15290,1397456,12614,2062481,California
San Diego,2021-05-16,13702,3126815,10228,1595355,2912,1445453,562,86007,6738,665769,6951,1404407,7695,2070176,California
San Diego,2021-05-17,21383,3148198,12968,1608323,7671,1453124,744,86751,8838,663717,12507,1416914,10455,2080631,California
San Diego,2021-05-18,34228,3182426,19396,1627719,13970,1467094,862,87613,13270,658363,20926,1437840,15572,2096203,California
San Diego,2021-05-19,28394,3210820,17814,1645533,9800,1476894,780,88393,11965,655840,16398,1454238,13875,2110078,California
San Diego,2021-05-20,34796,3245616,19246,1664779,14730,1491624,820,89213,11660,646766,23105,1477343,14031,2124109,California
San Diego,2021-05-21,27010,3272626,17163,1681942,8859,1500483,988,90201,10845,643709,16133,1493476,13076,2137185,California
San Diego,2021-05-22,21529,3294155,12418,1694360,7864,1508347,1247,91448,8992,642562,12513,1505989,11366,2148551,California
San Diego,2021-05-23,7348,3301503,5246,1699606,1794,1510141,308,91756,3478,642885,3846,1509835,4169,2152720,California
San Diego,2021-05-24,17863,3319366,9138,1708744,6815,1516956,1910,93666,6417,640645,11428,1521263,9188,2161908,California
San Diego,2021-05-25,24207,3343573,13098,1721842,9270,1526226,1839,95505,8433,636332,15745,1537008,11432,2173340,California
San Diego,2021-05-26,19128,3362701,10600,1732442,6518,1532744,2010,97515,6581,633273,12516,1549524,9457,2182797,California
San Diego,2021-05-27,20622,3383323,11951,1744393,6281,1539025,2390,99905,6933,630035,13669,1563193,10431,2193228,California
San Diego,2021-05-28,21262,3404585,13195,1757588,7358,1546383,709,100614,8365,627371,12878,1576071,10214,2203442,California
San Diego,2021-05-29,11989,3416574,7577,1765165,3921,1550304,491,101105,5157,626718,6819,1582890,6166,2209608,California
San Diego,2021-05-30,4670,3421244,3191,1768356,1101,1551405,378,101483,2002,626666,2662,1585552,2610,2212218,California
San Diego,2021-05-31,2585,3423829,1743,1770099,671,1552076,171,101654,848,626081,1730,1587282,1145,2213363,California
San Diego,2021-06-01,21266,3445095,11334,1781433,8303,1560379,1629,103283,5757,618924,15483,1602765,8326,2221689,California
San Diego,2021-06-02,17068,3462163,8813,1790246,6183,1566562,2072,105355,5475,615629,11567,1614332,8272,2229961,California
San Diego,2021-06-03,19197,3481360,12003,1802249,5395,1571957,1799,107154,5166,609628,14009,1628341,8008,2237969,California
San Diego,2021-06-04,19820,3501180,13846,1816095,5357,1577314,617,107771,5721,603797,14069,1642410,8238,2246207,California
San Diego,2021-06-05,15810,3516990,12032,1828127,2996,1580310,782,108553,4480,598726,11313,1653723,6242,2252449,California
San Diego,2021-06-06,5606,3522596,4534,1832661,761,1581071,311,108864,1595,597443,4000,1657723,2717,2255166,California
San Diego,2021-06-07,12795,3535391,8044,1840705,3402,1584473,1349,110213,3547,593856,9230,1666953,5643,2260809,California
San Diego,2021-06-08,20472,3555863,14467,1855172,4119,1588592,1886,112099,4992,586324,15467,1682420,7935,2268744,California
San Diego,2021-06-09,17027,3572890,11343,1866515,3736,1592328,1948,114047,4359,580936,12654,1695074,7266,2276010,California
San Diego,2021-06-10,17872,3590762,11863,1878378,3932,1596260,2077,116124,4368,574989,13478,1708552,7531,2283541,California
San Diego,2021-06-11,15799,3606561,10067,1888445,4381,1600641,1351,117475,4307,570118,11462,1720014,6591,2290132,California
San Diego,2021-06-12,11003,3617564,8435,1896880,2146,1602787,422,117897,3159,566517,7825,1727839,4224,2294356,California
San Diego,2021-06-13,4156,3621720,3108,1899988,843,1603630,205,118102,1009,564987,3141,1730980,1611,2295967,California
San Diego,2021-06-14,12620,3634340,7576,1907564,2853,1606483,2191,120293,3555,562341,9051,1740031,6405,2302372,California
San Diego,2021-06-15,17911,3652251,10270,1917834,4207,1610690,3434,123727,4717,558238,13184,1753215,9081,2311453,California
San Diego,2021-06-16,13949,3666200,8865,1926699,2770,1613460,2314,126041,4449,556307,9486,1762701,7555,2319008,California
San Diego,2021-06-17,14741,3680941,8478,1935177,3426,1616886,2837,128878,4166,553405,10563,1773264,7661,2326669,California
San Diego,2021-06-18,14136,3695077,8744,1943921,3567,1620453,1825,130703,4422,550749,9704,1782968,7048,2333717,California
San Diego,2021-06-19,7536,3702613,5564,1949485,1512,1621965,460,131163,2752,549731,4763,1787731,3745,2337462,California
San Diego,2021-06-20,3100,3705713,2252,1951737,649,1622614,199,131362,1148,549351,1947,1789678,1567,2339029,California
San Diego,2021-06-21,9122,3714835,5152,1956889,2426,1625040,1544,132906,3893,550110,5222,1794900,5981,2345010,California
San Diego,2021-06-22,11285,3726120,7561,1964450,2584,1627624,1140,134046,4446,549553,6832,1801732,6275,2351285,California
San Diego,2021-06-23,10819,3736939,7044,1971494,2331,1629955,1444,135490,4426,549692,6384,1808116,6523,2357808,California
San Diego,2021-06-24,10044,3746983,6542,1978036,2741,1632696,761,136251,4048,549143,5988,1814104,5439,2363247,California
San Diego,2021-06-25,10604,3757587,7387,1985423,2614,1635310,603,136854,4116,548020,6479,1820583,5356,2368603,California
San Diego,2021-06-26,6676,3764263,5235,1990658,1132,1636442,309,137163,2676,547593,3992,1824575,3565,2372168,California
San Diego,2021-06-27,3019,3767282,2310,1992968,502,1636944,207,137370,1334,547697,1682,1826257,1786,2373954,California
San Diego,2021-06-28,7082,3774364,5187,1998155,1378,1638322,517,137887,3364,548272,3714,1829971,4289,2378243,California
San Diego,2021-06-29,8726,3783090,6143,2004298,1905,1640227,678,138565,3918,548657,4794,1834765,5179,2383422,California
San Diego,2021-06-30,3774,3786864,2783,2007081,597,1640824,394,138959,1901,549406,1864,1836629,2613,2386035,California
San Francisco,2020-12-15,6,6,6,6,0,0,0,0,6,6,0,0,6,6,California
San Francisco,2020-12-16,232,238,232,238,0,0,0,0,232,238,0,0,232,238,California
San Francisco,2020-12-17,415,653,415,653,0,0,0,0,415,653,0,0,415,653,California
San Francisco,2020-12-18,909,1562,908,1561,1,1,0,0,909,1562,0,0,909,1562,California
San Francisco,2020-12-19,611,2173,611,2172,0,1,0,0,611,2173,0,0,611,2173,California
San Francisco,2020-12-20,481,2654,481,2653,0,1,0,0,481,2654,0,0,481,2654,California
San Francisco,2020-12-21,1164,3818,1164,3817,0,1,0,0,1164,3818,0,0,1164,3818,California
San Francisco,2020-12-22,1396,5214,1362,5179,34,35,0,0,1396,5214,0,0,1396,5214,California
San Francisco,2020-12-23,1353,6567,1054,6233,299,334,0,0,1353,6567,0,0,1353,6567,California
San Francisco,2020-12-24,843,7410,504,6737,339,673,0,0,843,7410,0,0,843,7410,California
San Francisco,2020-12-25,37,7447,31,6768,6,679,0,0,37,7447,0,0,37,7447,California
San Francisco,2020-12-26,250,7697,154,6922,96,775,0,0,250,7697,0,0,250,7697,California
San Francisco,2020-12-27,274,7971,60,6982,214,989,0,0,274,7971,0,0,274,7971,California
San Francisco,2020-12-28,1278,9249,692,7674,586,1575,0,0,1278,9249,0,0,1278,9249,California
San Francisco,2020-12-29,1262,10511,632,8306,630,2205,0,0,1262,10511,0,0,1262,10511,California
San Francisco,2020-12-30,1487,11998,781,9087,706,2911,0,0,1487,11998,0,0,1487,11998,California
San Francisco,2020-12-31,983,12981,415,9502,568,3479,0,0,982,12980,0,0,982,12980,California
San Francisco,2021-01-01,106,13087,79,9581,27,3506,0,0,106,13086,0,0,106,13086,California
San Francisco,2021-01-02,337,13424,301,9882,36,3542,0,0,337,13423,0,0,337,13423,California
San Francisco,2021-01-03,299,13723,105,9987,194,3736,0,0,298,13720,1,1,298,13721,California
San Francisco,2021-01-04,1846,15569,1358,11345,488,4224,0,0,1843,15560,3,4,1843,15564,California
San Francisco,2021-01-05,2240,17809,1421,12766,819,5043,0,0,2201,17724,39,43,2203,17767,California
San Francisco,2021-01-06,1876,19685,1162,13928,714,5757,0,0,1607,19065,267,310,1608,19375,California
San Francisco,2021-01-07,2078,21763,1212,15140,866,6623,0,0,1602,20194,473,783,1602,20977,California
San Francisco,2021-01-08,2337,24100,1646,16786,691,7314,0,0,1472,20806,860,1643,1472,22449,California
San Francisco,2021-01-09,1399,25499,902,17688,497,7811,0,0,888,21185,511,2154,890,23339,California
San Francisco,2021-01-10,920,26419,541,18229,379,8190,0,0,461,21188,458,2612,461,23800,California
San Francisco,2021-01-11,2513,28932,1870,20099,643,8833,0,0,1408,21492,1105,3717,1409,25209,California
San Francisco,2021-01-12,3098,32030,2062,22161,1036,9869,0,0,1902,22201,1195,4912,1904,27113,California
San Francisco,2021-01-13,2852,34882,1620,23781,1232,11101,0,0,2012,23373,840,5752,2012,29125,California
San Francisco,2021-01-14,2464,37346,1111,24892,1353,12454,0,0,1897,24703,567,6319,1897,31022,California
San Francisco,2021-01-15,2775,40121,1163,26055,1612,14066,0,0,2371,26674,402,6721,2373,33395,California
San Francisco,2021-01-16,2240,42361,937,26992,1303,15369,0,0,2071,28578,169,6890,2073,35468,California
San Francisco,2021-01-17,1943,44304,537,27529,1406,16775,0,0,1722,30080,220,7110,1722,37190,California
San Francisco,2021-01-18,1390,45694,603,28132,787,17562,0,0,1120,30932,269,7379,1121,38311,California
San Francisco,2021-01-19,2602,48296,1483,29615,1119,18681,0,0,1846,32022,756,8135,1846,40157,California
San Francisco,2021-01-20,2836,51132,1189,30804,1647,20328,0,0,2076,33342,757,8892,2077,42234,California
San Francisco,2021-01-21,3445,54577,1038,31842,2407,22735,0,0,2566,35030,878,9770,2566,44800,California
San Francisco,2021-01-22,3252,57829,678,32520,2574,25309,0,0,2803,37386,447,10217,2803,47603,California
San Francisco,2021-01-23,3118,60947,611,33131,2507,27816,0,0,2746,39762,371,10588,2747,50350,California
San Francisco,2021-01-24,2432,63379,363,33494,2069,29885,0,0,2198,41730,230,10818,2198,52548,California
San Francisco,2021-01-25,4644,68023,1837,35331,2807,32692,0,0,3053,43196,1588,12406,3054,55602,California
San Francisco,2021-01-26,4755,72778,2180,37511,2575,35267,0,0,3105,44656,1647,14053,3107,58709,California
San Francisco,2021-01-27,4384,77162,1981,39492,2403,37670,0,0,3073,46420,1309,15362,3073,61782,California
San Francisco,2021-01-28,3806,80968,1578,41070,2228,39898,0,0,2629,47880,1170,16532,2630,64412,California
San Francisco,2021-01-29,4839,85807,1763,42833,3076,42974,0,0,3510,50098,1292,17824,3510,67922,California
San Francisco,2021-01-30,3816,89623,1848,44681,1968,44942,0,0,3352,52992,462,18286,3356,71278,California
San Francisco,2021-01-31,2359,91982,820,45501,1539,46481,0,0,2208,55051,150,18436,2209,73487,California
San Francisco,2021-02-01,4006,95988,1713,47214,2293,48774,0,0,2925,56897,1080,19516,2926,76413,California
San Francisco,2021-02-02,4571,100559,1823,49037,2748,51522,0,0,2954,58240,1611,21127,2954,79367,California
San Francisco,2021-02-03,5122,105681,2406,51443,2716,54238,0,0,3795,60711,1325,22452,3796,83163,California
San Francisco,2021-02-04,5078,110759,2448,53891,2630,56868,0,0,3892,63420,1183,23635,3892,87055,California
San Francisco,2021-02-05,6019,116778,3247,57138,2772,59640,0,0,4661,66726,1356,24991,4662,91717,California
San Francisco,2021-02-06,5489,122267,3663,60801,1826,61466,0,0,4613,70497,845,25836,4616,96333,California
San Francisco,2021-02-07,4368,126635,3212,64013,1156,62622,0,0,3785,73706,580,26416,3789,100122,California
San Francisco,2021-02-08,6774,133409,4658,68671,2116,64738,0,0,5539,78029,1219,27635,5542,105664,California
San Francisco,2021-02-09,5976,139385,4019,72690,1957,66695,0,0,4415,80876,1570,29205,4417,110081,California
San Francisco,2021-02-10,6946,146331,4205,76895,2741,69436,0,0,5066,84071,1875,31080,5070,115151,California
San Francisco,2021-02-11,6765,153096,4011,80906,2754,72190,0,0,4894,87102,1866,32946,4897,120048,California
San Francisco,2021-02-12,5374,158470,2695,83601,2679,74869,0,0,3483,88695,1890,34836,3483,123531,California
San Francisco,2021-02-13,4424,162894,2592,86193,1832,76701,0,0,3068,90413,1353,36189,3071,126602,California
San Francisco,2021-02-14,3450,166344,2264,88457,1186,77887,0,0,2311,91589,1137,37326,2313,128915,California
San Francisco,2021-02-15,2807,169151,1518,89975,1289,79176,0,0,1681,92149,1121,38447,1681,130596,California
San Francisco,2021-02-16,5163,174314,2839,92814,2324,81500,0,0,3013,93026,2143,40590,3020,133616,California
San Francisco,2021-02-17,5392,179706,2650,95464,2742,84242,0,0,2967,93583,2413,43003,2970,136586,California
San Francisco,2021-02-18,5445,185151,2662,98126,2783,87025,0,0,2818,93784,2623,45626,2824,139410,California
San Francisco,2021-02-19,5729,190880,2696,100822,3033,90058,0,0,2971,94010,2746,48372,2972,142382,California
San Francisco,2021-02-20,4652,195532,2255,103077,2397,92455,0,0,1739,92849,2903,51275,1742,144124,California
San Francisco,2021-02-21,2975,198507,1568,104645,1407,93862,0,0,1321,92528,1643,52918,1322,145446,California
San Francisco,2021-02-22,5381,203888,3355,108000,2026,95888,0,0,2698,92559,2670,55588,2701,148147,California
San Francisco,2021-02-23,5818,209706,3310,111310,2508,98396,0,0,2948,92644,2863,58451,2948,151095,California
San Francisco,2021-02-24,9233,218939,5230,116540,4003,102399,0,0,4945,93319,4273,62724,4948,156043,California
San Francisco,2021-02-25,10077,229016,7039,123579,3038,105437,0,0,6472,96192,3601,66325,6474,162517,California
San Francisco,2021-02-26,12392,241408,8047,131626,4345,109782,0,0,7317,98437,5073,71398,7318,169835,California
San Francisco,2021-02-27,9428,250836,6067,137693,3360,113142,1,1,4699,98424,4714,76112,4701,174536,California
San Francisco,2021-02-28,7923,258759,5663,143356,2260,115402,0,1,3872,98251,4046,80158,3873,178409,California
San Francisco,2021-03-01,11419,270178,7704,151060,3710,119112,5,6,5569,98005,5822,85980,5576,183985,California
San Francisco,2021-03-02,10047,280225,6766,157826,3281,122393,0,6,5678,99326,4358,90338,5679,189664,California
San Francisco,2021-03-03,11426,291651,6678,164504,4747,127140,1,7,6279,100477,5132,95470,6283,195947,California
San Francisco,2021-03-04,8816,300467,5534,170038,3282,130422,0,7,4971,101615,3835,99305,4973,200920,California
San Francisco,2021-03-05,9260,309727,5664,175702,3592,134014,4,11,5799,103972,3447,102752,5804,206724,California
San Francisco,2021-03-06,7237,316964,4694,180396,2333,136347,210,221,4540,106008,2709,105461,4745,211469,California
San Francisco,2021-03-07,5421,322385,4227,184623,1134,137481,60,281,3120,106876,2312,107773,3180,214649,California
San Francisco,2021-03-08,7558,329943,5489,190112,1880,139361,189,470,5964,111403,1625,109398,6152,220801,California
San Francisco,2021-03-09,8356,338299,5534,195646,2444,141805,378,848,6093,115601,2268,111666,6466,227267,California
San Francisco,2021-03-10,11288,349587,6620,202266,4164,145969,504,1352,7042,118924,4221,115887,7544,234811,California
San Francisco,2021-03-11,10132,359719,6391,208657,2768,148737,973,2325,6636,123044,3475,119362,7595,242406,California
San Francisco,2021-03-12,10900,370619,6359,215016,3189,151926,1352,3677,6061,125633,4814,124176,7403,249809,California
San Francisco,2021-03-13,6772,377391,3950,218966,1740,153666,1082,4759,4203,128357,2559,126735,5283,255092,California
San Francisco,2021-03-14,7584,384975,4931,223897,2406,156072,247,5006,3960,128957,3605,130340,4205,259297,California
San Francisco,2021-03-15,12138,397113,9284,233181,1907,157979,947,5953,8369,134508,3751,134091,9302,268599,California
San Francisco,2021-03-16,12272,409385,8344,241525,3449,161428,479,6432,8779,140298,3470,137561,9260,277859,California
San Francisco,2021-03-17,13628,423013,8456,249981,4539,165967,633,7065,9734,146795,3863,141424,10360,288219,California
San Francisco,2021-03-18,10297,433310,7049,257030,2619,168586,629,7694,5865,148873,4407,145831,6485,294704,California
San Francisco,2021-03-19,12596,445906,9236,266266,2887,171473,473,8167,6591,149950,5978,151809,7055,301759,California
San Francisco,2021-03-20,8955,454861,6587,272853,1900,173373,468,8635,5201,151899,3722,155531,5671,307430,California
San Francisco,2021-03-21,6697,461558,6138,278991,420,173793,139,8774,3762,152880,2918,158449,3899,311329,California
San Francisco,2021-03-22,10003,471561,6968,285959,2195,175988,840,9614,5154,154041,4824,163273,5985,317314,California
San Francisco,2021-03-23,11402,482963,7589,293548,3160,179148,653,10267,6330,155976,5040,168313,6975,324289,California
San Francisco,2021-03-24,12417,495380,9515,303063,2364,181512,538,10805,6137,156404,6238,174551,6666,330955,California
San Francisco,2021-03-25,12008,507388,8764,311827,2677,184189,567,11372,5819,156671,6115,180666,6382,337337,California
San Francisco,2021-03-26,12061,519449,8356,320183,3471,187660,234,11606,5839,156552,6187,186853,6068,343405,California
San Francisco,2021-03-27,8899,528348,5914,326097,2633,190293,352,11958,3821,155667,5056,191909,4171,347576,California
San Francisco,2021-03-28,6676,535024,5326,331423,1308,191601,42,12000,2975,155006,3676,195585,3015,350591,California
San Francisco,2021-03-29,11658,546682,8019,339442,3453,195054,186,12186,4816,153197,6809,202394,5000,355591,California
San Francisco,2021-03-30,11694,558376,7321,346763,4083,199137,290,12476,5511,152841,6156,208550,5800,361391,California
San Francisco,2021-03-31,12327,570703,8196,354959,3832,202969,299,12775,4917,150674,7376,215926,5209,366600,California
San Francisco,2021-04-01,14028,584731,7435,362394,4884,207853,1709,14484,6035,150436,7952,223878,7714,374314,California
San Francisco,2021-04-02,14900,599631,6574,368968,6428,214281,1898,16382,6949,151338,7927,231805,8829,383143,California
San Francisco,2021-04-03,10620,610251,4930,373898,3863,218144,1827,18209,4806,152165,5794,237599,6621,389764,California
San Francisco,2021-04-04,9058,619309,4806,378704,2594,220738,1658,19867,3582,151938,5457,243056,5230,394994,California
San Francisco,2021-04-05,16137,635446,9854,388558,4391,225129,1892,21759,6297,150305,9809,252865,8176,403170,California
San Francisco,2021-04-06,16170,651616,9550,398108,4547,229676,2073,23832,6285,148792,9856,262721,8343,411513,California
San Francisco,2021-04-07,16902,668518,10059,408167,4602,234278,2241,26073,7006,148147,9870,272591,9225,420738,California
San Francisco,2021-04-08,14248,682766,6781,414948,3033,237311,4434,30507,4639,147611,9571,282162,9035,429773,California
San Francisco,2021-04-09,15891,698657,7686,422634,4841,242152,3364,33871,6629,148351,9228,291390,9968,439741,California
San Francisco,2021-04-10,13370,712027,5715,428349,5898,248050,1757,35628,7114,150975,6229,297619,8853,448594,California
San Francisco,2021-04-11,10079,722106,7549,435898,1352,249402,1178,36806,5211,152503,4852,302471,6380,454974,California
San Francisco,2021-04-12,10657,732763,6919,442817,2582,251984,1156,37962,4876,152772,5755,308226,6024,460998,California
San Francisco,2021-04-13,10873,743636,7371,450188,3490,255474,12,37974,5476,152896,5369,313595,5493,466491,California
San Francisco,2021-04-14,13399,757035,8072,458260,5326,260800,1,37975,6359,152258,7000,320595,6362,472853,California
San Francisco,2021-04-15,13880,770915,9612,467872,4267,265067,1,37976,8070,154558,5776,326371,8076,480929,California
San Francisco,2021-04-16,13050,783965,8766,476638,4240,269307,44,38020,7611,156809,5408,331779,7659,488588,California
San Francisco,2021-04-17,10257,794222,7385,484023,2871,272178,1,38021,7241,161057,2998,334777,7246,495834,California
San Francisco,2021-04-18,6953,801175,5382,489405,1569,273747,2,38023,4316,162760,2617,337394,4320,500154,California
San Francisco,2021-04-19,11111,812286,8313,497718,2793,276540,5,38028,7096,165875,3996,341390,7111,507265,California
San Francisco,2021-04-20,13108,825394,7905,505623,5201,281741,2,38030,8924,170648,4154,345544,8927,516192,California
San Francisco,2021-04-21,11922,837316,8749,514372,3168,284909,5,38035,7236,173237,4657,350201,7246,523438,California
San Francisco,2021-04-22,11082,848398,8280,522652,2801,287710,1,38036,6361,174919,4687,354888,6369,529807,California
San Francisco,2021-04-23,10933,859331,6411,529063,4522,292232,0,38036,6480,176986,4422,359310,6489,536296,California
San Francisco,2021-04-24,7971,867302,5477,534540,2494,294726,0,38036,4711,178467,3239,362549,4720,541016,California
San Francisco,2021-04-25,5048,872350,4338,538878,704,295430,6,38042,2947,179337,2088,364637,2958,543974,California
San Francisco,2021-04-26,8531,880881,6081,544959,2438,297868,12,38054,4248,179360,4253,368890,4276,548250,California
San Francisco,2021-04-27,8989,889870,6113,551072,2706,300574,170,38224,4491,179559,4472,373362,4671,552921,California
San Francisco,2021-04-28,9963,899833,6973,558045,2799,303373,191,38415,5226,180279,4704,378066,5424,558345,California
San Francisco,2021-04-29,9802,909635,5831,563876,3777,307150,194,38609,4820,180352,4955,383021,5028,563373,California
San Francisco,2021-04-30,11342,920977,5611,569487,5528,312678,203,38812,4228,177721,7068,390089,4437,567810,California
San Francisco,2021-05-01,6996,927973,3594,573081,3287,315965,115,38927,1701,174278,5260,395349,1817,569627,California
San Francisco,2021-05-02,5338,933311,3095,576176,2145,318110,98,39025,976,171004,4352,399701,1078,570705,California
San Francisco,2021-05-03,9703,943014,6611,582787,2927,321037,165,39190,2441,166387,7231,406932,2614,573319,California
San Francisco,2021-05-04,9852,952866,6441,589228,3160,324197,251,39441,2385,161594,7434,414366,2641,575960,California
San Francisco,2021-05-05,9272,962138,6576,595804,2383,326580,313,39754,2272,157232,6951,421317,2589,578549,California
San Francisco,2021-05-06,10976,973114,8789,604593,1714,328294,473,40227,1908,150581,9034,430351,2383,580932,California
San Francisco,2021-05-07,10321,983435,6668,611261,3380,331674,273,40500,1678,143914,8616,438967,1949,582881,California
San Francisco,2021-05-08,8909,992344,4058,615319,4721,336395,130,40630,1099,137367,7777,446744,1230,584111,California
San Francisco,2021-05-09,6747,999091,5857,621176,807,337202,83,40713,1086,132892,5638,452382,1163,585274,California
San Francisco,2021-05-10,7393,1006484,5326,626502,1812,339014,255,40968,1007,127799,6354,458736,1261,586535,California
San Francisco,2021-05-11,8160,1014644,6031,632533,1910,340924,219,41187,1497,122888,6626,465362,1715,588250,California
San Francisco,2021-05-12,8388,1023032,6153,638686,1778,342702,457,41644,1494,117974,6861,472223,1947,590197,California
San Francisco,2021-05-13,11393,1034425,8388,647074,2779,345481,226,41870,4182,115209,7181,479404,4416,594613,California
San Francisco,2021-05-14,9586,1044011,6826,653900,2589,348070,171,42041,2988,111813,6566,485970,3170,597783,California
San Francisco,2021-05-15,8133,1052144,6441,660341,1636,349706,56,42097,3204,110172,4913,490883,3272,601055,California
San Francisco,2021-05-16,5302,1057446,4459,664800,784,350490,59,42156,2024,108999,3257,494140,2084,603139,California
San Francisco,2021-05-17,7408,1064854,5522,670322,1721,352211,165,42321,2381,106543,5005,499145,2549,605688,California
San Francisco,2021-05-18,8766,1073620,5024,675346,3566,355777,176,42497,1832,101665,6886,506031,2008,607696,California
San Francisco,2021-05-19,7496,1081116,5547,680893,1714,357491,235,42732,2162,98754,5306,511337,2395,610091,California
San Francisco,2021-05-20,6142,1087258,4124,685017,1765,359256,253,42985,1494,95886,4610,515947,1742,611833,California
San Francisco,2021-05-21,7202,1094460,4078,689095,2938,362194,186,43171,1576,92064,5579,521526,1757,613590,California
San Francisco,2021-05-22,4812,1099272,3625,692720,1096,363290,91,43262,2184,91730,2608,524134,2274,615864,California
San Francisco,2021-05-23,1939,1101211,1483,694203,381,363671,75,43337,849,91575,1080,525214,925,616789,California
San Francisco,2021-05-24,4229,1105440,3003,697206,1063,364734,163,43500,1237,90011,2966,528180,1402,618191,California
San Francisco,2021-05-25,3703,1109143,2405,699611,1075,365809,223,43723,1031,88607,2653,530833,1249,619440,California
San Francisco,2021-05-26,3960,1113103,2555,702166,1259,367068,146,43869,1046,86910,2889,533722,1192,620632,California
San Francisco,2021-05-27,3719,1116822,2146,704312,1397,368465,176,44045,1164,85706,2543,536265,1339,621971,California
San Francisco,2021-05-28,3779,1120601,2153,706465,1464,369929,162,44207,1315,84746,2436,538701,1476,623447,California
San Francisco,2021-05-29,2031,1122632,1462,707927,467,370396,102,44309,788,84408,1222,539923,884,624331,California
San Francisco,2021-05-30,968,1123600,693,708620,238,370634,37,44346,394,84269,570,540493,431,624762,California
San Francisco,2021-05-31,258,1123858,210,708830,41,370675,7,44353,85,84190,171,540664,92,624854,California
San Francisco,2021-06-01,3581,1127439,2168,710998,1225,371900,188,44541,1058,82927,2507,543171,1244,626098,California
San Francisco,2021-06-02,2465,1129904,1783,712781,559,372459,123,44664,811,82217,1639,544810,929,627027,California
San Francisco,2021-06-03,3962,1133866,2720,715501,1039,373498,203,44867,910,80291,3034,547844,1108,628135,California
San Francisco,2021-06-04,5723,1139589,4851,720352,736,374234,136,45003,1238,77209,4451,552295,1369,629504,California
San Francisco,2021-06-05,3724,1143313,3147,723499,429,374663,148,45151,871,75383,2841,555136,1015,630519,California
San Francisco,2021-06-06,2332,1145645,2182,725681,112,374775,38,45189,382,73860,1943,557079,420,630939,California
San Francisco,2021-06-07,3645,1149290,3018,728699,492,375267,135,45324,864,72095,2762,559841,997,631936,California
San Francisco,2021-06-08,2832,1152122,2227,730926,439,375706,166,45490,797,71034,2018,561859,957,632893,California
San Francisco,2021-06-09,2323,1154445,1862,732788,325,376031,136,45626,655,70171,1652,563511,789,633682,California
San Francisco,2021-06-10,2498,1156943,1910,734698,398,376429,190,45816,750,69375,1736,565247,940,634622,California
San Francisco,2021-06-11,3160,1160103,2494,737192,501,376930,165,45981,924,68252,2210,567457,1087,635709,California
San Francisco,2021-06-12,3036,1163139,2636,739828,274,377204,126,46107,718,66790,2304,569761,842,636551,California
San Francisco,2021-06-13,924,1164063,803,740631,74,377278,47,46154,223,66366,693,570454,269,636820,California
San Francisco,2021-06-14,2511,1166574,2029,742660,331,377609,151,46305,826,65667,1674,572128,975,637795,California
San Francisco,2021-06-15,1905,1168479,1471,744131,301,377910,133,46438,667,65239,1228,573356,800,638595,California
San Francisco,2021-06-16,1852,1170331,1398,745529,260,378170,194,46632,633,64857,1202,574558,820,639415,California
San Francisco,2021-06-17,1983,1172314,1527,747056,256,378426,200,46832,647,64378,1321,575879,842,640257,California
San Francisco,2021-06-18,2348,1174662,1735,748791,438,378864,175,47007,751,63717,1583,577462,922,641179,California
San Francisco,2021-06-19,1415,1176077,1182,749973,122,378986,111,47118,435,63294,966,578428,543,641722,California
San Francisco,2021-06-20,624,1176701,534,750507,55,379041,35,47153,254,63219,364,578792,289,642011,California
San Francisco,2021-06-21,1158,1177859,863,751370,184,379225,111,47264,602,63384,546,579338,711,642722,California
San Francisco,2021-06-22,1578,1179437,1240,752610,227,379452,111,47375,548,63021,1016,580354,653,643375,California
San Francisco,2021-06-23,1484,1180921,1170,753780,174,379626,140,47515,591,62864,881,581235,724,644099,California
San Francisco,2021-06-24,1537,1182458,1125,754905,243,379869,169,47684,512,62534,1006,582241,676,644775,California
San Francisco,2021-06-25,1819,1184277,1469,756374,247,380116,103,47787,653,62142,1146,583387,754,645529,California
San Francisco,2021-06-26,1396,1185673,1249,757623,66,380182,81,47868,498,61828,889,584276,575,646104,California
San Francisco,2021-06-27,552,1186225,491,758114,33,380215,28,47896,225,61759,321,584597,252,646356,California
San Francisco,2021-06-28,1484,1187709,1276,759390,115,380330,93,47989,528,61435,944,585541,620,646976,California
San Francisco,2021-06-29,1354,1189063,1050,760440,204,380534,100,48089,486,61157,858,586399,580,647556,California
San Francisco,2021-06-30,973,1190036,787,761227,124,380658,62,48151,358,60964,612,587011,419,647975,California
San Joaquin,2020-12-15,14,14,14,14,0,0,0,0,14,14,0,0,14,14,California
San Joaquin,2020-12-16,310,324,310,324,0,0,0,0,310,324,0,0,310,324,California
San Joaquin,2020-12-17,323,647,323,647,0,0,0,0,323,647,0,0,323,647,California
San Joaquin,2020-12-18,540,1187,536,1183,4,4,0,0,540,1187,0,0,540,1187,California
San Joaquin,2020-12-19,193,1380,193,1376,0,4,0,0,193,1380,0,0,193,1380,California
San Joaquin,2020-12-20,118,1498,116,1492,2,6,0,0,118,1498,0,0,118,1498,California
San Joaquin,2020-12-21,498,1996,497,1989,1,7,0,0,498,1996,0,0,498,1996,California
San Joaquin,2020-12-22,983,2979,862,2851,121,128,0,0,982,2978,0,0,982,2978,California
San Joaquin,2020-12-23,987,3966,930,3781,57,185,0,0,985,3963,2,2,987,3965,California
San Joaquin,2020-12-24,218,4184,189,3970,29,214,0,0,217,4180,1,3,218,4183,California
San Joaquin,2020-12-25,16,4200,16,3986,0,214,0,0,16,4196,0,3,16,4199,California
San Joaquin,2020-12-26,103,4303,31,4017,72,286,0,0,103,4299,0,3,103,4302,California
San Joaquin,2020-12-27,46,4349,32,4049,14,300,0,0,46,4345,0,3,46,4348,California
San Joaquin,2020-12-28,627,4976,423,4472,204,504,0,0,627,4972,0,3,627,4975,California
San Joaquin,2020-12-29,800,5776,670,5142,130,634,0,0,800,5772,0,3,800,5775,California
San Joaquin,2020-12-30,1015,6791,721,5863,294,928,0,0,1013,6785,2,5,1015,6790,California
San Joaquin,2020-12-31,456,7247,203,6066,253,1181,0,0,456,7241,1,6,457,7247,California
San Joaquin,2021-01-01,25,7272,13,6079,12,1193,0,0,25,7266,0,6,25,7272,California
San Joaquin,2021-01-02,268,7540,245,6324,23,1216,0,0,268,7534,0,6,268,7540,California
San Joaquin,2021-01-03,39,7579,22,6346,17,1233,0,0,38,7571,1,7,38,7578,California
San Joaquin,2021-01-04,479,8058,340,6686,139,1372,0,0,477,8047,1,8,477,8055,California
San Joaquin,2021-01-05,993,9051,657,7343,336,1708,0,0,819,8731,173,181,857,8912,California
San Joaquin,2021-01-06,1232,10283,716,8059,516,2224,0,0,926,9360,301,482,930,9842,California
San Joaquin,2021-01-07,1096,11379,696,8755,400,2624,0,0,791,9850,302,784,792,10634,California
San Joaquin,2021-01-08,1220,12599,832,9587,388,3012,0,0,719,10075,499,1283,724,11358,California
San Joaquin,2021-01-09,384,12983,302,9889,82,3094,0,0,250,10193,134,1417,252,11610,California
San Joaquin,2021-01-10,227,13210,117,10006,110,3204,0,0,174,10315,52,1469,174,11784,California
San Joaquin,2021-01-11,1541,14751,1331,11337,210,3414,0,0,872,10587,668,2137,940,12724,California
San Joaquin,2021-01-12,1531,16282,1110,12447,421,3835,0,0,739,10610,788,2925,811,13535,California
San Joaquin,2021-01-13,1551,17833,907,13354,644,4479,0,0,965,10997,583,3508,970,14505,California
San Joaquin,2021-01-14,1781,19614,979,14333,802,5281,0,0,1430,12116,330,3838,1449,15954,California
San Joaquin,2021-01-15,1566,21180,556,14889,1010,6291,0,0,1322,13233,229,4067,1346,17300,California
San Joaquin,2021-01-16,1137,22317,181,15070,956,7247,0,0,1105,14307,31,4098,1105,18405,California
San Joaquin,2021-01-17,1632,23949,139,15209,1493,8740,0,0,1587,15851,45,4143,1589,19994,California
San Joaquin,2021-01-18,747,24696,240,15449,507,9247,0,0,625,16358,118,4261,625,20619,California
San Joaquin,2021-01-19,1886,26582,900,16349,986,10233,0,0,1200,16885,681,4942,1208,21827,California
San Joaquin,2021-01-20,2109,28691,1292,17641,817,11050,0,0,1456,17702,646,5588,1463,23290,California
San Joaquin,2021-01-21,1999,30690,902,18543,1097,12147,0,0,1600,18919,392,5980,1609,24899,California
San Joaquin,2021-01-22,1977,32667,900,19443,1077,13224,0,0,1835,20619,137,6117,1837,26736,California
San Joaquin,2021-01-23,909,33576,394,19837,515,13739,0,0,619,20952,288,6405,621,27357,California
San Joaquin,2021-01-24,368,33944,138,19975,230,13969,0,0,344,21275,21,6426,344,27701,California
San Joaquin,2021-01-25,2016,35960,1148,21123,868,14837,0,0,1442,22149,571,6997,1445,29146,California
San Joaquin,2021-01-26,2205,38165,1126,22249,1079,15916,0,0,1574,23108,623,7620,1582,30728,California
San Joaquin,2021-01-27,1760,39925,770,23019,990,16906,0,0,1255,23870,500,8120,1262,31990,California
San Joaquin,2021-01-28,2091,42016,782,23801,1309,18215,0,0,1422,24637,664,8784,1431,33421,California
San Joaquin,2021-01-29,2202,44218,1057,24858,1145,19360,0,0,1846,26144,349,9133,1856,35277,California
San Joaquin,2021-01-30,2186,46404,355,25213,1831,21191,0,0,2003,27967,182,9315,2005,37282,California
San Joaquin,2021-01-31,1554,47958,173,25386,1381,22572,0,0,1486,29388,66,9381,1487,38769,California
San Joaquin,2021-02-01,2539,50497,1303,26689,1236,23808,0,0,1764,30381,775,10156,1768,40537,California
San Joaquin,2021-02-02,2657,53154,1180,27869,1477,25285,0,0,2043,31875,553,10709,2047,42584,California
San Joaquin,2021-02-03,3149,56303,1238,29107,1911,27196,0,0,2270,33283,871,11580,2279,44863,California
San Joaquin,2021-02-04,3618,59921,1839,30946,1779,28975,0,0,2714,35105,898,12478,2720,47583,California
San Joaquin,2021-02-05,3220,63141,1810,32756,1410,30385,0,0,2378,36671,826,13304,2392,49975,California
San Joaquin,2021-02-06,1087,64228,736,33492,351,30736,0,0,938,37464,146,13450,939,50914,California
San Joaquin,2021-02-07,624,64852,493,33985,131,30867,0,0,417,37680,202,13652,418,51332,California
San Joaquin,2021-02-08,1889,66741,1048,35033,841,31708,0,0,1529,38880,336,13988,1536,52868,California
San Joaquin,2021-02-09,2169,68910,1155,36188,1014,32722,0,0,1611,40008,486,14474,1614,54482,California
San Joaquin,2021-02-10,2634,71544,1265,37453,1369,34091,0,0,1398,40194,1213,15687,1399,55881,California
San Joaquin,2021-02-11,2973,74517,1481,38934,1492,35583,0,0,1727,40719,1210,16897,1735,57616,California
San Joaquin,2021-02-12,2874,77391,1139,40073,1735,37318,0,0,1631,41140,1215,18112,1636,59252,California
San Joaquin,2021-02-13,2147,79538,412,40485,1735,39053,0,0,869,40754,1261,19373,875,60127,California
San Joaquin,2021-02-14,1927,81465,265,40750,1662,40715,0,0,707,40275,1187,20560,708,60835,California
San Joaquin,2021-02-15,2028,83493,844,41594,1184,41899,0,0,1224,40731,772,21332,1228,62063,California
San Joaquin,2021-02-16,3236,86729,1414,43008,1822,43721,0,0,1787,41097,1432,22764,1798,63861,California
San Joaquin,2021-02-17,3341,90070,1289,44297,2052,45773,0,0,1913,41604,1412,24176,1919,65780,California
San Joaquin,2021-02-18,3401,93471,1409,45706,1992,47765,0,0,1935,42118,1428,25604,1942,67722,California
San Joaquin,2021-02-19,4325,97796,2448,48154,1877,49642,0,0,2407,42664,1862,27466,2408,70130,California
San Joaquin,2021-02-20,1618,99414,699,48853,919,50561,0,0,1082,43216,532,27998,1084,71214,California
San Joaquin,2021-02-21,699,100113,520,49373,179,50740,0,0,432,43387,264,28262,435,71649,California
San Joaquin,2021-02-22,3634,103747,2562,51935,1072,51812,0,0,2575,44945,1027,29289,2585,74234,California
San Joaquin,2021-02-23,4400,108147,2672,54607,1728,53540,0,0,2684,45956,1679,30968,2690,76924,California
San Joaquin,2021-02-24,5865,114012,3475,58082,2390,55930,0,0,4174,48473,1661,32629,4178,81102,California
San Joaquin,2021-02-25,6459,120471,3981,62063,2478,58408,0,0,4130,50328,2285,34914,4140,85242,California
San Joaquin,2021-02-26,5609,126080,2903,64966,2706,61114,0,0,3813,52390,1758,36672,3820,89062,California
San Joaquin,2021-02-27,5544,131624,1656,66622,3887,65001,1,1,2680,52285,2799,39471,2694,91756,California
San Joaquin,2021-02-28,3143,134767,1135,67757,2008,67009,0,1,2077,53329,1036,40507,2080,93836,California
San Joaquin,2021-03-01,4341,139108,1855,69612,2483,69492,3,4,2361,53743,1959,42466,2373,96209,California
San Joaquin,2021-03-02,4301,143409,1706,71318,2595,72087,0,4,2692,54905,1586,44052,2748,98957,California
San Joaquin,2021-03-03,5898,149307,3495,74813,2401,74488,2,6,4234,57507,1633,45685,4235,103192,California
San Joaquin,2021-03-04,5792,155099,2298,77111,3491,77979,3,9,3772,59281,2002,47687,3776,106968,California
San Joaquin,2021-03-05,4559,159658,1918,79029,2636,80615,5,14,3140,61029,1401,49088,3149,110117,California
San Joaquin,2021-03-06,3346,163004,2200,81229,1016,81631,130,144,2747,63317,592,49680,2880,112997,California
San Joaquin,2021-03-07,1236,164240,576,81805,612,82243,48,192,945,64022,273,49953,978,113975,California
San Joaquin,2021-03-08,3238,167478,1294,83099,1820,84063,124,316,2112,65148,1110,51063,2236,116211,California
San Joaquin,2021-03-09,4222,171700,1883,84982,2210,86273,129,445,2695,66471,1506,52569,2829,119040,California
San Joaquin,2021-03-10,4952,176652,2547,87529,2261,88534,144,589,3463,68606,1471,54040,3606,122646,California
San Joaquin,2021-03-11,5258,181910,2472,90001,2182,90716,604,1193,2966,69900,2277,56317,3571,126217,California
San Joaquin,2021-03-12,6645,188555,3244,93245,3062,93778,339,1532,4181,71994,2433,58750,4527,130744,California
San Joaquin,2021-03-13,3264,191819,1521,94766,1617,95395,126,1658,2334,73542,918,59668,2466,133210,California
San Joaquin,2021-03-14,2194,194013,679,95445,1208,96603,307,1965,1033,73732,1154,60822,1344,134554,California
San Joaquin,2021-03-15,6181,200194,3526,98971,2246,98849,409,2374,3196,74405,2946,63768,3619,138173,California
San Joaquin,2021-03-16,6978,207172,3943,102914,2779,101628,256,2630,4108,75933,2842,66610,4370,142543,California
San Joaquin,2021-03-17,8012,215184,4745,107659,3196,104824,71,2701,4412,76879,3545,70155,4491,147034,California
San Joaquin,2021-03-18,7775,222959,4552,112211,2711,107535,512,3213,3854,77383,3869,74024,4373,151407,California
San Joaquin,2021-03-19,8060,231019,4705,116916,2810,110345,545,3758,4874,79702,3158,77182,5477,156884,California
San Joaquin,2021-03-20,3731,234750,2161,119077,1327,111672,243,4001,1836,79927,1866,79048,2091,158975,California
San Joaquin,2021-03-21,2148,236898,1519,120596,421,112093,208,4209,1161,80401,967,80015,1441,160416,California
San Joaquin,2021-03-22,4145,241043,2102,122698,1623,113716,420,4629,2484,81670,1639,81654,2908,163324,California
San Joaquin,2021-03-23,5532,246575,2700,125398,2662,116378,170,4799,3818,83979,1686,83340,3995,167319,California
San Joaquin,2021-03-24,6988,253563,4302,129700,2597,118975,89,4888,3104,83345,3835,87175,3201,170520,California
San Joaquin,2021-03-25,5741,259304,3384,133084,2311,121286,46,4934,3429,84542,2283,89458,3480,174000,California
San Joaquin,2021-03-26,6348,265652,2613,135697,3580,124866,155,5089,3335,85070,2984,92442,3512,177512,California
San Joaquin,2021-03-27,4714,270366,2647,138344,1992,126858,75,5164,1813,84096,2872,95314,1898,179410,California
San Joaquin,2021-03-28,2771,273137,1834,140178,912,127770,25,5189,1273,84025,1477,96791,1406,180816,California
San Joaquin,2021-03-29,4183,277320,2211,142389,1949,129719,23,5212,2117,84132,2047,98838,2154,182970,California
San Joaquin,2021-03-30,6393,283713,3204,145593,3095,132814,94,5306,3537,84962,2821,101659,3651,186621,California
San Joaquin,2021-03-31,6836,290549,4224,149817,2551,135365,61,5367,3503,85250,3301,104960,3589,190210,California
San Joaquin,2021-04-01,6608,297157,3033,152850,3481,138846,94,5461,2963,84751,3614,108574,3115,193325,California
San Joaquin,2021-04-02,6507,303664,2909,155759,3091,141937,507,5968,2610,84033,3866,112440,3148,196473,California
San Joaquin,2021-04-03,4241,307905,2411,158170,1504,143441,326,6294,2033,84215,2188,114628,2370,198843,California
San Joaquin,2021-04-04,2308,310213,1378,159548,723,144164,207,6501,1555,85256,741,115369,1782,200625,California
San Joaquin,2021-04-05,4893,315106,2884,162432,1770,145934,239,6740,2731,86090,2145,117514,2979,203604,California
San Joaquin,2021-04-06,7233,322339,4589,167021,2364,148298,280,7020,3465,86119,3731,121245,3760,207364,California
San Joaquin,2021-04-07,8499,330838,4605,171626,2302,150600,1592,8612,3588,86429,4884,126129,5194,212558,California
San Joaquin,2021-04-08,8942,339780,4774,176400,1997,152597,2171,10783,3390,86469,5522,131651,5562,218120,California
San Joaquin,2021-04-09,9118,348898,4421,180821,3088,155685,1609,12392,3354,85715,5735,137386,4981,223101,California
San Joaquin,2021-04-10,5263,354161,1666,182487,1687,157372,1910,14302,1788,85950,3460,140846,3695,226796,California
San Joaquin,2021-04-11,4310,358471,1777,184264,1366,158738,1167,15469,1978,86771,2318,143164,3139,229935,California
San Joaquin,2021-04-12,6175,364646,2515,186779,2108,160846,1552,17021,2437,87055,3710,146874,3994,233929,California
San Joaquin,2021-04-13,7680,372326,4416,191195,3255,164101,9,17030,4683,88785,2968,149842,4698,238627,California
San Joaquin,2021-04-14,7740,380066,3922,195117,3816,167917,2,17032,4648,90382,3065,152907,4662,243289,California
San Joaquin,2021-04-15,8047,388113,4775,199892,3272,171189,0,17032,4438,91267,3562,156469,4447,247736,California
San Joaquin,2021-04-16,7924,396037,4298,204190,3623,174812,3,17035,4769,92930,3121,159590,4784,252520,California
San Joaquin,2021-04-17,5212,401249,2831,207021,2379,177191,2,17037,3693,95137,1506,161096,3713,256233,California
San Joaquin,2021-04-18,2606,403855,1501,208522,1105,178296,0,17037,1382,95320,1207,162303,1390,257623,California
San Joaquin,2021-04-19,5329,409184,2837,211359,2491,180787,1,17038,2772,95584,2520,164823,2784,260407,California
San Joaquin,2021-04-20,6499,415683,3484,214843,3014,183801,1,17039,3051,95233,3413,168236,3062,263469,California
San Joaquin,2021-04-21,6054,421737,3446,218289,2608,186409,0,17039,3082,95414,2910,171146,3091,266560,California
San Joaquin,2021-04-22,5570,427307,3316,221605,2252,188661,2,17041,3149,96196,2386,173532,3168,269728,California
San Joaquin,2021-04-23,6218,433525,3034,224639,3183,191844,1,17042,3896,97804,2296,175828,3904,273632,California
San Joaquin,2021-04-24,5283,438808,3638,228277,1643,193487,2,17044,3436,99431,1818,177646,3445,277077,California
San Joaquin,2021-04-25,3083,441891,2596,230873,487,193974,0,17044,2047,100474,1010,178656,2053,279130,California
San Joaquin,2021-04-26,4245,446136,2740,233613,1501,195475,4,17048,2185,100628,2041,180697,2195,281325,California
San Joaquin,2021-04-27,4832,450968,2768,236381,2002,197477,62,17110,2039,99974,2763,183460,2109,283434,California
San Joaquin,2021-04-28,5875,456843,3521,239902,2274,199751,80,17190,2856,99939,2981,186441,2946,286380,California
San Joaquin,2021-04-29,5189,462032,3052,242954,2080,201831,57,17247,2626,100102,2532,188973,2695,289075,California
San Joaquin,2021-04-30,5252,467284,2593,245547,2592,204423,67,17314,2691,100333,2537,191510,2768,291843,California
San Joaquin,2021-05-01,3382,470666,1933,247480,1391,205814,58,17372,2153,101338,1218,192728,2223,294066,California
San Joaquin,2021-05-02,2309,472975,1606,249086,646,206460,57,17429,1167,101425,1138,193866,1225,295291,California
San Joaquin,2021-05-03,3419,476394,2287,251373,1052,207512,80,17509,1412,100935,1990,195856,1500,296791,California
San Joaquin,2021-05-04,5092,481486,3432,254805,1503,209015,157,17666,1856,99747,3212,199068,2024,298815,California
San Joaquin,2021-05-05,5377,486863,3724,258529,1489,210504,164,17830,2395,99365,2947,202015,2565,301380,California
San Joaquin,2021-05-06,4915,491778,3318,261847,1466,211970,131,17961,2140,98890,2758,204773,2283,303663,California
San Joaquin,2021-05-07,5352,497130,3145,264992,2055,214025,152,18113,2039,97803,3287,208060,2200,305863,California
San Joaquin,2021-05-08,3407,500537,2235,267227,1071,215096,101,18214,1286,97094,2105,210165,1396,307259,California
San Joaquin,2021-05-09,1518,502055,867,268094,581,215677,70,18284,574,96803,941,211106,650,307909,California
San Joaquin,2021-05-10,2946,505001,1562,269656,1259,216936,125,18409,946,95896,1983,213089,1076,308985,California
San Joaquin,2021-05-11,4274,509275,2231,271887,1920,218856,123,18532,1298,94390,2958,216047,1452,310437,California
San Joaquin,2021-05-12,4522,513797,2154,274041,2242,221098,126,18658,1397,92822,3103,219150,1535,311972,California
San Joaquin,2021-05-13,4895,518692,2881,276922,1924,223022,90,18748,1876,91800,3003,222153,1981,313953,California
San Joaquin,2021-05-14,5921,524613,3567,280489,2246,225268,108,18856,2437,90897,3454,225607,2551,316504,California
San Joaquin,2021-05-15,5265,529878,3139,283628,2045,227313,81,18937,1654,89056,3580,229187,1739,318243,California
San Joaquin,2021-05-16,3627,533505,2853,286481,725,228038,49,18986,1474,88448,2139,231326,1531,319774,California
San Joaquin,2021-05-17,4176,537681,2505,288986,1574,229612,97,19083,1792,87981,2366,233692,1899,321673,California
San Joaquin,2021-05-18,4008,541689,2319,291305,1574,231186,115,19198,1861,87831,2129,235821,1979,323652,California
San Joaquin,2021-05-19,4794,546483,2796,294101,1863,233049,135,19333,2027,87266,2736,238557,2171,325823,California
San Joaquin,2021-05-20,4017,550500,2406,296507,1506,234555,105,19438,1734,86851,2257,240814,1842,327665,California
San Joaquin,2021-05-21,5094,555594,2995,299502,1977,236532,122,19560,2308,86537,2754,243568,2440,330105,California
San Joaquin,2021-05-22,4066,559660,2550,302052,1421,237953,95,19655,1813,86217,2239,245807,1919,332024,California
San Joaquin,2021-05-23,2540,562200,2085,304137,411,238364,44,19699,1470,86676,1059,246866,1518,333542,California
San Joaquin,2021-05-24,3107,565307,1823,305960,1191,239555,93,19792,1450,86583,1641,248507,1548,335090,California
San Joaquin,2021-05-25,3136,568443,1953,307913,1035,240590,148,19940,1446,86509,1669,250176,1595,336685,California
San Joaquin,2021-05-26,3935,572378,2425,310338,1435,242025,75,20015,1600,85869,2318,252494,1678,338363,California
San Joaquin,2021-05-27,3152,575530,1720,312058,1347,243372,85,20100,1284,85389,1851,254345,1371,339734,California
San Joaquin,2021-05-28,3137,578667,1676,313734,1369,244741,92,20192,1453,85284,1659,256004,1554,341288,California
San Joaquin,2021-05-29,2151,580818,1189,314923,926,245667,36,20228,917,85012,1229,257233,957,342245,California
San Joaquin,2021-05-30,976,581794,522,315445,428,246095,26,20254,399,84869,571,257804,428,342673,California
San Joaquin,2021-05-31,621,582415,260,315705,354,246449,7,20261,235,84730,381,258185,242,342915,California
San Joaquin,2021-06-01,2474,584889,1491,317196,886,247335,97,20358,1173,84716,1291,259476,1277,344192,California
San Joaquin,2021-06-02,2736,587625,1618,318814,1064,248399,54,20412,1133,84319,1587,261063,1190,345382,California
San Joaquin,2021-06-03,2856,590481,1764,320578,1035,249434,57,20469,1057,83656,1781,262844,1118,346500,California
San Joaquin,2021-06-04,3153,593634,1938,322516,1110,250544,105,20574,1058,82753,2067,264911,1164,347664,California
San Joaquin,2021-06-05,2520,596154,1919,324435,535,251079,66,20640,1149,82693,1279,266190,1219,348883,California
San Joaquin,2021-06-06,1099,597253,885,325320,177,251256,37,20677,428,82506,652,266842,465,349348,California
San Joaquin,2021-06-07,2835,600088,2102,327422,692,251948,41,20718,975,81679,1852,268694,1025,350373,California
San Joaquin,2021-06-08,2774,602862,2102,329524,627,252575,45,20763,871,80712,1886,270580,919,351292,California
San Joaquin,2021-06-09,2857,605719,1988,331512,825,253400,44,20807,963,79845,1876,272456,1009,352301,California
San Joaquin,2021-06-10,2676,608395,1947,333459,663,254063,66,20873,1004,79251,1667,274123,1073,353374,California
San Joaquin,2021-06-11,2970,611365,2055,335514,798,254861,117,20990,972,78352,1989,276112,1090,354464,California
San Joaquin,2021-06-12,1861,613226,1401,336915,429,255290,31,21021,630,77810,1224,277336,682,355146,California
San Joaquin,2021-06-13,1067,614293,826,337741,193,255483,48,21069,488,77773,575,277911,538,355684,California
San Joaquin,2021-06-14,2218,616511,1490,339231,656,256139,72,21141,930,77500,1277,279188,1004,356688,California
San Joaquin,2021-06-15,2245,618756,1498,340729,670,256809,77,21218,870,77088,1362,280550,950,357638,California
San Joaquin,2021-06-16,2723,621479,1955,342684,686,257495,82,21300,906,76276,1801,282351,989,358627,California
San Joaquin,2021-06-17,2623,624102,1866,344550,694,258189,63,21363,888,75505,1722,284073,951,359578,California
San Joaquin,2021-06-18,2769,626871,1817,346367,876,259065,76,21439,1147,75120,1609,285682,1224,360802,California
San Joaquin,2021-06-19,1396,628267,869,347236,267,259332,260,21699,500,74992,889,286571,761,361563,California
San Joaquin,2021-06-20,655,628922,517,347753,112,259444,26,21725,290,74948,359,286930,315,361878,California
San Joaquin,2021-06-21,1621,630543,956,348709,556,260000,109,21834,821,75085,793,287723,930,362808,California
San Joaquin,2021-06-22,1899,632442,1250,349959,578,260578,71,21905,822,74910,1066,288789,891,363699,California
San Joaquin,2021-06-23,2040,634482,1338,351297,620,261198,82,21987,830,74633,1190,289979,913,364612,California
San Joaquin,2021-06-24,2033,636515,1386,352683,547,261745,100,22087,924,74611,1048,291027,1026,365638,California
San Joaquin,2021-06-25,1791,638306,1139,353822,572,262317,80,22167,829,74565,955,291982,909,366547,California
San Joaquin,2021-06-26,1102,639408,816,354638,233,262550,53,22220,545,74611,553,292535,599,367146,California
San Joaquin,2021-06-27,580,639988,439,355077,102,262652,39,22259,284,74642,292,292827,323,367469,California
San Joaquin,2021-06-28,1502,641490,1054,356131,375,263027,73,22332,709,74662,763,293590,783,368252,California
San Joaquin,2021-06-29,1443,642933,942,357073,429,263456,72,22404,677,74652,759,294349,749,369001,California
San Joaquin,2021-06-30,999,643932,677,357750,295,263751,27,22431,414,74516,581,294930,445,369446,California
San Luis Obispo,2020-12-16,4,4,4,4,0,0,0,0,4,4,0,0,4,4,California
San Luis Obispo,2020-12-17,196,200,196,200,0,0,0,0,196,200,0,0,196,200,California
San Luis Obispo,2020-12-18,224,424,224,424,0,0,0,0,224,424,0,0,224,424,California
San Luis Obispo,2020-12-19,164,588,164,588,0,0,0,0,164,588,0,0,164,588,California
San Luis Obispo,2020-12-20,215,803,215,803,0,0,0,0,215,803,0,0,215,803,California
San Luis Obispo,2020-12-21,550,1353,549,1352,1,1,0,0,550,1353,0,0,550,1353,California
San Luis Obispo,2020-12-22,309,1662,305,1657,4,5,0,0,309,1662,0,0,309,1662,California
San Luis Obispo,2020-12-23,681,2343,367,2024,314,319,0,0,681,2343,0,0,681,2343,California
San Luis Obispo,2020-12-24,194,2537,19,2043,175,494,0,0,194,2537,0,0,194,2537,California
San Luis Obispo,2020-12-25,2,2539,1,2044,1,495,0,0,2,2539,0,0,2,2539,California
San Luis Obispo,2020-12-26,90,2629,13,2057,77,572,0,0,90,2629,0,0,90,2629,California
San Luis Obispo,2020-12-27,76,2705,0,2057,76,648,0,0,76,2705,0,0,76,2705,California
San Luis Obispo,2020-12-28,877,3582,428,2485,449,1097,0,0,877,3582,0,0,877,3582,California
San Luis Obispo,2020-12-29,904,4486,505,2990,399,1496,0,0,904,4486,0,0,904,4486,California
San Luis Obispo,2020-12-30,1172,5658,679,3669,493,1989,0,0,1172,5658,0,0,1172,5658,California
San Luis Obispo,2020-12-31,109,5767,4,3673,105,2094,0,0,109,5767,0,0,109,5767,California
San Luis Obispo,2021-01-01,18,5785,11,3684,7,2101,0,0,18,5785,0,0,18,5785,California
San Luis Obispo,2021-01-02,34,5819,8,3692,26,2127,0,0,34,5819,0,0,34,5819,California
San Luis Obispo,2021-01-03,17,5836,6,3698,11,2138,0,0,17,5836,0,0,17,5836,California
San Luis Obispo,2021-01-04,681,6517,525,4223,156,2294,0,0,681,6517,0,0,681,6517,California
San Luis Obispo,2021-01-05,975,7492,755,4978,220,2514,0,0,972,7486,3,3,972,7489,California
San Luis Obispo,2021-01-06,728,8220,481,5459,247,2761,0,0,720,8199,7,10,720,8209,California
San Luis Obispo,2021-01-07,1122,9342,946,6405,176,2937,0,0,679,8435,443,453,679,8888,California
San Luis Obispo,2021-01-08,884,10226,804,7209,80,3017,0,0,515,8582,368,821,515,9403,California
San Luis Obispo,2021-01-09,205,10431,195,7404,10,3027,0,0,28,8433,177,998,28,9431,California
San Luis Obispo,2021-01-10,12,10443,8,7412,4,3031,0,0,8,8437,4,1002,8,9439,California
San Luis Obispo,2021-01-11,560,11003,509,7921,51,3082,0,0,298,8474,261,1263,298,9737,California
San Luis Obispo,2021-01-12,600,11603,382,8303,218,3300,0,0,319,8512,281,1544,319,10056,California
San Luis Obispo,2021-01-13,887,12490,259,8562,628,3928,0,0,650,8927,235,1779,650,10706,California
San Luis Obispo,2021-01-14,727,13217,239,8801,488,4416,0,0,605,9419,113,1892,605,11311,California
San Luis Obispo,2021-01-15,734,13951,293,9094,441,4857,0,0,555,9800,174,2066,555,11866,California
San Luis Obispo,2021-01-16,102,14053,82,9176,20,4877,0,0,96,9890,6,2072,96,11962,California
San Luis Obispo,2021-01-17,63,14116,56,9232,7,4884,0,0,63,9953,0,2072,63,12025,California
San Luis Obispo,2021-01-18,1370,15486,390,9622,980,5864,0,0,1107,10797,263,2335,1107,13132,California
San Luis Obispo,2021-01-19,1584,17070,417,10039,1167,7031,0,0,1174,11562,410,2745,1175,14307,California
San Luis Obispo,2021-01-20,1894,18964,602,10641,1292,8323,0,0,1301,12273,591,3336,1302,15609,California
San Luis Obispo,2021-01-21,1578,20542,469,11110,1109,9432,0,0,1207,13114,367,3703,1208,16817,California
San Luis Obispo,2021-01-22,1523,22065,508,11618,1015,10447,0,0,1207,14007,314,4017,1207,18024,California
San Luis Obispo,2021-01-23,308,22373,289,11907,19,10466,0,0,292,14283,16,4033,292,18316,California
San Luis Obispo,2021-01-24,442,22815,234,12141,208,10674,0,0,436,14712,7,4040,436,18752,California
San Luis Obispo,2021-01-25,2075,24890,602,12743,1473,12147,0,0,1245,15127,830,4870,1245,19997,California
San Luis Obispo,2021-01-26,2004,26894,705,13448,1299,13446,0,0,1140,15403,864,5734,1140,21137,California
San Luis Obispo,2021-01-27,1608,28502,280,13728,1328,14774,0,0,1149,16093,459,6193,1149,22286,California
San Luis Obispo,2021-01-28,1496,29998,342,14070,1154,15928,0,0,1232,17063,262,6455,1232,23518,California
San Luis Obispo,2021-01-29,1747,31745,689,14759,1058,16986,0,0,1457,18230,290,6745,1457,24975,California
San Luis Obispo,2021-01-30,41,31786,19,14778,22,17008,0,0,29,18248,11,6756,29,25004,California
San Luis Obispo,2021-01-31,234,32020,19,14797,215,17223,0,0,232,18478,2,6758,232,25236,California
San Luis Obispo,2021-02-01,1710,33730,741,15538,969,18192,0,0,1405,19579,304,7062,1405,26641,California
San Luis Obispo,2021-02-02,1904,35634,680,16218,1224,19416,0,0,1526,20728,378,7440,1527,28168,California
San Luis Obispo,2021-02-03,1713,37347,730,16948,983,20399,0,0,1297,21609,416,7856,1297,29465,California
San Luis Obispo,2021-02-04,1663,39010,802,17750,861,21260,0,0,1097,22140,566,8422,1097,30562,California
San Luis Obispo,2021-02-05,1609,40619,717,18467,892,22152,0,0,1064,22659,546,8968,1065,31627,California
San Luis Obispo,2021-02-06,178,40797,108,18575,70,22222,0,0,98,22677,80,9048,98,31725,California
San Luis Obispo,2021-02-07,124,40921,79,18654,45,22267,0,0,72,22698,52,9100,73,31798,California
San Luis Obispo,2021-02-08,865,41786,473,19127,392,22659,0,0,501,22836,363,9463,501,32299,California
San Luis Obispo,2021-02-09,1127,42913,448,19575,679,23338,0,0,545,22812,576,10039,552,32851,California
San Luis Obispo,2021-02-10,1443,44356,493,20068,950,24288,0,0,528,22430,913,10952,531,33382,California
San Luis Obispo,2021-02-11,1335,45691,846,20914,489,24777,0,0,660,22417,673,11625,660,34042,California
San Luis Obispo,2021-02-12,782,46473,362,21276,420,25197,0,0,415,22465,367,11992,415,34457,California
San Luis Obispo,2021-02-13,395,46868,131,21407,264,25461,0,0,287,22645,107,12099,287,34744,California
San Luis Obispo,2021-02-14,323,47191,44,21451,279,25740,0,0,284,22891,39,12138,285,35029,California
San Luis Obispo,2021-02-15,730,47921,139,21590,591,26331,0,0,474,23110,255,12393,474,35503,California
San Luis Obispo,2021-02-16,2979,50900,1199,22789,1780,28111,0,0,1367,22865,1612,14005,1367,36870,California
San Luis Obispo,2021-02-17,2793,53693,1247,24036,1546,29657,0,0,1026,22133,1758,15763,1026,37896,California
San Luis Obispo,2021-02-18,2839,56532,1470,25506,1369,31026,0,0,1137,21578,1693,17456,1138,39034,California
San Luis Obispo,2021-02-19,1475,58007,1353,26859,122,31148,0,0,1141,22387,332,17788,1141,40175,California
San Luis Obispo,2021-02-20,260,58267,87,26946,173,31321,0,0,221,22570,39,17827,222,40397,California
San Luis Obispo,2021-02-21,57,58324,53,26999,4,31325,0,0,32,22577,25,17852,32,40429,California
San Luis Obispo,2021-02-22,2430,60754,1880,28879,550,31875,0,0,1472,23093,957,18809,1473,41902,California
San Luis Obispo,2021-02-23,1864,62618,1749,30628,115,31990,0,0,1366,23964,496,19305,1367,43269,California
San Luis Obispo,2021-02-24,2655,65273,1307,31935,1348,33338,0,0,836,22984,1816,21121,836,44105,California
San Luis Obispo,2021-02-25,2132,67405,1243,33178,889,34227,0,0,1208,23276,917,22038,1209,45314,California
San Luis Obispo,2021-02-26,2651,70056,1150,34328,1501,35728,0,0,1330,23295,1311,23349,1330,46644,California
San Luis Obispo,2021-02-27,585,70641,354,34682,231,35959,0,0,528,23767,56,23405,528,47172,California
San Luis Obispo,2021-02-28,592,71233,67,34749,525,36484,0,0,164,23505,426,23831,164,47336,California
San Luis Obispo,2021-03-01,3011,74244,1879,36628,1130,37614,2,2,2078,24653,933,24764,2081,49417,California
San Luis Obispo,2021-03-02,3054,77298,1913,38541,1141,38755,0,2,1894,25393,1155,25919,1895,51312,California
San Luis Obispo,2021-03-03,2351,79649,345,38886,2006,40761,0,2,857,24763,1488,27407,858,52170,California
San Luis Obispo,2021-03-04,2205,81854,1162,40048,1043,41804,0,2,1186,24935,1016,28423,1188,53358,California
San Luis Obispo,2021-03-05,2304,84158,1021,41069,1213,43017,70,72,1296,25307,994,29417,1366,54724,California
San Luis Obispo,2021-03-06,841,84999,312,41381,421,43438,108,180,618,25804,223,29640,720,55444,California
San Luis Obispo,2021-03-07,202,85201,34,41415,84,43522,84,264,77,25838,124,29764,158,55602,California
San Luis Obispo,2021-03-08,2738,87939,759,42174,1661,45183,318,582,1542,26506,1191,30955,1859,57461,California
San Luis Obispo,2021-03-09,2963,90902,974,43148,1741,46924,248,830,1532,26860,1427,32382,1781,59242,California
San Luis Obispo,2021-03-10,3202,94104,1241,44389,1679,48603,282,1112,1822,27586,1376,33758,2102,61344,California
San Luis Obispo,2021-03-11,3353,97457,1322,45711,1708,50311,323,1435,1811,28191,1530,35288,2135,63479,California
San Luis Obispo,2021-03-12,3220,100677,1240,46951,1642,51953,338,1773,1625,28567,1588,36876,1964,65443,California
San Luis Obispo,2021-03-13,910,101587,262,47213,538,52491,110,1883,541,28847,368,37244,648,66091,California
San Luis Obispo,2021-03-14,517,102104,55,47268,351,52842,111,1994,135,28713,380,37624,246,66337,California
San Luis Obispo,2021-03-15,3067,105171,1104,48372,1862,54704,101,2095,1529,28811,1535,39159,1633,67970,California
San Luis Obispo,2021-03-16,2858,108029,1511,49883,1237,55941,110,2205,1440,28949,1411,40570,1549,69519,California
San Luis Obispo,2021-03-17,3459,111488,1447,51330,1750,57691,262,2467,2006,29776,1440,42010,2267,71786,California
San Luis Obispo,2021-03-18,2830,114318,1449,52779,1167,58858,214,2681,1356,29877,1467,43477,1568,73354,California
San Luis Obispo,2021-03-19,2602,116920,1574,54353,706,59564,322,3003,965,29539,1627,45104,1289,74643,California
San Luis Obispo,2021-03-20,840,117760,501,54854,302,59866,37,3040,385,29507,454,45558,422,75065,California
San Luis Obispo,2021-03-21,190,117950,45,54899,141,60007,4,3044,160,29641,29,45587,163,75228,California
San Luis Obispo,2021-03-22,2762,120712,1174,56073,1540,61547,48,3092,1928,30787,830,46417,1976,77204,California
San Luis Obispo,2021-03-23,3348,124060,2227,58300,1092,62639,29,3121,2226,31925,1117,47534,2255,79459,California
San Luis Obispo,2021-03-24,3572,127632,2186,60486,1301,63940,85,3206,2660,33763,906,48440,2744,82203,California
San Luis Obispo,2021-03-25,3717,131349,2332,62818,1373,65313,12,3218,2661,35384,1051,49491,2672,84875,California
San Luis Obispo,2021-03-26,3327,134676,1813,64631,1042,66355,472,3690,1851,36238,1469,50960,2323,87198,California
San Luis Obispo,2021-03-27,1006,135682,508,65139,407,66762,91,3781,452,36229,552,51512,543,87741,California
San Luis Obispo,2021-03-28,622,136304,155,65294,411,67173,56,3837,418,36501,203,51715,475,88216,California
San Luis Obispo,2021-03-29,2632,138936,1323,66617,1176,68349,133,3970,1681,37381,935,52650,1815,90031,California
San Luis Obispo,2021-03-30,3538,142474,1941,68558,1456,69805,141,4111,2345,38680,1186,53836,2485,92516,California
San Luis Obispo,2021-03-31,3895,146369,2478,71036,1269,71074,148,4259,2503,39949,1381,55217,2650,95166,California
San Luis Obispo,2021-04-01,3899,150268,2470,73506,1311,72385,118,4377,2716,41613,1168,56385,2832,97998,California
San Luis Obispo,2021-04-02,1759,152027,691,74197,753,73138,315,4692,956,42082,800,57185,1269,99267,California
San Luis Obispo,2021-04-03,1113,153140,556,74753,430,73568,127,4819,494,42089,614,57799,621,99888,California
San Luis Obispo,2021-04-04,388,153528,134,74887,214,73782,40,4859,241,42223,147,57946,281,100169,California
San Luis Obispo,2021-04-05,3639,157167,1941,76828,1585,75367,113,4972,2037,42774,1598,59544,2149,102318,California
San Luis Obispo,2021-04-06,4176,161343,2210,79038,1642,77009,324,5296,1989,42908,2178,61722,2312,104630,California
San Luis Obispo,2021-04-07,4318,165661,2350,81388,1601,78610,367,5663,2474,43917,1829,63551,2838,107468,California
San Luis Obispo,2021-04-08,4000,169661,2194,83582,1398,80008,408,6071,2137,44608,1854,65405,2545,110013,California
San Luis Obispo,2021-04-09,3688,173349,1754,85336,1173,81181,761,6832,1507,44701,2169,67574,2262,112275,California
San Luis Obispo,2021-04-10,1699,175048,569,85905,460,81641,670,7502,499,44669,1197,68771,1165,113440,California
San Luis Obispo,2021-04-11,317,175365,64,85969,186,81827,67,7569,126,44673,189,68960,193,113633,California
San Luis Obispo,2021-04-12,3427,178792,1719,87688,1546,83373,162,7731,1419,44247,2006,70966,1580,115213,California
San Luis Obispo,2021-04-13,3727,182519,2163,89851,1563,84936,1,7732,2000,44525,1724,72690,2002,117215,California
San Luis Obispo,2021-04-14,3617,186136,2065,91916,1547,86483,5,7737,1768,44466,1831,74521,1772,118987,California
San Luis Obispo,2021-04-15,3793,189929,2471,94387,1321,87804,1,7738,2034,44765,1737,76258,2036,121023,California
San Luis Obispo,2021-04-16,3682,193611,2246,96633,1432,89236,4,7742,1771,44637,1901,78159,1773,122796,California
San Luis Obispo,2021-04-17,1096,194707,434,97067,660,89896,2,7744,712,44968,383,78542,714,123510,California
San Luis Obispo,2021-04-18,328,195035,104,97171,223,90119,1,7745,115,44874,209,78751,115,123625,California
San Luis Obispo,2021-04-19,3213,198248,1354,98525,1821,91940,38,7783,1103,43912,2104,80855,1142,124767,California
San Luis Obispo,2021-04-20,3657,201905,2031,100556,1626,93566,0,7783,1343,42952,2303,83158,1343,126110,California
San Luis Obispo,2021-04-21,4006,205911,1849,102405,2157,95723,0,7783,1606,42182,2379,85537,1609,127719,California
San Luis Obispo,2021-04-22,4622,210533,2079,104484,2543,98266,0,7783,1424,40429,3179,88716,1426,129145,California
San Luis Obispo,2021-04-23,1442,211975,837,105321,601,98867,4,7787,722,40440,716,89432,727,129872,California
San Luis Obispo,2021-04-24,1083,213058,439,105760,625,99492,19,7806,508,40385,582,90014,527,130399,California
San Luis Obispo,2021-04-25,518,213576,163,105923,355,99847,0,7806,113,40098,400,90414,113,130512,California
San Luis Obispo,2021-04-26,1085,214661,397,106320,670,100517,18,7824,398,39838,675,91089,415,130927,California
San Luis Obispo,2021-04-27,3928,218589,1994,108314,1855,102372,79,7903,1529,39054,2391,93480,1607,132534,California
San Luis Obispo,2021-04-28,3821,222410,2109,110423,1640,104012,72,7975,1340,37997,2469,95949,1412,133946,California
San Luis Obispo,2021-04-29,3731,226141,2128,112551,1536,105548,67,8042,1252,36855,2462,98411,1320,135266,California
San Luis Obispo,2021-04-30,3004,229145,1687,114238,1243,106791,74,8116,919,35782,2064,100475,991,136257,California
San Luis Obispo,2021-05-01,478,229623,164,114402,279,107070,35,8151,103,35548,371,100846,137,136394,California
San Luis Obispo,2021-05-02,172,229795,53,114455,99,107169,20,8171,43,35482,129,100975,63,136457,California
San Luis Obispo,2021-05-03,892,230687,287,114742,494,107663,111,8282,223,35147,667,101642,332,136789,California
San Luis Obispo,2021-05-04,2974,233661,1921,116663,982,108645,71,8353,874,33996,2093,103735,942,137731,California
San Luis Obispo,2021-05-05,2862,236523,1878,118541,917,109562,67,8420,677,32568,2172,105907,744,138475,California
San Luis Obispo,2021-05-06,2846,239369,1915,120456,867,110429,64,8484,722,31249,2105,108012,786,139261,California
San Luis Obispo,2021-05-07,2366,241735,1775,122231,523,110952,68,8552,598,30168,1748,109760,667,139928,California
San Luis Obispo,2021-05-08,606,242341,343,122574,239,111191,24,8576,204,30013,383,110143,228,140156,California
San Luis Obispo,2021-05-09,166,242507,43,122617,104,111295,19,8595,46,29959,119,110262,65,140221,California
San Luis Obispo,2021-05-10,733,243240,158,122775,523,111818,52,8647,157,29595,571,110833,207,140428,California
San Luis Obispo,2021-05-11,1218,244458,598,123373,545,112363,75,8722,382,29222,830,111663,457,140885,California
San Luis Obispo,2021-05-12,2508,246966,1610,124983,815,113178,83,8805,695,28204,1796,113459,778,141663,California
San Luis Obispo,2021-05-13,1185,248151,717,125700,406,113584,62,8867,488,28062,691,114150,549,142212,California
San Luis Obispo,2021-05-14,2267,250418,1647,127347,568,114152,52,8919,934,27732,1315,115465,985,143197,California
San Luis Obispo,2021-05-15,988,251406,454,127801,500,114652,34,8953,463,27708,522,115987,498,143695,California
San Luis Obispo,2021-05-16,310,251716,166,127967,138,114790,6,8959,176,27757,133,116120,182,143877,California
San Luis Obispo,2021-05-17,1689,253405,978,128945,651,115441,60,9019,668,27474,1012,117132,729,144606,California
San Luis Obispo,2021-05-18,1908,255313,1162,130107,713,116154,33,9052,723,27052,1179,118311,757,145363,California
San Luis Obispo,2021-05-19,1458,256771,624,130731,771,116925,63,9115,406,26474,1046,119357,468,145831,California
San Luis Obispo,2021-05-20,1149,257920,499,131230,613,117538,37,9152,339,26051,799,120156,376,146207,California
San Luis Obispo,2021-05-21,1106,259026,573,131803,492,118030,41,9193,510,26016,586,120742,551,146758,California
San Luis Obispo,2021-05-22,681,259707,324,132127,334,118364,23,9216,338,26041,336,121078,361,147119,California
San Luis Obispo,2021-05-23,147,259854,69,132196,72,118436,6,9222,52,26005,94,121172,58,147177,California
San Luis Obispo,2021-05-24,562,260416,262,132458,266,118702,34,9256,200,25879,360,121532,234,147411,California
San Luis Obispo,2021-05-25,880,261296,429,132887,424,119126,27,9283,345,25723,527,122059,371,147782,California
San Luis Obispo,2021-05-26,2142,263438,993,133880,1094,120220,55,9338,663,24968,1472,123531,717,148499,California
San Luis Obispo,2021-05-27,1879,265317,668,134548,1179,121399,32,9370,492,24109,1382,124913,523,149022,California
San Luis Obispo,2021-05-28,914,266231,467,135015,426,121825,21,9391,481,24180,431,125344,502,149524,California
San Luis Obispo,2021-05-29,378,266609,153,135168,214,122039,11,9402,208,24231,169,125513,220,149744,California
San Luis Obispo,2021-05-30,89,266698,36,135204,45,122084,8,9410,34,24218,54,125567,41,149785,California
San Luis Obispo,2021-05-31,41,266739,5,135209,23,122107,13,9423,16,24222,24,125591,28,149813,California
San Luis Obispo,2021-06-01,756,267495,325,135534,400,122507,31,9454,270,24041,482,126073,301,150114,California
San Luis Obispo,2021-06-02,639,268134,287,135821,312,122819,40,9494,185,23818,447,126520,224,150338,California
San Luis Obispo,2021-06-03,918,269052,455,136276,431,123250,32,9526,254,23442,662,127182,286,150624,California
San Luis Obispo,2021-06-04,2482,271534,1525,137801,916,124166,41,9567,703,22418,1766,128948,742,151366,California
San Luis Obispo,2021-06-05,661,272195,288,138089,353,124519,20,9587,318,22414,342,129290,338,151704,California
San Luis Obispo,2021-06-06,185,272380,132,138221,44,124563,9,9596,46,22330,139,129429,55,151759,California
San Luis Obispo,2021-06-07,544,272924,358,138579,148,124711,38,9634,154,22134,388,129817,192,151951,California
San Luis Obispo,2021-06-08,809,273733,525,139104,243,124954,41,9675,244,21858,561,130378,285,152236,California
San Luis Obispo,2021-06-09,639,274372,355,139459,253,125207,31,9706,187,21627,449,130827,218,152454,California
San Luis Obispo,2021-06-10,756,275128,365,139824,352,125559,39,9745,222,21356,532,131359,261,152715,California
San Luis Obispo,2021-06-11,938,276066,541,140365,361,125920,36,9781,340,21139,594,131953,377,153092,California
San Luis Obispo,2021-06-12,392,276458,268,140633,121,126041,3,9784,168,21087,223,132176,171,153263,California
San Luis Obispo,2021-06-13,160,276618,91,140724,66,126107,3,9787,43,21016,117,132293,46,153309,California
San Luis Obispo,2021-06-14,455,277073,298,141022,126,126233,31,9818,129,20851,323,132616,158,153467,California
San Luis Obispo,2021-06-15,640,277713,397,141419,205,126438,38,9856,237,20726,399,133015,274,153741,California
San Luis Obispo,2021-06-16,626,278339,365,141784,226,126664,35,9891,180,20501,439,133454,214,153955,California
San Luis Obispo,2021-06-17,597,278936,340,142124,231,126895,26,9917,196,20323,400,133854,222,154177,California
San Luis Obispo,2021-06-18,789,279725,506,142630,237,127132,46,9963,279,20143,506,134360,326,154503,California
San Luis Obispo,2021-06-19,266,279991,151,142781,101,127233,14,9977,100,20093,164,134524,114,154617,California
San Luis Obispo,2021-06-20,110,280101,73,142854,29,127262,8,9985,45,20082,64,134588,53,154670,California
San Luis Obispo,2021-06-21,351,280452,222,143076,103,127365,26,10011,154,20067,195,134783,180,154850,California
San Luis Obispo,2021-06-22,622,281074,363,143439,227,127592,32,10043,277,20033,343,135126,309,155159,California
San Luis Obispo,2021-06-23,495,281569,272,143711,203,127795,20,10063,238,20034,257,135383,258,155417,California
San Luis Obispo,2021-06-24,468,282037,262,143973,180,127975,26,10089,204,20004,260,135643,230,155647,California
San Luis Obispo,2021-06-25,528,282565,213,144186,293,128268,22,10111,210,19922,312,135955,230,155877,California
San Luis Obispo,2021-06-26,272,282837,147,144333,107,128375,18,10129,119,19905,153,136108,136,156013,California
San Luis Obispo,2021-06-27,147,282984,95,144428,47,128422,5,10134,77,19918,69,136177,82,156095,California
San Luis Obispo,2021-06-28,341,283325,245,144673,80,128502,16,10150,130,19855,208,136385,145,156240,California
San Luis Obispo,2021-06-29,480,283805,312,144985,152,128654,16,10166,203,19802,272,136657,219,156459,California
San Luis Obispo,2021-06-30,243,284048,126,145111,90,128744,27,10193,90,19767,151,136808,116,156575,California
San Mateo,2020-12-15,27,27,27,27,0,0,0,0,27,27,0,0,27,27,California
San Mateo,2020-12-16,112,139,112,139,0,0,0,0,112,139,0,0,112,139,California
San Mateo,2020-12-17,173,312,173,312,0,0,0,0,173,312,0,0,173,312,California
San Mateo,2020-12-18,776,1088,774,1086,2,2,0,0,776,1088,0,0,776,1088,California
San Mateo,2020-12-19,517,1605,517,1603,0,2,0,0,517,1605,0,0,517,1605,California
San Mateo,2020-12-20,505,2110,504,2107,1,3,0,0,505,2110,0,0,505,2110,California
San Mateo,2020-12-21,1145,3255,1144,3251,1,4,0,0,1145,3255,0,0,1145,3255,California
San Mateo,2020-12-22,1520,4775,1512,4763,8,12,0,0,1519,4773,1,1,1519,4774,California
San Mateo,2020-12-23,1568,6343,1378,6141,190,202,0,0,1568,6341,0,1,1568,6342,California
San Mateo,2020-12-24,869,7212,612,6753,257,459,0,0,869,7210,0,1,869,7211,California
San Mateo,2020-12-25,113,7325,109,6862,4,463,0,0,113,7323,0,1,113,7324,California
San Mateo,2020-12-26,560,7885,418,7280,142,605,0,0,560,7883,0,1,560,7884,California
San Mateo,2020-12-27,303,8188,172,7452,131,736,0,0,303,8186,0,1,303,8187,California
San Mateo,2020-12-28,1059,9247,709,8161,350,1086,0,0,1059,9245,0,1,1059,9246,California
San Mateo,2020-12-29,1138,10385,715,8876,423,1509,0,0,1138,10383,0,1,1138,10384,California
San Mateo,2020-12-30,1268,11653,764,9640,504,2013,0,0,1268,11651,0,1,1268,11652,California
San Mateo,2020-12-31,706,12359,228,9868,478,2491,0,0,705,12355,1,2,705,12357,California
San Mateo,2021-01-01,111,12470,75,9943,36,2527,0,0,111,12466,0,2,111,12468,California
San Mateo,2021-01-02,399,12869,273,10216,126,2653,0,0,399,12865,0,2,399,12867,California
San Mateo,2021-01-03,284,13153,209,10425,75,2728,0,0,281,13143,3,5,281,13148,California
San Mateo,2021-01-04,1052,14205,679,11104,373,3101,0,0,1052,14195,0,5,1052,14200,California
San Mateo,2021-01-05,1217,15422,715,11819,502,3603,0,0,1184,15347,33,38,1185,15385,California
San Mateo,2021-01-06,1459,16881,958,12777,501,4104,0,0,1265,16422,191,229,1266,16651,California
San Mateo,2021-01-07,1462,18343,816,13593,646,4750,0,0,1152,17271,303,532,1152,17803,California
San Mateo,2021-01-08,1852,20195,1199,14792,653,5403,0,0,1138,17702,707,1239,1138,18941,California
San Mateo,2021-01-09,1178,21373,780,15572,398,5801,0,0,716,17956,462,1701,716,19657,California
San Mateo,2021-01-10,714,22087,583,16155,131,5932,0,0,270,17785,441,2142,270,19927,California
San Mateo,2021-01-11,2622,24709,1514,17669,1108,7040,0,0,1540,18248,1079,3221,1542,21469,California
San Mateo,2021-01-12,3455,28164,1938,19607,1517,8557,0,0,2229,19265,1217,4438,2234,23703,California
San Mateo,2021-01-13,3416,31580,1671,21278,1745,10302,0,0,2366,20583,1050,5488,2368,26071,California
San Mateo,2021-01-14,3805,35385,1610,22888,2195,12497,0,0,3105,22993,700,6188,3110,29181,California
San Mateo,2021-01-15,4351,39736,1735,24623,2616,15113,0,0,3801,26248,548,6736,3803,32984,California
San Mateo,2021-01-16,3090,42826,770,25393,2320,17433,0,0,2759,28679,329,7065,2760,35744,California
San Mateo,2021-01-17,1314,44140,304,25697,1010,18443,0,0,1109,29583,205,7270,1109,36853,California
San Mateo,2021-01-18,1369,45509,542,26239,827,19270,0,0,988,30193,378,7648,988,37841,California
San Mateo,2021-01-19,2808,48317,1797,28036,1011,20281,0,0,2004,31396,801,8449,2004,39845,California
San Mateo,2021-01-20,2990,51307,1726,29762,1264,21545,0,0,2138,32686,849,9298,2139,41984,California
San Mateo,2021-01-21,2933,54240,1359,31121,1574,23119,0,0,2332,34423,598,9896,2335,44319,California
San Mateo,2021-01-22,2833,57073,1146,32267,1687,24806,0,0,2527,36649,302,10198,2528,46847,California
San Mateo,2021-01-23,2887,59960,1682,33949,1205,26011,0,0,2523,38809,364,10562,2524,49371,California
San Mateo,2021-01-24,1518,61478,375,34324,1143,27154,0,0,1206,39705,311,10873,1207,50578,California
San Mateo,2021-01-25,4426,65904,3147,37471,1279,28433,0,0,3519,42325,903,11776,3523,54101,California
San Mateo,2021-01-26,4356,70260,3011,40482,1345,29778,0,0,3420,44812,934,12710,3421,57522,California
San Mateo,2021-01-27,2829,73089,1475,41957,1354,31132,0,0,1819,45628,1004,13714,1820,59342,California
San Mateo,2021-01-28,2825,75914,1371,43328,1454,32586,0,0,1971,46761,838,14552,1971,61313,California
San Mateo,2021-01-29,3021,78935,1355,44683,1666,34252,0,0,2173,48090,846,15398,2175,63488,California
San Mateo,2021-01-30,3421,82356,1489,46172,1932,36184,0,0,2956,50584,463,15861,2957,66445,California
San Mateo,2021-01-31,1692,84048,898,47070,794,36978,0,0,1527,51949,162,16023,1527,67972,California
San Mateo,2021-02-01,2965,87013,1370,48440,1595,38573,0,0,2231,53451,730,16753,2232,70204,California
San Mateo,2021-02-02,3258,90271,1751,50191,1507,40080,0,0,2211,54618,1044,17797,2211,72415,California
San Mateo,2021-02-03,5035,95306,2077,52268,2958,43038,0,0,3886,57359,1146,18943,3887,76302,California
San Mateo,2021-02-04,6259,101565,2517,54785,3742,46780,0,0,4975,61059,1279,20222,4979,81281,California
San Mateo,2021-02-05,6839,108404,2556,57341,4283,51063,0,0,5003,64244,1818,22040,5003,86284,California
San Mateo,2021-02-06,3285,111689,1912,59253,1373,52436,0,0,2626,66218,654,22694,2628,88912,California
San Mateo,2021-02-07,1904,113593,1346,60599,558,52994,0,0,1711,67738,191,22885,1711,90623,California
San Mateo,2021-02-08,5305,118898,2265,62864,3040,56034,0,0,3128,68754,2112,24997,3128,93751,California
San Mateo,2021-02-09,6187,125085,3203,66067,2984,59018,0,0,3321,69218,2857,27854,3321,97072,California
San Mateo,2021-02-10,6545,131630,3287,69354,3258,62276,0,0,3276,69244,3250,31104,3276,100348,California
San Mateo,2021-02-11,7101,138731,3596,72950,3505,65781,0,0,3773,69699,3320,34424,3775,104123,California
San Mateo,2021-02-12,6693,145424,2998,75948,3695,69476,0,0,4729,72471,1959,36383,4731,108854,California
San Mateo,2021-02-13,6218,151642,4104,80052,2114,71590,0,0,2648,71562,3557,39940,2648,111502,California
San Mateo,2021-02-14,4741,156383,3109,83161,1632,73222,0,0,1988,70815,2736,42676,1989,113491,California
San Mateo,2021-02-15,3186,159569,1460,84621,1726,74948,0,0,1796,71229,1383,44059,1797,115288,California
San Mateo,2021-02-16,7193,166762,1906,86527,5287,80235,0,0,5298,74637,1892,45951,5300,120588,California
San Mateo,2021-02-17,7121,173883,1987,88514,5134,85369,0,0,5050,77623,2065,48016,5051,125639,California
San Mateo,2021-02-18,6834,180717,4729,93243,2105,87474,0,0,4530,79862,2294,50310,4533,130172,California
San Mateo,2021-02-19,7906,188623,5655,98898,2251,89725,0,0,5853,83670,2045,52355,5853,136025,California
San Mateo,2021-02-20,3822,192445,2470,101368,1352,91077,0,0,2350,84557,1464,53819,2351,138376,California
San Mateo,2021-02-21,2690,195135,1817,103185,873,91950,0,0,1598,85071,1085,54904,1599,139975,California
San Mateo,2021-02-22,4567,199702,3317,106502,1250,93200,0,0,2874,86262,1685,56589,2876,142851,California
San Mateo,2021-02-23,4454,204156,3176,109678,1278,94478,0,0,2585,86987,1860,58449,2585,145436,California
San Mateo,2021-02-24,7407,211563,3336,113014,4071,98549,0,0,4907,89406,2489,60938,4908,150344,California
San Mateo,2021-02-25,9311,220874,4148,117162,5163,103712,0,0,6140,92393,3154,64092,6141,156485,California
San Mateo,2021-02-26,10064,230938,3880,121042,6184,109896,0,0,6969,96286,3080,67172,6973,163458,California
San Mateo,2021-02-27,6909,237847,3566,124608,3342,113238,1,1,3760,96913,3140,70312,3767,167225,California
San Mateo,2021-02-28,4465,242312,2756,127364,1709,114947,0,1,2682,97823,1773,72085,2683,169908,California
San Mateo,2021-03-01,6043,248355,3806,131170,2233,117180,4,5,2984,97769,3044,75129,2990,172898,California
San Mateo,2021-03-02,6278,254633,4459,135629,1818,118998,1,6,3610,98721,2660,77789,3612,176510,California
San Mateo,2021-03-03,8556,263189,4039,139668,4515,123513,2,8,3708,97600,4831,82620,3710,180220,California
San Mateo,2021-03-04,8583,271772,4022,143690,4557,128070,4,12,3879,96804,4681,87301,3885,184105,California
San Mateo,2021-03-05,9401,281173,6260,149950,3137,131207,4,16,6585,100602,2794,90095,6592,190697,California
San Mateo,2021-03-06,7999,289172,5562,155512,2261,133468,176,192,5865,104520,2122,92217,6040,196737,California
San Mateo,2021-03-07,3630,292802,2455,157967,1104,134572,71,263,2142,105251,1484,93701,2215,198952,California
San Mateo,2021-03-08,4554,297356,2576,160543,1758,136330,220,483,3328,107579,1218,94919,3546,202498,California
San Mateo,2021-03-09,5357,302713,2872,163415,2209,138539,276,759,3729,109964,1615,96534,4000,206498,California
San Mateo,2021-03-10,7277,309990,2954,166369,4036,142575,287,1046,4841,112670,2419,98953,5125,211623,California
San Mateo,2021-03-11,9198,319188,5768,172137,3039,145614,391,1437,3678,111260,5475,104428,4065,215688,California
San Mateo,2021-03-12,10650,329838,6707,178844,3557,149171,386,1823,3580,108180,7045,111473,3965,219653,California
San Mateo,2021-03-13,8263,338101,3536,182380,3092,152263,1635,3458,3996,109546,4250,115723,5616,225269,California
San Mateo,2021-03-14,5029,343130,3394,185774,1526,153789,109,3567,2658,109949,2363,118086,2766,228035,California
San Mateo,2021-03-15,7247,350377,4681,190455,2388,156177,178,3745,3783,110456,3455,121541,3962,231997,California
San Mateo,2021-03-16,12021,362398,4432,194887,7464,163641,125,3870,4836,108254,7166,128707,4964,236961,California
San Mateo,2021-03-17,10986,373384,4483,199370,6357,169998,146,4016,4968,107382,5988,134695,5116,242077,California
San Mateo,2021-03-18,7415,380799,4160,203530,3066,173064,189,4205,4408,108978,2999,137694,4595,246672,California
San Mateo,2021-03-19,7595,388394,4901,208431,2020,175084,674,4879,3647,109362,3937,141631,4321,250993,California
San Mateo,2021-03-20,8429,396823,6558,214989,1535,176619,336,5215,5369,112025,3042,144673,5705,256698,California
San Mateo,2021-03-21,4290,401113,3251,218240,806,177425,233,5448,2296,112567,1983,146656,2525,259223,California
San Mateo,2021-03-22,5386,406499,3667,221907,1293,178718,426,5874,2834,113291,2535,149191,3259,262482,California
San Mateo,2021-03-23,9954,416453,4583,226490,5173,183891,198,6072,4491,112549,5431,154622,4689,267171,California
San Mateo,2021-03-24,9601,426054,5548,232038,3907,187798,146,6218,4100,111368,5425,160047,4244,271415,California
San Mateo,2021-03-25,10202,436256,5015,237053,4918,192716,269,6487,4456,110456,5639,165686,4727,276142,California
San Mateo,2021-03-26,11348,447604,7793,244846,3387,196103,168,6655,4333,107986,6971,172657,4501,280643,California
San Mateo,2021-03-27,10607,458211,8112,252958,2386,198489,109,6764,4675,106855,5913,178570,4782,285425,California
San Mateo,2021-03-28,4300,462511,2783,255741,1404,199893,113,6877,1995,106672,2295,180865,2112,287537,California
San Mateo,2021-03-29,6119,468630,3795,259536,2070,201963,254,7131,2746,106316,3354,184219,2998,290535,California
San Mateo,2021-03-30,7213,475843,4106,263642,2953,204916,154,7285,3884,107040,3314,187533,4038,294573,California
San Mateo,2021-03-31,7381,483224,4660,268302,2576,207492,145,7430,3879,107580,3484,191017,4024,298597,California
San Mateo,2021-04-01,10706,493930,5281,273583,4204,211696,1221,8651,5739,109617,4914,195931,6951,305548,California
San Mateo,2021-04-02,10973,504903,5244,278827,4128,215824,1601,10252,5772,111799,5177,201108,7359,312907,California
San Mateo,2021-04-03,10042,514945,5788,284615,2475,218299,1779,12031,5117,113774,4915,206023,6890,319797,California
San Mateo,2021-04-04,5473,520418,2636,287251,1578,219877,1259,13290,1711,112992,3747,209770,2965,322762,California
San Mateo,2021-04-05,9071,529489,4828,292079,2498,222375,1745,15035,3882,113442,5170,214940,5620,328382,California
San Mateo,2021-04-06,13284,542773,8297,300376,3130,225505,1857,16892,7570,117173,5698,220638,9429,337811,California
San Mateo,2021-04-07,11536,554309,5356,305732,4481,229986,1699,18591,4900,117148,6615,227253,6590,344401,California
San Mateo,2021-04-08,10269,564578,5113,310845,2537,232523,2619,21210,4543,118589,5705,232958,7146,351547,California
San Mateo,2021-04-09,11459,576037,5584,316429,3371,235894,2504,23714,5138,119904,6317,239275,7632,359179,California
San Mateo,2021-04-10,11326,587363,5754,322183,4123,240017,1449,25163,4686,119420,6608,245883,6124,365303,California
San Mateo,2021-04-11,6657,594020,3308,325491,878,240895,2471,27634,2322,119873,4328,250211,4781,370084,California
San Mateo,2021-04-12,7436,601456,4534,330025,1925,242820,977,28611,3584,120598,3830,254041,4555,374639,California
San Mateo,2021-04-13,8301,609757,5166,335191,3124,245944,11,28622,4382,121088,3905,257946,4395,379034,California
San Mateo,2021-04-14,8440,618197,5444,340635,2995,248939,1,28623,4307,121290,4114,262060,4316,383350,California
San Mateo,2021-04-15,11301,629498,7496,348131,3803,252742,2,28625,7359,124740,3913,265973,7363,390713,California
San Mateo,2021-04-16,10155,639653,6969,355100,3170,255912,16,28641,6414,127459,3717,269690,6436,397149,California
San Mateo,2021-04-17,9870,649523,6569,361669,3299,259211,2,28643,6236,130082,3622,273312,6245,403394,California
San Mateo,2021-04-18,5741,655264,2873,364542,2868,262079,0,28643,3854,132070,1872,275184,3860,407254,California
San Mateo,2021-04-19,8538,663802,5552,370094,2986,265065,0,28643,5540,134640,2982,278166,5552,412806,California
San Mateo,2021-04-20,10859,674661,6219,376313,4639,269704,1,28644,6947,137712,3887,282053,6959,419765,California
San Mateo,2021-04-21,9904,684565,6889,383202,3013,272717,2,28646,6134,140106,3748,285801,6142,425907,California
San Mateo,2021-04-22,10181,694746,6922,390124,3258,275975,1,28647,5688,141343,4457,290258,5694,431601,California
San Mateo,2021-04-23,10010,704756,6713,396837,3297,279272,0,28647,5615,142610,4366,294624,5633,437234,California
San Mateo,2021-04-24,11309,716065,8060,404897,3249,282521,0,28647,5822,142978,5464,300088,5832,443066,California
San Mateo,2021-04-25,5563,721628,3882,408779,1679,284200,2,28649,3951,145347,1596,301684,3965,447031,California
San Mateo,2021-04-26,6910,728538,5010,413789,1892,286092,8,28657,4001,146472,2895,304579,4020,451051,California
San Mateo,2021-04-27,11616,740154,8205,421994,3256,289348,155,28812,4759,144573,6823,311402,4924,455975,California
San Mateo,2021-04-28,8219,748373,4786,426780,3227,292575,206,29018,4381,145345,3822,315224,4594,460569,California
San Mateo,2021-04-29,8456,756829,4077,430857,4206,296781,173,29191,3837,144783,4589,319813,4027,464596,California
San Mateo,2021-04-30,8464,765293,5371,436228,2939,299720,154,29345,3626,143773,4809,324622,3799,468395,California
San Mateo,2021-05-01,6223,771516,4156,440384,1949,301669,118,29463,2690,143080,3514,328136,2821,471216,California
San Mateo,2021-05-02,3195,774711,1754,442138,1371,303040,70,29533,1155,142280,2030,330166,1230,472446,California
San Mateo,2021-05-03,6093,780804,4540,446678,1408,304448,145,29678,1849,140042,4233,334399,1995,474441,California
San Mateo,2021-05-04,7688,788492,5307,451985,2209,306657,172,29850,2548,137656,5125,339524,2739,477180,California
San Mateo,2021-05-05,7185,795677,4771,456756,2255,308912,159,30009,2451,135565,4704,344228,2613,479793,California
San Mateo,2021-05-06,8938,804615,7044,463800,1718,310630,176,30185,1797,130422,7120,351348,1977,481770,California
San Mateo,2021-05-07,8425,813040,6071,469871,2069,312699,285,30470,1869,126058,6531,357879,2167,483937,California
San Mateo,2021-05-08,7020,820060,4385,474256,2396,315095,239,30709,1927,123151,5077,362956,2170,486107,California
San Mateo,2021-05-09,3154,823214,2460,476716,620,315715,74,30783,944,121971,2199,365155,1019,487126,California
San Mateo,2021-05-10,4804,828018,3499,480215,1135,316850,170,30953,738,118833,4055,369210,917,488043,California
San Mateo,2021-05-11,7263,835281,5554,485769,1580,318430,129,31082,1718,115157,5525,374735,1849,489892,California
San Mateo,2021-05-12,7071,842352,5145,490914,1710,320140,216,31298,1427,111173,5630,380365,1646,491538,California
San Mateo,2021-05-13,9762,852114,7343,498257,2322,322462,97,31395,3414,108385,6313,386678,3525,495063,California
San Mateo,2021-05-14,8573,860687,6353,504610,2104,324566,116,31511,2580,105114,5973,392651,2702,497765,California
San Mateo,2021-05-15,10644,871331,8344,512954,2198,326764,102,31613,4712,104032,5917,398568,4835,502600,California
San Mateo,2021-05-16,7298,878629,5215,518169,2012,328776,71,31684,2281,101388,4997,403565,2353,504953,California
San Mateo,2021-05-17,7204,885833,5123,523292,1973,330749,108,31792,2126,98565,5061,408626,2238,507191,California
San Mateo,2021-05-18,8557,894390,5920,529212,2539,333288,98,31890,3058,96353,5374,414000,3162,510353,California
San Mateo,2021-05-19,7927,902317,5913,535125,1892,335180,122,32012,3556,95710,4324,418324,3681,514034,California
San Mateo,2021-05-20,5778,908095,3605,538730,2039,337219,134,32146,2178,94451,3574,421898,2315,516349,California
San Mateo,2021-05-21,7022,915117,4775,543505,2102,339321,145,32291,1865,91325,5136,427034,2010,518359,California
San Mateo,2021-05-22,6356,921473,4326,547831,1963,341284,67,32358,2631,90319,3706,430740,2700,521059,California
San Mateo,2021-05-23,3095,924568,1765,549596,1242,342526,88,32446,1181,89687,1901,432641,1269,522328,California
San Mateo,2021-05-24,3677,928245,2449,552045,1079,343605,149,32595,1225,88630,2429,435070,1372,523700,California
San Mateo,2021-05-25,4785,933030,3012,555057,1593,345198,180,32775,1574,87199,3189,438259,1758,525458,California
San Mateo,2021-05-26,5729,938759,3080,558137,2530,347728,119,32894,1783,85178,3923,442182,1902,527360,California
San Mateo,2021-05-27,3778,942537,2205,560342,1474,349202,99,32993,1196,83912,2557,444739,1291,528651,California
San Mateo,2021-05-28,3512,946049,2203,562545,1224,350426,85,33078,1303,83130,2169,446908,1387,530038,California
San Mateo,2021-05-29,3231,949280,2282,564827,898,351324,51,33129,1233,82443,1970,448878,1283,531321,California
San Mateo,2021-05-30,1635,950915,1106,565933,468,351792,61,33190,642,82163,983,449861,703,532024,California
San Mateo,2021-05-31,440,951355,275,566208,157,351949,8,33198,160,82054,277,450138,168,532192,California
San Mateo,2021-06-01,3341,954696,1975,568183,1271,353220,95,33293,958,80736,2370,452508,1052,533244,California
San Mateo,2021-06-02,2769,957465,1834,570017,857,354077,78,33371,1056,80170,1698,454206,1132,534376,California
San Mateo,2021-06-03,3817,961282,2996,573013,706,354783,115,33486,827,78132,2976,457182,938,535314,California
San Mateo,2021-06-04,4131,965413,3179,576192,857,355640,95,33581,1116,76336,2994,460176,1198,536512,California
San Mateo,2021-06-05,5152,970565,4501,580693,551,356191,100,33681,953,73222,4167,464343,1053,537565,California
San Mateo,2021-06-06,2516,973081,2077,582770,378,356569,61,33742,476,71737,2018,466361,533,538098,California
San Mateo,2021-06-07,3113,976194,2611,585381,419,356988,83,33825,696,70105,2409,468770,777,538875,California
San Mateo,2021-06-08,4082,980276,3449,588830,528,357516,105,33930,970,68104,3077,471847,1076,539951,California
San Mateo,2021-06-09,4138,984414,3563,592393,505,358021,70,34000,620,65286,3505,475352,687,540638,California
San Mateo,2021-06-10,2969,987383,2402,594795,452,358473,115,34115,752,63952,2201,477553,867,541505,California
San Mateo,2021-06-11,2858,990241,2297,597092,449,358922,112,34227,918,63053,1929,479482,1030,542535,California
San Mateo,2021-06-12,3148,993389,2807,599899,260,359182,81,34308,770,61541,2363,481845,851,543386,California
San Mateo,2021-06-13,1435,994824,1082,600981,290,359472,63,34371,352,60888,1068,482913,415,543801,California
San Mateo,2021-06-14,2429,997253,2100,603081,246,359718,83,34454,689,59952,1708,484621,772,544573,California
San Mateo,2021-06-15,2263,999516,1797,604878,345,360063,121,34575,681,59189,1564,486185,801,545374,California
San Mateo,2021-06-16,2439,1001955,2021,606899,261,360324,157,34732,701,58347,1695,487880,853,546227,California
San Mateo,2021-06-17,1946,1003901,1609,608508,249,360573,88,34820,689,57917,1207,489087,777,547004,California
San Mateo,2021-06-18,2121,1006022,1779,610287,264,360837,78,34898,617,57123,1485,490572,691,547695,California
San Mateo,2021-06-19,1785,1007807,1561,611848,163,361000,61,34959,588,56645,1125,491697,647,548342,California
San Mateo,2021-06-20,770,1008577,699,612547,60,361060,11,34970,287,56494,449,492146,298,548640,California
San Mateo,2021-06-21,1249,1009826,935,613482,239,361299,75,35045,607,56542,636,492782,684,549324,California
San Mateo,2021-06-22,1595,1011421,1291,614773,208,361507,96,35141,598,56255,980,493762,693,550017,California
San Mateo,2021-06-23,1850,1013271,1569,616342,178,361685,103,35244,621,55783,1196,494958,724,550741,California
San Mateo,2021-06-24,1462,1014733,1088,617430,273,361958,101,35345,536,55509,908,495866,634,551375,California
San Mateo,2021-06-25,1778,1016511,1479,618909,222,362180,77,35422,661,55141,1106,496972,738,552113,California
San Mateo,2021-06-26,1241,1017752,1046,619955,137,362317,58,35480,496,54964,730,497702,553,552666,California
San Mateo,2021-06-27,655,1018407,532,620487,77,362394,46,35526,290,54936,364,498066,336,553002,California
San Mateo,2021-06-28,1250,1019657,1069,621556,105,362499,76,35602,496,54766,741,498807,571,553573,California
San Mateo,2021-06-29,1396,1021053,1135,622691,183,362682,78,35680,475,54403,912,499719,549,554122,California
San Mateo,2021-06-30,872,1021925,701,623392,83,362765,88,35768,373,54369,494,500213,460,554582,California
Santa Barbara,2020-12-15,2,2,2,2,0,0,0,0,2,2,0,0,2,2,California
Santa Barbara,2020-12-16,2,4,2,4,0,0,0,0,2,4,0,0,2,4,California
Santa Barbara,2020-12-17,56,60,56,60,0,0,0,0,56,60,0,0,56,60,California
Santa Barbara,2020-12-18,382,442,381,441,1,1,0,0,382,442,0,0,382,442,California
Santa Barbara,2020-12-19,325,767,325,766,0,1,0,0,325,767,0,0,325,767,California
Santa Barbara,2020-12-20,235,1002,235,1001,0,1,0,0,235,1002,0,0,235,1002,California
Santa Barbara,2020-12-21,656,1658,654,1655,2,3,0,0,656,1658,0,0,656,1658,California
Santa Barbara,2020-12-22,247,1905,245,1900,2,5,0,0,247,1905,0,0,247,1905,California
Santa Barbara,2020-12-23,325,2230,207,2107,118,123,0,0,325,2230,0,0,325,2230,California
Santa Barbara,2020-12-24,88,2318,40,2147,48,171,0,0,88,2318,0,0,88,2318,California
Santa Barbara,2020-12-26,326,2644,66,2213,260,431,0,0,326,2644,0,0,326,2644,California
Santa Barbara,2020-12-27,62,2706,1,2214,61,492,0,0,62,2706,0,0,62,2706,California
Santa Barbara,2020-12-28,357,3063,224,2438,133,625,0,0,357,3063,0,0,357,3063,California
Santa Barbara,2020-12-29,562,3625,359,2797,203,828,0,0,562,3625,0,0,562,3625,California
Santa Barbara,2020-12-30,581,4206,398,3195,183,1011,0,0,581,4206,0,0,581,4206,California
Santa Barbara,2020-12-31,242,4448,114,3309,128,1139,0,0,242,4448,0,0,242,4448,California
Santa Barbara,2021-01-01,117,4565,111,3420,6,1145,0,0,117,4565,0,0,117,4565,California
Santa Barbara,2021-01-02,598,5163,232,3652,366,1511,0,0,598,5163,0,0,598,5163,California
Santa Barbara,2021-01-03,23,5186,15,3667,8,1519,0,0,23,5186,0,0,23,5186,California
Santa Barbara,2021-01-04,305,5491,242,3909,63,1582,0,0,304,5490,0,0,304,5490,California
Santa Barbara,2021-01-05,755,6246,380,4289,375,1957,0,0,727,6189,28,28,727,6217,California
Santa Barbara,2021-01-06,658,6904,276,4565,382,2339,0,0,597,6726,60,88,597,6814,California
Santa Barbara,2021-01-07,1032,7936,709,5274,323,2662,0,0,528,6754,500,588,528,7342,California
Santa Barbara,2021-01-08,1209,9145,850,6124,359,3021,0,0,714,6973,495,1083,714,8056,California
Santa Barbara,2021-01-09,564,9709,292,6416,272,3293,0,0,319,7047,245,1328,319,8375,California
Santa Barbara,2021-01-10,64,9773,51,6467,13,3306,0,0,47,7077,17,1345,47,8422,California
Santa Barbara,2021-01-11,846,10619,677,7144,169,3475,0,0,618,7468,227,1572,618,9040,California
Santa Barbara,2021-01-12,1445,12064,648,7792,797,4272,0,0,1285,8593,160,1732,1285,10325,California
Santa Barbara,2021-01-13,1223,13287,270,8062,953,5225,0,0,1096,9562,127,1859,1096,11421,California
Santa Barbara,2021-01-14,1261,14548,141,8203,1120,6345,0,0,1204,10711,56,1915,1205,12626,California
Santa Barbara,2021-01-15,1803,16351,420,8623,1383,7728,0,0,1720,12350,81,1996,1720,14346,California
Santa Barbara,2021-01-16,1277,17628,203,8826,1074,8802,0,0,1237,13548,39,2035,1237,15583,California
Santa Barbara,2021-01-17,126,17754,23,8849,103,8905,0,0,123,13668,3,2038,123,15706,California
Santa Barbara,2021-01-18,1153,18907,419,9268,734,9639,0,0,968,14451,185,2223,968,16674,California
Santa Barbara,2021-01-19,1643,20550,570,9838,1073,10712,0,0,1363,15537,277,2500,1363,18037,California
Santa Barbara,2021-01-20,2224,22774,656,10494,1568,12280,0,0,1802,16918,421,2921,1802,19839,California
Santa Barbara,2021-01-21,3203,25977,1920,12414,1283,13563,0,0,3041,19799,162,3083,3043,22882,California
Santa Barbara,2021-01-22,2950,28927,1793,14207,1157,14720,0,0,2778,22409,169,3252,2779,25661,California
Santa Barbara,2021-01-23,1739,30666,1105,15312,634,15354,0,0,1223,23117,515,3767,1223,26884,California
Santa Barbara,2021-01-24,846,31512,749,16061,97,15451,0,0,835,23942,10,3777,835,27719,California
Santa Barbara,2021-01-25,1239,32751,492,16553,747,16198,0,0,1003,24709,236,4013,1003,28722,California
Santa Barbara,2021-01-26,2052,34803,466,17019,1586,17784,0,0,1668,25995,382,4395,1668,30390,California
Santa Barbara,2021-01-27,1169,35972,399,17418,770,18554,0,0,906,26641,262,4657,908,31298,California
Santa Barbara,2021-01-28,899,36871,296,17714,603,19157,0,0,683,27112,212,4869,683,31981,California
Santa Barbara,2021-01-29,1347,38218,526,18240,821,19978,0,0,983,27737,360,5229,985,32966,California
Santa Barbara,2021-01-30,1904,40122,1416,19656,488,20466,0,0,1486,28808,415,5644,1486,34452,California
Santa Barbara,2021-01-31,1455,41577,1213,20869,242,20708,0,0,1416,30185,39,5683,1416,35868,California
Santa Barbara,2021-02-01,952,42529,523,21392,429,21137,0,0,551,30336,400,6083,551,36419,California
Santa Barbara,2021-02-02,1810,44339,683,22075,1127,22264,0,0,1042,30612,766,6849,1042,37461,California
Santa Barbara,2021-02-03,1965,46304,1086,23161,879,23143,0,0,1516,31689,439,7288,1516,38977,California
Santa Barbara,2021-02-04,2805,49109,1876,25037,929,24072,0,0,2505,33901,293,7581,2505,41482,California
Santa Barbara,2021-02-05,2928,52037,2081,27118,847,24919,0,0,2283,35542,642,8223,2283,43765,California
Santa Barbara,2021-02-06,1204,53241,341,27459,863,25782,0,0,794,35926,410,8633,794,44559,California
Santa Barbara,2021-02-07,311,53552,268,27727,43,25825,0,0,272,36161,37,8670,272,44831,California
Santa Barbara,2021-02-08,955,54507,311,28038,644,26469,0,0,665,36536,290,8960,665,45496,California
Santa Barbara,2021-02-09,2452,56959,315,28353,2137,28606,0,0,1123,36340,1319,10279,1123,46619,California
Santa Barbara,2021-02-10,2780,59739,1502,29855,1278,29884,0,0,747,35068,2020,12299,748,47367,California
Santa Barbara,2021-02-11,4211,63950,2819,32674,1392,31276,0,0,632,32134,3566,15865,632,47999,California
Santa Barbara,2021-02-12,3320,67270,950,33624,2370,33646,0,0,774,30370,2540,18405,776,48775,California
Santa Barbara,2021-02-13,1244,68514,344,33968,900,34546,0,0,565,30258,677,19082,565,49340,California
Santa Barbara,2021-02-14,335,68849,37,34005,298,34844,0,0,288,30500,47,19129,289,49629,California
Santa Barbara,2021-02-15,982,69831,346,34351,636,35480,0,0,498,30518,481,19610,499,50128,California
Santa Barbara,2021-02-16,2134,71965,409,34760,1725,37205,0,0,728,29844,1402,21012,728,50856,California
Santa Barbara,2021-02-17,1452,73417,327,35087,1125,38330,0,0,521,29442,926,21938,524,51380,California
Santa Barbara,2021-02-18,3277,76694,2669,37756,608,38938,0,0,1527,29257,1713,23651,1528,52908,California
Santa Barbara,2021-02-19,3618,80312,2656,40412,962,39900,0,0,2339,30321,1276,24927,2340,55248,California
Santa Barbara,2021-02-20,2332,82644,1526,41938,806,40706,0,0,1755,31510,567,25494,1756,57004,California
Santa Barbara,2021-02-21,142,82786,113,42051,29,40735,0,0,63,31497,76,25570,63,57067,California
Santa Barbara,2021-02-22,956,83742,255,42306,701,41436,0,0,279,31104,673,26243,280,57347,California
Santa Barbara,2021-02-23,3259,87001,1108,43414,2151,43587,0,0,430,28709,2826,29069,431,57778,California
Santa Barbara,2021-02-24,3265,90266,1132,44546,2133,45720,0,0,734,26922,2521,31590,734,58512,California
Santa Barbara,2021-02-25,3469,93735,1926,46472,1543,47263,0,0,993,25451,2468,34058,997,59509,California
Santa Barbara,2021-02-26,3683,97418,2182,48654,1501,48764,0,0,1983,25745,1690,35748,1984,61493,California
Santa Barbara,2021-02-27,1546,98964,568,49222,978,49742,0,0,862,25932,680,36428,867,62360,California
Santa Barbara,2021-02-28,1096,100060,223,49445,873,50615,0,0,897,26638,193,36621,899,63259,California
Santa Barbara,2021-03-01,1671,101731,488,49933,1181,51796,2,2,1108,27203,546,37167,1111,64370,California
Santa Barbara,2021-03-02,2670,104401,426,50359,2244,54040,0,2,2163,28874,494,37661,2165,66535,California
Santa Barbara,2021-03-03,4651,109052,2107,52466,2542,56582,2,4,4049,32339,591,38252,4056,70591,California
Santa Barbara,2021-03-04,3444,112496,2292,54758,1152,57734,0,4,2876,34658,559,38811,2878,73469,California
Santa Barbara,2021-03-05,3834,116330,2172,56930,1603,59337,59,63,3101,37092,727,39538,3161,76630,California
Santa Barbara,2021-03-06,2442,118772,734,57664,1491,60828,217,280,1677,38223,760,40298,1891,78521,California
Santa Barbara,2021-03-07,567,119339,123,57787,312,61140,132,412,384,38558,182,40480,517,79038,California
Santa Barbara,2021-03-08,1587,120926,383,58170,861,62001,343,755,802,38925,778,41258,1145,80183,California
Santa Barbara,2021-03-09,2800,123726,347,58517,1686,63687,767,1522,746,38383,2051,43309,1509,81692,California
Santa Barbara,2021-03-10,2775,126501,555,59072,1167,64854,1053,2575,1047,38757,1723,45032,2097,83789,California
Santa Barbara,2021-03-11,5596,132097,3039,62111,1441,66295,1116,3691,2284,38855,3295,48327,3393,87182,California
Santa Barbara,2021-03-12,3709,135806,2112,64223,1162,67457,435,4126,2180,39946,1521,49848,2612,89794,California
Santa Barbara,2021-03-13,3508,139314,1943,66166,1359,68816,206,4332,2698,42047,803,50651,2904,92698,California
Santa Barbara,2021-03-14,815,140129,397,66563,361,69177,57,4389,490,42272,324,50975,549,93247,California
Santa Barbara,2021-03-15,2123,142252,701,67264,1131,70308,291,4680,1273,42992,842,51817,1562,94809,California
Santa Barbara,2021-03-16,3737,145989,1185,68449,2209,72517,343,5023,2738,45080,994,52811,3082,97891,California
Santa Barbara,2021-03-17,3328,149317,981,69430,1943,74460,404,5427,2333,46821,992,53803,2733,100624,California
Santa Barbara,2021-03-18,5272,154589,2802,72232,2268,76728,202,5629,4044,49855,1212,55015,4246,104870,California
Santa Barbara,2021-03-19,4487,159076,2778,75010,1375,78103,334,5963,3072,51850,1410,56425,3405,108275,California
Santa Barbara,2021-03-20,2236,161312,842,75852,1371,79474,23,5986,1368,52379,864,57289,1393,109668,California
Santa Barbara,2021-03-21,1182,162494,385,76237,767,80241,30,6016,852,52935,327,57616,883,110551,California
Santa Barbara,2021-03-22,2789,165283,1921,78158,824,81065,44,6060,2223,54647,556,58172,2268,112819,California
Santa Barbara,2021-03-23,4472,169755,2255,80413,2116,83181,101,6161,3697,57679,765,58937,3797,116616,California
Santa Barbara,2021-03-24,5428,175183,3154,83567,1520,84701,754,6915,2972,58966,2433,61370,3720,120336,California
Santa Barbara,2021-03-25,5568,180751,3274,86841,2100,86801,194,7109,2783,59176,2767,64137,2977,123313,California
Santa Barbara,2021-03-26,5109,185860,3231,90072,1572,88373,306,7415,2236,58862,2856,66993,2542,125855,California
Santa Barbara,2021-03-27,2966,188826,1225,91297,1698,90071,43,7458,1623,59187,1339,68332,1664,127519,California
Santa Barbara,2021-03-28,2793,191619,1659,92956,1106,91177,28,7486,1903,60233,886,69218,1932,129451,California
Santa Barbara,2021-03-29,4046,195665,2087,95043,1889,93066,70,7556,3225,62711,817,70035,3295,132746,California
Santa Barbara,2021-03-30,6800,202465,3511,98554,3139,96205,150,7706,4530,65134,2254,72289,4677,137423,California
Santa Barbara,2021-03-31,8685,211150,5528,104082,3089,99294,68,7774,5030,66599,3633,75922,5098,142521,California
Santa Barbara,2021-04-01,7063,218213,5216,109298,1586,100880,261,8035,4173,68168,2865,78787,4434,146955,California
Santa Barbara,2021-04-02,6656,224869,4561,113859,1501,102381,594,8629,3422,68958,3225,82012,4015,150970,California
Santa Barbara,2021-04-03,3819,228688,2113,115972,1634,104015,72,8701,2520,70255,1292,83304,2589,153559,California
Santa Barbara,2021-04-04,904,229592,446,116418,417,104432,41,8742,500,70394,402,83706,541,154100,California
Santa Barbara,2021-04-05,3483,233075,2298,118716,926,105358,259,9001,2179,71537,1295,85001,2438,156538,California
Santa Barbara,2021-04-06,5494,238569,2838,121554,2115,107473,541,9542,3358,73316,2118,87119,3897,160435,California
Santa Barbara,2021-04-07,6028,244597,3290,124844,2195,109668,543,10085,4088,76015,1931,89050,4630,165065,California
Santa Barbara,2021-04-08,7431,252028,5049,129893,653,110321,1729,11814,3429,77175,3994,93044,5154,170219,California
Santa Barbara,2021-04-09,7345,259373,4887,134780,1095,111416,1363,13177,3308,77813,4026,97070,4664,174883,California
Santa Barbara,2021-04-10,6716,266089,4654,139434,1443,112859,619,13796,4565,80852,2142,99212,5181,180064,California
Santa Barbara,2021-04-11,2683,268772,1967,141401,413,113272,303,14099,1857,82186,820,100032,2154,182218,California
Santa Barbara,2021-04-12,4433,273205,2849,144250,1028,114300,556,14655,1917,82150,2508,102540,2472,184690,California
Santa Barbara,2021-04-13,6389,279594,4192,148442,2191,116491,6,14661,2662,81095,3722,106262,2667,187357,California
Santa Barbara,2021-04-14,6812,286406,4422,152864,2388,118879,2,14663,4243,82783,2558,108820,4246,191603,California
Santa Barbara,2021-04-15,7020,293426,4114,156978,2905,121784,1,14664,3779,83335,3229,112049,3781,195384,California
Santa Barbara,2021-04-16,6430,299856,3774,160752,2645,124429,11,14675,4424,85783,1986,114035,4434,199818,California
Santa Barbara,2021-04-17,5366,305222,3887,164639,1479,125908,0,14675,4103,88638,1248,115283,4103,203921,California
Santa Barbara,2021-04-18,2198,307420,1535,166174,663,126571,0,14675,381,87209,1811,117094,382,204303,California
Santa Barbara,2021-04-19,3278,310698,2260,168434,1012,127583,6,14681,1036,86018,2234,119328,1043,205346,California
Santa Barbara,2021-04-20,5978,316676,4002,172436,1975,129558,1,14682,1693,83442,4269,123597,1693,207039,California
Santa Barbara,2021-04-21,5568,322244,3682,176118,1886,131444,0,14682,1780,81454,3770,127367,1782,208821,California
Santa Barbara,2021-04-22,5147,327391,2601,178719,2545,133989,1,14683,1481,79291,3647,131014,1484,210305,California
Santa Barbara,2021-04-23,5628,333019,3898,182617,1730,135719,0,14683,1992,77662,3621,134635,1992,212297,California
Santa Barbara,2021-04-24,4427,337446,2873,185490,1549,137268,5,14688,1633,76526,2775,137410,1639,213936,California
Santa Barbara,2021-04-25,1844,339290,1184,186674,660,137928,0,14688,498,75688,1336,138746,498,214434,California
Santa Barbara,2021-04-26,3255,342545,1988,188662,1246,139174,21,14709,560,73582,2688,141434,582,215016,California
Santa Barbara,2021-04-27,3987,346532,2192,190854,1693,140867,102,14811,1175,72057,2802,144236,1277,216293,California
Santa Barbara,2021-04-28,4928,351460,2876,193730,1936,142803,116,14927,1400,70065,3512,147748,1520,217813,California
Santa Barbara,2021-04-29,5275,356735,3818,197548,1230,144033,227,15154,1436,67904,3822,151570,1661,219474,California
Santa Barbara,2021-04-30,4966,361701,3712,201260,1090,145123,164,15318,1410,65939,3538,155108,1573,221047,California
Santa Barbara,2021-05-01,5249,366950,4051,205311,1164,146287,34,15352,892,62527,4340,159448,928,221975,California
Santa Barbara,2021-05-02,1131,368081,668,205979,335,146622,128,15480,304,62133,826,160274,432,222407,California
Santa Barbara,2021-05-03,2203,370284,1476,207455,589,147211,138,15618,441,60954,1755,162029,576,222983,California
Santa Barbara,2021-05-04,3318,373602,1693,209148,1553,148764,72,15690,1150,60021,2154,164183,1221,224204,California
Santa Barbara,2021-05-05,5457,379059,3684,212832,1626,150390,147,15837,634,55995,4809,168992,783,224987,California
Santa Barbara,2021-05-06,5084,384143,3932,216764,1047,151437,105,15942,971,52975,4096,173088,1076,226063,California
Santa Barbara,2021-05-07,4664,388807,3643,220407,841,152278,180,16122,996,50496,3652,176740,1173,227236,California
Santa Barbara,2021-05-08,4306,393113,3192,223599,1016,153294,98,16220,908,48117,3386,180126,1007,228243,California
Santa Barbara,2021-05-09,702,393815,111,223710,551,153845,40,16260,463,48383,238,180364,504,228747,California
Santa Barbara,2021-05-10,1360,395175,657,224367,619,154464,84,16344,376,47861,981,181345,459,229206,California
Santa Barbara,2021-05-11,1934,397109,839,225206,799,155263,296,16640,443,47116,1481,182826,736,229942,California
Santa Barbara,2021-05-12,2083,399192,743,225949,1116,156379,224,16864,524,46317,1547,184373,748,230690,California
Santa Barbara,2021-05-13,3893,403085,2789,228738,907,157286,197,17061,1235,45103,2646,187019,1432,232122,California
Santa Barbara,2021-05-14,4153,407238,2527,231265,1532,158818,94,17155,1617,44292,2521,189540,1710,233832,California
Santa Barbara,2021-05-15,3523,410761,2563,233828,941,159759,19,17174,1843,44487,1668,191208,1863,235695,California
Santa Barbara,2021-05-16,1137,411898,521,234349,501,160260,115,17289,528,44527,603,191811,643,236338,California
Santa Barbara,2021-05-17,1641,413539,936,235285,642,160902,63,17352,862,44678,773,192584,924,237262,California
Santa Barbara,2021-05-18,1857,415396,1160,236445,601,161503,96,17448,974,44882,867,193451,1071,238333,California
Santa Barbara,2021-05-19,1769,417165,975,237420,754,162257,40,17488,808,44777,952,194403,847,239180,California
Santa Barbara,2021-05-20,1750,418915,951,238371,680,162937,119,17607,877,44913,861,195264,997,240177,California
Santa Barbara,2021-05-21,3460,422375,2340,240711,1066,164003,54,17661,1257,44037,2188,197452,1312,241489,California
Santa Barbara,2021-05-22,2467,424842,1705,242416,718,164721,44,17705,1397,44417,1062,198514,1442,242931,California
Santa Barbara,2021-05-23,763,425605,337,242753,396,165117,30,17735,412,44509,350,198864,442,243373,California
Santa Barbara,2021-05-24,1007,426612,588,243341,356,165473,63,17798,484,44538,518,199382,547,243920,California
Santa Barbara,2021-05-25,1405,428017,568,243909,768,166241,69,17867,462,44132,937,200319,531,244451,California
Santa Barbara,2021-05-26,3012,431029,1710,245619,1180,167421,122,17989,839,42934,2158,202477,960,245411,California
Santa Barbara,2021-05-27,1953,432982,1211,246830,600,168021,142,18131,825,42781,1121,203598,968,246379,California
Santa Barbara,2021-05-28,1504,434486,697,247527,655,168676,152,18283,613,42658,888,204486,765,247144,California
Santa Barbara,2021-05-29,902,435388,318,247845,547,169223,37,18320,362,42520,537,205023,399,247543,California
Santa Barbara,2021-05-30,507,435895,179,248024,230,169453,98,18418,184,42480,321,205344,281,247824,California
Santa Barbara,2021-05-31,95,435990,42,248066,43,169496,10,18428,22,42439,72,205416,31,247855,California
Santa Barbara,2021-06-01,1132,437122,592,248658,482,169978,58,18486,441,42253,685,206101,499,248354,California
Santa Barbara,2021-06-02,982,438104,585,249243,314,170292,83,18569,425,42207,553,206654,507,248861,California
Santa Barbara,2021-06-03,2057,440161,1546,250789,454,170746,57,18626,614,41440,1435,208089,668,249529,California
Santa Barbara,2021-06-04,1456,441617,669,251458,647,171393,140,18766,487,41103,960,209049,623,250152,California
Santa Barbara,2021-06-05,2924,444541,2212,253670,660,172053,52,18818,492,39225,2421,211470,543,250695,California
Santa Barbara,2021-06-06,910,445451,479,254149,412,172465,19,18837,225,38787,682,212152,244,250939,California
Santa Barbara,2021-06-07,1168,446619,833,254982,283,172748,52,18889,299,38272,866,213018,351,251290,California
Santa Barbara,2021-06-08,1111,447730,711,255693,368,173116,32,18921,291,37780,814,213832,322,251612,California
Santa Barbara,2021-06-09,1019,448749,694,256387,240,173356,85,19006,313,37475,703,214535,398,252010,California
Santa Barbara,2021-06-10,2384,451133,2070,258457,243,173599,71,19077,521,36207,1860,216395,592,252602,California
Santa Barbara,2021-06-11,1309,452442,606,259063,599,174198,104,19181,392,35792,911,217306,496,253098,California
Santa Barbara,2021-06-12,892,453334,601,259664,268,174466,23,19204,236,35402,648,217954,258,253356,California
Santa Barbara,2021-06-13,487,453821,299,259963,91,174557,97,19301,129,35272,356,218310,226,253582,California
Santa Barbara,2021-06-14,1255,455076,857,260820,322,174879,76,19377,335,34771,912,219222,411,253993,California
Santa Barbara,2021-06-15,1144,456220,755,261575,354,175233,35,19412,396,34461,741,219963,431,254424,California
Santa Barbara,2021-06-16,933,457153,647,262222,239,175472,47,19459,353,34285,574,220537,398,254822,California
Santa Barbara,2021-06-17,1875,459028,1545,263767,241,175713,89,19548,622,33746,1250,221787,711,255533,California
Santa Barbara,2021-06-18,1108,460136,714,264481,295,176008,99,19647,362,33465,742,222529,461,255994,California
Santa Barbara,2021-06-19,540,460676,363,264844,145,176153,32,19679,250,33460,287,222816,282,256276,California
Santa Barbara,2021-06-20,369,461045,211,265055,148,176301,10,19689,153,33407,215,223031,162,256438,California
Santa Barbara,2021-06-21,528,461573,264,265319,211,176512,53,19742,275,33487,248,223279,328,256766,California
Santa Barbara,2021-06-22,764,462337,495,265814,238,176750,31,19773,298,33353,462,223741,328,257094,California
Santa Barbara,2021-06-23,778,463115,563,266377,183,176933,32,19805,333,33277,440,224181,364,257458,California
Santa Barbara,2021-06-24,1355,464470,1147,267524,150,177083,58,19863,579,33143,769,224950,635,258093,California
Santa Barbara,2021-06-25,964,465434,616,268140,290,177373,58,19921,447,33134,513,225463,504,258597,California
Santa Barbara,2021-06-26,507,465941,355,268495,121,177494,31,19952,200,33058,307,225770,231,258828,California
Santa Barbara,2021-06-27,392,466333,257,268752,73,177567,62,20014,188,33108,200,225970,250,259078,California
Santa Barbara,2021-06-28,462,466795,303,269055,126,177693,33,20047,234,33147,228,226198,267,259345,California
Santa Barbara,2021-06-29,552,467347,375,269430,163,177856,14,20061,266,33146,280,226478,279,259624,California
Santa Barbara,2021-06-30,461,467808,323,269753,102,177958,36,20097,219,33167,234,226712,255,259879,California
Santa Clara,2020-12-15,71,71,71,71,0,0,0,0,71,71,0,0,71,71,California
Santa Clara,2020-12-16,150,221,150,221,0,0,0,0,150,221,0,0,150,221,California
Santa Clara,2020-12-17,407,628,407,628,0,0,0,0,407,628,0,0,407,628,California
Santa Clara,2020-12-18,1756,2384,1756,2384,0,0,0,0,1756,2384,0,0,1756,2384,California
Santa Clara,2020-12-19,2077,4461,2077,4461,0,0,0,0,2076,4460,0,0,2076,4460,California
Santa Clara,2020-12-20,1905,6366,1904,6365,1,1,0,0,1902,6362,0,0,1902,6362,California
Santa Clara,2020-12-21,2677,9043,2677,9042,0,1,0,0,2674,9035,1,1,2674,9036,California
Santa Clara,2020-12-22,3128,12171,3121,12163,7,8,0,0,3123,12156,2,3,3123,12159,California
Santa Clara,2020-12-23,3276,15447,3086,15249,190,198,0,0,3273,15428,1,4,3273,15432,California
Santa Clara,2020-12-24,1890,17337,1699,16948,191,389,0,0,1883,17309,2,6,1883,17315,California
Santa Clara,2020-12-25,349,17686,348,17296,1,390,0,0,349,17658,0,6,349,17664,California
Santa Clara,2020-12-26,1274,18960,1039,18335,235,625,0,0,1273,18931,0,6,1273,18937,California
Santa Clara,2020-12-27,659,19619,516,18851,143,768,0,0,659,19590,0,6,659,19596,California
Santa Clara,2020-12-28,2351,21970,1740,20591,611,1379,0,0,2351,21941,0,6,2351,21947,California
Santa Clara,2020-12-29,2376,24346,1510,22101,866,2245,0,0,2374,24315,0,6,2374,24321,California
Santa Clara,2020-12-30,2996,27342,1896,23997,1100,3345,0,0,2993,27305,3,9,2993,27314,California
Santa Clara,2020-12-31,1238,28580,399,24396,839,4184,0,0,1237,28541,1,10,1237,28551,California
Santa Clara,2021-01-01,150,28730,14,24410,136,4320,0,0,149,28689,1,11,149,28700,California
Santa Clara,2021-01-02,1098,29828,820,25230,278,4598,0,0,1098,29787,0,11,1098,29798,California
Santa Clara,2021-01-03,589,30417,372,25602,217,4815,0,0,584,30368,3,14,584,30382,California
Santa Clara,2021-01-04,2484,32901,1680,27282,804,5619,0,0,2481,32849,0,14,2481,32863,California
Santa Clara,2021-01-05,3103,36004,2035,29317,1068,6687,0,0,2910,35573,192,206,2916,35779,California
Santa Clara,2021-01-06,3365,39369,1992,31309,1373,8060,0,0,2757,37729,603,809,2759,38538,California
Santa Clara,2021-01-07,4240,43609,2577,33886,1663,9723,0,0,3153,39813,1076,1885,3160,41698,California
Santa Clara,2021-01-08,5890,49499,3855,37741,2035,11758,0,0,3773,41478,2108,3993,3773,45471,California
Santa Clara,2021-01-09,3042,52541,1920,39661,1122,12880,0,0,1717,41877,1321,5314,1720,47191,California
Santa Clara,2021-01-10,1979,54520,1528,41189,451,13331,0,0,753,41411,1219,6533,753,47944,California
Santa Clara,2021-01-11,6000,60520,3796,44985,2204,15535,0,0,3399,42222,2593,9126,3404,51348,California
Santa Clara,2021-01-12,6909,67429,3506,48491,3403,18938,0,0,4571,44471,2323,11449,4572,55920,California
Santa Clara,2021-01-13,7477,74906,3142,51633,4335,23273,0,0,5220,47440,2253,13702,5222,61142,California
Santa Clara,2021-01-14,8313,83219,2869,54502,5444,28717,0,0,6510,52158,1794,15496,6512,67654,California
Santa Clara,2021-01-15,9567,92786,2771,57273,6796,35513,0,0,8160,58922,1401,16897,8165,75819,California
Santa Clara,2021-01-16,4358,97144,1255,58528,3103,38616,0,0,3498,61565,856,17753,3499,79318,California
Santa Clara,2021-01-17,3244,100388,618,59146,2626,41242,0,0,2733,63791,507,18260,2733,82051,California
Santa Clara,2021-01-18,5123,105511,1178,60324,3945,45187,0,0,4559,67787,564,18824,4560,86611,California
Santa Clara,2021-01-19,8525,114036,2708,63032,5817,51004,0,0,6822,72913,1699,20523,6825,93436,California
Santa Clara,2021-01-20,8455,122491,4454,67486,4001,55005,0,0,6885,78233,1565,22088,6885,100321,California
Santa Clara,2021-01-21,8922,131413,3951,71437,4971,59976,0,0,7637,84592,1280,23368,7639,107960,California
Santa Clara,2021-01-22,8736,140149,3306,74743,5430,65406,0,0,8155,92173,577,23945,8158,116118,California
Santa Clara,2021-01-23,3810,143959,1686,76429,2124,67530,0,0,2839,94042,971,24916,2840,118958,California
Santa Clara,2021-01-24,2851,146810,1431,77860,1420,68950,0,0,2355,95906,491,25407,2355,121313,California
Santa Clara,2021-01-25,8413,155223,3809,81669,4604,73554,0,0,6322,100147,2083,27490,6324,127637,California
Santa Clara,2021-01-26,8330,163553,3796,85465,4534,78088,0,0,6177,104185,2142,29632,6180,133817,California
Santa Clara,2021-01-27,8820,172373,3888,89353,4932,83020,0,0,6872,109132,1926,31558,6873,140690,California
Santa Clara,2021-01-28,9556,181929,3830,93183,5726,88746,0,0,7551,114706,1982,33540,7556,148246,California
Santa Clara,2021-01-29,9617,191546,3968,97151,5649,94395,0,0,7414,119931,2190,35730,7415,155661,California
Santa Clara,2021-01-30,4210,195756,2091,99242,2119,96514,0,0,2981,121694,1219,36949,2982,158643,California
Santa Clara,2021-01-31,2204,197960,1323,100565,881,97395,0,0,1595,122687,602,37551,1595,160238,California
Santa Clara,2021-02-01,7882,205842,3517,104082,4365,101760,0,0,6164,127149,1704,39255,6166,166404,California
Santa Clara,2021-02-02,8670,214512,2903,106985,5767,107527,0,0,6622,131734,2040,41295,6625,173029,California
Santa Clara,2021-02-03,9294,223806,3512,110497,5782,113309,0,0,6981,136415,2306,43601,6987,180016,California
Santa Clara,2021-02-04,11039,234845,4179,114676,6860,120169,0,0,8712,142816,2315,45916,8716,188732,California
Santa Clara,2021-02-05,12006,246851,4385,119061,7621,127790,0,0,8519,147866,3470,49386,8520,197252,California
Santa Clara,2021-02-06,5229,252080,2839,121900,2390,130180,0,0,4045,150735,1178,50564,4047,201299,California
Santa Clara,2021-02-07,3492,255572,2359,124259,1133,131313,0,0,3032,153311,457,51021,3033,204332,California
Santa Clara,2021-02-08,10073,265645,3529,127788,6544,137857,0,0,7332,157915,2729,53750,7333,211665,California
Santa Clara,2021-02-09,11234,276879,3841,131629,7393,145250,0,0,7703,162107,3515,57265,7707,219372,California
Santa Clara,2021-02-10,12796,289675,4967,136596,7829,153079,0,0,6636,162605,6142,63407,6640,226012,California
Santa Clara,2021-02-11,13650,303325,4787,141383,8863,161942,0,0,7658,164292,5973,69380,7660,233672,California
Santa Clara,2021-02-12,14705,318030,4538,145921,10167,172109,0,0,6992,163599,7687,77067,6994,240666,California
Santa Clara,2021-02-13,6175,324205,1501,147422,4674,176783,0,0,2247,161930,3918,80985,2249,242915,California
Santa Clara,2021-02-14,4660,328865,1165,148587,3495,180278,0,0,1481,160239,3174,84159,1483,244398,California
Santa Clara,2021-02-15,6331,335196,2825,151412,3506,183784,0,0,2731,159379,3592,87751,2732,247130,California
Santa Clara,2021-02-16,13925,349121,4036,155448,9889,193673,0,0,6980,159442,6919,94670,6982,254112,California
Santa Clara,2021-02-17,14173,363294,5566,161014,8607,202280,0,0,7054,159405,7097,101767,7060,261172,California
Santa Clara,2021-02-18,14375,377669,8480,169494,5895,208175,0,0,7308,159708,7010,108777,7313,268485,California
Santa Clara,2021-02-19,15052,392721,9666,179160,5386,213561,0,0,8722,162155,6282,115059,8729,277214,California
Santa Clara,2021-02-20,7045,399766,5273,184433,1772,215333,0,0,3788,162713,3232,118291,3790,281004,California
Santa Clara,2021-02-21,3457,403223,2580,187013,877,216210,0,0,1282,161852,2145,120436,1284,282288,California
Santa Clara,2021-02-22,10711,413934,6384,193397,4327,220537,0,0,4969,161114,5709,126145,4971,287259,California
Santa Clara,2021-02-23,12328,426262,7949,201346,4379,224916,0,0,6958,162729,5347,131492,6962,294221,California
Santa Clara,2021-02-24,14495,440757,9333,210679,5162,230078,0,0,8940,166134,5535,137027,8940,303161,California
Santa Clara,2021-02-25,15075,455832,9605,220284,5470,235548,0,0,8197,167487,6852,143879,8205,311366,California
Santa Clara,2021-02-26,15016,470848,8703,228987,6313,241861,0,0,8173,168857,6810,150689,8180,319546,California
Santa Clara,2021-02-27,8319,479167,5736,234723,2582,244443,1,1,4640,169837,3668,154357,4648,324194,California
Santa Clara,2021-02-28,5383,484550,3678,238401,1705,246148,0,1,2670,169812,2696,157053,2671,326865,California
Santa Clara,2021-03-01,14559,499109,8376,246777,6177,252325,6,7,9020,173320,5518,162571,9026,335891,California
Santa Clara,2021-03-02,16170,515279,9574,256351,6595,258920,1,8,10311,177802,5831,168402,10313,346204,California
Santa Clara,2021-03-03,18696,533975,9258,265609,9434,268354,4,12,11625,182405,7030,175432,11633,357837,California
Santa Clara,2021-03-04,16582,550557,9021,274630,7558,275912,3,15,9645,185210,6846,182278,9651,367488,California
Santa Clara,2021-03-05,16646,567203,9263,283893,7257,283169,126,141,9239,187198,7383,189661,9371,376859,California
Santa Clara,2021-03-06,9451,576654,6324,290217,2676,285845,451,592,7087,192384,2352,192013,7538,384397,California
Santa Clara,2021-03-07,6833,583487,4477,294694,2109,287954,247,839,5439,196684,1383,193396,5683,390080,California
Santa Clara,2021-03-08,12933,596420,6744,301438,5616,293570,573,1412,8294,200928,4621,198017,8865,398945,California
Santa Clara,2021-03-09,15323,611743,6532,307970,7462,301032,1329,2741,6904,200758,8394,206411,8224,407169,California
Santa Clara,2021-03-10,15285,627028,6707,314677,6462,307494,2116,4857,6313,200219,8938,215349,8399,415568,California
Santa Clara,2021-03-11,17149,644177,7793,322470,7850,315344,1506,6363,6075,196749,11033,226382,7563,423131,California
Santa Clara,2021-03-12,17757,661934,9128,331598,7060,322404,1569,7932,5956,192497,11752,238134,7500,430631,California
Santa Clara,2021-03-13,10874,672808,6300,337898,3070,325474,1504,9436,4835,192799,6011,244145,6313,436944,California
Santa Clara,2021-03-14,6548,679356,3407,341305,1835,327309,1306,10742,3167,193897,3360,247505,4458,441402,California
Santa Clara,2021-03-15,12859,692215,6571,347876,6010,333319,278,11020,5927,193201,6901,254406,6205,447607,California
Santa Clara,2021-03-16,18339,710554,10361,358237,7769,341088,209,11229,8810,192721,9496,263902,9016,456623,California
Santa Clara,2021-03-17,20118,730672,11437,369674,8512,349600,169,11398,10329,193482,9731,273633,10492,467115,California
Santa Clara,2021-03-18,19334,750006,9078,378752,9093,358693,1163,12561,9134,193626,10141,283774,10285,477400,California
Santa Clara,2021-03-19,19562,769568,10095,388847,8459,367152,1008,13569,10022,195176,9471,293245,11021,488421,California
Santa Clara,2021-03-20,11607,781175,6403,395250,4372,371524,832,14401,6749,197927,4827,298072,7578,495999,California
Santa Clara,2021-03-21,8373,789548,3847,399097,3131,374655,1395,15796,5353,201656,3003,301075,6732,502731,California
Santa Clara,2021-03-22,16561,806109,9234,408331,6973,381628,354,16150,9175,203824,7357,308432,9525,512256,California
Santa Clara,2021-03-23,19511,825620,12391,420722,6595,388223,525,16675,11255,207396,8203,316635,11775,524031,California
Santa Clara,2021-03-24,22824,848444,14650,435372,7756,395979,418,17093,14683,214402,8095,324730,15101,539132,California
Santa Clara,2021-03-25,23114,871558,13223,448595,8899,404878,992,18085,14861,222055,8183,332913,15836,554968,California
Santa Clara,2021-03-26,22134,893692,14066,462661,7676,412554,392,18477,13624,227594,8469,341382,14008,568976,California
Santa Clara,2021-03-27,15785,909477,10498,473159,4517,417071,770,19247,8477,229576,7260,348642,9242,578218,California
Santa Clara,2021-03-28,12092,921569,8389,481548,2986,420057,717,19964,6490,231201,5575,354217,7200,585418,California
Santa Clara,2021-03-29,20702,942271,12640,494188,7335,427392,727,20691,11210,233681,9447,363664,11927,597345,California
Santa Clara,2021-03-30,25791,968062,15284,509472,8555,435947,1952,22643,16228,242327,9518,373182,18164,615509,California
Santa Clara,2021-03-31,20638,988700,11941,521413,7561,443508,1136,23779,12571,247999,8019,381201,13691,629200,California
Santa Clara,2021-04-01,32053,1020753,19886,541299,9050,452558,3117,26896,20239,259579,11737,392938,23317,652517,California
Santa Clara,2021-04-02,25421,1046174,14395,555694,8798,461356,2228,29124,16587,269586,8786,401724,18793,671310,California
Santa Clara,2021-04-03,15395,1061569,9325,565019,3523,464879,2547,31671,8514,273769,6858,408582,11041,682351,California
Santa Clara,2021-04-04,7660,1069229,4051,569070,2435,467314,1174,32845,3975,275229,3673,412255,5133,687484,California
Santa Clara,2021-04-05,22009,1091238,14620,583690,4891,472205,2498,35343,14380,284492,7596,419851,16859,704343,California
Santa Clara,2021-04-06,29776,1121014,16371,600061,7906,480111,5499,40842,17836,295902,11886,431737,23296,727639,California
Santa Clara,2021-04-07,31062,1152076,16032,616093,8510,488621,6520,47362,18951,309281,12050,443787,25429,753068,California
Santa Clara,2021-04-08,30179,1182255,16464,632557,6064,494685,7651,55013,16423,319626,13676,457463,24021,777089,California
Santa Clara,2021-04-09,28274,1210529,13993,646550,6959,501644,7322,62335,14434,327553,13771,471234,21698,798787,California
Santa Clara,2021-04-10,21656,1232185,12476,659026,3811,505455,5369,67704,11552,334352,10065,481299,16864,815651,California
Santa Clara,2021-04-11,16106,1248291,9652,668678,2666,508121,3788,71492,8333,338705,7738,489037,12091,827742,California
Santa Clara,2021-04-12,27155,1275446,19076,687754,5592,513713,2487,73979,18466,351019,8625,497662,20939,848681,California
Santa Clara,2021-04-13,34680,1310126,27265,715019,7386,521099,29,74008,26706,369882,7895,505557,26758,875439,California
Santa Clara,2021-04-14,37224,1347350,28208,743227,9012,530111,4,74012,26390,385555,10760,516317,26433,901872,California
Santa Clara,2021-04-15,44697,1392047,34584,777811,10107,540218,6,74018,34353,409717,10221,526538,34383,936255,California
Santa Clara,2021-04-16,38882,1430929,26614,804425,12264,552482,4,74022,27794,426540,11002,537540,27825,964080,California
Santa Clara,2021-04-17,22350,1453279,15282,819707,7066,559548,2,74024,15346,434968,6940,544480,15368,979448,California
Santa Clara,2021-04-18,16953,1470232,11148,830855,5805,565353,0,74024,10596,439253,6324,550804,10609,990057,California
Santa Clara,2021-04-19,29332,1499564,21199,852054,8132,573485,1,74025,17562,445159,11691,562495,17597,1007654,California
Santa Clara,2021-04-20,38127,1537691,23487,875541,14638,588123,2,74027,23235,453665,14770,577265,23276,1030930,California
Santa Clara,2021-04-21,38180,1575871,22571,898112,15607,603730,2,74029,25006,465648,13066,590331,25049,1055979,California
Santa Clara,2021-04-22,37972,1613843,25470,923582,12501,616231,1,74030,17882,463621,19986,610317,17959,1073938,California
Santa Clara,2021-04-23,32779,1646622,20154,943736,12624,628855,1,74031,15340,461691,17332,627649,15402,1089340,California
Santa Clara,2021-04-24,21218,1667840,15498,959234,5719,634574,1,74032,12052,464684,9091,636740,12084,1101424,California
Santa Clara,2021-04-25,13610,1681450,9838,969072,3766,638340,6,74038,8682,468513,4883,641623,8712,1110136,California
Santa Clara,2021-04-26,25507,1706957,19697,988769,5750,644090,60,74098,10612,464414,14796,656419,10697,1120833,California
Santa Clara,2021-04-27,27995,1734952,19961,1008730,7647,651737,387,74485,12206,461367,15693,672112,12646,1133479,California
Santa Clara,2021-04-28,26585,1761537,19795,1028525,6351,658088,439,74924,11277,457933,15221,687333,11787,1145266,California
Santa Clara,2021-04-29,24516,1786053,17994,1046519,6123,664211,399,75323,9219,452420,15213,702546,9700,1154966,California
Santa Clara,2021-04-30,23689,1809742,16337,1062856,6983,671194,369,75692,10138,449564,13454,716000,10598,1165564,California
Santa Clara,2021-05-01,17518,1827260,14517,1077373,2737,673931,264,75956,5508,443424,11955,727955,5815,1171379,California
Santa Clara,2021-05-02,11304,1838564,9379,1086752,1691,675622,234,76190,3491,439401,7768,735723,3745,1175124,California
Santa Clara,2021-05-03,22893,1861457,19387,1106139,3074,678696,432,76622,5144,427352,17670,753393,5621,1180745,California
Santa Clara,2021-05-04,31170,1892627,24495,1130634,6132,684828,543,77165,5563,408013,25494,778887,6155,1186900,California
Santa Clara,2021-05-05,32794,1925421,25044,1155678,7205,692033,545,77710,5530,386952,27164,806051,6103,1193003,California
Santa Clara,2021-05-06,35966,1961387,30037,1185715,5456,697489,473,78183,4785,361189,31044,837095,5281,1198284,California
Santa Clara,2021-05-07,32919,1994306,26497,1212212,5932,703421,490,78673,4710,338366,28072,865167,5249,1203533,California
Santa Clara,2021-05-08,17220,2011526,14121,1226333,2674,706095,425,79098,3715,329108,13413,878580,4155,1207688,California
Santa Clara,2021-05-09,10576,2022102,9204,1235537,1186,707281,186,79284,2332,323433,8206,886786,2531,1210219,California
Santa Clara,2021-05-10,21150,2043252,16978,1252515,3769,711050,403,79687,2646,308084,18419,905205,3070,1213289,California
Santa Clara,2021-05-11,22884,2066136,17321,1269836,5118,716168,445,80132,4024,293791,18768,923973,4475,1217764,California
Santa Clara,2021-05-12,21565,2087701,15888,1285724,5153,721321,524,80656,4248,281352,17217,941190,4778,1222542,California
Santa Clara,2021-05-13,28353,2116054,22979,1308703,5071,726392,303,80959,11264,275927,17000,958190,11575,1234117,California
Santa Clara,2021-05-14,27956,2144010,19565,1328268,8001,734393,390,81349,9644,267757,18217,976407,10047,1244164,California
Santa Clara,2021-05-15,21008,2165018,16902,1345170,3825,738218,281,81630,8144,263412,12778,989185,8433,1252597,California
Santa Clara,2021-05-16,16419,2181437,13425,1358595,2818,741036,176,81806,5366,257988,10969,1000154,5545,1258142,California
Santa Clara,2021-05-17,20439,2201876,16085,1374680,3986,745022,368,82174,6865,251726,13497,1013651,7235,1265377,California
Santa Clara,2021-05-18,26183,2228059,16743,1391423,9025,754047,415,82589,7169,240437,18874,1032525,7585,1272962,California
Santa Clara,2021-05-19,24625,2252684,14416,1405839,9786,763833,423,83012,7304,230964,17207,1049732,7734,1280696,California
Santa Clara,2021-05-20,18533,2271217,12199,1418038,5883,769716,451,83463,6098,225163,12346,1062078,6545,1287241,California
Santa Clara,2021-05-21,22340,2293557,14851,1432889,6992,776708,497,83960,7385,218214,14845,1076923,7896,1295137,California
Santa Clara,2021-05-22,12960,2306517,9818,1442707,2789,779497,353,84313,5663,217004,7231,1084154,6021,1301158,California
Santa Clara,2021-05-23,8375,2314892,6227,1448934,1946,781443,202,84515,3346,215572,4982,1089136,3550,1304708,California
Santa Clara,2021-05-24,10914,2325806,7876,1456810,2589,784032,449,84964,3786,212742,7067,1096203,4237,1308945,California
Santa Clara,2021-05-25,11493,2337299,7958,1464768,3116,787148,419,85383,4405,210552,7012,1103215,4822,1313767,California
Santa Clara,2021-05-26,10432,2347731,6769,1471537,3326,790474,337,85720,3961,208480,6364,1109579,4292,1318059,California
Santa Clara,2021-05-27,9413,2357144,6011,1477548,2927,793401,475,86195,3513,206629,5832,1115411,3981,1322040,California
Santa Clara,2021-05-28,10904,2368048,7074,1484622,3401,796802,429,86624,4445,205113,6392,1121803,4876,1326916,California
Santa Clara,2021-05-29,6354,2374402,4333,1488955,1739,798541,282,86906,2707,204495,3604,1125407,2986,1329902,California
Santa Clara,2021-05-30,3849,2378251,2894,1491849,746,799287,209,87115,1818,204519,2002,1127409,2026,1331928,California
Santa Clara,2021-05-31,1097,2379348,629,1492478,359,799646,109,87224,439,204417,650,1128059,548,1332476,California
Santa Clara,2021-06-01,9084,2388432,6382,1498860,2318,801964,384,87608,3011,201815,5996,1134055,3394,1335870,California
Santa Clara,2021-06-02,7707,2396139,5539,1504399,1816,803780,352,87960,2905,200318,4745,1138800,3248,1339118,California
Santa Clara,2021-06-03,12244,2408383,10137,1514536,1740,805520,367,88327,2632,193768,9552,1148352,3002,1342120,California
Santa Clara,2021-06-04,13620,2422003,11403,1525939,1901,807421,316,88643,3284,187089,10272,1158624,3593,1345713,California
Santa Clara,2021-06-05,10505,2432508,9034,1534973,1211,808632,260,88903,2190,181274,8263,1166887,2448,1348161,California
Santa Clara,2021-06-06,6919,2439427,6168,1541141,597,809229,154,89057,1342,177246,5523,1172410,1495,1349656,California
Santa Clara,2021-06-07,9927,2449354,8367,1549508,1318,810547,242,89299,2291,172181,7596,1180006,2531,1352187,California
Santa Clara,2021-06-08,9170,2458524,7492,1557000,1408,811955,270,89569,2454,168244,6658,1186664,2721,1354908,California
Santa Clara,2021-06-09,9535,2468059,7957,1564957,1325,813280,253,89822,2258,163536,7214,1193878,2506,1357414,California
Santa Clara,2021-06-10,8336,2476395,6920,1571877,1086,814366,330,90152,2255,160091,6028,1199906,2583,1359997,California
Santa Clara,2021-06-11,10228,2486623,8684,1580561,1266,815632,278,90430,2512,155216,7665,1207571,2790,1362787,California
Santa Clara,2021-06-12,7180,2493803,5980,1586541,1033,816665,167,90597,1699,151647,5435,1213006,1866,1364653,California
Santa Clara,2021-06-13,3742,2497545,3023,1589564,606,817271,113,90710,876,149793,2843,1215849,989,1365642,California
Santa Clara,2021-06-14,5965,2503510,4822,1594386,910,818181,233,90943,1935,147965,3996,1219845,2168,1367810,California
Santa Clara,2021-06-15,7366,2510876,5968,1600354,1097,819278,301,91244,2077,145105,5240,1225085,2380,1370190,California
Santa Clara,2021-06-16,6369,2517245,5155,1605509,905,820183,309,91553,2093,143280,4228,1229313,2403,1372593,California
Santa Clara,2021-06-17,5370,2522615,4350,1609859,775,820958,245,91798,1838,141898,3461,1232774,2079,1374672,California
Santa Clara,2021-06-18,5444,2528059,4392,1614251,881,821839,171,91969,1789,140284,3573,1236347,1959,1376631,California
Santa Clara,2021-06-19,4524,2532583,3619,1617870,704,822543,201,92170,1286,138570,3201,1239548,1487,1378118,California
Santa Clara,2021-06-20,2143,2534726,1759,1619629,320,822863,64,92234,678,137864,1448,1240996,742,1378860,California
Santa Clara,2021-06-21,3698,2538424,2783,1622412,687,823550,228,92462,1805,138034,1860,1242856,2030,1380890,California
Santa Clara,2021-06-22,5090,2543514,4061,1626473,805,824355,224,92686,1709,136622,3343,1246199,1931,1382821,California
Santa Clara,2021-06-23,4478,2547992,3523,1629996,755,825110,200,92886,1608,135592,2836,1249035,1806,1384627,California
Santa Clara,2021-06-24,4357,2552349,3374,1633370,784,825894,199,93085,1610,134707,2694,1251729,1809,1386436,California
Santa Clara,2021-06-25,5518,2557867,4507,1637877,801,826695,210,93295,1893,133234,3572,1255301,2099,1388535,California
Santa Clara,2021-06-26,3685,2561552,2936,1640813,610,827305,139,93434,1334,132395,2310,1257611,1471,1390006,California
Santa Clara,2021-06-27,1985,2563537,1547,1642360,350,827655,88,93522,687,131884,1284,1258895,773,1390779,California
Santa Clara,2021-06-28,4034,2567571,3417,1645777,398,828053,219,93741,1548,131189,2459,1261354,1764,1392543,California
Santa Clara,2021-06-29,4087,2571658,3190,1648967,724,828777,173,93914,1581,130472,2471,1263825,1754,1394297,California
Santa Clara,2021-06-30,2795,2574453,2132,1651099,514,829291,149,94063,1035,129915,1744,1265569,1187,1395484,California
Santa Cruz,2020-12-15,2,2,2,2,0,0,0,0,2,2,0,0,2,2,California
Santa Cruz,2020-12-16,57,59,57,59,0,0,0,0,57,59,0,0,57,59,California
Santa Cruz,2020-12-17,389,448,389,448,0,0,0,0,389,448,0,0,389,448,California
Santa Cruz,2020-12-18,465,913,465,913,0,0,0,0,465,913,0,0,465,913,California
Santa Cruz,2020-12-19,183,1096,182,1095,1,1,0,0,183,1096,0,0,183,1096,California
Santa Cruz,2020-12-20,93,1189,93,1188,0,1,0,0,93,1189,0,0,93,1189,California
Santa Cruz,2020-12-21,437,1626,436,1624,1,2,0,0,437,1626,0,0,437,1626,California
Santa Cruz,2020-12-22,423,2049,422,2046,1,3,0,0,423,2049,0,0,423,2049,California
Santa Cruz,2020-12-23,369,2418,325,2371,44,47,0,0,369,2418,0,0,369,2418,California
Santa Cruz,2020-12-24,123,2541,47,2418,76,123,0,0,123,2541,0,0,123,2541,California
Santa Cruz,2020-12-25,9,2550,9,2427,0,123,0,0,9,2550,0,0,9,2550,California
Santa Cruz,2020-12-26,65,2615,46,2473,19,142,0,0,65,2615,0,0,65,2615,California
Santa Cruz,2020-12-27,32,2647,27,2500,5,147,0,0,32,2647,0,0,32,2647,California
Santa Cruz,2020-12-28,483,3130,108,2608,375,522,0,0,483,3130,0,0,483,3130,California
Santa Cruz,2020-12-29,795,3925,367,2975,428,950,0,0,795,3925,0,0,795,3925,California
Santa Cruz,2020-12-30,357,4282,165,3140,192,1142,0,0,357,4282,0,0,357,4282,California
Santa Cruz,2020-12-31,311,4593,11,3151,300,1442,0,0,311,4593,0,0,311,4593,California
Santa Cruz,2021-01-01,33,4626,1,3152,32,1474,0,0,33,4626,0,0,33,4626,California
Santa Cruz,2021-01-02,68,4694,55,3207,13,1487,0,0,68,4694,0,0,68,4694,California
Santa Cruz,2021-01-03,15,4709,7,3214,8,1495,0,0,15,4709,0,0,15,4709,California
Santa Cruz,2021-01-04,281,4990,123,3337,158,1653,0,0,279,4988,0,0,279,4988,California
Santa Cruz,2021-01-05,571,5561,434,3771,137,1790,0,0,269,4955,302,302,269,5257,California
Santa Cruz,2021-01-06,801,6362,669,4440,132,1922,0,0,463,5081,337,639,463,5720,California
Santa Cruz,2021-01-07,538,6900,211,4651,327,2249,0,0,384,5312,154,793,385,6105,California
Santa Cruz,2021-01-08,940,7840,566,5217,374,2623,0,0,491,5355,449,1242,492,6597,California
Santa Cruz,2021-01-09,469,8309,127,5344,342,2965,0,0,411,5708,58,1300,411,7008,California
Santa Cruz,2021-01-10,77,8386,68,5412,9,2974,0,0,20,5671,57,1357,20,7028,California
Santa Cruz,2021-01-11,729,9115,592,6004,137,3111,0,0,195,5333,534,1891,196,7224,California
Santa Cruz,2021-01-12,734,9849,530,6534,204,3315,0,0,491,5581,243,2134,491,7715,California
Santa Cruz,2021-01-13,532,10381,234,6768,298,3613,0,0,445,5942,84,2218,445,8160,California
Santa Cruz,2021-01-14,556,10937,103,6871,453,4066,0,0,490,6366,66,2284,490,8650,California
Santa Cruz,2021-01-15,1459,12396,77,6948,1382,5448,0,0,1395,7699,64,2348,1397,10047,California
Santa Cruz,2021-01-16,423,12819,53,7001,370,5818,0,0,404,8084,19,2367,404,10451,California
Santa Cruz,2021-01-17,299,13118,41,7042,258,6076,0,0,274,8333,25,2392,274,10725,California
Santa Cruz,2021-01-18,1014,14132,103,7145,911,6987,0,0,952,9223,62,2454,952,11677,California
Santa Cruz,2021-01-19,1628,15760,525,7670,1103,8090,0,0,1276,10150,350,2804,1277,12954,California
Santa Cruz,2021-01-20,1250,17010,182,7852,1068,9158,0,0,1049,11001,198,3002,1049,14003,California
Santa Cruz,2021-01-21,1750,18760,226,8078,1524,10682,0,0,1641,12535,109,3111,1643,15646,California
Santa Cruz,2021-01-22,1803,20563,524,8602,1279,11961,0,0,1700,14136,100,3211,1701,17347,California
Santa Cruz,2021-01-23,402,20965,148,8750,254,12215,0,0,343,14421,58,3269,343,17690,California
Santa Cruz,2021-01-24,112,21077,19,8769,93,12308,0,0,95,14499,17,3286,95,17785,California
Santa Cruz,2021-01-25,1062,22139,363,9132,699,13007,0,0,551,14539,511,3797,551,18336,California
Santa Cruz,2021-01-26,1698,23837,253,9385,1445,14452,0,0,1184,15209,514,4311,1184,19520,California
Santa Cruz,2021-01-27,1678,25515,456,9841,1222,15674,0,0,1288,16109,388,4699,1288,20808,California
Santa Cruz,2021-01-28,1768,27283,292,10133,1476,17150,0,0,1490,17322,278,4977,1491,22299,California
Santa Cruz,2021-01-29,1750,29033,491,10624,1259,18409,0,0,1616,18805,133,5110,1616,23915,California
Santa Cruz,2021-01-30,1073,30106,307,10931,766,19175,0,0,937,19606,136,5246,937,24852,California
Santa Cruz,2021-01-31,222,30328,110,11041,112,19287,0,0,208,19800,14,5260,208,25060,California
Santa Cruz,2021-02-01,1235,31563,758,11799,477,19764,0,0,825,20216,409,5669,825,25885,California
Santa Cruz,2021-02-02,1020,32583,130,11929,890,20654,0,0,863,20924,155,5824,863,26748,California
Santa Cruz,2021-02-03,2242,34825,962,12891,1280,21934,0,0,1924,22535,313,6137,1924,28672,California
Santa Cruz,2021-02-04,1855,36680,768,13659,1087,23021,0,0,1511,23704,342,6479,1511,30183,California
Santa Cruz,2021-02-05,3179,39859,790,14449,2389,25410,0,0,2859,26244,319,6798,2859,33042,California
Santa Cruz,2021-02-06,2583,42442,158,14607,2425,27835,0,0,2237,28135,346,7144,2237,35279,California
Santa Cruz,2021-02-07,917,43359,123,14730,794,28629,0,0,899,29016,18,7162,899,36178,California
Santa Cruz,2021-02-08,717,44076,201,14931,516,29145,0,0,517,29334,199,7361,517,36695,California
Santa Cruz,2021-02-09,2377,46453,1057,15988,1320,30465,0,0,2109,31175,268,7629,2109,38804,California
Santa Cruz,2021-02-10,2214,48667,575,16563,1639,32104,0,0,1510,31994,692,8321,1511,40315,California
Santa Cruz,2021-02-11,1865,50532,317,16880,1548,33652,0,0,1313,32757,550,8871,1313,41628,California
Santa Cruz,2021-02-12,3246,53778,424,17304,2822,36474,0,0,1828,33179,1409,10280,1831,43459,California
Santa Cruz,2021-02-13,1731,55509,124,17428,1607,38081,0,0,1318,34084,413,10693,1318,44777,California
Santa Cruz,2021-02-14,1408,56917,68,17496,1340,39421,0,0,1146,34968,262,10955,1146,45923,California
Santa Cruz,2021-02-15,1592,58509,284,17780,1308,40729,0,0,567,34512,1024,11979,568,46491,California
Santa Cruz,2021-02-16,1715,60224,216,17996,1499,42228,0,0,541,33901,1152,13131,541,47032,California
Santa Cruz,2021-02-17,2935,63159,982,18978,1953,44181,0,0,1221,33425,1700,14831,1224,48256,California
Santa Cruz,2021-02-18,2905,66064,640,19618,2265,46446,0,0,1232,32993,1664,16495,1232,49488,California
Santa Cruz,2021-02-19,3291,69355,1160,20778,2131,48577,0,0,2016,33738,1271,17766,2016,51504,California
Santa Cruz,2021-02-20,2481,71836,1544,22322,937,49514,0,0,1913,35103,550,18316,1915,53419,California
Santa Cruz,2021-02-21,870,72706,378,22700,492,50006,0,0,738,35711,130,18446,738,54157,California
Santa Cruz,2021-02-22,1280,73986,991,23691,289,50295,0,0,541,35517,736,19182,542,54699,California
Santa Cruz,2021-02-23,2125,76111,955,24646,1170,51465,0,0,721,34835,1403,20585,721,55420,California
Santa Cruz,2021-02-24,3212,79323,1669,26315,1543,53008,0,0,1217,34062,1990,22575,1217,56637,California
Santa Cruz,2021-02-25,3276,82599,1445,27760,1831,54839,0,0,1806,34409,1461,24036,1808,58445,California
Santa Cruz,2021-02-26,2752,85351,769,28529,1983,56822,0,0,1568,34800,1179,25215,1570,60015,California
Santa Cruz,2021-02-27,2648,87999,932,29461,1716,58538,0,0,1846,35846,800,26015,1846,61861,California
Santa Cruz,2021-02-28,1312,89311,371,29832,941,59479,0,0,1087,36711,222,26237,1087,62948,California
Santa Cruz,2021-03-01,1911,91222,1256,31088,655,60134,0,0,723,36249,1185,27422,723,63671,California
Santa Cruz,2021-03-02,1556,92778,372,31460,1184,61318,0,0,875,36447,680,28102,878,64549,California
Santa Cruz,2021-03-03,2376,95154,645,32105,1731,63049,0,0,1304,36681,1070,29172,1304,65853,California
Santa Cruz,2021-03-04,3020,98174,1419,33524,1600,64649,1,1,2028,37731,980,30152,2030,67883,California
Santa Cruz,2021-03-05,2650,100824,502,34026,2130,66779,18,19,1159,37421,1487,31639,1177,69060,California
Santa Cruz,2021-03-06,3875,104699,1346,35372,2424,69203,105,124,2164,37978,1711,33350,2268,71328,California
Santa Cruz,2021-03-07,1350,106049,128,35500,1149,70352,73,197,560,37823,788,34138,633,71961,California
Santa Cruz,2021-03-08,1119,107168,224,35724,764,71116,131,328,671,38175,448,34586,800,72761,California
Santa Cruz,2021-03-09,1824,108992,273,35997,1399,72515,152,480,724,37955,1096,35682,876,73637,California
Santa Cruz,2021-03-10,3909,112901,2103,38100,1656,74171,150,630,2017,38234,1889,37571,2168,75805,California
Santa Cruz,2021-03-11,2842,115743,1231,39331,1436,75607,175,805,1561,38693,1280,38851,1739,77544,California
Santa Cruz,2021-03-12,2794,118537,890,40221,1608,77215,296,1101,928,38053,1862,40713,1222,78766,California
Santa Cruz,2021-03-13,2350,120887,1345,41566,963,78178,42,1143,1185,38120,1161,41874,1228,79994,California
Santa Cruz,2021-03-14,915,121802,221,41787,681,78859,13,1156,439,38097,474,42348,451,80445,California
Santa Cruz,2021-03-15,1367,123169,479,42266,851,79710,37,1193,582,37936,781,43129,620,81065,California
Santa Cruz,2021-03-16,2388,125557,1146,43412,1197,80907,45,1238,1379,38354,1004,44133,1422,82487,California
Santa Cruz,2021-03-17,4070,129627,2418,45830,1641,82548,11,1249,2696,39696,1367,45500,2709,85196,California
Santa Cruz,2021-03-18,3955,133582,2133,47963,1702,84250,120,1369,2132,40129,1819,47319,2252,87448,California
Santa Cruz,2021-03-19,3465,137047,1378,49341,1863,86113,224,1593,1824,40543,1634,48953,2048,89496,California
Santa Cruz,2021-03-20,2245,139292,1647,50988,531,86644,67,1660,1101,40568,1143,50096,1168,90664,California
Santa Cruz,2021-03-21,883,140175,477,51465,280,86924,126,1786,474,40763,406,50502,601,91265,California
Santa Cruz,2021-03-22,1444,141619,883,52348,538,87462,23,1809,1011,41369,429,50931,1035,92300,California
Santa Cruz,2021-03-23,2624,144243,1475,53823,1098,88560,51,1860,1751,42302,869,51800,1802,94102,California
Santa Cruz,2021-03-24,3146,147389,2131,55954,994,89554,21,1881,2090,43376,1036,52836,2110,96212,California
Santa Cruz,2021-03-25,2682,150071,1347,57301,1298,90852,37,1918,1356,43453,1315,54151,1392,97604,California
Santa Cruz,2021-03-26,3168,153239,1835,59136,1305,92157,28,1946,2153,44627,1006,55157,2180,99784,California
Santa Cruz,2021-03-27,3246,156485,2022,61158,1197,93354,27,1973,1512,44444,1723,56880,1540,101324,California
Santa Cruz,2021-03-28,937,157422,579,61737,344,93698,14,1987,493,44511,440,57320,507,101831,California
Santa Cruz,2021-03-29,2016,159438,891,62628,1058,94756,67,2054,1278,45122,734,58054,1345,103176,California
Santa Cruz,2021-03-30,2741,162179,825,63453,1752,96508,164,2218,1739,46025,999,59053,1902,105078,California
Santa Cruz,2021-03-31,4210,166389,2848,66301,1312,97820,50,2268,2213,46296,1992,61045,2263,107341,California
Santa Cruz,2021-04-01,4086,170475,2178,68479,1799,99619,109,2377,2071,46467,2008,63053,2179,109520,California
Santa Cruz,2021-04-02,3329,173804,1435,69914,1713,101332,181,2558,1900,47123,1425,64478,2081,111601,California
Santa Cruz,2021-04-03,2281,176085,1244,71158,901,102233,136,2694,891,46761,1388,65866,1026,112627,California
Santa Cruz,2021-04-04,944,177029,493,71651,395,102628,56,2750,551,46974,393,66259,606,113233,California
Santa Cruz,2021-04-05,2280,179309,798,72449,1316,103944,166,2916,1401,47664,878,67137,1568,114801,California
Santa Cruz,2021-04-06,3432,182741,1668,74117,1381,105325,383,3299,1975,48570,1446,68583,2352,117153,California
Santa Cruz,2021-04-07,4220,186961,1666,75783,2183,107508,371,3670,1816,48354,2401,70984,2185,119338,California
Santa Cruz,2021-04-08,4330,191291,2376,78159,1429,108937,525,4195,2550,49658,1769,72753,3073,122411,California
Santa Cruz,2021-04-09,3756,195047,1528,79687,1817,110754,411,4606,2111,50543,1638,74391,2523,124934,California
Santa Cruz,2021-04-10,2303,197350,1103,80790,938,111692,262,4868,1086,50676,1213,75604,1346,126280,California
Santa Cruz,2021-04-11,1016,198366,534,81324,387,112079,95,4963,494,50742,522,76126,588,126868,California
Santa Cruz,2021-04-12,2353,200719,843,82167,1084,113163,426,5389,1125,51079,1214,77340,1551,128419,California
Santa Cruz,2021-04-13,2975,203694,1480,83647,1493,114656,2,5391,1668,51451,1298,78638,1670,130089,California
Santa Cruz,2021-04-14,4772,208466,2301,85948,2471,117127,0,5391,2303,51298,2458,81096,2305,132394,California
Santa Cruz,2021-04-15,5129,213595,3251,89199,1878,119005,0,5391,3207,52599,1908,83004,3209,135603,California
Santa Cruz,2021-04-16,4621,218216,2561,91760,2058,121063,2,5393,2496,52983,2116,85120,2500,138103,California
Santa Cruz,2021-04-17,2287,220503,913,92673,1374,122437,0,5393,1502,53703,782,85902,1502,139605,California
Santa Cruz,2021-04-18,1115,221618,553,93226,561,122998,1,5394,606,53805,505,86407,607,140212,California
Santa Cruz,2021-04-19,2607,224225,1534,94760,1072,124070,1,5395,1616,54433,988,87395,1616,141828,California
Santa Cruz,2021-04-20,3290,227515,1759,96519,1531,125601,0,5395,1863,54880,1416,88811,1863,143691,California
Santa Cruz,2021-04-21,4434,231949,2982,99501,1452,127053,0,5395,2395,55256,2020,90831,2396,146087,California
Santa Cruz,2021-04-22,4402,236351,2985,102486,1417,128470,0,5395,2457,55779,1935,92766,2458,148545,California
Santa Cruz,2021-04-23,3239,239590,1761,104247,1477,129947,1,5396,1405,55361,1824,94590,1406,149951,California
Santa Cruz,2021-04-24,2264,241854,1089,105336,1172,131119,3,5399,694,54499,1559,96149,697,150648,California
Santa Cruz,2021-04-25,1094,242948,704,106040,377,131496,13,5412,452,54329,633,96782,463,151111,California
Santa Cruz,2021-04-26,2163,245111,1076,107116,1070,132566,17,5429,906,54008,1245,98027,924,152035,California
Santa Cruz,2021-04-27,3035,248146,1000,108116,1953,134519,82,5511,1519,54101,1508,99535,1601,153636,California
Santa Cruz,2021-04-28,3518,251664,1962,110078,1479,135998,77,5588,1848,54366,1657,101192,1922,155558,California
Santa Cruz,2021-04-29,3824,255488,2557,112635,1204,137202,63,5651,1345,53308,2469,103661,1411,156969,California
Santa Cruz,2021-04-30,2409,257897,1223,113858,1143,138345,43,5694,1014,52979,1387,105048,1058,158027,California
Santa Cruz,2021-05-01,1317,259214,1045,114903,239,138584,33,5727,602,52904,711,105759,636,158663,California
Santa Cruz,2021-05-02,655,259869,463,115366,166,138750,26,5753,214,52704,441,106200,241,158904,California
Santa Cruz,2021-05-03,1934,261803,1001,116367,866,139616,67,5820,655,52159,1268,107468,723,159627,California
Santa Cruz,2021-05-04,2738,264541,1599,117966,1068,140684,71,5891,878,51250,1856,109324,947,160574,California
Santa Cruz,2021-05-05,2828,267369,1426,119392,1321,142005,81,5972,746,50043,2039,111363,832,161406,California
Santa Cruz,2021-05-06,3914,271283,2503,121895,1190,143195,221,6193,879,48123,3017,114380,1097,162503,California
Santa Cruz,2021-05-07,2808,274091,1301,123196,1424,144619,83,6276,437,46280,2365,116745,522,163025,California
Santa Cruz,2021-05-08,1427,275518,746,123942,653,145272,28,6304,393,45669,1034,117779,423,163448,California
Santa Cruz,2021-05-09,533,276051,338,124280,172,145444,23,6327,158,45477,373,118152,181,163629,California
Santa Cruz,2021-05-10,2115,278166,1275,125555,774,146218,66,6393,410,44256,1697,119849,476,164105,California
Santa Cruz,2021-05-11,2428,280594,1378,126933,961,147179,89,6482,644,43209,1779,121628,732,164837,California
Santa Cruz,2021-05-12,3233,283827,1408,128341,1744,148923,81,6563,557,41182,2666,124294,639,165476,California
Santa Cruz,2021-05-13,3936,287763,2664,131005,1178,150101,94,6657,1394,40135,2537,126831,1490,166966,California
Santa Cruz,2021-05-14,2994,290757,1629,132634,1325,151426,40,6697,1131,39454,1855,128686,1174,168140,California
Santa Cruz,2021-05-15,2289,293046,1322,133956,955,152381,12,6709,1109,39398,1177,129863,1121,169261,California
Santa Cruz,2021-05-16,808,293854,433,134389,353,152734,22,6731,251,39117,555,130418,274,169535,California
Santa Cruz,2021-05-17,1553,295407,802,135191,680,153414,71,6802,528,38692,1024,131442,599,170134,California
Santa Cruz,2021-05-18,2336,297743,1433,136624,879,154293,24,6826,1107,38601,1222,132664,1131,171265,California
Santa Cruz,2021-05-19,3121,300864,1875,138499,1209,155502,37,6863,1304,38135,1807,134471,1341,172606,California
Santa Cruz,2021-05-20,3395,304259,2428,140927,819,156321,148,7011,1564,38021,1826,136297,1712,174318,California
Santa Cruz,2021-05-21,1780,306039,913,141840,778,157099,89,7100,604,37544,1170,137467,693,175011,California
Santa Cruz,2021-05-22,1724,307763,1331,143171,382,157481,11,7111,596,37028,1124,138591,608,175619,California
Santa Cruz,2021-05-23,479,308242,270,143441,190,157671,19,7130,149,36869,327,138918,168,175787,California
Santa Cruz,2021-05-24,1189,309431,687,144128,423,158094,79,7209,300,36367,881,139799,379,176166,California
Santa Cruz,2021-05-25,2283,311714,1302,145430,936,159030,45,7254,459,35193,1678,141477,504,176670,California
Santa Cruz,2021-05-26,1752,313466,820,146250,887,159917,45,7299,473,34446,1265,142742,518,177188,California
Santa Cruz,2021-05-27,1324,314790,717,146967,502,160419,105,7404,441,34116,876,143618,546,177734,California
Santa Cruz,2021-05-28,846,315636,373,147340,443,160862,30,7434,357,34024,480,144098,388,178122,California
Santa Cruz,2021-05-29,595,316231,337,147677,245,161107,13,7447,319,34082,274,144372,332,178454,California
Santa Cruz,2021-05-30,243,316474,120,147797,109,161216,14,7461,93,34041,147,144519,106,178560,California
Santa Cruz,2021-05-31,145,316619,63,147860,81,161297,1,7462,45,33988,99,144618,46,178606,California
Santa Cruz,2021-06-01,946,317565,578,148438,355,161652,13,7475,340,33736,604,145222,352,178958,California
Santa Cruz,2021-06-02,901,318466,526,148964,334,161986,41,7516,338,33557,558,145780,379,179337,California
Santa Cruz,2021-06-03,2278,320744,1535,150499,705,162691,38,7554,530,32387,1738,147518,568,179905,California
Santa Cruz,2021-06-04,1058,321802,726,151225,298,162989,34,7588,243,31857,808,148326,278,180183,California
Santa Cruz,2021-06-05,1033,322835,835,152060,193,163182,5,7593,191,31215,838,149164,196,180379,California
Santa Cruz,2021-06-06,406,323241,298,152358,91,163273,17,7610,110,31049,293,149457,127,180506,California
Santa Cruz,2021-06-07,845,324086,629,152987,186,163459,30,7640,229,30693,615,150072,259,180765,California
Santa Cruz,2021-06-08,1465,325551,1169,154156,271,163730,25,7665,307,29873,1153,151225,333,181098,California
Santa Cruz,2021-06-09,1435,326986,1130,155286,288,164018,17,7682,285,29033,1143,152368,303,181401,California
Santa Cruz,2021-06-10,1954,328940,1603,156889,284,164302,67,7749,347,27842,1602,153970,411,181812,California
Santa Cruz,2021-06-11,816,329756,505,157394,276,164578,35,7784,283,27631,527,154497,316,182128,California
Santa Cruz,2021-06-12,966,330722,847,158241,113,164691,6,7790,165,27004,798,155295,171,182299,California
Santa Cruz,2021-06-13,199,330921,132,158373,45,164736,22,7812,30,26887,169,155464,52,182351,California
Santa Cruz,2021-06-14,553,331474,355,158728,163,164899,35,7847,160,26691,390,155854,194,182545,California
Santa Cruz,2021-06-15,921,332395,677,159405,223,165122,21,7868,332,26459,586,156440,354,182899,California
Santa Cruz,2021-06-16,801,333196,594,159999,173,165295,34,7902,259,26213,538,156978,292,183191,California
Santa Cruz,2021-06-17,793,333989,615,160614,139,165434,39,7941,296,26053,494,157472,334,183525,California
Santa Cruz,2021-06-18,639,334628,390,161004,219,165653,30,7971,286,26020,349,157821,316,183841,California
Santa Cruz,2021-06-19,328,334956,259,161263,63,165716,6,7977,116,25933,209,158030,122,183963,California
Santa Cruz,2021-06-20,161,335117,114,161377,29,165745,18,7995,69,25928,92,158122,87,184050,California
Santa Cruz,2021-06-21,348,335465,246,161623,83,165828,19,8014,181,25963,165,158287,200,184250,California
Santa Cruz,2021-06-22,671,336136,471,162094,170,165998,30,8044,261,25846,409,158696,292,184542,California
Santa Cruz,2021-06-23,394,336530,280,162374,104,166102,10,8054,192,25850,196,158892,200,184742,California
Santa Cruz,2021-06-24,533,337063,379,162753,111,166213,43,8097,214,25789,317,159209,256,184998,California
Santa Cruz,2021-06-25,513,337576,331,163084,157,166370,25,8122,229,25763,280,159489,254,185252,California
Santa Cruz,2021-06-26,260,337836,162,163246,89,166459,9,8131,106,25726,152,159641,115,185367,California
Santa Cruz,2021-06-27,181,338017,132,163378,19,166478,30,8161,65,25705,116,159757,95,185462,California
Santa Cruz,2021-06-28,470,338487,383,163761,76,166554,11,8172,207,25661,262,160019,218,185680,California
Santa Cruz,2021-06-29,727,339214,565,164326,135,166689,27,8199,280,25523,444,160463,306,185986,California
Santa Cruz,2021-06-30,286,339500,202,164528,66,166755,18,8217,116,25488,169,160632,134,186120,California
Shasta,2020-12-16,131,131,131,131,0,0,0,0,131,131,0,0,131,131,California
Shasta,2020-12-17,422,553,422,553,0,0,0,0,422,553,0,0,422,553,California
Shasta,2020-12-18,166,719,166,719,0,0,0,0,166,719,0,0,166,719,California
Shasta,2020-12-19,1,720,1,720,0,0,0,0,1,720,0,0,1,720,California
Shasta,2020-12-21,79,799,79,799,0,0,0,0,79,799,0,0,79,799,California
Shasta,2020-12-22,193,992,188,987,5,5,0,0,193,992,0,0,193,992,California
Shasta,2020-12-23,173,1165,169,1156,4,9,0,0,173,1165,0,0,173,1165,California
Shasta,2020-12-24,19,1184,19,1175,0,9,0,0,19,1184,0,0,19,1184,California
Shasta,2020-12-26,4,1188,1,1176,3,12,0,0,4,1188,0,0,4,1188,California
Shasta,2020-12-27,1,1189,0,1176,1,13,0,0,1,1189,0,0,1,1189,California
Shasta,2020-12-28,40,1229,31,1207,9,22,0,0,40,1229,0,0,40,1229,California
Shasta,2020-12-29,186,1415,185,1392,1,23,0,0,186,1415,0,0,186,1415,California
Shasta,2020-12-30,177,1592,167,1559,10,33,0,0,177,1592,0,0,177,1592,California
Shasta,2020-12-31,83,1675,2,1561,81,114,0,0,83,1675,0,0,83,1675,California
Shasta,2021-01-02,2,1677,0,1561,2,116,0,0,2,1677,0,0,2,1677,California
Shasta,2021-01-03,1,1678,1,1562,0,116,0,0,1,1678,0,0,1,1678,California
Shasta,2021-01-04,373,2051,307,1869,66,182,0,0,374,2052,0,0,374,2052,California
Shasta,2021-01-05,338,2389,315,2184,23,205,0,0,256,2226,82,82,256,2308,California
Shasta,2021-01-06,466,2855,395,2579,71,276,0,0,203,2167,262,344,203,2511,California
Shasta,2021-01-07,126,2981,37,2616,89,365,0,0,104,2249,22,366,104,2615,California
Shasta,2021-01-08,524,3505,447,3063,77,442,0,0,316,2357,208,574,316,2931,California
Shasta,2021-01-09,73,3578,64,3127,9,451,0,0,71,2426,2,576,71,3002,California
Shasta,2021-01-10,5,3583,0,3127,5,456,0,0,3,2429,2,578,5,3007,California
Shasta,2021-01-11,408,3991,186,3313,222,678,0,0,372,2765,36,614,372,3379,California
Shasta,2021-01-12,489,4480,332,3645,157,835,0,0,313,2903,176,790,314,3693,California
Shasta,2021-01-13,602,5082,269,3914,333,1168,0,0,431,3163,171,961,431,4124,California
Shasta,2021-01-14,504,5586,52,3966,452,1620,0,0,486,3631,18,979,486,4610,California
Shasta,2021-01-15,690,6276,136,4102,554,2174,0,0,688,4317,2,981,688,5298,California
Shasta,2021-01-16,896,7172,53,4155,843,3017,0,0,893,5207,3,984,893,6191,California
Shasta,2021-01-17,27,7199,6,4161,21,3038,0,0,23,5226,4,988,23,6214,California
Shasta,2021-01-18,599,7798,129,4290,470,3508,0,0,591,5809,8,996,591,6805,California
Shasta,2021-01-19,1065,8863,401,4691,664,4172,0,0,917,6578,148,1144,917,7722,California
Shasta,2021-01-20,759,9622,491,5182,268,4440,0,0,574,6972,180,1324,574,8296,California
Shasta,2021-01-21,690,10312,336,5518,354,4794,0,0,667,7616,23,1347,667,8963,California
Shasta,2021-01-22,450,10762,177,5695,273,5067,0,0,444,8054,6,1353,444,9407,California
Shasta,2021-01-23,68,10830,5,5700,63,5130,0,0,67,8120,1,1354,67,9474,California
Shasta,2021-01-24,25,10855,3,5703,22,5152,0,0,24,8143,1,1355,24,9498,California
Shasta,2021-01-25,750,11605,490,6193,260,5412,0,0,459,8312,290,1645,459,9957,California
Shasta,2021-01-26,713,12318,334,6527,379,5791,0,0,478,8558,232,1877,478,10435,California
Shasta,2021-01-27,463,12781,181,6708,282,6073,0,0,413,8922,49,1926,413,10848,California
Shasta,2021-01-28,919,13700,581,7289,338,6411,0,0,697,9397,222,2148,697,11545,California
Shasta,2021-01-29,834,14534,330,7619,504,6915,0,0,644,9853,189,2337,645,12190,California
Shasta,2021-01-30,615,15149,14,7633,601,7516,0,0,605,10448,10,2347,605,12795,California
Shasta,2021-01-31,27,15176,4,7637,23,7539,0,0,25,10471,2,2349,25,12820,California
Shasta,2021-02-01,532,15708,149,7786,383,7922,0,0,385,10709,147,2496,385,13205,California
Shasta,2021-02-02,992,16700,501,8287,491,8413,0,0,899,11517,91,2587,899,14104,California
Shasta,2021-02-03,728,17428,213,8500,515,8928,0,0,491,11771,237,2824,491,14595,California
Shasta,2021-02-04,1106,18534,678,9178,428,9356,0,0,911,12489,193,3017,911,15506,California
Shasta,2021-02-05,1268,19802,168,9346,1100,10456,0,0,1057,13337,209,3226,1057,16563,California
Shasta,2021-02-06,1745,21547,40,9386,1705,12161,0,0,1722,15036,23,3249,1722,18285,California
Shasta,2021-02-07,25,21572,3,9389,22,12183,0,0,23,15057,2,3251,23,18308,California
Shasta,2021-02-08,600,22172,169,9558,431,12614,0,0,309,15075,291,3542,309,18617,California
Shasta,2021-02-09,1131,23303,659,10217,472,13086,0,0,708,15361,423,3965,709,19326,California
Shasta,2021-02-10,1128,24431,790,11007,338,13424,0,0,545,15324,582,4547,545,19871,California
Shasta,2021-02-11,894,25325,187,11194,707,14131,0,0,315,15066,573,5120,315,20186,California
Shasta,2021-02-12,1805,27130,1218,12412,587,14718,0,0,1244,15750,560,5680,1244,21430,California
Shasta,2021-02-13,1384,28514,374,12786,1010,15728,0,0,569,15505,815,6495,570,22000,California
Shasta,2021-02-14,152,28666,5,12791,147,15875,0,0,124,15602,27,6522,124,22124,California
Shasta,2021-02-15,380,29046,92,12883,288,16163,0,0,211,15644,169,6691,211,22335,California
Shasta,2021-02-16,1205,30251,524,13407,681,16844,0,0,427,15296,775,7466,427,22762,California
Shasta,2021-02-17,1038,31289,439,13846,599,17443,0,0,411,15080,627,8093,411,23173,California
Shasta,2021-02-18,956,32245,473,14319,483,17926,0,0,460,15045,496,8589,461,23634,California
Shasta,2021-02-19,1344,33589,953,15272,391,18317,0,0,872,15446,471,9060,872,24506,California
Shasta,2021-02-20,816,34405,99,15371,717,19034,0,0,317,15264,499,9559,317,24823,California
Shasta,2021-02-21,32,34437,3,15374,29,19063,0,0,11,15254,21,9580,11,24834,California
Shasta,2021-02-22,433,34870,79,15453,354,19417,0,0,181,15184,251,9831,181,25015,California
Shasta,2021-02-23,918,35788,472,15925,446,19863,0,0,329,14924,589,10420,329,25344,California
Shasta,2021-02-24,897,36685,514,16439,383,20246,0,0,278,14584,618,11038,278,25622,California
Shasta,2021-02-25,522,37207,165,16604,357,20603,0,0,144,14351,377,11415,144,25766,California
Shasta,2021-02-26,798,38005,98,16702,700,21303,0,0,336,14227,460,11875,336,26102,California
Shasta,2021-02-27,885,38890,77,16779,808,22111,0,0,240,13825,642,12517,240,26342,California
Shasta,2021-02-28,176,39066,4,16783,172,22283,0,0,127,13903,49,12566,127,26469,California
Shasta,2021-03-01,588,39654,61,16844,527,22810,0,0,297,13910,290,12856,297,26766,California
Shasta,2021-03-02,1032,40686,475,17319,557,23367,0,0,337,13555,692,13548,337,27103,California
Shasta,2021-03-03,683,41369,176,17495,507,23874,0,0,247,13368,434,13982,247,27350,California
Shasta,2021-03-04,3037,44406,2420,19915,617,24491,0,0,1729,13794,1304,15286,1730,29080,California
Shasta,2021-03-05,1567,45973,163,20078,1375,25866,29,29,787,13831,779,16065,816,29896,California
Shasta,2021-03-06,2742,48715,385,20463,2310,28176,47,76,854,12846,1886,17951,901,30797,California
Shasta,2021-03-07,93,48808,4,20467,57,28233,32,108,39,12863,54,18005,71,30868,California
Shasta,2021-03-08,572,49380,49,20516,384,28617,139,247,157,12746,413,18418,296,31164,California
Shasta,2021-03-09,1256,50636,596,21112,482,29099,178,425,696,13060,559,18977,873,32037,California
Shasta,2021-03-10,804,51440,257,21369,345,29444,202,627,142,12741,661,19638,342,32379,California
Shasta,2021-03-11,1556,52996,472,21841,813,30257,271,898,940,13339,612,20250,1210,33589,California
Shasta,2021-03-12,1560,54556,849,22690,465,30722,246,1144,411,12846,1148,21398,655,34244,California
Shasta,2021-03-13,757,55313,425,23115,234,30956,98,1242,470,13129,283,21681,566,34810,California
Shasta,2021-03-14,1017,56330,8,23123,986,31942,23,1265,878,13894,138,21819,903,35713,California
Shasta,2021-03-15,497,56827,36,23159,361,32303,100,1365,209,13914,288,22107,308,36021,California
Shasta,2021-03-16,1145,57972,150,23309,927,33230,68,1433,858,14554,286,22393,926,36947,California
Shasta,2021-03-17,742,58714,193,23502,491,33721,58,1491,396,14672,336,22729,454,37401,California
Shasta,2021-03-18,1548,60262,589,24091,855,34576,104,1595,1117,15466,427,23156,1221,38622,California
Shasta,2021-03-19,647,60909,198,24289,393,34969,56,1651,412,15700,234,23390,468,39090,California
Shasta,2021-03-20,747,61656,488,24777,245,35214,14,1665,543,16053,204,23594,557,39647,California
Shasta,2021-03-21,313,61969,298,25075,4,35218,11,1676,285,16322,27,23621,296,39943,California
Shasta,2021-03-22,349,62318,39,25114,274,35492,36,1712,199,16409,148,23769,235,40178,California
Shasta,2021-03-23,1313,63631,652,25766,602,36094,59,1771,759,16679,548,24317,818,40996,California
Shasta,2021-03-24,609,64240,155,25921,416,36510,38,1809,365,16839,243,24560,403,41399,California
Shasta,2021-03-25,1136,65376,452,26373,663,37173,21,1830,822,17372,311,24871,844,42243,California
Shasta,2021-03-26,1838,67214,1403,27776,405,37578,30,1860,1475,18516,362,25233,1506,43749,California
Shasta,2021-03-27,1595,68809,406,28182,317,37895,872,2732,578,18946,1015,26248,1445,45194,California
Shasta,2021-03-28,408,69217,301,28483,97,37992,10,2742,302,19154,104,26352,312,45506,California
Shasta,2021-03-29,422,69639,40,28523,370,38362,12,2754,166,19077,255,26607,178,45684,California
Shasta,2021-03-30,1248,70887,770,29293,461,38823,17,2771,626,19101,619,27226,643,46327,California
Shasta,2021-03-31,620,71507,207,29500,407,39230,6,2777,383,19257,233,27459,389,46716,California
Shasta,2021-04-01,897,72404,247,29747,637,39867,13,2790,575,19525,320,27779,588,47304,California
Shasta,2021-04-02,757,73161,198,29945,504,40371,55,2845,411,19648,343,28122,466,47770,California
Shasta,2021-04-03,512,73673,360,30305,133,40504,19,2864,387,19929,125,28247,406,48176,California
Shasta,2021-04-04,292,73965,175,30480,96,40600,21,2885,218,20094,74,28321,239,48415,California
Shasta,2021-04-05,446,74411,70,30550,312,40912,64,2949,254,20220,192,28513,318,48733,California
Shasta,2021-04-06,1172,75583,487,31037,507,41419,178,3127,540,20310,627,29140,717,49450,California
Shasta,2021-04-07,664,76247,216,31253,283,41702,165,3292,259,20331,401,29541,422,49872,California
Shasta,2021-04-08,1152,77399,264,31517,731,42433,157,3449,221,19780,928,30469,377,50249,California
Shasta,2021-04-09,2601,80000,2078,33595,310,42743,213,3662,2017,21429,577,31046,2226,52475,California
Shasta,2021-04-10,885,80885,597,34192,157,42900,131,3793,269,21212,615,31661,398,52873,California
Shasta,2021-04-11,1252,82137,399,34591,833,43733,20,3813,144,20272,1104,32765,164,53037,California
Shasta,2021-04-12,343,82480,7,34598,272,44005,64,3877,98,20189,244,33009,161,53198,California
Shasta,2021-04-13,1279,83759,368,34966,909,44914,2,3879,340,19596,934,33943,341,53539,California
Shasta,2021-04-14,594,84353,143,35109,449,45363,2,3881,220,19445,373,34316,222,53761,California
Shasta,2021-04-15,1084,85437,258,35367,825,46188,1,3882,300,18967,778,35094,300,54061,California
Shasta,2021-04-16,2362,87799,1861,37228,501,46689,0,3882,951,18509,1409,36503,951,55012,California
Shasta,2021-04-17,648,88447,417,37645,231,46920,0,3882,193,18248,455,36958,194,55206,California
Shasta,2021-04-18,270,88717,244,37889,26,46946,0,3882,35,18050,233,37191,35,55241,California
Shasta,2021-04-19,387,89104,28,37917,359,47305,0,3882,168,17999,219,37410,168,55409,California
Shasta,2021-04-20,1031,90135,266,38183,765,48070,0,3882,385,17740,644,38054,385,55794,California
Shasta,2021-04-21,624,90759,228,38411,396,48466,0,3882,317,17750,307,38361,317,56111,California
Shasta,2021-04-22,971,91730,286,38697,685,49151,0,3882,302,17385,667,39028,302,56413,California
Shasta,2021-04-23,668,92398,262,38959,406,49557,0,3882,339,17396,328,39356,339,56752,California
Shasta,2021-04-24,601,92999,358,39317,242,49799,1,3883,109,17015,490,39846,109,56861,California
Shasta,2021-04-25,210,93209,180,39497,29,49828,1,3884,36,16878,174,40020,37,56898,California
Shasta,2021-04-26,505,93714,57,39554,443,50271,5,3889,356,17091,147,40167,360,57258,California
Shasta,2021-04-27,553,94267,183,39737,330,50601,40,3929,303,17185,246,40413,340,57598,California
Shasta,2021-04-28,584,94851,166,39903,385,50986,33,3962,250,17133,334,40747,282,57880,California
Shasta,2021-04-29,783,95634,121,40024,638,51624,24,3986,179,16733,603,41350,203,58083,California
Shasta,2021-04-30,2276,97910,1847,41871,397,52021,32,4018,271,15033,2003,43353,303,58386,California
Shasta,2021-05-01,232,98142,21,41892,135,52156,76,4094,103,15083,129,43482,179,58565,California
Shasta,2021-05-02,49,98191,17,41909,19,52175,13,4107,22,15091,27,43509,35,58600,California
Shasta,2021-05-03,357,98548,99,42008,232,52407,26,4133,113,14988,242,43751,139,58739,California
Shasta,2021-05-04,536,99084,201,42209,296,52703,39,4172,252,14998,281,44032,291,59030,California
Shasta,2021-05-05,451,99535,152,42361,281,52984,18,4190,207,14979,244,44276,225,59255,California
Shasta,2021-05-06,693,100228,263,42624,390,53374,40,4230,296,14925,388,44664,334,59589,California
Shasta,2021-05-07,1120,101348,742,43366,338,53712,40,4270,301,14448,818,45482,341,59930,California
Shasta,2021-05-08,176,101524,85,43451,80,53792,11,4281,104,14490,72,45554,114,60044,California
Shasta,2021-05-09,65,101589,15,43466,45,53837,5,4286,34,14498,31,45585,39,60083,California
Shasta,2021-05-10,258,101847,23,43489,186,54023,49,4335,112,14513,144,45729,159,60242,California
Shasta,2021-05-11,523,102370,160,43649,212,54235,151,4486,182,14506,340,46069,333,60575,California
Shasta,2021-05-12,398,102768,147,43796,227,54462,24,4510,133,14399,264,46333,157,60732,California
Shasta,2021-05-13,580,103348,241,44037,322,54784,17,4527,225,14288,353,46686,242,60974,California
Shasta,2021-05-14,646,103994,274,44311,346,55130,26,4553,296,14262,349,47035,323,61297,California
Shasta,2021-05-15,398,104392,130,44441,165,55295,103,4656,168,14303,229,47264,270,61567,California
Shasta,2021-05-16,222,104614,155,44596,57,55352,10,4666,163,14417,59,47323,173,61740,California
Shasta,2021-05-17,538,105152,246,44842,232,55584,60,4726,282,14504,255,47578,342,62082,California
Shasta,2021-05-18,619,105771,293,45135,301,55885,25,4751,325,14561,293,47871,350,62432,California
Shasta,2021-05-19,589,106360,278,45413,243,56128,68,4819,278,14600,307,48178,346,62778,California
Shasta,2021-05-20,570,106930,255,45668,296,56424,19,4838,264,14579,303,48481,282,63060,California
Shasta,2021-05-21,656,107586,301,45969,336,56760,19,4857,331,14607,322,48803,350,63410,California
Shasta,2021-05-22,233,107819,132,46101,93,56853,8,4865,142,14670,88,48891,151,63561,California
Shasta,2021-05-23,112,107931,47,46148,56,56909,9,4874,67,14701,45,48936,76,63637,California
Shasta,2021-05-24,547,108478,171,46319,344,57253,32,4906,191,14570,354,49290,223,63860,California
Shasta,2021-05-25,467,108945,200,46519,222,57475,45,4951,159,14469,304,49594,203,64063,California
Shasta,2021-05-26,371,109316,146,46665,200,57675,25,4976,147,14418,223,49817,172,64235,California
Shasta,2021-05-27,418,109734,152,46817,257,57932,9,4985,154,14320,261,50078,163,64398,California
Shasta,2021-05-28,441,110175,197,47014,215,58147,29,5014,204,14319,234,50312,233,64631,California
Shasta,2021-05-29,226,110401,65,47079,130,58277,31,5045,88,14298,138,50450,117,64748,California
Shasta,2021-05-30,84,110485,48,47127,34,58311,2,5047,53,14322,31,50481,55,64803,California
Shasta,2021-05-31,34,110519,8,47135,25,58336,1,5048,11,14312,22,50503,12,64815,California
Shasta,2021-06-01,525,111044,155,47290,225,58561,145,5193,134,14208,384,50887,280,65095,California
Shasta,2021-06-02,293,111337,119,47409,165,58726,9,5202,119,14164,172,51059,128,65223,California
Shasta,2021-06-03,371,111708,159,47568,203,58929,9,5211,119,14041,251,51310,128,65351,California
Shasta,2021-06-04,565,112273,281,47849,256,59185,28,5239,197,13899,367,51677,225,65576,California
Shasta,2021-06-05,259,112532,154,48003,88,59273,17,5256,77,13813,181,51858,95,65671,California
Shasta,2021-06-06,162,112694,128,48131,32,59305,2,5258,48,13749,114,51972,50,65721,California
Shasta,2021-06-07,405,113099,236,48367,152,59457,17,5275,109,13580,295,52267,126,65847,California
Shasta,2021-06-08,514,113613,308,48675,160,59617,46,5321,152,13418,359,52626,197,66044,California
Shasta,2021-06-09,483,114096,272,48947,123,59740,88,5409,112,13249,368,52994,199,66243,California
Shasta,2021-06-10,412,114508,247,49194,140,59880,25,5434,128,13124,278,53272,153,66396,California
Shasta,2021-06-11,465,114973,253,49447,175,60055,37,5471,127,12951,336,53608,163,66559,California
Shasta,2021-06-12,211,115184,138,49585,67,60122,6,5477,78,12903,132,53740,84,66643,California
Shasta,2021-06-13,89,115273,55,49640,32,60154,2,5479,25,12866,64,53804,27,66670,California
Shasta,2021-06-14,284,115557,155,49795,111,60265,18,5497,83,12767,200,54004,101,66771,California
Shasta,2021-06-15,462,116019,233,50028,113,60378,116,5613,160,12741,296,54300,270,67041,California
Shasta,2021-06-16,256,116275,149,50177,95,60473,12,5625,82,12665,170,54470,94,67135,California
Shasta,2021-06-17,289,116564,124,50301,129,60602,36,5661,101,12615,187,54657,137,67272,California
Shasta,2021-06-18,367,116931,224,50525,122,60724,21,5682,154,12578,212,54869,175,67447,California
Shasta,2021-06-19,115,117046,75,50600,38,60762,2,5684,52,12570,62,54931,54,67501,California
Shasta,2021-06-20,56,117102,35,50635,18,60780,3,5687,21,12559,35,54966,24,67525,California
Shasta,2021-06-21,202,117304,64,50699,109,60889,29,5716,81,12549,120,55086,110,67635,California
Shasta,2021-06-22,372,117676,142,50841,81,60970,149,5865,94,12512,270,55356,233,67868,California
Shasta,2021-06-23,221,117897,131,50972,73,61043,17,5882,93,12495,127,55483,110,67978,California
Shasta,2021-06-24,226,118123,137,51109,71,61114,18,5900,91,12471,133,55616,109,68087,California
Shasta,2021-06-25,298,118421,203,51312,82,61196,13,5913,123,12431,175,55791,135,68222,California
Shasta,2021-06-26,136,118557,80,51392,46,61242,10,5923,54,12414,81,55872,64,68286,California
Shasta,2021-06-27,68,118625,45,51437,19,61261,4,5927,24,12398,44,55916,28,68314,California
Shasta,2021-06-28,187,118812,120,51557,50,61311,17,5944,93,12414,94,56010,110,68424,California
Shasta,2021-06-29,263,119075,153,51710,82,61393,28,5972,98,12378,162,56172,126,68550,California
Shasta,2021-06-30,103,119178,58,51768,37,61430,8,5980,46,12376,56,56228,54,68604,California
Sierra,2020-12-18,1,1,1,1,0,0,0,0,1,1,0,0,1,1,California
Sierra,2020-12-21,2,3,2,3,0,0,0,0,2,3,0,0,2,3,California
Sierra,2020-12-22,12,15,12,15,0,0,0,0,12,15,0,0,12,15,California
Sierra,2020-12-23,4,19,4,19,0,0,0,0,4,19,0,0,4,19,California
Sierra,2020-12-28,1,20,0,19,1,1,0,0,1,20,0,0,1,20,California
Sierra,2020-12-29,50,70,7,26,43,44,0,0,50,70,0,0,50,70,California
Sierra,2020-12-30,2,72,0,26,2,46,0,0,2,72,0,0,2,72,California
Sierra,2020-12-31,13,85,0,26,13,59,0,0,13,85,0,0,13,85,California
Sierra,2021-01-01,1,86,1,27,0,59,0,0,1,86,0,0,1,86,California
Sierra,2021-01-05,63,149,2,29,61,120,0,0,63,149,0,0,63,149,California
Sierra,2021-01-06,1,150,1,30,0,120,0,0,1,150,0,0,1,150,California
Sierra,2021-01-07,21,171,1,31,20,140,0,0,20,169,1,1,20,170,California
Sierra,2021-01-08,1,172,1,32,0,140,0,0,1,170,0,1,1,171,California
Sierra,2021-01-11,3,175,3,35,0,140,0,0,0,167,3,4,0,171,California
Sierra,2021-01-12,39,214,12,47,27,167,0,0,27,182,12,16,27,198,California
Sierra,2021-01-13,4,218,3,50,1,168,0,0,1,180,3,19,1,199,California
Sierra,2021-01-14,35,253,2,52,33,201,0,0,35,215,0,19,35,234,California
Sierra,2021-01-15,3,256,1,53,2,203,0,0,3,218,0,19,3,237,California
Sierra,2021-01-18,3,259,0,53,3,206,0,0,3,221,0,19,3,240,California
Sierra,2021-01-19,31,290,0,53,31,237,0,0,31,252,0,19,31,271,California
Sierra,2021-01-20,1,291,1,54,0,237,0,0,1,253,0,19,1,272,California
Sierra,2021-01-21,52,343,0,54,52,289,0,0,52,305,0,19,52,324,California
Sierra,2021-01-22,2,345,0,54,2,291,0,0,2,307,0,19,2,326,California
Sierra,2021-01-23,2,347,0,54,2,293,0,0,2,309,0,19,2,328,California
Sierra,2021-01-25,1,348,1,55,0,293,0,0,1,310,0,19,1,329,California
Sierra,2021-01-26,63,411,1,56,62,355,0,0,24,295,39,58,24,353,California
Sierra,2021-01-27,4,415,4,60,0,355,0,0,0,291,4,62,0,353,California
Sierra,2021-01-28,53,468,0,60,53,408,0,0,43,324,10,72,43,396,California
Sierra,2021-01-29,2,470,0,60,2,410,0,0,2,326,0,72,2,398,California
Sierra,2021-01-30,3,473,3,63,0,410,0,0,2,327,1,73,2,400,California
Sierra,2021-02-01,1,474,0,63,1,411,0,0,0,326,1,74,0,400,California
Sierra,2021-02-02,57,531,1,64,56,467,0,0,18,305,39,113,18,418,California
Sierra,2021-02-03,6,537,5,69,1,468,0,0,5,309,1,114,5,423,California
Sierra,2021-02-04,102,639,5,74,97,565,0,0,53,313,49,163,53,476,California
Sierra,2021-02-05,6,645,4,78,2,567,0,0,5,317,1,164,5,481,California
Sierra,2021-02-09,51,696,0,78,51,618,0,0,48,362,3,167,48,529,California
Sierra,2021-02-10,5,701,2,80,3,621,0,0,4,365,1,168,4,533,California
Sierra,2021-02-11,195,896,1,81,194,815,0,0,134,438,61,229,134,667,California
Sierra,2021-02-12,20,916,0,81,20,835,0,0,20,458,0,229,20,687,California
Sierra,2021-02-13,1,917,1,82,0,835,0,0,1,459,0,229,1,688,California
Sierra,2021-02-15,4,921,3,85,1,836,0,0,0,455,4,233,0,688,California
Sierra,2021-02-16,43,964,1,86,42,878,0,0,10,432,33,266,10,698,California
Sierra,2021-02-17,4,968,0,86,4,882,0,0,1,430,3,269,1,699,California
Sierra,2021-02-18,139,1107,0,86,139,1021,0,0,90,471,49,318,90,789,California
Sierra,2021-02-19,2,1109,1,87,1,1022,0,0,1,471,1,319,1,790,California
Sierra,2021-02-20,2,1111,2,89,0,1022,0,0,0,469,2,321,0,790,California
Sierra,2021-02-22,1,1112,1,90,0,1022,0,0,1,470,0,321,1,791,California
Sierra,2021-02-23,4,1116,0,90,4,1026,0,0,4,474,0,321,4,795,California
Sierra,2021-02-24,3,1119,2,92,1,1027,0,0,3,477,0,321,3,798,California
Sierra,2021-02-25,124,1243,2,94,122,1149,0,0,58,470,65,386,58,856,California
Sierra,2021-02-26,11,1254,6,100,5,1154,0,0,4,467,7,393,4,860,California
Sierra,2021-02-27,2,1256,2,102,0,1154,0,0,0,465,2,395,0,860,California
Sierra,2021-03-01,2,1258,2,104,0,1154,0,0,0,463,2,397,0,860,California
Sierra,2021-03-02,56,1314,0,104,56,1210,0,0,38,483,18,415,38,898,California
Sierra,2021-03-03,2,1316,2,106,0,1210,0,0,1,483,1,416,1,899,California
Sierra,2021-03-04,108,1424,0,106,108,1318,0,0,60,495,48,464,60,959,California
Sierra,2021-03-05,13,1437,1,107,12,1330,0,0,11,504,2,466,11,970,California
Sierra,2021-03-07,1,1438,1,108,0,1330,0,0,0,503,1,467,0,970,California
Sierra,2021-03-08,2,1440,2,110,0,1330,0,0,2,505,0,467,2,972,California
Sierra,2021-03-09,56,1496,0,110,56,1386,0,0,12,473,44,511,12,984,California
Sierra,2021-03-10,6,1502,0,110,6,1392,0,0,4,475,2,513,4,988,California
Sierra,2021-03-11,173,1675,0,110,173,1565,0,0,41,384,132,645,41,1029,California
Sierra,2021-03-12,20,1695,1,111,19,1584,0,0,0,364,20,665,0,1029,California
Sierra,2021-03-13,27,1722,0,111,27,1611,0,0,27,391,0,665,27,1056,California
Sierra,2021-03-14,1,1723,0,111,0,1611,1,1,0,391,1,666,1,1057,California
Sierra,2021-03-15,2,1725,1,112,0,1611,1,2,0,390,2,668,1,1058,California
Sierra,2021-03-16,35,1760,0,112,34,1645,1,3,22,400,13,681,23,1081,California
Sierra,2021-03-17,3,1763,2,114,1,1646,0,3,0,397,3,684,0,1081,California
Sierra,2021-03-18,157,1920,0,114,157,1803,0,3,65,370,92,776,65,1146,California
Sierra,2021-03-19,4,1924,2,116,2,1805,0,3,1,368,3,779,1,1147,California
Sierra,2021-03-20,1,1925,0,116,1,1806,0,3,1,369,0,779,1,1148,California
Sierra,2021-03-23,22,1947,0,116,22,1828,0,3,13,373,9,788,13,1161,California
Sierra,2021-03-24,3,1950,1,117,2,1830,0,3,1,372,2,790,1,1162,California
Sierra,2021-03-25,99,2049,1,118,98,1928,0,3,50,373,49,839,50,1212,California
Sierra,2021-03-26,12,2061,1,119,11,1939,0,3,8,377,4,843,8,1220,California
Sierra,2021-03-27,1,2062,0,119,1,1940,0,3,0,376,1,844,0,1220,California
Sierra,2021-03-29,1,2063,1,120,0,1940,0,3,0,375,1,845,0,1220,California
Sierra,2021-03-30,54,2117,1,121,53,1993,0,3,22,365,32,877,22,1242,California
Sierra,2021-03-31,8,2125,0,121,8,2001,0,3,8,373,0,877,8,1250,California
Sierra,2021-04-01,63,2188,1,122,62,2063,0,3,5,322,56,933,5,1255,California
Sierra,2021-04-02,3,2191,2,124,1,2064,0,3,2,323,1,934,2,1257,California
Sierra,2021-04-04,1,2192,0,124,1,2065,0,3,0,323,0,934,0,1257,California
Sierra,2021-04-06,11,2203,0,124,11,2076,0,3,1,314,10,944,1,1258,California
Sierra,2021-04-07,14,2217,3,127,6,2082,5,8,3,312,10,954,8,1266,California
Sierra,2021-04-08,53,2270,2,129,51,2133,0,8,16,291,37,991,16,1282,California
Sierra,2021-04-09,2,2272,2,131,0,2133,0,8,1,291,1,992,1,1283,California
Sierra,2021-04-10,27,2299,0,131,27,2160,0,8,0,264,27,1019,0,1283,California
Sierra,2021-04-13,43,2342,0,131,43,2203,0,8,5,231,38,1057,5,1288,California
Sierra,2021-04-14,1,2343,0,131,1,2204,0,8,1,232,0,1057,1,1289,California
Sierra,2021-04-15,48,2391,1,132,47,2251,0,8,2,188,46,1103,2,1291,California
Sierra,2021-04-17,2,2393,1,133,1,2252,0,8,1,188,1,1104,1,1292,California
Sierra,2021-04-18,1,2394,0,133,1,2253,0,8,0,188,0,1104,0,1292,California
Sierra,2021-04-19,1,2395,1,134,0,2253,0,8,0,187,1,1105,0,1292,California
Sierra,2021-04-20,34,2429,1,135,33,2286,0,8,7,167,27,1132,7,1299,California
Sierra,2021-04-21,2,2431,1,136,1,2287,0,8,1,167,1,1133,1,1300,California
Sierra,2021-04-22,64,2495,1,137,63,2350,0,8,5,114,58,1191,5,1305,California
Sierra,2021-04-23,13,2508,0,137,13,2363,0,8,4,109,9,1200,4,1309,California
Sierra,2021-04-24,4,2512,0,137,4,2367,0,8,4,113,0,1200,4,1313,California
Sierra,2021-04-26,1,2513,0,137,1,2368,0,8,1,114,0,1200,1,1314,California
Sierra,2021-04-27,27,2540,0,137,27,2395,0,8,4,95,23,1223,4,1318,California
Sierra,2021-04-28,10,2550,2,139,8,2403,0,8,1,87,9,1232,1,1319,California
Sierra,2021-04-29,20,2570,2,141,18,2421,0,8,14,95,6,1238,14,1333,California
Sierra,2021-04-30,4,2574,2,143,2,2423,0,8,2,95,2,1240,2,1335,California
Sierra,2021-05-01,1,2575,0,143,1,2424,0,8,0,95,0,1240,0,1335,California
Sierra,2021-05-03,1,2576,1,144,0,2424,0,8,1,96,0,1240,1,1336,California
Sierra,2021-05-04,1,2577,0,144,1,2425,0,8,0,95,1,1241,0,1336,California
Sierra,2021-05-05,23,2600,1,145,22,2447,0,8,8,88,15,1256,8,1344,California
Sierra,2021-05-06,1,2601,1,146,0,2447,0,8,0,87,1,1257,0,1344,California
Sierra,2021-05-07,1,2602,1,147,0,2447,0,8,1,88,0,1257,1,1345,California
Sierra,2021-05-08,1,2603,0,147,0,2447,1,9,0,88,1,1258,1,1346,California
Sierra,2021-05-11,11,2614,0,147,4,2451,7,16,0,84,11,1269,7,1353,California
Sierra,2021-05-12,11,2625,1,148,10,2461,0,16,8,89,3,1272,8,1361,California
Sierra,2021-05-13,3,2628,2,150,1,2462,0,16,2,90,1,1273,2,1363,California
Sierra,2021-05-14,3,2631,1,151,2,2464,0,16,3,93,0,1273,3,1366,California
Sierra,2021-05-17,1,2632,1,152,0,2464,0,16,1,94,0,1273,1,1367,California
Sierra,2021-05-18,2,2634,0,152,1,2465,1,17,0,93,2,1275,1,1368,California
Sierra,2021-05-19,6,2640,2,154,4,2469,0,17,2,91,4,1279,2,1370,California
Sierra,2021-05-20,9,2649,8,162,0,2469,1,18,8,99,1,1280,9,1379,California
Sierra,2021-05-21,4,2653,2,164,2,2471,0,18,1,97,3,1283,1,1380,California
Sierra,2021-05-22,5,2658,0,164,5,2476,0,18,1,94,4,1287,1,1381,California
Sierra,2021-05-23,1,2659,0,164,1,2477,0,18,1,95,0,1287,1,1382,California
Sierra,2021-05-24,3,2662,1,165,2,2479,0,18,2,96,1,1288,2,1384,California
Sierra,2021-05-25,3,2665,0,165,3,2482,0,18,1,95,2,1290,1,1385,California
Sierra,2021-05-26,8,2673,0,165,8,2490,0,18,4,95,4,1294,4,1389,California
Sierra,2021-05-27,9,2682,1,166,7,2497,1,19,2,91,7,1301,3,1392,California
Sierra,2021-05-28,4,2686,2,168,2,2499,0,19,2,91,2,1303,2,1394,California
Sierra,2021-05-29,2,2688,0,168,2,2501,0,19,2,93,0,1303,2,1396,California
Sierra,2021-05-30,1,2689,1,169,0,2501,0,19,1,94,0,1303,1,1397,California
Sierra,2021-06-01,1,2690,0,169,1,2502,0,19,0,93,1,1304,0,1397,California
Sierra,2021-06-02,23,2713,0,169,21,2523,2,21,0,73,22,1326,2,1399,California
Sierra,2021-06-03,3,2716,2,171,1,2524,0,21,0,70,3,1329,0,1399,California
Sierra,2021-06-04,2,2718,2,173,0,2524,0,21,1,70,1,1330,1,1400,California
Sierra,2021-06-08,1,2719,1,174,0,2524,0,21,1,71,0,1330,1,1401,California
Sierra,2021-06-09,8,2727,1,175,5,2529,2,23,0,65,8,1338,2,1403,California
Sierra,2021-06-10,8,2735,8,183,0,2529,0,23,4,65,4,1342,4,1407,California
Sierra,2021-06-11,3,2738,1,184,2,2531,0,23,0,62,3,1345,0,1407,California
Sierra,2021-06-12,1,2739,1,185,0,2531,0,23,1,63,0,1345,1,1408,California
Sierra,2021-06-13,1,2740,1,186,0,2531,0,23,0,62,1,1346,0,1408,California
Sierra,2021-06-14,6,2746,4,190,1,2532,1,24,2,61,4,1350,3,1411,California
Sierra,2021-06-15,2,2748,1,191,1,2533,0,24,1,62,0,1350,1,1412,California
Sierra,2021-06-16,6,2754,1,192,5,2538,0,24,2,60,4,1354,2,1414,California
Sierra,2021-06-17,4,2758,2,194,1,2539,1,25,2,61,2,1356,3,1417,California
Sierra,2021-06-18,2,2760,1,195,0,2539,1,26,0,60,2,1358,1,1418,California
Sierra,2021-06-21,1,2761,0,195,1,2540,0,26,0,59,1,1359,0,1418,California
Sierra,2021-06-22,5,2766,3,198,2,2542,0,26,3,60,2,1361,3,1421,California
Sierra,2021-06-23,6,2772,0,198,6,2548,0,26,2,58,4,1365,2,1423,California
Sierra,2021-06-24,6,2778,0,198,2,2550,4,30,1,58,5,1370,5,1428,California
Sierra,2021-06-27,1,2779,1,199,0,2550,0,30,1,59,0,1370,1,1429,California
Sierra,2021-06-28,1,2780,0,199,0,2550,1,31,0,59,1,1371,1,1430,California
Sierra,2021-06-30,3,2783,2,201,0,2550,1,32,1,59,2,1373,2,1432,California
Siskiyou,2020-12-16,2,2,2,2,0,0,0,0,2,2,0,0,2,2,California
Siskiyou,2020-12-17,4,6,4,6,0,0,0,0,4,6,0,0,4,6,California
Siskiyou,2020-12-18,2,8,2,8,0,0,0,0,2,8,0,0,2,8,California
Siskiyou,2020-12-19,4,12,4,12,0,0,0,0,4,12,0,0,4,12,California
Siskiyou,2020-12-20,1,13,1,13,0,0,0,0,1,13,0,0,1,13,California
Siskiyou,2020-12-21,132,145,132,145,0,0,0,0,132,145,0,0,132,145,California
Siskiyou,2020-12-22,159,304,159,304,0,0,0,0,159,304,0,0,159,304,California
Siskiyou,2020-12-23,142,446,142,446,0,0,0,0,142,446,0,0,142,446,California
Siskiyou,2020-12-24,5,451,5,451,0,0,0,0,5,451,0,0,5,451,California
Siskiyou,2020-12-26,2,453,0,451,2,2,0,0,2,453,0,0,2,453,California
Siskiyou,2020-12-27,2,455,0,451,2,4,0,0,2,455,0,0,2,455,California
Siskiyou,2020-12-28,3,458,1,452,2,6,0,0,3,458,0,0,3,458,California
Siskiyou,2020-12-29,6,464,2,454,4,10,0,0,6,464,0,0,6,464,California
Siskiyou,2020-12-30,101,565,4,458,97,107,0,0,101,565,0,0,101,565,California
Siskiyou,2020-12-31,12,577,0,458,12,119,0,0,12,577,0,0,12,577,California
Siskiyou,2021-01-02,1,578,1,459,0,119,0,0,1,578,0,0,1,578,California
Siskiyou,2021-01-03,1,579,0,459,1,120,0,0,1,579,0,0,1,579,California
Siskiyou,2021-01-04,130,709,3,462,127,247,0,0,130,709,0,0,130,709,California
Siskiyou,2021-01-05,118,827,4,466,114,361,0,0,116,824,2,2,117,826,California
Siskiyou,2021-01-06,59,886,6,472,53,414,0,0,55,875,4,6,55,881,California
Siskiyou,2021-01-07,178,1064,4,476,174,588,0,0,177,1051,1,7,177,1058,California
Siskiyou,2021-01-08,41,1105,3,479,38,626,0,0,39,1088,2,9,39,1097,California
Siskiyou,2021-01-09,3,1108,3,482,0,626,0,0,1,1087,2,11,1,1098,California
Siskiyou,2021-01-11,296,1404,135,617,161,787,0,0,163,1117,133,144,163,1261,California
Siskiyou,2021-01-12,253,1657,204,821,49,836,0,0,90,1045,163,307,91,1352,California
Siskiyou,2021-01-13,159,1816,138,959,21,857,0,0,23,932,136,443,23,1375,California
Siskiyou,2021-01-14,36,1852,1,960,35,892,0,0,35,966,1,444,35,1410,California
Siskiyou,2021-01-15,55,1907,3,963,52,944,0,0,55,1021,0,444,55,1465,California
Siskiyou,2021-01-16,7,1914,2,965,5,949,0,0,7,1028,0,444,7,1472,California
Siskiyou,2021-01-17,1,1915,1,966,0,949,0,0,0,1027,1,445,0,1472,California
Siskiyou,2021-01-18,74,1989,2,968,72,1021,0,0,73,1099,1,446,73,1545,California
Siskiyou,2021-01-19,41,2030,1,969,40,1061,0,0,40,1138,1,447,40,1585,California
Siskiyou,2021-01-20,68,2098,35,1004,33,1094,0,0,64,1198,4,451,64,1649,California
Siskiyou,2021-01-21,69,2167,1,1005,68,1162,0,0,69,1267,0,451,69,1718,California
Siskiyou,2021-01-22,1345,3512,1177,2182,168,1330,0,0,1345,2612,0,451,1345,3063,California
Siskiyou,2021-01-23,6,3518,2,2184,4,1334,0,0,3,2612,3,454,3,3066,California
Siskiyou,2021-01-25,208,3726,8,2192,200,1534,0,0,204,2812,4,458,204,3270,California
Siskiyou,2021-01-26,159,3885,4,2196,155,1689,0,0,150,2953,9,467,150,3420,California
Siskiyou,2021-01-27,203,4088,3,2199,200,1889,0,0,138,3027,64,531,138,3558,California
Siskiyou,2021-01-28,260,4348,118,2317,142,2031,0,0,235,3243,19,550,235,3793,California
Siskiyou,2021-01-29,272,4620,3,2320,269,2300,0,0,253,3477,19,569,253,4046,California
Siskiyou,2021-01-30,6,4626,5,2325,1,2301,0,0,6,3483,0,569,6,4052,California
Siskiyou,2021-02-01,215,4841,3,2328,212,2513,0,0,114,3496,101,670,114,4166,California
Siskiyou,2021-02-02,318,5159,45,2373,273,2786,0,0,165,3508,153,823,165,4331,California
Siskiyou,2021-02-03,334,5493,1,2374,333,3119,0,0,265,3704,69,892,265,4596,California
Siskiyou,2021-02-04,368,5861,7,2381,361,3480,0,0,227,3790,141,1033,227,4823,California
Siskiyou,2021-02-05,547,6408,4,2385,543,4023,0,0,372,3987,175,1208,372,5195,California
Siskiyou,2021-02-06,15,6423,0,2385,15,4038,0,0,15,4002,0,1208,15,5210,California
Siskiyou,2021-02-07,2,6425,1,2386,1,4039,0,0,2,4004,0,1208,2,5212,California
Siskiyou,2021-02-08,242,6667,4,2390,238,4277,0,0,217,4196,25,1233,217,5429,California
Siskiyou,2021-02-09,249,6916,4,2394,245,4522,0,0,196,4339,53,1286,196,5625,California
Siskiyou,2021-02-10,389,7305,41,2435,348,4870,0,0,319,4589,69,1355,319,5944,California
Siskiyou,2021-02-11,215,7520,1,2436,214,5084,0,0,185,4744,30,1385,185,6129,California
Siskiyou,2021-02-12,1705,9225,1199,3635,506,5590,0,0,497,4033,1208,2593,497,6626,California
Siskiyou,2021-02-13,36,9261,2,3637,34,5624,0,0,31,4059,5,2598,31,6657,California
Siskiyou,2021-02-14,6,9267,2,3639,4,5628,0,0,6,4065,0,2598,6,6663,California
Siskiyou,2021-02-15,105,9372,8,3647,97,5725,0,0,103,4166,2,2600,103,6766,California
Siskiyou,2021-02-16,138,9510,2,3649,136,5861,0,0,101,4230,37,2637,101,6867,California
Siskiyou,2021-02-17,298,9808,16,3665,282,6143,0,0,261,4454,37,2674,261,7128,California
Siskiyou,2021-02-18,272,10080,88,3753,184,6327,0,0,129,4440,143,2817,129,7257,California
Siskiyou,2021-02-19,97,10177,34,3787,63,6390,0,0,36,4417,59,2876,36,7293,California
Siskiyou,2021-02-20,23,10200,5,3792,18,6408,0,0,16,4428,7,2883,18,7311,California
Siskiyou,2021-02-21,1,10201,1,3793,0,6408,0,0,1,4429,0,2883,1,7312,California
Siskiyou,2021-02-22,213,10414,2,3795,211,6619,0,0,78,4372,135,3018,78,7390,California
Siskiyou,2021-02-23,349,10763,15,3810,334,6953,0,0,194,4412,154,3172,194,7584,California
Siskiyou,2021-02-24,172,10935,5,3815,167,7120,0,0,49,4338,123,3295,49,7633,California
Siskiyou,2021-02-25,315,11250,25,3840,290,7410,0,0,158,4340,156,3451,158,7791,California
Siskiyou,2021-02-26,676,11926,11,3851,665,8075,0,0,371,4406,305,3756,371,8162,California
Siskiyou,2021-02-27,32,11958,5,3856,27,8102,0,0,28,4430,4,3760,28,8190,California
Siskiyou,2021-02-28,4,11962,4,3860,0,8102,0,0,3,4432,1,3761,3,8193,California
Siskiyou,2021-03-01,295,12257,6,3866,289,8391,0,0,51,4239,244,4005,51,8244,California
Siskiyou,2021-03-02,211,12468,1,3867,210,8601,0,0,70,4168,141,4146,70,8314,California
Siskiyou,2021-03-03,350,12818,12,3879,338,8939,0,0,155,4128,195,4341,155,8469,California
Siskiyou,2021-03-04,828,13646,623,4502,205,9144,0,0,647,4594,181,4522,647,9116,California
Siskiyou,2021-03-05,348,13994,6,4508,331,9475,11,11,105,4470,240,4762,116,9232,California
Siskiyou,2021-03-06,43,14037,3,4511,33,9508,7,18,28,4490,15,4777,35,9267,California
Siskiyou,2021-03-07,12,14049,4,4515,0,9508,8,26,2,4490,10,4787,10,9277,California
Siskiyou,2021-03-08,367,14416,28,4543,304,9812,35,61,67,4292,300,5087,102,9379,California
Siskiyou,2021-03-09,178,14594,2,4545,122,9934,54,115,44,4256,134,5221,98,9477,California
Siskiyou,2021-03-10,222,14816,7,4552,185,10119,30,145,26,4116,196,5417,56,9533,California
Siskiyou,2021-03-11,492,15308,205,4757,240,10359,47,192,282,4236,209,5626,329,9862,California
Siskiyou,2021-03-12,653,15961,141,4898,473,10832,39,231,184,3991,467,6093,222,10084,California
Siskiyou,2021-03-13,427,16388,379,5277,25,10857,23,254,379,4345,48,6141,402,10486,California
Siskiyou,2021-03-14,19,16407,0,5277,3,10860,16,270,1,4344,18,6159,17,10503,California
Siskiyou,2021-03-15,498,16905,258,5535,176,11036,64,334,322,4554,176,6335,386,10889,California
Siskiyou,2021-03-16,258,17163,34,5569,207,11243,17,351,140,4594,117,6452,157,11046,California
Siskiyou,2021-03-17,202,17365,9,5578,185,11428,8,359,34,4468,168,6620,42,11088,California
Siskiyou,2021-03-18,927,18292,789,6367,126,11554,12,371,808,5169,119,6739,820,11908,California
Siskiyou,2021-03-19,68,18360,10,6377,45,11599,13,384,19,5152,49,6788,32,11940,California
Siskiyou,2021-03-20,29,18389,7,6384,18,11617,4,388,6,5139,23,6811,10,11950,California
Siskiyou,2021-03-21,9,18398,3,6387,1,11618,5,393,3,5141,6,6817,8,11958,California
Siskiyou,2021-03-22,208,18606,21,6408,165,11783,22,415,144,5246,61,6878,166,12124,California
Siskiyou,2021-03-23,194,18800,19,6427,166,11949,9,424,141,5342,53,6931,149,12273,California
Siskiyou,2021-03-24,143,18943,48,6475,95,12044,0,424,115,5429,28,6959,115,12388,California
Siskiyou,2021-03-25,572,19515,320,6795,249,12293,3,427,399,5658,173,7132,402,12790,California
Siskiyou,2021-03-26,307,19822,35,6830,272,12565,0,427,103,5559,202,7334,103,12893,California
Siskiyou,2021-03-27,38,19860,5,6835,28,12593,5,432,10,5546,28,7362,15,12908,California
Siskiyou,2021-03-28,8,19868,7,6842,1,12594,0,432,5,5548,3,7365,5,12913,California
Siskiyou,2021-03-29,95,19963,10,6852,83,12677,2,434,45,5545,50,7415,47,12960,California
Siskiyou,2021-03-30,100,20063,6,6858,93,12770,1,435,40,5526,60,7475,41,13001,California
Siskiyou,2021-03-31,191,20254,21,6879,167,12937,3,438,48,5438,140,7615,52,13053,California
Siskiyou,2021-04-01,830,21084,671,7550,159,13096,0,438,214,5036,616,8231,214,13267,California
Siskiyou,2021-04-02,347,21431,197,7747,146,13242,4,442,66,4827,279,8510,70,13337,California
Siskiyou,2021-04-03,26,21457,5,7752,14,13256,7,449,5,4818,21,8531,12,13349,California
Siskiyou,2021-04-04,1,21458,0,7752,1,13257,0,449,1,4819,0,8531,1,13350,California
Siskiyou,2021-04-05,438,21896,331,8083,81,13338,26,475,26,4461,411,8942,53,13403,California
Siskiyou,2021-04-06,220,22116,37,8120,130,13468,53,528,127,4549,91,9033,179,13582,California
Siskiyou,2021-04-07,117,22233,11,8131,64,13532,42,570,65,4605,52,9085,108,13690,California
Siskiyou,2021-04-08,354,22587,187,8318,126,13658,41,611,64,4420,290,9375,105,13795,California
Siskiyou,2021-04-09,547,23134,377,8695,132,13790,38,649,85,4083,461,9836,124,13919,California
Siskiyou,2021-04-10,45,23179,5,8700,3,13793,37,686,6,4087,39,9875,43,13962,California
Siskiyou,2021-04-11,7,23186,4,8704,1,13794,2,688,2,4086,5,9880,4,13966,California
Siskiyou,2021-04-12,128,23314,24,8728,103,13897,1,689,48,4055,80,9960,49,14015,California
Siskiyou,2021-04-13,207,23521,37,8765,169,14066,1,690,81,4011,126,10086,82,14097,California
Siskiyou,2021-04-14,156,23677,64,8829,92,14158,0,690,84,4025,70,10156,84,14181,California
Siskiyou,2021-04-15,1116,24793,957,9786,159,14317,0,690,437,3784,679,10835,438,14619,California
Siskiyou,2021-04-16,314,25107,219,10005,95,14412,0,690,270,4012,42,10877,270,14889,California
Siskiyou,2021-04-17,11,25118,8,10013,3,14415,0,690,7,4015,4,10881,7,14896,California
Siskiyou,2021-04-18,5,25123,3,10016,2,14417,0,690,1,4012,4,10885,1,14897,California
Siskiyou,2021-04-19,129,25252,24,10040,105,14522,0,690,47,3977,82,10967,47,14944,California
Siskiyou,2021-04-20,236,25488,5,10045,231,14753,0,690,94,3930,141,11108,94,15038,California
Siskiyou,2021-04-21,96,25584,10,10055,86,14839,0,690,27,3888,69,11177,27,15065,California
Siskiyou,2021-04-22,414,25998,301,10356,113,14952,0,690,50,3574,364,11541,50,15115,California
Siskiyou,2021-04-23,181,26179,15,10371,166,15118,0,690,159,3712,21,11562,159,15274,California
Siskiyou,2021-04-24,28,26207,4,10375,24,15142,0,690,20,3724,8,11570,20,15294,California
Siskiyou,2021-04-25,2,26209,0,10375,2,15144,0,690,2,3726,0,11570,2,15296,California
Siskiyou,2021-04-26,100,26309,4,10379,91,15235,5,695,24,3679,76,11646,29,15325,California
Siskiyou,2021-04-27,114,26423,5,10384,107,15342,2,697,87,3743,25,11671,89,15414,California
Siskiyou,2021-04-28,111,26534,8,10392,95,15437,8,705,53,3746,58,11729,61,15475,California
Siskiyou,2021-04-29,149,26683,16,10408,132,15569,1,706,30,3658,119,11848,31,15506,California
Siskiyou,2021-04-30,102,26785,20,10428,81,15650,1,707,45,3649,54,11902,45,15551,California
Siskiyou,2021-05-01,11,26796,7,10435,1,15651,3,710,7,3655,4,11906,10,15561,California
Siskiyou,2021-05-02,10,26806,4,10439,6,15657,0,710,9,3663,1,11907,9,15570,California
Siskiyou,2021-05-03,109,26915,23,10462,84,15741,2,712,46,3648,63,11970,48,15618,California
Siskiyou,2021-05-04,123,27038,7,10469,114,15855,2,714,60,3648,62,12032,62,15680,California
Siskiyou,2021-05-05,114,27152,20,10489,85,15940,9,723,39,3622,74,12106,48,15728,California
Siskiyou,2021-05-06,366,27518,296,10785,64,16004,6,729,190,3642,176,12282,196,15924,California
Siskiyou,2021-05-07,308,27826,219,11004,84,16088,5,734,31,3402,276,12558,36,15960,California
Siskiyou,2021-05-08,25,27851,4,11008,20,16108,1,735,18,3414,7,12565,19,15979,California
Siskiyou,2021-05-09,1,27852,0,11008,1,16109,0,735,0,3413,1,12566,0,15979,California
Siskiyou,2021-05-10,98,27950,67,11075,30,16139,1,736,21,3358,77,12643,22,16001,California
Siskiyou,2021-05-11,87,28037,8,11083,74,16213,5,741,51,3378,36,12679,56,16057,California
Siskiyou,2021-05-12,56,28093,4,11087,48,16261,4,745,16,3358,40,12719,20,16077,California
Siskiyou,2021-05-13,83,28176,35,11122,39,16300,9,754,38,3360,45,12764,47,16124,California
Siskiyou,2021-05-14,176,28352,82,11204,93,16393,1,755,108,3402,67,12831,109,16233,California
Siskiyou,2021-05-15,43,28395,13,11217,28,16421,2,757,36,3434,6,12837,38,16271,California
Siskiyou,2021-05-16,6,28401,2,11219,4,16425,0,757,4,3436,2,12839,4,16275,California
Siskiyou,2021-05-17,65,28466,1,11220,41,16466,23,780,11,3416,54,12893,34,16309,California
Siskiyou,2021-05-18,221,28687,83,11303,134,16600,4,784,124,3448,96,12989,128,16437,California
Siskiyou,2021-05-19,157,28844,97,11400,59,16659,1,785,125,3542,32,13021,126,16563,California
Siskiyou,2021-05-20,532,29376,429,11829,101,16760,2,787,237,3487,294,13315,239,16802,California
Siskiyou,2021-05-21,197,29573,95,11924,102,16862,0,787,109,3509,87,13402,109,16911,California
Siskiyou,2021-05-22,41,29614,19,11943,22,16884,0,787,26,3520,15,13417,26,16937,California
Siskiyou,2021-05-23,4,29618,3,11946,1,16885,0,787,2,3520,2,13419,2,16939,California
Siskiyou,2021-05-24,18,29636,3,11949,15,16900,0,787,5,3513,12,13431,5,16944,California
Siskiyou,2021-05-25,157,29793,16,11965,121,17021,20,807,50,3478,105,13536,70,17014,California
Siskiyou,2021-05-26,76,29869,19,11984,57,17078,0,807,41,3484,35,13571,41,17055,California
Siskiyou,2021-05-27,133,30002,94,12078,37,17115,2,809,57,3467,76,13647,59,17114,California
Siskiyou,2021-05-28,154,30156,58,12136,95,17210,1,810,102,3519,51,13698,103,17217,California
Siskiyou,2021-05-29,16,30172,9,12145,4,17214,3,813,5,3516,11,13709,8,17225,California
Siskiyou,2021-05-31,2,30174,1,12146,0,17214,1,814,1,3517,1,13710,2,17227,California
Siskiyou,2021-06-01,86,30260,20,12166,66,17280,0,814,29,3490,56,13766,29,17256,California
Siskiyou,2021-06-02,121,30381,33,12199,88,17368,0,814,45,3459,76,13842,45,17301,California
Siskiyou,2021-06-03,156,30537,109,12308,42,17410,5,819,40,3388,116,13958,45,17346,California
Siskiyou,2021-06-04,99,30636,76,12384,23,17433,0,819,20,3329,79,14037,20,17366,California
Siskiyou,2021-06-05,37,30673,17,12401,19,17452,1,820,15,3323,22,14059,16,17382,California
Siskiyou,2021-06-06,3,30676,2,12403,0,17452,1,821,0,3321,3,14062,1,17383,California
Siskiyou,2021-06-07,38,30714,4,12407,30,17482,4,825,26,3339,12,14074,30,17413,California
Siskiyou,2021-06-08,209,30923,94,12501,112,17594,3,828,64,3266,140,14214,67,17480,California
Siskiyou,2021-06-09,113,31036,84,12585,28,17622,1,829,31,3216,82,14296,32,17512,California
Siskiyou,2021-06-10,176,31212,144,12729,31,17653,1,830,76,3193,100,14396,77,17589,California
Siskiyou,2021-06-11,111,31323,59,12788,45,17698,7,837,22,3154,68,14464,29,17618,California
Siskiyou,2021-06-12,29,31352,6,12794,23,17721,0,837,9,3143,20,14484,9,17627,California
Siskiyou,2021-06-13,24,31376,16,12810,8,17729,0,837,2,3123,22,14506,2,17629,California
Siskiyou,2021-06-14,24,31400,4,12814,16,17745,4,841,11,3124,13,14519,14,17643,California
Siskiyou,2021-06-15,89,31489,22,12836,54,17799,13,854,33,3114,56,14575,46,17689,California
Siskiyou,2021-06-16,102,31591,23,12859,77,17876,2,856,49,3112,53,14628,51,17740,California
Siskiyou,2021-06-17,186,31777,142,13001,32,17908,12,868,40,3019,145,14773,52,17792,California
Siskiyou,2021-06-18,97,31874,62,13063,27,17935,8,876,20,2970,77,14850,28,17820,California
Siskiyou,2021-06-19,26,31900,17,13080,9,17944,0,876,12,2968,14,14864,12,17832,California
Siskiyou,2021-06-20,2,31902,1,13081,0,17944,1,877,1,2969,1,14865,2,17834,California
Siskiyou,2021-06-21,38,31940,3,13084,33,17977,2,879,27,2987,11,14876,29,17863,California
Siskiyou,2021-06-22,65,32005,24,13108,37,18014,4,883,32,2990,33,14909,36,17899,California
Siskiyou,2021-06-23,52,32057,7,13115,41,18055,4,887,11,2965,40,14949,15,17914,California
Siskiyou,2021-06-24,92,32149,51,13166,32,18087,9,896,46,2974,46,14995,55,17969,California
Siskiyou,2021-06-25,95,32244,60,13226,35,18122,0,896,64,3007,31,15026,64,18033,California
Siskiyou,2021-06-26,8,32252,3,13229,5,18127,0,896,4,3007,4,15030,4,18037,California
Siskiyou,2021-06-28,10,32262,4,13233,6,18133,0,896,5,3007,5,15035,5,18042,California
Siskiyou,2021-06-29,76,32338,51,13284,23,18156,2,898,40,3013,36,15071,42,18084,California
Siskiyou,2021-06-30,32,32370,3,13287,27,18183,2,900,5,2993,27,15098,7,18091,California
Solano,2020-12-15,4,4,4,4,0,0,0,0,4,4,0,0,4,4,California
Solano,2020-12-16,70,74,70,74,0,0,0,0,70,74,0,0,70,74,California
Solano,2020-12-17,171,245,171,245,0,0,0,0,171,245,0,0,171,245,California
Solano,2020-12-18,478,723,477,722,1,1,0,0,478,723,0,0,478,723,California
Solano,2020-12-19,522,1245,522,1244,0,1,0,0,522,1245,0,0,522,1245,California
Solano,2020-12-20,356,1601,354,1598,2,3,0,0,356,1601,0,0,356,1601,California
Solano,2020-12-21,575,2176,573,2171,2,5,0,0,575,2176,0,0,575,2176,California
Solano,2020-12-22,664,2840,631,2802,33,38,0,0,664,2840,0,0,664,2840,California
Solano,2020-12-23,863,3703,771,3573,92,130,0,0,862,3701,1,1,862,3702,California
Solano,2020-12-24,425,4128,171,3744,254,384,0,0,425,4126,0,1,425,4127,California
Solano,2020-12-25,9,4137,1,3745,8,392,0,0,9,4135,0,1,9,4136,California
Solano,2020-12-26,175,4312,48,3793,127,519,0,0,175,4310,0,1,175,4311,California
Solano,2020-12-27,106,4418,29,3822,77,596,0,0,106,4416,0,1,106,4417,California
Solano,2020-12-28,876,5294,431,4253,445,1041,0,0,876,5292,0,1,876,5293,California
Solano,2020-12-29,912,6206,376,4629,536,1577,0,0,912,6204,0,1,912,6205,California
Solano,2020-12-30,1242,7448,602,5231,640,2217,0,0,1242,7446,0,1,1242,7447,California
Solano,2020-12-31,545,7993,140,5371,405,2622,0,0,545,7991,0,1,545,7992,California
Solano,2021-01-01,14,8007,13,5384,1,2623,0,0,14,8005,0,1,14,8006,California
Solano,2021-01-02,219,8226,171,5555,48,2671,0,0,219,8224,0,1,219,8225,California
Solano,2021-01-03,56,8282,40,5595,16,2687,0,0,50,8274,0,1,50,8275,California
Solano,2021-01-04,450,8732,242,5837,208,2895,0,0,441,8713,2,3,441,8716,California
Solano,2021-01-05,734,9466,382,6219,352,3247,0,0,573,9130,156,159,573,9289,California
Solano,2021-01-06,850,10316,439,6658,411,3658,0,0,577,9436,271,430,577,9866,California
Solano,2021-01-07,1069,11385,684,7342,385,4043,0,0,593,9556,474,904,594,10460,California
Solano,2021-01-08,1152,12537,784,8126,368,4411,0,0,550,9524,584,1488,552,11012,California
Solano,2021-01-09,887,13424,763,8889,124,4535,0,0,428,9496,456,1944,428,11440,California
Solano,2021-01-10,254,13678,193,9082,61,4596,0,0,152,9546,102,2046,152,11592,California
Solano,2021-01-11,1336,15014,1123,10205,213,4809,0,0,817,9844,519,2565,817,12409,California
Solano,2021-01-12,1583,16597,1181,11386,402,5211,0,0,1026,10315,556,3121,1027,13436,California
Solano,2021-01-13,1469,18066,1007,12393,462,5673,0,0,1210,11268,257,3378,1210,14646,California
Solano,2021-01-14,1919,19985,831,13224,1088,6761,0,0,1600,12551,317,3695,1600,16246,California
Solano,2021-01-15,1721,21706,1065,14289,656,7417,0,0,1421,13672,300,3995,1421,17667,California
Solano,2021-01-16,1296,23002,905,15194,391,7808,0,0,1122,14620,174,4169,1122,18789,California
Solano,2021-01-17,1053,24055,756,15950,297,8105,0,0,1032,15632,21,4190,1033,19822,California
Solano,2021-01-18,1428,25483,855,16805,573,8678,0,0,1307,16818,121,4311,1307,21129,California
Solano,2021-01-19,1666,27149,1347,18152,319,8997,0,0,1390,17933,275,4586,1390,22519,California
Solano,2021-01-20,2063,29212,1429,19581,634,9631,0,0,1575,19023,485,5071,1575,24094,California
Solano,2021-01-21,3219,32431,1032,20613,2187,11818,0,0,2861,21528,358,5429,2863,26957,California
Solano,2021-01-22,1788,34219,857,21470,931,12749,0,0,1589,22919,199,5628,1590,28547,California
Solano,2021-01-23,744,34963,244,21714,500,13249,0,0,532,23239,213,5841,533,29080,California
Solano,2021-01-24,408,35371,63,21777,345,13594,0,0,340,23511,68,5909,340,29420,California
Solano,2021-01-25,1678,37049,630,22407,1048,14642,0,0,1118,24071,559,6468,1119,30539,California
Solano,2021-01-26,1805,38854,748,23155,1057,15699,0,0,1159,24585,646,7114,1160,31699,California
Solano,2021-01-27,1811,40665,720,23875,1091,16790,0,0,1194,25166,613,7727,1194,32893,California
Solano,2021-01-28,1982,42647,714,24589,1268,18058,0,0,1383,25952,598,8325,1384,34277,California
Solano,2021-01-29,1724,44371,778,25367,946,19004,0,0,1356,26944,364,8689,1356,35633,California
Solano,2021-01-30,930,45301,432,25799,498,19502,0,0,604,27223,326,9015,605,36238,California
Solano,2021-01-31,269,45570,177,25976,92,19594,0,0,173,27301,95,9110,173,36411,California
Solano,2021-02-01,1559,47129,1033,27009,526,20120,0,0,773,27291,783,9893,773,37184,California
Solano,2021-02-02,3384,50513,1103,28112,2281,22401,0,0,2565,29042,814,10707,2565,39749,California
Solano,2021-02-03,2277,52790,1314,29426,963,23364,0,0,1170,29108,1104,11811,1170,40919,California
Solano,2021-02-04,1813,54603,903,30329,910,24274,0,0,1081,29462,727,12538,1081,42000,California
Solano,2021-02-05,3126,57729,1424,31753,1702,25976,0,0,2112,30567,1007,13545,2112,44112,California
Solano,2021-02-06,3080,60809,1171,32924,1909,27885,0,0,2261,32013,815,14360,2261,46373,California
Solano,2021-02-07,844,61653,779,33703,65,27950,0,0,235,31640,608,14968,235,46608,California
Solano,2021-02-08,1772,63425,1243,34946,529,28479,0,0,722,31314,1048,16016,722,47330,California
Solano,2021-02-09,1959,65384,1493,36439,466,28945,0,0,701,30758,1257,17273,701,48031,California
Solano,2021-02-10,2289,67673,1508,37947,781,29726,0,0,821,30112,1467,18740,821,48852,California
Solano,2021-02-11,2545,70218,1499,39446,1046,30772,0,0,1201,29982,1331,20071,1201,50053,California
Solano,2021-02-12,4278,74496,1636,41082,2642,33414,0,0,2916,31546,1354,21425,2918,52971,California
Solano,2021-02-13,2896,77392,247,41329,2649,36063,0,0,2478,33610,414,21839,2478,55449,California
Solano,2021-02-14,734,78126,204,41533,530,36593,0,0,407,33693,325,22164,408,55857,California
Solano,2021-02-15,1273,79399,267,41800,1006,37599,0,0,653,33726,620,22784,653,56510,California
Solano,2021-02-16,2583,81982,1389,43189,1194,38793,0,0,1680,34505,902,23686,1681,58191,California
Solano,2021-02-17,3270,85252,1450,44639,1820,40613,0,0,2212,35665,1053,24739,2213,60404,California
Solano,2021-02-18,2918,88170,849,45488,2069,42682,0,0,859,34472,2052,26791,859,61263,California
Solano,2021-02-19,2501,90671,1477,46965,1024,43706,0,0,1180,34347,1307,28098,1182,62445,California
Solano,2021-02-20,2766,93437,393,47358,2373,46079,0,0,2243,36067,523,28621,2243,64688,California
Solano,2021-02-21,2335,95772,2008,49366,327,46406,0,0,2006,37749,324,28945,2006,66694,California
Solano,2021-02-22,1828,97600,1076,50442,752,47158,0,0,948,37826,872,29817,949,67643,California
Solano,2021-02-23,2966,100566,1151,51593,1815,48973,0,0,2007,38877,956,30773,2007,69650,California
Solano,2021-02-24,2544,103110,1270,52863,1274,50247,0,0,1412,39163,1127,31900,1413,71063,California
Solano,2021-02-25,2653,105763,1574,54437,1079,51326,0,0,1463,39441,1185,33085,1463,72526,California
Solano,2021-02-26,3551,109314,2277,56714,1274,52600,0,0,2101,40097,1445,34530,2101,74627,California
Solano,2021-02-27,3993,113307,1539,58253,2453,55053,1,1,3228,42572,754,35284,3229,77856,California
Solano,2021-02-28,1949,115256,1574,59827,374,55427,1,2,1619,43866,326,35610,1620,79476,California
Solano,2021-03-01,2753,118009,1227,61054,1525,56952,1,3,2078,45277,668,36278,2079,81555,California
Solano,2021-03-02,2312,120321,1409,62463,903,57855,0,3,1291,45549,1019,37297,1291,82846,California
Solano,2021-03-03,2268,122589,1277,63740,991,58846,0,3,1405,46102,853,38150,1406,84252,California
Solano,2021-03-04,4429,127018,3434,67174,993,59839,2,5,3170,48028,1249,39399,3175,87427,California
Solano,2021-03-05,4964,131982,1682,68856,3277,63116,5,10,3972,51024,981,40380,3977,91404,California
Solano,2021-03-06,3867,135849,835,69691,2993,66109,39,49,2647,52501,1209,41589,2686,94090,California
Solano,2021-03-07,3578,139427,760,70451,2809,68918,9,58,1952,52850,1613,43202,1962,96052,California
Solano,2021-03-08,2189,141616,1351,71802,569,69487,269,327,1629,54194,552,43754,1896,97948,California
Solano,2021-03-09,3239,144855,1570,73372,1614,71101,55,382,2333,55674,904,44658,2384,100332,California
Solano,2021-03-10,2430,147285,1761,75133,583,71684,86,468,1275,55883,1150,45808,1359,101691,California
Solano,2021-03-11,6040,153325,1762,76895,4025,75709,253,721,4985,60072,1050,46858,5239,106930,California
Solano,2021-03-12,6052,159377,1574,78469,4299,80008,179,900,3169,60548,2871,49729,3347,110277,California
Solano,2021-03-13,4616,163993,806,79275,3725,83733,85,985,2238,60504,2370,52099,2326,112603,California
Solano,2021-03-14,4025,168018,3139,82414,430,84163,456,1441,1558,60053,2462,54561,2011,114614,California
Solano,2021-03-15,4029,172047,2458,84872,1244,85407,327,1768,2514,61390,1502,56063,2839,117453,California
Solano,2021-03-16,3101,175148,1322,86194,1541,86948,238,2006,1566,61665,1528,57591,1803,119256,California
Solano,2021-03-17,6518,181666,1682,87876,4741,91689,95,2101,4948,65143,1565,59156,5043,124299,California
Solano,2021-03-18,5228,186894,1862,89738,3328,95017,38,2139,3748,67458,1472,60628,3787,128086,California
Solano,2021-03-19,3595,190489,2655,92393,864,95881,76,2215,1633,67216,1952,62580,1710,129796,California
Solano,2021-03-20,5592,196081,1682,94075,3856,99737,54,2269,2626,66943,2953,65533,2680,132476,California
Solano,2021-03-21,1698,197779,1591,95666,82,99819,25,2294,376,66025,1317,66850,399,132875,California
Solano,2021-03-22,2708,200487,2055,97721,602,100421,51,2345,1569,66509,1133,67983,1617,134492,California
Solano,2021-03-23,3570,204057,1687,99408,1839,102260,44,2389,1397,65783,2166,70149,1440,135932,California
Solano,2021-03-24,2842,206899,1776,101184,1031,103291,35,2424,1362,65705,1473,71622,1395,137327,California
Solano,2021-03-25,4895,211794,4008,105192,852,104143,35,2459,2275,65401,2614,74236,2310,139637,California
Solano,2021-03-26,3251,215045,2110,107302,1103,105246,38,2497,1743,65684,1498,75734,1781,141418,California
Solano,2021-03-27,4232,219277,1162,108464,3029,108275,41,2538,1664,64826,2561,78295,1703,143121,California
Solano,2021-03-28,1424,220701,1112,109576,294,108569,18,2556,539,64502,881,79176,557,143678,California
Solano,2021-03-29,3538,224239,2046,111622,1476,110045,16,2572,1542,64080,1982,81158,1560,145238,California
Solano,2021-03-30,3052,227291,2021,113643,939,110984,92,2664,1904,64928,1147,82305,1995,147233,California
Solano,2021-03-31,3156,230447,2147,115790,848,111832,161,2825,1847,65626,1306,83611,2004,149237,California
Solano,2021-04-01,5582,236029,2115,117905,3313,115145,154,2979,3521,67253,2048,85659,3675,152912,California
Solano,2021-04-02,6633,242662,2236,120141,4228,119373,169,3148,2551,65908,4064,89723,2719,155631,California
Solano,2021-04-03,1530,244192,968,121109,409,119782,153,3301,568,65668,960,90683,720,156351,California
Solano,2021-04-04,786,244978,288,121397,194,119976,304,3605,242,65674,540,91223,546,156897,California
Solano,2021-04-05,3015,247993,2063,123460,744,120720,208,3813,1516,65900,1497,92720,1723,158620,California
Solano,2021-04-06,6070,254063,1640,125100,3940,124660,490,4303,1637,63604,4424,97144,2128,160748,California
Solano,2021-04-07,5989,260052,4640,129740,946,125606,403,4706,3398,64839,2571,99715,3806,164554,California
Solano,2021-04-08,6505,266557,1802,131542,3829,129435,874,5580,1801,62842,4673,104388,2676,167230,California
Solano,2021-04-09,6322,272879,1664,133206,3808,133243,850,6430,1525,60440,4771,109159,2369,169599,California
Solano,2021-04-10,1759,274638,967,134173,454,133697,338,6768,813,60645,944,110103,1149,170748,California
Solano,2021-04-11,1243,275881,773,134946,338,134035,132,6900,641,60819,599,110702,773,171521,California
Solano,2021-04-12,3294,279175,1701,136647,1232,135267,361,7261,1352,60593,1936,112638,1710,173231,California
Solano,2021-04-13,2573,281748,1115,137762,1457,136724,1,7262,1340,60705,1229,113867,1341,174572,California
Solano,2021-04-14,6545,288293,1965,139727,4580,141304,0,7262,1851,57872,4685,118552,1852,176424,California
Solano,2021-04-15,5744,294037,2171,141898,3572,144876,1,7263,1748,55639,3982,122534,1749,178173,California
Solano,2021-04-16,3712,297749,2600,144498,1110,145986,2,7265,2298,56533,1406,123940,2300,180473,California
Solano,2021-04-17,3294,301043,1074,145572,2220,148206,0,7265,1126,55505,2156,126096,1128,181601,California
Solano,2021-04-18,1054,302097,657,146229,397,148603,0,7265,547,55546,506,126602,547,182148,California
Solano,2021-04-19,2160,304257,1173,147402,987,149590,0,7265,1171,55737,982,127584,1173,183321,California
Solano,2021-04-20,3082,307339,1888,149290,1194,150784,0,7265,1706,56073,1370,128954,1706,185027,California
Solano,2021-04-21,3895,311234,2409,151699,1486,152270,0,7265,2041,56269,1845,130799,2041,187068,California
Solano,2021-04-22,3046,314280,1527,153226,1519,153789,0,7265,1805,56837,1237,132036,1805,188873,California
Solano,2021-04-23,4221,318501,2143,155369,2078,155867,0,7265,2539,57701,1677,133713,2541,191414,California
Solano,2021-04-24,3896,322397,2346,157715,1548,157415,2,7267,2585,59063,1225,134938,2587,194001,California
Solano,2021-04-25,1434,323831,1118,158833,316,157731,0,7267,1134,59904,293,135231,1134,195135,California
Solano,2021-04-26,2619,326450,1701,160534,914,158645,4,7271,1447,60197,1158,136389,1451,196586,California
Solano,2021-04-27,2605,329055,1309,161843,1266,159911,30,7301,1477,60588,1117,137506,1508,198094,California
Solano,2021-04-28,6078,335133,5025,166868,1007,160918,46,7347,3804,62178,2259,139765,3849,201943,California
Solano,2021-04-29,4575,339708,1475,168343,3065,163983,35,7382,2067,61782,2498,142263,2102,204045,California
Solano,2021-04-30,4168,343876,2226,170569,1801,165784,141,7523,1940,61650,2212,144475,2080,206125,California
Solano,2021-05-01,2188,346064,1684,172253,304,166088,200,7723,1297,62262,885,145360,1497,207622,California
Solano,2021-05-02,1200,347264,941,173194,234,166322,25,7748,661,62414,534,145894,686,208308,California
Solano,2021-05-03,1465,348729,1017,174211,361,166683,87,7835,602,62244,860,146754,690,208998,California
Solano,2021-05-04,1828,350557,1071,175282,691,167374,66,7901,823,62130,1003,147757,889,209887,California
Solano,2021-05-05,2285,352842,1441,176723,731,168105,113,8014,1101,62162,1180,148937,1212,211099,California
Solano,2021-05-06,1991,354833,1192,177915,590,168695,209,8223,724,61832,1255,150192,925,212024,California
Solano,2021-05-07,2837,357670,1978,179893,739,169434,120,8343,986,61093,1843,152035,1104,213128,California
Solano,2021-05-08,1483,359153,938,180831,429,169863,116,8459,571,60872,908,152943,687,213815,California
Solano,2021-05-09,452,359605,275,181106,166,170029,11,8470,175,60785,274,153217,187,214002,California
Solano,2021-05-10,1370,360975,647,181753,616,170645,107,8577,389,60304,976,154193,495,214497,California
Solano,2021-05-11,2340,363315,1211,182964,1040,171685,89,8666,680,59418,1655,155848,769,215266,California
Solano,2021-05-12,2193,365508,1267,184231,751,172436,175,8841,729,58871,1449,157297,902,216168,California
Solano,2021-05-13,3079,368587,2122,186353,745,173181,212,9053,1628,59264,1447,158744,1840,218008,California
Solano,2021-05-14,2499,371086,1706,188059,671,173852,122,9175,1058,59012,1432,160176,1180,219188,California
Solano,2021-05-15,3412,374498,2760,190819,566,174418,86,9261,1298,58293,2102,162278,1383,220571,California
Solano,2021-05-16,1541,376039,1143,191962,365,174783,33,9294,277,57342,1260,163538,309,220880,California
Solano,2021-05-17,2459,378498,1413,193375,959,175742,87,9381,865,56716,1574,165112,948,221828,California
Solano,2021-05-18,2946,381444,1639,195014,1218,176960,89,9470,1468,56808,1465,166577,1557,223385,California
Solano,2021-05-19,5697,387141,4137,199151,1428,178388,132,9602,2169,55591,3518,170095,2301,225686,California
Solano,2021-05-20,2622,389763,1581,200732,978,179366,63,9665,941,54925,1670,171765,1004,226690,California
Solano,2021-05-21,3564,393327,1874,202606,1621,180987,69,9734,1368,54175,2187,173952,1437,228127,California
Solano,2021-05-22,2743,396070,2114,204720,535,181522,94,9828,1159,53850,1577,175529,1252,229379,California
Solano,2021-05-23,1409,397479,1165,205885,219,181741,25,9853,753,53975,653,176182,778,230157,California
Solano,2021-05-24,1885,399364,1090,206975,722,182463,73,9926,636,53442,1241,177423,708,230865,California
Solano,2021-05-25,1625,400989,823,207798,744,183207,58,9984,583,53048,1034,178457,640,231505,California
Solano,2021-05-26,1893,402882,1086,208884,750,183957,57,10041,704,52626,1184,179641,762,232267,California
Solano,2021-05-27,2132,405014,944,209828,1113,185070,75,10116,878,52335,1243,180884,952,233219,California
Solano,2021-05-28,2017,407031,1022,210850,939,186009,56,10172,759,51901,1250,182134,816,234035,California
Solano,2021-05-29,653,407684,322,211172,300,186309,31,10203,300,51881,350,182484,330,234365,California
Solano,2021-05-30,324,408008,155,211327,144,186453,25,10228,115,51815,206,182690,140,234505,California
Solano,2021-05-31,129,408137,20,211347,100,186553,9,10237,25,51745,104,182794,34,234539,California
Solano,2021-06-01,1839,409976,1182,212529,579,187132,78,10315,727,51444,1107,183901,806,235345,California
Solano,2021-06-02,1827,411803,1289,213818,472,187604,66,10381,925,51537,895,184796,988,236333,California
Solano,2021-06-03,2189,413992,1730,215548,376,187980,83,10464,705,50848,1478,186274,789,237122,California
Solano,2021-06-04,1654,415646,1148,216696,440,188420,66,10530,502,50268,1148,187422,568,237690,California
Solano,2021-06-05,1418,417064,1024,217720,343,188763,51,10581,469,49845,943,188365,520,238210,California
Solano,2021-06-06,671,417735,553,218273,86,188849,32,10613,360,49927,310,188675,392,238602,California
Solano,2021-06-07,1240,418975,950,219223,228,189077,62,10675,409,49571,827,189502,471,239073,California
Solano,2021-06-08,1833,420808,1325,220548,474,189551,34,10709,485,48747,1343,190845,519,239592,California
Solano,2021-06-09,2104,422912,1792,222340,251,189802,61,10770,666,48041,1432,192277,726,240318,California
Solano,2021-06-10,1240,424152,843,223183,323,190125,74,10844,395,47673,836,193113,468,240786,California
Solano,2021-06-11,1599,425751,1270,224453,263,190388,66,10910,587,47318,1007,194120,652,241438,California
Solano,2021-06-12,1204,426955,925,225378,218,190606,61,10971,206,46594,991,195111,267,241705,California
Solano,2021-06-13,609,427564,520,225898,80,190686,9,10980,111,46216,498,195609,120,241825,California
Solano,2021-06-14,1309,428873,927,226825,349,191035,33,11013,275,45496,1026,196635,306,242131,California
Solano,2021-06-15,1469,430342,931,227756,487,191522,51,11064,606,45297,856,197491,657,242788,California
Solano,2021-06-16,1162,431504,769,228525,323,191845,70,11134,396,45001,761,198252,465,243253,California
Solano,2021-06-17,1222,432726,936,229461,217,192062,69,11203,436,44733,772,199024,504,243757,California
Solano,2021-06-18,1177,433903,874,230335,237,192299,66,11269,441,44509,731,199755,507,244264,California
Solano,2021-06-19,424,434327,296,230631,100,192399,28,11297,162,44442,257,200012,190,244454,California
Solano,2021-06-20,183,434510,140,230771,36,192435,7,11304,85,44436,98,200110,92,244546,California
Solano,2021-06-21,630,435140,405,231176,162,192597,63,11367,395,44660,234,200344,458,245004,California
Solano,2021-06-22,1155,436295,872,232048,238,192835,45,11412,421,44396,730,201074,466,245470,California
Solano,2021-06-23,1335,437630,1091,233139,173,193008,71,11483,454,44044,876,201950,524,245994,California
Solano,2021-06-24,904,438534,686,233825,152,193160,66,11549,385,43980,514,202464,450,246444,California
Solano,2021-06-25,1036,439570,723,234548,245,193405,68,11617,481,43991,537,203001,548,246992,California
Solano,2021-06-26,561,440131,431,234979,93,193498,37,11654,220,43908,339,203340,256,247248,California
Solano,2021-06-27,438,440569,383,235362,53,193551,2,11656,155,43783,282,203622,157,247405,California
Solano,2021-06-28,965,441534,800,236162,130,193681,35,11691,392,43642,568,204190,427,247832,California
Solano,2021-06-29,834,442368,641,236803,141,193822,52,11743,374,43610,457,204647,425,248257,California
Solano,2021-06-30,643,443011,477,237280,129,193951,37,11780,284,43572,359,205006,321,248578,California
Sonoma,2020-12-15,4,4,4,4,0,0,0,0,4,4,0,0,4,4,California
Sonoma,2020-12-16,27,31,27,31,0,0,0,0,27,31,0,0,27,31,California
Sonoma,2020-12-17,111,142,111,142,0,0,0,0,111,142,0,0,111,142,California
Sonoma,2020-12-18,438,580,438,580,0,0,0,0,438,580,0,0,438,580,California
Sonoma,2020-12-19,111,691,110,690,1,1,0,0,111,691,0,0,111,691,California
Sonoma,2020-12-20,177,868,177,867,0,1,0,0,177,868,0,0,177,868,California
Sonoma,2020-12-21,909,1777,907,1774,2,3,0,0,908,1776,0,0,908,1776,California
Sonoma,2020-12-22,1356,3133,1265,3039,91,94,0,0,1356,3132,0,0,1356,3132,California
Sonoma,2020-12-23,1604,4737,1228,4267,376,470,0,0,1605,4737,0,0,1605,4737,California
Sonoma,2020-12-24,310,5047,103,4370,207,677,0,0,310,5047,0,0,310,5047,California
Sonoma,2020-12-25,9,5056,2,4372,7,684,0,0,9,5056,0,0,9,5056,California
Sonoma,2020-12-26,268,5324,257,4629,11,695,0,0,268,5324,0,0,268,5324,California
Sonoma,2020-12-27,94,5418,80,4709,14,709,0,0,94,5418,0,0,94,5418,California
Sonoma,2020-12-28,980,6398,546,5255,434,1143,0,0,953,6371,0,0,953,6371,California
Sonoma,2020-12-29,1136,7534,779,6034,357,1500,0,0,1102,7473,0,0,1102,7473,California
Sonoma,2020-12-30,1098,8632,482,6516,616,2116,0,0,1090,8563,0,0,1090,8563,California
Sonoma,2020-12-31,519,9151,69,6585,450,2566,0,0,520,9083,0,0,520,9083,California
Sonoma,2021-01-01,200,9351,93,6678,107,2673,0,0,200,9283,0,0,200,9283,California
Sonoma,2021-01-02,135,9486,128,6806,7,2680,0,0,135,9418,0,0,135,9418,California
Sonoma,2021-01-03,26,9512,10,6816,16,2696,0,0,26,9444,0,0,26,9444,California
Sonoma,2021-01-04,346,9858,108,6924,238,2934,0,0,345,9789,0,0,345,9789,California
Sonoma,2021-01-05,433,10291,100,7024,333,3267,0,0,407,10180,16,16,407,10196,California
Sonoma,2021-01-06,952,11243,432,7456,520,3787,0,0,837,10908,109,125,837,11033,California
Sonoma,2021-01-07,1039,12282,539,7995,500,4287,0,0,864,11598,174,299,864,11897,California
Sonoma,2021-01-08,1809,14091,1245,9240,564,4851,0,0,1325,12441,482,781,1325,13222,California
Sonoma,2021-01-09,641,14732,401,9641,240,5091,0,0,593,12986,48,829,593,13815,California
Sonoma,2021-01-10,471,15203,460,10101,11,5102,0,0,277,13069,194,1023,277,14092,California
Sonoma,2021-01-11,1389,16592,1240,11341,149,5251,0,0,417,12519,967,1990,417,14509,California
Sonoma,2021-01-12,1553,18145,1296,12637,257,5508,0,0,401,11770,1150,3140,401,14910,California
Sonoma,2021-01-13,2052,20197,1370,14007,682,6190,0,0,1184,12090,865,4005,1185,16095,California
Sonoma,2021-01-14,1545,21742,810,14817,735,6925,0,0,1315,13175,230,4235,1315,17410,California
Sonoma,2021-01-15,1566,23308,635,15452,931,7856,0,0,1342,14305,214,4449,1344,18754,California
Sonoma,2021-01-16,1153,24461,618,16070,535,8391,0,0,905,14966,244,4693,905,19659,California
Sonoma,2021-01-17,680,25141,558,16628,122,8513,0,0,600,15486,80,4773,600,20259,California
Sonoma,2021-01-18,1108,26249,938,17566,170,8683,0,0,618,15615,490,5263,619,20878,California
Sonoma,2021-01-19,2102,28351,1003,18569,1099,9782,0,0,1390,16296,710,5973,1391,22269,California
Sonoma,2021-01-20,2192,30543,713,19282,1479,11261,0,0,1517,17149,665,6638,1518,23787,California
Sonoma,2021-01-21,2320,32863,675,19957,1645,12906,0,0,2092,19016,226,6864,2093,25880,California
Sonoma,2021-01-22,2771,35634,1057,21014,1714,14620,0,0,2619,21484,151,7015,2619,28499,California
Sonoma,2021-01-23,769,36403,592,21606,177,14797,0,0,659,22034,109,7124,659,29158,California
Sonoma,2021-01-24,853,37256,715,22321,138,14935,0,0,834,22849,19,7143,834,29992,California
Sonoma,2021-01-25,2197,39453,533,22854,1664,16599,0,0,1705,24062,492,7635,1705,31697,California
Sonoma,2021-01-26,2066,41519,308,23162,1758,18357,0,0,1598,25193,467,8102,1598,33295,California
Sonoma,2021-01-27,3751,45270,1281,24443,2470,20827,0,0,3168,27783,580,8682,3170,36465,California
Sonoma,2021-01-28,4133,49403,1838,26281,2295,23122,0,0,3446,30547,684,9366,3448,39913,California
Sonoma,2021-01-29,3022,52425,1420,27701,1602,24724,0,0,2171,31871,849,10215,2173,42086,California
Sonoma,2021-01-30,2603,55028,2407,30108,196,24920,0,0,2255,33781,346,10561,2256,44342,California
Sonoma,2021-01-31,798,55826,683,30791,115,25035,0,0,566,34116,231,10792,566,44908,California
Sonoma,2021-02-01,2505,58331,862,31653,1643,26678,0,0,2112,35839,389,11181,2112,47020,California
Sonoma,2021-02-02,3617,61948,1400,33053,2217,28895,0,0,3030,38285,584,11765,3030,50050,California
Sonoma,2021-02-03,4081,66029,1334,34387,2747,31642,0,0,3129,40467,947,12712,3129,53179,California
Sonoma,2021-02-04,4258,70287,1750,36137,2508,34150,0,0,3450,43113,805,13517,3451,56630,California
Sonoma,2021-02-05,4865,75152,1763,37900,3102,37252,0,0,3797,45848,1063,14580,3798,60428,California
Sonoma,2021-02-06,2668,77820,2301,40201,367,37619,0,0,2126,47434,540,15120,2126,62554,California
Sonoma,2021-02-07,1553,79373,1416,41617,137,37756,0,0,1291,48463,262,15382,1291,63845,California
Sonoma,2021-02-08,3298,82671,1043,42660,2255,40011,0,0,2693,50554,602,15984,2693,66538,California
Sonoma,2021-02-09,3603,86274,1715,44375,1888,41899,0,0,3114,53183,486,16470,3115,69653,California
Sonoma,2021-02-10,4602,90876,2512,46887,2090,43989,0,0,3573,55736,1021,17491,3574,73227,California
Sonoma,2021-02-11,5642,96518,3044,49931,2598,46587,0,0,4358,58815,1279,18770,4358,77585,California
Sonoma,2021-02-12,5976,102494,3291,53222,2685,49272,0,0,4514,61882,1451,20221,4518,82103,California
Sonoma,2021-02-13,2014,104508,1162,54384,852,50124,0,0,1207,62286,803,21024,1207,83310,California
Sonoma,2021-02-14,2338,106846,1833,56217,505,50629,0,0,1583,63118,751,21775,1583,84893,California
Sonoma,2021-02-15,2148,108994,791,57008,1357,51986,0,0,1603,64176,545,22320,1603,86496,California
Sonoma,2021-02-16,4989,113983,2127,59135,2862,54848,0,0,3707,66609,1277,23597,3710,90206,California
Sonoma,2021-02-17,5665,119648,2940,62075,2725,57573,0,0,3573,68107,2077,25674,3575,93781,California
Sonoma,2021-02-18,7026,126674,3175,65250,3851,61424,0,0,4019,69152,2976,28650,4021,97802,California
Sonoma,2021-02-19,5671,132345,1724,66974,3947,65371,0,0,3496,70495,2156,30806,3499,101301,California
Sonoma,2021-02-20,3164,135509,2864,69838,300,65671,0,0,1235,69813,1917,32723,1235,102536,California
Sonoma,2021-02-21,555,136064,439,70277,116,65787,0,0,148,69561,400,33123,148,102684,California
Sonoma,2021-02-22,3008,139072,1411,71688,1597,67384,0,0,1237,69042,1756,34879,1237,103921,California
Sonoma,2021-02-23,3475,142547,2135,73823,1340,68724,0,0,1633,68842,1833,36712,1633,105554,California
Sonoma,2021-02-24,5739,148286,2576,76399,3163,71887,0,0,2935,68986,2792,39504,2936,108490,California
Sonoma,2021-02-25,6019,154305,2356,78755,3663,75550,0,0,3227,69448,2765,42269,3227,111717,California
Sonoma,2021-02-26,6648,160953,2929,81684,3719,79269,0,0,4217,71244,2421,44690,4217,115934,California
Sonoma,2021-02-27,4237,165190,1966,83650,2271,81540,0,0,2843,72697,1390,46080,2843,118777,California
Sonoma,2021-02-28,2507,167697,1855,85505,651,82191,1,1,760,71722,1736,47816,761,119538,California
Sonoma,2021-03-01,4148,171845,1326,86831,2821,85012,1,2,2171,71936,1959,49775,2173,121711,California
Sonoma,2021-03-02,4438,176283,1532,88363,2904,87916,2,4,2555,72621,1872,51647,2557,124268,California
Sonoma,2021-03-03,5095,181378,2647,91010,2448,90364,0,4,2333,72208,2746,54393,2333,126601,California
Sonoma,2021-03-04,5986,187364,2692,93702,3294,93658,0,4,2589,71415,3382,57775,2589,129190,California
Sonoma,2021-03-05,6509,193873,2870,96572,3624,97282,15,19,2744,70431,3744,61519,2760,131950,California
Sonoma,2021-03-06,2810,196683,1230,97802,1442,98724,138,157,1928,71623,873,62392,2065,134015,California
Sonoma,2021-03-07,1737,198420,1401,99203,299,99023,37,194,400,70726,1334,63726,437,134452,California
Sonoma,2021-03-08,4094,202514,666,99869,3254,102277,174,368,2392,71605,1686,65412,2565,137017,California
Sonoma,2021-03-09,5626,208140,3099,102968,2258,104535,269,637,2712,71674,2899,68311,2968,139985,California
Sonoma,2021-03-10,6054,214194,3215,106183,2489,107024,350,987,2439,70868,3592,71903,2786,142771,California
Sonoma,2021-03-11,7568,221762,3028,109211,3717,110741,823,1810,2555,69252,4989,76892,3373,146144,California
Sonoma,2021-03-12,7435,229197,2271,111482,3799,114540,1365,3175,2061,67329,5344,82236,3421,149565,California
Sonoma,2021-03-13,3464,232661,1716,113198,1508,116048,240,3415,2020,68148,1436,83672,2255,151820,California
Sonoma,2021-03-14,1399,234060,389,113587,868,116916,142,3557,851,68596,545,84217,993,152813,California
Sonoma,2021-03-15,5263,239323,1521,115108,3356,120272,386,3943,2180,68100,3060,87277,2564,155377,California
Sonoma,2021-03-16,6337,245660,2276,117384,3832,124104,229,4172,2903,67809,3421,90698,3130,158507,California
Sonoma,2021-03-17,6809,252469,3553,120937,3077,127181,179,4351,3289,67775,3500,94198,3466,161973,California
Sonoma,2021-03-18,7168,259637,2956,123893,3596,130777,616,4967,3124,67483,4027,98225,3735,165708,California
Sonoma,2021-03-19,7532,267169,3263,127156,4040,134817,229,5196,3057,66336,4437,102662,3290,168998,California
Sonoma,2021-03-20,3738,270907,1767,128923,1145,135962,826,6022,2019,67467,1709,104371,2840,171838,California
Sonoma,2021-03-21,1402,272309,615,129538,752,136714,35,6057,1211,68528,185,104556,1246,173084,California
Sonoma,2021-03-22,4591,276900,3125,132663,1366,138080,100,6157,3340,70724,1244,105800,3440,176524,California
Sonoma,2021-03-23,5880,282780,3645,136308,2162,140242,73,6230,4424,73778,1444,107244,4498,181022,California
Sonoma,2021-03-24,6846,289626,4286,140594,2485,142727,75,6305,4166,75359,2657,109901,4238,185260,California
Sonoma,2021-03-25,7149,296775,4208,144802,2829,145556,112,6417,4293,76939,2827,112728,4407,189667,California
Sonoma,2021-03-26,7482,304257,3476,148278,3909,149465,97,6514,3816,77212,3639,116367,3912,193579,California
Sonoma,2021-03-27,3869,308126,1517,149795,1989,151454,363,6877,996,75710,2858,119225,1356,194935,California
Sonoma,2021-03-28,1516,309642,951,150746,537,151991,28,6905,797,75819,715,119940,824,195759,California
Sonoma,2021-03-29,2992,312634,1110,151856,1849,153840,33,6938,1547,75965,1434,121374,1580,197339,California
Sonoma,2021-03-30,5925,318559,3231,155087,2631,156471,63,7001,3099,76311,2816,124190,3162,200501,California
Sonoma,2021-03-31,5747,324306,3419,158506,2112,158583,216,7217,3346,77488,2384,126574,3561,204062,California
Sonoma,2021-04-01,6968,331274,4077,162583,2546,161129,345,7562,3780,78444,3159,129733,4115,208177,California
Sonoma,2021-04-02,5980,337254,3580,166163,2289,163418,111,7673,3578,79744,2389,132122,3689,211866,California
Sonoma,2021-04-03,3712,340966,1827,167990,1657,165075,228,7901,1648,79568,2047,134169,1871,213737,California
Sonoma,2021-04-04,1070,342036,695,168685,284,165359,91,7992,648,79890,417,134586,739,214476,California
Sonoma,2021-04-05,4455,346491,665,169350,3443,168802,347,8339,1674,79138,2773,137359,2021,216497,California
Sonoma,2021-04-06,6940,353431,3516,172866,3013,171815,411,8750,4034,80690,2890,140249,4442,220939,California
Sonoma,2021-04-07,6868,360299,3882,176748,2138,173953,848,9598,3344,81368,3507,143756,4185,225124,California
Sonoma,2021-04-08,7687,367986,4157,180905,2753,176706,777,10375,4206,82877,3468,147224,4977,230101,California
Sonoma,2021-04-09,6872,374858,3834,184739,2144,178850,894,11269,3530,83966,3328,150552,4417,234518,California
Sonoma,2021-04-10,3926,378784,1710,186449,1653,180503,563,11832,1155,82919,2758,153310,1711,236229,California
Sonoma,2021-04-11,1295,380079,613,187062,600,181103,82,11914,442,82592,851,154161,524,236753,California
Sonoma,2021-04-12,4974,385053,2069,189131,2418,183521,487,12401,1851,81817,3106,157267,2331,239084,California
Sonoma,2021-04-13,7954,393007,4683,193814,3267,186788,4,12405,3054,79989,4885,162152,3057,242141,California
Sonoma,2021-04-14,6708,399715,3789,197603,2898,189686,21,12426,2580,78474,4114,166266,2599,244740,California
Sonoma,2021-04-15,7556,407271,4290,201893,3265,192951,1,12427,3672,78280,3867,170133,3673,248413,California
Sonoma,2021-04-16,6938,414209,3466,205359,3470,196421,2,12429,3918,79192,3009,173142,3921,252334,California
Sonoma,2021-04-17,3549,417758,1837,207196,1712,198133,0,12429,1697,79057,1833,174975,1698,254032,California
Sonoma,2021-04-18,1410,419168,1009,208205,401,198534,0,12429,540,78729,868,175843,540,254572,California
Sonoma,2021-04-19,3447,422615,1896,210101,1550,200084,1,12430,1533,78356,1907,177750,1534,256106,California
Sonoma,2021-04-20,6412,429027,3538,213639,2873,202957,1,12431,2392,76745,4006,181756,2395,258501,California
Sonoma,2021-04-21,6846,435873,4357,217996,2487,205444,2,12433,3136,76196,3686,185442,3137,261638,California
Sonoma,2021-04-22,6481,442354,4528,222524,1952,207396,1,12434,2628,74990,3834,189276,2628,264266,California
Sonoma,2021-04-23,7571,449925,4670,227194,2894,210290,7,12441,3693,74828,3863,193139,3701,267967,California
Sonoma,2021-04-24,2787,452712,1515,228709,1258,211548,14,12455,1549,75158,1233,194372,1563,269530,California
Sonoma,2021-04-25,1086,453798,789,229498,297,211845,0,12455,431,74937,652,195024,431,269961,California
Sonoma,2021-04-26,2999,456797,1435,230933,1536,213381,28,12483,1630,75235,1360,196384,1658,271619,California
Sonoma,2021-04-27,5533,462330,3737,234670,1672,215053,124,12607,2247,74331,3274,199658,2370,273989,California
Sonoma,2021-04-28,4934,467264,3233,237903,1501,216554,200,12807,2022,73656,2892,202550,2217,276206,California
Sonoma,2021-04-29,5116,472380,3601,241504,1371,217925,144,12951,1915,72529,3186,205736,2059,278265,California
Sonoma,2021-04-30,5563,477943,3631,245135,1637,219562,295,13246,1831,70940,3714,209450,2125,280390,California
Sonoma,2021-05-01,2521,480464,1788,246923,626,220188,107,13353,1215,70961,1296,210746,1317,281707,California
Sonoma,2021-05-02,872,481336,651,247574,170,220358,51,13404,554,71249,318,211064,606,282313,California
Sonoma,2021-05-03,3268,484604,1686,249260,1430,221788,152,13556,1076,70296,2179,213243,1226,283539,California
Sonoma,2021-05-04,4619,489223,2413,251673,2024,223812,182,13738,1459,68794,3137,216380,1635,285174,California
Sonoma,2021-05-05,3718,492941,2190,253863,1334,225146,194,13932,1324,67933,2377,218757,1516,286690,California
Sonoma,2021-05-06,4597,497538,2422,256285,2048,227194,127,14059,1311,66144,3224,221981,1435,288125,California
Sonoma,2021-05-07,3642,501180,2327,258612,1192,228386,123,14182,1096,64830,2533,224514,1219,289344,California
Sonoma,2021-05-08,1927,503107,1295,259907,540,228926,92,14274,681,64370,1233,225747,773,290117,California
Sonoma,2021-05-09,500,503607,284,260191,175,229101,41,14315,158,64232,337,226084,199,290316,California
Sonoma,2021-05-10,2365,505972,1042,261233,1190,230291,133,14448,297,62609,2050,228134,427,290743,California
Sonoma,2021-05-11,3603,509575,1941,263174,1540,231831,122,14570,882,60911,2702,230836,1004,291747,California
Sonoma,2021-05-12,4076,513651,2497,265671,1427,233258,152,14722,849,58696,3215,234051,1000,292747,California
Sonoma,2021-05-13,4971,518622,2844,268515,1997,235255,130,14852,1662,57190,3296,237347,1790,294537,California
Sonoma,2021-05-14,5847,524469,3606,272121,2104,237359,137,14989,2214,55924,3618,240965,2352,296889,California
Sonoma,2021-05-15,2990,527459,2201,274322,726,238085,63,15052,1873,56751,1109,242074,1936,298825,California
Sonoma,2021-05-16,1351,528810,1133,275455,159,238244,59,15111,996,57456,350,242424,1055,299880,California
Sonoma,2021-05-17,2444,531254,1815,277270,534,238778,95,15206,888,56886,1551,243975,981,300861,California
Sonoma,2021-05-18,4337,535591,2864,280134,1364,240142,109,15315,1465,55606,2853,246828,1573,302434,California
Sonoma,2021-05-19,3875,539466,2420,282554,1340,241482,115,15430,1483,54828,2376,249204,1598,304032,California
Sonoma,2021-05-20,3424,542890,2245,284799,1085,242567,94,15524,1332,54168,2080,251284,1420,305452,California
Sonoma,2021-05-21,4257,547147,2392,287191,1736,244303,129,15653,1504,53056,2730,254014,1618,307070,California
Sonoma,2021-05-22,2346,549493,1287,288478,1019,245322,40,15693,665,52094,1667,255681,705,307775,California
Sonoma,2021-05-23,1500,550993,1220,289698,262,245584,18,15711,773,52163,722,256403,791,308566,California
Sonoma,2021-05-24,2018,553011,1258,290956,628,246212,132,15843,663,51631,1327,257730,795,309361,California
Sonoma,2021-05-25,2944,555955,1801,292757,1055,247267,88,15931,741,50269,2189,259919,827,310188,California
Sonoma,2021-05-26,2489,558444,1733,294490,645,247912,111,16042,1001,49904,1474,261393,1109,311297,California
Sonoma,2021-05-27,2076,560520,1137,295627,842,248754,97,16139,684,49299,1383,262776,778,312075,California
Sonoma,2021-05-28,2185,562705,1126,296753,966,249720,93,16232,620,48458,1554,264330,713,312788,California
Sonoma,2021-05-29,1353,564058,923,297676,362,250082,68,16300,642,48467,701,265031,710,313498,California
Sonoma,2021-05-30,346,564404,213,297889,122,250204,11,16311,138,48413,202,265233,148,313646,California
Sonoma,2021-05-31,70,564474,26,297915,43,250247,1,16312,17,48378,53,265286,18,313664,California
Sonoma,2021-06-01,1942,566416,1113,299028,753,251000,76,16388,696,47913,1233,266519,768,314432,California
Sonoma,2021-06-02,1590,568006,975,300003,499,251499,116,16504,660,47762,925,267444,774,315206,California
Sonoma,2021-06-03,2009,570015,1385,301388,545,252044,79,16583,440,46720,1560,269004,518,315724,California
Sonoma,2021-06-04,2707,572722,2204,303592,396,252440,107,16690,515,45159,2182,271186,621,316345,California
Sonoma,2021-06-05,1818,574540,1493,305085,294,252734,31,16721,275,43927,1538,272724,306,316651,California
Sonoma,2021-06-06,1012,575552,936,306021,67,252801,9,16730,143,43213,866,273590,152,316803,California
Sonoma,2021-06-07,1484,577036,1243,307264,186,252987,55,16785,330,42449,1146,274736,382,317185,California
Sonoma,2021-06-08,1899,578935,1525,308789,326,253313,48,16833,531,41670,1356,276092,577,317762,California
Sonoma,2021-06-09,1648,580583,1360,310149,226,253539,62,16895,387,40872,1247,277339,449,318211,California
Sonoma,2021-06-10,1833,582416,1505,311654,224,253763,104,16999,555,40264,1265,278604,657,318868,California
Sonoma,2021-06-11,1996,584412,1631,313285,273,254036,92,17091,543,39453,1446,280050,635,319503,California
Sonoma,2021-06-12,1128,585540,891,314176,191,254227,46,17137,350,39080,770,280820,397,319900,California
Sonoma,2021-06-13,556,586096,467,314643,70,254297,19,17156,106,38755,449,281269,124,320024,California
Sonoma,2021-06-14,951,587047,678,315321,214,254511,59,17215,343,38557,600,281869,402,320426,California
Sonoma,2021-06-15,1849,588896,1382,316703,359,254870,108,17323,610,38044,1230,283099,717,321143,California
Sonoma,2021-06-16,1577,590473,1215,317918,261,255131,101,17424,501,37575,1069,284168,600,321743,California
Sonoma,2021-06-17,1040,591513,788,318706,172,255303,80,17504,410,37439,625,284793,489,322232,California
Sonoma,2021-06-18,1069,592582,773,319479,194,255497,102,17606,451,37380,609,285402,550,322782,California
Sonoma,2021-06-19,835,593417,690,320169,106,255603,39,17645,275,37136,557,285959,313,323095,California
Sonoma,2021-06-20,242,593659,199,320368,36,255639,7,17652,82,37067,158,286117,89,323184,California
Sonoma,2021-06-21,539,594198,306,320674,156,255795,77,17729,256,37128,271,286388,332,323516,California
Sonoma,2021-06-22,1249,595447,987,321661,171,255966,91,17820,584,37140,660,287048,672,324188,California
Sonoma,2021-06-23,1220,596667,941,322602,195,256161,84,17904,479,36968,735,287783,563,324751,California
Sonoma,2021-06-24,947,597614,634,323236,214,256375,99,18003,419,36965,520,288303,517,325268,California
Sonoma,2021-06-25,1193,598807,915,324151,197,256572,81,18084,518,36908,654,288957,597,325865,California
Sonoma,2021-06-26,688,599495,492,324643,115,256687,81,18165,331,36964,355,289312,411,326276,California
Sonoma,2021-06-27,193,599688,158,324801,24,256711,11,18176,101,36985,91,289403,112,326388,California
Sonoma,2021-06-28,708,600396,569,325370,82,256793,57,18233,309,36952,398,289801,365,326753,California
Sonoma,2021-06-29,937,601333,726,326096,161,256954,50,18283,399,36866,535,290336,449,327202,California
Sonoma,2021-06-30,712,602045,567,326663,113,257067,32,18315,298,36787,408,290744,329,327531,California
Stanislaus,2020-12-15,5,5,5,5,0,0,0,0,5,5,0,0,5,5,California
Stanislaus,2020-12-16,39,44,39,44,0,0,0,0,39,44,0,0,39,44,California
Stanislaus,2020-12-17,74,118,74,118,0,0,0,0,74,118,0,0,74,118,California
Stanislaus,2020-12-18,342,460,336,454,6,6,0,0,342,460,0,0,342,460,California
Stanislaus,2020-12-19,133,593,133,587,0,6,0,0,133,593,0,0,133,593,California
Stanislaus,2020-12-20,87,680,87,674,0,6,0,0,87,680,0,0,87,680,California
Stanislaus,2020-12-21,998,1678,997,1671,1,7,0,0,997,1677,1,1,998,1678,California
Stanislaus,2020-12-22,798,2476,786,2457,12,19,0,0,798,2475,0,1,798,2476,California
Stanislaus,2020-12-23,452,2928,433,2890,19,38,0,0,451,2926,1,2,452,2928,California
Stanislaus,2020-12-24,99,3027,90,2980,9,47,0,0,99,3025,0,2,99,3027,California
Stanislaus,2020-12-26,54,3081,9,2989,45,92,0,0,54,3079,0,2,54,3081,California
Stanislaus,2020-12-27,11,3092,6,2995,5,97,0,0,11,3090,0,2,11,3092,California
Stanislaus,2020-12-28,491,3583,396,3391,95,192,0,0,491,3581,0,2,491,3583,California
Stanislaus,2020-12-29,502,4085,416,3807,86,278,0,0,502,4083,0,2,502,4085,California
Stanislaus,2020-12-30,544,4629,282,4089,262,540,0,0,543,4625,1,3,543,4628,California
Stanislaus,2020-12-31,284,4913,160,4249,124,664,0,0,284,4909,0,3,284,4912,California
Stanislaus,2021-01-01,17,4930,7,4256,10,674,0,0,17,4926,0,3,17,4929,California
Stanislaus,2021-01-02,35,4965,27,4283,8,682,0,0,35,4961,0,3,35,4964,California
Stanislaus,2021-01-03,91,5056,88,4371,3,685,0,0,91,5052,0,3,91,5055,California
Stanislaus,2021-01-04,234,5290,154,4525,80,765,0,0,234,5286,0,3,234,5289,California
Stanislaus,2021-01-05,854,6144,358,4883,496,1261,0,0,827,6096,26,29,836,6125,California
Stanislaus,2021-01-06,1013,7157,607,5490,406,1667,0,0,936,6964,74,103,942,7067,California
Stanislaus,2021-01-07,1084,8241,706,6196,378,2045,0,0,890,7669,189,292,894,7961,California
Stanislaus,2021-01-08,1302,9543,738,6934,564,2609,0,0,953,8283,346,638,960,8921,California
Stanislaus,2021-01-09,291,9834,144,7078,147,2756,0,0,202,8396,89,727,202,9123,California
Stanislaus,2021-01-10,49,9883,22,7100,27,2783,0,0,29,8405,20,747,29,9152,California
Stanislaus,2021-01-11,1514,11397,1227,8327,287,3070,0,0,576,8069,931,1678,595,9747,California
Stanislaus,2021-01-12,1489,12886,871,9198,618,3688,0,0,837,8276,648,2326,855,10602,California
Stanislaus,2021-01-13,1461,14347,694,9892,767,4455,0,0,1129,9090,331,2657,1145,11747,California
Stanislaus,2021-01-14,2270,16617,289,10181,1981,6436,0,0,2074,11060,193,2850,2163,13910,California
Stanislaus,2021-01-15,2864,19481,1178,11359,1686,8122,0,0,2692,13679,167,3017,2786,16696,California
Stanislaus,2021-01-16,473,19954,50,11409,423,8545,0,0,454,14117,18,3035,456,17152,California
Stanislaus,2021-01-17,244,20198,202,11611,42,8587,0,0,237,14348,6,3041,237,17389,California
Stanislaus,2021-01-18,2215,22413,1033,12644,1182,9769,0,0,1812,15847,398,3439,1897,19286,California
Stanislaus,2021-01-19,1276,23689,729,13373,547,10316,0,0,825,16226,447,3886,826,20112,California
Stanislaus,2021-01-20,1035,24724,492,13865,543,10859,0,0,739,16671,294,4180,739,20851,California
Stanislaus,2021-01-21,3737,28461,3000,16865,737,11596,0,0,3382,19830,351,4531,3510,24361,California
Stanislaus,2021-01-22,1123,29584,317,17182,806,12402,0,0,1077,20868,42,4573,1080,25441,California
Stanislaus,2021-01-23,379,29963,43,17225,336,12738,0,0,319,21129,59,4632,320,25761,California
Stanislaus,2021-01-24,317,30280,100,17325,217,12955,0,0,249,21312,68,4700,251,26012,California
Stanislaus,2021-01-25,3205,33485,233,17558,2972,15927,0,0,2850,24014,319,5019,3021,29033,California
Stanislaus,2021-01-26,1756,35241,753,18311,1003,16930,0,0,1306,24898,442,5461,1326,30359,California
Stanislaus,2021-01-27,1947,37188,1074,19385,873,17803,0,0,1222,25448,674,6135,1224,31583,California
Stanislaus,2021-01-28,2245,39433,1533,20918,712,18515,0,0,1735,26755,500,6635,1807,33390,California
Stanislaus,2021-01-29,2498,41931,1222,22140,1276,19791,0,0,1940,28250,504,7139,1999,35389,California
Stanislaus,2021-01-30,300,42231,135,22275,165,19956,0,0,233,28427,56,7195,233,35622,California
Stanislaus,2021-01-31,374,42605,319,22594,55,20011,0,0,357,28770,14,7209,357,35979,California
Stanislaus,2021-02-01,1352,43957,587,23181,765,20776,0,0,986,29405,352,7561,987,36966,California
Stanislaus,2021-02-02,1270,45227,353,23534,917,21693,0,0,826,29803,432,7993,830,37796,California
Stanislaus,2021-02-03,2694,47921,1248,24782,1446,23139,0,0,1985,31100,704,8697,2001,39797,California
Stanislaus,2021-02-04,2138,50059,719,25501,1419,24558,0,0,1614,32212,512,9209,1624,41421,California
Stanislaus,2021-02-05,2904,52963,1493,26994,1411,25969,0,0,1619,32633,1215,10424,1636,43057,California
Stanislaus,2021-02-06,893,53856,302,27296,591,26560,0,0,698,33141,192,10616,700,43757,California
Stanislaus,2021-02-07,234,54090,208,27504,26,26586,0,0,45,33002,185,10801,46,43803,California
Stanislaus,2021-02-08,2090,56180,1357,28861,733,27319,0,0,1133,33251,913,11714,1162,44965,California
Stanislaus,2021-02-09,1876,58056,795,29656,1081,28400,0,0,1067,33550,780,12494,1079,46044,California
Stanislaus,2021-02-10,1985,60041,550,30206,1435,29835,0,0,1050,33695,907,13401,1052,47096,California
Stanislaus,2021-02-11,5461,65502,3292,33498,2169,32004,0,0,1240,30983,3960,17361,1248,48344,California
Stanislaus,2021-02-12,3348,68850,930,34428,2418,34422,0,0,1471,30681,1786,19147,1484,49828,California
Stanislaus,2021-02-13,1388,70238,680,35108,708,35130,0,0,1010,31327,370,19517,1016,50844,California
Stanislaus,2021-02-14,429,70667,173,35281,256,35386,0,0,356,31613,70,19587,356,51200,California
Stanislaus,2021-02-15,1843,72510,234,35515,1609,36995,0,0,592,31080,1130,20717,597,51797,California
Stanislaus,2021-02-16,1386,73896,430,35945,956,37951,0,0,582,30875,790,21507,585,52382,California
Stanislaus,2021-02-17,2807,76703,1724,37669,1083,39034,0,0,1925,31946,873,22380,1944,54326,California
Stanislaus,2021-02-18,3422,80125,1934,39603,1488,40522,0,0,1782,32240,1540,23920,1834,56160,California
Stanislaus,2021-02-19,2841,82966,1119,40722,1722,42244,0,0,1539,32557,1248,25168,1565,57725,California
Stanislaus,2021-02-20,777,83743,396,41118,381,42625,0,0,479,32761,276,25444,480,58205,California
Stanislaus,2021-02-21,918,84661,701,41819,217,42842,0,0,538,32957,354,25798,550,58755,California
Stanislaus,2021-02-22,2385,87046,1709,43528,676,43518,0,0,1635,33864,729,26527,1636,60391,California
Stanislaus,2021-02-23,3775,90821,687,44215,3088,46606,0,0,1731,33749,1858,28385,1743,62134,California
Stanislaus,2021-02-24,4241,95062,2888,47103,1353,47959,0,0,3130,35797,1085,29470,3133,65267,California
Stanislaus,2021-02-25,3997,99059,2750,49853,1247,49206,0,0,3169,38162,807,30277,3172,68439,California
Stanislaus,2021-02-26,4262,103321,1229,51082,3033,52239,0,0,2845,39664,1355,31632,2857,71296,California
Stanislaus,2021-02-27,2119,105440,718,51800,1400,53639,1,1,1881,41340,207,31839,1883,73179,California
Stanislaus,2021-02-28,845,106285,271,52071,574,54213,0,1,786,42080,47,31886,787,73966,California
Stanislaus,2021-03-01,3150,109435,1674,53745,1471,55684,5,6,1670,42337,1429,33315,1686,75652,California
Stanislaus,2021-03-02,2435,111870,1452,55197,982,56666,1,7,1680,43283,737,34052,1683,77335,California
Stanislaus,2021-03-03,3772,115642,2272,57469,1496,58162,4,11,2938,45411,814,34866,2942,80277,California
Stanislaus,2021-03-04,5509,121151,3148,60617,2344,60506,17,28,4230,48417,1237,36103,4243,84520,California
Stanislaus,2021-03-05,4155,125306,1149,61766,2990,63496,16,44,3137,50584,985,37088,3152,87672,California
Stanislaus,2021-03-06,3624,128930,2256,64022,1275,64771,93,137,2761,52583,857,37945,2856,90528,California
Stanislaus,2021-03-07,865,129795,394,64416,434,65205,37,174,670,53101,189,38134,707,91235,California
Stanislaus,2021-03-08,2039,131834,884,65300,1065,66270,90,264,1355,53883,663,38797,1445,92680,California
Stanislaus,2021-03-09,2708,134542,1024,66324,1591,67861,93,357,1654,54595,1039,39836,1751,94431,California
Stanislaus,2021-03-10,5598,140140,2734,69058,2635,70496,229,586,3786,56836,1785,41621,4026,98457,California
Stanislaus,2021-03-11,6217,146357,3392,72450,2344,72840,481,1067,4164,59619,1866,43487,4649,103106,California
Stanislaus,2021-03-12,6335,152692,1378,73828,3029,75869,1928,2995,2953,61148,3348,46835,4877,107983,California
Stanislaus,2021-03-13,3758,156450,2346,76174,1339,77208,73,3068,2840,63159,909,47744,2920,110903,California
Stanislaus,2021-03-14,1009,157459,599,76773,356,77564,54,3122,497,63203,507,48251,551,111454,California
Stanislaus,2021-03-15,3840,161299,1998,78771,1480,79044,362,3484,1664,63159,2076,50327,2032,113486,California
Stanislaus,2021-03-16,5131,166430,2520,81291,2173,81217,438,3922,3684,65857,1421,51748,4119,117605,California
Stanislaus,2021-03-17,4965,171395,2958,84249,1828,83045,179,4101,2993,67100,1933,53681,3176,120781,California
Stanislaus,2021-03-18,5609,177004,3484,87733,2055,85100,70,4171,3066,67855,2386,56067,3141,123922,California
Stanislaus,2021-03-19,6058,183062,1591,89324,2934,88034,1533,5704,3206,69775,2810,58877,4730,128652,California
Stanislaus,2021-03-20,3887,186949,3049,92373,770,88804,68,5772,3391,72761,474,59351,3460,132112,California
Stanislaus,2021-03-21,1027,187976,917,93290,44,88848,66,5838,776,73359,244,59595,842,132954,California
Stanislaus,2021-03-22,3041,191017,1404,94694,904,89752,733,6571,1420,73926,1587,61182,2154,135108,California
Stanislaus,2021-03-23,4155,195172,2122,96816,1768,91520,265,6836,2981,76038,1153,62335,3265,138373,California
Stanislaus,2021-03-24,4738,199910,3304,100120,1355,92875,79,6915,2771,76976,1915,64250,2853,141226,California
Stanislaus,2021-03-25,4445,204355,3025,103145,1404,94279,16,6931,1973,76574,2392,66642,1990,143216,California
Stanislaus,2021-03-26,4960,209315,1424,104569,3462,97741,74,7005,2531,76803,2389,69031,2618,145834,California
Stanislaus,2021-03-27,4473,213788,2788,107357,1601,99342,84,7089,1407,75255,3047,72078,1499,147333,California
Stanislaus,2021-03-28,1127,214915,449,107806,570,99912,108,7197,323,74903,790,72868,438,147771,California
Stanislaus,2021-03-29,3196,218111,1856,109662,1300,101212,40,7237,2170,76104,1015,73883,2216,149987,California
Stanislaus,2021-03-30,3869,221980,2087,111749,1756,102968,26,7263,2393,77064,1465,75348,2425,152412,California
Stanislaus,2021-03-31,5644,227624,3890,115639,1624,104592,130,7393,2939,77456,2681,78029,3073,155485,California
Stanislaus,2021-04-01,5958,233582,3875,119514,1966,106558,117,7510,2755,77166,3173,81202,2883,158368,California
Stanislaus,2021-04-02,5225,238807,1237,120751,3819,110377,169,7679,2379,76979,2746,83948,2559,160927,California
Stanislaus,2021-04-03,4716,243523,3453,124204,1226,111603,37,7716,2257,76840,2446,86394,2307,163234,California
Stanislaus,2021-04-04,1333,244856,478,124682,825,112428,30,7746,654,76859,670,87064,689,163923,California
Stanislaus,2021-04-05,3790,248646,2576,127258,953,113381,261,8007,2458,78261,1321,88385,2723,166646,California
Stanislaus,2021-04-06,5975,254621,4253,131511,1437,114818,285,8292,3222,79038,2736,91121,3513,170159,California
Stanislaus,2021-04-07,6555,261176,3684,135195,2431,117249,440,8732,2905,78764,3627,94748,3353,173512,California
Stanislaus,2021-04-08,5897,267073,3429,138624,2020,119269,448,9180,2907,79165,2956,97704,3357,176869,California
Stanislaus,2021-04-09,5034,272107,2204,140828,2445,121714,385,9565,2302,79162,2701,100405,2698,179567,California
Stanislaus,2021-04-10,6518,278625,4001,144829,877,122591,1640,11205,1998,78301,4493,104898,3632,183199,California
Stanislaus,2021-04-11,1534,280159,859,145688,542,123133,133,11338,666,78236,865,105763,800,183999,California
Stanislaus,2021-04-12,3798,283957,2128,147816,1221,124354,449,11787,1957,78843,1809,107572,2416,186415,California
Stanislaus,2021-04-13,5416,289373,3509,151325,1893,126247,14,11801,2971,79426,2396,109968,2979,189394,California
Stanislaus,2021-04-14,4830,294203,3339,154664,1489,127736,2,11803,2349,79340,2441,112409,2355,191749,California
Stanislaus,2021-04-15,5584,299787,3391,158055,2190,129926,3,11806,3254,80322,2275,114684,3257,195006,California
Stanislaus,2021-04-16,4505,304292,1066,159121,3438,133364,1,11807,1867,79608,2584,117268,1870,196876,California
Stanislaus,2021-04-17,3176,307468,2137,161258,1039,134403,0,11807,1840,80128,1322,118590,1842,198718,California
Stanislaus,2021-04-18,616,308084,297,161555,317,134720,2,11809,433,80388,176,118766,436,199154,California
Stanislaus,2021-04-19,3645,311729,2466,164021,1177,135897,2,11811,1660,80115,1941,120707,1668,200822,California
Stanislaus,2021-04-20,4178,315907,2494,166515,1684,137581,0,11811,1772,79525,2365,123072,1775,202597,California
Stanislaus,2021-04-21,4058,319965,2680,169195,1377,138958,1,11812,1635,78797,2370,125442,1642,204239,California
Stanislaus,2021-04-22,4141,324106,2455,171650,1686,140644,0,11812,1638,77988,2452,127894,1643,205882,California
Stanislaus,2021-04-23,3841,327947,914,172564,2926,143570,1,11813,1568,77393,2171,130065,1576,207458,California
Stanislaus,2021-04-24,3891,331838,2965,175529,926,144496,0,11813,1856,77238,2016,132081,1861,209319,California
Stanislaus,2021-04-25,942,332780,483,176012,459,144955,0,11813,690,77686,246,132327,694,210013,California
Stanislaus,2021-04-26,3670,336450,2443,178455,1221,146176,6,11819,1153,76360,2490,134817,1164,211177,California
Stanislaus,2021-04-27,4306,340756,2886,181341,1372,147548,48,11867,1252,74644,3020,137837,1304,212481,California
Stanislaus,2021-04-28,4600,345356,3158,184499,1380,148928,62,11929,1950,74037,2626,140463,2019,214500,California
Stanislaus,2021-04-29,3981,349337,2442,186941,1491,150419,48,11977,1562,73262,2395,142858,1620,216120,California
Stanislaus,2021-04-30,4825,354162,2153,189094,2588,153007,84,12061,1900,72353,2900,145758,1991,218111,California
Stanislaus,2021-05-01,2738,356900,1937,191031,759,153766,42,12103,1028,71731,1700,147458,1078,219189,California
Stanislaus,2021-05-02,1089,357989,625,191656,425,154191,39,12142,522,71737,561,148019,567,219756,California
Stanislaus,2021-05-03,2576,360565,1999,193655,506,154697,71,12213,978,71208,1582,149601,1053,220809,California
Stanislaus,2021-05-04,3763,364328,2574,196229,1095,155792,94,12307,1175,69912,2574,152175,1278,222087,California
Stanislaus,2021-05-05,3442,367770,2264,198493,1102,156894,76,12383,1198,68966,2223,154398,1277,223364,California
Stanislaus,2021-05-06,3778,371548,2863,201356,791,157685,124,12507,1158,67659,2595,156993,1288,224652,California
Stanislaus,2021-05-07,2595,374143,1041,202397,1392,159077,162,12669,1108,67455,1476,158469,1272,225924,California
Stanislaus,2021-05-08,2020,376163,1405,203802,582,159659,33,12702,751,66995,1251,159720,791,226715,California
Stanislaus,2021-05-09,720,376883,345,204147,349,160008,26,12728,304,66912,414,160134,331,227046,California
Stanislaus,2021-05-10,1816,378699,1153,205300,564,160572,99,12827,491,66191,1313,161447,592,227638,California
Stanislaus,2021-05-11,2532,381231,1578,206878,794,161366,160,12987,752,65339,1769,163216,917,228555,California
Stanislaus,2021-05-12,2409,383640,1369,208247,931,162297,109,13096,937,64930,1457,164673,1048,229603,California
Stanislaus,2021-05-13,2182,385822,1289,209536,773,163070,120,13216,1037,64953,1136,165809,1159,230762,California
Stanislaus,2021-05-14,2786,388608,1258,210794,1390,164460,138,13354,1304,64936,1461,167270,1444,232206,California
Stanislaus,2021-05-15,2496,391104,1778,212572,668,165128,50,13404,1210,64929,1276,168546,1269,233475,California
Stanislaus,2021-05-16,1106,392210,747,213319,351,165479,8,13412,590,65018,513,169059,602,234077,California
Stanislaus,2021-05-17,2060,394270,1391,214710,587,166066,82,13494,995,65043,1059,170118,1084,235161,California
Stanislaus,2021-05-18,2325,396595,1608,216318,602,166668,115,13609,1205,65253,1109,171227,1319,236480,California
Stanislaus,2021-05-19,3132,399727,2151,218469,826,167494,155,13764,1378,65047,1742,172969,1536,238016,California
Stanislaus,2021-05-20,2242,401969,1217,219686,921,168415,104,13868,892,64709,1339,174308,1001,239017,California
Stanislaus,2021-05-21,2500,404469,1222,220908,1180,169595,98,13966,997,64321,1486,175794,1098,240115,California
Stanislaus,2021-05-22,2009,406478,1213,222121,727,170322,69,14035,872,64135,1128,176922,942,241057,California
Stanislaus,2021-05-23,1079,407557,707,222828,356,170678,16,14051,512,64101,562,177484,528,241585,California
Stanislaus,2021-05-24,1833,409390,1274,224102,480,171158,79,14130,728,63812,1102,178586,813,242398,California
Stanislaus,2021-05-25,1812,411202,1237,225339,475,171633,100,14230,860,63828,948,179534,964,243362,California
Stanislaus,2021-05-26,2034,413236,1267,226606,715,172348,52,14282,952,63758,1074,180608,1004,244366,California
Stanislaus,2021-05-27,1782,415018,979,227585,723,173071,80,14362,616,63298,1156,181764,696,245062,California
Stanislaus,2021-05-28,2188,417206,1034,228619,1067,174138,87,14449,943,63089,1239,183003,1030,246092,California
Stanislaus,2021-05-29,1318,418524,849,229468,428,174566,41,14490,590,62998,724,183727,633,246725,California
Stanislaus,2021-05-30,455,418979,273,229741,148,174714,34,14524,209,62999,242,183969,243,246968,California
Stanislaus,2021-05-31,259,419238,122,229863,130,174844,7,14531,97,62941,162,184131,104,247072,California
Stanislaus,2021-06-01,1692,420930,1055,230918,581,175425,56,14587,635,62586,1050,185181,695,247767,California
Stanislaus,2021-06-02,1812,422742,1151,232069,590,176015,71,14658,748,62356,1052,186233,822,248589,California
Stanislaus,2021-06-03,1395,424137,827,232896,520,176535,48,14706,513,62049,870,187103,563,249152,California
Stanislaus,2021-06-04,1914,426051,1149,234045,696,177231,69,14775,721,61658,1185,188288,794,249946,California
Stanislaus,2021-06-05,1571,427622,1220,235265,308,177539,43,14818,513,61163,1052,189340,557,250503,California
Stanislaus,2021-06-06,509,428131,417,235682,83,177622,9,14827,186,61037,322,189662,196,250699,California
Stanislaus,2021-06-07,1612,429743,1232,236914,335,177957,45,14872,605,60688,998,190660,649,251348,California
Stanislaus,2021-06-08,1913,431656,1440,238354,396,178353,77,14949,673,60208,1230,191890,750,252098,California
Stanislaus,2021-06-09,1863,433519,1315,239669,466,178819,82,15031,635,59702,1224,193114,718,252816,California
Stanislaus,2021-06-10,1479,434998,939,240608,476,179295,64,15095,604,59506,866,193980,670,253486,California
Stanislaus,2021-06-11,1486,436484,894,241502,542,179837,50,15145,543,59172,929,194909,595,254081,California
Stanislaus,2021-06-12,1031,437515,751,242253,254,180091,26,15171,379,58934,646,195555,408,254489,California
Stanislaus,2021-06-13,538,438053,397,242650,135,180226,6,15177,168,58743,367,195922,176,254665,California
Stanislaus,2021-06-14,1356,439409,966,243616,368,180594,22,15199,492,58402,856,196778,515,255180,California
Stanislaus,2021-06-15,1582,440991,1141,244757,397,180991,44,15243,532,57935,1045,197823,578,255758,California
Stanislaus,2021-06-16,1934,442925,1390,246147,480,181471,64,15307,774,57617,1156,198979,838,256596,California
Stanislaus,2021-06-17,1150,444075,731,246878,377,181848,42,15349,540,57598,605,199584,586,257182,California
Stanislaus,2021-06-18,1305,445380,796,247674,427,182275,82,15431,520,57422,780,200364,604,257786,California
Stanislaus,2021-06-19,855,446235,628,248302,183,182458,44,15475,372,57360,479,200843,417,258203,California
Stanislaus,2021-06-20,305,446540,213,248515,86,182544,6,15481,138,57338,166,201009,144,258347,California
Stanislaus,2021-06-21,944,447484,538,249053,279,182823,127,15608,479,57486,460,201469,608,258955,California
Stanislaus,2021-06-22,1203,448687,873,249926,261,183084,69,15677,489,57341,706,202175,561,259516,California
Stanislaus,2021-06-23,1227,449914,814,250740,351,183435,62,15739,523,57223,702,202877,584,260100,California
Stanislaus,2021-06-24,947,450861,632,251372,266,183701,49,15788,479,57288,466,203343,531,260631,California
Stanislaus,2021-06-25,1101,451962,713,252085,326,184027,62,15850,468,57188,628,203971,528,261159,California
Stanislaus,2021-06-26,604,452566,459,252544,121,184148,24,15874,279,57168,324,204295,304,261463,California
Stanislaus,2021-06-27,393,452959,298,252842,85,184233,10,15884,201,57188,191,204486,211,261674,California
Stanislaus,2021-06-28,925,453884,724,253566,163,184396,38,15922,405,57113,518,205004,443,262117,California
Stanislaus,2021-06-29,865,454749,682,254248,145,184541,38,15960,352,56994,509,205513,390,262507,California
Stanislaus,2021-06-30,723,455472,480,254728,222,184763,21,15981,337,56972,381,205894,359,262866,California
Sutter,2020-12-15,1,1,1,1,0,0,0,0,1,1,0,0,1,1,California
Sutter,2020-12-16,4,5,4,5,0,0,0,0,4,5,0,0,4,5,California
Sutter,2020-12-17,3,8,3,8,0,0,0,0,3,8,0,0,3,8,California
Sutter,2020-12-18,21,29,21,29,0,0,0,0,21,29,0,0,21,29,California
Sutter,2020-12-19,45,74,45,74,0,0,0,0,45,74,0,0,45,74,California
Sutter,2020-12-20,43,117,43,117,0,0,0,0,43,117,0,0,43,117,California
Sutter,2020-12-21,99,216,99,216,0,0,0,0,99,216,0,0,99,216,California
Sutter,2020-12-22,172,388,172,388,0,0,0,0,172,388,0,0,172,388,California
Sutter,2020-12-23,115,503,110,498,5,5,0,0,115,503,0,0,115,503,California
Sutter,2020-12-24,17,520,11,509,6,11,0,0,17,520,0,0,17,520,California
Sutter,2020-12-26,38,558,34,543,4,15,0,0,38,558,0,0,38,558,California
Sutter,2020-12-27,24,582,23,566,1,16,0,0,24,582,0,0,24,582,California
Sutter,2020-12-28,83,665,55,621,28,44,0,0,83,665,0,0,83,665,California
Sutter,2020-12-29,101,766,14,635,87,131,0,0,101,766,0,0,101,766,California
Sutter,2020-12-30,136,902,33,668,103,234,0,0,136,902,0,0,136,902,California
Sutter,2020-12-31,70,972,6,674,64,298,0,0,70,972,0,0,70,972,California
Sutter,2021-01-01,3,975,3,677,0,298,0,0,3,975,0,0,3,975,California
Sutter,2021-01-02,131,1106,129,806,2,300,0,0,131,1106,0,0,131,1106,California
Sutter,2021-01-03,1,1107,0,806,1,301,0,0,1,1107,0,0,1,1107,California
Sutter,2021-01-04,246,1353,137,943,109,410,0,0,246,1353,0,0,246,1353,California
Sutter,2021-01-05,99,1452,56,999,43,453,0,0,96,1446,3,3,96,1449,California
Sutter,2021-01-06,205,1657,50,1049,155,608,0,0,200,1641,5,8,200,1649,California
Sutter,2021-01-07,251,1908,153,1202,98,706,0,0,241,1873,9,17,241,1890,California
Sutter,2021-01-08,150,2058,40,1242,110,816,0,0,133,1989,17,34,133,2023,California
Sutter,2021-01-09,46,2104,43,1285,3,819,0,0,5,1953,41,75,5,2028,California
Sutter,2021-01-10,394,2498,37,1322,357,1176,0,0,356,2272,37,112,356,2384,California
Sutter,2021-01-11,132,2630,115,1437,17,1193,0,0,25,2190,107,219,25,2409,California
Sutter,2021-01-12,202,2832,165,1602,37,1230,0,0,58,2104,144,363,58,2467,California
Sutter,2021-01-13,163,2995,99,1701,64,1294,0,0,73,2088,89,452,73,2540,California
Sutter,2021-01-14,147,3142,51,1752,96,1390,0,0,127,2195,20,472,127,2667,California
Sutter,2021-01-15,436,3578,131,1883,305,1695,0,0,422,2603,14,486,422,3089,California
Sutter,2021-01-16,385,3963,41,1924,344,2039,0,0,354,2927,30,516,354,3443,California
Sutter,2021-01-17,26,3989,24,1948,2,2041,0,0,10,2921,16,532,10,3453,California
Sutter,2021-01-18,117,4106,62,2010,55,2096,0,0,69,2942,48,580,69,3522,California
Sutter,2021-01-19,107,4213,42,2052,65,2161,0,0,83,3001,24,604,83,3605,California
Sutter,2021-01-20,273,4486,209,2261,64,2225,0,0,251,3230,22,626,251,3856,California
Sutter,2021-01-21,523,5009,352,2613,171,2396,0,0,505,3717,18,644,505,4361,California
Sutter,2021-01-22,240,5249,52,2665,188,2584,0,0,230,3938,9,653,230,4591,California
Sutter,2021-01-23,397,5646,39,2704,358,2942,0,0,371,4283,26,679,371,4962,California
Sutter,2021-01-24,17,5663,15,2719,2,2944,0,0,15,4296,2,681,15,4977,California
Sutter,2021-01-25,305,5968,195,2914,110,3054,0,0,149,4291,155,836,150,5127,California
Sutter,2021-01-26,248,6216,108,3022,140,3194,0,0,144,4332,103,939,144,5271,California
Sutter,2021-01-27,388,6604,256,3278,132,3326,0,0,321,4586,67,1006,321,5592,California
Sutter,2021-01-28,583,7187,359,3637,224,3550,0,0,410,4825,171,1177,410,6002,California
Sutter,2021-01-29,364,7551,88,3725,276,3826,0,0,242,4945,122,1299,242,6244,California
Sutter,2021-01-30,775,8326,38,3763,737,4563,0,0,764,5698,11,1310,764,7008,California
Sutter,2021-01-31,28,8354,27,3790,1,4564,0,0,28,5726,0,1310,28,7036,California
Sutter,2021-02-01,170,8524,53,3843,117,4681,0,0,137,5831,32,1342,137,7173,California
Sutter,2021-02-02,247,8771,27,3870,220,4901,0,0,213,6010,34,1376,213,7386,California
Sutter,2021-02-03,447,9218,40,3910,407,5308,0,0,212,5988,234,1610,212,7598,California
Sutter,2021-02-04,669,9887,365,4275,304,5612,0,0,619,6558,49,1659,619,8217,California
Sutter,2021-02-05,288,10175,32,4307,256,5868,0,0,135,6540,153,1812,135,8352,California
Sutter,2021-02-06,732,10907,28,4335,704,6572,0,0,710,7228,22,1834,710,9062,California
Sutter,2021-02-07,24,10931,20,4355,4,6576,0,0,20,7244,4,1838,20,9082,California
Sutter,2021-02-08,136,11067,31,4386,105,6681,0,0,98,7304,38,1876,98,9180,California
Sutter,2021-02-09,249,11316,46,4432,203,6884,0,0,187,7429,62,1938,187,9367,California
Sutter,2021-02-10,823,12139,385,4817,438,7322,0,0,180,6967,642,2580,180,9547,California
Sutter,2021-02-11,608,12747,275,5092,333,7655,0,0,317,6993,291,2871,317,9864,California
Sutter,2021-02-12,637,13384,69,5161,568,8223,0,0,312,6981,324,3195,312,10176,California
Sutter,2021-02-13,905,14289,48,5209,857,9080,0,0,786,7648,119,3314,786,10962,California
Sutter,2021-02-14,90,14379,25,5234,65,9145,0,0,79,7716,11,3325,79,11041,California
Sutter,2021-02-15,203,14582,72,5306,131,9276,0,0,123,7760,79,3404,123,11164,California
Sutter,2021-02-16,288,14870,44,5350,244,9520,0,0,203,7879,84,3488,203,11367,California
Sutter,2021-02-17,836,15706,436,5786,400,9920,0,0,135,7314,700,4188,135,11502,California
Sutter,2021-02-18,718,16424,58,5844,660,10580,0,0,501,7599,216,4404,501,12003,California
Sutter,2021-02-19,678,17102,387,6231,291,10871,0,0,464,7855,208,4612,464,12467,California
Sutter,2021-02-20,628,17730,56,6287,572,11443,0,0,517,8263,109,4721,517,12984,California
Sutter,2021-02-21,28,17758,27,6314,1,11444,0,0,7,8249,21,4742,7,12991,California
Sutter,2021-02-22,211,17969,124,6438,87,11531,0,0,85,8208,126,4868,85,13076,California
Sutter,2021-02-23,229,18198,34,6472,195,11726,0,0,99,8179,128,4996,99,13175,California
Sutter,2021-02-24,975,19173,350,6822,625,12351,0,0,195,7596,778,5774,195,13370,California
Sutter,2021-02-25,785,19958,497,7319,288,12639,0,0,604,8023,177,5951,604,13974,California
Sutter,2021-02-26,380,20338,61,7380,319,12958,0,0,159,7963,219,6170,159,14133,California
Sutter,2021-02-27,867,21205,47,7427,820,13778,0,0,713,8520,156,6326,713,14846,California
Sutter,2021-02-28,89,21294,43,7470,46,13824,0,0,68,8568,20,6346,68,14914,California
Sutter,2021-03-01,250,21544,62,7532,188,14012,0,0,152,8622,98,6444,152,15066,California
Sutter,2021-03-02,339,21883,59,7591,280,14292,0,0,162,8610,174,6618,162,15228,California
Sutter,2021-03-03,1402,23285,531,8122,871,15163,0,0,660,8535,735,7353,660,15888,California
Sutter,2021-03-04,1251,24536,862,8984,389,15552,0,0,942,9174,303,7656,942,16830,California
Sutter,2021-03-05,340,24876,80,9064,259,15811,1,1,207,9249,133,7789,208,17038,California
Sutter,2021-03-06,1027,25903,46,9110,976,16787,5,6,857,9944,167,7956,862,17900,California
Sutter,2021-03-07,67,25970,23,9133,43,16830,1,7,45,9969,21,7977,46,17946,California
Sutter,2021-03-08,230,26200,82,9215,136,16966,12,19,160,10071,70,8047,172,18118,California
Sutter,2021-03-09,390,26590,138,9353,240,17206,12,31,185,10064,204,8251,197,18315,California
Sutter,2021-03-10,1569,28159,681,10034,827,18033,61,92,521,9610,1036,9287,582,18897,California
Sutter,2021-03-11,893,29052,438,10472,436,18469,19,111,645,10029,245,9532,664,19561,California
Sutter,2021-03-12,678,29730,111,10583,387,18856,180,291,201,9934,474,10006,379,19940,California
Sutter,2021-03-13,990,30720,751,11334,220,19076,19,310,781,10526,207,10213,799,20739,California
Sutter,2021-03-14,131,30851,22,11356,98,19174,11,321,45,10496,86,10299,56,20795,California
Sutter,2021-03-15,322,31173,67,11423,206,19380,49,370,150,10525,170,10469,199,20994,California
Sutter,2021-03-16,390,31563,86,11509,257,19637,47,417,212,10605,178,10647,258,21252,California
Sutter,2021-03-17,1499,33062,562,12071,915,20552,22,439,305,9751,1180,11827,326,21578,California
Sutter,2021-03-18,974,34036,181,12252,589,21141,204,643,566,10117,402,12229,768,22346,California
Sutter,2021-03-19,463,34499,166,12418,268,21409,29,672,282,10249,179,12408,311,22657,California
Sutter,2021-03-20,949,35448,118,12536,820,22229,11,683,858,11028,90,12498,869,23526,California
Sutter,2021-03-21,68,35516,47,12583,18,22247,3,686,33,11029,35,12533,36,23562,California
Sutter,2021-03-22,288,35804,120,12703,142,22389,26,712,211,11191,75,12608,237,23799,California
Sutter,2021-03-23,379,36183,114,12817,232,22621,33,745,253,11352,124,12732,285,24084,California
Sutter,2021-03-24,1688,37871,773,13590,845,23466,70,815,311,10372,1361,14093,381,24465,California
Sutter,2021-03-25,1040,38911,677,14267,320,23786,43,858,365,10110,671,14764,409,24874,California
Sutter,2021-03-26,498,39409,175,14442,306,24092,17,875,295,10224,198,14962,312,25186,California
Sutter,2021-03-27,928,40337,63,14505,863,24955,2,877,812,10927,111,15073,814,26000,California
Sutter,2021-03-28,125,40462,72,14577,53,25008,0,877,77,10958,46,15119,77,26077,California
Sutter,2021-03-29,427,40889,143,14720,228,25236,56,933,223,11035,202,15321,279,26356,California
Sutter,2021-03-30,480,41369,161,14881,309,25545,10,943,317,11199,163,15484,327,26683,California
Sutter,2021-03-31,1258,42627,177,15058,1065,26610,16,959,443,10856,801,16285,458,27141,California
Sutter,2021-04-01,1386,44013,741,15799,460,27070,185,1144,429,10523,946,17231,613,27754,California
Sutter,2021-04-02,514,44527,101,15900,295,27365,118,1262,201,10529,310,17541,316,28070,California
Sutter,2021-04-03,910,45437,77,15977,211,27576,622,1884,122,10489,783,18324,743,28813,California
Sutter,2021-04-04,118,45555,22,15999,90,27666,6,1890,54,10486,63,18387,60,28873,California
Sutter,2021-04-05,371,45926,145,16144,189,27855,37,1927,172,10505,196,18583,215,29088,California
Sutter,2021-04-06,511,46437,199,16343,256,28111,56,1983,270,10595,239,18822,329,29417,California
Sutter,2021-04-07,1482,47919,887,17230,521,28632,74,2057,606,10412,866,19688,683,30100,California
Sutter,2021-04-08,1062,48981,583,17813,364,28996,115,2172,573,10623,483,20171,694,30794,California
Sutter,2021-04-09,570,49551,250,18063,255,29251,65,2237,236,10596,329,20500,302,31096,California
Sutter,2021-04-10,829,50380,111,18174,88,29339,630,2867,110,10613,713,21213,730,31826,California
Sutter,2021-04-11,120,50500,33,18207,40,29379,47,2914,38,10615,82,21295,84,31910,California
Sutter,2021-04-12,344,50844,94,18301,196,29575,54,2968,140,10607,202,21497,194,32104,California
Sutter,2021-04-13,432,51276,126,18427,306,29881,0,2968,214,10606,216,21713,215,32319,California
Sutter,2021-04-14,1327,52603,162,18589,1164,31045,1,2969,224,9736,1095,22808,225,32544,California
Sutter,2021-04-15,542,53145,173,18762,369,31414,0,2969,219,9635,320,23128,219,32763,California
Sutter,2021-04-16,408,53553,129,18891,279,31693,0,2969,189,9607,217,23345,189,32952,California
Sutter,2021-04-17,581,54134,82,18973,499,32192,0,2969,509,10045,71,23416,509,33461,California
Sutter,2021-04-18,93,54227,34,19007,59,32251,0,2969,59,10072,32,23448,59,33520,California
Sutter,2021-04-19,294,54521,113,19120,181,32432,0,2969,123,10026,169,23617,123,33643,California
Sutter,2021-04-20,466,54987,182,19302,284,32716,0,2969,224,10011,239,23856,224,33867,California
Sutter,2021-04-21,1312,56299,503,19805,809,33525,0,2969,514,9741,784,24640,514,34381,California
Sutter,2021-04-22,528,56827,194,19999,334,33859,0,2969,259,9734,266,24906,259,34640,California
Sutter,2021-04-23,439,57266,154,20153,285,34144,0,2969,200,9699,235,25141,200,34840,California
Sutter,2021-04-24,326,57592,107,20260,218,34362,1,2970,185,9744,140,25281,185,35025,California
Sutter,2021-04-25,159,57751,75,20335,84,34446,0,2970,86,9759,71,25352,86,35111,California
Sutter,2021-04-26,320,58071,105,20440,213,34659,2,2972,135,9713,183,25535,137,35248,California
Sutter,2021-04-27,560,58631,286,20726,270,34929,4,2976,256,9674,299,25834,260,35508,California
Sutter,2021-04-28,861,59492,386,21112,467,35396,8,2984,284,9396,570,26404,292,35800,California
Sutter,2021-04-29,805,60297,166,21278,638,36034,1,2985,325,9248,474,26878,326,36126,California
Sutter,2021-04-30,395,60692,144,21422,238,36272,13,2998,173,9216,217,27095,185,36311,California
Sutter,2021-05-01,301,60993,109,21531,151,36423,41,3039,130,9219,168,27263,171,36482,California
Sutter,2021-05-02,81,61074,54,21585,25,36448,2,3041,45,9230,36,27299,47,36529,California
Sutter,2021-05-03,219,61293,111,21696,99,36547,9,3050,89,9198,130,27429,98,36627,California
Sutter,2021-05-04,557,61850,254,21950,239,36786,64,3114,228,9163,326,27755,291,36918,California
Sutter,2021-05-05,565,62415,174,22124,383,37169,8,3122,164,8940,395,28150,172,37090,California
Sutter,2021-05-06,437,62852,234,22358,182,37351,21,3143,197,8918,239,28389,217,37307,California
Sutter,2021-05-07,427,63279,160,22518,245,37596,22,3165,163,8844,259,28648,185,37492,California
Sutter,2021-05-08,240,63519,94,22612,140,37736,6,3171,115,8840,125,28773,121,37613,California
Sutter,2021-05-09,107,63626,79,22691,23,37759,5,3176,62,8862,45,28818,67,37680,California
Sutter,2021-05-10,193,63819,44,22735,130,37889,19,3195,50,8790,141,28959,69,37749,California
Sutter,2021-05-11,471,64290,237,22972,213,38102,21,3216,191,8725,275,29234,210,37959,California
Sutter,2021-05-12,464,64754,262,23234,191,38293,11,3227,156,8588,304,29538,167,38126,California
Sutter,2021-05-13,490,65244,262,23496,206,38499,22,3249,190,8501,299,29837,212,38338,California
Sutter,2021-05-14,442,65686,189,23685,237,38736,16,3265,204,8488,233,30070,220,38558,California
Sutter,2021-05-15,850,66536,316,24001,503,39239,31,3296,310,8291,538,30608,341,38899,California
Sutter,2021-05-16,172,66708,118,24119,46,39285,8,3304,93,8314,78,30686,101,39000,California
Sutter,2021-05-17,291,66999,116,24235,161,39446,14,3318,149,8337,140,30826,163,39163,California
Sutter,2021-05-18,553,67552,313,24548,236,39682,4,3322,299,8389,251,31077,303,39466,California
Sutter,2021-05-19,462,68014,264,24812,191,39873,7,3329,222,8381,237,31314,229,39695,California
Sutter,2021-05-20,458,68472,238,25050,208,40081,12,3341,214,8367,240,31554,226,39921,California
Sutter,2021-05-21,489,68961,222,25272,255,40336,12,3353,210,8313,275,31829,221,40142,California
Sutter,2021-05-22,370,69331,206,25478,161,40497,3,3356,184,8318,181,32010,186,40328,California
Sutter,2021-05-23,191,69522,95,25573,87,40584,9,3365,92,8326,93,32103,101,40429,California
Sutter,2021-05-24,241,69763,91,25664,127,40711,23,3388,97,8305,141,32244,120,40549,California
Sutter,2021-05-25,402,70165,197,25861,192,40903,13,3401,165,8252,230,32474,177,40726,California
Sutter,2021-05-26,323,70488,157,26018,157,41060,9,3410,112,8167,206,32680,121,40847,California
Sutter,2021-05-27,433,70921,116,26134,298,41358,19,3429,121,7999,308,32988,140,40987,California
Sutter,2021-05-28,339,71260,165,26299,157,41515,17,3446,169,8020,165,33153,186,41173,California
Sutter,2021-05-29,253,71513,119,26418,119,41634,15,3461,131,8048,118,33271,146,41319,California
Sutter,2021-05-30,84,71597,61,26479,20,41654,3,3464,39,8046,44,33315,42,41361,California
Sutter,2021-05-31,21,71618,3,26482,14,41668,4,3468,7,8043,14,33329,11,41372,California
Sutter,2021-06-01,311,71929,134,26616,169,41837,8,3476,116,7973,194,33523,124,41496,California
Sutter,2021-06-02,282,72211,120,26736,156,41993,6,3482,97,7897,179,33702,103,41599,California
Sutter,2021-06-03,342,72553,223,26959,109,42102,10,3492,115,7801,221,33923,125,41724,California
Sutter,2021-06-04,343,72896,198,27157,138,42240,7,3499,119,7708,219,34142,126,41850,California
Sutter,2021-06-05,436,73332,366,27523,66,42306,4,3503,150,7581,281,34423,154,42004,California
Sutter,2021-06-06,134,73466,115,27638,16,42322,3,3506,44,7540,88,34511,47,42051,California
Sutter,2021-06-07,163,73629,105,27743,49,42371,9,3515,56,7499,106,34617,65,42116,California
Sutter,2021-06-08,368,73997,207,27950,149,42520,12,3527,157,7460,208,34825,169,42285,California
Sutter,2021-06-09,368,74365,235,28185,128,42648,5,3532,129,7357,237,35062,134,42419,California
Sutter,2021-06-10,383,74748,276,28461,97,42745,10,3542,149,7286,230,35292,159,42578,California
Sutter,2021-06-11,338,75086,216,28677,116,42861,6,3548,115,7187,219,35511,120,42698,California
Sutter,2021-06-12,244,75330,171,28848,58,42919,15,3563,69,7096,175,35686,84,42782,California
Sutter,2021-06-13,83,75413,65,28913,17,42936,1,3564,22,7059,60,35746,23,42805,California
Sutter,2021-06-14,190,75603,111,29024,68,43004,11,3575,74,7030,114,35860,85,42890,California
Sutter,2021-06-15,283,75886,153,29177,117,43121,13,3588,101,6964,180,36040,114,43004,California
Sutter,2021-06-16,221,76107,142,29319,70,43191,9,3597,107,6966,114,36154,116,43120,California
Sutter,2021-06-17,281,76388,171,29490,104,43295,6,3603,121,6935,158,36312,127,43247,California
Sutter,2021-06-18,267,76655,172,29662,80,43375,15,3618,94,6875,169,36481,109,43356,California
Sutter,2021-06-19,208,76863,139,29801,65,43440,4,3622,59,6791,147,36628,63,43419,California
Sutter,2021-06-20,70,76933,49,29850,19,43459,2,3624,31,6785,39,36667,33,43452,California
Sutter,2021-06-21,113,77046,54,29904,47,43506,12,3636,51,6788,60,36727,63,43515,California
Sutter,2021-06-22,222,77268,128,30032,91,43597,3,3639,86,6743,134,36861,89,43604,California
Sutter,2021-06-23,185,77453,108,30140,69,43666,8,3647,77,6719,108,36969,84,43688,California
Sutter,2021-06-24,226,77679,152,30292,66,43732,8,3655,95,6691,131,37100,103,43791,California
Sutter,2021-06-25,225,77904,146,30438,73,43805,6,3661,89,6654,132,37232,95,43886,California
Sutter,2021-06-26,217,78121,176,30614,36,43841,5,3666,74,6593,141,37373,80,43966,California
Sutter,2021-06-27,78,78199,65,30679,12,43853,1,3667,29,6575,48,37421,30,43996,California
Sutter,2021-06-28,121,78320,75,30754,40,43893,6,3673,61,6583,59,37480,67,44063,California
Sutter,2021-06-29,191,78511,117,30871,67,43960,7,3680,77,6555,112,37592,84,44147,California
Sutter,2021-06-30,80,78591,26,30897,48,44008,6,3686,23,6527,57,37649,29,44176,California
Tehama,2020-12-15,1,1,1,1,0,0,0,0,1,1,0,0,1,1,California
Tehama,2020-12-16,2,3,2,3,0,0,0,0,2,3,0,0,2,3,California
Tehama,2020-12-17,12,15,12,15,0,0,0,0,12,15,0,0,12,15,California
Tehama,2020-12-18,2,17,2,17,0,0,0,0,3,18,0,0,3,18,California
Tehama,2020-12-21,33,50,33,50,0,0,0,0,33,51,0,0,33,51,California
Tehama,2020-12-22,69,119,63,113,6,6,0,0,69,120,0,0,69,120,California
Tehama,2020-12-23,48,167,40,153,8,14,0,0,48,168,0,0,48,168,California
Tehama,2020-12-24,5,172,3,156,2,16,0,0,5,173,0,0,5,173,California
Tehama,2020-12-26,3,175,2,158,1,17,0,0,3,176,0,0,3,176,California
Tehama,2020-12-27,2,177,2,160,0,17,0,0,2,178,0,0,2,178,California
Tehama,2020-12-28,56,233,43,203,13,30,0,0,56,234,0,0,56,234,California
Tehama,2020-12-29,31,264,31,234,0,30,0,0,31,265,0,0,31,265,California
Tehama,2020-12-30,55,319,39,273,16,46,0,0,54,319,0,0,54,319,California
Tehama,2020-12-31,14,333,4,277,10,56,0,0,14,333,0,0,14,333,California
Tehama,2021-01-01,3,336,0,277,3,59,0,0,3,336,0,0,3,336,California
Tehama,2021-01-04,32,368,9,286,23,82,0,0,32,368,0,0,32,368,California
Tehama,2021-01-05,70,438,43,329,27,109,0,0,67,432,3,3,67,435,California
Tehama,2021-01-06,71,509,21,350,50,159,0,0,62,486,8,11,62,497,California
Tehama,2021-01-07,57,566,7,357,50,209,0,0,56,541,1,12,56,553,California
Tehama,2021-01-08,34,600,25,382,9,218,0,0,29,565,5,17,29,582,California
Tehama,2021-01-09,7,607,5,387,2,220,0,0,5,568,2,19,5,587,California
Tehama,2021-01-10,1,608,0,387,1,221,0,0,1,569,0,19,1,588,California
Tehama,2021-01-11,48,656,46,433,2,223,0,0,15,551,33,52,15,603,California
Tehama,2021-01-12,132,788,112,545,20,243,0,0,86,591,46,98,86,689,California
Tehama,2021-01-13,73,861,55,600,18,261,0,0,27,572,46,144,27,716,California
Tehama,2021-01-14,223,1084,50,650,173,434,0,0,221,791,2,146,221,937,California
Tehama,2021-01-15,250,1334,75,725,175,609,0,0,246,1033,4,150,246,1183,California
Tehama,2021-01-16,264,1598,19,744,245,854,0,0,261,1291,3,153,261,1444,California
Tehama,2021-01-17,7,1605,3,747,4,858,0,0,4,1292,3,156,4,1448,California
Tehama,2021-01-18,11,1616,6,753,5,863,0,0,6,1293,5,161,6,1454,California
Tehama,2021-01-19,293,1909,66,819,227,1090,0,0,238,1476,55,216,238,1692,California
Tehama,2021-01-20,303,2212,87,906,216,1306,0,0,253,1680,49,265,253,1945,California
Tehama,2021-01-21,214,2426,11,917,203,1509,0,0,204,1874,10,275,204,2149,California
Tehama,2021-01-22,224,2650,21,938,203,1712,0,0,221,2092,3,278,221,2370,California
Tehama,2021-01-23,257,2907,7,945,250,1962,0,0,256,2347,1,279,256,2626,California
Tehama,2021-01-24,2,2909,1,946,1,1963,0,0,2,2349,0,279,2,2628,California
Tehama,2021-01-25,33,2942,15,961,18,1981,0,0,15,2346,18,297,15,2643,California
Tehama,2021-01-26,322,3264,42,1003,280,2261,0,0,285,2594,37,334,285,2928,California
Tehama,2021-01-27,300,3564,21,1024,279,2540,0,0,280,2854,20,354,280,3208,California
Tehama,2021-01-28,343,3907,31,1055,312,2852,0,0,328,3167,15,369,328,3536,California
Tehama,2021-01-29,323,4230,20,1075,303,3155,0,0,305,3454,18,387,305,3841,California
Tehama,2021-01-30,102,4332,2,1077,100,3255,0,0,101,3554,1,388,101,3942,California
Tehama,2021-01-31,1,4333,0,1077,1,3256,0,0,1,3555,0,388,1,3943,California
Tehama,2021-02-01,79,4412,23,1100,56,3312,0,0,36,3548,43,431,36,3979,California
Tehama,2021-02-02,360,4772,64,1164,296,3608,0,0,262,3712,98,529,262,4241,California
Tehama,2021-02-03,401,5173,12,1176,389,3997,0,0,357,4025,44,573,357,4598,California
Tehama,2021-02-04,498,5671,99,1275,399,4396,0,0,417,4362,81,654,418,5016,California
Tehama,2021-02-05,180,5851,73,1348,107,4503,0,0,118,4418,62,716,118,5134,California
Tehama,2021-02-06,29,5880,14,1362,15,4518,0,0,17,4423,12,728,17,5151,California
Tehama,2021-02-07,6,5886,5,1367,1,4519,0,0,2,4422,3,731,2,5153,California
Tehama,2021-02-08,35,5921,13,1380,22,4541,0,0,26,4439,9,740,26,5179,California
Tehama,2021-02-09,79,6000,35,1415,44,4585,0,0,44,4448,35,775,44,5223,California
Tehama,2021-02-10,233,6233,63,1478,170,4755,0,0,157,4529,76,851,157,5380,California
Tehama,2021-02-11,220,6453,15,1493,205,4960,0,0,82,4475,136,987,82,5462,California
Tehama,2021-02-12,364,6817,66,1559,298,5258,0,0,172,4455,192,1179,172,5634,California
Tehama,2021-02-13,385,7202,14,1573,371,5629,0,0,145,4360,240,1419,145,5779,California
Tehama,2021-02-14,38,7240,2,1575,36,5665,0,0,36,4394,2,1421,36,5815,California
Tehama,2021-02-15,53,7293,10,1585,43,5708,0,0,47,4435,6,1427,47,5862,California
Tehama,2021-02-16,248,7541,16,1601,232,5940,0,0,64,4315,184,1611,64,5926,California
Tehama,2021-02-17,283,7824,12,1613,271,6211,0,0,54,4140,229,1840,54,5980,California
Tehama,2021-02-18,371,8195,32,1645,339,6550,0,0,145,4059,226,2066,145,6125,California
Tehama,2021-02-19,215,8410,18,1663,197,6747,0,0,43,3930,172,2238,43,6168,California
Tehama,2021-02-20,271,8681,7,1670,264,7011,0,0,27,3713,244,2482,27,6195,California
Tehama,2021-02-21,2,8683,1,1671,1,7012,0,0,1,3713,1,2483,1,6196,California
Tehama,2021-02-22,41,8724,16,1687,25,7037,0,0,28,3728,13,2496,28,6224,California
Tehama,2021-02-23,71,8795,20,1707,51,7088,0,0,27,3711,44,2540,27,6251,California
Tehama,2021-02-24,304,9099,13,1720,291,7379,0,0,29,3465,275,2815,29,6280,California
Tehama,2021-02-25,381,9480,61,1781,320,7699,0,0,41,3166,340,3155,41,6321,California
Tehama,2021-02-26,461,9941,19,1800,442,8141,0,0,71,2847,390,3545,71,6392,California
Tehama,2021-02-27,296,10237,5,1805,291,8432,0,0,34,2619,262,3807,34,6426,California
Tehama,2021-02-28,23,10260,2,1807,21,8453,0,0,20,2636,3,3810,20,6446,California
Tehama,2021-03-01,67,10327,8,1815,59,8512,0,0,33,2635,34,3844,33,6479,California
Tehama,2021-03-02,155,10482,18,1833,137,8649,0,0,31,2542,124,3968,31,6510,California
Tehama,2021-03-03,165,10647,32,1865,133,8782,0,0,50,2477,115,4083,50,6560,California
Tehama,2021-03-04,659,11306,37,1902,622,9404,0,0,224,2273,428,4511,224,6784,California
Tehama,2021-03-05,403,11709,20,1922,383,9787,0,0,215,2301,187,4698,215,6999,California
Tehama,2021-03-06,303,12012,15,1937,288,10075,0,0,80,2160,222,4920,81,7080,California
Tehama,2021-03-07,6,12018,1,1938,5,10080,0,0,3,2161,2,4922,3,7083,California
Tehama,2021-03-08,57,12075,12,1950,30,10110,15,15,26,2172,30,4952,41,7124,California
Tehama,2021-03-09,367,12442,8,1958,340,10450,19,34,312,2448,55,5007,331,7455,California
Tehama,2021-03-10,356,12798,17,1975,318,10768,21,55,73,2260,282,5289,94,7549,California
Tehama,2021-03-11,496,13294,18,1993,429,11197,49,104,348,2509,148,5437,397,7946,California
Tehama,2021-03-12,307,13601,20,2013,222,11419,65,169,179,2626,127,5564,244,8190,California
Tehama,2021-03-13,49,13650,8,2021,34,11453,7,176,6,2596,43,5607,13,8203,California
Tehama,2021-03-14,53,13703,3,2024,40,11493,10,186,9,2571,44,5651,19,8222,California
Tehama,2021-03-15,154,13857,22,2046,112,11605,20,206,84,2605,70,5721,104,8326,California
Tehama,2021-03-16,419,14276,14,2060,367,11972,38,244,315,2855,103,5824,353,8679,California
Tehama,2021-03-17,434,14710,22,2082,380,12352,32,276,351,3157,81,5905,383,9062,California
Tehama,2021-03-18,486,15196,26,2108,436,12788,24,300,307,3311,177,6082,331,9393,California
Tehama,2021-03-19,318,15514,22,2130,283,13071,13,313,276,3558,42,6124,289,9682,California
Tehama,2021-03-20,41,15555,8,2138,31,13102,2,315,29,3577,12,6136,31,9713,California
Tehama,2021-03-21,12,15567,5,2143,7,13109,0,315,12,3589,0,6136,12,9725,California
Tehama,2021-03-22,92,15659,8,2151,67,13176,17,332,50,3614,42,6178,67,9792,California
Tehama,2021-03-23,88,15747,28,2179,54,13230,6,338,70,3672,18,6196,76,9868,California
Tehama,2021-03-24,86,15833,16,2195,68,13298,2,340,55,3698,31,6227,57,9925,California
Tehama,2021-03-25,539,16372,363,2558,163,13461,13,353,482,4137,56,6283,495,10420,California
Tehama,2021-03-26,514,16886,403,2961,99,13560,12,365,434,4506,77,6360,446,10866,California
Tehama,2021-03-27,452,17338,356,3317,71,13631,25,390,383,4846,68,6428,408,11274,California
Tehama,2021-03-28,31,17369,10,3327,21,13652,0,390,19,4853,12,6440,19,11293,California
Tehama,2021-03-29,127,17496,32,3359,94,13746,1,391,81,4888,46,6486,81,11374,California
Tehama,2021-03-30,374,17870,222,3581,150,13896,2,393,253,5022,121,6607,255,11629,California
Tehama,2021-03-31,400,18270,298,3879,99,13995,3,396,327,5279,72,6679,329,11958,California
Tehama,2021-04-01,528,18798,247,4126,275,14270,6,402,395,5548,132,6811,401,12359,California
Tehama,2021-04-02,458,19256,216,4342,237,14507,5,407,273,5640,185,6996,277,12636,California
Tehama,2021-04-03,62,19318,4,4346,53,14560,5,412,31,5645,31,7027,36,12672,California
Tehama,2021-04-04,35,19353,7,4353,27,14587,1,413,23,5657,12,7039,24,12696,California
Tehama,2021-04-05,118,19471,21,4374,69,14656,28,441,61,5689,57,7096,89,12785,California
Tehama,2021-04-06,492,19963,109,4483,332,14988,51,492,137,5522,355,7451,188,12973,California
Tehama,2021-04-07,417,20380,284,4767,90,15078,43,535,304,5756,112,7563,346,13319,California
Tehama,2021-04-08,609,20989,175,4942,394,15472,40,575,231,5650,377,7940,271,13590,California
Tehama,2021-04-09,431,21420,193,5135,204,15676,34,609,215,5684,215,8155,249,13839,California
Tehama,2021-04-10,79,21499,9,5144,38,15714,32,641,40,5717,39,8194,72,13911,California
Tehama,2021-04-11,33,21532,7,5151,15,15729,11,652,8,5711,25,8219,19,13930,California
Tehama,2021-04-12,112,21644,6,5157,87,15816,19,671,40,5698,72,8291,59,13989,California
Tehama,2021-04-13,390,22034,66,5223,324,16140,0,671,67,5442,323,8614,67,14056,California
Tehama,2021-04-14,408,22442,54,5277,354,16494,0,671,51,5138,355,8969,51,14107,California
Tehama,2021-04-15,518,22960,193,5470,325,16819,0,671,81,4783,436,9405,81,14188,California
Tehama,2021-04-16,598,23558,342,5812,256,17075,0,671,75,4335,523,9928,75,14263,California
Tehama,2021-04-17,349,23907,269,6081,80,17155,0,671,41,4070,307,10235,42,14305,California
Tehama,2021-04-18,17,23924,3,6084,14,17169,0,671,14,4081,3,10238,14,14319,California
Tehama,2021-04-19,97,24021,8,6092,89,17258,0,671,41,4066,56,10294,41,14360,California
Tehama,2021-04-20,528,24549,435,6527,93,17351,0,671,152,3847,373,10667,154,14514,California
Tehama,2021-04-21,512,25061,434,6961,78,17429,0,671,170,3677,340,11007,170,14684,California
Tehama,2021-04-22,527,25588,366,7327,161,17590,0,671,157,3467,367,11374,157,14841,California
Tehama,2021-04-23,454,26042,351,7678,103,17693,0,671,204,3423,249,11623,205,15046,California
Tehama,2021-04-24,104,26146,18,7696,86,17779,0,671,27,3373,77,11700,27,15073,California
Tehama,2021-04-25,29,26175,18,7714,11,17790,0,671,9,3363,19,11719,9,15082,California
Tehama,2021-04-26,87,26262,12,7726,75,17865,0,671,47,3370,40,11759,47,15129,California
Tehama,2021-04-27,257,26519,209,7935,47,17912,1,672,95,3304,162,11921,96,15225,California
Tehama,2021-04-28,404,26923,324,8259,63,17975,17,689,71,3059,333,12254,88,15313,California
Tehama,2021-04-29,360,27283,173,8432,181,18156,6,695,72,2850,287,12541,78,15391,California
Tehama,2021-04-30,327,27610,240,8672,81,18237,6,701,113,2755,214,12755,119,15510,California
Tehama,2021-05-01,74,27684,4,8676,67,18304,3,704,16,2716,58,12813,19,15529,California
Tehama,2021-05-02,44,27728,22,8698,10,18314,12,716,24,2732,20,12833,36,15565,California
Tehama,2021-05-03,119,27847,40,8738,71,18385,8,724,64,2749,55,12888,72,15637,California
Tehama,2021-05-04,164,28011,59,8797,98,18483,7,731,71,2734,93,12981,78,15715,California
Tehama,2021-05-05,95,28106,26,8823,59,18542,10,741,44,2737,51,13032,54,15769,California
Tehama,2021-05-06,169,28275,94,8917,60,18602,15,756,103,2789,66,13098,118,15887,California
Tehama,2021-05-07,178,28453,73,8990,94,18696,11,767,52,2728,124,13222,63,15950,California
Tehama,2021-05-08,50,28503,6,8996,43,18739,1,768,14,2707,36,13258,15,15965,California
Tehama,2021-05-09,17,28520,4,9000,13,18752,0,768,7,2704,10,13268,7,15972,California
Tehama,2021-05-10,80,28600,8,9008,66,18818,6,774,39,2708,40,13308,44,16016,California
Tehama,2021-05-11,175,28775,116,9124,49,18867,10,784,37,2617,138,13446,47,16063,California
Tehama,2021-05-12,213,28988,133,9257,69,18936,11,795,48,2511,165,13611,59,16122,California
Tehama,2021-05-13,249,29237,168,9425,73,19009,8,803,114,2499,134,13745,122,16244,California
Tehama,2021-05-14,248,29485,134,9559,93,19102,21,824,59,2391,188,13933,80,16324,California
Tehama,2021-05-15,225,29710,135,9694,54,19156,36,860,161,2525,63,13996,197,16521,California
Tehama,2021-05-16,27,29737,7,9701,17,19173,3,863,15,2531,12,14008,18,16539,California
Tehama,2021-05-17,113,29850,29,9730,69,19242,15,878,54,2542,58,14066,69,16608,California
Tehama,2021-05-18,153,30003,78,9808,60,19302,15,893,50,2506,101,14167,65,16673,California
Tehama,2021-05-19,127,30130,54,9862,63,19365,10,903,41,2471,86,14253,51,16724,California
Tehama,2021-05-20,335,30465,243,10105,69,19434,23,926,231,2622,103,14356,254,16978,California
Tehama,2021-05-21,222,30687,99,10204,110,19544,13,939,79,2573,141,14497,92,17070,California
Tehama,2021-05-22,66,30753,32,10236,30,19574,4,943,38,2587,28,14525,42,17112,California
Tehama,2021-05-23,50,30803,25,10261,14,19588,11,954,14,2576,36,14561,25,17137,California
Tehama,2021-05-24,99,30902,31,10292,60,19648,8,962,34,2553,65,14626,42,17179,California
Tehama,2021-05-25,77,30979,20,10312,49,19697,8,970,47,2578,29,14655,54,17233,California
Tehama,2021-05-26,80,31059,31,10343,46,19743,3,973,52,2606,27,14682,55,17288,California
Tehama,2021-05-27,156,31215,98,10441,54,19797,4,977,51,2558,103,14785,55,17343,California
Tehama,2021-05-28,136,31351,37,10478,92,19889,7,984,65,2560,70,14855,72,17415,California
Tehama,2021-05-29,53,31404,8,10486,40,19929,5,989,34,2580,19,14874,39,17454,California
Tehama,2021-05-30,15,31419,5,10491,9,19938,1,990,6,2578,9,14883,7,17461,California
Tehama,2021-05-31,18,31437,2,10493,15,19953,1,991,5,2571,13,14896,6,17467,California
Tehama,2021-06-01,100,31537,18,10511,64,20017,18,1009,32,2553,68,14964,50,17517,California
Tehama,2021-06-02,88,31625,30,10541,53,20070,5,1014,32,2534,56,15020,37,17554,California
Tehama,2021-06-03,136,31761,102,10643,23,20093,11,1025,29,2467,107,15127,40,17594,California
Tehama,2021-06-04,145,31906,38,10681,93,20186,14,1039,63,2461,81,15208,75,17669,California
Tehama,2021-06-05,158,32064,128,10809,22,20208,8,1047,31,2374,126,15334,39,17708,California
Tehama,2021-06-06,15,32079,7,10816,2,20210,6,1053,2,2369,12,15346,7,17715,California
Tehama,2021-06-07,68,32147,27,10843,39,20249,2,1055,18,2339,50,15396,20,17735,California
Tehama,2021-06-08,103,32250,34,10877,60,20309,9,1064,37,2320,65,15461,46,17781,California
Tehama,2021-06-09,87,32337,43,10920,42,20351,2,1066,43,2321,44,15505,45,17826,California
Tehama,2021-06-10,268,32605,217,11137,41,20392,10,1076,38,2141,228,15733,48,17874,California
Tehama,2021-06-11,148,32753,66,11203,73,20465,9,1085,55,2115,90,15823,64,17938,California
Tehama,2021-06-12,62,32815,39,11242,23,20488,0,1085,24,2101,38,15861,24,17962,California
Tehama,2021-06-13,22,32837,6,11248,10,20498,6,1091,5,2095,17,15878,11,17973,California
Tehama,2021-06-14,92,32929,16,11264,69,20567,7,1098,26,2062,66,15944,33,18006,California
Tehama,2021-06-15,97,33026,43,11307,39,20606,15,1113,37,2055,59,16003,52,18058,California
Tehama,2021-06-16,93,33119,62,11369,28,20634,3,1116,47,2059,46,16049,50,18108,California
Tehama,2021-06-17,153,33272,109,11478,29,20663,15,1131,88,2098,63,16112,102,18210,California
Tehama,2021-06-18,108,33380,42,11520,52,20715,14,1145,36,2076,72,16184,50,18260,California
Tehama,2021-06-19,40,33420,14,11534,21,20736,5,1150,17,2075,23,16207,22,18282,California
Tehama,2021-06-20,16,33436,5,11539,10,20746,1,1151,6,2072,10,16217,7,18289,California
Tehama,2021-06-21,64,33500,19,11558,37,20783,8,1159,23,2062,41,16258,31,18320,California
Tehama,2021-06-22,81,33581,25,11583,42,20825,14,1173,34,2064,46,16304,48,18368,California
Tehama,2021-06-23,95,33676,54,11637,37,20862,4,1177,46,2065,48,16352,49,18417,California
Tehama,2021-06-24,88,33764,43,11680,37,20899,8,1185,48,2081,40,16392,56,18473,California
Tehama,2021-06-25,136,33900,74,11754,55,20954,7,1192,59,2071,76,16468,66,18539,California
Tehama,2021-06-26,46,33946,23,11777,23,20977,0,1192,22,2069,24,16492,22,18561,California
Tehama,2021-06-27,8,33954,4,11781,3,20980,1,1193,5,2072,3,16495,6,18567,California
Tehama,2021-06-28,42,33996,16,11797,21,21001,5,1198,21,2077,21,16516,26,18593,California
Tehama,2021-06-29,64,34060,23,11820,37,21038,4,1202,33,2084,30,16546,37,18630,California
Tehama,2021-06-30,64,34124,54,11874,9,21047,1,1203,31,2083,33,16579,32,18662,California
Trinity,2020-12-17,4,4,4,4,0,0,0,0,4,4,0,0,4,4,California
Trinity,2020-12-18,2,6,2,6,0,0,0,0,2,6,0,0,2,6,California
Trinity,2020-12-21,38,44,38,44,0,0,0,0,38,44,0,0,38,44,California
Trinity,2020-12-22,4,48,4,48,0,0,0,0,4,48,0,0,4,48,California
Trinity,2020-12-23,6,54,5,53,1,1,0,0,6,54,0,0,6,54,California
Trinity,2020-12-28,31,85,31,84,0,1,0,0,31,85,0,0,31,85,California
Trinity,2020-12-29,8,93,7,91,1,2,0,0,8,93,0,0,8,93,California
Trinity,2020-12-30,10,103,8,99,2,4,0,0,10,103,0,0,10,103,California
Trinity,2020-12-31,2,105,1,100,1,5,0,0,2,105,0,0,2,105,California
Trinity,2021-01-04,27,132,0,100,27,32,0,0,26,131,0,0,26,131,California
Trinity,2021-01-05,3,135,1,101,2,34,0,0,3,134,0,0,3,134,California
Trinity,2021-01-06,24,159,4,105,20,54,0,0,20,150,4,4,20,154,California
Trinity,2021-01-08,49,208,2,107,47,101,0,0,48,196,2,6,48,202,California
Trinity,2021-01-11,41,249,38,145,3,104,0,0,4,163,37,43,4,206,California
Trinity,2021-01-12,9,258,6,151,3,107,0,0,4,162,5,48,4,210,California
Trinity,2021-01-13,7,265,4,155,3,110,0,0,4,163,3,51,4,214,California
Trinity,2021-01-14,4,269,1,156,3,113,0,0,4,167,0,51,4,218,California
Trinity,2021-01-15,4,273,0,156,4,117,0,0,4,171,0,51,4,222,California
Trinity,2021-01-16,4,277,0,156,4,121,0,0,4,175,0,51,4,226,California
Trinity,2021-01-18,31,308,31,187,0,121,0,0,0,144,31,82,0,226,California
Trinity,2021-01-19,35,343,14,201,21,142,0,0,21,151,14,96,21,247,California
Trinity,2021-01-20,20,363,3,204,17,159,0,0,17,165,3,99,17,264,California
Trinity,2021-01-21,17,380,7,211,10,169,0,0,17,182,0,99,17,281,California
Trinity,2021-01-22,5,385,1,212,4,173,0,0,5,187,0,99,5,286,California
Trinity,2021-01-23,7,392,3,215,4,177,0,0,7,194,0,99,7,293,California
Trinity,2021-01-25,14,406,1,216,13,190,0,0,13,206,1,100,13,306,California
Trinity,2021-01-26,10,416,1,217,9,199,0,0,9,214,1,101,9,315,California
Trinity,2021-01-27,12,428,0,217,12,211,0,0,12,226,0,101,12,327,California
Trinity,2021-01-28,12,440,2,219,10,221,0,0,9,232,3,104,9,336,California
Trinity,2021-01-29,2,442,0,219,2,223,0,0,1,232,1,105,1,337,California
Trinity,2021-01-30,12,454,11,230,1,224,0,0,12,244,0,105,12,349,California
Trinity,2021-02-01,2,456,1,231,1,225,0,0,1,244,1,106,1,350,California
Trinity,2021-02-02,15,471,3,234,12,237,0,0,14,257,1,107,14,364,California
Trinity,2021-02-03,7,478,1,235,6,243,0,0,4,258,3,110,4,368,California
Trinity,2021-02-04,42,520,32,267,10,253,0,0,35,286,7,117,35,403,California
Trinity,2021-02-05,354,874,0,267,354,607,0,0,323,578,31,148,323,726,California
Trinity,2021-02-06,210,1084,5,272,205,812,0,0,203,774,7,155,203,929,California
Trinity,2021-02-07,1,1085,0,272,1,813,0,0,1,775,0,155,1,930,California
Trinity,2021-02-08,27,1112,0,272,27,840,0,0,16,780,11,166,16,946,California
Trinity,2021-02-09,27,1139,2,274,25,865,0,0,11,775,16,182,11,957,California
Trinity,2021-02-10,122,1261,10,284,112,977,0,0,102,857,20,202,102,1059,California
Trinity,2021-02-11,338,1599,2,286,336,1313,0,0,331,1181,7,209,331,1390,California
Trinity,2021-02-12,18,1617,10,296,8,1321,0,0,14,1191,4,213,14,1404,California
Trinity,2021-02-13,13,1630,6,302,7,1328,0,0,6,1190,7,220,6,1410,California
Trinity,2021-02-14,2,1632,2,304,0,1328,0,0,2,1192,0,220,2,1412,California
Trinity,2021-02-15,47,1679,0,304,47,1375,0,0,47,1239,0,220,47,1459,California
Trinity,2021-02-16,5,1684,1,305,4,1379,0,0,3,1240,2,222,3,1462,California
Trinity,2021-02-17,94,1778,2,307,92,1471,0,0,84,1314,10,232,84,1546,California
Trinity,2021-02-18,4,1782,0,307,4,1475,0,0,1,1312,3,235,1,1547,California
Trinity,2021-02-19,307,2089,1,308,306,1781,0,0,294,1593,13,248,294,1841,California
Trinity,2021-02-20,142,2231,14,322,128,1909,0,0,114,1679,28,276,114,1955,California
Trinity,2021-02-21,1,2232,1,323,0,1909,0,0,1,1680,0,276,1,1956,California
Trinity,2021-02-22,8,2240,0,323,8,1917,0,0,5,1682,3,279,5,1961,California
Trinity,2021-02-23,10,2250,3,326,7,1924,0,0,5,1682,5,284,5,1966,California
Trinity,2021-02-24,30,2280,8,334,22,1946,0,0,7,1666,23,307,7,1973,California
Trinity,2021-02-25,36,2316,23,357,13,1959,0,0,5,1640,31,338,5,1978,California
Trinity,2021-02-26,11,2327,1,358,10,1969,0,0,5,1639,6,344,5,1983,California
Trinity,2021-02-27,12,2339,10,368,2,1971,0,0,6,1639,6,350,6,1989,California
Trinity,2021-03-01,10,2349,0,368,10,1981,0,0,5,1639,5,355,5,1994,California
Trinity,2021-03-02,9,2358,3,371,6,1987,0,0,2,1634,7,362,2,1996,California
Trinity,2021-03-03,4,2362,0,371,4,1991,0,0,3,1636,1,363,3,1999,California
Trinity,2021-03-04,24,2386,19,390,5,1996,0,0,10,1632,14,377,10,2009,California
Trinity,2021-03-05,388,2774,1,391,387,2383,0,0,120,1488,264,641,120,2129,California
Trinity,2021-03-06,202,2976,7,398,195,2578,0,0,26,1338,176,817,26,2155,California
Trinity,2021-03-07,4,2980,3,401,1,2579,0,0,3,1340,1,818,3,2158,California
Trinity,2021-03-08,5,2985,1,402,3,2582,1,1,2,1340,3,821,3,2161,California
Trinity,2021-03-09,94,3079,0,402,92,2674,2,3,88,1424,6,827,90,2251,California
Trinity,2021-03-10,126,3205,3,405,120,2794,3,6,38,1377,88,915,41,2292,California
Trinity,2021-03-11,16,3221,4,409,10,2804,2,8,5,1373,11,926,7,2299,California
Trinity,2021-03-12,397,3618,5,414,386,3190,6,14,96,1174,301,1227,102,2401,California
Trinity,2021-03-13,13,3631,8,422,3,3193,2,16,8,1179,5,1232,10,2411,California
Trinity,2021-03-14,4,3635,1,423,3,3196,0,16,3,1181,1,1233,3,2414,California
Trinity,2021-03-15,67,3702,0,423,66,3262,1,17,14,1143,53,1286,15,2429,California
Trinity,2021-03-16,116,3818,7,430,109,3371,0,17,103,1233,13,1299,103,2532,California
Trinity,2021-03-17,100,3918,3,433,97,3468,0,17,26,1185,74,1373,26,2558,California
Trinity,2021-03-18,11,3929,2,435,6,3474,3,20,5,1187,6,1379,8,2566,California
Trinity,2021-03-19,461,4390,4,439,347,3821,110,130,33,902,428,1807,143,2709,California
Trinity,2021-03-20,105,4495,7,446,98,3919,0,130,68,934,36,1843,68,2777,California
Trinity,2021-03-21,4,4499,0,446,3,3922,1,131,3,937,1,1844,4,2781,California
Trinity,2021-03-22,2,4501,0,446,2,3924,0,131,2,939,0,1844,2,2783,California
Trinity,2021-03-23,95,4596,2,448,93,4017,0,131,77,998,18,1862,77,2860,California
Trinity,2021-03-24,12,4608,1,449,11,4028,0,131,9,1004,3,1865,9,2869,California
Trinity,2021-03-25,111,4719,8,457,97,4125,6,137,85,1069,26,1891,91,2960,California
Trinity,2021-03-26,84,4803,8,465,76,4201,0,137,77,1139,7,1898,77,3037,California
Trinity,2021-03-27,20,4823,4,469,7,4208,9,146,9,1146,11,1909,18,3055,California
Trinity,2021-03-28,5,4828,3,472,2,4210,0,146,1,1143,4,1913,1,3056,California
Trinity,2021-03-29,6,4834,1,473,5,4215,0,146,2,1141,4,1917,2,3058,California
Trinity,2021-03-30,77,4911,5,478,72,4287,0,146,67,1198,10,1927,67,3125,California
Trinity,2021-03-31,56,4967,5,483,19,4306,32,178,21,1215,35,1962,52,3177,California
Trinity,2021-04-01,40,5007,10,493,19,4325,11,189,21,1228,19,1981,32,3209,California
Trinity,2021-04-02,251,5258,5,498,172,4497,74,263,79,1210,171,2152,153,3362,California
Trinity,2021-04-03,17,5275,12,510,5,4502,0,263,7,1207,10,2162,7,3369,California
Trinity,2021-04-04,10,5285,8,518,2,4504,0,263,8,1213,2,2164,8,3377,California
Trinity,2021-04-05,58,5343,6,524,51,4555,1,264,54,1264,4,2168,55,3432,California
Trinity,2021-04-06,118,5461,15,539,100,4655,3,267,29,1207,89,2257,32,3464,California
Trinity,2021-04-07,27,5488,12,551,10,4665,5,272,19,1223,8,2265,24,3488,California
Trinity,2021-04-08,89,5577,10,561,77,4742,2,274,52,1240,37,2302,54,3542,California
Trinity,2021-04-09,170,5747,20,581,146,4888,4,278,92,1258,78,2380,96,3638,California
Trinity,2021-04-10,11,5758,7,588,4,4892,0,278,10,1267,1,2381,10,3648,California
Trinity,2021-04-11,10,5768,5,593,3,4895,2,280,4,1267,6,2387,6,3654,California
Trinity,2021-04-12,77,5845,5,598,71,4966,1,281,64,1319,12,2399,64,3718,California
Trinity,2021-04-13,104,5949,5,603,99,5065,0,281,11,1237,93,2492,11,3729,California
Trinity,2021-04-14,10,5959,5,608,5,5070,0,281,6,1239,4,2496,6,3735,California
Trinity,2021-04-15,45,6004,10,618,35,5105,0,281,15,1225,29,2525,15,3750,California
Trinity,2021-04-16,153,6157,13,631,140,5245,0,281,80,1233,72,2597,80,3830,California
Trinity,2021-04-17,11,6168,5,636,6,5251,0,281,9,1240,2,2599,9,3839,California
Trinity,2021-04-18,3,6171,1,637,2,5253,0,281,0,1237,3,2602,0,3839,California
Trinity,2021-04-19,67,6238,2,639,65,5318,0,281,66,1302,1,2603,66,3905,California
Trinity,2021-04-20,94,6332,8,647,86,5404,0,281,21,1250,73,2676,21,3926,California
Trinity,2021-04-21,22,6354,9,656,13,5417,0,281,9,1246,13,2689,9,3935,California
Trinity,2021-04-22,92,6446,5,661,87,5504,0,281,14,1182,78,2767,14,3949,California
Trinity,2021-04-23,178,6624,6,667,172,5676,0,281,110,1224,68,2835,110,4059,California
Trinity,2021-04-24,23,6647,12,679,11,5687,0,281,6,1213,17,2852,6,4065,California
Trinity,2021-04-25,10,6657,9,688,1,5688,0,281,3,1210,6,2858,3,4068,California
Trinity,2021-04-26,48,6705,9,697,39,5727,0,281,40,1242,8,2866,40,4108,California
Trinity,2021-04-27,88,6793,11,708,77,5804,0,281,23,1200,65,2931,23,4131,California
Trinity,2021-04-28,33,6826,11,719,22,5826,0,281,12,1191,21,2952,12,4143,California
Trinity,2021-04-29,34,6860,13,732,21,5847,0,281,12,1181,22,2974,12,4155,California
Trinity,2021-04-30,27,6887,21,753,6,5853,0,281,8,1171,18,2992,8,4163,California
Trinity,2021-05-01,15,6902,8,761,2,5855,5,286,5,1171,10,3002,10,4173,California
Trinity,2021-05-02,8,6910,5,766,1,5856,2,288,2,1169,6,3008,4,4177,California
Trinity,2021-05-03,58,6968,13,779,44,5900,1,289,9,1131,48,3056,10,4187,California
Trinity,2021-05-04,24,6992,11,790,12,5912,1,290,8,1124,16,3072,9,4196,California
Trinity,2021-05-05,11,7003,7,797,4,5916,0,290,4,1121,7,3079,4,4200,California
Trinity,2021-05-06,73,7076,10,807,61,5977,2,292,16,1082,57,3136,18,4218,California
Trinity,2021-05-07,179,7255,12,819,133,6110,34,326,14,965,165,3301,48,4266,California
Trinity,2021-05-08,6,7261,2,821,4,6114,0,326,2,963,4,3305,2,4268,California
Trinity,2021-05-09,11,7272,8,829,3,6117,0,326,7,966,4,3309,7,4275,California
Trinity,2021-05-10,15,7287,5,834,9,6126,1,327,8,968,7,3316,9,4284,California
Trinity,2021-05-11,8,7295,4,838,4,6130,0,327,6,972,2,3318,6,4290,California
Trinity,2021-05-12,19,7314,16,854,2,6132,1,328,14,982,5,3323,15,4305,California
Trinity,2021-05-13,15,7329,10,864,4,6136,1,329,9,986,6,3329,10,4315,California
Trinity,2021-05-14,140,7469,19,883,93,6229,28,357,39,952,101,3430,67,4382,California
Trinity,2021-05-15,15,7484,10,893,4,6233,1,358,7,953,7,3437,8,4390,California
Trinity,2021-05-16,8,7492,6,899,2,6235,0,358,6,957,2,3439,6,4396,California
Trinity,2021-05-17,108,7600,20,919,86,6321,2,360,42,935,66,3505,44,4440,California
Trinity,2021-05-18,37,7637,7,926,29,6350,1,361,11,921,26,3531,12,4452,California
Trinity,2021-05-19,146,7783,17,943,100,6450,29,390,29,863,116,3647,58,4510,California
Trinity,2021-05-20,28,7811,21,964,4,6454,3,393,17,872,11,3658,20,4530,California
Trinity,2021-05-21,21,7832,12,976,9,6463,0,393,12,875,9,3667,12,4542,California
Trinity,2021-05-22,17,7849,14,990,3,6466,0,393,13,884,4,3671,13,4555,California
Trinity,2021-05-23,6,7855,4,994,2,6468,0,393,2,882,4,3675,2,4557,California
Trinity,2021-05-24,109,7964,12,1006,96,6564,1,394,8,791,100,3775,9,4566,California
Trinity,2021-05-25,39,8003,14,1020,25,6589,0,394,17,786,22,3797,17,4583,California
Trinity,2021-05-26,12,8015,6,1026,6,6595,0,394,4,782,8,3805,4,4587,California
Trinity,2021-05-27,31,8046,14,1040,12,6607,5,399,8,772,23,3828,13,4600,California
Trinity,2021-05-28,14,8060,10,1050,3,6610,1,400,7,773,7,3835,8,4608,California
Trinity,2021-05-29,10,8070,7,1057,2,6612,1,401,7,778,3,3838,8,4616,California
Trinity,2021-05-30,6,8076,5,1062,1,6613,0,401,0,772,6,3844,0,4616,California
Trinity,2021-05-31,4,8080,3,1065,1,6614,0,401,2,772,2,3846,2,4618,California
Trinity,2021-06-01,14,8094,7,1072,5,6619,2,403,3,767,10,3856,5,4623,California
Trinity,2021-06-02,24,8118,19,1091,3,6622,2,405,9,763,15,3871,11,4634,California
Trinity,2021-06-03,39,8157,13,1104,26,6648,0,405,13,750,26,3897,13,4647,California
Trinity,2021-06-04,45,8202,21,1125,16,6664,8,413,12,737,33,3930,20,4667,California
Trinity,2021-06-05,19,8221,18,1143,1,6665,0,413,13,744,6,3936,13,4680,California
Trinity,2021-06-06,9,8230,6,1149,2,6667,1,414,2,740,7,3943,3,4683,California
Trinity,2021-06-07,28,8258,19,1168,8,6675,1,415,12,737,16,3959,13,4696,California
Trinity,2021-06-08,15,8273,13,1181,1,6676,1,416,4,731,11,3970,5,4701,California
Trinity,2021-06-09,24,8297,14,1195,1,6677,9,425,5,726,19,3989,14,4715,California
Trinity,2021-06-10,21,8318,19,1214,2,6679,0,425,6,717,15,4004,6,4721,California
Trinity,2021-06-11,45,8363,10,1224,33,6712,2,427,14,702,31,4035,16,4737,California
Trinity,2021-06-12,9,8372,9,1233,0,6712,0,427,2,697,7,4042,2,4739,California
Trinity,2021-06-13,4,8376,4,1237,0,6712,0,427,1,695,3,4045,1,4740,California
Trinity,2021-06-14,43,8419,16,1253,27,6739,0,427,11,674,32,4077,11,4751,California
Trinity,2021-06-15,45,8464,21,1274,3,6742,21,448,9,667,36,4113,29,4780,California
Trinity,2021-06-16,10,8474,6,1280,4,6746,0,448,3,663,7,4120,3,4783,California
Trinity,2021-06-17,16,8490,13,1293,1,6747,2,450,6,662,9,4129,8,4791,California
Trinity,2021-06-18,18,8508,10,1303,6,6753,2,452,6,658,12,4141,8,4799,California
Trinity,2021-06-19,10,8518,10,1313,0,6753,0,452,2,652,8,4149,2,4801,California
Trinity,2021-06-20,3,8521,3,1316,0,6753,0,452,3,655,0,4149,3,4804,California
Trinity,2021-06-21,8,8529,6,1322,0,6753,2,454,5,659,3,4152,7,4811,California
Trinity,2021-06-22,32,8561,9,1331,13,6766,10,464,14,665,18,4170,24,4835,California
Trinity,2021-06-23,15,8576,8,1339,1,6767,6,470,2,660,13,4183,8,4843,California
Trinity,2021-06-24,24,8600,14,1353,4,6771,6,476,15,672,9,4192,21,4864,California
Trinity,2021-06-25,10,8610,10,1363,0,6771,0,476,6,674,4,4196,6,4870,California
Trinity,2021-06-26,18,8628,18,1381,0,6771,0,476,8,672,10,4206,8,4878,California
Trinity,2021-06-27,4,8632,4,1385,0,6771,0,476,0,668,4,4210,0,4878,California
Trinity,2021-06-28,11,8643,9,1394,1,6772,1,477,4,666,7,4217,5,4883,California
Trinity,2021-06-29,11,8654,5,1399,3,6775,3,480,5,668,6,4223,8,4891,California
Trinity,2021-06-30,13,8667,9,1408,1,6776,3,483,5,668,8,4231,8,4899,California
Tulare,2020-12-15,1,1,1,1,0,0,0,0,1,1,0,0,1,1,California
Tulare,2020-12-16,4,5,4,5,0,0,0,0,4,5,0,0,4,5,California
Tulare,2020-12-17,110,115,110,115,0,0,0,0,110,115,0,0,110,115,California
Tulare,2020-12-18,290,405,289,404,1,1,0,0,290,405,0,0,290,405,California
Tulare,2020-12-19,326,731,326,730,0,1,0,0,326,731,0,0,326,731,California
Tulare,2020-12-20,165,896,165,895,0,1,0,0,165,896,0,0,165,896,California
Tulare,2020-12-21,424,1320,424,1319,0,1,0,0,444,1340,0,0,444,1340,California
Tulare,2020-12-22,470,1790,468,1787,2,3,0,0,469,1809,0,0,469,1809,California
Tulare,2020-12-23,327,2117,318,2105,9,12,0,0,325,2134,0,0,325,2134,California
Tulare,2020-12-24,18,2135,16,2121,2,14,0,0,18,2152,0,0,18,2152,California
Tulare,2020-12-26,8,2143,7,2128,1,15,0,0,8,2160,0,0,8,2160,California
Tulare,2020-12-27,16,2159,12,2140,4,19,0,0,16,2176,0,0,16,2176,California
Tulare,2020-12-28,481,2640,468,2608,13,32,0,0,480,2656,0,0,480,2656,California
Tulare,2020-12-29,551,3191,480,3088,71,103,0,0,551,3207,0,0,551,3207,California
Tulare,2020-12-30,468,3659,424,3512,44,147,0,0,468,3675,0,0,468,3675,California
Tulare,2020-12-31,100,3759,22,3534,78,225,0,0,100,3775,0,0,100,3775,California
Tulare,2021-01-01,3,3762,1,3535,2,227,0,0,3,3778,0,0,3,3778,California
Tulare,2021-01-02,32,3794,19,3554,13,240,0,0,32,3810,0,0,32,3810,California
Tulare,2021-01-03,23,3817,9,3563,14,254,0,0,23,3833,0,0,23,3833,California
Tulare,2021-01-04,93,3910,16,3579,77,331,0,0,93,3926,0,0,93,3926,California
Tulare,2021-01-05,465,4375,279,3858,186,517,0,0,463,4387,2,2,463,4389,California
Tulare,2021-01-06,865,5240,634,4492,231,748,0,0,855,5232,10,12,855,5244,California
Tulare,2021-01-07,782,6022,585,5077,197,945,0,0,674,5798,108,120,674,5918,California
Tulare,2021-01-08,1279,7301,573,5650,706,1651,0,0,942,6404,336,456,942,6860,California
Tulare,2021-01-09,806,8107,204,5854,602,2253,0,0,618,6834,188,644,618,7478,California
Tulare,2021-01-10,51,8158,43,5897,8,2261,0,0,13,6809,38,682,13,7491,California
Tulare,2021-01-11,1275,9433,772,6669,503,2764,0,0,836,7206,439,1121,836,8327,California
Tulare,2021-01-12,1453,10886,505,7174,948,3712,0,0,1041,7837,411,1532,1042,9369,California
Tulare,2021-01-13,411,11297,179,7353,232,3944,0,0,336,8098,75,1607,336,9705,California
Tulare,2021-01-14,496,11793,146,7499,350,4294,0,0,469,8552,15,1622,469,10174,California
Tulare,2021-01-15,1651,13444,156,7655,1495,5789,0,0,1642,10185,9,1631,1642,11816,California
Tulare,2021-01-16,1927,15371,115,7770,1812,7601,0,0,1913,12084,14,1645,1913,13729,California
Tulare,2021-01-17,142,15513,122,7892,20,7621,0,0,132,12206,10,1655,132,13861,California
Tulare,2021-01-18,693,16206,657,8549,36,7657,0,0,294,12101,399,2054,294,14155,California
Tulare,2021-01-19,1018,17224,690,9239,328,7985,0,0,591,12265,427,2481,591,14746,California
Tulare,2021-01-20,2478,19702,666,9905,1812,9797,0,0,2041,13915,392,2873,2042,16788,California
Tulare,2021-01-21,1618,21320,227,10132,1391,11188,0,0,1590,15483,22,2895,1590,18378,California
Tulare,2021-01-22,1093,22413,215,10347,878,12066,0,0,1064,16519,28,2923,1064,19442,California
Tulare,2021-01-23,440,22853,157,10504,283,12349,0,0,419,16917,21,2944,419,19861,California
Tulare,2021-01-24,31,22884,28,10532,3,12352,0,0,29,16944,2,2946,29,19890,California
Tulare,2021-01-25,1353,24237,987,11519,366,12718,0,0,1300,18191,53,2999,1300,21190,California
Tulare,2021-01-26,1509,25746,1102,12621,407,13125,0,0,1169,19021,339,3338,1169,22359,California
Tulare,2021-01-27,1506,27252,1072,13693,434,13559,0,0,924,19364,581,3919,924,23283,California
Tulare,2021-01-28,1220,28472,779,14472,441,14000,0,0,819,19782,401,4320,819,24102,California
Tulare,2021-01-29,1131,29603,719,15191,412,14412,0,0,821,20293,310,4630,821,24923,California
Tulare,2021-01-30,1670,31273,1575,16766,95,14507,0,0,1645,21914,25,4655,1646,26569,California
Tulare,2021-01-31,66,31339,61,16827,5,14512,0,0,62,21973,3,4658,62,26631,California
Tulare,2021-02-01,1182,32521,909,17736,273,14785,0,0,818,22429,362,5020,818,27449,California
Tulare,2021-02-02,713,33234,358,18094,355,15140,0,0,460,22639,251,5271,461,27910,California
Tulare,2021-02-03,561,33795,228,18322,333,15473,0,0,330,22778,191,5462,330,28240,California
Tulare,2021-02-04,576,34371,175,18497,401,15874,0,0,283,22770,292,5754,284,28524,California
Tulare,2021-02-05,1246,35617,240,18737,1006,16880,0,0,407,22340,837,6591,407,28931,California
Tulare,2021-02-06,835,36452,156,18893,679,17559,0,0,207,21921,626,7217,207,29138,California
Tulare,2021-02-07,84,36536,71,18964,13,17572,0,0,23,21883,61,7278,23,29161,California
Tulare,2021-02-08,946,37482,329,19293,617,18189,0,0,239,21419,704,7982,240,29401,California
Tulare,2021-02-09,1416,38898,336,19629,1080,19269,0,0,341,20690,1070,9052,341,29742,California
Tulare,2021-02-10,2485,41383,1989,21618,496,19765,0,0,2074,22355,409,9461,2074,31816,California
Tulare,2021-02-11,1340,42723,377,21995,963,20728,0,0,878,22771,462,9923,878,32694,California
Tulare,2021-02-12,2789,45512,575,22570,2214,22942,0,0,1163,22316,1618,11541,1163,33857,California
Tulare,2021-02-13,2483,47995,159,22729,2324,25266,0,0,642,21123,1835,13376,642,34499,California
Tulare,2021-02-14,340,48335,39,22768,301,25567,0,0,303,21389,37,13413,303,34802,California
Tulare,2021-02-15,922,49257,295,23063,627,26194,0,0,661,21790,260,13673,661,35463,California
Tulare,2021-02-16,2850,52107,1597,24660,1253,27447,0,0,1083,21110,1765,15438,1085,36548,California
Tulare,2021-02-17,2706,54813,517,25177,2189,29636,0,0,451,19312,2250,17688,452,37000,California
Tulare,2021-02-18,2357,57170,455,25632,1902,31538,0,0,644,18257,1699,19387,644,37644,California
Tulare,2021-02-19,2350,59520,883,26515,1467,33005,0,0,967,17854,1370,20757,967,38611,California
Tulare,2021-02-20,3005,62525,1894,28409,1111,34116,0,0,1262,17393,1726,22483,1265,39876,California
Tulare,2021-02-21,101,62626,95,28504,6,34122,0,0,51,17396,48,22531,51,39927,California
Tulare,2021-02-22,1121,63747,709,29213,412,34534,0,0,214,16706,904,23435,214,40141,California
Tulare,2021-02-23,1972,65719,952,30165,1020,35554,0,0,1469,17674,501,23936,1469,41610,California
Tulare,2021-02-24,2489,68208,1549,31714,940,36494,0,0,2109,19405,379,24315,2110,43720,California
Tulare,2021-02-25,3524,71732,1990,33704,1534,38028,0,0,3106,22099,414,24729,3108,46828,California
Tulare,2021-02-26,3865,75597,1892,35596,1973,40001,0,0,3387,25010,476,25205,3387,50215,California
Tulare,2021-02-27,3007,78604,1497,37093,1510,41511,0,0,2872,27759,123,25328,2872,53087,California
Tulare,2021-02-28,1314,79918,1040,38133,274,41785,0,0,1292,29033,18,25346,1292,54379,California
Tulare,2021-03-01,1792,81710,808,38941,983,42768,1,1,1599,30443,190,25536,1600,55979,California
Tulare,2021-03-02,2817,84527,1271,40212,1546,44314,0,1,2637,32903,178,25714,2638,58617,California
Tulare,2021-03-03,4086,88613,2733,42945,1352,45666,1,2,2130,33086,1950,27664,2133,60750,California
Tulare,2021-03-04,2987,91600,1348,44293,1639,47305,0,2,2640,35388,338,28002,2640,63390,California
Tulare,2021-03-05,3505,95105,1759,46052,1731,49036,15,17,2985,37874,517,28519,3003,66393,California
Tulare,2021-03-06,3096,98201,1447,47499,1589,50625,60,77,2840,40520,252,28771,2898,69291,California
Tulare,2021-03-07,1140,99341,706,48205,413,51038,21,98,1099,41600,40,28811,1120,70411,California
Tulare,2021-03-08,1738,101079,1007,49212,562,51600,169,267,1406,42847,327,29138,1574,71985,California
Tulare,2021-03-09,3269,104348,2246,51458,875,52475,148,415,2854,45433,414,29552,3000,74985,California
Tulare,2021-03-10,2984,107332,1404,52862,1405,53880,175,590,2576,47786,397,29949,2750,77735,California
Tulare,2021-03-11,4246,111578,1999,54861,1943,55823,304,894,3294,50433,952,30901,3599,81334,California
Tulare,2021-03-12,4423,116001,2436,57297,1634,57457,353,1247,3129,52629,1284,32185,3480,84814,California
Tulare,2021-03-13,4158,120159,1947,59244,2106,59563,105,1352,3200,54984,950,33135,3305,88119,California
Tulare,2021-03-14,1863,122022,989,60233,654,60217,220,1572,1336,56011,526,33661,1553,89672,California
Tulare,2021-03-15,2754,124776,1632,61865,1007,61224,115,1687,1972,57324,777,34438,2090,91762,California
Tulare,2021-03-16,3439,128215,2119,63984,1243,62467,77,1764,1876,57725,1555,35993,1956,93718,California
Tulare,2021-03-17,4086,132301,2667,66651,1343,63810,76,1840,2333,58394,1747,37740,2416,96134,California
Tulare,2021-03-18,4676,136977,3413,70064,1191,65001,72,1912,2468,58741,2198,39938,2545,98679,California
Tulare,2021-03-19,5150,142127,3380,73444,1552,66553,218,2130,2736,59304,2393,42331,2956,101635,California
Tulare,2021-03-20,4492,146619,2799,76243,1322,67875,371,2501,2067,59332,2413,44744,2441,104076,California
Tulare,2021-03-21,2011,148630,1722,77965,263,68138,26,2527,1063,59476,944,45688,1088,105164,California
Tulare,2021-03-22,2583,151213,1795,79760,676,68814,112,2639,1698,60410,879,46567,1813,106977,California
Tulare,2021-03-23,3797,155010,2198,81958,1547,70361,52,2691,2086,60853,1701,48268,2144,109121,California
Tulare,2021-03-24,3205,158215,1988,83946,1176,71537,41,2732,1719,61138,1476,49744,1761,110882,California
Tulare,2021-03-25,3484,161699,1812,85758,1498,73035,174,2906,1676,61190,1800,51544,1852,112734,California
Tulare,2021-03-26,5263,166962,3136,88894,2015,75050,112,3018,2545,61147,2700,54244,2657,115391,California
Tulare,2021-03-27,3543,170505,1817,90711,1628,76678,98,3116,990,59689,2545,56789,1087,116478,California
Tulare,2021-03-28,1476,171981,1070,91781,375,77053,31,3147,673,59602,801,57590,714,117192,California
Tulare,2021-03-29,2888,174869,1673,93454,1108,78161,107,3254,1227,59282,1656,59246,1336,118528,California
Tulare,2021-03-30,4923,179792,2789,96243,1901,80062,233,3487,1498,57591,3414,62660,1723,120251,California
Tulare,2021-03-31,3973,183765,2343,98586,1516,81578,114,3601,1553,56848,2411,65071,1668,121919,California
Tulare,2021-04-01,4541,188306,2454,101040,2015,83593,72,3673,1558,55507,2972,68043,1631,123550,California
Tulare,2021-04-02,5372,193678,3062,104102,2184,85777,126,3799,1554,53387,3801,71844,1681,125231,California
Tulare,2021-04-03,3633,197311,2095,106197,1163,86940,375,4174,833,51831,2762,74606,1206,126437,California
Tulare,2021-04-04,1634,198945,1147,107344,480,87420,7,4181,357,50923,1272,75878,364,126801,California
Tulare,2021-04-05,3357,202302,2345,109689,745,88165,267,4448,851,49549,2493,78371,1119,127920,California
Tulare,2021-04-06,3440,205742,1472,111161,1471,89636,497,4945,891,48399,2540,80911,1390,129310,California
Tulare,2021-04-07,3937,209679,1840,113001,1655,91291,442,5387,1175,47256,2750,83661,1607,130917,California
Tulare,2021-04-08,4802,214481,2627,115628,1715,93006,460,5847,1537,45999,3251,86912,1994,132911,California
Tulare,2021-04-09,4850,219331,2998,118626,1415,94421,437,6284,1820,45235,3022,89934,2258,135169,California
Tulare,2021-04-10,3843,223174,2071,120697,1452,95873,320,6604,930,43577,2904,92838,1246,136415,California
Tulare,2021-04-11,1589,224763,1050,121747,465,96338,74,6678,490,43045,1096,93934,564,136979,California
Tulare,2021-04-12,3426,228189,2137,123884,693,97031,596,7274,1071,42368,2345,96279,1668,138647,California
Tulare,2021-04-13,2411,230600,1595,125479,807,97838,9,7283,900,41781,1498,97777,911,139558,California
Tulare,2021-04-14,2879,233479,1702,127181,1177,99015,0,7283,911,40729,1963,99740,911,140469,California
Tulare,2021-04-15,3319,236798,2165,129346,1154,100169,0,7283,1472,40367,1834,101574,1472,141941,California
Tulare,2021-04-16,3725,240523,2249,131595,1476,101645,0,7283,1492,39639,2220,103794,1492,143433,California
Tulare,2021-04-17,2253,242776,1326,132921,927,102572,0,7283,1194,39781,1053,104847,1195,144628,California
Tulare,2021-04-18,1575,244351,1237,134158,338,102910,0,7283,828,39863,746,105593,828,145456,California
Tulare,2021-04-19,2187,246538,1272,135430,914,103824,1,7284,897,39476,1285,106878,898,146354,California
Tulare,2021-04-20,2423,248961,1390,136820,1033,104857,0,7284,1006,39082,1400,108278,1006,147360,California
Tulare,2021-04-21,2323,251284,1441,138261,882,105739,0,7284,841,38483,1441,109719,842,148202,California
Tulare,2021-04-22,2172,253456,1234,139495,938,106677,0,7284,742,37814,1411,111130,742,148944,California
Tulare,2021-04-23,2641,256097,1630,141125,1010,107687,1,7285,1029,37245,1599,112729,1030,149974,California
Tulare,2021-04-24,1644,257741,1054,142179,588,108275,2,7287,852,37312,787,113516,854,150828,California
Tulare,2021-04-25,695,258436,522,142701,173,108448,0,7287,266,37150,428,113944,266,151094,California
Tulare,2021-04-26,1557,259993,947,143648,591,109039,19,7306,655,36927,895,114839,672,151766,California
Tulare,2021-04-27,1702,261695,708,144356,956,109995,38,7344,730,36727,967,115806,767,152533,California
Tulare,2021-04-28,1752,263447,1006,145362,704,110699,42,7386,698,36417,1049,116855,739,153272,California
Tulare,2021-04-29,2042,265489,1228,146590,776,111475,38,7424,795,36014,1234,118089,831,154103,California
Tulare,2021-04-30,2467,267956,1801,148391,616,112091,50,7474,911,35426,1548,119637,960,155063,California
Tulare,2021-05-01,1422,269378,1218,149609,192,112283,12,7486,733,35492,679,120316,745,155808,California
Tulare,2021-05-02,590,269968,501,150110,72,112355,17,7503,188,35298,398,120714,204,156012,California
Tulare,2021-05-03,1623,271591,1096,151206,402,112757,125,7628,349,34505,1267,121981,474,156486,California
Tulare,2021-05-04,1574,273165,845,152051,659,113416,70,7698,630,34268,934,122915,697,157183,California
Tulare,2021-05-05,1317,274482,656,152707,572,113988,89,7787,451,33953,855,123770,540,157723,California
Tulare,2021-05-06,1991,276473,1347,154054,595,114583,49,7836,603,33226,1379,125149,652,158375,California
Tulare,2021-05-07,1855,278328,1263,155317,524,115107,68,7904,524,32494,1323,126472,591,158966,California
Tulare,2021-05-08,1242,279570,816,156133,401,115508,25,7929,533,32351,701,127173,558,159524,California
Tulare,2021-05-09,595,280165,471,156604,103,115611,21,7950,115,32013,475,127648,137,159661,California
Tulare,2021-05-10,1024,281189,591,157195,367,115978,66,8016,307,31673,713,128361,373,160034,California
Tulare,2021-05-11,1320,282509,702,157897,539,116517,79,8095,548,31535,765,129126,627,160661,California
Tulare,2021-05-12,1603,284112,1039,158936,506,117023,58,8153,433,30870,1155,130281,490,161151,California
Tulare,2021-05-13,1585,285697,1019,159955,528,117551,38,8191,723,30773,857,131138,760,161911,California
Tulare,2021-05-14,1979,287676,1286,161241,631,118182,62,8253,897,30663,1069,132207,959,162870,California
Tulare,2021-05-15,1568,289244,884,162125,637,118819,47,8300,663,30470,897,133104,704,163574,California
Tulare,2021-05-16,699,289943,558,162683,129,118948,12,8312,325,30435,372,133476,337,163911,California
Tulare,2021-05-17,1568,291511,984,163667,510,119458,74,8386,745,30439,815,134291,819,164730,California
Tulare,2021-05-18,1586,293097,860,164527,673,120131,53,8439,785,30479,796,135087,836,165566,California
Tulare,2021-05-19,1482,294579,954,165481,494,120625,34,8473,759,30557,715,135802,793,166359,California
Tulare,2021-05-20,1591,296170,1074,166555,430,121055,87,8560,761,30579,826,136628,848,167207,California
Tulare,2021-05-21,1951,298121,1423,167978,486,121541,42,8602,1060,30798,883,137511,1102,168309,California
Tulare,2021-05-22,1614,299735,1148,169126,443,121984,23,8625,607,30430,999,138510,631,168940,California
Tulare,2021-05-23,412,300147,327,169453,75,122059,10,8635,208,30446,202,138712,218,169158,California
Tulare,2021-05-24,937,301084,578,170031,299,122358,60,8695,418,30407,517,139229,478,169636,California
Tulare,2021-05-25,1187,302271,703,170734,452,122810,32,8727,507,30272,674,139903,539,170175,California
Tulare,2021-05-26,885,303156,488,171222,355,123165,42,8769,395,30222,486,140389,436,170611,California
Tulare,2021-05-27,1277,304433,807,172029,439,123604,31,8800,587,30155,687,141076,620,171231,California
Tulare,2021-05-28,1189,305622,659,172688,481,124085,49,8849,624,30268,559,141635,672,171903,California
Tulare,2021-05-29,880,306502,651,173339,209,124294,20,8869,500,30410,378,142013,520,172423,California
Tulare,2021-05-30,285,306787,206,173545,71,124365,8,8877,163,30461,120,142133,171,172594,California
Tulare,2021-05-31,132,306919,52,173597,69,124434,11,8888,55,30451,76,142209,66,172660,California
Tulare,2021-06-01,1056,307975,627,174224,398,124832,31,8919,382,30197,666,142875,412,173072,California
Tulare,2021-06-02,795,308770,467,174691,295,125127,33,8952,354,30152,430,143305,385,173457,California
Tulare,2021-06-03,1139,309909,810,175501,272,125399,57,9009,390,29869,729,144034,446,173903,California
Tulare,2021-06-04,1167,311076,829,176330,306,125705,32,9041,359,29457,803,144837,391,174294,California
Tulare,2021-06-05,884,311960,698,177028,171,125876,15,9056,301,29192,581,145418,316,174610,California
Tulare,2021-06-06,419,312379,355,177383,46,125922,18,9074,137,29066,281,145699,155,174765,California
Tulare,2021-06-07,881,313260,693,178076,153,126075,35,9109,276,28774,602,146301,310,175075,California
Tulare,2021-06-08,1048,314308,775,178851,213,126288,60,9169,350,28491,693,146994,410,175485,California
Tulare,2021-06-09,1084,315392,756,179607,292,126580,36,9205,342,28131,736,147730,376,175861,California
Tulare,2021-06-10,1104,316496,888,180495,180,126760,36,9241,383,27830,719,148449,418,176279,California
Tulare,2021-06-11,1231,317727,882,181377,314,127074,35,9276,381,27406,840,149289,416,176695,California
Tulare,2021-06-12,958,318685,744,182121,203,127277,11,9287,335,27135,617,149906,346,177041,California
Tulare,2021-06-13,315,319000,226,182347,85,127362,4,9291,91,27007,223,150129,95,177136,California
Tulare,2021-06-14,770,319770,566,182913,179,127541,25,9316,296,26859,469,150598,321,177457,California
Tulare,2021-06-15,985,320755,667,183580,288,127829,30,9346,433,26777,545,151143,463,177920,California
Tulare,2021-06-16,860,321615,583,184163,226,128055,51,9397,377,26726,480,151623,429,178349,California
Tulare,2021-06-17,1025,322640,754,184917,241,128296,30,9427,410,26554,612,152235,440,178789,California
Tulare,2021-06-18,989,323629,696,185613,256,128552,37,9464,373,26349,614,152849,409,179198,California
Tulare,2021-06-19,852,324481,680,186293,159,128711,13,9477,391,26296,457,153306,404,179602,California
Tulare,2021-06-20,249,324730,186,186479,55,128766,8,9485,74,26205,174,153480,83,179685,California
Tulare,2021-06-21,522,325252,342,186821,149,128915,31,9516,304,26322,217,153697,334,180019,California
Tulare,2021-06-22,750,326002,514,187335,212,129127,24,9540,345,26292,399,154096,369,180388,California
Tulare,2021-06-23,736,326738,501,187836,209,129336,26,9566,401,26388,331,154427,427,180815,California
Tulare,2021-06-24,845,327583,638,188474,152,129488,55,9621,421,26443,421,154848,476,181291,California
Tulare,2021-06-25,847,328430,550,189024,277,129765,20,9641,441,26503,401,155249,461,181752,California
Tulare,2021-06-26,922,329352,725,189749,172,129937,25,9666,523,26655,396,155645,548,182300,California
Tulare,2021-06-27,246,329598,183,189932,56,129993,7,9673,115,26647,130,155775,122,182422,California
Tulare,2021-06-28,574,330172,434,190366,111,130104,29,9702,291,26686,280,156055,319,182741,California
Tulare,2021-06-29,676,330848,434,190800,207,130311,35,9737,321,26693,349,156404,356,183097,California
Tulare,2021-06-30,414,331262,277,191077,113,130424,24,9761,217,26738,195,156599,240,183337,California
Tuolumne,2020-12-16,47,47,47,47,0,0,0,0,47,47,0,0,47,47,California
Tuolumne,2020-12-17,18,65,18,65,0,0,0,0,18,65,0,0,18,65,California
Tuolumne,2020-12-18,101,166,100,165,1,1,0,0,101,166,0,0,101,166,California
Tuolumne,2020-12-19,5,171,5,170,0,1,0,0,5,171,0,0,5,171,California
Tuolumne,2020-12-20,2,173,2,172,0,1,0,0,2,173,0,0,2,173,California
Tuolumne,2020-12-21,115,288,101,273,14,15,0,0,115,288,0,0,115,288,California
Tuolumne,2020-12-22,172,460,172,445,0,15,0,0,172,460,0,0,172,460,California
Tuolumne,2020-12-23,185,645,183,628,2,17,0,0,185,645,0,0,185,645,California
Tuolumne,2020-12-25,1,646,1,629,0,17,0,0,1,646,0,0,1,646,California
Tuolumne,2020-12-26,2,648,2,631,0,17,0,0,2,648,0,0,2,648,California
Tuolumne,2020-12-28,75,723,73,704,2,19,0,0,75,723,0,0,75,723,California
Tuolumne,2020-12-29,102,825,38,742,64,83,0,0,102,825,0,0,102,825,California
Tuolumne,2020-12-30,77,902,22,764,55,138,0,0,77,902,0,0,77,902,California
Tuolumne,2020-12-31,27,929,20,784,7,145,0,0,27,929,0,0,27,929,California
Tuolumne,2021-01-01,6,935,5,789,1,146,0,0,6,935,0,0,6,935,California
Tuolumne,2021-01-02,120,1055,117,906,3,149,0,0,120,1055,0,0,120,1055,California
Tuolumne,2021-01-03,2,1057,2,908,0,149,0,0,2,1057,0,0,2,1057,California
Tuolumne,2021-01-04,69,1126,26,934,43,192,0,0,69,1126,0,0,69,1126,California
Tuolumne,2021-01-05,94,1220,28,962,66,258,0,0,91,1215,3,3,92,1218,California
Tuolumne,2021-01-06,132,1352,71,1033,61,319,0,0,68,1219,64,67,68,1286,California
Tuolumne,2021-01-07,120,1472,64,1097,56,375,0,0,64,1227,56,123,64,1350,California
Tuolumne,2021-01-08,106,1578,82,1179,24,399,0,0,27,1178,78,201,29,1379,California
Tuolumne,2021-01-09,2,1580,0,1179,2,401,0,0,2,1180,0,201,2,1381,California
Tuolumne,2021-01-10,3,1583,1,1180,2,403,0,0,3,1183,0,201,3,1384,California
Tuolumne,2021-01-11,117,1700,91,1271,26,429,0,0,35,1136,82,283,35,1419,California
Tuolumne,2021-01-12,102,1802,86,1357,16,445,0,0,18,1070,84,367,18,1437,California
Tuolumne,2021-01-13,231,2033,125,1482,106,551,0,0,182,1204,49,416,183,1620,California
Tuolumne,2021-01-14,148,2181,108,1590,40,591,0,0,43,1143,104,520,43,1663,California
Tuolumne,2021-01-15,475,2656,74,1664,401,992,0,0,411,1492,63,583,412,2075,California
Tuolumne,2021-01-16,7,2663,3,1667,4,996,0,0,6,1497,1,584,6,2081,California
Tuolumne,2021-01-17,8,2671,4,1671,4,1000,0,0,8,1505,0,584,8,2089,California
Tuolumne,2021-01-18,47,2718,38,1709,9,1009,0,0,10,1479,36,620,10,2099,California
Tuolumne,2021-01-19,478,3196,72,1781,406,1415,0,0,434,1869,44,664,434,2533,California
Tuolumne,2021-01-20,76,3272,58,1839,18,1433,0,0,24,1842,51,715,24,2557,California
Tuolumne,2021-01-21,58,3330,24,1863,34,1467,0,0,42,1868,16,731,42,2599,California
Tuolumne,2021-01-22,172,3502,17,1880,155,1622,0,0,164,2024,8,739,164,2763,California
Tuolumne,2021-01-23,653,4155,131,2011,522,2144,0,0,543,2473,110,849,559,3322,California
Tuolumne,2021-01-24,525,4680,2,2013,523,2667,0,0,521,2993,4,853,524,3846,California
Tuolumne,2021-01-25,51,4731,28,2041,23,2690,0,0,25,2993,26,879,26,3872,California
Tuolumne,2021-01-26,81,4812,68,2109,13,2703,0,0,40,2993,41,920,41,3913,California
Tuolumne,2021-01-27,61,4873,4,2113,57,2760,0,0,9,2951,51,971,9,3922,California
Tuolumne,2021-01-28,27,4900,6,2119,21,2781,0,0,18,2960,9,980,18,3940,California
Tuolumne,2021-01-29,74,4974,5,2124,69,2850,0,0,36,2958,38,1018,36,3976,California
Tuolumne,2021-01-30,723,5697,561,2685,162,3012,0,0,698,3650,25,1043,717,4693,California
Tuolumne,2021-01-31,9,5706,2,2687,7,3019,0,0,6,3653,3,1046,6,4699,California
Tuolumne,2021-02-01,27,5733,7,2694,20,3039,0,0,24,3674,3,1049,24,4723,California
Tuolumne,2021-02-02,656,6389,49,2743,607,3646,0,0,642,4306,11,1060,643,5366,California
Tuolumne,2021-02-03,247,6636,112,2855,135,3781,0,0,93,4245,154,1214,93,5459,California
Tuolumne,2021-02-04,126,6762,14,2869,112,3893,0,0,64,4247,62,1276,64,5523,California
Tuolumne,2021-02-05,104,6866,14,2883,90,3983,0,0,39,4222,64,1340,39,5562,California
Tuolumne,2021-02-06,872,7738,593,3476,279,4262,0,0,862,5080,10,1350,868,6430,California
Tuolumne,2021-02-07,8,7746,4,3480,4,4266,0,0,4,5080,4,1354,4,6434,California
Tuolumne,2021-02-08,95,7841,43,3523,52,4318,0,0,70,5125,25,1379,70,6504,California
Tuolumne,2021-02-09,864,8705,51,3574,813,5131,0,0,822,5905,42,1421,822,7326,California
Tuolumne,2021-02-10,96,8801,18,3592,78,5209,0,0,33,5877,61,1482,33,7359,California
Tuolumne,2021-02-11,148,8949,68,3660,80,5289,0,0,82,5893,66,1548,82,7441,California
Tuolumne,2021-02-12,652,9601,22,3682,630,5919,0,0,212,5666,439,1987,212,7653,California
Tuolumne,2021-02-13,158,9759,45,3727,113,6032,0,0,122,5753,35,2022,122,7775,California
Tuolumne,2021-02-14,152,9911,14,3741,138,6170,0,0,151,5903,1,2023,151,7926,California
Tuolumne,2021-02-15,190,10101,11,3752,179,6349,0,0,181,6075,9,2032,181,8107,California
Tuolumne,2021-02-16,534,10635,18,3770,516,6865,0,0,125,5797,405,2437,127,8234,California
Tuolumne,2021-02-17,112,10747,64,3834,48,6913,0,0,62,5810,49,2486,62,8296,California
Tuolumne,2021-02-18,689,11436,30,3864,659,7572,0,0,637,6396,52,2538,638,8934,California
Tuolumne,2021-02-19,147,11583,25,3889,122,7694,0,0,46,6341,101,2639,46,8980,California
Tuolumne,2021-02-20,914,12497,344,4233,570,8264,0,0,386,6221,510,3149,390,9370,California
Tuolumne,2021-02-21,991,13488,44,4277,947,9211,0,0,477,6193,510,3659,482,9852,California
Tuolumne,2021-02-22,82,13570,60,4337,22,9233,0,0,47,6207,33,3692,47,9899,California
Tuolumne,2021-02-23,49,13619,25,4362,24,9257,0,0,25,6209,23,3715,25,9924,California
Tuolumne,2021-02-24,104,13723,57,4419,47,9304,0,0,40,6187,63,3778,41,9965,California
Tuolumne,2021-02-25,1058,14781,36,4455,1022,10326,0,0,1023,7176,35,3813,1024,10989,California
Tuolumne,2021-02-26,155,14936,12,4467,143,10469,0,0,125,7272,30,3843,126,11115,California
Tuolumne,2021-02-27,964,15900,584,5051,380,10849,0,0,248,6829,696,4539,253,11368,California
Tuolumne,2021-02-28,56,15956,4,5055,52,10901,0,0,52,6878,3,4542,52,11420,California
Tuolumne,2021-03-01,121,16077,22,5077,98,10999,1,1,79,6918,41,4583,81,11501,California
Tuolumne,2021-03-02,715,16792,79,5156,636,11635,0,1,109,6422,605,5188,109,11610,California
Tuolumne,2021-03-03,98,16890,22,5178,76,11711,0,1,66,6457,31,5219,66,11676,California
Tuolumne,2021-03-04,1178,18068,77,5255,1101,12812,0,1,1109,7499,67,5286,1109,12785,California
Tuolumne,2021-03-05,93,18161,10,5265,83,12895,0,1,52,7512,40,5326,53,12838,California
Tuolumne,2021-03-06,1069,19230,610,5875,457,13352,2,3,201,6860,860,6186,208,13046,California
Tuolumne,2021-03-07,41,19271,12,5887,14,13366,15,18,18,6870,23,6209,33,13079,California
Tuolumne,2021-03-08,201,19472,92,5979,102,13468,7,25,143,6961,58,6267,149,13228,California
Tuolumne,2021-03-09,875,20347,19,5998,845,14313,11,36,66,6236,802,7069,77,13305,California
Tuolumne,2021-03-10,101,20448,19,6017,71,14384,11,47,54,6254,47,7116,65,13370,California
Tuolumne,2021-03-11,1309,21757,45,6062,1258,15642,6,53,1256,7465,53,7169,1264,14634,California
Tuolumne,2021-03-12,317,22074,44,6106,258,15900,15,68,191,7550,124,7293,209,14843,California
Tuolumne,2021-03-13,120,22194,12,6118,108,16008,0,68,84,7600,35,7328,85,14928,California
Tuolumne,2021-03-14,150,22344,11,6129,130,16138,9,77,6,7476,144,7472,20,14948,California
Tuolumne,2021-03-15,306,22650,83,6212,220,16358,3,80,104,7390,201,7673,115,15063,California
Tuolumne,2021-03-16,810,23460,41,6253,758,17116,11,91,670,7933,139,7812,682,15745,California
Tuolumne,2021-03-17,156,23616,33,6286,110,17226,13,104,80,7950,75,7887,92,15837,California
Tuolumne,2021-03-18,953,24569,28,6314,912,18138,13,117,317,7649,631,8518,330,16167,California
Tuolumne,2021-03-19,138,24707,20,6334,89,18227,29,146,76,7693,61,8579,105,16272,California
Tuolumne,2021-03-20,93,24800,8,6342,75,18302,10,156,38,7686,54,8633,47,16319,California
Tuolumne,2021-03-21,842,25642,395,6737,437,18739,10,166,38,6947,789,9422,50,16369,California
Tuolumne,2021-03-22,166,25808,75,6812,72,18811,19,185,97,6996,68,9490,117,16486,California
Tuolumne,2021-03-23,718,26526,641,7453,63,18874,14,199,679,7650,38,9528,692,17178,California
Tuolumne,2021-03-24,112,26638,22,7475,72,18946,18,217,78,7713,33,9561,96,17274,California
Tuolumne,2021-03-25,1303,27941,24,7499,1276,20222,3,220,326,7069,973,10534,329,17603,California
Tuolumne,2021-03-26,281,28222,19,7518,238,20460,24,244,119,7063,150,10684,144,17747,California
Tuolumne,2021-03-27,590,28812,55,7573,535,20995,0,244,318,7117,267,10951,321,18068,California
Tuolumne,2021-03-28,47,28859,6,7579,41,21036,0,244,8,7088,38,10989,9,18077,California
Tuolumne,2021-03-29,211,29070,87,7666,124,21160,0,244,111,7102,97,11086,111,18188,California
Tuolumne,2021-03-30,170,29240,13,7679,156,21316,1,245,124,7182,45,11131,125,18313,California
Tuolumne,2021-03-31,98,29338,14,7693,82,21398,2,247,40,7168,56,11187,42,18355,California
Tuolumne,2021-04-01,1256,30594,31,7724,1225,22623,0,247,231,6377,1022,12209,231,18586,California
Tuolumne,2021-04-02,171,30765,12,7736,133,22756,26,273,93,6421,75,12284,119,18705,California
Tuolumne,2021-04-03,437,31202,36,7772,399,23155,2,275,245,6478,189,12473,246,18951,California
Tuolumne,2021-04-04,34,31236,4,7776,30,23185,0,275,21,6488,11,12484,21,18972,California
Tuolumne,2021-04-05,132,31368,19,7795,106,23291,7,282,58,6479,74,12558,65,19037,California
Tuolumne,2021-04-06,655,32023,518,8313,110,23401,27,309,518,6889,136,12694,546,19583,California
Tuolumne,2021-04-07,130,32153,38,8351,75,23476,17,326,50,6876,80,12774,67,19650,California
Tuolumne,2021-04-08,1453,33606,35,8386,1403,24879,15,341,250,5943,1198,13972,265,19915,California
Tuolumne,2021-04-09,279,33885,44,8430,190,25069,45,386,133,5978,146,14118,181,20096,California
Tuolumne,2021-04-10,56,33941,2,8432,34,25103,20,406,23,5989,32,14150,43,20139,California
Tuolumne,2021-04-11,18,33959,3,8435,12,25115,3,409,12,5998,6,14156,15,20154,California
Tuolumne,2021-04-12,172,34131,66,8501,101,25216,5,414,89,6014,78,14234,94,20248,California
Tuolumne,2021-04-13,788,34919,35,8536,753,25969,0,414,171,5576,609,14843,171,20419,California
Tuolumne,2021-04-14,159,35078,32,8568,127,26096,0,414,79,5580,76,14919,80,20499,California
Tuolumne,2021-04-15,346,35424,22,8590,324,26420,0,414,61,5363,278,15197,61,20560,California
Tuolumne,2021-04-16,261,35685,56,8646,205,26625,0,414,143,5399,108,15305,144,20704,California
Tuolumne,2021-04-17,44,35729,6,8652,38,26663,0,414,28,5411,16,15321,28,20732,California
Tuolumne,2021-04-18,10,35739,3,8655,7,26670,0,414,5,5412,5,15326,6,20738,California
Tuolumne,2021-04-19,177,35916,79,8734,98,26768,0,414,97,5431,78,15404,97,20835,California
Tuolumne,2021-04-20,715,36631,618,9352,97,26865,0,414,75,4874,632,16036,75,20910,California
Tuolumne,2021-04-21,122,36753,27,9379,95,26960,0,414,64,4886,52,16088,64,20974,California
Tuolumne,2021-04-22,711,37464,46,9425,665,27625,0,414,429,5044,272,16360,430,21404,California
Tuolumne,2021-04-23,181,37645,32,9457,149,27774,0,414,82,5034,93,16453,83,21487,California
Tuolumne,2021-04-24,79,37724,18,9475,61,27835,0,414,50,5055,29,16482,50,21537,California
Tuolumne,2021-04-25,26,37750,10,9485,16,27851,0,414,23,5075,3,16485,23,21560,California
Tuolumne,2021-04-26,159,37909,56,9541,103,27954,0,414,74,5067,83,16568,75,21635,California
Tuolumne,2021-04-27,145,38054,23,9564,115,28069,7,421,66,5064,76,16644,73,21708,California
Tuolumne,2021-04-28,120,38174,24,9588,84,28153,12,433,63,5083,56,16700,75,21783,California
Tuolumne,2021-04-29,285,38459,21,9609,256,28409,8,441,57,4924,224,16924,65,21848,California
Tuolumne,2021-04-30,373,38832,26,9635,335,28744,12,453,73,4713,296,17220,85,21933,California
Tuolumne,2021-05-01,25,38857,7,9642,13,28757,5,458,16,4725,9,17229,21,21954,California
Tuolumne,2021-05-02,26,38883,3,9645,21,28778,2,460,19,4739,7,17236,21,21975,California
Tuolumne,2021-05-03,113,38996,15,9660,93,28871,5,465,38,4709,73,17309,43,22018,California
Tuolumne,2021-05-04,710,39706,601,10261,104,28975,5,470,215,4435,493,17802,219,22237,California
Tuolumne,2021-05-05,110,39816,26,10287,78,29053,6,476,58,4450,49,17851,64,22301,California
Tuolumne,2021-05-06,292,40108,15,10302,261,29314,16,492,43,4264,244,18095,58,22359,California
Tuolumne,2021-05-07,329,40437,25,10327,296,29610,8,500,63,4070,265,18360,71,22430,California
Tuolumne,2021-05-08,50,40487,6,10333,40,29650,4,504,32,4088,18,18378,36,22466,California
Tuolumne,2021-05-09,17,40504,2,10335,13,29663,2,506,3,4079,14,18392,5,22471,California
Tuolumne,2021-05-10,114,40618,45,10380,64,29727,5,511,32,4035,81,18473,37,22508,California
Tuolumne,2021-05-11,203,40821,61,10441,130,29857,12,523,54,3954,147,18620,66,22574,California
Tuolumne,2021-05-12,133,40954,22,10463,107,29964,4,527,51,3927,82,18702,55,22629,California
Tuolumne,2021-05-13,117,41071,19,10482,90,30054,8,535,73,3963,44,18746,80,22709,California
Tuolumne,2021-05-14,207,41278,76,10558,120,30174,11,546,107,3983,98,18844,118,22827,California
Tuolumne,2021-05-15,58,41336,15,10573,36,30210,7,553,19,3971,39,18883,27,22854,California
Tuolumne,2021-05-16,29,41365,9,10582,18,30228,2,555,14,3973,14,18897,16,22870,California
Tuolumne,2021-05-17,110,41475,30,10612,77,30305,3,558,47,3961,63,18960,51,22921,California
Tuolumne,2021-05-18,181,41656,57,10669,77,30382,47,605,60,3948,120,19080,107,23028,California
Tuolumne,2021-05-19,118,41774,20,10689,65,30447,33,638,46,3955,72,19152,79,23107,California
Tuolumne,2021-05-20,411,42185,21,10710,383,30830,7,645,52,3657,357,19509,59,23166,California
Tuolumne,2021-05-21,201,42386,95,10805,101,30931,5,650,120,3703,79,19588,125,23291,California
Tuolumne,2021-05-22,58,42444,18,10823,34,30965,6,656,25,3701,32,19620,30,23321,California
Tuolumne,2021-05-23,27,42471,7,10830,19,30984,1,657,10,3695,17,19637,11,23332,California
Tuolumne,2021-05-24,138,42609,43,10873,89,31073,6,663,53,3670,84,19721,59,23391,California
Tuolumne,2021-05-25,297,42906,222,11095,69,31142,6,669,111,3602,185,19906,117,23508,California
Tuolumne,2021-05-26,87,42993,23,11118,63,31205,1,670,37,3590,50,19956,38,23546,California
Tuolumne,2021-05-27,76,43069,15,11133,59,31264,2,672,31,3579,44,20000,33,23579,California
Tuolumne,2021-05-28,111,43180,51,11184,59,31323,1,673,64,3600,44,20044,65,23644,California
Tuolumne,2021-05-29,38,43218,7,11191,25,31348,6,679,17,3602,21,20065,23,23667,California
Tuolumne,2021-05-30,18,43236,1,11192,14,31362,3,682,4,3595,14,20079,7,23674,California
Tuolumne,2021-05-31,10,43246,2,11194,7,31369,1,683,2,3590,8,20087,3,23677,California
Tuolumne,2021-06-01,80,43326,22,11216,54,31423,4,687,25,3565,54,20141,29,23706,California
Tuolumne,2021-06-02,74,43400,8,11224,58,31481,8,695,23,3546,50,20191,31,23737,California
Tuolumne,2021-06-03,77,43477,25,11249,37,31518,15,710,23,3532,52,20243,38,23775,California
Tuolumne,2021-06-04,131,43608,62,11311,66,31584,3,713,38,3482,91,20334,41,23816,California
Tuolumne,2021-06-05,41,43649,10,11321,29,31613,2,715,16,3475,25,20359,18,23834,California
Tuolumne,2021-06-06,19,43668,5,11326,7,31620,7,722,4,3471,15,20374,11,23845,California
Tuolumne,2021-06-07,59,43727,14,11340,37,31657,8,730,26,3472,33,20407,34,23879,California
Tuolumne,2021-06-08,74,43801,22,11362,51,31708,1,731,27,3455,45,20452,28,23907,California
Tuolumne,2021-06-09,87,43888,45,11407,32,31740,10,741,40,3459,46,20498,50,23957,California
Tuolumne,2021-06-10,98,43986,15,11422,76,31816,7,748,27,3422,71,20569,34,23991,California
Tuolumne,2021-06-11,102,44088,48,11470,51,31867,3,751,25,3374,76,20645,28,24019,California
Tuolumne,2021-06-12,61,44149,20,11490,25,31892,16,767,18,3367,41,20686,34,24053,California
Tuolumne,2021-06-13,17,44166,2,11492,10,31902,5,772,3,3361,14,20700,8,24061,California
Tuolumne,2021-06-14,102,44268,34,11526,64,31966,4,776,54,3371,48,20748,58,24119,California
Tuolumne,2021-06-15,131,44399,82,11608,39,32005,10,786,21,3294,108,20856,31,24150,California
Tuolumne,2021-06-16,95,44494,46,11654,46,32051,3,789,54,3311,40,20896,57,24207,California
Tuolumne,2021-06-17,45,44539,10,11664,34,32085,1,790,17,3301,28,20924,18,24225,California
Tuolumne,2021-06-18,170,44709,95,11759,61,32146,14,804,60,3265,109,21033,73,24298,California
Tuolumne,2021-06-19,26,44735,9,11768,14,32160,3,807,10,3262,16,21049,13,24311,California
Tuolumne,2021-06-20,13,44748,2,11770,11,32171,0,807,10,3269,3,21052,10,24321,California
Tuolumne,2021-06-21,40,44788,4,11774,35,32206,1,808,20,3270,20,21072,21,24342,California
Tuolumne,2021-06-22,45,44833,11,11785,34,32240,0,808,22,3270,22,21094,22,24364,California
Tuolumne,2021-06-23,71,44904,8,11793,43,32283,20,828,35,3289,36,21130,55,24419,California
Tuolumne,2021-06-24,56,44960,16,11809,30,32313,10,838,22,3289,34,21164,34,24453,California
Tuolumne,2021-06-25,54,45014,30,11839,19,32332,5,843,30,3299,24,21188,34,24487,California
Tuolumne,2021-06-26,16,45030,5,11844,11,32343,0,843,11,3305,5,21193,11,24498,California
Tuolumne,2021-06-27,10,45040,3,11847,7,32350,0,843,10,3315,0,21193,10,24508,California
Tuolumne,2021-06-28,34,45074,11,11858,18,32368,5,848,24,3334,10,21203,29,24537,California
Tuolumne,2021-06-29,32,45106,13,11871,17,32385,2,850,19,3342,13,21216,21,24558,California
Tuolumne,2021-06-30,62,45168,31,11902,30,32415,1,851,21,3324,40,21256,22,24580,California
Ventura,2020-12-15,5,5,5,5,0,0,0,0,5,5,0,0,5,5,California
Ventura,2020-12-16,75,80,75,80,0,0,0,0,75,80,0,0,75,80,California
Ventura,2020-12-17,314,394,314,394,0,0,0,0,314,394,0,0,314,394,California
Ventura,2020-12-18,1599,1993,1599,1993,0,0,0,0,1599,1993,0,0,1599,1993,California
Ventura,2020-12-19,986,2979,985,2978,1,1,0,0,986,2979,0,0,986,2979,California
Ventura,2020-12-20,458,3437,458,3436,0,1,0,0,458,3437,0,0,458,3437,California
Ventura,2020-12-21,1517,4954,1517,4953,0,1,0,0,1517,4954,0,0,1517,4954,California
Ventura,2020-12-22,1159,6113,1153,6106,6,7,0,0,1159,6113,0,0,1159,6113,California
Ventura,2020-12-23,1086,7199,1036,7142,50,57,0,0,1086,7199,0,0,1086,7199,California
Ventura,2020-12-24,478,7677,378,7520,100,157,0,0,478,7677,0,0,478,7677,California
Ventura,2020-12-25,12,7689,7,7527,5,162,0,0,12,7689,0,0,12,7689,California
Ventura,2020-12-26,112,7801,91,7618,21,183,0,0,112,7801,0,0,112,7801,California
Ventura,2020-12-27,59,7860,27,7645,32,215,0,0,59,7860,0,0,59,7860,California
Ventura,2020-12-28,1093,8953,950,8595,143,358,0,0,1093,8953,0,0,1093,8953,California
Ventura,2020-12-29,1186,10139,776,9371,410,768,0,0,1185,10138,0,0,1185,10138,California
Ventura,2020-12-30,1998,12137,1531,10902,467,1235,0,0,1998,12136,0,0,1998,12136,California
Ventura,2020-12-31,486,12623,165,11067,321,1556,0,0,481,12612,5,5,481,12617,California
Ventura,2021-01-01,39,12662,17,11084,22,1578,0,0,39,12651,0,5,39,12656,California
Ventura,2021-01-02,176,12838,81,11165,95,1673,0,0,176,12827,0,5,176,12832,California
Ventura,2021-01-03,19,12857,8,11173,11,1684,0,0,19,12846,0,5,19,12851,California
Ventura,2021-01-04,1033,13890,493,11666,540,2224,0,0,1031,13877,0,5,1031,13882,California
Ventura,2021-01-05,1380,15270,783,12449,597,2821,0,0,1268,15036,109,114,1268,15150,California
Ventura,2021-01-06,2072,17342,1188,13637,884,3705,0,0,1571,16117,492,606,1573,16723,California
Ventura,2021-01-07,2083,19425,1332,14969,751,4456,0,0,1039,16118,1039,1645,1040,17763,California
Ventura,2021-01-08,2203,21628,1476,16445,727,5183,0,0,908,15735,1293,2938,910,18673,California
Ventura,2021-01-09,724,22352,503,16948,221,5404,0,0,318,15647,406,3344,318,18991,California
Ventura,2021-01-10,344,22696,327,17275,17,5421,0,0,129,15561,215,3559,129,19120,California
Ventura,2021-01-11,2460,25156,1492,18767,968,6389,0,0,1508,16121,952,4511,1512,20632,California
Ventura,2021-01-12,3054,28210,1617,20384,1437,7826,0,0,1934,16935,1120,5631,1934,22566,California
Ventura,2021-01-13,2946,31156,1435,21819,1511,9337,0,0,2036,18065,907,6538,2037,24603,California
Ventura,2021-01-14,2789,33945,1105,22924,1684,11021,0,0,2327,19932,461,6999,2328,26931,California
Ventura,2021-01-15,2898,36843,967,23891,1931,12952,0,0,2685,22405,213,7212,2686,29617,California
Ventura,2021-01-16,491,37334,188,24079,303,13255,0,0,411,22736,80,7292,411,30028,California
Ventura,2021-01-17,268,37602,139,24218,129,13384,0,0,261,22991,6,7298,261,30289,California
Ventura,2021-01-18,2220,39822,1666,25884,554,13938,0,0,1669,24111,550,7848,1670,31959,California
Ventura,2021-01-19,3063,42885,2132,28016,931,14869,0,0,2152,25355,911,8759,2155,34114,California
Ventura,2021-01-20,4182,47067,3215,31231,967,15836,0,0,3085,27348,1093,9852,3086,37200,California
Ventura,2021-01-21,3890,50957,2709,33940,1181,17017,0,0,3207,29882,675,10527,3209,40409,California
Ventura,2021-01-22,3646,54603,2509,36449,1137,18154,0,0,3478,33192,168,10695,3478,43887,California
Ventura,2021-01-23,1193,55796,652,37101,541,18695,0,0,1092,34186,100,10795,1094,44981,California
Ventura,2021-01-24,456,56252,135,37236,321,19016,0,0,443,34616,13,10808,443,45424,California
Ventura,2021-01-25,3175,59427,2039,39275,1136,20152,0,0,2614,36671,560,11368,2615,48039,California
Ventura,2021-01-26,3737,63164,2212,41487,1525,21677,0,0,2726,38391,1007,12375,2727,50766,California
Ventura,2021-01-27,3505,66669,1569,43056,1936,23613,0,0,2751,40394,750,13125,2753,53519,California
Ventura,2021-01-28,3906,70575,2006,45062,1900,25513,0,0,3280,43067,610,13735,3283,56802,California
Ventura,2021-01-29,4306,74881,2541,47603,1765,27278,0,0,3791,46359,499,14234,3791,60593,California
Ventura,2021-01-30,3048,77929,1958,49561,1090,28368,0,0,2871,49060,171,14405,2872,63465,California
Ventura,2021-01-31,836,78765,444,50005,392,28760,0,0,746,49717,89,14494,746,64211,California
Ventura,2021-02-01,3996,82761,2120,52125,1876,30636,0,0,3210,52151,778,15272,3212,67423,California
Ventura,2021-02-02,4448,87209,2383,54508,2065,32701,0,0,3414,54540,1028,16300,3417,70840,California
Ventura,2021-02-03,4488,91697,2096,56604,2392,35093,0,0,3457,56973,1026,17326,3459,74299,California
Ventura,2021-02-04,4830,96527,2310,58914,2520,37613,0,0,3545,59245,1277,18603,3549,77848,California
Ventura,2021-02-05,4921,101448,2388,61302,2533,40146,0,0,3373,61087,1534,20137,3376,81224,California
Ventura,2021-02-06,2862,104310,1522,62824,1340,41486,0,0,2456,63137,406,20543,2456,83680,California
Ventura,2021-02-07,745,105055,245,63069,500,41986,0,0,620,63633,125,20668,621,84301,California
Ventura,2021-02-08,3531,108586,1633,64702,1898,43884,0,0,2439,64988,1085,21753,2440,86741,California
Ventura,2021-02-09,4759,113345,1980,66682,2779,46663,0,0,2487,65210,2269,24022,2491,89232,California
Ventura,2021-02-10,4777,118122,2259,68941,2518,49181,0,0,2398,65245,2364,26386,2399,91631,California
Ventura,2021-02-11,4725,122847,1883,70824,2842,52023,0,0,2476,65483,2241,28627,2479,94110,California
Ventura,2021-02-12,6395,129242,2695,73519,3700,55723,0,0,3263,65621,3125,31752,3263,97373,California
Ventura,2021-02-13,3333,132575,1847,75366,1486,57209,0,0,1858,66010,1471,33223,1860,99233,California
Ventura,2021-02-14,1235,133810,126,75492,1109,58318,0,0,1015,66808,219,33442,1017,100250,California
Ventura,2021-02-15,4045,137855,1834,77326,2211,60529,0,0,2133,67034,1909,35351,2135,102385,California
Ventura,2021-02-16,5611,143466,2747,80073,2864,63393,0,0,3039,67512,2562,37913,3040,105425,California
Ventura,2021-02-17,5361,148827,1944,82017,3417,66810,0,0,3359,68879,1992,39905,3359,108784,California
Ventura,2021-02-18,5835,154662,1849,83866,3986,70796,0,0,3657,70376,2160,42065,3657,112441,California
Ventura,2021-02-19,6593,161255,3839,87705,2754,73550,0,0,3035,69890,3528,45593,3042,115483,California
Ventura,2021-02-20,5024,166279,3232,90937,1792,75342,0,0,2785,70474,2207,47800,2791,118274,California
Ventura,2021-02-21,1148,167427,842,91779,306,75648,0,0,474,70283,665,48465,474,118748,California
Ventura,2021-02-22,5602,173029,2486,94265,3116,78764,0,0,3580,71868,2000,50465,3585,122333,California
Ventura,2021-02-23,6057,179086,3010,97275,3047,81811,0,0,3455,72749,2578,53043,3459,125792,California
Ventura,2021-02-24,7126,186212,2628,99903,4498,86309,0,0,4273,74189,2835,55878,4275,130067,California
Ventura,2021-02-25,7625,193837,2580,102483,5045,91354,0,0,4584,75751,3027,58905,4589,134656,California
Ventura,2021-02-26,9480,203317,2782,105265,6698,98052,0,0,6172,78646,3281,62186,6176,140832,California
Ventura,2021-02-27,10624,213941,5298,110563,5326,103378,0,0,7970,83990,2636,64822,7980,148812,California
Ventura,2021-02-28,2581,216522,1647,112210,933,104311,1,1,2099,85616,474,65296,2100,150912,California
Ventura,2021-03-01,7179,223701,2859,115069,4317,108628,3,4,4763,88000,2395,67691,4779,155691,California
Ventura,2021-03-02,7746,231447,4052,119121,3692,112320,2,6,5424,91116,2309,70000,5425,161116,California
Ventura,2021-03-03,8717,240164,3933,123054,4781,117101,3,9,6134,94696,2561,72561,6141,167257,California
Ventura,2021-03-04,8323,248487,3887,126941,4436,121537,0,9,5608,97610,2699,75260,5613,172870,California
Ventura,2021-03-05,10109,258596,4819,131760,5279,126816,11,20,7188,101918,2904,78164,7212,180082,California
Ventura,2021-03-06,7803,266399,4405,136165,3244,130060,154,174,5814,105909,1981,80145,5972,186054,California
Ventura,2021-03-07,1670,268069,620,136785,949,131009,101,275,1250,106842,420,80565,1353,187407,California
Ventura,2021-03-08,6867,274936,3447,140232,3264,134273,156,431,4744,109634,2112,82677,4904,192311,California
Ventura,2021-03-09,6899,281835,3035,143267,3664,137937,200,631,3993,110943,2890,85567,4199,196510,California
Ventura,2021-03-10,7058,288893,3025,146292,3791,141728,242,873,4702,113546,2341,87908,4944,201454,California
Ventura,2021-03-11,6588,295481,2910,149202,3359,145087,319,1192,3584,114464,2984,90892,3902,205356,California
Ventura,2021-03-12,8761,304242,3061,152263,4855,149942,845,2037,4276,115119,4459,95351,5114,210470,California
Ventura,2021-03-13,7318,311560,2515,154778,3957,153899,846,2883,4343,117351,2955,98306,5187,215657,California
Ventura,2021-03-14,2144,313704,487,155265,1161,155060,496,3379,725,117157,1416,99722,1222,216879,California
Ventura,2021-03-15,7132,320836,2057,157322,3726,158786,1349,4728,3147,117694,3954,103676,4491,221370,California
Ventura,2021-03-16,8195,329031,2469,159791,4611,163397,1115,5843,4227,119085,3950,107626,5341,226711,California
Ventura,2021-03-17,7749,336780,2810,162601,4590,167987,349,6192,4716,121141,3010,110636,5066,231777,California
Ventura,2021-03-18,7609,344389,3309,165910,4147,172134,153,6345,5002,123705,2591,113227,5155,236932,California
Ventura,2021-03-19,8719,353108,3833,169743,4773,176907,113,6458,5298,125733,3381,116608,5409,242341,California
Ventura,2021-03-20,8941,362049,5956,175699,2961,179868,24,6482,4654,126155,4257,120865,4679,247020,California
Ventura,2021-03-21,2812,364861,1530,177229,910,180778,372,6854,1317,126359,1481,122346,1685,248705,California
Ventura,2021-03-22,7466,372327,3736,180965,3627,184405,103,6957,4916,128858,2522,124868,5021,253726,California
Ventura,2021-03-23,8299,380626,3958,184923,4268,188673,73,7030,4645,129963,3612,128480,4717,258443,California
Ventura,2021-03-24,8978,389604,3442,188365,5458,194131,78,7108,4468,130044,4469,132949,4550,262993,California
Ventura,2021-03-25,8881,398485,3935,192300,4842,198973,104,7212,4497,130282,4362,137311,4600,267593,California
Ventura,2021-03-26,9994,408479,3384,195684,5956,204929,654,7866,4020,129018,5935,143246,4671,272264,California
Ventura,2021-03-27,8803,417282,3952,199636,4808,209737,43,7909,2437,125173,6326,149572,2481,274745,California
Ventura,2021-03-28,2552,419834,1432,201068,1111,210848,9,7918,1379,125394,1167,150739,1388,276133,California
Ventura,2021-03-29,8663,428497,4328,205396,4289,215137,46,7964,4280,125370,4350,155089,4326,280459,California
Ventura,2021-03-30,9042,437539,4483,209879,4428,219565,131,8095,4402,125283,4620,159709,4533,284992,California
Ventura,2021-03-31,10876,448415,4882,214761,5365,224930,629,8724,4693,124450,6152,165861,5319,290311,California
Ventura,2021-04-01,10954,459369,5314,220075,4751,229681,889,9613,5530,125487,5376,171237,6413,296724,California
Ventura,2021-04-02,11878,471247,4670,224745,5863,235544,1345,10958,5701,126392,6142,177379,7047,303771,California
Ventura,2021-04-03,8165,479412,4044,228789,2943,238487,1178,12136,3446,126306,4703,182082,4617,308388,California
Ventura,2021-04-04,1721,481133,963,229752,623,239110,135,12271,1147,127021,567,182649,1282,309670,California
Ventura,2021-04-05,9479,490612,4883,234635,3475,242585,1121,13392,4838,128351,4626,187275,5956,315626,California
Ventura,2021-04-06,11024,501636,5581,240216,3944,246529,1499,14891,5666,130187,5328,192603,7164,322790,California
Ventura,2021-04-07,11533,513169,5424,245640,4593,251122,1516,16407,5270,130726,6241,198844,6780,329570,California
Ventura,2021-04-08,10511,523680,5305,250945,4218,255340,988,17395,5247,131712,5237,204081,6223,335793,California
Ventura,2021-04-09,11408,535088,4406,255351,5270,260610,1732,19127,4997,132048,6384,210465,6720,342513,California
Ventura,2021-04-10,9886,544974,4177,259528,3537,264147,2172,21299,3068,130484,6798,217263,5234,347747,California
Ventura,2021-04-11,2455,547429,862,260390,1016,265163,577,21876,688,129991,1756,219019,1263,349010,California
Ventura,2021-04-12,9130,556559,4542,264932,3753,268916,835,22711,3826,129362,5284,224303,4655,353665,California
Ventura,2021-04-13,8974,565533,4574,269506,4394,273310,6,22717,3795,128023,5140,229443,3801,357466,California
Ventura,2021-04-14,8906,574439,4149,273655,4742,278052,15,22732,3411,126003,5452,234895,3432,360898,California
Ventura,2021-04-15,9538,583977,4611,278266,4900,282952,27,22759,4107,124748,5390,240285,4135,365033,California
Ventura,2021-04-16,10362,594339,4578,282844,5782,288734,2,22761,4867,124155,5467,245752,4874,369907,California
Ventura,2021-04-17,9075,603414,5422,288266,3639,292373,14,22775,5282,125676,3775,249527,5296,375203,California
Ventura,2021-04-18,2243,605657,1105,289371,1138,293511,0,22775,969,125381,1265,250792,970,376173,California
Ventura,2021-04-19,8181,613838,4883,294254,3295,296806,3,22778,4699,126628,3456,254248,4703,380876,California
Ventura,2021-04-20,9593,623431,5105,299359,4483,301289,5,22783,4524,126117,5040,259288,4529,385405,California
Ventura,2021-04-21,9244,632675,4817,304176,4422,305711,5,22788,4428,125755,4795,264083,4433,389838,California
Ventura,2021-04-22,10213,642888,5590,309766,4622,310333,1,22789,4540,124649,5649,269732,4543,394381,California
Ventura,2021-04-23,11047,653935,5512,315278,5534,315867,1,22790,5492,124618,5525,275257,5494,399875,California
Ventura,2021-04-24,10584,664519,5916,321194,4668,320535,0,22790,6214,126483,4350,279607,6215,406090,California
Ventura,2021-04-25,2492,667011,1720,322914,772,321307,0,22790,1160,126315,1328,280935,1160,407250,California
Ventura,2021-04-26,8028,675039,4612,327526,3349,324656,67,22857,3338,125055,4660,285595,3400,410650,California
Ventura,2021-04-27,9219,684258,5149,332675,3842,328498,228,23085,3472,123028,5726,291321,3699,414349,California
Ventura,2021-04-28,8445,692703,4898,337573,3226,331724,321,23406,3313,121561,5102,296423,3635,417984,California
Ventura,2021-04-29,7965,700668,4298,341871,3403,335127,264,23670,2833,119554,5103,301526,3096,421080,California
Ventura,2021-04-30,9544,710212,5517,347388,3752,338879,275,23945,3935,118181,5573,307099,4200,425280,California
Ventura,2021-05-01,5153,715365,3643,351031,1403,340282,107,24052,2040,117240,3084,310183,2143,427423,California
Ventura,2021-05-02,2138,717503,1431,352462,616,340898,91,24143,1035,117270,1097,311280,1127,428550,California
Ventura,2021-05-03,6336,723839,3891,356353,2156,343054,289,24432,1980,115207,4332,315612,2269,430819,California
Ventura,2021-05-04,6458,730297,3380,359733,2780,345834,298,24730,2324,113711,4119,319731,2623,433442,California
Ventura,2021-05-05,5472,735769,3065,362798,2146,347980,261,24991,1953,112431,3488,323219,2208,435650,California
Ventura,2021-05-06,6245,742014,3221,366019,2755,350735,269,25260,1996,110469,4228,327447,2266,437916,California
Ventura,2021-05-07,6920,748934,3470,369489,3175,353910,275,25535,2356,108564,4535,331982,2630,440546,California
Ventura,2021-05-08,5418,754352,4215,373704,1045,354955,158,25693,1220,105757,4183,336165,1376,441922,California
Ventura,2021-05-09,1128,755480,821,374525,261,355216,46,25739,427,105536,693,336858,472,442394,California
Ventura,2021-05-10,6161,761641,4111,378636,1840,357056,210,25949,1389,102376,4758,341616,1598,443992,California
Ventura,2021-05-11,5358,766999,3305,381941,1829,358885,224,26173,1504,100261,3842,345458,1727,445719,California
Ventura,2021-05-12,5073,772072,2994,384935,1859,360744,220,26393,1535,98494,3522,348980,1755,447474,California
Ventura,2021-05-13,6371,778443,3860,388795,2304,363048,207,26600,2273,96897,4080,353060,2483,449957,California
Ventura,2021-05-14,7510,785953,4655,393450,2636,365684,219,26819,2832,95284,4659,357719,3046,453003,California
Ventura,2021-05-15,6755,792708,5391,398841,1276,366960,88,26907,2806,94256,3922,361641,2894,455897,California
Ventura,2021-05-16,2203,794911,1711,400552,440,367400,52,26959,1040,94190,1158,362799,1092,456989,California
Ventura,2021-05-17,5895,800806,3560,404112,2121,369521,214,27173,2404,93334,3473,366272,2617,459606,California
Ventura,2021-05-18,5419,806225,3168,407280,2071,371592,180,27353,2129,92371,3271,369543,2308,461914,California
Ventura,2021-05-19,5839,812064,3525,410805,2103,373695,211,27564,2358,91484,3452,372995,2565,464479,California
Ventura,2021-05-20,5493,817557,3048,413853,2286,375981,159,27723,2128,90432,3335,376330,2283,466762,California
Ventura,2021-05-21,7941,825498,4473,418326,3292,379273,176,27899,2561,87823,5347,381677,2738,469500,California
Ventura,2021-05-22,5649,831147,2888,421214,2686,381959,75,27974,1762,85783,3877,385554,1837,471337,California
Ventura,2021-05-23,1989,833136,1526,422740,391,382350,72,28046,740,85355,1240,386794,812,472149,California
Ventura,2021-05-24,4546,837682,2465,425205,1913,384263,168,28214,1450,83893,3077,389871,1615,473764,California
Ventura,2021-05-25,4296,841978,2230,427435,1914,386177,152,28366,1416,82599,2861,392732,1567,475331,California
Ventura,2021-05-26,4293,846271,2284,429719,1843,388020,166,28532,1653,81801,2617,395349,1819,477150,California
Ventura,2021-05-27,3876,850147,1912,431631,1836,389856,128,28660,1381,80828,2481,397830,1508,478658,California
Ventura,2021-05-28,4568,854715,2480,434111,1894,391750,194,28854,1976,80421,2572,400402,2165,480823,California
Ventura,2021-05-29,2152,856867,1346,435457,739,392489,67,28921,1043,80434,1097,401499,1110,481933,California
Ventura,2021-05-30,910,857777,582,436039,275,392764,53,28974,357,80294,550,402049,410,482343,California
Ventura,2021-05-31,257,858034,138,436177,110,392874,9,28983,61,80168,196,402245,70,482413,California
Ventura,2021-06-01,4015,862049,2285,438462,1564,394438,166,29149,1291,78926,2699,404944,1457,483870,California
Ventura,2021-06-02,2967,865016,1632,440094,1199,395637,136,29285,1005,78121,1946,406890,1141,485011,California
Ventura,2021-06-03,3244,868260,2008,442102,1081,396718,155,29440,883,76809,2349,409239,1037,486048,California
Ventura,2021-06-04,4592,872852,3022,445124,1409,398127,161,29601,1418,75227,3160,412399,1578,487626,California
Ventura,2021-06-05,3822,876674,3191,448315,567,398694,64,29665,1155,73793,2654,415053,1220,488846,California
Ventura,2021-06-06,1252,877926,1072,449387,135,398829,45,29710,283,73162,958,416011,327,489173,California
Ventura,2021-06-07,3168,881094,2358,451745,699,399528,111,29821,947,72013,2206,418217,1057,490230,California
Ventura,2021-06-08,3028,884122,1992,453737,901,400429,135,29956,884,70904,2128,420345,1019,491249,California
Ventura,2021-06-09,2943,887065,2049,455786,788,401217,106,30062,762,69604,2167,422512,867,492116,California
Ventura,2021-06-10,3031,890096,2120,457906,809,402026,102,30164,809,68304,2209,424721,909,493025,California
Ventura,2021-06-11,3471,893567,2388,460294,946,402972,137,30301,975,66928,2485,427206,1109,494134,California
Ventura,2021-06-12,2155,895722,1689,461983,420,403392,46,30347,515,65858,1631,428837,561,494695,California
Ventura,2021-06-13,1018,896740,780,462763,174,403566,64,30411,237,65381,780,429617,303,494998,California
Ventura,2021-06-14,2642,899382,1803,464566,708,404274,131,30542,814,64509,1816,431433,944,495942,California
Ventura,2021-06-15,2432,901814,1568,466134,753,405027,111,30653,849,63897,1570,433003,958,496900,California
Ventura,2021-06-16,2486,904300,1823,467957,558,405585,105,30758,829,63192,1638,434641,933,497833,California
Ventura,2021-06-17,2222,906522,1557,469514,565,406150,100,30858,818,62715,1395,436036,918,498751,California
Ventura,2021-06-18,2962,909484,2088,471602,749,406899,125,30983,977,61846,1970,438006,1101,499852,California
Ventura,2021-06-19,1375,910859,1064,472666,286,407185,25,31008,521,61549,843,438849,546,500398,California
Ventura,2021-06-20,692,911551,537,473203,114,407299,41,31049,260,61421,429,439278,301,500699,California
Ventura,2021-06-21,1683,913234,1076,474279,489,407788,118,31167,837,61539,836,440114,954,501653,California
Ventura,2021-06-22,1970,915204,1379,475658,492,408280,99,31266,737,61153,1221,441335,835,502488,California
Ventura,2021-06-23,1778,916982,1220,476878,452,408732,106,31372,738,60967,1029,442364,843,503331,California
Ventura,2021-06-24,1822,918804,1199,478077,504,409236,119,31491,723,60721,1088,443452,842,504173,California
Ventura,2021-06-25,2418,921222,1613,479690,630,409866,175,31666,879,60246,1529,444981,1054,505227,California
Ventura,2021-06-26,1552,922774,1265,480955,224,410090,63,31729,522,59808,1023,446004,585,505812,California
Ventura,2021-06-27,577,923351,448,481403,103,410193,26,31755,259,59778,315,446319,285,506097,California
Ventura,2021-06-28,1761,925112,1424,482827,243,410436,94,31849,718,59560,1030,447349,812,506909,California
Ventura,2021-06-29,1637,926749,1100,483927,450,410886,87,31936,675,59365,955,448304,760,507669,California
Ventura,2021-06-30,1205,927954,879,484806,259,411145,67,32003,557,59346,642,448946,623,508292,California
Yolo,2020-12-15,39,39,39,39,0,0,0,0,39,39,0,0,39,39,California
Yolo,2020-12-16,78,117,78,117,0,0,0,0,78,117,0,0,78,117,California
Yolo,2020-12-17,105,222,105,222,0,0,0,0,105,222,0,0,105,222,California
Yolo,2020-12-18,230,452,230,452,0,0,0,0,230,452,0,0,230,452,California
Yolo,2020-12-19,87,539,87,539,0,0,0,0,87,539,0,0,87,539,California
Yolo,2020-12-20,102,641,102,641,0,0,0,0,102,641,0,0,102,641,California
Yolo,2020-12-21,254,895,254,895,0,0,0,0,254,895,0,0,254,895,California
Yolo,2020-12-22,385,1280,384,1279,1,1,0,0,385,1280,0,0,385,1280,California
Yolo,2020-12-23,438,1718,418,1697,20,21,0,0,438,1718,0,0,438,1718,California
Yolo,2020-12-24,153,1871,96,1793,57,78,0,0,153,1871,0,0,153,1871,California
Yolo,2020-12-25,1,1872,1,1794,0,78,0,0,1,1872,0,0,1,1872,California
Yolo,2020-12-26,75,1947,25,1819,50,128,0,0,75,1947,0,0,75,1947,California
Yolo,2020-12-27,46,1993,19,1838,27,155,0,0,46,1993,0,0,46,1993,California
Yolo,2020-12-28,404,2397,233,2071,171,326,0,0,404,2397,0,0,404,2397,California
Yolo,2020-12-29,491,2888,268,2339,223,549,0,0,491,2888,0,0,491,2888,California
Yolo,2020-12-30,626,3514,256,2595,370,919,0,0,626,3514,0,0,626,3514,California
Yolo,2020-12-31,183,3697,93,2688,90,1009,0,0,183,3697,0,0,183,3697,California
Yolo,2021-01-01,58,3755,56,2744,2,1011,0,0,58,3755,0,0,58,3755,California
Yolo,2021-01-02,71,3826,28,2772,43,1054,0,0,71,3826,0,0,71,3826,California
Yolo,2021-01-03,44,3870,19,2791,25,1079,0,0,44,3870,0,0,44,3870,California
Yolo,2021-01-04,192,4062,41,2832,151,1230,0,0,192,4062,0,0,192,4062,California
Yolo,2021-01-05,618,4680,238,3070,380,1610,0,0,554,4552,64,64,554,4616,California
Yolo,2021-01-06,483,5163,183,3253,300,1910,0,0,346,4761,137,201,346,4962,California
Yolo,2021-01-07,711,5874,233,3486,478,2388,0,0,519,5089,191,392,519,5481,California
Yolo,2021-01-08,631,6505,311,3797,320,2708,0,0,407,5273,223,615,407,5888,California
Yolo,2021-01-09,411,6916,72,3869,339,3047,0,0,365,5592,46,661,365,6253,California
Yolo,2021-01-10,394,7310,80,3949,314,3361,0,0,324,5846,70,731,324,6577,California
Yolo,2021-01-11,565,7875,329,4278,236,3597,0,0,290,5863,275,1006,292,6869,California
Yolo,2021-01-12,564,8439,443,4721,121,3718,0,0,195,5690,369,1375,196,7065,California
Yolo,2021-01-13,775,9214,313,5034,462,4180,0,0,522,5959,253,1628,522,7587,California
Yolo,2021-01-14,382,9596,184,5218,198,4378,0,0,279,6135,103,1731,279,7866,California
Yolo,2021-01-15,632,10228,323,5541,309,4687,0,0,550,6604,82,1813,551,8417,California
Yolo,2021-01-16,749,10977,96,5637,653,5340,0,0,718,7291,31,1844,718,9135,California
Yolo,2021-01-17,190,11167,121,5758,69,5409,0,0,183,7467,7,1851,183,9318,California
Yolo,2021-01-18,485,11652,305,6063,180,5589,0,0,334,7650,151,2002,334,9652,California
Yolo,2021-01-19,559,12211,372,6435,187,5776,0,0,382,7855,177,2179,382,10034,California
Yolo,2021-01-20,663,12874,385,6820,278,6054,0,0,472,8137,190,2369,472,10506,California
Yolo,2021-01-21,651,13525,385,7205,266,6320,0,0,462,8410,189,2558,462,10968,California
Yolo,2021-01-22,758,14283,254,7459,504,6824,0,0,640,8934,116,2674,640,11608,California
Yolo,2021-01-23,627,14910,126,7585,501,7325,0,0,577,9461,50,2724,577,12185,California
Yolo,2021-01-24,207,15117,123,7708,84,7409,0,0,166,9586,41,2765,166,12351,California
Yolo,2021-01-25,738,15855,160,7868,578,7987,0,0,516,9879,223,2988,516,12867,California
Yolo,2021-01-26,832,16687,330,8198,502,8489,0,0,435,9917,397,3385,435,13302,California
Yolo,2021-01-27,683,17370,230,8428,453,8942,0,0,400,10034,283,3668,400,13702,California
Yolo,2021-01-28,1056,18426,565,8993,491,9433,0,0,930,10839,125,3793,930,14632,California
Yolo,2021-01-29,956,19382,266,9259,690,10123,0,0,871,11626,84,3877,871,15503,California
Yolo,2021-01-30,1527,20909,922,10181,605,10728,0,0,1406,12917,115,3992,1406,16909,California
Yolo,2021-01-31,240,21149,202,10383,38,10766,0,0,211,13100,28,4020,211,17120,California
Yolo,2021-02-01,856,22005,365,10748,491,11257,0,0,620,13487,233,4253,620,17740,California
Yolo,2021-02-02,1349,23354,756,11504,593,11850,0,0,934,14007,415,4668,935,18675,California
Yolo,2021-02-03,1532,24886,400,11904,1132,12982,0,0,1190,14858,339,5007,1190,19865,California
Yolo,2021-02-04,1812,26698,284,12188,1528,14510,0,0,1256,15570,545,5552,1257,21122,California
Yolo,2021-02-05,1611,28309,915,13103,696,15206,0,0,1207,16375,403,5955,1208,22330,California
Yolo,2021-02-06,1924,30233,1254,14357,670,15876,0,0,1562,17576,362,6317,1563,23893,California
Yolo,2021-02-07,523,30756,252,14609,271,16147,0,0,172,17398,350,6667,172,24065,California
Yolo,2021-02-08,951,31707,334,14943,617,16764,0,0,605,17661,342,7009,605,24670,California
Yolo,2021-02-09,860,32567,386,15329,474,17238,0,0,573,17947,287,7296,573,25243,California
Yolo,2021-02-10,1478,34045,481,15810,997,18235,0,0,830,18131,648,7944,832,26075,California
Yolo,2021-02-11,1582,35627,809,16619,773,19008,0,0,1186,18921,396,8340,1186,27261,California
Yolo,2021-02-12,1941,37568,761,17380,1180,20188,0,0,1455,19895,482,8822,1456,28717,California
Yolo,2021-02-13,2072,39640,716,18096,1356,21544,0,0,1393,20609,679,9501,1393,30110,California
Yolo,2021-02-14,572,40212,156,18252,416,21960,0,0,447,20932,124,9625,447,30557,California
Yolo,2021-02-15,535,40747,193,18445,342,22302,0,0,265,20928,270,9895,266,30823,California
Yolo,2021-02-16,1151,41898,434,18879,717,23019,0,0,820,21419,330,10225,821,31644,California
Yolo,2021-02-17,1398,43296,705,19584,693,23712,0,0,994,22009,404,10629,994,32638,California
Yolo,2021-02-18,2509,45805,819,20403,1690,25402,0,0,1729,22960,779,11408,1730,34368,California
Yolo,2021-02-19,1766,47571,758,21161,1008,26410,0,0,1133,23465,628,12036,1133,35501,California
Yolo,2021-02-20,2574,50145,956,22117,1618,28028,0,0,1389,23677,1178,13214,1390,36891,California
Yolo,2021-02-21,326,50471,236,22353,90,28118,0,0,108,23568,217,13431,108,36999,California
Yolo,2021-02-22,1409,51880,613,22966,796,28914,0,0,708,23577,699,14130,708,37707,California
Yolo,2021-02-23,1161,53041,870,23836,291,29205,0,0,444,23306,715,14845,444,38151,California
Yolo,2021-02-24,2118,55159,601,24437,1517,30722,0,0,1392,23974,724,15569,1392,39543,California
Yolo,2021-02-25,1398,56557,495,24932,903,31625,0,0,918,24413,479,16048,918,40461,California
Yolo,2021-02-26,2660,59217,1041,25973,1619,33244,0,0,1346,24449,1310,17358,1346,41807,California
Yolo,2021-02-27,1706,60923,781,26754,925,34169,0,0,1250,25243,456,17814,1250,43057,California
Yolo,2021-02-28,1832,62755,1523,28277,309,34478,0,0,711,24837,1118,18932,712,43769,California
Yolo,2021-03-01,1148,63903,378,28655,770,35248,0,0,693,25077,453,19385,693,44462,California
Yolo,2021-03-02,1485,65388,703,29358,782,36030,0,0,950,25492,535,19920,950,45412,California
Yolo,2021-03-03,1874,67262,648,30006,1226,37256,0,0,849,25318,1023,20943,849,46261,California
Yolo,2021-03-04,2913,70175,1450,31456,1463,38719,0,0,1546,25500,1364,22307,1546,47807,California
Yolo,2021-03-05,2371,72546,1411,32867,949,39668,11,11,1475,26091,895,23202,1486,49293,California
Yolo,2021-03-06,1492,74038,1137,34004,326,39994,29,40,850,26331,639,23841,879,50172,California
Yolo,2021-03-07,916,74954,679,34683,223,40217,14,54,780,26989,136,23977,794,50966,California
Yolo,2021-03-08,1106,76060,495,35178,568,40785,43,97,774,27476,331,24308,818,51784,California
Yolo,2021-03-09,1281,77341,690,35868,528,41313,63,160,784,27828,495,24803,847,52631,California
Yolo,2021-03-10,1828,79169,1061,36929,475,41788,292,452,761,27811,1062,25865,1045,53676,California
Yolo,2021-03-11,2355,81524,1605,38534,684,42472,66,518,1611,28746,743,26608,1678,55354,California
Yolo,2021-03-12,2927,84451,1360,39894,1486,43958,81,599,1376,28665,1540,28148,1459,56813,California
Yolo,2021-03-13,1856,86307,735,40629,945,44903,176,775,1007,29001,846,28994,1182,57995,California
Yolo,2021-03-14,1019,87326,213,40842,655,45558,151,926,525,29178,493,29487,670,58665,California
Yolo,2021-03-15,1325,88651,769,41611,375,45933,181,1107,709,29450,614,30101,886,59551,California
Yolo,2021-03-16,1890,90541,726,42337,1092,47025,72,1179,1118,29868,772,30873,1190,60741,California
Yolo,2021-03-17,2528,93069,988,43325,1468,48493,72,1251,1730,30907,794,31667,1833,62574,California
Yolo,2021-03-18,3050,96119,1044,44369,1780,50273,226,1477,1263,30613,1783,33450,1489,64063,California
Yolo,2021-03-19,2101,98220,876,45245,1157,51430,68,1545,1086,30758,1009,34459,1154,65217,California
Yolo,2021-03-20,2782,101002,820,46065,1919,53349,43,1588,1090,30207,1686,36145,1135,66352,California
Yolo,2021-03-21,317,101319,215,46280,94,53443,8,1596,177,30253,139,36284,185,66537,California
Yolo,2021-03-22,1411,102730,496,46776,855,54298,60,1656,912,30728,496,36780,971,67508,California
Yolo,2021-03-23,1759,104489,947,47723,755,55053,57,1713,1082,31190,676,37456,1138,68646,California
Yolo,2021-03-24,2887,107376,1407,49130,1430,56483,50,1763,1396,31161,1477,38933,1448,70094,California
Yolo,2021-03-25,2534,109910,1399,50529,1106,57589,29,1792,1245,31169,1278,40211,1286,71380,California
Yolo,2021-03-26,2401,112311,1262,51791,1119,58708,20,1812,1018,30830,1376,41587,1037,72417,California
Yolo,2021-03-27,1662,113973,458,52249,1186,59894,18,1830,744,30675,917,42504,762,73179,California
Yolo,2021-03-28,1108,115081,863,53112,226,60120,19,1849,250,30089,854,43358,268,73447,California
Yolo,2021-03-29,2031,117112,825,53937,1176,61296,30,1879,962,30021,1065,44423,997,74444,California
Yolo,2021-03-30,2288,119400,1086,55023,1181,62477,21,1900,1163,30093,1120,45543,1192,75636,California
Yolo,2021-03-31,2357,121757,1228,56251,1092,63569,37,1937,1175,30129,1181,46724,1217,76853,California
Yolo,2021-04-01,3857,125614,1865,58116,1515,65084,477,2414,1592,29952,2262,48986,2085,78938,California
Yolo,2021-04-02,3405,129019,1524,59640,1735,66819,146,2560,2065,30872,1332,50318,2252,81190,California
Yolo,2021-04-03,1828,130847,1103,60743,503,67322,222,2782,807,30882,1019,51337,1029,82219,California
Yolo,2021-04-04,395,131242,157,60900,177,67499,61,2843,147,30842,248,51585,208,82427,California
Yolo,2021-04-05,1923,133165,738,61638,1085,68584,100,2943,899,30944,1019,52604,1121,83548,California
Yolo,2021-04-06,2595,135760,1319,62957,1104,69688,172,3115,1134,30973,1451,54055,1480,85028,California
Yolo,2021-04-07,2996,138756,1520,64477,1120,70808,356,3471,1745,32012,1246,55301,2285,87313,California
Yolo,2021-04-08,2430,141186,1009,65486,945,71753,476,3947,855,31942,1572,56873,1502,88815,California
Yolo,2021-04-09,2603,143789,922,66408,1100,72853,581,4528,847,31619,1753,58626,1430,90245,California
Yolo,2021-04-10,1769,145558,831,67239,755,73608,183,4711,1041,32120,724,59350,1225,91470,California
Yolo,2021-04-11,895,146453,286,67525,565,74173,44,4755,368,32007,524,59874,411,91881,California
Yolo,2021-04-12,1777,148230,529,68054,1104,75277,144,4899,1093,32572,681,60555,1246,93127,California
Yolo,2021-04-13,1993,150223,918,68972,1075,76352,0,4899,1040,32664,952,61507,1044,94171,California
Yolo,2021-04-14,2804,153027,772,69744,2032,78384,0,4899,1382,32631,1416,62923,1383,95554,California
Yolo,2021-04-15,3356,156383,1139,70883,2217,80601,0,4899,2292,33872,1058,63981,2299,97853,California
Yolo,2021-04-16,3095,159478,1997,72880,1098,81699,0,4899,1981,34747,1106,65087,1981,99834,California
Yolo,2021-04-17,1631,161109,478,73358,1153,82852,0,4899,849,34819,778,65865,850,100684,California
Yolo,2021-04-18,648,161757,319,73677,329,83181,0,4899,363,34901,281,66146,363,101047,California
Yolo,2021-04-19,1690,163447,728,74405,961,84142,1,4900,780,34778,905,67051,782,101829,California
Yolo,2021-04-20,2058,165505,1058,75463,1000,85142,0,4900,1091,34905,965,68016,1092,102921,California
Yolo,2021-04-21,2070,167575,1060,76523,1010,86152,0,4900,1115,35073,949,68965,1117,104038,California
Yolo,2021-04-22,1985,169560,913,77436,1072,87224,0,4900,981,35057,998,69963,982,105020,California
Yolo,2021-04-23,2651,172211,1561,78997,1090,88314,0,4900,1164,34746,1475,71438,1164,106184,California
Yolo,2021-04-24,1173,173384,646,79643,524,88838,3,4903,463,34510,702,72140,466,106650,California
Yolo,2021-04-25,951,174335,406,80049,545,89383,0,4903,727,35014,223,72363,727,107377,California
Yolo,2021-04-26,1249,175584,499,80548,747,90130,3,4906,532,34836,714,73077,536,107913,California
Yolo,2021-04-27,1560,177144,735,81283,805,90935,20,4926,607,34512,952,74029,628,108541,California
Yolo,2021-04-28,2071,179215,1029,82312,1015,91950,27,4953,749,33970,1318,75347,776,109317,California
Yolo,2021-04-29,1791,181006,852,83164,856,92806,83,5036,709,33682,1078,76425,790,110107,California
Yolo,2021-04-30,2037,183043,1020,84184,958,93764,59,5095,974,33658,1056,77481,1032,111139,California
Yolo,2021-05-01,1288,184331,999,85183,269,94033,20,5115,377,33146,909,78390,397,111536,California
Yolo,2021-05-02,521,184852,427,85610,71,94104,23,5138,323,33294,198,78588,346,111882,California
Yolo,2021-05-03,1125,185977,405,86015,686,94790,34,5172,299,32803,823,79411,332,112214,California
Yolo,2021-05-04,1471,187448,684,86699,762,95552,25,5197,509,32380,957,80368,534,112748,California
Yolo,2021-05-05,1591,189039,455,87154,1070,96622,66,5263,460,31782,1124,81492,526,113274,California
Yolo,2021-05-06,1526,190565,714,87868,730,97352,82,5345,498,31351,1011,82503,580,113854,California
Yolo,2021-05-07,2325,192890,1403,89271,871,98223,51,5396,463,30009,1854,84357,512,114366,California
Yolo,2021-05-08,850,193740,372,89643,422,98645,56,5452,320,29856,527,84884,374,114740,California
Yolo,2021-05-09,402,194142,172,89815,217,98862,13,5465,91,29650,310,85194,104,114844,California
Yolo,2021-05-10,909,195051,359,90174,504,99366,46,5511,153,29094,754,85948,198,115042,California
Yolo,2021-05-11,1179,196230,697,90871,460,99826,22,5533,294,28531,879,86827,316,115358,California
Yolo,2021-05-12,1583,197813,715,91586,835,100661,33,5566,307,27602,1272,88099,343,115701,California
Yolo,2021-05-13,2182,199995,861,92447,1266,101927,55,5621,646,26771,1532,89631,701,116402,California
Yolo,2021-05-14,2040,202035,1521,93968,488,102415,31,5652,1154,27073,883,90514,1185,117587,California
Yolo,2021-05-15,1280,203315,733,94701,500,102915,47,5699,661,27163,618,91132,708,118295,California
Yolo,2021-05-16,1453,204768,1239,95940,207,103122,7,5706,1013,27748,435,91567,1020,119315,California
Yolo,2021-05-17,1137,205905,445,96385,674,103796,18,5724,349,27331,784,92351,367,119682,California
Yolo,2021-05-18,1691,207596,1107,97492,562,104358,22,5746,909,27485,777,93128,931,120613,California
Yolo,2021-05-19,1008,208604,585,98077,384,104742,39,5785,482,27482,524,93652,521,121134,California
Yolo,2021-05-20,1099,209703,699,98776,374,105116,26,5811,379,27173,714,94366,405,121539,California
Yolo,2021-05-21,1442,211145,931,99707,484,105600,27,5838,362,26487,1073,95439,387,121926,California
Yolo,2021-05-22,823,211968,540,100247,275,105875,8,5846,281,26241,536,95975,290,122216,California
Yolo,2021-05-23,617,212585,165,100412,436,106311,16,5862,108,25858,508,96483,125,122341,California
Yolo,2021-05-24,708,213293,349,100761,339,106650,20,5882,221,25616,484,96967,242,122583,California
Yolo,2021-05-25,882,214175,511,101272,348,106998,23,5905,342,25447,534,97501,365,122948,California
Yolo,2021-05-26,819,214994,270,101542,516,107514,33,5938,249,25163,566,98067,282,123230,California
Yolo,2021-05-27,761,215755,381,101923,329,107843,51,5989,304,25066,452,98519,355,123585,California
Yolo,2021-05-28,881,216636,402,102325,450,108293,29,6018,379,24976,497,99016,407,123992,California
Yolo,2021-05-29,600,217236,346,102671,218,108511,36,6054,274,24960,323,99339,307,124299,California
Yolo,2021-05-30,136,217372,71,102742,58,108569,7,6061,55,24943,79,99418,62,124361,California
Yolo,2021-05-31,68,217440,18,102760,48,108617,2,6063,16,24908,52,99470,17,124378,California
Yolo,2021-06-01,754,218194,326,103086,403,109020,25,6088,245,24675,503,99973,270,124648,California
Yolo,2021-06-02,757,218951,302,103388,434,109454,21,6109,232,24406,522,100495,253,124901,California
Yolo,2021-06-03,928,219879,592,103980,312,109766,24,6133,215,23936,709,101204,239,125140,California
Yolo,2021-06-04,1494,221373,1216,105196,256,110022,22,6155,379,23226,1110,102314,400,125540,California
Yolo,2021-06-05,720,222093,548,105744,155,110177,17,6172,149,22822,570,102884,166,125706,California
Yolo,2021-06-06,1108,223201,1044,106788,57,110234,7,6179,154,22030,953,103837,161,125867,California
Yolo,2021-06-07,516,223717,270,107058,226,110460,20,6199,148,21834,363,104200,167,126034,California
Yolo,2021-06-08,1042,224759,811,107869,213,110673,18,6217,200,21211,841,105041,218,126252,California
Yolo,2021-06-09,790,225549,490,108359,269,110942,31,6248,260,20974,527,105568,290,126542,California
Yolo,2021-06-10,567,226116,359,108718,175,111117,33,6281,166,20774,399,105967,199,126741,California
Yolo,2021-06-11,658,226774,450,109168,184,111301,24,6305,195,20532,461,106428,219,126960,California
Yolo,2021-06-12,481,227255,277,109445,179,111480,25,6330,146,20370,333,106761,171,127131,California
Yolo,2021-06-13,155,227410,116,109561,38,111518,1,6331,63,20344,91,106852,65,127196,California
Yolo,2021-06-14,411,227821,255,109816,123,111641,33,6364,129,20226,281,107133,163,127359,California
Yolo,2021-06-15,770,228591,397,110213,347,111988,26,6390,298,20081,469,107602,324,127683,California
Yolo,2021-06-16,473,229064,241,110454,190,112178,42,6432,168,19986,303,107905,208,127891,California
Yolo,2021-06-17,497,229561,317,110771,125,112303,55,6487,173,19892,322,108227,228,128119,California
Yolo,2021-06-18,554,230115,396,111167,136,112439,22,6509,212,19786,339,108566,233,128352,California
Yolo,2021-06-19,320,230435,207,111374,97,112536,16,6525,117,19717,202,108768,133,128485,California
Yolo,2021-06-20,114,230549,74,111448,36,112572,4,6529,62,19734,50,108818,67,128552,California
Yolo,2021-06-21,205,230754,88,111536,98,112670,19,6548,111,19771,93,108911,130,128682,California
Yolo,2021-06-22,520,231274,296,111832,206,112876,18,6566,242,19755,276,109187,260,128942,California
Yolo,2021-06-23,374,231648,213,112045,144,113020,17,6583,152,19705,219,109406,169,129111,California
Yolo,2021-06-24,395,232043,247,112292,106,113126,42,6625,173,19699,221,109627,215,129326,California
Yolo,2021-06-25,548,232591,384,112676,120,113246,44,6669,191,19579,355,109982,235,129561,California
Yolo,2021-06-26,269,232860,164,112840,82,113328,23,6692,109,19552,158,110140,131,129692,California
Yolo,2021-06-27,178,233038,141,112981,32,113360,5,6697,64,19506,114,110254,68,129760,California
Yolo,2021-06-28,211,233249,130,113111,52,113412,29,6726,108,19540,102,110356,136,129896,California
Yolo,2021-06-29,387,233636,266,113377,106,113518,15,6741,155,19481,229,110585,170,130066,California
Yolo,2021-06-30,275,233911,157,113534,100,113618,18,6759,94,19411,181,110766,111,130177,California
Yuba,2020-12-16,4,4,4,4,0,0,0,0,4,4,0,0,4,4,California
Yuba,2020-12-17,4,8,4,8,0,0,0,0,4,8,0,0,4,8,California
Yuba,2020-12-18,8,16,8,16,0,0,0,0,8,16,0,0,8,16,California
Yuba,2020-12-19,12,28,12,28,0,0,0,0,12,28,0,0,12,28,California
Yuba,2020-12-20,19,47,19,47,0,0,0,0,19,47,0,0,19,47,California
Yuba,2020-12-21,41,88,41,88,0,0,0,0,41,88,0,0,41,88,California
Yuba,2020-12-22,85,173,85,173,0,0,0,0,85,173,0,0,85,173,California
Yuba,2020-12-23,65,238,63,236,2,2,0,0,65,238,0,0,65,238,California
Yuba,2020-12-24,20,258,10,246,10,12,0,0,20,258,0,0,20,258,California
Yuba,2020-12-25,1,259,1,247,0,12,0,0,1,259,0,0,1,259,California
Yuba,2020-12-26,13,272,12,259,1,13,0,0,13,272,0,0,13,272,California
Yuba,2020-12-27,15,287,15,274,0,13,0,0,15,287,0,0,15,287,California
Yuba,2020-12-28,51,338,35,309,16,29,0,0,51,338,0,0,51,338,California
Yuba,2020-12-29,74,412,10,319,64,93,0,0,74,412,0,0,74,412,California
Yuba,2020-12-30,63,475,20,339,43,136,0,0,63,475,0,0,63,475,California
Yuba,2020-12-31,39,514,6,345,33,169,0,0,39,514,0,0,39,514,California
Yuba,2021-01-02,23,537,22,367,1,170,0,0,23,537,0,0,23,537,California
Yuba,2021-01-03,10,547,6,373,4,174,0,0,10,547,0,0,10,547,California
Yuba,2021-01-04,92,639,23,396,69,243,0,0,92,639,0,0,92,639,California
Yuba,2021-01-05,71,710,39,435,32,275,0,0,70,708,1,1,70,709,California
Yuba,2021-01-06,154,864,76,511,78,353,0,0,148,850,6,7,148,857,California
Yuba,2021-01-07,75,939,19,530,56,409,0,0,72,918,4,11,72,929,California
Yuba,2021-01-08,74,1013,24,554,50,459,0,0,67,978,7,18,67,996,California
Yuba,2021-01-09,19,1032,16,570,3,462,0,0,11,981,8,26,11,1007,California
Yuba,2021-01-10,117,1149,22,592,95,557,0,0,95,1054,22,48,95,1102,California
Yuba,2021-01-11,73,1222,50,642,23,580,0,0,33,1047,40,88,33,1135,California
Yuba,2021-01-12,108,1330,78,720,30,610,0,0,44,1027,64,152,44,1179,California
Yuba,2021-01-13,119,1449,72,792,47,657,0,0,54,1017,64,216,54,1233,California
Yuba,2021-01-14,114,1563,44,836,70,727,0,0,102,1107,12,228,102,1335,California
Yuba,2021-01-15,204,1767,85,921,119,846,0,0,194,1291,10,238,194,1529,California
Yuba,2021-01-16,188,1955,21,942,167,1013,0,0,176,1454,13,251,176,1705,California
Yuba,2021-01-17,13,1968,9,951,4,1017,0,0,7,1455,6,257,7,1712,California
Yuba,2021-01-18,61,2029,32,983,29,1046,0,0,36,1466,25,282,36,1748,California
Yuba,2021-01-19,80,2109,30,1013,50,1096,0,0,65,1516,15,297,65,1813,California
Yuba,2021-01-20,133,2242,86,1099,47,1143,0,0,110,1603,23,320,110,1923,California
Yuba,2021-01-21,221,2463,103,1202,118,1261,0,0,212,1806,9,329,212,2135,California
Yuba,2021-01-22,107,2570,7,1209,100,1361,0,0,98,1895,9,338,98,2233,California
Yuba,2021-01-23,199,2769,7,1216,192,1553,0,0,197,2090,2,340,197,2430,California
Yuba,2021-01-24,10,2779,7,1223,3,1556,0,0,8,2096,2,342,8,2438,California
Yuba,2021-01-25,86,2865,30,1253,56,1612,0,0,53,2117,32,374,53,2491,California
Yuba,2021-01-26,149,3014,41,1294,108,1720,0,0,90,2148,59,433,90,2581,California
Yuba,2021-01-27,184,3198,129,1423,55,1775,0,0,117,2198,67,500,117,2698,California
Yuba,2021-01-28,228,3426,90,1513,138,1913,0,0,177,2324,51,551,177,2875,California
Yuba,2021-01-29,150,3576,46,1559,104,2017,0,0,111,2396,39,590,111,2986,California
Yuba,2021-01-30,409,3985,23,1582,386,2403,0,0,398,2783,11,601,398,3384,California
Yuba,2021-01-31,18,4003,12,1594,6,2409,0,0,16,2797,2,603,16,3400,California
Yuba,2021-02-01,155,4158,75,1669,80,2489,0,0,131,2906,23,626,132,3532,California
Yuba,2021-02-02,128,4286,23,1692,105,2594,0,0,104,2986,24,650,104,3636,California
Yuba,2021-02-03,229,4515,30,1722,199,2793,0,0,116,2990,112,762,116,3752,California
Yuba,2021-02-04,298,4813,120,1842,178,2971,0,0,253,3198,45,807,253,4005,California
Yuba,2021-02-05,148,4961,32,1874,116,3087,0,0,71,3192,77,884,71,4076,California
Yuba,2021-02-06,451,5412,26,1900,425,3512,0,0,443,3627,8,892,443,4519,California
Yuba,2021-02-07,20,5432,13,1913,7,3519,0,0,16,3639,4,896,16,4535,California
Yuba,2021-02-08,98,5530,35,1948,63,3582,0,0,66,3673,32,928,66,4601,California
Yuba,2021-02-09,155,5685,56,2004,99,3681,0,0,85,3688,70,998,85,4686,California
Yuba,2021-02-10,363,6048,177,2181,186,3867,0,0,122,3571,239,1237,122,4808,California
Yuba,2021-02-11,404,6452,67,2248,337,4204,0,0,301,3771,101,1338,301,5109,California
Yuba,2021-02-12,270,6722,28,2276,242,4446,0,0,152,3805,118,1456,152,5261,California
Yuba,2021-02-13,438,7160,36,2312,402,4848,0,0,387,4141,51,1507,387,5648,California
Yuba,2021-02-14,52,7212,10,2322,42,4890,0,0,47,4183,5,1512,47,5695,California
Yuba,2021-02-15,89,7301,36,2358,53,4943,0,0,69,4232,20,1532,69,5764,California
Yuba,2021-02-16,202,7503,54,2412,148,5091,0,0,143,4317,58,1590,143,5907,California
Yuba,2021-02-17,379,7882,158,2570,221,5312,0,0,101,4141,277,1867,101,6008,California
Yuba,2021-02-18,323,8205,48,2618,275,5587,0,0,196,4210,127,1994,196,6204,California
Yuba,2021-02-19,231,8436,85,2703,146,5733,0,0,143,4265,88,2082,143,6347,California
Yuba,2021-02-20,399,8835,31,2734,368,6101,0,0,339,4545,59,2141,339,6686,California
Yuba,2021-02-21,24,8859,14,2748,10,6111,0,0,14,4549,10,2151,14,6700,California
Yuba,2021-02-22,129,8988,80,2828,49,6160,0,0,38,4496,91,2242,38,6738,California
Yuba,2021-02-23,121,9109,26,2854,95,6255,0,0,52,4481,68,2310,53,6791,California
Yuba,2021-02-24,490,9599,140,2994,350,6605,0,0,110,4211,380,2690,110,6901,California
Yuba,2021-02-25,346,9945,141,3135,205,6810,0,0,216,4297,130,2820,216,7117,California
Yuba,2021-02-26,263,10208,69,3204,194,7004,0,0,147,4330,114,2934,147,7264,California
Yuba,2021-02-27,474,10682,47,3251,427,7431,0,0,386,4630,86,3020,386,7650,California
Yuba,2021-02-28,72,10754,23,3274,49,7480,0,0,48,4654,24,3044,48,7698,California
Yuba,2021-03-01,162,10916,43,3317,119,7599,0,0,81,4655,80,3124,81,7779,California
Yuba,2021-03-02,160,11076,36,3353,124,7723,0,0,80,4655,80,3204,80,7859,California
Yuba,2021-03-03,628,11704,159,3512,469,8192,0,0,200,4428,427,3631,200,8059,California
Yuba,2021-03-04,470,12174,273,3785,197,8389,0,0,327,4613,142,3773,327,8386,California
Yuba,2021-03-05,326,12500,61,3846,264,8653,1,1,258,4804,68,3841,259,8645,California
Yuba,2021-03-06,475,12975,35,3881,436,9089,4,5,368,5070,106,3947,372,9017,California
Yuba,2021-03-07,51,13026,28,3909,22,9111,1,6,36,5092,15,3962,37,9054,California
Yuba,2021-03-08,158,13184,48,3957,94,9205,16,22,99,5148,59,4021,115,9169,California
Yuba,2021-03-09,179,13363,47,4004,112,9317,20,42,84,5157,95,4116,104,9273,California
Yuba,2021-03-10,738,14101,236,4240,472,9789,30,72,234,4919,502,4618,264,9537,California
Yuba,2021-03-11,437,14538,197,4437,228,10017,12,84,294,5082,143,4761,306,9843,California
Yuba,2021-03-12,467,15005,87,4524,327,10344,53,137,155,4978,312,5073,208,10051,California
Yuba,2021-03-13,463,15468,338,4862,110,10454,15,152,365,5261,97,5170,380,10431,California
Yuba,2021-03-14,107,15575,21,4883,76,10530,10,162,46,5258,59,5229,56,10487,California
Yuba,2021-03-15,193,15768,50,4933,127,10657,16,178,98,5277,95,5324,114,10601,California
Yuba,2021-03-16,298,16066,74,5007,200,10857,24,202,185,5374,112,5436,209,10810,California
Yuba,2021-03-17,749,16815,164,5171,554,11411,31,233,196,5052,549,5985,227,11037,California
Yuba,2021-03-18,588,17403,162,5333,313,11724,113,346,356,5288,232,6217,468,11505,California
Yuba,2021-03-19,332,17735,119,5452,159,11883,54,400,186,5381,146,6363,239,11744,California
Yuba,2021-03-20,555,18290,81,5533,456,12339,18,418,475,5795,79,6442,493,12237,California
Yuba,2021-03-21,61,18351,36,5569,25,12364,0,418,42,5818,19,6461,42,12279,California
Yuba,2021-03-22,191,18542,70,5639,114,12478,7,425,149,5932,42,6503,156,12435,California
Yuba,2021-03-23,266,18808,79,5718,159,12637,28,453,176,6048,88,6591,204,12639,California
Yuba,2021-03-24,771,19579,254,5972,436,13073,81,534,187,5734,582,7173,268,12907,California
Yuba,2021-03-25,507,20086,270,6242,215,13288,22,556,254,5757,253,7426,276,13183,California
Yuba,2021-03-26,401,20487,144,6386,228,13516,29,585,226,5838,174,7600,255,13438,California
Yuba,2021-03-27,463,20950,28,6414,432,13948,3,588,408,6194,54,7654,410,13848,California
Yuba,2021-03-28,102,21052,42,6456,56,14004,4,592,34,6164,68,7722,38,13886,California
Yuba,2021-03-29,297,21349,87,6543,178,14182,32,624,179,6257,118,7840,211,14097,California
Yuba,2021-03-30,274,21623,69,6612,197,14379,8,632,189,6369,85,7925,197,14294,California
Yuba,2021-03-31,676,22299,115,6727,550,14929,11,643,244,6194,430,8355,255,14549,California
Yuba,2021-04-01,626,22925,290,7017,306,15235,30,673,291,6180,335,8690,321,14870,California
Yuba,2021-04-02,504,23429,96,7113,325,15560,83,756,187,6133,316,9006,269,15139,California
Yuba,2021-04-03,654,24083,55,7168,117,15677,482,1238,87,6136,566,9572,569,15708,California
Yuba,2021-04-04,59,24142,10,7178,42,15719,7,1245,32,6148,27,9599,39,15747,California
Yuba,2021-04-05,245,24387,79,7257,145,15864,21,1266,124,6173,119,9718,144,15891,California
Yuba,2021-04-06,358,24745,115,7372,182,16046,61,1327,173,6222,184,9902,233,16124,California
Yuba,2021-04-07,788,25533,408,7780,327,16373,53,1380,360,6209,425,10327,412,16536,California
Yuba,2021-04-08,754,26287,292,8072,197,16570,265,1645,281,6283,472,10799,546,17082,California
Yuba,2021-04-09,406,26693,172,8244,167,16737,67,1712,172,6289,233,11032,239,17321,California
Yuba,2021-04-10,602,27295,73,8317,81,16818,448,2160,71,6278,529,11561,518,17839,California
Yuba,2021-04-11,102,27397,24,8341,66,16884,12,2172,43,6275,58,11619,55,17894,California
Yuba,2021-04-12,212,27609,45,8386,137,17021,30,2202,80,6253,131,11750,109,18003,California
Yuba,2021-04-13,400,28009,104,8490,296,17317,0,2202,202,6258,197,11947,202,18205,California
Yuba,2021-04-14,716,28725,109,8599,607,17924,0,2202,128,5799,587,12534,128,18333,California
Yuba,2021-04-15,345,29070,135,8734,210,18134,0,2202,150,5754,195,12729,150,18483,California
Yuba,2021-04-16,342,29412,100,8834,242,18376,0,2202,181,5776,159,12888,181,18664,California
Yuba,2021-04-17,406,29818,60,8894,346,18722,0,2202,334,6039,71,12959,334,18998,California
Yuba,2021-04-18,65,29883,20,8914,45,18767,0,2202,33,6041,31,12990,33,19031,California
Yuba,2021-04-19,247,30130,102,9016,145,18912,0,2202,104,6002,143,13133,104,19135,California
Yuba,2021-04-20,341,30471,103,9119,238,19150,0,2202,187,6039,151,13284,188,19323,California
Yuba,2021-04-21,741,31212,322,9441,419,19569,0,2202,321,5940,420,13704,321,19644,California
Yuba,2021-04-22,377,31589,154,9595,223,19792,0,2202,209,5981,168,13872,209,19853,California
Yuba,2021-04-23,364,31953,127,9722,237,20029,0,2202,174,5967,188,14060,174,20027,California
Yuba,2021-04-24,217,32170,69,9791,148,20177,0,2202,123,5996,94,14154,123,20150,California
Yuba,2021-04-25,75,32245,30,9821,45,20222,0,2202,35,5991,40,14194,35,20185,California
Yuba,2021-04-26,249,32494,66,9887,179,20401,4,2206,114,5974,135,14329,118,20303,California
Yuba,2021-04-27,488,32982,172,10059,306,20707,10,2216,242,5982,244,14573,252,20555,California
Yuba,2021-04-28,450,33432,189,10248,256,20963,5,2221,155,5853,289,14862,160,20715,California
Yuba,2021-04-29,454,33886,89,10337,364,21327,1,2222,162,5725,291,15153,163,20878,California
Yuba,2021-04-30,346,34232,108,10445,208,21535,30,2252,151,5713,193,15346,181,21059,California
Yuba,2021-05-01,208,34440,92,10537,97,21632,19,2271,94,5713,113,15459,113,21172,California
Yuba,2021-05-02,70,34510,39,10576,27,21659,4,2275,38,5723,32,15491,42,21214,California
Yuba,2021-05-03,164,34674,65,10641,90,21749,9,2284,51,5672,111,15602,60,21274,California
Yuba,2021-05-04,340,35014,107,10748,212,21961,21,2305,150,5653,190,15792,171,21445,California
Yuba,2021-05-05,332,35346,95,10843,230,22191,7,2312,116,5560,216,16008,123,21568,California
Yuba,2021-05-06,303,35649,126,10969,139,22330,38,2350,102,5502,198,16206,140,21708,California
Yuba,2021-05-07,362,36011,100,11069,234,22564,28,2378,118,5404,243,16449,145,21853,California
Yuba,2021-05-08,130,36141,56,11125,71,22635,3,2381,56,5389,74,16523,59,21912,California
Yuba,2021-05-09,56,36197,25,11150,28,22663,3,2384,34,5404,22,16545,37,21949,California
Yuba,2021-05-10,174,36371,57,11207,99,22762,18,2402,54,5357,119,16664,72,22021,California
Yuba,2021-05-11,389,36760,178,11385,197,22959,14,2416,143,5269,244,16908,156,22177,California
Yuba,2021-05-12,278,37038,147,11532,123,23082,8,2424,105,5209,173,17081,113,22290,California
Yuba,2021-05-13,366,37404,198,11730,125,23207,43,2467,112,5113,251,17332,155,22445,California
Yuba,2021-05-14,368,37772,139,11869,209,23416,20,2487,154,5072,214,17546,173,22618,California
Yuba,2021-05-15,436,38208,113,11982,302,23718,21,2508,113,4884,321,17867,133,22751,California
Yuba,2021-05-16,151,38359,52,12034,90,23808,9,2517,95,4933,55,17922,104,22855,California
Yuba,2021-05-17,217,38576,90,12124,107,23915,20,2537,90,4918,125,18047,110,22965,California
Yuba,2021-05-18,394,38970,163,12287,222,24137,9,2546,165,4863,229,18276,174,23139,California
Yuba,2021-05-19,261,39231,145,12432,110,24247,6,2552,129,4866,132,18408,135,23274,California
Yuba,2021-05-20,433,39664,305,12737,116,24363,12,2564,259,4964,173,18581,271,23545,California
Yuba,2021-05-21,518,40182,272,13009,238,24601,8,2572,307,5070,209,18790,315,23860,California
Yuba,2021-05-22,229,40411,123,13132,97,24698,9,2581,95,5040,134,18924,104,23964,California
Yuba,2021-05-23,73,40484,41,13173,30,24728,2,2583,37,5044,35,18959,39,24003,California
Yuba,2021-05-24,164,40648,55,13228,92,24820,17,2600,48,4995,115,19074,66,24069,California
Yuba,2021-05-25,315,40963,109,13337,189,25009,17,2617,112,4922,201,19275,128,24197,California
Yuba,2021-05-26,232,41195,100,13437,116,25125,16,2633,85,4877,146,19421,101,24298,California
Yuba,2021-05-27,247,41442,76,13513,159,25284,12,2645,97,4839,147,19568,109,24407,California
Yuba,2021-05-28,246,41688,109,13622,130,25414,7,2652,116,4834,128,19696,123,24530,California
Yuba,2021-05-29,164,41852,68,13690,74,25488,22,2674,88,4869,75,19771,110,24640,California
Yuba,2021-05-30,52,41904,22,13712,25,25513,5,2679,21,4864,31,19802,26,24666,California
Yuba,2021-05-31,30,41934,3,13715,20,25533,7,2686,10,4861,20,19822,17,24683,California
Yuba,2021-06-01,247,42181,108,13823,132,25665,7,2693,84,4792,159,19981,90,24773,California
Yuba,2021-06-02,201,42382,82,13905,112,25777,7,2700,60,4720,140,20121,68,24841,California
Yuba,2021-06-03,179,42561,105,14010,68,25845,6,2706,64,4676,114,20235,70,24911,California
Yuba,2021-06-04,244,42805,121,14131,113,25958,10,2716,80,4602,164,20399,90,25001,California
Yuba,2021-06-05,200,43005,151,14282,43,26001,6,2722,90,4589,109,20508,96,25097,California
Yuba,2021-06-06,109,43114,93,14375,13,26014,3,2725,20,4524,88,20596,23,25120,California
Yuba,2021-06-07,117,43231,49,14424,52,26066,16,2741,38,4499,79,20675,54,25174,California
Yuba,2021-06-08,246,43477,115,14539,124,26190,7,2748,72,4406,172,20847,79,25253,California
Yuba,2021-06-09,171,43648,103,14642,62,26252,6,2754,72,4386,98,20945,78,25331,California
Yuba,2021-06-10,377,44025,302,14944,66,26318,9,2763,93,4206,282,21227,102,25433,California
Yuba,2021-06-11,329,44354,235,15179,82,26400,12,2775,65,4020,264,21491,78,25511,California
Yuba,2021-06-12,133,44487,90,15269,37,26437,6,2781,36,3965,97,21588,42,25553,California
Yuba,2021-06-13,47,44534,22,15291,22,26459,3,2784,13,3947,34,21622,16,25569,California
Yuba,2021-06-14,112,44646,53,15344,49,26508,10,2794,31,3908,80,21702,41,25610,California
Yuba,2021-06-15,242,44888,99,15443,135,26643,8,2802,90,3857,149,21851,98,25708,California
Yuba,2021-06-16,156,45044,94,15537,51,26694,11,2813,74,3863,79,21930,85,25793,California
Yuba,2021-06-17,195,45239,114,15651,69,26763,12,2825,83,3846,112,22042,95,25888,California
Yuba,2021-06-18,222,45461,110,15761,90,26853,22,2847,70,3788,150,22192,92,25980,California
Yuba,2021-06-19,139,45600,70,15831,62,26915,7,2854,36,3728,103,22295,43,26023,California
Yuba,2021-06-20,33,45633,19,15850,11,26926,3,2857,13,3724,20,22315,16,26039,California
Yuba,2021-06-21,86,45719,38,15888,39,26965,9,2866,41,3732,41,22356,49,26088,California
Yuba,2021-06-22,174,45893,73,15961,89,27054,12,2878,69,3709,103,22459,80,26168,California
Yuba,2021-06-23,118,46011,66,16027,43,27097,9,2887,48,3696,69,22528,56,26224,California
Yuba,2021-06-24,133,46144,80,16107,47,27144,6,2893,57,3683,76,22604,63,26287,California
Yuba,2021-06-25,153,46297,84,16191,63,27207,6,2899,68,3672,85,22689,74,26361,California
Yuba,2021-06-26,133,46430,106,16297,26,27233,1,2900,44,3629,88,22777,45,26406,California
Yuba,2021-06-27,66,46496,44,16341,20,27253,2,2902,36,3637,30,22807,38,26444,California
Yuba,2021-06-28,61,46557,33,16374,24,27277,4,2906,27,3634,34,22841,31,26475,California
Yuba,2021-06-29,143,46700,81,16455,56,27333,6,2912,56,3610,86,22927,62,26537,California
Yuba,2021-06-30,77,46777,32,16487,40,27373,5,2917,40,3618,37,22964,45,26582,California
