county,administered_date,total_doses,cumulative_total_doses,pfizer_doses,cumulative_pfizer_doses,moderna_doses,cumulative_moderna_doses,jj_doses,cumulative_jj_doses,partially_vaccinated,total_partially_vaccinated,fully_vaccinated,cumulative_fully_vaccinated,at_least_one_dose,cumulative_at_least_one_dose,california_flag
All CA Counties,2020-12-15,1132,1132,1132,1132,0,0,0,0,1132,1132,0,0,1132,1132,
All CA Counties,2020-12-16,8116,9248,8116,9248,0,0,0,0,8116,9248,0,0,8116,9248,
All CA Counties,2020-12-17,25710,34958,25710,34958,0,0,0,0,25712,34960,0,0,25712,34960,
All CA Counties,2020-12-18,43739,78697,43685,78643,54,54,0,0,43740,78700,0,0,43740,78700,
All CA Counties,2020-12-19,25195,103892,25172,103815,23,77,0,0,25194,103893,1,1,25194,103894,
All CA Counties,2020-12-20,18935,122827,18905,122720,30,107,0,0,18934,122826,1,2,18934,122828,
All CA Counties,2020-12-21,49519,172346,49439,172159,80,187,0,0,49522,172347,1,3,49522,172350,
All CA Counties,2020-12-22,49846,222192,47733,219892,2113,2300,0,0,49844,222190,1,4,49844,222194,
All CA Counties,2020-12-23,50231,272423,41527,261419,8704,11004,0,0,50227,272417,0,4,50227,272421,
All CA Counties,2020-12-24,24009,296432,16316,277735,7693,18697,0,0,24006,296422,1,5,24006,296427,
All CA Counties,2020-12-25,2330,298762,2011,279746,319,19016,0,0,2330,298752,0,5,2330,298757,
All CA Counties,2020-12-26,14604,313366,9432,289178,5172,24188,0,0,14603,313354,1,6,14603,313360,
All CA Counties,2020-12-27,9388,322754,5565,294743,3823,28011,0,0,9387,322740,1,7,9387,322747,
All CA Counties,2020-12-28,45636,368390,29257,324000,16379,44390,0,0,45634,368371,3,10,45634,368381,
All CA Counties,2020-12-29,51009,419399,28507,352507,22502,66892,0,0,51005,419373,3,13,51005,419386,
All CA Counties,2020-12-30,62875,482274,35630,388137,27245,94137,0,0,62869,482239,3,16,62869,482255,
All CA Counties,2020-12-31,29274,511548,10833,398970,18441,112578,0,0,29266,511500,5,21,29266,511521,
All CA Counties,2021-01-01,3937,515485,1738,400708,2199,114777,0,0,3932,515429,3,24,3932,515453,
All CA Counties,2021-01-02,18427,533912,10220,410928,8207,122984,0,0,18426,533855,0,24,18426,533879,
All CA Counties,2021-01-03,6129,540041,3474,414402,2655,125639,0,0,6100,539943,12,36,6100,539979,
All CA Counties,2021-01-04,43352,583393,21934,436336,21418,147057,0,0,43272,583171,44,80,43272,583251,
All CA Counties,2021-01-05,56205,639598,29588,465924,26617,173674,0,0,50771,628650,5378,5458,50857,634108,
All CA Counties,2021-01-06,72968,712566,40354,506278,32614,206288,0,0,57686,671258,15106,20564,57714,691822,
All CA Counties,2021-01-07,91663,804229,52145,558423,39518,245806,0,0,61233,702264,30271,50835,61277,753099,
All CA Counties,2021-01-08,106162,910391,63944,622367,42218,288024,0,0,65126,726542,40904,91739,65182,818281,
All CA Counties,2021-01-09,43597,953988,25051,647418,18546,306570,0,0,27504,737995,16073,107812,27526,845807,
All CA Counties,2021-01-10,24214,978202,14815,662233,9399,315969,0,0,12999,739812,11199,119011,13016,858823,
All CA Counties,2021-01-11,104132,1082334,69277,731510,34855,350824,0,0,60445,756773,43647,162658,60608,919431,
All CA Counties,2021-01-12,112469,1194803,66403,797913,46066,396890,0,0,71542,787688,40848,203506,71763,991194,
All CA Counties,2021-01-13,118516,1313319,61393,859306,57123,454013,0,0,84909,839148,33521,237027,84981,1076175,
All CA Counties,2021-01-14,123066,1436385,49300,908606,73766,527779,0,0,103569,923462,19395,256422,103709,1179884,
All CA Counties,2021-01-15,141568,1577953,52019,960625,89549,617328,0,0,126590,1035346,14886,271308,126770,1306654,
All CA Counties,2021-01-16,80323,1658276,27372,987997,52951,670279,0,0,72804,1100704,7494,278802,72852,1379506,
All CA Counties,2021-01-17,48021,1706297,16770,1004767,31251,701530,0,0,44392,1141519,3622,282424,44437,1423943,
All CA Counties,2021-01-18,87586,1793883,45559,1050326,42027,743557,0,0,68460,1191082,19046,301470,68609,1492552,
All CA Counties,2021-01-19,141438,1935321,73333,1123659,68105,811662,0,0,110394,1270835,30952,332422,110705,1603257,
All CA Counties,2021-01-20,158056,2093377,80197,1203856,77859,889521,0,0,124937,1363075,32939,365361,125179,1728436,
All CA Counties,2021-01-21,172007,2265384,76119,1279975,95888,985409,0,0,153187,1497960,18619,383980,153504,1881940,
All CA Counties,2021-01-22,168652,2434036,68814,1348789,99838,1085247,0,0,154465,1638525,14058,398038,154623,2036563,
All CA Counties,2021-01-23,110951,2544987,49391,1398180,61560,1146807,0,0,98426,1724597,12466,410504,98538,2135101,
All CA Counties,2021-01-24,60871,2605858,29472,1427652,31399,1178206,0,0,56240,1776289,4600,415104,56292,2191393,
All CA Counties,2021-01-25,143685,2749543,64818,1492470,78867,1257073,0,0,109040,1851106,34562,449666,109379,2300772,
All CA Counties,2021-01-26,167588,2917131,82336,1574806,85252,1342325,0,0,130512,1944919,36952,486618,130765,2431537,
All CA Counties,2021-01-27,179193,3096324,87786,1662592,91407,1433732,0,0,140290,2046866,38538,525156,140485,2572022,
All CA Counties,2021-01-28,186685,3283009,85940,1748532,100745,1534477,0,0,152918,2166482,33486,558642,153102,2725124,
All CA Counties,2021-01-29,182518,3465527,87872,1836404,94646,1629123,0,0,148172,2281022,33782,592424,148322,2873446,
All CA Counties,2021-01-30,122698,3588225,55144,1891548,67554,1696677,0,0,107734,2374090,14802,607226,107870,2981316,
All CA Counties,2021-01-31,69149,3657374,38872,1930420,30277,1726954,0,0,64107,2433253,4995,612221,64158,3045474,
All CA Counties,2021-02-01,158010,3815384,72779,2003199,85231,1812185,0,0,119953,2515417,37915,650136,120079,3165553,
All CA Counties,2021-02-02,185492,4000876,79395,2082594,106097,1918282,0,0,139845,2610177,45301,695437,140061,3305614,
All CA Counties,2021-02-03,209729,4210605,94783,2177377,114946,2033228,0,0,156123,2713389,53136,748573,156348,3461962,
All CA Counties,2021-02-04,227230,4437835,99694,2277071,127536,2160764,0,0,166921,2820882,59772,808345,167265,3629227,
All CA Counties,2021-02-05,245143,4682978,106209,2383280,138934,2299698,0,0,166904,2910844,77489,885834,167451,3796678,
All CA Counties,2021-02-06,154379,4837357,74649,2457929,79730,2379428,0,0,119835,2996786,34379,920213,120321,3916999,
All CA Counties,2021-02-07,66587,4903944,43042,2500971,23545,2402973,0,0,50220,3031167,16282,936495,50663,3967662,
All CA Counties,2021-02-08,179782,5083726,88218,2589189,91564,2494537,0,0,118772,3090096,60563,997058,119492,4087154,
All CA Counties,2021-02-09,210171,5293897,101545,2690734,108626,2603163,0,0,126300,3134080,83441,1080499,127425,4214579,
All CA Counties,2021-02-10,247637,5541534,119571,2810305,128066,2731229,0,0,138189,3165073,108640,1189139,139633,4354212,
All CA Counties,2021-02-11,263254,5804788,130427,2940732,132827,2864056,0,0,144943,3194488,117288,1306427,146703,4500915,
All CA Counties,2021-02-12,270964,6075752,118785,3059517,152179,3016235,0,0,146653,3219954,123527,1429954,148993,4649908,
All CA Counties,2021-02-13,166160,6241912,76998,3136515,89162,3105397,0,0,91852,3239850,73894,1503848,93790,4743698,
All CA Counties,2021-02-14,95128,6337040,47418,3183933,47710,3153107,0,0,51551,3249646,43427,1547275,53223,4796921,
All CA Counties,2021-02-15,141421,6478461,62161,3246094,79260,3232367,0,0,78367,3268495,62705,1609980,81554,4878475,
All CA Counties,2021-02-16,247504,6725965,117485,3363579,130019,3362386,0,0,132831,3290429,114327,1724307,136261,5014736,
All CA Counties,2021-02-17,256795,6982760,128062,3491641,128733,3491119,0,0,128291,3294355,128015,1852322,131941,5146677,
All CA Counties,2021-02-18,270863,7253623,141554,3633195,129309,3620428,0,0,131854,3292525,138372,1990694,136542,5283219,
All CA Counties,2021-02-19,251230,7504853,145768,3778963,105462,3725890,0,0,129940,3303787,120851,2111545,132113,5415332,
All CA Counties,2021-02-20,151308,7656161,96825,3875788,54483,3780373,0,0,83295,3321592,67779,2179324,85584,5500916,
All CA Counties,2021-02-21,71967,7728128,58063,3933851,13904,3794277,0,0,35512,3323154,36239,2215563,37801,5538717,
All CA Counties,2021-02-22,162554,7890682,109055,4042906,53499,3847776,0,0,81594,3326587,80654,2296217,84087,5622804,
All CA Counties,2021-02-23,221573,8112255,116452,4159358,105121,3952897,0,0,102902,3318301,118151,2414368,109865,5732669,
All CA Counties,2021-02-24,280378,8392633,141354,4300712,139024,4091921,0,0,133641,3314402,146156,2560524,142257,5874926,
All CA Counties,2021-02-25,315369,8708002,154111,4454823,161258,4253179,0,0,164872,3338875,149855,2710379,174328,6049254,
All CA Counties,2021-02-26,349378,9057380,162709,4617532,186669,4439848,0,0,195580,3388810,152961,2863340,202896,6252150,
All CA Counties,2021-02-27,245519,9302899,117341,4734873,128159,4568007,19,19,139038,3426511,105931,2969271,143632,6395782,
All CA Counties,2021-02-28,129383,9432282,77219,4812092,52161,4620168,3,22,75799,3452907,53207,3022478,79603,6475385,
All CA Counties,2021-03-01,235848,9668130,124967,4937059,110837,4731005,44,66,136407,3495399,98824,3121302,141316,6616701,
All CA Counties,2021-03-02,274824,9942954,133699,5070758,141110,4872115,15,81,163716,3556304,110668,3231970,171573,6788274,
All CA Counties,2021-03-03,326525,10269479,161220,5231978,165270,5037385,35,116,187579,3613777,138331,3370301,195804,6984078,
All CA Counties,2021-03-04,345005,10614484,173329,5405307,171594,5208979,82,198,202154,3681431,142170,3512471,209824,7193902,
All CA Counties,2021-03-05,330862,10945346,160842,5566149,168917,5377896,1103,1301,204933,3769873,125199,3637670,213641,7407543,
All CA Counties,2021-03-06,254939,11200285,129962,5696111,117199,5495095,7778,9079,157992,3844314,96572,3734242,171013,7578556,
All CA Counties,2021-03-07,123961,11324246,75371,5771482,44561,5539656,4029,13108,77097,3883305,46703,3780945,85694,7664250,
All CA Counties,2021-03-08,214625,11538871,103172,5874654,101104,5640760,10349,23457,139918,3964199,74374,3855319,155268,7819518,
All CA Counties,2021-03-09,265473,11804344,114887,5989541,134832,5775592,15754,39211,143274,4007171,121776,3977095,164748,7984266,
All CA Counties,2021-03-10,312330,12116674,153409,6142950,135203,5910795,23718,62929,167991,4060625,143766,4120861,197220,8181486,
All CA Counties,2021-03-11,371130,12487804,178988,6321938,159449,6070244,32693,95622,190862,4110178,179428,4300289,228981,8410467,
All CA Counties,2021-03-12,387297,12875101,172181,6494119,169288,6239532,45828,141450,189027,4151534,197549,4497838,238905,8649372,
All CA Counties,2021-03-13,278011,13153112,121682,6615801,125594,6365126,30735,172185,150125,4209199,127485,4625323,185150,8834522,
All CA Counties,2021-03-14,152287,13305399,81272,6697073,56241,6421367,14774,186959,82241,4238796,69799,4695122,99396,8933918,
All CA Counties,2021-03-15,287064,13592463,136605,6833678,130141,6551508,20318,207277,156875,4289883,129528,4824650,180615,9114533,
All CA Counties,2021-03-16,366202,13958665,171311,7004989,177816,6729324,17075,224352,214295,4373904,151237,4975887,235258,9349791,
All CA Counties,2021-03-17,377892,14336557,186675,7191664,173041,6902365,18176,242528,234644,4487165,142540,5118427,255801,9605592,
All CA Counties,2021-03-18,393324,14729881,199615,7391279,176017,7078382,17692,260220,236083,4587822,156263,5274690,256920,9862512,
All CA Counties,2021-03-19,402609,15132490,210481,7601760,170826,7249208,21302,281522,236219,4682329,165519,5440209,260026,10122538,
All CA Counties,2021-03-20,289530,15422020,151769,7753529,122104,7371312,15657,297179,186123,4783212,102826,5543035,203709,10326247,
All CA Counties,2021-03-21,141087,15563107,97059,7850588,36648,7407960,7380,304559,89143,4830813,51663,5594698,99264,10425511,
All CA Counties,2021-03-22,268075,15831182,156315,8006903,100913,7508873,10847,315406,177385,4932519,90074,5684772,191780,10617291,
All CA Counties,2021-03-23,351333,16182515,192736,8199639,147943,7656816,10654,326060,226436,5048333,124097,5808869,239911,10857202,
All CA Counties,2021-03-24,380934,16563449,218333,8417972,150580,7807396,12021,338081,224653,5133083,155191,5964060,239941,11097143,
All CA Counties,2021-03-25,408604,16972053,224375,8642347,169957,7977353,14272,352353,235653,5213408,171798,6135858,252123,11349266,
All CA Counties,2021-03-26,425915,17397968,227186,8869533,183006,8160359,15723,368076,235806,5278907,189030,6324888,254529,11603795,
All CA Counties,2021-03-27,306099,17704067,162629,9032162,132186,8292545,11284,379360,157465,5302001,147919,6472807,171013,11774808,
All CA Counties,2021-03-28,165839,17869906,105846,9138008,56427,8348972,3566,382926,90890,5323781,74591,6547398,96371,11871179,
All CA Counties,2021-03-29,305554,18175460,164788,9302796,132247,8481219,8519,391445,174395,5378668,130518,6677916,185405,12056584,
All CA Counties,2021-03-30,391477,18566937,197613,9500409,176562,8657781,17302,408747,238965,5484926,151850,6829766,258108,12314692,
All CA Counties,2021-03-31,418243,18985180,227330,9727739,169905,8827686,21008,429755,240557,5570738,176858,7006624,262670,12577362,
All CA Counties,2021-04-01,479368,19464548,245425,9973164,195443,9023129,38500,468255,266378,5664857,212036,7218660,306155,12883517,
All CA Counties,2021-04-02,462822,19927370,226032,10199196,195295,9218424,41495,509750,253434,5753157,208329,7426989,296629,13180146,
All CA Counties,2021-04-03,322322,20249692,163924,10363120,118290,9336714,40108,549858,161950,5796840,159822,7586811,203505,13383651,
All CA Counties,2021-04-04,130969,20380661,68306,10431426,43925,9380639,18738,568596,58469,5802021,72275,7659086,77456,13461107,
All CA Counties,2021-04-05,347453,20728114,179208,10610634,129532,9510171,38713,607309,173255,5843079,173657,7832743,214715,13675822,
All CA Counties,2021-04-06,451101,21179215,229030,10839664,157683,9667854,64388,671697,220637,5900998,229680,8062423,287599,13963421,
All CA Counties,2021-04-07,464869,21644084,241927,11081591,154188,9822042,68754,740451,228451,5964897,235606,8298029,299505,14262926,
All CA Counties,2021-04-08,491525,22135609,248669,11330260,159937,9981979,82919,823370,233024,6025744,257517,8555546,318364,14581290,
All CA Counties,2021-04-09,481374,22616983,239912,11570172,163380,10145359,78082,901452,223506,6073927,256963,8812509,305146,14886436,
All CA Counties,2021-04-10,359125,22976108,165049,11735221,121553,10266912,72523,973975,151598,6094114,206915,9019424,227102,15113538,
All CA Counties,2021-04-11,183885,23159993,102642,11837863,47570,10314482,33673,1007648,76087,6099933,107495,9126919,113314,15226852,
All CA Counties,2021-04-12,334620,23494613,172324,12010187,125075,10439557,37221,1044869,156051,6119028,177748,9304667,196843,15423695,
All CA Counties,2021-04-13,425065,23919678,236893,12247080,187263,10626820,909,1045778,237483,6174569,186725,9491392,242266,15665961,
All CA Counties,2021-04-14,441201,24360879,247788,12494868,193145,10819965,268,1046046,231823,6204422,208367,9699759,238220,15904181,
All CA Counties,2021-04-15,478176,24839055,278777,12773645,199177,11019142,222,1046268,268958,6270352,207957,9907716,273887,16178068,
All CA Counties,2021-04-16,464010,25303065,261904,13035549,201809,11220951,297,1046565,248881,6308432,214067,10121783,252147,16430215,
All CA Counties,2021-04-17,330126,25633191,186500,13222049,143587,11364538,39,1046604,187034,6356964,142448,10264231,190980,16621195,
All CA Counties,2021-04-18,151239,25784430,95758,13317807,55466,11420004,15,1046619,79004,6367730,71893,10336124,82659,16703854,
All CA Counties,2021-04-19,313279,26097709,181280,13499087,131906,11551910,93,1046712,148938,6356261,163590,10499714,152121,16855975,
All CA Counties,2021-04-20,401073,26498782,213482,13712569,187546,11739456,45,1046757,200628,6363007,199563,10699277,206309,17062284,
All CA Counties,2021-04-21,413151,26911933,234581,13947150,178322,11917778,248,1047005,199786,6356860,212190,10911467,206043,17268327,
All CA Counties,2021-04-22,432308,27344241,247181,14194331,185057,12102835,70,1047075,195425,6323904,235699,11147166,202743,17471070,
All CA Counties,2021-04-23,426268,27770509,243470,14437801,182719,12285554,79,1047154,193279,6296137,231813,11378979,204046,17675116,
All CA Counties,2021-04-24,316976,28087485,200873,14638674,115947,12401501,156,1047310,161861,6311272,154307,11533286,169442,17844558,
All CA Counties,2021-04-25,147234,28234719,96963,14735637,50209,12451710,62,1047372,78847,6324559,68020,11601306,81307,17925865,
All CA Counties,2021-04-26,263895,28498614,153619,14889256,108922,12560632,1354,1048726,114045,6299443,149078,11750384,123962,18049827,
All CA Counties,2021-04-27,332454,28831068,183608,15072864,143597,12704229,5249,1053975,133469,6249033,198034,11948418,147624,18197451,
All CA Counties,2021-04-28,323392,29154460,183928,15256792,132092,12836321,7372,1061347,130624,6202941,191919,12140337,145827,18343278,
All CA Counties,2021-04-29,287810,29442270,161175,15417967,119923,12956244,6712,1068059,101689,6134703,185337,12325674,117099,18460377,
All CA Counties,2021-04-30,248240,29690510,142307,15560274,101970,13058214,3963,1072022,88758,6075836,158819,12484493,99952,18560329,
All CA Counties,2021-05-01,148745,29839255,97006,15657280,49550,13107764,2189,1074211,54461,6041747,93909,12578402,59820,18620149,
All CA and Non-CA Counties,2020-12-15,1139,1139,1139,1139,0,0,0,0,1139,1139,0,0,1139,1139,
All CA and Non-CA Counties,2020-12-16,8381,9520,8381,9520,0,0,0,0,8381,9520,0,0,8381,9520,
All CA and Non-CA Counties,2020-12-17,27311,36831,27311,36831,0,0,0,0,27311,36831,0,0,27311,36831,
All CA and Non-CA Counties,2020-12-18,46306,83137,46245,83076,61,61,0,0,46306,83137,0,0,46306,83137,
All CA and Non-CA Counties,2020-12-19,26315,109452,26291,109367,24,85,0,0,26314,109450,1,1,26314,109451,
All CA and Non-CA Counties,2020-12-20,19633,129085,19601,128968,32,117,0,0,19632,129081,1,2,19632,129083,
All CA and Non-CA Counties,2020-12-21,51716,180801,51633,180601,83,200,0,0,51714,180794,1,3,51714,180797,
All CA and Non-CA Counties,2020-12-22,51914,232715,49728,230329,2186,2386,0,0,51912,232705,1,4,51912,232709,
All CA and Non-CA Counties,2020-12-23,51751,284466,42914,273243,8837,11223,0,0,51747,284452,0,4,51747,284456,
All CA and Non-CA Counties,2020-12-24,24813,309279,16928,290171,7885,19108,0,0,24810,309261,1,5,24810,309266,
All CA and Non-CA Counties,2020-12-25,2363,311642,2040,292211,323,19431,0,0,2363,311624,0,5,2363,311629,
All CA and Non-CA Counties,2020-12-26,14913,326555,9637,301848,5276,24707,0,0,14912,326535,1,6,14912,326541,
All CA and Non-CA Counties,2020-12-27,9576,336131,5638,307486,3938,28645,0,0,9575,336109,1,7,9575,336116,
All CA and Non-CA Counties,2020-12-28,47057,383188,30161,337647,16896,45541,0,0,47054,383160,3,10,47054,383170,
All CA and Non-CA Counties,2020-12-29,52563,435751,29527,367174,23036,68577,0,0,52559,435716,3,13,52559,435729,
All CA and Non-CA Counties,2020-12-30,64860,500611,36921,404095,27939,96516,0,0,64852,500565,3,16,64852,500581,
All CA and Non-CA Counties,2020-12-31,30397,531008,11433,415528,18964,115480,0,0,30387,530946,6,22,30387,530968,
All CA and Non-CA Counties,2021-01-01,4048,535056,1761,417289,2287,117767,0,0,4043,534986,3,25,4043,535011,
All CA and Non-CA Counties,2021-01-02,18668,553724,10353,427642,8315,126082,0,0,18666,553651,1,26,18666,553677,
All CA and Non-CA Counties,2021-01-03,6299,560023,3564,431206,2735,128817,0,0,6270,559909,12,38,6270,559947,
All CA and Non-CA Counties,2021-01-04,44499,604522,22446,453652,22053,150870,0,0,44414,604279,44,82,44414,604361,
All CA and Non-CA Counties,2021-01-05,57745,662267,30399,484051,27346,178216,0,0,52121,650919,5567,5649,52207,656568,
All CA and Non-CA Counties,2021-01-06,75702,737969,41978,526029,33724,211940,0,0,59664,694753,15858,21507,59692,716260,
All CA and Non-CA Counties,2021-01-07,95914,833883,54787,580816,41127,253067,0,0,63791,726628,31962,53469,63837,780097,
All CA and Non-CA Counties,2021-01-08,110708,944591,66889,647705,43819,296886,0,0,67773,751667,42793,96262,67832,847929,
All CA and Non-CA Counties,2021-01-09,44916,989507,25579,673284,19337,316223,0,0,28499,763793,16397,112659,28523,876452,
All CA and Non-CA Counties,2021-01-10,24516,1014023,14996,688280,9520,325743,0,0,13181,765672,11319,123978,13198,889650,
All CA and Non-CA Counties,2021-01-11,107463,1121486,71311,759591,36152,361895,0,0,62438,783289,44984,168962,62601,952251,
All CA and Non-CA Counties,2021-01-12,116354,1237840,68723,828314,47631,409526,0,0,73882,815006,42388,211350,74105,1026356,
All CA and Non-CA Counties,2021-01-13,122217,1360057,63205,891519,59012,468538,0,0,87436,867819,34697,246047,87510,1113866,
All CA and Non-CA Counties,2021-01-14,126822,1486879,50578,942097,76244,544782,0,0,106683,954619,20024,266071,106824,1220690,
All CA and Non-CA Counties,2021-01-15,145849,1632728,53014,995111,92835,637617,0,0,130401,1069857,15343,281414,130581,1351271,
All CA and Non-CA Counties,2021-01-16,83028,1715756,27761,1022872,55267,692884,0,0,75339,1137582,7662,289076,75387,1426658,
All CA and Non-CA Counties,2021-01-17,48518,1764274,16921,1039793,31597,724481,0,0,44840,1178796,3671,292747,44885,1471543,
All CA and Non-CA Counties,2021-01-18,88835,1853109,46380,1086173,42455,766936,0,0,69251,1228694,19503,312250,69401,1540944,
All CA and Non-CA Counties,2021-01-19,145501,1998610,74673,1160846,70828,837764,0,0,113560,1310720,31848,344098,113874,1654818,
All CA and Non-CA Counties,2021-01-20,162532,2161142,81683,1242529,80849,918613,0,0,128429,1405471,33921,378019,128672,1783490,
All CA and Non-CA Counties,2021-01-21,176195,2337337,77290,1319819,98905,1017518,0,0,156812,1543431,19169,397188,157129,1940619,
All CA and Non-CA Counties,2021-01-22,173319,2510656,69927,1389746,103392,1120910,0,0,158737,1687878,14449,411637,158896,2099515,
All CA and Non-CA Counties,2021-01-23,113219,2623875,49728,1439474,63491,1184401,0,0,100531,1775892,12629,424266,100643,2200158,
All CA and Non-CA Counties,2021-01-24,61475,2685350,29717,1469191,31758,1216159,0,0,56767,1828033,4678,428944,56819,2256977,
All CA and Non-CA Counties,2021-01-25,148167,2833517,66791,1535982,81376,1297535,0,0,112654,1905599,35428,464372,112994,2369971,
All CA and Non-CA Counties,2021-01-26,173633,3007150,85322,1621304,88311,1385846,0,0,135716,2003780,37795,502167,135976,2505947,
All CA and Non-CA Counties,2021-01-27,184029,3191179,90473,1711777,93556,1479402,0,0,144511,2109338,39149,541316,144707,2650654,
All CA and Non-CA Counties,2021-01-28,192130,3383309,88970,1800747,103160,1582562,0,0,157780,2233241,34061,575377,157964,2808618,
All CA and Non-CA Counties,2021-01-29,187472,3570781,90992,1891739,96480,1679042,0,0,152348,2351180,34561,609938,152500,2961118,
All CA and Non-CA Counties,2021-01-30,127046,3697827,57446,1949185,69600,1748642,0,0,111861,2448153,15024,624962,111997,3073115,
All CA and Non-CA Counties,2021-01-31,72337,3770164,41642,1990827,30695,1779337,0,0,67242,2510398,5049,630011,67294,3140409,
All CA and Non-CA Counties,2021-02-01,163525,3933689,75378,2066205,88147,1867484,0,0,124764,2596674,38614,668625,124890,3265299,
All CA and Non-CA Counties,2021-02-02,192318,4126007,81627,2147832,110691,1978175,0,0,145947,2696820,46017,714642,146163,3411462,
All CA and Non-CA Counties,2021-02-03,217099,4343106,96909,2244741,120190,2098365,0,0,162617,2805660,54003,768645,162843,3574305,
All CA and Non-CA Counties,2021-02-04,234083,4577189,101922,2346663,132161,2230526,0,0,172784,2918036,60753,829398,173129,3747434,
All CA and Non-CA Counties,2021-02-05,251977,4829166,108440,2455103,143537,2374063,0,0,172674,3012705,78552,907950,173221,3920655,
All CA and Non-CA Counties,2021-02-06,158841,4988007,76831,2531934,82010,2456073,0,0,123835,3102194,34835,942785,124324,4044979,
All CA and Non-CA Counties,2021-02-07,68759,5056766,44832,2576766,23927,2480000,0,0,52313,3138591,16361,959146,52758,4097737,
All CA and Non-CA Counties,2021-02-08,185067,5241833,91537,2668303,93530,2573530,0,0,122965,3200631,61645,1020791,123685,4221422,
All CA and Non-CA Counties,2021-02-09,214459,5456292,103457,2771760,111002,2684532,0,0,129269,3246288,84751,1105542,130408,4351830,
All CA and Non-CA Counties,2021-02-10,253206,5709498,121465,2893225,131741,2816273,0,0,141292,3277968,111098,1216640,142778,4494608,
All CA and Non-CA Counties,2021-02-11,268073,5977571,132661,3025886,135412,2951685,0,0,148409,3309520,118634,1335274,150186,4644794,
All CA and Non-CA Counties,2021-02-12,276221,6253792,120741,3146627,155480,3107165,0,0,150061,3336554,125372,1460646,152406,4797200,
All CA and Non-CA Counties,2021-02-13,168570,6422362,77693,3224320,90877,3198042,0,0,93722,3357789,74437,1535083,95672,4892872,
All CA and Non-CA Counties,2021-02-14,96458,6518820,47818,3272138,48640,3246682,0,0,52641,3368441,43663,1578746,54315,4947187,
All CA and Non-CA Counties,2021-02-15,143970,6662790,63706,3335844,80264,3326946,0,0,79593,3387212,64013,1642759,82784,5029971,
All CA and Non-CA Counties,2021-02-16,254039,6916829,120467,3456311,133572,3460518,0,0,135474,3407911,118209,1760968,138908,5168879,
All CA and Non-CA Counties,2021-02-17,262699,7179528,131002,3587313,131697,3592215,0,0,130121,3409603,132083,1893051,133775,5302654,
All CA and Non-CA Counties,2021-02-18,277331,7456859,145315,3732628,132016,3724231,0,0,133911,3405437,142766,2035817,138600,5441254,
All CA and Non-CA Counties,2021-02-19,257104,7713963,149883,3882511,107221,3831452,0,0,132411,3415774,124248,2160065,134585,5575839,
All CA and Non-CA Counties,2021-02-20,154556,7868519,99412,3981923,55144,3886596,0,0,84496,3432738,69822,2229887,86786,5662625,
All CA and Non-CA Counties,2021-02-21,73768,7942287,59648,4041571,14120,3900716,0,0,36133,3433745,37415,2267302,38422,5701047,
All CA and Non-CA Counties,2021-02-22,166018,8108305,111592,4153163,54426,3955142,0,0,83219,3436970,82492,2349794,85717,5786764,
All CA and Non-CA Counties,2021-02-23,227474,8335779,119734,4272897,107740,4062882,0,0,105219,3427437,121729,2471523,112196,5898960,
All CA and Non-CA Counties,2021-02-24,286751,8622530,144867,4417764,141884,4204766,0,0,136143,3422179,150022,2621545,144764,6043724,
All CA and Non-CA Counties,2021-02-25,322340,8944870,157657,4575421,164683,4369449,0,0,168020,3446012,153647,2775192,177480,6221204,
All CA and Non-CA Counties,2021-02-26,356213,9301083,166341,4741762,189872,4559321,0,0,198769,3495570,156528,2931720,206086,6427290,
All CA and Non-CA Counties,2021-02-27,250839,9551922,119908,4861670,130911,4690232,20,20,140903,3531696,109375,3041095,145501,6572791,
All CA and Non-CA Counties,2021-02-28,131812,9683734,78988,4940658,52820,4743052,4,24,76601,3557272,54831,3095926,80407,6653198,
All CA and Non-CA Counties,2021-03-01,240601,9924335,127918,5068576,112638,4855690,45,69,137726,3597663,102250,3198176,142641,6795839,
All CA and Non-CA Counties,2021-03-02,281016,10205351,135706,5204282,145295,5000985,15,84,165594,3656146,114970,3313146,173453,6969292,
All CA and Non-CA Counties,2021-03-03,334280,10539631,164176,5368458,170067,5171052,37,121,190172,3711069,143480,3456626,198403,7167695,
All CA and Non-CA Counties,2021-03-04,351764,10891395,176205,5544663,175473,5346525,86,207,204496,3776670,146571,3603197,212172,7379867,
All CA and Non-CA Counties,2021-03-05,335930,11227325,163297,5707960,171516,5518041,1117,1324,207542,3865284,127657,3730854,216271,7596138,
All CA and Non-CA Counties,2021-03-06,259544,11486869,132082,5840042,119526,5637567,7936,9260,160329,3939962,98838,3829692,173516,7769654,
All CA and Non-CA Counties,2021-03-07,125512,11612381,76350,5916392,45079,5682646,4083,13343,78026,3979317,47323,3877015,86678,7856332,
All CA and Non-CA Counties,2021-03-08,217606,11829987,104886,6021278,102123,5784769,10597,23940,141988,4061653,75257,3952272,157593,8013925,
All CA and Non-CA Counties,2021-03-09,269773,12099760,116923,6138201,136770,5921539,16080,40020,145702,4105510,123645,4075917,167502,8181427,
All CA and Non-CA Counties,2021-03-10,316426,12416186,155240,6293441,136964,6058503,24222,64242,170433,4160269,145414,4221331,200173,8381600,
All CA and Non-CA Counties,2021-03-11,377081,12793267,181910,6475351,161791,6220294,33380,97622,193979,4210800,182255,4403586,232786,8614386,
All CA and Non-CA Counties,2021-03-12,393477,13186744,175797,6651148,171123,6391417,46557,144179,192306,4253275,200439,4604025,242914,8857300,
All CA and Non-CA Counties,2021-03-13,281737,13468481,123818,6774966,126718,6518135,31201,175380,152709,4312857,128621,4732646,188203,9045503,
All CA and Non-CA Counties,2021-03-14,154048,13622529,82169,6857135,56780,6574915,15099,190479,83286,4343109,70515,4803161,100767,9146270,
All CA and Non-CA Counties,2021-03-15,290994,13913523,138634,6995769,131609,6706524,20751,211230,158961,4394879,131369,4934530,183139,9329409,
All CA and Non-CA Counties,2021-03-16,373451,14286974,175434,7171203,180571,6887095,17446,228676,218251,4479936,154527,5089057,239584,9568993,
All CA and Non-CA Counties,2021-03-17,385933,14672907,191729,7362932,175662,7062757,18542,247218,239349,4594939,145870,5234927,260873,9829866,
All CA and Non-CA Counties,2021-03-18,401284,15074191,204409,7567341,178659,7241416,18216,265434,240622,4697246,159676,5394603,261983,10091849,
All CA and Non-CA Counties,2021-03-19,409898,15484089,214798,7782139,173256,7414672,21844,287278,240627,4793823,168402,5563005,264979,10356828,
All CA and Non-CA Counties,2021-03-20,294245,15778334,154849,7936988,123653,7538325,15743,303021,189752,4897344,103903,5666908,207424,10564252,
All CA and Non-CA Counties,2021-03-21,143110,15921444,98424,8035412,37219,7575544,7467,310488,90768,4946263,52058,5718966,100977,10665229,
All CA and Non-CA Counties,2021-03-22,271317,16192761,158263,8193675,102119,7677663,10935,321423,179623,5049301,91068,5810034,194106,10859335,
All CA and Non-CA Counties,2021-03-23,357321,16550082,195784,8389459,150609,7828272,10928,332351,230644,5167832,125863,5935897,244394,11103729,
All CA and Non-CA Counties,2021-03-24,388126,16938208,222012,8611471,153670,7981942,12444,344795,229702,5255915,157328,6093225,245411,11349140,
All CA and Non-CA Counties,2021-03-25,416670,17354878,228065,8839536,173847,8155789,14758,359553,241681,5340728,173824,6267049,258637,11607777,
All CA and Non-CA Counties,2021-03-26,432487,17787365,230627,9070163,185964,8341753,15896,375449,240288,5408813,191098,6458147,259183,11866960,
All CA and Non-CA Counties,2021-03-27,311403,18098768,165655,9235818,134365,8476118,11383,386832,160885,5433544,149798,6607945,174529,12041489,
All CA and Non-CA Counties,2021-03-28,168873,18267641,107448,9343266,57702,8533820,3723,390555,92927,5456527,75582,6683527,98565,12140054,
All CA and Non-CA Counties,2021-03-29,310545,18578186,166958,9510224,134737,8668557,8850,399405,177415,5512798,132486,6816013,188757,12328811,
All CA and Non-CA Counties,2021-03-30,398077,18976263,201019,9711243,179214,8847771,17844,417249,243084,5621256,154319,6970332,262777,12591588,
All CA and Non-CA Counties,2021-03-31,424322,19400585,230937,9942180,171618,9019389,21767,439016,244022,5708679,179469,7149801,266892,12858480,
All CA and Non-CA Counties,2021-04-01,486518,19887103,249609,10191789,197793,9217182,39116,478132,270637,5804775,214929,7364730,311025,13169505,
All CA and Non-CA Counties,2021-04-02,471000,20358103,230210,10421999,198168,9415350,42622,520754,257841,5894845,212094,7576824,302164,13471669,
All CA and Non-CA Counties,2021-04-03,328430,20686533,167472,10589471,119701,9535051,41257,562011,165176,5940026,162699,7739523,207880,13679549,
All CA and Non-CA Counties,2021-04-04,132747,20819280,69178,10658649,44598,9579649,18971,580982,59468,5945661,73053,7812576,78688,13758237,
All CA and Non-CA Counties,2021-04-05,351429,21170709,181138,10839787,130925,9710574,39366,620348,175191,5987272,175694,7988270,217305,13975542,
All CA and Non-CA Counties,2021-04-06,457779,21628488,232524,11072311,159320,9869894,65935,686283,223338,6045473,233645,8221915,291846,14267388,
All CA and Non-CA Counties,2021-04-07,472567,22101055,246214,11318525,155948,10025842,70405,756688,231581,6109577,240172,8462087,304276,14571664,
All CA and Non-CA Counties,2021-04-08,499292,22600347,252668,11571193,161808,10187650,84816,841504,236177,6170856,262128,8724215,323407,14895071,
All CA and Non-CA Counties,2021-04-09,488695,23089042,243636,11814829,165073,10352723,79986,921490,226477,6219571,261308,8985523,310023,15205094,
All CA and Non-CA Counties,2021-04-10,365173,23454215,168119,11982948,122684,10475407,74370,995860,153318,6239001,211238,9196761,230668,15435762,
All CA and Non-CA Counties,2021-04-11,186727,23640942,104176,12087124,48248,10523655,34303,1030163,77127,6244690,109296,9306057,114985,15550747,
All CA and Non-CA Counties,2021-04-12,338566,23979508,174520,12261644,126300,10649955,37746,1067909,157884,6264034,179857,9485914,199201,15749948,
All CA and Non-CA Counties,2021-04-13,430606,24410114,240402,12502046,189271,10839226,933,1068842,240267,6319632,189477,9675391,245075,15995023,
All CA and Non-CA Counties,2021-04-14,446307,24856421,251010,12753056,195026,11034252,271,1069113,234594,6349929,210697,9886088,240994,16236017,
All CA and Non-CA Counties,2021-04-15,484071,25340492,282349,13035405,201493,11235745,229,1069342,272160,6416426,210600,10096688,277097,16513114,
All CA and Non-CA Counties,2021-04-16,469893,25810385,265312,13300717,204277,11440022,304,1069646,252284,6455442,216542,10313230,255558,16768672,
All CA and Non-CA Counties,2021-04-17,335305,26145690,189564,13490281,145701,11585723,40,1069686,189986,6504707,144668,10457898,193933,16962605,
All CA and Non-CA Counties,2021-04-18,153329,26299019,96916,13587197,56397,11642120,16,1069702,80003,6515388,72979,10530877,83660,17046265,
All CA and Non-CA Counties,2021-04-19,317408,26616427,183240,13770437,134074,11776194,94,1069796,151103,6504134,165543,10696420,154289,17200554,
All CA and Non-CA Counties,2021-04-20,406483,27022910,216024,13986461,190414,11966608,45,1069841,203009,6510238,202586,10899006,208690,17409244,
All CA and Non-CA Counties,2021-04-21,419682,27442592,237433,14223894,181999,12148607,250,1070091,202303,6502610,216191,11115197,208563,17617807,
All CA and Non-CA Counties,2021-04-22,439357,27881949,250982,14474876,188302,12336909,73,1070164,198318,6468401,239849,11355046,205640,17823447,
All CA and Non-CA Counties,2021-04-23,432190,28314139,246523,14721399,185587,12522496,80,1070244,195894,6439957,235108,11590154,206664,18030111,
All CA and Non-CA Counties,2021-04-24,321889,28636028,204307,14925706,117423,12639919,159,1070403,164120,6454707,156957,11747111,171707,18201818,
All CA and Non-CA Counties,2021-04-25,149402,28785430,98245,15023951,51093,12691012,64,1070467,79975,6468089,69057,11816168,82439,18284257,
All CA and Non-CA Counties,2021-04-26,267328,29052758,155066,15179017,110887,12801899,1375,1071842,115596,6442668,150955,11967123,125534,18409791,
All CA and Non-CA Counties,2021-04-27,337508,29390266,185316,15364333,146654,12948553,5538,1077380,135382,6391330,201169,12168292,149831,18559622,
All CA and Non-CA Counties,2021-04-28,328131,29718397,185918,15550251,134452,13083005,7761,1085141,132614,6344879,194659,12362951,148208,18707830,
All CA and Non-CA Counties,2021-04-29,292231,30010628,163142,15713393,121970,13204975,7119,1092260,103653,6276570,187780,12550731,119471,18827301,
All CA and Non-CA Counties,2021-04-30,251259,30261887,143684,15857077,103339,13308314,4236,1096496,90012,6217471,160578,12711309,101479,18928780,
All CA and Non-CA Counties,2021-05-01,150527,30412414,98054,15955131,49984,13358298,2489,1098985,55291,6183564,94858,12806167,60951,18989731,
Outside California,2020-12-15,7,7,7,7,0,0,0,0,7,7,0,0,7,7,Not in California
Outside California,2020-12-16,265,272,265,272,0,0,0,0,265,272,0,0,265,272,Not in California
Outside California,2020-12-17,1599,1871,1599,1871,0,0,0,0,1599,1871,0,0,1599,1871,Not in California
Outside California,2020-12-18,2558,4429,2551,4422,7,7,0,0,2558,4429,0,0,2558,4429,Not in California
Outside California,2020-12-19,1039,5468,1038,5460,1,8,0,0,1039,5468,0,0,1039,5468,Not in California
Outside California,2020-12-20,674,6142,672,6132,2,10,0,0,674,6142,0,0,674,6142,Not in California
Outside California,2020-12-21,2192,8334,2189,8321,3,13,0,0,2192,8334,0,0,2192,8334,Not in California
Outside California,2020-12-22,2064,10398,1991,10312,73,86,0,0,2064,10398,0,0,2064,10398,Not in California
Outside California,2020-12-23,1520,11918,1387,11699,133,219,0,0,1520,11918,0,0,1520,11918,Not in California
Outside California,2020-12-24,804,12722,612,12311,192,411,0,0,804,12722,0,0,804,12722,Not in California
Outside California,2020-12-25,33,12755,29,12340,4,415,0,0,33,12755,0,0,33,12755,Not in California
Outside California,2020-12-26,308,13063,204,12544,104,519,0,0,308,13063,0,0,308,13063,Not in California
Outside California,2020-12-27,188,13251,73,12617,115,634,0,0,188,13251,0,0,188,13251,Not in California
Outside California,2020-12-28,1417,14668,900,13517,517,1151,0,0,1417,14668,0,0,1417,14668,Not in California
Outside California,2020-12-29,1551,16219,1017,14534,534,1685,0,0,1551,16219,0,0,1551,16219,Not in California
Outside California,2020-12-30,1926,18145,1235,15769,691,2376,0,0,1926,18145,0,0,1926,18145,Not in California
Outside California,2020-12-31,1121,19266,600,16369,521,2897,0,0,1120,19264,1,1,1120,19265,Not in California
Outside California,2021-01-01,111,19377,23,16392,88,2985,0,0,111,19375,0,1,111,19376,Not in California
Outside California,2021-01-02,240,19617,133,16525,107,3092,0,0,239,19613,1,2,239,19615,Not in California
Outside California,2021-01-03,170,19787,90,16615,80,3172,0,0,170,19783,0,2,170,19785,Not in California
Outside California,2021-01-04,1144,20931,509,17124,635,3807,0,0,1140,20923,0,2,1140,20925,Not in California
Outside California,2021-01-05,1539,22470,811,17935,728,4535,0,0,1348,22082,189,191,1348,22273,Not in California
Outside California,2021-01-06,2704,25174,1596,19531,1108,5643,0,0,1972,23325,729,920,1972,24245,Not in California
Outside California,2021-01-07,4141,29315,2535,22066,1606,7249,0,0,2486,24160,1653,2573,2488,26733,Not in California
Outside California,2021-01-08,4520,33835,2924,24990,1596,8845,0,0,2642,24937,1868,4441,2645,29378,Not in California
Outside California,2021-01-09,1316,35151,526,25516,790,9635,0,0,991,25606,324,4765,993,30371,Not in California
Outside California,2021-01-10,302,35453,181,25697,121,9756,0,0,182,25668,120,4885,182,30553,Not in California
Outside California,2021-01-11,3308,38761,2011,27708,1297,11053,0,0,1975,26310,1333,6218,1975,32528,Not in California
Outside California,2021-01-12,3875,42636,2312,30020,1563,12616,0,0,2332,27104,1539,7757,2333,34861,Not in California
Outside California,2021-01-13,3690,46326,1801,31821,1889,14505,0,0,2514,28444,1176,8933,2516,37377,Not in California
Outside California,2021-01-14,3752,50078,1275,33096,2477,16982,0,0,3110,30926,629,9562,3111,40488,Not in California
Outside California,2021-01-15,4277,54355,992,34088,3285,20267,0,0,3807,34276,457,10019,3807,44295,Not in California
Outside California,2021-01-16,2698,57053,382,34470,2316,22583,0,0,2529,36638,167,10186,2529,46824,Not in California
Outside California,2021-01-17,494,57547,148,34618,346,22929,0,0,445,37034,49,10235,445,47269,Not in California
Outside California,2021-01-18,1195,58742,767,35385,428,23357,0,0,739,37319,455,10690,740,48009,Not in California
Outside California,2021-01-19,4040,62782,1318,36703,2722,26079,0,0,3145,39572,895,11585,3148,51157,Not in California
Outside California,2021-01-20,4397,67179,1407,38110,2990,29069,0,0,3465,42108,930,12515,3466,54623,Not in California
Outside California,2021-01-21,4128,71307,1113,39223,3015,32084,0,0,3564,45123,549,13064,3564,58187,Not in California
Outside California,2021-01-22,4627,75934,1078,40301,3549,35633,0,0,4232,48965,391,13455,4233,62420,Not in California
Outside California,2021-01-23,2256,78190,331,40632,1925,37558,0,0,2093,50895,163,13618,2093,64513,Not in California
Outside California,2021-01-24,602,78792,243,40875,359,37917,0,0,524,51341,78,13696,524,65037,Not in California
Outside California,2021-01-25,4460,83252,1954,42829,2506,40423,0,0,3595,54074,863,14559,3596,68633,Not in California
Outside California,2021-01-26,5947,89199,2892,45721,3055,43478,0,0,5103,58341,843,15402,5110,73743,Not in California
Outside California,2021-01-27,4819,94018,2670,48391,2149,45627,0,0,4205,61937,610,16012,4206,77949,Not in California
Outside California,2021-01-28,5290,99308,2878,51269,2412,48039,0,0,4764,66186,515,16527,4764,82713,Not in California
Outside California,2021-01-29,4807,104115,2974,54243,1833,49872,0,0,4025,69435,778,17305,4027,86740,Not in California
Outside California,2021-01-30,4338,108453,2294,56537,2044,51916,0,0,4114,73328,221,17526,4114,90854,Not in California
Outside California,2021-01-31,3172,111625,2754,59291,418,52334,0,0,3119,76395,53,17579,3120,93974,Not in California
Outside California,2021-02-01,5479,117104,2565,61856,2914,55248,0,0,4790,80503,682,18261,4790,98764,Not in California
Outside California,2021-02-02,6756,123860,2164,64020,4592,59840,0,0,6039,85832,710,18971,6039,104803,Not in California
Outside California,2021-02-03,7320,131180,2080,66100,5240,65080,0,0,6456,91433,856,19827,6457,111260,Not in California
Outside California,2021-02-04,6792,137972,2172,68272,4620,69700,0,0,5807,96265,976,20803,5808,117068,Not in California
Outside California,2021-02-05,6812,144784,2216,70488,4596,74296,0,0,5752,100961,1056,21859,5752,122820,Not in California
Outside California,2021-02-06,4443,149227,2168,72656,2275,76571,0,0,3985,104500,449,22308,3988,126808,Not in California
Outside California,2021-02-07,2164,151391,1782,74438,382,76953,0,0,2087,106512,77,22385,2089,128897,Not in California
Outside California,2021-02-08,5233,156624,3270,77708,1963,78916,0,0,4180,109649,1043,23428,4180,133077,Not in California
Outside California,2021-02-09,4268,160892,1893,79601,2375,81291,0,0,2964,111332,1295,24723,2978,136055,Not in California
Outside California,2021-02-10,5534,166426,1864,81465,3670,84961,0,0,3094,112036,2432,27155,3136,139191,Not in California
Outside California,2021-02-11,4727,171153,2143,83608,2584,87545,0,0,3423,114180,1296,28451,3440,142631,Not in California
Outside California,2021-02-12,5211,176364,1918,85526,3293,90838,0,0,3391,115764,1812,30263,3396,146027,Not in California
Outside California,2021-02-13,2395,178759,692,86218,1703,92541,0,0,1853,117087,542,30805,1865,147892,Not in California
Outside California,2021-02-14,1323,180082,399,86617,924,93465,0,0,1085,117939,235,31040,1087,148979,Not in California
Outside California,2021-02-15,2506,182588,1508,88125,998,94463,0,0,1198,117846,1295,32335,1202,150181,Not in California
Outside California,2021-02-16,6431,189019,2887,91012,3544,98007,0,0,2612,116653,3809,36144,2616,152797,Not in California
Outside California,2021-02-17,5894,194913,2932,93944,2962,100969,0,0,1826,114420,4063,40207,1830,154627,Not in California
Outside California,2021-02-18,6363,201276,3661,97605,2702,103671,0,0,2038,112151,4308,44515,2039,156666,Not in California
Outside California,2021-02-19,5678,206954,3925,101530,1753,105424,0,0,2413,111305,3260,47775,2414,159080,Not in California
Outside California,2021-02-20,3236,210190,2582,104112,654,106078,0,0,1196,110464,2038,49813,1197,160277,Not in California
Outside California,2021-02-21,1783,211973,1567,105679,216,106294,0,0,617,109919,1162,50975,617,160894,Not in California
Outside California,2021-02-22,3455,215428,2528,108207,927,107221,0,0,1619,109708,1835,52810,1624,162518,Not in California
Outside California,2021-02-23,5838,221266,3231,111438,2607,109828,0,0,2302,108493,3531,56341,2316,164834,Not in California
Outside California,2021-02-24,6330,227596,3478,114916,2852,112680,0,0,2488,107149,3837,60178,2493,167327,Not in California
Outside California,2021-02-25,6895,234491,3486,118402,3409,116089,0,0,3121,106531,3743,63921,3125,170452,Not in California
Outside California,2021-02-26,6795,241286,3607,122009,3188,119277,0,0,3165,106145,3552,67473,3166,173618,Not in California
Outside California,2021-02-27,5293,246579,2553,124562,2739,122016,1,1,1846,104559,3436,70909,1850,175468,Not in California
Outside California,2021-02-28,2412,248991,1756,126318,655,122671,1,2,792,103734,1619,72528,794,176262,Not in California
Outside California,2021-03-01,4709,253700,2925,129243,1783,124454,1,3,1295,101628,3407,75935,1301,177563,Not in California
Outside California,2021-03-02,6172,259872,1999,131242,4173,128627,0,3,1866,99200,4296,80231,1868,179431,Not in California
Outside California,2021-03-03,7742,267614,2949,134191,4791,133418,2,5,2584,96644,5146,85377,2590,182021,Not in California
Outside California,2021-03-04,6706,274320,2827,137018,3875,137293,4,9,2321,94601,4370,89747,2327,184348,Not in California
Outside California,2021-03-05,5035,279355,2440,139458,2581,139874,14,23,2574,94744,2452,92199,2595,186943,Not in California
Outside California,2021-03-06,4573,283928,2109,141567,2308,142182,156,179,2314,94965,2257,94456,2478,189421,Not in California
Outside California,2021-03-07,1541,285469,978,142545,509,142691,54,233,923,95326,617,95073,978,190399,Not in California
Outside California,2021-03-08,2949,288418,1691,144236,1012,143703,246,479,2062,96783,858,95931,2315,192714,Not in California
Outside California,2021-03-09,4261,292679,2004,146240,1935,145638,322,801,2418,97684,1839,97770,2740,195454,Not in California
Outside California,2021-03-10,4087,296766,1825,148065,1760,147398,502,1303,2437,98987,1643,99413,2946,198400,Not in California
Outside California,2021-03-11,5914,302680,2909,150974,2332,149730,673,1976,3103,99958,2806,102219,3777,202177,Not in California
Outside California,2021-03-12,6098,308778,3560,154534,1814,151544,724,2700,3264,101121,2826,105045,3989,206166,Not in California
Outside California,2021-03-13,3702,312480,2132,156666,1108,152652,462,3162,2576,103042,1120,106165,3041,209207,Not in California
Outside California,2021-03-14,1744,314224,888,157554,533,153185,323,3485,1039,103700,705,106870,1363,210570,Not in California
Outside California,2021-03-15,3900,318124,2018,159572,1451,154636,431,3916,2066,104374,1828,108698,2502,213072,Not in California
Outside California,2021-03-16,7185,325309,4101,163673,2717,157353,367,4283,3912,105381,3271,111969,4278,217350,Not in California
Outside California,2021-03-17,7995,333304,5040,168713,2590,159943,365,4648,4666,107087,3326,115295,5032,222382,Not in California
Outside California,2021-03-18,7920,341224,4774,173487,2622,162565,524,5172,4511,108721,3401,118696,5035,227417,Not in California
Outside California,2021-03-19,7260,348484,4298,177785,2420,164985,542,5714,4383,110774,2875,121571,4928,232345,Not in California
Outside California,2021-03-20,4682,353166,3066,180851,1530,166515,86,5800,3610,113405,1065,122636,3696,236041,Not in California
Outside California,2021-03-21,2000,355166,1348,182199,565,167080,87,5887,1606,114707,392,123028,1694,237735,Not in California
Outside California,2021-03-22,3208,358374,1930,184129,1191,168271,87,5974,2220,116032,982,124010,2307,240042,Not in California
Outside California,2021-03-23,5965,364339,3039,187168,2657,170928,269,6243,4197,118744,1755,125765,4467,244509,Not in California
Outside California,2021-03-24,7166,371505,3670,190838,3073,174001,423,6666,5028,122061,2132,127897,5449,249958,Not in California
Outside California,2021-03-25,8018,379523,3656,194494,3876,177877,486,7152,5996,126531,2012,129909,6482,256440,Not in California
Outside California,2021-03-26,6536,386059,3422,197916,2946,180823,168,7320,4460,129106,2052,131961,4627,261067,Not in California
Outside California,2021-03-27,5265,391324,3013,200929,2153,182976,99,7419,3397,130740,1859,133820,3493,264560,Not in California
Outside California,2021-03-28,3018,394342,1593,202522,1268,184244,157,7576,2026,131936,987,134807,2183,266743,Not in California
Outside California,2021-03-29,4953,399295,2153,204675,2470,186714,330,7906,2995,133306,1956,136763,3326,270069,Not in California
Outside California,2021-03-30,6558,405853,3381,208056,2635,189349,542,8448,4093,135495,2454,139217,4643,274712,Not in California
Outside California,2021-03-31,6043,411896,3585,211641,1699,191048,759,9207,3440,137093,2599,141816,4197,278909,Not in California
Outside California,2021-04-01,7122,419018,4171,215812,2335,193383,616,9823,4228,139044,2888,144704,4839,283748,Not in California
Outside California,2021-04-02,8115,427133,4162,219974,2835,196218,1118,10941,4378,140810,3731,148435,5497,289245,Not in California
Outside California,2021-04-03,6090,433223,3539,223513,1402,197620,1149,12090,3218,142310,2867,151302,4367,293612,Not in California
Outside California,2021-04-04,1762,434985,867,224380,662,198282,233,12323,989,142759,773,152075,1222,294834,Not in California
Outside California,2021-04-05,3942,438927,1910,226290,1380,199662,652,12975,1917,143307,2022,154097,2570,297404,Not in California
Outside California,2021-04-06,6644,445571,3477,229767,1621,201283,1546,14521,2684,143589,3947,158044,4229,301633,Not in California
Outside California,2021-04-07,7660,453231,4262,234029,1747,203030,1651,16172,3095,143767,4558,162602,4736,306369,Not in California
Outside California,2021-04-08,7724,460955,3971,238000,1860,204890,1893,18065,3127,144191,4589,167191,5013,311382,Not in California
Outside California,2021-04-09,7280,468235,3699,241699,1677,206567,1904,19969,2944,144710,4331,171522,4850,316232,Not in California
Outside California,2021-04-10,6038,474273,3061,244760,1130,207697,1847,21816,1717,143957,4316,175838,3563,319795,Not in California
Outside California,2021-04-11,2827,477100,1523,246283,674,208371,630,22446,1034,143830,1792,177630,1665,321460,Not in California
Outside California,2021-04-12,3904,481004,2173,248456,1209,209580,522,22968,1816,144084,2084,179714,2338,323798,Not in California
Outside California,2021-04-13,5471,486475,3482,251938,1965,211545,24,22992,2756,144155,2710,182424,2781,326579,Not in California
Outside California,2021-04-14,5072,491547,3212,255150,1857,213402,3,22995,2763,144617,2304,184728,2766,329345,Not in California
Outside California,2021-04-15,5851,497398,3555,258705,2290,215692,6,23001,3187,145196,2615,187343,3194,332539,Not in California
Outside California,2021-04-16,5831,503229,3370,262075,2454,218146,7,23008,3372,146122,2454,189797,3380,335919,Not in California
Outside California,2021-04-17,5153,508382,3050,265125,2102,220248,1,23009,2944,146863,2203,192000,2944,338863,Not in California
Outside California,2021-04-18,2071,510453,1151,266276,919,221167,1,23010,992,146783,1074,193074,994,339857,Not in California
Outside California,2021-04-19,4094,514547,1939,268215,2154,223321,1,23011,2149,147000,1935,195009,2152,342009,Not in California
Outside California,2021-04-20,5386,519933,2528,270743,2858,226179,0,23011,2375,146370,3005,198014,2375,344384,Not in California
Outside California,2021-04-21,6494,526427,2837,273580,3655,229834,2,23013,2506,144904,3975,201989,2509,346893,Not in California
Outside California,2021-04-22,7026,533453,3787,277367,3236,233070,3,23016,2888,143664,4132,206121,2892,349785,Not in California
Outside California,2021-04-23,5889,539342,3038,280405,2850,235920,1,23017,2596,142981,3282,209403,2599,352384,Not in California
Outside California,2021-04-24,4876,544218,3412,283817,1461,237381,3,23020,2232,142579,2640,212043,2238,354622,Not in California
Outside California,2021-04-25,2145,546363,1273,285090,870,238251,2,23022,1116,142673,1026,213069,1120,355742,Not in California
Outside California,2021-04-26,3415,549778,1435,286525,1959,240210,21,23043,1545,142374,1865,214934,1566,357308,Not in California
Outside California,2021-04-27,5030,554808,1699,288224,3042,243252,289,23332,1906,141456,3118,218052,2200,359508,Not in California
Outside California,2021-04-28,4676,559484,1940,290164,2348,245600,388,23720,1948,141075,2719,220771,2338,361846,Not in California
Outside California,2021-04-29,4082,563566,1786,291950,1922,247522,374,24094,1700,140782,2368,223139,2075,363921,Not in California
Outside California,2021-04-30,3012,566578,1376,293326,1364,248886,272,24366,1249,140546,1757,224896,1521,365442,Not in California
Outside California,2021-05-01,1775,568353,1044,294370,431,249317,300,24666,824,140723,948,225844,1125,366567,Not in California
Unknown,2020-12-17,2,2,2,2,0,0,0,0,0,0,0,0,0,0,Not in California
Unknown,2020-12-18,9,11,9,11,0,0,0,0,8,8,0,0,8,8,Not in California
Unknown,2020-12-19,81,92,81,92,0,0,0,0,81,89,0,0,81,89,Not in California
Unknown,2020-12-20,24,116,24,116,0,0,0,0,24,113,0,0,24,113,Not in California
Unknown,2020-12-21,5,121,5,121,0,0,0,0,0,113,0,0,0,113,Not in California
Unknown,2020-12-22,4,125,4,125,0,0,0,0,4,117,0,0,4,117,Not in California
Unknown,2020-12-26,1,126,1,126,0,0,0,0,1,118,0,0,1,118,Not in California
Unknown,2020-12-28,4,130,4,130,0,0,0,0,3,121,0,0,3,121,Not in California
Unknown,2020-12-29,3,133,3,133,0,0,0,0,3,124,0,0,3,124,Not in California
Unknown,2020-12-30,59,192,56,189,3,3,0,0,57,181,0,0,57,181,Not in California
Unknown,2020-12-31,2,194,0,189,2,5,0,0,1,182,0,0,1,182,Not in California
Unknown,2021-01-02,1,195,0,189,1,6,0,0,1,183,0,0,1,183,Not in California
Unknown,2021-01-04,3,198,3,192,0,6,0,0,2,185,0,0,2,185,Not in California
Unknown,2021-01-05,1,199,0,192,1,7,0,0,2,187,0,0,2,187,Not in California
Unknown,2021-01-06,30,229,28,220,2,9,0,0,6,170,23,23,6,193,Not in California
Unknown,2021-01-07,110,339,107,327,3,12,0,0,72,204,38,61,72,265,Not in California
Unknown,2021-01-08,26,365,21,348,5,17,0,0,5,188,21,82,5,270,Not in California
Unknown,2021-01-09,3,368,2,350,1,18,0,0,4,192,0,82,4,274,Not in California
Unknown,2021-01-11,23,391,23,373,0,18,0,0,18,206,4,86,18,292,Not in California
Unknown,2021-01-12,10,401,8,381,2,20,0,0,8,214,1,87,9,301,Not in California
Unknown,2021-01-13,11,412,11,392,0,20,0,0,13,227,0,87,13,314,Not in California
Unknown,2021-01-14,4,416,3,395,1,21,0,0,4,231,0,87,4,318,Not in California
Unknown,2021-01-15,4,420,3,398,1,22,0,0,4,235,0,87,4,322,Not in California
Unknown,2021-01-16,7,427,7,405,0,22,0,0,6,240,1,88,6,328,Not in California
Unknown,2021-01-17,3,430,3,408,0,22,0,0,3,243,0,88,3,331,Not in California
Unknown,2021-01-18,54,484,54,462,0,22,0,0,52,293,2,90,52,383,Not in California
Unknown,2021-01-19,23,507,22,484,1,23,0,0,21,313,1,91,21,404,Not in California
Unknown,2021-01-20,79,586,79,563,0,23,0,0,27,288,52,143,27,431,Not in California
Unknown,2021-01-21,60,646,58,621,2,25,0,0,61,348,1,144,61,492,Not in California
Unknown,2021-01-22,40,686,35,656,5,30,0,0,40,388,0,144,40,532,Not in California
Unknown,2021-01-23,12,698,6,662,6,36,0,0,12,400,0,144,12,544,Not in California
Unknown,2021-01-24,2,700,2,664,0,36,0,0,3,403,0,144,3,547,Not in California
Unknown,2021-01-25,22,722,19,683,3,39,0,0,19,419,3,147,19,566,Not in California
Unknown,2021-01-26,98,820,94,777,4,43,0,0,101,520,0,147,101,667,Not in California
Unknown,2021-01-27,17,837,17,794,0,43,0,0,16,535,1,148,16,683,Not in California
Unknown,2021-01-28,155,992,152,946,3,46,0,0,98,573,60,208,98,781,Not in California
Unknown,2021-01-29,147,1139,146,1092,1,47,0,0,151,723,1,209,151,932,Not in California
Unknown,2021-01-30,10,1149,8,1100,2,49,0,0,13,735,1,210,13,945,Not in California
Unknown,2021-01-31,16,1165,16,1116,0,49,0,0,16,750,1,211,16,961,Not in California
Unknown,2021-02-01,36,1201,34,1150,2,51,0,0,21,754,17,228,21,982,Not in California
Unknown,2021-02-02,70,1271,68,1218,2,53,0,0,63,811,6,234,63,1045,Not in California
Unknown,2021-02-03,50,1321,46,1264,4,57,0,0,38,838,11,245,38,1083,Not in California
Unknown,2021-02-04,61,1382,56,1320,5,62,0,0,56,889,5,250,56,1139,Not in California
Unknown,2021-02-05,22,1404,15,1335,7,69,0,0,18,900,7,257,18,1157,Not in California
Unknown,2021-02-06,19,1423,14,1349,5,74,0,0,15,908,7,264,15,1172,Not in California
Unknown,2021-02-07,8,1431,8,1357,0,74,0,0,6,912,2,266,6,1178,Not in California
Unknown,2021-02-08,52,1483,49,1406,3,77,0,0,13,886,39,305,13,1191,Not in California
Unknown,2021-02-09,20,1503,19,1425,1,78,0,0,5,876,15,320,5,1196,Not in California
Unknown,2021-02-10,35,1538,30,1455,5,83,0,0,9,859,26,346,9,1205,Not in California
Unknown,2021-02-11,92,1630,91,1546,1,84,0,0,43,852,50,396,43,1248,Not in California
Unknown,2021-02-12,46,1676,38,1584,8,92,0,0,17,836,33,429,17,1265,Not in California
Unknown,2021-02-13,15,1691,3,1587,12,104,0,0,17,852,1,430,17,1282,Not in California
Unknown,2021-02-14,7,1698,1,1588,6,110,0,0,5,856,1,431,5,1287,Not in California
Unknown,2021-02-15,43,1741,37,1625,6,116,0,0,28,871,13,444,28,1315,Not in California
Unknown,2021-02-16,104,1845,95,1720,9,125,0,0,31,829,73,517,31,1346,Not in California
Unknown,2021-02-17,10,1855,8,1728,2,127,0,0,4,828,5,522,4,1350,Not in California
Unknown,2021-02-18,105,1960,100,1828,5,132,0,0,19,761,86,608,19,1369,Not in California
Unknown,2021-02-19,196,2156,190,2018,6,138,0,0,58,682,137,745,58,1427,Not in California
Unknown,2021-02-20,12,2168,5,2023,7,145,0,0,5,682,5,750,5,1432,Not in California
Unknown,2021-02-21,18,2186,18,2041,0,145,0,0,4,672,14,764,4,1436,Not in California
Unknown,2021-02-22,9,2195,9,2050,0,145,0,0,6,675,3,767,6,1442,Not in California
Unknown,2021-02-23,63,2258,51,2101,12,157,0,0,15,643,47,814,15,1457,Not in California
Unknown,2021-02-24,43,2301,35,2136,8,165,0,0,14,628,29,843,14,1471,Not in California
Unknown,2021-02-25,76,2377,60,2196,16,181,0,0,27,606,49,892,27,1498,Not in California
Unknown,2021-02-26,40,2417,25,2221,15,196,0,0,24,615,15,907,24,1522,Not in California
Unknown,2021-02-27,27,2444,14,2235,13,209,0,0,19,626,8,915,19,1541,Not in California
Unknown,2021-02-28,17,2461,13,2248,4,213,0,0,10,631,5,920,10,1551,Not in California
Unknown,2021-03-01,44,2505,26,2274,18,231,0,0,24,636,19,939,24,1575,Not in California
Unknown,2021-03-02,20,2525,8,2282,12,243,0,0,12,642,6,945,12,1587,Not in California
Unknown,2021-03-03,13,2538,7,2289,6,249,0,0,9,648,3,948,9,1596,Not in California
Unknown,2021-03-04,53,2591,49,2338,4,253,0,0,21,638,31,979,21,1617,Not in California
Unknown,2021-03-05,33,2624,15,2353,18,271,0,0,35,667,6,985,35,1652,Not in California
Unknown,2021-03-06,32,2656,11,2364,19,290,2,2,23,683,9,994,25,1677,Not in California
Unknown,2021-03-07,10,2666,1,2365,9,299,0,2,6,686,3,997,6,1683,Not in California
Unknown,2021-03-08,32,2698,23,2388,7,306,2,4,8,671,25,1022,10,1693,Not in California
Unknown,2021-03-09,39,2737,32,2420,3,309,4,8,10,655,30,1052,14,1707,Not in California
Unknown,2021-03-10,9,2746,6,2426,1,310,2,10,5,657,5,1057,7,1714,Not in California
Unknown,2021-03-11,37,2783,13,2439,10,320,14,24,14,664,21,1078,28,1742,Not in California
Unknown,2021-03-12,82,2865,56,2495,21,341,5,29,15,620,64,1142,20,1762,Not in California
Unknown,2021-03-13,24,2889,4,2499,16,357,4,33,8,616,16,1158,12,1774,Not in California
Unknown,2021-03-14,17,2906,9,2508,6,363,2,35,6,613,11,1169,8,1782,Not in California
Unknown,2021-03-15,30,2936,11,2519,17,380,2,37,20,622,13,1182,22,1804,Not in California
Unknown,2021-03-16,64,3000,22,2541,38,418,4,41,44,651,19,1201,48,1852,Not in California
Unknown,2021-03-17,46,3046,14,2555,31,449,1,42,39,687,4,1205,40,1892,Not in California
Unknown,2021-03-18,40,3086,20,2575,20,469,0,42,28,703,12,1217,28,1920,Not in California
Unknown,2021-03-19,29,3115,19,2594,10,479,0,42,25,720,8,1225,25,1945,Not in California
Unknown,2021-03-20,33,3148,14,2608,19,498,0,42,19,727,12,1237,19,1964,Not in California
Unknown,2021-03-21,23,3171,17,2625,6,504,0,42,19,743,3,1240,19,1983,Not in California
Unknown,2021-03-22,34,3205,18,2643,15,519,1,43,18,750,12,1252,19,2002,Not in California
Unknown,2021-03-23,23,3228,9,2652,9,528,5,48,11,755,11,1263,16,2018,Not in California
Unknown,2021-03-24,26,3254,9,2661,17,545,0,48,21,771,5,1268,21,2039,Not in California
Unknown,2021-03-25,48,3302,34,2695,14,559,0,48,32,789,14,1282,32,2071,Not in California
Unknown,2021-03-26,36,3338,19,2714,12,571,5,53,22,800,16,1298,27,2098,Not in California
Unknown,2021-03-27,39,3377,13,2727,26,597,0,53,23,803,20,1318,23,2121,Not in California
Unknown,2021-03-28,16,3393,9,2736,7,604,0,53,11,810,4,1322,11,2132,Not in California
Unknown,2021-03-29,38,3431,17,2753,20,624,1,54,25,824,12,1334,26,2158,Not in California
Unknown,2021-03-30,42,3473,25,2778,17,641,0,54,26,835,15,1349,26,2184,Not in California
Unknown,2021-03-31,36,3509,22,2800,14,655,0,54,25,848,12,1361,25,2209,Not in California
Unknown,2021-04-01,28,3537,13,2813,15,670,0,54,31,874,5,1366,31,2240,Not in California
Unknown,2021-04-02,63,3600,16,2829,38,708,9,63,29,878,34,1400,38,2278,Not in California
Unknown,2021-04-03,18,3618,9,2838,9,717,0,63,8,876,10,1410,8,2286,Not in California
Unknown,2021-04-04,16,3634,5,2843,11,728,0,63,10,881,5,1415,10,2296,Not in California
Unknown,2021-04-05,34,3668,20,2863,13,741,1,64,19,886,15,1430,20,2316,Not in California
Unknown,2021-04-06,34,3702,17,2880,16,757,1,65,17,886,18,1448,18,2334,Not in California
Unknown,2021-04-07,38,3740,25,2905,13,770,0,65,35,913,8,1456,35,2369,Not in California
Unknown,2021-04-08,43,3783,28,2933,11,781,4,69,26,921,22,1478,30,2399,Not in California
Unknown,2021-04-09,41,3824,25,2958,16,797,0,69,27,934,14,1492,27,2426,Not in California
Unknown,2021-04-10,10,3834,9,2967,1,798,0,69,3,930,7,1499,3,2429,Not in California
Unknown,2021-04-11,15,3849,11,2978,4,802,0,69,6,927,9,1508,6,2435,Not in California
Unknown,2021-04-12,42,3891,23,3001,16,818,3,72,17,922,25,1533,20,2455,Not in California
Unknown,2021-04-13,70,3961,27,3028,43,861,0,72,28,908,42,1575,28,2483,Not in California
Unknown,2021-04-14,34,3995,10,3038,24,885,0,72,8,890,26,1601,8,2491,Not in California
Unknown,2021-04-15,44,4039,17,3055,26,911,1,73,15,878,28,1629,16,2507,Not in California
Unknown,2021-04-16,52,4091,38,3093,14,925,0,73,31,888,21,1650,31,2538,Not in California
Unknown,2021-04-17,26,4117,14,3107,12,937,0,73,8,880,17,1667,9,2547,Not in California
Unknown,2021-04-18,19,4136,7,3114,12,949,0,73,7,875,12,1679,7,2554,Not in California
Unknown,2021-04-19,35,4171,21,3135,14,963,0,73,16,873,18,1697,16,2570,Not in California
Unknown,2021-04-20,24,4195,14,3149,10,973,0,73,6,861,18,1715,6,2576,Not in California
Unknown,2021-04-21,37,4232,15,3164,22,995,0,73,11,846,26,1741,11,2587,Not in California
Unknown,2021-04-22,23,4255,14,3178,9,1004,0,73,5,833,18,1759,5,2592,Not in California
Unknown,2021-04-23,33,4288,15,3193,18,1022,0,73,19,839,13,1772,19,2611,Not in California
Unknown,2021-04-24,37,4325,22,3215,15,1037,0,73,27,856,10,1782,27,2638,Not in California
Unknown,2021-04-25,23,4348,9,3224,14,1051,0,73,12,857,11,1793,12,2650,Not in California
Unknown,2021-04-26,18,4366,12,3236,6,1057,0,73,6,851,12,1805,6,2656,Not in California
Unknown,2021-04-27,24,4390,9,3245,15,1072,0,73,7,841,17,1822,7,2663,Not in California
Unknown,2021-04-28,63,4453,50,3295,12,1084,1,74,42,863,21,1843,43,2706,Not in California
Unknown,2021-04-29,339,4792,181,3476,125,1209,33,107,264,1085,75,1918,297,3003,Not in California
Unknown,2021-04-30,7,4799,1,3477,5,1214,1,108,5,1089,2,1920,6,3009,Not in California
Unknown,2021-05-01,7,4806,4,3481,3,1217,0,108,6,1094,1,1921,6,3015,Not in California
Alameda,2020-12-15,36,36,36,36,0,0,0,0,36,36,0,0,36,36,California
Alameda,2020-12-16,203,239,203,239,0,0,0,0,203,239,0,0,203,239,California
Alameda,2020-12-17,396,635,396,635,0,0,0,0,396,635,0,0,396,635,California
Alameda,2020-12-18,1769,2404,1769,2404,0,0,0,0,1769,2404,0,0,1769,2404,California
Alameda,2020-12-19,1355,3759,1355,3759,0,0,0,0,1355,3759,0,0,1355,3759,California
Alameda,2020-12-20,1158,4917,1157,4916,1,1,0,0,1157,4915,1,1,1157,4916,California
Alameda,2020-12-21,1862,6779,1860,6776,2,3,0,0,1861,6776,0,1,1861,6777,California
Alameda,2020-12-22,2099,8878,2047,8823,52,55,0,0,2099,8875,0,1,2099,8876,California
Alameda,2020-12-23,1940,10818,1682,10505,258,313,0,0,1940,10815,0,1,1940,10816,California
Alameda,2020-12-24,1219,12037,759,11264,460,773,0,0,1219,12034,0,1,1219,12035,California
Alameda,2020-12-25,165,12202,128,11392,37,810,0,0,165,12199,0,1,165,12200,California
Alameda,2020-12-26,868,13070,324,11716,544,1354,0,0,868,13067,0,1,868,13068,California
Alameda,2020-12-27,499,13569,256,11972,243,1597,0,0,499,13566,0,1,499,13567,California
Alameda,2020-12-28,1884,15453,958,12930,926,2523,0,0,1884,15450,0,1,1884,15451,California
Alameda,2020-12-29,2428,17881,1023,13953,1405,3928,0,0,2427,17877,0,1,2427,17878,California
Alameda,2020-12-30,3124,21005,1361,15314,1763,5691,0,0,3126,21003,0,1,3126,21004,California
Alameda,2020-12-31,1793,22798,441,15755,1352,7043,0,0,1791,22793,1,2,1791,22795,California
Alameda,2021-01-01,171,22969,70,15825,101,7144,0,0,170,22962,1,3,170,22965,California
Alameda,2021-01-02,721,23690,522,16347,199,7343,0,0,720,23682,0,3,720,23685,California
Alameda,2021-01-03,341,24031,220,16567,121,7464,0,0,338,24017,3,6,338,24023,California
Alameda,2021-01-04,1649,25680,945,17512,704,8168,0,0,1637,25643,11,17,1637,25660,California
Alameda,2021-01-05,2205,27885,1265,18777,940,9108,0,0,1969,27379,233,250,1969,27629,California
Alameda,2021-01-06,3247,31132,1780,20557,1467,10575,0,0,2430,28997,814,1064,2432,30061,California
Alameda,2021-01-07,3773,34905,2111,22668,1662,12237,0,0,2686,30609,1078,2142,2690,32751,California
Alameda,2021-01-08,4726,39631,2698,25366,2028,14265,0,0,3102,32095,1620,3762,3106,35857,California
Alameda,2021-01-09,2034,41665,1389,26755,645,14910,0,0,1174,32409,860,4622,1174,37031,California
Alameda,2021-01-10,1064,42729,845,27600,219,15129,0,0,426,32196,639,5261,426,37457,California
Alameda,2021-01-11,4641,47370,3511,31111,1130,16259,0,0,2848,33259,1792,7053,2855,40312,California
Alameda,2021-01-12,4829,52199,3250,34361,1579,17838,0,0,3437,35308,1391,8444,3440,43752,California
Alameda,2021-01-13,5034,57233,2661,37022,2373,20211,0,0,3846,37971,1184,9628,3847,47599,California
Alameda,2021-01-14,5606,62839,2741,39763,2865,23076,0,0,4720,41817,877,10505,4723,52322,California
Alameda,2021-01-15,5834,68673,2311,42074,3523,26599,0,0,5068,46129,759,11264,5071,57393,California
Alameda,2021-01-16,3006,71679,1408,43482,1598,28197,0,0,2738,48600,268,11532,2739,60132,California
Alameda,2021-01-17,1867,73546,1083,44565,784,28981,0,0,1660,50055,206,11738,1661,61793,California
Alameda,2021-01-18,3198,76744,2054,46619,1144,30125,0,0,2604,52074,590,12328,2609,64402,California
Alameda,2021-01-19,5524,82268,3329,49948,2195,32320,0,0,4335,55224,1187,13515,4337,68739,California
Alameda,2021-01-20,6696,88964,4031,53979,2665,34985,0,0,5399,59342,1285,14800,5403,74142,California
Alameda,2021-01-21,7765,96729,3398,57377,4367,39352,0,0,6933,65454,826,15626,6938,81080,California
Alameda,2021-01-22,6841,103570,2034,59411,4807,44159,0,0,5703,70028,1131,16757,5705,86785,California
Alameda,2021-01-23,3287,106857,946,60357,2341,46500,0,0,2734,72211,553,17310,2736,89521,California
Alameda,2021-01-24,2050,108907,654,61011,1396,47896,0,0,1774,73713,272,17582,1774,91295,California
Alameda,2021-01-25,5222,114129,1987,62998,3235,51131,0,0,3635,75770,1579,19161,3636,94931,California
Alameda,2021-01-26,7245,121374,2287,65285,4958,56089,0,0,5385,79303,1853,21014,5386,100317,California
Alameda,2021-01-27,6669,128043,2076,67361,4593,60682,0,0,4821,82290,1834,22848,4821,105138,California
Alameda,2021-01-28,7888,135931,2546,69907,5342,66024,0,0,5647,85713,2225,25073,5648,110786,California
Alameda,2021-01-29,7922,143853,3182,73089,4740,70764,0,0,6100,90002,1812,26885,6101,116887,California
Alameda,2021-01-30,3418,147271,1672,74761,1746,72510,0,0,2714,92018,698,27583,2714,119601,California
Alameda,2021-01-31,1904,149175,963,75724,941,73451,0,0,1660,93437,241,27824,1660,121261,California
Alameda,2021-02-01,5961,155136,3357,79081,2604,76055,0,0,4323,96129,1632,29456,4324,125585,California
Alameda,2021-02-02,7466,162602,4251,83332,3215,79270,0,0,4669,98011,2787,32243,4669,130254,California
Alameda,2021-02-03,7082,169684,3729,87061,3353,82623,0,0,4408,99756,2668,34911,4413,134667,California
Alameda,2021-02-04,9501,179185,4127,91188,5374,87997,0,0,6445,103169,3037,37948,6450,141117,California
Alameda,2021-02-05,10331,189516,5391,96579,4940,92937,0,0,6464,105778,3861,41809,6470,147587,California
Alameda,2021-02-06,6994,196510,4434,101013,2560,95497,0,0,5874,110532,1120,42929,5874,153461,California
Alameda,2021-02-07,3580,200090,2892,103905,688,96185,0,0,2640,112236,937,43866,2641,156102,California
Alameda,2021-02-08,8092,208182,5786,109691,2306,98491,0,0,5541,115239,2540,46406,5543,161645,California
Alameda,2021-02-09,9710,217892,5860,115551,3850,102341,0,0,6062,117661,3642,50048,6064,167709,California
Alameda,2021-02-10,11454,229346,6772,122323,4682,107023,0,0,6633,119498,4804,54852,6641,174350,California
Alameda,2021-02-11,13936,243282,7988,130311,5948,112971,0,0,8379,122340,5540,60392,8382,182732,California
Alameda,2021-02-12,12527,255809,5693,136004,6834,119805,0,0,7752,125334,4761,65153,7755,190487,California
Alameda,2021-02-13,7808,263617,4066,140070,3742,123547,0,0,5846,129224,1958,67111,5848,196335,California
Alameda,2021-02-14,4025,267642,2534,142604,1491,125038,0,0,2867,130938,1155,68266,2869,199204,California
Alameda,2021-02-15,5712,273354,3223,145827,2489,127527,0,0,3700,132633,2008,70274,3703,202907,California
Alameda,2021-02-16,12533,285887,6955,152782,5578,133105,0,0,9319,138753,3204,73478,9324,212231,California
Alameda,2021-02-17,14102,299989,8355,161137,5747,138852,0,0,10483,145637,3601,77079,10485,222716,California
Alameda,2021-02-18,15860,315849,10062,171199,5798,144650,0,0,11512,152813,4342,81421,11518,234234,California
Alameda,2021-02-19,17644,333493,11441,182640,6203,150853,0,0,11694,158583,5928,87349,11698,245932,California
Alameda,2021-02-20,11862,345355,9611,192251,2251,153104,0,0,9144,165017,2715,90064,9149,255081,California
Alameda,2021-02-21,6200,351555,5268,197519,932,154036,0,0,3746,166319,2444,92508,3746,258827,California
Alameda,2021-02-22,10705,362260,7925,205444,2780,156816,0,0,6747,169132,3944,96452,6757,265584,California
Alameda,2021-02-23,12721,374981,7721,213165,5000,161816,0,0,7918,172263,4794,101246,7925,273509,California
Alameda,2021-02-24,14654,389635,8204,221369,6450,168266,0,0,9502,176680,5091,106337,9508,283017,California
Alameda,2021-02-25,15611,405246,9119,230488,6492,174758,0,0,9945,180997,5634,111971,9951,292968,California
Alameda,2021-02-26,18101,423347,10640,241128,7461,182219,0,0,11707,186355,6353,118324,11711,304679,California
Alameda,2021-02-27,14703,438050,10810,251938,3891,186110,2,2,9108,189894,5573,123897,9112,313791,California
Alameda,2021-02-28,9142,447192,7703,259641,1439,187549,0,2,6070,192914,3051,126948,6071,319862,California
Alameda,2021-03-01,13229,460421,9185,268826,4040,191589,4,6,8205,196150,4979,131927,8215,328077,California
Alameda,2021-03-02,13819,474240,9602,278428,4217,195806,0,6,8881,200119,4919,136846,8888,336965,California
Alameda,2021-03-03,15387,489627,9986,288414,5400,201206,1,7,10482,205726,4878,141724,10485,347450,California
Alameda,2021-03-04,17291,506918,11057,299471,6233,207439,1,8,10869,210209,6387,148111,10870,358320,California
Alameda,2021-03-05,15853,522771,10237,309708,5607,213046,9,17,10633,215677,5180,153291,10648,368968,California
Alameda,2021-03-06,14232,537003,9962,319670,4011,217057,259,276,9346,220441,4843,158134,9607,378575,California
Alameda,2021-03-07,9295,546298,8079,327749,1135,218192,81,357,6577,224408,2693,160827,6660,385235,California
Alameda,2021-03-08,11637,557935,7158,334907,4101,222293,378,735,8655,230509,2932,163759,9033,394268,California
Alameda,2021-03-09,11373,569308,7022,341929,3922,226215,429,1164,6285,232171,5054,168813,6716,400984,California
Alameda,2021-03-10,16662,585970,11317,353246,4787,231002,558,1722,7548,231183,9090,177903,8102,409086,California
Alameda,2021-03-11,19758,605728,11555,364801,6498,237500,1705,3427,6766,226688,12963,190866,8468,417554,California
Alameda,2021-03-12,21141,626869,12315,377116,7176,244676,1650,5077,7467,222147,13651,204517,9110,426664,California
Alameda,2021-03-13,15834,642703,10103,387219,4751,249427,980,6057,5108,217540,10693,215210,6086,432750,California
Alameda,2021-03-14,10691,653394,7811,395030,2095,251522,785,6842,4655,216954,6019,221229,5433,438183,California
Alameda,2021-03-15,14304,667698,9323,404353,4464,255986,517,7359,6362,215916,7914,229143,6876,445059,California
Alameda,2021-03-16,17155,684853,11103,415456,5519,261505,533,7892,7559,214464,9545,238688,8093,453152,California
Alameda,2021-03-17,17355,702208,9773,425229,6890,268395,692,8584,8169,214173,9152,247840,8861,462013,California
Alameda,2021-03-18,19037,721245,10316,435545,7845,276240,876,9460,8764,213571,10246,258086,9644,471657,California
Alameda,2021-03-19,19089,740334,10331,445876,6972,283212,1786,11246,7649,211608,11392,269478,9429,481086,California
Alameda,2021-03-20,15611,755945,10188,456064,4604,287816,819,12065,6536,209912,9047,278525,7351,488437,California
Alameda,2021-03-21,9053,764998,7096,463160,1426,289242,531,12596,3773,208946,5271,283796,4305,492742,California
Alameda,2021-03-22,14875,779873,9995,473155,3904,293146,976,13572,7180,209426,7673,291469,8153,500895,California
Alameda,2021-03-23,19081,798954,11501,484656,6788,299934,792,14364,10708,212601,8330,299799,11505,512400,California
Alameda,2021-03-24,18960,817914,11396,496052,6573,306507,991,15355,8593,211868,10308,310107,9575,521975,California
Alameda,2021-03-25,20329,838243,11219,507271,7730,314237,1380,16735,9557,212085,10708,320815,10925,532900,California
Alameda,2021-03-26,20646,858889,12364,519635,6752,320989,1530,18265,8857,210718,11745,332560,10378,543278,California
Alameda,2021-03-27,18162,877051,12318,531953,4887,325876,957,19222,7838,209215,10279,342839,8776,552054,California
Alameda,2021-03-28,10426,887477,8442,540395,1781,327657,203,19425,3832,206675,6581,349420,4041,556095,California
Alameda,2021-03-29,14579,902056,9279,549674,4306,331963,994,20419,6277,205678,8268,357688,7271,563366,California
Alameda,2021-03-30,18437,920493,9673,559347,7073,339036,1691,22110,10831,210618,7577,365265,12517,575883,California
Alameda,2021-03-31,19218,939711,10113,569460,7041,346077,2064,24174,9533,212547,9662,374927,11591,587474,California
Alameda,2021-04-01,22994,962705,9949,579409,7557,353634,5488,29662,10978,217017,11989,386916,16459,603933,California
Alameda,2021-04-02,23778,986483,9864,589273,8239,361873,5675,35337,11555,222044,12190,399106,17217,621150,California
Alameda,2021-04-03,20064,1006547,9721,598994,5656,367529,4687,40024,10272,227228,9774,408880,14958,636108,California
Alameda,2021-04-04,9918,1016465,3959,602953,2278,369807,3681,43705,3514,228024,6394,415274,7190,643298,California
Alameda,2021-04-05,17705,1034170,7440,610393,5503,375310,4762,48467,7203,229504,10484,425758,11964,655262,California
Alameda,2021-04-06,22076,1056246,10617,621010,5645,380955,5814,54281,10024,233316,12020,437778,15832,671094,California
Alameda,2021-04-07,22398,1078644,11482,632492,5485,386440,5431,59712,11368,239117,10990,448768,16791,687885,California
Alameda,2021-04-08,25320,1103964,11443,643935,5936,392376,7941,67653,10794,243391,14456,463224,18730,706615,California
Alameda,2021-04-09,23116,1127080,10494,654429,7438,399814,5184,72837,11902,249295,11183,474407,17087,723702,California
Alameda,2021-04-10,18776,1145856,7384,661813,5579,405393,5813,78650,8147,252633,10611,485018,13949,737651,California
Alameda,2021-04-11,10961,1156817,4762,666575,2265,407658,3934,82584,4478,254568,6466,491484,8401,746052,California
Alameda,2021-04-12,17775,1174592,11666,678241,4285,411943,1824,84408,10080,258803,7666,499150,11901,757953,California
Alameda,2021-04-13,23010,1197602,14618,692859,8338,420281,54,84462,16979,269856,5989,505139,17042,774995,California
Alameda,2021-04-14,22997,1220599,15187,708046,7808,428089,2,84464,15609,278115,7357,512496,15616,790611,California
Alameda,2021-04-15,23712,1244311,15184,723230,8526,436615,2,84466,15739,285937,7927,520423,15749,806360,California
Alameda,2021-04-16,24244,1268555,14321,737551,9918,446533,5,84471,15647,293053,8546,528969,15662,822022,California
Alameda,2021-04-17,20672,1289227,14254,751805,6418,452951,0,84471,14251,300925,6393,535362,14265,836287,California
Alameda,2021-04-18,9879,1299106,7544,759349,2335,455286,0,84471,6847,304772,3005,538367,6852,843139,California
Alameda,2021-04-19,15442,1314548,9639,768988,5803,461089,0,84471,8953,307274,6461,544828,8963,852102,California
Alameda,2021-04-20,18073,1332621,11035,780023,7037,468126,1,84472,9913,309088,8120,552948,9934,862036,California
Alameda,2021-04-21,19073,1351694,11168,791191,7900,476026,5,84477,11127,312346,7894,560842,11152,873188,California
Alameda,2021-04-22,21172,1372866,13698,804889,7471,483497,3,84480,11238,313723,9890,570732,11267,884455,California
Alameda,2021-04-23,21441,1394307,13989,818878,7452,490949,0,84480,12009,316371,9385,580117,12033,896488,California
Alameda,2021-04-24,18855,1413162,14293,833171,4555,495504,7,84487,9956,317480,8864,588981,9973,906461,California
Alameda,2021-04-25,8678,1421840,6734,839905,1944,497448,0,84487,5600,320026,3064,592045,5610,912071,California
Alameda,2021-04-26,13072,1434912,9038,848943,4014,501462,20,84507,8158,323323,4891,596936,8188,920259,California
Alameda,2021-04-27,15011,1449923,8823,857766,5884,507346,304,84811,7066,322813,7904,604840,7394,927653,California
Alameda,2021-04-28,15203,1465126,9503,867269,5241,512587,459,85270,5718,319549,9453,614293,6189,933842,California
Alameda,2021-04-29,12885,1478011,7679,874948,4914,517501,292,85562,4613,316235,8238,622531,4924,938766,California
Alameda,2021-04-30,14694,1492705,8827,883775,5789,523290,78,85640,5675,313044,8974,631505,5783,944549,California
Alameda,2021-05-01,10611,1503316,6823,890598,3750,527040,38,85678,3975,310467,6619,638124,4042,948591,California
Alpine,2020-12-18,2,2,2,2,0,0,0,0,2,2,0,0,2,2,California
Alpine,2020-12-19,2,4,2,4,0,0,0,0,2,4,0,0,2,4,California
Alpine,2020-12-21,2,6,2,6,0,0,0,0,2,6,0,0,2,6,California
Alpine,2020-12-30,14,20,0,6,14,14,0,0,14,20,0,0,14,20,California
Alpine,2020-12-31,1,21,0,6,1,15,0,0,1,21,0,0,1,21,California
Alpine,2021-01-01,1,22,0,6,1,16,0,0,1,22,0,0,1,22,California
Alpine,2021-01-02,1,23,1,7,0,16,0,0,1,23,0,0,1,23,California
Alpine,2021-01-04,10,33,0,7,10,26,0,0,10,33,0,0,10,33,California
Alpine,2021-01-05,9,42,1,8,8,34,0,0,9,42,0,0,9,42,California
Alpine,2021-01-06,31,73,0,8,31,65,0,0,31,73,0,0,31,73,California
Alpine,2021-01-07,8,81,0,8,8,73,0,0,8,81,0,0,8,81,California
Alpine,2021-01-08,4,85,2,10,2,75,0,0,2,81,2,2,2,83,California
Alpine,2021-01-09,2,87,2,12,0,75,0,0,0,79,2,4,0,83,California
Alpine,2021-01-11,32,119,1,13,31,106,0,0,31,109,1,5,31,114,California
Alpine,2021-01-13,35,154,0,13,35,141,0,0,35,144,0,5,35,149,California
Alpine,2021-01-14,1,155,0,13,1,142,0,0,1,145,0,5,1,150,California
Alpine,2021-01-15,1,156,0,13,1,143,0,0,1,146,0,5,1,151,California
Alpine,2021-01-20,21,177,0,13,21,164,0,0,21,167,0,5,21,172,California
Alpine,2021-01-21,1,178,0,13,1,165,0,0,1,168,0,5,1,173,California
Alpine,2021-01-22,32,210,0,13,32,197,0,0,32,200,0,5,32,205,California
Alpine,2021-01-23,1,211,1,14,0,197,0,0,0,199,1,6,0,205,California
Alpine,2021-01-25,16,227,0,14,16,213,0,0,16,215,0,6,16,221,California
Alpine,2021-01-27,1,228,1,15,0,213,0,0,0,214,1,7,0,221,California
Alpine,2021-01-28,1,229,0,15,1,214,0,0,0,213,1,8,0,221,California
Alpine,2021-01-29,1,230,0,15,1,215,0,0,1,214,0,8,1,222,California
Alpine,2021-02-01,25,255,0,15,25,240,0,0,7,203,18,26,7,229,California
Alpine,2021-02-03,34,289,0,15,34,274,0,0,10,189,24,50,10,239,California
Alpine,2021-02-04,8,297,0,15,8,282,0,0,3,187,5,55,3,242,California
Alpine,2021-02-05,31,328,0,15,31,313,0,0,12,180,19,74,12,254,California
Alpine,2021-02-06,1,329,1,16,0,313,0,0,1,181,0,74,1,255,California
Alpine,2021-02-07,1,330,1,17,0,313,0,0,1,182,0,74,1,256,California
Alpine,2021-02-08,32,362,0,17,32,345,0,0,4,158,28,102,4,260,California
Alpine,2021-02-10,34,396,0,17,34,379,0,0,0,124,34,136,0,260,California
Alpine,2021-02-11,6,402,0,17,6,385,0,0,3,124,3,139,3,263,California
Alpine,2021-02-12,1,403,0,17,1,386,0,0,0,123,1,140,0,263,California
Alpine,2021-02-17,23,426,0,17,23,409,0,0,3,106,20,160,3,266,California
Alpine,2021-02-18,2,428,0,17,2,411,0,0,1,106,1,161,1,267,California
Alpine,2021-02-19,34,462,1,18,33,444,0,0,2,76,32,193,2,269,California
Alpine,2021-02-22,27,489,0,18,27,471,0,0,8,65,19,212,8,277,California
Alpine,2021-02-24,1,490,1,19,0,471,0,0,1,66,0,212,1,278,California
Alpine,2021-02-25,6,496,1,20,5,476,0,0,6,72,0,212,6,284,California
Alpine,2021-02-26,29,525,1,21,28,504,0,0,28,99,1,213,28,312,California
Alpine,2021-02-27,1,526,0,21,1,505,0,0,1,100,0,213,1,313,California
Alpine,2021-03-01,35,561,0,21,35,540,0,0,25,115,10,223,25,338,California
Alpine,2021-03-02,1,562,1,22,0,540,0,0,0,114,1,224,0,338,California
Alpine,2021-03-03,30,592,1,23,29,569,0,0,18,120,12,236,18,356,California
Alpine,2021-03-04,11,603,1,24,10,579,0,0,11,131,0,236,11,367,California
Alpine,2021-03-05,30,633,0,24,30,609,0,0,22,145,8,244,22,389,California
Alpine,2021-03-08,31,664,0,24,31,640,0,0,29,172,2,246,29,418,California
Alpine,2021-03-10,73,737,0,24,73,713,0,0,73,245,0,246,73,491,California
Alpine,2021-03-11,36,773,0,24,36,749,0,0,32,273,4,250,32,523,California
Alpine,2021-03-12,19,792,0,24,19,768,0,0,17,288,2,252,17,540,California
Alpine,2021-03-15,21,813,1,25,20,788,0,0,20,307,1,253,20,560,California
Alpine,2021-03-17,23,836,0,25,22,810,1,1,19,323,4,257,20,580,California
Alpine,2021-03-18,38,874,3,28,35,845,0,1,35,355,3,260,35,615,California
Alpine,2021-03-19,2,876,1,29,1,846,0,1,1,355,1,261,1,616,California
Alpine,2021-03-22,24,900,0,29,24,870,0,1,15,361,9,270,15,631,California
Alpine,2021-03-24,19,919,0,29,19,889,0,1,9,360,10,280,9,640,California
Alpine,2021-03-25,35,954,1,30,33,922,1,2,28,382,7,287,29,669,California
Alpine,2021-03-27,1,955,0,30,1,923,0,2,0,381,1,288,0,669,California
Alpine,2021-03-28,1,956,1,31,0,923,0,2,1,382,0,288,1,670,California
Alpine,2021-03-29,19,975,0,31,18,941,1,3,2,368,17,305,3,673,California
Alpine,2021-04-01,16,991,0,31,16,957,0,3,7,366,9,314,7,680,California
Alpine,2021-04-02,100,1091,1,32,99,1056,0,3,46,359,53,367,46,726,California
Alpine,2021-04-05,4,1095,1,33,3,1059,0,3,0,355,4,371,0,726,California
Alpine,2021-04-06,3,1098,2,35,1,1060,0,3,2,356,1,372,2,728,California
Alpine,2021-04-07,116,1214,0,35,115,1175,1,4,29,300,86,458,30,758,California
Alpine,2021-04-08,38,1252,0,35,36,1211,2,6,10,284,28,486,12,770,California
Alpine,2021-04-09,1,1253,0,35,1,1212,0,6,1,285,0,486,1,771,California
Alpine,2021-04-14,47,1300,0,35,47,1259,0,6,10,258,37,523,10,781,California
Alpine,2021-04-15,35,1335,0,35,35,1294,0,6,3,229,32,555,3,784,California
Alpine,2021-04-16,1,1336,0,35,1,1295,0,6,1,230,0,555,1,785,California
Alpine,2021-04-19,1,1337,0,35,1,1296,0,6,1,231,0,555,1,786,California
Alpine,2021-04-21,31,1368,0,35,31,1327,0,6,15,230,16,571,15,801,California
Alpine,2021-04-22,24,1392,0,35,24,1351,0,6,1,208,23,594,1,802,California
Alpine,2021-04-24,2,1394,2,37,0,1351,0,6,0,207,2,596,1,803,California
Alpine,2021-04-25,1,1395,1,38,0,1351,0,6,0,206,1,597,0,803,California
Alpine,2021-04-27,2,1397,1,39,1,1352,0,6,1,206,1,598,1,804,California
Alpine,2021-04-28,36,1433,0,39,36,1388,0,6,6,182,30,628,6,810,California
Alpine,2021-04-29,6,1439,1,40,5,1393,0,6,2,180,4,632,2,812,California
Alpine,2021-04-30,2,1441,1,41,0,1393,1,7,1,181,1,633,2,814,California
Amador,2020-12-16,2,2,2,2,0,0,0,0,2,2,0,0,2,2,California
Amador,2020-12-17,5,7,5,7,0,0,0,0,5,7,0,0,5,7,California
Amador,2020-12-18,45,52,45,52,0,0,0,0,45,52,0,0,45,52,California
Amador,2020-12-19,17,69,17,69,0,0,0,0,17,69,0,0,17,69,California
Amador,2020-12-20,4,73,4,73,0,0,0,0,4,73,0,0,4,73,California
Amador,2020-12-21,31,104,31,104,0,0,0,0,31,104,0,0,31,104,California
Amador,2020-12-22,35,139,34,138,1,1,0,0,35,139,0,0,35,139,California
Amador,2020-12-23,39,178,38,176,1,2,0,0,39,178,0,0,39,178,California
Amador,2020-12-24,5,183,3,179,2,4,0,0,5,183,0,0,5,183,California
Amador,2020-12-26,5,188,4,183,1,5,0,0,5,188,0,0,5,188,California
Amador,2020-12-27,1,189,0,183,1,6,0,0,1,189,0,0,1,189,California
Amador,2020-12-28,31,220,27,210,4,10,0,0,31,220,0,0,31,220,California
Amador,2020-12-29,26,246,19,229,7,17,0,0,26,246,0,0,26,246,California
Amador,2020-12-30,124,370,78,307,46,63,0,0,124,370,0,0,124,370,California
Amador,2020-12-31,191,561,166,473,25,88,0,0,191,561,0,0,191,561,California
Amador,2021-01-01,2,563,0,473,2,90,0,0,2,563,0,0,2,563,California
Amador,2021-01-02,56,619,56,529,0,90,0,0,56,619,0,0,56,619,California
Amador,2021-01-03,65,684,17,546,48,138,0,0,65,684,0,0,65,684,California
Amador,2021-01-04,124,808,1,547,123,261,0,0,124,808,0,0,124,808,California
Amador,2021-01-05,33,841,3,550,30,291,0,0,31,838,2,2,32,840,California
Amador,2021-01-06,40,881,10,560,30,321,0,0,36,870,4,6,36,876,California
Amador,2021-01-07,227,1108,68,628,159,480,0,0,215,1073,12,18,215,1091,California
Amador,2021-01-08,84,1192,70,698,14,494,0,0,40,1070,44,62,41,1132,California
Amador,2021-01-09,11,1203,11,709,0,494,0,0,2,1063,9,71,2,1134,California
Amador,2021-01-10,6,1209,4,713,2,496,0,0,2,1061,4,75,2,1136,California
Amador,2021-01-11,124,1333,44,757,80,576,0,0,88,1114,36,111,89,1225,California
Amador,2021-01-12,64,1397,49,806,15,591,0,0,40,1130,24,135,40,1265,California
Amador,2021-01-13,38,1435,23,829,15,606,0,0,26,1144,12,147,26,1291,California
Amador,2021-01-14,146,1581,20,849,126,732,0,0,136,1270,10,157,136,1427,California
Amador,2021-01-15,55,1636,24,873,31,763,0,0,48,1311,7,164,48,1475,California
Amador,2021-01-16,19,1655,12,885,7,770,0,0,13,1319,6,170,14,1489,California
Amador,2021-01-17,25,1680,5,890,20,790,0,0,25,1344,0,170,25,1514,California
Amador,2021-01-18,32,1712,28,918,4,794,0,0,10,1332,22,192,10,1524,California
Amador,2021-01-19,121,1833,96,1014,25,819,0,0,77,1365,44,236,77,1601,California
Amador,2021-01-20,184,2017,34,1048,150,969,0,0,168,1518,15,251,168,1769,California
Amador,2021-01-21,253,2270,222,1270,31,1000,0,0,144,1554,109,360,145,1914,California
Amador,2021-01-22,134,2404,72,1342,62,1062,0,0,127,1674,7,367,127,2041,California
Amador,2021-01-23,52,2456,32,1374,20,1082,0,0,50,1722,2,369,50,2091,California
Amador,2021-01-24,28,2484,12,1386,16,1098,0,0,25,1744,3,372,25,2116,California
Amador,2021-01-25,59,2543,28,1414,31,1129,0,0,42,1769,17,389,42,2158,California
Amador,2021-01-26,244,2787,16,1430,228,1357,0,0,234,1993,10,399,234,2392,California
Amador,2021-01-27,296,3083,30,1460,266,1623,0,0,249,2198,45,444,250,2642,California
Amador,2021-01-28,346,3429,76,1536,270,1893,0,0,285,2423,61,505,286,2928,California
Amador,2021-01-29,96,3525,31,1567,65,1958,0,0,81,2489,15,520,81,3009,California
Amador,2021-01-30,168,3693,34,1601,134,2092,0,0,163,2647,5,525,163,3172,California
Amador,2021-01-31,32,3725,28,1629,4,2096,0,0,31,2677,1,526,31,3203,California
Amador,2021-02-01,63,3788,23,1652,40,2136,0,0,36,2686,27,553,36,3239,California
Amador,2021-02-02,211,3999,63,1715,148,2284,0,0,126,2730,82,635,126,3365,California
Amador,2021-02-03,141,4140,38,1753,103,2387,0,0,90,2770,50,685,90,3455,California
Amador,2021-02-04,249,4389,73,1826,176,2563,0,0,164,2851,85,770,166,3621,California
Amador,2021-02-05,331,4720,63,1889,268,2831,0,0,315,3150,16,786,315,3936,California
Amador,2021-02-06,99,4819,80,1969,19,2850,0,0,95,3241,4,790,95,4031,California
Amador,2021-02-07,38,4857,35,2004,3,2853,0,0,35,3273,3,793,35,4066,California
Amador,2021-02-08,90,4947,62,2066,28,2881,0,0,73,3329,17,810,73,4139,California
Amador,2021-02-09,175,5122,83,2149,92,2973,0,0,110,3374,65,875,110,4249,California
Amador,2021-02-10,976,6098,80,2229,896,3869,0,0,943,4284,33,908,943,5192,California
Amador,2021-02-11,307,6405,119,2348,188,4057,0,0,201,4380,105,1013,201,5393,California
Amador,2021-02-12,326,6731,119,2467,207,4264,0,0,254,4562,72,1085,254,5647,California
Amador,2021-02-13,165,6896,81,2548,84,4348,0,0,139,4675,26,1111,139,5786,California
Amador,2021-02-14,124,7020,54,2602,70,4418,0,0,107,4765,17,1128,107,5893,California
Amador,2021-02-15,185,7205,60,2662,125,4543,0,0,168,4917,16,1144,168,6061,California
Amador,2021-02-16,464,7669,53,2715,411,4954,0,0,425,5304,39,1183,426,6487,California
Amador,2021-02-17,259,7928,80,2795,179,5133,0,0,163,5371,96,1279,163,6650,California
Amador,2021-02-18,398,8326,99,2894,299,5432,0,0,336,5646,62,1341,337,6987,California
Amador,2021-02-19,194,8520,77,2971,117,5549,0,0,111,5674,83,1424,111,7098,California
Amador,2021-02-20,92,8612,30,3001,62,5611,0,0,64,5710,28,1452,64,7162,California
Amador,2021-02-21,45,8657,34,3035,11,5622,0,0,15,5695,30,1482,15,7177,California
Amador,2021-02-22,63,8720,24,3059,39,5661,0,0,32,5697,30,1512,32,7209,California
Amador,2021-02-23,318,9038,54,3113,264,5925,0,0,138,5656,180,1692,139,7348,California
Amador,2021-02-24,393,9431,56,3169,337,6262,0,0,263,5793,126,1818,263,7611,California
Amador,2021-02-25,521,9952,116,3285,405,6667,0,0,280,5833,240,2058,280,7891,California
Amador,2021-02-26,608,10560,75,3360,533,7200,0,0,503,6232,105,2163,504,8395,California
Amador,2021-02-27,288,10848,91,3451,197,7397,0,0,100,6147,187,2350,102,8497,California
Amador,2021-02-28,102,10950,52,3503,50,7447,0,0,56,6160,46,2396,59,8556,California
Amador,2021-03-01,188,11138,66,3569,122,7569,0,0,119,6211,69,2465,120,8676,California
Amador,2021-03-02,379,11517,63,3632,316,7885,0,0,329,6491,50,2515,330,9006,California
Amador,2021-03-03,242,11759,79,3711,163,8048,0,0,167,6585,74,2589,168,9174,California
Amador,2021-03-04,496,12255,117,3828,379,8427,0,0,393,6875,103,2692,393,9567,California
Amador,2021-03-05,511,12766,77,3905,434,8861,0,0,293,6953,217,2909,295,9862,California
Amador,2021-03-06,99,12865,45,3950,53,8914,1,1,54,6963,45,2954,55,9917,California
Amador,2021-03-07,63,12928,42,3992,21,8935,0,1,20,6940,43,2997,20,9937,California
Amador,2021-03-08,152,13080,71,4063,80,9015,1,2,91,6971,61,3058,92,10029,California
Amador,2021-03-09,370,13450,50,4113,320,9335,0,2,292,7188,75,3133,292,10321,California
Amador,2021-03-10,508,13958,74,4187,432,9767,2,4,111,6905,397,3530,114,10435,California
Amador,2021-03-11,471,14429,115,4302,345,10112,11,15,299,7047,171,3701,313,10748,California
Amador,2021-03-12,568,14997,65,4367,495,10607,8,23,337,7167,230,3931,350,11098,California
Amador,2021-03-13,114,15111,18,4385,89,10696,7,30,74,7212,40,3971,85,11183,California
Amador,2021-03-14,90,15201,19,4404,68,10764,3,33,21,7167,69,4040,24,11207,California
Amador,2021-03-15,176,15377,25,4429,144,10908,7,40,53,7106,123,4163,62,11269,California
Amador,2021-03-16,447,15824,54,4483,383,11291,10,50,137,6945,308,4471,147,11416,California
Amador,2021-03-17,192,16016,42,4525,147,11438,3,53,116,6989,76,4547,120,11536,California
Amador,2021-03-18,475,16491,98,4623,373,11811,4,57,248,7019,227,4774,257,11793,California
Amador,2021-03-19,540,17031,56,4679,467,12278,17,74,391,7283,147,4921,411,12204,California
Amador,2021-03-20,109,17140,45,4724,63,12341,1,75,46,7270,62,4983,49,12253,California
Amador,2021-03-21,48,17188,36,4760,11,12352,1,76,31,7288,16,4999,34,12287,California
Amador,2021-03-22,113,17301,32,4792,52,12404,29,105,49,7302,64,5063,78,12365,California
Amador,2021-03-23,432,17733,47,4839,377,12781,8,113,275,7429,156,5219,283,12648,California
Amador,2021-03-24,341,18074,35,4874,54,12835,252,365,34,7409,306,5525,286,12934,California
Amador,2021-03-25,598,18672,81,4955,511,13346,6,371,387,7592,210,5735,393,13327,California
Amador,2021-03-26,740,19412,43,4998,691,14037,6,377,284,7431,454,6189,293,13620,California
Amador,2021-03-27,91,19503,14,5012,75,14112,2,379,27,7398,64,6253,31,13651,California
Amador,2021-03-28,68,19571,15,5027,51,14163,2,381,14,7362,53,6306,17,13668,California
Amador,2021-03-29,179,19750,26,5053,152,14315,1,382,81,7353,96,6402,87,13755,California
Amador,2021-03-30,527,20277,27,5080,499,14814,1,383,291,7410,235,6637,292,14047,California
Amador,2021-03-31,199,20476,56,5136,138,14952,5,388,43,7302,156,6793,48,14095,California
Amador,2021-04-01,612,21088,87,5223,525,15477,0,388,263,7220,347,7140,265,14360,California
Amador,2021-04-02,597,21685,35,5258,550,16027,12,400,378,7393,218,7358,391,14751,California
Amador,2021-04-03,82,21767,19,5277,43,16070,20,420,20,7372,62,7420,41,14792,California
Amador,2021-04-04,38,21805,3,5280,29,16099,6,426,15,7370,23,7443,21,14813,California
Amador,2021-04-05,142,21947,51,5331,74,16173,17,443,48,7343,93,7536,66,14879,California
Amador,2021-04-06,504,22451,37,5368,448,16621,19,462,224,7308,278,7814,243,15122,California
Amador,2021-04-07,100,22551,34,5402,47,16668,19,481,44,7317,54,7868,63,15185,California
Amador,2021-04-08,495,23046,83,5485,391,17059,21,502,222,7288,272,8140,243,15428,California
Amador,2021-04-09,485,23531,21,5506,445,17504,19,521,216,7253,268,8408,233,15661,California
Amador,2021-04-10,50,23581,14,5520,27,17531,9,530,22,7256,28,8436,31,15692,California
Amador,2021-04-11,48,23629,23,5543,21,17552,4,534,22,7256,26,8462,26,15718,California
Amador,2021-04-12,98,23727,26,5569,62,17614,10,544,42,7252,56,8518,52,15770,California
Amador,2021-04-13,343,24070,50,5619,293,17907,0,544,68,7046,274,8792,68,15838,California
Amador,2021-04-14,275,24345,26,5645,249,18156,0,544,175,7122,99,8891,175,16013,California
Amador,2021-04-15,329,24674,72,5717,257,18413,0,544,73,6944,251,9142,73,16086,California
Amador,2021-04-16,483,25157,29,5746,454,18867,0,544,385,7233,96,9238,385,16471,California
Amador,2021-04-17,61,25218,35,5781,26,18893,0,544,27,7226,34,9272,27,16498,California
Amador,2021-04-18,25,25243,5,5786,20,18913,0,544,11,7223,14,9286,11,16509,California
Amador,2021-04-19,69,25312,27,5813,42,18955,0,544,31,7219,37,9323,33,16542,California
Amador,2021-04-20,436,25748,54,5867,382,19337,0,544,111,7014,318,9641,113,16655,California
Amador,2021-04-21,85,25833,34,5901,51,19388,0,544,43,7016,41,9682,43,16698,California
Amador,2021-04-22,155,25988,72,5973,82,19470,1,545,68,7002,83,9765,69,16767,California
Amador,2021-04-23,355,26343,44,6017,311,19781,0,545,285,7220,69,9834,287,17054,California
Amador,2021-04-24,45,26388,23,6040,22,19803,0,545,25,7225,20,9854,25,17079,California
Amador,2021-04-25,37,26425,19,6059,18,19821,0,545,25,7238,12,9866,25,17104,California
Amador,2021-04-26,80,26505,25,6084,54,19875,1,546,39,7238,40,9906,40,17144,California
Amador,2021-04-27,481,26986,36,6120,445,20320,0,546,85,6929,394,10300,85,17229,California
Amador,2021-04-28,65,27051,28,6148,34,20354,3,549,38,6943,27,10327,41,17270,California
Amador,2021-04-29,163,27214,19,6167,37,20391,107,656,36,6958,127,10454,142,17412,California
Amador,2021-04-30,278,27492,10,6177,266,20657,2,658,58,6798,220,10674,60,17472,California
Amador,2021-05-01,16,27508,6,6183,6,20663,4,662,6,6798,10,10684,10,17482,California
Butte,2020-12-16,3,3,3,3,0,0,0,0,3,3,0,0,3,3,California
Butte,2020-12-17,21,24,21,24,0,0,0,0,21,24,0,0,21,24,California
Butte,2020-12-18,50,74,50,74,0,0,0,0,50,74,0,0,50,74,California
Butte,2020-12-19,7,81,7,81,0,0,0,0,7,81,0,0,7,81,California
Butte,2020-12-20,10,91,10,91,0,0,0,0,10,91,0,0,10,91,California
Butte,2020-12-21,634,725,634,725,0,0,0,0,634,725,0,0,634,725,California
Butte,2020-12-22,617,1342,615,1340,2,2,0,0,617,1342,0,0,617,1342,California
Butte,2020-12-23,869,2211,853,2193,16,18,0,0,869,2211,0,0,869,2211,California
Butte,2020-12-24,159,2370,156,2349,3,21,0,0,159,2370,0,0,159,2370,California
Butte,2020-12-26,93,2463,91,2440,2,23,0,0,93,2463,0,0,93,2463,California
Butte,2020-12-27,35,2498,34,2474,1,24,0,0,35,2498,0,0,35,2498,California
Butte,2020-12-28,279,2777,273,2747,6,30,0,0,279,2777,0,0,279,2777,California
Butte,2020-12-29,203,2980,179,2926,24,54,0,0,203,2980,0,0,203,2980,California
Butte,2020-12-30,503,3483,291,3217,212,266,0,0,503,3483,0,0,503,3483,California
Butte,2020-12-31,211,3694,18,3235,193,459,0,0,211,3694,0,0,211,3694,California
Butte,2021-01-01,8,3702,1,3236,7,466,0,0,8,3702,0,0,8,3702,California
Butte,2021-01-02,41,3743,38,3274,3,469,0,0,41,3743,0,0,41,3743,California
Butte,2021-01-03,4,3747,1,3275,3,472,0,0,4,3747,0,0,4,3747,California
Butte,2021-01-04,208,3955,175,3450,33,505,0,0,208,3955,0,0,208,3955,California
Butte,2021-01-05,196,4151,151,3601,45,550,0,0,195,4149,1,1,195,4150,California
Butte,2021-01-06,623,4774,397,3998,226,776,0,0,618,4763,5,6,619,4769,California
Butte,2021-01-07,762,5536,370,4368,392,1168,0,0,742,5485,20,26,742,5511,California
Butte,2021-01-08,656,6192,529,4897,127,1295,0,0,610,6049,46,72,610,6121,California
Butte,2021-01-09,12,6204,7,4904,5,1300,0,0,7,6051,5,77,7,6128,California
Butte,2021-01-10,19,6223,5,4909,14,1314,0,0,14,6060,5,82,14,6142,California
Butte,2021-01-11,985,7208,949,5858,36,1350,0,0,357,5792,628,710,360,6502,California
Butte,2021-01-12,697,7905,652,6510,45,1395,0,0,274,5643,423,1133,274,6776,California
Butte,2021-01-13,1449,9354,955,7465,494,1889,0,0,615,5426,834,1967,617,7393,California
Butte,2021-01-14,1637,10991,896,8361,741,2630,0,0,1440,6670,196,2163,1440,8833,California
Butte,2021-01-15,1168,12159,926,9287,242,2872,0,0,1059,7619,110,2273,1059,9892,California
Butte,2021-01-16,586,12745,300,9587,286,3158,0,0,541,8115,45,2318,541,10433,California
Butte,2021-01-17,239,12984,64,9651,175,3333,0,0,202,8280,37,2355,202,10635,California
Butte,2021-01-18,342,13326,301,9952,41,3374,0,0,275,8489,66,2421,275,10910,California
Butte,2021-01-19,494,13820,429,10381,65,3439,0,0,221,8437,273,2694,221,11131,California
Butte,2021-01-20,1346,15166,665,11046,681,4120,0,0,1043,9177,303,2997,1043,12174,California
Butte,2021-01-21,1474,16640,866,11912,608,4728,0,0,1366,10436,107,3104,1366,13540,California
Butte,2021-01-22,1112,17752,453,12365,659,5387,0,0,1059,11442,53,3157,1059,14599,California
Butte,2021-01-23,127,17879,85,12450,42,5429,0,0,101,11517,26,3183,101,14700,California
Butte,2021-01-24,9,17888,7,12457,2,5431,0,0,9,11526,0,3183,9,14709,California
Butte,2021-01-25,656,18544,336,12793,320,5751,0,0,493,11856,163,3346,493,15202,California
Butte,2021-01-26,1467,20011,377,13170,1090,6841,0,0,1330,13049,137,3483,1330,16532,California
Butte,2021-01-27,2081,22092,705,13875,1376,8217,0,0,1362,13693,718,4201,1362,17894,California
Butte,2021-01-28,2263,24355,262,14137,2001,10218,0,0,1952,15335,310,4511,1952,19846,California
Butte,2021-01-29,1686,26041,488,14625,1198,11416,0,0,1307,16264,378,4889,1307,21153,California
Butte,2021-01-30,32,26073,9,14634,23,11439,0,0,29,16290,3,4892,29,21182,California
Butte,2021-01-31,17,26090,15,14649,2,11441,0,0,16,16305,1,4893,16,21198,California
Butte,2021-02-01,1747,27837,406,15055,1341,12782,0,0,1359,17278,386,5279,1359,22557,California
Butte,2021-02-02,1930,29767,362,15417,1568,14350,0,0,1627,18601,304,5583,1627,24184,California
Butte,2021-02-03,2733,32500,772,16189,1961,16311,0,0,1843,19556,888,6471,1843,26027,California
Butte,2021-02-04,2959,35459,327,16516,2632,18943,0,0,2404,21407,553,7024,2404,28431,California
Butte,2021-02-05,1252,36711,663,17179,589,19532,0,0,549,21261,703,7727,557,28988,California
Butte,2021-02-06,144,36855,103,17282,41,19573,0,0,62,21241,82,7809,62,29050,California
Butte,2021-02-07,37,36892,33,17315,4,19577,0,0,13,21230,24,7833,13,29063,California
Butte,2021-02-08,689,37581,540,17855,149,19726,0,0,238,21017,451,8284,238,29301,California
Butte,2021-02-09,951,38532,457,18312,494,20220,0,0,724,21514,227,8511,724,30025,California
Butte,2021-02-10,1706,40238,1190,19502,516,20736,0,0,697,21204,1007,9518,697,30722,California
Butte,2021-02-11,2200,42438,1348,20850,852,21588,0,0,1004,21012,1196,10714,1004,31726,California
Butte,2021-02-12,984,43422,416,21266,568,22156,0,0,333,20706,649,11363,343,32069,California
Butte,2021-02-13,252,43674,44,21310,208,22364,0,0,150,20754,102,11465,150,32219,California
Butte,2021-02-14,160,43834,9,21319,151,22515,0,0,155,20904,5,11470,155,32374,California
Butte,2021-02-15,264,44098,48,21367,216,22731,0,0,198,21036,66,11536,198,32572,California
Butte,2021-02-16,732,44830,431,21798,301,23032,0,0,274,20853,459,11995,276,32848,California
Butte,2021-02-17,1513,46343,847,22645,666,23698,0,0,841,21024,670,12665,841,33689,California
Butte,2021-02-18,1555,47898,761,23406,794,24492,0,0,747,20963,808,13473,747,34436,California
Butte,2021-02-19,1166,49064,387,23793,779,25271,0,0,401,20606,758,14231,401,34837,California
Butte,2021-02-20,473,49537,28,23821,445,25716,0,0,120,20374,352,14583,120,34957,California
Butte,2021-02-21,16,49553,14,23835,2,25718,0,0,11,20380,5,14588,11,34968,California
Butte,2021-02-22,1497,51050,296,24131,1201,26919,0,0,381,19647,1114,15702,381,35349,California
Butte,2021-02-23,1633,52683,297,24428,1336,28255,0,0,463,18945,1165,16867,463,35812,California
Butte,2021-02-24,2135,54818,597,25025,1538,29793,0,0,729,18276,1398,18265,729,36541,California
Butte,2021-02-25,2073,56891,575,25600,1498,31291,0,0,651,17511,1417,19682,652,37193,California
Butte,2021-02-26,922,57813,312,25912,610,31901,0,0,399,17390,520,20202,399,37592,California
Butte,2021-02-27,234,58047,47,25959,187,32088,0,0,186,17530,46,20248,186,37778,California
Butte,2021-02-28,140,58187,16,25975,124,32212,0,0,132,17654,8,20256,132,37910,California
Butte,2021-03-01,1627,59814,178,26153,1448,33660,1,1,329,16689,1295,21551,330,38240,California
Butte,2021-03-02,1742,61556,196,26349,1546,35206,0,1,309,15569,1429,22980,309,38549,California
Butte,2021-03-03,2781,64337,846,27195,1935,37141,0,1,481,13751,2299,25279,481,39030,California
Butte,2021-03-04,3135,67472,672,27867,2463,39604,0,1,618,11853,2516,27795,618,39648,California
Butte,2021-03-05,1348,68820,617,28484,730,40334,1,2,735,11979,610,28405,736,40384,California
Butte,2021-03-06,248,69068,28,28512,197,40531,23,25,186,12127,61,28466,209,40593,California
Butte,2021-03-07,55,69123,3,28515,35,40566,17,42,30,12149,25,28491,47,40640,California
Butte,2021-03-08,1264,70387,129,28644,1058,41624,77,119,1099,13163,162,28653,1176,41816,California
Butte,2021-03-09,1896,72283,276,28920,1517,43141,103,222,1410,14192,484,29137,1513,43329,California
Butte,2021-03-10,2319,74602,965,29885,1254,44395,100,322,1580,15137,734,29871,1679,45008,California
Butte,2021-03-11,2803,77405,1312,31197,1365,45760,126,448,1979,16428,814,30685,2105,47113,California
Butte,2021-03-12,1141,78546,328,31525,466,46226,347,795,354,16348,781,31466,701,47814,California
Butte,2021-03-13,252,78798,66,31591,137,46363,49,844,64,16272,188,31654,112,47926,California
Butte,2021-03-14,160,78958,14,31605,104,46467,42,886,21,16197,138,31792,63,47989,California
Butte,2021-03-15,1719,80677,359,31964,1067,47534,293,1179,1126,17028,588,32380,1419,49408,California
Butte,2021-03-16,1629,82306,416,32380,1135,48669,78,1257,1090,17659,536,32916,1167,50575,California
Butte,2021-03-17,1952,84258,1359,33739,512,49181,81,1338,1133,18061,811,33727,1213,51788,California
Butte,2021-03-18,1798,86056,1455,35194,214,49395,129,1467,1059,18515,733,34460,1187,52975,California
Butte,2021-03-19,699,86755,313,35507,302,49697,84,1551,345,18599,345,34805,429,53404,California
Butte,2021-03-20,205,86960,32,35539,157,49854,16,1567,93,18596,112,34917,109,53513,California
Butte,2021-03-21,58,87018,27,35566,2,49856,29,1596,15,18597,43,34960,44,53557,California
Butte,2021-03-22,1461,88479,353,35919,1014,50870,94,1690,1196,19624,263,35223,1290,54847,California
Butte,2021-03-23,1799,90278,488,36407,1197,52067,114,1804,1453,20847,344,35567,1567,56414,California
Butte,2021-03-24,2247,92525,1264,37671,857,52924,126,1930,1701,22131,542,36109,1826,58240,California
Butte,2021-03-25,1482,94007,1199,38870,192,53116,91,2021,1021,22785,458,36567,1112,59352,California
Butte,2021-03-26,1214,95221,443,39313,525,53641,246,2267,568,22961,638,37205,814,60166,California
Butte,2021-03-27,299,95520,83,39396,192,53833,24,2291,132,22951,164,37369,154,60320,California
Butte,2021-03-28,225,95745,42,39438,175,54008,8,2299,100,22936,122,37491,107,60427,California
Butte,2021-03-29,1720,97465,381,39819,1269,55277,70,2369,1306,23901,411,37902,1376,61803,California
Butte,2021-03-30,1037,98502,467,40286,480,55757,90,2459,496,23952,535,38437,586,62389,California
Butte,2021-03-31,1777,100279,1305,41591,405,56162,67,2526,1088,24424,683,39120,1155,63544,California
Butte,2021-04-01,3278,103557,2660,44251,491,56653,127,2653,2211,25701,1062,40182,2339,65883,California
Butte,2021-04-02,999,104556,418,44669,461,57114,120,2773,560,25949,431,40613,679,66562,California
Butte,2021-04-03,344,104900,45,44714,224,57338,75,2848,165,26010,179,40792,240,66802,California
Butte,2021-04-04,186,105086,23,44737,140,57478,23,2871,108,26065,76,40868,131,66933,California
Butte,2021-04-05,1958,107044,419,45156,1370,58848,169,3040,601,25484,1350,42218,769,67702,California
Butte,2021-04-06,2183,109227,616,45772,1147,59995,420,3460,785,25295,1392,43610,1203,68905,California
Butte,2021-04-07,3002,112229,1312,47084,1297,61292,393,3853,691,24074,2305,45915,1084,69989,California
Butte,2021-04-08,2718,114947,1185,48269,1268,62560,265,4118,436,22496,2279,48194,701,70690,California
Butte,2021-04-09,1364,116311,346,48615,538,63098,480,4598,326,22264,1035,49229,803,71493,California
Butte,2021-04-10,216,116527,46,48661,74,63172,96,4694,95,22334,120,49349,190,71683,California
Butte,2021-04-11,103,116630,42,48703,51,63223,10,4704,79,22401,22,49371,89,71772,California
Butte,2021-04-12,1408,118038,317,49020,958,64181,133,4837,254,21634,1154,50525,387,72159,California
Butte,2021-04-13,1637,119675,571,49591,1060,65241,6,4843,348,20707,1282,51807,355,72514,California
Butte,2021-04-14,2830,122505,2341,51932,489,65730,0,4843,1316,20515,1509,53316,1317,73831,California
Butte,2021-04-15,633,123138,390,52322,243,65973,0,4843,480,20845,150,53466,480,74311,California
Butte,2021-04-16,807,123945,414,52736,393,66366,0,4843,475,20991,329,53795,475,74786,California
Butte,2021-04-17,338,124283,61,52797,277,66643,0,4843,236,21127,100,53895,236,75022,California
Butte,2021-04-18,38,124321,8,52805,30,66673,0,4843,34,21157,4,53899,34,75056,California
Butte,2021-04-19,1558,125879,381,53186,1177,67850,0,4843,449,20500,1106,55005,449,75505,California
Butte,2021-04-20,1968,127847,718,53904,1250,69100,0,4843,781,20099,1182,56187,781,76286,California
Butte,2021-04-21,2050,129897,1165,55069,885,69985,0,4843,481,19017,1563,57750,481,76767,California
Butte,2021-04-22,2182,132079,1904,56973,278,70263,0,4843,608,18055,1570,59320,608,77375,California
Butte,2021-04-23,937,133016,437,57410,500,70763,0,4843,488,18095,448,59768,488,77863,California
Butte,2021-04-24,346,133362,139,57549,207,70970,0,4843,191,18131,155,59923,191,78054,California
Butte,2021-04-25,171,133533,67,57616,104,71074,0,4843,64,18088,107,60030,64,78118,California
Butte,2021-04-26,1468,135001,408,58024,1055,72129,5,4848,410,17448,1055,61085,415,78533,California
Butte,2021-04-27,902,135903,616,58640,261,72390,25,4873,547,17669,351,61436,572,79105,California
Butte,2021-04-28,1256,137159,815,59455,417,72807,24,4897,402,17246,849,62285,426,79531,California
Butte,2021-04-29,730,137889,408,59863,296,73103,26,4923,218,16982,508,62793,244,79775,California
Butte,2021-04-30,584,138473,249,60112,327,73430,8,4931,315,17039,265,63058,322,80097,California
Butte,2021-05-01,80,138553,11,60123,68,73498,1,4932,21,17003,58,63116,22,80119,California
Calaveras,2020-12-16,5,5,5,5,0,0,0,0,5,5,0,0,5,5,California
Calaveras,2020-12-17,3,8,3,8,0,0,0,0,3,8,0,0,3,8,California
Calaveras,2020-12-18,38,46,38,46,0,0,0,0,38,46,0,0,38,46,California
Calaveras,2020-12-19,3,49,3,49,0,0,0,0,3,49,0,0,3,49,California
Calaveras,2020-12-20,3,52,3,52,0,0,0,0,3,52,0,0,3,52,California
Calaveras,2020-12-21,55,107,48,100,7,7,0,0,55,107,0,0,55,107,California
Calaveras,2020-12-22,82,189,78,178,4,11,0,0,83,190,0,0,83,190,California
Calaveras,2020-12-23,76,265,74,252,2,13,0,0,76,266,0,0,76,266,California
Calaveras,2020-12-24,2,267,2,254,0,13,0,0,2,268,0,0,2,268,California
Calaveras,2020-12-26,3,270,3,257,0,13,0,0,3,271,0,0,3,271,California
Calaveras,2020-12-28,22,292,18,275,4,17,0,0,21,291,1,1,21,292,California
Calaveras,2020-12-29,168,460,148,423,20,37,0,0,168,459,0,1,168,460,California
Calaveras,2020-12-30,94,554,82,505,12,49,0,0,94,553,0,1,94,554,California
Calaveras,2020-12-31,35,589,25,530,10,59,0,0,35,588,0,1,35,589,California
Calaveras,2021-01-02,11,600,11,541,0,59,0,0,11,599,0,1,11,600,California
Calaveras,2021-01-03,10,610,4,545,6,65,0,0,10,609,0,1,10,610,California
Calaveras,2021-01-04,33,643,5,550,28,93,0,0,33,642,0,1,33,643,California
Calaveras,2021-01-05,40,683,9,559,31,124,0,0,32,671,8,9,37,680,California
Calaveras,2021-01-06,106,789,29,588,77,201,0,0,96,757,10,19,96,776,California
Calaveras,2021-01-07,105,894,26,614,79,280,0,0,92,839,11,30,93,869,California
Calaveras,2021-01-08,68,962,38,652,30,310,0,0,45,862,23,53,46,915,California
Calaveras,2021-01-09,5,967,5,657,0,310,0,0,2,861,3,56,2,917,California
Calaveras,2021-01-10,2,969,0,657,2,312,0,0,2,863,0,56,2,919,California
Calaveras,2021-01-11,65,1034,59,716,6,318,0,0,27,855,37,93,29,948,California
Calaveras,2021-01-12,85,1119,52,768,33,351,0,0,52,875,33,126,53,1001,California
Calaveras,2021-01-13,109,1228,44,812,65,416,0,0,75,917,34,160,76,1077,California
Calaveras,2021-01-14,137,1365,41,853,96,512,0,0,104,990,32,192,105,1182,California
Calaveras,2021-01-15,91,1456,29,882,62,574,0,0,71,1041,20,212,71,1253,California
Calaveras,2021-01-16,13,1469,2,884,11,585,0,0,12,1052,1,213,12,1265,California
Calaveras,2021-01-17,9,1478,1,885,8,593,0,0,9,1061,0,213,9,1274,California
Calaveras,2021-01-18,131,1609,19,904,112,705,0,0,118,1169,13,226,121,1395,California
Calaveras,2021-01-19,204,1813,174,1078,30,735,0,0,62,1091,141,367,63,1458,California
Calaveras,2021-01-20,375,2188,81,1159,294,1029,0,0,291,1307,83,450,299,1757,California
Calaveras,2021-01-21,461,2649,40,1199,421,1450,0,0,434,1720,27,477,440,2197,California
Calaveras,2021-01-22,401,3050,23,1222,378,1828,0,0,391,2108,10,487,398,2595,California
Calaveras,2021-01-23,22,3072,10,1232,12,1840,0,0,18,2122,4,491,18,2613,California
Calaveras,2021-01-24,13,3085,8,1240,5,1845,0,0,11,2131,2,493,11,2624,California
Calaveras,2021-01-25,85,3170,8,1248,77,1922,0,0,80,2206,5,498,80,2704,California
Calaveras,2021-01-26,47,3217,15,1263,32,1954,0,0,39,2237,8,506,39,2743,California
Calaveras,2021-01-27,133,3350,43,1306,90,2044,0,0,106,2317,26,532,106,2849,California
Calaveras,2021-01-28,163,3513,23,1329,140,2184,0,0,140,2437,23,555,143,2992,California
Calaveras,2021-01-29,386,3899,13,1342,373,2557,0,0,362,2783,24,579,370,3362,California
Calaveras,2021-01-30,27,3926,10,1352,17,2574,0,0,25,2808,0,579,25,3387,California
Calaveras,2021-01-31,5,3931,3,1355,2,2576,0,0,4,2811,1,580,4,3391,California
Calaveras,2021-02-01,24,3955,11,1366,13,2589,0,0,18,2823,6,586,18,3409,California
Calaveras,2021-02-02,108,4063,22,1388,86,2675,0,0,70,2860,34,620,71,3480,California
Calaveras,2021-02-03,429,4492,42,1430,387,3062,0,0,346,3125,82,702,347,3827,California
Calaveras,2021-02-04,379,4871,24,1454,355,3417,0,0,297,3340,82,784,297,4124,California
Calaveras,2021-02-05,78,4949,22,1476,56,3473,0,0,40,3343,38,822,41,4165,California
Calaveras,2021-02-06,21,4970,12,1488,9,3482,0,0,21,3364,0,822,21,4186,California
Calaveras,2021-02-07,4,4974,1,1489,3,3485,0,0,2,3364,2,824,2,4188,California
Calaveras,2021-02-08,38,5012,17,1506,21,3506,0,0,30,3388,6,830,30,4218,California
Calaveras,2021-02-09,190,5202,74,1580,116,3622,0,0,129,3462,55,885,129,4347,California
Calaveras,2021-02-10,512,5714,29,1609,483,4105,0,0,444,3839,68,953,445,4792,California
Calaveras,2021-02-11,582,6296,81,1690,501,4606,0,0,474,4209,105,1058,475,5267,California
Calaveras,2021-02-12,569,6865,325,2015,244,4850,0,0,494,4631,73,1131,495,5762,California
Calaveras,2021-02-13,194,7059,37,2052,157,5007,0,0,179,4795,15,1146,179,5941,California
Calaveras,2021-02-14,220,7279,71,2123,149,5156,0,0,206,4987,14,1160,206,6147,California
Calaveras,2021-02-15,383,7662,22,2145,361,5517,0,0,263,5133,117,1277,263,6410,California
Calaveras,2021-02-16,267,7929,143,2288,124,5641,0,0,231,5328,36,1313,231,6641,California
Calaveras,2021-02-17,508,8437,37,2325,471,6112,0,0,211,5250,290,1603,212,6853,California
Calaveras,2021-02-18,498,8935,91,2416,407,6519,0,0,99,4960,389,1992,99,6952,California
Calaveras,2021-02-19,439,9374,43,2459,396,6915,0,0,98,4727,331,2323,98,7050,California
Calaveras,2021-02-20,59,9433,15,2474,44,6959,0,0,48,4764,11,2334,48,7098,California
Calaveras,2021-02-21,22,9455,13,2487,9,6968,0,0,19,4780,3,2337,19,7117,California
Calaveras,2021-02-22,62,9517,38,2525,24,6992,0,0,33,4784,29,2366,33,7150,California
Calaveras,2021-02-23,125,9642,40,2565,85,7077,0,0,89,4838,36,2402,90,7240,California
Calaveras,2021-02-24,96,9738,47,2612,49,7126,0,0,66,4875,29,2431,66,7306,California
Calaveras,2021-02-25,548,10286,98,2710,450,7576,0,0,358,5046,187,2618,358,7664,California
Calaveras,2021-02-26,704,10990,46,2756,658,8234,0,0,368,5095,321,2939,370,8034,California
Calaveras,2021-02-27,202,11192,21,2777,181,8415,0,0,179,5251,23,2962,179,8213,California
Calaveras,2021-02-28,98,11290,15,2792,83,8498,0,0,93,5340,4,2966,93,8306,California
Calaveras,2021-03-01,226,11516,40,2832,186,8684,0,0,146,5408,79,3045,147,8453,California
Calaveras,2021-03-02,243,11759,91,2923,152,8836,0,0,201,5570,40,3085,202,8655,California
Calaveras,2021-03-03,510,12269,103,3026,407,9243,0,0,213,5490,293,3378,213,8868,California
Calaveras,2021-03-04,738,13007,64,3090,673,9916,1,1,349,5458,383,3761,351,9219,California
Calaveras,2021-03-05,456,13463,271,3361,181,10097,4,5,141,5291,312,4073,145,9364,California
Calaveras,2021-03-06,155,13618,42,3403,107,10204,6,11,122,5386,33,4106,128,9492,California
Calaveras,2021-03-07,75,13693,32,3435,36,10240,7,18,34,5386,41,4147,41,9533,California
Calaveras,2021-03-08,162,13855,26,3461,128,10368,8,26,128,5489,33,4180,136,9669,California
Calaveras,2021-03-09,360,14215,136,3597,218,10586,6,32,32,5202,325,4505,38,9707,California
Calaveras,2021-03-10,415,14630,27,3624,385,10971,3,35,57,4906,356,4861,60,9767,California
Calaveras,2021-03-11,844,15474,417,4041,414,11385,13,48,428,4933,414,5275,441,10208,California
Calaveras,2021-03-12,397,15871,210,4251,177,11562,10,58,326,5203,71,5346,341,10549,California
Calaveras,2021-03-13,178,16049,16,4267,154,11716,8,66,144,5324,33,5379,154,10703,California
Calaveras,2021-03-14,155,16204,10,4277,144,11860,1,67,17,5211,138,5517,25,10728,California
Calaveras,2021-03-15,331,16535,47,4324,258,12118,26,93,52,5015,278,5795,82,10810,California
Calaveras,2021-03-16,685,17220,550,4874,115,12233,20,113,545,5442,138,5933,565,11375,California
Calaveras,2021-03-17,279,17499,52,4926,213,12446,14,127,51,5282,226,6159,66,11441,California
Calaveras,2021-03-18,665,18164,570,5496,80,12526,15,142,550,5734,115,6274,567,12008,California
Calaveras,2021-03-19,231,18395,50,5546,107,12633,74,216,56,5692,171,6445,129,12137,California
Calaveras,2021-03-20,79,18474,20,5566,58,12691,1,217,23,5661,56,6501,25,12162,California
Calaveras,2021-03-21,48,18522,31,5597,6,12697,11,228,13,5650,35,6536,24,12186,California
Calaveras,2021-03-22,79,18601,36,5633,22,12719,21,249,25,5642,54,6590,46,12232,California
Calaveras,2021-03-23,292,18893,204,5837,78,12797,10,259,114,5596,170,6760,124,12356,California
Calaveras,2021-03-24,132,19025,50,5887,72,12869,10,269,43,5561,88,6848,53,12409,California
Calaveras,2021-03-25,738,19763,100,5987,635,13504,3,272,446,5721,289,7137,449,12858,California
Calaveras,2021-03-26,426,20189,28,6015,392,13896,6,278,89,5484,334,7471,97,12955,California
Calaveras,2021-03-27,212,20401,19,6034,189,14085,4,282,38,5357,171,7642,44,12999,California
Calaveras,2021-03-28,112,20513,12,6046,98,14183,2,284,8,5265,103,7745,11,13010,California
Calaveras,2021-03-29,175,20688,21,6067,151,14334,3,287,56,5208,117,7862,60,13070,California
Calaveras,2021-03-30,529,21217,21,6088,491,14825,17,304,354,5405,174,8036,371,13441,California
Calaveras,2021-03-31,321,21538,139,6227,172,14997,10,314,155,5405,166,8202,166,13607,California
Calaveras,2021-04-01,681,22219,439,6666,241,15238,1,315,186,5101,494,8696,190,13797,California
Calaveras,2021-04-02,393,22612,230,6896,155,15393,8,323,118,4955,273,8969,127,13924,California
Calaveras,2021-04-03,144,22756,32,6928,108,15501,4,327,40,4895,104,9073,44,13968,California
Calaveras,2021-04-04,78,22834,25,6953,53,15554,0,327,50,4917,28,9101,50,14018,California
Calaveras,2021-04-05,207,23041,77,7030,121,15675,9,336,97,4914,110,9211,107,14125,California
Calaveras,2021-04-06,646,23687,573,7603,60,15735,13,349,107,4498,536,9747,120,14245,California
Calaveras,2021-04-07,752,24439,654,8257,62,15797,36,385,615,5013,137,9884,652,14897,California
Calaveras,2021-04-08,941,25380,852,9109,68,15865,21,406,432,4961,507,10391,455,15352,California
Calaveras,2021-04-09,151,25531,58,9167,46,15911,47,453,55,4969,95,10486,103,15455,California
Calaveras,2021-04-10,187,25718,41,9208,128,16039,18,471,146,5093,41,10527,165,15620,California
Calaveras,2021-04-11,67,25785,43,9251,22,16061,2,473,46,5120,21,10548,48,15668,California
Calaveras,2021-04-12,104,25889,47,9298,38,16099,19,492,55,5146,49,10597,75,15743,California
Calaveras,2021-04-13,422,26311,367,9665,55,16154,0,492,364,5456,56,10653,366,16109,California
Calaveras,2021-04-14,179,26490,28,9693,151,16305,0,492,134,5546,45,10698,135,16244,California
Calaveras,2021-04-15,336,26826,287,9980,49,16354,0,492,253,5719,80,10778,253,16497,California
Calaveras,2021-04-16,98,26924,24,10004,74,16428,0,492,46,5717,48,10826,46,16543,California
Calaveras,2021-04-17,330,27254,128,10132,202,16630,0,492,288,5964,41,10867,288,16831,California
Calaveras,2021-04-18,18,27272,5,10137,13,16643,0,492,11,5968,7,10874,11,16842,California
Calaveras,2021-04-19,66,27338,24,10161,42,16685,0,492,40,5984,25,10899,41,16883,California
Calaveras,2021-04-20,258,27596,92,10253,166,16851,0,492,193,6114,63,10962,193,17076,California
Calaveras,2021-04-21,211,27807,143,10396,68,16919,0,492,86,6078,123,11085,87,17163,California
Calaveras,2021-04-22,540,28347,93,10489,447,17366,0,492,145,5832,394,11479,148,17311,California
Calaveras,2021-04-23,157,28504,80,10569,77,17443,0,492,64,5805,91,11570,64,17375,California
Calaveras,2021-04-24,169,28673,36,10605,133,17576,0,492,126,5890,42,11612,127,17502,California
Calaveras,2021-04-25,43,28716,28,10633,15,17591,0,492,22,5893,21,11633,24,17526,California
Calaveras,2021-04-26,94,28810,60,10693,34,17625,0,492,29,5858,65,11698,30,17556,California
Calaveras,2021-04-27,421,29231,57,10750,350,17975,14,506,64,5581,355,12053,78,17634,California
Calaveras,2021-04-28,533,29764,468,11218,37,18012,28,534,41,5169,492,12545,80,17714,California
Calaveras,2021-04-29,444,30208,380,11598,45,18057,19,553,40,4832,403,12948,66,17780,California
Calaveras,2021-04-30,70,30278,12,11610,53,18110,5,558,31,4829,39,12987,36,17816,California
Calaveras,2021-05-01,146,30424,76,11686,68,18178,2,560,116,4920,29,13016,120,17936,California
Colusa,2020-12-18,1,1,1,1,0,0,0,0,1,1,0,0,1,1,California
Colusa,2020-12-21,2,3,2,3,0,0,0,0,2,3,0,0,2,3,California
Colusa,2020-12-22,10,13,10,13,0,0,0,0,10,13,0,0,10,13,California
Colusa,2020-12-23,10,23,10,23,0,0,0,0,10,23,0,0,10,23,California
Colusa,2020-12-24,2,25,1,24,1,1,0,0,2,25,0,0,2,25,California
Colusa,2020-12-27,1,26,1,25,0,1,0,0,1,26,0,0,1,26,California
Colusa,2020-12-28,7,33,3,28,4,5,0,0,7,33,0,0,7,33,California
Colusa,2020-12-29,11,44,8,36,3,8,0,0,11,44,0,0,11,44,California
Colusa,2020-12-30,50,94,13,49,37,45,0,0,50,94,0,0,50,94,California
Colusa,2020-12-31,18,112,1,50,17,62,0,0,18,112,0,0,18,112,California
Colusa,2021-01-04,4,116,0,50,4,66,0,0,4,116,0,0,4,116,California
Colusa,2021-01-05,67,183,1,51,66,132,0,0,67,183,0,0,67,183,California
Colusa,2021-01-06,15,198,9,60,6,138,0,0,15,198,0,0,15,198,California
Colusa,2021-01-07,38,236,4,64,34,172,0,0,37,234,1,1,37,235,California
Colusa,2021-01-08,9,245,7,71,2,174,0,0,8,241,1,2,8,243,California
Colusa,2021-01-09,2,247,1,72,1,175,0,0,2,243,0,2,2,245,California
Colusa,2021-01-10,1,248,0,72,1,176,0,0,1,244,0,2,1,246,California
Colusa,2021-01-11,12,260,6,78,6,182,0,0,7,246,5,7,7,253,California
Colusa,2021-01-12,11,271,9,87,2,184,0,0,6,247,5,12,6,259,California
Colusa,2021-01-13,21,292,13,100,8,192,0,0,13,252,8,20,13,272,California
Colusa,2021-01-14,35,327,28,128,7,199,0,0,33,283,2,22,33,305,California
Colusa,2021-01-15,41,368,5,133,36,235,0,0,39,320,2,24,39,344,California
Colusa,2021-01-16,12,380,1,134,11,246,0,0,11,330,1,25,11,355,California
Colusa,2021-01-17,3,383,2,136,1,247,0,0,2,331,1,26,2,357,California
Colusa,2021-01-18,4,387,0,136,4,251,0,0,4,335,0,26,4,361,California
Colusa,2021-01-19,9,396,8,144,1,252,0,0,5,336,4,30,5,366,California
Colusa,2021-01-20,115,511,101,245,14,266,0,0,102,425,13,43,102,468,California
Colusa,2021-01-21,56,567,41,286,15,281,0,0,55,479,1,44,55,523,California
Colusa,2021-01-22,40,607,17,303,23,304,0,0,35,509,5,49,35,558,California
Colusa,2021-01-23,35,642,6,309,29,333,0,0,35,544,0,49,35,593,California
Colusa,2021-01-25,7,649,0,309,7,340,0,0,7,551,0,49,7,600,California
Colusa,2021-01-26,8,657,5,314,3,343,0,0,5,553,3,52,5,605,California
Colusa,2021-01-27,109,766,31,345,78,421,0,0,107,658,2,54,107,712,California
Colusa,2021-01-28,79,845,46,391,33,454,0,0,72,723,7,61,72,784,California
Colusa,2021-01-29,41,886,7,398,34,488,0,0,40,762,1,62,40,824,California
Colusa,2021-01-30,27,913,4,402,23,511,0,0,27,789,0,62,27,851,California
Colusa,2021-01-31,7,920,7,409,0,511,0,0,7,796,0,62,7,858,California
Colusa,2021-02-01,27,947,10,419,17,528,0,0,22,813,5,67,22,880,California
Colusa,2021-02-02,42,989,8,427,34,562,0,0,36,843,6,73,36,916,California
Colusa,2021-02-03,69,1058,10,437,59,621,0,0,59,892,10,83,59,975,California
Colusa,2021-02-04,143,1201,81,518,62,683,0,0,115,979,28,111,115,1090,California
Colusa,2021-02-05,32,1233,8,526,24,707,0,0,29,1005,3,114,29,1119,California
Colusa,2021-02-06,284,1517,8,534,276,983,0,0,273,1267,11,125,273,1392,California
Colusa,2021-02-07,2,1519,1,535,1,984,0,0,0,1265,2,127,0,1392,California
Colusa,2021-02-08,40,1559,5,540,35,1019,0,0,37,1299,3,130,37,1429,California
Colusa,2021-02-09,231,1790,14,554,217,1236,0,0,176,1420,55,185,176,1605,California
Colusa,2021-02-10,116,1906,41,595,75,1311,0,0,73,1450,43,228,73,1678,California
Colusa,2021-02-11,97,2003,36,631,61,1372,0,0,72,1497,25,253,72,1750,California
Colusa,2021-02-12,117,2120,9,640,108,1480,0,0,79,1537,39,292,79,1829,California
Colusa,2021-02-13,60,2180,8,648,52,1532,0,0,52,1581,8,300,52,1881,California
Colusa,2021-02-14,20,2200,8,656,12,1544,0,0,14,1589,6,306,14,1895,California
Colusa,2021-02-15,45,2245,10,666,35,1579,0,0,38,1620,7,313,38,1933,California
Colusa,2021-02-16,67,2312,4,670,63,1642,0,0,66,1685,1,314,66,1999,California
Colusa,2021-02-17,206,2518,143,813,63,1705,0,0,60,1599,146,460,60,2059,California
Colusa,2021-02-18,135,2653,35,848,100,1805,0,0,112,1688,23,483,112,2171,California
Colusa,2021-02-19,155,2808,19,867,136,1941,0,0,129,1791,26,509,129,2300,California
Colusa,2021-02-20,28,2836,6,873,22,1963,0,0,12,1787,16,525,12,2312,California
Colusa,2021-02-21,1,2837,1,874,0,1963,0,0,0,1786,1,526,0,2312,California
Colusa,2021-02-22,43,2880,26,900,17,1980,0,0,29,1801,14,540,29,2341,California
Colusa,2021-02-23,22,2902,6,906,16,1996,0,0,18,1815,4,544,18,2359,California
Colusa,2021-02-24,300,3202,54,960,246,2242,0,0,158,1831,142,686,158,2517,California
Colusa,2021-02-25,102,3304,55,1015,47,2289,0,0,66,1861,36,722,66,2583,California
Colusa,2021-02-26,98,3402,13,1028,85,2374,0,0,59,1881,39,761,59,2642,California
Colusa,2021-02-27,55,3457,4,1032,51,2425,0,0,40,1906,15,776,40,2682,California
Colusa,2021-02-28,26,3483,14,1046,12,2437,0,0,18,1916,8,784,18,2700,California
Colusa,2021-03-01,46,3529,15,1061,31,2468,0,0,29,1928,17,801,29,2729,California
Colusa,2021-03-02,49,3578,13,1074,36,2504,0,0,26,1931,23,824,26,2755,California
Colusa,2021-03-03,242,3820,43,1117,199,2703,0,0,185,2059,57,881,185,2940,California
Colusa,2021-03-04,138,3958,58,1175,80,2783,0,0,80,2081,58,939,80,3020,California
Colusa,2021-03-05,98,4056,25,1200,64,2847,9,9,53,2098,45,984,62,3082,California
Colusa,2021-03-06,274,4330,9,1209,265,3112,0,9,37,1898,237,1221,37,3119,California
Colusa,2021-03-07,8,4338,5,1214,3,3115,0,9,6,1902,2,1223,6,3125,California
Colusa,2021-03-08,88,4426,20,1234,33,3148,35,44,44,1937,44,1267,79,3204,California
Colusa,2021-03-09,272,4698,70,1304,179,3327,23,67,83,1854,189,1456,106,3310,California
Colusa,2021-03-10,287,4985,35,1339,216,3543,36,103,201,2005,86,1542,237,3547,California
Colusa,2021-03-11,419,5404,59,1398,339,3882,21,124,338,2281,81,1623,357,3904,California
Colusa,2021-03-12,109,5513,18,1416,78,3960,13,137,19,2223,90,1713,32,3936,California
Colusa,2021-03-13,61,5574,16,1432,36,3996,9,146,18,2207,43,1756,27,3963,California
Colusa,2021-03-14,20,5594,0,1432,18,4014,2,148,6,2202,13,1769,8,3971,California
Colusa,2021-03-15,69,5663,26,1458,35,4049,8,156,14,2169,55,1824,22,3993,California
Colusa,2021-03-16,295,5958,15,1473,234,4283,46,202,188,2296,107,1931,234,4227,California
Colusa,2021-03-17,195,6153,49,1522,146,4429,0,202,111,2323,84,2015,111,4338,California
Colusa,2021-03-18,319,6472,33,1555,216,4645,70,272,197,2468,122,2137,267,4605,California
Colusa,2021-03-19,78,6550,20,1575,56,4701,2,274,54,2500,24,2161,56,4661,California
Colusa,2021-03-20,49,6599,7,1582,41,4742,1,275,36,2524,13,2174,37,4698,California
Colusa,2021-03-21,6,6605,4,1586,2,4744,0,275,4,2526,2,2176,4,4702,California
Colusa,2021-03-22,62,6667,10,1596,43,4787,9,284,40,2553,22,2198,49,4751,California
Colusa,2021-03-23,81,6748,16,1612,63,4850,2,286,54,2582,27,2225,56,4807,California
Colusa,2021-03-24,337,7085,57,1669,274,5124,6,292,69,2388,268,2493,74,4881,California
Colusa,2021-03-25,109,7194,60,1729,44,5168,5,297,52,2388,57,2550,57,4938,California
Colusa,2021-03-26,298,7492,47,1776,247,5415,4,301,245,2584,53,2603,249,5187,California
Colusa,2021-03-27,63,7555,5,1781,58,5473,0,301,25,2571,38,2641,25,5212,California
Colusa,2021-03-28,15,7570,6,1787,9,5482,0,301,7,2570,8,2649,7,5219,California
Colusa,2021-03-29,69,7639,19,1806,44,5526,6,307,30,2567,39,2688,36,5255,California
Colusa,2021-03-30,147,7786,78,1884,67,5593,2,309,75,2572,72,2760,77,5332,California
Colusa,2021-03-31,235,8021,42,1926,193,5786,0,309,75,2489,158,2918,75,5407,California
Colusa,2021-04-01,426,8447,67,1993,304,6090,55,364,303,2724,122,3040,357,5764,California
Colusa,2021-04-02,81,8528,12,2005,55,6145,14,378,37,2731,44,3084,51,5815,California
Colusa,2021-04-03,62,8590,10,2015,29,6174,23,401,14,2720,48,3132,37,5852,California
Colusa,2021-04-04,18,8608,0,2015,8,6182,10,411,3,2718,15,3147,13,5865,California
Colusa,2021-04-05,95,8703,25,2040,55,6237,15,426,39,2716,56,3203,54,5919,California
Colusa,2021-04-06,128,8831,33,2073,45,6282,50,476,43,2724,85,3288,93,6012,California
Colusa,2021-04-07,357,9188,40,2113,294,6576,23,499,133,2657,224,3512,157,6169,California
Colusa,2021-04-08,426,9614,33,2146,366,6942,27,526,121,2503,302,3814,148,6317,California
Colusa,2021-04-09,76,9690,21,2167,32,6974,23,549,28,2506,48,3862,51,6368,California
Colusa,2021-04-10,45,9735,9,2176,16,6990,20,569,13,2507,32,3894,33,6401,California
Colusa,2021-04-11,15,9750,2,2178,11,7001,2,571,7,2508,8,3902,9,6410,California
Colusa,2021-04-12,31,9781,3,2181,28,7029,0,571,24,2525,7,3909,24,6434,California
Colusa,2021-04-13,278,10059,23,2204,255,7284,0,571,94,2436,183,4092,94,6528,California
Colusa,2021-04-14,94,10153,19,2223,75,7359,0,571,33,2408,61,4153,33,6561,California
Colusa,2021-04-15,317,10470,42,2265,275,7634,0,571,129,2349,188,4341,129,6690,California
Colusa,2021-04-16,80,10550,11,2276,69,7703,0,571,36,2342,43,4384,36,6726,California
Colusa,2021-04-17,53,10603,7,2283,46,7749,0,571,31,2351,22,4406,31,6757,California
Colusa,2021-04-18,9,10612,2,2285,7,7756,0,571,7,2356,2,4408,7,6764,California
Colusa,2021-04-19,61,10673,22,2307,39,7795,0,571,17,2329,44,4452,17,6781,California
Colusa,2021-04-20,176,10849,32,2339,144,7939,0,571,128,2409,48,4500,128,6909,California
Colusa,2021-04-21,170,11019,59,2398,111,8050,0,571,110,2459,60,4560,110,7019,California
Colusa,2021-04-22,416,11435,25,2423,390,8440,1,572,213,2470,202,4762,213,7232,California
Colusa,2021-04-23,90,11525,17,2440,73,8513,0,572,36,2452,54,4816,36,7268,California
Colusa,2021-04-24,237,11762,19,2459,217,8730,1,573,204,2624,33,4849,205,7473,California
Colusa,2021-04-25,11,11773,5,2464,6,8736,0,573,8,2629,3,4852,8,7481,California
Colusa,2021-04-26,22,11795,4,2468,17,8753,1,574,7,2622,14,4866,7,7488,California
Colusa,2021-04-27,92,11887,21,2489,67,8820,4,578,43,2620,49,4915,47,7535,California
Colusa,2021-04-28,172,12059,27,2516,142,8962,3,581,124,2700,47,4962,127,7662,California
Colusa,2021-04-29,262,12321,6,2522,252,9214,4,585,31,2513,230,5192,43,7705,California
Colusa,2021-04-30,45,12366,10,2532,35,9249,0,585,24,2516,21,5213,24,7729,California
Colusa,2021-05-01,12,12378,2,2534,7,9256,3,588,4,2515,8,5221,7,7736,California
Contra Costa,2020-12-15,18,18,18,18,0,0,0,0,18,18,0,0,18,18,California
Contra Costa,2020-12-16,523,541,523,541,0,0,0,0,523,541,0,0,523,541,California
Contra Costa,2020-12-17,908,1449,908,1449,0,0,0,0,908,1449,0,0,908,1449,California
Contra Costa,2020-12-18,1590,3039,1589,3038,1,1,0,0,1590,3039,0,0,1590,3039,California
Contra Costa,2020-12-19,1101,4140,1100,4138,1,2,0,0,1101,4140,0,0,1101,4140,California
Contra Costa,2020-12-20,584,4724,583,4721,1,3,0,0,584,4724,0,0,584,4724,California
Contra Costa,2020-12-21,1652,6376,1650,6371,2,5,0,0,1652,6376,0,0,1652,6376,California
Contra Costa,2020-12-22,1664,8040,1560,7931,104,109,0,0,1664,8040,0,0,1664,8040,California
Contra Costa,2020-12-23,1587,9627,1339,9270,248,357,0,0,1587,9627,0,0,1587,9627,California
Contra Costa,2020-12-24,654,10281,336,9606,318,675,0,0,654,10281,0,0,654,10281,California
Contra Costa,2020-12-25,39,10320,17,9623,22,697,0,0,39,10320,0,0,39,10320,California
Contra Costa,2020-12-26,641,10961,131,9754,510,1207,0,0,641,10961,0,0,641,10961,California
Contra Costa,2020-12-27,240,11201,87,9841,153,1360,0,0,240,11201,0,0,240,11201,California
Contra Costa,2020-12-28,1829,13030,860,10701,969,2329,0,0,1829,13030,0,0,1829,13030,California
Contra Costa,2020-12-29,1828,14858,824,11525,1004,3333,0,0,1828,14858,0,0,1828,14858,California
Contra Costa,2020-12-30,2394,17252,1216,12741,1178,4511,0,0,2393,17251,0,0,2393,17251,California
Contra Costa,2020-12-31,914,18166,308,13049,606,5117,0,0,913,18164,0,0,913,18164,California
Contra Costa,2021-01-01,60,18226,23,13072,37,5154,0,0,60,18224,0,0,60,18224,California
Contra Costa,2021-01-02,334,18560,173,13245,161,5315,0,0,334,18558,0,0,334,18558,California
Contra Costa,2021-01-03,175,18735,117,13362,58,5373,0,0,174,18732,0,0,174,18732,California
Contra Costa,2021-01-04,1906,20641,1253,14615,653,6026,0,0,1884,20596,20,20,1884,20616,California
Contra Costa,2021-01-05,2103,22744,1258,15873,845,6871,0,0,1844,22183,258,278,1845,22461,California
Contra Costa,2021-01-06,3275,26019,2242,18115,1033,7904,0,0,2514,23945,755,1033,2517,24978,California
Contra Costa,2021-01-07,3092,29111,2058,20173,1034,8938,0,0,1882,24620,1207,2240,1882,26860,California
Contra Costa,2021-01-08,3382,32493,2390,22563,992,9930,0,0,1821,24888,1556,3796,1824,28684,California
Contra Costa,2021-01-09,1584,34077,1132,23695,452,10382,0,0,748,24803,835,4631,750,29434,California
Contra Costa,2021-01-10,360,34437,286,23981,74,10456,0,0,151,24745,209,4840,151,29585,California
Contra Costa,2021-01-11,3837,38274,3145,27126,692,11148,0,0,2233,25377,1604,6444,2236,31821,California
Contra Costa,2021-01-12,3903,42177,2927,30053,976,12124,0,0,2579,26634,1324,7768,2581,34402,California
Contra Costa,2021-01-13,4676,46853,2887,32940,1789,13913,0,0,3738,29439,934,8702,3739,38141,California
Contra Costa,2021-01-14,4305,51158,1553,34493,2752,16665,0,0,3923,32980,382,9084,3923,42064,California
Contra Costa,2021-01-15,5335,56493,2459,36952,2876,19541,0,0,5012,37674,322,9406,5016,47080,California
Contra Costa,2021-01-16,1718,58211,552,37504,1166,20707,0,0,1643,39242,75,9481,1643,48723,California
Contra Costa,2021-01-17,1634,59845,974,38478,660,21367,0,0,1511,40633,123,9604,1514,50237,California
Contra Costa,2021-01-18,3197,63042,1255,39733,1942,23309,0,0,2574,42591,617,10221,2575,52812,California
Contra Costa,2021-01-19,7067,70109,3160,42893,3907,27216,0,0,6062,47656,1002,11223,6067,58879,California
Contra Costa,2021-01-20,6614,76723,4056,46949,2558,29774,0,0,5381,51813,1229,12452,5386,64265,California
Contra Costa,2021-01-21,6963,83686,3101,50050,3862,33636,0,0,6239,57341,719,13171,6247,70512,California
Contra Costa,2021-01-22,6363,90049,2700,52750,3663,37299,0,0,5506,62002,848,14019,5509,76021,California
Contra Costa,2021-01-23,2023,92072,358,53108,1665,38964,0,0,1765,63513,256,14275,1767,77788,California
Contra Costa,2021-01-24,1581,93653,219,53327,1362,40326,0,0,1436,64808,145,14420,1440,79228,California
Contra Costa,2021-01-25,6650,100303,3018,56345,3632,43958,0,0,5087,68337,1561,15981,5090,84318,California
Contra Costa,2021-01-26,8080,108383,4679,61024,3401,47359,0,0,6241,72751,1831,17812,6245,90563,California
Contra Costa,2021-01-27,8239,116622,5499,66523,2740,50099,0,0,6341,77279,1817,19629,6345,96908,California
Contra Costa,2021-01-28,7439,124061,4081,70604,3358,53457,0,0,5837,81524,1596,21225,5841,102749,California
Contra Costa,2021-01-29,7440,131501,3890,74494,3550,57007,0,0,6130,86350,1306,22531,6132,108881,California
Contra Costa,2021-01-30,2082,133583,596,75090,1486,58493,0,0,1716,87707,359,22890,1716,110597,California
Contra Costa,2021-01-31,699,134282,480,75570,219,58712,0,0,573,88157,123,23013,573,111170,California
Contra Costa,2021-02-01,5522,139804,3762,79332,1760,60472,0,0,3890,90423,1627,24640,3893,115063,California
Contra Costa,2021-02-02,7756,147560,5270,84602,2486,62958,0,0,5904,94478,1850,26490,5905,120968,California
Contra Costa,2021-02-03,8267,155827,5457,90059,2810,65768,0,0,5630,97483,2626,29116,5631,126599,California
Contra Costa,2021-02-04,7439,163266,3534,93593,3905,69673,0,0,5716,101482,1719,30835,5718,132317,California
Contra Costa,2021-02-05,8423,171689,4818,98411,3605,73278,0,0,5715,104496,2701,33536,5715,138032,California
Contra Costa,2021-02-06,3469,175158,2154,100565,1315,74593,0,0,2817,106663,651,34187,2818,140850,California
Contra Costa,2021-02-07,981,176139,710,101275,271,74864,0,0,605,106893,375,34562,605,141455,California
Contra Costa,2021-02-08,5807,181946,3438,104713,2369,77233,0,0,4329,109750,1473,36035,4330,145785,California
Contra Costa,2021-02-09,8646,190592,4764,109477,3882,81115,0,0,5761,112632,2880,38915,5762,151547,California
Contra Costa,2021-02-10,8630,199222,4649,114126,3981,85096,0,0,5403,114827,3212,42127,5407,156954,California
Contra Costa,2021-02-11,9306,208528,4212,118338,5094,90190,0,0,5269,116070,4031,46158,5274,162228,California
Contra Costa,2021-02-12,10067,218595,4609,122947,5458,95648,0,0,5457,116927,4603,50761,5460,167688,California
Contra Costa,2021-02-13,4877,223472,1365,124312,3512,99160,0,0,3406,118866,1468,52229,3407,171095,California
Contra Costa,2021-02-14,2086,225558,864,125176,1222,100382,0,0,1224,119230,860,53089,1224,172319,California
Contra Costa,2021-02-15,4446,230004,2463,127639,1983,102365,0,0,2348,119488,2091,55180,2349,174668,California
Contra Costa,2021-02-16,10411,240415,4905,132544,5506,107871,0,0,4636,118360,5768,60948,4640,179308,California
Contra Costa,2021-02-17,12272,252687,6127,138671,6145,114016,0,0,5623,117350,6634,67582,5624,184932,California
Contra Costa,2021-02-18,11458,264145,5957,144628,5501,119517,0,0,5319,116543,6128,73710,5321,190253,California
Contra Costa,2021-02-19,11400,275545,7104,151732,4296,123813,0,0,5172,115503,6213,79923,5173,195426,California
Contra Costa,2021-02-20,6440,281985,2888,154620,3552,127365,0,0,4565,118211,1859,81782,4567,199993,California
Contra Costa,2021-02-21,1801,283786,1255,155875,546,127911,0,0,1088,118587,712,82494,1088,201081,California
Contra Costa,2021-02-22,7532,291318,5098,160973,2434,130345,0,0,3463,117995,4057,86551,3465,204546,California
Contra Costa,2021-02-23,11896,303214,7247,168220,4649,134994,0,0,5921,117959,5961,92512,5925,210471,California
Contra Costa,2021-02-24,10471,313685,7674,175894,2797,137791,0,0,5046,117598,5409,97921,5048,215519,California
Contra Costa,2021-02-25,11458,325143,7205,183099,4253,142044,0,0,5200,116564,6238,104159,5204,220723,California
Contra Costa,2021-02-26,10692,335835,6741,189840,3951,145995,0,0,5299,116486,5378,109537,5300,226023,California
Contra Costa,2021-02-27,6617,342452,4205,194045,2412,148407,0,0,4106,118088,2505,112042,4107,230130,California
Contra Costa,2021-02-28,3787,346239,3118,197163,669,149076,0,0,3190,120685,594,112636,3191,233321,California
Contra Costa,2021-03-01,8086,354325,6075,203238,2008,151084,3,3,4965,122549,3106,115742,4970,238291,California
Contra Costa,2021-03-02,10136,364461,6315,209553,3820,154904,1,4,5251,122932,4869,120611,5252,243543,California
Contra Costa,2021-03-03,11149,375610,6973,216526,4175,159079,1,5,6238,124275,4897,125508,6240,249783,California
Contra Costa,2021-03-04,11865,387475,7083,223609,4782,163861,0,5,6143,124715,5703,131211,6143,255926,California
Contra Costa,2021-03-05,11226,398701,6667,230276,4554,168415,5,10,6392,126293,4819,136030,6397,262323,California
Contra Costa,2021-03-06,7293,405994,4007,234283,2976,171391,310,320,4712,128744,2569,138599,5020,267343,California
Contra Costa,2021-03-07,3621,409615,2269,236552,1292,172683,60,380,2949,131082,671,139270,3009,270352,California
Contra Costa,2021-03-08,8045,417660,3755,240307,3987,176670,303,683,5366,134087,2668,141938,5673,276025,California
Contra Costa,2021-03-09,10182,427842,5000,245307,4888,181558,294,977,5031,134269,5144,147082,5326,281351,California
Contra Costa,2021-03-10,12123,439965,5959,251266,4669,186227,1495,2472,5469,134579,6645,153727,6955,288306,California
Contra Costa,2021-03-11,12456,452421,6560,257826,5336,191563,560,3032,6357,135418,6078,159805,6917,295223,California
Contra Costa,2021-03-12,12530,464951,5143,262969,6843,198406,544,3576,6260,135966,6254,166059,6802,302025,California
Contra Costa,2021-03-13,7757,472708,3072,266041,4261,202667,424,4000,3076,134796,4664,170723,3494,305519,California
Contra Costa,2021-03-14,4345,477053,2544,268585,1318,203985,483,4483,2073,135086,2265,172988,2555,308074,California
Contra Costa,2021-03-15,9368,486421,5052,273637,3564,207549,752,5235,4747,135980,4605,177593,5499,313573,California
Contra Costa,2021-03-16,14249,500670,8462,282099,5391,212940,396,5631,7267,136681,6962,184555,7663,321236,California
Contra Costa,2021-03-17,14970,515640,10332,292431,4427,217367,211,5842,8565,139078,6384,190939,8781,330017,California
Contra Costa,2021-03-18,15352,530992,8526,300957,6346,223713,480,6322,8782,141795,6543,197482,9260,339277,California
Contra Costa,2021-03-19,15481,546473,8885,309842,5206,228919,1390,7712,8293,144307,7176,204658,9688,348965,California
Contra Costa,2021-03-20,10606,557079,6328,316170,3975,232894,303,8015,5237,144495,5353,210011,5541,354506,California
Contra Costa,2021-03-21,4438,561517,3887,320057,464,233358,87,8102,2085,144320,2346,212357,2171,356677,California
Contra Costa,2021-03-22,11515,573032,8682,328739,2583,235941,250,8352,7082,147230,4421,216778,7331,364008,California
Contra Costa,2021-03-23,15576,588608,10731,339470,4675,240616,170,8522,9495,150843,6055,222833,9668,373676,California
Contra Costa,2021-03-24,14948,603556,11675,351145,3061,243677,212,8734,9190,154520,5726,228559,9403,383079,California
Contra Costa,2021-03-25,15241,618797,11874,363019,3082,246759,285,9019,9415,158429,5789,234348,9698,392777,California
Contra Costa,2021-03-26,14916,633713,10687,373706,3834,250593,395,9414,8806,161539,6087,240435,9197,401974,California
Contra Costa,2021-03-27,10417,644130,6741,380447,3166,253759,510,9924,5772,163179,4635,245070,6275,408249,California
Contra Costa,2021-03-28,4119,648249,2917,383364,1149,254908,53,9977,1764,162651,2345,247415,1817,410066,California
Contra Costa,2021-03-29,10810,659059,8438,391802,2257,257165,115,10092,7070,166112,3726,251141,7187,417253,California
Contra Costa,2021-03-30,16703,675762,9104,400906,6247,263412,1352,11444,11029,172834,5659,256800,12381,429634,California
Contra Costa,2021-03-31,17920,693682,12546,413452,3935,267347,1439,12883,11517,179419,6372,263172,12957,442591,California
Contra Costa,2021-04-01,17391,711073,12179,425631,3851,271198,1361,14244,11331,186072,6037,269209,12690,455281,California
Contra Costa,2021-04-02,17356,728429,12812,438443,3537,274735,1007,15251,11540,192812,5806,275015,12546,467827,California
Contra Costa,2021-04-03,10764,739193,6414,444857,2817,277552,1533,16784,6177,195948,4574,279589,7710,475537,California
Contra Costa,2021-04-04,3316,742509,1308,446165,1414,278966,594,17378,892,195015,2419,282008,1486,477023,California
Contra Costa,2021-04-05,12012,754521,7841,454006,3209,282175,962,18340,6575,197124,5428,287436,7537,484560,California
Contra Costa,2021-04-06,17256,771777,11983,465989,3000,285175,2273,20613,9748,201655,7489,294925,12020,496580,California
Contra Costa,2021-04-07,18448,790225,12495,478484,3159,288334,2794,23407,10483,207024,7946,302871,13315,509895,California
Contra Costa,2021-04-08,18635,808860,12449,490933,3283,291617,2903,26310,10039,211382,8572,311443,12930,522825,California
Contra Costa,2021-04-09,18677,827537,11956,502889,4251,295868,2470,28780,10006,215210,8647,320090,12475,535300,California
Contra Costa,2021-04-10,10499,838036,3813,506702,2147,298015,4539,33319,3297,215847,7188,327278,7825,543125,California
Contra Costa,2021-04-11,3322,841358,1990,508692,682,298697,650,33969,1130,215442,2187,329465,1782,544907,California
Contra Costa,2021-04-12,11846,853204,7851,516543,2961,301658,1034,35003,5602,215851,6231,335696,6640,551547,California
Contra Costa,2021-04-13,17791,870995,10881,527424,6905,308563,5,35008,11893,221878,5877,341573,11904,563451,California
Contra Costa,2021-04-14,17509,888504,10980,538404,6528,315091,1,35009,9700,223793,7789,349362,9704,573155,California
Contra Costa,2021-04-15,17400,905904,10672,549076,6727,321818,1,35010,8078,222597,9293,358655,8097,581252,California
Contra Costa,2021-04-16,16841,922745,10514,559590,6326,328144,1,35011,7606,220999,9210,367865,7612,588864,California
Contra Costa,2021-04-17,11377,934122,6259,565849,5118,333262,0,35011,6109,221859,5254,373119,6114,594978,California
Contra Costa,2021-04-18,2728,936850,2109,567958,619,333881,0,35011,1779,222696,942,374061,1779,596757,California
Contra Costa,2021-04-19,11313,948163,8462,576420,2851,336732,0,35011,3547,218502,7743,381804,3549,600306,California
Contra Costa,2021-04-20,16608,964771,10790,587210,5818,342550,0,35011,6250,214423,10333,392137,6254,606560,California
Contra Costa,2021-04-21,17271,982042,14100,601310,3171,345721,0,35011,6157,209509,11079,403216,6165,612725,California
Contra Costa,2021-04-22,17103,999145,13864,615174,3238,348959,1,35012,6063,204573,11010,414226,6074,618799,California
Contra Costa,2021-04-23,16916,1016061,13459,628633,3457,352416,0,35012,5460,198618,11422,425648,5467,624266,California
Contra Costa,2021-04-24,10857,1026918,8397,637030,2460,354876,0,35012,4143,196072,6693,432341,4147,628413,California
Contra Costa,2021-04-25,3203,1030121,2153,639183,1048,355924,2,35014,2013,196904,1186,433527,2018,630431,California
Contra Costa,2021-04-26,9511,1039632,8066,647249,1421,357345,24,35038,2782,193006,6714,440241,2816,633247,California
Contra Costa,2021-04-27,14106,1053738,10416,657665,3549,360894,141,35179,3788,186645,10300,450541,3939,637186,California
Contra Costa,2021-04-28,13575,1067313,10623,668288,2693,363587,259,35438,3351,180068,10191,460732,3614,640800,California
Contra Costa,2021-04-29,11061,1078374,8462,676750,2446,366033,153,35591,2331,173846,8709,469441,2487,643287,California
Contra Costa,2021-04-30,11350,1089724,9313,686063,1917,367950,120,35711,2314,167267,9018,478459,2439,645726,California
Contra Costa,2021-05-01,6812,1096536,5054,691117,1561,369511,197,35908,1420,163506,5380,483839,1619,647345,California
Del Norte,2020-12-21,23,23,23,23,0,0,0,0,23,23,0,0,23,23,California
Del Norte,2020-12-22,46,69,46,69,0,0,0,0,46,69,0,0,46,69,California
Del Norte,2020-12-23,58,127,48,117,10,10,0,0,57,126,0,0,57,126,California
Del Norte,2020-12-28,34,161,34,151,0,10,0,0,34,160,0,0,34,160,California
Del Norte,2020-12-29,4,165,4,155,0,10,0,0,4,164,0,0,4,164,California
Del Norte,2020-12-30,67,232,55,210,12,22,0,0,68,232,0,0,68,232,California
Del Norte,2020-12-31,16,248,13,223,3,25,0,0,16,248,0,0,16,248,California
Del Norte,2021-01-04,102,350,49,272,53,78,0,0,102,350,0,0,102,350,California
Del Norte,2021-01-05,32,382,0,272,32,110,0,0,32,382,0,0,32,382,California
Del Norte,2021-01-06,77,459,18,290,59,169,0,0,77,459,0,0,77,459,California
Del Norte,2021-01-07,21,480,1,291,20,189,0,0,21,480,0,0,21,480,California
Del Norte,2021-01-08,78,558,7,298,71,260,0,0,78,558,0,0,78,558,California
Del Norte,2021-01-11,40,598,21,319,19,279,0,0,18,555,22,22,19,577,California
Del Norte,2021-01-12,51,649,32,351,19,298,0,0,30,564,21,43,30,607,California
Del Norte,2021-01-13,85,734,40,391,45,343,0,0,52,583,33,76,52,659,California
Del Norte,2021-01-14,52,786,14,405,38,381,0,0,46,623,6,82,46,705,California
Del Norte,2021-01-15,107,893,18,423,89,470,0,0,95,706,12,94,95,800,California
Del Norte,2021-01-17,1,894,1,424,0,470,0,0,1,707,0,94,1,801,California
Del Norte,2021-01-18,2,896,0,424,2,472,0,0,2,709,0,94,2,803,California
Del Norte,2021-01-19,119,1015,56,480,63,535,0,0,77,744,42,136,77,880,California
Del Norte,2021-01-20,158,1173,84,564,74,609,0,0,96,778,62,198,96,976,California
Del Norte,2021-01-21,43,1216,40,604,3,612,0,0,32,799,11,209,32,1008,California
Del Norte,2021-01-22,20,1236,17,621,3,615,0,0,13,805,7,216,13,1021,California
Del Norte,2021-01-23,1,1237,0,621,1,616,0,0,1,806,0,216,1,1022,California
Del Norte,2021-01-24,1,1238,0,621,1,617,0,0,1,807,0,216,1,1023,California
Del Norte,2021-01-25,100,1338,82,703,18,635,0,0,56,819,44,260,56,1079,California
Del Norte,2021-01-26,18,1356,11,714,7,642,0,0,7,815,11,271,7,1086,California
Del Norte,2021-01-27,64,1420,21,735,43,685,0,0,61,873,3,274,61,1147,California
Del Norte,2021-01-28,291,1711,20,755,271,956,0,0,286,1154,5,279,286,1433,California
Del Norte,2021-01-29,54,1765,21,776,33,989,0,0,44,1188,10,289,44,1477,California
Del Norte,2021-01-30,8,1773,1,777,7,996,0,0,8,1196,0,289,8,1485,California
Del Norte,2021-02-01,41,1814,1,778,40,1036,0,0,26,1207,15,304,26,1511,California
Del Norte,2021-02-02,142,1956,34,812,108,1144,0,0,73,1212,68,372,73,1584,California
Del Norte,2021-02-03,126,2082,40,852,86,1230,0,0,71,1228,55,427,71,1655,California
Del Norte,2021-02-04,71,2153,29,881,42,1272,0,0,42,1241,29,456,42,1697,California
Del Norte,2021-02-05,184,2337,22,903,162,1434,0,0,119,1296,64,520,119,1816,California
Del Norte,2021-02-06,312,2649,6,909,306,1740,0,0,312,1608,0,520,312,2128,California
Del Norte,2021-02-07,2,2651,1,910,1,1741,0,0,2,1610,0,520,2,2130,California
Del Norte,2021-02-08,36,2687,1,911,35,1776,0,0,32,1638,4,524,32,2162,California
Del Norte,2021-02-09,8,2695,5,916,3,1779,0,0,2,1634,6,530,2,2164,California
Del Norte,2021-02-10,143,2838,20,936,123,1902,0,0,86,1664,56,586,86,2250,California
Del Norte,2021-02-11,176,3014,59,995,117,2019,0,0,64,1616,112,698,64,2314,California
Del Norte,2021-02-12,121,3135,14,1009,107,2126,0,0,67,1629,54,752,67,2381,California
Del Norte,2021-02-13,2,3137,1,1010,1,2127,0,0,2,1631,0,752,2,2383,California
Del Norte,2021-02-14,3,3140,1,1011,2,2129,0,0,2,1632,1,753,2,2385,California
Del Norte,2021-02-15,4,3144,0,1011,4,2133,0,0,2,1632,2,755,2,2387,California
Del Norte,2021-02-16,132,3276,1,1012,131,2264,0,0,13,1526,119,874,13,2400,California
Del Norte,2021-02-17,91,3367,20,1032,71,2335,0,0,24,1483,67,941,24,2424,California
Del Norte,2021-02-18,77,3444,24,1056,53,2388,0,0,51,1508,26,967,51,2475,California
Del Norte,2021-02-19,43,3487,17,1073,26,2414,0,0,33,1531,10,977,33,2508,California
Del Norte,2021-02-20,8,3495,5,1078,3,2417,0,0,6,1535,2,979,6,2514,California
Del Norte,2021-02-22,2,3497,0,1078,2,2419,0,0,2,1537,0,979,2,2516,California
Del Norte,2021-02-23,107,3604,89,1167,18,2437,0,0,31,1493,76,1055,32,2548,California
Del Norte,2021-02-24,152,3756,98,1265,54,2491,0,0,79,1499,73,1128,79,2627,California
Del Norte,2021-02-25,475,4231,131,1396,344,2835,0,0,212,1450,261,1389,212,2839,California
Del Norte,2021-02-26,212,4443,176,1572,36,2871,0,0,166,1570,46,1435,166,3005,California
Del Norte,2021-02-27,152,4595,145,1717,6,2877,1,1,141,1701,11,1446,142,3147,California
Del Norte,2021-02-28,4,4599,1,1718,3,2880,0,1,3,1703,1,1447,3,3150,California
Del Norte,2021-03-01,28,4627,2,1720,26,2906,0,1,4,1683,24,1471,4,3154,California
Del Norte,2021-03-02,220,4847,141,1861,79,2985,0,1,187,1837,33,1504,187,3341,California
Del Norte,2021-03-03,167,5014,99,1960,68,3053,0,1,126,1922,41,1545,126,3467,California
Del Norte,2021-03-04,120,5134,83,2043,37,3090,0,1,91,1985,28,1573,91,3558,California
Del Norte,2021-03-05,119,5253,9,2052,110,3200,0,1,71,2008,48,1621,71,3629,California
Del Norte,2021-03-06,466,5719,78,2130,338,3538,50,51,164,1877,302,1923,171,3800,California
Del Norte,2021-03-07,2,5721,1,2131,1,3539,0,51,1,1877,1,1924,1,3801,California
Del Norte,2021-03-08,28,5749,1,2132,25,3564,2,53,5,1861,23,1947,7,3808,California
Del Norte,2021-03-09,194,5943,112,2244,79,3643,3,56,183,2036,11,1958,186,3994,California
Del Norte,2021-03-10,233,6176,96,2340,109,3752,28,84,134,2099,99,2057,162,4156,California
Del Norte,2021-03-11,151,6327,55,2395,91,3843,5,89,103,2159,48,2105,108,4264,California
Del Norte,2021-03-12,177,6504,89,2484,88,3931,0,89,124,2230,53,2158,124,4388,California
Del Norte,2021-03-13,94,6598,93,2577,1,3932,0,89,91,2318,3,2161,91,4479,California
Del Norte,2021-03-14,1,6599,0,2577,1,3933,0,89,1,2318,1,2162,1,4480,California
Del Norte,2021-03-15,38,6637,0,2577,38,3971,0,89,34,2348,4,2166,34,4514,California
Del Norte,2021-03-16,280,6917,135,2712,145,4116,0,89,259,2586,21,2187,259,4773,California
Del Norte,2021-03-17,282,7199,95,2807,185,4301,2,91,168,2642,114,2301,170,4943,California
Del Norte,2021-03-18,285,7484,107,2914,175,4476,3,94,149,2659,135,2436,152,5095,California
Del Norte,2021-03-19,266,7750,159,3073,101,4577,6,100,91,2581,175,2611,97,5192,California
Del Norte,2021-03-20,158,7908,155,3228,3,4580,0,100,16,2455,142,2753,16,5208,California
Del Norte,2021-03-21,4,7912,2,3230,2,4582,0,100,2,2455,2,2755,2,5210,California
Del Norte,2021-03-22,42,7954,3,3233,38,4620,1,101,39,2492,3,2758,40,5250,California
Del Norte,2021-03-23,335,8289,164,3397,153,4773,18,119,165,2506,168,2926,182,5432,California
Del Norte,2021-03-24,396,8685,107,3504,248,5021,41,160,236,2623,160,3086,277,5709,California
Del Norte,2021-03-25,193,8878,89,3593,104,5125,0,160,85,2601,107,3193,85,5794,California
Del Norte,2021-03-26,231,9109,112,3705,119,5244,0,160,197,2764,34,3227,197,5991,California
Del Norte,2021-03-27,108,9217,87,3792,4,5248,17,177,17,2707,91,3318,34,6025,California
Del Norte,2021-03-28,4,9221,2,3794,2,5250,0,177,1,2705,3,3321,1,6026,California
Del Norte,2021-03-29,57,9278,6,3800,34,5284,17,194,32,2729,25,3346,49,6075,California
Del Norte,2021-03-30,339,9617,118,3918,210,5494,11,205,128,2657,211,3557,139,6214,California
Del Norte,2021-03-31,350,9967,99,4017,234,5728,17,222,195,2716,153,3710,212,6426,California
Del Norte,2021-04-01,165,10132,59,4076,72,5800,34,256,70,2726,94,3804,104,6530,California
Del Norte,2021-04-02,230,10362,78,4154,103,5903,49,305,47,2640,183,3987,97,6627,California
Del Norte,2021-04-03,106,10468,82,4236,2,5905,22,327,4,2565,101,4088,26,6653,California
Del Norte,2021-04-04,4,10472,0,4236,0,5905,4,331,0,2565,4,4092,4,6657,California
Del Norte,2021-04-05,50,10522,5,4241,41,5946,4,335,42,2604,7,4099,46,6703,California
Del Norte,2021-04-06,378,10900,119,4360,222,6168,37,372,145,2558,229,4328,183,6886,California
Del Norte,2021-04-07,427,11327,114,4474,252,6420,61,433,280,2753,146,4474,341,7227,California
Del Norte,2021-04-08,233,11560,54,4528,111,6531,68,501,111,2810,122,4596,179,7406,California
Del Norte,2021-04-09,204,11764,47,4575,80,6611,77,578,98,2878,105,4701,173,7579,California
Del Norte,2021-04-10,48,11812,27,4602,4,6615,17,595,27,2901,21,4722,44,7623,California
Del Norte,2021-04-11,12,11824,3,4605,2,6617,7,602,2,2900,10,4732,9,7632,California
Del Norte,2021-04-12,28,11852,1,4606,9,6626,18,620,1,2893,26,4758,19,7651,California
Del Norte,2021-04-13,297,12149,49,4655,248,6874,0,620,155,2906,142,4900,155,7806,California
Del Norte,2021-04-14,326,12475,23,4678,303,7177,0,620,137,2859,189,5089,142,7948,California
Del Norte,2021-04-15,163,12638,30,4708,133,7310,0,620,44,2785,119,5208,45,7993,California
Del Norte,2021-04-16,160,12798,39,4747,121,7431,0,620,58,2742,102,5310,59,8052,California
Del Norte,2021-04-17,100,12898,69,4816,31,7462,0,620,95,2832,5,5315,95,8147,California
Del Norte,2021-04-18,4,12902,3,4819,1,7463,0,620,3,2834,1,5316,3,8150,California
Del Norte,2021-04-19,50,12952,6,4825,44,7507,0,620,8,2800,42,5358,8,8158,California
Del Norte,2021-04-20,209,13161,40,4865,169,7676,0,620,74,2739,135,5493,74,8232,California
Del Norte,2021-04-21,287,13448,22,4887,265,7941,0,620,63,2581,224,5717,66,8298,California
Del Norte,2021-04-22,114,13562,15,4902,99,8040,0,620,62,2591,52,5769,62,8360,California
Del Norte,2021-04-23,151,13713,20,4922,131,8171,0,620,39,2518,112,5881,39,8399,California
Del Norte,2021-04-24,24,13737,14,4936,10,8181,0,620,19,2532,5,5886,19,8418,California
Del Norte,2021-04-25,2,13739,0,4936,2,8183,0,620,2,2534,0,5886,2,8420,California
Del Norte,2021-04-26,29,13768,0,4936,29,8212,0,620,7,2519,22,5908,7,8427,California
Del Norte,2021-04-27,173,13941,19,4955,149,8361,5,625,47,2445,126,6034,52,8479,California
Del Norte,2021-04-28,269,14210,29,4984,236,8597,4,629,52,2288,214,6248,57,8536,California
Del Norte,2021-04-29,84,14294,7,4991,74,8671,3,632,20,2247,64,6312,23,8559,California
Del Norte,2021-04-30,64,14358,1,4992,53,8724,10,642,41,2275,23,6335,51,8610,California
Del Norte,2021-05-01,6,14364,2,4994,4,8728,0,642,5,2279,1,6336,5,8615,California
El Dorado,2020-12-15,12,12,12,12,0,0,0,0,12,12,0,0,12,12,California
El Dorado,2020-12-16,40,52,40,52,0,0,0,0,40,52,0,0,40,52,California
El Dorado,2020-12-17,31,83,31,83,0,0,0,0,31,83,0,0,31,83,California
El Dorado,2020-12-18,236,319,236,319,0,0,0,0,236,319,0,0,236,319,California
El Dorado,2020-12-19,116,435,116,435,0,0,0,0,116,435,0,0,116,435,California
El Dorado,2020-12-20,85,520,85,520,0,0,0,0,85,520,0,0,85,520,California
El Dorado,2020-12-21,308,828,307,827,1,1,0,0,308,828,0,0,308,828,California
El Dorado,2020-12-22,238,1066,214,1041,24,25,0,0,238,1066,0,0,238,1066,California
El Dorado,2020-12-23,189,1255,140,1181,49,74,0,0,189,1255,0,0,189,1255,California
El Dorado,2020-12-24,87,1342,66,1247,21,95,0,0,87,1342,0,0,87,1342,California
El Dorado,2020-12-25,8,1350,8,1255,0,95,0,0,8,1350,0,0,8,1350,California
El Dorado,2020-12-26,44,1394,26,1281,18,113,0,0,44,1394,0,0,44,1394,California
El Dorado,2020-12-27,37,1431,33,1314,4,117,0,0,37,1431,0,0,37,1431,California
El Dorado,2020-12-28,216,1647,169,1483,47,164,0,0,216,1647,0,0,216,1647,California
El Dorado,2020-12-29,457,2104,141,1624,316,480,0,0,457,2104,0,0,457,2104,California
El Dorado,2020-12-30,506,2610,136,1760,370,850,0,0,506,2610,0,0,506,2610,California
El Dorado,2020-12-31,110,2720,70,1830,40,890,0,0,110,2720,0,0,110,2720,California
El Dorado,2021-01-01,7,2727,4,1834,3,893,0,0,7,2727,0,0,7,2727,California
El Dorado,2021-01-02,151,2878,140,1974,11,904,0,0,151,2878,0,0,151,2878,California
El Dorado,2021-01-03,92,2970,17,1991,75,979,0,0,92,2970,0,0,92,2970,California
El Dorado,2021-01-04,189,3159,62,2053,127,1106,0,0,189,3159,0,0,189,3159,California
El Dorado,2021-01-05,204,3363,50,2103,154,1260,0,0,188,3331,16,16,188,3347,California
El Dorado,2021-01-06,262,3625,189,2292,73,1333,0,0,198,3465,64,80,198,3545,California
El Dorado,2021-01-07,329,3954,136,2428,193,1526,0,0,258,3652,71,151,258,3803,California
El Dorado,2021-01-08,976,4930,501,2929,475,2001,0,0,773,4223,203,354,774,4577,California
El Dorado,2021-01-09,194,5124,157,3086,37,2038,0,0,126,4281,68,422,126,4703,California
El Dorado,2021-01-10,180,5304,129,3215,51,2089,0,0,110,4322,70,492,111,4814,California
El Dorado,2021-01-11,659,5963,293,3508,366,2455,0,0,460,4585,198,690,461,5275,California
El Dorado,2021-01-12,694,6657,422,3930,272,2727,0,0,445,4781,249,939,445,5720,California
El Dorado,2021-01-13,699,7356,296,4226,403,3130,0,0,538,5158,161,1100,538,6258,California
El Dorado,2021-01-14,691,8047,219,4445,472,3602,0,0,596,5659,95,1195,596,6854,California
El Dorado,2021-01-15,683,8730,185,4630,498,4100,0,0,611,6198,72,1267,611,7465,California
El Dorado,2021-01-16,173,8903,104,4734,69,4169,0,0,146,6317,27,1294,146,7611,California
El Dorado,2021-01-17,100,9003,47,4781,53,4222,0,0,83,6383,17,1311,83,7694,California
El Dorado,2021-01-18,417,9420,138,4919,279,4501,0,0,349,6664,68,1379,349,8043,California
El Dorado,2021-01-19,650,10070,352,5271,298,4799,0,0,501,7017,149,1528,502,8545,California
El Dorado,2021-01-20,1010,11080,686,5957,324,5123,0,0,898,7804,111,1639,898,9443,California
El Dorado,2021-01-21,1156,12236,572,6529,584,5707,0,0,951,8591,164,1803,951,10394,California
El Dorado,2021-01-22,1103,13339,710,7239,393,6100,0,0,1049,9587,53,1856,1049,11443,California
El Dorado,2021-01-23,736,14075,617,7856,119,6219,0,0,625,10101,111,1967,625,12068,California
El Dorado,2021-01-24,126,14201,76,7932,50,6269,0,0,107,10189,19,1986,107,12175,California
El Dorado,2021-01-25,610,14811,204,8136,406,6675,0,0,522,10623,88,2074,522,12697,California
El Dorado,2021-01-26,675,15486,364,8500,311,6986,0,0,571,11091,104,2178,572,13269,California
El Dorado,2021-01-27,927,16413,329,8829,598,7584,0,0,591,11345,337,2515,591,13860,California
El Dorado,2021-01-28,1106,17519,453,9282,653,8237,0,0,745,11729,361,2876,745,14605,California
El Dorado,2021-01-29,975,18494,490,9772,485,8722,0,0,745,12246,229,3105,746,15351,California
El Dorado,2021-01-30,611,19105,359,10131,252,8974,0,0,450,12535,161,3266,450,15801,California
El Dorado,2021-01-31,209,19314,188,10319,21,8995,0,0,180,12686,29,3295,180,15981,California
El Dorado,2021-02-01,799,20113,368,10687,431,9426,0,0,655,13198,143,3438,655,16636,California
El Dorado,2021-02-02,837,20950,367,11054,470,9896,0,0,677,13715,160,3598,677,17313,California
El Dorado,2021-02-03,899,21849,475,11529,424,10320,0,0,686,14188,213,3811,686,17999,California
El Dorado,2021-02-04,1266,23115,723,12252,543,10863,0,0,871,14665,394,4205,871,18870,California
El Dorado,2021-02-05,1484,24599,598,12850,886,11749,0,0,868,14952,581,4786,868,19738,California
El Dorado,2021-02-06,639,25238,334,13184,305,12054,0,0,530,15374,109,4895,531,20269,California
El Dorado,2021-02-07,256,25494,176,13360,80,12134,0,0,192,15502,64,4959,192,20461,California
El Dorado,2021-02-08,879,26373,417,13777,462,12596,0,0,606,15835,273,5232,606,21067,California
El Dorado,2021-02-09,909,27282,487,14264,422,13018,0,0,487,15900,422,5654,487,21554,California
El Dorado,2021-02-10,1247,28529,729,14993,518,13536,0,0,656,15966,590,6244,656,22210,California
El Dorado,2021-02-11,2153,30682,891,15884,1262,14798,0,0,964,15745,1186,7430,965,23175,California
El Dorado,2021-02-12,1569,32251,823,16707,746,15544,0,0,678,15533,891,8321,679,23854,California
El Dorado,2021-02-13,978,33229,669,17376,309,15853,0,0,434,15426,541,8862,434,24288,California
El Dorado,2021-02-14,479,33708,153,17529,326,16179,0,0,396,15739,83,8945,396,24684,California
El Dorado,2021-02-15,1185,34893,387,17916,798,16977,0,0,829,16215,356,9301,832,25516,California
El Dorado,2021-02-16,1195,36088,529,18445,666,17643,0,0,675,16372,519,9820,676,26192,California
El Dorado,2021-02-17,900,36988,373,18818,527,18170,0,0,420,16314,480,10300,422,26614,California
El Dorado,2021-02-18,2086,39074,1012,19830,1074,19244,0,0,1353,16935,732,11032,1353,27967,California
El Dorado,2021-02-19,1167,40241,603,20433,564,19808,0,0,646,17061,521,11553,647,28614,California
El Dorado,2021-02-20,916,41157,435,20868,481,20289,0,0,668,17487,242,11795,668,29282,California
El Dorado,2021-02-21,282,41439,225,21093,57,20346,0,0,99,17404,182,11977,99,29381,California
El Dorado,2021-02-22,868,42307,434,21527,434,20780,0,0,285,17107,582,12559,285,29666,California
El Dorado,2021-02-23,842,43149,472,21999,370,21150,0,0,350,16966,491,13050,350,30016,California
El Dorado,2021-02-24,1016,44165,439,22438,577,21727,0,0,421,16793,595,13645,422,30438,California
El Dorado,2021-02-25,1633,45798,886,23324,747,22474,0,0,725,16618,902,14547,727,31165,California
El Dorado,2021-02-26,2353,48151,1482,24806,871,23345,0,0,1588,17443,763,15310,1588,32753,California
El Dorado,2021-02-27,1658,49809,439,25245,1219,24564,0,0,1219,18226,436,15746,1219,33972,California
El Dorado,2021-02-28,586,50395,204,25449,382,24946,0,0,434,18509,152,15898,435,34407,California
El Dorado,2021-03-01,1136,51531,452,25901,684,25630,0,0,624,18622,511,16409,624,35031,California
El Dorado,2021-03-02,900,52431,266,26167,634,26264,0,0,461,18646,437,16846,461,35492,California
El Dorado,2021-03-03,1679,54110,463,26630,1216,27480,0,0,1151,19278,521,17367,1153,36645,California
El Dorado,2021-03-04,2511,56621,1548,28178,963,28443,0,0,1227,19224,1281,18648,1227,37872,California
El Dorado,2021-03-05,1574,58195,422,28600,1147,29590,5,5,1043,19746,526,19174,1048,38920,California
El Dorado,2021-03-06,739,58934,210,28810,494,30084,35,40,392,19826,347,19521,427,39347,California
El Dorado,2021-03-07,404,59338,197,29007,189,30273,18,58,241,19924,161,19682,259,39606,California
El Dorado,2021-03-08,1325,60663,364,29371,890,31163,71,129,856,20385,466,20148,927,40533,California
El Dorado,2021-03-09,970,61633,225,29596,678,31841,67,196,572,20641,383,20531,639,41172,California
El Dorado,2021-03-10,943,62576,343,29939,544,32385,56,252,544,20847,393,20924,599,41771,California
El Dorado,2021-03-11,2996,65572,1826,31765,988,33373,182,434,1366,20780,1614,22538,1547,43318,California
El Dorado,2021-03-12,1778,67350,619,32384,912,34285,247,681,741,20749,1019,23557,988,44306,California
El Dorado,2021-03-13,1063,68413,344,32728,436,34721,283,964,375,20720,685,24242,656,44962,California
El Dorado,2021-03-14,791,69204,207,32935,472,35193,112,1076,280,20601,511,24753,392,45354,California
El Dorado,2021-03-15,1400,70604,302,33237,972,36165,126,1202,611,20554,785,25538,738,46092,California
El Dorado,2021-03-16,1209,71813,406,33643,659,36824,144,1346,568,20631,635,26173,712,46804,California
El Dorado,2021-03-17,1087,72900,351,33994,642,37466,94,1440,702,21042,385,26558,796,47600,California
El Dorado,2021-03-18,2969,75869,1749,35743,1176,38642,44,1484,1982,22088,980,27538,2026,49626,California
El Dorado,2021-03-19,1104,76973,363,36106,597,39239,144,1628,629,22387,475,28013,774,50400,California
El Dorado,2021-03-20,944,77917,268,36374,659,39898,17,1645,365,22201,568,28581,382,50782,California
El Dorado,2021-03-21,1027,78944,418,36792,604,40502,5,1650,937,23055,88,28669,942,51724,California
El Dorado,2021-03-22,1500,80444,488,37280,930,41432,82,1732,1192,24026,303,28972,1274,52998,California
El Dorado,2021-03-23,1142,81586,449,37729,601,42033,92,1824,734,24455,397,29369,826,53824,California
El Dorado,2021-03-24,1451,83037,620,38349,635,42668,196,2020,659,24546,764,30133,855,54679,California
El Dorado,2021-03-25,2472,85509,1672,40021,697,43365,103,2123,1367,24917,1099,31232,1470,56149,California
El Dorado,2021-03-26,1812,87321,694,40715,1009,44374,109,2232,946,25128,845,32077,1056,57205,California
El Dorado,2021-03-27,1311,88632,188,40903,1119,45493,4,2236,334,24495,971,33048,338,57543,California
El Dorado,2021-03-28,619,89251,181,41084,429,45922,9,2245,202,24292,414,33462,211,57754,California
El Dorado,2021-03-29,1307,90558,431,41515,860,46782,16,2261,823,24650,481,33943,839,58593,California
El Dorado,2021-03-30,1356,91914,411,41926,853,47635,92,2353,701,24794,648,34591,792,59385,California
El Dorado,2021-03-31,1560,93474,583,42509,914,48549,63,2416,706,24709,852,35443,767,60152,California
El Dorado,2021-04-01,3205,96679,1745,44254,1378,49927,82,2498,1518,24625,1685,37128,1601,61753,California
El Dorado,2021-04-02,1879,98558,556,44810,1228,51155,95,2593,754,24353,1121,38249,849,62602,California
El Dorado,2021-04-03,743,99301,290,45100,332,51487,121,2714,223,24178,518,38767,343,62945,California
El Dorado,2021-04-04,269,99570,85,45185,137,51624,47,2761,97,24151,171,38938,144,63089,California
El Dorado,2021-04-05,1419,100989,423,45608,902,52526,94,2855,591,24012,823,39761,684,63773,California
El Dorado,2021-04-06,1407,102396,518,46126,668,53194,221,3076,448,23723,957,40718,668,64441,California
El Dorado,2021-04-07,1563,103959,552,46678,566,53760,445,3521,554,23713,1006,41724,996,65437,California
El Dorado,2021-04-08,2666,106625,1721,48399,709,54469,236,3757,1114,23518,1544,43268,1349,66786,California
El Dorado,2021-04-09,1405,108030,439,48838,748,55217,218,3975,558,23446,845,44113,773,67559,California
El Dorado,2021-04-10,818,108848,219,49057,490,55707,109,4084,474,23686,342,44455,582,68141,California
El Dorado,2021-04-11,697,109545,452,49509,229,55936,16,4100,205,23416,491,44946,221,68362,California
El Dorado,2021-04-12,1278,110823,499,50008,631,56567,148,4248,562,23416,709,45655,709,69071,California
El Dorado,2021-04-13,1113,111936,608,50616,505,57072,0,4248,508,23323,601,46256,508,69579,California
El Dorado,2021-04-14,1066,113002,436,51052,629,57701,1,4249,364,22999,689,46945,365,69944,California
El Dorado,2021-04-15,2483,115485,1670,52722,813,58514,0,4249,962,22444,1518,48463,963,70907,California
El Dorado,2021-04-16,1453,116938,515,53237,938,59452,0,4249,607,22211,841,49304,608,71515,California
El Dorado,2021-04-17,752,117690,196,53433,556,60008,0,4249,478,22417,272,49576,478,71993,California
El Dorado,2021-04-18,968,118658,80,53513,888,60896,0,4249,401,22252,566,50142,401,72394,California
El Dorado,2021-04-19,1701,120359,435,53948,1266,62162,0,4249,691,21939,1004,51146,691,73085,California
El Dorado,2021-04-20,1106,121465,357,54305,749,62911,0,4249,460,21757,642,51788,460,73545,California
El Dorado,2021-04-21,1151,122616,464,54769,684,63595,3,4252,588,21789,557,52345,589,74134,California
El Dorado,2021-04-22,2515,125131,1664,56433,851,64446,0,4252,1065,21405,1449,53794,1065,75199,California
El Dorado,2021-04-23,1380,126511,493,56926,887,65333,0,4252,703,21435,674,54468,704,75903,California
El Dorado,2021-04-24,961,127472,510,57436,451,65784,0,4252,732,21940,227,54695,732,76635,California
El Dorado,2021-04-25,611,128083,433,57869,178,65962,0,4252,440,22209,171,54866,440,77075,California
El Dorado,2021-04-26,1028,129111,429,58298,583,66545,16,4268,501,22200,526,55392,517,77592,California
El Dorado,2021-04-27,934,130045,347,58645,559,67104,28,4296,431,22161,498,55890,459,78051,California
El Dorado,2021-04-28,827,130872,330,58975,456,67560,41,4337,340,22056,486,56376,381,78432,California
El Dorado,2021-04-29,1676,132548,1167,60142,482,68042,27,4364,406,21221,1268,57644,433,78865,California
El Dorado,2021-04-30,1390,133938,1023,61165,357,68399,10,4374,1016,21881,366,58010,1026,79891,California
El Dorado,2021-05-01,233,134171,132,61297,98,68497,3,4377,90,21835,139,58149,93,79984,California
Fresno,2020-12-15,2,2,2,2,0,0,0,0,2,2,0,0,2,2,California
Fresno,2020-12-16,121,123,121,123,0,0,0,0,121,123,0,0,121,123,California
Fresno,2020-12-17,120,243,120,243,0,0,0,0,120,243,0,0,120,243,California
Fresno,2020-12-18,343,586,343,586,0,0,0,0,343,586,0,0,343,586,California
Fresno,2020-12-19,157,743,157,743,0,0,0,0,157,743,0,0,157,743,California
Fresno,2020-12-20,258,1001,256,999,2,2,0,0,258,1001,0,0,258,1001,California
Fresno,2020-12-21,926,1927,925,1924,1,3,0,0,957,1958,0,0,957,1958,California
Fresno,2020-12-22,901,2828,872,2796,29,32,0,0,905,2863,0,0,905,2863,California
Fresno,2020-12-23,1087,3915,1046,3842,41,73,0,0,1088,3951,0,0,1088,3951,California
Fresno,2020-12-24,581,4496,562,4404,19,92,0,0,581,4532,0,0,581,4532,California
Fresno,2020-12-25,2,4498,1,4405,1,93,0,0,2,4534,0,0,2,4534,California
Fresno,2020-12-26,722,5220,713,5118,9,102,0,0,722,5256,0,0,722,5256,California
Fresno,2020-12-27,300,5520,204,5322,96,198,0,0,300,5556,0,0,300,5556,California
Fresno,2020-12-28,1062,6582,775,6097,287,485,0,0,1063,6619,0,0,1063,6619,California
Fresno,2020-12-29,1770,8352,1040,7137,730,1215,0,0,1768,8386,1,1,1768,8387,California
Fresno,2020-12-30,981,9333,478,7615,503,1718,0,0,981,9367,0,1,981,9368,California
Fresno,2020-12-31,897,10230,310,7925,587,2305,0,0,896,10263,0,1,896,10264,California
Fresno,2021-01-01,9,10239,3,7928,6,2311,0,0,9,10272,0,1,9,10273,California
Fresno,2021-01-02,1031,11270,717,8645,314,2625,0,0,1031,11303,0,1,1031,11304,California
Fresno,2021-01-03,153,11423,128,8773,25,2650,0,0,153,11456,0,1,153,11457,California
Fresno,2021-01-04,615,12038,375,9148,240,2890,0,0,615,12071,0,1,615,12072,California
Fresno,2021-01-05,778,12816,312,9460,466,3356,0,0,704,12701,74,75,704,12776,California
Fresno,2021-01-06,975,13791,346,9806,629,3985,0,0,803,13332,172,247,803,13579,California
Fresno,2021-01-07,1886,15677,915,10721,971,4956,0,0,1633,14715,253,500,1636,15215,California
Fresno,2021-01-08,1780,17457,613,11334,1167,6123,0,0,1416,15769,362,862,1416,16631,California
Fresno,2021-01-09,628,18085,386,11720,242,6365,0,0,354,15849,274,1136,354,16985,California
Fresno,2021-01-10,515,18600,485,12205,30,6395,0,0,202,15738,313,1449,202,17187,California
Fresno,2021-01-11,2158,20758,1751,13956,407,6802,0,0,1465,16513,693,2142,1468,18655,California
Fresno,2021-01-12,2524,23282,1826,15782,698,7500,0,0,1677,17343,849,2991,1679,20334,California
Fresno,2021-01-13,3537,26819,2422,18204,1115,8615,0,0,2681,19170,856,3847,2683,23017,California
Fresno,2021-01-14,4150,30969,2198,20402,1952,10567,0,0,3680,22381,469,4316,3680,26697,California
Fresno,2021-01-15,3645,34614,2532,22934,1113,11680,0,0,3287,25314,358,4674,3291,29988,California
Fresno,2021-01-16,3150,37764,2308,25242,842,12522,0,0,2686,27538,463,5137,2687,32675,California
Fresno,2021-01-17,977,38741,556,25798,421,12943,0,0,779,28119,198,5335,779,33454,California
Fresno,2021-01-18,3074,41815,2367,28165,707,13650,0,0,2409,29867,663,5998,2411,35865,California
Fresno,2021-01-19,4327,46142,2540,30705,1787,15437,0,0,3676,32896,651,6649,3680,39545,California
Fresno,2021-01-20,2994,49136,1186,31891,1808,17245,0,0,2693,35290,302,6951,2696,42241,California
Fresno,2021-01-21,4349,53485,1999,33890,2350,19595,0,0,4001,38967,329,7280,4006,46247,California
Fresno,2021-01-22,3310,56795,1347,35237,1963,21558,0,0,2921,41517,372,7652,2922,49169,California
Fresno,2021-01-23,3043,59838,1970,37207,1073,22631,0,0,2320,43122,722,8374,2327,51496,California
Fresno,2021-01-24,552,60390,372,37579,180,22811,0,0,347,43267,205,8579,350,51846,California
Fresno,2021-01-25,2344,62734,865,38444,1479,24290,0,0,1856,44639,488,9067,1860,53706,California
Fresno,2021-01-26,2021,64755,584,39028,1437,25727,0,0,1316,45253,703,9770,1317,55023,California
Fresno,2021-01-27,2259,67014,1163,40191,1096,26823,0,0,1739,46476,519,10289,1742,56765,California
Fresno,2021-01-28,4491,71505,3055,43246,1436,28259,0,0,3473,48938,1014,11303,3476,60241,California
Fresno,2021-01-29,1702,73207,983,44229,719,28978,0,0,1405,50050,294,11597,1406,61647,California
Fresno,2021-01-30,1451,74658,551,44780,900,29878,0,0,1034,50667,417,12014,1034,62681,California
Fresno,2021-01-31,225,74883,216,44996,9,29887,0,0,71,50584,154,12168,71,62752,California
Fresno,2021-02-01,3330,78213,1663,46659,1667,31554,0,0,1817,50907,1512,13680,1835,64587,California
Fresno,2021-02-02,2717,80930,550,47209,2167,33721,0,0,1586,51393,1116,14796,1602,66189,California
Fresno,2021-02-03,3532,84462,2095,49304,1437,35158,0,0,1517,50910,2001,16797,1518,67707,California
Fresno,2021-02-04,4195,88657,1896,51200,2299,37457,0,0,1930,50610,2235,19032,1935,69642,California
Fresno,2021-02-05,5326,93983,2724,53924,2602,40059,0,0,2304,49901,3017,22049,2308,71950,California
Fresno,2021-02-06,2935,96918,2047,55971,888,40947,0,0,976,48923,1956,24005,978,72928,California
Fresno,2021-02-07,469,97387,288,56259,181,41128,0,0,275,49005,193,24198,275,73203,California
Fresno,2021-02-08,4274,101661,2292,58551,1982,43110,0,0,1812,48388,2438,26636,1821,75024,California
Fresno,2021-02-09,5329,106990,2081,60632,3248,46358,0,0,3120,49382,2134,28770,3128,78152,California
Fresno,2021-02-10,3879,110869,1234,61866,2645,49003,0,0,1987,49543,1837,30607,1998,80150,California
Fresno,2021-02-11,6447,117316,2090,63956,4357,53360,0,0,3383,49883,3049,33656,3389,83539,California
Fresno,2021-02-12,5381,122697,1384,65340,3997,57357,0,0,2745,50017,2617,36273,2751,86290,California
Fresno,2021-02-13,3733,126430,1547,66887,2186,59543,0,0,2081,50464,1640,37913,2087,88377,California
Fresno,2021-02-14,1562,127992,282,67169,1280,60823,0,0,849,50603,712,38625,851,89228,California
Fresno,2021-02-15,2886,130878,271,67440,2615,63438,0,0,1782,51289,1100,39725,1786,91014,California
Fresno,2021-02-16,6682,137560,2402,69842,4280,67718,0,0,4245,53121,2419,42144,4251,95265,California
Fresno,2021-02-17,5336,142896,2455,72297,2881,70599,0,0,2986,53806,2306,44450,2991,98256,California
Fresno,2021-02-18,6857,149753,2903,75200,3954,74553,0,0,2574,52157,4234,48684,2585,100841,California
Fresno,2021-02-19,3834,153587,1101,76301,2733,77286,0,0,1829,51994,1995,50679,1832,102673,California
Fresno,2021-02-20,4539,158126,2504,78805,2035,79321,0,0,3059,53586,1473,52152,3065,105738,California
Fresno,2021-02-21,188,158314,171,78976,17,79338,0,0,129,53669,46,52198,129,105867,California
Fresno,2021-02-22,2229,160543,1001,79977,1228,80566,0,0,1223,53899,997,53195,1227,107094,California
Fresno,2021-02-23,3891,164434,1482,81459,2409,82975,0,0,3032,56084,849,54044,3034,110128,California
Fresno,2021-02-24,4177,168611,1496,82955,2681,85656,0,0,3431,58783,735,54779,3434,113562,California
Fresno,2021-02-25,7485,176096,2525,85480,4960,90616,0,0,6029,63427,1392,56171,6036,119598,California
Fresno,2021-02-26,8327,184423,3039,88519,5288,95904,0,0,7044,69215,1262,57433,7050,126648,California
Fresno,2021-02-27,6295,190718,2204,90723,4091,99995,0,0,5606,74147,679,58112,5611,132259,California
Fresno,2021-02-28,1637,192355,532,91255,1105,101100,0,0,1548,75619,77,58189,1549,133808,California
Fresno,2021-03-01,4916,197271,1294,92549,3622,104722,0,0,3609,77939,1297,59486,3617,137425,California
Fresno,2021-03-02,8578,205849,2311,94860,6267,110989,0,0,7217,83842,1337,60823,7240,144665,California
Fresno,2021-03-03,6805,212654,1684,96544,5120,116109,1,1,5792,88749,1000,61823,5907,150572,California
Fresno,2021-03-04,8540,221194,2536,99080,6004,122113,0,1,7019,94281,1495,63318,7027,157599,California
Fresno,2021-03-05,7953,229147,2706,101786,5245,127358,2,3,6933,100404,887,64205,7010,164609,California
Fresno,2021-03-06,6469,235616,3541,105327,2811,130169,117,120,5522,105106,941,65146,5643,170252,California
Fresno,2021-03-07,1476,237092,677,106004,765,130934,34,154,1248,106163,226,65372,1283,171535,California
Fresno,2021-03-08,5057,242149,2016,108020,2888,133822,153,307,3881,109040,1168,66540,4045,175580,California
Fresno,2021-03-09,7132,249281,2389,110409,4473,138295,270,577,3973,110176,3142,69682,4278,179858,California
Fresno,2021-03-10,6616,255897,2742,113151,3481,141776,393,970,5221,114413,1385,71067,5622,185480,California
Fresno,2021-03-11,11442,267339,4558,117709,6317,148093,567,1537,6210,116077,5189,76256,6853,192333,California
Fresno,2021-03-12,11574,278913,4920,122629,6201,154294,453,1990,8580,122274,2977,79233,9174,201507,California
Fresno,2021-03-13,8166,287079,3901,126530,3240,157534,1025,3015,3919,123062,4228,83461,5016,206523,California
Fresno,2021-03-14,1746,288825,466,126996,1000,158534,280,3295,658,122919,1079,84540,936,207459,California
Fresno,2021-03-15,6978,295803,3057,130053,3751,162285,170,3465,4819,125946,2145,86685,5172,212631,California
Fresno,2021-03-16,10060,305863,4410,134463,5256,167541,394,3859,6045,128496,3985,90670,6535,219166,California
Fresno,2021-03-17,8529,314392,3873,138336,3962,171503,694,4553,5754,132567,2756,93426,6827,225993,California
Fresno,2021-03-18,12262,326654,6577,144913,5055,176558,630,5183,8025,137451,4193,97619,9077,235070,California
Fresno,2021-03-19,10740,337394,5626,150539,4500,181058,614,5797,7265,142176,3448,101067,8173,243243,California
Fresno,2021-03-20,7379,344773,4422,154961,2646,183704,311,6108,4519,144438,2837,103904,5099,248342,California
Fresno,2021-03-21,1772,346545,1200,156161,201,183905,371,6479,961,144964,807,104711,1333,249675,California
Fresno,2021-03-22,5643,352188,2888,159049,2160,186065,595,7074,3852,147835,1775,106486,4646,254321,California
Fresno,2021-03-23,10534,362722,5239,164288,4801,190866,494,7568,6066,150371,4450,110936,6986,261307,California
Fresno,2021-03-24,8596,371318,3629,167917,4138,195004,829,8397,4729,152147,3836,114772,5612,266919,California
Fresno,2021-03-25,12053,383371,5574,173491,5697,200701,782,9179,6185,153367,5829,120601,7049,273968,California
Fresno,2021-03-26,12009,395380,5327,178818,6038,206739,644,9823,5280,152629,6681,127282,5943,279911,California
Fresno,2021-03-27,9361,404741,4127,182945,4152,210891,1082,10905,2933,150255,6394,133676,4020,283931,California
Fresno,2021-03-28,3281,408022,1198,184143,1396,212287,687,11592,1257,150441,2017,135693,2203,286134,California
Fresno,2021-03-29,5988,414010,1975,186118,3471,215758,542,12134,2901,150833,3063,138756,3455,289589,California
Fresno,2021-03-30,10766,424776,4208,190326,5675,221433,883,13017,4465,149903,6277,145033,5347,294936,California
Fresno,2021-03-31,9246,434022,3319,193645,4945,226378,982,13999,3797,149269,5411,150444,4777,299713,California
Fresno,2021-04-01,11291,445313,4064,197709,6377,232755,850,14849,3913,146689,7302,157746,4722,304435,California
Fresno,2021-04-02,11550,456863,4403,202112,6361,239116,786,15635,4234,144552,7163,164909,5026,309461,California
Fresno,2021-04-03,6170,463033,3374,205486,2545,241661,251,15886,2221,143125,3937,168846,2510,311971,California
Fresno,2021-04-04,1490,464523,533,206019,913,242574,44,15930,565,142817,917,169763,609,312580,California
Fresno,2021-04-05,8246,472769,4454,210473,2995,245569,797,16727,2530,140506,5707,175470,3396,315976,California
Fresno,2021-04-06,9475,482244,3955,214428,4345,249914,1175,17902,3590,139432,5853,181323,4779,320755,California
Fresno,2021-04-07,10303,492547,5297,219725,3826,253740,1180,19082,3554,137480,6715,188038,4763,325518,California
Fresno,2021-04-08,10781,503328,5113,224838,4533,258273,1135,20217,3504,134925,7238,195276,4683,330201,California
Fresno,2021-04-09,10654,513982,5092,229930,4205,262478,1357,21574,3586,132862,7029,202305,4966,335167,California
Fresno,2021-04-10,7834,521816,5139,235069,2175,264653,520,22094,3725,133006,4102,206407,4246,339413,California
Fresno,2021-04-11,1389,523205,930,235999,370,265023,89,22183,450,132611,934,207341,539,339952,California
Fresno,2021-04-12,7096,530301,3755,239754,2437,267460,904,23087,2312,131064,4763,212104,3216,343168,California
Fresno,2021-04-13,8879,539180,4219,243973,4590,272050,70,23157,3504,129385,5344,217448,3665,346833,California
Fresno,2021-04-14,8818,547998,5133,249106,3684,275734,1,23158,3634,127914,5151,222599,3680,350513,California
Fresno,2021-04-15,7763,555761,3613,252719,4148,279882,2,23160,3004,126190,4733,227332,3009,353522,California
Fresno,2021-04-16,8933,564694,4239,256958,4692,284574,2,23162,3832,124967,5062,232394,3839,357361,California
Fresno,2021-04-17,5567,570261,3734,260692,1833,286407,0,23162,2719,124855,2833,235227,2721,360082,California
Fresno,2021-04-18,1018,571279,552,261244,466,286873,0,23162,474,124787,542,235769,474,360556,California
Fresno,2021-04-19,5395,576674,2914,264158,2477,289350,4,23166,2172,123776,3190,238959,2179,362735,California
Fresno,2021-04-20,6816,583490,3311,267469,3497,292847,8,23174,2541,122074,4252,243211,2550,365285,California
Fresno,2021-04-21,6248,589738,3410,270879,2830,295677,8,23182,2591,121046,3631,246842,2603,367888,California
Fresno,2021-04-22,6315,596053,3133,274012,3181,298858,1,23183,2332,119446,3936,250778,2336,370224,California
Fresno,2021-04-23,6934,602987,3748,277760,3167,302025,19,23202,2686,117926,4213,254991,2693,372917,California
Fresno,2021-04-24,4152,607139,2482,280242,1670,303695,0,23202,1958,117702,2182,257173,1958,374875,California
Fresno,2021-04-25,1342,608481,566,280808,774,304469,2,23204,665,117693,675,257848,666,375541,California
Fresno,2021-04-26,3746,612227,1840,282648,1867,306336,39,23243,1596,117198,2128,259976,1633,377174,California
Fresno,2021-04-27,4297,616524,2110,284758,2083,308419,104,23347,1653,116328,2627,262603,1757,378931,California
Fresno,2021-04-28,4315,620839,2365,287123,1833,310252,117,23464,1798,115743,2499,265102,1914,380845,California
Fresno,2021-04-29,3979,624818,2156,289279,1698,311950,125,23589,1445,114806,2505,267607,1568,382413,California
Fresno,2021-04-30,3527,628345,2120,291399,1353,313303,54,23643,1392,114135,2117,269724,1446,383859,California
Fresno,2021-05-01,2727,631072,2354,293753,290,313593,83,23726,765,113031,1951,271675,847,384706,California
Glenn,2020-12-17,1,1,1,1,0,0,0,0,1,1,0,0,1,1,California
Glenn,2020-12-19,1,2,1,2,0,0,0,0,1,2,0,0,1,2,California
Glenn,2020-12-20,1,3,1,3,0,0,0,0,1,3,0,0,1,3,California
Glenn,2020-12-21,11,14,11,14,0,0,0,0,11,14,0,0,11,14,California
Glenn,2020-12-22,59,73,59,73,0,0,0,0,59,73,0,0,59,73,California
Glenn,2020-12-23,27,100,27,100,0,0,0,0,27,100,0,0,27,100,California
Glenn,2020-12-24,9,109,9,109,0,0,0,0,9,109,0,0,9,109,California
Glenn,2020-12-26,2,111,2,111,0,0,0,0,2,111,0,0,2,111,California
Glenn,2020-12-27,4,115,4,115,0,0,0,0,4,115,0,0,4,115,California
Glenn,2020-12-28,21,136,21,136,0,0,0,0,21,136,0,0,21,136,California
Glenn,2020-12-29,82,218,82,218,0,0,0,0,82,218,0,0,82,218,California
Glenn,2020-12-30,128,346,106,324,22,22,0,0,128,346,0,0,128,346,California
Glenn,2020-12-31,38,384,9,333,29,51,0,0,38,384,0,0,38,384,California
Glenn,2021-01-02,2,386,2,335,0,51,0,0,2,386,0,0,2,386,California
Glenn,2021-01-04,7,393,5,340,2,53,0,0,7,393,0,0,7,393,California
Glenn,2021-01-05,9,402,8,348,1,54,0,0,9,402,0,0,9,402,California
Glenn,2021-01-06,60,462,8,356,52,106,0,0,60,462,0,0,60,462,California
Glenn,2021-01-07,67,529,12,368,55,161,0,0,65,525,2,2,65,527,California
Glenn,2021-01-08,12,541,9,377,3,164,0,0,12,537,0,2,12,539,California
Glenn,2021-01-10,1,542,1,378,0,164,0,0,0,536,1,3,0,539,California
Glenn,2021-01-11,30,572,30,408,0,164,0,0,12,530,18,21,12,551,California
Glenn,2021-01-12,42,614,37,445,5,169,0,0,14,516,28,49,14,565,California
Glenn,2021-01-13,153,767,88,533,65,234,0,0,109,581,44,93,109,674,California
Glenn,2021-01-14,185,952,96,629,89,323,0,0,175,746,10,103,175,849,California
Glenn,2021-01-15,42,994,34,663,8,331,0,0,37,778,5,108,37,886,California
Glenn,2021-01-16,34,1028,14,677,20,351,0,0,24,792,10,118,24,910,California
Glenn,2021-01-17,4,1032,2,679,2,353,0,0,2,792,2,120,2,912,California
Glenn,2021-01-18,17,1049,16,695,1,354,0,0,9,793,8,128,9,921,California
Glenn,2021-01-19,31,1080,20,715,11,365,0,0,14,790,17,145,14,935,California
Glenn,2021-01-20,163,1243,94,809,69,434,0,0,82,791,81,226,82,1017,California
Glenn,2021-01-21,124,1367,98,907,26,460,0,0,30,727,94,320,30,1047,California
Glenn,2021-01-22,337,1704,63,970,274,734,0,0,330,1050,7,327,330,1377,California
Glenn,2021-01-23,14,1718,7,977,7,741,0,0,12,1060,2,329,12,1389,California
Glenn,2021-01-24,2,1720,2,979,0,741,0,0,2,1062,0,329,2,1391,California
Glenn,2021-01-25,27,1747,9,988,18,759,0,0,24,1083,3,332,24,1415,California
Glenn,2021-01-26,29,1776,13,1001,16,775,0,0,23,1100,6,338,23,1438,California
Glenn,2021-01-27,187,1963,13,1014,174,949,0,0,166,1245,21,359,166,1604,California
Glenn,2021-01-28,146,2109,8,1022,138,1087,0,0,116,1331,30,389,116,1720,California
Glenn,2021-01-29,296,2405,12,1034,284,1371,0,0,282,1599,14,403,282,2002,California
Glenn,2021-01-30,4,2409,0,1034,4,1375,0,0,4,1603,0,403,4,2006,California
Glenn,2021-01-31,1,2410,0,1034,1,1376,0,0,1,1604,0,403,1,2007,California
Glenn,2021-02-01,28,2438,10,1044,18,1394,0,0,16,1608,12,415,16,2023,California
Glenn,2021-02-02,28,2466,13,1057,15,1409,0,0,19,1618,9,424,19,2042,California
Glenn,2021-02-03,207,2673,58,1115,149,1558,0,0,111,1634,96,520,112,2154,California
Glenn,2021-02-04,150,2823,84,1199,66,1624,0,0,45,1574,105,625,45,2199,California
Glenn,2021-02-05,319,3142,24,1223,295,1919,0,0,299,1853,20,645,299,2498,California
Glenn,2021-02-06,14,3156,2,1225,12,1931,0,0,13,1865,1,646,13,2511,California
Glenn,2021-02-07,2,3158,2,1227,0,1931,0,0,2,1867,0,646,2,2513,California
Glenn,2021-02-08,21,3179,17,1244,4,1935,0,0,4,1854,17,663,4,2517,California
Glenn,2021-02-09,49,3228,20,1264,29,1964,0,0,36,1877,13,676,36,2553,California
Glenn,2021-02-10,139,3367,19,1283,120,2084,0,0,65,1868,74,750,65,2618,California
Glenn,2021-02-11,232,3599,132,1415,100,2184,0,0,149,1934,83,833,149,2767,California
Glenn,2021-02-12,420,4019,99,1514,321,2505,0,0,356,2226,64,897,356,3123,California
Glenn,2021-02-13,34,4053,7,1521,27,2532,0,0,16,2224,18,915,16,3139,California
Glenn,2021-02-14,1,4054,0,1521,1,2533,0,0,1,2225,0,915,1,3140,California
Glenn,2021-02-15,8,4062,0,1521,8,2541,0,0,8,2233,0,915,8,3148,California
Glenn,2021-02-16,39,4101,9,1530,30,2571,0,0,21,2236,18,933,21,3169,California
Glenn,2021-02-17,380,4481,15,1545,365,2936,0,0,302,2460,78,1011,302,3471,California
Glenn,2021-02-18,135,4616,100,1645,35,2971,0,0,111,2547,24,1035,111,3582,California
Glenn,2021-02-19,303,4919,17,1662,286,3257,0,0,29,2302,274,1309,29,3611,California
Glenn,2021-02-20,8,4927,0,1662,8,3265,0,0,0,2294,8,1317,0,3611,California
Glenn,2021-02-22,33,4960,14,1676,19,3284,0,0,17,2295,16,1333,17,3628,California
Glenn,2021-02-23,40,5000,10,1686,30,3314,0,0,28,2311,12,1345,28,3656,California
Glenn,2021-02-24,221,5221,15,1701,206,3520,0,0,47,2184,174,1519,47,3703,California
Glenn,2021-02-25,262,5483,148,1849,114,3634,0,0,118,2158,144,1663,118,3821,California
Glenn,2021-02-26,304,5787,24,1873,280,3914,0,0,20,1895,283,1946,20,3841,California
Glenn,2021-02-27,15,5802,5,1878,10,3924,0,0,5,1891,9,1955,5,3846,California
Glenn,2021-02-28,6,5808,3,1881,3,3927,0,0,3,1892,2,1957,3,3849,California
Glenn,2021-03-01,28,5836,6,1887,22,3949,0,0,12,1888,16,1973,12,3861,California
Glenn,2021-03-02,35,5871,7,1894,28,3977,0,0,17,1887,18,1991,17,3878,California
Glenn,2021-03-03,192,6063,37,1931,155,4132,0,0,101,1899,89,2080,101,3979,California
Glenn,2021-03-04,521,6584,176,2107,345,4477,0,0,376,2130,145,2225,376,4355,California
Glenn,2021-03-05,356,6940,48,2155,308,4785,0,0,35,1844,321,2546,35,4390,California
Glenn,2021-03-06,26,6966,3,2158,22,4807,1,1,9,1837,17,2563,10,4400,California
Glenn,2021-03-07,5,6971,0,2158,5,4812,0,1,3,1839,1,2564,3,4403,California
Glenn,2021-03-08,20,6991,2,2160,17,4829,1,2,18,1856,2,2566,19,4422,California
Glenn,2021-03-09,82,7073,11,2171,68,4897,3,5,54,1884,28,2594,56,4478,California
Glenn,2021-03-10,172,7245,68,2239,102,4999,2,7,95,1904,77,2671,97,4575,California
Glenn,2021-03-11,584,7829,170,2409,391,5390,23,30,454,2251,130,2801,477,5052,California
Glenn,2021-03-12,417,8246,14,2423,342,5732,61,91,41,1977,376,3177,102,5154,California
Glenn,2021-03-13,12,8258,1,2424,3,5735,8,99,1,1975,11,3188,9,5163,California
Glenn,2021-03-14,3,8261,1,2425,2,5737,0,99,2,1976,1,3189,2,5165,California
Glenn,2021-03-15,75,8336,15,2440,55,5792,5,104,60,2026,15,3204,65,5230,California
Glenn,2021-03-16,106,8442,33,2473,62,5854,11,115,65,2061,41,3245,76,5306,California
Glenn,2021-03-17,417,8859,97,2570,313,6167,7,122,116,1881,301,3546,121,5427,California
Glenn,2021-03-18,520,9379,214,2784,50,6217,256,378,145,1906,375,3921,400,5827,California
Glenn,2021-03-19,91,9470,16,2800,69,6286,6,384,70,1962,20,3941,76,5903,California
Glenn,2021-03-20,121,9591,1,2801,119,6405,1,385,119,2080,2,3943,120,6023,California
Glenn,2021-03-21,6,9597,5,2806,0,6405,1,386,3,2082,2,3945,4,6027,California
Glenn,2021-03-22,116,9713,53,2859,55,6460,8,394,96,2168,18,3963,104,6131,California
Glenn,2021-03-23,173,9886,66,2925,56,6516,51,445,100,2247,72,4035,151,6282,California
Glenn,2021-03-24,204,10090,99,3024,100,6616,5,450,132,2313,71,4106,137,6419,California
Glenn,2021-03-25,455,10545,226,3250,135,6751,94,544,326,2605,128,4234,420,6839,California
Glenn,2021-03-26,227,10772,35,3285,156,6907,36,580,176,2766,51,4285,212,7051,California
Glenn,2021-03-27,150,10922,21,3306,124,7031,5,585,140,2901,10,4295,145,7196,California
Glenn,2021-03-28,15,10937,10,3316,5,7036,0,585,10,2906,5,4300,10,7206,California
Glenn,2021-03-29,59,10996,19,3335,37,7073,3,588,45,2940,14,4314,48,7254,California
Glenn,2021-03-30,73,11069,41,3376,31,7104,1,589,42,2954,29,4343,43,7297,California
Glenn,2021-03-31,125,11194,35,3411,89,7193,1,590,54,2939,70,4413,55,7352,California
Glenn,2021-04-01,638,11832,183,3594,446,7639,9,599,227,2766,409,4822,236,7588,California
Glenn,2021-04-02,158,11990,25,3619,121,7760,12,611,122,2864,36,4858,134,7722,California
Glenn,2021-04-03,91,12081,4,3623,80,7840,7,618,80,2940,11,4869,87,7809,California
Glenn,2021-04-04,8,12089,3,3626,3,7843,2,620,4,2942,4,4873,6,7815,California
Glenn,2021-04-05,65,12154,25,3651,27,7870,13,633,28,2946,37,4910,41,7856,California
Glenn,2021-04-06,144,12298,52,3703,53,7923,39,672,38,2917,105,5015,76,7932,California
Glenn,2021-04-07,158,12456,46,3749,58,7981,54,726,72,2957,86,5101,126,8058,California
Glenn,2021-04-08,639,13095,189,3938,416,8397,34,760,138,2630,499,5600,172,8230,California
Glenn,2021-04-09,158,13253,58,3996,84,8481,16,776,101,2690,57,5657,117,8347,California
Glenn,2021-04-10,75,13328,1,3997,63,8544,11,787,63,2752,12,5669,74,8421,California
Glenn,2021-04-11,17,13345,8,4005,4,8548,5,792,7,2754,10,5679,12,8433,California
Glenn,2021-04-12,113,13458,24,4029,60,8608,29,821,19,2708,94,5773,48,8481,California
Glenn,2021-04-13,118,13576,63,4092,55,8663,0,821,32,2655,85,5858,32,8513,California
Glenn,2021-04-14,121,13697,46,4138,75,8738,0,821,67,2668,54,5912,67,8580,California
Glenn,2021-04-15,361,14058,275,4413,86,8824,0,821,125,2557,236,6148,125,8705,California
Glenn,2021-04-16,164,14222,40,4453,124,8948,0,821,81,2555,83,6231,81,8786,California
Glenn,2021-04-17,163,14385,16,4469,147,9095,0,821,35,2468,122,6353,35,8821,California
Glenn,2021-04-18,16,14401,3,4472,13,9108,0,821,13,2478,3,6356,13,8834,California
Glenn,2021-04-19,82,14483,17,4489,65,9173,0,821,27,2451,54,6410,27,8861,California
Glenn,2021-04-20,126,14609,81,4570,45,9218,0,821,57,2439,69,6479,57,8918,California
Glenn,2021-04-21,408,15017,305,4875,103,9321,0,821,282,2595,126,6605,282,9200,California
Glenn,2021-04-22,205,15222,45,4920,160,9481,0,821,43,2477,161,6766,43,9243,California
Glenn,2021-04-23,166,15388,24,4944,142,9623,0,821,46,2404,119,6885,46,9289,California
Glenn,2021-04-24,179,15567,32,4976,147,9770,0,821,44,2313,135,7020,44,9333,California
Glenn,2021-04-25,28,15595,16,4992,12,9782,0,821,21,2327,7,7027,21,9354,California
Glenn,2021-04-26,44,15639,9,5001,35,9817,0,821,18,2319,26,7053,18,9372,California
Glenn,2021-04-27,52,15691,39,5040,8,9825,5,826,24,2320,27,7080,28,9400,California
Glenn,2021-04-28,245,15936,168,5208,66,9891,11,837,124,2334,121,7201,135,9535,California
Glenn,2021-04-29,149,16085,12,5220,136,10027,1,838,37,2260,112,7313,38,9573,California
Glenn,2021-04-30,130,16215,15,5235,115,10142,0,838,38,2206,92,7405,38,9611,California
Glenn,2021-05-01,96,16311,2,5237,93,10235,1,839,22,2155,74,7479,23,9634,California
Humboldt,2020-12-15,2,2,2,2,0,0,0,0,2,2,0,0,2,2,California
Humboldt,2020-12-16,15,17,15,17,0,0,0,0,15,17,0,0,15,17,California
Humboldt,2020-12-17,117,134,117,134,0,0,0,0,117,134,0,0,117,134,California
Humboldt,2020-12-18,176,310,176,310,0,0,0,0,176,310,0,0,176,310,California
Humboldt,2020-12-19,10,320,10,320,0,0,0,0,10,320,0,0,10,320,California
Humboldt,2020-12-20,28,348,28,348,0,0,0,0,28,348,0,0,28,348,California
Humboldt,2020-12-21,165,513,165,513,0,0,0,0,165,513,0,0,165,513,California
Humboldt,2020-12-22,296,809,296,809,0,0,0,0,296,809,0,0,296,809,California
Humboldt,2020-12-23,310,1119,262,1071,48,48,0,0,311,1120,0,0,311,1120,California
Humboldt,2020-12-24,25,1144,2,1073,23,71,0,0,25,1145,0,0,25,1145,California
Humboldt,2020-12-25,2,1146,2,1075,0,71,0,0,2,1147,0,0,2,1147,California
Humboldt,2020-12-26,6,1152,5,1080,1,72,0,0,6,1153,0,0,6,1153,California
Humboldt,2020-12-28,156,1308,145,1225,11,83,0,0,156,1309,0,0,156,1309,California
Humboldt,2020-12-29,167,1475,124,1349,43,126,0,0,167,1476,0,0,167,1476,California
Humboldt,2020-12-30,223,1698,124,1473,99,225,0,0,223,1699,0,0,223,1699,California
Humboldt,2020-12-31,242,1940,79,1552,163,388,0,0,242,1941,0,0,242,1941,California
Humboldt,2021-01-01,2,1942,1,1553,1,389,0,0,2,1943,0,0,2,1943,California
Humboldt,2021-01-02,38,1980,1,1554,37,426,0,0,38,1981,0,0,38,1981,California
Humboldt,2021-01-04,217,2197,142,1696,75,501,0,0,218,2199,0,0,218,2199,California
Humboldt,2021-01-05,128,2325,18,1714,110,611,0,0,127,2325,1,1,127,2326,California
Humboldt,2021-01-06,301,2626,203,1917,98,709,0,0,229,2493,61,62,229,2555,California
Humboldt,2021-01-07,417,3043,305,2222,112,821,0,0,304,2699,98,160,304,2859,California
Humboldt,2021-01-08,418,3461,279,2501,139,960,0,0,283,2851,131,291,283,3142,California
Humboldt,2021-01-09,69,3530,45,2546,24,984,0,0,66,2915,3,294,67,3209,California
Humboldt,2021-01-10,84,3614,84,2630,0,984,0,0,4,2839,80,374,4,3213,California
Humboldt,2021-01-11,288,3902,277,2907,11,995,0,0,72,2699,212,586,72,3285,California
Humboldt,2021-01-12,482,4384,319,3226,163,1158,0,0,298,2835,162,748,298,3583,California
Humboldt,2021-01-13,481,4865,275,3501,206,1364,0,0,304,2966,174,922,305,3888,California
Humboldt,2021-01-14,521,5386,164,3665,357,1721,0,0,465,3376,56,978,466,4354,California
Humboldt,2021-01-15,374,5760,39,3704,335,2056,0,0,357,3716,17,995,357,4711,California
Humboldt,2021-01-16,170,5930,6,3710,164,2220,0,0,169,3884,1,996,169,4880,California
Humboldt,2021-01-17,6,5936,4,3714,2,2222,0,0,6,3890,0,996,6,4886,California
Humboldt,2021-01-18,293,6229,258,3972,35,2257,0,0,143,3883,150,1146,143,5029,California
Humboldt,2021-01-19,625,6854,372,4344,253,2510,0,0,498,4260,121,1267,498,5527,California
Humboldt,2021-01-20,913,7767,403,4747,510,3020,0,0,765,4888,139,1406,767,6294,California
Humboldt,2021-01-21,957,8724,260,5007,697,3717,0,0,916,5763,41,1447,916,7210,California
Humboldt,2021-01-22,675,9399,376,5383,299,4016,0,0,667,6422,8,1455,667,7877,California
Humboldt,2021-01-23,801,10200,272,5655,529,4545,0,0,792,7206,9,1464,793,8670,California
Humboldt,2021-01-24,226,10426,1,5656,225,4770,0,0,225,7430,1,1465,225,8895,California
Humboldt,2021-01-25,303,10729,232,5888,71,4841,0,0,149,7425,154,1619,149,9044,California
Humboldt,2021-01-26,526,11255,141,6029,385,5226,0,0,478,7855,48,1667,478,9522,California
Humboldt,2021-01-27,1260,12515,587,6616,673,5899,0,0,1195,8993,58,1725,1196,10718,California
Humboldt,2021-01-28,1455,13970,633,7249,822,6721,0,0,1320,10183,132,1857,1322,12040,California
Humboldt,2021-01-29,1132,15102,546,7795,586,7307,0,0,712,10476,420,2277,713,12753,California
Humboldt,2021-01-30,974,16076,458,8253,516,7823,0,0,962,11427,12,2289,963,13716,California
Humboldt,2021-01-31,311,16387,310,8563,1,7824,0,0,310,11736,1,2290,310,14026,California
Humboldt,2021-02-01,333,16720,192,8755,141,7965,0,0,189,11782,143,2433,189,14215,California
Humboldt,2021-02-02,443,17163,74,8829,369,8334,0,0,339,12022,101,2534,341,14556,California
Humboldt,2021-02-03,656,17819,259,9088,397,8731,0,0,506,12378,150,2684,506,15062,California
Humboldt,2021-02-04,638,18457,262,9350,376,9107,0,0,441,12625,194,2878,441,15503,California
Humboldt,2021-02-05,811,19268,94,9444,717,9824,0,0,625,13064,186,3064,625,16128,California
Humboldt,2021-02-06,1055,20323,444,9888,611,10435,0,0,1014,14039,40,3104,1015,17143,California
Humboldt,2021-02-07,379,20702,9,9897,370,10805,0,0,374,14410,4,3108,375,17518,California
Humboldt,2021-02-08,325,21027,142,10039,183,10988,0,0,184,14454,140,3248,184,17702,California
Humboldt,2021-02-09,493,21520,219,10258,274,11262,0,0,179,14319,314,3562,179,17881,California
Humboldt,2021-02-10,563,22083,370,10628,193,11455,0,0,232,14225,326,3888,232,18113,California
Humboldt,2021-02-11,1293,23376,392,11020,901,12356,0,0,508,13951,782,4670,508,18621,California
Humboldt,2021-02-12,1146,24522,735,11755,411,12767,0,0,706,14217,440,5110,706,19327,California
Humboldt,2021-02-13,1501,26023,553,12308,948,13715,0,0,912,14542,587,5697,912,20239,California
Humboldt,2021-02-14,112,26135,5,12313,107,13822,0,0,109,14649,2,5699,109,20348,California
Humboldt,2021-02-15,292,26427,78,12391,214,14036,0,0,195,14747,97,5796,195,20543,California
Humboldt,2021-02-16,533,26960,117,12508,416,14452,0,0,252,14719,281,6077,253,20796,California
Humboldt,2021-02-17,452,27412,280,12788,172,14624,0,0,137,14541,315,6392,137,20933,California
Humboldt,2021-02-18,968,28380,596,13384,372,14996,0,0,229,14032,738,7130,229,21162,California
Humboldt,2021-02-19,476,28856,434,13818,42,15038,0,0,89,13737,384,7514,89,21251,California
Humboldt,2021-02-20,1585,30441,979,14797,606,15644,0,0,474,13105,1108,8622,476,21727,California
Humboldt,2021-02-21,479,30920,471,15268,8,15652,0,0,184,12995,295,8917,185,21912,California
Humboldt,2021-02-22,126,31046,92,15360,34,15686,0,0,27,12925,97,9014,27,21939,California
Humboldt,2021-02-23,173,31219,70,15430,103,15789,0,0,40,12834,131,9145,40,21979,California
Humboldt,2021-02-24,1162,32381,703,16133,459,16248,0,0,584,12841,577,9722,584,22563,California
Humboldt,2021-02-25,831,33212,316,16449,515,16763,0,0,228,12468,601,10323,228,22791,California
Humboldt,2021-02-26,2142,35354,106,16555,2036,18799,0,0,453,11239,1683,12006,454,23245,California
Humboldt,2021-02-27,1692,37046,1074,17629,618,19417,0,0,870,11293,820,12826,874,24119,California
Humboldt,2021-02-28,122,37168,11,17640,111,19528,0,0,117,11405,5,12831,117,24236,California
Humboldt,2021-03-01,258,37426,47,17687,211,19739,0,0,183,11513,75,12906,183,24419,California
Humboldt,2021-03-02,286,37712,48,17735,238,19977,0,0,156,11539,130,13036,156,24575,California
Humboldt,2021-03-03,1649,39361,1096,18831,553,20530,0,0,1220,12337,423,13459,1221,25796,California
Humboldt,2021-03-04,886,40247,111,18942,775,21305,0,0,268,11989,618,14077,270,26066,California
Humboldt,2021-03-05,935,41182,184,19126,740,22045,11,11,378,11825,553,14630,389,26455,California
Humboldt,2021-03-06,1693,42875,837,19963,807,22852,49,60,710,11602,982,15612,759,27214,California
Humboldt,2021-03-07,363,43238,295,20258,50,22902,18,78,158,11573,205,15817,176,27390,California
Humboldt,2021-03-08,257,43495,6,20264,173,23075,78,156,163,11720,94,15911,241,27631,California
Humboldt,2021-03-09,459,43954,201,20465,113,23188,145,301,215,11838,242,16153,360,27991,California
Humboldt,2021-03-10,681,44635,466,20931,62,23250,153,454,412,12133,268,16421,563,28554,California
Humboldt,2021-03-11,1432,46067,461,21392,872,24122,99,553,616,12033,814,17235,714,29268,California
Humboldt,2021-03-12,1739,47806,1083,22475,435,24557,221,774,1047,12620,684,17919,1271,30539,California
Humboldt,2021-03-13,1569,49375,1021,23496,496,25053,52,826,679,12467,884,18803,731,31270,California
Humboldt,2021-03-14,142,49517,18,23514,115,25168,9,835,28,12390,114,18917,37,31307,California
Humboldt,2021-03-15,267,49784,51,23565,196,25364,20,855,51,12245,216,19133,71,31378,California
Humboldt,2021-03-16,632,50416,200,23765,172,25536,260,1115,258,12388,373,19506,516,31894,California
Humboldt,2021-03-17,728,51144,397,24162,223,25759,108,1223,335,12439,392,19898,443,32337,California
Humboldt,2021-03-18,1730,52874,1165,25327,522,26281,43,1266,1037,12831,688,20586,1080,33417,California
Humboldt,2021-03-19,1074,53948,58,25385,702,26983,314,1580,441,12956,630,21216,755,34172,California
Humboldt,2021-03-20,1375,55323,751,26136,611,27594,13,1593,428,12453,945,22161,442,34614,California
Humboldt,2021-03-21,247,55570,33,26169,185,27779,29,1622,200,12635,47,22208,229,34843,California
Humboldt,2021-03-22,111,55681,14,26183,47,27826,50,1672,55,12685,55,22263,105,34948,California
Humboldt,2021-03-23,408,56089,40,26223,325,28151,43,1715,318,12958,88,22351,361,35309,California
Humboldt,2021-03-24,1416,57505,389,26612,979,29130,48,1763,1039,13674,369,22720,1085,36394,California
Humboldt,2021-03-25,1829,59334,1204,27816,563,29693,62,1825,944,13797,883,23603,1006,37400,California
Humboldt,2021-03-26,2033,61367,438,28254,1539,31232,56,1881,1592,15008,436,24039,1647,39047,California
Humboldt,2021-03-27,1930,63297,1438,29692,324,31556,168,2049,1064,15378,862,24901,1232,40279,California
Humboldt,2021-03-28,267,63564,81,29773,115,31671,71,2120,85,15353,182,25083,157,40436,California
Humboldt,2021-03-29,465,64029,124,29897,246,31917,95,2215,197,15377,267,25350,291,40727,California
Humboldt,2021-03-30,935,64964,303,30200,519,32436,113,2328,562,15682,369,25719,674,41401,California
Humboldt,2021-03-31,1848,66812,518,30718,1234,33670,96,2424,1396,16728,448,26167,1494,42895,California
Humboldt,2021-04-01,2095,68907,702,31420,1303,34973,90,2514,1482,17694,606,26773,1572,44467,California
Humboldt,2021-04-02,1688,70595,1097,32517,487,35460,104,2618,599,17314,1083,27856,703,45170,California
Humboldt,2021-04-03,1651,72246,1494,34011,141,35601,16,2634,659,17007,982,28838,675,45845,California
Humboldt,2021-04-04,476,72722,366,34377,101,35702,9,2643,402,17345,74,28912,412,46257,California
Humboldt,2021-04-05,755,73477,454,34831,253,35955,48,2691,436,17512,317,29229,484,46741,California
Humboldt,2021-04-06,817,74294,317,35148,366,36321,134,2825,582,17997,229,29458,714,47455,California
Humboldt,2021-04-07,1475,75769,1054,36202,283,36604,138,2963,982,18626,491,29949,1120,48575,California
Humboldt,2021-04-08,1697,77466,1081,37283,474,37078,142,3105,727,18526,969,30918,869,49444,California
Humboldt,2021-04-09,1415,78881,438,37721,825,37903,152,3257,1141,19538,274,31192,1286,50730,California
Humboldt,2021-04-10,924,79805,134,37855,616,38519,174,3431,728,20244,195,31387,901,51631,California
Humboldt,2021-04-11,635,80440,136,37991,33,38552,466,3897,125,20324,510,31897,590,52221,California
Humboldt,2021-04-12,421,80861,224,38215,75,38627,122,4019,276,20576,145,32042,397,52618,California
Humboldt,2021-04-13,579,81440,320,38535,256,38883,3,4022,545,21092,31,32073,547,53165,California
Humboldt,2021-04-14,1411,82851,1032,39567,379,39262,0,4022,1311,22304,99,32172,1311,54476,California
Humboldt,2021-04-15,1795,84646,1192,40759,599,39861,4,4026,1237,23003,540,32712,1239,55715,California
Humboldt,2021-04-16,1120,85766,514,41273,606,40467,0,4026,537,22960,580,33292,537,56252,California
Humboldt,2021-04-17,1593,87359,1272,42545,321,40788,0,4026,1011,23395,576,33868,1011,57263,California
Humboldt,2021-04-18,473,87832,340,42885,133,40921,0,4026,92,23110,377,34245,92,57355,California
Humboldt,2021-04-19,184,88016,83,42968,101,41022,0,4026,72,23072,110,34355,72,57427,California
Humboldt,2021-04-20,474,88490,133,43101,341,41363,0,4026,233,23065,240,34595,233,57660,California
Humboldt,2021-04-21,1069,89559,373,43474,696,42059,0,4026,422,22851,637,35232,423,58083,California
Humboldt,2021-04-22,850,90409,498,43972,350,42409,2,4028,429,22861,419,35651,429,58512,California
Humboldt,2021-04-23,2130,92539,292,44264,1838,44247,0,4028,302,21339,1824,37475,302,58814,California
Humboldt,2021-04-24,1004,93543,874,45138,125,44372,5,4033,350,21042,652,38127,355,59169,California
Humboldt,2021-04-25,373,93916,240,45378,133,44505,0,4033,195,21061,176,38303,195,59364,California
Humboldt,2021-04-26,264,94180,187,45565,74,44579,3,4036,79,20958,183,38486,80,59444,California
Humboldt,2021-04-27,624,94804,182,45747,424,45003,18,4054,126,20606,496,38982,144,59588,California
Humboldt,2021-04-28,1406,96210,721,46468,642,45645,43,4097,351,19947,1053,40035,394,59982,California
Humboldt,2021-04-29,1407,97617,413,46881,968,46613,26,4123,211,18991,1193,41228,237,60219,California
Humboldt,2021-04-30,840,98457,148,47029,688,47301,4,4127,129,18416,708,41936,133,60352,California
Humboldt,2021-05-01,294,98751,280,47309,13,47314,1,4128,257,18639,35,41971,258,60610,California
Imperial,2020-12-16,1,1,1,1,0,0,0,0,1,1,0,0,1,1,California
Imperial,2020-12-17,4,5,4,5,0,0,0,0,4,5,0,0,4,5,California
Imperial,2020-12-18,11,16,11,16,0,0,0,0,11,16,0,0,11,16,California
Imperial,2020-12-20,2,18,2,18,0,0,0,0,2,18,0,0,2,18,California
Imperial,2020-12-21,186,204,186,204,0,0,0,0,186,204,0,0,186,204,California
Imperial,2020-12-22,241,445,239,443,2,2,0,0,241,445,0,0,241,445,California
Imperial,2020-12-23,210,655,209,652,1,3,0,0,209,654,0,0,209,654,California
Imperial,2020-12-24,5,660,5,657,0,3,0,0,5,659,0,0,5,659,California
Imperial,2020-12-26,1,661,0,657,1,4,0,0,1,660,0,0,1,660,California
Imperial,2020-12-27,62,723,0,657,62,66,0,0,62,722,0,0,62,722,California
Imperial,2020-12-28,214,937,114,771,100,166,0,0,214,936,0,0,214,936,California
Imperial,2020-12-29,189,1126,36,807,153,319,0,0,189,1125,0,0,189,1125,California
Imperial,2020-12-30,366,1492,50,857,316,635,0,0,366,1491,0,0,366,1491,California
Imperial,2020-12-31,197,1689,26,883,171,806,0,0,197,1688,0,0,197,1688,California
Imperial,2021-01-01,46,1735,5,888,41,847,0,0,46,1734,0,0,46,1734,California
Imperial,2021-01-02,4,1739,0,888,4,851,0,0,4,1738,0,0,4,1738,California
Imperial,2021-01-03,90,1829,0,888,90,941,0,0,90,1828,0,0,90,1828,California
Imperial,2021-01-04,85,1914,5,893,80,1021,0,0,85,1913,0,0,85,1913,California
Imperial,2021-01-05,172,2086,13,906,159,1180,0,0,172,2085,0,0,172,2085,California
Imperial,2021-01-06,190,2276,25,931,165,1345,0,0,189,2273,1,1,189,2274,California
Imperial,2021-01-07,319,2595,9,940,310,1655,0,0,316,2586,3,4,316,2590,California
Imperial,2021-01-08,190,2785,50,990,140,1795,0,0,181,2758,9,13,181,2771,California
Imperial,2021-01-09,24,2809,21,1011,3,1798,0,0,24,2782,0,13,24,2795,California
Imperial,2021-01-10,1,2810,0,1011,1,1799,0,0,1,2783,0,13,1,2796,California
Imperial,2021-01-11,403,3213,244,1255,159,1958,0,0,175,2730,228,241,175,2971,California
Imperial,2021-01-12,404,3617,302,1557,102,2060,0,0,142,2611,261,502,142,3113,California
Imperial,2021-01-13,379,3996,132,1689,247,2307,0,0,280,2792,99,601,280,3393,California
Imperial,2021-01-14,260,4256,151,1840,109,2416,0,0,254,3041,5,606,254,3647,California
Imperial,2021-01-15,240,4496,182,2022,58,2474,0,0,233,3267,7,613,233,3880,California
Imperial,2021-01-16,77,4573,73,2095,4,2478,0,0,76,3342,1,614,76,3956,California
Imperial,2021-01-17,10,4583,2,2097,8,2486,0,0,10,3352,0,614,10,3966,California
Imperial,2021-01-18,1055,5638,400,2497,655,3141,0,0,957,4212,98,712,958,4924,California
Imperial,2021-01-19,165,5803,129,2626,36,3177,0,0,118,4283,47,759,118,5042,California
Imperial,2021-01-20,292,6095,195,2821,97,3274,0,0,254,4499,38,797,254,5296,California
Imperial,2021-01-21,415,6510,183,3004,232,3506,0,0,395,4874,20,817,395,5691,California
Imperial,2021-01-22,457,6967,189,3193,268,3774,0,0,448,5313,9,826,448,6139,California
Imperial,2021-01-23,1041,8008,290,3483,751,4525,0,0,1040,6352,1,827,1040,7179,California
Imperial,2021-01-24,11,8019,4,3487,7,4532,0,0,11,6363,0,827,11,7190,California
Imperial,2021-01-25,213,8232,5,3492,208,4740,0,0,34,6219,178,1005,34,7224,California
Imperial,2021-01-26,360,8592,185,3677,175,4915,0,0,217,6293,143,1148,217,7441,California
Imperial,2021-01-27,570,9162,162,3839,408,5323,0,0,237,6197,333,1481,237,7678,California
Imperial,2021-01-28,632,9794,159,3998,473,5796,0,0,525,6615,107,1588,525,8203,California
Imperial,2021-01-29,423,10217,296,4294,127,5923,0,0,373,6938,50,1638,373,8576,California
Imperial,2021-01-30,56,10273,31,4325,25,5948,0,0,39,6960,17,1655,39,8615,California
Imperial,2021-01-31,17,10290,7,4332,10,5958,0,0,16,6975,1,1656,16,8631,California
Imperial,2021-02-01,419,10709,53,4385,366,6324,0,0,208,6974,209,1865,208,8839,California
Imperial,2021-02-02,680,11389,54,4439,626,6950,0,0,499,7292,181,2046,499,9338,California
Imperial,2021-02-03,457,11846,48,4487,409,7359,0,0,264,7364,192,2238,264,9602,California
Imperial,2021-02-04,1720,13566,1200,5687,520,7879,0,0,1406,8458,312,2550,1406,11008,California
Imperial,2021-02-05,388,13954,240,5927,148,8027,0,0,152,8376,234,2784,152,11160,California
Imperial,2021-02-06,861,14815,838,6765,23,8050,0,0,824,9164,36,2820,824,11984,California
Imperial,2021-02-07,21,14836,9,6774,12,8062,0,0,20,9183,1,2821,20,12004,California
Imperial,2021-02-08,250,15086,42,6816,208,8270,0,0,182,9297,68,2889,182,12186,California
Imperial,2021-02-09,462,15548,146,6962,316,8586,0,0,304,9443,158,3047,304,12490,California
Imperial,2021-02-10,384,15932,56,7018,328,8914,0,0,94,9248,290,3337,95,12585,California
Imperial,2021-02-11,463,16395,259,7277,204,9118,0,0,89,8963,374,3711,89,12674,California
Imperial,2021-02-12,2129,18524,1411,8688,718,9836,0,0,1777,10389,351,4062,1777,14451,California
Imperial,2021-02-13,42,18566,18,8706,24,9860,0,0,34,10416,8,4070,35,14486,California
Imperial,2021-02-14,24,18590,12,8718,12,9872,0,0,21,10434,3,4073,21,14507,California
Imperial,2021-02-15,30,18620,10,8728,20,9892,0,0,23,10450,7,4080,23,14530,California
Imperial,2021-02-16,515,19135,267,8995,248,10140,0,0,293,10521,222,4302,293,14823,California
Imperial,2021-02-17,439,19574,285,9280,154,10294,0,0,83,10248,356,4658,83,14906,California
Imperial,2021-02-18,646,20220,308,9588,338,10632,0,0,140,9884,504,5162,140,15046,California
Imperial,2021-02-19,766,20986,381,9969,385,11017,0,0,192,9503,573,5735,192,15238,California
Imperial,2021-02-20,1039,22025,191,10160,848,11865,0,0,325,9117,713,6448,327,15565,California
Imperial,2021-02-21,588,22613,554,10714,34,11899,0,0,577,9684,10,6458,577,16142,California
Imperial,2021-02-22,809,23422,569,11283,240,12139,0,0,759,10393,50,6508,759,16901,California
Imperial,2021-02-23,957,24379,392,11675,565,12704,0,0,905,11246,52,6560,905,17806,California
Imperial,2021-02-24,699,25078,284,11959,415,13119,0,0,602,11752,96,6656,602,18408,California
Imperial,2021-02-25,815,25893,337,12296,478,13597,0,0,449,11841,365,7021,454,18862,California
Imperial,2021-02-26,1744,27637,1351,13647,393,13990,0,0,1569,13238,173,7194,1570,20432,California
Imperial,2021-02-27,859,28496,810,14457,49,14039,0,0,121,12622,738,7932,122,20554,California
Imperial,2021-02-28,30,28526,20,14477,10,14049,0,0,20,12632,10,7942,20,20574,California
Imperial,2021-03-01,493,29019,294,14771,198,14247,1,1,428,12999,63,8005,430,21004,California
Imperial,2021-03-02,673,29692,246,15017,427,14674,0,1,384,13096,289,8294,386,21390,California
Imperial,2021-03-03,925,30617,47,15064,877,15551,1,2,556,13298,366,8660,568,21958,California
Imperial,2021-03-04,746,31363,76,15140,669,16220,1,3,485,13554,259,8919,515,22473,California
Imperial,2021-03-05,2570,33933,1937,17077,633,16853,0,3,1245,13479,1322,10241,1247,23720,California
Imperial,2021-03-06,689,34622,237,17314,452,17305,0,3,648,14093,38,10279,652,24372,California
Imperial,2021-03-07,73,34695,40,17354,33,17338,0,3,53,14127,20,10299,54,24426,California
Imperial,2021-03-08,413,35108,330,17684,48,17386,35,38,361,14471,52,10351,396,24822,California
Imperial,2021-03-09,681,35789,310,17994,125,17511,246,284,397,14830,284,10635,643,25465,California
Imperial,2021-03-10,682,36471,312,18306,267,17778,103,387,319,14891,362,10997,423,25888,California
Imperial,2021-03-11,1787,38258,478,18784,1117,18895,192,579,1186,15680,600,11597,1389,27277,California
Imperial,2021-03-12,3700,41958,2539,21323,976,19871,185,764,2102,16372,1596,13193,2288,29565,California
Imperial,2021-03-13,1141,43099,90,21413,828,20699,223,987,855,17169,284,13477,1081,30646,California
Imperial,2021-03-14,169,43268,31,21444,126,20825,12,999,139,17291,30,13507,152,30798,California
Imperial,2021-03-15,670,43938,214,21658,198,21023,258,1257,374,17629,294,13801,632,31430,California
Imperial,2021-03-16,1070,45008,276,21934,341,21364,453,1710,533,18080,535,14336,986,32416,California
Imperial,2021-03-17,1572,46580,691,22625,744,22108,137,1847,994,18637,575,14911,1132,33548,California
Imperial,2021-03-18,1779,48359,1175,23800,544,22652,60,1907,1251,19424,526,15437,1313,34861,California
Imperial,2021-03-19,3337,51696,2446,26246,887,23539,4,1911,1500,19100,1829,17266,1505,36366,California
Imperial,2021-03-20,866,52562,551,26797,310,23849,5,1916,421,19091,441,17707,432,36798,California
Imperial,2021-03-21,217,52779,35,26832,178,24027,4,1920,159,19200,58,17765,167,36965,California
Imperial,2021-03-22,1046,53825,339,27171,700,24727,7,1927,623,19409,422,18187,631,37596,California
Imperial,2021-03-23,1389,55214,411,27582,971,25698,7,1934,889,19810,497,18684,898,38494,California
Imperial,2021-03-24,1870,57084,542,28124,901,26599,427,2361,900,20168,968,19652,1326,39820,California
Imperial,2021-03-25,2887,59971,505,28629,883,27482,1499,3860,1015,20809,1868,21520,2509,42329,California
Imperial,2021-03-26,2482,62453,877,29506,734,28216,871,4731,773,20752,1702,23222,1645,43974,California
Imperial,2021-03-27,578,63031,265,29771,261,28477,52,4783,418,21065,157,23379,470,44444,California
Imperial,2021-03-28,209,63240,51,29822,156,28633,2,4785,172,21203,36,23415,174,44618,California
Imperial,2021-03-29,1210,64450,346,30168,390,29023,474,5259,314,21098,894,24309,789,45407,California
Imperial,2021-03-30,1817,66267,675,30843,591,29614,551,5810,674,21181,1143,25452,1226,46633,California
Imperial,2021-03-31,1525,67792,714,31557,806,30420,5,5815,1008,21678,515,25967,1012,47645,California
Imperial,2021-04-01,1877,69669,464,32021,1171,31591,242,6057,815,21678,1056,27023,1056,48701,California
Imperial,2021-04-02,1261,70930,448,32469,739,32330,74,6131,746,21984,513,27536,819,49520,California
Imperial,2021-04-03,1494,72424,406,32875,1009,33339,79,6210,687,21947,803,28339,766,50286,California
Imperial,2021-04-04,84,72508,40,32915,28,33367,16,6226,25,21929,59,28398,41,50327,California
Imperial,2021-04-05,2109,74617,1279,34194,763,34130,67,6293,401,20697,1701,30099,469,50796,California
Imperial,2021-04-06,1289,75906,526,34720,574,34704,189,6482,678,20957,608,30707,868,51664,California
Imperial,2021-04-07,2147,78053,549,35269,1222,35926,376,6858,1537,22264,606,31313,1913,53577,California
Imperial,2021-04-08,2183,80236,1068,36337,821,36747,294,7152,1075,22527,1105,32418,1368,54945,California
Imperial,2021-04-09,2140,82376,632,36969,892,37639,616,7768,830,22667,1306,33724,1446,56391,California
Imperial,2021-04-10,1275,83651,183,37152,821,38460,271,8039,214,22091,1059,34783,483,56874,California
Imperial,2021-04-11,216,83867,29,37181,155,38615,32,8071,74,22055,142,34925,106,56980,California
Imperial,2021-04-12,1396,85263,761,37942,429,39044,206,8277,792,22456,600,35525,1001,57981,California
Imperial,2021-04-13,2259,87522,1441,39383,816,39860,2,8279,1580,23363,675,36200,1582,59563,California
Imperial,2021-04-14,1992,89514,940,40323,1052,40912,0,8279,1411,24199,576,36776,1412,60975,California
Imperial,2021-04-15,1920,91434,878,41201,1042,41954,0,8279,1341,24965,576,37352,1342,62317,California
Imperial,2021-04-16,2150,93584,1075,42276,1075,43029,0,8279,1271,25361,875,38227,1271,63588,California
Imperial,2021-04-17,1746,95330,875,43151,869,43898,2,8281,1380,26382,362,38589,1383,64971,California
Imperial,2021-04-18,250,95580,69,43220,181,44079,0,8281,90,26313,159,38748,90,65061,California
Imperial,2021-04-19,798,96378,250,43470,548,44627,0,8281,460,26440,337,39085,464,65525,California
Imperial,2021-04-20,1277,97655,513,43983,764,45391,0,8281,751,26668,523,39608,751,66276,California
Imperial,2021-04-21,1284,98939,324,44307,960,46351,0,8281,781,26949,500,40108,781,67057,California
Imperial,2021-04-22,1805,100744,771,45078,1034,47385,0,8281,1308,27767,492,40600,1310,68367,California
Imperial,2021-04-23,1476,102220,399,45477,1077,48462,0,8281,830,27962,639,41239,834,69201,California
Imperial,2021-04-24,516,102736,301,45778,215,48677,0,8281,203,27854,311,41550,203,69404,California
Imperial,2021-04-25,263,102999,96,45874,167,48844,0,8281,135,27862,127,41677,135,69539,California
Imperial,2021-04-26,985,103984,435,46309,547,49391,3,8284,652,28186,331,42008,655,70194,California
Imperial,2021-04-27,890,104874,337,46646,545,49936,8,8292,467,28238,423,42431,475,70669,California
Imperial,2021-04-28,1201,106075,504,47150,671,50607,26,8318,609,28284,589,43020,635,71304,California
Imperial,2021-04-29,1497,107572,742,47892,737,51344,18,8336,674,28158,818,43838,692,71996,California
Imperial,2021-04-30,992,108564,556,48448,417,51761,19,8355,791,28771,197,44035,810,72806,California
Imperial,2021-05-01,140,108704,93,48541,45,51806,2,8357,108,28849,32,44067,110,72916,California
Inyo,2020-12-19,85,85,85,85,0,0,0,0,85,85,0,0,85,85,California
Inyo,2020-12-20,58,143,58,143,0,0,0,0,58,143,0,0,58,143,California
Inyo,2020-12-21,88,231,85,228,3,3,0,0,88,231,0,0,88,231,California
Inyo,2020-12-22,105,336,105,333,0,3,0,0,105,336,0,0,105,336,California
Inyo,2020-12-23,70,406,67,400,3,6,0,0,70,406,0,0,70,406,California
Inyo,2020-12-24,16,422,16,416,0,6,0,0,16,422,0,0,16,422,California
Inyo,2020-12-25,1,423,0,416,1,7,0,0,1,423,0,0,1,423,California
Inyo,2020-12-26,74,497,74,490,0,7,0,0,74,497,0,0,74,497,California
Inyo,2020-12-28,48,545,36,526,12,19,0,0,48,545,0,0,48,545,California
Inyo,2020-12-29,20,565,20,546,0,19,0,0,20,565,0,0,20,565,California
Inyo,2020-12-30,56,621,54,600,2,21,0,0,56,621,0,0,56,621,California
Inyo,2020-12-31,29,650,0,600,29,50,0,0,29,650,0,0,29,650,California
Inyo,2021-01-01,1,651,0,600,1,51,0,0,1,651,0,0,1,651,California
Inyo,2021-01-03,1,652,0,600,1,52,0,0,1,652,0,0,1,652,California
Inyo,2021-01-04,1,653,1,601,0,52,0,0,1,653,0,0,1,653,California
Inyo,2021-01-05,34,687,0,601,34,86,0,0,34,687,0,0,34,687,California
Inyo,2021-01-06,68,755,0,601,68,154,0,0,68,755,0,0,68,755,California
Inyo,2021-01-07,31,786,1,602,30,184,0,0,31,786,0,0,31,786,California
Inyo,2021-01-08,9,795,8,610,1,185,0,0,4,786,5,5,5,791,California
Inyo,2021-01-09,87,882,86,696,1,186,0,0,1,701,86,91,1,792,California
Inyo,2021-01-10,52,934,52,748,0,186,0,0,0,649,52,143,0,792,California
Inyo,2021-01-11,97,1031,82,830,15,201,0,0,16,584,81,224,16,808,California
Inyo,2021-01-12,139,1170,118,948,21,222,0,0,28,501,111,335,28,836,California
Inyo,2021-01-13,86,1256,68,1016,18,240,0,0,21,458,65,400,22,858,California
Inyo,2021-01-14,59,1315,13,1029,46,286,0,0,49,497,10,410,49,907,California
Inyo,2021-01-15,163,1478,28,1057,135,421,0,0,163,660,0,410,163,1070,California
Inyo,2021-01-16,74,1552,73,1130,1,422,0,0,1,588,73,483,1,1071,California
Inyo,2021-01-18,58,1610,36,1166,22,444,0,0,19,568,39,522,19,1090,California
Inyo,2021-01-19,115,1725,72,1238,43,487,0,0,99,651,16,538,99,1189,California
Inyo,2021-01-20,146,1871,70,1308,76,563,0,0,92,689,54,592,92,1281,California
Inyo,2021-01-21,121,1992,57,1365,64,627,0,0,120,808,1,593,120,1401,California
Inyo,2021-01-22,62,2054,0,1365,62,689,0,0,61,868,1,594,61,1462,California
Inyo,2021-01-23,52,2106,52,1417,0,689,0,0,52,920,0,594,52,1514,California
Inyo,2021-01-25,49,2155,6,1423,43,732,0,0,37,945,12,606,37,1551,California
Inyo,2021-01-26,135,2290,54,1477,81,813,0,0,129,1068,6,612,129,1680,California
Inyo,2021-01-27,23,2313,2,1479,21,834,0,0,22,1089,1,613,22,1702,California
Inyo,2021-01-28,92,2405,2,1481,90,924,0,0,63,1123,29,642,63,1765,California
Inyo,2021-01-29,25,2430,3,1484,22,946,0,0,23,1144,2,644,23,1788,California
Inyo,2021-01-30,11,2441,1,1485,10,956,0,0,11,1155,0,644,11,1799,California
Inyo,2021-01-31,32,2473,4,1489,28,984,0,0,4,1131,28,672,4,1803,California
Inyo,2021-02-01,11,2484,9,1498,2,986,0,0,1,1122,10,682,1,1804,California
Inyo,2021-02-02,130,2614,14,1512,116,1102,0,0,104,1200,26,708,104,1908,California
Inyo,2021-02-03,116,2730,0,1512,116,1218,0,0,74,1232,42,750,74,1982,California
Inyo,2021-02-04,149,2879,31,1543,118,1336,0,0,90,1263,59,809,90,2072,California
Inyo,2021-02-05,118,2997,62,1605,56,1392,0,0,116,1377,2,811,116,2188,California
Inyo,2021-02-06,4,3001,2,1607,2,1394,0,0,3,1379,1,812,3,2191,California
Inyo,2021-02-07,4,3005,2,1609,2,1396,0,0,4,1383,0,812,4,2195,California
Inyo,2021-02-08,117,3122,7,1616,110,1506,0,0,97,1460,20,832,97,2292,California
Inyo,2021-02-09,194,3316,51,1667,143,1649,0,0,123,1512,71,903,123,2415,California
Inyo,2021-02-10,143,3459,18,1685,125,1774,0,0,109,1587,34,937,109,2524,California
Inyo,2021-02-11,220,3679,56,1741,164,1938,0,0,126,1619,94,1031,126,2650,California
Inyo,2021-02-12,298,3977,51,1792,247,2185,0,0,167,1655,131,1162,167,2817,California
Inyo,2021-02-13,60,4037,55,1847,5,2190,0,0,8,1611,52,1214,8,2825,California
Inyo,2021-02-14,1,4038,0,1847,1,2191,0,0,1,1612,0,1214,1,2826,California
Inyo,2021-02-15,29,4067,9,1856,20,2211,0,0,5,1593,24,1238,5,2831,California
Inyo,2021-02-16,180,4247,50,1906,130,2341,0,0,92,1597,88,1326,92,2923,California
Inyo,2021-02-17,37,4284,4,1910,33,2374,0,0,7,1574,30,1356,7,2930,California
Inyo,2021-02-18,123,4407,6,1916,117,2491,0,0,79,1609,44,1400,79,3009,California
Inyo,2021-02-19,52,4459,4,1920,48,2539,0,0,9,1575,43,1443,9,3018,California
Inyo,2021-02-20,504,4963,500,2420,4,2543,0,0,502,2075,2,1445,502,3520,California
Inyo,2021-02-21,267,5230,267,2687,0,2543,0,0,267,2342,0,1445,267,3787,California
Inyo,2021-02-22,61,5291,19,2706,42,2585,0,0,27,2335,34,1479,27,3814,California
Inyo,2021-02-23,198,5489,20,2726,178,2763,0,0,94,2326,103,1582,94,3908,California
Inyo,2021-02-24,117,5606,0,2726,117,2880,0,0,57,2323,60,1642,57,3965,California
Inyo,2021-02-25,130,5736,3,2729,127,3007,0,0,62,2317,68,1710,62,4027,California
Inyo,2021-02-26,104,5840,61,2790,43,3050,0,0,19,2251,85,1795,19,4046,California
Inyo,2021-02-27,15,5855,4,2794,11,3061,0,0,3,2242,12,1807,3,4049,California
Inyo,2021-02-28,3,5858,1,2795,2,3063,0,0,2,2243,1,1808,2,4051,California
Inyo,2021-03-01,20,5878,2,2797,18,3081,0,0,17,2257,3,1811,17,4068,California
Inyo,2021-03-02,195,6073,1,2798,194,3275,0,0,111,2284,84,1895,111,4179,California
Inyo,2021-03-03,83,6156,2,2800,81,3356,0,0,40,2281,43,1938,40,4219,California
Inyo,2021-03-04,128,6284,4,2804,124,3480,0,0,46,2245,82,2020,46,4265,California
Inyo,2021-03-05,141,6425,56,2860,85,3565,0,0,38,2180,103,2123,38,4303,California
Inyo,2021-03-06,31,6456,1,2861,30,3595,0,0,30,2209,1,2124,30,4333,California
Inyo,2021-03-07,7,6463,4,2865,3,3598,0,0,5,2212,2,2126,5,4338,California
Inyo,2021-03-08,182,6645,5,2870,177,3775,0,0,91,2212,91,2217,91,4429,California
Inyo,2021-03-09,186,6831,2,2872,184,3959,0,0,71,2168,115,2332,71,4500,California
Inyo,2021-03-10,70,6901,8,2880,61,4020,1,1,30,2159,40,2372,31,4531,California
Inyo,2021-03-11,203,7104,1,2881,197,4217,5,6,73,2107,130,2502,78,4609,California
Inyo,2021-03-12,175,7279,4,2885,166,4383,5,11,77,2091,98,2600,82,4691,California
Inyo,2021-03-13,576,7855,541,3426,25,4408,10,21,77,1680,498,3098,87,4778,California
Inyo,2021-03-14,431,8286,430,3856,1,4409,0,21,168,1586,262,3360,168,4946,California
Inyo,2021-03-15,51,8337,15,3871,34,4443,2,23,30,1597,21,3381,32,4978,California
Inyo,2021-03-16,163,8500,4,3875,153,4596,6,29,63,1567,99,3480,69,5047,California
Inyo,2021-03-17,107,8607,3,3878,97,4693,7,36,92,1651,15,3495,99,5146,California
Inyo,2021-03-18,183,8790,15,3893,161,4854,7,43,103,1681,80,3575,110,5256,California
Inyo,2021-03-19,46,8836,4,3897,38,4892,4,47,36,1711,10,3585,40,5296,California
Inyo,2021-03-20,20,8856,1,3898,10,4902,9,56,1,1702,19,3604,10,5306,California
Inyo,2021-03-22,59,8915,2,3900,52,4954,5,61,39,1726,20,3624,44,5350,California
Inyo,2021-03-23,194,9109,4,3904,186,5140,4,65,104,1744,90,3714,108,5458,California
Inyo,2021-03-24,140,9249,3,3907,133,5273,4,69,87,1782,53,3767,91,5549,California
Inyo,2021-03-25,325,9574,104,4011,217,5490,4,73,259,1979,66,3833,263,5812,California
Inyo,2021-03-26,91,9665,3,4014,84,5574,4,77,71,2034,20,3853,75,5887,California
Inyo,2021-03-27,52,9717,44,4058,5,5579,3,80,46,2077,6,3859,49,5936,California
Inyo,2021-03-28,4,9721,1,4059,2,5581,1,81,1,2076,3,3862,2,5938,California
Inyo,2021-03-29,109,9830,2,4061,102,5683,5,86,82,2137,26,3888,87,6025,California
Inyo,2021-03-30,211,10041,2,4063,204,5887,5,91,101,2133,110,3998,106,6131,California
Inyo,2021-03-31,147,10188,4,4067,138,6025,5,96,106,2203,41,4039,111,6242,California
Inyo,2021-04-01,164,10352,4,4071,159,6184,1,97,115,2270,49,4088,116,6358,California
Inyo,2021-04-02,81,10433,1,4072,78,6262,2,99,52,2295,29,4117,54,6412,California
Inyo,2021-04-03,94,10527,47,4119,33,6295,14,113,6,2228,86,4203,19,6431,California
Inyo,2021-04-04,5,10532,4,4123,0,6295,1,114,1,2226,4,4207,2,6433,California
Inyo,2021-04-05,117,10649,1,4124,112,6407,4,118,29,2171,88,4295,33,6466,California
Inyo,2021-04-06,235,10884,6,4130,166,6573,63,181,104,2207,131,4426,167,6633,California
Inyo,2021-04-07,200,11084,2,4132,72,6645,126,307,44,2221,156,4582,170,6803,California
Inyo,2021-04-08,177,11261,15,4147,145,6790,17,324,80,2221,97,4679,97,6900,California
Inyo,2021-04-09,124,11385,6,4153,95,6885,23,347,37,2195,86,4765,60,6960,California
Inyo,2021-04-10,42,11427,1,4154,24,6909,17,364,3,2176,39,4804,20,6980,California
Inyo,2021-04-11,1,11428,0,4154,1,6910,0,364,1,2177,0,4804,1,6981,California
Inyo,2021-04-12,80,11508,0,4154,75,6985,5,369,41,2184,39,4843,46,7027,California
Inyo,2021-04-13,119,11627,3,4157,113,7098,3,372,61,2191,57,4900,64,7091,California
Inyo,2021-04-14,121,11748,2,4159,119,7217,0,372,38,2146,83,4983,38,7129,California
Inyo,2021-04-15,261,12009,102,4261,159,7376,0,372,82,2049,179,5162,82,7211,California
Inyo,2021-04-16,49,12058,6,4267,43,7419,0,372,21,2042,28,5190,21,7232,California
Inyo,2021-04-17,2,12060,1,4268,1,7420,0,372,1,2042,1,5191,1,7233,California
Inyo,2021-04-19,130,12190,43,4311,87,7507,0,372,44,2000,86,5277,44,7277,California
Inyo,2021-04-20,164,12354,3,4314,161,7668,0,372,81,1998,83,5360,81,7358,California
Inyo,2021-04-21,113,12467,4,4318,109,7777,0,372,32,1949,81,5441,32,7390,California
Inyo,2021-04-22,195,12662,1,4319,194,7971,0,372,52,1858,143,5584,52,7442,California
Inyo,2021-04-23,95,12757,4,4323,91,8062,0,372,22,1807,73,5657,22,7464,California
Inyo,2021-04-24,310,13067,309,4632,1,8063,0,372,305,2107,5,5662,305,7769,California
Inyo,2021-04-25,135,13202,134,4766,1,8064,0,372,135,2242,0,5662,135,7904,California
Inyo,2021-04-26,67,13269,0,4766,66,8130,1,373,8,2192,59,5721,9,7913,California
Inyo,2021-04-27,160,13429,7,4773,148,8278,5,378,47,2131,113,5834,52,7965,California
Inyo,2021-04-28,113,13542,2,4775,111,8389,0,378,17,2052,96,5930,17,7982,California
Inyo,2021-04-29,162,13704,51,4826,110,8499,1,379,74,2039,88,6018,75,8057,California
Inyo,2021-04-30,38,13742,4,4830,32,8531,2,381,13,2029,25,6043,15,8072,California
Inyo,2021-05-01,10,13752,2,4832,8,8539,0,381,8,2035,2,6045,8,8080,California
Kern,2020-12-15,1,1,1,1,0,0,0,0,1,1,0,0,1,1,California
Kern,2020-12-16,18,19,18,19,0,0,0,0,18,19,0,0,18,19,California
Kern,2020-12-17,163,182,163,182,0,0,0,0,163,182,0,0,163,182,California
Kern,2020-12-18,322,504,322,504,0,0,0,0,322,504,0,0,322,504,California
Kern,2020-12-19,98,602,98,602,0,0,0,0,99,603,0,0,99,603,California
Kern,2020-12-20,61,663,61,663,0,0,0,0,61,664,0,0,61,664,California
Kern,2020-12-21,671,1334,670,1333,1,1,0,0,671,1335,0,0,671,1335,California
Kern,2020-12-22,531,1865,528,1861,3,4,0,0,531,1866,0,0,531,1866,California
Kern,2020-12-23,558,2423,419,2280,139,143,0,0,558,2424,0,0,558,2424,California
Kern,2020-12-24,122,2545,43,2323,79,222,0,0,122,2546,0,0,122,2546,California
Kern,2020-12-25,1,2546,1,2324,0,222,0,0,1,2547,0,0,1,2547,California
Kern,2020-12-26,33,2579,1,2325,32,254,0,0,33,2580,0,0,33,2580,California
Kern,2020-12-27,35,2614,3,2328,32,286,0,0,35,2615,0,0,35,2615,California
Kern,2020-12-28,823,3437,659,2987,164,450,0,0,823,3438,0,0,823,3438,California
Kern,2020-12-29,745,4182,452,3439,293,743,0,0,744,4181,1,1,744,4182,California
Kern,2020-12-30,1200,5382,908,4347,292,1035,0,0,1200,5381,0,1,1200,5382,California
Kern,2020-12-31,277,5659,99,4446,178,1213,0,0,277,5658,0,1,277,5659,California
Kern,2021-01-01,13,5672,6,4452,7,1220,0,0,13,5671,0,1,13,5672,California
Kern,2021-01-02,78,5750,18,4470,60,1280,0,0,78,5749,0,1,78,5750,California
Kern,2021-01-03,23,5773,4,4474,19,1299,0,0,23,5772,0,1,23,5773,California
Kern,2021-01-04,553,6326,360,4834,193,1492,0,0,553,6325,0,1,553,6326,California
Kern,2021-01-05,1132,7458,738,5572,394,1886,0,0,1120,7433,12,13,1120,7446,California
Kern,2021-01-06,1166,8624,455,6027,711,2597,0,0,1136,8539,30,43,1136,8582,California
Kern,2021-01-07,1406,10030,493,6520,913,3510,0,0,1238,9610,167,210,1238,9820,California
Kern,2021-01-08,1628,11658,768,7288,860,4370,0,0,1330,10642,299,509,1331,11151,California
Kern,2021-01-09,225,11883,76,7364,149,4519,0,0,191,10799,34,543,191,11342,California
Kern,2021-01-10,194,12077,147,7511,47,4566,0,0,153,10911,41,584,153,11495,California
Kern,2021-01-11,1554,13631,983,8494,571,5137,0,0,999,11355,555,1139,999,12494,California
Kern,2021-01-12,1869,15500,810,9304,1059,6196,0,0,1358,12202,511,1650,1358,13852,California
Kern,2021-01-13,1853,17353,869,10173,984,7180,0,0,1431,13211,422,2072,1431,15283,California
Kern,2021-01-14,2182,19535,645,10818,1537,8717,0,0,2137,15302,46,2118,2137,17420,California
Kern,2021-01-15,2701,22236,857,11675,1844,10561,0,0,2604,17812,95,2213,2605,20025,California
Kern,2021-01-16,671,22907,213,11888,458,11019,0,0,636,18413,35,2248,636,20661,California
Kern,2021-01-17,73,22980,7,11895,66,11085,0,0,71,18482,2,2250,71,20732,California
Kern,2021-01-18,1642,24622,657,12552,985,12070,0,0,1474,19788,168,2418,1474,22206,California
Kern,2021-01-19,1851,26473,1032,13584,819,12889,0,0,1384,20706,467,2885,1385,23591,California
Kern,2021-01-20,2448,28921,1514,15098,934,13823,0,0,1823,21911,620,3505,1825,25416,California
Kern,2021-01-21,2166,31087,920,16018,1246,15069,0,0,1969,23684,196,3701,1969,27385,California
Kern,2021-01-22,2705,33792,1288,17306,1417,16486,0,0,2430,25840,274,3975,2430,29815,California
Kern,2021-01-23,1245,35037,535,17841,710,17196,0,0,1199,26993,46,4021,1199,31014,California
Kern,2021-01-24,160,35197,18,17859,142,17338,0,0,154,27141,6,4027,154,31168,California
Kern,2021-01-25,2383,37580,1084,18943,1299,18637,0,0,1900,28560,482,4509,1901,33069,California
Kern,2021-01-26,2765,40345,1125,20068,1640,20277,0,0,1909,29614,855,5364,1909,34978,California
Kern,2021-01-27,3556,43901,1901,21969,1655,21932,0,0,2856,31773,697,6061,2856,37834,California
Kern,2021-01-28,2861,46762,1352,23321,1509,23441,0,0,2428,33776,428,6489,2431,40265,California
Kern,2021-01-29,3767,50529,1801,25122,1966,25407,0,0,3224,36460,540,7029,3224,43489,California
Kern,2021-01-30,1324,51853,496,25618,828,26235,0,0,1277,37692,45,7074,1277,44766,California
Kern,2021-01-31,402,52255,275,25893,127,26362,0,0,267,37824,135,7209,267,45033,California
Kern,2021-02-01,2409,54664,818,26711,1591,27953,0,0,1858,39135,548,7757,1859,46892,California
Kern,2021-02-02,2922,57586,973,27684,1949,29902,0,0,2059,40332,863,8620,2060,48952,California
Kern,2021-02-03,3653,61239,1548,29232,2105,32007,0,0,2686,42058,960,9580,2686,51638,California
Kern,2021-02-04,3802,65041,1451,30683,2351,34358,0,0,2587,43441,1204,10784,2587,54225,California
Kern,2021-02-05,4847,69888,1988,32671,2859,37217,0,0,3090,44793,1738,12522,3090,57315,California
Kern,2021-02-06,1734,71622,766,33437,968,38185,0,0,1511,46084,220,12742,1511,58826,California
Kern,2021-02-07,284,71906,151,33588,133,38318,0,0,268,46338,14,12756,268,59094,California
Kern,2021-02-08,2560,74466,787,34375,1773,40091,0,0,1256,46309,1286,14042,1257,60351,California
Kern,2021-02-09,3038,77504,986,35361,2052,42143,0,0,1469,46216,1562,15604,1469,61820,California
Kern,2021-02-10,3783,81287,1657,37018,2126,44269,0,0,1895,46240,1872,17476,1896,63716,California
Kern,2021-02-11,4258,85545,1538,38556,2720,46989,0,0,2227,46449,2018,19494,2227,65943,California
Kern,2021-02-12,4947,90492,1890,40446,3057,50046,0,0,2481,46478,2452,21946,2481,68424,California
Kern,2021-02-13,2008,92500,726,41172,1282,51328,0,0,1165,46802,841,22787,1165,69589,California
Kern,2021-02-14,351,92851,12,41184,339,51667,0,0,270,46992,80,22867,270,69859,California
Kern,2021-02-15,2738,95589,889,42073,1849,53516,0,0,1209,46680,1521,24388,1209,71068,California
Kern,2021-02-16,2943,98532,719,42792,2224,55740,0,0,1654,47056,1279,25667,1655,72723,California
Kern,2021-02-17,4066,102598,2076,44868,1990,57730,0,0,1930,46856,2131,27798,1931,74654,California
Kern,2021-02-18,3750,106348,1480,46348,2270,60000,0,0,1617,46353,2120,29918,1617,76271,California
Kern,2021-02-19,4197,110545,1916,48264,2281,62281,0,0,1741,45646,2448,32366,1741,78012,California
Kern,2021-02-20,2570,113115,967,49231,1603,63884,0,0,1339,45757,1228,33594,1339,79351,California
Kern,2021-02-21,247,113362,141,49372,106,63990,0,0,86,45684,159,33753,86,79437,California
Kern,2021-02-22,2656,116018,1148,50520,1508,65498,0,0,1424,45881,1227,34980,1424,80861,California
Kern,2021-02-23,3542,119560,1121,51641,2421,67919,0,0,1977,46296,1563,36543,1978,82839,California
Kern,2021-02-24,5162,124722,2267,53908,2895,70814,0,0,3077,47292,2081,38624,3077,85916,California
Kern,2021-02-25,5352,130074,2445,56353,2907,73721,0,0,3176,48310,2158,40782,3176,89092,California
Kern,2021-02-26,6884,136958,3518,59871,3366,77087,0,0,4357,50148,2520,43302,4358,93450,California
Kern,2021-02-27,3851,140809,1892,61763,1959,79046,0,0,2517,51338,1327,44629,2517,95967,California
Kern,2021-02-28,909,141718,498,62261,410,79456,1,1,690,51812,217,44846,691,96658,California
Kern,2021-03-01,3984,145702,1806,64067,2177,81633,1,2,2691,53219,1285,46131,2692,99350,California
Kern,2021-03-02,4370,150072,1373,65440,2996,84629,1,3,2866,54592,1493,47624,2866,102216,California
Kern,2021-03-03,5798,155870,2700,68140,3098,87727,0,3,3712,56233,2072,49696,3713,105929,California
Kern,2021-03-04,5551,161421,2160,70300,3388,91115,3,6,3556,57810,1981,51677,3558,109487,California
Kern,2021-03-05,6465,167886,2667,72967,3781,94896,17,23,4044,59457,2414,54091,4061,113548,California
Kern,2021-03-06,4711,172597,1911,74878,2699,97595,101,124,3445,61744,1258,55349,3545,117093,California
Kern,2021-03-07,2043,174640,1584,76462,410,98005,49,173,1852,63455,190,55539,1901,118994,California
Kern,2021-03-08,2807,177447,852,77314,1742,99747,213,386,1462,63786,1342,56881,1673,120667,California
Kern,2021-03-09,3622,181069,786,78100,2453,102200,383,769,2230,65010,1387,58268,2611,123278,California
Kern,2021-03-10,6019,187088,2465,80565,2483,104683,1071,1840,3501,67074,2507,60775,4571,127849,California
Kern,2021-03-11,6284,193372,2409,82974,2849,107532,1026,2866,3729,69283,2544,63319,4753,132602,California
Kern,2021-03-12,7657,201029,2919,85893,3386,110918,1352,4218,4153,71285,3494,66813,5496,138098,California
Kern,2021-03-13,4423,205452,2299,88192,1789,112707,335,4553,3005,73207,1412,68225,3334,141432,California
Kern,2021-03-14,2187,207639,1413,89605,534,113241,240,4793,1672,74601,515,68740,1909,143341,California
Kern,2021-03-15,4241,211880,1082,90687,2447,115688,712,5505,2175,75430,2055,70795,2884,146225,California
Kern,2021-03-16,4328,216208,1005,91692,2795,118483,528,6033,2327,76290,1992,72787,2852,149077,California
Kern,2021-03-17,7235,223443,3804,95496,2874,121357,557,6590,4300,78221,2924,75711,4855,153932,California
Kern,2021-03-18,6977,230420,3395,98891,3003,124360,579,7169,4153,80144,2805,78516,4728,158660,California
Kern,2021-03-19,8745,239165,4765,103656,3331,127691,649,7818,4546,81147,4186,82702,5189,163849,California
Kern,2021-03-20,5932,245097,3586,107242,2172,129863,174,7992,3811,83021,2112,84814,3986,167835,California
Kern,2021-03-21,2866,247963,1753,108995,236,130099,877,8869,1687,84411,1174,85988,2564,170399,California
Kern,2021-03-22,3920,251883,1521,110516,2043,132142,356,9225,1901,84657,2011,87999,2257,172656,California
Kern,2021-03-23,4692,256575,1648,112164,2846,134988,198,9423,2486,85162,2177,90176,2682,175338,California
Kern,2021-03-24,6987,263562,3507,115671,3008,137996,472,9895,3663,85985,3310,93486,4133,179471,California
Kern,2021-03-25,6620,270182,2879,118550,3413,141409,328,10223,3269,86244,3335,96821,3594,183065,California
Kern,2021-03-26,9575,279757,4152,122702,4169,145578,1254,11477,4744,87425,4815,101636,5996,189061,California
Kern,2021-03-27,5438,285195,3743,126445,1568,147146,127,11604,3302,88720,2134,103770,3429,192490,California
Kern,2021-03-28,4320,289515,3832,130277,474,147620,14,11618,2769,89953,1550,105320,2783,195273,California
Kern,2021-03-29,4189,293704,1637,131914,2274,149894,278,11896,2607,91265,1571,106891,2883,198156,California
Kern,2021-03-30,5505,299209,1820,133734,3305,153199,380,12276,3067,92276,2434,109325,3445,201601,California
Kern,2021-03-31,8050,307259,4236,137970,3169,156368,645,12921,4255,93389,3785,113110,4898,206499,California
Kern,2021-04-01,7585,314844,3633,141603,3655,160023,297,13218,4093,94296,3479,116589,4386,210885,California
Kern,2021-04-02,8127,322971,4183,145786,3341,163364,603,13821,4075,94933,4037,120626,4674,215559,California
Kern,2021-04-03,5678,328649,3383,149169,2113,165477,182,14003,2592,94626,3079,123705,2772,218331,California
Kern,2021-04-04,1331,329980,865,150034,382,165859,84,14087,550,94481,779,124484,634,218965,California
Kern,2021-04-05,5307,335287,2192,152226,2350,168209,765,14852,2881,95690,2416,126900,3625,222590,California
Kern,2021-04-06,6882,342169,2458,154684,3212,171421,1212,16064,3602,97241,3261,130161,4812,227402,California
Kern,2021-04-07,9191,351360,5347,160031,2889,174310,955,17019,4597,98214,4578,134739,5551,232953,California
Kern,2021-04-08,8568,359928,4737,164768,2931,177241,900,17919,3920,98408,4625,139364,4819,237772,California
Kern,2021-04-09,9805,369733,5086,169854,3738,180979,981,18900,4361,98324,5423,144787,5339,243111,California
Kern,2021-04-10,6521,376254,3430,173284,1854,182833,1237,20137,2300,97642,4213,149000,3531,246642,California
Kern,2021-04-11,3762,380016,2887,176171,358,183191,517,20654,1428,97261,2323,151323,1942,248584,California
Kern,2021-04-12,4342,384358,978,177149,2398,185589,966,21620,1569,97036,2758,154081,2533,251117,California
Kern,2021-04-13,4261,388619,1409,178558,2827,188416,25,21645,2126,97063,2125,156206,2152,253269,California
Kern,2021-04-14,6013,394632,2955,181513,3036,191452,22,21667,3060,97206,2938,159144,3081,256350,California
Kern,2021-04-15,5196,399828,2434,183947,2760,194212,2,21669,2501,97027,2682,161826,2503,258853,California
Kern,2021-04-16,6920,406748,3410,187357,3509,197721,1,21670,3027,96184,3872,165698,3029,261882,California
Kern,2021-04-17,5888,412636,3846,191203,2042,199763,0,21670,2250,94808,3627,169325,2251,264133,California
Kern,2021-04-18,3617,416253,3381,194584,236,199999,0,21670,1055,93307,2556,171881,1055,265188,California
Kern,2021-04-19,3797,420050,1725,196309,2071,202070,1,21671,1437,92403,2341,174222,1437,266625,California
Kern,2021-04-20,4263,424313,1529,197838,2733,204803,1,21672,1639,91431,2613,176835,1641,268266,California
Kern,2021-04-21,5833,430146,3120,200958,2708,207511,5,21677,2270,90161,3544,180379,2274,270540,California
Kern,2021-04-22,4773,434919,2305,203263,2468,209979,0,21677,1776,88962,2976,183355,1777,272317,California
Kern,2021-04-23,5806,440725,2912,206175,2893,212872,1,21678,1951,87093,3822,187177,1953,274270,California
Kern,2021-04-24,3926,444651,2728,208903,1188,214060,10,21688,1482,86155,2430,189607,1492,275762,California
Kern,2021-04-25,1340,445991,1064,209967,276,214336,0,21688,772,86364,563,190170,772,276534,California
Kern,2021-04-26,3615,449606,1741,211708,1821,216157,53,21741,989,84788,2618,192788,1042,277576,California
Kern,2021-04-27,4452,454058,2180,213888,2170,218327,102,21843,1328,83104,3110,195898,1426,279002,California
Kern,2021-04-28,5656,459714,3257,217145,2280,220607,119,21962,1668,80912,3977,199875,1785,280787,California
Kern,2021-04-29,4436,464150,2367,219512,1989,222596,80,22042,1231,79036,3188,203063,1312,282099,California
Kern,2021-04-30,4262,468412,2557,222069,1578,224174,127,22169,1138,77188,3113,206176,1265,283364,California
Kern,2021-05-01,2125,470537,1596,223665,490,224664,39,22208,770,76647,1350,207526,809,284173,California
Kings,2020-12-16,1,1,1,1,0,0,0,0,1,1,0,0,1,1,California
Kings,2020-12-17,8,9,8,9,0,0,0,0,8,9,0,0,8,9,California
Kings,2020-12-18,12,21,12,21,0,0,0,0,12,21,0,0,12,21,California
Kings,2020-12-19,11,32,11,32,0,0,0,0,11,32,0,0,11,32,California
Kings,2020-12-20,13,45,13,45,0,0,0,0,13,45,0,0,13,45,California
Kings,2020-12-21,156,201,156,201,0,0,0,0,269,314,0,0,269,314,California
Kings,2020-12-22,143,344,143,344,0,0,0,0,140,454,0,0,140,454,California
Kings,2020-12-23,134,478,122,466,12,12,0,0,135,589,0,0,135,589,California
Kings,2020-12-24,11,489,9,475,2,14,0,0,11,600,0,0,11,600,California
Kings,2020-12-26,7,496,4,479,3,17,0,0,7,607,0,0,7,607,California
Kings,2020-12-27,4,500,4,483,0,17,0,0,4,611,0,0,4,611,California
Kings,2020-12-28,131,631,103,586,28,45,0,0,132,743,0,0,132,743,California
Kings,2020-12-29,78,709,51,637,27,72,0,0,79,822,0,0,79,822,California
Kings,2020-12-30,147,856,108,745,39,111,0,0,147,969,0,0,147,969,California
Kings,2020-12-31,45,901,6,751,39,150,0,0,45,1014,0,0,45,1014,California
Kings,2021-01-01,1,902,0,751,1,151,0,0,1,1015,0,0,1,1015,California
Kings,2021-01-02,10,912,9,760,1,152,0,0,10,1025,0,0,10,1025,California
Kings,2021-01-04,112,1024,42,802,70,222,0,0,112,1137,0,0,112,1137,California
Kings,2021-01-05,196,1220,39,841,157,379,0,0,196,1333,0,0,196,1333,California
Kings,2021-01-06,276,1496,177,1018,99,478,0,0,273,1603,3,3,273,1606,California
Kings,2021-01-07,178,1674,81,1099,97,575,0,0,170,1765,8,11,170,1776,California
Kings,2021-01-08,247,1921,54,1153,193,768,0,0,228,1974,19,30,228,2004,California
Kings,2021-01-09,63,1984,9,1162,54,822,0,0,55,2021,8,38,55,2059,California
Kings,2021-01-10,15,1999,3,1165,12,834,0,0,12,2030,3,41,12,2071,California
Kings,2021-01-11,518,2517,354,1519,164,998,0,0,276,2065,242,283,277,2348,California
Kings,2021-01-12,350,2867,253,1772,97,1095,0,0,216,2150,131,414,216,2564,California
Kings,2021-01-13,414,3281,267,2039,147,1242,0,0,323,2382,91,505,323,2887,California
Kings,2021-01-14,208,3489,31,2070,177,1419,0,0,198,2560,21,526,199,3086,California
Kings,2021-01-15,416,3905,29,2099,387,1806,0,0,404,2952,12,538,404,3490,California
Kings,2021-01-16,31,3936,12,2111,19,1825,0,0,30,2981,1,539,30,3520,California
Kings,2021-01-17,8,3944,5,2116,3,1828,0,0,6,2985,2,541,6,3526,California
Kings,2021-01-18,172,4116,40,2156,132,1960,0,0,146,3105,26,567,146,3672,California
Kings,2021-01-19,376,4492,158,2314,218,2178,0,0,248,3225,128,695,248,3920,California
Kings,2021-01-20,225,4717,134,2448,91,2269,0,0,120,3244,101,796,120,4040,California
Kings,2021-01-21,186,4903,32,2480,154,2423,0,0,172,3400,16,812,172,4212,California
Kings,2021-01-22,125,5028,39,2519,86,2509,0,0,125,3520,5,817,125,4337,California
Kings,2021-01-23,26,5054,14,2533,12,2521,0,0,20,3534,6,823,20,4357,California
Kings,2021-01-24,4,5058,4,2537,0,2521,0,0,2,3534,2,825,2,4359,California
Kings,2021-01-25,124,5182,26,2563,98,2619,0,0,90,3590,34,859,90,4449,California
Kings,2021-01-26,154,5336,35,2598,119,2738,0,0,115,3666,39,898,115,4564,California
Kings,2021-01-27,319,5655,34,2632,285,3023,0,0,249,3846,69,967,249,4813,California
Kings,2021-01-28,326,5981,46,2678,280,3303,0,0,271,4062,55,1022,271,5084,California
Kings,2021-01-29,86,6067,26,2704,60,3363,0,0,69,4114,17,1039,69,5153,California
Kings,2021-01-30,1556,7623,31,2735,1525,4888,0,0,1553,5666,3,1042,1555,6708,California
Kings,2021-02-01,199,7822,64,2799,135,5023,0,0,72,5613,125,1167,72,6780,California
Kings,2021-02-02,226,8048,14,2813,212,5235,0,0,82,5552,143,1310,82,6862,California
Kings,2021-02-03,358,8406,192,3005,166,5401,0,0,203,5601,154,1464,203,7065,California
Kings,2021-02-04,395,8801,98,3103,297,5698,0,0,199,5605,195,1659,199,7264,California
Kings,2021-02-05,256,9057,14,3117,242,5940,0,0,101,5553,153,1812,101,7365,California
Kings,2021-02-06,60,9117,10,3127,50,5990,0,0,27,5547,33,1845,27,7392,California
Kings,2021-02-07,5,9122,3,3130,2,5992,0,0,3,5548,2,1847,3,7395,California
Kings,2021-02-08,170,9292,29,3159,141,6133,0,0,68,5514,102,1949,68,7463,California
Kings,2021-02-09,253,9545,57,3216,196,6329,0,0,110,5483,141,2090,110,7573,California
Kings,2021-02-10,286,9831,112,3328,174,6503,0,0,173,5543,113,2203,173,7746,California
Kings,2021-02-11,429,10260,65,3393,364,6867,0,0,318,5751,110,2313,318,8064,California
Kings,2021-02-12,610,10870,36,3429,574,7441,0,0,339,5819,271,2584,339,8403,California
Kings,2021-02-13,103,10973,6,3435,97,7538,0,0,78,5872,25,2609,78,8481,California
Kings,2021-02-14,102,11075,4,3439,98,7636,0,0,94,5958,8,2617,94,8575,California
Kings,2021-02-15,246,11321,5,3444,241,7877,0,0,137,5987,108,2725,137,8712,California
Kings,2021-02-16,485,11806,33,3477,452,8329,0,0,250,6003,234,2959,250,8962,California
Kings,2021-02-17,379,12185,22,3499,357,8686,0,0,242,6109,137,3096,243,9205,California
Kings,2021-02-18,155,12340,23,3522,132,8818,0,0,98,6150,57,3153,98,9303,California
Kings,2021-02-19,158,12498,23,3545,135,8953,0,0,102,6199,53,3206,102,9405,California
Kings,2021-02-20,171,12669,40,3585,131,9084,0,0,134,6296,37,3243,134,9539,California
Kings,2021-02-21,3,12672,2,3587,1,9085,0,0,3,6299,0,3243,3,9542,California
Kings,2021-02-22,110,12782,19,3606,91,9176,0,0,51,6291,59,3302,51,9593,California
Kings,2021-02-23,296,13078,69,3675,227,9403,0,0,179,6353,117,3419,179,9772,California
Kings,2021-02-24,592,13670,154,3829,438,9841,0,0,380,6521,212,3631,380,10152,California
Kings,2021-02-25,662,14332,112,3941,550,10391,0,0,444,6749,216,3847,444,10596,California
Kings,2021-02-26,657,14989,129,4070,528,10919,0,0,594,7281,62,3909,594,11190,California
Kings,2021-02-27,1498,16487,62,4132,1436,12355,0,0,564,6912,933,4842,564,11754,California
Kings,2021-02-28,1170,17657,595,4727,575,12930,0,0,672,7089,495,5337,672,12426,California
Kings,2021-03-01,259,17916,79,4806,180,13110,0,0,214,7258,45,5382,214,12640,California
Kings,2021-03-02,470,18386,206,5012,264,13374,0,0,420,7629,50,5432,421,13061,California
Kings,2021-03-03,625,19011,302,5314,323,13697,0,0,437,7879,187,5619,437,13498,California
Kings,2021-03-04,714,19725,343,5657,371,14068,0,0,618,8402,96,5715,619,14117,California
Kings,2021-03-05,1006,20731,349,6006,648,14716,9,9,890,9186,116,5831,900,15017,California
Kings,2021-03-06,511,21242,184,6190,314,15030,13,22,482,9652,29,5860,495,15512,California
Kings,2021-03-07,366,21608,225,6415,137,15167,4,26,358,10006,8,5868,362,15874,California
Kings,2021-03-08,350,21958,97,6512,200,15367,53,79,241,10190,109,5977,293,16167,California
Kings,2021-03-09,517,22475,238,6750,224,15591,55,134,411,10551,106,6083,467,16634,California
Kings,2021-03-10,503,22978,124,6874,288,15879,91,225,320,10779,182,6265,410,17044,California
Kings,2021-03-11,1018,23996,305,7179,603,16482,110,335,613,11099,403,6668,723,17767,California
Kings,2021-03-12,1308,25304,392,7571,822,17304,94,429,907,11702,400,7068,1003,18770,California
Kings,2021-03-13,672,25976,332,7903,296,17600,44,473,545,12165,127,7195,590,19360,California
Kings,2021-03-14,671,26647,101,8004,184,17784,386,859,200,12280,471,7666,586,19946,California
Kings,2021-03-15,667,27314,231,8235,321,18105,115,974,431,12593,235,7901,548,20494,California
Kings,2021-03-16,1039,28353,439,8674,539,18644,61,1035,703,13021,336,8237,764,21258,California
Kings,2021-03-17,1088,29441,416,9090,611,19255,61,1096,770,13541,318,8555,838,22096,California
Kings,2021-03-18,1097,30538,466,9556,409,19664,222,1318,765,14200,331,8886,990,23086,California
Kings,2021-03-19,931,31469,468,10024,378,20042,85,1403,714,14795,217,9103,812,23898,California
Kings,2021-03-20,621,32090,254,10278,337,20379,30,1433,448,15109,171,9274,485,24383,California
Kings,2021-03-21,1400,33490,1085,11363,304,20683,11,1444,847,15414,553,9827,858,25241,California
Kings,2021-03-22,449,33939,203,11566,163,20846,83,1527,276,15604,173,10000,363,25604,California
Kings,2021-03-23,898,34837,492,12058,343,21189,63,1590,575,15924,321,10321,641,26245,California
Kings,2021-03-24,918,35755,475,12533,420,21609,23,1613,510,16053,406,10727,535,26780,California
Kings,2021-03-25,885,36640,440,12973,419,22028,26,1639,443,16082,440,11167,469,27249,California
Kings,2021-03-26,1279,37919,372,13345,822,22850,85,1724,527,15946,747,11914,611,27860,California
Kings,2021-03-27,616,38535,245,13590,359,23209,12,1736,169,15682,445,12359,181,28041,California
Kings,2021-03-28,547,39082,476,14066,64,23273,7,1743,341,15832,206,12565,356,28397,California
Kings,2021-03-29,456,39538,201,14267,195,23468,60,1803,250,15937,204,12769,309,28706,California
Kings,2021-03-30,835,40373,462,14729,335,23803,38,1841,416,15973,418,13187,454,29160,California
Kings,2021-03-31,724,41097,375,15104,285,24088,64,1905,416,16152,301,13488,480,29640,California
Kings,2021-04-01,745,41842,373,15477,293,24381,79,1984,340,16172,399,13887,419,30059,California
Kings,2021-04-02,974,42816,422,15899,430,24811,122,2106,426,16176,543,14430,547,30606,California
Kings,2021-04-03,472,43288,328,16227,136,24947,8,2114,160,16040,306,14736,170,30776,California
Kings,2021-04-04,156,43444,82,16309,68,25015,6,2120,44,15979,111,14847,50,30826,California
Kings,2021-04-05,1044,44488,321,16630,473,25488,250,2370,254,15694,789,15636,504,31330,California
Kings,2021-04-06,1180,45668,447,17077,426,25914,307,2677,296,15415,881,16517,602,31932,California
Kings,2021-04-07,1338,47006,639,17716,515,26429,184,2861,412,15088,923,17440,596,32528,California
Kings,2021-04-08,1591,48597,627,18343,713,27142,251,3112,363,14481,1221,18661,614,33142,California
Kings,2021-04-09,1103,49700,522,18865,407,27549,174,3286,237,14026,864,19525,409,33551,California
Kings,2021-04-10,591,50291,329,19194,160,27709,102,3388,180,13898,410,19935,282,33833,California
Kings,2021-04-11,324,50615,74,19268,244,27953,6,3394,192,13964,132,20067,198,34031,California
Kings,2021-04-12,696,51311,310,19578,186,28139,200,3594,190,13850,504,20571,390,34421,California
Kings,2021-04-13,873,52184,501,20079,372,28511,0,3594,281,13545,591,21162,286,34707,California
Kings,2021-04-14,1020,53204,564,20643,456,28967,0,3594,371,13268,649,21811,372,35079,California
Kings,2021-04-15,1018,54222,494,21137,523,29490,1,3595,451,13154,566,22377,452,35531,California
Kings,2021-04-16,764,54986,360,21497,404,29894,0,3595,268,12927,495,22872,268,35799,California
Kings,2021-04-17,455,55441,242,21739,213,30107,0,3595,199,12871,255,23127,199,35998,California
Kings,2021-04-18,548,55989,238,21977,310,30417,0,3595,69,12461,479,23606,69,36067,California
Kings,2021-04-19,522,56511,287,22264,234,30651,1,3596,284,12509,236,23842,284,36351,California
Kings,2021-04-20,727,57238,440,22704,287,30938,0,3596,241,12266,484,24326,241,36592,California
Kings,2021-04-21,633,57871,305,23009,328,31266,0,3596,219,12076,409,24735,219,36811,California
Kings,2021-04-22,547,58418,275,23284,272,31538,0,3596,205,11943,339,25074,206,37017,California
Kings,2021-04-23,661,59079,290,23574,371,31909,0,3596,328,11942,329,25403,328,37345,California
Kings,2021-04-24,240,59319,174,23748,65,31974,1,3597,116,11936,123,25526,117,37462,California
Kings,2021-04-25,195,59514,176,23924,19,31993,0,3597,159,12059,36,25562,159,37621,California
Kings,2021-04-26,288,59802,148,24072,137,32130,3,3600,181,12137,106,25668,184,37805,California
Kings,2021-04-27,392,60194,171,24243,200,32330,21,3621,161,12089,230,25898,182,37987,California
Kings,2021-04-28,445,60639,236,24479,194,32524,15,3636,240,12139,205,26103,255,38242,California
Kings,2021-04-29,237,60876,77,24556,149,32673,11,3647,110,12136,124,26227,121,38363,California
Kings,2021-04-30,255,61131,97,24653,145,32818,13,3660,92,12080,161,26388,105,38468,California
Kings,2021-05-01,160,61291,116,24769,40,32858,4,3664,33,11992,125,26513,37,38505,California
Lake,2020-12-17,4,4,4,4,0,0,0,0,4,4,0,0,4,4,California
Lake,2020-12-18,51,55,51,55,0,0,0,0,51,55,0,0,51,55,California
Lake,2020-12-19,3,58,3,58,0,0,0,0,3,58,0,0,3,58,California
Lake,2020-12-20,6,64,6,64,0,0,0,0,6,64,0,0,6,64,California
Lake,2020-12-21,86,150,86,150,0,0,0,0,86,150,0,0,86,150,California
Lake,2020-12-22,63,213,60,210,3,3,0,0,63,213,0,0,63,213,California
Lake,2020-12-23,123,336,114,324,9,12,0,0,123,336,0,0,123,336,California
Lake,2020-12-24,2,338,0,324,2,14,0,0,2,338,0,0,2,338,California
Lake,2020-12-26,2,340,2,326,0,14,0,0,2,340,0,0,2,340,California
Lake,2020-12-27,2,342,2,328,0,14,0,0,2,342,0,0,2,342,California
Lake,2020-12-28,52,394,43,371,9,23,0,0,52,394,0,0,52,394,California
Lake,2020-12-29,51,445,46,417,5,28,0,0,51,445,0,0,51,445,California
Lake,2020-12-30,124,569,117,534,7,35,0,0,124,569,0,0,124,569,California
Lake,2020-12-31,67,636,64,598,3,38,0,0,67,636,0,0,67,636,California
Lake,2021-01-01,1,637,0,598,1,39,0,0,1,637,0,0,1,637,California
Lake,2021-01-02,2,639,1,599,1,40,0,0,2,639,0,0,2,639,California
Lake,2021-01-04,87,726,21,620,66,106,0,0,87,726,0,0,87,726,California
Lake,2021-01-05,120,846,59,679,61,167,0,0,118,842,2,2,118,844,California
Lake,2021-01-06,105,951,65,744,40,207,0,0,103,943,2,4,103,947,California
Lake,2021-01-07,107,1058,84,828,23,230,0,0,98,1032,9,13,98,1045,California
Lake,2021-01-08,152,1210,124,952,28,258,0,0,100,1080,52,65,100,1145,California
Lake,2021-01-09,63,1273,61,1013,2,260,0,0,59,1135,4,69,59,1204,California
Lake,2021-01-10,3,1276,3,1016,0,260,0,0,0,1132,3,72,0,1204,California
Lake,2021-01-11,192,1468,151,1167,41,301,0,0,112,1164,80,152,112,1316,California
Lake,2021-01-12,80,1548,48,1215,32,333,0,0,56,1196,24,176,56,1372,California
Lake,2021-01-13,164,1712,112,1327,52,385,0,0,107,1246,57,233,107,1479,California
Lake,2021-01-14,147,1859,46,1373,101,486,0,0,125,1349,22,255,125,1604,California
Lake,2021-01-15,215,2074,92,1465,123,609,0,0,188,1510,27,282,188,1792,California
Lake,2021-01-16,134,2208,81,1546,53,662,0,0,132,1640,2,284,132,1924,California
Lake,2021-01-17,18,2226,6,1552,12,674,0,0,12,1646,6,290,12,1936,California
Lake,2021-01-18,246,2472,226,1778,20,694,0,0,126,1652,120,410,126,2062,California
Lake,2021-01-19,311,2783,117,1895,194,888,0,0,266,1874,45,455,267,2329,California
Lake,2021-01-20,422,3205,80,1975,342,1230,0,0,358,2169,63,518,358,2687,California
Lake,2021-01-21,433,3638,49,2024,384,1614,0,0,398,2532,35,553,398,3085,California
Lake,2021-01-22,318,3956,46,2070,272,1886,0,0,282,2778,36,589,282,3367,California
Lake,2021-01-23,122,4078,5,2075,117,2003,0,0,121,2898,1,590,121,3488,California
Lake,2021-01-24,4,4082,1,2076,3,2006,0,0,4,2902,0,590,4,3492,California
Lake,2021-01-25,257,4339,95,2171,162,2168,0,0,176,2997,81,671,176,3668,California
Lake,2021-01-26,428,4767,36,2207,392,2560,0,0,405,3379,23,694,405,4073,California
Lake,2021-01-27,359,5126,41,2248,318,2878,0,0,331,3683,28,722,332,4405,California
Lake,2021-01-28,499,5625,161,2409,338,3216,0,0,370,3924,129,851,370,4775,California
Lake,2021-01-29,637,6262,83,2492,554,3770,0,0,577,4441,60,911,577,5352,California
Lake,2021-01-30,556,6818,45,2537,511,4281,0,0,550,4985,6,917,550,5902,California
Lake,2021-01-31,14,6832,8,2545,6,4287,0,0,12,4995,2,919,12,5914,California
Lake,2021-02-01,179,7011,18,2563,161,4448,0,0,166,5148,13,932,166,6080,California
Lake,2021-02-02,563,7574,152,2715,411,4859,0,0,397,5379,166,1098,397,6477,California
Lake,2021-02-03,445,8019,33,2748,412,5271,0,0,340,5614,105,1203,340,6817,California
Lake,2021-02-04,120,8139,69,2817,51,5322,0,0,73,5640,47,1250,73,6890,California
Lake,2021-02-05,378,8517,69,2886,309,5631,0,0,288,5840,88,1338,288,7178,California
Lake,2021-02-06,275,8792,40,2926,235,5866,0,0,264,6093,11,1349,264,7442,California
Lake,2021-02-07,2,8794,1,2927,1,5867,0,0,2,6095,0,1349,2,7444,California
Lake,2021-02-08,278,9072,206,3133,72,5939,0,0,159,6135,119,1468,159,7603,California
Lake,2021-02-09,345,9417,25,3158,320,6259,0,0,301,6393,43,1511,301,7904,California
Lake,2021-02-10,350,9767,55,3213,295,6554,0,0,274,6591,76,1587,274,8178,California
Lake,2021-02-11,169,9936,18,3231,151,6705,0,0,56,6534,113,1700,56,8234,California
Lake,2021-02-12,377,10313,29,3260,348,7053,0,0,290,6738,86,1786,290,8524,California
Lake,2021-02-13,248,10561,9,3269,239,7292,0,0,237,6964,11,1797,237,8761,California
Lake,2021-02-14,19,10580,4,3273,15,7307,0,0,6,6957,13,1810,6,8767,California
Lake,2021-02-15,172,10752,13,3286,159,7466,0,0,8,6802,163,1973,8,8775,California
Lake,2021-02-16,423,11175,23,3309,400,7866,0,0,176,6731,247,2220,176,8951,California
Lake,2021-02-17,351,11526,54,3363,297,8163,0,0,70,6521,280,2500,70,9021,California
Lake,2021-02-18,457,11983,69,3432,388,8551,0,0,114,6292,343,2843,114,9135,California
Lake,2021-02-19,418,12401,25,3457,393,8944,0,0,93,6060,325,3168,93,9228,California
Lake,2021-02-20,294,12695,60,3517,234,9178,0,0,251,6269,42,3210,251,9479,California
Lake,2021-02-21,6,12701,6,3523,0,9178,0,0,0,6263,6,3216,0,9479,California
Lake,2021-02-22,140,12841,24,3547,116,9294,0,0,43,6209,97,3313,43,9522,California
Lake,2021-02-23,213,13054,14,3561,199,9493,0,0,28,6052,185,3498,28,9550,California
Lake,2021-02-24,956,14010,378,3939,578,10071,0,0,417,5931,538,4036,417,9967,California
Lake,2021-02-25,731,14741,463,4402,268,10339,0,0,471,6144,258,4294,471,10438,California
Lake,2021-02-26,996,15737,304,4706,692,11031,0,0,350,5851,643,4937,350,10788,California
Lake,2021-02-27,410,16147,97,4803,313,11344,0,0,328,6097,82,5019,328,11116,California
Lake,2021-02-28,18,16165,12,4815,6,11350,0,0,10,6099,8,5027,10,11126,California
Lake,2021-03-01,596,16761,53,4868,543,11893,0,0,443,6389,153,5180,443,11569,California
Lake,2021-03-02,744,17505,18,4886,726,12619,0,0,291,6226,454,5634,291,11860,California
Lake,2021-03-03,360,17865,197,5083,163,12782,0,0,135,6136,225,5859,135,11995,California
Lake,2021-03-04,576,18441,508,5591,68,12850,0,0,561,6682,15,5874,561,12556,California
Lake,2021-03-05,1037,19478,40,5631,997,13847,0,0,174,5997,859,6733,174,12730,California
Lake,2021-03-06,36,19514,11,5642,24,13871,1,1,21,6004,15,6748,22,12752,California
Lake,2021-03-07,7,19521,5,5647,2,13873,0,1,4,6005,3,6751,4,12756,California
Lake,2021-03-08,339,19860,267,5914,63,13936,9,10,299,6273,40,6791,308,13064,California
Lake,2021-03-09,914,20774,29,5943,868,14804,17,27,392,6161,521,7312,409,13473,California
Lake,2021-03-10,204,20978,60,6003,131,14935,13,40,136,6242,68,7380,149,13622,California
Lake,2021-03-11,583,21561,47,6050,62,14997,474,514,48,6229,535,7915,522,14144,California
Lake,2021-03-12,854,22415,203,6253,627,15624,24,538,363,6126,490,8405,387,14531,California
Lake,2021-03-13,278,22693,21,6274,20,15644,237,775,16,6117,261,8666,252,14783,California
Lake,2021-03-14,11,22704,2,6276,9,15653,0,775,7,6120,4,8670,7,14790,California
Lake,2021-03-15,642,23346,14,6290,611,16264,17,792,483,6461,159,8829,500,15290,California
Lake,2021-03-16,1113,24459,834,7124,262,16526,17,809,447,6262,662,9491,463,15753,California
Lake,2021-03-17,247,24706,122,7246,103,16629,22,831,90,6217,157,9648,112,15865,California
Lake,2021-03-18,748,25454,373,7619,338,16967,37,868,372,6250,375,10023,408,16273,California
Lake,2021-03-19,580,26034,313,7932,247,17214,20,888,474,6639,105,10128,494,16767,California
Lake,2021-03-20,248,26282,8,7940,237,17451,3,891,29,6454,217,10345,32,16799,California
Lake,2021-03-21,16,26298,11,7951,4,17455,1,892,11,6461,5,10350,12,16811,California
Lake,2021-03-22,324,26622,244,8195,66,17521,14,906,238,6627,86,10436,252,17063,California
Lake,2021-03-23,416,27038,18,8213,385,17906,13,919,353,6931,62,10498,366,17429,California
Lake,2021-03-24,414,27452,61,8274,345,18251,8,927,317,7161,96,10594,326,17755,California
Lake,2021-03-25,656,28108,468,8742,182,18433,6,933,172,6855,484,11078,178,17933,California
Lake,2021-03-26,69,28177,33,8775,35,18468,1,934,45,6877,24,11102,46,17979,California
Lake,2021-03-27,309,28486,7,8782,299,18767,3,937,17,6607,290,11392,20,17999,California
Lake,2021-03-28,16,28502,7,8789,9,18776,0,937,10,6611,6,11398,10,18009,California
Lake,2021-03-29,899,29401,268,9057,629,19405,2,939,193,6102,704,12102,195,18204,California
Lake,2021-03-30,454,29855,305,9362,147,19552,2,941,368,6387,85,12187,370,18574,California
Lake,2021-03-31,583,30438,60,9422,523,20075,0,941,418,6648,157,12344,418,18992,California
Lake,2021-04-01,424,30862,219,9641,193,20268,12,953,179,6597,242,12586,191,19183,California
Lake,2021-04-02,221,31083,40,9681,153,20421,28,981,98,6600,123,12709,126,19309,California
Lake,2021-04-03,30,31113,6,9687,21,20442,3,984,11,6595,19,12728,14,19323,California
Lake,2021-04-04,21,31134,11,9698,8,20450,2,986,16,6608,5,12733,18,19341,California
Lake,2021-04-05,635,31769,70,9768,546,20996,19,1005,396,6786,236,12969,414,19755,California
Lake,2021-04-06,471,32240,15,9783,430,21426,26,1031,299,6940,171,13140,325,20080,California
Lake,2021-04-07,517,32757,56,9839,410,21836,51,1082,350,7176,165,13305,401,20481,California
Lake,2021-04-08,598,33355,485,10324,46,21882,67,1149,102,6852,493,13798,169,20650,California
Lake,2021-04-09,283,33638,44,10368,170,22052,69,1218,49,6739,231,14029,118,20768,California
Lake,2021-04-10,253,33891,15,10383,14,22066,224,1442,11,6732,242,14271,235,21003,California
Lake,2021-04-11,22,33913,17,10400,3,22069,2,1444,7,6726,15,14286,9,21012,California
Lake,2021-04-12,1068,34981,231,10631,804,22873,33,1477,248,6188,819,15105,281,21293,California
Lake,2021-04-13,180,35161,109,10740,71,22944,0,1477,53,6114,127,15232,53,21346,California
Lake,2021-04-14,607,35768,36,10776,571,23515,0,1477,547,6601,60,15292,547,21893,California
Lake,2021-04-15,624,36392,177,10953,447,23962,0,1477,317,6611,307,15599,317,22210,California
Lake,2021-04-16,259,36651,25,10978,233,24195,1,1478,69,6492,189,15788,70,22280,California
Lake,2021-04-17,39,36690,11,10989,28,24223,0,1478,29,6511,10,15798,29,22309,California
Lake,2021-04-18,8,36698,5,10994,3,24226,0,1478,0,6503,8,15806,0,22309,California
Lake,2021-04-19,295,36993,39,11033,256,24482,0,1478,245,6698,50,15856,245,22554,California
Lake,2021-04-20,691,37684,277,11310,414,24896,0,1478,112,6233,578,16434,113,22667,California
Lake,2021-04-21,533,38217,63,11373,470,25366,0,1478,204,6109,328,16762,204,22871,California
Lake,2021-04-22,457,38674,47,11420,410,25776,0,1478,312,6277,144,16906,312,23183,California
Lake,2021-04-23,113,38787,57,11477,56,25832,0,1478,67,6298,46,16952,67,23250,California
Lake,2021-04-24,53,38840,9,11486,44,25876,0,1478,39,6323,14,16966,39,23289,California
Lake,2021-04-25,36,38876,19,11505,17,25893,0,1478,23,6333,13,16979,23,23312,California
Lake,2021-04-26,260,39136,73,11578,186,26079,1,1479,73,6220,187,17166,74,23386,California
Lake,2021-04-27,228,39364,21,11599,189,26268,18,1497,75,6160,153,17319,93,23479,California
Lake,2021-04-28,443,39807,44,11643,388,26656,11,1508,103,5936,337,17656,113,23592,California
Lake,2021-04-29,165,39972,66,11709,85,26741,14,1522,86,5958,78,17734,100,23692,California
Lake,2021-04-30,199,40171,29,11738,159,26900,11,1533,99,5968,100,17834,110,23802,California
Lake,2021-05-01,22,40193,14,11752,8,26908,0,1533,16,5978,6,17840,16,23818,California
Lassen,2020-12-16,8,8,8,8,0,0,0,0,8,8,0,0,8,8,California
Lassen,2020-12-17,6,14,6,14,0,0,0,0,6,14,0,0,6,14,California
Lassen,2020-12-18,1,15,1,15,0,0,0,0,1,15,0,0,1,15,California
Lassen,2020-12-19,5,20,5,20,0,0,0,0,5,20,0,0,5,20,California
Lassen,2020-12-20,2,22,2,22,0,0,0,0,2,22,0,0,2,22,California
Lassen,2020-12-21,11,33,11,33,0,0,0,0,11,33,0,0,11,33,California
Lassen,2020-12-22,23,56,23,56,0,0,0,0,23,56,0,0,23,56,California
Lassen,2020-12-23,6,62,6,62,0,0,0,0,6,62,0,0,6,62,California
Lassen,2020-12-24,11,73,11,73,0,0,0,0,11,73,0,0,11,73,California
Lassen,2020-12-28,3,76,2,75,1,1,0,0,3,76,0,0,3,76,California
Lassen,2020-12-29,35,111,35,110,0,1,0,0,35,111,0,0,35,111,California
Lassen,2020-12-30,37,148,36,146,1,2,0,0,37,148,0,0,37,148,California
Lassen,2020-12-31,49,197,42,188,7,9,0,0,49,197,0,0,49,197,California
Lassen,2021-01-02,1,198,0,188,1,10,0,0,1,198,0,0,1,198,California
Lassen,2021-01-04,15,213,1,189,14,24,0,0,15,213,0,0,15,213,California
Lassen,2021-01-05,194,407,53,242,141,165,0,0,194,407,0,0,194,407,California
Lassen,2021-01-06,93,500,42,284,51,216,0,0,85,485,8,8,86,493,California
Lassen,2021-01-07,43,543,7,291,36,252,0,0,37,516,6,14,37,530,California
Lassen,2021-01-08,50,593,2,293,48,300,0,0,50,566,0,14,50,580,California
Lassen,2021-01-09,12,605,6,299,6,306,0,0,12,578,0,14,12,592,California
Lassen,2021-01-11,27,632,5,304,22,328,0,0,27,605,0,14,27,619,California
Lassen,2021-01-12,49,681,29,333,20,348,0,0,30,616,19,33,30,649,California
Lassen,2021-01-13,161,842,18,351,143,491,0,0,146,747,15,48,146,795,California
Lassen,2021-01-14,163,1005,18,369,145,636,0,0,151,886,12,60,151,946,California
Lassen,2021-01-15,33,1038,6,375,27,663,0,0,33,919,0,60,33,979,California
Lassen,2021-01-16,34,1072,33,408,1,664,0,0,34,953,0,60,34,1013,California
Lassen,2021-01-17,1,1073,0,408,1,665,0,0,1,954,0,60,1,1014,California
Lassen,2021-01-18,5,1078,2,410,3,668,0,0,4,957,1,61,4,1018,California
Lassen,2021-01-19,185,1263,36,446,149,817,0,0,157,1086,28,89,157,1175,California
Lassen,2021-01-20,189,1452,101,547,88,905,0,0,105,1122,69,158,105,1280,California
Lassen,2021-01-21,145,1597,93,640,52,957,0,0,121,1225,18,176,121,1401,California
Lassen,2021-01-22,31,1628,18,658,13,970,0,0,21,1236,10,186,21,1422,California
Lassen,2021-01-23,2,1630,0,658,2,972,0,0,2,1238,0,186,2,1424,California
Lassen,2021-01-24,1,1631,0,658,1,973,0,0,1,1239,0,186,1,1425,California
Lassen,2021-01-25,11,1642,0,658,11,984,0,0,11,1250,0,186,11,1436,California
Lassen,2021-01-26,126,1768,12,670,114,1098,0,0,122,1368,4,190,122,1558,California
Lassen,2021-01-27,85,1853,33,703,52,1150,0,0,69,1421,16,206,69,1627,California
Lassen,2021-01-28,85,1938,14,717,71,1221,0,0,84,1504,1,207,84,1711,California
Lassen,2021-01-29,23,1961,7,724,16,1237,0,0,22,1525,1,208,22,1733,California
Lassen,2021-02-01,62,2023,4,728,58,1295,0,0,36,1535,26,234,36,1769,California
Lassen,2021-02-02,177,2200,12,740,165,1460,0,0,44,1446,133,367,44,1813,California
Lassen,2021-02-03,96,2296,21,761,75,1535,0,0,51,1452,45,412,51,1864,California
Lassen,2021-02-04,112,2408,15,776,97,1632,0,0,63,1466,49,461,63,1927,California
Lassen,2021-02-05,65,2473,12,788,53,1685,0,0,23,1447,42,503,23,1950,California
Lassen,2021-02-06,69,2542,34,822,35,1720,0,0,36,1451,32,535,36,1986,California
Lassen,2021-02-07,2,2544,2,824,0,1720,0,0,2,1453,0,535,2,1988,California
Lassen,2021-02-08,43,2587,4,828,39,1759,0,0,18,1446,25,560,18,2006,California
Lassen,2021-02-09,129,2716,8,836,121,1880,0,0,50,1417,79,639,50,2056,California
Lassen,2021-02-10,183,2899,21,857,162,2042,0,0,75,1384,108,747,75,2131,California
Lassen,2021-02-11,184,3083,16,873,168,2210,0,0,80,1361,103,850,80,2211,California
Lassen,2021-02-12,42,3125,11,884,31,2241,0,0,14,1347,28,878,14,2225,California
Lassen,2021-02-13,12,3137,3,887,9,2250,0,0,10,1355,2,880,10,2235,California
Lassen,2021-02-14,13,3150,0,887,13,2263,0,0,12,1366,1,881,12,2247,California
Lassen,2021-02-15,21,3171,2,889,19,2282,0,0,17,1379,4,885,17,2264,California
Lassen,2021-02-16,192,3363,4,893,188,2470,0,0,31,1251,159,1044,31,2295,California
Lassen,2021-02-17,184,3547,94,987,90,2560,0,0,11,1089,173,1217,11,2306,California
Lassen,2021-02-18,80,3627,22,1009,58,2618,0,0,20,1049,60,1277,20,2326,California
Lassen,2021-02-19,82,3709,62,1071,20,2638,0,0,18,1003,64,1341,18,2344,California
Lassen,2021-02-20,8,3717,0,1071,8,2646,0,0,6,1007,2,1343,6,2350,California
Lassen,2021-02-21,22,3739,2,1073,20,2666,0,0,18,1021,4,1347,18,2368,California
Lassen,2021-02-22,23,3762,8,1081,15,2681,0,0,5,1008,18,1365,5,2373,California
Lassen,2021-02-23,153,3915,10,1091,143,2824,0,0,41,937,112,1477,41,2414,California
Lassen,2021-02-24,166,4081,17,1108,149,2973,0,0,108,988,57,1534,108,2522,California
Lassen,2021-02-25,156,4237,19,1127,137,3110,0,0,99,1030,57,1591,99,2621,California
Lassen,2021-02-26,73,4310,16,1143,57,3167,0,0,36,1029,37,1628,36,2657,California
Lassen,2021-02-27,8,4318,7,1150,1,3168,0,0,3,1027,5,1633,3,2660,California
Lassen,2021-02-28,6,4324,1,1151,5,3173,0,0,3,1027,3,1636,3,2663,California
Lassen,2021-03-01,41,4365,4,1155,37,3210,0,0,8,1002,33,1669,8,2671,California
Lassen,2021-03-02,106,4471,8,1163,98,3308,0,0,80,1056,26,1695,80,2751,California
Lassen,2021-03-03,170,4641,12,1175,158,3466,0,0,113,1112,57,1752,113,2864,California
Lassen,2021-03-04,148,4789,15,1190,133,3599,0,0,98,1161,49,1801,98,2962,California
Lassen,2021-03-05,47,4836,7,1197,17,3616,23,23,11,1159,36,1837,34,2996,California
Lassen,2021-03-06,56,4892,5,1202,29,3645,22,45,6,1137,50,1887,28,3024,California
Lassen,2021-03-07,56,4948,1,1203,0,3645,55,100,1,1138,55,1942,56,3080,California
Lassen,2021-03-08,90,5038,2,1205,8,3653,80,180,3,1135,86,2028,83,3163,California
Lassen,2021-03-09,137,5175,11,1216,109,3762,17,197,88,1192,49,2077,106,3269,California
Lassen,2021-03-10,173,5348,10,1226,162,3924,1,198,79,1179,93,2170,80,3349,California
Lassen,2021-03-11,185,5533,16,1242,162,4086,7,205,113,1230,69,2239,120,3469,California
Lassen,2021-03-12,35,5568,18,1260,13,4099,4,209,12,1223,23,2262,16,3485,California
Lassen,2021-03-13,49,5617,0,1260,3,4102,46,255,1,1221,48,2310,46,3531,California
Lassen,2021-03-14,14,5631,2,1262,11,4113,1,256,2,1212,12,2322,3,3534,California
Lassen,2021-03-15,32,5663,1,1263,31,4144,0,256,16,1212,16,2338,16,3550,California
Lassen,2021-03-16,93,5756,2,1265,85,4229,6,262,74,1273,19,2357,80,3630,California
Lassen,2021-03-17,1084,6840,9,1274,1070,5299,5,267,1064,2322,20,2377,1069,4699,California
Lassen,2021-03-18,95,6935,9,1283,85,5384,1,268,81,2390,14,2391,82,4781,California
Lassen,2021-03-19,17,6952,11,1294,2,5386,4,272,7,2391,10,2401,11,4792,California
Lassen,2021-03-20,29,6981,3,1297,23,5409,3,275,22,2409,7,2408,25,4817,California
Lassen,2021-03-21,34,7015,0,1297,34,5443,0,275,14,2404,19,2427,14,4831,California
Lassen,2021-03-22,57,7072,1,1298,56,5499,0,275,54,2455,3,2430,54,4885,California
Lassen,2021-03-23,117,7189,9,1307,107,5606,1,276,66,2471,51,2481,67,4952,California
Lassen,2021-03-24,212,7401,13,1320,199,5805,0,276,107,2474,104,2585,107,5059,California
Lassen,2021-03-25,151,7552,20,1340,131,5936,0,276,69,2461,82,2667,69,5128,California
Lassen,2021-03-26,78,7630,13,1353,26,5962,39,315,19,2460,59,2726,58,5186,California
Lassen,2021-03-27,20,7650,4,1357,1,5963,15,330,3,2461,17,2743,18,5204,California
Lassen,2021-03-28,18,7668,3,1360,5,5968,10,340,4,2461,14,2757,14,5218,California
Lassen,2021-03-29,52,7720,0,1360,27,5995,25,365,20,2475,31,2788,45,5263,California
Lassen,2021-03-30,198,7918,10,1370,163,6158,25,390,51,2404,147,2935,76,5339,California
Lassen,2021-03-31,146,8064,12,1382,112,6270,22,412,62,2404,84,3019,84,5423,California
Lassen,2021-04-01,166,8230,16,1398,131,6401,19,431,49,2356,116,3135,68,5491,California
Lassen,2021-04-02,29,8259,4,1402,3,6404,22,453,2,2353,27,3162,24,5515,California
Lassen,2021-04-03,12,8271,0,1402,2,6406,10,463,0,2351,12,3174,10,5525,California
Lassen,2021-04-04,7,8278,2,1404,0,6406,5,468,1,2351,6,3180,6,5531,California
Lassen,2021-04-05,23,8301,4,1408,12,6418,7,475,11,2358,11,3191,18,5549,California
Lassen,2021-04-06,183,8484,8,1416,145,6563,30,505,52,2309,131,3322,82,5631,California
Lassen,2021-04-07,136,8620,7,1423,92,6655,37,542,33,2278,103,3425,72,5703,California
Lassen,2021-04-08,169,8789,8,1431,105,6760,56,598,33,2235,132,3557,89,5792,California
Lassen,2021-04-09,52,8841,6,1437,11,6771,35,633,9,2236,42,3599,43,5835,California
Lassen,2021-04-10,9,8850,0,1437,2,6773,7,640,0,2235,8,3607,7,5842,California
Lassen,2021-04-11,5,8855,2,1439,0,6773,3,643,2,2237,3,3610,5,5847,California
Lassen,2021-04-12,25,8880,2,1441,10,6783,13,656,1,2227,24,3634,14,5861,California
Lassen,2021-04-13,129,9009,6,1447,123,6906,0,656,40,2179,88,3722,40,5901,California
Lassen,2021-04-14,987,9996,16,1463,971,7877,0,656,51,1295,935,4657,51,5952,California
Lassen,2021-04-15,147,10143,14,1477,133,8010,0,656,19,1186,128,4785,19,5971,California
Lassen,2021-04-16,11,10154,4,1481,7,8017,0,656,5,1185,6,4791,5,5976,California
Lassen,2021-04-17,24,10178,3,1484,21,8038,0,656,4,1169,20,4811,4,5980,California
Lassen,2021-04-18,5,10183,2,1486,3,8041,0,656,2,1168,3,4814,2,5982,California
Lassen,2021-04-19,33,10216,0,1486,33,8074,0,656,17,1169,16,4830,17,5999,California
Lassen,2021-04-20,138,10354,7,1493,131,8205,0,656,52,1135,86,4916,52,6051,California
Lassen,2021-04-21,163,10517,10,1503,153,8358,0,656,32,1038,129,5045,32,6083,California
Lassen,2021-04-22,102,10619,16,1519,86,8444,0,656,33,1002,69,5114,33,6116,California
Lassen,2021-04-23,28,10647,3,1522,25,8469,0,656,22,1018,6,5120,22,6138,California
Lassen,2021-04-24,10,10657,6,1528,4,8473,0,656,4,1016,6,5126,4,6142,California
Lassen,2021-04-25,5,10662,0,1528,4,8477,1,657,3,1018,2,5128,4,6146,California
Lassen,2021-04-26,40,10702,1,1529,35,8512,4,661,7,996,33,5161,11,6157,California
Lassen,2021-04-27,120,10822,10,1539,107,8619,3,664,68,1015,52,5213,71,6228,California
Lassen,2021-04-28,82,10904,8,1547,72,8691,2,666,29,993,53,5266,31,6259,California
Lassen,2021-04-29,48,10952,4,1551,41,8732,3,669,9,966,39,5305,12,6271,California
Lassen,2021-04-30,9,10961,5,1556,0,8732,4,673,2,965,7,5312,6,6277,California
Lassen,2021-05-01,1,10962,0,1556,1,8733,0,673,1,966,0,5312,1,6278,California
Los Angeles,2020-12-15,391,391,391,391,0,0,0,0,391,391,0,0,391,391,California
Los Angeles,2020-12-16,3364,3755,3364,3755,0,0,0,0,3364,3755,0,0,3364,3755,California
Los Angeles,2020-12-17,10233,13988,10233,13988,0,0,0,0,10234,13989,0,0,10234,13989,California
Los Angeles,2020-12-18,14515,28503,14491,28479,24,24,0,0,14515,28504,0,0,14515,28504,California
Los Angeles,2020-12-19,7225,35728,7217,35696,8,32,0,0,7226,35730,0,0,7226,35730,California
Los Angeles,2020-12-20,4588,40316,4581,40277,7,39,0,0,4590,40320,0,0,4590,40320,California
Los Angeles,2020-12-21,13682,53998,13668,53945,14,53,0,0,13683,54002,1,1,13683,54003,California
Los Angeles,2020-12-22,11521,65519,11140,65085,381,434,0,0,11522,65523,1,2,11522,65525,California
Los Angeles,2020-12-23,11884,77403,10130,75215,1754,2188,0,0,11885,77408,0,2,11885,77410,California
Los Angeles,2020-12-24,7015,84418,4248,79463,2767,4955,0,0,7018,84426,0,2,7018,84428,California
Los Angeles,2020-12-25,524,84942,419,79882,105,5060,0,0,524,84950,0,2,524,84952,California
Los Angeles,2020-12-26,2524,87466,2179,82061,345,5405,0,0,2524,87473,1,3,2524,87476,California
Los Angeles,2020-12-27,1756,89222,1027,83088,729,6134,0,0,1756,89229,0,3,1756,89232,California
Los Angeles,2020-12-28,10278,99500,6377,89465,3901,10035,0,0,10276,99504,1,4,10276,99508,California
Los Angeles,2020-12-29,11593,111093,6072,95537,5521,15556,0,0,11595,111099,0,4,11595,111103,California
Los Angeles,2020-12-30,14855,125948,8082,103619,6773,22329,0,0,14854,125953,0,4,14854,125957,California
Los Angeles,2020-12-31,7920,133868,2751,106370,5169,27498,0,0,7917,133868,2,6,7917,133874,California
Los Angeles,2021-01-01,988,134856,268,106638,720,28218,0,0,988,134856,0,6,988,134862,California
Los Angeles,2021-01-02,4450,139306,1652,108290,2798,31016,0,0,4450,139306,0,6,4450,139312,California
Los Angeles,2021-01-03,934,140240,211,108501,723,31739,0,0,933,140238,1,7,933,140245,California
Los Angeles,2021-01-04,12692,152932,4876,113377,7816,39555,0,0,12678,152913,3,10,12678,152923,California
Los Angeles,2021-01-05,15999,168931,7075,120452,8924,48479,0,0,14099,165142,1873,1883,14102,167025,California
Los Angeles,2021-01-06,22546,191477,12081,132533,10465,58944,0,0,16954,176579,5524,7407,16961,183986,California
Los Angeles,2021-01-07,29361,220838,15808,148341,13553,72497,0,0,18856,184989,10459,17866,18869,202855,California
Los Angeles,2021-01-08,33070,253908,17895,166236,15175,87672,0,0,20852,193658,12191,30057,20860,223715,California
Los Angeles,2021-01-09,12359,266267,7072,173308,5287,92959,0,0,7495,196297,4862,34919,7501,231216,California
Los Angeles,2021-01-10,4651,270918,3628,176936,1023,93982,0,0,1922,195491,2729,37648,1923,233139,California
Los Angeles,2021-01-11,25786,296704,16243,193179,9543,103525,0,0,14860,199444,10915,48563,14868,248007,California
Los Angeles,2021-01-12,29206,325910,16074,209253,13132,116657,0,0,19076,208417,10112,58675,19085,267092,California
Los Angeles,2021-01-13,29262,355172,15630,224883,13632,130289,0,0,20314,219804,8931,67606,20318,287410,California
Los Angeles,2021-01-14,29225,384397,12709,237592,16516,146805,0,0,23724,238055,5482,73088,23733,311143,California
Los Angeles,2021-01-15,33786,418183,12357,249949,21429,168234,0,0,30216,264733,3545,76633,30223,341366,California
Los Angeles,2021-01-16,17553,435736,4962,254911,12591,180825,0,0,15777,278746,1768,78401,15781,357147,California
Los Angeles,2021-01-17,5185,440921,2306,257217,2879,183704,0,0,4940,283444,244,78645,4942,362089,California
Los Angeles,2021-01-18,15570,456491,10052,267269,5518,189222,0,0,10865,289618,4693,83338,10867,372956,California
Los Angeles,2021-01-19,38434,494925,20554,287823,17880,207102,0,0,30646,312527,7747,91085,30656,403612,California
Los Angeles,2021-01-20,45640,540565,23806,311629,21834,228936,0,0,38156,343239,7454,98539,38166,441778,California
Los Angeles,2021-01-21,48619,589184,22419,334048,26200,255136,0,0,44359,383414,4198,102737,44373,486151,California
Los Angeles,2021-01-22,47844,637028,22213,356261,25631,280767,0,0,44436,424495,3364,106101,44445,530596,California
Los Angeles,2021-01-23,33943,670971,15701,371962,18242,299009,0,0,31896,454387,2015,108116,31907,562503,California
Los Angeles,2021-01-24,15733,686704,12211,384173,3522,302531,0,0,15184,469031,541,108657,15185,577688,California
Los Angeles,2021-01-25,38675,725379,16429,400602,22246,324777,0,0,30199,490799,8447,117104,30215,607903,California
Los Angeles,2021-01-26,49227,774606,24446,425048,24781,349558,0,0,41045,523716,8147,125251,41064,648967,California
Los Angeles,2021-01-27,48478,823084,25814,450862,22664,372222,0,0,39263,553917,9080,134331,39281,688248,California
Los Angeles,2021-01-28,48577,871661,23102,473964,25475,397697,0,0,40180,585835,8276,142607,40194,728442,California
Los Angeles,2021-01-29,49244,920905,25404,499368,23840,421537,0,0,39190,615341,9700,152307,39206,767648,California
Los Angeles,2021-01-30,29999,950904,15414,514782,14585,436122,0,0,25856,637135,4066,156373,25860,793508,California
Los Angeles,2021-01-31,13005,963909,10371,525153,2634,438756,0,0,12082,648311,910,157283,12086,805594,California
Los Angeles,2021-02-01,37998,1001907,16181,541334,21817,460573,0,0,27731,665817,10234,167517,27740,833334,California
Los Angeles,2021-02-02,44198,1046105,17883,559217,26315,486888,0,0,32030,685719,12131,179648,32033,865367,California
Los Angeles,2021-02-03,52024,1098129,19479,578696,32545,519433,0,0,37350,708635,14440,194088,37356,902723,California
Los Angeles,2021-02-04,57138,1155267,20688,599384,36450,555883,0,0,39096,730010,17735,211823,39110,941833,California
Los Angeles,2021-02-05,61113,1216380,21028,620412,40085,595968,0,0,39255,747831,21440,233263,39261,981094,California
Los Angeles,2021-02-06,35470,1251850,13287,633699,22183,618151,0,0,27051,766558,8346,241609,27073,1008167,California
Los Angeles,2021-02-07,10801,1262651,8385,642084,2416,620567,0,0,8415,772609,2370,243979,8421,1016588,California
Los Angeles,2021-02-08,46694,1309345,21478,663562,25216,645783,0,0,30550,787152,16009,259988,30552,1047140,California
Los Angeles,2021-02-09,55698,1365043,24575,688137,31123,676906,0,0,28371,788275,27255,287243,28378,1075518,California
Los Angeles,2021-02-10,66842,1431885,29377,717514,37465,714371,0,0,30893,783602,35575,322818,30902,1106420,California
Los Angeles,2021-02-11,57931,1489816,30839,748353,27092,741463,0,0,28003,782120,29488,352306,28006,1134426,California
Los Angeles,2021-02-12,59482,1549298,29777,778130,29705,771168,0,0,25960,774910,33186,385492,25976,1160402,California
Los Angeles,2021-02-13,33771,1583069,19604,797734,14167,785335,0,0,15453,772166,18234,403726,15490,1175892,California
Los Angeles,2021-02-14,21870,1604939,14960,812694,6910,792245,0,0,8775,767909,13035,416761,8778,1184670,California
Los Angeles,2021-02-15,32412,1637351,15846,828540,16566,808811,0,0,17785,771134,14566,431327,17791,1202461,California
Los Angeles,2021-02-16,63943,1701294,32488,861028,31455,840266,0,0,29840,766968,34018,465345,29852,1232313,California
Los Angeles,2021-02-17,63981,1765275,34253,895281,29728,869994,0,0,26353,755867,37460,502805,26359,1258672,California
Los Angeles,2021-02-18,68017,1833292,34680,929961,33337,903331,0,0,28588,745208,39256,542061,28597,1287269,California
Los Angeles,2021-02-19,58039,1891331,35877,965838,22162,925493,0,0,28479,744237,29464,571525,28493,1315762,California
Los Angeles,2021-02-20,32738,1924069,23842,989680,8896,934389,0,0,15748,743045,16949,588474,15757,1331519,California
Los Angeles,2021-02-21,16662,1940731,15014,1004694,1648,936037,0,0,8489,743398,8139,596613,8492,1340011,California
Los Angeles,2021-02-22,34256,1974987,24944,1029638,9312,945349,0,0,17714,744653,16470,613083,17725,1357736,California
Los Angeles,2021-02-23,53569,2028556,22733,1052371,30836,976185,0,0,21102,733401,32365,645448,21113,1378849,California
Los Angeles,2021-02-24,63940,2092496,28118,1080489,35822,1012007,0,0,28071,725781,35708,681156,28088,1406937,California
Los Angeles,2021-02-25,73432,2165928,33702,1114191,39730,1051737,0,0,38560,729635,34718,715874,38572,1445509,California
Los Angeles,2021-02-26,82673,2248601,38539,1152730,44134,1095871,0,0,47322,741860,35124,750998,47349,1492858,California
Los Angeles,2021-02-27,58574,2307175,24926,1177656,33644,1129515,4,4,29941,743336,28492,779490,29968,1522826,California
Los Angeles,2021-02-28,26780,2333955,18480,1196136,8299,1137814,1,5,18843,754346,7841,787331,18851,1541677,California
Los Angeles,2021-03-01,55457,2389412,31075,1227211,24366,1162180,16,21,33624,766321,21680,809011,33655,1575332,California
Los Angeles,2021-03-02,70880,2460292,31419,1258630,39459,1201639,2,23,43329,782228,27434,836445,43341,1618673,California
Los Angeles,2021-03-03,82613,2542905,41536,1300166,41070,1242709,7,30,51948,803695,30510,866955,51977,1670650,California
Los Angeles,2021-03-04,89519,2632424,45692,1345858,43817,1286526,10,40,56514,827405,32832,899787,56542,1727192,California
Los Angeles,2021-03-05,87535,2719959,42611,1388469,44899,1331425,25,65,58358,856816,29005,928792,58416,1785608,California
Los Angeles,2021-03-06,66109,2786068,33245,1421714,31054,1362479,1810,1875,42581,877821,23392,952184,44397,1830005,California
Los Angeles,2021-03-07,25651,2811719,19288,1441002,5567,1368046,796,2671,19773,892535,5853,958037,20567,1850572,California
Los Angeles,2021-03-08,51306,2863025,26639,1467641,22725,1390771,1942,4613,38575,920413,12636,970673,40514,1891086,California
Los Angeles,2021-03-09,68825,2931850,26367,1494008,39188,1429959,3270,7883,41118,937232,27563,998236,44382,1935468,California
Los Angeles,2021-03-10,78782,3010632,37219,1531227,36917,1466876,4646,12529,49479,962170,29154,1027390,54092,1989560,California
Los Angeles,2021-03-11,91714,3102346,44711,1575938,40578,1507454,6425,18954,53809,984638,37733,1065123,60201,2049761,California
Los Angeles,2021-03-12,96595,3198941,42799,1618737,40052,1547506,13744,32698,56118,1014155,40300,1105423,69817,2119578,California
Los Angeles,2021-03-13,73903,3272844,34358,1653095,27650,1575156,11895,44593,43958,1040123,29844,1135267,55812,2175390,California
Los Angeles,2021-03-14,38019,3310863,25402,1678497,10203,1585359,2414,47007,25499,1055557,12461,1147728,27895,2203285,California
Los Angeles,2021-03-15,73401,3384264,35493,1713990,32581,1617940,5327,52334,44793,1077231,28429,1176157,50103,2253388,California
Los Angeles,2021-03-16,98194,3482458,42420,1756410,50017,1667957,5757,58091,64146,1113232,33874,1210031,69875,2323263,California
Los Angeles,2021-03-17,95109,3577567,42745,1799155,44175,1712132,8189,66280,63904,1154198,31023,1241054,71989,2395252,California
Los Angeles,2021-03-18,99780,3677347,47190,1846345,47408,1759540,5182,71462,63730,1187312,35788,1276842,68902,2464154,California
Los Angeles,2021-03-19,106298,3783645,55044,1901389,46586,1806126,4668,76130,66181,1218246,39869,1316711,70803,2534957,California
Los Angeles,2021-03-20,74941,3858586,36550,1937939,33885,1840011,4506,80636,51999,1251955,22783,1339494,56492,2591449,California
Los Angeles,2021-03-21,33537,3892123,24752,1962691,7942,1847953,843,81479,21791,1262941,11647,1351141,22633,2614082,California
Los Angeles,2021-03-22,67858,3959981,40173,2002864,25688,1873641,1997,83476,48344,1293976,19302,1370443,50337,2664419,California
Los Angeles,2021-03-23,93512,4053493,50518,2053382,40077,1913718,2917,86393,62050,1327692,31241,1401684,64957,2729376,California
Los Angeles,2021-03-24,102035,4155528,54202,2107584,44968,1958686,2865,89258,60538,1349868,41215,1442899,63391,2792767,California
Los Angeles,2021-03-25,107311,4262839,57417,2165001,46236,2004922,3658,92916,61630,1369715,45425,1488324,65272,2858039,California
Los Angeles,2021-03-26,111596,4374435,60862,2225863,46645,2051567,4089,97005,63604,1389637,47750,1536074,67672,2925711,California
Los Angeles,2021-03-27,81232,4455667,42780,2268643,36337,2087904,2115,99120,42218,1395179,38792,1574866,44334,2970045,California
Los Angeles,2021-03-28,40809,4496476,27289,2295932,12937,2100841,583,99703,20756,1396554,19964,1594830,21339,2991384,California
Los Angeles,2021-03-29,81168,4577644,45844,2341776,33730,2134571,1594,101297,46561,1410273,34431,1629261,48150,3039534,California
Los Angeles,2021-03-30,106391,4684035,49969,2391745,50711,2185282,5711,107008,65447,1440663,40746,1670007,71136,3110670,California
Los Angeles,2021-03-31,119444,4803479,59934,2451679,51014,2236296,8496,115504,69917,1469742,49295,1719302,78374,3189044,California
Los Angeles,2021-04-01,129846,4933325,60645,2512324,54439,2290735,14762,130266,70764,1496374,58841,1778143,85473,3274517,California
Los Angeles,2021-04-02,127813,5061138,56472,2568796,56518,2347253,14823,145089,68858,1521374,58666,1836809,83666,3358183,California
Los Angeles,2021-04-03,95931,5157069,43767,2612563,39157,2386410,13007,158096,47694,1533949,48083,1884892,60658,3418841,California
Los Angeles,2021-04-04,38865,5195934,20310,2632873,11985,2398395,6570,164666,16673,1535044,22128,1907020,23223,3442064,California
Los Angeles,2021-04-05,92742,5288676,43918,2676791,38834,2437229,9990,174656,44716,1541839,47866,1954886,54661,3496725,California
Los Angeles,2021-04-06,119681,5408357,56364,2733155,43255,2480484,20062,194718,55564,1553478,63906,2018792,75545,3572270,California
Los Angeles,2021-04-07,118319,5526676,53878,2787033,43599,2524083,20842,215560,54120,1564385,63979,2082771,74886,3647156,California
Los Angeles,2021-04-08,130971,5657647,57759,2844792,49401,2573484,23811,239371,59746,1576867,70976,2153747,83458,3730614,California
Los Angeles,2021-04-09,129029,5786676,55995,2900787,49541,2623025,23493,262864,56056,1583588,72722,2226469,79443,3810057,California
Los Angeles,2021-04-10,99818,5886494,42636,2943423,33438,2656463,23744,286608,36732,1581102,62886,2289355,60400,3870457,California
Los Angeles,2021-04-11,41445,5927939,22418,2965841,9578,2666041,9449,296057,14432,1578000,26948,2316303,23846,3894303,California
Los Angeles,2021-04-12,77860,6005799,38263,3004104,33393,2699434,6204,302261,32444,1571373,45241,2361544,38614,3932917,California
Los Angeles,2021-04-13,116564,6122363,58742,3062846,57403,2756837,419,302680,61817,1579068,54544,2416088,62239,3995156,California
Los Angeles,2021-04-14,116213,6238576,58693,3121539,57395,2814232,125,302805,63265,1589732,52719,2468807,63383,4058539,California
Los Angeles,2021-04-15,125862,6364438,67941,3189480,57755,2871987,166,302971,71599,1607460,54036,2522843,71764,4130303,California
Los Angeles,2021-04-16,127410,6491848,67912,3257392,59356,2931343,142,303113,67383,1615192,59796,2582639,67528,4197831,California
Los Angeles,2021-04-17,95483,6587331,50543,3307935,44915,2976258,25,303138,54247,1628407,41063,2623702,54278,4252109,California
Los Angeles,2021-04-18,33729,6621060,22367,3330302,11361,2987619,1,303139,18662,1632067,15009,2638711,18669,4270778,California
Los Angeles,2021-04-19,73780,6694840,39358,3369660,34399,3022018,23,303162,33124,1624715,40506,2679217,33154,4303932,California
Los Angeles,2021-04-20,100558,6795398,49268,3418928,51277,3073295,13,303175,50155,1624684,50200,2729417,50169,4354101,California
Los Angeles,2021-04-21,107644,6903042,51889,3470817,55566,3128861,189,303364,48123,1613730,59268,2788685,48314,4402415,California
Los Angeles,2021-04-22,110691,7013733,58112,3528929,52545,3181406,34,303398,49362,1602054,61077,2849762,49401,4451816,California
Los Angeles,2021-04-23,111618,7125351,61184,3590113,50418,3231824,16,303414,53096,1596899,58269,2908031,53114,4504930,California
Los Angeles,2021-04-24,86865,7212216,55804,3645917,31035,3262859,26,303440,48875,1608006,37798,2945829,48905,4553835,California
Los Angeles,2021-04-25,37673,7249889,25021,3670938,12647,3275506,5,303445,20384,1611189,17206,2963035,20389,4574224,California
Los Angeles,2021-04-26,65868,7315757,35356,3706294,30070,3305576,442,303887,32944,1611808,32760,2995795,33379,4607603,California
Los Angeles,2021-04-27,83175,7398932,40028,3746322,41483,3347059,1664,305551,31717,1593953,51229,3047024,33374,4640977,California
Los Angeles,2021-04-28,78799,7477731,37747,3784069,39114,3386173,1938,307489,30479,1578275,48094,3095118,32416,4673393,California
Los Angeles,2021-04-29,73511,7551242,35069,3819138,36829,3423002,1613,309102,26385,1559399,46876,3141994,28000,4701393,California
Los Angeles,2021-04-30,65144,7616386,32643,3851781,31132,3454134,1369,310471,22250,1540345,42666,3184660,23612,4725005,California
Los Angeles,2021-05-01,47091,7663477,27005,3878786,19431,3473565,655,311126,17701,1529440,29257,3213917,18352,4743357,California
Madera,2020-12-16,22,22,22,22,0,0,0,0,22,22,0,0,22,22,California
Madera,2020-12-17,13,35,13,35,0,0,0,0,13,35,0,0,13,35,California
Madera,2020-12-18,61,96,61,96,0,0,0,0,61,96,0,0,61,96,California
Madera,2020-12-19,5,101,5,101,0,0,0,0,5,101,0,0,5,101,California
Madera,2020-12-20,14,115,14,115,0,0,0,0,14,115,0,0,14,115,California
Madera,2020-12-21,60,175,60,175,0,0,0,0,60,175,0,0,60,175,California
Madera,2020-12-22,97,272,95,270,2,2,0,0,97,272,0,0,97,272,California
Madera,2020-12-23,68,340,68,338,0,2,0,0,68,340,0,0,68,340,California
Madera,2020-12-24,45,385,40,378,5,7,0,0,45,385,0,0,45,385,California
Madera,2020-12-26,28,413,26,404,2,9,0,0,28,413,0,0,28,413,California
Madera,2020-12-27,30,443,12,416,18,27,0,0,30,443,0,0,30,443,California
Madera,2020-12-28,107,550,37,453,70,97,0,0,107,550,0,0,107,550,California
Madera,2020-12-29,175,725,40,493,135,232,0,0,175,725,0,0,175,725,California
Madera,2020-12-30,218,943,86,579,132,364,0,0,218,943,0,0,218,943,California
Madera,2020-12-31,201,1144,80,659,121,485,0,0,201,1144,0,0,201,1144,California
Madera,2021-01-01,1,1145,1,660,0,485,0,0,1,1145,0,0,1,1145,California
Madera,2021-01-02,89,1234,34,694,55,540,0,0,89,1234,0,0,89,1234,California
Madera,2021-01-03,5,1239,5,699,0,540,0,0,5,1239,0,0,5,1239,California
Madera,2021-01-04,129,1368,65,764,64,604,0,0,129,1368,0,0,129,1368,California
Madera,2021-01-05,279,1647,143,907,136,740,0,0,275,1639,4,4,275,1643,California
Madera,2021-01-06,184,1831,27,934,157,897,0,0,164,1783,20,24,164,1807,California
Madera,2021-01-07,396,2227,113,1047,283,1180,0,0,374,2135,22,46,374,2181,California
Madera,2021-01-08,419,2646,72,1119,347,1527,0,0,364,2446,54,100,365,2546,California
Madera,2021-01-09,37,2683,14,1133,23,1550,0,0,28,2465,9,109,28,2574,California
Madera,2021-01-10,17,2700,14,1147,3,1553,0,0,5,2458,12,121,5,2579,California
Madera,2021-01-11,238,2938,190,1337,48,1601,0,0,195,2610,43,164,195,2774,California
Madera,2021-01-12,390,3328,157,1494,233,1834,0,0,284,2788,106,270,284,3058,California
Madera,2021-01-13,185,3513,91,1585,94,1928,0,0,129,2862,56,326,130,3188,California
Madera,2021-01-14,554,4067,82,1667,472,2400,0,0,520,3348,34,360,520,3708,California
Madera,2021-01-15,600,4667,160,1827,440,2840,0,0,579,3906,21,381,579,4287,California
Madera,2021-01-16,382,5049,47,1874,335,3175,0,0,353,4230,29,410,353,4640,California
Madera,2021-01-17,335,5384,15,1889,320,3495,0,0,331,4557,4,414,331,4971,California
Madera,2021-01-18,77,5461,61,1950,16,3511,0,0,58,4597,18,432,58,5029,California
Madera,2021-01-19,571,6032,135,2085,436,3947,0,0,544,5115,27,459,545,5574,California
Madera,2021-01-20,235,6267,80,2165,155,4102,0,0,207,5295,27,486,207,5781,California
Madera,2021-01-21,237,6504,130,2295,107,4209,0,0,204,5468,31,517,204,5985,California
Madera,2021-01-22,257,6761,83,2378,174,4383,0,0,243,5697,14,531,243,6228,California
Madera,2021-01-23,100,6861,52,2430,48,4431,0,0,76,5749,24,555,76,6304,California
Madera,2021-01-24,101,6962,82,2512,19,4450,0,0,78,5804,23,578,78,6382,California
Madera,2021-01-25,255,7217,124,2636,131,4581,0,0,141,5831,114,692,141,6523,California
Madera,2021-01-26,483,7700,189,2825,294,4875,0,0,293,5937,189,881,295,6818,California
Madera,2021-01-27,736,8436,63,2888,673,5548,0,0,600,6402,136,1017,601,7419,California
Madera,2021-01-28,541,8977,106,2994,435,5983,0,0,438,6737,103,1120,438,7857,California
Madera,2021-01-29,468,9445,95,3089,373,6356,0,0,412,7093,56,1176,412,8269,California
Madera,2021-01-30,505,9950,16,3105,489,6845,0,0,451,7490,54,1230,451,8720,California
Madera,2021-01-31,10,9960,7,3112,3,6848,0,0,9,7498,1,1231,9,8729,California
Madera,2021-02-01,257,10217,73,3185,184,7032,0,0,197,7635,60,1291,197,8926,California
Madera,2021-02-02,252,10469,87,3272,165,7197,0,0,161,7707,90,1381,162,9088,California
Madera,2021-02-03,593,11062,459,3731,134,7331,0,0,474,8065,117,1498,475,9563,California
Madera,2021-02-04,388,11450,121,3852,267,7598,0,0,111,7901,276,1774,112,9675,California
Madera,2021-02-05,975,12425,297,4149,678,8276,0,0,369,7670,601,2375,370,10045,California
Madera,2021-02-06,360,12785,325,4474,35,8311,0,0,321,7953,38,2413,321,10366,California
Madera,2021-02-07,35,12820,7,4481,28,8339,0,0,30,7978,5,2418,30,10396,California
Madera,2021-02-08,384,13204,308,4789,76,8415,0,0,270,8135,113,2531,270,10666,California
Madera,2021-02-09,479,13683,119,4908,360,8775,0,0,197,8054,279,2810,198,10864,California
Madera,2021-02-10,428,14111,148,5056,280,9055,0,0,322,8270,106,2916,322,11186,California
Madera,2021-02-11,935,15046,306,5362,629,9684,0,0,406,8149,528,3444,407,11593,California
Madera,2021-02-12,843,15889,119,5481,724,10408,0,0,310,7935,527,3971,313,11906,California
Madera,2021-02-13,485,16374,44,5525,441,10849,0,0,139,7731,345,4316,141,12047,California
Madera,2021-02-14,399,16773,75,5600,324,11173,0,0,137,7607,262,4578,138,12185,California
Madera,2021-02-15,244,17017,98,5698,146,11319,0,0,175,7714,68,4646,175,12360,California
Madera,2021-02-16,775,17792,183,5881,592,11911,0,0,230,7403,542,5188,231,12591,California
Madera,2021-02-17,607,18399,273,6154,334,12245,0,0,338,7479,264,5452,340,12931,California
Madera,2021-02-18,1299,19698,540,6694,759,13004,0,0,1121,8424,178,5630,1123,14054,California
Madera,2021-02-19,861,20559,545,7239,316,13320,0,0,719,9003,142,5772,721,14775,California
Madera,2021-02-20,1069,21628,978,8217,91,13411,0,0,998,9932,70,5842,999,15774,California
Madera,2021-02-21,964,22592,821,9038,143,13554,0,0,958,10884,6,5848,958,16732,California
Madera,2021-02-22,908,23500,832,9870,76,13630,0,0,854,11684,54,5902,854,17586,California
Madera,2021-02-23,769,24269,496,10366,273,13903,0,0,549,12014,219,6121,549,18135,California
Madera,2021-02-24,906,25175,300,10666,606,14509,0,0,378,11864,528,6649,378,18513,California
Madera,2021-02-25,1016,26191,306,10972,710,15219,0,0,586,12022,428,7077,586,19099,California
Madera,2021-02-26,1071,27262,185,11157,886,16105,0,0,696,12345,373,7450,696,19795,California
Madera,2021-02-27,872,28134,245,11402,627,16732,0,0,449,12377,420,7870,452,20247,California
Madera,2021-02-28,188,28322,29,11431,159,16891,0,0,182,12553,6,7876,182,20429,California
Madera,2021-03-01,372,28694,118,11549,254,17145,0,0,192,12567,178,8054,192,20621,California
Madera,2021-03-02,650,29344,268,11817,382,17527,0,0,538,12994,112,8166,539,21160,California
Madera,2021-03-03,1318,30662,705,12522,613,18140,0,0,918,13539,397,8563,942,22102,California
Madera,2021-03-04,1172,31834,505,13027,667,18807,0,0,927,14223,246,8809,930,23032,California
Madera,2021-03-05,1326,33160,406,13433,908,19715,12,12,1063,15048,261,9070,1086,24118,California
Madera,2021-03-06,803,33963,622,14055,149,19864,32,44,484,15246,319,9389,517,24635,California
Madera,2021-03-07,153,34116,27,14082,104,19968,22,66,103,15321,50,9439,125,24760,California
Madera,2021-03-08,596,34712,335,14417,202,20170,59,125,303,15392,293,9732,364,25124,California
Madera,2021-03-09,453,35165,159,14576,260,20430,34,159,276,15535,175,9907,318,25442,California
Madera,2021-03-10,1131,36296,508,15084,546,20976,77,236,705,15896,422,10329,783,26225,California
Madera,2021-03-11,1659,37955,844,15928,483,21459,332,568,749,16080,908,11237,1092,27317,California
Madera,2021-03-12,1528,39483,777,16705,596,22055,155,723,750,16234,776,12013,930,28247,California
Madera,2021-03-13,1812,41295,1269,17974,345,22400,198,921,746,16130,1064,13077,960,29207,California
Madera,2021-03-14,581,41876,448,18422,101,22501,32,953,293,16169,286,13363,325,29532,California
Madera,2021-03-15,729,42605,213,18635,469,22970,47,1000,506,16527,220,13583,578,30110,California
Madera,2021-03-16,819,43424,420,19055,352,23322,47,1047,637,17049,179,13762,701,30811,California
Madera,2021-03-17,1413,44837,932,19987,419,23741,62,1109,860,17516,545,14307,1012,31823,California
Madera,2021-03-18,1871,46708,647,20634,1164,24905,60,1169,909,17614,955,15262,1053,32876,California
Madera,2021-03-19,1494,48202,587,21221,823,25728,84,1253,960,18194,528,15790,1108,33984,California
Madera,2021-03-20,1129,49331,772,21993,306,26034,51,1304,579,18321,549,16339,676,34660,California
Madera,2021-03-21,1073,50404,872,22865,156,26190,45,1349,357,18011,713,17052,403,35063,California
Madera,2021-03-22,1358,51762,852,23717,438,26628,68,1417,686,18138,669,17721,796,35859,California
Madera,2021-03-23,1396,53158,840,24557,465,27093,91,1508,738,18393,656,18377,911,36770,California
Madera,2021-03-24,904,54062,469,25026,404,27497,31,1539,599,18724,303,18680,634,37404,California
Madera,2021-03-25,1122,55184,488,25514,610,28107,24,1563,644,18938,467,19147,681,38085,California
Madera,2021-03-26,1438,56622,509,26023,797,28904,132,1695,674,18989,758,19905,809,38894,California
Madera,2021-03-27,829,57451,529,26552,279,29183,21,1716,373,18933,450,20355,394,39288,California
Madera,2021-03-28,419,57870,136,26688,222,29405,61,1777,229,19086,189,20544,342,39630,California
Madera,2021-03-29,678,58548,178,26866,473,29878,27,1804,488,19418,187,20731,519,40149,California
Madera,2021-03-30,1014,59562,561,27427,421,30299,32,1836,556,19552,455,21186,589,40738,California
Madera,2021-03-31,1319,60881,487,27914,697,30996,135,1971,447,19269,866,22052,583,41321,California
Madera,2021-04-01,1225,62106,537,28451,639,31635,49,2020,437,18971,783,22835,485,41806,California
Madera,2021-04-02,1526,63632,408,28859,1059,32694,59,2079,472,18460,1044,23879,533,42339,California
Madera,2021-04-03,874,64506,683,29542,171,32865,20,2099,381,18379,491,24370,410,42749,California
Madera,2021-04-04,184,64690,65,29607,117,32982,2,2101,85,18367,99,24469,87,42836,California
Madera,2021-04-05,734,65424,255,29862,421,33403,58,2159,340,18386,393,24862,412,43248,California
Madera,2021-04-06,1688,67112,878,30740,462,33865,348,2507,635,18316,1052,25914,982,44230,California
Madera,2021-04-07,1197,68309,372,31112,676,34541,149,2656,454,18184,740,26654,608,44838,California
Madera,2021-04-08,1694,70003,657,31769,784,35325,253,2909,571,17896,1119,27773,831,45669,California
Madera,2021-04-09,1608,71611,670,32439,790,36115,148,3057,939,18322,664,28437,1090,46759,California
Madera,2021-04-10,952,72563,677,33116,208,36323,67,3124,707,18852,245,28682,775,47534,California
Madera,2021-04-11,775,73338,628,33744,69,36392,78,3202,285,18726,488,29170,362,47896,California
Madera,2021-04-12,779,74117,266,34010,435,36827,78,3280,302,18630,477,29647,381,48277,California
Madera,2021-04-13,1234,75351,609,34619,584,37411,41,3321,732,18913,500,30147,783,49060,California
Madera,2021-04-14,1361,76712,837,35456,524,37935,0,3321,575,18710,784,30931,581,49641,California
Madera,2021-04-15,1083,77795,455,35911,627,38562,1,3322,431,18502,641,31572,433,50074,California
Madera,2021-04-16,1279,79074,518,36429,761,39323,0,3322,443,18120,826,32398,444,50518,California
Madera,2021-04-17,1265,80339,1065,37494,200,39523,0,3322,827,18510,437,32835,827,51345,California
Madera,2021-04-18,244,80583,207,37701,37,39560,0,3322,99,18465,144,32979,99,51444,California
Madera,2021-04-19,796,81379,232,37933,563,40123,1,3323,269,18214,521,33500,270,51714,California
Madera,2021-04-20,865,82244,424,38357,441,40564,0,3323,237,17828,625,34125,239,51953,California
Madera,2021-04-21,853,83097,448,38805,405,40969,0,3323,299,17578,551,34676,301,52254,California
Madera,2021-04-22,1053,84150,510,39315,543,41512,0,3323,392,17314,657,35333,393,52647,California
Madera,2021-04-23,916,85066,294,39609,621,42133,1,3324,314,17031,598,35931,315,52962,California
Madera,2021-04-24,703,85769,464,40073,239,42372,0,3324,284,16901,415,36346,285,53247,California
Madera,2021-04-25,264,86033,160,40233,101,42473,3,3327,118,16880,143,36489,122,53369,California
Madera,2021-04-26,500,86533,89,40322,406,42879,5,3332,102,16590,397,36886,107,53476,California
Madera,2021-04-27,554,87087,258,40580,275,43154,21,3353,295,16649,258,37144,317,53793,California
Madera,2021-04-28,433,87520,189,40769,228,43382,16,3369,217,16667,215,37359,233,54026,California
Madera,2021-04-29,422,87942,178,40947,215,43597,29,3398,210,16701,205,37564,239,54265,California
Madera,2021-04-30,693,88635,455,41402,230,43827,8,3406,160,16339,530,38094,168,54433,California
Madera,2021-05-01,806,89441,764,42166,39,43866,3,3409,305,16146,501,38595,308,54741,California
Marin,2020-12-15,2,2,2,2,0,0,0,0,2,2,0,0,2,2,California
Marin,2020-12-16,107,109,107,109,0,0,0,0,107,109,0,0,107,109,California
Marin,2020-12-17,260,369,260,369,0,0,0,0,260,369,0,0,260,369,California
Marin,2020-12-18,373,742,373,742,0,0,0,0,373,742,0,0,373,742,California
Marin,2020-12-19,349,1091,348,1090,1,1,0,0,349,1091,0,0,349,1091,California
Marin,2020-12-20,167,1258,166,1256,1,2,0,0,167,1258,0,0,167,1258,California
Marin,2020-12-21,238,1496,235,1491,3,5,0,0,238,1496,0,0,238,1496,California
Marin,2020-12-22,522,2018,318,1809,204,209,0,0,522,2018,0,0,522,2018,California
Marin,2020-12-23,730,2748,321,2130,409,618,0,0,730,2748,0,0,730,2748,California
Marin,2020-12-24,357,3105,159,2289,198,816,0,0,357,3105,0,0,357,3105,California
Marin,2020-12-25,27,3132,0,2289,27,843,0,0,27,3132,0,0,27,3132,California
Marin,2020-12-26,142,3274,93,2382,49,892,0,0,142,3274,0,0,142,3274,California
Marin,2020-12-27,92,3366,55,2437,37,929,0,0,92,3366,0,0,92,3366,California
Marin,2020-12-28,408,3774,99,2536,309,1238,0,0,408,3774,0,0,408,3774,California
Marin,2020-12-29,402,4176,88,2624,314,1552,0,0,402,4176,0,0,402,4176,California
Marin,2020-12-30,626,4802,388,3012,238,1790,0,0,626,4802,0,0,626,4802,California
Marin,2020-12-31,196,4998,33,3045,163,1953,0,0,196,4998,0,0,196,4998,California
Marin,2021-01-01,15,5013,6,3051,9,1962,0,0,15,5013,0,0,15,5013,California
Marin,2021-01-02,105,5118,99,3150,6,1968,0,0,105,5118,0,0,105,5118,California
Marin,2021-01-03,54,5172,36,3186,18,1986,0,0,51,5169,0,0,51,5169,California
Marin,2021-01-04,293,5465,189,3375,104,2090,0,0,292,5460,1,1,292,5461,California
Marin,2021-01-05,365,5830,222,3597,143,2233,0,0,322,5739,43,44,322,5783,California
Marin,2021-01-06,819,6649,318,3915,501,2734,0,0,641,6202,178,222,641,6424,California
Marin,2021-01-07,889,7538,501,4416,388,3122,0,0,543,6399,346,568,543,6967,California
Marin,2021-01-08,971,8509,515,4931,456,3578,0,0,594,6617,376,944,594,7561,California
Marin,2021-01-09,618,9127,223,5154,395,3973,0,0,486,6971,132,1076,486,8047,California
Marin,2021-01-10,128,9255,99,5253,29,4002,0,0,54,6951,74,1150,54,8101,California
Marin,2021-01-11,467,9722,326,5579,141,4143,0,0,247,6980,220,1370,249,8350,California
Marin,2021-01-12,936,10658,539,6118,397,4540,0,0,568,7183,365,1735,568,8918,California
Marin,2021-01-13,1175,11833,498,6616,677,5217,0,0,937,7882,238,1973,937,9855,California
Marin,2021-01-14,1067,12900,318,6934,749,5966,0,0,917,8651,148,2121,917,10772,California
Marin,2021-01-15,1153,14053,354,7288,799,6765,0,0,1023,9546,129,2250,1024,11796,California
Marin,2021-01-16,1119,15172,914,8202,205,6970,0,0,1045,10517,74,2324,1045,12841,California
Marin,2021-01-17,1232,16404,1113,9315,119,7089,0,0,1204,11697,27,2351,1207,14048,California
Marin,2021-01-18,360,16764,159,9474,201,7290,0,0,309,11955,51,2402,309,14357,California
Marin,2021-01-19,1154,17918,912,10386,242,7532,0,0,982,12766,171,2573,982,15339,California
Marin,2021-01-20,1786,19704,1204,11590,582,8114,0,0,1056,13103,719,3292,1056,16395,California
Marin,2021-01-21,1683,21387,1061,12651,622,8736,0,0,1331,14087,349,3641,1333,17728,California
Marin,2021-01-22,1698,23085,1087,13738,611,9347,0,0,1530,15449,168,3809,1530,19258,California
Marin,2021-01-23,1843,24928,1342,15080,501,9848,0,0,1756,17119,86,3895,1756,21014,California
Marin,2021-01-24,613,25541,166,15246,447,10295,0,0,581,17668,32,3927,581,21595,California
Marin,2021-01-25,1123,26664,227,15473,896,11191,0,0,691,17928,432,4359,692,22287,California
Marin,2021-01-26,1502,28166,780,16253,722,11913,0,0,1124,18675,377,4736,1124,23411,California
Marin,2021-01-27,1704,29870,876,17129,828,12741,0,0,1352,19678,350,5086,1353,24764,California
Marin,2021-01-28,2077,31947,1068,18197,1009,13750,0,0,1813,21229,263,5349,1814,26578,California
Marin,2021-01-29,2195,34142,1446,19643,749,14499,0,0,1992,23031,191,5540,1993,28571,California
Marin,2021-01-30,1720,35862,905,20548,815,15314,0,0,1642,24596,78,5618,1643,30214,California
Marin,2021-01-31,454,36316,317,20865,137,15451,0,0,429,25000,25,5643,429,30643,California
Marin,2021-02-01,1088,37404,416,21281,672,16123,0,0,889,25691,199,5842,890,31533,California
Marin,2021-02-02,1350,38754,462,21743,888,17011,0,0,723,25797,617,6459,723,32256,California
Marin,2021-02-03,1781,40535,429,22172,1352,18363,0,0,1256,26529,524,6983,1256,33512,California
Marin,2021-02-04,1539,42074,513,22685,1026,19389,0,0,936,26865,600,7583,936,34448,California
Marin,2021-02-05,2176,44250,682,23367,1494,20883,0,0,1338,27369,834,8417,1338,35786,California
Marin,2021-02-06,1425,45675,850,24217,575,21458,0,0,603,27151,821,9238,603,36389,California
Marin,2021-02-07,1287,46962,1005,25222,282,21740,0,0,489,26843,797,10035,489,36878,California
Marin,2021-02-08,1517,48479,753,25975,764,22504,0,0,725,26778,790,10825,725,37603,California
Marin,2021-02-09,1781,50260,1121,27096,660,23164,0,0,836,26669,945,11770,836,38439,California
Marin,2021-02-10,2336,52596,1490,28586,846,24010,0,0,1218,26772,1116,12886,1219,39658,California
Marin,2021-02-11,2866,55462,1644,30230,1222,25232,0,0,1453,26820,1408,14294,1456,41114,California
Marin,2021-02-12,3064,58526,1540,31770,1524,26756,0,0,1568,26895,1493,15787,1568,42682,California
Marin,2021-02-13,2334,60860,1243,33013,1091,27847,0,0,1127,26817,1205,16992,1127,43809,California
Marin,2021-02-14,811,61671,302,33315,509,28356,0,0,718,27443,93,17085,719,44528,California
Marin,2021-02-15,1216,62887,355,33670,861,29217,0,0,836,27901,379,17464,837,45365,California
Marin,2021-02-16,2461,65348,1055,34725,1406,30623,0,0,1502,28445,958,18422,1502,46867,California
Marin,2021-02-17,2098,67446,942,35667,1156,31779,0,0,1085,28520,1011,19433,1086,47953,California
Marin,2021-02-18,2417,69863,1582,37249,835,32614,0,0,1062,28228,1354,20787,1062,49015,California
Marin,2021-02-19,2758,72621,2155,39404,603,33217,0,0,1221,27925,1525,22312,1222,50237,California
Marin,2021-02-20,2564,75185,2111,41515,453,33670,0,0,1215,27798,1343,23655,1216,51453,California
Marin,2021-02-21,1281,76466,1089,42604,192,33862,0,0,907,28335,370,24025,907,52360,California
Marin,2021-02-22,1824,78290,1406,44010,418,34280,0,0,1214,28941,608,24633,1214,53574,California
Marin,2021-02-23,2834,81124,1616,45626,1218,35498,0,0,1908,29933,917,25550,1909,55483,California
Marin,2021-02-24,3511,84635,1608,47234,1903,37401,0,0,2257,30944,1247,26797,2258,57741,California
Marin,2021-02-25,3927,88562,1808,49042,2119,39520,0,0,2770,32565,1150,27947,2771,60512,California
Marin,2021-02-26,3485,92047,1883,50925,1602,41122,0,0,2529,34150,945,28892,2530,63042,California
Marin,2021-02-27,2608,94655,1495,52420,1113,42235,0,0,1776,35099,829,29721,1778,64820,California
Marin,2021-02-28,1378,96033,917,53337,461,42696,0,0,1042,35808,333,30054,1042,65862,California
Marin,2021-03-01,2478,98511,1537,54874,941,43637,0,0,1666,36667,807,30861,1666,67528,California
Marin,2021-03-02,2437,100948,1601,56475,835,44472,1,1,1688,37610,746,31607,1689,69217,California
Marin,2021-03-03,4303,105251,2387,58862,1913,46385,3,4,2790,38895,1508,33115,2793,72010,California
Marin,2021-03-04,3343,108594,1646,60508,1696,48081,1,5,2332,40227,1004,34119,2336,74346,California
Marin,2021-03-05,3032,111626,1138,61646,1882,49963,12,17,1779,40768,1250,35369,1791,76137,California
Marin,2021-03-06,3226,114852,2314,63960,834,50797,78,95,2653,42930,568,35937,2730,78867,California
Marin,2021-03-07,1371,116223,1153,65113,194,50991,24,119,981,43549,386,36323,1005,79872,California
Marin,2021-03-08,1873,118096,1368,66481,388,51379,117,236,1408,44612,462,36785,1525,81397,California
Marin,2021-03-09,2100,120196,1217,67698,776,52155,107,343,1426,45473,672,37457,1533,82930,California
Marin,2021-03-10,4394,124590,2457,70155,1657,53812,280,623,3170,47703,1221,38678,3451,86381,California
Marin,2021-03-11,4556,129146,1875,72030,2546,56358,135,758,3268,49825,1281,39959,3403,89784,California
Marin,2021-03-12,3972,133118,1535,73565,2081,58439,356,1114,1562,49344,2399,42358,1918,91702,California
Marin,2021-03-13,4091,137209,2856,76421,1163,59602,72,1186,2419,50160,1670,44028,2486,94188,California
Marin,2021-03-14,2273,139482,1096,77517,1060,60662,117,1303,726,49458,1545,45573,843,95031,California
Marin,2021-03-15,3228,142710,1761,79278,1420,62082,47,1350,1218,48722,2000,47573,1264,96295,California
Marin,2021-03-16,4293,147003,2309,81587,1620,63702,364,1714,1519,47832,2771,50344,1881,98176,California
Marin,2021-03-17,4174,151177,2265,83852,1865,65567,44,1758,2054,47820,2109,52453,2097,100273,California
Marin,2021-03-18,4474,155651,2249,86101,2150,67717,75,1833,2243,47919,2217,54670,2316,102589,California
Marin,2021-03-19,4462,160113,2279,88380,1965,69682,218,2051,2429,48540,2025,56695,2646,105235,California
Marin,2021-03-20,3577,163690,1982,90362,1481,71163,114,2165,2035,49155,1535,58230,2150,107385,California
Marin,2021-03-21,1528,165218,1125,91487,378,71541,25,2190,796,49246,730,58960,821,108206,California
Marin,2021-03-22,2464,167682,2131,93618,168,71709,165,2355,989,48929,1471,60431,1154,109360,California
Marin,2021-03-23,4236,171918,2189,95807,1917,73626,130,2485,1937,48703,2293,62724,2067,111427,California
Marin,2021-03-24,4415,176333,2895,98702,1416,75042,104,2589,1795,47991,2609,65333,1897,113324,California
Marin,2021-03-25,4636,180969,2832,101534,1736,76778,68,2657,2265,47963,2359,67692,2331,115655,California
Marin,2021-03-26,4283,185252,2324,103858,1745,78523,214,2871,2419,48749,1847,69539,2633,118288,California
Marin,2021-03-27,3691,188943,2649,106507,1023,79546,19,2890,1146,47378,2535,72074,1164,119452,California
Marin,2021-03-28,2379,191322,1718,108225,655,80201,6,2896,1104,47219,1269,73343,1110,120562,California
Marin,2021-03-29,2687,194009,2095,110320,567,80768,25,2921,1191,46941,1494,74837,1216,121778,California
Marin,2021-03-30,4651,198660,3644,113964,974,81742,33,2954,3060,48446,1588,76425,3093,124871,California
Marin,2021-03-31,5793,204453,4108,118072,1636,83378,49,3003,2582,47877,3200,79625,2631,127502,California
Marin,2021-04-01,4390,208843,2268,120340,1871,85249,251,3254,2110,47965,2273,81898,2361,129863,California
Marin,2021-04-02,3689,212532,1833,122173,1493,86742,363,3617,1971,48584,1711,83609,2330,132193,California
Marin,2021-04-03,3831,216363,2519,124692,944,87686,368,3985,1462,48055,2359,85968,1830,134023,California
Marin,2021-04-04,1636,217999,1228,125920,204,87890,204,4189,1194,49013,440,86408,1398,135421,California
Marin,2021-04-05,2187,220186,1520,127440,297,88187,370,4559,1261,49721,921,87329,1629,137050,California
Marin,2021-04-06,3940,224126,2110,129550,1282,89469,548,5107,2191,50713,1744,89073,2736,139786,California
Marin,2021-04-07,3913,228039,1981,131531,1293,90762,639,5746,1427,50300,2479,91552,2066,141852,California
Marin,2021-04-08,4995,233034,1953,133484,2434,93196,608,6354,2284,50480,2703,94255,2883,144735,California
Marin,2021-04-09,3941,236975,1530,135014,1685,94881,726,7080,1293,49853,2643,96898,2016,146751,California
Marin,2021-04-10,3184,240159,1461,136475,1290,96171,433,7513,1434,49977,1740,98638,1864,148615,California
Marin,2021-04-11,1056,241215,801,137276,93,96264,162,7675,474,50031,581,99219,635,149250,California
Marin,2021-04-12,1729,242944,1228,138504,341,96605,160,7835,919,50304,807,100026,1080,150330,California
Marin,2021-04-13,3704,246648,2268,140772,1429,98034,7,7842,1348,49313,2346,102372,1355,151685,California
Marin,2021-04-14,4143,250791,2473,143245,1668,99702,2,7844,1701,48580,2435,104807,1702,153387,California
Marin,2021-04-15,5545,256336,3925,147170,1620,101322,0,7844,3179,49407,2353,107160,3180,156567,California
Marin,2021-04-16,4236,260572,2230,149400,2003,103325,3,7847,2064,49314,2160,109320,2067,158634,California
Marin,2021-04-17,3519,264091,2151,151551,1368,104693,0,7847,1758,49316,1756,111076,1758,160392,California
Marin,2021-04-18,3198,267289,3096,154647,102,104795,0,7847,2562,51245,633,111709,2562,162954,California
Marin,2021-04-19,2010,269299,1842,156489,168,104963,0,7847,1162,51564,845,112554,1164,164118,California
Marin,2021-04-20,3690,272989,2552,159041,1138,106101,0,7847,1478,50835,2207,114761,1478,165596,California
Marin,2021-04-21,3997,276986,2939,161980,1055,107156,3,7850,1377,49607,2606,117367,1378,166974,California
Marin,2021-04-22,4200,281186,3203,165183,997,108153,0,7850,1480,48376,2714,120081,1483,168457,California
Marin,2021-04-23,3216,284402,1819,167002,1397,109550,0,7850,1230,47626,1981,122062,1231,169688,California
Marin,2021-04-24,2511,286913,1692,168694,818,110368,1,7851,924,46973,1578,123640,925,170613,California
Marin,2021-04-25,1387,288300,1270,169964,117,110485,0,7851,314,46219,1068,124708,314,170927,California
Marin,2021-04-26,1521,289821,1321,171285,198,110683,2,7853,341,45384,1179,125887,344,171271,California
Marin,2021-04-27,2906,292727,2134,173419,734,111417,38,7891,940,44402,1956,127843,974,172245,California
Marin,2021-04-28,2190,294917,1499,174918,648,112065,43,7934,669,43595,1518,129361,711,172956,California
Marin,2021-04-29,2390,297307,1603,176521,730,112795,57,7991,657,42582,1727,131088,714,173670,California
Marin,2021-04-30,1529,298836,1081,177602,432,113227,16,8007,554,42182,971,132059,571,174241,California
Marin,2021-05-01,964,299800,530,178132,433,113660,1,8008,440,42103,520,132579,441,174682,California
Mariposa,2020-12-17,37,37,37,37,0,0,0,0,39,39,0,0,39,39,California
Mariposa,2020-12-18,56,93,56,93,0,0,0,0,57,96,0,0,57,96,California
Mariposa,2020-12-20,2,95,2,95,0,0,0,0,2,98,0,0,2,98,California
Mariposa,2020-12-21,47,142,47,142,0,0,0,0,52,150,0,0,52,150,California
Mariposa,2020-12-22,5,147,5,147,0,0,0,0,5,155,0,0,5,155,California
Mariposa,2020-12-23,17,164,17,164,0,0,0,0,17,172,0,0,17,172,California
Mariposa,2020-12-24,1,165,0,164,1,1,0,0,0,172,0,0,0,172,California
Mariposa,2020-12-26,1,166,1,165,0,1,0,0,1,173,0,0,1,173,California
Mariposa,2020-12-27,1,167,0,165,1,2,0,0,1,174,0,0,1,174,California
Mariposa,2020-12-28,6,173,3,168,3,5,0,0,6,180,0,0,6,180,California
Mariposa,2020-12-29,33,206,3,171,30,35,0,0,33,213,0,0,33,213,California
Mariposa,2020-12-30,25,231,4,175,21,56,0,0,25,238,0,0,25,238,California
Mariposa,2020-12-31,16,247,0,175,16,72,0,0,16,254,0,0,16,254,California
Mariposa,2021-01-02,1,248,1,176,0,72,0,0,1,255,0,0,1,255,California
Mariposa,2021-01-04,8,256,1,177,7,79,0,0,8,263,0,0,8,263,California
Mariposa,2021-01-05,24,280,14,191,10,89,0,0,14,267,10,10,14,277,California
Mariposa,2021-01-06,6,286,3,194,3,92,0,0,3,267,3,13,3,280,California
Mariposa,2021-01-07,52,338,47,241,5,97,0,0,5,225,47,60,5,285,California
Mariposa,2021-01-08,108,446,79,320,29,126,0,0,33,183,75,135,33,318,California
Mariposa,2021-01-09,1,447,0,320,1,127,0,0,1,184,0,135,1,319,California
Mariposa,2021-01-11,31,478,10,330,21,148,0,0,23,199,8,143,23,342,California
Mariposa,2021-01-12,19,497,4,334,15,163,0,0,15,210,4,147,15,357,California
Mariposa,2021-01-13,21,518,4,338,17,180,0,0,18,225,3,150,18,375,California
Mariposa,2021-01-14,73,591,7,345,66,246,0,0,67,286,6,156,67,442,California
Mariposa,2021-01-15,66,657,26,371,40,286,0,0,56,332,10,166,56,498,California
Mariposa,2021-01-16,14,671,2,373,12,298,0,0,13,344,1,167,13,511,California
Mariposa,2021-01-17,2,673,0,373,2,300,0,0,2,346,0,167,2,513,California
Mariposa,2021-01-18,3,676,3,376,0,300,0,0,1,345,2,169,1,514,California
Mariposa,2021-01-19,8,684,4,380,4,304,0,0,5,348,2,171,5,519,California
Mariposa,2021-01-20,23,707,1,381,22,326,0,0,22,369,1,172,22,541,California
Mariposa,2021-01-21,64,771,7,388,57,383,0,0,60,425,4,176,60,601,California
Mariposa,2021-01-22,55,826,2,390,53,436,0,0,55,480,0,176,55,656,California
Mariposa,2021-01-23,116,942,2,392,114,550,0,0,115,594,1,177,115,771,California
Mariposa,2021-01-24,2,944,2,394,0,550,0,0,2,596,0,177,2,773,California
Mariposa,2021-01-25,4,948,1,395,3,553,0,0,0,592,4,181,0,773,California
Mariposa,2021-01-26,36,984,4,399,32,585,0,0,4,568,32,213,8,781,California
Mariposa,2021-01-27,22,1006,1,400,21,606,0,0,13,572,9,222,13,794,California
Mariposa,2021-01-28,126,1132,3,403,123,729,0,0,113,673,12,234,113,907,California
Mariposa,2021-01-29,84,1216,22,425,62,791,0,0,83,755,1,235,83,990,California
Mariposa,2021-01-30,9,1225,1,426,8,799,0,0,8,762,1,236,8,998,California
Mariposa,2021-01-31,1,1226,0,426,1,800,0,0,1,763,0,236,1,999,California
Mariposa,2021-02-01,87,1313,30,456,57,857,0,0,66,808,21,257,66,1065,California
Mariposa,2021-02-02,15,1328,3,459,12,869,0,0,9,811,6,263,9,1074,California
Mariposa,2021-02-03,20,1348,1,460,19,888,0,0,14,819,6,269,14,1088,California
Mariposa,2021-02-04,93,1441,8,468,85,973,0,0,88,904,4,273,89,1177,California
Mariposa,2021-02-05,188,1629,5,473,183,1156,0,0,162,1040,26,299,162,1339,California
Mariposa,2021-02-06,11,1640,4,477,7,1163,0,0,10,1049,1,300,10,1349,California
Mariposa,2021-02-08,40,1680,2,479,38,1201,0,0,21,1051,19,319,21,1370,California
Mariposa,2021-02-09,43,1723,25,504,18,1219,0,0,37,1082,6,325,37,1407,California
Mariposa,2021-02-10,28,1751,5,509,23,1242,0,0,17,1095,10,335,23,1430,California
Mariposa,2021-02-11,374,2125,5,514,369,1611,0,0,361,1445,13,348,363,1793,California
Mariposa,2021-02-12,183,2308,7,521,176,1787,0,0,140,1542,43,391,140,1933,California
Mariposa,2021-02-13,11,2319,3,524,8,1795,0,0,9,1549,2,393,9,1942,California
Mariposa,2021-02-14,8,2327,4,528,4,1799,0,0,5,1551,3,396,5,1947,California
Mariposa,2021-02-15,9,2336,3,531,6,1805,0,0,7,1556,2,398,7,1954,California
Mariposa,2021-02-16,57,2393,34,565,23,1828,0,0,34,1567,23,421,34,1988,California
Mariposa,2021-02-17,36,2429,8,573,28,1856,0,0,27,1587,8,429,28,2016,California
Mariposa,2021-02-18,56,2485,7,580,49,1905,0,0,20,1571,36,465,20,2036,California
Mariposa,2021-02-19,82,2567,3,583,79,1984,0,0,77,1643,5,470,77,2113,California
Mariposa,2021-02-20,251,2818,4,587,247,2231,0,0,222,1837,28,498,222,2335,California
Mariposa,2021-02-21,236,3054,2,589,234,2465,0,0,235,2071,1,499,235,2570,California
Mariposa,2021-02-22,24,3078,7,596,17,2482,0,0,21,2089,3,502,21,2591,California
Mariposa,2021-02-23,42,3120,36,632,6,2488,0,0,25,2097,17,519,25,2616,California
Mariposa,2021-02-24,19,3139,3,635,16,2504,0,0,7,2093,11,530,7,2623,California
Mariposa,2021-02-25,17,3156,8,643,9,2513,0,0,11,2098,6,536,11,2634,California
Mariposa,2021-02-26,420,3576,6,649,414,2927,0,0,359,2397,61,597,360,2994,California
Mariposa,2021-02-27,171,3747,5,654,166,3093,0,0,160,2546,11,608,160,3154,California
Mariposa,2021-02-28,2,3749,1,655,1,3094,0,0,0,2544,2,610,0,3154,California
Mariposa,2021-03-01,82,3831,26,681,56,3150,0,0,17,2497,64,674,17,3171,California
Mariposa,2021-03-02,21,3852,14,695,7,3157,0,0,11,2499,9,683,11,3182,California
Mariposa,2021-03-03,70,3922,5,700,65,3222,0,0,66,2562,4,687,67,3249,California
Mariposa,2021-03-04,34,3956,8,708,26,3248,0,0,20,2568,14,701,20,3269,California
Mariposa,2021-03-05,51,4007,8,716,43,3291,0,0,37,2596,14,715,42,3311,California
Mariposa,2021-03-06,15,4022,6,722,9,3300,0,0,7,2595,8,723,7,3318,California
Mariposa,2021-03-07,1,4023,1,723,0,3300,0,0,0,2594,1,724,0,3318,California
Mariposa,2021-03-08,38,4061,4,727,23,3323,11,11,9,2585,29,753,20,3338,California
Mariposa,2021-03-09,45,4106,18,745,17,3340,10,21,14,2578,31,784,24,3362,California
Mariposa,2021-03-10,29,4135,9,754,10,3350,10,31,9,2577,20,804,19,3381,California
Mariposa,2021-03-11,464,4599,6,760,440,3790,18,49,224,2583,239,1043,245,3626,California
Mariposa,2021-03-12,252,4851,6,766,219,4009,27,76,113,2583,139,1182,139,3765,California
Mariposa,2021-03-13,32,4883,6,772,11,4020,15,91,11,2587,21,1203,25,3790,California
Mariposa,2021-03-14,17,4900,2,774,4,4024,11,102,3,2587,14,1217,14,3804,California
Mariposa,2021-03-15,76,4976,7,781,31,4055,38,140,31,2611,45,1262,69,3873,California
Mariposa,2021-03-16,82,5058,32,813,15,4070,35,175,24,2612,58,1320,59,3932,California
Mariposa,2021-03-17,71,5129,10,823,53,4123,8,183,51,2652,19,1339,59,3991,California
Mariposa,2021-03-18,66,5195,15,838,41,4164,10,193,41,2678,25,1364,51,4042,California
Mariposa,2021-03-19,336,5531,8,846,323,4487,5,198,302,2951,34,1398,307,4349,California
Mariposa,2021-03-20,426,5957,4,850,420,4907,2,200,47,2622,379,1777,50,4399,California
Mariposa,2021-03-21,14,5971,8,858,5,4912,1,201,9,2628,4,1781,10,4409,California
Mariposa,2021-03-22,36,6007,7,865,21,4933,8,209,25,2651,11,1792,34,4443,California
Mariposa,2021-03-23,52,6059,32,897,10,4943,10,219,31,2671,21,1813,41,4484,California
Mariposa,2021-03-24,55,6114,5,902,48,4991,2,221,50,2718,5,1818,52,4536,California
Mariposa,2021-03-25,73,6187,15,917,50,5041,8,229,53,2759,20,1838,61,4597,California
Mariposa,2021-03-26,485,6672,8,925,476,5517,1,230,250,2775,235,2073,251,4848,California
Mariposa,2021-03-27,225,6897,8,933,217,5734,0,230,90,2732,135,2208,92,4940,California
Mariposa,2021-03-28,5,6902,0,933,2,5736,3,233,1,2732,4,2212,4,4944,California
Mariposa,2021-03-29,18,6920,5,938,13,5749,0,233,11,2736,7,2219,11,4955,California
Mariposa,2021-03-30,36,6956,13,951,7,5756,16,249,13,2742,23,2242,29,4984,California
Mariposa,2021-03-31,91,7047,16,967,68,5824,7,256,71,2800,20,2262,78,5062,California
Mariposa,2021-04-01,51,7098,9,976,34,5858,8,264,31,2819,20,2282,39,5101,California
Mariposa,2021-04-02,348,7446,10,986,336,6194,2,266,310,3094,37,2319,312,5413,California
Mariposa,2021-04-03,10,7456,7,993,3,6197,0,266,5,3094,5,2324,5,5418,California
Mariposa,2021-04-04,2,7458,1,994,0,6197,1,267,0,3093,2,2326,1,5419,California
Mariposa,2021-04-05,31,7489,23,1017,5,6202,3,270,15,3095,16,2342,18,5437,California
Mariposa,2021-04-06,42,7531,19,1036,7,6209,16,286,12,3094,29,2371,28,5465,California
Mariposa,2021-04-07,97,7628,6,1042,72,6281,19,305,28,3072,69,2440,47,5512,California
Mariposa,2021-04-08,274,7902,13,1055,242,6523,19,324,140,3100,132,2572,160,5672,California
Mariposa,2021-04-09,34,7936,9,1064,13,6536,12,336,10,3098,24,2596,22,5694,California
Mariposa,2021-04-10,200,8136,1,1065,189,6725,10,346,186,3280,13,2609,195,5889,California
Mariposa,2021-04-11,115,8251,4,1069,109,6834,2,348,48,3264,67,2676,51,5940,California
Mariposa,2021-04-12,36,8287,10,1079,24,6858,2,350,8,3246,28,2704,10,5950,California
Mariposa,2021-04-13,53,8340,45,1124,8,6866,0,350,34,3261,19,2723,34,5984,California
Mariposa,2021-04-14,112,8452,7,1131,105,6971,0,350,59,3268,52,2775,59,6043,California
Mariposa,2021-04-15,55,8507,17,1148,38,7009,0,350,40,3296,12,2787,40,6083,California
Mariposa,2021-04-16,371,8878,10,1158,361,7370,0,350,97,3119,274,3061,97,6180,California
Mariposa,2021-04-17,11,8889,6,1164,5,7375,0,350,8,3124,3,3064,8,6188,California
Mariposa,2021-04-18,6,8895,0,1164,6,7381,0,350,3,3124,3,3067,3,6191,California
Mariposa,2021-04-19,53,8948,23,1187,30,7411,0,350,28,3128,24,3091,28,6219,California
Mariposa,2021-04-20,63,9011,50,1237,13,7424,0,350,40,3148,20,3111,40,6259,California
Mariposa,2021-04-21,21,9032,12,1249,9,7433,0,350,10,3148,10,3121,10,6269,California
Mariposa,2021-04-22,44,9076,8,1257,36,7469,0,350,36,3177,7,3128,36,6305,California
Mariposa,2021-04-23,314,9390,68,1325,246,7715,0,350,145,3154,169,3297,146,6451,California
Mariposa,2021-04-24,105,9495,9,1334,96,7811,0,350,43,3136,61,3358,43,6494,California
Mariposa,2021-04-26,12,9507,9,1343,3,7814,0,350,2,3128,10,3368,2,6496,California
Mariposa,2021-04-27,29,9536,15,1358,13,7827,1,351,14,3132,11,3379,15,6511,California
Mariposa,2021-04-28,16,9552,11,1369,3,7830,2,353,10,3138,6,3385,12,6523,California
Mariposa,2021-04-29,24,9576,10,1379,13,7843,1,354,20,3155,4,3389,21,6544,California
Mariposa,2021-04-30,50,9626,3,1382,42,7885,5,359,38,3186,12,3401,43,6587,California
Mendocino,2020-12-17,70,70,70,70,0,0,0,0,70,70,0,0,70,70,California
Mendocino,2020-12-18,85,155,84,154,1,1,0,0,84,154,0,0,84,154,California
Mendocino,2020-12-19,4,159,4,158,0,1,0,0,4,158,0,0,4,158,California
Mendocino,2020-12-20,7,166,7,165,0,1,0,0,7,165,0,0,7,165,California
Mendocino,2020-12-21,241,407,241,406,0,1,0,0,77,242,0,0,77,242,California
Mendocino,2020-12-22,250,657,189,595,61,62,0,0,250,492,0,0,250,492,California
Mendocino,2020-12-23,270,927,47,642,223,285,0,0,269,761,0,0,269,761,California
Mendocino,2020-12-24,49,976,8,650,41,326,0,0,49,810,0,0,49,810,California
Mendocino,2020-12-25,1,977,0,650,1,327,0,0,1,811,0,0,1,811,California
Mendocino,2020-12-26,2,979,2,652,0,327,0,0,2,813,0,0,2,813,California
Mendocino,2020-12-27,1,980,0,652,1,328,0,0,1,814,0,0,1,814,California
Mendocino,2020-12-28,74,1054,9,661,65,393,0,0,74,888,0,0,74,888,California
Mendocino,2020-12-29,122,1176,61,722,61,454,0,0,122,1010,0,0,122,1010,California
Mendocino,2020-12-30,123,1299,68,790,55,509,0,0,123,1133,0,0,123,1133,California
Mendocino,2020-12-31,130,1429,95,885,35,544,0,0,130,1263,0,0,130,1263,California
Mendocino,2021-01-01,7,1436,5,890,2,546,0,0,7,1270,0,0,7,1270,California
Mendocino,2021-01-02,1,1437,1,891,0,546,0,0,1,1271,0,0,1,1271,California
Mendocino,2021-01-04,840,2277,19,910,821,1367,0,0,840,2111,0,0,840,2111,California
Mendocino,2021-01-05,71,2348,35,945,36,1403,0,0,58,2156,13,13,58,2169,California
Mendocino,2021-01-06,155,2503,133,1078,22,1425,0,0,145,2291,10,23,145,2314,California
Mendocino,2021-01-07,357,2860,238,1316,119,1544,0,0,294,2522,63,86,294,2608,California
Mendocino,2021-01-08,95,2955,82,1398,13,1557,0,0,41,2510,54,140,42,2650,California
Mendocino,2021-01-09,10,2965,6,1404,4,1561,0,0,8,2516,2,142,8,2658,California
Mendocino,2021-01-10,8,2973,8,1412,0,1561,0,0,1,2510,7,149,1,2659,California
Mendocino,2021-01-11,101,3074,92,1504,9,1570,0,0,43,2496,57,206,43,2702,California
Mendocino,2021-01-12,385,3459,375,1879,10,1580,0,0,269,2649,116,322,269,2971,California
Mendocino,2021-01-13,483,3942,145,2024,338,1918,0,0,442,3053,39,361,443,3414,California
Mendocino,2021-01-14,636,4578,20,2044,616,2534,0,0,627,3671,9,370,627,4041,California
Mendocino,2021-01-15,1857,6435,859,2903,998,3532,0,0,1852,5519,5,375,1853,5894,California
Mendocino,2021-01-16,791,7226,50,2953,741,4273,0,0,789,6306,2,377,789,6683,California
Mendocino,2021-01-17,553,7779,1,2954,552,4825,0,0,552,6857,1,378,552,7235,California
Mendocino,2021-01-18,488,8267,463,3417,25,4850,0,0,476,7321,12,390,476,7711,California
Mendocino,2021-01-19,334,8601,148,3565,186,5036,0,0,158,7303,176,566,158,7869,California
Mendocino,2021-01-20,553,9154,406,3971,147,5183,0,0,447,7647,104,670,448,8317,California
Mendocino,2021-01-21,536,9690,223,4194,313,5496,0,0,352,7816,183,853,352,8669,California
Mendocino,2021-01-22,149,9839,58,4252,91,5587,0,0,110,7887,39,892,110,8779,California
Mendocino,2021-01-23,155,9994,83,4335,72,5659,0,0,149,8030,6,898,149,8928,California
Mendocino,2021-01-24,5,9999,3,4338,2,5661,0,0,5,8035,0,898,5,8933,California
Mendocino,2021-01-25,191,10190,18,4356,173,5834,0,0,121,8086,70,968,121,9054,California
Mendocino,2021-01-26,156,10346,56,4412,100,5934,0,0,95,8120,61,1029,95,9149,California
Mendocino,2021-01-27,439,10785,369,4781,70,6004,0,0,174,8036,258,1287,174,9323,California
Mendocino,2021-01-28,589,11374,525,5306,64,6068,0,0,494,8436,94,1381,494,9817,California
Mendocino,2021-01-29,392,11766,351,5657,41,6109,0,0,363,8771,29,1410,364,10181,California
Mendocino,2021-01-30,48,11814,30,5687,18,6127,0,0,41,8805,7,1417,41,10222,California
Mendocino,2021-01-31,273,12087,2,5689,271,6398,0,0,3,8538,270,1687,3,10225,California
Mendocino,2021-02-01,380,12467,52,5741,328,6726,0,0,58,8274,322,2009,58,10283,California
Mendocino,2021-02-02,721,13188,502,6243,219,6945,0,0,363,8279,358,2367,363,10646,California
Mendocino,2021-02-03,391,13579,206,6449,185,7130,0,0,221,8332,168,2535,221,10867,California
Mendocino,2021-02-04,624,14203,529,6978,95,7225,0,0,500,8708,124,2659,500,11367,California
Mendocino,2021-02-05,1298,15501,1211,8189,87,7312,0,0,584,8580,712,3371,584,11951,California
Mendocino,2021-02-06,559,16060,158,8347,401,7713,0,0,544,9109,15,3386,544,12495,California
Mendocino,2021-02-07,32,16092,28,8375,4,7717,0,0,32,9141,0,3386,32,12527,California
Mendocino,2021-02-08,746,16838,715,9090,31,7748,0,0,284,8963,462,3848,284,12811,California
Mendocino,2021-02-09,141,16979,58,9148,83,7831,0,0,89,9000,52,3900,89,12900,California
Mendocino,2021-02-10,1481,18460,921,10069,560,8391,0,0,741,9007,734,4634,741,13641,California
Mendocino,2021-02-11,1133,19593,208,10277,925,9316,0,0,281,8436,852,5486,281,13922,California
Mendocino,2021-02-12,1404,20997,161,10438,1243,10559,0,0,639,8311,764,6250,639,14561,California
Mendocino,2021-02-13,496,21493,12,10450,484,11043,0,0,103,8027,392,6642,108,14669,California
Mendocino,2021-02-14,694,22187,3,10453,691,11734,0,0,134,7601,560,7202,134,14803,California
Mendocino,2021-02-15,329,22516,42,10495,287,12021,0,0,174,7620,155,7357,174,14977,California
Mendocino,2021-02-16,200,22716,51,10546,149,12170,0,0,130,7680,70,7427,130,15107,California
Mendocino,2021-02-17,1350,24066,1188,11734,162,12332,0,0,877,8086,471,7898,877,15984,California
Mendocino,2021-02-18,1781,25847,640,12374,1141,13473,0,0,1215,8736,565,8463,1215,17199,California
Mendocino,2021-02-19,749,26596,146,12520,603,14076,0,0,610,9207,139,8602,610,17809,California
Mendocino,2021-02-20,570,27166,544,13064,26,14102,0,0,540,9719,28,8630,540,18349,California
Mendocino,2021-02-21,325,27491,6,13070,319,14421,0,0,313,10021,11,8641,313,18662,California
Mendocino,2021-02-22,161,27652,30,13100,131,14552,0,0,69,9999,91,8732,69,18731,California
Mendocino,2021-02-23,674,28326,661,13761,13,14565,0,0,612,10550,61,8793,612,19343,California
Mendocino,2021-02-24,1839,30165,1759,15520,80,14645,0,0,1430,11577,405,9198,1432,20775,California
Mendocino,2021-02-25,1703,31868,532,16052,1171,15816,0,0,1284,12443,418,9616,1284,22059,California
Mendocino,2021-02-26,1403,33271,748,16800,655,16471,0,0,1040,13122,361,9977,1040,23099,California
Mendocino,2021-02-27,199,33470,151,16951,48,16519,0,0,76,13076,122,10099,76,23175,California
Mendocino,2021-02-28,35,33505,13,16964,22,16541,0,0,24,13089,11,10110,24,23199,California
Mendocino,2021-03-01,575,34080,532,17496,43,16584,0,0,538,13590,37,10147,538,23737,California
Mendocino,2021-03-02,71,34151,24,17520,47,16631,0,0,42,13604,28,10175,42,23779,California
Mendocino,2021-03-03,1709,35860,1329,18849,380,17011,0,0,1077,14051,630,10805,1077,24856,California
Mendocino,2021-03-04,1768,37628,147,18996,1621,18632,0,0,1551,15388,215,11020,1552,26408,California
Mendocino,2021-03-05,209,37837,148,19144,52,18684,9,9,117,15424,90,11110,126,26534,California
Mendocino,2021-03-06,242,38079,20,19164,197,18881,25,34,201,15610,40,11150,226,26760,California
Mendocino,2021-03-07,505,38584,8,19172,477,19358,20,54,118,15361,386,11536,137,26897,California
Mendocino,2021-03-08,124,38708,29,19201,59,19417,36,90,64,15403,58,11594,100,26997,California
Mendocino,2021-03-09,570,39278,230,19431,299,19716,41,131,472,15818,98,11692,513,27510,California
Mendocino,2021-03-10,1109,40387,980,20411,64,19780,65,196,268,15316,838,12530,336,27846,California
Mendocino,2021-03-11,821,41208,611,21022,157,19937,53,249,394,15338,425,12955,447,28293,California
Mendocino,2021-03-12,2016,43224,1030,22052,892,20829,94,343,1211,15845,798,13753,1305,29598,California
Mendocino,2021-03-13,654,43878,524,22576,73,20902,57,400,97,15446,553,14306,154,29752,California
Mendocino,2021-03-14,104,43982,2,22578,95,20997,7,407,11,15375,89,14395,18,29770,California
Mendocino,2021-03-15,597,44579,51,22629,488,21485,58,465,209,15254,387,14782,266,30036,California
Mendocino,2021-03-16,570,45149,374,23003,151,21636,45,510,139,15009,429,15211,184,30220,California
Mendocino,2021-03-17,1563,46712,1359,24362,56,21692,148,658,214,14032,1346,16557,369,30589,California
Mendocino,2021-03-18,1307,48019,248,24610,1021,22713,38,696,284,13338,1015,17572,321,30910,California
Mendocino,2021-03-19,1754,49773,855,25465,838,23551,61,757,331,12313,1419,18991,394,31304,California
Mendocino,2021-03-20,68,49841,10,25475,37,23588,21,778,12,12290,56,19047,33,31337,California
Mendocino,2021-03-21,8,49849,1,25476,2,23590,5,783,3,12293,5,19052,8,31345,California
Mendocino,2021-03-22,624,50473,580,26056,15,23605,29,812,146,11993,474,19526,174,31519,California
Mendocino,2021-03-23,165,50638,33,26089,102,23707,30,842,115,12088,50,19576,145,31664,California
Mendocino,2021-03-24,911,51549,840,26929,24,23731,47,889,114,11454,795,20371,161,31825,California
Mendocino,2021-03-25,1985,53534,50,26979,1916,25647,19,908,174,9838,1808,22179,192,32017,California
Mendocino,2021-03-26,506,54040,357,27336,124,25771,25,933,324,10005,182,22361,349,32366,California
Mendocino,2021-03-27,142,54182,12,27348,118,25889,12,945,82,10039,59,22420,93,32459,California
Mendocino,2021-03-28,25,54207,4,27352,17,25906,4,949,3,10024,22,22442,7,32466,California
Mendocino,2021-03-29,186,54393,97,27449,47,25953,42,991,95,10070,91,22533,137,32603,California
Mendocino,2021-03-30,682,55075,597,28046,48,26001,37,1028,412,10250,269,22802,449,33052,California
Mendocino,2021-03-31,866,55941,271,28317,535,26536,60,1088,408,10262,456,23258,468,33520,California
Mendocino,2021-04-01,1707,57648,399,28716,1230,27766,78,1166,382,9404,1317,24575,459,33979,California
Mendocino,2021-04-02,1283,58931,1055,29771,155,27921,73,1239,223,8643,1057,25632,296,34275,California
Mendocino,2021-04-03,704,59635,9,29780,674,28595,21,1260,84,8132,616,26248,105,34380,California
Mendocino,2021-04-04,69,59704,34,29814,29,28624,6,1266,54,8177,15,26263,60,34440,California
Mendocino,2021-04-05,210,59914,142,29956,44,28668,24,1290,130,8249,80,26343,152,34592,California
Mendocino,2021-04-06,383,60297,121,30077,179,28847,83,1373,106,8161,277,26620,189,34781,California
Mendocino,2021-04-07,480,60777,172,30249,63,28910,245,1618,116,8159,362,26982,360,35141,California
Mendocino,2021-04-08,1490,62267,913,31162,461,29371,116,1734,1000,8791,484,27466,1116,36257,California
Mendocino,2021-04-09,756,63023,425,31587,170,29541,161,1895,395,8987,360,27826,556,36813,California
Mendocino,2021-04-10,400,63423,89,31676,265,29806,46,1941,98,8829,302,28128,144,36957,California
Mendocino,2021-04-11,122,63545,47,31723,18,29824,57,1998,58,8880,64,28192,115,37072,California
Mendocino,2021-04-12,617,64162,510,32233,46,29870,61,2059,411,9146,206,28398,472,37544,California
Mendocino,2021-04-13,287,64449,224,32457,62,29932,1,2060,220,9300,67,28465,221,37765,California
Mendocino,2021-04-14,512,64961,422,32879,89,30021,1,2061,410,9609,102,28567,411,38176,California
Mendocino,2021-04-15,654,65615,325,33204,328,30349,1,2062,394,9748,256,28823,395,38571,California
Mendocino,2021-04-16,122,65737,48,33252,72,30421,2,2064,73,9775,48,28871,75,38646,California
Mendocino,2021-04-17,197,65934,11,33263,186,30607,0,2064,69,9717,127,28998,69,38715,California
Mendocino,2021-04-18,8,65942,2,33265,5,30612,1,2065,4,9718,4,29002,5,38720,California
Mendocino,2021-04-19,532,66474,506,33771,24,30636,2,2067,433,10055,98,29100,435,39155,California
Mendocino,2021-04-20,406,66880,278,34049,127,30763,1,2068,261,10172,145,29245,262,39417,California
Mendocino,2021-04-21,181,67061,123,34172,57,30820,1,2069,113,10218,67,29312,113,39530,California
Mendocino,2021-04-22,476,67537,300,34472,175,30995,1,2070,321,10386,153,29465,321,39851,California
Mendocino,2021-04-23,818,68355,676,35148,142,31137,0,2070,666,10902,150,29615,666,40517,California
Mendocino,2021-04-24,101,68456,14,35162,87,31224,0,2070,94,10989,7,29622,94,40611,California
Mendocino,2021-04-25,52,68508,28,35190,20,31244,4,2074,18,10977,34,29656,22,40633,California
Mendocino,2021-04-26,262,68770,205,35395,52,31296,5,2079,180,11081,81,29737,185,40818,California
Mendocino,2021-04-27,174,68944,67,35462,83,31379,24,2103,90,11111,83,29820,113,40931,California
Mendocino,2021-04-28,183,69127,133,35595,39,31418,11,2114,104,11147,79,29899,115,41046,California
Mendocino,2021-04-29,946,70073,706,36301,229,31647,11,2125,85,10383,860,30759,96,41142,California
Mendocino,2021-04-30,492,70565,305,36606,177,31824,10,2135,187,10275,305,31064,197,41339,California
Mendocino,2021-05-01,356,70921,350,36956,2,31826,4,2139,349,10621,7,31071,353,41692,California
Merced,2020-12-16,3,3,3,3,0,0,0,0,3,3,0,0,3,3,California
Merced,2020-12-17,5,8,5,8,0,0,0,0,5,8,0,0,5,8,California
Merced,2020-12-18,143,151,143,151,0,0,0,0,143,151,0,0,143,151,California
Merced,2020-12-19,39,190,39,190,0,0,0,0,39,190,0,0,39,190,California
Merced,2020-12-20,17,207,17,207,0,0,0,0,17,207,0,0,17,207,California
Merced,2020-12-21,125,332,122,329,3,3,0,0,125,332,0,0,125,332,California
Merced,2020-12-22,152,484,152,481,0,3,0,0,152,484,0,0,152,484,California
Merced,2020-12-23,248,732,242,723,6,9,0,0,248,732,0,0,248,732,California
Merced,2020-12-24,72,804,72,795,0,9,0,0,72,804,0,0,72,804,California
Merced,2020-12-25,4,808,4,799,0,9,0,0,4,808,0,0,4,808,California
Merced,2020-12-26,6,814,3,802,3,12,0,0,6,814,0,0,6,814,California
Merced,2020-12-27,12,826,11,813,1,13,0,0,12,826,0,0,12,826,California
Merced,2020-12-28,122,948,98,911,24,37,0,0,122,948,0,0,122,948,California
Merced,2020-12-29,180,1128,124,1035,56,93,0,0,180,1128,0,0,180,1128,California
Merced,2020-12-30,214,1342,89,1124,125,218,0,0,214,1342,0,0,214,1342,California
Merced,2020-12-31,103,1445,34,1158,69,287,0,0,103,1445,0,0,103,1445,California
Merced,2021-01-01,2,1447,0,1158,2,289,0,0,2,1447,0,0,2,1447,California
Merced,2021-01-02,128,1575,117,1275,11,300,0,0,128,1575,0,0,128,1575,California
Merced,2021-01-03,9,1584,5,1280,4,304,0,0,9,1584,0,0,9,1584,California
Merced,2021-01-04,78,1662,40,1320,38,342,0,0,78,1662,0,0,78,1662,California
Merced,2021-01-05,320,1982,231,1551,89,431,0,0,314,1972,6,6,316,1978,California
Merced,2021-01-06,249,2231,98,1649,151,582,0,0,243,2209,6,12,243,2221,California
Merced,2021-01-07,183,2414,80,1729,103,685,0,0,173,2371,11,23,173,2394,California
Merced,2021-01-08,527,2941,393,2122,134,819,0,0,376,2597,150,173,376,2770,California
Merced,2021-01-09,23,2964,10,2132,13,832,0,0,17,2608,6,179,17,2787,California
Merced,2021-01-10,10,2974,6,2138,4,836,0,0,6,2610,4,183,6,2793,California
Merced,2021-01-11,225,3199,167,2305,58,894,0,0,101,2589,124,307,103,2896,California
Merced,2021-01-12,280,3479,157,2462,123,1017,0,0,230,2768,51,358,230,3126,California
Merced,2021-01-13,372,3851,173,2635,199,1216,0,0,221,2841,151,509,224,3350,California
Merced,2021-01-14,325,4176,201,2836,124,1340,0,0,160,2838,164,673,161,3511,California
Merced,2021-01-15,568,4744,125,2961,443,1783,0,0,530,3331,39,712,532,4043,California
Merced,2021-01-16,201,4945,122,3083,79,1862,0,0,196,3522,5,717,196,4239,California
Merced,2021-01-17,49,4994,12,3095,37,1899,0,0,48,3569,1,718,48,4287,California
Merced,2021-01-18,259,5253,126,3221,133,2032,0,0,237,3787,22,740,240,4527,California
Merced,2021-01-19,703,5956,580,3801,123,2155,0,0,532,4152,171,911,536,5063,California
Merced,2021-01-20,571,6527,466,4267,105,2260,0,0,515,4614,56,967,518,5581,California
Merced,2021-01-21,1004,7531,644,4911,360,2620,0,0,905,5423,99,1066,908,6489,California
Merced,2021-01-22,1301,8832,683,5594,618,3238,0,0,1275,6684,26,1092,1287,7776,California
Merced,2021-01-23,307,9139,185,5779,122,3360,0,0,202,6781,105,1197,202,7978,California
Merced,2021-01-24,32,9171,14,5793,18,3378,0,0,23,6796,8,1205,23,8001,California
Merced,2021-01-25,727,9898,241,6034,486,3864,0,0,668,7406,58,1263,668,8669,California
Merced,2021-01-26,911,10809,483,6517,428,4292,0,0,671,7865,213,1476,672,9341,California
Merced,2021-01-27,975,11784,581,7098,394,4686,0,0,813,8518,160,1636,813,10154,California
Merced,2021-01-28,1136,12920,591,7689,545,5231,0,0,1015,9413,121,1757,1016,11170,California
Merced,2021-01-29,845,13765,321,8010,524,5755,0,0,601,9779,237,1994,603,11773,California
Merced,2021-01-30,259,14024,27,8037,232,5987,0,0,243,10006,16,2010,243,12016,California
Merced,2021-01-31,45,14069,10,8047,35,6022,0,0,44,10049,1,2011,44,12060,California
Merced,2021-02-01,373,14442,52,8099,321,6343,0,0,325,10328,47,2058,326,12386,California
Merced,2021-02-02,293,14735,181,8280,112,6455,0,0,174,10386,117,2175,175,12561,California
Merced,2021-02-03,347,15082,70,8350,277,6732,0,0,166,10371,181,2356,166,12727,California
Merced,2021-02-04,370,15452,146,8496,224,6956,0,0,240,10483,129,2485,241,12968,California
Merced,2021-02-05,512,15964,173,8669,339,7295,0,0,272,10518,239,2724,274,13242,California
Merced,2021-02-06,387,16351,218,8887,169,7464,0,0,244,10621,142,2866,245,13487,California
Merced,2021-02-07,21,16372,13,8900,8,7472,0,0,14,10628,7,2873,14,13501,California
Merced,2021-02-08,278,16650,196,9096,82,7554,0,0,169,10690,108,2981,170,13671,California
Merced,2021-02-09,1212,17862,952,10048,260,7814,0,0,776,11039,428,3409,777,14448,California
Merced,2021-02-10,1851,19713,1431,11479,420,8234,0,0,1272,11741,570,3979,1272,15720,California
Merced,2021-02-11,2500,22213,2004,13483,496,8730,0,0,1815,12879,677,4656,1815,17535,California
Merced,2021-02-12,1713,23926,1012,14495,701,9431,0,0,752,12680,952,5608,753,18288,California
Merced,2021-02-13,360,24286,205,14700,155,9586,0,0,265,12853,94,5702,267,18555,California
Merced,2021-02-14,116,24402,26,14726,90,9676,0,0,95,12928,21,5723,96,18651,California
Merced,2021-02-15,273,24675,40,14766,233,9909,0,0,170,13001,98,5821,171,18822,California
Merced,2021-02-16,1210,25885,841,15607,369,10278,0,0,838,13487,354,6175,840,19662,California
Merced,2021-02-17,1875,27760,1630,17237,245,10523,0,0,1315,14257,547,6722,1317,20979,California
Merced,2021-02-18,1199,28959,810,18047,389,10912,0,0,398,13874,781,7503,398,21377,California
Merced,2021-02-19,1259,30218,410,18457,849,11761,0,0,534,13691,719,8222,536,21913,California
Merced,2021-02-20,276,30494,31,18488,245,12006,0,0,142,13701,132,8354,142,22055,California
Merced,2021-02-21,74,30568,60,18548,14,12020,0,0,30,13687,44,8398,30,22085,California
Merced,2021-02-22,825,31393,292,18840,533,12553,0,0,480,13823,344,8742,480,22565,California
Merced,2021-02-23,1078,32471,420,19260,658,13211,0,0,637,14023,437,9179,637,23202,California
Merced,2021-02-24,813,33284,301,19561,512,13723,0,0,443,14106,361,9540,444,23646,California
Merced,2021-02-25,1750,35034,861,20422,889,14612,0,0,1300,14961,447,9987,1302,24948,California
Merced,2021-02-26,2130,37164,1361,21783,769,15381,0,0,1723,16280,405,10392,1724,26672,California
Merced,2021-02-27,2519,39683,1100,22883,1418,16799,1,1,2234,18230,284,10676,2234,28906,California
Merced,2021-02-28,298,39981,71,22954,227,17026,0,1,250,18436,44,10720,250,29156,California
Merced,2021-03-01,1109,41090,278,23232,831,17857,0,1,772,18879,329,11049,772,29928,California
Merced,2021-03-02,1744,42834,902,24134,841,18698,1,2,1359,19861,378,11427,1360,31288,California
Merced,2021-03-03,2204,45038,1720,25854,483,19181,1,3,1451,20576,737,12164,1452,32740,California
Merced,2021-03-04,2876,47914,2264,28118,610,19791,2,5,1909,21538,950,13114,1912,34652,California
Merced,2021-03-05,2059,49973,1190,29308,846,20637,23,28,1524,22563,523,13637,1548,36200,California
Merced,2021-03-06,1154,51127,652,29960,480,21117,22,50,899,23230,254,13891,921,37121,California
Merced,2021-03-07,225,51352,62,30022,138,21255,25,75,196,23422,29,13920,221,37342,California
Merced,2021-03-08,1245,52597,649,30671,531,21786,65,140,1034,24310,210,14130,1098,38440,California
Merced,2021-03-09,1688,54285,995,31666,586,22372,107,247,1096,24926,588,14718,1204,39644,California
Merced,2021-03-10,2683,56968,1860,33526,624,22996,199,446,1615,25689,1056,15774,1819,41463,California
Merced,2021-03-11,1921,58889,677,34203,1038,24034,206,652,1219,26446,690,16464,1447,42910,California
Merced,2021-03-12,2187,61076,895,35098,1025,25059,267,919,1476,27494,707,17171,1755,44665,California
Merced,2021-03-13,720,61796,309,35407,168,25227,243,1162,412,27850,300,17471,656,45321,California
Merced,2021-03-14,247,62043,135,35542,82,25309,30,1192,149,27933,97,17568,180,45501,California
Merced,2021-03-15,1498,63541,491,36033,752,26061,255,1447,982,28660,509,18077,1236,46737,California
Merced,2021-03-16,1427,64968,684,36717,518,26579,225,1672,948,29360,470,18547,1170,47907,California
Merced,2021-03-17,1940,66908,1039,37756,723,27302,178,1850,1496,30598,438,18985,1676,49583,California
Merced,2021-03-18,2023,68931,1159,38915,717,28019,147,1997,1382,31508,633,19618,1543,51126,California
Merced,2021-03-19,2655,71586,1446,40361,1017,29036,192,2189,1381,31818,1263,20881,1573,52699,California
Merced,2021-03-20,2410,73996,1482,41843,534,29570,394,2583,960,31728,1448,22329,1358,54057,California
Merced,2021-03-21,556,74552,343,42186,200,29770,13,2596,437,32061,119,22448,452,54509,California
Merced,2021-03-22,1259,75811,628,42814,555,30325,76,2672,887,32661,365,22813,965,55474,California
Merced,2021-03-23,1816,77627,1094,43908,658,30983,64,2736,1342,33598,470,23283,1407,56881,California
Merced,2021-03-24,1342,78969,815,44723,492,31475,35,2771,911,34121,423,23706,946,57827,California
Merced,2021-03-25,3295,82264,2267,46990,1007,32482,21,2792,2076,35010,1211,24917,2100,59927,California
Merced,2021-03-26,1916,84180,1074,48064,808,33290,34,2826,886,34907,1022,25939,919,60846,California
Merced,2021-03-27,3012,87192,1746,49810,1196,34486,70,2896,1368,34713,1633,27572,1439,62285,California
Merced,2021-03-28,509,87701,210,50020,292,34778,7,2903,210,34634,297,27869,218,62503,California
Merced,2021-03-29,1610,89311,580,50600,866,35644,164,3067,659,34516,945,28814,827,63330,California
Merced,2021-03-30,2121,91432,787,51387,1275,36919,59,3126,978,34414,1139,29953,1037,64367,California
Merced,2021-03-31,2103,93535,1390,52777,679,37598,34,3160,939,34239,1149,31102,974,65341,California
Merced,2021-04-01,2117,95652,970,53747,1029,38627,118,3278,949,34147,1161,32263,1069,66410,California
Merced,2021-04-02,2266,97918,613,54360,1251,39878,402,3680,724,33752,1525,33788,1130,67540,California
Merced,2021-04-03,728,98646,341,54701,376,40254,11,3691,331,33703,393,34181,344,67884,California
Merced,2021-04-04,365,99011,141,54842,220,40474,4,3695,139,33623,225,34406,145,68029,California
Merced,2021-04-05,1243,100254,590,55432,442,40916,211,3906,405,33403,835,35241,615,68644,California
Merced,2021-04-06,2336,102590,828,56260,684,41600,824,4730,824,33542,1508,36749,1647,70291,California
Merced,2021-04-07,1633,104223,878,57138,648,42248,107,4837,589,33207,1033,37782,698,70989,California
Merced,2021-04-08,2201,106424,1100,58238,885,43133,216,5053,750,32749,1422,39204,964,71953,California
Merced,2021-04-09,1672,108096,473,58711,623,43756,576,5629,561,32794,1094,40298,1139,73092,California
Merced,2021-04-10,685,108781,359,59070,141,43897,185,5814,170,32638,510,40808,354,73446,California
Merced,2021-04-11,486,109267,280,59350,72,43969,134,5948,146,32581,338,41146,281,73727,California
Merced,2021-04-12,1411,110678,923,60273,365,44334,123,6071,811,32950,565,41711,934,74661,California
Merced,2021-04-13,2012,112690,1440,61713,569,44903,3,6074,934,32895,996,42707,941,75602,California
Merced,2021-04-14,1967,114657,1141,62854,826,45729,0,6074,897,32850,944,43651,899,76501,California
Merced,2021-04-15,2999,117656,1966,64820,1033,46762,0,6074,950,31979,1825,45476,954,77455,California
Merced,2021-04-16,2352,120008,1147,65967,1205,47967,0,6074,962,31647,1294,46770,962,78417,California
Merced,2021-04-17,1433,121441,788,66755,645,48612,0,6074,371,30961,1058,47828,372,78789,California
Merced,2021-04-18,466,121907,248,67003,218,48830,0,6074,191,30904,248,48076,191,78980,California
Merced,2021-04-19,1314,123221,738,67741,576,49406,0,6074,702,31087,519,48595,702,79682,California
Merced,2021-04-20,1406,124627,730,68471,676,50082,0,6074,783,31316,555,49150,784,80466,California
Merced,2021-04-21,1454,126081,875,69346,579,50661,0,6074,751,31475,593,49743,752,81218,California
Merced,2021-04-22,1593,127674,732,70078,861,51522,0,6074,778,31518,735,50478,778,81996,California
Merced,2021-04-23,1557,129231,600,70678,957,52479,0,6074,819,31647,691,51169,820,82816,California
Merced,2021-04-24,563,129794,394,71072,169,52648,0,6074,388,31865,171,51340,389,83205,California
Merced,2021-04-25,324,130118,185,71257,139,52787,0,6074,192,31926,131,51471,192,83397,California
Merced,2021-04-26,1051,131169,396,71653,655,53442,0,6074,531,31969,490,51961,533,83930,California
Merced,2021-04-27,1434,132603,585,72238,839,54281,10,6084,580,31771,789,52750,591,84521,California
Merced,2021-04-28,1322,133925,643,72881,670,54951,9,6093,757,31994,545,53295,768,85289,California
Merced,2021-04-29,1148,135073,422,73303,703,55654,23,6116,552,31981,589,53884,576,85865,California
Merced,2021-04-30,666,135739,281,73584,356,56010,29,6145,361,32067,304,54188,390,86255,California
Merced,2021-05-01,129,135868,80,73664,49,56059,0,6145,95,32129,34,54222,96,86351,California
Modoc,2020-12-16,1,1,1,1,0,0,0,0,1,1,0,0,1,1,California
Modoc,2020-12-21,100,101,100,101,0,0,0,0,100,101,0,0,100,101,California
Modoc,2020-12-22,14,115,14,115,0,0,0,0,14,115,0,0,14,115,California
Modoc,2020-12-23,4,119,4,119,0,0,0,0,4,119,0,0,4,119,California
Modoc,2020-12-24,1,120,1,120,0,0,0,0,1,120,0,0,1,120,California
Modoc,2020-12-28,2,122,2,122,0,0,0,0,2,122,0,0,2,122,California
Modoc,2020-12-29,10,132,1,123,9,9,0,0,10,132,0,0,10,132,California
Modoc,2020-12-30,7,139,0,123,7,16,0,0,7,139,0,0,7,139,California
Modoc,2021-01-02,2,141,0,123,2,18,0,0,2,141,0,0,2,141,California
Modoc,2021-01-04,8,149,0,123,8,26,0,0,8,149,0,0,8,149,California
Modoc,2021-01-05,2,151,1,124,1,27,0,0,2,151,0,0,2,151,California
Modoc,2021-01-06,3,154,2,126,1,28,0,0,2,152,1,1,2,153,California
Modoc,2021-01-07,72,226,0,126,72,100,0,0,72,224,0,1,72,225,California
Modoc,2021-01-08,105,331,0,126,105,205,0,0,105,329,0,1,105,330,California
Modoc,2021-01-10,1,332,1,127,0,205,0,0,0,328,1,2,0,330,California
Modoc,2021-01-11,91,423,82,209,9,214,0,0,19,275,72,74,19,349,California
Modoc,2021-01-12,94,517,25,234,69,283,0,0,68,317,26,100,68,417,California
Modoc,2021-01-13,24,541,4,238,20,303,0,0,22,337,2,102,22,439,California
Modoc,2021-01-14,129,670,6,244,123,426,0,0,124,456,5,107,124,563,California
Modoc,2021-01-15,6,676,1,245,5,431,0,0,6,462,0,107,6,569,California
Modoc,2021-01-16,1,677,1,246,0,431,0,0,1,463,0,107,1,570,California
Modoc,2021-01-18,1,678,1,247,0,431,0,0,1,464,0,107,1,571,California
Modoc,2021-01-19,5,683,3,250,2,433,0,0,3,465,2,109,3,574,California
Modoc,2021-01-20,11,694,1,251,10,443,0,0,11,476,0,109,11,585,California
Modoc,2021-01-21,157,851,2,253,155,598,0,0,157,633,0,109,157,742,California
Modoc,2021-01-22,2,853,0,253,2,600,0,0,2,635,0,109,2,744,California
Modoc,2021-01-25,11,864,0,253,11,611,0,0,11,646,0,109,11,755,California
Modoc,2021-01-26,65,929,1,254,64,675,0,0,65,711,0,109,65,820,California
Modoc,2021-01-27,41,970,2,256,39,714,0,0,25,720,16,125,25,845,California
Modoc,2021-01-28,144,1114,1,257,143,857,0,0,144,864,0,125,144,989,California
Modoc,2021-01-29,3,1117,1,258,2,859,0,0,3,867,0,125,3,992,California
Modoc,2021-02-01,25,1142,12,270,13,872,0,0,11,864,14,139,11,1003,California
Modoc,2021-02-02,170,1312,2,272,168,1040,0,0,167,1028,3,142,167,1170,California
Modoc,2021-02-03,18,1330,13,285,5,1045,0,0,11,1032,7,149,11,1181,California
Modoc,2021-02-04,155,1485,4,289,151,1196,0,0,27,931,128,277,27,1208,California
Modoc,2021-02-05,4,1489,3,292,1,1197,0,0,3,933,1,278,3,1211,California
Modoc,2021-02-08,9,1498,2,294,7,1204,0,0,8,940,1,279,8,1219,California
Modoc,2021-02-09,197,1695,13,307,184,1388,0,0,65,873,132,411,65,1284,California
Modoc,2021-02-10,5,1700,2,309,3,1391,0,0,4,876,1,412,4,1288,California
Modoc,2021-02-11,201,1901,3,312,198,1589,0,0,83,841,118,530,83,1371,California
Modoc,2021-02-12,4,1905,0,312,4,1593,0,0,2,841,2,532,2,1373,California
Modoc,2021-02-13,1,1906,0,312,1,1594,0,0,1,842,0,532,1,1374,California
Modoc,2021-02-16,147,2053,6,318,141,1735,0,0,143,981,4,536,143,1517,California
Modoc,2021-02-17,24,2077,1,319,23,1758,0,0,12,981,12,548,12,1529,California
Modoc,2021-02-18,188,2265,2,321,186,1944,0,0,25,845,162,710,26,1555,California
Modoc,2021-02-19,2,2267,2,323,0,1944,0,0,2,847,0,710,2,1557,California
Modoc,2021-02-20,1,2268,1,324,0,1944,0,0,1,848,0,710,1,1558,California
Modoc,2021-02-22,17,2285,9,333,8,1952,0,0,3,837,14,724,3,1561,California
Modoc,2021-02-23,20,2305,2,335,18,1970,0,0,1,819,19,743,1,1562,California
Modoc,2021-02-24,90,2395,1,336,89,2059,0,0,30,789,60,803,30,1592,California
Modoc,2021-02-25,169,2564,1,337,168,2227,0,0,13,646,156,959,13,1605,California
Modoc,2021-02-26,3,2567,0,337,3,2230,0,0,1,645,2,961,1,1606,California
Modoc,2021-02-27,5,2572,5,342,0,2230,0,0,2,644,3,964,2,1608,California
Modoc,2021-03-01,4,2576,0,342,4,2234,0,0,0,640,4,968,0,1608,California
Modoc,2021-03-02,193,2769,12,354,181,2415,0,0,26,499,167,1135,26,1634,California
Modoc,2021-03-03,12,2781,6,360,6,2421,0,0,2,491,10,1145,2,1636,California
Modoc,2021-03-04,175,2956,2,362,173,2594,0,0,148,612,27,1172,148,1784,California
Modoc,2021-03-05,4,2960,3,365,1,2595,0,0,2,612,2,1174,2,1786,California
Modoc,2021-03-06,11,2971,0,365,1,2596,10,10,1,613,10,1184,11,1797,California
Modoc,2021-03-07,6,2977,1,366,0,2596,5,15,1,614,5,1189,6,1803,California
Modoc,2021-03-08,8,2985,1,367,3,2599,4,19,1,613,6,1195,5,1808,California
Modoc,2021-03-09,126,3111,10,377,108,2707,8,27,61,617,65,1260,69,1877,California
Modoc,2021-03-10,9,3120,3,380,2,2709,4,31,4,620,5,1265,8,1885,California
Modoc,2021-03-11,207,3327,0,380,99,2808,108,139,22,565,185,1450,130,2015,California
Modoc,2021-03-12,10,3337,1,381,4,2812,5,144,4,568,6,1456,9,2024,California
Modoc,2021-03-13,4,3341,0,381,1,2813,3,147,1,569,3,1459,4,2028,California
Modoc,2021-03-15,12,3353,1,382,10,2823,1,148,10,578,2,1461,11,2039,California
Modoc,2021-03-16,173,3526,1,383,168,2991,4,152,42,492,131,1592,45,2084,California
Modoc,2021-03-17,10,3536,1,384,4,2995,5,157,2,491,8,1600,7,2091,California
Modoc,2021-03-18,66,3602,1,385,58,3053,7,164,34,500,32,1632,41,2132,California
Modoc,2021-03-19,5,3607,0,385,0,3053,5,169,0,500,5,1637,5,2137,California
Modoc,2021-03-20,6,3613,2,387,1,3054,3,172,1,499,5,1642,4,2141,California
Modoc,2021-03-21,4,3617,1,388,1,3055,2,174,2,501,2,1644,4,2145,California
Modoc,2021-03-22,18,3635,1,389,11,3066,6,180,12,513,6,1650,18,2163,California
Modoc,2021-03-23,35,3670,5,394,27,3093,3,183,27,535,8,1658,30,2193,California
Modoc,2021-03-24,29,3699,1,395,18,3111,10,193,2,520,27,1685,12,2205,California
Modoc,2021-03-25,77,3776,1,396,74,3185,2,195,45,535,32,1717,47,2252,California
Modoc,2021-03-26,7,3783,2,398,2,3187,3,198,2,535,5,1722,5,2257,California
Modoc,2021-03-27,2,3785,0,398,1,3188,1,199,1,536,1,1723,2,2259,California
Modoc,2021-03-28,2,3787,1,399,0,3188,1,200,0,535,2,1725,1,2260,California
Modoc,2021-03-29,14,3801,1,400,5,3193,8,208,5,539,9,1734,13,2273,California
Modoc,2021-03-30,56,3857,10,410,39,3232,7,215,22,534,34,1768,29,2302,California
Modoc,2021-03-31,9,3866,3,413,2,3234,4,219,3,535,6,1774,7,2309,California
Modoc,2021-04-01,169,4035,2,415,162,3396,5,224,34,439,135,1909,39,2348,California
Modoc,2021-04-02,4,4039,0,415,1,3397,3,227,0,439,3,1912,3,2351,California
Modoc,2021-04-03,5,4044,2,417,0,3397,3,230,2,441,2,1914,4,2355,California
Modoc,2021-04-05,9,4053,0,417,9,3406,0,230,9,450,0,1914,9,2364,California
Modoc,2021-04-06,24,4077,5,422,9,3415,10,240,6,448,18,1932,16,2380,California
Modoc,2021-04-07,12,4089,1,423,4,3419,7,247,3,449,9,1941,10,2390,California
Modoc,2021-04-08,97,4186,1,424,93,3512,3,250,26,407,71,2012,29,2419,California
Modoc,2021-04-09,11,4197,2,426,6,3518,3,253,2,402,9,2021,4,2423,California
Modoc,2021-04-10,5,4202,0,426,1,3519,4,257,0,401,5,2026,4,2427,California
Modoc,2021-04-11,2,4204,2,428,0,3519,0,257,1,401,1,2027,1,2428,California
Modoc,2021-04-12,14,4218,1,429,9,3528,4,261,1,395,11,2038,5,2433,California
Modoc,2021-04-13,28,4246,27,456,1,3529,0,261,21,409,7,2045,21,2454,California
Modoc,2021-04-14,2,4248,2,458,0,3529,0,261,1,409,1,2046,1,2455,California
Modoc,2021-04-15,99,4347,0,458,99,3628,0,261,26,362,73,2119,26,2481,California
Modoc,2021-04-16,4,4351,4,462,0,3628,0,261,3,364,1,2120,3,2484,California
Modoc,2021-04-17,2,4353,2,464,0,3628,0,261,2,366,0,2120,2,2486,California
Modoc,2021-04-18,1,4354,0,464,1,3629,0,261,1,367,0,2120,1,2487,California
Modoc,2021-04-19,7,4361,1,465,6,3635,0,261,2,364,5,2125,2,2489,California
Modoc,2021-04-20,27,4388,2,467,25,3660,0,261,9,355,18,2143,9,2498,California
Modoc,2021-04-21,3,4391,3,470,0,3660,0,261,1,354,2,2145,1,2499,California
Modoc,2021-04-22,98,4489,4,474,94,3754,0,261,41,338,57,2202,41,2540,California
Modoc,2021-04-23,4,4493,0,474,4,3758,0,261,3,340,1,2203,3,2543,California
Modoc,2021-04-24,3,4496,1,475,1,3759,1,262,2,342,1,2204,3,2546,California
Modoc,2021-04-25,1,4497,1,476,0,3759,0,262,1,343,0,2204,1,2547,California
Modoc,2021-04-26,8,4505,1,477,7,3766,0,262,3,341,5,2209,3,2550,California
Modoc,2021-04-27,6,4511,4,481,1,3767,1,263,0,336,6,2215,1,2551,California
Modoc,2021-04-28,3,4514,0,481,3,3770,0,263,0,333,3,2218,0,2551,California
Modoc,2021-04-29,52,4566,2,483,50,3820,0,263,17,315,35,2253,17,2568,California
Modoc,2021-04-30,1,4567,1,484,0,3820,0,263,1,316,0,2253,1,2569,California
Modoc,2021-05-01,1,4568,1,485,0,3820,0,263,0,315,1,2254,0,2569,California
Mono,2020-12-18,1,1,1,1,0,0,0,0,1,1,0,0,1,1,California
Mono,2020-12-19,5,6,5,6,0,0,0,0,5,6,0,0,5,6,California
Mono,2020-12-20,7,13,7,13,0,0,0,0,7,13,0,0,7,13,California
Mono,2020-12-21,24,37,17,30,7,7,0,0,24,37,0,0,24,37,California
Mono,2020-12-22,66,103,65,95,1,8,0,0,66,103,0,0,66,103,California
Mono,2020-12-23,70,173,42,137,28,36,0,0,70,173,0,0,70,173,California
Mono,2020-12-24,3,176,1,138,2,38,0,0,3,176,0,0,3,176,California
Mono,2020-12-26,3,179,3,141,0,38,0,0,3,179,0,0,3,179,California
Mono,2020-12-28,94,273,63,204,31,69,0,0,94,273,0,0,94,273,California
Mono,2020-12-29,29,302,29,233,0,69,0,0,29,302,0,0,29,302,California
Mono,2020-12-30,77,379,36,269,41,110,0,0,77,379,0,0,77,379,California
Mono,2020-12-31,4,383,1,270,3,113,0,0,4,383,0,0,4,383,California
Mono,2021-01-01,4,387,4,274,0,113,0,0,4,387,0,0,4,387,California
Mono,2021-01-02,2,389,2,276,0,113,0,0,2,389,0,0,2,389,California
Mono,2021-01-04,1,390,0,276,1,114,0,0,1,390,0,0,1,390,California
Mono,2021-01-05,45,435,2,278,43,157,0,0,44,433,1,1,44,434,California
Mono,2021-01-06,44,479,0,278,44,201,0,0,44,477,0,1,44,478,California
Mono,2021-01-07,55,534,3,281,52,253,0,0,54,530,1,2,54,532,California
Mono,2021-01-08,2,536,1,282,1,254,0,0,1,530,1,3,1,533,California
Mono,2021-01-09,4,540,4,286,0,254,0,0,0,526,4,7,0,533,California
Mono,2021-01-10,5,545,5,291,0,254,0,0,0,521,5,12,0,533,California
Mono,2021-01-11,8,553,5,296,3,257,0,0,4,521,4,16,4,537,California
Mono,2021-01-12,282,835,75,371,207,464,0,0,218,676,63,79,218,755,California
Mono,2021-01-13,233,1068,73,444,160,624,0,0,178,799,55,134,178,933,California
Mono,2021-01-14,73,1141,71,515,2,626,0,0,73,872,0,134,73,1006,California
Mono,2021-01-15,62,1203,2,517,60,686,0,0,62,934,0,134,62,1068,California
Mono,2021-01-16,4,1207,3,520,1,687,0,0,1,932,3,137,1,1069,California
Mono,2021-01-18,64,1271,55,575,9,696,0,0,2,872,62,199,2,1071,California
Mono,2021-01-19,209,1480,207,782,2,698,0,0,171,1006,38,237,172,1243,California
Mono,2021-01-20,231,1711,199,981,32,730,0,0,170,1115,61,298,170,1413,California
Mono,2021-01-21,3,1714,3,984,0,730,0,0,3,1118,0,298,3,1416,California
Mono,2021-01-22,4,1718,0,984,4,734,0,0,4,1122,0,298,4,1420,California
Mono,2021-01-23,595,2313,595,1579,0,734,0,0,594,1715,1,299,594,2014,California
Mono,2021-01-25,203,2516,165,1744,38,772,0,0,164,1840,39,338,164,2178,California
Mono,2021-01-26,504,3020,502,2246,2,774,0,0,498,2332,6,344,498,2676,California
Mono,2021-01-27,5,3025,1,2247,4,778,0,0,5,2337,0,344,5,2681,California
Mono,2021-01-28,7,3032,3,2250,4,782,0,0,3,2336,4,348,3,2684,California
Mono,2021-01-30,202,3234,200,2450,2,784,0,0,201,2536,1,349,201,2885,California
Mono,2021-01-31,243,3477,138,2588,105,889,0,0,139,2571,104,453,139,3024,California
Mono,2021-02-01,27,3504,27,2615,0,889,0,0,0,2544,27,480,0,3024,California
Mono,2021-02-02,5,3509,0,2615,5,894,0,0,2,2543,3,483,2,3026,California
Mono,2021-02-03,4,3513,2,2617,2,896,0,0,2,2543,2,485,2,3028,California
Mono,2021-02-04,211,3724,158,2775,53,949,0,0,90,2512,121,606,90,3118,California
Mono,2021-02-05,615,4339,609,3384,6,955,0,0,612,3121,3,609,612,3730,California
Mono,2021-02-06,139,4478,138,3522,1,956,0,0,137,3256,2,611,137,3867,California
Mono,2021-02-07,2,4480,0,3522,2,958,0,0,2,3258,0,611,2,3869,California
Mono,2021-02-08,171,4651,171,3693,0,958,0,0,15,3118,155,766,15,3884,California
Mono,2021-02-09,226,4877,6,3699,220,1178,0,0,14,2920,212,978,14,3898,California
Mono,2021-02-10,537,5414,187,3886,350,1528,0,0,195,2774,342,1320,196,4094,California
Mono,2021-02-11,7,5421,4,3890,3,1531,0,0,2,2771,5,1325,2,4096,California
Mono,2021-02-12,84,5505,20,3910,64,1595,0,0,26,2739,58,1383,26,4122,California
Mono,2021-02-13,586,6091,586,4496,0,1595,0,0,25,2204,560,1943,25,4147,California
Mono,2021-02-15,166,6257,164,4660,2,1597,0,0,3,2046,161,2104,3,4150,California
Mono,2021-02-16,515,6772,512,5172,3,1600,0,0,45,1624,467,2571,45,4195,California
Mono,2021-02-17,6,6778,1,5173,5,1605,0,0,1,1620,5,2576,1,4196,California
Mono,2021-02-18,3,6781,2,5175,1,1606,0,0,2,1621,1,2577,2,4198,California
Mono,2021-02-19,54,6835,53,5228,1,1607,0,0,54,1675,0,2577,54,4252,California
Mono,2021-02-20,4,6839,4,5232,0,1607,0,0,4,1679,0,2577,4,4256,California
Mono,2021-02-21,3,6842,3,5235,0,1607,0,0,3,1682,0,2577,3,4259,California
Mono,2021-02-22,285,7127,284,5519,1,1608,0,0,24,1446,260,2837,24,4283,California
Mono,2021-02-23,135,7262,115,5634,20,1628,0,0,22,1355,113,2950,22,4305,California
Mono,2021-02-24,8,7270,3,5637,5,1633,0,0,2,1351,6,2956,2,4307,California
Mono,2021-02-25,5,7275,2,5639,3,1636,0,0,3,1353,1,2957,3,4310,California
Mono,2021-02-26,596,7871,595,6234,1,1637,0,0,20,798,575,3532,20,4330,California
Mono,2021-02-27,141,8012,137,6371,4,1641,0,0,4,668,134,3666,4,4334,California
Mono,2021-03-01,2,8014,2,6373,0,1641,0,0,1,669,0,3666,1,4335,California
Mono,2021-03-02,5,8019,3,6376,2,1643,0,0,3,670,2,3668,3,4338,California
Mono,2021-03-03,82,8101,2,6378,80,1723,0,0,79,747,2,3670,79,4417,California
Mono,2021-03-04,5,8106,1,6379,4,1727,0,0,3,748,2,3672,3,4420,California
Mono,2021-03-05,37,8143,27,6406,10,1737,0,0,14,739,23,3695,14,4434,California
Mono,2021-03-06,510,8653,17,6423,493,2230,0,0,502,1236,6,3701,503,4937,California
Mono,2021-03-07,1,8654,0,6423,1,2231,0,0,0,1235,1,3702,0,4937,California
Mono,2021-03-08,538,9192,11,6434,524,2755,3,3,529,1758,9,3711,532,5469,California
Mono,2021-03-09,6,9198,2,6436,3,2758,1,4,3,1760,2,3713,4,5473,California
Mono,2021-03-10,285,9483,90,6526,192,2950,3,7,9,1498,274,3987,12,5485,California
Mono,2021-03-11,10,9493,0,6526,1,2951,9,16,0,1497,10,3997,9,5494,California
Mono,2021-03-12,7,9500,1,6527,1,2952,5,21,0,1495,7,4004,5,5499,California
Mono,2021-03-13,824,10324,387,6914,437,3389,0,21,816,2303,8,4012,816,6315,California
Mono,2021-03-14,4,10328,4,6918,0,3389,0,21,1,2301,3,4015,1,6316,California
Mono,2021-03-15,29,10357,23,6941,1,3390,5,26,12,2302,16,4031,17,6333,California
Mono,2021-03-16,16,10373,6,6947,4,3394,6,32,8,2308,8,4039,14,6347,California
Mono,2021-03-17,33,10406,4,6951,21,3415,8,40,21,2325,12,4051,29,6376,California
Mono,2021-03-18,21,10427,2,6953,11,3426,8,48,9,2330,12,4063,17,6393,California
Mono,2021-03-19,21,10448,1,6954,17,3443,3,51,17,2347,3,4066,20,6413,California
Mono,2021-03-20,5,10453,3,6957,1,3444,1,52,4,2351,1,4067,5,6418,California
Mono,2021-03-21,1,10454,1,6958,0,3444,0,52,1,2352,0,4067,1,6419,California
Mono,2021-03-22,11,10465,0,6958,6,3450,5,57,5,2356,6,4073,10,6429,California
Mono,2021-03-23,41,10506,5,6963,31,3481,5,62,18,2356,23,4096,23,6452,California
Mono,2021-03-24,11,10517,1,6964,5,3486,5,67,5,2360,6,4102,10,6462,California
Mono,2021-03-25,19,10536,3,6967,12,3498,4,71,12,2369,7,4109,16,6478,California
Mono,2021-03-26,19,10555,3,6970,11,3509,5,76,10,2376,8,4117,15,6493,California
Mono,2021-03-27,350,10905,347,7317,3,3512,0,76,324,2674,26,4143,324,6817,California
Mono,2021-03-28,1,10906,1,7318,0,3512,0,76,1,2675,0,4143,1,6818,California
Mono,2021-03-29,10,10916,3,7321,6,3518,1,77,8,2682,2,4145,9,6827,California
Mono,2021-03-30,14,10930,0,7321,10,3528,4,81,9,2690,5,4150,13,6840,California
Mono,2021-03-31,125,11055,7,7328,117,3645,1,82,46,2659,78,4228,47,6887,California
Mono,2021-04-01,8,11063,0,7328,7,3652,1,83,3,2658,5,4233,4,6891,California
Mono,2021-04-02,17,11080,2,7330,15,3667,0,83,6,2653,11,4244,6,6897,California
Mono,2021-04-03,849,11929,366,7696,483,4150,0,83,35,1876,812,5056,35,6932,California
Mono,2021-04-05,529,12458,17,7713,511,4661,1,84,31,1411,497,5553,32,6964,California
Mono,2021-04-06,20,12478,2,7715,5,4666,13,97,2,1408,18,5571,15,6979,California
Mono,2021-04-07,24,12502,2,7717,3,4669,19,116,4,1411,20,5591,23,7002,California
Mono,2021-04-08,21,12523,2,7719,2,4671,17,133,3,1413,18,5609,20,7022,California
Mono,2021-04-09,37,12560,4,7723,4,4675,29,162,7,1419,30,5639,36,7058,California
Mono,2021-04-10,446,13006,2,7725,437,5112,7,169,28,1036,418,6057,35,7093,California
Mono,2021-04-11,1,13007,1,7726,0,5112,0,169,0,1035,1,6058,0,7093,California
Mono,2021-04-12,6,13013,0,7726,3,5115,3,172,3,1038,3,6061,6,7099,California
Mono,2021-04-13,18,13031,2,7728,15,5130,1,173,12,1045,6,6067,13,7112,California
Mono,2021-04-14,26,13057,1,7729,25,5155,0,173,7,1033,19,6086,7,7119,California
Mono,2021-04-15,18,13075,3,7732,15,5170,0,173,9,1033,9,6095,9,7128,California
Mono,2021-04-16,14,13089,1,7733,13,5183,0,173,5,1029,9,6104,5,7133,California
Mono,2021-04-17,51,13140,2,7735,49,5232,0,173,44,1066,7,6111,44,7177,California
Mono,2021-04-18,2,13142,1,7736,1,5233,0,173,2,1068,0,6111,2,7179,California
Mono,2021-04-19,526,13668,319,8055,207,5440,0,173,200,944,324,6435,200,7379,California
Mono,2021-04-20,17,13685,2,8057,15,5455,0,173,12,951,5,6440,12,7391,California
Mono,2021-04-21,9,13694,1,8058,8,5463,0,173,4,950,5,6445,4,7395,California
Mono,2021-04-22,27,13721,13,8071,14,5477,0,173,13,949,14,6459,13,7408,California
Mono,2021-04-23,21,13742,2,8073,19,5496,0,173,11,950,10,6469,11,7419,California
Mono,2021-04-24,34,13776,20,8093,14,5510,0,173,19,954,15,6484,19,7438,California
Mono,2021-04-25,3,13779,2,8095,1,5511,0,173,3,957,0,6484,3,7441,California
Mono,2021-04-26,8,13787,1,8096,7,5518,0,173,2,953,6,6490,2,7443,California
Mono,2021-04-27,63,13850,40,8136,18,5536,5,178,49,993,14,6504,54,7497,California
Mono,2021-04-28,56,13906,38,8174,16,5552,2,180,44,1029,10,6514,46,7543,California
Mono,2021-04-29,11,13917,3,8177,5,5557,3,183,3,1027,8,6522,6,7549,California
Mono,2021-04-30,7,13924,3,8180,4,5561,0,183,4,1028,3,6525,4,7553,California
Mono,2021-05-01,108,14032,3,8183,105,5666,0,183,97,1114,11,6536,97,7650,California
Monterey,2020-12-16,4,4,4,4,0,0,0,0,4,4,0,0,4,4,California
Monterey,2020-12-17,83,87,83,87,0,0,0,0,83,87,0,0,83,87,California
Monterey,2020-12-18,482,569,482,569,0,0,0,0,482,569,0,0,482,569,California
Monterey,2020-12-19,578,1147,578,1147,0,0,0,0,578,1147,0,0,578,1147,California
Monterey,2020-12-20,422,1569,422,1569,0,0,0,0,422,1569,0,0,422,1569,California
Monterey,2020-12-21,719,2288,719,2288,0,0,0,0,719,2288,0,0,719,2288,California
Monterey,2020-12-22,533,2821,520,2808,13,13,0,0,533,2821,0,0,533,2821,California
Monterey,2020-12-23,436,3257,261,3069,175,188,0,0,436,3257,0,0,436,3257,California
Monterey,2020-12-24,84,3341,10,3079,74,262,0,0,84,3341,0,0,84,3341,California
Monterey,2020-12-25,6,3347,0,3079,6,268,0,0,6,3347,0,0,6,3347,California
Monterey,2020-12-26,92,3439,5,3084,87,355,0,0,92,3439,0,0,92,3439,California
Monterey,2020-12-27,7,3446,4,3088,3,358,0,0,7,3446,0,0,7,3446,California
Monterey,2020-12-28,475,3921,25,3113,450,808,0,0,475,3921,0,0,475,3921,California
Monterey,2020-12-29,898,4819,167,3280,731,1539,0,0,898,4819,0,0,898,4819,California
Monterey,2020-12-30,568,5387,98,3378,470,2009,0,0,568,5387,0,0,568,5387,California
Monterey,2020-12-31,33,5420,11,3389,22,2031,0,0,33,5420,0,0,33,5420,California
Monterey,2021-01-01,12,5432,2,3391,10,2041,0,0,12,5432,0,0,12,5432,California
Monterey,2021-01-02,137,5569,134,3525,3,2044,0,0,137,5569,0,0,137,5569,California
Monterey,2021-01-03,30,5599,29,3554,1,2045,0,0,30,5599,0,0,30,5599,California
Monterey,2021-01-04,411,6010,18,3572,393,2438,0,0,411,6010,0,0,411,6010,California
Monterey,2021-01-05,751,6761,326,3898,425,2863,0,0,737,6733,14,14,737,6747,California
Monterey,2021-01-06,655,7416,172,4070,483,3346,0,0,633,7344,22,36,633,7380,California
Monterey,2021-01-07,745,8161,571,4641,174,3520,0,0,422,7445,321,357,422,7802,California
Monterey,2021-01-08,1087,9248,734,5375,353,3873,0,0,394,7146,693,1050,394,8196,California
Monterey,2021-01-09,963,10211,935,6310,28,3901,0,0,313,6809,650,1700,313,8509,California
Monterey,2021-01-10,273,10484,270,6580,3,3904,0,0,8,6552,265,1965,8,8517,California
Monterey,2021-01-11,1065,11549,984,7564,81,3985,0,0,362,6211,703,2668,362,8879,California
Monterey,2021-01-12,464,12013,387,7951,77,4062,0,0,203,6153,261,2929,203,9082,California
Monterey,2021-01-13,1216,13229,591,8542,625,4687,0,0,1171,7279,45,2974,1171,10253,California
Monterey,2021-01-14,1046,14275,92,8634,954,5641,0,0,1028,8292,18,2992,1031,11284,California
Monterey,2021-01-15,1046,15321,44,8678,1002,6643,0,0,1033,9312,13,3005,1033,12317,California
Monterey,2021-01-16,362,15683,299,8977,63,6706,0,0,357,9664,5,3010,357,12674,California
Monterey,2021-01-17,309,15992,288,9265,21,6727,0,0,296,9947,13,3023,296,12970,California
Monterey,2021-01-18,402,16394,50,9315,352,7079,0,0,381,10307,21,3044,381,13351,California
Monterey,2021-01-19,577,16971,396,9711,181,7260,0,0,418,10568,157,3201,418,13769,California
Monterey,2021-01-20,531,17502,269,9980,262,7522,0,0,325,10687,206,3407,325,14094,California
Monterey,2021-01-21,840,18342,93,10073,747,8269,0,0,730,11311,110,3517,734,14828,California
Monterey,2021-01-22,1050,19392,193,10266,857,9126,0,0,1011,12283,39,3556,1011,15839,California
Monterey,2021-01-23,240,19632,174,10440,66,9192,0,0,117,12279,122,3678,118,15957,California
Monterey,2021-01-24,56,19688,38,10478,18,9210,0,0,22,12267,34,3712,22,15979,California
Monterey,2021-01-25,782,20470,173,10651,609,9819,0,0,157,11806,618,4330,157,16136,California
Monterey,2021-01-26,927,21397,223,10874,704,10523,0,0,235,11349,692,5022,235,16371,California
Monterey,2021-01-27,857,22254,308,11182,549,11072,0,0,378,11248,479,5501,378,16749,California
Monterey,2021-01-28,2021,24275,737,11919,1284,12356,0,0,1681,12591,340,5841,1683,18432,California
Monterey,2021-01-29,1228,25503,706,12625,522,12878,0,0,1112,13589,115,5956,1113,19545,California
Monterey,2021-01-30,440,25943,293,12918,147,13025,0,0,183,13515,257,6213,183,19728,California
Monterey,2021-01-31,493,26436,71,12989,422,13447,0,0,483,13989,10,6223,484,20212,California
Monterey,2021-02-01,1659,28095,1146,14135,513,13960,0,0,1097,14525,561,6784,1097,21309,California
Monterey,2021-02-02,2153,30248,455,14590,1698,15658,0,0,1546,15465,606,7390,1546,22855,California
Monterey,2021-02-03,2327,32575,1045,15635,1282,16940,0,0,1552,16246,771,8161,1552,24407,California
Monterey,2021-02-04,2703,35278,2019,17654,684,17624,0,0,2441,18427,260,8421,2441,26848,California
Monterey,2021-02-05,3641,38919,2820,20474,821,18445,0,0,3207,21205,429,8850,3207,30055,California
Monterey,2021-02-06,1095,40014,378,20852,717,19162,0,0,754,21620,339,9189,754,30809,California
Monterey,2021-02-07,315,40329,270,21122,45,19207,0,0,96,21497,219,9408,96,30905,California
Monterey,2021-02-08,516,40845,290,21412,226,19433,0,0,430,21841,86,9494,430,31335,California
Monterey,2021-02-09,861,41706,673,22085,188,19621,0,0,551,22084,310,9804,553,31888,California
Monterey,2021-02-10,2085,43791,1114,23199,971,20592,0,0,1235,22470,850,10654,1236,33124,California
Monterey,2021-02-11,2499,46290,971,24170,1528,22120,0,0,1544,23063,953,11607,1546,34670,California
Monterey,2021-02-12,2585,48875,426,24596,2159,24279,0,0,1522,23523,1062,12669,1522,36192,California
Monterey,2021-02-13,1068,49943,50,24646,1018,25297,0,0,977,24409,91,12760,977,37169,California
Monterey,2021-02-14,591,50534,73,24719,518,25815,0,0,518,24854,73,12833,518,37687,California
Monterey,2021-02-15,1367,51901,159,24878,1208,27023,0,0,992,25474,373,13206,993,38680,California
Monterey,2021-02-16,1089,52990,244,25122,845,27868,0,0,866,26117,223,13429,866,39546,California
Monterey,2021-02-17,1935,54925,1162,26284,773,28641,0,0,1637,27460,296,13725,1639,41185,California
Monterey,2021-02-18,2223,57148,1175,27459,1048,29689,0,0,906,27062,1306,15031,908,42093,California
Monterey,2021-02-19,2936,60084,1532,28991,1404,31093,0,0,1345,26817,1591,16622,1346,43439,California
Monterey,2021-02-20,1004,61088,604,29595,400,31493,0,0,950,27714,53,16675,950,44389,California
Monterey,2021-02-21,1239,62327,1211,30806,28,31521,0,0,1170,28817,67,16742,1170,45559,California
Monterey,2021-02-22,975,63302,843,31649,132,31653,0,0,642,29128,331,17073,642,46201,California
Monterey,2021-02-23,949,64251,617,32266,332,31985,0,0,299,28779,649,17722,300,46501,California
Monterey,2021-02-24,2460,66711,1312,33578,1148,33133,0,0,1848,30021,607,18329,1849,48350,California
Monterey,2021-02-25,4402,71113,2413,35991,1989,35122,0,0,1487,28601,2908,21237,1488,49838,California
Monterey,2021-02-26,5245,76358,3080,39071,2165,37287,0,0,2623,28606,2619,23856,2624,52462,California
Monterey,2021-02-27,996,77354,182,39253,814,38101,0,0,805,29225,186,24042,805,53267,California
Monterey,2021-02-28,1527,78881,81,39334,1446,39547,0,0,1065,29833,457,24499,1065,54332,California
Monterey,2021-03-01,1279,80160,138,39472,1138,40685,3,3,742,30046,533,25032,746,55078,California
Monterey,2021-03-02,2726,82886,1718,41190,1008,41693,0,3,1877,31078,845,25877,1877,56955,California
Monterey,2021-03-03,3200,86086,1241,42431,1959,43652,0,3,1260,30401,1938,27815,1261,58216,California
Monterey,2021-03-04,4548,90634,1468,43899,3080,46732,0,3,2948,31753,1596,29411,2948,61164,California
Monterey,2021-03-05,3584,94218,1619,45518,1688,48420,277,280,2954,34355,629,30040,3231,64395,California
Monterey,2021-03-06,5027,99245,1066,46584,3658,52078,303,583,4123,37878,901,30941,4424,68819,California
Monterey,2021-03-07,520,99765,108,46692,167,52245,245,828,233,38067,287,31228,476,69295,California
Monterey,2021-03-08,1657,101422,326,47018,942,53187,389,1217,1119,39035,538,31766,1506,70801,California
Monterey,2021-03-09,1905,103327,677,47695,952,54139,276,1493,1417,40239,487,32253,1691,72492,California
Monterey,2021-03-10,3114,106441,1017,48712,1609,55748,488,1981,1415,40448,1693,33946,1902,74394,California
Monterey,2021-03-11,4100,110541,1402,50114,2325,58073,373,2354,2340,41408,1753,35699,2713,77107,California
Monterey,2021-03-12,4293,114834,2046,52160,2130,60203,117,2471,2630,42494,1660,37359,2746,79853,California
Monterey,2021-03-13,5237,120071,960,53120,3930,64133,347,2818,3930,45465,1307,38666,4278,84131,California
Monterey,2021-03-14,2147,122218,1325,54445,797,64930,25,2843,577,44508,1559,40225,602,84733,California
Monterey,2021-03-15,3939,126157,1265,55710,2385,67315,289,3132,2254,45369,1681,41906,2542,87275,California
Monterey,2021-03-16,3489,129646,570,56280,2545,69860,374,3506,2079,46410,1409,43315,2450,89725,California
Monterey,2021-03-17,5698,135344,2329,58609,3117,72977,252,3758,4105,49186,1586,44901,4362,94087,California
Monterey,2021-03-18,4350,139694,2153,60762,2030,75007,167,3925,2995,51038,1348,46249,3200,97287,California
Monterey,2021-03-19,5385,145079,2556,63318,2687,77694,142,4067,4114,54029,1266,47515,4257,101544,California
Monterey,2021-03-20,3307,148386,420,63738,2192,79886,695,4762,2230,55879,1074,48589,2924,104468,California
Monterey,2021-03-21,622,149008,200,63938,414,80300,8,4770,555,56376,65,48654,562,105030,California
Monterey,2021-03-22,2452,151460,1428,65366,962,81262,62,4832,2246,58479,203,48857,2306,107336,California
Monterey,2021-03-23,3967,155427,2347,67713,1578,82840,42,4874,2512,59583,1450,50307,2554,109890,California
Monterey,2021-03-24,4973,160400,2086,69799,2577,85417,310,5184,3620,62162,1349,51656,3928,113818,California
Monterey,2021-03-25,5212,165612,1210,71009,3645,89062,357,5541,2591,62498,2613,54269,2949,116767,California
Monterey,2021-03-26,5291,170903,2603,73612,2622,91684,66,5607,2654,62592,2628,56897,2722,119489,California
Monterey,2021-03-27,4756,175659,1418,75030,3082,94766,256,5863,3046,64187,1707,58604,3302,122791,California
Monterey,2021-03-28,1105,176764,333,75363,763,95529,9,5872,623,64342,477,59081,632,123423,California
Monterey,2021-03-29,3166,179930,1402,76765,1750,97279,14,5886,1951,65102,1208,60289,1968,125391,California
Monterey,2021-03-30,4437,184367,2133,78898,2262,99541,42,5928,2752,66225,1675,61964,2798,128189,California
Monterey,2021-03-31,5281,189648,2376,81274,2115,101656,790,6718,3336,68400,1942,63906,4117,132306,California
Monterey,2021-04-01,6019,195667,2060,83334,3552,105208,407,7125,3015,68829,2990,66896,3419,135725,California
Monterey,2021-04-02,4659,200326,2239,85573,2359,107567,61,7186,3164,70563,1494,68390,3228,138953,California
Monterey,2021-04-03,5741,206067,1094,86667,3626,111193,1021,8207,1174,68202,4551,72941,2190,141143,California
Monterey,2021-04-04,754,206821,155,86822,585,111778,14,8221,486,68436,268,73209,502,141645,California
Monterey,2021-04-05,3965,210786,2460,89282,1278,113056,227,8448,1458,67619,2502,75711,1685,143330,California
Monterey,2021-04-06,3327,214113,1314,90596,1541,114597,472,8920,1112,66991,2211,77922,1583,144913,California
Monterey,2021-04-07,5452,219565,1361,91957,3581,118178,510,9430,2617,67292,2824,80746,3125,148038,California
Monterey,2021-04-08,6464,226029,3454,95411,2210,120388,800,10230,3172,67979,3286,84032,3973,152011,California
Monterey,2021-04-09,5468,231497,3322,98733,1516,121904,630,10860,2190,67524,3274,87306,2819,154830,California
Monterey,2021-04-10,10012,241509,4887,103620,2977,124881,2148,13008,4894,69455,5110,92416,7041,161871,California
Monterey,2021-04-11,5419,246928,4251,107871,568,125449,600,13608,4377,73395,1036,93452,4976,166847,California
Monterey,2021-04-12,4048,250976,1834,109705,1904,127353,310,13918,896,71588,3013,96465,1206,168053,California
Monterey,2021-04-13,3113,254089,711,110416,2397,129750,5,13923,1485,71472,1607,98072,1491,169544,California
Monterey,2021-04-14,6557,260646,3110,113526,3445,133195,2,13925,1797,68524,4747,102819,1799,171343,California
Monterey,2021-04-15,5721,266367,3868,117394,1853,135048,0,13925,3810,70453,1881,104700,3810,175153,California
Monterey,2021-04-16,4660,271027,2388,119782,2258,137306,14,13939,2173,70164,2476,107176,2187,177340,California
Monterey,2021-04-17,5237,276264,1329,121111,3908,141214,0,13939,3593,72124,1633,108809,3593,180933,California
Monterey,2021-04-18,834,277098,253,121364,581,141795,0,13939,234,71762,596,109405,234,181167,California
Monterey,2021-04-19,3667,280765,1284,122648,2383,144178,0,13939,1752,71607,1907,111312,1752,182919,California
Monterey,2021-04-20,3757,284522,1574,124222,2183,146361,0,13939,1548,70968,2188,113500,1549,184468,California
Monterey,2021-04-21,5769,290291,3150,127372,2619,148980,0,13939,2833,70901,2902,116402,2835,187303,California
Monterey,2021-04-22,4692,294983,1008,128380,3684,152664,0,13939,1947,70139,2709,119111,1947,189250,California
Monterey,2021-04-23,5635,300618,2627,131007,3007,155671,1,13940,2214,68955,3402,122513,2218,191468,California
Monterey,2021-04-24,4067,304685,569,131576,3498,159169,0,13940,1522,67965,2512,125025,1522,192990,California
Monterey,2021-04-25,1229,305914,601,132177,628,159797,0,13940,785,68315,435,125460,785,193775,California
Monterey,2021-04-26,3372,309286,2117,134294,1239,161036,16,13956,851,66685,2497,127957,867,194642,California
Monterey,2021-04-27,2497,311783,864,135158,1517,162553,116,14072,1092,66493,1399,129356,1207,195849,California
Monterey,2021-04-28,3198,314981,1117,136275,1945,164498,136,14208,2091,67621,1096,130452,2224,198073,California
Monterey,2021-04-29,3802,318783,2180,138455,1557,166055,65,14273,1367,66626,2428,132880,1433,199506,California
Monterey,2021-04-30,1933,320716,1318,139773,599,166654,16,14289,448,65609,1480,134360,463,199969,California
Monterey,2021-05-01,4313,325029,3869,143642,440,167094,4,14293,405,62123,3893,138253,407,200376,California
Napa,2020-12-16,12,12,12,12,0,0,0,0,12,12,0,0,12,12,California
Napa,2020-12-17,44,56,44,56,0,0,0,0,44,56,0,0,44,56,California
Napa,2020-12-18,101,157,101,157,0,0,0,0,101,157,0,0,101,157,California
Napa,2020-12-19,221,378,221,378,0,0,0,0,221,378,0,0,221,378,California
Napa,2020-12-20,188,566,188,566,0,0,0,0,188,566,0,0,188,566,California
Napa,2020-12-21,309,875,309,875,0,0,0,0,310,876,0,0,310,876,California
Napa,2020-12-22,340,1215,331,1206,9,9,0,0,340,1216,0,0,340,1216,California
Napa,2020-12-23,427,1642,318,1524,109,118,0,0,427,1643,0,0,427,1643,California
Napa,2020-12-24,139,1781,78,1602,61,179,0,0,139,1782,0,0,139,1782,California
Napa,2020-12-25,1,1782,1,1603,0,179,0,0,1,1783,0,0,1,1783,California
Napa,2020-12-26,39,1821,11,1614,28,207,0,0,39,1822,0,0,39,1822,California
Napa,2020-12-27,32,1853,16,1630,16,223,0,0,32,1854,0,0,32,1854,California
Napa,2020-12-28,251,2104,185,1815,66,289,0,0,280,2134,0,0,280,2134,California
Napa,2020-12-29,273,2377,214,2029,59,348,0,0,307,2441,0,0,307,2441,California
Napa,2020-12-30,628,3005,485,2514,143,491,0,0,636,3077,0,0,636,3077,California
Napa,2020-12-31,461,3466,373,2887,88,579,0,0,461,3538,0,0,461,3538,California
Napa,2021-01-01,1,3467,1,2888,0,579,0,0,1,3539,0,0,1,3539,California
Napa,2021-01-02,98,3565,93,2981,5,584,0,0,98,3637,0,0,98,3637,California
Napa,2021-01-03,13,3578,11,2992,2,586,0,0,9,3646,0,0,9,3646,California
Napa,2021-01-04,106,3684,64,3056,42,628,0,0,106,3752,0,0,106,3752,California
Napa,2021-01-05,162,3846,85,3141,77,705,0,0,145,3873,24,24,145,3897,California
Napa,2021-01-06,460,4306,115,3256,345,1050,0,0,396,4207,62,86,396,4293,California
Napa,2021-01-07,497,4803,234,3490,263,1313,0,0,397,4505,99,185,397,4690,California
Napa,2021-01-08,442,5245,226,3716,216,1529,0,0,262,4588,179,364,262,4952,California
Napa,2021-01-09,325,5570,300,4016,25,1554,0,0,189,4641,136,500,189,5141,California
Napa,2021-01-10,184,5754,101,4117,83,1637,0,0,109,4675,75,575,109,5250,California
Napa,2021-01-11,881,6635,426,4543,455,2092,0,0,508,4811,374,949,510,5760,California
Napa,2021-01-12,1311,7946,370,4913,941,3033,0,0,996,5492,315,1264,996,6756,California
Napa,2021-01-13,1312,9258,264,5177,1048,4081,0,0,1150,6482,161,1425,1151,7907,California
Napa,2021-01-14,1053,10311,173,5350,880,4961,0,0,935,7301,116,1541,935,8842,California
Napa,2021-01-15,1456,11767,384,5734,1072,6033,0,0,1308,8454,156,1697,1309,10151,California
Napa,2021-01-16,357,12124,134,5868,223,6256,0,0,339,8775,18,1715,339,10490,California
Napa,2021-01-17,341,12465,176,6044,165,6421,0,0,331,9096,10,1725,331,10821,California
Napa,2021-01-18,1081,13546,197,6241,884,7305,0,0,990,9995,91,1816,990,11811,California
Napa,2021-01-19,1010,14556,405,6646,605,7910,0,0,768,10522,241,2057,768,12579,California
Napa,2021-01-20,824,15380,185,6831,639,8549,0,0,642,10984,180,2237,642,13221,California
Napa,2021-01-21,1335,16715,374,7205,961,9510,0,0,1080,11811,254,2491,1081,14302,California
Napa,2021-01-22,1540,18255,412,7617,1128,10638,0,0,1213,12699,326,2817,1214,15516,California
Napa,2021-01-23,398,18653,318,7935,80,10718,0,0,336,12973,62,2879,336,15852,California
Napa,2021-01-24,266,18919,189,8124,77,10795,0,0,208,13123,58,2937,208,16060,California
Napa,2021-01-25,1522,20441,231,8355,1291,12086,0,0,1432,14465,90,3027,1432,17492,California
Napa,2021-01-26,881,21322,285,8640,596,12682,0,0,787,15159,94,3121,788,18280,California
Napa,2021-01-27,627,21949,221,8861,406,13088,0,0,471,15475,156,3277,472,18752,California
Napa,2021-01-28,390,22339,177,9038,213,13301,0,0,198,15483,190,3467,198,18950,California
Napa,2021-01-29,254,22593,65,9103,189,13490,0,0,159,15547,95,3562,159,19109,California
Napa,2021-01-30,804,23397,695,9798,109,13599,0,0,640,16023,164,3726,640,19749,California
Napa,2021-01-31,655,24052,625,10423,30,13629,0,0,629,16626,26,3752,629,20378,California
Napa,2021-02-01,315,24367,110,10533,205,13834,0,0,163,16637,152,3904,163,20541,California
Napa,2021-02-02,603,24970,281,10814,322,14156,0,0,293,16623,307,4211,293,20834,California
Napa,2021-02-03,745,25715,310,11124,435,14591,0,0,431,16741,313,4524,431,21265,California
Napa,2021-02-04,789,26504,373,11497,416,15007,0,0,441,16836,346,4870,441,21706,California
Napa,2021-02-05,712,27216,313,11810,399,15406,0,0,344,16812,368,5238,344,22050,California
Napa,2021-02-06,435,27651,146,11956,289,15695,0,0,330,17037,105,5343,330,22380,California
Napa,2021-02-07,176,27827,163,12119,13,15708,0,0,71,17003,105,5448,71,22451,California
Napa,2021-02-08,836,28663,191,12310,645,16353,0,0,274,16718,559,6007,274,22725,California
Napa,2021-02-09,1078,29741,443,12753,635,16988,0,0,438,16516,640,6647,438,23163,California
Napa,2021-02-10,1720,31461,193,12946,1527,18515,0,0,453,15706,1264,7911,454,23617,California
Napa,2021-02-11,1492,32953,194,13140,1298,19813,0,0,406,15038,1074,8985,406,24023,California
Napa,2021-02-12,2162,35115,839,13979,1323,21136,0,0,722,14323,1437,10422,722,24745,California
Napa,2021-02-13,496,35611,52,14031,444,21580,0,0,312,14451,184,10606,312,25057,California
Napa,2021-02-14,355,35966,89,14120,266,21846,0,0,194,14484,161,10767,194,25251,California
Napa,2021-02-15,873,36839,182,14302,691,22537,0,0,220,14053,651,11418,220,25471,California
Napa,2021-02-16,1288,38127,597,14899,691,23228,0,0,612,13990,675,12093,612,26083,California
Napa,2021-02-17,1050,39177,533,15432,517,23745,0,0,480,13902,568,12661,480,26563,California
Napa,2021-02-18,1897,41074,485,15917,1412,25157,0,0,658,13324,1236,13897,658,27221,California
Napa,2021-02-19,1482,42556,587,16504,895,26052,0,0,676,13195,805,14702,676,27897,California
Napa,2021-02-20,822,43378,596,17100,226,26278,0,0,274,12921,548,15250,274,28171,California
Napa,2021-02-21,798,44176,735,17835,63,26341,0,0,196,12515,602,15852,196,28367,California
Napa,2021-02-22,443,44619,187,18022,256,26597,0,0,138,12348,305,16157,138,28505,California
Napa,2021-02-23,1126,45745,301,18323,825,27422,0,0,308,11838,818,16975,308,28813,California
Napa,2021-02-24,1163,46908,643,18966,520,27942,0,0,574,11826,587,17562,575,29388,California
Napa,2021-02-25,2546,49454,1214,20180,1332,29274,0,0,1834,12949,711,18273,1834,31222,California
Napa,2021-02-26,1500,50954,524,20704,976,30250,0,0,587,12625,911,19184,587,31809,California
Napa,2021-02-27,1118,52072,380,21084,738,30988,0,0,865,13239,251,19435,865,32674,California
Napa,2021-02-28,560,52632,459,21543,101,31089,0,0,461,13603,97,19532,461,33135,California
Napa,2021-03-01,1101,53733,815,22358,286,31375,0,0,832,14167,268,19800,832,33967,California
Napa,2021-03-02,1483,55216,1024,23382,459,31834,0,0,1147,14979,335,20135,1147,35114,California
Napa,2021-03-03,1548,56764,686,24068,862,32696,0,0,1363,16158,184,20319,1363,36477,California
Napa,2021-03-04,1708,58472,783,24851,925,33621,0,0,1470,17393,235,20554,1470,37947,California
Napa,2021-03-05,1890,60362,784,25635,1102,34723,4,4,1474,18457,414,20968,1478,39425,California
Napa,2021-03-06,648,61010,281,25916,336,35059,31,35,535,18912,111,21079,566,39991,California
Napa,2021-03-07,521,61531,319,26235,187,35246,15,50,371,19148,150,21229,386,40377,California
Napa,2021-03-08,706,62237,330,26565,323,35569,53,103,529,19555,175,21404,582,40959,California
Napa,2021-03-09,1633,63870,570,27135,1017,36586,46,149,1201,20373,429,21833,1247,42206,California
Napa,2021-03-10,1476,65346,916,28051,467,37053,93,242,775,20543,697,22530,867,43073,California
Napa,2021-03-11,1844,67190,1049,29100,666,37719,129,371,954,20735,890,23420,1082,44155,California
Napa,2021-03-12,1502,68692,911,30011,495,38214,96,467,799,20928,701,24121,894,45049,California
Napa,2021-03-13,1163,69855,299,30310,840,39054,24,491,827,21445,334,24455,851,45900,California
Napa,2021-03-14,610,70465,328,30638,134,39188,148,639,226,21435,383,24838,373,46273,California
Napa,2021-03-15,948,71413,408,31046,471,39659,69,708,479,21516,467,25305,548,46821,California
Napa,2021-03-16,1837,73250,387,31433,1324,40983,126,834,1377,22564,456,25761,1504,48325,California
Napa,2021-03-17,2493,75743,1848,33281,466,41449,179,1013,1585,23420,908,26669,1764,50089,California
Napa,2021-03-18,2102,77845,916,34197,1176,42625,10,1023,1287,23904,813,27482,1297,51386,California
Napa,2021-03-19,1438,79283,866,35063,544,43169,28,1051,715,23927,720,28202,743,52129,California
Napa,2021-03-20,1005,80288,529,35592,323,43492,153,1204,431,23938,573,28775,584,52713,California
Napa,2021-03-21,701,80989,680,36272,19,43511,2,1206,350,23940,350,29125,352,53065,California
Napa,2021-03-22,1088,82077,913,37185,164,43675,11,1217,476,23819,608,29733,487,53552,California
Napa,2021-03-23,1513,83590,821,38006,675,44350,17,1234,1001,24328,509,30242,1018,54570,California
Napa,2021-03-24,1704,85294,944,38950,752,45102,8,1242,822,24277,881,31123,830,55400,California
Napa,2021-03-25,1629,86923,1049,39999,526,45628,54,1296,747,24198,880,32003,801,56201,California
Napa,2021-03-26,1292,88215,829,40828,457,46085,6,1302,589,24093,700,32703,595,56796,California
Napa,2021-03-27,944,89159,431,41259,486,46571,27,1329,312,23800,632,33335,339,57135,California
Napa,2021-03-28,484,89643,374,41633,103,46674,7,1336,184,23692,299,33634,191,57326,California
Napa,2021-03-29,1187,90830,864,42497,318,46992,5,1341,727,23965,459,34093,732,58058,California
Napa,2021-03-30,2430,93260,927,43424,1499,48491,4,1345,1646,24831,784,34877,1650,59708,California
Napa,2021-03-31,1959,95219,956,44380,934,49425,69,1414,804,24550,1152,36029,871,60579,California
Napa,2021-04-01,1725,96944,828,45208,782,50207,115,1529,476,23897,1244,37273,591,61170,California
Napa,2021-04-02,1829,98773,819,46027,868,51075,142,1671,458,23129,1368,38641,600,61770,California
Napa,2021-04-03,622,99395,360,46387,203,51278,59,1730,208,22981,414,39055,266,62036,California
Napa,2021-04-04,353,99748,144,46531,151,51429,58,1788,124,22935,228,39283,182,62218,California
Napa,2021-04-05,1264,101012,755,47286,291,51720,218,2006,574,23038,689,39972,792,63010,California
Napa,2021-04-06,2213,103225,558,47844,1400,53120,255,2261,523,22129,1687,41659,778,63788,California
Napa,2021-04-07,1714,104939,694,48538,799,53919,221,2482,521,21682,1188,42847,741,64529,California
Napa,2021-04-08,1848,106787,1059,49597,419,54338,370,2852,976,22158,868,43715,1344,65873,California
Napa,2021-04-09,1531,108318,920,50517,310,54648,301,3153,678,22285,851,44566,978,66851,California
Napa,2021-04-10,1028,109346,345,50862,583,55231,100,3253,238,21833,789,45355,337,67188,California
Napa,2021-04-11,384,109730,301,51163,62,55293,21,3274,157,21784,227,45582,178,67366,California
Napa,2021-04-12,784,110514,303,51466,358,55651,123,3397,294,21710,489,46071,415,67781,California
Napa,2021-04-13,2519,113033,840,52306,1679,57330,0,3397,917,21029,1598,47669,917,68698,California
Napa,2021-04-14,2058,115091,975,53281,1083,58413,0,3397,1008,20994,1043,48712,1008,69706,California
Napa,2021-04-15,1603,116694,524,53805,1079,59492,0,3397,862,21120,736,49448,862,70568,California
Napa,2021-04-16,2897,119591,1569,55374,1328,60820,0,3397,2185,22595,710,50158,2185,72753,California
Napa,2021-04-17,1119,120710,266,55640,853,61673,0,3397,823,23122,296,50454,823,73576,California
Napa,2021-04-18,263,120973,171,55811,92,61765,0,3397,118,23096,144,50598,118,73694,California
Napa,2021-04-19,608,121581,339,56150,269,62034,0,3397,266,23021,341,50939,266,73960,California
Napa,2021-04-20,2910,124491,1950,58100,960,62994,0,3397,1974,24061,935,51874,1975,75935,California
Napa,2021-04-21,2823,127314,2067,60167,756,63750,0,3397,1780,24804,1038,52912,1781,77716,California
Napa,2021-04-22,1608,128922,1113,61280,495,64245,0,3397,823,24846,781,53693,823,78539,California
Napa,2021-04-23,1542,130464,1165,62445,375,64620,2,3399,1074,25456,464,54157,1074,79613,California
Napa,2021-04-24,538,131002,313,62758,225,64845,0,3399,284,25487,253,54410,284,79897,California
Napa,2021-04-25,248,131250,191,62949,57,64902,0,3399,129,25498,118,54528,129,80026,California
Napa,2021-04-26,488,131738,256,63205,232,65134,0,3399,251,25515,234,54762,251,80277,California
Napa,2021-04-27,1481,133219,424,63629,1046,66180,11,3410,679,25405,800,55562,690,80967,California
Napa,2021-04-28,842,134061,356,63985,469,66649,17,3427,275,25131,566,56128,292,81259,California
Napa,2021-04-29,506,134567,272,64257,218,66867,16,3443,154,24953,347,56475,169,81428,California
Napa,2021-04-30,378,134945,178,64435,181,67048,19,3462,160,24913,218,56693,178,81606,California
Napa,2021-05-01,239,135184,204,64639,31,67079,4,3466,71,24820,168,56861,75,81681,California
Nevada,2020-12-16,3,3,3,3,0,0,0,0,3,3,0,0,3,3,California
Nevada,2020-12-17,6,9,6,9,0,0,0,0,6,9,0,0,6,9,California
Nevada,2020-12-18,52,61,52,61,0,0,0,0,52,61,0,0,52,61,California
Nevada,2020-12-19,55,116,55,116,0,0,0,0,55,116,0,0,55,116,California
Nevada,2020-12-20,12,128,12,128,0,0,0,0,12,128,0,0,12,128,California
Nevada,2020-12-21,69,197,69,197,0,0,0,0,69,197,0,0,69,197,California
Nevada,2020-12-22,91,288,89,286,2,2,0,0,91,288,0,0,91,288,California
Nevada,2020-12-23,233,521,202,488,31,33,0,0,233,521,0,0,233,521,California
Nevada,2020-12-24,13,534,11,499,2,35,0,0,13,534,0,0,13,534,California
Nevada,2020-12-25,3,537,3,502,0,35,0,0,3,537,0,0,3,537,California
Nevada,2020-12-26,6,543,4,506,2,37,0,0,6,543,0,0,6,543,California
Nevada,2020-12-27,88,631,88,594,0,37,0,0,88,631,0,0,88,631,California
Nevada,2020-12-28,170,801,93,687,77,114,0,0,170,801,0,0,170,801,California
Nevada,2020-12-29,100,901,74,761,26,140,0,0,100,901,0,0,100,901,California
Nevada,2020-12-30,86,987,66,827,20,160,0,0,86,987,0,0,86,987,California
Nevada,2020-12-31,39,1026,9,836,30,190,0,0,39,1026,0,0,39,1026,California
Nevada,2021-01-01,1,1027,0,836,1,191,0,0,1,1027,0,0,1,1027,California
Nevada,2021-01-02,1,1028,1,837,0,191,0,0,1,1028,0,0,1,1028,California
Nevada,2021-01-03,129,1157,126,963,3,194,0,0,129,1157,0,0,129,1157,California
Nevada,2021-01-04,71,1228,47,1010,24,218,0,0,71,1228,0,0,71,1228,California
Nevada,2021-01-05,271,1499,130,1140,141,359,0,0,270,1497,1,1,270,1498,California
Nevada,2021-01-06,91,1590,43,1183,48,407,0,0,83,1572,8,9,83,1581,California
Nevada,2021-01-07,215,1805,43,1226,172,579,0,0,208,1775,6,15,209,1790,California
Nevada,2021-01-08,222,2027,128,1354,94,673,0,0,170,1893,52,67,170,1960,California
Nevada,2021-01-09,64,2091,56,1410,8,681,0,0,16,1861,48,115,16,1976,California
Nevada,2021-01-10,17,2108,9,1419,8,689,0,0,9,1862,8,123,9,1985,California
Nevada,2021-01-11,185,2293,131,1550,54,743,0,0,57,1791,128,251,57,2042,California
Nevada,2021-01-12,597,2890,451,2001,146,889,0,0,531,2256,66,317,531,2573,California
Nevada,2021-01-13,257,3147,146,2147,111,1000,0,0,122,2243,135,452,122,2695,California
Nevada,2021-01-14,238,3385,127,2274,111,1111,0,0,220,2446,17,469,220,2915,California
Nevada,2021-01-15,394,3779,169,2443,225,1336,0,0,296,2644,98,567,296,3211,California
Nevada,2021-01-16,296,4075,15,2458,281,1617,0,0,292,2932,4,571,292,3503,California
Nevada,2021-01-17,35,4110,31,2489,4,1621,0,0,33,2963,2,573,33,3536,California
Nevada,2021-01-18,151,4261,41,2530,110,1731,0,0,141,3094,10,583,141,3677,California
Nevada,2021-01-19,244,4505,85,2615,159,1890,0,0,225,3300,19,602,225,3902,California
Nevada,2021-01-20,258,4763,153,2768,105,1995,0,0,245,3532,13,615,245,4147,California
Nevada,2021-01-21,338,5101,207,2975,131,2126,0,0,325,3844,13,628,325,4472,California
Nevada,2021-01-22,346,5447,209,3184,137,2263,0,0,316,4130,30,658,316,4788,California
Nevada,2021-01-23,177,5624,104,3288,73,2336,0,0,177,4307,0,658,177,4965,California
Nevada,2021-01-24,105,5729,98,3386,7,2343,0,0,66,4334,39,697,66,5031,California
Nevada,2021-01-25,267,5996,137,3523,130,2473,0,0,206,4479,61,758,206,5237,California
Nevada,2021-01-26,401,6397,141,3664,260,2733,0,0,299,4676,102,860,299,5536,California
Nevada,2021-01-27,417,6814,248,3912,169,2902,0,0,393,5045,24,884,393,5929,California
Nevada,2021-01-28,468,7282,318,4230,150,3052,0,0,424,5426,43,927,424,6353,California
Nevada,2021-01-29,602,7884,392,4622,210,3262,0,0,576,5978,25,952,577,6930,California
Nevada,2021-01-30,231,8115,104,4726,127,3389,0,0,228,6203,3,955,228,7158,California
Nevada,2021-01-31,102,8217,86,4812,16,3405,0,0,101,6304,1,956,102,7260,California
Nevada,2021-02-01,290,8507,71,4883,219,3624,0,0,276,6566,14,970,276,7536,California
Nevada,2021-02-02,511,9018,173,5056,338,3962,0,0,323,6701,188,1158,323,7859,California
Nevada,2021-02-03,810,9828,570,5626,240,4202,0,0,758,7408,51,1209,758,8617,California
Nevada,2021-02-04,738,10566,392,6018,346,4548,0,0,488,7647,249,1458,488,9105,California
Nevada,2021-02-05,643,11209,365,6383,278,4826,0,0,453,7912,188,1646,453,9558,California
Nevada,2021-02-06,268,11477,82,6465,186,5012,0,0,241,8126,27,1673,241,9799,California
Nevada,2021-02-07,245,11722,192,6657,53,5065,0,0,191,8263,54,1727,191,9990,California
Nevada,2021-02-08,650,12372,408,7065,242,5307,0,0,552,8717,98,1825,552,10542,California
Nevada,2021-02-09,601,12973,337,7402,264,5571,0,0,463,9042,138,1963,463,11005,California
Nevada,2021-02-10,647,13620,322,7724,325,5896,0,0,418,9232,229,2192,419,11424,California
Nevada,2021-02-11,871,14491,504,8228,367,6263,0,0,541,9444,329,2521,541,11965,California
Nevada,2021-02-12,930,15421,434,8662,496,6759,0,0,612,9740,316,2837,612,12577,California
Nevada,2021-02-13,599,16020,236,8898,363,7122,0,0,390,9926,205,3042,391,12968,California
Nevada,2021-02-14,229,16249,119,9017,110,7232,0,0,201,10099,28,3070,201,13169,California
Nevada,2021-02-15,709,16958,438,9455,271,7503,0,0,535,10460,174,3244,535,13704,California
Nevada,2021-02-16,620,17578,197,9652,423,7926,0,0,451,10743,168,3412,451,14155,California
Nevada,2021-02-17,1186,18764,764,10416,422,8348,0,0,858,11273,328,3740,858,15013,California
Nevada,2021-02-18,1005,19769,547,10963,458,8806,0,0,600,11469,404,4144,600,15613,California
Nevada,2021-02-19,1012,20781,629,11592,383,9189,0,0,652,11762,360,4504,653,16266,California
Nevada,2021-02-20,297,21078,105,11697,192,9381,0,0,173,11812,123,4627,173,16439,California
Nevada,2021-02-21,88,21166,83,11780,5,9386,0,0,8,11741,79,4706,8,16447,California
Nevada,2021-02-22,494,21660,327,12107,167,9553,0,0,346,11940,147,4853,346,16793,California
Nevada,2021-02-23,468,22128,219,12326,249,9802,0,0,206,11887,259,5112,206,16999,California
Nevada,2021-02-24,473,22601,235,12561,238,10040,0,0,248,11912,225,5337,250,17249,California
Nevada,2021-02-25,861,23462,465,13026,396,10436,0,0,431,11915,428,5765,431,17680,California
Nevada,2021-02-26,1234,24696,880,13906,354,10790,0,0,407,11498,824,6589,407,18087,California
Nevada,2021-02-27,352,25048,110,14016,242,11032,0,0,182,11510,170,6759,182,18269,California
Nevada,2021-02-28,265,25313,153,14169,112,11144,0,0,124,11494,140,6899,124,18393,California
Nevada,2021-03-01,816,26129,423,14592,393,11537,0,0,351,11382,463,7362,351,18744,California
Nevada,2021-03-02,706,26835,262,14854,444,11981,0,0,480,11640,222,7584,480,19224,California
Nevada,2021-03-03,964,27799,491,15345,472,12453,1,1,492,11662,471,8055,493,19717,California
Nevada,2021-03-04,1101,28900,614,15959,487,12940,0,1,465,11494,633,8688,465,20182,California
Nevada,2021-03-05,813,29713,456,16415,347,13287,10,11,358,11409,453,9141,368,20550,California
Nevada,2021-03-06,356,30069,119,16534,210,13497,27,38,144,11368,212,9353,171,20721,California
Nevada,2021-03-07,208,30277,109,16643,80,13577,19,57,67,11313,141,9494,86,20807,California
Nevada,2021-03-08,804,31081,538,17181,221,13798,45,102,358,11272,445,9939,404,21211,California
Nevada,2021-03-09,668,31749,318,17499,300,14098,50,152,365,11385,301,10240,414,21625,California
Nevada,2021-03-10,956,32705,603,18102,296,14394,57,209,319,11128,633,10873,376,22001,California
Nevada,2021-03-11,1095,33800,718,18820,352,14746,25,234,542,11150,545,11418,567,22568,California
Nevada,2021-03-12,1188,34988,721,19541,437,15183,30,264,503,10999,683,12101,532,23100,California
Nevada,2021-03-13,266,35254,52,19593,209,15392,5,269,95,10928,170,12271,99,23199,California
Nevada,2021-03-14,155,35409,21,19614,128,15520,6,275,33,10845,122,12393,39,23238,California
Nevada,2021-03-15,837,36246,454,20068,371,15891,12,287,354,10731,480,12873,366,23604,California
Nevada,2021-03-16,993,37239,465,20533,467,16358,61,348,646,11092,346,13219,707,24311,California
Nevada,2021-03-17,1013,38252,449,20982,554,16912,10,358,583,11258,427,13646,593,24904,California
Nevada,2021-03-18,968,39220,525,21507,420,17332,23,381,475,11267,489,14135,498,25402,California
Nevada,2021-03-19,751,39971,437,21944,282,17614,32,413,352,11255,396,14531,384,25786,California
Nevada,2021-03-20,822,40793,92,22036,306,17920,424,837,234,11328,582,15113,655,26441,California
Nevada,2021-03-21,57,40850,31,22067,25,17945,1,838,39,11351,17,15130,40,26481,California
Nevada,2021-03-22,795,41645,513,22580,277,18222,5,843,538,11639,255,15385,543,27024,California
Nevada,2021-03-23,852,42497,383,22963,443,18665,26,869,641,12098,208,15593,667,27691,California
Nevada,2021-03-24,1015,43512,539,23502,469,19134,7,876,649,12391,362,15955,655,28346,California
Nevada,2021-03-25,899,44411,451,23953,423,19557,25,901,495,12507,403,16358,519,28865,California
Nevada,2021-03-26,1137,45548,432,24385,668,20225,37,938,827,13063,307,16665,863,29728,California
Nevada,2021-03-27,566,46114,70,24455,480,20705,16,954,385,13283,181,16846,401,30129,California
Nevada,2021-03-28,174,46288,50,24505,111,20816,13,967,39,13202,133,16979,52,30181,California
Nevada,2021-03-29,821,47109,501,25006,298,21114,22,989,394,13193,424,17403,415,30596,California
Nevada,2021-03-30,1043,48152,475,25481,534,21648,34,1023,542,13276,493,17896,576,31172,California
Nevada,2021-03-31,1171,49323,659,26140,495,22143,17,1040,696,13522,466,18362,712,31884,California
Nevada,2021-04-01,1222,50545,713,26853,456,22599,53,1093,542,13442,675,19037,595,32479,California
Nevada,2021-04-02,1278,51823,654,27507,588,23187,36,1129,761,13725,514,19551,797,33276,California
Nevada,2021-04-03,287,52110,89,27596,160,23347,38,1167,83,13643,203,19754,121,33397,California
Nevada,2021-04-04,128,52238,42,27638,79,23426,7,1174,79,13680,49,19803,86,33483,California
Nevada,2021-04-05,933,53171,612,28250,302,23728,19,1193,621,14012,308,20111,640,34123,California
Nevada,2021-04-06,1066,54237,661,28911,262,23990,143,1336,469,14033,591,20702,612,34735,California
Nevada,2021-04-07,1134,55371,807,29718,245,24235,82,1418,599,14185,528,21230,680,35415,California
Nevada,2021-04-08,1271,56642,890,30608,298,24533,83,1501,705,14410,563,21793,788,36203,California
Nevada,2021-04-09,1235,57877,845,31453,321,24854,69,1570,839,14922,396,22189,908,37111,California
Nevada,2021-04-10,263,58140,81,31534,106,24960,76,1646,115,14966,147,22336,191,37302,California
Nevada,2021-04-11,100,58240,31,31565,65,25025,4,1650,39,14948,61,22397,43,37345,California
Nevada,2021-04-12,734,58974,537,32102,180,25205,17,1667,312,14858,419,22816,329,37674,California
Nevada,2021-04-13,875,59849,349,32451,526,25731,0,1667,467,14919,406,23222,467,38141,California
Nevada,2021-04-14,1048,60897,564,33015,484,26215,0,1667,538,14955,502,23724,538,38679,California
Nevada,2021-04-15,1058,61955,702,33717,356,26571,0,1667,615,15137,433,24157,615,39294,California
Nevada,2021-04-16,897,62852,696,34413,201,26772,0,1667,529,15299,367,24524,529,39823,California
Nevada,2021-04-17,194,63046,52,34465,142,26914,0,1667,84,15274,109,24633,84,39907,California
Nevada,2021-04-18,181,63227,17,34482,164,27078,0,1667,101,15295,80,24713,101,40008,California
Nevada,2021-04-19,750,63977,481,34963,269,27347,0,1667,304,15161,438,25151,304,40312,California
Nevada,2021-04-20,795,64772,307,35270,488,27835,0,1667,298,14967,492,25643,298,40610,California
Nevada,2021-04-21,897,65669,490,35760,407,28242,0,1667,266,14609,624,26267,266,40876,California
Nevada,2021-04-22,989,66658,616,36376,373,28615,0,1667,339,14309,639,26906,339,41215,California
Nevada,2021-04-23,1215,67873,538,36914,677,29292,0,1667,396,13896,809,27715,396,41611,California
Nevada,2021-04-24,519,68392,73,36987,446,29738,0,1667,169,13716,349,28064,169,41780,California
Nevada,2021-04-25,115,68507,60,37047,50,29788,5,1672,50,13707,64,28128,55,41835,California
Nevada,2021-04-26,697,69204,527,37574,162,29950,8,1680,196,13419,492,28620,204,42039,California
Nevada,2021-04-27,757,69961,345,37919,408,30358,4,1684,394,13462,355,28975,398,42437,California
Nevada,2021-04-28,885,70846,524,38443,356,30714,5,1689,348,13283,532,29507,353,42790,California
Nevada,2021-04-29,854,71700,591,39034,257,30971,6,1695,213,12862,640,30147,219,43009,California
Nevada,2021-04-30,998,72698,592,39626,402,31373,4,1699,158,12185,839,30986,162,43171,California
Nevada,2021-05-01,60,72758,11,39637,48,31421,1,1700,29,12184,31,31017,30,43201,California
Orange,2020-12-15,16,16,16,16,0,0,0,0,16,16,0,0,16,16,California
Orange,2020-12-16,365,381,365,381,0,0,0,0,365,381,0,0,365,381,California
Orange,2020-12-17,3725,4106,3725,4106,0,0,0,0,3724,4105,0,0,3724,4105,California
Orange,2020-12-18,5052,9158,5045,9151,7,7,0,0,5051,9156,0,0,5051,9156,California
Orange,2020-12-19,2230,11388,2223,11374,7,14,0,0,2229,11385,0,0,2229,11385,California
Orange,2020-12-20,1985,13373,1983,13357,2,16,0,0,1986,13371,0,0,1986,13371,California
Orange,2020-12-21,4251,17624,4245,17602,6,22,0,0,4251,17622,0,0,4251,17622,California
Orange,2020-12-22,3982,21606,3947,21549,35,57,0,0,3982,21604,0,0,3982,21604,California
Orange,2020-12-23,3558,25164,3197,24746,361,418,0,0,3560,25164,0,0,3560,25164,California
Orange,2020-12-24,1377,26541,1078,25824,299,717,0,0,1377,26541,0,0,1377,26541,California
Orange,2020-12-25,17,26558,12,25836,5,722,0,0,17,26558,0,0,17,26558,California
Orange,2020-12-26,1022,27580,423,26259,599,1321,0,0,1022,27580,0,0,1022,27580,California
Orange,2020-12-27,582,28162,275,26534,307,1628,0,0,582,28162,0,0,582,28162,California
Orange,2020-12-28,3537,31699,2565,29099,972,2600,0,0,3537,31699,0,0,3537,31699,California
Orange,2020-12-29,3571,35270,2562,31661,1009,3609,0,0,3570,35268,1,1,3570,35269,California
Orange,2020-12-30,5124,40394,3558,35219,1566,5175,0,0,5124,40392,0,1,5124,40393,California
Orange,2020-12-31,1494,41888,798,36017,696,5871,0,0,1494,41886,0,1,1494,41887,California
Orange,2021-01-01,514,42402,275,36292,239,6110,0,0,513,42398,1,2,513,42400,California
Orange,2021-01-02,1404,43806,895,37187,509,6619,0,0,1404,43802,0,2,1404,43804,California
Orange,2021-01-03,577,44383,319,37506,258,6877,0,0,577,44379,0,2,577,44381,California
Orange,2021-01-04,2732,47115,1558,39064,1174,8051,0,0,2733,47111,1,3,2733,47114,California
Orange,2021-01-05,3518,50633,2293,41357,1225,9276,0,0,3111,49822,403,406,3114,50228,California
Orange,2021-01-06,4988,55621,3464,44821,1524,10800,0,0,3622,52090,1354,1760,3622,53850,California
Orange,2021-01-07,9252,64873,5163,49984,4089,14889,0,0,5684,54223,3555,5315,5688,59538,California
Orange,2021-01-08,9407,74280,5263,55247,4144,19033,0,0,5646,56120,3751,9066,5648,65186,California
Orange,2021-01-09,4997,79277,1739,56986,3258,22291,0,0,3716,58555,1281,10347,3716,68902,California
Orange,2021-01-10,4234,83511,1042,58028,3192,25483,0,0,3354,61034,879,11226,3358,72260,California
Orange,2021-01-11,9438,92949,4900,62928,4538,30021,0,0,5817,63228,3624,14850,5818,78078,California
Orange,2021-01-12,8814,101763,4722,67650,4092,34113,0,0,5350,65117,3462,18312,5351,83429,California
Orange,2021-01-13,10241,112004,4912,72562,5329,39442,0,0,7042,68972,3194,21506,7049,90478,California
Orange,2021-01-14,9962,121966,3774,76336,6188,45630,0,0,8373,75764,1587,23093,8379,98857,California
Orange,2021-01-15,10160,132126,2621,78957,7539,53169,0,0,9286,84174,882,23975,9292,108149,California
Orange,2021-01-16,8707,140833,2097,81054,6610,59779,0,0,8311,92094,396,24371,8316,116465,California
Orange,2021-01-17,8155,148988,1484,82538,6671,66450,0,0,8008,99965,147,24518,8018,124483,California
Orange,2021-01-18,9750,158738,4459,86997,5291,71741,0,0,7508,105231,2244,26762,7510,131993,California
Orange,2021-01-19,7488,166226,5415,92412,2073,73814,0,0,4860,107464,2628,29390,4861,136854,California
Orange,2021-01-20,8285,174511,5825,98237,2460,76274,0,0,5230,109645,3056,32446,5237,142091,California
Orange,2021-01-21,10858,185369,4819,103056,6039,82313,0,0,10059,118916,798,33244,10069,152160,California
Orange,2021-01-22,13601,198970,5087,108143,8514,90827,0,0,12762,130855,831,34075,12770,164930,California
Orange,2021-01-23,13127,212097,6182,114325,6945,97772,0,0,12149,142036,976,35051,12157,177087,California
Orange,2021-01-24,9815,221912,4289,118614,5526,103298,0,0,9489,151205,323,35374,9492,186579,California
Orange,2021-01-25,10431,232343,5854,124468,4577,107875,0,0,7708,156200,2718,38092,7713,194292,California
Orange,2021-01-26,11894,244237,7722,132190,4172,112047,0,0,9730,163773,2160,40252,9733,204025,California
Orange,2021-01-27,13419,257656,8001,140191,5418,117465,0,0,10720,171810,2688,42940,10725,214750,California
Orange,2021-01-28,13022,270678,7198,147389,5824,123289,0,0,11162,181134,1846,44786,11170,225920,California
Orange,2021-01-29,13600,284278,8415,155804,5185,128474,0,0,10713,188978,2873,47659,10717,236637,California
Orange,2021-01-30,12929,297207,4444,160248,8485,136959,0,0,12193,200453,721,48380,12196,248833,California
Orange,2021-01-31,13719,310926,4946,165194,8773,145732,0,0,13272,213291,442,48822,13280,262113,California
Orange,2021-02-01,14046,324972,5790,170984,8256,153988,0,0,12039,223348,1987,50809,12044,274157,California
Orange,2021-02-02,15415,340387,8369,179353,7046,161034,0,0,12666,233376,2641,53450,12669,286826,California
Orange,2021-02-03,16749,357136,12571,191924,4178,165212,0,0,13732,244174,2939,56389,13737,300563,California
Orange,2021-02-04,19822,376958,12951,204875,6871,172083,0,0,14739,253869,5052,61441,14747,315310,California
Orange,2021-02-05,20743,397701,12009,216884,8734,180817,0,0,14468,262104,6235,67676,14470,329780,California
Orange,2021-02-06,16320,414021,10787,227671,5533,186350,0,0,11066,268149,5239,72915,11284,341064,California
Orange,2021-02-07,11523,425544,8102,235773,3421,189771,0,0,7548,271906,3960,76875,7717,348781,California
Orange,2021-02-08,14857,440401,8497,244270,6360,196131,0,0,8836,274752,5991,82866,8837,357618,California
Orange,2021-02-09,17655,458056,12019,256289,5636,201767,0,0,10745,278664,6838,89704,10750,368368,California
Orange,2021-02-10,20901,478957,11182,267471,9719,211486,0,0,12674,283214,8133,97837,12683,381051,California
Orange,2021-02-11,22004,500961,11397,278868,10607,222093,0,0,12385,286124,9493,107330,12403,393454,California
Orange,2021-02-12,24758,525719,11898,290766,12860,234953,0,0,14631,290690,10071,117401,14637,408091,California
Orange,2021-02-13,22015,547734,11914,302680,10101,245054,0,0,11150,291821,10661,128062,11792,419883,California
Orange,2021-02-14,16188,563922,6572,309252,9616,254670,0,0,9550,294758,6614,134676,9551,429434,California
Orange,2021-02-15,17217,581139,7390,316642,9827,264497,0,0,8879,295352,8294,142970,8888,438322,California
Orange,2021-02-16,19915,601054,8975,325617,10940,275437,0,0,10712,296929,9159,152129,10736,449058,California
Orange,2021-02-17,17799,618853,9315,334932,8484,283921,0,0,9163,297532,8591,160720,9194,458252,California
Orange,2021-02-18,14887,633740,9837,344769,5050,288971,0,0,6797,296295,8042,168762,6805,465057,California
Orange,2021-02-19,18169,651909,10882,355651,7287,296258,0,0,6933,292051,11189,179951,6945,472002,California
Orange,2021-02-20,7460,659369,5562,361213,1898,298156,0,0,3748,292118,3691,183642,3758,475760,California
Orange,2021-02-21,4332,663701,3654,364867,678,298834,0,0,782,289384,3516,187158,782,476542,California
Orange,2021-02-22,9618,673319,7848,372715,1770,300604,0,0,3890,287585,5703,192861,3904,480446,California
Orange,2021-02-23,13256,686575,7243,379958,6013,306617,0,0,3489,281375,9709,202570,3499,483945,California
Orange,2021-02-24,21113,707688,12792,392750,8321,314938,0,0,5360,271064,15690,218260,5379,489324,California
Orange,2021-02-25,22602,730290,12240,404990,10362,325300,0,0,7970,264489,14561,232821,7986,497310,California
Orange,2021-02-26,27710,758000,14047,419037,13663,338963,0,0,11173,259266,16420,249241,11197,508507,California
Orange,2021-02-27,24953,782953,10066,429103,14885,353848,2,2,7245,248922,17606,266847,7262,515769,California
Orange,2021-02-28,19021,801974,7362,436465,11659,365507,0,2,4802,239633,14108,280955,4819,520588,California
Orange,2021-03-01,18353,820327,8360,444825,9989,375496,4,6,7088,235545,11192,292147,7104,527692,California
Orange,2021-03-02,18780,839107,8872,453697,9905,385401,3,9,9169,235176,9568,301715,9199,536891,California
Orange,2021-03-03,20338,859445,9491,463188,10844,396245,3,12,10959,236853,9307,311022,10984,547875,California
Orange,2021-03-04,22284,881729,12830,476018,9441,405686,13,25,11575,237793,10674,321696,11614,559489,California
Orange,2021-03-05,20699,902428,10727,486745,9928,415614,44,69,12672,242583,7986,329682,12776,572265,California
Orange,2021-03-06,23878,926306,13109,499854,9905,425519,864,933,12640,244907,11205,340887,13529,585794,California
Orange,2021-03-07,14824,941130,8304,508158,6134,431653,386,1319,8656,247837,6132,347019,9062,594856,California
Orange,2021-03-08,16168,957298,7395,515553,7513,439166,1260,2579,10390,253779,5734,352753,11676,606532,California
Orange,2021-03-09,19699,976997,8569,524122,8700,447866,2430,5009,11302,259155,8359,361112,13735,620267,California
Orange,2021-03-10,23969,1000966,11720,535842,9088,456954,3161,8170,12123,262647,11789,372901,15281,635548,California
Orange,2021-03-11,28848,1029814,15673,551515,9054,466008,4121,12291,13407,264819,15356,388257,17528,653076,California
Orange,2021-03-12,29187,1059001,14215,565730,11137,477145,3835,16126,14662,268893,14446,402703,18520,671596,California
Orange,2021-03-13,27677,1086678,10139,575869,13614,490759,3924,20050,14008,273207,13618,416321,17932,689528,California
Orange,2021-03-14,18766,1105444,8134,584003,8120,498879,2512,22562,11851,280678,6886,423207,14357,703885,California
Orange,2021-03-15,22948,1128392,10098,594101,12093,510972,757,23319,14335,287220,8545,431752,15087,718972,California
Orange,2021-03-16,26288,1154680,11108,605209,14958,525930,222,23541,17111,295462,9099,440851,17341,736313,California
Orange,2021-03-17,27144,1181824,13523,618732,13145,539075,476,24017,19405,307669,7672,448523,19879,756192,California
Orange,2021-03-18,27645,1209469,13885,632617,13488,552563,272,24289,21569,323500,6015,454538,21846,778038,California
Orange,2021-03-19,33324,1242793,18320,650937,14577,567140,427,24716,24848,340413,8372,462910,25285,803323,California
Orange,2021-03-20,25730,1268523,13533,664470,11991,579131,206,24922,22035,359017,3636,466546,22240,825563,California
Orange,2021-03-21,18444,1286967,10653,675123,7064,586195,727,25649,15696,372716,2724,469270,16423,841986,California
Orange,2021-03-22,22644,1309611,11689,686812,10633,596828,322,25971,19165,388803,3408,472678,19495,861481,California
Orange,2021-03-23,25870,1335481,13406,700218,11833,608661,631,26602,20804,405245,4996,477674,21438,882919,California
Orange,2021-03-24,28925,1364406,16112,716330,11917,620578,896,27498,21941,421174,6911,484585,22840,905759,California
Orange,2021-03-25,32139,1396545,17125,733455,14349,634927,665,28163,24162,438101,7900,492485,24827,930586,California
Orange,2021-03-26,34624,1431169,17962,751417,15817,650744,845,29008,24942,454307,9583,502068,25789,956375,California
Orange,2021-03-27,28298,1459467,13534,764951,14451,665195,313,29321,19768,465946,8444,510512,20083,976458,California
Orange,2021-03-28,24674,1484141,12759,777710,11848,677043,67,29388,18613,478630,6000,516512,18684,995142,California
Orange,2021-03-29,26335,1510476,12039,789749,13747,690790,549,29937,17906,488728,8357,524869,18455,1013597,California
Orange,2021-03-30,30419,1540895,13785,803534,16251,707041,383,30320,21276,501309,9079,533948,21660,1035257,California
Orange,2021-03-31,36753,1577648,19305,822839,16856,723897,592,30912,24001,513247,12659,546607,24597,1059854,California
Orange,2021-04-01,39764,1617412,20990,843829,17232,741129,1542,32454,26005,527122,13666,560273,27541,1087395,California
Orange,2021-04-02,39578,1656990,19979,863808,17906,759035,1693,34147,22517,534365,16974,577247,24217,1111612,California
Orange,2021-04-03,29766,1686756,15603,879411,12549,771584,1614,35761,14157,534592,15542,592789,15769,1127381,California
Orange,2021-04-04,18211,1704967,10627,890038,6896,778480,688,36449,8151,533414,10014,602803,8836,1136217,California
Orange,2021-04-05,29659,1734626,13904,903942,12471,790951,3284,39733,13817,534727,15779,618582,17092,1153309,California
Orange,2021-04-06,33051,1767677,15504,919446,14235,805186,3312,43045,14334,533727,18633,637215,17633,1170942,California
Orange,2021-04-07,35670,1803347,19955,939401,11267,816453,4448,47493,15769,534089,19832,657047,20194,1191136,California
Orange,2021-04-08,38354,1841701,21390,960791,11625,828078,5339,52832,18738,538613,19527,676574,24051,1215187,California
Orange,2021-04-09,40263,1881964,23488,984279,11731,839809,5044,57876,17845,539150,22336,698910,22873,1238060,California
Orange,2021-04-10,33912,1915876,17981,1002260,11794,851603,4137,62013,14089,537612,19745,718655,18207,1256267,California
Orange,2021-04-11,25325,1941201,14269,1016529,7822,859425,3234,65247,9712,534980,15568,734223,12936,1269203,California
Orange,2021-04-12,30139,1971340,15277,1031806,11395,870820,3467,68714,11854,532053,18234,752457,15307,1284510,California
Orange,2021-04-13,32181,2003521,18091,1049897,14028,884848,62,68776,15019,530030,17102,769559,15079,1299589,California
Orange,2021-04-14,34080,2037601,19888,1069785,14162,899010,30,68806,14976,526015,19023,788582,15008,1314597,California
Orange,2021-04-15,39523,2077124,24079,1093864,15433,914443,11,68817,18297,523194,21131,809713,18310,1332907,California
Orange,2021-04-16,40854,2117978,23958,1117822,16871,931314,25,68842,18398,519254,22369,832082,18429,1351336,California
Orange,2021-04-17,29654,2147632,17241,1135063,12410,943724,3,68845,12792,515258,16795,848877,12799,1364135,California
Orange,2021-04-18,21328,2168960,12889,1147952,8438,952162,1,68846,8445,510869,12838,861715,8449,1372584,California
Orange,2021-04-19,32274,2201234,17772,1165724,14500,966662,2,68848,14828,508331,17371,879086,14833,1387417,California
Orange,2021-04-20,34974,2236208,18133,1183857,16838,983500,3,68851,17481,508391,17423,896509,17483,1404900,California
Orange,2021-04-21,40022,2276230,22874,1206731,17138,1000638,10,68861,18769,505998,21172,917681,18779,1423679,California
Orange,2021-04-22,38977,2315207,20586,1227317,18385,1019023,6,68867,16238,499620,22630,940311,16252,1439931,California
Orange,2021-04-23,39626,2354833,20345,1247662,19275,1038298,6,68873,17528,495156,22000,962311,17536,1457467,California
Orange,2021-04-24,31733,2386566,16601,1264263,15097,1053395,35,68908,13363,490256,18300,980611,13400,1470867,California
Orange,2021-04-25,22888,2409454,12897,1277160,9978,1063373,13,68921,9826,487089,13011,993622,9844,1480711,California
Orange,2021-04-26,25140,2434594,11971,1289131,12998,1076371,171,69092,11000,484200,14061,1007683,11172,1491883,California
Orange,2021-04-27,27584,2462178,12551,1301682,14549,1090920,484,69576,10505,478255,16940,1024623,10995,1502878,California
Orange,2021-04-28,29446,2491624,14631,1316313,14004,1104924,811,70387,11509,472732,17841,1042464,12318,1515196,California
Orange,2021-04-29,23677,2515301,12049,1328362,10772,1115696,856,71243,8415,466798,15202,1057666,9268,1524464,California
Orange,2021-04-30,17913,2533214,9766,1338128,7694,1123390,453,71696,8029,465444,9835,1067501,8481,1532945,California
Orange,2021-05-01,11518,2544732,8385,1346513,2927,1126317,206,71902,5787,465733,5704,1073205,5993,1538938,California
Placer,2020-12-15,29,29,29,29,0,0,0,0,29,29,0,0,29,29,California
Placer,2020-12-16,54,83,54,83,0,0,0,0,54,83,0,0,54,83,California
Placer,2020-12-17,139,222,139,222,0,0,0,0,139,222,0,0,139,222,California
Placer,2020-12-18,331,553,331,553,0,0,0,0,331,553,0,0,331,553,California
Placer,2020-12-19,251,804,251,804,0,0,0,0,251,804,0,0,251,804,California
Placer,2020-12-20,234,1038,234,1038,0,0,0,0,234,1038,0,0,234,1038,California
Placer,2020-12-21,492,1530,491,1529,1,1,0,0,492,1530,0,0,492,1530,California
Placer,2020-12-22,675,2205,668,2197,7,8,0,0,675,2205,0,0,675,2205,California
Placer,2020-12-23,745,2950,659,2856,86,94,0,0,745,2950,0,0,745,2950,California
Placer,2020-12-24,398,3348,346,3202,52,146,0,0,398,3348,0,0,398,3348,California
Placer,2020-12-26,156,3504,111,3313,45,191,0,0,156,3504,0,0,156,3504,California
Placer,2020-12-27,186,3690,163,3476,23,214,0,0,186,3690,0,0,186,3690,California
Placer,2020-12-28,663,4353,536,4012,127,341,0,0,663,4353,0,0,663,4353,California
Placer,2020-12-29,761,5114,513,4525,248,589,0,0,761,5114,0,0,761,5114,California
Placer,2020-12-30,728,5842,454,4979,274,863,0,0,726,5840,0,0,726,5840,California
Placer,2020-12-31,529,6371,343,5322,186,1049,0,0,529,6369,0,0,529,6369,California
Placer,2021-01-01,15,6386,11,5333,4,1053,0,0,15,6384,0,0,15,6384,California
Placer,2021-01-02,184,6570,152,5485,32,1085,0,0,184,6568,0,0,184,6568,California
Placer,2021-01-03,154,6724,79,5564,75,1160,0,0,154,6722,0,0,154,6722,California
Placer,2021-01-04,618,7342,179,5743,439,1599,0,0,618,7340,0,0,618,7340,California
Placer,2021-01-05,725,8067,159,5902,566,2165,0,0,642,7901,82,82,643,7983,California
Placer,2021-01-06,760,8827,244,6146,516,2681,0,0,618,8377,142,224,618,8601,California
Placer,2021-01-07,985,9812,368,6514,617,3298,0,0,780,8952,205,429,780,9381,California
Placer,2021-01-08,1182,10994,528,7042,654,3952,0,0,855,9483,324,753,855,10236,California
Placer,2021-01-09,449,11443,321,7363,128,4080,0,0,233,9501,215,968,233,10469,California
Placer,2021-01-10,329,11772,186,7549,143,4223,0,0,164,9500,165,1133,164,10633,California
Placer,2021-01-11,1424,13196,806,8355,618,4841,0,0,836,9749,588,1721,837,11470,California
Placer,2021-01-12,1648,14844,876,9231,772,5613,0,0,1046,10193,602,2323,1046,12516,California
Placer,2021-01-13,1632,16476,819,10050,813,6426,0,0,1210,10986,420,2743,1213,13729,California
Placer,2021-01-14,1769,18245,652,10702,1117,7543,0,0,1414,12049,352,3095,1415,15144,California
Placer,2021-01-15,1933,20178,722,11424,1211,8754,0,0,1583,13284,349,3444,1584,16728,California
Placer,2021-01-16,1470,21648,719,12143,751,9505,0,0,1349,14513,121,3565,1350,18078,California
Placer,2021-01-17,564,22212,398,12541,166,9671,0,0,432,14813,132,3697,432,18510,California
Placer,2021-01-18,977,23189,539,13080,438,10109,0,0,748,15333,229,3926,749,19259,California
Placer,2021-01-19,2607,25796,1946,15026,661,10770,0,0,2157,17040,450,4376,2157,21416,California
Placer,2021-01-20,2261,28057,1695,16721,566,11336,0,0,1933,18646,328,4704,1934,23350,California
Placer,2021-01-21,2553,30610,1112,17833,1441,12777,0,0,2160,20415,392,5096,2161,25511,California
Placer,2021-01-22,2302,32912,593,18426,1709,14486,0,0,2127,22370,173,5269,2128,27639,California
Placer,2021-01-23,1189,34101,380,18806,809,15295,0,0,1034,23249,155,5424,1034,28673,California
Placer,2021-01-24,507,34608,265,19071,242,15537,0,0,431,23605,76,5500,432,29105,California
Placer,2021-01-25,1671,36279,803,19874,868,16405,0,0,1384,24703,287,5787,1385,30490,California
Placer,2021-01-26,1851,38130,1027,20901,824,17229,0,0,1587,26026,264,6051,1587,32077,California
Placer,2021-01-27,1839,39969,1152,22053,687,17916,0,0,1596,27382,241,6292,1597,33674,California
Placer,2021-01-28,1805,41774,1115,23168,690,18606,0,0,1557,28693,246,6538,1557,35231,California
Placer,2021-01-29,1892,43666,1171,24339,721,19327,0,0,1700,30204,191,6729,1702,36933,California
Placer,2021-01-30,1725,45391,971,25310,754,20081,0,0,1604,31688,120,6849,1604,38537,California
Placer,2021-01-31,780,46171,624,25934,156,20237,0,0,712,32333,68,6917,713,39250,California
Placer,2021-02-01,2070,48241,1089,27023,981,21218,0,0,1756,33775,314,7231,1756,41006,California
Placer,2021-02-02,2373,50614,1539,28562,834,22052,0,0,1883,35171,487,7718,1883,42889,California
Placer,2021-02-03,2918,53532,1875,30437,1043,23095,0,0,2294,36845,620,8338,2294,45183,California
Placer,2021-02-04,2757,56289,1186,31623,1571,24666,0,0,1934,37961,819,9157,1935,47118,California
Placer,2021-02-05,2729,59018,1204,32827,1525,26191,0,0,1402,38042,1322,10479,1403,48521,California
Placer,2021-02-06,1946,60964,1308,34135,638,26829,0,0,1397,38890,549,11028,1397,49918,California
Placer,2021-02-07,1221,62185,910,35045,311,27140,0,0,937,39544,283,11311,937,50855,California
Placer,2021-02-08,3301,65486,1767,36812,1534,28674,0,0,1976,40204,1317,12628,1977,52832,California
Placer,2021-02-09,3546,69032,2175,38987,1371,30045,0,0,1643,39946,1901,14529,1643,54475,California
Placer,2021-02-10,3745,72777,2189,41176,1556,31601,0,0,1742,39690,2000,16529,1744,56219,California
Placer,2021-02-11,3683,76460,1904,43080,1779,33380,0,0,1585,39191,2085,18614,1586,57805,California
Placer,2021-02-12,2838,79298,1319,44399,1519,34899,0,0,1665,39718,1139,19753,1666,59471,California
Placer,2021-02-13,2533,81831,1484,45883,1049,35948,0,0,1882,40949,651,20404,1882,61353,California
Placer,2021-02-14,1079,82910,674,46557,405,36353,0,0,737,41347,339,20743,737,62090,California
Placer,2021-02-15,2239,85149,1043,47600,1196,37549,0,0,1531,42170,709,21452,1532,63622,California
Placer,2021-02-16,3570,88719,1779,49379,1791,39340,0,0,1586,41782,1975,23427,1587,65209,California
Placer,2021-02-17,3540,92259,1960,51339,1580,40920,0,0,1510,41266,2026,25453,1510,66719,California
Placer,2021-02-18,3792,96051,2045,53384,1747,42667,0,0,1625,40734,2158,27611,1626,68345,California
Placer,2021-02-19,3585,99636,1910,55294,1675,44342,0,0,1328,39810,2253,29864,1329,69674,California
Placer,2021-02-20,1974,101610,1232,56526,742,45084,0,0,890,39625,1078,30942,893,70567,California
Placer,2021-02-21,971,102581,729,57255,242,45326,0,0,280,39218,688,31630,281,70848,California
Placer,2021-02-22,2522,105103,1774,59029,748,46074,0,0,604,37905,1917,33547,604,71452,California
Placer,2021-02-23,2541,107644,1571,60600,970,47044,0,0,879,37123,1661,35208,879,72331,California
Placer,2021-02-24,3281,110925,1173,61773,2108,49152,0,0,1786,37426,1485,36693,1788,74119,California
Placer,2021-02-25,3528,114453,1421,63194,2107,51259,0,0,1875,37657,1645,38338,1876,75995,California
Placer,2021-02-26,4094,118547,2373,65567,1721,52980,0,0,2352,38271,1738,40076,2352,78347,California
Placer,2021-02-27,2817,121364,1492,67059,1325,54305,0,0,1452,38367,1359,41435,1455,79802,California
Placer,2021-02-28,1397,122761,793,67852,604,54909,0,0,587,38150,804,42239,587,80389,California
Placer,2021-03-01,2990,125751,1983,69835,1007,55916,0,0,1542,38249,1443,43682,1542,81931,California
Placer,2021-03-02,2867,128618,1760,71595,1107,57023,0,0,1876,39139,986,44668,1876,83807,California
Placer,2021-03-03,3321,131939,1422,73017,1899,58922,0,0,1816,39457,1499,46167,1817,85624,California
Placer,2021-03-04,3624,135563,1451,74468,2173,61095,0,0,1893,39632,1719,47886,1894,87518,California
Placer,2021-03-05,3003,138566,1027,75495,1954,63049,22,22,1804,40261,1197,49083,1826,89344,California
Placer,2021-03-06,2405,140971,1481,76976,828,63877,96,118,923,39805,1475,50558,1019,90363,California
Placer,2021-03-07,1297,142268,752,77728,507,64384,38,156,530,39609,764,51322,568,90931,California
Placer,2021-03-08,2907,145175,1827,79555,967,65351,113,269,1650,40117,1255,52577,1763,92694,California
Placer,2021-03-09,3166,148341,1678,81233,1397,66748,91,360,1814,40673,1349,53926,1905,94599,California
Placer,2021-03-10,3276,151617,1318,82551,1851,68599,107,467,1705,40919,1566,55492,1812,96411,California
Placer,2021-03-11,3576,155193,1589,84140,1863,70462,124,591,1725,40928,1843,57335,1852,98263,California
Placer,2021-03-12,3670,158863,1483,85623,1406,71868,781,1372,1249,40545,2414,59749,2031,100294,California
Placer,2021-03-13,2104,160967,738,86361,1248,73116,118,1490,1129,40821,972,60721,1248,101542,California
Placer,2021-03-14,1638,162605,672,87033,817,73933,149,1639,891,41114,747,61468,1040,102582,California
Placer,2021-03-15,3173,165778,1527,88560,1515,75448,131,1770,1759,41592,1413,62881,1891,104473,California
Placer,2021-03-16,3556,169334,1914,90474,1509,76957,133,1903,2282,42745,1263,64144,2416,106889,California
Placer,2021-03-17,3411,172745,1726,92200,1586,78543,99,2002,2201,43839,1208,65352,2302,109191,California
Placer,2021-03-18,3961,176706,2196,94396,1727,80270,38,2040,2823,45568,1131,66483,2860,112051,California
Placer,2021-03-19,3425,180131,2061,96457,1100,81370,264,2304,2183,46779,1235,67718,2446,114497,California
Placer,2021-03-20,2136,182267,895,97352,1144,82514,97,2401,1302,47347,830,68548,1398,115895,California
Placer,2021-03-21,1251,183518,573,97925,669,83183,9,2410,943,47994,305,68853,952,116847,California
Placer,2021-03-22,3263,186781,2098,100023,1078,84261,87,2497,2192,49207,1067,69920,2280,119127,California
Placer,2021-03-23,3520,190301,2092,102115,1337,85598,91,2588,2520,50824,995,70915,2612,121739,California
Placer,2021-03-24,3785,194086,1996,104111,1693,87291,96,2684,1950,51057,1813,72728,2046,123785,California
Placer,2021-03-25,3772,197858,1793,105904,1882,89173,97,2781,1725,50840,2038,74766,1821,125606,California
Placer,2021-03-26,3752,201610,1657,107561,1863,91036,232,3013,1579,50491,2160,76926,1811,127417,California
Placer,2021-03-27,1595,203205,468,108029,1107,92143,20,3033,652,50227,936,77862,672,128089,California
Placer,2021-03-28,1102,204307,527,108556,565,92708,10,3043,373,49886,724,78586,383,128472,California
Placer,2021-03-29,3553,207860,1986,110542,1533,94241,34,3077,1724,49825,1820,80406,1759,130231,California
Placer,2021-03-30,3978,211838,2102,112644,1832,96073,44,3121,2097,50098,1867,82273,2140,132371,California
Placer,2021-03-31,4079,215917,1830,114474,2175,98248,74,3195,1684,49467,2388,84661,1757,134128,California
Placer,2021-04-01,2897,218814,1361,115835,1490,99738,46,3241,1601,49819,1295,85956,1647,135775,California
Placer,2021-04-02,2830,221644,1445,117280,1321,101059,64,3305,1586,50231,1237,87193,1649,137424,California
Placer,2021-04-03,1852,223496,983,118263,741,101800,128,3433,890,50293,956,88149,1018,138442,California
Placer,2021-04-04,709,224205,361,118624,295,102095,53,3486,286,50211,421,88570,339,138781,California
Placer,2021-04-05,2983,227188,1888,120512,913,103008,182,3668,1738,50890,1241,89811,1920,140701,California
Placer,2021-04-06,4271,231459,2472,122984,1500,104508,299,3967,1523,49969,2743,92554,1822,142523,California
Placer,2021-04-07,4492,235951,2560,125544,1471,105979,461,4428,2052,50044,2435,94989,2510,145033,California
Placer,2021-04-08,4682,240633,2593,128137,1545,107524,544,4972,1572,49061,3099,98088,2116,147149,California
Placer,2021-04-09,4074,244707,2245,130382,1215,108739,614,5586,1213,48038,2852,100940,1829,148978,California
Placer,2021-04-10,1979,246686,852,131234,947,109686,180,5766,846,47933,1130,102070,1025,150003,California
Placer,2021-04-11,1322,248008,502,131736,787,110473,33,5799,426,47499,892,102962,458,150461,California
Placer,2021-04-12,4102,252110,2652,134388,1070,111543,380,6179,2468,48722,1624,104586,2847,153308,California
Placer,2021-04-13,4331,256441,2985,137373,1345,112888,1,6180,2182,48760,2145,106731,2183,155491,California
Placer,2021-04-14,4062,260503,2507,139880,1554,114442,1,6181,1795,48297,2258,108989,1795,157286,California
Placer,2021-04-15,4393,264896,2423,142303,1969,116411,1,6182,2281,48477,2102,111091,2282,159568,California
Placer,2021-04-16,3656,268552,2171,144474,1485,117896,0,6182,1429,47685,2221,113312,1429,160997,California
Placer,2021-04-17,2340,270892,794,145268,1546,119442,0,6182,1453,48254,884,114196,1453,162450,California
Placer,2021-04-18,1156,272048,233,145501,923,120365,0,6182,404,47908,750,114946,404,162854,California
Placer,2021-04-19,2906,274954,1777,147278,1129,121494,0,6182,1145,47296,1758,116704,1146,164000,California
Placer,2021-04-20,3767,278721,2444,149722,1323,122817,0,6182,2400,48337,1359,118063,2400,166400,California
Placer,2021-04-21,3647,282368,2390,152112,1256,124073,1,6183,2377,49449,1266,119329,2378,168778,California
Placer,2021-04-22,3533,285901,2141,154253,1392,125465,0,6183,1732,49383,1798,121127,1732,170510,California
Placer,2021-04-23,3478,289379,2308,156561,1169,126634,1,6184,1361,48636,2109,123236,1362,171872,California
Placer,2021-04-24,2065,291444,1248,157809,817,127451,0,6184,1210,48997,849,124085,1210,173082,California
Placer,2021-04-25,899,292343,496,158305,403,127854,0,6184,555,49208,344,124429,555,173637,California
Placer,2021-04-26,2189,294532,1199,159504,968,128822,22,6206,1091,49231,1089,125518,1112,174749,California
Placer,2021-04-27,2485,297017,1305,160809,1145,129967,35,6241,1468,49723,1012,126530,1504,176253,California
Placer,2021-04-28,2692,299709,1676,162485,979,130946,37,6278,1396,49867,1289,127819,1433,177686,California
Placer,2021-04-29,2624,302333,1662,164147,908,131854,54,6332,998,49297,1622,129441,1052,178738,California
Placer,2021-04-30,1979,304312,1366,165513,597,132451,16,6348,717,48769,1261,130702,733,179471,California
Placer,2021-05-01,784,305096,563,166076,217,132668,4,6352,350,48691,432,131134,354,179825,California
Plumas,2020-12-18,4,4,4,4,0,0,0,0,4,4,0,0,4,4,California
Plumas,2020-12-19,1,5,1,5,0,0,0,0,1,5,0,0,1,5,California
Plumas,2020-12-21,45,50,45,50,0,0,0,0,45,50,0,0,45,50,California
Plumas,2020-12-22,92,142,92,142,0,0,0,0,92,142,0,0,92,142,California
Plumas,2020-12-23,50,192,50,192,0,0,0,0,50,192,0,0,50,192,California
Plumas,2020-12-24,6,198,6,198,0,0,0,0,6,198,0,0,6,198,California
Plumas,2020-12-28,8,206,0,198,8,8,0,0,8,206,0,0,8,206,California
Plumas,2020-12-29,32,238,22,220,10,18,0,0,32,238,0,0,32,238,California
Plumas,2020-12-30,22,260,1,221,21,39,0,0,22,260,0,0,22,260,California
Plumas,2020-12-31,4,264,1,222,3,42,0,0,4,264,0,0,4,264,California
Plumas,2021-01-04,10,274,4,226,6,48,0,0,10,274,0,0,10,274,California
Plumas,2021-01-05,22,296,2,228,20,68,0,0,22,296,0,0,22,296,California
Plumas,2021-01-06,124,420,5,233,119,187,0,0,124,420,0,0,124,420,California
Plumas,2021-01-07,53,473,2,235,51,238,0,0,52,471,1,1,52,472,California
Plumas,2021-01-08,12,485,5,240,7,245,0,0,8,475,4,5,8,480,California
Plumas,2021-01-09,2,487,2,242,0,245,0,0,1,475,1,6,1,481,California
Plumas,2021-01-11,59,546,50,292,9,254,0,0,12,440,47,53,12,493,California
Plumas,2021-01-12,155,701,86,378,69,323,0,0,71,427,84,137,71,564,California
Plumas,2021-01-13,56,757,50,428,6,329,0,0,10,391,46,183,10,574,California
Plumas,2021-01-14,96,853,14,442,82,411,0,0,91,477,5,188,91,665,California
Plumas,2021-01-15,62,915,7,449,55,466,0,0,60,535,2,190,60,725,California
Plumas,2021-01-16,58,973,1,450,57,523,0,0,58,593,0,190,58,783,California
Plumas,2021-01-18,2,975,1,451,1,524,0,0,2,595,0,190,2,785,California
Plumas,2021-01-19,36,1011,5,456,31,555,0,0,32,623,4,194,32,817,California
Plumas,2021-01-20,121,1132,3,459,118,673,0,0,119,740,2,196,119,936,California
Plumas,2021-01-21,113,1245,2,461,111,784,0,0,113,853,0,196,113,1049,California
Plumas,2021-01-22,5,1250,1,462,4,788,0,0,5,858,0,196,5,1054,California
Plumas,2021-01-23,92,1342,1,463,91,879,0,0,92,950,0,196,92,1146,California
Plumas,2021-01-24,1,1343,1,464,0,879,0,0,1,951,0,196,1,1147,California
Plumas,2021-01-25,10,1353,7,471,3,882,0,0,7,955,3,199,7,1154,California
Plumas,2021-01-26,60,1413,2,473,58,940,0,0,52,999,8,207,52,1206,California
Plumas,2021-01-27,25,1438,20,493,5,945,0,0,5,984,20,227,5,1211,California
Plumas,2021-01-28,23,1461,0,493,23,968,0,0,21,1003,2,229,21,1232,California
Plumas,2021-01-29,8,1469,2,495,6,974,0,0,7,1009,1,230,7,1239,California
Plumas,2021-01-30,8,1477,4,499,4,978,0,0,7,1015,1,231,7,1246,California
Plumas,2021-01-31,3,1480,3,502,0,978,0,0,3,1018,0,231,3,1249,California
Plumas,2021-02-01,15,1495,2,504,13,991,0,0,7,1017,8,239,7,1256,California
Plumas,2021-02-02,21,1516,2,506,19,1010,0,0,2,1000,19,258,2,1258,California
Plumas,2021-02-03,128,1644,8,514,120,1130,0,0,13,899,114,372,13,1271,California
Plumas,2021-02-04,101,1745,8,522,93,1223,0,0,23,844,78,450,23,1294,California
Plumas,2021-02-05,24,1769,11,533,13,1236,0,0,9,838,15,465,9,1303,California
Plumas,2021-02-06,7,1776,0,533,7,1243,0,0,7,845,0,465,7,1310,California
Plumas,2021-02-08,16,1792,7,540,9,1252,0,0,4,837,12,477,4,1314,California
Plumas,2021-02-09,171,1963,1,541,170,1422,0,0,111,888,60,537,111,1425,California
Plumas,2021-02-10,89,2052,9,550,80,1502,0,0,80,960,9,546,81,1506,California
Plumas,2021-02-11,322,2374,7,557,315,1817,0,0,263,1164,59,605,263,1769,California
Plumas,2021-02-12,122,2496,3,560,119,1936,0,0,118,1278,4,609,118,1887,California
Plumas,2021-02-13,73,2569,4,564,69,2005,0,0,14,1233,59,668,14,1901,California
Plumas,2021-02-14,8,2577,5,569,3,2008,0,0,8,1241,0,668,8,1909,California
Plumas,2021-02-15,27,2604,5,574,22,2030,0,0,24,1262,3,671,24,1933,California
Plumas,2021-02-16,76,2680,4,578,72,2102,0,0,14,1214,62,733,14,1947,California
Plumas,2021-02-17,136,2816,5,583,131,2233,0,0,12,1102,124,857,12,1959,California
Plumas,2021-02-18,128,2944,6,589,122,2355,0,0,19,1012,109,966,19,1978,California
Plumas,2021-02-19,41,2985,4,593,37,2392,0,0,6,983,35,1001,6,1984,California
Plumas,2021-02-20,104,3089,7,600,97,2489,0,0,12,903,92,1093,12,1996,California
Plumas,2021-02-21,5,3094,5,605,0,2489,0,0,1,900,4,1097,1,1997,California
Plumas,2021-02-22,3,3097,1,606,2,2491,0,0,0,897,3,1100,0,1997,California
Plumas,2021-02-23,25,3122,5,611,20,2511,0,0,17,906,8,1108,17,2014,California
Plumas,2021-02-24,456,3578,7,618,449,2960,0,0,443,1336,13,1121,443,2457,California
Plumas,2021-02-25,231,3809,10,628,221,3181,0,0,170,1445,61,1182,170,2627,California
Plumas,2021-02-26,264,4073,8,636,256,3437,0,0,256,1694,8,1190,257,2884,California
Plumas,2021-02-27,40,4113,4,640,36,3473,0,0,33,1720,7,1197,33,2917,California
Plumas,2021-02-28,1,4114,0,640,1,3474,0,0,1,1721,0,1197,1,2918,California
Plumas,2021-03-01,12,4126,3,643,9,3483,0,0,7,1724,4,1201,7,2925,California
Plumas,2021-03-02,8,4134,0,643,8,3491,0,0,6,1728,2,1203,6,2931,California
Plumas,2021-03-03,152,4286,10,653,142,3633,0,0,136,1848,16,1219,136,3067,California
Plumas,2021-03-04,252,4538,9,662,243,3876,0,0,230,2056,22,1241,230,3297,California
Plumas,2021-03-05,400,4938,7,669,388,4264,5,5,389,2439,11,1252,394,3691,California
Plumas,2021-03-06,19,4957,2,671,9,4273,8,13,3,2434,16,1268,11,3702,California
Plumas,2021-03-07,13,4970,2,673,2,4275,9,22,3,2436,10,1278,12,3714,California
Plumas,2021-03-08,29,4999,3,676,2,4277,24,46,3,2437,26,1304,27,3741,California
Plumas,2021-03-09,132,5131,1,677,116,4393,15,61,18,2356,114,1418,33,3774,California
Plumas,2021-03-10,255,5386,3,680,238,4631,14,75,108,2332,146,1564,122,3896,California
Plumas,2021-03-11,181,5567,8,688,168,4799,5,80,146,2448,35,1599,151,4047,California
Plumas,2021-03-12,595,6162,3,691,304,5103,288,368,23,2187,572,2171,311,4358,California
Plumas,2021-03-13,25,6187,4,695,10,5113,11,379,5,2183,20,2191,16,4374,California
Plumas,2021-03-14,12,6199,3,698,4,5117,5,384,1,2179,10,2201,6,4380,California
Plumas,2021-03-15,32,6231,1,699,24,5141,7,391,6,2166,26,2227,13,4393,California
Plumas,2021-03-16,60,6291,3,702,56,5197,1,392,49,2205,11,2238,50,4443,California
Plumas,2021-03-17,73,6364,9,711,63,5260,1,393,58,2250,14,2252,59,4502,California
Plumas,2021-03-18,60,6424,6,717,38,5298,16,409,12,2230,48,2300,28,4530,California
Plumas,2021-03-19,164,6588,6,723,156,5454,2,411,155,2381,7,2307,158,4688,California
Plumas,2021-03-20,693,7281,4,727,688,6142,1,412,673,3037,18,2325,674,5362,California
Plumas,2021-03-21,2,7283,1,728,1,6143,0,412,1,3038,0,2325,1,5363,California
Plumas,2021-03-22,183,7466,2,730,181,6324,0,412,176,3207,7,2332,176,5539,California
Plumas,2021-03-23,27,7493,2,732,25,6349,0,412,13,3206,14,2346,13,5552,California
Plumas,2021-03-24,654,8147,7,739,646,6995,1,413,224,3002,429,2775,225,5777,California
Plumas,2021-03-25,299,8446,7,746,290,7285,2,415,155,3013,144,2919,155,5932,California
Plumas,2021-03-26,312,8758,9,755,303,7588,0,415,46,2794,265,3184,46,5978,California
Plumas,2021-03-27,12,8770,1,756,10,7598,1,416,2,2787,10,3194,3,5981,California
Plumas,2021-03-28,5,8775,3,759,1,7599,1,417,3,2789,2,3196,4,5985,California
Plumas,2021-03-29,12,8787,4,763,7,7606,1,418,4,2786,8,3204,5,5990,California
Plumas,2021-03-30,151,8938,3,766,147,7753,1,419,24,2684,127,3331,25,6015,California
Plumas,2021-03-31,287,9225,2,768,284,8037,1,420,268,2934,19,3350,269,6284,California
Plumas,2021-04-01,294,9519,10,778,283,8320,1,421,58,2758,234,3584,58,6342,California
Plumas,2021-04-02,374,9893,5,783,368,8688,1,422,28,2453,334,3918,29,6371,California
Plumas,2021-04-03,16,9909,3,786,5,8693,8,430,4,2453,12,3930,12,6383,California
Plumas,2021-04-04,3,9912,1,787,1,8694,1,431,0,2451,3,3933,1,6384,California
Plumas,2021-04-05,12,9924,3,790,8,8702,1,432,5,2450,7,3940,6,6390,California
Plumas,2021-04-06,120,10044,6,796,88,8790,26,458,13,2382,107,4047,39,6429,California
Plumas,2021-04-07,280,10324,6,802,99,8889,175,633,27,2331,253,4300,202,6631,California
Plumas,2021-04-08,149,10473,3,805,131,9020,15,648,34,2265,114,4414,48,6679,California
Plumas,2021-04-09,50,10523,9,814,25,9045,16,664,19,2268,31,4445,34,6713,California
Plumas,2021-04-10,23,10546,2,816,5,9050,16,680,4,2269,19,4464,20,6733,California
Plumas,2021-04-11,4,10550,3,819,0,9050,1,681,3,2272,1,4465,4,6737,California
Plumas,2021-04-12,9,10559,4,823,3,9053,2,683,6,2277,3,4468,8,6745,California
Plumas,2021-04-13,206,10765,5,828,201,9254,0,683,138,2347,68,4536,138,6883,California
Plumas,2021-04-14,108,10873,7,835,101,9355,0,683,54,2347,54,4590,54,6937,California
Plumas,2021-04-15,50,10923,2,837,48,9403,0,683,32,2361,18,4608,32,6969,California
Plumas,2021-04-16,144,11067,4,841,140,9543,0,683,4,2225,140,4748,4,6973,California
Plumas,2021-04-17,666,11733,1,842,665,10208,0,683,20,1601,644,5392,20,6993,California
Plumas,2021-04-18,3,11736,2,844,1,10209,0,683,1,1600,2,5394,1,6994,California
Plumas,2021-04-19,38,11774,3,847,35,10244,0,683,5,1572,33,5427,5,6999,California
Plumas,2021-04-20,40,11814,4,851,36,10280,0,683,25,1582,15,5442,25,7024,California
Plumas,2021-04-21,313,12127,5,856,307,10587,1,684,18,1306,294,5736,18,7042,California
Plumas,2021-04-22,270,12397,7,863,263,10850,0,684,130,1296,140,5876,130,7172,California
Plumas,2021-04-23,73,12470,6,869,67,10917,0,684,16,1255,57,5933,16,7188,California
Plumas,2021-04-24,171,12641,5,874,166,11083,0,684,146,1377,24,5957,146,7334,California
Plumas,2021-04-26,27,12668,2,876,25,11108,0,684,8,1367,18,5975,8,7342,California
Plumas,2021-04-27,88,12756,3,879,85,11193,0,684,52,1383,36,6011,52,7394,California
Plumas,2021-04-28,232,12988,3,882,229,11422,0,684,32,1216,199,6210,32,7426,California
Plumas,2021-04-29,144,13132,64,946,79,11501,1,685,104,1281,40,6250,105,7531,California
Plumas,2021-04-30,12,13144,3,949,8,11509,1,686,2,1274,10,6260,3,7534,California
Plumas,2021-05-01,2,13146,0,949,1,11510,1,687,1,1275,1,6261,2,7536,California
Riverside,2020-12-15,4,4,4,4,0,0,0,0,4,4,0,0,4,4,California
Riverside,2020-12-16,64,68,64,68,0,0,0,0,64,68,0,0,64,68,California
Riverside,2020-12-17,805,873,805,873,0,0,0,0,805,873,0,0,805,873,California
Riverside,2020-12-18,1723,2596,1722,2595,1,1,0,0,1723,2596,0,0,1723,2596,California
Riverside,2020-12-19,1027,3623,1024,3619,3,4,0,0,1025,3620,1,1,1025,3621,California
Riverside,2020-12-20,1084,4707,1083,4702,1,5,0,0,1084,4704,0,1,1084,4705,California
Riverside,2020-12-21,2272,6979,2270,6972,2,7,0,0,2272,6976,0,1,2272,6977,California
Riverside,2020-12-22,2253,9232,2214,9186,39,46,0,0,2252,9228,0,1,2252,9229,California
Riverside,2020-12-23,2129,11361,1792,10978,337,383,0,0,2130,11358,0,1,2130,11359,California
Riverside,2020-12-24,827,12188,625,11603,202,585,0,0,827,12185,0,1,827,12186,California
Riverside,2020-12-25,28,12216,5,11608,23,608,0,0,28,12213,0,1,28,12214,California
Riverside,2020-12-26,400,12616,257,11865,143,751,0,0,400,12613,0,1,400,12614,California
Riverside,2020-12-27,361,12977,243,12108,118,869,0,0,361,12974,0,1,361,12975,California
Riverside,2020-12-28,1626,14603,1126,13234,500,1369,0,0,1626,14600,0,1,1626,14601,California
Riverside,2020-12-29,1737,16340,972,14206,765,2134,0,0,1737,16337,0,1,1737,16338,California
Riverside,2020-12-30,2578,18918,1685,15891,893,3027,0,0,2577,18914,0,1,2577,18915,California
Riverside,2020-12-31,1023,19941,395,16286,628,3655,0,0,1025,19939,0,1,1025,19940,California
Riverside,2021-01-01,111,20052,43,16329,68,3723,0,0,111,20050,0,1,111,20051,California
Riverside,2021-01-02,832,20884,692,17021,140,3863,0,0,832,20882,0,1,832,20883,California
Riverside,2021-01-03,345,21229,300,17321,45,3908,0,0,344,21226,0,1,344,21227,California
Riverside,2021-01-04,1260,22489,794,18115,466,4374,0,0,1260,22486,0,1,1260,22487,California
Riverside,2021-01-05,1978,24467,1361,19476,617,4991,0,0,1884,24282,88,89,1884,24371,California
Riverside,2021-01-06,2475,26942,1104,20580,1371,6362,0,0,2169,26149,302,391,2169,26540,California
Riverside,2021-01-07,2767,29709,1814,22394,953,7315,0,0,1705,26798,1058,1449,1707,28247,California
Riverside,2021-01-08,4044,33753,2935,25329,1109,8424,0,0,2233,27224,1807,3256,2233,30480,California
Riverside,2021-01-09,2068,35821,843,26172,1225,9649,0,0,1722,28601,345,3601,1722,32202,California
Riverside,2021-01-10,1664,37485,735,26907,929,10578,0,0,1060,29057,604,4205,1060,33262,California
Riverside,2021-01-11,4519,42004,3099,30006,1420,11998,0,0,2784,30109,1733,5938,2785,36047,California
Riverside,2021-01-12,3402,45406,2729,32735,673,12671,0,0,1716,30144,1681,7619,1716,37763,California
Riverside,2021-01-13,4382,49788,2867,35602,1515,14186,0,0,2778,31321,1601,9220,2778,40541,California
Riverside,2021-01-14,5465,55253,1869,37471,3596,17782,0,0,4878,35612,587,9807,4878,45419,California
Riverside,2021-01-15,6146,61399,2094,39565,4052,21834,0,0,5858,41183,287,10094,5858,51277,California
Riverside,2021-01-16,3609,65008,1017,40582,2592,24426,0,0,3363,44301,246,10340,3364,54641,California
Riverside,2021-01-17,3594,68602,582,41164,3012,27438,0,0,3398,47504,195,10535,3398,58039,California
Riverside,2021-01-18,3721,72323,2019,43183,1702,29140,0,0,2716,49215,1005,11540,2716,60755,California
Riverside,2021-01-19,7405,79728,2638,45821,4767,33907,0,0,6288,54387,1117,12657,6289,67044,California
Riverside,2021-01-20,7959,87687,2872,48693,5087,38994,0,0,6477,59395,1473,14130,6481,73525,California
Riverside,2021-01-21,8225,95912,3385,52078,4840,43834,0,0,7608,66385,618,14748,7608,81133,California
Riverside,2021-01-22,8718,104630,2976,55054,5742,49576,0,0,8289,74248,427,15175,8290,89423,California
Riverside,2021-01-23,5924,110554,2392,57446,3532,53108,0,0,5196,78717,728,15903,5197,94620,California
Riverside,2021-01-24,3034,113588,1430,58876,1604,54712,0,0,2821,81329,210,16113,2822,97442,California
Riverside,2021-01-25,7878,121466,4537,63413,3341,58053,0,0,6752,86957,1125,17238,6753,104195,California
Riverside,2021-01-26,9118,130584,5731,69144,3387,61440,0,0,7609,93060,1507,18745,7610,111805,California
Riverside,2021-01-27,10858,141442,6374,75518,4484,65924,0,0,9290,100788,1565,20310,9293,121098,California
Riverside,2021-01-28,11425,152867,6724,82242,4701,70625,0,0,10267,109906,1150,21460,10268,131366,California
Riverside,2021-01-29,11901,164768,7256,89498,4645,75270,0,0,10532,119100,1342,22802,10536,141902,California
Riverside,2021-01-30,9051,173819,4607,94105,4444,79714,0,0,8588,127229,460,23262,8589,150491,California
Riverside,2021-01-31,5156,178975,4246,98351,910,80624,0,0,5024,132126,131,23393,5028,155519,California
Riverside,2021-02-01,10858,189833,6703,105054,4155,84779,0,0,9077,139431,1775,25168,9080,164599,California
Riverside,2021-02-02,9505,199338,4849,109903,4656,89435,0,0,8022,145980,1476,26644,8025,172624,California
Riverside,2021-02-03,11997,211335,4977,114880,7020,96455,0,0,9770,153533,2217,28861,9770,182394,California
Riverside,2021-02-04,13552,224887,6046,120926,7506,103961,0,0,11461,162912,2084,30945,11463,193857,California
Riverside,2021-02-05,14322,239209,5397,126323,8925,112886,0,0,11282,171167,3032,33977,11287,205144,California
Riverside,2021-02-06,7260,246469,4286,130609,2974,115860,0,0,5620,175158,1632,35609,5623,210767,California
Riverside,2021-02-07,2166,248635,795,131404,1371,117231,0,0,1850,176694,315,35924,1851,212618,California
Riverside,2021-02-08,12448,261083,5529,136933,6919,124150,0,0,10163,184593,2268,38192,10167,222785,California
Riverside,2021-02-09,9644,270727,4525,141458,5119,129269,0,0,7723,190408,1913,40105,7728,230513,California
Riverside,2021-02-10,12061,282788,6979,148437,5082,134351,0,0,8903,196173,3146,43251,8911,239424,California
Riverside,2021-02-11,16564,299352,9041,157478,7523,141874,0,0,12183,204012,4359,47610,12198,251622,California
Riverside,2021-02-12,17681,317033,10821,168299,6860,148734,0,0,12828,212044,4808,52418,12840,264462,California
Riverside,2021-02-13,6324,323357,2126,170425,4198,152932,0,0,3095,211949,3211,55629,3116,267578,California
Riverside,2021-02-14,4928,328285,1121,171546,3807,156739,0,0,2176,211378,2748,58377,2177,269755,California
Riverside,2021-02-15,9815,338100,4995,176541,4820,161559,0,0,5405,212388,4402,62779,5412,275167,California
Riverside,2021-02-16,16104,354204,10109,186650,5995,167554,0,0,9248,214795,6849,69628,9256,284423,California
Riverside,2021-02-17,15007,369211,8202,194852,6805,174359,0,0,7443,214697,7551,77179,7453,291876,California
Riverside,2021-02-18,15469,384680,8940,203792,6529,180888,0,0,8047,215353,7404,84583,8060,299936,California
Riverside,2021-02-19,15246,399926,8217,212009,7029,187917,0,0,7208,214550,8019,92602,7216,307152,California
Riverside,2021-02-20,8059,407985,4251,216260,3808,191725,0,0,2085,210681,5957,98559,2088,309240,California
Riverside,2021-02-21,3422,411407,2905,219165,517,192242,0,0,1027,209327,2381,100940,1027,310267,California
Riverside,2021-02-22,12326,423733,7738,226903,4588,196830,0,0,5096,207216,7212,108152,5101,315368,California
Riverside,2021-02-23,11083,434816,7553,234456,3530,200360,0,0,5386,206937,5669,113821,5390,320758,California
Riverside,2021-02-24,14792,449608,8096,242552,6696,207056,0,0,6298,204797,8455,122276,6315,327073,California
Riverside,2021-02-25,17304,466912,7377,249929,9927,216983,0,0,8036,203611,9247,131523,8061,335134,California
Riverside,2021-02-26,18582,485494,6708,256637,11874,228857,0,0,9283,203684,9242,140765,9315,344449,California
Riverside,2021-02-27,11374,496868,4909,261546,6465,235322,0,0,5674,203718,5666,146431,5700,350149,California
Riverside,2021-02-28,4618,501486,2954,264500,1664,236986,0,0,2372,203863,2234,148665,2379,352528,California
Riverside,2021-03-01,14300,515786,6091,270591,8208,245194,1,1,8428,206480,5839,154504,8456,360984,California
Riverside,2021-03-02,15272,531058,7437,278028,7834,253028,1,2,8969,209197,6280,160784,8997,369981,California
Riverside,2021-03-03,16839,547897,8335,286363,8504,261532,0,2,7278,207090,9512,170296,7405,377386,California
Riverside,2021-03-04,18686,566583,7433,293796,11249,272781,4,6,8877,206356,9765,180061,9031,386417,California
Riverside,2021-03-05,18704,585287,7501,301297,11159,283940,44,50,9258,206540,9395,189456,9579,395996,California
Riverside,2021-03-06,9395,594682,4971,306268,3945,287885,479,529,4658,206984,4723,194179,5167,401163,California
Riverside,2021-03-07,4168,598850,2695,308963,1085,288970,388,917,1957,207132,2201,196380,2349,403512,California
Riverside,2021-03-08,11917,610767,4734,313697,6778,295748,405,1322,5308,206300,6591,202971,5759,409271,California
Riverside,2021-03-09,14641,625408,6755,320452,7389,303137,497,1819,5776,203861,8847,211818,6408,415679,California
Riverside,2021-03-10,15599,641007,8379,328831,6342,309479,878,2697,6003,201334,9559,221377,7032,422711,California
Riverside,2021-03-11,19174,660181,9432,338263,7906,317385,1836,4533,7554,199349,11586,232963,9601,432312,California
Riverside,2021-03-12,21129,681310,7909,346172,8486,325871,4734,9267,7082,197480,14014,246977,12145,444457,California
Riverside,2021-03-13,8380,689690,2501,348673,4678,330549,1201,10468,4290,198980,4070,251047,5570,450027,California
Riverside,2021-03-14,4605,694295,1582,350255,1734,332283,1289,11757,2046,199763,2549,253596,3332,453359,California
Riverside,2021-03-15,18649,712944,7840,358095,9138,341421,1671,13428,9180,201283,9430,263026,10950,464309,California
Riverside,2021-03-16,20869,733813,10125,368220,9930,351351,814,14242,11369,204100,9460,272486,12277,476586,California
Riverside,2021-03-17,21244,755057,10893,379113,9302,360653,1049,15291,12761,209519,8451,280937,13870,490456,California
Riverside,2021-03-18,22534,777591,11713,390826,9168,369821,1653,16944,12507,213705,9982,290919,14168,504624,California
Riverside,2021-03-19,23996,801587,12573,403399,10475,380296,948,17892,14035,219141,9909,300828,15345,519969,California
Riverside,2021-03-20,10590,812177,6841,410240,2586,382882,1163,19055,6826,223394,3737,304565,7990,527959,California
Riverside,2021-03-21,3675,815852,2870,413110,552,383434,253,19308,2524,225034,1138,305703,2778,530737,California
Riverside,2021-03-22,16619,832471,9912,423022,6155,389589,552,19860,10596,230201,5978,311681,11145,541882,California
Riverside,2021-03-23,18526,850997,10483,433505,7621,397210,422,20282,11948,236060,6526,318207,12385,554267,California
Riverside,2021-03-24,18651,869648,10394,443899,8138,405348,119,20401,12832,243244,5773,323980,12957,567224,California
Riverside,2021-03-25,21071,890719,11635,455534,9258,414606,178,20579,14165,250754,6840,330820,14350,581574,California
Riverside,2021-03-26,24039,914758,11860,467394,12007,426613,172,20751,15007,256999,8937,339757,15182,596756,California
Riverside,2021-03-27,9250,924008,4855,472249,3340,429953,1055,21806,4786,258394,4446,344203,5841,602597,California
Riverside,2021-03-28,4721,928729,3104,475353,1525,431478,92,21898,2837,259450,1874,346077,2930,605527,California
Riverside,2021-03-29,17574,946303,8443,483796,9015,440493,116,22014,10929,263893,6612,352689,11055,616582,California
Riverside,2021-03-30,18289,964592,9527,493323,8558,449051,204,22218,11782,269411,6471,359160,11989,628571,California
Riverside,2021-03-31,17938,982530,8371,501694,9268,458319,299,22517,11401,274626,6495,365655,11710,640281,California
Riverside,2021-04-01,25280,1007810,12371,514065,12166,470485,743,23260,16374,282888,8853,374508,17115,657396,California
Riverside,2021-04-02,25958,1033768,14014,528079,11013,481498,931,24191,16331,290802,9575,384083,17489,674885,California
Riverside,2021-04-03,9223,1042991,5885,533964,2778,484276,560,24751,5991,294135,3217,387300,6550,681435,California
Riverside,2021-04-04,3345,1046336,2045,536009,1080,485356,220,24971,1749,294515,1590,388890,1970,683405,California
Riverside,2021-04-05,18225,1064561,9373,545382,7032,492388,1820,26791,9845,297836,8348,397238,11669,695074,California
Riverside,2021-04-06,23549,1088110,12238,557620,9220,501608,2091,28882,13107,302635,10396,407634,15195,710269,California
Riverside,2021-04-07,24459,1112569,13168,570788,8837,510445,2454,31336,13632,307936,10786,418420,16087,726356,California
Riverside,2021-04-08,26896,1139465,14802,585590,9175,519620,2919,34255,16407,316814,10432,428852,19310,745666,California
Riverside,2021-04-09,25947,1165412,15303,600893,8246,527866,2398,36653,15862,325052,10042,438894,18280,763946,California
Riverside,2021-04-10,11826,1177238,6703,607596,3743,531609,1380,38033,5140,324922,6646,445540,6516,770462,California
Riverside,2021-04-11,4542,1181780,2716,610312,1236,532845,590,38623,2153,325288,2377,447917,2743,773205,California
Riverside,2021-04-12,19934,1201714,8877,619189,8481,541326,2576,41199,10029,328028,9866,457783,12606,785811,California
Riverside,2021-04-13,19825,1221539,11105,630294,8695,550021,25,41224,11329,330928,8456,466239,11356,797167,California
Riverside,2021-04-14,21934,1243473,12077,642371,9842,559863,15,41239,10741,330554,11133,477372,10759,807926,California
Riverside,2021-04-15,21563,1265036,12116,654487,9440,569303,7,41246,11296,331654,10205,487577,11305,819231,California
Riverside,2021-04-16,24847,1289883,14390,668877,10451,579754,6,41252,11591,330055,13203,500780,11604,830835,California
Riverside,2021-04-17,9821,1299704,6477,675354,3344,583098,0,41252,4959,330173,4847,505627,4965,835800,California
Riverside,2021-04-18,3855,1303559,2810,678164,1038,584136,7,41259,1839,330018,2003,507630,1848,837648,California
Riverside,2021-04-19,19375,1322934,11531,689695,7842,591978,2,41261,6935,324559,12402,520032,6943,844591,California
Riverside,2021-04-20,18730,1341664,9867,699562,8854,600832,9,41270,7664,321207,11029,531061,7677,852268,California
Riverside,2021-04-21,19358,1361022,11036,710598,8315,609147,7,41277,7634,317185,11670,542731,7648,859916,California
Riverside,2021-04-22,22754,1383776,13139,723737,9612,618759,3,41280,8442,311387,14247,556978,8449,868365,California
Riverside,2021-04-23,22920,1406696,13484,737221,9422,628181,14,41294,8887,306313,13983,570961,8909,877274,California
Riverside,2021-04-24,10414,1417110,7274,744495,3138,631319,2,41296,4842,305619,5539,576500,4845,882119,California
Riverside,2021-04-25,4210,1421320,2825,747320,1385,632704,0,41296,2205,305834,1991,578491,2206,884325,California
Riverside,2021-04-26,15769,1437089,9983,757303,5745,638449,41,41337,5284,300710,10452,588943,5328,889653,California
Riverside,2021-04-27,16966,1454055,9606,766909,7204,645653,156,41493,5847,295638,11075,600018,6003,895656,California
Riverside,2021-04-28,15236,1469291,8137,775046,6870,652523,229,41722,5161,291003,10025,610043,5390,901046,California
Riverside,2021-04-29,15208,1484499,9132,784178,5790,658313,286,42008,4245,284619,10913,620956,4529,905575,California
Riverside,2021-04-30,14294,1498793,8302,792480,5860,664173,132,42140,4045,278572,10227,631183,4180,909755,California
Riverside,2021-05-01,3593,1502386,2678,795158,879,665052,36,42176,1091,277210,2488,633671,1126,910881,California
Sacramento,2020-12-15,315,315,315,315,0,0,0,0,315,315,0,0,315,315,California
Sacramento,2020-12-16,643,958,643,958,0,0,0,0,643,958,0,0,643,958,California
Sacramento,2020-12-17,645,1603,645,1603,0,0,0,0,645,1603,0,0,645,1603,California
Sacramento,2020-12-18,972,2575,972,2575,0,0,0,0,972,2575,0,0,972,2575,California
Sacramento,2020-12-19,612,3187,612,3187,0,0,0,0,612,3187,0,0,612,3187,California
Sacramento,2020-12-20,633,3820,633,3820,0,0,0,0,633,3820,0,0,633,3820,California
Sacramento,2020-12-21,1677,5497,1677,5497,0,0,0,0,1678,5498,0,0,1678,5498,California
Sacramento,2020-12-22,2096,7593,2063,7560,33,33,0,0,2096,7594,0,0,2096,7594,California
Sacramento,2020-12-23,2249,9842,2081,9641,168,201,0,0,2249,9843,0,0,2249,9843,California
Sacramento,2020-12-24,1046,10888,835,10476,211,412,0,0,1046,10889,0,0,1046,10889,California
Sacramento,2020-12-25,1,10889,0,10476,1,413,0,0,1,10890,0,0,1,10890,California
Sacramento,2020-12-26,509,11398,291,10767,218,631,0,0,509,11399,0,0,509,11399,California
Sacramento,2020-12-27,351,11749,247,11014,104,735,0,0,351,11750,0,0,351,11750,California
Sacramento,2020-12-28,1903,13652,1324,12338,579,1314,0,0,1902,13651,1,1,1902,13652,California
Sacramento,2020-12-29,1951,15603,1188,13526,763,2077,0,0,1951,15602,0,1,1951,15603,California
Sacramento,2020-12-30,2556,18159,1454,14980,1102,3179,0,0,2557,18159,0,1,2557,18160,California
Sacramento,2020-12-31,1229,19388,695,15675,534,3713,0,0,1230,19389,0,1,1230,19390,California
Sacramento,2021-01-01,81,19469,70,15745,11,3724,0,0,81,19470,0,1,81,19471,California
Sacramento,2021-01-02,563,20032,362,16107,201,3925,0,0,563,20033,0,1,563,20034,California
Sacramento,2021-01-03,410,20442,221,16328,189,4114,0,0,410,20443,0,1,410,20444,California
Sacramento,2021-01-04,1958,22400,845,17173,1113,5227,0,0,1956,22398,1,2,1956,22400,California
Sacramento,2021-01-05,2212,24612,986,18159,1226,6453,0,0,1858,23909,354,356,1865,24265,California
Sacramento,2021-01-06,2734,27346,1621,19780,1113,7566,0,0,1959,25096,772,1128,1959,26224,California
Sacramento,2021-01-07,2826,30172,1503,21283,1323,8889,0,0,1967,26207,856,1984,1967,28191,California
Sacramento,2021-01-08,3299,33471,2094,23377,1205,10094,0,0,2262,27437,1033,3017,2263,30454,California
Sacramento,2021-01-09,1286,34757,797,24174,489,10583,0,0,896,27945,388,3405,896,31350,California
Sacramento,2021-01-10,1245,36002,710,24884,535,11118,0,0,774,28250,470,3875,775,32125,California
Sacramento,2021-01-11,4348,40350,2958,27842,1390,12508,0,0,2412,28739,1935,5810,2424,34549,California
Sacramento,2021-01-12,4395,44745,3033,30875,1362,13870,0,0,2428,29205,1966,7776,2432,36981,California
Sacramento,2021-01-13,3789,48534,2173,33048,1616,15486,0,0,2376,30170,1412,9188,2377,39358,California
Sacramento,2021-01-14,4620,53154,2367,35415,2253,17739,0,0,3697,32948,919,10107,3697,43055,California
Sacramento,2021-01-15,4420,57574,2263,37678,2157,19896,0,0,3698,35926,721,10828,3699,46754,California
Sacramento,2021-01-16,2089,59663,1291,38969,798,20694,0,0,1872,37581,217,11045,1872,48626,California
Sacramento,2021-01-17,1637,61300,951,39920,686,21380,0,0,1459,38865,178,11223,1462,50088,California
Sacramento,2021-01-18,2860,64160,1767,41687,1093,22473,0,0,2333,40673,526,11749,2334,52422,California
Sacramento,2021-01-19,4999,69159,3052,44739,1947,24420,0,0,3729,43134,1270,13019,3731,56153,California
Sacramento,2021-01-20,4780,73939,2825,47564,1955,26375,0,0,3562,45481,1220,14239,3567,59720,California
Sacramento,2021-01-21,5188,79127,2990,50554,2198,28573,0,0,4225,48750,957,15196,4226,63946,California
Sacramento,2021-01-22,4978,84105,2653,53207,2325,30898,0,0,4677,53128,300,15496,4678,68624,California
Sacramento,2021-01-23,3728,87833,1559,54766,2169,33067,0,0,3271,55942,457,15953,3271,71895,California
Sacramento,2021-01-24,1590,89423,995,55761,595,33662,0,0,1349,57051,241,16194,1350,73245,California
Sacramento,2021-01-25,4358,93781,2109,57870,2249,35911,0,0,2941,58577,1417,17611,2943,76188,California
Sacramento,2021-01-26,4722,98503,2135,60005,2587,38498,0,0,3520,60899,1200,18811,3522,79710,California
Sacramento,2021-01-27,5803,104306,3049,63054,2754,41252,0,0,4199,63499,1601,20412,4201,83911,California
Sacramento,2021-01-28,5359,109665,2707,65761,2652,43904,0,0,4265,66672,1093,21505,4266,88177,California
Sacramento,2021-01-29,5398,115063,2937,68698,2461,46365,0,0,4374,70031,1015,22520,4374,92551,California
Sacramento,2021-01-30,4513,119576,2208,70906,2305,48670,0,0,4078,73676,433,22953,4078,96629,California
Sacramento,2021-01-31,2299,121875,2005,72911,294,48964,0,0,2024,75429,273,23226,2026,98655,California
Sacramento,2021-02-01,5907,127782,3013,75924,2894,51858,0,0,4245,78016,1658,24884,4245,102900,California
Sacramento,2021-02-02,6927,134709,3759,79683,3168,55026,0,0,4846,80801,2063,26947,4848,107748,California
Sacramento,2021-02-03,7090,141799,3551,83234,3539,58565,0,0,5230,84183,1850,28797,5232,112980,California
Sacramento,2021-02-04,7711,149510,3633,86867,4078,62643,0,0,5495,87472,2206,31003,5495,118475,California
Sacramento,2021-02-05,7801,157311,4444,91311,3357,66000,0,0,4869,89435,2909,33912,4872,123347,California
Sacramento,2021-02-06,8429,165740,3447,94758,4982,70982,0,0,7101,95213,1324,35236,7102,130449,California
Sacramento,2021-02-07,4063,169803,2179,96937,1884,72866,0,0,2844,96848,1211,36447,2846,133295,California
Sacramento,2021-02-08,6196,175999,3200,100137,2996,75862,0,0,3887,98430,2305,38752,3887,137182,California
Sacramento,2021-02-09,6801,182800,3591,103728,3210,79072,0,0,4010,99659,2782,41534,4011,141193,California
Sacramento,2021-02-10,7657,190457,4173,107901,3484,82556,0,0,4532,101082,3111,44645,4534,145727,California
Sacramento,2021-02-11,9586,200043,5736,113637,3850,86406,0,0,5551,102613,4022,48667,5553,151280,California
Sacramento,2021-02-12,10644,210687,4140,117777,6504,92910,0,0,6394,104815,4195,52862,6397,157677,California
Sacramento,2021-02-13,7603,218290,2991,120768,4612,97522,0,0,6020,109254,1581,54443,6020,163697,California
Sacramento,2021-02-14,3126,221416,1933,122701,1193,98715,0,0,2070,110274,1054,55497,2074,165771,California
Sacramento,2021-02-15,5978,227394,2038,124739,3940,102655,0,0,4157,112619,1814,57311,4159,169930,California
Sacramento,2021-02-16,9019,236413,4200,128939,4819,107474,0,0,5291,114193,3721,61032,5295,175225,California
Sacramento,2021-02-17,8820,245233,4974,133913,3846,111320,0,0,5134,115655,3674,64706,5136,180361,California
Sacramento,2021-02-18,9524,254757,5712,139625,3812,115132,0,0,5749,117639,3768,68474,5752,186113,California
Sacramento,2021-02-19,9998,264755,6131,145756,3867,118999,0,0,5908,119475,4077,72551,5913,192026,California
Sacramento,2021-02-20,7349,272104,5368,151124,1981,120980,0,0,4297,120729,3044,75595,4298,196324,California
Sacramento,2021-02-21,2910,275014,2314,153438,596,121576,0,0,1015,119857,1887,77482,1015,197339,California
Sacramento,2021-02-22,6176,281190,3738,157176,2438,124014,0,0,2677,119050,3488,80970,2681,200020,California
Sacramento,2021-02-23,7125,288315,4429,161605,2696,126710,0,0,3467,118878,3643,84613,3471,203491,California
Sacramento,2021-02-24,9631,297946,5290,166895,4341,131051,0,0,5272,119813,4342,88955,5277,208768,California
Sacramento,2021-02-25,10087,308033,5403,172298,4684,135735,0,0,5585,120910,4488,93443,5585,214353,California
Sacramento,2021-02-26,13880,321913,6450,178748,7430,143165,0,0,9558,126181,4291,97734,9562,223915,California
Sacramento,2021-02-27,10790,332703,6712,185460,4075,147240,3,3,7932,131277,2840,100574,7936,231851,California
Sacramento,2021-02-28,5599,338302,2213,187673,3386,150626,0,3,2585,130863,3000,103574,2586,234437,California
Sacramento,2021-03-01,8008,346310,3442,191115,4566,155192,0,3,4325,131529,3661,107235,4327,238764,California
Sacramento,2021-03-02,9227,355537,4010,195125,5216,160408,1,4,5661,133643,3551,110786,5665,244429,California
Sacramento,2021-03-03,10896,366433,4993,200118,5900,166308,3,7,6497,135764,4381,115167,6502,250931,California
Sacramento,2021-03-04,13392,379825,6148,206266,7240,173548,4,11,7457,137326,5905,121072,7467,258398,California
Sacramento,2021-03-05,10555,390380,4876,211142,5649,179197,30,41,7016,140854,3518,124590,7046,265444,California
Sacramento,2021-03-06,8071,398451,3092,214234,4857,184054,122,163,4086,141093,3968,128558,4207,269651,California
Sacramento,2021-03-07,7575,406026,2188,216422,5302,189356,85,248,3723,141051,3848,132406,3806,273457,California
Sacramento,2021-03-08,9087,415113,4233,220655,4630,193986,224,472,5948,144095,3126,135532,6170,279627,California
Sacramento,2021-03-09,9526,424639,4524,225179,4729,198715,273,745,5482,145821,4029,139561,5755,285382,California
Sacramento,2021-03-10,11656,436295,7472,232651,3856,202571,328,1073,6814,148158,4807,144368,7144,292526,California
Sacramento,2021-03-11,13872,450167,8890,241541,4193,206764,789,1862,8237,151586,5597,149965,9025,301551,California
Sacramento,2021-03-12,17241,467408,8297,249838,8112,214876,832,2694,8139,151515,9050,159015,8979,310530,California
Sacramento,2021-03-13,12940,480348,3569,253407,8949,223825,422,3116,8146,155300,4781,163796,8566,319096,California
Sacramento,2021-03-14,8363,488711,3456,256863,4280,228105,627,3743,4474,156534,3866,167662,5100,324196,California
Sacramento,2021-03-15,12134,500845,4812,261675,6680,234785,642,4385,7066,159197,5047,172709,7710,331906,California
Sacramento,2021-03-16,13941,514786,6192,267867,7112,241897,637,5022,8611,163145,5297,178006,9245,341151,California
Sacramento,2021-03-17,13543,528329,6562,274429,6371,248268,610,5632,8725,167694,4791,182797,9340,350491,California
Sacramento,2021-03-18,14014,542343,6591,281020,6859,255127,564,6196,9285,172840,4701,187498,9847,360338,California
Sacramento,2021-03-19,15060,557403,7467,288487,6224,261351,1369,7565,7624,174421,7411,194909,8992,369330,California
Sacramento,2021-03-20,12883,570286,7528,296015,5016,266367,339,7904,8173,178256,4679,199588,8514,377844,California
Sacramento,2021-03-21,5597,575883,2751,298766,2807,269174,39,7943,4947,182606,638,200226,4988,382832,California
Sacramento,2021-03-22,9254,585137,4779,303545,3709,272883,766,8709,6265,186675,2963,203189,7032,389864,California
Sacramento,2021-03-23,11294,596431,6730,310275,3756,276639,808,9517,7305,190836,3951,207140,8112,397976,California
Sacramento,2021-03-24,11827,608258,7257,317532,3939,280578,631,10148,6740,193203,5006,212146,7373,405349,California
Sacramento,2021-03-25,12543,620801,6832,324364,4904,285482,807,10955,7293,196092,5207,217353,8096,413445,California
Sacramento,2021-03-26,17583,638384,8303,332667,8792,294274,488,11443,8613,196291,8904,226257,9103,422548,California
Sacramento,2021-03-27,9644,648028,3546,336213,5812,300086,286,11729,5208,197376,4405,230662,5490,428038,California
Sacramento,2021-03-28,6495,654523,3210,339423,3037,303123,248,11977,3128,197399,3357,234019,3380,431418,California
Sacramento,2021-03-29,10984,665507,5883,345306,4731,307854,370,12347,5219,197253,5737,239756,5591,437009,California
Sacramento,2021-03-30,11792,677299,6056,351362,5360,313214,376,12723,6043,197945,5726,245482,6418,443427,California
Sacramento,2021-03-31,13351,690650,7811,359173,5144,318358,396,13119,5651,196310,7676,253158,6041,449468,California
Sacramento,2021-04-01,15596,706246,8720,367893,6656,325014,220,13339,5882,192736,9682,262840,6108,455576,California
Sacramento,2021-04-02,16998,723244,9651,377544,6622,331636,725,14064,8954,194400,8017,270857,9681,465257,California
Sacramento,2021-04-03,10343,733587,6162,383706,3634,335270,547,14611,6355,197340,3960,274817,6900,472157,California
Sacramento,2021-04-04,3670,737257,1516,385222,1967,337237,187,14798,1435,196728,2231,277048,1619,473776,California
Sacramento,2021-04-05,11983,749240,7522,392744,3631,340868,830,15628,5354,196313,6595,283643,6180,479956,California
Sacramento,2021-04-06,15492,764732,8814,401558,5356,346224,1322,16950,6853,195878,8609,292252,8174,488130,California
Sacramento,2021-04-07,14679,779411,7945,409503,5157,351381,1577,18527,7131,197061,7516,299768,8699,496829,California
Sacramento,2021-04-08,14860,794271,6681,416184,5231,356612,2948,21475,5915,196997,8915,308683,8851,505680,California
Sacramento,2021-04-09,15762,810033,7653,423837,5946,362558,2163,23638,6113,195655,9612,318295,8270,513950,California
Sacramento,2021-04-10,11632,821665,3108,426945,7472,370030,1052,24690,4589,194270,7019,325314,5634,519584,California
Sacramento,2021-04-11,9478,831143,3089,430034,6167,376197,222,24912,2594,190224,6861,332175,2815,522399,California
Sacramento,2021-04-12,12848,843991,4972,435006,6014,382211,1862,26774,4910,189095,7889,340064,6760,529159,California
Sacramento,2021-04-13,14206,858197,7913,442919,6289,388500,4,26778,5559,186042,8620,348684,5567,534726,California
Sacramento,2021-04-14,14068,872265,7123,450042,6943,395443,2,26780,5094,182200,8942,357626,5100,539826,California
Sacramento,2021-04-15,15161,887426,7434,457476,7725,403168,2,26782,6330,179736,8799,366425,6335,546161,California
Sacramento,2021-04-16,15953,903379,8240,465716,7713,410881,0,26782,7080,177983,8835,375260,7082,553243,California
Sacramento,2021-04-17,11941,915320,4395,470111,7546,418427,0,26782,7902,181865,4023,379283,7905,561148,California
Sacramento,2021-04-18,7224,922544,1929,472040,5295,423722,0,26782,3439,181532,3773,383056,3440,564588,California
Sacramento,2021-04-19,10511,933055,5687,477727,4822,428544,2,26784,4714,180473,5777,388833,4718,569306,California
Sacramento,2021-04-20,11059,944114,6714,484441,4342,432886,3,26787,5895,181227,5148,393981,5902,575208,California
Sacramento,2021-04-21,11428,955542,6602,491043,4824,437710,2,26789,6215,182257,5188,399169,6218,581426,California
Sacramento,2021-04-22,12277,967819,7409,498452,4865,442575,3,26792,6632,183274,5620,404789,6637,588063,California
Sacramento,2021-04-23,13780,981599,8340,506792,5440,448015,0,26792,6336,182199,7412,412201,6337,594400,California
Sacramento,2021-04-24,11102,992701,6990,513782,4111,452126,1,26793,5736,182608,5329,417530,5738,600138,California
Sacramento,2021-04-25,7963,1000664,4475,518257,3488,455614,0,26793,4153,182964,3798,421328,4154,604292,California
Sacramento,2021-04-26,9803,1010467,6146,524403,3632,459246,25,26818,4464,182142,5312,426640,4490,608782,California
Sacramento,2021-04-27,11171,1021638,7353,531756,3698,462944,120,26938,5448,182016,5694,432334,5568,614350,California
Sacramento,2021-04-28,9450,1031088,5516,537272,3734,466678,200,27138,5074,182944,4352,436686,5280,619630,California
Sacramento,2021-04-29,7718,1038806,4828,542100,2605,469283,285,27423,3871,183274,3827,440513,4157,623787,California
Sacramento,2021-04-30,7650,1046456,4323,546423,3225,472508,102,27525,3477,182713,4142,444655,3581,627368,California
Sacramento,2021-05-01,4836,1051292,3248,549671,1512,474020,76,27601,1566,181111,3247,447902,1645,629013,California
San Benito,2020-12-16,2,2,2,2,0,0,0,0,2,2,0,0,2,2,California
San Benito,2020-12-17,8,10,8,10,0,0,0,0,8,10,0,0,8,10,California
San Benito,2020-12-18,32,42,32,42,0,0,0,0,32,42,0,0,32,42,California
San Benito,2020-12-19,47,89,47,89,0,0,0,0,47,89,0,0,47,89,California
San Benito,2020-12-20,22,111,21,110,1,1,0,0,22,111,0,0,22,111,California
San Benito,2020-12-21,48,159,48,158,0,1,0,0,48,159,0,0,48,159,California
San Benito,2020-12-22,65,224,65,223,0,1,0,0,65,224,0,0,65,224,California
San Benito,2020-12-23,48,272,36,259,12,13,0,0,48,272,0,0,48,272,California
San Benito,2020-12-24,12,284,4,263,8,21,0,0,12,284,0,0,12,284,California
San Benito,2020-12-25,4,288,4,267,0,21,0,0,4,288,0,0,4,288,California
San Benito,2020-12-26,13,301,4,271,9,30,0,0,13,301,0,0,13,301,California
San Benito,2020-12-27,8,309,7,278,1,31,0,0,8,309,0,0,8,309,California
San Benito,2020-12-28,63,372,36,314,27,58,0,0,63,372,0,0,63,372,California
San Benito,2020-12-29,49,421,20,334,29,87,0,0,49,421,0,0,49,421,California
San Benito,2020-12-30,59,480,37,371,22,109,0,0,59,480,0,0,59,480,California
San Benito,2020-12-31,19,499,2,373,17,126,0,0,19,499,0,0,19,499,California
San Benito,2021-01-02,25,524,24,397,1,127,0,0,25,524,0,0,25,524,California
San Benito,2021-01-03,3,527,1,398,2,129,0,0,3,527,0,0,3,527,California
San Benito,2021-01-04,62,589,23,421,39,168,0,0,62,589,0,0,62,589,California
San Benito,2021-01-05,118,707,36,457,82,250,0,0,115,701,3,3,115,704,California
San Benito,2021-01-06,97,804,42,499,55,305,0,0,83,770,14,17,83,787,California
San Benito,2021-01-07,80,884,43,542,37,342,0,0,52,794,28,45,52,839,California
San Benito,2021-01-08,129,1013,66,608,63,405,0,0,86,837,43,88,86,925,California
San Benito,2021-01-09,43,1056,30,638,13,418,0,0,29,852,14,102,29,954,California
San Benito,2021-01-10,15,1071,13,651,2,420,0,0,5,847,10,112,5,959,California
San Benito,2021-01-11,102,1173,59,710,43,463,0,0,49,843,53,165,49,1008,California
San Benito,2021-01-12,156,1329,53,763,103,566,0,0,120,927,36,201,120,1128,California
San Benito,2021-01-13,190,1519,35,798,155,721,0,0,163,1063,27,228,163,1291,California
San Benito,2021-01-14,116,1635,23,821,93,814,0,0,99,1145,17,245,99,1390,California
San Benito,2021-01-15,215,1850,21,842,194,1008,0,0,201,1332,14,259,201,1591,California
San Benito,2021-01-16,27,1877,9,851,18,1026,0,0,21,1347,6,265,21,1612,California
San Benito,2021-01-17,11,1888,5,856,6,1032,0,0,8,1352,3,268,8,1620,California
San Benito,2021-01-18,36,1924,23,879,13,1045,0,0,21,1358,15,283,21,1641,California
San Benito,2021-01-19,151,2075,64,943,87,1132,0,0,125,1457,26,309,125,1766,California
San Benito,2021-01-20,261,2336,80,1023,181,1313,0,0,215,1627,45,354,215,1981,California
San Benito,2021-01-21,124,2460,31,1054,93,1406,0,0,100,1703,24,378,100,2081,California
San Benito,2021-01-22,231,2691,19,1073,212,1618,0,0,221,1914,10,388,221,2302,California
San Benito,2021-01-23,31,2722,17,1090,14,1632,0,0,13,1909,18,406,13,2315,California
San Benito,2021-01-24,11,2733,3,1093,8,1640,0,0,7,1912,4,410,7,2322,California
San Benito,2021-01-25,67,2800,25,1118,42,1682,0,0,22,1889,45,455,22,2344,California
San Benito,2021-01-26,134,2934,41,1159,93,1775,0,0,81,1917,53,508,81,2425,California
San Benito,2021-01-27,230,3164,69,1228,161,1936,0,0,190,2067,40,548,190,2615,California
San Benito,2021-01-28,155,3319,32,1260,123,2059,0,0,123,2159,31,579,123,2738,California
San Benito,2021-01-29,284,3603,31,1291,253,2312,0,0,261,2398,22,601,261,2999,California
San Benito,2021-01-30,50,3653,31,1322,19,2331,0,0,28,2404,22,623,28,3027,California
San Benito,2021-01-31,16,3669,5,1327,11,2342,0,0,11,2410,5,628,11,3038,California
San Benito,2021-02-01,133,3802,28,1355,105,2447,0,0,89,2455,44,672,89,3127,California
San Benito,2021-02-02,226,4028,49,1404,177,2624,0,0,136,2501,90,762,136,3263,California
San Benito,2021-02-03,336,4364,42,1446,294,2918,0,0,272,2709,64,826,272,3535,California
San Benito,2021-02-04,162,4526,24,1470,138,3056,0,0,118,2783,44,870,118,3653,California
San Benito,2021-02-05,289,4815,40,1510,249,3305,0,0,227,2948,62,932,227,3880,California
San Benito,2021-02-06,49,4864,9,1519,40,3345,0,0,32,2963,17,949,32,3912,California
San Benito,2021-02-07,15,4879,7,1526,8,3353,0,0,14,2976,1,950,14,3926,California
San Benito,2021-02-08,138,5017,15,1541,123,3476,0,0,92,3022,46,996,92,4018,California
San Benito,2021-02-09,326,5343,64,1605,262,3738,0,0,194,3084,132,1128,194,4212,California
San Benito,2021-02-10,319,5662,88,1693,231,3969,0,0,124,3014,194,1322,124,4336,California
San Benito,2021-02-11,296,5958,32,1725,264,4233,0,0,198,3114,98,1420,198,4534,California
San Benito,2021-02-12,412,6370,30,1755,382,4615,0,0,207,3117,204,1624,207,4741,California
San Benito,2021-02-13,57,6427,8,1763,49,4664,0,0,43,3146,14,1638,43,4784,California
San Benito,2021-02-14,40,6467,5,1768,35,4699,0,0,30,3166,10,1648,30,4814,California
San Benito,2021-02-15,106,6573,9,1777,97,4796,0,0,95,3250,11,1659,95,4909,California
San Benito,2021-02-16,205,6778,11,1788,194,4990,0,0,101,3247,104,1763,101,5010,California
San Benito,2021-02-17,327,7105,30,1818,297,5287,0,0,278,3476,49,1812,278,5288,California
San Benito,2021-02-18,293,7398,38,1856,255,5542,0,0,72,3327,221,2033,72,5360,California
San Benito,2021-02-19,342,7740,45,1901,297,5839,0,0,177,3339,165,2198,177,5537,California
San Benito,2021-02-20,45,7785,26,1927,19,5858,0,0,36,3366,9,2207,36,5573,California
San Benito,2021-02-21,23,7808,8,1935,15,5873,0,0,14,3371,9,2216,14,5587,California
San Benito,2021-02-22,132,7940,36,1971,96,5969,0,0,98,3436,33,2249,98,5685,California
San Benito,2021-02-23,374,8314,92,2063,282,6251,0,0,262,3586,112,2361,262,5947,California
San Benito,2021-02-24,376,8690,63,2126,313,6564,0,0,236,3682,140,2501,236,6183,California
San Benito,2021-02-25,392,9082,63,2189,329,6893,0,0,271,3830,123,2624,271,6454,California
San Benito,2021-02-26,640,9722,72,2261,568,7461,0,0,397,3984,243,2867,397,6851,California
San Benito,2021-02-27,98,9820,36,2297,62,7523,0,0,83,4052,15,2882,83,6934,California
San Benito,2021-02-28,248,10068,24,2321,224,7747,0,0,239,4282,9,2891,239,7173,California
San Benito,2021-03-01,224,10292,59,2380,165,7912,0,0,155,4367,70,2961,155,7328,California
San Benito,2021-03-02,275,10567,90,2470,185,8097,0,0,205,4502,70,3031,205,7533,California
San Benito,2021-03-03,392,10959,58,2528,334,8431,0,0,216,4544,174,3205,216,7749,California
San Benito,2021-03-04,610,11569,124,2652,471,8902,15,15,429,4796,181,3386,433,8182,California
San Benito,2021-03-05,582,12151,305,2957,264,9166,13,28,373,4974,208,3594,386,8568,California
San Benito,2021-03-06,190,12341,66,3023,110,9276,14,42,139,5076,51,3645,153,8721,California
San Benito,2021-03-07,647,12988,603,3626,22,9298,22,64,615,5681,32,3677,637,9358,California
San Benito,2021-03-08,288,13276,65,3691,177,9475,46,110,167,5773,121,3798,213,9571,California
San Benito,2021-03-09,423,13699,84,3775,240,9715,99,209,137,5697,285,4083,209,9780,California
San Benito,2021-03-10,402,14101,114,3889,193,9908,95,304,232,5854,170,4253,327,10107,California
San Benito,2021-03-11,467,14568,119,4008,196,10104,152,456,206,5951,261,4514,358,10465,California
San Benito,2021-03-12,511,15079,117,4125,300,10404,94,550,229,5995,280,4794,324,10789,California
San Benito,2021-03-13,202,15281,102,4227,82,10486,18,568,128,6070,71,4865,146,10935,California
San Benito,2021-03-14,232,15513,40,4267,172,10658,20,588,180,6219,51,4916,200,11135,California
San Benito,2021-03-15,325,15838,100,4367,206,10864,19,607,191,6295,134,5050,210,11345,California
San Benito,2021-03-16,496,16334,218,4585,247,11111,31,638,349,6527,147,5197,379,11724,California
San Benito,2021-03-17,785,17119,475,5060,289,11400,21,659,559,6877,222,5419,572,12296,California
San Benito,2021-03-18,786,17905,524,5584,207,11607,55,714,572,7283,212,5631,618,12914,California
San Benito,2021-03-19,777,18682,404,5988,350,11957,23,737,577,7683,200,5831,600,13514,California
San Benito,2021-03-20,239,18921,147,6135,80,12037,12,749,183,7822,56,5887,195,13709,California
San Benito,2021-03-21,108,19029,56,6191,47,12084,5,754,81,7881,27,5914,86,13795,California
San Benito,2021-03-22,344,19373,171,6362,148,12232,25,779,221,8004,123,6037,246,14041,California
San Benito,2021-03-23,475,19848,197,6559,268,12500,10,789,215,7968,260,6297,224,14265,California
San Benito,2021-03-24,575,20423,305,6864,263,12763,7,796,360,8121,214,6511,367,14632,California
San Benito,2021-03-25,741,21164,440,7304,297,13060,4,800,443,8273,295,6806,447,15079,California
San Benito,2021-03-26,999,22163,517,7821,479,13539,3,803,331,7940,667,7473,334,15413,California
San Benito,2021-03-27,332,22495,184,8005,115,13654,33,836,215,8072,116,7589,248,15661,California
San Benito,2021-03-28,692,23187,570,8575,117,13771,5,841,126,7637,566,8155,131,15792,California
San Benito,2021-03-29,344,23531,110,8685,214,13985,20,861,149,7610,195,8350,168,15960,California
San Benito,2021-03-30,571,24102,268,8953,209,14194,94,955,288,7709,283,8633,382,16342,California
San Benito,2021-03-31,582,24684,356,9309,202,14396,24,979,335,7823,245,8878,359,16701,California
San Benito,2021-04-01,930,25614,372,9681,520,14916,38,1017,554,8034,375,9253,586,17287,California
San Benito,2021-04-02,540,26154,264,9945,141,15057,135,1152,267,8163,273,9526,402,17689,California
San Benito,2021-04-03,252,26406,87,10032,103,15160,62,1214,74,8121,178,9704,136,17825,California
San Benito,2021-04-04,143,26549,108,10140,30,15190,5,1219,106,8195,37,9741,111,17936,California
San Benito,2021-04-05,351,26900,171,10311,138,15328,42,1261,143,8171,208,9949,184,18120,California
San Benito,2021-04-06,458,27358,157,10468,127,15455,174,1435,157,8201,301,10250,331,18451,California
San Benito,2021-04-07,922,28280,520,10988,212,15667,190,1625,253,7976,668,10918,443,18894,California
San Benito,2021-04-08,847,29127,425,11413,172,15839,250,1875,215,7810,631,11549,465,19359,California
San Benito,2021-04-09,838,29965,497,11910,250,16089,91,1966,289,7641,549,12098,380,19739,California
San Benito,2021-04-10,319,30284,191,12101,71,16160,57,2023,174,7727,145,12243,231,19970,California
San Benito,2021-04-11,469,30753,269,12370,167,16327,33,2056,243,7776,226,12469,275,20245,California
San Benito,2021-04-12,523,31276,283,12653,129,16456,111,2167,272,7906,250,12719,380,20625,California
San Benito,2021-04-13,752,32028,290,12943,439,16895,23,2190,523,8225,228,12947,547,21172,California
San Benito,2021-04-14,836,32864,658,13601,178,17073,0,2190,401,8196,430,13377,401,21573,California
San Benito,2021-04-15,928,33792,720,14321,207,17280,1,2191,458,8186,469,13846,459,22032,California
San Benito,2021-04-16,694,34486,363,14684,322,17602,9,2200,291,8086,400,14246,300,22332,California
San Benito,2021-04-17,312,34798,227,14911,85,17687,0,2200,127,8028,185,14431,127,22459,California
San Benito,2021-04-18,491,35289,410,15321,81,17768,0,2200,241,8020,250,14681,242,22701,California
San Benito,2021-04-19,727,36016,586,15907,141,17909,0,2200,411,8117,315,14996,412,23113,California
San Benito,2021-04-20,746,36762,398,16305,347,18256,1,2201,475,8326,266,15262,475,23588,California
San Benito,2021-04-21,954,37716,703,17008,251,18507,0,2201,522,8430,418,15680,522,24110,California
San Benito,2021-04-22,890,38606,688,17696,202,18709,0,2201,565,8678,317,15997,565,24675,California
San Benito,2021-04-23,623,39229,394,18090,228,18937,1,2202,338,8781,236,16233,339,25014,California
San Benito,2021-04-24,348,39577,196,18286,152,19089,0,2202,158,8789,150,16383,158,25172,California
San Benito,2021-04-25,196,39773,119,18405,77,19166,0,2202,85,8782,92,16475,85,25257,California
San Benito,2021-04-26,457,40230,361,18766,96,19262,0,2202,239,8863,158,16633,239,25496,California
San Benito,2021-04-27,514,40744,257,19023,250,19512,7,2209,389,9144,115,16748,396,25892,California
San Benito,2021-04-28,508,41252,357,19380,142,19654,9,2218,350,9349,153,16901,358,26250,California
San Benito,2021-04-29,503,41755,158,19538,335,19989,10,2228,175,9221,328,17229,200,26450,California
San Benito,2021-04-30,230,41985,131,19669,95,20084,4,2232,140,9277,88,17317,144,26594,California
San Benito,2021-05-01,75,42060,61,19730,14,20098,0,2232,24,9251,50,17367,24,26618,California
San Bernardino,2020-12-15,13,13,13,13,0,0,0,0,13,13,0,0,13,13,California
San Bernardino,2020-12-16,107,120,107,120,0,0,0,0,107,120,0,0,107,120,California
San Bernardino,2020-12-17,2352,2472,2352,2472,0,0,0,0,2352,2472,0,0,2352,2472,California
San Bernardino,2020-12-18,3144,5616,3141,5613,3,3,0,0,3145,5617,0,0,3145,5617,California
San Bernardino,2020-12-19,1070,6686,1069,6682,1,4,0,0,1071,6688,0,0,1071,6688,California
San Bernardino,2020-12-20,1174,7860,1172,7854,2,6,0,0,1174,7862,0,0,1174,7862,California
San Bernardino,2020-12-21,2452,10312,2447,10301,5,11,0,0,2452,10314,0,0,2452,10314,California
San Bernardino,2020-12-22,2269,12581,2143,12444,126,137,0,0,2270,12584,0,0,2270,12584,California
San Bernardino,2020-12-23,2648,15229,1455,13899,1193,1330,0,0,2647,15231,0,0,2647,15231,California
San Bernardino,2020-12-24,1157,16386,582,14481,575,1905,0,0,1159,16390,0,0,1159,16390,California
San Bernardino,2020-12-25,74,16460,14,14495,60,1965,0,0,74,16464,0,0,74,16464,California
San Bernardino,2020-12-26,462,16922,254,14749,208,2173,0,0,462,16926,0,0,462,16926,California
San Bernardino,2020-12-27,343,17265,160,14909,183,2356,0,0,343,17269,0,0,343,17269,California
San Bernardino,2020-12-28,1567,18832,712,15621,855,3211,0,0,1568,18837,0,0,1568,18837,California
San Bernardino,2020-12-29,2211,21043,1042,16663,1169,4380,0,0,2211,21048,0,0,2211,21048,California
San Bernardino,2020-12-30,2895,23938,1459,18122,1436,5816,0,0,2896,23944,0,0,2896,23944,California
San Bernardino,2020-12-31,1358,25296,440,18562,918,6734,0,0,1356,25300,0,0,1356,25300,California
San Bernardino,2021-01-01,281,25577,150,18712,131,6865,0,0,280,25580,0,0,280,25580,California
San Bernardino,2021-01-02,475,26052,338,19050,137,7002,0,0,475,26055,0,0,475,26055,California
San Bernardino,2021-01-03,135,26187,85,19135,50,7052,0,0,135,26190,0,0,135,26190,California
San Bernardino,2021-01-04,2120,28307,1287,20422,833,7885,0,0,2119,28309,0,0,2119,28309,California
San Bernardino,2021-01-05,2331,30638,1460,21882,871,8756,0,0,2221,30421,109,109,2221,30530,California
San Bernardino,2021-01-06,3431,34069,2352,24234,1079,9835,0,0,2937,32871,488,597,2938,33468,California
San Bernardino,2021-01-07,5415,39484,4503,28737,912,10747,0,0,2482,32439,2914,3511,2482,35950,California
San Bernardino,2021-01-08,5366,44850,4445,33182,921,11668,0,0,2290,31658,3072,6583,2291,38241,California
San Bernardino,2021-01-09,1398,46248,1099,34281,299,11967,0,0,902,32064,496,7079,902,39143,California
San Bernardino,2021-01-10,1021,47269,597,34878,424,12391,0,0,574,32191,447,7526,574,39717,California
San Bernardino,2021-01-11,4979,52248,4074,38952,905,13296,0,0,2765,32745,2211,9737,2765,42482,California
San Bernardino,2021-01-12,4229,56477,3218,42170,1011,14307,0,0,2516,33549,1712,11449,2516,44998,California
San Bernardino,2021-01-13,4555,61032,2849,45019,1706,16013,0,0,3332,35672,1210,12659,3333,48331,California
San Bernardino,2021-01-14,4747,65779,2776,47795,1971,17984,0,0,4164,39257,579,13238,4164,52495,California
San Bernardino,2021-01-15,5980,71759,2976,50771,3004,20988,0,0,5584,44458,386,13624,5587,58082,California
San Bernardino,2021-01-16,2258,74017,1293,52064,965,21953,0,0,2116,46432,142,13766,2116,60198,California
San Bernardino,2021-01-17,1188,75205,514,52578,674,22627,0,0,1098,47443,89,13855,1100,61298,California
San Bernardino,2021-01-18,4269,79474,2639,55217,1630,24257,0,0,3648,50474,620,14475,3651,64949,California
San Bernardino,2021-01-19,6303,85777,3708,58925,2595,26852,0,0,5212,54599,1089,15564,5214,70163,California
San Bernardino,2021-01-20,6802,92579,3735,62660,3067,29919,0,0,4873,57553,1921,17485,4875,75038,California
San Bernardino,2021-01-21,5978,98557,3077,65737,2901,32820,0,0,4862,61311,1107,18592,4865,79903,California
San Bernardino,2021-01-22,6502,105059,3034,68771,3468,36288,0,0,5781,66374,719,19311,5782,85685,California
San Bernardino,2021-01-23,3106,108165,1890,70661,1216,37504,0,0,2718,68705,387,19698,2718,88403,California
San Bernardino,2021-01-24,1195,109360,462,71123,733,38237,0,0,1094,69698,101,19799,1094,89497,California
San Bernardino,2021-01-25,6868,116228,3396,74519,3472,41709,0,0,5019,72873,1847,21646,5022,94519,California
San Bernardino,2021-01-26,7105,123333,3568,78087,3537,45246,0,0,5008,75785,2097,23743,5009,99528,California
San Bernardino,2021-01-27,8396,131729,4146,82233,4250,49496,0,0,5692,78781,2696,26439,5692,105220,California
San Bernardino,2021-01-28,8585,140314,4079,86312,4506,54002,0,0,6260,82721,2320,28759,6260,111480,California
San Bernardino,2021-01-29,8179,148493,3768,90080,4411,58413,0,0,6212,86981,1953,30712,6213,117693,California
San Bernardino,2021-01-30,3090,151583,1901,91981,1189,59602,0,0,2804,89500,285,30997,2804,120497,California
San Bernardino,2021-01-31,922,152505,493,92474,429,60031,0,0,868,90315,53,31050,868,121365,California
San Bernardino,2021-02-01,7542,160047,4231,96705,3311,63342,0,0,4926,92628,2613,33663,4926,126291,California
San Bernardino,2021-02-02,10404,170451,3651,100356,6753,70095,0,0,8357,98943,2043,35706,8358,134649,California
San Bernardino,2021-02-03,8980,179431,4146,104502,4834,74929,0,0,6490,102952,2482,38188,6491,141140,California
San Bernardino,2021-02-04,10507,189938,5191,109693,5316,80245,0,0,7436,107328,3060,41248,7436,148576,California
San Bernardino,2021-02-05,10984,200922,5911,115604,5073,85318,0,0,7460,111276,3513,44761,7461,156037,California
San Bernardino,2021-02-06,5252,206174,2205,117809,3047,88365,0,0,3616,113284,1611,46372,3619,159656,California
San Bernardino,2021-02-07,843,207017,490,118299,353,88718,0,0,466,113377,374,46746,467,160123,California
San Bernardino,2021-02-08,7275,214292,3878,122177,3397,92115,0,0,5608,117321,1664,48410,5608,165731,California
San Bernardino,2021-02-09,9897,224189,5813,127990,4084,96199,0,0,6672,120773,3223,51633,6675,172406,California
San Bernardino,2021-02-10,12005,236194,6531,134521,5474,101673,0,0,7839,124458,4155,55788,7840,180246,California
San Bernardino,2021-02-11,12330,248524,7108,141629,5222,106895,0,0,7884,127922,4423,60211,7887,188133,California
San Bernardino,2021-02-12,10344,258868,5927,147556,4417,111312,0,0,5689,128971,4640,64851,5689,193822,California
San Bernardino,2021-02-13,6020,264888,4001,151557,2019,113331,0,0,3782,130536,2222,67073,3787,197609,California
San Bernardino,2021-02-14,1549,266437,650,152207,899,114230,0,0,871,130737,670,67743,871,198480,California
San Bernardino,2021-02-15,5454,271891,2994,155201,2460,116690,0,0,3054,131405,2386,70129,3054,201534,California
San Bernardino,2021-02-16,12591,284482,7370,162571,5221,121911,0,0,7967,134762,4611,74740,7968,209502,California
San Bernardino,2021-02-17,11778,296260,6451,169022,5327,127238,0,0,7136,137275,4625,79365,7138,216640,California
San Bernardino,2021-02-18,12453,308713,7589,176611,4864,132102,0,0,7707,140252,4731,84096,7708,224348,California
San Bernardino,2021-02-19,11471,320184,5909,182520,5562,137664,0,0,6780,142359,4673,88769,6780,231128,California
San Bernardino,2021-02-20,4496,324680,3449,185969,1047,138711,0,0,2039,141944,2455,91224,2040,233168,California
San Bernardino,2021-02-21,1022,325702,567,186536,455,139166,0,0,326,141574,696,91920,326,233494,California
San Bernardino,2021-02-22,8618,334320,5319,191855,3299,142465,0,0,4028,141024,4579,96499,4029,237523,California
San Bernardino,2021-02-23,9086,343406,5417,197272,3669,146134,0,0,4570,141108,4486,100985,4570,242093,California
San Bernardino,2021-02-24,12343,355749,7144,204416,5199,151333,0,0,6080,140951,6238,107223,6081,248174,California
San Bernardino,2021-02-25,12985,368734,6263,210679,6722,158055,0,0,7555,143097,5412,112635,7558,255732,California
San Bernardino,2021-02-26,13542,382276,6370,217049,7172,165227,0,0,7539,144697,5942,118577,7542,263274,California
San Bernardino,2021-02-27,6604,388880,3673,220722,2930,168157,1,1,4785,147674,1809,120386,4786,268060,California
San Bernardino,2021-02-28,1734,390614,707,221429,1027,169184,0,1,1121,148187,608,120994,1121,269181,California
San Bernardino,2021-03-01,8387,399001,4323,225752,4062,173246,2,3,3820,147472,4545,125539,3830,273011,California
San Bernardino,2021-03-02,13631,412632,5353,231105,8278,181524,0,3,6419,146708,7186,132725,6422,279433,California
San Bernardino,2021-03-03,12654,425286,6430,237535,6222,187746,2,5,5865,145810,6770,139495,5872,285305,California
San Bernardino,2021-03-04,13651,438937,6859,244394,6792,194538,0,5,5931,144045,7699,147194,5934,291239,California
San Bernardino,2021-03-05,14140,453077,7310,251704,6829,201367,1,6,6838,143629,7273,154467,6857,298096,California
San Bernardino,2021-03-06,9558,462635,5310,257014,4033,205400,215,221,4441,143182,5102,159569,4655,302751,California
San Bernardino,2021-03-07,1569,464204,925,257939,589,205989,55,276,999,143668,568,160137,1054,303805,California
San Bernardino,2021-03-08,7962,472166,3493,261432,4309,210298,160,436,3505,142885,4451,164588,3668,307473,California
San Bernardino,2021-03-09,12593,484759,7025,268457,5324,215622,244,680,4860,140270,7720,172308,5105,312578,California
San Bernardino,2021-03-10,13980,498739,7677,276134,5774,221396,529,1209,6185,139220,7769,180077,6719,319297,California
San Bernardino,2021-03-11,15210,513949,7120,283254,6536,227932,1554,2763,7256,140092,7934,188011,8806,328103,California
San Bernardino,2021-03-12,15248,529197,6796,290050,6415,234347,2037,4800,7275,141505,7945,195956,9358,337461,California
San Bernardino,2021-03-13,8271,537468,4494,294544,3267,237614,510,5310,4899,143553,3362,199318,5410,342871,California
San Bernardino,2021-03-14,3213,540681,1609,296153,1032,238646,572,5882,1835,144582,1372,200690,2401,345272,California
San Bernardino,2021-03-15,11311,551992,5322,301475,3965,242611,2024,7906,5541,146383,5761,206451,7562,352834,California
San Bernardino,2021-03-16,16071,568063,7972,309447,7155,249766,944,8850,9821,150919,6226,212677,10762,363596,California
San Bernardino,2021-03-17,17060,585123,8573,318020,7739,257505,748,9598,10269,155163,6774,219451,11018,374614,California
San Bernardino,2021-03-18,16456,601579,8166,326186,7905,265410,385,9983,9732,158582,6698,226149,10117,384731,California
San Bernardino,2021-03-19,16798,618377,8330,334516,7881,273291,587,10570,9630,161709,7144,233293,10271,395002,California
San Bernardino,2021-03-20,9374,627751,5910,340426,2879,276170,585,11155,5563,164067,3787,237080,6145,401147,California
San Bernardino,2021-03-21,2749,630500,2238,342664,464,276634,47,11202,2228,165833,509,237589,2275,403422,California
San Bernardino,2021-03-22,9557,640057,4490,347154,4633,281267,434,11636,6936,170598,2605,240194,7370,410792,California
San Bernardino,2021-03-23,15421,655478,8743,355897,6056,287323,622,12258,9647,175112,5754,245948,10268,421060,California
San Bernardino,2021-03-24,14994,670472,7765,363662,6930,294253,299,12557,9988,180428,4972,250920,10288,431348,California
San Bernardino,2021-03-25,16886,687358,8286,371948,8304,302557,296,12853,10730,185340,6110,257030,11022,442370,California
San Bernardino,2021-03-26,17900,705258,8581,380529,8552,311109,767,13620,10879,189994,6992,264022,11646,454016,California
San Bernardino,2021-03-27,10703,715961,6891,387420,3063,314172,749,14369,6142,192339,4545,268567,6890,460906,California
San Bernardino,2021-03-28,3526,719487,2473,389893,940,315112,113,14482,2489,193910,1030,269597,2601,463507,California
San Bernardino,2021-03-29,11618,731105,6065,395958,5156,320268,397,14879,7928,198561,3674,273271,8325,471832,California
San Bernardino,2021-03-30,16772,747877,9409,405367,6656,326924,707,15586,10791,204105,5948,279219,11492,483324,California
San Bernardino,2021-03-31,16141,764018,9136,414503,6398,333322,607,16193,10819,210231,5298,284517,11424,494748,California
San Bernardino,2021-04-01,19390,783408,10237,424740,7798,341120,1355,17548,12515,217251,6842,291359,13862,508610,California
San Bernardino,2021-04-02,18542,801950,9322,434062,7951,349071,1269,18817,11235,222514,7281,298640,12544,521154,California
San Bernardino,2021-04-03,10920,812870,6823,440885,2974,352045,1123,19940,5984,224698,4920,303560,7104,528258,California
San Bernardino,2021-04-04,2452,815322,1485,442370,720,352765,247,20187,1258,225013,1189,304749,1504,529762,California
San Bernardino,2021-04-05,11671,826993,5237,447607,4709,357474,1725,21912,5982,227049,5668,310417,7704,537466,California
San Bernardino,2021-04-06,19570,846563,10999,458606,6482,363956,2089,24001,10386,230375,9147,319564,12473,549939,California
San Bernardino,2021-04-07,20711,867274,11068,469674,7196,371152,2447,26448,11331,234788,9353,328917,13766,563705,California
San Bernardino,2021-04-08,21555,888829,11040,480714,7926,379078,2589,29037,11932,239711,9593,338510,14516,578221,California
San Bernardino,2021-04-09,21435,910264,10877,491591,8024,387102,2534,31571,11677,244189,9725,348235,14203,592424,California
San Bernardino,2021-04-10,15512,925776,8044,499635,3792,390894,3676,35247,7717,247799,7774,356009,11384,603808,California
San Bernardino,2021-04-11,4374,930150,2553,502188,882,391776,939,36186,2025,248418,2343,358352,2962,606770,California
San Bernardino,2021-04-12,13258,943408,6144,508332,5484,397260,1630,37816,6275,249357,6964,365316,7903,614673,California
San Bernardino,2021-04-13,19131,962539,10919,519251,8194,405454,18,37834,10959,252187,8148,373464,10978,625651,California
San Bernardino,2021-04-14,18931,981470,10241,529492,8687,414141,3,37837,10831,254951,8071,381535,10835,636486,California
San Bernardino,2021-04-15,19963,1001433,11156,540648,8802,422943,5,37842,10627,256286,9300,390835,10635,647121,California
San Bernardino,2021-04-16,18418,1019851,10495,551143,7922,430865,1,37843,9123,256152,9257,400092,9123,656244,California
San Bernardino,2021-04-17,11830,1031681,7818,558961,4012,434877,0,37843,6218,256787,5583,405675,6218,662462,California
San Bernardino,2021-04-18,2870,1034551,1966,560927,904,435781,0,37843,1309,256547,1549,407224,1309,663771,California
San Bernardino,2021-04-19,12407,1046958,6615,567542,5792,441573,0,37843,4803,253770,7584,414808,4807,668578,California
San Bernardino,2021-04-20,17454,1064412,9755,577297,7696,449269,3,37846,8002,252343,9432,424240,8005,676583,California
San Bernardino,2021-04-21,17838,1082250,10269,587566,7567,456836,2,37848,7941,250441,9845,434085,7943,684526,California
San Bernardino,2021-04-22,18892,1101142,10785,598351,8103,464939,4,37852,7801,247205,11041,445126,7805,692331,California
San Bernardino,2021-04-23,18107,1119249,10320,608671,7785,472724,2,37854,7909,244965,10153,455279,7913,700244,California
San Bernardino,2021-04-24,12753,1132002,9440,618111,3311,476035,2,37856,6886,246004,5849,461128,6888,707132,California
San Bernardino,2021-04-25,3406,1135408,2236,620347,1170,477205,0,37856,1692,245996,1701,462829,1693,708825,California
San Bernardino,2021-04-26,9967,1145375,5319,625666,4560,481765,88,37944,4271,244690,5664,468493,4358,713183,California
San Bernardino,2021-04-27,15353,1160728,9181,634847,6006,487771,166,38110,6254,242051,9059,477552,6420,719603,California
San Bernardino,2021-04-28,13729,1174457,8183,643030,5279,493050,267,38377,4938,238489,8765,486317,5203,724806,California
San Bernardino,2021-04-29,13020,1187477,7219,650249,5558,498608,243,38620,4149,234042,8837,495154,4390,729196,California
San Bernardino,2021-04-30,12371,1199848,7937,658186,4293,502901,141,38761,4066,229977,8269,503423,4204,733400,California
San Bernardino,2021-05-01,7599,1207447,6270,664456,1145,504046,184,38945,2420,227424,5156,508579,2603,736003,California
San Diego,2020-12-15,119,119,119,119,0,0,0,0,119,119,0,0,119,119,California
San Diego,2020-12-16,1102,1221,1102,1221,0,0,0,0,1102,1221,0,0,1102,1221,California
San Diego,2020-12-17,2349,3570,2349,3570,0,0,0,0,2349,3570,0,0,2349,3570,California
San Diego,2020-12-18,3671,7241,3670,7240,1,1,0,0,3671,7241,0,0,3671,7241,California
San Diego,2020-12-19,2310,9551,2310,9550,0,1,0,0,2310,9551,0,0,2310,9551,California
San Diego,2020-12-20,1184,10735,1183,10733,1,2,0,0,1184,10735,0,0,1184,10735,California
San Diego,2020-12-21,3524,14259,3523,14256,1,3,0,0,3524,14259,0,0,3524,14259,California
San Diego,2020-12-22,4057,18316,3414,17670,643,646,0,0,4057,18316,0,0,4057,18316,California
San Diego,2020-12-23,3178,21494,1975,19645,1203,1849,0,0,3178,21494,0,0,3178,21494,California
San Diego,2020-12-24,2738,24232,2220,21865,518,2367,0,0,2738,24232,0,0,2738,24232,California
San Diego,2020-12-25,874,25106,873,22738,1,2368,0,0,874,25106,0,0,874,25106,California
San Diego,2020-12-26,3295,28401,2144,24882,1151,3519,0,0,3295,28401,0,0,3295,28401,California
San Diego,2020-12-27,2508,30909,1617,26499,891,4410,0,0,2507,30907,1,1,2507,30908,California
San Diego,2020-12-28,5901,36810,4213,30712,1688,6098,0,0,5901,36808,0,1,5901,36809,California
San Diego,2020-12-29,5591,42401,3015,33727,2576,8674,0,0,5591,42399,0,1,5591,42400,California
San Diego,2020-12-30,5952,48353,3107,36834,2845,11519,0,0,5952,48351,0,1,5952,48352,California
San Diego,2020-12-31,3037,51390,1053,37887,1984,13503,0,0,3037,51388,0,1,3037,51389,California
San Diego,2021-01-01,1006,52396,452,38339,554,14057,0,0,1005,52393,0,1,1005,52394,California
San Diego,2021-01-02,3762,56158,1320,39659,2442,16499,0,0,3762,56155,0,1,3762,56156,California
San Diego,2021-01-03,859,57017,632,40291,227,16726,0,0,858,57013,0,1,858,57014,California
San Diego,2021-01-04,3703,60720,2052,42343,1651,18377,0,0,3696,60709,0,1,3696,60710,California
San Diego,2021-01-05,4309,65029,2121,44464,2188,20565,0,0,3692,63800,613,614,3704,64414,California
San Diego,2021-01-06,4946,69975,2299,46763,2647,23212,0,0,3711,66303,1212,1826,3715,68129,California
San Diego,2021-01-07,5609,75584,2982,49745,2627,25839,0,0,3453,67613,2149,3975,3459,71588,California
San Diego,2021-01-08,7721,83305,4958,54703,2763,28602,0,0,3935,67795,3769,7744,3951,75539,California
San Diego,2021-01-09,2957,86262,1555,56258,1402,30004,0,0,1788,68432,1159,8903,1796,77335,California
San Diego,2021-01-10,1882,88144,1293,57551,589,30593,0,0,779,68129,1091,9994,788,78123,California
San Diego,2021-01-11,10332,98476,5860,63411,4472,35065,0,0,6806,71432,3519,13513,6822,84945,California
San Diego,2021-01-12,11204,109680,5317,68728,5887,40952,0,0,7830,76010,3365,16878,7943,92888,California
San Diego,2021-01-13,11479,121159,5025,73753,6454,47406,0,0,8932,82431,2534,19412,8955,101843,California
San Diego,2021-01-14,12368,133527,4753,78506,7615,55021,0,0,10200,90506,2159,21571,10234,112077,California
San Diego,2021-01-15,15125,148652,5353,83859,9772,64793,0,0,12485,100422,2621,24192,12537,124614,California
San Diego,2021-01-16,10771,159423,3595,87454,7176,71969,0,0,9325,108337,1441,25633,9356,133970,California
San Diego,2021-01-17,8683,168106,2500,89954,6183,78152,0,0,7844,115361,839,26472,7863,141833,California
San Diego,2021-01-18,12501,180607,5941,95895,6560,84712,0,0,9671,122295,2791,29263,9725,151558,California
San Diego,2021-01-19,14756,195363,5826,101721,8930,93642,0,0,11624,131060,3118,32381,11883,163441,California
San Diego,2021-01-20,18329,213692,6387,108108,11942,105584,0,0,15008,142942,3300,35681,15182,178623,California
San Diego,2021-01-21,17407,231099,5898,114006,11509,117093,0,0,16014,157722,1382,37063,16162,194785,California
San Diego,2021-01-22,17675,248774,4753,118759,12922,130015,0,0,15619,171397,2043,39106,15718,210503,California
San Diego,2021-01-23,14479,263253,5270,124029,9209,139224,0,0,12117,181221,2349,41455,12173,222676,California
San Diego,2021-01-24,11917,275170,3360,127389,8557,147781,0,0,10941,191223,974,42429,10976,233652,California
San Diego,2021-01-25,12222,287392,5751,133140,6471,154252,0,0,9203,197569,3012,45441,9358,243010,California
San Diego,2021-01-26,14947,302339,7648,140788,7299,161551,0,0,11663,206139,3279,48720,11849,254859,California
San Diego,2021-01-27,20764,323103,8128,148916,12636,174187,0,0,17674,220877,3076,51796,17814,272673,California
San Diego,2021-01-28,21307,344410,7649,156565,13658,187845,0,0,19042,237743,2255,54051,19121,291794,California
San Diego,2021-01-29,19706,364116,6463,163028,13243,201088,0,0,17279,252650,2417,56468,17324,309118,California
San Diego,2021-01-30,15904,380020,3667,166695,12237,213325,0,0,13226,263305,2668,59136,13323,322441,California
San Diego,2021-01-31,14798,394818,5753,172448,9045,222370,0,0,14440,277418,354,59490,14467,336908,California
San Diego,2021-02-01,20523,415341,7232,179680,13291,235661,0,0,17334,291653,3175,62665,17410,354318,California
San Diego,2021-02-02,23201,438542,8689,188369,14512,250173,0,0,19670,307969,3521,66186,19837,374155,California
San Diego,2021-02-03,27454,465996,11561,199930,15893,266066,0,0,23278,327270,4158,70344,23459,397614,California
San Diego,2021-02-04,24384,490380,10030,209960,14354,280420,0,0,19682,342549,4685,75029,19964,417578,California
San Diego,2021-02-05,25024,515404,8987,218947,16037,296457,0,0,18478,354996,6523,81552,18970,436548,California
San Diego,2021-02-06,20794,536198,8569,227516,12225,308682,0,0,17599,369629,3189,84741,17822,454370,California
San Diego,2021-02-07,12131,548329,5375,232891,6756,315438,0,0,10262,378296,1849,86590,10516,464886,California
San Diego,2021-02-08,20107,568436,8520,241411,11587,327025,0,0,12691,384275,7399,93989,13378,478264,California
San Diego,2021-02-09,20408,588844,8247,249658,12161,339186,0,0,13207,391370,7181,101170,14276,492540,California
San Diego,2021-02-10,22996,611840,9360,259018,13636,352822,0,0,13883,397544,9068,110238,15242,507782,California
San Diego,2021-02-11,23800,635640,10141,269159,13659,366481,0,0,12746,400940,11027,121265,14423,522205,California
San Diego,2021-02-12,23844,659484,7461,276620,16383,382864,0,0,11918,403208,11908,133173,14176,536381,California
San Diego,2021-02-13,20022,679506,9015,285635,11007,393871,0,0,10895,406178,9120,142293,12090,548471,California
San Diego,2021-02-14,11189,690695,7432,293067,3757,397628,0,0,6335,409311,4850,147143,7983,556454,California
San Diego,2021-02-15,15195,705890,7686,300753,7509,405137,0,0,7846,412964,7329,154472,10982,567436,California
San Diego,2021-02-16,19285,725175,11254,312007,8031,413168,0,0,9236,415499,10038,164510,12573,580009,California
San Diego,2021-02-17,23398,748573,10983,322990,12415,425583,0,0,8142,411950,15244,179754,11695,591704,California
San Diego,2021-02-18,23579,772152,12023,335013,11556,437139,0,0,7792,408566,15777,195531,12393,604097,California
San Diego,2021-02-19,15914,788066,10921,345934,4993,442132,0,0,6632,408031,9263,204794,8728,612825,California
San Diego,2021-02-20,10262,798328,6363,352297,3899,446031,0,0,5817,411641,4442,209236,8052,620877,California
San Diego,2021-02-21,11528,809856,10116,362413,1412,447443,0,0,5200,412809,6301,215537,7469,628346,California
San Diego,2021-02-22,12444,822300,10583,372996,1861,449304,0,0,5799,414400,6638,222175,8229,636575,California
San Diego,2021-02-23,25901,848201,14525,387521,11376,460680,0,0,9667,414737,16228,238403,16565,653140,California
San Diego,2021-02-24,28954,877155,12761,400282,16193,476873,0,0,6870,408062,22065,260468,15390,668530,California
San Diego,2021-02-25,33193,910348,14715,414997,18478,495351,0,0,10172,404576,23003,283471,19517,688047,California
San Diego,2021-02-26,33468,943816,12400,427397,21068,516419,0,0,12155,402620,21286,304757,19330,707377,California
San Diego,2021-02-27,21248,965064,9678,437075,11570,527989,0,0,11456,408738,9788,314545,15906,723283,California
San Diego,2021-02-28,15245,980309,9946,447021,5299,533288,0,0,9499,416248,5745,320290,13255,736538,California
San Diego,2021-03-01,24173,1004482,14248,461269,9924,543212,1,1,14688,426273,9411,329701,19436,755974,California
San Diego,2021-03-02,26085,1030567,14000,475269,12085,555297,0,1,12724,433317,13353,343054,20397,776371,California
San Diego,2021-03-03,33957,1064524,15883,491152,18071,573368,3,4,14060,435332,19882,362936,21897,798268,California
San Diego,2021-03-04,28283,1092807,14071,505223,14212,587580,0,4,12648,439697,15616,378552,19981,818249,California
San Diego,2021-03-05,28921,1121728,14824,520047,14015,601595,82,86,13495,444952,15412,393964,20667,838916,California
San Diego,2021-03-06,23361,1145089,9525,529572,13135,614730,701,787,10298,448130,13050,407014,16228,855144,California
San Diego,2021-03-07,18204,1163293,9298,538870,8336,623066,570,1357,6912,448886,11286,418300,12042,867186,California
San Diego,2021-03-08,23040,1186333,11168,550038,10973,634039,899,2256,11434,454546,11594,429894,17254,884440,California
San Diego,2021-03-09,25859,1212192,11947,561985,12157,646196,1755,4011,10109,456250,15738,445632,17442,901882,California
San Diego,2021-03-10,25260,1237452,10735,572720,12133,658329,2392,6403,9879,458558,15370,461002,17678,919560,California
San Diego,2021-03-11,28673,1266125,10999,583719,14076,672405,3598,10001,10017,458683,18638,479640,18763,938323,California
San Diego,2021-03-12,27068,1293193,9452,593171,14482,686887,3134,13135,9962,458222,17092,496732,16631,954954,California
San Diego,2021-03-13,25975,1319168,7297,600468,17074,703961,1604,14739,10076,458196,15896,512628,15870,970824,California
San Diego,2021-03-14,13704,1332872,5359,605827,7609,711570,736,15475,4786,457233,8911,521539,7948,978772,California
San Diego,2021-03-15,22021,1354893,10163,615990,11079,722649,779,16254,9054,457242,12949,534488,12958,991730,California
San Diego,2021-03-16,29915,1384808,15698,631688,13802,736451,415,16669,15657,462797,14234,548722,19789,1011519,California
San Diego,2021-03-17,26252,1411060,12153,643841,13390,749841,709,17378,16725,473203,9515,558237,19921,1031440,California
San Diego,2021-03-18,31396,1442456,17698,661539,12788,762629,910,18288,16931,479209,14431,572668,20437,1051877,California
San Diego,2021-03-19,30189,1472645,14302,675841,14895,777524,992,19280,19304,490355,10869,583537,22015,1073892,California
San Diego,2021-03-20,27780,1500425,8369,684210,17620,795144,1791,21071,21361,508699,6410,589947,24754,1098646,California
San Diego,2021-03-21,16486,1516911,12011,696221,3758,798902,717,21788,7681,511007,8793,598740,11101,1109747,California
San Diego,2021-03-22,22464,1539375,13101,709322,9116,808018,247,22035,14302,520709,8150,606890,17852,1127599,California
San Diego,2021-03-23,25950,1565325,13613,722935,12074,820092,263,22298,17139,531590,8797,615687,19678,1147277,California
San Diego,2021-03-24,29487,1594812,19706,742641,9418,829510,363,22661,17093,539883,12386,628073,20679,1167956,California
San Diego,2021-03-25,30240,1625052,18213,760854,11370,840880,657,23318,17941,548344,12283,640356,20744,1188700,California
San Diego,2021-03-26,32050,1657102,17868,778722,13626,854506,556,23874,17525,554908,14496,654852,21060,1209760,California
San Diego,2021-03-27,25443,1682545,10991,789713,14059,868565,393,24267,15722,563587,9705,664557,18384,1228144,California
San Diego,2021-03-28,15029,1697574,9188,798901,5785,874350,56,24323,9279,568654,5745,670302,10812,1238956,California
San Diego,2021-03-29,26640,1724214,12871,811772,13173,887523,596,24919,16458,577965,10173,680475,19484,1258440,California
San Diego,2021-03-30,33202,1757416,17894,829666,14538,902061,770,25689,22049,591496,11141,691616,24672,1283112,California
San Diego,2021-03-31,30352,1787768,18733,848399,10965,913026,654,26343,20605,604158,9730,701346,22392,1305504,California
San Diego,2021-04-01,34224,1821992,20032,868431,12804,925830,1388,27731,23258,619204,10939,712285,25985,1331489,California
San Diego,2021-04-02,35551,1857543,20612,889043,12319,938149,2620,30351,24113,635920,11421,723706,28137,1359626,California
San Diego,2021-04-03,30764,1888307,14419,903462,11785,949934,4560,34911,19698,650562,11055,734761,25697,1385323,California
San Diego,2021-04-04,8899,1897206,5076,908538,2924,952858,899,35810,4703,652230,4191,738952,5859,1391182,California
San Diego,2021-04-05,29613,1926819,15386,923924,11681,964539,2546,38356,19402,666718,10198,749150,24686,1415868,California
San Diego,2021-04-06,38577,1965396,20368,944292,12440,976979,5769,44125,22410,681424,16150,765300,30856,1446724,California
San Diego,2021-04-07,35614,2001010,21910,966202,9263,986242,4441,48566,20431,693545,15158,780458,27279,1474003,California
San Diego,2021-04-08,35013,2036023,21284,987486,9685,995927,4044,52610,21300,707821,13693,794151,27969,1501972,California
San Diego,2021-04-09,38129,2074152,22795,1010281,10274,1006201,5060,57670,20846,720211,17218,811369,29608,1531580,California
San Diego,2021-04-10,28741,2102893,11777,1022058,13019,1019220,3945,61615,14851,728332,13878,825247,21999,1553579,California
San Diego,2021-04-11,16135,2119028,10018,1032076,3851,1023071,2266,63881,7251,732613,8881,834128,13162,1566741,California
San Diego,2021-04-12,30533,2149561,12782,1044858,13454,1036525,4297,68178,17043,744123,13475,847603,24985,1591726,California
San Diego,2021-04-13,37051,2186612,17676,1062534,19340,1055865,35,68213,24715,760263,12318,859921,28458,1620184,California
San Diego,2021-04-14,32760,2219372,18763,1081297,13986,1069851,11,68224,17729,768995,15017,874938,23749,1643933,California
San Diego,2021-04-15,38954,2258326,20223,1101520,18729,1088580,2,68226,23643,781977,15286,890224,28268,1672201,California
San Diego,2021-04-16,33233,2291559,18491,1120011,14741,1103321,1,68227,19233,790163,13931,904155,22117,1694318,California
San Diego,2021-04-17,27621,2319180,13479,1133490,14142,1117463,0,68227,12258,790970,15266,919421,16073,1710391,California
San Diego,2021-04-18,14232,2333412,8885,1142375,5344,1122807,3,68230,6672,793690,7549,926970,10269,1720660,California
San Diego,2021-04-19,26310,2359722,13441,1155816,12868,1135675,1,68231,12493,795362,13800,940770,15472,1736132,California
San Diego,2021-04-20,38647,2398369,17482,1173298,21165,1156840,0,68231,19834,801938,18794,959564,25370,1761502,California
San Diego,2021-04-21,34822,2433191,20827,1194125,13995,1170835,0,68231,16896,806845,17896,977460,22803,1784305,California
San Diego,2021-04-22,44285,2477476,22748,1216873,21531,1192366,6,68237,22186,814075,22060,999520,29290,1813595,California
San Diego,2021-04-23,41965,2519441,25962,1242835,16001,1208367,2,68239,15608,813909,26331,1025851,26165,1839760,California
San Diego,2021-04-24,34234,2553675,18721,1261556,15498,1223865,15,68254,15410,817884,18795,1044646,22770,1862530,California
San Diego,2021-04-25,12433,2566108,7658,1269214,4775,1228640,0,68254,5852,819495,6573,1051219,8184,1870714,California
San Diego,2021-04-26,29841,2595949,14558,1283772,15165,1243805,118,68372,10038,818352,19796,1071015,18653,1889367,California
San Diego,2021-04-27,41309,2637258,22471,1306243,18438,1262243,400,68772,18124,822541,23160,1094175,27349,1916716,California
San Diego,2021-04-28,37101,2674359,21653,1327896,14810,1277053,638,69410,16676,827180,20402,1114577,25041,1941757,California
San Diego,2021-04-29,35558,2709917,22403,1350299,12551,1289604,604,70014,13825,828467,21711,1136288,22998,1964755,California
San Diego,2021-04-30,27525,2737442,16975,1367274,10066,1299670,484,70498,10023,828618,17485,1153773,17636,1982391,California
San Diego,2021-05-01,12365,2749807,5807,1373081,6272,1305942,286,70784,4227,828067,8133,1161906,7582,1989973,California
San Francisco,2020-12-15,7,7,7,7,0,0,0,0,7,7,0,0,7,7,California
San Francisco,2020-12-16,229,236,229,236,0,0,0,0,229,236,0,0,229,236,California
San Francisco,2020-12-17,394,630,394,630,0,0,0,0,394,630,0,0,394,630,California
San Francisco,2020-12-18,877,1507,876,1506,1,1,0,0,877,1507,0,0,877,1507,California
San Francisco,2020-12-19,601,2108,601,2107,0,1,0,0,601,2108,0,0,601,2108,California
San Francisco,2020-12-20,484,2592,484,2591,0,1,0,0,484,2592,0,0,484,2592,California
San Francisco,2020-12-21,1161,3753,1161,3752,0,1,0,0,1161,3753,0,0,1161,3753,California
San Francisco,2020-12-22,1401,5154,1367,5119,34,35,0,0,1401,5154,0,0,1401,5154,California
San Francisco,2020-12-23,1335,6489,1045,6164,290,325,0,0,1335,6489,0,0,1335,6489,California
San Francisco,2020-12-24,841,7330,503,6667,338,663,0,0,841,7330,0,0,841,7330,California
San Francisco,2020-12-25,34,7364,29,6696,5,668,0,0,34,7364,0,0,34,7364,California
San Francisco,2020-12-26,245,7609,151,6847,94,762,0,0,245,7609,0,0,245,7609,California
San Francisco,2020-12-27,273,7882,60,6907,213,975,0,0,273,7882,0,0,273,7882,California
San Francisco,2020-12-28,1270,9152,686,7593,584,1559,0,0,1270,9152,0,0,1270,9152,California
San Francisco,2020-12-29,1242,10394,621,8214,621,2180,0,0,1242,10394,0,0,1242,10394,California
San Francisco,2020-12-30,1485,11879,779,8993,706,2886,0,0,1485,11879,0,0,1485,11879,California
San Francisco,2020-12-31,964,12843,411,9404,553,3439,0,0,963,12842,0,0,963,12842,California
San Francisco,2021-01-01,79,12922,67,9471,12,3451,0,0,79,12921,0,0,79,12921,California
San Francisco,2021-01-02,334,13256,302,9773,32,3483,0,0,334,13255,0,0,334,13255,California
San Francisco,2021-01-03,293,13549,101,9874,192,3675,0,0,292,13546,1,1,292,13547,California
San Francisco,2021-01-04,1838,15387,1357,11231,481,4156,0,0,1835,15378,3,4,1835,15382,California
San Francisco,2021-01-05,2234,17621,1416,12647,818,4974,0,0,2199,17544,35,39,2201,17583,California
San Francisco,2021-01-06,1869,19490,1161,13808,708,5682,0,0,1604,18886,263,302,1605,19188,California
San Francisco,2021-01-07,2061,21551,1203,15011,858,6540,0,0,1604,20036,454,756,1604,20792,California
San Francisco,2021-01-08,2330,23881,1630,16641,700,7240,0,0,1494,20699,831,1587,1494,22286,California
San Francisco,2021-01-09,1388,25269,893,17534,495,7735,0,0,884,21081,504,2091,886,23172,California
San Francisco,2021-01-10,919,26188,541,18075,378,8113,0,0,460,21083,458,2549,460,23632,California
San Francisco,2021-01-11,2502,28690,1870,19945,632,8745,0,0,1403,21386,1100,3649,1403,25035,California
San Francisco,2021-01-12,3087,31777,2058,22003,1029,9774,0,0,1894,22089,1193,4842,1896,26931,California
San Francisco,2021-01-13,2822,34599,1601,23604,1221,10995,0,0,1991,23249,831,5673,1991,28922,California
San Francisco,2021-01-14,2437,37036,1097,24701,1340,12335,0,0,1878,24568,559,6232,1878,30800,California
San Francisco,2021-01-15,2739,39775,1146,25847,1593,13928,0,0,2347,26527,390,6622,2349,33149,California
San Francisco,2021-01-16,2251,42026,964,26811,1287,15215,0,0,2086,28449,165,6787,2087,35236,California
San Francisco,2021-01-17,1919,43945,533,27344,1386,16601,0,0,1704,29938,215,7002,1704,36940,California
San Francisco,2021-01-18,1373,45318,588,27932,785,17386,0,0,1110,30788,262,7264,1112,38052,California
San Francisco,2021-01-19,2573,47891,1473,29405,1100,18486,0,0,1827,31869,746,8010,1827,39879,California
San Francisco,2021-01-20,2707,50598,1086,30491,1621,20107,0,0,1958,33082,746,8756,1959,41838,California
San Francisco,2021-01-21,3290,53888,928,31419,2362,22469,0,0,2471,34736,817,9573,2471,44309,California
San Francisco,2021-01-22,3178,57066,636,32055,2542,25011,0,0,2736,37032,440,10013,2736,47045,California
San Francisco,2021-01-23,3088,60154,608,32663,2480,27491,0,0,2722,39390,365,10378,2723,49768,California
San Francisco,2021-01-24,2422,62576,361,33024,2061,29552,0,0,2194,41359,225,10603,2194,51962,California
San Francisco,2021-01-25,4583,67159,1781,34805,2802,32354,0,0,3035,42849,1546,12149,3036,54998,California
San Francisco,2021-01-26,4665,71824,2136,36941,2529,34883,0,0,3074,44337,1588,13737,3076,58074,California
San Francisco,2021-01-27,4423,76247,2072,39013,2351,37234,0,0,3074,46066,1345,15082,3074,61148,California
San Francisco,2021-01-28,3751,79998,1552,40565,2199,39433,0,0,2590,47500,1156,16238,2590,63738,California
San Francisco,2021-01-29,4717,84715,1678,42243,3039,42472,0,0,3450,49690,1260,17498,3450,67188,California
San Francisco,2021-01-30,3770,88485,1838,44081,1932,44404,0,0,3322,52569,447,17945,3326,70514,California
San Francisco,2021-01-31,2351,90836,823,44904,1528,45932,0,0,2199,54618,151,18096,2200,72714,California
San Francisco,2021-02-01,3785,94621,1524,46428,2261,48193,0,0,2884,56602,901,18997,2885,75599,California
San Francisco,2021-02-02,4643,99264,1964,48392,2679,50872,0,0,2881,57727,1756,20753,2881,78480,California
San Francisco,2021-02-03,5050,104314,2367,50759,2683,53555,0,0,3748,60176,1300,22053,3749,82229,California
San Francisco,2021-02-04,5019,109333,2432,53191,2587,56142,0,0,3857,62873,1160,23213,3857,86086,California
San Francisco,2021-02-05,5929,115262,3194,56385,2735,58877,0,0,4587,66122,1339,24552,4588,90674,California
San Francisco,2021-02-06,5468,120730,3649,60034,1819,60696,0,0,4567,69792,899,25451,4569,95243,California
San Francisco,2021-02-07,4325,125055,3174,63208,1151,61847,0,0,3748,72967,576,26027,3751,98994,California
San Francisco,2021-02-08,6693,131748,4609,67817,2084,63931,0,0,5484,77261,1192,27219,5486,104480,California
San Francisco,2021-02-09,5920,137668,3986,71803,1934,65865,0,0,4367,80080,1549,28768,4368,108848,California
San Francisco,2021-02-10,6859,144527,4176,75979,2683,68548,0,0,5092,83416,1759,30527,5095,113943,California
San Francisco,2021-02-11,6700,151227,3973,79952,2727,71275,0,0,4891,86502,1806,32333,4892,118835,California
San Francisco,2021-02-12,5311,156538,2665,82617,2646,73921,0,0,3482,88156,1828,34161,3482,122317,California
San Francisco,2021-02-13,4358,160896,2547,85164,1811,75732,0,0,3035,89870,1323,35484,3037,125354,California
San Francisco,2021-02-14,3414,164310,2242,87406,1172,76904,0,0,2291,91040,1122,36606,2292,127646,California
San Francisco,2021-02-15,2770,167080,1505,88911,1265,78169,0,0,1676,91624,1092,37698,1676,129322,California
San Francisco,2021-02-16,4988,172068,2726,91637,2262,80431,0,0,2954,92557,2027,39725,2960,132282,California
San Francisco,2021-02-17,5396,177464,2679,94316,2717,83148,0,0,2958,93088,2428,42153,2959,135241,California
San Francisco,2021-02-18,5371,182835,2628,96944,2743,85891,0,0,2807,93334,2564,44717,2810,138051,California
San Francisco,2021-02-19,5633,188468,2644,99588,2989,88880,0,0,2930,93569,2697,47414,2932,140983,California
San Francisco,2021-02-20,4520,192988,2180,101768,2340,91220,0,0,1703,92464,2809,50223,1704,142687,California
San Francisco,2021-02-21,2736,195724,1369,103137,1367,92587,0,0,1141,92016,1590,51813,1142,143829,California
San Francisco,2021-02-22,5096,200820,3173,106310,1923,94510,0,0,2563,92055,2526,54339,2565,146394,California
San Francisco,2021-02-23,5450,206270,3082,109392,2368,96878,0,0,2759,92129,2685,57024,2759,149153,California
San Francisco,2021-02-24,8967,215237,5077,114469,3890,100768,0,0,4781,92734,4177,61201,4782,153935,California
San Francisco,2021-02-25,9757,224994,6859,121328,2898,103666,0,0,6304,95590,3450,64651,6306,160241,California
San Francisco,2021-02-26,11911,236905,7729,129057,4182,107848,0,0,7059,97796,4854,69505,7060,167301,California
San Francisco,2021-02-27,8900,245805,5663,134720,3236,111084,1,1,4506,97924,4380,73885,4508,171809,California
San Francisco,2021-02-28,7706,253511,5531,140251,2175,113259,0,1,3827,97875,3877,77762,3828,175637,California
San Francisco,2021-03-01,10687,264198,7177,147428,3508,116767,2,3,5172,97555,5497,83259,5177,180814,California
San Francisco,2021-03-02,8857,273055,5656,153084,3201,119968,0,3,5137,98981,3712,86971,5138,185952,California
San Francisco,2021-03-03,11009,284064,6326,159410,4682,124650,1,4,6016,100019,4982,91953,6020,191972,California
San Francisco,2021-03-04,8635,292699,5430,164840,3205,127855,0,4,4863,101116,3766,95719,4863,196835,California
San Francisco,2021-03-05,8671,301370,5137,169977,3531,131386,3,7,5448,103361,3207,98926,5452,202287,California
San Francisco,2021-03-06,6861,308231,4416,174393,2237,133623,208,215,4211,105115,2662,101588,4416,206703,California
San Francisco,2021-03-07,5125,313356,3976,178369,1092,134715,57,272,2882,105797,2257,103845,2939,209642,California
San Francisco,2021-03-08,7136,320492,5165,183534,1785,136500,186,458,5584,109984,1583,105428,5770,215412,California
San Francisco,2021-03-09,6710,327202,3935,187469,2401,138901,374,832,4583,112802,2134,107562,4952,220364,California
San Francisco,2021-03-10,10389,337591,5876,193345,4013,142914,500,1332,6348,115631,4021,111583,6850,227214,California
San Francisco,2021-03-11,10031,347622,6346,199691,2726,145640,959,2291,6587,119742,3428,115011,7539,234753,California
San Francisco,2021-03-12,10717,358339,6247,205938,3159,148799,1311,3602,5957,122269,4738,119749,7265,242018,California
San Francisco,2021-03-13,6574,364913,3829,209767,1689,150488,1056,4658,4068,124893,2498,122247,5122,247140,California
San Francisco,2021-03-14,7479,372392,4839,214606,2403,152891,237,4895,4037,125737,3430,125677,4274,251414,California
San Francisco,2021-03-15,11907,384299,9084,223690,1889,154780,934,5829,8247,131262,3648,129325,9173,260587,California
San Francisco,2021-03-16,12038,396337,8172,231862,3409,158189,457,6286,8757,137211,3264,132589,9213,269800,California
San Francisco,2021-03-17,13155,409492,8119,239981,4492,162681,544,6830,9505,143634,3622,136211,10045,279845,California
San Francisco,2021-03-18,9946,419438,6730,246711,2594,165275,622,7452,5659,145649,4262,140473,6277,286122,California
San Francisco,2021-03-19,12010,431448,8695,255406,2852,168127,463,7915,6394,146910,5592,146065,6853,292975,California
San Francisco,2021-03-20,8715,440163,6380,261786,1876,170003,459,8374,5199,149083,3487,149552,5660,298635,California
San Francisco,2021-03-21,6444,446607,5896,267682,414,170417,134,8508,3681,150148,2750,152302,3815,302450,California
San Francisco,2021-03-22,9730,456337,6825,274507,2061,172478,844,9352,5128,151534,4581,156883,5967,308417,California
San Francisco,2021-03-23,11132,467469,7356,281863,3129,175607,647,9999,6699,154474,4403,161286,7343,315760,California
San Francisco,2021-03-24,12273,479742,9384,291247,2354,177961,535,10534,6338,155448,5896,167182,6870,322630,California
San Francisco,2021-03-25,11790,491532,8631,299878,2597,180558,562,11096,5900,156084,5822,173004,6458,329088,California
San Francisco,2021-03-26,11835,503367,8190,308068,3415,183973,230,11326,6100,156706,5705,178709,6327,335415,California
San Francisco,2021-03-27,8619,511986,5747,313815,2527,186500,345,11671,3913,156274,4689,183398,4257,339672,California
San Francisco,2021-03-28,6571,518557,5237,319052,1292,187792,42,11713,3163,156091,3385,186783,3202,342874,California
San Francisco,2021-03-29,11365,529922,7869,326921,3313,191105,183,11896,5121,155174,6220,193003,5303,348177,California
San Francisco,2021-03-30,11473,541395,7162,334083,4021,195126,290,12186,6856,157727,4592,197595,7145,355322,California
San Francisco,2021-03-31,12083,553478,8023,342106,3764,198890,296,12482,5548,157061,6504,204099,5838,361160,California
San Francisco,2021-04-01,13716,567194,7282,349388,4796,203686,1638,14120,5974,156956,7713,211812,7608,368768,California
San Francisco,2021-04-02,14618,581812,6441,355829,6368,210054,1809,15929,6901,157965,7698,219510,8707,377475,California
San Francisco,2021-04-03,10378,592190,4779,360608,3814,213868,1785,17714,4817,159015,5549,225059,6599,384074,California
San Francisco,2021-04-04,8982,601172,4749,365357,2582,216450,1651,19365,3610,158917,5359,230418,5261,389335,California
San Francisco,2021-04-05,15896,617068,9740,375097,4282,220732,1874,21239,6361,157637,9512,239930,8232,397567,California
San Francisco,2021-04-06,15941,633009,9437,384534,4448,225180,2056,23295,6269,156305,9652,249582,8320,405887,California
San Francisco,2021-04-07,16739,649748,9961,394495,4556,229736,2222,25517,7052,155898,9668,259250,9261,415148,California
San Francisco,2021-04-08,14078,663826,6696,401191,2996,232732,4386,29903,4631,155476,9420,268670,8998,424146,California
San Francisco,2021-04-09,15688,679514,7590,408781,4771,237503,3327,33230,6688,156505,8971,277641,10000,434146,California
San Francisco,2021-04-10,13128,692642,5663,414444,5844,243347,1621,34851,7137,159287,5968,283609,8750,442896,California
San Francisco,2021-04-11,9958,702600,7452,421896,1337,244684,1169,36020,5194,160895,4752,288361,6360,449256,California
San Francisco,2021-04-12,10547,713147,6863,428759,2558,247242,1126,37146,4873,161239,5652,294013,5996,455252,California
San Francisco,2021-04-13,10672,723819,7258,436017,3402,250644,12,37158,5417,161437,5234,299247,5432,460684,California
San Francisco,2021-04-14,13248,737067,7991,444008,5256,255900,1,37159,6435,161091,6782,306029,6436,467120,California
San Francisco,2021-04-15,13558,750625,9399,453407,4158,260058,1,37160,8003,163572,5527,311556,8008,475128,California
San Francisco,2021-04-16,12875,763500,8676,462083,4155,264213,44,37204,7650,166070,5200,316756,7698,482826,California
San Francisco,2021-04-17,9967,773467,7272,469355,2694,266907,1,37205,7051,170226,2899,319655,7055,489881,California
San Francisco,2021-04-18,6570,780037,5023,474378,1546,268453,1,37206,4080,171837,2472,322127,4083,493964,California
San Francisco,2021-04-19,10798,790835,8102,482480,2691,271144,5,37211,6955,174979,3828,325955,6970,500934,California
San Francisco,2021-04-20,12247,803082,7150,489630,5096,276240,1,37212,8471,179697,3756,329711,8474,509408,California
San Francisco,2021-04-21,10480,813562,7486,497116,2990,279230,4,37216,6384,182019,4070,333781,6392,515800,California
San Francisco,2021-04-22,10339,823901,7676,504792,2662,281892,1,37217,5980,183670,4336,338117,5987,521787,California
San Francisco,2021-04-23,10158,834059,5806,510598,4352,286244,0,37217,6031,185609,4098,342215,6037,527824,California
San Francisco,2021-04-24,7884,841943,5438,516036,2446,288690,0,37217,4672,187095,3193,345408,4679,532503,California
San Francisco,2021-04-25,5031,846974,4338,520374,687,289377,6,37223,2957,188000,2061,347469,2966,535469,California
San Francisco,2021-04-26,7422,854396,5215,525589,2197,291574,10,37233,3648,187917,3753,351222,3670,539139,California
San Francisco,2021-04-27,7759,862155,5181,530770,2453,294027,125,37358,3819,187952,3918,355140,3953,543092,California
San Francisco,2021-04-28,8607,870762,5996,536766,2426,296453,185,37543,4360,188281,4223,359363,4552,547644,California
San Francisco,2021-04-29,6856,877618,3707,540473,2950,299403,199,37742,3232,188112,3602,362965,3433,551077,California
San Francisco,2021-04-30,8129,885747,3448,543921,4637,304040,44,37786,2645,185347,5458,368423,2693,553770,California
San Francisco,2021-05-01,4830,890577,2111,546032,2709,306749,10,37796,948,182441,3866,372289,960,554730,California
San Joaquin,2020-12-15,12,12,12,12,0,0,0,0,12,12,0,0,12,12,California
San Joaquin,2020-12-16,306,318,306,318,0,0,0,0,306,318,0,0,306,318,California
San Joaquin,2020-12-17,311,629,311,629,0,0,0,0,311,629,0,0,311,629,California
San Joaquin,2020-12-18,522,1151,518,1147,4,4,0,0,522,1151,0,0,522,1151,California
San Joaquin,2020-12-19,188,1339,188,1335,0,4,0,0,188,1339,0,0,188,1339,California
San Joaquin,2020-12-20,113,1452,112,1447,1,5,0,0,113,1452,0,0,113,1452,California
San Joaquin,2020-12-21,489,1941,489,1936,0,5,0,0,489,1941,0,0,489,1941,California
San Joaquin,2020-12-22,966,2907,846,2782,120,125,0,0,965,2906,0,0,965,2906,California
San Joaquin,2020-12-23,972,3879,913,3695,59,184,0,0,970,3876,0,0,970,3876,California
San Joaquin,2020-12-24,214,4093,186,3881,28,212,0,0,213,4089,0,0,213,4089,California
San Joaquin,2020-12-25,14,4107,14,3895,0,212,0,0,14,4103,0,0,14,4103,California
San Joaquin,2020-12-26,101,4208,29,3924,72,284,0,0,101,4204,0,0,101,4204,California
San Joaquin,2020-12-27,41,4249,28,3952,13,297,0,0,41,4245,0,0,41,4245,California
San Joaquin,2020-12-28,621,4870,420,4372,201,498,0,0,621,4866,0,0,621,4866,California
San Joaquin,2020-12-29,797,5667,672,5044,125,623,0,0,797,5663,0,0,797,5663,California
San Joaquin,2020-12-30,1006,6673,714,5758,292,915,0,0,1004,6667,0,0,1004,6667,California
San Joaquin,2020-12-31,452,7125,202,5960,250,1165,0,0,452,7119,0,0,452,7119,California
San Joaquin,2021-01-01,18,7143,11,5971,7,1172,0,0,18,7137,0,0,18,7137,California
San Joaquin,2021-01-02,261,7404,239,6210,22,1194,0,0,261,7398,0,0,261,7398,California
San Joaquin,2021-01-03,37,7441,19,6229,18,1212,0,0,36,7433,1,1,36,7434,California
San Joaquin,2021-01-04,473,7914,337,6566,136,1348,0,0,471,7903,1,2,471,7905,California
San Joaquin,2021-01-05,975,8889,643,7209,332,1680,0,0,807,8578,168,170,843,8748,California
San Joaquin,2021-01-06,1217,10106,704,7913,513,2193,0,0,915,9198,298,468,918,9666,California
San Joaquin,2021-01-07,1066,11172,671,8584,395,2588,0,0,779,9694,284,752,780,10446,California
San Joaquin,2021-01-08,1191,12363,819,9403,372,2960,0,0,708,9924,482,1234,712,11158,California
San Joaquin,2021-01-09,376,12739,300,9703,76,3036,0,0,247,10042,129,1363,247,11405,California
San Joaquin,2021-01-10,222,12961,114,9817,108,3144,0,0,170,10160,52,1415,170,11575,California
San Joaquin,2021-01-11,1519,14480,1315,11132,204,3348,0,0,858,10425,660,2075,925,12500,California
San Joaquin,2021-01-12,1422,15902,1018,12150,404,3752,0,0,654,10385,764,2839,724,13224,California
San Joaquin,2021-01-13,1522,17424,891,13041,631,4383,0,0,951,10771,570,3409,956,14180,California
San Joaquin,2021-01-14,1646,19070,874,13915,772,5155,0,0,1309,11778,317,3726,1324,15504,California
San Joaquin,2021-01-15,1593,20663,618,14533,975,6130,0,0,1379,12966,200,3926,1388,16892,California
San Joaquin,2021-01-16,1139,21802,192,14725,947,7077,0,0,1112,14052,26,3952,1112,18004,California
San Joaquin,2021-01-17,1613,23415,130,14855,1483,8560,0,0,1575,15591,38,3990,1577,19581,California
San Joaquin,2021-01-18,736,24151,237,15092,499,9059,0,0,616,16091,116,4106,616,20197,California
San Joaquin,2021-01-19,1852,26003,886,15978,966,10025,0,0,1172,16593,676,4782,1178,21375,California
San Joaquin,2021-01-20,2072,28075,1276,17254,796,10821,0,0,1426,17384,641,5423,1432,22807,California
San Joaquin,2021-01-21,1958,30033,886,18140,1072,11893,0,0,1564,18566,387,5810,1569,24376,California
San Joaquin,2021-01-22,1956,31989,913,19053,1043,12936,0,0,1813,20244,138,5948,1816,26192,California
San Joaquin,2021-01-23,891,32880,402,19455,489,13425,0,0,608,20573,282,6230,611,26803,California
San Joaquin,2021-01-24,342,33222,133,19588,209,13634,0,0,321,20875,19,6249,321,27124,California
San Joaquin,2021-01-25,1976,35198,1133,20721,843,14477,0,0,1417,21740,556,6805,1421,28545,California
San Joaquin,2021-01-26,2141,37339,1112,21833,1029,15506,0,0,1536,22677,603,7408,1540,30085,California
San Joaquin,2021-01-27,1720,39059,765,22598,955,16461,0,0,1230,23427,486,7894,1236,31321,California
San Joaquin,2021-01-28,2015,41074,757,23355,1258,17719,0,0,1376,24170,636,8530,1379,32700,California
San Joaquin,2021-01-29,2132,43206,1039,24394,1093,18812,0,0,1787,25624,340,8870,1794,34494,California
San Joaquin,2021-01-30,2156,45362,349,24743,1807,20619,0,0,1981,27434,173,9043,1983,36477,California
San Joaquin,2021-01-31,1553,46915,176,24919,1377,21996,0,0,1493,28872,56,9099,1494,37971,California
San Joaquin,2021-02-01,2478,49393,1308,26227,1170,23166,0,0,1750,29898,727,9826,1753,39724,California
San Joaquin,2021-02-02,2582,51975,1166,27393,1416,24582,0,0,1968,31315,555,10381,1972,41696,California
San Joaquin,2021-02-03,3052,55027,1207,28600,1845,26427,0,0,2189,32652,857,11238,2194,43890,California
San Joaquin,2021-02-04,3426,58453,1707,30307,1719,28146,0,0,2623,34481,797,12035,2626,46516,California
San Joaquin,2021-02-05,3206,61659,1854,32161,1352,29498,0,0,2353,35990,847,12882,2356,48872,California
San Joaquin,2021-02-06,1120,62779,785,32946,335,29833,0,0,945,36764,173,13055,947,49819,California
San Joaquin,2021-02-07,610,63389,484,33430,126,29959,0,0,409,36980,194,13249,410,50229,California
San Joaquin,2021-02-08,1771,65160,1031,34461,740,30699,0,0,1440,38114,310,13559,1444,51673,California
San Joaquin,2021-02-09,2089,67249,1133,35594,956,31655,0,0,1560,39216,459,14018,1561,53234,California
San Joaquin,2021-02-10,2553,69802,1250,36844,1303,32958,0,0,1336,39364,1188,15206,1336,54570,California
San Joaquin,2021-02-11,2921,72723,1500,38344,1421,34379,0,0,1713,39903,1179,16385,1718,56288,California
San Joaquin,2021-02-12,2795,75518,1120,39464,1675,36054,0,0,1581,40288,1201,17586,1586,57874,California
San Joaquin,2021-02-13,2108,77626,395,39859,1713,37767,0,0,846,39889,1251,18837,852,58726,California
San Joaquin,2021-02-14,1898,79524,260,40119,1638,39405,0,0,688,39393,1185,20022,689,59415,California
San Joaquin,2021-02-15,1973,81497,833,40952,1140,40545,0,0,1194,39840,751,20773,1198,60613,California
San Joaquin,2021-02-16,3140,84637,1368,42320,1772,42317,0,0,1741,40201,1387,22160,1748,62361,California
San Joaquin,2021-02-17,3259,87896,1261,43581,1998,44315,0,0,1858,40674,1389,23549,1862,64223,California
San Joaquin,2021-02-18,3317,91213,1362,44943,1955,46270,0,0,1896,41182,1395,24944,1903,66126,California
San Joaquin,2021-02-19,4154,95367,2314,47257,1840,48110,0,0,2368,41799,1752,26696,2369,68495,California
San Joaquin,2021-02-20,1533,96900,648,47905,885,48995,0,0,1057,42381,475,27171,1057,69552,California
San Joaquin,2021-02-21,633,97533,478,48383,155,49150,0,0,401,42554,229,27400,402,69954,California
San Joaquin,2021-02-22,3503,101036,2470,50853,1033,50183,0,0,2515,44116,958,28358,2520,72474,California
San Joaquin,2021-02-23,4254,105290,2580,53433,1674,51857,0,0,2622,45134,1608,29966,2626,75100,California
San Joaquin,2021-02-24,5670,110960,3374,56807,2296,54153,0,0,4086,47661,1563,31529,4090,79190,California
San Joaquin,2021-02-25,6278,117238,3879,60686,2399,56552,0,0,4057,49536,2192,33721,4067,83257,California
San Joaquin,2021-02-26,5428,122666,2834,63520,2594,59146,0,0,3734,51610,1668,35389,3742,86999,California
San Joaquin,2021-02-27,5410,128076,1607,65127,3803,62949,0,0,2592,51443,2773,38162,2606,89605,California
San Joaquin,2021-02-28,3035,131111,1086,66213,1949,64898,0,0,1996,52417,1025,39187,1999,91604,California
San Joaquin,2021-03-01,4044,135155,1778,67991,2266,67164,0,0,2285,52968,1743,40930,2294,93898,California
San Joaquin,2021-03-02,4146,139301,1652,69643,2494,69658,0,0,2600,54096,1529,42459,2657,96555,California
San Joaquin,2021-03-03,5727,145028,3398,73041,2327,71985,2,2,4140,56672,1566,44025,4142,100697,California
San Joaquin,2021-03-04,5648,150676,2240,75281,3405,75390,3,5,3694,58430,1944,45969,3702,104399,California
San Joaquin,2021-03-05,4393,155069,1860,77141,2530,77920,3,8,3033,60123,1347,47316,3040,107439,California
San Joaquin,2021-03-06,3276,158345,2159,79300,987,78907,130,138,2697,62377,576,47892,2830,110269,California
San Joaquin,2021-03-07,1202,159547,551,79851,605,79512,46,184,920,63064,264,48156,951,111220,California
San Joaquin,2021-03-08,3108,162655,1244,81095,1740,81252,124,308,2108,64305,990,49146,2231,113451,California
San Joaquin,2021-03-09,3949,166604,1775,82870,2048,83300,126,434,2613,65726,1321,50467,2742,116193,California
San Joaquin,2021-03-10,4615,171219,2451,85321,2026,85326,138,572,3400,68062,1202,51669,3538,119731,California
San Joaquin,2021-03-11,4903,176122,2324,87645,1982,87308,597,1169,2914,69599,1979,53648,3516,123247,California
San Joaquin,2021-03-12,6234,182356,3111,90756,2791,90099,332,1501,4146,72014,2069,55717,4484,127731,California
San Joaquin,2021-03-13,3043,185399,1439,92195,1478,91577,126,1627,2287,73684,749,56466,2419,130150,California
San Joaquin,2021-03-14,2148,187547,666,92861,1180,92757,302,1929,1036,73918,1108,57574,1342,131492,California
San Joaquin,2021-03-15,6034,193581,3473,96334,2158,94915,403,2332,3172,74667,2838,60412,3587,135079,California
San Joaquin,2021-03-16,6784,200365,3852,100186,2677,97592,255,2587,4007,76171,2766,63178,4270,139349,California
San Joaquin,2021-03-17,7723,208088,4629,104815,3024,100616,70,2657,4301,77160,3391,66569,4380,143729,California
San Joaquin,2021-03-18,7594,215682,4458,109273,2630,103246,506,3163,3760,77634,3799,70368,4273,148002,California
San Joaquin,2021-03-19,7879,223561,4616,113889,2721,105967,542,3705,4779,79918,3082,73450,5366,153368,California
San Joaquin,2021-03-20,3653,227214,2111,116000,1299,107266,243,3948,1830,80193,1810,75260,2085,155453,California
San Joaquin,2021-03-21,2093,229307,1487,117487,400,107666,206,4154,1190,80735,897,76157,1439,156892,California
San Joaquin,2021-03-22,3936,233243,2011,119498,1509,109175,416,4570,2338,81906,1588,77745,2759,159651,California
San Joaquin,2021-03-23,5331,238574,2612,122110,2553,111728,166,4736,3703,84168,1612,79357,3874,163525,California
San Joaquin,2021-03-24,6781,245355,4209,126319,2486,114214,86,4822,3020,83543,3739,83096,3114,166639,California
San Joaquin,2021-03-25,5487,250842,3247,129566,2199,116413,41,4863,3276,84675,2192,85288,3324,169963,California
San Joaquin,2021-03-26,6111,256953,2518,132084,3444,119857,149,5012,3229,85210,2862,88150,3397,173360,California
San Joaquin,2021-03-27,4590,261543,2605,134689,1942,121799,43,5055,1808,84313,2763,90913,1866,175226,California
San Joaquin,2021-03-28,2693,264236,1786,136475,882,122681,25,5080,1299,84348,1376,92289,1411,176637,California
San Joaquin,2021-03-29,3976,268212,2140,138615,1814,124495,22,5102,2017,84464,1950,94239,2066,178703,California
San Joaquin,2021-03-30,6128,274340,3124,141739,2932,127427,72,5174,3432,85321,2673,96912,3530,182233,California
San Joaquin,2021-03-31,6527,280867,4112,145851,2356,129783,59,5233,3314,85523,3199,100111,3401,185634,California
San Joaquin,2021-04-01,6279,287146,2930,148781,3268,133051,81,5314,2787,84978,3479,103590,2934,188568,California
San Joaquin,2021-04-02,6275,293421,2854,151635,2932,135983,489,5803,2500,84252,3755,107345,3029,191597,California
San Joaquin,2021-04-03,4100,297521,2311,153946,1463,137446,326,6129,1980,84464,2103,109448,2315,193912,California
San Joaquin,2021-04-04,2256,299777,1340,155286,714,138160,202,6331,1541,85508,708,110156,1752,195664,California
San Joaquin,2021-04-05,4436,304213,2808,158094,1459,139619,169,6500,2608,86480,1821,111977,2793,198457,California
San Joaquin,2021-04-06,6933,311146,4446,162540,2229,141848,258,6758,3283,86403,3630,115607,3553,202010,California
San Joaquin,2021-04-07,8246,319392,4484,167024,2191,144039,1571,8329,3465,86687,4767,120374,5051,207061,California
San Joaquin,2021-04-08,8593,327985,4643,171667,1933,145972,2017,10346,3280,86695,5293,125667,5301,212362,California
San Joaquin,2021-04-09,8682,336667,4169,175836,2969,148941,1544,11890,3093,85783,5569,131236,4657,217019,California
San Joaquin,2021-04-10,5141,341808,1611,177447,1626,150567,1904,13794,1713,85974,3424,134660,3615,220634,California
San Joaquin,2021-04-11,3987,345795,1525,178972,1298,151865,1164,14958,1686,86532,2288,136948,2846,223480,California
San Joaquin,2021-04-12,5826,351621,2254,181226,2041,153906,1531,16489,2214,86687,3596,140544,3751,227231,California
San Joaquin,2021-04-13,7363,358984,4226,185452,3132,157038,5,16494,4515,88382,2832,143376,4527,231758,California
San Joaquin,2021-04-14,7029,366013,3491,188943,3538,160576,0,16494,4133,89645,2878,146254,4141,235899,California
San Joaquin,2021-04-15,7567,373580,4415,193358,3152,163728,0,16494,4170,90457,3364,149618,4176,240075,California
San Joaquin,2021-04-16,6928,380508,3498,196856,3427,167155,3,16497,4003,91574,2900,152518,4017,244092,California
San Joaquin,2021-04-17,4936,385444,2595,199451,2340,169495,1,16498,3463,93590,1465,153983,3481,247573,California
San Joaquin,2021-04-18,2421,387865,1333,200784,1088,170583,0,16498,1293,93776,1114,155097,1300,248873,California
San Joaquin,2021-04-19,5020,392885,2674,203458,2346,172929,0,16498,2675,94138,2323,157420,2685,251558,California
San Joaquin,2021-04-20,6114,398999,3190,206648,2924,175853,0,16498,2891,93839,3201,160621,2902,254460,California
San Joaquin,2021-04-21,5258,404257,2762,209410,2496,178349,0,16498,2878,94386,2337,162958,2884,257344,California
San Joaquin,2021-04-22,5101,409358,2970,212380,2131,180480,0,16498,2933,95184,2142,165100,2940,260284,California
San Joaquin,2021-04-23,5747,415105,2717,215097,3029,183509,1,16499,3643,96746,2087,167187,3649,263933,California
San Joaquin,2021-04-24,4968,420073,3375,218472,1592,185101,1,16500,3180,98161,1771,168958,3186,267119,California
San Joaquin,2021-04-25,2673,422746,2204,220676,469,185570,0,16500,1656,98818,1005,169963,1662,268781,California
San Joaquin,2021-04-26,3459,426205,2216,222892,1242,186812,1,16501,1740,98854,1708,171671,1744,270525,California
San Joaquin,2021-04-27,4133,430338,2404,225296,1680,188492,49,16550,1760,98316,2356,174027,1818,272343,California
San Joaquin,2021-04-28,5261,435599,3093,228389,2093,190585,75,16625,2546,98263,2689,176716,2636,274979,California
San Joaquin,2021-04-29,4229,439828,2296,230685,1882,192467,51,16676,2068,98239,2149,178865,2125,277104,California
San Joaquin,2021-04-30,3533,443361,1443,232128,2072,194539,18,16694,1836,98414,1684,180549,1859,278963,California
San Joaquin,2021-05-01,2112,445473,1159,233287,944,195483,9,16703,1292,98912,817,181366,1315,280278,California
San Luis Obispo,2020-12-16,4,4,4,4,0,0,0,0,4,4,0,0,4,4,California
San Luis Obispo,2020-12-17,196,200,196,200,0,0,0,0,196,200,0,0,196,200,California
San Luis Obispo,2020-12-18,224,424,224,424,0,0,0,0,224,424,0,0,224,424,California
San Luis Obispo,2020-12-19,162,586,162,586,0,0,0,0,162,586,0,0,162,586,California
San Luis Obispo,2020-12-20,215,801,215,801,0,0,0,0,215,801,0,0,215,801,California
San Luis Obispo,2020-12-21,548,1349,548,1349,0,0,0,0,548,1349,0,0,548,1349,California
San Luis Obispo,2020-12-22,308,1657,304,1653,4,4,0,0,308,1657,0,0,308,1657,California
San Luis Obispo,2020-12-23,681,2338,367,2020,314,318,0,0,681,2338,0,0,681,2338,California
San Luis Obispo,2020-12-24,194,2532,19,2039,175,493,0,0,194,2532,0,0,194,2532,California
San Luis Obispo,2020-12-25,2,2534,1,2040,1,494,0,0,2,2534,0,0,2,2534,California
San Luis Obispo,2020-12-26,89,2623,12,2052,77,571,0,0,89,2623,0,0,89,2623,California
San Luis Obispo,2020-12-27,76,2699,0,2052,76,647,0,0,76,2699,0,0,76,2699,California
San Luis Obispo,2020-12-28,880,3579,430,2482,450,1097,0,0,880,3579,0,0,880,3579,California
San Luis Obispo,2020-12-29,903,4482,502,2984,401,1498,0,0,903,4482,0,0,903,4482,California
San Luis Obispo,2020-12-30,1172,5654,681,3665,491,1989,0,0,1172,5654,0,0,1172,5654,California
San Luis Obispo,2020-12-31,106,5760,4,3669,102,2091,0,0,106,5760,0,0,106,5760,California
San Luis Obispo,2021-01-01,13,5773,8,3677,5,2096,0,0,13,5773,0,0,13,5773,California
San Luis Obispo,2021-01-02,33,5806,8,3685,25,2121,0,0,33,5806,0,0,33,5806,California
San Luis Obispo,2021-01-03,16,5822,6,3691,10,2131,0,0,16,5822,0,0,16,5822,California
San Luis Obispo,2021-01-04,678,6500,524,4215,154,2285,0,0,678,6500,0,0,678,6500,California
San Luis Obispo,2021-01-05,974,7474,756,4971,218,2503,0,0,972,7470,2,2,972,7472,California
San Luis Obispo,2021-01-06,725,8199,480,5451,245,2748,0,0,717,8180,7,9,717,8189,California
San Luis Obispo,2021-01-07,1126,9325,948,6399,178,2926,0,0,684,8422,442,451,684,8873,California
San Luis Obispo,2021-01-08,881,10206,804,7203,77,3003,0,0,512,8566,368,819,512,9385,California
San Luis Obispo,2021-01-09,204,10410,195,7398,9,3012,0,0,27,8416,177,996,27,9412,California
San Luis Obispo,2021-01-10,12,10422,8,7406,4,3016,0,0,8,8420,4,1000,8,9420,California
San Luis Obispo,2021-01-11,526,10948,475,7881,51,3067,0,0,266,8427,259,1259,266,9686,California
San Luis Obispo,2021-01-12,597,11545,380,8261,217,3284,0,0,319,8468,278,1537,319,10005,California
San Luis Obispo,2021-01-13,884,12429,255,8516,629,3913,0,0,646,8878,236,1773,646,10651,California
San Luis Obispo,2021-01-14,730,13159,244,8760,486,4399,0,0,605,9371,112,1885,605,11256,California
San Luis Obispo,2021-01-15,729,13888,287,9047,442,4841,0,0,554,9755,170,2055,554,11810,California
San Luis Obispo,2021-01-16,99,13987,81,9128,18,4859,0,0,94,9844,5,2060,94,11904,California
San Luis Obispo,2021-01-17,67,14054,61,9189,6,4865,0,0,67,9911,0,2060,67,11971,California
San Luis Obispo,2021-01-18,1372,15426,389,9578,983,5848,0,0,1110,10759,262,2322,1110,13081,California
San Luis Obispo,2021-01-19,1585,17011,417,9995,1168,7016,0,0,1177,11528,408,2730,1177,14258,California
San Luis Obispo,2021-01-20,1884,18895,596,10591,1288,8304,0,0,1293,12233,589,3319,1294,15552,California
San Luis Obispo,2021-01-21,1570,20465,466,11057,1104,9408,0,0,1197,13062,369,3688,1198,16750,California
San Luis Obispo,2021-01-22,1521,21986,508,11565,1013,10421,0,0,1206,13955,313,4001,1206,17956,California
San Luis Obispo,2021-01-23,312,22298,294,11859,18,10439,0,0,296,14235,16,4017,296,18252,California
San Luis Obispo,2021-01-24,245,22543,237,12096,8,10447,0,0,239,14468,6,4023,239,18491,California
San Luis Obispo,2021-01-25,2074,24617,606,12702,1468,11915,0,0,1244,14882,830,4853,1244,19735,California
San Luis Obispo,2021-01-26,2001,26618,703,13405,1298,13213,0,0,1135,15151,866,5719,1135,20870,California
San Luis Obispo,2021-01-27,1611,28229,284,13689,1327,14540,0,0,1152,15844,459,6178,1152,22022,California
San Luis Obispo,2021-01-28,1484,29713,342,14031,1142,15682,0,0,1224,16809,259,6437,1224,23246,California
San Luis Obispo,2021-01-29,1734,31447,681,14712,1053,16735,0,0,1450,17975,284,6721,1450,24696,California
San Luis Obispo,2021-01-30,37,31484,18,14730,19,16754,0,0,26,17991,10,6731,26,24722,California
San Luis Obispo,2021-01-31,26,31510,20,14750,6,16760,0,0,23,18011,3,6734,23,24745,California
San Luis Obispo,2021-02-01,1667,33177,704,15454,963,17723,0,0,1396,19137,270,7004,1396,26141,California
San Luis Obispo,2021-02-02,1894,35071,676,16130,1218,18941,0,0,1520,20283,374,7378,1520,27661,California
San Luis Obispo,2021-02-03,1704,36775,728,16858,976,19917,0,0,1291,21161,413,7791,1291,28952,California
San Luis Obispo,2021-02-04,1657,38432,800,17658,857,20774,0,0,1090,21684,567,8358,1090,30042,California
San Luis Obispo,2021-02-05,1603,40035,716,18374,887,21661,0,0,1059,22199,545,8903,1060,31102,California
San Luis Obispo,2021-02-06,159,40194,92,18466,67,21728,0,0,93,22226,66,8969,93,31195,California
San Luis Obispo,2021-02-07,144,40338,99,18565,45,21773,0,0,74,22231,70,9039,75,31270,California
San Luis Obispo,2021-02-08,855,41193,468,19033,387,22160,0,0,496,22369,358,9397,496,31766,California
San Luis Obispo,2021-02-09,1123,42316,448,19481,675,22835,0,0,541,22341,576,9973,548,32314,California
San Luis Obispo,2021-02-10,1427,43743,486,19967,941,23776,0,0,521,21962,903,10876,524,32838,California
San Luis Obispo,2021-02-11,1330,45073,844,20811,486,24262,0,0,655,21945,672,11548,655,33493,California
San Luis Obispo,2021-02-12,787,45860,363,21174,424,24686,0,0,417,21992,370,11918,417,33910,California
San Luis Obispo,2021-02-13,392,46252,126,21300,266,24952,0,0,284,22170,107,12025,285,34195,California
San Luis Obispo,2021-02-14,317,46569,41,21341,276,25228,0,0,281,22416,36,12061,282,34477,California
San Luis Obispo,2021-02-15,724,47293,137,21478,587,25815,0,0,467,22629,254,12315,467,34944,California
San Luis Obispo,2021-02-16,2962,50255,1194,22672,1768,27583,0,0,1359,22391,1597,13912,1359,36303,California
San Luis Obispo,2021-02-17,2775,53030,1238,23910,1537,29120,0,0,1029,21683,1737,15649,1029,37332,California
San Luis Obispo,2021-02-18,2812,55842,1446,25356,1366,30486,0,0,1123,21126,1681,17330,1124,38456,California
San Luis Obispo,2021-02-19,1452,57294,1332,26688,120,30606,0,0,1129,21933,322,17652,1129,39585,California
San Luis Obispo,2021-02-20,250,57544,80,26768,170,30776,0,0,214,22111,36,17688,214,39799,California
San Luis Obispo,2021-02-21,48,57592,44,26812,4,30780,0,0,29,22121,19,17707,29,39828,California
San Luis Obispo,2021-02-22,2402,59994,1857,28669,545,31325,0,0,1460,22640,942,18649,1461,41289,California
San Luis Obispo,2021-02-23,1854,61848,1739,30408,115,31440,0,0,1363,23514,490,19139,1364,42653,California
San Luis Obispo,2021-02-24,2644,64492,1301,31709,1343,32783,0,0,836,22544,1806,20945,836,43489,California
San Luis Obispo,2021-02-25,2130,66622,1243,32952,887,33670,0,0,1205,22832,918,21863,1206,44695,California
San Luis Obispo,2021-02-26,2643,69265,1148,34100,1495,35165,0,0,1324,22844,1312,23175,1324,46019,California
San Luis Obispo,2021-02-27,566,69831,340,34440,226,35391,0,0,520,23318,46,23221,520,46539,California
San Luis Obispo,2021-02-28,198,70029,73,34513,125,35516,0,0,163,23450,31,23252,163,46702,California
San Luis Obispo,2021-03-01,2954,72983,1841,36354,1112,36628,1,1,2033,24563,922,24174,2035,48737,California
San Luis Obispo,2021-03-02,2984,75967,1885,38239,1099,37727,0,1,1840,25264,1140,25314,1841,50578,California
San Luis Obispo,2021-03-03,2272,78239,331,38570,1941,39668,0,1,826,24651,1440,26754,827,51405,California
San Luis Obispo,2021-03-04,2175,80414,1147,39717,1028,40696,0,1,1166,24812,1007,27761,1168,52573,California
San Luis Obispo,2021-03-05,2294,82708,1017,40734,1207,41903,70,71,1289,25181,990,28751,1359,53932,California
San Luis Obispo,2021-03-06,832,83540,309,41043,416,42319,107,178,612,25674,220,28971,713,54645,California
San Luis Obispo,2021-03-07,199,83739,32,41075,83,42402,84,262,70,25701,128,29099,155,54800,California
San Luis Obispo,2021-03-08,2726,86465,753,41828,1659,44061,314,576,1543,26377,1180,30279,1856,56656,California
San Luis Obispo,2021-03-09,2914,89379,955,42783,1723,45784,236,812,1512,26727,1399,31678,1749,58405,California
San Luis Obispo,2021-03-10,3179,92558,1238,44021,1671,47455,270,1082,1815,27452,1360,33038,2085,60490,California
San Luis Obispo,2021-03-11,3096,95654,1272,45293,1522,48977,302,1384,1701,28068,1386,34424,2002,62492,California
San Luis Obispo,2021-03-12,3191,98845,1282,46575,1571,50548,338,1722,1583,28392,1600,36024,1924,64416,California
San Luis Obispo,2021-03-13,791,99636,260,46835,422,50970,109,1831,429,28568,361,36385,537,64953,California
San Luis Obispo,2021-03-14,513,100149,53,46888,349,51319,111,1942,134,28435,378,36763,245,65198,California
San Luis Obispo,2021-03-15,3048,103197,1096,47984,1854,53173,98,2040,1529,28546,1516,38279,1627,66825,California
San Luis Obispo,2021-03-16,2840,106037,1509,49493,1231,54404,100,2140,1445,28701,1389,39668,1544,68369,California
San Luis Obispo,2021-03-17,3421,109458,1448,50941,1712,56116,261,2401,1977,29503,1435,41103,2237,70606,California
San Luis Obispo,2021-03-18,2788,112246,1445,52386,1150,57266,193,2594,1338,29588,1446,42549,1531,72137,California
San Luis Obispo,2021-03-19,2584,114830,1562,53948,701,57967,321,2915,961,29257,1615,44164,1284,73421,California
San Luis Obispo,2021-03-20,831,115661,496,54444,299,58266,36,2951,384,29230,447,44611,420,73841,California
San Luis Obispo,2021-03-21,186,115847,45,54489,138,58404,3,2954,157,29361,29,44640,160,74001,California
San Luis Obispo,2021-03-22,2683,118530,1169,55658,1466,59870,48,3002,1863,30457,815,45455,1911,75912,California
San Luis Obispo,2021-03-23,3354,121884,2209,57867,1127,60997,18,3020,2262,31649,1088,46543,2280,78192,California
San Luis Obispo,2021-03-24,3481,125365,2129,59996,1282,62279,70,3090,2614,33470,862,47405,2683,80875,California
San Luis Obispo,2021-03-25,3657,129022,2285,62281,1360,63639,12,3102,2634,35095,1020,48425,2645,83520,California
San Luis Obispo,2021-03-26,3133,132155,1757,64038,956,64595,420,3522,1753,35892,1375,49800,2172,85692,California
San Luis Obispo,2021-03-27,992,133147,507,64545,393,64988,92,3614,451,35896,539,50339,543,86235,California
San Luis Obispo,2021-03-28,443,133590,151,64696,236,65224,56,3670,242,35993,201,50540,298,86533,California
San Luis Obispo,2021-03-29,2570,136160,1271,65967,1166,66390,133,3803,1652,36872,906,51446,1785,88318,California
San Luis Obispo,2021-03-30,3491,139651,1905,67872,1444,67834,142,3945,2341,38207,1146,52592,2481,90799,California
San Luis Obispo,2021-03-31,3833,143484,2452,70324,1234,69068,147,4092,2471,39471,1353,53945,2617,93416,California
San Luis Obispo,2021-04-01,3795,147279,2415,72739,1286,70354,94,4186,2683,41144,1104,55049,2777,96193,California
San Luis Obispo,2021-04-02,1747,149026,686,73425,750,71104,311,4497,950,41607,796,55845,1259,97452,California
San Luis Obispo,2021-04-03,1096,150122,552,73977,417,71521,127,4624,481,41605,610,56455,608,98060,California
San Luis Obispo,2021-04-04,378,150500,130,74107,208,71729,40,4664,232,41731,146,56601,272,98332,California
San Luis Obispo,2021-04-05,3595,154095,1943,76050,1542,73271,110,4774,2040,42327,1552,58153,2148,100480,California
San Luis Obispo,2021-04-06,4010,158105,2141,78191,1560,74831,309,5083,1952,42537,2051,60204,2261,102741,California
San Luis Obispo,2021-04-07,4252,162357,2335,80526,1577,76408,340,5423,2462,43563,1774,61978,2800,105541,California
San Luis Obispo,2021-04-08,3996,166353,2187,82713,1420,77828,389,5812,2171,44305,1818,63796,2560,108101,California
San Luis Obispo,2021-04-09,3601,169954,1707,84420,1152,78980,742,6554,1522,44495,2070,65866,2260,110361,California
San Luis Obispo,2021-04-10,1571,171525,559,84979,350,79330,662,7216,483,44551,1087,66953,1143,111504,California
San Luis Obispo,2021-04-11,311,171836,63,85042,185,79515,63,7279,124,44553,185,67138,187,111691,California
San Luis Obispo,2021-04-12,3360,175196,1693,86735,1504,81019,163,7442,1406,44168,1954,69092,1569,113260,California
San Luis Obispo,2021-04-13,3628,178824,2091,88826,1536,82555,1,7443,1963,44470,1663,70755,1965,115225,California
San Luis Obispo,2021-04-14,2842,181666,1676,90502,1163,83718,3,7446,1659,44959,1172,71927,1661,116886,California
San Luis Obispo,2021-04-15,3643,185309,2361,92863,1281,84999,1,7447,1941,45216,1685,73612,1942,118828,California
San Luis Obispo,2021-04-16,3598,188907,2186,95049,1409,86408,3,7450,1793,45210,1801,75413,1795,120623,California
San Luis Obispo,2021-04-17,1097,190004,432,95481,663,87071,2,7452,717,45550,379,75792,719,121342,California
San Luis Obispo,2021-04-18,318,190322,96,95577,221,87292,1,7453,109,45453,207,75999,110,121452,California
San Luis Obispo,2021-04-19,3067,193389,1284,96861,1745,89037,38,7491,1131,44688,1934,77933,1169,122621,California
San Luis Obispo,2021-04-20,3546,196935,1928,98789,1618,90655,0,7491,1372,43898,2162,80095,1372,123993,California
San Luis Obispo,2021-04-21,3888,200823,1782,100571,2106,92761,0,7491,1626,43277,2247,82342,1626,125619,California
San Luis Obispo,2021-04-22,4543,205366,2042,102613,2501,95262,0,7491,1497,41746,3030,85372,1499,127118,California
San Luis Obispo,2021-04-23,1468,206834,850,103463,614,95876,4,7495,703,41701,759,86131,714,127832,California
San Luis Obispo,2021-04-24,1078,207912,444,103907,615,96491,19,7514,495,41636,579,86710,514,128346,California
San Luis Obispo,2021-04-25,344,208256,162,104069,182,96673,0,7514,113,41519,230,86940,113,128459,California
San Luis Obispo,2021-04-26,898,209154,294,104363,587,97260,17,7531,335,41317,553,87493,351,128810,California
San Luis Obispo,2021-04-27,3508,212662,1805,106168,1638,98898,65,7596,1315,40508,2188,89681,1379,130189,California
San Luis Obispo,2021-04-28,3291,215953,1842,108010,1387,100285,62,7658,1143,39580,2133,91814,1205,131394,California
San Luis Obispo,2021-04-29,3151,219104,1841,109851,1239,101524,71,7729,1025,38560,2116,93930,1096,132490,California
San Luis Obispo,2021-04-30,2052,221156,1177,111028,864,102388,11,7740,637,37801,1407,95337,648,133138,California
San Luis Obispo,2021-05-01,104,221260,30,111058,54,102442,20,7760,37,37791,66,95403,56,133194,California
San Mateo,2020-12-15,26,26,26,26,0,0,0,0,26,26,0,0,26,26,California
San Mateo,2020-12-16,110,136,110,136,0,0,0,0,110,136,0,0,110,136,California
San Mateo,2020-12-17,163,299,163,299,0,0,0,0,163,299,0,0,163,299,California
San Mateo,2020-12-18,741,1040,739,1038,2,2,0,0,741,1040,0,0,741,1040,California
San Mateo,2020-12-19,511,1551,511,1549,0,2,0,0,511,1551,0,0,511,1551,California
San Mateo,2020-12-20,509,2060,508,2057,1,3,0,0,509,2060,0,0,509,2060,California
San Mateo,2020-12-21,1155,3215,1155,3212,0,3,0,0,1155,3215,0,0,1155,3215,California
San Mateo,2020-12-22,1517,4732,1510,4722,7,10,0,0,1517,4732,0,0,1517,4732,California
San Mateo,2020-12-23,1573,6305,1385,6107,188,198,0,0,1573,6305,0,0,1573,6305,California
San Mateo,2020-12-24,867,7172,609,6716,258,456,0,0,867,7172,0,0,867,7172,California
San Mateo,2020-12-25,114,7286,110,6826,4,460,0,0,114,7286,0,0,114,7286,California
San Mateo,2020-12-26,561,7847,418,7244,143,603,0,0,561,7847,0,0,561,7847,California
San Mateo,2020-12-27,307,8154,176,7420,131,734,0,0,307,8154,0,0,307,8154,California
San Mateo,2020-12-28,1049,9203,703,8123,346,1080,0,0,1049,9203,0,0,1049,9203,California
San Mateo,2020-12-29,1130,10333,705,8828,425,1505,0,0,1130,10333,0,0,1130,10333,California
San Mateo,2020-12-30,1264,11597,760,9588,504,2009,0,0,1264,11597,0,0,1264,11597,California
San Mateo,2020-12-31,717,12314,232,9820,485,2494,0,0,716,12312,1,1,716,12313,California
San Mateo,2021-01-01,51,12365,38,9858,13,2507,0,0,51,12363,0,1,51,12364,California
San Mateo,2021-01-02,398,12763,269,10127,129,2636,0,0,398,12761,0,1,398,12762,California
San Mateo,2021-01-03,282,13045,207,10334,75,2711,0,0,279,13037,3,4,279,13041,California
San Mateo,2021-01-04,1053,14098,680,11014,373,3084,0,0,1053,14090,0,4,1053,14094,California
San Mateo,2021-01-05,1200,15298,705,11719,495,3579,0,0,1171,15233,29,33,1172,15266,California
San Mateo,2021-01-06,1447,16745,950,12669,497,4076,0,0,1266,16321,179,212,1267,16533,California
San Mateo,2021-01-07,1453,18198,807,13476,646,4722,0,0,1164,17204,282,494,1165,17698,California
San Mateo,2021-01-08,1840,20038,1191,14667,649,5371,0,0,1141,17654,692,1186,1142,18840,California
San Mateo,2021-01-09,1180,21218,776,15443,404,5775,0,0,723,17920,457,1643,723,19563,California
San Mateo,2021-01-10,702,21920,573,16016,129,5904,0,0,266,17750,436,2079,266,19829,California
San Mateo,2021-01-11,2594,24514,1485,17501,1109,7013,0,0,1528,18213,1067,3146,1530,21359,California
San Mateo,2021-01-12,3279,27793,1771,19272,1508,8521,0,0,2097,19133,1180,4326,2100,23459,California
San Mateo,2021-01-13,3477,31270,1750,21022,1727,10248,0,0,2444,20547,1033,5359,2447,25906,California
San Mateo,2021-01-14,3776,35046,1583,22605,2193,12441,0,0,3092,22960,684,6043,3097,29003,California
San Mateo,2021-01-15,4330,39376,1710,24315,2620,15061,0,0,3802,26238,526,6569,3804,32807,California
San Mateo,2021-01-16,3084,42460,776,25091,2308,17369,0,0,2765,28684,319,6888,2765,35572,California
San Mateo,2021-01-17,1311,43771,309,25400,1002,18371,0,0,1102,29577,209,7097,1102,36674,California
San Mateo,2021-01-18,1365,45136,533,25933,832,19203,0,0,990,30199,372,7469,994,37668,California
San Mateo,2021-01-19,2794,47930,1784,27717,1010,20213,0,0,2002,31412,789,8258,2002,39670,California
San Mateo,2021-01-20,2659,50589,1404,29121,1255,21468,0,0,1814,32385,842,9100,1815,41485,California
San Mateo,2021-01-21,2828,53417,1280,30401,1548,23016,0,0,2247,34055,580,9680,2250,43735,California
San Mateo,2021-01-22,2786,56203,1129,31530,1657,24673,0,0,2487,36246,297,9977,2488,46223,California
San Mateo,2021-01-23,2884,59087,1689,33219,1195,25868,0,0,2520,38403,364,10341,2521,48744,California
San Mateo,2021-01-24,1519,60606,374,33593,1145,27013,0,0,1209,39303,309,10650,1209,49953,California
San Mateo,2021-01-25,4429,65035,3146,36739,1283,28296,0,0,3534,41947,893,11543,3537,53490,California
San Mateo,2021-01-26,4298,69333,2983,39722,1315,29611,0,0,3394,44438,903,12446,3394,56884,California
San Mateo,2021-01-27,2780,72113,1463,41185,1317,30928,0,0,1785,45236,988,13434,1786,58670,California
San Mateo,2021-01-28,2796,74909,1349,42534,1447,32375,0,0,1948,46351,833,14267,1948,60618,California
San Mateo,2021-01-29,2976,77885,1335,43869,1641,34016,0,0,2144,47669,829,15096,2147,62765,California
San Mateo,2021-01-30,3375,81260,1476,45345,1899,35915,0,0,2918,50132,456,15552,2919,65684,California
San Mateo,2021-01-31,1681,82941,897,46242,784,36699,0,0,1518,51489,161,15713,1518,67202,California
San Mateo,2021-02-01,2924,85865,1345,47587,1579,38278,0,0,2216,53002,704,16417,2217,69419,California
San Mateo,2021-02-02,3172,89037,1728,49315,1444,39722,0,0,2157,54147,1012,17429,2157,71576,California
San Mateo,2021-02-03,4878,93915,1946,51261,2932,42654,0,0,3825,56923,1050,18479,3826,75402,California
San Mateo,2021-02-04,6286,100201,2587,53848,3699,46353,0,0,4928,60502,1352,19831,4931,80333,California
San Mateo,2021-02-05,6795,106996,2554,56402,4241,50594,0,0,4968,63660,1810,21641,4968,85301,California
San Mateo,2021-02-06,3282,110278,1917,58319,1365,51959,0,0,2618,65617,663,22304,2620,87921,California
San Mateo,2021-02-07,1897,112175,1343,59662,554,52513,0,0,1710,67140,187,22491,1710,89631,California
San Mateo,2021-02-08,5276,117451,2244,61906,3032,55545,0,0,3103,68134,2109,24600,3103,92734,California
San Mateo,2021-02-09,6182,123633,3220,65126,2962,58507,0,0,3338,68632,2840,27440,3338,96072,California
San Mateo,2021-02-10,6500,130133,3273,68399,3227,61734,0,0,3545,69231,2946,30386,3545,99617,California
San Mateo,2021-02-11,7051,137184,3580,71979,3471,65205,0,0,3813,69818,3229,33615,3816,103433,California
San Mateo,2021-02-12,6614,143798,2949,74928,3665,68870,0,0,4702,72613,1909,35524,4704,108137,California
San Mateo,2021-02-13,6088,149886,3991,78919,2097,70967,0,0,2637,71803,3447,38971,2637,110774,California
San Mateo,2021-02-14,4630,154516,3016,81935,1614,72581,0,0,1980,71138,2646,41617,1981,112755,California
San Mateo,2021-02-15,3166,157682,1457,83392,1709,74290,0,0,1788,71553,1374,42991,1789,114544,California
San Mateo,2021-02-16,7148,164830,1874,85266,5274,79564,0,0,5284,74976,1863,44854,5286,119830,California
San Mateo,2021-02-17,7056,171886,1934,87200,5122,84686,0,0,5069,78065,1982,46836,5071,124901,California
San Mateo,2021-02-18,6692,178578,4624,91824,2068,86754,0,0,4448,80275,2240,49076,4450,129351,California
San Mateo,2021-02-19,7809,186387,5609,97433,2200,88954,0,0,5819,84110,1984,51060,5819,135170,California
San Mateo,2021-02-20,3732,190119,2417,99850,1315,90269,0,0,2307,84999,1418,52478,2307,137477,California
San Mateo,2021-02-21,2304,192423,1463,101313,841,91110,0,0,1259,85218,1040,53518,1259,138736,California
San Mateo,2021-02-22,4418,196841,3195,104508,1223,92333,0,0,2784,86374,1628,55146,2784,141520,California
San Mateo,2021-02-23,4285,201126,3041,107549,1244,93577,0,0,2480,87055,1799,56945,2480,144000,California
San Mateo,2021-02-24,7265,208391,3247,110796,4018,97595,0,0,4844,89484,2416,59361,4845,148845,California
San Mateo,2021-02-25,9081,217472,4008,114804,5073,102668,0,0,6015,92448,3051,62412,6015,154860,California
San Mateo,2021-02-26,9759,227231,3712,118516,6047,108715,0,0,6838,96382,2908,65320,6842,161702,California
San Mateo,2021-02-27,6680,233911,3412,121928,3267,111982,1,1,3630,96973,3045,68365,3636,165338,California
San Mateo,2021-02-28,4123,238034,2505,124433,1618,113600,0,1,2554,97964,1564,69929,2555,167893,California
San Mateo,2021-03-01,5631,243665,3520,127953,2111,115711,0,1,2785,97915,2834,72763,2785,170678,California
San Mateo,2021-03-02,5781,249446,3976,131929,1804,117515,1,2,3330,98804,2443,75206,3332,174010,California
San Mateo,2021-03-03,8324,257770,3890,135819,4433,121948,1,3,3598,97688,4715,79921,3599,177609,California
San Mateo,2021-03-04,8402,266172,3932,139751,4468,126416,2,5,3799,96905,4586,84507,3803,181412,California
San Mateo,2021-03-05,9076,275248,5976,145727,3097,129513,3,8,6412,100680,2644,87151,6419,187831,California
San Mateo,2021-03-06,7837,283085,5428,151155,2233,131746,176,184,5729,104485,2099,89250,5904,193735,California
San Mateo,2021-03-07,3466,286551,2313,153468,1086,132832,67,251,2004,105098,1458,90708,2071,195806,California
San Mateo,2021-03-08,4427,290978,2469,155937,1741,134573,217,468,3208,107313,1211,91919,3426,199232,California
San Mateo,2021-03-09,4545,295523,2119,158056,2153,136726,273,741,3002,109051,1536,93455,3274,202506,California
San Mateo,2021-03-10,6914,302437,2641,160697,3988,140714,285,1026,4565,111564,2336,95791,4849,207355,California
San Mateo,2021-03-11,9116,311553,5722,166419,3003,143717,391,1417,3705,110276,5383,101174,4095,211450,California
San Mateo,2021-03-12,10486,322039,6603,173022,3508,147225,375,1792,3493,107169,6976,108150,3869,215319,California
San Mateo,2021-03-13,8098,330137,3415,176437,3058,150283,1625,3417,3911,108525,4176,112326,5532,220851,California
San Mateo,2021-03-14,4933,335070,3301,179738,1525,151808,107,3524,2903,109512,2023,114349,3010,223861,California
San Mateo,2021-03-15,7121,342191,4573,184311,2372,154180,176,3700,3765,110103,3350,117699,3941,227802,California
San Mateo,2021-03-16,11905,354096,4354,188665,7428,161608,123,3823,4855,108048,7035,124734,4980,232782,California
San Mateo,2021-03-17,10784,364880,4357,193022,6303,167911,124,3947,4888,107191,5873,130607,5016,237798,California
San Mateo,2021-03-18,7227,372107,4028,197050,3016,170927,183,4130,4305,108759,2918,133525,4486,242284,California
San Mateo,2021-03-19,7358,379465,4718,201768,1973,172900,667,4797,3609,109296,3739,137264,4276,246560,California
San Mateo,2021-03-20,8275,387740,6424,208192,1517,174417,334,5131,5404,112178,2856,140120,5738,252298,California
San Mateo,2021-03-21,4145,391885,3121,211313,793,175210,231,5362,2343,112957,1792,141912,2571,254869,California
San Mateo,2021-03-22,5214,397099,3540,214853,1257,176467,417,5779,2861,113894,2342,144254,3279,258148,California
San Mateo,2021-03-23,9762,406861,4436,219289,5130,181597,196,5975,4649,113654,5084,149338,4844,262992,California
San Mateo,2021-03-24,9424,416285,5428,224717,3856,185453,140,6115,4102,112634,5259,154597,4239,267231,California
San Mateo,2021-03-25,9999,426284,4868,229585,4863,190316,268,6383,4413,111833,5485,160082,4684,271915,California
San Mateo,2021-03-26,11135,437419,7657,237242,3313,193629,165,6548,4454,109808,6645,166727,4620,276535,California
San Mateo,2021-03-27,10427,447846,7962,245204,2361,195990,104,6652,4698,108896,5711,172438,4799,281334,California
San Mateo,2021-03-28,4213,452059,2700,247904,1402,197392,111,6763,2105,109014,2099,174537,2217,283551,California
San Mateo,2021-03-29,6008,458067,3743,251647,2013,199405,252,7015,2852,108979,3139,177676,3104,286655,California
San Mateo,2021-03-30,7055,465122,3997,255644,2905,202310,153,7168,4458,111007,2583,180259,4611,291266,California
San Mateo,2021-03-31,7192,472314,4545,260189,2509,204819,138,7306,4056,112080,3121,183380,4194,295460,California
San Mateo,2021-04-01,10383,482697,5092,265281,4112,208931,1179,8485,5576,114061,4772,188152,6753,302213,California
San Mateo,2021-04-02,10605,493302,5056,270337,3989,212920,1560,10045,5557,116146,5031,193183,7116,309329,California
San Mateo,2021-04-03,9628,502930,5466,275803,2432,215352,1730,11775,4850,117953,4774,197957,6581,315910,California
San Mateo,2021-04-04,5380,508310,2594,278397,1540,216892,1246,13021,1705,117237,3666,201623,2950,318860,California
San Mateo,2021-04-05,8927,517237,4747,283144,2446,219338,1734,14755,3853,117759,5064,206687,5586,324446,California
San Mateo,2021-04-06,13067,530304,8181,291325,3036,222374,1850,16605,7463,121488,5592,212279,9321,333767,California
San Mateo,2021-04-07,11307,541611,5243,296568,4394,226768,1670,18275,4802,121469,6485,218764,6466,340233,California
San Mateo,2021-04-08,9998,551609,4998,301566,2442,229210,2558,20833,4437,122909,5548,224312,6988,347221,California
San Mateo,2021-04-09,11203,562812,5434,307000,3297,232507,2472,23305,5045,124266,6156,230468,7513,354734,California
San Mateo,2021-04-10,11098,573910,5644,312644,4038,236545,1416,24721,4600,123803,6476,236944,6013,360747,California
San Mateo,2021-04-11,6595,580505,3268,315912,880,237425,2447,27168,2327,124310,4262,241206,4769,365516,California
San Mateo,2021-04-12,7286,587791,4460,320372,1871,239296,955,28123,3540,125076,3730,244936,4496,370012,California
San Mateo,2021-04-13,8099,595890,5058,325430,3032,242328,9,28132,4286,125566,3807,248743,4297,374309,California
San Mateo,2021-04-14,8324,604214,5413,330843,2909,245237,2,28134,4306,125872,4008,252751,4314,378623,California
San Mateo,2021-04-15,10937,615151,7267,338110,3669,248906,1,28135,7178,129317,3736,256487,7181,385804,California
San Mateo,2021-04-16,9923,625074,6857,344967,3050,251956,16,28151,6319,132068,3589,260076,6340,392144,California
San Mateo,2021-04-17,9589,634663,6403,351370,3183,255139,3,28154,6080,134655,3501,263577,6088,398232,California
San Mateo,2021-04-18,5388,640051,2580,353950,2808,257947,0,28154,3653,136589,1725,265302,3659,401891,California
San Mateo,2021-04-19,8309,648360,5403,359353,2906,260853,0,28154,5394,139083,2907,268209,5401,407292,California
San Mateo,2021-04-20,10186,658546,5648,365001,4538,265391,0,28154,6548,142019,3622,271831,6558,413850,California
San Mateo,2021-04-21,8895,667441,6010,371011,2885,268276,0,28154,5501,144144,3383,275214,5508,419358,California
San Mateo,2021-04-22,9087,676528,6203,377214,2883,271159,1,28155,5198,145486,3862,279076,5204,424562,California
San Mateo,2021-04-23,9303,685831,6090,383304,3213,274372,0,28155,5189,146599,4091,283167,5204,429766,California
San Mateo,2021-04-24,11182,697013,7995,391299,3187,277559,0,28155,6035,147513,5129,288296,6043,435809,California
San Mateo,2021-04-25,5482,702495,3849,395148,1632,279191,1,28156,3896,149843,1576,289872,3906,439715,California
San Mateo,2021-04-26,5925,708420,4340,399488,1578,280769,7,28163,3437,150815,2483,292355,3455,443170,California
San Mateo,2021-04-27,10600,719020,7510,406998,2986,283755,104,28267,4223,148789,6357,298712,4331,447501,California
San Mateo,2021-04-28,7249,726269,4141,411139,2906,286661,202,28469,3802,149358,3438,302150,4007,451508,California
San Mateo,2021-04-29,6169,732438,2538,413677,3461,290122,170,28639,2666,148716,3486,305636,2844,454352,California
San Mateo,2021-04-30,5525,737963,3469,417146,2032,292154,24,28663,2255,147746,3258,308894,2288,456640,California
San Mateo,2021-05-01,3591,741554,2152,419298,1436,293590,3,28666,1831,147834,1754,310648,1842,458482,California
Santa Barbara,2020-12-15,2,2,2,2,0,0,0,0,2,2,0,0,2,2,California
Santa Barbara,2020-12-16,2,4,2,4,0,0,0,0,2,4,0,0,2,4,California
Santa Barbara,2020-12-17,54,58,54,58,0,0,0,0,54,58,0,0,54,58,California
Santa Barbara,2020-12-18,378,436,377,435,1,1,0,0,378,436,0,0,378,436,California
Santa Barbara,2020-12-19,325,761,325,760,0,1,0,0,325,761,0,0,325,761,California
Santa Barbara,2020-12-20,235,996,235,995,0,1,0,0,235,996,0,0,235,996,California
Santa Barbara,2020-12-21,651,1647,649,1644,2,3,0,0,651,1647,0,0,651,1647,California
Santa Barbara,2020-12-22,243,1890,241,1885,2,5,0,0,243,1890,0,0,243,1890,California
Santa Barbara,2020-12-23,320,2210,202,2087,118,123,0,0,320,2210,0,0,320,2210,California
Santa Barbara,2020-12-24,88,2298,40,2127,48,171,0,0,88,2298,0,0,88,2298,California
Santa Barbara,2020-12-26,326,2624,66,2193,260,431,0,0,326,2624,0,0,326,2624,California
Santa Barbara,2020-12-27,62,2686,1,2194,61,492,0,0,62,2686,0,0,62,2686,California
Santa Barbara,2020-12-28,356,3042,223,2417,133,625,0,0,356,3042,0,0,356,3042,California
Santa Barbara,2020-12-29,554,3596,360,2777,194,819,0,0,554,3596,0,0,554,3596,California
Santa Barbara,2020-12-30,587,4183,405,3182,182,1001,0,0,587,4183,0,0,587,4183,California
Santa Barbara,2020-12-31,240,4423,114,3296,126,1127,0,0,240,4423,0,0,240,4423,California
Santa Barbara,2021-01-01,110,4533,108,3404,2,1129,0,0,110,4533,0,0,110,4533,California
Santa Barbara,2021-01-02,587,5120,223,3627,364,1493,0,0,587,5120,0,0,587,5120,California
Santa Barbara,2021-01-03,23,5143,15,3642,8,1501,0,0,23,5143,0,0,23,5143,California
Santa Barbara,2021-01-04,309,5452,246,3888,63,1564,0,0,308,5451,0,0,308,5451,California
Santa Barbara,2021-01-05,752,6204,379,4267,373,1937,0,0,725,6149,27,27,725,6176,California
Santa Barbara,2021-01-06,655,6859,276,4543,379,2316,0,0,596,6687,58,85,596,6772,California
Santa Barbara,2021-01-07,1033,7892,711,5254,322,2638,0,0,527,6712,502,587,527,7299,California
Santa Barbara,2021-01-08,1201,9093,840,6094,361,2999,0,0,708,6927,493,1080,708,8007,California
Santa Barbara,2021-01-09,566,9659,293,6387,273,3272,0,0,320,7001,246,1326,320,8327,California
Santa Barbara,2021-01-10,62,9721,50,6437,12,3284,0,0,46,7031,16,1342,46,8373,California
Santa Barbara,2021-01-11,837,10558,668,7105,169,3453,0,0,614,7423,222,1564,614,8987,California
Santa Barbara,2021-01-12,1426,11984,634,7739,792,4245,0,0,1270,8537,156,1720,1270,10257,California
Santa Barbara,2021-01-13,1227,13211,280,8019,947,5192,0,0,1101,9512,126,1846,1101,11358,California
Santa Barbara,2021-01-14,1250,14461,134,8153,1116,6308,0,0,1196,10656,53,1899,1197,12555,California
Santa Barbara,2021-01-15,1801,16262,419,8572,1382,7690,0,0,1720,12296,80,1979,1720,14275,California
Santa Barbara,2021-01-16,1272,17534,202,8774,1070,8760,0,0,1233,13491,38,2017,1233,15508,California
Santa Barbara,2021-01-17,123,17657,20,8794,103,8863,0,0,120,13608,3,2020,120,15628,California
Santa Barbara,2021-01-18,1151,18808,417,9211,734,9597,0,0,966,14389,185,2205,966,16594,California
Santa Barbara,2021-01-19,1638,20446,569,9780,1069,10666,0,0,1360,15472,277,2482,1360,17954,California
Santa Barbara,2021-01-20,2013,22459,462,10242,1551,12217,0,0,1710,16880,302,2784,1710,19664,California
Santa Barbara,2021-01-21,3087,25546,1818,12060,1269,13486,0,0,2929,19652,158,2942,2930,22594,California
Santa Barbara,2021-01-22,3013,28559,1862,13922,1151,14637,0,0,2856,22354,154,3096,2856,25450,California
Santa Barbara,2021-01-23,1734,30293,1106,15028,628,15265,0,0,1224,23069,509,3605,1224,26674,California
Santa Barbara,2021-01-24,844,31137,752,15780,92,15357,0,0,835,23895,9,3614,835,27509,California
Santa Barbara,2021-01-25,1242,32379,500,16280,742,16099,0,0,1002,24657,240,3854,1002,28511,California
Santa Barbara,2021-01-26,2048,34427,468,16748,1580,17679,0,0,1660,25931,386,4240,1660,30171,California
Santa Barbara,2021-01-27,1163,35590,400,17148,763,18442,0,0,903,26576,259,4499,904,31075,California
Santa Barbara,2021-01-28,893,36483,297,17445,596,19038,0,0,679,27044,211,4710,679,31754,California
Santa Barbara,2021-01-29,1334,37817,539,17984,795,19833,0,0,981,27677,350,5060,983,32737,California
Santa Barbara,2021-01-30,1890,39707,1418,19402,472,20305,0,0,1486,28762,401,5461,1486,34223,California
Santa Barbara,2021-01-31,1454,41161,1216,20618,238,20543,0,0,1415,30138,39,5500,1415,35638,California
Santa Barbara,2021-02-01,940,42101,518,21136,422,20965,0,0,553,30304,387,5887,553,36191,California
Santa Barbara,2021-02-02,1821,43922,699,21835,1122,22087,0,0,1046,30577,773,6660,1046,37237,California
Santa Barbara,2021-02-03,1941,45863,1078,22913,863,22950,0,0,1499,31644,432,7092,1499,38736,California
Santa Barbara,2021-02-04,2774,48637,1862,24775,912,23862,0,0,2479,33833,290,7382,2479,41215,California
Santa Barbara,2021-02-05,2905,51542,2060,26835,845,24707,0,0,2262,35453,642,8024,2262,43477,California
Santa Barbara,2021-02-06,1207,52749,339,27174,868,25575,0,0,796,35838,411,8435,796,44273,California
Santa Barbara,2021-02-07,300,53049,262,27436,38,25613,0,0,265,36069,34,8469,265,44538,California
Santa Barbara,2021-02-08,955,54004,311,27747,644,26257,0,0,669,36452,286,8755,669,45207,California
Santa Barbara,2021-02-09,2438,56442,313,28060,2125,28382,0,0,1120,36263,1309,10064,1120,46327,California
Santa Barbara,2021-02-10,2762,59204,1498,29558,1264,29646,0,0,803,35116,1950,12014,803,47130,California
Santa Barbara,2021-02-11,4181,63385,2804,32362,1377,31023,0,0,623,32188,3551,15565,623,47753,California
Santa Barbara,2021-02-12,3308,66693,948,33310,2360,33383,0,0,772,30429,2531,18096,772,48525,California
Santa Barbara,2021-02-13,1235,67928,341,33651,894,34277,0,0,561,30319,671,18767,561,49086,California
Santa Barbara,2021-02-14,331,68259,34,33685,297,34574,0,0,285,30558,46,18813,285,49371,California
Santa Barbara,2021-02-15,965,69224,337,34022,628,35202,0,0,492,30582,468,19281,492,49863,California
Santa Barbara,2021-02-16,2109,71333,397,34419,1712,36914,0,0,716,29909,1389,20670,716,50579,California
Santa Barbara,2021-02-17,1434,72767,320,34739,1114,38028,0,0,521,29519,911,21581,521,51100,California
Santa Barbara,2021-02-18,3252,76019,2647,37386,605,38633,0,0,1519,29339,1699,23280,1519,52619,California
Santa Barbara,2021-02-19,3595,79614,2642,40028,953,39586,0,0,2329,30405,1263,24543,2329,54948,California
Santa Barbara,2021-02-20,2220,81834,1434,41462,786,40372,0,0,1668,31530,543,25086,1668,56616,California
Santa Barbara,2021-02-21,125,81959,97,41559,28,40400,0,0,58,31521,67,25153,58,56674,California
Santa Barbara,2021-02-22,935,82894,245,41804,690,41090,0,0,260,31112,669,25822,260,56934,California
Santa Barbara,2021-02-23,3182,86076,1044,42848,2138,43228,0,0,419,28770,2761,28583,419,57353,California
Santa Barbara,2021-02-24,3196,89272,1087,43935,2109,45337,0,0,721,27026,2465,31048,721,58074,California
Santa Barbara,2021-02-25,3450,92722,1917,45852,1533,46870,0,0,984,25552,2459,33507,985,59059,California
Santa Barbara,2021-02-26,3663,96385,2174,48026,1489,48359,0,0,1979,25854,1677,35184,1979,61038,California
Santa Barbara,2021-02-27,1527,97912,562,48588,965,49324,0,0,846,26027,675,35859,848,61886,California
Santa Barbara,2021-02-28,1084,98996,221,48809,863,50187,0,0,892,26733,187,36046,893,62779,California
Santa Barbara,2021-03-01,1629,100625,463,49272,1166,51353,0,0,1081,27278,537,36583,1082,63861,California
Santa Barbara,2021-03-02,2616,103241,413,49685,2203,53556,0,0,2120,28915,484,37067,2121,65982,California
Santa Barbara,2021-03-03,4625,107866,2099,51784,2525,56081,1,1,4031,32366,584,37651,4035,70017,California
Santa Barbara,2021-03-04,3413,111279,2280,54064,1133,57214,0,1,2861,34683,544,38195,2861,72878,California
Santa Barbara,2021-03-05,3807,115086,2158,56222,1590,58804,59,60,3083,37107,718,38913,3142,76020,California
Santa Barbara,2021-03-06,2434,117520,725,56947,1489,60293,220,280,1667,38230,763,39676,1886,77906,California
Santa Barbara,2021-03-07,559,118079,122,57069,308,60601,129,409,381,38564,177,39853,511,78417,California
Santa Barbara,2021-03-08,1572,119651,376,57445,854,61455,342,751,792,38924,774,40627,1134,79551,California
Santa Barbara,2021-03-09,2768,122419,324,57769,1674,63129,770,1521,719,38363,2046,42673,1485,81036,California
Santa Barbara,2021-03-10,2750,125169,544,58313,1159,64288,1047,2568,1033,38732,1711,44384,2080,83116,California
Santa Barbara,2021-03-11,5571,130740,3029,61342,1430,65718,1112,3680,2281,38842,3278,47662,3388,86504,California
Santa Barbara,2021-03-12,3656,134396,2092,63434,1135,66853,429,4109,2172,39964,1476,49138,2598,89102,California
Santa Barbara,2021-03-13,3470,137866,1923,65357,1338,68191,209,4318,2693,42091,776,49914,2903,92005,California
Santa Barbara,2021-03-14,776,138642,367,65724,352,68543,57,4375,458,42288,318,50232,515,92520,California
Santa Barbara,2021-03-15,2103,140745,694,66418,1118,69661,291,4666,1267,43011,833,51065,1556,94076,California
Santa Barbara,2021-03-16,3724,144469,1170,67588,2213,71874,341,5007,2741,45113,980,52045,3082,97158,California
Santa Barbara,2021-03-17,3295,147764,970,68558,1920,73794,405,5412,2305,46833,988,53033,2708,99866,California
Santa Barbara,2021-03-18,5118,152882,2797,71355,2121,75915,200,5612,3898,49723,1208,54241,4098,103964,California
Santa Barbara,2021-03-19,4437,157319,2764,74119,1341,77256,332,5944,3049,51719,1384,55625,3380,107344,California
Santa Barbara,2021-03-20,2161,159480,827,74946,1323,78579,11,5955,1327,52224,832,56457,1337,108681,California
Santa Barbara,2021-03-21,1162,160642,382,75328,751,79330,29,5984,838,52768,323,56780,867,109548,California
Santa Barbara,2021-03-22,2775,163417,1912,77240,819,80149,44,6028,2223,54490,545,57325,2267,111815,California
Santa Barbara,2021-03-23,4470,167887,2248,79488,2126,82275,96,6124,3710,57546,750,58075,3806,115621,California
Santa Barbara,2021-03-24,5384,173271,3155,82643,1496,83771,733,6857,2956,58825,2409,60484,3688,119309,California
Santa Barbara,2021-03-25,5541,178812,3275,85918,2079,85850,187,7044,2773,59031,2754,63238,2960,122269,California
Santa Barbara,2021-03-26,5075,183887,3217,89135,1560,87410,298,7342,2236,58742,2823,66061,2534,124803,California
Santa Barbara,2021-03-27,2924,186811,1221,90356,1660,89070,43,7385,1593,59050,1326,67387,1634,126437,California
Santa Barbara,2021-03-28,2768,189579,1646,92002,1094,90164,28,7413,1885,60086,878,68265,1914,128351,California
Santa Barbara,2021-03-29,4040,193619,2086,94088,1885,92049,69,7482,3232,62585,802,69067,3301,131652,California
Santa Barbara,2021-03-30,6785,200404,3506,97594,3131,95180,148,7630,4561,65083,2209,71276,4707,136359,California
Santa Barbara,2021-03-31,8634,209038,5511,103105,3058,98238,65,7695,5057,66644,3561,74837,5122,141481,California
Santa Barbara,2021-04-01,6987,216025,5172,108277,1557,99795,258,7953,4143,68212,2831,77668,4399,145880,California
Santa Barbara,2021-04-02,6587,222612,4518,112795,1477,101272,592,8545,3377,68977,3203,80871,3968,149848,California
Santa Barbara,2021-04-03,3779,226391,2098,114893,1613,102885,68,8613,2491,70251,1284,82155,2558,152406,California
Santa Barbara,2021-04-04,896,227287,444,115337,412,103297,40,8653,498,70393,396,82551,538,152944,California
Santa Barbara,2021-04-05,3442,230729,2270,117607,915,104212,257,8910,2153,71520,1283,83834,2410,155354,California
Santa Barbara,2021-04-06,5436,236165,2804,120411,2098,106310,534,9444,3322,73274,2100,85934,3854,159208,California
Santa Barbara,2021-04-07,5976,242141,3277,123688,2159,108469,540,9984,4072,75990,1894,87828,4610,163818,California
Santa Barbara,2021-04-08,7373,249514,5023,128711,637,109106,1713,11697,3406,77142,3965,91793,5117,168935,California
Santa Barbara,2021-04-09,7281,256795,4860,133571,1076,110182,1345,13042,3296,77801,3978,95771,4637,173572,California
Santa Barbara,2021-04-10,6636,263431,4596,138167,1424,111606,616,13658,4515,80814,2117,97888,5130,178702,California
Santa Barbara,2021-04-11,2653,266084,1941,140108,414,112020,298,13956,1834,82128,814,98702,2128,180830,California
Santa Barbara,2021-04-12,4442,270526,2864,142972,1024,113044,554,14510,1937,82118,2499,101201,2489,183319,California
Santa Barbara,2021-04-13,6294,276820,4136,147108,2152,115196,6,14516,2609,81049,3683,104884,2614,185933,California
Santa Barbara,2021-04-14,6736,283556,4413,151521,2321,117517,2,14518,4222,82767,2505,107389,4223,190156,California
Santa Barbara,2021-04-15,6936,290492,4091,155612,2844,120361,1,14519,3844,83533,3080,110469,3846,194002,California
Santa Barbara,2021-04-16,6372,296864,3746,159358,2615,122976,11,14530,4393,85972,1964,112433,4403,198405,California
Santa Barbara,2021-04-17,5307,302171,3867,163225,1440,124416,0,14530,4103,88879,1196,113629,4103,202508,California
Santa Barbara,2021-04-18,2121,304292,1472,164697,649,125065,0,14530,370,87503,1747,115376,371,202879,California
Santa Barbara,2021-04-19,3198,307490,2217,166914,976,126041,5,14535,1002,86318,2193,117569,1008,203887,California
Santa Barbara,2021-04-20,5871,313361,3948,170862,1922,127963,1,14536,1660,83779,4199,121768,1660,205547,California
Santa Barbara,2021-04-21,5476,318837,3638,174500,1838,129801,0,14536,1750,81815,3714,125482,1750,207297,California
Santa Barbara,2021-04-22,5068,323905,2545,177045,2522,132323,1,14537,1463,79688,3592,129074,1465,208762,California
Santa Barbara,2021-04-23,5527,329432,3874,180919,1653,133976,0,14537,1953,78077,3564,132638,1953,210715,California
Santa Barbara,2021-04-24,4418,333850,2876,183795,1537,135513,5,14542,1665,77002,2745,135383,1670,212385,California
Santa Barbara,2021-04-25,1832,335682,1186,184981,646,136159,0,14542,500,76178,1324,136707,500,212885,California
Santa Barbara,2021-04-26,2852,338534,1775,186756,1057,137216,20,14562,430,74212,2416,139123,450,213335,California
Santa Barbara,2021-04-27,3559,342093,1983,188739,1489,138705,87,14649,1075,72897,2476,141599,1161,214496,California
Santa Barbara,2021-04-28,4645,346738,2730,191469,1800,140505,115,14764,1306,70991,3328,144927,1422,215918,California
Santa Barbara,2021-04-29,4630,351368,3469,194938,1009,141514,152,14916,1206,68937,3413,148340,1359,217277,California
Santa Barbara,2021-04-30,3505,354873,2912,197850,512,142026,81,14997,884,67287,2615,150955,965,218242,California
Santa Barbara,2021-05-01,2581,357454,1837,199687,743,142769,1,14998,634,65981,1942,152897,636,218878,California
Santa Clara,2020-12-15,65,65,65,65,0,0,0,0,65,65,0,0,65,65,California
Santa Clara,2020-12-16,136,201,136,201,0,0,0,0,136,201,0,0,136,201,California
Santa Clara,2020-12-17,392,593,392,593,0,0,0,0,392,593,0,0,392,593,California
Santa Clara,2020-12-18,1673,2266,1673,2266,0,0,0,0,1673,2266,0,0,1673,2266,California
Santa Clara,2020-12-19,2077,4343,2077,4343,0,0,0,0,2076,4342,0,0,2076,4342,California
Santa Clara,2020-12-20,1897,6240,1891,6234,6,6,0,0,1894,6236,0,0,1894,6236,California
Santa Clara,2020-12-21,2670,8910,2670,8904,0,6,0,0,2668,8904,0,0,2668,8904,California
Santa Clara,2020-12-22,3122,12032,3113,12017,9,15,0,0,3119,12023,0,0,3119,12023,California
Santa Clara,2020-12-23,3257,15289,3072,15089,185,200,0,0,3255,15278,0,0,3255,15278,California
Santa Clara,2020-12-24,1897,17186,1711,16800,186,386,0,0,1891,17168,1,1,1891,17169,California
Santa Clara,2020-12-25,343,17529,342,17142,1,387,0,0,343,17511,0,1,343,17512,California
Santa Clara,2020-12-26,1263,18792,1031,18173,232,619,0,0,1262,18773,0,1,1262,18774,California
Santa Clara,2020-12-27,647,19439,507,18680,140,759,0,0,647,19420,0,1,647,19421,California
Santa Clara,2020-12-28,2330,21769,1728,20408,602,1361,0,0,2330,21750,0,1,2330,21751,California
Santa Clara,2020-12-29,2327,24096,1467,21875,860,2221,0,0,2325,24075,0,1,2325,24076,California
Santa Clara,2020-12-30,2991,27087,1900,23775,1091,3312,0,0,2989,27062,2,3,2989,27065,California
Santa Clara,2020-12-31,1210,28297,386,24161,824,4136,0,0,1209,28270,1,4,1209,28274,California
Santa Clara,2021-01-01,141,28438,10,24171,131,4267,0,0,140,28409,1,5,140,28414,California
Santa Clara,2021-01-02,1081,29519,812,24983,269,4536,0,0,1081,29490,0,5,1081,29495,California
Santa Clara,2021-01-03,583,30102,368,25351,215,4751,0,0,578,30065,3,8,578,30073,California
Santa Clara,2021-01-04,2468,32570,1669,27020,799,5550,0,0,2465,32530,0,8,2465,32538,California
Santa Clara,2021-01-05,3064,35634,2008,29028,1056,6606,0,0,2876,35225,187,195,2882,35420,California
Santa Clara,2021-01-06,3324,38958,1958,30986,1366,7972,0,0,2750,37406,570,765,2751,38171,California
Santa Clara,2021-01-07,4214,43172,2556,33542,1658,9630,0,0,3146,39499,1058,1823,3151,41322,California
Santa Clara,2021-01-08,5841,49013,3818,37360,2023,11653,0,0,3789,41240,2048,3871,3789,45111,California
Santa Clara,2021-01-09,2972,51985,1863,39223,1109,12762,0,0,1688,41647,1284,5155,1691,46802,California
Santa Clara,2021-01-10,1956,53941,1512,40735,444,13206,0,0,743,41178,1212,6367,743,47545,California
Santa Clara,2021-01-11,5937,59878,3737,44472,2200,15406,0,0,3375,41997,2561,8928,3380,50925,California
Santa Clara,2021-01-12,6802,66680,3399,47871,3403,18809,0,0,4559,44315,2242,11170,4560,55485,California
Santa Clara,2021-01-13,7363,74043,3043,50914,4320,23129,0,0,5197,47349,2164,13334,5198,60683,California
Santa Clara,2021-01-14,8223,82266,2789,53703,5434,28563,0,0,6485,52103,1733,15067,6487,67170,California
Santa Clara,2021-01-15,9451,91717,2682,56385,6769,35332,0,0,8135,58930,1313,16380,8140,75310,California
Santa Clara,2021-01-16,4299,96016,1226,57611,3073,38405,0,0,3467,61569,828,17208,3467,78777,California
Santa Clara,2021-01-17,3215,99231,603,58214,2612,41017,0,0,2718,63790,497,17705,2718,81495,California
Santa Clara,2021-01-18,5087,104318,1151,59365,3936,44953,0,0,4535,67774,552,18257,4536,86031,California
Santa Clara,2021-01-19,8467,112785,2664,62029,5803,50756,0,0,6793,72899,1671,19928,6796,92827,California
Santa Clara,2021-01-20,7996,120781,4024,66053,3972,54728,0,0,6455,77818,1536,21464,6455,99282,California
Santa Clara,2021-01-21,8553,129334,3647,69700,4906,59634,0,0,7399,84067,1152,22616,7401,106683,California
Santa Clara,2021-01-22,8583,137917,3203,72903,5380,65014,0,0,8020,91528,562,23178,8023,114706,California
Santa Clara,2021-01-23,3781,141698,1688,74591,2093,67107,0,0,2823,93394,958,24136,2824,117530,California
Santa Clara,2021-01-24,2824,144522,1421,76012,1403,68510,0,0,2338,95249,483,24619,2338,119868,California
Santa Clara,2021-01-25,8371,152893,3784,79796,4587,73097,0,0,6308,99506,2055,26674,6312,126180,California
Santa Clara,2021-01-26,8234,161127,3765,83561,4469,77566,0,0,6118,103520,2106,28780,6120,132300,California
Santa Clara,2021-01-27,8708,169835,3824,87385,4884,82450,0,0,6786,108406,1901,30681,6787,139087,California
Santa Clara,2021-01-28,9450,179285,3791,91176,5659,88109,0,0,7496,113972,1934,32615,7500,146587,California
Santa Clara,2021-01-29,9502,188787,3938,95114,5564,93673,0,0,7334,119148,2159,34774,7335,153922,California
Santa Clara,2021-01-30,4178,192965,2070,97184,2108,95781,0,0,2973,120924,1198,35972,2974,156896,California
Santa Clara,2021-01-31,2172,195137,1303,98487,869,96650,0,0,1581,121917,588,36560,1581,158477,California
Santa Clara,2021-02-01,7829,202966,3484,101971,4345,100995,0,0,6142,126380,1680,38240,6143,164620,California
Santa Clara,2021-02-02,8517,211483,2872,104843,5645,106640,0,0,6523,130918,1988,40228,6526,171146,California
Santa Clara,2021-02-03,9193,220676,3481,108324,5712,112352,0,0,6917,135571,2270,42498,6923,178069,California
Santa Clara,2021-02-04,10882,231558,4115,112439,6767,119119,0,0,8603,141908,2269,44767,8606,186675,California
Santa Clara,2021-02-05,11902,243460,4343,116782,7559,126678,0,0,8445,146912,3442,48209,8446,195121,California
Santa Clara,2021-02-06,5181,248641,2817,119599,2364,129042,0,0,4018,149773,1159,49368,4020,199141,California
Santa Clara,2021-02-07,3472,252113,2347,121946,1125,130167,0,0,3019,152341,452,49820,3020,202161,California
Santa Clara,2021-02-08,10005,262118,3479,125425,6526,136693,0,0,7290,156931,2701,52521,7291,209452,California
Santa Clara,2021-02-09,11148,273266,3811,129236,7337,144030,0,0,7670,161136,3468,55989,7673,217125,California
Santa Clara,2021-02-10,12621,285887,4895,134131,7726,151756,0,0,6896,162322,5712,61701,6898,224023,California
Santa Clara,2021-02-11,13477,299364,4710,138841,8767,160523,0,0,7683,164226,5780,67481,7684,231707,California
Santa Clara,2021-02-12,14534,313898,4483,143324,10051,170574,0,0,7010,163734,7504,74985,7012,238719,California
Santa Clara,2021-02-13,6061,319959,1449,144773,4612,175186,0,0,2209,162099,3846,78831,2211,240930,California
Santa Clara,2021-02-14,4613,324572,1140,145913,3473,178659,0,0,1468,160425,3144,81975,1470,242400,California
Santa Clara,2021-02-15,6249,330821,2796,148709,3453,182112,0,0,2703,159589,3539,85514,2703,245103,California
Santa Clara,2021-02-16,13755,344576,3994,152703,9761,191873,0,0,6923,159697,6815,92329,6923,252026,California
Santa Clara,2021-02-17,14060,358636,5487,158190,8573,200446,0,0,7045,159750,6997,99326,7050,259076,California
Santa Clara,2021-02-18,14173,372809,8350,166540,5823,206269,0,0,7225,160072,6906,106232,7228,266304,California
Santa Clara,2021-02-19,14792,387601,9516,176056,5276,211545,0,0,8607,162514,6169,112401,8611,274915,California
Santa Clara,2021-02-20,6811,394412,5098,181154,1713,213258,0,0,3674,163060,3128,115529,3674,278589,California
Santa Clara,2021-02-21,3242,397654,2426,183580,816,214074,0,0,1164,162156,2070,117599,1166,279755,California
Santa Clara,2021-02-22,10152,407806,6081,189661,4071,218145,0,0,4736,161487,5406,123005,4737,284492,California
Santa Clara,2021-02-23,11861,419667,7697,197358,4164,222309,0,0,6731,163105,5117,128122,6735,291227,California
Santa Clara,2021-02-24,14122,433789,9092,206450,5030,227339,0,0,8742,166483,5364,133486,8742,299969,California
Santa Clara,2021-02-25,14586,448375,9233,215683,5353,232692,0,0,7874,167671,6691,140177,7879,307848,California
Santa Clara,2021-02-26,14550,462925,8434,224117,6116,238808,0,0,7997,169144,6527,146704,8000,315848,California
Santa Clara,2021-02-27,8054,470979,5494,229611,2559,241367,1,1,4454,170016,3590,150294,4462,320310,California
Santa Clara,2021-02-28,4713,475692,3067,232678,1646,243013,0,1,2203,169718,2501,152795,2203,322513,California
Santa Clara,2021-03-01,14060,489752,7970,240648,6087,249100,3,4,8701,173082,5340,158135,8704,331217,California
Santa Clara,2021-03-02,15846,505598,9383,250031,6463,255563,0,4,10106,177473,5716,163851,10107,341324,California
Santa Clara,2021-03-03,18413,524011,9036,259067,9376,264939,1,5,11442,181988,6934,170785,11449,352773,California
Santa Clara,2021-03-04,16367,540378,8919,267986,7445,272384,3,8,9542,184786,6749,177534,9547,362320,California
Santa Clara,2021-03-05,16447,556825,9128,277114,7194,279578,125,133,9122,186731,7306,184840,9251,371571,California
Santa Clara,2021-03-06,9351,566176,6267,283381,2649,282227,435,568,7046,191920,2292,187132,7481,379052,California
Santa Clara,2021-03-07,6717,572893,4408,287789,2078,284305,231,799,5351,196143,1358,188490,5581,384633,California
Santa Clara,2021-03-08,12833,585726,6678,294467,5593,289898,562,1361,8220,200330,4596,193086,8783,393416,California
Santa Clara,2021-03-09,14900,600626,6213,300680,7359,297257,1328,2689,6590,199954,8292,201378,7916,401332,California
Santa Clara,2021-03-10,14990,615616,6469,307149,6418,303675,2103,4792,6108,199288,8857,210235,8191,409523,California
Santa Clara,2021-03-11,16982,632598,7732,314881,7747,311422,1503,6295,6035,195894,10920,221155,7526,417049,California
Santa Clara,2021-03-12,17619,650217,9061,323942,6990,318412,1568,7863,5944,191757,11635,232790,7498,424547,California
Santa Clara,2021-03-13,10690,660907,6187,330129,3016,321428,1487,9350,4786,192133,5881,238671,6257,430804,California
Santa Clara,2021-03-14,6474,667381,3349,333478,1824,323252,1301,10651,3197,193360,3262,241933,4489,435293,California
Santa Clara,2021-03-15,12739,680120,6515,339993,5956,329208,268,10919,5965,192841,6753,248686,6234,441527,California
Santa Clara,2021-03-16,18122,698242,10248,350241,7666,336874,208,11127,8784,192521,9310,257996,8990,450517,California
Santa Clara,2021-03-17,19802,718044,11215,361456,8419,345293,168,11295,10224,193377,9531,267527,10387,460904,California
Santa Clara,2021-03-18,18971,737015,8869,370325,8942,354235,1160,12455,9035,193683,9884,277411,10190,471094,California
Santa Clara,2021-03-19,19145,756160,9843,380168,8305,362540,997,13452,9942,195467,9147,286558,10931,482025,California
Santa Clara,2021-03-20,11455,767615,6289,386457,4339,366879,827,14279,6736,198335,4691,291249,7559,489584,California
Santa Clara,2021-03-21,8247,775862,3725,390182,3123,370002,1399,15678,5534,202555,2703,293952,6923,496507,California
Santa Clara,2021-03-22,16236,792098,9052,399234,6841,376843,343,16021,9280,205246,6932,300884,9623,506130,California
Santa Clara,2021-03-23,19137,811235,12176,411410,6449,383292,512,16533,11228,209122,7864,308748,11740,517870,California
Santa Clara,2021-03-24,22494,833729,14491,425901,7594,390886,409,16942,14609,216299,7843,316591,15020,532890,California
Santa Clara,2021-03-25,22811,856540,13057,438958,8770,399656,984,17926,14728,223979,8021,324612,15701,548591,California
Santa Clara,2021-03-26,21804,878344,13889,452847,7532,407188,383,18309,13488,229565,8280,332892,13866,562457,California
Santa Clara,2021-03-27,15596,893940,10379,463226,4454,411642,763,19072,8409,231587,7146,340038,9168,571625,California
Santa Clara,2021-03-28,11984,905924,8292,471518,2979,414621,713,19785,6485,233305,5475,345513,7193,578818,California
Santa Clara,2021-03-29,20502,926426,12583,484101,7194,421815,725,20510,11169,235897,9295,354808,11887,590705,California
Santa Clara,2021-03-30,25485,951911,15176,499277,8376,430191,1933,22443,16310,244991,9143,363951,18237,608942,California
Santa Clara,2021-03-31,20298,972209,11773,511050,7401,437592,1124,23567,12550,250943,7713,371664,13665,622607,California
Santa Clara,2021-04-01,31432,1003641,19649,530699,8793,446385,2990,26557,19873,262292,11501,383165,22850,645457,California
Santa Clara,2021-04-02,24885,1028526,14208,544907,8566,454951,2111,28668,16248,272036,8608,391773,18352,663809,California
Santa Clara,2021-04-03,15102,1043628,9167,554074,3452,458403,2483,31151,8384,276197,6699,398472,10860,674669,California
Santa Clara,2021-04-04,7562,1051190,4002,558076,2406,460809,1154,32305,3929,277655,3624,402096,5082,679751,California
Santa Clara,2021-04-05,21525,1072715,14355,572431,4714,465523,2456,34761,14029,286666,7471,409567,16482,696233,California
Santa Clara,2021-04-06,29120,1101835,16001,588432,7711,473234,5408,40169,17438,297858,11642,421209,22834,719067,California
Santa Clara,2021-04-07,30466,1132301,15719,604151,8326,481560,6421,46590,18594,311033,11821,433030,24996,744063,California
Santa Clara,2021-04-08,29488,1161789,16073,620224,5926,487486,7489,54079,16025,321134,13393,446423,23494,767557,California
Santa Clara,2021-04-09,27511,1189300,13598,633822,6752,494238,7161,61240,14004,328818,13455,459878,21139,788696,California
Santa Clara,2021-04-10,21145,1210445,12221,646043,3735,497973,5189,66429,11307,335481,9805,469683,16468,805164,California
Santa Clara,2021-04-11,15875,1226320,9490,655533,2629,500602,3756,70185,8205,339795,7638,477321,11952,817116,California
Santa Clara,2021-04-12,26642,1252962,18753,674286,5485,506087,2404,72589,18173,351951,8418,485739,20574,837690,California
Santa Clara,2021-04-13,33939,1286901,26731,701017,7182,513269,26,72615,26187,370511,7676,493415,26236,863926,California
Santa Clara,2021-04-14,36348,1323249,27552,728569,8793,522062,3,72618,25843,385938,10446,503861,25873,889799,California
Santa Clara,2021-04-15,43551,1366800,33924,762493,9627,531689,0,72618,33679,409870,9771,513632,33703,923502,California
Santa Clara,2021-04-16,37746,1404546,26132,788625,11612,543301,2,72620,27314,426844,10365,523997,27339,950841,California
Santa Clara,2021-04-17,21490,1426036,14941,803566,6548,549849,1,72621,14968,435346,6482,530479,14984,965825,California
Santa Clara,2021-04-18,16302,1442338,10573,814139,5729,555578,0,72621,10211,439510,6057,536536,10221,976046,California
Santa Clara,2021-04-19,28514,1470852,20591,834730,7922,563500,1,72622,17114,445319,11334,547870,17143,993189,California
Santa Clara,2021-04-20,36576,1507428,22193,856923,14383,577883,0,72622,22418,453711,14055,561925,22447,1015636,California
Santa Clara,2021-04-21,36426,1543854,21007,877930,15418,593301,1,72623,24069,465536,12277,574202,24102,1039738,California
Santa Clara,2021-04-22,36820,1580674,24452,902382,12367,605668,1,72624,17361,463592,19364,593566,17420,1057158,California
Santa Clara,2021-04-23,31681,1612355,19257,921639,12424,618092,0,72624,14866,461790,16713,610279,14911,1072069,California
Santa Clara,2021-04-24,20355,1632710,14714,936353,5640,623732,1,72625,11326,464181,8962,619241,11353,1083422,California
Santa Clara,2021-04-25,12967,1645677,9233,945586,3727,627459,7,72632,8065,467417,4857,624098,8093,1091515,California
Santa Clara,2021-04-26,21237,1666914,16144,961730,5037,632496,56,72688,8243,462830,12904,637002,8317,1099832,California
Santa Clara,2021-04-27,24367,1691281,17073,978803,7007,639503,287,72975,10361,459590,13922,650924,10682,1110514,California
Santa Clara,2021-04-28,23755,1715036,17248,996051,6067,645570,440,73415,9552,455500,14132,665056,10042,1120556,California
Santa Clara,2021-04-29,17120,1732156,11775,1007826,4967,650537,378,73793,5751,450355,11320,676376,6175,1126731,California
Santa Clara,2021-04-30,9200,1741356,5305,1013131,3795,654332,100,73893,3702,448705,5473,681849,3823,1130554,California
Santa Clara,2021-05-01,6198,1747554,4674,1017805,1491,655823,33,73926,2164,446905,4020,685869,2220,1132774,California
Santa Cruz,2020-12-15,2,2,2,2,0,0,0,0,2,2,0,0,2,2,California
Santa Cruz,2020-12-16,58,60,58,60,0,0,0,0,58,60,0,0,58,60,California
Santa Cruz,2020-12-17,389,449,389,449,0,0,0,0,389,449,0,0,389,449,California
Santa Cruz,2020-12-18,464,913,464,913,0,0,0,0,464,913,0,0,464,913,California
Santa Cruz,2020-12-19,179,1092,178,1091,1,1,0,0,179,1092,0,0,179,1092,California
Santa Cruz,2020-12-20,95,1187,95,1186,0,1,0,0,95,1187,0,0,95,1187,California
Santa Cruz,2020-12-21,435,1622,435,1621,0,1,0,0,435,1622,0,0,435,1622,California
Santa Cruz,2020-12-22,424,2046,423,2044,1,2,0,0,424,2046,0,0,424,2046,California
Santa Cruz,2020-12-23,372,2418,329,2373,43,45,0,0,372,2418,0,0,372,2418,California
Santa Cruz,2020-12-24,125,2543,49,2422,76,121,0,0,125,2543,0,0,125,2543,California
Santa Cruz,2020-12-25,11,2554,11,2433,0,121,0,0,11,2554,0,0,11,2554,California
Santa Cruz,2020-12-26,64,2618,45,2478,19,140,0,0,64,2618,0,0,64,2618,California
Santa Cruz,2020-12-27,32,2650,27,2505,5,145,0,0,32,2650,0,0,32,2650,California
Santa Cruz,2020-12-28,485,3135,108,2613,377,522,0,0,485,3135,0,0,485,3135,California
Santa Cruz,2020-12-29,799,3934,370,2983,429,951,0,0,799,3934,0,0,799,3934,California
Santa Cruz,2020-12-30,356,4290,164,3147,192,1143,0,0,356,4290,0,0,356,4290,California
Santa Cruz,2020-12-31,313,4603,11,3158,302,1445,0,0,313,4603,0,0,313,4603,California
Santa Cruz,2021-01-01,33,4636,1,3159,32,1477,0,0,33,4636,0,0,33,4636,California
Santa Cruz,2021-01-02,71,4707,57,3216,14,1491,0,0,71,4707,0,0,71,4707,California
Santa Cruz,2021-01-03,15,4722,7,3223,8,1499,0,0,15,4722,0,0,15,4722,California
Santa Cruz,2021-01-04,281,5003,123,3346,158,1657,0,0,279,5001,0,0,279,5001,California
Santa Cruz,2021-01-05,566,5569,428,3774,138,1795,0,0,264,4963,302,302,264,5265,California
Santa Cruz,2021-01-06,803,6372,670,4444,133,1928,0,0,464,5089,338,640,464,5729,California
Santa Cruz,2021-01-07,539,6911,212,4656,327,2255,0,0,386,5323,153,793,387,6116,California
Santa Cruz,2021-01-08,935,7846,562,5218,373,2628,0,0,487,5363,448,1241,488,6604,California
Santa Cruz,2021-01-09,464,8310,123,5341,341,2969,0,0,410,5719,54,1295,410,7014,California
Santa Cruz,2021-01-10,80,8390,70,5411,10,2979,0,0,21,5681,59,1354,21,7035,California
Santa Cruz,2021-01-11,724,9114,590,6001,134,3113,0,0,191,5340,533,1887,192,7227,California
Santa Cruz,2021-01-12,736,9850,532,6533,204,3317,0,0,493,5590,243,2130,493,7720,California
Santa Cruz,2021-01-13,525,10375,228,6761,297,3614,0,0,441,5950,81,2211,441,8161,California
Santa Cruz,2021-01-14,555,10930,101,6862,454,4068,0,0,489,6373,66,2277,489,8650,California
Santa Cruz,2021-01-15,1458,12388,77,6939,1381,5449,0,0,1393,7704,64,2341,1395,10045,California
Santa Cruz,2021-01-16,427,12815,54,6993,373,5822,0,0,408,8093,19,2360,408,10453,California
Santa Cruz,2021-01-17,297,13112,41,7034,256,6078,0,0,272,8340,25,2385,272,10725,California
Santa Cruz,2021-01-18,1016,14128,106,7140,910,6988,0,0,954,9232,62,2447,954,11679,California
Santa Cruz,2021-01-19,1622,15750,524,7664,1098,8086,0,0,1269,10151,351,2798,1270,12949,California
Santa Cruz,2021-01-20,1236,16986,183,7847,1053,9139,0,0,1039,10996,194,2992,1039,13988,California
Santa Cruz,2021-01-21,1711,18697,200,8047,1511,10650,0,0,1603,12493,108,3100,1605,15593,California
Santa Cruz,2021-01-22,1797,20494,532,8579,1265,11915,0,0,1695,14090,99,3199,1696,17289,California
Santa Cruz,2021-01-23,402,20896,147,8726,255,12170,0,0,342,14373,59,3258,342,17631,California
Santa Cruz,2021-01-24,116,21012,21,8747,95,12265,0,0,98,14453,18,3276,98,17729,California
Santa Cruz,2021-01-25,1063,22075,361,9108,702,12967,0,0,552,14494,511,3787,552,18281,California
Santa Cruz,2021-01-26,1695,23770,248,9356,1447,14414,0,0,1183,15165,512,4299,1183,19464,California
Santa Cruz,2021-01-27,1653,25423,449,9805,1204,15618,0,0,1269,16052,382,4681,1269,20733,California
Santa Cruz,2021-01-28,1749,27172,292,10097,1457,17075,0,0,1472,17248,277,4958,1473,22206,California
Santa Cruz,2021-01-29,1735,28907,490,10587,1245,18320,0,0,1605,18724,129,5087,1605,23811,California
Santa Cruz,2021-01-30,1060,29967,309,10896,751,19071,0,0,926,19516,134,5221,926,24737,California
Santa Cruz,2021-01-31,222,30189,113,11009,109,19180,0,0,208,19710,14,5235,208,24945,California
Santa Cruz,2021-02-01,1232,31421,759,11768,473,19653,0,0,825,20128,407,5642,825,25770,California
Santa Cruz,2021-02-02,1011,32432,128,11896,883,20536,0,0,856,20830,154,5796,856,26626,California
Santa Cruz,2021-02-03,2237,34669,960,12856,1277,21813,0,0,1922,22441,311,6107,1922,28548,California
Santa Cruz,2021-02-04,1854,36523,773,13629,1081,22894,0,0,1518,23624,335,6442,1518,30066,California
Santa Cruz,2021-02-05,3170,39693,792,14421,2378,25272,0,0,2849,26153,320,6762,2849,32915,California
Santa Cruz,2021-02-06,2588,42281,164,14585,2424,27696,0,0,2241,28047,347,7109,2241,35156,California
Santa Cruz,2021-02-07,909,43190,122,14707,787,28483,0,0,891,28920,18,7127,891,36047,California
Santa Cruz,2021-02-08,717,43907,203,14910,514,28997,0,0,516,29236,200,7327,516,36563,California
Santa Cruz,2021-02-09,2377,46284,1057,15967,1320,30317,0,0,2110,31083,263,7590,2110,38673,California
Santa Cruz,2021-02-10,2203,48487,580,16547,1623,31940,0,0,1503,31896,691,8281,1504,40177,California
Santa Cruz,2021-02-11,1857,50344,317,16864,1540,33480,0,0,1330,32701,525,8806,1330,41507,California
Santa Cruz,2021-02-12,3226,53570,422,17286,2804,36284,0,0,1817,33120,1400,10206,1819,43326,California
Santa Cruz,2021-02-13,1712,55282,124,17410,1588,37872,0,0,1298,34004,414,10620,1298,44624,California
Santa Cruz,2021-02-14,1409,56691,70,17480,1339,39211,0,0,1145,34885,264,10884,1145,45769,California
Santa Cruz,2021-02-15,1583,58274,280,17760,1303,40514,0,0,566,34435,1017,11901,567,46336,California
Santa Cruz,2021-02-16,1698,59972,208,17968,1490,42004,0,0,539,33837,1137,13038,539,46875,California
Santa Cruz,2021-02-17,2922,62894,976,18944,1946,43950,0,0,1221,33373,1688,14726,1224,48099,California
Santa Cruz,2021-02-18,2882,65776,638,19582,2244,46194,0,0,1231,32957,1647,16373,1231,49330,California
Santa Cruz,2021-02-19,3265,69041,1145,20727,2120,48314,0,0,2007,33709,1255,17628,2007,51337,California
Santa Cruz,2021-02-20,2387,71428,1499,22226,888,49202,0,0,1894,35110,493,18121,1894,53231,California
Santa Cruz,2021-02-21,829,72257,362,22588,467,49669,0,0,703,35689,124,18245,703,53934,California
Santa Cruz,2021-02-22,1258,73515,967,23555,291,49960,0,0,535,35503,721,18966,535,54469,California
Santa Cruz,2021-02-23,2100,75615,939,24494,1161,51121,0,0,711,34826,1388,20354,711,55180,California
Santa Cruz,2021-02-24,3185,78800,1663,26157,1522,52643,0,0,1207,34059,1974,22328,1207,56387,California
Santa Cruz,2021-02-25,3241,82041,1431,27588,1810,54453,0,0,1782,34390,1452,23780,1783,58170,California
Santa Cruz,2021-02-26,2726,84767,764,28352,1962,56415,0,0,1551,34772,1171,24951,1553,59723,California
Santa Cruz,2021-02-27,2634,87401,930,29282,1704,58119,0,0,1835,35809,798,25749,1835,61558,California
Santa Cruz,2021-02-28,1301,88702,361,29643,940,59059,0,0,1087,36685,211,25960,1087,62645,California
Santa Cruz,2021-03-01,1829,90531,1256,30899,573,59632,0,0,689,36237,1137,27097,689,63334,California
Santa Cruz,2021-03-02,1534,92065,361,31260,1173,60805,0,0,856,36420,676,27773,859,64193,California
Santa Cruz,2021-03-03,2361,94426,624,31884,1737,62542,0,0,1290,36642,1068,28841,1290,65483,California
Santa Cruz,2021-03-04,3015,97441,1412,33296,1602,64144,1,1,2030,37700,974,29815,2032,67515,California
Santa Cruz,2021-03-05,2613,100054,487,33783,2108,66252,18,19,1133,37374,1477,31292,1151,68666,California
Santa Cruz,2021-03-06,3871,103925,1347,35130,2419,68671,105,124,2159,37924,1712,33004,2262,70928,California
Santa Cruz,2021-03-07,1347,105272,129,35259,1144,69815,74,198,556,37764,790,33794,630,71558,California
Santa Cruz,2021-03-08,1083,106355,219,35478,735,70550,129,327,651,38113,431,34225,780,72338,California
Santa Cruz,2021-03-09,1776,108131,244,35722,1385,71935,147,474,702,37890,1072,35297,849,73187,California
Santa Cruz,2021-03-10,3863,111994,2090,37812,1623,73558,150,624,1997,38175,1864,37161,2149,75336,California
Santa Cruz,2021-03-11,2806,114800,1220,39032,1412,74970,174,798,1547,38640,1258,38419,1723,77059,California
Santa Cruz,2021-03-12,2760,117560,892,39924,1576,76546,292,1090,910,37995,1846,40265,1201,78260,California
Santa Cruz,2021-03-13,2311,119871,1334,41258,933,77479,44,1134,1179,38089,1130,41395,1224,79484,California
Santa Cruz,2021-03-14,906,120777,217,41475,675,78154,14,1148,441,38080,463,41858,454,79938,California
Santa Cruz,2021-03-15,1356,122133,484,41959,836,78990,36,1184,583,37930,770,42628,620,80558,California
Santa Cruz,2021-03-16,2318,124451,1088,43047,1188,80178,42,1226,1341,38338,974,43602,1382,81940,California
Santa Cruz,2021-03-17,3867,128318,2231,45278,1626,81804,10,1236,2521,39530,1342,44944,2534,84474,California
Santa Cruz,2021-03-18,3870,132188,2094,47372,1656,83460,120,1356,2072,39927,1795,46739,2192,86666,California
Santa Cruz,2021-03-19,3280,135468,1322,48694,1733,85193,225,1581,1654,40185,1621,48360,1879,88545,California
Santa Cruz,2021-03-20,2169,137637,1614,50308,518,85711,37,1618,1096,40248,1070,49430,1133,89678,California
Santa Cruz,2021-03-21,826,138463,439,50747,265,85976,122,1740,443,40433,381,49811,566,90244,California
Santa Cruz,2021-03-22,1378,139841,851,51598,505,86481,22,1762,946,40973,429,50240,969,91213,California
Santa Cruz,2021-03-23,2567,142408,1442,53040,1075,87556,50,1812,1712,41882,853,51093,1762,92975,California
Santa Cruz,2021-03-24,3026,145434,2034,55074,971,88527,21,1833,1996,42873,1025,52118,2016,94991,California
Santa Cruz,2021-03-25,2648,148082,1330,56404,1283,89810,35,1868,1357,42981,1284,53402,1392,96383,California
Santa Cruz,2021-03-26,3039,151121,1835,58239,1177,90987,27,1895,2055,44086,977,54379,2082,98465,California
Santa Cruz,2021-03-27,3239,154360,2013,60252,1201,92188,25,1920,1528,43938,1702,56081,1554,100019,California
Santa Cruz,2021-03-28,932,155292,572,60824,346,92534,14,1934,495,44014,433,56514,509,100528,California
Santa Cruz,2021-03-29,1978,157270,884,61708,1026,93560,68,2002,1279,44665,696,57210,1347,101875,California
Santa Cruz,2021-03-30,2729,159999,820,62528,1746,95306,163,2165,1756,45612,971,58181,1918,103793,California
Santa Cruz,2021-03-31,4080,164079,2729,65257,1303,96609,48,2213,2097,45778,1979,60160,2145,105938,California
Santa Cruz,2021-04-01,4026,168105,2154,67411,1765,98374,107,2320,2027,45919,1993,62153,2134,108072,California
Santa Cruz,2021-04-02,3146,171251,1426,68837,1538,99912,182,2502,1739,46438,1402,63555,1921,109993,California
Santa Cruz,2021-04-03,2260,173511,1232,70069,893,100805,135,2637,888,46091,1369,64924,1022,111015,California
Santa Cruz,2021-04-04,936,174447,491,70560,390,101195,55,2692,550,46310,386,65310,605,111620,California
Santa Cruz,2021-04-05,2260,176707,795,71355,1294,102489,171,2863,1390,47002,869,66179,1561,113181,California
Santa Cruz,2021-04-06,3406,180113,1655,73010,1367,103856,384,3247,1971,47929,1425,67604,2352,115533,California
Santa Cruz,2021-04-07,4153,184266,1638,74648,2152,106008,363,3610,1864,47870,2285,69889,2226,117759,California
Santa Cruz,2021-04-08,4271,188537,2351,76999,1403,107411,517,4127,2511,49145,1751,71640,3026,120785,California
Santa Cruz,2021-04-09,3567,192104,1508,78507,1658,109069,401,4528,1960,49906,1601,73241,2362,123147,California
Santa Cruz,2021-04-10,2261,194365,1091,79598,919,109988,251,4779,1067,50033,1190,74431,1317,124464,California
Santa Cruz,2021-04-11,995,195360,520,80118,383,110371,92,4871,480,50090,515,74946,572,125036,California
Santa Cruz,2021-04-12,2292,197652,826,80944,1039,111410,427,5298,1097,50433,1180,76126,1523,126559,California
Santa Cruz,2021-04-13,2890,200542,1453,82397,1435,112845,2,5300,1625,50800,1260,77386,1627,128186,California
Santa Cruz,2021-04-14,4637,205179,2258,84655,2379,115224,0,5300,2377,50928,2251,79637,2379,130565,California
Santa Cruz,2021-04-15,4953,210132,3143,87798,1810,117034,0,5300,3144,52274,1798,81435,3144,133709,California
Santa Cruz,2021-04-16,4427,214559,2544,90342,1881,118915,2,5302,2471,52800,1948,83383,2474,136183,California
Santa Cruz,2021-04-17,2268,216827,895,91237,1373,120288,0,5302,1508,53550,758,84141,1508,137691,California
Santa Cruz,2021-04-18,1072,217899,514,91751,558,120846,0,5302,598,53676,472,84613,598,138289,California
Santa Cruz,2021-04-19,2438,220337,1528,93279,909,121755,1,5303,1504,54249,931,85544,1504,139793,California
Santa Cruz,2021-04-20,3134,223471,1706,94985,1428,123183,0,5303,1784,54694,1340,86884,1785,141578,California
Santa Cruz,2021-04-21,4272,227743,2895,97880,1377,124560,0,5303,2408,55253,1849,88733,2408,143986,California
Santa Cruz,2021-04-22,4339,232082,2924,100804,1415,125975,0,5303,2440,55804,1889,90622,2440,146426,California
Santa Cruz,2021-04-23,3080,235162,1745,102549,1334,127309,1,5304,1387,55507,1685,92307,1388,147814,California
Santa Cruz,2021-04-24,2252,237414,1084,103633,1165,128474,3,5307,692,54652,1550,93857,695,148509,California
Santa Cruz,2021-04-25,1092,238506,698,104331,382,128856,12,5319,448,54475,636,94493,459,148968,California
Santa Cruz,2021-04-26,1769,240275,904,105235,850,129706,15,5334,663,54058,1097,95590,680,149648,California
Santa Cruz,2021-04-27,2738,243013,841,106076,1849,131555,48,5382,1372,54117,1362,96952,1421,151069,California
Santa Cruz,2021-04-28,3343,246356,1868,107944,1401,132956,74,5456,1732,54320,1601,98553,1804,152873,California
Santa Cruz,2021-04-29,2927,249283,1966,109910,907,133863,54,5510,985,53428,1932,100485,1040,153913,California
Santa Cruz,2021-04-30,1407,250690,768,110678,639,134502,0,5510,609,53243,794,101279,609,154522,California
Santa Cruz,2021-05-01,810,251500,747,111425,62,134564,1,5511,411,53259,397,101676,413,154935,California
Shasta,2020-12-16,131,131,131,131,0,0,0,0,131,131,0,0,131,131,California
Shasta,2020-12-17,417,548,417,548,0,0,0,0,417,548,0,0,417,548,California
Shasta,2020-12-18,166,714,166,714,0,0,0,0,166,714,0,0,166,714,California
Shasta,2020-12-19,1,715,1,715,0,0,0,0,1,715,0,0,1,715,California
Shasta,2020-12-21,79,794,79,794,0,0,0,0,79,794,0,0,79,794,California
Shasta,2020-12-22,191,985,186,980,5,5,0,0,191,985,0,0,191,985,California
Shasta,2020-12-23,173,1158,169,1149,4,9,0,0,173,1158,0,0,173,1158,California
Shasta,2020-12-24,18,1176,18,1167,0,9,0,0,18,1176,0,0,18,1176,California
Shasta,2020-12-26,4,1180,1,1168,3,12,0,0,4,1180,0,0,4,1180,California
Shasta,2020-12-27,1,1181,0,1168,1,13,0,0,1,1181,0,0,1,1181,California
Shasta,2020-12-28,40,1221,31,1199,9,22,0,0,40,1221,0,0,40,1221,California
Shasta,2020-12-29,186,1407,185,1384,1,23,0,0,186,1407,0,0,186,1407,California
Shasta,2020-12-30,178,1585,168,1552,10,33,0,0,178,1585,0,0,178,1585,California
Shasta,2020-12-31,83,1668,2,1554,81,114,0,0,83,1668,0,0,83,1668,California
Shasta,2021-01-02,2,1670,0,1554,2,116,0,0,2,1670,0,0,2,1670,California
Shasta,2021-01-03,1,1671,1,1555,0,116,0,0,1,1671,0,0,1,1671,California
Shasta,2021-01-04,371,2042,305,1860,66,182,0,0,372,2043,0,0,372,2043,California
Shasta,2021-01-05,335,2377,314,2174,21,203,0,0,254,2216,81,81,254,2297,California
Shasta,2021-01-06,466,2843,395,2569,71,274,0,0,204,2159,261,342,204,2501,California
Shasta,2021-01-07,124,2967,36,2605,88,362,0,0,103,2241,21,363,103,2604,California
Shasta,2021-01-08,525,3492,448,3053,77,439,0,0,317,2350,208,571,317,2921,California
Shasta,2021-01-09,72,3564,63,3116,9,448,0,0,70,2418,2,573,70,2991,California
Shasta,2021-01-10,5,3569,0,3116,5,453,0,0,4,2422,1,574,5,2996,California
Shasta,2021-01-11,407,3976,184,3300,223,676,0,0,372,2759,35,609,372,3368,California
Shasta,2021-01-12,484,4460,327,3627,157,833,0,0,310,2895,174,783,310,3678,California
Shasta,2021-01-13,599,5059,267,3894,332,1165,0,0,430,3156,169,952,430,4108,California
Shasta,2021-01-14,499,5558,51,3945,448,1613,0,0,481,3619,18,970,481,4589,California
Shasta,2021-01-15,691,6249,136,4081,555,2168,0,0,689,4306,2,972,689,5278,California
Shasta,2021-01-16,898,7147,54,4135,844,3012,0,0,895,5198,3,975,895,6173,California
Shasta,2021-01-17,27,7174,6,4141,21,3033,0,0,23,5217,4,979,23,6196,California
Shasta,2021-01-18,599,7773,129,4270,470,3503,0,0,591,5800,8,987,591,6787,California
Shasta,2021-01-19,1058,8831,398,4668,660,4163,0,0,910,6562,148,1135,910,7697,California
Shasta,2021-01-20,677,9508,409,5077,268,4431,0,0,493,6876,179,1314,493,8190,California
Shasta,2021-01-21,630,10138,277,5354,353,4784,0,0,607,7460,23,1337,607,8797,California
Shasta,2021-01-22,445,10583,171,5525,274,5058,0,0,439,7893,6,1343,439,9236,California
Shasta,2021-01-23,68,10651,5,5530,63,5121,0,0,67,7959,1,1344,67,9303,California
Shasta,2021-01-24,25,10676,2,5532,23,5144,0,0,24,7982,1,1345,24,9327,California
Shasta,2021-01-25,749,11425,490,6022,259,5403,0,0,464,8162,284,1629,464,9791,California
Shasta,2021-01-26,710,12135,333,6355,377,5780,0,0,476,8406,232,1861,476,10267,California
Shasta,2021-01-27,459,12594,179,6534,280,6060,0,0,410,8767,49,1910,410,10677,California
Shasta,2021-01-28,886,13480,576,7110,310,6370,0,0,664,9209,222,2132,664,11341,California
Shasta,2021-01-29,831,14311,330,7440,501,6871,0,0,641,9661,190,2322,642,11983,California
Shasta,2021-01-30,616,14927,14,7454,602,7473,0,0,607,10259,9,2331,607,12590,California
Shasta,2021-01-31,28,14955,4,7458,24,7497,0,0,26,10283,2,2333,26,12616,California
Shasta,2021-02-01,530,15485,148,7606,382,7879,0,0,386,10525,144,2477,386,13002,California
Shasta,2021-02-02,982,16467,494,8100,488,8367,0,0,890,11325,90,2567,890,13892,California
Shasta,2021-02-03,718,17185,210,8310,508,8875,0,0,484,11575,234,2801,484,14376,California
Shasta,2021-02-04,1083,18268,664,8974,419,9294,0,0,890,12273,192,2993,890,15266,California
Shasta,2021-02-05,1240,19508,164,9138,1076,10370,0,0,1033,13100,206,3199,1033,16299,California
Shasta,2021-02-06,1742,21250,41,9179,1701,12071,0,0,1719,14796,23,3222,1719,18018,California
Shasta,2021-02-07,26,21276,3,9182,23,12094,0,0,24,14818,2,3224,24,18042,California
Shasta,2021-02-08,597,21873,167,9349,430,12524,0,0,306,14833,291,3515,306,18348,California
Shasta,2021-02-09,1122,22995,652,10001,470,12994,0,0,730,15171,392,3907,730,19078,California
Shasta,2021-02-10,1116,24111,781,10782,335,13329,0,0,594,15243,523,4430,595,19673,California
Shasta,2021-02-11,886,24997,186,10968,700,14029,0,0,364,15090,517,4947,364,20037,California
Shasta,2021-02-12,1724,26721,1143,12111,581,14610,0,0,1175,15716,549,5496,1175,21212,California
Shasta,2021-02-13,1383,28104,367,12478,1016,15626,0,0,570,15473,814,6310,571,21783,California
Shasta,2021-02-14,150,28254,4,12482,146,15772,0,0,126,15575,24,6334,126,21909,California
Shasta,2021-02-15,380,28634,90,12572,290,16062,0,0,211,15617,169,6503,211,22120,California
Shasta,2021-02-16,1189,29823,515,13087,674,16736,0,0,420,15269,768,7271,420,22540,California
Shasta,2021-02-17,1033,30856,438,13525,595,17331,0,0,413,15062,620,7891,413,22953,California
Shasta,2021-02-18,924,31780,443,13968,481,17812,0,0,437,15012,487,8378,437,23390,California
Shasta,2021-02-19,1329,33109,936,14904,393,18205,0,0,862,15407,467,8845,862,24252,California
Shasta,2021-02-20,802,33911,89,14993,713,18918,0,0,303,15211,499,9344,303,24555,California
Shasta,2021-02-21,31,33942,2,14995,29,18947,0,0,9,15198,22,9366,9,24564,California
Shasta,2021-02-22,426,34368,74,15069,352,19299,0,0,177,15127,248,9614,177,24741,California
Shasta,2021-02-23,907,35275,467,15536,440,19739,0,0,322,14864,585,10199,322,25063,California
Shasta,2021-02-24,886,36161,504,16040,382,20121,0,0,270,14519,615,10814,270,25333,California
Shasta,2021-02-25,516,36677,160,16200,356,20477,0,0,162,14328,353,11167,162,25495,California
Shasta,2021-02-26,791,37468,94,16294,697,21174,0,0,331,14201,458,11625,331,25826,California
Shasta,2021-02-27,829,38297,27,16321,802,21976,0,0,188,13750,639,12264,188,26014,California
Shasta,2021-02-28,176,38473,4,16325,172,22148,0,0,126,13826,50,12314,126,26140,California
Shasta,2021-03-01,584,39057,59,16384,525,22673,0,0,295,13833,288,12602,295,26435,California
Shasta,2021-03-02,1016,40073,465,16849,551,23224,0,0,331,13481,683,13285,331,26766,California
Shasta,2021-03-03,665,40738,167,17016,498,23722,0,0,243,13302,422,13707,243,27009,California
Shasta,2021-03-04,2303,43041,1694,18710,609,24331,0,0,1267,13535,1035,14742,1268,28277,California
Shasta,2021-03-05,1541,44582,162,18872,1350,25681,29,29,794,13610,748,15490,823,29100,California
Shasta,2021-03-06,2742,47324,386,19258,2309,27990,47,76,858,12633,1882,17372,905,30005,California
Shasta,2021-03-07,91,47415,3,19261,56,28046,32,108,37,12648,54,17426,69,30074,California
Shasta,2021-03-08,568,47983,46,19307,383,28429,139,247,155,12531,411,17837,294,30368,California
Shasta,2021-03-09,708,48691,48,19355,482,28911,178,425,329,12658,379,18216,506,30874,California
Shasta,2021-03-10,800,49491,256,19611,342,29253,202,627,135,12330,664,18880,336,31210,California
Shasta,2021-03-11,1176,50667,173,19784,731,29984,272,899,659,12745,516,19396,931,32141,California
Shasta,2021-03-12,1530,52197,835,20619,446,30430,249,1148,397,12257,1132,20528,644,32785,California
Shasta,2021-03-13,757,52954,425,21044,232,30662,100,1248,474,12548,282,20810,573,33358,California
Shasta,2021-03-14,1019,53973,8,21052,989,31651,22,1270,881,13314,138,20948,904,34262,California
Shasta,2021-03-15,498,54471,35,21087,363,32014,100,1370,210,13335,288,21236,309,34571,California
Shasta,2021-03-16,1132,55603,147,21234,918,32932,67,1437,849,13968,283,21519,916,35487,California
Shasta,2021-03-17,734,56337,191,21425,485,33417,58,1495,395,14088,333,21852,453,35940,California
Shasta,2021-03-18,1191,57528,236,21661,851,34268,104,1599,811,14627,376,22228,915,36855,California
Shasta,2021-03-19,641,58169,196,21857,390,34658,55,1654,409,14860,231,22459,464,37319,California
Shasta,2021-03-20,748,58917,490,22347,244,34902,14,1668,600,15326,148,22607,614,37933,California
Shasta,2021-03-21,312,59229,297,22644,4,34906,11,1679,286,15598,25,22632,297,38230,California
Shasta,2021-03-22,347,59576,37,22681,274,35180,36,1715,199,15686,147,22779,235,38465,California
Shasta,2021-03-23,819,60395,161,22842,600,35780,58,1773,627,16184,187,22966,685,39150,California
Shasta,2021-03-24,607,61002,156,22998,414,36194,37,1810,366,16347,240,23206,403,39553,California
Shasta,2021-03-25,877,61879,197,23195,663,36857,17,1827,639,16768,235,23441,656,40209,California
Shasta,2021-03-26,1835,63714,1402,24597,403,37260,30,1857,1478,17920,357,23798,1509,41718,California
Shasta,2021-03-27,1595,65309,405,25002,318,37578,872,2729,575,18346,1018,24816,1444,43162,California
Shasta,2021-03-28,405,65714,299,25301,96,37674,10,2739,302,18557,101,24917,312,43474,California
Shasta,2021-03-29,419,66133,41,25342,366,38040,12,2751,165,18481,253,25170,177,43651,California
Shasta,2021-03-30,653,66786,185,25527,461,38501,7,2758,440,18718,210,25380,447,44098,California
Shasta,2021-03-31,617,67403,205,25732,407,38908,5,2763,381,18873,231,25611,386,44484,California
Shasta,2021-04-01,893,68296,245,25977,636,39544,12,2775,577,19147,315,25926,589,45073,California
Shasta,2021-04-02,750,69046,201,26178,497,40041,52,2827,411,19273,337,26263,463,45536,California
Shasta,2021-04-03,513,69559,361,26539,133,40174,19,2846,389,19557,124,26387,408,45944,California
Shasta,2021-04-04,291,69850,177,26716,94,40268,20,2866,217,19720,74,26461,237,46181,California
Shasta,2021-04-05,441,70291,67,26783,311,40579,63,2929,255,19852,186,26647,318,46499,California
Shasta,2021-04-06,851,71142,172,26955,504,41083,175,3104,399,19976,449,27096,573,47072,California
Shasta,2021-04-07,651,71793,213,27168,275,41358,163,3267,256,20003,391,27487,418,47490,California
Shasta,2021-04-08,1136,72929,259,27427,723,42081,154,3421,229,19480,905,28392,382,47872,California
Shasta,2021-04-09,2580,75509,2062,29489,309,42390,209,3630,2017,21146,558,28950,2224,50096,California
Shasta,2021-04-10,876,76385,593,30082,155,42545,128,3758,264,20925,612,29562,391,50487,California
Shasta,2021-04-11,1250,77635,395,30477,835,43380,20,3778,143,19985,1103,30665,163,50650,California
Shasta,2021-04-12,335,77970,8,30485,267,43647,60,3838,97,19904,237,30902,156,50806,California
Shasta,2021-04-13,1053,79023,164,30649,887,44534,2,3840,297,19448,754,31656,298,51104,California
Shasta,2021-04-14,602,79625,143,30792,457,44991,2,3842,225,19299,376,32032,227,51331,California
Shasta,2021-04-15,1064,80689,259,31051,805,45796,0,3842,307,18850,756,32788,307,51638,California
Shasta,2021-04-16,2330,83019,1836,32887,494,46290,0,3842,949,18419,1380,34168,949,52587,California
Shasta,2021-04-17,642,83661,410,33297,232,46522,0,3842,196,18169,446,34614,196,52783,California
Shasta,2021-04-18,266,83927,241,33538,25,46547,0,3842,33,17971,231,34845,33,52816,California
Shasta,2021-04-19,382,84309,30,33568,352,46899,0,3842,164,17917,218,35063,164,52980,California
Shasta,2021-04-20,1013,85322,256,33824,757,47656,0,3842,386,17677,626,35689,386,53366,California
Shasta,2021-04-21,604,85926,220,34044,384,48040,0,3842,306,17686,297,35986,306,53672,California
Shasta,2021-04-22,956,86882,279,34323,677,48717,0,3842,302,17336,652,36638,302,53974,California
Shasta,2021-04-23,657,87539,262,34585,395,49112,0,3842,329,17338,327,36965,329,54303,California
Shasta,2021-04-24,596,88135,360,34945,236,49348,0,3842,107,16956,489,37454,107,54410,California
Shasta,2021-04-25,213,88348,183,35128,29,49377,1,3843,38,16820,175,37629,39,54449,California
Shasta,2021-04-26,465,88813,50,35178,410,49787,5,3848,331,17023,132,37761,335,54784,California
Shasta,2021-04-27,510,89323,169,35347,305,50092,36,3884,291,17132,216,37977,325,55109,California
Shasta,2021-04-28,512,89835,130,35477,349,50441,33,3917,212,17076,300,38277,244,55353,California
Shasta,2021-04-29,647,90482,92,35569,536,50977,19,3936,159,16767,487,38764,178,55531,California
Shasta,2021-04-30,1832,92314,1651,37220,164,51141,17,3953,158,15268,1674,40438,175,55706,California
Shasta,2021-05-01,162,92476,10,37230,83,51224,69,4022,56,15287,106,40544,125,55831,California
Sierra,2020-12-18,1,1,1,1,0,0,0,0,1,1,0,0,1,1,California
Sierra,2020-12-21,2,3,2,3,0,0,0,0,2,3,0,0,2,3,California
Sierra,2020-12-22,12,15,12,15,0,0,0,0,12,15,0,0,12,15,California
Sierra,2020-12-23,4,19,4,19,0,0,0,0,4,19,0,0,4,19,California
Sierra,2020-12-28,1,20,0,19,1,1,0,0,1,20,0,0,1,20,California
Sierra,2020-12-29,49,69,7,26,42,43,0,0,49,69,0,0,49,69,California
Sierra,2020-12-30,2,71,0,26,2,45,0,0,2,71,0,0,2,71,California
Sierra,2020-12-31,13,84,0,26,13,58,0,0,13,84,0,0,13,84,California
Sierra,2021-01-01,1,85,1,27,0,58,0,0,1,85,0,0,1,85,California
Sierra,2021-01-05,64,149,2,29,62,120,0,0,64,149,0,0,64,149,California
Sierra,2021-01-06,1,150,1,30,0,120,0,0,1,150,0,0,1,150,California
Sierra,2021-01-07,21,171,1,31,20,140,0,0,20,169,1,1,20,170,California
Sierra,2021-01-08,1,172,1,32,0,140,0,0,1,170,0,1,1,171,California
Sierra,2021-01-11,3,175,3,35,0,140,0,0,0,167,3,4,0,171,California
Sierra,2021-01-12,40,215,12,47,28,168,0,0,28,183,12,16,28,199,California
Sierra,2021-01-13,4,219,3,50,1,169,0,0,1,181,3,19,1,200,California
Sierra,2021-01-14,35,254,2,52,33,202,0,0,35,216,0,19,35,235,California
Sierra,2021-01-15,3,257,1,53,2,204,0,0,3,219,0,19,3,238,California
Sierra,2021-01-18,2,259,0,53,2,206,0,0,2,221,0,19,2,240,California
Sierra,2021-01-19,32,291,0,53,32,238,0,0,32,253,0,19,32,272,California
Sierra,2021-01-20,1,292,1,54,0,238,0,0,1,254,0,19,1,273,California
Sierra,2021-01-21,53,345,0,54,53,291,0,0,53,307,0,19,53,326,California
Sierra,2021-01-22,2,347,0,54,2,293,0,0,2,309,0,19,2,328,California
Sierra,2021-01-23,2,349,0,54,2,295,0,0,2,311,0,19,2,330,California
Sierra,2021-01-26,62,411,0,54,62,357,0,0,24,297,38,57,24,354,California
Sierra,2021-01-27,4,415,4,58,0,357,0,0,0,293,4,61,0,354,California
Sierra,2021-01-28,53,468,0,58,53,410,0,0,43,326,10,71,43,397,California
Sierra,2021-01-29,2,470,0,58,2,412,0,0,2,328,0,71,2,399,California
Sierra,2021-01-30,3,473,3,61,0,412,0,0,2,329,1,72,2,401,California
Sierra,2021-02-01,1,474,0,61,1,413,0,0,0,328,1,73,0,401,California
Sierra,2021-02-02,58,532,1,62,57,470,0,0,19,308,39,112,19,420,California
Sierra,2021-02-03,6,538,5,67,1,471,0,0,5,312,1,113,5,425,California
Sierra,2021-02-04,105,643,6,73,99,570,0,0,56,319,49,162,56,481,California
Sierra,2021-02-05,6,649,4,77,2,572,0,0,5,323,1,163,5,486,California
Sierra,2021-02-09,51,700,0,77,51,623,0,0,48,368,3,166,48,534,California
Sierra,2021-02-10,5,705,2,79,3,626,0,0,4,371,1,167,4,538,California
Sierra,2021-02-11,196,901,1,80,195,821,0,0,134,443,62,229,134,672,California
Sierra,2021-02-12,21,922,0,80,21,842,0,0,20,462,1,230,20,692,California
Sierra,2021-02-13,1,923,1,81,0,842,0,0,1,463,0,230,1,693,California
Sierra,2021-02-15,2,925,2,83,0,842,0,0,0,461,2,232,0,693,California
Sierra,2021-02-16,43,968,0,83,43,885,0,0,10,438,33,265,10,703,California
Sierra,2021-02-17,4,972,0,83,4,889,0,0,1,436,3,268,1,704,California
Sierra,2021-02-18,141,1113,0,83,141,1030,0,0,91,477,50,318,91,795,California
Sierra,2021-02-19,2,1115,1,84,1,1031,0,0,1,477,1,319,1,796,California
Sierra,2021-02-20,2,1117,2,86,0,1031,0,0,0,475,2,321,0,796,California
Sierra,2021-02-22,1,1118,1,87,0,1031,0,0,1,476,0,321,1,797,California
Sierra,2021-02-23,4,1122,0,87,4,1035,0,0,4,480,0,321,4,801,California
Sierra,2021-02-24,4,1126,3,90,1,1036,0,0,3,482,1,322,3,804,California
Sierra,2021-02-25,125,1251,2,92,123,1159,0,0,58,474,66,388,58,862,California
Sierra,2021-02-26,11,1262,6,98,5,1164,0,0,4,471,7,395,4,866,California
Sierra,2021-02-27,2,1264,2,100,0,1164,0,0,0,469,2,397,0,866,California
Sierra,2021-03-01,2,1266,2,102,0,1164,0,0,0,467,2,399,0,866,California
Sierra,2021-03-02,56,1322,0,102,56,1220,0,0,38,487,18,417,38,904,California
Sierra,2021-03-03,2,1324,2,104,0,1220,0,0,1,487,1,418,1,905,California
Sierra,2021-03-04,108,1432,0,104,108,1328,0,0,58,495,50,468,58,963,California
Sierra,2021-03-05,13,1445,1,105,12,1340,0,0,11,504,2,470,11,974,California
Sierra,2021-03-07,1,1446,1,106,0,1340,0,0,0,503,1,471,0,974,California
Sierra,2021-03-08,2,1448,2,108,0,1340,0,0,2,505,0,471,2,976,California
Sierra,2021-03-09,56,1504,0,108,56,1396,0,0,12,473,44,515,12,988,California
Sierra,2021-03-10,6,1510,0,108,6,1402,0,0,4,475,2,517,4,992,California
Sierra,2021-03-11,175,1685,0,108,175,1577,0,0,43,387,131,648,43,1035,California
Sierra,2021-03-12,20,1705,1,109,19,1596,0,0,0,367,20,668,0,1035,California
Sierra,2021-03-13,28,1733,0,109,28,1624,0,0,28,395,0,668,28,1063,California
Sierra,2021-03-14,1,1734,0,109,0,1624,1,1,0,395,1,669,1,1064,California
Sierra,2021-03-15,1,1735,1,110,0,1624,0,1,0,394,1,670,0,1064,California
Sierra,2021-03-16,36,1771,0,110,35,1659,1,2,23,405,13,683,24,1088,California
Sierra,2021-03-17,4,1775,3,113,1,1660,0,2,1,403,3,686,1,1089,California
Sierra,2021-03-18,158,1933,0,113,158,1818,0,2,65,375,93,779,65,1154,California
Sierra,2021-03-19,4,1937,2,115,2,1820,0,2,1,373,3,782,1,1155,California
Sierra,2021-03-20,1,1938,0,115,1,1821,0,2,1,374,0,782,1,1156,California
Sierra,2021-03-23,22,1960,0,115,22,1843,0,2,13,378,9,791,13,1169,California
Sierra,2021-03-24,3,1963,1,116,2,1845,0,2,1,377,2,793,1,1170,California
Sierra,2021-03-25,100,2063,1,117,99,1944,0,2,51,379,49,842,51,1221,California
Sierra,2021-03-26,12,2075,1,118,11,1955,0,2,9,385,3,845,9,1230,California
Sierra,2021-03-27,2,2077,1,119,1,1956,0,2,0,383,2,847,0,1230,California
Sierra,2021-03-29,1,2078,1,120,0,1956,0,2,0,382,1,848,0,1230,California
Sierra,2021-03-30,55,2133,1,121,54,2010,0,2,22,371,33,881,22,1252,California
Sierra,2021-03-31,8,2141,0,121,8,2018,0,2,8,379,0,881,8,1260,California
Sierra,2021-04-01,60,2201,2,123,58,2076,0,2,6,331,54,935,6,1266,California
Sierra,2021-04-02,3,2204,2,125,1,2077,0,2,2,332,1,936,2,1268,California
Sierra,2021-04-05,1,2205,1,126,0,2077,0,2,1,333,0,936,1,1269,California
Sierra,2021-04-06,10,2215,0,126,10,2087,0,2,0,323,10,946,0,1269,California
Sierra,2021-04-07,15,2230,3,129,6,2093,6,8,3,321,11,957,9,1278,California
Sierra,2021-04-08,53,2283,2,131,51,2144,0,8,16,300,37,994,16,1294,California
Sierra,2021-04-09,2,2285,2,133,0,2144,0,8,1,300,1,995,1,1295,California
Sierra,2021-04-10,27,2312,0,133,27,2171,0,8,0,273,27,1022,0,1295,California
Sierra,2021-04-13,46,2358,0,133,46,2217,0,8,5,237,41,1063,5,1300,California
Sierra,2021-04-14,2,2360,1,134,1,2218,0,8,2,239,0,1063,2,1302,California
Sierra,2021-04-15,49,2409,1,135,48,2266,0,8,2,194,47,1110,2,1304,California
Sierra,2021-04-16,1,2410,0,135,1,2267,0,8,1,195,0,1110,1,1305,California
Sierra,2021-04-17,2,2412,1,136,1,2268,0,8,1,195,1,1111,1,1306,California
Sierra,2021-04-19,1,2413,1,137,0,2268,0,8,0,194,1,1112,0,1306,California
Sierra,2021-04-20,34,2447,1,138,33,2301,0,8,7,174,27,1139,7,1313,California
Sierra,2021-04-21,2,2449,1,139,1,2302,0,8,1,174,1,1140,1,1314,California
Sierra,2021-04-22,66,2515,2,141,64,2366,0,8,5,119,60,1200,5,1319,California
Sierra,2021-04-23,13,2528,0,141,13,2379,0,8,5,116,8,1208,5,1324,California
Sierra,2021-04-24,4,2532,0,141,4,2383,0,8,4,120,0,1208,4,1328,California
Sierra,2021-04-27,28,2560,1,142,27,2410,0,8,5,102,23,1231,5,1333,California
Sierra,2021-04-28,9,2569,2,144,7,2417,0,8,1,96,7,1238,1,1334,California
Sierra,2021-04-29,21,2590,3,147,18,2435,0,8,14,103,7,1245,14,1348,California
Sierra,2021-04-30,3,2593,1,148,2,2437,0,8,1,102,2,1247,1,1349,California
Siskiyou,2020-12-16,2,2,2,2,0,0,0,0,2,2,0,0,2,2,California
Siskiyou,2020-12-17,4,6,4,6,0,0,0,0,4,6,0,0,4,6,California
Siskiyou,2020-12-18,2,8,2,8,0,0,0,0,2,8,0,0,2,8,California
Siskiyou,2020-12-19,4,12,4,12,0,0,0,0,4,12,0,0,4,12,California
Siskiyou,2020-12-20,1,13,1,13,0,0,0,0,1,13,0,0,1,13,California
Siskiyou,2020-12-21,132,145,132,145,0,0,0,0,132,145,0,0,132,145,California
Siskiyou,2020-12-22,159,304,159,304,0,0,0,0,159,304,0,0,159,304,California
Siskiyou,2020-12-23,142,446,142,446,0,0,0,0,142,446,0,0,142,446,California
Siskiyou,2020-12-24,5,451,5,451,0,0,0,0,5,451,0,0,5,451,California
Siskiyou,2020-12-26,2,453,0,451,2,2,0,0,2,453,0,0,2,453,California
Siskiyou,2020-12-27,2,455,0,451,2,4,0,0,2,455,0,0,2,455,California
Siskiyou,2020-12-28,3,458,1,452,2,6,0,0,3,458,0,0,3,458,California
Siskiyou,2020-12-29,6,464,2,454,4,10,0,0,6,464,0,0,6,464,California
Siskiyou,2020-12-30,98,562,3,457,95,105,0,0,98,562,0,0,98,562,California
Siskiyou,2020-12-31,12,574,0,457,12,117,0,0,12,574,0,0,12,574,California
Siskiyou,2021-01-02,1,575,1,458,0,117,0,0,1,575,0,0,1,575,California
Siskiyou,2021-01-03,1,576,0,458,1,118,0,0,1,576,0,0,1,576,California
Siskiyou,2021-01-04,130,706,3,461,127,245,0,0,130,706,0,0,130,706,California
Siskiyou,2021-01-05,117,823,4,465,113,358,0,0,116,821,1,1,116,822,California
Siskiyou,2021-01-06,59,882,6,471,53,411,0,0,55,872,4,5,55,877,California
Siskiyou,2021-01-07,178,1060,4,475,174,585,0,0,177,1048,1,6,177,1054,California
Siskiyou,2021-01-08,41,1101,3,478,38,623,0,0,39,1085,2,8,39,1093,California
Siskiyou,2021-01-09,2,1103,2,480,0,623,0,0,0,1083,2,10,0,1093,California
Siskiyou,2021-01-11,226,1329,65,545,161,784,0,0,163,1183,63,73,163,1256,California
Siskiyou,2021-01-12,322,1651,274,819,48,832,0,0,88,1038,234,307,89,1345,California
Siskiyou,2021-01-13,157,1808,137,956,20,852,0,0,23,927,134,441,23,1368,California
Siskiyou,2021-01-14,26,1834,1,957,25,877,0,0,25,951,1,442,25,1393,California
Siskiyou,2021-01-15,35,1869,3,960,32,909,0,0,35,986,0,442,35,1428,California
Siskiyou,2021-01-16,7,1876,2,962,5,914,0,0,7,993,0,442,7,1435,California
Siskiyou,2021-01-17,1,1877,1,963,0,914,0,0,0,992,1,443,0,1435,California
Siskiyou,2021-01-18,77,1954,4,967,73,987,0,0,75,1065,2,445,75,1510,California
Siskiyou,2021-01-19,21,1975,1,968,20,1007,0,0,20,1084,1,446,20,1530,California
Siskiyou,2021-01-20,47,2022,35,1003,12,1019,0,0,43,1123,4,450,43,1573,California
Siskiyou,2021-01-21,42,2064,1,1004,41,1060,0,0,42,1165,0,450,42,1615,California
Siskiyou,2021-01-22,1328,3392,1176,2180,152,1212,0,0,1328,2493,0,450,1328,2943,California
Siskiyou,2021-01-23,5,3397,1,2181,4,1216,0,0,2,2492,3,453,2,2945,California
Siskiyou,2021-01-25,182,3579,8,2189,174,1390,0,0,178,2666,4,457,178,3123,California
Siskiyou,2021-01-26,148,3727,3,2192,145,1535,0,0,140,2798,8,465,140,3263,California
Siskiyou,2021-01-27,181,3908,1,2193,180,1715,0,0,126,2869,55,520,126,3389,California
Siskiyou,2021-01-28,232,4140,118,2311,114,1829,0,0,226,3089,6,526,226,3615,California
Siskiyou,2021-01-29,248,4388,2,2313,246,2075,0,0,246,3333,2,528,246,3861,California
Siskiyou,2021-01-30,3,4391,2,2315,1,2076,0,0,3,3336,0,528,3,3864,California
Siskiyou,2021-02-01,195,4586,3,2318,192,2268,0,0,105,3351,90,618,105,3969,California
Siskiyou,2021-02-02,289,4875,45,2363,244,2512,0,0,147,3356,142,760,147,4116,California
Siskiyou,2021-02-03,314,5189,1,2364,313,2825,0,0,264,3570,50,810,264,4380,California
Siskiyou,2021-02-04,321,5510,7,2371,314,3139,0,0,200,3649,121,931,200,4580,California
Siskiyou,2021-02-05,513,6023,4,2375,509,3648,0,0,348,3832,165,1096,348,4928,California
Siskiyou,2021-02-06,15,6038,0,2375,15,3663,0,0,15,3847,0,1096,15,4943,California
Siskiyou,2021-02-07,3,6041,2,2377,1,3664,0,0,3,3850,0,1096,3,4946,California
Siskiyou,2021-02-08,221,6262,5,2382,216,3880,0,0,216,4061,5,1101,216,5162,California
Siskiyou,2021-02-09,196,6458,4,2386,192,4072,0,0,163,4191,33,1134,163,5325,California
Siskiyou,2021-02-10,370,6828,40,2426,330,4402,0,0,317,4456,52,1186,317,5642,California
Siskiyou,2021-02-11,190,7018,1,2427,189,4591,0,0,174,4614,16,1202,174,5816,California
Siskiyou,2021-02-12,1691,8709,1199,3626,492,5083,0,0,501,3925,1190,2392,501,6317,California
Siskiyou,2021-02-13,36,8745,2,3628,34,5117,0,0,32,3953,4,2396,32,6349,California
Siskiyou,2021-02-14,5,8750,1,3629,4,5121,0,0,5,3958,0,2396,5,6354,California
Siskiyou,2021-02-15,107,8857,10,3639,97,5218,0,0,105,4061,2,2398,105,6459,California
Siskiyou,2021-02-16,114,8971,2,3641,112,5330,0,0,99,4145,15,2413,99,6558,California
Siskiyou,2021-02-17,185,9156,15,3656,170,5500,0,0,171,4302,14,2427,171,6729,California
Siskiyou,2021-02-18,222,9378,89,3745,133,5633,0,0,98,4276,124,2551,98,6827,California
Siskiyou,2021-02-19,70,9448,33,3778,37,5670,0,0,34,4274,36,2587,34,6861,California
Siskiyou,2021-02-20,21,9469,3,3781,18,5688,0,0,17,4287,4,2591,17,6878,California
Siskiyou,2021-02-21,1,9470,1,3782,0,5688,0,0,1,4288,0,2591,1,6879,California
Siskiyou,2021-02-22,124,9594,1,3783,123,5811,0,0,18,4200,106,2697,18,6897,California
Siskiyou,2021-02-23,196,9790,15,3798,181,5992,0,0,52,4108,144,2841,52,6949,California
Siskiyou,2021-02-24,147,9937,4,3802,143,6135,0,0,35,4031,112,2953,35,6984,California
Siskiyou,2021-02-25,300,10237,24,3826,276,6411,0,0,154,4039,146,3099,154,7138,California
Siskiyou,2021-02-26,668,10905,9,3835,659,7070,0,0,366,4103,302,3401,366,7504,California
Siskiyou,2021-02-27,33,10938,5,3840,28,7098,0,0,28,4126,5,3406,28,7532,California
Siskiyou,2021-02-28,5,10943,4,3844,1,7099,0,0,4,4129,1,3407,4,7536,California
Siskiyou,2021-03-01,280,11223,6,3850,274,7373,0,0,50,3949,230,3637,50,7586,California
Siskiyou,2021-03-02,190,11413,1,3851,189,7562,0,0,70,3899,120,3757,70,7656,California
Siskiyou,2021-03-03,343,11756,7,3858,336,7898,0,0,153,3862,190,3947,153,7809,California
Siskiyou,2021-03-04,782,12538,610,4468,172,8070,0,0,626,4332,156,4103,626,8435,California
Siskiyou,2021-03-05,325,12863,6,4474,308,8378,11,11,104,4229,218,4321,115,8550,California
Siskiyou,2021-03-06,43,12906,3,4477,33,8411,7,18,28,4249,15,4336,35,8585,California
Siskiyou,2021-03-07,12,12918,4,4481,0,8411,8,26,3,4251,9,4345,11,8596,California
Siskiyou,2021-03-08,361,13279,31,4512,295,8706,35,61,59,4043,302,4647,94,8690,California
Siskiyou,2021-03-09,161,13440,0,4512,108,8814,53,114,55,4045,106,4753,108,8798,California
Siskiyou,2021-03-10,220,13660,7,4519,183,8997,30,144,31,3917,189,4942,61,8859,California
Siskiyou,2021-03-11,470,14130,203,4722,220,9217,47,191,270,4035,199,5141,317,9176,California
Siskiyou,2021-03-12,646,14776,141,4863,466,9683,39,230,184,3798,460,5601,223,9399,California
Siskiyou,2021-03-13,428,15204,381,5244,24,9707,23,253,382,4157,46,5647,405,9804,California
Siskiyou,2021-03-14,20,15224,1,5245,3,9710,16,269,2,4157,18,5665,18,9822,California
Siskiyou,2021-03-15,453,15677,257,5502,176,9886,20,289,321,4366,132,5797,341,10163,California
Siskiyou,2021-03-16,255,15932,32,5534,206,10092,17,306,140,4409,114,5911,157,10320,California
Siskiyou,2021-03-17,202,16134,9,5543,185,10277,8,314,34,4283,168,6079,42,10362,California
Siskiyou,2021-03-18,926,17060,788,6331,126,10403,12,326,810,4989,116,6195,822,11184,California
Siskiyou,2021-03-19,66,17126,9,6340,44,10447,13,339,20,4976,46,6241,33,11217,California
Siskiyou,2021-03-20,30,17156,7,6347,18,10465,5,344,6,4963,24,6265,11,11228,California
Siskiyou,2021-03-21,10,17166,4,6351,1,10466,5,349,4,4966,6,6271,9,11237,California
Siskiyou,2021-03-22,207,17373,21,6372,164,10630,22,371,144,5072,60,6331,166,11403,California
Siskiyou,2021-03-23,195,17568,19,6391,166,10796,10,381,141,5169,54,6385,151,11554,California
Siskiyou,2021-03-24,141,17709,48,6439,93,10889,0,381,116,5260,25,6410,116,11670,California
Siskiyou,2021-03-25,569,18278,318,6757,248,11137,3,384,398,5490,171,6581,401,12071,California
Siskiyou,2021-03-26,304,18582,35,6792,269,11406,0,384,104,5396,198,6779,104,12175,California
Siskiyou,2021-03-27,37,18619,4,6796,28,11434,5,389,9,5382,28,6807,14,12189,California
Siskiyou,2021-03-28,8,18627,7,6803,1,11435,0,389,5,5384,3,6810,5,12194,California
Siskiyou,2021-03-29,98,18725,11,6814,85,11520,2,391,47,5383,50,6860,49,12243,California
Siskiyou,2021-03-30,99,18824,4,6818,94,11614,1,392,39,5363,60,6920,40,12283,California
Siskiyou,2021-03-31,190,19014,21,6839,166,11780,3,395,50,5278,139,7059,54,12337,California
Siskiyou,2021-04-01,823,19837,667,7506,156,11936,0,395,217,4889,606,7665,217,12554,California
Siskiyou,2021-04-02,345,20182,197,7703,144,12080,4,399,65,4680,278,7943,69,12623,California
Siskiyou,2021-04-03,26,20208,5,7708,14,12094,7,406,5,4671,21,7964,12,12635,California
Siskiyou,2021-04-04,2,20210,2,7710,0,12094,0,406,1,4671,1,7965,1,12636,California
Siskiyou,2021-04-05,436,20646,330,8040,79,12173,27,433,24,4311,411,8376,51,12687,California
Siskiyou,2021-04-06,214,20860,32,8072,129,12302,53,486,122,4394,91,8467,174,12861,California
Siskiyou,2021-04-07,115,20975,11,8083,62,12364,42,528,65,4451,50,8517,107,12968,California
Siskiyou,2021-04-08,346,21321,183,8266,122,12486,41,569,60,4266,286,8803,101,13069,California
Siskiyou,2021-04-09,547,21868,380,8646,130,12616,37,606,84,3926,462,9265,122,13191,California
Siskiyou,2021-04-10,46,21914,6,8652,3,12619,37,643,7,3931,39,9304,44,13235,California
Siskiyou,2021-04-11,8,21922,5,8657,1,12620,2,645,2,3929,6,9310,4,13239,California
Siskiyou,2021-04-12,129,22051,25,8682,103,12723,1,646,49,3899,80,9390,50,13289,California
Siskiyou,2021-04-13,204,22255,36,8718,167,12890,1,647,78,3852,126,9516,79,13368,California
Siskiyou,2021-04-14,158,22413,66,8784,92,12982,0,647,86,3868,70,9586,86,13454,California
Siskiyou,2021-04-15,1116,23529,956,9740,160,13142,0,647,436,3624,680,10266,436,13890,California
Siskiyou,2021-04-16,289,23818,198,9938,91,13233,0,647,258,3852,30,10296,258,14148,California
Siskiyou,2021-04-17,12,23830,9,9947,3,13236,0,647,8,3856,4,10300,8,14156,California
Siskiyou,2021-04-18,5,23835,3,9950,2,13238,0,647,2,3855,3,10303,2,14158,California
Siskiyou,2021-04-19,125,23960,22,9972,103,13341,0,647,43,3816,82,10385,43,14201,California
Siskiyou,2021-04-20,236,24196,4,9976,232,13573,0,647,93,3766,143,10528,93,14294,California
Siskiyou,2021-04-21,96,24292,12,9988,84,13657,0,647,26,3722,70,10598,26,14320,California
Siskiyou,2021-04-22,414,24706,302,10290,112,13769,0,647,50,3408,364,10962,50,14370,California
Siskiyou,2021-04-23,158,24864,13,10303,145,13914,0,647,136,3523,21,10983,136,14506,California
Siskiyou,2021-04-24,27,24891,4,10307,23,13937,0,647,19,3534,8,10991,19,14525,California
Siskiyou,2021-04-25,2,24893,0,10307,2,13939,0,647,2,3536,0,10991,2,14527,California
Siskiyou,2021-04-26,100,24993,7,10314,88,14027,5,652,25,3491,75,11066,30,14557,California
Siskiyou,2021-04-27,102,25095,3,10317,97,14124,2,654,83,3560,16,11082,85,14642,California
Siskiyou,2021-04-28,111,25206,9,10326,94,14218,8,662,54,3565,57,11139,62,14704,California
Siskiyou,2021-04-29,100,25306,14,10340,85,14303,1,663,29,3524,71,11210,30,14734,California
Siskiyou,2021-04-30,83,25389,18,10358,64,14367,1,664,38,3520,42,11252,38,14772,California
Siskiyou,2021-05-01,8,25397,4,10362,1,14368,3,667,5,3525,3,11255,8,14780,California
Solano,2020-12-15,4,4,4,4,0,0,0,0,4,4,0,0,4,4,California
Solano,2020-12-16,71,75,71,75,0,0,0,0,71,75,0,0,71,75,California
Solano,2020-12-17,153,228,153,228,0,0,0,0,153,228,0,0,153,228,California
Solano,2020-12-18,445,673,444,672,1,1,0,0,445,673,0,0,445,673,California
Solano,2020-12-19,517,1190,517,1189,0,1,0,0,517,1190,0,0,517,1190,California
Solano,2020-12-20,355,1545,353,1542,2,3,0,0,355,1545,0,0,355,1545,California
Solano,2020-12-21,573,2118,571,2113,2,5,0,0,573,2118,0,0,573,2118,California
Solano,2020-12-22,663,2781,630,2743,33,38,0,0,663,2781,0,0,663,2781,California
Solano,2020-12-23,860,3641,773,3516,87,125,0,0,859,3640,0,0,859,3640,California
Solano,2020-12-24,421,4062,170,3686,251,376,0,0,421,4061,0,0,421,4061,California
Solano,2020-12-25,10,4072,2,3688,8,384,0,0,10,4071,0,0,10,4071,California
Solano,2020-12-26,175,4247,48,3736,127,511,0,0,175,4246,0,0,175,4246,California
Solano,2020-12-27,104,4351,29,3765,75,586,0,0,104,4350,0,0,104,4350,California
Solano,2020-12-28,864,5215,421,4186,443,1029,0,0,864,5214,0,0,864,5214,California
Solano,2020-12-29,893,6108,374,4560,519,1548,0,0,893,6107,0,0,893,6107,California
Solano,2020-12-30,1211,7319,599,5159,612,2160,0,0,1211,7318,0,0,1211,7318,California
Solano,2020-12-31,537,7856,136,5295,401,2561,0,0,537,7855,0,0,537,7855,California
Solano,2021-01-01,14,7870,13,5308,1,2562,0,0,14,7869,0,0,14,7869,California
Solano,2021-01-02,212,8082,164,5472,48,2610,0,0,212,8081,0,0,212,8081,California
Solano,2021-01-03,57,8139,40,5512,17,2627,0,0,52,8133,0,0,52,8133,California
Solano,2021-01-04,450,8589,245,5757,205,2832,0,0,440,8570,3,3,440,8573,California
Solano,2021-01-05,725,9314,377,6134,348,3180,0,0,571,8992,149,152,571,9144,California
Solano,2021-01-06,843,10157,436,6570,407,3587,0,0,581,9313,260,412,581,9725,California
Solano,2021-01-07,1064,11221,683,7253,381,3968,0,0,607,9466,455,867,608,10333,California
Solano,2021-01-08,1135,12356,777,8030,358,4326,0,0,542,9435,575,1442,544,10877,California
Solano,2021-01-09,885,13241,763,8793,122,4448,0,0,428,9409,454,1896,428,11305,California
Solano,2021-01-10,254,13495,194,8987,60,4508,0,0,153,9461,101,1997,153,11458,California
Solano,2021-01-11,1328,14823,1117,10104,211,4719,0,0,812,9757,516,2513,812,12270,California
Solano,2021-01-12,1566,16389,1168,11272,398,5117,0,0,1015,10223,550,3063,1016,13286,California
Solano,2021-01-13,1464,17853,1004,12276,460,5577,0,0,1204,11169,258,3321,1204,14490,California
Solano,2021-01-14,1868,19721,798,13074,1070,6647,0,0,1554,12409,314,3635,1554,16044,California
Solano,2021-01-15,1694,21415,1059,14133,635,7282,0,0,1396,13507,298,3933,1396,17440,California
Solano,2021-01-16,1290,22705,903,15036,387,7669,0,0,1115,14447,175,4108,1115,18555,California
Solano,2021-01-17,1043,23748,760,15796,283,7952,0,0,1025,15454,18,4126,1025,19580,California
Solano,2021-01-18,1415,25163,857,16653,558,8510,0,0,1297,16635,118,4244,1299,20879,California
Solano,2021-01-19,1645,26808,1336,17989,309,8819,0,0,1373,17737,271,4515,1373,22252,California
Solano,2021-01-20,2032,28840,1421,19410,611,9430,0,0,1547,18802,482,4997,1547,23799,California
Solano,2021-01-21,3159,31999,1001,20411,2158,11588,0,0,2815,21274,344,5341,2816,26615,California
Solano,2021-01-22,1754,33753,843,21254,911,12499,0,0,1564,22648,190,5531,1564,28179,California
Solano,2021-01-23,733,34486,239,21493,494,12993,0,0,530,22975,204,5735,531,28710,California
Solano,2021-01-24,402,34888,60,21553,342,13335,0,0,336,23245,66,5801,336,29046,California
Solano,2021-01-25,1640,36528,622,22175,1018,14353,0,0,1089,23784,551,6352,1090,30136,California
Solano,2021-01-26,1774,38302,737,22912,1037,15390,0,0,1142,24296,631,6983,1143,31279,California
Solano,2021-01-27,1775,40077,725,23637,1050,16440,0,0,1181,24896,581,7564,1181,32460,California
Solano,2021-01-28,1903,41980,703,24340,1200,17640,0,0,1312,25619,590,8154,1313,33773,California
Solano,2021-01-29,1698,43678,783,25123,915,18555,0,0,1345,26613,351,8505,1345,35118,California
Solano,2021-01-30,710,44388,220,25343,490,19045,0,0,549,27001,161,8666,549,35667,California
Solano,2021-01-31,486,44874,394,25737,92,19137,0,0,231,26978,255,8921,232,35899,California
Solano,2021-02-01,1507,46381,987,26724,520,19657,0,0,766,27006,738,9659,766,36665,California
Solano,2021-02-02,3352,49733,1112,27836,2240,21897,0,0,2530,28718,818,10477,2530,39195,California
Solano,2021-02-03,2259,51992,1303,29139,956,22853,0,0,1165,28793,1090,11567,1165,40360,California
Solano,2021-02-04,1795,53787,908,30047,887,23740,0,0,1077,29157,713,12280,1077,41437,California
Solano,2021-02-05,3077,56864,1408,31455,1669,25409,0,0,2078,30245,990,13270,2078,43515,California
Solano,2021-02-06,3044,59908,1169,32624,1875,27284,0,0,2229,31663,811,14081,2229,45744,California
Solano,2021-02-07,849,60757,785,33409,64,27348,0,0,232,31278,617,14698,232,45976,California
Solano,2021-02-08,1739,62496,1233,34642,506,27854,0,0,705,30951,1032,15730,705,46681,California
Solano,2021-02-09,1915,64411,1481,36123,434,28288,0,0,689,30415,1225,16955,689,47370,California
Solano,2021-02-10,2261,66672,1500,37623,761,29049,0,0,830,29814,1431,18386,830,48200,California
Solano,2021-02-11,2457,69129,1448,39071,1009,30058,0,0,1173,29714,1273,19659,1173,49373,California
Solano,2021-02-12,4158,73287,1599,40670,2559,32617,0,0,2837,31237,1314,20973,2837,52210,California
Solano,2021-02-13,2820,76107,245,40915,2575,35192,0,0,2432,33284,385,21358,2432,54642,California
Solano,2021-02-14,691,76798,201,41116,490,35682,0,0,411,33418,278,21636,412,55054,California
Solano,2021-02-15,1298,78096,324,41440,974,36656,0,0,673,33467,624,22260,673,55727,California
Solano,2021-02-16,2495,80591,1327,42767,1168,37824,0,0,1646,34265,848,23108,1646,57373,California
Solano,2021-02-17,2922,83513,1433,44200,1489,39313,0,0,1940,35227,979,24087,1941,59314,California
Solano,2021-02-18,2744,86257,845,45045,1899,41212,0,0,822,34135,1915,26002,823,60137,California
Solano,2021-02-19,2354,88611,1405,46450,949,42161,0,0,1142,34071,1208,27210,1144,61281,California
Solano,2021-02-20,2548,91159,381,46831,2167,44328,0,0,2077,35676,472,27682,2077,63358,California
Solano,2021-02-21,2141,93300,1860,48691,281,44609,0,0,1857,37253,280,27962,1857,65215,California
Solano,2021-02-22,1711,95011,1042,49733,669,45278,0,0,906,37357,803,28765,907,66122,California
Solano,2021-02-23,2823,97834,1087,50820,1736,47014,0,0,1922,38381,898,29663,1922,68044,California
Solano,2021-02-24,2463,100297,1234,52054,1229,48243,0,0,1384,38688,1077,30740,1384,69428,California
Solano,2021-02-25,2376,102673,1431,53485,945,49188,0,0,1297,38912,1073,31813,1297,70725,California
Solano,2021-02-26,2951,105624,1809,55294,1142,50330,0,0,1643,39252,1303,33116,1643,72368,California
Solano,2021-02-27,3644,109268,1373,56667,2270,52600,1,1,2952,41521,684,33800,2953,75321,California
Solano,2021-02-28,1355,110623,1039,57706,316,52916,0,1,1078,42325,274,34074,1078,76399,California
Solano,2021-03-01,2418,113041,1049,58755,1368,54284,1,2,1816,43544,598,34672,1817,78216,California
Solano,2021-03-02,2145,115186,1363,60118,782,55066,0,2,1268,43935,877,35549,1268,79484,California
Solano,2021-03-03,2202,117388,1251,61369,951,56017,0,2,1370,44482,824,36373,1371,80855,California
Solano,2021-03-04,4335,121723,3399,64768,934,56951,2,4,3151,46461,1177,37550,3156,84011,California
Solano,2021-03-05,4886,126609,1663,66431,3218,60169,5,9,3944,49478,932,38482,3949,87960,California
Solano,2021-03-06,3833,130442,826,67257,2968,63137,39,48,2644,50981,1180,39662,2683,90643,California
Solano,2021-03-07,3534,133976,735,67992,2789,65926,10,58,1950,51368,1574,41236,1961,92604,California
Solano,2021-03-08,2106,136082,1314,69306,522,66448,270,328,1594,52722,508,41744,1862,94466,California
Solano,2021-03-09,3128,139210,1508,70814,1568,68016,52,380,2269,54181,859,42603,2318,96784,California
Solano,2021-03-10,2366,141576,1716,72530,564,68580,86,466,1251,54405,1111,43714,1335,98119,California
Solano,2021-03-11,5977,147553,1724,74254,3999,72579,254,720,4934,58551,1042,44756,5188,103307,California
Solano,2021-03-12,5955,153508,1560,75814,4222,76801,173,893,3176,59125,2775,47531,3349,106656,California
Solano,2021-03-13,4571,158079,804,76618,3683,80484,84,977,2241,59129,2323,49854,2327,108983,California
Solano,2021-03-14,3987,162066,3111,79729,423,80907,453,1430,1652,58901,2330,52184,2102,111085,California
Solano,2021-03-15,3999,166065,2443,82172,1239,82146,317,1747,2511,60249,1480,53664,2828,113913,California
Solano,2021-03-16,3054,169119,1324,83496,1495,83641,235,1982,1559,60552,1490,55154,1793,115706,California
Solano,2021-03-17,6244,175363,1662,85158,4491,88132,91,2073,4828,64058,1413,56567,4919,120625,California
Solano,2021-03-18,5155,180518,1817,86975,3302,91434,36,2109,3805,66556,1342,57909,3840,124465,California
Solano,2021-03-19,3242,183760,2327,89302,842,92276,73,2182,1748,66891,1487,59396,1822,126287,California
Solano,2021-03-20,5492,189252,1666,90968,3772,96048,54,2236,2823,67108,2660,62056,2877,129164,California
Solano,2021-03-21,1664,190916,1563,92531,77,96125,24,2260,851,67170,811,62867,873,130037,California
Solano,2021-03-22,2642,193558,2018,94549,574,96699,50,2310,1668,67916,968,63835,1714,131751,California
Solano,2021-03-23,3439,196997,1609,96158,1787,98486,43,2353,1439,67401,1996,65831,1481,133232,California
Solano,2021-03-24,2805,199802,1757,97915,1014,99500,34,2387,1366,67368,1433,67264,1400,134632,California
Solano,2021-03-25,4818,204620,3948,101863,835,100335,35,2422,2268,67126,2546,69810,2304,136936,California
Solano,2021-03-26,3205,207825,2081,103944,1088,101423,36,2458,1739,67443,1458,71268,1775,138711,California
Solano,2021-03-27,4181,212006,1146,105090,2999,104422,36,2494,1800,66904,2375,73643,1836,140547,California
Solano,2021-03-28,1411,213417,1103,106193,290,104712,18,2512,566,66648,841,74484,585,141132,California
Solano,2021-03-29,3460,216877,2027,108220,1416,106128,17,2529,1599,66412,1852,76336,1616,142748,California
Solano,2021-03-30,2981,219858,2007,110227,884,107012,90,2619,1895,67313,1084,77420,1985,144733,California
Solano,2021-03-31,3106,222964,2111,112338,836,107848,159,2778,1841,68047,1262,78682,1996,146729,California
Solano,2021-04-01,5489,228453,2077,114415,3268,111116,144,2922,3480,69676,1996,80678,3625,150354,California
Solano,2021-04-02,6466,234919,2208,116623,4092,115208,166,3088,2484,68358,3967,84645,2649,153003,California
Solano,2021-04-03,1516,236435,956,117579,407,115615,153,3241,552,68101,962,85607,705,153708,California
Solano,2021-04-04,777,237212,286,117865,190,115805,301,3542,239,68107,534,86141,540,154248,California
Solano,2021-04-05,2951,240163,2010,119875,735,116540,206,3748,1505,68373,1444,87585,1710,155958,California
Solano,2021-04-06,5724,245887,1617,121492,3617,120157,490,4238,1556,66256,4162,91747,2045,158003,California
Solano,2021-04-07,5672,251559,4352,125844,927,121084,393,4631,3212,67412,2448,94195,3604,161607,California
Solano,2021-04-08,6377,257936,1762,127606,3760,124844,855,5486,1786,65482,4565,98760,2635,164242,California
Solano,2021-04-09,6135,264071,1638,129244,3728,128572,769,6255,1503,63140,4613,103373,2271,166513,California
Solano,2021-04-10,1702,265773,944,130188,445,129017,313,6568,785,63322,916,104289,1098,167611,California
Solano,2021-04-11,1202,266975,741,130929,334,129351,127,6695,617,63484,582,104871,744,168355,California
Solano,2021-04-12,3242,270217,1666,132595,1217,130568,359,7054,1340,63284,1897,106768,1697,170052,California
Solano,2021-04-13,2518,272735,1086,133681,1431,131999,1,7055,1315,63401,1199,107967,1316,171368,California
Solano,2021-04-14,6349,279084,1925,135606,4424,136423,0,7055,1880,60825,4456,112423,1880,173248,California
Solano,2021-04-15,5382,284466,2117,137723,3265,139688,0,7055,1626,58706,3745,116168,1626,174874,California
Solano,2021-04-16,3640,288106,2551,140274,1087,140775,2,7057,2272,59619,1361,117529,2274,177148,California
Solano,2021-04-17,3226,291332,1057,141331,2169,142944,0,7057,1131,58663,2088,119617,1132,178280,California
Solano,2021-04-18,994,292326,599,141930,395,143339,0,7057,529,58728,464,120081,529,178809,California
Solano,2021-04-19,2049,294375,1154,143084,895,144234,0,7057,1138,58962,906,120987,1140,179949,California
Solano,2021-04-20,2982,297357,1816,144900,1166,145400,0,7057,1670,59323,1309,122296,1670,181619,California
Solano,2021-04-21,3460,300817,2295,147195,1165,146565,0,7057,1740,59348,1715,124011,1740,183359,California
Solano,2021-04-22,2878,303695,1434,148629,1444,148009,0,7057,1765,60003,1110,125121,1765,185124,California
Solano,2021-04-23,4092,307787,2045,150674,2047,150056,0,7057,2452,60825,1631,126752,2453,187577,California
Solano,2021-04-24,3290,311077,2214,152888,1074,151130,2,7059,2346,62286,887,127639,2348,189925,California
Solano,2021-04-25,1430,312507,1116,154004,314,151444,0,7059,1131,63125,292,127931,1131,191056,California
Solano,2021-04-26,2372,314879,1550,155554,818,152262,4,7063,1261,63291,1099,129030,1265,192321,California
Solano,2021-04-27,2267,317146,1198,156752,1046,153308,23,7086,1263,63580,998,130028,1287,193608,California
Solano,2021-04-28,3800,320946,2859,159611,900,154208,41,7127,2460,64749,1332,131360,2501,196109,California
Solano,2021-04-29,2546,323492,956,160567,1559,155767,31,7158,1088,64419,1449,132809,1119,197228,California
Solano,2021-04-30,2828,326320,1458,162025,1296,157063,74,7232,1362,64397,1459,134268,1437,198665,California
Solano,2021-05-01,1458,327778,1212,163237,185,157248,61,7293,820,64645,634,134902,882,199547,California
Sonoma,2020-12-15,4,4,4,4,0,0,0,0,4,4,0,0,4,4,California
Sonoma,2020-12-16,27,31,27,31,0,0,0,0,27,31,0,0,27,31,California
Sonoma,2020-12-17,103,134,103,134,0,0,0,0,103,134,0,0,103,134,California
Sonoma,2020-12-18,421,555,421,555,0,0,0,0,421,555,0,0,421,555,California
Sonoma,2020-12-19,111,666,110,665,1,1,0,0,111,666,0,0,111,666,California
Sonoma,2020-12-20,174,840,174,839,0,1,0,0,174,840,0,0,174,840,California
Sonoma,2020-12-21,910,1750,908,1747,2,3,0,0,909,1749,0,0,909,1749,California
Sonoma,2020-12-22,1354,3104,1262,3009,92,95,0,0,1354,3103,0,0,1354,3103,California
Sonoma,2020-12-23,1605,4709,1229,4238,376,471,0,0,1606,4709,0,0,1606,4709,California
Sonoma,2020-12-24,305,5014,101,4339,204,675,0,0,305,5014,0,0,305,5014,California
Sonoma,2020-12-25,8,5022,2,4341,6,681,0,0,8,5022,0,0,8,5022,California
Sonoma,2020-12-26,267,5289,256,4597,11,692,0,0,267,5289,0,0,267,5289,California
Sonoma,2020-12-27,93,5382,80,4677,13,705,0,0,93,5382,0,0,93,5382,California
Sonoma,2020-12-28,986,6368,552,5229,434,1139,0,0,957,6339,0,0,957,6339,California
Sonoma,2020-12-29,1129,7497,776,6005,353,1492,0,0,1095,7434,0,0,1095,7434,California
Sonoma,2020-12-30,1093,8590,479,6484,614,2106,0,0,1085,8519,0,0,1085,8519,California
Sonoma,2020-12-31,517,9107,71,6555,446,2552,0,0,518,9037,0,0,518,9037,California
Sonoma,2021-01-01,10,9117,5,6560,5,2557,0,0,10,9047,0,0,10,9047,California
Sonoma,2021-01-02,132,9249,126,6686,6,2563,0,0,132,9179,0,0,132,9179,California
Sonoma,2021-01-03,25,9274,11,6697,14,2577,0,0,25,9204,0,0,25,9204,California
Sonoma,2021-01-04,341,9615,105,6802,236,2813,0,0,340,9544,0,0,340,9544,California
Sonoma,2021-01-05,438,10053,102,6904,336,3149,0,0,414,9943,15,15,414,9958,California
Sonoma,2021-01-06,947,11000,433,7337,514,3663,0,0,835,10673,105,120,835,10793,California
Sonoma,2021-01-07,1029,12029,535,7872,494,4157,0,0,859,11363,169,289,859,11652,California
Sonoma,2021-01-08,1785,13814,1229,9101,556,4713,0,0,1314,12208,469,758,1314,12966,California
Sonoma,2021-01-09,640,14454,403,9504,237,4950,0,0,592,12752,48,806,592,13558,California
Sonoma,2021-01-10,472,14926,461,9965,11,4961,0,0,279,12838,193,999,279,13837,California
Sonoma,2021-01-11,1382,16308,1236,11201,146,5107,0,0,414,12288,964,1963,414,14251,California
Sonoma,2021-01-12,1546,17854,1293,12494,253,5360,0,0,395,11534,1149,3112,395,14646,California
Sonoma,2021-01-13,2073,19927,1427,13921,646,6006,0,0,1212,11888,858,3970,1212,15858,California
Sonoma,2021-01-14,1530,21457,808,14729,722,6728,0,0,1300,12958,230,4200,1300,17158,California
Sonoma,2021-01-15,1564,23021,634,15363,930,7658,0,0,1344,14092,211,4411,1345,18503,California
Sonoma,2021-01-16,1143,24164,616,15979,527,8185,0,0,897,14747,242,4653,897,19400,California
Sonoma,2021-01-17,669,24833,548,16527,121,8306,0,0,588,15254,81,4734,588,19988,California
Sonoma,2021-01-18,1104,25937,931,17458,173,8479,0,0,614,15379,490,5224,615,20603,California
Sonoma,2021-01-19,2094,28031,1004,18462,1090,9569,0,0,1385,16058,707,5931,1386,21989,California
Sonoma,2021-01-20,2073,30104,624,19086,1449,11018,0,0,1412,16819,652,6583,1413,23402,California
Sonoma,2021-01-21,2236,32340,621,19707,1615,12633,0,0,2017,18620,217,6800,2018,25420,California
Sonoma,2021-01-22,2731,35071,1038,20745,1693,14326,0,0,2583,21056,147,6947,2583,28003,California
Sonoma,2021-01-23,767,35838,592,21337,175,14501,0,0,660,21610,106,7053,660,28663,California
Sonoma,2021-01-24,851,36689,715,22052,136,14637,0,0,835,22429,16,7069,835,29498,California
Sonoma,2021-01-25,2171,38860,520,22572,1651,16288,0,0,1684,23626,487,7556,1684,31182,California
Sonoma,2021-01-26,2013,40873,301,22873,1712,18000,0,0,1557,24728,455,8011,1557,32739,California
Sonoma,2021-01-27,3697,44570,1279,24152,2418,20418,0,0,3124,27284,571,8582,3127,35866,California
Sonoma,2021-01-28,4115,48685,1845,25997,2270,22688,0,0,3445,30063,667,9249,3446,39312,California
Sonoma,2021-01-29,2963,51648,1409,27406,1554,24242,0,0,2131,31365,830,10079,2132,41444,California
Sonoma,2021-01-30,2584,54232,2396,29802,188,24430,0,0,2244,33270,340,10419,2245,43689,California
Sonoma,2021-01-31,777,55009,665,30467,112,24542,0,0,579,33652,197,10616,579,44268,California
Sonoma,2021-02-01,2503,57512,884,31351,1619,26161,0,0,2098,35348,402,11018,2098,46366,California
Sonoma,2021-02-02,3447,60959,1368,32719,2079,28240,0,0,2881,37665,564,11582,2881,49247,California
Sonoma,2021-02-03,4035,64994,1323,34042,2712,30952,0,0,3105,39842,928,12510,3105,52352,California
Sonoma,2021-02-04,4196,69190,1708,35750,2488,33440,0,0,3415,42479,779,13289,3416,55768,California
Sonoma,2021-02-05,4811,74001,1739,37489,3072,36512,0,0,3798,45269,1009,14298,3799,59567,California
Sonoma,2021-02-06,2654,76655,2294,39783,360,36872,0,0,2096,46808,557,14855,2096,61663,California
Sonoma,2021-02-07,1535,78190,1400,41183,135,37007,0,0,1284,47841,251,15106,1284,62947,California
Sonoma,2021-02-08,3254,81444,1033,42216,2221,39228,0,0,2674,49936,579,15685,2674,65621,California
Sonoma,2021-02-09,3563,85007,1697,43913,1866,41094,0,0,3084,52544,477,16162,3085,68706,California
Sonoma,2021-02-10,4526,89533,2475,46388,2051,43145,0,0,3491,55007,1029,17191,3492,72198,California
Sonoma,2021-02-11,5558,95091,3008,49396,2550,45695,0,0,4378,58207,1178,18369,4378,76576,California
Sonoma,2021-02-12,5892,100983,3236,52632,2656,48351,0,0,4473,61268,1415,19784,4476,81052,California
Sonoma,2021-02-13,1983,102966,1152,53784,831,49182,0,0,1202,61692,778,20562,1202,82254,California
Sonoma,2021-02-14,2314,105280,1821,55605,493,49675,0,0,1569,62517,744,21306,1569,83823,California
Sonoma,2021-02-15,2138,107418,791,56396,1347,51022,0,0,1606,63592,531,21837,1606,85429,California
Sonoma,2021-02-16,4894,112312,2051,58447,2843,53865,0,0,3641,65984,1249,23086,3641,89070,California
Sonoma,2021-02-17,5585,117897,2890,61337,2695,56560,0,0,3586,67581,1991,25077,3588,92658,California
Sonoma,2021-02-18,6915,124812,3132,64469,3783,60343,0,0,4003,68680,2904,27981,4003,96661,California
Sonoma,2021-02-19,5511,130323,1664,66133,3847,64190,0,0,3414,70003,2092,30073,3415,100076,California
Sonoma,2021-02-20,3122,133445,2842,68975,280,64470,0,0,1218,69323,1898,31971,1218,101294,California
Sonoma,2021-02-21,517,133962,413,69388,104,64574,0,0,128,69065,386,32357,128,101422,California
Sonoma,2021-02-22,2871,136833,1353,70741,1518,66092,0,0,1196,68591,1670,34027,1196,102618,California
Sonoma,2021-02-23,3356,140189,2068,72809,1288,67380,0,0,1614,68467,1738,35765,1614,104232,California
Sonoma,2021-02-24,5629,145818,2539,75348,3090,70470,0,0,2909,68663,2715,38480,2911,107143,California
Sonoma,2021-02-25,5781,151599,2231,77579,3550,74020,0,0,3100,69103,2660,41140,3100,110243,California
Sonoma,2021-02-26,6246,157845,2748,80327,3498,77518,0,0,3964,70790,2277,43417,3964,114207,California
Sonoma,2021-02-27,4018,161863,1904,82231,2114,79632,0,0,2681,72136,1335,44752,2681,116888,California
Sonoma,2021-02-28,2332,164195,1848,84079,484,80116,0,0,612,71038,1710,46462,612,117500,California
Sonoma,2021-03-01,3734,167929,1129,85208,2605,82721,0,0,1877,71069,1847,48309,1878,119378,California
Sonoma,2021-03-02,4329,172258,1472,86680,2857,85578,0,0,2584,71916,1737,50046,2584,121962,California
Sonoma,2021-03-03,5020,177278,2624,89304,2396,87974,0,0,2307,71517,2706,52752,2307,124269,California
Sonoma,2021-03-04,5903,183181,2656,91960,3247,91221,0,0,2565,70758,3324,56076,2565,126834,California
Sonoma,2021-03-05,6418,189599,2810,94770,3593,94814,15,15,2702,69773,3703,59779,2718,129552,California
Sonoma,2021-03-06,2775,192374,1211,95981,1430,96244,134,149,1909,70955,860,60639,2042,131594,California
Sonoma,2021-03-07,1681,194055,1393,97374,253,96497,35,184,356,70023,1323,61962,391,131985,California
Sonoma,2021-03-08,4043,198098,653,98027,3215,99712,175,359,2376,70915,1657,63619,2549,134534,California
Sonoma,2021-03-09,5478,203576,3001,101028,2235,101947,242,601,2674,71034,2797,66416,2916,137450,California
Sonoma,2021-03-10,5939,209515,3167,104195,2445,104392,327,928,2395,70225,3530,69946,2721,140171,California
Sonoma,2021-03-11,7509,217024,2991,107186,3698,108090,820,1748,2555,68655,4946,74892,3376,143547,California
Sonoma,2021-03-12,7389,224413,2262,109448,3766,111856,1361,3109,2104,66849,5266,80158,3460,147007,California
Sonoma,2021-03-13,3245,227658,1543,110991,1467,113323,235,3344,1852,67541,1392,81550,2084,149091,California
Sonoma,2021-03-14,1378,229036,382,111373,855,114178,141,3485,850,68006,525,82075,990,150081,California
Sonoma,2021-03-15,5218,234254,1497,112870,3336,117514,385,3870,2191,67561,3019,85094,2574,152655,California
Sonoma,2021-03-16,6267,240521,2234,115104,3801,121315,232,4102,2902,67335,3359,88453,3133,155788,California
Sonoma,2021-03-17,6734,247255,3519,118623,3035,124350,180,4282,3282,67355,3441,91894,3461,159249,California
Sonoma,2021-03-18,7109,254364,2932,121555,3564,127914,613,4895,3180,67222,3923,95817,3790,163039,California
Sonoma,2021-03-19,7476,261840,3230,124785,4015,131929,231,5126,3192,66384,4265,100082,3427,166466,California
Sonoma,2021-03-20,3626,265466,1744,126529,1052,132981,830,5956,1971,67533,1648,101730,2797,169263,California
Sonoma,2021-03-21,1379,266845,602,127131,744,133725,33,5989,1214,68617,163,101893,1247,170510,California
Sonoma,2021-03-22,4492,271337,3088,130219,1303,135028,101,6090,3402,71034,1086,102979,3503,174013,California
Sonoma,2021-03-23,5793,277130,3599,133818,2118,137146,76,6166,4422,74169,1363,104342,4498,178511,California
Sonoma,2021-03-24,6592,283722,4263,138081,2263,139409,66,6232,3985,75629,2590,106932,4050,182561,California
Sonoma,2021-03-25,6972,290694,4187,142268,2679,142088,106,6338,4224,77234,2726,109658,4331,186892,California
Sonoma,2021-03-26,7267,297961,3444,145712,3734,145822,89,6427,3807,77685,3445,113103,3896,190788,California
Sonoma,2021-03-27,3797,301758,1501,147213,1934,147756,362,6789,1122,76500,2669,115772,1484,192272,California
Sonoma,2021-03-28,1503,303261,945,148158,531,148287,27,6816,943,76913,557,116329,970,193242,California
Sonoma,2021-03-29,2853,306114,1092,149250,1728,150015,33,6849,1582,77261,1267,117596,1615,194857,California
Sonoma,2021-03-30,5677,311791,3126,152376,2489,152504,62,6911,2994,77640,2677,120273,3056,197913,California
Sonoma,2021-03-31,5493,317284,3335,155711,1944,154448,214,7125,3205,78782,2278,122551,3420,201333,California
Sonoma,2021-04-01,6676,323960,3966,159677,2374,156822,336,7461,3579,79608,3081,125632,3907,205240,California
Sonoma,2021-04-02,5906,329866,3536,163213,2261,159083,109,7570,3559,80936,2341,127973,3669,208909,California
Sonoma,2021-04-03,3364,333230,1645,164858,1499,160582,220,7790,1461,80725,1891,129864,1680,210589,California
Sonoma,2021-04-04,1057,334287,687,165545,280,160862,90,7880,666,81094,387,130251,756,211345,California
Sonoma,2021-04-05,4355,338642,588,166133,3430,164292,337,8217,1639,80360,2710,132961,1976,213321,California
Sonoma,2021-04-06,6836,345478,3467,169600,2969,167261,400,8617,3968,81871,2855,135816,4366,217687,California
Sonoma,2021-04-07,6744,352222,3807,173407,2103,169364,834,9451,3271,82508,3464,139280,4101,221788,California
Sonoma,2021-04-08,7488,359710,4091,177498,2628,171992,769,10220,4081,83958,3396,142676,4846,226634,California
Sonoma,2021-04-09,6748,366458,3754,181252,2109,174101,885,11105,3464,85031,3272,145948,4345,230979,California
Sonoma,2021-04-10,3820,370278,1679,182931,1588,175689,553,11658,1093,83954,2718,148666,1641,232620,California
Sonoma,2021-04-11,1277,371555,603,183534,593,176282,81,11739,433,83625,843,149509,514,233134,California
Sonoma,2021-04-12,4932,376487,2053,185587,2397,178679,482,12221,1846,82868,3078,152587,2321,235455,California
Sonoma,2021-04-13,7780,384267,4611,190198,3167,181846,2,12223,2958,81014,4814,157401,2960,238415,California
Sonoma,2021-04-14,6354,390621,3589,193787,2745,184591,20,12243,2502,79698,3837,161238,2521,240936,California
Sonoma,2021-04-15,7097,397718,4036,197823,3061,187652,0,12243,3501,79614,3585,164823,3501,244437,California
Sonoma,2021-04-16,6783,404501,3411,201234,3371,191023,1,12244,3847,80531,2931,167754,3848,248285,California
Sonoma,2021-04-17,3071,407572,1494,202728,1577,192600,0,12244,1489,80445,1576,169330,1490,249775,California
Sonoma,2021-04-18,1200,408772,808,203536,392,192992,0,12244,369,79985,829,170159,369,250144,California
Sonoma,2021-04-19,3276,412048,1873,205409,1403,194395,0,12244,1444,79600,1829,171988,1444,251588,California
Sonoma,2021-04-20,6256,418304,3450,208859,2806,197201,0,12244,2371,78099,3873,175861,2372,253960,California
Sonoma,2021-04-21,6322,424626,4180,213039,2140,199341,2,12246,2913,77618,3395,179256,2914,256874,California
Sonoma,2021-04-22,6017,430643,4352,217391,1665,201006,0,12246,2463,76540,3541,182797,2463,259337,California
Sonoma,2021-04-23,7244,437887,4597,221988,2641,203647,6,12252,3609,76530,3626,186423,3616,262953,California
Sonoma,2021-04-24,2690,440577,1480,223468,1196,204843,14,12266,1524,76904,1164,187587,1538,264491,California
Sonoma,2021-04-25,1075,441652,783,224251,292,205135,0,12266,427,76685,646,188233,427,264918,California
Sonoma,2021-04-26,2554,444206,1238,225489,1291,206426,25,12291,1435,77032,1113,189346,1460,266378,California
Sonoma,2021-04-27,5026,449232,3590,229079,1340,207766,96,12387,2100,76316,2912,192258,2196,268574,California
Sonoma,2021-04-28,4102,453334,2712,231791,1222,208988,168,12555,1807,76004,2282,194540,1970,270544,California
Sonoma,2021-04-29,4043,457377,2902,234693,1004,209992,137,12692,1437,74980,2599,197139,1575,272119,California
Sonoma,2021-04-30,3874,461251,2674,237367,1150,211142,50,12742,1317,73796,2552,199691,1368,273487,California
Sonoma,2021-05-01,1712,462963,1391,238758,290,211432,31,12773,1052,74221,658,200349,1083,274570,California
Stanislaus,2020-12-15,3,3,3,3,0,0,0,0,3,3,0,0,3,3,California
Stanislaus,2020-12-16,37,40,37,40,0,0,0,0,37,40,0,0,37,40,California
Stanislaus,2020-12-17,74,114,74,114,0,0,0,0,74,114,0,0,74,114,California
Stanislaus,2020-12-18,337,451,331,445,6,6,0,0,337,451,0,0,337,451,California
Stanislaus,2020-12-19,133,584,133,578,0,6,0,0,133,584,0,0,133,584,California
Stanislaus,2020-12-20,85,669,85,663,0,6,0,0,85,669,0,0,85,669,California
Stanislaus,2020-12-21,997,1666,996,1659,1,7,0,0,996,1665,0,0,996,1665,California
Stanislaus,2020-12-22,795,2461,783,2442,12,19,0,0,795,2460,0,0,795,2460,California
Stanislaus,2020-12-23,447,2908,430,2872,17,36,0,0,446,2906,0,0,446,2906,California
Stanislaus,2020-12-24,97,3005,88,2960,9,45,0,0,97,3003,0,0,97,3003,California
Stanislaus,2020-12-26,51,3056,8,2968,43,88,0,0,51,3054,0,0,51,3054,California
Stanislaus,2020-12-27,11,3067,6,2974,5,93,0,0,11,3065,0,0,11,3065,California
Stanislaus,2020-12-28,489,3556,394,3368,95,188,0,0,489,3554,0,0,489,3554,California
Stanislaus,2020-12-29,494,4050,416,3784,78,266,0,0,494,4048,0,0,494,4048,California
Stanislaus,2020-12-30,534,4584,279,4063,255,521,0,0,533,4580,1,1,533,4581,California
Stanislaus,2020-12-31,275,4859,156,4219,119,640,0,0,275,4855,0,1,275,4856,California
Stanislaus,2021-01-01,12,4871,4,4223,8,648,0,0,12,4867,0,1,12,4868,California
Stanislaus,2021-01-02,31,4902,24,4247,7,655,0,0,31,4898,0,1,31,4899,California
Stanislaus,2021-01-03,90,4992,87,4334,3,658,0,0,90,4988,0,1,90,4989,California
Stanislaus,2021-01-04,111,5103,32,4366,79,737,0,0,111,5099,0,1,111,5100,California
Stanislaus,2021-01-05,832,5935,341,4707,491,1228,0,0,810,5893,21,22,815,5915,California
Stanislaus,2021-01-06,950,6885,547,5254,403,1631,0,0,880,6707,67,89,881,6796,California
Stanislaus,2021-01-07,1076,7961,700,5954,376,2007,0,0,960,7553,115,204,961,7757,California
Stanislaus,2021-01-08,1279,9240,723,6677,556,2563,0,0,938,8157,338,542,942,8699,California
Stanislaus,2021-01-09,285,9525,141,6818,144,2707,0,0,195,8262,90,632,195,8894,California
Stanislaus,2021-01-10,48,9573,21,6839,27,2734,0,0,29,8272,19,651,29,8923,California
Stanislaus,2021-01-11,1519,11092,1244,8083,275,3009,0,0,595,7965,918,1569,611,9534,California
Stanislaus,2021-01-12,1461,12553,861,8944,600,3609,0,0,825,8164,632,2201,831,10365,California
Stanislaus,2021-01-13,1422,13975,672,9616,750,4359,0,0,1102,8953,320,2521,1109,11474,California
Stanislaus,2021-01-14,2219,16194,279,9895,1940,6299,0,0,2065,10922,152,2673,2121,13595,California
Stanislaus,2021-01-15,2804,18998,1145,11040,1659,7958,0,0,2663,13517,137,2810,2732,16327,California
Stanislaus,2021-01-16,468,19466,50,11090,418,8376,0,0,453,13958,14,2824,455,16782,California
Stanislaus,2021-01-17,243,19709,201,11291,42,8418,0,0,237,14190,5,2829,237,17019,California
Stanislaus,2021-01-18,2180,21889,1021,12312,1159,9577,0,0,1809,15693,366,3195,1869,18888,California
Stanislaus,2021-01-19,1248,23137,720,13032,528,10105,0,0,805,16058,441,3636,806,19694,California
Stanislaus,2021-01-20,998,24135,483,13515,515,10620,0,0,708,16477,289,3925,708,20402,California
Stanislaus,2021-01-21,3635,27770,2941,16456,694,11314,0,0,3332,19595,301,4226,3419,23821,California
Stanislaus,2021-01-22,1058,28828,306,16762,752,12066,0,0,1014,20573,40,4266,1018,24839,California
Stanislaus,2021-01-23,338,29166,38,16800,300,12366,0,0,282,20804,55,4321,286,25125,California
Stanislaus,2021-01-24,292,29458,100,16900,192,12558,0,0,226,20966,66,4387,228,25353,California
Stanislaus,2021-01-25,3135,32593,225,17125,2910,15468,0,0,2831,23624,304,4691,2962,28315,California
Stanislaus,2021-01-26,1719,34312,743,17868,976,16444,0,0,1298,24520,417,5108,1313,29628,California
Stanislaus,2021-01-27,1828,36140,990,18858,838,17282,0,0,1173,25047,647,5755,1174,30802,California
Stanislaus,2021-01-28,2194,38334,1500,20358,694,17976,0,0,1715,26340,471,6226,1764,32566,California
Stanislaus,2021-01-29,2428,40762,1189,21547,1239,19215,0,0,1911,27822,472,6698,1954,34520,California
Stanislaus,2021-01-30,290,41052,129,21676,161,19376,0,0,227,27997,52,6750,227,34747,California
Stanislaus,2021-01-31,364,41416,311,21987,53,19429,0,0,350,28336,11,6761,350,35097,California
Stanislaus,2021-02-01,1252,42668,548,22535,704,20133,0,0,911,28916,331,7092,911,36008,California
Stanislaus,2021-02-02,1231,43899,372,22907,859,20992,0,0,779,29255,444,7536,783,36791,California
Stanislaus,2021-02-03,2458,46357,1080,23987,1378,22370,0,0,1791,30389,663,8199,1797,38588,California
Stanislaus,2021-02-04,2083,48440,720,24707,1363,23733,0,0,1571,31461,504,8703,1576,40164,California
Stanislaus,2021-02-05,2830,51270,1457,26164,1373,25106,0,0,1592,31871,1186,9889,1596,41760,California
Stanislaus,2021-02-06,882,52152,299,26463,583,25689,0,0,692,32376,188,10077,693,42453,California
Stanislaus,2021-02-07,212,52364,188,26651,24,25713,0,0,42,32250,169,10246,43,42496,California
Stanislaus,2021-02-08,2009,54373,1314,27965,695,26408,0,0,1097,32471,880,11126,1101,43597,California
Stanislaus,2021-02-09,1822,56195,774,28739,1048,27456,0,0,1042,32753,764,11890,1046,44643,California
Stanislaus,2021-02-10,1926,58121,530,29269,1396,28852,0,0,1013,32873,895,12785,1015,45658,California
Stanislaus,2021-02-11,5352,63473,3251,32520,2101,30953,0,0,1224,30144,3957,16742,1228,46886,California
Stanislaus,2021-02-12,3276,66749,907,33427,2369,33322,0,0,1452,29834,1763,18505,1453,48339,California
Stanislaus,2021-02-13,1346,68095,648,34075,698,34020,0,0,979,30454,363,18868,983,49322,California
Stanislaus,2021-02-14,420,68515,169,34244,251,34271,0,0,351,30738,67,18935,351,49673,California
Stanislaus,2021-02-15,1791,70306,217,34461,1574,35845,0,0,570,30191,1122,20057,575,50248,California
Stanislaus,2021-02-16,1353,71659,416,34877,937,36782,0,0,575,29997,771,20828,577,50825,California
Stanislaus,2021-02-17,2721,74380,1659,36536,1062,37844,0,0,1936,31158,782,21610,1943,52768,California
Stanislaus,2021-02-18,3333,77713,1885,38421,1448,39292,0,0,1791,31489,1469,23079,1800,54568,California
Stanislaus,2021-02-19,2701,80414,1043,39464,1658,40950,0,0,1519,31869,1148,24227,1528,56096,California
Stanislaus,2021-02-20,743,81157,376,39840,367,41317,0,0,482,32107,246,24473,484,56580,California
Stanislaus,2021-02-21,870,82027,655,40495,215,41532,0,0,523,32314,327,24800,534,57114,California
Stanislaus,2021-02-22,2330,84357,1683,42178,647,42179,0,0,1634,33278,672,25472,1636,58750,California
Stanislaus,2021-02-23,3685,88042,679,42857,3006,45185,0,0,1734,33203,1815,27287,1740,60490,California
Stanislaus,2021-02-24,4134,92176,2826,45683,1308,46493,0,0,3125,35339,993,28280,3129,63619,California
Stanislaus,2021-02-25,3857,96033,2628,48311,1229,47722,0,0,3061,37624,779,29059,3064,66683,California
Stanislaus,2021-02-26,4150,100183,1192,49503,2958,50680,0,0,2807,39139,1301,30360,2816,69499,California
Stanislaus,2021-02-27,2066,102249,696,50199,1369,52049,1,1,1840,40781,199,30559,1841,71340,California
Stanislaus,2021-02-28,799,103048,257,50456,542,52591,0,1,754,41498,38,30597,755,72095,California
Stanislaus,2021-03-01,2719,105767,1590,52046,1129,53720,0,1,1600,42001,1102,31699,1605,73700,California
Stanislaus,2021-03-02,2362,108129,1402,53448,959,54679,1,2,1645,42937,710,32409,1646,75346,California
Stanislaus,2021-03-03,3691,111820,2216,55664,1473,56152,2,4,2892,45046,783,33192,2892,78238,California
Stanislaus,2021-03-04,5383,117203,3067,58731,2300,58452,16,20,4185,48066,1177,34369,4197,82435,California
Stanislaus,2021-03-05,4002,121205,1104,59835,2882,61334,16,36,3043,50180,944,35313,3058,85493,California
Stanislaus,2021-03-06,3564,124769,2218,62053,1253,62587,93,129,2714,52143,846,36159,2809,88302,California
Stanislaus,2021-03-07,838,125607,380,62433,422,63009,36,165,650,52647,182,36341,686,88988,California
Stanislaus,2021-03-08,1971,127578,847,63280,1036,64045,88,253,1315,53404,645,36986,1402,90390,California
Stanislaus,2021-03-09,2154,129732,886,64166,1176,65221,92,345,1621,54596,525,37511,1717,92107,California
Stanislaus,2021-03-10,5021,134753,2469,66635,2331,67552,221,566,3709,57241,1296,38807,3941,96048,California
Stanislaus,2021-03-11,5695,140448,3125,69760,2095,69647,475,1041,4127,60431,1414,40221,4604,100652,California
Stanislaus,2021-03-12,5740,146188,1216,70976,2605,72252,1919,2960,2915,62450,2811,43032,4830,105482,California
Stanislaus,2021-03-13,3354,149542,2159,73135,1127,73379,68,3028,2681,64537,667,43699,2754,108236,California
Stanislaus,2021-03-14,973,150515,577,73712,345,73724,51,3079,484,64588,487,44186,538,108774,California
Stanislaus,2021-03-15,3671,154186,1963,75675,1352,75076,356,3435,1600,64574,1977,46163,1963,110737,California
Stanislaus,2021-03-16,4886,159072,2435,78110,2041,77117,410,3845,3527,67169,1341,47504,3936,114673,California
Stanislaus,2021-03-17,4697,163769,2846,80956,1675,78792,176,4021,2879,68430,1800,49304,3061,117734,California
Stanislaus,2021-03-18,5395,169164,3405,84361,1924,80716,66,4087,2969,69190,2280,51584,3040,120774,California
Stanislaus,2021-03-19,5905,175069,1522,85883,2858,83574,1525,5612,3102,71038,2778,54362,4626,125400,California
Stanislaus,2021-03-20,3827,178896,2994,88877,765,84339,68,5680,3357,74000,463,54825,3425,128825,California
Stanislaus,2021-03-21,977,179873,877,89754,35,84374,65,5745,746,74581,230,55055,811,129636,California
Stanislaus,2021-03-22,2793,182666,1308,91062,761,85135,724,6469,1239,75004,1539,56594,1962,131598,California
Stanislaus,2021-03-23,3929,186595,2008,93070,1661,86796,260,6729,2810,76988,1102,57696,3086,134684,California
Stanislaus,2021-03-24,4513,191108,3200,96270,1245,88041,68,6797,2632,77851,1840,59536,2703,137387,California
Stanislaus,2021-03-25,4219,195327,2900,99170,1303,89344,16,6813,1812,77346,2334,61870,1829,139216,California
Stanislaus,2021-03-26,4698,200025,1328,100498,3295,92639,75,6888,2373,77515,2292,64162,2461,141677,California
Stanislaus,2021-03-27,4294,204319,2691,103189,1574,94213,29,6917,1390,76059,2888,67050,1432,143109,California
Stanislaus,2021-03-28,1092,205411,432,103621,555,94768,105,7022,345,75783,739,67789,463,143572,California
Stanislaus,2021-03-29,2944,208355,1804,105425,1101,95869,39,7061,1977,76846,960,68749,2023,145595,California
Stanislaus,2021-03-30,3634,211989,2033,107458,1574,97443,27,7088,2222,77697,1407,70156,2258,147853,California
Stanislaus,2021-03-31,5364,217353,3803,111261,1444,98887,117,7205,2750,77981,2598,72754,2882,150735,California
Stanislaus,2021-04-01,5687,223040,3809,115070,1789,100676,89,7294,2615,77651,3059,75813,2729,153464,California
Stanislaus,2021-04-02,4919,227959,1199,116269,3570,104246,150,7444,2194,77370,2643,78456,2362,155826,California
Stanislaus,2021-04-03,4508,232467,3281,119550,1190,105436,37,7481,2222,77374,2278,80734,2282,158108,California
Stanislaus,2021-04-04,1303,233770,469,120019,805,106241,29,7510,647,77410,651,81385,687,158795,California
Stanislaus,2021-04-05,3598,237368,2514,122533,834,107075,250,7760,2336,78747,1255,82640,2592,161387,California
Stanislaus,2021-04-06,5668,243036,4146,126679,1249,108324,273,8033,3022,79416,2633,85273,3302,164689,California
Stanislaus,2021-04-07,6310,249346,3580,130259,2311,110635,419,8452,2816,79175,3481,88754,3240,167929,California
Stanislaus,2021-04-08,5621,254967,3281,133540,1909,112544,431,8883,2721,79448,2884,91638,3157,171086,California
Stanislaus,2021-04-09,4766,259733,2068,135608,2332,114876,366,9249,2157,79393,2591,94229,2536,173622,California
Stanislaus,2021-04-10,6428,266161,3937,139545,858,115734,1633,10882,1964,78540,4444,98673,3591,177213,California
Stanislaus,2021-04-11,1501,267662,837,140382,531,116265,133,11015,651,78477,848,99521,785,177998,California
Stanislaus,2021-04-12,3545,271207,2005,142387,1096,117361,444,11459,1841,79074,1695,101216,2292,180290,California
Stanislaus,2021-04-13,5131,276338,3361,145748,1757,119118,13,11472,2880,79741,2218,103434,2885,183175,California
Stanislaus,2021-04-14,4598,280936,3217,148965,1381,120499,0,11472,2230,79639,2338,105772,2236,185411,California
Stanislaus,2021-04-15,5361,286297,3303,152268,2056,122555,2,11474,3234,80786,2091,107863,3238,188649,California
Stanislaus,2021-04-16,4244,290541,967,153235,3277,125832,0,11474,1795,80172,2411,110274,1797,190446,California
Stanislaus,2021-04-17,3102,293643,2069,155304,1033,126865,0,11474,1806,80697,1285,111559,1810,192256,California
Stanislaus,2021-04-18,519,294162,206,155510,313,127178,0,11474,399,80984,114,111673,401,192657,California
Stanislaus,2021-04-19,3442,297604,2445,157955,997,128175,0,11474,1651,80881,1762,113435,1659,194316,California
Stanislaus,2021-04-20,3957,301561,2401,160356,1556,129731,0,11474,1742,80435,2190,115625,1744,196060,California
Stanislaus,2021-04-21,3770,305331,2512,162868,1257,130988,1,11475,1616,79937,2121,117746,1623,197683,California
Stanislaus,2021-04-22,3929,309260,2390,165258,1539,132527,0,11475,1586,79227,2301,120047,1591,199274,California
Stanislaus,2021-04-23,3573,312833,837,166095,2736,135263,0,11475,1467,78686,2015,122062,1474,200748,California
Stanislaus,2021-04-24,3711,316544,2909,169004,802,136065,0,11475,1754,78505,1942,124004,1761,202509,California
Stanislaus,2021-04-25,931,317475,477,169481,454,136519,0,11475,687,78958,239,124243,692,203201,California
Stanislaus,2021-04-26,3151,320626,2221,171702,924,137443,6,11481,945,77725,2191,126434,958,204159,California
Stanislaus,2021-04-27,3781,324407,2653,174355,1086,138529,42,11523,1064,76132,2700,129134,1107,205266,California
Stanislaus,2021-04-28,3959,328366,2844,177199,1057,139586,58,11581,1747,75755,2197,131331,1820,207086,California
Stanislaus,2021-04-29,3235,331601,1928,179127,1261,140847,46,11627,1235,75065,1988,133319,1298,208384,California
Stanislaus,2021-04-30,3765,335366,1754,180881,1992,142839,19,11646,1433,74236,2324,135643,1495,209879,California
Stanislaus,2021-05-01,2136,337502,1661,182542,463,143302,12,11658,684,73505,1450,137093,719,210598,California
Sutter,2020-12-15,1,1,1,1,0,0,0,0,1,1,0,0,1,1,California
Sutter,2020-12-16,4,5,4,5,0,0,0,0,4,5,0,0,4,5,California
Sutter,2020-12-17,2,7,2,7,0,0,0,0,2,7,0,0,2,7,California
Sutter,2020-12-18,20,27,20,27,0,0,0,0,20,27,0,0,20,27,California
Sutter,2020-12-19,44,71,44,71,0,0,0,0,44,71,0,0,44,71,California
Sutter,2020-12-20,42,113,42,113,0,0,0,0,42,113,0,0,42,113,California
Sutter,2020-12-21,100,213,100,213,0,0,0,0,100,213,0,0,100,213,California
Sutter,2020-12-22,172,385,172,385,0,0,0,0,172,385,0,0,172,385,California
Sutter,2020-12-23,116,501,111,496,5,5,0,0,116,501,0,0,116,501,California
Sutter,2020-12-24,17,518,11,507,6,11,0,0,17,518,0,0,17,518,California
Sutter,2020-12-26,39,557,35,542,4,15,0,0,39,557,0,0,39,557,California
Sutter,2020-12-27,24,581,23,565,1,16,0,0,24,581,0,0,24,581,California
Sutter,2020-12-28,83,664,55,620,28,44,0,0,83,664,0,0,83,664,California
Sutter,2020-12-29,101,765,14,634,87,131,0,0,101,765,0,0,101,765,California
Sutter,2020-12-30,136,901,34,668,102,233,0,0,136,901,0,0,136,901,California
Sutter,2020-12-31,70,971,6,674,64,297,0,0,70,971,0,0,70,971,California
Sutter,2021-01-01,3,974,3,677,0,297,0,0,3,974,0,0,3,974,California
Sutter,2021-01-02,133,1107,131,808,2,299,0,0,133,1107,0,0,133,1107,California
Sutter,2021-01-03,1,1108,0,808,1,300,0,0,1,1108,0,0,1,1108,California
Sutter,2021-01-04,247,1355,139,947,108,408,0,0,247,1355,0,0,247,1355,California
Sutter,2021-01-05,99,1454,56,1003,43,451,0,0,97,1450,2,2,97,1452,California
Sutter,2021-01-06,204,1658,50,1053,154,605,0,0,199,1644,5,7,199,1651,California
Sutter,2021-01-07,252,1910,151,1204,101,706,0,0,243,1879,8,15,243,1894,California
Sutter,2021-01-08,147,2057,40,1244,107,813,0,0,130,1992,17,32,130,2024,California
Sutter,2021-01-09,45,2102,43,1287,2,815,0,0,4,1955,41,73,4,2028,California
Sutter,2021-01-10,397,2499,37,1324,360,1175,0,0,359,2277,37,110,359,2387,California
Sutter,2021-01-11,132,2631,114,1438,18,1193,0,0,26,2197,106,216,26,2413,California
Sutter,2021-01-12,201,2832,164,1602,37,1230,0,0,58,2112,143,359,58,2471,California
Sutter,2021-01-13,161,2993,98,1700,63,1293,0,0,71,2094,89,448,71,2542,California
Sutter,2021-01-14,145,3138,49,1749,96,1389,0,0,126,2201,19,467,126,2668,California
Sutter,2021-01-15,436,3574,132,1881,304,1693,0,0,421,2607,15,482,421,3089,California
Sutter,2021-01-16,385,3959,42,1923,343,2036,0,0,353,2929,31,513,353,3442,California
Sutter,2021-01-17,26,3985,24,1947,2,2038,0,0,10,2923,16,529,10,3452,California
Sutter,2021-01-18,116,4101,61,2008,55,2093,0,0,69,2945,47,576,69,3521,California
Sutter,2021-01-19,104,4205,43,2051,61,2154,0,0,79,2999,25,601,79,3600,California
Sutter,2021-01-20,255,4460,190,2241,65,2219,0,0,235,3214,20,621,235,3835,California
Sutter,2021-01-21,435,4895,267,2508,168,2387,0,0,416,3611,19,640,416,4251,California
Sutter,2021-01-22,268,5163,81,2589,187,2574,0,0,259,3861,9,649,259,4510,California
Sutter,2021-01-23,398,5561,40,2629,358,2932,0,0,371,4205,27,676,371,4881,California
Sutter,2021-01-24,17,5578,14,2643,3,2935,0,0,15,4218,2,678,15,4896,California
Sutter,2021-01-25,305,5883,195,2838,110,3045,0,0,151,4216,153,831,151,5047,California
Sutter,2021-01-26,244,6127,103,2941,141,3186,0,0,145,4263,98,929,145,5192,California
Sutter,2021-01-27,385,6512,255,3196,130,3316,0,0,320,4518,65,994,320,5512,California
Sutter,2021-01-28,524,7036,301,3497,223,3539,0,0,395,4785,128,1122,395,5907,California
Sutter,2021-01-29,419,7455,146,3643,273,3812,0,0,254,4874,165,1287,254,6161,California
Sutter,2021-01-30,775,8230,38,3681,737,4549,0,0,764,5627,11,1298,764,6925,California
Sutter,2021-01-31,27,8257,27,3708,0,4549,0,0,27,5654,0,1298,27,6952,California
Sutter,2021-02-01,165,8422,49,3757,116,4665,0,0,134,5757,31,1329,134,7086,California
Sutter,2021-02-02,244,8666,27,3784,217,4882,0,0,212,5937,32,1361,212,7298,California
Sutter,2021-02-03,443,9109,38,3822,405,5287,0,0,209,5912,234,1595,209,7507,California
Sutter,2021-02-04,670,9779,366,4188,304,5591,0,0,620,6482,50,1645,620,8127,California
Sutter,2021-02-05,285,10064,32,4220,253,5844,0,0,136,6469,149,1794,136,8263,California
Sutter,2021-02-06,733,10797,28,4248,705,6549,0,0,712,7160,21,1815,712,8975,California
Sutter,2021-02-07,23,10820,20,4268,3,6552,0,0,19,7175,4,1819,19,8994,California
Sutter,2021-02-08,134,10954,29,4297,105,6657,0,0,98,7237,36,1855,98,9092,California
Sutter,2021-02-09,245,11199,45,4342,200,6857,0,0,184,7360,61,1916,184,9276,California
Sutter,2021-02-10,818,12017,379,4721,439,7296,0,0,177,6897,640,2556,177,9453,California
Sutter,2021-02-11,603,12620,274,4995,329,7625,0,0,374,7042,229,2785,374,9827,California
Sutter,2021-02-12,633,13253,67,5062,566,8191,0,0,310,7030,322,3107,310,10137,California
Sutter,2021-02-13,898,14151,49,5111,849,9040,0,0,781,7694,117,3224,781,10918,California
Sutter,2021-02-14,90,14241,25,5136,65,9105,0,0,80,7764,10,3234,80,10998,California
Sutter,2021-02-15,197,14438,72,5208,125,9230,0,0,120,7807,77,3311,120,11118,California
Sutter,2021-02-16,288,14726,45,5253,243,9473,0,0,205,7930,82,3393,205,11323,California
Sutter,2021-02-17,823,15549,428,5681,395,9868,0,0,129,7365,694,4087,129,11452,California
Sutter,2021-02-18,699,16248,55,5736,644,10512,0,0,489,7645,209,4296,489,11941,California
Sutter,2021-02-19,663,16911,377,6113,286,10798,0,0,462,7908,199,4495,462,12403,California
Sutter,2021-02-20,617,17528,51,6164,566,11364,0,0,514,8320,102,4597,514,12917,California
Sutter,2021-02-21,29,17557,26,6190,3,11367,0,0,6,8303,23,4620,6,12923,California
Sutter,2021-02-22,207,17764,122,6312,85,11452,0,0,87,8270,120,4740,87,13010,California
Sutter,2021-02-23,224,17988,33,6345,191,11643,0,0,98,8242,126,4866,98,13108,California
Sutter,2021-02-24,958,18946,348,6693,610,12253,0,0,189,7663,768,5634,189,13297,California
Sutter,2021-02-25,776,19722,490,7183,286,12539,0,0,595,8080,178,5812,595,13892,California
Sutter,2021-02-26,368,20090,59,7242,309,12848,0,0,152,8018,214,6026,152,14044,California
Sutter,2021-02-27,864,20954,43,7285,821,13669,0,0,710,8572,156,6182,710,14754,California
Sutter,2021-02-28,83,21037,38,7323,45,13714,0,0,64,8618,18,6200,64,14818,California
Sutter,2021-03-01,247,21284,61,7384,186,13900,0,0,150,8671,97,6297,150,14968,California
Sutter,2021-03-02,334,21618,57,7441,277,14177,0,0,160,8658,173,6470,160,15128,California
Sutter,2021-03-03,1384,23002,514,7955,870,15047,0,0,647,8574,731,7201,647,15775,California
Sutter,2021-03-04,1256,24258,868,8823,388,15435,0,0,952,9226,300,7501,952,16727,California
Sutter,2021-03-05,336,24594,76,8899,259,15694,1,1,203,9298,132,7633,204,16931,California
Sutter,2021-03-06,1024,25618,46,8945,973,16667,5,6,862,10003,162,7795,867,17798,California
Sutter,2021-03-07,64,25682,23,8968,40,16707,1,7,44,10028,20,7815,45,17843,California
Sutter,2021-03-08,224,25906,77,9045,135,16842,12,19,156,10128,68,7883,168,18011,California
Sutter,2021-03-09,385,26291,135,9180,237,17079,13,32,182,10121,202,8085,195,18206,California
Sutter,2021-03-10,1568,27859,681,9861,826,17905,61,93,525,9667,1040,9125,586,18792,California
Sutter,2021-03-11,891,28750,438,10299,434,18339,19,112,646,10090,242,9367,665,19457,California
Sutter,2021-03-12,671,29421,109,10408,380,18719,182,294,198,9998,470,9837,378,19835,California
Sutter,2021-03-13,982,30403,749,11157,216,18935,17,311,782,10599,198,10035,799,20634,California
Sutter,2021-03-14,126,30529,20,11177,95,19030,11,322,41,10566,85,10120,52,20686,California
Sutter,2021-03-15,318,30847,66,11243,203,19233,49,371,151,10600,166,10286,200,20886,California
Sutter,2021-03-16,385,31232,85,11328,254,19487,46,417,208,10677,177,10463,254,21140,California
Sutter,2021-03-17,1496,32728,564,11892,913,20400,19,436,311,9830,1177,11640,330,21470,California
Sutter,2021-03-18,952,33680,166,12058,587,20987,199,635,564,10205,387,12027,762,22232,California
Sutter,2021-03-19,463,34143,164,12222,270,21257,29,664,283,10339,178,12205,312,22544,California
Sutter,2021-03-20,953,35096,116,12338,826,22083,11,675,865,11127,88,12293,876,23420,California
Sutter,2021-03-21,67,35163,47,12385,17,22100,3,678,37,11137,30,12323,40,23460,California
Sutter,2021-03-22,287,35450,121,12506,140,22240,26,704,211,11299,75,12398,237,23697,California
Sutter,2021-03-23,375,35825,114,12620,229,22469,32,736,252,11460,123,12521,284,23981,California
Sutter,2021-03-24,1684,37509,773,13393,841,23310,70,806,317,10494,1353,13874,387,24368,California
Sutter,2021-03-25,1034,38543,675,14068,318,23628,41,847,365,10233,667,14541,406,24774,California
Sutter,2021-03-26,482,39025,171,14239,294,23922,17,864,292,10355,187,14728,309,25083,California
Sutter,2021-03-27,934,39959,63,14302,869,24791,2,866,826,11078,105,14833,828,25911,California
Sutter,2021-03-28,125,40084,71,14373,54,24845,0,866,78,11111,45,14878,78,25989,California
Sutter,2021-03-29,421,40505,142,14515,224,25069,55,921,222,11191,197,15075,277,26266,California
Sutter,2021-03-30,475,40980,157,14672,308,25377,10,931,317,11360,158,15233,327,26593,California
Sutter,2021-03-31,1244,42224,175,14847,1053,26430,16,947,444,11029,790,16023,459,27052,California
Sutter,2021-04-01,1373,43597,727,15574,458,26888,188,1135,416,10683,950,16973,604,27656,California
Sutter,2021-04-02,514,44111,98,15672,298,27186,118,1253,205,10695,308,17281,320,27976,California
Sutter,2021-04-03,909,45020,76,15748,209,27395,624,1877,119,10650,788,18069,743,28719,California
Sutter,2021-04-04,117,45137,22,15770,89,27484,6,1883,55,10649,62,18131,61,28780,California
Sutter,2021-04-05,365,45502,143,15913,186,27670,36,1919,175,10673,187,18318,211,28991,California
Sutter,2021-04-06,509,46011,195,16108,258,27928,56,1975,273,10767,235,18553,329,29320,California
Sutter,2021-04-07,1476,47487,869,16977,532,28460,75,2050,613,10598,857,19410,688,30008,California
Sutter,2021-04-08,1025,48512,577,17554,339,28799,109,2159,562,10810,457,19867,669,30677,California
Sutter,2021-04-09,555,49067,245,17799,247,29046,63,2222,233,10786,320,20187,296,30973,California
Sutter,2021-04-10,817,49884,105,17904,87,29133,625,2847,103,10797,712,20899,723,31696,California
Sutter,2021-04-11,108,49992,26,17930,40,29173,42,2889,30,10791,78,20977,72,31768,California
Sutter,2021-04-12,336,50328,90,18020,192,29365,54,2943,136,10781,200,21177,190,31958,California
Sutter,2021-04-13,426,50754,123,18143,303,29668,0,2943,211,10779,213,21390,211,32169,California
Sutter,2021-04-14,1291,52045,159,18302,1131,30799,1,2944,214,9924,1071,22461,216,32385,California
Sutter,2021-04-15,465,52510,171,18473,294,31093,0,2944,179,9819,284,22745,179,32564,California
Sutter,2021-04-16,386,52896,115,18588,271,31364,0,2944,175,9784,210,22955,175,32739,California
Sutter,2021-04-17,572,53468,82,18670,490,31854,0,2944,500,10215,69,23024,500,33239,California
Sutter,2021-04-18,67,53535,8,18678,59,31913,0,2944,42,10233,24,23048,42,33281,California
Sutter,2021-04-19,289,53824,110,18788,179,32092,0,2944,121,10188,166,23214,121,33402,California
Sutter,2021-04-20,390,54214,135,18923,255,32347,0,2944,203,10205,186,23400,203,33605,California
Sutter,2021-04-21,1241,55455,423,19346,818,33165,0,2944,478,9929,754,24154,478,34083,California
Sutter,2021-04-22,465,55920,158,19504,307,33472,0,2944,248,9961,216,24370,248,34331,California
Sutter,2021-04-23,392,56312,110,19614,282,33754,0,2944,185,9940,206,24576,185,34516,California
Sutter,2021-04-24,324,56636,105,19719,219,33973,0,2944,185,9987,138,24714,185,34701,California
Sutter,2021-04-25,158,56794,76,19795,82,34055,0,2944,86,10004,69,24783,86,34787,California
Sutter,2021-04-26,259,57053,60,19855,197,34252,2,2946,117,9983,140,24923,119,34906,California
Sutter,2021-04-27,469,57522,231,20086,234,34486,4,2950,217,9956,249,25172,222,35128,California
Sutter,2021-04-28,762,58284,320,20406,434,34920,8,2958,231,9670,525,25697,239,35367,California
Sutter,2021-04-29,558,58842,42,20448,516,35436,0,2958,212,9538,344,26041,212,35579,California
Sutter,2021-04-30,234,59076,36,20484,188,35624,10,2968,74,9464,158,26199,84,35663,California
Sutter,2021-05-01,177,59253,18,20502,118,35742,41,3009,64,9458,111,26310,105,35768,California
Tehama,2020-12-15,1,1,1,1,0,0,0,0,1,1,0,0,1,1,California
Tehama,2020-12-16,2,3,2,3,0,0,0,0,2,3,0,0,2,3,California
Tehama,2020-12-17,12,15,12,15,0,0,0,0,12,15,0,0,12,15,California
Tehama,2020-12-18,2,17,2,17,0,0,0,0,3,18,0,0,3,18,California
Tehama,2020-12-21,33,50,33,50,0,0,0,0,33,51,0,0,33,51,California
Tehama,2020-12-22,68,118,62,112,6,6,0,0,68,119,0,0,68,119,California
Tehama,2020-12-23,48,166,40,152,8,14,0,0,48,167,0,0,48,167,California
Tehama,2020-12-24,5,171,3,155,2,16,0,0,5,172,0,0,5,172,California
Tehama,2020-12-26,3,174,2,157,1,17,0,0,3,175,0,0,3,175,California
Tehama,2020-12-27,2,176,2,159,0,17,0,0,2,177,0,0,2,177,California
Tehama,2020-12-28,56,232,43,202,13,30,0,0,56,233,0,0,56,233,California
Tehama,2020-12-29,31,263,31,233,0,30,0,0,31,264,0,0,31,264,California
Tehama,2020-12-30,54,317,38,271,16,46,0,0,53,317,0,0,53,317,California
Tehama,2020-12-31,14,331,4,275,10,56,0,0,14,331,0,0,14,331,California
Tehama,2021-01-01,2,333,0,275,2,58,0,0,2,333,0,0,2,333,California
Tehama,2021-01-04,32,365,9,284,23,81,0,0,32,365,0,0,32,365,California
Tehama,2021-01-05,70,435,43,327,27,108,0,0,67,429,3,3,67,432,California
Tehama,2021-01-06,71,506,21,348,50,158,0,0,62,483,8,11,62,494,California
Tehama,2021-01-07,57,563,7,355,50,208,0,0,56,538,1,12,56,550,California
Tehama,2021-01-08,32,595,24,379,8,216,0,0,27,560,5,17,27,577,California
Tehama,2021-01-09,7,602,5,384,2,218,0,0,5,563,2,19,5,582,California
Tehama,2021-01-10,1,603,0,384,1,219,0,0,1,564,0,19,1,583,California
Tehama,2021-01-11,48,651,46,430,2,221,0,0,15,546,33,52,15,598,California
Tehama,2021-01-12,116,767,96,526,20,241,0,0,71,572,45,97,71,669,California
Tehama,2021-01-13,73,840,55,581,18,259,0,0,27,553,46,143,27,696,California
Tehama,2021-01-14,225,1065,50,631,175,434,0,0,223,774,2,145,223,919,California
Tehama,2021-01-15,247,1312,74,705,173,607,0,0,243,1013,4,149,243,1162,California
Tehama,2021-01-16,272,1584,27,732,245,852,0,0,269,1279,3,152,269,1431,California
Tehama,2021-01-17,13,1597,9,741,4,856,0,0,11,1288,2,154,11,1442,California
Tehama,2021-01-18,10,1607,6,747,4,860,0,0,5,1288,5,159,5,1447,California
Tehama,2021-01-19,288,1895,62,809,226,1086,0,0,233,1466,55,214,233,1680,California
Tehama,2021-01-20,301,2196,87,896,214,1300,0,0,251,1668,49,263,251,1931,California
Tehama,2021-01-21,214,2410,11,907,203,1503,0,0,204,1862,10,273,204,2135,California
Tehama,2021-01-22,219,2629,17,924,202,1705,0,0,216,2075,3,276,216,2351,California
Tehama,2021-01-23,261,2890,10,934,251,1956,0,0,260,2334,1,277,260,2611,California
Tehama,2021-01-25,32,2922,14,948,18,1974,0,0,14,2330,18,295,14,2625,California
Tehama,2021-01-26,323,3245,42,990,281,2255,0,0,286,2579,37,332,286,2911,California
Tehama,2021-01-27,299,3544,21,1011,278,2533,0,0,279,2838,20,352,279,3190,California
Tehama,2021-01-28,340,3884,29,1040,311,2844,0,0,325,3148,15,367,325,3515,California
Tehama,2021-01-29,321,4205,19,1059,302,3146,0,0,304,3435,17,384,304,3819,California
Tehama,2021-01-30,103,4308,2,1061,101,3247,0,0,102,3536,1,385,102,3921,California
Tehama,2021-01-31,1,4309,0,1061,1,3248,0,0,1,3537,0,385,1,3922,California
Tehama,2021-02-01,78,4387,22,1083,56,3304,0,0,36,3531,42,427,36,3958,California
Tehama,2021-02-02,343,4730,63,1146,280,3584,0,0,246,3683,94,521,246,4204,California
Tehama,2021-02-03,381,5111,12,1158,369,3953,0,0,337,3976,44,565,337,4541,California
Tehama,2021-02-04,467,5578,98,1256,369,4322,0,0,388,4286,79,644,389,4930,California
Tehama,2021-02-05,169,5747,73,1329,96,4418,0,0,108,4334,61,705,109,5039,California
Tehama,2021-02-06,28,5775,13,1342,15,4433,0,0,16,4338,12,717,16,5055,California
Tehama,2021-02-07,5,5780,4,1346,1,4434,0,0,2,4337,3,720,2,5057,California
Tehama,2021-02-08,36,5816,14,1360,22,4456,0,0,27,4355,9,729,27,5084,California
Tehama,2021-02-09,78,5894,34,1394,44,4500,0,0,44,4365,34,763,44,5128,California
Tehama,2021-02-10,234,6128,62,1456,172,4672,0,0,158,4447,76,839,158,5286,California
Tehama,2021-02-11,222,6350,16,1472,206,4878,0,0,82,4391,138,977,82,5368,California
Tehama,2021-02-12,361,6711,62,1534,299,5177,0,0,175,4381,186,1163,176,5544,California
Tehama,2021-02-13,386,7097,13,1547,373,5550,0,0,147,4289,239,1402,147,5691,California
Tehama,2021-02-14,33,7130,0,1547,33,5583,0,0,32,4320,1,1403,32,5723,California
Tehama,2021-02-15,51,7181,9,1556,42,5625,0,0,45,4359,6,1409,45,5768,California
Tehama,2021-02-16,242,7423,16,1572,226,5851,0,0,60,4237,182,1591,60,5828,California
Tehama,2021-02-17,280,7703,12,1584,268,6119,0,0,54,4065,226,1817,54,5882,California
Tehama,2021-02-18,368,8071,32,1616,336,6455,0,0,144,3985,224,2041,144,6026,California
Tehama,2021-02-19,213,8284,18,1634,195,6650,0,0,42,3856,171,2212,42,6068,California
Tehama,2021-02-20,271,8555,6,1640,265,6915,0,0,26,3637,245,2457,26,6094,California
Tehama,2021-02-22,37,8592,13,1653,24,6939,0,0,24,3648,13,2470,24,6118,California
Tehama,2021-02-23,46,8638,19,1672,27,6966,0,0,26,3654,20,2490,26,6144,California
Tehama,2021-02-24,298,8936,12,1684,286,7252,0,0,26,3408,272,2762,26,6170,California
Tehama,2021-02-25,376,9312,60,1744,316,7568,0,0,37,3106,339,3101,37,6207,California
Tehama,2021-02-26,455,9767,19,1763,436,8004,0,0,70,2791,385,3486,70,6277,California
Tehama,2021-02-27,294,10061,5,1768,289,8293,0,0,34,2565,260,3746,34,6311,California
Tehama,2021-02-28,23,10084,2,1770,21,8314,0,0,20,2582,3,3749,20,6331,California
Tehama,2021-03-01,65,10149,8,1778,57,8371,0,0,31,2579,34,3783,31,6362,California
Tehama,2021-03-02,126,10275,18,1796,108,8479,0,0,30,2513,96,3879,30,6392,California
Tehama,2021-03-03,139,10414,33,1829,106,8585,0,0,47,2468,92,3971,47,6439,California
Tehama,2021-03-04,611,11025,35,1864,576,9161,0,0,222,2308,382,4353,222,6661,California
Tehama,2021-03-05,390,11415,18,1882,372,9533,0,0,214,2347,175,4528,214,6875,California
Tehama,2021-03-06,299,11714,17,1899,282,9815,0,0,81,2212,217,4745,82,6957,California
Tehama,2021-03-07,5,11719,1,1900,4,9819,0,0,3,2214,1,4746,3,6960,California
Tehama,2021-03-08,58,11777,12,1912,31,9850,15,15,27,2226,30,4776,42,7002,California
Tehama,2021-03-09,362,12139,5,1917,338,10188,19,34,307,2497,55,4831,326,7328,California
Tehama,2021-03-10,351,12490,12,1929,318,10506,21,55,69,2306,281,5112,90,7418,California
Tehama,2021-03-11,483,12973,14,1943,423,10929,46,101,340,2549,143,5255,386,7804,California
Tehama,2021-03-12,304,13277,19,1962,220,11149,65,166,179,2668,125,5380,244,8048,California
Tehama,2021-03-13,45,13322,8,1970,31,11180,6,172,6,2641,39,5419,12,8060,California
Tehama,2021-03-14,51,13373,3,1973,37,11217,11,183,10,2621,41,5460,21,8081,California
Tehama,2021-03-15,151,13524,21,1994,110,11327,20,203,84,2658,67,5527,104,8185,California
Tehama,2021-03-16,410,13934,14,2008,358,11685,38,241,310,2907,99,5626,348,8533,California
Tehama,2021-03-17,422,14356,22,2030,368,12053,32,273,337,3193,83,5709,369,8902,California
Tehama,2021-03-18,484,14840,25,2055,435,12488,24,297,305,3345,177,5886,329,9231,California
Tehama,2021-03-19,313,15153,23,2078,277,12765,13,310,271,3587,42,5928,284,9515,California
Tehama,2021-03-20,40,15193,8,2086,30,12795,2,312,28,3605,12,5940,30,9545,California
Tehama,2021-03-21,12,15205,5,2091,7,12802,0,312,12,3617,0,5940,12,9557,California
Tehama,2021-03-22,90,15295,7,2098,66,12868,17,329,49,3642,41,5981,66,9623,California
Tehama,2021-03-23,85,15380,24,2122,54,12922,7,336,66,3696,19,6000,73,9696,California
Tehama,2021-03-24,86,15466,16,2138,68,12990,2,338,55,3722,31,6031,57,9753,California
Tehama,2021-03-25,514,15980,351,2489,150,13140,13,351,467,4156,46,6077,480,10233,California
Tehama,2021-03-26,481,16461,374,2863,95,13235,12,363,406,4499,75,6152,418,10651,California
Tehama,2021-03-27,440,16901,348,3211,67,13302,25,388,373,4831,66,6218,398,11049,California
Tehama,2021-03-28,34,16935,13,3224,21,13323,0,388,22,4841,12,6230,22,11071,California
Tehama,2021-03-29,123,17058,32,3256,90,13413,1,389,78,4875,44,6274,78,11149,California
Tehama,2021-03-30,363,17421,212,3468,149,13562,2,391,249,5012,114,6388,251,11400,California
Tehama,2021-03-31,379,17800,278,3746,98,13660,3,394,307,5250,71,6459,309,11709,California
Tehama,2021-04-01,523,18323,243,3989,274,13934,6,400,389,5511,134,6593,395,12104,California
Tehama,2021-04-02,444,18767,204,4193,234,14168,6,406,260,5592,184,6777,265,12369,California
Tehama,2021-04-03,61,18828,3,4196,53,14221,5,411,30,5596,31,6808,35,12404,California
Tehama,2021-04-04,34,18862,6,4202,27,14248,1,412,22,5607,12,6820,23,12427,California
Tehama,2021-04-05,114,18976,20,4222,68,14316,26,438,59,5637,55,6875,85,12512,California
Tehama,2021-04-06,483,19459,105,4327,327,14643,51,489,135,5475,348,7223,186,12698,California
Tehama,2021-04-07,418,19877,279,4606,95,14738,44,533,304,5709,113,7336,347,13045,California
Tehama,2021-04-08,597,20474,172,4778,387,15125,38,571,228,5607,368,7704,266,13311,California
Tehama,2021-04-09,420,20894,186,4964,201,15326,33,604,208,5638,210,7914,241,13552,California
Tehama,2021-04-10,72,20966,9,4973,37,15363,26,630,39,5670,33,7947,65,13617,California
Tehama,2021-04-11,33,20999,7,4980,15,15378,11,641,8,5664,25,7972,19,13636,California
Tehama,2021-04-12,113,21112,6,4986,88,15466,19,660,44,5658,69,8041,63,13699,California
Tehama,2021-04-13,297,21409,57,5043,240,15706,0,660,63,5487,234,8275,63,13762,California
Tehama,2021-04-14,465,21874,49,5092,416,16122,0,660,51,5125,413,8688,51,13813,California
Tehama,2021-04-15,495,22369,192,5284,303,16425,0,660,85,4800,410,9098,85,13898,California
Tehama,2021-04-16,584,22953,332,5616,252,16677,0,660,95,4406,489,9587,95,13993,California
Tehama,2021-04-17,345,23298,266,5882,79,16756,0,660,51,4165,293,9880,52,14045,California
Tehama,2021-04-18,16,23314,2,5884,14,16770,0,660,12,4173,4,9884,12,14057,California
Tehama,2021-04-19,93,23407,7,5891,86,16856,0,660,41,4162,52,9936,41,14098,California
Tehama,2021-04-20,500,23907,412,6303,88,16944,0,660,149,3964,349,10285,151,14249,California
Tehama,2021-04-21,510,24417,437,6740,73,17017,0,660,183,3820,327,10612,183,14432,California
Tehama,2021-04-22,508,24925,358,7098,150,17167,0,660,151,3615,356,10968,151,14583,California
Tehama,2021-04-23,432,25357,335,7433,97,17264,0,660,203,3590,229,11197,204,14787,California
Tehama,2021-04-24,104,25461,18,7451,86,17350,0,660,30,3546,74,11271,30,14817,California
Tehama,2021-04-25,29,25490,18,7469,11,17361,0,660,11,3539,18,11289,11,14828,California
Tehama,2021-04-26,72,25562,7,7476,65,17426,0,660,43,3553,29,11318,43,14871,California
Tehama,2021-04-27,249,25811,204,7680,45,17471,0,660,94,3492,155,11473,94,14965,California
Tehama,2021-04-28,323,26134,244,7924,62,17533,17,677,60,3306,263,11736,77,15042,California
Tehama,2021-04-29,282,26416,126,8050,151,17684,5,682,51,3132,230,11966,56,15098,California
Tehama,2021-04-30,279,26695,212,8262,63,17747,4,686,91,3039,188,12154,95,15193,California
Tehama,2021-05-01,61,26756,3,8265,57,17804,1,687,9,2997,52,12206,10,15203,California
Trinity,2020-12-17,4,4,4,4,0,0,0,0,4,4,0,0,4,4,California
Trinity,2020-12-18,2,6,2,6,0,0,0,0,2,6,0,0,2,6,California
Trinity,2020-12-21,39,45,39,45,0,0,0,0,39,45,0,0,39,45,California
Trinity,2020-12-22,5,50,5,50,0,0,0,0,5,50,0,0,5,50,California
Trinity,2020-12-23,5,55,5,55,0,0,0,0,5,55,0,0,5,55,California
Trinity,2020-12-28,30,85,30,85,0,0,0,0,30,85,0,0,30,85,California
Trinity,2020-12-29,8,93,7,92,1,1,0,0,8,93,0,0,8,93,California
Trinity,2020-12-30,10,103,8,100,2,3,0,0,10,103,0,0,10,103,California
Trinity,2020-12-31,2,105,1,101,1,4,0,0,2,105,0,0,2,105,California
Trinity,2021-01-04,27,132,0,101,27,31,0,0,26,131,0,0,26,131,California
Trinity,2021-01-05,2,134,1,102,1,32,0,0,2,133,0,0,2,133,California
Trinity,2021-01-06,24,158,4,106,20,52,0,0,20,149,4,4,20,153,California
Trinity,2021-01-08,49,207,2,108,47,99,0,0,48,195,2,6,48,201,California
Trinity,2021-01-11,42,249,39,147,3,102,0,0,4,161,38,44,4,205,California
Trinity,2021-01-12,9,258,7,154,2,104,0,0,4,160,5,49,4,209,California
Trinity,2021-01-13,7,265,4,158,3,107,0,0,4,161,3,52,4,213,California
Trinity,2021-01-14,4,269,1,159,3,110,0,0,4,165,0,52,4,217,California
Trinity,2021-01-15,4,273,0,159,4,114,0,0,4,169,0,52,4,221,California
Trinity,2021-01-16,4,277,0,159,4,118,0,0,4,173,0,52,4,225,California
Trinity,2021-01-18,31,308,31,190,0,118,0,0,1,144,30,82,1,226,California
Trinity,2021-01-19,96,404,14,204,82,200,0,0,82,212,14,96,82,308,California
Trinity,2021-01-20,19,423,3,207,16,216,0,0,17,227,2,98,17,325,California
Trinity,2021-01-21,17,440,7,214,10,226,0,0,17,244,0,98,17,342,California
Trinity,2021-01-22,5,445,1,215,4,230,0,0,5,249,0,98,5,347,California
Trinity,2021-01-23,7,452,3,218,4,234,0,0,7,256,0,98,7,354,California
Trinity,2021-01-25,14,466,1,219,13,247,0,0,13,268,1,99,13,367,California
Trinity,2021-01-26,10,476,1,220,9,256,0,0,9,276,1,100,9,376,California
Trinity,2021-01-27,12,488,0,220,12,268,0,0,12,288,0,100,12,388,California
Trinity,2021-01-28,13,501,3,223,10,278,0,0,10,295,3,103,10,398,California
Trinity,2021-01-29,3,504,1,224,2,280,0,0,2,296,1,104,2,400,California
Trinity,2021-01-30,12,516,11,235,1,281,0,0,12,308,0,104,12,412,California
Trinity,2021-02-01,2,518,1,236,1,282,0,0,1,308,1,105,1,413,California
Trinity,2021-02-02,13,531,3,239,10,292,0,0,13,321,0,105,13,426,California
Trinity,2021-02-03,6,537,1,240,5,297,0,0,3,321,3,108,3,429,California
Trinity,2021-02-04,42,579,32,272,10,307,0,0,35,349,7,115,35,464,California
Trinity,2021-02-05,350,929,0,272,350,657,0,0,320,639,30,145,320,784,California
Trinity,2021-02-06,210,1139,5,277,205,862,0,0,203,835,7,152,203,987,California
Trinity,2021-02-07,1,1140,0,277,1,863,0,0,1,836,0,152,1,988,California
Trinity,2021-02-08,25,1165,0,277,25,888,0,0,15,841,10,162,15,1003,California
Trinity,2021-02-09,27,1192,2,279,25,913,0,0,11,836,16,178,11,1014,California
Trinity,2021-02-10,122,1314,10,289,112,1025,0,0,102,918,20,198,102,1116,California
Trinity,2021-02-11,339,1653,2,291,337,1362,0,0,332,1243,7,205,332,1448,California
Trinity,2021-02-12,14,1667,6,297,8,1370,0,0,10,1249,4,209,10,1458,California
Trinity,2021-02-13,12,1679,5,302,7,1377,0,0,5,1247,7,216,5,1463,California
Trinity,2021-02-14,2,1681,2,304,0,1377,0,0,2,1249,0,216,2,1465,California
Trinity,2021-02-15,47,1728,0,304,47,1424,0,0,47,1296,0,216,47,1512,California
Trinity,2021-02-16,6,1734,2,306,4,1428,0,0,3,1296,3,219,3,1515,California
Trinity,2021-02-17,94,1828,2,308,92,1520,0,0,84,1370,10,229,84,1599,California
Trinity,2021-02-18,4,1832,0,308,4,1524,0,0,1,1368,3,232,1,1600,California
Trinity,2021-02-19,304,2136,2,310,302,1826,0,0,290,1644,14,246,290,1890,California
Trinity,2021-02-20,141,2277,14,324,127,1953,0,0,113,1729,28,274,113,2003,California
Trinity,2021-02-22,8,2285,0,324,8,1961,0,0,5,1731,3,277,5,2008,California
Trinity,2021-02-23,11,2296,4,328,7,1968,0,0,6,1732,5,282,6,2014,California
Trinity,2021-02-24,30,2326,8,336,22,1990,0,0,7,1716,23,305,7,2021,California
Trinity,2021-02-25,36,2362,23,359,13,2003,0,0,5,1690,31,336,5,2026,California
Trinity,2021-02-26,11,2373,1,360,10,2013,0,0,5,1689,6,342,5,2031,California
Trinity,2021-02-27,9,2382,7,367,2,2015,0,0,4,1688,5,347,4,2035,California
Trinity,2021-03-01,8,2390,0,367,8,2023,0,0,5,1690,3,350,5,2040,California
Trinity,2021-03-02,9,2399,3,370,6,2029,0,0,2,1685,7,357,2,2042,California
Trinity,2021-03-03,5,2404,0,370,5,2034,0,0,4,1688,1,358,4,2046,California
Trinity,2021-03-04,20,2424,15,385,5,2039,0,0,13,1694,7,365,13,2059,California
Trinity,2021-03-05,388,2812,1,386,387,2426,0,0,121,1552,263,628,121,2180,California
Trinity,2021-03-06,202,3014,7,393,195,2621,0,0,27,1404,175,803,27,2207,California
Trinity,2021-03-07,4,3018,3,396,1,2622,0,0,3,1406,1,804,3,2210,California
Trinity,2021-03-08,3,3021,0,396,2,2624,1,1,1,1406,2,806,2,2212,California
Trinity,2021-03-09,94,3115,0,396,92,2716,2,3,89,1492,5,811,91,2303,California
Trinity,2021-03-10,126,3241,3,399,120,2836,3,6,38,1445,88,899,41,2344,California
Trinity,2021-03-11,13,3254,3,402,8,2844,2,8,4,1442,9,908,6,2350,California
Trinity,2021-03-12,385,3639,5,407,374,3218,6,14,90,1243,295,1203,96,2446,California
Trinity,2021-03-13,13,3652,8,415,3,3221,2,16,8,1248,5,1208,10,2456,California
Trinity,2021-03-14,2,3654,0,415,2,3223,0,16,2,1250,0,1208,2,2458,California
Trinity,2021-03-15,67,3721,0,415,66,3289,1,17,14,1212,53,1261,15,2473,California
Trinity,2021-03-16,115,3836,7,422,108,3397,0,17,101,1299,14,1275,101,2574,California
Trinity,2021-03-17,100,3936,3,425,97,3494,0,17,26,1251,74,1349,26,2600,California
Trinity,2021-03-18,10,3946,2,427,5,3499,3,20,5,1254,5,1354,8,2608,California
Trinity,2021-03-19,459,4405,4,431,345,3844,110,130,36,977,423,1777,146,2754,California
Trinity,2021-03-20,104,4509,7,438,97,3941,0,130,69,1011,35,1812,69,2823,California
Trinity,2021-03-21,4,4513,0,438,3,3944,1,131,3,1014,1,1813,4,2827,California
Trinity,2021-03-22,2,4515,0,438,2,3946,0,131,2,1016,0,1813,2,2829,California
Trinity,2021-03-23,95,4610,1,439,94,4040,0,131,78,1077,17,1830,78,2907,California
Trinity,2021-03-24,12,4622,1,440,11,4051,0,131,9,1083,3,1833,9,2916,California
Trinity,2021-03-25,109,4731,7,447,96,4147,6,137,83,1146,26,1859,89,3005,California
Trinity,2021-03-26,85,4816,8,455,77,4224,0,137,78,1217,7,1866,78,3083,California
Trinity,2021-03-27,17,4833,4,459,4,4228,9,146,6,1221,11,1877,15,3098,California
Trinity,2021-03-28,5,4838,3,462,2,4230,0,146,1,1218,4,1881,1,3099,California
Trinity,2021-03-29,5,4843,0,462,5,4235,0,146,2,1217,3,1884,2,3101,California
Trinity,2021-03-30,76,4919,4,466,72,4307,0,146,67,1275,9,1893,67,3168,California
Trinity,2021-03-31,56,4975,5,471,19,4326,32,178,21,1292,35,1928,52,3220,California
Trinity,2021-04-01,41,5016,11,482,19,4345,11,189,21,1304,20,1948,32,3252,California
Trinity,2021-04-02,240,5256,5,487,161,4506,74,263,70,1279,169,2117,144,3396,California
Trinity,2021-04-03,19,5275,14,501,5,4511,0,263,9,1278,10,2127,9,3405,California
Trinity,2021-04-04,10,5285,8,509,2,4513,0,263,8,1284,2,2129,8,3413,California
Trinity,2021-04-05,59,5344,6,515,52,4565,1,264,55,1336,4,2133,56,3469,California
Trinity,2021-04-06,110,5454,13,528,94,4659,3,267,22,1273,88,2221,25,3494,California
Trinity,2021-04-07,21,5475,12,540,4,4663,5,272,13,1283,8,2229,18,3512,California
Trinity,2021-04-08,87,5562,10,550,75,4738,2,274,50,1298,37,2266,52,3564,California
Trinity,2021-04-09,168,5730,20,570,143,4881,5,279,89,1313,79,2345,94,3658,California
Trinity,2021-04-10,11,5741,7,577,4,4885,0,279,10,1322,1,2346,10,3668,California
Trinity,2021-04-11,9,5750,5,582,2,4887,2,281,4,1323,5,2351,6,3674,California
Trinity,2021-04-12,77,5827,5,587,71,4958,1,282,64,1375,12,2363,64,3738,California
Trinity,2021-04-13,96,5923,4,591,92,5050,0,282,10,1299,86,2449,10,3748,California
Trinity,2021-04-14,10,5933,5,596,5,5055,0,282,6,1301,4,2453,6,3754,California
Trinity,2021-04-15,43,5976,10,606,33,5088,0,282,14,1286,29,2482,14,3768,California
Trinity,2021-04-16,143,6119,12,618,131,5219,0,282,71,1285,72,2554,71,3839,California
Trinity,2021-04-17,11,6130,5,623,6,5225,0,282,9,1292,2,2556,9,3848,California
Trinity,2021-04-18,1,6131,1,624,0,5225,0,282,0,1291,1,2557,0,3848,California
Trinity,2021-04-19,5,6136,2,626,3,5228,0,282,4,1294,1,2558,4,3852,California
Trinity,2021-04-20,92,6228,8,634,84,5312,0,282,20,1242,72,2630,20,3872,California
Trinity,2021-04-21,22,6250,9,643,13,5325,0,282,9,1238,13,2643,9,3881,California
Trinity,2021-04-22,91,6341,5,648,86,5411,0,282,14,1175,77,2720,14,3895,California
Trinity,2021-04-23,178,6519,6,654,172,5583,0,282,109,1215,69,2789,109,4004,California
Trinity,2021-04-24,20,6539,14,668,6,5589,0,282,5,1205,15,2804,5,4009,California
Trinity,2021-04-25,10,6549,9,677,1,5590,0,282,3,1202,6,2810,3,4012,California
Trinity,2021-04-26,45,6594,6,683,39,5629,0,282,40,1237,5,2815,40,4052,California
Trinity,2021-04-27,85,6679,7,690,78,5707,0,282,22,1196,63,2878,22,4074,California
Trinity,2021-04-28,27,6706,10,700,17,5724,0,282,8,1185,19,2897,8,4082,California
Trinity,2021-04-29,30,6736,13,713,16,5740,1,283,9,1174,21,2918,10,4092,California
Trinity,2021-04-30,11,6747,6,719,5,5745,0,283,2,1167,9,2927,2,4094,California
Trinity,2021-05-01,7,6754,2,721,0,5745,5,288,2,1169,5,2932,7,4101,California
Tulare,2020-12-15,1,1,1,1,0,0,0,0,1,1,0,0,1,1,California
Tulare,2020-12-16,3,4,3,4,0,0,0,0,3,4,0,0,3,4,California
Tulare,2020-12-17,110,114,110,114,0,0,0,0,110,114,0,0,110,114,California
Tulare,2020-12-18,289,403,289,403,0,0,0,0,289,403,0,0,289,403,California
Tulare,2020-12-19,328,731,328,731,0,0,0,0,328,731,0,0,328,731,California
Tulare,2020-12-20,166,897,165,896,1,1,0,0,166,897,0,0,166,897,California
Tulare,2020-12-21,423,1320,423,1319,0,1,0,0,443,1340,0,0,443,1340,California
Tulare,2020-12-22,469,1789,467,1786,2,3,0,0,468,1808,0,0,468,1808,California
Tulare,2020-12-23,328,2117,320,2106,8,11,0,0,326,2134,0,0,326,2134,California
Tulare,2020-12-24,18,2135,16,2122,2,13,0,0,18,2152,0,0,18,2152,California
Tulare,2020-12-26,8,2143,7,2129,1,14,0,0,8,2160,0,0,8,2160,California
Tulare,2020-12-27,16,2159,12,2141,4,18,0,0,16,2176,0,0,16,2176,California
Tulare,2020-12-28,481,2640,469,2610,12,30,0,0,480,2656,0,0,480,2656,California
Tulare,2020-12-29,546,3186,478,3088,68,98,0,0,546,3202,0,0,546,3202,California
Tulare,2020-12-30,474,3660,435,3523,39,137,0,0,474,3676,0,0,474,3676,California
Tulare,2020-12-31,94,3754,22,3545,72,209,0,0,94,3770,0,0,94,3770,California
Tulare,2021-01-01,2,3756,1,3546,1,210,0,0,2,3772,0,0,2,3772,California
Tulare,2021-01-02,29,3785,17,3563,12,222,0,0,29,3801,0,0,29,3801,California
Tulare,2021-01-03,23,3808,9,3572,14,236,0,0,23,3824,0,0,23,3824,California
Tulare,2021-01-04,92,3900,16,3588,76,312,0,0,92,3916,0,0,92,3916,California
Tulare,2021-01-05,460,4360,278,3866,182,494,0,0,458,4372,2,2,458,4374,California
Tulare,2021-01-06,864,5224,635,4501,229,723,0,0,854,5216,10,12,854,5228,California
Tulare,2021-01-07,781,6005,583,5084,198,921,0,0,674,5783,107,119,674,5902,California
Tulare,2021-01-08,1267,7272,575,5659,692,1613,0,0,929,6375,337,456,929,6831,California
Tulare,2021-01-09,742,8014,204,5863,538,2151,0,0,554,6741,188,644,554,7385,California
Tulare,2021-01-10,50,8064,44,5907,6,2157,0,0,11,6713,39,683,11,7396,California
Tulare,2021-01-11,1270,9334,769,6676,501,2658,0,0,834,7111,436,1119,834,8230,California
Tulare,2021-01-12,1404,10738,488,7164,916,3574,0,0,997,7703,406,1525,998,9228,California
Tulare,2021-01-13,457,11195,228,7392,229,3803,0,0,382,8010,75,1600,382,9610,California
Tulare,2021-01-14,491,11686,140,7532,351,4154,0,0,465,8460,15,1615,465,10075,California
Tulare,2021-01-15,1620,13306,152,7684,1468,5622,0,0,1611,10062,9,1624,1611,11686,California
Tulare,2021-01-16,1899,15205,114,7798,1785,7407,0,0,1885,11933,14,1638,1885,13571,California
Tulare,2021-01-17,141,15346,122,7920,19,7426,0,0,131,12054,10,1648,131,13702,California
Tulare,2021-01-18,693,16039,660,8580,33,7459,0,0,295,11951,398,2046,295,13997,California
Tulare,2021-01-19,1006,17045,683,9263,323,7782,0,0,578,12101,428,2474,578,14575,California
Tulare,2021-01-20,2378,19423,564,9827,1814,9596,0,0,1992,13707,386,2860,1992,16567,California
Tulare,2021-01-21,1511,20934,150,9977,1361,10957,0,0,1485,15171,21,2881,1485,18052,California
Tulare,2021-01-22,1054,21988,185,10162,869,11826,0,0,1030,16178,23,2904,1030,19082,California
Tulare,2021-01-23,438,22426,156,10318,282,12108,0,0,417,16574,21,2925,417,19499,California
Tulare,2021-01-24,30,22456,27,10345,3,12111,0,0,28,16600,2,2927,28,19527,California
Tulare,2021-01-25,1325,23781,979,11324,346,12457,0,0,1296,17867,29,2956,1296,20823,California
Tulare,2021-01-26,1498,25279,1099,12423,399,12856,0,0,1173,18716,324,3280,1173,21996,California
Tulare,2021-01-27,1468,26747,1069,13492,399,13255,0,0,891,19031,576,3856,891,22887,California
Tulare,2021-01-28,1203,27950,769,14261,434,13689,0,0,808,19444,395,4251,808,23695,California
Tulare,2021-01-29,1129,29079,719,14980,410,14099,0,0,819,19953,310,4561,819,24514,California
Tulare,2021-01-30,1674,30753,1580,16560,94,14193,0,0,1650,21580,24,4585,1651,26165,California
Tulare,2021-01-31,51,30804,47,16607,4,14197,0,0,48,21625,3,4588,48,26213,California
Tulare,2021-02-01,1185,31989,916,17523,269,14466,0,0,831,22103,353,4941,831,27044,California
Tulare,2021-02-02,676,32665,328,17851,348,14814,0,0,445,22320,229,5170,446,27490,California
Tulare,2021-02-03,613,33278,287,18138,326,15140,0,0,336,22381,275,5445,336,27826,California
Tulare,2021-02-04,551,33829,164,18302,387,15527,0,0,265,22362,285,5730,266,28092,California
Tulare,2021-02-05,1233,35062,236,18538,997,16524,0,0,416,21963,815,6545,416,28508,California
Tulare,2021-02-06,836,35898,158,18696,678,17202,0,0,268,21665,566,7111,268,28776,California
Tulare,2021-02-07,78,35976,66,18762,12,17214,0,0,23,21633,55,7166,23,28799,California
Tulare,2021-02-08,942,36918,328,19090,614,17828,0,0,245,21184,694,7860,245,29044,California
Tulare,2021-02-09,1407,38325,327,19417,1080,18908,0,0,361,20504,1041,8901,361,29405,California
Tulare,2021-02-10,2467,40792,1984,21401,483,19391,0,0,2067,22174,397,9298,2067,31472,California
Tulare,2021-02-11,1322,42114,376,21777,946,20337,0,0,938,22728,384,9682,938,32410,California
Tulare,2021-02-12,2775,44889,575,22352,2200,22537,0,0,1212,22384,1556,11238,1212,33622,California
Tulare,2021-02-13,2480,47369,157,22509,2323,24860,0,0,667,21241,1810,13048,667,34289,California
Tulare,2021-02-14,333,47702,36,22545,297,25157,0,0,300,21508,33,13081,300,34589,California
Tulare,2021-02-15,915,48617,291,22836,624,25781,0,0,658,21910,256,13337,658,35247,California
Tulare,2021-02-16,2832,51449,1596,24432,1236,27017,0,0,1077,21233,1754,15091,1077,36324,California
Tulare,2021-02-17,2698,54147,509,24941,2189,29206,0,0,461,19462,2232,17323,461,36785,California
Tulare,2021-02-18,2301,56448,456,25397,1845,31051,0,0,634,18437,1659,18982,634,37419,California
Tulare,2021-02-19,2296,58744,856,26253,1440,32491,0,0,943,18029,1351,20333,943,38362,California
Tulare,2021-02-20,2989,61733,1891,28144,1098,33589,0,0,1267,17579,1717,22050,1267,39629,California
Tulare,2021-02-21,94,61827,90,28234,4,33593,0,0,59,17603,35,22085,59,39688,California
Tulare,2021-02-22,1106,62933,701,28935,405,33998,0,0,212,16922,893,22978,212,39900,California
Tulare,2021-02-23,1946,64879,939,29874,1007,35005,0,0,1458,17893,487,23465,1458,41358,California
Tulare,2021-02-24,2475,67354,1551,31425,924,35929,0,0,2097,19614,377,23842,2098,43456,California
Tulare,2021-02-25,3486,70840,1951,33376,1535,37464,0,0,3071,22274,411,24253,3071,46527,California
Tulare,2021-02-26,3838,74678,1880,35256,1958,39422,0,0,3375,25188,461,24714,3375,49902,California
Tulare,2021-02-27,2901,77579,1393,36649,1508,40930,0,0,2769,27836,121,24835,2769,52671,California
Tulare,2021-02-28,1304,78883,1033,37682,271,41201,0,0,1285,29104,17,24852,1285,53956,California
Tulare,2021-03-01,1739,80622,773,38455,966,42167,0,0,1554,30475,183,25035,1554,55510,California
Tulare,2021-03-02,2683,83305,1194,39649,1489,43656,0,0,2516,32827,165,25200,2517,58027,California
Tulare,2021-03-03,3916,87221,2596,42245,1320,44976,0,0,1965,32846,1948,27148,1967,59994,California
Tulare,2021-03-04,2879,90100,1300,43545,1579,46555,0,0,2561,35092,315,27463,2561,62555,California
Tulare,2021-03-05,3283,93383,1692,45237,1576,48131,15,15,2776,37382,503,27966,2793,65348,California
Tulare,2021-03-06,3057,96440,1432,46669,1566,49697,59,74,2809,40003,245,28211,2866,68214,California
Tulare,2021-03-07,1093,97533,683,47352,389,50086,21,95,1053,41037,40,28251,1074,69288,California
Tulare,2021-03-08,1687,99220,1000,48352,519,50605,168,263,1372,42265,311,28562,1539,70827,California
Tulare,2021-03-09,3180,102400,2182,50534,851,51456,147,410,2783,44796,397,28959,2928,73755,California
Tulare,2021-03-10,2786,105186,1383,51917,1228,52684,175,585,2406,47003,372,29331,2579,76334,California
Tulare,2021-03-11,4135,109321,1962,53879,1873,54557,300,885,3201,49570,934,30265,3501,79835,California
Tulare,2021-03-12,4335,113656,2378,56257,1609,56166,348,1233,3066,51725,1261,31526,3416,83251,California
Tulare,2021-03-13,4005,117661,1848,58105,2052,58218,105,1338,3068,53967,931,32457,3173,86424,California
Tulare,2021-03-14,1800,119461,973,59078,608,58826,219,1557,1272,54930,527,32984,1490,87914,California
Tulare,2021-03-15,2726,122187,1608,60686,1003,59829,115,1672,1954,56230,770,33754,2070,89984,California
Tulare,2021-03-16,3420,125607,2114,62800,1229,61058,77,1749,1872,56637,1545,35299,1952,91936,California
Tulare,2021-03-17,4011,129618,2607,65407,1327,62385,77,1826,2269,57254,1736,37035,2353,94289,California
Tulare,2021-03-18,4599,134217,3353,68760,1174,63559,72,1898,2442,57618,2152,39187,2516,96805,California
Tulare,2021-03-19,5056,139273,3313,72073,1548,65107,195,2093,2710,58197,2328,41515,2907,99712,California
Tulare,2021-03-20,4448,143721,2758,74831,1318,66425,372,2465,2111,58353,2330,43845,2486,102198,California
Tulare,2021-03-21,1918,145639,1630,76461,262,66687,26,2491,988,58439,927,44772,1013,103211,California
Tulare,2021-03-22,2497,148136,1709,78170,676,67363,112,2603,1666,59394,825,45597,1780,104991,California
Tulare,2021-03-23,3722,151858,2137,80307,1533,68896,52,2655,2080,59900,1632,47229,2138,107129,California
Tulare,2021-03-24,3163,155021,1956,82263,1165,70061,42,2697,1810,60406,1346,48575,1852,108981,California
Tulare,2021-03-25,3439,158460,1783,84046,1484,71545,172,2869,1694,60535,1739,50314,1868,110849,California
Tulare,2021-03-26,5207,163667,3108,87154,1990,73535,109,2978,2571,60597,2618,52932,2680,113529,California
Tulare,2021-03-27,3481,167148,1785,88939,1598,75133,98,3076,965,59149,2509,55441,1061,114590,California
Tulare,2021-03-28,1456,168604,1051,89990,374,75507,31,3107,676,59084,778,56219,713,115303,California
Tulare,2021-03-29,2893,171497,1673,91663,1109,76616,111,3218,1224,58757,1664,57883,1337,116640,California
Tulare,2021-03-30,4770,176267,2761,94424,1779,78395,230,3448,1538,57298,3224,61107,1765,118405,California
Tulare,2021-03-31,3751,180018,2197,96621,1442,79837,112,3560,1513,56695,2230,63337,1627,120032,California
Tulare,2021-04-01,4346,184364,2357,98978,1924,81761,65,3625,1524,55472,2813,66150,1590,121622,California
Tulare,2021-04-02,5216,189580,2979,101957,2120,83881,117,3742,1659,53709,3540,69690,1777,123399,California
Tulare,2021-04-03,3479,193059,2001,103958,1123,85004,355,4097,845,52311,2597,72287,1199,124598,California
Tulare,2021-04-04,1615,194674,1130,105088,478,85482,7,4104,390,51485,1223,73510,397,124995,California
Tulare,2021-04-05,3300,197974,2321,107409,716,86198,263,4367,858,50175,2432,75942,1122,126117,California
Tulare,2021-04-06,3382,201356,1463,108872,1428,87626,491,4858,927,49146,2451,78393,1422,127539,California
Tulare,2021-04-07,3750,205106,1816,110688,1515,89141,419,5277,1239,48291,2504,80897,1649,129188,California
Tulare,2021-04-08,4677,209783,2590,113278,1633,90774,454,5731,1509,47091,3160,84057,1960,131148,California
Tulare,2021-04-09,4753,214536,2939,116217,1395,92169,419,6150,1823,46411,2923,86980,2243,133391,California
Tulare,2021-04-10,3796,218332,2047,118264,1433,93602,316,6466,968,44872,2821,89801,1282,134673,California
Tulare,2021-04-11,1573,219905,1034,119298,467,94069,72,6538,589,44552,981,90782,661,135334,California
Tulare,2021-04-12,3357,223262,2103,121401,660,94729,594,7132,1081,43960,2268,93050,1676,137010,California
Tulare,2021-04-13,2391,225653,1578,122979,803,95532,10,7142,910,43409,1473,94523,922,137932,California
Tulare,2021-04-14,2807,228460,1662,124641,1145,96677,0,7142,907,42418,1898,96421,907,138839,California
Tulare,2021-04-15,3174,231634,2066,126707,1108,97785,0,7142,1415,42083,1750,98171,1415,140254,California
Tulare,2021-04-16,3619,235253,2208,128915,1411,99196,0,7142,1464,41400,2147,100318,1464,141718,California
Tulare,2021-04-17,2166,237419,1270,130185,896,100092,0,7142,1175,41587,989,101307,1176,142894,California
Tulare,2021-04-18,1508,238927,1180,131365,328,100420,0,7142,808,41696,699,102006,808,143702,California
Tulare,2021-04-19,2104,241031,1211,132576,891,101311,2,7144,894,41383,1209,103215,896,144598,California
Tulare,2021-04-20,2301,243332,1286,133862,1015,102326,0,7144,980,41054,1309,104524,980,145578,California
Tulare,2021-04-21,2160,245492,1307,135169,853,103179,0,7144,822,40573,1303,105827,822,146400,California
Tulare,2021-04-22,2090,247582,1168,136337,922,104101,0,7144,736,39974,1335,107162,736,147136,California
Tulare,2021-04-23,2514,250096,1548,137885,965,105066,1,7145,978,39425,1527,108689,978,148114,California
Tulare,2021-04-24,1634,251730,1055,138940,577,105643,2,7147,864,39526,765,109454,866,148980,California
Tulare,2021-04-25,696,252426,522,139462,174,105817,0,7147,267,39364,429,109883,267,149247,California
Tulare,2021-04-26,1426,253852,838,140300,569,106386,19,7166,595,39151,825,110708,612,149859,California
Tulare,2021-04-27,1415,255267,596,140896,782,107168,37,7203,644,39063,768,111476,680,150539,California
Tulare,2021-04-28,1477,256744,821,141717,622,107790,34,7237,598,38818,876,112352,631,151170,California
Tulare,2021-04-29,1559,258303,917,142634,607,108397,35,7272,596,38488,959,113311,629,151799,California
Tulare,2021-04-30,1793,260096,1346,143980,420,108817,27,7299,608,37942,1181,114492,635,152434,California
Tulare,2021-05-01,1030,261126,925,144905,98,108915,7,7306,498,37922,525,115017,505,152939,California
Tuolumne,2020-12-16,47,47,47,47,0,0,0,0,47,47,0,0,47,47,California
Tuolumne,2020-12-17,17,64,17,64,0,0,0,0,17,64,0,0,17,64,California
Tuolumne,2020-12-18,101,165,100,164,1,1,0,0,101,165,0,0,101,165,California
Tuolumne,2020-12-19,5,170,5,169,0,1,0,0,5,170,0,0,5,170,California
Tuolumne,2020-12-20,1,171,1,170,0,1,0,0,1,171,0,0,1,171,California
Tuolumne,2020-12-21,116,287,102,272,14,15,0,0,116,287,0,0,116,287,California
Tuolumne,2020-12-22,172,459,172,444,0,15,0,0,172,459,0,0,172,459,California
Tuolumne,2020-12-23,186,645,184,628,2,17,0,0,186,645,0,0,186,645,California
Tuolumne,2020-12-26,3,648,3,631,0,17,0,0,3,648,0,0,3,648,California
Tuolumne,2020-12-28,77,725,75,706,2,19,0,0,77,725,0,0,77,725,California
Tuolumne,2020-12-29,102,827,39,745,63,82,0,0,102,827,0,0,102,827,California
Tuolumne,2020-12-30,78,905,22,767,56,138,0,0,78,905,0,0,78,905,California
Tuolumne,2020-12-31,27,932,20,787,7,145,0,0,27,932,0,0,27,932,California
Tuolumne,2021-01-01,6,938,5,792,1,146,0,0,6,938,0,0,6,938,California
Tuolumne,2021-01-02,118,1056,115,907,3,149,0,0,118,1056,0,0,118,1056,California
Tuolumne,2021-01-03,2,1058,2,909,0,149,0,0,2,1058,0,0,2,1058,California
Tuolumne,2021-01-04,69,1127,26,935,43,192,0,0,69,1127,0,0,69,1127,California
Tuolumne,2021-01-05,92,1219,26,961,66,258,0,0,89,1214,3,3,90,1217,California
Tuolumne,2021-01-06,131,1350,71,1032,60,318,0,0,68,1219,63,66,68,1285,California
Tuolumne,2021-01-07,119,1469,62,1094,57,375,0,0,64,1228,55,121,64,1349,California
Tuolumne,2021-01-08,103,1572,79,1173,24,399,0,0,26,1179,76,197,27,1376,California
Tuolumne,2021-01-09,1,1573,0,1173,1,400,0,0,1,1180,0,197,1,1377,California
Tuolumne,2021-01-10,3,1576,1,1174,2,402,0,0,3,1183,0,197,3,1380,California
Tuolumne,2021-01-11,114,1690,88,1262,26,428,0,0,33,1135,81,278,33,1413,California
Tuolumne,2021-01-12,102,1792,86,1348,16,444,0,0,17,1067,85,363,17,1430,California
Tuolumne,2021-01-13,231,2023,125,1473,106,550,0,0,182,1201,49,412,183,1613,California
Tuolumne,2021-01-14,147,2170,107,1580,40,590,0,0,42,1139,104,516,42,1655,California
Tuolumne,2021-01-15,474,2644,72,1652,402,992,0,0,412,1491,61,577,413,2068,California
Tuolumne,2021-01-16,7,2651,3,1655,4,996,0,0,6,1496,1,578,6,2074,California
Tuolumne,2021-01-17,7,2658,4,1659,3,999,0,0,6,1502,0,578,6,2080,California
Tuolumne,2021-01-18,46,2704,38,1697,8,1007,0,0,9,1475,36,614,9,2089,California
Tuolumne,2021-01-19,473,3177,72,1769,401,1408,0,0,428,1858,45,659,428,2517,California
Tuolumne,2021-01-20,76,3253,58,1827,18,1426,0,0,24,1831,51,710,24,2541,California
Tuolumne,2021-01-21,55,3308,22,1849,33,1459,0,0,40,1856,15,725,40,2581,California
Tuolumne,2021-01-22,168,3476,16,1865,152,1611,0,0,161,2010,7,732,161,2742,California
Tuolumne,2021-01-23,665,4141,147,2012,518,2129,0,0,552,2459,113,845,562,3304,California
Tuolumne,2021-01-24,523,4664,1,2013,522,2651,0,0,519,2976,3,848,520,3824,California
Tuolumne,2021-01-25,49,4713,28,2041,21,2672,0,0,22,2972,27,875,23,3847,California
Tuolumne,2021-01-26,80,4793,68,2109,12,2684,0,0,40,2973,40,915,41,3888,California
Tuolumne,2021-01-27,60,4853,4,2113,56,2740,0,0,7,2928,52,967,7,3895,California
Tuolumne,2021-01-28,27,4880,7,2120,20,2760,0,0,18,2937,9,976,18,3913,California
Tuolumne,2021-01-29,74,4954,6,2126,68,2828,0,0,35,2933,39,1015,35,3948,California
Tuolumne,2021-01-30,709,5663,552,2678,157,2985,0,0,687,3614,22,1037,703,4651,California
Tuolumne,2021-01-31,8,5671,2,2680,6,2991,0,0,5,3616,3,1040,5,4656,California
Tuolumne,2021-02-01,25,5696,6,2686,19,3010,0,0,22,3635,3,1043,22,4678,California
Tuolumne,2021-02-02,645,6341,36,2722,609,3619,0,0,634,4260,9,1052,634,5312,California
Tuolumne,2021-02-03,238,6579,109,2831,129,3748,0,0,86,4194,152,1204,86,5398,California
Tuolumne,2021-02-04,123,6702,12,2843,111,3859,0,0,60,4191,63,1267,60,5458,California
Tuolumne,2021-02-05,98,6800,12,2855,86,3945,0,0,35,4164,62,1329,35,5493,California
Tuolumne,2021-02-06,852,7652,580,3435,272,4217,0,0,849,5010,3,1332,849,6342,California
Tuolumne,2021-02-07,7,7659,4,3439,3,4220,0,0,3,5009,4,1336,3,6345,California
Tuolumne,2021-02-08,91,7750,40,3479,51,4271,0,0,67,5052,24,1360,67,6412,California
Tuolumne,2021-02-09,864,8614,53,3532,811,5082,0,0,825,5838,39,1399,825,7237,California
Tuolumne,2021-02-10,88,8702,14,3546,74,5156,0,0,27,5805,60,1459,27,7264,California
Tuolumne,2021-02-11,141,8843,66,3612,75,5231,0,0,75,5814,66,1525,75,7339,California
Tuolumne,2021-02-12,643,9486,19,3631,624,5855,0,0,204,5580,438,1963,204,7543,California
Tuolumne,2021-02-13,148,9634,42,3673,106,5961,0,0,117,5672,25,1988,117,7660,California
Tuolumne,2021-02-14,148,9782,12,3685,136,6097,0,0,147,5818,1,1989,147,7807,California
Tuolumne,2021-02-15,185,9967,10,3695,175,6272,0,0,176,5985,9,1998,176,7983,California
Tuolumne,2021-02-16,526,10493,17,3712,509,6781,0,0,123,5709,401,2399,125,8108,California
Tuolumne,2021-02-17,110,10603,63,3775,47,6828,0,0,63,5726,46,2445,63,8171,California
Tuolumne,2021-02-18,676,11279,26,3801,650,7478,0,0,626,6303,50,2495,627,8798,California
Tuolumne,2021-02-19,142,11421,23,3824,119,7597,0,0,43,6247,99,2594,43,8841,California
Tuolumne,2021-02-20,904,12325,341,4165,563,8160,0,0,386,6128,506,3100,387,9228,California
Tuolumne,2021-02-21,975,13300,36,4201,939,9099,0,0,471,6098,501,3601,471,9699,California
Tuolumne,2021-02-22,78,13378,57,4258,21,9120,0,0,47,6115,30,3631,47,9746,California
Tuolumne,2021-02-23,47,13425,23,4281,24,9144,0,0,25,6119,21,3652,25,9771,California
Tuolumne,2021-02-24,103,13528,58,4339,45,9189,0,0,43,6103,59,3711,43,9814,California
Tuolumne,2021-02-25,1054,14582,35,4374,1019,10208,0,0,1024,7097,30,3741,1024,10838,California
Tuolumne,2021-02-26,144,14726,10,4384,134,10342,0,0,121,7195,23,3764,121,10959,California
Tuolumne,2021-02-27,947,15673,576,4960,371,10713,0,0,246,6757,685,4449,247,11206,California
Tuolumne,2021-02-28,55,15728,4,4964,51,10764,0,0,52,6807,2,4451,52,11258,California
Tuolumne,2021-03-01,112,15840,21,4985,91,10855,0,0,77,6852,33,4484,78,11336,California
Tuolumne,2021-03-02,704,16544,72,5057,632,11487,0,0,105,6359,598,5082,105,11441,California
Tuolumne,2021-03-03,89,16633,21,5078,68,11555,0,0,65,6400,24,5106,65,11506,California
Tuolumne,2021-03-04,1168,17801,72,5150,1096,12651,0,0,1106,7444,62,5168,1106,12612,California
Tuolumne,2021-03-05,84,17885,10,5160,74,12725,0,0,47,7456,36,5204,48,12660,California
Tuolumne,2021-03-06,1050,18935,603,5763,445,13170,2,2,203,6815,846,6050,205,12865,California
Tuolumne,2021-03-07,41,18976,12,5775,14,13184,15,17,18,6825,23,6073,33,12898,California
Tuolumne,2021-03-08,195,19171,88,5863,100,13284,7,24,139,6915,56,6129,146,13044,California
Tuolumne,2021-03-09,855,20026,16,5879,828,14112,11,35,67,6209,785,6914,79,13123,California
Tuolumne,2021-03-10,77,20103,12,5891,54,14166,11,46,53,6249,24,6938,64,13187,California
Tuolumne,2021-03-11,1280,21383,36,5927,1238,15404,6,52,1255,7487,25,6963,1263,14450,California
Tuolumne,2021-03-12,298,21681,33,5960,250,15654,15,67,192,7592,105,7068,210,14660,California
Tuolumne,2021-03-13,111,21792,11,5971,100,15754,0,67,87,7657,23,7091,88,14748,California
Tuolumne,2021-03-14,142,21934,8,5979,125,15879,9,76,8,7545,134,7225,22,14770,California
Tuolumne,2021-03-15,293,22227,79,6058,212,16091,2,78,100,7462,192,7417,109,14879,California
Tuolumne,2021-03-16,803,23030,37,6095,755,16846,11,89,666,8002,137,7554,677,15556,California
Tuolumne,2021-03-17,150,23180,30,6125,107,16953,13,102,77,8020,71,7625,89,15645,California
Tuolumne,2021-03-18,947,24127,28,6153,906,17859,13,115,318,7724,628,8253,332,15977,California
Tuolumne,2021-03-19,130,24257,16,6169,83,17942,31,146,69,7764,59,8312,99,16076,California
Tuolumne,2021-03-20,89,24346,6,6175,73,18015,10,156,37,7759,51,8363,46,16122,California
Tuolumne,2021-03-21,833,25179,390,6565,434,18449,9,165,40,7017,791,9154,49,16171,California
Tuolumne,2021-03-22,163,25342,72,6637,72,18521,19,184,97,7067,66,9220,116,16287,California
Tuolumne,2021-03-23,709,26051,639,7276,56,18577,14,198,673,7717,36,9256,686,16973,California
Tuolumne,2021-03-24,107,26158,19,7295,70,18647,18,216,75,7779,31,9287,93,17066,California
Tuolumne,2021-03-25,1294,27452,23,7318,1268,19915,3,219,323,7135,970,10257,326,17392,California
Tuolumne,2021-03-26,268,27720,16,7334,229,20144,23,242,111,7122,147,10404,134,17526,California
Tuolumne,2021-03-27,575,28295,54,7388,521,20665,0,242,315,7179,259,10663,316,17842,California
Tuolumne,2021-03-28,49,28344,8,7396,41,20706,0,242,9,7150,39,10702,10,17852,California
Tuolumne,2021-03-29,200,28544,80,7476,120,20826,0,242,103,7159,94,10796,103,17955,California
Tuolumne,2021-03-30,159,28703,11,7487,147,20973,1,243,117,7236,41,10837,118,18073,California
Tuolumne,2021-03-31,91,28794,14,7501,75,21048,2,245,34,7218,56,10893,38,18111,California
Tuolumne,2021-04-01,1244,30038,29,7530,1215,22263,0,245,222,6421,1020,11913,223,18334,California
Tuolumne,2021-04-02,160,30198,10,7540,124,22387,26,271,88,6464,71,11984,114,18448,California
Tuolumne,2021-04-03,417,30615,34,7574,382,22769,1,272,233,6516,184,12168,236,18684,California
Tuolumne,2021-04-04,32,30647,2,7576,30,22799,0,272,20,6525,11,12179,20,18704,California
Tuolumne,2021-04-05,126,30773,19,7595,101,22900,6,278,55,6515,71,12250,61,18765,California
Tuolumne,2021-04-06,637,31410,509,8104,101,23001,27,305,506,6918,131,12381,534,19299,California
Tuolumne,2021-04-07,124,31534,36,8140,72,23073,16,321,46,6902,78,12459,62,19361,California
Tuolumne,2021-04-08,1431,32965,32,8172,1385,24458,14,335,239,5965,1190,13649,253,19614,California
Tuolumne,2021-04-09,267,33232,41,8213,182,24640,44,379,126,5998,139,13788,172,19786,California
Tuolumne,2021-04-10,56,33288,2,8215,34,24674,20,399,23,6009,32,13820,43,19829,California
Tuolumne,2021-04-11,17,33305,2,8217,12,24686,3,402,12,6019,5,13825,15,19844,California
Tuolumne,2021-04-12,161,33466,67,8284,89,24775,5,407,87,6043,68,13893,92,19936,California
Tuolumne,2021-04-13,784,34250,36,8320,748,25523,0,407,169,5604,608,14501,169,20105,California
Tuolumne,2021-04-14,137,34387,26,8346,111,25634,0,407,66,5603,68,14569,67,20172,California
Tuolumne,2021-04-15,331,34718,19,8365,312,25946,0,407,55,5387,271,14840,55,20227,California
Tuolumne,2021-04-16,237,34955,50,8415,187,26133,0,407,133,5422,98,14938,133,20360,California
Tuolumne,2021-04-17,43,34998,6,8421,37,26170,0,407,27,5433,16,14954,27,20387,California
Tuolumne,2021-04-18,7,35005,2,8423,5,26175,0,407,3,5432,4,14958,3,20390,California
Tuolumne,2021-04-19,166,35171,76,8499,90,26265,0,407,91,5451,72,15030,91,20481,California
Tuolumne,2021-04-20,711,35882,617,9116,94,26359,0,407,77,4900,628,15658,77,20558,California
Tuolumne,2021-04-21,112,35994,26,9142,86,26445,0,407,60,4913,47,15705,60,20618,California
Tuolumne,2021-04-22,693,36687,46,9188,647,27092,0,407,422,5074,261,15966,422,21040,California
Tuolumne,2021-04-23,159,36846,31,9219,128,27220,0,407,85,5087,72,16038,85,21125,California
Tuolumne,2021-04-24,76,36922,17,9236,59,27279,0,407,49,5109,27,16065,49,21174,California
Tuolumne,2021-04-25,25,36947,8,9244,17,27296,0,407,22,5128,3,16068,22,21196,California
Tuolumne,2021-04-26,148,37095,55,9299,93,27389,0,407,68,5118,79,16147,69,21265,California
Tuolumne,2021-04-27,124,37219,20,9319,97,27486,7,414,58,5119,64,16211,65,21330,California
Tuolumne,2021-04-28,92,37311,18,9337,64,27550,10,424,47,5132,44,16255,57,21387,California
Tuolumne,2021-04-29,229,37540,12,9349,208,27758,9,433,37,4986,192,16447,46,21433,California
Tuolumne,2021-04-30,303,37843,15,9364,277,28035,11,444,52,4800,249,16696,63,21496,California
Tuolumne,2021-05-01,3,37846,3,9367,0,28035,0,444,2,4801,1,16697,2,21498,California
Ventura,2020-12-15,5,5,5,5,0,0,0,0,5,5,0,0,5,5,California
Ventura,2020-12-16,72,77,72,77,0,0,0,0,72,77,0,0,72,77,California
Ventura,2020-12-17,249,326,249,326,0,0,0,0,249,326,0,0,249,326,California
Ventura,2020-12-18,1411,1737,1411,1737,0,0,0,0,1411,1737,0,0,1411,1737,California
Ventura,2020-12-19,910,2647,910,2647,0,0,0,0,910,2647,0,0,910,2647,California
Ventura,2020-12-20,429,3076,429,3076,0,0,0,0,429,3076,0,0,429,3076,California
Ventura,2020-12-21,1469,4545,1469,4545,0,0,0,0,1469,4545,0,0,1469,4545,California
Ventura,2020-12-22,1104,5649,1099,5644,5,5,0,0,1104,5649,0,0,1104,5649,California
Ventura,2020-12-23,1027,6676,980,6624,47,52,0,0,1027,6676,0,0,1027,6676,California
Ventura,2020-12-24,477,7153,379,7003,98,150,0,0,477,7153,0,0,477,7153,California
Ventura,2020-12-25,11,7164,7,7010,4,154,0,0,11,7164,0,0,11,7164,California
Ventura,2020-12-26,112,7276,91,7101,21,175,0,0,112,7276,0,0,112,7276,California
Ventura,2020-12-27,58,7334,27,7128,31,206,0,0,58,7334,0,0,58,7334,California
Ventura,2020-12-28,1071,8405,931,8059,140,346,0,0,1071,8405,0,0,1071,8405,California
Ventura,2020-12-29,1170,9575,764,8823,406,752,0,0,1170,9575,0,0,1170,9575,California
Ventura,2020-12-30,1983,11558,1518,10341,465,1217,0,0,1983,11558,0,0,1983,11558,California
Ventura,2020-12-31,480,12038,162,10503,318,1535,0,0,480,12038,0,0,480,12038,California
Ventura,2021-01-01,24,12062,6,10509,18,1553,0,0,24,12062,0,0,24,12062,California
Ventura,2021-01-02,173,12235,79,10588,94,1647,0,0,173,12235,0,0,173,12235,California
Ventura,2021-01-03,15,12250,8,10596,7,1654,0,0,15,12250,0,0,15,12250,California
Ventura,2021-01-04,1082,13332,551,11147,531,2185,0,0,1081,13331,0,0,1081,13331,California
Ventura,2021-01-05,1373,14705,777,11924,596,2781,0,0,1332,14622,41,41,1332,14663,California
Ventura,2021-01-06,2057,16762,1179,13103,878,3659,0,0,1626,15828,422,463,1628,16291,California
Ventura,2021-01-07,2068,18830,1326,14429,742,4401,0,0,1182,16126,884,1347,1182,17473,California
Ventura,2021-01-08,2198,21028,1475,15904,723,5124,0,0,906,15743,1290,2637,907,18380,California
Ventura,2021-01-09,721,21749,500,16404,221,5345,0,0,319,15660,402,3039,319,18699,California
Ventura,2021-01-10,340,22089,326,16730,14,5359,0,0,126,15572,214,3253,126,18825,California
Ventura,2021-01-11,2447,24536,1489,18219,958,6317,0,0,1494,16116,953,4206,1497,20322,California
Ventura,2021-01-12,3041,27577,1611,19830,1430,7747,0,0,2016,17107,1025,5231,2016,22338,California
Ventura,2021-01-13,2922,30499,1423,21253,1499,9246,0,0,2039,18267,880,6111,2040,24378,California
Ventura,2021-01-14,2730,33229,1060,22313,1670,10916,0,0,2284,20107,445,6556,2285,26663,California
Ventura,2021-01-15,2886,36115,971,23284,1915,12831,0,0,2673,22568,213,6769,2674,29337,California
Ventura,2021-01-16,484,36599,187,23471,297,13128,0,0,404,22892,80,6849,404,29741,California
Ventura,2021-01-17,259,36858,137,23608,122,13250,0,0,253,23139,6,6855,253,29994,California
Ventura,2021-01-18,2218,39076,1672,25280,546,13796,0,0,1667,24257,550,7405,1668,31662,California
Ventura,2021-01-19,3040,42116,2119,27399,921,14717,0,0,2146,25512,894,8299,2149,33811,California
Ventura,2021-01-20,4068,46184,3117,30516,951,15668,0,0,3031,27510,1034,9333,3032,36843,California
Ventura,2021-01-21,3835,50019,2671,33187,1164,16832,0,0,3163,30006,669,10002,3165,40008,California
Ventura,2021-01-22,3614,53633,2493,35680,1121,17953,0,0,3453,33298,161,10163,3453,43461,California
Ventura,2021-01-23,1184,54817,649,36329,535,18488,0,0,1083,34283,100,10263,1085,44546,California
Ventura,2021-01-24,451,55268,137,36466,314,18802,0,0,438,34708,13,10276,438,44984,California
Ventura,2021-01-25,3152,58420,2031,38497,1121,19923,0,0,2598,36754,553,10829,2599,47583,California
Ventura,2021-01-26,3708,62128,2202,40699,1506,21429,0,0,2710,38468,997,11826,2711,50294,California
Ventura,2021-01-27,3459,65587,1558,42257,1901,23330,0,0,2717,40447,738,12564,2717,53011,California
Ventura,2021-01-28,3874,69461,1993,44250,1881,25211,0,0,3260,43111,597,13161,3261,56272,California
Ventura,2021-01-29,4271,73732,2524,46774,1747,26958,0,0,3768,46389,490,13651,3768,60040,California
Ventura,2021-01-30,3035,76767,1964,48738,1071,28029,0,0,2865,49089,166,13817,2866,62906,California
Ventura,2021-01-31,833,77600,445,49183,388,28417,0,0,748,49752,85,13902,748,63654,California
Ventura,2021-02-01,3940,81540,2110,51293,1830,30247,0,0,3167,52150,770,14672,3168,66822,California
Ventura,2021-02-02,4405,85945,2374,53667,2031,32278,0,0,3381,54512,1020,15692,3382,70204,California
Ventura,2021-02-03,4452,90397,2089,55756,2363,34641,0,0,3441,56948,1006,16698,3442,73646,California
Ventura,2021-02-04,4774,95171,2288,58044,2486,37127,0,0,3519,59222,1247,17945,3521,77167,California
Ventura,2021-02-05,4833,100004,2313,60357,2520,39647,0,0,3341,61086,1479,19424,3343,80510,California
Ventura,2021-02-06,2835,102839,1514,61871,1321,40968,0,0,2433,63118,401,19825,2433,82943,California
Ventura,2021-02-07,710,103549,241,62112,469,41437,0,0,584,63577,126,19951,585,83528,California
Ventura,2021-02-08,3499,107048,1624,63736,1875,43312,0,0,2428,64939,1066,21017,2428,85956,California
Ventura,2021-02-09,4714,111762,1971,65707,2743,46055,0,0,2466,65161,2247,23264,2469,88425,California
Ventura,2021-02-10,4712,116474,2236,67943,2476,48531,0,0,2398,65257,2303,25567,2399,90824,California
Ventura,2021-02-11,4658,121132,1862,69805,2796,51327,0,0,2445,65499,2206,27773,2448,93272,California
Ventura,2021-02-12,6301,127433,2659,72464,3642,54969,0,0,3221,65644,3076,30849,3221,96493,California
Ventura,2021-02-13,3295,130728,1826,74290,1469,56438,0,0,1844,66043,1447,32296,1846,98339,California
Ventura,2021-02-14,1226,131954,124,74414,1102,57540,0,0,1010,66838,216,32512,1011,99350,California
Ventura,2021-02-15,3987,135941,1798,76212,2189,59729,0,0,2118,67090,1866,34378,2118,101468,California
Ventura,2021-02-16,5538,141479,2704,78916,2834,62563,0,0,3009,67578,2521,36899,3009,104477,California
Ventura,2021-02-17,5232,146711,1920,80836,3312,65875,0,0,3265,68885,1958,38857,3265,107742,California
Ventura,2021-02-18,5775,152486,1828,82664,3947,69822,0,0,3634,70389,2130,40987,3634,111376,California
Ventura,2021-02-19,6454,158940,3769,86433,2685,72507,0,0,3010,69964,3437,44424,3012,114388,California
Ventura,2021-02-20,4932,163872,3164,89597,1768,74275,0,0,2771,70581,2157,46581,2774,117162,California
Ventura,2021-02-21,1044,164916,756,90353,288,74563,0,0,428,70399,610,47191,428,117590,California
Ventura,2021-02-22,5365,170281,2407,92760,2958,77521,0,0,3451,71945,1905,49096,3451,121041,California
Ventura,2021-02-23,5926,176207,2965,95725,2961,80482,0,0,3414,72865,2496,51592,3416,124457,California
Ventura,2021-02-24,6995,183202,2609,98334,4386,84868,0,0,4248,74382,2733,54325,4250,128707,California
Ventura,2021-02-25,7490,190692,2571,100905,4919,89787,0,0,4575,76059,2900,57225,4577,133284,California
Ventura,2021-02-26,9336,200028,2761,103666,6575,96362,0,0,6157,79065,3153,60378,6159,139443,California
Ventura,2021-02-27,9985,210013,5267,108933,4718,101080,0,0,7367,83837,2603,62981,7375,146818,California
Ventura,2021-02-28,2568,212581,1634,110567,933,102013,1,1,2098,85471,464,63445,2098,148916,California
Ventura,2021-03-01,6936,219517,2810,113377,4126,106139,0,1,4622,87801,2305,65750,4635,153551,California
Ventura,2021-03-02,7481,226998,3935,117312,3544,109683,2,3,5254,90837,2218,67968,5254,158805,California
Ventura,2021-03-03,8514,235512,3898,121210,4616,114299,0,3,6072,94484,2429,70397,6076,164881,California
Ventura,2021-03-04,8094,243606,3868,125078,4226,118525,0,3,5468,97342,2612,73009,5470,170351,California
Ventura,2021-03-05,9964,253570,4796,129874,5158,123683,10,13,7078,101565,2873,75882,7096,177447,California
Ventura,2021-03-06,7238,260808,4398,134272,2687,126370,153,166,5325,105138,1907,77789,5480,182927,California
Ventura,2021-03-07,1649,262457,602,134874,946,127316,101,267,1233,106056,416,78205,1334,184261,California
Ventura,2021-03-08,6737,269194,3414,138288,3169,130485,154,421,4632,108746,2099,80304,4789,189050,California
Ventura,2021-03-09,6527,275721,2811,141099,3519,134004,197,618,3661,109753,2853,83157,3860,192910,California
Ventura,2021-03-10,6796,282517,2965,144064,3594,137598,237,855,4481,112165,2306,85463,4718,197628,California
Ventura,2021-03-11,6270,288787,2884,146948,3168,140766,218,1073,3416,112956,2842,88305,3633,201261,California
Ventura,2021-03-12,8495,297282,3033,149981,4618,145384,844,1917,4089,113500,4389,92694,4933,206194,California
Ventura,2021-03-13,6679,303961,2497,152478,3342,148726,840,2757,3754,115176,2917,95611,4593,210787,California
Ventura,2021-03-14,2129,306090,477,152955,1157,149883,495,3252,730,115003,1398,97009,1225,212012,California
Ventura,2021-03-15,6913,313003,2049,155004,3516,153399,1348,4600,2971,115404,3917,100926,4318,216330,California
Ventura,2021-03-16,7908,320911,2459,157463,4335,157734,1114,5714,3984,116591,3910,104836,5097,221427,California
Ventura,2021-03-17,7456,328367,2761,160224,4348,162082,347,6061,4460,118425,2975,107811,4809,226236,California
Ventura,2021-03-18,7220,335587,3267,163491,3800,165882,153,6214,4702,120773,2505,110316,4853,231089,California
Ventura,2021-03-19,8390,343977,3768,167259,4512,170394,110,6324,5017,122543,3355,113671,5125,236214,California
Ventura,2021-03-20,8140,352117,5244,172503,2876,173270,20,6344,3893,122230,4227,117898,3914,240128,California
Ventura,2021-03-21,2779,354896,1509,174012,899,174169,371,6715,1316,122464,1452,119350,1686,241814,California
Ventura,2021-03-22,7334,362230,3685,177697,3547,177716,102,6817,4843,124934,2477,121827,4947,246761,California
Ventura,2021-03-23,8177,370407,3876,181573,4229,181945,72,6889,4666,126185,3486,125313,4737,251498,California
Ventura,2021-03-24,8864,379271,3408,184981,5382,187327,74,6963,4425,126274,4410,129723,4499,255997,California
Ventura,2021-03-25,8793,388064,3901,188882,4791,192118,101,7064,4451,126501,4325,134048,4552,260549,California
Ventura,2021-03-26,9812,397876,3343,192225,5816,197934,653,7717,3897,125163,5887,139935,4549,265098,California
Ventura,2021-03-27,8111,405987,3903,196128,4168,202102,40,7757,2402,121915,5691,145626,2443,267541,California
Ventura,2021-03-28,2519,408506,1402,197530,1108,203210,9,7766,1380,122170,1134,146760,1389,268930,California
Ventura,2021-03-29,8451,416957,4260,201790,4147,207357,44,7810,4222,122235,4201,150961,4266,273196,California
Ventura,2021-03-30,8928,425885,4402,206192,4398,211755,128,7938,4538,122522,4377,155338,4664,277860,California
Ventura,2021-03-31,10674,436559,4811,211003,5237,216992,626,8564,4639,121771,6015,161353,5264,283124,California
Ventura,2021-04-01,10629,447188,5182,216185,4575,221567,872,9436,5357,122742,5254,166607,6225,289349,California
Ventura,2021-04-02,11549,458737,4583,220768,5709,227276,1257,10693,5528,123533,5997,172604,6788,296137,California
Ventura,2021-04-03,8011,466748,3954,224722,2926,230202,1131,11824,3369,123400,4631,177235,4498,300635,California
Ventura,2021-04-04,1704,468452,957,225679,619,230821,128,11952,1153,124134,547,177782,1281,301916,California
Ventura,2021-04-05,9247,477699,4871,230550,3320,234141,1056,13008,4718,125387,4520,182302,5773,307689,California
Ventura,2021-04-06,10791,488490,5536,236086,3793,237934,1462,14470,5540,127158,5228,187530,6999,314688,California
Ventura,2021-04-07,11268,499758,5420,241506,4378,242312,1470,15940,5153,127678,6099,193629,6619,321307,California
Ventura,2021-04-08,10200,509958,5290,246796,3982,246294,928,16868,5096,128607,5087,198716,6016,327323,California
Ventura,2021-04-09,11049,521007,4333,251129,5024,251318,1692,18560,4853,128971,6176,204892,6540,333863,California
Ventura,2021-04-10,9114,530121,3490,254619,3477,254795,2147,20707,2992,128000,6106,210998,5135,338998,California
Ventura,2021-04-11,2421,532542,864,255483,993,255788,564,21271,688,127524,1726,212724,1250,340248,California
Ventura,2021-04-12,8866,541408,4461,259944,3609,259397,796,22067,3734,126935,5114,217838,4525,344773,California
Ventura,2021-04-13,8755,550163,4433,264377,4316,263713,6,22073,3743,125706,4978,222816,3749,348522,California
Ventura,2021-04-14,8647,558810,4056,268433,4576,268289,15,22088,3363,123839,5247,228063,3380,351902,California
Ventura,2021-04-15,9230,568040,4474,272907,4749,273038,7,22095,4054,122743,5157,233220,4061,355963,California
Ventura,2021-04-16,10075,578115,4465,277372,5610,278648,0,22095,4830,122342,5232,238452,4831,360794,California
Ventura,2021-04-17,8518,586633,5295,282667,3222,281870,1,22096,4986,123808,3522,241974,4988,365782,California
Ventura,2021-04-18,2126,588759,1013,283680,1113,282983,0,22096,906,123499,1215,243189,906,366688,California
Ventura,2021-04-19,8003,596762,4840,288520,3162,286145,1,22097,4627,124769,3359,246548,4629,371317,California
Ventura,2021-04-20,9207,605969,4898,293418,4309,290454,0,22097,4349,124275,4844,251392,4350,375667,California
Ventura,2021-04-21,8815,614784,4529,297947,4283,294737,3,22100,4188,123852,4616,256008,4193,379860,California
Ventura,2021-04-22,9980,624764,5473,303420,4507,299244,0,22100,4475,122839,5488,261496,4475,384335,California
Ventura,2021-04-23,10722,635486,5355,308775,5367,304611,0,22100,5344,122829,5354,266850,5344,389679,California
Ventura,2021-04-24,10280,645766,5897,314672,4383,308994,0,22100,6079,124717,4192,271042,6080,395759,California
Ventura,2021-04-25,2463,648229,1694,316366,769,309763,0,22100,1136,124529,1324,272366,1136,396895,California
Ventura,2021-04-26,6771,655000,3936,320302,2797,312560,38,22138,2780,123370,3977,276343,2818,399713,California
Ventura,2021-04-27,7964,662964,4441,324743,3373,315933,150,22288,2974,121516,4977,281320,3123,402836,California
Ventura,2021-04-28,7568,670532,4354,329097,2937,318870,277,22565,3031,120301,4523,285843,3308,406144,California
Ventura,2021-04-29,6449,676981,3436,332533,2797,321667,216,22781,2317,118721,4114,289957,2534,408678,California
Ventura,2021-04-30,5488,682469,3126,335659,2239,323906,123,22904,2193,117752,3278,293235,2309,410987,California
Ventura,2021-05-01,2784,685253,2300,337959,475,324381,9,22913,1166,117318,1610,294845,1176,412163,California
Yolo,2020-12-15,39,39,39,39,0,0,0,0,39,39,0,0,39,39,California
Yolo,2020-12-16,78,117,78,117,0,0,0,0,78,117,0,0,78,117,California
Yolo,2020-12-17,101,218,101,218,0,0,0,0,101,218,0,0,101,218,California
Yolo,2020-12-18,210,428,210,428,0,0,0,0,210,428,0,0,210,428,California
Yolo,2020-12-19,87,515,87,515,0,0,0,0,87,515,0,0,87,515,California
Yolo,2020-12-20,101,616,101,616,0,0,0,0,101,616,0,0,101,616,California
Yolo,2020-12-21,253,869,253,869,0,0,0,0,253,869,0,0,253,869,California
Yolo,2020-12-22,382,1251,381,1250,1,1,0,0,382,1251,0,0,382,1251,California
Yolo,2020-12-23,431,1682,412,1662,19,20,0,0,431,1682,0,0,431,1682,California
Yolo,2020-12-24,150,1832,94,1756,56,76,0,0,150,1832,0,0,150,1832,California
Yolo,2020-12-25,1,1833,1,1757,0,76,0,0,1,1833,0,0,1,1833,California
Yolo,2020-12-26,75,1908,25,1782,50,126,0,0,75,1908,0,0,75,1908,California
Yolo,2020-12-27,46,1954,19,1801,27,153,0,0,46,1954,0,0,46,1954,California
Yolo,2020-12-28,346,2300,179,1980,167,320,0,0,346,2300,0,0,346,2300,California
Yolo,2020-12-29,487,2787,268,2248,219,539,0,0,487,2787,0,0,487,2787,California
Yolo,2020-12-30,621,3408,254,2502,367,906,0,0,621,3408,0,0,621,3408,California
Yolo,2020-12-31,185,3593,95,2597,90,996,0,0,185,3593,0,0,185,3593,California
Yolo,2021-01-01,57,3650,56,2653,1,997,0,0,57,3650,0,0,57,3650,California
Yolo,2021-01-02,68,3718,25,2678,43,1040,0,0,68,3718,0,0,68,3718,California
Yolo,2021-01-03,44,3762,19,2697,25,1065,0,0,44,3762,0,0,44,3762,California
Yolo,2021-01-04,193,3955,43,2740,150,1215,0,0,193,3955,0,0,193,3955,California
Yolo,2021-01-05,611,4566,236,2976,375,1590,0,0,550,4444,61,61,550,4505,California
Yolo,2021-01-06,480,5046,183,3159,297,1887,0,0,349,4662,131,192,349,4854,California
Yolo,2021-01-07,709,5755,233,3392,476,2363,0,0,520,4994,188,380,520,5374,California
Yolo,2021-01-08,631,6386,311,3703,320,2683,0,0,414,5192,216,596,414,5788,California
Yolo,2021-01-09,409,6795,68,3771,341,3024,0,0,363,5509,46,642,363,6151,California
Yolo,2021-01-10,393,7188,80,3851,313,3337,0,0,323,5762,70,712,323,6474,California
Yolo,2021-01-11,562,7750,325,4176,237,3574,0,0,293,5788,269,981,295,6769,California
Yolo,2021-01-12,481,8231,364,4540,117,3691,0,0,173,5654,308,1289,174,6943,California
Yolo,2021-01-13,769,9000,311,4851,458,4149,0,0,520,5925,249,1538,520,7463,California
Yolo,2021-01-14,374,9374,181,5032,193,4342,0,0,270,6091,104,1642,270,7733,California
Yolo,2021-01-15,624,9998,319,5351,305,4647,0,0,545,6558,79,1721,546,8279,California
Yolo,2021-01-16,740,10738,95,5446,645,5292,0,0,709,7236,31,1752,709,8988,California
Yolo,2021-01-17,186,10924,117,5563,69,5361,0,0,179,7408,7,1759,179,9167,California
Yolo,2021-01-18,478,11402,303,5866,175,5536,0,0,379,7688,99,1858,379,9546,California
Yolo,2021-01-19,554,11956,372,6238,182,5718,0,0,379,7892,175,2033,379,9925,California
Yolo,2021-01-20,659,12615,380,6618,279,5997,0,0,474,8182,184,2217,474,10399,California
Yolo,2021-01-21,647,13262,382,7000,265,6262,0,0,459,8453,188,2405,459,10858,California
Yolo,2021-01-22,745,14007,250,7250,495,6757,0,0,628,8966,115,2520,628,11486,California
Yolo,2021-01-23,613,14620,123,7373,490,7247,0,0,566,9485,47,2567,566,12052,California
Yolo,2021-01-24,207,14827,124,7497,83,7330,0,0,166,9610,41,2608,166,12218,California
Yolo,2021-01-25,728,15555,153,7650,575,7905,0,0,514,9910,214,2822,514,12732,California
Yolo,2021-01-26,817,16372,327,7977,490,8395,0,0,428,9949,389,3211,428,13160,California
Yolo,2021-01-27,554,16926,222,8199,332,8727,0,0,381,10157,173,3384,381,13541,California
Yolo,2021-01-28,1048,17974,565,8764,483,9210,0,0,924,10958,123,3507,924,14465,California
Yolo,2021-01-29,867,18841,263,9027,604,9814,0,0,785,11662,81,3588,785,15250,California
Yolo,2021-01-30,1516,20357,916,9943,600,10414,0,0,1408,12968,102,3690,1408,16658,California
Yolo,2021-01-31,249,20606,211,10154,38,10452,0,0,214,13148,34,3724,214,16872,California
Yolo,2021-02-01,845,21451,361,10515,484,10936,0,0,614,13534,228,3952,614,17486,California
Yolo,2021-02-02,1323,22774,747,11262,576,11512,0,0,932,14076,391,4343,933,18419,California
Yolo,2021-02-03,1513,24287,397,11659,1116,12628,0,0,1183,14932,327,4670,1183,19602,California
Yolo,2021-02-04,1787,26074,281,11940,1506,14134,0,0,1238,15633,538,5208,1239,20841,California
Yolo,2021-02-05,1594,27668,901,12841,693,14827,0,0,1197,16434,397,5605,1198,22039,California
Yolo,2021-02-06,1918,29586,1247,14088,671,15498,0,0,1558,17633,360,5965,1559,23598,California
Yolo,2021-02-07,518,30104,249,14337,269,15767,0,0,171,17458,346,6311,171,23769,California
Yolo,2021-02-08,947,31051,332,14669,615,16382,0,0,605,17724,339,6650,605,24374,California
Yolo,2021-02-09,860,31911,388,15057,472,16854,0,0,578,18020,282,6932,578,24952,California
Yolo,2021-02-10,1454,33365,475,15532,979,17833,0,0,817,18202,637,7569,819,25771,California
Yolo,2021-02-11,1564,34929,797,16329,767,18600,0,0,1185,19008,379,7948,1185,26956,California
Yolo,2021-02-12,1907,36836,748,17077,1159,19759,0,0,1439,19983,464,8412,1439,28395,California
Yolo,2021-02-13,2052,38888,710,17787,1342,21101,0,0,1387,20705,665,9077,1387,29782,California
Yolo,2021-02-14,568,39456,153,17940,415,21516,0,0,443,21024,124,9201,443,30225,California
Yolo,2021-02-15,531,39987,189,18129,342,21858,0,0,266,21026,265,9466,267,30492,California
Yolo,2021-02-16,1122,41109,425,18554,697,22555,0,0,808,21520,314,9780,808,31300,California
Yolo,2021-02-17,1383,42492,700,19254,683,23238,0,0,991,22119,392,10172,991,32291,California
Yolo,2021-02-18,2495,44987,814,20068,1681,24919,0,0,1726,23076,769,10941,1726,34017,California
Yolo,2021-02-19,1737,46724,742,20810,995,25914,0,0,1117,23575,618,11559,1117,35134,California
Yolo,2021-02-20,2433,49157,942,21752,1491,27405,0,0,1361,23870,1067,12626,1362,36496,California
Yolo,2021-02-21,282,49439,225,21977,57,27462,0,0,73,23735,208,12834,73,36569,California
Yolo,2021-02-22,1361,50800,601,22578,760,28222,0,0,692,23759,668,13502,692,37261,California
Yolo,2021-02-23,1121,51921,841,23419,280,28502,0,0,438,23516,681,14183,438,37699,California
Yolo,2021-02-24,2089,54010,589,24008,1500,30002,0,0,1380,24189,707,14890,1380,39079,California
Yolo,2021-02-25,1338,55348,444,24452,894,30896,0,0,874,24600,463,15353,874,39953,California
Yolo,2021-02-26,2583,57931,996,25448,1587,32483,0,0,1381,24782,1199,16552,1381,41334,California
Yolo,2021-02-27,1653,59584,766,26214,887,33370,0,0,1203,25535,450,17002,1203,42537,California
Yolo,2021-02-28,1775,61359,1492,27706,283,33653,0,0,681,25124,1092,18094,681,43218,California
Yolo,2021-03-01,1098,62457,363,28069,735,34388,0,0,667,25362,429,18523,667,43885,California
Yolo,2021-03-02,1460,63917,681,28750,779,35167,0,0,930,25762,530,19053,930,44815,California
Yolo,2021-03-03,1836,65753,628,29378,1208,36375,0,0,830,25588,1004,20057,830,45645,California
Yolo,2021-03-04,2895,68648,1448,30826,1447,37822,0,0,1564,25823,1329,21386,1564,47209,California
Yolo,2021-03-05,2346,70994,1395,32221,940,38762,11,11,1471,26431,874,22260,1482,48691,California
Yolo,2021-03-06,1469,72463,1120,33341,320,39082,29,40,838,26670,628,22888,867,49558,California
Yolo,2021-03-07,906,73369,671,34012,221,39303,14,54,772,27322,134,23022,786,50344,California
Yolo,2021-03-08,1086,74455,486,34498,557,39860,43,97,758,27797,327,23349,802,51146,California
Yolo,2021-03-09,1243,75698,670,35168,513,40373,60,157,755,28126,486,23835,815,51961,California
Yolo,2021-03-10,1790,77488,1045,36213,456,40829,289,446,749,28121,1038,24873,1033,52994,California
Yolo,2021-03-11,2280,79768,1537,37750,677,41506,66,512,1569,29047,710,25583,1636,54630,California
Yolo,2021-03-12,2885,82653,1341,39091,1465,42971,79,591,1368,28984,1509,27092,1446,56076,California
Yolo,2021-03-13,1843,84496,730,39821,936,43907,177,768,1008,29337,832,27924,1185,57261,California
Yolo,2021-03-14,1006,85502,212,40033,644,44551,150,918,525,29528,480,28404,671,57932,California
Yolo,2021-03-15,1322,86824,773,40806,373,44924,176,1094,706,29794,614,29018,880,58812,California
Yolo,2021-03-16,1868,88692,717,41523,1079,46003,72,1166,1105,30208,763,29781,1177,59989,California
Yolo,2021-03-17,2486,91178,968,42491,1446,47449,72,1238,1705,31238,778,30559,1808,61797,California
Yolo,2021-03-18,2885,94063,896,43387,1765,49214,224,1462,1175,30929,1708,32267,1399,63196,California
Yolo,2021-03-19,2063,96126,840,44227,1155,50369,68,1530,1087,31114,970,33237,1155,64351,California
Yolo,2021-03-20,2746,98872,815,45042,1890,52259,41,1571,1114,30645,1626,34863,1157,65508,California
Yolo,2021-03-21,316,99188,215,45257,93,52352,8,1579,229,30796,86,34949,237,65745,California
Yolo,2021-03-22,1392,100580,487,45744,853,53205,52,1631,919,31296,470,35419,970,66715,California
Yolo,2021-03-23,1730,102310,931,46675,743,53948,56,1687,1071,31765,658,36077,1127,67842,California
Yolo,2021-03-24,2848,105158,1392,48067,1407,55355,49,1736,1423,31825,1413,37490,1473,69315,California
Yolo,2021-03-25,2432,107590,1301,49368,1104,56459,27,1763,1167,31764,1255,38745,1194,70509,California
Yolo,2021-03-26,2383,109973,1241,50609,1123,57582,19,1782,1023,31452,1353,40098,1041,71550,California
Yolo,2021-03-27,1646,111619,454,51063,1176,58758,16,1798,763,31349,882,40980,779,72329,California
Yolo,2021-03-28,1107,112726,861,51924,228,58986,18,1816,276,30816,827,41807,294,72623,California
Yolo,2021-03-29,2010,114736,820,52744,1160,60146,30,1846,982,30804,1024,42831,1012,73635,California
Yolo,2021-03-30,2270,117006,1068,53812,1179,61325,23,1869,1183,30928,1082,43913,1206,74841,California
Yolo,2021-03-31,2335,119341,1210,55022,1089,62414,36,1905,1194,31018,1140,45053,1230,76071,California
Yolo,2021-04-01,3748,123089,1767,56789,1507,63921,474,2379,1564,30874,2181,47234,2037,78108,California
Yolo,2021-04-02,3371,126460,1502,58291,1725,65646,144,2523,2086,31825,1279,48513,2230,80338,California
Yolo,2021-04-03,1785,128245,1077,59368,493,66139,215,2738,796,31848,988,49501,1011,81349,California
Yolo,2021-04-04,386,128631,151,59519,173,66312,62,2800,144,31812,242,49743,206,81555,California
Yolo,2021-04-05,1897,130528,724,60243,1075,67387,98,2898,1010,32038,882,50625,1108,82663,California
Yolo,2021-04-06,2557,133085,1296,61539,1091,68478,170,3068,1307,32275,1241,51866,1478,84141,California
Yolo,2021-04-07,2966,136051,1512,63051,1103,69581,351,3419,1920,33505,1039,52905,2269,86410,California
Yolo,2021-04-08,2409,138460,996,64047,944,70525,469,3888,1022,33610,1384,54289,1489,87899,California
Yolo,2021-04-09,2427,140887,880,64927,1052,71577,495,4383,806,33291,1618,55907,1299,89198,California
Yolo,2021-04-10,1687,142574,792,65719,723,72300,172,4555,1001,33781,682,56589,1172,90370,California
Yolo,2021-04-11,864,143438,259,65978,560,72860,45,4600,342,33648,519,57108,386,90756,California
Yolo,2021-04-12,1753,145191,515,66493,1095,73955,143,4743,1085,34211,665,57773,1228,91984,California
Yolo,2021-04-13,1927,147118,872,67365,1055,75010,0,4743,998,34282,927,58700,998,92982,California
Yolo,2021-04-14,2736,149854,736,68101,2000,77010,0,4743,1352,34255,1379,60079,1352,94334,California
Yolo,2021-04-15,3204,153058,1044,69145,2160,79170,0,4743,2249,35553,951,61030,2249,96583,California
Yolo,2021-04-16,2902,155960,1844,70989,1058,80228,0,4743,1832,36320,1065,62095,1832,98415,California
Yolo,2021-04-17,1514,157474,420,71409,1094,81322,0,4743,746,36302,764,62859,746,99161,California
Yolo,2021-04-18,591,158065,263,71672,328,81650,0,4743,348,36410,240,63099,348,99509,California
Yolo,2021-04-19,1667,159732,719,72391,947,82597,1,4744,770,36289,892,63991,771,100280,California
Yolo,2021-04-20,1998,161730,1011,73402,987,83584,0,4744,1074,36441,922,64913,1074,101354,California
Yolo,2021-04-21,1991,163721,991,74393,1000,84584,0,4744,1092,36637,896,65809,1092,102446,California
Yolo,2021-04-22,1794,165515,737,75130,1057,85641,0,4744,948,36745,841,66650,949,103395,California
Yolo,2021-04-23,2572,168087,1487,76617,1085,86726,0,4744,1154,36491,1408,68058,1154,104549,California
Yolo,2021-04-24,1152,169239,630,77247,520,87246,2,4746,455,36258,690,68748,457,105006,California
Yolo,2021-04-25,942,170181,401,77648,541,87787,0,4746,721,36759,220,68968,721,105727,California
Yolo,2021-04-26,1160,171341,435,78083,722,88509,3,4749,473,36551,685,69653,477,106204,California
Yolo,2021-04-27,1452,172793,665,78748,778,89287,9,4758,557,36224,895,70548,568,106772,California
Yolo,2021-04-28,1925,174718,978,79726,922,90209,25,4783,654,35635,1268,71816,679,107451,California
Yolo,2021-04-29,1185,175903,549,80275,574,90783,62,4845,454,35424,728,72544,517,107968,California
Yolo,2021-04-30,1568,177471,802,81077,722,91505,44,4889,781,35467,782,73326,825,108793,California
Yolo,2021-05-01,536,178007,343,81420,181,91686,12,4901,172,35287,364,73690,184,108977,California
Yuba,2020-12-16,4,4,4,4,0,0,0,0,4,4,0,0,4,4,California
Yuba,2020-12-17,4,8,4,8,0,0,0,0,4,8,0,0,4,8,California
Yuba,2020-12-18,8,16,8,16,0,0,0,0,8,16,0,0,8,16,California
Yuba,2020-12-19,12,28,12,28,0,0,0,0,12,28,0,0,12,28,California
Yuba,2020-12-20,20,48,20,48,0,0,0,0,20,48,0,0,20,48,California
Yuba,2020-12-21,40,88,40,88,0,0,0,0,40,88,0,0,40,88,California
Yuba,2020-12-22,86,174,86,174,0,0,0,0,86,174,0,0,86,174,California
Yuba,2020-12-23,64,238,62,236,2,2,0,0,64,238,0,0,64,238,California
Yuba,2020-12-24,20,258,10,246,10,12,0,0,20,258,0,0,20,258,California
Yuba,2020-12-26,15,273,13,259,2,14,0,0,15,273,0,0,15,273,California
Yuba,2020-12-27,15,288,15,274,0,14,0,0,15,288,0,0,15,288,California
Yuba,2020-12-28,51,339,35,309,16,30,0,0,51,339,0,0,51,339,California
Yuba,2020-12-29,75,414,10,319,65,95,0,0,75,414,0,0,75,414,California
Yuba,2020-12-30,63,477,20,339,43,138,0,0,63,477,0,0,63,477,California
Yuba,2020-12-31,37,514,7,346,30,168,0,0,37,514,0,0,37,514,California
Yuba,2021-01-02,23,537,22,368,1,169,0,0,23,537,0,0,23,537,California
Yuba,2021-01-03,10,547,6,374,4,173,0,0,10,547,0,0,10,547,California
Yuba,2021-01-04,90,637,21,395,69,242,0,0,90,637,0,0,90,637,California
Yuba,2021-01-05,68,705,36,431,32,274,0,0,67,703,1,1,67,704,California
Yuba,2021-01-06,154,859,76,507,78,352,0,0,148,845,6,7,148,852,California
Yuba,2021-01-07,75,934,19,526,56,408,0,0,72,913,4,11,72,924,California
Yuba,2021-01-08,73,1007,25,551,48,456,0,0,66,972,7,18,66,990,California
Yuba,2021-01-09,19,1026,16,567,3,459,0,0,11,975,8,26,11,1001,California
Yuba,2021-01-10,117,1143,22,589,95,554,0,0,95,1048,22,48,95,1096,California
Yuba,2021-01-11,72,1215,50,639,22,576,0,0,32,1040,40,88,32,1128,California
Yuba,2021-01-12,107,1322,77,716,30,606,0,0,42,1017,65,153,42,1170,California
Yuba,2021-01-13,119,1441,72,788,47,653,0,0,54,1007,64,217,54,1224,California
Yuba,2021-01-14,109,1550,43,831,66,719,0,0,97,1092,12,229,97,1321,California
Yuba,2021-01-15,206,1756,88,919,118,837,0,0,195,1276,11,240,195,1516,California
Yuba,2021-01-16,184,1940,21,940,163,1000,0,0,172,1435,13,253,172,1688,California
Yuba,2021-01-17,13,1953,9,949,4,1004,0,0,7,1436,6,259,7,1695,California
Yuba,2021-01-18,60,2013,32,981,28,1032,0,0,35,1446,25,284,35,1730,California
Yuba,2021-01-19,80,2093,29,1010,51,1083,0,0,65,1496,15,299,65,1795,California
Yuba,2021-01-20,133,2226,87,1097,46,1129,0,0,110,1583,23,322,110,1905,California
Yuba,2021-01-21,211,2437,95,1192,116,1245,0,0,203,1778,8,330,203,2108,California
Yuba,2021-01-22,103,2540,6,1198,97,1342,0,0,94,1863,9,339,94,2202,California
Yuba,2021-01-23,200,2740,7,1205,193,1535,0,0,197,2057,3,342,197,2399,California
Yuba,2021-01-24,10,2750,7,1212,3,1538,0,0,8,2063,2,344,8,2407,California
Yuba,2021-01-25,84,2834,28,1240,56,1594,0,0,53,2086,30,374,53,2460,California
Yuba,2021-01-26,148,2982,39,1279,109,1703,0,0,92,2122,56,430,92,2552,California
Yuba,2021-01-27,182,3164,128,1407,54,1757,0,0,115,2170,67,497,115,2667,California
Yuba,2021-01-28,215,3379,79,1486,136,1893,0,0,174,2303,41,538,174,2841,California
Yuba,2021-01-29,159,3538,56,1542,103,1996,0,0,112,2368,47,585,112,2953,California
Yuba,2021-01-30,410,3948,23,1565,387,2383,0,0,399,2756,11,596,399,3352,California
Yuba,2021-01-31,17,3965,12,1577,5,2388,0,0,15,2769,2,598,15,3367,California
Yuba,2021-02-01,155,4120,75,1652,80,2468,0,0,131,2878,23,621,132,3499,California
Yuba,2021-02-02,123,4243,23,1675,100,2568,0,0,101,2957,22,643,101,3600,California
Yuba,2021-02-03,226,4469,29,1704,197,2765,0,0,114,2960,111,754,114,3714,California
Yuba,2021-02-04,295,4764,120,1824,175,2940,0,0,252,3169,43,797,252,3966,California
Yuba,2021-02-05,147,4911,32,1856,115,3055,0,0,71,3164,76,873,71,4037,California
Yuba,2021-02-06,449,5360,26,1882,423,3478,0,0,441,3597,8,881,441,4478,California
Yuba,2021-02-07,18,5378,11,1893,7,3485,0,0,15,3609,3,884,15,4493,California
Yuba,2021-02-08,96,5474,35,1928,61,3546,0,0,66,3645,30,914,66,4559,California
Yuba,2021-02-09,153,5627,55,1983,98,3644,0,0,84,3660,69,983,84,4643,California
Yuba,2021-02-10,352,5979,172,2155,180,3824,0,0,114,3537,237,1220,114,4757,California
Yuba,2021-02-11,397,6376,63,2218,334,4158,0,0,301,3744,94,1314,301,5058,California
Yuba,2021-02-12,265,6641,27,2245,238,4396,0,0,151,3781,114,1428,151,5209,California
Yuba,2021-02-13,435,7076,35,2280,400,4796,0,0,387,4120,48,1476,387,5596,California
Yuba,2021-02-14,54,7130,11,2291,43,4839,0,0,49,4164,5,1481,49,5645,California
Yuba,2021-02-15,87,7217,36,2327,51,4890,0,0,68,4213,19,1500,68,5713,California
Yuba,2021-02-16,199,7416,53,2380,146,5036,0,0,140,4295,58,1558,140,5853,California
Yuba,2021-02-17,372,7788,156,2536,216,5252,0,0,99,4122,272,1830,99,5952,California
Yuba,2021-02-18,317,8105,46,2582,271,5523,0,0,194,4193,123,1953,194,6146,California
Yuba,2021-02-19,226,8331,84,2666,142,5665,0,0,143,4253,83,2036,143,6289,California
Yuba,2021-02-20,389,8720,30,2696,359,6024,0,0,335,4534,54,2090,335,6624,California
Yuba,2021-02-21,16,8736,14,2710,2,6026,0,0,6,4530,10,2100,6,6630,California
Yuba,2021-02-22,128,8864,79,2789,49,6075,0,0,38,4479,89,2189,38,6668,California
Yuba,2021-02-23,113,8977,25,2814,88,6163,0,0,46,4459,66,2255,46,6714,California
Yuba,2021-02-24,480,9457,135,2949,345,6508,0,0,107,4193,373,2628,107,6821,California
Yuba,2021-02-25,334,9791,133,3082,201,6709,0,0,206,4271,128,2756,206,7027,California
Yuba,2021-02-26,256,10047,67,3149,189,6898,0,0,143,4303,111,2867,143,7170,California
Yuba,2021-02-27,471,10518,46,3195,425,7323,0,0,382,4598,87,2954,382,7552,California
Yuba,2021-02-28,66,10584,21,3216,45,7368,0,0,45,4622,21,2975,45,7597,California
Yuba,2021-03-01,154,10738,40,3256,114,7482,0,0,78,4625,75,3050,78,7675,California
Yuba,2021-03-02,158,10896,35,3291,123,7605,0,0,78,4623,80,3130,78,7753,California
Yuba,2021-03-03,622,11518,159,3450,463,8068,0,0,200,4402,421,3551,200,7953,California
Yuba,2021-03-04,467,11985,270,3720,197,8265,0,0,326,4588,140,3691,326,8279,California
Yuba,2021-03-05,316,12301,59,3779,256,8521,1,1,249,4771,67,3758,250,8529,California
Yuba,2021-03-06,475,12776,35,3814,436,8957,4,5,369,5038,106,3864,373,8902,California
Yuba,2021-03-07,49,12825,27,3841,21,8978,1,6,33,5056,16,3880,34,8936,California
Yuba,2021-03-08,159,12984,49,3890,94,9072,16,22,100,5113,59,3939,116,9052,California
Yuba,2021-03-09,175,13159,46,3936,110,9182,19,41,83,5123,92,4031,102,9154,California
Yuba,2021-03-10,736,13895,233,4169,473,9655,30,71,232,4882,503,4534,262,9416,California
Yuba,2021-03-11,427,14322,186,4355,229,9884,12,83,294,5055,133,4667,306,9722,California
Yuba,2021-03-12,463,14785,87,4442,322,10206,54,137,150,4946,313,4980,204,9926,California
Yuba,2021-03-13,454,15239,334,4776,105,10311,15,152,360,5228,93,5073,375,10301,California
Yuba,2021-03-14,107,15346,21,4797,76,10387,10,162,46,5224,60,5133,56,10357,California
Yuba,2021-03-15,190,15536,49,4846,124,10511,17,179,96,5243,94,5227,113,10470,California
Yuba,2021-03-16,290,15826,71,4917,194,10705,25,204,177,5333,112,5339,202,10672,California
Yuba,2021-03-17,738,16564,161,5078,548,11253,29,233,192,5010,544,5883,221,10893,California
Yuba,2021-03-18,570,17134,149,5227,308,11561,113,346,347,5246,223,6106,459,11352,California
Yuba,2021-03-19,325,17459,120,5347,156,11717,49,395,186,5343,138,6244,235,11587,California
Yuba,2021-03-20,554,18013,80,5427,456,12173,18,413,474,5756,79,6323,492,12079,California
Yuba,2021-03-21,60,18073,35,5462,25,12198,0,413,48,5792,12,6335,48,12127,California
Yuba,2021-03-22,190,18263,70,5532,113,12311,7,420,148,5905,42,6377,155,12282,California
Yuba,2021-03-23,263,18526,79,5611,157,12468,27,447,177,6025,84,6461,204,12486,California
Yuba,2021-03-24,766,19292,252,5863,433,12901,81,528,187,5715,577,7038,267,12753,California
Yuba,2021-03-25,494,19786,261,6124,211,13112,22,550,244,5731,250,7288,266,13019,California
Yuba,2021-03-26,389,20175,143,6267,219,13331,27,577,223,5816,165,7453,250,13269,California
Yuba,2021-03-27,458,20633,27,6294,428,13759,3,580,404,6169,53,7506,406,13675,California
Yuba,2021-03-28,99,20732,40,6334,55,13814,4,584,37,6148,62,7568,41,13716,California
Yuba,2021-03-29,290,21022,85,6419,174,13988,31,615,177,6243,113,7681,208,13924,California
Yuba,2021-03-30,273,21295,67,6486,198,14186,8,623,192,6362,81,7762,200,14124,California
Yuba,2021-03-31,670,21965,113,6599,545,14731,12,635,240,6185,429,8191,252,14376,California
Yuba,2021-04-01,611,22576,282,6881,300,15031,29,664,278,6159,333,8524,307,14683,California
Yuba,2021-04-02,491,23067,93,6974,315,15346,83,747,184,6119,306,8830,266,14949,California
Yuba,2021-04-03,652,23719,55,7029,115,15461,482,1229,86,6122,565,9395,568,15517,California
Yuba,2021-04-04,58,23777,11,7040,41,15502,6,1235,33,6136,25,9420,39,15556,California
Yuba,2021-04-05,245,24022,78,7118,147,15649,20,1255,123,6158,120,9540,142,15698,California
Yuba,2021-04-06,351,24373,114,7232,177,15826,60,1315,168,6204,182,9722,228,15926,California
Yuba,2021-04-07,770,25143,396,7628,321,16147,53,1368,347,6183,420,10142,399,16325,California
Yuba,2021-04-08,724,25867,291,7919,171,16318,262,1630,257,6236,466,10608,519,16844,California
Yuba,2021-04-09,391,26258,170,8089,157,16475,64,1694,159,6228,231,10839,223,17067,California
Yuba,2021-04-10,593,26851,72,8161,74,16549,447,2141,70,6224,521,11360,517,17584,California
Yuba,2021-04-11,98,26949,22,8183,64,16613,12,2153,39,6216,59,11419,51,17635,California
Yuba,2021-04-12,210,27159,46,8229,135,16748,29,2182,81,6198,128,11547,110,17745,California
Yuba,2021-04-13,394,27553,100,8329,294,17042,0,2182,202,6209,191,11738,202,17947,California
Yuba,2021-04-14,690,28243,107,8436,583,17625,0,2182,117,5754,572,12310,117,18064,California
Yuba,2021-04-15,295,28538,124,8560,171,17796,0,2182,125,5709,170,12480,125,18189,California
Yuba,2021-04-16,330,28868,101,8661,229,18025,0,2182,178,5735,152,12632,178,18367,California
Yuba,2021-04-17,392,29260,55,8716,337,18362,0,2182,321,5986,70,12702,321,18688,California
Yuba,2021-04-18,52,29312,9,8725,43,18405,0,2182,24,5982,28,12730,24,18712,California
Yuba,2021-04-19,245,29557,102,8827,143,18548,0,2182,104,5945,141,12871,104,18816,California
Yuba,2021-04-20,301,29858,78,8905,223,18771,0,2182,175,5996,125,12996,176,18992,California
Yuba,2021-04-21,705,30563,287,9192,418,19189,0,2182,304,5899,401,13397,304,19296,California
Yuba,2021-04-22,311,30874,117,9309,194,19383,0,2182,177,5942,134,13531,177,19473,California
Yuba,2021-04-23,334,31208,105,9414,229,19612,0,2182,162,5932,172,13703,162,19635,California
Yuba,2021-04-24,216,31424,68,9482,148,19760,0,2182,123,5962,93,13796,123,19758,California
Yuba,2021-04-25,74,31498,30,9512,44,19804,0,2182,37,5962,37,13833,37,19795,California
Yuba,2021-04-26,217,31715,47,9559,166,19970,4,2186,102,5953,115,13948,106,19901,California
Yuba,2021-04-27,435,32150,149,9708,276,20246,10,2196,214,5958,219,14167,224,20125,California
Yuba,2021-04-28,411,32561,168,9876,238,20484,5,2201,132,5822,273,14440,137,20262,California
Yuba,2021-04-29,335,32896,25,9901,308,20792,2,2203,99,5688,235,14675,101,20363,California
Yuba,2021-04-30,234,33130,46,9947,160,20952,28,2231,91,5666,140,14815,118,20481,California
Yuba,2021-05-01,115,33245,32,9979,65,21017,18,2249,39,5648,75,14890,57,20538,California
