county,administered_date,total_doses,cumulative_total_doses,pfizer_doses,cumulative_pfizer_doses,moderna_doses,cumulative_moderna_doses,jj_doses,cumulative_jj_doses,partially_vaccinated,total_partially_vaccinated,fully_vaccinated,cumulative_fully_vaccinated,at_least_one_dose,cumulative_at_least_one_dose,california_flag
All CA Counties,2020-12-15,1159,1159,1159,1159,0,0,0,0,1159,1159,0,0,1159,1159,
All CA Counties,2020-12-16,8486,9645,8486,9645,0,0,0,0,8486,9645,0,0,8486,9645,
All CA Counties,2020-12-17,26552,36197,26552,36197,0,0,0,0,26554,36199,0,0,26554,36199,
All CA Counties,2020-12-18,45243,81440,45183,81380,60,60,0,0,45243,81441,1,1,45243,81442,
All CA Counties,2020-12-19,25510,106950,25484,106864,26,86,0,0,25509,106949,1,2,25509,106951,
All CA Counties,2020-12-20,19129,126079,19097,125961,32,118,0,0,19127,126074,2,4,19127,126078,
All CA Counties,2020-12-21,49793,175872,49700,175661,93,211,0,0,49794,175866,3,7,49795,175873,
All CA Counties,2020-12-22,50200,226072,48057,223718,2143,2354,0,0,50192,226052,6,13,50192,226065,
All CA Counties,2020-12-23,50760,276832,41936,265654,8824,11178,0,0,50753,276802,6,19,50756,276821,
All CA Counties,2020-12-24,24119,300951,16358,282012,7761,18939,0,0,24114,300913,5,24,24116,300937,
All CA Counties,2020-12-25,2349,303300,2024,284036,325,19264,0,0,2349,303262,0,24,2349,303286,
All CA Counties,2020-12-26,14641,317941,9476,293512,5165,24429,0,0,14639,317899,2,26,14639,317925,
All CA Counties,2020-12-27,9473,327414,5612,299124,3861,28290,0,0,9470,327366,3,29,9470,327395,
All CA Counties,2020-12-28,46213,373627,29591,328715,16622,44912,0,0,46210,373573,3,32,46210,373605,
All CA Counties,2020-12-29,51398,425025,28620,357335,22778,67690,0,0,51391,424960,4,36,51391,424996,
All CA Counties,2020-12-30,63191,488216,35663,392998,27528,95218,0,0,63179,488133,9,45,63182,488178,
All CA Counties,2020-12-31,29635,517851,10949,403947,18686,113904,0,0,29613,517727,20,65,29614,517792,
All CA Counties,2021-01-01,4697,522548,2132,406079,2565,116469,0,0,4689,522409,7,72,4689,522481,
All CA Counties,2021-01-02,18549,541097,10262,416341,8287,124756,0,0,18544,540951,2,74,18544,541025,
All CA Counties,2021-01-03,6204,547301,3511,419852,2693,127449,0,0,6169,547107,13,87,6169,547194,
All CA Counties,2021-01-04,43676,590977,22030,441882,21646,149095,0,0,43596,590663,40,127,43596,590790,
All CA Counties,2021-01-05,56758,647735,29938,471820,26820,175915,0,0,51086,636238,5610,5737,51185,641975,
All CA Counties,2021-01-06,73672,721407,40653,512473,33019,208934,0,0,57931,678649,15561,21298,57972,699947,
All CA Counties,2021-01-07,92773,814180,52842,565315,39931,248865,0,0,61096,708303,31502,52800,61156,761103,
All CA Counties,2021-01-08,107499,921679,64702,630017,42797,291662,0,0,65415,731849,41941,94741,65487,826590,
All CA Counties,2021-01-09,44647,966326,25731,655748,18916,310578,0,0,27936,743130,16684,111425,27965,854555,
All CA Counties,2021-01-10,24475,990801,14964,670712,9511,320089,0,0,13161,745014,11296,122721,13180,867735,
All CA Counties,2021-01-11,105044,1095845,69910,740622,35134,355223,0,0,60934,762063,44063,166784,61112,928847,
All CA Counties,2021-01-12,114337,1210182,67805,808427,46532,401755,0,0,72788,793655,41442,208226,73034,1001881,
All CA Counties,2021-01-13,119921,1330103,62308,870735,57613,459368,0,0,85869,845652,33962,242188,85959,1087840,
All CA Counties,2021-01-14,124772,1454875,50057,920792,74715,534083,0,0,104962,931097,19704,261892,105149,1192989,
All CA Counties,2021-01-15,142630,1597505,52124,972916,90506,624589,0,0,127333,1043471,15197,277089,127571,1320560,
All CA Counties,2021-01-16,81095,1678600,27417,1000333,53678,678267,0,0,73452,1109365,7613,284702,73507,1394067,
All CA Counties,2021-01-17,48358,1726958,16908,1017241,31450,709717,0,0,44663,1150391,3682,288384,44708,1438775,
All CA Counties,2021-01-18,88441,1815399,46116,1063357,42325,752042,0,0,68999,1200203,19367,307751,69179,1507954,
All CA Counties,2021-01-19,142421,1957820,73448,1136805,68973,821015,0,0,111150,1280513,31171,338922,111481,1619435,
All CA Counties,2021-01-20,163747,2121567,84621,1221426,79126,900141,0,0,129434,1376157,34064,372986,129708,1749143,
All CA Counties,2021-01-21,176083,2297650,78817,1300243,97266,997407,0,0,156354,1513399,19495,392481,156737,1905880,
All CA Counties,2021-01-22,170866,2468516,69755,1369998,101111,1098518,0,0,156317,1655470,14406,406887,156477,2062357,
All CA Counties,2021-01-23,112048,2580564,49501,1419499,62547,1161065,0,0,99404,1742421,12577,419464,99528,2161885,
All CA Counties,2021-01-24,61225,2641789,29426,1448925,31799,1192864,0,0,56512,1794326,4674,424138,56579,2218464,
All CA Counties,2021-01-25,145832,2787621,65594,1514519,80238,1273102,0,0,110351,1869730,35332,459470,110736,2329200,
All CA Counties,2021-01-26,169710,2957331,83145,1597664,86565,1359667,0,0,131670,1963786,37887,497357,131943,2461143,
All CA Counties,2021-01-27,183394,3140725,87938,1685602,95456,1455123,0,0,143353,2067668,39694,537051,143576,2604719,
All CA Counties,2021-01-28,188887,3329612,86937,1772539,101950,1557073,0,0,154281,2187901,34287,571338,154520,2759239,
All CA Counties,2021-01-29,184684,3514296,88410,1860949,96274,1653347,0,0,149424,2302897,34613,605951,149609,2908848,
All CA Counties,2021-01-30,124612,3638908,55566,1916515,69046,1722393,0,0,108997,2396613,15433,621384,109149,3017997,
All CA Counties,2021-01-31,69190,3708098,38402,1954917,30788,1753181,0,0,64132,2455806,4997,626381,64190,3082187,
All CA Counties,2021-02-01,162610,3870708,75899,2030816,86711,1839892,0,0,121221,2535973,41185,667566,121352,3203539,
All CA Counties,2021-02-02,186489,4057197,78342,2109158,108147,1948039,0,0,141325,2632679,44845,712411,141551,3345090,
All CA Counties,2021-02-03,212505,4269702,96102,2205260,116403,2064442,0,0,157368,2735716,54586,766997,157623,3502713,
All CA Counties,2021-02-04,229608,4499310,100556,2305816,129052,2193494,0,0,168166,2843410,60839,827836,168533,3671246,
All CA Counties,2021-02-05,247731,4747041,106972,2412788,140759,2334253,0,0,168016,2933128,78849,906685,168567,3839813,
All CA Counties,2021-02-06,156102,4903143,75037,2487825,81065,2415318,0,0,121067,3019893,34800,941485,121565,3961378,
All CA Counties,2021-02-07,67078,4970221,43355,2531180,23723,2439041,0,0,50541,3054446,16439,957924,50992,4012370,
All CA Counties,2021-02-08,181763,5151984,89282,2620462,92481,2531522,0,0,119707,3113346,61563,1019487,120463,4132833,
All CA Counties,2021-02-09,212199,5364183,102056,2722518,110143,2641665,0,0,126817,3156755,84572,1104059,127981,4260814,
All CA Counties,2021-02-10,250323,5614506,120316,2842834,130007,2771672,0,0,137297,3183395,112143,1216202,138783,4399597,
All CA Counties,2021-02-11,267138,5881644,132044,2974878,135094,2906766,0,0,144381,3208080,121511,1337713,146196,4545793,
All CA Counties,2021-02-12,274836,6156480,120140,3095018,154696,3061462,0,0,147754,3232166,126062,1463775,150148,4695941,
All CA Counties,2021-02-13,168826,6325306,78133,3173151,90693,3152155,0,0,93042,3251800,75365,1539140,94999,4790940,
All CA Counties,2021-02-14,96107,6421413,47935,3221086,48172,3200327,0,0,51809,3261050,44105,1583245,53355,4844295,
All CA Counties,2021-02-15,143369,6564782,62826,3283912,80543,3280870,0,0,79087,3279416,63855,1647100,82221,4926516,
All CA Counties,2021-02-16,250817,6815599,118952,3402864,131865,3412735,0,0,133831,3299791,116552,1763652,136927,5063443,
All CA Counties,2021-02-17,261098,7076697,130065,3532929,131033,3543768,0,0,129550,3301641,130919,1894571,132769,5196212,
All CA Counties,2021-02-18,275411,7352108,143565,3676494,131846,3675614,0,0,132891,3297079,141696,2036267,137134,5333346,
All CA Counties,2021-02-19,256748,7608856,148776,3825270,107972,3783586,0,0,131928,3306913,124174,2160441,134008,5467354,
All CA Counties,2021-02-20,156585,7765441,99960,3925230,56625,3840211,0,0,85490,3323652,70739,2231180,87478,5554832,
All CA Counties,2021-02-21,86519,7851960,69890,3995120,16629,3856840,0,0,44425,3327839,41787,2272967,45974,5600806,
All CA Counties,2021-02-22,170467,8022427,114220,4109340,56247,3913087,0,0,84418,3328407,85572,2358539,86140,5686946,
All CA Counties,2021-02-23,232825,8255252,123065,4232405,109760,4022847,0,0,107778,3317945,124235,2482774,113773,5800719,
All CA Counties,2021-02-24,289172,8544424,146298,4378703,142874,4165721,0,0,136848,3310805,151544,2634318,144404,5945123,
All CA Counties,2021-02-25,325121,8869545,160474,4539177,164647,4330368,0,0,170080,3335210,154237,2788555,178642,6123765,
All CA Counties,2021-02-26,358612,9228157,167192,4706369,191420,4521788,0,0,199405,3383728,158180,2946735,206698,6330463,
All CA Counties,2021-02-27,254537,9482694,123764,4830133,130745,4652533,28,28,144614,3423572,109216,3055951,149060,6479523,
All CA Counties,2021-02-28,136648,9619342,81161,4911294,55474,4708007,13,41,79660,3449599,56496,3112447,82523,6562046,
All CA Counties,2021-03-01,245912,9865254,130813,5042107,114951,4822958,148,189,141476,3491709,103528,3215975,145638,6707684,
All CA Counties,2021-03-02,291358,10156612,147092,5189199,144232,4967190,34,223,175594,3559083,115146,3331121,182520,6890204,
All CA Counties,2021-03-03,336827,10493439,167831,5357030,168929,5136119,67,290,194659,3619761,141361,3472482,202039,7092243,
All CA Counties,2021-03-04,354862,10848301,179351,5536381,175411,5311530,100,390,208319,3689532,145681,3618163,215452,7307695,
All CA Counties,2021-03-05,342798,11191099,168088,5704469,173575,5485105,1135,1525,213036,3782099,128862,3747025,221429,7529124,
All CA Counties,2021-03-06,260551,11451650,133706,5838175,118975,5604080,7870,9395,161944,3858456,98129,3845154,174486,7703610,
All CA Counties,2021-03-07,129262,11580912,78807,5916982,46265,5650345,4190,13585,80468,3898202,48569,3893723,88315,7791925,
All CA Counties,2021-03-08,222360,11803272,108643,6025625,103207,5753552,10510,24095,145459,3982663,76436,3970159,160897,7952822,
All CA Counties,2021-03-09,294507,12097779,140595,6166220,137970,5891522,15942,40037,164732,4038118,129223,4099382,184678,8137500,
All CA Counties,2021-03-10,326058,12423837,162205,6328425,139252,6030774,24601,64638,176051,4093640,149238,4248620,204760,8342260,
All CA Counties,2021-03-11,380308,12804145,184074,6512499,162736,6193510,33498,98136,194516,4141076,184716,4433336,232152,8574412,
All CA Counties,2021-03-12,398569,13202714,178008,6690507,174145,6367655,46416,144552,195009,4183961,202585,4635921,245470,8819882,
All CA Counties,2021-03-13,286763,13489477,125473,6815980,130082,6497737,31208,175760,155147,4243375,131096,4767017,190510,9010392,
All CA Counties,2021-03-14,156782,13646259,83547,6899527,58109,6555846,15126,190886,78502,4261299,77929,4844946,95853,9106245,
All CA Counties,2021-03-15,292851,13939110,139999,7039526,132141,6687987,20711,211597,158486,4310389,133478,4978424,182568,9288813,
All CA Counties,2021-03-16,372766,14311876,175255,7214781,180047,6868034,17464,229061,215186,4389483,156723,5135147,235817,9524630,
All CA Counties,2021-03-17,387678,14699554,192280,7407061,176676,7044710,18722,247783,239545,4503054,147177,5282324,260748,9785378,
All CA Counties,2021-03-18,405282,15104836,207836,7614897,179052,7223762,18394,266177,239599,4598690,164454,5446778,260090,10045468,
All CA Counties,2021-03-19,414327,15519163,218211,7833108,174248,7398010,21868,288045,239741,4688834,173493,5620271,263637,10309105,
All CA Counties,2021-03-20,297389,15816552,156023,7989131,125396,7523406,15970,304015,187793,4785264,108819,5729090,205249,10514354,
All CA Counties,2021-03-21,145295,15961847,100335,8089466,37416,7560822,7544,311559,87229,4823791,57624,5786714,96151,10610505,
All CA Counties,2021-03-22,275761,16237608,160760,8250226,103755,7664577,11246,322805,178951,4921095,95928,5882642,193232,10803737,
All CA Counties,2021-03-23,360346,16597954,198893,8449119,150349,7814926,11104,333909,220563,5016581,138767,6021409,234253,11037990,
All CA Counties,2021-03-24,389818,16987772,223218,8672337,154036,7968962,12564,346473,225393,5093550,163054,6184463,240023,11278013,
All CA Counties,2021-03-25,420415,17408187,231811,8904148,173688,8142650,14916,361389,237389,5166405,181577,6366040,254432,11532445,
All CA Counties,2021-03-26,437300,17845487,233827,9137975,187255,8329905,16218,377607,235530,5220557,200410,6566450,254562,11787007,
All CA Counties,2021-03-27,314786,18160273,167107,9305082,135860,8465765,11819,389426,158426,5237600,155433,6721883,172476,11959483,
All CA Counties,2021-03-28,170287,18330560,109456,9414538,57226,8522991,3605,393031,88706,5251186,81078,6802961,94664,12054147,
All CA Counties,2021-03-29,312294,18642854,167793,9582331,135345,8658336,9156,402187,173166,5297754,138244,6941205,184812,12238959,
All CA Counties,2021-03-30,400668,19043522,202905,9785236,179424,8837760,18339,420526,224689,5367423,175091,7116296,244760,12483719,
All CA Counties,2021-03-31,428583,19472105,232758,10017994,173825,9011585,22000,442526,237744,5438492,189649,7305945,260718,12744437,
All CA Counties,2021-04-01,494906,19967011,253131,10271125,200863,9212448,40912,483438,271870,5530836,221431,7527376,313775,13058212,
All CA Counties,2021-04-02,476426,20443437,232130,10503255,200830,9413278,43466,526904,258160,5617089,216875,7744251,303128,13361340,
All CA Counties,2021-04-03,330909,20774346,168666,10671921,120629,9533907,41614,568518,164779,5659097,165399,7909650,207407,13568747,
All CA Counties,2021-04-04,132779,20907125,69286,10741207,44398,9578305,19095,587613,58122,5662101,74298,7983948,77302,13646049,
All CA Counties,2021-04-05,355182,21262307,183048,10924255,132109,9710414,40025,627638,174297,5698675,180090,8164038,216664,13862713,
All CA Counties,2021-04-06,459858,21722165,233123,11157378,160947,9871361,65788,693426,222516,5752452,236304,8400342,290081,14152794,
All CA Counties,2021-04-07,475363,22197528,246871,11404249,158210,10029571,70282,763708,230645,5810645,243631,8643973,301824,14454618,
All CA Counties,2021-04-08,502080,22699608,253312,11657561,163960,10193531,84808,848516,235787,5868345,264960,8908933,322660,14777278,
All CA Counties,2021-04-09,498052,23197660,248197,11905758,169441,10362972,80414,928930,228772,5912318,268081,9177014,312054,15089332,
All CA Counties,2021-04-10,370511,23568171,168842,12074600,127056,10490028,74613,1003543,155276,5930368,214400,9391414,232450,15321782,
All CA Counties,2021-04-11,188736,23756907,105784,12180384,48847,10538875,34105,1037648,77819,5934542,110524,9501938,114698,15436480,
All CA Counties,2021-04-12,342081,24098988,175801,12356185,127920,10666795,38360,1076008,157765,5950938,183232,9685170,199628,15636108,
All CA Counties,2021-04-13,435514,24534502,243842,12600027,190709,10857504,963,1076971,242963,6006467,191411,9876581,246940,15883048,
All CA Counties,2021-04-14,455759,24990261,255596,12855623,199869,11057373,294,1077265,237246,6031333,217192,10093773,242058,16125106,
All CA Counties,2021-04-15,496442,25486703,289240,13144863,206898,11264271,304,1077569,277373,6094424,217428,10311201,280519,16405625,
All CA Counties,2021-04-16,481159,25967862,270593,13415456,210252,11474523,314,1077883,256223,6129940,223459,10534660,258975,16664600,
All CA Counties,2021-04-17,346873,26314735,194039,13609495,152767,11627290,67,1077950,197335,6181957,148550,10683210,200567,16865167,
All CA Counties,2021-04-18,161762,26476497,104094,13713589,57650,11684940,18,1077968,82861,6189460,78417,10761627,85920,16951087,
All CA Counties,2021-04-19,323630,26800127,186092,13899681,137438,11822378,100,1078068,152931,6174709,169648,10931275,154897,17105984,
All CA Counties,2021-04-20,419538,27219665,226741,14126422,192716,12015094,81,1078149,208131,6175822,210184,11141459,211297,17317281,
All CA Counties,2021-04-21,440537,27660202,254753,14381175,185512,12200606,272,1078421,211629,6163972,227187,11368646,215337,17532618,
All CA Counties,2021-04-22,456411,28116613,262565,14643740,193763,12394369,83,1078504,203544,6119554,251289,11619935,206871,17739489,
All CA Counties,2021-04-23,448795,28565408,257878,14901618,190824,12585193,93,1078597,203492,6082766,243749,11863684,206961,17946450,
All CA Counties,2021-04-24,326496,28891904,205250,15106868,121062,12706255,184,1078781,165935,6092635,159531,12023215,169400,18115850,
All CA Counties,2021-04-25,150773,29042677,98787,15205655,51910,12758165,76,1078857,80510,6104944,69750,12092965,82059,18197909,
All CA Counties,2021-04-26,305663,29348340,177841,15383496,126266,12884431,1556,1080413,133555,6073554,171015,12263980,139625,18337534,
All CA Counties,2021-04-27,373570,29721910,207324,15590820,159599,13044030,6647,1087060,151058,6013169,221271,12485251,160886,18498420,
All CA Counties,2021-04-28,359627,30081537,207758,15798578,143925,13187955,7944,1095004,148500,5962092,209887,12695138,158810,18657230,
All CA Counties,2021-04-29,369000,30450537,214214,16012792,146836,13334791,7950,1102954,136171,5876582,231510,12926648,146000,18803230,
All CA Counties,2021-04-30,381756,30832293,220128,16232920,152661,13487452,8967,1111921,145846,5798909,234477,13161125,156804,18960034,
All CA Counties,2021-05-01,248922,31081215,158868,16391788,83924,13571376,6130,1118051,90361,5740027,157601,13318726,98719,19058753,
All CA Counties,2021-05-02,117119,31198334,81850,16473638,31380,13602756,3889,1121940,40956,5709518,75723,13394449,45214,19103967,
All CA Counties,2021-05-03,254390,31452724,156108,16629746,89491,13692247,8791,1130731,77685,5621120,175765,13570214,87367,19191334,
All CA Counties,2021-05-04,333879,31786603,205185,16834931,118868,13811115,9826,1140557,98834,5497072,233893,13804107,109845,19301179,
All CA Counties,2021-05-05,338449,32125052,212039,17046970,116318,13927433,10092,1150649,95806,5362729,241311,14045418,106968,19408147,
All CA Counties,2021-05-06,355391,32480443,233259,17280229,111578,14039011,10554,1161203,90423,5202987,263220,14308638,103478,19511625,
All CA Counties,2021-05-07,352723,32833166,221572,17501801,121249,14160260,9902,1171105,96084,5055058,255172,14563810,107243,19618868,
All CA Counties,2021-05-08,233440,33066606,148863,17650664,77608,14237868,6969,1178074,64386,4959849,168036,14731846,72827,19691695,
All CA Counties,2021-05-09,95413,33162019,72335,17722999,20105,14257973,2973,1181047,25125,4918452,69942,14801788,28545,19720240,
All CA Counties,2021-05-10,206770,33368789,118463,17841462,80422,14338395,7885,1188932,51182,4824116,154712,14956500,60376,19780616,
All CA Counties,2021-05-11,274343,33643132,156616,17998078,109064,14447459,8663,1197595,72551,4706352,200779,15157279,83015,19863631,
All CA Counties,2021-05-12,272122,33915254,158603,18156681,104395,14551854,9124,1206719,73028,4591682,197978,15355257,83308,19946939,
All CA Counties,2021-05-13,317573,34232827,204924,18361605,105231,14657085,7418,1214137,119506,4524400,196871,15552128,129589,20076528,
All CA Counties,2021-05-14,341112,34573939,218710,18580315,113481,14770566,8921,1223058,133000,4461614,206794,15758922,144008,20220536,
All CA Counties,2021-05-15,280219,34854158,195808,18776123,78400,14848966,6011,1229069,115515,4420365,163766,15922688,122517,20343053,
All CA Counties,2021-05-16,141353,34995511,108362,18884485,30039,14879005,2952,1232021,57714,4398291,83151,16005839,61077,20404130,
All CA Counties,2021-05-17,240245,35235756,158232,19042717,74595,14953600,7418,1239439,95182,4357628,144133,16149972,103470,20507600,
All CA Counties,2021-05-18,281821,35517577,171915,19214632,102502,15056102,7404,1246843,109944,4305655,170728,16320700,118755,20626355,
All CA Counties,2021-05-19,275751,35793328,172070,19386702,96115,15152217,7566,1254409,112769,4265223,161897,16482597,121465,20747820,
All CA Counties,2021-05-20,263730,36057058,157562,19544264,98026,15250243,8142,1262551,100340,4213041,162199,16644796,110017,20857837,
All CA Counties,2021-05-21,282309,36339367,173656,19717920,100697,15350940,7956,1270507,106326,4153890,174667,16819463,115516,20973353,
All CA Counties,2021-05-22,204360,36543727,135297,19853217,62839,15413779,6224,1276731,87148,4132004,116396,16935859,94510,21067863,
All CA Counties,2021-05-23,89672,36633399,62864,19916081,24111,15437890,2697,1279428,38627,4123099,50612,16986471,41707,21109570,
All CA Counties,2021-05-24,171172,36804571,100547,20016628,62302,15500192,8323,1287751,64890,4091720,105442,17091913,74063,21183633,
All CA Counties,2021-05-25,189549,36994120,111213,20127841,70293,15570485,8043,1295794,71676,4055746,116824,17208737,80850,21264483,
All CA Counties,2021-05-26,184448,37178568,106165,20234006,70426,15640911,7857,1303651,71575,4024138,111753,17320490,80145,21344628,
All CA Counties,2021-05-27,172161,37350729,98428,20332434,65237,15706148,8496,1312147,69158,4000721,102137,17422627,78720,21423348,
All CA Counties,2021-05-28,188585,37539314,108769,20441203,72699,15778847,7117,1319264,81212,3983797,106373,17529000,89449,21512797,
All CA Counties,2021-05-29,106825,37646139,65574,20506777,37424,15816271,3827,1323091,49817,3981486,56456,17585456,54145,21566942,
All CA Counties,2021-05-30,47037,37693176,31052,20537829,13527,15829798,2458,1325549,20585,3978542,26202,17611658,23258,21590200,
All CA Counties,2021-05-31,19787,37712963,11654,20549483,7159,15836957,974,1326523,6429,3972866,13193,17624851,7517,21597717,
All CA Counties,2021-06-01,168162,37881125,98108,20647591,62968,15899925,7086,1333609,59423,3932529,107732,17732583,67395,21665112,
All CA Counties,2021-06-02,142586,38023711,84331,20731922,51145,15951070,7110,1340719,53790,3906207,87880,17820463,61558,21726670,
All CA Counties,2021-06-03,170722,38194433,116777,20848699,46892,15997962,7053,1347772,51823,3848044,118039,17938502,59876,21786546,
All CA Counties,2021-06-04,199232,38393665,140337,20989036,52706,16050668,6189,1353961,59471,3776850,138689,18077191,67495,21854041,
All CA Counties,2021-06-05,157231,38550896,118687,21107723,32911,16083579,5633,1359594,43574,3714135,112870,18190061,50155,21904196,
All CA Counties,2021-06-06,63782,38614678,53744,21161467,7826,16091405,2212,1361806,16922,3687503,46565,18236626,19933,21924129,
All CA Counties,2021-06-07,136421,38751099,100180,21261647,30371,16121776,5870,1367676,40077,3638433,95727,18332353,46657,21970786,
All CA Counties,2021-06-08,158023,38909122,114738,21376385,36499,16158275,6786,1374462,46818,3582770,110294,18442647,54631,22025417,
All CA Counties,2021-06-09,152189,39061311,110744,21487129,34690,16192965,6755,1381217,42149,3523363,109216,18551863,49809,22075226,
All CA Counties,2021-06-10,146478,39207789,105515,21592644,33630,16226595,7333,1388550,42878,3471746,102871,18654734,51254,22126480,
All CA Counties,2021-06-11,158820,39366609,111574,21704218,40526,16267121,6720,1395270,49318,3420080,108606,18763340,56940,22183420,
All CA Counties,2021-06-12,114727,39481336,86952,21791170,24062,16291183,3713,1398983,32709,3375697,81464,18844804,37081,22220501,
All CA Counties,2021-06-13,44694,39526030,33319,21824489,9325,16300508,2050,1401033,11083,3355857,33364,18878168,13524,22234025,
All CA Counties,2021-06-14,115150,39641180,81871,21906360,26528,16327036,6751,1407784,37789,3324259,76748,18954916,45150,22279175,
All CA Counties,2021-06-15,131559,39772739,88843,21995203,33941,16360977,8775,1416559,43885,3290996,86816,19041732,53553,22332728,
All CA Counties,2021-06-16,120742,39893481,85054,22080257,27988,16388965,7700,1424259,41431,3262308,78562,19120294,49874,22382602,
All CA Counties,2021-06-17,114020,40007501,79098,22159355,27090,16416055,7832,1432091,40202,3237894,73077,19193371,48663,22431265,
All CA Counties,2021-06-18,128441,40135942,89017,22248372,31955,16448010,7469,1439560,45956,3210473,81599,19274970,54178,22485443,
All CA Counties,2021-06-19,76410,40212352,55534,22303906,16872,16464882,4004,1443564,28623,3196410,47194,19322164,33131,22518574,
All CA Counties,2021-06-20,30629,40242981,23068,22326974,6209,16471091,1352,1444916,11507,3190579,18906,19341070,13075,22531649,
All CA Counties,2021-06-21,71141,40314122,44610,22371584,20531,16491622,6000,1450916,36446,3199232,34310,19375380,42963,22574612,
All CA Counties,2021-06-22,100266,40414388,70048,22441632,24358,16515980,5860,1456776,39019,3184120,60649,19436029,45537,22620149,
All CA Counties,2021-06-23,93753,40508141,66226,22507858,21811,16537791,5716,1462492,38175,3173597,55008,19491037,44485,22664634,
All CA Counties,2021-06-24,90778,40598919,63456,22571314,21789,16559580,5533,1468025,36724,3163003,53415,19544452,42821,22707455,
All CA Counties,2021-06-25,104871,40703790,74275,22645589,25298,16584878,5298,1473323,42724,3150100,61515,19605967,48612,22756067,
All CA Counties,2021-06-26,67366,40771156,50839,22696428,13464,16598342,3063,1476386,27740,3142194,39262,19645229,31356,22787423,
All CA Counties,2021-06-27,31380,40802536,24124,22720552,5720,16604062,1536,1477922,13359,3139469,17846,19663075,15121,22802544,
All CA Counties,2021-06-28,71408,40873944,55352,22775904,11712,16615774,4344,1482266,31191,3135697,39767,19702842,35995,22838539,
All CA Counties,2021-06-29,83070,40957014,58994,22834898,19907,16635681,4169,1486435,34932,3127723,47631,19750473,39657,22878196,
All CA Counties,2021-06-30,78085,41035099,56102,22891000,18164,16653845,3819,1490254,34856,3124215,42728,19793201,39220,22917416,
All CA Counties,2021-07-01,72799,41107898,52608,22943608,16361,16670206,3830,1494084,31927,3120045,40437,19833638,36267,22953683,
All CA Counties,2021-07-02,82145,41190043,58982,23002590,19438,16689644,3725,1497809,36194,3115020,45432,19879070,40407,22994090,
All CA Counties,2021-07-03,45530,41235573,33300,23035890,10608,16700252,1622,1499431,20611,3112974,24587,19903657,22541,23016631,
All CA Counties,2021-07-04,3350,41238923,1935,23037825,1141,16701393,274,1499705,1476,3112929,1851,19905508,1806,23018437,
All CA Counties,2021-07-05,23272,41262195,15538,23053363,6923,16708316,811,1500516,10622,3111994,12491,19917999,11556,23029993,
All CA and Non-CA Counties,2020-12-15,1168,1168,1168,1168,0,0,0,0,1168,1168,0,0,1168,1168,
All CA and Non-CA Counties,2020-12-16,8761,9929,8761,9929,0,0,0,0,8761,9929,0,0,8761,9929,
All CA and Non-CA Counties,2020-12-17,28144,38073,28144,38073,0,0,0,0,28144,38073,0,0,28144,38073,
All CA and Non-CA Counties,2020-12-18,47772,85845,47705,85778,67,67,0,0,47771,85843,1,1,47771,85844,
All CA and Non-CA Counties,2020-12-19,26545,112390,26518,112296,27,94,0,0,26544,112386,1,2,26544,112388,
All CA and Non-CA Counties,2020-12-20,19806,132196,19771,132067,35,129,0,0,19804,132188,2,4,19804,132192,
All CA and Non-CA Counties,2020-12-21,51967,184163,51871,183938,96,225,0,0,51964,184150,3,7,51965,184157,
All CA and Non-CA Counties,2020-12-22,52258,236421,50040,233978,2218,2443,0,0,52250,236394,6,13,52250,236407,
All CA and Non-CA Counties,2020-12-23,52287,288708,43320,277298,8967,11410,0,0,52279,288669,7,20,52282,288689,
All CA and Non-CA Counties,2020-12-24,24919,313627,16968,294266,7951,19361,0,0,24914,313580,5,25,24916,313605,
All CA and Non-CA Counties,2020-12-25,2384,316011,2054,296320,330,19691,0,0,2384,315964,0,25,2384,315989,
All CA and Non-CA Counties,2020-12-26,14947,330958,9683,306003,5264,24955,0,0,14945,330907,2,27,14945,330934,
All CA and Non-CA Counties,2020-12-27,9662,340620,5684,311687,3978,28933,0,0,9659,340563,3,30,9659,340593,
All CA and Non-CA Counties,2020-12-28,47623,388243,30489,342176,17134,46067,0,0,47619,388179,3,33,47619,388212,
All CA and Non-CA Counties,2020-12-29,52941,441184,29641,371817,23300,69367,0,0,52935,441110,4,37,52935,441147,
All CA and Non-CA Counties,2020-12-30,65120,506304,36937,408754,28183,97550,0,0,65108,506212,9,46,65111,506258,
All CA and Non-CA Counties,2020-12-31,30736,537040,11545,420299,19191,116741,0,0,30712,536904,21,67,30713,536971,
All CA and Non-CA Counties,2021-01-01,4816,541856,2160,422459,2656,119397,0,0,4808,541705,7,74,4808,541779,
All CA and Non-CA Counties,2021-01-02,18794,560650,10396,432855,8398,127795,0,0,18788,560490,3,77,18788,560567,
All CA and Non-CA Counties,2021-01-03,6375,567025,3602,436457,2773,130568,0,0,6340,566817,13,90,6340,566907,
All CA and Non-CA Counties,2021-01-04,44822,611847,22541,458998,22281,152849,0,0,44736,611512,41,131,44736,611643,
All CA and Non-CA Counties,2021-01-05,58306,670153,30760,489758,27546,180395,0,0,52441,658252,5801,5932,52541,664184,
All CA and Non-CA Counties,2021-01-06,76341,746494,42233,531991,34108,214503,0,0,59869,701873,16289,22221,59910,724094,
All CA and Non-CA Counties,2021-01-07,96948,843442,55433,587424,41515,256018,0,0,63623,732411,33147,55368,63685,787779,
All CA and Non-CA Counties,2021-01-08,111973,955415,67604,655028,44369,300387,0,0,68030,756724,43792,99160,68105,855884,
All CA and Non-CA Counties,2021-01-09,45959,1001374,26270,681298,19689,320076,0,0,28920,768663,17012,116172,28951,884835,
All CA and Non-CA Counties,2021-01-10,24791,1026165,15152,696450,9639,329715,0,0,13356,770621,11417,127589,13375,898210,
All CA and Non-CA Counties,2021-01-11,108317,1134482,71923,768373,36394,366109,0,0,62881,788292,45388,172977,63059,961269,
All CA and Non-CA Counties,2021-01-12,118169,1252651,70103,838476,48066,414175,0,0,75082,820649,42975,215952,75332,1036601,
All CA and Non-CA Counties,2021-01-13,123558,1376209,64090,902566,59468,473643,0,0,88329,873933,35139,251091,88423,1125024,
All CA and Non-CA Counties,2021-01-14,128427,1504636,51322,953888,77105,550748,0,0,107971,961758,20336,271427,108161,1233185,
All CA and Non-CA Counties,2021-01-15,146800,1651436,53126,1007014,93674,644422,0,0,131026,1077360,15662,287089,131264,1364449,
All CA and Non-CA Counties,2021-01-16,83729,1735165,27813,1034827,55916,700338,0,0,75911,1145540,7786,294875,75966,1440415,
All CA and Non-CA Counties,2021-01-17,48868,1784033,17064,1051891,31804,732142,0,0,45124,1186978,3731,298606,45169,1485584,
All CA and Non-CA Counties,2021-01-18,89684,1873717,46941,1098832,42743,774885,0,0,69783,1237117,19825,318431,69964,1555548,
All CA and Non-CA Counties,2021-01-19,146532,2020249,74809,1173641,71723,846608,0,0,114356,1319733,32074,350505,114690,1670238,
All CA and Non-CA Counties,2021-01-20,168254,2188503,86127,1259768,82127,928735,0,0,132946,1417899,35055,385560,133221,1803459,
All CA and Non-CA Counties,2021-01-21,180363,2368866,80039,1339807,100324,1029059,0,0,160056,1558280,20058,405618,160439,1963898,
All CA and Non-CA Counties,2021-01-22,175516,2544382,70883,1410690,104633,1133692,0,0,160544,1704167,14819,420437,160706,2124604,
All CA and Non-CA Counties,2021-01-23,114344,2658726,49853,1460543,64491,1198183,0,0,101527,1793071,12747,433184,101651,2226255,
All CA and Non-CA Counties,2021-01-24,61826,2720552,29679,1490222,32147,1230330,0,0,57034,1845418,4754,437938,57101,2283356,
All CA and Non-CA Counties,2021-01-25,150412,2870964,67583,1557805,82829,1313159,0,0,114053,1923657,36201,474139,114440,2397796,
All CA and Non-CA Counties,2021-01-26,175866,3046830,86163,1643968,89703,1402862,0,0,136954,2022130,38761,512900,137234,2535030,
All CA and Non-CA Counties,2021-01-27,188554,3235384,90691,1734659,97863,1500725,0,0,147864,2129882,40337,553237,148089,2683119,
All CA and Non-CA Counties,2021-01-28,194295,3429679,89916,1824575,104379,1605104,0,0,159086,2254324,34883,588120,159325,2842444,
All CA and Non-CA Counties,2021-01-29,189732,3619411,91605,1916180,98127,1703231,0,0,153661,2372751,35421,623541,153848,2996292,
All CA and Non-CA Counties,2021-01-30,129059,3748470,57996,1974176,71063,1774294,0,0,113211,2470448,15667,639208,113364,3109656,
All CA and Non-CA Counties,2021-01-31,72480,3820950,41263,2015439,31217,1805511,0,0,67359,2532808,5059,644267,67419,3177075,
All CA and Non-CA Counties,2021-02-01,168281,3989231,78562,2094001,89719,1895230,0,0,126151,2617171,41919,686186,126282,3303357,
All CA and Non-CA Counties,2021-02-02,193453,4182684,80635,2174636,112818,2008048,0,0,147543,2719363,45577,731763,147769,3451126,
All CA and Non-CA Counties,2021-02-03,220055,4402739,98249,2272885,121806,2129854,0,0,164013,2828151,55481,787244,164269,3615395,
All CA and Non-CA Counties,2021-02-04,236597,4639336,102788,2375673,133809,2263663,0,0,174107,2940754,61872,849116,174475,3789870,
All CA and Non-CA Counties,2021-02-05,254617,4893953,109251,2484924,145366,2409029,0,0,173788,3035139,79954,929070,174339,3964209,
All CA and Non-CA Counties,2021-02-06,160560,5054513,77227,2562151,83333,2492362,0,0,125047,3125419,35268,964338,125548,4089757,
All CA and Non-CA Counties,2021-02-07,69315,5123828,45196,2607347,24119,2516481,0,0,52689,3162035,16526,980864,53142,4142899,
All CA and Non-CA Counties,2021-02-08,187122,5310950,92672,2700019,94450,2610931,0,0,123962,3224097,62656,1043520,124718,4267617,
All CA and Non-CA Counties,2021-02-09,216506,5527456,103993,2804012,112513,2723444,0,0,129790,3269172,85893,1129413,130968,4398585,
All CA and Non-CA Counties,2021-02-10,256002,5783458,122301,2926313,133701,2857145,0,0,140490,3296576,114613,1244026,142017,4540602,
All CA and Non-CA Counties,2021-02-11,272130,6055588,134410,3060723,137720,2994865,0,0,147972,3323485,122896,1366922,149805,4690407,
All CA and Non-CA Counties,2021-02-12,280211,6335799,122150,3182873,158061,3152926,0,0,151224,3349158,127949,1494871,153622,4844029,
All CA and Non-CA Counties,2021-02-13,171279,6507078,78878,3261751,92401,3245327,0,0,94904,3370079,75952,1570823,96873,4940902,
All CA and Non-CA Counties,2021-02-14,97482,6604560,48365,3310116,49117,3294444,0,0,52923,3380193,44357,1615180,54471,4995373,
All CA and Non-CA Counties,2021-02-15,146068,6750628,64483,3374599,81585,3376029,0,0,80386,3398480,65236,1680416,83523,5078896,
All CA and Non-CA Counties,2021-02-16,257409,7008037,121971,3496570,135438,3511467,0,0,136451,3417526,120506,1800922,139552,5218448,
All CA and Non-CA Counties,2021-02-17,267202,7275239,133179,3629749,134023,3645490,0,0,131413,3417016,135147,1936069,134637,5353085,
All CA and Non-CA Counties,2021-02-18,282193,7557432,147511,3777260,134682,3780172,0,0,135003,3409933,146330,2082399,139247,5492332,
All CA and Non-CA Counties,2021-02-19,262852,7820284,153053,3930313,109799,3889971,0,0,134455,3418731,127739,2210138,136537,5628869,
All CA and Non-CA Counties,2021-02-20,160121,7980405,102829,4033142,57292,3947263,0,0,86771,3434504,72987,2283125,88760,5717629,
All CA and Non-CA Counties,2021-02-21,89647,8070052,72783,4105925,16864,3964127,0,0,45349,3437425,43977,2327102,46898,5764527,
All CA and Non-CA Counties,2021-02-22,174215,8244267,116977,4222902,57238,4021365,0,0,86110,3437642,87620,2414722,87837,5852364,
All CA and Non-CA Counties,2021-02-23,239698,8483965,126771,4349673,112927,4134292,0,0,110247,3425370,128530,2543252,116258,5968622,
All CA and Non-CA Counties,2021-02-24,296016,8779981,150000,4499673,146016,4280308,0,0,139364,3416474,155821,2699073,146925,6115547,
All CA and Non-CA Counties,2021-02-25,332152,9112133,164056,4663729,168096,4448404,0,0,173190,3440109,158121,2857194,181756,6297303,
All CA and Non-CA Counties,2021-02-26,365592,9477725,170899,4834628,194693,4643097,0,0,202511,3487958,161956,3019150,209805,6507108,
All CA and Non-CA Counties,2021-02-27,260053,9737778,126553,4961181,133471,4776568,29,29,146507,3526103,112812,3131962,150957,6658065,
All CA and Non-CA Counties,2021-02-28,139114,9876892,82943,5044124,56157,4832725,14,43,80475,3551304,58140,3190102,83341,6741406,
All CA and Non-CA Counties,2021-03-01,250948,10127840,134004,5178128,116795,4949520,149,192,142870,3591187,107155,3297257,147038,6888444,
All CA and Non-CA Counties,2021-03-02,298128,10425968,149604,5327732,148490,5098010,34,226,177682,3655990,119807,3417064,184610,7073054,
All CA and Non-CA Counties,2021-03-03,344803,10770771,170978,5498710,173756,5271766,69,295,197370,3714145,146600,3563664,204755,7277809,
All CA and Non-CA Counties,2021-03-04,361764,11132535,182310,5681020,179347,5451113,107,402,210658,3781730,150215,3713879,217800,7495609,
All CA and Non-CA Counties,2021-03-05,348125,11480660,170778,5851798,176197,5627310,1150,1552,215800,3874535,131411,3845290,224216,7719825,
All CA and Non-CA Counties,2021-03-06,265180,11745840,135864,5987662,121290,5748600,8026,9578,164295,3951134,100403,3945693,177002,7896827,
All CA and Non-CA Counties,2021-03-07,130873,11876713,79840,6067502,46787,5795387,4246,13824,81443,3991282,49200,3994893,89348,7986175,
All CA and Non-CA Counties,2021-03-08,225534,12102247,110527,6178029,104245,5899632,10762,24586,147683,4077307,77356,4072249,163381,8149556,
All CA and Non-CA Counties,2021-03-09,299271,12401518,143047,6321076,139962,6039594,16262,40848,167528,4133921,131180,4203429,187794,8337350,
All CA and Non-CA Counties,2021-03-10,330559,12732077,164361,6485437,141078,6180672,25120,65968,178786,4190950,150990,4354419,208019,8545369,
All CA and Non-CA Counties,2021-03-11,386577,13118654,187277,6672714,165106,6345778,34194,100162,197826,4239450,187658,4542077,236158,8781527,
All CA and Non-CA Counties,2021-03-12,405150,13523804,181967,6854681,176032,6521810,47151,147313,198577,4283645,205576,4747653,249771,9031298,
All CA and Non-CA Counties,2021-03-13,290604,13814408,127676,6982357,131246,6653056,31682,178995,157748,4344905,132324,4879977,193584,9224882,
All CA and Non-CA Counties,2021-03-14,158599,13973007,84482,7066839,58650,6711706,15467,194462,79488,4363331,78753,4958730,97179,9322061,
All CA and Non-CA Counties,2021-03-15,296940,14269947,142140,7208979,133615,6845321,21185,215647,160658,4413163,135384,5094114,185216,9507277,
All CA and Non-CA Counties,2021-03-16,380383,14650330,179671,7388650,182853,7028174,17859,233506,219368,4493415,160135,5254249,240387,9747664,
All CA and Non-CA Counties,2021-03-17,396197,15046527,197790,7586440,179305,7207479,19102,252608,244634,4609042,150591,5404840,266218,10013882,
All CA and Non-CA Counties,2021-03-18,413660,15460187,213011,7799451,181707,7389186,18942,271550,244411,4706486,168005,5572845,265449,10279331,
All CA and Non-CA Counties,2021-03-19,421710,15881897,222597,8022048,176699,7565885,22414,293964,244135,4798599,176468,5749313,268581,10547912,
All CA and Non-CA Counties,2021-03-20,302186,16184083,159184,8181232,126941,7692826,16061,310025,191441,4897637,109951,5859264,208989,10756901,
All CA and Non-CA Counties,2021-03-21,147409,16331492,101783,8283015,37993,7730819,7633,317658,88910,4937505,58052,5917316,97920,10854821,
All CA and Non-CA Counties,2021-03-22,279082,16610574,162767,8445782,104980,7835799,11335,328993,181215,5036119,96970,6014286,195584,11050405,
All CA and Non-CA Counties,2021-03-23,366490,16977064,202024,8647806,153051,7988850,11415,340408,224691,5134060,140751,6155037,238692,11289097,
All CA and Non-CA Counties,2021-03-24,397192,17374256,226997,8874803,157182,8146032,13013,353421,230455,5214240,165352,6320389,245532,11534629,
All CA and Non-CA Counties,2021-03-25,428715,17802971,235664,9110467,177609,8323641,15442,368863,243395,5291356,183849,6504238,260965,11795594,
All CA and Non-CA Counties,2021-03-26,444028,18246999,237383,9347850,190243,8513884,16402,385265,239954,5347844,202680,6706918,259168,12054762,
All CA and Non-CA Counties,2021-03-27,320369,18567368,170233,9518083,138096,8651980,12040,397305,161924,5366529,157507,6864425,176192,12230954,
All CA and Non-CA Counties,2021-03-28,173388,18740756,111116,9629199,58506,8710486,3766,401071,90703,5381179,82172,6946597,96822,12327776,
All CA and Non-CA Counties,2021-03-29,317538,19058294,170122,9799321,137912,8848398,9504,410575,176164,5428860,140477,7087074,188158,12515934,
All CA and Non-CA Counties,2021-03-30,407609,19465903,206562,10005883,182139,9030537,18908,429483,228792,5500387,177912,7264986,249439,12765373,
All CA and Non-CA Counties,2021-03-31,435000,19900903,236590,10242473,175622,9206159,22788,452271,241158,5572657,192643,7457629,264913,13030286,
All CA and Non-CA Counties,2021-04-01,502551,20403454,257714,10500187,203262,9409421,41575,493846,276301,5666885,224629,7682258,318857,13349143,
All CA and Non-CA Counties,2021-04-02,484924,20888378,236650,10736837,203660,9613081,44614,538460,262549,5754572,220971,7903229,308658,13657801,
All CA and Non-CA Counties,2021-04-03,337231,21225609,172454,10909291,122004,9735085,42773,581233,168143,5798153,168348,8071577,211929,13869730,
All CA and Non-CA Counties,2021-04-04,134580,21360189,70171,10979462,45074,9780159,19335,600568,59105,5801561,75113,8146690,78521,13948251,
All CA and Non-CA Counties,2021-04-05,359384,21719573,185090,11164552,133596,9913755,40698,641266,176303,5838625,182274,8328964,219338,14167589,
All CA and Non-CA Counties,2021-04-06,467074,22186647,236997,11401549,162639,10076394,67438,708704,225407,5892633,240608,8569572,294616,14462205,
All CA and Non-CA Counties,2021-04-07,483683,22670330,251555,11653104,160138,10236532,71990,780694,233880,5950689,248701,8818273,306757,14768962,
All CA and Non-CA Counties,2021-04-08,510400,23180730,257688,11910792,165951,10402483,86761,867455,239107,6008661,269946,9088219,327918,15096880,
All CA and Non-CA Counties,2021-04-09,505680,23686410,252103,12162895,171191,10573674,82386,949841,231700,6052840,272762,9360981,316941,15413821,
All CA and Non-CA Counties,2021-04-10,376646,24063056,171848,12334743,128321,10701995,76477,1026318,156966,6069998,218831,9579812,235989,15649810,
All CA and Non-CA Counties,2021-04-11,191617,24254673,107360,12442103,49502,10751497,34755,1061073,78793,6073891,112425,9692237,116318,15766128,
All CA and Non-CA Counties,2021-04-12,346314,24600987,178170,12620273,129217,10880714,38927,1100000,159648,6090395,185574,9877811,202078,15968206,
All CA and Non-CA Counties,2021-04-13,441416,25042403,247614,12867887,192814,11073528,988,1100988,246011,6146152,194256,10072067,250013,16218219,
All CA and Non-CA Counties,2021-04-14,461282,25503685,259139,13127026,201845,11275373,298,1101286,240284,6171586,219666,10291733,245100,16463319,
All CA and Non-CA Counties,2021-04-15,502667,26006352,293161,13420187,209195,11484568,311,1101597,280715,6235197,220257,10511990,283868,16747187,
All CA and Non-CA Counties,2021-04-16,487144,26493496,274027,13694214,212796,11697364,321,1101918,259558,6271424,226093,10738083,262320,17009507,
All CA and Non-CA Counties,2021-04-17,352448,26845944,197551,13891765,154829,11852193,68,1101986,200556,6324323,150890,10888973,203789,17213296,
All CA and Non-CA Counties,2021-04-18,163980,27009924,105369,13997134,58592,11910785,19,1102005,83948,6331791,79542,10968515,87010,17300306,
All CA and Non-CA Counties,2021-04-19,327844,27337768,188124,14185258,139619,12050404,101,1102106,155092,6317166,171687,11140202,157062,17457368,
All CA and Non-CA Counties,2021-04-20,425089,27762857,229324,14414582,195683,12246087,82,1102188,210425,6317332,213425,11353627,213591,17670959,
All CA and Non-CA Counties,2021-04-21,447260,28210117,257685,14672267,189297,12435384,278,1102466,214107,6303742,231412,11585039,217822,17888781,
All CA and Non-CA Counties,2021-04-22,463408,28673525,266187,14938454,197136,12632520,85,1102551,206131,6257520,255683,11840722,209461,18098242,
All CA and Non-CA Counties,2021-04-23,454806,29128331,260970,15199424,193742,12826262,94,1102645,205990,6219741,247241,12087963,209462,18307704,
All CA and Non-CA Counties,2021-04-24,331207,29459538,208330,15407754,122688,12948950,189,1102834,167835,6228716,162333,12250296,171308,18479012,
All CA and Non-CA Counties,2021-04-25,153011,29612549,100044,15507798,52890,13001840,77,1102911,81686,6241148,70807,12321103,83239,18562251,
All CA and Non-CA Counties,2021-04-26,309898,29922447,179746,15687544,128568,13130408,1584,1104495,135479,6209412,173313,12494416,141577,18703828,
All CA and Non-CA Counties,2021-04-27,379367,30301814,209516,15897060,162832,13293240,7019,1111514,153087,6147682,225025,12719441,163295,18867123,
All CA and Non-CA Counties,2021-04-28,364619,30666433,209922,16106982,146354,13439594,8343,1119857,150476,6095974,212888,12932329,161180,19028303,
All CA and Non-CA Counties,2021-04-29,373990,31040423,216577,16323559,149030,13588624,8383,1128240,138073,6009733,234575,13166904,148334,19176637,
All CA and Non-CA Counties,2021-04-30,386753,31427176,222567,16546126,154789,13743413,9397,1137637,147750,5931320,237554,13404458,159141,19335778,
All CA and Non-CA Counties,2021-05-01,252157,31679333,160738,16706864,84859,13828272,6560,1144197,91688,5872302,159494,13563952,100476,19436254,
All CA and Non-CA Counties,2021-05-02,118985,31798318,82944,16789808,32028,13860300,4013,1148210,41784,5841713,76755,13640707,46166,19482420,
All CA and Non-CA Counties,2021-05-03,257336,32055654,157721,16947529,90535,13950835,9080,1157290,78817,5752929,177570,13818277,88786,19571206,
All CA and Non-CA Counties,2021-05-04,337912,32393566,207369,17154898,120275,14071110,10268,1167558,100181,5627991,236570,14054847,111632,19682838,
All CA and Non-CA Counties,2021-05-05,342982,32736548,214592,17369490,117926,14189036,10464,1178022,97445,5492777,244196,14299043,108982,19791820,
All CA and Non-CA Counties,2021-05-06,359963,33096511,236078,17605568,112986,14302022,10899,1188921,92028,5332024,266180,14565223,105427,19897247,
All CA and Non-CA Counties,2021-05-07,357440,33453951,224314,17829882,122835,14424857,10291,1199212,97713,5183042,258243,14823466,109261,20006508,
All CA and Non-CA Counties,2021-05-08,236732,33690683,151094,17980976,78418,14503275,7220,1206432,65477,5086985,170227,14993693,74170,20080678,
All CA and Non-CA Counties,2021-05-09,96823,33787506,73273,18054249,20451,14523726,3099,1209531,25706,5045469,70766,15064459,29250,20109928,
All CA and Non-CA Counties,2021-05-10,209368,33996874,119665,18173914,81486,14605212,8217,1217748,52095,4950704,156388,15220847,61623,20171551,
All CA and Non-CA Counties,2021-05-11,277455,34274329,158145,18332059,110340,14715552,8970,1226718,73727,4832495,202711,15423558,84502,20256053,
All CA and Non-CA Counties,2021-05-12,275388,34549717,160192,18492251,105745,14821297,9451,1236169,74287,4717409,199979,15623537,84893,20340946,
All CA and Non-CA Counties,2021-05-13,320817,34870534,206824,18699075,106362,14927659,7631,1243800,120919,4649928,198697,15822234,131216,20472162,
All CA and Non-CA Counties,2021-05-14,344713,35215247,220749,18919824,114803,15042462,9161,1252961,134600,4586992,208786,16031020,145850,20618012,
All CA and Non-CA Counties,2021-05-15,282902,35498149,197398,19117222,79350,15121812,6154,1259115,116674,4545530,165283,16196303,123821,20741833,
All CA and Non-CA Counties,2021-05-16,143035,35641184,109449,19226671,30564,15152376,3022,1262137,58486,4523392,84058,16280361,61920,20803753,
All CA and Non-CA Counties,2021-05-17,243328,35884512,159879,19386550,75793,15228169,7656,1269793,96497,4482518,145896,16426257,105022,20908775,
All CA and Non-CA Counties,2021-05-18,285112,36169624,173585,19560135,103802,15331971,7725,1277518,111411,4430527,172537,16598794,120546,21029321,
All CA and Non-CA Counties,2021-05-19,279126,36448750,173767,19733902,97524,15429495,7835,1285353,114224,4389908,163807,16762601,123188,21152509,
All CA and Non-CA Counties,2021-05-20,266902,36715652,159322,19893224,99188,15528683,8392,1293745,101757,4337653,163941,16926542,111686,21264195,
All CA and Non-CA Counties,2021-05-21,285518,37001170,175442,20068666,101868,15630551,8208,1301953,107681,4278268,176508,17103050,117123,21381318,
All CA and Non-CA Counties,2021-05-22,207165,37208335,137135,20205801,63602,15694153,6428,1308381,88644,4256785,117694,17220744,96211,21477529,
All CA and Non-CA Counties,2021-05-23,91237,37299572,63890,20269691,24572,15718725,2775,1311156,39420,4247982,51382,17272126,42579,21520108,
All CA and Non-CA Counties,2021-05-24,173604,37473176,101713,20371404,63221,15781946,8670,1319826,65959,4216667,106794,17378920,75479,21595587,
All CA and Non-CA Counties,2021-05-25,191937,37665113,112324,20483728,71229,15853175,8384,1328210,72683,4180666,118196,17497116,82195,21677782,
All CA and Non-CA Counties,2021-05-26,186842,37851955,107272,20591000,71357,15924532,8213,1336423,72561,4149004,113150,17610266,81488,21759270,
All CA and Non-CA Counties,2021-05-27,174348,38026303,99513,20690513,66048,15990580,8787,1345210,70132,4125643,103344,17713610,79983,21839253,
All CA and Non-CA Counties,2021-05-28,191036,38217339,110002,20800515,73560,16064140,7474,1352684,82314,4108837,107715,17821325,90909,21930162,
All CA and Non-CA Counties,2021-05-29,108515,38325854,66429,20866944,37904,16102044,4182,1356866,50534,4106629,57425,17878750,55217,21985379,
All CA and Non-CA Counties,2021-05-30,47960,38373814,31618,20898562,13759,16115803,2583,1359449,21040,4103801,26666,17905416,23838,22009217,
All CA and Non-CA Counties,2021-05-31,20214,38394028,11841,20910403,7359,16123162,1014,1360463,6612,4098115,13426,17918842,7740,22016957,
All CA and Non-CA Counties,2021-06-01,170317,38564345,99244,21009647,63679,16186841,7394,1367857,60431,4057953,108873,18027715,68711,22085668,
All CA and Non-CA Counties,2021-06-02,144607,38708952,85335,21094982,51814,16238655,7458,1375315,54704,4031796,88977,18116692,62820,22148488,
All CA and Non-CA Counties,2021-06-03,172890,38881842,117969,21212951,47555,16286210,7366,1382681,52796,3973731,119226,18235918,61161,22209649,
All CA and Non-CA Counties,2021-06-04,201774,39083616,141757,21354708,53511,16339721,6506,1389187,60554,3902483,140142,18376060,68894,22278543,
All CA and Non-CA Counties,2021-06-05,158972,39242588,119900,21474608,33274,16372995,5798,1394985,44350,3839752,113828,18489888,51097,22329640,
All CA and Non-CA Counties,2021-06-06,64737,39307325,54461,21529069,7980,16380975,2296,1397281,17371,3813149,47069,18536957,20466,22350106,
All CA and Non-CA Counties,2021-06-07,138357,39445682,101228,21630297,30927,16411902,6202,1403483,40877,3764075,96862,18633819,47788,22397894,
All CA and Non-CA Counties,2021-06-08,160103,39605785,115921,21746218,37048,16448950,7134,1410617,47609,3708266,111578,18745397,55769,22453663,
All CA and Non-CA Counties,2021-06-09,154176,39759961,111931,21858149,35204,16484154,7041,1417658,42953,3648774,110389,18855786,50897,22504560,
All CA and Non-CA Counties,2021-06-10,148437,39908398,106658,21964807,34137,16518291,7642,1425300,43713,3597182,103991,18959777,52399,22556959,
All CA and Non-CA Counties,2021-06-11,160990,40069388,112822,22077629,41119,16559410,7049,1432349,50235,3545518,109851,19069628,58187,22615146,
All CA and Non-CA Counties,2021-06-12,116356,40185744,88166,22165795,24348,16583758,3842,1436191,33348,3500918,82451,19152079,37851,22652997,
All CA and Non-CA Counties,2021-06-13,45640,40231384,33963,22199758,9526,16593284,2151,1438342,11491,3481053,33898,19185977,14033,22667030,
All CA and Non-CA Counties,2021-06-14,116915,40348299,82862,22282620,27002,16620286,7051,1445393,38528,3449472,77768,19263745,46187,22713217,
All CA and Non-CA Counties,2021-06-15,133295,40481594,89802,22372422,34442,16654728,9051,1454444,44656,3416298,87774,19351519,54600,22767817,
All CA and Non-CA Counties,2021-06-16,122425,40604019,86052,22458474,28449,16683177,7924,1462368,42237,3387772,79430,19430949,50904,22818721,
All CA and Non-CA Counties,2021-06-17,115886,40719905,80132,22538606,27566,16710743,8188,1470556,41050,3363548,74091,19505040,49867,22868588,
All CA and Non-CA Counties,2021-06-18,130417,40850322,90095,22628701,32394,16743137,7928,1478484,46793,3336290,82731,19587771,55473,22924061,
All CA and Non-CA Counties,2021-06-19,77471,40927793,56235,22684936,17132,16760269,4104,1482588,29171,3322365,47703,19635474,33778,22957839,
All CA and Non-CA Counties,2021-06-20,31417,40959210,23642,22708578,6376,16766645,1399,1483987,11979,3316740,19219,19654693,13594,22971433,
All CA and Non-CA Counties,2021-06-21,72427,41031637,45256,22753834,20857,16787502,6314,1490301,37141,3325817,34895,19689588,43972,23015405,
All CA and Non-CA Counties,2021-06-22,101919,41133556,71093,22824927,24711,16812213,6115,1496416,39906,3311086,61410,19750998,46679,23062084,
All CA and Non-CA Counties,2021-06-23,95441,41228997,67152,22892079,22250,16834463,6039,1502455,38975,3300803,55889,19806887,45606,23107690,
All CA and Non-CA Counties,2021-06-24,92338,41321335,64369,22956448,22157,16856620,5812,1508267,37544,3290569,54153,19861040,43919,23151609,
All CA and Non-CA Counties,2021-06-25,106664,41427999,75303,23031751,25703,16882323,5658,1513925,43595,3277978,62432,19923472,49841,23201450,
All CA and Non-CA Counties,2021-06-26,68528,41496527,51598,23083349,13687,16896010,3243,1517168,28344,3270302,39816,19963288,32140,23233590,
All CA and Non-CA Counties,2021-06-27,32153,41528680,24726,23108075,5831,16901841,1596,1518764,13818,3267783,18158,19981446,15639,23249229,
All CA and Non-CA Counties,2021-06-28,72814,41601494,56187,23164262,11983,16913824,4644,1523408,31919,3264363,40445,20021891,37025,23286254,
All CA and Non-CA Counties,2021-06-29,84500,41685994,59872,23224134,20231,16934055,4397,1527805,35699,3256727,48287,20070178,40651,23326905,
All CA and Non-CA Counties,2021-06-30,79480,41765474,56912,23281046,18530,16952585,4038,1531843,35597,3253529,43377,20113555,40179,23367084,
All CA and Non-CA Counties,2021-07-01,74159,41839633,53414,23334460,16685,16969270,4060,1535903,32685,3249755,41028,20154583,37254,23404338,
All CA and Non-CA Counties,2021-07-02,83494,41923127,59759,23394219,19778,16989048,3957,1539860,36891,3245014,46076,20200659,41335,23445673,
All CA and Non-CA Counties,2021-07-03,46346,41969473,33888,23428107,10758,16999806,1700,1541560,21134,3243279,24877,20225536,23142,23468815,
All CA and Non-CA Counties,2021-07-04,3450,41972923,1994,23430101,1166,17000972,290,1541850,1537,3243273,1889,20227425,1883,23470698,
All CA and Non-CA Counties,2021-07-05,23960,41996883,15921,23446022,7193,17008165,846,1542696,11017,3242477,12782,20240207,11986,23482684,
Outside California,2020-12-15,9,9,9,9,0,0,0,0,9,9,0,0,9,9,Not in California
Outside California,2020-12-16,275,284,275,284,0,0,0,0,275,284,0,0,275,284,Not in California
Outside California,2020-12-17,1590,1874,1590,1874,0,0,0,0,1590,1874,0,0,1590,1874,Not in California
Outside California,2020-12-18,2528,4402,2521,4395,7,7,0,0,2528,4402,0,0,2528,4402,Not in California
Outside California,2020-12-19,1035,5437,1034,5429,1,8,0,0,1035,5437,0,0,1035,5437,Not in California
Outside California,2020-12-20,677,6114,674,6103,3,11,0,0,677,6114,0,0,677,6114,Not in California
Outside California,2020-12-21,2170,8284,2167,8270,3,14,0,0,2170,8284,0,0,2170,8284,Not in California
Outside California,2020-12-22,2058,10342,1983,10253,75,89,0,0,2058,10342,0,0,2058,10342,Not in California
Outside California,2020-12-23,1527,11869,1384,11637,143,232,0,0,1526,11867,1,1,1526,11868,Not in California
Outside California,2020-12-24,800,12669,610,12247,190,422,0,0,800,12667,0,1,800,12668,Not in California
Outside California,2020-12-25,35,12704,30,12277,5,427,0,0,35,12702,0,1,35,12703,Not in California
Outside California,2020-12-26,306,13010,207,12484,99,526,0,0,306,13008,0,1,306,13009,Not in California
Outside California,2020-12-27,189,13199,72,12556,117,643,0,0,189,13197,0,1,189,13198,Not in California
Outside California,2020-12-28,1406,14605,894,13450,512,1155,0,0,1406,14603,0,1,1406,14604,Not in California
Outside California,2020-12-29,1537,16142,1016,14466,521,1676,0,0,1537,16140,0,1,1537,16141,Not in California
Outside California,2020-12-30,1875,18017,1220,15686,655,2331,0,0,1875,18015,0,1,1875,18016,Not in California
Outside California,2020-12-31,1100,19117,596,16282,504,2835,0,0,1099,19113,1,2,1099,19115,Not in California
Outside California,2021-01-01,119,19236,28,16310,91,2926,0,0,119,19232,0,2,119,19234,Not in California
Outside California,2021-01-02,244,19480,134,16444,110,3036,0,0,243,19474,1,3,243,19477,Not in California
Outside California,2021-01-03,171,19651,91,16535,80,3116,0,0,171,19645,0,3,171,19648,Not in California
Outside California,2021-01-04,1143,20794,508,17043,635,3751,0,0,1138,20782,1,4,1138,20786,Not in California
Outside California,2021-01-05,1548,22342,822,17865,726,4477,0,0,1355,21947,191,195,1356,22142,Not in California
Outside California,2021-01-06,2665,25007,1578,19443,1087,5564,0,0,1934,23153,728,923,1934,24076,Not in California
Outside California,2021-01-07,4106,29113,2523,21966,1583,7147,0,0,2459,23969,1645,2568,2461,26537,Not in California
Outside California,2021-01-08,4473,33586,2902,24868,1571,8718,0,0,2612,24733,1851,4419,2615,29152,Not in California
Outside California,2021-01-09,1310,34896,537,25405,773,9491,0,0,981,25388,328,4747,983,30135,Not in California
Outside California,2021-01-10,316,35212,188,25593,128,9619,0,0,195,25462,121,4868,195,30330,Not in California
Outside California,2021-01-11,3253,38465,1993,27586,1260,10879,0,0,1927,26064,1325,6193,1927,32257,Not in California
Outside California,2021-01-12,3821,42286,2288,29874,1533,12412,0,0,2285,26820,1532,7725,2288,34545,Not in California
Outside California,2021-01-13,3627,45913,1772,31646,1855,14267,0,0,2449,28096,1177,8902,2453,36998,Not in California
Outside California,2021-01-14,3652,49565,1262,32908,2390,16657,0,0,3006,30473,632,9534,3009,40007,Not in California
Outside California,2021-01-15,4163,53728,996,33904,3167,19824,0,0,3686,33694,465,9999,3686,43693,Not in California
Outside California,2021-01-16,2627,56355,389,34293,2238,22062,0,0,2452,35973,173,10172,2452,46145,Not in California
Outside California,2021-01-17,506,56861,152,34445,354,22416,0,0,457,36381,49,10221,457,46602,Not in California
Outside California,2021-01-18,1187,58048,769,35214,418,22834,0,0,730,36656,456,10677,731,47333,Not in California
Outside California,2021-01-19,4086,62134,1336,36550,2750,25584,0,0,3186,38945,900,11577,3189,50522,Not in California
Outside California,2021-01-20,4426,66560,1425,37975,3001,28585,0,0,3483,41491,938,12515,3484,54006,Not in California
Outside California,2021-01-21,4225,70785,1169,39144,3056,31641,0,0,3646,44575,562,13077,3646,57652,Not in California
Outside California,2021-01-22,4615,75400,1097,40241,3518,35159,0,0,4192,48356,413,13490,4194,61846,Not in California
Outside California,2021-01-23,2285,77685,345,40586,1940,37099,0,0,2112,50298,170,13660,2112,63958,Not in California
Outside California,2021-01-24,599,78284,251,40837,348,37447,0,0,519,50737,80,13740,519,64477,Not in California
Outside California,2021-01-25,4560,82844,1972,42809,2588,40035,0,0,3685,53558,866,14606,3687,68164,Not in California
Outside California,2021-01-26,6069,88913,2932,45741,3137,43172,0,0,5195,57887,873,15479,5202,73366,Not in California
Outside California,2021-01-27,5142,94055,2735,48476,2407,45579,0,0,4495,61743,641,16120,4497,77863,Not in California
Outside California,2021-01-28,5257,99312,2830,51306,2427,48006,0,0,4711,65918,536,16656,4711,82574,Not in California
Outside California,2021-01-29,4909,104221,3056,54362,1853,49859,0,0,4094,69207,807,17463,4096,86670,Not in California
Outside California,2021-01-30,4435,108656,2420,56782,2015,51874,0,0,4200,73176,232,17695,4201,90871,Not in California
Outside California,2021-01-31,3275,111931,2846,59628,429,52303,0,0,3211,76327,62,17757,3213,94084,Not in California
Outside California,2021-02-01,5635,117566,2629,62257,3006,55309,0,0,4911,80523,715,18472,4911,98995,Not in California
Outside California,2021-02-02,6899,124465,2229,64486,4670,59979,0,0,6161,85959,725,19197,6161,105156,Not in California
Outside California,2021-02-03,7509,131974,2107,66593,5402,65381,0,0,6616,91692,884,20081,6617,111773,Not in California
Outside California,2021-02-04,6931,138905,2179,68772,4752,70133,0,0,5890,96557,1026,21107,5891,117664,Not in California
Outside California,2021-02-05,6866,145771,2263,71035,4603,74736,0,0,5757,101214,1100,22207,5757,123421,Not in California
Outside California,2021-02-06,4443,150214,2175,73210,2268,77004,0,0,3970,104725,462,22669,3973,127394,Not in California
Outside California,2021-02-07,2228,152442,1832,75042,396,77400,0,0,2141,106783,85,22754,2143,129537,Not in California
Outside California,2021-02-08,5303,157745,3337,78379,1966,79366,0,0,4240,109971,1052,23806,4240,133777,Not in California
Outside California,2021-02-09,4288,162033,1918,80297,2370,81736,0,0,2969,111648,1306,25112,2983,136760,Not in California
Outside California,2021-02-10,5645,167678,1955,82252,3690,85426,0,0,3184,112428,2445,27557,3225,139985,Not in California
Outside California,2021-02-11,4904,172582,2279,84531,2625,88051,0,0,3547,114654,1339,28896,3565,143550,Not in California
Outside California,2021-02-12,5331,177913,1974,86505,3357,91408,0,0,3457,116259,1856,30752,3461,147011,Not in California
Outside California,2021-02-13,2441,180354,740,87245,1701,93109,0,0,1854,117542,583,31335,1866,148877,Not in California
Outside California,2021-02-14,1368,181722,428,87673,940,94049,0,0,1110,118404,250,31585,1112,149989,Not in California
Outside California,2021-02-15,2655,184377,1619,89292,1036,95085,0,0,1271,118311,1367,32952,1274,151263,Not in California
Outside California,2021-02-16,6479,190856,2916,92208,3563,98648,0,0,2588,117031,3873,36825,2593,153856,Not in California
Outside California,2021-02-17,6091,196947,3103,95311,2988,101636,0,0,1855,114671,4220,41045,1860,155716,Not in California
Outside California,2021-02-18,6679,203626,3848,99159,2831,104467,0,0,2095,112219,4548,45593,2096,157812,Not in California
Outside California,2021-02-19,5921,209547,4099,103258,1822,106289,0,0,2481,111274,3428,49021,2483,160295,Not in California
Outside California,2021-02-20,3528,213075,2863,106121,665,106954,0,0,1279,110312,2242,51263,1280,161575,Not in California
Outside California,2021-02-21,3112,216187,2877,108998,235,107189,0,0,923,109060,2175,53438,923,162498,Not in California
Outside California,2021-02-22,3737,219924,2746,111744,991,108180,0,0,1687,108710,2042,55480,1692,164190,Not in California
Outside California,2021-02-23,6810,226734,3654,115398,3156,111336,0,0,2454,106932,4248,59728,2470,166660,Not in California
Outside California,2021-02-24,6805,233539,3671,119069,3134,114470,0,0,2502,105187,4252,63980,2507,169167,Not in California
Outside California,2021-02-25,6964,240503,3528,122597,3436,117906,0,0,3086,104437,3840,67820,3090,172257,Not in California
Outside California,2021-02-26,6942,247445,3683,126280,3259,121165,0,0,3085,103762,3761,71581,3086,175343,Not in California
Outside California,2021-02-27,5493,252938,2772,129052,2720,123885,1,1,1882,102060,3588,75169,1886,177229,Not in California
Outside California,2021-02-28,2448,255386,1769,130821,678,124563,1,2,804,101228,1639,76808,807,178036,Not in California
Outside California,2021-03-01,4992,260378,3165,133986,1826,126389,1,3,1370,98996,3608,80416,1376,179412,Not in California
Outside California,2021-03-02,6749,267127,2502,136488,4247,130636,0,3,2076,96419,4655,85071,2078,181490,Not in California
Outside California,2021-03-03,7962,275089,3137,139625,4823,135459,2,5,2701,93889,5236,90307,2706,184196,Not in California
Outside California,2021-03-04,6855,281944,2915,142540,3933,139392,7,12,2322,91716,4504,94811,2331,186527,Not in California
Outside California,2021-03-05,5302,287246,2675,145215,2612,142004,15,27,2742,91938,2543,97354,2765,189292,Not in California
Outside California,2021-03-06,4609,291855,2146,147361,2309,144313,154,181,2335,92166,2270,99624,2498,191790,Not in California
Outside California,2021-03-07,1610,293465,1032,148393,522,144835,56,237,973,92566,631,100255,1031,192821,Not in California
Outside California,2021-03-08,3143,296608,1862,150255,1031,145866,250,487,2217,94146,895,101150,2475,195296,Not in California
Outside California,2021-03-09,4726,301334,2421,152676,1989,147855,316,803,2786,95320,1928,103078,3102,198398,Not in California
Outside California,2021-03-10,4487,305821,2146,154822,1825,149680,516,1319,2729,96827,1743,104821,3250,201648,Not in California
Outside California,2021-03-11,6239,312060,3190,158012,2367,152047,682,2001,3303,97892,2920,107741,3985,205633,Not in California
Outside California,2021-03-12,6519,318579,3912,161924,1877,153924,730,2731,3557,99235,2942,110683,4285,209918,Not in California
Outside California,2021-03-13,3826,322405,2199,164123,1157,155081,470,3201,2595,101081,1218,111901,3064,212982,Not in California
Outside California,2021-03-14,1803,324208,929,165052,535,155616,339,3540,981,101584,816,112717,1319,214301,Not in California
Outside California,2021-03-15,4055,328263,2127,167179,1456,157072,472,4012,2148,102312,1894,114611,2622,216923,Not in California
Outside California,2021-03-16,7568,335831,4394,171573,2783,159855,391,4403,4153,103457,3392,118003,4537,221460,Not in California
Outside California,2021-03-17,8480,344311,5494,177067,2607,162462,379,4782,5055,105482,3410,121413,5435,226895,Not in California
Outside California,2021-03-18,8345,352656,5155,182222,2642,165104,548,5330,4792,107282,3539,124952,5339,232234,Not in California
Outside California,2021-03-19,7354,360010,4367,186589,2441,167545,546,5876,4371,109236,2967,127919,4921,237155,Not in California
Outside California,2021-03-20,4769,364779,3146,189735,1532,169077,91,5967,3633,111840,1121,129040,3725,240880,Not in California
Outside California,2021-03-21,2098,366877,1438,191173,571,169648,89,6056,1669,113172,425,129465,1757,242637,Not in California
Outside California,2021-03-22,3286,370163,1988,193161,1210,170858,88,6144,2247,114476,1030,130495,2334,244971,Not in California
Outside California,2021-03-23,6119,376282,3121,196282,2692,173550,306,6450,4116,116925,1973,132468,4422,249393,Not in California
Outside California,2021-03-24,7353,383635,3771,200053,3133,176683,449,6899,5048,120129,2291,134759,5495,254888,Not in California
Outside California,2021-03-25,8262,391897,3828,203881,3908,180591,526,7425,5982,124379,2259,137018,6509,261397,Not in California
Outside California,2021-03-26,6692,398589,3536,207417,2977,183568,179,7604,4406,126707,2255,139273,4583,265980,Not in California
Outside California,2021-03-27,5551,404140,3111,210528,2222,185790,218,7822,3480,128345,2057,141330,3695,269675,Not in California
Outside California,2021-03-28,3083,407223,1651,212179,1271,187061,161,7983,1985,129402,1089,142419,2146,271821,Not in California
Outside California,2021-03-29,5204,412427,2310,214489,2546,189607,348,8331,2974,130503,2221,144640,3322,275143,Not in California
Outside California,2021-03-30,6900,419327,3631,218120,2700,192307,569,8900,4079,132352,2806,147446,4655,279798,Not in California
Outside California,2021-03-31,6380,425707,3810,221930,1783,194090,787,9687,3388,133538,2982,150428,4168,283966,Not in California
Outside California,2021-04-01,7620,433327,4568,226498,2392,196482,660,10347,4415,135411,3190,153618,5063,289029,Not in California
Outside California,2021-04-02,8456,441783,4500,230998,2817,199299,1139,11486,4373,136846,4070,157688,5505,294534,Not in California
Outside California,2021-04-03,6301,448084,3778,234776,1364,200663,1159,12645,3349,138414,2939,160627,4507,299041,Not in California
Outside California,2021-04-04,1786,449870,881,235657,665,201328,240,12885,974,138814,810,161437,1210,300251,Not in California
Outside California,2021-04-05,4168,454038,2022,237679,1474,202802,672,13557,1990,139304,2167,163604,2657,302908,Not in California
Outside California,2021-04-06,7193,461231,3859,241538,1685,204487,1649,15206,2879,139533,4293,167897,4522,307430,Not in California
Outside California,2021-04-07,8282,469513,4658,246196,1917,206404,1707,16913,3209,139381,5059,172956,4907,312337,Not in California
Outside California,2021-04-08,8284,477797,4353,250549,1984,208388,1947,18860,3304,139652,4965,177921,5236,317573,Not in California
Outside California,2021-04-09,7595,485392,3883,254432,1740,210128,1972,20832,2907,139848,4670,182591,4866,322439,Not in California
Outside California,2021-04-10,6124,491516,2997,257429,1264,211392,1863,22695,1685,138957,4424,187015,3533,325972,Not in California
Outside California,2021-04-11,2870,494386,1569,258998,651,212043,650,23345,969,138676,1896,188911,1615,327587,Not in California
Outside California,2021-04-12,4196,498582,2349,261347,1281,213324,566,23911,1866,138788,2320,191231,2432,330019,Not in California
Outside California,2021-04-13,5855,504437,3744,265091,2086,215410,25,23936,3031,139027,2817,194048,3056,333075,Not in California
Outside California,2021-04-14,5493,509930,3534,268625,1955,217365,4,23940,3032,139613,2450,196498,3036,336111,Not in California
Outside California,2021-04-15,6193,516123,3904,272529,2283,219648,6,23946,3331,140144,2807,199305,3338,339449,Not in California
Outside California,2021-04-16,5959,522082,3418,275947,2534,222182,7,23953,3325,140861,2618,201923,3335,342784,Not in California
Outside California,2021-04-17,5551,527633,3497,279444,2053,224235,1,23954,3213,141749,2325,204248,3213,345997,Not in California
Outside California,2021-04-18,2199,529832,1268,280712,930,225165,1,23955,1079,141718,1113,205361,1082,347079,Not in California
Outside California,2021-04-19,4179,534011,2010,282722,2168,227333,1,23956,2147,141850,2019,207380,2151,349230,Not in California
Outside California,2021-04-20,5525,539536,2567,285289,2957,230290,1,23957,2288,140917,3221,210601,2288,351518,Not in California
Outside California,2021-04-21,6683,546219,2912,288201,3765,234055,6,23963,2462,139186,4200,214801,2469,353987,Not in California
Outside California,2021-04-22,6973,553192,3606,291807,3365,237420,2,23965,2581,137393,4377,219178,2584,356571,Not in California
Outside California,2021-04-23,5980,559172,3076,294883,2903,240323,1,23966,2483,136401,3478,222656,2486,359057,Not in California
Outside California,2021-04-24,4680,563852,3057,297940,1618,241941,5,23971,1884,135505,2788,225444,1892,360949,Not in California
Outside California,2021-04-25,2218,566070,1248,299188,969,242910,1,23972,1169,135633,1045,226489,1173,362122,Not in California
Outside California,2021-04-26,4205,570275,1887,301075,2290,245200,28,24000,1912,135292,2281,228770,1940,364062,Not in California
Outside California,2021-04-27,5767,576042,2175,303250,3221,248421,371,24371,2019,133955,3735,232505,2398,366460,Not in California
Outside California,2021-04-28,4964,581006,2145,305395,2422,250843,397,24768,1968,133334,2981,235486,2360,368820,Not in California
Outside California,2021-04-29,4955,585961,2340,307735,2182,253025,433,25201,1886,132608,3044,238530,2318,371138,Not in California
Outside California,2021-04-30,4967,590928,2424,310159,2118,255143,425,25626,1888,131862,3062,241592,2316,373454,Not in California
Outside California,2021-05-01,3208,594136,1850,312009,928,256071,430,26056,1312,131722,1882,243474,1742,375196,Not in California
Outside California,2021-05-02,1852,595988,1088,313097,641,256712,123,26179,823,131644,1024,244498,946,376142,Not in California
Outside California,2021-05-03,2922,598910,1597,314694,1039,257751,286,26465,1126,131268,1787,246285,1411,377553,Not in California
Outside California,2021-05-04,4015,602925,2175,316869,1402,259153,438,26903,1341,130382,2663,248948,1777,379330,Not in California
Outside California,2021-05-05,4508,607433,2543,319412,1594,260747,371,27274,1628,129513,2871,251819,2002,381332,Not in California
Outside California,2021-05-06,4538,611971,2798,322210,1402,262149,338,27612,1594,128508,2936,254755,1931,383263,Not in California
Outside California,2021-05-07,4690,616661,2729,324939,1576,263725,385,27997,1619,127459,3053,257808,2004,385267,Not in California
Outside California,2021-05-08,3278,619939,2222,327161,807,264532,249,28246,1086,126612,2183,259991,1336,386603,Not in California
Outside California,2021-05-09,1393,621332,934,328095,337,264869,122,28368,573,126490,815,260806,693,387296,Not in California
Outside California,2021-05-10,2577,623909,1191,329286,1057,265926,329,28697,910,126071,1660,262466,1241,388537,Not in California
Outside California,2021-05-11,3095,627004,1520,330806,1272,267198,303,29000,1167,125621,1924,264390,1474,390011,Not in California
Outside California,2021-05-12,3252,630256,1580,332386,1346,268544,326,29326,1255,125209,1992,266382,1580,391591,Not in California
Outside California,2021-05-13,3226,633482,1888,334274,1130,269674,208,29534,1402,125002,1817,268199,1610,393201,Not in California
Outside California,2021-05-14,3578,637060,2021,336295,1318,270992,239,29773,1588,124850,1982,270181,1830,395031,Not in California
Outside California,2021-05-15,2661,639721,1570,337865,948,271940,143,29916,1145,124632,1508,271689,1290,396321,Not in California
Outside California,2021-05-16,1657,641378,1070,338935,518,272458,69,29985,758,124564,896,272585,828,397149,Not in California
Outside California,2021-05-17,3060,644438,1630,340565,1194,273652,236,30221,1306,124355,1750,274335,1541,398690,Not in California
Outside California,2021-05-18,3259,647697,1650,342215,1290,274942,319,30540,1448,124329,1796,276131,1770,400460,Not in California
Outside California,2021-05-19,3345,651042,1675,343890,1402,276344,268,30808,1445,124150,1891,278022,1712,402172,Not in California
Outside California,2021-05-20,3153,654195,1745,345635,1159,277503,249,31057,1407,124074,1734,279756,1658,403830,Not in California
Outside California,2021-05-21,3185,657380,1773,347408,1164,278667,248,31305,1345,123841,1826,281582,1593,405423,Not in California
Outside California,2021-05-22,2779,660159,1816,349224,760,279427,203,31508,1485,124244,1286,282868,1689,407112,Not in California
Outside California,2021-05-23,1555,661714,1019,350243,458,279885,78,31586,787,124344,766,283634,866,407978,Not in California
Outside California,2021-05-24,2422,664136,1160,351403,916,280801,346,31932,1064,124407,1347,284981,1410,409388,Not in California
Outside California,2021-05-25,2367,666503,1101,352504,931,281732,335,32267,1000,124380,1359,286340,1332,410720,Not in California
Outside California,2021-05-26,2382,668885,1098,353602,929,282661,355,32622,983,124329,1390,287730,1339,412059,Not in California
Outside California,2021-05-27,2165,671050,1070,354672,806,283467,289,32911,968,124392,1192,288922,1255,413314,Not in California
Outside California,2021-05-28,2429,673479,1221,355893,856,284323,352,33263,1090,124503,1332,290254,1443,414757,Not in California
Outside California,2021-05-29,1660,675139,830,356723,475,284798,355,33618,693,124588,963,291217,1048,415805,Not in California
Outside California,2021-05-30,916,676055,562,357285,230,285028,124,33742,452,124704,460,291677,576,416381,Not in California
Outside California,2021-05-31,426,676481,186,357471,200,285228,40,33782,183,124695,232,291909,223,416604,Not in California
Outside California,2021-06-01,2126,678607,1119,358590,705,285933,302,34084,996,124868,1125,293034,1298,417902,Not in California
Outside California,2021-06-02,2014,680621,1000,359590,666,286599,348,34432,912,125036,1092,294126,1260,419162,Not in California
Outside California,2021-06-03,2151,682772,1176,360766,662,287261,313,34745,965,125135,1178,295304,1277,420439,Not in California
Outside California,2021-06-04,2514,685286,1402,362168,795,288056,317,35062,1067,125077,1441,296745,1383,421822,Not in California
Outside California,2021-06-05,1709,686995,1190,363358,355,288411,164,35226,758,125056,944,297689,923,422745,Not in California
Outside California,2021-06-06,923,687918,693,364051,149,288560,81,35307,435,125086,486,298175,516,423261,Not in California
Outside California,2021-06-07,1915,689833,1038,365089,548,289108,329,35636,791,125082,1123,299298,1119,424380,Not in California
Outside California,2021-06-08,2064,691897,1175,366264,544,289652,345,35981,786,124939,1273,300571,1130,425510,Not in California
Outside California,2021-06-09,1959,693856,1169,367433,505,290157,285,36266,789,124850,1161,301732,1072,426582,Not in California
Outside California,2021-06-10,1945,695801,1132,368565,504,290661,309,36575,829,124877,1112,302844,1139,427721,Not in California
Outside California,2021-06-11,2164,697965,1244,369809,592,291253,328,36903,914,124877,1243,304087,1243,428964,Not in California
Outside California,2021-06-12,1616,699581,1205,371014,282,291535,129,37032,630,124656,982,305069,761,429725,Not in California
Outside California,2021-06-13,936,700517,638,371652,197,291732,101,37133,405,124635,527,305596,506,430231,Not in California
Outside California,2021-06-14,1758,702275,985,372637,473,292205,300,37433,736,124653,1016,306612,1034,431265,Not in California
Outside California,2021-06-15,1714,703989,946,373583,492,292697,276,37709,763,124747,945,307557,1039,432304,Not in California
Outside California,2021-06-16,1677,705666,995,374578,458,293155,224,37933,801,124905,867,308424,1025,433329,Not in California
Outside California,2021-06-17,1850,707516,1024,375602,472,293627,354,38287,837,125086,1010,309434,1191,434520,Not in California
Outside California,2021-06-18,1961,709477,1067,376669,435,294062,459,38746,829,125248,1125,310559,1287,435807,Not in California
Outside California,2021-06-19,1048,710525,690,377359,259,294321,99,38845,546,125394,498,311057,644,436451,Not in California
Outside California,2021-06-20,780,711305,568,377927,166,294487,46,38891,469,125601,308,311365,515,436966,Not in California
Outside California,2021-06-21,1273,712578,637,378564,322,294809,314,39205,687,126022,580,311945,1001,437967,Not in California
Outside California,2021-06-22,1635,714213,1033,379597,347,295156,255,39460,873,126393,757,312702,1128,439095,Not in California
Outside California,2021-06-23,1679,715892,922,380519,435,295591,322,39782,794,126629,878,313580,1114,440209,Not in California
Outside California,2021-06-24,1549,717441,908,381427,363,295954,278,40060,814,126987,733,314313,1091,441300,Not in California
Outside California,2021-06-25,1780,719221,1016,382443,404,296358,360,40420,863,127295,913,315226,1221,442521,Not in California
Outside California,2021-06-26,1150,720371,747,383190,223,296581,180,40600,594,127517,552,315778,774,443295,Not in California
Outside California,2021-06-27,749,721120,583,383773,108,296689,58,40658,447,127721,300,316078,504,443799,Not in California
Outside California,2021-06-28,1390,722510,822,384595,268,296957,300,40958,717,128067,673,316751,1019,444818,Not in California
Outside California,2021-06-29,1422,723932,872,385467,322,297279,228,41186,760,128399,655,317406,987,445805,Not in California
Outside California,2021-06-30,1373,725305,789,386256,365,297644,219,41405,729,128707,639,318045,947,446752,Not in California
Outside California,2021-07-01,1339,726644,786,387042,323,297967,230,41635,743,129092,587,318632,972,447724,Not in California
Outside California,2021-07-02,1341,727985,772,387814,337,298304,232,41867,692,129374,641,319273,923,448647,Not in California
Outside California,2021-07-03,808,728793,580,388394,150,298454,78,41945,519,129685,286,319559,597,449244,Not in California
Outside California,2021-07-04,98,728891,57,388451,25,298479,16,41961,61,129726,36,319595,77,449321,Not in California
Outside California,2021-07-05,672,729563,371,388822,266,298745,35,41996,382,129855,288,319883,417,449738,Not in California
Unknown,2020-12-17,2,2,2,2,0,0,0,0,0,0,0,0,0,0,Not in California
Unknown,2020-12-18,1,3,1,3,0,0,0,0,0,0,0,0,0,0,Not in California
Unknown,2020-12-21,4,7,4,7,0,0,0,0,0,0,0,0,0,0,Not in California
Unknown,2020-12-28,4,11,4,11,0,0,0,0,3,3,0,0,3,3,Not in California
Unknown,2020-12-29,6,17,5,16,1,1,0,0,7,10,0,0,7,10,Not in California
Unknown,2020-12-30,54,71,54,70,0,1,0,0,54,64,0,0,54,64,Not in California
Unknown,2020-12-31,1,72,0,70,1,2,0,0,0,64,0,0,0,64,Not in California
Unknown,2021-01-02,1,73,0,70,1,3,0,0,1,65,0,0,1,65,Not in California
Unknown,2021-01-04,3,76,3,73,0,3,0,0,2,67,0,0,2,67,Not in California
Unknown,2021-01-06,4,80,2,75,2,5,0,0,4,71,0,0,4,71,Not in California
Unknown,2021-01-07,69,149,68,143,1,6,0,0,68,139,0,0,68,139,Not in California
Unknown,2021-01-08,1,150,0,143,1,7,0,0,3,142,0,0,3,142,Not in California
Unknown,2021-01-09,2,152,2,145,0,7,0,0,3,145,0,0,3,145,Not in California
Unknown,2021-01-11,20,172,20,165,0,7,0,0,20,165,0,0,20,165,Not in California
Unknown,2021-01-12,11,183,10,175,1,8,0,0,9,174,1,1,10,175,Not in California
Unknown,2021-01-13,10,193,10,185,0,8,0,0,11,185,0,1,11,186,Not in California
Unknown,2021-01-14,3,196,3,188,0,8,0,0,3,188,0,1,3,189,Not in California
Unknown,2021-01-15,7,203,6,194,1,9,0,0,7,195,0,1,7,196,Not in California
Unknown,2021-01-16,7,210,7,201,0,9,0,0,7,202,0,1,7,203,Not in California
Unknown,2021-01-17,4,214,4,205,0,9,0,0,4,206,0,1,4,207,Not in California
Unknown,2021-01-18,56,270,56,261,0,9,0,0,54,258,2,3,54,261,Not in California
Unknown,2021-01-19,25,295,25,286,0,9,0,0,20,275,3,6,20,281,Not in California
Unknown,2021-01-20,81,376,81,367,0,9,0,0,29,251,53,59,29,310,Not in California
Unknown,2021-01-21,55,431,53,420,2,11,0,0,56,306,1,60,56,366,Not in California
Unknown,2021-01-22,35,466,31,451,4,15,0,0,35,341,0,60,35,401,Not in California
Unknown,2021-01-23,11,477,7,458,4,19,0,0,11,352,0,60,11,412,Not in California
Unknown,2021-01-24,2,479,2,460,0,19,0,0,3,355,0,60,3,415,Not in California
Unknown,2021-01-25,20,499,17,477,3,22,0,0,17,369,3,63,17,432,Not in California
Unknown,2021-01-26,87,586,86,563,1,23,0,0,89,457,1,64,89,521,Not in California
Unknown,2021-01-27,18,604,18,581,0,23,0,0,16,471,2,66,16,537,Not in California
Unknown,2021-01-28,151,755,149,730,2,25,0,0,94,505,60,126,94,631,Not in California
Unknown,2021-01-29,139,894,139,869,0,25,0,0,143,647,1,127,143,774,Not in California
Unknown,2021-01-30,12,906,10,879,2,27,0,0,14,659,2,129,14,788,Not in California
Unknown,2021-01-31,15,921,15,894,0,27,0,0,16,675,0,129,16,804,Not in California
Unknown,2021-02-01,36,957,34,928,2,29,0,0,19,675,19,148,19,823,Not in California
Unknown,2021-02-02,65,1022,64,992,1,30,0,0,57,725,7,155,57,880,Not in California
Unknown,2021-02-03,41,1063,40,1032,1,31,0,0,29,743,11,166,29,909,Not in California
Unknown,2021-02-04,58,1121,53,1085,5,36,0,0,51,787,7,173,51,960,Not in California
Unknown,2021-02-05,20,1141,16,1101,4,40,0,0,15,797,5,178,15,975,Not in California
Unknown,2021-02-06,15,1156,15,1116,0,40,0,0,10,801,6,184,10,985,Not in California
Unknown,2021-02-07,9,1165,9,1125,0,40,0,0,7,806,2,186,7,992,Not in California
Unknown,2021-02-08,56,1221,53,1178,3,43,0,0,15,780,41,227,15,1007,Not in California
Unknown,2021-02-09,19,1240,19,1197,0,43,0,0,4,769,15,242,4,1011,Not in California
Unknown,2021-02-10,34,1274,30,1227,4,47,0,0,9,753,25,267,9,1020,Not in California
Unknown,2021-02-11,88,1362,87,1314,1,48,0,0,44,751,46,313,44,1064,Not in California
Unknown,2021-02-12,44,1406,36,1350,8,56,0,0,13,733,31,344,13,1077,Not in California
Unknown,2021-02-13,12,1418,5,1355,7,63,0,0,8,737,4,348,8,1085,Not in California
Unknown,2021-02-14,7,1425,2,1357,5,68,0,0,4,739,2,350,4,1089,Not in California
Unknown,2021-02-15,44,1469,38,1395,6,74,0,0,28,753,14,364,28,1117,Not in California
Unknown,2021-02-16,113,1582,103,1498,10,84,0,0,32,704,81,445,32,1149,Not in California
Unknown,2021-02-17,13,1595,11,1509,2,86,0,0,8,704,8,453,8,1157,Not in California
Unknown,2021-02-18,103,1698,98,1607,5,91,0,0,17,635,86,539,17,1174,Not in California
Unknown,2021-02-19,183,1881,178,1785,5,96,0,0,46,544,137,676,46,1220,Not in California
Unknown,2021-02-20,8,1889,6,1791,2,98,0,0,2,540,6,682,2,1222,Not in California
Unknown,2021-02-21,16,1905,16,1807,0,98,0,0,1,526,15,697,1,1223,Not in California
Unknown,2021-02-22,11,1916,11,1818,0,98,0,0,5,525,6,703,5,1228,Not in California
Unknown,2021-02-23,63,1979,52,1870,11,109,0,0,15,493,47,750,15,1243,Not in California
Unknown,2021-02-24,39,2018,31,1901,8,117,0,0,14,482,25,775,14,1257,Not in California
Unknown,2021-02-25,67,2085,54,1955,13,130,0,0,24,462,44,819,24,1281,Not in California
Unknown,2021-02-26,38,2123,24,1979,14,144,0,0,21,468,15,834,21,1302,Not in California
Unknown,2021-02-27,23,2146,17,1996,6,150,0,0,11,471,8,842,11,1313,Not in California
Unknown,2021-02-28,18,2164,13,2009,5,155,0,0,11,477,5,847,11,1324,Not in California
Unknown,2021-03-01,44,2208,26,2035,18,173,0,0,24,482,19,866,24,1348,Not in California
Unknown,2021-03-02,21,2229,10,2045,11,184,0,0,12,488,6,872,12,1360,Not in California
Unknown,2021-03-03,14,2243,10,2055,4,188,0,0,10,495,3,875,10,1370,Not in California
Unknown,2021-03-04,47,2290,44,2099,3,191,0,0,17,482,30,905,17,1387,Not in California
Unknown,2021-03-05,25,2315,15,2114,10,201,0,0,22,498,6,911,22,1409,Not in California
Unknown,2021-03-06,20,2335,12,2126,6,207,2,2,16,512,4,915,18,1427,Not in California
Unknown,2021-03-07,1,2336,1,2127,0,207,0,2,2,514,0,915,2,1429,Not in California
Unknown,2021-03-08,31,2367,22,2149,7,214,2,4,7,498,25,940,9,1438,Not in California
Unknown,2021-03-09,38,2405,31,2180,3,217,4,8,10,483,29,969,14,1452,Not in California
Unknown,2021-03-10,14,2419,10,2190,1,218,3,11,6,483,9,978,9,1461,Not in California
Unknown,2021-03-11,30,2449,13,2203,3,221,14,25,7,482,22,1000,21,1482,Not in California
Unknown,2021-03-12,62,2511,47,2250,10,231,5,30,11,449,49,1049,16,1498,Not in California
Unknown,2021-03-13,15,2526,4,2254,7,238,4,34,6,449,10,1059,10,1508,Not in California
Unknown,2021-03-14,14,2540,6,2260,6,244,2,36,5,448,8,1067,7,1515,Not in California
Unknown,2021-03-15,34,2574,14,2274,18,262,2,38,24,462,12,1079,26,1541,Not in California
Unknown,2021-03-16,49,2623,22,2296,23,285,4,42,29,475,20,1099,33,1574,Not in California
Unknown,2021-03-17,39,2662,16,2312,22,307,1,43,34,506,4,1103,35,1609,Not in California
Unknown,2021-03-18,33,2695,20,2332,13,320,0,43,20,514,12,1115,20,1629,Not in California
Unknown,2021-03-19,29,2724,19,2351,10,330,0,43,23,529,8,1123,23,1652,Not in California
Unknown,2021-03-20,28,2752,15,2366,13,343,0,43,15,533,11,1134,15,1667,Not in California
Unknown,2021-03-21,16,2768,10,2376,6,349,0,43,12,542,3,1137,12,1679,Not in California
Unknown,2021-03-22,35,2803,19,2395,15,364,1,44,17,548,12,1149,18,1697,Not in California
Unknown,2021-03-23,25,2828,10,2405,10,374,5,49,12,554,11,1160,17,1714,Not in California
Unknown,2021-03-24,21,2849,8,2413,13,387,0,49,14,561,7,1167,14,1728,Not in California
Unknown,2021-03-25,38,2887,25,2438,13,400,0,49,24,572,13,1180,24,1752,Not in California
Unknown,2021-03-26,36,2923,20,2458,11,411,5,54,18,580,15,1195,23,1775,Not in California
Unknown,2021-03-27,32,2955,15,2473,14,425,3,57,18,584,17,1212,21,1796,Not in California
Unknown,2021-03-28,18,2973,9,2482,9,434,0,57,12,591,5,1217,12,1808,Not in California
Unknown,2021-03-29,40,3013,19,2501,21,455,0,57,24,603,12,1229,24,1832,Not in California
Unknown,2021-03-30,41,3054,26,2527,15,470,0,57,24,612,15,1244,24,1856,Not in California
Unknown,2021-03-31,37,3091,22,2549,14,484,1,58,26,627,12,1256,27,1883,Not in California
Unknown,2021-04-01,25,3116,15,2564,7,491,3,61,16,638,8,1264,19,1902,Not in California
Unknown,2021-04-02,42,3158,20,2584,13,504,9,70,16,637,26,1290,25,1927,Not in California
Unknown,2021-04-03,21,3179,10,2594,11,515,0,70,15,642,10,1300,15,1942,Not in California
Unknown,2021-04-04,15,3194,4,2598,11,526,0,70,9,646,5,1305,9,1951,Not in California
Unknown,2021-04-05,34,3228,20,2618,13,539,1,71,16,646,17,1322,17,1968,Not in California
Unknown,2021-04-06,23,3251,15,2633,7,546,1,72,12,648,11,1333,13,1981,Not in California
Unknown,2021-04-07,38,3289,26,2659,11,557,1,73,26,663,11,1344,26,2007,Not in California
Unknown,2021-04-08,36,3325,23,2682,7,564,6,79,16,664,21,1365,22,2029,Not in California
Unknown,2021-04-09,33,3358,23,2705,10,574,0,79,21,674,11,1376,21,2050,Not in California
Unknown,2021-04-10,11,3369,9,2714,1,575,1,80,5,673,7,1383,6,2056,Not in California
Unknown,2021-04-11,11,3380,7,2721,4,579,0,80,5,673,5,1388,5,2061,Not in California
Unknown,2021-04-12,37,3417,20,2741,16,595,1,81,17,669,22,1410,18,2079,Not in California
Unknown,2021-04-13,47,3464,28,2769,19,614,0,81,17,658,28,1438,17,2096,Not in California
Unknown,2021-04-14,30,3494,9,2778,21,635,0,81,6,640,24,1462,6,2102,Not in California
Unknown,2021-04-15,32,3526,17,2795,14,649,1,82,11,629,22,1484,11,2113,Not in California
Unknown,2021-04-16,26,3552,16,2811,10,659,0,82,10,623,16,1500,10,2123,Not in California
Unknown,2021-04-17,24,3576,15,2826,9,668,0,82,8,617,15,1515,9,2132,Not in California
Unknown,2021-04-18,19,3595,7,2833,12,680,0,82,8,613,12,1527,8,2140,Not in California
Unknown,2021-04-19,35,3630,22,2855,13,693,0,82,14,607,20,1547,14,2154,Not in California
Unknown,2021-04-20,26,3656,16,2871,10,703,0,82,6,593,20,1567,6,2160,Not in California
Unknown,2021-04-21,40,3696,20,2891,20,723,0,82,16,584,25,1592,16,2176,Not in California
Unknown,2021-04-22,24,3720,16,2907,8,731,0,82,6,573,17,1609,6,2182,Not in California
Unknown,2021-04-23,31,3751,16,2923,15,746,0,82,15,574,14,1623,15,2197,Not in California
Unknown,2021-04-24,31,3782,23,2946,8,754,0,82,16,576,14,1637,16,2213,Not in California
Unknown,2021-04-25,20,3802,9,2955,11,765,0,82,7,571,12,1649,7,2220,Not in California
Unknown,2021-04-26,30,3832,18,2973,12,777,0,82,12,566,17,1666,12,2232,Not in California
Unknown,2021-04-27,30,3862,17,2990,12,789,1,83,10,558,19,1685,11,2243,Not in California
Unknown,2021-04-28,28,3890,19,3009,7,796,2,85,8,548,20,1705,10,2253,Not in California
Unknown,2021-04-29,35,3925,23,3032,12,808,0,85,16,543,21,1726,16,2269,Not in California
Unknown,2021-04-30,30,3955,15,3047,10,818,5,90,16,549,15,1741,21,2290,Not in California
Unknown,2021-05-01,27,3982,20,3067,7,825,0,90,15,553,11,1752,15,2305,Not in California
Unknown,2021-05-02,14,3996,6,3073,7,832,1,91,5,551,8,1760,6,2311,Not in California
Unknown,2021-05-03,24,4020,16,3089,5,837,3,94,6,541,18,1778,8,2319,Not in California
Unknown,2021-05-04,18,4038,9,3098,5,842,4,98,6,537,14,1792,10,2329,Not in California
Unknown,2021-05-05,25,4063,10,3108,14,856,1,99,11,535,14,1806,12,2341,Not in California
Unknown,2021-05-06,34,4097,21,3129,6,862,7,106,11,529,24,1830,18,2359,Not in California
Unknown,2021-05-07,27,4124,13,3142,10,872,4,110,10,525,18,1848,14,2373,Not in California
Unknown,2021-05-08,14,4138,9,3151,3,875,2,112,5,524,8,1856,7,2380,Not in California
Unknown,2021-05-09,17,4155,4,3155,9,884,4,116,8,527,9,1865,12,2392,Not in California
Unknown,2021-05-10,21,4176,11,3166,7,891,3,119,3,517,16,1881,6,2398,Not in California
Unknown,2021-05-11,17,4193,9,3175,4,895,4,123,9,522,8,1889,13,2411,Not in California
Unknown,2021-05-12,14,4207,9,3184,4,899,1,124,4,518,9,1898,5,2416,Not in California
Unknown,2021-05-13,18,4225,12,3196,1,900,5,129,11,526,9,1907,17,2433,Not in California
Unknown,2021-05-14,23,4248,18,3214,4,904,1,130,12,528,10,1917,12,2445,Not in California
Unknown,2021-05-15,22,4270,20,3234,2,906,0,130,14,533,9,1926,14,2459,Not in California
Unknown,2021-05-16,25,4295,17,3251,7,913,1,131,14,537,11,1937,15,2474,Not in California
Unknown,2021-05-17,23,4318,17,3268,4,917,2,133,9,535,13,1950,11,2485,Not in California
Unknown,2021-05-18,32,4350,20,3288,10,927,2,135,19,543,13,1963,21,2506,Not in California
Unknown,2021-05-19,30,4380,22,3310,7,934,1,136,10,535,19,1982,11,2517,Not in California
Unknown,2021-05-20,19,4399,15,3325,3,937,1,137,10,538,8,1990,11,2528,Not in California
Unknown,2021-05-21,24,4423,13,3338,7,944,4,141,10,537,15,2005,14,2542,Not in California
Unknown,2021-05-22,26,4449,22,3360,3,947,1,142,11,537,12,2017,12,2554,Not in California
Unknown,2021-05-23,10,4459,7,3367,3,950,0,142,6,539,4,2021,6,2560,Not in California
Unknown,2021-05-24,10,4469,6,3373,3,953,1,143,5,540,5,2026,6,2566,Not in California
Unknown,2021-05-25,21,4490,10,3383,5,958,6,149,7,540,13,2039,13,2579,Not in California
Unknown,2021-05-26,12,4502,9,3392,2,960,1,150,3,537,7,2046,4,2583,Not in California
Unknown,2021-05-27,22,4524,15,3407,5,965,2,152,6,530,15,2061,8,2591,Not in California
Unknown,2021-05-28,22,4546,12,3419,5,970,5,157,12,537,10,2071,17,2608,Not in California
Unknown,2021-05-29,30,4576,25,3444,5,975,0,157,24,555,6,2077,24,2632,Not in California
Unknown,2021-05-30,7,4583,4,3448,2,977,1,158,3,555,4,2081,4,2636,Not in California
Unknown,2021-05-31,1,4584,1,3449,0,977,0,158,0,554,1,2082,0,2636,Not in California
Unknown,2021-06-01,29,4613,17,3466,6,983,6,164,12,556,16,2098,18,2654,Not in California
Unknown,2021-06-02,7,4620,4,3470,3,986,0,164,2,553,5,2103,2,2656,Not in California
Unknown,2021-06-03,17,4637,16,3486,1,987,0,164,8,552,9,2112,8,2664,Not in California
Unknown,2021-06-04,28,4665,18,3504,10,997,0,164,16,556,12,2124,16,2680,Not in California
Unknown,2021-06-05,32,4697,23,3527,8,1005,1,165,18,561,14,2138,19,2699,Not in California
Unknown,2021-06-06,32,4729,24,3551,5,1010,3,168,14,560,18,2156,17,2716,Not in California
Unknown,2021-06-07,21,4750,10,3561,8,1018,3,171,9,560,12,2168,12,2728,Not in California
Unknown,2021-06-08,16,4766,8,3569,5,1023,3,174,5,557,11,2179,8,2736,Not in California
Unknown,2021-06-09,28,4794,18,3587,9,1032,1,175,15,561,12,2191,16,2752,Not in California
Unknown,2021-06-10,14,4808,11,3598,3,1035,0,175,6,559,8,2199,6,2758,Not in California
Unknown,2021-06-11,6,4814,4,3602,1,1036,1,176,3,561,2,2201,4,2762,Not in California
Unknown,2021-06-12,13,4827,9,3611,4,1040,0,176,9,565,5,2206,9,2771,Not in California
Unknown,2021-06-13,10,4837,6,3617,4,1044,0,176,3,561,7,2213,3,2774,Not in California
Unknown,2021-06-14,7,4844,6,3623,1,1045,0,176,3,560,4,2217,3,2777,Not in California
Unknown,2021-06-15,22,4866,13,3636,9,1054,0,176,8,555,13,2230,8,2785,Not in California
Unknown,2021-06-16,6,4872,3,3639,3,1057,0,176,5,559,1,2231,5,2790,Not in California
Unknown,2021-06-17,16,4888,10,3649,4,1061,2,178,11,568,4,2235,13,2803,Not in California
Unknown,2021-06-18,15,4903,11,3660,4,1065,0,178,8,569,7,2242,8,2811,Not in California
Unknown,2021-06-19,13,4916,11,3671,1,1066,1,179,2,561,11,2253,3,2814,Not in California
Unknown,2021-06-20,8,4924,6,3677,1,1067,1,180,3,560,5,2258,4,2818,Not in California
Unknown,2021-06-21,13,4937,9,3686,4,1071,0,180,8,563,5,2263,8,2826,Not in California
Unknown,2021-06-22,18,4955,12,3698,6,1077,0,180,14,573,4,2267,14,2840,Not in California
Unknown,2021-06-23,9,4964,4,3702,4,1081,1,181,6,577,3,2270,7,2847,Not in California
Unknown,2021-06-24,11,4975,5,3707,5,1086,1,182,6,579,5,2275,7,2854,Not in California
Unknown,2021-06-25,13,4988,12,3719,1,1087,0,182,8,583,4,2279,8,2862,Not in California
Unknown,2021-06-26,12,5000,12,3731,0,1087,0,182,10,591,2,2281,10,2872,Not in California
Unknown,2021-06-27,24,5024,19,3750,3,1090,2,184,12,593,12,2293,14,2886,Not in California
Unknown,2021-06-28,16,5040,13,3763,3,1093,0,184,11,599,5,2298,11,2897,Not in California
Unknown,2021-06-29,8,5048,6,3769,2,1095,0,184,7,605,1,2299,7,2904,Not in California
Unknown,2021-06-30,22,5070,21,3790,1,1096,0,184,12,607,10,2309,12,2916,Not in California
Unknown,2021-07-01,21,5091,20,3810,1,1097,0,184,15,618,4,2313,15,2931,Not in California
Unknown,2021-07-02,8,5099,5,3815,3,1100,0,184,5,620,3,2316,5,2936,Not in California
Unknown,2021-07-03,8,5107,8,3823,0,1100,0,184,4,620,4,2320,4,2940,Not in California
Unknown,2021-07-04,2,5109,2,3825,0,1100,0,184,0,618,2,2322,0,2940,Not in California
Unknown,2021-07-05,16,5125,12,3837,4,1104,0,184,13,628,3,2325,13,2953,Not in California
Alameda,2020-12-15,37,37,37,37,0,0,0,0,37,37,0,0,37,37,California
Alameda,2020-12-16,211,248,211,248,0,0,0,0,211,248,0,0,211,248,California
Alameda,2020-12-17,512,760,512,760,0,0,0,0,512,760,0,0,512,760,California
Alameda,2020-12-18,1917,2677,1916,2676,1,1,0,0,1917,2677,0,0,1917,2677,California
Alameda,2020-12-19,1431,4108,1431,4107,0,1,0,0,1431,4108,0,0,1431,4108,California
Alameda,2020-12-20,1181,5289,1180,5287,1,2,0,0,1180,5287,1,1,1180,5288,California
Alameda,2020-12-21,1851,7140,1849,7136,2,4,0,0,1850,7137,0,1,1850,7138,California
Alameda,2020-12-22,2102,9242,2048,9184,54,58,0,0,2101,9237,1,2,2101,9239,California
Alameda,2020-12-23,1935,11177,1680,10864,255,313,0,0,1935,11172,0,2,1935,11174,California
Alameda,2020-12-24,1218,12395,755,11619,463,776,0,0,1218,12390,0,2,1218,12392,California
Alameda,2020-12-25,163,12558,126,11745,37,813,0,0,163,12553,0,2,163,12555,California
Alameda,2020-12-26,861,13419,324,12069,537,1350,0,0,861,13414,0,2,861,13416,California
Alameda,2020-12-27,498,13917,257,12326,241,1591,0,0,498,13912,0,2,498,13914,California
Alameda,2020-12-28,1889,15806,966,13292,923,2514,0,0,1889,15801,0,2,1889,15803,California
Alameda,2020-12-29,2488,18294,1080,14372,1408,3922,0,0,2487,18288,0,2,2487,18290,California
Alameda,2020-12-30,3100,21394,1329,15701,1771,5693,0,0,3100,21388,0,2,3100,21390,California
Alameda,2020-12-31,1802,23196,448,16149,1354,7047,0,0,1799,23185,2,4,1799,23189,California
Alameda,2021-01-01,178,23374,76,16225,102,7149,0,0,176,23359,2,6,176,23365,California
Alameda,2021-01-02,732,24106,527,16752,205,7354,0,0,731,24090,0,6,731,24096,California
Alameda,2021-01-03,335,24441,217,16969,118,7472,0,0,332,24419,3,9,332,24428,California
Alameda,2021-01-04,1623,26064,915,17884,708,8180,0,0,1611,26019,11,20,1611,26039,California
Alameda,2021-01-05,2227,28291,1284,19168,943,9123,0,0,1973,27741,251,271,1973,28012,California
Alameda,2021-01-06,3286,31577,1816,20984,1470,10593,0,0,2407,29274,876,1147,2409,30421,California
Alameda,2021-01-07,3836,35413,2153,23137,1683,12276,0,0,2643,30738,1184,2331,2648,33069,California
Alameda,2021-01-08,4779,40192,2733,25870,2046,14322,0,0,3036,32041,1738,4069,3041,36110,California
Alameda,2021-01-09,2034,42226,1384,27254,650,14972,0,0,1169,32345,865,4934,1169,37279,California
Alameda,2021-01-10,1066,43292,841,28095,225,15197,0,0,428,32134,639,5573,428,37707,California
Alameda,2021-01-11,4682,47974,3542,31637,1140,16337,0,0,2867,33195,1813,7386,2874,40581,California
Alameda,2021-01-12,4868,52842,3283,34920,1585,17922,0,0,3462,35257,1403,8789,3465,44046,California
Alameda,2021-01-13,5082,57924,2704,37624,2378,20300,0,0,3877,37935,1201,9990,3879,47925,California
Alameda,2021-01-14,5686,63610,2814,40438,2872,23172,0,0,4785,41831,892,10882,4788,52713,California
Alameda,2021-01-15,5875,69485,2335,42773,3540,26712,0,0,5090,46147,778,11660,5094,57807,California
Alameda,2021-01-16,3008,72493,1402,44175,1606,28318,0,0,2736,48611,273,11933,2737,60544,California
Alameda,2021-01-17,1882,74375,1090,45265,792,29110,0,0,1674,50078,208,12141,1675,62219,California
Alameda,2021-01-18,3197,77572,2052,47317,1145,30255,0,0,2601,52090,591,12732,2603,64822,California
Alameda,2021-01-19,5556,83128,3334,50651,2222,32477,0,0,4355,55248,1199,13931,4357,69179,California
Alameda,2021-01-20,6934,90062,4242,54893,2692,35169,0,0,5629,59590,1291,15222,5633,74812,California
Alameda,2021-01-21,8183,98245,3769,58662,4414,39583,0,0,7325,66070,850,16072,7330,82142,California
Alameda,2021-01-22,6914,105159,2065,60727,4849,44432,0,0,5759,70684,1146,17218,5760,87902,California
Alameda,2021-01-23,3302,108461,953,61680,2349,46781,0,0,2743,72870,557,17775,2743,90645,California
Alameda,2021-01-24,2049,110510,656,62336,1393,48174,0,0,1774,74373,271,18046,1774,92419,California
Alameda,2021-01-25,5217,115727,1984,64320,3233,51407,0,0,3631,76428,1578,19624,3633,96052,California
Alameda,2021-01-26,7361,123088,2322,66642,5039,56446,0,0,5461,79999,1891,21515,5462,101514,California
Alameda,2021-01-27,6759,129847,2083,68725,4676,61122,0,0,4878,83006,1871,23386,4878,106392,California
Alameda,2021-01-28,7932,137779,2564,71289,5368,66490,0,0,5677,86446,2239,25625,5679,112071,California
Alameda,2021-01-29,8026,145805,3196,74485,4830,71320,0,0,6173,90780,1841,27466,6175,118246,California
Alameda,2021-01-30,3465,149270,1697,76182,1768,73088,0,0,2749,92819,710,28176,2749,120995,California
Alameda,2021-01-31,1935,151205,959,77141,976,74064,0,0,1694,94276,237,28413,1694,122689,California
Alameda,2021-02-01,6516,157721,3888,81029,2628,76692,0,0,4358,96487,2148,30561,4359,127048,California
Alameda,2021-02-02,7095,164816,3819,84848,3276,79968,0,0,4744,98891,2340,32901,4744,131792,California
Alameda,2021-02-03,7170,171986,3789,88637,3381,83349,0,0,4421,100575,2742,35643,4426,136218,California
Alameda,2021-02-04,9613,181599,4176,92813,5437,88786,0,0,6461,103903,3139,38782,6467,142685,California
Alameda,2021-02-05,10412,192011,5426,98239,4986,93772,0,0,6502,106509,3903,42685,6509,149194,California
Alameda,2021-02-06,7047,199058,4465,102704,2582,96354,0,0,5897,111262,1145,43830,5898,155092,California
Alameda,2021-02-07,3591,202649,2895,105599,696,97050,0,0,2644,112964,943,44773,2645,157737,California
Alameda,2021-02-08,8170,210819,5840,111439,2330,99380,0,0,5569,115945,2590,47363,5571,163308,California
Alameda,2021-02-09,9761,220580,5873,117312,3888,103268,0,0,6086,118379,3654,51017,6088,169396,California
Alameda,2021-02-10,11588,232168,6841,124153,4747,108015,0,0,6501,119819,5069,56086,6509,175905,California
Alameda,2021-02-11,14074,246242,8073,132226,6001,114016,0,0,8150,122065,5907,61993,8153,184058,California
Alameda,2021-02-12,12663,258905,5764,137990,6899,120915,0,0,7825,125081,4812,66805,7828,191886,California
Alameda,2021-02-13,7872,266777,4089,142079,3783,124698,0,0,5879,128977,1985,68790,5881,197767,California
Alameda,2021-02-14,4065,270842,2562,144641,1503,126201,0,0,2879,130678,1181,69971,2882,200649,California
Alameda,2021-02-15,5704,276546,3207,147848,2497,128698,0,0,3702,132383,2000,71971,3705,204354,California
Alameda,2021-02-16,12628,289174,7014,154862,5614,134312,0,0,9348,138473,3267,75238,9357,213711,California
Alameda,2021-02-17,14300,303474,8495,163357,5805,140117,0,0,10599,145393,3681,78919,10601,224312,California
Alameda,2021-02-18,16075,319549,10208,173565,5867,145984,0,0,11654,152644,4409,83328,11660,235972,California
Alameda,2021-02-19,18049,337598,11726,185291,6323,152307,0,0,11901,158426,6124,89452,11906,247878,California
Alameda,2021-02-20,12215,349813,9874,195165,2341,154648,0,0,9359,164941,2850,92302,9365,257243,California
Alameda,2021-02-21,7979,357792,6997,202162,982,155630,0,0,5361,167697,2606,94908,5362,262605,California
Alameda,2021-02-22,11387,369179,8409,210571,2978,158608,0,0,7149,170635,4220,99128,7158,269763,California
Alameda,2021-02-23,13503,382682,8183,218754,5320,163928,0,0,8370,173890,5122,104250,8377,278140,California
Alameda,2021-02-24,15278,397960,8598,227352,6680,170608,0,0,9875,178435,5335,109585,9880,288020,California
Alameda,2021-02-25,16210,414170,9412,236764,6798,177406,0,0,10217,182702,5957,115542,10224,298244,California
Alameda,2021-02-26,18778,432948,10961,247725,7817,185223,0,0,11906,187789,6825,122367,11912,310156,California
Alameda,2021-02-27,15265,448213,11265,258990,3998,189221,2,2,9424,191407,5811,128178,9429,319585,California
Alameda,2021-02-28,10166,458379,8477,267467,1688,190909,1,3,6582,194435,3557,131735,6585,326170,California
Alameda,2021-03-01,14186,472565,9809,277276,4366,195275,11,14,8667,197652,5468,137203,8685,334855,California
Alameda,2021-03-02,15121,487686,10871,288147,4248,199523,2,16,9881,202328,5215,142418,9891,344746,California
Alameda,2021-03-03,15944,503630,10452,298599,5489,205012,3,19,10897,208217,5016,147434,10905,355651,California
Alameda,2021-03-04,17582,521212,11280,309879,6300,211312,2,21,11065,212809,6475,153909,11067,366718,California
Alameda,2021-03-05,16414,537626,10739,320618,5665,216977,10,31,11061,218581,5306,159215,11078,377796,California
Alameda,2021-03-06,14691,552317,10321,330939,4104,221081,266,297,9695,223598,4945,164160,9962,387758,California
Alameda,2021-03-07,9833,562150,8534,339473,1212,222293,87,384,7024,227935,2776,166936,7113,394871,California
Alameda,2021-03-08,12061,574211,7513,346986,4167,226460,381,765,9018,234339,2991,169927,9395,404266,California
Alameda,2021-03-09,14822,589033,10381,357367,4009,230469,432,1197,8071,236126,6716,176643,8503,412769,California
Alameda,2021-03-10,17688,606721,12237,369604,4884,235353,567,1764,7950,234931,9705,186348,8510,421279,California
Alameda,2021-03-11,19957,626678,11689,381293,6550,241903,1718,3482,6781,230266,13143,199491,8478,429757,California
Alameda,2021-03-12,21553,648231,12598,393891,7248,249151,1707,5189,7436,225307,14084,213575,9125,438882,California
Alameda,2021-03-13,16255,664486,10412,404303,4833,253984,1010,6199,5161,220407,11058,224633,6158,445040,California
Alameda,2021-03-14,10954,675440,8059,412362,2103,256087,792,6991,3313,216882,7618,232251,4093,449133,California
Alameda,2021-03-15,14599,690039,9542,421904,4523,260610,534,7525,6188,215223,8376,240627,6717,455850,California
Alameda,2021-03-16,17412,707451,11282,433186,5583,266193,547,8072,7342,213100,10014,250641,7891,463741,California
Alameda,2021-03-17,17816,725267,10115,443301,6967,273160,734,8806,8208,212480,9559,260200,8939,472680,California
Alameda,2021-03-18,19504,744771,10673,453974,7929,281089,902,9708,8836,211584,10635,270835,9739,482419,California
Alameda,2021-03-19,19764,764535,10876,464850,7087,288176,1801,11509,7816,209291,11895,282730,9602,492021,California
Alameda,2021-03-20,15929,780464,10439,475289,4630,292806,860,12369,6385,207019,9508,292238,7236,499257,California
Alameda,2021-03-21,9349,789813,7353,482642,1440,294246,556,12925,3476,205189,5861,298099,4031,503288,California
Alameda,2021-03-22,15336,805149,10332,492974,3992,298238,1012,13937,6973,204835,8329,306428,7975,511263,California
Alameda,2021-03-23,19629,824778,11912,504886,6902,305140,815,14752,9969,206013,9608,316036,10786,522049,California
Alameda,2021-03-24,19535,844313,11817,516703,6690,311830,1028,15780,8492,204542,10978,327014,9507,531556,California
Alameda,2021-03-25,20818,865131,11592,528295,7815,319645,1411,17191,9551,204296,11194,338208,10948,542504,California
Alameda,2021-03-26,21209,886340,12800,541095,6838,326483,1571,18762,8594,201878,12564,350772,10146,552650,California
Alameda,2021-03-27,18507,904847,12621,553716,4929,331412,957,19719,7598,199564,10856,361628,8542,561192,California
Alameda,2021-03-28,10725,915572,8729,562445,1794,333206,202,19921,3488,196041,7217,368845,3694,564886,California
Alameda,2021-03-29,14935,930507,9524,571969,4411,337617,1000,20921,5985,194114,8909,377754,6982,571868,California
Alameda,2021-03-30,18881,949388,9936,581905,7216,344833,1729,22650,9483,195951,9362,387116,11199,583067,California
Alameda,2021-03-31,19690,969078,10395,592300,7178,352011,2117,24767,9224,196841,10433,397549,11323,594390,California
Alameda,2021-04-01,23620,992698,10154,602454,7753,359764,5713,30480,11238,201409,12324,409873,16892,611282,California
Alameda,2021-04-02,24409,1017107,10027,612481,8480,368244,5902,36382,11854,206597,12513,422386,17701,628983,California
Alameda,2021-04-03,20528,1037635,9929,622410,5723,373967,4876,41258,10376,211690,10126,432512,15219,644202,California
Alameda,2021-04-04,10022,1047657,4007,626417,2304,376271,3711,44969,3476,212330,6524,439036,7164,651366,California
Alameda,2021-04-05,18006,1065663,7603,634020,5589,381860,4814,49783,7360,213870,10617,449653,12157,663523,California
Alameda,2021-04-06,22458,1088121,10820,644840,5759,387619,5879,55662,10229,217748,12189,461842,16067,679590,California
Alameda,2021-04-07,22812,1110933,11724,656564,5587,393206,5501,61163,11532,223527,11231,473073,17010,696600,California
Alameda,2021-04-08,25817,1136750,11673,668237,6104,399310,8040,69203,11061,227918,14674,487747,19065,715665,California
Alameda,2021-04-09,23697,1160447,10831,679068,7594,406904,5272,74475,12194,233905,11464,499211,17451,733116,California
Alameda,2021-04-10,19486,1179933,7524,686592,5722,412626,6240,80715,8283,237227,11173,510384,14495,747611,California
Alameda,2021-04-11,11115,1191048,4873,691465,2278,414904,3964,84679,4514,239100,6582,516966,8455,756066,California
Alameda,2021-04-12,18315,1209363,11884,703349,4435,419339,1996,86675,10304,243424,7969,524935,12293,768359,California
Alameda,2021-04-13,23288,1232651,14757,718106,8470,427809,61,86736,17096,254454,6134,531069,17164,785523,California
Alameda,2021-04-14,23405,1256056,15347,733453,8056,435865,2,86738,15665,262430,7696,538765,15672,801195,California
Alameda,2021-04-15,24489,1280545,15621,749074,8863,444728,5,86743,16134,270289,8290,547055,16149,817344,California
Alameda,2021-04-16,24899,1305444,14656,763730,10237,454965,6,86749,15890,277258,8942,555997,15911,833255,California
Alameda,2021-04-17,21216,1326660,14662,778392,6552,461517,2,86751,14660,285421,6513,562510,14676,847931,California
Alameda,2021-04-18,10438,1337098,8060,786452,2378,463895,0,86751,7211,289449,3192,565702,7220,855151,California
Alameda,2021-04-19,15986,1353084,9939,796391,6046,469941,1,86752,9236,291987,6708,572410,9246,864397,California
Alameda,2021-04-20,19004,1372088,11763,808154,7239,477180,2,86754,10335,293729,8614,581024,10356,874753,California
Alameda,2021-04-21,20452,1392540,12292,820446,8148,485328,12,86766,11799,296973,8588,589612,11832,886585,California
Alameda,2021-04-22,22142,1414682,14392,834838,7745,493073,5,86771,11733,298391,10346,599958,11764,898349,California
Alameda,2021-04-23,22507,1437189,14702,849540,7801,500874,4,86775,12500,300988,9936,609894,12533,910882,California
Alameda,2021-04-24,19080,1456269,14471,864011,4601,505475,8,86783,10068,302118,8962,618856,10092,920974,California
Alameda,2021-04-25,9029,1465298,7024,871035,2004,507479,1,86784,5906,304942,3094,621950,5918,926892,California
Alameda,2021-04-26,14870,1480168,10324,881359,4520,511999,26,86810,9102,308353,5729,627679,9140,936032,California
Alameda,2021-04-27,16718,1496886,9956,891315,6394,518393,368,87178,7841,307764,8822,636501,8233,944265,California
Alameda,2021-04-28,17077,1513963,10890,902205,5718,524111,469,87647,6905,305020,10134,646635,7390,951655,California
Alameda,2021-04-29,17731,1531694,10747,912952,6652,530763,332,87979,6605,300918,11063,657698,6961,958616,California
Alameda,2021-04-30,20573,1552267,12947,925899,7280,538043,346,88325,8473,297775,12007,669705,8864,967480,California
Alameda,2021-05-01,14099,1566366,9432,935331,4456,542499,211,88536,5264,294487,8792,678497,5504,972984,California
Alameda,2021-05-02,7109,1573475,4963,940294,1975,544474,171,88707,2898,293368,4191,682688,3072,976056,California
Alameda,2021-05-03,14624,1588099,10995,951289,3308,547782,321,89028,2860,284878,11703,694391,3213,979269,California
Alameda,2021-05-04,18881,1606980,13648,964937,4871,552653,362,89390,3804,274077,15003,709394,4202,983471,California
Alameda,2021-05-05,18786,1625766,13730,978667,4547,557200,509,89899,3836,263555,14884,724278,4362,987833,California
Alameda,2021-05-06,19273,1645039,14668,993335,3910,561110,695,90594,3776,252625,15415,739693,4485,992318,California
Alameda,2021-05-07,19509,1664548,13177,1006512,5914,567024,418,91012,4475,242575,14960,754653,4910,997228,California
Alameda,2021-05-08,17090,1681638,11861,1018373,5016,572040,213,91225,3264,232283,13785,768438,3493,1000721,California
Alameda,2021-05-09,8581,1690219,7024,1025397,1414,573454,143,91368,1328,226528,7231,775669,1476,1002197,California
Alameda,2021-05-10,10424,1700643,7197,1032594,2900,576354,327,91695,2510,221497,7878,783547,2847,1005044,California
Alameda,2021-05-11,15722,1716365,8627,1041221,6780,583134,315,92010,2808,211795,12863,796410,3161,1008205,California
Alameda,2021-05-12,13529,1729894,9030,1050251,4055,587189,444,92454,2712,204219,10769,807179,3193,1011398,California
Alameda,2021-05-13,18075,1747969,13013,1063264,4519,591708,543,92997,5739,198257,12283,819462,6321,1017719,California
Alameda,2021-05-14,20840,1768809,14165,1077429,6209,597917,466,93463,7065,192111,13691,833153,7545,1025264,California
Alameda,2021-05-15,17337,1786146,12654,1090083,4450,602367,233,93696,5931,186925,11355,844508,6169,1031433,California
Alameda,2021-05-16,8898,1795044,7652,1097735,1140,603507,106,93802,3141,184454,5723,850231,3252,1034685,California
Alameda,2021-05-17,13563,1808607,10112,1107847,2919,606426,532,94334,4197,179872,9324,859555,4742,1039427,California
Alameda,2021-05-18,14280,1822887,10389,1118236,3466,609892,425,94759,4983,176031,9251,868806,5410,1044837,California
Alameda,2021-05-19,14535,1837422,9973,1128209,4224,614116,338,95097,5881,173651,8601,877407,6221,1051058,California
Alameda,2021-05-20,13436,1850858,8883,1137092,4017,618133,536,95633,5744,172295,7636,885043,6280,1057338,California
Alameda,2021-05-21,15299,1866157,10059,1147151,4969,623102,271,95904,5069,167481,10159,895202,5345,1062683,California
Alameda,2021-05-22,10350,1876507,7477,1154628,2705,625807,168,96072,4175,165686,6141,901343,4346,1067029,California
Alameda,2021-05-23,5131,1881638,3952,1158580,1090,626897,89,96161,1673,164012,3437,904780,1763,1068792,California
Alameda,2021-05-24,7276,1888914,4244,1162824,2772,629669,260,96421,2823,162688,4412,909192,3088,1071880,California
Alameda,2021-05-25,8034,1896948,5194,1168018,2578,632247,262,96683,3520,161987,4478,913670,3777,1075657,California
Alameda,2021-05-26,8296,1905244,5185,1173203,2809,635056,302,96985,3579,161172,4690,918360,3875,1079532,California
Alameda,2021-05-27,8163,1913407,4880,1178083,2882,637938,401,97386,3340,160128,4781,923141,3737,1083269,California
Alameda,2021-05-28,8632,1922039,5052,1183135,3352,641290,228,97614,3598,158950,5006,928147,3828,1087097,California
Alameda,2021-05-29,4962,1927001,3005,1186140,1770,643060,187,97801,2454,159106,2487,930634,2643,1089740,California
Alameda,2021-05-30,2468,1929469,1619,1187759,760,643820,89,97890,974,158685,1484,932118,1063,1090803,California
Alameda,2021-05-31,1161,1930630,859,1188618,247,644067,55,97945,347,158289,798,932916,402,1091205,California
Alameda,2021-06-01,7120,1937750,4985,1193603,1889,645956,246,98191,2952,157345,4140,937056,3196,1094401,California
Alameda,2021-06-02,5824,1943574,3622,1197225,1978,647934,224,98415,2179,156130,3610,940666,2395,1096796,California
Alameda,2021-06-03,8488,1952062,6414,1203639,1793,649727,281,98696,2767,153491,5682,946348,3043,1099839,California
Alameda,2021-06-04,10479,1962541,7724,1211363,2513,652240,242,98938,2831,148957,7608,953956,3074,1102913,California
Alameda,2021-06-05,8098,1970639,5889,1217252,2048,654288,161,99099,1787,144625,6277,960233,1945,1104858,California
Alameda,2021-06-06,3682,1974321,3323,1220575,278,654566,81,99180,859,142750,2815,963048,940,1105798,California
Alameda,2021-06-07,5866,1980187,4277,1224852,1412,655978,177,99357,1716,140517,4126,967174,1893,1107691,California
Alameda,2021-06-08,7273,1987460,5813,1230665,1217,657195,243,99600,2099,137709,5148,972322,2340,1110031,California
Alameda,2021-06-09,7298,1994758,5967,1236632,1135,658330,196,99796,1672,133972,5599,977921,1862,1111893,California
Alameda,2021-06-10,8012,2002770,6705,1243337,1001,659331,306,100102,2132,130552,5855,983776,2435,1114328,California
Alameda,2021-06-11,8055,2010825,6183,1249520,1649,660980,223,100325,2457,127666,5570,989346,2684,1117012,California
Alameda,2021-06-12,5507,2016332,4223,1253743,1096,662076,188,100513,1366,125107,4117,993463,1558,1118570,California
Alameda,2021-06-13,2313,2018645,1762,1255505,429,662505,122,100635,665,124256,1636,995099,785,1119355,California
Alameda,2021-06-14,4581,2023226,3444,1258949,926,663431,211,100846,1541,122989,3018,998117,1751,1121106,California
Alameda,2021-06-15,6012,2029238,4368,1263317,1362,664793,282,101128,1786,120869,4187,1002304,2067,1123173,California
Alameda,2021-06-16,5151,2034389,4113,1267430,834,665627,204,101332,1522,118981,3611,1005915,1723,1124896,California
Alameda,2021-06-17,5582,2039971,4517,1271947,834,666461,231,101563,1836,117337,3713,1009628,2069,1126965,California
Alameda,2021-06-18,5930,2045901,4476,1276423,1201,667662,253,101816,1977,115636,3928,1013556,2227,1129192,California
Alameda,2021-06-19,3460,2049361,2621,1279044,680,668342,159,101975,1058,114463,2389,1015945,1216,1130408,California
Alameda,2021-06-20,1398,2050759,1166,1280210,186,668528,46,102021,518,114151,874,1016819,562,1130970,California
Alameda,2021-06-21,2714,2053473,1846,1282056,707,669235,161,102182,1388,114390,1310,1018129,1549,1132519,California
Alameda,2021-06-22,4573,2058046,3543,1285599,837,670072,193,102375,1404,112833,3152,1021281,1595,1134114,California
Alameda,2021-06-23,3503,2061549,2694,1288293,623,670695,186,102561,1180,111887,2308,1023589,1362,1135476,California
Alameda,2021-06-24,4394,2065943,3509,1291802,650,671345,235,102796,1508,110764,2865,1026454,1742,1137218,California
Alameda,2021-06-25,4614,2070557,3464,1295266,948,672293,202,102998,1708,109785,2889,1029343,1910,1139128,California
Alameda,2021-06-26,3078,2073635,2263,1297529,650,672943,165,103163,1070,109031,1988,1031331,1234,1140362,California
Alameda,2021-06-27,1302,2074937,1069,1298598,186,673129,47,103210,512,108807,783,1032114,559,1140921,California
Alameda,2021-06-28,2907,2077844,2363,1300961,349,673478,195,103405,1137,108390,1748,1033862,1331,1142252,California
Alameda,2021-06-29,3682,2081526,2948,1303909,596,674074,138,103543,1285,107431,2381,1036243,1422,1143674,California
Alameda,2021-06-30,2853,2084379,2227,1306136,494,674568,132,103675,1065,106849,1777,1038020,1195,1144869,California
Alameda,2021-07-01,3454,2087833,2725,1308861,580,675148,149,103824,1238,106038,2195,1040215,1384,1146253,California
Alameda,2021-07-02,3964,2091797,2981,1311842,816,675964,167,103991,1442,105145,2495,1042710,1602,1147855,California
Alameda,2021-07-03,2034,2093831,1485,1313327,460,676424,89,104080,795,104801,1227,1043937,883,1148738,California
Alameda,2021-07-04,95,2093926,60,1313387,30,676454,5,104085,41,104794,53,1043990,46,1148784,California
Alameda,2021-07-05,889,2094815,668,1314055,180,676634,41,104126,386,104719,502,1044492,427,1149211,California
Alpine,2020-12-18,2,2,2,2,0,0,0,0,2,2,0,0,2,2,California
Alpine,2020-12-19,2,4,2,4,0,0,0,0,2,4,0,0,2,4,California
Alpine,2020-12-21,2,6,2,6,0,0,0,0,2,6,0,0,2,6,California
Alpine,2020-12-29,1,7,0,6,1,1,0,0,1,7,0,0,1,7,California
Alpine,2020-12-30,14,21,0,6,14,15,0,0,14,21,0,0,14,21,California
Alpine,2020-12-31,1,22,0,6,1,16,0,0,1,22,0,0,1,22,California
Alpine,2021-01-01,1,23,0,6,1,17,0,0,1,23,0,0,1,23,California
Alpine,2021-01-02,1,24,1,7,0,17,0,0,1,24,0,0,1,24,California
Alpine,2021-01-04,10,34,0,7,10,27,0,0,10,34,0,0,10,34,California
Alpine,2021-01-05,9,43,1,8,8,35,0,0,9,43,0,0,9,43,California
Alpine,2021-01-06,31,74,0,8,31,66,0,0,31,74,0,0,31,74,California
Alpine,2021-01-07,8,82,0,8,8,74,0,0,8,82,0,0,8,82,California
Alpine,2021-01-08,4,86,2,10,2,76,0,0,2,82,2,2,2,84,California
Alpine,2021-01-09,2,88,2,12,0,76,0,0,0,80,2,4,0,84,California
Alpine,2021-01-11,32,120,1,13,31,107,0,0,31,110,1,5,31,115,California
Alpine,2021-01-13,35,155,0,13,35,142,0,0,35,145,0,5,35,150,California
Alpine,2021-01-14,1,156,0,13,1,143,0,0,1,146,0,5,1,151,California
Alpine,2021-01-15,1,157,0,13,1,144,0,0,1,147,0,5,1,152,California
Alpine,2021-01-18,1,158,1,14,0,144,0,0,1,148,0,5,1,153,California
Alpine,2021-01-20,21,179,0,14,21,165,0,0,21,169,0,5,21,174,California
Alpine,2021-01-21,1,180,0,14,1,166,0,0,1,170,0,5,1,175,California
Alpine,2021-01-22,33,213,0,14,33,199,0,0,33,203,0,5,33,208,California
Alpine,2021-01-23,1,214,1,15,0,199,0,0,0,202,1,6,0,208,California
Alpine,2021-01-25,16,230,0,15,16,215,0,0,16,218,0,6,16,224,California
Alpine,2021-01-26,1,231,0,15,1,216,0,0,0,217,1,7,0,224,California
Alpine,2021-01-27,1,232,1,16,0,216,0,0,0,216,1,8,0,224,California
Alpine,2021-01-28,1,233,0,16,1,217,0,0,0,215,1,9,0,224,California
Alpine,2021-01-29,1,234,0,16,1,218,0,0,1,216,0,9,1,225,California
Alpine,2021-02-01,25,259,0,16,25,243,0,0,7,205,18,27,7,232,California
Alpine,2021-02-03,34,293,0,16,34,277,0,0,10,191,24,51,10,242,California
Alpine,2021-02-04,8,301,0,16,8,285,0,0,3,189,5,56,3,245,California
Alpine,2021-02-05,32,333,1,17,31,316,0,0,12,181,20,76,12,257,California
Alpine,2021-02-07,1,334,1,18,0,316,0,0,1,182,0,76,1,258,California
Alpine,2021-02-08,32,366,0,18,32,348,0,0,4,158,28,104,4,262,California
Alpine,2021-02-10,34,400,0,18,34,382,0,0,0,124,34,138,0,262,California
Alpine,2021-02-11,6,406,0,18,6,388,0,0,3,124,3,141,3,265,California
Alpine,2021-02-12,1,407,0,18,1,389,0,0,0,123,1,142,0,265,California
Alpine,2021-02-17,23,430,0,18,23,412,0,0,3,106,20,162,3,268,California
Alpine,2021-02-18,2,432,0,18,2,414,0,0,1,106,1,163,1,269,California
Alpine,2021-02-19,34,466,1,19,33,447,0,0,2,76,32,195,2,271,California
Alpine,2021-02-22,27,493,0,19,27,474,0,0,8,65,19,214,8,279,California
Alpine,2021-02-24,1,494,1,20,0,474,0,0,1,66,0,214,1,280,California
Alpine,2021-02-25,6,500,1,21,5,479,0,0,6,72,0,214,6,286,California
Alpine,2021-02-26,30,530,1,22,29,508,0,0,29,100,1,215,29,315,California
Alpine,2021-02-27,1,531,0,22,1,509,0,0,1,101,0,215,1,316,California
Alpine,2021-03-01,36,567,0,22,36,545,0,0,26,117,10,225,26,342,California
Alpine,2021-03-03,30,597,1,23,29,574,0,0,18,123,12,237,18,360,California
Alpine,2021-03-04,10,607,0,23,10,584,0,0,10,133,0,237,10,370,California
Alpine,2021-03-05,30,637,0,23,30,614,0,0,22,147,8,245,22,392,California
Alpine,2021-03-08,31,668,0,23,31,645,0,0,29,174,2,247,29,421,California
Alpine,2021-03-10,73,741,0,23,73,718,0,0,73,247,0,247,73,494,California
Alpine,2021-03-11,35,776,0,23,35,753,0,0,31,274,4,251,31,525,California
Alpine,2021-03-12,19,795,0,23,19,772,0,0,17,289,2,253,17,542,California
Alpine,2021-03-15,21,816,1,24,20,792,0,0,20,308,1,254,20,562,California
Alpine,2021-03-17,23,839,0,24,22,814,1,1,19,324,4,258,20,582,California
Alpine,2021-03-18,38,877,3,27,35,849,0,1,35,356,3,261,35,617,California
Alpine,2021-03-19,2,879,1,28,1,850,0,1,1,356,1,262,1,618,California
Alpine,2021-03-22,24,903,0,28,24,874,0,1,15,362,9,271,15,633,California
Alpine,2021-03-24,19,922,0,28,19,893,0,1,8,359,11,282,8,641,California
Alpine,2021-03-25,34,956,0,28,33,926,1,2,27,381,6,288,28,669,California
Alpine,2021-03-27,1,957,0,28,1,927,0,2,0,380,1,289,0,669,California
Alpine,2021-03-28,1,958,1,29,0,927,0,2,1,381,0,289,1,670,California
Alpine,2021-03-29,19,977,0,29,18,945,1,3,2,367,17,306,3,673,California
Alpine,2021-04-01,18,995,0,29,18,963,0,3,8,365,10,316,8,681,California
Alpine,2021-04-02,101,1096,1,30,100,1063,0,3,46,357,54,370,46,727,California
Alpine,2021-04-05,4,1100,1,31,3,1066,0,3,0,353,4,374,0,727,California
Alpine,2021-04-06,3,1103,2,33,1,1067,0,3,2,354,1,375,2,729,California
Alpine,2021-04-07,117,1220,0,33,116,1183,1,4,30,299,86,461,31,760,California
Alpine,2021-04-08,37,1257,0,33,35,1218,2,6,10,284,27,488,12,772,California
Alpine,2021-04-09,2,1259,0,33,2,1220,0,6,2,286,0,488,2,774,California
Alpine,2021-04-14,47,1306,0,33,47,1267,0,6,10,259,37,525,10,784,California
Alpine,2021-04-15,35,1341,0,33,35,1302,0,6,3,230,32,557,3,787,California
Alpine,2021-04-16,1,1342,0,33,1,1303,0,6,1,231,0,557,1,788,California
Alpine,2021-04-19,1,1343,0,33,1,1304,0,6,1,232,0,557,1,789,California
Alpine,2021-04-21,31,1374,0,33,31,1335,0,6,15,231,16,573,15,804,California
Alpine,2021-04-22,24,1398,0,33,24,1359,0,6,1,209,23,596,1,805,California
Alpine,2021-04-24,2,1400,2,35,0,1359,0,6,0,208,2,598,1,806,California
Alpine,2021-04-25,1,1401,1,36,0,1359,0,6,0,207,1,599,0,806,California
Alpine,2021-04-27,2,1403,1,37,1,1360,0,6,1,207,1,600,1,807,California
Alpine,2021-04-28,36,1439,0,37,36,1396,0,6,6,183,30,630,6,813,California
Alpine,2021-04-29,7,1446,1,38,6,1402,0,6,1,178,6,636,1,814,California
Alpine,2021-04-30,2,1448,1,39,0,1402,1,7,1,179,1,637,2,816,California
Alpine,2021-05-02,1,1449,0,39,0,1402,1,8,0,179,1,638,1,817,California
Alpine,2021-05-05,17,1466,0,39,17,1419,0,8,4,170,13,651,4,821,California
Alpine,2021-05-06,8,1474,0,39,8,1427,0,8,0,162,8,659,0,821,California
Alpine,2021-05-07,1,1475,0,39,1,1428,0,8,0,161,1,660,0,821,California
Alpine,2021-05-10,1,1476,0,39,1,1429,0,8,1,162,0,660,1,822,California
Alpine,2021-05-12,1,1477,0,39,0,1429,1,9,0,162,1,661,1,823,California
Alpine,2021-05-13,3,1480,0,39,3,1432,0,9,0,159,3,664,0,823,California
Alpine,2021-05-17,2,1482,0,39,2,1434,0,9,1,159,1,665,1,824,California
Alpine,2021-05-18,1,1483,0,39,1,1435,0,9,1,160,0,665,1,825,California
Alpine,2021-05-19,15,1498,0,39,15,1450,0,9,0,145,15,680,0,825,California
Alpine,2021-05-20,1,1499,1,40,0,1450,0,9,0,144,1,681,0,825,California
Alpine,2021-05-21,1,1500,1,41,0,1450,0,9,0,143,1,682,0,825,California
Alpine,2021-05-25,2,1502,0,41,2,1452,0,9,0,141,2,684,0,825,California
Alpine,2021-05-27,3,1505,2,43,1,1453,0,9,3,144,0,684,3,828,California
Alpine,2021-05-28,2,1507,1,44,1,1454,0,9,2,146,0,684,2,830,California
Alpine,2021-05-29,1,1508,0,44,1,1455,0,9,1,147,0,684,1,831,California
Alpine,2021-06-02,8,1516,0,44,8,1463,0,9,1,141,7,691,1,832,California
Alpine,2021-06-04,1,1517,0,44,1,1464,0,9,1,142,0,691,1,833,California
Alpine,2021-06-07,1,1518,0,44,1,1465,0,9,0,141,1,692,0,833,California
Alpine,2021-06-10,1,1519,1,45,0,1465,0,9,1,142,0,692,1,834,California
Alpine,2021-06-15,2,1521,1,46,1,1466,0,9,0,140,2,694,0,834,California
Alpine,2021-06-18,1,1522,1,47,0,1466,0,9,0,139,1,695,0,834,California
Alpine,2021-06-19,1,1523,1,48,0,1466,0,9,0,138,1,696,0,834,California
Alpine,2021-06-25,1,1524,0,48,1,1467,0,9,0,137,1,697,0,834,California
Alpine,2021-06-29,1,1525,0,48,1,1468,0,9,1,138,0,697,1,835,California
Alpine,2021-06-30,1,1526,0,48,1,1469,0,9,0,137,1,698,0,835,California
Alpine,2021-07-01,1,1527,1,49,0,1469,0,9,0,136,1,699,0,835,California
Amador,2020-12-16,2,2,2,2,0,0,0,0,2,2,0,0,2,2,California
Amador,2020-12-17,5,7,5,7,0,0,0,0,5,7,0,0,5,7,California
Amador,2020-12-18,45,52,45,52,0,0,0,0,45,52,0,0,45,52,California
Amador,2020-12-19,16,68,16,68,0,0,0,0,16,68,0,0,16,68,California
Amador,2020-12-20,4,72,4,72,0,0,0,0,4,72,0,0,4,72,California
Amador,2020-12-21,31,103,31,103,0,0,0,0,31,103,0,0,31,103,California
Amador,2020-12-22,35,138,34,137,1,1,0,0,35,138,0,0,35,138,California
Amador,2020-12-23,41,179,39,176,2,3,0,0,41,179,0,0,41,179,California
Amador,2020-12-24,5,184,3,179,2,5,0,0,5,184,0,0,5,184,California
Amador,2020-12-26,5,189,4,183,1,6,0,0,5,189,0,0,5,189,California
Amador,2020-12-27,1,190,0,183,1,7,0,0,1,190,0,0,1,190,California
Amador,2020-12-28,30,220,26,209,4,11,0,0,30,220,0,0,30,220,California
Amador,2020-12-29,25,245,18,227,7,18,0,0,25,245,0,0,25,245,California
Amador,2020-12-30,123,368,77,304,46,64,0,0,123,368,0,0,123,368,California
Amador,2020-12-31,195,563,170,474,25,89,0,0,195,563,0,0,195,563,California
Amador,2021-01-01,2,565,0,474,2,91,0,0,2,565,0,0,2,565,California
Amador,2021-01-02,57,622,57,531,0,91,0,0,57,622,0,0,57,622,California
Amador,2021-01-03,66,688,17,548,49,140,0,0,66,688,0,0,66,688,California
Amador,2021-01-04,125,813,2,550,123,263,0,0,125,813,0,0,125,813,California
Amador,2021-01-05,33,846,3,553,30,293,0,0,32,844,1,1,32,845,California
Amador,2021-01-06,40,886,11,564,29,322,0,0,36,876,4,5,36,881,California
Amador,2021-01-07,234,1120,72,636,162,484,0,0,222,1086,12,17,222,1103,California
Amador,2021-01-08,85,1205,70,706,15,499,0,0,42,1086,43,60,43,1146,California
Amador,2021-01-09,11,1216,11,717,0,499,0,0,2,1079,9,69,2,1148,California
Amador,2021-01-10,6,1222,4,721,2,501,0,0,2,1077,4,73,2,1150,California
Amador,2021-01-11,125,1347,44,765,81,582,0,0,88,1129,37,110,89,1239,California
Amador,2021-01-12,69,1416,53,818,16,598,0,0,41,1142,28,138,41,1280,California
Amador,2021-01-13,41,1457,24,842,17,615,0,0,29,1159,12,150,29,1309,California
Amador,2021-01-14,150,1607,22,864,128,743,0,0,140,1290,10,160,141,1450,California
Amador,2021-01-15,62,1669,26,890,36,779,0,0,53,1334,9,169,53,1503,California
Amador,2021-01-16,20,1689,13,903,7,786,0,0,14,1343,6,175,15,1518,California
Amador,2021-01-17,25,1714,5,908,20,806,0,0,25,1368,0,175,25,1543,California
Amador,2021-01-18,31,1745,27,935,4,810,0,0,10,1357,21,196,10,1553,California
Amador,2021-01-19,126,1871,101,1036,25,835,0,0,81,1393,45,241,81,1634,California
Amador,2021-01-20,182,2053,32,1068,150,985,0,0,168,1548,13,254,168,1802,California
Amador,2021-01-21,261,2314,230,1298,31,1016,0,0,149,1586,112,366,150,1952,California
Amador,2021-01-22,142,2456,74,1372,68,1084,0,0,135,1714,7,373,135,2087,California
Amador,2021-01-23,60,2516,33,1405,27,1111,0,0,57,1768,3,376,57,2144,California
Amador,2021-01-24,28,2544,12,1417,16,1127,0,0,24,1788,4,380,24,2168,California
Amador,2021-01-25,60,2604,29,1446,31,1158,0,0,42,1812,18,398,42,2210,California
Amador,2021-01-26,246,2850,17,1463,229,1387,0,0,236,2038,10,408,236,2446,California
Amador,2021-01-27,307,3157,35,1498,272,1659,0,0,259,2253,45,453,260,2706,California
Amador,2021-01-28,374,3531,99,1597,275,1934,0,0,290,2460,84,537,291,2997,California
Amador,2021-01-29,105,3636,33,1630,72,2006,0,0,90,2535,15,552,90,3087,California
Amador,2021-01-30,198,3834,37,1667,161,2167,0,0,193,2723,5,557,193,3280,California
Amador,2021-01-31,34,3868,29,1696,5,2172,0,0,33,2755,1,558,33,3313,California
Amador,2021-02-01,67,3935,23,1719,44,2216,0,0,39,2766,28,586,39,3352,California
Amador,2021-02-02,216,4151,66,1785,150,2366,0,0,129,2810,85,671,129,3481,California
Amador,2021-02-03,143,4294,40,1825,103,2469,0,0,91,2850,51,722,91,3572,California
Amador,2021-02-04,253,4547,76,1901,177,2646,0,0,166,2932,86,808,168,3740,California
Amador,2021-02-05,337,4884,63,1964,274,2920,0,0,319,3234,17,825,319,4059,California
Amador,2021-02-06,125,5009,81,2045,44,2964,0,0,120,3349,5,830,120,4179,California
Amador,2021-02-07,38,5047,34,2079,4,2968,0,0,34,3380,4,834,35,4214,California
Amador,2021-02-08,92,5139,63,2142,29,2997,0,0,73,3434,19,853,73,4287,California
Amador,2021-02-09,178,5317,82,2224,96,3093,0,0,111,3478,67,920,111,4398,California
Amador,2021-02-10,984,6301,81,2305,903,3996,0,0,949,4392,35,955,949,5347,California
Amador,2021-02-11,312,6613,120,2425,192,4188,0,0,200,4482,110,1065,200,5547,California
Amador,2021-02-12,336,6949,121,2546,215,4403,0,0,261,4668,75,1140,261,5808,California
Amador,2021-02-13,183,7132,84,2630,99,4502,0,0,156,4797,27,1167,156,5964,California
Amador,2021-02-14,122,7254,54,2684,68,4570,0,0,105,4885,17,1184,105,6069,California
Amador,2021-02-15,189,7443,62,2746,127,4697,0,0,172,5041,16,1200,172,6241,California
Amador,2021-02-16,466,7909,53,2799,413,5110,0,0,425,5426,41,1241,426,6667,California
Amador,2021-02-17,264,8173,84,2883,180,5290,0,0,166,5494,98,1339,166,6833,California
Amador,2021-02-18,400,8573,101,2984,299,5589,0,0,334,5762,66,1405,334,7167,California
Amador,2021-02-19,204,8777,78,3062,126,5715,0,0,116,5790,88,1493,116,7283,California
Amador,2021-02-20,103,8880,34,3096,69,5784,0,0,67,5821,36,1529,67,7350,California
Amador,2021-02-21,54,8934,36,3132,18,5802,0,0,19,5807,33,1562,19,7369,California
Amador,2021-02-22,66,9000,26,3158,40,5842,0,0,32,5806,33,1595,32,7401,California
Amador,2021-02-23,323,9323,55,3213,268,6110,0,0,139,5762,184,1779,140,7541,California
Amador,2021-02-24,401,9724,62,3275,339,6449,0,0,264,5893,133,1912,264,7805,California
Amador,2021-02-25,532,10256,123,3398,409,6858,0,0,280,5923,250,2162,280,8085,California
Amador,2021-02-26,644,10900,81,3479,563,7421,0,0,518,6316,125,2287,518,8603,California
Amador,2021-02-27,301,11201,95,3574,206,7627,0,0,99,6216,201,2488,101,8704,California
Amador,2021-02-28,127,11328,57,3631,70,7697,0,0,63,6217,64,2552,65,8769,California
Amador,2021-03-01,198,11526,69,3700,129,7826,0,0,126,6272,72,2624,127,8896,California
Amador,2021-03-02,385,11911,64,3764,321,8147,0,0,335,6558,50,2674,336,9232,California
Amador,2021-03-03,245,12156,80,3844,165,8312,0,0,168,6651,76,2750,169,9401,California
Amador,2021-03-04,501,12657,117,3961,384,8696,0,0,396,6943,104,2854,396,9797,California
Amador,2021-03-05,519,13176,76,4037,443,9139,0,0,295,7019,222,3076,298,10095,California
Amador,2021-03-06,103,13279,50,4087,52,9191,1,1,57,7031,46,3122,58,10153,California
Amador,2021-03-07,90,13369,44,4131,46,9237,0,1,22,6985,68,3190,22,10175,California
Amador,2021-03-08,155,13524,73,4204,81,9318,1,2,92,7015,63,3253,93,10268,California
Amador,2021-03-09,378,13902,53,4257,325,9643,0,2,293,7227,81,3334,293,10561,California
Amador,2021-03-10,521,14423,77,4334,442,10085,2,4,112,6934,409,3743,116,10677,California
Amador,2021-03-11,484,14907,125,4459,349,10434,10,14,303,7070,180,3923,316,10993,California
Amador,2021-03-12,587,15494,71,4530,510,10944,6,20,343,7182,243,4166,355,11348,California
Amador,2021-03-13,119,15613,18,4548,94,11038,7,27,76,7227,43,4209,88,11436,California
Amador,2021-03-14,100,15713,19,4567,78,11116,3,30,21,7172,79,4288,24,11460,California
Amador,2021-03-15,183,15896,27,4594,149,11265,7,37,55,7107,128,4416,63,11523,California
Amador,2021-03-16,451,16347,53,4647,389,11654,9,46,139,6946,310,4726,149,11672,California
Amador,2021-03-17,386,16733,45,4692,338,11992,3,49,262,7089,122,4848,265,11937,California
Amador,2021-03-18,516,17249,101,4793,411,12403,4,53,258,7099,256,5104,266,12203,California
Amador,2021-03-19,546,17795,58,4851,473,12876,15,68,386,7346,158,5262,405,12608,California
Amador,2021-03-20,113,17908,46,4897,66,12942,1,69,48,7333,64,5326,51,12659,California
Amador,2021-03-21,53,17961,37,4934,15,12957,1,70,28,7340,24,5350,31,12690,California
Amador,2021-03-22,115,18076,34,4968,53,13010,28,98,50,7353,65,5415,78,12768,California
Amador,2021-03-23,436,18512,47,5015,382,13392,7,105,275,7476,160,5575,283,13051,California
Amador,2021-03-24,342,18854,35,5050,55,13447,252,357,35,7457,306,5881,287,13338,California
Amador,2021-03-25,615,19469,87,5137,521,13968,7,364,398,7646,216,6097,405,13743,California
Amador,2021-03-26,752,20221,45,5182,701,14669,6,370,281,7468,468,6565,290,14033,California
Amador,2021-03-27,94,20315,15,5197,77,14746,2,372,31,7440,63,6628,35,14068,California
Amador,2021-03-28,72,20387,17,5214,53,14799,2,374,13,7398,58,6686,16,14084,California
Amador,2021-03-29,184,20571,28,5242,155,14954,1,375,78,7379,103,6789,84,14168,California
Amador,2021-03-30,539,21110,29,5271,509,15463,1,376,292,7426,246,7035,293,14461,California
Amador,2021-03-31,201,21311,58,5329,138,15601,5,381,44,7320,155,7190,49,14510,California
Amador,2021-04-01,625,21936,94,5423,531,16132,0,381,269,7238,353,7543,271,14781,California
Amador,2021-04-02,617,22553,39,5462,565,16697,13,394,384,7405,232,7775,399,15180,California
Amador,2021-04-03,86,22639,24,5486,42,16739,20,414,21,7384,65,7840,44,15224,California
Amador,2021-04-04,39,22678,3,5489,30,16769,6,420,15,7381,24,7864,21,15245,California
Amador,2021-04-05,146,22824,53,5542,76,16845,17,437,49,7353,96,7960,68,15313,California
Amador,2021-04-06,506,23330,39,5581,449,17294,18,455,225,7317,279,8239,243,15556,California
Amador,2021-04-07,99,23429,33,5614,47,17341,19,474,43,7326,53,8292,62,15618,California
Amador,2021-04-08,499,23928,84,5698,393,17734,22,496,221,7293,276,8568,243,15861,California
Amador,2021-04-09,488,24416,22,5720,446,18180,20,516,212,7247,275,8843,229,16090,California
Amador,2021-04-10,52,24468,14,5734,29,18209,9,525,23,7250,29,8872,32,16122,California
Amador,2021-04-11,51,24519,25,5759,22,18231,4,529,23,7250,27,8899,27,16149,California
Amador,2021-04-12,99,24618,26,5785,63,18294,10,539,43,7247,56,8955,53,16202,California
Amador,2021-04-13,347,24965,49,5834,298,18592,0,539,67,7038,277,9232,68,16270,California
Amador,2021-04-14,280,25245,26,5860,254,18846,0,539,56,6874,221,9453,57,16327,California
Amador,2021-04-15,342,25587,78,5938,264,19110,0,539,73,6689,258,9711,73,16400,California
Amador,2021-04-16,489,26076,29,5967,460,19570,0,539,381,6963,107,9818,381,16781,California
Amador,2021-04-17,66,26142,34,6001,32,19602,0,539,30,6957,36,9854,30,16811,California
Amador,2021-04-18,33,26175,11,6012,22,19624,0,539,12,6949,20,9874,12,16823,California
Amador,2021-04-19,69,26244,27,6039,42,19666,0,539,30,6943,38,9912,32,16855,California
Amador,2021-04-20,441,26685,59,6098,382,20048,0,539,110,6731,324,10236,112,16967,California
Amador,2021-04-21,89,26774,35,6133,53,20101,1,540,44,6733,43,10279,45,17012,California
Amador,2021-04-22,521,27295,80,6213,440,20541,1,541,100,6431,403,10682,101,17113,California
Amador,2021-04-23,368,27663,47,6260,321,20862,0,541,289,6648,74,10756,291,17404,California
Amador,2021-04-24,52,27715,25,6285,27,20889,0,541,31,6659,20,10776,31,17435,California
Amador,2021-04-25,45,27760,19,6304,26,20915,0,541,29,6672,16,10792,29,17464,California
Amador,2021-04-26,95,27855,27,6331,67,20982,1,542,44,6669,50,10842,47,17511,California
Amador,2021-04-27,502,28357,45,6376,456,21438,1,543,91,6355,407,11249,93,17604,California
Amador,2021-04-28,70,28427,30,6406,37,21475,3,546,41,6370,29,11278,44,17648,California
Amador,2021-04-29,228,28655,70,6476,49,21524,109,655,67,6384,161,11439,175,17823,California
Amador,2021-04-30,347,29002,28,6504,315,21839,4,659,89,6220,258,11697,94,17917,California
Amador,2021-05-01,47,29049,15,6519,27,21866,5,664,26,6232,19,11716,31,17948,California
Amador,2021-05-02,28,29077,14,6533,11,21877,3,667,11,6230,17,11733,15,17963,California
Amador,2021-05-03,69,29146,35,6568,24,21901,10,677,28,6227,41,11774,38,18001,California
Amador,2021-05-04,468,29614,29,6597,432,22333,7,684,68,5902,400,12174,75,18076,California
Amador,2021-05-05,207,29821,153,6750,46,22379,8,692,162,6029,42,12216,169,18245,California
Amador,2021-05-06,110,29931,56,6806,49,22428,5,697,63,6052,45,12261,68,18313,California
Amador,2021-05-07,129,30060,29,6835,93,22521,7,704,67,6064,62,12323,74,18387,California
Amador,2021-05-08,43,30103,8,6843,32,22553,3,707,21,6066,22,12345,24,18411,California
Amador,2021-05-09,17,30120,1,6844,10,22563,6,713,4,6063,13,12358,10,18421,California
Amador,2021-05-10,60,30180,14,6858,43,22606,3,716,24,6054,36,12394,27,18448,California
Amador,2021-05-11,103,30283,34,6892,43,22649,26,742,45,6067,58,12452,71,18519,California
Amador,2021-05-12,72,30355,25,6917,44,22693,3,745,35,6068,37,12489,38,18557,California
Amador,2021-05-13,80,30435,40,6957,34,22727,6,751,38,6071,41,12530,44,18601,California
Amador,2021-05-14,404,30839,38,6995,361,23088,5,756,92,5859,311,12841,99,18700,California
Amador,2021-05-15,51,30890,20,7015,21,23109,10,766,23,5865,28,12869,34,18734,California
Amador,2021-05-16,41,30931,15,7030,26,23135,0,766,17,5858,24,12893,17,18751,California
Amador,2021-05-17,75,31006,22,7052,51,23186,2,768,35,5857,39,12932,38,18789,California
Amador,2021-05-18,251,31257,171,7223,45,23231,35,803,166,5974,84,13016,201,18990,California
Amador,2021-05-19,76,31333,25,7248,47,23278,4,807,35,5975,40,13056,41,19031,California
Amador,2021-05-20,89,31422,47,7295,37,23315,5,812,30,5952,58,13114,35,19066,California
Amador,2021-05-21,275,31697,29,7324,244,23559,2,814,37,5753,238,13352,39,19105,California
Amador,2021-05-22,47,31744,16,7340,26,23585,5,819,13,5738,34,13386,19,19124,California
Amador,2021-05-23,29,31773,5,7345,21,23606,3,822,5,5722,24,13410,8,19132,California
Amador,2021-05-24,91,31864,32,7377,47,23653,12,834,42,5727,49,13459,54,19186,California
Amador,2021-05-25,141,32005,89,7466,27,23680,25,859,82,5777,57,13516,107,19293,California
Amador,2021-05-26,204,32209,160,7626,37,23717,7,866,39,5658,164,13680,45,19338,California
Amador,2021-05-27,82,32291,37,7663,36,23753,9,875,30,5645,52,13732,39,19377,California
Amador,2021-05-28,69,32360,26,7689,39,23792,4,879,29,5639,39,13771,33,19410,California
Amador,2021-05-29,26,32386,2,7691,21,23813,3,882,8,5632,18,13789,11,19421,California
Amador,2021-05-30,19,32405,5,7696,8,23821,6,888,5,5629,14,13803,11,19432,California
Amador,2021-05-31,10,32415,0,7696,9,23830,1,889,2,5624,8,13811,3,19435,California
Amador,2021-06-01,95,32510,66,7762,24,23854,5,894,43,5621,51,13862,48,19483,California
Amador,2021-06-02,46,32556,16,7778,22,23876,8,902,16,5616,30,13892,25,19508,California
Amador,2021-06-03,59,32615,26,7804,28,23904,5,907,19,5601,39,13931,24,19532,California
Amador,2021-06-04,101,32716,22,7826,58,23962,21,928,20,5561,81,14012,41,19573,California
Amador,2021-06-05,41,32757,16,7842,20,23982,5,933,4,5533,37,14049,9,19582,California
Amador,2021-06-06,19,32776,9,7851,9,23991,1,934,9,5533,10,14059,10,19592,California
Amador,2021-06-07,44,32820,18,7869,22,24013,4,938,17,5527,27,14086,21,19613,California
Amador,2021-06-08,174,32994,138,8007,25,24038,11,949,54,5474,119,14205,66,19679,California
Amador,2021-06-09,49,33043,20,8027,20,24058,9,958,13,5460,36,14241,22,19701,California
Amador,2021-06-10,55,33098,23,8050,20,24078,12,970,19,5455,36,14277,31,19732,California
Amador,2021-06-11,58,33156,17,8067,36,24114,5,975,12,5426,46,14323,17,19749,California
Amador,2021-06-12,24,33180,11,8078,11,24125,2,977,9,5423,14,14337,11,19760,California
Amador,2021-06-13,9,33189,2,8080,6,24131,1,978,2,5419,7,14344,3,19763,California
Amador,2021-06-14,47,33236,24,8104,21,24152,2,980,15,5404,32,14376,17,19780,California
Amador,2021-06-15,44,33280,13,8117,19,24171,12,992,18,5408,26,14402,30,19810,California
Amador,2021-06-16,73,33353,33,8150,31,24202,9,1001,34,5412,39,14441,43,19853,California
Amador,2021-06-17,47,33400,23,8173,20,24222,4,1005,27,5424,19,14460,31,19884,California
Amador,2021-06-18,157,33557,121,8294,29,24251,7,1012,63,5400,94,14554,70,19954,California
Amador,2021-06-19,30,33587,8,8302,14,24265,8,1020,11,5401,19,14573,20,19974,California
Amador,2021-06-20,8,33595,6,8308,1,24266,1,1021,3,5400,5,14578,4,19978,California
Amador,2021-06-21,46,33641,14,8322,23,24289,9,1030,15,5393,31,14609,24,20002,California
Amador,2021-06-22,48,33689,27,8349,19,24308,2,1032,28,5403,20,14629,30,20032,California
Amador,2021-06-23,39,33728,19,8368,12,24320,8,1040,20,5412,19,14648,28,20060,California
Amador,2021-06-24,43,33771,19,8387,18,24338,6,1046,21,5418,21,14669,27,20087,California
Amador,2021-06-25,50,33821,28,8415,11,24349,11,1057,27,5434,23,14692,39,20126,California
Amador,2021-06-26,11,33832,4,8419,5,24354,2,1059,7,5439,4,14696,9,20135,California
Amador,2021-06-27,22,33854,14,8433,4,24358,4,1063,11,5443,11,14707,15,20150,California
Amador,2021-06-28,46,33900,21,8454,14,24372,11,1074,21,5450,25,14732,32,20182,California
Amador,2021-06-29,45,33945,18,8472,18,24390,9,1083,21,5456,24,14756,30,20212,California
Amador,2021-06-30,45,33990,15,8487,14,24404,16,1099,20,5466,25,14781,35,20247,California
Amador,2021-07-01,29,34019,13,8500,13,24417,3,1102,14,5468,15,14796,17,20264,California
Amador,2021-07-02,22,34041,10,8510,9,24426,3,1105,14,5477,8,14804,17,20281,California
Amador,2021-07-03,17,34058,2,8512,11,24437,4,1109,10,5484,7,14811,14,20295,California
Amador,2021-07-04,5,34063,0,8512,5,24442,0,1109,5,5489,0,14811,5,20300,California
Amador,2021-07-05,11,34074,3,8515,8,24450,0,1109,6,5490,5,14816,6,20306,California
Butte,2020-12-16,3,3,3,3,0,0,0,0,3,3,0,0,3,3,California
Butte,2020-12-17,21,24,21,24,0,0,0,0,21,24,0,0,21,24,California
Butte,2020-12-18,52,76,52,76,0,0,0,0,52,76,0,0,52,76,California
Butte,2020-12-19,7,83,7,83,0,0,0,0,7,83,0,0,7,83,California
Butte,2020-12-20,10,93,10,93,0,0,0,0,10,93,0,0,10,93,California
Butte,2020-12-21,631,724,631,724,0,0,0,0,631,724,0,0,631,724,California
Butte,2020-12-22,619,1343,617,1341,2,2,0,0,619,1343,0,0,619,1343,California
Butte,2020-12-23,877,2220,861,2202,16,18,0,0,877,2220,0,0,877,2220,California
Butte,2020-12-24,159,2379,155,2357,4,22,0,0,159,2379,0,0,159,2379,California
Butte,2020-12-26,91,2470,89,2446,2,24,0,0,91,2470,0,0,91,2470,California
Butte,2020-12-27,35,2505,34,2480,1,25,0,0,35,2505,0,0,35,2505,California
Butte,2020-12-28,279,2784,273,2753,6,31,0,0,279,2784,0,0,279,2784,California
Butte,2020-12-29,205,2989,181,2934,24,55,0,0,205,2989,0,0,205,2989,California
Butte,2020-12-30,513,3502,291,3225,222,277,0,0,513,3502,0,0,513,3502,California
Butte,2020-12-31,213,3715,18,3243,195,472,0,0,213,3715,0,0,213,3715,California
Butte,2021-01-01,15,3730,6,3249,9,481,0,0,15,3730,0,0,15,3730,California
Butte,2021-01-02,40,3770,37,3286,3,484,0,0,40,3770,0,0,40,3770,California
Butte,2021-01-03,3,3773,0,3286,3,487,0,0,3,3773,0,0,3,3773,California
Butte,2021-01-04,208,3981,175,3461,33,520,0,0,208,3981,0,0,208,3981,California
Butte,2021-01-05,198,4179,152,3613,46,566,0,0,197,4177,1,1,197,4178,California
Butte,2021-01-06,625,4804,395,4008,230,796,0,0,620,4793,5,6,621,4799,California
Butte,2021-01-07,764,5568,370,4378,394,1190,0,0,744,5517,20,26,744,5543,California
Butte,2021-01-08,673,6241,531,4909,142,1332,0,0,625,6094,48,74,625,6168,California
Butte,2021-01-09,14,6255,8,4917,6,1338,0,0,8,6096,6,80,8,6176,California
Butte,2021-01-10,19,6274,5,4922,14,1352,0,0,14,6105,5,85,14,6190,California
Butte,2021-01-11,983,7257,947,5869,36,1388,0,0,356,5837,627,712,359,6549,California
Butte,2021-01-12,700,7957,655,6524,45,1433,0,0,276,5689,424,1136,276,6825,California
Butte,2021-01-13,1570,9527,1076,7600,494,1927,0,0,727,5576,842,1978,729,7554,California
Butte,2021-01-14,1638,11165,894,8494,744,2671,0,0,1441,6821,196,2174,1441,8995,California
Butte,2021-01-15,1064,12229,819,9313,245,2916,0,0,955,7666,110,2284,955,9950,California
Butte,2021-01-16,589,12818,301,9614,288,3204,0,0,544,8165,45,2329,544,10494,California
Butte,2021-01-17,240,13058,64,9678,176,3380,0,0,202,8329,38,2367,202,10696,California
Butte,2021-01-18,347,13405,305,9983,42,3422,0,0,279,8541,67,2434,279,10975,California
Butte,2021-01-19,495,13900,433,10416,62,3484,0,0,223,8492,272,2706,223,11198,California
Butte,2021-01-20,1396,15296,710,11126,686,4170,0,0,1093,9282,303,3009,1093,12291,California
Butte,2021-01-21,1495,16791,883,12009,612,4782,0,0,1387,10562,107,3116,1387,13678,California
Butte,2021-01-22,1143,17934,482,12491,661,5443,0,0,1089,11597,54,3170,1089,14767,California
Butte,2021-01-23,128,18062,85,12576,43,5486,0,0,103,11675,25,3195,103,14870,California
Butte,2021-01-24,8,18070,6,12582,2,5488,0,0,8,11683,0,3195,8,14878,California
Butte,2021-01-25,661,18731,338,12920,323,5811,0,0,498,12018,163,3358,498,15376,California
Butte,2021-01-26,1488,20219,379,13299,1109,6920,0,0,1350,13230,138,3496,1350,16726,California
Butte,2021-01-27,2110,22329,705,14004,1405,8325,0,0,1375,13871,734,4230,1375,18101,California
Butte,2021-01-28,2271,24600,262,14266,2009,10334,0,0,1958,15517,312,4542,1958,20059,California
Butte,2021-01-29,1694,26294,489,14755,1205,11539,0,0,1313,16451,379,4921,1313,21372,California
Butte,2021-01-30,32,26326,9,14764,23,11562,0,0,30,16479,2,4923,30,21402,California
Butte,2021-01-31,17,26343,15,14779,2,11564,0,0,16,16494,1,4924,16,21418,California
Butte,2021-02-01,1764,28107,406,15185,1358,12922,0,0,1369,17472,391,5315,1369,22787,California
Butte,2021-02-02,1949,30056,363,15548,1586,14508,0,0,1645,18812,305,5620,1645,24432,California
Butte,2021-02-03,2758,32814,781,16329,1977,16485,0,0,1858,19772,898,6518,1858,26290,California
Butte,2021-02-04,2976,35790,324,16653,2652,19137,0,0,2414,21627,559,7077,2414,28704,California
Butte,2021-02-05,1283,37073,673,17326,610,19747,0,0,554,21453,729,7806,555,29259,California
Butte,2021-02-06,150,37223,105,17431,45,19792,0,0,64,21431,86,7892,64,29323,California
Butte,2021-02-07,37,37260,33,17464,4,19796,0,0,14,21422,23,7915,14,29337,California
Butte,2021-02-08,700,37960,547,18011,153,19949,0,0,239,21201,460,8375,239,29576,California
Butte,2021-02-09,964,38924,459,18470,505,20454,0,0,734,21705,230,8605,734,30310,California
Butte,2021-02-10,1710,40634,1191,19661,519,20973,0,0,654,21305,1054,9659,654,30964,California
Butte,2021-02-11,2219,42853,1359,21020,860,21833,0,0,1004,21094,1216,10875,1005,31969,California
Butte,2021-02-12,1001,43854,434,21454,567,22400,0,0,323,20740,677,11552,323,32292,California
Butte,2021-02-13,252,44106,43,21497,209,22609,0,0,151,20790,101,11653,151,32443,California
Butte,2021-02-14,164,44270,10,21507,154,22763,0,0,158,20942,6,11659,158,32601,California
Butte,2021-02-15,262,44532,49,21556,213,22976,0,0,195,21070,67,11726,195,32796,California
Butte,2021-02-16,763,45295,438,21994,325,23301,0,0,304,20914,460,12186,304,33100,California
Butte,2021-02-17,1534,46829,853,22847,681,23982,0,0,851,21084,681,12867,851,33951,California
Butte,2021-02-18,1593,48422,783,23630,810,24792,0,0,773,21036,821,13688,773,34724,California
Butte,2021-02-19,1178,49600,395,24025,783,25575,0,0,403,20671,768,14456,403,35127,California
Butte,2021-02-20,491,50091,36,24061,455,26030,0,0,128,20437,362,14818,128,35255,California
Butte,2021-02-21,20,50111,17,24078,3,26033,0,0,14,20445,6,14824,14,35269,California
Butte,2021-02-22,1558,51669,311,24389,1247,27280,0,0,393,19677,1161,15985,393,35662,California
Butte,2021-02-23,1674,53343,304,24693,1370,28650,0,0,474,18958,1193,17178,474,36136,California
Butte,2021-02-24,2212,55555,631,25324,1581,30231,0,0,765,18284,1439,18617,765,36901,California
Butte,2021-02-25,2160,57715,637,25961,1523,31754,0,0,709,17552,1442,20059,710,37611,California
Butte,2021-02-26,924,58639,310,26271,614,32368,0,0,399,17430,521,20580,399,38010,California
Butte,2021-02-27,241,58880,50,26321,191,32559,0,0,189,17569,50,20630,189,38199,California
Butte,2021-02-28,144,59024,17,26338,127,32686,0,0,136,17697,8,20638,136,38335,California
Butte,2021-03-01,1641,60665,180,26518,1460,34146,1,1,337,16736,1299,21937,338,38673,California
Butte,2021-03-02,1775,62440,202,26720,1573,35719,0,1,313,15592,1457,23394,313,38986,California
Butte,2021-03-03,2808,65248,857,27577,1951,37670,0,1,492,13774,2310,25704,492,39478,California
Butte,2021-03-04,3167,68415,691,28268,2476,40146,0,1,623,11856,2541,28245,623,40101,California
Butte,2021-03-05,1363,69778,620,28888,742,40888,1,2,739,11976,620,28865,740,40841,California
Butte,2021-03-06,250,70028,27,28915,200,41088,23,25,187,12124,62,28927,210,41051,California
Butte,2021-03-07,57,70085,3,28918,37,41125,17,42,32,12148,25,28952,49,41100,California
Butte,2021-03-08,1276,71361,133,29051,1065,42190,78,120,1105,13163,168,29120,1183,42283,California
Butte,2021-03-09,1922,73283,284,29335,1536,43726,102,222,1412,14172,505,29625,1514,43797,California
Butte,2021-03-10,2334,75617,979,30314,1255,44981,100,322,1589,15122,739,30364,1689,45486,California
Butte,2021-03-11,2824,78441,1329,31643,1367,46348,128,450,1974,16386,839,31203,2103,47589,California
Butte,2021-03-12,1166,79607,334,31977,465,46813,367,817,352,16298,807,32010,719,48308,California
Butte,2021-03-13,274,79881,70,32047,143,46956,61,878,65,16214,209,32219,125,48433,California
Butte,2021-03-14,166,80047,17,32064,107,47063,42,920,22,16135,143,32362,64,48497,California
Butte,2021-03-15,1736,81783,356,32420,1086,48149,294,1214,1140,16982,587,32949,1434,49931,California
Butte,2021-03-16,1688,83471,431,32851,1179,49328,78,1292,1099,17574,584,33533,1176,51107,California
Butte,2021-03-17,1957,85428,1354,34205,522,49850,81,1373,1104,17913,845,34378,1184,52291,California
Butte,2021-03-18,1819,87247,1470,35675,221,50071,128,1501,1014,18255,799,35177,1141,53432,California
Butte,2021-03-19,697,87944,312,35987,301,50372,84,1585,341,18333,347,35524,425,53857,California
Butte,2021-03-20,209,88153,31,36018,161,50533,17,1602,97,18335,112,35636,114,53971,California
Butte,2021-03-21,73,88226,40,36058,4,50537,29,1631,24,18341,47,35683,53,54024,California
Butte,2021-03-22,1505,89731,371,36429,1039,51576,95,1726,1238,19407,266,35949,1332,55356,California
Butte,2021-03-23,1862,91593,524,36953,1224,52800,114,1840,1506,20675,352,36301,1620,56976,California
Butte,2021-03-24,2268,93861,1271,38224,871,53671,126,1966,1702,21941,561,36862,1827,58803,California
Butte,2021-03-25,1488,95349,1201,39425,195,53866,92,2058,1019,22588,464,37326,1111,59914,California
Butte,2021-03-26,1212,96561,441,39866,524,54390,247,2305,561,22752,644,37970,808,60722,California
Butte,2021-03-27,306,96867,87,39953,195,54585,24,2329,137,22745,166,38136,159,60881,California
Butte,2021-03-28,230,97097,45,39998,177,54762,8,2337,103,22731,124,38260,110,60991,California
Butte,2021-03-29,1765,98862,383,40381,1312,56074,70,2407,1342,23725,418,38678,1412,62403,California
Butte,2021-03-30,1040,99902,472,40853,477,56551,91,2498,487,23756,547,39225,578,62981,California
Butte,2021-03-31,1789,101691,1305,42158,417,56968,67,2565,1080,24203,700,39925,1147,64128,California
Butte,2021-04-01,3341,105032,2713,44871,499,57467,129,2694,2258,25515,1075,41000,2387,66515,California
Butte,2021-04-02,1011,106043,424,45295,466,57933,121,2815,570,25771,433,41433,689,67204,California
Butte,2021-04-03,347,106390,47,45342,225,58158,75,2890,164,25827,183,41616,239,67443,California
Butte,2021-04-04,190,106580,25,45367,141,58299,24,2914,110,25883,78,41694,134,67577,California
Butte,2021-04-05,1971,108551,419,45786,1381,59680,171,3085,594,25278,1368,43062,763,68340,California
Butte,2021-04-06,2215,110766,620,46406,1174,60854,421,3506,804,25099,1402,44464,1223,69563,California
Butte,2021-04-07,3046,113812,1325,47731,1326,62180,395,3901,718,23889,2322,46786,1112,70675,California
Butte,2021-04-08,2755,116567,1202,48933,1284,63464,269,4170,458,22322,2294,49080,727,71402,California
Butte,2021-04-09,1379,117946,354,49287,542,64006,483,4653,330,22085,1045,50125,808,72210,California
Butte,2021-04-10,228,118174,48,49335,79,64085,101,4754,101,22160,126,50251,201,72411,California
Butte,2021-04-11,107,118281,44,49379,53,64138,10,4764,83,22230,23,50274,93,72504,California
Butte,2021-04-12,1414,119695,315,49694,965,65103,134,4898,234,21418,1180,51454,368,72872,California
Butte,2021-04-13,1656,121351,574,50268,1076,66179,6,4904,345,20466,1303,52757,351,73223,California
Butte,2021-04-14,2855,124206,2361,52629,494,66673,0,4904,1326,20269,1524,54281,1327,74550,California
Butte,2021-04-15,649,124855,399,53028,250,66923,0,4904,485,20596,158,54439,485,75035,California
Butte,2021-04-16,815,125670,419,53447,396,67319,0,4904,482,20747,331,54770,482,75517,California
Butte,2021-04-17,345,126015,62,53509,283,67602,0,4904,242,20887,102,54872,242,75759,California
Butte,2021-04-18,57,126072,23,53532,34,67636,0,4904,44,20918,13,54885,44,75803,California
Butte,2021-04-19,1567,127639,385,53917,1182,68818,0,4904,419,20192,1145,56030,419,76222,California
Butte,2021-04-20,2031,129670,765,54682,1266,70084,0,4904,758,19685,1265,57295,758,76980,California
Butte,2021-04-21,2110,131780,1227,55909,883,70967,0,4904,487,18556,1616,58911,487,77467,California
Butte,2021-04-22,2270,134050,1984,57893,286,71253,0,4904,625,17541,1640,60551,625,78092,California
Butte,2021-04-23,970,135020,472,58365,498,71751,0,4904,490,17552,479,61030,490,78582,California
Butte,2021-04-24,348,135368,140,58505,208,71959,0,4904,189,17582,159,61189,189,78771,California
Butte,2021-04-25,174,135542,69,58574,105,72064,0,4904,65,17538,109,61298,65,78836,California
Butte,2021-04-26,1577,137119,470,59044,1102,73166,5,4909,409,16790,1162,62460,414,79250,California
Butte,2021-04-27,1036,138155,696,59740,313,73479,27,4936,588,16963,443,62903,616,79866,California
Butte,2021-04-28,1432,139587,977,60717,430,73909,25,4961,509,16579,918,63821,534,80400,California
Butte,2021-04-29,915,140502,570,61287,320,74229,25,4986,312,16319,597,64418,337,80737,California
Butte,2021-04-30,927,141429,419,61706,487,74716,21,5007,465,16350,454,64872,485,81222,California
Butte,2021-05-01,245,141674,64,61770,159,74875,22,5029,73,16273,169,65041,92,81314,California
Butte,2021-05-02,151,141825,63,61833,75,74950,13,5042,44,16222,107,65148,56,81370,California
Butte,2021-05-03,635,142460,257,62090,347,75297,31,5073,177,15982,448,65596,208,81578,California
Butte,2021-05-04,850,143310,343,62433,475,75772,32,5105,223,15616,620,66216,254,81832,California
Butte,2021-05-05,1375,144685,1121,63554,216,75988,38,5143,292,14869,1077,67293,330,82162,California
Butte,2021-05-06,965,145650,701,64255,225,76213,39,5182,366,14679,595,67888,405,82567,California
Butte,2021-05-07,581,146231,310,64565,235,76448,36,5218,296,14728,282,68170,331,82898,California
Butte,2021-05-08,187,146418,53,64618,123,76571,11,5229,91,14735,95,68265,102,83000,California
Butte,2021-05-09,103,146521,27,64645,73,76644,3,5232,54,14743,49,68314,57,83057,California
Butte,2021-05-10,535,147056,316,64961,174,76818,45,5277,214,14684,318,68632,259,83316,California
Butte,2021-05-11,915,147971,661,65622,194,77012,60,5337,296,14424,616,69248,356,83672,California
Butte,2021-05-12,784,148755,483,66105,253,77265,48,5385,334,14361,445,69693,382,84054,California
Butte,2021-05-13,948,149703,628,66733,255,77520,65,5450,349,14185,588,70281,412,84466,California
Butte,2021-05-14,870,150573,543,67276,294,77814,33,5483,380,14110,487,70768,412,84878,California
Butte,2021-05-15,509,151082,247,67523,228,78042,34,5517,239,14115,268,71036,273,85151,California
Butte,2021-05-16,169,151251,82,67605,69,78111,18,5535,98,14161,70,71106,116,85267,California
Butte,2021-05-17,771,152022,498,68103,224,78335,49,5584,332,14106,435,71541,380,85647,California
Butte,2021-05-18,1068,153090,735,68838,284,78619,49,5633,475,14043,587,72128,524,86171,California
Butte,2021-05-19,833,153923,540,69378,249,78868,44,5677,328,13915,499,72627,371,86542,California
Butte,2021-05-20,985,154908,660,70038,215,79083,110,5787,384,13810,598,73225,493,87035,California
Butte,2021-05-21,890,155798,543,70581,321,79404,26,5813,293,13535,593,73818,318,87353,California
Butte,2021-05-22,299,156097,139,70720,145,79549,15,5828,144,13541,152,73970,158,87511,California
Butte,2021-05-23,131,156228,82,70802,48,79597,1,5829,79,13569,52,74022,80,87591,California
Butte,2021-05-24,353,156581,165,70967,138,79735,50,5879,177,13621,174,74196,226,87817,California
Butte,2021-05-25,699,157280,448,71415,215,79950,36,5915,342,13649,350,74546,378,88195,California
Butte,2021-05-26,561,157841,180,71595,358,80308,23,5938,242,13602,311,74857,264,88459,California
Butte,2021-05-27,865,158706,623,72218,224,80532,18,5956,422,13605,438,75295,441,88900,California
Butte,2021-05-28,520,159226,141,72359,300,80832,79,6035,212,13591,305,75600,291,89191,California
Butte,2021-05-29,225,159451,116,72475,97,80929,12,6047,144,13666,81,75681,156,89347,California
Butte,2021-05-30,105,159556,56,72531,49,80978,0,6047,57,13675,48,75729,57,89404,California
Butte,2021-05-31,43,159599,23,72554,18,80996,2,6049,25,13684,18,75747,27,89431,California
Butte,2021-06-01,677,160276,428,72982,213,81209,36,6085,253,13553,420,76167,289,89720,California
Butte,2021-06-02,818,161094,565,73547,208,81417,45,6130,349,13482,464,76631,393,90113,California
Butte,2021-06-03,626,161720,422,73969,187,81604,17,6147,205,13286,418,77049,222,90335,California
Butte,2021-06-04,484,162204,276,74245,180,81784,28,6175,144,13125,333,77382,172,90507,California
Butte,2021-06-05,321,162525,208,74453,93,81877,20,6195,96,13018,223,77605,116,90623,California
Butte,2021-06-06,134,162659,99,74552,33,81910,2,6197,32,12951,101,77706,34,90657,California
Butte,2021-06-07,405,163064,258,74810,116,82026,31,6228,168,12913,236,77942,198,90855,California
Butte,2021-06-08,652,163716,470,75280,163,82189,19,6247,179,12650,462,78404,199,91054,California
Butte,2021-06-09,438,164154,300,75580,119,82308,19,6266,147,12532,284,78688,166,91220,California
Butte,2021-06-10,633,164787,451,76031,150,82458,32,6298,234,12399,397,79085,264,91484,California
Butte,2021-06-11,443,165230,264,76295,158,82616,21,6319,147,12273,294,79379,168,91652,California
Butte,2021-06-12,252,165482,154,76449,88,82704,10,6329,75,12182,176,79555,85,91737,California
Butte,2021-06-13,97,165579,64,76513,30,82734,3,6332,20,12128,77,79632,23,91760,California
Butte,2021-06-14,387,165966,232,76745,135,82869,20,6352,136,12035,250,79882,157,91917,California
Butte,2021-06-15,548,166514,385,77130,137,83006,26,6378,161,11841,381,80263,187,92104,California
Butte,2021-06-16,417,166931,256,77386,116,83122,45,6423,168,11807,246,80509,212,92316,California
Butte,2021-06-17,581,167512,433,77819,121,83243,27,6450,179,11612,401,80910,206,92522,California
Butte,2021-06-18,410,167922,205,78024,152,83395,53,6503,160,11574,248,81158,210,92732,California
Butte,2021-06-19,207,168129,153,78177,49,83444,5,6508,92,11556,115,81273,97,92829,California
Butte,2021-06-20,93,168222,68,78245,25,83469,0,6508,24,11511,69,81342,24,92853,California
Butte,2021-06-21,278,168500,164,78409,92,83561,22,6530,132,11521,144,81486,154,93007,California
Butte,2021-06-22,419,168919,274,78683,121,83682,24,6554,151,11432,264,81750,175,93182,California
Butte,2021-06-23,448,169367,331,79014,92,83774,25,6579,164,11337,283,82033,188,93370,California
Butte,2021-06-24,425,169792,284,79298,108,83882,33,6612,153,11251,271,82304,185,93555,California
Butte,2021-06-25,411,170203,201,79499,187,84069,23,6635,153,11170,257,82561,176,93731,California
Butte,2021-06-26,132,170335,96,79595,34,84103,2,6637,55,11150,77,82638,57,93788,California
Butte,2021-06-27,63,170398,38,79633,24,84127,1,6638,20,11128,43,82681,21,93809,California
Butte,2021-06-28,296,170694,223,79856,54,84181,19,6657,122,11096,173,82854,141,93950,California
Butte,2021-06-29,322,171016,217,80073,92,84273,13,6670,138,11065,181,83035,150,94100,California
Butte,2021-06-30,301,171317,208,80281,77,84350,16,6686,145,11071,155,83190,161,94261,California
Butte,2021-07-01,352,171669,226,80507,106,84456,20,6706,141,11022,210,83400,161,94422,California
Butte,2021-07-02,295,171964,201,80708,68,84524,26,6732,136,11028,156,83556,162,94584,California
Butte,2021-07-03,120,172084,81,80789,37,84561,2,6734,50,11011,69,83625,52,94636,California
Butte,2021-07-04,3,172087,2,80791,1,84562,0,6734,0,11009,2,83627,0,94636,California
Butte,2021-07-05,75,172162,43,80834,31,84593,1,6735,29,10994,45,83672,30,94666,California
Calaveras,2020-12-16,5,5,5,5,0,0,0,0,5,5,0,0,5,5,California
Calaveras,2020-12-17,3,8,3,8,0,0,0,0,3,8,0,0,3,8,California
Calaveras,2020-12-18,39,47,39,47,0,0,0,0,39,47,0,0,39,47,California
Calaveras,2020-12-19,3,50,3,50,0,0,0,0,3,50,0,0,3,50,California
Calaveras,2020-12-20,4,54,4,54,0,0,0,0,4,54,0,0,4,54,California
Calaveras,2020-12-21,54,108,47,101,7,7,0,0,54,108,0,0,54,108,California
Calaveras,2020-12-22,82,190,78,179,4,11,0,0,83,191,0,0,83,191,California
Calaveras,2020-12-23,76,266,74,253,2,13,0,0,76,267,0,0,76,267,California
Calaveras,2020-12-24,2,268,2,255,0,13,0,0,2,269,0,0,2,269,California
Calaveras,2020-12-26,3,271,3,258,0,13,0,0,3,272,0,0,3,272,California
Calaveras,2020-12-27,1,272,1,259,0,13,0,0,1,273,0,0,1,273,California
Calaveras,2020-12-28,22,294,18,277,4,17,0,0,21,293,1,1,21,294,California
Calaveras,2020-12-29,160,454,138,415,22,39,0,0,160,453,0,1,160,454,California
Calaveras,2020-12-30,94,548,82,497,12,51,0,0,94,547,0,1,94,548,California
Calaveras,2020-12-31,37,585,26,523,11,62,0,0,37,584,0,1,37,585,California
Calaveras,2021-01-02,11,596,11,534,0,62,0,0,11,595,0,1,11,596,California
Calaveras,2021-01-03,10,606,4,538,6,68,0,0,10,605,0,1,10,606,California
Calaveras,2021-01-04,33,639,5,543,28,96,0,0,33,638,0,1,33,639,California
Calaveras,2021-01-05,41,680,10,553,31,127,0,0,32,666,9,10,37,676,California
Calaveras,2021-01-06,107,787,30,583,77,204,0,0,97,753,10,20,97,773,California
Calaveras,2021-01-07,106,893,26,609,80,284,0,0,93,836,11,31,94,867,California
Calaveras,2021-01-08,69,962,39,648,30,314,0,0,45,859,24,55,47,914,California
Calaveras,2021-01-09,5,967,5,653,0,314,0,0,2,858,3,58,2,916,California
Calaveras,2021-01-10,2,969,0,653,2,316,0,0,2,860,0,58,2,918,California
Calaveras,2021-01-11,66,1035,60,713,6,322,0,0,27,851,38,96,29,947,California
Calaveras,2021-01-12,87,1122,54,767,33,355,0,0,52,869,35,131,53,1000,California
Calaveras,2021-01-13,110,1232,46,813,64,419,0,0,75,910,35,166,76,1076,California
Calaveras,2021-01-14,144,1376,45,858,99,518,0,0,110,988,33,199,111,1187,California
Calaveras,2021-01-15,92,1468,28,886,64,582,0,0,72,1040,20,219,72,1259,California
Calaveras,2021-01-16,13,1481,2,888,11,593,0,0,12,1051,1,220,12,1271,California
Calaveras,2021-01-17,10,1491,2,890,8,601,0,0,9,1059,1,221,9,1280,California
Calaveras,2021-01-18,138,1629,21,911,117,718,0,0,122,1169,16,237,126,1406,California
Calaveras,2021-01-19,208,1837,177,1088,31,749,0,0,70,1104,137,374,72,1478,California
Calaveras,2021-01-20,380,2217,82,1170,298,1047,0,0,286,1315,93,467,304,1782,California
Calaveras,2021-01-21,468,2685,42,1212,426,1473,0,0,426,1717,42,509,444,2226,California
Calaveras,2021-01-22,406,3091,25,1237,381,1854,0,0,388,2101,18,527,402,2628,California
Calaveras,2021-01-23,19,3110,8,1245,11,1865,0,0,18,2118,1,528,18,2646,California
Calaveras,2021-01-24,14,3124,8,1253,6,1871,0,0,12,2128,2,530,12,2658,California
Calaveras,2021-01-25,88,3212,7,1260,81,1952,0,0,83,2206,5,535,83,2741,California
Calaveras,2021-01-26,49,3261,16,1276,33,1985,0,0,40,2237,9,544,40,2781,California
Calaveras,2021-01-27,140,3401,47,1323,93,2078,0,0,111,2320,28,572,111,2892,California
Calaveras,2021-01-28,165,3566,25,1348,140,2218,0,0,137,2435,28,600,143,3035,California
Calaveras,2021-01-29,399,3965,14,1362,385,2603,0,0,364,2780,35,635,380,3415,California
Calaveras,2021-01-30,27,3992,10,1372,17,2620,0,0,25,2805,0,635,25,3440,California
Calaveras,2021-01-31,6,3998,4,1376,2,2622,0,0,5,2809,1,636,5,3445,California
Calaveras,2021-02-01,31,4029,12,1388,19,2641,0,0,22,2822,9,645,22,3467,California
Calaveras,2021-02-02,113,4142,24,1412,89,2730,0,0,74,2863,34,679,75,3542,California
Calaveras,2021-02-03,445,4587,45,1457,400,3130,0,0,360,3141,84,763,362,3904,California
Calaveras,2021-02-04,391,4978,26,1483,365,3495,0,0,305,3363,86,849,308,4212,California
Calaveras,2021-02-05,81,5059,22,1505,59,3554,0,0,42,3367,39,888,43,4255,California
Calaveras,2021-02-06,22,5081,12,1517,10,3564,0,0,22,3389,0,888,22,4277,California
Calaveras,2021-02-07,6,5087,1,1518,5,3569,0,0,2,3389,2,890,2,4279,California
Calaveras,2021-02-08,41,5128,19,1537,22,3591,0,0,33,3416,6,896,33,4312,California
Calaveras,2021-02-09,195,5323,78,1615,117,3708,0,0,132,3488,61,957,133,4445,California
Calaveras,2021-02-10,518,5841,33,1648,485,4193,0,0,443,3865,75,1032,452,4897,California
Calaveras,2021-02-11,601,6442,91,1739,510,4703,0,0,480,4240,118,1150,493,5390,California
Calaveras,2021-02-12,577,7019,326,2065,251,4954,0,0,491,4657,84,1234,501,5891,California
Calaveras,2021-02-13,203,7222,45,2110,158,5112,0,0,188,4830,15,1249,188,6079,California
Calaveras,2021-02-14,224,7446,71,2181,153,5265,0,0,208,5024,14,1263,208,6287,California
Calaveras,2021-02-15,387,7833,25,2206,362,5627,0,0,263,5168,119,1382,263,6550,California
Calaveras,2021-02-16,269,8102,146,2352,123,5750,0,0,231,5364,38,1420,234,6784,California
Calaveras,2021-02-17,514,8616,40,2392,474,6224,0,0,204,5281,292,1712,209,6993,California
Calaveras,2021-02-18,504,9120,96,2488,408,6632,0,0,97,4996,383,2095,98,7091,California
Calaveras,2021-02-19,443,9563,43,2531,400,7032,0,0,99,4767,328,2423,99,7190,California
Calaveras,2021-02-20,58,9621,15,2546,43,7075,0,0,48,4805,10,2433,48,7238,California
Calaveras,2021-02-21,27,9648,16,2562,11,7086,0,0,20,4819,6,2439,20,7258,California
Calaveras,2021-02-22,63,9711,38,2600,25,7111,0,0,33,4822,30,2469,33,7291,California
Calaveras,2021-02-23,136,9847,49,2649,87,7198,0,0,95,4877,41,2510,96,7387,California
Calaveras,2021-02-24,99,9946,49,2698,50,7248,0,0,67,4913,31,2541,67,7454,California
Calaveras,2021-02-25,557,10503,104,2802,453,7701,0,0,355,5083,193,2734,363,7817,California
Calaveras,2021-02-26,785,11288,45,2847,740,8441,0,0,376,5077,384,3118,378,8195,California
Calaveras,2021-02-27,204,11492,25,2872,179,8620,0,0,179,5231,25,3143,179,8374,California
Calaveras,2021-02-28,95,11587,15,2887,80,8700,0,0,90,5316,5,3148,90,8464,California
Calaveras,2021-03-01,252,11839,48,2935,204,8904,0,0,154,5378,93,3241,155,8619,California
Calaveras,2021-03-02,262,12101,105,3040,157,9061,0,0,209,5539,50,3291,211,8830,California
Calaveras,2021-03-03,571,12672,110,3150,461,9522,0,0,218,5411,347,3638,219,9049,California
Calaveras,2021-03-04,755,13427,71,3221,683,10205,1,1,352,5371,394,4032,354,9403,California
Calaveras,2021-03-05,457,13884,272,3493,181,10386,4,5,142,5215,302,4334,146,9549,California
Calaveras,2021-03-06,154,14038,43,3536,105,10491,6,11,113,5294,41,4375,120,9669,California
Calaveras,2021-03-07,76,14114,32,3568,37,10528,7,18,35,5295,41,4416,42,9711,California
Calaveras,2021-03-08,166,14280,31,3599,127,10655,8,26,128,5395,36,4452,136,9847,California
Calaveras,2021-03-09,376,14656,143,3742,227,10882,6,32,33,5097,337,4789,39,9886,California
Calaveras,2021-03-10,432,15088,35,3777,394,11276,3,35,58,4795,363,5152,61,9947,California
Calaveras,2021-03-11,881,15969,441,4218,427,11703,13,48,436,4816,430,5582,451,10398,California
Calaveras,2021-03-12,429,16398,224,4442,195,11898,10,58,325,5058,102,5684,344,10742,California
Calaveras,2021-03-13,192,16590,19,4461,165,12063,8,66,139,5158,51,5735,151,10893,California
Calaveras,2021-03-14,162,16752,11,4472,150,12213,1,67,18,5039,144,5879,25,10918,California
Calaveras,2021-03-15,334,17086,50,4522,258,12471,26,93,53,4842,280,6159,83,11001,California
Calaveras,2021-03-16,699,17785,562,5084,117,12588,20,113,553,5271,144,6303,573,11574,California
Calaveras,2021-03-17,289,18074,53,5137,222,12810,14,127,52,5108,230,6533,67,11641,California
Calaveras,2021-03-18,671,18745,575,5712,80,12890,16,143,548,5552,123,6656,567,12208,California
Calaveras,2021-03-19,236,18981,51,5763,110,13000,75,218,59,5511,173,6829,132,12340,California
Calaveras,2021-03-20,81,19062,22,5785,58,13058,1,219,23,5478,58,6887,25,12365,California
Calaveras,2021-03-21,47,19109,29,5814,7,13065,11,230,9,5462,37,6924,21,12386,California
Calaveras,2021-03-22,83,19192,39,5853,23,13088,21,251,26,5452,57,6981,47,12433,California
Calaveras,2021-03-23,299,19491,205,6058,84,13172,10,261,118,5410,169,7150,127,12560,California
Calaveras,2021-03-24,136,19627,52,6110,74,13246,10,271,44,5374,90,7240,54,12614,California
Calaveras,2021-03-25,754,20381,109,6219,641,13887,4,275,451,5537,292,7532,455,13069,California
Calaveras,2021-03-26,436,20817,29,6248,400,14287,7,282,90,5296,340,7872,99,13168,California
Calaveras,2021-03-27,211,21028,21,6269,186,14473,4,286,38,5170,170,8042,44,13212,California
Calaveras,2021-03-28,111,21139,12,6281,96,14569,3,289,8,5080,102,8144,12,13224,California
Calaveras,2021-03-29,185,21324,23,6304,159,14728,3,292,59,5020,123,8267,63,13287,California
Calaveras,2021-03-30,541,21865,26,6330,498,15226,17,309,362,5221,178,8445,379,13666,California
Calaveras,2021-03-31,327,22192,143,6473,174,15400,10,319,158,5223,167,8612,169,13835,California
Calaveras,2021-04-01,694,22886,449,6922,244,15644,1,320,184,4906,506,9118,189,14024,California
Calaveras,2021-04-02,399,23285,234,7156,157,15801,8,328,116,4757,275,9393,126,14150,California
Calaveras,2021-04-03,143,23428,35,7191,104,15905,4,332,40,4698,103,9496,44,14194,California
Calaveras,2021-04-04,82,23510,26,7217,56,15961,0,332,50,4716,32,9528,50,14244,California
Calaveras,2021-04-05,211,23721,81,7298,120,16081,10,342,99,4713,112,9640,109,14353,California
Calaveras,2021-04-06,661,24382,581,7879,66,16147,14,356,115,4300,542,10182,129,14482,California
Calaveras,2021-04-07,762,25144,664,8543,61,16208,37,393,621,4819,140,10322,659,15141,California
Calaveras,2021-04-08,950,26094,857,9400,70,16278,23,416,433,4763,513,10835,457,15598,California
Calaveras,2021-04-09,159,26253,61,9461,49,16327,49,465,56,4768,99,10934,104,15702,California
Calaveras,2021-04-10,194,26447,42,9503,133,16460,19,484,148,4891,45,10979,168,15870,California
Calaveras,2021-04-11,70,26517,45,9548,23,16483,2,486,49,4921,21,11000,51,15921,California
Calaveras,2021-04-12,106,26623,46,9594,41,16524,19,505,56,4947,50,11050,76,15997,California
Calaveras,2021-04-13,427,27050,372,9966,55,16579,0,505,366,5255,60,11110,368,16365,California
Calaveras,2021-04-14,185,27235,28,9994,157,16736,0,505,135,5342,49,11159,136,16501,California
Calaveras,2021-04-15,335,27570,284,10278,51,16787,0,505,244,5500,86,11245,244,16745,California
Calaveras,2021-04-16,109,27679,32,10310,77,16864,0,505,50,5498,52,11297,50,16795,California
Calaveras,2021-04-17,334,28013,128,10438,206,17070,0,505,291,5746,43,11340,291,17086,California
Calaveras,2021-04-18,18,28031,5,10443,13,17083,0,505,11,5750,7,11347,11,17097,California
Calaveras,2021-04-19,76,28107,27,10470,49,17132,0,505,44,5764,31,11378,45,17142,California
Calaveras,2021-04-20,270,28377,93,10563,177,17309,0,505,197,5894,67,11445,197,17339,California
Calaveras,2021-04-21,217,28594,146,10709,71,17380,0,505,83,5846,132,11577,84,17423,California
Calaveras,2021-04-22,546,29140,97,10806,449,17829,0,505,143,5592,399,11976,145,17568,California
Calaveras,2021-04-23,162,29302,81,10887,81,17910,0,505,64,5561,95,12071,64,17632,California
Calaveras,2021-04-24,172,29474,37,10924,135,18045,0,505,129,5649,42,12113,130,17762,California
Calaveras,2021-04-25,43,29517,28,10952,15,18060,0,505,22,5652,21,12134,24,17786,California
Calaveras,2021-04-26,119,29636,74,11026,45,18105,0,505,35,5605,83,12217,36,17822,California
Calaveras,2021-04-27,446,30082,74,11100,359,18464,13,518,58,5292,384,12601,71,17893,California
Calaveras,2021-04-28,650,30732,580,11680,39,18503,31,549,55,4793,592,13193,93,17986,California
Calaveras,2021-04-29,519,31251,443,12123,57,18560,19,568,72,4444,444,13637,95,18081,California
Calaveras,2021-04-30,156,31407,62,12185,89,18649,5,573,71,4442,84,13721,82,18163,California
Calaveras,2021-05-01,203,31610,112,12297,88,18737,3,576,134,4516,67,13788,141,18304,California
Calaveras,2021-05-02,53,31663,36,12333,16,18753,1,577,20,4507,31,13819,22,18326,California
Calaveras,2021-05-03,94,31757,69,12402,20,18773,5,582,30,4483,63,13882,39,18365,California
Calaveras,2021-05-04,420,32177,330,12732,53,18826,37,619,44,4190,375,14257,82,18447,California
Calaveras,2021-05-05,113,32290,58,12790,23,18849,32,651,50,4210,61,14318,81,18528,California
Calaveras,2021-05-06,255,32545,193,12983,38,18887,24,675,47,4076,206,14524,72,18600,California
Calaveras,2021-05-07,89,32634,25,13008,58,18945,6,681,58,4109,31,14555,64,18664,California
Calaveras,2021-05-08,291,32925,142,13150,146,19091,3,684,90,4005,197,14752,93,18757,California
Calaveras,2021-05-09,28,32953,12,13162,13,19104,3,687,13,4006,15,14767,16,18773,California
Calaveras,2021-05-10,64,33017,29,13191,34,19138,1,688,28,4002,34,14801,30,18803,California
Calaveras,2021-05-11,136,33153,91,13282,33,19171,12,700,95,4070,40,14841,108,18911,California
Calaveras,2021-05-12,171,33324,49,13331,122,19293,0,700,53,4006,117,14958,53,18964,California
Calaveras,2021-05-13,121,33445,66,13397,40,19333,15,715,65,4033,54,15012,81,19045,California
Calaveras,2021-05-14,148,33593,92,13489,53,19386,3,718,99,4087,48,15060,102,19147,California
Calaveras,2021-05-15,268,33861,96,13585,169,19555,3,721,106,4040,156,15216,109,19256,California
Calaveras,2021-05-16,30,33891,12,13597,18,19573,0,721,14,4039,16,15232,15,19271,California
Calaveras,2021-05-17,90,33981,42,13639,41,19614,7,728,47,4052,42,15274,55,19326,California
Calaveras,2021-05-18,228,34209,62,13701,144,19758,22,750,73,3993,154,15428,95,19421,California
Calaveras,2021-05-19,151,34360,63,13764,84,19842,4,754,72,3992,78,15506,77,19498,California
Calaveras,2021-05-20,203,34563,80,13844,97,19939,26,780,66,3949,134,15640,91,19589,California
Calaveras,2021-05-21,97,34660,55,13899,38,19977,4,784,58,3972,38,15678,61,19650,California
Calaveras,2021-05-22,301,34961,160,14059,141,20118,0,784,148,3968,152,15830,148,19798,California
Calaveras,2021-05-23,31,34992,16,14075,15,20133,0,784,13,3963,18,15848,13,19811,California
Calaveras,2021-05-24,76,35068,40,14115,20,20153,16,800,32,3968,44,15892,49,19860,California
Calaveras,2021-05-25,125,35193,48,14163,60,20213,17,817,56,3972,69,15961,73,19933,California
Calaveras,2021-05-26,121,35314,87,14250,30,20243,4,821,83,4021,37,15998,86,20019,California
Calaveras,2021-05-27,86,35400,44,14294,38,20281,4,825,30,4003,53,16051,35,20054,California
Calaveras,2021-05-28,85,35485,44,14338,37,20318,4,829,39,4000,46,16097,43,20097,California
Calaveras,2021-05-29,69,35554,23,14361,41,20359,5,834,33,4003,36,16133,39,20136,California
Calaveras,2021-05-30,36,35590,14,14375,17,20376,5,839,11,3994,25,16158,16,20152,California
Calaveras,2021-05-31,5,35595,0,14375,3,20379,2,841,0,3991,5,16163,2,20154,California
Calaveras,2021-06-01,145,35740,97,14472,42,20421,6,847,44,3940,101,16264,50,20204,California
Calaveras,2021-06-02,86,35826,55,14527,27,20448,4,851,37,3932,49,16313,41,20245,California
Calaveras,2021-06-03,93,35919,55,14582,31,20479,7,858,42,3934,49,16362,51,20296,California
Calaveras,2021-06-04,139,36058,93,14675,34,20513,12,870,36,3879,103,16465,48,20344,California
Calaveras,2021-06-05,85,36143,28,14703,55,20568,2,872,34,3865,50,16515,36,20380,California
Calaveras,2021-06-06,40,36183,28,14731,9,20577,3,875,21,3870,19,16534,24,20404,California
Calaveras,2021-06-07,62,36245,45,14776,9,20586,8,883,25,3867,36,16570,33,20437,California
Calaveras,2021-06-08,125,36370,79,14855,39,20625,7,890,57,3865,66,16636,64,20501,California
Calaveras,2021-06-09,95,36465,51,14906,38,20663,6,896,30,3838,65,16701,38,20539,California
Calaveras,2021-06-10,119,36584,58,14964,52,20715,9,905,41,3812,76,16777,50,20589,California
Calaveras,2021-06-11,104,36688,59,15023,40,20755,5,910,33,3779,71,16848,38,20627,California
Calaveras,2021-06-12,63,36751,37,15060,24,20779,2,912,20,3759,43,16891,23,20650,California
Calaveras,2021-06-13,31,36782,18,15078,9,20788,4,916,8,3748,23,16914,12,20662,California
Calaveras,2021-06-14,59,36841,39,15117,16,20804,4,920,22,3739,37,16951,28,20690,California
Calaveras,2021-06-15,90,36931,55,15172,26,20830,9,929,23,3705,67,17018,33,20723,California
Calaveras,2021-06-16,179,37110,138,15310,27,20857,14,943,39,3619,139,17157,53,20776,California
Calaveras,2021-06-17,60,37170,32,15342,23,20880,5,948,24,3615,33,17190,29,20805,California
Calaveras,2021-06-18,60,37230,41,15383,15,20895,4,952,25,3609,35,17225,29,20834,California
Calaveras,2021-06-19,66,37296,23,15406,26,20921,17,969,23,3606,43,17268,40,20874,California
Calaveras,2021-06-20,6,37302,2,15408,3,20924,1,970,2,3605,4,17272,3,20877,California
Calaveras,2021-06-21,39,37341,15,15423,18,20942,6,976,24,3621,15,17287,31,20908,California
Calaveras,2021-06-22,63,37404,32,15455,29,20971,2,978,28,3619,33,17320,31,20939,California
Calaveras,2021-06-23,59,37463,34,15489,18,20989,7,985,25,3617,34,17354,32,20971,California
Calaveras,2021-06-24,62,37525,30,15519,30,21019,2,987,30,3617,32,17386,32,21003,California
Calaveras,2021-06-25,51,37576,31,15550,12,21031,8,995,21,3616,30,17416,29,21032,California
Calaveras,2021-06-26,33,37609,16,15566,15,21046,2,997,20,3626,13,17429,23,21055,California
Calaveras,2021-06-27,18,37627,16,15582,1,21047,1,998,8,3625,10,17439,9,21064,California
Calaveras,2021-06-28,42,37669,24,15606,13,21060,5,1003,18,3625,24,17463,24,21088,California
Calaveras,2021-06-29,53,37722,41,15647,9,21069,3,1006,22,3619,31,17494,25,21113,California
Calaveras,2021-06-30,39,37761,22,15669,9,21078,8,1014,18,3624,21,17515,26,21139,California
Calaveras,2021-07-01,37,37798,21,15690,11,21089,5,1019,17,3627,19,17534,22,21161,California
Calaveras,2021-07-02,39,37837,29,15719,8,21097,2,1021,23,3636,16,17550,25,21186,California
Calaveras,2021-07-03,21,37858,15,15734,5,21102,1,1022,11,3638,10,17560,12,21198,California
Calaveras,2021-07-04,3,37861,1,15735,2,21104,0,1022,3,3641,0,17560,3,21201,California
Calaveras,2021-07-05,21,37882,15,15750,6,21110,0,1022,5,3631,16,17576,6,21207,California
Colusa,2020-12-18,1,1,1,1,0,0,0,0,1,1,0,0,1,1,California
Colusa,2020-12-21,2,3,2,3,0,0,0,0,2,3,0,0,2,3,California
Colusa,2020-12-22,10,13,10,13,0,0,0,0,10,13,0,0,10,13,California
Colusa,2020-12-23,10,23,10,23,0,0,0,0,10,23,0,0,10,23,California
Colusa,2020-12-24,2,25,1,24,1,1,0,0,2,25,0,0,2,25,California
Colusa,2020-12-27,1,26,1,25,0,1,0,0,1,26,0,0,1,26,California
Colusa,2020-12-28,7,33,3,28,4,5,0,0,7,33,0,0,7,33,California
Colusa,2020-12-29,10,43,8,36,2,7,0,0,10,43,0,0,10,43,California
Colusa,2020-12-30,51,94,14,50,37,44,0,0,51,94,0,0,51,94,California
Colusa,2020-12-31,18,112,1,51,17,61,0,0,18,112,0,0,18,112,California
Colusa,2021-01-04,3,115,0,51,3,64,0,0,3,115,0,0,3,115,California
Colusa,2021-01-05,68,183,1,52,67,131,0,0,68,183,0,0,68,183,California
Colusa,2021-01-06,15,198,9,61,6,137,0,0,15,198,0,0,15,198,California
Colusa,2021-01-07,40,238,5,66,35,172,0,0,39,236,1,1,39,237,California
Colusa,2021-01-08,9,247,7,73,2,174,0,0,8,243,1,2,8,245,California
Colusa,2021-01-09,2,249,1,74,1,175,0,0,2,245,0,2,2,247,California
Colusa,2021-01-10,1,250,0,74,1,176,0,0,1,246,0,2,1,248,California
Colusa,2021-01-11,12,262,6,80,6,182,0,0,7,248,5,7,7,255,California
Colusa,2021-01-12,11,273,9,89,2,184,0,0,6,249,5,12,6,261,California
Colusa,2021-01-13,21,294,13,102,8,192,0,0,13,254,8,20,13,274,California
Colusa,2021-01-14,36,330,29,131,7,199,0,0,34,286,2,22,34,308,California
Colusa,2021-01-15,42,372,5,136,37,236,0,0,40,324,2,24,40,348,California
Colusa,2021-01-16,12,384,1,137,11,247,0,0,11,334,1,25,11,359,California
Colusa,2021-01-17,3,387,2,139,1,248,0,0,2,335,1,26,2,361,California
Colusa,2021-01-18,4,391,0,139,4,252,0,0,4,339,0,26,4,365,California
Colusa,2021-01-19,9,400,8,147,1,253,0,0,5,340,4,30,5,370,California
Colusa,2021-01-20,115,515,101,248,14,267,0,0,101,427,14,44,101,471,California
Colusa,2021-01-21,59,574,44,292,15,282,0,0,58,484,1,45,58,529,California
Colusa,2021-01-22,40,614,17,309,23,305,0,0,35,514,5,50,35,564,California
Colusa,2021-01-23,35,649,6,315,29,334,0,0,35,549,0,50,35,599,California
Colusa,2021-01-25,7,656,0,315,7,341,0,0,7,556,0,50,7,606,California
Colusa,2021-01-26,8,664,5,320,3,344,0,0,5,558,3,53,5,611,California
Colusa,2021-01-27,110,774,31,351,79,423,0,0,108,664,2,55,108,719,California
Colusa,2021-01-28,84,858,48,399,36,459,0,0,75,730,9,64,75,794,California
Colusa,2021-01-29,42,900,7,406,35,494,0,0,41,770,1,65,41,835,California
Colusa,2021-01-30,27,927,4,410,23,517,0,0,27,797,0,65,27,862,California
Colusa,2021-01-31,7,934,7,417,0,517,0,0,7,804,0,65,7,869,California
Colusa,2021-02-01,27,961,10,427,17,534,0,0,22,821,5,70,22,891,California
Colusa,2021-02-02,42,1003,8,435,34,568,0,0,36,851,6,76,36,927,California
Colusa,2021-02-03,72,1075,10,445,62,630,0,0,60,899,12,88,60,987,California
Colusa,2021-02-04,143,1218,81,526,62,692,0,0,114,984,29,117,114,1101,California
Colusa,2021-02-05,33,1251,9,535,24,716,0,0,30,1011,3,120,30,1131,California
Colusa,2021-02-06,285,1536,9,544,276,992,0,0,274,1274,11,131,274,1405,California
Colusa,2021-02-07,2,1538,1,545,1,993,0,0,0,1272,2,133,0,1405,California
Colusa,2021-02-08,40,1578,5,550,35,1028,0,0,37,1306,3,136,37,1442,California
Colusa,2021-02-09,231,1809,14,564,217,1245,0,0,176,1427,55,191,176,1618,California
Colusa,2021-02-10,118,1927,42,606,76,1321,0,0,74,1457,44,235,74,1692,California
Colusa,2021-02-11,107,2034,44,650,63,1384,0,0,80,1510,27,262,80,1772,California
Colusa,2021-02-12,117,2151,9,659,108,1492,0,0,78,1548,40,302,78,1850,California
Colusa,2021-02-13,60,2211,8,667,52,1544,0,0,52,1592,8,310,52,1902,California
Colusa,2021-02-14,21,2232,8,675,13,1557,0,0,15,1601,6,316,15,1917,California
Colusa,2021-02-15,46,2278,10,685,36,1593,0,0,39,1633,7,323,39,1956,California
Colusa,2021-02-16,69,2347,4,689,65,1658,0,0,68,1700,1,324,68,2024,California
Colusa,2021-02-17,209,2556,143,832,66,1724,0,0,62,1615,147,471,62,2086,California
Colusa,2021-02-18,139,2695,39,871,100,1824,0,0,116,1708,23,494,116,2202,California
Colusa,2021-02-19,157,2852,19,890,138,1962,0,0,131,1813,26,520,131,2333,California
Colusa,2021-02-20,32,2884,6,896,26,1988,0,0,13,1807,19,539,13,2346,California
Colusa,2021-02-21,4,2888,2,898,2,1990,0,0,2,1807,2,541,2,2348,California
Colusa,2021-02-22,45,2933,27,925,18,2008,0,0,30,1822,15,556,30,2378,California
Colusa,2021-02-23,21,2954,6,931,15,2023,0,0,17,1835,4,560,17,2395,California
Colusa,2021-02-24,306,3260,54,985,252,2275,0,0,159,1847,147,707,159,2554,California
Colusa,2021-02-25,113,3373,64,1049,49,2324,0,0,76,1886,37,744,76,2630,California
Colusa,2021-02-26,99,3472,14,1063,85,2409,0,0,60,1907,39,783,60,2690,California
Colusa,2021-02-27,57,3529,4,1067,53,2462,0,0,42,1934,15,798,42,2732,California
Colusa,2021-02-28,27,3556,15,1082,12,2474,0,0,18,1943,9,807,18,2750,California
Colusa,2021-03-01,46,3602,15,1097,31,2505,0,0,29,1955,17,824,29,2779,California
Colusa,2021-03-02,50,3652,13,1110,37,2542,0,0,26,1957,24,848,26,2805,California
Colusa,2021-03-03,253,3905,46,1156,207,2749,0,0,193,2090,60,908,193,2998,California
Colusa,2021-03-04,147,4052,60,1216,87,2836,0,0,77,2097,70,978,77,3075,California
Colusa,2021-03-05,111,4163,25,1241,77,2913,9,9,54,2103,57,1035,63,3138,California
Colusa,2021-03-06,276,4439,9,1250,267,3180,0,9,39,1905,237,1272,39,3177,California
Colusa,2021-03-07,8,4447,5,1255,3,3183,0,9,6,1909,2,1274,6,3183,California
Colusa,2021-03-08,107,4554,22,1277,50,3233,35,44,48,1934,58,1332,83,3266,California
Colusa,2021-03-09,288,4842,74,1351,191,3424,23,67,94,1857,194,1526,117,3383,California
Colusa,2021-03-10,310,5152,38,1389,236,3660,36,103,211,2005,99,1625,247,3630,California
Colusa,2021-03-11,437,5589,63,1452,353,4013,21,124,340,2267,97,1722,359,3989,California
Colusa,2021-03-12,111,5700,18,1470,80,4093,13,137,20,2209,91,1813,33,4022,California
Colusa,2021-03-13,68,5768,16,1486,43,4136,9,146,21,2192,47,1860,30,4052,California
Colusa,2021-03-14,21,5789,0,1486,19,4155,2,148,5,2184,15,1875,7,4059,California
Colusa,2021-03-15,80,5869,27,1513,45,4200,8,156,23,2158,57,1932,31,4090,California
Colusa,2021-03-16,298,6167,16,1529,236,4436,46,202,189,2284,109,2041,235,4325,California
Colusa,2021-03-17,195,6362,49,1578,146,4582,0,202,106,2301,89,2130,106,4431,California
Colusa,2021-03-18,326,6688,39,1617,216,4798,71,273,194,2435,132,2262,266,4697,California
Colusa,2021-03-19,80,6768,20,1637,58,4856,2,275,53,2463,27,2289,55,4752,California
Colusa,2021-03-20,51,6819,8,1645,42,4898,1,276,37,2487,14,2303,38,4790,California
Colusa,2021-03-21,6,6825,4,1649,2,4900,0,276,1,2483,5,2308,1,4791,California
Colusa,2021-03-22,62,6887,10,1659,43,4943,9,285,40,2510,22,2330,49,4840,California
Colusa,2021-03-23,82,6969,16,1675,64,5007,2,287,56,2542,26,2356,58,4898,California
Colusa,2021-03-24,339,7308,57,1732,276,5283,6,293,65,2338,274,2630,70,4968,California
Colusa,2021-03-25,110,7418,61,1793,44,5327,5,298,52,2337,58,2688,57,5025,California
Colusa,2021-03-26,300,7718,47,1840,249,5576,4,302,247,2535,53,2741,251,5276,California
Colusa,2021-03-27,63,7781,5,1845,58,5634,0,302,24,2520,39,2780,24,5300,California
Colusa,2021-03-28,16,7797,7,1852,9,5643,0,302,7,2518,9,2789,7,5307,California
Colusa,2021-03-29,72,7869,20,1872,46,5689,6,308,31,2514,41,2830,37,5344,California
Colusa,2021-03-30,151,8020,82,1954,67,5756,2,310,72,2509,79,2909,74,5418,California
Colusa,2021-03-31,234,8254,41,1995,193,5949,0,310,66,2408,167,3076,66,5484,California
Colusa,2021-04-01,434,8688,72,2067,307,6256,55,365,308,2645,125,3201,362,5846,California
Colusa,2021-04-02,82,8770,14,2081,54,6310,14,379,38,2653,44,3245,52,5898,California
Colusa,2021-04-03,62,8832,10,2091,29,6339,23,402,14,2641,48,3293,36,5934,California
Colusa,2021-04-04,18,8850,0,2091,8,6347,10,412,3,2639,15,3308,13,5947,California
Colusa,2021-04-05,96,8946,26,2117,54,6401,16,428,34,2627,62,3370,50,5997,California
Colusa,2021-04-06,130,9076,35,2152,45,6446,50,478,35,2617,95,3465,85,6082,California
Colusa,2021-04-07,357,9433,42,2194,292,6738,23,501,125,2535,231,3696,149,6231,California
Colusa,2021-04-08,429,9862,34,2228,367,7105,28,529,117,2371,309,4005,145,6376,California
Colusa,2021-04-09,77,9939,21,2249,32,7137,24,553,28,2374,49,4054,52,6428,California
Colusa,2021-04-10,45,9984,10,2259,14,7151,21,574,8,2366,37,4091,29,6457,California
Colusa,2021-04-11,16,10000,3,2262,11,7162,2,576,8,2368,8,4099,10,6467,California
Colusa,2021-04-12,32,10032,3,2265,29,7191,0,576,15,2366,17,4116,15,6482,California
Colusa,2021-04-13,280,10312,23,2288,257,7448,0,576,95,2277,184,4300,95,6577,California
Colusa,2021-04-14,97,10409,20,2308,77,7525,0,576,35,2250,62,4362,35,6612,California
Colusa,2021-04-15,325,10734,48,2356,277,7802,0,576,131,2187,194,4556,131,6743,California
Colusa,2021-04-16,81,10815,11,2367,70,7872,0,576,35,2177,45,4601,35,6778,California
Colusa,2021-04-17,53,10868,7,2374,46,7918,0,576,30,2184,23,4624,30,6808,California
Colusa,2021-04-18,9,10877,2,2376,7,7925,0,576,7,2189,2,4626,7,6815,California
Colusa,2021-04-19,61,10938,21,2397,40,7965,0,576,17,2162,44,4670,17,6832,California
Colusa,2021-04-20,189,11127,38,2435,151,8116,0,576,134,2241,55,4725,134,6966,California
Colusa,2021-04-21,178,11305,68,2503,110,8226,0,576,110,2283,68,4793,110,7076,California
Colusa,2021-04-22,425,11730,27,2530,397,8623,1,577,221,2301,203,4996,221,7297,California
Colusa,2021-04-23,96,11826,21,2551,75,8698,0,577,37,2279,59,5055,37,7334,California
Colusa,2021-04-24,241,12067,19,2570,221,8919,1,578,210,2458,31,5086,210,7544,California
Colusa,2021-04-25,12,12079,6,2576,6,8925,0,578,8,2462,4,5090,8,7552,California
Colusa,2021-04-26,25,12104,5,2581,19,8944,1,579,6,2450,18,5108,6,7558,California
Colusa,2021-04-27,97,12201,25,2606,68,9012,4,583,44,2445,53,5161,48,7606,California
Colusa,2021-04-28,196,12397,33,2639,160,9172,3,586,144,2541,51,5212,147,7753,California
Colusa,2021-04-29,319,12716,29,2668,286,9458,4,590,48,2324,269,5481,52,7805,California
Colusa,2021-04-30,70,12786,23,2691,47,9505,0,590,46,2346,24,5505,46,7851,California
Colusa,2021-05-01,19,12805,8,2699,8,9513,3,593,9,2348,10,5515,12,7863,California
Colusa,2021-05-02,5,12810,1,2700,3,9516,1,594,2,2348,3,5518,3,7866,California
Colusa,2021-05-03,31,12841,7,2707,24,9540,0,594,15,2347,16,5534,15,7881,California
Colusa,2021-05-04,99,12940,55,2762,43,9583,1,595,69,2387,30,5564,70,7951,California
Colusa,2021-05-05,84,13024,21,2783,62,9645,1,596,35,2374,49,5613,36,7987,California
Colusa,2021-05-06,254,13278,16,2799,236,9881,2,598,111,2344,143,5756,113,8100,California
Colusa,2021-05-07,66,13344,4,2803,58,9939,4,602,30,2342,36,5792,34,8134,California
Colusa,2021-05-08,18,13362,6,2809,12,9951,0,602,9,2342,9,5801,9,8143,California
Colusa,2021-05-09,13,13375,5,2814,5,9956,3,605,6,2344,7,5808,9,8152,California
Colusa,2021-05-10,25,13400,6,2820,19,9975,0,605,8,2335,17,5825,8,8160,California
Colusa,2021-05-11,93,13493,34,2854,59,10034,0,605,48,2338,45,5870,48,8208,California
Colusa,2021-05-12,78,13571,32,2886,42,10076,4,609,21,2306,57,5927,25,8233,California
Colusa,2021-05-13,249,13820,24,2910,224,10300,1,610,80,2218,169,6096,81,8314,California
Colusa,2021-05-14,95,13915,18,2928,62,10362,15,625,33,2205,61,6157,48,8362,California
Colusa,2021-05-15,41,13956,10,2938,29,10391,2,627,21,2208,20,6177,23,8385,California
Colusa,2021-05-16,24,13980,8,2946,9,10400,7,634,11,2213,13,6190,18,8403,California
Colusa,2021-05-17,25,14005,5,2951,18,10418,2,636,13,2216,12,6202,15,8418,California
Colusa,2021-05-18,104,14109,27,2978,75,10493,2,638,46,2206,58,6260,48,8466,California
Colusa,2021-05-19,224,14333,44,3022,160,10653,20,658,66,2134,158,6418,86,8552,California
Colusa,2021-05-20,284,14617,34,3056,246,10899,4,662,68,1990,216,6634,72,8624,California
Colusa,2021-05-21,70,14687,24,3080,44,10943,2,664,34,1990,36,6670,36,8660,California
Colusa,2021-05-22,222,14909,24,3104,197,11140,1,665,34,1837,188,6858,35,8695,California
Colusa,2021-05-23,19,14928,8,3112,7,11147,4,669,5,1832,14,6872,9,8704,California
Colusa,2021-05-24,26,14954,3,3115,18,11165,5,674,15,1841,11,6883,20,8724,California
Colusa,2021-05-25,135,15089,75,3190,58,11223,2,676,52,1812,83,6966,54,8778,California
Colusa,2021-05-26,72,15161,25,3215,47,11270,0,676,32,1804,40,7006,32,8810,California
Colusa,2021-05-27,171,15332,17,3232,154,11424,0,676,54,1741,117,7123,54,8864,California
Colusa,2021-05-28,79,15411,25,3257,53,11477,1,677,40,1743,39,7162,41,8905,California
Colusa,2021-05-29,40,15451,18,3275,18,11495,4,681,29,1765,11,7173,33,8938,California
Colusa,2021-05-30,8,15459,1,3276,2,11497,5,686,1,1764,7,7180,6,8944,California
Colusa,2021-05-31,4,15463,0,3276,4,11501,0,686,1,1762,3,7183,1,8945,California
Colusa,2021-06-01,49,15512,15,3291,33,11534,1,687,25,1764,24,7207,26,8971,California
Colusa,2021-06-02,146,15658,20,3311,124,11658,2,689,51,1723,94,7301,53,9024,California
Colusa,2021-06-03,63,15721,20,3331,42,11700,1,690,26,1716,34,7335,27,9051,California
Colusa,2021-06-04,61,15782,19,3350,38,11738,4,694,22,1703,39,7374,26,9077,California
Colusa,2021-06-05,35,15817,16,3366,18,11756,1,695,17,1703,18,7392,18,9095,California
Colusa,2021-06-06,11,15828,6,3372,4,11760,1,696,6,1705,5,7397,7,9102,California
Colusa,2021-06-07,23,15851,6,3378,17,11777,0,696,10,1702,13,7410,10,9112,California
Colusa,2021-06-08,75,15926,21,3399,54,11831,0,696,29,1685,46,7456,29,9141,California
Colusa,2021-06-09,71,15997,41,3440,30,11861,0,696,28,1670,43,7499,28,9169,California
Colusa,2021-06-10,58,16055,23,3463,31,11892,4,700,14,1644,44,7543,18,9187,California
Colusa,2021-06-11,57,16112,30,3493,27,11919,0,700,26,1639,31,7574,26,9213,California
Colusa,2021-06-12,37,16149,23,3516,14,11933,0,700,9,1620,28,7602,9,9222,California
Colusa,2021-06-13,10,16159,3,3519,5,11938,2,702,2,1616,8,7610,4,9226,California
Colusa,2021-06-14,19,16178,9,3528,10,11948,0,702,7,1611,12,7622,7,9233,California
Colusa,2021-06-15,75,16253,36,3564,38,11986,1,703,19,1575,56,7678,20,9253,California
Colusa,2021-06-16,55,16308,15,3579,39,12025,1,704,15,1551,40,7718,16,9269,California
Colusa,2021-06-17,116,16424,10,3589,105,12130,1,705,17,1470,99,7817,18,9287,California
Colusa,2021-06-18,63,16487,32,3621,27,12157,4,709,25,1461,38,7855,29,9316,California
Colusa,2021-06-19,26,16513,21,3642,4,12161,1,710,6,1448,20,7875,7,9323,California
Colusa,2021-06-20,9,16522,6,3648,3,12164,0,710,7,1453,2,7877,7,9330,California
Colusa,2021-06-21,20,16542,3,3651,16,12180,1,711,8,1450,12,7889,9,9339,California
Colusa,2021-06-22,67,16609,28,3679,34,12214,5,716,29,1447,37,7926,34,9373,California
Colusa,2021-06-23,50,16659,27,3706,22,12236,1,717,21,1440,29,7955,22,9395,California
Colusa,2021-06-24,60,16719,27,3733,31,12267,2,719,22,1426,38,7993,24,9419,California
Colusa,2021-06-25,41,16760,16,3749,25,12292,0,719,25,1435,16,8009,25,9444,California
Colusa,2021-06-26,18,16778,13,3762,5,12297,0,719,5,1427,13,8022,5,9449,California
Colusa,2021-06-27,7,16785,4,3766,3,12300,0,719,5,1430,2,8024,5,9454,California
Colusa,2021-06-28,8,16793,1,3767,6,12306,1,720,5,1433,3,8027,6,9460,California
Colusa,2021-06-29,42,16835,18,3785,20,12326,4,724,18,1432,23,8050,22,9482,California
Colusa,2021-06-30,77,16912,38,3823,38,12364,1,725,28,1413,49,8099,30,9512,California
Colusa,2021-07-01,43,16955,23,3846,19,12383,1,726,17,1405,26,8125,18,9530,California
Colusa,2021-07-02,48,17003,27,3873,21,12404,0,726,25,1407,23,8148,25,9555,California
Colusa,2021-07-03,21,17024,8,3881,13,12417,0,726,11,1408,10,8158,11,9566,California
Colusa,2021-07-04,3,17027,2,3883,1,12418,0,726,1,1407,2,8160,1,9567,California
Colusa,2021-07-05,7,17034,3,3886,4,12422,0,726,2,1404,5,8165,2,9569,California
Contra Costa,2020-12-15,19,19,19,19,0,0,0,0,19,19,0,0,19,19,California
Contra Costa,2020-12-16,524,543,524,543,0,0,0,0,524,543,0,0,524,543,California
Contra Costa,2020-12-17,1049,1592,1049,1592,0,0,0,0,1049,1592,0,0,1049,1592,California
Contra Costa,2020-12-18,1764,3356,1762,3354,2,2,0,0,1764,3356,0,0,1764,3356,California
Contra Costa,2020-12-19,1117,4473,1116,4470,1,3,0,0,1117,4473,0,0,1117,4473,California
Contra Costa,2020-12-20,601,5074,600,5070,1,4,0,0,601,5074,0,0,601,5074,California
Contra Costa,2020-12-21,1671,6745,1668,6738,3,7,0,0,1671,6745,0,0,1671,6745,California
Contra Costa,2020-12-22,1678,8423,1571,8309,107,114,0,0,1678,8423,0,0,1678,8423,California
Contra Costa,2020-12-23,1632,10055,1380,9689,252,366,0,0,1632,10055,0,0,1632,10055,California
Contra Costa,2020-12-24,656,10711,335,10024,321,687,0,0,656,10711,0,0,656,10711,California
Contra Costa,2020-12-25,41,10752,19,10043,22,709,0,0,41,10752,0,0,41,10752,California
Contra Costa,2020-12-26,652,11404,134,10177,518,1227,0,0,652,11404,0,0,652,11404,California
Contra Costa,2020-12-27,243,11647,87,10264,156,1383,0,0,243,11647,0,0,243,11647,California
Contra Costa,2020-12-28,1850,13497,871,11135,979,2362,0,0,1850,13497,0,0,1850,13497,California
Contra Costa,2020-12-29,1851,15348,827,11962,1024,3386,0,0,1851,15348,0,0,1851,15348,California
Contra Costa,2020-12-30,2415,17763,1219,13181,1196,4582,0,0,2413,17760,2,2,2414,17762,California
Contra Costa,2020-12-31,928,18691,309,13490,619,5201,0,0,927,18687,0,2,927,18689,California
Contra Costa,2021-01-01,68,18759,24,13514,44,5245,0,0,68,18755,0,2,68,18757,California
Contra Costa,2021-01-02,347,19106,179,13693,168,5413,0,0,347,19102,0,2,347,19104,California
Contra Costa,2021-01-03,182,19288,123,13816,59,5472,0,0,181,19283,0,2,181,19285,California
Contra Costa,2021-01-04,1907,21195,1249,15065,658,6130,0,0,1887,21152,18,20,1887,21172,California
Contra Costa,2021-01-05,2113,23308,1264,16329,849,6979,0,0,1827,22695,285,305,1828,23000,California
Contra Costa,2021-01-06,3304,26612,2268,18597,1036,8015,0,0,2488,24376,810,1115,2491,25491,California
Contra Costa,2021-01-07,3123,29735,2086,20683,1037,9052,0,0,1800,24856,1320,2435,1800,27291,California
Contra Costa,2021-01-08,3421,33156,2413,23096,1008,10060,0,0,1766,24975,1650,4085,1769,29060,California
Contra Costa,2021-01-09,1597,34753,1142,24238,455,10515,0,0,736,24853,860,4945,738,29798,California
Contra Costa,2021-01-10,370,35123,295,24533,75,10590,0,0,152,24787,218,5163,152,29950,California
Contra Costa,2021-01-11,3858,38981,3161,27694,697,11287,0,0,2229,25390,1629,6792,2232,32182,California
Contra Costa,2021-01-12,3960,42941,2970,30664,990,12277,0,0,2605,26644,1354,8146,2608,34790,California
Contra Costa,2021-01-13,4805,47746,2999,33663,1806,14083,0,0,3830,29504,971,9117,3831,38621,California
Contra Costa,2021-01-14,4334,52080,1572,35235,2762,16845,0,0,3946,33062,388,9505,3946,42567,California
Contra Costa,2021-01-15,5370,57450,2475,37710,2895,19740,0,0,5040,37777,329,9834,5044,47611,California
Contra Costa,2021-01-16,1751,59201,565,38275,1186,20926,0,0,1674,39374,77,9911,1674,49285,California
Contra Costa,2021-01-17,1671,60872,984,39259,687,21613,0,0,1550,40806,121,10032,1553,50838,California
Contra Costa,2021-01-18,3236,64108,1283,40542,1953,23566,0,0,2602,42781,628,10660,2603,53441,California
Contra Costa,2021-01-19,7086,71194,3171,43713,3915,27481,0,0,6074,47853,1007,11667,6079,59520,California
Contra Costa,2021-01-20,6914,78108,4315,48028,2599,30080,0,0,5663,52274,1247,12914,5668,65188,California
Contra Costa,2021-01-21,7098,85206,3156,51184,3942,34022,0,0,6363,57916,729,13643,6371,71559,California
Contra Costa,2021-01-22,6466,91672,2762,53946,3704,37726,0,0,5595,62652,862,14505,5598,77157,California
Contra Costa,2021-01-23,2057,93729,358,54304,1699,39425,0,0,1790,64179,265,14770,1792,78949,California
Contra Costa,2021-01-24,1593,95322,219,54523,1374,40799,0,0,1445,65480,148,14918,1449,80398,California
Contra Costa,2021-01-25,6730,102052,3057,57580,3673,44472,0,0,5133,69025,1592,16510,5137,85535,California
Contra Costa,2021-01-26,8196,110248,4732,62312,3464,47936,0,0,6313,73469,1875,18385,6319,91854,California
Contra Costa,2021-01-27,8248,118496,5441,67753,2807,50743,0,0,6383,78003,1853,20238,6387,98241,California
Contra Costa,2021-01-28,7514,126010,4108,71861,3406,54149,0,0,5885,82269,1623,21861,5889,104130,California
Contra Costa,2021-01-29,7539,133549,3917,75778,3622,57771,0,0,6206,87150,1327,23188,6208,110338,California
Contra Costa,2021-01-30,2152,135701,650,76428,1502,59273,0,0,1747,88500,397,23585,1747,112085,California
Contra Costa,2021-01-31,664,136365,433,76861,231,59504,0,0,569,88977,92,23677,569,112654,California
Contra Costa,2021-02-01,5871,142236,4079,80940,1792,61296,0,0,3956,91030,1907,25584,3960,116614,California
Contra Costa,2021-02-02,7648,149884,5120,86060,2528,63824,0,0,5930,95245,1716,27300,5931,122545,California
Contra Costa,2021-02-03,8337,158221,5499,91559,2838,66662,0,0,5626,98172,2700,30000,5627,128172,California
Contra Costa,2021-02-04,7525,165746,3599,95158,3926,70588,0,0,5750,102154,1772,31772,5754,133926,California
Contra Costa,2021-02-05,8493,174239,4841,99999,3652,74240,0,0,5775,105218,2711,34483,5775,139701,California
Contra Costa,2021-02-06,3495,177734,2168,102167,1327,75567,0,0,2837,107399,657,35140,2838,142539,California
Contra Costa,2021-02-07,996,178730,723,102890,273,75840,0,0,606,107616,389,35529,606,143145,California
Contra Costa,2021-02-08,5910,184640,3515,106405,2395,78235,0,0,4403,110520,1500,37029,4404,147549,California
Contra Costa,2021-02-09,8717,193357,4811,111216,3906,82141,0,0,5787,113386,2922,39951,5788,153337,California
Contra Costa,2021-02-10,8719,202076,4684,115900,4035,86176,0,0,5343,115373,3360,43311,5347,158684,California
Contra Costa,2021-02-11,9410,211486,4254,120154,5156,91332,0,0,5181,116337,4222,47533,5186,163870,California
Contra Costa,2021-02-12,10201,221687,4676,124830,5525,96857,0,0,5491,117129,4702,52235,5494,169364,California
Contra Costa,2021-02-13,4945,226632,1391,126221,3554,100411,0,0,3436,119062,1505,53740,3438,172802,California
Contra Costa,2021-02-14,2114,228746,873,127094,1241,101652,0,0,1227,119405,884,54624,1227,174029,California
Contra Costa,2021-02-15,4519,233265,2498,129592,2021,103673,0,0,2345,119587,2164,56788,2346,176375,California
Contra Costa,2021-02-16,10499,243764,4962,134554,5537,109210,0,0,4672,118446,5817,62605,4676,181051,California
Contra Costa,2021-02-17,12399,256163,6218,140772,6181,115391,0,0,5668,117401,6714,69319,5669,186720,California
Contra Costa,2021-02-18,11608,267771,6015,146787,5593,120984,0,0,5365,116539,6229,75548,5367,192087,California
Contra Costa,2021-02-19,11628,279399,7246,154033,4382,125366,0,0,5246,115423,6364,81912,5248,197335,California
Contra Costa,2021-02-20,6619,286018,2994,157027,3625,128991,0,0,4657,118140,1944,83856,4661,201996,California
Contra Costa,2021-02-21,2359,288377,1768,158795,591,129582,0,0,1581,118944,777,84633,1581,203577,California
Contra Costa,2021-02-22,7960,296337,5390,164185,2570,132152,0,0,3648,118300,4295,88928,3651,207228,California
Contra Costa,2021-02-23,12449,308786,7662,171847,4787,136939,0,0,6262,118401,6169,95097,6270,213498,California
Contra Costa,2021-02-24,10899,319685,8001,179848,2898,139837,0,0,5293,118111,5583,100680,5293,218791,California
Contra Costa,2021-02-25,11955,331640,7584,187432,4371,144208,0,0,5552,117291,6379,107059,5559,224350,California
Contra Costa,2021-02-26,11177,342817,7055,194487,4122,148330,0,0,5534,117199,5628,112687,5536,229886,California
Contra Costa,2021-02-27,6926,349743,4462,198949,2464,150794,0,0,4344,118972,2573,115260,4346,234232,California
Contra Costa,2021-02-28,4351,354094,3607,202556,743,151537,1,1,3669,121965,678,115938,3671,237903,California
Contra Costa,2021-03-01,8728,362822,6599,209155,2122,153659,7,8,5374,124010,3339,119277,5384,243287,California
Contra Costa,2021-03-02,10753,373575,6882,216037,3870,157529,1,9,5770,124816,4966,124243,5772,249059,California
Contra Costa,2021-03-03,11443,385018,7206,223243,4236,161765,1,10,6463,126319,4962,129205,6465,255524,California
Contra Costa,2021-03-04,12011,397029,7186,230429,4823,166588,2,12,6255,126838,5738,134943,6257,261781,California
Contra Costa,2021-03-05,11519,408548,6925,237354,4587,171175,7,19,6618,128581,4883,139826,6626,268407,California
Contra Costa,2021-03-06,7523,416071,4218,241572,2994,174169,311,330,4925,131231,2583,142409,5233,273640,California
Contra Costa,2021-03-07,3864,419935,2467,244039,1333,175502,64,394,3173,133778,689,143098,3236,276876,California
Contra Costa,2021-03-08,8266,428201,3939,247978,4020,179522,307,701,5549,136932,2705,145803,5859,282735,California
Contra Costa,2021-03-09,11219,439420,5947,253925,4975,184497,297,998,5867,137760,5339,151142,6167,288902,California
Contra Costa,2021-03-10,12497,451917,6243,260168,4755,189252,1499,2497,5685,138133,6798,157940,7171,296073,California
Contra Costa,2021-03-11,12549,464466,6607,266775,5374,194626,568,3065,6400,138972,6123,164063,6962,303035,California
Contra Costa,2021-03-12,12703,477169,5235,272010,6898,201524,570,3635,6311,139477,6369,170432,6874,309909,California
Contra Costa,2021-03-13,7911,485080,3179,275189,4298,205822,434,4069,3112,138238,4778,175210,3539,313448,California
Contra Costa,2021-03-14,4448,489528,2632,277821,1329,207151,487,4556,1689,137663,2750,177960,2175,315623,California
Contra Costa,2021-03-15,9538,499066,5180,283001,3594,210745,764,5320,4678,138262,4839,182799,5438,321061,California
Contra Costa,2021-03-16,14438,513504,8607,291608,5421,216166,410,5730,7092,138441,7321,190120,7500,328561,California
Contra Costa,2021-03-17,15190,528694,10502,302110,4464,220630,224,5954,8464,140435,6699,196819,8693,337254,California
Contra Costa,2021-03-18,15538,544232,8679,310789,6378,227008,481,6435,8575,142564,6925,203744,9054,346308,California
Contra Costa,2021-03-19,15762,559994,9120,319909,5229,232237,1413,7848,8160,144555,7583,211327,9574,355882,California
Contra Costa,2021-03-20,10789,570783,6472,326381,4001,236238,316,8164,5104,144317,5658,216985,5420,361302,California
Contra Costa,2021-03-21,4599,575382,4024,330405,477,236715,98,8262,1791,143409,2796,219781,1888,363190,California
Contra Costa,2021-03-22,11727,587109,8840,339245,2628,239343,259,8521,6808,145572,4900,224681,7063,370253,California
Contra Costa,2021-03-23,15778,602887,10896,350141,4710,244053,172,8693,9045,148085,6704,231385,9217,379470,California
Contra Costa,2021-03-24,15127,618014,11795,361936,3118,247171,214,8907,9122,151454,5969,237354,9338,388808,California
Contra Costa,2021-03-25,15445,633459,12036,373972,3115,250286,294,9201,9426,155190,5980,243334,9716,398524,California
Contra Costa,2021-03-26,15145,648604,10862,384834,3880,254166,403,9604,8687,157849,6425,249759,9084,407608,California
Contra Costa,2021-03-27,10591,659195,6885,391719,3193,257359,513,10117,5618,159011,4960,254719,6122,413730,California
Contra Costa,2021-03-28,4258,663453,3037,394756,1167,258526,54,10171,1615,158050,2631,257350,1670,415400,California
Contra Costa,2021-03-29,10961,674414,8546,403302,2300,260826,115,10286,6946,161117,3997,261347,7064,422464,California
Contra Costa,2021-03-30,16867,691281,9232,412534,6278,267104,1357,11643,10391,166405,6451,267798,11739,434203,California
Contra Costa,2021-03-31,18106,709387,12665,425199,3996,271100,1445,13088,11372,172525,6684,274482,12804,447007,California
Contra Costa,2021-04-01,17637,727024,12304,437503,3941,275041,1392,14480,11420,179149,6176,280658,12800,459807,California
Contra Costa,2021-04-02,17548,744572,12908,450411,3607,278648,1033,15513,11618,185873,5919,286577,12643,472450,California
Contra Costa,2021-04-03,10896,755468,6505,456916,2840,281488,1551,17064,6213,188963,4668,291245,7758,480208,California
Contra Costa,2021-04-04,3366,758834,1332,458248,1431,282919,603,17667,853,187911,2505,293750,1453,481661,California
Contra Costa,2021-04-05,12143,770977,7911,466159,3246,286165,986,18653,6578,189926,5549,299299,7564,489225,California
Contra Costa,2021-04-06,17399,788376,12038,478197,3061,289226,2300,20953,9746,194332,7631,306930,12037,501262,California
Contra Costa,2021-04-07,18654,807030,12624,490821,3202,292428,2828,23781,10563,199687,8065,314995,13420,514682,California
Contra Costa,2021-04-08,18730,825760,12479,503300,3326,295754,2925,26706,10035,203967,8667,323662,12947,527629,California
Contra Costa,2021-04-09,18924,844684,12074,515374,4340,300094,2510,29216,10106,207787,8786,332448,12606,540235,California
Contra Costa,2021-04-10,10604,855288,3847,519221,2192,302286,4565,33781,3321,208392,7262,339710,7867,548102,California
Contra Costa,2021-04-11,3374,858662,2011,521232,697,302983,666,34447,1135,207959,2233,341943,1800,549902,California
Contra Costa,2021-04-12,12032,870694,7932,529164,3017,306000,1083,35530,5654,208341,6361,348304,6743,556645,California
Contra Costa,2021-04-13,17978,888672,11030,540194,6940,312940,8,35538,11986,214376,5964,354268,11999,568644,California
Contra Costa,2021-04-14,17794,906466,11180,551374,6613,319553,1,35539,9882,216374,7889,362157,9887,578531,California
Contra Costa,2021-04-15,17599,924065,10800,562174,6798,326351,1,35540,8154,215140,9413,371570,8179,586710,California
Contra Costa,2021-04-16,17018,941083,10595,572769,6422,332773,1,35541,7687,213533,9303,380873,7696,594406,California
Contra Costa,2021-04-17,11599,952682,6367,579136,5232,338005,0,35541,6261,214483,5318,386191,6268,600674,California
Contra Costa,2021-04-18,2928,955610,2288,581424,640,338645,0,35541,1853,215272,1064,387255,1853,602527,California
Contra Costa,2021-04-19,11524,967134,8602,590026,2922,341567,0,35541,3671,211123,7824,395079,3675,606202,California
Contra Costa,2021-04-20,17048,984182,11115,601141,5933,347500,0,35541,6456,207026,10558,405637,6461,612663,California
Contra Costa,2021-04-21,17859,1002041,14602,615743,3256,350756,1,35542,6428,202080,11383,417020,6437,619100,California
Contra Costa,2021-04-22,17377,1019418,14075,629818,3300,354056,2,35544,6148,197051,11188,428208,6159,625259,California
Contra Costa,2021-04-23,17208,1036626,13696,643514,3510,357566,2,35546,5568,191027,11603,439811,5579,630838,California
Contra Costa,2021-04-24,10968,1047594,8452,651966,2515,360081,1,35547,4206,188502,6735,446546,4210,635048,California
Contra Costa,2021-04-25,3291,1050885,2219,654185,1070,361151,2,35549,2078,189374,1212,447758,2084,637132,California
Contra Costa,2021-04-26,10134,1061019,8459,662644,1651,362802,24,35573,3068,185435,7044,454802,3105,640237,California
Contra Costa,2021-04-27,14759,1075778,10787,673431,3794,366596,178,35751,4039,178968,10694,465496,4227,644464,California
Contra Costa,2021-04-28,14343,1090121,11186,684617,2873,369469,284,36035,3858,172669,10448,475944,4149,648613,California
Contra Costa,2021-04-29,13561,1103682,10511,695128,2881,372350,169,36204,3278,165871,10251,486195,3453,652066,California
Contra Costa,2021-04-30,13850,1117532,10903,706031,2689,375039,258,36462,3208,158731,10612,496807,3472,655538,California
Contra Costa,2021-05-01,8050,1125582,5853,711884,1875,376914,322,36784,1920,154870,6103,502910,2242,657780,California
Contra Costa,2021-05-02,2340,1127922,1589,713473,670,377584,81,36865,985,154593,1343,504253,1066,658846,California
Contra Costa,2021-05-03,9138,1137060,8019,721492,944,378528,175,37040,1931,149514,7189,511442,2110,660956,California
Contra Costa,2021-05-04,14222,1151282,12282,733774,1610,380138,330,37370,2313,140279,11878,523320,2643,663599,California
Contra Costa,2021-05-05,12666,1163948,10928,744702,1535,381673,203,37573,2450,132748,10185,533505,2654,666253,California
Contra Costa,2021-05-06,10374,1174322,8621,753323,1416,383089,337,37910,1970,126685,8378,541883,2315,668568,California
Contra Costa,2021-05-07,9705,1184027,7803,761126,1678,384767,224,38134,2240,121715,7430,549313,2460,671028,California
Contra Costa,2021-05-08,5419,1189446,4102,765228,1149,385916,168,38302,1314,119112,4089,553402,1486,672514,California
Contra Costa,2021-05-09,2148,1191594,1818,767046,271,386187,59,38361,449,117931,1691,555093,510,673024,California
Contra Costa,2021-05-10,4979,1196573,3988,771034,771,386958,220,38581,1337,115866,3620,558713,1555,674579,California
Contra Costa,2021-05-11,8896,1205469,4690,775724,3968,390926,238,38819,1785,110805,7091,565804,2030,676609,California
Contra Costa,2021-05-12,9289,1214758,4792,780516,4231,395157,266,39085,1596,105008,7665,573469,1868,678477,California
Contra Costa,2021-05-13,11802,1226560,7884,788400,3731,398888,187,39272,4239,101902,7535,581004,4429,682906,California
Contra Costa,2021-05-14,12284,1238844,8212,796612,3787,402675,285,39557,5025,99979,7231,588235,5308,688214,California
Contra Costa,2021-05-15,10032,1248876,7282,803894,2632,405307,118,39675,4418,98919,5598,593833,4538,692752,California
Contra Costa,2021-05-16,2642,1251518,2326,806220,265,405572,51,39726,1224,98782,1411,595244,1274,694026,California
Contra Costa,2021-05-17,7134,1258652,5759,811979,1198,406770,177,39903,3559,98964,3555,598799,3737,697763,California
Contra Costa,2021-05-18,10249,1268901,7009,818988,3022,409792,218,40121,4441,97848,5778,604577,4662,702425,California
Contra Costa,2021-05-19,8495,1277396,6866,825854,1434,411226,195,40316,3833,97238,4642,609219,4032,706457,California
Contra Costa,2021-05-20,7202,1284598,5682,831536,1333,412559,187,40503,3325,96903,3847,613066,3512,709969,California
Contra Costa,2021-05-21,7088,1291686,5429,836965,1447,414006,212,40715,3207,96465,3854,616920,3416,713385,California
Contra Costa,2021-05-22,5142,1296828,4069,841034,894,414900,179,40894,2509,96543,2608,619528,2686,716071,California
Contra Costa,2021-05-23,1282,1298110,854,841888,371,415271,57,40951,607,96540,666,620194,663,716734,California
Contra Costa,2021-05-24,4750,1302860,3931,845819,642,415913,177,41128,2232,96449,2504,622698,2413,719147,California
Contra Costa,2021-05-25,6282,1309142,5108,850927,923,416836,251,41379,2636,95708,3627,626325,2886,722033,California
Contra Costa,2021-05-26,5636,1314778,3621,854548,1826,418662,189,41568,1938,94158,3676,630001,2126,724159,California
Contra Costa,2021-05-27,3815,1318593,2700,857248,938,419600,177,41745,1605,93743,2193,632194,1778,725937,California
Contra Costa,2021-05-28,5360,1323953,3749,860997,1440,421040,171,41916,2231,93038,3103,635297,2398,728335,California
Contra Costa,2021-05-29,3295,1327248,2146,863143,1032,422072,117,42033,1629,93129,1655,636952,1746,730081,California
Contra Costa,2021-05-30,932,1328180,588,863731,315,422387,29,42062,343,92914,587,637539,372,730453,California
Contra Costa,2021-05-31,387,1328567,267,863998,108,422495,12,42074,127,92795,257,637796,138,730591,California
Contra Costa,2021-06-01,4804,1333371,3573,867571,1085,423580,146,42220,1659,91473,3127,640923,1805,732396,California
Contra Costa,2021-06-02,3442,1336813,2439,870010,859,424439,144,42364,1407,90999,2024,642947,1550,733946,California
Contra Costa,2021-06-03,5436,1342249,4532,874542,789,425228,115,42479,1406,88497,4023,646970,1521,735467,California
Contra Costa,2021-06-04,6397,1348646,5361,879903,897,426125,139,42618,1585,85425,4793,651763,1721,737188,California
Contra Costa,2021-06-05,5214,1353860,4423,884326,679,426804,112,42730,1079,82491,4122,655885,1188,738376,California
Contra Costa,2021-06-06,1363,1355223,1190,885516,143,426947,30,42760,320,81803,1038,656923,350,738726,California
Contra Costa,2021-06-07,4942,1360165,4349,889865,493,427440,100,42860,1355,79682,3577,660500,1456,740182,California
Contra Costa,2021-06-08,6100,1366265,5263,895128,714,428154,123,42983,1416,76554,4667,665167,1539,741721,California
Contra Costa,2021-06-09,4875,1371140,4156,899284,571,428725,148,43131,1262,74370,3593,668760,1409,743130,California
Contra Costa,2021-06-10,4794,1375934,4031,903315,594,429319,169,43300,1231,72223,3547,672307,1400,744530,California
Contra Costa,2021-06-11,4852,1380786,3976,907291,677,429996,199,43499,1276,70136,3561,675868,1474,746004,California
Contra Costa,2021-06-12,3175,1383961,2694,909985,414,430410,67,43566,721,68479,2443,678311,786,746790,California
Contra Costa,2021-06-13,1151,1385112,860,910845,183,430593,108,43674,286,68015,858,679169,394,747184,California
Contra Costa,2021-06-14,3895,1389007,3291,914136,475,431068,129,43803,1118,66500,2759,681928,1244,748428,California
Contra Costa,2021-06-15,4178,1393185,3482,917618,536,431604,160,43963,1311,65113,2858,684786,1471,749899,California
Contra Costa,2021-06-16,3478,1396663,2832,920450,461,432065,185,44148,1208,64253,2251,687037,1391,751290,California
Contra Costa,2021-06-17,2770,1399433,2268,922718,377,432442,125,44273,1050,63714,1712,688749,1173,752463,California
Contra Costa,2021-06-18,3692,1403125,3038,925756,463,432905,191,44464,1327,62877,2353,691102,1516,753979,California
Contra Costa,2021-06-19,2037,1405162,1701,927457,232,433137,104,44568,575,62098,1459,692561,680,754659,California
Contra Costa,2021-06-20,790,1405952,663,928120,98,433235,29,44597,334,62008,452,693013,362,755021,California
Contra Costa,2021-06-21,1815,1407767,1381,929501,277,433512,157,44754,977,62310,830,693843,1132,756153,California
Contra Costa,2021-06-22,3043,1410810,2577,932078,325,433837,141,44895,1188,61796,1842,695685,1328,757481,California
Contra Costa,2021-06-23,2561,1413371,2129,934207,330,434167,102,44997,1028,61401,1525,697210,1130,758611,California
Contra Costa,2021-06-24,2351,1415722,1980,936187,242,434409,129,45126,944,61077,1395,698605,1071,759682,California
Contra Costa,2021-06-25,2770,1418492,2259,938446,356,434765,155,45281,1131,60731,1634,700239,1288,760970,California
Contra Costa,2021-06-26,1455,1419947,1209,939655,170,434935,76,45357,478,60310,975,701214,554,761524,California
Contra Costa,2021-06-27,691,1420638,603,940258,66,435001,22,45379,273,60189,416,701630,295,761819,California
Contra Costa,2021-06-28,2327,1422965,2023,942281,176,435177,128,45507,843,59689,1470,703100,970,762789,California
Contra Costa,2021-06-29,2516,1425481,2109,944390,291,435468,116,45623,971,59240,1533,704633,1084,763873,California
Contra Costa,2021-06-30,2179,1427660,1785,946175,293,435761,101,45724,885,58941,1283,705916,984,764857,California
Contra Costa,2021-07-01,2074,1429734,1744,947919,224,435985,106,45830,839,58665,1224,707140,948,765805,California
Contra Costa,2021-07-02,2144,1431878,1772,949691,295,436280,77,45907,894,58397,1238,708378,970,766775,California
Contra Costa,2021-07-03,1051,1432929,861,950552,131,436411,59,45966,424,58258,621,708999,482,767257,California
Contra Costa,2021-07-04,50,1432979,17,950569,18,436429,15,45981,18,58259,32,709031,33,767290,California
Contra Costa,2021-07-05,407,1433386,316,950885,79,436508,12,45993,192,58250,213,709244,204,767494,California
Del Norte,2020-12-21,23,23,23,23,0,0,0,0,23,23,0,0,23,23,California
Del Norte,2020-12-22,46,69,46,69,0,0,0,0,46,69,0,0,46,69,California
Del Norte,2020-12-23,59,128,48,117,11,11,0,0,57,126,0,0,57,126,California
Del Norte,2020-12-28,34,162,34,151,0,11,0,0,34,160,0,0,34,160,California
Del Norte,2020-12-29,4,166,4,155,0,11,0,0,4,164,0,0,4,164,California
Del Norte,2020-12-30,67,233,55,210,12,23,0,0,68,232,0,0,68,232,California
Del Norte,2020-12-31,16,249,13,223,3,26,0,0,16,248,0,0,16,248,California
Del Norte,2021-01-04,103,352,50,273,53,79,0,0,103,351,0,0,103,351,California
Del Norte,2021-01-05,32,384,0,273,32,111,0,0,32,383,0,0,32,383,California
Del Norte,2021-01-06,77,461,18,291,59,170,0,0,77,460,0,0,77,460,California
Del Norte,2021-01-07,21,482,1,292,20,190,0,0,21,481,0,0,21,481,California
Del Norte,2021-01-08,77,559,7,299,70,260,0,0,77,558,0,0,77,558,California
Del Norte,2021-01-11,40,599,21,320,19,279,0,0,18,555,22,22,19,577,California
Del Norte,2021-01-12,52,651,33,353,19,298,0,0,31,565,21,43,31,608,California
Del Norte,2021-01-13,86,737,40,393,46,344,0,0,53,585,33,76,53,661,California
Del Norte,2021-01-14,54,791,14,407,40,384,0,0,48,627,6,82,48,709,California
Del Norte,2021-01-15,107,898,18,425,89,473,0,0,95,710,12,94,95,804,California
Del Norte,2021-01-17,1,899,1,426,0,473,0,0,1,711,0,94,1,805,California
Del Norte,2021-01-18,2,901,0,426,2,475,0,0,2,713,0,94,2,807,California
Del Norte,2021-01-19,118,1019,56,482,62,537,0,0,76,747,42,136,76,883,California
Del Norte,2021-01-20,161,1180,86,568,75,612,0,0,98,782,63,199,98,981,California
Del Norte,2021-01-21,43,1223,40,608,3,615,0,0,32,803,11,210,32,1013,California
Del Norte,2021-01-22,19,1242,17,625,2,617,0,0,12,808,7,217,12,1025,California
Del Norte,2021-01-23,1,1243,0,625,1,618,0,0,1,809,0,217,1,1026,California
Del Norte,2021-01-24,1,1244,0,625,1,619,0,0,1,810,0,217,1,1027,California
Del Norte,2021-01-25,101,1345,83,708,18,637,0,0,56,821,45,262,56,1083,California
Del Norte,2021-01-26,18,1363,11,719,7,644,0,0,7,817,11,273,7,1090,California
Del Norte,2021-01-27,64,1427,21,740,43,687,0,0,61,875,3,276,61,1151,California
Del Norte,2021-01-28,293,1720,20,760,273,960,0,0,288,1158,5,281,288,1439,California
Del Norte,2021-01-29,64,1784,23,783,41,1001,0,0,44,1182,20,301,44,1483,California
Del Norte,2021-01-30,8,1792,1,784,7,1008,0,0,8,1190,0,301,8,1491,California
Del Norte,2021-02-01,41,1833,1,785,40,1048,0,0,26,1201,15,316,26,1517,California
Del Norte,2021-02-02,142,1975,34,819,108,1156,0,0,72,1206,68,384,73,1590,California
Del Norte,2021-02-03,129,2104,42,861,87,1243,0,0,74,1225,55,439,74,1664,California
Del Norte,2021-02-04,70,2174,28,889,42,1285,0,0,41,1236,30,469,41,1705,California
Del Norte,2021-02-05,184,2358,22,911,162,1447,0,0,119,1291,64,533,119,1824,California
Del Norte,2021-02-06,311,2669,5,916,306,1753,0,0,311,1602,0,533,311,2135,California
Del Norte,2021-02-07,2,2671,1,917,1,1754,0,0,2,1604,0,533,2,2137,California
Del Norte,2021-02-08,35,2706,1,918,34,1788,0,0,31,1631,4,537,31,2168,California
Del Norte,2021-02-09,8,2714,5,923,3,1791,0,0,2,1627,6,543,2,2170,California
Del Norte,2021-02-10,143,2857,20,943,123,1914,0,0,85,1655,57,600,85,2255,California
Del Norte,2021-02-11,178,3035,59,1002,119,2033,0,0,64,1605,114,714,64,2319,California
Del Norte,2021-02-12,123,3158,14,1016,109,2142,0,0,69,1620,54,768,69,2388,California
Del Norte,2021-02-13,2,3160,1,1017,1,2143,0,0,2,1622,0,768,2,2390,California
Del Norte,2021-02-14,3,3163,1,1018,2,2145,0,0,2,1623,1,769,2,2392,California
Del Norte,2021-02-15,5,3168,0,1018,5,2150,0,0,3,1624,2,771,3,2395,California
Del Norte,2021-02-16,131,3299,1,1019,130,2280,0,0,13,1519,118,889,13,2408,California
Del Norte,2021-02-17,93,3392,20,1039,73,2353,0,0,25,1477,67,956,25,2433,California
Del Norte,2021-02-18,77,3469,24,1063,53,2406,0,0,51,1502,26,982,51,2484,California
Del Norte,2021-02-19,43,3512,17,1080,26,2432,0,0,33,1525,10,992,33,2517,California
Del Norte,2021-02-20,9,3521,6,1086,3,2435,0,0,6,1528,3,995,6,2523,California
Del Norte,2021-02-21,1,3522,0,1086,1,2436,0,0,0,1527,1,996,0,2523,California
Del Norte,2021-02-22,2,3524,0,1086,2,2438,0,0,2,1529,0,996,2,2525,California
Del Norte,2021-02-23,109,3633,90,1176,19,2457,0,0,32,1485,76,1072,32,2557,California
Del Norte,2021-02-24,156,3789,100,1276,56,2513,0,0,81,1491,75,1147,81,2638,California
Del Norte,2021-02-25,480,4269,131,1407,349,2862,0,0,214,1441,264,1411,214,2852,California
Del Norte,2021-02-26,213,4482,177,1584,36,2898,0,0,166,1560,47,1458,166,3018,California
Del Norte,2021-02-27,150,4632,144,1728,5,2903,1,1,141,1693,9,1467,142,3160,California
Del Norte,2021-02-28,4,4636,1,1729,3,2906,0,1,3,1695,1,1468,3,3163,California
Del Norte,2021-03-01,28,4664,2,1731,26,2932,0,1,4,1676,23,1491,4,3167,California
Del Norte,2021-03-02,222,4886,142,1873,80,3012,0,1,188,1830,34,1525,188,3355,California
Del Norte,2021-03-03,177,5063,107,1980,70,3082,0,1,135,1923,42,1567,135,3490,California
Del Norte,2021-03-04,120,5183,83,2063,37,3119,0,1,91,1986,28,1595,91,3581,California
Del Norte,2021-03-05,122,5305,11,2074,111,3230,0,1,74,2012,48,1643,74,3655,California
Del Norte,2021-03-06,465,5770,77,2151,339,3569,49,50,163,1880,302,1945,170,3825,California
Del Norte,2021-03-07,2,5772,1,2152,1,3570,0,50,1,1880,1,1946,1,3826,California
Del Norte,2021-03-08,29,5801,1,2153,26,3596,2,52,6,1866,22,1968,8,3834,California
Del Norte,2021-03-09,194,5995,113,2266,78,3674,3,55,183,2041,11,1979,186,4020,California
Del Norte,2021-03-10,236,6231,96,2362,111,3785,29,84,134,2102,102,2081,163,4183,California
Del Norte,2021-03-11,151,6382,55,2417,91,3876,5,89,103,2162,48,2129,108,4291,California
Del Norte,2021-03-12,178,6560,88,2505,90,3966,0,89,124,2233,53,2182,124,4415,California
Del Norte,2021-03-13,94,6654,93,2598,1,3967,0,89,91,2321,3,2185,91,4506,California
Del Norte,2021-03-14,1,6655,0,2598,1,3968,0,89,1,2321,1,2186,1,4507,California
Del Norte,2021-03-15,38,6693,0,2598,38,4006,0,89,34,2351,4,2190,34,4541,California
Del Norte,2021-03-16,282,6975,135,2733,147,4153,0,89,261,2591,21,2211,261,4802,California
Del Norte,2021-03-17,284,7259,95,2828,187,4340,2,91,170,2649,114,2325,172,4974,California
Del Norte,2021-03-18,284,7543,107,2935,175,4515,2,93,149,2666,134,2459,151,5125,California
Del Norte,2021-03-19,270,7813,160,3095,104,4619,6,99,92,2586,178,2637,98,5223,California
Del Norte,2021-03-20,157,7970,154,3249,3,4622,0,99,15,2459,142,2779,15,5238,California
Del Norte,2021-03-21,4,7974,2,3251,2,4624,0,99,2,2459,2,2781,2,5240,California
Del Norte,2021-03-22,43,8017,3,3254,39,4663,1,100,39,2496,3,2784,40,5280,California
Del Norte,2021-03-23,335,8352,164,3418,153,4816,18,118,164,2508,169,2953,181,5461,California
Del Norte,2021-03-24,397,8749,107,3525,250,5066,40,158,228,2607,169,3122,268,5729,California
Del Norte,2021-03-25,193,8942,88,3613,105,5171,0,158,85,2585,107,3229,85,5814,California
Del Norte,2021-03-26,234,9176,113,3726,121,5292,0,158,197,2745,37,3266,197,6011,California
Del Norte,2021-03-27,107,9283,86,3812,4,5296,17,175,17,2689,90,3356,34,6045,California
Del Norte,2021-03-28,4,9287,2,3814,2,5298,0,175,1,2687,3,3359,1,6046,California
Del Norte,2021-03-29,57,9344,6,3820,34,5332,17,192,32,2711,25,3384,49,6095,California
Del Norte,2021-03-30,338,9682,119,3939,208,5540,11,203,126,2636,212,3596,137,6232,California
Del Norte,2021-03-31,356,10038,101,4040,238,5778,17,220,199,2697,155,3751,216,6448,California
Del Norte,2021-04-01,164,10202,58,4098,72,5850,34,254,69,2706,94,3845,103,6551,California
Del Norte,2021-04-02,232,10434,78,4176,105,5955,49,303,49,2622,183,4028,99,6650,California
Del Norte,2021-04-03,108,10542,83,4259,2,5957,23,326,5,2548,102,4130,28,6678,California
Del Norte,2021-04-04,4,10546,0,4259,0,5957,4,330,0,2548,4,4134,4,6682,California
Del Norte,2021-04-05,47,10593,5,4264,38,5995,4,334,40,2585,7,4141,44,6726,California
Del Norte,2021-04-06,381,10974,120,4384,223,6218,38,372,146,2539,231,4372,185,6911,California
Del Norte,2021-04-07,438,11412,115,4499,261,6479,62,434,289,2742,149,4521,352,7263,California
Del Norte,2021-04-08,229,11641,54,4553,106,6585,69,503,105,2792,124,4645,174,7437,California
Del Norte,2021-04-09,207,11848,47,4600,83,6668,77,580,100,2861,106,4751,175,7612,California
Del Norte,2021-04-10,47,11895,26,4626,4,6672,17,597,27,2885,20,4771,44,7656,California
Del Norte,2021-04-11,12,11907,3,4629,2,6674,7,604,2,2884,10,4781,9,7665,California
Del Norte,2021-04-12,27,11934,1,4630,9,6683,17,621,1,2877,25,4806,18,7683,California
Del Norte,2021-04-13,299,12233,50,4680,249,6932,0,621,155,2888,144,4950,155,7838,California
Del Norte,2021-04-14,331,12564,23,4703,308,7240,0,621,139,2840,192,5142,144,7982,California
Del Norte,2021-04-15,164,12728,31,4734,133,7373,0,621,45,2767,119,5261,46,8028,California
Del Norte,2021-04-16,163,12891,40,4774,123,7496,0,621,60,2726,102,5363,61,8089,California
Del Norte,2021-04-17,108,12999,76,4850,32,7528,0,621,102,2822,6,5369,102,8191,California
Del Norte,2021-04-18,6,13005,5,4855,1,7529,0,621,5,2826,1,5370,5,8196,California
Del Norte,2021-04-19,51,13056,6,4861,45,7574,0,621,9,2793,42,5412,9,8205,California
Del Norte,2021-04-20,209,13265,40,4901,169,7743,0,621,74,2732,135,5547,74,8279,California
Del Norte,2021-04-21,292,13557,23,4924,269,8012,0,621,67,2577,225,5772,70,8349,California
Del Norte,2021-04-22,116,13673,16,4940,100,8112,0,621,63,2587,53,5825,63,8412,California
Del Norte,2021-04-23,155,13828,22,4962,133,8245,0,621,41,2514,114,5939,41,8453,California
Del Norte,2021-04-24,25,13853,14,4976,11,8256,0,621,20,2529,5,5944,20,8473,California
Del Norte,2021-04-25,2,13855,0,4976,2,8258,0,621,2,2531,0,5944,2,8475,California
Del Norte,2021-04-26,31,13886,0,4976,31,8289,0,621,9,2518,22,5966,9,8484,California
Del Norte,2021-04-27,181,14067,21,4997,155,8444,5,626,50,2443,131,6097,56,8540,California
Del Norte,2021-04-28,351,14418,100,5097,246,8690,5,631,63,2226,286,6383,69,8609,California
Del Norte,2021-04-29,93,14511,6,5103,83,8773,4,635,26,2189,67,6450,30,8639,California
Del Norte,2021-04-30,87,14598,7,5110,70,8843,10,645,47,2206,40,6490,57,8696,California
Del Norte,2021-05-01,7,14605,2,5112,5,8848,0,645,5,2209,2,6492,5,8701,California
Del Norte,2021-05-02,8,14613,0,5112,8,8856,0,645,8,2217,0,6492,8,8709,California
Del Norte,2021-05-03,40,14653,3,5115,34,8890,3,648,2,2185,37,6529,5,8714,California
Del Norte,2021-05-04,221,14874,36,5151,180,9070,5,653,46,2061,175,6704,51,8765,California
Del Norte,2021-05-05,234,15108,20,5171,206,9276,8,661,59,1954,174,6878,67,8832,California
Del Norte,2021-05-06,113,15221,26,5197,74,9350,13,674,26,1906,87,6965,39,8871,California
Del Norte,2021-05-07,151,15372,28,5225,119,9469,4,678,31,1821,120,7085,35,8906,California
Del Norte,2021-05-08,64,15436,54,5279,8,9477,2,680,6,1771,58,7143,8,8914,California
Del Norte,2021-05-09,11,15447,4,5283,4,9481,3,683,3,1769,8,7151,6,8920,California
Del Norte,2021-05-10,24,15471,3,5286,17,9498,4,687,14,1777,10,7161,18,8938,California
Del Norte,2021-05-11,177,15648,50,5336,125,9623,2,689,34,1670,143,7304,36,8974,California
Del Norte,2021-05-12,151,15799,23,5359,118,9741,10,699,27,1584,123,7427,37,9011,California
Del Norte,2021-05-13,68,15867,30,5389,37,9778,1,700,38,1593,30,7457,39,9050,California
Del Norte,2021-05-14,76,15943,26,5415,49,9827,1,701,41,1600,35,7492,42,9092,California
Del Norte,2021-05-15,96,16039,53,5468,37,9864,6,707,53,1616,43,7535,59,9151,California
Del Norte,2021-05-16,11,16050,0,5468,11,9875,0,707,11,1627,0,7535,11,9162,California
Del Norte,2021-05-17,26,16076,3,5471,20,9895,3,710,15,1634,11,7546,18,9180,California
Del Norte,2021-05-18,129,16205,69,5540,60,9955,0,710,81,1667,48,7594,81,9261,California
Del Norte,2021-05-19,97,16302,14,5554,66,10021,17,727,35,1656,62,7656,51,9312,California
Del Norte,2021-05-20,101,16403,33,5587,65,10086,3,730,41,1641,59,7715,44,9356,California
Del Norte,2021-05-21,81,16484,34,5621,44,10130,3,733,44,1651,37,7752,47,9403,California
Del Norte,2021-05-22,24,16508,8,5629,16,10146,0,733,11,1650,12,7764,11,9414,California
Del Norte,2021-05-23,14,16522,5,5634,9,10155,0,733,7,1650,7,7771,7,9421,California
Del Norte,2021-05-24,25,16547,9,5643,16,10171,0,733,16,1657,9,7780,16,9437,California
Del Norte,2021-05-25,47,16594,5,5648,36,10207,6,739,17,1653,27,7807,23,9460,California
Del Norte,2021-05-26,117,16711,36,5684,74,10281,7,746,54,1652,62,7869,61,9521,California
Del Norte,2021-05-27,72,16783,27,5711,41,10322,4,750,34,1652,38,7907,38,9559,California
Del Norte,2021-05-28,52,16835,7,5718,37,10359,8,758,8,1624,44,7951,16,9575,California
Del Norte,2021-05-29,8,16843,0,5718,4,10363,4,762,3,1626,5,7956,7,9582,California
Del Norte,2021-05-30,6,16849,0,5718,6,10369,0,762,1,1622,5,7961,1,9583,California
Del Norte,2021-05-31,4,16853,2,5720,2,10371,0,762,3,1624,1,7962,3,9586,California
Del Norte,2021-06-01,52,16905,6,5726,39,10410,7,769,11,1601,41,8003,18,9604,California
Del Norte,2021-06-02,83,16988,11,5737,67,10477,5,774,19,1561,64,8067,24,9628,California
Del Norte,2021-06-03,62,17050,36,5773,24,10501,2,776,27,1555,35,8102,29,9657,California
Del Norte,2021-06-04,69,17119,24,5797,40,10541,5,781,19,1529,50,8152,24,9681,California
Del Norte,2021-06-05,1,17120,0,5797,1,10542,0,781,0,1528,1,8153,0,9681,California
Del Norte,2021-06-06,10,17130,4,5801,4,10546,2,783,7,1534,3,8156,9,9690,California
Del Norte,2021-06-07,41,17171,9,5810,27,10573,5,788,15,1528,26,8182,20,9710,California
Del Norte,2021-06-08,112,17283,81,5891,26,10599,5,793,33,1487,79,8261,38,9748,California
Del Norte,2021-06-09,58,17341,11,5902,40,10639,7,800,16,1468,42,8303,23,9771,California
Del Norte,2021-06-10,57,17398,27,5929,23,10662,7,807,12,1443,44,8347,19,9790,California
Del Norte,2021-06-11,59,17457,23,5952,27,10689,9,816,13,1419,46,8393,22,9812,California
Del Norte,2021-06-12,17,17474,3,5955,11,10700,3,819,2,1409,15,8408,5,9817,California
Del Norte,2021-06-13,61,17535,43,5998,13,10713,5,824,13,1379,48,8456,18,9835,California
Del Norte,2021-06-14,37,17572,15,6013,18,10731,4,828,15,1377,21,8477,19,9854,California
Del Norte,2021-06-15,38,17610,9,6022,21,10752,8,836,5,1357,33,8510,13,9867,California
Del Norte,2021-06-16,99,17709,38,6060,50,10802,11,847,22,1313,77,8587,33,9900,California
Del Norte,2021-06-17,31,17740,13,6073,15,10817,3,850,7,1299,24,8611,10,9910,California
Del Norte,2021-06-18,48,17788,22,6095,21,10838,5,855,19,1294,29,8640,24,9934,California
Del Norte,2021-06-19,11,17799,0,6095,7,10845,4,859,3,1293,8,8648,7,9941,California
Del Norte,2021-06-20,13,17812,9,6104,4,10849,0,859,8,1296,5,8653,8,9949,California
Del Norte,2021-06-21,23,17835,8,6112,10,10859,5,864,9,1296,14,8667,14,9963,California
Del Norte,2021-06-22,39,17874,9,6121,19,10878,11,875,14,1296,25,8692,25,9988,California
Del Norte,2021-06-23,68,17942,32,6153,30,10908,6,881,31,1297,36,8728,37,10025,California
Del Norte,2021-06-24,48,17990,27,6180,13,10921,8,889,17,1291,31,8759,25,10050,California
Del Norte,2021-06-25,28,18018,14,6194,12,10933,2,891,13,1291,15,8774,15,10065,California
Del Norte,2021-06-26,5,18023,0,6194,5,10938,0,891,2,1290,3,8777,2,10067,California
Del Norte,2021-06-27,9,18032,4,6198,5,10943,0,891,6,1293,3,8780,6,10073,California
Del Norte,2021-06-28,13,18045,6,6204,5,10948,2,893,7,1296,6,8786,9,10082,California
Del Norte,2021-06-29,54,18099,40,6244,12,10960,2,895,19,1282,35,8821,21,10103,California
Del Norte,2021-06-30,35,18134,17,6261,13,10973,5,900,11,1274,24,8845,16,10119,California
Del Norte,2021-07-01,20,18154,7,6268,9,10982,4,904,6,1270,14,8859,10,10129,California
Del Norte,2021-07-02,18,18172,7,6275,10,10992,1,905,6,1265,12,8871,7,10136,California
Del Norte,2021-07-03,3,18175,2,6277,1,10993,0,905,2,1266,1,8872,2,10138,California
Del Norte,2021-07-04,5,18180,4,6281,1,10994,0,905,1,1263,4,8876,1,10139,California
Del Norte,2021-07-05,8,18188,4,6285,4,10998,0,905,2,1259,6,8882,2,10141,California
El Dorado,2020-12-15,12,12,12,12,0,0,0,0,12,12,0,0,12,12,California
El Dorado,2020-12-16,40,52,40,52,0,0,0,0,40,52,0,0,40,52,California
El Dorado,2020-12-17,33,85,33,85,0,0,0,0,33,85,0,0,33,85,California
El Dorado,2020-12-18,263,348,263,348,0,0,0,0,263,348,0,0,263,348,California
El Dorado,2020-12-19,119,467,119,467,0,0,0,0,119,467,0,0,119,467,California
El Dorado,2020-12-20,87,554,87,554,0,0,0,0,87,554,0,0,87,554,California
El Dorado,2020-12-21,312,866,311,865,1,1,0,0,312,866,0,0,312,866,California
El Dorado,2020-12-22,241,1107,217,1082,24,25,0,0,241,1107,0,0,241,1107,California
El Dorado,2020-12-23,190,1297,141,1223,49,74,0,0,190,1297,0,0,190,1297,California
El Dorado,2020-12-24,87,1384,66,1289,21,95,0,0,87,1384,0,0,87,1384,California
El Dorado,2020-12-25,8,1392,8,1297,0,95,0,0,8,1392,0,0,8,1392,California
El Dorado,2020-12-26,45,1437,27,1324,18,113,0,0,45,1437,0,0,45,1437,California
El Dorado,2020-12-27,38,1475,34,1358,4,117,0,0,38,1475,0,0,38,1475,California
El Dorado,2020-12-28,217,1692,168,1526,49,166,0,0,217,1692,0,0,217,1692,California
El Dorado,2020-12-29,462,2154,145,1671,317,483,0,0,462,2154,0,0,462,2154,California
El Dorado,2020-12-30,510,2664,139,1810,371,854,0,0,510,2664,0,0,510,2664,California
El Dorado,2020-12-31,110,2774,69,1879,41,895,0,0,110,2774,0,0,110,2774,California
El Dorado,2021-01-01,7,2781,4,1883,3,898,0,0,7,2781,0,0,7,2781,California
El Dorado,2021-01-02,155,2936,142,2025,13,911,0,0,155,2936,0,0,155,2936,California
El Dorado,2021-01-03,96,3032,19,2044,77,988,0,0,96,3032,0,0,96,3032,California
El Dorado,2021-01-04,192,3224,61,2105,131,1119,0,0,192,3224,0,0,192,3224,California
El Dorado,2021-01-05,229,3453,73,2178,156,1275,0,0,211,3417,18,18,211,3435,California
El Dorado,2021-01-06,242,3695,168,2346,74,1349,0,0,176,3528,65,83,176,3611,California
El Dorado,2021-01-07,334,4029,137,2483,197,1546,0,0,257,3708,77,160,257,3868,California
El Dorado,2021-01-08,995,5024,514,2997,481,2027,0,0,768,4250,227,387,769,4637,California
El Dorado,2021-01-09,199,5223,161,3158,38,2065,0,0,127,4305,72,459,127,4764,California
El Dorado,2021-01-10,182,5405,133,3291,49,2114,0,0,109,4342,73,532,110,4874,California
El Dorado,2021-01-11,663,6068,294,3585,369,2483,0,0,463,4607,199,731,464,5338,California
El Dorado,2021-01-12,810,6878,427,4012,383,2866,0,0,558,4913,252,983,558,5896,California
El Dorado,2021-01-13,706,7584,301,4313,405,3271,0,0,541,5289,165,1148,541,6437,California
El Dorado,2021-01-14,806,8390,224,4537,582,3853,0,0,708,5900,97,1245,708,7145,California
El Dorado,2021-01-15,797,9187,189,4726,608,4461,0,0,723,6549,74,1319,723,7868,California
El Dorado,2021-01-16,218,9405,104,4830,114,4575,0,0,191,6713,27,1346,191,8059,California
El Dorado,2021-01-17,107,9512,50,4880,57,4632,0,0,89,6784,18,1364,89,8148,California
El Dorado,2021-01-18,427,9939,143,5023,284,4916,0,0,354,7065,73,1437,354,8502,California
El Dorado,2021-01-19,754,10693,452,5475,302,5218,0,0,603,7518,151,1588,604,9106,California
El Dorado,2021-01-20,1014,11707,692,6167,322,5540,0,0,899,8303,114,1702,899,10005,California
El Dorado,2021-01-21,1272,12979,683,6850,589,6129,0,0,1064,9200,167,1869,1064,11069,California
El Dorado,2021-01-22,1246,14225,843,7693,403,6532,0,0,1184,10323,61,1930,1184,12253,California
El Dorado,2021-01-23,884,15109,626,8319,258,6790,0,0,767,10973,117,2047,767,13020,California
El Dorado,2021-01-24,132,15241,80,8399,52,6842,0,0,112,11065,20,2067,112,13132,California
El Dorado,2021-01-25,699,15940,291,8690,408,7250,0,0,611,11588,88,2155,611,13743,California
El Dorado,2021-01-26,686,16626,371,9061,315,7565,0,0,580,12062,106,2261,580,14323,California
El Dorado,2021-01-27,1000,17626,396,9457,604,8169,0,0,661,12383,340,2601,661,14984,California
El Dorado,2021-01-28,1118,18744,455,9912,663,8832,0,0,755,12775,363,2964,755,15739,California
El Dorado,2021-01-29,1047,19791,557,10469,490,9322,0,0,754,13238,292,3256,755,16494,California
El Dorado,2021-01-30,841,20632,293,10762,548,9870,0,0,744,13886,96,3352,744,17238,California
El Dorado,2021-01-31,239,20871,215,10977,24,9894,0,0,184,14015,55,3407,184,17422,California
El Dorado,2021-02-01,805,21676,368,11345,437,10331,0,0,654,14518,151,3558,654,18076,California
El Dorado,2021-02-02,850,22526,369,11714,481,10812,0,0,686,15040,164,3722,686,18762,California
El Dorado,2021-02-03,909,23435,479,12193,430,11242,0,0,696,15523,213,3935,696,19458,California
El Dorado,2021-02-04,1255,24690,710,12903,545,11787,0,0,874,16018,379,4314,874,20332,California
El Dorado,2021-02-05,1506,26196,611,13514,895,12682,0,0,871,16291,598,4912,871,21203,California
El Dorado,2021-02-06,1088,27284,333,13847,755,13437,0,0,978,17160,110,5022,979,22182,California
El Dorado,2021-02-07,263,27547,180,14027,83,13520,0,0,197,17291,66,5088,197,22379,California
El Dorado,2021-02-08,888,28435,420,14447,468,13988,0,0,608,17621,278,5366,608,22987,California
El Dorado,2021-02-09,976,29411,548,14995,428,14416,0,0,543,17731,433,5799,543,23530,California
El Dorado,2021-02-10,1269,30680,743,15738,526,14942,0,0,669,17801,599,6398,669,24199,California
El Dorado,2021-02-11,2171,32851,898,16636,1273,16215,0,0,753,17140,1415,7813,754,24953,California
El Dorado,2021-02-12,1586,34437,833,17469,753,16968,0,0,675,16906,910,8723,676,25629,California
El Dorado,2021-02-13,1261,35698,676,18145,585,17553,0,0,660,16968,598,9321,660,26289,California
El Dorado,2021-02-14,494,36192,158,18303,336,17889,0,0,401,17276,93,9414,401,26690,California
El Dorado,2021-02-15,1179,37371,385,18688,794,18683,0,0,819,17739,360,9774,823,27513,California
El Dorado,2021-02-16,1212,38583,531,19219,681,19364,0,0,671,17871,540,10314,672,28185,California
El Dorado,2021-02-17,959,39542,425,19644,534,19898,0,0,464,17842,495,10809,466,28651,California
El Dorado,2021-02-18,2117,41659,1034,20678,1083,20981,0,0,1077,17881,1038,11847,1077,29728,California
El Dorado,2021-02-19,1240,42899,664,21342,576,21557,0,0,695,18033,543,12390,695,30423,California
El Dorado,2021-02-20,1097,43996,464,21806,633,22190,0,0,686,18315,405,12795,687,31110,California
El Dorado,2021-02-21,371,44367,238,22044,133,22323,0,0,181,18306,190,12985,181,31291,California
El Dorado,2021-02-22,919,45286,457,22501,462,22785,0,0,287,17964,629,13614,287,31578,California
El Dorado,2021-02-23,899,46185,510,23011,389,23174,0,0,364,17795,533,14147,364,31942,California
El Dorado,2021-02-24,1050,47235,453,23464,597,23771,0,0,439,17623,611,14758,439,32381,California
El Dorado,2021-02-25,1929,49164,1152,24616,777,24548,0,0,696,17099,1224,15982,700,33081,California
El Dorado,2021-02-26,2408,51572,1507,26123,901,25449,0,0,1614,17923,790,16772,1614,34695,California
El Dorado,2021-02-27,1743,53315,449,26572,1294,26743,0,0,1294,18771,446,17218,1294,35989,California
El Dorado,2021-02-28,965,54280,229,26801,736,27479,0,0,505,18818,459,17677,506,36495,California
El Dorado,2021-03-01,1167,55447,468,27269,697,28176,2,2,644,18942,522,18199,646,37141,California
El Dorado,2021-03-02,943,56390,273,27542,669,28845,1,3,495,18993,446,18645,497,37638,California
El Dorado,2021-03-03,1765,58155,471,28013,1294,30139,0,3,1205,19648,552,19197,1207,38845,California
El Dorado,2021-03-04,2534,60689,1555,29568,979,31118,0,3,1201,19521,1329,20526,1202,40047,California
El Dorado,2021-03-05,1593,62282,432,30000,1156,32274,5,8,1055,20049,532,21058,1060,41107,California
El Dorado,2021-03-06,747,63029,218,30218,494,32768,35,43,394,20127,351,21409,429,41536,California
El Dorado,2021-03-07,859,63888,198,30416,642,33410,19,62,244,19778,612,22021,263,41799,California
El Dorado,2021-03-08,1346,65234,378,30794,894,34304,74,136,863,20234,479,22500,935,42734,California
El Dorado,2021-03-09,1002,66236,231,31025,702,35006,69,205,597,20510,390,22890,666,43400,California
El Dorado,2021-03-10,980,67216,350,31375,574,35580,56,261,571,20733,403,23293,626,44026,California
El Dorado,2021-03-11,3050,70266,1850,33225,1013,36593,187,448,1290,20470,1737,25030,1474,45500,California
El Dorado,2021-03-12,1812,72078,628,33853,937,37530,247,695,752,20427,1042,26072,999,46499,California
El Dorado,2021-03-13,1140,73218,348,34201,508,38038,284,979,436,20442,702,26774,717,47216,California
El Dorado,2021-03-14,1024,74242,207,34408,706,38744,111,1090,279,20088,744,27518,390,47606,California
El Dorado,2021-03-15,1405,75647,304,34712,975,39719,126,1216,607,20028,794,28312,734,48340,California
El Dorado,2021-03-16,1236,76883,427,35139,665,40384,144,1360,564,20070,667,28979,709,49049,California
El Dorado,2021-03-17,1155,78038,363,35502,694,41078,98,1458,749,20510,405,29384,845,49894,California
El Dorado,2021-03-18,3010,81048,1784,37286,1181,42259,45,1503,1972,21499,1028,30412,2017,51911,California
El Dorado,2021-03-19,1129,82177,365,37651,612,42871,152,1655,628,21780,498,30910,779,52690,California
El Dorado,2021-03-20,1089,83266,273,37924,801,43672,15,1670,504,21726,573,31483,519,53209,California
El Dorado,2021-03-21,1095,84361,424,38348,666,44338,5,1675,908,22455,184,31667,913,54122,California
El Dorado,2021-03-22,1515,85876,494,38842,939,45277,82,1757,1186,23400,323,31990,1268,55390,California
El Dorado,2021-03-23,1160,87036,459,39301,606,45883,95,1852,735,23817,413,32403,830,56220,California
El Dorado,2021-03-24,1468,88504,633,39934,641,46524,194,2046,660,23891,780,33183,854,57074,California
El Dorado,2021-03-25,2526,91030,1691,41625,728,47252,107,2153,1371,24223,1147,34330,1479,58553,California
El Dorado,2021-03-26,1831,92861,698,42323,1021,48273,112,2265,929,24388,877,35207,1042,59595,California
El Dorado,2021-03-27,1506,94367,189,42512,1312,49585,5,2270,496,23885,1004,36211,501,60096,California
El Dorado,2021-03-28,694,95061,182,42694,500,50085,12,2282,170,23547,520,36731,182,60278,California
El Dorado,2021-03-29,1321,96382,434,43128,871,50956,16,2298,824,23893,494,37225,840,61118,California
El Dorado,2021-03-30,1368,97750,416,43544,859,51815,93,2391,682,23988,678,37903,773,61891,California
El Dorado,2021-03-31,1572,99322,589,44133,917,52732,66,2457,658,23798,911,38814,721,62612,California
El Dorado,2021-04-01,3247,102569,1774,45907,1390,54122,83,2540,1540,23719,1703,40517,1624,64236,California
El Dorado,2021-04-02,1902,104471,565,46472,1240,55362,97,2637,749,23418,1147,41664,846,65082,California
El Dorado,2021-04-03,752,105223,298,46770,333,55695,121,2758,228,23246,520,42184,348,65430,California
El Dorado,2021-04-04,274,105497,85,46855,141,55836,48,2806,98,23217,175,42359,146,65576,California
El Dorado,2021-04-05,1424,106921,424,47279,906,56742,94,2900,591,23076,825,43184,684,66260,California
El Dorado,2021-04-06,1415,108336,525,47804,670,57412,220,3120,441,22765,969,44153,658,66918,California
El Dorado,2021-04-07,1593,109929,559,48363,583,57995,451,3571,545,22713,1045,45198,993,67911,California
El Dorado,2021-04-08,2697,112626,1729,50092,731,58726,237,3808,1114,22488,1574,46772,1349,69260,California
El Dorado,2021-04-09,1449,114075,458,50550,769,59495,222,4030,570,22400,876,47648,788,70048,California
El Dorado,2021-04-10,1016,115091,229,50779,675,60170,112,4142,660,22819,352,48000,771,70819,California
El Dorado,2021-04-11,773,115864,454,51233,303,60473,16,4158,206,22475,566,48566,222,71041,California
El Dorado,2021-04-12,1287,117151,501,51734,638,61111,148,4306,560,22462,720,49286,707,71748,California
El Dorado,2021-04-13,1123,118274,611,52345,512,61623,0,4306,507,22357,612,49898,507,72255,California
El Dorado,2021-04-14,1103,119377,468,52813,634,62257,1,4307,378,22027,709,50607,379,72634,California
El Dorado,2021-04-15,2523,121900,1696,54509,827,63084,0,4307,961,21432,1557,52164,962,73596,California
El Dorado,2021-04-16,1473,123373,522,55031,951,64035,0,4307,608,21182,859,53023,609,74205,California
El Dorado,2021-04-17,1011,124384,203,55234,807,64842,1,4308,709,21592,299,53322,709,74914,California
El Dorado,2021-04-18,1209,125593,120,55354,1089,65931,0,4308,426,21237,781,54103,426,75340,California
El Dorado,2021-04-19,1739,127332,444,55798,1295,67226,0,4308,698,20900,1035,55138,698,76038,California
El Dorado,2021-04-20,1152,128484,399,56197,753,67979,0,4308,478,20710,669,55807,479,76517,California
El Dorado,2021-04-21,1240,129724,536,56733,700,68679,4,4312,637,20754,595,56402,639,77156,California
El Dorado,2021-04-22,2581,132305,1713,58446,868,69547,0,4312,1073,20324,1504,57906,1074,78230,California
El Dorado,2021-04-23,1435,133740,521,58967,914,70461,0,4312,726,20346,706,58612,728,78958,California
El Dorado,2021-04-24,1044,134784,521,59488,523,70984,0,4312,805,20914,237,58849,805,79763,California
El Dorado,2021-04-25,832,135616,450,59938,382,71366,0,4312,475,21032,357,59206,475,80238,California
El Dorado,2021-04-26,1205,136821,495,60433,693,72059,17,4329,566,20980,634,59840,582,80820,California
El Dorado,2021-04-27,1138,137959,432,60865,668,72727,38,4367,509,20905,622,60462,547,81367,California
El Dorado,2021-04-28,1086,139045,375,61240,671,73398,40,4407,441,20743,643,61105,481,81848,California
El Dorado,2021-04-29,2007,141052,1379,62619,596,73994,32,4439,599,19969,1405,62510,631,82479,California
El Dorado,2021-04-30,2154,143206,1366,63985,747,74741,41,4480,1378,20625,762,63272,1418,83897,California
El Dorado,2021-05-01,621,143827,285,64270,308,75049,28,4508,278,20595,336,63608,306,84203,California
El Dorado,2021-05-02,301,144128,214,64484,58,75107,29,4537,100,20525,198,63806,128,84331,California
El Dorado,2021-05-03,825,144953,403,64887,372,75479,50,4587,281,20317,540,64346,332,84663,California
El Dorado,2021-05-04,916,145869,462,65349,394,75873,60,4647,328,20121,584,64930,388,85051,California
El Dorado,2021-05-05,904,146773,451,65800,379,76252,74,4721,436,20165,466,65396,510,85561,California
El Dorado,2021-05-06,1140,147913,504,66304,588,76840,48,4769,486,20047,648,66044,530,86091,California
El Dorado,2021-05-07,994,148907,389,66693,546,77386,59,4828,403,19917,591,66635,461,86552,California
El Dorado,2021-05-08,675,149582,155,66848,483,77869,37,4865,207,19696,465,67100,244,86796,California
El Dorado,2021-05-09,232,149814,93,66941,112,77981,27,4892,102,19696,129,67229,129,86925,California
El Dorado,2021-05-10,829,150643,276,67217,495,78476,58,4950,241,19415,578,67807,297,87222,California
El Dorado,2021-05-11,697,151340,310,67527,325,78801,62,5012,283,19350,411,68218,346,87568,California
El Dorado,2021-05-12,656,151996,346,67873,269,79070,41,5053,251,19238,405,68623,293,87861,California
El Dorado,2021-05-13,1263,153259,797,68670,426,79496,40,5093,469,18958,788,69411,508,88369,California
El Dorado,2021-05-14,1412,154671,814,69484,514,80010,84,5177,668,18971,739,70150,752,89121,California
El Dorado,2021-05-15,908,155579,561,70045,291,80301,56,5233,322,18763,586,70736,378,89499,California
El Dorado,2021-05-16,873,156452,464,70509,383,80684,26,5259,235,18387,637,71373,261,89760,California
El Dorado,2021-05-17,1581,158033,669,71178,863,81547,49,5308,560,17978,1017,72390,608,90368,California
El Dorado,2021-05-18,1031,159064,517,71695,460,82007,54,5362,438,17878,592,72982,492,90860,California
El Dorado,2021-05-19,820,159884,333,72028,435,82442,52,5414,307,17730,506,73488,358,91218,California
El Dorado,2021-05-20,1184,161068,660,72688,449,82891,75,5489,443,17507,739,74227,516,91734,California
El Dorado,2021-05-21,2340,163408,1750,74438,548,83439,42,5531,813,16839,1523,75750,855,92589,California
El Dorado,2021-05-22,708,164116,207,74645,465,83904,36,5567,223,16614,484,76234,259,92848,California
El Dorado,2021-05-23,381,164497,134,74779,218,84122,29,5596,94,16452,285,76519,123,92971,California
El Dorado,2021-05-24,883,165380,456,75235,358,84480,69,5665,308,16256,571,77090,375,93346,California
El Dorado,2021-05-25,609,165989,255,75490,318,84798,36,5701,221,16127,385,77475,256,93602,California
El Dorado,2021-05-26,811,166800,400,75890,387,85185,24,5725,279,15900,530,78005,303,93905,California
El Dorado,2021-05-27,623,167423,245,76135,343,85528,35,5760,311,15934,311,78316,345,94250,California
El Dorado,2021-05-28,730,168153,257,76392,409,85937,64,5824,305,15881,422,78738,369,94619,California
El Dorado,2021-05-29,394,168547,114,76506,264,86201,16,5840,174,15851,220,78958,190,94809,California
El Dorado,2021-05-30,172,168719,100,76606,58,86259,14,5854,81,15856,90,79048,95,94904,California
El Dorado,2021-05-31,37,168756,12,76618,14,86273,11,5865,8,15846,29,79077,19,94923,California
El Dorado,2021-06-01,680,169436,293,76911,347,86620,40,5905,231,15671,446,79523,271,95194,California
El Dorado,2021-06-02,631,170067,301,77212,280,86900,50,5955,259,15610,370,79893,309,95503,California
El Dorado,2021-06-03,729,170796,339,77551,347,87247,43,5998,176,15276,553,80446,219,95722,California
El Dorado,2021-06-04,885,171681,527,78078,324,87571,34,6032,186,14799,697,81143,220,95942,California
El Dorado,2021-06-05,389,172070,225,78303,152,87723,12,6044,83,14589,305,81448,95,96037,California
El Dorado,2021-06-06,281,172351,196,78499,69,87792,16,6060,52,14428,228,81676,67,96104,California
El Dorado,2021-06-07,787,173138,489,78988,258,88050,40,6100,172,14033,607,82283,212,96316,California
El Dorado,2021-06-08,634,173772,385,79373,216,88266,33,6133,131,13696,500,82783,163,96479,California
El Dorado,2021-06-09,467,174239,279,79652,162,88428,26,6159,112,13479,355,83138,138,96617,California
El Dorado,2021-06-10,587,174826,365,80017,191,88619,31,6190,159,13243,426,83564,190,96807,California
El Dorado,2021-06-11,657,175483,394,80411,219,88838,44,6234,130,12891,526,84090,174,96981,California
El Dorado,2021-06-12,262,175745,154,80565,89,88927,19,6253,60,12769,201,84291,79,97060,California
El Dorado,2021-06-13,162,175907,89,80654,55,88982,18,6271,33,12692,128,84419,51,97111,California
El Dorado,2021-06-14,514,176421,361,81015,123,89105,30,6301,136,12480,378,84797,166,97277,California
El Dorado,2021-06-15,449,176870,239,81254,173,89278,37,6338,126,12323,320,85117,163,97440,California
El Dorado,2021-06-16,507,177377,358,81612,109,89387,40,6378,130,12117,376,85493,170,97610,California
El Dorado,2021-06-17,435,177812,266,81878,136,89523,33,6411,139,11995,295,85788,173,97783,California
El Dorado,2021-06-18,397,178209,253,82131,109,89632,35,6446,118,11870,278,86066,153,97936,California
El Dorado,2021-06-19,248,178457,154,82285,80,89712,14,6460,91,11819,156,86222,105,98041,California
El Dorado,2021-06-20,123,178580,89,82374,28,89740,6,6466,52,11806,71,86293,58,98099,California
El Dorado,2021-06-21,319,178899,164,82538,129,89869,26,6492,124,11763,193,86486,150,98249,California
El Dorado,2021-06-22,395,179294,259,82797,114,89983,22,6514,133,11657,261,86747,155,98404,California
El Dorado,2021-06-23,422,179716,290,83087,110,90093,22,6536,138,11535,282,87029,160,98564,California
El Dorado,2021-06-24,391,180107,241,83328,136,90229,14,6550,144,11446,247,87276,158,98722,California
El Dorado,2021-06-25,351,180458,214,83542,99,90328,38,6588,143,11424,203,87479,181,98903,California
El Dorado,2021-06-26,208,180666,122,83664,71,90399,15,6603,69,11371,138,87617,85,98988,California
El Dorado,2021-06-27,115,180781,80,83744,29,90428,6,6609,51,11364,64,87681,57,99045,California
El Dorado,2021-06-28,303,181084,214,83958,63,90491,26,6635,132,11352,170,87851,158,99203,California
El Dorado,2021-06-29,292,181376,168,84126,102,90593,22,6657,115,11314,175,88026,137,99340,California
El Dorado,2021-06-30,247,181623,175,84301,60,90653,12,6669,121,11322,125,88151,133,99473,California
El Dorado,2021-07-01,234,181857,136,84437,83,90736,15,6684,89,11280,145,88296,103,99576,California
El Dorado,2021-07-02,256,182113,162,84599,70,90806,24,6708,110,11269,145,88441,134,99710,California
El Dorado,2021-07-03,97,182210,74,84673,18,90824,5,6713,46,11269,51,88492,51,99761,California
El Dorado,2021-07-04,4,182214,0,84673,1,90825,3,6716,0,11268,4,88496,3,99764,California
El Dorado,2021-07-05,52,182266,27,84700,23,90848,2,6718,22,11262,30,88526,24,99788,California
Fresno,2020-12-15,2,2,2,2,0,0,0,0,2,2,0,0,2,2,California
Fresno,2020-12-16,124,126,124,126,0,0,0,0,124,126,0,0,124,126,California
Fresno,2020-12-17,123,249,123,249,0,0,0,0,123,249,0,0,123,249,California
Fresno,2020-12-18,350,599,350,599,0,0,0,0,350,599,0,0,350,599,California
Fresno,2020-12-19,161,760,161,760,0,0,0,0,161,760,0,0,161,760,California
Fresno,2020-12-20,256,1016,254,1014,2,2,0,0,256,1016,0,0,256,1016,California
Fresno,2020-12-21,929,1945,927,1941,2,4,0,0,958,1974,0,0,958,1974,California
Fresno,2020-12-22,907,2852,875,2816,32,36,0,0,911,2885,0,0,911,2885,California
Fresno,2020-12-23,1091,3943,1047,3863,44,80,0,0,1092,3977,0,0,1092,3977,California
Fresno,2020-12-24,590,4533,564,4427,26,106,0,0,590,4567,0,0,590,4567,California
Fresno,2020-12-25,3,4536,1,4428,2,108,0,0,3,4570,0,0,3,4570,California
Fresno,2020-12-26,723,5259,714,5142,9,117,0,0,723,5293,0,0,723,5293,California
Fresno,2020-12-27,306,5565,210,5352,96,213,0,0,306,5599,0,0,306,5599,California
Fresno,2020-12-28,1095,6660,801,6153,294,507,0,0,1096,6695,0,0,1096,6695,California
Fresno,2020-12-29,1765,8425,999,7152,766,1273,0,0,1763,8457,1,1,1763,8458,California
Fresno,2020-12-30,984,9409,443,7595,541,1814,0,0,984,9441,0,1,984,9442,California
Fresno,2020-12-31,927,10336,309,7904,618,2432,0,0,927,10368,0,1,927,10369,California
Fresno,2021-01-01,10,10346,3,7907,7,2439,0,0,10,10378,0,1,10,10379,California
Fresno,2021-01-02,1026,11372,712,8619,314,2753,0,0,1026,11404,0,1,1026,11405,California
Fresno,2021-01-03,155,11527,129,8748,26,2779,0,0,155,11559,0,1,155,11560,California
Fresno,2021-01-04,623,12150,376,9124,247,3026,0,0,623,12182,0,1,623,12183,California
Fresno,2021-01-05,786,12936,312,9436,474,3500,0,0,712,12820,74,75,712,12895,California
Fresno,2021-01-06,995,13931,351,9787,644,4144,0,0,821,13467,174,249,821,13716,California
Fresno,2021-01-07,1902,15833,918,10705,984,5128,0,0,1647,14862,255,504,1650,15366,California
Fresno,2021-01-08,1796,17629,615,11320,1181,6309,0,0,1430,15929,364,868,1431,16797,California
Fresno,2021-01-09,635,18264,390,11710,245,6554,0,0,357,16008,278,1146,357,17154,California
Fresno,2021-01-10,517,18781,487,12197,30,6584,0,0,204,15899,313,1459,204,17358,California
Fresno,2021-01-11,2228,21009,1810,14007,418,7002,0,0,1533,16741,695,2154,1537,18895,California
Fresno,2021-01-12,2541,23550,1831,15838,710,7712,0,0,1690,17580,853,3007,1692,20587,California
Fresno,2021-01-13,3571,27121,2438,18276,1133,8845,0,0,2715,19441,857,3864,2718,23305,California
Fresno,2021-01-14,4166,31287,2200,20476,1966,10811,0,0,3694,22664,471,4335,3694,26999,California
Fresno,2021-01-15,3681,34968,2542,23018,1139,11950,0,0,3321,25629,360,4695,3325,30324,California
Fresno,2021-01-16,3159,38127,2314,25332,845,12795,0,0,2689,27850,470,5165,2691,33015,California
Fresno,2021-01-17,979,39106,557,25889,422,13217,0,0,779,28429,200,5365,779,33794,California
Fresno,2021-01-18,3093,42199,2378,28267,715,13932,0,0,2436,30212,655,6020,2438,36232,California
Fresno,2021-01-19,4355,46554,2551,30818,1804,15736,0,0,3696,33253,659,6679,3700,39932,California
Fresno,2021-01-20,3057,49611,1227,32045,1830,17566,0,0,2742,35686,312,6991,2745,42677,California
Fresno,2021-01-21,4447,54058,2080,34125,2367,19933,0,0,4082,39432,342,7333,4088,46765,California
Fresno,2021-01-22,3335,57393,1356,35481,1979,21912,0,0,2947,42009,371,7704,2948,49713,California
Fresno,2021-01-23,3066,60459,1982,37463,1084,22996,0,0,2343,43635,722,8426,2348,52061,California
Fresno,2021-01-24,557,61016,376,37839,181,23177,0,0,350,43780,207,8633,352,52413,California
Fresno,2021-01-25,2446,63462,868,38707,1578,24755,0,0,1867,45071,579,9212,1870,54283,California
Fresno,2021-01-26,2099,65561,597,39304,1502,26257,0,0,1330,45635,767,9979,1331,55614,California
Fresno,2021-01-27,2425,67986,1251,40555,1174,27431,0,0,1744,46713,676,10655,1754,57368,California
Fresno,2021-01-28,4579,72565,3069,43624,1510,28941,0,0,3477,49095,1098,11753,3480,60848,California
Fresno,2021-01-29,1682,74247,950,44574,732,29673,0,0,1376,50171,301,12054,1377,62225,California
Fresno,2021-01-30,1451,75698,545,45119,906,30579,0,0,1034,50788,417,12471,1034,63259,California
Fresno,2021-01-31,226,75924,215,45334,11,30590,0,0,72,50706,154,12625,72,63331,California
Fresno,2021-02-01,3368,79292,1670,47004,1698,32288,0,0,1776,50902,1590,14215,1786,65117,California
Fresno,2021-02-02,2744,82036,561,47565,2183,34471,0,0,1581,51350,1148,15363,1596,66713,California
Fresno,2021-02-03,3583,85619,2115,49680,1468,35939,0,0,1547,50875,2023,17386,1548,68261,California
Fresno,2021-02-04,4225,89844,1911,51591,2314,38253,0,0,1933,50551,2262,19648,1938,70199,California
Fresno,2021-02-05,5376,95220,2745,54336,2631,40884,0,0,2314,49812,3057,22705,2318,72517,California
Fresno,2021-02-06,2944,98164,2049,56385,895,41779,0,0,973,48824,1962,24667,974,73491,California
Fresno,2021-02-07,470,98634,288,56673,182,41961,0,0,272,48899,197,24864,272,73763,California
Fresno,2021-02-08,4295,102929,2303,58976,1992,43953,0,0,1808,48242,2474,27338,1817,75580,California
Fresno,2021-02-09,5356,108285,2085,61061,3271,47224,0,0,3129,49230,2150,29488,3138,78718,California
Fresno,2021-02-10,3916,112201,1239,62300,2677,49901,0,0,1983,49346,1879,31367,1995,80713,California
Fresno,2021-02-11,6476,118677,2097,64397,4379,54280,0,0,3321,49536,3136,34503,3326,84039,California
Fresno,2021-02-12,5448,124125,1390,65787,4058,58338,0,0,2738,49591,2692,37195,2747,86786,California
Fresno,2021-02-13,3772,127897,1572,67359,2200,60538,0,0,2090,50015,1671,38866,2095,88881,California
Fresno,2021-02-14,1581,129478,289,67648,1292,61830,0,0,848,50133,732,39598,850,89731,California
Fresno,2021-02-15,2909,132387,272,67920,2637,64467,0,0,1801,50834,1104,40702,1805,91536,California
Fresno,2021-02-16,6752,139139,2420,70340,4332,68799,0,0,4257,52622,2475,43177,4263,95799,California
Fresno,2021-02-17,5382,144521,2484,72824,2898,71697,0,0,2990,53270,2346,45523,2994,98793,California
Fresno,2021-02-18,6939,151460,2930,75754,4009,75706,0,0,2595,51577,4299,49822,2606,101399,California
Fresno,2021-02-19,3973,155433,1130,76884,2843,78549,0,0,1841,51301,2120,51942,1844,103243,California
Fresno,2021-02-20,4630,160063,2532,79416,2098,80647,0,0,3110,52903,1514,53456,3116,106359,California
Fresno,2021-02-21,203,160266,183,79599,20,80667,0,0,133,52980,56,53512,133,106492,California
Fresno,2021-02-22,2330,162596,1043,80642,1287,81954,0,0,1270,53203,1049,54561,1272,107764,California
Fresno,2021-02-23,4730,167326,2282,82924,2448,84402,0,0,3839,56165,879,55440,3841,111605,California
Fresno,2021-02-24,4258,171584,1512,84436,2746,87148,0,0,3492,58905,754,56194,3494,115099,California
Fresno,2021-02-25,8745,180329,3765,88201,4980,92128,0,0,7242,64717,1439,57633,7251,122350,California
Fresno,2021-02-26,9072,189401,3717,91918,5355,97483,0,0,7739,71155,1307,58940,7745,130095,California
Fresno,2021-02-27,7298,196699,3163,95081,4134,101617,1,1,6580,77037,703,59643,6585,136680,California
Fresno,2021-02-28,1663,198362,540,95621,1123,102740,0,1,1569,78526,81,59724,1570,138250,California
Fresno,2021-03-01,5124,203486,1331,96952,3793,106533,0,1,3700,80823,1407,61131,3704,141954,California
Fresno,2021-03-02,9891,213377,3394,100346,6497,113030,0,1,8500,87982,1366,62497,8525,150479,California
Fresno,2021-03-03,7086,220463,1787,102133,5298,118328,1,2,6062,93148,1011,63508,6177,156656,California
Fresno,2021-03-04,10478,230941,4133,106266,6345,124673,0,2,8726,100160,1724,65232,8736,165392,California
Fresno,2021-03-05,9378,240319,3643,109909,5733,130406,2,4,8073,107137,1173,66405,8150,173542,California
Fresno,2021-03-06,7025,247344,3953,113862,2954,133360,118,122,6023,112289,994,67399,6146,179688,California
Fresno,2021-03-07,1496,248840,681,114543,778,134138,37,159,1265,113364,228,67627,1303,180991,California
Fresno,2021-03-08,5350,254190,2064,116607,3135,137273,151,310,4051,116292,1286,68913,4214,185205,California
Fresno,2021-03-09,8672,262862,3806,120413,4594,141867,272,582,4661,117270,3990,72903,4968,190173,California
Fresno,2021-03-10,6926,269788,2880,123293,3656,145523,390,972,5411,121573,1506,74409,5809,195982,California
Fresno,2021-03-11,11635,281423,4594,127887,6490,152013,551,1523,6325,123243,5283,79692,6953,202935,California
Fresno,2021-03-12,12091,293514,5151,133038,6513,158526,427,1950,9085,129910,2985,82677,9652,212587,California
Fresno,2021-03-13,8362,301876,4070,137108,3279,161805,1013,2963,4029,130718,4311,86988,5119,217706,California
Fresno,2021-03-14,1781,303657,484,137592,1008,162813,289,3252,672,130581,1098,88086,961,218667,California
Fresno,2021-03-15,7148,310805,3180,140772,3791,166604,177,3429,4933,133694,2200,90286,5313,223980,California
Fresno,2021-03-16,10245,321050,4548,145320,5303,171907,394,3823,5429,134832,4783,95069,5921,229901,California
Fresno,2021-03-17,8749,329799,4002,149322,4045,175952,702,4525,5913,139043,2812,97881,7023,236924,California
Fresno,2021-03-18,12559,342358,6798,156120,5084,181036,677,5202,7035,141777,5473,103354,8207,245131,California
Fresno,2021-03-19,11289,353647,5963,162083,4703,185739,623,5825,6925,145373,4330,107684,7926,253057,California
Fresno,2021-03-20,7643,361290,4614,166697,2704,188443,325,6150,3758,145922,3854,111538,4403,257460,California
Fresno,2021-03-21,1868,363158,1275,167972,213,188656,380,6530,1022,146488,838,112376,1404,258864,California
Fresno,2021-03-22,5715,368873,2934,170906,2183,190839,598,7128,3812,149255,1884,114260,4651,263515,California
Fresno,2021-03-23,10653,379526,5331,176237,4822,195661,500,7628,5100,149773,5529,119789,6047,269562,California
Fresno,2021-03-24,8902,388428,3855,180092,4213,199874,834,8462,4965,151726,3899,123688,5852,275414,California
Fresno,2021-03-25,12231,400659,5690,185782,5736,205610,805,9267,4750,149930,7432,131120,5636,281050,California
Fresno,2021-03-26,12263,412922,5471,191253,6145,211755,647,9914,4443,147285,7760,138880,5115,286165,California
Fresno,2021-03-27,10144,423066,4857,196110,4199,215954,1088,11002,2972,144218,7132,146012,4065,290230,California
Fresno,2021-03-28,3423,426489,1323,197433,1407,217361,693,11695,1117,144178,2298,148310,2258,292488,California
Fresno,2021-03-29,6005,432494,2016,199449,3449,220810,540,12235,2896,144548,3080,151390,3450,295938,California
Fresno,2021-03-30,11022,443516,4276,203725,5847,226657,899,13134,3826,142111,7163,158553,4726,300664,California
Fresno,2021-03-31,9739,453255,3396,207121,5342,231999,1001,14135,3663,140740,6028,164581,4657,305321,California
Fresno,2021-04-01,12251,465506,4224,211345,7154,239153,873,15008,4049,137522,8095,172676,4877,310198,California
Fresno,2021-04-02,12129,477635,4642,215987,6689,245842,798,15806,4275,134909,7690,180366,5077,315275,California
Fresno,2021-04-03,6423,484058,3529,219516,2630,248472,264,16070,2143,133091,4261,184627,2443,317718,California
Fresno,2021-04-04,1499,485557,538,220054,915,249387,46,16116,544,132736,945,185572,590,318308,California
Fresno,2021-04-05,8348,493905,4478,224532,3067,252454,803,16919,2440,130159,5890,191462,3313,321621,California
Fresno,2021-04-06,9658,503563,4048,228580,4417,256871,1193,18112,3554,128858,6064,197526,4763,326384,California
Fresno,2021-04-07,10649,514212,5515,234095,3917,260788,1217,19329,3541,126578,7063,204589,4783,331167,California
Fresno,2021-04-08,10992,525204,5184,239279,4643,265431,1165,20494,3453,123747,7487,212076,4656,335823,California
Fresno,2021-04-09,11736,536940,5465,244744,4867,270298,1404,21898,3683,120849,8004,220080,5106,340929,California
Fresno,2021-04-10,7936,544876,5174,249918,2234,272532,528,22426,3686,120830,4231,224311,4212,345141,California
Fresno,2021-04-11,1404,546280,939,250857,373,272905,92,22518,448,120420,951,225262,541,345682,California
Fresno,2021-04-12,7575,553855,4097,254954,2544,275449,934,23452,2415,118639,5128,230390,3347,349029,California
Fresno,2021-04-13,9046,562901,4321,259275,4654,280103,71,23523,3522,116841,5485,235875,3687,352716,California
Fresno,2021-04-14,9762,572663,5812,265087,3949,284052,1,23524,3789,114749,5929,241804,3837,356553,California
Fresno,2021-04-15,8530,581193,4246,269333,4281,288333,3,23527,3198,112652,5301,247105,3204,359757,California
Fresno,2021-04-16,9631,590824,4675,274008,4954,293287,2,23529,3913,110896,5676,252781,3920,363677,California
Fresno,2021-04-17,5671,596495,3791,277799,1880,295167,0,23529,2696,110642,2952,255733,2698,366375,California
Fresno,2021-04-18,1159,597654,683,278482,476,295643,0,23529,519,110526,635,256368,519,366894,California
Fresno,2021-04-19,5802,603456,3229,281711,2570,298213,3,23532,2264,109299,3497,259865,2270,369164,California
Fresno,2021-04-20,7227,610683,3693,285404,3526,301739,8,23540,2699,107506,4500,264365,2707,371871,California
Fresno,2021-04-21,7050,617733,4172,289576,2869,304608,9,23549,2892,106294,4116,268481,2904,374775,California
Fresno,2021-04-22,6572,624305,3349,292925,3222,307830,1,23550,2414,104616,4096,272577,2418,377193,California
Fresno,2021-04-23,7347,631652,4041,296966,3289,311119,17,23567,2803,102968,4456,277033,2808,380001,California
Fresno,2021-04-24,4173,635825,2489,299455,1684,312803,0,23567,1916,102640,2244,279277,1916,381917,California
Fresno,2021-04-25,1370,637195,553,300008,814,313617,3,23570,685,102649,679,279956,688,382605,California
Fresno,2021-04-26,4320,641515,2218,302226,2057,315674,45,23615,1823,102052,2465,282421,1868,384473,California
Fresno,2021-04-27,4934,646449,2531,304757,2277,317951,126,23741,1939,101144,2972,285393,2064,386537,California
Fresno,2021-04-28,4917,651366,2810,307567,1977,319928,130,23871,2064,100511,2828,288221,2195,388732,California
Fresno,2021-04-29,4910,656276,2761,310328,2009,321937,140,24011,1880,99530,2999,291220,2018,390750,California
Fresno,2021-04-30,5525,661801,3389,313717,2002,323939,134,24145,2218,98605,3276,294496,2351,393101,California
Fresno,2021-05-01,4203,666004,3468,317185,595,324534,140,24285,1236,97033,2946,297442,1374,394475,California
Fresno,2021-05-02,1252,667256,776,317961,425,324959,51,24336,616,97074,624,298066,665,395140,California
Fresno,2021-05-03,4055,671311,2704,320665,1158,326117,193,24529,1308,95851,2718,300784,1495,396635,California
Fresno,2021-05-04,4947,676258,2611,323276,2184,328301,152,24681,1573,94232,3346,304130,1727,398362,California
Fresno,2021-05-05,5367,681625,3408,326684,1731,330032,228,24909,1691,92497,3651,307781,1916,400278,California
Fresno,2021-05-06,4491,686116,2899,329583,1488,331520,104,25013,1560,91262,2899,310680,1664,401942,California
Fresno,2021-05-07,5090,691206,3359,332942,1564,333084,167,25180,1578,89515,3488,314168,1741,403683,California
Fresno,2021-05-08,4065,695271,2650,335592,1267,334351,148,25328,1254,88132,2786,316954,1403,405086,California
Fresno,2021-05-09,721,695992,393,335985,285,334636,43,25371,349,88158,366,317320,392,405478,California
Fresno,2021-05-10,2982,698974,1590,337575,1251,335887,141,25512,932,87192,2039,319359,1073,406551,California
Fresno,2021-05-11,3896,702870,2076,339651,1724,337611,96,25608,1257,85921,2624,321983,1353,407904,California
Fresno,2021-05-12,4153,707023,2712,342363,1277,338888,164,25772,1401,84761,2725,324708,1565,409469,California
Fresno,2021-05-13,4183,711206,2449,344812,1629,340517,105,25877,1858,84440,2285,326993,1964,411433,California
Fresno,2021-05-14,5113,716319,3079,347891,1850,342367,184,26061,2155,83855,2925,329918,2340,413773,California
Fresno,2021-05-15,3641,719960,2732,350623,778,343145,131,26192,1864,84083,1765,331683,1993,415766,California
Fresno,2021-05-16,1583,721543,1084,351707,465,343610,34,26226,919,84379,658,332341,954,416720,California
Fresno,2021-05-17,4183,725726,2829,354536,1191,344801,163,26389,2222,84830,1932,334273,2383,419103,California
Fresno,2021-05-18,4130,729856,2553,357089,1421,346222,156,26545,2080,85037,2026,336299,2233,421336,California
Fresno,2021-05-19,4358,734214,2768,359857,1413,347635,177,26722,2057,84993,2277,338576,2233,423569,California
Fresno,2021-05-20,4118,738332,2459,362316,1470,349105,189,26911,1873,84826,2227,340803,2060,425629,California
Fresno,2021-05-21,4615,742947,3023,365339,1497,350602,95,27006,2069,84473,2515,343318,2162,427791,California
Fresno,2021-05-22,3945,746892,2928,368267,844,351446,173,27179,2268,85253,1660,344978,2440,430231,California
Fresno,2021-05-23,962,747854,629,368896,303,351749,30,27209,474,85279,478,345456,504,430735,California
Fresno,2021-05-24,3307,751161,2101,370997,1091,352840,115,27324,1529,85170,1753,347209,1644,432379,California
Fresno,2021-05-25,3218,754379,1929,372926,1163,354003,126,27450,1348,84787,1856,349065,1473,433852,California
Fresno,2021-05-26,3254,757633,2147,375073,1000,355003,107,27557,1574,84808,1659,350724,1680,435532,California
Fresno,2021-05-27,3152,760785,1914,376987,1131,356134,107,27664,1315,84419,1812,352536,1423,436955,California
Fresno,2021-05-28,3445,764230,2216,379203,1134,357268,95,27759,1871,84835,1551,354087,1967,438922,California
Fresno,2021-05-29,2280,766510,1662,380865,548,357816,70,27829,1189,85014,1081,355168,1260,440182,California
Fresno,2021-05-30,893,767403,535,381400,322,358138,36,27865,413,85001,461,355629,448,440630,California
Fresno,2021-05-31,317,767720,158,381558,147,358285,12,27877,133,84965,179,355808,143,440773,California
Fresno,2021-06-01,3022,770742,1818,383376,1107,359392,97,27974,1141,84344,1858,357666,1237,442010,California
Fresno,2021-06-02,2673,773415,1722,385098,861,360253,90,28064,1063,83920,1579,359245,1155,443165,California
Fresno,2021-06-03,2965,776380,2033,387131,830,361083,102,28166,1107,83291,1836,361081,1207,444372,California
Fresno,2021-06-04,3242,779622,2350,389481,791,361874,101,28267,1068,82311,2150,363231,1170,445542,California
Fresno,2021-06-05,3125,782747,2312,391793,692,362566,121,28388,1224,81781,1873,365104,1343,446885,California
Fresno,2021-06-06,1178,783925,936,392729,204,362770,38,28426,346,81338,827,365931,384,447269,California
Fresno,2021-06-07,3095,787020,2428,395157,576,363346,91,28517,889,80134,2184,368115,980,448249,California
Fresno,2021-06-08,2766,789786,2038,397195,646,363992,82,28599,808,79077,1946,370061,889,449138,California
Fresno,2021-06-09,2944,792730,2197,399392,656,364648,91,28690,970,78182,1955,372016,1060,450198,California
Fresno,2021-06-10,2660,795390,1930,401322,660,365308,70,28760,918,77448,1721,373737,987,451185,California
Fresno,2021-06-11,3161,798551,2219,403541,832,366140,110,28870,1165,76764,1959,375696,1275,452460,California
Fresno,2021-06-12,2905,801456,2297,405838,443,366583,165,29035,776,75585,2115,377811,936,453396,California
Fresno,2021-06-13,714,802170,463,406301,234,366817,17,29052,195,75283,514,378325,212,453608,California
Fresno,2021-06-14,2507,804677,1825,408126,554,367371,128,29180,948,74819,1538,379863,1074,454682,California
Fresno,2021-06-15,2369,807046,1700,409826,593,367964,76,29256,931,74406,1419,381282,1006,455688,California
Fresno,2021-06-16,2634,809680,1890,411716,631,368595,113,29369,1038,73972,1583,382865,1149,456837,California
Fresno,2021-06-17,2260,811940,1579,413295,587,369182,94,29463,951,73720,1295,384160,1043,457880,California
Fresno,2021-06-18,3002,814942,2156,415451,729,369911,117,29580,1186,73226,1798,385958,1304,459184,California
Fresno,2021-06-19,1691,816633,1249,416700,365,370276,77,29657,582,72778,1105,387063,657,459841,California
Fresno,2021-06-20,499,817132,353,417053,135,370411,11,29668,192,72679,302,387365,203,460044,California
Fresno,2021-06-21,1622,818754,1083,418136,474,370885,65,29733,934,73004,674,388039,999,461043,California
Fresno,2021-06-22,2168,820922,1499,419635,559,371444,110,29843,1003,72963,1151,389190,1110,462153,California
Fresno,2021-06-23,2056,822978,1472,421107,516,371960,68,29911,1010,73010,1029,390219,1076,463229,California
Fresno,2021-06-24,1997,824975,1411,422518,510,372470,76,29987,889,72883,1091,391310,964,464193,California
Fresno,2021-06-25,2058,827033,1440,423958,537,373007,81,30068,979,72881,1062,392372,1060,465253,California
Fresno,2021-06-26,1835,828868,1422,425380,313,373320,100,30168,716,72585,1112,393484,816,466069,California
Fresno,2021-06-27,914,829782,677,426057,138,373458,99,30267,466,72703,444,393928,562,466631,California
Fresno,2021-06-28,1605,831387,1222,427279,288,373746,95,30362,710,72621,884,394812,802,467433,California
Fresno,2021-06-29,1780,833167,1181,428460,521,374267,78,30440,800,72527,971,395783,877,468310,California
Fresno,2021-06-30,1710,834877,1159,429619,461,374728,90,30530,741,72406,953,396736,832,469142,California
Fresno,2021-07-01,1569,836446,1135,430754,364,375092,70,30600,692,72303,863,397599,760,469902,California
Fresno,2021-07-02,1680,838126,1194,431948,418,375510,68,30668,800,72299,871,398470,867,470769,California
Fresno,2021-07-03,1023,839149,751,432699,244,375754,28,30696,493,72300,520,398990,521,471290,California
Fresno,2021-07-04,82,839231,26,432725,50,375804,6,30702,32,72288,50,399040,38,471328,California
Fresno,2021-07-05,588,839819,340,433065,219,376023,29,30731,242,72213,345,399385,270,471598,California
Glenn,2020-12-17,1,1,1,1,0,0,0,0,1,1,0,0,1,1,California
Glenn,2020-12-19,1,2,1,2,0,0,0,0,1,2,0,0,1,2,California
Glenn,2020-12-20,1,3,1,3,0,0,0,0,1,3,0,0,1,3,California
Glenn,2020-12-21,12,15,12,15,0,0,0,0,12,15,0,0,12,15,California
Glenn,2020-12-22,59,74,59,74,0,0,0,0,59,74,0,0,59,74,California
Glenn,2020-12-23,28,102,28,102,0,0,0,0,28,102,0,0,28,102,California
Glenn,2020-12-24,9,111,9,111,0,0,0,0,9,111,0,0,9,111,California
Glenn,2020-12-26,2,113,2,113,0,0,0,0,2,113,0,0,2,113,California
Glenn,2020-12-27,4,117,4,117,0,0,0,0,4,117,0,0,4,117,California
Glenn,2020-12-28,22,139,22,139,0,0,0,0,22,139,0,0,22,139,California
Glenn,2020-12-29,83,222,83,222,0,0,0,0,83,222,0,0,83,222,California
Glenn,2020-12-30,129,351,106,328,23,23,0,0,129,351,0,0,129,351,California
Glenn,2020-12-31,38,389,9,337,29,52,0,0,38,389,0,0,38,389,California
Glenn,2021-01-02,3,392,3,340,0,52,0,0,3,392,0,0,3,392,California
Glenn,2021-01-04,7,399,5,345,2,54,0,0,7,399,0,0,7,399,California
Glenn,2021-01-05,9,408,8,353,1,55,0,0,9,408,0,0,9,408,California
Glenn,2021-01-06,60,468,8,361,52,107,0,0,60,468,0,0,60,468,California
Glenn,2021-01-07,67,535,12,373,55,162,0,0,65,531,2,2,65,533,California
Glenn,2021-01-08,12,547,9,382,3,165,0,0,12,543,0,2,12,545,California
Glenn,2021-01-10,1,548,1,383,0,165,0,0,0,542,1,3,0,545,California
Glenn,2021-01-11,31,579,30,413,1,166,0,0,13,537,18,21,13,558,California
Glenn,2021-01-12,42,621,37,450,5,171,0,0,14,523,28,49,14,572,California
Glenn,2021-01-13,221,842,158,608,63,234,0,0,176,654,45,94,176,748,California
Glenn,2021-01-14,119,961,30,638,89,323,0,0,109,753,10,104,109,857,California
Glenn,2021-01-15,40,1001,33,671,7,330,0,0,35,783,5,109,35,892,California
Glenn,2021-01-16,33,1034,14,685,19,349,0,0,23,796,10,119,23,915,California
Glenn,2021-01-17,4,1038,2,687,2,351,0,0,2,796,2,121,2,917,California
Glenn,2021-01-18,18,1056,17,704,1,352,0,0,9,796,9,130,9,926,California
Glenn,2021-01-19,30,1086,20,724,10,362,0,0,13,792,17,147,13,939,California
Glenn,2021-01-20,164,1250,95,819,69,431,0,0,82,792,82,229,82,1021,California
Glenn,2021-01-21,124,1374,98,917,26,457,0,0,30,728,94,323,30,1051,California
Glenn,2021-01-22,340,1714,66,983,274,731,0,0,333,1054,7,330,333,1384,California
Glenn,2021-01-23,16,1730,9,992,7,738,0,0,13,1064,3,333,13,1397,California
Glenn,2021-01-24,2,1732,2,994,0,738,0,0,2,1066,0,333,2,1399,California
Glenn,2021-01-25,27,1759,9,1003,18,756,0,0,24,1087,3,336,24,1423,California
Glenn,2021-01-26,30,1789,14,1017,16,772,0,0,24,1105,6,342,24,1447,California
Glenn,2021-01-27,190,1979,13,1030,177,949,0,0,168,1251,22,364,168,1615,California
Glenn,2021-01-28,147,2126,8,1038,139,1088,0,0,117,1338,30,394,117,1732,California
Glenn,2021-01-29,297,2423,12,1050,285,1373,0,0,283,1607,14,408,283,2015,California
Glenn,2021-01-30,4,2427,0,1050,4,1377,0,0,4,1611,0,408,4,2019,California
Glenn,2021-01-31,1,2428,0,1050,1,1378,0,0,1,1612,0,408,1,2020,California
Glenn,2021-02-01,30,2458,11,1061,19,1397,0,0,18,1618,12,420,18,2038,California
Glenn,2021-02-02,32,2490,16,1077,16,1413,0,0,22,1630,10,430,22,2060,California
Glenn,2021-02-03,280,2770,126,1203,154,1567,0,0,134,1619,146,576,135,2195,California
Glenn,2021-02-04,83,2853,16,1219,67,1634,0,0,26,1588,57,633,26,2221,California
Glenn,2021-02-05,319,3172,24,1243,295,1929,0,0,299,1867,20,653,299,2520,California
Glenn,2021-02-06,14,3186,2,1245,12,1941,0,0,13,1879,1,654,13,2533,California
Glenn,2021-02-07,2,3188,2,1247,0,1941,0,0,2,1881,0,654,2,2535,California
Glenn,2021-02-08,21,3209,17,1264,4,1945,0,0,4,1868,17,671,4,2539,California
Glenn,2021-02-09,51,3260,20,1284,31,1976,0,0,38,1893,13,684,38,2577,California
Glenn,2021-02-10,143,3403,19,1303,124,2100,0,0,72,1894,71,755,72,2649,California
Glenn,2021-02-11,268,3671,167,1470,101,2201,0,0,184,1995,84,839,185,2834,California
Glenn,2021-02-12,419,4090,99,1569,320,2521,0,0,352,2280,67,906,352,3186,California
Glenn,2021-02-13,37,4127,9,1578,28,2549,0,0,17,2277,20,926,17,3203,California
Glenn,2021-02-14,1,4128,0,1578,1,2550,0,0,1,2278,0,926,1,3204,California
Glenn,2021-02-15,9,4137,0,1578,9,2559,0,0,8,2285,1,927,8,3212,California
Glenn,2021-02-16,44,4181,9,1587,35,2594,0,0,25,2291,19,946,25,3237,California
Glenn,2021-02-17,381,4562,14,1601,367,2961,0,0,303,2516,78,1024,303,3540,California
Glenn,2021-02-18,174,4736,139,1740,35,2996,0,0,149,2641,24,1048,149,3689,California
Glenn,2021-02-19,303,5039,17,1757,286,3282,0,0,29,2396,274,1322,29,3718,California
Glenn,2021-02-20,9,5048,0,1757,9,3291,0,0,1,2389,8,1330,1,3719,California
Glenn,2021-02-21,1,5049,1,1758,0,3291,0,0,1,2390,0,1330,1,3720,California
Glenn,2021-02-22,36,5085,17,1775,19,3310,0,0,18,2391,17,1347,18,3738,California
Glenn,2021-02-23,44,5129,12,1787,32,3342,0,0,31,2409,13,1360,31,3769,California
Glenn,2021-02-24,270,5399,48,1835,222,3564,0,0,61,2261,209,1569,61,3830,California
Glenn,2021-02-25,324,5723,208,2043,116,3680,0,0,205,2346,120,1689,205,4035,California
Glenn,2021-02-26,305,6028,24,2067,281,3961,0,0,20,2082,284,1973,20,4055,California
Glenn,2021-02-27,16,6044,6,2073,10,3971,0,0,6,2079,9,1982,6,4061,California
Glenn,2021-02-28,6,6050,3,2076,3,3974,0,0,3,2080,2,1984,3,4064,California
Glenn,2021-03-01,28,6078,6,2082,22,3996,0,0,13,2078,15,1999,13,4077,California
Glenn,2021-03-02,38,6116,7,2089,31,4027,0,0,19,2078,19,2018,19,4096,California
Glenn,2021-03-03,212,6328,38,2127,174,4201,0,0,119,2106,91,2109,119,4215,California
Glenn,2021-03-04,543,6871,198,2325,345,4546,0,0,361,2285,182,2291,361,4576,California
Glenn,2021-03-05,357,7228,49,2374,308,4854,0,0,35,1998,322,2613,35,4611,California
Glenn,2021-03-06,28,7256,4,2378,23,4877,1,1,11,1993,17,2630,12,4623,California
Glenn,2021-03-07,5,7261,0,2378,5,4882,0,1,3,1995,1,2631,3,4626,California
Glenn,2021-03-08,20,7281,2,2380,17,4899,1,2,18,2012,2,2633,19,4645,California
Glenn,2021-03-09,83,7364,12,2392,68,4967,3,5,53,2037,30,2663,55,4700,California
Glenn,2021-03-10,188,7552,80,2472,106,5073,2,7,104,2059,84,2747,106,4806,California
Glenn,2021-03-11,593,8145,179,2651,391,5464,23,30,420,2332,173,2920,446,5252,California
Glenn,2021-03-12,420,8565,14,2665,343,5807,63,93,41,2057,379,3299,104,5356,California
Glenn,2021-03-13,13,8578,1,2666,4,5811,8,101,1,2054,12,3311,9,5365,California
Glenn,2021-03-14,3,8581,1,2667,2,5813,0,101,1,2053,2,3313,1,5366,California
Glenn,2021-03-15,76,8657,15,2682,56,5869,5,106,59,2100,17,3330,64,5430,California
Glenn,2021-03-16,113,8770,34,2716,69,5938,10,116,69,2135,44,3374,79,5509,California
Glenn,2021-03-17,419,9189,99,2815,313,6251,7,123,114,1949,305,3679,119,5628,California
Glenn,2021-03-18,535,9724,230,3045,50,6301,255,378,75,1818,460,4139,329,5957,California
Glenn,2021-03-19,96,9820,16,3061,74,6375,6,384,75,1879,20,4159,81,6038,California
Glenn,2021-03-20,133,9953,2,3063,130,6505,1,385,130,2007,3,4162,131,6169,California
Glenn,2021-03-21,6,9959,5,3068,0,6505,1,386,3,2009,2,4164,4,6173,California
Glenn,2021-03-22,124,10083,55,3123,61,6566,8,394,104,2103,18,4182,112,6285,California
Glenn,2021-03-23,179,10262,67,3190,61,6627,51,445,104,2184,74,4256,155,6440,California
Glenn,2021-03-24,213,10475,103,3293,105,6732,5,450,125,2228,86,4342,130,6570,California
Glenn,2021-03-25,481,10956,240,3533,147,6879,94,544,347,2536,133,4475,441,7011,California
Glenn,2021-03-26,239,11195,37,3570,166,7045,36,580,188,2709,51,4526,224,7235,California
Glenn,2021-03-27,168,11363,22,3592,140,7185,6,586,154,2855,14,4540,160,7395,California
Glenn,2021-03-28,15,11378,10,3602,5,7190,0,586,10,2860,5,4545,10,7405,California
Glenn,2021-03-29,62,11440,20,3622,39,7229,3,589,47,2895,15,4560,50,7455,California
Glenn,2021-03-30,76,11516,43,3665,32,7261,1,590,43,2908,31,4591,44,7499,California
Glenn,2021-03-31,132,11648,35,3700,96,7357,1,591,43,2864,88,4679,44,7543,California
Glenn,2021-04-01,656,12304,189,3889,458,7815,9,600,230,2680,423,5102,239,7782,California
Glenn,2021-04-02,170,12474,26,3915,132,7947,12,612,133,2788,37,5139,145,7927,California
Glenn,2021-04-03,95,12569,4,3919,84,8031,7,619,84,2868,11,5150,91,8018,California
Glenn,2021-04-04,9,12578,3,3922,4,8035,2,621,5,2871,4,5154,7,8025,California
Glenn,2021-04-05,67,12645,26,3948,28,8063,13,634,30,2877,37,5191,43,8068,California
Glenn,2021-04-06,144,12789,52,4000,53,8116,39,673,37,2846,106,5297,75,8143,California
Glenn,2021-04-07,161,12950,47,4047,60,8176,54,727,75,2889,86,5383,129,8272,California
Glenn,2021-04-08,642,13592,188,4235,418,8594,36,763,138,2561,502,5885,174,8446,California
Glenn,2021-04-09,160,13752,57,4292,86,8680,17,780,102,2621,58,5943,118,8564,California
Glenn,2021-04-10,77,13829,1,4293,60,8740,16,796,58,2677,18,5961,74,8638,California
Glenn,2021-04-11,17,13846,8,4301,4,8744,5,801,7,2679,10,5971,12,8650,California
Glenn,2021-04-12,116,13962,26,4327,61,8805,29,830,21,2634,95,6066,50,8700,California
Glenn,2021-04-13,119,14081,64,4391,55,8860,0,830,30,2575,89,6155,30,8730,California
Glenn,2021-04-14,122,14203,46,4437,76,8936,0,830,67,2587,55,6210,67,8797,California
Glenn,2021-04-15,365,14568,276,4713,89,9025,0,830,111,2445,253,6463,111,8908,California
Glenn,2021-04-16,169,14737,42,4755,127,9152,0,830,79,2434,90,6553,79,8987,California
Glenn,2021-04-17,169,14906,17,4772,152,9304,0,830,30,2333,131,6684,30,9017,California
Glenn,2021-04-18,19,14925,6,4778,13,9317,0,830,15,2344,4,6688,15,9032,California
Glenn,2021-04-19,84,15009,17,4795,67,9384,0,830,23,2307,60,6748,23,9055,California
Glenn,2021-04-20,134,15143,90,4885,44,9428,0,830,55,2283,79,6827,55,9110,California
Glenn,2021-04-21,431,15574,328,5213,103,9531,0,830,291,2435,139,6966,291,9401,California
Glenn,2021-04-22,214,15788,54,5267,160,9691,0,830,38,2298,175,7141,38,9439,California
Glenn,2021-04-23,192,15980,36,5303,156,9847,0,830,49,2205,142,7283,49,9488,California
Glenn,2021-04-24,180,16160,32,5335,148,9995,0,830,30,2086,149,7432,30,9518,California
Glenn,2021-04-25,30,16190,18,5353,12,10007,0,830,22,2100,8,7440,22,9540,California
Glenn,2021-04-26,50,16240,14,5367,36,10043,0,830,19,2088,31,7471,19,9559,California
Glenn,2021-04-27,66,16306,50,5417,11,10054,5,835,34,2094,32,7503,38,9597,California
Glenn,2021-04-28,263,16569,184,5601,68,10122,11,846,132,2107,130,7633,143,9740,California
Glenn,2021-04-29,186,16755,27,5628,157,10279,2,848,40,2003,146,7779,42,9782,California
Glenn,2021-04-30,163,16918,42,5670,119,10398,2,850,40,1922,123,7902,42,9824,California
Glenn,2021-05-01,108,17026,13,5683,94,10492,1,851,26,1867,82,7984,27,9851,California
Glenn,2021-05-02,32,17058,14,5697,9,10501,9,860,15,1874,17,8001,24,9875,California
Glenn,2021-05-03,39,17097,24,5721,14,10515,1,861,14,1864,25,8026,15,9890,California
Glenn,2021-05-04,60,17157,36,5757,19,10534,5,866,28,1865,32,8058,33,9923,California
Glenn,2021-05-05,127,17284,39,5796,77,10611,11,877,52,1853,75,8133,63,9986,California
Glenn,2021-05-06,111,17395,41,5837,65,10676,5,882,40,1827,71,8204,45,10031,California
Glenn,2021-05-07,122,17517,36,5873,77,10753,9,891,30,1775,91,8295,39,10070,California
Glenn,2021-05-08,65,17582,12,5885,49,10802,4,895,21,1757,43,8338,25,10095,California
Glenn,2021-05-09,17,17599,11,5896,6,10808,0,895,11,1762,6,8344,11,10106,California
Glenn,2021-05-10,37,17636,15,5911,17,10825,5,900,13,1756,24,8368,18,10124,California
Glenn,2021-05-11,84,17720,59,5970,16,10841,9,909,17,1715,67,8435,26,10150,California
Glenn,2021-05-12,335,18055,252,6222,69,10910,14,923,50,1494,285,8720,64,10214,California
Glenn,2021-05-13,158,18213,59,6281,80,10990,19,942,64,1483,94,8814,83,10297,California
Glenn,2021-05-14,106,18319,24,6305,77,11067,5,947,34,1450,72,8886,39,10336,California
Glenn,2021-05-15,67,18386,40,6345,24,11091,3,950,32,1450,34,8920,34,10370,California
Glenn,2021-05-16,31,18417,18,6363,13,11104,0,950,9,1437,22,8942,9,10379,California
Glenn,2021-05-17,86,18503,61,6424,21,11125,4,954,60,1475,26,8968,64,10443,California
Glenn,2021-05-18,68,18571,50,6474,14,11139,4,958,22,1455,46,9014,26,10469,California
Glenn,2021-05-19,200,18771,118,6592,70,11209,12,970,74,1415,125,9139,85,10554,California
Glenn,2021-05-20,120,18891,79,6671,39,11248,2,972,80,1457,40,9179,82,10636,California
Glenn,2021-05-21,70,18961,26,6697,43,11291,1,973,28,1444,42,9221,29,10665,California
Glenn,2021-05-22,56,19017,24,6721,32,11323,0,973,29,1446,27,9248,29,10694,California
Glenn,2021-05-23,29,19046,16,6737,13,11336,0,973,12,1442,16,9264,12,10706,California
Glenn,2021-05-24,30,19076,11,6748,15,11351,4,977,11,1439,18,9282,15,10721,California
Glenn,2021-05-25,47,19123,35,6783,10,11361,2,979,23,1440,24,9306,25,10746,California
Glenn,2021-05-26,73,19196,14,6797,55,11416,4,983,25,1421,48,9354,29,10775,California
Glenn,2021-05-27,101,19297,62,6859,38,11454,1,984,47,1417,52,9406,48,10823,California
Glenn,2021-05-28,62,19359,18,6877,37,11491,7,991,32,1426,30,9436,39,10862,California
Glenn,2021-05-29,48,19407,11,6888,33,11524,4,995,21,1424,27,9463,25,10887,California
Glenn,2021-05-30,21,19428,13,6901,8,11532,0,995,8,1420,12,9475,8,10895,California
Glenn,2021-05-31,4,19432,0,6901,4,11536,0,995,0,1416,4,9479,0,10895,California
Glenn,2021-06-01,59,19491,34,6935,22,11558,3,998,24,1408,35,9514,27,10922,California
Glenn,2021-06-02,98,19589,49,6984,46,11604,3,1001,39,1391,59,9573,42,10964,California
Glenn,2021-06-03,75,19664,42,7026,26,11630,7,1008,18,1361,55,9628,25,10989,California
Glenn,2021-06-04,77,19741,37,7063,37,11667,3,1011,42,1371,35,9663,45,11034,California
Glenn,2021-06-05,55,19796,30,7093,22,11689,3,1014,17,1353,38,9701,20,11054,California
Glenn,2021-06-06,30,19826,27,7120,2,11691,1,1015,14,1353,15,9716,15,11069,California
Glenn,2021-06-07,68,19894,59,7179,7,11698,2,1017,13,1314,54,9770,15,11084,California
Glenn,2021-06-08,35,19929,19,7198,11,11709,5,1022,16,1316,19,9789,21,11105,California
Glenn,2021-06-09,64,19993,36,7234,21,11730,7,1029,31,1321,33,9822,38,11143,California
Glenn,2021-06-10,119,20112,88,7322,25,11755,6,1035,35,1278,84,9906,41,11184,California
Glenn,2021-06-11,88,20200,57,7379,28,11783,3,1038,25,1243,63,9969,28,11212,California
Glenn,2021-06-12,35,20235,19,7398,13,11796,3,1041,13,1237,22,9991,16,11228,California
Glenn,2021-06-13,11,20246,11,7409,0,11796,0,1041,5,1236,6,9997,5,11233,California
Glenn,2021-06-14,40,20286,27,7436,10,11806,3,1044,16,1232,23,10020,19,11252,California
Glenn,2021-06-15,49,20335,33,7469,15,11821,1,1045,22,1228,27,10047,23,11275,California
Glenn,2021-06-16,85,20420,50,7519,34,11855,1,1046,58,1262,25,10072,59,11334,California
Glenn,2021-06-17,61,20481,36,7555,21,11876,4,1050,7,1219,54,10126,11,11345,California
Glenn,2021-06-18,82,20563,44,7599,17,11893,21,1071,28,1214,54,10180,49,11394,California
Glenn,2021-06-19,42,20605,21,7620,21,11914,0,1071,24,1220,18,10198,24,11418,California
Glenn,2021-06-20,15,20620,11,7631,4,11918,0,1071,4,1213,11,10209,4,11422,California
Glenn,2021-06-21,26,20646,18,7649,6,11924,2,1073,19,1227,7,10216,21,11443,California
Glenn,2021-06-22,47,20693,32,7681,13,11937,2,1075,22,1227,24,10240,24,11467,California
Glenn,2021-06-23,54,20747,37,7718,14,11951,3,1078,28,1232,26,10266,31,11498,California
Glenn,2021-06-24,44,20791,27,7745,13,11964,4,1082,17,1226,27,10293,21,11519,California
Glenn,2021-06-25,68,20859,48,7793,19,11983,1,1083,32,1223,36,10329,33,11552,California
Glenn,2021-06-26,35,20894,20,7813,14,11997,1,1084,16,1221,19,10348,17,11569,California
Glenn,2021-06-27,17,20911,13,7826,4,12001,0,1084,4,1212,13,10361,4,11573,California
Glenn,2021-06-28,27,20938,23,7849,1,12002,3,1087,12,1211,15,10376,14,11587,California
Glenn,2021-06-29,33,20971,16,7865,12,12014,5,1092,11,1205,22,10398,16,11603,California
Glenn,2021-06-30,76,21047,51,7916,20,12034,5,1097,36,1206,40,10438,41,11644,California
Glenn,2021-07-01,56,21103,40,7956,13,12047,3,1100,16,1185,40,10478,19,11663,California
Glenn,2021-07-02,57,21160,35,7991,18,12065,4,1104,22,1177,34,10512,26,11689,California
Glenn,2021-07-03,36,21196,28,8019,7,12072,1,1105,24,1190,12,10524,25,11714,California
Glenn,2021-07-04,3,21199,2,8021,0,12072,1,1106,0,1188,3,10527,1,11715,California
Glenn,2021-07-05,4,21203,3,8024,1,12073,0,1106,2,1188,2,10529,2,11717,California
Humboldt,2020-12-15,3,3,3,3,0,0,0,0,3,3,0,0,3,3,California
Humboldt,2020-12-16,16,19,16,19,0,0,0,0,16,19,0,0,16,19,California
Humboldt,2020-12-17,119,138,119,138,0,0,0,0,119,138,0,0,119,138,California
Humboldt,2020-12-18,177,315,177,315,0,0,0,0,177,315,0,0,177,315,California
Humboldt,2020-12-19,10,325,10,325,0,0,0,0,10,325,0,0,10,325,California
Humboldt,2020-12-20,27,352,27,352,0,0,0,0,27,352,0,0,27,352,California
Humboldt,2020-12-21,167,519,167,519,0,0,0,0,167,519,0,0,167,519,California
Humboldt,2020-12-22,337,856,337,856,0,0,0,0,337,856,0,0,337,856,California
Humboldt,2020-12-23,322,1178,264,1120,58,58,0,0,324,1180,0,0,324,1180,California
Humboldt,2020-12-24,25,1203,2,1122,23,81,0,0,25,1205,0,0,25,1205,California
Humboldt,2020-12-25,2,1205,2,1124,0,81,0,0,2,1207,0,0,2,1207,California
Humboldt,2020-12-26,6,1211,5,1129,1,82,0,0,6,1213,0,0,6,1213,California
Humboldt,2020-12-28,207,1418,149,1278,58,140,0,0,207,1420,0,0,207,1420,California
Humboldt,2020-12-29,186,1604,125,1403,61,201,0,0,187,1607,0,0,187,1607,California
Humboldt,2020-12-30,235,1839,129,1532,106,307,0,0,235,1842,0,0,235,1842,California
Humboldt,2020-12-31,246,2085,81,1613,165,472,0,0,246,2088,0,0,246,2088,California
Humboldt,2021-01-01,3,2088,2,1615,1,473,0,0,3,2091,0,0,3,2091,California
Humboldt,2021-01-02,40,2128,2,1617,38,511,0,0,40,2131,0,0,40,2131,California
Humboldt,2021-01-04,219,2347,142,1759,77,588,0,0,220,2351,0,0,220,2351,California
Humboldt,2021-01-05,133,2480,21,1780,112,700,0,0,133,2483,1,1,133,2484,California
Humboldt,2021-01-06,314,2794,214,1994,100,800,0,0,240,2661,62,63,240,2724,California
Humboldt,2021-01-07,438,3232,326,2320,112,912,0,0,320,2880,101,164,320,3044,California
Humboldt,2021-01-08,429,3661,289,2609,140,1052,0,0,287,3031,136,300,287,3331,California
Humboldt,2021-01-09,67,3728,43,2652,24,1076,0,0,65,3095,2,302,66,3397,California
Humboldt,2021-01-10,84,3812,84,2736,0,1076,0,0,4,3019,80,382,4,3401,California
Humboldt,2021-01-11,292,4104,281,3017,11,1087,0,0,70,2871,218,600,70,3471,California
Humboldt,2021-01-12,504,4608,339,3356,165,1252,0,0,286,2961,196,796,286,3757,California
Humboldt,2021-01-13,501,5109,281,3637,220,1472,0,0,322,3108,176,972,323,4080,California
Humboldt,2021-01-14,559,5668,175,3812,384,1856,0,0,503,3556,56,1028,504,4584,California
Humboldt,2021-01-15,373,6041,28,3840,345,2201,0,0,355,3893,18,1046,355,4939,California
Humboldt,2021-01-16,169,6210,6,3846,163,2364,0,0,168,4060,1,1047,168,5107,California
Humboldt,2021-01-17,7,6217,4,3850,3,2367,0,0,7,4067,0,1047,7,5114,California
Humboldt,2021-01-18,307,6524,272,4122,35,2402,0,0,149,4058,158,1205,149,5263,California
Humboldt,2021-01-19,660,7184,401,4523,259,2661,0,0,529,4462,125,1330,529,5792,California
Humboldt,2021-01-20,952,8136,423,4946,529,3190,0,0,786,5092,158,1488,788,6580,California
Humboldt,2021-01-21,971,9107,260,5206,711,3901,0,0,928,5977,43,1531,928,7508,California
Humboldt,2021-01-22,689,9796,381,5587,308,4209,0,0,679,6647,10,1541,680,8188,California
Humboldt,2021-01-23,929,10725,283,5870,646,4855,0,0,920,7559,9,1550,921,9109,California
Humboldt,2021-01-24,228,10953,1,5871,227,5082,0,0,227,7785,1,1551,227,9336,California
Humboldt,2021-01-25,352,11305,235,6106,117,5199,0,0,154,7741,198,1749,154,9490,California
Humboldt,2021-01-26,543,11848,149,6255,394,5593,0,0,479,8156,64,1813,479,9969,California
Humboldt,2021-01-27,1273,13121,585,6840,688,6281,0,0,1199,9290,67,1880,1201,11170,California
Humboldt,2021-01-28,1465,14586,637,7477,828,7109,0,0,1322,10474,140,2020,1324,12494,California
Humboldt,2021-01-29,1164,15750,547,8024,617,7726,0,0,695,10700,469,2489,695,13189,California
Humboldt,2021-01-30,1028,16778,470,8494,558,8284,0,0,983,11639,45,2534,984,14173,California
Humboldt,2021-01-31,317,17095,315,8809,2,8286,0,0,316,11954,1,2535,316,14489,California
Humboldt,2021-02-01,321,17416,177,8986,144,8430,0,0,185,12003,136,2671,185,14674,California
Humboldt,2021-02-02,454,17870,79,9065,375,8805,0,0,349,12252,102,2773,351,15025,California
Humboldt,2021-02-03,677,18547,266,9331,411,9216,0,0,521,12617,156,2929,521,15546,California
Humboldt,2021-02-04,652,19199,260,9591,392,9608,0,0,444,12856,205,3134,444,15990,California
Humboldt,2021-02-05,828,20027,108,9699,720,10328,0,0,626,13281,201,3335,626,16616,California
Humboldt,2021-02-06,1083,21110,469,10168,614,10942,0,0,1033,14266,49,3384,1034,17650,California
Humboldt,2021-02-07,379,21489,8,10176,371,11313,0,0,374,14637,4,3388,375,18025,California
Humboldt,2021-02-08,339,21828,147,10323,192,11505,0,0,180,14659,158,3546,180,18205,California
Humboldt,2021-02-09,504,22332,228,10551,276,11781,0,0,177,14509,327,3873,177,18382,California
Humboldt,2021-02-10,565,22897,370,10921,195,11976,0,0,206,14361,354,4227,206,18588,California
Humboldt,2021-02-11,1323,24220,398,11319,925,12901,0,0,491,14026,828,5055,493,19081,California
Humboldt,2021-02-12,1171,25391,748,12067,423,13324,0,0,712,14280,458,5513,712,19793,California
Humboldt,2021-02-13,1551,26942,601,12668,950,14274,0,0,924,14580,625,6138,925,20718,California
Humboldt,2021-02-14,114,27056,5,12673,109,14383,0,0,110,14687,3,6141,110,20828,California
Humboldt,2021-02-15,294,27350,81,12754,213,14596,0,0,193,14780,100,6241,193,21021,California
Humboldt,2021-02-16,555,27905,124,12878,431,15027,0,0,253,14734,301,6542,255,21276,California
Humboldt,2021-02-17,454,28359,282,13160,172,15199,0,0,133,14547,320,6862,133,21409,California
Humboldt,2021-02-18,1029,29388,605,13765,424,15623,0,0,276,14073,750,7612,276,21685,California
Humboldt,2021-02-19,489,29877,441,14206,48,15671,0,0,92,13772,393,8005,92,21777,California
Humboldt,2021-02-20,1752,31629,1033,15239,719,16390,0,0,483,12992,1266,9271,486,22263,California
Humboldt,2021-02-21,496,32125,488,15727,8,16398,0,0,187,12871,309,9580,188,22451,California
Humboldt,2021-02-22,141,32266,95,15822,46,16444,0,0,29,12790,110,9690,29,22480,California
Humboldt,2021-02-23,186,32452,72,15894,114,16558,0,0,46,12698,138,9828,46,22526,California
Humboldt,2021-02-24,1261,33713,758,16652,503,17061,0,0,599,12637,660,10488,599,23125,California
Humboldt,2021-02-25,843,34556,321,16973,522,17583,0,0,233,12263,607,11095,233,23358,California
Humboldt,2021-02-26,2150,36706,107,17080,2043,19626,0,0,438,10996,1706,12801,439,23797,California
Humboldt,2021-02-27,1761,38467,1133,18213,628,20254,0,0,899,11039,860,13661,903,24700,California
Humboldt,2021-02-28,126,38593,11,18224,115,20369,0,0,118,11150,7,13668,118,24818,California
Humboldt,2021-03-01,261,38854,46,18270,215,20584,0,0,186,11262,74,13742,186,25004,California
Humboldt,2021-03-02,305,39159,51,18321,254,20838,0,0,166,11289,139,13881,166,25170,California
Humboldt,2021-03-03,1677,40836,1108,19429,569,21407,0,0,1225,12070,445,14326,1226,26396,California
Humboldt,2021-03-04,926,41762,114,19543,812,22219,0,0,300,11746,626,14952,302,26698,California
Humboldt,2021-03-05,948,42710,190,19733,747,22966,11,11,389,11590,556,15508,400,27098,California
Humboldt,2021-03-06,1798,44508,936,20669,813,23779,49,60,796,11434,1001,16509,845,27943,California
Humboldt,2021-03-07,369,44877,296,20965,54,23833,19,79,158,11400,211,16720,177,28120,California
Humboldt,2021-03-08,275,45152,6,20971,191,24024,78,157,180,11564,94,16814,258,28378,California
Humboldt,2021-03-09,501,45653,206,21177,147,24171,148,305,245,11702,254,17068,392,28770,California
Humboldt,2021-03-10,695,46348,468,21645,72,24243,155,460,420,12001,274,17342,573,29343,California
Humboldt,2021-03-11,1489,47837,460,22105,929,25172,100,560,657,11930,827,18169,756,30099,California
Humboldt,2021-03-12,1754,49591,1086,23191,445,25617,223,783,1055,12520,691,18860,1281,31380,California
Humboldt,2021-03-13,1586,51177,1038,24229,497,26114,51,834,671,12332,909,19769,721,32101,California
Humboldt,2021-03-14,143,51320,19,24248,116,26230,8,842,29,12255,114,19883,37,32138,California
Humboldt,2021-03-15,280,51600,52,24300,206,26436,22,864,61,12118,219,20102,82,32220,California
Humboldt,2021-03-16,639,52239,201,24501,176,26612,262,1126,262,12264,376,20478,522,32742,California
Humboldt,2021-03-17,732,52971,395,24896,229,26841,108,1234,340,12321,391,20869,448,33190,California
Humboldt,2021-03-18,1741,54712,1167,26063,531,27372,43,1277,1028,12685,707,21576,1071,34261,California
Humboldt,2021-03-19,1076,55788,61,26124,700,28072,315,1592,441,12807,633,22209,755,35016,California
Humboldt,2021-03-20,1385,57173,759,26883,612,28684,14,1606,397,12233,986,23195,412,35428,California
Humboldt,2021-03-21,252,57425,34,26917,189,28873,29,1635,204,12417,48,23243,232,35660,California
Humboldt,2021-03-22,118,57543,14,26931,54,28927,50,1685,62,12475,54,23297,112,35772,California
Humboldt,2021-03-23,413,57956,41,26972,329,29256,43,1728,319,12744,93,23390,362,36134,California
Humboldt,2021-03-24,1413,59369,389,27361,977,30233,47,1775,1035,13455,370,23760,1081,37215,California
Humboldt,2021-03-25,1842,61211,1214,28575,564,30797,64,1839,944,13566,896,24656,1007,38222,California
Humboldt,2021-03-26,2043,63254,441,29016,1545,32342,57,1896,1595,14775,442,25098,1651,39873,California
Humboldt,2021-03-27,2095,65349,1496,30512,425,32767,174,2070,1117,15092,974,26072,1291,41164,California
Humboldt,2021-03-28,268,65617,82,30594,114,32881,72,2142,81,15060,186,26258,154,41318,California
Humboldt,2021-03-29,467,66084,124,30718,247,33128,96,2238,198,15085,268,26526,293,41611,California
Humboldt,2021-03-30,946,67030,303,31021,529,33657,114,2352,561,15379,380,26906,674,42285,California
Humboldt,2021-03-31,1870,68900,523,31544,1249,34906,98,2450,1412,16436,454,27360,1511,43796,California
Humboldt,2021-04-01,2122,71022,711,32255,1318,36224,93,2543,1482,17379,632,27992,1575,45371,California
Humboldt,2021-04-02,1728,72750,1113,33368,508,36732,107,2650,619,17002,1103,29095,726,46097,California
Humboldt,2021-04-03,1672,74422,1512,34880,145,36877,15,2665,674,16703,988,30083,689,46786,California
Humboldt,2021-04-04,485,74907,372,35252,104,36981,9,2674,404,17036,80,30163,413,47199,California
Humboldt,2021-04-05,781,75688,466,35718,267,37248,48,2722,445,17196,333,30496,493,47692,California
Humboldt,2021-04-06,848,76536,319,36037,394,37642,135,2857,589,17665,253,30749,722,48414,California
Humboldt,2021-04-07,1501,78037,1067,37104,292,37934,142,2999,994,18297,504,31253,1136,49550,California
Humboldt,2021-04-08,1760,79797,1096,38200,505,38439,159,3158,743,18184,1015,32268,902,50452,California
Humboldt,2021-04-09,1445,81242,441,38641,849,39288,155,3313,1154,19196,290,32558,1302,51754,California
Humboldt,2021-04-10,944,82186,139,38780,630,39918,175,3488,743,19913,199,32757,916,52670,California
Humboldt,2021-04-11,646,82832,138,38918,36,39954,472,3960,128,19993,518,33275,598,53268,California
Humboldt,2021-04-12,443,83275,230,39148,86,40040,127,4087,282,20242,160,33435,409,53677,California
Humboldt,2021-04-13,593,83868,324,39472,264,40304,5,4092,557,20769,34,33469,561,54238,California
Humboldt,2021-04-14,1450,85318,1047,40519,403,40707,0,4092,1332,21984,117,33586,1332,55570,California
Humboldt,2021-04-15,1834,87152,1203,41722,627,41334,4,4096,1260,22691,555,34141,1262,56832,California
Humboldt,2021-04-16,1139,88291,522,42244,617,41951,0,4096,554,22663,582,34723,554,57386,California
Humboldt,2021-04-17,1858,90149,1535,43779,323,42274,0,4096,1050,22911,802,35525,1050,58436,California
Humboldt,2021-04-18,670,90819,354,44133,315,42589,1,4097,85,22417,579,36104,85,58521,California
Humboldt,2021-04-19,208,91027,86,44219,122,42711,0,4097,92,22395,114,36218,92,58613,California
Humboldt,2021-04-20,511,91538,140,44359,371,43082,0,4097,255,22395,255,36473,255,58868,California
Humboldt,2021-04-21,1123,92661,391,44750,732,43814,0,4097,456,22194,658,37131,457,59325,California
Humboldt,2021-04-22,900,93561,538,45288,361,44175,1,4098,457,22211,440,37571,457,59782,California
Humboldt,2021-04-23,2195,95756,312,45600,1883,46058,0,4098,339,20698,1852,39423,339,60121,California
Humboldt,2021-04-24,1104,96860,886,46486,213,46271,5,4103,361,20324,740,40163,366,60487,California
Humboldt,2021-04-25,377,97237,241,46727,136,46407,0,4103,194,20337,181,40344,194,60681,California
Humboldt,2021-04-26,391,97628,272,46999,115,46522,4,4107,110,20170,279,40623,112,60793,California
Humboldt,2021-04-27,777,98405,278,47277,470,46992,29,4136,154,19732,621,41244,183,60976,California
Humboldt,2021-04-28,1604,100009,844,48121,715,47707,45,4181,419,19014,1182,42426,464,61440,California
Humboldt,2021-04-29,1789,101798,635,48756,1116,48823,38,4219,299,17866,1485,43911,337,61777,California
Humboldt,2021-04-30,1305,103103,437,49193,834,49657,34,4253,206,17012,1092,45003,238,62015,California
Humboldt,2021-05-01,485,103588,387,49580,75,49732,23,4276,300,17151,184,45187,323,62338,California
Humboldt,2021-05-02,233,103821,186,49766,38,49770,9,4285,117,17162,115,45302,126,62464,California
Humboldt,2021-05-03,618,104439,375,50141,219,49989,24,4309,102,16775,514,45816,127,62591,California
Humboldt,2021-05-04,869,105308,522,50663,302,50291,45,4354,261,16475,605,46421,305,62896,California
Humboldt,2021-05-05,1741,107049,1116,51779,567,50858,58,4412,185,15169,1547,47968,241,63137,California
Humboldt,2021-05-06,1694,108743,1075,52854,367,51225,252,4664,141,14012,1550,49518,393,63530,California
Humboldt,2021-05-07,1436,110179,316,53170,1060,52285,60,4724,238,13113,1195,50713,296,63826,California
Humboldt,2021-05-08,743,110922,147,53317,573,52858,23,4747,90,12575,651,51364,113,63939,California
Humboldt,2021-05-09,906,111828,854,54171,42,52900,10,4757,47,11773,859,52223,57,63996,California
Humboldt,2021-05-10,218,112046,37,54208,142,53042,39,4796,82,11758,136,52359,121,64117,California
Humboldt,2021-05-11,535,112581,184,54392,278,53320,73,4869,204,11705,330,52689,277,64394,California
Humboldt,2021-05-12,622,113203,143,54535,433,53753,46,4915,227,11583,394,53083,272,64666,California
Humboldt,2021-05-13,631,113834,302,54837,302,54055,27,4942,289,11559,340,53423,316,64982,California
Humboldt,2021-05-14,711,114545,142,54979,465,54520,104,5046,233,11420,475,53898,336,65318,California
Humboldt,2021-05-15,787,115332,643,55622,135,54655,9,5055,212,11067,574,54472,221,65539,California
Humboldt,2021-05-16,122,115454,54,55676,64,54719,4,5059,68,11085,54,54526,72,65611,California
Humboldt,2021-05-17,410,115864,215,55891,172,54891,23,5082,225,11149,183,54709,247,65858,California
Humboldt,2021-05-18,664,116528,326,56217,309,55200,29,5111,361,11235,303,55012,389,66247,California
Humboldt,2021-05-19,987,117515,548,56765,396,55596,43,5154,339,10971,644,55656,380,66627,California
Humboldt,2021-05-20,828,118343,607,57372,208,55804,13,5167,593,11346,232,55888,607,67234,California
Humboldt,2021-05-21,878,119221,291,57663,526,56330,61,5228,351,11231,527,56415,412,67646,California
Humboldt,2021-05-22,415,119636,321,57984,86,56416,8,5236,147,11120,266,56681,155,67801,California
Humboldt,2021-05-23,395,120031,325,58309,67,56483,3,5239,76,10880,319,57000,79,67880,California
Humboldt,2021-05-24,337,120368,174,58483,134,56617,29,5268,182,10937,154,57154,211,68091,California
Humboldt,2021-05-25,529,120897,337,58820,168,56785,24,5292,287,11009,239,57393,311,68402,California
Humboldt,2021-05-26,648,121545,310,59130,314,57099,24,5316,309,11004,338,57731,333,68735,California
Humboldt,2021-05-27,465,122010,247,59377,181,57280,37,5353,276,11128,189,57920,313,69048,California
Humboldt,2021-05-28,410,122420,192,59569,171,57451,47,5400,168,11104,239,58159,215,69263,California
Humboldt,2021-05-29,172,122592,103,59672,66,57517,3,5403,91,11117,81,58240,94,69357,California
Humboldt,2021-05-30,106,122698,45,59717,56,57573,5,5408,51,11119,54,58294,56,69413,California
Humboldt,2021-05-31,73,122771,27,59744,40,57613,6,5414,49,11150,23,58317,54,69467,California
Humboldt,2021-06-01,462,123233,266,60010,181,57794,15,5429,186,11075,276,58593,201,69668,California
Humboldt,2021-06-02,533,123766,249,60259,230,58024,54,5483,237,11074,290,58883,289,69957,California
Humboldt,2021-06-03,391,124157,226,60485,143,58167,22,5505,85,10903,278,59161,107,70064,California
Humboldt,2021-06-04,509,124666,317,60802,168,58335,24,5529,135,10731,330,59491,158,70222,California
Humboldt,2021-06-05,408,125074,313,61115,50,58385,45,5574,205,10833,148,59639,250,70472,California
Humboldt,2021-06-06,171,125245,119,61234,43,58428,9,5583,70,10816,96,59735,79,70551,California
Humboldt,2021-06-07,360,125605,217,61451,119,58547,24,5607,111,10703,248,59983,135,70686,California
Humboldt,2021-06-08,521,126126,302,61753,190,58737,29,5636,151,10514,368,60351,179,70865,California
Humboldt,2021-06-09,397,126523,204,61957,146,58883,47,5683,125,10416,270,60621,172,71037,California
Humboldt,2021-06-10,565,127088,447,62404,91,58974,27,5710,95,10070,466,61087,120,71157,California
Humboldt,2021-06-11,436,127524,244,62648,164,59138,28,5738,98,9859,337,61424,126,71283,California
Humboldt,2021-06-12,178,127702,131,62779,47,59185,0,5738,48,9778,129,61553,48,71331,California
Humboldt,2021-06-13,215,127917,147,62926,43,59228,25,5763,93,9775,120,61673,117,71448,California
Humboldt,2021-06-14,417,128334,253,63179,137,59365,27,5790,113,9612,303,61976,140,71588,California
Humboldt,2021-06-15,544,128878,369,63548,147,59512,28,5818,154,9409,384,62360,181,71769,California
Humboldt,2021-06-16,484,129362,323,63871,114,59626,47,5865,141,9263,334,62694,188,71957,California
Humboldt,2021-06-17,397,129759,260,64131,91,59717,46,5911,98,9108,299,62993,144,72101,California
Humboldt,2021-06-18,399,130158,230,64361,140,59857,29,5940,131,9005,262,63255,159,72260,California
Humboldt,2021-06-19,202,130360,136,64497,45,59902,21,5961,87,8998,114,63369,107,72367,California
Humboldt,2021-06-20,80,130440,36,64533,30,59932,14,5975,33,9000,45,63414,47,72414,California
Humboldt,2021-06-21,152,130592,71,64604,54,59986,27,6002,52,8979,100,63514,79,72493,California
Humboldt,2021-06-22,349,130941,220,64824,110,60096,19,6021,144,8938,204,63718,163,72656,California
Humboldt,2021-06-23,353,131294,248,65072,74,60170,31,6052,106,8833,240,63958,135,72791,California
Humboldt,2021-06-24,210,131504,106,65178,49,60219,55,6107,88,8856,118,64076,141,72932,California
Humboldt,2021-06-25,255,131759,144,65322,96,60315,15,6122,104,8827,148,64224,119,73051,California
Humboldt,2021-06-26,251,132010,190,65512,38,60353,23,6145,64,8727,187,64411,87,73138,California
Humboldt,2021-06-27,73,132083,50,65562,21,60374,2,6147,26,8708,47,64458,28,73166,California
Humboldt,2021-06-28,156,132239,100,65662,28,60402,28,6175,69,8718,87,64545,97,73263,California
Humboldt,2021-06-29,262,132501,156,65818,73,60475,33,6208,87,8664,173,64718,119,73382,California
Humboldt,2021-06-30,221,132722,146,65964,55,60530,20,6228,93,8651,126,64844,113,73495,California
Humboldt,2021-07-01,188,132910,112,66076,57,60587,19,6247,83,8649,103,64947,101,73596,California
Humboldt,2021-07-02,258,133168,139,66215,79,60666,40,6287,104,8641,152,65099,144,73740,California
Humboldt,2021-07-03,89,133257,62,66277,17,60683,10,6297,38,8639,50,65149,48,73788,California
Humboldt,2021-07-04,9,133266,4,66281,5,60688,0,6297,5,8640,4,65153,5,73793,California
Humboldt,2021-07-05,49,133315,38,66319,10,60698,1,6298,21,8634,28,65181,22,73815,California
Imperial,2020-12-16,1,1,1,1,0,0,0,0,1,1,0,0,1,1,California
Imperial,2020-12-17,4,5,4,5,0,0,0,0,4,5,0,0,4,5,California
Imperial,2020-12-18,13,18,13,18,0,0,0,0,13,18,0,0,13,18,California
Imperial,2020-12-20,3,21,3,21,0,0,0,0,3,21,0,0,3,21,California
Imperial,2020-12-21,184,205,184,205,0,0,0,0,184,205,0,0,184,205,California
Imperial,2020-12-22,240,445,238,443,2,2,0,0,240,445,0,0,240,445,California
Imperial,2020-12-23,211,656,210,653,1,3,0,0,211,656,0,0,211,656,California
Imperial,2020-12-24,7,663,7,660,0,3,0,0,7,663,0,0,7,663,California
Imperial,2020-12-26,3,666,1,661,2,5,0,0,3,666,0,0,3,666,California
Imperial,2020-12-27,62,728,0,661,62,67,0,0,62,728,0,0,62,728,California
Imperial,2020-12-28,216,944,115,776,101,168,0,0,216,944,0,0,216,944,California
Imperial,2020-12-29,190,1134,37,813,153,321,0,0,190,1134,0,0,190,1134,California
Imperial,2020-12-30,367,1501,51,864,316,637,0,0,367,1501,0,0,367,1501,California
Imperial,2020-12-31,199,1700,28,892,171,808,0,0,199,1700,0,0,199,1700,California
Imperial,2021-01-01,47,1747,5,897,42,850,0,0,47,1747,0,0,47,1747,California
Imperial,2021-01-02,5,1752,0,897,5,855,0,0,5,1752,0,0,5,1752,California
Imperial,2021-01-03,90,1842,0,897,90,945,0,0,90,1842,0,0,90,1842,California
Imperial,2021-01-04,87,1929,7,904,80,1025,0,0,87,1929,0,0,87,1929,California
Imperial,2021-01-05,174,2103,14,918,160,1185,0,0,174,2103,0,0,174,2103,California
Imperial,2021-01-06,192,2295,26,944,166,1351,0,0,191,2293,1,1,191,2294,California
Imperial,2021-01-07,330,2625,12,956,318,1669,0,0,325,2613,5,6,325,2619,California
Imperial,2021-01-08,195,2820,51,1007,144,1813,0,0,186,2790,9,15,186,2805,California
Imperial,2021-01-09,24,2844,21,1028,3,1816,0,0,24,2814,0,15,24,2829,California
Imperial,2021-01-10,4,2848,1,1029,3,1819,0,0,3,2816,1,16,3,2832,California
Imperial,2021-01-11,403,3251,243,1272,160,1979,0,0,176,2765,227,243,176,3008,California
Imperial,2021-01-12,576,3827,468,1740,108,2087,0,0,314,2818,261,504,314,3322,California
Imperial,2021-01-13,386,4213,135,1875,251,2338,0,0,284,3000,102,606,284,3606,California
Imperial,2021-01-14,307,4520,190,2065,117,2455,0,0,301,3296,5,611,301,3907,California
Imperial,2021-01-15,247,4767,182,2247,65,2520,0,0,239,3527,8,619,239,4146,California
Imperial,2021-01-16,94,4861,74,2321,20,2540,0,0,93,3619,1,620,93,4239,California
Imperial,2021-01-17,18,4879,5,2326,13,2553,0,0,17,3635,1,621,17,4256,California
Imperial,2021-01-18,1073,5952,401,2727,672,3225,0,0,975,4513,98,719,976,5232,California
Imperial,2021-01-19,173,6125,130,2857,43,3268,0,0,126,4592,47,766,126,5358,California
Imperial,2021-01-20,301,6426,199,3056,102,3370,0,0,262,4815,39,805,262,5620,California
Imperial,2021-01-21,436,6862,185,3241,251,3621,0,0,414,5207,22,827,414,6034,California
Imperial,2021-01-22,476,7338,188,3429,288,3909,0,0,467,5665,9,836,467,6501,California
Imperial,2021-01-23,1063,8401,291,3720,772,4681,0,0,1061,6724,2,838,1061,7562,California
Imperial,2021-01-24,24,8425,2,3722,22,4703,0,0,24,6748,0,838,24,7586,California
Imperial,2021-01-25,224,8649,10,3732,214,4917,0,0,41,6608,181,1019,41,7627,California
Imperial,2021-01-26,376,9025,181,3913,195,5112,0,0,232,6698,143,1162,233,7860,California
Imperial,2021-01-27,589,9614,163,4076,426,5538,0,0,255,6619,334,1496,255,8115,California
Imperial,2021-01-28,654,10268,165,4241,489,6027,0,0,544,7053,110,1606,544,8659,California
Imperial,2021-01-29,446,10714,298,4539,148,6175,0,0,396,7399,50,1656,396,9055,California
Imperial,2021-01-30,81,10795,39,4578,42,6217,0,0,64,7446,17,1673,64,9119,California
Imperial,2021-01-31,27,10822,4,4582,23,6240,0,0,26,7471,1,1674,26,9145,California
Imperial,2021-02-01,466,11288,68,4650,398,6638,0,0,253,7513,211,1885,253,9398,California
Imperial,2021-02-02,764,12052,83,4733,681,7319,0,0,580,7909,184,2069,580,9978,California
Imperial,2021-02-03,624,12676,181,4914,443,7762,0,0,361,8009,261,2330,361,10339,California
Imperial,2021-02-04,1936,14612,1378,6292,558,8320,0,0,1496,9066,439,2769,1496,11835,California
Imperial,2021-02-05,456,15068,255,6547,201,8521,0,0,219,9049,238,3007,221,12056,California
Imperial,2021-02-06,889,15957,849,7396,40,8561,0,0,853,9864,38,3045,853,12909,California
Imperial,2021-02-07,48,16005,16,7412,32,8593,0,0,44,9904,4,3049,44,12953,California
Imperial,2021-02-08,275,16280,45,7457,230,8823,0,0,206,10041,69,3118,206,13159,California
Imperial,2021-02-09,490,16770,153,7610,337,9160,0,0,322,10198,168,3286,325,13484,California
Imperial,2021-02-10,480,17250,60,7670,420,9580,0,0,111,9943,369,3655,114,13598,California
Imperial,2021-02-11,1083,18333,387,8057,696,10276,0,0,180,9228,898,4553,183,13781,California
Imperial,2021-02-12,2183,20516,1438,9495,745,11021,0,0,1827,10702,359,4912,1833,15614,California
Imperial,2021-02-13,110,20626,57,9552,53,11074,0,0,92,10775,21,4933,94,15708,California
Imperial,2021-02-14,50,20676,34,9586,16,11090,0,0,47,10819,3,4936,47,15755,California
Imperial,2021-02-15,145,20821,37,9623,108,11198,0,0,127,10931,18,4954,130,15885,California
Imperial,2021-02-16,521,21342,264,9887,257,11455,0,0,303,11020,218,5172,307,16192,California
Imperial,2021-02-17,460,21802,303,10190,157,11612,0,0,104,10773,356,5528,109,16301,California
Imperial,2021-02-18,681,22483,328,10518,353,11965,0,0,160,10423,520,6048,170,16471,California
Imperial,2021-02-19,792,23275,400,10918,392,12357,0,0,207,10048,584,6632,209,16680,California
Imperial,2021-02-20,1062,24337,208,11126,854,13211,0,0,337,9672,723,7355,347,17027,California
Imperial,2021-02-21,616,24953,582,11708,34,13245,0,0,608,10276,7,7362,611,17638,California
Imperial,2021-02-22,848,25801,599,12307,249,13494,0,0,782,10998,65,7427,787,18425,California
Imperial,2021-02-23,1139,26940,535,12842,604,14098,0,0,967,11807,171,7598,980,19405,California
Imperial,2021-02-24,796,27736,355,13197,441,14539,0,0,670,12367,124,7722,684,20089,California
Imperial,2021-02-25,956,28692,421,13618,535,15074,0,0,539,12512,417,8139,562,20651,California
Imperial,2021-02-26,2369,31061,1409,15027,960,16034,0,0,1856,13878,512,8651,1878,22529,California
Imperial,2021-02-27,1010,32071,923,15950,87,16121,0,0,251,13389,760,9411,271,22800,California
Imperial,2021-02-28,109,32180,90,16040,19,16140,0,0,88,13467,21,9432,99,22899,California
Imperial,2021-03-01,587,32767,358,16398,226,16366,3,3,500,13898,83,9515,514,23413,California
Imperial,2021-03-02,778,33545,300,16698,477,16843,1,4,438,14012,338,9853,452,23865,California
Imperial,2021-03-03,1001,34546,96,16794,905,17748,0,4,606,14255,391,10244,634,24499,California
Imperial,2021-03-04,839,35385,151,16945,687,18435,1,5,547,14562,290,10534,597,25096,California
Imperial,2021-03-05,3167,38552,2268,19213,899,19334,0,5,1783,14989,1388,11922,1815,26911,California
Imperial,2021-03-06,818,39370,330,19543,488,19822,0,5,722,15644,93,12015,748,27659,California
Imperial,2021-03-07,158,39528,103,19646,55,19877,0,5,105,15722,52,12067,130,27789,California
Imperial,2021-03-08,500,40028,387,20033,77,19954,36,41,407,16106,93,12160,477,28266,California
Imperial,2021-03-09,746,40774,353,20386,144,20098,249,290,447,16505,299,12459,698,28964,California
Imperial,2021-03-10,835,41609,366,20752,285,20383,184,474,369,16606,465,12924,566,29530,California
Imperial,2021-03-11,1944,43553,527,21279,1147,21530,270,744,1237,17434,703,13627,1531,31061,California
Imperial,2021-03-12,4971,48524,3491,24770,1215,22745,265,1009,3154,19063,1811,15438,3440,34501,California
Imperial,2021-03-13,1235,49759,117,24887,884,23629,234,1243,893,19876,339,15777,1152,35653,California
Imperial,2021-03-14,216,49975,60,24947,142,23771,14,1257,156,20003,59,15836,186,35839,California
Imperial,2021-03-15,781,50756,267,25214,219,23990,295,1552,417,20373,361,16197,731,36570,California
Imperial,2021-03-16,1261,52017,372,25586,379,24369,510,2062,606,20867,652,16849,1146,37716,California
Imperial,2021-03-17,1719,53736,741,26327,793,25162,185,2247,1056,21461,656,17505,1250,38966,California
Imperial,2021-03-18,1901,55637,1251,27578,565,25727,85,2332,1306,22267,590,18095,1396,40362,California
Imperial,2021-03-19,3881,59518,2824,30402,1033,26760,24,2356,1952,22324,1922,20017,1979,42341,California
Imperial,2021-03-20,1829,61347,584,30986,1227,27987,18,2374,1350,23227,471,20488,1374,43715,California
Imperial,2021-03-21,292,61639,104,31090,183,28170,5,2379,165,23278,127,20615,178,43893,California
Imperial,2021-03-22,1110,62749,400,31490,703,28873,7,2386,643,23474,465,21080,661,44554,California
Imperial,2021-03-23,1545,64294,556,32046,983,29856,6,2392,964,23872,577,21657,975,45529,California
Imperial,2021-03-24,2212,66506,637,32683,1149,31005,426,2818,1190,24473,1018,22675,1619,47148,California
Imperial,2021-03-25,3307,69813,798,33481,889,31894,1620,4438,1247,25278,2054,24729,2859,50007,California
Imperial,2021-03-26,3291,73104,1252,34733,1038,32932,1001,5439,945,24895,2334,27063,1951,51958,California
Imperial,2021-03-27,685,73789,327,35060,291,33223,67,5506,451,25185,230,27293,520,52478,California
Imperial,2021-03-28,247,74036,79,35139,161,33384,7,5513,182,25312,63,27356,190,52668,California
Imperial,2021-03-29,1599,75635,392,35531,407,33791,800,6313,330,25179,1264,28620,1131,53799,California
Imperial,2021-03-30,2207,77842,726,36257,598,34389,883,7196,689,25233,1515,30135,1569,55368,California
Imperial,2021-03-31,1635,79477,768,37025,812,35201,55,7251,1024,25703,608,30743,1078,56446,California
Imperial,2021-04-01,2192,81669,467,37492,1400,36601,325,7576,888,25620,1296,32039,1213,57659,California
Imperial,2021-04-02,2251,83920,515,38007,1601,38202,135,7711,1446,26404,797,32836,1581,59240,California
Imperial,2021-04-03,1566,85486,460,38467,1018,39220,88,7799,714,26359,849,33685,804,60044,California
Imperial,2021-04-04,111,85597,67,38534,27,39247,17,7816,33,26332,78,33763,51,60095,California
Imperial,2021-04-05,3498,89095,2349,40883,925,40172,224,8040,812,24699,2675,36438,1042,61137,California
Imperial,2021-04-06,1435,90530,572,41455,602,40774,261,8301,696,24925,734,37172,960,62097,California
Imperial,2021-04-07,2283,92813,613,42068,1235,42009,435,8736,1578,26225,708,37880,2008,64105,California
Imperial,2021-04-08,2318,95131,1121,43189,843,42852,354,9090,1082,26428,1231,39111,1434,65539,California
Imperial,2021-04-09,3568,98699,1712,44901,1061,43913,795,9885,1576,26812,1982,41093,2366,67905,California
Imperial,2021-04-10,1399,100098,227,45128,849,44762,323,10208,245,26227,1150,42243,565,68470,California
Imperial,2021-04-11,253,100351,62,45190,158,44920,33,10241,84,26177,169,42412,119,68589,California
Imperial,2021-04-12,1486,101837,808,45998,457,45377,221,10462,830,26581,648,43060,1052,69641,California
Imperial,2021-04-13,2961,104798,1919,47917,1040,46417,2,10464,2033,27696,923,43983,2038,71679,California
Imperial,2021-04-14,2078,106876,983,48900,1095,47512,0,10464,1396,28421,676,44659,1401,73080,California
Imperial,2021-04-15,2043,108919,958,49858,1085,48597,0,10464,1369,29127,669,45328,1375,74455,California
Imperial,2021-04-16,3558,112477,1823,51681,1735,50332,0,10464,2227,30041,1316,46644,2230,76685,California
Imperial,2021-04-17,1887,114364,957,52638,928,51260,2,10466,1458,31078,424,47068,1461,78146,California
Imperial,2021-04-18,274,114638,85,52723,189,51449,0,10466,92,30993,180,47248,95,78241,California
Imperial,2021-04-19,852,115490,270,52993,582,52031,0,10466,421,30991,428,47676,426,78667,California
Imperial,2021-04-20,1392,116882,554,53547,838,52869,0,10466,777,31158,613,48289,780,79447,California
Imperial,2021-04-21,1477,118359,380,53927,1096,53965,1,10467,844,31376,626,48915,844,80291,California
Imperial,2021-04-22,2509,120868,831,54758,1678,55643,0,10467,1747,32379,746,49661,1749,82040,California
Imperial,2021-04-23,2871,123739,551,55309,2320,57963,0,10467,1110,31764,1729,51390,1114,83154,California
Imperial,2021-04-24,592,124331,326,55635,266,58229,0,10467,234,31643,355,51745,234,83388,California
Imperial,2021-04-25,273,124604,103,55738,170,58399,0,10467,132,31636,139,51884,132,83520,California
Imperial,2021-04-26,1239,125843,483,56221,751,59150,5,10472,710,31829,522,52406,715,84235,California
Imperial,2021-04-27,1164,127007,371,56592,782,59932,11,10483,590,31863,568,52974,602,84837,California
Imperial,2021-04-28,1540,128547,651,57243,856,60788,33,10516,708,31779,825,53799,741,85578,California
Imperial,2021-04-29,1886,130433,866,58109,972,61760,48,10564,849,31653,1025,54824,899,86477,California
Imperial,2021-04-30,3330,133763,1689,59798,1603,63363,38,10602,1613,31599,1705,56529,1651,88128,California
Imperial,2021-05-01,370,134133,129,59927,238,63601,3,10605,195,31626,173,56702,200,88328,California
Imperial,2021-05-02,92,134225,29,59956,56,63657,7,10612,41,31624,51,56753,49,88377,California
Imperial,2021-05-03,1645,135870,546,60502,1050,64707,49,10661,368,30776,1264,58017,416,88793,California
Imperial,2021-05-04,1818,137688,969,61471,822,65529,27,10688,591,30175,1219,59236,618,89411,California
Imperial,2021-05-05,1555,139243,911,62382,624,66153,20,10708,475,29603,1068,60304,496,89907,California
Imperial,2021-05-06,1746,140989,1140,63522,564,66717,42,10750,564,29035,1176,61480,608,90515,California
Imperial,2021-05-07,2646,143635,1454,64976,1135,67852,57,10807,899,28267,1727,63207,959,91474,California
Imperial,2021-05-08,817,144452,649,65625,159,68011,9,10816,211,27888,599,63806,220,91694,California
Imperial,2021-05-09,102,144554,70,65695,31,68042,1,10817,29,27848,70,63876,30,91724,California
Imperial,2021-05-10,1182,145736,303,65998,755,68797,124,10941,361,27518,813,64689,483,92207,California
Imperial,2021-05-11,1522,147258,476,66474,1025,69822,21,10962,535,27100,979,65668,561,92768,California
Imperial,2021-05-12,903,148161,282,66756,581,70403,40,11002,342,26925,556,66224,381,93149,California
Imperial,2021-05-13,1912,150073,1259,68015,581,70984,72,11074,862,26818,1039,67263,932,94081,California
Imperial,2021-05-14,1824,151897,973,68988,789,71773,62,11136,1186,27440,626,67889,1248,95329,California
Imperial,2021-05-15,1282,153179,482,69470,778,72551,22,11158,485,27157,791,68680,508,95837,California
Imperial,2021-05-16,128,153307,87,69557,37,72588,4,11162,54,27142,73,68753,58,95895,California
Imperial,2021-05-17,1982,155289,725,70282,1206,73794,51,11213,692,26602,1283,70036,743,96638,California
Imperial,2021-05-18,1783,157072,895,71177,812,74606,76,11289,968,26840,807,70843,1045,97683,California
Imperial,2021-05-19,1366,158438,624,71801,673,75279,69,11358,636,26823,721,71564,704,98387,California
Imperial,2021-05-20,1808,160246,1040,72841,691,75970,77,11435,764,26634,1030,72594,841,99228,California
Imperial,2021-05-21,1985,162231,1242,74083,679,76649,64,11499,997,26720,975,73569,1061,100289,California
Imperial,2021-05-22,358,162589,194,74277,140,76789,24,11523,172,26736,180,73749,196,100485,California
Imperial,2021-05-23,95,162684,35,74312,51,76840,9,11532,33,26718,60,73809,42,100527,California
Imperial,2021-05-24,1284,163968,629,74941,595,77435,60,11592,529,26558,748,74557,588,101115,California
Imperial,2021-05-25,1559,165527,488,75429,1023,78458,48,11640,565,26189,983,75540,614,101729,California
Imperial,2021-05-26,1133,166660,580,76009,495,78953,58,11698,504,26126,624,76164,561,102290,California
Imperial,2021-05-27,1409,168069,754,76763,582,79535,73,11771,695,26185,709,76873,768,103058,California
Imperial,2021-05-28,1126,169195,613,77376,421,79956,92,11863,417,25999,696,77569,510,103568,California
Imperial,2021-05-29,348,169543,152,77528,155,80111,41,11904,161,26014,187,77756,202,103770,California
Imperial,2021-05-30,99,169642,30,77558,67,80178,2,11906,68,26053,31,77787,70,103840,California
Imperial,2021-05-31,80,169722,20,77578,53,80231,7,11913,36,26052,44,77831,43,103883,California
Imperial,2021-06-01,1316,171038,575,78153,622,80853,119,12032,499,25862,809,78640,619,104502,California
Imperial,2021-06-02,1203,172241,623,78776,458,81311,122,12154,602,25992,592,79232,722,105224,California
Imperial,2021-06-03,1370,173611,761,79537,471,81782,138,12292,637,26041,726,79958,775,105999,California
Imperial,2021-06-04,2498,176109,1734,81271,605,82387,159,12451,1034,25781,1452,81410,1192,107191,California
Imperial,2021-06-05,460,176569,258,81529,144,82531,58,12509,214,25812,241,81651,272,107463,California
Imperial,2021-06-06,81,176650,47,81576,22,82553,12,12521,45,25833,36,81687,57,107520,California
Imperial,2021-06-07,1011,177661,660,82236,285,82838,66,12587,481,25853,527,82214,547,108067,California
Imperial,2021-06-08,1457,179118,1049,83285,322,83160,86,12673,581,25647,871,83085,665,108732,California
Imperial,2021-06-09,1132,180250,784,84069,272,83432,76,12749,512,25621,613,83698,587,109319,California
Imperial,2021-06-10,1221,181471,793,84862,354,83786,74,12823,459,25396,757,84455,532,109851,California
Imperial,2021-06-11,1711,183182,1200,86062,443,84229,68,12891,736,25239,961,85416,804,110655,California
Imperial,2021-06-12,309,183491,141,86203,137,84366,31,12922,138,25239,169,85585,169,110824,California
Imperial,2021-06-13,85,183576,23,86226,60,84426,2,12924,54,25266,30,85615,57,110881,California
Imperial,2021-06-14,867,184443,611,86837,212,84638,44,12968,370,25187,493,86108,414,111295,California
Imperial,2021-06-15,1083,185526,750,87587,285,84923,48,13016,486,25133,589,86697,535,111830,California
Imperial,2021-06-16,1022,186548,651,88238,301,85224,70,13086,484,25154,534,87231,555,112385,California
Imperial,2021-06-17,1108,187656,781,89019,267,85491,60,13146,483,25075,620,87851,541,112926,California
Imperial,2021-06-18,1176,188832,821,89840,285,85776,70,13216,715,25410,449,88300,784,113710,California
Imperial,2021-06-19,345,189177,213,90053,117,85893,15,13231,172,25425,172,88472,187,113897,California
Imperial,2021-06-20,63,189240,30,90083,29,85922,4,13235,24,25414,39,88511,28,113925,California
Imperial,2021-06-21,677,189917,412,90495,227,86149,38,13273,415,25614,255,88766,455,114380,California
Imperial,2021-06-22,1164,191081,803,91298,311,86460,50,13323,629,25767,527,89293,680,115060,California
Imperial,2021-06-23,1138,192219,777,92075,300,86760,61,13384,617,25933,511,89804,677,115737,California
Imperial,2021-06-24,1049,193268,711,92786,290,87050,48,13432,536,26009,508,90312,584,116321,California
Imperial,2021-06-25,1415,194683,1044,93830,290,87340,81,13513,600,25887,802,91114,680,117001,California
Imperial,2021-06-26,249,194932,153,93983,87,87427,9,13522,82,25813,165,91279,91,117092,California
Imperial,2021-06-27,123,195055,60,94043,58,87485,5,13527,51,25796,72,91351,55,117147,California
Imperial,2021-06-28,642,195697,463,94506,157,87642,22,13549,335,25850,302,91653,356,117503,California
Imperial,2021-06-29,820,196517,603,95109,173,87815,44,13593,382,25843,434,92087,427,117930,California
Imperial,2021-06-30,851,197368,548,95657,280,88095,23,13616,354,25729,493,92580,379,118309,California
Imperial,2021-07-01,779,198147,556,96213,207,88302,16,13632,374,25721,398,92978,390,118699,California
Imperial,2021-07-02,754,198901,507,96720,229,88531,18,13650,324,25637,426,93404,342,119041,California
Imperial,2021-07-03,212,199113,97,96817,110,88641,5,13655,88,25609,120,93524,92,119133,California
Imperial,2021-07-04,42,199155,14,96831,25,88666,3,13658,19,25608,23,93547,22,119155,California
Imperial,2021-07-05,144,199299,64,96895,74,88740,6,13664,53,25576,90,93637,58,119213,California
Inyo,2020-12-19,85,85,85,85,0,0,0,0,85,85,0,0,85,85,California
Inyo,2020-12-20,58,143,58,143,0,0,0,0,58,143,0,0,58,143,California
Inyo,2020-12-21,88,231,85,228,3,3,0,0,88,231,0,0,88,231,California
Inyo,2020-12-22,105,336,105,333,0,3,0,0,105,336,0,0,105,336,California
Inyo,2020-12-23,70,406,67,400,3,6,0,0,70,406,0,0,70,406,California
Inyo,2020-12-24,15,421,15,415,0,6,0,0,15,421,0,0,15,421,California
Inyo,2020-12-25,1,422,0,415,1,7,0,0,1,422,0,0,1,422,California
Inyo,2020-12-26,74,496,74,489,0,7,0,0,74,496,0,0,74,496,California
Inyo,2020-12-28,48,544,36,525,12,19,0,0,48,544,0,0,48,544,California
Inyo,2020-12-29,19,563,19,544,0,19,0,0,19,563,0,0,19,563,California
Inyo,2020-12-30,56,619,54,598,2,21,0,0,56,619,0,0,56,619,California
Inyo,2020-12-31,29,648,0,598,29,50,0,0,29,648,0,0,29,648,California
Inyo,2021-01-01,1,649,0,598,1,51,0,0,1,649,0,0,1,649,California
Inyo,2021-01-03,1,650,0,598,1,52,0,0,1,650,0,0,1,650,California
Inyo,2021-01-04,4,654,1,599,3,55,0,0,4,654,0,0,4,654,California
Inyo,2021-01-05,34,688,0,599,34,89,0,0,34,688,0,0,34,688,California
Inyo,2021-01-06,68,756,0,599,68,157,0,0,68,756,0,0,68,756,California
Inyo,2021-01-07,31,787,1,600,30,187,0,0,31,787,0,0,31,787,California
Inyo,2021-01-08,9,796,8,608,1,188,0,0,4,787,5,5,5,792,California
Inyo,2021-01-09,87,883,86,694,1,189,0,0,1,702,86,91,1,793,California
Inyo,2021-01-10,52,935,52,746,0,189,0,0,0,650,52,143,0,793,California
Inyo,2021-01-11,97,1032,82,828,15,204,0,0,16,585,81,224,16,809,California
Inyo,2021-01-12,138,1170,117,945,21,225,0,0,28,503,110,334,28,837,California
Inyo,2021-01-13,86,1256,68,1013,18,243,0,0,21,460,65,399,22,859,California
Inyo,2021-01-14,59,1315,13,1026,46,289,0,0,49,499,10,409,49,908,California
Inyo,2021-01-15,163,1478,28,1054,135,424,0,0,163,662,0,409,163,1071,California
Inyo,2021-01-16,74,1552,73,1127,1,425,0,0,1,590,73,482,1,1072,California
Inyo,2021-01-18,58,1610,36,1163,22,447,0,0,19,570,39,521,19,1091,California
Inyo,2021-01-19,116,1726,74,1237,42,489,0,0,99,652,17,538,99,1190,California
Inyo,2021-01-20,148,1874,71,1308,77,566,0,0,93,690,55,593,93,1283,California
Inyo,2021-01-21,120,1994,57,1365,63,629,0,0,119,808,1,594,119,1402,California
Inyo,2021-01-22,63,2057,0,1365,63,692,0,0,61,867,2,596,61,1463,California
Inyo,2021-01-23,54,2111,52,1417,2,694,0,0,53,920,0,596,53,1516,California
Inyo,2021-01-25,49,2160,6,1423,43,737,0,0,37,945,12,608,37,1553,California
Inyo,2021-01-26,136,2296,55,1478,81,818,0,0,130,1069,6,614,130,1683,California
Inyo,2021-01-27,24,2320,2,1480,22,840,0,0,23,1091,1,615,23,1706,California
Inyo,2021-01-28,92,2412,2,1482,90,930,0,0,63,1125,29,644,63,1769,California
Inyo,2021-01-29,25,2437,3,1485,22,952,0,0,23,1146,2,646,23,1792,California
Inyo,2021-01-30,11,2448,1,1486,10,962,0,0,11,1157,0,646,11,1803,California
Inyo,2021-01-31,32,2480,4,1490,28,990,0,0,4,1133,28,674,4,1807,California
Inyo,2021-02-01,11,2491,10,1500,1,991,0,0,1,1124,10,684,1,1808,California
Inyo,2021-02-02,130,2621,14,1514,116,1107,0,0,104,1202,26,710,104,1912,California
Inyo,2021-02-03,118,2739,0,1514,118,1225,0,0,74,1232,44,754,74,1986,California
Inyo,2021-02-04,152,2891,34,1548,118,1343,0,0,91,1263,61,815,92,2078,California
Inyo,2021-02-05,118,3009,62,1610,56,1399,0,0,116,1377,2,817,116,2194,California
Inyo,2021-02-06,5,3014,3,1613,2,1401,0,0,3,1379,1,818,3,2197,California
Inyo,2021-02-07,4,3018,2,1615,2,1403,0,0,4,1383,0,818,4,2201,California
Inyo,2021-02-08,117,3135,7,1622,110,1513,0,0,97,1460,20,838,97,2298,California
Inyo,2021-02-09,201,3336,52,1674,149,1662,0,0,128,1515,73,911,128,2426,California
Inyo,2021-02-10,140,3476,16,1690,124,1786,0,0,107,1589,33,944,107,2533,California
Inyo,2021-02-11,222,3698,57,1747,165,1951,0,0,126,1619,96,1040,126,2659,California
Inyo,2021-02-12,303,4001,52,1799,251,2202,0,0,168,1653,134,1174,168,2827,California
Inyo,2021-02-13,59,4060,54,1853,5,2207,0,0,7,1608,52,1226,7,2834,California
Inyo,2021-02-14,2,4062,0,1853,2,2209,0,0,2,1610,0,1226,2,2836,California
Inyo,2021-02-15,29,4091,9,1862,20,2229,0,0,5,1591,24,1250,5,2841,California
Inyo,2021-02-16,184,4275,54,1916,130,2359,0,0,92,1594,89,1339,92,2933,California
Inyo,2021-02-17,38,4313,4,1920,34,2393,0,0,8,1572,30,1369,8,2941,California
Inyo,2021-02-18,122,4435,6,1926,116,2509,0,0,79,1608,43,1412,79,3020,California
Inyo,2021-02-19,53,4488,4,1930,49,2558,0,0,10,1575,43,1455,10,3030,California
Inyo,2021-02-20,513,5001,507,2437,6,2564,0,0,509,2081,3,1458,509,3539,California
Inyo,2021-02-21,446,5447,446,2883,0,2564,0,0,445,2526,0,1458,445,3984,California
Inyo,2021-02-22,62,5509,19,2902,43,2607,0,0,27,2518,35,1493,27,4011,California
Inyo,2021-02-23,201,5710,19,2921,182,2789,0,0,94,2507,105,1598,94,4105,California
Inyo,2021-02-24,118,5828,0,2921,118,2907,0,0,57,2503,61,1659,57,4162,California
Inyo,2021-02-25,132,5960,5,2926,127,3034,0,0,62,2495,70,1729,62,4224,California
Inyo,2021-02-26,105,6065,61,2987,44,3078,0,0,20,2430,85,1814,20,4244,California
Inyo,2021-02-27,14,6079,3,2990,11,3089,0,0,2,2420,12,1826,2,4246,California
Inyo,2021-02-28,3,6082,1,2991,2,3091,0,0,2,2421,1,1827,2,4248,California
Inyo,2021-03-01,19,6101,2,2993,17,3108,0,0,17,2436,2,1829,17,4265,California
Inyo,2021-03-02,197,6298,1,2994,196,3304,0,0,112,2463,85,1914,112,4377,California
Inyo,2021-03-03,87,6385,4,2998,83,3387,0,0,42,2461,44,1958,42,4419,California
Inyo,2021-03-04,127,6512,3,3001,124,3511,0,0,45,2425,81,2039,45,4464,California
Inyo,2021-03-05,146,6658,57,3058,89,3600,0,0,42,2363,104,2143,42,4506,California
Inyo,2021-03-06,30,6688,1,3059,29,3629,0,0,29,2391,1,2144,29,4535,California
Inyo,2021-03-07,7,6695,4,3063,3,3632,0,0,5,2394,2,2146,5,4540,California
Inyo,2021-03-08,184,6879,5,3068,179,3811,0,0,91,2392,93,2239,91,4631,California
Inyo,2021-03-09,191,7070,3,3071,188,3999,0,0,74,2349,117,2356,74,4705,California
Inyo,2021-03-10,71,7141,8,3079,62,4061,1,1,30,2339,41,2397,31,4736,California
Inyo,2021-03-11,205,7346,1,3080,199,4260,5,6,74,2287,131,2528,79,4815,California
Inyo,2021-03-12,178,7524,5,3085,167,4427,6,12,77,2270,100,2628,83,4898,California
Inyo,2021-03-13,584,8108,549,3634,25,4452,10,22,70,1838,512,3140,80,4978,California
Inyo,2021-03-14,441,8549,440,4074,1,4453,0,22,2,1402,438,3578,2,4980,California
Inyo,2021-03-15,51,8600,15,4089,34,4487,2,24,30,1413,21,3599,32,5012,California
Inyo,2021-03-16,165,8765,4,4093,155,4642,6,30,63,1383,100,3699,70,5082,California
Inyo,2021-03-17,108,8873,3,4096,98,4740,7,37,92,1466,16,3715,99,5181,California
Inyo,2021-03-18,185,9058,16,4112,162,4902,7,44,104,1496,81,3796,111,5292,California
Inyo,2021-03-19,47,9105,5,4117,38,4940,4,48,36,1526,10,3806,40,5332,California
Inyo,2021-03-20,20,9125,1,4118,10,4950,9,57,1,1517,19,3825,10,5342,California
Inyo,2021-03-22,59,9184,3,4121,51,5001,5,62,39,1541,20,3845,44,5386,California
Inyo,2021-03-23,195,9379,4,4125,187,5188,4,66,105,1560,90,3935,109,5495,California
Inyo,2021-03-24,141,9520,3,4128,133,5321,5,71,86,1596,55,3990,91,5586,California
Inyo,2021-03-25,330,9850,110,4238,217,5538,3,74,264,1797,66,4056,267,5853,California
Inyo,2021-03-26,92,9942,3,4241,85,5623,4,78,71,1851,21,4077,75,5928,California
Inyo,2021-03-27,53,9995,45,4286,5,5628,3,81,47,1895,6,4083,50,5978,California
Inyo,2021-03-28,4,9999,1,4287,2,5630,1,82,1,1894,3,4086,2,5980,California
Inyo,2021-03-29,109,10108,2,4289,102,5732,5,87,82,1955,26,4112,87,6067,California
Inyo,2021-03-30,221,10329,2,4291,214,5946,5,92,109,1957,112,4224,114,6181,California
Inyo,2021-03-31,150,10479,4,4295,141,6087,5,97,107,2027,43,4267,113,6294,California
Inyo,2021-04-01,166,10645,3,4298,162,6249,1,98,117,2096,49,4316,118,6412,California
Inyo,2021-04-02,80,10725,1,4299,77,6326,2,100,49,2116,31,4347,51,6463,California
Inyo,2021-04-03,92,10817,46,4345,32,6358,14,114,4,2047,86,4433,17,6480,California
Inyo,2021-04-04,5,10822,4,4349,0,6358,1,115,1,2045,4,4437,2,6482,California
Inyo,2021-04-05,117,10939,1,4350,112,6470,4,119,29,1990,88,4525,33,6515,California
Inyo,2021-04-06,237,11176,5,4355,169,6639,63,182,105,2026,132,4657,168,6683,California
Inyo,2021-04-07,204,11380,1,4356,76,6715,127,309,47,2042,158,4815,174,6857,California
Inyo,2021-04-08,182,11562,15,4371,150,6865,17,326,82,2041,100,4915,99,6956,California
Inyo,2021-04-09,125,11687,7,4378,95,6960,23,349,37,2014,87,5002,60,7016,California
Inyo,2021-04-10,42,11729,1,4379,24,6984,17,366,3,1995,39,5041,20,7036,California
Inyo,2021-04-11,1,11730,0,4379,1,6985,0,366,1,1996,0,5041,1,7037,California
Inyo,2021-04-12,79,11809,0,4379,74,7059,5,371,41,2004,38,5079,46,7083,California
Inyo,2021-04-13,124,11933,5,4384,116,7175,3,374,64,2013,58,5137,67,7150,California
Inyo,2021-04-14,130,12063,2,4386,128,7303,0,374,45,1973,85,5222,45,7195,California
Inyo,2021-04-15,275,12338,117,4503,158,7461,0,374,79,1856,196,5418,79,7274,California
Inyo,2021-04-16,48,12386,6,4509,42,7503,0,374,19,1847,28,5446,19,7293,California
Inyo,2021-04-17,2,12388,1,4510,1,7504,0,374,1,1847,1,5447,1,7294,California
Inyo,2021-04-19,133,12521,44,4554,89,7593,0,374,46,1807,86,5533,46,7340,California
Inyo,2021-04-20,163,12684,2,4556,161,7754,0,374,79,1802,84,5617,79,7419,California
Inyo,2021-04-21,113,12797,5,4561,108,7862,0,374,32,1753,81,5698,32,7451,California
Inyo,2021-04-22,195,12992,1,4562,194,8056,0,374,51,1660,144,5842,51,7502,California
Inyo,2021-04-23,95,13087,4,4566,91,8147,0,374,22,1609,73,5915,22,7524,California
Inyo,2021-04-24,309,13396,308,4874,1,8148,0,374,305,1910,4,5919,305,7829,California
Inyo,2021-04-25,135,13531,134,5008,1,8149,0,374,135,2045,0,5919,135,7964,California
Inyo,2021-04-26,93,13624,2,5010,90,8239,1,375,11,1976,81,6000,12,7976,California
Inyo,2021-04-27,184,13808,7,5017,172,8411,5,380,48,1893,136,6136,53,8029,California
Inyo,2021-04-28,121,13929,2,5019,117,8528,2,382,20,1815,100,6236,22,8051,California
Inyo,2021-04-29,171,14100,55,5074,116,8644,0,382,77,1799,93,6329,77,8128,California
Inyo,2021-04-30,82,14182,5,5079,76,8720,1,383,23,1764,59,6388,24,8152,California
Inyo,2021-05-01,12,14194,3,5082,9,8729,0,383,10,1772,2,6390,10,8162,California
Inyo,2021-05-02,7,14201,3,5085,2,8731,2,385,4,1775,3,6393,6,8168,California
Inyo,2021-05-03,38,14239,1,5086,33,8764,4,389,5,1751,33,6426,9,8177,California
Inyo,2021-05-04,123,14362,2,5088,117,8881,4,393,19,1670,104,6530,23,8200,California
Inyo,2021-05-05,36,14398,0,5088,34,8915,2,395,11,1658,25,6555,13,8213,California
Inyo,2021-05-06,94,14492,4,5092,82,8997,8,403,13,1598,81,6636,21,8234,California
Inyo,2021-05-07,50,14542,5,5097,37,9034,8,411,24,1606,24,6660,32,8266,California
Inyo,2021-05-08,11,14553,2,5099,4,9038,5,416,4,1608,7,6667,9,8275,California
Inyo,2021-05-09,1,14554,0,5099,1,9039,0,416,0,1607,1,6668,0,8275,California
Inyo,2021-05-10,70,14624,1,5100,67,9106,2,418,32,1603,39,6707,35,8310,California
Inyo,2021-05-11,88,14712,1,5101,84,9190,3,421,20,1558,68,6775,23,8333,California
Inyo,2021-05-12,43,14755,2,5103,39,9229,2,423,11,1539,32,6807,13,8346,California
Inyo,2021-05-13,75,14830,1,5104,73,9302,1,424,12,1489,63,6870,13,8359,California
Inyo,2021-05-14,28,14858,5,5109,18,9320,5,429,14,1494,14,6884,19,8378,California
Inyo,2021-05-15,379,15237,367,5476,10,9330,2,431,85,1287,294,7178,87,8465,California
Inyo,2021-05-16,200,15437,200,5676,0,9330,0,431,73,1233,127,7305,73,8538,California
Inyo,2021-05-17,64,15501,3,5679,57,9387,4,435,18,1210,45,7350,22,8560,California
Inyo,2021-05-18,84,15585,2,5681,81,9468,1,436,17,1161,67,7417,18,8578,California
Inyo,2021-05-19,46,15631,2,5683,39,9507,5,441,13,1146,33,7450,18,8596,California
Inyo,2021-05-20,146,15777,83,5766,62,9569,1,442,37,1074,110,7560,38,8634,California
Inyo,2021-05-21,49,15826,18,5784,26,9595,5,447,19,1068,30,7590,24,8658,California
Inyo,2021-05-22,25,15851,15,5799,7,9602,3,450,18,1082,7,7597,21,8679,California
Inyo,2021-05-23,2,15853,1,5800,0,9602,1,451,0,1081,2,7599,1,8680,California
Inyo,2021-05-24,33,15886,6,5806,24,9626,3,454,13,1077,20,7619,16,8696,California
Inyo,2021-05-25,82,15968,39,5845,41,9667,2,456,47,1091,35,7654,49,8745,California
Inyo,2021-05-26,44,16012,16,5861,26,9693,2,458,21,1092,22,7676,23,8768,California
Inyo,2021-05-27,39,16051,10,5871,21,9714,8,466,12,1086,26,7702,20,8788,California
Inyo,2021-05-28,26,16077,6,5877,15,9729,5,471,8,1081,18,7720,13,8801,California
Inyo,2021-05-29,16,16093,5,5882,11,9740,0,471,7,1079,9,7729,7,8808,California
Inyo,2021-05-30,2,16095,0,5882,2,9742,0,471,0,1077,2,7731,0,8808,California
Inyo,2021-06-01,54,16149,16,5898,32,9774,6,477,23,1075,31,7762,29,8837,California
Inyo,2021-06-02,11,16160,9,5907,1,9775,1,478,9,1083,2,7764,10,8847,California
Inyo,2021-06-03,25,16185,0,5907,18,9793,7,485,1,1067,24,7788,8,8855,California
Inyo,2021-06-04,32,16217,6,5913,22,9815,4,489,12,1063,20,7808,16,8871,California
Inyo,2021-06-05,17,16234,8,5921,8,9823,1,490,4,1055,13,7821,5,8876,California
Inyo,2021-06-06,1,16235,1,5922,0,9823,0,490,1,1056,0,7821,1,8877,California
Inyo,2021-06-07,51,16286,15,5937,33,9856,3,493,5,1018,46,7867,8,8885,California
Inyo,2021-06-08,51,16337,23,5960,25,9881,3,496,24,1018,27,7894,27,8912,California
Inyo,2021-06-09,111,16448,95,6055,14,9895,2,498,14,937,97,7991,16,8928,California
Inyo,2021-06-10,53,16501,39,6094,9,9904,5,503,15,919,38,8029,20,8948,California
Inyo,2021-06-11,43,16544,23,6117,18,9922,2,505,17,912,26,8055,19,8967,California
Inyo,2021-06-12,15,16559,8,6125,6,9928,1,506,5,908,10,8065,6,8973,California
Inyo,2021-06-13,1,16560,0,6125,1,9929,0,506,0,907,1,8066,0,8973,California
Inyo,2021-06-14,58,16618,27,6152,28,9957,3,509,8,868,50,8116,11,8984,California
Inyo,2021-06-15,52,16670,39,6191,9,9966,4,513,9,838,43,8159,13,8997,California
Inyo,2021-06-16,32,16702,19,6210,13,9979,0,513,6,818,26,8185,6,9003,California
Inyo,2021-06-17,23,16725,13,6223,6,9985,4,517,5,810,17,8202,9,9012,California
Inyo,2021-06-18,14,16739,5,6228,6,9991,3,520,2,803,12,8214,5,9017,California
Inyo,2021-06-19,21,16760,7,6235,13,10004,1,521,7,798,13,8227,8,9025,California
Inyo,2021-06-21,29,16789,8,6243,18,10022,3,524,13,798,16,8243,16,9041,California
Inyo,2021-06-22,50,16839,41,6284,7,10029,2,526,24,798,26,8269,26,9067,California
Inyo,2021-06-23,14,16853,6,6290,7,10036,1,527,1,787,13,8282,2,9069,California
Inyo,2021-06-24,6,16859,2,6292,3,10039,1,528,3,788,3,8285,4,9073,California
Inyo,2021-06-25,26,16885,10,6302,13,10052,3,531,12,789,14,8299,15,9088,California
Inyo,2021-06-26,12,16897,6,6308,4,10056,2,533,4,787,8,8307,6,9094,California
Inyo,2021-06-28,13,16910,11,6319,2,10058,0,533,8,790,5,8312,8,9102,California
Inyo,2021-06-29,34,16944,29,6348,5,10063,0,533,14,784,20,8332,14,9116,California
Inyo,2021-06-30,21,16965,17,6365,4,10067,0,533,7,777,14,8346,7,9123,California
Inyo,2021-07-01,13,16978,9,6374,4,10071,0,533,8,780,5,8351,8,9131,California
Inyo,2021-07-02,21,16999,9,6383,12,10083,0,533,13,785,8,8359,13,9144,California
Inyo,2021-07-03,5,17004,5,6388,0,10083,0,533,4,788,1,8360,4,9148,California
Inyo,2021-07-05,4,17008,2,6390,2,10085,0,533,0,784,4,8364,0,9148,California
Kern,2020-12-15,1,1,1,1,0,0,0,0,1,1,0,0,1,1,California
Kern,2020-12-16,19,20,19,20,0,0,0,0,19,20,0,0,19,20,California
Kern,2020-12-17,164,184,164,184,0,0,0,0,164,184,0,0,164,184,California
Kern,2020-12-18,325,509,325,509,0,0,0,0,325,509,0,0,325,509,California
Kern,2020-12-19,99,608,99,608,0,0,0,0,100,609,0,0,100,609,California
Kern,2020-12-20,62,670,62,670,0,0,0,0,62,671,0,0,62,671,California
Kern,2020-12-21,673,1343,672,1342,1,1,0,0,673,1344,0,0,673,1344,California
Kern,2020-12-22,533,1876,530,1872,3,4,0,0,533,1877,0,0,533,1877,California
Kern,2020-12-23,558,2434,420,2292,138,142,0,0,558,2435,0,0,558,2435,California
Kern,2020-12-24,123,2557,44,2336,79,221,0,0,123,2558,0,0,123,2558,California
Kern,2020-12-25,1,2558,1,2337,0,221,0,0,1,2559,0,0,1,2559,California
Kern,2020-12-26,34,2592,2,2339,32,253,0,0,34,2593,0,0,34,2593,California
Kern,2020-12-27,35,2627,3,2342,32,285,0,0,35,2628,0,0,35,2628,California
Kern,2020-12-28,831,3458,666,3008,165,450,0,0,831,3459,0,0,831,3459,California
Kern,2020-12-29,744,4202,451,3459,293,743,0,0,743,4201,1,1,743,4202,California
Kern,2020-12-30,1207,5409,915,4374,292,1035,0,0,1207,5408,0,1,1207,5409,California
Kern,2020-12-31,276,5685,99,4473,177,1212,0,0,276,5684,0,1,276,5685,California
Kern,2021-01-01,19,5704,10,4483,9,1221,0,0,19,5703,0,1,19,5704,California
Kern,2021-01-02,79,5783,18,4501,61,1282,0,0,79,5782,0,1,79,5783,California
Kern,2021-01-03,23,5806,4,4505,19,1301,0,0,23,5805,0,1,23,5806,California
Kern,2021-01-04,553,6359,361,4866,192,1493,0,0,553,6358,0,1,553,6359,California
Kern,2021-01-05,1134,7493,740,5606,394,1887,0,0,1122,7468,12,13,1122,7481,California
Kern,2021-01-06,1165,8658,449,6055,716,2603,0,0,1135,8573,30,43,1135,8616,California
Kern,2021-01-07,1415,10073,491,6546,924,3527,0,0,1245,9649,169,212,1245,9861,California
Kern,2021-01-08,1630,11703,771,7317,859,4386,0,0,1329,10677,302,514,1330,11191,California
Kern,2021-01-09,229,11932,79,7396,150,4536,0,0,193,10834,36,550,193,11384,California
Kern,2021-01-10,195,12127,149,7545,46,4582,0,0,154,10947,41,591,154,11538,California
Kern,2021-01-11,1562,13689,988,8533,574,5156,0,0,1004,11393,558,1149,1004,12542,California
Kern,2021-01-12,1878,15567,818,9351,1060,6216,0,0,1361,12237,517,1666,1361,13903,California
Kern,2021-01-13,1863,17430,879,10230,984,7200,0,0,1439,13252,424,2090,1439,15342,California
Kern,2021-01-14,2204,19634,655,10885,1549,8749,0,0,2158,15364,46,2136,2158,17500,California
Kern,2021-01-15,2729,22363,863,11748,1866,10615,0,0,2633,17903,95,2231,2634,20134,California
Kern,2021-01-16,675,23038,214,11962,461,11076,0,0,640,18508,35,2266,640,20774,California
Kern,2021-01-17,74,23112,7,11969,67,11143,0,0,72,18578,2,2268,72,20846,California
Kern,2021-01-18,1646,24758,657,12626,989,12132,0,0,1480,19892,166,2434,1480,22326,California
Kern,2021-01-19,1869,26627,1034,13660,835,12967,0,0,1401,20826,468,2902,1402,23728,California
Kern,2021-01-20,2737,29364,1792,15452,945,13912,0,0,1954,22004,778,3680,1956,25684,California
Kern,2021-01-21,2140,31504,875,16327,1265,15177,0,0,1942,23749,197,3877,1942,27626,California
Kern,2021-01-22,2735,34239,1314,17641,1421,16598,0,0,2454,25923,280,4157,2454,30080,California
Kern,2021-01-23,1258,35497,544,18185,714,17312,0,0,1209,27083,49,4206,1209,31289,California
Kern,2021-01-24,155,35652,12,18197,143,17455,0,0,149,27226,6,4212,149,31438,California
Kern,2021-01-25,2383,38035,1083,19280,1300,18755,0,0,1896,28638,485,4697,1897,33335,California
Kern,2021-01-26,2790,40825,1131,20411,1659,20414,0,0,1929,29707,860,5557,1929,35264,California
Kern,2021-01-27,3560,44385,1894,22305,1666,22080,0,0,2860,31870,697,6254,2860,38124,California
Kern,2021-01-28,2896,47281,1360,23665,1536,23616,0,0,2463,33908,428,6682,2466,40590,California
Kern,2021-01-29,3801,51082,1803,25468,1998,25614,0,0,3250,36610,548,7230,3250,43840,California
Kern,2021-01-30,1335,52417,499,25967,836,26450,0,0,1283,37843,50,7280,1283,45123,California
Kern,2021-01-31,400,52817,273,26240,127,26577,0,0,265,37973,135,7415,265,45388,California
Kern,2021-02-01,2588,55405,977,27217,1611,28188,0,0,1874,39137,711,8126,1875,47263,California
Kern,2021-02-02,2766,58171,805,28022,1961,30149,0,0,2057,40486,709,8835,2058,49321,California
Kern,2021-02-03,3701,61872,1558,29580,2143,32292,0,0,2717,42226,977,9812,2717,52038,California
Kern,2021-02-04,3834,65706,1458,31038,2376,34668,0,0,2594,43590,1230,11042,2594,54632,California
Kern,2021-02-05,4882,70588,1993,33031,2889,37557,0,0,3109,44945,1754,12796,3109,57741,California
Kern,2021-02-06,1748,72336,769,33800,979,38536,0,0,1513,46228,230,13026,1513,59254,California
Kern,2021-02-07,284,72620,151,33951,133,38669,0,0,266,46478,16,13042,266,59520,California
Kern,2021-02-08,2572,75192,789,34740,1783,40452,0,0,1259,46443,1295,14337,1260,60780,California
Kern,2021-02-09,3046,78238,979,35719,2067,42519,0,0,1467,46342,1568,15905,1467,62247,California
Kern,2021-02-10,3835,82073,1674,37393,2161,44680,0,0,1873,46271,1945,17850,1874,64121,California
Kern,2021-02-11,4296,86369,1541,38934,2755,47435,0,0,2233,46457,2050,19900,2236,66357,California
Kern,2021-02-12,5012,91381,1910,40844,3102,50537,0,0,2488,46436,2509,22409,2488,68845,California
Kern,2021-02-13,2019,93400,736,41580,1283,51820,0,0,1164,46748,852,23261,1164,70009,California
Kern,2021-02-14,353,93753,12,41592,341,52161,0,0,271,46938,81,23342,271,70280,California
Kern,2021-02-15,2772,96525,908,42500,1864,54025,0,0,1225,46625,1538,24880,1225,71505,California
Kern,2021-02-16,2968,99493,722,43222,2246,56271,0,0,1662,46991,1297,26177,1663,73168,California
Kern,2021-02-17,4116,103609,2099,45321,2017,58288,0,0,1939,46760,2171,28348,1940,75108,California
Kern,2021-02-18,3801,107410,1507,46828,2294,60582,0,0,1629,46229,2160,30508,1629,76737,California
Kern,2021-02-19,4246,111656,1935,48763,2311,62893,0,0,1760,45510,2479,32987,1760,78497,California
Kern,2021-02-20,2635,114291,984,49747,1651,64544,0,0,1374,45627,1257,34244,1374,79871,California
Kern,2021-02-21,279,114570,170,49917,109,64653,0,0,92,45535,185,34429,93,79964,California
Kern,2021-02-22,2763,117333,1208,51125,1555,66208,0,0,1480,45743,1272,35701,1480,81444,California
Kern,2021-02-23,3652,120985,1167,52292,2485,68693,0,0,2021,46136,1629,37330,2022,83466,California
Kern,2021-02-24,5309,126294,2334,54626,2975,71668,0,0,3147,47129,2154,39484,3147,86613,California
Kern,2021-02-25,5417,131711,2469,57095,2948,74616,0,0,3208,48148,2189,41673,3208,89821,California
Kern,2021-02-26,6945,138656,3544,60639,3401,78017,0,0,4372,49955,2567,44240,4374,94195,California
Kern,2021-02-27,3970,142626,1983,62622,1987,80004,0,0,2621,51237,1339,45579,2621,96816,California
Kern,2021-02-28,919,143545,503,63125,415,80419,1,1,695,51712,221,45800,696,97512,California
Kern,2021-03-01,4022,147567,1826,64951,2192,82611,4,5,2702,53108,1310,47110,2706,100218,California
Kern,2021-03-02,4548,152115,1419,66370,3125,85736,4,9,2991,54555,1545,48655,2992,103210,California
Kern,2021-03-03,6017,158132,2849,69219,3166,88902,2,11,3893,56340,2109,50764,3894,107104,California
Kern,2021-03-04,5705,163837,2282,71501,3418,92320,5,16,3698,58051,1990,52754,3701,110805,California
Kern,2021-03-05,6738,170575,2886,74387,3833,96153,19,35,4211,59765,2516,55270,4230,115035,California
Kern,2021-03-06,4770,175345,1929,76316,2732,98885,109,144,3480,62071,1283,56553,3589,118624,California
Kern,2021-03-07,2062,177407,1592,77908,413,99298,57,201,1861,63790,199,56752,1918,120542,California
Kern,2021-03-08,2910,180317,925,78833,1762,101060,223,424,1525,64154,1382,58134,1746,122288,California
Kern,2021-03-09,3748,184065,814,79647,2544,103604,390,814,2337,65473,1403,59537,2722,125010,California
Kern,2021-03-10,6170,190235,2570,82217,2522,106126,1078,1892,3609,67613,2545,62082,4685,129695,California
Kern,2021-03-11,6341,196576,2443,84660,2869,108995,1029,2921,3772,69850,2559,64641,4796,134491,California
Kern,2021-03-12,7872,204448,3085,87745,3433,112428,1354,4275,4330,71992,3529,68170,5671,140162,California
Kern,2021-03-13,4684,209132,2534,90279,1812,114240,338,4613,3255,74157,1422,69592,3587,143749,California
Kern,2021-03-14,2314,211446,1534,91813,535,114775,245,4858,1788,75661,525,70117,2029,145778,California
Kern,2021-03-15,4288,215734,1112,92925,2461,117236,715,5573,2182,76458,2093,72210,2890,148668,California
Kern,2021-03-16,4446,220180,1019,93944,2890,120126,537,6110,2414,77384,2019,74229,2945,151613,California
Kern,2021-03-17,7483,227663,4092,98036,2837,122963,554,6664,4477,79420,2994,77223,5030,156643,California
Kern,2021-03-18,7327,234990,3719,101755,3018,125981,590,7254,4437,81576,2867,80090,5023,161666,California
Kern,2021-03-19,9149,244139,5015,106770,3365,129346,769,8023,4721,82652,4407,84497,5483,167149,California
Kern,2021-03-20,6274,250413,3836,110606,2253,131599,185,8208,3965,84508,2295,86792,4151,171300,California
Kern,2021-03-21,3091,253504,1962,112568,245,131844,884,9092,1884,86074,1200,87992,2766,174066,California
Kern,2021-03-22,3997,257501,1570,114138,2070,133914,357,9449,1927,86306,2052,90044,2284,176350,California
Kern,2021-03-23,4755,262256,1680,115818,2874,136788,201,9650,2467,86713,2258,92302,2665,179015,California
Kern,2021-03-24,7198,269454,3683,119501,3038,139826,477,10127,3646,87300,3533,95835,4120,183135,California
Kern,2021-03-25,6805,276259,3011,122512,3459,143285,335,10462,3222,87290,3564,99399,3554,186689,California
Kern,2021-03-26,9898,286157,4431,126943,4207,147492,1260,11722,4718,88108,5159,104558,5977,192666,California
Kern,2021-03-27,5718,291875,3997,130940,1593,149085,128,11850,3450,89419,2266,106824,3577,196243,California
Kern,2021-03-28,4691,296566,4199,135139,478,149563,14,11864,2957,90658,1732,108556,2971,199214,California
Kern,2021-03-29,4262,300828,1682,136821,2302,151865,278,12142,2611,91907,1637,110193,2886,202100,California
Kern,2021-03-30,5612,306440,1877,138698,3347,155212,388,12530,3042,92767,2566,112759,3426,205526,California
Kern,2021-03-31,8461,314901,4575,143273,3229,158441,657,13187,4320,93621,4122,116881,4976,210502,California
Kern,2021-04-01,7934,322835,3885,147158,3738,162179,311,13498,4233,94489,3671,120552,4539,215041,California
Kern,2021-04-02,8477,331312,4464,151622,3402,165581,611,14109,4227,95087,4230,124782,4828,219869,California
Kern,2021-04-03,6006,337318,3674,155296,2148,167729,184,14293,2658,94588,3338,128120,2839,222708,California
Kern,2021-04-04,1342,338660,874,156170,383,168112,85,14378,478,94288,861,128981,561,223269,California
Kern,2021-04-05,5378,344038,2221,158391,2382,170494,775,15153,2901,95469,2464,131445,3645,226914,California
Kern,2021-04-06,7145,351183,2481,160872,3283,173777,1381,16534,3568,96861,3552,134997,4944,231858,California
Kern,2021-04-07,9402,360585,5484,166356,2954,176731,964,17498,4575,97591,4807,139804,5537,237395,California
Kern,2021-04-08,8684,369269,4809,171165,2959,179690,916,18414,3732,97302,4924,144728,4635,242030,California
Kern,2021-04-09,10295,379564,5152,176317,4148,183838,995,19409,4364,96753,5902,150630,5353,247383,California
Kern,2021-04-10,6608,386172,3467,179784,1891,185729,1250,20659,2141,95683,4455,155085,3385,250768,California
Kern,2021-04-11,3934,390106,2921,182705,369,186098,644,21303,1275,94951,2644,157729,1912,252680,California
Kern,2021-04-12,4427,394533,996,183701,2456,188554,975,22278,1589,94699,2814,160543,2562,255242,California
Kern,2021-04-13,4324,398857,1427,185128,2871,191425,26,22304,2134,94684,2174,162717,2159,257401,California
Kern,2021-04-14,6119,404976,3012,188140,3085,194510,22,22326,3016,94637,3084,165801,3037,260438,California
Kern,2021-04-15,5321,410297,2496,190636,2822,197332,3,22329,2521,94378,2783,168584,2524,262962,California
Kern,2021-04-16,7328,417625,3477,194113,3850,201182,1,22330,2996,93075,4303,172887,3000,265962,California
Kern,2021-04-17,6017,423642,3948,198061,2069,203251,0,22330,2109,91297,3889,176776,2111,268073,California
Kern,2021-04-18,3902,427544,3656,201717,246,203497,0,22330,941,89286,2952,179728,941,269014,California
Kern,2021-04-19,3872,431416,1748,203465,2122,205619,2,22332,1443,88322,2407,182135,1443,270457,California
Kern,2021-04-20,4491,435907,1670,205135,2819,208438,2,22334,1723,87301,2745,184880,1724,272181,California
Kern,2021-04-21,6032,441939,3269,208404,2758,211196,5,22339,2212,85726,3790,188670,2215,274396,California
Kern,2021-04-22,4888,446827,2392,210796,2496,213692,0,22339,1743,84349,3121,191791,1744,276140,California
Kern,2021-04-23,6227,453054,3093,213889,3133,216825,1,22340,1950,82066,4236,196027,1953,278093,California
Kern,2021-04-24,4026,457080,2809,216698,1206,218031,11,22351,1448,80969,2557,198584,1460,279553,California
Kern,2021-04-25,1404,458484,1117,217815,287,218318,0,22351,827,81225,571,199155,827,280380,California
Kern,2021-04-26,3906,462390,1870,219685,1985,220303,51,22402,1082,79545,2815,201970,1135,281515,California
Kern,2021-04-27,4836,467226,2366,222051,2362,222665,108,22510,1493,77815,3328,205298,1598,283113,California
Kern,2021-04-28,6423,473649,3826,225877,2473,225138,124,22634,1871,75276,4531,209829,1992,285105,California
Kern,2021-04-29,5632,479281,3168,229045,2365,227503,99,22733,1693,73152,3917,213746,1793,286898,California
Kern,2021-04-30,5717,484998,3231,232276,2327,229830,159,22892,1683,70975,4018,217764,1841,288739,California
Kern,2021-05-01,2725,487723,1931,234207,735,230565,59,22951,1088,70496,1625,219389,1146,289885,California
Kern,2021-05-02,1896,489619,1607,235814,267,230832,22,22973,695,70019,1194,220583,717,290602,California
Kern,2021-05-03,2561,492180,1035,236849,1392,232224,134,23107,790,69188,1756,222339,925,291527,California
Kern,2021-05-04,3744,495924,1356,238205,2279,234503,109,23216,1317,68201,2411,224750,1424,292951,California
Kern,2021-05-05,4232,500156,2201,240406,1879,236382,152,23368,1405,66947,2809,227559,1555,294506,California
Kern,2021-05-06,3662,503818,1684,242090,1832,238214,146,23514,1149,65751,2487,230046,1291,295797,California
Kern,2021-05-07,4646,508464,2332,244422,2138,240352,176,23690,1308,63929,3305,233351,1483,297280,California
Kern,2021-05-08,2941,511405,1852,246274,973,241325,116,23806,914,62945,2012,235363,1028,298308,California
Kern,2021-05-09,1354,512759,1180,247454,145,241470,29,23835,442,62513,903,236266,471,298779,California
Kern,2021-05-10,2319,515078,914,248368,1302,242772,103,23938,686,61687,1613,237879,787,299566,California
Kern,2021-05-11,2739,517817,986,249354,1627,244399,126,24064,991,61069,1736,239615,1118,300684,California
Kern,2021-05-12,3667,521484,1478,250832,2038,246437,151,24215,1149,59865,2502,242117,1298,301982,California
Kern,2021-05-13,3545,525029,1867,252699,1524,247961,154,24369,1644,59772,1887,244004,1794,303776,California
Kern,2021-05-14,4340,529369,2578,255277,1539,249500,223,24592,1995,59664,2325,246329,2217,305993,California
Kern,2021-05-15,2946,532315,1921,257198,937,250437,88,24680,1566,59953,1364,247693,1653,307646,California
Kern,2021-05-16,1615,533930,1386,258584,189,250626,40,24720,936,60256,673,248366,976,308622,California
Kern,2021-05-17,2339,536269,1009,259593,1183,251809,147,24867,1179,60434,1147,249513,1325,309947,California
Kern,2021-05-18,3236,539505,1505,261098,1599,253408,132,24999,1629,60602,1590,251103,1758,311705,California
Kern,2021-05-19,3842,543347,2393,263491,1320,254728,129,25128,1784,60467,2045,253148,1910,313615,California
Kern,2021-05-20,3124,546471,1696,265187,1284,256012,144,25272,1402,60311,1700,254848,1544,315159,California
Kern,2021-05-21,3651,550122,2210,267397,1306,257318,135,25407,1815,60450,1811,256659,1950,317109,California
Kern,2021-05-22,2960,553082,2304,269701,607,257925,49,25456,1400,60348,1548,258207,1446,318555,California
Kern,2021-05-23,1299,554381,1103,270804,170,258095,26,25482,678,60438,613,258820,703,319258,California
Kern,2021-05-24,1905,556286,820,271624,970,259065,115,25597,896,60446,1002,259822,1010,320268,California
Kern,2021-05-25,2407,558693,1115,272739,1203,260268,89,25686,1111,60363,1282,261104,1199,321467,California
Kern,2021-05-26,2789,561482,1613,274352,1074,261342,102,25788,1193,60076,1580,262684,1293,322760,California
Kern,2021-05-27,2420,563902,1245,275597,1071,262413,104,25892,1267,60314,1131,263815,1369,324129,California
Kern,2021-05-28,2729,566631,1386,276983,1232,263645,111,26003,1261,60230,1454,265269,1370,325499,California
Kern,2021-05-29,1908,568539,1265,278248,594,264239,49,26052,931,60247,963,266232,980,326479,California
Kern,2021-05-30,865,569404,707,278955,139,264378,19,26071,435,60278,422,266654,453,326932,California
Kern,2021-05-31,148,569552,49,279004,88,264466,11,26082,56,60255,89,266743,66,326998,California
Kern,2021-06-01,2290,571842,952,279956,1267,265733,71,26153,967,59986,1306,268049,1037,328035,California
Kern,2021-06-02,2253,574095,1304,281260,843,266576,106,26259,944,59738,1298,269347,1050,329085,California
Kern,2021-06-03,2379,576474,1340,282600,883,267459,156,26415,861,59247,1507,270854,1016,330101,California
Kern,2021-06-04,2967,579441,1925,284525,930,268389,112,26527,866,58149,2075,272929,977,331078,California
Kern,2021-06-05,2532,581973,2045,286570,453,268842,34,26561,790,57241,1732,274661,824,331902,California
Kern,2021-06-06,1227,583200,1121,287691,83,268925,23,26584,403,56848,819,275480,426,332328,California
Kern,2021-06-07,1818,585018,1131,288822,590,269515,97,26681,683,56504,1122,276602,778,333106,California
Kern,2021-06-08,2128,587146,1239,290061,817,270332,72,26753,648,55762,1461,278063,719,333825,California
Kern,2021-06-09,2624,589770,1840,291901,695,271027,89,26842,821,54881,1790,279853,909,334734,California
Kern,2021-06-10,2238,592008,1384,293285,754,271781,100,26942,785,54323,1441,281294,883,335617,California
Kern,2021-06-11,2852,594860,1915,295200,845,272626,92,27034,1068,53712,1772,283066,1161,336778,California
Kern,2021-06-12,1790,596650,1329,296529,411,273037,50,27084,532,53041,1253,284319,582,337360,California
Kern,2021-06-13,931,597581,814,297343,110,273147,7,27091,273,52666,656,284975,281,337641,California
Kern,2021-06-14,1859,599440,1132,298475,630,273777,97,27188,641,52194,1208,286183,736,338377,California
Kern,2021-06-15,2120,601560,1185,299660,857,274634,78,27266,820,51800,1292,287475,898,339275,California
Kern,2021-06-16,2081,603641,1372,301032,632,275266,77,27343,823,51457,1242,288717,899,340174,California
Kern,2021-06-17,1890,605531,1184,302216,591,275857,115,27458,907,51506,974,289691,1023,341197,California
Kern,2021-06-18,2224,607755,1393,303609,711,276568,120,27578,951,51321,1255,290946,1070,342267,California
Kern,2021-06-19,1241,608996,890,304499,316,276884,35,27613,528,51181,702,291648,562,342829,California
Kern,2021-06-20,732,609728,609,305108,103,276987,20,27633,285,51039,447,292095,305,343134,California
Kern,2021-06-21,1241,610969,665,305773,498,277485,78,27711,670,51222,563,292658,746,343880,California
Kern,2021-06-22,1657,612626,882,306655,698,278183,77,27788,674,51001,972,293630,751,344631,California
Kern,2021-06-23,1727,614353,1104,307759,545,278728,78,27866,767,50903,941,294571,843,345474,California
Kern,2021-06-24,1593,615946,982,308741,522,279250,89,27955,679,50763,907,295478,767,346241,California
Kern,2021-06-25,1799,617745,1128,309869,581,279831,90,28045,852,50768,935,296413,940,347181,California
Kern,2021-06-26,1325,619070,989,310858,304,280135,32,28077,568,50615,752,297165,599,347780,California
Kern,2021-06-27,608,619678,513,311371,81,280216,14,28091,265,50555,339,297504,279,348059,California
Kern,2021-06-28,1149,620827,764,312135,297,280513,88,28179,504,50513,632,298136,590,348649,California
Kern,2021-06-29,1396,622223,713,312848,593,281106,90,28269,607,50431,777,298913,695,349344,California
Kern,2021-06-30,1582,623805,1064,313912,439,281545,79,28348,813,50559,765,299678,893,350237,California
Kern,2021-07-01,1370,625175,869,314781,438,281983,63,28411,626,50508,740,300418,689,350926,California
Kern,2021-07-02,1712,626887,1147,315928,495,282478,70,28481,774,50427,922,301340,841,351767,California
Kern,2021-07-03,983,627870,688,316616,257,282735,38,28519,482,50451,496,301836,520,352287,California
Kern,2021-07-04,132,628002,98,316714,34,282769,0,28519,63,50446,68,301904,63,352350,California
Kern,2021-07-05,357,628359,179,316893,160,282929,18,28537,156,50422,198,302102,174,352524,California
Kings,2020-12-16,1,1,1,1,0,0,0,0,1,1,0,0,1,1,California
Kings,2020-12-17,8,9,8,9,0,0,0,0,8,9,0,0,8,9,California
Kings,2020-12-18,12,21,12,21,0,0,0,0,12,21,0,0,12,21,California
Kings,2020-12-19,12,33,12,33,0,0,0,0,12,33,0,0,12,33,California
Kings,2020-12-20,13,46,13,46,0,0,0,0,13,46,0,0,13,46,California
Kings,2020-12-21,156,202,156,202,0,0,0,0,268,314,0,0,268,314,California
Kings,2020-12-22,141,343,141,343,0,0,0,0,138,452,0,0,138,452,California
Kings,2020-12-23,137,480,123,466,14,14,0,0,138,590,0,0,138,590,California
Kings,2020-12-24,11,491,9,475,2,16,0,0,11,601,0,0,11,601,California
Kings,2020-12-26,7,498,4,479,3,19,0,0,7,608,0,0,7,608,California
Kings,2020-12-27,4,502,4,483,0,19,0,0,4,612,0,0,4,612,California
Kings,2020-12-28,131,633,103,586,28,47,0,0,132,744,0,0,132,744,California
Kings,2020-12-29,83,716,55,641,28,75,0,0,84,828,0,0,84,828,California
Kings,2020-12-30,150,866,109,750,41,116,0,0,150,978,0,0,150,978,California
Kings,2020-12-31,45,911,6,756,39,155,0,0,45,1023,0,0,45,1023,California
Kings,2021-01-01,1,912,0,756,1,156,0,0,1,1024,0,0,1,1024,California
Kings,2021-01-02,12,924,10,766,2,158,0,0,12,1036,0,0,12,1036,California
Kings,2021-01-03,1,925,1,767,0,158,0,0,1,1037,0,0,1,1037,California
Kings,2021-01-04,112,1037,41,808,71,229,0,0,112,1149,0,0,112,1149,California
Kings,2021-01-05,195,1232,39,847,156,385,0,0,195,1344,0,0,195,1344,California
Kings,2021-01-06,278,1510,179,1026,99,484,0,0,275,1616,3,3,275,1619,California
Kings,2021-01-07,182,1692,83,1109,99,583,0,0,174,1782,8,11,174,1793,California
Kings,2021-01-08,249,1941,54,1163,195,778,0,0,229,1991,20,31,229,2022,California
Kings,2021-01-09,63,2004,9,1172,54,832,0,0,55,2038,8,39,55,2077,California
Kings,2021-01-10,15,2019,3,1175,12,844,0,0,12,2047,3,42,12,2089,California
Kings,2021-01-11,517,2536,353,1528,164,1008,0,0,276,2083,241,283,277,2366,California
Kings,2021-01-12,349,2885,253,1781,96,1104,0,0,216,2169,130,413,216,2582,California
Kings,2021-01-13,422,3307,275,2056,147,1251,0,0,331,2409,91,504,331,2913,California
Kings,2021-01-14,210,3517,30,2086,180,1431,0,0,200,2589,21,525,201,3114,California
Kings,2021-01-15,418,3935,30,2116,388,1819,0,0,406,2983,12,537,406,3520,California
Kings,2021-01-16,28,3963,9,2125,19,1838,0,0,27,3009,1,538,27,3547,California
Kings,2021-01-17,12,3975,9,2134,3,1841,0,0,10,3017,2,540,10,3557,California
Kings,2021-01-18,173,4148,41,2175,132,1973,0,0,147,3138,26,566,147,3704,California
Kings,2021-01-19,381,4529,161,2336,220,2193,0,0,252,3261,129,695,252,3956,California
Kings,2021-01-20,254,4783,162,2498,92,2285,0,0,134,3280,115,810,134,4090,California
Kings,2021-01-21,212,4995,57,2555,155,2440,0,0,195,3456,19,829,195,4285,California
Kings,2021-01-22,105,5100,17,2572,88,2528,0,0,104,3555,5,834,104,4389,California
Kings,2021-01-23,26,5126,14,2586,12,2540,0,0,19,3567,7,841,19,4408,California
Kings,2021-01-24,4,5130,4,2590,0,2540,0,0,2,3567,2,843,2,4410,California
Kings,2021-01-25,156,5286,55,2645,101,2641,0,0,93,3597,63,906,93,4503,California
Kings,2021-01-26,172,5458,52,2697,120,2761,0,0,113,3651,59,965,113,4616,California
Kings,2021-01-27,356,5814,61,2758,295,3056,0,0,252,3800,103,1068,252,4868,California
Kings,2021-01-28,361,6175,74,2832,287,3343,0,0,276,3991,85,1153,276,5144,California
Kings,2021-01-29,113,6288,27,2859,86,3429,0,0,96,4070,17,1170,96,5240,California
Kings,2021-01-30,1568,7856,28,2887,1540,4969,0,0,1564,5632,4,1174,1566,6806,California
Kings,2021-01-31,1,7857,1,2888,0,4969,0,0,1,5633,0,1174,1,6807,California
Kings,2021-02-01,241,8098,87,2975,154,5123,0,0,92,5578,147,1321,92,6899,California
Kings,2021-02-02,342,8440,110,3085,232,5355,0,0,97,5431,244,1565,97,6996,California
Kings,2021-02-03,481,8921,273,3358,208,5563,0,0,240,5431,240,1805,240,7236,California
Kings,2021-02-04,466,9387,132,3490,334,5897,0,0,228,5422,237,2042,228,7464,California
Kings,2021-02-05,338,9725,57,3547,281,6178,0,0,178,5443,157,2199,178,7642,California
Kings,2021-02-06,61,9786,10,3557,51,6229,0,0,28,5438,33,2232,28,7670,California
Kings,2021-02-07,6,9792,4,3561,2,6231,0,0,3,5438,3,2235,3,7673,California
Kings,2021-02-08,175,9967,29,3590,146,6377,0,0,68,5399,107,2342,68,7741,California
Kings,2021-02-09,256,10223,59,3649,197,6574,0,0,112,5369,142,2484,112,7853,California
Kings,2021-02-10,381,10604,113,3762,268,6842,0,0,256,5500,125,2609,256,8109,California
Kings,2021-02-11,495,11099,67,3829,428,7270,0,0,361,5728,133,2742,361,8470,California
Kings,2021-02-12,709,11808,36,3865,673,7943,0,0,352,5724,356,3098,352,8822,California
Kings,2021-02-13,241,12049,6,3871,235,8178,0,0,215,5913,26,3124,215,9037,California
Kings,2021-02-14,103,12152,4,3875,99,8277,0,0,95,6000,8,3132,95,9132,California
Kings,2021-02-15,248,12400,5,3880,243,8520,0,0,138,6029,109,3241,138,9270,California
Kings,2021-02-16,632,13032,33,3913,599,9119,0,0,356,6111,275,3516,357,9627,California
Kings,2021-02-17,441,13473,24,3937,417,9536,0,0,302,6276,139,3655,304,9931,California
Kings,2021-02-18,343,13816,22,3959,321,9857,0,0,213,6360,129,3784,213,10144,California
Kings,2021-02-19,213,14029,24,3983,189,10046,0,0,129,6408,81,3865,129,10273,California
Kings,2021-02-20,173,14202,41,4024,132,10178,0,0,135,6505,38,3903,135,10408,California
Kings,2021-02-21,3,14205,2,4026,1,10179,0,0,3,6508,0,3903,3,10411,California
Kings,2021-02-22,127,14332,22,4048,105,10284,0,0,59,6500,67,3970,59,10470,California
Kings,2021-02-23,440,14772,71,4119,369,10653,0,0,320,6700,120,4090,320,10790,California
Kings,2021-02-24,754,15526,163,4282,591,11244,0,0,531,7008,223,4313,531,11321,California
Kings,2021-02-25,826,16352,132,4414,694,11938,0,0,599,7382,225,4538,599,11920,California
Kings,2021-02-26,863,17215,136,4550,727,12665,0,0,774,8068,88,4626,774,12694,California
Kings,2021-02-27,1518,18733,65,4615,1453,14118,0,0,582,7715,935,5561,582,13276,California
Kings,2021-02-28,1207,19940,598,5213,609,14727,0,0,675,7861,530,6091,676,13952,California
Kings,2021-03-01,295,20235,90,5303,205,14932,0,0,222,8010,73,6164,222,14174,California
Kings,2021-03-02,590,20825,257,5560,333,15265,0,0,517,8456,73,6237,519,14693,California
Kings,2021-03-03,759,21584,327,5887,432,15697,0,0,534,8768,223,6460,535,15228,California
Kings,2021-03-04,834,22418,356,6243,478,16175,0,0,705,9345,129,6589,706,15934,California
Kings,2021-03-05,1193,23611,369,6612,815,16990,9,9,1040,10244,153,6742,1052,16986,California
Kings,2021-03-06,518,24129,187,6799,318,17308,13,22,488,10715,30,6772,501,17487,California
Kings,2021-03-07,363,24492,223,7022,136,17444,4,26,355,11066,8,6780,359,17846,California
Kings,2021-03-08,383,24875,98,7120,232,17676,53,79,265,11266,118,6898,318,18164,California
Kings,2021-03-09,688,25563,389,7509,244,17920,55,134,579,11793,108,7006,635,18799,California
Kings,2021-03-10,787,26350,251,7760,430,18350,106,240,555,12223,230,7236,660,19459,California
Kings,2021-03-11,1202,27552,430,8190,656,19006,116,356,752,12644,448,7684,869,20328,California
Kings,2021-03-12,1525,29077,447,8637,984,19990,94,450,984,13187,537,8221,1080,21408,California
Kings,2021-03-13,681,29758,334,8971,305,20295,42,492,557,13664,124,8345,601,22009,California
Kings,2021-03-14,674,30432,101,9072,184,20479,389,881,200,13779,474,8819,589,22598,California
Kings,2021-03-15,713,31145,267,9339,327,20806,119,1000,470,14129,242,9061,592,23190,California
Kings,2021-03-16,1170,32315,478,9817,629,21435,63,1063,749,14521,420,9481,812,24002,California
Kings,2021-03-17,1110,33425,420,10237,628,22063,62,1125,779,15039,331,9812,849,24851,California
Kings,2021-03-18,1131,34556,475,10712,433,22496,223,1348,749,15633,380,10192,974,25825,California
Kings,2021-03-19,977,35533,468,11180,418,22914,91,1439,726,16215,250,10442,832,26657,California
Kings,2021-03-20,642,36175,256,11436,354,23268,32,1471,463,16542,176,10618,503,27160,California
Kings,2021-03-21,1423,37598,1091,12527,320,23588,12,1483,863,16857,560,11178,875,28035,California
Kings,2021-03-22,451,38049,200,12727,165,23753,86,1569,266,17029,184,11362,356,28391,California
Kings,2021-03-23,1047,39096,506,13233,477,24230,64,1633,548,17148,497,11859,616,29007,California
Kings,2021-03-24,1096,40192,486,13719,587,24817,23,1656,499,17077,595,12454,524,29531,California
Kings,2021-03-25,1053,41245,471,14190,555,25372,27,1683,443,16938,608,13062,469,30000,California
Kings,2021-03-26,1408,42653,380,14570,938,26310,90,1773,510,16644,893,13955,599,30599,California
Kings,2021-03-27,643,43296,259,14829,372,26682,12,1785,155,16325,486,14441,167,30766,California
Kings,2021-03-28,673,43969,602,15431,64,26746,7,1792,403,16478,270,14711,423,31189,California
Kings,2021-03-29,470,44439,212,15643,197,26943,61,1853,257,16584,211,14922,317,31506,California
Kings,2021-03-30,950,45389,533,16176,378,27321,39,1892,433,16539,516,15438,471,31977,California
Kings,2021-03-31,890,46279,467,16643,350,27671,73,1965,420,16570,462,15900,493,32470,California
Kings,2021-04-01,915,47194,490,17133,336,28007,89,2054,355,16461,553,16453,444,32914,California
Kings,2021-04-02,1118,48312,454,17587,538,28545,126,2180,394,16262,718,17171,519,33433,California
Kings,2021-04-03,496,48808,348,17935,139,28684,9,2189,171,16124,319,17490,181,33614,California
Kings,2021-04-04,157,48965,83,18018,68,28752,6,2195,42,16059,113,17603,48,33662,California
Kings,2021-04-05,1063,50028,328,18346,480,29232,255,2450,240,15731,822,18425,494,34156,California
Kings,2021-04-06,1258,51286,493,18839,452,29684,313,2763,285,15358,970,19395,597,34753,California
Kings,2021-04-07,1377,52663,655,19494,536,30220,186,2949,337,14844,1037,20432,523,35276,California
Kings,2021-04-08,1631,54294,638,20132,740,30960,253,3202,374,14221,1250,21682,627,35903,California
Kings,2021-04-09,1243,55537,593,20725,469,31429,181,3383,238,13634,1003,22685,416,36319,California
Kings,2021-04-10,595,56132,333,21058,160,31589,102,3485,175,13492,418,23103,276,36595,California
Kings,2021-04-11,355,56487,76,21134,272,31861,7,3492,196,13538,157,23260,203,36798,California
Kings,2021-04-12,710,57197,315,21449,192,32053,203,3695,194,13421,514,23774,397,37195,California
Kings,2021-04-13,919,58116,527,21976,392,32445,0,3695,295,13099,622,24396,300,37495,California
Kings,2021-04-14,1050,59166,579,22555,471,32916,0,3695,379,12808,671,25067,380,37875,California
Kings,2021-04-15,1063,60229,524,23079,538,33454,1,3696,453,12655,607,25674,454,38329,California
Kings,2021-04-16,797,61026,364,23443,433,33887,0,3696,262,12385,533,26207,263,38592,California
Kings,2021-04-17,459,61485,245,23688,214,34101,0,3696,187,12301,271,26478,187,38779,California
Kings,2021-04-18,571,62056,246,23934,325,34426,0,3696,45,11820,526,27004,45,38824,California
Kings,2021-04-19,629,62685,386,24320,243,34669,0,3696,296,11786,330,27334,296,39120,California
Kings,2021-04-20,756,63441,462,24782,294,34963,0,3696,243,11517,512,27846,243,39363,California
Kings,2021-04-21,696,64137,352,25134,344,35307,0,3696,244,11317,444,28290,244,39607,California
Kings,2021-04-22,573,64710,291,25425,282,35589,0,3696,209,11166,361,28651,210,39817,California
Kings,2021-04-23,677,65387,298,25723,379,35968,0,3696,330,11153,343,28994,330,40147,California
Kings,2021-04-24,247,65634,179,25902,67,36035,1,3697,119,11146,127,29121,120,40267,California
Kings,2021-04-25,204,65838,184,26086,20,36055,0,3697,166,11275,37,29158,166,40433,California
Kings,2021-04-26,326,66164,177,26263,146,36201,3,3700,201,11355,124,29282,204,40637,California
Kings,2021-04-27,433,66597,195,26458,219,36420,19,3719,184,11311,247,29529,203,40840,California
Kings,2021-04-28,523,67120,263,26721,240,36660,20,3739,270,11348,253,29782,290,41130,California
Kings,2021-04-29,302,67422,125,26846,165,36825,12,3751,141,11343,158,29940,153,41283,California
Kings,2021-04-30,376,67798,168,27014,191,37016,17,3768,155,11298,217,30157,172,41455,California
Kings,2021-05-01,227,68025,166,27180,51,37067,10,3778,72,11226,154,30311,82,41537,California
Kings,2021-05-02,170,68195,148,27328,22,37089,0,3778,128,11312,42,30353,128,41665,California
Kings,2021-05-03,474,68669,252,27580,209,37298,13,3791,121,11094,352,30705,134,41799,California
Kings,2021-05-04,528,69197,273,27853,235,37533,20,3811,161,10910,365,31070,181,41980,California
Kings,2021-05-05,566,69763,300,28153,246,37779,20,3831,143,10651,422,31492,163,42143,California
Kings,2021-05-06,571,70334,290,28443,258,38037,23,3854,132,10369,437,31929,155,42298,California
Kings,2021-05-07,368,70702,211,28654,143,38180,14,3868,149,10315,217,32146,163,42461,California
Kings,2021-05-08,244,70946,179,28833,53,38233,12,3880,85,10253,158,32304,96,42557,California
Kings,2021-05-09,191,71137,63,28896,128,38361,0,3880,40,10142,151,32455,40,42597,California
Kings,2021-05-10,347,71484,270,29166,67,38428,10,3890,114,10034,231,32686,123,42720,California
Kings,2021-05-11,387,71871,239,29405,119,38547,29,3919,116,9910,270,32956,146,42866,California
Kings,2021-05-12,401,72272,163,29568,224,38771,14,3933,164,9853,235,33191,178,43044,California
Kings,2021-05-13,410,72682,167,29735,235,39006,8,3941,168,9788,241,33432,176,43220,California
Kings,2021-05-14,463,73145,316,30051,116,39122,31,3972,239,9835,223,33655,270,43490,California
Kings,2021-05-15,356,73501,256,30307,82,39204,18,3990,198,9893,158,33813,216,43706,California
Kings,2021-05-16,247,73748,221,30528,25,39229,1,3991,75,9797,172,33985,76,43782,California
Kings,2021-05-17,409,74157,324,30852,68,39297,17,4008,211,9828,197,34182,228,44010,California
Kings,2021-05-18,398,74555,283,31135,102,39399,13,4021,227,9898,171,34353,241,44251,California
Kings,2021-05-19,574,75129,281,31416,271,39670,22,4043,227,9802,345,34698,249,44500,California
Kings,2021-05-20,451,75580,237,31653,187,39857,27,4070,260,9899,191,34889,288,44788,California
Kings,2021-05-21,518,76098,262,31915,245,40102,11,4081,263,9922,251,35140,274,45062,California
Kings,2021-05-22,306,76404,246,32161,48,40150,12,4093,217,10064,87,35227,229,45291,California
Kings,2021-05-23,234,76638,225,32386,9,40159,0,4093,106,10042,128,35355,106,45397,California
Kings,2021-05-24,262,76900,175,32561,72,40231,15,4108,125,10045,137,35492,140,45537,California
Kings,2021-05-25,405,77305,268,32829,104,40335,33,4141,236,10147,167,35659,269,45806,California
Kings,2021-05-26,304,77609,125,32954,162,40497,17,4158,121,10103,182,35841,138,45944,California
Kings,2021-05-27,325,77934,176,33130,131,40628,18,4176,177,10153,145,35986,195,46139,California
Kings,2021-05-28,288,78222,140,33270,130,40758,18,4194,132,10150,153,36139,150,46289,California
Kings,2021-05-29,174,78396,101,33371,62,40820,11,4205,87,10162,86,36225,98,46387,California
Kings,2021-05-30,133,78529,116,33487,15,40835,2,4207,72,10175,61,36286,74,46461,California
Kings,2021-05-31,41,78570,22,33509,16,40851,3,4210,15,10167,26,36312,18,46479,California
Kings,2021-06-01,317,78887,187,33696,114,40965,16,4226,119,10107,194,36506,134,46613,California
Kings,2021-06-02,276,79163,125,33821,144,41109,7,4233,85,10011,188,36694,92,46705,California
Kings,2021-06-03,225,79388,126,33947,88,41197,11,4244,69,9943,148,36842,80,46785,California
Kings,2021-06-04,427,79815,284,34231,129,41326,14,4258,153,9840,270,37112,167,46952,California
Kings,2021-06-05,258,80073,224,34455,27,41353,7,4265,62,9726,183,37295,69,47021,California
Kings,2021-06-06,162,80235,154,34609,3,41356,5,4270,81,9735,77,37372,86,47107,California
Kings,2021-06-07,293,80528,225,34834,54,41410,14,4284,95,9645,198,37570,108,47215,California
Kings,2021-06-08,312,80840,240,35074,52,41462,20,4304,78,9511,232,37802,98,47313,California
Kings,2021-06-09,397,81237,264,35338,124,41586,9,4313,116,9358,278,38080,125,47438,California
Kings,2021-06-10,341,81578,223,35561,105,41691,13,4326,82,9194,259,38339,95,47533,California
Kings,2021-06-11,374,81952,281,35842,90,41781,3,4329,144,9116,225,38564,147,47680,California
Kings,2021-06-12,268,82220,220,36062,44,41825,4,4333,69,9006,183,38747,73,47753,California
Kings,2021-06-13,127,82347,118,36180,8,41833,1,4334,34,8949,92,38839,35,47788,California
Kings,2021-06-14,240,82587,172,36352,46,41879,22,4356,97,8925,143,38982,119,47907,California
Kings,2021-06-15,255,82842,182,36534,62,41941,11,4367,88,8858,166,39148,99,48006,California
Kings,2021-06-16,254,83096,130,36664,116,42057,8,4375,90,8800,157,39305,99,48105,California
Kings,2021-06-17,207,83303,110,36774,87,42144,10,4385,80,8763,127,39432,90,48195,California
Kings,2021-06-18,252,83555,173,36947,70,42214,9,4394,118,8756,134,39566,127,48322,California
Kings,2021-06-19,101,83656,69,37016,27,42241,5,4399,40,8740,61,39627,45,48367,California
Kings,2021-06-20,84,83740,69,37085,9,42250,6,4405,28,8718,56,39683,34,48401,California
Kings,2021-06-21,181,83921,97,37182,53,42303,31,4436,97,8762,84,39767,128,48529,California
Kings,2021-06-22,199,84120,128,37310,63,42366,8,4444,82,8735,117,39884,90,48619,California
Kings,2021-06-23,197,84317,94,37404,88,42454,15,4459,86,8726,110,39994,101,48720,California
Kings,2021-06-24,145,84462,68,37472,72,42526,5,4464,56,8699,88,40082,61,48781,California
Kings,2021-06-25,306,84768,219,37691,78,42604,9,4473,150,8703,155,40237,159,48940,California
Kings,2021-06-26,124,84892,82,37773,38,42642,4,4477,53,8689,71,40308,57,48997,California
Kings,2021-06-27,118,85010,111,37884,6,42648,1,4478,38,8651,77,40385,39,49036,California
Kings,2021-06-28,192,85202,138,38022,37,42685,17,4495,82,8640,110,40495,99,49135,California
Kings,2021-06-29,179,85381,133,38155,36,42721,10,4505,86,8645,91,40586,96,49231,California
Kings,2021-06-30,189,85570,117,38272,64,42785,8,4513,87,8638,102,40688,95,49326,California
Kings,2021-07-01,132,85702,89,38361,36,42821,7,4520,63,8641,67,40755,70,49396,California
Kings,2021-07-02,184,85886,119,38480,56,42877,9,4529,90,8647,93,40848,99,49495,California
Kings,2021-07-03,104,85990,84,38564,19,42896,1,4530,53,8650,51,40899,54,49549,California
Kings,2021-07-04,4,85994,0,38564,4,42900,0,4530,3,8652,1,40900,3,49552,California
Kings,2021-07-05,42,86036,34,38598,8,42908,0,4530,21,8652,21,40921,21,49573,California
Lake,2020-12-17,4,4,4,4,0,0,0,0,4,4,0,0,4,4,California
Lake,2020-12-18,50,54,50,54,0,0,0,0,50,54,0,0,50,54,California
Lake,2020-12-19,3,57,3,57,0,0,0,0,3,57,0,0,3,57,California
Lake,2020-12-20,6,63,6,63,0,0,0,0,6,63,0,0,6,63,California
Lake,2020-12-21,87,150,87,150,0,0,0,0,87,150,0,0,87,150,California
Lake,2020-12-22,63,213,60,210,3,3,0,0,63,213,0,0,63,213,California
Lake,2020-12-23,124,337,115,325,9,12,0,0,124,337,0,0,124,337,California
Lake,2020-12-24,2,339,0,325,2,14,0,0,2,339,0,0,2,339,California
Lake,2020-12-26,2,341,2,327,0,14,0,0,2,341,0,0,2,341,California
Lake,2020-12-27,2,343,2,329,0,14,0,0,2,343,0,0,2,343,California
Lake,2020-12-28,52,395,43,372,9,23,0,0,52,395,0,0,52,395,California
Lake,2020-12-29,52,447,47,419,5,28,0,0,52,447,0,0,52,447,California
Lake,2020-12-30,130,577,122,541,8,36,0,0,130,577,0,0,130,577,California
Lake,2020-12-31,67,644,64,605,3,39,0,0,67,644,0,0,67,644,California
Lake,2021-01-01,4,648,1,606,3,42,0,0,4,648,0,0,4,648,California
Lake,2021-01-02,2,650,1,607,1,43,0,0,2,650,0,0,2,650,California
Lake,2021-01-04,88,738,21,628,67,110,0,0,88,738,0,0,88,738,California
Lake,2021-01-05,120,858,59,687,61,171,0,0,118,854,2,2,118,856,California
Lake,2021-01-06,103,961,64,751,39,210,0,0,101,953,2,4,101,957,California
Lake,2021-01-07,110,1071,86,837,24,234,0,0,101,1045,9,13,101,1058,California
Lake,2021-01-08,155,1226,126,963,29,263,0,0,104,1098,51,64,104,1162,California
Lake,2021-01-09,63,1289,61,1024,2,265,0,0,59,1153,4,68,59,1221,California
Lake,2021-01-10,3,1292,3,1027,0,265,0,0,0,1150,3,71,0,1221,California
Lake,2021-01-11,189,1481,150,1177,39,304,0,0,109,1179,80,151,109,1330,California
Lake,2021-01-12,81,1562,48,1225,33,337,0,0,58,1214,23,174,58,1388,California
Lake,2021-01-13,170,1732,115,1340,55,392,0,0,110,1264,60,234,110,1498,California
Lake,2021-01-14,151,1883,48,1388,103,495,0,0,129,1371,22,256,129,1627,California
Lake,2021-01-15,221,2104,95,1483,126,621,0,0,193,1536,28,284,193,1820,California
Lake,2021-01-16,136,2240,83,1566,53,674,0,0,134,1668,2,286,134,1954,California
Lake,2021-01-17,18,2258,6,1572,12,686,0,0,12,1674,6,292,12,1966,California
Lake,2021-01-18,246,2504,227,1799,19,705,0,0,125,1678,121,413,125,2091,California
Lake,2021-01-19,318,2822,121,1920,197,902,0,0,271,1903,47,460,272,2363,California
Lake,2021-01-20,427,3249,82,2002,345,1247,0,0,362,2201,64,524,362,2725,California
Lake,2021-01-21,441,3690,50,2052,391,1638,0,0,405,2570,36,560,405,3130,California
Lake,2021-01-22,322,4012,47,2099,275,1913,0,0,285,2818,37,597,285,3415,California
Lake,2021-01-23,127,4139,6,2105,121,2034,0,0,126,2943,1,598,126,3541,California
Lake,2021-01-24,5,4144,2,2107,3,2037,0,0,5,2948,0,598,5,3546,California
Lake,2021-01-25,259,4403,96,2203,163,2200,0,0,177,3043,82,680,177,3723,California
Lake,2021-01-26,432,4835,36,2239,396,2596,0,0,408,3427,24,704,408,4131,California
Lake,2021-01-27,362,5197,40,2279,322,2918,0,0,335,3736,27,731,336,4467,California
Lake,2021-01-28,499,5696,162,2441,337,3255,0,0,367,3973,130,861,367,4834,California
Lake,2021-01-29,653,6349,101,2542,552,3807,0,0,578,4476,75,936,578,5412,California
Lake,2021-01-30,557,6906,43,2585,514,4321,0,0,551,5021,6,942,551,5963,California
Lake,2021-01-31,15,6921,9,2594,6,4327,0,0,13,5032,2,944,13,5976,California
Lake,2021-02-01,181,7102,18,2612,163,4490,0,0,167,5185,14,958,167,6143,California
Lake,2021-02-02,565,7667,153,2765,412,4902,0,0,397,5414,168,1126,397,6540,California
Lake,2021-02-03,445,8112,33,2798,412,5314,0,0,341,5651,104,1230,341,6881,California
Lake,2021-02-04,121,8233,70,2868,51,5365,0,0,71,5672,50,1280,71,6952,California
Lake,2021-02-05,382,8615,73,2941,309,5674,0,0,287,5866,93,1373,287,7239,California
Lake,2021-02-06,276,8891,42,2983,234,5908,0,0,264,6118,12,1385,264,7503,California
Lake,2021-02-07,2,8893,1,2984,1,5909,0,0,2,6120,0,1385,2,7505,California
Lake,2021-02-08,277,9170,205,3189,72,5981,0,0,158,6159,119,1504,158,7663,California
Lake,2021-02-09,345,9515,25,3214,320,6301,0,0,300,6415,44,1548,300,7963,California
Lake,2021-02-10,356,9871,54,3268,302,6603,0,0,275,6609,81,1629,275,8238,California
Lake,2021-02-11,181,10052,18,3286,163,6766,0,0,60,6548,121,1750,60,8298,California
Lake,2021-02-12,377,10429,29,3315,348,7114,0,0,287,6746,89,1839,287,8585,California
Lake,2021-02-13,252,10681,8,3323,244,7358,0,0,239,6972,13,1852,239,8824,California
Lake,2021-02-14,22,10703,5,3328,17,7375,0,0,8,6966,14,1866,8,8832,California
Lake,2021-02-15,172,10875,13,3341,159,7534,0,0,8,6811,163,2029,8,8840,California
Lake,2021-02-16,429,11304,23,3364,406,7940,0,0,178,6738,251,2280,178,9018,California
Lake,2021-02-17,354,11658,56,3420,298,8238,0,0,73,6531,280,2560,73,9091,California
Lake,2021-02-18,466,12124,73,3493,393,8631,0,0,117,6300,348,2908,117,9208,California
Lake,2021-02-19,438,12562,29,3522,409,9040,0,0,95,6052,343,3251,95,9303,California
Lake,2021-02-20,298,12860,62,3584,236,9276,0,0,252,6259,45,3296,252,9555,California
Lake,2021-02-21,7,12867,7,3591,0,9276,0,0,0,6252,7,3303,0,9555,California
Lake,2021-02-22,140,13007,22,3613,118,9394,0,0,40,6192,100,3403,40,9595,California
Lake,2021-02-23,221,13228,15,3628,206,9600,0,0,28,6027,193,3596,28,9623,California
Lake,2021-02-24,1016,14244,429,4057,587,10187,0,0,469,5950,546,4142,469,10092,California
Lake,2021-02-25,760,15004,495,4552,265,10452,0,0,498,6189,259,4401,498,10590,California
Lake,2021-02-26,1018,16022,322,4874,696,11148,0,0,363,5901,651,5052,363,10953,California
Lake,2021-02-27,410,16432,97,4971,313,11461,0,0,327,6146,82,5134,327,11280,California
Lake,2021-02-28,21,16453,12,4983,9,11470,0,0,12,6149,9,5143,12,11292,California
Lake,2021-03-01,597,17050,55,5038,542,12012,0,0,444,6440,153,5296,444,11736,California
Lake,2021-03-02,747,17797,18,5056,729,12741,0,0,287,6269,458,5754,287,12023,California
Lake,2021-03-03,370,18167,196,5252,174,12915,0,0,147,6194,222,5976,147,12170,California
Lake,2021-03-04,578,18745,506,5758,72,12987,0,0,562,6740,16,5992,562,12732,California
Lake,2021-03-05,1046,19791,52,5810,994,13981,0,0,187,6072,855,6847,187,12919,California
Lake,2021-03-06,35,19826,9,5819,25,14006,1,1,22,6082,13,6860,23,12942,California
Lake,2021-03-07,8,19834,6,5825,2,14008,0,1,5,6084,3,6863,5,12947,California
Lake,2021-03-08,341,20175,266,6091,65,14073,10,11,299,6351,42,6905,309,13256,California
Lake,2021-03-09,932,21107,44,6135,871,14944,17,28,407,6252,524,7429,425,13681,California
Lake,2021-03-10,204,21311,60,6195,131,15075,13,41,134,6330,70,7499,148,13829,California
Lake,2021-03-11,587,21898,49,6244,64,15139,474,515,46,6308,541,8040,519,14348,California
Lake,2021-03-12,854,22752,203,6447,625,15764,26,541,361,6204,491,8531,387,14735,California
Lake,2021-03-13,283,23035,22,6469,25,15789,236,777,19,6195,263,8794,254,14989,California
Lake,2021-03-14,11,23046,2,6471,9,15798,0,777,7,6198,4,8798,7,14996,California
Lake,2021-03-15,640,23686,12,6483,610,16408,18,795,481,6539,158,8956,499,15495,California
Lake,2021-03-16,1116,24802,835,7318,264,16672,17,812,378,6199,734,9690,394,15889,California
Lake,2021-03-17,251,25053,123,7441,105,16777,23,835,91,6153,160,9850,114,16003,California
Lake,2021-03-18,750,25803,376,7817,337,17114,37,872,356,6154,391,10241,392,16395,California
Lake,2021-03-19,584,26387,317,8134,248,17362,19,891,476,6542,107,10348,495,16890,California
Lake,2021-03-20,249,26636,9,8143,237,17599,3,894,31,6360,216,10564,34,16924,California
Lake,2021-03-21,15,26651,10,8153,4,17603,1,895,10,6366,5,10569,11,16935,California
Lake,2021-03-22,337,26988,256,8409,67,17670,14,909,250,6543,87,10656,264,17199,California
Lake,2021-03-23,429,27417,21,8430,394,18064,14,923,363,6855,65,10721,377,17576,California
Lake,2021-03-24,423,27840,62,8492,353,18417,8,931,325,7092,97,10818,334,17910,California
Lake,2021-03-25,674,28514,482,8974,185,18602,7,938,174,6772,500,11318,180,18090,California
Lake,2021-03-26,68,28582,33,9007,34,18636,1,939,31,6768,36,11354,32,18122,California
Lake,2021-03-27,309,28891,7,9014,299,18935,3,942,17,6498,290,11644,20,18142,California
Lake,2021-03-28,17,28908,8,9022,9,18944,0,942,9,6499,8,11652,9,18151,California
Lake,2021-03-29,987,29895,286,9308,699,19643,2,944,202,5920,783,12435,204,18355,California
Lake,2021-03-30,464,30359,313,9621,148,19791,3,947,365,6190,98,12533,368,18723,California
Lake,2021-03-31,615,30974,60,9681,555,20346,0,947,432,6449,173,12706,432,19155,California
Lake,2021-04-01,449,31423,234,9915,203,20549,12,959,187,6390,258,12964,199,19354,California
Lake,2021-04-02,224,31647,41,9956,155,20704,28,987,97,6388,127,13091,125,19479,California
Lake,2021-04-03,33,31680,6,9962,24,20728,3,990,13,6384,20,13111,16,19495,California
Lake,2021-04-04,20,31700,11,9973,7,20735,2,992,15,6396,5,13116,17,19512,California
Lake,2021-04-05,643,32343,71,10044,552,21287,20,1012,402,6579,238,13354,421,19933,California
Lake,2021-04-06,479,32822,17,10061,436,21723,26,1038,307,6741,171,13525,333,20266,California
Lake,2021-04-07,526,33348,58,10119,416,22139,52,1090,356,6981,168,13693,408,20674,California
Lake,2021-04-08,606,33954,494,10613,46,22185,66,1156,105,6654,498,14191,171,20845,California
Lake,2021-04-09,282,34236,40,10653,173,22358,69,1225,48,6540,230,14421,116,20961,California
Lake,2021-04-10,257,34493,15,10668,16,22374,226,1451,11,6531,246,14667,237,21198,California
Lake,2021-04-11,21,34514,16,10684,3,22377,2,1453,7,6526,14,14681,9,21207,California
Lake,2021-04-12,1082,35596,233,10917,815,23192,34,1487,244,5966,838,15519,278,21485,California
Lake,2021-04-13,181,35777,110,11027,71,23263,0,1487,54,5893,127,15646,54,21539,California
Lake,2021-04-14,619,36396,38,11065,581,23844,0,1487,553,6380,66,15712,553,22092,California
Lake,2021-04-15,647,37043,193,11258,454,24298,0,1487,332,6397,315,16027,332,22424,California
Lake,2021-04-16,268,37311,31,11289,237,24535,0,1487,76,6282,191,16218,76,22500,California
Lake,2021-04-17,42,37353,12,11301,30,24565,0,1487,32,6304,10,16228,32,22532,California
Lake,2021-04-18,9,37362,6,11307,3,24568,0,1487,0,6295,9,16237,0,22532,California
Lake,2021-04-19,298,37660,39,11346,259,24827,0,1487,247,6491,51,16288,247,22779,California
Lake,2021-04-20,694,38354,280,11626,414,25241,0,1487,95,5989,598,16886,96,22875,California
Lake,2021-04-21,532,38886,62,11688,470,25711,0,1487,197,5851,335,17221,197,23072,California
Lake,2021-04-22,471,39357,50,11738,421,26132,0,1487,323,6027,147,17368,323,23395,California
Lake,2021-04-23,122,39479,64,11802,58,26190,0,1487,72,6051,48,17416,72,23467,California
Lake,2021-04-24,55,39534,9,11811,46,26236,0,1487,41,6078,14,17430,41,23508,California
Lake,2021-04-25,37,39571,20,11831,17,26253,0,1487,25,6091,12,17442,25,23533,California
Lake,2021-04-26,295,39866,82,11913,212,26465,1,1488,90,5977,205,17647,91,23624,California
Lake,2021-04-27,249,40115,24,11937,207,26672,18,1506,86,5918,163,17810,104,23728,California
Lake,2021-04-28,511,40626,51,11988,445,27117,15,1521,90,5603,419,18229,104,23832,California
Lake,2021-04-29,210,40836,82,12070,112,27229,16,1537,111,5630,99,18328,126,23958,California
Lake,2021-04-30,289,41125,45,12115,213,27442,31,1568,147,5667,141,18469,178,24136,California
Lake,2021-05-01,50,41175,27,12142,21,27463,2,1570,34,5688,15,18484,36,24172,California
Lake,2021-05-02,19,41194,10,12152,8,27471,1,1571,10,5690,9,18493,11,24183,California
Lake,2021-05-03,413,41607,30,12182,347,27818,36,1607,66,5446,346,18839,102,24285,California
Lake,2021-05-04,403,42010,217,12399,138,27956,48,1655,123,5338,279,19118,171,24456,California
Lake,2021-05-05,629,42639,44,12443,573,28529,12,1667,84,4891,542,19660,95,24551,California
Lake,2021-05-06,142,42781,19,12462,94,28623,29,1696,72,4921,70,19730,100,24651,California
Lake,2021-05-07,166,42947,29,12491,117,28740,20,1716,102,4981,62,19792,122,24773,California
Lake,2021-05-08,42,42989,8,12499,34,28774,0,1716,35,5009,7,19799,35,24808,California
Lake,2021-05-09,17,43006,2,12501,10,28784,5,1721,10,5017,7,19806,15,24823,California
Lake,2021-05-10,244,43250,10,12511,206,28990,28,1749,58,4918,185,19991,86,24909,California
Lake,2021-05-11,195,43445,25,12536,153,29143,17,1766,116,4973,79,20070,134,25043,California
Lake,2021-05-12,541,43986,31,12567,490,29633,20,1786,54,4559,487,20557,73,25116,California
Lake,2021-05-13,318,44304,69,12636,235,29868,14,1800,72,4401,244,20801,86,25202,California
Lake,2021-05-14,268,44572,83,12719,167,30035,18,1818,163,4478,103,20904,180,25382,California
Lake,2021-05-15,45,44617,19,12738,23,30058,3,1821,28,4492,17,20921,31,25413,California
Lake,2021-05-16,33,44650,19,12757,13,30071,1,1822,18,4496,15,20936,19,25432,California
Lake,2021-05-17,315,44965,44,12801,256,30327,15,1837,82,4363,230,21166,97,25529,California
Lake,2021-05-18,299,45264,65,12866,215,30542,19,1856,171,4426,127,21293,190,25719,California
Lake,2021-05-19,313,45577,57,12923,241,30783,15,1871,88,4305,224,21517,103,25822,California
Lake,2021-05-20,236,45813,60,12983,165,30948,11,1882,92,4264,144,21661,103,25925,California
Lake,2021-05-21,274,46087,51,13034,199,31147,24,1906,114,4244,158,21819,138,26063,California
Lake,2021-05-22,98,46185,54,13088,41,31188,3,1909,49,4247,49,21868,52,26115,California
Lake,2021-05-23,58,46243,28,13116,29,31217,1,1910,30,4250,28,21896,31,26146,California
Lake,2021-05-24,159,46402,36,13152,109,31326,14,1924,72,4249,87,21983,86,26232,California
Lake,2021-05-25,204,46606,57,13209,136,31462,11,1935,74,4205,129,22112,85,26317,California
Lake,2021-05-26,152,46758,45,13254,96,31558,11,1946,55,4176,95,22207,66,26383,California
Lake,2021-05-27,176,46934,48,13302,114,31672,14,1960,61,4137,114,22321,75,26458,California
Lake,2021-05-28,221,47155,21,13323,163,31835,37,1997,50,4055,168,22489,86,26544,California
Lake,2021-05-29,37,47192,10,13333,21,31856,6,2003,14,4052,23,22512,20,26564,California
Lake,2021-05-30,22,47214,6,13339,14,31870,2,2005,12,4056,10,22522,14,26578,California
Lake,2021-05-31,63,47277,21,13360,40,31910,2,2007,53,4101,10,22532,55,26633,California
Lake,2021-06-01,198,47475,39,13399,150,32060,9,2016,69,4051,128,22660,78,26711,California
Lake,2021-06-02,132,47607,46,13445,74,32134,12,2028,53,4037,79,22739,65,26776,California
Lake,2021-06-03,181,47788,53,13498,109,32243,19,2047,79,4033,102,22841,98,26874,California
Lake,2021-06-04,185,47973,54,13552,115,32358,16,2063,47,3960,136,22977,63,26937,California
Lake,2021-06-05,91,48064,56,13608,27,32385,8,2071,55,3987,36,23013,63,27000,California
Lake,2021-06-06,68,48132,38,13646,30,32415,0,2071,24,3967,44,23057,24,27024,California
Lake,2021-06-07,90,48222,29,13675,53,32468,8,2079,32,3950,57,23114,40,27064,California
Lake,2021-06-08,179,48401,68,13743,99,32567,12,2091,67,3917,112,23226,79,27143,California
Lake,2021-06-09,171,48572,42,13785,125,32692,4,2095,36,3824,133,23359,40,27183,California
Lake,2021-06-10,129,48701,64,13849,52,32744,13,2108,51,3810,78,23437,64,27247,California
Lake,2021-06-11,209,48910,67,13916,119,32863,23,2131,48,3722,159,23596,71,27318,California
Lake,2021-06-12,67,48977,39,13955,22,32885,6,2137,34,3729,33,23629,40,27358,California
Lake,2021-06-13,29,49006,16,13971,13,32898,0,2137,14,3728,15,23644,14,27372,California
Lake,2021-06-14,179,49185,87,14058,79,32977,13,2150,50,3663,128,23772,63,27435,California
Lake,2021-06-15,244,49429,64,14122,162,33139,18,2168,78,3593,166,23938,96,27531,California
Lake,2021-06-16,163,49592,57,14179,91,33230,15,2183,55,3556,107,24045,70,27601,California
Lake,2021-06-17,179,49771,86,14265,83,33313,10,2193,80,3548,98,24143,90,27691,California
Lake,2021-06-18,141,49912,38,14303,93,33406,10,2203,57,3531,84,24227,67,27758,California
Lake,2021-06-19,67,49979,25,14328,42,33448,0,2203,34,3532,33,24260,34,27792,California
Lake,2021-06-20,21,50000,7,14335,12,33460,2,2205,10,3533,11,24271,12,27804,California
Lake,2021-06-21,67,50067,17,14352,43,33503,7,2212,29,3531,38,24309,36,27840,California
Lake,2021-06-22,135,50202,51,14403,74,33577,10,2222,62,3531,72,24381,72,27912,California
Lake,2021-06-23,148,50350,68,14471,56,33633,24,2246,80,3567,68,24449,104,28016,California
Lake,2021-06-24,140,50490,93,14564,34,33667,13,2259,48,3538,90,24539,61,28077,California
Lake,2021-06-25,129,50619,57,14621,63,33730,9,2268,66,3551,62,24601,75,28152,California
Lake,2021-06-26,48,50667,37,14658,11,33741,0,2268,6,3515,42,24643,6,28158,California
Lake,2021-06-27,42,50709,30,14688,12,33753,0,2268,23,3519,19,24662,23,28181,California
Lake,2021-06-28,65,50774,22,14710,22,33775,21,2289,28,3532,36,24698,49,28230,California
Lake,2021-06-29,118,50892,47,14757,67,33842,4,2293,63,3544,55,24753,67,28297,California
Lake,2021-06-30,112,51004,61,14818,47,33889,4,2297,59,3554,53,24806,63,28360,California
Lake,2021-07-01,113,51117,54,14872,57,33946,2,2299,39,3525,70,24876,41,28401,California
Lake,2021-07-02,80,51197,13,14885,57,34003,10,2309,40,3536,38,24914,49,28450,California
Lake,2021-07-03,69,51266,38,14923,31,34034,0,2309,32,3533,35,24949,32,28482,California
Lake,2021-07-04,14,51280,5,14928,9,34043,0,2309,9,3537,5,24954,9,28491,California
Lake,2021-07-05,28,51308,6,14934,22,34065,0,2309,16,3541,12,24966,16,28507,California
Lassen,2020-12-16,8,8,8,8,0,0,0,0,8,8,0,0,8,8,California
Lassen,2020-12-17,6,14,6,14,0,0,0,0,6,14,0,0,6,14,California
Lassen,2020-12-18,1,15,1,15,0,0,0,0,1,15,0,0,1,15,California
Lassen,2020-12-19,5,20,5,20,0,0,0,0,5,20,0,0,5,20,California
Lassen,2020-12-20,2,22,2,22,0,0,0,0,2,22,0,0,2,22,California
Lassen,2020-12-21,11,33,11,33,0,0,0,0,11,33,0,0,11,33,California
Lassen,2020-12-22,23,56,23,56,0,0,0,0,23,56,0,0,23,56,California
Lassen,2020-12-23,6,62,6,62,0,0,0,0,6,62,0,0,6,62,California
Lassen,2020-12-24,10,72,10,72,0,0,0,0,10,72,0,0,10,72,California
Lassen,2020-12-28,3,75,2,74,1,1,0,0,3,75,0,0,3,75,California
Lassen,2020-12-29,35,110,35,109,0,1,0,0,35,110,0,0,35,110,California
Lassen,2020-12-30,36,146,35,144,1,2,0,0,36,146,0,0,36,146,California
Lassen,2020-12-31,49,195,42,186,7,9,0,0,49,195,0,0,49,195,California
Lassen,2021-01-02,1,196,0,186,1,10,0,0,1,196,0,0,1,196,California
Lassen,2021-01-04,15,211,2,188,13,23,0,0,15,211,0,0,15,211,California
Lassen,2021-01-05,193,404,52,240,141,164,0,0,193,404,0,0,193,404,California
Lassen,2021-01-06,97,501,45,285,52,216,0,0,89,486,8,8,90,494,California
Lassen,2021-01-07,43,544,7,292,36,252,0,0,37,517,6,14,37,531,California
Lassen,2021-01-08,50,594,2,294,48,300,0,0,50,567,0,14,50,581,California
Lassen,2021-01-09,12,606,6,300,6,306,0,0,12,579,0,14,12,593,California
Lassen,2021-01-11,27,633,5,305,22,328,0,0,27,606,0,14,27,620,California
Lassen,2021-01-12,49,682,29,334,20,348,0,0,30,617,19,33,30,650,California
Lassen,2021-01-13,160,842,18,352,142,490,0,0,146,749,14,47,146,796,California
Lassen,2021-01-14,161,1003,18,370,143,633,0,0,149,886,12,59,149,945,California
Lassen,2021-01-15,32,1035,6,376,26,659,0,0,32,918,0,59,32,977,California
Lassen,2021-01-16,34,1069,33,409,1,660,0,0,34,952,0,59,34,1011,California
Lassen,2021-01-17,1,1070,0,409,1,661,0,0,1,953,0,59,1,1012,California
Lassen,2021-01-18,5,1075,2,411,3,664,0,0,4,956,1,60,4,1016,California
Lassen,2021-01-19,186,1261,36,447,150,814,0,0,158,1086,28,88,158,1174,California
Lassen,2021-01-20,187,1448,100,547,87,901,0,0,104,1122,68,156,104,1278,California
Lassen,2021-01-21,145,1593,93,640,52,953,0,0,121,1225,18,174,121,1399,California
Lassen,2021-01-22,31,1624,18,658,13,966,0,0,21,1236,10,184,21,1420,California
Lassen,2021-01-23,2,1626,0,658,2,968,0,0,2,1238,0,184,2,1422,California
Lassen,2021-01-24,1,1627,0,658,1,969,0,0,1,1239,0,184,1,1423,California
Lassen,2021-01-25,12,1639,1,659,11,980,0,0,11,1249,1,185,11,1434,California
Lassen,2021-01-26,126,1765,12,671,114,1094,0,0,122,1367,4,189,122,1556,California
Lassen,2021-01-27,89,1854,37,708,52,1146,0,0,71,1420,18,207,71,1627,California
Lassen,2021-01-28,85,1939,15,723,70,1216,0,0,84,1503,1,208,84,1711,California
Lassen,2021-01-29,23,1962,7,730,16,1232,0,0,22,1524,1,209,22,1733,California
Lassen,2021-02-01,62,2024,5,735,57,1289,0,0,37,1536,25,234,37,1770,California
Lassen,2021-02-02,177,2201,12,747,165,1454,0,0,44,1447,133,367,44,1814,California
Lassen,2021-02-03,98,2299,21,768,77,1531,0,0,50,1449,48,415,50,1864,California
Lassen,2021-02-04,113,2412,16,784,97,1628,0,0,64,1464,49,464,64,1928,California
Lassen,2021-02-05,66,2478,12,796,54,1682,0,0,24,1446,42,506,24,1952,California
Lassen,2021-02-06,69,2547,34,830,35,1717,0,0,36,1450,32,538,36,1988,California
Lassen,2021-02-07,3,2550,3,833,0,1717,0,0,3,1453,0,538,3,1991,California
Lassen,2021-02-08,44,2594,4,837,40,1757,0,0,18,1445,26,564,18,2009,California
Lassen,2021-02-09,128,2722,7,844,121,1878,0,0,49,1415,79,643,49,2058,California
Lassen,2021-02-10,182,2904,21,865,161,2039,0,0,75,1383,107,750,75,2133,California
Lassen,2021-02-11,182,3086,17,882,165,2204,0,0,79,1360,102,852,79,2212,California
Lassen,2021-02-12,43,3129,11,893,32,2236,0,0,16,1349,27,879,16,2228,California
Lassen,2021-02-13,11,3140,3,896,8,2244,0,0,9,1356,2,881,9,2237,California
Lassen,2021-02-14,13,3153,0,896,13,2257,0,0,12,1367,1,882,12,2249,California
Lassen,2021-02-15,22,3175,3,899,19,2276,0,0,17,1380,4,886,17,2266,California
Lassen,2021-02-16,192,3367,4,903,188,2464,0,0,31,1252,159,1045,31,2297,California
Lassen,2021-02-17,182,3549,94,997,88,2552,0,0,10,1090,172,1217,10,2307,California
Lassen,2021-02-18,81,3630,22,1019,59,2611,0,0,21,1051,60,1277,21,2328,California
Lassen,2021-02-19,83,3713,62,1081,21,2632,0,0,19,1006,64,1341,19,2347,California
Lassen,2021-02-20,8,3721,0,1081,8,2640,0,0,6,1010,2,1343,6,2353,California
Lassen,2021-02-21,22,3743,2,1083,20,2660,0,0,18,1024,4,1347,18,2371,California
Lassen,2021-02-22,28,3771,13,1096,15,2675,0,0,9,1014,19,1366,9,2380,California
Lassen,2021-02-23,154,3925,10,1106,144,2819,0,0,43,946,111,1477,43,2423,California
Lassen,2021-02-24,166,4091,16,1122,150,2969,0,0,107,995,58,1535,107,2530,California
Lassen,2021-02-25,160,4251,23,1145,137,3106,0,0,99,1033,61,1596,99,2629,California
Lassen,2021-02-26,75,4326,17,1162,58,3164,0,0,37,1032,38,1634,37,2666,California
Lassen,2021-02-27,8,4334,7,1169,1,3165,0,0,3,1030,5,1639,3,2669,California
Lassen,2021-02-28,7,4341,2,1171,5,3170,0,0,3,1029,4,1643,3,2672,California
Lassen,2021-03-01,42,4383,4,1175,38,3208,0,0,8,1004,33,1676,8,2680,California
Lassen,2021-03-02,108,4491,8,1183,100,3308,0,0,81,1059,26,1702,81,2761,California
Lassen,2021-03-03,169,4660,11,1194,158,3466,0,0,113,1116,56,1758,113,2874,California
Lassen,2021-03-04,149,4809,17,1211,132,3598,0,0,97,1162,51,1809,97,2971,California
Lassen,2021-03-05,49,4858,7,1218,18,3616,24,24,11,1159,38,1847,35,3006,California
Lassen,2021-03-06,55,4913,4,1222,29,3645,22,46,5,1136,50,1897,27,3033,California
Lassen,2021-03-07,58,4971,3,1225,0,3645,55,101,3,1139,55,1952,58,3091,California
Lassen,2021-03-08,88,5059,2,1227,7,3652,79,180,3,1136,85,2037,82,3173,California
Lassen,2021-03-09,137,5196,11,1238,109,3761,17,197,89,1194,48,2085,106,3279,California
Lassen,2021-03-10,173,5369,10,1248,161,3922,2,199,79,1182,93,2178,81,3360,California
Lassen,2021-03-11,185,5554,16,1264,162,4084,7,206,113,1233,69,2247,120,3480,California
Lassen,2021-03-12,34,5588,17,1281,13,4097,4,210,12,1227,22,2269,16,3496,California
Lassen,2021-03-13,48,5636,0,1281,2,4099,46,256,1,1226,47,2316,46,3542,California
Lassen,2021-03-14,14,5650,2,1283,11,4110,1,257,2,1217,12,2328,3,3545,California
Lassen,2021-03-15,36,5686,5,1288,31,4141,0,257,16,1213,20,2348,16,3561,California
Lassen,2021-03-16,92,5778,2,1290,85,4226,5,262,73,1272,19,2367,78,3639,California
Lassen,2021-03-17,1081,6859,9,1299,1067,5293,5,267,1061,2318,20,2387,1066,4705,California
Lassen,2021-03-18,94,6953,9,1308,84,5377,1,268,81,2387,13,2400,82,4787,California
Lassen,2021-03-19,19,6972,11,1319,4,5381,4,272,7,2386,12,2412,11,4798,California
Lassen,2021-03-20,29,7001,3,1322,23,5404,3,275,22,2404,7,2419,25,4823,California
Lassen,2021-03-21,34,7035,1,1323,33,5437,0,275,14,2399,19,2438,14,4837,California
Lassen,2021-03-22,59,7094,1,1324,58,5495,0,275,56,2452,3,2441,56,4893,California
Lassen,2021-03-23,120,7214,11,1335,108,5603,1,276,67,2467,53,2494,68,4961,California
Lassen,2021-03-24,212,7426,13,1348,198,5801,1,277,105,2468,105,2599,106,5067,California
Lassen,2021-03-25,155,7581,23,1371,132,5933,0,277,72,2457,83,2682,72,5139,California
Lassen,2021-03-26,77,7658,13,1384,26,5959,38,315,19,2456,57,2739,56,5195,California
Lassen,2021-03-27,21,7679,4,1388,1,5960,16,331,3,2457,18,2757,19,5214,California
Lassen,2021-03-28,19,7698,4,1392,4,5964,11,342,2,2453,17,2774,13,5227,California
Lassen,2021-03-29,53,7751,0,1392,28,5992,25,367,20,2466,32,2806,45,5272,California
Lassen,2021-03-30,200,7951,10,1402,164,6156,26,393,52,2396,148,2954,78,5350,California
Lassen,2021-03-31,147,8098,12,1414,113,6269,22,415,62,2396,84,3038,84,5434,California
Lassen,2021-04-01,166,8264,15,1429,130,6399,21,436,47,2346,118,3156,68,5502,California
Lassen,2021-04-02,30,8294,4,1433,3,6402,23,459,2,2343,28,3184,25,5527,California
Lassen,2021-04-03,12,8306,0,1433,2,6404,10,469,0,2341,12,3196,10,5537,California
Lassen,2021-04-04,7,8313,2,1435,0,6404,5,474,1,2341,6,3202,6,5543,California
Lassen,2021-04-05,22,8335,4,1439,11,6415,7,481,11,2348,11,3213,18,5561,California
Lassen,2021-04-06,182,8517,8,1447,144,6559,30,511,52,2300,130,3343,82,5643,California
Lassen,2021-04-07,135,8652,6,1453,92,6651,37,548,32,2268,103,3446,71,5714,California
Lassen,2021-04-08,169,8821,9,1462,104,6755,56,604,32,2223,133,3579,88,5802,California
Lassen,2021-04-09,53,8874,6,1468,10,6765,37,641,8,2223,44,3623,44,5846,California
Lassen,2021-04-10,10,8884,0,1468,2,6767,8,649,0,2222,9,3632,8,5854,California
Lassen,2021-04-11,6,8890,2,1470,1,6768,3,652,3,2225,3,3635,6,5860,California
Lassen,2021-04-12,32,8922,4,1474,15,6783,13,665,4,2214,28,3663,17,5877,California
Lassen,2021-04-13,129,9051,6,1480,123,6906,0,665,40,2166,88,3751,40,5917,California
Lassen,2021-04-14,987,10038,16,1496,971,7877,0,665,51,1282,935,4686,51,5968,California
Lassen,2021-04-15,147,10185,14,1510,133,8010,0,665,19,1173,128,4814,19,5987,California
Lassen,2021-04-16,14,10199,5,1515,9,8019,0,665,6,1171,8,4822,6,5993,California
Lassen,2021-04-17,24,10223,3,1518,21,8040,0,665,4,1155,20,4842,4,5997,California
Lassen,2021-04-18,5,10228,2,1520,3,8043,0,665,2,1154,3,4845,2,5999,California
Lassen,2021-04-19,35,10263,0,1520,35,8078,0,665,18,1155,17,4862,18,6017,California
Lassen,2021-04-20,137,10400,7,1527,130,8208,0,665,51,1120,86,4948,51,6068,California
Lassen,2021-04-21,167,10567,10,1537,156,8364,1,666,34,1024,131,5079,35,6103,California
Lassen,2021-04-22,102,10669,16,1553,86,8450,0,666,32,986,70,5149,32,6135,California
Lassen,2021-04-23,27,10696,1,1554,26,8476,0,666,21,1001,6,5155,21,6156,California
Lassen,2021-04-24,9,10705,5,1559,4,8480,0,666,3,998,6,5161,3,6159,California
Lassen,2021-04-25,5,10710,0,1559,4,8484,1,667,3,1000,2,5163,4,6163,California
Lassen,2021-04-26,44,10754,2,1561,38,8522,4,671,9,979,34,5197,13,6176,California
Lassen,2021-04-27,119,10873,9,1570,107,8629,3,674,66,995,53,5250,69,6245,California
Lassen,2021-04-28,82,10955,7,1577,73,8702,2,676,29,973,53,5303,31,6276,California
Lassen,2021-04-29,69,11024,7,1584,59,8761,3,679,24,956,44,5347,27,6303,California
Lassen,2021-04-30,15,11039,8,1592,4,8765,3,682,6,956,9,5356,9,6312,California
Lassen,2021-05-01,5,11044,0,1592,4,8769,1,683,4,960,1,5357,5,6317,California
Lassen,2021-05-02,10,11054,6,1598,4,8773,0,683,6,962,4,5361,6,6323,California
Lassen,2021-05-03,17,11071,2,1600,9,8782,6,689,2,955,15,5376,8,6331,California
Lassen,2021-05-04,73,11144,5,1605,60,8842,8,697,21,932,52,5428,29,6360,California
Lassen,2021-05-05,83,11227,4,1609,67,8909,12,709,26,914,56,5484,38,6398,California
Lassen,2021-05-06,80,11307,21,1630,37,8946,22,731,21,898,59,5543,43,6441,California
Lassen,2021-05-07,49,11356,33,1663,11,8957,5,736,41,936,8,5551,46,6487,California
Lassen,2021-05-08,11,11367,0,1663,5,8962,6,742,4,939,7,5558,10,6497,California
Lassen,2021-05-09,3,11370,1,1664,0,8962,2,744,0,938,3,5561,2,6499,California
Lassen,2021-05-10,12,11382,1,1665,8,8970,3,747,6,941,6,5567,9,6508,California
Lassen,2021-05-11,74,11456,1,1666,62,9032,11,758,20,918,54,5621,31,6539,California
Lassen,2021-05-12,44,11500,4,1670,34,9066,6,764,14,908,30,5651,20,6559,California
Lassen,2021-05-13,36,11536,10,1680,21,9087,5,769,10,897,26,5677,15,6574,California
Lassen,2021-05-14,21,11557,3,1683,10,9097,8,777,10,904,11,5688,18,6592,California
Lassen,2021-05-15,16,11573,2,1685,4,9101,10,787,4,906,12,5700,14,6606,California
Lassen,2021-05-16,7,11580,2,1687,3,9104,2,789,2,906,4,5704,4,6610,California
Lassen,2021-05-17,36,11616,4,1691,20,9124,12,801,10,902,26,5730,22,6632,California
Lassen,2021-05-18,92,11708,11,1702,68,9192,13,814,28,879,64,5794,41,6673,California
Lassen,2021-05-19,59,11767,3,1705,45,9237,11,825,7,845,51,5845,17,6690,California
Lassen,2021-05-20,33,11800,8,1713,16,9253,9,834,11,843,22,5867,20,6710,California
Lassen,2021-05-21,67,11867,33,1746,20,9273,14,848,35,860,32,5899,49,6759,California
Lassen,2021-05-22,17,11884,2,1748,7,9280,8,856,7,865,10,5909,15,6774,California
Lassen,2021-05-23,6,11890,3,1751,1,9281,2,858,0,861,6,5915,2,6776,California
Lassen,2021-05-24,13,11903,1,1752,10,9291,2,860,5,861,7,5922,7,6783,California
Lassen,2021-05-25,99,12002,6,1758,84,9375,9,869,33,837,66,5988,42,6825,California
Lassen,2021-05-26,59,12061,1,1759,42,9417,16,885,11,816,48,6036,27,6852,California
Lassen,2021-05-27,43,12104,17,1776,20,9437,6,891,12,804,30,6066,18,6870,California
Lassen,2021-05-28,74,12178,48,1824,18,9455,8,899,30,798,44,6110,38,6908,California
Lassen,2021-05-29,15,12193,1,1825,12,9467,2,901,8,801,7,6117,10,6918,California
Lassen,2021-05-30,2,12195,0,1825,1,9468,1,902,1,802,1,6118,2,6920,California
Lassen,2021-05-31,7,12202,0,1825,6,9474,1,903,1,798,6,6124,2,6922,California
Lassen,2021-06-01,45,12247,2,1827,36,9510,7,910,15,790,30,6154,22,6944,California
Lassen,2021-06-02,57,12304,2,1829,41,9551,14,924,15,778,41,6195,29,6973,California
Lassen,2021-06-03,20,12324,2,1831,9,9560,9,933,6,779,14,6209,15,6988,California
Lassen,2021-06-04,37,12361,1,1832,24,9584,12,945,12,778,25,6234,24,7012,California
Lassen,2021-06-05,14,12375,3,1835,7,9591,4,949,4,776,10,6244,8,7020,California
Lassen,2021-06-06,5,12380,0,1835,2,9593,3,952,1,776,4,6248,4,7024,California
Lassen,2021-06-07,18,12398,0,1835,9,9602,9,961,3,773,15,6263,12,7036,California
Lassen,2021-06-08,40,12438,9,1844,27,9629,4,965,13,763,27,6290,17,7053,California
Lassen,2021-06-09,18,12456,1,1845,15,9644,2,967,7,762,10,6300,9,7062,California
Lassen,2021-06-10,20,12476,10,1855,7,9651,3,970,10,765,10,6310,13,7075,California
Lassen,2021-06-11,43,12519,29,1884,14,9665,0,970,11,745,32,6342,12,7087,California
Lassen,2021-06-12,5,12524,1,1885,4,9669,0,970,1,742,4,6346,1,7088,California
Lassen,2021-06-13,3,12527,2,1887,1,9670,0,970,1,741,2,6348,1,7089,California
Lassen,2021-06-14,9,12536,1,1888,6,9676,2,972,3,741,5,6353,5,7094,California
Lassen,2021-06-15,48,12584,5,1893,38,9714,5,977,15,728,33,6386,20,7114,California
Lassen,2021-06-16,12,12596,1,1894,6,9720,5,982,7,735,5,6391,12,7126,California
Lassen,2021-06-17,23,12619,11,1905,8,9728,4,986,10,736,13,6404,14,7140,California
Lassen,2021-06-18,45,12664,19,1924,18,9746,8,994,9,717,36,6440,17,7157,California
Lassen,2021-06-19,13,12677,1,1925,10,9756,2,996,5,716,8,6448,7,7164,California
Lassen,2021-06-20,6,12683,2,1927,3,9759,1,997,5,721,1,6449,6,7170,California
Lassen,2021-06-21,14,12697,0,1927,12,9771,2,999,4,717,10,6459,6,7176,California
Lassen,2021-06-22,36,12733,1,1928,34,9805,1,1000,19,720,17,6476,20,7196,California
Lassen,2021-06-23,17,12750,2,1930,12,9817,3,1003,5,716,12,6488,8,7204,California
Lassen,2021-06-24,26,12776,3,1933,16,9833,7,1010,14,725,12,6500,21,7225,California
Lassen,2021-06-25,21,12797,3,1936,18,9851,0,1010,12,728,9,6509,12,7237,California
Lassen,2021-06-26,6,12803,0,1936,6,9857,0,1010,1,724,5,6514,1,7238,California
Lassen,2021-06-27,1,12804,0,1936,0,9857,1,1011,0,724,1,6515,1,7239,California
Lassen,2021-06-28,13,12817,2,1938,9,9866,2,1013,9,731,4,6519,11,7250,California
Lassen,2021-06-29,30,12847,1,1939,28,9894,1,1014,8,718,22,6541,9,7259,California
Lassen,2021-06-30,28,12875,7,1946,16,9910,5,1019,13,721,15,6556,18,7277,California
Lassen,2021-07-01,26,12901,14,1960,11,9921,1,1020,16,728,10,6566,17,7294,California
Lassen,2021-07-02,28,12929,6,1966,18,9939,4,1024,11,728,15,6581,15,7309,California
Lassen,2021-07-03,5,12934,0,1966,5,9944,0,1024,3,729,2,6583,3,7312,California
Lassen,2021-07-04,1,12935,0,1966,1,9945,0,1024,1,730,0,6583,1,7313,California
Lassen,2021-07-05,4,12939,0,1966,2,9947,2,1026,0,728,4,6587,2,7315,California
Los Angeles,2020-12-15,399,399,399,399,0,0,0,0,399,399,0,0,399,399,California
Los Angeles,2020-12-16,3603,4002,3603,4002,0,0,0,0,3603,4002,0,0,3603,4002,California
Los Angeles,2020-12-17,10433,14435,10433,14435,0,0,0,0,10434,14436,0,0,10434,14436,California
Los Angeles,2020-12-18,14803,29238,14777,29212,26,26,0,0,14803,29239,0,0,14803,29239,California
Los Angeles,2020-12-19,7318,36556,7309,36521,9,35,0,0,7320,36559,0,0,7320,36559,California
Los Angeles,2020-12-20,4675,41231,4664,41185,11,46,0,0,4677,41236,0,0,4677,41236,California
Los Angeles,2020-12-21,13790,55021,13773,54958,17,63,0,0,13791,55026,1,1,13791,55027,California
Los Angeles,2020-12-22,11618,66639,11225,66183,393,456,0,0,11617,66641,2,3,11617,66644,California
Los Angeles,2020-12-23,12028,78667,10246,76429,1782,2238,0,0,12029,78670,0,3,12029,78673,California
Los Angeles,2020-12-24,7071,85738,4279,80708,2792,5030,0,0,7074,85744,0,3,7074,85747,California
Los Angeles,2020-12-25,530,86268,423,81131,107,5137,0,0,531,86275,0,3,531,86278,California
Los Angeles,2020-12-26,2553,88821,2198,83329,355,5492,0,0,2552,88825,2,5,2552,88830,California
Los Angeles,2020-12-27,1789,90610,1049,84378,740,6232,0,0,1789,90614,0,5,1789,90619,California
Los Angeles,2020-12-28,10411,101021,6447,90825,3964,10196,0,0,10408,101021,1,6,10408,101027,California
Los Angeles,2020-12-29,11702,112723,6136,96961,5566,15762,0,0,11702,112722,1,7,11702,112729,California
Los Angeles,2020-12-30,14981,127704,8140,105101,6841,22603,0,0,14980,127702,0,7,14980,127709,California
Los Angeles,2020-12-31,8057,135761,2783,107884,5274,27877,0,0,8051,135748,5,12,8051,135760,California
Los Angeles,2021-01-01,1099,136860,324,108208,775,28652,0,0,1097,136843,2,14,1097,136857,California
Los Angeles,2021-01-02,4513,141373,1687,109895,2826,31478,0,0,4512,141355,0,14,4512,141369,California
Los Angeles,2021-01-03,973,142346,232,110127,741,32219,0,0,971,142324,2,16,971,142340,California
Los Angeles,2021-01-04,12833,155179,4920,115047,7913,40132,0,0,12817,155139,2,18,12817,155157,California
Los Angeles,2021-01-05,16157,171336,7139,122186,9018,49150,0,0,14206,167433,1922,1940,14216,169373,California
Los Angeles,2021-01-06,22833,194169,12141,134327,10692,59842,0,0,17131,178940,5634,7574,17141,186514,California
Los Angeles,2021-01-07,29858,224027,16145,150472,13713,73555,0,0,18955,187055,10856,18430,18971,205485,California
Los Angeles,2021-01-08,33595,257622,18278,168750,15317,88872,0,0,21074,195648,12493,30923,21086,226571,California
Los Angeles,2021-01-09,12577,270199,7221,175971,5356,94228,0,0,7619,198320,4955,35878,7627,234198,California
Los Angeles,2021-01-10,4789,274988,3717,179688,1072,95300,0,0,2005,197542,2784,38662,2006,236204,California
Los Angeles,2021-01-11,26065,301053,16405,196093,9660,104960,0,0,15061,201623,10991,49653,15072,251276,California
Los Angeles,2021-01-12,29526,330579,16265,212358,13261,118221,0,0,19303,210731,10208,59861,19316,270592,California
Los Angeles,2021-01-13,29677,360256,15905,228263,13772,131993,0,0,20644,222366,9016,68877,20651,291243,California
Los Angeles,2021-01-14,29477,389733,12751,241014,16726,148719,0,0,23897,240715,5561,74438,23910,315153,California
Los Angeles,2021-01-15,34188,423921,12437,253451,21751,170470,0,0,30569,267702,3592,78030,30579,345732,California
Los Angeles,2021-01-16,17846,441767,5015,258466,12831,183301,0,0,16044,281960,1793,79823,16051,361783,California
Los Angeles,2021-01-17,5280,447047,2359,260825,2921,186222,0,0,5018,286719,261,80084,5020,366803,California
Los Angeles,2021-01-18,15778,462825,10162,270987,5616,191838,0,0,11025,293008,4740,84824,11029,377832,California
Los Angeles,2021-01-19,38865,501690,20686,291673,18179,210017,0,0,30991,316181,7833,92657,31006,408838,California
Los Angeles,2021-01-20,47250,548940,24760,316433,22490,232507,0,0,39578,348134,7638,100295,39591,448429,California
Los Angeles,2021-01-21,49386,598326,22693,339126,26693,259200,0,0,45020,388880,4292,104587,45038,493467,California
Los Angeles,2021-01-22,48606,646932,22494,361620,26112,285312,0,0,45076,430491,3481,108068,45092,538559,California
Los Angeles,2021-01-23,34321,681253,15822,377442,18499,303811,0,0,32208,460634,2079,110147,32222,570781,California
Los Angeles,2021-01-24,15767,697020,12193,389635,3574,307385,0,0,15204,475288,553,110700,15207,585988,California
Los Angeles,2021-01-25,39767,736787,16769,406404,22998,330383,0,0,31028,497634,8698,119398,31044,617032,California
Los Angeles,2021-01-26,49919,786706,24744,431148,25175,355558,0,0,41533,530844,8344,127742,41554,658586,California
Los Angeles,2021-01-27,51188,837894,25923,457071,25265,380823,0,0,41642,563114,9399,137141,41669,700255,California
Los Angeles,2021-01-28,49274,887168,23527,480598,25747,406570,0,0,40661,595309,8482,145623,40677,740932,California
Los Angeles,2021-01-29,50105,937273,25769,506367,24336,430906,0,0,39739,625065,10000,155623,39756,780688,California
Los Angeles,2021-01-30,30453,967726,15597,521964,14856,445762,0,0,26049,646801,4319,159942,26055,806743,California
Los Angeles,2021-01-31,12877,980603,10085,532049,2792,448554,0,0,11956,657856,905,160847,11960,818703,California
Los Angeles,2021-02-01,38866,1019469,16402,548451,22464,471018,0,0,28046,675144,10770,171617,28058,846761,California
Los Angeles,2021-02-02,45095,1064564,18075,566526,27020,498038,0,0,32562,695230,12482,184099,32568,879329,California
Los Angeles,2021-02-03,52746,1117310,19665,586191,33081,531119,0,0,37610,717971,14881,198980,37622,916951,California
Los Angeles,2021-02-04,57798,1175108,20868,607059,36930,568049,0,0,39458,739454,17990,216970,39473,956424,California
Los Angeles,2021-02-05,62118,1237226,21267,628326,40851,608900,0,0,39782,757374,21877,238847,39797,996221,California
Los Angeles,2021-02-06,35851,1273077,13471,641797,22380,631280,0,0,27244,776116,8525,247372,27267,1023488,California
Los Angeles,2021-02-07,11024,1284101,8521,650318,2503,633783,0,0,8588,782297,2415,249787,8596,1032084,California
Los Angeles,2021-02-08,47372,1331473,21849,672167,25523,659306,0,0,30907,796893,16317,266104,30913,1062997,California
Los Angeles,2021-02-09,56334,1387807,24781,696948,31553,690859,0,0,28507,797701,27711,293815,28519,1091516,California
Los Angeles,2021-02-10,67660,1455467,29597,726545,38063,728922,0,0,30506,791468,36757,330572,30524,1122040,California
Los Angeles,2021-02-11,58896,1514363,31421,757966,27475,756397,0,0,28200,789482,30196,360768,28210,1150250,California
Los Angeles,2021-02-12,60810,1575173,30145,788111,30665,787062,0,0,26523,782142,33886,394654,26546,1176796,California
Los Angeles,2021-02-13,34228,1609401,20001,808112,14227,801289,0,0,15525,779125,18597,413251,15580,1192376,California
Los Angeles,2021-02-14,22047,1631448,15056,823168,6991,808280,0,0,8830,774816,13148,426399,8839,1201215,California
Los Angeles,2021-02-15,33287,1664735,16149,839317,17138,825418,0,0,18202,778033,15002,441401,18219,1219434,California
Los Angeles,2021-02-16,64825,1729560,32961,872278,31864,857282,0,0,29925,773197,34778,476179,29942,1249376,California
Los Angeles,2021-02-17,65657,1795217,35041,907319,30616,887898,0,0,26597,760967,38842,515021,26612,1275988,California
Los Angeles,2021-02-18,69362,1864579,35266,942585,34096,921994,0,0,28789,749421,40356,555377,28810,1304798,California
Los Angeles,2021-02-19,59605,1924184,36729,979314,22876,944870,0,0,29024,748041,30424,585801,29044,1333842,California
Los Angeles,2021-02-20,33651,1957835,24506,1003820,9145,954015,0,0,16143,746780,17429,603230,16168,1350010,California
Los Angeles,2021-02-21,22744,1980579,21009,1024829,1735,955750,0,0,11396,746909,11273,614503,11402,1361412,California
Los Angeles,2021-02-22,36132,2016711,26363,1051192,9769,965519,0,0,18401,747722,17611,632114,18424,1379836,California
Los Angeles,2021-02-23,57133,2073844,24532,1075724,32601,998120,0,0,22164,735162,34753,666867,22193,1402029,California
Los Angeles,2021-02-24,66662,2140506,29776,1105500,36886,1035006,0,0,28611,726003,37807,704674,28648,1430677,California
Los Angeles,2021-02-25,74750,2215256,34213,1139713,40537,1075543,0,0,38480,728455,36064,740738,38516,1469193,California
Los Angeles,2021-02-26,84325,2299581,39057,1178770,45268,1120811,0,0,47295,739037,36761,777499,47343,1516536,California
Los Angeles,2021-02-27,60711,2360292,26760,1205530,33942,1154753,9,9,30961,740479,29565,807064,31007,1547543,California
Los Angeles,2021-02-28,27085,2387377,18663,1224193,8419,1163172,3,12,18980,751494,7985,815049,19000,1566543,California
Los Angeles,2021-03-01,57720,2445097,32726,1256919,24949,1188121,45,57,34611,763310,22875,837924,34691,1601234,California
Los Angeles,2021-03-02,78467,2523564,38060,1294979,40398,1228519,9,66,49464,783998,28820,866744,49508,1650742,California
Los Angeles,2021-03-03,86400,2609964,44305,1339284,42076,1270595,19,85,54707,807284,31476,898220,54762,1705504,California
Los Angeles,2021-03-04,92194,2702158,47213,1386497,44964,1315559,17,102,58285,831934,33691,931911,58341,1763845,California
Los Angeles,2021-03-05,90868,2793026,44828,1431325,46006,1361565,34,136,60695,862794,29939,961850,60799,1824644,California
Los Angeles,2021-03-06,67665,2860691,34514,1465839,31315,1392880,1836,1972,43578,884289,23927,985777,45422,1870066,California
Los Angeles,2021-03-07,27429,2888120,20881,1486720,5707,1398587,841,2813,21213,900166,6179,991956,22056,1892122,California
Los Angeles,2021-03-08,54636,2942756,29554,1516274,23113,1421700,1969,4782,41285,930206,13222,1005178,43262,1935384,California
Los Angeles,2021-03-09,82180,3024936,39183,1555457,39703,1461403,3294,8076,52254,955996,29754,1034932,55544,1990928,California
Los Angeles,2021-03-10,83707,3108643,41219,1596676,37588,1498991,4900,12976,52935,983221,30565,1065497,57790,2048718,California
Los Angeles,2021-03-11,93829,3202472,46132,1642808,40947,1539938,6750,19726,54909,1006130,38699,1104196,61608,2110326,California
Los Angeles,2021-03-12,99852,3302324,45262,1688070,40655,1580593,13935,33661,58237,1036837,41369,1145565,72076,2182402,California
Los Angeles,2021-03-13,76041,3378365,35908,1723978,28132,1608725,12001,45662,45279,1063411,30631,1176196,57205,2239607,California
Los Angeles,2021-03-14,39249,3417614,26374,1750352,10316,1619041,2559,48221,23927,1074641,15235,1191431,26465,2266072,California
Los Angeles,2021-03-15,75704,3493318,37202,1787554,33034,1652075,5468,53689,45638,1095871,29836,1221267,51066,2317138,California
Los Angeles,2021-03-16,100586,3593904,44264,1831818,50437,1702512,5885,59574,64901,1131158,35440,1256707,70727,2387865,California
Los Angeles,2021-03-17,98219,3692123,44932,1876750,44959,1747471,8328,67902,65726,1172780,32261,1288968,73883,2461748,California
Los Angeles,2021-03-18,103726,3795849,49811,1926561,48328,1795799,5587,73489,65524,1205995,37870,1326838,71085,2532833,California
Los Angeles,2021-03-19,110065,3905914,57604,1984165,47660,1843459,4801,78290,67685,1236346,42074,1368912,72425,2605258,California
Los Angeles,2021-03-20,77033,3982947,37931,2022096,34493,1877952,4609,82899,52286,1268681,24538,1393450,56873,2662131,California
Los Angeles,2021-03-21,34970,4017917,26037,2048133,8026,1885978,907,83806,22361,1279474,12473,1405923,23266,2685397,California
Los Angeles,2021-03-22,71474,4089391,42136,2090269,27161,1913139,2177,85983,50035,1310541,21140,1427063,52207,2737604,California
Los Angeles,2021-03-23,97175,4186566,52793,2143062,41131,1954270,3251,89234,58516,1333928,38365,1465428,61752,2799356,California
Los Angeles,2021-03-24,105589,4292155,56168,2199230,46246,2000516,3175,92409,60472,1352797,44760,1510188,63629,2862985,California
Los Angeles,2021-03-25,111510,4403665,59927,2259157,47673,2048189,3910,96319,62297,1370103,48876,1559064,66182,2929167,California
Los Angeles,2021-03-26,115876,4519541,63540,2322697,48089,2096278,4247,100566,63739,1386239,51812,1610876,67948,2997115,California
Los Angeles,2021-03-27,83828,4603369,44142,2366839,37544,2133822,2142,102708,42649,1390145,40883,1651759,44789,3041904,California
Los Angeles,2021-03-28,42328,4645697,28716,2395555,13026,2146848,586,103294,20076,1388697,22111,1673870,20663,3062567,California
Los Angeles,2021-03-29,83553,4729250,47078,2442633,34691,2181539,1784,105078,46159,1399490,37144,1711014,47937,3110504,California
Los Angeles,2021-03-30,109668,4838918,52513,2495146,51212,2232751,5943,111021,56975,1409945,52418,1763432,62873,3173377,California
Los Angeles,2021-03-31,123252,4962170,62358,2557504,52049,2284800,8845,119866,68378,1432575,54523,1817955,77153,3250530,California
Los Angeles,2021-04-01,134248,5096418,63004,2620508,55768,2340568,15476,135342,71622,1457332,62220,1880175,86977,3337507,California
Los Angeles,2021-04-02,133226,5229644,59652,2680160,57980,2398548,15594,150936,70477,1480969,62368,1942543,86005,3423512,California
Los Angeles,2021-04-03,98979,5328623,45365,2725525,39929,2438477,13685,164621,48705,1493203,50060,1992603,62294,3485806,California
Los Angeles,2021-04-04,39328,5367951,20610,2746135,12073,2450550,6645,171266,16383,1493342,22843,2015446,22982,3508788,California
Los Angeles,2021-04-05,94490,5462441,44787,2790922,39364,2489914,10339,181605,44460,1498260,49793,2065239,54711,3563499,California
Los Angeles,2021-04-06,121912,5584353,57540,2848462,43987,2533901,20385,201990,55758,1508382,65871,2131110,75993,3639492,California
Los Angeles,2021-04-07,121387,5705740,55297,2903759,44809,2578710,21281,223271,54558,1517528,66535,2197645,75681,3715173,California
Los Angeles,2021-04-08,133954,5839694,59036,2962795,50650,2629360,24268,247539,60096,1528201,73498,2271143,84171,3799344,California
Los Angeles,2021-04-09,132851,5972545,57691,3020486,51006,2680366,24154,271693,56696,1533057,75799,2346942,80655,3879999,California
Los Angeles,2021-04-10,102204,6074749,43197,3063683,34766,2715132,24241,295934,37413,1530029,64529,2411471,61501,3941500,California
Los Angeles,2021-04-11,41997,6116746,22704,3086387,9889,2725021,9404,305338,14456,1526375,27444,2438915,23790,3965290,California
Los Angeles,2021-04-12,79839,6196585,39012,3125399,34332,2759353,6495,311833,32595,1518391,47003,2485918,39019,4004309,California
Los Angeles,2021-04-13,118631,6315216,59834,3185233,58362,2817715,435,312268,62684,1525860,55659,2541577,63128,4067437,California
Los Angeles,2021-04-14,120444,6435660,60303,3245536,60006,2877721,135,312403,65200,1536267,54928,2596505,65335,4132772,California
Los Angeles,2021-04-15,131795,6567455,71298,3316834,60299,2938020,198,312601,75290,1555460,56166,2652671,75359,4208131,California
Los Angeles,2021-04-16,131992,6699447,69721,3386555,62125,3000145,146,312747,69452,1562836,62159,2714830,69535,4277666,California
Los Angeles,2021-04-17,99788,6799235,52239,3438794,47518,3047663,31,312778,56861,1577060,42664,2757494,56888,4334554,California
Los Angeles,2021-04-18,35813,6835048,24183,3462977,11629,3059292,1,312779,19586,1580525,16130,2773624,19595,4354149,California
Los Angeles,2021-04-19,77460,6912508,40614,3503591,36829,3096121,17,312796,34751,1572830,42475,2816099,34780,4388929,California
Los Angeles,2021-04-20,105942,7018450,52544,3556135,53368,3149489,30,312826,52370,1571957,53281,2869380,52408,4441337,California
Los Angeles,2021-04-21,114954,7133404,56363,3612498,58400,3207889,191,313017,51016,1559638,63533,2932913,51214,4492551,California
Los Angeles,2021-04-22,118854,7252258,61814,3674312,57006,3264895,34,313051,52389,1545984,66090,2999003,52436,4544987,California
Los Angeles,2021-04-23,118357,7370615,65076,3739388,53259,3318154,22,313073,56446,1540900,61561,3060564,56477,4601464,California
Los Angeles,2021-04-24,90474,7461089,57492,3796880,32940,3351094,42,313115,50477,1551693,39739,3100303,50532,4651996,California
Los Angeles,2021-04-25,38016,7499105,25183,3822063,12827,3363921,6,313121,20453,1554722,17430,3117733,20459,4672455,California
Los Angeles,2021-04-26,79171,7578276,41314,3863377,37346,3401267,511,313632,39035,1554380,39887,3157620,39545,4712000,California
Los Angeles,2021-04-27,95486,7673762,46006,3909383,47477,3448744,2003,315635,37032,1535260,58143,3215763,39023,4751023,California
Los Angeles,2021-04-28,87994,7761756,42686,3952069,43204,3491948,2104,317739,34831,1519403,52786,3268549,36929,4787952,California
Los Angeles,2021-04-29,94604,7856360,47349,3999418,45041,3536989,2214,319953,34274,1495986,59900,3328449,36483,4824435,California
Los Angeles,2021-04-30,102549,7958909,50838,4050256,49251,3586240,2460,322413,37733,1471831,64330,3392779,40175,4864610,California
Los Angeles,2021-05-01,75857,8034766,42418,4092674,31882,3618122,1557,323970,28580,1455037,46925,3439704,30131,4894741,California
Los Angeles,2021-05-02,28088,8062854,18041,4110715,9307,3627429,740,324710,10176,1448165,17786,3457490,10914,4905655,California
Los Angeles,2021-05-03,62598,8125452,30410,4141125,29952,3657381,2236,326946,22764,1433599,39548,3497038,24982,4930637,California
Los Angeles,2021-05-04,88661,8214113,49435,4190560,36929,3694310,2297,329243,27687,1402921,60646,3557684,29968,4960605,California
Los Angeles,2021-05-05,91605,8305718,53646,4244206,35557,3729867,2402,331645,25425,1364936,65801,3623485,27816,4988421,California
Los Angeles,2021-05-06,98643,8404361,59671,4303877,36453,3766320,2519,334164,23608,1316415,74632,3698117,26111,5014532,California
Los Angeles,2021-05-07,98475,8502836,58315,4362192,37779,3804099,2381,336545,27165,1275018,70921,3769038,29524,5044056,California
Los Angeles,2021-05-08,66964,8569800,43955,4406147,21232,3825331,1777,338322,18611,1247393,48004,3817042,20379,5064435,California
Los Angeles,2021-05-09,24484,8594284,18813,4424960,4931,3830262,740,339062,6165,1236077,18214,3835256,6898,5071333,California
Los Angeles,2021-05-10,50791,8645075,26939,4451899,21945,3852207,1907,340969,15558,1218555,34981,3870237,17459,5088792,California
Los Angeles,2021-05-11,71537,8716612,39027,4490926,30357,3882564,2153,343122,18759,1186951,52497,3922734,20893,5109685,California
Los Angeles,2021-05-12,72662,8789274,39811,4530737,30531,3913095,2320,345442,20451,1157809,51885,3974619,22743,5132428,California
Los Angeles,2021-05-13,78458,8867732,47308,4578045,29415,3942510,1735,347177,27984,1137450,50066,4024685,29707,5162135,California
Los Angeles,2021-05-14,89854,8957586,57216,4635261,30757,3973267,1881,349058,33931,1117699,55552,4080237,35801,5197936,California
Los Angeles,2021-05-15,76587,9034173,53605,4688866,21429,3994696,1553,350611,29802,1102565,46477,4126714,31343,5229279,California
Los Angeles,2021-05-16,31023,9065196,24592,4713458,5815,4000511,616,351227,12325,1096908,18593,4145307,12936,5242215,California
Los Angeles,2021-05-17,62099,9127295,40221,4753679,20098,4020609,1780,353007,24933,1086685,36911,4182218,26688,5268903,California
Los Angeles,2021-05-18,65338,9192633,38694,4792373,24808,4045417,1836,354843,25721,1074873,39336,4221554,27524,5296427,California
Los Angeles,2021-05-19,67615,9260248,40758,4833131,25011,4070428,1846,356689,28793,1066953,38542,4260096,30622,5327049,California
Los Angeles,2021-05-20,66643,9326891,37324,4870455,27237,4097665,2082,358771,25207,1053191,41038,4301134,27276,5354325,California
Los Angeles,2021-05-21,70149,9397040,42546,4913001,25525,4123190,2078,360849,27178,1039866,42570,4343704,29245,5383570,California
Los Angeles,2021-05-22,57458,9454498,37367,4950368,18437,4141627,1654,362503,23331,1030956,33884,4377588,24974,5408544,California
Los Angeles,2021-05-23,24317,9478815,16960,4967328,6513,4148140,844,363347,10751,1029115,13432,4391020,11591,5420135,California
Los Angeles,2021-05-24,49080,9527895,27135,4994463,20089,4168229,1856,365203,18587,1019292,30250,4421270,20427,5440562,California
Los Angeles,2021-05-25,49859,9577754,28850,5023313,19235,4187464,1774,366977,19174,1009811,30423,4451693,20942,5461504,California
Los Angeles,2021-05-26,47247,9625001,26697,5050010,18698,4206162,1852,368829,19749,1004217,27075,4478768,21481,5482985,California
Los Angeles,2021-05-27,45524,9670525,25455,5075465,18235,4224397,1834,370663,18804,998373,26465,4505233,20621,5503606,California
Los Angeles,2021-05-28,52393,9722918,29678,5105143,20819,4245216,1896,372559,23259,994704,28811,4534044,25142,5528748,California
Los Angeles,2021-05-29,30532,9753450,17651,5122794,11835,4257051,1046,373605,14178,993757,16159,4550203,15212,5543960,California
Los Angeles,2021-05-30,12499,9765949,8201,5130995,3564,4260615,734,374339,5791,993622,6654,4556857,6519,5550479,California
Los Angeles,2021-05-31,6054,9772003,3741,5134736,2007,4262622,306,374645,1730,991394,4261,4561118,2033,5552512,California
Los Angeles,2021-06-01,46318,9818321,25936,5160672,18809,4281431,1573,376218,17001,980973,28969,4590087,18548,5571060,California
Los Angeles,2021-06-02,38606,9856927,22316,5182988,14836,4296267,1454,377672,15103,974282,23221,4613308,16530,5587590,California
Los Angeles,2021-06-03,42851,9899778,28371,5211359,12916,4309183,1564,379236,14721,962708,27842,4641150,16268,5603858,California
Los Angeles,2021-06-04,52437,9952215,35424,5246783,15332,4324515,1681,380917,16577,945444,35498,4676648,18234,5622092,California
Los Angeles,2021-06-05,42565,9994780,30499,5277282,10683,4335198,1383,382300,12342,929118,30037,4706685,13711,5635803,California
Los Angeles,2021-06-06,14764,10009544,12184,5289466,1841,4337039,739,383039,3959,923075,10734,4717419,4691,5640494,California
Los Angeles,2021-06-07,36985,10046529,26394,5315860,9138,4346177,1453,384492,11765,911260,25015,4742434,13200,5653694,California
Los Angeles,2021-06-08,38407,10084936,26463,5342323,10354,4356531,1590,386082,12767,900268,25336,4767770,14344,5668038,California
Los Angeles,2021-06-09,39884,10124820,28177,5370500,10187,4366718,1520,387602,11739,885618,27881,4795651,13231,5681269,California
Los Angeles,2021-06-10,36647,10161467,25375,5395875,9665,4376383,1607,389209,11555,873905,24858,4820509,13145,5694414,California
Los Angeles,2021-06-11,41233,10202700,28239,5424114,11325,4387708,1669,390878,13488,861603,27443,4847952,15141,5709555,California
Los Angeles,2021-06-12,33427,10236127,24081,5448195,8128,4395836,1218,392096,10331,850211,22927,4870879,11535,5721090,California
Los Angeles,2021-06-13,11533,10247660,8261,5456456,2634,4398470,638,392734,2627,844627,8842,4879721,3258,5724348,California
Los Angeles,2021-06-14,32669,10280329,23487,5479943,7806,4406276,1376,394110,11430,836373,21040,4900761,12786,5737134,California
Los Angeles,2021-06-15,33906,10314235,22762,5502705,9442,4415718,1702,395812,11807,828117,21738,4922499,13482,5750616,California
Los Angeles,2021-06-16,32321,10346556,22342,5525047,8235,4423953,1744,397556,11356,820479,20731,4943230,13093,5763709,California
Los Angeles,2021-06-17,29696,10376252,19906,5544953,8058,4432011,1732,399288,10868,814498,18566,4961796,12585,5776294,California
Los Angeles,2021-06-18,35261,10411513,24249,5569202,9063,4441074,1949,401237,12469,806479,22417,4984213,14398,5790692,California
Los Angeles,2021-06-19,22285,10433798,15031,5584233,5886,4446960,1368,402605,8600,802975,13453,4997666,9949,5800641,California
Los Angeles,2021-06-20,8447,10442245,5946,5590179,2011,4448971,490,403095,3063,801214,5311,5002977,3550,5804191,California
Los Angeles,2021-06-21,19115,10461360,11752,5601931,5989,4454960,1374,404469,10265,804107,8732,5011709,11625,5815816,California
Los Angeles,2021-06-22,26197,10487557,17688,5619619,6998,4461958,1511,405980,10152,799899,15866,5027575,11658,5827474,California
Los Angeles,2021-06-23,24906,10512463,17136,5636755,6377,4468335,1393,407373,10010,796564,14721,5042296,11386,5838860,California
Los Angeles,2021-06-24,24716,10537179,17025,5653780,6090,4474425,1601,408974,9567,792755,14938,5057234,11129,5849989,California
Los Angeles,2021-06-25,29303,10566482,20441,5674221,7257,4481682,1605,410579,12001,789249,17092,5074326,13586,5863575,California
Los Angeles,2021-06-26,19931,10586413,14496,5688717,4419,4486101,1016,411595,8281,786991,11538,5085864,9280,5872855,California
Los Angeles,2021-06-27,8575,10594988,6238,5694955,1905,4488006,432,412027,3637,786179,4871,5090735,4059,5876914,California
Los Angeles,2021-06-28,19977,10614965,15410,5710365,3349,4491355,1218,413245,8745,785026,11107,5101842,9954,5886868,California
Los Angeles,2021-06-29,22340,10637305,15347,5725712,5931,4497286,1062,414307,9822,783537,12360,5114202,10871,5897739,California
Los Angeles,2021-06-30,21935,10659240,15469,5741181,5385,4502671,1081,415388,9910,782639,11874,5126076,10976,5908715,California
Los Angeles,2021-07-01,19770,10679010,14106,5755287,4677,4507348,987,416375,8943,781847,10709,5136785,9917,5918632,California
Los Angeles,2021-07-02,23010,10702020,16335,5771622,5594,4512942,1081,417456,10330,780711,12530,5149315,11394,5930026,California
Los Angeles,2021-07-03,13367,10715387,9478,5781100,3430,4516372,459,417915,6114,780131,7147,5156462,6567,5936593,California
Los Angeles,2021-07-04,746,10716133,382,5781482,315,4516687,49,417964,350,780141,388,5156850,398,5936991,California
Los Angeles,2021-07-05,7196,10723329,4688,5786170,2377,4519064,131,418095,3348,779829,3791,5160641,3479,5940470,California
Madera,2020-12-16,22,22,22,22,0,0,0,0,22,22,0,0,22,22,California
Madera,2020-12-17,12,34,12,34,0,0,0,0,12,34,0,0,12,34,California
Madera,2020-12-18,61,95,61,95,0,0,0,0,61,95,0,0,61,95,California
Madera,2020-12-19,5,100,5,100,0,0,0,0,5,100,0,0,5,100,California
Madera,2020-12-20,14,114,14,114,0,0,0,0,14,114,0,0,14,114,California
Madera,2020-12-21,59,173,59,173,0,0,0,0,59,173,0,0,59,173,California
Madera,2020-12-22,97,270,95,268,2,2,0,0,97,270,0,0,97,270,California
Madera,2020-12-23,67,337,67,335,0,2,0,0,67,337,0,0,67,337,California
Madera,2020-12-24,45,382,40,375,5,7,0,0,45,382,0,0,45,382,California
Madera,2020-12-26,27,409,26,401,1,8,0,0,27,409,0,0,27,409,California
Madera,2020-12-27,30,439,12,413,18,26,0,0,30,439,0,0,30,439,California
Madera,2020-12-28,107,546,36,449,71,97,0,0,107,546,0,0,107,546,California
Madera,2020-12-29,176,722,37,486,139,236,0,0,176,722,0,0,176,722,California
Madera,2020-12-30,226,948,90,576,136,372,0,0,226,948,0,0,226,948,California
Madera,2020-12-31,203,1151,81,657,122,494,0,0,203,1151,0,0,203,1151,California
Madera,2021-01-01,2,1153,1,658,1,495,0,0,2,1153,0,0,2,1153,California
Madera,2021-01-02,89,1242,33,691,56,551,0,0,89,1242,0,0,89,1242,California
Madera,2021-01-03,4,1246,4,695,0,551,0,0,4,1246,0,0,4,1246,California
Madera,2021-01-04,130,1376,66,761,64,615,0,0,130,1376,0,0,130,1376,California
Madera,2021-01-05,280,1656,143,904,137,752,0,0,276,1648,4,4,276,1652,California
Madera,2021-01-06,184,1840,27,931,157,909,0,0,164,1792,20,24,164,1816,California
Madera,2021-01-07,400,2240,116,1047,284,1193,0,0,377,2147,23,47,378,2194,California
Madera,2021-01-08,420,2660,72,1119,348,1541,0,0,365,2459,54,101,366,2560,California
Madera,2021-01-09,38,2698,14,1133,24,1565,0,0,29,2479,9,110,29,2589,California
Madera,2021-01-10,17,2715,14,1147,3,1568,0,0,5,2472,12,122,5,2594,California
Madera,2021-01-11,238,2953,190,1337,48,1616,0,0,197,2628,41,163,197,2791,California
Madera,2021-01-12,388,3341,157,1494,231,1847,0,0,284,2808,104,267,284,3075,California
Madera,2021-01-13,183,3524,91,1585,92,1939,0,0,127,2880,56,323,128,3203,California
Madera,2021-01-14,556,4080,84,1669,472,2411,0,0,522,3368,34,357,522,3725,California
Madera,2021-01-15,599,4679,160,1829,439,2850,0,0,577,3923,22,379,577,4302,California
Madera,2021-01-16,383,5062,49,1878,334,3184,0,0,355,4250,28,407,355,4657,California
Madera,2021-01-17,334,5396,15,1893,319,3503,0,0,330,4576,4,411,330,4987,California
Madera,2021-01-18,77,5473,61,1954,16,3519,0,0,58,4616,18,429,58,5045,California
Madera,2021-01-19,566,6039,133,2087,433,3952,0,0,540,5131,26,455,541,5586,California
Madera,2021-01-20,341,6380,184,2271,157,4109,0,0,245,5281,95,550,245,5831,California
Madera,2021-01-21,291,6671,183,2454,108,4217,0,0,227,5446,62,612,227,6058,California
Madera,2021-01-22,262,6933,84,2538,178,4395,0,0,245,5674,17,629,245,6303,California
Madera,2021-01-23,101,7034,53,2591,48,4443,0,0,77,5727,24,653,77,6380,California
Madera,2021-01-24,101,7135,82,2673,19,4462,0,0,79,5784,22,675,79,6459,California
Madera,2021-01-25,269,7404,126,2799,143,4605,0,0,145,5805,124,799,145,6604,California
Madera,2021-01-26,493,7897,190,2989,303,4908,0,0,301,5916,191,990,302,6906,California
Madera,2021-01-27,749,8646,67,3056,682,5590,0,0,611,6391,138,1128,613,7519,California
Madera,2021-01-28,551,9197,112,3168,439,6029,0,0,445,6731,106,1234,446,7965,California
Madera,2021-01-29,471,9668,93,3261,378,6407,0,0,416,7092,55,1289,416,8381,California
Madera,2021-01-30,503,10171,16,3277,487,6894,0,0,449,7487,54,1343,449,8830,California
Madera,2021-01-31,8,10179,5,3282,3,6897,0,0,7,7493,1,1344,7,8837,California
Madera,2021-02-01,331,10510,146,3428,185,7082,0,0,207,7576,124,1468,207,9044,California
Madera,2021-02-02,252,10762,89,3517,163,7245,0,0,159,7644,92,1560,160,9204,California
Madera,2021-02-03,596,11358,459,3976,137,7382,0,0,477,8005,117,1677,478,9682,California
Madera,2021-02-04,398,11756,126,4102,272,7654,0,0,116,7841,281,1958,117,9799,California
Madera,2021-02-05,980,12736,299,4401,681,8335,0,0,371,7610,603,2561,372,10171,California
Madera,2021-02-06,365,13101,327,4728,38,8373,0,0,323,7892,41,2602,323,10494,California
Madera,2021-02-07,35,13136,7,4735,28,8401,0,0,30,7917,5,2607,30,10524,California
Madera,2021-02-08,384,13520,308,5043,76,8477,0,0,269,8072,114,2721,269,10793,California
Madera,2021-02-09,483,14003,118,5161,365,8842,0,0,198,7990,282,3003,200,10993,California
Madera,2021-02-10,434,14437,150,5311,284,9126,0,0,281,8120,151,3154,281,11274,California
Madera,2021-02-11,934,15371,305,5616,629,9755,0,0,400,7988,533,3687,401,11675,California
Madera,2021-02-12,850,16221,121,5737,729,10484,0,0,314,7775,530,4217,317,11992,California
Madera,2021-02-13,484,16705,45,5782,439,10923,0,0,136,7567,347,4564,139,12131,California
Madera,2021-02-14,400,17105,74,5856,326,11249,0,0,134,7436,266,4830,135,12266,California
Madera,2021-02-15,247,17352,100,5956,147,11396,0,0,175,7541,70,4900,175,12441,California
Madera,2021-02-16,778,18130,184,6140,594,11990,0,0,227,7220,549,5449,228,12669,California
Madera,2021-02-17,616,18746,278,6418,338,12328,0,0,343,7299,266,5715,345,13014,California
Madera,2021-02-18,1306,20052,543,6961,763,13091,0,0,1124,8243,181,5896,1125,14139,California
Madera,2021-02-19,870,20922,552,7513,318,13409,0,0,724,8823,145,6041,725,14864,California
Madera,2021-02-20,1078,22000,985,8498,93,13502,0,0,1003,9753,74,6115,1004,15868,California
Madera,2021-02-21,995,22995,853,9351,142,13644,0,0,987,10733,7,6122,987,16855,California
Madera,2021-02-22,958,23953,880,10231,78,13722,0,0,898,11572,59,6181,898,17753,California
Madera,2021-02-23,760,24713,472,10703,288,14010,0,0,532,11877,227,6408,532,18285,California
Madera,2021-02-24,923,25636,300,11003,623,14633,0,0,381,11717,541,6949,381,18666,California
Madera,2021-02-25,1035,26671,317,11320,718,15351,0,0,600,11884,433,7382,600,19266,California
Madera,2021-02-26,1096,27767,199,11519,897,16248,0,0,711,12212,383,7765,711,19977,California
Madera,2021-02-27,924,28691,293,11812,631,16879,0,0,494,12282,427,8192,497,20474,California
Madera,2021-02-28,192,28883,29,11841,163,17042,0,0,186,12462,6,8198,186,20660,California
Madera,2021-03-01,380,29263,120,11961,260,17302,0,0,195,12476,182,8380,196,20856,California
Madera,2021-03-02,744,30007,348,12309,396,17698,0,0,631,12998,111,8491,633,21489,California
Madera,2021-03-03,1360,31367,729,13038,631,18329,0,0,951,13570,406,8897,978,22467,California
Madera,2021-03-04,1204,32571,525,13563,679,19008,0,0,951,14271,254,9151,955,23422,California
Madera,2021-03-05,1364,33935,422,13985,929,19937,13,13,1081,15096,281,9432,1106,24528,California
Madera,2021-03-06,817,34752,636,14621,149,20086,32,45,498,15309,318,9750,531,25059,California
Madera,2021-03-07,156,34908,27,14648,107,20193,22,67,105,15385,51,9801,127,25186,California
Madera,2021-03-08,606,35514,338,14986,208,20401,60,127,312,15464,294,10095,373,25559,California
Madera,2021-03-09,599,36113,296,15282,269,20670,34,161,409,15727,188,10283,451,26010,California
Madera,2021-03-10,1193,37306,559,15841,554,21224,80,241,755,16130,433,10716,836,26846,California
Madera,2021-03-11,1684,38990,869,16710,487,21711,328,569,768,16326,912,11628,1108,27954,California
Madera,2021-03-12,1586,40576,823,17533,608,22319,155,724,801,16528,782,12410,984,28938,California
Madera,2021-03-13,1891,42467,1329,18862,363,22682,199,923,815,16491,1070,13480,1033,29971,California
Madera,2021-03-14,584,43051,449,19311,103,22785,32,955,285,16514,294,13774,317,30288,California
Madera,2021-03-15,746,43797,229,19540,471,23256,46,1001,512,16879,230,14004,595,30883,California
Madera,2021-03-16,934,44731,529,20069,358,23614,47,1048,741,17494,190,14194,805,31688,California
Madera,2021-03-17,1466,46197,981,21050,422,24036,63,1111,906,18006,551,14745,1063,32751,California
Madera,2021-03-18,1956,48153,689,21739,1203,25239,64,1175,970,18153,979,15724,1126,33877,California
Madera,2021-03-19,1586,49739,590,22329,913,26152,83,1258,1027,18787,555,16279,1189,35066,California
Madera,2021-03-20,1179,50918,773,23102,353,26505,53,1311,584,18897,592,16871,702,35768,California
Madera,2021-03-21,1099,52017,896,23998,157,26662,46,1357,365,18581,729,17600,413,36181,California
Madera,2021-03-22,1357,53374,853,24851,440,27102,64,1421,658,18655,695,18295,769,36950,California
Madera,2021-03-23,1431,54805,877,25728,463,27565,91,1512,674,18751,754,19049,850,37800,California
Madera,2021-03-24,949,55754,509,26237,409,27974,31,1543,615,19073,329,19378,651,38451,California
Madera,2021-03-25,1167,56921,527,26764,616,28590,24,1567,644,19241,513,19891,681,39132,California
Madera,2021-03-26,1521,58442,579,27343,809,29399,133,1700,712,19285,805,20696,849,39981,California
Madera,2021-03-27,928,59370,605,27948,298,29697,25,1725,412,19211,512,21208,438,40419,California
Madera,2021-03-28,437,59807,151,28099,226,29923,60,1785,202,19334,234,21442,357,40776,California
Madera,2021-03-29,684,60491,180,28279,475,30398,29,1814,490,19667,190,21632,523,41299,California
Madera,2021-03-30,1071,61562,606,28885,436,30834,29,1843,476,19582,591,22223,506,41805,California
Madera,2021-03-31,1401,62963,542,29427,721,31555,138,1981,424,19173,971,23194,562,42367,California
Madera,2021-04-01,1394,64357,628,30055,715,32270,51,2032,482,18803,901,24095,531,42898,California
Madera,2021-04-02,1607,65964,461,30516,1087,33357,59,2091,479,18225,1117,25212,539,43437,California
Madera,2021-04-03,962,66926,764,31280,178,33535,20,2111,392,18079,568,25780,422,43859,California
Madera,2021-04-04,187,67113,65,31345,120,33655,2,2113,86,18067,101,25881,89,43948,California
Madera,2021-04-05,737,67850,254,31599,424,34079,59,2172,338,18081,397,26278,411,44359,California
Madera,2021-04-06,1703,69553,886,32485,462,34541,355,2527,526,17787,1175,27453,881,45240,California
Madera,2021-04-07,1229,70782,384,32869,695,35236,150,2677,423,17563,802,28255,578,45818,California
Madera,2021-04-08,1729,72511,671,33540,798,36034,260,2937,556,17221,1164,29419,822,46640,California
Madera,2021-04-09,1656,74167,699,34239,808,36842,149,3086,949,17620,702,30121,1101,47741,California
Madera,2021-04-10,979,75146,686,34925,225,37067,68,3154,711,18131,269,30390,780,48521,California
Madera,2021-04-11,812,75958,657,35582,76,37143,79,3233,287,17974,521,30911,364,48885,California
Madera,2021-04-12,817,76775,295,35877,447,37590,75,3308,315,17864,501,31412,391,49276,California
Madera,2021-04-13,1251,78026,618,36495,591,38181,42,3350,728,18124,519,31931,779,50055,California
Madera,2021-04-14,1400,79426,867,37362,533,38714,0,3350,576,17884,822,32753,582,50637,California
Madera,2021-04-15,1170,80596,509,37871,660,39374,1,3351,422,17572,736,33489,424,51061,California
Madera,2021-04-16,1364,81960,548,38419,816,40190,0,3351,387,16999,963,34452,390,51451,California
Madera,2021-04-17,1294,83254,1091,39510,203,40393,0,3351,774,17256,517,34969,774,52225,California
Madera,2021-04-18,260,83514,220,39730,40,40433,0,3351,89,17179,166,35135,89,52314,California
Madera,2021-04-19,821,84335,245,39975,575,41008,1,3352,287,16938,528,35663,287,52601,California
Madera,2021-04-20,907,85242,456,40431,451,41459,0,3352,237,16511,666,36329,239,52840,California
Madera,2021-04-21,903,86145,491,40922,412,41871,0,3352,303,16217,599,36928,305,53145,California
Madera,2021-04-22,1102,87247,535,41457,567,42438,0,3352,379,15878,719,37647,380,53525,California
Madera,2021-04-23,971,88218,318,41775,653,43091,0,3352,340,15592,626,38273,340,53865,California
Madera,2021-04-24,708,88926,466,42241,242,43333,0,3352,247,15383,457,38730,248,54113,California
Madera,2021-04-25,266,89192,160,42401,103,43436,3,3355,119,15363,143,38873,123,54236,California
Madera,2021-04-26,564,89756,110,42511,448,43884,6,3361,133,15074,428,39301,139,54375,California
Madera,2021-04-27,629,90385,281,42792,323,44207,25,3386,316,15106,310,39611,342,54717,California
Madera,2021-04-28,510,90895,205,42997,286,44493,19,3405,247,15110,261,39872,265,54982,California
Madera,2021-04-29,554,91449,251,43248,276,44769,27,3432,259,15109,288,40160,287,55269,California
Madera,2021-04-30,944,92393,510,43758,418,45187,16,3448,274,14736,664,40824,291,55560,California
Madera,2021-05-01,968,93361,870,44628,85,45272,13,3461,389,14560,578,41402,402,55962,California
Madera,2021-05-02,400,93761,352,44980,43,45315,5,3466,145,14455,255,41657,150,56112,California
Madera,2021-05-03,499,94260,199,45179,260,45575,40,3506,101,14201,395,42052,141,56253,California
Madera,2021-05-04,911,95171,440,45619,427,46002,44,3550,216,13766,695,42747,260,56513,California
Madera,2021-05-05,1023,96194,490,46109,473,46475,60,3610,280,13365,741,43488,340,56853,California
Madera,2021-05-06,710,96904,260,46369,418,46893,32,3642,166,13024,539,44027,198,57051,California
Madera,2021-05-07,814,97718,284,46653,509,47402,21,3663,197,12630,611,44638,217,57268,California
Madera,2021-05-08,976,98694,762,47415,203,47605,11,3674,188,12042,787,45425,199,57467,California
Madera,2021-05-09,147,98841,21,47436,115,47720,11,3685,35,11978,110,45535,46,57513,California
Madera,2021-05-10,361,99202,75,47511,274,47994,12,3697,101,11832,259,45794,113,57626,California
Madera,2021-05-11,538,99740,186,47697,343,48337,9,3706,172,11649,364,46158,181,57807,California
Madera,2021-05-12,504,100244,228,47925,240,48577,36,3742,125,11433,377,46535,161,57968,California
Madera,2021-05-13,511,100755,311,48236,168,48745,32,3774,176,11309,332,46867,208,58176,California
Madera,2021-05-14,538,101293,271,48507,243,48988,24,3798,233,11264,302,47169,257,58433,California
Madera,2021-05-15,560,101853,476,48983,76,49064,8,3806,361,11437,196,47365,369,58802,California
Madera,2021-05-16,258,102111,190,49173,36,49100,32,3838,107,11425,151,47516,139,58941,California
Madera,2021-05-17,451,102562,189,49362,234,49334,28,3866,200,11405,248,47764,228,59169,California
Madera,2021-05-18,552,103114,368,49730,160,49494,24,3890,288,11459,258,48022,312,59481,California
Madera,2021-05-19,487,103601,224,49954,241,49735,22,3912,216,11428,269,48291,238,59719,California
Madera,2021-05-20,593,104194,271,50225,285,50020,37,3949,232,11343,354,48645,269,59988,California
Madera,2021-05-21,505,104699,194,50419,284,50304,27,3976,193,11256,307,48952,220,60208,California
Madera,2021-05-22,903,105602,817,51236,74,50378,12,3988,532,11429,371,49323,544,60752,California
Madera,2021-05-23,268,105870,241,51477,17,50395,10,3998,143,11458,124,49447,153,60905,California
Madera,2021-05-24,308,106178,140,51617,127,50522,41,4039,122,11436,185,49632,163,61068,California
Madera,2021-05-25,382,106560,169,51786,181,50703,32,4071,151,11390,229,49861,183,61251,California
Madera,2021-05-26,445,107005,259,52045,164,50867,22,4093,237,11443,206,50067,259,61510,California
Madera,2021-05-27,372,107377,134,52179,200,51067,38,4131,126,11365,242,50309,164,61674,California
Madera,2021-05-28,449,107826,173,52352,248,51315,28,4159,174,11294,273,50582,202,61876,California
Madera,2021-05-29,308,108134,217,52569,73,51388,18,4177,167,11338,141,50723,185,62061,California
Madera,2021-05-30,61,108195,27,52596,30,51418,4,4181,28,11338,32,50755,32,62093,California
Madera,2021-05-31,26,108221,9,52605,13,51431,4,4185,11,11338,15,50770,15,62108,California
Madera,2021-06-01,288,108509,143,52748,122,51553,23,4208,105,11285,181,50951,128,62236,California
Madera,2021-06-02,395,108904,125,52873,247,51800,23,4231,116,11146,278,51229,139,62375,California
Madera,2021-06-03,283,109187,151,53024,117,51917,15,4246,91,11060,192,51421,106,62481,California
Madera,2021-06-04,382,109569,245,53269,126,52043,11,4257,152,10994,229,51650,163,62644,California
Madera,2021-06-05,516,110085,390,53659,113,52156,13,4270,150,10798,359,52009,163,62807,California
Madera,2021-06-06,135,110220,115,53774,13,52169,7,4277,38,10746,97,52106,45,62852,California
Madera,2021-06-07,249,110469,154,53928,74,52243,21,4298,44,10607,204,52310,65,62917,California
Madera,2021-06-08,389,110858,274,54202,94,52337,21,4319,97,10433,292,52602,118,63035,California
Madera,2021-06-09,374,111232,239,54441,108,52445,27,4346,145,10377,228,52830,172,63207,California
Madera,2021-06-10,342,111574,198,54639,128,52573,16,4362,117,10287,223,53053,133,63340,California
Madera,2021-06-11,379,111953,220,54859,127,52700,32,4394,170,10279,208,53261,200,63540,California
Madera,2021-06-12,574,112527,504,55363,54,52754,16,4410,92,9905,482,53743,108,63648,California
Madera,2021-06-13,194,112721,160,55523,29,52783,5,4415,54,9825,139,53882,59,63707,California
Madera,2021-06-14,227,112948,162,55685,42,52825,23,4438,89,9802,135,54017,112,63819,California
Madera,2021-06-15,363,113311,251,55936,79,52904,33,4471,156,9786,205,54222,189,64008,California
Madera,2021-06-16,326,113637,250,56186,62,52966,14,4485,118,9714,204,54426,132,64140,California
Madera,2021-06-17,264,113901,131,56317,124,53090,9,4494,98,9656,165,54591,107,64247,California
Madera,2021-06-18,277,114178,176,56493,77,53167,24,4518,118,9639,158,54749,141,64388,California
Madera,2021-06-19,246,114424,199,56692,39,53206,8,4526,80,9561,166,54915,88,64476,California
Madera,2021-06-20,55,114479,45,56737,3,53209,7,4533,27,9567,28,54943,34,64510,California
Madera,2021-06-21,166,114645,81,56818,60,53269,25,4558,74,9575,91,55034,99,64609,California
Madera,2021-06-22,235,114880,159,56977,58,53327,18,4576,116,9592,117,55151,134,64743,California
Madera,2021-06-23,263,115143,188,57165,65,53392,10,4586,140,9619,123,55274,150,64893,California
Madera,2021-06-24,206,115349,100,57265,84,53476,22,4608,77,9590,128,55402,99,64992,California
Madera,2021-06-25,261,115610,169,57434,68,53544,24,4632,100,9556,158,55560,124,65116,California
Madera,2021-06-26,182,115792,136,57570,34,53578,12,4644,76,9538,106,55666,88,65204,California
Madera,2021-06-27,110,115902,85,57655,21,53599,4,4648,57,9546,53,55719,61,65265,California
Madera,2021-06-28,155,116057,95,57750,41,53640,19,4667,82,9575,72,55791,101,65366,California
Madera,2021-06-29,213,116270,153,57903,43,53683,17,4684,101,9583,110,55901,118,65484,California
Madera,2021-06-30,215,116485,144,58047,64,53747,7,4691,121,9618,93,55994,128,65612,California
Madera,2021-07-01,182,116667,116,58163,42,53789,24,4715,71,9603,110,56104,95,65707,California
Madera,2021-07-02,219,116886,164,58327,41,53830,14,4729,91,9580,128,56232,105,65812,California
Madera,2021-07-03,166,117052,116,58443,41,53871,9,4738,78,9582,85,56317,87,65899,California
Madera,2021-07-04,11,117063,0,58443,7,53878,4,4742,6,9587,5,56322,10,65909,California
Madera,2021-07-05,69,117132,55,58498,9,53887,5,4747,30,9583,39,56361,35,65944,California
Marin,2020-12-15,2,2,2,2,0,0,0,0,2,2,0,0,2,2,California
Marin,2020-12-16,108,110,108,110,0,0,0,0,108,110,0,0,108,110,California
Marin,2020-12-17,275,385,275,385,0,0,0,0,275,385,0,0,275,385,California
Marin,2020-12-18,389,774,389,774,0,0,0,0,389,774,0,0,389,774,California
Marin,2020-12-19,348,1122,347,1121,1,1,0,0,348,1122,0,0,348,1122,California
Marin,2020-12-20,166,1288,165,1286,1,2,0,0,166,1288,0,0,166,1288,California
Marin,2020-12-21,239,1527,236,1522,3,5,0,0,239,1527,0,0,239,1527,California
Marin,2020-12-22,521,2048,317,1839,204,209,0,0,521,2048,0,0,521,2048,California
Marin,2020-12-23,729,2777,315,2154,414,623,0,0,729,2777,0,0,729,2777,California
Marin,2020-12-24,358,3135,158,2312,200,823,0,0,358,3135,0,0,358,3135,California
Marin,2020-12-25,26,3161,0,2312,26,849,0,0,26,3161,0,0,26,3161,California
Marin,2020-12-26,144,3305,95,2407,49,898,0,0,144,3305,0,0,144,3305,California
Marin,2020-12-27,91,3396,54,2461,37,935,0,0,91,3396,0,0,91,3396,California
Marin,2020-12-28,407,3803,99,2560,308,1243,0,0,407,3803,0,0,407,3803,California
Marin,2020-12-29,399,4202,88,2648,311,1554,0,0,399,4202,0,0,399,4202,California
Marin,2020-12-30,630,4832,390,3038,240,1794,0,0,630,4832,0,0,630,4832,California
Marin,2020-12-31,201,5033,35,3073,166,1960,0,0,200,5031,1,1,200,5032,California
Marin,2021-01-01,32,5065,15,3088,17,1977,0,0,32,5063,0,1,32,5064,California
Marin,2021-01-02,115,5180,109,3197,6,1983,0,0,115,5178,0,1,115,5179,California
Marin,2021-01-03,49,5229,31,3228,18,2001,0,0,45,5223,0,1,45,5224,California
Marin,2021-01-04,299,5528,194,3422,105,2106,0,0,298,5520,1,2,298,5522,California
Marin,2021-01-05,371,5899,224,3646,147,2253,0,0,328,5805,43,45,328,5850,California
Marin,2021-01-06,818,6717,318,3964,500,2753,0,0,638,6263,180,225,638,6488,California
Marin,2021-01-07,888,7605,502,4466,386,3139,0,0,528,6432,360,585,529,7017,California
Marin,2021-01-08,974,8579,517,4983,457,3596,0,0,583,6625,390,975,583,7600,California
Marin,2021-01-09,618,9197,223,5206,395,3991,0,0,488,6983,130,1105,488,8088,California
Marin,2021-01-10,130,9327,101,5307,29,4020,0,0,57,6967,73,1178,57,8145,California
Marin,2021-01-11,471,9798,328,5635,143,4163,0,0,250,6998,221,1399,252,8397,California
Marin,2021-01-12,937,10735,545,6180,392,4555,0,0,567,7199,366,1765,567,8964,California
Marin,2021-01-13,1169,11904,494,6674,675,5230,0,0,936,7902,233,1998,936,9900,California
Marin,2021-01-14,1073,12977,320,6994,753,5983,0,0,922,8675,149,2147,922,10822,California
Marin,2021-01-15,1166,14143,356,7350,810,6793,0,0,1034,9580,131,2278,1036,11858,California
Marin,2021-01-16,1124,15267,916,8266,208,7001,0,0,1048,10552,76,2354,1048,12906,California
Marin,2021-01-17,1228,16495,1109,9375,119,7120,0,0,1199,11726,28,2382,1202,14108,California
Marin,2021-01-18,367,16862,161,9536,206,7326,0,0,317,11993,50,2432,317,14425,California
Marin,2021-01-19,1153,18015,910,10446,243,7569,0,0,982,12805,170,2602,982,15407,California
Marin,2021-01-20,1808,19823,1219,11665,589,8158,0,0,1071,13152,725,3327,1072,16479,California
Marin,2021-01-21,1700,21523,1069,12734,631,8789,0,0,1341,14139,356,3683,1343,17822,California
Marin,2021-01-22,1718,23241,1096,13830,622,9411,0,0,1544,15510,174,3857,1545,19367,California
Marin,2021-01-23,1857,25098,1350,15180,507,9918,0,0,1767,17188,89,3946,1767,21134,California
Marin,2021-01-24,618,25716,165,15345,453,10371,0,0,584,17738,34,3980,584,21718,California
Marin,2021-01-25,1133,26849,236,15581,897,11268,0,0,694,17994,439,4419,695,22413,California
Marin,2021-01-26,1520,28369,782,16363,738,12006,0,0,1138,18751,381,4800,1138,23551,California
Marin,2021-01-27,1731,30100,891,17254,840,12846,0,0,1358,19739,371,5171,1359,24910,California
Marin,2021-01-28,2090,32190,1076,18330,1014,13860,0,0,1824,21299,265,5436,1825,26735,California
Marin,2021-01-29,2217,34407,1441,19771,776,14636,0,0,2018,23132,186,5622,2019,28754,California
Marin,2021-01-30,1719,36126,906,20677,813,15449,0,0,1639,24691,80,5702,1639,30393,California
Marin,2021-01-31,460,36586,322,20999,138,15587,0,0,433,25097,27,5729,433,30826,California
Marin,2021-02-01,1099,37685,415,21414,684,16271,0,0,896,25792,202,5931,897,31723,California
Marin,2021-02-02,1429,39114,498,21912,931,17202,0,0,762,25898,656,6587,762,32485,California
Marin,2021-02-03,1788,40902,427,22339,1361,18563,0,0,1278,26667,509,7096,1278,33763,California
Marin,2021-02-04,1554,42456,503,22842,1051,19614,0,0,949,27015,601,7697,949,34712,California
Marin,2021-02-05,2179,44635,676,23518,1503,21117,0,0,1339,27518,836,8533,1339,36051,California
Marin,2021-02-06,1430,46065,850,24368,580,21697,0,0,603,27297,824,9357,603,36654,California
Marin,2021-02-07,1293,47358,1010,25378,283,21980,0,0,495,26995,797,10154,495,37149,California
Marin,2021-02-08,1535,48893,759,26137,776,22756,0,0,733,26929,799,10953,733,37882,California
Marin,2021-02-09,1789,50682,1128,27265,661,23417,0,0,844,26828,945,11898,844,38726,California
Marin,2021-02-10,2357,53039,1504,28769,853,24270,0,0,1224,26922,1131,13029,1225,39951,California
Marin,2021-02-11,2883,55922,1654,30423,1229,25499,0,0,1453,26954,1425,14454,1457,41408,California
Marin,2021-02-12,3094,59016,1552,31975,1542,27041,0,0,1571,27006,1520,15974,1572,42980,California
Marin,2021-02-13,2345,61361,1249,33224,1096,28137,0,0,1126,26915,1217,17191,1126,44106,California
Marin,2021-02-14,824,62185,309,33533,515,28652,0,0,729,27550,95,17286,730,44836,California
Marin,2021-02-15,1231,63416,359,33892,872,29524,0,0,845,28011,385,17671,846,45682,California
Marin,2021-02-16,2484,65900,1063,34955,1421,30945,0,0,1514,28556,969,18640,1514,47196,California
Marin,2021-02-17,2119,68019,948,35903,1171,32116,0,0,1100,28640,1017,19657,1101,48297,California
Marin,2021-02-18,2444,70463,1599,37502,845,32961,0,0,1067,28336,1371,21028,1067,49364,California
Marin,2021-02-19,2807,73270,2191,39693,616,33577,0,0,1247,28039,1545,22573,1248,50612,California
Marin,2021-02-20,2657,75927,2177,41870,480,34057,0,0,1254,27899,1396,23969,1256,51868,California
Marin,2021-02-21,1351,77278,1148,43018,203,34260,0,0,952,28457,394,24363,952,52820,California
Marin,2021-02-22,1904,79182,1460,44478,444,34704,0,0,1258,29073,642,25005,1258,54078,California
Marin,2021-02-23,2967,82149,1712,46190,1255,35959,0,0,1992,30107,959,25964,1993,56071,California
Marin,2021-02-24,3591,85740,1657,47847,1934,37893,0,0,2296,31120,1284,27248,2297,58368,California
Marin,2021-02-25,4137,89877,1951,49798,2186,40079,0,0,2912,32820,1214,28462,2914,61282,California
Marin,2021-02-26,3682,93559,2005,51803,1677,41756,0,0,2652,34455,1018,29480,2653,63935,California
Marin,2021-02-27,2744,96303,1616,53419,1128,42884,0,0,1897,35512,842,30322,1899,65834,California
Marin,2021-02-28,1648,97951,927,54346,721,43605,0,0,1297,36463,346,30668,1297,67131,California
Marin,2021-03-01,2700,100651,1675,56021,1024,44629,1,1,1822,37416,870,31538,1823,68954,California
Marin,2021-03-02,2528,103179,1689,57710,838,45467,1,2,1728,38350,796,32334,1730,70684,California
Marin,2021-03-03,4351,107530,2426,60136,1921,47388,4,6,2818,39644,1528,33862,2822,73506,California
Marin,2021-03-04,3408,110938,1673,61809,1734,49122,1,7,2364,40976,1037,34899,2369,75875,California
Marin,2021-03-05,3087,114025,1180,62989,1894,51016,13,20,1806,41519,1276,36175,1819,77694,California
Marin,2021-03-06,3240,117265,2322,65311,840,51856,78,98,2662,43686,572,36747,2739,80433,California
Marin,2021-03-07,1400,118665,1177,66488,199,52055,24,122,1001,44317,394,37141,1025,81458,California
Marin,2021-03-08,1905,120570,1391,67879,396,52451,118,240,1428,45389,473,37614,1545,83003,California
Marin,2021-03-09,2236,122806,1342,69221,784,53235,110,350,1550,46364,683,38297,1658,84661,California
Marin,2021-03-10,4474,127280,2510,71731,1670,54905,294,644,3221,48629,1247,39544,3512,88173,California
Marin,2021-03-11,4596,131876,1888,73619,2571,57476,137,781,3294,50767,1293,40837,3431,91604,California
Marin,2021-03-12,4005,135881,1550,75169,2101,59577,354,1135,1564,50256,2427,43264,1916,93520,California
Marin,2021-03-13,4114,139995,2866,78035,1174,60751,74,1209,2393,51001,1715,44979,2460,95980,California
Marin,2021-03-14,2283,142278,1105,79140,1060,61811,118,1327,700,50234,1581,46560,814,96794,California
Marin,2021-03-15,3264,145542,1785,80925,1432,63243,47,1374,1201,49436,2046,48606,1248,98042,California
Marin,2021-03-16,4299,149841,2316,83241,1620,64863,363,1737,1447,48396,2848,51454,1808,99850,California
Marin,2021-03-17,4226,154067,2289,85530,1884,66747,53,1790,2044,48324,2168,53622,2096,101946,California
Marin,2021-03-18,4507,158574,2281,87811,2151,68898,75,1865,2126,48161,2361,55983,2198,104144,California
Marin,2021-03-19,4494,163068,2310,90121,1964,70862,220,2085,2330,48554,2153,58136,2546,106690,California
Marin,2021-03-20,3599,166667,2001,92122,1486,72348,112,2197,1931,48940,1658,59794,2044,108734,California
Marin,2021-03-21,1555,168222,1154,93276,378,72726,23,2220,815,49040,737,60531,837,109571,California
Marin,2021-03-22,2511,170733,2167,95443,176,72902,168,2388,918,48538,1587,62118,1085,110656,California
Marin,2021-03-23,4319,175052,2267,97710,1923,74825,129,2517,1921,48198,2390,64508,2050,112706,California
Marin,2021-03-24,4478,179530,2910,100620,1454,76279,114,2631,1821,47487,2644,67152,1933,114639,California
Marin,2021-03-25,4665,184195,2842,103462,1751,78030,72,2703,2244,47396,2405,69557,2314,116953,California
Marin,2021-03-26,4320,188515,2355,105817,1751,79781,214,2917,2399,48103,1906,71463,2613,119566,California
Marin,2021-03-27,3710,192225,2663,108480,1028,80809,19,2936,1142,46706,2557,74020,1160,120726,California
Marin,2021-03-28,2392,194617,1723,110203,663,81472,6,2942,843,46013,1542,75562,849,121575,California
Marin,2021-03-29,2696,197313,2102,112305,569,82041,25,2967,1138,45620,1556,77118,1163,122738,California
Marin,2021-03-30,4669,201982,3652,115957,983,83024,34,3001,2953,46894,1713,78831,2987,125725,California
Marin,2021-03-31,5850,207832,4142,120099,1658,84682,50,3051,2552,46210,3286,82117,2602,128327,California
Marin,2021-04-01,4468,212300,2290,122389,1917,86599,261,3312,2118,46249,2337,84454,2376,130703,California
Marin,2021-04-02,3752,216052,1861,124250,1519,88118,372,3684,2012,46892,1732,86186,2375,133078,California
Marin,2021-04-03,3870,219922,2522,126772,968,89086,380,4064,1463,46340,2395,88581,1843,134921,California
Marin,2021-04-04,1650,221572,1241,128013,208,89294,201,4265,1201,47294,447,89028,1401,136322,California
Marin,2021-04-05,2223,223795,1543,129556,306,89600,374,4639,1276,48000,942,89970,1648,137970,California
Marin,2021-04-06,4002,227797,2124,131680,1321,90921,557,5196,2219,48998,1775,91745,2773,140743,California
Marin,2021-04-07,3996,231793,2015,133695,1334,92255,647,5843,1462,48580,2524,94269,2106,142849,California
Marin,2021-04-08,5070,236863,1978,135673,2480,94735,612,6455,2310,48745,2747,97016,2912,145761,California
Marin,2021-04-09,4008,240871,1567,137240,1709,96444,732,7187,1326,48122,2677,99693,2054,147815,California
Marin,2021-04-10,3228,244099,1487,138727,1306,97750,435,7622,1450,48238,1764,101457,1880,149695,California
Marin,2021-04-11,1068,245167,813,139540,93,97843,162,7784,478,48289,588,102045,639,150334,California
Marin,2021-04-12,1758,246925,1247,140787,349,98192,162,7946,919,48536,835,102880,1082,151416,California
Marin,2021-04-13,3804,250729,2335,143122,1462,99654,7,7953,1379,47510,2412,105292,1386,152802,California
Marin,2021-04-14,4275,255004,2560,145682,1712,101366,3,7956,1751,46763,2499,107791,1752,154554,California
Marin,2021-04-15,5649,260653,3987,149669,1662,103028,0,7956,3231,47593,2402,110193,3232,157786,California
Marin,2021-04-16,4307,264960,2261,151930,2043,105071,3,7959,2096,47497,2196,112389,2100,159886,California
Marin,2021-04-17,3587,268547,2180,154110,1407,106478,0,7959,1794,47506,1786,114175,1795,161681,California
Marin,2021-04-18,3242,271789,3141,157251,101,106579,0,7959,2556,49379,683,114858,2556,164237,California
Marin,2021-04-19,2068,273857,1889,159140,178,106757,1,7960,1155,49631,905,115763,1157,165394,California
Marin,2021-04-20,3802,277659,2641,161781,1161,107918,0,7960,1483,48806,2309,118072,1484,166878,California
Marin,2021-04-21,4154,281813,3063,164844,1088,109006,3,7963,1403,47478,2732,120804,1404,168282,California
Marin,2021-04-22,4296,286109,3276,168120,1020,110026,0,7963,1503,46204,2781,123585,1507,169789,California
Marin,2021-04-23,3294,289403,1859,169979,1435,111461,0,7963,1256,45435,2026,125611,1257,171046,California
Marin,2021-04-24,2525,291928,1685,171664,839,112300,1,7964,923,44770,1590,127201,925,171971,California
Marin,2021-04-25,1384,293312,1263,172927,121,112421,0,7964,303,44000,1073,128274,303,172274,California
Marin,2021-04-26,1669,294981,1432,174359,234,112655,3,7967,410,43158,1256,129530,414,172688,California
Marin,2021-04-27,3083,298064,2223,176582,809,113464,51,8018,1006,42143,2068,131598,1053,173741,California
Marin,2021-04-28,2353,300417,1625,178207,677,114141,51,8069,741,41326,1608,133206,791,174532,California
Marin,2021-04-29,2945,303362,2021,180228,861,115002,63,8132,821,40098,2113,135319,885,175417,California
Marin,2021-04-30,1990,305352,1291,181519,612,115614,87,8219,704,39612,1277,136596,791,176208,California
Marin,2021-05-01,1842,307194,1028,182547,791,116405,23,8242,544,38889,1289,137885,566,176774,California
Marin,2021-05-02,730,307924,590,183137,111,116516,29,8271,201,38595,523,138408,229,177003,California
Marin,2021-05-03,1223,309147,996,184133,171,116687,56,8327,264,37959,955,139363,319,177322,California
Marin,2021-05-04,2963,312110,1994,186127,877,117564,92,8419,478,36053,2476,141839,570,177892,California
Marin,2021-05-05,2795,314905,2033,188160,636,118200,126,8545,452,34294,2336,144175,577,178469,California
Marin,2021-05-06,3278,318183,2539,190699,650,118850,89,8634,427,31968,2839,147014,513,178982,California
Marin,2021-05-07,2056,320239,1550,192249,420,119270,86,8720,385,30771,1665,148679,468,179450,California
Marin,2021-05-08,2507,322746,1900,194149,485,119755,122,8842,349,29093,2150,150829,472,179922,California
Marin,2021-05-09,990,323736,899,195048,72,119827,19,8861,112,28350,875,151704,132,180054,California
Marin,2021-05-10,1420,325156,1158,196206,192,120019,70,8931,204,27412,1211,152915,273,180327,California
Marin,2021-05-11,2350,327506,1869,198075,424,120443,57,8988,307,25735,2040,154955,363,180690,California
Marin,2021-05-12,1863,329369,1465,199540,330,120773,68,9056,298,24540,1559,156514,364,181054,California
Marin,2021-05-13,2683,332052,2295,201835,334,121107,54,9110,1416,24750,1259,157773,1469,182523,California
Marin,2021-05-14,2208,334260,1451,203286,657,121764,100,9210,883,24414,1318,159091,982,183505,California
Marin,2021-05-15,2760,337020,2279,205565,401,122165,80,9290,1674,25083,1085,160176,1754,185259,California
Marin,2021-05-16,1726,338746,1665,207230,53,122218,8,9298,1398,26163,326,160502,1406,186665,California
Marin,2021-05-17,2145,340891,1993,209223,109,122327,43,9341,1704,27476,434,160936,1747,188412,California
Marin,2021-05-18,1535,342426,1189,210412,291,122618,55,9396,790,27581,738,161674,843,189255,California
Marin,2021-05-19,1571,343997,1241,211653,258,122876,72,9468,770,27626,795,162469,840,190095,California
Marin,2021-05-20,1835,345832,1496,213149,253,123129,86,9554,750,27386,1077,163546,837,190932,California
Marin,2021-05-21,1472,347304,845,213994,578,123707,49,9603,437,26844,1028,164574,486,191418,California
Marin,2021-05-22,1434,348738,1084,215078,292,123999,58,9661,962,27398,466,165040,1020,192438,California
Marin,2021-05-23,483,349221,429,215507,42,124041,12,9673,224,27378,257,165297,237,192675,California
Marin,2021-05-24,671,349892,497,216004,134,124175,40,9713,351,27451,317,165614,390,193065,California
Marin,2021-05-25,1006,350898,628,216632,332,124507,46,9759,317,27130,681,166295,360,193425,California
Marin,2021-05-26,728,351626,491,217123,187,124694,50,9809,261,26979,462,166757,311,193736,California
Marin,2021-05-27,1033,352659,663,217786,291,124985,79,9888,341,26710,689,167446,420,194156,California
Marin,2021-05-28,1110,353769,723,218509,307,125292,80,9968,328,26339,778,168224,407,194563,California
Marin,2021-05-29,376,354145,219,218728,147,125439,10,9978,207,26387,169,168393,217,194780,California
Marin,2021-05-30,97,354242,57,218785,35,125474,5,9983,55,26406,41,168434,60,194840,California
Marin,2021-05-31,28,354270,14,218799,13,125487,1,9984,14,26407,14,168448,15,194855,California
Marin,2021-06-01,755,355025,548,219347,162,125649,45,10029,318,26335,434,168882,362,195217,California
Marin,2021-06-02,628,355653,476,219823,100,125749,52,10081,217,26195,407,169289,267,195484,California
Marin,2021-06-03,1502,357155,1329,221152,114,125863,59,10140,231,25217,1268,170557,290,195774,California
Marin,2021-06-04,1036,358191,862,222014,140,126003,34,10174,186,24591,844,171401,218,195992,California
Marin,2021-06-05,1929,360120,1711,223725,170,126173,48,10222,318,23354,1603,173004,366,196358,California
Marin,2021-06-06,1411,361531,1362,225087,15,126188,34,10256,152,22282,1258,174262,186,196544,California
Marin,2021-06-07,1942,363473,1825,226912,67,126255,50,10306,240,20876,1696,175958,290,196834,California
Marin,2021-06-08,980,364453,870,227782,69,126324,41,10347,231,20406,742,176700,272,197106,California
Marin,2021-06-09,744,365197,668,228450,66,126390,10,10357,138,19949,605,177305,148,197254,California
Marin,2021-06-10,883,366080,772,229222,60,126450,51,10408,179,19479,700,178005,230,197484,California
Marin,2021-06-11,694,366774,578,229800,84,126534,32,10440,149,19115,545,178550,181,197665,California
Marin,2021-06-12,924,367698,793,230593,89,126623,42,10482,153,18542,768,179318,195,197860,California
Marin,2021-06-13,416,368114,385,230978,20,126643,11,10493,66,18273,346,179664,77,197937,California
Marin,2021-06-14,871,368985,743,231721,80,126723,48,10541,211,17874,656,180320,257,198194,California
Marin,2021-06-15,539,369524,429,232150,84,126807,26,10567,170,17702,368,180688,196,198390,California
Marin,2021-06-16,493,370017,402,232552,45,126852,46,10613,161,17583,325,181013,206,198596,California
Marin,2021-06-17,558,370575,479,233031,47,126899,32,10645,193,17444,363,181376,224,198820,California
Marin,2021-06-18,495,371070,380,233411,77,126976,38,10683,172,17337,316,181692,209,199029,California
Marin,2021-06-19,363,371433,292,233703,37,127013,34,10717,144,17295,218,181910,176,199205,California
Marin,2021-06-20,114,371547,89,233792,14,127027,11,10728,48,17288,66,181976,59,199264,California
Marin,2021-06-21,349,371896,248,234040,46,127073,55,10783,139,17273,209,182185,194,199458,California
Marin,2021-06-22,450,372346,350,234390,69,127142,31,10814,139,17135,308,182493,170,199628,California
Marin,2021-06-23,358,372704,295,234685,30,127172,33,10847,119,17048,238,182731,151,199779,California
Marin,2021-06-24,396,373100,304,234989,42,127214,50,10897,132,16968,260,182991,180,199959,California
Marin,2021-06-25,376,373476,274,235263,59,127273,43,10940,171,16979,203,183194,214,200173,California
Marin,2021-06-26,321,373797,270,235533,20,127293,31,10971,116,16921,205,183399,147,200320,California
Marin,2021-06-27,209,374006,161,235694,22,127315,26,10997,69,16877,138,183537,94,200414,California
Marin,2021-06-28,395,374401,336,236030,31,127346,28,11025,134,16780,259,183796,162,200576,California
Marin,2021-06-29,368,374769,301,236331,40,127386,27,11052,139,16720,226,184022,166,200742,California
Marin,2021-06-30,265,375034,229,236560,23,127409,13,11065,113,16696,150,184172,126,200868,California
Marin,2021-07-01,255,375289,196,236756,42,127451,17,11082,101,16660,153,184325,117,200985,California
Marin,2021-07-02,365,375654,291,237047,40,127491,34,11116,146,16622,217,184542,179,201164,California
Marin,2021-07-03,274,375928,222,237269,21,127512,31,11147,115,16610,158,184700,146,201310,California
Marin,2021-07-05,74,376002,67,237336,6,127518,1,11148,31,16599,43,184743,32,201342,California
Mariposa,2020-12-17,38,38,38,38,0,0,0,0,40,40,0,0,40,40,California
Mariposa,2020-12-18,55,93,55,93,0,0,0,0,56,96,0,0,56,96,California
Mariposa,2020-12-20,2,95,2,95,0,0,0,0,2,98,0,0,2,98,California
Mariposa,2020-12-21,49,144,49,144,0,0,0,0,53,151,0,0,53,151,California
Mariposa,2020-12-22,5,149,5,149,0,0,0,0,5,156,0,0,5,156,California
Mariposa,2020-12-23,16,165,16,165,0,0,0,0,16,172,0,0,16,172,California
Mariposa,2020-12-24,1,166,0,165,1,1,0,0,0,172,1,1,1,173,California
Mariposa,2020-12-26,1,167,1,166,0,1,0,0,1,173,0,1,1,174,California
Mariposa,2020-12-27,1,168,0,166,1,2,0,0,1,174,0,1,1,175,California
Mariposa,2020-12-28,6,174,3,169,3,5,0,0,6,180,0,1,6,181,California
Mariposa,2020-12-29,33,207,3,172,30,35,0,0,33,213,0,1,33,214,California
Mariposa,2020-12-30,26,233,4,176,22,57,0,0,26,239,0,1,26,240,California
Mariposa,2020-12-31,17,250,0,176,17,74,0,0,17,256,0,1,17,257,California
Mariposa,2021-01-02,1,251,1,177,0,74,0,0,1,257,0,1,1,258,California
Mariposa,2021-01-04,9,260,2,179,7,81,0,0,9,266,0,1,9,267,California
Mariposa,2021-01-05,24,284,14,193,10,91,0,0,14,270,10,11,14,281,California
Mariposa,2021-01-06,6,290,3,196,3,94,0,0,3,270,3,14,3,284,California
Mariposa,2021-01-07,50,340,45,241,5,99,0,0,5,230,45,59,5,289,California
Mariposa,2021-01-08,110,450,80,321,30,129,0,0,34,188,76,135,34,323,California
Mariposa,2021-01-09,1,451,0,321,1,130,0,0,1,189,0,135,1,324,California
Mariposa,2021-01-11,31,482,10,331,21,151,0,0,23,204,8,143,23,347,California
Mariposa,2021-01-12,19,501,4,335,15,166,0,0,15,215,4,147,15,362,California
Mariposa,2021-01-13,21,522,4,339,17,183,0,0,18,230,3,150,18,380,California
Mariposa,2021-01-14,74,596,7,346,67,250,0,0,68,292,6,156,68,448,California
Mariposa,2021-01-15,68,664,27,373,41,291,0,0,58,340,10,166,58,506,California
Mariposa,2021-01-16,14,678,2,375,12,303,0,0,13,352,1,167,13,519,California
Mariposa,2021-01-17,3,681,1,376,2,305,0,0,2,353,1,168,2,521,California
Mariposa,2021-01-18,4,685,3,379,1,306,0,0,2,353,2,170,2,523,California
Mariposa,2021-01-19,8,693,4,383,4,310,0,0,5,356,2,172,5,528,California
Mariposa,2021-01-20,24,717,1,384,23,333,0,0,23,378,1,173,23,551,California
Mariposa,2021-01-21,66,783,8,392,58,391,0,0,62,436,4,177,62,613,California
Mariposa,2021-01-22,56,839,3,395,53,444,0,0,56,492,0,177,56,669,California
Mariposa,2021-01-23,116,955,2,397,114,558,0,0,114,604,2,179,114,783,California
Mariposa,2021-01-24,2,957,2,399,0,558,0,0,2,606,0,179,2,785,California
Mariposa,2021-01-25,4,961,1,400,3,561,0,0,0,602,4,183,0,785,California
Mariposa,2021-01-26,37,998,3,403,34,595,0,0,4,577,33,216,8,793,California
Mariposa,2021-01-27,26,1024,2,405,24,619,0,0,13,578,12,228,13,806,California
Mariposa,2021-01-28,127,1151,3,408,124,743,0,0,114,680,12,240,114,920,California
Mariposa,2021-01-29,94,1245,23,431,71,814,0,0,93,772,1,241,93,1013,California
Mariposa,2021-01-30,9,1254,1,432,8,822,0,0,8,779,1,242,8,1021,California
Mariposa,2021-01-31,1,1255,0,432,1,823,0,0,1,780,0,242,1,1022,California
Mariposa,2021-02-01,93,1348,32,464,61,884,0,0,72,831,21,263,72,1094,California
Mariposa,2021-02-02,15,1363,3,467,12,896,0,0,9,834,6,269,9,1103,California
Mariposa,2021-02-03,20,1383,1,468,19,915,0,0,13,841,6,275,13,1116,California
Mariposa,2021-02-04,98,1481,8,476,90,1005,0,0,93,931,4,279,94,1210,California
Mariposa,2021-02-05,193,1674,5,481,188,1193,0,0,166,1070,27,306,166,1376,California
Mariposa,2021-02-06,11,1685,4,485,7,1200,0,0,10,1079,1,307,10,1386,California
Mariposa,2021-02-07,1,1686,0,485,1,1201,0,0,1,1080,0,307,1,1387,California
Mariposa,2021-02-08,42,1728,2,487,40,1241,0,0,23,1084,19,326,23,1410,California
Mariposa,2021-02-09,45,1773,25,512,20,1261,0,0,39,1117,6,332,39,1449,California
Mariposa,2021-02-10,28,1801,5,517,23,1284,0,0,17,1130,10,342,23,1472,California
Mariposa,2021-02-11,378,2179,6,523,372,1656,0,0,362,1479,16,358,365,1837,California
Mariposa,2021-02-12,188,2367,8,531,180,1836,0,0,144,1579,44,402,144,1981,California
Mariposa,2021-02-13,12,2379,3,534,9,1845,0,0,10,1587,2,404,10,1991,California
Mariposa,2021-02-14,8,2387,4,538,4,1849,0,0,5,1589,3,407,5,1996,California
Mariposa,2021-02-15,9,2396,3,541,6,1855,0,0,7,1594,2,409,7,2003,California
Mariposa,2021-02-16,60,2456,36,577,24,1879,0,0,36,1607,24,433,37,2040,California
Mariposa,2021-02-17,37,2493,9,586,28,1907,0,0,27,1626,9,442,28,2068,California
Mariposa,2021-02-18,57,2550,7,593,50,1957,0,0,20,1609,37,479,20,2088,California
Mariposa,2021-02-19,83,2633,4,597,79,2036,0,0,75,1676,8,487,75,2163,California
Mariposa,2021-02-20,256,2889,4,601,252,2288,0,0,224,1870,30,517,224,2387,California
Mariposa,2021-02-21,238,3127,4,605,234,2522,0,0,236,2105,1,518,236,2623,California
Mariposa,2021-02-22,24,3151,9,614,15,2537,0,0,21,2123,3,521,21,2644,California
Mariposa,2021-02-23,43,3194,37,651,6,2543,0,0,25,2130,18,539,25,2669,California
Mariposa,2021-02-24,21,3215,3,654,18,2561,0,0,8,2126,12,551,8,2677,California
Mariposa,2021-02-25,18,3233,9,663,9,2570,0,0,12,2132,6,557,12,2689,California
Mariposa,2021-02-26,421,3654,7,670,414,2984,0,0,354,2420,67,624,355,3044,California
Mariposa,2021-02-27,172,3826,7,677,165,3149,0,0,161,2570,11,635,161,3205,California
Mariposa,2021-02-28,2,3828,1,678,1,3150,0,0,0,2568,2,637,0,3205,California
Mariposa,2021-03-01,87,3915,26,704,61,3211,0,0,18,2518,68,705,18,3223,California
Mariposa,2021-03-02,21,3936,14,718,7,3218,0,0,11,2520,9,714,11,3234,California
Mariposa,2021-03-03,72,4008,6,724,66,3284,0,0,66,2581,6,720,67,3301,California
Mariposa,2021-03-04,42,4050,10,734,32,3316,0,0,20,2580,22,742,21,3322,California
Mariposa,2021-03-05,63,4113,10,744,53,3369,0,0,40,2604,23,765,47,3369,California
Mariposa,2021-03-06,17,4130,7,751,10,3379,0,0,7,2602,10,775,8,3377,California
Mariposa,2021-03-07,1,4131,1,752,0,3379,0,0,0,2601,1,776,0,3377,California
Mariposa,2021-03-08,39,4170,4,756,24,3403,11,11,9,2591,30,806,20,3397,California
Mariposa,2021-03-09,46,4216,18,774,18,3421,10,21,14,2583,32,838,24,3421,California
Mariposa,2021-03-10,34,4250,12,786,12,3433,10,31,10,2580,23,861,20,3441,California
Mariposa,2021-03-11,471,4721,6,792,445,3878,20,51,222,2577,248,1109,245,3686,California
Mariposa,2021-03-12,255,4976,8,800,219,4097,28,79,108,2565,147,1256,135,3821,California
Mariposa,2021-03-13,35,5011,6,806,14,4111,15,94,12,2568,23,1279,26,3847,California
Mariposa,2021-03-14,18,5029,2,808,5,4116,11,105,3,2568,14,1293,14,3861,California
Mariposa,2021-03-15,78,5107,8,816,31,4147,39,144,32,2592,46,1339,70,3931,California
Mariposa,2021-03-16,82,5189,34,850,14,4161,34,178,24,2592,58,1397,58,3989,California
Mariposa,2021-03-17,73,5262,11,861,54,4215,8,186,52,2632,21,1418,61,4050,California
Mariposa,2021-03-18,66,5328,16,877,41,4256,9,195,42,2659,24,1442,51,4101,California
Mariposa,2021-03-19,340,5668,11,888,324,4580,5,200,303,2930,37,1479,308,4409,California
Mariposa,2021-03-20,427,6095,7,895,418,4998,2,202,45,2597,382,1861,49,4458,California
Mariposa,2021-03-21,15,6110,9,904,5,5003,1,203,10,2604,4,1865,11,4469,California
Mariposa,2021-03-22,38,6148,8,912,22,5025,8,211,25,2626,13,1878,35,4504,California
Mariposa,2021-03-23,55,6203,35,947,10,5035,10,221,34,2649,21,1899,44,4548,California
Mariposa,2021-03-24,57,6260,6,953,49,5084,2,223,52,2698,5,1904,54,4602,California
Mariposa,2021-03-25,77,6337,16,969,53,5137,8,231,54,2739,21,1925,62,4664,California
Mariposa,2021-03-26,490,6827,10,979,479,5616,1,232,252,2754,238,2163,253,4917,California
Mariposa,2021-03-27,224,7051,9,988,215,5831,0,232,89,2710,135,2298,91,5008,California
Mariposa,2021-03-28,5,7056,0,988,2,5833,3,235,1,2710,4,2302,4,5012,California
Mariposa,2021-03-29,20,7076,6,994,14,5847,0,235,12,2714,8,2310,12,5024,California
Mariposa,2021-03-30,37,7113,13,1007,8,5855,16,251,14,2721,23,2333,30,5054,California
Mariposa,2021-03-31,89,7202,16,1023,66,5921,7,258,68,2775,21,2354,75,5129,California
Mariposa,2021-04-01,55,7257,11,1034,35,5956,9,267,35,2799,20,2374,44,5173,California
Mariposa,2021-04-02,350,7607,13,1047,334,6290,3,270,307,3067,42,2416,310,5483,California
Mariposa,2021-04-03,11,7618,8,1055,3,6293,0,270,6,3068,5,2421,6,5489,California
Mariposa,2021-04-04,2,7620,1,1056,0,6293,1,271,0,3067,2,2423,1,5490,California
Mariposa,2021-04-05,34,7654,23,1079,7,6300,4,275,17,3071,17,2440,21,5511,California
Mariposa,2021-04-06,43,7697,21,1100,6,6306,16,291,13,3071,29,2469,29,5540,California
Mariposa,2021-04-07,99,7796,7,1107,73,6379,19,310,28,3047,71,2540,47,5587,California
Mariposa,2021-04-08,280,8076,16,1123,245,6624,19,329,145,3079,133,2673,165,5752,California
Mariposa,2021-04-09,39,8115,9,1132,15,6639,15,344,11,3077,28,2701,26,5778,California
Mariposa,2021-04-10,202,8317,4,1136,188,6827,10,354,187,3260,13,2714,196,5974,California
Mariposa,2021-04-11,124,8441,4,1140,118,6945,2,356,57,3253,67,2781,60,6034,California
Mariposa,2021-04-12,43,8484,14,1154,27,6972,2,358,14,3240,29,2810,16,6050,California
Mariposa,2021-04-13,53,8537,46,1200,7,6979,0,358,34,3255,19,2829,34,6084,California
Mariposa,2021-04-14,113,8650,9,1209,104,7083,0,358,58,3259,54,2883,58,6142,California
Mariposa,2021-04-15,58,8708,16,1225,42,7125,0,358,41,3286,14,2897,41,6183,California
Mariposa,2021-04-16,381,9089,11,1236,370,7495,0,358,106,3117,275,3172,106,6289,California
Mariposa,2021-04-17,11,9100,7,1243,4,7499,0,358,8,3122,3,3175,8,6297,California
Mariposa,2021-04-18,7,9107,0,1243,7,7506,0,358,3,3121,4,3179,3,6300,California
Mariposa,2021-04-19,58,9165,26,1269,32,7538,0,358,30,3125,26,3205,30,6330,California
Mariposa,2021-04-20,62,9227,48,1317,14,7552,0,358,37,3139,23,3228,37,6367,California
Mariposa,2021-04-21,93,9320,15,1332,78,7630,0,358,43,3133,49,3277,43,6410,California
Mariposa,2021-04-22,51,9371,11,1343,40,7670,0,358,38,3159,12,3289,38,6448,California
Mariposa,2021-04-23,316,9687,71,1414,245,7915,0,358,145,3135,171,3460,147,6595,California
Mariposa,2021-04-24,106,9793,10,1424,96,8011,0,358,43,3116,62,3522,43,6638,California
Mariposa,2021-04-26,17,9810,12,1436,5,8016,0,358,6,3111,11,3533,6,6644,California
Mariposa,2021-04-27,34,9844,17,1453,15,8031,2,360,15,3112,16,3549,17,6661,California
Mariposa,2021-04-28,73,9917,13,1466,53,8084,7,367,27,3100,46,3595,34,6695,California
Mariposa,2021-04-29,83,10000,12,1478,70,8154,1,368,78,3174,5,3600,79,6774,California
Mariposa,2021-04-30,210,10210,5,1483,200,8354,5,373,62,3093,148,3748,67,6841,California
Mariposa,2021-05-01,3,10213,2,1485,1,8355,0,373,1,3092,2,3750,1,6842,California
Mariposa,2021-05-02,3,10216,2,1487,0,8355,1,374,0,3090,3,3753,1,6843,California
Mariposa,2021-05-03,16,10232,12,1499,3,8358,1,375,7,3089,9,3762,8,6851,California
Mariposa,2021-05-04,50,10282,31,1530,15,8373,4,379,37,3117,13,3775,41,6892,California
Mariposa,2021-05-05,57,10339,9,1539,46,8419,2,381,18,3098,39,3814,20,6912,California
Mariposa,2021-05-06,57,10396,36,1575,16,8435,5,386,40,3126,17,3831,45,6957,California
Mariposa,2021-05-07,28,10424,8,1583,17,8452,3,389,13,3127,15,3846,16,6973,California
Mariposa,2021-05-08,282,10706,7,1590,275,8727,0,389,33,2913,249,4095,35,7008,California
Mariposa,2021-05-09,2,10708,1,1591,1,8728,0,389,0,2911,2,4097,0,7008,California
Mariposa,2021-05-10,20,10728,9,1600,9,8737,2,391,5,2903,15,4112,7,7015,California
Mariposa,2021-05-11,28,10756,18,1618,10,8747,0,391,21,2918,6,4118,21,7036,California
Mariposa,2021-05-12,68,10824,4,1622,58,8805,6,397,6,2868,62,4180,12,7048,California
Mariposa,2021-05-13,48,10872,8,1630,38,8843,2,399,13,2848,35,4215,15,7063,California
Mariposa,2021-05-14,249,11121,121,1751,121,8964,7,406,117,2840,132,4347,124,7187,California
Mariposa,2021-05-15,19,11140,9,1760,8,8972,2,408,11,2846,6,4353,12,7199,California
Mariposa,2021-05-16,3,11143,1,1761,1,8973,1,409,1,2846,2,4355,2,7201,California
Mariposa,2021-05-17,18,11161,7,1768,7,8980,4,413,7,2845,11,4366,10,7211,California
Mariposa,2021-05-18,63,11224,43,1811,15,8995,5,418,46,2880,16,4382,51,7262,California
Mariposa,2021-05-19,71,11295,32,1843,38,9033,1,419,52,2915,18,4400,53,7315,California
Mariposa,2021-05-20,33,11328,18,1861,13,9046,2,421,12,2908,21,4421,14,7329,California
Mariposa,2021-05-21,94,11422,9,1870,83,9129,2,423,43,2904,49,4470,45,7374,California
Mariposa,2021-05-22,49,11471,7,1877,41,9170,1,424,18,2892,31,4501,19,7393,California
Mariposa,2021-05-23,4,11475,2,1879,1,9171,1,425,2,2893,2,4503,3,7396,California
Mariposa,2021-05-24,14,11489,8,1887,4,9175,2,427,8,2897,6,4509,10,7406,California
Mariposa,2021-05-25,26,11515,16,1903,10,9185,0,427,18,2907,8,4517,18,7424,California
Mariposa,2021-05-26,35,11550,4,1907,27,9212,4,431,28,2932,7,4524,32,7456,California
Mariposa,2021-05-27,120,11670,64,1971,55,9267,1,432,62,2937,58,4582,63,7519,California
Mariposa,2021-05-28,65,11735,5,1976,56,9323,4,436,23,2922,42,4624,27,7546,California
Mariposa,2021-05-29,8,11743,2,1978,5,9328,1,437,3,2923,3,4627,4,7550,California
Mariposa,2021-05-30,1,11744,0,1978,0,9328,1,438,0,2923,1,4628,1,7551,California
Mariposa,2021-05-31,2,11746,0,1978,1,9329,1,439,0,2922,2,4630,1,7552,California
Mariposa,2021-06-01,14,11760,3,1981,11,9340,0,439,5,2918,9,4639,5,7557,California
Mariposa,2021-06-02,26,11786,14,1995,7,9347,5,444,6,2910,19,4658,11,7568,California
Mariposa,2021-06-03,20,11806,10,2005,7,9354,3,447,7,2907,13,4671,10,7578,California
Mariposa,2021-06-04,89,11895,78,2083,9,9363,2,449,26,2873,61,4732,27,7605,California
Mariposa,2021-06-05,30,11925,4,2087,24,9387,2,451,7,2859,23,4755,9,7614,California
Mariposa,2021-06-06,4,11929,3,2090,0,9387,1,452,1,2858,3,4758,2,7616,California
Mariposa,2021-06-07,10,11939,5,2095,5,9392,0,452,4,2857,5,4763,4,7620,California
Mariposa,2021-06-08,45,11984,34,2129,9,9401,2,454,13,2840,32,4795,15,7635,California
Mariposa,2021-06-09,28,12012,21,2150,2,9403,5,459,6,2829,22,4817,11,7646,California
Mariposa,2021-06-10,16,12028,8,2158,5,9408,3,462,6,2829,10,4827,10,7656,California
Mariposa,2021-06-11,43,12071,12,2170,23,9431,8,470,9,2812,34,4861,17,7673,California
Mariposa,2021-06-12,17,12088,11,2181,5,9436,1,471,3,2801,14,4875,3,7676,California
Mariposa,2021-06-13,1,12089,0,2181,0,9436,1,472,0,2801,1,4876,1,7677,California
Mariposa,2021-06-14,13,12102,4,2185,8,9444,1,473,5,2799,8,4884,6,7683,California
Mariposa,2021-06-15,23,12125,11,2196,11,9455,1,474,6,2789,17,4901,7,7690,California
Mariposa,2021-06-16,28,12153,12,2208,15,9470,1,475,7,2776,21,4922,8,7698,California
Mariposa,2021-06-17,11,12164,6,2214,5,9475,0,475,4,2773,7,4929,4,7702,California
Mariposa,2021-06-18,68,12232,49,2263,16,9491,3,478,33,2774,34,4963,35,7737,California
Mariposa,2021-06-19,18,12250,5,2268,13,9504,0,478,6,2768,12,4975,6,7743,California
Mariposa,2021-06-21,11,12261,4,2272,7,9511,0,478,7,2772,3,4978,7,7750,California
Mariposa,2021-06-22,23,12284,9,2281,11,9522,3,481,13,2778,10,4988,16,7766,California
Mariposa,2021-06-23,8,12292,2,2283,3,9525,3,484,4,2781,4,4992,7,7773,California
Mariposa,2021-06-24,11,12303,4,2287,7,9532,0,484,5,2780,6,4998,5,7778,California
Mariposa,2021-06-25,50,12353,22,2309,27,9559,1,485,17,2766,32,5030,18,7796,California
Mariposa,2021-06-26,1,12354,1,2310,0,9559,0,485,0,2765,1,5031,0,7796,California
Mariposa,2021-06-27,1,12355,0,2310,0,9559,1,486,0,2765,1,5032,1,7797,California
Mariposa,2021-06-28,1,12356,1,2311,0,9559,0,486,1,2766,0,5032,1,7798,California
Mariposa,2021-06-29,4,12360,0,2311,3,9562,1,487,2,2767,2,5034,3,7801,California
Mariposa,2021-06-30,2,12362,0,2311,1,9563,1,488,0,2766,2,5036,1,7802,California
Mariposa,2021-07-01,21,12383,17,2328,2,9565,2,490,8,2763,13,5049,10,7812,California
Mariposa,2021-07-02,1,12384,1,2329,0,9565,0,490,1,2764,0,5049,1,7813,California
Mariposa,2021-07-05,1,12385,0,2329,1,9566,0,490,0,2763,1,5050,0,7813,California
Mendocino,2020-12-17,70,70,70,70,0,0,0,0,70,70,0,0,70,70,California
Mendocino,2020-12-18,85,155,84,154,1,1,0,0,84,154,0,0,84,154,California
Mendocino,2020-12-19,4,159,4,158,0,1,0,0,4,158,0,0,4,158,California
Mendocino,2020-12-20,7,166,7,165,0,1,0,0,7,165,0,0,7,165,California
Mendocino,2020-12-21,238,404,238,403,0,1,0,0,77,242,0,0,77,242,California
Mendocino,2020-12-22,253,657,192,595,61,62,0,0,253,495,0,0,253,495,California
Mendocino,2020-12-23,272,929,48,643,224,286,0,0,271,766,0,0,271,766,California
Mendocino,2020-12-24,49,978,8,651,41,327,0,0,49,815,0,0,49,815,California
Mendocino,2020-12-25,1,979,0,651,1,328,0,0,1,816,0,0,1,816,California
Mendocino,2020-12-26,2,981,2,653,0,328,0,0,2,818,0,0,2,818,California
Mendocino,2020-12-27,1,982,0,653,1,329,0,0,1,819,0,0,1,819,California
Mendocino,2020-12-28,74,1056,9,662,65,394,0,0,74,893,0,0,74,893,California
Mendocino,2020-12-29,122,1178,61,723,61,455,0,0,122,1015,0,0,122,1015,California
Mendocino,2020-12-30,122,1300,69,792,53,508,0,0,122,1137,0,0,122,1137,California
Mendocino,2020-12-31,132,1432,97,889,35,543,0,0,132,1269,0,0,132,1269,California
Mendocino,2021-01-01,10,1442,7,896,3,546,0,0,10,1279,0,0,10,1279,California
Mendocino,2021-01-02,1,1443,1,897,0,546,0,0,1,1280,0,0,1,1280,California
Mendocino,2021-01-04,838,2281,18,915,820,1366,0,0,838,2118,0,0,838,2118,California
Mendocino,2021-01-05,71,2352,36,951,35,1401,0,0,58,2163,13,13,58,2176,California
Mendocino,2021-01-06,158,2510,136,1087,22,1423,0,0,148,2301,10,23,148,2324,California
Mendocino,2021-01-07,361,2871,239,1326,122,1545,0,0,298,2536,63,86,298,2622,California
Mendocino,2021-01-08,95,2966,82,1408,13,1558,0,0,41,2524,54,140,42,2664,California
Mendocino,2021-01-09,10,2976,6,1414,4,1562,0,0,8,2530,2,142,8,2672,California
Mendocino,2021-01-10,9,2985,8,1422,1,1563,0,0,2,2525,7,149,2,2674,California
Mendocino,2021-01-11,103,3088,93,1515,10,1573,0,0,45,2513,57,206,45,2719,California
Mendocino,2021-01-12,389,3477,379,1894,10,1583,0,0,272,2668,117,323,272,2991,California
Mendocino,2021-01-13,496,3973,149,2043,347,1930,0,0,451,3077,43,366,452,3443,California
Mendocino,2021-01-14,655,4628,20,2063,635,2565,0,0,646,3714,9,375,646,4089,California
Mendocino,2021-01-15,1879,6507,868,2931,1011,3576,0,0,1874,5584,5,380,1875,5964,California
Mendocino,2021-01-16,790,7297,48,2979,742,4318,0,0,788,6370,2,382,788,6752,California
Mendocino,2021-01-17,554,7851,1,2980,553,4871,0,0,553,6922,1,383,553,7305,California
Mendocino,2021-01-18,487,8338,462,3442,25,4896,0,0,475,7385,12,395,475,7780,California
Mendocino,2021-01-19,337,8675,151,3593,186,5082,0,0,159,7366,178,573,159,7939,California
Mendocino,2021-01-20,559,9234,410,4003,149,5231,0,0,452,7714,105,678,453,8392,California
Mendocino,2021-01-21,539,9773,226,4229,313,5544,0,0,352,7880,186,864,352,8744,California
Mendocino,2021-01-22,152,9925,61,4290,91,5635,0,0,112,7952,40,904,112,8856,California
Mendocino,2021-01-23,156,10081,85,4375,71,5706,0,0,150,8096,6,910,150,9006,California
Mendocino,2021-01-24,5,10086,3,4378,2,5708,0,0,5,8101,0,910,5,9011,California
Mendocino,2021-01-25,192,10278,18,4396,174,5882,0,0,122,8153,70,980,122,9133,California
Mendocino,2021-01-26,154,10432,54,4450,100,5982,0,0,95,8189,59,1039,95,9228,California
Mendocino,2021-01-27,445,10877,374,4824,71,6053,0,0,178,8107,260,1299,178,9406,California
Mendocino,2021-01-28,605,11482,542,5366,63,6116,0,0,509,8521,95,1394,509,9915,California
Mendocino,2021-01-29,392,11874,352,5718,40,6156,0,0,363,8856,29,1423,364,10279,California
Mendocino,2021-01-30,50,11924,31,5749,19,6175,0,0,43,8892,7,1430,43,10322,California
Mendocino,2021-01-31,275,12199,2,5751,273,6448,0,0,4,8625,271,1701,4,10326,California
Mendocino,2021-02-01,383,12582,54,5805,329,6777,0,0,60,8362,323,2024,60,10386,California
Mendocino,2021-02-02,747,13329,526,6331,221,6998,0,0,385,8385,362,2386,385,10771,California
Mendocino,2021-02-03,398,13727,209,6540,189,7187,0,0,226,8441,170,2556,226,10997,California
Mendocino,2021-02-04,630,14357,534,7074,96,7283,0,0,502,8815,128,2684,502,11499,California
Mendocino,2021-02-05,1307,15664,1217,8291,90,7373,0,0,588,8686,717,3401,588,12087,California
Mendocino,2021-02-06,558,16222,159,8450,399,7772,0,0,543,9214,15,3416,543,12630,California
Mendocino,2021-02-07,34,16256,30,8480,4,7776,0,0,34,9248,0,3416,34,12664,California
Mendocino,2021-02-08,753,17009,720,9200,33,7809,0,0,287,9069,466,3882,287,12951,California
Mendocino,2021-02-09,143,17152,60,9260,83,7892,0,0,89,9104,54,3936,89,13040,California
Mendocino,2021-02-10,1491,18643,925,10185,566,8458,0,0,743,9106,741,4677,743,13783,California
Mendocino,2021-02-11,1214,19857,209,10394,1005,9463,0,0,299,8490,915,5592,299,14082,California
Mendocino,2021-02-12,1459,21316,162,10556,1297,10760,0,0,658,8348,800,6392,658,14740,California
Mendocino,2021-02-13,507,21823,14,10570,493,11253,0,0,104,8055,402,6794,109,14849,California
Mendocino,2021-02-14,695,22518,4,10574,691,11944,0,0,135,7630,560,7354,135,14984,California
Mendocino,2021-02-15,334,22852,43,10617,291,12235,0,0,175,7647,158,7512,175,15159,California
Mendocino,2021-02-16,200,23052,51,10668,149,12384,0,0,128,7703,72,7584,128,15287,California
Mendocino,2021-02-17,1372,24424,1209,11877,163,12547,0,0,885,8103,485,8069,885,16172,California
Mendocino,2021-02-18,1829,26253,683,12560,1146,13693,0,0,1233,8742,594,8663,1233,17405,California
Mendocino,2021-02-19,763,27016,153,12713,610,14303,0,0,619,9219,144,8807,621,18026,California
Mendocino,2021-02-20,578,27594,550,13263,28,14331,0,0,546,9735,30,8837,546,18572,California
Mendocino,2021-02-21,327,27921,9,13272,318,14649,0,0,314,10037,12,8849,314,18886,California
Mendocino,2021-02-22,167,28088,31,13303,136,14785,0,0,71,10014,94,8943,71,18957,California
Mendocino,2021-02-23,869,28957,855,14158,14,14799,0,0,653,10453,214,9157,653,19610,California
Mendocino,2021-02-24,1861,30818,1778,15936,83,14882,0,0,1439,11477,417,9574,1441,21051,California
Mendocino,2021-02-25,1719,32537,544,16480,1175,16057,0,0,1289,12338,428,10002,1289,22340,California
Mendocino,2021-02-26,1416,33953,750,17230,666,16723,0,0,1048,13021,365,10367,1048,23388,California
Mendocino,2021-02-27,203,34156,153,17383,50,16773,0,0,78,12975,124,10491,78,23466,California
Mendocino,2021-02-28,37,34193,14,17397,23,16796,0,0,24,12986,13,10504,24,23490,California
Mendocino,2021-03-01,592,34785,547,17944,45,16841,0,0,550,13497,39,10543,550,24040,California
Mendocino,2021-03-02,75,34860,28,17972,47,16888,0,0,42,13507,32,10575,42,24082,California
Mendocino,2021-03-03,2036,36896,1334,19306,702,17590,0,0,1384,14241,650,11225,1384,25466,California
Mendocino,2021-03-04,1853,38749,152,19458,1701,19291,0,0,1632,15657,218,11443,1634,27100,California
Mendocino,2021-03-05,481,39230,417,19875,55,19346,9,9,374,15937,103,11546,383,27483,California
Mendocino,2021-03-06,250,39480,25,19900,198,19544,27,36,206,16127,43,11589,233,27716,California
Mendocino,2021-03-07,525,40005,27,19927,478,20022,20,56,137,15896,387,11976,156,27872,California
Mendocino,2021-03-08,123,40128,28,19955,58,20080,37,93,64,15940,57,12033,101,27973,California
Mendocino,2021-03-09,941,41069,598,20553,302,20382,41,134,832,16704,109,12142,873,28846,California
Mendocino,2021-03-10,1148,42217,984,21537,99,20481,65,199,266,16162,876,13018,334,29180,California
Mendocino,2021-03-11,849,43066,632,22169,162,20643,55,254,395,16161,451,13469,450,29630,California
Mendocino,2021-03-12,2068,45134,1057,23226,899,21542,112,366,1235,16681,827,14296,1347,30977,California
Mendocino,2021-03-13,705,45839,570,23796,77,21619,58,424,109,16256,592,14888,167,31144,California
Mendocino,2021-03-14,105,45944,3,23799,95,21714,7,431,12,16186,89,14977,19,31163,California
Mendocino,2021-03-15,602,46546,52,23851,491,22205,59,490,210,16065,389,15366,268,31431,California
Mendocino,2021-03-16,584,47130,389,24240,149,22354,46,536,116,15761,466,15832,162,31593,California
Mendocino,2021-03-17,1585,48715,1380,25620,57,22411,148,684,213,14764,1365,17197,368,31961,California
Mendocino,2021-03-18,1309,50024,248,25868,1024,23435,37,721,278,14056,1023,18220,315,32276,California
Mendocino,2021-03-19,1778,51802,855,26723,862,24297,61,782,322,12992,1449,19669,385,32661,California
Mendocino,2021-03-20,70,51872,10,26733,39,24336,21,803,12,12967,58,19727,33,32694,California
Mendocino,2021-03-21,8,51880,1,26734,2,24338,5,808,3,12970,5,19732,8,32702,California
Mendocino,2021-03-22,656,52536,611,27345,16,24354,29,837,146,12638,506,20238,174,32876,California
Mendocino,2021-03-23,165,52701,34,27379,101,24455,30,867,114,12731,51,20289,144,33020,California
Mendocino,2021-03-24,918,53619,843,28222,27,24482,48,915,111,12085,805,21094,159,33179,California
Mendocino,2021-03-25,2016,55635,54,28276,1942,26424,20,935,176,10445,1834,22928,194,33373,California
Mendocino,2021-03-26,548,56183,395,28671,127,26551,26,961,115,10153,432,23360,140,33513,California
Mendocino,2021-03-27,163,56346,33,28704,118,26669,12,973,83,10168,79,23439,94,33607,California
Mendocino,2021-03-28,28,56374,7,28711,17,26686,4,977,5,10155,22,23461,9,33616,California
Mendocino,2021-03-29,193,56567,99,28810,50,26736,44,1021,97,10200,96,23557,141,33757,California
Mendocino,2021-03-30,719,57286,634,29444,48,26784,37,1058,107,9735,609,24166,144,33901,California
Mendocino,2021-03-31,918,58204,280,29724,577,27361,61,1119,154,9189,761,24927,215,34116,California
Mendocino,2021-04-01,1754,59958,427,30151,1246,28607,81,1200,384,8294,1359,26286,464,34580,California
Mendocino,2021-04-02,1311,61269,1077,31228,161,28768,73,1273,159,7377,1149,27435,232,34812,California
Mendocino,2021-04-03,715,61984,14,31242,680,29448,21,1294,88,6864,622,28057,109,34921,California
Mendocino,2021-04-04,71,62055,35,31277,30,29478,6,1300,55,6909,16,28073,61,34982,California
Mendocino,2021-04-05,213,62268,141,31418,48,29526,24,1324,127,6971,86,28159,148,35130,California
Mendocino,2021-04-06,402,62670,125,31543,182,29708,95,1419,108,6881,294,28453,204,35334,California
Mendocino,2021-04-07,493,63163,181,31724,65,29773,247,1666,118,6872,372,28825,363,35697,California
Mendocino,2021-04-08,1499,64662,920,32644,464,30237,115,1781,1007,7508,485,29310,1121,36818,California
Mendocino,2021-04-09,760,65422,428,33072,171,30408,161,1942,397,7703,363,29673,558,37376,California
Mendocino,2021-04-10,406,65828,92,33164,268,30676,46,1988,99,7541,307,29980,145,37521,California
Mendocino,2021-04-11,121,65949,47,33211,19,30695,55,2043,59,7593,62,30042,114,37635,California
Mendocino,2021-04-12,624,66573,515,33726,48,30743,61,2104,409,7848,215,30257,470,38105,California
Mendocino,2021-04-13,291,66864,229,33955,62,30805,0,2104,223,8003,68,30325,223,38328,California
Mendocino,2021-04-14,525,67389,430,34385,95,30900,0,2104,422,8322,103,30428,422,38750,California
Mendocino,2021-04-15,662,68051,328,34713,334,31234,0,2104,387,8439,270,30698,387,39137,California
Mendocino,2021-04-16,128,68179,54,34767,73,31307,1,2105,79,8470,48,30746,79,39216,California
Mendocino,2021-04-17,195,68374,12,34779,183,31490,0,2105,68,8413,125,30871,68,39284,California
Mendocino,2021-04-18,16,68390,8,34787,8,31498,0,2105,8,8415,6,30877,8,39292,California
Mendocino,2021-04-19,542,68932,516,35303,25,31523,1,2106,429,8734,111,30988,430,39722,California
Mendocino,2021-04-20,431,69363,297,35600,134,31657,0,2106,269,8843,160,31148,269,39991,California
Mendocino,2021-04-21,199,69562,136,35736,62,31719,1,2107,118,8882,79,31227,118,40109,California
Mendocino,2021-04-22,488,70050,318,36054,169,31888,1,2108,313,9024,171,31398,313,40422,California
Mendocino,2021-04-23,861,70911,703,36757,158,32046,0,2108,699,9564,159,31557,699,41121,California
Mendocino,2021-04-24,110,71021,16,36773,94,32140,0,2108,102,9658,8,31565,102,41223,California
Mendocino,2021-04-25,58,71079,34,36807,20,32160,4,2112,18,9641,39,31604,22,41245,California
Mendocino,2021-04-26,310,71389,239,37046,66,32226,5,2117,202,9742,106,31710,207,41452,California
Mendocino,2021-04-27,208,71597,91,37137,90,32316,27,2144,95,9751,112,31822,121,41573,California
Mendocino,2021-04-28,223,71820,147,37284,57,32373,19,2163,126,9800,97,31919,146,41719,California
Mendocino,2021-04-29,1147,72967,842,38126,290,32663,15,2178,113,8899,1028,32947,127,41846,California
Mendocino,2021-04-30,608,73575,383,38509,215,32878,10,2188,229,8760,378,33325,239,42085,California
Mendocino,2021-05-01,480,74055,435,38944,37,32915,8,2196,374,9037,105,33430,382,42467,California
Mendocino,2021-05-02,56,74111,46,38990,7,32922,3,2199,8,9001,47,33477,11,42478,California
Mendocino,2021-05-03,147,74258,85,39075,41,32963,21,2220,43,8963,102,33579,64,42542,California
Mendocino,2021-05-04,379,74637,253,39328,94,33057,32,2252,142,8900,237,33816,174,42716,California
Mendocino,2021-05-05,878,75515,791,40119,72,33129,15,2267,223,8482,654,34470,236,42952,California
Mendocino,2021-05-06,634,76149,383,40502,229,33358,22,2289,156,8184,476,34946,178,43130,California
Mendocino,2021-05-07,189,76338,36,40538,128,33486,25,2314,121,8262,67,35013,145,43275,California
Mendocino,2021-05-08,126,76464,5,40543,120,33606,1,2315,110,8358,15,35028,111,43386,California
Mendocino,2021-05-09,22,76486,7,40550,14,33620,1,2316,5,8347,17,35045,6,43392,California
Mendocino,2021-05-10,244,76730,161,40711,78,33698,5,2321,151,8410,93,35138,156,43548,California
Mendocino,2021-05-11,279,77009,143,40854,118,33816,18,2339,130,8408,148,35286,146,43694,California
Mendocino,2021-05-12,143,77152,81,40935,54,33870,8,2347,44,8363,97,35383,52,43746,California
Mendocino,2021-05-13,1236,78388,1122,42057,97,33967,17,2364,322,7789,913,36296,339,44085,California
Mendocino,2021-05-14,721,79109,491,42548,167,34134,63,2427,247,7630,469,36765,310,44395,California
Mendocino,2021-05-15,85,79194,29,42577,52,34186,4,2431,40,7629,45,36810,44,44439,California
Mendocino,2021-05-16,117,79311,104,42681,11,34197,2,2433,99,7714,17,36827,102,44541,California
Mendocino,2021-05-17,177,79488,84,42765,77,34274,16,2449,101,7755,76,36903,117,44658,California
Mendocino,2021-05-18,245,79733,118,42883,99,34373,28,2477,108,7754,136,37039,135,44793,California
Mendocino,2021-05-19,329,80062,191,43074,117,34490,21,2498,243,7935,83,37122,264,45057,California
Mendocino,2021-05-20,297,80359,116,43190,139,34629,42,2540,105,7893,189,37311,147,45204,California
Mendocino,2021-05-21,654,81013,475,43665,164,34793,15,2555,507,8269,146,37457,522,45726,California
Mendocino,2021-05-22,785,81798,675,44340,102,34895,8,2563,240,7973,544,38001,248,45974,California
Mendocino,2021-05-23,29,81827,12,44352,10,34905,7,2570,15,7981,13,38014,21,45995,California
Mendocino,2021-05-24,129,81956,45,44397,63,34968,21,2591,61,7996,67,38081,82,46077,California
Mendocino,2021-05-25,296,82252,177,44574,89,35057,30,2621,135,8000,160,38241,164,46241,California
Mendocino,2021-05-26,324,82576,244,44818,68,35125,12,2633,131,7951,192,38433,143,46384,California
Mendocino,2021-05-27,246,82822,112,44930,112,35237,22,2655,102,7932,142,38575,123,46507,California
Mendocino,2021-05-28,237,83059,98,45028,126,35363,13,2668,152,8015,83,38658,166,46673,California
Mendocino,2021-05-29,48,83107,17,45045,26,35389,5,2673,24,8020,24,38682,29,46702,California
Mendocino,2021-05-30,15,83122,2,45047,12,35401,1,2674,10,8026,5,38687,11,46713,California
Mendocino,2021-05-31,6,83128,0,45047,5,35406,1,2675,2,8026,3,38690,3,46716,California
Mendocino,2021-06-01,313,83441,105,45152,199,35605,9,2684,83,7888,230,38920,92,46808,California
Mendocino,2021-06-02,155,83596,58,45210,89,35694,8,2692,54,7852,98,39018,62,46870,California
Mendocino,2021-06-03,559,84155,457,45667,93,35787,9,2701,124,7557,428,39446,133,47003,California
Mendocino,2021-06-04,318,84473,192,45859,103,35890,23,2724,86,7435,231,39677,109,47112,California
Mendocino,2021-06-05,227,84700,94,45953,115,36005,18,2742,74,7376,151,39828,92,47204,California
Mendocino,2021-06-06,63,84763,58,46011,2,36007,3,2745,2,7320,61,39889,5,47209,California
Mendocino,2021-06-07,148,84911,71,46082,65,36072,12,2757,59,7302,89,39978,71,47280,California
Mendocino,2021-06-08,244,85155,143,46225,87,36159,14,2771,110,7297,129,40107,124,47404,California
Mendocino,2021-06-09,312,85467,249,46474,53,36212,10,2781,108,7212,203,40310,118,47522,California
Mendocino,2021-06-10,130,85597,69,46543,45,36257,16,2797,57,7212,73,40383,73,47595,California
Mendocino,2021-06-11,749,86346,589,47132,132,36389,28,2825,123,6739,624,41007,151,47746,California
Mendocino,2021-06-12,78,86424,53,47185,19,36408,6,2831,28,6724,49,41056,34,47780,California
Mendocino,2021-06-13,29,86453,16,47201,11,36419,2,2833,15,6728,13,41069,17,47797,California
Mendocino,2021-06-14,131,86584,59,47260,53,36472,19,2852,49,6714,81,41150,67,47864,California
Mendocino,2021-06-15,259,86843,166,47426,74,36546,19,2871,83,6640,176,41326,102,47966,California
Mendocino,2021-06-16,270,87113,168,47594,80,36626,22,2893,66,6526,202,41528,88,48054,California
Mendocino,2021-06-17,170,87283,89,47683,64,36690,17,2910,55,6484,114,41642,72,48126,California
Mendocino,2021-06-18,281,87564,128,47811,123,36813,30,2940,80,6394,199,41841,109,48235,California
Mendocino,2021-06-19,76,87640,43,47854,26,36839,7,2947,17,6359,59,41900,24,48259,California
Mendocino,2021-06-20,12,87652,4,47858,4,36843,4,2951,7,6365,5,41905,11,48270,California
Mendocino,2021-06-21,100,87752,34,47892,55,36898,11,2962,43,6364,54,41959,53,48323,California
Mendocino,2021-06-22,133,87885,86,47978,34,36932,13,2975,56,6358,75,42034,69,48392,California
Mendocino,2021-06-23,227,88112,160,48138,37,36969,30,3005,101,6363,126,42160,131,48523,California
Mendocino,2021-06-24,194,88306,110,48248,70,37039,14,3019,73,6330,120,42280,87,48610,California
Mendocino,2021-06-25,184,88490,97,48345,74,37113,13,3032,71,6302,112,42392,84,48694,California
Mendocino,2021-06-26,72,88562,47,48392,21,37134,4,3036,21,6276,51,42443,25,48719,California
Mendocino,2021-06-27,23,88585,13,48405,9,37143,1,3037,13,6280,10,42453,14,48733,California
Mendocino,2021-06-28,64,88649,43,48448,11,37154,10,3047,20,6268,42,42495,30,48763,California
Mendocino,2021-06-29,140,88789,104,48552,35,37189,1,3048,39,6207,101,42596,40,48803,California
Mendocino,2021-06-30,181,88970,147,48699,27,37216,7,3055,57,6149,123,42719,65,48868,California
Mendocino,2021-07-01,102,89072,61,48760,35,37251,6,3061,62,6178,39,42758,68,48936,California
Mendocino,2021-07-02,98,89170,65,48825,30,37281,3,3064,50,6184,47,42805,53,48989,California
Mendocino,2021-07-03,35,89205,26,48851,7,37288,2,3066,16,6183,19,42824,18,49007,California
Mendocino,2021-07-04,1,89206,0,48851,1,37289,0,3066,1,6184,0,42824,1,49008,California
Mendocino,2021-07-05,20,89226,8,48859,12,37301,0,3066,7,6178,13,42837,7,49015,California
Merced,2020-12-16,3,3,3,3,0,0,0,0,3,3,0,0,3,3,California
Merced,2020-12-17,9,12,9,12,0,0,0,0,9,12,0,0,9,12,California
Merced,2020-12-18,147,159,147,159,0,0,0,0,147,159,0,0,147,159,California
Merced,2020-12-19,38,197,38,197,0,0,0,0,38,197,0,0,38,197,California
Merced,2020-12-20,18,215,18,215,0,0,0,0,18,215,0,0,18,215,California
Merced,2020-12-21,125,340,122,337,3,3,0,0,125,340,0,0,125,340,California
Merced,2020-12-22,153,493,153,490,0,3,0,0,153,493,0,0,153,493,California
Merced,2020-12-23,255,748,248,738,7,10,0,0,255,748,0,0,255,748,California
Merced,2020-12-24,72,820,72,810,0,10,0,0,72,820,0,0,72,820,California
Merced,2020-12-25,4,824,4,814,0,10,0,0,4,824,0,0,4,824,California
Merced,2020-12-26,6,830,3,817,3,13,0,0,6,830,0,0,6,830,California
Merced,2020-12-27,12,842,11,828,1,14,0,0,12,842,0,0,12,842,California
Merced,2020-12-28,123,965,98,926,25,39,0,0,123,965,0,0,123,965,California
Merced,2020-12-29,193,1158,123,1049,70,109,0,0,193,1158,0,0,193,1158,California
Merced,2020-12-30,218,1376,90,1139,128,237,0,0,218,1376,0,0,218,1376,California
Merced,2020-12-31,102,1478,33,1172,69,306,0,0,102,1478,0,0,102,1478,California
Merced,2021-01-01,6,1484,1,1173,5,311,0,0,6,1484,0,0,6,1484,California
Merced,2021-01-02,129,1613,118,1291,11,322,0,0,129,1613,0,0,129,1613,California
Merced,2021-01-03,9,1622,5,1296,4,326,0,0,9,1622,0,0,9,1622,California
Merced,2021-01-04,82,1704,42,1338,40,366,0,0,82,1704,0,0,82,1704,California
Merced,2021-01-05,330,2034,235,1573,95,461,0,0,324,2024,6,6,326,2030,California
Merced,2021-01-06,259,2293,106,1679,153,614,0,0,251,2269,8,14,253,2283,California
Merced,2021-01-07,188,2481,84,1763,104,718,0,0,175,2430,14,28,175,2458,California
Merced,2021-01-08,527,3008,394,2157,133,851,0,0,374,2652,152,180,374,2832,California
Merced,2021-01-09,22,3030,9,2166,13,864,0,0,17,2664,5,185,17,2849,California
Merced,2021-01-10,11,3041,7,2173,4,868,0,0,7,2667,4,189,7,2856,California
Merced,2021-01-11,230,3271,172,2345,58,926,0,0,101,2641,129,318,103,2959,California
Merced,2021-01-12,298,3569,173,2518,125,1051,0,0,248,2838,51,369,248,3207,California
Merced,2021-01-13,394,3963,178,2696,216,1267,0,0,239,2926,154,523,242,3449,California
Merced,2021-01-14,328,4291,205,2901,123,1390,0,0,161,2922,166,689,162,3611,California
Merced,2021-01-15,593,4884,133,3034,460,1850,0,0,554,3439,40,729,557,4168,California
Merced,2021-01-16,214,5098,130,3164,84,1934,0,0,197,3619,17,746,197,4365,California
Merced,2021-01-17,51,5149,12,3176,39,1973,0,0,49,3666,2,748,49,4414,California
Merced,2021-01-18,269,5418,130,3306,139,2112,0,0,244,3889,25,773,248,4662,California
Merced,2021-01-19,715,6133,589,3895,126,2238,0,0,542,4266,172,945,549,5211,California
Merced,2021-01-20,574,6707,468,4363,106,2344,0,0,517,4729,57,1002,520,5731,California
Merced,2021-01-21,1030,7737,654,5017,376,2720,0,0,927,5557,102,1104,930,6661,California
Merced,2021-01-22,1321,9058,697,5714,624,3344,0,0,1292,6833,28,1132,1304,7965,California
Merced,2021-01-23,333,9391,199,5913,134,3478,0,0,226,6952,107,1239,226,8191,California
Merced,2021-01-24,36,9427,15,5928,21,3499,0,0,28,6973,7,1246,28,8219,California
Merced,2021-01-25,744,10171,244,6172,500,3999,0,0,682,7595,61,1307,683,8902,California
Merced,2021-01-26,948,11119,488,6660,460,4459,0,0,691,8058,229,1536,692,9594,California
Merced,2021-01-27,1006,12125,590,7250,416,4875,0,0,833,8720,171,1707,833,10427,California
Merced,2021-01-28,1160,13285,596,7846,564,5439,0,0,1036,9635,123,1830,1038,11465,California
Merced,2021-01-29,874,14159,314,8160,560,5999,0,0,620,10016,242,2072,623,12088,California
Merced,2021-01-30,269,14428,28,8188,241,6240,0,0,252,10251,17,2089,252,12340,California
Merced,2021-01-31,49,14477,11,8199,38,6278,0,0,47,10297,1,2090,47,12387,California
Merced,2021-02-01,396,14873,51,8250,345,6623,0,0,343,10590,51,2141,344,12731,California
Merced,2021-02-02,315,15188,183,8433,132,6755,0,0,186,10651,126,2267,187,12918,California
Merced,2021-02-03,363,15551,79,8512,284,7039,0,0,181,10651,181,2448,181,13099,California
Merced,2021-02-04,390,15941,161,8673,229,7268,0,0,256,10775,133,2581,257,13356,California
Merced,2021-02-05,522,16463,179,8852,343,7611,0,0,281,10819,239,2820,283,13639,California
Merced,2021-02-06,395,16858,221,9073,174,7785,0,0,251,10930,141,2961,252,13891,California
Merced,2021-02-07,21,16879,13,9086,8,7793,0,0,14,10937,7,2968,14,13905,California
Merced,2021-02-08,290,17169,200,9286,90,7883,0,0,178,11006,110,3078,179,14084,California
Merced,2021-02-09,1230,18399,966,10252,264,8147,0,0,782,11349,440,3518,783,14867,California
Merced,2021-02-10,1906,20305,1445,11697,461,8608,0,0,1308,12069,588,4106,1308,16175,California
Merced,2021-02-11,2564,22869,2043,13740,521,9129,0,0,1843,13205,708,4814,1844,18019,California
Merced,2021-02-12,1745,24614,1028,14768,717,9846,0,0,765,13012,961,5775,768,18787,California
Merced,2021-02-13,370,24984,211,14979,159,10005,0,0,269,13187,96,5871,271,19058,California
Merced,2021-02-14,119,25103,27,15006,92,10097,0,0,97,13263,22,5893,98,19156,California
Merced,2021-02-15,279,25382,43,15049,236,10333,0,0,171,13334,101,5994,172,19328,California
Merced,2021-02-16,1238,26620,856,15905,382,10715,0,0,847,13814,371,6365,851,20179,California
Merced,2021-02-17,1913,28533,1666,17571,247,10962,0,0,1334,14597,559,6924,1342,21521,California
Merced,2021-02-18,1280,29813,874,18445,406,11368,0,0,452,14246,807,7731,456,21977,California
Merced,2021-02-19,1292,31105,440,18885,852,12220,0,0,554,14070,732,8463,556,22533,California
Merced,2021-02-20,291,31396,34,18919,257,12477,0,0,144,14069,145,8608,144,22677,California
Merced,2021-02-21,84,31480,68,18987,16,12493,0,0,31,14049,51,8659,31,22708,California
Merced,2021-02-22,850,32330,298,19285,552,13045,0,0,485,14173,363,9022,487,23195,California
Merced,2021-02-23,1118,33448,433,19718,685,13730,0,0,646,14356,466,9488,649,23844,California
Merced,2021-02-24,862,34310,311,20029,551,14281,0,0,456,14419,394,9882,457,24301,California
Merced,2021-02-25,1831,36141,912,20941,919,15200,0,0,1346,15287,481,10363,1349,25650,California
Merced,2021-02-26,2225,38366,1414,22355,811,16011,0,0,1760,16595,453,10816,1761,27411,California
Merced,2021-02-27,2633,40999,1196,23551,1437,17448,0,0,2341,18645,291,11107,2341,29752,California
Merced,2021-02-28,324,41323,76,23627,247,17695,1,1,257,18839,63,11170,257,30009,California
Merced,2021-03-01,1162,42485,287,23914,874,18569,1,2,788,19264,364,11534,789,30798,California
Merced,2021-03-02,1896,44381,1038,24952,857,19426,1,3,1486,20351,403,11937,1490,32288,California
Merced,2021-03-03,2474,46855,1970,26922,503,19929,1,4,1698,21296,755,12692,1700,33988,California
Merced,2021-03-04,3154,50009,2527,29449,625,20554,2,6,2162,22489,972,13664,2165,36153,California
Merced,2021-03-05,2360,52369,1473,30922,863,21417,24,30,1805,23778,541,14205,1830,37983,California
Merced,2021-03-06,1180,53549,670,31592,488,21905,22,52,912,24445,267,14472,934,38917,California
Merced,2021-03-07,232,53781,66,31658,141,22046,25,77,203,24644,29,14501,228,39145,California
Merced,2021-03-08,1559,55340,948,32606,546,22592,65,142,1324,25798,234,14735,1388,40533,California
Merced,2021-03-09,1891,57231,1146,33752,637,23229,108,250,1222,26468,660,15395,1330,41863,California
Merced,2021-03-10,2966,60197,1989,35741,777,24006,200,450,1637,26998,1311,16706,1841,43704,California
Merced,2021-03-11,2222,62419,837,36578,1181,25187,204,654,1234,27489,968,17674,1459,45163,California
Merced,2021-03-12,2549,64968,1113,37691,1161,26348,275,929,1657,28546,887,18561,1944,47107,California
Merced,2021-03-13,1032,66000,322,38013,468,26816,242,1171,712,29186,312,18873,952,48059,California
Merced,2021-03-14,268,66268,155,38168,83,26899,30,1201,151,29254,113,18986,181,48240,California
Merced,2021-03-15,1719,67987,670,38838,792,27691,257,1458,1184,30170,524,19510,1440,49680,California
Merced,2021-03-16,1665,69652,880,39718,558,28249,227,1685,1142,31029,511,20021,1370,51050,California
Merced,2021-03-17,2320,71972,1391,41109,748,28997,181,1866,1843,32589,465,20486,2025,53075,California
Merced,2021-03-18,2268,74240,1383,42492,735,29732,150,2016,1410,33322,840,21326,1573,54648,California
Merced,2021-03-19,2807,77047,1584,44076,1028,30760,195,2211,1402,33526,1392,22718,1596,56244,California
Merced,2021-03-20,2468,79515,1532,45608,540,31300,396,2607,967,33400,1493,24211,1367,57611,California
Merced,2021-03-21,569,80084,345,45953,211,31511,13,2620,448,33743,120,24331,463,58074,California
Merced,2021-03-22,1283,81367,642,46595,564,32075,77,2697,894,34336,380,24711,973,59047,California
Merced,2021-03-23,1977,83344,1233,47828,678,32753,66,2763,1372,35180,594,25305,1438,60485,California
Merced,2021-03-24,1727,85071,1169,48997,522,33275,36,2799,1004,35510,710,26015,1040,61525,California
Merced,2021-03-25,3628,88699,2559,51556,1046,34321,23,2822,2123,36177,1482,27497,2149,63674,California
Merced,2021-03-26,2209,90908,1347,52903,825,35146,37,2859,903,35840,1276,28773,939,64613,California
Merced,2021-03-27,3602,94510,1928,54831,1251,36397,423,3282,1570,35818,2016,30789,1994,66607,California
Merced,2021-03-28,525,95035,217,55048,301,36698,7,3289,213,35730,309,31098,221,66828,California
Merced,2021-03-29,1961,96996,891,55939,898,37596,172,3461,681,35318,1267,32365,855,67683,California
Merced,2021-03-30,2295,99291,923,56862,1313,38909,59,3520,1012,35114,1277,33642,1073,68756,California
Merced,2021-03-31,2392,101683,1486,58348,721,39630,185,3705,993,34918,1374,35016,1178,69934,California
Merced,2021-04-01,2603,104286,1062,59410,1183,40813,358,4063,1067,34821,1521,36537,1424,71358,California
Merced,2021-04-02,2482,106768,750,60160,1309,42122,423,4486,799,34395,1638,38175,1212,72570,California
Merced,2021-04-03,1098,107866,607,60767,472,42594,19,4505,668,34663,420,38595,688,73258,California
Merced,2021-04-04,374,108240,143,60910,227,42821,4,4509,141,34578,231,38826,146,73404,California
Merced,2021-04-05,1510,109750,830,61740,467,43288,213,4722,412,34115,1088,39914,625,74029,California
Merced,2021-04-06,2613,112363,1070,62810,713,44001,830,5552,892,34123,1713,41627,1721,75750,California
Merced,2021-04-07,1923,114286,1135,63945,680,44681,108,5660,594,33540,1288,42915,705,76455,California
Merced,2021-04-08,2510,116796,1355,65300,935,45616,220,5880,992,33281,1467,44382,1208,77663,California
Merced,2021-04-09,1713,118509,483,65783,652,46268,578,6458,559,33287,1132,45514,1138,78801,California
Merced,2021-04-10,987,119496,371,66154,428,46696,188,6646,178,32848,803,46317,364,79165,California
Merced,2021-04-11,488,119984,281,66435,72,46768,135,6781,147,32792,339,46656,283,79448,California
Merced,2021-04-12,1527,121511,999,67434,404,47172,124,6905,871,33172,616,47272,996,80444,California
Merced,2021-04-13,2063,123574,1475,68909,586,47758,2,6907,935,33085,1028,48300,941,81385,California
Merced,2021-04-14,2256,125830,1396,70305,860,48618,0,6907,1046,33058,1074,49374,1047,82432,California
Merced,2021-04-15,3055,128885,1992,72297,1063,49681,0,6907,940,32125,1877,51251,944,83376,California
Merced,2021-04-16,2419,131304,1175,73472,1244,50925,0,6907,962,31738,1349,52600,962,84338,California
Merced,2021-04-17,2156,133460,1482,74954,673,51598,1,6908,663,30920,1485,54085,667,85005,California
Merced,2021-04-18,523,133983,298,75252,225,51823,0,6908,199,30823,296,54381,199,85204,California
Merced,2021-04-19,1379,135362,763,76015,616,52439,0,6908,711,30967,567,54948,711,85915,California
Merced,2021-04-20,1559,136921,797,76812,762,53201,0,6908,813,31107,673,55621,813,86728,California
Merced,2021-04-21,1653,138574,1039,77851,614,53815,0,6908,804,31179,733,56354,805,87533,California
Merced,2021-04-22,1723,140297,794,78645,929,54744,0,6908,786,31122,844,57198,787,88320,California
Merced,2021-04-23,1715,142012,733,79378,982,55726,0,6908,925,31307,741,57939,926,89246,California
Merced,2021-04-24,886,142898,707,80085,179,55905,0,6908,556,31538,325,58264,556,89802,California
Merced,2021-04-25,334,143232,192,80277,142,56047,0,6908,193,31595,137,58401,194,89996,California
Merced,2021-04-26,1291,144523,561,80838,730,56777,0,6908,648,31639,606,59007,650,90646,California
Merced,2021-04-27,1842,146365,938,81776,892,57669,12,6920,744,31368,1027,60034,756,91402,California
Merced,2021-04-28,1445,147810,727,82503,710,58379,8,6928,821,31600,598,60632,830,92232,California
Merced,2021-04-29,1512,149322,684,83187,803,59182,25,6953,717,31560,784,61416,744,92976,California
Merced,2021-04-30,1519,150841,655,83842,820,60002,44,6997,785,31663,727,62143,830,93806,California
Merced,2021-05-01,567,151408,242,84084,321,60323,4,7001,266,31637,295,62438,269,94075,California
Merced,2021-05-02,304,151712,122,84206,167,60490,15,7016,126,31602,177,62615,142,94217,California
Merced,2021-05-03,876,152588,574,84780,228,60718,74,7090,315,31436,557,63172,391,94608,California
Merced,2021-05-04,1082,153670,592,85372,438,61156,52,7142,396,31205,679,63851,448,95056,California
Merced,2021-05-05,1473,155143,964,86336,433,61589,76,7218,646,31115,812,64663,722,95778,California
Merced,2021-05-06,953,156096,509,86845,394,61983,50,7268,317,30854,628,65291,367,96145,California
Merced,2021-05-07,1180,157276,520,87365,618,62601,42,7310,460,30645,714,66005,505,96650,California
Merced,2021-05-08,451,157727,252,87617,163,62764,36,7346,219,30669,231,66236,255,96905,California
Merced,2021-05-09,214,157941,106,87723,101,62865,7,7353,96,30655,117,66353,103,97008,California
Merced,2021-05-10,728,158669,384,88107,307,63172,37,7390,201,30370,524,66877,239,97247,California
Merced,2021-05-11,1204,159873,723,88830,421,63593,60,7450,476,30184,722,67599,536,97783,California
Merced,2021-05-12,1122,160995,644,89474,436,64029,42,7492,386,29880,733,68332,429,98212,California
Merced,2021-05-13,949,161944,539,90013,368,64397,42,7534,427,29832,517,68849,469,98681,California
Merced,2021-05-14,1081,163025,665,90678,376,64773,40,7574,569,29935,506,69355,609,99290,California
Merced,2021-05-15,767,163792,580,91258,168,64941,19,7593,452,30105,303,69658,473,99763,California
Merced,2021-05-16,370,164162,253,91511,108,65049,9,7602,215,30177,153,69811,225,99988,California
Merced,2021-05-17,1110,165272,723,92234,357,65406,30,7632,543,30191,560,70371,574,100562,California
Merced,2021-05-18,1290,166562,861,93095,398,65804,31,7663,712,30363,571,70942,743,101305,California
Merced,2021-05-19,1154,167716,762,93857,385,66189,7,7670,645,30514,505,71447,656,101961,California
Merced,2021-05-20,1067,168783,565,94422,446,66635,56,7726,403,30313,662,72109,461,102422,California
Merced,2021-05-21,1202,169985,695,95117,479,67114,28,7754,486,30124,704,72813,515,102937,California
Merced,2021-05-22,768,170753,550,95667,205,67319,13,7767,457,30288,309,73122,473,103410,California
Merced,2021-05-23,359,171112,259,95926,87,67406,13,7780,235,30413,123,73245,248,103658,California
Merced,2021-05-24,635,171747,273,96199,331,67737,31,7811,233,30283,395,73640,265,103923,California
Merced,2021-05-25,776,172523,436,96635,306,68043,34,7845,391,30327,380,74020,424,104347,California
Merced,2021-05-26,1006,173529,558,97193,415,68458,33,7878,400,30157,604,74624,434,104781,California
Merced,2021-05-27,931,174460,655,97848,240,68698,36,7914,558,30383,369,74993,595,105376,California
Merced,2021-05-28,776,175236,352,98200,378,69076,46,7960,333,30328,434,75427,379,105755,California
Merced,2021-05-29,393,175629,273,98473,112,69188,8,7968,160,30267,230,75657,169,105924,California
Merced,2021-05-30,215,175844,146,98619,58,69246,11,7979,130,30323,85,75742,141,106065,California
Merced,2021-05-31,111,175955,25,98644,80,69326,6,7985,31,30283,78,75820,38,106103,California
Merced,2021-06-01,866,176821,542,99186,290,69616,34,8019,316,30088,545,76365,350,106453,California
Merced,2021-06-02,757,177578,484,99670,246,69862,27,8046,341,30047,409,76774,368,106821,California
Merced,2021-06-03,764,178342,485,100155,245,70107,34,8080,301,29925,457,77231,335,107156,California
Merced,2021-06-04,836,179178,453,100608,361,70468,22,8102,306,29731,523,77754,329,107485,California
Merced,2021-06-05,511,179689,404,101012,95,70563,12,8114,190,29617,316,78070,202,107687,California
Merced,2021-06-06,228,179917,192,101204,30,70593,6,8120,80,29555,148,78218,86,107773,California
Merced,2021-06-07,664,180581,533,101737,118,70711,13,8133,194,29294,470,78688,209,107982,California
Merced,2021-06-08,865,181446,640,102377,201,70912,24,8157,272,29002,588,79276,296,108278,California
Merced,2021-06-09,884,182330,651,103028,218,71130,15,8172,264,28673,609,79885,280,108558,California
Merced,2021-06-10,649,182979,449,103477,180,71310,20,8192,264,28578,379,80264,284,108842,California
Merced,2021-06-11,578,183557,367,103844,196,71506,15,8207,241,28502,334,80598,258,109100,California
Merced,2021-06-12,592,184149,483,104327,86,71592,23,8230,177,28288,414,81012,200,109300,California
Merced,2021-06-13,255,184404,133,104460,117,71709,5,8235,62,28162,193,81205,67,109367,California
Merced,2021-06-14,553,184957,363,104823,156,71865,34,8269,253,28153,297,81502,288,109655,California
Merced,2021-06-15,789,185746,560,105383,202,72067,27,8296,269,27938,512,82014,297,109952,California
Merced,2021-06-16,721,186467,499,105882,200,72267,22,8318,327,27903,384,82398,349,110301,California
Merced,2021-06-17,739,187206,563,106445,145,72412,31,8349,238,27679,493,82891,269,110570,California
Merced,2021-06-18,778,187984,510,106955,237,72649,31,8380,390,27719,381,83272,421,110991,California
Merced,2021-06-19,366,188350,252,107207,87,72736,27,8407,197,27776,167,83439,224,111215,California
Merced,2021-06-20,238,188588,184,107391,46,72782,8,8415,140,27827,97,83536,148,111363,California
Merced,2021-06-21,322,188910,196,107587,114,72896,12,8427,200,27918,121,83657,212,111575,California
Merced,2021-06-22,515,189425,357,107944,139,73035,19,8446,254,27931,261,83918,274,111849,California
Merced,2021-06-23,581,190006,362,108306,208,73243,11,8457,289,27947,284,84202,300,112149,California
Merced,2021-06-24,543,190549,384,108690,127,73370,32,8489,249,27939,289,84491,281,112430,California
Merced,2021-06-25,488,191037,342,109032,122,73492,24,8513,254,27989,227,84718,277,112707,California
Merced,2021-06-26,186,191223,127,109159,53,73545,6,8519,91,27994,93,84811,98,112805,California
Merced,2021-06-27,205,191428,145,109304,39,73584,21,8540,120,28050,85,84896,141,112946,California
Merced,2021-06-28,337,191765,222,109526,98,73682,17,8557,176,28085,158,85054,193,113139,California
Merced,2021-06-29,332,192097,196,109722,114,73796,22,8579,156,28088,175,85229,178,113317,California
Merced,2021-06-30,385,192482,243,109965,120,73916,22,8601,218,28165,163,85392,240,113557,California
Merced,2021-07-01,341,192823,226,110191,105,74021,10,8611,199,28234,142,85534,211,113768,California
Merced,2021-07-02,377,193200,268,110459,98,74119,11,8622,210,28292,164,85698,222,113990,California
Merced,2021-07-03,192,193392,121,110580,59,74178,12,8634,99,28311,92,85790,111,114101,California
Merced,2021-07-04,17,193409,5,110585,11,74189,1,8635,8,28311,9,85799,9,114110,California
Merced,2021-07-05,122,193531,63,110648,55,74244,4,8639,66,28325,56,85855,70,114180,California
Modoc,2020-12-16,1,1,1,1,0,0,0,0,1,1,0,0,1,1,California
Modoc,2020-12-21,99,100,99,100,0,0,0,0,99,100,0,0,99,100,California
Modoc,2020-12-22,14,114,14,114,0,0,0,0,14,114,0,0,14,114,California
Modoc,2020-12-23,4,118,4,118,0,0,0,0,4,118,0,0,4,118,California
Modoc,2020-12-24,1,119,1,119,0,0,0,0,1,119,0,0,1,119,California
Modoc,2020-12-28,2,121,2,121,0,0,0,0,2,121,0,0,2,121,California
Modoc,2020-12-29,10,131,1,122,9,9,0,0,10,131,0,0,10,131,California
Modoc,2020-12-30,7,138,0,122,7,16,0,0,7,138,0,0,7,138,California
Modoc,2021-01-02,3,141,1,123,2,18,0,0,3,141,0,0,3,141,California
Modoc,2021-01-04,8,149,0,123,8,26,0,0,8,149,0,0,8,149,California
Modoc,2021-01-05,3,152,2,125,1,27,0,0,3,152,0,0,3,152,California
Modoc,2021-01-06,3,155,2,127,1,28,0,0,2,153,1,1,2,154,California
Modoc,2021-01-07,72,227,0,127,72,100,0,0,72,225,0,1,72,226,California
Modoc,2021-01-08,105,332,0,127,105,205,0,0,105,330,0,1,105,331,California
Modoc,2021-01-10,1,333,1,128,0,205,0,0,0,329,1,2,0,331,California
Modoc,2021-01-11,90,423,81,209,9,214,0,0,19,277,71,73,19,350,California
Modoc,2021-01-12,94,517,25,234,69,283,0,0,68,319,26,99,68,418,California
Modoc,2021-01-13,24,541,4,238,20,303,0,0,22,339,2,101,22,440,California
Modoc,2021-01-14,128,669,6,244,122,425,0,0,123,457,5,106,123,563,California
Modoc,2021-01-15,6,675,1,245,5,430,0,0,6,463,0,106,6,569,California
Modoc,2021-01-16,2,677,1,246,1,431,0,0,2,465,0,106,2,571,California
Modoc,2021-01-18,3,680,1,247,2,433,0,0,3,468,0,106,3,574,California
Modoc,2021-01-19,5,685,3,250,2,435,0,0,3,469,2,108,3,577,California
Modoc,2021-01-20,11,696,1,251,10,445,0,0,11,480,0,108,11,588,California
Modoc,2021-01-21,157,853,2,253,155,600,0,0,157,637,0,108,157,745,California
Modoc,2021-01-22,2,855,0,253,2,602,0,0,2,639,0,108,2,747,California
Modoc,2021-01-25,11,866,0,253,11,613,0,0,11,650,0,108,11,758,California
Modoc,2021-01-26,65,931,1,254,64,677,0,0,65,715,0,108,65,823,California
Modoc,2021-01-27,42,973,3,257,39,716,0,0,26,725,16,124,26,849,California
Modoc,2021-01-28,146,1119,2,259,144,860,0,0,145,869,1,125,145,994,California
Modoc,2021-01-29,3,1122,1,260,2,862,0,0,3,872,0,125,3,997,California
Modoc,2021-02-01,26,1148,13,273,13,875,0,0,12,870,14,139,12,1009,California
Modoc,2021-02-02,170,1318,2,275,168,1043,0,0,167,1034,3,142,167,1176,California
Modoc,2021-02-03,18,1336,13,288,5,1048,0,0,11,1038,7,149,11,1187,California
Modoc,2021-02-04,155,1491,4,292,151,1199,0,0,27,937,128,277,27,1214,California
Modoc,2021-02-05,2,1493,2,294,0,1199,0,0,1,937,1,278,1,1215,California
Modoc,2021-02-08,9,1502,2,296,7,1206,0,0,8,944,1,279,8,1223,California
Modoc,2021-02-09,197,1699,13,309,184,1390,0,0,65,877,132,411,65,1288,California
Modoc,2021-02-10,5,1704,2,311,3,1393,0,0,4,880,1,412,4,1292,California
Modoc,2021-02-11,202,1906,3,314,199,1592,0,0,85,848,117,529,85,1377,California
Modoc,2021-02-12,4,1910,0,314,4,1596,0,0,2,848,2,531,2,1379,California
Modoc,2021-02-13,2,1912,0,314,2,1598,0,0,1,848,1,532,1,1380,California
Modoc,2021-02-16,147,2059,6,320,141,1739,0,0,141,983,6,538,141,1521,California
Modoc,2021-02-17,25,2084,2,322,23,1762,0,0,12,982,13,551,12,1533,California
Modoc,2021-02-18,187,2271,2,324,185,1947,0,0,23,844,163,714,25,1558,California
Modoc,2021-02-19,3,2274,3,327,0,1947,0,0,2,845,1,715,2,1560,California
Modoc,2021-02-20,1,2275,1,328,0,1947,0,0,0,844,1,716,0,1560,California
Modoc,2021-02-22,19,2294,9,337,10,1957,0,0,3,831,16,732,3,1563,California
Modoc,2021-02-23,20,2314,2,339,18,1975,0,0,1,813,19,751,1,1564,California
Modoc,2021-02-24,91,2405,1,340,90,2065,0,0,31,784,60,811,31,1595,California
Modoc,2021-02-25,169,2574,0,340,169,2234,0,0,12,639,157,968,12,1607,California
Modoc,2021-02-26,3,2577,0,340,3,2237,0,0,1,638,2,970,1,1608,California
Modoc,2021-02-27,4,2581,4,344,0,2237,0,0,2,638,2,972,2,1610,California
Modoc,2021-03-01,6,2587,0,344,6,2243,0,0,1,635,4,976,1,1611,California
Modoc,2021-03-02,193,2780,12,356,181,2424,0,0,26,494,167,1143,26,1637,California
Modoc,2021-03-03,12,2792,6,362,6,2430,0,0,2,486,10,1153,2,1639,California
Modoc,2021-03-04,174,2966,2,364,172,2602,0,0,147,606,27,1180,147,1786,California
Modoc,2021-03-05,3,2969,3,367,0,2602,0,0,2,607,1,1181,2,1788,California
Modoc,2021-03-06,11,2980,0,367,1,2603,10,10,1,608,10,1191,11,1799,California
Modoc,2021-03-07,8,2988,2,369,0,2603,6,16,2,610,6,1197,8,1807,California
Modoc,2021-03-08,8,2996,1,370,3,2606,4,20,1,609,6,1203,5,1812,California
Modoc,2021-03-09,127,3123,10,380,108,2714,9,29,61,613,66,1269,70,1882,California
Modoc,2021-03-10,9,3132,3,383,2,2716,4,33,4,616,5,1274,8,1890,California
Modoc,2021-03-11,207,3339,0,383,99,2815,108,141,22,561,185,1459,130,2020,California
Modoc,2021-03-12,10,3349,1,384,4,2819,5,146,4,564,6,1465,9,2029,California
Modoc,2021-03-13,6,3355,0,384,3,2822,3,149,1,563,5,1470,4,2033,California
Modoc,2021-03-15,12,3367,1,385,10,2832,1,150,10,572,2,1472,11,2044,California
Modoc,2021-03-16,174,3541,2,387,168,3000,4,154,42,485,132,1604,45,2089,California
Modoc,2021-03-17,10,3551,1,388,4,3004,5,159,2,484,8,1612,7,2096,California
Modoc,2021-03-18,66,3617,2,390,57,3061,7,166,34,493,32,1644,41,2137,California
Modoc,2021-03-19,5,3622,0,390,0,3061,5,171,0,493,5,1649,5,2142,California
Modoc,2021-03-20,5,3627,2,392,0,3061,3,174,0,491,5,1654,3,2145,California
Modoc,2021-03-21,3,3630,1,393,0,3061,2,176,1,492,2,1656,3,2148,California
Modoc,2021-03-22,17,3647,1,394,11,3072,5,181,12,504,5,1661,17,2165,California
Modoc,2021-03-23,37,3684,7,401,27,3099,3,184,28,526,9,1670,31,2196,California
Modoc,2021-03-24,29,3713,1,402,18,3117,10,194,1,509,28,1698,11,2207,California
Modoc,2021-03-25,76,3789,1,403,73,3190,2,196,44,523,32,1730,46,2253,California
Modoc,2021-03-26,7,3796,2,405,2,3192,3,199,2,523,5,1735,5,2258,California
Modoc,2021-03-27,2,3798,0,405,1,3193,1,200,1,524,1,1736,2,2260,California
Modoc,2021-03-28,2,3800,1,406,0,3193,1,201,0,523,2,1738,1,2261,California
Modoc,2021-03-29,14,3814,1,407,5,3198,8,209,5,527,9,1747,13,2274,California
Modoc,2021-03-30,54,3868,9,416,38,3236,7,216,20,520,34,1781,27,2301,California
Modoc,2021-03-31,10,3878,3,419,3,3239,4,220,4,522,6,1787,8,2309,California
Modoc,2021-04-01,167,4045,2,421,160,3399,5,225,32,424,135,1922,37,2346,California
Modoc,2021-04-02,5,4050,0,421,2,3401,3,228,1,425,3,1925,4,2350,California
Modoc,2021-04-03,5,4055,2,423,0,3401,3,231,2,427,2,1927,4,2354,California
Modoc,2021-04-05,9,4064,0,423,9,3410,0,231,9,436,0,1927,9,2363,California
Modoc,2021-04-06,24,4088,5,428,9,3419,10,241,6,434,18,1945,16,2379,California
Modoc,2021-04-07,12,4100,1,429,4,3423,7,248,3,435,9,1954,10,2389,California
Modoc,2021-04-08,95,4195,1,430,92,3515,2,250,26,394,69,2023,28,2417,California
Modoc,2021-04-09,11,4206,2,432,6,3521,3,253,2,389,9,2032,4,2421,California
Modoc,2021-04-10,5,4211,0,432,1,3522,4,257,0,388,5,2037,4,2425,California
Modoc,2021-04-11,2,4213,2,434,0,3522,0,257,1,388,1,2038,1,2426,California
Modoc,2021-04-12,14,4227,0,434,10,3532,4,261,1,382,11,2049,5,2431,California
Modoc,2021-04-13,30,4257,29,463,1,3533,0,261,21,394,9,2058,21,2452,California
Modoc,2021-04-14,2,4259,2,465,0,3533,0,261,1,394,1,2059,1,2453,California
Modoc,2021-04-15,100,4359,0,465,100,3633,0,261,27,349,72,2131,27,2480,California
Modoc,2021-04-16,4,4363,4,469,0,3633,0,261,3,351,1,2132,3,2483,California
Modoc,2021-04-17,2,4365,2,471,0,3633,0,261,2,353,0,2132,2,2485,California
Modoc,2021-04-18,1,4366,0,471,1,3634,0,261,1,354,0,2132,1,2486,California
Modoc,2021-04-19,7,4373,0,471,7,3641,0,261,2,351,5,2137,2,2488,California
Modoc,2021-04-20,26,4399,2,473,24,3665,0,261,8,341,18,2155,8,2496,California
Modoc,2021-04-21,3,4402,3,476,0,3665,0,261,1,340,2,2157,1,2497,California
Modoc,2021-04-22,94,4496,1,477,93,3758,0,261,38,322,56,2213,38,2535,California
Modoc,2021-04-23,4,4500,0,477,4,3762,0,261,3,324,1,2214,3,2538,California
Modoc,2021-04-24,2,4502,0,477,1,3763,1,262,1,325,1,2215,2,2540,California
Modoc,2021-04-25,1,4503,1,478,0,3763,0,262,1,326,0,2215,1,2541,California
Modoc,2021-04-26,7,4510,0,478,7,3770,0,262,2,323,5,2220,2,2543,California
Modoc,2021-04-27,5,4515,4,482,0,3770,1,263,0,319,5,2225,1,2544,California
Modoc,2021-04-28,7,4522,1,483,5,3775,1,264,2,317,5,2230,3,2547,California
Modoc,2021-04-29,63,4585,2,485,61,3836,0,264,22,298,41,2271,22,2569,California
Modoc,2021-04-30,4,4589,3,488,1,3837,0,264,2,298,2,2273,2,2571,California
Modoc,2021-05-01,1,4590,1,489,0,3837,0,264,0,297,1,2274,0,2571,California
Modoc,2021-05-02,4,4594,3,492,1,3838,0,264,3,299,1,2275,3,2574,California
Modoc,2021-05-03,12,4606,0,492,11,3849,1,265,2,292,10,2285,3,2577,California
Modoc,2021-05-04,11,4617,3,495,6,3855,2,267,5,293,6,2291,7,2584,California
Modoc,2021-05-05,27,4644,24,519,2,3857,1,268,8,283,19,2310,9,2593,California
Modoc,2021-05-06,54,4698,3,522,49,3906,2,270,21,273,33,2343,23,2616,California
Modoc,2021-05-07,8,4706,3,525,3,3909,2,272,2,271,6,2349,4,2620,California
Modoc,2021-05-08,3,4709,2,527,0,3909,1,273,1,271,2,2351,2,2622,California
Modoc,2021-05-09,1,4710,1,528,0,3909,0,273,0,270,1,2352,0,2622,California
Modoc,2021-05-10,2,4712,0,528,1,3910,1,274,1,271,1,2353,2,2624,California
Modoc,2021-05-11,3,4715,2,530,0,3910,1,275,0,269,3,2356,1,2625,California
Modoc,2021-05-12,2,4717,0,530,0,3910,2,277,0,269,2,2358,2,2627,California
Modoc,2021-05-13,42,4759,0,530,38,3948,4,281,14,259,28,2386,18,2645,California
Modoc,2021-05-14,8,4767,3,533,0,3948,5,286,3,262,5,2391,8,2653,California
Modoc,2021-05-15,4,4771,3,536,1,3949,0,286,4,266,0,2391,4,2657,California
Modoc,2021-05-16,2,4773,1,537,1,3950,0,286,0,264,2,2393,0,2657,California
Modoc,2021-05-17,5,4778,3,540,2,3952,0,286,4,267,1,2394,4,2661,California
Modoc,2021-05-18,23,4801,12,552,9,3961,2,288,14,274,9,2403,16,2677,California
Modoc,2021-05-19,8,4809,1,553,3,3964,4,292,4,278,4,2407,8,2685,California
Modoc,2021-05-20,59,4868,3,556,47,4011,9,301,8,244,51,2458,17,2702,California
Modoc,2021-05-21,6,4874,4,560,1,4012,1,302,1,241,5,2463,2,2704,California
Modoc,2021-05-22,2,4876,2,562,0,4012,0,302,1,241,1,2464,1,2705,California
Modoc,2021-05-23,2,4878,2,564,0,4012,0,302,0,239,2,2466,0,2705,California
Modoc,2021-05-24,4,4882,1,565,1,4013,2,304,2,241,2,2468,4,2709,California
Modoc,2021-05-25,2,4884,1,566,1,4014,0,304,1,241,1,2469,1,2710,California
Modoc,2021-05-26,36,4920,33,599,3,4017,0,304,26,258,10,2479,27,2737,California
Modoc,2021-05-27,28,4948,1,600,22,4039,5,309,6,247,22,2501,11,2748,California
Modoc,2021-05-28,8,4956,1,601,4,4043,3,312,3,248,5,2506,6,2754,California
Modoc,2021-05-29,1,4957,1,602,0,4043,0,312,0,247,1,2507,0,2754,California
Modoc,2021-05-31,1,4958,0,602,0,4043,1,313,0,247,0,2507,0,2754,California
Modoc,2021-06-01,7,4965,0,602,6,4049,1,314,2,245,5,2512,3,2757,California
Modoc,2021-06-02,8,4973,0,602,6,4055,2,316,4,247,4,2516,6,2763,California
Modoc,2021-06-03,25,4998,1,603,22,4077,2,318,4,232,21,2537,6,2769,California
Modoc,2021-06-04,5,5003,3,606,1,4078,1,319,0,228,5,2542,1,2770,California
Modoc,2021-06-05,1,5004,0,606,1,4079,0,319,0,227,1,2543,0,2770,California
Modoc,2021-06-07,4,5008,4,610,0,4079,0,319,1,225,3,2546,1,2771,California
Modoc,2021-06-08,29,5037,10,620,18,4097,1,320,18,233,11,2557,19,2790,California
Modoc,2021-06-09,3,5040,2,622,1,4098,0,320,2,234,1,2558,2,2792,California
Modoc,2021-06-10,21,5061,1,623,19,4117,1,321,7,228,14,2572,8,2800,California
Modoc,2021-06-11,4,5065,2,625,1,4118,1,322,2,229,2,2574,3,2803,California
Modoc,2021-06-12,1,5066,1,626,0,4118,0,322,0,228,1,2575,0,2803,California
Modoc,2021-06-14,4,5070,0,626,2,4120,2,324,0,226,4,2579,2,2805,California
Modoc,2021-06-15,6,5076,0,626,4,4124,2,326,3,228,3,2582,5,2810,California
Modoc,2021-06-16,41,5117,25,651,11,4135,5,331,22,238,19,2601,29,2839,California
Modoc,2021-06-17,46,5163,20,671,25,4160,1,332,27,247,19,2620,28,2867,California
Modoc,2021-06-18,5,5168,0,671,3,4163,2,334,3,250,2,2622,5,2872,California
Modoc,2021-06-19,3,5171,0,671,1,4164,2,336,1,251,2,2624,3,2875,California
Modoc,2021-06-21,1,5172,0,671,1,4165,0,336,1,252,0,2624,1,2876,California
Modoc,2021-06-22,11,5183,4,675,7,4172,0,336,9,259,2,2626,9,2885,California
Modoc,2021-06-23,6,5189,0,675,3,4175,3,339,1,258,5,2631,4,2889,California
Modoc,2021-06-24,32,5221,14,689,14,4189,4,343,22,274,10,2641,26,2915,California
Modoc,2021-06-25,7,5228,0,689,5,4194,2,345,2,273,5,2646,4,2919,California
Modoc,2021-06-28,4,5232,1,690,3,4197,0,345,3,275,1,2647,3,2922,California
Modoc,2021-06-29,8,5240,1,691,6,4203,1,346,5,278,3,2650,6,2928,California
Modoc,2021-06-30,8,5248,1,692,7,4210,0,346,5,280,3,2653,5,2933,California
Modoc,2021-07-01,23,5271,11,703,1,4211,11,357,9,286,14,2667,20,2953,California
Modoc,2021-07-02,2,5273,2,705,0,4211,0,357,0,284,2,2669,0,2953,California
Modoc,2021-07-03,3,5276,0,705,3,4214,0,357,3,287,0,2669,3,2956,California
Mono,2020-12-18,1,1,1,1,0,0,0,0,1,1,0,0,1,1,California
Mono,2020-12-19,5,6,5,6,0,0,0,0,5,6,0,0,5,6,California
Mono,2020-12-20,7,13,7,13,0,0,0,0,7,13,0,0,7,13,California
Mono,2020-12-21,24,37,17,30,7,7,0,0,24,37,0,0,24,37,California
Mono,2020-12-22,67,104,65,95,2,9,0,0,67,104,0,0,67,104,California
Mono,2020-12-23,71,175,43,138,28,37,0,0,71,175,0,0,71,175,California
Mono,2020-12-24,3,178,1,139,2,39,0,0,3,178,0,0,3,178,California
Mono,2020-12-26,3,181,3,142,0,39,0,0,3,181,0,0,3,181,California
Mono,2020-12-27,1,182,0,142,1,40,0,0,1,182,0,0,1,182,California
Mono,2020-12-28,94,276,63,205,31,71,0,0,94,276,0,0,94,276,California
Mono,2020-12-29,29,305,29,234,0,71,0,0,29,305,0,0,29,305,California
Mono,2020-12-30,77,382,36,270,41,112,0,0,77,382,0,0,77,382,California
Mono,2020-12-31,4,386,1,271,3,115,0,0,4,386,0,0,4,386,California
Mono,2021-01-01,4,390,4,275,0,115,0,0,4,390,0,0,4,390,California
Mono,2021-01-02,2,392,2,277,0,115,0,0,2,392,0,0,2,392,California
Mono,2021-01-04,2,394,0,277,2,117,0,0,2,394,0,0,2,394,California
Mono,2021-01-05,45,439,2,279,43,160,0,0,44,437,1,1,44,438,California
Mono,2021-01-06,44,483,0,279,44,204,0,0,44,481,0,1,44,482,California
Mono,2021-01-07,55,538,3,282,52,256,0,0,53,533,2,3,54,536,California
Mono,2021-01-08,2,540,1,283,1,257,0,0,1,533,1,4,1,537,California
Mono,2021-01-09,4,544,4,287,0,257,0,0,0,529,4,8,0,537,California
Mono,2021-01-10,5,549,5,292,0,257,0,0,0,524,5,13,0,537,California
Mono,2021-01-11,8,557,5,297,3,260,0,0,4,524,4,17,4,541,California
Mono,2021-01-12,283,840,75,372,208,468,0,0,219,680,63,80,219,760,California
Mono,2021-01-13,234,1074,73,445,161,629,0,0,179,804,55,135,179,939,California
Mono,2021-01-14,74,1148,72,517,2,631,0,0,73,876,1,136,73,1012,California
Mono,2021-01-15,65,1213,3,520,62,693,0,0,65,941,0,136,65,1077,California
Mono,2021-01-16,3,1216,3,523,0,693,0,0,0,938,3,139,0,1077,California
Mono,2021-01-18,64,1280,55,578,9,702,0,0,2,878,62,201,2,1079,California
Mono,2021-01-19,210,1490,207,785,3,705,0,0,172,1013,38,239,173,1252,California
Mono,2021-01-20,236,1726,201,986,35,740,0,0,173,1123,63,302,173,1425,California
Mono,2021-01-21,4,1730,4,990,0,740,0,0,4,1127,0,302,4,1429,California
Mono,2021-01-22,4,1734,0,990,4,744,0,0,4,1131,0,302,4,1433,California
Mono,2021-01-23,589,2323,589,1579,0,744,0,0,588,1718,1,303,588,2021,California
Mono,2021-01-24,1,2324,0,1579,1,745,0,0,0,1717,1,304,0,2021,California
Mono,2021-01-25,200,2524,162,1741,38,783,0,0,161,1839,39,343,161,2182,California
Mono,2021-01-26,500,3024,498,2239,2,785,0,0,494,2327,6,349,494,2676,California
Mono,2021-01-27,4,3028,0,2239,4,789,0,0,4,2331,0,349,4,2680,California
Mono,2021-01-28,6,3034,2,2241,4,793,0,0,2,2329,4,353,2,2682,California
Mono,2021-01-30,196,3230,194,2435,2,795,0,0,195,2523,1,354,195,2877,California
Mono,2021-01-31,241,3471,136,2571,105,900,0,0,137,2556,104,458,137,3014,California
Mono,2021-02-01,27,3498,27,2598,0,900,0,0,0,2529,27,485,0,3014,California
Mono,2021-02-02,5,3503,0,2598,5,905,0,0,2,2528,3,488,2,3016,California
Mono,2021-02-03,4,3507,2,2600,2,907,0,0,2,2528,2,490,2,3018,California
Mono,2021-02-04,214,3721,159,2759,55,962,0,0,91,2498,121,611,91,3109,California
Mono,2021-02-05,611,4332,605,3364,6,968,0,0,608,3103,3,614,608,3717,California
Mono,2021-02-06,135,4467,134,3498,1,969,0,0,134,3236,1,615,134,3851,California
Mono,2021-02-07,2,4469,0,3498,2,971,0,0,2,3238,0,615,2,3853,California
Mono,2021-02-08,171,4640,171,3669,0,971,0,0,15,3098,155,770,15,3868,California
Mono,2021-02-09,231,4871,6,3675,225,1196,0,0,14,2895,217,987,14,3882,California
Mono,2021-02-10,541,5412,188,3863,353,1549,0,0,198,2751,343,1330,199,4081,California
Mono,2021-02-11,8,5420,5,3868,3,1552,0,0,3,2749,5,1335,3,4084,California
Mono,2021-02-12,89,5509,21,3889,68,1620,0,0,27,2714,62,1397,27,4111,California
Mono,2021-02-13,586,6095,584,4473,2,1622,0,0,26,2181,559,1956,26,4137,California
Mono,2021-02-15,167,6262,165,4638,2,1624,0,0,2,2020,163,2119,2,4139,California
Mono,2021-02-16,520,6782,516,5154,4,1628,0,0,45,1594,472,2591,46,4185,California
Mono,2021-02-17,6,6788,1,5155,5,1633,0,0,2,1592,4,2595,2,4187,California
Mono,2021-02-18,4,6792,2,5157,2,1635,0,0,3,1594,1,2596,3,4190,California
Mono,2021-02-19,56,6848,55,5212,1,1636,0,0,56,1650,0,2596,56,4246,California
Mono,2021-02-20,4,6852,4,5216,0,1636,0,0,4,1654,0,2596,4,4250,California
Mono,2021-02-21,6,6858,6,5222,0,1636,0,0,4,1656,2,2598,4,4254,California
Mono,2021-02-22,291,7149,290,5512,1,1637,0,0,26,1418,264,2862,26,4280,California
Mono,2021-02-23,147,7296,126,5638,21,1658,0,0,25,1321,122,2984,25,4305,California
Mono,2021-02-24,10,7306,2,5640,8,1666,0,0,3,1317,7,2991,3,4308,California
Mono,2021-02-25,5,7311,2,5642,3,1669,0,0,3,1319,1,2992,3,4311,California
Mono,2021-02-26,596,7907,594,6236,2,1671,0,0,21,766,574,3566,21,4332,California
Mono,2021-02-27,138,8045,134,6370,4,1675,0,0,4,638,132,3698,4,4336,California
Mono,2021-02-28,1,8046,0,6370,0,1675,1,1,0,638,1,3699,1,4337,California
Mono,2021-03-01,3,8049,2,6372,1,1676,0,1,2,640,0,3699,2,4339,California
Mono,2021-03-02,6,8055,4,6376,2,1678,0,1,4,642,2,3701,4,4343,California
Mono,2021-03-03,113,8168,3,6379,110,1788,0,1,109,748,3,3704,109,4452,California
Mono,2021-03-04,6,8174,2,6381,4,1792,0,1,3,748,3,3707,3,4455,California
Mono,2021-03-05,37,8211,28,6409,9,1801,0,1,13,737,24,3731,13,4468,California
Mono,2021-03-06,506,8717,18,6427,488,2289,0,1,497,1228,7,3738,498,4966,California
Mono,2021-03-07,1,8718,0,6427,1,2290,0,1,0,1227,1,3739,0,4966,California
Mono,2021-03-08,530,9248,11,6438,516,2806,3,4,520,1740,10,3749,523,5489,California
Mono,2021-03-09,6,9254,2,6440,3,2809,1,5,3,1742,2,3751,4,5493,California
Mono,2021-03-10,287,9541,91,6531,193,3002,3,8,8,1477,276,4027,11,5504,California
Mono,2021-03-11,10,9551,0,6531,1,3003,9,17,0,1476,10,4037,9,5513,California
Mono,2021-03-12,6,9557,1,6532,1,3004,4,21,0,1474,6,4043,4,5517,California
Mono,2021-03-13,822,10379,384,6916,438,3442,0,21,812,2276,10,4053,812,6329,California
Mono,2021-03-14,5,10384,5,6921,0,3442,0,21,1,2273,4,4057,1,6330,California
Mono,2021-03-15,31,10415,23,6944,3,3445,5,26,14,2276,16,4073,19,6349,California
Mono,2021-03-16,16,10431,6,6950,4,3449,6,32,8,2282,8,4081,14,6363,California
Mono,2021-03-17,33,10464,5,6955,20,3469,8,40,21,2299,12,4093,29,6392,California
Mono,2021-03-18,21,10485,2,6957,11,3480,8,48,8,2302,13,4106,16,6408,California
Mono,2021-03-19,21,10506,1,6958,17,3497,3,51,17,2319,3,4109,20,6428,California
Mono,2021-03-20,5,10511,3,6961,1,3498,1,52,4,2323,1,4110,5,6433,California
Mono,2021-03-21,1,10512,1,6962,0,3498,0,52,1,2324,0,4110,1,6434,California
Mono,2021-03-22,11,10523,0,6962,6,3504,5,57,5,2328,6,4116,10,6444,California
Mono,2021-03-23,43,10566,6,6968,32,3536,5,62,17,2324,26,4142,22,6466,California
Mono,2021-03-24,14,10580,1,6969,8,3544,5,67,5,2326,9,4151,11,6477,California
Mono,2021-03-25,19,10599,3,6972,12,3556,4,71,12,2335,7,4158,16,6493,California
Mono,2021-03-26,19,10618,3,6975,11,3567,5,76,10,2342,8,4166,15,6508,California
Mono,2021-03-27,353,10971,350,7325,3,3570,0,76,326,2641,27,4193,326,6834,California
Mono,2021-03-29,10,10981,3,7328,6,3576,1,77,8,2648,2,4195,9,6843,California
Mono,2021-03-30,12,10993,0,7328,8,3584,4,81,7,2654,5,4200,11,6854,California
Mono,2021-03-31,134,11127,7,7335,126,3710,1,82,23,2568,110,4310,24,6878,California
Mono,2021-04-01,9,11136,0,7335,8,3718,1,83,4,2568,5,4315,5,6883,California
Mono,2021-04-02,19,11155,2,7337,17,3735,0,83,8,2565,11,4326,8,6891,California
Mono,2021-04-03,862,12017,371,7708,491,4226,0,83,48,1802,811,5137,48,6939,California
Mono,2021-04-04,1,12018,1,7709,0,4226,0,83,0,1801,1,5138,0,6939,California
Mono,2021-04-05,528,12546,18,7727,509,4735,1,84,35,1345,492,5630,36,6975,California
Mono,2021-04-06,19,12565,1,7728,5,4740,13,97,1,1341,18,5648,14,6989,California
Mono,2021-04-07,23,12588,2,7730,2,4742,19,116,2,1341,21,5669,21,7010,California
Mono,2021-04-08,26,12614,4,7734,3,4745,19,135,6,1346,20,5689,25,7035,California
Mono,2021-04-09,39,12653,4,7738,6,4751,29,164,9,1354,30,5719,38,7073,California
Mono,2021-04-10,451,13104,2,7740,442,5193,7,171,30,970,421,6140,37,7110,California
Mono,2021-04-11,1,13105,1,7741,0,5193,0,171,0,969,1,6141,0,7110,California
Mono,2021-04-12,6,13111,0,7741,3,5196,3,174,3,972,3,6144,6,7116,California
Mono,2021-04-13,19,13130,2,7743,16,5212,1,175,13,980,6,6150,14,7130,California
Mono,2021-04-14,26,13156,2,7745,24,5236,0,175,8,970,18,6168,8,7138,California
Mono,2021-04-15,18,13174,4,7749,14,5250,0,175,10,972,8,6176,10,7148,California
Mono,2021-04-16,18,13192,1,7750,17,5267,0,175,7,968,11,6187,7,7155,California
Mono,2021-04-17,52,13244,2,7752,50,5317,0,175,45,1006,7,6194,45,7200,California
Mono,2021-04-18,1,13245,0,7752,1,5318,0,175,1,1007,0,6194,1,7201,California
Mono,2021-04-19,538,13783,329,8081,209,5527,0,175,202,876,333,6527,202,7403,California
Mono,2021-04-20,15,13798,2,8083,13,5540,0,175,10,881,5,6532,10,7413,California
Mono,2021-04-21,7,13805,0,8083,7,5547,0,175,2,878,5,6537,2,7415,California
Mono,2021-04-22,25,13830,11,8094,14,5561,0,175,11,875,14,6551,11,7426,California
Mono,2021-04-23,22,13852,2,8096,20,5581,0,175,12,877,10,6561,12,7438,California
Mono,2021-04-24,35,13887,21,8117,14,5595,0,175,20,882,15,6576,20,7458,California
Mono,2021-04-25,3,13890,2,8119,1,5596,0,175,3,885,0,6576,3,7461,California
Mono,2021-04-26,12,13902,2,8121,10,5606,0,175,3,879,9,6585,3,7464,California
Mono,2021-04-27,68,13970,42,8163,19,5625,7,182,52,922,16,6601,59,7523,California
Mono,2021-04-28,62,14032,40,8203,18,5643,4,186,48,962,12,6613,52,7575,California
Mono,2021-04-29,10,14042,3,8206,4,5647,3,189,3,961,7,6620,6,7581,California
Mono,2021-04-30,19,14061,3,8209,12,5659,4,193,8,962,11,6631,12,7593,California
Mono,2021-05-01,109,14170,5,8214,104,5763,0,193,96,1046,12,6643,96,7689,California
Mono,2021-05-02,1,14171,1,8215,0,5763,0,193,1,1047,0,6643,1,7690,California
Mono,2021-05-03,2,14173,1,8216,1,5764,0,193,1,1047,1,6644,1,7691,California
Mono,2021-05-04,19,14192,0,8216,13,5777,6,199,10,1054,9,6653,16,7707,California
Mono,2021-05-05,52,14244,8,8224,40,5817,4,203,45,1096,7,6660,49,7756,California
Mono,2021-05-06,16,14260,4,8228,11,5828,1,204,10,1101,6,6666,11,7767,California
Mono,2021-05-07,30,14290,22,8250,8,5836,0,204,25,1121,5,6671,25,7792,California
Mono,2021-05-08,53,14343,7,8257,46,5882,0,204,24,1116,29,6700,24,7816,California
Mono,2021-05-09,1,14344,1,8258,0,5882,0,204,0,1116,0,6700,0,7816,California
Mono,2021-05-10,18,14362,1,8259,13,5895,4,208,9,1120,9,6709,13,7829,California
Mono,2021-05-11,15,14377,2,8261,10,5905,3,211,5,1118,10,6719,8,7837,California
Mono,2021-05-12,12,14389,0,8261,11,5916,1,212,4,1115,8,6727,5,7842,California
Mono,2021-05-13,47,14436,31,8292,15,5931,1,213,38,1145,9,6736,39,7881,California
Mono,2021-05-14,11,14447,1,8293,9,5940,1,214,6,1147,5,6741,7,7888,California
Mono,2021-05-15,66,14513,24,8317,35,5975,7,221,19,1126,47,6788,26,7914,California
Mono,2021-05-16,6,14519,4,8321,1,5976,1,222,2,1125,4,6792,3,7917,California
Mono,2021-05-17,250,14769,34,8355,209,6185,7,229,54,992,195,6987,62,7979,California
Mono,2021-05-18,134,14903,110,8465,23,6208,1,230,87,1034,47,7034,89,8068,California
Mono,2021-05-19,119,15022,112,8577,2,6210,5,235,75,1070,44,7078,80,8148,California
Mono,2021-05-20,71,15093,56,8633,10,6220,5,240,54,1112,17,7095,59,8207,California
Mono,2021-05-21,23,15116,4,8637,16,6236,3,243,10,1112,13,7108,13,8220,California
Mono,2021-05-22,22,15138,12,8649,8,6244,2,245,16,1124,6,7114,18,8238,California
Mono,2021-05-23,2,15140,0,8649,2,6246,0,245,1,1124,1,7115,1,8239,California
Mono,2021-05-24,16,15156,2,8651,13,6259,1,246,9,1128,7,7122,11,8250,California
Mono,2021-05-25,15,15171,5,8656,10,6269,0,246,8,1129,7,7129,8,8258,California
Mono,2021-05-26,18,15189,2,8658,15,6284,1,247,7,1126,11,7140,8,8266,California
Mono,2021-05-27,8,15197,0,8658,8,6292,0,247,5,1129,2,7142,5,8271,California
Mono,2021-05-28,42,15239,28,8686,14,6306,0,247,11,1109,31,7173,11,8282,California
Mono,2021-05-29,129,15368,27,8713,99,6405,3,250,32,1047,97,7270,35,8317,California
Mono,2021-06-01,16,15384,7,8720,9,6414,0,250,9,1049,7,7277,9,8326,California
Mono,2021-06-02,47,15431,4,8724,43,6457,0,250,10,1022,37,7314,10,8336,California
Mono,2021-06-03,11,15442,1,8725,7,6464,3,253,1,1016,10,7324,4,8340,California
Mono,2021-06-04,12,15454,1,8726,10,6474,1,254,3,1011,9,7333,4,8344,California
Mono,2021-06-05,44,15498,23,8749,21,6495,0,254,5,977,39,7372,5,8349,California
Mono,2021-06-06,1,15499,0,8749,1,6496,0,254,0,976,1,7373,0,8349,California
Mono,2021-06-07,99,15598,87,8836,8,6504,4,258,12,905,87,7460,16,8365,California
Mono,2021-06-08,113,15711,103,8939,8,6512,2,260,12,818,101,7561,14,8379,California
Mono,2021-06-09,6,15717,1,8940,5,6517,0,260,1,814,5,7566,1,8380,California
Mono,2021-06-10,6,15723,0,8940,4,6521,2,262,2,814,4,7570,4,8384,California
Mono,2021-06-11,74,15797,62,9002,7,6528,5,267,6,757,68,7638,11,8395,California
Mono,2021-06-12,1,15798,1,9003,0,6528,0,267,0,756,1,7639,0,8395,California
Mono,2021-06-13,1,15799,0,9003,1,6529,0,267,1,757,0,7639,1,8396,California
Mono,2021-06-14,65,15864,30,9033,29,6558,6,273,20,738,45,7684,26,8422,California
Mono,2021-06-15,8,15872,5,9038,3,6561,0,273,4,738,4,7688,4,8426,California
Mono,2021-06-16,14,15886,5,9043,9,6570,0,273,6,736,8,7696,6,8432,California
Mono,2021-06-17,6,15892,1,9044,3,6573,2,275,2,736,4,7700,4,8436,California
Mono,2021-06-18,5,15897,3,9047,1,6574,1,276,1,735,3,7703,2,8438,California
Mono,2021-06-19,3,15900,3,9050,0,6574,0,276,3,738,0,7703,3,8441,California
Mono,2021-06-20,1,15901,0,9050,1,6575,0,276,0,737,1,7704,0,8441,California
Mono,2021-06-21,14,15915,2,9052,10,6585,2,278,3,732,10,7714,5,8446,California
Mono,2021-06-22,13,15928,2,9054,10,6595,1,279,4,729,8,7722,5,8451,California
Mono,2021-06-23,12,15940,0,9054,6,6601,6,285,2,728,10,7732,9,8460,California
Mono,2021-06-24,7,15947,0,9054,5,6606,2,287,2,727,5,7737,4,8464,California
Mono,2021-06-25,33,15980,22,9076,11,6617,0,287,7,708,26,7763,7,8471,California
Mono,2021-06-26,1,15981,1,9077,0,6617,0,287,0,707,1,7764,0,8471,California
Mono,2021-06-28,11,15992,7,9084,1,6618,3,290,2,703,9,7773,5,8476,California
Mono,2021-06-29,2,15994,2,9086,0,6618,0,290,2,705,0,7773,2,8478,California
Mono,2021-06-30,6,16000,1,9087,3,6621,2,292,3,707,3,7776,5,8483,California
Mono,2021-07-01,8,16008,1,9088,4,6625,3,295,2,706,6,7782,5,8488,California
Mono,2021-07-02,38,16046,35,9123,2,6627,1,296,14,697,24,7806,15,8503,California
Monterey,2020-12-16,6,6,6,6,0,0,0,0,6,6,0,0,6,6,California
Monterey,2020-12-17,87,93,87,93,0,0,0,0,87,93,0,0,87,93,California
Monterey,2020-12-18,488,581,488,581,0,0,0,0,488,581,0,0,488,581,California
Monterey,2020-12-19,582,1163,581,1162,1,1,0,0,581,1162,0,0,581,1162,California
Monterey,2020-12-20,421,1584,420,1582,1,2,0,0,421,1583,0,0,421,1583,California
Monterey,2020-12-21,724,2308,724,2306,0,2,0,0,724,2307,0,0,724,2307,California
Monterey,2020-12-22,536,2844,523,2829,13,15,0,0,536,2843,0,0,536,2843,California
Monterey,2020-12-23,442,3286,266,3095,176,191,0,0,442,3285,0,0,442,3285,California
Monterey,2020-12-24,84,3370,10,3105,74,265,0,0,84,3369,0,0,84,3369,California
Monterey,2020-12-25,6,3376,0,3105,6,271,0,0,6,3375,0,0,6,3375,California
Monterey,2020-12-26,92,3468,5,3110,87,358,0,0,92,3467,0,0,92,3467,California
Monterey,2020-12-27,6,3474,3,3113,3,361,0,0,6,3473,0,0,6,3473,California
Monterey,2020-12-28,477,3951,25,3138,452,813,0,0,477,3950,0,0,477,3950,California
Monterey,2020-12-29,901,4852,168,3306,733,1546,0,0,901,4851,0,0,901,4851,California
Monterey,2020-12-30,567,5419,98,3404,469,2015,0,0,567,5418,0,0,567,5418,California
Monterey,2020-12-31,33,5452,11,3415,22,2037,0,0,33,5451,0,0,33,5451,California
Monterey,2021-01-01,13,5465,3,3418,10,2047,0,0,13,5464,0,0,13,5464,California
Monterey,2021-01-02,137,5602,134,3552,3,2050,0,0,137,5601,0,0,137,5601,California
Monterey,2021-01-03,30,5632,29,3581,1,2051,0,0,30,5631,0,0,30,5631,California
Monterey,2021-01-04,412,6044,19,3600,393,2444,0,0,412,6043,0,0,412,6043,California
Monterey,2021-01-05,758,6802,330,3930,428,2872,0,0,744,6773,14,14,744,6787,California
Monterey,2021-01-06,662,7464,175,4105,487,3359,0,0,638,7387,24,38,638,7425,California
Monterey,2021-01-07,753,8217,577,4682,176,3535,0,0,425,7486,326,364,425,7850,California
Monterey,2021-01-08,1094,9311,740,5422,354,3889,0,0,395,7182,699,1063,395,8245,California
Monterey,2021-01-09,963,10274,933,6355,30,3919,0,0,311,6843,650,1713,311,8556,California
Monterey,2021-01-10,272,10546,270,6625,2,3921,0,0,8,6587,264,1977,8,8564,California
Monterey,2021-01-11,1068,11614,986,7611,82,4003,0,0,365,6249,703,2680,365,8929,California
Monterey,2021-01-12,474,12088,395,8006,79,4082,0,0,210,6195,264,2944,210,9139,California
Monterey,2021-01-13,1222,13310,595,8601,627,4709,0,0,1176,7325,46,2990,1176,10315,California
Monterey,2021-01-14,1200,14510,244,8845,956,5665,0,0,1180,8489,20,3010,1184,11499,California
Monterey,2021-01-15,1057,15567,46,8891,1011,6676,0,0,1045,9522,12,3022,1045,12544,California
Monterey,2021-01-16,365,15932,300,9191,65,6741,0,0,360,9877,5,3027,360,12904,California
Monterey,2021-01-17,313,16245,293,9484,20,6761,0,0,301,10166,12,3039,301,13205,California
Monterey,2021-01-18,399,16644,49,9533,350,7111,0,0,377,10521,22,3061,377,13582,California
Monterey,2021-01-19,584,17228,399,9932,185,7296,0,0,421,10781,161,3222,421,14003,California
Monterey,2021-01-20,543,17771,270,10202,273,7569,0,0,334,10906,209,3431,334,14337,California
Monterey,2021-01-21,871,18642,115,10317,756,8325,0,0,759,11557,112,3543,763,15100,California
Monterey,2021-01-22,1071,19713,200,10517,871,9196,0,0,1030,12546,41,3584,1030,16130,California
Monterey,2021-01-23,244,19957,175,10692,69,9265,0,0,120,12545,123,3707,122,16252,California
Monterey,2021-01-24,61,20018,38,10730,23,9288,0,0,27,12538,34,3741,27,16279,California
Monterey,2021-01-25,802,20820,176,10906,626,9914,0,0,176,12095,619,4360,176,16455,California
Monterey,2021-01-26,955,21775,234,11140,721,10635,0,0,253,11646,702,5062,253,16708,California
Monterey,2021-01-27,855,22630,299,11439,556,11191,0,0,373,11537,482,5544,373,17081,California
Monterey,2021-01-28,2031,24661,741,12180,1290,12481,0,0,1688,12884,343,5887,1690,18771,California
Monterey,2021-01-29,1283,25944,715,12895,568,13049,0,0,1165,13933,117,6004,1166,19937,California
Monterey,2021-01-30,465,26409,295,13190,170,13219,0,0,209,13886,256,6260,209,20146,California
Monterey,2021-01-31,496,26905,74,13264,422,13641,0,0,485,14361,11,6271,486,20632,California
Monterey,2021-02-01,1641,28546,1126,14390,515,14156,0,0,1073,14867,567,6838,1073,21705,California
Monterey,2021-02-02,2188,30734,477,14867,1711,15867,0,0,1575,15830,612,7450,1575,23280,California
Monterey,2021-02-03,2344,33078,1052,15919,1292,17159,0,0,1563,16616,777,8227,1563,24843,California
Monterey,2021-02-04,2818,35896,2102,18021,716,17875,0,0,2464,18731,349,8576,2464,27307,California
Monterey,2021-02-05,3684,39580,2833,20854,851,18726,0,0,3237,21526,442,9018,3237,30544,California
Monterey,2021-02-06,1101,40681,379,21233,722,19448,0,0,756,21940,342,9360,756,31300,California
Monterey,2021-02-07,317,40998,272,21505,45,19493,0,0,96,21815,221,9581,96,31396,California
Monterey,2021-02-08,520,41518,291,21796,229,19722,0,0,421,22137,99,9680,421,31817,California
Monterey,2021-02-09,881,42399,684,22480,197,19919,0,0,568,22394,313,9993,570,32387,California
Monterey,2021-02-10,2096,44495,1106,23586,990,20909,0,0,1237,22774,859,10852,1239,33626,California
Monterey,2021-02-11,2522,47017,977,24563,1545,22454,0,0,1537,23330,983,11835,1539,35165,California
Monterey,2021-02-12,2626,49643,447,25010,2179,24633,0,0,1524,23754,1101,12936,1525,36690,California
Monterey,2021-02-13,1079,50722,50,25060,1029,25662,0,0,989,24654,89,13025,989,37679,California
Monterey,2021-02-14,597,51319,74,25134,523,26185,0,0,525,25107,72,13097,525,38204,California
Monterey,2021-02-15,1387,52706,167,25301,1220,27405,0,0,979,25681,406,13503,980,39184,California
Monterey,2021-02-16,1098,53804,248,25549,850,28255,0,0,871,26325,227,13730,871,40055,California
Monterey,2021-02-17,1974,55778,1180,26729,794,29049,0,0,1658,27670,315,14045,1660,41715,California
Monterey,2021-02-18,2244,58022,1180,27909,1064,30113,0,0,911,27264,1319,15364,913,42628,California
Monterey,2021-02-19,2962,60984,1545,29454,1417,31530,0,0,1350,27006,1610,16974,1352,43980,California
Monterey,2021-02-20,1040,62024,627,30081,413,31943,0,0,977,27922,62,17036,978,44958,California
Monterey,2021-02-21,1330,63354,1299,31380,31,31974,0,0,1251,29099,75,17111,1252,46210,California
Monterey,2021-02-22,1061,64415,907,32287,154,32128,0,0,682,29405,376,17487,682,46892,California
Monterey,2021-02-23,1020,65435,650,32937,370,32498,0,0,328,29043,691,18178,329,47221,California
Monterey,2021-02-24,2549,67984,1322,34259,1227,33725,0,0,1917,30334,627,18805,1918,49139,California
Monterey,2021-02-25,4456,72440,2450,36709,2006,35731,0,0,1474,28836,2974,21779,1476,50615,California
Monterey,2021-02-26,5304,77744,3087,39796,2217,37948,0,0,2632,28800,2669,24448,2633,53248,California
Monterey,2021-02-27,1026,78770,187,39983,839,38787,0,0,816,29411,205,24653,816,54064,California
Monterey,2021-02-28,1535,80305,86,40069,1448,40235,1,1,1066,30015,463,25116,1067,55131,California
Monterey,2021-03-01,1295,81600,143,40212,1149,41384,3,4,752,30234,536,25652,755,55886,California
Monterey,2021-03-02,2816,84416,1733,41945,1083,42467,0,4,1954,31330,858,26510,1954,57840,California
Monterey,2021-03-03,3221,87637,1246,43191,1975,44442,0,4,1283,30680,1934,28444,1284,59124,California
Monterey,2021-03-04,4575,92212,1476,44667,3099,47541,0,4,2943,31999,1626,30070,2945,62069,California
Monterey,2021-03-05,3676,95888,1620,46287,1776,49317,280,284,3002,34608,673,30743,3282,65351,California
Monterey,2021-03-06,5065,100953,1069,47356,3692,53009,304,588,4159,38166,903,31646,4461,69812,California
Monterey,2021-03-07,522,101475,107,47463,169,53178,246,834,234,38355,287,31933,476,70288,California
Monterey,2021-03-08,1674,103149,329,47792,957,54135,388,1222,1128,39322,546,32479,1513,71801,California
Monterey,2021-03-09,1992,105141,699,48491,1018,55153,275,1497,1488,40579,503,32982,1760,73561,California
Monterey,2021-03-10,3190,108331,1034,49525,1669,56822,487,1984,1471,40822,1712,34694,1955,75516,California
Monterey,2021-03-11,4168,112499,1413,50938,2380,59202,375,2359,2392,41822,1767,36461,2767,78283,California
Monterey,2021-03-12,4427,116926,2047,52985,2245,61447,135,2494,2729,42990,1695,38156,2863,81146,California
Monterey,2021-03-13,5311,122237,962,53947,4002,65449,347,2841,3981,45990,1328,39484,4328,85474,California
Monterey,2021-03-14,2157,124394,1326,55273,806,66255,25,2866,514,44903,1626,41110,539,86013,California
Monterey,2021-03-15,3994,128388,1275,56548,2416,68671,303,3169,2253,45724,1736,42846,2557,88570,California
Monterey,2021-03-16,3548,131936,593,57141,2564,71235,391,3560,2118,46802,1427,44273,2505,91075,California
Monterey,2021-03-17,5824,137760,2366,59507,3200,74435,258,3818,4200,49650,1615,45888,4463,95538,California
Monterey,2021-03-18,4464,142224,2166,61673,2129,76564,169,3987,3103,51603,1356,47244,3309,98847,California
Monterey,2021-03-19,5511,147735,2578,64251,2787,79351,146,4133,4222,54686,1284,48528,4367,103214,California
Monterey,2021-03-20,3372,151107,425,64676,2254,81605,693,4826,2282,56575,1086,49614,2975,106189,California
Monterey,2021-03-21,641,151748,214,64890,418,82023,9,4835,569,57082,70,49684,577,106766,California
Monterey,2021-03-22,2504,154252,1444,66334,997,83020,63,4898,2284,59210,217,49901,2345,109111,California
Monterey,2021-03-23,4028,158280,2361,68695,1624,84644,43,4941,2548,60326,1475,51376,2591,111702,California
Monterey,2021-03-24,5130,163410,2124,70819,2687,87331,319,5260,3738,62994,1385,52761,4053,115755,California
Monterey,2021-03-25,5334,168744,1229,72048,3746,91077,359,5619,2691,63411,2634,55395,3051,118806,California
Monterey,2021-03-26,5459,174203,2613,74661,2760,93837,86,5705,2760,63571,2688,58083,2848,121654,California
Monterey,2021-03-27,4856,179059,1451,76112,3150,96987,255,5960,3128,65231,1725,59808,3385,125039,California
Monterey,2021-03-28,1126,180185,346,76458,771,97758,9,5969,632,65386,486,60294,641,125680,California
Monterey,2021-03-29,3232,183417,1418,77876,1800,99558,14,5983,2006,66193,1218,61512,2025,127705,California
Monterey,2021-03-30,4522,187939,2141,80017,2335,101893,46,6029,2776,67283,1735,63247,2825,130530,California
Monterey,2021-03-31,5313,193252,2299,82316,2216,104109,798,6827,3321,69405,1987,65234,4109,134639,California
Monterey,2021-04-01,6152,199404,2065,84381,3675,107784,412,7239,3115,69905,3021,68255,3521,138160,California
Monterey,2021-04-02,4706,204110,2187,86568,2455,110239,64,7303,3164,71595,1540,69795,3230,141390,California
Monterey,2021-04-03,5945,210055,1119,87687,3780,114019,1046,8349,1234,69165,4702,74497,2272,143662,California
Monterey,2021-04-04,769,210824,157,87844,597,114616,15,8364,497,69407,272,74769,514,144176,California
Monterey,2021-04-05,4041,214865,2497,90341,1308,115924,236,8600,1507,68619,2529,77298,1741,145917,California
Monterey,2021-04-06,3454,218319,1356,91697,1625,117549,473,9073,1188,68014,2262,79560,1657,147574,California
Monterey,2021-04-07,5652,223971,1392,93089,3741,121290,519,9592,2708,68303,2933,82493,3222,150796,California
Monterey,2021-04-08,6696,230667,3515,96604,2370,123660,811,10403,3305,69034,3386,85879,4117,154913,California
Monterey,2021-04-09,5773,236440,3437,100041,1695,125355,641,11044,2295,68491,3475,89354,2932,157845,California
Monterey,2021-04-10,10301,246741,4963,105004,3129,128484,2209,13253,5000,70405,5288,94642,7202,165047,California
Monterey,2021-04-11,5516,252257,4338,109342,571,129055,607,13860,4467,74429,1043,95685,5067,170114,California
Monterey,2021-04-12,4157,256414,1883,111225,1958,131013,316,14176,963,72652,3055,98740,1278,171392,California
Monterey,2021-04-13,3227,259641,742,111967,2479,133492,6,14182,1551,72553,1658,100398,1559,172951,California
Monterey,2021-04-14,6855,266496,3189,115156,3663,137155,3,14185,1865,69456,4966,105364,1869,174820,California
Monterey,2021-04-15,5922,272418,3911,119067,2011,139166,0,14185,3886,71338,2005,107369,3887,178707,California
Monterey,2021-04-16,4790,277208,2335,121402,2442,141608,13,14198,2141,70860,2633,110002,2155,180862,California
Monterey,2021-04-17,5860,283068,1400,122802,4460,146068,0,14198,3799,72615,2045,112047,3800,184662,California
Monterey,2021-04-18,885,283953,292,123094,593,146661,0,14198,258,72250,623,112670,258,184920,California
Monterey,2021-04-19,3622,287575,1159,124253,2463,149124,0,14198,1648,71938,1960,114630,1648,186568,California
Monterey,2021-04-20,3848,291423,1548,125801,2300,151424,0,14198,1528,71171,2296,116926,1529,188097,California
Monterey,2021-04-21,6193,297616,3374,129175,2819,154243,0,14198,2959,70938,3194,120120,2961,191058,California
Monterey,2021-04-22,4899,302515,1070,130245,3829,158072,0,14198,1999,70081,2856,122976,1999,193057,California
Monterey,2021-04-23,5752,308267,2713,132958,3038,161110,1,14199,2267,68890,3464,126440,2273,195330,California
Monterey,2021-04-24,4290,312557,582,133540,3708,164818,0,14199,1547,67711,2726,129166,1547,196877,California
Monterey,2021-04-25,1247,313804,608,134148,639,165457,0,14199,788,68050,449,129615,788,197665,California
Monterey,2021-04-26,3786,317590,2244,136392,1525,166982,17,14216,983,66273,2777,132392,1000,198665,California
Monterey,2021-04-27,2884,320474,945,137337,1799,168781,140,14356,1222,65976,1658,134050,1361,200026,California
Monterey,2021-04-28,3665,324139,1401,138738,2111,170892,153,14509,2254,66981,1396,135446,2401,202427,California
Monterey,2021-04-29,4552,328691,2438,141176,2038,172930,76,14585,1667,65854,2871,138317,1744,204171,California
Monterey,2021-04-30,3244,331935,1685,142861,1484,174414,75,14660,832,64356,2403,140720,905,205076,California
Monterey,2021-05-01,5644,337579,4238,147099,1366,175780,40,14700,686,60143,4937,145657,724,205800,California
Monterey,2021-05-02,4351,341930,3924,151023,400,176180,27,14727,302,56437,4035,149692,329,206129,California
Monterey,2021-05-03,2546,344476,1567,152590,865,177045,114,14841,583,55181,1953,151645,697,206826,California
Monterey,2021-05-04,1826,346302,627,153217,1109,178154,90,14931,660,54780,1152,152797,751,207577,California
Monterey,2021-05-05,3382,349684,1243,154460,2054,180208,85,15016,1073,53641,2298,155095,1159,208736,California
Monterey,2021-05-06,4219,353903,2781,157241,1221,181429,217,15233,1123,51899,3081,158176,1339,210075,California
Monterey,2021-05-07,1970,355873,954,158195,918,182347,98,15331,704,51443,1257,159433,801,210876,California
Monterey,2021-05-08,2717,358590,1483,159678,911,183258,323,15654,964,50988,1741,161174,1286,212162,California
Monterey,2021-05-09,392,358982,113,159791,252,183510,27,15681,127,50878,264,161438,154,212316,California
Monterey,2021-05-10,2827,361809,2081,161872,699,184209,47,15728,527,49166,2288,163726,576,212892,California
Monterey,2021-05-11,1864,363673,952,162824,834,185043,78,15806,759,48912,1092,164818,838,213730,California
Monterey,2021-05-12,3929,367602,2075,164899,1771,186814,83,15889,876,46833,3039,167857,960,214690,California
Monterey,2021-05-13,2683,370285,1604,166503,1025,187839,54,15943,1536,47285,1136,168993,1588,216278,California
Monterey,2021-05-14,1872,372157,582,167085,1190,189029,100,16043,738,46999,1124,170117,838,217116,California
Monterey,2021-05-15,3389,375546,827,167912,2296,191325,266,16309,954,45793,2422,172539,1216,218332,California
Monterey,2021-05-16,983,376529,631,168543,281,191606,71,16380,283,45452,694,173233,353,218685,California
Monterey,2021-05-17,2245,378774,1341,169884,827,192433,77,16457,1069,45435,1163,174396,1146,219831,California
Monterey,2021-05-18,1757,380531,691,170575,1022,193455,44,16501,812,45357,936,175332,858,220689,California
Monterey,2021-05-19,3633,384164,2356,172931,1187,194642,90,16591,1938,45698,1689,177021,2030,222719,California
Monterey,2021-05-20,2784,386948,982,173913,1693,196335,109,16700,935,44910,1835,178856,1047,223766,California
Monterey,2021-05-21,3281,390229,1324,175237,1864,198199,93,16793,1010,43755,2257,181113,1102,224868,California
Monterey,2021-05-22,2133,392362,734,175971,1119,199318,280,17073,808,43527,1314,182427,1086,225954,California
Monterey,2021-05-23,874,393236,517,176488,341,199659,16,17089,501,43677,367,182794,517,226471,California
Monterey,2021-05-24,1739,394975,562,177050,1115,200774,62,17151,578,43162,1156,183950,641,227112,California
Monterey,2021-05-25,1434,396409,548,177598,816,201590,70,17221,567,42947,852,184802,637,227749,California
Monterey,2021-05-26,2677,399086,1031,178629,1589,203179,57,17278,1014,42371,1647,186449,1071,228820,California
Monterey,2021-05-27,2493,401579,1366,179995,1070,204249,57,17335,895,41742,1582,188031,953,229773,California
Monterey,2021-05-28,1743,403322,581,180576,1102,205351,60,17395,752,41575,980,189011,813,230586,California
Monterey,2021-05-29,990,404312,636,181212,321,205672,33,17428,403,41431,581,189592,437,231023,California
Monterey,2021-05-30,380,404692,164,181376,202,205874,14,17442,142,41350,237,189829,156,231179,California
Monterey,2021-05-31,186,404878,34,181410,143,206017,9,17451,52,41278,133,189962,61,231240,California
Monterey,2021-06-01,1722,406600,924,182334,666,206683,132,17583,530,40763,1173,191135,658,231898,California
Monterey,2021-06-02,1690,408290,978,183312,663,207346,49,17632,701,40529,984,192119,750,232648,California
Monterey,2021-06-03,2224,410514,1418,184730,771,208117,35,17667,518,39385,1696,193815,552,233200,California
Monterey,2021-06-04,1334,411848,688,185418,612,208729,34,17701,531,39155,795,194610,565,233765,California
Monterey,2021-06-05,2180,414028,857,186275,703,209432,620,18321,477,38556,1688,196298,1089,234854,California
Monterey,2021-06-06,494,414522,406,186681,79,209511,9,18330,252,38575,241,196539,260,235114,California
Monterey,2021-06-07,943,415465,488,187169,408,209919,47,18377,363,38413,570,197109,408,235522,California
Monterey,2021-06-08,1180,416645,739,187908,417,210336,24,18401,418,38103,751,197860,441,235963,California
Monterey,2021-06-09,2919,419564,2191,190099,602,210938,126,18527,641,36596,2274,200134,767,236730,California
Monterey,2021-06-10,1530,421094,940,191039,529,211467,61,18588,545,36222,978,201112,604,237334,California
Monterey,2021-06-11,1405,422499,766,191805,563,212030,76,18664,511,35920,887,201999,585,237919,California
Monterey,2021-06-12,750,423249,512,192317,223,212253,15,18679,352,35891,396,202395,367,238286,California
Monterey,2021-06-13,597,423846,463,192780,121,212374,13,18692,118,35546,475,202870,130,238416,California
Monterey,2021-06-14,1403,425249,1008,193788,361,212735,34,18726,366,34916,1030,203900,400,238816,California
Monterey,2021-06-15,1171,426420,597,194385,451,213186,123,18849,410,34697,752,204652,533,239349,California
Monterey,2021-06-16,1592,428012,1112,195497,447,213633,33,18882,408,33962,1176,205828,441,239790,California
Monterey,2021-06-17,1185,429197,689,196186,342,213975,154,19036,430,33794,751,206579,583,240373,California
Monterey,2021-06-18,1211,430408,731,196917,451,214426,29,19065,539,33696,666,207245,568,240941,California
Monterey,2021-06-19,1307,431715,1010,197927,266,214692,31,19096,491,33410,808,208053,522,241463,California
Monterey,2021-06-20,236,431951,158,198085,70,214762,8,19104,81,33345,155,208208,90,241553,California
Monterey,2021-06-21,678,432629,371,198456,272,215034,35,19139,387,33480,286,208494,421,241974,California
Monterey,2021-06-22,1527,434156,984,199440,354,215388,189,19328,503,33156,1011,209505,687,242661,California
Monterey,2021-06-23,1080,435236,722,200162,324,215712,34,19362,439,32996,632,210137,472,243133,California
Monterey,2021-06-24,867,436103,519,200681,326,216038,22,19384,418,32991,445,210582,440,243573,California
Monterey,2021-06-25,997,437100,614,201295,367,216405,16,19400,471,32956,521,211103,486,244059,California
Monterey,2021-06-26,610,437710,444,201739,154,216559,12,19412,336,33031,271,211374,346,244405,California
Monterey,2021-06-27,352,438062,272,202011,66,216625,14,19426,99,32892,252,211626,113,244518,California
Monterey,2021-06-28,575,438637,373,202384,171,216796,31,19457,252,32857,318,211944,283,244801,California
Monterey,2021-06-29,857,439494,528,202912,245,217041,84,19541,339,32766,513,212457,422,245223,California
Monterey,2021-06-30,1039,440533,703,203615,316,217357,20,19561,424,32601,609,213066,444,245667,California
Monterey,2021-07-01,763,441296,524,204139,216,217573,23,19584,347,32558,412,213478,369,246036,California
Monterey,2021-07-02,880,442176,487,204626,355,217928,38,19622,469,32661,404,213882,507,246543,California
Monterey,2021-07-03,558,442734,428,205054,127,218055,3,19625,261,32631,294,214176,264,246807,California
Monterey,2021-07-04,33,442767,23,205077,9,218064,1,19626,22,32643,11,214187,23,246830,California
Monterey,2021-07-05,249,443016,122,205199,125,218189,2,19628,111,32620,136,214323,113,246943,California
Napa,2020-12-16,12,12,12,12,0,0,0,0,12,12,0,0,12,12,California
Napa,2020-12-17,46,58,46,58,0,0,0,0,46,58,0,0,46,58,California
Napa,2020-12-18,106,164,106,164,0,0,0,0,106,164,0,0,106,164,California
Napa,2020-12-19,222,386,222,386,0,0,0,0,222,386,0,0,222,386,California
Napa,2020-12-20,190,576,190,576,0,0,0,0,190,576,0,0,190,576,California
Napa,2020-12-21,314,890,314,890,0,0,0,0,315,891,0,0,315,891,California
Napa,2020-12-22,338,1228,329,1219,9,9,0,0,338,1229,0,0,338,1229,California
Napa,2020-12-23,436,1664,324,1543,112,121,0,0,436,1665,0,0,436,1665,California
Napa,2020-12-24,139,1803,77,1620,62,183,0,0,139,1804,0,0,139,1804,California
Napa,2020-12-25,1,1804,1,1621,0,183,0,0,1,1805,0,0,1,1805,California
Napa,2020-12-26,40,1844,11,1632,29,212,0,0,40,1845,0,0,40,1845,California
Napa,2020-12-27,32,1876,16,1648,16,228,0,0,32,1877,0,0,32,1877,California
Napa,2020-12-28,252,2128,184,1832,68,296,0,0,279,2156,0,0,279,2156,California
Napa,2020-12-29,274,2402,215,2047,59,355,0,0,307,2463,0,0,307,2463,California
Napa,2020-12-30,634,3036,486,2533,148,503,0,0,642,3105,0,0,642,3105,California
Napa,2020-12-31,462,3498,373,2906,89,592,0,0,462,3567,0,0,462,3567,California
Napa,2021-01-01,1,3499,1,2907,0,592,0,0,1,3568,0,0,1,3568,California
Napa,2021-01-02,95,3594,90,2997,5,597,0,0,95,3663,0,0,95,3663,California
Napa,2021-01-03,14,3608,12,3009,2,599,0,0,9,3672,0,0,9,3672,California
Napa,2021-01-04,105,3713,62,3071,43,642,0,0,105,3777,0,0,105,3777,California
Napa,2021-01-05,163,3876,86,3157,77,719,0,0,146,3899,24,24,146,3923,California
Napa,2021-01-06,466,4342,118,3275,348,1067,0,0,400,4235,64,88,400,4323,California
Napa,2021-01-07,498,4840,236,3511,262,1329,0,0,394,4526,103,191,394,4717,California
Napa,2021-01-08,442,5282,228,3739,214,1543,0,0,258,4601,183,374,258,4975,California
Napa,2021-01-09,328,5610,303,4042,25,1568,0,0,190,4653,138,512,190,5165,California
Napa,2021-01-10,185,5795,102,4144,83,1651,0,0,108,4684,77,589,108,5273,California
Napa,2021-01-11,870,6665,420,4564,450,2101,0,0,500,4815,371,960,502,5775,California
Napa,2021-01-12,1329,7994,381,4945,948,3049,0,0,1005,5496,324,1284,1005,6780,California
Napa,2021-01-13,1319,9313,269,5214,1050,4099,0,0,1155,6489,163,1447,1156,7936,California
Napa,2021-01-14,1055,10368,169,5383,886,4985,0,0,938,7312,115,1562,938,8874,California
Napa,2021-01-15,1471,11839,385,5768,1086,6071,0,0,1324,8482,155,1717,1325,10199,California
Napa,2021-01-16,361,12200,132,5900,229,6300,0,0,343,8807,18,1735,343,10542,California
Napa,2021-01-17,344,12544,179,6079,165,6465,0,0,334,9131,10,1745,334,10876,California
Napa,2021-01-18,1092,13636,197,6276,895,7360,0,0,1001,10041,91,1836,1001,11877,California
Napa,2021-01-19,1006,14642,403,6679,603,7963,0,0,766,10568,239,2075,766,12643,California
Napa,2021-01-20,837,15479,189,6868,648,8611,0,0,649,11032,186,2261,650,13293,California
Napa,2021-01-21,1573,17052,610,7478,963,9574,0,0,1119,11699,453,2714,1120,14413,California
Napa,2021-01-22,1580,18632,436,7914,1144,10718,0,0,1235,12591,344,3058,1236,15649,California
Napa,2021-01-23,397,19029,317,8231,80,10798,0,0,337,12868,60,3118,337,15986,California
Napa,2021-01-24,267,19296,189,8420,78,10876,0,0,209,13019,58,3176,209,16195,California
Napa,2021-01-25,1524,20820,230,8650,1294,12170,0,0,1435,14365,89,3265,1435,17630,California
Napa,2021-01-26,880,21700,284,8934,596,12766,0,0,785,15056,95,3360,786,18416,California
Napa,2021-01-27,632,22332,222,9156,410,13176,0,0,469,15362,164,3524,470,18886,California
Napa,2021-01-28,390,22722,175,9331,215,13391,0,0,197,15368,191,3715,197,19083,California
Napa,2021-01-29,263,22985,66,9397,197,13588,0,0,166,15437,97,3812,166,19249,California
Napa,2021-01-30,821,23806,709,10106,112,13700,0,0,652,15920,169,3981,652,19901,California
Napa,2021-01-31,693,24499,661,10767,32,13732,0,0,669,16565,24,4005,669,20570,California
Napa,2021-02-01,323,24822,113,10880,210,13942,0,0,165,16572,158,4163,165,20735,California
Napa,2021-02-02,616,25438,283,11163,333,14275,0,0,304,16567,309,4472,304,21039,California
Napa,2021-02-03,753,26191,314,11477,439,14714,0,0,435,16685,317,4789,435,21474,California
Napa,2021-02-04,791,26982,373,11850,418,15132,0,0,443,16782,346,5135,443,21917,California
Napa,2021-02-05,714,27696,312,12162,402,15534,0,0,343,16754,371,5506,343,22260,California
Napa,2021-02-06,440,28136,146,12308,294,15828,0,0,334,16983,105,5611,334,22594,California
Napa,2021-02-07,180,28316,167,12475,13,15841,0,0,72,16947,108,5719,72,22666,California
Napa,2021-02-08,839,29155,193,12668,646,16487,0,0,278,16666,559,6278,278,22944,California
Napa,2021-02-09,1090,30245,450,13118,640,17127,0,0,445,16467,644,6922,445,23389,California
Napa,2021-02-10,1741,31986,196,13314,1545,18672,0,0,455,15640,1283,8205,456,23845,California
Napa,2021-02-11,1508,33494,198,13512,1310,19982,0,0,408,14961,1087,9292,408,24253,California
Napa,2021-02-12,2199,35693,867,14379,1332,21314,0,0,697,14161,1497,10789,697,24950,California
Napa,2021-02-13,514,36207,56,14435,458,21772,0,0,320,14287,194,10983,320,25270,California
Napa,2021-02-14,354,36561,88,14523,266,22038,0,0,191,14315,163,11146,191,25461,California
Napa,2021-02-15,886,37447,185,14708,701,22739,0,0,225,13881,659,11805,225,25686,California
Napa,2021-02-16,1298,38745,602,15310,696,23435,0,0,619,13824,676,12481,619,26305,California
Napa,2021-02-17,1066,39811,536,15846,530,23965,0,0,486,13733,578,13059,487,26792,California
Napa,2021-02-18,1944,41755,496,16342,1448,25413,0,0,675,13142,1266,14325,675,27467,California
Napa,2021-02-19,1517,43272,598,16940,919,26332,0,0,683,12993,832,15157,683,28150,California
Napa,2021-02-20,876,44148,638,17578,238,26570,0,0,284,12685,592,15749,284,28434,California
Napa,2021-02-21,894,45042,826,18404,68,26638,0,0,198,12187,696,16445,198,28632,California
Napa,2021-02-22,486,45528,203,18607,283,26921,0,0,149,11999,337,16782,149,28781,California
Napa,2021-02-23,1166,46694,318,18925,848,27769,0,0,330,11493,836,17618,330,29111,California
Napa,2021-02-24,1214,47908,682,19607,532,28301,0,0,617,11515,595,18213,617,29728,California
Napa,2021-02-25,2601,50509,1256,20863,1345,29646,0,0,1879,12674,720,18933,1879,31607,California
Napa,2021-02-26,1553,52062,552,21415,1001,30647,0,0,620,12363,931,19864,620,32227,California
Napa,2021-02-27,1189,53251,425,21840,764,31411,0,0,931,13038,256,20120,931,33158,California
Napa,2021-02-28,727,53978,607,22447,120,31531,0,0,610,13533,115,20235,610,33768,California
Napa,2021-03-01,1173,55151,881,23328,292,31823,0,0,895,14152,276,20511,895,34663,California
Napa,2021-03-02,1506,56657,1050,24378,456,32279,0,0,1160,14967,345,20856,1160,35823,California
Napa,2021-03-03,1572,58229,696,25074,876,33155,0,0,1381,16158,190,21046,1381,37204,California
Napa,2021-03-04,1723,59952,792,25866,931,34086,0,0,1479,17396,241,21287,1479,38683,California
Napa,2021-03-05,1912,61864,792,26658,1116,35202,4,4,1484,18459,425,21712,1488,40171,California
Napa,2021-03-06,658,62522,289,26947,338,35540,31,35,544,18922,112,21824,575,40746,California
Napa,2021-03-07,533,63055,322,27269,196,35736,15,50,382,19169,150,21974,397,41143,California
Napa,2021-03-08,716,63771,337,27606,326,36062,53,103,539,19586,174,22148,591,41734,California
Napa,2021-03-09,1691,65462,610,28216,1035,37097,46,149,1248,20441,439,22587,1294,43028,California
Napa,2021-03-10,1502,66964,927,29143,481,37578,94,243,800,20634,698,23285,891,43919,California
Napa,2021-03-11,1891,68855,1069,30212,690,38268,132,375,988,20849,902,24187,1117,45036,California
Napa,2021-03-12,1520,70375,925,31137,499,38767,96,471,813,21052,704,24891,907,45943,California
Napa,2021-03-13,1181,71556,310,31447,846,39613,25,496,835,21568,344,25235,860,46803,California
Napa,2021-03-14,622,72178,337,31784,134,39747,151,647,206,21509,415,25650,356,47159,California
Napa,2021-03-15,963,73141,414,32198,479,40226,70,717,483,21583,478,26128,552,47711,California
Napa,2021-03-16,1857,74998,394,32592,1336,41562,127,844,1381,22620,472,26600,1509,49220,California
Napa,2021-03-17,2534,77532,1862,34454,493,42055,179,1023,1587,23440,946,27546,1766,50986,California
Napa,2021-03-18,2150,79682,957,35411,1182,43237,11,1034,1284,23874,861,28407,1295,52281,California
Napa,2021-03-19,1460,81142,889,36300,544,43781,27,1061,694,23832,763,29170,721,53002,California
Napa,2021-03-20,1014,82156,531,36831,330,44111,153,1214,390,23752,623,29793,543,53545,California
Napa,2021-03-21,726,82882,701,37532,22,44133,3,1217,232,23495,492,30285,235,53780,California
Napa,2021-03-22,1302,84184,1122,38654,168,44301,12,1229,438,23086,859,31144,450,54230,California
Napa,2021-03-23,1899,86083,1202,39856,680,44981,17,1246,1009,23226,886,32030,1026,55256,California
Napa,2021-03-24,1712,87795,947,40803,756,45737,9,1255,816,23155,895,32925,824,56080,California
Napa,2021-03-25,1938,89733,1059,41862,825,46562,54,1309,774,22825,1158,34083,828,56908,California
Napa,2021-03-26,1313,91046,839,42701,468,47030,6,1315,588,22700,719,34802,594,57502,California
Napa,2021-03-27,953,91999,435,43136,491,47521,27,1342,295,22364,658,35460,322,57824,California
Napa,2021-03-28,492,92491,382,43518,103,47624,7,1349,180,22241,310,35770,187,58011,California
Napa,2021-03-29,1203,93694,877,44395,321,47945,5,1354,731,22507,470,36240,736,58747,California
Napa,2021-03-30,2800,96494,934,45329,1861,49806,5,1359,1979,23669,822,37062,1984,60731,California
Napa,2021-03-31,1976,98470,964,46293,943,50749,69,1428,800,23363,1173,38235,867,61598,California
Napa,2021-04-01,1760,100230,847,47140,795,51544,118,1546,479,22684,1274,39509,595,62193,California
Napa,2021-04-02,1871,102101,844,47984,885,52429,142,1688,473,21903,1395,40904,614,62807,California
Napa,2021-04-03,638,102739,372,48356,208,52637,58,1746,213,21749,424,41328,270,63077,California
Napa,2021-04-04,360,103099,146,48502,155,52792,59,1805,124,21697,235,41563,183,63260,California
Napa,2021-04-05,1277,104376,759,49261,299,53091,219,2024,573,21787,701,42264,791,64051,California
Napa,2021-04-06,2270,106646,567,49828,1442,54533,261,2285,528,20835,1739,44003,787,64838,California
Napa,2021-04-07,1753,108399,708,50536,823,55356,222,2507,530,20368,1217,45220,750,65588,California
Napa,2021-04-08,1873,110272,1073,51609,423,55779,377,2884,963,20803,904,46124,1339,66927,California
Napa,2021-04-09,1550,111822,927,52536,318,56097,305,3189,679,20917,869,46993,983,67910,California
Napa,2021-04-10,1052,112874,352,52888,597,56694,103,3292,245,20461,804,47797,348,68258,California
Napa,2021-04-11,386,113260,300,53188,63,56757,23,3315,157,20412,229,48026,180,68438,California
Napa,2021-04-12,796,114056,302,53490,369,57126,125,3440,292,20323,502,48528,413,68851,California
Napa,2021-04-13,2591,116647,869,54359,1722,58848,0,3440,941,19620,1644,50172,941,69792,California
Napa,2021-04-14,2161,118808,1019,55378,1142,59990,0,3440,1053,19573,1100,51272,1053,70845,California
Napa,2021-04-15,2093,120901,535,55913,1558,61548,0,3440,901,19290,1184,52456,901,71746,California
Napa,2021-04-16,3013,123914,1646,57559,1367,62915,0,3440,2280,20842,728,53184,2280,74026,California
Napa,2021-04-17,1169,125083,276,57835,893,63808,0,3440,863,21400,305,53489,863,74889,California
Napa,2021-04-18,286,125369,190,58025,96,63904,0,3440,124,21362,162,53651,124,75013,California
Napa,2021-04-19,631,126000,342,58367,289,64193,0,3440,276,21284,354,54005,276,75289,California
Napa,2021-04-20,3075,129075,2096,60463,979,65172,0,3440,2090,22392,983,54988,2091,77380,California
Napa,2021-04-21,2982,132057,2202,62665,780,65952,0,3440,1885,23187,1091,56079,1886,79266,California
Napa,2021-04-22,1833,133890,1297,63962,536,66488,0,3440,865,23088,964,57043,865,80131,California
Napa,2021-04-23,1653,135543,1270,65232,381,66869,2,3442,1164,23767,485,57528,1164,81295,California
Napa,2021-04-24,573,136116,322,65554,251,67120,0,3442,297,23791,273,57801,297,81592,California
Napa,2021-04-25,249,136365,190,65744,59,67179,0,3442,127,23797,121,57922,127,81719,California
Napa,2021-04-26,551,136916,282,66026,269,67448,0,3442,284,23819,262,58184,284,82003,California
Napa,2021-04-27,1788,138704,469,66495,1307,68755,12,3454,593,23233,1191,59375,605,82608,California
Napa,2021-04-28,1021,139725,472,66967,532,69287,17,3471,349,22929,670,60045,366,82974,California
Napa,2021-04-29,732,140457,364,67331,349,69636,19,3490,268,22758,457,60502,286,83260,California
Napa,2021-04-30,623,141080,312,67643,247,69883,64,3554,258,22716,363,60865,321,83581,California
Napa,2021-05-01,330,141410,271,67914,48,69931,11,3565,122,22641,208,61073,133,83714,California
Napa,2021-05-02,238,141648,194,68108,38,69969,6,3571,100,22610,137,61210,106,83820,California
Napa,2021-05-03,637,142285,497,68605,104,70073,36,3607,111,22236,522,61732,148,83968,California
Napa,2021-05-04,1140,143425,727,69332,301,70374,112,3719,305,21822,831,62563,417,84385,California
Napa,2021-05-05,1042,144467,705,70037,299,70673,38,3757,263,21347,776,63339,301,84686,California
Napa,2021-05-06,722,145189,320,70357,379,71052,23,3780,371,21400,342,63681,395,85081,California
Napa,2021-05-07,1597,146786,1366,71723,168,71220,63,3843,332,20553,1241,64922,394,85475,California
Napa,2021-05-08,259,147045,166,71889,82,71302,11,3854,87,20481,170,65092,98,85573,California
Napa,2021-05-09,120,147165,88,71977,32,71334,0,3854,59,20479,61,65153,59,85632,California
Napa,2021-05-10,430,147595,146,72123,265,71599,19,3873,111,20291,318,65471,130,85762,California
Napa,2021-05-11,2195,149790,1810,73933,360,71959,25,3898,386,18899,1803,67274,411,86173,California
Napa,2021-05-12,2219,152009,1388,75321,774,72733,57,3955,311,17364,1902,69176,367,86540,California
Napa,2021-05-13,1969,153978,1249,76570,680,73413,40,3995,864,17171,1098,70274,905,87445,California
Napa,2021-05-14,1967,155945,1188,77758,693,74106,86,4081,533,16364,1427,71701,620,88065,California
Napa,2021-05-15,1078,157023,366,78124,700,74806,12,4093,258,15819,816,72517,271,88336,California
Napa,2021-05-16,244,157267,164,78288,78,74884,2,4095,73,15723,171,72688,75,88411,California
Napa,2021-05-17,892,158159,347,78635,515,75399,30,4125,306,15536,524,73212,337,88748,California
Napa,2021-05-18,1083,159242,558,79193,468,75867,57,4182,516,15547,562,73774,573,89321,California
Napa,2021-05-19,976,160218,574,79767,372,76239,30,4212,507,15617,466,74240,536,89857,California
Napa,2021-05-20,660,160878,435,80202,194,76433,31,4243,380,15750,278,74518,411,90268,California
Napa,2021-05-21,528,161406,267,80469,229,76662,32,4275,219,15694,307,74825,251,90519,California
Napa,2021-05-22,463,161869,276,80745,178,76840,9,4284,192,15625,271,75096,202,90721,California
Napa,2021-05-23,401,162270,355,81100,35,76875,11,4295,296,15827,105,75201,307,91028,California
Napa,2021-05-24,385,162655,188,81288,177,77052,20,4315,154,15772,229,75430,174,91202,California
Napa,2021-05-25,429,163084,175,81463,183,77235,71,4386,144,15702,284,75714,214,91416,California
Napa,2021-05-26,560,163644,362,81825,174,77409,24,4410,320,15809,237,75951,344,91760,California
Napa,2021-05-27,398,164042,171,81996,199,77608,28,4438,151,15741,247,76198,179,91939,California
Napa,2021-05-28,406,164448,211,82207,171,77779,24,4462,169,15699,233,76431,191,92130,California
Napa,2021-05-29,128,164576,79,82286,45,77824,4,4466,74,15724,53,76484,78,92208,California
Napa,2021-05-30,97,164673,61,82347,31,77855,5,4471,28,15690,67,76551,33,92241,California
Napa,2021-05-31,51,164724,17,82364,28,77883,6,4477,9,15663,42,76593,15,92256,California
Napa,2021-06-01,605,165329,313,82677,268,78151,24,4501,261,15609,338,76931,284,92540,California
Napa,2021-06-02,412,165741,244,82921,146,78297,22,4523,190,15600,220,77151,211,92751,California
Napa,2021-06-03,754,166495,460,83381,269,78566,25,4548,128,15129,622,77773,151,92902,California
Napa,2021-06-04,784,167279,603,83984,144,78710,37,4585,145,14674,637,78410,182,93084,California
Napa,2021-06-05,312,167591,254,84238,47,78757,11,4596,73,14521,237,78647,84,93168,California
Napa,2021-06-06,146,167737,126,84364,19,78776,1,4597,45,14467,100,78747,46,93214,California
Napa,2021-06-07,396,168133,286,84650,82,78858,28,4625,93,14285,303,79050,121,93335,California
Napa,2021-06-08,623,168756,494,85144,112,78970,17,4642,275,14232,345,79395,292,93627,California
Napa,2021-06-09,556,169312,451,85595,90,79060,15,4657,97,13886,458,79853,112,93739,California
Napa,2021-06-10,511,169823,414,86009,64,79124,33,4690,107,13622,404,80257,140,93879,California
Napa,2021-06-11,412,170235,268,86277,119,79243,25,4715,117,13470,294,80551,142,94021,California
Napa,2021-06-12,204,170439,172,86449,27,79270,5,4720,41,13353,163,80714,46,94067,California
Napa,2021-06-13,290,170729,277,86726,8,79278,5,4725,29,13126,261,80975,34,94101,California
Napa,2021-06-14,484,171213,341,87067,117,79395,26,4751,92,12853,388,81363,115,94216,California
Napa,2021-06-15,377,171590,277,87344,87,79482,13,4764,185,12861,190,81553,198,94414,California
Napa,2021-06-16,261,171851,164,87508,81,79563,16,4780,84,12788,173,81726,100,94514,California
Napa,2021-06-17,391,172242,322,87830,61,79624,8,4788,71,12547,320,82046,79,94593,California
Napa,2021-06-18,267,172509,173,88003,83,79707,11,4799,90,12473,175,82221,101,94694,California
Napa,2021-06-19,110,172619,77,88080,23,79730,10,4809,47,12469,61,82282,57,94751,California
Napa,2021-06-20,54,172673,42,88122,9,79739,3,4812,19,12456,35,82317,22,94773,California
Napa,2021-06-21,158,172831,73,88195,65,79804,20,4832,75,12468,82,82399,94,94867,California
Napa,2021-06-22,375,173206,296,88491,64,79868,15,4847,109,12328,264,82663,124,94991,California
Napa,2021-06-23,340,173546,264,88755,54,79922,22,4869,109,12231,227,82890,130,95121,California
Napa,2021-06-24,167,173713,114,88869,48,79970,5,4874,71,12213,94,82984,76,95197,California
Napa,2021-06-25,244,173957,161,89030,70,80040,13,4887,119,12225,119,83103,131,95328,California
Napa,2021-06-26,92,174049,76,89106,11,80051,5,4892,45,12228,47,83150,50,95378,California
Napa,2021-06-27,70,174119,60,89166,10,80061,0,4892,33,12224,37,83187,33,95411,California
Napa,2021-06-28,189,174308,144,89310,34,80095,11,4903,82,12210,106,83293,92,95503,California
Napa,2021-06-29,405,174713,334,89644,55,80150,16,4919,113,12048,290,83583,128,95631,California
Napa,2021-06-30,178,174891,123,89767,46,80196,9,4928,79,12038,98,83681,88,95719,California
Napa,2021-07-01,166,175057,113,89880,45,80241,8,4936,75,12030,90,83771,82,95801,California
Napa,2021-07-02,169,175226,131,90011,31,80272,7,4943,68,12005,100,83871,75,95876,California
Napa,2021-07-03,71,175297,58,90069,7,80279,6,4949,41,12022,30,83901,47,95923,California
Napa,2021-07-04,7,175304,0,90069,6,80285,1,4950,0,12016,7,83908,1,95924,California
Napa,2021-07-05,53,175357,40,90109,10,80295,3,4953,29,12024,24,83932,32,95956,California
Nevada,2020-12-16,3,3,3,3,0,0,0,0,3,3,0,0,3,3,California
Nevada,2020-12-17,6,9,6,9,0,0,0,0,6,9,0,0,6,9,California
Nevada,2020-12-18,57,66,57,66,0,0,0,0,57,66,0,0,57,66,California
Nevada,2020-12-19,55,121,55,121,0,0,0,0,55,121,0,0,55,121,California
Nevada,2020-12-20,13,134,13,134,0,0,0,0,13,134,0,0,13,134,California
Nevada,2020-12-21,69,203,69,203,0,0,0,0,69,203,0,0,69,203,California
Nevada,2020-12-22,90,293,88,291,2,2,0,0,90,293,0,0,90,293,California
Nevada,2020-12-23,232,525,202,493,30,32,0,0,232,525,0,0,232,525,California
Nevada,2020-12-24,13,538,11,504,2,34,0,0,13,538,0,0,13,538,California
Nevada,2020-12-25,3,541,3,507,0,34,0,0,3,541,0,0,3,541,California
Nevada,2020-12-26,6,547,4,511,2,36,0,0,6,547,0,0,6,547,California
Nevada,2020-12-27,89,636,89,600,0,36,0,0,89,636,0,0,89,636,California
Nevada,2020-12-28,172,808,94,694,78,114,0,0,172,808,0,0,172,808,California
Nevada,2020-12-29,100,908,74,768,26,140,0,0,100,908,0,0,100,908,California
Nevada,2020-12-30,86,994,66,834,20,160,0,0,86,994,0,0,86,994,California
Nevada,2020-12-31,38,1032,8,842,30,190,0,0,38,1032,0,0,38,1032,California
Nevada,2021-01-01,3,1035,0,842,3,193,0,0,3,1035,0,0,3,1035,California
Nevada,2021-01-02,2,1037,1,843,1,194,0,0,2,1037,0,0,2,1037,California
Nevada,2021-01-03,130,1167,125,968,5,199,0,0,130,1167,0,0,130,1167,California
Nevada,2021-01-04,72,1239,47,1015,25,224,0,0,72,1239,0,0,72,1239,California
Nevada,2021-01-05,274,1513,133,1148,141,365,0,0,273,1511,1,1,273,1512,California
Nevada,2021-01-06,90,1603,42,1190,48,413,0,0,82,1585,8,9,82,1594,California
Nevada,2021-01-07,217,1820,43,1233,174,587,0,0,210,1790,6,15,211,1805,California
Nevada,2021-01-08,222,2042,129,1362,93,680,0,0,165,1899,57,72,166,1971,California
Nevada,2021-01-09,64,2106,57,1419,7,687,0,0,14,1863,50,122,14,1985,California
Nevada,2021-01-10,19,2125,10,1429,9,696,0,0,10,1864,9,131,10,1995,California
Nevada,2021-01-11,188,2313,131,1560,57,753,0,0,60,1796,128,259,60,2055,California
Nevada,2021-01-12,600,2913,453,2013,147,900,0,0,533,2262,67,326,533,2588,California
Nevada,2021-01-13,262,3175,148,2161,114,1014,0,0,128,2256,134,460,128,2716,California
Nevada,2021-01-14,239,3414,127,2288,112,1126,0,0,222,2462,16,476,222,2938,California
Nevada,2021-01-15,402,3816,174,2462,228,1354,0,0,301,2662,101,577,301,3239,California
Nevada,2021-01-16,299,4115,15,2477,284,1638,0,0,295,2953,4,581,295,3534,California
Nevada,2021-01-17,37,4152,33,2510,4,1642,0,0,35,2986,2,583,35,3569,California
Nevada,2021-01-18,151,4303,41,2551,110,1752,0,0,141,3117,10,593,141,3710,California
Nevada,2021-01-19,250,4553,90,2641,160,1912,0,0,228,3323,22,615,228,3938,California
Nevada,2021-01-20,276,4829,166,2807,110,2022,0,0,262,3571,14,629,262,4200,California
Nevada,2021-01-21,345,5174,207,3014,138,2160,0,0,332,3890,13,642,332,4532,California
Nevada,2021-01-22,379,5553,237,3251,142,2302,0,0,349,4209,30,672,349,4881,California
Nevada,2021-01-23,182,5735,107,3358,75,2377,0,0,182,4391,0,672,182,5063,California
Nevada,2021-01-24,110,5845,102,3460,8,2385,0,0,69,4419,41,713,69,5132,California
Nevada,2021-01-25,266,6111,135,3595,131,2516,0,0,204,4561,62,775,204,5336,California
Nevada,2021-01-26,408,6519,145,3740,263,2779,0,0,303,4759,105,880,303,5639,California
Nevada,2021-01-27,429,6948,254,3994,175,2954,0,0,404,5138,25,905,404,6043,California
Nevada,2021-01-28,480,7428,327,4321,153,3107,0,0,436,5531,43,948,436,6479,California
Nevada,2021-01-29,607,8035,392,4713,215,3322,0,0,579,6084,27,975,580,7059,California
Nevada,2021-01-30,296,8331,106,4819,190,3512,0,0,293,6374,3,978,293,7352,California
Nevada,2021-01-31,104,8435,87,4906,17,3529,0,0,100,6472,3,981,101,7453,California
Nevada,2021-02-01,294,8729,72,4978,222,3751,0,0,280,6738,14,995,280,7733,California
Nevada,2021-02-02,533,9262,188,5166,345,4096,0,0,333,6871,200,1195,333,8066,California
Nevada,2021-02-03,818,10080,575,5741,243,4339,0,0,763,7580,54,1249,763,8829,California
Nevada,2021-02-04,741,10821,393,6134,348,4687,0,0,489,7818,251,1500,489,9318,California
Nevada,2021-02-05,658,11479,370,6504,288,4975,0,0,467,8096,189,1689,467,9785,California
Nevada,2021-02-06,272,11751,84,6588,188,5163,0,0,243,8310,29,1718,243,10028,California
Nevada,2021-02-07,247,11998,193,6781,54,5217,0,0,192,8447,55,1773,192,10220,California
Nevada,2021-02-08,655,12653,406,7187,249,5466,0,0,551,8896,102,1875,551,10771,California
Nevada,2021-02-09,607,13260,340,7527,267,5733,0,0,464,9217,143,2018,464,11235,California
Nevada,2021-02-10,655,13915,327,7854,328,6061,0,0,422,9408,232,2250,423,11658,California
Nevada,2021-02-11,889,14804,514,8368,375,6436,0,0,554,9629,333,2583,554,12212,California
Nevada,2021-02-12,958,15762,446,8814,512,6948,0,0,630,9934,325,2908,630,12842,California
Nevada,2021-02-13,618,16380,240,9054,378,7326,0,0,392,10105,222,3130,393,13235,California
Nevada,2021-02-14,234,16614,120,9174,114,7440,0,0,205,10281,29,3159,205,13440,California
Nevada,2021-02-15,712,17326,438,9612,274,7714,0,0,538,10645,174,3333,538,13978,California
Nevada,2021-02-16,629,17955,202,9814,427,8141,0,0,458,10933,170,3503,458,14436,California
Nevada,2021-02-17,1203,19158,778,10592,425,8566,0,0,859,11448,344,3847,859,15295,California
Nevada,2021-02-18,1025,20183,558,11150,467,9033,0,0,603,11632,419,4266,603,15898,California
Nevada,2021-02-19,1132,21315,636,11786,496,9529,0,0,761,12025,369,4635,762,16660,California
Nevada,2021-02-20,308,21623,113,11899,195,9724,0,0,180,12078,127,4762,180,16840,California
Nevada,2021-02-21,105,21728,91,11990,14,9738,0,0,15,12006,87,4849,15,16855,California
Nevada,2021-02-22,517,22245,346,12336,171,9909,0,0,366,12222,150,4999,366,17221,California
Nevada,2021-02-23,510,22755,250,12586,260,10169,0,0,227,12170,280,5279,228,17449,California
Nevada,2021-02-24,527,23282,282,12868,245,10414,0,0,260,12167,267,5546,264,17713,California
Nevada,2021-02-25,875,24157,474,13342,401,10815,0,0,438,12170,435,5981,438,18151,California
Nevada,2021-02-26,1250,25407,889,14231,361,11176,0,0,418,11759,829,6810,418,18569,California
Nevada,2021-02-27,426,25833,113,14344,313,11489,0,0,195,11723,231,7041,195,18764,California
Nevada,2021-02-28,274,26107,160,14504,114,11603,0,0,127,11704,146,7187,127,18891,California
Nevada,2021-03-01,841,26948,438,14942,403,12006,0,0,369,11605,468,7655,369,19260,California
Nevada,2021-03-02,742,27690,292,15234,450,12456,0,0,511,11890,226,7881,511,19771,California
Nevada,2021-03-03,992,28682,509,15743,482,12938,1,1,519,11939,471,8352,520,20291,California
Nevada,2021-03-04,1112,29794,623,16366,489,13427,0,1,468,11767,640,8992,468,20759,California
Nevada,2021-03-05,1183,30977,480,16846,693,14120,10,11,707,12011,473,9465,717,21476,California
Nevada,2021-03-06,364,31341,121,16967,216,14336,27,38,149,11971,215,9680,175,21651,California
Nevada,2021-03-07,209,31550,108,17075,81,14417,20,58,69,11920,140,9820,89,21740,California
Nevada,2021-03-08,831,32381,562,17637,223,14640,46,104,374,11885,456,10276,421,22161,California
Nevada,2021-03-09,794,33175,404,18041,340,14980,50,154,467,12076,325,10601,516,22677,California
Nevada,2021-03-10,1010,34185,651,18692,303,15283,56,210,340,11808,663,11264,395,23072,California
Nevada,2021-03-11,1114,35299,729,19421,360,15643,25,235,550,11828,555,11819,575,23647,California
Nevada,2021-03-12,1536,36835,727,20148,779,16422,30,265,838,12000,694,12513,866,24513,California
Nevada,2021-03-13,943,37778,58,20206,880,17302,5,270,757,12578,184,12697,762,25275,California
Nevada,2021-03-14,160,37938,20,20226,135,17437,5,275,33,12489,127,12824,38,25313,California
Nevada,2021-03-15,857,38795,467,20693,378,17815,12,287,359,12366,494,13318,371,25684,California
Nevada,2021-03-16,1006,39801,470,21163,474,18289,62,349,640,12703,364,13682,701,26385,California
Nevada,2021-03-17,1026,40827,453,21616,563,18852,10,359,582,12855,441,14123,593,26978,California
Nevada,2021-03-18,982,41809,531,22147,428,19280,23,382,475,12851,501,14624,497,27475,California
Nevada,2021-03-19,940,42749,440,22587,463,19743,37,419,362,12677,573,15197,399,27874,California
Nevada,2021-03-20,837,43586,94,22681,316,20059,427,846,243,12755,588,15785,666,28540,California
Nevada,2021-03-21,61,43647,32,22713,28,20087,1,847,34,12764,26,15811,35,28575,California
Nevada,2021-03-22,803,44450,520,23233,278,20365,5,852,530,13029,270,16081,535,29110,California
Nevada,2021-03-23,862,45312,390,23623,444,20809,28,880,618,13434,241,16322,646,29756,California
Nevada,2021-03-24,1023,46335,544,24167,472,21281,7,887,639,13701,378,16700,645,30401,California
Nevada,2021-03-25,914,47249,464,24631,425,21706,25,912,491,13795,421,17121,515,30916,California
Nevada,2021-03-26,1175,48424,445,25076,691,22397,39,951,846,14353,326,17447,884,31800,California
Nevada,2021-03-27,592,49016,73,25149,503,22900,16,967,406,14590,185,17632,422,32222,California
Nevada,2021-03-28,177,49193,53,25202,111,23011,13,980,35,14501,137,17769,48,32270,California
Nevada,2021-03-29,824,50017,501,25703,301,23312,22,1002,372,14447,447,18216,393,32663,California
Nevada,2021-03-30,1060,51077,484,26187,542,23854,34,1036,488,14405,564,18780,522,33185,California
Nevada,2021-03-31,1182,52259,661,26848,504,24358,17,1053,670,14588,503,19283,686,33871,California
Nevada,2021-04-01,1249,53508,729,27577,466,24824,54,1107,554,14510,684,19967,606,34477,California
Nevada,2021-04-02,1304,54812,662,28239,606,25430,36,1143,772,14790,528,20495,808,35285,California
Nevada,2021-04-03,289,55101,86,28325,162,25592,41,1184,82,14707,206,20701,123,35408,California
Nevada,2021-04-04,129,55230,42,28367,80,25672,7,1191,77,14739,52,20753,84,35492,California
Nevada,2021-04-05,937,56167,615,28982,302,25974,20,1211,621,15068,311,21064,640,36132,California
Nevada,2021-04-06,1077,57244,666,29648,267,26241,144,1355,435,15011,635,21699,578,36710,California
Nevada,2021-04-07,1150,58394,822,30470,245,26486,83,1438,611,15172,532,22231,693,37403,California
Nevada,2021-04-08,1283,59677,891,31361,307,26793,85,1523,708,15394,570,22801,792,38195,California
Nevada,2021-04-09,1276,60953,850,32211,359,27152,67,1590,864,15914,410,23211,930,39125,California
Nevada,2021-04-10,899,61852,78,32289,745,27897,76,1666,125,15347,768,23979,201,39326,California
Nevada,2021-04-11,112,61964,34,32323,72,27969,6,1672,36,15313,76,24055,42,39368,California
Nevada,2021-04-12,747,62711,542,32865,188,28157,17,1689,316,15220,426,24481,333,39701,California
Nevada,2021-04-13,890,63601,353,33218,537,28694,0,1689,471,15276,415,24896,471,40172,California
Nevada,2021-04-14,1059,64660,569,33787,490,29184,0,1689,539,15303,512,25408,539,40711,California
Nevada,2021-04-15,1085,65745,711,34498,374,29558,0,1689,626,15482,447,25855,626,41337,California
Nevada,2021-04-16,912,66657,694,35192,218,29776,0,1689,518,15608,392,26247,518,41855,California
Nevada,2021-04-17,202,66859,54,35246,148,29924,0,1689,87,15582,113,26360,87,41942,California
Nevada,2021-04-18,203,67062,22,35268,181,30105,0,1689,103,15585,100,26460,103,42045,California
Nevada,2021-04-19,757,67819,484,35752,273,30378,0,1689,309,15457,437,26897,309,42354,California
Nevada,2021-04-20,833,68652,333,36085,500,30878,0,1689,313,15256,514,27411,313,42667,California
Nevada,2021-04-21,935,69587,520,36605,415,31293,0,1689,272,14876,652,28063,272,42939,California
Nevada,2021-04-22,1007,70594,631,37236,376,31669,0,1689,341,14563,655,28718,342,43281,California
Nevada,2021-04-23,1259,71853,552,37788,707,32376,0,1689,401,14118,846,29564,401,43682,California
Nevada,2021-04-24,520,72373,71,37859,449,32825,0,1689,168,13936,350,29914,168,43850,California
Nevada,2021-04-25,132,72505,60,37919,67,32892,5,1694,51,13911,80,29994,55,43905,California
Nevada,2021-04-26,745,73250,561,38480,176,33068,8,1702,218,13620,517,30511,226,44131,California
Nevada,2021-04-27,819,74069,380,38860,434,33502,5,1707,412,13638,399,30910,417,44548,California
Nevada,2021-04-28,994,75063,582,39442,407,33909,5,1712,387,13430,600,31510,392,44940,California
Nevada,2021-04-29,1020,76083,709,40151,307,34216,4,1716,280,12976,738,32248,284,45224,California
Nevada,2021-04-30,1249,77332,728,40879,513,34729,8,1724,213,12163,1034,33282,221,45445,California
Nevada,2021-05-01,144,77476,60,40939,80,34809,4,1728,63,12151,79,33361,67,45512,California
Nevada,2021-05-02,58,77534,32,40971,22,34831,4,1732,20,12137,38,33399,24,45536,California
Nevada,2021-05-03,610,78144,405,41376,186,35017,19,1751,178,11905,428,33827,196,45732,California
Nevada,2021-05-04,594,78738,173,41549,403,35420,18,1769,338,12009,252,34079,356,46088,California
Nevada,2021-05-05,737,79475,381,41930,342,35762,14,1783,323,11941,405,34484,337,46425,California
Nevada,2021-05-06,807,80282,565,42495,231,35993,11,1794,198,11551,599,35083,209,46634,California
Nevada,2021-05-07,893,81175,488,42983,370,36363,35,1829,184,11065,705,35788,219,46853,California
Nevada,2021-05-08,175,81350,19,43002,136,36499,20,1849,77,11066,96,35884,97,46950,California
Nevada,2021-05-09,44,81394,8,43010,34,36533,2,1851,21,11066,23,35907,23,46973,California
Nevada,2021-05-10,391,81785,248,43258,119,36652,24,1875,78,10856,312,36219,102,47075,California
Nevada,2021-05-11,516,82301,154,43412,349,37001,13,1888,128,10617,380,36599,141,47216,California
Nevada,2021-05-12,542,82843,237,43649,294,37295,11,1899,152,10399,381,36980,163,47379,California
Nevada,2021-05-13,839,83682,556,44205,273,37568,10,1909,433,10444,398,37378,443,47822,California
Nevada,2021-05-14,792,84474,583,44788,191,37759,18,1927,443,10560,345,37723,461,48283,California
Nevada,2021-05-15,186,84660,87,44875,91,37850,8,1935,87,10557,98,37821,95,48378,California
Nevada,2021-05-16,161,84821,54,44929,107,37957,0,1935,56,10508,105,37926,56,48434,California
Nevada,2021-05-17,499,85320,320,45249,149,38106,30,1965,215,10480,273,38199,245,48679,California
Nevada,2021-05-18,420,85740,256,45505,160,38266,4,1969,221,10509,197,38396,226,48905,California
Nevada,2021-05-19,492,86232,355,45860,132,38398,5,1974,257,10545,226,38622,262,49167,California
Nevada,2021-05-20,612,86844,353,46213,247,38645,12,1986,220,10390,387,39009,232,49399,California
Nevada,2021-05-21,512,87356,328,46541,174,38819,10,1996,220,10332,288,39297,230,49629,California
Nevada,2021-05-22,243,87599,34,46575,156,38975,53,2049,92,10326,151,39448,145,49774,California
Nevada,2021-05-23,52,87651,18,46593,34,39009,0,2049,17,10309,34,39482,17,49791,California
Nevada,2021-05-24,314,87965,219,46812,81,39090,14,2063,105,10222,206,39688,119,49910,California
Nevada,2021-05-25,343,88308,83,46895,248,39338,12,2075,81,10058,257,39945,93,50003,California
Nevada,2021-05-26,454,88762,196,47091,248,39586,10,2085,134,9889,313,40258,144,50147,California
Nevada,2021-05-27,426,89188,226,47317,179,39765,21,2106,179,9846,243,40501,200,50347,California
Nevada,2021-05-28,348,89536,214,47531,111,39876,23,2129,190,9905,155,40656,214,50561,California
Nevada,2021-05-29,66,89602,12,47543,54,39930,0,2129,41,9921,25,40681,41,50602,California
Nevada,2021-05-30,37,89639,19,47562,16,39946,2,2131,25,9936,12,40693,27,50629,California
Nevada,2021-05-31,6,89645,4,47566,0,39946,2,2133,2,9936,4,40697,4,50633,California
Nevada,2021-06-01,420,90065,127,47693,275,40221,18,2151,100,9743,311,41008,118,50751,California
Nevada,2021-06-02,403,90468,165,47858,231,40452,7,2158,101,9557,294,41302,108,50859,California
Nevada,2021-06-03,566,91034,405,48263,156,40608,5,2163,99,9199,462,41764,104,50963,California
Nevada,2021-06-04,547,91581,438,48701,105,40713,4,2167,106,8873,436,42200,110,51073,California
Nevada,2021-06-05,172,91753,70,48771,100,40813,2,2169,65,8834,106,42306,67,51140,California
Nevada,2021-06-06,53,91806,40,48811,13,40826,0,2169,12,8805,41,42347,12,51152,California
Nevada,2021-06-07,270,92076,196,49007,44,40870,30,2199,60,8690,205,42552,90,51242,California
Nevada,2021-06-08,293,92369,194,49201,85,40955,14,2213,67,8554,217,42769,81,51323,California
Nevada,2021-06-09,325,92694,218,49419,100,41055,7,2220,82,8404,239,43008,89,51412,California
Nevada,2021-06-10,275,92969,177,49596,89,41144,9,2229,73,8290,195,43203,81,51493,California
Nevada,2021-06-11,327,93296,232,49828,76,41220,19,2248,75,8134,249,43452,93,51586,California
Nevada,2021-06-12,92,93388,54,49882,33,41253,5,2253,27,8101,65,43517,32,51618,California
Nevada,2021-06-13,32,93420,17,49899,14,41267,1,2254,6,8082,26,43543,7,51625,California
Nevada,2021-06-14,191,93611,137,50036,43,41310,11,2265,49,8007,135,43678,60,51685,California
Nevada,2021-06-15,170,93781,97,50133,65,41375,8,2273,67,7982,100,43778,75,51760,California
Nevada,2021-06-16,236,94017,132,50265,95,41470,9,2282,69,7900,160,43938,78,51838,California
Nevada,2021-06-17,227,94244,133,50398,80,41550,14,2296,40,7768,186,44124,54,51892,California
Nevada,2021-06-18,219,94463,152,50550,50,41600,17,2313,68,7704,149,44273,85,51977,California
Nevada,2021-06-19,69,94532,33,50583,30,41630,6,2319,29,7699,40,44313,35,52012,California
Nevada,2021-06-20,27,94559,20,50603,7,41637,0,2319,8,7689,18,44331,8,52020,California
Nevada,2021-06-21,110,94669,49,50652,54,41691,7,2326,49,7690,55,44386,56,52076,California
Nevada,2021-06-22,167,94836,98,50750,58,41749,11,2337,68,7676,93,44479,79,52155,California
Nevada,2021-06-23,213,95049,139,50889,44,41793,30,2367,87,7671,121,44600,116,52271,California
Nevada,2021-06-24,178,95227,113,51002,47,41840,18,2385,60,7637,112,44712,78,52349,California
Nevada,2021-06-25,207,95434,138,51140,48,41888,21,2406,76,7603,131,44843,97,52446,California
Nevada,2021-06-26,83,95517,61,51201,20,41908,2,2408,31,7584,52,44895,33,52479,California
Nevada,2021-06-27,29,95546,13,51214,12,41920,4,2412,7,7573,22,44917,11,52490,California
Nevada,2021-06-28,169,95715,119,51333,28,41948,22,2434,67,7568,94,45011,89,52579,California
Nevada,2021-06-29,129,95844,74,51407,43,41991,12,2446,46,7551,75,45086,58,52637,California
Nevada,2021-06-30,164,96008,125,51532,33,42024,6,2452,53,7501,108,45194,58,52695,California
Nevada,2021-07-01,124,96132,86,51618,27,42051,11,2463,54,7498,68,45262,65,52760,California
Nevada,2021-07-02,148,96280,97,51715,38,42089,13,2476,73,7516,68,45330,86,52846,California
Nevada,2021-07-03,32,96312,16,51731,11,42100,5,2481,17,7523,14,45344,21,52867,California
Nevada,2021-07-05,30,96342,19,51750,5,42105,6,2487,13,7525,17,45361,19,52886,California
Orange,2020-12-15,17,17,17,17,0,0,0,0,17,17,0,0,17,17,California
Orange,2020-12-16,400,417,400,417,0,0,0,0,400,417,0,0,400,417,California
Orange,2020-12-17,3773,4190,3773,4190,0,0,0,0,3772,4189,0,0,3772,4189,California
Orange,2020-12-18,5124,9314,5116,9306,8,8,0,0,5122,9310,1,1,5122,9311,California
Orange,2020-12-19,2246,11560,2239,11545,7,15,0,0,2245,11555,0,1,2245,11556,California
Orange,2020-12-20,2005,13565,2002,13547,3,18,0,0,2005,13559,1,2,2005,13561,California
Orange,2020-12-21,4273,17838,4267,17814,6,24,0,0,4273,17832,0,2,4273,17834,California
Orange,2020-12-22,4000,21838,3964,21778,36,60,0,0,4000,21832,0,2,4000,21834,California
Orange,2020-12-23,3608,25446,3238,25016,370,430,0,0,3608,25439,1,3,3608,25442,California
Orange,2020-12-24,1392,26838,1090,26106,302,732,0,0,1392,26831,0,3,1392,26834,California
Orange,2020-12-25,21,26859,16,26122,5,737,0,0,21,26852,0,3,21,26855,California
Orange,2020-12-26,999,27858,423,26545,576,1313,0,0,999,27851,0,3,999,27854,California
Orange,2020-12-27,587,28445,275,26820,312,1625,0,0,587,28438,0,3,587,28441,California
Orange,2020-12-28,3639,32084,2640,29460,999,2624,0,0,3639,32077,0,3,3639,32080,California
Orange,2020-12-29,3532,35616,2509,31969,1023,3647,0,0,3531,35607,1,4,3531,35611,California
Orange,2020-12-30,5150,40766,3557,35526,1593,5240,0,0,5150,40757,0,4,5150,40761,California
Orange,2020-12-31,1533,42299,821,36347,712,5952,0,0,1530,42284,3,7,1530,42291,California
Orange,2021-01-01,720,43019,394,36741,326,6278,0,0,718,43000,2,9,718,43009,California
Orange,2021-01-02,1374,44393,845,37586,529,6807,0,0,1371,44369,2,11,1371,44380,California
Orange,2021-01-03,591,44984,324,37910,267,7074,0,0,590,44959,0,11,590,44970,California
Orange,2021-01-04,2785,47769,1574,39484,1211,8285,0,0,2786,47744,1,12,2786,47756,California
Orange,2021-01-05,3559,51328,2321,41805,1238,9523,0,0,3143,50477,413,425,3146,50902,California
Orange,2021-01-06,5051,56379,3479,45284,1572,11095,0,0,3672,52782,1367,1792,3672,54574,California
Orange,2021-01-07,9390,65769,5245,50529,4145,15240,0,0,5741,54894,3634,5426,5746,60320,California
Orange,2021-01-08,9584,75353,5386,55915,4198,19438,0,0,5723,56770,3850,9276,5726,66046,California
Orange,2021-01-09,5071,80424,1772,57687,3299,22737,0,0,3774,59247,1297,10573,3774,69820,California
Orange,2021-01-10,4279,84703,1057,58744,3222,25959,0,0,3390,61753,888,11461,3394,73214,California
Orange,2021-01-11,9543,94246,4945,63689,4598,30557,0,0,5898,64006,3649,15110,5902,79116,California
Orange,2021-01-12,9044,103290,4859,68548,4185,34742,0,0,5551,66071,3488,18598,5553,84669,California
Orange,2021-01-13,10378,113668,4954,73502,5424,40166,0,0,7152,70008,3222,21820,7159,91828,California
Orange,2021-01-14,10153,123821,3817,77319,6336,46502,0,0,8550,76963,1601,23421,8556,100384,California
Orange,2021-01-15,10340,134161,2678,79997,7662,54164,0,0,9449,85522,897,24318,9456,109840,California
Orange,2021-01-16,8869,143030,2119,82116,6750,60914,0,0,8465,93592,400,24718,8470,118310,California
Orange,2021-01-17,8283,151313,1517,83633,6766,67680,0,0,8127,101573,156,24874,8137,126447,California
Orange,2021-01-18,9816,161129,4446,88079,5370,73050,0,0,7550,106859,2267,27141,7553,134000,California
Orange,2021-01-19,7621,168750,5472,93551,2149,75199,0,0,4973,109188,2646,29787,4975,138975,California
Orange,2021-01-20,8686,177436,6105,99656,2581,77780,0,0,5606,111724,3079,32866,5615,144590,California
Orange,2021-01-21,11370,188806,5122,104778,6248,84028,0,0,10517,121401,851,33717,10528,155118,California
Orange,2021-01-22,13985,202791,5224,110002,8761,92789,0,0,13086,133604,891,34608,13094,168212,California
Orange,2021-01-23,13332,216123,6215,116217,7117,99906,0,0,12384,145056,944,35552,12396,180608,California
Orange,2021-01-24,9950,226073,4311,120528,5639,105545,0,0,9607,154329,338,35890,9611,190219,California
Orange,2021-01-25,10574,236647,5899,126427,4675,110220,0,0,7812,159393,2753,38643,7817,198036,California
Orange,2021-01-26,12005,248652,7723,134150,4282,114502,0,0,9805,167005,2196,40839,9808,207844,California
Orange,2021-01-27,13668,262320,8019,142169,5649,120151,0,0,10899,175151,2758,43597,10904,218748,California
Orange,2021-01-28,13310,275630,7271,149440,6039,126190,0,0,11366,184598,1928,45525,11375,230123,California
Orange,2021-01-29,13845,289475,8471,157911,5374,131564,0,0,10876,192533,2944,48469,10879,241002,California
Orange,2021-01-30,13257,302732,4539,162450,8718,140282,0,0,12451,204199,789,49258,12455,253457,California
Orange,2021-01-31,13871,316603,4919,167369,8952,149234,0,0,13399,217141,465,49723,13407,266864,California
Orange,2021-02-01,15069,331672,6530,173899,8539,157773,0,0,12529,227167,2511,52234,12537,279401,California
Orange,2021-02-02,15271,346943,8019,181918,7252,165025,0,0,12747,237436,2484,54718,12753,292154,California
Orange,2021-02-03,16860,363803,12498,194416,4362,169387,0,0,13846,248358,2930,57648,13852,306006,California
Orange,2021-02-04,20196,383999,13139,207555,7057,176444,0,0,15028,258266,5128,62776,15036,321042,California
Orange,2021-02-05,21095,405094,12105,219660,8990,185434,0,0,14653,266539,6391,69167,14664,335706,California
Orange,2021-02-06,16610,421704,10911,230571,5699,191133,0,0,11282,272732,5310,74477,11503,347209,California
Orange,2021-02-07,11651,433355,8151,238722,3500,194633,0,0,7638,276546,3993,78470,7807,355016,California
Orange,2021-02-08,15310,448665,8768,247490,6542,201175,0,0,9150,279573,6128,84598,9155,364171,California
Orange,2021-02-09,17946,466611,12150,259640,5796,206971,0,0,10744,283212,7120,91718,10759,374930,California
Orange,2021-02-10,21145,487756,11252,270892,9893,216864,0,0,12780,287746,8268,99986,12802,387732,California
Orange,2021-02-11,22431,510187,11625,282517,10806,227670,0,0,12262,290008,10025,110011,12287,400019,California
Orange,2021-02-12,25224,535411,12134,294651,13090,240760,0,0,14771,294419,10381,120392,14792,414811,California
Orange,2021-02-13,22213,557624,12036,306687,10177,250937,0,0,11180,295387,10869,131261,11837,426648,California
Orange,2021-02-14,16372,573996,6663,313350,9709,260646,0,0,9653,298362,6686,137947,9661,436309,California
Orange,2021-02-15,17501,591497,7525,320875,9976,270622,0,0,9016,298963,8437,146384,9038,445347,California
Orange,2021-02-16,20280,611777,9177,330052,11103,281725,0,0,10874,300527,9350,155734,10914,456261,California
Orange,2021-02-17,18300,630077,9593,339645,8707,290432,0,0,9317,300997,8917,164651,9387,465648,California
Orange,2021-02-18,15347,645424,10040,349685,5307,295739,0,0,6912,299568,8374,173025,6945,472593,California
Orange,2021-02-19,18641,664065,11128,360813,7513,303252,0,0,7031,295083,11542,184567,7057,479650,California
Orange,2021-02-20,7724,671789,5732,366545,1992,305244,0,0,3855,295133,3834,188401,3884,483534,California
Orange,2021-02-21,4816,676605,4087,370632,729,305973,0,0,989,292348,3782,192183,997,484531,California
Orange,2021-02-22,10235,686840,8336,378968,1899,307872,0,0,4078,290344,6110,198293,4106,488637,California
Orange,2021-02-23,14023,700863,7661,386629,6362,314234,0,0,3682,283818,10251,208544,3725,492362,California
Orange,2021-02-24,21716,722579,13116,399745,8600,322834,0,0,5502,273257,16133,224677,5572,497934,California
Orange,2021-02-25,23114,745693,12490,412235,10624,333458,0,0,8130,266538,14902,239579,8183,506117,California
Orange,2021-02-26,28298,773991,14329,426564,13969,347427,0,0,11426,261310,16727,256306,11499,517616,California
Orange,2021-02-27,25355,799346,10332,436896,15019,362446,4,4,7397,250944,17828,274134,7462,525078,California
Orange,2021-02-28,19288,818634,7490,444386,11798,374244,0,4,4900,241638,14250,288384,4944,530022,California
Orange,2021-03-01,18975,837609,8686,453072,10267,384511,22,26,7392,237634,11465,299849,7461,537483,California
Orange,2021-03-02,19698,857307,9519,462591,10175,394686,4,30,9584,237238,10049,309898,9653,547136,California
Orange,2021-03-03,21384,878691,10151,472742,11228,405914,5,35,11505,239025,9788,319686,11575,558711,California
Orange,2021-03-04,22935,901626,13168,485910,9753,415667,14,49,11831,239873,11056,330742,11904,570615,California
Orange,2021-03-05,21508,923134,11203,497113,10256,425923,49,98,13122,244806,8338,339080,13271,583886,California
Orange,2021-03-06,24466,947600,13435,510548,10153,436076,878,976,12902,247128,11507,350587,13829,597715,California
Orange,2021-03-07,15470,963070,8678,519226,6372,442448,420,1396,9010,250194,6416,357003,9482,607197,California
Orange,2021-03-08,17083,980153,7915,527141,7853,450301,1315,2711,10913,256376,6098,363101,12280,619477,California
Orange,2021-03-09,21385,1001538,9909,537050,9008,459309,2468,5179,12582,262689,8755,371856,15068,634545,California
Orange,2021-03-10,25053,1026591,12302,549352,9285,468594,3466,8645,12588,266385,12393,384249,16089,650634,California
Orange,2021-03-11,29471,1056062,15962,565314,9233,477827,4276,12921,13592,268495,15770,400019,17880,668514,California
Orange,2021-03-12,29630,1085692,14417,579731,11330,489157,3883,16804,14800,272489,14728,414747,18722,687236,California
Orange,2021-03-13,28004,1113696,10299,590030,13745,502902,3960,20764,14121,276756,13815,428562,18082,705318,California
Orange,2021-03-14,19006,1132702,8260,598290,8194,511096,2552,23316,11831,284002,7136,435698,14382,719700,California
Orange,2021-03-15,23326,1156028,10298,608588,12258,523354,770,24086,14438,290434,8785,444483,15217,734917,California
Orange,2021-03-16,26671,1182699,11305,619893,15092,538446,274,24360,17160,298472,9421,453904,17459,752376,California
Orange,2021-03-17,27578,1210277,13726,633619,13287,551733,565,24925,19574,310697,7915,461819,20140,772516,California
Orange,2021-03-18,28151,1238428,14212,647831,13634,565367,305,25230,21762,326470,6309,468128,22082,794598,California
Orange,2021-03-19,34092,1272520,18848,666679,14789,580156,455,25685,25257,343484,8711,476839,25725,820323,California
Orange,2021-03-20,26059,1298579,13760,680439,12092,592248,207,25892,22174,362066,3809,480648,22391,842714,California
Orange,2021-03-21,18770,1317349,10889,691328,7133,599381,748,26640,15827,375744,2901,483549,16579,859293,California
Orange,2021-03-22,22975,1340324,11940,703268,10711,610092,324,26964,19264,391740,3603,487152,19599,878892,California
Orange,2021-03-23,26332,1366656,13767,717035,11918,622010,647,27611,20807,407770,5431,492583,21461,900353,California
Orange,2021-03-24,29430,1396086,16487,733522,12013,634023,930,28541,22030,423446,7288,499871,22964,923317,California
Orange,2021-03-25,32693,1428779,17384,750906,14591,648614,718,29259,24286,440159,8295,508166,25008,948325,California
Orange,2021-03-26,35104,1463883,18240,769146,15997,664611,867,30126,24892,455846,10083,518249,25770,974095,California
Orange,2021-03-27,28648,1492531,13728,782874,14604,679215,316,30442,19814,467249,8730,526979,20133,994228,California
Orange,2021-03-28,24992,1517523,12999,795873,11925,691140,68,30510,18630,479684,6270,533249,18705,1012933,California
Orange,2021-03-29,26727,1544250,12261,808134,13897,705037,569,31079,17837,489321,8773,542022,18410,1031343,California
Orange,2021-03-30,31068,1575318,14065,822199,16365,721402,638,31717,20431,499852,10536,552558,21067,1052410,California
Orange,2021-03-31,37389,1612707,19610,841809,17052,738454,727,32444,23717,510764,13530,566088,24442,1076852,California
Orange,2021-04-01,40935,1653642,21490,863299,17490,755944,1955,34399,26249,524461,14493,580581,28190,1105042,California
Orange,2021-04-02,40447,1694089,20407,883706,18177,774121,1863,36262,22742,531493,17579,598160,24611,1129653,California
Orange,2021-04-03,30510,1724599,15796,899502,12935,787056,1779,38041,14367,531585,16047,614207,16139,1145792,California
Orange,2021-04-04,18525,1743124,10752,910254,6998,794054,775,38816,8165,530229,10292,624499,8936,1154728,California
Orange,2021-04-05,30281,1773405,14159,924413,12691,806745,3431,42247,13848,531172,16328,640827,17271,1171999,California
Orange,2021-04-06,33661,1807066,15761,940174,14442,821187,3458,45705,14430,529915,19120,659947,17863,1189862,California
Orange,2021-04-07,36459,1843525,20262,960436,11531,832718,4666,50371,16041,530267,20317,680264,20669,1210531,California
Orange,2021-04-08,39502,1883027,21840,982276,12099,844817,5563,55934,19082,534580,20291,700555,24604,1235135,California
Orange,2021-04-09,41377,1924404,24068,1006344,12011,856828,5298,61232,18076,534730,23187,723742,23337,1258472,California
Orange,2021-04-10,34864,1959268,18395,1024739,12162,868990,4307,65539,14372,532993,20391,744133,18654,1277126,California
Orange,2021-04-11,25865,1985133,14650,1039389,7922,876912,3293,68832,9903,530270,15899,760032,13176,1290302,California
Orange,2021-04-12,30859,2015992,15584,1054973,11623,888535,3652,72484,12128,527386,18646,778678,15762,1306064,California
Orange,2021-04-13,32896,2048888,18521,1073494,14305,902840,70,72554,15299,525251,17506,796184,15371,1321435,California
Orange,2021-04-14,35078,2083966,20580,1094074,14462,917302,36,72590,15246,520835,19710,815894,15294,1336729,California
Orange,2021-04-15,40929,2124895,24930,1119004,15983,933285,16,72606,19046,518144,21749,837643,19058,1355787,California
Orange,2021-04-16,42160,2167055,24795,1143799,17335,950620,30,72636,19058,514287,22956,860599,19099,1374886,California
Orange,2021-04-17,30696,2197751,17410,1161209,13279,963899,7,72643,13467,510690,17077,877676,13480,1388366,California
Orange,2021-04-18,22341,2220092,13617,1174826,8724,972623,0,72643,8901,506234,13363,891039,8907,1397273,California
Orange,2021-04-19,33115,2253207,18300,1193126,14811,987434,4,72647,15241,503721,17764,908803,15251,1412524,California
Orange,2021-04-20,36640,2289847,19376,1212502,17257,1004691,7,72654,18240,503676,18298,927101,18253,1430777,California
Orange,2021-04-21,42523,2332370,24924,1237426,17590,1022281,9,72663,20179,501712,22159,949260,20195,1450972,California
Orange,2021-04-22,40164,2372534,21508,1258934,18645,1040926,11,72674,16730,495180,23281,972541,16749,1467721,California
Orange,2021-04-23,41107,2413641,21600,1280534,19499,1060425,8,72682,18405,491030,22572,995113,18422,1486143,California
Orange,2021-04-24,32141,2445782,16838,1297372,15271,1075696,32,72714,13486,485995,18556,1013669,13521,1499664,California
Orange,2021-04-25,23025,2468807,13001,1310373,10009,1085705,15,72729,9834,482733,13118,1026787,9856,1509520,California
Orange,2021-04-26,29320,2498127,14557,1324930,14564,1100269,199,72928,12696,479132,16499,1043286,12898,1522418,California
Orange,2021-04-27,31596,2529723,14988,1339918,15975,1116244,633,73561,11972,472300,19444,1062730,12612,1535030,California
Orange,2021-04-28,31486,2561209,15993,1355911,14608,1130852,885,74446,12647,467132,18698,1081428,13530,1548560,California
Orange,2021-04-29,32533,2593742,17969,1373880,13593,1144445,971,75417,11589,458866,20818,1102246,12552,1561112,California
Orange,2021-04-30,30464,2624206,17563,1391443,11955,1156400,946,76363,13019,455498,17322,1119568,13954,1575066,California
Orange,2021-05-01,23078,2647284,15810,1407253,6277,1162677,991,77354,8803,451136,14146,1133714,9784,1584850,California
Orange,2021-05-02,15461,2662745,10301,1417554,4516,1167193,644,77998,5386,447159,10001,1143715,6024,1590874,California
Orange,2021-05-03,20730,2683475,12666,1430220,7300,1174493,764,78762,6512,440315,14118,1157833,7274,1598148,California
Orange,2021-05-04,24217,2707692,14007,1444227,9289,1183782,921,79683,8266,433657,15831,1173664,9173,1607321,California
Orange,2021-05-05,25460,2733152,14459,1458686,10104,1193886,897,80580,8191,425618,17127,1190791,9088,1616409,California
Orange,2021-05-06,26902,2760054,16413,1475099,9488,1203374,1001,81581,7404,414660,19356,1210147,8398,1624807,California
Orange,2021-05-07,29426,2789480,17826,1492925,10545,1213919,1055,82636,8186,402882,21012,1231159,9234,1634041,California
Orange,2021-05-08,19172,2808652,12820,1505745,5551,1219470,801,83437,5551,395735,13490,1244649,6343,1640384,California
Orange,2021-05-09,11140,2819792,8504,1514249,2261,1221731,375,83812,2802,390623,8289,1252938,3177,1643561,California
Orange,2021-05-10,19527,2839319,12034,1526283,6710,1228441,783,84595,4307,380594,15121,1268059,5092,1648653,California
Orange,2021-05-11,22742,2862061,12862,1539145,9142,1237583,738,85333,5391,369474,17242,1285301,6122,1654775,California
Orange,2021-05-12,24102,2886163,14994,1554139,8272,1245855,836,86169,6543,359431,17419,1302720,7376,1662151,California
Orange,2021-05-13,22145,2908308,13738,1567877,7798,1253653,609,86778,8161,354336,13867,1316587,8772,1670923,California
Orange,2021-05-14,26887,2935195,17792,1585669,8242,1261895,853,87631,10477,349372,16264,1332851,11300,1682223,California
Orange,2021-05-15,20484,2955679,14797,1600466,5136,1267031,551,88182,8312,346132,12096,1344947,8856,1691079,California
Orange,2021-05-16,15589,2971268,12858,1613324,2392,1269423,339,88521,6710,344367,8812,1353759,7047,1698126,California
Orange,2021-05-17,19590,2990858,12875,1626199,6014,1275437,701,89222,6916,339365,12605,1366364,7603,1705729,California
Orange,2021-05-18,20633,3011491,12032,1638231,7930,1283367,671,89893,8009,335510,12526,1378890,8671,1714400,California
Orange,2021-05-19,22579,3034070,12930,1651161,8975,1292342,674,90567,7716,329150,14740,1393630,8380,1722780,California
Orange,2021-05-20,22600,3056670,13266,1664427,8668,1301010,666,91233,7734,322797,14750,1408380,8397,1731177,California
Orange,2021-05-21,25831,3082501,14883,1679310,10223,1311233,725,91958,8288,314389,17416,1425796,9008,1740185,California
Orange,2021-05-22,18322,3100823,12204,1691514,5570,1316803,548,92506,6973,310658,11253,1437049,7522,1747707,California
Orange,2021-05-23,10063,3110886,6955,1698469,2834,1319637,274,92780,3535,307984,6482,1443531,3808,1751515,California
Orange,2021-05-24,15703,3126589,9339,1707808,5740,1325377,624,93404,5796,304587,9810,1453341,6413,1757928,California
Orange,2021-05-25,15661,3142250,9223,1717031,5914,1331291,524,93928,5572,300705,9973,1463314,6091,1764019,California
Orange,2021-05-26,15265,3157515,8565,1725596,6200,1337491,500,94428,5622,297267,9550,1472864,6112,1770131,California
Orange,2021-05-27,14419,3171934,8682,1734278,5193,1342684,544,94972,6293,296047,8049,1480913,6829,1776960,California
Orange,2021-05-28,16836,3188770,9928,1744206,6278,1348962,630,95602,7367,294661,9371,1490284,7985,1784945,California
Orange,2021-05-29,9014,3197784,5283,1749489,3372,1352334,359,95961,4074,294207,4882,1495166,4428,1789373,California
Orange,2021-05-30,6043,3203827,3924,1753413,1838,1354172,281,96242,2175,292828,3830,1498996,2451,1791824,California
Orange,2021-05-31,1702,3205529,1055,1754468,600,1354772,47,96289,522,292238,1158,1500154,568,1792392,California
Orange,2021-06-01,13419,3218948,7796,1762264,5130,1359902,493,96782,4988,289394,8317,1508471,5473,1797865,California
Orange,2021-06-02,13039,3231987,8078,1770342,4543,1364445,418,97200,4461,285840,8426,1516897,4872,1802737,California
Orange,2021-06-03,12921,3244908,8921,1779263,3545,1367990,455,97655,4403,282238,8455,1525352,4853,1807590,California
Orange,2021-06-04,17193,3262101,12193,1791456,4422,1372412,578,98233,5249,276205,11857,1537209,5824,1813414,California
Orange,2021-06-05,12945,3275046,9771,1801227,2792,1375204,382,98615,3820,271337,9066,1546275,4198,1817612,California
Orange,2021-06-06,5371,3280417,4565,1805792,604,1375808,202,98817,1812,269814,3537,1549812,2014,1819626,California
Orange,2021-06-07,10803,3291220,7640,1813432,2697,1378505,466,99283,3311,266165,7419,1557231,3770,1823396,California
Orange,2021-06-08,12205,3303425,8794,1822226,2900,1381405,511,99794,3770,262104,8343,1565574,4282,1827678,California
Orange,2021-06-09,11773,3315198,8150,1830376,3165,1384570,458,100252,3309,257488,8378,1573952,3762,1831440,California
Orange,2021-06-10,11611,3326809,8454,1838830,2692,1387262,465,100717,3396,253189,8155,1582107,3856,1835296,California
Orange,2021-06-11,13317,3340126,9377,1848207,3444,1390706,496,101213,4292,249038,8934,1591041,4783,1840079,California
Orange,2021-06-12,9810,3349936,7508,1855715,1984,1392690,318,101531,2999,245599,6756,1597797,3317,1843396,California
Orange,2021-06-13,4061,3353997,2962,1858677,935,1393625,164,101695,1015,243767,3012,1600809,1180,1844576,California
Orange,2021-06-14,9856,3363853,7191,1865868,2206,1395831,459,102154,3254,240929,6549,1607358,3711,1848287,California
Orange,2021-06-15,10199,3374052,7346,1873214,2421,1398252,432,102586,3561,238354,6564,1613922,3989,1852276,California
Orange,2021-06-16,9559,3383611,6868,1880082,2224,1400476,467,103053,3269,235852,6233,1620155,3731,1856007,California
Orange,2021-06-17,9388,3392999,7091,1887173,1930,1402406,367,103420,3335,233563,5990,1626145,3701,1859708,California
Orange,2021-06-18,11256,3404255,8211,1895384,2547,1404953,498,103918,3893,230668,7284,1633429,4389,1864097,California
Orange,2021-06-19,6330,3410585,4706,1900090,1379,1406332,245,104163,2615,229866,3665,1637094,2863,1866960,California
Orange,2021-06-20,3069,3413654,2380,1902470,595,1406927,94,104257,1031,228966,2025,1639119,1125,1868085,California
Orange,2021-06-21,6680,3420334,4585,1907055,1658,1408585,437,104694,3580,229915,3069,1642188,4018,1872103,California
Orange,2021-06-22,7743,3428077,5720,1912775,1670,1410255,353,105047,2953,228499,4723,1646911,3307,1875410,California
Orange,2021-06-23,7404,3435481,5556,1918331,1540,1411795,308,105355,3013,227474,4344,1651255,3319,1878729,California
Orange,2021-06-24,7234,3442715,5423,1923754,1443,1413238,368,105723,3095,226835,4101,1655356,3462,1882191,California
Orange,2021-06-25,8771,3451486,6406,1930160,1983,1415221,382,106105,3368,225226,5353,1660709,3744,1885935,California
Orange,2021-06-26,5915,3457401,4517,1934677,1171,1416392,227,106332,2488,224556,3385,1664094,2715,1888650,California
Orange,2021-06-27,3442,3460843,2791,1937468,539,1416931,112,106444,1484,224217,1936,1666030,1597,1890247,California
Orange,2021-06-28,6290,3467133,5070,1942538,878,1417809,342,106786,2799,223918,3438,1669468,3139,1893386,California
Orange,2021-06-29,6340,3473473,4670,1947208,1417,1419226,253,107039,2617,223114,3675,1673143,2871,1896257,California
Orange,2021-06-30,6188,3479661,4459,1951667,1464,1420690,265,107304,2747,222749,3376,1676519,3011,1899268,California
Orange,2021-07-01,5797,3485458,4426,1956093,1138,1421828,233,107537,2650,222538,3093,1679612,2882,1902150,California
Orange,2021-07-02,7012,3492470,5244,1961337,1452,1423280,316,107853,3054,221976,3929,1683541,3367,1905517,California
Orange,2021-07-03,4034,3496504,2975,1964312,924,1424204,135,107988,1852,221816,2148,1685689,1988,1907505,California
Orange,2021-07-04,338,3496842,218,1964530,106,1424310,14,108002,144,221785,190,1685879,159,1907664,California
Orange,2021-07-05,2450,3499292,1725,1966255,674,1424984,51,108053,1203,221820,1221,1687100,1256,1908920,California
Placer,2020-12-15,30,30,30,30,0,0,0,0,30,30,0,0,30,30,California
Placer,2020-12-16,56,86,56,86,0,0,0,0,56,86,0,0,56,86,California
Placer,2020-12-17,148,234,148,234,0,0,0,0,148,234,0,0,148,234,California
Placer,2020-12-18,427,661,427,661,0,0,0,0,427,661,0,0,427,661,California
Placer,2020-12-19,253,914,253,914,0,0,0,0,253,914,0,0,253,914,California
Placer,2020-12-20,234,1148,234,1148,0,0,0,0,234,1148,0,0,234,1148,California
Placer,2020-12-21,501,1649,499,1647,2,2,0,0,501,1649,0,0,501,1649,California
Placer,2020-12-22,681,2330,674,2321,7,9,0,0,681,2330,0,0,681,2330,California
Placer,2020-12-23,760,3090,671,2992,89,98,0,0,760,3090,0,0,760,3090,California
Placer,2020-12-24,411,3501,357,3349,54,152,0,0,411,3501,0,0,411,3501,California
Placer,2020-12-26,161,3662,116,3465,45,197,0,0,161,3662,0,0,161,3662,California
Placer,2020-12-27,183,3845,161,3626,22,219,0,0,183,3845,0,0,183,3845,California
Placer,2020-12-28,672,4517,545,4171,127,346,0,0,672,4517,0,0,672,4517,California
Placer,2020-12-29,770,5287,517,4688,253,599,0,0,770,5287,0,0,770,5287,California
Placer,2020-12-30,736,6023,461,5149,275,874,0,0,734,6021,0,0,734,6021,California
Placer,2020-12-31,548,6571,360,5509,188,1062,0,0,548,6569,0,0,548,6569,California
Placer,2021-01-01,17,6588,12,5521,5,1067,0,0,17,6586,0,0,17,6586,California
Placer,2021-01-02,188,6776,156,5677,32,1099,0,0,188,6774,0,0,188,6774,California
Placer,2021-01-03,155,6931,80,5757,75,1174,0,0,155,6929,0,0,155,6929,California
Placer,2021-01-04,624,7555,181,5938,443,1617,0,0,624,7553,0,0,624,7553,California
Placer,2021-01-05,737,8292,160,6098,577,2194,0,0,648,8114,88,88,649,8202,California
Placer,2021-01-06,763,9055,246,6344,517,2711,0,0,612,8575,151,239,612,8814,California
Placer,2021-01-07,991,10046,369,6713,622,3333,0,0,764,9112,227,466,764,9578,California
Placer,2021-01-08,1191,11237,532,7245,659,3992,0,0,798,9520,390,856,798,10376,California
Placer,2021-01-09,456,11693,321,7566,135,4127,0,0,239,9543,216,1072,239,10615,California
Placer,2021-01-10,334,12027,187,7753,147,4274,0,0,166,9541,168,1240,166,10781,California
Placer,2021-01-11,1440,13467,816,8569,624,4898,0,0,844,9790,596,1836,845,11626,California
Placer,2021-01-12,1679,15146,894,9463,785,5683,0,0,1065,10242,613,2449,1065,12691,California
Placer,2021-01-13,1660,16806,839,10302,821,6504,0,0,1227,11041,431,2880,1230,13921,California
Placer,2021-01-14,1827,18633,680,10982,1147,7651,0,0,1452,12122,372,3252,1453,15374,California
Placer,2021-01-15,1956,20589,731,11713,1225,8876,0,0,1602,13372,353,3605,1603,16977,California
Placer,2021-01-16,1511,22100,717,12430,794,9670,0,0,1389,14640,122,3727,1390,18367,California
Placer,2021-01-17,575,22675,400,12830,175,9845,0,0,436,14938,138,3865,436,18803,California
Placer,2021-01-18,986,23661,544,13374,442,10287,0,0,751,15455,235,4100,752,19555,California
Placer,2021-01-19,2635,26296,1969,15343,666,10953,0,0,2180,17181,455,4555,2181,21736,California
Placer,2021-01-20,2347,28643,1769,17112,578,11531,0,0,2007,18849,340,4895,2008,23744,California
Placer,2021-01-21,2591,31234,1138,18250,1453,12984,0,0,2185,20631,404,5299,2186,25930,California
Placer,2021-01-22,2355,33589,633,18883,1722,14706,0,0,2176,22631,177,5476,2177,28107,California
Placer,2021-01-23,1207,34796,388,19271,819,15525,0,0,1047,23519,159,5635,1047,29154,California
Placer,2021-01-24,522,35318,274,19545,248,15773,0,0,440,23878,82,5717,441,29595,California
Placer,2021-01-25,1687,37005,808,20353,879,16652,0,0,1391,24974,296,6013,1392,30987,California
Placer,2021-01-26,1887,38892,1048,21401,839,17491,0,0,1615,26317,272,6285,1615,32602,California
Placer,2021-01-27,1865,40757,1171,22572,694,18185,0,0,1614,27683,249,6534,1615,34217,California
Placer,2021-01-28,1823,42580,1124,23696,699,18884,0,0,1572,29006,249,6783,1572,35789,California
Placer,2021-01-29,1936,44516,1182,24878,754,19638,0,0,1733,30538,202,6985,1734,37523,California
Placer,2021-01-30,1748,46264,972,25850,776,20414,0,0,1627,32045,120,7105,1627,39150,California
Placer,2021-01-31,787,47051,626,26476,161,20575,0,0,716,32690,71,7176,716,39866,California
Placer,2021-02-01,2092,49143,1102,27578,990,21565,0,0,1773,34145,318,7494,1773,41639,California
Placer,2021-02-02,2416,51559,1554,29132,862,22427,0,0,1908,35548,505,7999,1908,43547,California
Placer,2021-02-03,2933,54492,1884,31016,1049,23476,0,0,2299,37217,630,8629,2299,45846,California
Placer,2021-02-04,2784,57276,1193,32209,1591,25067,0,0,1943,38324,837,9466,1944,47790,California
Placer,2021-02-05,2815,60091,1282,33491,1533,26600,0,0,1435,38403,1356,10822,1435,49225,California
Placer,2021-02-06,1998,62089,1334,34825,664,27264,0,0,1444,39294,553,11375,1444,50669,California
Placer,2021-02-07,1228,63317,913,35738,315,27579,0,0,936,39939,291,11666,936,51605,California
Placer,2021-02-08,3301,66618,1756,37494,1545,29124,0,0,1956,40577,1319,12985,1957,53562,California
Placer,2021-02-09,3579,70197,2194,39688,1385,30509,0,0,1652,40306,1923,14908,1652,55214,California
Placer,2021-02-10,3789,73986,2217,41905,1572,32081,0,0,1717,39957,2068,16976,1719,56933,California
Placer,2021-02-11,3735,77721,1923,43828,1812,33893,0,0,1583,39405,2136,19112,1584,58517,California
Placer,2021-02-12,2890,80611,1347,45175,1543,35436,0,0,1679,39911,1174,20286,1680,60197,California
Placer,2021-02-13,2627,83238,1472,46647,1155,36591,0,0,1933,41150,694,20980,1933,62130,California
Placer,2021-02-14,1097,84335,687,47334,410,37001,0,0,741,41537,354,21334,741,62871,California
Placer,2021-02-15,2265,86600,1050,48384,1215,38216,0,0,1553,42379,712,22046,1554,64425,California
Placer,2021-02-16,3613,90213,1807,50191,1806,40022,0,0,1604,41984,2000,24046,1605,66030,California
Placer,2021-02-17,3576,93789,1987,52178,1589,41611,0,0,1521,41454,2051,26097,1521,67551,California
Placer,2021-02-18,3856,97645,2081,54259,1775,43386,0,0,1642,40894,2203,28300,1643,69194,California
Placer,2021-02-19,3661,101306,1967,56226,1694,45080,0,0,1363,39971,2288,30588,1365,70559,California
Placer,2021-02-20,2107,103413,1308,57534,799,45879,0,0,943,39762,1156,31744,947,71506,California
Placer,2021-02-21,1180,104593,774,58308,406,46285,0,0,427,39439,751,32495,428,71934,California
Placer,2021-02-22,2614,107207,1832,60140,782,47067,0,0,617,38063,1993,34488,617,72551,California
Placer,2021-02-23,2708,109915,1653,61793,1055,48122,0,0,916,37188,1791,36279,916,73467,California
Placer,2021-02-24,3389,113304,1213,63006,2176,50298,0,0,1837,37487,1540,37819,1839,75306,California
Placer,2021-02-25,3763,117067,1555,64561,2208,52506,0,0,2056,37848,1698,39517,2059,77365,California
Placer,2021-02-26,4278,121345,2458,67019,1820,54326,0,0,2466,38509,1806,41323,2467,79832,California
Placer,2021-02-27,2932,124277,1536,68555,1396,55722,0,0,1513,38610,1414,42737,1515,81347,California
Placer,2021-02-28,1619,125896,879,69434,739,56461,1,1,741,38480,872,43609,742,82089,California
Placer,2021-03-01,3217,129113,2139,71573,1078,57539,0,1,1637,38546,1571,45180,1637,83726,California
Placer,2021-03-02,2931,132044,1806,73379,1125,58664,0,1,1909,39446,1009,46189,1909,85635,California
Placer,2021-03-03,3402,135446,1483,74862,1918,60582,1,2,1861,39776,1533,47722,1863,87498,California
Placer,2021-03-04,3653,139099,1468,76330,2185,62767,0,2,1898,39932,1743,49465,1899,89397,California
Placer,2021-03-05,3022,142121,1038,77368,1963,64730,21,23,1817,40570,1200,50665,1838,91235,California
Placer,2021-03-06,2447,144568,1513,78881,839,65569,95,118,941,40108,1498,52163,1036,92271,California
Placer,2021-03-07,1351,145919,774,79655,538,66107,39,157,547,39894,800,52963,586,92857,California
Placer,2021-03-08,2942,148861,1849,81504,979,67086,114,271,1662,40394,1276,54239,1776,94633,California
Placer,2021-03-09,3212,152073,1709,83213,1412,68498,91,362,1842,40960,1367,55606,1933,96566,California
Placer,2021-03-10,3318,155391,1341,84554,1871,70369,106,468,1728,41209,1585,57191,1834,98400,California
Placer,2021-03-11,3686,159077,1682,86236,1878,72247,126,594,1755,41173,1919,59110,1883,100283,California
Placer,2021-03-12,3709,162786,1496,87732,1433,73680,780,1374,1250,40757,2447,61557,2031,102314,California
Placer,2021-03-13,2222,165008,753,88485,1345,75025,124,1498,1185,41032,1033,62590,1308,103622,California
Placer,2021-03-14,1709,166717,685,89170,875,75900,149,1647,894,41262,813,63403,1043,104665,California
Placer,2021-03-15,3232,169949,1552,90722,1550,77450,130,1777,1774,41713,1454,64857,1905,106570,California
Placer,2021-03-16,3641,173590,1964,92686,1542,78992,135,1912,2313,42845,1317,66174,2449,109019,California
Placer,2021-03-17,3474,177064,1751,94437,1619,80611,104,2016,2231,43942,1239,67413,2336,111355,California
Placer,2021-03-18,4128,181192,2342,96779,1747,82358,39,2055,2866,45593,1253,68666,2904,114259,California
Placer,2021-03-19,3477,184669,2082,98861,1126,83484,269,2324,2162,46717,1304,69970,2428,116687,California
Placer,2021-03-20,2203,186872,909,99770,1195,84679,99,2423,1346,47309,852,70822,1444,118131,California
Placer,2021-03-21,1317,188189,588,100358,719,85398,10,2433,795,47596,518,71340,805,118936,California
Placer,2021-03-22,3330,191519,2133,102491,1106,86504,91,2524,2157,48675,1169,72509,2248,121184,California
Placer,2021-03-23,3593,195112,2125,104616,1380,87884,88,2612,2564,50304,1023,73532,2652,123836,California
Placer,2021-03-24,3815,198927,2009,106625,1709,89593,97,2709,1914,50438,1878,75410,2012,125848,California
Placer,2021-03-25,3878,202805,1871,108496,1906,91499,101,2810,1706,50085,2159,77569,1806,127654,California
Placer,2021-03-26,3795,206600,1679,110175,1884,93383,232,3042,1517,49573,2261,79830,1749,129403,California
Placer,2021-03-27,1642,208242,482,110657,1140,94523,20,3062,640,49237,995,80825,659,130062,California
Placer,2021-03-28,1133,209375,530,111187,593,95116,10,3072,300,48731,816,81641,310,130372,California
Placer,2021-03-29,3582,212957,1998,113185,1548,96664,36,3108,1729,48657,1842,83483,1768,132140,California
Placer,2021-03-30,3985,216942,2095,115280,1846,98510,44,3152,2079,48886,1892,85375,2121,134261,California
Placer,2021-03-31,4128,221070,1839,117119,2214,100724,75,3227,1691,48221,2429,87804,1764,136025,California
Placer,2021-04-01,3009,224079,1447,118566,1514,102238,48,3275,1669,48608,1330,89134,1717,137742,California
Placer,2021-04-02,2855,226934,1456,120022,1332,103570,67,3342,1605,49034,1243,90377,1669,139411,California
Placer,2021-04-03,1866,228800,997,121019,740,104310,129,3471,895,49093,963,91340,1022,140433,California
Placer,2021-04-04,717,229517,368,121387,296,104606,53,3524,287,49008,425,91765,340,140773,California
Placer,2021-04-05,3024,232541,1913,123300,925,105531,186,3710,1754,49684,1264,93029,1940,142713,California
Placer,2021-04-06,4320,236861,2497,125797,1520,107051,303,4013,1534,48743,2777,95806,1836,144549,California
Placer,2021-04-07,4571,241432,2608,128405,1499,108550,464,4477,2084,48807,2480,98286,2544,147093,California
Placer,2021-04-08,4742,246174,2617,131022,1581,110131,544,5021,1588,47798,3141,101427,2132,149225,California
Placer,2021-04-09,4159,250333,2279,133301,1254,111385,626,5647,1248,46771,2902,104329,1875,151100,California
Placer,2021-04-10,2117,252450,886,134187,1047,112432,184,5831,922,46684,1192,105521,1105,152205,California
Placer,2021-04-11,1395,253845,536,134723,826,113258,33,5864,445,46216,945,106466,477,152682,California
Placer,2021-04-12,4142,257987,2664,137387,1089,114347,389,6253,2472,47416,1660,108126,2860,155542,California
Placer,2021-04-13,4374,262361,3008,140395,1365,115712,1,6254,2190,47431,2177,110303,2192,157734,California
Placer,2021-04-14,4179,266540,2595,142990,1583,117295,1,6255,1859,46981,2309,112612,1859,159593,California
Placer,2021-04-15,4529,271069,2521,145511,2007,119302,1,6256,2361,47185,2158,114770,2362,161955,California
Placer,2021-04-16,3719,274788,2204,147715,1515,120817,0,6256,1451,46375,2261,117031,1451,163406,California
Placer,2021-04-17,2646,277434,855,148570,1791,122608,0,6256,1730,47195,910,117941,1730,165136,California
Placer,2021-04-18,1273,278707,302,148872,971,123579,0,6256,441,46806,830,118771,441,165577,California
Placer,2021-04-19,2970,281677,1830,150702,1140,124719,0,6256,1169,46180,1796,120567,1170,166747,California
Placer,2021-04-20,3916,285593,2561,153263,1355,126074,0,6256,2452,47178,1454,122021,2452,169199,California
Placer,2021-04-21,3822,289415,2538,155801,1283,127357,1,6257,2486,48334,1331,123352,2487,171686,California
Placer,2021-04-22,3748,293163,2335,158136,1413,128770,0,6257,1794,48180,1948,125300,1794,173480,California
Placer,2021-04-23,3581,296744,2382,160518,1198,129968,1,6258,1403,47413,2171,127471,1404,174884,California
Placer,2021-04-24,2096,298840,1272,161790,823,130791,1,6259,1225,47777,861,128332,1225,176109,California
Placer,2021-04-25,934,299774,500,162290,434,131225,0,6259,554,47951,380,128712,554,176663,California
Placer,2021-04-26,2515,302289,1361,163651,1130,132355,24,6283,1212,47892,1294,130006,1235,177898,California
Placer,2021-04-27,2796,305085,1482,165133,1265,133620,49,6332,1586,48323,1206,131212,1637,179535,California
Placer,2021-04-28,3061,308146,1916,167049,1109,134729,36,6368,1612,48533,1439,132651,1649,181184,California
Placer,2021-04-29,3441,311587,2246,169295,1141,135870,54,6422,1452,48056,1983,134634,1506,182690,California
Placer,2021-04-30,3043,314630,1849,171144,1145,137015,49,6471,1223,47514,1814,136448,1272,183962,California
Placer,2021-05-01,1339,315969,935,172079,379,137394,25,6496,612,47430,720,137168,636,184598,California
Placer,2021-05-02,737,316706,573,172652,142,137536,22,6518,332,47381,403,137571,354,184952,California
Placer,2021-05-03,1621,318327,1001,173653,553,138089,67,6585,442,46714,1175,138746,508,185460,California
Placer,2021-05-04,2369,320696,1358,175011,845,138934,166,6751,878,46274,1484,140230,1044,186504,California
Placer,2021-05-05,3732,324428,2536,177547,1091,140025,105,6856,978,44614,2743,142973,1083,187587,California
Placer,2021-05-06,3115,327543,1911,179458,1128,141153,76,6932,819,43239,2270,145243,895,188482,California
Placer,2021-05-07,2839,330382,1913,181371,833,141986,93,7025,799,42103,2028,147271,892,189374,California
Placer,2021-05-08,1412,331794,738,182109,631,142617,43,7068,412,41557,999,148270,453,189827,California
Placer,2021-05-09,452,332246,221,182330,210,142827,21,7089,209,41544,243,148513,230,190057,California
Placer,2021-05-10,1931,334177,1032,183362,803,143630,96,7185,423,40560,1503,150016,519,190576,California
Placer,2021-05-11,3042,337219,2203,185565,721,144351,118,7303,656,38959,2375,152391,774,191350,California
Placer,2021-05-12,2893,340112,2002,187567,834,145185,57,7360,683,37499,2202,154593,742,192092,California
Placer,2021-05-13,2875,342987,1855,189422,972,146157,48,7408,1010,36693,1863,156456,1057,193149,California
Placer,2021-05-14,2856,345843,1872,191294,848,147005,136,7544,1372,36726,1469,157925,1502,194651,California
Placer,2021-05-15,2105,347948,1366,192660,715,147720,24,7568,934,36520,1164,159089,958,195609,California
Placer,2021-05-16,1194,349142,530,193190,645,148365,19,7587,342,36031,850,159939,361,195970,California
Placer,2021-05-17,2360,351502,1569,194759,714,149079,77,7664,1015,35782,1341,161280,1092,197062,California
Placer,2021-05-18,2518,354020,1684,196443,754,149833,80,7744,1128,35603,1386,162666,1207,198269,California
Placer,2021-05-19,2544,356564,1595,198038,903,150736,46,7790,874,34858,1665,164331,920,199189,California
Placer,2021-05-20,2545,359109,1650,199688,847,151583,48,7838,863,34097,1673,166004,912,200101,California
Placer,2021-05-21,2448,361557,1530,201218,773,152356,145,7983,1054,33908,1386,167390,1197,201298,California
Placer,2021-05-22,1611,363168,1059,202277,510,152866,42,8025,763,33870,843,168233,805,202103,California
Placer,2021-05-23,638,363806,358,202635,264,153130,16,8041,280,33809,358,168591,297,202400,California
Placer,2021-05-24,1513,365319,771,203406,605,153735,137,8178,447,33329,1064,169655,584,202984,California
Placer,2021-05-25,1797,367116,946,204352,751,154486,100,8278,641,32922,1148,170803,741,203725,California
Placer,2021-05-26,1586,368702,909,205261,638,155124,39,8317,613,32607,968,171771,653,204378,California
Placer,2021-05-27,1463,370165,721,205982,697,155821,45,8362,662,32521,793,172564,707,205085,California
Placer,2021-05-28,1706,371871,857,206839,752,156573,97,8459,726,32370,974,173538,823,205908,California
Placer,2021-05-29,751,372622,405,207244,315,156888,31,8490,379,32411,368,173906,409,206317,California
Placer,2021-05-30,342,372964,230,207474,98,156986,14,8504,210,32504,131,174037,224,206541,California
Placer,2021-05-31,147,373111,70,207544,60,157046,17,8521,30,32434,116,174153,46,206587,California
Placer,2021-06-01,1678,374789,883,208427,722,157768,73,8594,591,32015,1082,175235,663,207250,California
Placer,2021-06-02,1508,376297,761,209188,680,158448,67,8661,488,31551,1019,176254,555,207805,California
Placer,2021-06-03,1700,377997,1031,210219,610,159058,59,8720,429,30773,1265,177519,487,208292,California
Placer,2021-06-04,1860,379857,1318,211537,488,159546,54,8774,457,29888,1394,178913,509,208801,California
Placer,2021-06-05,1088,380945,771,212308,276,159822,41,8815,267,29379,817,179730,308,209109,California
Placer,2021-06-06,500,381445,361,212669,122,159944,17,8832,124,29145,375,180105,141,209250,California
Placer,2021-06-07,1050,382495,718,213387,260,160204,72,8904,225,28618,822,180927,295,209545,California
Placer,2021-06-08,1729,384224,1317,214704,363,160567,49,8953,433,27806,1293,182220,481,210026,California
Placer,2021-06-09,1168,385392,847,215551,269,160836,52,9005,256,27206,909,183129,309,210335,California
Placer,2021-06-10,1254,386646,865,216416,314,161150,75,9080,314,26656,937,184066,387,210722,California
Placer,2021-06-11,1488,388134,1073,217489,356,161506,59,9139,341,25913,1142,185208,399,211121,California
Placer,2021-06-12,1017,389151,754,218243,237,161743,26,9165,220,25364,795,186003,246,211367,California
Placer,2021-06-13,394,389545,303,218546,80,161823,11,9176,91,25164,302,186305,102,211469,California
Placer,2021-06-14,768,390313,523,219069,199,162022,46,9222,222,24888,542,186847,266,211735,California
Placer,2021-06-15,1290,391603,860,219929,367,162389,63,9285,422,24508,864,187711,484,212219,California
Placer,2021-06-16,1035,392638,749,220678,231,162620,55,9340,332,24192,702,188413,386,212605,California
Placer,2021-06-17,879,393517,607,221285,235,162855,37,9377,274,23902,601,189014,311,212916,California
Placer,2021-06-18,1153,394670,762,222047,302,163157,89,9466,377,23593,775,189789,466,213382,California
Placer,2021-06-19,608,395278,437,222484,138,163295,33,9499,237,23495,367,190156,269,213651,California
Placer,2021-06-20,282,395560,231,222715,43,163338,8,9507,106,23434,174,190330,113,213764,California
Placer,2021-06-21,492,396052,288,223003,166,163504,38,9545,234,23448,258,190588,272,214036,California
Placer,2021-06-22,880,396932,622,223625,204,163708,54,9599,263,23155,610,191198,317,214353,California
Placer,2021-06-23,842,397774,610,224235,185,163893,47,9646,386,23133,455,191653,433,214786,California
Placer,2021-06-24,819,398593,514,224749,258,164151,47,9693,311,22986,505,192158,358,215144,California
Placer,2021-06-25,936,399529,665,225414,218,164369,53,9746,386,22882,543,192701,439,215583,California
Placer,2021-06-26,540,400069,390,225804,120,164489,30,9776,238,22850,300,193001,268,215851,California
Placer,2021-06-27,249,400318,181,225985,57,164546,11,9787,117,22846,131,193132,127,215978,California
Placer,2021-06-28,489,400807,362,226347,83,164629,44,9831,209,22820,279,193411,253,216231,California
Placer,2021-06-29,828,401635,583,226930,199,164828,46,9877,321,22681,506,193917,367,216598,California
Placer,2021-06-30,597,402232,416,227346,140,164968,41,9918,258,22642,338,194255,299,216897,California
Placer,2021-07-01,543,402775,363,227709,141,165109,39,9957,220,22580,321,194576,259,217156,California
Placer,2021-07-02,660,403435,484,228193,151,165260,25,9982,284,22519,370,194946,309,217465,California
Placer,2021-07-03,303,403738,210,228403,79,165339,14,9996,144,22521,156,195102,158,217623,California
Placer,2021-07-04,16,403754,2,228405,14,165353,0,9996,6,22517,10,195112,6,217629,California
Placer,2021-07-05,201,403955,122,228527,71,165424,8,10004,86,22498,113,195225,94,217723,California
Plumas,2020-12-18,3,3,3,3,0,0,0,0,3,3,0,0,3,3,California
Plumas,2020-12-19,1,4,1,4,0,0,0,0,1,4,0,0,1,4,California
Plumas,2020-12-21,45,49,45,49,0,0,0,0,45,49,0,0,45,49,California
Plumas,2020-12-22,92,141,92,141,0,0,0,0,92,141,0,0,92,141,California
Plumas,2020-12-23,50,191,50,191,0,0,0,0,50,191,0,0,50,191,California
Plumas,2020-12-24,6,197,6,197,0,0,0,0,6,197,0,0,6,197,California
Plumas,2020-12-28,8,205,0,197,8,8,0,0,8,205,0,0,8,205,California
Plumas,2020-12-29,32,237,22,219,10,18,0,0,32,237,0,0,32,237,California
Plumas,2020-12-30,23,260,1,220,22,40,0,0,23,260,0,0,23,260,California
Plumas,2020-12-31,4,264,1,221,3,43,0,0,4,264,0,0,4,264,California
Plumas,2021-01-01,1,265,0,221,1,44,0,0,1,265,0,0,1,265,California
Plumas,2021-01-02,1,266,0,221,1,45,0,0,1,266,0,0,1,266,California
Plumas,2021-01-04,10,276,4,225,6,51,0,0,10,276,0,0,10,276,California
Plumas,2021-01-05,22,298,2,227,20,71,0,0,22,298,0,0,22,298,California
Plumas,2021-01-06,123,421,5,232,118,189,0,0,123,421,0,0,123,421,California
Plumas,2021-01-07,53,474,2,234,51,240,0,0,52,472,1,1,52,473,California
Plumas,2021-01-08,11,485,4,238,7,247,0,0,8,477,3,4,8,481,California
Plumas,2021-01-09,2,487,2,240,0,247,0,0,1,477,1,5,1,482,California
Plumas,2021-01-11,58,545,50,290,8,255,0,0,11,441,47,52,11,493,California
Plumas,2021-01-12,155,700,86,376,69,324,0,0,71,428,84,136,71,564,California
Plumas,2021-01-13,55,755,50,426,5,329,0,0,9,391,46,182,9,573,California
Plumas,2021-01-14,99,854,14,440,85,414,0,0,94,480,5,187,94,667,California
Plumas,2021-01-15,63,917,7,447,56,470,0,0,61,539,2,189,61,728,California
Plumas,2021-01-16,58,975,1,448,57,527,0,0,58,597,0,189,58,786,California
Plumas,2021-01-18,2,977,1,449,1,528,0,0,2,599,0,189,2,788,California
Plumas,2021-01-19,36,1013,5,454,31,559,0,0,32,627,4,193,32,820,California
Plumas,2021-01-20,122,1135,3,457,119,678,0,0,120,745,2,195,120,940,California
Plumas,2021-01-21,112,1247,2,459,110,788,0,0,112,857,0,195,112,1052,California
Plumas,2021-01-22,5,1252,1,460,4,792,0,0,5,862,0,195,5,1057,California
Plumas,2021-01-23,94,1346,2,462,92,884,0,0,94,956,0,195,94,1151,California
Plumas,2021-01-24,1,1347,1,463,0,884,0,0,1,957,0,195,1,1152,California
Plumas,2021-01-25,11,1358,8,471,3,887,0,0,8,962,3,198,8,1160,California
Plumas,2021-01-26,59,1417,2,473,57,944,0,0,51,1005,8,206,51,1211,California
Plumas,2021-01-27,26,1443,20,493,6,950,0,0,6,991,20,226,6,1217,California
Plumas,2021-01-28,24,1467,0,493,24,974,0,0,22,1011,2,228,22,1239,California
Plumas,2021-01-29,9,1476,3,496,6,980,0,0,8,1018,1,229,8,1247,California
Plumas,2021-01-30,11,1487,4,500,7,987,0,0,9,1025,2,231,9,1256,California
Plumas,2021-01-31,3,1490,3,503,0,987,0,0,3,1028,0,231,3,1259,California
Plumas,2021-02-01,22,1512,4,507,18,1005,0,0,14,1034,8,239,14,1273,California
Plumas,2021-02-02,24,1536,4,511,20,1025,0,0,4,1018,20,259,4,1277,California
Plumas,2021-02-03,129,1665,8,519,121,1146,0,0,14,918,114,373,14,1291,California
Plumas,2021-02-04,102,1767,8,527,94,1240,0,0,23,862,79,452,23,1314,California
Plumas,2021-02-05,25,1792,11,538,14,1254,0,0,10,857,15,467,10,1324,California
Plumas,2021-02-06,8,1800,1,539,7,1261,0,0,8,865,0,467,8,1332,California
Plumas,2021-02-08,14,1814,5,544,9,1270,0,0,2,855,12,479,2,1334,California
Plumas,2021-02-09,172,1986,2,546,170,1440,0,0,112,907,60,539,112,1446,California
Plumas,2021-02-10,88,2074,9,555,79,1519,0,0,80,980,8,547,81,1527,California
Plumas,2021-02-11,322,2396,6,561,316,1835,0,0,262,1182,60,607,262,1789,California
Plumas,2021-02-12,125,2521,4,565,121,1956,0,0,119,1295,6,613,119,1908,California
Plumas,2021-02-13,76,2597,6,571,70,2026,0,0,15,1249,61,674,15,1923,California
Plumas,2021-02-14,8,2605,5,576,3,2029,0,0,8,1257,0,674,8,1931,California
Plumas,2021-02-15,26,2631,5,581,21,2050,0,0,23,1277,3,677,23,1954,California
Plumas,2021-02-16,78,2709,4,585,74,2124,0,0,14,1227,64,741,14,1968,California
Plumas,2021-02-17,137,2846,5,590,132,2256,0,0,12,1114,125,866,12,1980,California
Plumas,2021-02-18,129,2975,6,596,123,2379,0,0,20,1026,109,975,21,2001,California
Plumas,2021-02-19,43,3018,6,602,37,2416,0,0,7,997,36,1011,7,2008,California
Plumas,2021-02-20,105,3123,7,609,98,2514,0,0,13,918,92,1103,13,2021,California
Plumas,2021-02-21,6,3129,5,614,1,2515,0,0,2,916,4,1107,2,2023,California
Plumas,2021-02-22,6,3135,3,617,3,2518,0,0,1,912,5,1112,1,2024,California
Plumas,2021-02-23,24,3159,5,622,19,2537,0,0,17,922,7,1119,17,2041,California
Plumas,2021-02-24,466,3625,8,630,458,2995,0,0,453,1362,13,1132,453,2494,California
Plumas,2021-02-25,234,3859,11,641,223,3218,0,0,170,1468,64,1196,170,2664,California
Plumas,2021-02-26,268,4127,9,650,259,3477,0,0,260,1721,8,1204,261,2925,California
Plumas,2021-02-27,42,4169,4,654,38,3515,0,0,35,1749,7,1211,35,2960,California
Plumas,2021-02-28,4,4173,0,654,4,3519,0,0,2,1749,2,1213,2,2962,California
Plumas,2021-03-01,22,4195,6,660,16,3535,0,0,12,1752,9,1222,12,2974,California
Plumas,2021-03-02,10,4205,0,660,10,3545,0,0,7,1757,2,1224,7,2981,California
Plumas,2021-03-03,156,4361,11,671,145,3690,0,0,139,1879,17,1241,139,3120,California
Plumas,2021-03-04,253,4614,9,680,244,3934,0,0,231,2088,22,1263,231,3351,California
Plumas,2021-03-05,399,5013,6,686,388,4322,5,5,387,2468,12,1275,392,3743,California
Plumas,2021-03-06,21,5034,2,688,11,4333,8,13,4,2463,17,1292,12,3755,California
Plumas,2021-03-07,13,5047,2,690,2,4335,9,22,3,2465,10,1302,12,3767,California
Plumas,2021-03-08,30,5077,3,693,3,4338,24,46,3,2466,27,1329,28,3795,California
Plumas,2021-03-09,133,5210,2,695,116,4454,15,61,18,2384,115,1444,33,3828,California
Plumas,2021-03-10,255,5465,3,698,238,4692,14,75,107,2358,147,1591,121,3949,California
Plumas,2021-03-11,177,5642,8,706,164,4856,5,80,142,2470,35,1626,147,4096,California
Plumas,2021-03-12,594,6236,4,710,303,5159,287,367,22,2207,572,2198,309,4405,California
Plumas,2021-03-13,28,6264,5,715,12,5171,11,378,7,2204,21,2219,18,4423,California
Plumas,2021-03-14,12,6276,3,718,4,5175,5,383,1,2200,10,2229,6,4429,California
Plumas,2021-03-15,32,6308,1,719,24,5199,7,390,6,2187,26,2255,13,4442,California
Plumas,2021-03-16,61,6369,3,722,57,5256,1,391,49,2226,11,2266,50,4492,California
Plumas,2021-03-17,76,6445,10,732,65,5321,1,392,59,2270,16,2282,60,4552,California
Plumas,2021-03-18,61,6506,7,739,38,5359,16,408,14,2253,47,2329,30,4582,California
Plumas,2021-03-19,165,6671,7,746,156,5515,2,410,155,2403,8,2337,158,4740,California
Plumas,2021-03-20,700,7371,4,750,695,6210,1,411,678,3062,20,2357,679,5419,California
Plumas,2021-03-21,2,7373,1,751,1,6211,0,411,1,3063,0,2357,1,5420,California
Plumas,2021-03-22,183,7556,2,753,181,6392,0,411,175,3231,7,2364,175,5595,California
Plumas,2021-03-23,28,7584,2,755,26,6418,0,411,14,3231,14,2378,14,5609,California
Plumas,2021-03-24,657,8241,6,761,650,7068,1,412,216,3009,440,2818,218,5827,California
Plumas,2021-03-25,310,8551,7,768,301,7369,2,414,166,3031,144,2962,166,5993,California
Plumas,2021-03-26,315,8866,9,777,306,7675,0,414,46,2809,268,3230,46,6039,California
Plumas,2021-03-27,14,8880,1,778,12,7687,1,415,3,2802,11,3241,4,6043,California
Plumas,2021-03-28,6,8886,3,781,2,7689,1,416,3,2803,3,3244,4,6047,California
Plumas,2021-03-29,12,8898,4,785,7,7696,1,417,4,2800,8,3252,5,6052,California
Plumas,2021-03-30,152,9050,3,788,148,7844,1,418,25,2699,127,3379,26,6078,California
Plumas,2021-03-31,297,9347,4,792,292,8136,1,419,272,2947,25,3404,273,6351,California
Plumas,2021-04-01,309,9656,12,804,296,8432,1,420,66,2773,240,3644,66,6417,California
Plumas,2021-04-02,377,10033,5,809,371,8803,1,421,31,2471,334,3978,32,6449,California
Plumas,2021-04-03,16,10049,3,812,5,8808,8,429,2,2467,14,3992,10,6459,California
Plumas,2021-04-04,3,10052,1,813,1,8809,1,430,0,2465,3,3995,1,6460,California
Plumas,2021-04-05,12,10064,4,817,7,8816,1,431,4,2463,7,4002,5,6465,California
Plumas,2021-04-06,121,10185,6,823,89,8905,26,457,14,2396,107,4109,40,6505,California
Plumas,2021-04-07,284,10469,8,831,99,9004,177,634,29,2347,255,4364,206,6711,California
Plumas,2021-04-08,150,10619,4,835,131,9135,15,649,35,2282,114,4478,49,6760,California
Plumas,2021-04-09,52,10671,10,845,24,9159,18,667,18,2283,34,4512,35,6795,California
Plumas,2021-04-10,25,10696,2,847,6,9165,17,684,5,2285,20,4532,22,6817,California
Plumas,2021-04-11,5,10701,3,850,1,9166,1,685,3,2288,1,4533,4,6821,California
Plumas,2021-04-12,13,10714,5,855,5,9171,3,688,7,2293,5,4538,10,6831,California
Plumas,2021-04-13,211,10925,5,860,206,9377,0,688,141,2364,70,4608,141,6972,California
Plumas,2021-04-14,111,11036,8,868,103,9480,0,688,56,2366,54,4662,56,7028,California
Plumas,2021-04-15,53,11089,2,870,51,9531,0,688,33,2380,19,4681,33,7061,California
Plumas,2021-04-16,142,11231,2,872,140,9671,0,688,2,2242,140,4821,2,7063,California
Plumas,2021-04-17,672,11903,2,874,670,10341,0,688,18,1609,651,5472,18,7081,California
Plumas,2021-04-18,4,11907,3,877,1,10342,0,688,1,1607,3,5475,1,7082,California
Plumas,2021-04-19,38,11945,3,880,35,10377,0,688,5,1579,33,5508,5,7087,California
Plumas,2021-04-20,43,11988,5,885,38,10415,0,688,27,1591,15,5523,27,7114,California
Plumas,2021-04-21,311,12299,5,890,305,10720,1,689,18,1316,293,5816,18,7132,California
Plumas,2021-04-22,276,12575,8,898,268,10988,0,689,126,1292,150,5966,126,7258,California
Plumas,2021-04-23,73,12648,6,904,67,11055,0,689,16,1251,57,6023,16,7274,California
Plumas,2021-04-24,171,12819,5,909,166,11221,0,689,144,1369,26,6049,144,7418,California
Plumas,2021-04-26,30,12849,4,913,26,11247,0,689,8,1356,21,6070,8,7426,California
Plumas,2021-04-27,93,12942,3,916,90,11337,0,689,56,1375,37,6107,56,7482,California
Plumas,2021-04-28,286,13228,4,920,282,11619,0,689,38,1167,246,6353,38,7520,California
Plumas,2021-04-29,172,13400,69,989,103,11722,0,689,118,1231,54,6407,118,7638,California
Plumas,2021-04-30,21,13421,10,999,11,11733,0,689,5,1220,16,6423,5,7643,California
Plumas,2021-05-01,7,13428,1,1000,5,11738,1,690,1,1218,4,6427,2,7645,California
Plumas,2021-05-02,3,13431,3,1003,0,11738,0,690,1,1217,2,6429,1,7646,California
Plumas,2021-05-03,20,13451,7,1010,7,11745,6,696,6,1217,12,6441,12,7658,California
Plumas,2021-05-04,33,13484,5,1015,22,11767,6,702,19,1229,13,6454,25,7683,California
Plumas,2021-05-05,49,13533,6,1021,42,11809,1,703,22,1225,27,6481,23,7706,California
Plumas,2021-05-06,61,13594,2,1023,54,11863,5,708,19,1207,42,6523,24,7730,California
Plumas,2021-05-07,22,13616,5,1028,16,11879,1,709,8,1202,14,6537,9,7739,California
Plumas,2021-05-08,6,13622,0,1028,4,11883,2,711,4,1206,2,6539,6,7745,California
Plumas,2021-05-10,51,13673,1,1029,27,11910,23,734,23,1224,28,6567,46,7791,California
Plumas,2021-05-11,163,13836,3,1032,141,12051,19,753,12,1104,151,6718,31,7822,California
Plumas,2021-05-12,100,13936,2,1034,90,12141,8,761,37,1087,62,6780,45,7867,California
Plumas,2021-05-13,36,13972,3,1037,31,12172,2,763,14,1081,22,6802,16,7883,California
Plumas,2021-05-14,20,13992,4,1041,11,12183,5,768,10,1086,10,6812,15,7898,California
Plumas,2021-05-15,10,14002,4,1045,4,12187,2,770,4,1086,6,6818,6,7904,California
Plumas,2021-05-16,2,14004,1,1046,1,12188,0,770,1,1086,1,6819,1,7905,California
Plumas,2021-05-17,13,14017,0,1046,4,12192,9,779,4,1090,9,6828,13,7918,California
Plumas,2021-05-18,44,14061,7,1053,36,12228,1,780,24,1095,20,6848,25,7943,California
Plumas,2021-05-19,47,14108,3,1056,30,12258,14,794,12,1087,35,6883,27,7970,California
Plumas,2021-05-20,191,14299,136,1192,44,12302,11,805,78,1065,111,6994,89,8059,California
Plumas,2021-05-21,29,14328,8,1200,14,12316,7,812,14,1071,15,7009,21,8080,California
Plumas,2021-05-22,137,14465,1,1201,136,12452,0,812,7,950,128,7137,7,8087,California
Plumas,2021-05-23,1,14466,1,1202,0,12452,0,812,0,949,1,7138,0,8087,California
Plumas,2021-05-24,51,14517,37,1239,13,12465,1,813,41,982,9,7147,42,8129,California
Plumas,2021-05-25,67,14584,3,1242,63,12528,1,814,15,946,52,7199,16,8145,California
Plumas,2021-05-26,41,14625,7,1249,27,12555,7,821,17,947,23,7222,24,8169,California
Plumas,2021-05-27,100,14725,25,1274,62,12617,13,834,41,943,58,7280,54,8223,California
Plumas,2021-05-28,42,14767,14,1288,26,12643,2,836,22,948,19,7299,24,8247,California
Plumas,2021-05-29,8,14775,0,1288,8,12651,0,836,6,953,2,7301,7,8254,California
Plumas,2021-05-30,1,14776,0,1288,1,12652,0,836,0,953,0,7301,0,8254,California
Plumas,2021-05-31,7,14783,0,1288,4,12656,3,839,0,951,5,7306,3,8257,California
Plumas,2021-06-01,32,14815,7,1295,20,12676,5,844,9,943,23,7329,15,8272,California
Plumas,2021-06-02,59,14874,6,1301,31,12707,22,866,10,926,49,7378,32,8304,California
Plumas,2021-06-03,66,14940,17,1318,39,12746,10,876,27,924,39,7417,37,8341,California
Plumas,2021-06-04,15,14955,3,1321,11,12757,1,877,8,928,5,7422,9,8350,California
Plumas,2021-06-05,7,14962,3,1324,4,12761,0,877,2,925,5,7427,2,8352,California
Plumas,2021-06-06,2,14964,1,1325,1,12762,0,877,0,923,2,7429,0,8352,California
Plumas,2021-06-07,37,15001,5,1330,25,12787,7,884,9,911,28,7457,16,8368,California
Plumas,2021-06-08,30,15031,9,1339,19,12806,2,886,8,899,22,7479,10,8378,California
Plumas,2021-06-09,42,15073,5,1344,34,12840,3,889,9,878,33,7512,12,8390,California
Plumas,2021-06-10,36,15109,15,1359,17,12857,4,893,12,871,23,7535,16,8406,California
Plumas,2021-06-11,25,15134,13,1372,9,12866,3,896,8,865,17,7552,11,8417,California
Plumas,2021-06-12,11,15145,3,1375,7,12873,1,897,6,867,5,7557,7,8424,California
Plumas,2021-06-13,3,15148,1,1376,2,12875,0,897,3,870,0,7557,3,8427,California
Plumas,2021-06-14,97,15245,88,1464,6,12881,3,900,13,802,84,7641,16,8443,California
Plumas,2021-06-15,29,15274,7,1471,20,12901,2,902,9,793,20,7661,11,8454,California
Plumas,2021-06-16,33,15307,11,1482,13,12914,9,911,9,787,24,7685,18,8472,California
Plumas,2021-06-17,49,15356,30,1512,15,12929,4,915,11,765,37,7722,15,8487,California
Plumas,2021-06-18,39,15395,17,1529,14,12943,8,923,13,759,26,7748,20,8507,California
Plumas,2021-06-19,9,15404,2,1531,7,12950,0,923,2,754,7,7755,2,8509,California
Plumas,2021-06-21,9,15413,4,1535,4,12954,1,924,5,756,4,7759,6,8515,California
Plumas,2021-06-22,29,15442,11,1546,16,12970,2,926,9,747,20,7779,11,8526,California
Plumas,2021-06-23,27,15469,15,1561,9,12979,3,929,15,753,12,7791,18,8544,California
Plumas,2021-06-24,30,15499,19,1580,8,12987,3,932,14,754,15,7806,16,8560,California
Plumas,2021-06-25,22,15521,9,1589,11,12998,2,934,8,752,12,7818,10,8570,California
Plumas,2021-06-26,13,15534,4,1593,8,13006,1,935,3,746,10,7828,4,8574,California
Plumas,2021-06-28,10,15544,4,1597,2,13008,4,939,2,744,8,7836,6,8580,California
Plumas,2021-06-29,24,15568,16,1613,7,13015,1,940,11,743,13,7849,12,8592,California
Plumas,2021-06-30,22,15590,9,1622,9,13024,4,944,8,741,14,7863,12,8604,California
Plumas,2021-07-01,41,15631,27,1649,10,13034,4,948,21,746,20,7883,25,8629,California
Plumas,2021-07-02,17,15648,13,1662,4,13038,0,948,4,737,13,7896,4,8633,California
Plumas,2021-07-03,1,15649,0,1662,1,13039,0,948,1,738,0,7896,1,8634,California
Riverside,2020-12-15,7,7,7,7,0,0,0,0,7,7,0,0,7,7,California
Riverside,2020-12-16,96,103,96,103,0,0,0,0,96,103,0,0,96,103,California
Riverside,2020-12-17,836,939,836,939,0,0,0,0,836,939,0,0,836,939,California
Riverside,2020-12-18,1780,2719,1779,2718,1,1,0,0,1780,2719,0,0,1780,2719,California
Riverside,2020-12-19,1055,3774,1052,3770,3,4,0,0,1053,3771,1,1,1053,3772,California
Riverside,2020-12-20,1114,4888,1113,4883,1,5,0,0,1114,4885,0,1,1114,4886,California
Riverside,2020-12-21,2342,7230,2340,7223,2,7,0,0,2342,7227,0,1,2342,7228,California
Riverside,2020-12-22,2296,9526,2249,9472,47,54,0,0,2295,9522,0,1,2295,9523,California
Riverside,2020-12-23,2165,11691,1821,11293,344,398,0,0,2166,11688,0,1,2166,11689,California
Riverside,2020-12-24,859,12550,655,11948,204,602,0,0,859,12547,0,1,859,12548,California
Riverside,2020-12-25,41,12591,18,11966,23,625,0,0,40,12587,0,1,40,12588,California
Riverside,2020-12-26,490,13081,270,12236,220,845,0,0,490,13077,0,1,490,13078,California
Riverside,2020-12-27,398,13479,268,12504,130,975,0,0,397,13473,1,2,397,13475,California
Riverside,2020-12-28,1716,15195,1194,13698,522,1497,0,0,1716,15189,0,2,1716,15191,California
Riverside,2020-12-29,1809,17004,1025,14723,784,2281,0,0,1809,16998,0,2,1809,17000,California
Riverside,2020-12-30,2654,19658,1725,16448,929,3210,0,0,2652,19649,1,3,2652,19652,California
Riverside,2020-12-31,1082,20740,422,16870,660,3870,0,0,1083,20731,1,4,1083,20735,California
Riverside,2021-01-01,134,20874,58,16928,76,3946,0,0,134,20865,0,4,134,20869,California
Riverside,2021-01-02,896,21770,708,17636,188,4134,0,0,896,21761,0,4,896,21765,California
Riverside,2021-01-03,359,22129,305,17941,54,4188,0,0,358,22119,0,4,358,22123,California
Riverside,2021-01-04,1304,23433,810,18751,494,4682,0,0,1303,23422,0,4,1303,23426,California
Riverside,2021-01-05,2062,25495,1416,20167,646,5328,0,0,1938,25243,117,121,1938,25364,California
Riverside,2021-01-06,2598,28093,1160,21327,1438,6766,0,0,2255,27161,337,458,2255,27619,California
Riverside,2021-01-07,2885,30978,1886,23213,999,7765,0,0,1770,27827,1107,1565,1773,29392,California
Riverside,2021-01-08,4123,35101,2979,26192,1144,8909,0,0,2262,28233,1856,3421,2262,31654,California
Riverside,2021-01-09,2138,37239,878,27070,1260,10169,0,0,1760,29617,376,3797,1760,33414,California
Riverside,2021-01-10,1697,38936,751,27821,946,11115,0,0,1081,30082,616,4413,1081,34495,California
Riverside,2021-01-11,4623,43559,3160,30981,1463,12578,0,0,2844,31149,1777,6190,2844,37339,California
Riverside,2021-01-12,3524,47083,2783,33764,741,13319,0,0,1807,31247,1712,7902,1810,39149,California
Riverside,2021-01-13,4590,51673,3001,36765,1589,14908,0,0,2945,32551,1641,9543,2945,42094,California
Riverside,2021-01-14,5801,57474,2056,38821,3745,18653,0,0,5170,37094,629,10172,5172,47266,California
Riverside,2021-01-15,6287,63761,2108,40929,4179,22832,0,0,5951,42712,334,10506,5952,53218,California
Riverside,2021-01-16,3723,67484,1036,41965,2687,25519,0,0,3461,45912,262,10768,3462,56680,California
Riverside,2021-01-17,3664,71148,605,42570,3059,28578,0,0,3455,49160,207,10975,3455,60135,California
Riverside,2021-01-18,3864,75012,2105,44675,1759,30337,0,0,2816,50930,1047,12022,2817,62952,California
Riverside,2021-01-19,7541,82553,2680,47355,4861,35198,0,0,6394,56183,1146,13168,6399,69351,California
Riverside,2021-01-20,8473,91026,3269,50624,5204,40402,0,0,6797,61323,1663,14831,6803,76154,California
Riverside,2021-01-21,8564,99590,3574,54198,4990,45392,0,0,7858,68475,707,15538,7859,84013,California
Riverside,2021-01-22,8973,108563,3056,57254,5917,51309,0,0,8494,76494,477,16015,8496,92509,California
Riverside,2021-01-23,6076,114639,2356,59610,3720,55029,0,0,5265,80950,810,16825,5266,97775,California
Riverside,2021-01-24,3116,117755,1437,61047,1679,56708,0,0,2891,83621,221,17046,2892,100667,California
Riverside,2021-01-25,8036,125791,4596,65643,3440,60148,0,0,6866,89322,1167,18213,6868,107535,California
Riverside,2021-01-26,9237,135028,5720,71363,3517,63665,0,0,7698,95485,1536,19749,7699,115234,California
Riverside,2021-01-27,11120,146148,6417,77780,4703,68368,0,0,9473,103320,1641,21390,9476,124710,California
Riverside,2021-01-28,11739,157887,6819,84599,4920,73288,0,0,10536,112665,1194,22584,10539,135249,California
Riverside,2021-01-29,12106,169993,7311,91910,4795,78083,0,0,10706,122001,1376,23960,10712,145961,California
Riverside,2021-01-30,9197,179190,4620,96530,4577,82660,0,0,8693,130195,500,24460,8694,154655,California
Riverside,2021-01-31,5190,184380,4223,100753,967,83627,0,0,5045,135102,143,24603,5050,159705,California
Riverside,2021-02-01,11498,195878,7164,107917,4334,87961,0,0,9473,142563,2016,26619,9477,169182,California
Riverside,2021-02-02,9694,205572,4876,112793,4818,92779,0,0,8176,149241,1504,28123,8182,177364,California
Riverside,2021-02-03,12435,218007,5198,117991,7237,100016,0,0,9973,156767,2452,30575,9978,187342,California
Riverside,2021-02-04,13780,231787,6067,124058,7713,107729,0,0,11612,166230,2157,32732,11620,198962,California
Riverside,2021-02-05,14700,246487,5566,129624,9134,116863,0,0,11443,174433,3248,35980,11451,210413,California
Riverside,2021-02-06,7353,253840,4275,133899,3078,119941,0,0,5684,178463,1658,37638,5688,216101,California
Riverside,2021-02-07,2223,256063,809,134708,1414,121355,0,0,1885,180019,336,37974,1892,217993,California
Riverside,2021-02-08,12615,268678,5591,140299,7024,128379,0,0,10220,187876,2377,40351,10234,228227,California
Riverside,2021-02-09,9827,278505,4565,144864,5262,133641,0,0,7789,193666,2020,42371,7810,236037,California
Riverside,2021-02-10,12274,290779,7023,151887,5251,138892,0,0,8965,199354,3296,45667,8984,245021,California
Riverside,2021-02-11,16897,307676,9104,160991,7793,146685,0,0,12212,206942,4661,50328,12249,257270,California
Riverside,2021-02-12,18065,325741,10925,171916,7140,153825,0,0,12951,214858,5063,55391,12979,270249,California
Riverside,2021-02-13,6442,332183,2174,174090,4268,158093,0,0,3113,214688,3314,58705,3144,273393,California
Riverside,2021-02-14,5040,337223,1186,175276,3854,161947,0,0,2261,214189,2773,61478,2274,275667,California
Riverside,2021-02-15,10025,347248,5124,180400,4901,166848,0,0,5529,215255,4480,65958,5546,281213,California
Riverside,2021-02-16,16391,363639,10240,190640,6151,172999,0,0,9411,217724,6968,72926,9437,290650,California
Riverside,2021-02-17,15377,379016,8424,199064,6953,179952,0,0,7624,217667,7736,80662,7679,298329,California
Riverside,2021-02-18,15798,394814,9069,208133,6729,186681,0,0,8107,218153,7664,88326,8150,306479,California
Riverside,2021-02-19,15683,410497,8415,216548,7268,193949,0,0,7383,217295,8269,96595,7411,313890,California
Riverside,2021-02-20,8579,419076,4636,221184,3943,197892,0,0,2258,213264,6299,102894,2268,316158,California
Riverside,2021-02-21,4582,423658,4040,225224,542,198434,0,0,1294,211307,3263,106157,1306,317464,California
Riverside,2021-02-22,12826,436484,8110,233334,4716,203150,0,0,5087,208688,7718,113875,5099,322563,California
Riverside,2021-02-23,11686,448170,7924,241258,3762,206912,0,0,5663,208394,5987,119862,5693,328256,California
Riverside,2021-02-24,15216,463386,8294,249552,6922,213834,0,0,6441,206166,8726,128588,6498,334754,California
Riverside,2021-02-25,17728,481114,7573,257125,10155,223989,0,0,8200,204940,9496,138084,8270,343024,California
Riverside,2021-02-26,18966,500080,6856,263981,12110,236099,0,0,9450,205009,9448,147532,9517,352541,California
Riverside,2021-02-27,12199,512279,5643,269624,6556,242655,0,0,5799,204499,6366,153898,5856,358397,California
Riverside,2021-02-28,5005,517284,3293,272917,1712,244367,0,0,2483,204505,2508,156406,2514,360911,California
Riverside,2021-03-01,14507,531791,6182,279099,8319,252686,6,6,8519,207143,5940,162346,8578,369489,California
Riverside,2021-03-02,15564,547355,7602,286701,7961,260647,1,7,9093,209846,6443,168789,9146,378635,California
Riverside,2021-03-03,17278,564633,8554,295255,8724,269371,0,7,7523,207830,9699,178488,7683,386318,California
Riverside,2021-03-04,19027,583660,7568,302823,11454,280825,5,12,9054,207163,9922,188410,9255,395573,California
Riverside,2021-03-05,19155,602815,7703,310526,11406,292231,46,58,9445,207316,9656,198066,9809,405382,California
Riverside,2021-03-06,9644,612459,5105,315631,4055,296286,484,542,4777,207775,4850,202916,5309,410691,California
Riverside,2021-03-07,4331,616790,2794,318425,1145,297431,392,934,2025,207931,2294,205210,2450,413141,California
Riverside,2021-03-08,12147,628937,4837,323262,6897,304328,413,1347,5414,207129,6709,211919,5907,419048,California
Riverside,2021-03-09,15030,643967,7020,330282,7501,311829,509,1856,5946,204677,9060,220979,6608,425656,California
Riverside,2021-03-10,16168,660135,8676,338958,6556,318385,936,2792,6265,202206,9856,230835,7385,433041,California
Riverside,2021-03-11,19600,679735,9594,348552,8132,326517,1874,4666,7649,200048,11907,242742,9749,442790,California
Riverside,2021-03-12,21358,701093,8001,356553,8599,335116,4758,9424,7052,197929,14259,257001,12140,454930,California
Riverside,2021-03-13,8622,709715,2581,359134,4806,339922,1235,10659,4389,199451,4206,261207,5728,460658,California
Riverside,2021-03-14,4838,714553,1663,360797,1800,341722,1375,12034,2112,200237,2709,263916,3495,464153,California
Riverside,2021-03-15,18806,733359,7922,368719,9211,350933,1673,13707,9154,201578,9604,273520,10945,475098,California
Riverside,2021-03-16,21134,754493,10282,379001,10034,360967,818,14525,11386,204192,9703,283223,12317,487415,California
Riverside,2021-03-17,21592,776085,11081,390082,9446,370413,1065,15590,12878,209537,8666,291889,14011,501426,California
Riverside,2021-03-18,23123,799208,11993,402075,9450,379863,1680,17270,12673,213514,10391,302280,14368,515794,California
Riverside,2021-03-19,24338,823546,12779,414854,10585,390448,974,18244,14135,218850,10142,312422,15478,531272,California
Riverside,2021-03-20,10937,834483,6954,421808,2773,393221,1210,19454,6979,223132,3920,316342,8202,539474,California
Riverside,2021-03-21,3938,838421,3039,424847,621,393842,278,19732,2610,224722,1304,317646,2894,542368,California
Riverside,2021-03-22,16798,855219,10016,434863,6228,400070,554,20286,10621,229784,6115,323761,11177,553545,California
Riverside,2021-03-23,18786,874005,10616,445479,7747,407817,423,20709,11944,235399,6779,330540,12394,565939,California
Riverside,2021-03-24,18896,892901,10525,456004,8249,416066,122,20831,12873,242454,5965,336505,13020,578959,California
Riverside,2021-03-25,21289,914190,11732,467736,9370,425436,187,21018,14173,249796,7035,343540,14377,593336,California
Riverside,2021-03-26,24299,938489,12001,479737,12123,437559,175,21193,15051,255902,9136,352676,15242,608578,California
Riverside,2021-03-27,9395,947884,4915,484652,3426,440985,1054,22247,4841,257279,4524,357200,5901,614479,California
Riverside,2021-03-28,4813,952697,3158,487810,1561,442546,94,22341,2858,258293,1942,359142,2956,617435,California
Riverside,2021-03-29,17757,970454,8476,496286,9154,451700,127,22468,10942,262618,6765,365907,11090,628525,California
Riverside,2021-03-30,18458,988912,9611,505897,8636,460336,211,22679,11737,267895,6676,372583,11953,640478,California
Riverside,2021-03-31,18260,1007172,8489,514386,9445,469781,326,23005,11394,272814,6813,379396,11732,652210,California
Riverside,2021-04-01,25728,1032900,12567,526953,12357,482138,804,23809,16511,281002,9131,388527,17319,669529,California
Riverside,2021-04-02,26279,1059179,14114,541067,11180,493318,985,24794,16412,288821,9800,398327,17619,687148,California
Riverside,2021-04-03,9460,1068639,5998,547065,2847,496165,615,25409,6081,292157,3359,401686,6695,693843,California
Riverside,2021-04-04,3443,1072082,2080,549145,1096,497261,267,25676,1719,292434,1711,403397,1988,695831,California
Riverside,2021-04-05,18631,1090713,9506,558651,7238,504499,1887,27563,9986,295715,8599,411996,11880,707711,California
Riverside,2021-04-06,23940,1114653,12438,571089,9329,513828,2173,29736,13344,300678,10543,422539,15506,723217,California
Riverside,2021-04-07,25073,1139726,13486,584575,9048,522876,2539,32275,13925,306046,11096,433635,16464,739681,California
Riverside,2021-04-08,27668,1167394,15256,599831,9367,532243,3045,35320,16833,315148,10762,444397,19864,759545,California
Riverside,2021-04-09,26546,1193940,15588,615419,8433,540676,2525,37845,16133,323479,10358,454755,18689,778234,California
Riverside,2021-04-10,12161,1206101,6811,622230,3925,544601,1425,39270,5322,323428,6793,461548,6742,784976,California
Riverside,2021-04-11,4699,1210800,2793,625023,1265,545866,641,39911,2201,323792,2483,464031,2847,787823,California
Riverside,2021-04-12,20303,1231103,9042,634065,8594,554460,2667,42578,10151,326506,10109,474140,12823,800646,California
Riverside,2021-04-13,20272,1251375,11343,645408,8901,563361,28,42606,11604,329521,8625,482765,11640,812286,California
Riverside,2021-04-14,22501,1273876,12409,657817,10077,573438,15,42621,11022,329172,11408,494173,11059,823345,California
Riverside,2021-04-15,22301,1296177,12620,670437,9673,583111,8,42629,11770,330503,10458,504631,11789,835134,California
Riverside,2021-04-16,25432,1321609,14689,685126,10737,593848,6,42635,11813,328779,13556,518187,11832,846966,California
Riverside,2021-04-17,10023,1331632,6611,691737,3412,597260,0,42635,5017,328827,4979,523166,5027,851993,California
Riverside,2021-04-18,4224,1335856,3143,694880,1074,598334,7,42642,1955,328548,2251,525417,1972,853965,California
Riverside,2021-04-19,19767,1355623,11743,706623,8021,606355,3,42645,7108,323066,12606,538023,7124,861089,California
Riverside,2021-04-20,19580,1375203,10550,717173,9021,615376,9,42654,7987,319528,11541,549564,8003,869092,California
Riverside,2021-04-21,20895,1396098,12350,729523,8535,623911,10,42664,8400,315536,12414,561978,8422,877514,California
Riverside,2021-04-22,23896,1419994,14114,743637,9778,633689,4,42668,8947,309621,14877,576855,8962,886476,California
Riverside,2021-04-23,23842,1443836,14167,757804,9661,643350,14,42682,9343,304564,14435,591290,9378,895854,California
Riverside,2021-04-24,10540,1454376,7327,765131,3204,646554,9,42691,4830,303737,5669,596959,4842,900696,California
Riverside,2021-04-25,4256,1458632,2827,767958,1422,647976,7,42698,2202,303912,2036,598995,2211,902907,California
Riverside,2021-04-26,17401,1476033,10951,778909,6391,654367,59,42757,5927,298487,11427,610422,6002,908909,California
Riverside,2021-04-27,18628,1494661,10703,789612,7718,662085,207,42964,6495,293114,12084,622506,6711,915620,California
Riverside,2021-04-28,16923,1511584,9233,798845,7425,669510,265,43229,5755,288040,11104,633610,6030,921650,California
Riverside,2021-04-29,19152,1530736,11819,810664,6981,676491,352,43581,5576,280462,13505,647115,5927,927577,California
Riverside,2021-04-30,20339,1551075,11862,822526,8089,684580,388,43969,6659,273887,13623,660738,7048,934625,California
Riverside,2021-05-01,6887,1557962,4941,827467,1761,686341,185,44154,2365,271943,4493,665231,2549,937174,California
Riverside,2021-05-02,3395,1561357,2219,829686,967,687308,209,44363,1091,270965,2285,667516,1307,938481,California
Riverside,2021-05-03,18075,1579432,11101,840787,6477,693785,497,44860,4181,261815,13826,681342,4676,943157,California
Riverside,2021-05-04,17773,1597205,11383,852170,5926,699711,464,45324,5006,254605,12692,694034,5482,948639,California
Riverside,2021-05-05,16358,1613563,9433,861603,6551,706262,374,45698,4727,248157,11570,705604,5122,953761,California
Riverside,2021-05-06,18354,1631917,10448,872051,7490,713752,416,46114,4704,239747,13569,719173,5159,958920,California
Riverside,2021-05-07,20780,1652697,11887,883938,8447,722199,446,46560,5529,230560,15165,734338,5978,964898,California
Riverside,2021-05-08,7106,1659803,4724,888662,2119,724318,263,46823,2656,229073,4414,738752,2927,967825,California
Riverside,2021-05-09,2497,1662300,1697,890359,647,724965,153,46976,927,228600,1561,740313,1088,968913,California
Riverside,2021-05-10,10150,1672450,5206,895565,4549,729514,395,47371,2865,224630,7235,747548,3265,972178,California
Riverside,2021-05-11,14354,1686804,8756,904321,5071,734585,527,47898,4015,218935,10253,757801,4558,976736,California
Riverside,2021-05-12,13067,1699871,6720,911041,6014,740599,333,48231,3936,214125,9079,766880,4269,981005,California
Riverside,2021-05-13,15251,1715122,9336,920377,5633,746232,282,48513,5408,210038,9790,776670,5703,986708,California
Riverside,2021-05-14,18249,1733371,11566,931943,5888,752120,795,49308,7108,206871,11068,787738,7901,994609,California
Riverside,2021-05-15,9897,1743268,7128,939071,2372,754492,397,49705,5095,207592,4771,792509,5492,1000101,California
Riverside,2021-05-16,3723,1746991,2763,941834,842,755334,118,49823,1870,207739,1839,794348,1986,1002087,California
Riverside,2021-05-17,11821,1758812,7608,949442,3858,759192,355,50178,5088,206487,6700,801048,5448,1007535,California
Riverside,2021-05-18,15256,1774068,9480,958922,5417,764609,359,50537,6159,203956,9049,810097,6518,1014053,California
Riverside,2021-05-19,12241,1786309,7739,966661,4257,768866,245,50782,5900,203816,6288,816385,6148,1020201,California
Riverside,2021-05-20,11952,1798261,7508,974169,4184,773050,260,51042,5317,202811,6586,822971,5581,1025782,California
Riverside,2021-05-21,14480,1812741,8925,983094,5231,778281,324,51366,6059,200844,8352,831323,6385,1032167,California
Riverside,2021-05-22,7229,1819970,4895,987989,2137,780418,197,51563,3868,201589,3321,834644,4066,1036233,California
Riverside,2021-05-23,2753,1822723,1841,989830,835,781253,77,51640,1292,201511,1446,836090,1368,1037601,California
Riverside,2021-05-24,8881,1831604,5808,995638,2759,784012,314,51954,3963,200904,4883,840973,4276,1041877,California
Riverside,2021-05-25,9733,1841337,5794,1001432,3666,787678,273,52227,3878,199242,5816,846789,4154,1046031,California
Riverside,2021-05-26,8925,1850262,5534,1006966,3060,790738,331,52558,3896,198496,4978,851767,4232,1050263,California
Riverside,2021-05-27,8567,1858829,5128,1012094,3202,793940,237,52795,3879,197980,4637,856404,4121,1054384,California
Riverside,2021-05-28,10779,1869608,6522,1018616,3942,797882,315,53110,4963,197512,5753,862157,5285,1059669,California
Riverside,2021-05-29,5047,1874655,3436,1022052,1485,799367,126,53236,2814,198245,2209,864366,2942,1062611,California
Riverside,2021-05-30,1972,1876627,1425,1023477,479,799846,68,53304,1019,198387,945,865311,1087,1063698,California
Riverside,2021-05-31,877,1877504,500,1023977,344,800190,33,53337,334,198216,538,865849,367,1064065,California
Riverside,2021-06-01,9176,1886680,5663,1029640,3276,803466,237,53574,3442,196213,5680,871529,3677,1067742,California
Riverside,2021-06-02,7138,1893818,4347,1033987,2512,805978,279,53853,2739,194877,4356,875885,3020,1070762,California
Riverside,2021-06-03,7962,1901780,5297,1039284,2394,808372,271,54124,2725,192675,5194,881079,2992,1073754,California
Riverside,2021-06-04,10729,1912509,7649,1046933,2821,811193,259,54383,3713,189686,6963,888042,3974,1077728,California
Riverside,2021-06-05,6962,1919471,5138,1052071,1278,812471,546,54929,2180,187657,4758,892800,2729,1080457,California
Riverside,2021-06-06,2217,1921688,1883,1053954,283,812754,51,54980,683,186865,1527,894327,735,1081192,California
Riverside,2021-06-07,6937,1928625,5261,1059215,1445,814199,231,55211,2266,184723,4640,898967,2498,1083690,California
Riverside,2021-06-08,9059,1937684,6562,1065777,2222,816421,275,55486,2957,181909,6048,905015,3234,1086924,California
Riverside,2021-06-09,7748,1945432,5639,1071416,1813,818234,296,55782,2360,179222,5341,910356,2654,1089578,California
Riverside,2021-06-10,7591,1953023,5350,1076766,2006,820240,235,56017,2360,176619,5202,915558,2599,1092177,California
Riverside,2021-06-11,8893,1961916,6030,1082796,2571,822811,292,56309,3003,174085,5829,921387,3295,1095472,California
Riverside,2021-06-12,5349,1967265,3954,1086750,1267,824078,128,56437,1662,172225,3656,925043,1796,1097268,California
Riverside,2021-06-13,1794,1969059,1333,1088083,417,824495,44,56481,493,171474,1288,926331,537,1097805,California
Riverside,2021-06-14,6369,1975428,4559,1092642,1503,825998,307,56788,2086,169616,4247,930578,2389,1100194,California
Riverside,2021-06-15,7077,1982505,4829,1097471,1937,827935,311,57099,2646,168195,4383,934961,2962,1103156,California
Riverside,2021-06-16,6838,1989343,4710,1102181,1815,829750,313,57412,2407,166526,4388,939349,2719,1105875,California
Riverside,2021-06-17,6402,1995745,4483,1106664,1677,831427,242,57654,2383,165171,3986,943335,2631,1108506,California
Riverside,2021-06-18,8172,2003917,5906,1112570,1989,833416,277,57931,3334,163996,4791,948126,3616,1112122,California
Riverside,2021-06-19,4275,2008192,3276,1115846,843,834259,156,58087,1783,163473,2465,950591,1942,1114064,California
Riverside,2021-06-20,1501,2009693,1139,1116985,325,834584,37,58124,573,163167,917,951508,611,1114675,California
Riverside,2021-06-21,4256,2013949,2818,1119803,1163,835747,275,58399,2198,163600,2040,953548,2473,1117148,California
Riverside,2021-06-22,6332,2020281,4471,1124274,1610,837357,251,58650,2715,162993,3577,957125,2970,1120118,California
Riverside,2021-06-23,5548,2025829,3937,1128211,1354,838711,257,58907,2576,162888,2938,960063,2833,1122951,California
Riverside,2021-06-24,5391,2031220,3698,1131909,1451,840162,242,59149,2352,162479,3004,963067,2595,1125546,California
Riverside,2021-06-25,6813,2038033,4887,1136796,1645,841807,281,59430,2945,161874,3835,966902,3230,1128776,California
Riverside,2021-06-26,3800,2041833,2931,1139727,749,842556,120,59550,1752,161721,2025,968927,1872,1130648,California
Riverside,2021-06-27,1496,2043329,1204,1140931,247,842803,45,59595,692,161665,793,969720,737,1131385,California
Riverside,2021-06-28,4269,2047598,3328,1144259,721,843524,220,59815,2006,161661,2234,971954,2230,1133615,California
Riverside,2021-06-29,5623,2053221,4165,1148424,1281,844805,177,59992,2572,161398,3014,974968,2751,1136366,California
Riverside,2021-06-30,4897,2058118,3611,1152035,1116,845921,170,60162,2388,161513,2441,977409,2556,1138922,California
Riverside,2021-07-01,4667,2062785,3251,1155286,1115,847036,301,60463,2187,161552,2454,979863,2493,1141415,California
Riverside,2021-07-02,5709,2068494,4252,1159538,1264,848300,193,60656,2731,161538,2937,982800,2923,1144338,California
Riverside,2021-07-03,2858,2071352,2139,1161677,639,848939,80,60736,1408,161610,1417,984217,1489,1145827,California
Riverside,2021-07-04,241,2071593,138,1161815,95,849034,8,60744,95,161569,144,984361,103,1145930,California
Riverside,2021-07-05,1402,2072995,992,1162807,390,849424,20,60764,677,161548,719,985080,698,1146628,California
Sacramento,2020-12-15,315,315,315,315,0,0,0,0,315,315,0,0,315,315,California
Sacramento,2020-12-16,646,961,646,961,0,0,0,0,646,961,0,0,646,961,California
Sacramento,2020-12-17,705,1666,705,1666,0,0,0,0,705,1666,0,0,705,1666,California
Sacramento,2020-12-18,1118,2784,1118,2784,0,0,0,0,1118,2784,0,0,1118,2784,California
Sacramento,2020-12-19,613,3397,613,3397,0,0,0,0,613,3397,0,0,613,3397,California
Sacramento,2020-12-20,634,4031,634,4031,0,0,0,0,634,4031,0,0,634,4031,California
Sacramento,2020-12-21,1678,5709,1678,5709,0,0,0,0,1679,5710,0,0,1679,5710,California
Sacramento,2020-12-22,2106,7815,2070,7779,36,36,0,0,2106,7816,0,0,2106,7816,California
Sacramento,2020-12-23,2269,10084,2095,9874,174,210,0,0,2269,10085,0,0,2269,10085,California
Sacramento,2020-12-24,1041,11125,829,10703,212,422,0,0,1041,11126,0,0,1041,11126,California
Sacramento,2020-12-25,2,11127,1,10704,1,423,0,0,2,11128,0,0,2,11128,California
Sacramento,2020-12-26,509,11636,290,10994,219,642,0,0,509,11637,0,0,509,11637,California
Sacramento,2020-12-27,358,11994,252,11246,106,748,0,0,358,11995,0,0,358,11995,California
Sacramento,2020-12-28,1927,13921,1342,12588,585,1333,0,0,1926,13920,1,1,1926,13921,California
Sacramento,2020-12-29,1974,15895,1201,13789,773,2106,0,0,1974,15894,0,1,1974,15895,California
Sacramento,2020-12-30,2567,18462,1460,15249,1107,3213,0,0,2568,18462,0,1,2568,18463,California
Sacramento,2020-12-31,1231,19693,695,15944,536,3749,0,0,1232,19694,0,1,1232,19695,California
Sacramento,2021-01-01,82,19775,70,16014,12,3761,0,0,82,19776,0,1,82,19777,California
Sacramento,2021-01-02,572,20347,367,16381,205,3966,0,0,572,20348,0,1,572,20349,California
Sacramento,2021-01-03,412,20759,223,16604,189,4155,0,0,412,20760,0,1,412,20761,California
Sacramento,2021-01-04,1946,22705,835,17439,1111,5266,0,0,1944,22703,1,2,1944,22705,California
Sacramento,2021-01-05,2220,24925,994,18433,1226,6492,0,0,1856,24202,364,366,1863,24568,California
Sacramento,2021-01-06,2735,27660,1620,20053,1115,7607,0,0,1935,25340,797,1163,1935,26503,California
Sacramento,2021-01-07,2854,30514,1516,21569,1338,8945,0,0,1921,26332,929,2092,1921,28424,California
Sacramento,2021-01-08,3298,33812,2084,23653,1214,10159,0,0,2180,27399,1114,3206,2181,30605,California
Sacramento,2021-01-09,1297,35109,804,24457,493,10652,0,0,899,27902,396,3602,899,31504,California
Sacramento,2021-01-10,1251,36360,712,25169,539,11191,0,0,782,28217,468,4070,783,32287,California
Sacramento,2021-01-11,4373,40733,2970,28139,1403,12594,0,0,2425,28707,1947,6017,2437,34724,California
Sacramento,2021-01-12,4665,45398,3275,31414,1390,13984,0,0,2625,29299,2039,8056,2631,37355,California
Sacramento,2021-01-13,3859,49257,2232,33646,1627,15611,0,0,2434,30310,1424,9480,2435,39790,California
Sacramento,2021-01-14,4751,54008,2432,36078,2319,17930,0,0,3835,33230,915,10395,3835,43625,California
Sacramento,2021-01-15,4460,58468,2258,38336,2202,20132,0,0,3742,36255,718,11113,3743,47368,California
Sacramento,2021-01-16,2223,60691,1285,39621,938,21070,0,0,2002,38037,220,11333,2002,49370,California
Sacramento,2021-01-17,1685,62376,987,40608,698,21768,0,0,1499,39353,186,11519,1502,50872,California
Sacramento,2021-01-18,2819,65195,1723,42331,1096,22864,0,0,2230,40996,588,12107,2231,53103,California
Sacramento,2021-01-19,4988,70183,3027,45358,1961,24825,0,0,3747,43505,1240,13347,3749,56852,California
Sacramento,2021-01-20,4983,75166,3002,48360,1981,26806,0,0,3671,45869,1313,14660,3677,60529,California
Sacramento,2021-01-21,5242,80408,3013,51373,2229,29035,0,0,4271,49177,965,15625,4273,64802,California
Sacramento,2021-01-22,5030,85438,2686,54059,2344,31379,0,0,4728,53605,301,15926,4729,69531,California
Sacramento,2021-01-23,3872,89310,1561,55620,2311,33690,0,0,3408,56549,464,16390,3408,72939,California
Sacramento,2021-01-24,1639,90949,1023,56643,616,34306,0,0,1390,57691,249,16639,1391,74330,California
Sacramento,2021-01-25,4422,95371,2165,58808,2257,36563,0,0,2942,59155,1480,18119,2944,77274,California
Sacramento,2021-01-26,4777,100148,2175,60983,2602,39165,0,0,3560,61505,1212,19331,3562,80836,California
Sacramento,2021-01-27,5895,106043,3045,64028,2850,42015,0,0,4263,64144,1626,20957,4265,85101,California
Sacramento,2021-01-28,5484,111527,2738,66766,2746,44761,0,0,4376,67415,1106,22063,4377,89478,California
Sacramento,2021-01-29,5443,116970,2935,69701,2508,47269,0,0,4415,70810,1020,23083,4415,93893,California
Sacramento,2021-01-30,4885,121855,2199,71900,2686,49955,0,0,4452,74832,430,23513,4452,98345,California
Sacramento,2021-01-31,2416,124271,2114,74014,302,50257,0,0,2062,76544,352,23865,2064,100409,California
Sacramento,2021-02-01,5960,130231,3035,77049,2925,53182,0,0,4271,79135,1681,25546,4272,104681,California
Sacramento,2021-02-02,6955,137186,3710,80759,3245,56427,0,0,4849,81900,2086,27632,4851,109532,California
Sacramento,2021-02-03,7176,144362,3614,84373,3562,59989,0,0,5290,85318,1874,29506,5292,114824,California
Sacramento,2021-02-04,7804,152166,3689,88062,4115,64104,0,0,5539,88600,2257,31763,5539,120363,California
Sacramento,2021-02-05,7902,160068,4508,92570,3394,67498,0,0,4856,90438,3022,34785,4860,125223,California
Sacramento,2021-02-06,8852,168920,3503,96073,5349,72847,0,0,7492,96574,1358,36143,7494,132717,California
Sacramento,2021-02-07,4100,173020,2209,98282,1891,74738,0,0,2895,98271,1200,37343,2897,135614,California
Sacramento,2021-02-08,6264,179284,3251,101533,3013,77751,0,0,3913,99838,2346,39689,3913,139527,California
Sacramento,2021-02-09,6800,186084,3573,105106,3227,80978,0,0,3999,101051,2787,42476,4000,143527,California
Sacramento,2021-02-10,7770,193854,4253,109359,3517,84495,0,0,4539,102377,3215,45691,4541,148068,California
Sacramento,2021-02-11,9631,203485,5736,115095,3895,88390,0,0,5521,103805,4095,49786,5523,153591,California
Sacramento,2021-02-12,10748,214233,4176,119271,6572,94962,0,0,6437,105999,4246,54032,6440,160031,California
Sacramento,2021-02-13,8146,222379,3019,122290,5127,100089,0,0,6379,110618,1761,55793,6380,166411,California
Sacramento,2021-02-14,3256,225635,2007,124297,1249,101338,0,0,2120,111609,1134,56927,2125,168536,California
Sacramento,2021-02-15,6046,231681,2062,126359,3984,105322,0,0,4198,113972,1838,58765,4201,172737,California
Sacramento,2021-02-16,9314,240995,4237,130596,5077,110399,0,0,5354,115378,3953,62718,5359,178096,California
Sacramento,2021-02-17,8947,249942,5038,135634,3909,114308,0,0,5199,116845,3735,66453,5202,183298,California
Sacramento,2021-02-18,9667,259609,5788,141422,3879,118187,0,0,5761,118715,3895,70348,5765,189063,California
Sacramento,2021-02-19,10153,269762,6219,147641,3934,122121,0,0,5990,120563,4149,74497,5997,195060,California
Sacramento,2021-02-20,8212,277974,5846,153487,2366,124487,0,0,4795,121952,3409,77906,4798,199858,California
Sacramento,2021-02-21,4960,282934,2518,156005,2442,126929,0,0,2899,122797,2054,79960,2899,202757,California
Sacramento,2021-02-22,6510,289444,3961,159966,2549,129478,0,0,2821,121953,3669,83629,2825,205582,California
Sacramento,2021-02-23,7588,297032,4732,164698,2856,132334,0,0,3629,121646,3940,87569,3633,209215,California
Sacramento,2021-02-24,9955,306987,5472,170170,4483,136817,0,0,5405,122529,4530,92099,5413,214628,California
Sacramento,2021-02-25,11392,318379,6532,176702,4860,141677,0,0,6640,124434,4736,96835,6641,221269,California
Sacramento,2021-02-26,14500,332879,6822,183524,7678,149355,0,0,9926,129825,4541,101376,9932,231201,California
Sacramento,2021-02-27,11252,344131,6885,190409,4364,153719,3,3,8340,135285,2883,104259,8343,239544,California
Sacramento,2021-02-28,6673,350804,2353,192762,4320,158039,0,3,3127,134883,3532,107791,3130,242674,California
Sacramento,2021-03-01,8644,359448,3631,196393,5011,163050,2,5,4708,135683,3913,111704,4713,247387,California
Sacramento,2021-03-02,9384,368832,4074,200467,5309,168359,1,6,5748,137819,3616,115320,5752,253139,California
Sacramento,2021-03-03,11184,380016,5113,205580,6068,174427,3,9,6714,140089,4449,119769,6719,259858,California
Sacramento,2021-03-04,13701,393717,6332,211912,7365,181792,4,13,7595,141629,6066,125835,7606,267464,California
Sacramento,2021-03-05,10699,404416,4938,216850,5731,187523,30,43,7101,145189,3572,129407,7132,274596,California
Sacramento,2021-03-06,8171,412587,3132,219982,4917,192440,122,165,4152,145459,4003,133410,4273,278869,California
Sacramento,2021-03-07,8061,420648,2232,222214,5739,198179,90,255,3780,145053,4273,137683,3867,282736,California
Sacramento,2021-03-08,9212,429860,4337,226551,4650,202829,225,480,5988,148055,3209,140892,6211,288947,California
Sacramento,2021-03-09,9763,439623,4584,231135,4885,207714,294,774,5585,149775,4159,145051,5879,294826,California
Sacramento,2021-03-10,11878,451501,7532,238667,3988,211702,358,1132,6938,152175,4900,149951,7300,302126,California
Sacramento,2021-03-11,15229,466730,10114,248781,4284,215986,831,1963,8983,155782,6202,156153,9809,311935,California
Sacramento,2021-03-12,18097,484827,8351,257132,8877,224863,869,2832,8870,156354,9170,165323,9742,321677,California
Sacramento,2021-03-13,13665,498492,3591,260723,9643,234506,431,3263,8451,160029,5202,170525,8877,330554,California
Sacramento,2021-03-14,9488,507980,3480,264203,5372,239878,636,3899,4480,160163,4980,175505,5114,335668,California
Sacramento,2021-03-15,12305,520285,4887,269090,6753,246631,665,4564,7069,162694,5205,180710,7736,343404,California
Sacramento,2021-03-16,14167,534452,6309,275399,7202,253833,656,5220,8654,166521,5474,186184,9301,352705,California
Sacramento,2021-03-17,13881,548333,6669,282068,6577,260410,635,5855,8806,170915,5048,191232,9442,362147,California
Sacramento,2021-03-18,15839,564172,8339,290407,6894,267304,606,6461,10015,175745,5789,197021,10619,372766,California
Sacramento,2021-03-19,15727,579899,8026,298433,6308,273612,1393,7854,7929,177291,7767,204788,9313,382079,California
Sacramento,2021-03-20,13409,593308,7562,305995,5503,279115,344,8198,8503,181263,4875,209663,8847,390926,California
Sacramento,2021-03-21,5864,599172,2783,308778,3042,282157,39,8237,3365,182188,2483,212146,3408,394334,California
Sacramento,2021-03-22,9488,608660,4888,313666,3746,285903,854,9091,6264,186108,3195,215341,7115,401449,California
Sacramento,2021-03-23,11493,620153,6858,320524,3829,289732,806,9897,7358,190180,4090,219431,8162,409611,California
Sacramento,2021-03-24,11953,632106,7299,327823,4022,293754,632,10529,6745,192434,5124,224555,7378,416989,California
Sacramento,2021-03-25,14312,646418,8433,336256,5041,298795,838,11367,8524,196049,5740,230295,9355,426344,California
Sacramento,2021-03-26,18378,664796,8956,345212,8910,307705,512,11879,9173,196601,9134,239429,9686,436030,California
Sacramento,2021-03-27,10211,675007,3586,348798,6333,314038,292,12171,5578,197869,4597,244026,5865,441895,California
Sacramento,2021-03-28,6633,681640,3235,352033,3148,317186,250,12421,2664,196828,3958,247984,2917,444812,California
Sacramento,2021-03-29,11068,692708,5911,357944,4767,321953,390,12811,4956,196092,6082,254066,5346,450158,California
Sacramento,2021-03-30,11956,704664,6107,364051,5431,327384,418,13229,6038,196654,5891,259957,6453,456611,California
Sacramento,2021-03-31,13522,718186,7877,371928,5230,332614,415,13644,5589,194749,7903,267860,5998,462609,California
Sacramento,2021-04-01,17528,735714,10480,382408,6794,339408,254,13898,7353,192233,10127,277987,7611,470220,California
Sacramento,2021-04-02,17232,752946,9734,392142,6754,346162,744,14642,9042,193864,8154,286141,9785,480005,California
Sacramento,2021-04-03,10486,763432,6247,398389,3689,349851,550,15192,6424,196802,4031,290172,6969,486974,California
Sacramento,2021-04-04,3731,767163,1533,399922,1993,351844,205,15397,1452,196182,2273,292445,1653,488627,California
Sacramento,2021-04-05,12092,779255,7573,407495,3675,355519,844,16241,5385,195735,6669,299114,6222,494849,California
Sacramento,2021-04-06,15717,794972,8888,416383,5485,361004,1344,17585,6929,195248,8755,307869,8268,503117,California
Sacramento,2021-04-07,14941,809913,8053,424436,5271,366275,1617,19202,7170,196299,7723,315592,8774,511891,California
Sacramento,2021-04-08,15158,825071,6815,431251,5338,371613,3005,22207,6021,196199,9102,324694,9002,520893,California
Sacramento,2021-04-09,18394,843465,9394,440645,6771,378384,2229,24436,7475,195015,10876,335570,9692,530585,California
Sacramento,2021-04-10,13454,856919,3852,444497,8373,386757,1229,25665,5863,194520,7561,343131,7066,537651,California
Sacramento,2021-04-11,11187,868106,4373,448870,6586,393343,228,25893,3640,190867,7520,350651,3867,541518,California
Sacramento,2021-04-12,13042,881148,5075,453945,6073,399416,1894,27787,4933,189635,8041,358692,6809,548327,California
Sacramento,2021-04-13,16347,897495,9988,463933,6354,405770,5,27792,7581,188494,8731,367423,7590,555917,California
Sacramento,2021-04-14,15072,912567,8017,471950,7053,412823,2,27794,5939,185337,9100,376523,5943,561860,California
Sacramento,2021-04-15,16480,929047,8467,480417,8010,420833,3,27797,6673,182250,9765,386288,6678,568538,California
Sacramento,2021-04-16,17620,946667,9737,490154,7883,428716,0,27797,7974,180629,9597,395885,7976,576514,California
Sacramento,2021-04-17,15882,962549,6189,496343,9693,438409,0,27797,11602,187980,4256,400141,11607,588121,California
Sacramento,2021-04-18,9086,971635,3270,499613,5816,444225,0,27797,3885,186688,5179,405320,3887,592008,California
Sacramento,2021-04-19,10684,982319,5774,505387,4905,449130,5,27802,4725,185488,5932,411252,4732,596740,California
Sacramento,2021-04-20,11577,993896,7141,512528,4432,453562,4,27806,6088,186124,5461,416713,6097,602837,California
Sacramento,2021-04-21,12328,1006224,7384,519912,4942,458504,2,27808,6618,187066,5679,422392,6621,609458,California
Sacramento,2021-04-22,15252,1021476,10272,530184,4975,463479,5,27813,6995,185849,8219,430611,7002,616460,California
Sacramento,2021-04-23,16311,1037787,10356,540540,5955,469434,0,27813,7562,184705,8708,439319,7564,624024,California
Sacramento,2021-04-24,11625,1049412,7009,547549,4615,474049,1,27814,6207,185534,5380,444699,6209,630233,California
Sacramento,2021-04-25,8472,1057884,4478,552027,3994,478043,0,27814,4167,185412,4290,448989,4168,634401,California
Sacramento,2021-04-26,10845,1068729,6838,558865,3983,482026,24,27838,5158,184939,5655,454644,5182,639583,California
Sacramento,2021-04-27,12288,1081017,8089,566954,4044,486070,155,27993,6037,184917,6216,460860,6194,645777,California
Sacramento,2021-04-28,10794,1091811,6116,573070,4474,490544,204,28197,5964,186291,4798,465658,6172,651949,California
Sacramento,2021-04-29,11199,1103010,7599,580669,3295,493839,305,28502,6145,187730,5014,470672,6453,658402,California
Sacramento,2021-04-30,12754,1115764,8082,588751,4408,498247,264,28766,6030,187352,6673,477345,6295,664697,California
Sacramento,2021-05-01,7629,1123393,5484,594235,1969,500216,176,28942,2789,185513,4802,482147,2963,667660,California
Sacramento,2021-05-02,5013,1128406,4314,598549,548,500764,151,29093,2228,185135,2755,484902,2377,670037,California
Sacramento,2021-05-03,9147,1137553,7310,605859,1555,502319,282,29375,3976,184242,5147,490049,4254,674291,California
Sacramento,2021-05-04,9696,1147249,5956,611815,3429,505748,311,29686,3854,182611,5795,495844,4164,678455,California
Sacramento,2021-05-05,11374,1158623,6242,618057,4670,510418,462,30148,4648,181036,6677,502521,5102,683557,California
Sacramento,2021-05-06,11443,1170066,6397,624454,4737,515155,309,30457,4683,179598,6425,508946,4987,688544,California
Sacramento,2021-05-07,10797,1180863,6306,630760,4120,519275,371,30828,4542,178313,6199,515145,4914,693458,California
Sacramento,2021-05-08,9003,1189866,4001,634761,4771,524046,231,31059,2822,175221,6137,521282,3045,696503,California
Sacramento,2021-05-09,3288,1193154,1792,636553,1383,525429,113,31172,1204,174465,2073,523355,1317,697820,California
Sacramento,2021-05-10,8287,1201441,3872,640425,4144,529573,271,31443,2001,170485,6253,529608,2273,700093,California
Sacramento,2021-05-11,8648,1210089,5465,645890,2923,532496,260,31703,3014,168160,5599,535207,3274,703367,California
Sacramento,2021-05-12,8780,1218869,5286,651176,3237,535733,257,31960,2946,165564,5797,541004,3201,706568,California
Sacramento,2021-05-13,12023,1230892,7700,658876,4047,539780,276,32236,4561,162979,7421,548425,4836,711404,California
Sacramento,2021-05-14,12531,1243423,7099,665975,5143,544923,289,32525,5066,160928,7406,555831,5355,716759,California
Sacramento,2021-05-15,13242,1256665,8025,674000,5071,549994,146,32671,5871,159606,7335,563166,6013,722772,California
Sacramento,2021-05-16,8434,1265099,4224,678224,4097,554091,113,32784,2204,155722,6203,569369,2319,725091,California
Sacramento,2021-05-17,10482,1275581,6400,684624,3793,557884,289,33073,3922,153413,6523,575892,4214,729305,California
Sacramento,2021-05-18,9925,1285506,6219,690843,3495,561379,211,33284,3711,151168,6172,582064,3927,733232,California
Sacramento,2021-05-19,9863,1295369,6266,697109,3333,564712,264,33548,4440,150498,5380,587444,4710,737942,California
Sacramento,2021-05-20,10248,1305617,6751,703860,3236,567948,261,33809,3810,148184,6386,593830,4072,742014,California
Sacramento,2021-05-21,10739,1316356,6813,710673,3603,571551,323,34132,4450,146715,6248,600078,4779,746793,California
Sacramento,2021-05-22,7446,1323802,4602,715275,2670,574221,174,34306,3341,146158,4075,604153,3518,750311,California
Sacramento,2021-05-23,4575,1328377,3019,718294,1453,575674,103,34409,1968,145643,2587,606740,2072,752383,California
Sacramento,2021-05-24,7815,1336192,4720,723014,2765,578439,330,34739,2478,143158,5291,612031,2806,755189,California
Sacramento,2021-05-25,6714,1342906,3879,726893,2543,580982,292,35031,2376,141514,4311,616342,2667,757856,California
Sacramento,2021-05-26,8563,1351469,4726,731619,3502,584484,335,35366,2811,138954,5701,622043,3141,760997,California
Sacramento,2021-05-27,6694,1358163,3649,735268,2805,587289,240,35606,2947,138438,3703,625746,3187,764184,California
Sacramento,2021-05-28,8273,1366436,4581,739849,3317,590606,375,35981,3455,137492,4776,630522,3830,768014,California
Sacramento,2021-05-29,4436,1370872,2698,742547,1579,592185,159,36140,2233,137705,2178,632700,2391,770405,California
Sacramento,2021-05-30,1680,1372552,1063,743610,579,592764,38,36178,750,137571,923,633623,789,771194,California
Sacramento,2021-05-31,884,1373436,443,744053,428,593192,13,36191,313,137329,568,634191,326,771520,California
Sacramento,2021-06-01,6977,1380413,4181,748234,2590,595782,206,36397,2534,135666,4400,638591,2737,774257,California
Sacramento,2021-06-02,6098,1386511,3348,751582,2536,598318,214,36611,2261,134347,3792,642383,2473,776730,California
Sacramento,2021-06-03,7461,1393972,5071,756653,2206,600524,184,36795,2142,131392,5278,647661,2323,779053,California
Sacramento,2021-06-04,7077,1401049,4521,761174,2344,602868,212,37007,2205,128971,4838,652499,2417,781470,California
Sacramento,2021-06-05,6221,1407270,4560,765734,1520,604388,141,37148,1757,126433,4435,656934,1897,783367,California
Sacramento,2021-06-06,2414,1409684,1896,767630,459,604847,59,37207,784,125653,1624,658558,844,784211,California
Sacramento,2021-06-07,5576,1415260,3905,771535,1491,606338,180,37387,1549,123378,4001,662559,1726,785937,California
Sacramento,2021-06-08,5409,1420669,3684,775219,1545,607883,180,37567,1711,121603,3668,666227,1893,787830,California
Sacramento,2021-06-09,6173,1426842,4282,779501,1706,609589,185,37752,1618,118902,4503,670730,1802,789632,California
Sacramento,2021-06-10,5417,1432259,3465,782966,1741,611330,211,37963,1647,117041,3719,674449,1858,791490,California
Sacramento,2021-06-11,7558,1439817,5219,788185,2145,613475,194,38157,2045,113799,5479,679928,2237,793727,California
Sacramento,2021-06-12,4727,1444544,3063,791248,1546,615021,118,38275,1281,111772,3427,683355,1400,795127,California
Sacramento,2021-06-13,1931,1446475,1423,792671,464,615485,44,38319,395,110686,1523,684878,437,795564,California
Sacramento,2021-06-14,4309,1450784,2789,795460,1358,616843,162,38481,1338,109231,2953,687831,1498,797062,California
Sacramento,2021-06-15,4922,1455706,2960,798420,1737,618580,225,38706,1717,107984,3188,691019,1941,799003,California
Sacramento,2021-06-16,4477,1460183,3007,801427,1251,619831,219,38925,1545,106834,2906,693925,1756,800759,California
Sacramento,2021-06-17,4067,1464250,2644,804071,1257,621088,166,39091,1396,105753,2638,696563,1557,802316,California
Sacramento,2021-06-18,5127,1469377,3351,807422,1535,622623,241,39332,1739,104370,3362,699925,1979,804295,California
Sacramento,2021-06-19,3337,1472714,2264,809686,928,623551,145,39477,1190,103575,2129,702054,1334,805629,California
Sacramento,2021-06-20,1235,1473949,916,810602,291,623842,28,39505,565,103508,660,702714,593,806222,California
Sacramento,2021-06-21,2525,1476474,1337,811939,1027,624869,161,39666,1239,103633,1273,703987,1398,807620,California
Sacramento,2021-06-22,3912,1480386,2695,814634,1020,625889,197,39863,1538,103015,2348,706335,1730,809350,California
Sacramento,2021-06-23,4080,1484466,2813,817447,1058,626947,209,40072,1522,102205,2537,708872,1727,811077,California
Sacramento,2021-06-24,3470,1487936,2247,819694,1028,627975,195,40267,1384,101717,2066,710938,1578,812655,California
Sacramento,2021-06-25,4186,1492122,2832,822526,1141,629116,213,40480,1689,101138,2478,713416,1899,814554,California
Sacramento,2021-06-26,2845,1494967,2033,824559,689,629805,123,40603,1191,100816,1635,715051,1313,815867,California
Sacramento,2021-06-27,1236,1496203,909,825468,296,630101,31,40634,449,100513,783,715834,480,816347,California
Sacramento,2021-06-28,2624,1498827,1951,827419,532,630633,141,40775,1143,100333,1463,717297,1283,817630,California
Sacramento,2021-06-29,3282,1502109,2189,829608,954,631587,139,40914,1328,99878,1925,719222,1470,819100,California
Sacramento,2021-06-30,3270,1505379,2242,831850,898,632485,130,41044,1543,99845,1707,720929,1674,820774,California
Sacramento,2021-07-01,2828,1508207,1900,833750,770,633255,158,41202,1224,99640,1585,722514,1380,822154,California
Sacramento,2021-07-02,3411,1511618,2290,836040,967,634222,154,41356,1452,99306,1936,724450,1602,823756,California
Sacramento,2021-07-03,1836,1513454,1243,837283,561,634783,32,41388,786,99088,1037,725487,819,824575,California
Sacramento,2021-07-04,155,1513609,62,837345,83,634866,10,41398,65,99073,90,725577,75,824650,California
Sacramento,2021-07-05,880,1514489,509,837854,354,635220,17,41415,412,99042,461,726038,430,825080,California
San Benito,2020-12-16,29,29,29,29,0,0,0,0,29,29,0,0,29,29,California
San Benito,2020-12-17,48,77,48,77,0,0,0,0,48,77,0,0,48,77,California
San Benito,2020-12-18,72,149,72,149,0,0,0,0,72,149,0,0,72,149,California
San Benito,2020-12-19,48,197,48,197,0,0,0,0,48,197,0,0,48,197,California
San Benito,2020-12-20,24,221,24,221,0,0,0,0,24,221,0,0,24,221,California
San Benito,2020-12-21,77,298,77,298,0,0,0,0,77,298,0,0,77,298,California
San Benito,2020-12-22,101,399,101,399,0,0,0,0,101,399,0,0,101,399,California
San Benito,2020-12-23,86,485,74,473,12,12,0,0,86,485,0,0,86,485,California
San Benito,2020-12-24,13,498,5,478,8,20,0,0,13,498,0,0,13,498,California
San Benito,2020-12-25,3,501,3,481,0,20,0,0,3,501,0,0,3,501,California
San Benito,2020-12-26,13,514,4,485,9,29,0,0,13,514,0,0,13,514,California
San Benito,2020-12-27,8,522,7,492,1,30,0,0,8,522,0,0,8,522,California
San Benito,2020-12-28,66,588,36,528,30,60,0,0,66,588,0,0,66,588,California
San Benito,2020-12-29,49,637,21,549,28,88,0,0,49,637,0,0,49,637,California
San Benito,2020-12-30,59,696,37,586,22,110,0,0,59,696,0,0,59,696,California
San Benito,2020-12-31,19,715,2,588,17,127,0,0,19,715,0,0,19,715,California
San Benito,2021-01-02,24,739,23,611,1,128,0,0,24,739,0,0,24,739,California
San Benito,2021-01-03,4,743,2,613,2,130,0,0,3,742,0,0,3,742,California
San Benito,2021-01-04,61,804,23,636,38,168,0,0,61,803,0,0,61,803,California
San Benito,2021-01-05,117,921,37,673,80,248,0,0,114,914,3,3,114,917,California
San Benito,2021-01-06,102,1023,42,715,60,308,0,0,87,986,15,18,87,1004,California
San Benito,2021-01-07,106,1129,68,783,38,346,0,0,54,988,52,70,54,1058,California
San Benito,2021-01-08,180,1309,89,872,91,437,0,0,116,1040,64,134,116,1174,California
San Benito,2021-01-09,44,1353,31,903,13,450,0,0,30,1056,14,148,30,1204,California
San Benito,2021-01-10,17,1370,15,918,2,452,0,0,5,1049,12,160,5,1209,California
San Benito,2021-01-11,173,1543,108,1026,65,517,0,0,72,1020,101,261,72,1281,California
San Benito,2021-01-12,161,1704,57,1083,104,621,0,0,121,1101,40,301,121,1402,California
San Benito,2021-01-13,240,1944,68,1151,172,793,0,0,189,1239,51,352,189,1591,California
San Benito,2021-01-14,132,2076,24,1175,108,901,0,0,113,1333,19,371,113,1704,California
San Benito,2021-01-15,218,2294,21,1196,197,1098,0,0,204,1523,14,385,204,1908,California
San Benito,2021-01-16,25,2319,8,1204,17,1115,0,0,20,1538,5,390,20,1928,California
San Benito,2021-01-17,12,2331,5,1209,7,1122,0,0,9,1544,3,393,9,1937,California
San Benito,2021-01-18,37,2368,23,1232,14,1136,0,0,22,1551,15,408,22,1959,California
San Benito,2021-01-19,187,2555,81,1313,106,1242,0,0,149,1662,38,446,149,2108,California
San Benito,2021-01-20,338,2893,102,1415,236,1478,0,0,292,1909,45,491,292,2400,California
San Benito,2021-01-21,146,3039,33,1448,113,1591,0,0,120,2003,26,517,120,2520,California
San Benito,2021-01-22,237,3276,19,1467,218,1809,0,0,227,2220,10,527,227,2747,California
San Benito,2021-01-23,31,3307,17,1484,14,1823,0,0,13,2215,18,545,13,2760,California
San Benito,2021-01-24,28,3335,3,1487,25,1848,0,0,24,2235,4,549,24,2784,California
San Benito,2021-01-25,72,3407,24,1511,48,1896,0,0,24,2211,48,597,24,2808,California
San Benito,2021-01-26,138,3545,41,1552,97,1993,0,0,86,2245,52,649,86,2894,California
San Benito,2021-01-27,230,3775,69,1621,161,2154,0,0,191,2397,39,688,191,3085,California
San Benito,2021-01-28,151,3926,32,1653,119,2273,0,0,120,2487,30,718,120,3205,California
San Benito,2021-01-29,293,4219,33,1686,260,2533,0,0,268,2731,24,742,268,3473,California
San Benito,2021-01-30,52,4271,33,1719,19,2552,0,0,29,2737,23,765,29,3502,California
San Benito,2021-01-31,16,4287,5,1724,11,2563,0,0,11,2743,5,770,11,3513,California
San Benito,2021-02-01,137,4424,29,1753,108,2671,0,0,93,2792,44,814,93,3606,California
San Benito,2021-02-02,229,4653,49,1802,180,2851,0,0,139,2841,90,904,139,3745,California
San Benito,2021-02-03,340,4993,42,1844,298,3149,0,0,272,3045,68,972,272,4017,California
San Benito,2021-02-04,167,5160,24,1868,143,3292,0,0,121,3120,46,1018,121,4138,California
San Benito,2021-02-05,292,5452,40,1908,252,3544,0,0,230,3288,62,1080,230,4368,California
San Benito,2021-02-06,50,5502,9,1917,41,3585,0,0,33,3304,17,1097,33,4401,California
San Benito,2021-02-07,18,5520,9,1926,9,3594,0,0,16,3318,2,1099,16,4417,California
San Benito,2021-02-08,142,5662,18,1944,124,3718,0,0,96,3368,46,1145,96,4513,California
San Benito,2021-02-09,327,5989,64,2008,263,3981,0,0,195,3431,132,1277,195,4708,California
San Benito,2021-02-10,322,6311,89,2097,233,4214,0,0,105,3320,216,1493,105,4813,California
San Benito,2021-02-11,299,6610,33,2130,266,4480,0,0,201,3423,98,1591,201,5014,California
San Benito,2021-02-12,415,7025,32,2162,383,4863,0,0,208,3425,206,1797,208,5222,California
San Benito,2021-02-13,56,7081,7,2169,49,4912,0,0,44,3457,12,1809,44,5266,California
San Benito,2021-02-14,40,7121,5,2174,35,4947,0,0,30,3477,10,1819,30,5296,California
San Benito,2021-02-15,107,7228,9,2183,98,5045,0,0,96,3562,11,1830,96,5392,California
San Benito,2021-02-16,206,7434,11,2194,195,5240,0,0,101,3559,105,1935,102,5494,California
San Benito,2021-02-17,328,7762,29,2223,299,5539,0,0,278,3787,50,1985,278,5772,California
San Benito,2021-02-18,296,8058,38,2261,258,5797,0,0,73,3637,223,2208,73,5845,California
San Benito,2021-02-19,347,8405,47,2308,300,6097,0,0,181,3652,166,2374,181,6026,California
San Benito,2021-02-20,50,8455,28,2336,22,6119,0,0,38,3678,12,2386,38,6064,California
San Benito,2021-02-21,24,8479,9,2345,15,6134,0,0,15,3684,9,2395,15,6079,California
San Benito,2021-02-22,138,8617,37,2382,101,6235,0,0,101,3749,36,2431,101,6180,California
San Benito,2021-02-23,386,9003,97,2479,289,6524,0,0,268,3899,118,2549,268,6448,California
San Benito,2021-02-24,389,9392,71,2550,318,6842,0,0,247,4004,142,2691,247,6695,California
San Benito,2021-02-25,394,9786,64,2614,330,7172,0,0,273,4154,123,2814,273,6968,California
San Benito,2021-02-26,653,10439,76,2690,577,7749,0,0,403,4307,250,3064,403,7371,California
San Benito,2021-02-27,105,10544,41,2731,64,7813,0,0,86,4374,19,3083,86,7457,California
San Benito,2021-02-28,255,10799,31,2762,224,8037,0,0,243,4605,12,3095,243,7700,California
San Benito,2021-03-01,232,11031,61,2823,171,8208,0,0,161,4694,72,3167,161,7861,California
San Benito,2021-03-02,287,11318,95,2918,192,8400,0,0,215,4837,72,3239,215,8076,California
San Benito,2021-03-03,405,11723,65,2983,340,8740,0,0,227,4888,176,3415,227,8303,California
San Benito,2021-03-04,617,12340,126,3109,476,9216,15,15,429,5132,188,3603,432,8735,California
San Benito,2021-03-05,584,12924,307,3416,265,9481,12,27,375,5312,207,3810,387,9122,California
San Benito,2021-03-06,193,13117,69,3485,110,9591,14,41,140,5413,53,3863,154,9276,California
San Benito,2021-03-07,648,13765,603,4088,22,9613,23,64,615,6018,33,3896,638,9914,California
San Benito,2021-03-08,290,14055,66,4154,177,9790,47,111,167,6109,123,4019,214,10128,California
San Benito,2021-03-09,425,14480,83,4237,243,10033,99,210,138,6033,286,4305,210,10338,California
San Benito,2021-03-10,410,14890,121,4358,194,10227,95,305,239,6196,171,4476,334,10672,California
San Benito,2021-03-11,476,15366,124,4482,199,10426,153,458,212,6297,264,4740,365,11037,California
San Benito,2021-03-12,523,15889,124,4606,302,10728,97,555,233,6339,288,5028,330,11367,California
San Benito,2021-03-13,200,16089,99,4705,83,10811,18,573,126,6412,71,5099,144,11511,California
San Benito,2021-03-14,233,16322,40,4745,173,10984,20,593,180,6560,52,5151,200,11711,California
San Benito,2021-03-15,323,16645,98,4843,206,11190,19,612,190,6636,133,5284,209,11920,California
San Benito,2021-03-16,501,17146,218,5061,252,11442,31,643,353,6872,147,5431,383,12303,California
San Benito,2021-03-17,791,17937,479,5540,290,11732,22,665,560,7219,227,5658,574,12877,California
San Benito,2021-03-18,789,18726,528,6068,206,11938,55,720,573,7624,214,5872,619,13496,California
San Benito,2021-03-19,778,19504,403,6471,351,12289,24,744,573,8015,205,6077,596,14092,California
San Benito,2021-03-20,245,19749,148,6619,84,12373,13,757,185,8153,60,6137,198,14290,California
San Benito,2021-03-21,109,19858,57,6676,47,12420,5,762,81,8211,28,6165,86,14376,California
San Benito,2021-03-22,354,20212,173,6849,156,12576,25,787,222,8326,132,6297,247,14623,California
San Benito,2021-03-23,474,20686,197,7046,267,12843,10,797,204,8269,270,6567,213,14836,California
San Benito,2021-03-24,575,21261,304,7350,264,13107,7,804,349,8401,224,6791,356,15192,California
San Benito,2021-03-25,741,22002,441,7791,296,13403,4,808,438,8544,299,7090,442,15634,California
San Benito,2021-03-26,1020,23022,521,8312,494,13897,5,813,337,8204,682,7772,342,15976,California
San Benito,2021-03-27,339,23361,190,8502,117,14014,32,845,220,8338,118,7890,252,16228,California
San Benito,2021-03-28,735,24096,609,9111,121,14135,5,850,130,7868,605,8495,135,16363,California
San Benito,2021-03-29,344,24440,108,9219,216,14351,20,870,143,7830,200,8695,162,16525,California
San Benito,2021-03-30,580,25020,274,9493,213,14564,93,963,294,7931,286,8981,387,16912,California
San Benito,2021-03-31,595,25615,365,9858,206,14770,24,987,334,8030,259,9240,358,17270,California
San Benito,2021-04-01,955,26570,385,10243,531,15301,39,1026,565,8240,388,9628,598,17868,California
San Benito,2021-04-02,542,27112,262,10505,144,15445,136,1162,264,8363,277,9905,400,18268,California
San Benito,2021-04-03,254,27366,87,10592,103,15548,64,1226,75,8323,178,10083,138,18406,California
San Benito,2021-04-04,143,27509,108,10700,30,15578,5,1231,106,8397,37,10120,111,18517,California
San Benito,2021-04-05,354,27863,169,10869,141,15719,44,1275,143,8372,211,10331,186,18703,California
San Benito,2021-04-06,468,28331,164,11033,127,15846,177,1452,163,8406,305,10636,339,19042,California
San Benito,2021-04-07,944,29275,526,11559,227,16073,191,1643,264,8184,677,11313,455,19497,California
San Benito,2021-04-08,872,30147,437,11996,180,16253,255,1898,231,8030,640,11953,486,19983,California
San Benito,2021-04-09,854,31001,506,12502,256,16509,92,1990,298,7865,555,12508,390,20373,California
San Benito,2021-04-10,340,31341,205,12707,77,16586,58,2048,192,7967,148,12656,250,20623,California
San Benito,2021-04-11,480,31821,273,12980,172,16758,35,2083,270,8040,210,12866,283,20906,California
San Benito,2021-04-12,531,32352,286,13266,133,16891,112,2195,279,8176,251,13117,387,21293,California
San Benito,2021-04-13,760,33112,295,13561,442,17333,23,2218,527,8495,232,13349,551,21844,California
San Benito,2021-04-14,834,33946,655,14216,179,17512,0,2218,395,8457,433,13782,395,22239,California
San Benito,2021-04-15,946,34892,736,14952,209,17721,1,2219,475,8464,470,14252,477,22716,California
San Benito,2021-04-16,715,35607,373,15325,333,18054,9,2228,304,8370,408,14660,314,23030,California
San Benito,2021-04-17,323,35930,227,15552,96,18150,0,2228,130,8305,195,14855,130,23160,California
San Benito,2021-04-18,507,36437,426,15978,81,18231,0,2228,247,8294,260,15115,249,23409,California
San Benito,2021-04-19,745,37182,595,16573,150,18381,0,2228,420,8392,323,15438,421,23830,California
San Benito,2021-04-20,790,37972,419,16992,369,18750,2,2230,497,8602,288,15726,498,24328,California
San Benito,2021-04-21,973,38945,721,17713,252,19002,0,2230,525,8694,433,16159,525,24853,California
San Benito,2021-04-22,906,39851,698,18411,208,19210,0,2230,567,8930,331,16490,567,25420,California
San Benito,2021-04-23,644,40495,408,18819,235,19445,1,2231,342,9019,253,16743,342,25762,California
San Benito,2021-04-24,362,40857,202,19021,160,19605,0,2231,166,9029,156,16899,166,25928,California
San Benito,2021-04-25,205,41062,128,19149,77,19682,0,2231,95,9032,92,16991,95,26023,California
San Benito,2021-04-26,496,41558,393,19542,103,19785,0,2231,260,9117,175,17166,260,26283,California
San Benito,2021-04-27,560,42118,286,19828,267,20052,7,2238,408,9390,142,17308,415,26698,California
San Benito,2021-04-28,555,42673,393,20221,154,20206,8,2246,390,9627,160,17468,397,27095,California
San Benito,2021-04-29,635,43308,235,20456,390,20596,10,2256,255,9530,379,17847,282,27377,California
San Benito,2021-04-30,385,43693,216,20672,162,20758,7,2263,209,9572,174,18021,216,27593,California
San Benito,2021-05-01,195,43888,142,20814,44,20802,9,2272,65,9517,129,18150,74,27667,California
San Benito,2021-05-02,189,44077,160,20974,25,20827,4,2276,57,9446,132,18282,61,27728,California
San Benito,2021-05-03,359,44436,283,21257,66,20893,10,2286,86,9271,273,18555,98,27826,California
San Benito,2021-05-04,416,44852,257,21514,151,21044,8,2294,150,9164,264,18819,157,27983,California
San Benito,2021-05-05,612,45464,432,21946,164,21208,16,2310,217,9006,391,19210,233,28216,California
San Benito,2021-05-06,625,46089,497,22443,113,21321,15,2325,225,8850,396,19606,240,28456,California
San Benito,2021-05-07,455,46544,291,22734,154,21475,10,2335,174,8756,279,19885,185,28641,California
San Benito,2021-05-08,279,46823,228,22962,46,21521,5,2340,155,8792,124,20009,160,28801,California
San Benito,2021-05-09,108,46931,83,23045,22,21543,3,2343,48,8783,60,20069,51,28852,California
San Benito,2021-05-10,411,47342,322,23367,65,21608,24,2367,53,8503,358,20427,78,28930,California
San Benito,2021-05-11,837,48179,425,23792,396,22004,16,2383,191,8067,644,21071,208,29138,California
San Benito,2021-05-12,518,48697,413,24205,92,22096,13,2396,124,7812,393,21464,138,29276,California
San Benito,2021-05-13,738,49435,631,24836,90,22186,17,2413,212,7517,523,21987,228,29504,California
San Benito,2021-05-14,602,50037,445,25281,150,22336,7,2420,231,7386,369,22356,238,29742,California
San Benito,2021-05-15,228,50265,172,25453,50,22386,6,2426,127,7418,101,22457,133,29875,California
San Benito,2021-05-16,174,50439,146,25599,26,22412,2,2428,97,7440,77,22534,99,29974,California
San Benito,2021-05-17,388,50827,313,25912,66,22478,9,2437,177,7418,208,22742,186,30160,California
San Benito,2021-05-18,675,51502,355,26267,315,22793,5,2442,212,7173,463,23205,218,30378,California
San Benito,2021-05-19,572,52074,421,26688,143,22936,8,2450,231,7071,341,23546,239,30617,California
San Benito,2021-05-20,593,52667,470,27158,112,23048,11,2461,315,7120,277,23823,326,30943,California
San Benito,2021-05-21,466,53133,275,27433,175,23223,16,2477,213,7098,251,24074,229,31172,California
San Benito,2021-05-22,297,53430,225,27658,67,23290,5,2482,183,7175,112,24186,189,31361,California
San Benito,2021-05-23,100,53530,62,27720,34,23324,4,2486,37,7152,63,24249,40,31401,California
San Benito,2021-05-24,307,53837,258,27978,42,23366,7,2493,191,7234,116,24365,198,31599,California
San Benito,2021-05-25,527,54364,241,28219,279,23645,7,2500,170,7056,355,24720,177,31776,California
San Benito,2021-05-26,312,54676,196,28415,109,23754,7,2507,125,7001,186,24906,131,31907,California
San Benito,2021-05-27,408,55084,312,28727,73,23827,23,2530,151,6921,257,25163,177,32084,California
San Benito,2021-05-28,287,55371,177,28904,103,23930,7,2537,110,6862,176,25339,117,32201,California
San Benito,2021-05-29,147,55518,125,29029,20,23950,2,2539,62,6841,85,25424,64,32265,California
San Benito,2021-05-30,269,55787,253,29282,16,23966,0,2539,90,6753,178,25602,90,32355,California
San Benito,2021-05-31,100,55887,87,29369,11,23977,2,2541,43,6742,56,25658,45,32400,California
San Benito,2021-06-01,267,56154,121,29490,120,24097,26,2567,86,6673,180,25838,111,32511,California
San Benito,2021-06-02,322,56476,244,29734,76,24173,2,2569,110,6575,211,26049,113,32624,California
San Benito,2021-06-03,340,56816,289,30023,45,24218,6,2575,100,6443,238,26287,106,32730,California
San Benito,2021-06-04,272,57088,205,30228,67,24285,0,2575,86,6344,185,26472,86,32816,California
San Benito,2021-06-05,95,57183,77,30305,17,24302,1,2576,22,6295,72,26544,23,32839,California
San Benito,2021-06-06,59,57242,49,30354,7,24309,3,2579,13,6265,46,26590,16,32855,California
San Benito,2021-06-07,339,57581,299,30653,35,24344,5,2584,85,6103,252,26842,90,32945,California
San Benito,2021-06-08,309,57890,217,30870,77,24421,15,2599,94,5998,214,27056,109,33054,California
San Benito,2021-06-09,241,58131,189,31059,44,24465,8,2607,68,5901,173,27229,76,33130,California
San Benito,2021-06-10,360,58491,331,31390,22,24487,7,2614,73,5697,284,27513,80,33210,California
San Benito,2021-06-11,270,58761,229,31619,21,24508,20,2634,92,5632,177,27690,112,33322,California
San Benito,2021-06-12,160,58921,146,31765,10,24518,4,2638,49,5589,96,27786,53,33375,California
San Benito,2021-06-13,53,58974,41,31806,10,24528,2,2640,16,5577,30,27816,18,33393,California
San Benito,2021-06-14,180,59154,150,31956,25,24553,5,2645,61,5524,118,27934,65,33458,California
San Benito,2021-06-15,221,59375,128,32084,87,24640,6,2651,77,5466,142,28076,84,33542,California
San Benito,2021-06-16,214,59589,171,32255,29,24669,14,2665,73,5413,140,28216,87,33629,California
San Benito,2021-06-17,251,59840,207,32462,17,24686,27,2692,78,5346,173,28389,106,33735,California
San Benito,2021-06-18,159,59999,102,32564,50,24736,7,2699,64,5322,95,28484,71,33806,California
San Benito,2021-06-19,114,60113,108,32672,6,24742,0,2699,48,5304,66,28550,48,33854,California
San Benito,2021-06-20,38,60151,36,32708,2,24744,0,2699,18,5302,20,28570,18,33872,California
San Benito,2021-06-21,113,60264,83,32791,15,24759,15,2714,59,5322,53,28623,73,33945,California
San Benito,2021-06-22,207,60471,126,32917,60,24819,21,2735,75,5286,131,28754,95,34040,California
San Benito,2021-06-23,150,60621,113,33030,27,24846,10,2745,61,5268,89,28843,71,34111,California
San Benito,2021-06-24,190,60811,162,33192,15,24861,13,2758,81,5254,108,28951,94,34205,California
San Benito,2021-06-25,151,60962,120,33312,29,24890,2,2760,64,5234,87,29038,67,34272,California
San Benito,2021-06-26,76,61038,61,33373,14,24904,1,2761,33,5226,42,29080,34,34306,California
San Benito,2021-06-27,58,61096,51,33424,2,24906,5,2766,24,5221,34,29114,29,34335,California
San Benito,2021-06-28,123,61219,100,33524,19,24925,4,2770,51,5204,72,29186,55,34390,California
San Benito,2021-06-29,110,61329,55,33579,43,24968,12,2782,40,5186,70,29256,52,34442,California
San Benito,2021-06-30,136,61465,111,33690,18,24986,7,2789,52,5162,83,29339,59,34501,California
San Benito,2021-07-01,132,61597,103,33793,20,25006,9,2798,53,5144,78,29417,60,34561,California
San Benito,2021-07-02,131,61728,74,33867,45,25051,12,2810,54,5133,77,29494,66,34627,California
San Benito,2021-07-03,99,61827,94,33961,4,25055,1,2811,53,5141,46,29540,54,34681,California
San Benito,2021-07-04,14,61841,13,33974,1,25056,0,2811,6,5139,8,29548,6,34687,California
San Benito,2021-07-05,29,61870,18,33992,10,25066,1,2812,18,5147,11,29559,19,34706,California
San Bernardino,2020-12-15,13,13,13,13,0,0,0,0,13,13,0,0,13,13,California
San Bernardino,2020-12-16,114,127,114,127,0,0,0,0,114,127,0,0,114,127,California
San Bernardino,2020-12-17,2375,2502,2375,2502,0,0,0,0,2375,2502,0,0,2375,2502,California
San Bernardino,2020-12-18,3175,5677,3172,5674,3,3,0,0,3176,5678,0,0,3176,5678,California
San Bernardino,2020-12-19,1076,6753,1075,6749,1,4,0,0,1077,6755,0,0,1077,6755,California
San Bernardino,2020-12-20,1184,7937,1180,7929,4,8,0,0,1184,7939,0,0,1184,7939,California
San Bernardino,2020-12-21,2465,10402,2458,10387,7,15,0,0,2465,10404,0,0,2465,10404,California
San Bernardino,2020-12-22,2280,12682,2151,12538,129,144,0,0,2281,12685,0,0,2281,12685,California
San Bernardino,2020-12-23,2679,15361,1472,14010,1207,1351,0,0,2677,15362,0,0,2677,15362,California
San Bernardino,2020-12-24,1162,16523,582,14592,580,1931,0,0,1163,16524,1,1,1163,16525,California
San Bernardino,2020-12-25,76,16599,15,14607,61,1992,0,0,76,16600,0,1,76,16601,California
San Bernardino,2020-12-26,466,17065,255,14862,211,2203,0,0,466,17066,0,1,466,17067,California
San Bernardino,2020-12-27,351,17416,164,15026,187,2390,0,0,350,17415,1,2,350,17417,California
San Bernardino,2020-12-28,1593,19009,700,15726,893,3283,0,0,1594,19009,0,2,1594,19011,California
San Bernardino,2020-12-29,2259,21268,1048,16774,1211,4494,0,0,2259,21268,0,2,2259,21270,California
San Bernardino,2020-12-30,2932,24200,1461,18235,1471,5965,0,0,2932,24200,0,2,2932,24202,California
San Bernardino,2020-12-31,1382,25582,441,18676,941,6906,0,0,1380,25580,0,2,1380,25582,California
San Bernardino,2021-01-01,289,25871,152,18828,137,7043,0,0,288,25868,0,2,288,25870,California
San Bernardino,2021-01-02,486,26357,345,19173,141,7184,0,0,486,26354,0,2,486,26356,California
San Bernardino,2021-01-03,142,26499,88,19261,54,7238,0,0,142,26496,0,2,142,26498,California
San Bernardino,2021-01-04,2150,28649,1294,20555,856,8094,0,0,2149,28645,0,2,2149,28647,California
San Bernardino,2021-01-05,2348,30997,1462,22017,886,8980,0,0,2235,30769,111,113,2235,30882,California
San Bernardino,2021-01-06,3469,34466,2363,24380,1106,10086,0,0,2968,33243,495,608,2969,33851,California
San Bernardino,2021-01-07,5455,39921,4520,28900,935,11021,0,0,2490,32787,2946,3554,2490,36341,California
San Bernardino,2021-01-08,5402,45323,4469,33369,933,11954,0,0,2302,31994,3096,6650,2303,38644,California
San Bernardino,2021-01-09,1410,46733,1104,34473,306,12260,0,0,908,32400,502,7152,908,39552,California
San Bernardino,2021-01-10,1031,47764,601,35074,430,12690,0,0,579,32527,452,7604,579,40131,California
San Bernardino,2021-01-11,4999,52763,4086,39160,913,13603,0,0,2779,33089,2217,9821,2779,42910,California
San Bernardino,2021-01-12,4255,57018,3231,42391,1024,14627,0,0,2527,33890,1726,11547,2527,45437,California
San Bernardino,2021-01-13,4615,61633,2838,45229,1777,16404,0,0,3384,36056,1219,12766,3385,48822,California
San Bernardino,2021-01-14,4886,66519,2812,48041,2074,18478,0,0,4297,39768,585,13351,4297,53119,California
San Bernardino,2021-01-15,6002,72521,2955,50996,3047,21525,0,0,5601,44981,391,13742,5604,58723,California
San Bernardino,2021-01-16,2276,74797,1291,52287,985,22510,0,0,2132,46969,144,13886,2132,60855,California
San Bernardino,2021-01-17,1191,75988,508,52795,683,23193,0,0,1108,47996,82,13968,1109,61964,California
San Bernardino,2021-01-18,4297,80285,2636,55431,1661,24854,0,0,3666,51033,631,14599,3668,65632,California
San Bernardino,2021-01-19,6365,86650,3445,58876,2920,27774,0,0,5267,55206,1096,15695,5269,70901,California
San Bernardino,2021-01-20,6917,93567,3785,62661,3132,30906,0,0,4947,58195,1960,17655,4949,75850,California
San Bernardino,2021-01-21,6042,99609,3090,65751,2952,33858,0,0,4909,61984,1123,18778,4912,80762,California
San Bernardino,2021-01-22,6615,106224,3053,68804,3562,37420,0,0,5884,67140,729,19507,5885,86647,California
San Bernardino,2021-01-23,3137,109361,1895,70699,1242,38662,0,0,2731,69466,405,19912,2731,89378,California
San Bernardino,2021-01-24,1211,110572,462,71161,749,39411,0,0,1107,70469,104,20016,1107,90485,California
San Bernardino,2021-01-25,6967,117539,3415,74576,3552,42963,0,0,5094,73697,1869,21885,5097,95582,California
San Bernardino,2021-01-26,7203,124742,3545,78121,3658,46621,0,0,5019,76535,2183,24068,5021,100603,California
San Bernardino,2021-01-27,8664,133406,4150,82271,4514,51135,0,0,5784,79448,2871,26939,5784,106387,California
San Bernardino,2021-01-28,8682,142088,4086,86357,4596,55731,0,0,6333,83441,2340,29279,6333,112720,California
San Bernardino,2021-01-29,8229,150317,3744,90101,4485,60216,0,0,6226,87681,1987,31266,6227,118947,California
San Bernardino,2021-01-30,3096,153413,1877,91978,1219,61435,0,0,2801,90189,294,31560,2802,121749,California
San Bernardino,2021-01-31,920,154333,474,92452,446,61881,0,0,861,90992,58,31618,861,122610,California
San Bernardino,2021-02-01,7630,161963,4256,96708,3374,65255,0,0,4942,93252,2683,34301,4943,127553,California
San Bernardino,2021-02-02,10564,172527,3680,100388,6884,72139,0,0,8451,99596,2109,36410,8453,136006,California
San Bernardino,2021-02-03,9100,181627,4163,104551,4937,77076,0,0,6565,103636,2526,38936,6566,142572,California
San Bernardino,2021-02-04,10615,192242,5219,109770,5396,82472,0,0,7479,107991,3125,42061,7480,150052,California
San Bernardino,2021-02-05,11146,203388,5970,115740,5176,87648,0,0,7550,111958,3584,45645,7551,157603,California
San Bernardino,2021-02-06,5292,208680,2220,117960,3072,90720,0,0,3648,113995,1614,47259,3651,161254,California
San Bernardino,2021-02-07,856,209536,495,118455,361,91081,0,0,476,114095,377,47636,477,161731,California
San Bernardino,2021-02-08,7336,216872,3902,122357,3434,94515,0,0,5644,118049,1690,49326,5644,167375,California
San Bernardino,2021-02-09,10174,227046,5632,127989,4542,99057,0,0,6844,121843,3054,52380,6848,174223,California
San Bernardino,2021-02-10,12216,239262,6491,134480,5725,104782,0,0,8050,125739,4155,56535,8051,182274,California
San Bernardino,2021-02-11,12548,251810,7181,141661,5367,110149,0,0,7967,129156,4554,61089,7971,190245,California
San Bernardino,2021-02-12,10615,262425,5949,147610,4666,114815,0,0,5785,130178,4766,65855,5788,196033,California
San Bernardino,2021-02-13,6124,268549,4076,151686,2048,116863,0,0,3837,131750,2270,68125,3842,199875,California
San Bernardino,2021-02-14,1577,270126,666,152352,911,117774,0,0,884,131949,686,68811,885,200760,California
San Bernardino,2021-02-15,5528,275654,3009,155361,2519,120293,0,0,3077,132588,2438,71249,3077,203837,California
San Bernardino,2021-02-16,12762,288416,7459,162820,5303,125596,0,0,8033,135909,4716,75965,8037,211874,California
San Bernardino,2021-02-17,11948,300364,6537,169357,5411,131007,0,0,7196,138380,4730,80695,7201,219075,California
San Bernardino,2021-02-18,12616,312980,7644,177001,4972,135979,0,0,7783,141349,4816,85511,7785,226860,California
San Bernardino,2021-02-19,11833,324813,6061,183062,5772,141751,0,0,6979,143499,4831,90342,6981,233841,California
San Bernardino,2021-02-20,4616,329429,3538,186600,1078,142829,0,0,2072,143040,2534,92876,2075,235916,California
San Bernardino,2021-02-21,1183,330612,708,187308,475,143304,0,0,412,142682,771,93647,413,236329,California
San Bernardino,2021-02-22,9018,339630,5564,192872,3454,146758,0,0,4137,141960,4861,98508,4139,240468,California
San Bernardino,2021-02-23,9721,349351,5897,198769,3824,150582,0,0,4902,142081,4787,103295,4908,245376,California
San Bernardino,2021-02-24,12758,362109,7335,206104,5423,156005,0,0,6228,141806,6509,109804,6234,251610,California
San Bernardino,2021-02-25,13250,375359,6315,212419,6935,162940,0,0,7668,143914,5564,115368,7672,259282,California
San Bernardino,2021-02-26,13747,389106,6397,218816,7350,170290,0,0,7656,145550,6028,121396,7664,266946,California
San Bernardino,2021-02-27,6704,395810,3750,222566,2953,173243,1,1,4819,148501,1873,123269,4824,271770,California
San Bernardino,2021-02-28,1788,397598,748,223314,1040,174283,0,1,1146,149017,632,123901,1148,272918,California
San Bernardino,2021-03-01,8531,406129,4391,227705,4135,178418,5,6,3881,148293,4621,128522,3897,276815,California
San Bernardino,2021-03-02,13950,420079,5515,233220,8435,186853,0,6,6546,147482,7367,135889,6556,283371,California
San Bernardino,2021-03-03,13175,433254,6701,239921,6470,193323,4,10,6206,146756,6945,142834,6219,289590,California
San Bernardino,2021-03-04,14029,447283,6890,246811,7138,200461,1,11,6077,144912,7930,150764,6086,295676,California
San Bernardino,2021-03-05,14541,461824,7526,254337,7013,207474,2,13,7064,144559,7440,158204,7087,302763,California
San Bernardino,2021-03-06,9760,471584,5478,259815,4056,211530,226,239,4553,144146,5188,163392,4775,307538,California
San Bernardino,2021-03-07,1692,473276,1023,260838,597,212127,72,311,1064,144659,626,164018,1139,308677,California
San Bernardino,2021-03-08,8158,481434,3608,264446,4379,216506,171,482,3612,143910,4537,168555,3788,312465,California
San Bernardino,2021-03-09,13154,494588,7525,271971,5378,221884,251,733,5274,141570,7867,176422,5527,317992,California
San Bernardino,2021-03-10,14255,508843,7869,279840,5830,227714,556,1289,6346,140593,7881,184303,6904,324896,California
San Bernardino,2021-03-11,15693,524536,7267,287107,6817,234531,1609,2898,7391,141308,8280,192583,8995,333891,California
San Bernardino,2021-03-12,15645,540181,6971,294078,6623,241154,2051,4949,7339,142471,8270,200853,9433,343324,California
San Bernardino,2021-03-13,8409,548590,4579,298657,3313,244467,517,5466,4962,144520,3432,204285,5481,348805,California
San Bernardino,2021-03-14,3311,551901,1682,300339,1046,245513,583,6049,1840,145475,1464,205749,2419,351224,California
San Bernardino,2021-03-15,11443,563344,5383,305722,4027,249540,2033,8082,5410,146896,6015,211764,7436,358660,California
San Bernardino,2021-03-16,16271,579615,8055,313777,7274,256814,942,9024,9853,151311,6387,218151,10802,369462,California
San Bernardino,2021-03-17,17510,597125,8704,322481,8056,264870,750,9774,10535,155643,6952,225103,11284,380746,California
San Bernardino,2021-03-18,16788,613913,8304,330785,8093,272963,391,10165,9894,159060,6864,231967,10281,391027,California
San Bernardino,2021-03-19,17117,631030,8497,339282,8023,280986,597,10762,9786,162191,7301,239268,10432,401459,California
San Bernardino,2021-03-20,9559,640589,5982,345264,2977,283963,600,11362,5671,164596,3860,243128,6265,407724,California
San Bernardino,2021-03-21,2849,643438,2303,347567,495,284458,51,11413,2279,166369,557,243685,2330,410054,California
San Bernardino,2021-03-22,9742,653180,4602,352169,4704,289162,436,11849,7045,171179,2671,246356,7481,417535,California
San Bernardino,2021-03-23,15658,668838,8887,361056,6150,295312,621,12470,9642,175448,5991,252347,10260,427795,California
San Bernardino,2021-03-24,15222,684060,7837,368893,7079,302391,306,12776,10022,180619,5158,257505,10329,438124,California
San Bernardino,2021-03-25,17130,701190,8389,377282,8435,310826,306,13082,10770,185385,6304,263809,11070,449194,California
San Bernardino,2021-03-26,18353,719543,8706,385988,8877,319703,770,13852,10946,189727,7376,271185,11718,460912,California
San Bernardino,2021-03-27,10887,730430,7024,393012,3108,322811,755,14607,6185,191988,4677,275862,6938,467850,California
San Bernardino,2021-03-28,3652,734082,2563,395575,974,323785,115,14722,2528,193517,1114,276976,2643,470493,California
San Bernardino,2021-03-29,12081,746163,6146,401721,5533,329318,402,15124,7965,197794,4089,281065,8366,478859,California
San Bernardino,2021-03-30,17038,763201,9511,411232,6808,336126,719,15843,10529,202563,6468,287533,11237,490096,California
San Bernardino,2021-03-31,16648,779849,9373,420605,6633,342759,642,16485,10878,208345,5735,293268,11517,501613,California
San Bernardino,2021-04-01,19888,799737,10492,431097,7966,350725,1430,17915,12734,215394,7105,300373,14154,515767,California
San Bernardino,2021-04-02,18939,818676,9545,440642,8099,358824,1295,19210,11415,220652,7492,307865,12750,528517,California
San Bernardino,2021-04-03,11187,829863,6995,447637,3044,361868,1148,20358,6082,222788,5084,312949,7220,535737,California
San Bernardino,2021-04-04,2515,832378,1517,449154,746,362614,252,20610,1261,223056,1244,314193,1512,537249,California
San Bernardino,2021-04-05,11868,844246,5310,454464,4779,367393,1779,22389,6037,225059,5806,319999,7809,545058,California
San Bernardino,2021-04-06,19883,864129,11183,465647,6572,373965,2128,24517,10487,228313,9348,329347,12602,557660,California
San Bernardino,2021-04-07,21217,885346,11393,477040,7320,381285,2504,27021,11528,232674,9654,339001,14015,571675,California
San Bernardino,2021-04-08,22104,907450,11333,488373,8132,389417,2639,29660,12097,237421,9976,348977,14723,586398,California
San Bernardino,2021-04-09,21995,929445,11179,499552,8183,397600,2633,32293,11919,241921,10035,359012,14535,600933,California
San Bernardino,2021-04-10,15741,945186,8146,507698,3870,401470,3725,36018,7813,245538,7904,366916,11521,612454,California
San Bernardino,2021-04-11,4455,949641,2594,510292,894,402364,967,36985,2045,246140,2403,369319,3005,615459,California
San Bernardino,2021-04-12,13536,963177,6250,516542,5614,407978,1672,38657,6410,247117,7100,376419,8077,623536,California
San Bernardino,2021-04-13,19490,982667,11107,527649,8364,416342,19,38676,11189,250058,8270,384689,11211,634747,California
San Bernardino,2021-04-14,19551,1002218,10446,538095,9102,425444,3,38679,11012,252578,8498,393187,11018,645765,California
San Bernardino,2021-04-15,20639,1022857,11534,549629,9099,434543,6,38685,10931,253851,9665,402852,10938,656703,California
San Bernardino,2021-04-16,18909,1041766,10710,560339,8198,442741,1,38686,9260,253511,9601,412453,9261,665964,California
San Bernardino,2021-04-17,12095,1053861,7976,568315,4119,446860,0,38686,6288,254039,5760,418213,6288,672252,California
San Bernardino,2021-04-18,3239,1057100,2307,570622,932,447792,0,38686,1385,253583,1841,420054,1385,673637,California
San Bernardino,2021-04-19,12738,1069838,6808,577430,5930,453722,0,38686,4934,250747,7775,427829,4939,678576,California
San Bernardino,2021-04-20,18296,1088134,10366,587796,7927,461649,3,38689,8276,249042,9986,437815,8281,686857,California
San Bernardino,2021-04-21,19109,1107243,11235,599031,7872,469521,2,38691,8329,246666,10710,448525,8334,695191,California
San Bernardino,2021-04-22,19674,1126917,11401,610432,8269,477790,4,38695,7964,242984,11653,460178,7971,703162,California
San Bernardino,2021-04-23,18950,1145867,10995,621427,7954,485744,1,38696,8176,240446,10717,470895,8179,711341,California
San Bernardino,2021-04-24,12869,1158736,9489,630916,3378,489122,2,38698,6914,241423,5939,476834,6916,718257,California
San Bernardino,2021-04-25,3425,1162161,2239,633155,1186,490308,0,38698,1677,241372,1731,478565,1680,719937,California
San Bernardino,2021-04-26,11372,1173533,6220,639375,5062,495370,90,38788,4835,239803,6495,485060,4926,724863,California
San Bernardino,2021-04-27,16755,1190288,10175,649550,6368,501738,212,39000,6877,237058,9834,494894,7089,731952,California
San Bernardino,2021-04-28,15113,1205401,9095,658645,5740,507478,278,39278,5471,233182,9616,504510,5740,737692,California
San Bernardino,2021-04-29,16620,1222021,9701,668346,6651,514129,268,39546,5575,228017,11005,515515,5840,743532,California
San Bernardino,2021-04-30,16879,1238900,10751,679097,5847,519976,281,39827,6273,224005,10564,526079,6552,750084,California
San Bernardino,2021-05-01,10792,1249692,8432,687529,2046,522022,314,40141,3737,221003,7048,533127,4046,754130,California
San Bernardino,2021-05-02,2953,1252645,2135,689664,687,522709,131,40272,1050,220292,1891,535018,1180,755310,California
San Bernardino,2021-05-03,10072,1262717,5793,695457,3875,526584,404,40676,2906,216449,7154,542172,3311,758621,California
San Bernardino,2021-05-04,16054,1278771,9850,705307,5747,532331,457,41133,4684,210261,11326,553498,5138,763759,California
San Bernardino,2021-05-05,15756,1294527,9211,714518,6132,538463,413,41546,4452,203866,11255,564753,4860,768619,California
San Bernardino,2021-05-06,16078,1310605,9266,723784,6397,544860,415,41961,4400,197047,11632,576385,4813,773432,California
San Bernardino,2021-05-07,15703,1326308,8877,732661,6448,551308,378,42339,4672,191121,10972,587357,5046,778478,California
San Bernardino,2021-05-08,9588,1335896,6433,739094,2888,554196,267,42606,3302,188439,6251,593608,3569,782047,California
San Bernardino,2021-05-09,2078,1337974,1376,740470,612,554808,90,42696,832,188122,1239,594847,922,782969,California
San Bernardino,2021-05-10,7688,1345662,3563,744033,3807,558615,318,43014,2367,185530,5274,600121,2682,785651,California
San Bernardino,2021-05-11,12602,1358264,7085,751118,5158,563773,359,43373,4039,181410,8518,608639,4398,790049,California
San Bernardino,2021-05-12,12841,1371105,7038,758156,5487,569260,316,43689,3654,176243,9136,617775,3969,794018,California
San Bernardino,2021-05-13,13514,1384619,8207,766363,4955,574215,352,44041,5294,173708,8174,625949,5639,799657,California
San Bernardino,2021-05-14,14006,1398625,9369,775732,4298,578513,339,44380,5819,171736,8130,634079,6158,805815,California
San Bernardino,2021-05-15,11439,1410064,8522,784254,2728,581241,189,44569,4657,169826,6750,640829,4840,810655,California
San Bernardino,2021-05-16,3118,1413182,2376,786630,680,581921,62,44631,1559,169907,1540,642369,1621,812276,California
San Bernardino,2021-05-17,10101,1423283,6817,793447,2991,584912,293,44924,4493,169120,5569,647938,4782,817058,California
San Bernardino,2021-05-18,13786,1437069,9160,802607,4378,589290,248,45172,6181,167969,7576,655514,6425,823483,California
San Bernardino,2021-05-19,11560,1448629,7238,809845,3942,593232,380,45552,5211,167245,6310,661824,5586,829069,California
San Bernardino,2021-05-20,11628,1460257,6961,816806,4350,597582,317,45869,5031,166038,6555,668379,5348,834417,California
San Bernardino,2021-05-21,12615,1472872,8351,825157,3882,601464,382,46251,5348,164550,7213,675592,5725,840142,California
San Bernardino,2021-05-22,8939,1481811,6701,831858,2030,603494,208,46459,4280,164423,4611,680203,4484,844626,California
San Bernardino,2021-05-23,2444,1484255,1556,833414,796,604290,92,46551,1137,164355,1296,681499,1228,845854,California
San Bernardino,2021-05-24,6971,1491226,4463,837877,2202,606492,306,46857,3087,163919,3828,685327,3392,849246,California
San Bernardino,2021-05-25,9335,1500561,5729,843606,3349,609841,257,47114,4104,163083,5193,690520,4357,853603,California
San Bernardino,2021-05-26,8251,1508812,5240,848846,2760,612601,251,47365,3745,162611,4462,694982,3990,857593,California
San Bernardino,2021-05-27,7673,1516485,4664,853510,2772,615373,237,47602,3455,162124,4179,699161,3692,861285,California
San Bernardino,2021-05-28,8817,1525302,5482,858992,3057,618430,278,47880,4372,162373,4399,703560,4648,865933,California
San Bernardino,2021-05-29,5065,1530367,3381,862373,1565,619995,119,47999,2566,162578,2479,706039,2684,868617,California
San Bernardino,2021-05-30,1753,1532120,1240,863613,433,620428,80,48079,852,162616,893,706932,931,869548,California
San Bernardino,2021-05-31,897,1533017,568,864181,312,620740,17,48096,319,162380,573,707505,337,869885,California
San Bernardino,2021-06-01,8654,1541671,5559,869740,2848,623588,247,48343,3367,160760,5231,712736,3611,873496,California
San Bernardino,2021-06-02,6850,1548521,4311,874051,2298,625886,241,48584,2884,159949,3932,716668,3121,876617,California
San Bernardino,2021-06-03,7979,1556500,5385,879436,2395,628281,199,48783,2704,157601,5251,721919,2903,879520,California
San Bernardino,2021-06-04,9150,1565650,6190,885626,2667,630948,293,49076,3138,155069,5962,727881,3430,882950,California
San Bernardino,2021-06-05,6562,1572212,5012,890638,1423,632371,127,49203,2250,153153,4289,732170,2373,885323,California
San Bernardino,2021-06-06,2034,1574246,1698,892336,272,632643,64,49267,670,152532,1355,733525,734,886057,California
San Bernardino,2021-06-07,6307,1580553,4908,897244,1185,633828,214,49481,1966,150394,4316,737841,2178,888235,California
San Bernardino,2021-06-08,8444,1588997,6129,903373,2090,635918,225,49706,2609,147456,5767,743608,2829,891064,California
San Bernardino,2021-06-09,7007,1596004,4988,908361,1827,637745,192,49898,2272,145239,4682,748290,2465,893529,California
San Bernardino,2021-06-10,7096,1603100,5010,913371,1881,639626,205,50103,2231,142856,4818,753108,2435,895964,California
San Bernardino,2021-06-11,8068,1611168,5634,919005,2202,641828,232,50335,2919,140902,5103,758211,3149,899113,California
San Bernardino,2021-06-12,5901,1617069,4646,923651,1133,642961,122,50457,1709,138568,4167,762378,1833,900946,California
San Bernardino,2021-06-13,1495,1618564,1061,924712,363,643324,71,50528,401,137949,1090,763468,471,901417,California
San Bernardino,2021-06-14,4928,1623492,3558,928270,1150,644474,220,50748,1804,136875,3096,766564,2022,903439,California
San Bernardino,2021-06-15,7177,1630669,5073,933343,1855,646329,249,50997,2562,135117,4564,771128,2806,906245,California
San Bernardino,2021-06-16,6360,1637029,4531,937874,1607,647936,222,51219,2332,133691,3981,775109,2555,908800,California
San Bernardino,2021-06-17,5668,1642697,3980,941854,1525,649461,163,51382,2210,132644,3419,778528,2372,911172,California
San Bernardino,2021-06-18,6871,1649568,4612,946466,2019,651480,240,51622,2575,131197,4259,782787,2812,913984,California
San Bernardino,2021-06-19,4064,1653632,3034,949500,898,652378,132,51754,1748,130782,2293,785080,1878,915862,California
San Bernardino,2021-06-20,1465,1655097,1126,950626,279,652657,60,51814,584,130552,874,785954,644,916506,California
San Bernardino,2021-06-21,3604,1658701,2334,952960,1040,653697,230,52044,2013,131219,1574,787528,2241,918747,California
San Bernardino,2021-06-22,5700,1664401,3880,956840,1604,655301,216,52260,2286,130338,3385,790913,2504,921251,California
San Bernardino,2021-06-23,5064,1669465,3591,960431,1273,656574,200,52460,2132,129763,2903,793816,2328,923579,California
San Bernardino,2021-06-24,4877,1674342,3387,963818,1279,657853,211,52671,2084,129290,2763,796579,2290,925869,California
San Bernardino,2021-06-25,5843,1680185,4129,967947,1508,659361,206,52877,2546,128769,3270,799849,2749,928618,California
San Bernardino,2021-06-26,3576,1683761,2727,970674,775,660136,74,52951,1666,128619,1889,801738,1739,930357,California
San Bernardino,2021-06-27,1446,1685207,1150,971824,244,660380,52,53003,677,128585,763,802501,729,931086,California
San Bernardino,2021-06-28,3503,1688710,2758,974582,592,660972,153,53156,1717,128682,1772,804273,1869,932955,California
San Bernardino,2021-06-29,5213,1693923,3775,978357,1257,662229,181,53337,2373,128413,2817,807090,2548,935503,California
San Bernardino,2021-06-30,4597,1698520,3243,981600,1179,663408,175,53512,2287,128588,2283,809373,2458,937961,California
San Bernardino,2021-07-01,4174,1702694,3006,984606,1002,664410,166,53678,2063,128726,2091,811464,2229,940190,California
San Bernardino,2021-07-02,5059,1707753,3642,988248,1269,665679,148,53826,2377,128606,2645,814109,2525,942715,California
San Bernardino,2021-07-03,2523,1710276,1907,990155,562,666241,54,53880,1220,128591,1289,815398,1274,943989,California
San Bernardino,2021-07-04,212,1710488,146,990301,62,666303,4,53884,114,128612,97,815495,118,944107,California
San Bernardino,2021-07-05,1193,1711681,819,991120,365,666668,9,53893,581,128598,604,816099,590,944697,California
San Diego,2020-12-15,120,120,120,120,0,0,0,0,120,120,0,0,120,120,California
San Diego,2020-12-16,1079,1199,1079,1199,0,0,0,0,1079,1199,0,0,1079,1199,California
San Diego,2020-12-17,2324,3523,2324,3523,0,0,0,0,2324,3523,0,0,2324,3523,California
San Diego,2020-12-18,3608,7131,3607,7130,1,1,0,0,3608,7131,0,0,3608,7131,California
San Diego,2020-12-19,2269,9400,2269,9399,0,1,0,0,2269,9400,0,0,2269,9400,California
San Diego,2020-12-20,1148,10548,1147,10546,1,2,0,0,1148,10548,0,0,1148,10548,California
San Diego,2020-12-21,3460,14008,3458,14004,2,4,0,0,3460,14008,0,0,3460,14008,California
San Diego,2020-12-22,4020,18028,3383,17387,637,641,0,0,4020,18028,0,0,4020,18028,California
San Diego,2020-12-23,3159,21187,1958,19345,1201,1842,0,0,3159,21187,0,0,3159,21187,California
San Diego,2020-12-24,2703,23890,2189,21534,514,2356,0,0,2703,23890,0,0,2703,23890,California
San Diego,2020-12-25,857,24747,856,22390,1,2357,0,0,857,24747,0,0,857,24747,California
San Diego,2020-12-26,3199,27946,2129,24519,1070,3427,0,0,3199,27946,0,0,3199,27946,California
San Diego,2020-12-27,2479,30425,1594,26113,885,4312,0,0,2478,30423,1,1,2478,30424,California
San Diego,2020-12-28,5832,36257,4156,30269,1676,5988,0,0,5832,36255,0,1,5832,36256,California
San Diego,2020-12-29,5499,41756,2944,33213,2555,8543,0,0,5499,41754,0,1,5499,41755,California
San Diego,2020-12-30,5849,47605,3047,36260,2802,11345,0,0,5849,47603,0,1,5849,47604,California
San Diego,2020-12-31,2971,50576,1031,37291,1940,13285,0,0,2971,50574,0,1,2971,50575,California
San Diego,2021-01-01,992,51568,442,37733,550,13835,0,0,992,51566,0,1,992,51567,California
San Diego,2021-01-02,3666,55234,1287,39020,2379,16214,0,0,3666,55232,0,1,3666,55233,California
San Diego,2021-01-03,833,56067,621,39641,212,16426,0,0,832,56064,0,1,832,56065,California
San Diego,2021-01-04,3646,59713,2020,41661,1626,18052,0,0,3640,59704,0,1,3640,59705,California
San Diego,2021-01-05,4296,64009,2144,43805,2152,20204,0,0,3712,62847,581,582,3724,63429,California
San Diego,2021-01-06,4840,68849,2254,46059,2586,22790,0,0,3639,65310,1180,1762,3643,67072,California
San Diego,2021-01-07,5549,74398,2931,48990,2618,25408,0,0,3435,66645,2109,3871,3444,70516,California
San Diego,2021-01-08,7801,82199,4895,53885,2906,28314,0,0,4067,67011,3718,7589,4084,74600,California
San Diego,2021-01-09,3417,85616,1907,55792,1510,29824,0,0,1893,67401,1514,9103,1904,76504,California
San Diego,2021-01-10,1847,87463,1277,57069,570,30394,0,0,758,67092,1077,10180,768,77272,California
San Diego,2021-01-11,10194,97657,5796,62865,4398,34792,0,0,6705,70333,3482,13662,6723,83995,California
San Diego,2021-01-12,11003,108660,5261,68126,5742,40534,0,0,7659,74767,3335,16997,7769,91764,California
San Diego,2021-01-13,11287,119947,4986,73112,6301,46835,0,0,8771,81060,2505,19502,8798,100562,California
San Diego,2021-01-14,11960,131907,4518,77630,7442,54277,0,0,9835,88811,2118,21620,9869,110431,California
San Diego,2021-01-15,14789,146696,5233,82863,9556,63833,0,0,12187,98473,2584,24204,12246,122677,California
San Diego,2021-01-16,10532,157228,3552,86415,6980,70813,0,0,9099,106175,1429,25633,9131,131808,California
San Diego,2021-01-17,8471,165699,2431,88846,6040,76853,0,0,7645,113013,826,26459,7664,139472,California
San Diego,2021-01-18,12662,178361,6220,95066,6442,83295,0,0,9853,120153,2778,29237,9918,149390,California
San Diego,2021-01-19,14409,192770,5625,100691,8784,92079,0,0,11315,128644,3085,32322,11576,160966,California
San Diego,2021-01-20,18072,210842,6332,107023,11740,103819,0,0,14772,140320,3280,35602,14956,175922,California
San Diego,2021-01-21,17034,227876,5746,112769,11288,115107,0,0,15666,154771,1359,36961,15810,191732,California
San Diego,2021-01-22,17210,245086,4585,117354,12625,127732,0,0,15209,168077,1988,38949,15294,207026,California
San Diego,2021-01-23,14062,259148,5197,122551,8865,136597,0,0,11800,177688,2251,41200,11862,218888,California
San Diego,2021-01-24,11572,270720,3249,125800,8323,144920,0,0,10609,187380,961,42161,10653,229541,California
San Diego,2021-01-25,11984,282704,5669,131469,6315,151235,0,0,9009,193580,2966,45127,9166,238707,California
San Diego,2021-01-26,14962,297666,7813,139282,7149,158384,0,0,11575,201961,3385,48512,11766,250473,California
San Diego,2021-01-27,20169,317835,7835,147117,12334,170718,0,0,17177,216303,2982,51494,17324,267797,California
San Diego,2021-01-28,20899,338734,7588,154705,13311,184029,0,0,18651,232805,2237,53731,18739,286536,California
San Diego,2021-01-29,19215,357949,6302,161007,12913,196942,0,0,16784,247220,2420,56151,16835,303371,California
San Diego,2021-01-30,15431,373380,3507,164514,11924,208866,0,0,12786,257478,2634,58785,12892,316263,California
San Diego,2021-01-31,14479,387859,5689,170203,8790,217656,0,0,14130,271297,345,59130,14164,330427,California
San Diego,2021-02-01,20444,408303,7451,177654,12993,230649,0,0,16953,284849,3478,62608,17030,347457,California
San Diego,2021-02-02,22498,430801,8287,185941,14211,244860,0,0,19263,301050,3225,65833,19426,366883,California
San Diego,2021-02-03,27151,457952,11634,197575,15517,260377,0,0,22924,319951,4206,70039,23107,389990,California
San Diego,2021-02-04,23808,481760,9803,207378,14005,274382,0,0,19259,334954,4534,74573,19537,409527,California
San Diego,2021-02-05,24238,505998,8596,215974,15642,290024,0,0,17825,346845,6389,80962,18280,427807,California
San Diego,2021-02-06,20394,526392,8447,224421,11947,301971,0,0,17183,361041,3208,84170,17404,445211,California
San Diego,2021-02-07,11897,538289,5307,229728,6590,308561,0,0,10053,369513,1833,86003,10305,455516,California
San Diego,2021-02-08,19788,558077,8416,238144,11372,319933,0,0,12424,375263,7350,93353,13100,468616,California
San Diego,2021-02-09,20149,578226,8240,246384,11909,331842,0,0,12969,382129,7159,100512,14025,482641,California
San Diego,2021-02-10,22605,600831,9264,255648,13341,345183,0,0,13633,388193,8921,109433,14985,497626,California
San Diego,2021-02-11,23464,624295,10081,265729,13383,358566,0,0,12550,391515,10890,120323,14212,511838,California
San Diego,2021-02-12,23270,647565,7281,273010,15989,374555,0,0,11545,393600,11707,132030,13792,525630,California
San Diego,2021-02-13,19740,667305,8960,281970,10780,385335,0,0,10739,396511,8994,141024,11905,537535,California
San Diego,2021-02-14,11020,678325,7326,289296,3694,389029,0,0,6130,399246,4886,145910,7621,545156,California
San Diego,2021-02-15,14971,693296,7563,296859,7408,396437,0,0,7583,402504,7365,153275,10623,555779,California
San Diego,2021-02-16,19003,712299,11093,307952,7910,404347,0,0,9040,404527,9950,163225,11973,567752,California
San Diego,2021-02-17,22964,735263,10733,318685,12231,416578,0,0,7841,400252,15108,178333,10833,578585,California
San Diego,2021-02-18,23286,758549,11914,330599,11372,427950,0,0,7640,396279,15635,193968,11662,590247,California
San Diego,2021-02-19,15671,774220,10902,341501,4769,432719,0,0,6373,395308,9276,203244,8305,598552,California
San Diego,2021-02-20,10074,784294,6307,347808,3767,436486,0,0,5622,398345,4450,207694,7487,606039,California
San Diego,2021-02-21,11443,795737,10037,357845,1406,437892,0,0,5028,398453,6409,214103,6517,612556,California
San Diego,2021-02-22,12331,808068,10529,368374,1802,439694,0,0,5579,398904,6746,220849,7197,619753,California
San Diego,2021-02-23,25210,833278,14099,382473,11111,450805,0,0,9219,397958,15981,236830,15035,634788,California
San Diego,2021-02-24,28538,861816,12657,395130,15881,466686,0,0,6627,390023,21890,258720,13955,648743,California
San Diego,2021-02-25,32511,894327,14418,409548,18093,484779,0,0,9791,385405,22698,281418,18080,666823,California
San Diego,2021-02-26,32691,927018,12137,421685,20554,505333,0,0,11666,383088,20991,302409,18674,685497,California
San Diego,2021-02-27,20731,947749,9370,431055,11361,516694,0,0,11097,388729,9628,312037,15269,700766,California
San Diego,2021-02-28,14920,962669,9754,440809,5166,521860,0,0,9252,395040,5666,317703,11977,712743,California
San Diego,2021-03-01,23954,986623,14132,454941,9821,531681,1,1,14511,403984,9363,327066,18307,731050,California
San Diego,2021-03-02,25807,1012430,13894,468835,11913,543594,0,1,12555,409908,13239,340305,19163,750213,California
San Diego,2021-03-03,33529,1045959,15785,484620,17741,561335,3,4,13831,410908,19672,359977,20672,770885,California
San Diego,2021-03-04,27850,1073809,13884,498504,13966,575301,0,4,12390,414502,15439,375416,19033,789918,California
San Diego,2021-03-05,28477,1102286,14667,513171,13730,589031,80,84,13297,419302,15152,390568,19952,809870,California
San Diego,2021-03-06,23037,1125323,9407,522578,12934,601965,696,780,10168,421903,12854,403422,15455,825325,California
San Diego,2021-03-07,17944,1143267,9138,531716,8238,610203,568,1348,6823,421754,11107,414529,10958,836283,California
San Diego,2021-03-08,22716,1165983,11048,542764,10762,620965,906,2254,11271,427268,11422,425951,16936,853219,California
San Diego,2021-03-09,25433,1191416,11708,554472,11972,632937,1753,4007,9956,427374,15460,441411,15566,868785,California
San Diego,2021-03-10,25087,1216503,10508,564980,12191,645128,2388,6395,9924,428520,15147,456558,16293,885078,California
San Diego,2021-03-11,28073,1244576,10792,575772,13761,658889,3520,9915,9772,427431,18276,474834,17187,902265,California
San Diego,2021-03-12,26898,1271474,9413,585185,14377,673266,3108,13023,9816,426900,17069,491903,16538,918803,California
San Diego,2021-03-13,25879,1297353,7195,592380,16925,690191,1759,14782,10008,426891,15866,507769,15857,934660,California
San Diego,2021-03-14,13687,1311040,5411,597791,7542,697733,734,15516,4765,425745,8913,516682,7767,942427,California
San Diego,2021-03-15,21767,1332807,10034,607825,10950,708683,783,16299,8962,425740,12787,529469,12782,955209,California
San Diego,2021-03-16,29549,1362356,15483,623308,13651,722334,415,16714,15609,430807,13916,543385,18983,974192,California
San Diego,2021-03-17,26393,1388749,12138,635446,13538,735872,717,17431,16956,441089,9420,552805,19702,993894,California
San Diego,2021-03-18,31124,1419873,17503,652949,12699,748571,922,18353,16943,446300,14146,566951,19357,1013251,California
San Diego,2021-03-19,30095,1449968,14265,667214,14777,763348,1053,19406,19282,457027,10792,577743,21519,1034770,California
San Diego,2021-03-20,27670,1477638,8415,675629,17481,780829,1774,21180,21327,474879,6330,584073,24182,1058952,California
San Diego,2021-03-21,16270,1493908,11864,687493,3711,784540,695,21875,7648,475928,8608,592681,9657,1068609,California
San Diego,2021-03-22,22396,1516304,13054,700547,9056,793596,286,22161,14268,485116,8115,600796,17303,1085912,California
San Diego,2021-03-23,25710,1542014,13482,714029,11942,805538,286,22447,17022,495773,8674,609470,19331,1105243,California
San Diego,2021-03-24,29285,1571299,19574,733603,9323,814861,388,22835,16984,502879,12288,621758,19394,1124637,California
San Diego,2021-03-25,30136,1601435,18141,751744,11313,826174,682,23517,17893,511329,12222,633980,20672,1145309,California
San Diego,2021-03-26,31832,1633267,17802,769546,13515,839689,515,24032,17377,517591,14430,648410,20692,1166001,California
San Diego,2021-03-27,25363,1658630,11047,780593,13936,853625,380,24412,15612,526096,9732,658142,18237,1184238,California
San Diego,2021-03-28,15249,1673879,9385,789978,5806,859431,58,24470,9303,531170,5939,664081,11013,1195251,California
San Diego,2021-03-29,26580,1700459,12842,802820,13107,872538,631,25101,16358,540383,10211,674292,19424,1214675,California
San Diego,2021-03-30,33060,1733519,17801,820621,14467,887005,792,25893,21886,553725,11159,685451,24501,1239176,California
San Diego,2021-03-31,30301,1763820,18704,839325,10889,897894,708,26601,20554,566364,9728,695179,22367,1261543,California
San Diego,2021-04-01,34125,1797945,19918,859243,12726,910620,1481,28082,23118,581294,10983,706162,25913,1287456,California
San Diego,2021-04-02,35602,1833547,20597,879840,12227,922847,2778,30860,23999,597917,11584,717746,28207,1315663,California
San Diego,2021-04-03,30729,1864276,14409,894249,11705,934552,4615,35475,19585,612184,11129,728875,25396,1341059,California
San Diego,2021-04-04,8990,1873266,5161,899410,2910,937462,919,36394,4777,613849,4207,733082,5872,1346931,California
San Diego,2021-04-05,29631,1902897,15336,914746,11597,949059,2698,39092,19223,627844,10391,743473,24386,1371317,California
San Diego,2021-04-06,38541,1941438,20288,935034,12351,961410,5902,44994,22162,641653,16359,759832,30168,1401485,California
San Diego,2021-04-07,35965,1977403,21862,956896,9553,970963,4550,49544,20236,651943,15704,775536,25994,1427479,California
San Diego,2021-04-08,34999,2012402,21258,978154,9610,980573,4131,53675,21138,665930,13840,789376,27827,1455306,California
San Diego,2021-04-09,38161,2050563,22755,1000909,10218,990791,5188,58863,20595,677499,17502,806878,29071,1484377,California
San Diego,2021-04-10,28974,2079537,11714,1012623,13261,1004052,3999,62862,14924,685392,14039,820917,21932,1506309,California
San Diego,2021-04-11,16138,2095675,9984,1022607,3859,1007911,2295,65157,7131,688815,9003,829920,12426,1518735,California
San Diego,2021-04-12,30630,2126305,12849,1035456,13504,1021415,4277,69434,17000,700134,13615,843535,24934,1543669,California
San Diego,2021-04-13,36905,2163210,17684,1053140,19186,1040601,35,69469,24470,715052,12413,855948,27331,1571000,California
San Diego,2021-04-14,32856,2196066,18829,1071969,14014,1054615,13,69482,17675,721906,15166,871114,22020,1593020,California
San Diego,2021-04-15,39277,2235343,20347,1092316,18921,1073536,9,69491,23756,733038,15496,886610,26628,1619648,California
San Diego,2021-04-16,33579,2268922,18461,1110777,15115,1088651,3,69494,19395,740686,14125,900735,21773,1641421,California
San Diego,2021-04-17,27865,2296787,13534,1124311,14331,1102982,0,69494,12287,740551,15482,916217,15347,1656768,California
San Diego,2021-04-18,14633,2311420,9089,1133400,5541,1108523,3,69497,6761,742428,7859,924076,9736,1666504,California
San Diego,2021-04-19,26565,2337985,13576,1146976,12987,1121510,2,69499,12446,742503,14099,938175,14174,1680678,California
San Diego,2021-04-20,39620,2377605,18398,1165374,21220,1142730,2,69501,20193,746249,19404,957579,23150,1703828,California
San Diego,2021-04-21,36403,2414008,22008,1187382,14395,1157125,0,69501,17523,748234,18839,976418,20824,1724652,California
San Diego,2021-04-22,44930,2458938,23304,1210686,21622,1178747,4,69505,22448,751287,22439,998857,25492,1750144,California
San Diego,2021-04-23,42719,2501657,26520,1237206,16197,1194944,2,69507,15979,743749,26703,1025560,19165,1769309,California
San Diego,2021-04-24,34911,2536568,18899,1256105,15997,1210941,15,69522,15565,743197,19306,1044866,18754,1788063,California
San Diego,2021-04-25,12633,2549201,7668,1263773,4964,1215905,1,69523,5856,743682,6765,1051631,7250,1795313,California
San Diego,2021-04-26,33494,2582695,16798,1280571,16557,1232462,139,69662,11773,738305,21698,1073329,16321,1811634,California
San Diego,2021-04-27,44806,2627501,24676,1305247,19577,1252039,553,70215,19752,736667,25010,1098339,23372,1835006,California
San Diego,2021-04-28,38472,2665973,22820,1328067,14976,1267015,676,70891,17424,736012,21005,1119344,20350,1855356,California
San Diego,2021-04-29,38324,2704297,24465,1352532,13202,1280217,657,71548,15577,731246,22711,1142055,17945,1873301,California
San Diego,2021-04-30,38264,2742561,23241,1375773,13942,1294159,1081,72629,15037,726028,23187,1165242,17969,1891270,California
San Diego,2021-05-01,24216,2766777,10675,1386448,12903,1307062,638,73267,9502,723621,14704,1179946,12297,1903567,California
San Diego,2021-05-02,10611,2777388,7433,1393881,2596,1309658,582,73849,3227,720383,7380,1187326,4142,1907709,California
San Diego,2021-05-03,25200,2802588,12391,1406272,11658,1321316,1151,75000,9253,715681,15924,1203250,11222,1918931,California
San Diego,2021-05-04,32041,2834629,17828,1424100,12935,1334251,1278,76278,11560,709163,20454,1223704,13936,1932867,California
San Diego,2021-05-05,27999,2862628,17241,1441341,9477,1343728,1281,77559,10590,704672,17386,1241090,12895,1945762,California
San Diego,2021-05-06,28534,2891162,18965,1460306,8658,1352386,911,78470,10766,701060,17738,1258828,14126,1959888,California
San Diego,2021-05-07,29729,2920891,19470,1479776,9219,1361605,1040,79510,11022,695666,18673,1277501,13279,1973167,California
San Diego,2021-05-08,23102,2943993,11104,1490880,11255,1372860,743,80253,7253,689277,15823,1293324,9434,1982601,California
San Diego,2021-05-09,7524,2951517,5666,1496546,1452,1374312,406,80659,2575,687736,4943,1298267,3402,1986003,California
San Diego,2021-05-10,21757,2973274,8657,1505203,12281,1386593,819,81478,5870,679848,15857,1314124,7969,1993972,California
San Diego,2021-05-11,28799,3002073,12230,1517433,15752,1402345,817,82295,10101,673819,18669,1332793,12640,2006612,California
San Diego,2021-05-12,23109,3025182,12643,1530076,9591,1411936,875,83170,8321,669387,14758,1347551,10326,2016938,California
San Diego,2021-05-13,31440,3056622,19073,1549149,11729,1423665,638,83808,13032,667300,18350,1365901,16263,2033201,California
San Diego,2021-05-14,30876,3087498,19815,1568964,10224,1433889,837,84645,13990,667375,16842,1382743,16917,2050118,California
San Diego,2021-05-15,26171,3113669,16474,1585438,8875,1442764,822,85467,10821,664694,15293,1398036,12612,2062730,California
San Diego,2021-05-16,13701,3127370,10227,1595665,2912,1445676,562,86029,6740,665441,6949,1404985,7696,2070426,California
San Diego,2021-05-17,21384,3148754,12968,1608633,7672,1453348,744,86773,8839,663391,12506,1417491,10456,2080882,California
San Diego,2021-05-18,34228,3182982,19398,1628031,13967,1467315,863,87636,13265,658028,20931,1438422,15568,2096450,California
San Diego,2021-05-19,28399,3211381,17817,1645848,9802,1477117,780,88416,11960,655496,16408,1454830,13876,2110326,California
San Diego,2021-05-20,34801,3246182,19249,1665097,14732,1491849,820,89236,11664,646426,23107,1477937,14037,2124363,California
San Diego,2021-05-21,27012,3273194,17162,1682259,8862,1500711,988,90224,10844,643367,16136,1494073,13077,2137440,California
San Diego,2021-05-22,21531,3294725,12416,1694675,7865,1508576,1250,91474,8990,642217,12518,1506591,11368,2148808,California
San Diego,2021-05-23,7350,3302075,5248,1699923,1794,1510370,308,91782,3481,642543,3846,1510437,4172,2152980,California
San Diego,2021-05-24,17863,3319938,9138,1709061,6814,1517184,1911,93693,6416,640303,11427,1521864,9187,2162167,California
San Diego,2021-05-25,24324,3344262,13098,1722159,9358,1526542,1868,95561,8458,635957,15837,1537701,11491,2173658,California
San Diego,2021-05-26,19130,3363392,10599,1732758,6520,1533062,2011,97572,6582,632901,12517,1550218,9461,2183119,California
San Diego,2021-05-27,20624,3384016,11953,1744711,6281,1539343,2390,99962,6933,629657,13671,1563889,10427,2193546,California
San Diego,2021-05-28,21259,3405275,13192,1757903,7358,1546701,709,100671,8362,626990,12879,1576768,10212,2203758,California
San Diego,2021-05-29,11990,3417265,7576,1765479,3923,1550624,491,101162,5155,626335,6822,1583590,6167,2209925,California
San Diego,2021-05-30,4672,3421937,3192,1768671,1102,1551726,378,101540,2002,626282,2664,1586254,2611,2212536,California
San Diego,2021-05-31,2585,3424522,1743,1770414,671,1552397,171,101711,848,625697,1730,1587984,1145,2213681,California
San Diego,2021-06-01,21269,3445791,11333,1781747,8307,1560704,1629,103340,5759,618541,15484,1603468,8328,2222009,California
San Diego,2021-06-02,17068,3462859,8812,1790559,6184,1566888,2072,105412,5472,615242,11570,1615038,8271,2230280,California
San Diego,2021-06-03,19201,3482060,12004,1802563,5396,1572284,1801,107213,5166,609239,14014,1629052,8011,2238291,California
San Diego,2021-06-04,19822,3501882,13847,1816410,5358,1577642,617,107830,5723,603410,14069,1643121,8240,2246531,California
San Diego,2021-06-05,15814,3517696,12036,1828446,2996,1580638,782,108612,4479,598337,11319,1654440,6246,2252777,California
San Diego,2021-06-06,5605,3523301,4530,1832976,764,1581402,311,108923,1594,597053,4000,1658440,2716,2255493,California
San Diego,2021-06-07,12793,3536094,8043,1841019,3401,1584803,1349,110272,3544,593463,9230,1667670,5640,2261133,California
San Diego,2021-06-08,20481,3556575,14475,1855494,4119,1588922,1887,112159,4999,585937,15468,1683138,7942,2269075,California
San Diego,2021-06-09,17031,3573606,11345,1866839,3736,1592658,1950,114109,4362,580553,12655,1695793,7271,2276346,California
San Diego,2021-06-10,17878,3591484,11868,1878707,3932,1596590,2078,116187,4371,574605,13481,1709274,7533,2283879,California
San Diego,2021-06-11,15805,3607289,10072,1888779,4382,1600972,1351,117538,4312,569738,11463,1720737,6596,2290475,California
San Diego,2021-06-12,11006,3618295,8439,1897218,2145,1603117,422,117960,3162,566141,7825,1728562,4228,2294703,California
San Diego,2021-06-13,4155,3622450,3107,1900325,843,1603960,205,118165,1008,564610,3141,1731703,1610,2296313,California
San Diego,2021-06-14,12623,3635073,7578,1907903,2854,1606814,2191,120356,3556,561962,9053,1740756,6405,2302718,California
San Diego,2021-06-15,17900,3652973,10258,1918161,4205,1611019,3437,123793,4705,557848,13185,1753941,9071,2311789,California
San Diego,2021-06-16,13951,3666924,8867,1927028,2770,1613789,2314,126107,4450,555916,9487,1763428,7555,2319344,California
San Diego,2021-06-17,14743,3681667,8480,1935508,3426,1617215,2837,128944,4168,553016,10563,1773991,7663,2327007,California
San Diego,2021-06-18,14149,3695816,8749,1944257,3572,1620787,1828,130772,4424,550356,9713,1783704,7053,2334060,California
San Diego,2021-06-19,7540,3703356,5568,1949825,1512,1622299,460,131232,2754,549336,4765,1788469,3745,2337805,California
San Diego,2021-06-20,3106,3706462,2258,1952083,649,1622948,199,131431,1149,548953,1952,1790421,1569,2339374,California
San Diego,2021-06-21,9125,3715587,5151,1957234,2430,1625378,1544,132975,3896,549715,5222,1795643,5984,2345358,California
San Diego,2021-06-22,11291,3726878,7563,1964797,2586,1627964,1142,134117,4446,549158,6838,1802481,6281,2351639,California
San Diego,2021-06-23,10826,3737704,7044,1971841,2336,1630300,1446,135563,4426,549293,6391,1808872,6526,2358165,California
San Diego,2021-06-24,10055,3747759,6538,1978379,2752,1633052,765,136328,4050,548742,5996,1814868,5445,2363610,California
San Diego,2021-06-25,10618,3758377,7387,1985766,2628,1635680,603,136931,4114,547600,6495,1821363,5353,2368963,California
San Diego,2021-06-26,6683,3765060,5241,1991007,1133,1636813,309,137240,2677,547171,3996,1825359,3567,2372530,California
San Diego,2021-06-27,3014,3768074,2307,1993314,500,1637313,207,137447,1332,547275,1679,1827038,1783,2374313,California
San Diego,2021-06-28,7205,3775279,5305,1998619,1385,1638698,515,137962,3370,547817,3830,1830868,4372,2378685,California
San Diego,2021-06-29,8761,3784040,6096,2004715,1993,1640691,672,138634,3643,547623,5104,1835972,4910,2383595,California
San Diego,2021-06-30,8189,3792229,6044,2010759,1633,1642324,512,139146,3553,547633,4624,1840596,4634,2388229,California
San Diego,2021-07-01,7272,3799501,5013,2015772,1863,1644187,396,139542,3139,547589,4122,1844718,4078,2392307,California
San Diego,2021-07-02,7397,3806898,5063,2020835,1922,1646109,412,139954,3139,547426,4238,1848956,4075,2396382,California
San Diego,2021-07-03,4160,3811058,3133,2023968,860,1646969,167,140121,1892,547541,2263,1851219,2378,2398760,California
San Diego,2021-07-04,419,3811477,279,2024247,57,1647026,83,140204,155,547571,264,1851483,294,2399054,California
San Diego,2021-07-05,1302,3812779,807,2025054,292,1647318,203,140407,616,547829,686,1852169,944,2399998,California
San Francisco,2020-12-15,6,6,6,6,0,0,0,0,6,6,0,0,6,6,California
San Francisco,2020-12-16,233,239,233,239,0,0,0,0,233,239,0,0,233,239,California
San Francisco,2020-12-17,416,655,416,655,0,0,0,0,416,655,0,0,416,655,California
San Francisco,2020-12-18,908,1563,907,1562,1,1,0,0,908,1563,0,0,908,1563,California
San Francisco,2020-12-19,610,2173,610,2172,0,1,0,0,610,2173,0,0,610,2173,California
San Francisco,2020-12-20,480,2653,480,2652,0,1,0,0,480,2653,0,0,480,2653,California
San Francisco,2020-12-21,1164,3817,1164,3816,0,1,0,0,1164,3817,0,0,1164,3817,California
San Francisco,2020-12-22,1395,5212,1361,5177,34,35,0,0,1395,5212,0,0,1395,5212,California
San Francisco,2020-12-23,1355,6567,1056,6233,299,334,0,0,1355,6567,0,0,1355,6567,California
San Francisco,2020-12-24,844,7411,504,6737,340,674,0,0,844,7411,0,0,844,7411,California
San Francisco,2020-12-25,37,7448,31,6768,6,680,0,0,37,7448,0,0,37,7448,California
San Francisco,2020-12-26,250,7698,154,6922,96,776,0,0,250,7698,0,0,250,7698,California
San Francisco,2020-12-27,274,7972,60,6982,214,990,0,0,274,7972,0,0,274,7972,California
San Francisco,2020-12-28,1278,9250,692,7674,586,1576,0,0,1278,9250,0,0,1278,9250,California
San Francisco,2020-12-29,1263,10513,632,8306,631,2207,0,0,1263,10513,0,0,1263,10513,California
San Francisco,2020-12-30,1488,12001,782,9088,706,2913,0,0,1488,12001,0,0,1488,12001,California
San Francisco,2020-12-31,982,12983,415,9503,567,3480,0,0,981,12982,0,0,981,12982,California
San Francisco,2021-01-01,107,13090,79,9582,28,3508,0,0,107,13089,0,0,107,13089,California
San Francisco,2021-01-02,337,13427,301,9883,36,3544,0,0,337,13426,0,0,337,13426,California
San Francisco,2021-01-03,299,13726,105,9988,194,3738,0,0,298,13723,1,1,298,13724,California
San Francisco,2021-01-04,1846,15572,1358,11346,488,4226,0,0,1843,15563,3,4,1843,15567,California
San Francisco,2021-01-05,2239,17811,1422,12768,817,5043,0,0,2200,17726,39,43,2202,17769,California
San Francisco,2021-01-06,1877,19688,1163,13931,714,5757,0,0,1607,19066,268,311,1608,19377,California
San Francisco,2021-01-07,2077,21765,1212,15143,865,6622,0,0,1601,20194,473,784,1601,20978,California
San Francisco,2021-01-08,2336,24101,1645,16788,691,7313,0,0,1472,20807,859,1643,1472,22450,California
San Francisco,2021-01-09,1400,25501,902,17690,498,7811,0,0,889,21187,511,2154,891,23341,California
San Francisco,2021-01-10,920,26421,541,18231,379,8190,0,0,461,21190,458,2612,461,23802,California
San Francisco,2021-01-11,2513,28934,1869,20100,644,8834,0,0,1408,21493,1106,3718,1409,25211,California
San Francisco,2021-01-12,3096,32030,2061,22161,1035,9869,0,0,1902,22204,1193,4911,1904,27115,California
San Francisco,2021-01-13,2852,34882,1620,23781,1232,11101,0,0,2011,23374,841,5752,2011,29126,California
San Francisco,2021-01-14,2463,37345,1111,24892,1352,12453,0,0,1896,24703,567,6319,1896,31022,California
San Francisco,2021-01-15,2775,40120,1163,26055,1612,14065,0,0,2372,26676,401,6720,2374,33396,California
San Francisco,2021-01-16,2240,42360,937,26992,1303,15368,0,0,2071,28580,169,6889,2073,35469,California
San Francisco,2021-01-17,1942,44302,536,27528,1406,16774,0,0,1722,30083,219,7108,1722,37191,California
San Francisco,2021-01-18,1390,45692,603,28131,787,17561,0,0,1120,30935,269,7377,1121,38312,California
San Francisco,2021-01-19,2602,48294,1483,29614,1119,18680,0,0,1846,32025,756,8133,1846,40158,California
San Francisco,2021-01-20,2841,51135,1191,30805,1650,20330,0,0,2078,33344,760,8893,2079,42237,California
San Francisco,2021-01-21,3443,54578,1038,31843,2405,22735,0,0,2564,35030,878,9771,2564,44801,California
San Francisco,2021-01-22,3252,57830,678,32521,2574,25309,0,0,2803,37386,447,10218,2803,47604,California
San Francisco,2021-01-23,3117,60947,609,33130,2508,27817,0,0,2747,39765,369,10587,2748,50352,California
San Francisco,2021-01-24,2433,63380,363,33493,2070,29887,0,0,2199,41734,230,10817,2199,52551,California
San Francisco,2021-01-25,4645,68025,1836,35329,2809,32696,0,0,3054,43201,1588,12405,3055,55606,California
San Francisco,2021-01-26,4754,72779,2181,37510,2573,35269,0,0,3103,44658,1648,14053,3105,58711,California
San Francisco,2021-01-27,4383,77162,1979,39489,2404,37673,0,0,3073,46423,1308,15361,3073,61784,California
San Francisco,2021-01-28,3802,80964,1578,41067,2224,39897,0,0,2626,47881,1169,16530,2627,64411,California
San Francisco,2021-01-29,4840,85804,1763,42830,3077,42974,0,0,3510,50098,1293,17823,3510,67921,California
San Francisco,2021-01-30,3818,89622,1850,44680,1968,44942,0,0,3355,52995,462,18285,3359,71280,California
San Francisco,2021-01-31,2357,91979,819,45499,1538,46480,0,0,2206,55052,150,18435,2207,73487,California
San Francisco,2021-02-01,4005,95984,1712,47211,2293,48773,0,0,2924,56897,1080,19515,2925,76412,California
San Francisco,2021-02-02,4567,100551,1821,49032,2746,51519,0,0,2954,58244,1607,21122,2954,79366,California
San Francisco,2021-02-03,5123,105674,2407,51439,2716,54235,0,0,3797,60718,1324,22446,3798,83164,California
San Francisco,2021-02-04,5072,110746,2443,53882,2629,56864,0,0,3887,63423,1182,23628,3887,87051,California
San Francisco,2021-02-05,6029,116775,3249,57131,2780,59644,0,0,4667,66731,1360,24988,4668,91719,California
San Francisco,2021-02-06,5493,122268,3666,60797,1827,61471,0,0,4616,70504,846,25834,4619,96338,California
San Francisco,2021-02-07,4370,126638,3214,64011,1156,62627,0,0,3786,73714,580,26414,3790,100128,California
San Francisco,2021-02-08,6774,133412,4657,68668,2117,64744,0,0,5538,78035,1220,27634,5541,105669,California
San Francisco,2021-02-09,5975,139387,4018,72686,1957,66701,0,0,4414,80881,1570,29204,4416,110085,California
San Francisco,2021-02-10,6947,146334,4205,76891,2742,69443,0,0,5068,84079,1874,31078,5072,115157,California
San Francisco,2021-02-11,6769,153103,4014,80905,2755,72198,0,0,4897,87112,1867,32945,4900,120057,California
San Francisco,2021-02-12,5372,158475,2697,83602,2675,74873,0,0,3485,88709,1888,34833,3485,123542,California
San Francisco,2021-02-13,4424,162899,2593,86195,1831,76704,0,0,3068,90424,1356,36189,3071,126613,California
San Francisco,2021-02-14,3452,166351,2265,88460,1187,77891,0,0,2311,91597,1140,37329,2313,128926,California
San Francisco,2021-02-15,2803,169154,1517,89977,1286,79177,0,0,1680,92157,1120,38449,1680,130606,California
San Francisco,2021-02-16,5164,174318,2840,92817,2324,81501,0,0,3014,93035,2143,40592,3021,133627,California
San Francisco,2021-02-17,5391,179709,2648,95465,2743,84244,0,0,2966,93591,2413,43005,2969,136596,California
San Francisco,2021-02-18,5443,185152,2662,98127,2781,87025,0,0,2820,93797,2620,45625,2826,139422,California
San Francisco,2021-02-19,5730,190882,2694,100821,3036,90061,0,0,2973,94024,2747,48372,2974,142396,California
San Francisco,2021-02-20,4657,195539,2252,103073,2405,92466,0,0,1739,92856,2908,51280,1740,144136,California
San Francisco,2021-02-21,2981,198520,1571,104644,1410,93876,0,0,1321,92529,1649,52929,1322,145458,California
San Francisco,2021-02-22,5499,204019,3408,108052,2091,95967,0,0,2739,92522,2749,55678,2742,148200,California
San Francisco,2021-02-23,5870,209889,3336,111388,2534,98501,0,0,2993,92646,2869,58547,2993,151193,California
San Francisco,2021-02-24,9390,219279,5332,116720,4058,102559,0,0,5008,93288,4368,62915,5010,156203,California
San Francisco,2021-02-25,10195,229474,7110,123830,3085,105644,0,0,6535,96170,3655,66570,6537,162740,California
San Francisco,2021-02-26,12410,241884,8064,131894,4346,109990,0,0,7332,98427,5076,71646,7333,170073,California
San Francisco,2021-02-27,9429,251313,6070,137964,3358,113348,1,1,4698,98412,4715,76361,4700,174773,California
San Francisco,2021-02-28,7923,259236,5664,143628,2259,115607,0,1,3872,98241,4044,80405,3873,178646,California
San Francisco,2021-03-01,11418,270654,7703,151331,3710,119317,5,6,5570,97998,5820,86225,5577,184223,California
San Francisco,2021-03-02,10055,280709,6769,158100,3286,122603,0,6,5684,99323,4360,90585,5685,189908,California
San Francisco,2021-03-03,11430,292139,6679,164779,4750,127353,1,7,6283,100477,5133,95718,6287,196195,California
San Francisco,2021-03-04,8821,300960,5535,170314,3286,130639,0,7,4971,101611,3839,99557,4973,201168,California
San Francisco,2021-03-05,9263,310223,5666,175980,3593,134232,4,11,5801,103969,3448,103005,5806,206974,California
San Francisco,2021-03-06,7236,317459,4697,180677,2329,136561,210,221,4541,106007,2706,105711,4744,211718,California
San Francisco,2021-03-07,5418,322877,4226,184903,1132,137693,60,281,3120,106877,2309,108020,3179,214897,California
San Francisco,2021-03-08,7561,330438,5491,190394,1881,139574,189,470,5968,111408,1624,109644,6155,221052,California
San Francisco,2021-03-09,8358,338796,5535,195929,2445,142019,378,848,6095,115607,2268,111912,6467,227519,California
San Francisco,2021-03-10,11287,350083,6620,202549,4163,146182,504,1352,7043,118930,4221,116133,7544,235063,California
San Francisco,2021-03-11,10134,360217,6393,208942,2768,148950,973,2325,6637,123046,3477,119610,7593,242656,California
San Francisco,2021-03-12,10898,371115,6358,215300,3189,152139,1351,3676,6061,125635,4813,124423,7402,250058,California
San Francisco,2021-03-13,6775,377890,3949,219249,1744,153883,1082,4758,4209,128366,2556,126979,5287,255345,California
San Francisco,2021-03-14,7586,385476,4929,224178,2408,156291,249,5007,3960,128964,3607,130586,4205,259550,California
San Francisco,2021-03-15,12139,397615,9283,233461,1910,158201,946,5953,8353,134479,3769,134355,9284,268834,California
San Francisco,2021-03-16,12271,409886,8344,241805,3449,161650,478,6431,8761,140232,3487,137842,9240,278074,California
San Francisco,2021-03-17,13636,423522,8456,250261,4546,166196,634,7065,9698,146653,3906,141748,10327,288401,California
San Francisco,2021-03-18,10296,433818,7048,257309,2619,168815,629,7694,5853,148707,4418,146166,6472,294873,California
San Francisco,2021-03-19,12599,446417,9239,266548,2887,171702,473,8167,6570,149738,6002,152168,7033,301906,California
San Francisco,2021-03-20,8956,455373,6585,273133,1903,173605,468,8635,5201,151686,3722,155890,5670,307576,California
San Francisco,2021-03-21,6699,462072,6140,279273,420,174025,139,8774,3765,152670,2917,158807,3901,311477,California
San Francisco,2021-03-22,10006,472078,6971,286244,2194,176219,841,9615,5149,153817,4832,163639,5979,317456,California
San Francisco,2021-03-23,11402,483480,7591,293835,3158,179377,653,10268,6313,155717,5057,168696,6957,324413,California
San Francisco,2021-03-24,12423,495903,9517,303352,2368,181745,538,10806,6117,156102,6261,174957,6646,331059,California
San Francisco,2021-03-25,12010,507913,8767,312119,2676,184421,567,11373,5814,156357,6122,181079,6377,337436,California
San Francisco,2021-03-26,12060,519973,8355,320474,3471,187892,234,11607,5835,156231,6190,187269,6064,343500,California
San Francisco,2021-03-27,8900,528873,5914,326388,2634,190526,352,11959,3819,155342,5058,192327,4169,347669,California
San Francisco,2021-03-28,6672,535545,5325,331713,1305,191831,42,12001,2965,154665,3682,196009,3005,350674,California
San Francisco,2021-03-29,11660,547205,8020,339733,3454,195285,186,12187,4806,152834,6821,202830,4990,355664,California
San Francisco,2021-03-30,11693,558898,7318,347051,4084,199369,291,12478,5506,152469,6160,208990,5795,361459,California
San Francisco,2021-03-31,12329,571227,8197,355248,3834,203203,298,12776,4913,150292,7381,216371,5204,366663,California
San Francisco,2021-04-01,14029,585256,7436,362684,4885,208088,1708,14484,6039,150057,7947,224318,7712,374375,California
San Francisco,2021-04-02,14898,600154,6575,369259,6425,214513,1898,16382,6950,150956,7924,232242,8823,383198,California
San Francisco,2021-04-03,10618,610772,4929,374188,3860,218373,1829,18211,4815,151794,5784,238026,6622,389820,California
San Francisco,2021-04-04,9055,619827,4804,378992,2594,220967,1657,19868,3587,151575,5449,243475,5230,395050,California
San Francisco,2021-04-05,16139,635966,9853,388845,4391,225358,1895,21763,6304,149949,9804,253279,8178,403228,California
San Francisco,2021-04-06,16170,652136,9550,398395,4547,229905,2073,23836,6287,148437,9854,263133,8342,411570,California
San Francisco,2021-04-07,16903,669039,10061,408456,4600,234505,2242,26078,7008,147793,9869,273002,9225,420795,California
San Francisco,2021-04-08,14250,683289,6782,415238,3033,237538,4435,30513,4648,147266,9564,282566,9037,429832,California
San Francisco,2021-04-09,15892,699181,7687,422925,4841,242379,3364,33877,6630,148007,9227,291793,9968,439800,California
San Francisco,2021-04-10,13370,712551,5715,428640,5897,248276,1758,35635,7114,150631,6229,298022,8853,448653,California
San Francisco,2021-04-11,10082,722633,7551,436191,1351,249627,1180,36815,5208,152149,4858,302880,6376,455029,California
San Francisco,2021-04-12,10663,733296,6923,443114,2583,252210,1157,37972,4883,152424,5754,308634,6029,461058,California
San Francisco,2021-04-13,10869,744165,7368,450482,3489,255699,12,37984,5473,152546,5368,314002,5490,466548,California
San Francisco,2021-04-14,13400,757565,8070,458552,5329,261028,1,37985,6360,151911,6998,321000,6363,472911,California
San Francisco,2021-04-15,13881,771446,9612,468164,4268,265296,1,37986,8071,154213,5775,326775,8077,480988,California
San Francisco,2021-04-16,13054,784500,8768,476932,4242,269538,44,38030,7613,156464,5410,332185,7661,488649,California
San Francisco,2021-04-17,10256,794756,7384,484316,2871,272409,1,38031,7236,160704,3001,335186,7241,495890,California
San Francisco,2021-04-18,6957,801713,5385,489701,1570,273979,2,38033,4322,162415,2615,337801,4326,500216,California
San Francisco,2021-04-19,11125,812838,8310,498011,2810,276789,5,38038,7097,165519,4008,341809,7112,507328,California
San Francisco,2021-04-20,13111,825949,7907,505918,5202,281991,2,38040,8927,170296,4153,345962,8930,516258,California
San Francisco,2021-04-21,11945,837894,8753,514671,3187,285178,5,38045,7239,172869,4676,350638,7249,523507,California
San Francisco,2021-04-22,11119,849013,8285,522956,2833,288011,1,38046,6374,174541,4710,355348,6382,529889,California
San Francisco,2021-04-23,10933,859946,6410,529366,4523,292534,0,38046,6481,176611,4420,359768,6490,536379,California
San Francisco,2021-04-24,7971,867917,5476,534842,2495,295029,0,38046,4712,178095,3237,363005,4721,541100,California
San Francisco,2021-04-25,5047,872964,4338,539180,703,295732,6,38052,2947,178966,2087,365092,2958,544058,California
San Francisco,2021-04-26,8546,881510,6093,545273,2441,298173,12,38064,4256,178990,4260,369352,4284,548342,California
San Francisco,2021-04-27,8993,890503,6113,551386,2710,300883,170,38234,4491,179184,4476,373828,4670,553012,California
San Francisco,2021-04-28,9961,900464,6973,558359,2797,303680,191,38425,5225,179905,4702,378530,5423,558435,California
San Francisco,2021-04-29,9808,910272,5833,564192,3780,307460,195,38620,4822,179976,4959,383489,5030,563465,California
San Francisco,2021-04-30,11339,921611,5612,569804,5524,312984,203,38823,4227,177348,7064,390553,4436,567901,California
San Francisco,2021-05-01,6995,928606,3594,573398,3286,316270,115,38938,1698,173901,5261,395814,1814,569715,California
San Francisco,2021-05-02,5342,933948,3096,576494,2147,318417,99,39037,979,170630,4353,400167,1082,570797,California
San Francisco,2021-05-03,9708,943656,6614,583108,2929,321346,165,39202,2441,166008,7236,407403,2614,573411,California
San Francisco,2021-05-04,9848,953504,6437,589545,3160,324506,251,39453,2386,161221,7429,414832,2642,576053,California
San Francisco,2021-05-05,9270,962774,6576,596121,2381,326887,313,39766,2272,156861,6949,421781,2589,578642,California
San Francisco,2021-05-06,10976,973750,8789,604910,1714,328601,473,40239,1908,150210,9034,430815,2383,581025,California
San Francisco,2021-05-07,10323,984073,6669,611579,3381,331982,273,40512,1678,143541,8618,439433,1949,582974,California
San Francisco,2021-05-08,8908,992981,4057,615636,4721,336703,130,40642,1100,136998,7774,447207,1231,584205,California
San Francisco,2021-05-09,6744,999725,5855,621491,806,337509,83,40725,1086,132526,5635,452842,1163,585368,California
San Francisco,2021-05-10,7393,1007118,5324,626815,1814,339323,255,40980,1007,127433,6354,459196,1261,586629,California
San Francisco,2021-05-11,8161,1015279,6032,632847,1910,341233,219,41199,1497,122521,6627,465823,1715,588344,California
San Francisco,2021-05-12,8392,1023671,6155,639002,1780,343013,457,41656,1496,117608,6863,472686,1950,590294,California
San Francisco,2021-05-13,11401,1035072,8391,647393,2784,345797,226,41882,4181,114833,7190,479876,4415,594709,California
San Francisco,2021-05-14,9596,1044668,6827,654220,2598,348395,171,42053,2990,111431,6574,486450,3172,597881,California
San Francisco,2021-05-15,8134,1052802,6443,660663,1635,350030,56,42109,3203,109787,4915,491365,3271,601152,California
San Francisco,2021-05-16,5302,1058104,4459,665122,784,350814,59,42168,2024,108614,3257,494622,2084,603236,California
San Francisco,2021-05-17,7408,1065512,5522,670644,1721,352535,165,42333,2376,106148,5010,499632,2544,605780,California
San Francisco,2021-05-18,8766,1074278,5023,675667,3567,356102,176,42509,1830,101266,6888,506520,2006,607786,California
San Francisco,2021-05-19,7500,1081778,5548,681215,1717,357819,235,42744,2155,98337,5317,511837,2388,610174,California
San Francisco,2021-05-20,6140,1087918,4122,685337,1765,359584,253,42997,1490,95463,4612,516449,1738,611912,California
San Francisco,2021-05-21,7200,1095118,4079,689416,2935,362519,186,43183,1575,91641,5578,522027,1756,613668,California
San Francisco,2021-05-22,4813,1099931,3624,693040,1098,363617,91,43274,2185,91308,2608,524635,2275,615943,California
San Francisco,2021-05-23,1937,1101868,1482,694522,380,363997,75,43349,846,91148,1081,525716,921,616864,California
San Francisco,2021-05-24,4228,1106096,3002,697524,1063,365060,163,43512,1234,89579,2968,528684,1399,618263,California
San Francisco,2021-05-25,3703,1109799,2405,699929,1075,366135,223,43735,1030,88174,2653,531337,1248,619511,California
San Francisco,2021-05-26,3960,1113759,2554,702483,1260,367395,146,43881,1044,86474,2890,534227,1190,620701,California
San Francisco,2021-05-27,3721,1117480,2147,704630,1398,368793,176,44057,1164,85268,2545,536772,1339,622040,California
San Francisco,2021-05-28,3779,1121259,2154,706784,1463,370256,162,44219,1314,84307,2436,539208,1475,623515,California
San Francisco,2021-05-29,2032,1123291,1463,708247,467,370723,102,44321,788,83968,1223,540431,884,624399,California
San Francisco,2021-05-30,971,1124262,693,708940,241,370964,37,44358,396,83830,571,541002,433,624832,California
San Francisco,2021-05-31,259,1124521,211,709151,41,371005,7,44365,86,83752,171,541173,93,624925,California
San Francisco,2021-06-01,3585,1128106,2171,711322,1226,372231,188,44553,1062,82492,2507,543680,1247,626172,California
San Francisco,2021-06-02,2463,1130569,1782,713104,558,372789,123,44676,809,81780,1639,545319,927,627099,California
San Francisco,2021-06-03,3963,1134532,2720,715824,1040,373829,203,44879,911,79855,3034,548353,1109,628208,California
San Francisco,2021-06-04,5728,1140260,4855,720679,737,374566,136,45015,1242,76776,4452,552805,1373,629581,California
San Francisco,2021-06-05,3728,1143988,3152,723831,428,374994,148,45163,873,74950,2843,555648,1017,630598,California
San Francisco,2021-06-06,2336,1146324,2185,726016,113,375107,38,45201,385,73429,1944,557592,423,631021,California
San Francisco,2021-06-07,3652,1149976,3024,729040,493,375600,135,45336,870,71669,2763,560355,1003,632024,California
San Francisco,2021-06-08,2828,1152804,2223,731263,439,376039,166,45502,794,70606,2017,562372,954,632978,California
San Francisco,2021-06-09,2325,1155129,1862,733125,326,376365,137,45639,655,69742,1654,564026,790,633768,California
San Francisco,2021-06-10,2498,1157627,1910,735035,398,376763,190,45829,750,68946,1736,565762,940,634708,California
San Francisco,2021-06-11,3155,1160782,2490,737525,500,377263,165,45994,921,67820,2209,567971,1083,635791,California
San Francisco,2021-06-12,3034,1163816,2634,740159,274,377537,126,46120,717,66358,2303,570274,841,636632,California
San Francisco,2021-06-13,923,1164739,802,740961,74,377611,47,46167,223,65934,693,570967,269,636901,California
San Francisco,2021-06-14,2509,1167248,2027,742988,331,377942,151,46318,825,65235,1673,572640,974,637875,California
San Francisco,2021-06-15,1907,1169155,1473,744461,301,378243,133,46451,668,64807,1229,573869,801,638676,California
San Francisco,2021-06-16,1853,1171008,1399,745860,260,378503,194,46645,633,64425,1202,575071,820,639496,California
San Francisco,2021-06-17,1985,1172993,1529,747389,256,378759,200,46845,649,63948,1321,576392,844,640340,California
San Francisco,2021-06-18,2347,1175340,1734,749123,438,379197,175,47020,750,63286,1583,577975,921,641261,California
San Francisco,2021-06-19,1415,1176755,1181,750304,122,379319,112,47132,434,62861,967,578942,542,641803,California
San Francisco,2021-06-20,625,1177380,534,750838,56,379375,35,47167,254,62785,365,579307,289,642092,California
San Francisco,2021-06-21,1162,1178542,863,751701,188,379563,111,47278,603,62948,549,579856,712,642804,California
San Francisco,2021-06-22,1584,1180126,1243,752944,229,379792,112,47390,549,62583,1020,580876,655,643459,California
San Francisco,2021-06-23,1485,1181611,1172,754116,173,379965,140,47530,589,62421,884,581760,722,644181,California
San Francisco,2021-06-24,1539,1183150,1127,755243,243,380208,169,47699,511,62087,1009,582769,675,644856,California
San Francisco,2021-06-25,1820,1184970,1470,756713,248,380456,102,47801,653,61693,1147,583916,753,645609,California
San Francisco,2021-06-26,1396,1186366,1249,757962,66,380522,81,47882,498,61379,889,584805,575,646184,California
San Francisco,2021-06-27,553,1186919,491,758453,34,380556,28,47910,225,61309,322,585127,252,646436,California
San Francisco,2021-06-28,1484,1188403,1276,759729,115,380671,93,48003,528,60985,944,586071,620,647056,California
San Francisco,2021-06-29,1374,1189777,1054,760783,220,380891,100,48103,494,60704,869,586940,588,647644,California
San Francisco,2021-06-30,1289,1191066,1058,761841,163,381054,68,48171,499,60485,785,587725,566,648210,California
San Francisco,2021-07-01,1178,1192244,932,762773,168,381222,78,48249,476,60344,691,588416,550,648760,California
San Francisco,2021-07-02,1476,1193720,1188,763961,219,381441,69,48318,581,60109,884,589300,649,649409,California
San Francisco,2021-07-03,886,1194606,745,764706,70,381511,71,48389,329,59953,553,589853,397,649806,California
San Francisco,2021-07-04,13,1194619,11,764717,1,381512,1,48390,5,59951,8,589861,6,649812,California
San Francisco,2021-07-05,495,1195114,428,765145,28,381540,39,48429,165,59831,322,590183,202,650014,California
San Joaquin,2020-12-15,14,14,14,14,0,0,0,0,14,14,0,0,14,14,California
San Joaquin,2020-12-16,310,324,310,324,0,0,0,0,310,324,0,0,310,324,California
San Joaquin,2020-12-17,325,649,325,649,0,0,0,0,325,649,0,0,325,649,California
San Joaquin,2020-12-18,542,1191,538,1187,4,4,0,0,542,1191,0,0,542,1191,California
San Joaquin,2020-12-19,192,1383,192,1379,0,4,0,0,192,1383,0,0,192,1383,California
San Joaquin,2020-12-20,117,1500,115,1494,2,6,0,0,117,1500,0,0,117,1500,California
San Joaquin,2020-12-21,496,1996,495,1989,1,7,0,0,496,1996,0,0,496,1996,California
San Joaquin,2020-12-22,980,2976,859,2848,121,128,0,0,979,2975,0,0,979,2975,California
San Joaquin,2020-12-23,980,3956,923,3771,57,185,0,0,978,3953,2,2,980,3955,California
San Joaquin,2020-12-24,218,4174,189,3960,29,214,0,0,217,4170,1,3,218,4173,California
San Joaquin,2020-12-25,16,4190,16,3976,0,214,0,0,16,4186,0,3,16,4189,California
San Joaquin,2020-12-26,103,4293,31,4007,72,286,0,0,103,4289,0,3,103,4292,California
San Joaquin,2020-12-27,45,4338,31,4038,14,300,0,0,45,4334,0,3,45,4337,California
San Joaquin,2020-12-28,626,4964,423,4461,203,503,0,0,626,4960,0,3,626,4963,California
San Joaquin,2020-12-29,800,5764,670,5131,130,633,0,0,800,5760,0,3,800,5763,California
San Joaquin,2020-12-30,1015,6779,721,5852,294,927,0,0,1013,6773,2,5,1015,6778,California
San Joaquin,2020-12-31,456,7235,203,6055,253,1180,0,0,456,7229,1,6,457,7235,California
San Joaquin,2021-01-01,24,7259,13,6068,11,1191,0,0,24,7253,0,6,24,7259,California
San Joaquin,2021-01-02,267,7526,244,6312,23,1214,0,0,267,7520,0,6,267,7526,California
San Joaquin,2021-01-03,37,7563,20,6332,17,1231,0,0,36,7555,1,7,36,7562,California
San Joaquin,2021-01-04,480,8043,341,6673,139,1370,0,0,478,8032,1,8,478,8040,California
San Joaquin,2021-01-05,991,9034,656,7329,335,1705,0,0,814,8708,176,184,852,8892,California
San Joaquin,2021-01-06,1232,10266,718,8047,514,2219,0,0,924,9333,303,487,928,9820,California
San Joaquin,2021-01-07,1092,11358,693,8740,399,2618,0,0,789,9822,300,787,789,10609,California
San Joaquin,2021-01-08,1217,12575,831,9571,386,3004,0,0,716,10045,499,1286,722,11331,California
San Joaquin,2021-01-09,384,12959,302,9873,82,3086,0,0,250,10163,134,1420,252,11583,California
San Joaquin,2021-01-10,226,13185,117,9990,109,3195,0,0,173,10284,52,1472,173,11756,California
San Joaquin,2021-01-11,1538,14723,1328,11318,210,3405,0,0,870,10555,667,2139,938,12694,California
San Joaquin,2021-01-12,1529,16252,1108,12426,421,3826,0,0,739,10580,786,2925,811,13505,California
San Joaquin,2021-01-13,1545,17797,903,13329,642,4468,0,0,964,10972,577,3502,969,14474,California
San Joaquin,2021-01-14,1773,19570,976,14305,797,5265,0,0,1423,12085,329,3831,1442,15916,California
San Joaquin,2021-01-15,1562,21132,553,14858,1009,6274,0,0,1319,13201,228,4059,1344,17260,California
San Joaquin,2021-01-16,1136,22268,181,15039,955,7229,0,0,1104,14274,31,4090,1104,18364,California
San Joaquin,2021-01-17,1631,23899,138,15177,1493,8722,0,0,1587,15819,44,4134,1589,19953,California
San Joaquin,2021-01-18,747,24646,240,15417,507,9229,0,0,625,16326,118,4252,625,20578,California
San Joaquin,2021-01-19,1880,26526,897,16314,983,10212,0,0,1196,16851,679,4931,1204,21782,California
San Joaquin,2021-01-20,2108,28634,1292,17606,816,11028,0,0,1456,17669,645,5576,1463,23245,California
San Joaquin,2021-01-21,1992,30626,901,18507,1091,12119,0,0,1594,18881,391,5967,1603,24848,California
San Joaquin,2021-01-22,1971,32597,900,19407,1071,13190,0,0,1829,20575,137,6104,1831,26679,California
San Joaquin,2021-01-23,906,33503,393,19800,513,13703,0,0,617,20907,287,6391,619,27298,California
San Joaquin,2021-01-24,367,33870,137,19937,230,13933,0,0,344,21231,20,6411,344,27642,California
San Joaquin,2021-01-25,2015,35885,1149,21086,866,14799,0,0,1441,22104,571,6982,1444,29086,California
San Joaquin,2021-01-26,2167,38052,1113,22199,1054,15853,0,0,1545,23043,614,7596,1553,30639,California
San Joaquin,2021-01-27,1755,39807,769,22968,986,16839,0,0,1251,23801,499,8095,1257,31896,California
San Joaquin,2021-01-28,2087,41894,782,23750,1305,18144,0,0,1418,24564,664,8759,1427,33323,California
San Joaquin,2021-01-29,2198,44092,1054,24804,1144,19288,0,0,1843,26069,348,9107,1853,35176,California
San Joaquin,2021-01-30,2185,46277,355,25159,1830,21118,0,0,2002,27891,182,9289,2004,37180,California
San Joaquin,2021-01-31,1557,47834,177,25336,1380,22498,0,0,1487,29312,68,9357,1489,38669,California
San Joaquin,2021-02-01,2517,50351,1288,26624,1229,23727,0,0,1748,30293,769,10126,1750,40419,California
San Joaquin,2021-02-02,2655,53006,1180,27804,1475,25202,0,0,2041,31785,553,10679,2045,42464,California
San Joaquin,2021-02-03,3143,56149,1237,29041,1906,27108,0,0,2265,33189,870,11549,2274,44738,California
San Joaquin,2021-02-04,3607,59756,1833,30874,1774,28882,0,0,2706,35006,895,12444,2712,47450,California
San Joaquin,2021-02-05,3212,62968,1804,32678,1408,30290,0,0,2373,36570,823,13267,2387,49837,California
San Joaquin,2021-02-06,1076,64044,725,33403,351,30641,0,0,927,37352,146,13413,928,50765,California
San Joaquin,2021-02-07,623,64667,493,33896,130,30771,0,0,417,37569,201,13614,418,51183,California
San Joaquin,2021-02-08,1885,66552,1045,34941,840,31611,0,0,1526,38766,335,13949,1532,52715,California
San Joaquin,2021-02-09,2165,68717,1149,36090,1016,32627,0,0,1609,39894,484,14433,1612,54327,California
San Joaquin,2021-02-10,2633,71350,1263,37353,1370,33997,0,0,1399,40083,1211,15644,1400,55727,California
San Joaquin,2021-02-11,2958,74308,1475,38828,1483,35480,0,0,1718,40606,1204,16848,1727,57454,California
San Joaquin,2021-02-12,2867,77175,1137,39965,1730,37210,0,0,1626,41024,1212,18060,1630,59084,California
San Joaquin,2021-02-13,2143,79318,411,40376,1732,38942,0,0,866,40636,1260,19320,872,59956,California
San Joaquin,2021-02-14,1920,81238,265,40641,1655,40597,0,0,700,40150,1187,20507,701,60657,California
San Joaquin,2021-02-15,2011,83249,842,41483,1169,41766,0,0,1205,40585,774,21281,1209,61866,California
San Joaquin,2021-02-16,3219,86468,1405,42888,1814,43580,0,0,1774,40938,1431,22712,1784,63650,California
San Joaquin,2021-02-17,3328,89796,1284,44172,2044,45624,0,0,1901,41433,1411,24123,1906,65556,California
San Joaquin,2021-02-18,3394,93190,1405,45577,1989,47613,0,0,1930,41944,1425,25548,1936,67492,California
San Joaquin,2021-02-19,4314,97504,2443,48020,1871,49484,0,0,2402,42490,1856,27404,2402,69894,California
San Joaquin,2021-02-20,1610,99114,695,48715,915,50399,0,0,1077,43038,529,27933,1077,70971,California
San Joaquin,2021-02-21,702,99816,522,49237,180,50579,0,0,430,43202,268,28201,432,71403,California
San Joaquin,2021-02-22,3647,103463,2577,51814,1070,51649,0,0,2562,44714,1054,29255,2566,73969,California
San Joaquin,2021-02-23,4390,107853,2669,54483,1721,53370,0,0,2674,45715,1679,30934,2680,76649,California
San Joaquin,2021-02-24,5859,113712,3473,57956,2386,55756,0,0,4166,48222,1663,32597,4170,80819,California
San Joaquin,2021-02-25,6452,120164,3979,61935,2473,58229,0,0,4123,50070,2285,34882,4133,84952,California
San Joaquin,2021-02-26,5584,125748,2887,64822,2697,60926,0,0,3793,52116,1753,36635,3799,88751,California
San Joaquin,2021-02-27,5513,131261,1639,66461,3873,64799,1,1,2656,51991,2792,39427,2667,91418,California
San Joaquin,2021-02-28,3123,134384,1129,67590,1994,66793,0,1,2056,53014,1036,40463,2059,93477,California
San Joaquin,2021-03-01,4321,138705,1849,69439,2469,69262,3,4,2343,53414,1956,42419,2356,95833,California
San Joaquin,2021-03-02,4277,142982,1700,71139,2577,71839,0,4,2672,54557,1582,44001,2725,98558,California
San Joaquin,2021-03-03,5878,148860,3482,74621,2394,74233,2,6,4216,57143,1631,45632,4217,102775,California
San Joaquin,2021-03-04,5777,154637,2295,76916,3479,77712,3,9,3760,58908,1999,47631,3764,106539,California
San Joaquin,2021-03-05,4542,159179,1912,78828,2625,80337,5,14,3126,60646,1397,49028,3135,109674,California
San Joaquin,2021-03-06,3342,162521,2198,81026,1014,81351,130,144,2743,62930,592,49620,2876,112550,California
San Joaquin,2021-03-07,1232,163753,572,81598,611,81962,49,193,940,63630,274,49894,974,113524,California
San Joaquin,2021-03-08,3231,166984,1288,82886,1819,83781,124,317,2102,64744,1112,51006,2226,115750,California
San Joaquin,2021-03-09,4212,171196,1874,84760,2209,85990,129,446,2684,66055,1507,52513,2818,118568,California
San Joaquin,2021-03-10,4940,176136,2541,87301,2256,88246,143,589,3455,68185,1468,53981,3598,122166,California
San Joaquin,2021-03-11,5248,181384,2475,89776,2169,90415,604,1193,2956,69469,2277,56258,3561,125727,California
San Joaquin,2021-03-12,6622,188006,3239,93015,3044,93459,339,1532,4165,71552,2426,58684,4509,130236,California
San Joaquin,2021-03-13,3255,191261,1519,94534,1610,95069,126,1658,2326,73096,917,59601,2461,132697,California
San Joaquin,2021-03-14,2180,193441,678,95212,1196,96265,306,1964,1027,73287,1146,60747,1337,134034,California
San Joaquin,2021-03-15,6155,199596,3523,98735,2224,98489,408,2372,3185,73965,2930,63677,3608,137642,California
San Joaquin,2021-03-16,6957,206553,3945,102680,2756,101245,256,2628,4090,75478,2840,66517,4353,141995,California
San Joaquin,2021-03-17,7985,214538,4742,107422,3172,104417,71,2699,4390,76403,3541,70058,4466,146461,California
San Joaquin,2021-03-18,7756,222294,4550,111972,2698,107115,508,3207,3842,76897,3861,73919,4355,150816,California
San Joaquin,2021-03-19,8040,230334,4696,116668,2800,109915,544,3751,4864,79215,3148,77067,5466,156282,California
San Joaquin,2021-03-20,3716,234050,2151,118819,1322,111237,243,3994,1829,79441,1859,78926,2085,158367,California
San Joaquin,2021-03-21,2133,236183,1511,120330,415,111652,207,4201,1154,79913,959,79885,1431,159798,California
San Joaquin,2021-03-22,4124,240307,2098,122428,1610,113262,416,4617,2472,81175,1630,81515,2892,162690,California
San Joaquin,2021-03-23,5515,245822,2699,125127,2648,115910,168,4785,3809,83481,1678,83193,3984,166674,California
San Joaquin,2021-03-24,6981,252803,4296,129423,2594,118504,91,4876,3101,82848,3831,87024,3198,169872,California
San Joaquin,2021-03-25,5723,258526,3373,132796,2304,120808,46,4922,3418,84039,2276,89300,3467,173339,California
San Joaquin,2021-03-26,6326,264852,2611,135407,3561,124369,154,5076,3328,84573,2969,92269,3503,176842,California
San Joaquin,2021-03-27,4697,269549,2641,138048,1981,126350,75,5151,1809,83607,2859,95128,1893,178735,California
San Joaquin,2021-03-28,2757,272306,1833,139881,899,127249,25,5176,1269,83543,1467,96595,1403,180138,California
San Joaquin,2021-03-29,4162,276468,2204,142085,1935,129184,23,5199,2112,83663,2031,98626,2151,182289,California
San Joaquin,2021-03-30,6371,282839,3197,145282,3081,132265,93,5292,3529,84496,2807,101433,3640,185929,California
San Joaquin,2021-03-31,6803,289642,4207,149489,2535,134800,61,5353,3483,84775,3289,104722,3568,189497,California
San Joaquin,2021-04-01,6585,296227,3022,152511,3470,138270,93,5446,2948,84269,3605,108327,3099,192596,California
San Joaquin,2021-04-02,6482,302709,2903,155414,3080,141350,499,5945,2601,83550,3850,112177,3131,195727,California
San Joaquin,2021-04-03,4224,306933,2403,157817,1495,142845,326,6271,2019,83721,2185,114362,2356,198083,California
San Joaquin,2021-04-04,2296,309229,1374,159191,716,143561,206,6477,1547,84757,737,115099,1773,199856,California
San Joaquin,2021-04-05,4872,314101,2867,162058,1765,145326,240,6717,2714,85577,2141,117240,2961,202817,California
San Joaquin,2021-04-06,7209,321310,4576,166634,2353,147679,280,6997,3451,85598,3721,120961,3742,206559,California
San Joaquin,2021-04-07,8483,329793,4594,171228,2297,149976,1592,8589,3580,85901,4876,125837,5179,211738,California
San Joaquin,2021-04-08,8932,338725,4772,176000,1994,151970,2166,10755,3386,85936,5516,131353,5551,217289,California
San Joaquin,2021-04-09,9066,347791,4407,180407,3089,155059,1570,12325,3346,85172,5692,137045,4928,222217,California
San Joaquin,2021-04-10,5264,353055,1666,182073,1688,156747,1910,14235,1789,85408,3460,140505,3696,225913,California
San Joaquin,2021-04-11,4315,357370,1785,183858,1364,158111,1166,15401,1986,86239,2315,142820,3146,229059,California
San Joaquin,2021-04-12,6179,363549,2520,186378,2107,160218,1552,16953,2442,86528,3709,146529,3998,233057,California
San Joaquin,2021-04-13,7676,371225,4415,190793,3252,163470,9,16962,4683,88262,2964,149493,4698,237755,California
San Joaquin,2021-04-14,7749,378974,3931,194724,3816,167286,2,16964,4657,89867,3066,152559,4671,242426,California
San Joaquin,2021-04-15,8045,387019,4774,199498,3271,170557,0,16964,4439,90756,3559,156118,4448,246874,California
San Joaquin,2021-04-16,7922,394941,4296,203794,3623,174180,3,16967,4768,92420,3120,159238,4784,251658,California
San Joaquin,2021-04-17,5213,400154,2834,206628,2377,176557,2,16969,3692,94625,1508,160746,3713,255371,California
San Joaquin,2021-04-18,2603,402757,1498,208126,1105,177662,0,16969,1382,94809,1204,161950,1388,256759,California
San Joaquin,2021-04-19,5332,408089,2839,210965,2492,180154,1,16970,2775,95076,2520,164470,2787,259546,California
San Joaquin,2021-04-20,6499,414588,3486,214451,3012,183166,1,16971,3052,94727,3412,167882,3063,262609,California
San Joaquin,2021-04-21,6056,420644,3448,217899,2608,185774,0,16971,3083,94907,2911,170793,3091,265700,California
San Joaquin,2021-04-22,5570,426214,3315,221214,2253,188027,2,16973,3150,95691,2385,173178,3169,268869,California
San Joaquin,2021-04-23,6216,432430,3033,224247,3182,191209,1,16974,3894,97297,2296,175474,3902,272771,California
San Joaquin,2021-04-24,5286,437716,3641,227888,1643,192852,2,16976,3436,98923,1821,177295,3447,276218,California
San Joaquin,2021-04-25,3084,440800,2598,230486,486,193338,0,16976,2049,99970,1008,178303,2055,278273,California
San Joaquin,2021-04-26,4243,445043,2740,233226,1499,194837,4,16980,2184,100125,2039,180342,2194,280467,California
San Joaquin,2021-04-27,4834,449877,2770,235996,2002,196839,62,17042,2040,99471,2764,183106,2110,282577,California
San Joaquin,2021-04-28,5872,455749,3520,239516,2272,199111,80,17122,2854,99435,2980,186086,2944,285521,California
San Joaquin,2021-04-29,5189,460938,3052,242568,2080,201191,57,17179,2626,99597,2532,188618,2694,288215,California
San Joaquin,2021-04-30,5251,466189,2592,245160,2592,203783,67,17246,2691,99829,2536,191154,2768,290983,California
San Joaquin,2021-05-01,3383,469572,1933,247093,1392,205175,58,17304,2154,100835,1218,192372,2224,293207,California
San Joaquin,2021-05-02,2312,471884,1609,248702,646,205821,57,17361,1170,100925,1138,193510,1228,294435,California
San Joaquin,2021-05-03,3423,475307,2291,250993,1052,206873,80,17441,1415,100437,1991,195501,1503,295938,California
San Joaquin,2021-05-04,5092,480399,3431,254424,1504,208377,157,17598,1857,99251,3211,198712,2025,297963,California
San Joaquin,2021-05-05,5377,485776,3723,258147,1490,209867,164,17762,2395,98870,2947,201659,2566,300529,California
San Joaquin,2021-05-06,4914,490690,3317,261464,1466,211333,131,17893,2139,98393,2758,204417,2281,302810,California
San Joaquin,2021-05-07,5351,496041,3144,264608,2055,213388,152,18045,2040,97310,3285,207702,2202,305012,California
San Joaquin,2021-05-08,3407,499448,2235,266843,1071,214459,101,18146,1286,96601,2105,209807,1396,306408,California
San Joaquin,2021-05-09,1519,500967,868,267711,581,215040,70,18216,575,96311,941,210748,651,307059,California
San Joaquin,2021-05-10,2947,503914,1562,269273,1260,216300,125,18341,946,95403,1984,212732,1076,308135,California
San Joaquin,2021-05-11,4276,508190,2233,271506,1920,218220,123,18464,1297,93893,2961,215693,1451,309586,California
San Joaquin,2021-05-12,4525,512715,2156,273662,2243,220463,126,18590,1398,92323,3105,218798,1535,311121,California
San Joaquin,2021-05-13,4895,517610,2881,276543,1924,222387,90,18680,1876,91300,3003,221801,1980,313101,California
San Joaquin,2021-05-14,5924,523534,3568,280111,2248,224635,108,18788,2439,90398,3455,225256,2553,315654,California
San Joaquin,2021-05-15,5267,528801,3141,283252,2045,226680,81,18869,1654,88555,3582,228838,1739,317393,California
San Joaquin,2021-05-16,3627,532428,2853,286105,725,227405,49,18918,1473,87945,2140,230978,1530,318923,California
San Joaquin,2021-05-17,4180,536608,2506,288611,1577,228982,97,19015,1793,87476,2369,233347,1900,320823,California
San Joaquin,2021-05-18,4010,540618,2320,290931,1575,230557,115,19130,1862,87326,2130,235477,1980,322803,California
San Joaquin,2021-05-19,4795,545413,2795,293726,1865,232422,135,19265,2025,86757,2739,238216,2170,324973,California
San Joaquin,2021-05-20,4016,549429,2406,296132,1505,233927,105,19370,1733,86341,2257,240473,1841,326814,California
San Joaquin,2021-05-21,5099,554528,2998,299130,1979,235906,122,19492,2309,86024,2758,243231,2441,329255,California
San Joaquin,2021-05-22,4069,558597,2553,301683,1421,237327,95,19587,1816,85708,2238,245469,1922,331177,California
San Joaquin,2021-05-23,2542,561139,2087,303770,411,237738,44,19631,1469,86164,1061,246530,1517,332694,California
San Joaquin,2021-05-24,3105,564244,1823,305593,1189,238927,93,19724,1449,86071,1640,248170,1547,334241,California
San Joaquin,2021-05-25,3139,567383,1954,307547,1037,239964,148,19872,1449,86000,1669,249839,1598,335839,California
San Joaquin,2021-05-26,3934,571317,2424,309971,1435,241399,75,19947,1599,85359,2318,252157,1677,337516,California
San Joaquin,2021-05-27,3149,574466,1717,311688,1347,242746,85,20032,1281,84876,1851,254008,1368,338884,California
San Joaquin,2021-05-28,3149,577615,1687,313375,1370,244116,92,20124,1462,84777,1662,255670,1563,340447,California
San Joaquin,2021-05-29,2150,579765,1188,314563,926,245042,36,20160,916,84504,1229,256899,956,341403,California
San Joaquin,2021-05-30,977,580742,523,315086,428,245470,26,20186,399,84360,572,257471,428,341831,California
San Joaquin,2021-05-31,621,581363,260,315346,354,245824,7,20193,235,84221,381,257852,242,342073,California
San Joaquin,2021-06-01,2481,583844,1497,316843,887,246711,97,20290,1181,84215,1290,259142,1284,343357,California
San Joaquin,2021-06-02,2740,586584,1621,318464,1065,247776,54,20344,1137,83822,1587,260729,1194,344551,California
San Joaquin,2021-06-03,2859,589443,1766,320230,1035,248811,58,20402,1059,83161,1782,262511,1121,345672,California
San Joaquin,2021-06-04,3157,592600,1938,322168,1114,249925,105,20507,1062,82262,2067,264578,1168,346840,California
San Joaquin,2021-06-05,2519,595119,1917,324085,536,250461,66,20573,1149,82202,1279,265857,1219,348059,California
San Joaquin,2021-06-06,1098,596217,884,324969,177,250638,37,20610,426,82013,653,266510,464,348523,California
San Joaquin,2021-06-07,2839,599056,2103,327072,695,251333,41,20651,978,81188,1853,268363,1028,349551,California
San Joaquin,2021-06-08,2777,601833,2105,329177,627,251960,45,20696,872,80220,1888,270251,920,350471,California
San Joaquin,2021-06-09,2881,604714,2013,331190,824,252784,44,20740,991,79384,1872,272123,1036,351507,California
San Joaquin,2021-06-10,2675,607389,1945,333135,664,253448,66,20806,1002,78788,1668,273791,1072,352579,California
San Joaquin,2021-06-11,2970,610359,2055,335190,798,254246,117,20923,971,77887,1990,275781,1089,353668,California
San Joaquin,2021-06-12,1861,612220,1401,336591,429,254675,31,20954,628,77341,1226,277007,680,354348,California
San Joaquin,2021-06-13,1076,613296,826,337417,202,254877,48,21002,497,77313,575,277582,547,354895,California
San Joaquin,2021-06-14,2218,615514,1491,338908,655,255532,72,21074,930,77040,1277,278859,1004,355899,California
San Joaquin,2021-06-15,2250,617764,1503,340411,670,256202,77,21151,875,76633,1362,280221,955,356854,California
San Joaquin,2021-06-16,2788,620552,2021,342432,685,256887,82,21233,913,75768,1859,282080,994,357848,California
San Joaquin,2021-06-17,2624,623176,1867,344299,694,257581,63,21296,891,75002,1720,283800,954,358802,California
San Joaquin,2021-06-18,2792,625968,1840,346139,876,258457,76,21372,1171,74641,1609,285409,1248,360050,California
San Joaquin,2021-06-19,1396,627364,869,347008,267,258724,260,21632,500,74513,889,286298,761,360811,California
San Joaquin,2021-06-20,655,628019,517,347525,112,258836,26,21658,290,74469,359,286657,315,361126,California
San Joaquin,2021-06-21,1620,629639,956,348481,555,259391,109,21767,819,74603,794,287451,928,362054,California
San Joaquin,2021-06-22,1899,631538,1253,349734,575,259966,71,21838,816,74416,1072,288523,885,362939,California
San Joaquin,2021-06-23,1979,633517,1304,351038,598,260564,77,21915,778,74089,1182,289705,855,363794,California
San Joaquin,2021-06-24,1973,635490,1344,352382,535,261099,94,22009,873,74016,1039,290744,966,364760,California
San Joaquin,2021-06-25,1722,637212,1100,353482,544,261643,78,22087,763,73906,951,291695,841,365601,California
San Joaquin,2021-06-26,1073,638285,803,354285,219,261862,51,22138,519,73927,550,292245,571,366172,California
San Joaquin,2021-06-27,569,638854,430,354715,99,261961,40,22178,264,73930,301,292546,304,366476,California
San Joaquin,2021-06-28,1449,640303,1021,355736,359,262320,69,22247,661,73903,757,293303,730,367206,California
San Joaquin,2021-06-29,1435,641738,905,356641,459,262779,71,22318,645,73836,782,294085,715,367921,California
San Joaquin,2021-06-30,1493,643231,1019,357660,404,263183,70,22388,634,73690,853,294938,707,368628,California
San Joaquin,2021-07-01,1548,644779,1068,358728,392,263575,88,22476,663,73564,875,295813,749,369377,California
San Joaquin,2021-07-02,1535,646314,1062,359790,422,263997,51,22527,707,73501,822,296635,759,370136,California
San Joaquin,2021-07-03,693,647007,501,360291,165,264162,27,22554,380,73596,312,296947,407,370543,California
San Joaquin,2021-07-04,132,647139,86,360377,33,264195,13,22567,59,73595,73,297020,72,370615,California
San Joaquin,2021-07-05,423,647562,264,360641,144,264339,15,22582,186,73561,235,297255,201,370816,California
San Luis Obispo,2020-12-16,4,4,4,4,0,0,0,0,4,4,0,0,4,4,California
San Luis Obispo,2020-12-17,196,200,196,200,0,0,0,0,196,200,0,0,196,200,California
San Luis Obispo,2020-12-18,224,424,224,424,0,0,0,0,224,424,0,0,224,424,California
San Luis Obispo,2020-12-19,164,588,164,588,0,0,0,0,164,588,0,0,164,588,California
San Luis Obispo,2020-12-20,215,803,215,803,0,0,0,0,215,803,0,0,215,803,California
San Luis Obispo,2020-12-21,550,1353,549,1352,1,1,0,0,550,1353,0,0,550,1353,California
San Luis Obispo,2020-12-22,309,1662,305,1657,4,5,0,0,309,1662,0,0,309,1662,California
San Luis Obispo,2020-12-23,681,2343,367,2024,314,319,0,0,681,2343,0,0,681,2343,California
San Luis Obispo,2020-12-24,194,2537,19,2043,175,494,0,0,194,2537,0,0,194,2537,California
San Luis Obispo,2020-12-25,2,2539,1,2044,1,495,0,0,2,2539,0,0,2,2539,California
San Luis Obispo,2020-12-26,90,2629,13,2057,77,572,0,0,90,2629,0,0,90,2629,California
San Luis Obispo,2020-12-27,76,2705,0,2057,76,648,0,0,76,2705,0,0,76,2705,California
San Luis Obispo,2020-12-28,878,3583,429,2486,449,1097,0,0,878,3583,0,0,878,3583,California
San Luis Obispo,2020-12-29,904,4487,505,2991,399,1496,0,0,904,4487,0,0,904,4487,California
San Luis Obispo,2020-12-30,1172,5659,679,3670,493,1989,0,0,1172,5659,0,0,1172,5659,California
San Luis Obispo,2020-12-31,109,5768,4,3674,105,2094,0,0,109,5768,0,0,109,5768,California
San Luis Obispo,2021-01-01,18,5786,11,3685,7,2101,0,0,18,5786,0,0,18,5786,California
San Luis Obispo,2021-01-02,34,5820,8,3693,26,2127,0,0,34,5820,0,0,34,5820,California
San Luis Obispo,2021-01-03,17,5837,6,3699,11,2138,0,0,17,5837,0,0,17,5837,California
San Luis Obispo,2021-01-04,681,6518,525,4224,156,2294,0,0,681,6518,0,0,681,6518,California
San Luis Obispo,2021-01-05,975,7493,755,4979,220,2514,0,0,972,7487,3,3,972,7490,California
San Luis Obispo,2021-01-06,728,8221,481,5460,247,2761,0,0,720,8200,7,10,720,8210,California
San Luis Obispo,2021-01-07,1122,9343,946,6406,176,2937,0,0,679,8436,443,453,679,8889,California
San Luis Obispo,2021-01-08,884,10227,803,7209,81,3018,0,0,515,8583,368,821,515,9404,California
San Luis Obispo,2021-01-09,205,10432,195,7404,10,3028,0,0,28,8434,177,998,28,9432,California
San Luis Obispo,2021-01-10,12,10444,8,7412,4,3032,0,0,8,8438,4,1002,8,9440,California
San Luis Obispo,2021-01-11,562,11006,511,7923,51,3083,0,0,298,8473,263,1265,298,9738,California
San Luis Obispo,2021-01-12,600,11606,382,8305,218,3301,0,0,319,8511,281,1546,319,10057,California
San Luis Obispo,2021-01-13,888,12494,260,8565,628,3929,0,0,650,8925,236,1782,650,10707,California
San Luis Obispo,2021-01-14,727,13221,239,8804,488,4417,0,0,605,9417,113,1895,605,11312,California
San Luis Obispo,2021-01-15,734,13955,293,9097,441,4858,0,0,555,9798,174,2069,555,11867,California
San Luis Obispo,2021-01-16,102,14057,82,9179,20,4878,0,0,96,9888,6,2075,96,11963,California
San Luis Obispo,2021-01-17,63,14120,56,9235,7,4885,0,0,63,9951,0,2075,63,12026,California
San Luis Obispo,2021-01-18,1372,15492,391,9626,981,5866,0,0,1108,10795,264,2339,1108,13134,California
San Luis Obispo,2021-01-19,1585,17077,418,10044,1167,7033,0,0,1174,11559,411,2750,1175,14309,California
San Luis Obispo,2021-01-20,1894,18971,602,10646,1292,8325,0,0,1301,12270,591,3341,1302,15611,California
San Luis Obispo,2021-01-21,1579,20550,470,11116,1109,9434,0,0,1207,13110,368,3709,1208,16819,California
San Luis Obispo,2021-01-22,1523,22073,508,11624,1015,10449,0,0,1207,14003,314,4023,1207,18026,California
San Luis Obispo,2021-01-23,308,22381,289,11913,19,10468,0,0,292,14279,16,4039,292,18318,California
San Luis Obispo,2021-01-24,441,22822,233,12146,208,10676,0,0,435,14707,7,4046,435,18753,California
San Luis Obispo,2021-01-25,2074,24896,601,12747,1473,12149,0,0,1244,15121,830,4876,1244,19997,California
San Luis Obispo,2021-01-26,2004,26900,705,13452,1299,13448,0,0,1140,15397,864,5740,1140,21137,California
San Luis Obispo,2021-01-27,1607,28507,280,13732,1327,14775,0,0,1148,16086,459,6199,1148,22285,California
San Luis Obispo,2021-01-28,1495,30002,342,14074,1153,15928,0,0,1231,17055,262,6461,1231,23516,California
San Luis Obispo,2021-01-29,1748,31750,690,14764,1058,16986,0,0,1457,18221,291,6752,1457,24973,California
San Luis Obispo,2021-01-30,41,31791,19,14783,22,17008,0,0,29,18239,11,6763,29,25002,California
San Luis Obispo,2021-01-31,235,32026,19,14802,216,17224,0,0,233,18470,2,6765,233,25235,California
San Luis Obispo,2021-02-01,1711,33737,742,15544,969,18193,0,0,1405,19570,305,7070,1405,26640,California
San Luis Obispo,2021-02-02,1904,35641,679,16223,1225,19418,0,0,1526,20719,378,7448,1527,28167,California
San Luis Obispo,2021-02-03,1711,37352,728,16951,983,20401,0,0,1294,21596,417,7865,1294,29461,California
San Luis Obispo,2021-02-04,1664,39016,804,17755,860,21261,0,0,1097,22126,567,8432,1097,30558,California
San Luis Obispo,2021-02-05,1611,40627,717,18472,894,22155,0,0,1065,22645,547,8979,1066,31624,California
San Luis Obispo,2021-02-06,179,40806,108,18580,71,22226,0,0,98,22663,80,9059,98,31722,California
San Luis Obispo,2021-02-07,124,40930,79,18659,45,22271,0,0,72,22684,52,9111,73,31795,California
San Luis Obispo,2021-02-08,866,41796,473,19132,393,22664,0,0,501,22821,364,9475,501,32296,California
San Luis Obispo,2021-02-09,1127,42923,448,19580,679,23343,0,0,545,22797,576,10051,552,32848,California
San Luis Obispo,2021-02-10,1443,44366,493,20073,950,24293,0,0,528,22415,913,10964,531,33379,California
San Luis Obispo,2021-02-11,1336,45702,846,20919,490,24783,0,0,660,22401,674,11638,660,34039,California
San Luis Obispo,2021-02-12,781,46483,361,21280,420,25203,0,0,415,22450,366,12004,415,34454,California
San Luis Obispo,2021-02-13,395,46878,131,21411,264,25467,0,0,287,22630,107,12111,287,34741,California
San Luis Obispo,2021-02-14,323,47201,44,21455,279,25746,0,0,284,22876,39,12150,285,35026,California
San Luis Obispo,2021-02-15,730,47931,138,21593,592,26338,0,0,475,23097,254,12404,475,35501,California
San Luis Obispo,2021-02-16,2991,50922,1198,22791,1793,28131,0,0,1366,22838,1625,14029,1366,36867,California
San Luis Obispo,2021-02-17,2797,53719,1249,24040,1548,29679,0,0,1027,22104,1761,15790,1027,37894,California
San Luis Obispo,2021-02-18,2843,56562,1469,25509,1374,31053,0,0,1136,21543,1698,17488,1137,39031,California
San Luis Obispo,2021-02-19,1476,58038,1353,26862,123,31176,0,0,1142,22353,332,17820,1142,40173,California
San Luis Obispo,2021-02-20,261,58299,88,26950,173,31349,0,0,222,22536,39,17859,222,40395,California
San Luis Obispo,2021-02-21,57,58356,53,27003,4,31353,0,0,32,22543,25,17884,32,40427,California
San Luis Obispo,2021-02-22,2431,60787,1880,28883,551,31904,0,0,1471,23057,958,18842,1472,41899,California
San Luis Obispo,2021-02-23,1866,62653,1750,30633,116,32020,0,0,1366,23926,498,19340,1367,43266,California
San Luis Obispo,2021-02-24,2660,65313,1308,31941,1352,33372,0,0,836,22941,1821,21161,836,44102,California
San Luis Obispo,2021-02-25,2135,67448,1245,33186,890,34262,0,0,1209,23232,919,22080,1210,45312,California
San Luis Obispo,2021-02-26,2652,70100,1150,34336,1502,35764,0,0,1331,23252,1311,23391,1331,46643,California
San Luis Obispo,2021-02-27,585,70685,354,34690,231,35995,0,0,528,23724,56,23447,528,47171,California
San Luis Obispo,2021-02-28,594,71279,67,34757,527,36522,0,0,163,23458,429,23876,163,47334,California
San Luis Obispo,2021-03-01,3011,74290,1879,36636,1130,37652,2,2,2078,24606,933,24809,2081,49415,California
San Luis Obispo,2021-03-02,3064,77354,1921,38557,1143,38795,0,2,1903,25354,1156,25965,1904,51319,California
San Luis Obispo,2021-03-03,2352,79706,346,38903,2006,40801,0,2,857,24723,1489,27454,858,52177,California
San Luis Obispo,2021-03-04,2205,81911,1161,40064,1044,41845,0,2,1185,24893,1017,28471,1187,53364,California
San Luis Obispo,2021-03-05,2304,84215,1021,41085,1213,43058,70,72,1296,25265,994,29465,1366,54730,California
San Luis Obispo,2021-03-06,841,85056,312,41397,421,43479,108,180,618,25762,223,29688,720,55450,California
San Luis Obispo,2021-03-07,202,85258,34,41431,84,43563,84,264,78,25797,123,29811,158,55608,California
San Luis Obispo,2021-03-08,2738,87996,759,42190,1661,45224,318,582,1542,26465,1191,31002,1859,57467,California
San Luis Obispo,2021-03-09,2965,90961,975,43165,1742,46966,248,830,1534,26821,1427,32429,1783,59250,California
San Luis Obispo,2021-03-10,3202,94163,1241,44406,1679,48645,282,1112,1823,27549,1375,33804,2103,61353,California
San Luis Obispo,2021-03-11,3354,97517,1323,45729,1708,50353,323,1435,1810,28151,1532,35336,2134,63487,California
San Luis Obispo,2021-03-12,3220,100737,1240,46969,1642,51995,338,1773,1625,28527,1588,36924,1964,65451,California
San Luis Obispo,2021-03-13,912,101649,263,47232,539,52534,110,1883,542,28807,369,37293,649,66100,California
San Luis Obispo,2021-03-14,518,102167,56,47288,351,52885,111,1994,136,28674,380,37673,247,66347,California
San Luis Obispo,2021-03-15,3069,105236,1104,48392,1864,54749,101,2095,1530,28772,1536,39209,1634,67981,California
San Luis Obispo,2021-03-16,2858,108094,1510,49902,1238,55987,110,2205,1442,28913,1409,40618,1550,69531,California
San Luis Obispo,2021-03-17,3460,111554,1447,51349,1751,57738,262,2467,2007,29741,1440,42058,2268,71799,California
San Luis Obispo,2021-03-18,2833,114387,1450,52799,1169,58907,214,2681,1356,29839,1470,43528,1568,73367,California
San Luis Obispo,2021-03-19,2601,116988,1573,54372,706,59613,322,3003,965,29502,1626,45154,1289,74656,California
San Luis Obispo,2021-03-20,842,117830,502,54874,303,59916,37,3040,386,29470,455,45609,423,75079,California
San Luis Obispo,2021-03-21,190,118020,45,54919,141,60057,4,3044,160,29604,29,45638,163,75242,California
San Luis Obispo,2021-03-22,2765,120785,1178,56097,1539,61596,48,3092,1928,30747,833,46471,1976,77218,California
San Luis Obispo,2021-03-23,3362,124147,2237,58334,1096,62692,29,3121,2228,31875,1129,47600,2257,79475,California
San Luis Obispo,2021-03-24,3588,127735,2198,60532,1305,63997,85,3206,2674,33725,908,48508,2758,82233,California
San Luis Obispo,2021-03-25,3730,131465,2339,62871,1379,65376,12,3218,2673,35357,1052,49560,2684,84917,California
San Luis Obispo,2021-03-26,3336,134801,1816,64687,1048,66424,472,3690,1861,36221,1469,51029,2333,87250,California
San Luis Obispo,2021-03-27,1007,135808,508,65195,408,66832,91,3781,452,36211,553,51582,543,87793,California
San Luis Obispo,2021-03-28,621,136429,155,65350,410,67242,56,3837,417,36482,203,51785,474,88267,California
San Luis Obispo,2021-03-29,2635,139064,1323,66673,1179,68421,133,3970,1684,37365,935,52720,1818,90085,California
San Luis Obispo,2021-03-30,3540,142604,1943,68616,1456,69877,141,4111,2344,38660,1189,53909,2484,92569,California
San Luis Obispo,2021-03-31,3900,146504,2481,71097,1270,71147,149,4260,2507,39932,1382,55291,2654,95223,California
San Luis Obispo,2021-04-01,3916,150420,2485,73582,1313,72460,118,4378,2724,41597,1175,56466,2840,98063,California
San Luis Obispo,2021-04-02,1759,152179,691,74273,753,73213,315,4693,956,42066,800,57266,1269,99332,California
San Luis Obispo,2021-04-03,1113,153292,556,74829,430,73643,127,4820,494,42073,614,57880,621,99953,California
San Luis Obispo,2021-04-04,388,153680,134,74963,214,73857,40,4860,241,42207,147,58027,281,100234,California
San Luis Obispo,2021-04-05,3644,157324,1946,76909,1585,75442,113,4973,2040,42759,1600,59627,2152,102386,California
San Luis Obispo,2021-04-06,4174,161498,2208,79117,1642,77084,324,5297,1987,42891,2178,61805,2310,104696,California
San Luis Obispo,2021-04-07,4319,165817,2350,81467,1602,78686,367,5664,2475,43901,1828,63633,2838,107534,California
San Luis Obispo,2021-04-08,3999,169816,2193,83660,1398,80084,408,6072,2136,44591,1854,65487,2544,110078,California
San Luis Obispo,2021-04-09,3687,173503,1754,85414,1172,81256,761,6833,1506,44683,2169,67656,2261,112339,California
San Luis Obispo,2021-04-10,1701,175204,571,85985,460,81716,670,7503,501,44653,1197,68853,1167,113506,California
San Luis Obispo,2021-04-11,317,175521,64,86049,186,81902,67,7570,126,44657,189,69042,193,113699,California
San Luis Obispo,2021-04-12,3430,178951,1722,87771,1545,83447,163,7733,1418,44227,2010,71052,1580,115279,California
San Luis Obispo,2021-04-13,3760,182711,2172,89943,1587,85034,1,7734,2009,44490,1748,72800,2011,117290,California
San Luis Obispo,2021-04-14,3605,186316,2064,92007,1536,86570,5,7739,1758,44423,1829,74629,1762,119052,California
San Luis Obispo,2021-04-15,3791,190107,2468,94475,1322,87892,1,7740,2018,44692,1751,76380,2020,121072,California
San Luis Obispo,2021-04-16,3680,193787,2245,96720,1431,89323,4,7744,1769,44562,1901,78281,1771,122843,California
San Luis Obispo,2021-04-17,1096,194883,434,97154,660,89983,2,7746,712,44893,383,78664,714,123557,California
San Luis Obispo,2021-04-18,328,195211,104,97258,223,90206,1,7747,115,44799,209,78873,115,123672,California
San Luis Obispo,2021-04-19,3214,198425,1356,98614,1820,92026,38,7785,1102,43834,2106,80979,1141,124813,California
San Luis Obispo,2021-04-20,3658,202083,2031,100645,1627,93653,0,7785,1339,42865,2308,83287,1339,126152,California
San Luis Obispo,2021-04-21,4004,206087,1847,102492,2157,95810,0,7785,1604,42093,2379,85666,1607,127759,California
San Luis Obispo,2021-04-22,4637,210724,2081,104573,2556,98366,0,7785,1412,40302,3205,88871,1414,129173,California
San Luis Obispo,2021-04-23,1442,212166,837,105410,601,98967,4,7789,722,40313,716,89587,727,129900,California
San Luis Obispo,2021-04-24,1082,213248,439,105849,624,99591,19,7808,507,40257,582,90169,526,130426,California
San Luis Obispo,2021-04-25,518,213766,163,106012,355,99946,0,7808,114,39972,399,90568,114,130540,California
San Luis Obispo,2021-04-26,1085,214851,396,106408,671,100617,18,7826,399,39714,674,91242,416,130956,California
San Luis Obispo,2021-04-27,3928,218779,1994,108402,1855,102472,79,7905,1528,38928,2392,93634,1606,132562,California
San Luis Obispo,2021-04-28,3821,222600,2109,110511,1640,104112,72,7977,1338,37867,2471,96105,1410,133972,California
San Luis Obispo,2021-04-29,3732,226332,2128,112639,1537,105649,67,8044,1247,36714,2468,98573,1315,135287,California
San Luis Obispo,2021-04-30,3003,229335,1685,114324,1244,106893,74,8118,916,35638,2065,100638,989,136276,California
San Luis Obispo,2021-05-01,478,229813,164,114488,279,107172,35,8153,103,35404,371,101009,137,136413,California
San Luis Obispo,2021-05-02,172,229985,53,114541,99,107271,20,8173,43,35338,129,101138,63,136476,California
San Luis Obispo,2021-05-03,891,230876,286,114827,494,107765,111,8284,223,35004,666,101804,332,136808,California
San Luis Obispo,2021-05-04,2976,233852,1922,116749,983,108748,71,8355,874,33851,2095,103899,942,137750,California
San Luis Obispo,2021-05-05,2862,236714,1878,118627,917,109665,67,8422,675,32419,2174,106073,742,138492,California
San Luis Obispo,2021-05-06,2845,239559,1914,120541,867,110532,64,8486,722,31101,2104,108177,786,139278,California
San Luis Obispo,2021-05-07,2365,241924,1774,122315,523,111055,68,8554,597,30018,1749,109926,666,139944,California
San Luis Obispo,2021-05-08,606,242530,343,122658,239,111294,24,8578,204,29863,383,110309,228,140172,California
San Luis Obispo,2021-05-09,165,242695,42,122700,104,111398,19,8597,45,29808,119,110428,64,140236,California
San Luis Obispo,2021-05-10,733,243428,158,122858,523,111921,52,8649,157,29444,571,110999,207,140443,California
San Luis Obispo,2021-05-11,1218,244646,598,123456,545,112466,75,8724,382,29071,830,111829,457,140900,California
San Luis Obispo,2021-05-12,2511,247157,1612,125068,816,113282,83,8807,693,28046,1801,113630,776,141676,California
San Luis Obispo,2021-05-13,1184,248341,716,125784,406,113688,62,8869,488,27905,690,114320,549,142225,California
San Luis Obispo,2021-05-14,2270,250611,1649,127433,569,114257,52,8921,936,27576,1316,115636,987,143212,California
San Luis Obispo,2021-05-15,988,251599,455,127888,499,114756,34,8955,462,27550,523,116159,497,143709,California
San Luis Obispo,2021-05-16,310,251909,166,128054,138,114894,6,8961,176,27599,133,116292,182,143891,California
San Luis Obispo,2021-05-17,1689,253598,978,129032,651,115545,60,9021,669,27318,1011,117303,730,144621,California
San Luis Obispo,2021-05-18,1908,255506,1161,130193,714,116259,33,9054,723,26896,1179,118482,757,145378,California
San Luis Obispo,2021-05-19,1460,256966,624,130817,773,117032,63,9117,405,26315,1048,119530,467,145845,California
San Luis Obispo,2021-05-20,1148,258114,498,131315,613,117645,37,9154,338,25891,799,120329,375,146220,California
San Luis Obispo,2021-05-21,1110,259224,573,131888,492,118137,45,9199,509,25854,591,120920,554,146774,California
San Luis Obispo,2021-05-22,682,259906,325,132213,334,118471,23,9222,340,25882,335,121255,363,147137,California
San Luis Obispo,2021-05-23,147,260053,69,132282,72,118543,6,9228,52,25846,94,121349,58,147195,California
San Luis Obispo,2021-05-24,569,260622,262,132544,267,118810,40,9268,200,25720,366,121715,240,147435,California
San Luis Obispo,2021-05-25,882,261504,430,132974,424,119234,28,9296,346,25565,528,122243,373,147808,California
San Luis Obispo,2021-05-26,2145,263649,993,133967,1097,120331,55,9351,664,24809,1474,123717,718,148526,California
San Luis Obispo,2021-05-27,1881,265530,668,134635,1181,121512,32,9383,490,23945,1385,125102,521,149047,California
San Luis Obispo,2021-05-28,921,266451,468,135103,426,121938,27,9410,482,24017,437,125539,509,149556,California
San Luis Obispo,2021-05-29,378,266829,153,135256,214,122152,11,9421,208,24068,169,125708,220,149776,California
San Luis Obispo,2021-05-30,88,266917,35,135291,45,122197,8,9429,34,24056,53,125761,41,149817,California
San Luis Obispo,2021-05-31,41,266958,5,135296,23,122220,13,9442,16,24060,24,125785,28,149845,California
San Luis Obispo,2021-06-01,756,267714,325,135621,400,122620,31,9473,270,23879,482,126267,301,150146,California
San Luis Obispo,2021-06-02,640,268354,287,135908,311,122931,42,9515,184,23655,449,126716,225,150371,California
San Luis Obispo,2021-06-03,917,269271,454,136362,431,123362,32,9547,253,23278,662,127378,285,150656,California
San Luis Obispo,2021-06-04,2487,271758,1526,137888,919,124281,42,9589,707,22258,1767,129145,747,151403,California
San Luis Obispo,2021-06-05,667,272425,288,138176,359,124640,20,9609,324,22260,342,129487,344,151747,California
San Luis Obispo,2021-06-06,186,272611,132,138308,45,124685,9,9618,47,22177,139,129626,56,151803,California
San Luis Obispo,2021-06-07,547,273158,358,138666,148,124833,41,9659,154,21981,391,130017,195,151998,California
San Luis Obispo,2021-06-08,808,273966,524,139190,243,125076,41,9700,243,21704,561,130578,284,152282,California
San Luis Obispo,2021-06-09,639,274605,355,139545,253,125329,31,9731,187,21473,449,131027,218,152500,California
San Luis Obispo,2021-06-10,753,275358,362,139907,352,125681,39,9770,219,21199,532,131559,258,152758,California
San Luis Obispo,2021-06-11,938,276296,540,140447,362,126043,36,9806,340,20982,594,132153,377,153135,California
San Luis Obispo,2021-06-12,392,276688,268,140715,121,126164,3,9809,167,20928,224,132377,170,153305,California
San Luis Obispo,2021-06-13,162,276850,93,140808,66,126230,3,9812,44,20858,117,132494,47,153352,California
San Luis Obispo,2021-06-14,455,277305,298,141106,126,126356,31,9843,129,20693,323,132817,158,153510,California
San Luis Obispo,2021-06-15,641,277946,398,141504,205,126561,38,9881,237,20567,400,133217,274,153784,California
San Luis Obispo,2021-06-16,625,278571,365,141869,225,126786,35,9916,180,20343,438,133655,214,153998,California
San Luis Obispo,2021-06-17,597,279168,340,142209,231,127017,26,9942,196,20165,400,134055,222,154220,California
San Luis Obispo,2021-06-18,789,279957,506,142715,237,127254,46,9988,279,19985,506,134561,326,154546,California
San Luis Obispo,2021-06-19,266,280223,151,142866,101,127355,14,10002,100,19935,164,134725,114,154660,California
San Luis Obispo,2021-06-20,110,280333,73,142939,29,127384,8,10010,45,19924,64,134789,53,154713,California
San Luis Obispo,2021-06-21,351,280684,222,143161,103,127487,26,10036,154,19909,195,134984,180,154893,California
San Luis Obispo,2021-06-22,622,281306,363,143524,227,127714,32,10068,277,19875,343,135327,309,155202,California
San Luis Obispo,2021-06-23,495,281801,272,143796,203,127917,20,10088,238,19876,257,135584,258,155460,California
San Luis Obispo,2021-06-24,468,282269,262,144058,180,128097,26,10114,204,19846,260,135844,230,155690,California
San Luis Obispo,2021-06-25,527,282796,212,144270,293,128390,22,10136,210,19765,311,136155,230,155920,California
San Luis Obispo,2021-06-26,272,283068,147,144417,107,128497,18,10154,119,19748,153,136308,136,156056,California
San Luis Obispo,2021-06-27,146,283214,94,144511,47,128544,5,10159,76,19760,69,136377,81,156137,California
San Luis Obispo,2021-06-28,341,283555,245,144756,80,128624,16,10175,130,19697,208,136585,145,156282,California
San Luis Obispo,2021-06-29,482,284037,315,145071,151,128775,16,10191,203,19642,274,136859,219,156501,California
San Luis Obispo,2021-06-30,439,284476,243,145314,158,128933,38,10229,163,19568,274,137133,200,156701,California
San Luis Obispo,2021-07-01,459,284935,307,145621,137,129070,15,10244,207,19540,250,137383,222,156923,California
San Luis Obispo,2021-07-02,427,285362,207,145828,200,129270,20,10264,175,19487,248,137631,195,157118,California
San Luis Obispo,2021-07-03,421,285783,178,146006,238,129508,5,10269,120,19314,299,137930,126,157244,California
San Luis Obispo,2021-07-04,28,285811,16,146022,11,129519,1,10270,11,19309,17,137947,12,157256,California
San Luis Obispo,2021-07-05,137,285948,79,146101,53,129572,5,10275,67,19313,68,138015,72,157328,California
San Mateo,2020-12-15,27,27,27,27,0,0,0,0,27,27,0,0,27,27,California
San Mateo,2020-12-16,113,140,113,140,0,0,0,0,113,140,0,0,113,140,California
San Mateo,2020-12-17,172,312,172,312,0,0,0,0,172,312,0,0,172,312,California
San Mateo,2020-12-18,776,1088,774,1086,2,2,0,0,776,1088,0,0,776,1088,California
San Mateo,2020-12-19,517,1605,517,1603,0,2,0,0,517,1605,0,0,517,1605,California
San Mateo,2020-12-20,503,2108,502,2105,1,3,0,0,503,2108,0,0,503,2108,California
San Mateo,2020-12-21,1145,3253,1144,3249,1,4,0,0,1145,3253,0,0,1145,3253,California
San Mateo,2020-12-22,1524,4777,1516,4765,8,12,0,0,1523,4775,1,1,1523,4776,California
San Mateo,2020-12-23,1569,6346,1379,6144,190,202,0,0,1569,6344,0,1,1569,6345,California
San Mateo,2020-12-24,870,7216,612,6756,258,460,0,0,870,7214,0,1,870,7215,California
San Mateo,2020-12-25,113,7329,109,6865,4,464,0,0,113,7327,0,1,113,7328,California
San Mateo,2020-12-26,559,7888,417,7282,142,606,0,0,559,7886,0,1,559,7887,California
San Mateo,2020-12-27,303,8191,172,7454,131,737,0,0,303,8189,0,1,303,8190,California
San Mateo,2020-12-28,1060,9251,710,8164,350,1087,0,0,1060,9249,0,1,1060,9250,California
San Mateo,2020-12-29,1138,10389,715,8879,423,1510,0,0,1138,10387,0,1,1138,10388,California
San Mateo,2020-12-30,1267,11656,764,9643,503,2013,0,0,1267,11654,0,1,1267,11655,California
San Mateo,2020-12-31,706,12362,228,9871,478,2491,0,0,705,12358,1,2,705,12360,California
San Mateo,2021-01-01,111,12473,75,9946,36,2527,0,0,111,12469,0,2,111,12471,California
San Mateo,2021-01-02,399,12872,273,10219,126,2653,0,0,399,12868,0,2,399,12870,California
San Mateo,2021-01-03,284,13156,209,10428,75,2728,0,0,281,13146,3,5,281,13151,California
San Mateo,2021-01-04,1052,14208,678,11106,374,3102,0,0,1052,14198,0,5,1052,14203,California
San Mateo,2021-01-05,1217,15425,715,11821,502,3604,0,0,1184,15350,33,38,1185,15388,California
San Mateo,2021-01-06,1458,16883,958,12779,500,4104,0,0,1263,16422,192,230,1264,16652,California
San Mateo,2021-01-07,1463,18346,816,13595,647,4751,0,0,1154,17274,302,532,1154,17806,California
San Mateo,2021-01-08,1852,20198,1199,14794,653,5404,0,0,1138,17705,707,1239,1138,18944,California
San Mateo,2021-01-09,1178,21376,780,15574,398,5802,0,0,716,17959,462,1701,716,19660,California
San Mateo,2021-01-10,710,22086,579,16153,131,5933,0,0,270,17789,440,2141,270,19930,California
San Mateo,2021-01-11,2620,24706,1512,17665,1108,7041,0,0,1541,18253,1079,3220,1543,21473,California
San Mateo,2021-01-12,3459,28165,1940,19605,1519,8560,0,0,2232,19271,1218,4438,2236,23709,California
San Mateo,2021-01-13,3418,31583,1673,21278,1745,10305,0,0,2366,20587,1052,5490,2368,26077,California
San Mateo,2021-01-14,3807,35390,1611,22889,2196,12501,0,0,3107,22999,700,6190,3112,29189,California
San Mateo,2021-01-15,4352,39742,1736,24625,2616,15117,0,0,3803,26257,547,6737,3805,32994,California
San Mateo,2021-01-16,3089,42831,770,25395,2319,17436,0,0,2758,28687,329,7066,2759,35753,California
San Mateo,2021-01-17,1314,44145,305,25700,1009,18445,0,0,1109,29591,205,7271,1109,36862,California
San Mateo,2021-01-18,1371,45516,544,26244,827,19272,0,0,989,30201,379,7650,989,37851,California
San Mateo,2021-01-19,2808,48324,1798,28042,1010,20282,0,0,2004,31404,801,8451,2004,39855,California
San Mateo,2021-01-20,2990,51314,1728,29770,1262,21544,0,0,2138,32694,849,9300,2139,41994,California
San Mateo,2021-01-21,2933,54247,1358,31128,1575,23119,0,0,2332,34431,598,9898,2335,44329,California
San Mateo,2021-01-22,2835,57082,1146,32274,1689,24808,0,0,2529,36659,302,10200,2530,46859,California
San Mateo,2021-01-23,2888,59970,1681,33955,1207,26015,0,0,2525,38822,363,10563,2526,49385,California
San Mateo,2021-01-24,1516,61486,374,34329,1142,27157,0,0,1205,39718,310,10873,1206,50591,California
San Mateo,2021-01-25,4424,65910,3145,37474,1279,28436,0,0,3518,42338,902,11775,3522,54113,California
San Mateo,2021-01-26,4359,70269,3012,40486,1347,29783,0,0,3423,44828,934,12709,3424,57537,California
San Mateo,2021-01-27,2830,73099,1475,41961,1355,31138,0,0,1820,45645,1004,13713,1821,59358,California
San Mateo,2021-01-28,2826,75925,1373,43334,1453,32591,0,0,1973,46781,837,14550,1973,61331,California
San Mateo,2021-01-29,3022,78947,1356,44690,1666,34257,0,0,2173,48109,847,15397,2175,63506,California
San Mateo,2021-01-30,3422,82369,1489,46179,1933,36190,0,0,2957,50604,463,15860,2958,66464,California
San Mateo,2021-01-31,1691,84060,896,47075,795,36985,0,0,1528,51971,161,16021,1528,67992,California
San Mateo,2021-02-01,2966,87026,1370,48445,1596,38581,0,0,2232,53474,730,16751,2233,70225,California
San Mateo,2021-02-02,3262,90288,1754,50199,1508,40089,0,0,2212,54639,1047,17798,2212,72437,California
San Mateo,2021-02-03,5030,95318,2073,52272,2957,43046,0,0,3882,57377,1145,18943,3883,76320,California
San Mateo,2021-02-04,6261,101579,2520,54792,3741,46787,0,0,4975,61077,1279,20222,4979,81299,California
San Mateo,2021-02-05,6852,108431,2563,57355,4289,51076,0,0,5009,64261,1825,22047,5009,86308,California
San Mateo,2021-02-06,3285,111716,1912,59267,1373,52449,0,0,2627,66237,653,22700,2629,88937,California
San Mateo,2021-02-07,1906,113622,1348,60615,558,53007,0,0,1712,67757,192,22892,1712,90649,California
San Mateo,2021-02-08,5310,118932,2268,62883,3042,56049,0,0,3130,68771,2116,25008,3130,93779,California
San Mateo,2021-02-09,6192,125124,3206,66089,2986,59035,0,0,3325,69238,2858,27866,3325,97104,California
San Mateo,2021-02-10,6545,131669,3286,69375,3259,62294,0,0,3277,69266,3249,31115,3277,100381,California
San Mateo,2021-02-11,7102,138771,3597,72972,3505,65799,0,0,3773,69720,3321,34436,3775,104156,California
San Mateo,2021-02-12,6690,145461,2997,75969,3693,69492,0,0,4727,72490,1959,36395,4729,108885,California
San Mateo,2021-02-13,6222,151683,4110,80079,2112,71604,0,0,2647,71568,3569,39964,2647,111532,California
San Mateo,2021-02-14,4746,156429,3115,83194,1631,73235,0,0,1985,70801,2753,42717,1986,113518,California
San Mateo,2021-02-15,3184,159613,1460,84654,1724,74959,0,0,1795,71215,1382,44099,1796,115314,California
San Mateo,2021-02-16,7200,166813,1906,86560,5294,80253,0,0,5304,74627,1894,45993,5306,120620,California
San Mateo,2021-02-17,7124,173937,1986,88546,5138,85391,0,0,5053,77616,2065,48058,5054,125674,California
San Mateo,2021-02-18,6828,180765,4723,93269,2105,87496,0,0,4541,79878,2282,50340,4544,130218,California
San Mateo,2021-02-19,7912,188677,5660,98929,2252,89748,0,0,5858,83691,2045,52385,5858,136076,California
San Mateo,2021-02-20,3828,192505,2473,101402,1355,91103,0,0,2352,84576,1468,53853,2353,138429,California
San Mateo,2021-02-21,2696,195201,1822,103224,874,91977,0,0,1601,85090,1088,54941,1602,140031,California
San Mateo,2021-02-22,4623,199824,3353,106577,1270,93247,0,0,2900,86276,1715,56656,2901,142932,California
San Mateo,2021-02-23,4481,204305,3197,109774,1284,94531,0,0,2597,87001,1872,58528,2597,145529,California
San Mateo,2021-02-24,7447,211752,3358,113132,4089,98620,0,0,4924,89413,2513,61041,4925,150454,California
San Mateo,2021-02-25,9330,221082,4159,117291,5171,103791,0,0,6147,92395,3166,64207,6148,156602,California
San Mateo,2021-02-26,10065,231147,3882,121173,6183,109974,0,0,6971,96290,3078,67285,6973,163575,California
San Mateo,2021-02-27,6911,238058,3566,124739,3344,113318,1,1,3761,96917,3141,70426,3768,167343,California
San Mateo,2021-02-28,4465,242523,2756,127495,1709,115027,0,1,2681,97825,1774,72200,2682,170025,California
San Mateo,2021-03-01,6047,248570,3808,131303,2235,117262,4,5,2987,97773,3045,75245,2993,173018,California
San Mateo,2021-03-02,6285,254855,4465,135768,1819,119081,1,6,3614,98727,2662,77907,3616,176634,California
San Mateo,2021-03-03,8558,263413,4041,139809,4515,123596,2,8,3708,97603,4834,82741,3710,180344,California
San Mateo,2021-03-04,8588,272001,4023,143832,4561,128157,4,12,3881,96806,4684,87425,3887,184231,California
San Mateo,2021-03-05,9402,281403,6261,150093,3137,131294,4,16,6583,100599,2797,90222,6590,190821,California
San Mateo,2021-03-06,8002,289405,5561,155654,2264,133558,177,193,5867,104519,2123,92345,6043,196864,California
San Mateo,2021-03-07,3631,293036,2456,158110,1104,134662,71,264,2143,105251,1484,93829,2216,199080,California
San Mateo,2021-03-08,4553,297589,2576,160686,1757,136419,220,484,3328,107579,1218,95047,3546,202626,California
San Mateo,2021-03-09,5360,302949,2870,163556,2214,138633,276,760,3732,109965,1616,96663,4002,206628,California
San Mateo,2021-03-10,7281,310230,2954,166510,4040,142673,287,1047,4846,112675,2419,99082,5129,211757,California
San Mateo,2021-03-11,9199,319429,5769,172279,3039,145712,391,1438,3669,111235,5496,104578,4056,215813,California
San Mateo,2021-03-12,10649,330078,6708,178987,3555,149267,386,1824,3582,108157,7043,111621,3965,219778,California
San Mateo,2021-03-13,8263,338341,3535,182522,3092,152359,1636,3460,3998,109523,4249,115870,5615,225393,California
San Mateo,2021-03-14,5028,343369,3395,185917,1524,153883,109,3569,2657,109925,2363,118233,2765,228158,California
San Mateo,2021-03-15,7246,350615,4680,190597,2388,156271,178,3747,3774,110414,3463,121696,3952,232110,California
San Mateo,2021-03-16,12021,362636,4431,195028,7465,163736,125,3872,4829,108199,7172,128868,4957,237067,California
San Mateo,2021-03-17,10985,373621,4481,199509,6358,170094,146,4018,4961,107313,5994,134862,5108,242175,California
San Mateo,2021-03-18,7418,381039,4163,203672,3066,173160,189,4207,4406,108902,3004,137866,4593,246768,California
San Mateo,2021-03-19,7597,388636,4903,208575,2020,175180,674,4881,3646,109282,3940,141806,4320,251088,California
San Mateo,2021-03-20,8428,397064,6559,215134,1532,176712,337,5218,5369,111947,3041,144847,5706,256794,California
San Mateo,2021-03-21,4288,401352,3249,218383,806,177518,233,5451,2294,112487,1983,146830,2523,259317,California
San Mateo,2021-03-22,5387,406739,3667,222050,1294,178812,426,5877,2827,113195,2544,149374,3252,262569,California
San Mateo,2021-03-23,9956,416695,4585,226635,5173,183985,198,6075,4487,112443,5437,154811,4685,267254,California
San Mateo,2021-03-24,9604,426299,5551,232186,3907,187892,146,6221,4094,111246,5433,160244,4236,271490,California
San Mateo,2021-03-25,10202,436501,5015,237201,4918,192810,269,6490,4457,110336,5638,165882,4728,276218,California
San Mateo,2021-03-26,11350,447851,7795,244996,3387,196197,168,6658,4335,107868,6971,172853,4503,280721,California
San Mateo,2021-03-27,10603,458454,8110,253106,2384,198581,109,6767,4671,106733,5913,178766,4778,285499,California
San Mateo,2021-03-28,4300,462754,2782,255888,1405,199986,113,6880,1993,106546,2297,181063,2110,287609,California
San Mateo,2021-03-29,6116,468870,3795,259683,2067,202053,254,7134,2742,106185,3355,184418,2994,290603,California
San Mateo,2021-03-30,7214,476084,4104,263787,2956,205009,154,7288,3883,106906,3316,187734,4037,294640,California
San Mateo,2021-03-31,7385,483469,4661,268448,2579,207588,145,7433,3881,107447,3485,191219,4026,298666,California
San Mateo,2021-04-01,10711,494180,5282,273730,4207,211795,1222,8655,5742,109485,4916,196135,6954,305620,California
San Mateo,2021-04-02,10974,505154,5246,278976,4127,215922,1601,10256,5776,111671,5174,201309,7360,312980,California
San Mateo,2021-04-03,10043,515197,5789,284765,2475,218397,1779,12035,5121,113650,4912,206221,6891,319871,California
San Mateo,2021-04-04,5474,520671,2636,287401,1579,219976,1259,13294,1713,112871,3746,209967,2967,322838,California
San Mateo,2021-04-05,9074,529745,4828,292229,2501,222477,1745,15039,3888,113326,5167,215134,5622,328460,California
San Mateo,2021-04-06,13288,543033,8299,300528,3130,225607,1859,16898,7573,117059,5699,220833,9432,337892,California
San Mateo,2021-04-07,11541,554574,5356,305884,4485,230092,1700,18598,4909,117041,6611,227444,6593,344485,California
San Mateo,2021-04-08,10270,564844,5114,310998,2536,232628,2620,21218,4544,118483,5705,233149,7147,351632,California
San Mateo,2021-04-09,11460,576304,5585,316583,3373,236001,2502,23720,5140,119798,6315,239464,7630,359262,California
San Mateo,2021-04-10,11330,587634,5755,322338,4125,240126,1450,25170,4692,119318,6606,246070,6126,365388,California
San Mateo,2021-04-11,6659,594293,3308,325646,879,241005,2472,27642,2326,119777,4326,250396,4785,370173,California
San Mateo,2021-04-12,7434,601727,4533,330179,1926,242931,975,28617,3584,120502,3828,254224,4553,374726,California
San Mateo,2021-04-13,8305,610032,5166,335345,3128,246059,11,28628,4382,120989,3908,258132,4395,379121,California
San Mateo,2021-04-14,8440,618472,5443,340788,2996,249055,1,28629,4308,121192,4114,262246,4317,383438,California
San Mateo,2021-04-15,11305,629777,7499,348287,3804,252859,2,28631,7362,124644,3914,266160,7366,390804,California
San Mateo,2021-04-16,10160,639937,6973,355260,3170,256029,17,28648,6414,127359,3722,269882,6437,397241,California
San Mateo,2021-04-17,9869,649806,6570,361830,3297,259326,2,28650,6237,129985,3620,273502,6246,403487,California
San Mateo,2021-04-18,5740,655546,2872,364702,2868,262194,0,28650,3854,131974,1871,275373,3860,407347,California
San Mateo,2021-04-19,8539,664085,5550,370252,2989,265183,0,28650,5540,134543,2983,278356,5552,412899,California
San Mateo,2021-04-20,10862,674947,6220,376472,4641,269824,1,28651,6947,137613,3890,282246,6960,419859,California
San Mateo,2021-04-21,9915,684862,6894,383366,3019,272843,2,28653,6138,140005,3754,286000,6146,426005,California
San Mateo,2021-04-22,10187,695049,6921,390287,3265,276108,1,28654,5690,141239,4462,290462,5696,431701,California
San Mateo,2021-04-23,10007,705056,6712,396999,3295,279403,0,28654,5612,142505,4364,294826,5630,437331,California
San Mateo,2021-04-24,11314,716370,8064,405063,3250,282653,0,28654,5824,142873,5466,300292,5834,443165,California
San Mateo,2021-04-25,5563,721933,3881,408944,1680,284333,2,28656,3951,145242,1596,301888,3965,447130,California
San Mateo,2021-04-26,6917,728850,5019,413963,1890,286223,8,28664,4004,146366,2899,304787,4023,451153,California
San Mateo,2021-04-27,11618,740468,8205,422168,3258,289481,155,28819,4757,144461,6827,311614,4922,456075,California
San Mateo,2021-04-28,8219,748687,4786,426954,3227,292708,206,29025,4381,145234,3821,315435,4594,460669,California
San Mateo,2021-04-29,8456,757143,4077,431031,4207,296915,172,29197,3835,144668,4590,320025,4024,464693,California
San Mateo,2021-04-30,8473,765616,5372,436403,2946,299861,155,29352,3630,143658,4814,324839,3804,468497,California
San Mateo,2021-05-01,6225,771841,4157,440560,1950,301811,118,29470,2690,142965,3514,328353,2821,471318,California
San Mateo,2021-05-02,3196,775037,1755,442315,1371,303182,70,29540,1155,142165,2030,330383,1230,472548,California
San Mateo,2021-05-03,6092,781129,4539,446854,1408,304590,145,29685,1848,139926,4233,334616,1994,474542,California
San Mateo,2021-05-04,7689,788818,5308,452162,2209,306799,172,29857,2548,137539,5126,339742,2739,477281,California
San Mateo,2021-05-05,7187,796005,4772,456934,2256,309055,159,30016,2452,135448,4705,344447,2614,479895,California
San Mateo,2021-05-06,8943,804948,7048,463982,1719,310774,176,30192,1798,130303,7124,351571,1979,481874,California
San Mateo,2021-05-07,8424,813372,6072,470054,2067,312841,285,30477,1869,125941,6529,358100,2167,484041,California
San Mateo,2021-05-08,7024,820396,4387,474441,2398,315239,239,30716,1927,123029,5082,363182,2170,486211,California
San Mateo,2021-05-09,3154,823550,2460,476901,620,315859,74,30790,944,121849,2199,365381,1019,487230,California
San Mateo,2021-05-10,4807,828357,3501,480402,1136,316995,170,30960,738,118708,4058,369439,917,488147,California
San Mateo,2021-05-11,7265,835622,5553,485955,1583,318578,129,31089,1718,115031,5526,374965,1849,489996,California
San Mateo,2021-05-12,7073,842695,5146,491101,1711,320289,216,31305,1427,111045,5632,380597,1646,491642,California
San Mateo,2021-05-13,9759,852454,7340,498441,2322,322611,97,31402,3412,108256,6312,386909,3523,495165,California
San Mateo,2021-05-14,8574,861028,6353,504794,2105,324716,116,31518,2580,104984,5974,392883,2702,497867,California
San Mateo,2021-05-15,10646,871674,8345,513139,2199,326915,102,31620,4713,103903,5917,398800,4836,502703,California
San Mateo,2021-05-16,7296,878970,5213,518352,2012,328927,71,31691,2280,101259,4996,403796,2352,505055,California
San Mateo,2021-05-17,7207,886177,5124,523476,1975,330902,108,31799,2126,98433,5064,408860,2238,507293,California
San Mateo,2021-05-18,8559,894736,5923,529399,2538,333440,98,31897,3060,96223,5374,414234,3164,510457,California
San Mateo,2021-05-19,7926,902662,5913,535312,1891,335331,122,32019,3553,95576,4325,418559,3678,514135,California
San Mateo,2021-05-20,5780,908442,3606,538918,2040,337371,134,32153,2179,94317,3575,422134,2316,516451,California
San Mateo,2021-05-21,7022,915464,4775,543693,2102,339473,145,32298,1866,91193,5135,427269,2011,518462,California
San Mateo,2021-05-22,6355,921819,4325,548018,1963,341436,67,32365,2631,90188,3705,430974,2700,521162,California
San Mateo,2021-05-23,3105,924924,1769,549787,1247,342683,89,32454,1188,89561,1904,432878,1277,522439,California
San Mateo,2021-05-24,3676,928600,2449,552236,1078,343761,149,32603,1224,88503,2429,435307,1371,523810,California
San Mateo,2021-05-25,4786,933386,3013,555249,1593,345354,180,32783,1573,87069,3190,438497,1756,525566,California
San Mateo,2021-05-26,5728,939114,3080,558329,2529,347883,119,32902,1783,85049,3922,442419,1902,527468,California
San Mateo,2021-05-27,3780,942894,2205,560534,1475,349358,100,33002,1197,83785,2556,444975,1292,528760,California
San Mateo,2021-05-28,3513,946407,2202,562736,1226,350584,85,33087,1301,82998,2172,447147,1385,530145,California
San Mateo,2021-05-29,3232,949639,2282,565018,899,351483,51,33138,1233,82311,1970,449117,1283,531428,California
San Mateo,2021-05-30,1642,951281,1111,566129,470,351953,61,33199,646,82032,986,450103,707,532135,California
San Mateo,2021-05-31,441,951722,276,566405,157,352110,8,33207,161,81924,277,450380,169,532304,California
San Mateo,2021-06-01,3343,955065,1976,568381,1272,353382,95,33302,958,80605,2371,452751,1052,533356,California
San Mateo,2021-06-02,2769,957834,1835,570216,856,354238,78,33380,1055,80037,1699,454450,1131,534487,California
San Mateo,2021-06-03,3814,961648,2993,573209,706,354944,115,33495,825,77998,2975,457425,936,535423,California
San Mateo,2021-06-04,4128,965776,3178,576387,856,355800,94,33589,1114,76200,2993,460418,1195,536618,California
San Mateo,2021-06-05,5152,970928,4500,580887,552,356352,100,33689,953,73085,4168,464586,1053,537671,California
San Mateo,2021-06-06,2520,973448,2077,582964,382,356734,61,33750,478,71600,2020,466606,535,538206,California
San Mateo,2021-06-07,3115,976563,2613,585577,419,357153,83,33833,696,69966,2411,469017,777,538983,California
San Mateo,2021-06-08,4088,980651,3454,589031,528,357681,106,33939,972,67964,3081,472098,1079,540062,California
San Mateo,2021-06-09,4139,984790,3564,592595,505,358186,70,34009,622,65149,3504,475602,689,540751,California
San Mateo,2021-06-10,2967,987757,2400,594995,452,358638,115,34124,750,63813,2201,477803,865,541616,California
San Mateo,2021-06-11,2855,990612,2293,597288,449,359087,113,34237,915,62911,1929,479732,1027,542643,California
San Mateo,2021-06-12,3145,993757,2804,600092,260,359347,81,34318,768,61397,2363,482095,849,543492,California
San Mateo,2021-06-13,1434,995191,1081,601173,290,359637,63,34381,348,60737,1071,483166,411,543903,California
San Mateo,2021-06-14,2432,997623,2102,603275,247,359884,83,34464,690,59801,1709,484875,773,544676,California
San Mateo,2021-06-15,2263,999886,1797,605072,345,360229,121,34585,681,59038,1564,486439,801,545477,California
San Mateo,2021-06-16,2442,1002328,2024,607096,261,360490,157,34742,701,58193,1698,488137,853,546330,California
San Mateo,2021-06-17,1944,1004272,1607,608703,249,360739,88,34830,686,57759,1208,489345,774,547104,California
San Mateo,2021-06-18,2115,1006387,1773,610476,264,361003,78,34908,612,56961,1484,490829,686,547790,California
San Mateo,2021-06-19,1784,1008171,1560,612036,163,361166,61,34969,587,56482,1125,491954,646,548436,California
San Mateo,2021-06-20,766,1008937,695,612731,60,361226,11,34980,286,56333,446,492400,297,548733,California
San Mateo,2021-06-21,1248,1010185,933,613664,240,361466,75,35055,605,56378,637,493037,682,549415,California
San Mateo,2021-06-22,1595,1011780,1291,614955,208,361674,96,35151,598,56091,980,494017,693,550108,California
San Mateo,2021-06-23,1851,1013631,1570,616525,178,361852,103,35254,622,55620,1196,495213,725,550833,California
San Mateo,2021-06-24,1462,1015093,1088,617613,273,362125,101,35355,536,55346,908,496121,634,551467,California
San Mateo,2021-06-25,1777,1016870,1479,619092,221,362346,77,35432,662,54981,1104,497225,739,552206,California
San Mateo,2021-06-26,1240,1018110,1045,620137,137,362483,58,35490,494,54802,730,497955,551,552757,California
San Mateo,2021-06-27,655,1018765,532,620669,77,362560,46,35536,290,54774,364,498319,336,553093,California
San Mateo,2021-06-28,1251,1020016,1070,621739,105,362665,76,35612,496,54603,742,499061,571,553664,California
San Mateo,2021-06-29,1426,1021442,1150,622889,195,362860,81,35693,489,54241,928,499989,566,554230,California
San Mateo,2021-06-30,1260,1022702,1033,623922,127,362987,100,35793,562,54216,686,500675,661,554891,California
San Mateo,2021-07-01,1198,1023900,1022,624944,118,363105,58,35851,484,54066,692,501367,542,555433,California
San Mateo,2021-07-02,1438,1025338,1203,626147,163,363268,72,35923,548,53806,880,502247,620,556053,California
San Mateo,2021-07-03,1037,1026375,891,627038,107,363375,39,35962,407,53633,617,502864,444,556497,California
San Mateo,2021-07-04,50,1026425,44,627082,0,363375,6,35968,24,53638,25,502889,30,556527,California
San Mateo,2021-07-05,398,1026823,303,627385,81,363456,14,35982,152,53559,242,503131,163,556690,California
Santa Barbara,2020-12-15,2,2,2,2,0,0,0,0,2,2,0,0,2,2,California
Santa Barbara,2020-12-16,2,4,2,4,0,0,0,0,2,4,0,0,2,4,California
Santa Barbara,2020-12-17,56,60,56,60,0,0,0,0,56,60,0,0,56,60,California
Santa Barbara,2020-12-18,382,442,381,441,1,1,0,0,382,442,0,0,382,442,California
Santa Barbara,2020-12-19,325,767,325,766,0,1,0,0,325,767,0,0,325,767,California
Santa Barbara,2020-12-20,235,1002,235,1001,0,1,0,0,235,1002,0,0,235,1002,California
Santa Barbara,2020-12-21,657,1659,655,1656,2,3,0,0,657,1659,0,0,657,1659,California
Santa Barbara,2020-12-22,246,1905,244,1900,2,5,0,0,246,1905,0,0,246,1905,California
Santa Barbara,2020-12-23,325,2230,207,2107,118,123,0,0,325,2230,0,0,325,2230,California
Santa Barbara,2020-12-24,88,2318,40,2147,48,171,0,0,88,2318,0,0,88,2318,California
Santa Barbara,2020-12-26,326,2644,66,2213,260,431,0,0,326,2644,0,0,326,2644,California
Santa Barbara,2020-12-27,62,2706,1,2214,61,492,0,0,62,2706,0,0,62,2706,California
Santa Barbara,2020-12-28,357,3063,224,2438,133,625,0,0,357,3063,0,0,357,3063,California
Santa Barbara,2020-12-29,562,3625,359,2797,203,828,0,0,562,3625,0,0,562,3625,California
Santa Barbara,2020-12-30,579,4204,396,3193,183,1011,0,0,579,4204,0,0,579,4204,California
Santa Barbara,2020-12-31,242,4446,114,3307,128,1139,0,0,242,4446,0,0,242,4446,California
Santa Barbara,2021-01-01,117,4563,111,3418,6,1145,0,0,117,4563,0,0,117,4563,California
Santa Barbara,2021-01-02,598,5161,232,3650,366,1511,0,0,598,5161,0,0,598,5161,California
Santa Barbara,2021-01-03,23,5184,15,3665,8,1519,0,0,23,5184,0,0,23,5184,California
Santa Barbara,2021-01-04,305,5489,242,3907,63,1582,0,0,304,5488,0,0,304,5488,California
Santa Barbara,2021-01-05,755,6244,380,4287,375,1957,0,0,727,6187,28,28,727,6215,California
Santa Barbara,2021-01-06,658,6902,276,4563,382,2339,0,0,597,6724,60,88,597,6812,California
Santa Barbara,2021-01-07,1032,7934,709,5272,323,2662,0,0,528,6752,500,588,528,7340,California
Santa Barbara,2021-01-08,1208,9142,850,6122,358,3020,0,0,713,6970,495,1083,713,8053,California
Santa Barbara,2021-01-09,561,9703,292,6414,269,3289,0,0,316,7041,245,1328,316,8369,California
Santa Barbara,2021-01-10,64,9767,51,6465,13,3302,0,0,47,7071,17,1345,47,8416,California
Santa Barbara,2021-01-11,848,10615,678,7143,170,3472,0,0,619,7462,228,1573,619,9035,California
Santa Barbara,2021-01-12,1445,12060,648,7791,797,4269,0,0,1285,8587,160,1733,1285,10320,California
Santa Barbara,2021-01-13,1223,13283,270,8061,953,5222,0,0,1096,9556,127,1860,1096,11416,California
Santa Barbara,2021-01-14,1260,14543,140,8201,1120,6342,0,0,1204,10706,55,1915,1205,12621,California
Santa Barbara,2021-01-15,1805,16348,419,8620,1386,7728,0,0,1723,12349,80,1995,1723,14344,California
Santa Barbara,2021-01-16,1277,17625,203,8823,1074,8802,0,0,1237,13547,39,2034,1237,15581,California
Santa Barbara,2021-01-17,126,17751,23,8846,103,8905,0,0,123,13667,3,2037,123,15704,California
Santa Barbara,2021-01-18,1153,18904,419,9265,734,9639,0,0,968,14450,185,2222,968,16672,California
Santa Barbara,2021-01-19,1646,20550,570,9835,1076,10715,0,0,1366,15539,277,2499,1366,18038,California
Santa Barbara,2021-01-20,2223,22773,655,10490,1568,12283,0,0,1802,16921,420,2919,1802,19840,California
Santa Barbara,2021-01-21,3204,25977,1921,12411,1283,13566,0,0,3042,19803,162,3081,3044,22884,California
Santa Barbara,2021-01-22,2952,28929,1795,14206,1157,14723,0,0,2780,22415,169,3250,2781,25665,California
Santa Barbara,2021-01-23,1740,30669,1106,15312,634,15357,0,0,1224,23124,515,3765,1224,26889,California
Santa Barbara,2021-01-24,846,31515,749,16061,97,15454,0,0,835,23949,10,3775,835,27724,California
Santa Barbara,2021-01-25,1240,32755,493,16554,747,16201,0,0,1004,24717,236,4011,1004,28728,California
Santa Barbara,2021-01-26,2050,34805,465,17019,1585,17786,0,0,1667,26003,381,4392,1667,30395,California
Santa Barbara,2021-01-27,1169,35974,398,17417,771,18557,0,0,907,26651,261,4653,909,31304,California
Santa Barbara,2021-01-28,899,36873,296,17713,603,19160,0,0,683,27122,212,4865,683,31987,California
Santa Barbara,2021-01-29,1347,38220,527,18240,820,19980,0,0,983,27747,360,5225,985,32972,California
Santa Barbara,2021-01-30,1905,40125,1417,19657,488,20468,0,0,1487,28819,415,5640,1487,34459,California
Santa Barbara,2021-01-31,1455,41580,1213,20870,242,20710,0,0,1416,30196,39,5679,1416,35875,California
Santa Barbara,2021-02-01,947,42527,519,21389,428,21138,0,0,548,30345,399,6078,548,36423,California
Santa Barbara,2021-02-02,1812,44339,683,22072,1129,22267,0,0,1043,30621,767,6845,1043,37466,California
Santa Barbara,2021-02-03,1961,46300,1081,23153,880,23147,0,0,1511,31692,440,7285,1511,38977,California
Santa Barbara,2021-02-04,2804,49104,1876,25029,928,24075,0,0,2504,33902,294,7579,2504,41481,California
Santa Barbara,2021-02-05,2932,52036,2082,27111,850,24925,0,0,2282,35537,647,8226,2282,43763,California
Santa Barbara,2021-02-06,1207,53243,341,27452,866,25791,0,0,797,35924,410,8636,797,44560,California
Santa Barbara,2021-02-07,311,53554,268,27720,43,25834,0,0,272,36159,37,8673,272,44832,California
Santa Barbara,2021-02-08,957,54511,311,28031,646,26480,0,0,667,36536,290,8963,667,45499,California
Santa Barbara,2021-02-09,2452,56963,315,28346,2137,28617,0,0,1123,36341,1318,10281,1123,46622,California
Santa Barbara,2021-02-10,2779,59742,1502,29848,1277,29894,0,0,745,35066,2021,12302,746,47368,California
Santa Barbara,2021-02-11,4212,63954,2820,32668,1392,31286,0,0,632,32131,3567,15869,632,48000,California
Santa Barbara,2021-02-12,3321,67275,950,33618,2371,33657,0,0,773,30362,2542,18411,773,48773,California
Santa Barbara,2021-02-13,1244,68519,345,33963,899,34556,0,0,565,30250,677,19088,565,49338,California
Santa Barbara,2021-02-14,335,68854,37,34000,298,34854,0,0,288,30492,47,19135,289,49627,California
Santa Barbara,2021-02-15,983,69837,347,34347,636,35490,0,0,498,30509,482,19617,499,50126,California
Santa Barbara,2021-02-16,2133,71970,408,34755,1725,37215,0,0,725,29830,1404,21021,725,50851,California
Santa Barbara,2021-02-17,1454,73424,328,35083,1126,38341,0,0,522,29427,928,21949,525,51376,California
Santa Barbara,2021-02-18,3278,76702,2669,37752,609,38950,0,0,1526,29241,1713,23662,1527,52903,California
Santa Barbara,2021-02-19,3621,80323,2657,40409,964,39914,0,0,2341,30306,1277,24939,2342,55245,California
Santa Barbara,2021-02-20,2329,82652,1523,41932,806,40720,0,0,1755,31497,564,25503,1755,57000,California
Santa Barbara,2021-02-21,143,82795,114,42046,29,40749,0,0,63,31482,78,25581,63,57063,California
Santa Barbara,2021-02-22,975,83770,263,42309,712,41461,0,0,282,31074,690,26271,282,57345,California
Santa Barbara,2021-02-23,3270,87040,1110,43419,2160,43621,0,0,435,28678,2832,29103,436,57781,California
Santa Barbara,2021-02-24,3303,90343,1137,44556,2166,45787,0,0,745,26875,2548,31651,745,58526,California
Santa Barbara,2021-02-25,3477,93820,1926,46482,1551,47338,0,0,1001,25412,2468,34119,1005,59531,California
Santa Barbara,2021-02-26,3683,97503,2182,48664,1501,48839,0,0,1983,25706,1690,35809,1984,61515,California
Santa Barbara,2021-02-27,1545,99048,568,49232,977,49816,0,0,862,25894,679,36488,867,62382,California
Santa Barbara,2021-02-28,1096,100144,223,49455,873,50689,0,0,897,26600,193,36681,899,63281,California
Santa Barbara,2021-03-01,1671,101815,488,49943,1181,51870,2,2,1109,27167,545,37226,1112,64393,California
Santa Barbara,2021-03-02,2671,104486,427,50370,2244,54114,0,2,2164,28839,494,37720,2166,66559,California
Santa Barbara,2021-03-03,4651,109137,2107,52477,2542,56656,2,4,4049,32304,591,38311,4056,70615,California
Santa Barbara,2021-03-04,3442,112579,2291,54768,1151,57807,0,4,2875,34623,558,38869,2877,73492,California
Santa Barbara,2021-03-05,3834,116413,2172,56940,1603,59410,59,63,3102,37059,726,39595,3162,76654,California
Santa Barbara,2021-03-06,2443,118856,735,57675,1491,60901,217,280,1678,38191,760,40355,1892,78546,California
Santa Barbara,2021-03-07,566,119422,122,57797,312,61213,132,412,383,38525,182,40537,516,79062,California
Santa Barbara,2021-03-08,1586,121008,382,58179,861,62074,343,755,800,38889,779,41316,1143,80205,California
Santa Barbara,2021-03-09,2799,123807,346,58525,1686,63760,767,1522,746,38348,2049,43365,1508,81713,California
Santa Barbara,2021-03-10,2776,126583,555,59080,1168,64928,1053,2575,1049,38724,1722,45087,2098,83811,California
Santa Barbara,2021-03-11,5595,132178,3038,62118,1441,66369,1116,3691,2283,38821,3295,48382,3392,87203,California
Santa Barbara,2021-03-12,3710,135888,2113,64231,1162,67531,435,4126,2180,39911,1522,49904,2612,89815,California
Santa Barbara,2021-03-13,3508,139396,1943,66174,1359,68890,206,4332,2698,42009,806,50710,2904,92719,California
Santa Barbara,2021-03-14,816,140212,397,66571,362,69252,57,4389,492,42236,323,51033,550,93269,California
Santa Barbara,2021-03-15,2124,142336,701,67272,1132,70384,291,4680,1274,42957,842,51875,1563,94832,California
Santa Barbara,2021-03-16,3737,146073,1185,68457,2209,72593,343,5023,2736,45042,995,52870,3080,97912,California
Santa Barbara,2021-03-17,3327,149400,979,69436,1943,74536,405,5428,2331,46780,993,53863,2731,100643,California
Santa Barbara,2021-03-18,5271,154671,2802,72238,2267,76803,202,5630,4043,49813,1212,55075,4245,104888,California
Santa Barbara,2021-03-19,4487,159158,2778,75016,1375,78178,334,5964,3070,51804,1412,56487,3403,108291,California
Santa Barbara,2021-03-20,2235,161393,842,75858,1370,79548,23,5987,1367,52332,864,57351,1392,109683,California
Santa Barbara,2021-03-21,1183,162576,386,76244,767,80315,30,6017,852,52888,327,57678,883,110566,California
Santa Barbara,2021-03-22,2789,165365,1921,78165,824,81139,44,6061,2221,54596,558,58236,2266,112832,California
Santa Barbara,2021-03-23,4469,169834,2254,80419,2114,83253,101,6162,3693,57622,766,59002,3792,116624,California
Santa Barbara,2021-03-24,5436,175270,3153,83572,1520,84773,763,6925,2968,58902,2445,61447,3725,120349,California
Santa Barbara,2021-03-25,5571,180841,3274,86846,2100,86873,197,7122,2781,59108,2772,64219,2978,123327,California
Santa Barbara,2021-03-26,5109,185950,3231,90077,1572,88445,306,7428,2230,58782,2862,67081,2536,125863,California
Santa Barbara,2021-03-27,2966,188916,1225,91302,1698,90143,43,7471,1623,59107,1339,68420,1664,127527,California
Santa Barbara,2021-03-28,2792,191708,1658,92960,1106,91249,28,7499,1902,60152,886,69306,1931,129458,California
Santa Barbara,2021-03-29,4046,195754,2085,95045,1889,93138,72,7571,3224,62630,818,70124,3296,132754,California
Santa Barbara,2021-03-30,6801,202555,3512,98557,3138,96276,151,7722,4530,65053,2255,72379,4678,137432,California
Santa Barbara,2021-03-31,8686,211241,5528,104085,3090,99366,68,7790,5028,66513,3636,76015,5096,142528,California
Santa Barbara,2021-04-01,7065,218306,5218,109303,1586,100952,261,8051,4175,68084,2865,78880,4436,146964,California
Santa Barbara,2021-04-02,6656,224962,4559,113862,1502,102454,595,8646,3422,68875,3225,82105,4016,150980,California
Santa Barbara,2021-04-03,3818,228780,2112,115974,1634,104088,72,8718,2519,70171,1292,83397,2588,153568,California
Santa Barbara,2021-04-04,903,229683,446,116420,416,104504,41,8759,499,70309,402,83799,540,154108,California
Santa Barbara,2021-04-05,3483,233166,2298,118718,926,105430,259,9018,2178,71450,1296,85095,2437,156545,California
Santa Barbara,2021-04-06,5505,238671,2838,121556,2115,107545,552,9570,3358,73229,2127,87222,3906,160451,California
Santa Barbara,2021-04-07,6028,244699,3291,124847,2195,109740,542,10112,4088,75927,1931,89153,4629,165080,California
Santa Barbara,2021-04-08,7430,252129,5047,129894,654,110394,1729,11841,3429,77087,3993,93146,5153,170233,California
Santa Barbara,2021-04-09,7343,259472,4887,134781,1094,111488,1362,13203,3307,77724,4025,97171,4662,174895,California
Santa Barbara,2021-04-10,6714,266186,4652,139433,1443,112931,619,13822,4564,80763,2141,99312,5180,180075,California
Santa Barbara,2021-04-11,2682,268868,1966,141399,413,113344,303,14125,1856,82096,820,100132,2153,182228,California
Santa Barbara,2021-04-12,4432,273300,2849,144248,1028,114372,555,14680,1917,82060,2507,102639,2471,184699,California
Santa Barbara,2021-04-13,6387,279687,4190,148438,2191,116563,6,14686,2661,81005,3721,106360,2666,187365,California
Santa Barbara,2021-04-14,6812,286499,4422,152860,2388,118951,2,14688,4244,82695,2557,108917,4247,191612,California
Santa Barbara,2021-04-15,7016,293515,4110,156970,2905,121856,1,14689,3775,83243,3229,112146,3777,195389,California
Santa Barbara,2021-04-16,6430,299945,3775,160745,2644,124500,11,14700,4424,85691,1986,114132,4434,199823,California
Santa Barbara,2021-04-17,5361,305306,3882,164627,1479,125979,0,14700,4098,88541,1248,115380,4098,203921,California
Santa Barbara,2021-04-18,2196,307502,1534,166161,662,126641,0,14700,381,87114,1809,117189,382,204303,California
Santa Barbara,2021-04-19,3278,310780,2260,168421,1012,127653,6,14706,1036,85923,2234,119423,1043,205346,California
Santa Barbara,2021-04-20,5975,316755,4001,172422,1973,129626,1,14707,1692,83348,4267,123690,1692,207038,California
Santa Barbara,2021-04-21,5569,322324,3683,176105,1886,131512,0,14707,1781,81361,3770,127460,1783,208821,California
Santa Barbara,2021-04-22,5148,327472,2601,178706,2546,134058,1,14708,1480,79195,3649,131109,1483,210304,California
Santa Barbara,2021-04-23,5627,333099,3897,182603,1730,135788,0,14708,1991,77565,3621,134730,1991,212295,California
Santa Barbara,2021-04-24,4424,337523,2871,185474,1548,137336,5,14713,1632,76430,2773,137503,1638,213933,California
Santa Barbara,2021-04-25,1844,339367,1184,186658,660,137996,0,14713,498,75592,1336,138839,498,214431,California
Santa Barbara,2021-04-26,3256,342623,1989,188647,1246,139242,21,14734,560,73485,2689,141528,582,215013,California
Santa Barbara,2021-04-27,3988,346611,2192,190839,1694,140936,102,14836,1177,71963,2801,144329,1279,216292,California
Santa Barbara,2021-04-28,4927,351538,2875,193714,1936,142872,116,14952,1398,69968,3513,147842,1518,217810,California
Santa Barbara,2021-04-29,5272,356810,3816,197530,1229,144101,227,15179,1435,67808,3820,151662,1660,219470,California
Santa Barbara,2021-04-30,4967,361777,3713,201243,1090,145191,164,15343,1410,65842,3539,155201,1573,221043,California
Santa Barbara,2021-05-01,5248,367025,4050,205293,1164,146355,34,15377,892,62430,4340,159541,928,221971,California
Santa Barbara,2021-05-02,1131,368156,668,205961,335,146690,128,15505,304,62036,826,160367,432,222403,California
Santa Barbara,2021-05-03,2203,370359,1476,207437,589,147279,138,15643,441,60857,1755,162122,576,222979,California
Santa Barbara,2021-05-04,3317,373676,1693,209130,1552,148831,72,15715,1149,59924,2153,164275,1220,224199,California
Santa Barbara,2021-05-05,5457,379133,3684,212814,1626,150457,147,15862,633,55896,4810,169085,782,224981,California
Santa Barbara,2021-05-06,5079,384212,3927,216741,1047,151504,105,15967,970,52879,4092,173177,1075,226056,California
Santa Barbara,2021-05-07,4663,388875,3643,220384,840,152344,180,16147,996,50401,3651,176828,1173,227229,California
Santa Barbara,2021-05-08,4303,393178,3190,223574,1015,153359,98,16245,907,48023,3384,180212,1006,228235,California
Santa Barbara,2021-05-09,702,393880,111,223685,551,153910,40,16285,463,48289,238,180450,504,228739,California
Santa Barbara,2021-05-10,1360,395240,657,224342,619,154529,84,16369,376,47767,981,181431,459,229198,California
Santa Barbara,2021-05-11,1934,397174,839,225181,799,155328,296,16665,443,47022,1481,182912,736,229934,California
Santa Barbara,2021-05-12,2084,399258,744,225925,1116,156444,224,16889,524,46223,1547,184459,748,230682,California
Santa Barbara,2021-05-13,3895,403153,2789,228714,908,157352,198,17087,1236,45010,2646,187105,1433,232115,California
Santa Barbara,2021-05-14,4151,407304,2525,231239,1532,158884,94,17181,1616,44199,2520,189625,1709,233824,California
Santa Barbara,2021-05-15,3523,410827,2562,233801,942,159826,19,17200,1844,44396,1667,191292,1864,235688,California
Santa Barbara,2021-05-16,1137,411964,521,234322,501,160327,115,17315,528,44436,603,191895,643,236331,California
Santa Barbara,2021-05-17,1641,413605,936,235258,642,160969,63,17378,862,44587,773,192668,924,237255,California
Santa Barbara,2021-05-18,1857,415462,1160,236418,602,161571,95,17473,975,44792,866,193534,1071,238326,California
Santa Barbara,2021-05-19,1769,417231,975,237393,754,162325,40,17513,808,44687,952,194486,847,239173,California
Santa Barbara,2021-05-20,1751,418982,952,238345,680,163005,119,17632,878,44824,861,195347,998,240171,California
Santa Barbara,2021-05-21,3460,422442,2340,240685,1066,164071,54,17686,1256,43946,2189,197536,1311,241482,California
Santa Barbara,2021-05-22,2467,424909,1705,242390,718,164789,44,17730,1397,44326,1062,198598,1442,242924,California
Santa Barbara,2021-05-23,764,425673,339,242729,395,165184,30,17760,413,44419,350,198948,443,243367,California
Santa Barbara,2021-05-24,1007,426680,588,243317,356,165540,63,17823,484,44448,518,199466,547,243914,California
Santa Barbara,2021-05-25,1405,428085,568,243885,768,166308,69,17892,462,44042,937,200403,531,244445,California
Santa Barbara,2021-05-26,3011,431096,1709,245594,1180,167488,122,18014,838,42843,2158,202561,959,245404,California
Santa Barbara,2021-05-27,1953,433049,1212,246806,599,168087,142,18156,825,42690,1121,203682,968,246372,California
Santa Barbara,2021-05-28,1505,434554,698,247504,655,168742,152,18308,614,42568,888,204570,766,247138,California
Santa Barbara,2021-05-29,904,435458,319,247823,548,169290,37,18345,364,42432,537,205107,401,247539,California
Santa Barbara,2021-05-30,509,435967,179,248002,231,169521,99,18444,184,42391,323,205430,282,247821,California
Santa Barbara,2021-05-31,95,436062,42,248044,43,169564,10,18454,22,42350,72,205502,31,247852,California
Santa Barbara,2021-06-01,1132,437194,592,248636,482,170046,58,18512,441,42164,685,206187,499,248351,California
Santa Barbara,2021-06-02,980,438174,585,249221,312,170358,83,18595,423,42116,553,206740,505,248856,California
Santa Barbara,2021-06-03,2058,440232,1547,250768,454,170812,57,18652,614,41348,1436,208176,668,249524,California
Santa Barbara,2021-06-04,1456,441688,670,251438,646,171458,140,18792,487,41011,960,209136,623,250147,California
Santa Barbara,2021-06-05,2911,444599,2211,253649,648,172106,52,18844,479,39120,2421,211557,530,250677,California
Santa Barbara,2021-06-06,913,445512,482,254131,412,172518,19,18863,228,38685,682,212239,247,250924,California
Santa Barbara,2021-06-07,1169,446681,832,254963,285,172803,52,18915,300,38171,866,213105,352,251276,California
Santa Barbara,2021-06-08,1111,447792,711,255674,368,173171,32,18947,291,37679,814,213919,322,251598,California
Santa Barbara,2021-06-09,1021,448813,695,256369,241,173412,85,19032,315,37376,703,214622,400,251998,California
Santa Barbara,2021-06-10,2387,451200,2073,258442,243,173655,71,19103,524,36111,1860,216482,595,252593,California
Santa Barbara,2021-06-11,1308,452508,606,259048,598,174253,104,19207,391,35695,911,217393,495,253088,California
Santa Barbara,2021-06-12,889,453397,598,259646,268,174521,23,19230,233,35302,648,218041,255,253343,California
Santa Barbara,2021-06-13,487,453884,299,259945,91,174612,97,19327,127,35168,358,218399,224,253567,California
Santa Barbara,2021-06-14,1254,455138,856,260801,322,174934,76,19403,334,34666,912,219311,410,253977,California
Santa Barbara,2021-06-15,1145,456283,755,261556,355,175289,35,19438,396,34355,742,220053,431,254408,California
Santa Barbara,2021-06-16,932,457215,646,262202,239,175528,47,19485,352,34178,574,220627,397,254805,California
Santa Barbara,2021-06-17,1874,459089,1544,263746,241,175769,89,19574,622,33639,1249,221876,710,255515,California
Santa Barbara,2021-06-18,1109,460198,715,264461,295,176064,99,19673,363,33359,742,222618,462,255977,California
Santa Barbara,2021-06-19,540,460738,363,264824,145,176209,32,19705,250,33354,287,222905,282,256259,California
Santa Barbara,2021-06-20,369,461107,211,265035,148,176357,10,19715,153,33301,215,223120,162,256421,California
Santa Barbara,2021-06-21,527,461634,264,265299,210,176567,53,19768,275,33382,247,223367,328,256749,California
Santa Barbara,2021-06-22,764,462398,495,265794,238,176805,31,19799,298,33248,462,223829,328,257077,California
Santa Barbara,2021-06-23,778,463176,563,266357,183,176988,32,19831,333,33172,440,224269,364,257441,California
Santa Barbara,2021-06-24,1355,464531,1147,267504,150,177138,58,19889,579,33038,769,225038,635,258076,California
Santa Barbara,2021-06-25,970,465501,616,268120,292,177430,62,19951,448,33029,518,225556,509,258585,California
Santa Barbara,2021-06-26,508,466009,355,268475,122,177552,31,19982,201,32954,307,225863,232,258817,California
Santa Barbara,2021-06-27,391,466400,256,268731,73,177625,62,20044,188,33005,199,226062,250,259067,California
Santa Barbara,2021-06-28,466,466866,305,269036,127,177752,34,20078,237,33047,229,226291,271,259338,California
Santa Barbara,2021-06-29,556,467422,377,269413,164,177916,15,20093,267,33045,283,226574,281,259619,California
Santa Barbara,2021-06-30,650,468072,462,269875,149,178065,39,20132,314,33071,327,226901,353,259972,California
Santa Barbara,2021-07-01,1063,469135,795,270670,119,178184,149,20281,413,32984,648,227549,561,260533,California
Santa Barbara,2021-07-02,731,469866,499,271169,177,178361,55,20336,366,33042,363,227912,421,260954,California
Santa Barbara,2021-07-03,348,470214,220,271389,118,178479,10,20346,154,33015,190,228102,163,261117,California
Santa Barbara,2021-07-04,25,470239,15,271404,10,178489,0,20346,9,33008,16,228118,9,261126,California
Santa Barbara,2021-07-05,362,470601,237,271641,121,178610,4,20350,157,32965,204,228322,161,261287,California
Santa Clara,2020-12-15,71,71,71,71,0,0,0,0,71,71,0,0,71,71,California
Santa Clara,2020-12-16,152,223,152,223,0,0,0,0,152,223,0,0,152,223,California
Santa Clara,2020-12-17,408,631,408,631,0,0,0,0,408,631,0,0,408,631,California
Santa Clara,2020-12-18,1756,2387,1756,2387,0,0,0,0,1756,2387,0,0,1756,2387,California
Santa Clara,2020-12-19,2077,4464,2077,4464,0,0,0,0,2076,4463,0,0,2076,4463,California
Santa Clara,2020-12-20,1905,6369,1904,6368,1,1,0,0,1902,6365,0,0,1902,6365,California
Santa Clara,2020-12-21,2675,9044,2675,9043,0,1,0,0,2672,9036,1,1,2672,9037,California
Santa Clara,2020-12-22,3129,12173,3122,12165,7,8,0,0,3124,12158,2,3,3124,12161,California
Santa Clara,2020-12-23,3277,15450,3087,15252,190,198,0,0,3274,15431,1,4,3274,15435,California
Santa Clara,2020-12-24,1890,17340,1699,16951,191,389,0,0,1883,17312,2,6,1883,17318,California
Santa Clara,2020-12-25,349,17689,348,17299,1,390,0,0,349,17661,0,6,349,17667,California
Santa Clara,2020-12-26,1276,18965,1041,18340,235,625,0,0,1275,18936,0,6,1275,18942,California
Santa Clara,2020-12-27,659,19624,516,18856,143,768,0,0,659,19595,0,6,659,19601,California
Santa Clara,2020-12-28,2352,21976,1741,20597,611,1379,0,0,2352,21947,0,6,2352,21953,California
Santa Clara,2020-12-29,2376,24352,1510,22107,866,2245,0,0,2374,24321,0,6,2374,24327,California
Santa Clara,2020-12-30,2997,27349,1898,24005,1099,3344,0,0,2994,27312,3,9,2994,27321,California
Santa Clara,2020-12-31,1238,28587,399,24404,839,4183,0,0,1237,28548,1,10,1237,28558,California
Santa Clara,2021-01-01,151,28738,15,24419,136,4319,0,0,150,28697,1,11,150,28708,California
Santa Clara,2021-01-02,1098,29836,820,25239,278,4597,0,0,1098,29795,0,11,1098,29806,California
Santa Clara,2021-01-03,589,30425,372,25611,217,4814,0,0,584,30376,3,14,584,30390,California
Santa Clara,2021-01-04,2485,32910,1680,27291,805,5619,0,0,2482,32858,0,14,2482,32872,California
Santa Clara,2021-01-05,3104,36014,2035,29326,1069,6688,0,0,2910,35581,193,207,2916,35788,California
Santa Clara,2021-01-06,3369,39383,1994,31320,1375,8063,0,0,2760,37740,604,811,2763,38551,California
Santa Clara,2021-01-07,4240,43623,2577,33897,1663,9726,0,0,3152,39822,1077,1888,3159,41710,California
Santa Clara,2021-01-08,5893,49516,3857,37754,2036,11762,0,0,3774,41486,2110,3998,3774,45484,California
Santa Clara,2021-01-09,3039,52555,1917,39671,1122,12884,0,0,1717,41887,1319,5317,1720,47204,California
Santa Clara,2021-01-10,1973,54528,1523,41194,450,13334,0,0,752,41420,1219,6536,752,47956,California
Santa Clara,2021-01-11,6000,60528,3795,44989,2205,15539,0,0,3402,42233,2595,9131,3408,51364,California
Santa Clara,2021-01-12,6912,67440,3508,48497,3404,18943,0,0,4572,44481,2325,11456,4573,55937,California
Santa Clara,2021-01-13,7475,74915,3141,51638,4334,23277,0,0,5220,47451,2251,13707,5221,61158,California
Santa Clara,2021-01-14,8317,83232,2871,54509,5446,28723,0,0,6515,52175,1793,15500,6517,67675,California
Santa Clara,2021-01-15,9568,92800,2772,57281,6796,35519,0,0,8161,58940,1401,16901,8166,75841,California
Santa Clara,2021-01-16,4360,97160,1258,58539,3102,38621,0,0,3499,61582,857,17758,3499,79340,California
Santa Clara,2021-01-17,3245,100405,619,59158,2626,41247,0,0,2734,63809,507,18265,2734,82074,California
Santa Clara,2021-01-18,5125,105530,1178,60336,3947,45194,0,0,4560,67805,565,18830,4561,86635,California
Santa Clara,2021-01-19,8523,114053,2706,63042,5817,51011,0,0,6819,72927,1700,20530,6822,93457,California
Santa Clara,2021-01-20,8455,122508,4455,67497,4000,55011,0,0,6884,78245,1566,22096,6884,100341,California
Santa Clara,2021-01-21,8921,131429,3951,71448,4970,59981,0,0,7634,84599,1282,23378,7636,107977,California
Santa Clara,2021-01-22,8742,140171,3311,74759,5431,65412,0,0,8160,92184,578,23956,8163,116140,California
Santa Clara,2021-01-23,3810,143981,1685,76444,2125,67537,0,0,2840,94055,970,24926,2841,118981,California
Santa Clara,2021-01-24,2852,146833,1431,77875,1421,68958,0,0,2356,95920,491,25417,2356,121337,California
Santa Clara,2021-01-25,8410,155243,3808,81683,4602,73560,0,0,6321,100162,2081,27498,6323,127660,California
Santa Clara,2021-01-26,8326,163569,3796,85479,4530,78090,0,0,6171,104192,2144,29642,6174,133834,California
Santa Clara,2021-01-27,8817,172386,3888,89367,4929,83019,0,0,6868,109133,1928,31570,6869,140703,California
Santa Clara,2021-01-28,9555,181941,3828,93195,5727,88746,0,0,7553,114710,1981,33551,7558,148261,California
Santa Clara,2021-01-29,9618,191559,3968,97163,5650,94396,0,0,7415,119936,2190,35741,7416,155677,California
Santa Clara,2021-01-30,4213,195772,2094,99257,2119,96515,0,0,2984,121701,1220,36961,2985,158662,California
Santa Clara,2021-01-31,2205,197977,1324,100581,881,97396,0,0,1595,122694,602,37563,1595,160257,California
Santa Clara,2021-02-01,7879,205856,3515,104096,4364,101760,0,0,6159,127148,1707,39270,6161,166418,California
Santa Clara,2021-02-02,8669,214525,2901,106997,5768,107528,0,0,6617,131726,2042,41312,6620,173038,California
Santa Clara,2021-02-03,9294,223819,3502,110499,5792,113320,0,0,6981,136406,2307,43619,6987,180025,California
Santa Clara,2021-02-04,11044,234863,4181,114680,6863,120183,0,0,8711,142800,2321,45940,8715,188740,California
Santa Clara,2021-02-05,12042,246905,4386,119066,7656,127839,0,0,8548,147873,3476,49416,8549,197289,California
Santa Clara,2021-02-06,5235,252140,2841,121907,2394,130233,0,0,4049,150743,1181,50597,4051,201340,California
Santa Clara,2021-02-07,3492,255632,2359,124266,1133,131366,0,0,3033,153321,456,51053,3034,204374,California
Santa Clara,2021-02-08,10077,265709,3532,127798,6545,137911,0,0,7333,157923,2732,53785,7334,211708,California
Santa Clara,2021-02-09,11232,276941,3838,131636,7394,145305,0,0,7702,162115,3514,57299,7706,219414,California
Santa Clara,2021-02-10,12796,289737,4968,136604,7828,153133,0,0,6636,162614,6141,63440,6640,226054,California
Santa Clara,2021-02-11,13656,303393,4788,141392,8868,162001,0,0,7660,164299,5977,69417,7662,233716,California
Santa Clara,2021-02-12,14709,318102,4542,145934,10167,172168,0,0,6991,163600,7692,77109,6993,240709,California
Santa Clara,2021-02-13,6178,324280,1502,147436,4676,176844,0,0,2248,161929,3921,81030,2250,242959,California
Santa Clara,2021-02-14,4656,328936,1165,148601,3491,180335,0,0,1480,160239,3172,84202,1482,244441,California
Santa Clara,2021-02-15,6334,335270,2826,151427,3508,183843,0,0,2733,159381,3592,87794,2734,247175,California
Santa Clara,2021-02-16,13917,349187,4034,155461,9883,193726,0,0,6980,159448,6914,94708,6981,254156,California
Santa Clara,2021-02-17,14165,363352,5563,161024,8602,202328,0,0,7052,159415,7091,101799,7058,261214,California
Santa Clara,2021-02-18,14362,377714,8470,169494,5892,208220,0,0,7313,159731,7001,108800,7317,268531,California
Santa Clara,2021-02-19,15038,392752,9658,179152,5380,213600,0,0,8734,162191,6281,115081,8741,277272,California
Santa Clara,2021-02-20,7073,399825,5298,184450,1775,215375,0,0,3799,162734,3257,118338,3800,281072,California
Santa Clara,2021-02-21,3442,403267,2564,187014,878,216253,0,0,1284,161881,2139,120477,1286,282358,California
Santa Clara,2021-02-22,10791,414058,6432,193446,4359,220612,0,0,5001,161123,5760,126237,5002,287360,California
Santa Clara,2021-02-23,12496,426554,8064,201510,4432,225044,0,0,7059,162774,5412,131649,7063,294423,California
Santa Clara,2021-02-24,14763,441317,9490,211000,5273,230317,0,0,9074,166182,5666,137315,9074,303497,California
Santa Clara,2021-02-25,15298,456615,9738,220738,5560,235877,0,0,8329,167582,6937,144252,8337,311834,California
Santa Clara,2021-02-26,15022,471637,8704,229442,6318,242195,0,0,8176,168952,6813,151065,8183,320017,California
Santa Clara,2021-02-27,8326,479963,5742,235184,2583,244778,1,1,4643,169932,3671,154736,4651,324668,California
Santa Clara,2021-02-28,5384,485347,3678,238862,1706,246484,0,1,2670,169905,2698,157434,2671,327339,California
Santa Clara,2021-03-01,14567,499914,8378,247240,6183,252667,6,7,9021,173409,5523,162957,9027,336366,California
Santa Clara,2021-03-02,16173,516087,9571,256811,6600,259267,2,9,10318,177900,5829,168786,10320,346686,California
Santa Clara,2021-03-03,18698,534785,9255,266066,9439,268706,4,13,11625,182502,7031,175817,11633,358319,California
Santa Clara,2021-03-04,16587,551372,9025,275091,7559,276265,3,16,9645,185302,6851,182668,9651,367970,California
Santa Clara,2021-03-05,16648,568020,9263,284354,7259,283524,126,142,9239,187290,7383,190051,9371,377341,California
Santa Clara,2021-03-06,9452,577472,6326,290680,2676,286200,450,592,7090,192480,2350,192401,7540,384881,California
Santa Clara,2021-03-07,6841,584313,4482,295162,2112,288312,247,839,5443,196781,1386,193787,5687,390568,California
Santa Clara,2021-03-08,12939,597252,6745,301907,5621,293933,573,1412,8299,201026,4624,198411,8869,399437,California
Santa Clara,2021-03-09,15329,612581,6536,308443,7464,301397,1329,2741,6909,200856,8397,206808,8227,407664,California
Santa Clara,2021-03-10,15290,627871,6711,315154,6464,307861,2115,4856,6319,200321,8937,215745,8402,416066,California
Santa Clara,2021-03-11,17152,645023,7798,322952,7850,315711,1504,6360,6076,196846,11036,226781,7561,423627,California
Santa Clara,2021-03-12,17765,662788,9134,332086,7061,322772,1570,7930,5948,192567,11767,238548,7488,431115,California
Santa Clara,2021-03-13,10876,673664,6302,338388,3070,325842,1504,9434,4838,192865,6012,244560,6310,437425,California
Santa Clara,2021-03-14,6550,680214,3407,341795,1838,327680,1305,10739,3172,193965,3359,247919,4459,441884,California
Santa Clara,2021-03-15,12856,693070,6570,348365,6008,333688,278,11017,5923,193262,6903,254822,6200,448084,California
Santa Clara,2021-03-16,18336,711406,10359,358724,7768,341456,209,11226,8762,192687,9543,264365,8968,457052,California
Santa Clara,2021-03-17,20119,731525,11437,370161,8513,349969,169,11395,10284,193357,9777,274142,10447,467499,California
Santa Clara,2021-03-18,19340,750865,9081,379242,9096,359065,1163,12558,9056,193339,10224,284366,10206,477705,California
Santa Clara,2021-03-19,19563,770428,10098,389340,8457,367522,1008,13566,9995,194833,9499,293865,10993,488698,California
Santa Clara,2021-03-20,11610,782038,6404,395744,4374,371896,832,14398,6752,197585,4827,298692,7579,496277,California
Santa Clara,2021-03-21,8372,790410,3848,399592,3129,375025,1395,15793,5352,201312,3003,301695,6730,503007,California
Santa Clara,2021-03-22,16562,806972,9236,408828,6972,381997,354,16147,9156,203443,7375,309070,9506,512513,California
Santa Clara,2021-03-23,19514,826486,12394,421222,6595,388592,525,16672,11224,206950,8237,317307,11744,524257,California
Santa Clara,2021-03-24,22823,849309,14646,435868,7759,396351,418,17090,14654,213896,8125,325432,15071,539328,California
Santa Clara,2021-03-25,23121,872430,13225,449093,8904,405255,992,18082,14842,221507,8205,333637,15816,555144,California
Santa Clara,2021-03-26,22133,894563,14066,463159,7675,412930,392,18474,13621,227040,8470,342107,14003,569147,California
Santa Clara,2021-03-27,15788,910351,10502,473661,4516,417446,770,19244,8475,229015,7265,349372,9240,578387,California
Santa Clara,2021-03-28,12095,922446,8390,482051,2988,420434,717,19961,6493,230642,5575,354947,7202,585589,California
Santa Clara,2021-03-29,20709,943155,12643,494694,7339,427773,727,20688,11212,233118,9451,364398,11927,597516,California
Santa Clara,2021-03-30,25795,968950,15287,509981,8557,436330,1951,22639,16222,241747,9528,373926,18157,615673,California
Santa Clara,2021-03-31,20639,989589,11940,521921,7562,443892,1137,23776,12566,247411,8023,381949,13687,629360,California
Santa Clara,2021-04-01,32054,1021643,19886,541807,9050,452942,3118,26894,20237,258983,11739,393688,23311,652671,California
Santa Clara,2021-04-02,25430,1047073,14400,556207,8801,461743,2229,29123,16596,268994,8786,402474,18797,671468,California
Santa Clara,2021-04-03,15396,1062469,9327,565534,3522,465265,2547,31670,8518,273180,6855,409329,11041,682509,California
Santa Clara,2021-04-04,7665,1070134,4052,569586,2436,467701,1177,32847,3978,274641,3675,413004,5136,687645,California
Santa Clara,2021-04-05,22015,1092149,14623,584209,4892,472593,2500,35347,14386,283909,7594,420598,16862,704507,California
Santa Clara,2021-04-06,29775,1121924,16372,600581,7903,480496,5500,40847,17840,295324,11878,432476,23293,727800,California
Santa Clara,2021-04-07,31067,1152991,16031,616612,8515,489011,6521,47368,18952,308699,12054,444530,25429,753229,California
Santa Clara,2021-04-08,30177,1183168,16462,633074,6063,495074,7652,55020,16424,319043,13673,458203,24017,777246,California
Santa Clara,2021-04-09,28280,1211448,13993,647067,6959,502033,7328,62348,14445,326981,13764,471967,21702,798948,California
Santa Clara,2021-04-10,21662,1233110,12480,659547,3811,505844,5371,67719,11551,333775,10070,482037,16864,815812,California
Santa Clara,2021-04-11,16109,1249219,9653,669200,2668,508512,3788,71507,8335,338128,7739,489776,12092,827904,California
Santa Clara,2021-04-12,27160,1276379,19078,688278,5594,514106,2488,73995,18466,350440,8628,498404,20940,848844,California
Santa Clara,2021-04-13,34685,1311064,27270,715548,7386,521492,29,74024,26709,369304,7897,506301,26761,875605,California
Santa Clara,2021-04-14,37222,1348286,28207,743755,9011,530503,4,74028,26382,384963,10766,517067,26425,902030,California
Santa Clara,2021-04-15,44698,1392984,34581,778336,10111,540614,6,74034,34350,409120,10225,527292,34382,936412,California
Santa Clara,2021-04-16,38905,1431889,26630,804966,12271,552885,4,74038,27817,425965,11003,538295,27848,964260,California
Santa Clara,2021-04-17,22368,1454257,15298,820264,7068,559953,2,74040,15354,434392,6949,545244,15376,979636,California
Santa Clara,2021-04-18,16958,1471215,11151,831415,5807,565760,0,74040,10602,438684,6323,551567,10615,990251,California
Santa Clara,2021-04-19,29337,1500552,21204,852619,8132,573892,1,74041,17566,444594,11692,563259,17602,1007853,California
Santa Clara,2021-04-20,38139,1538691,23497,876116,14640,588532,2,74043,23242,453103,14774,578033,23283,1031136,California
Santa Clara,2021-04-21,38196,1576887,22575,898691,15619,604151,2,74045,25013,465084,13075,591108,25056,1056192,California
Santa Clara,2021-04-22,37979,1614866,25473,924164,12505,616656,1,74046,17887,463066,19982,611090,17964,1074156,California
Santa Clara,2021-04-23,32789,1647655,20160,944324,12628,629284,1,74047,15340,461128,17339,628429,15401,1089557,California
Santa Clara,2021-04-24,21223,1668878,15504,959828,5718,635002,1,74048,12053,464119,9095,637524,12086,1101643,California
Santa Clara,2021-04-25,13612,1682490,9840,969668,3766,638768,6,74054,8684,467949,4884,642408,8714,1110357,California
Santa Clara,2021-04-26,25527,1708017,19715,989383,5752,644520,60,74114,10614,463834,14814,657222,10699,1121056,California
Santa Clara,2021-04-27,28003,1736020,19968,1009351,7648,652168,387,74501,12209,460784,15698,672920,12648,1133704,California
Santa Clara,2021-04-28,26587,1762607,19796,1029147,6352,658520,439,74940,11276,457347,15223,688143,11786,1145490,California
Santa Clara,2021-04-29,24518,1787125,17993,1047140,6125,664645,400,75340,9220,451836,15214,703357,9703,1155193,California
Santa Clara,2021-04-30,23698,1810823,16342,1063482,6986,671631,370,75710,10140,448976,13461,716818,10601,1165794,California
Santa Clara,2021-05-01,17526,1828349,14522,1078004,2739,674370,265,75975,5512,442838,11959,728777,5821,1171615,California
Santa Clara,2021-05-02,11310,1839659,9383,1087387,1693,676063,234,76209,3492,438812,7772,736549,3746,1175361,California
Santa Clara,2021-05-03,22893,1862552,19386,1106773,3075,679138,432,76641,5142,426760,17671,754220,5619,1180980,California
Santa Clara,2021-05-04,31172,1893724,24496,1131269,6132,685270,544,77185,5563,407419,25497,779717,6156,1187136,California
Santa Clara,2021-05-05,32796,1926520,25045,1156314,7207,692477,544,77729,5531,386357,27166,806883,6104,1193240,California
Santa Clara,2021-05-06,35960,1962480,30031,1186345,5456,697933,473,78202,4784,360598,31039,837922,5280,1198520,California
Santa Clara,2021-05-07,32915,1995395,26494,1212839,5931,703864,490,78692,4709,337777,28069,865991,5248,1203768,California
Santa Clara,2021-05-08,17225,2012620,14124,1226963,2676,706540,425,79117,3716,328516,13417,879408,4156,1207924,California
Santa Clara,2021-05-09,10576,2023196,9204,1236167,1186,707726,186,79303,2333,322843,8205,887613,2532,1210456,California
Santa Clara,2021-05-10,21153,2044349,16977,1253144,3773,711499,403,79706,2646,307491,18422,906035,3070,1213526,California
Santa Clara,2021-05-11,22887,2067236,17323,1270467,5119,716618,445,80151,4024,293196,18770,924805,4475,1218001,California
Santa Clara,2021-05-12,21567,2088803,15887,1286354,5156,721774,524,80675,4245,280749,17222,942027,4775,1222776,California
Santa Clara,2021-05-13,28357,2117160,22980,1309334,5075,726849,302,80977,11265,275322,17003,959030,11576,1234352,California
Santa Clara,2021-05-14,27961,2145121,19567,1328901,8004,734853,390,81367,9640,267143,18222,977252,10043,1244395,California
Santa Clara,2021-05-15,21010,2166131,16904,1345805,3825,738678,281,81648,8141,262792,12781,990033,8430,1252825,California
Santa Clara,2021-05-16,16420,2182551,13426,1359231,2818,741496,176,81824,5366,257367,10970,1001003,5545,1258370,California
Santa Clara,2021-05-17,20440,2202991,16085,1375316,3987,745483,368,82192,6862,251099,13500,1014503,7232,1265602,California
Santa Clara,2021-05-18,26192,2229183,16745,1392061,9032,754515,415,82607,7167,239796,18886,1033389,7583,1273185,California
Santa Clara,2021-05-19,24631,2253814,14416,1406477,9792,764307,423,83030,7304,230317,17213,1050602,7734,1280919,California
Santa Clara,2021-05-20,18539,2272353,12201,1418678,5887,770194,451,83481,6100,224516,12348,1062950,6547,1287466,California
Santa Clara,2021-05-21,22337,2294690,14849,1433527,6991,777185,497,83978,7381,217562,14846,1077796,7892,1295358,California
Santa Clara,2021-05-22,12993,2307683,9843,1443370,2795,779980,355,84333,5692,216379,7235,1085031,6052,1301410,California
Santa Clara,2021-05-23,8408,2316091,6255,1449625,1951,781931,202,84535,3380,214981,4982,1090013,3584,1304994,California
Santa Clara,2021-05-24,10914,2327005,7876,1457501,2589,784520,449,84984,3788,212154,7065,1097078,4238,1309232,California
Santa Clara,2021-05-25,11491,2338496,7955,1465456,3117,787637,419,85403,4400,209957,7014,1104092,4817,1314049,California
Santa Clara,2021-05-26,10434,2348930,6772,1472228,3325,790962,337,85740,3962,207884,6366,1110458,4293,1318342,California
Santa Clara,2021-05-27,9414,2358344,6009,1478237,2930,793892,475,86215,3511,206028,5835,1116293,3979,1322321,California
Santa Clara,2021-05-28,10905,2369249,7074,1485311,3402,797294,429,86644,4446,204513,6392,1122685,4877,1327198,California
Santa Clara,2021-05-29,6354,2375603,4333,1489644,1739,799033,282,86926,2707,203895,3604,1126289,2986,1330184,California
Santa Clara,2021-05-30,3862,2379465,2906,1492550,747,799780,209,87135,1830,203930,2003,1128292,2038,1332222,California
Santa Clara,2021-05-31,1097,2380562,629,1493179,359,800139,109,87244,439,203828,650,1128942,548,1332770,California
Santa Clara,2021-06-01,9080,2389642,6377,1499556,2319,802458,384,87628,3009,201226,5994,1134936,3392,1336162,California
Santa Clara,2021-06-02,7710,2397352,5540,1505096,1818,804276,352,87980,2907,199731,4745,1139681,3250,1339412,California
Santa Clara,2021-06-03,12244,2409596,10137,1515233,1740,806016,367,88347,2631,193179,9553,1149234,3001,1342413,California
Santa Clara,2021-06-04,13619,2423215,11405,1526638,1898,807914,316,88663,3282,186498,10272,1159506,3591,1346004,California
Santa Clara,2021-06-05,10509,2433724,9033,1535671,1216,809130,260,88923,2194,180688,8262,1167768,2452,1348456,California
Santa Clara,2021-06-06,6929,2440653,6179,1541850,596,809726,154,89077,1352,176670,5523,1173291,1505,1349961,California
Santa Clara,2021-06-07,9932,2450585,8372,1550222,1318,811044,242,89319,2296,171609,7597,1180888,2536,1352497,California
Santa Clara,2021-06-08,9173,2459758,7493,1557715,1410,812454,270,89589,2452,167666,6662,1187550,2719,1355216,California
Santa Clara,2021-06-09,9538,2469296,7958,1565673,1327,813781,253,89842,2261,162962,7213,1194763,2509,1357725,California
Santa Clara,2021-06-10,8329,2477625,6915,1572588,1084,814865,330,90172,2251,159515,6024,1200787,2577,1360302,California
Santa Clara,2021-06-11,10245,2487870,8698,1581286,1269,816134,278,90450,2526,154651,7668,1208455,2804,1363106,California
Santa Clara,2021-06-12,7187,2495057,5988,1587274,1034,817168,165,90615,1700,151076,5441,1213896,1866,1364972,California
Santa Clara,2021-06-13,3745,2498802,3026,1590300,606,817774,113,90728,870,149209,2850,1216746,983,1365955,California
Santa Clara,2021-06-14,5979,2504781,4834,1595134,912,818686,233,90961,1948,147393,3997,1220743,2181,1368136,California
Santa Clara,2021-06-15,7366,2512147,5965,1601099,1100,819786,301,91262,2077,144534,5239,1225982,2380,1370516,California
Santa Clara,2021-06-16,6371,2518518,5157,1606256,906,820692,308,91570,2092,142704,4231,1230213,2401,1372917,California
Santa Clara,2021-06-17,5368,2523886,4348,1610604,775,821467,245,91815,1836,141320,3461,1233674,2077,1374994,California
Santa Clara,2021-06-18,5447,2529333,4393,1614997,882,822349,172,91987,1791,139708,3574,1237248,1962,1376956,California
Santa Clara,2021-06-19,4528,2533861,3622,1618619,705,823054,201,92188,1285,137989,3205,1240453,1486,1378442,California
Santa Clara,2021-06-20,2146,2536007,1761,1620380,321,823375,64,92252,676,137277,1452,1241905,740,1379182,California
Santa Clara,2021-06-21,3698,2539705,2784,1623164,687,824062,227,92479,1805,137446,1860,1243765,2029,1381211,California
Santa Clara,2021-06-22,5089,2544794,4060,1627224,805,824867,224,92703,1709,136035,3342,1247107,1931,1383142,California
Santa Clara,2021-06-23,4476,2549270,3521,1630745,755,825622,200,92903,1607,135005,2835,1249942,1805,1384947,California
Santa Clara,2021-06-24,4367,2553637,3379,1634124,784,826406,204,93107,1612,134119,2702,1252644,1816,1386763,California
Santa Clara,2021-06-25,5522,2559159,4511,1638635,801,827207,210,93317,1894,132645,3574,1256218,2100,1388863,California
Santa Clara,2021-06-26,3685,2562844,2936,1641571,610,827817,139,93456,1335,131807,2310,1258528,1472,1390335,California
Santa Clara,2021-06-27,1986,2564830,1549,1643120,350,828167,87,93543,685,131291,1287,1259815,771,1391106,California
Santa Clara,2021-06-28,4057,2568887,3422,1646542,408,828575,227,93770,1556,130599,2472,1262287,1780,1392886,California
Santa Clara,2021-06-29,4132,2573019,3218,1649760,732,829307,182,93952,1589,129863,2507,1264794,1771,1394657,California
Santa Clara,2021-06-30,3700,2576719,2895,1652655,629,829936,176,94128,1421,129209,2254,1267048,1600,1396257,California
Santa Clara,2021-07-01,3501,2580220,2770,1655425,538,830474,193,94321,1337,128592,2145,1269193,1528,1397785,California
Santa Clara,2021-07-02,4077,2584297,3307,1658732,605,831079,165,94486,1558,127834,2483,1271676,1725,1399510,California
Santa Clara,2021-07-03,2381,2586678,1861,1660593,412,831491,108,94594,984,127554,1372,1273048,1092,1400602,California
Santa Clara,2021-07-04,135,2586813,100,1660693,22,831513,13,94607,69,127571,65,1273113,82,1400684,California
Santa Clara,2021-07-05,1376,2588189,1007,1661700,269,831782,100,94707,528,127365,834,1273947,628,1401312,California
Santa Cruz,2020-12-15,2,2,2,2,0,0,0,0,2,2,0,0,2,2,California
Santa Cruz,2020-12-16,57,59,57,59,0,0,0,0,57,59,0,0,57,59,California
Santa Cruz,2020-12-17,389,448,389,448,0,0,0,0,389,448,0,0,389,448,California
Santa Cruz,2020-12-18,465,913,465,913,0,0,0,0,465,913,0,0,465,913,California
Santa Cruz,2020-12-19,183,1096,182,1095,1,1,0,0,183,1096,0,0,183,1096,California
Santa Cruz,2020-12-20,93,1189,93,1188,0,1,0,0,93,1189,0,0,93,1189,California
Santa Cruz,2020-12-21,437,1626,436,1624,1,2,0,0,437,1626,0,0,437,1626,California
Santa Cruz,2020-12-22,422,2048,421,2045,1,3,0,0,422,2048,0,0,422,2048,California
Santa Cruz,2020-12-23,369,2417,325,2370,44,47,0,0,369,2417,0,0,369,2417,California
Santa Cruz,2020-12-24,123,2540,47,2417,76,123,0,0,123,2540,0,0,123,2540,California
Santa Cruz,2020-12-25,9,2549,9,2426,0,123,0,0,9,2549,0,0,9,2549,California
Santa Cruz,2020-12-26,65,2614,46,2472,19,142,0,0,65,2614,0,0,65,2614,California
Santa Cruz,2020-12-27,32,2646,27,2499,5,147,0,0,32,2646,0,0,32,2646,California
Santa Cruz,2020-12-28,483,3129,108,2607,375,522,0,0,483,3129,0,0,483,3129,California
Santa Cruz,2020-12-29,795,3924,367,2974,428,950,0,0,795,3924,0,0,795,3924,California
Santa Cruz,2020-12-30,357,4281,165,3139,192,1142,0,0,357,4281,0,0,357,4281,California
Santa Cruz,2020-12-31,311,4592,11,3150,300,1442,0,0,311,4592,0,0,311,4592,California
Santa Cruz,2021-01-01,33,4625,1,3151,32,1474,0,0,33,4625,0,0,33,4625,California
Santa Cruz,2021-01-02,68,4693,55,3206,13,1487,0,0,68,4693,0,0,68,4693,California
Santa Cruz,2021-01-03,15,4708,7,3213,8,1495,0,0,15,4708,0,0,15,4708,California
Santa Cruz,2021-01-04,281,4989,123,3336,158,1653,0,0,279,4987,0,0,279,4987,California
Santa Cruz,2021-01-05,571,5560,434,3770,137,1790,0,0,269,4954,302,302,269,5256,California
Santa Cruz,2021-01-06,801,6361,669,4439,132,1922,0,0,463,5080,337,639,463,5719,California
Santa Cruz,2021-01-07,538,6899,211,4650,327,2249,0,0,384,5311,154,793,385,6104,California
Santa Cruz,2021-01-08,940,7839,566,5216,374,2623,0,0,491,5354,449,1242,492,6596,California
Santa Cruz,2021-01-09,467,8306,127,5343,340,2963,0,0,409,5705,58,1300,409,7005,California
Santa Cruz,2021-01-10,77,8383,68,5411,9,2972,0,0,20,5668,57,1357,20,7025,California
Santa Cruz,2021-01-11,729,9112,592,6003,137,3109,0,0,195,5330,534,1891,196,7221,California
Santa Cruz,2021-01-12,733,9845,529,6532,204,3313,0,0,491,5579,242,2133,491,7712,California
Santa Cruz,2021-01-13,532,10377,234,6766,298,3611,0,0,445,5940,84,2217,445,8157,California
Santa Cruz,2021-01-14,556,10933,103,6869,453,4064,0,0,490,6364,66,2283,490,8647,California
Santa Cruz,2021-01-15,1459,12392,77,6946,1382,5446,0,0,1395,7697,64,2347,1397,10044,California
Santa Cruz,2021-01-16,423,12815,53,6999,370,5816,0,0,404,8082,19,2366,404,10448,California
Santa Cruz,2021-01-17,299,13114,41,7040,258,6074,0,0,274,8331,25,2391,274,10722,California
Santa Cruz,2021-01-18,1013,14127,102,7142,911,6985,0,0,951,9220,62,2453,951,11673,California
Santa Cruz,2021-01-19,1627,15754,525,7667,1102,8087,0,0,1275,10146,350,2803,1276,12949,California
Santa Cruz,2021-01-20,1251,17005,182,7849,1069,9156,0,0,1049,10996,199,3002,1049,13998,California
Santa Cruz,2021-01-21,1753,18758,227,8076,1526,10682,0,0,1644,12533,109,3111,1646,15644,California
Santa Cruz,2021-01-22,1805,20563,525,8601,1280,11962,0,0,1702,14136,100,3211,1703,17347,California
Santa Cruz,2021-01-23,404,20967,150,8751,254,12216,0,0,344,14421,59,3270,344,17691,California
Santa Cruz,2021-01-24,111,21078,19,8770,92,12308,0,0,94,14498,17,3287,94,17785,California
Santa Cruz,2021-01-25,1063,22141,363,9133,700,13008,0,0,552,14539,511,3798,552,18337,California
Santa Cruz,2021-01-26,1698,23839,253,9386,1445,14453,0,0,1184,15209,514,4312,1184,19521,California
Santa Cruz,2021-01-27,1677,25516,455,9841,1222,15675,0,0,1287,16108,388,4700,1287,20808,California
Santa Cruz,2021-01-28,1768,27284,292,10133,1476,17151,0,0,1490,17321,278,4978,1491,22299,California
Santa Cruz,2021-01-29,1752,29036,492,10625,1260,18411,0,0,1618,18806,133,5111,1618,23917,California
Santa Cruz,2021-01-30,1075,30111,309,10934,766,19177,0,0,940,19611,135,5246,940,24857,California
Santa Cruz,2021-01-31,222,30333,110,11044,112,19289,0,0,208,19805,14,5260,208,25065,California
Santa Cruz,2021-02-01,1232,31565,755,11799,477,19766,0,0,824,20221,408,5668,824,25889,California
Santa Cruz,2021-02-02,1021,32586,130,11929,891,20657,0,0,865,20931,155,5823,865,26754,California
Santa Cruz,2021-02-03,2236,34822,956,12885,1280,21937,0,0,1919,22538,312,6135,1919,28673,California
Santa Cruz,2021-02-04,1854,36676,767,13652,1087,23024,0,0,1510,23706,342,6477,1510,30183,California
Santa Cruz,2021-02-05,3181,39857,788,14440,2393,25417,0,0,2861,26248,319,6796,2861,33044,California
Santa Cruz,2021-02-06,2585,42442,157,14597,2428,27845,0,0,2239,28141,346,7142,2239,35283,California
Santa Cruz,2021-02-07,916,43358,122,14719,794,28639,0,0,898,29021,18,7160,898,36181,California
Santa Cruz,2021-02-08,716,44074,200,14919,516,29155,0,0,517,29340,198,7358,517,36698,California
Santa Cruz,2021-02-09,2373,46447,1055,15974,1318,30473,0,0,2106,31179,267,7625,2106,38804,California
Santa Cruz,2021-02-10,2213,48660,576,16550,1637,32110,0,0,1510,31998,692,8317,1511,40315,California
Santa Cruz,2021-02-11,1865,50525,318,16868,1547,33657,0,0,1312,32759,551,8868,1312,41627,California
Santa Cruz,2021-02-12,3248,53773,425,17293,2823,36480,0,0,1829,33180,1410,10278,1831,43458,California
Santa Cruz,2021-02-13,1733,55506,125,17418,1608,38088,0,0,1319,34086,413,10691,1319,44777,California
Santa Cruz,2021-02-14,1408,56914,68,17486,1340,39428,0,0,1146,34970,262,10953,1146,45923,California
Santa Cruz,2021-02-15,1591,58505,283,17769,1308,40736,0,0,567,34514,1024,11977,568,46491,California
Santa Cruz,2021-02-16,1715,60220,216,17985,1499,42235,0,0,541,33903,1152,13129,541,47032,California
Santa Cruz,2021-02-17,2934,63154,981,18966,1953,44188,0,0,1221,33427,1700,14829,1224,48256,California
Santa Cruz,2021-02-18,2904,66058,640,19606,2264,46452,0,0,1232,32993,1666,16495,1232,49488,California
Santa Cruz,2021-02-19,3288,69346,1157,20763,2131,48583,0,0,2015,33738,1270,17765,2015,51503,California
Santa Cruz,2021-02-20,2444,71790,1533,22296,911,49494,0,0,1913,35120,531,18296,1913,53416,California
Santa Cruz,2021-02-21,870,72660,379,22675,491,49985,0,0,739,35730,129,18425,739,54155,California
Santa Cruz,2021-02-22,1304,73964,1010,23685,294,50279,0,0,548,35525,753,19178,548,54703,California
Santa Cruz,2021-02-23,2135,76099,960,24645,1175,51454,0,0,723,34838,1410,20588,723,55426,California
Santa Cruz,2021-02-24,3233,79332,1684,26329,1549,53003,0,0,1223,34056,2005,22593,1223,56649,California
Santa Cruz,2021-02-25,3276,82608,1446,27775,1830,54833,0,0,1807,34405,1460,24053,1809,58458,California
Santa Cruz,2021-02-26,2751,85359,768,28543,1983,56816,0,0,1568,34797,1178,25231,1570,60028,California
Santa Cruz,2021-02-27,2648,88007,932,29475,1715,58531,1,1,1845,35842,801,26032,1846,61874,California
Santa Cruz,2021-02-28,1311,89318,370,29845,941,59472,0,1,1087,36708,221,26253,1087,62961,California
Santa Cruz,2021-03-01,1910,91228,1255,31100,655,60127,0,1,723,36247,1184,27437,723,63684,California
Santa Cruz,2021-03-02,1555,92783,371,31471,1184,61311,0,1,874,36444,680,28117,877,64561,California
Santa Cruz,2021-03-03,2377,95160,646,32117,1731,63042,0,1,1304,36677,1071,29188,1304,65865,California
Santa Cruz,2021-03-04,3021,98181,1419,33536,1601,64643,1,2,2029,37728,980,30168,2031,67896,California
Santa Cruz,2021-03-05,2653,100834,502,34038,2133,66776,18,20,1160,37416,1490,31658,1178,69074,California
Santa Cruz,2021-03-06,3876,104710,1346,35384,2424,69200,106,126,2163,37972,1712,33370,2268,71342,California
Santa Cruz,2021-03-07,1351,106061,128,35512,1150,70350,73,199,560,37816,789,34159,633,71975,California
Santa Cruz,2021-03-08,1120,107181,225,35737,764,71114,131,330,672,38169,448,34607,801,72776,California
Santa Cruz,2021-03-09,1825,109006,273,36010,1400,72514,152,482,725,37950,1096,35703,877,73653,California
Santa Cruz,2021-03-10,3906,112912,2102,38112,1654,74168,150,632,2017,38231,1887,37590,2168,75821,California
Santa Cruz,2021-03-11,2841,115753,1230,39342,1436,75604,175,807,1561,38691,1279,38869,1739,77560,California
Santa Cruz,2021-03-12,2793,118546,890,40232,1607,77211,296,1103,928,38052,1861,40730,1222,78782,California
Santa Cruz,2021-03-13,2349,120895,1344,41576,963,78174,42,1145,1186,38120,1160,41890,1228,80010,California
Santa Cruz,2021-03-14,916,121811,221,41797,682,78856,13,1158,439,38096,475,42365,451,80461,California
Santa Cruz,2021-03-15,1367,123178,479,42276,851,79707,37,1195,582,37935,781,43146,620,81081,California
Santa Cruz,2021-03-16,2389,125567,1148,43424,1196,80903,45,1240,1380,38354,1004,44150,1423,82504,California
Santa Cruz,2021-03-17,4074,129641,2419,45843,1644,82547,11,1251,2694,39688,1373,45523,2707,85211,California
Santa Cruz,2021-03-18,3955,133596,2134,47977,1702,84249,119,1370,2133,40120,1819,47342,2251,87462,California
Santa Cruz,2021-03-19,3466,137062,1380,49357,1862,86111,224,1594,1825,40533,1636,48978,2049,89511,California
Santa Cruz,2021-03-20,2247,139309,1649,51006,531,86642,67,1661,1103,40560,1143,50121,1170,90681,California
Santa Cruz,2021-03-21,883,140192,477,51483,280,86922,126,1787,474,40755,406,50527,601,91282,California
Santa Cruz,2021-03-22,1445,141637,884,52367,538,87460,23,1810,1011,41360,430,50957,1035,92317,California
Santa Cruz,2021-03-23,2624,144261,1474,53841,1099,88559,51,1861,1750,42290,871,51828,1801,94118,California
Santa Cruz,2021-03-24,3145,147406,2131,55972,993,89552,21,1882,2087,43346,1051,52879,2107,96225,California
Santa Cruz,2021-03-25,2681,150087,1347,57319,1297,90849,37,1919,1355,43420,1318,54197,1392,97617,California
Santa Cruz,2021-03-26,3169,153256,1836,59155,1305,92154,28,1947,2153,44591,1009,55206,2180,99797,California
Santa Cruz,2021-03-27,3244,156500,2021,61176,1196,93350,27,1974,1512,44411,1721,56927,1541,101338,California
Santa Cruz,2021-03-28,937,157437,579,61755,344,93694,14,1988,493,44478,440,57367,507,101845,California
Santa Cruz,2021-03-29,2016,159453,891,62646,1058,94752,67,2055,1278,45089,734,58101,1345,103190,California
Santa Cruz,2021-03-30,2742,162195,826,63472,1752,96504,164,2219,1739,45992,999,59100,1902,105092,California
Santa Cruz,2021-03-31,4212,166407,2849,66321,1313,97817,50,2269,2215,46265,1992,61092,2265,107357,California
Santa Cruz,2021-04-01,4087,170494,2178,68499,1800,99617,109,2378,2071,46435,2009,63101,2179,109536,California
Santa Cruz,2021-04-02,3329,173823,1435,69934,1713,101330,181,2559,1900,47091,1425,64526,2081,111617,California
Santa Cruz,2021-04-03,2281,176104,1244,71178,901,102231,136,2695,891,46729,1388,65914,1026,112643,California
Santa Cruz,2021-04-04,944,177048,493,71671,395,102626,56,2751,551,46942,393,66307,606,113249,California
Santa Cruz,2021-04-05,2280,179328,797,72468,1316,103942,167,2918,1400,47631,879,67186,1568,114817,California
Santa Cruz,2021-04-06,3435,182763,1670,74138,1382,105324,383,3301,1976,48536,1448,68634,2353,117170,California
Santa Cruz,2021-04-07,4225,186988,1669,75807,2185,107509,371,3672,1819,48321,2403,71037,2188,119358,California
Santa Cruz,2021-04-08,4330,191318,2376,78183,1429,108938,525,4197,2548,49622,1770,72807,3071,122429,California
Santa Cruz,2021-04-09,3757,195075,1529,79712,1817,110755,411,4608,2110,50504,1640,74447,2522,124951,California
Santa Cruz,2021-04-10,2304,197379,1104,80816,938,111693,262,4870,1087,50637,1213,75660,1346,126297,California
Santa Cruz,2021-04-11,1016,198395,534,81350,387,112080,95,4965,493,50701,523,76183,587,126884,California
Santa Cruz,2021-04-12,2353,200748,843,82193,1084,113164,426,5391,1125,51038,1214,77397,1551,128435,California
Santa Cruz,2021-04-13,2973,203721,1479,83672,1492,114656,2,5393,1667,51410,1297,78694,1669,130104,California
Santa Cruz,2021-04-14,4774,208495,2301,85973,2473,117129,0,5393,2303,51255,2460,81154,2305,132409,California
Santa Cruz,2021-04-15,5132,213627,3254,89227,1878,119007,0,5393,3210,52560,1907,83061,3212,135621,California
Santa Cruz,2021-04-16,4621,218248,2561,91788,2058,121065,2,5395,2497,52946,2115,85176,2501,138122,California
Santa Cruz,2021-04-17,2288,220536,912,92700,1376,122441,0,5395,1503,53667,782,85958,1503,139625,California
Santa Cruz,2021-04-18,1117,221653,555,93255,561,123002,1,5396,607,53769,506,86464,608,140233,California
Santa Cruz,2021-04-19,2607,224260,1534,94789,1072,124074,1,5397,1616,54397,988,87452,1616,141849,California
Santa Cruz,2021-04-20,3290,227550,1760,96549,1530,125604,0,5397,1862,54843,1416,88868,1862,143711,California
Santa Cruz,2021-04-21,4434,231984,2982,99531,1452,127056,0,5397,2394,55217,2021,90889,2395,146106,California
Santa Cruz,2021-04-22,4404,236388,2986,102517,1418,128474,0,5397,2459,55742,1935,92824,2460,148566,California
Santa Cruz,2021-04-23,3239,239627,1761,104278,1477,129951,1,5398,1405,55324,1824,94648,1406,149972,California
Santa Cruz,2021-04-24,2263,241890,1089,105367,1171,131122,3,5401,693,54461,1559,96207,696,150668,California
Santa Cruz,2021-04-25,1094,242984,704,106071,377,131499,13,5414,452,54291,633,96840,463,151131,California
Santa Cruz,2021-04-26,2166,245150,1080,107151,1069,132568,17,5431,908,53971,1246,98086,926,152057,California
Santa Cruz,2021-04-27,3035,248185,1000,108151,1953,134521,82,5513,1519,54064,1508,99594,1601,153658,California
Santa Cruz,2021-04-28,3519,251704,1963,110114,1479,136000,77,5590,1847,54326,1659,101253,1921,155579,California
Santa Cruz,2021-04-29,3825,255529,2557,112671,1205,137205,63,5653,1345,53266,2470,103723,1410,156989,California
Santa Cruz,2021-04-30,2409,257938,1223,113894,1143,138348,43,5696,1013,52935,1388,105111,1057,158046,California
Santa Cruz,2021-05-01,1317,259255,1045,114939,239,138587,33,5729,602,52860,711,105822,636,158682,California
Santa Cruz,2021-05-02,655,259910,463,115402,166,138753,26,5755,214,52660,441,106263,241,158923,California
Santa Cruz,2021-05-03,1934,261844,1001,116403,866,139619,67,5822,655,52116,1268,107531,724,159647,California
Santa Cruz,2021-05-04,2738,264582,1599,118002,1068,140687,71,5893,878,51207,1856,109387,947,160594,California
Santa Cruz,2021-05-05,2829,267411,1426,119428,1322,142009,81,5974,746,49999,2040,111427,832,161426,California
Santa Cruz,2021-05-06,3916,271327,2505,121933,1190,143199,221,6195,879,48078,3018,114445,1097,162523,California
Santa Cruz,2021-05-07,2808,274135,1301,123234,1424,144623,83,6278,437,46235,2365,116810,522,163045,California
Santa Cruz,2021-05-08,1426,275561,745,123979,653,145276,28,6306,392,45624,1033,117843,422,163467,California
Santa Cruz,2021-05-09,533,276094,338,124317,172,145448,23,6329,158,45432,373,118216,181,163648,California
Santa Cruz,2021-05-10,2115,278209,1275,125592,774,146222,66,6395,410,44211,1697,119913,476,164124,California
Santa Cruz,2021-05-11,2428,280637,1378,126970,961,147183,89,6484,644,43164,1779,121692,732,164856,California
Santa Cruz,2021-05-12,3232,283869,1408,128378,1743,148926,81,6565,556,41136,2666,124358,638,165494,California
Santa Cruz,2021-05-13,3936,287805,2664,131042,1178,150104,94,6659,1394,40089,2537,126895,1490,166984,California
Santa Cruz,2021-05-14,2995,290800,1630,132672,1325,151429,40,6699,1132,39409,1855,128750,1175,168159,California
Santa Cruz,2021-05-15,2288,293088,1322,133994,954,152383,12,6711,1108,39352,1177,129927,1120,169279,California
Santa Cruz,2021-05-16,810,293898,433,134427,355,152738,22,6733,252,39071,556,130483,275,169554,California
Santa Cruz,2021-05-17,1553,295451,802,135229,680,153418,71,6804,527,38644,1025,131508,598,170152,California
Santa Cruz,2021-05-18,2337,297788,1434,136663,879,154297,24,6828,1108,38554,1222,132730,1132,171284,California
Santa Cruz,2021-05-19,3122,300910,1876,138539,1209,155506,37,6865,1305,38089,1807,134537,1342,172626,California
Santa Cruz,2021-05-20,3396,304306,2430,140969,818,156324,148,7013,1565,37976,1826,136363,1713,174339,California
Santa Cruz,2021-05-21,1781,306087,914,141883,778,157102,89,7102,605,37500,1170,137533,694,175033,California
Santa Cruz,2021-05-22,1726,307813,1332,143215,383,157485,11,7113,599,36988,1123,138656,611,175644,California
Santa Cruz,2021-05-23,479,308292,270,143485,190,157675,19,7132,149,36829,327,138983,168,175812,California
Santa Cruz,2021-05-24,1190,309482,687,144172,424,158099,79,7211,300,36326,882,139865,379,176191,California
Santa Cruz,2021-05-25,2284,311766,1303,145475,936,159035,45,7256,460,35153,1678,141543,505,176696,California
Santa Cruz,2021-05-26,1751,313517,819,146294,887,159922,45,7301,472,34405,1265,142808,517,177213,California
Santa Cruz,2021-05-27,1324,314841,717,147011,502,160424,105,7406,442,34077,875,143683,547,177760,California
Santa Cruz,2021-05-28,846,315687,373,147384,443,160867,30,7436,357,33985,480,144163,388,178148,California
Santa Cruz,2021-05-29,594,316281,337,147721,244,161111,13,7449,319,34044,273,144436,332,178480,California
Santa Cruz,2021-05-30,243,316524,120,147841,109,161220,14,7463,93,34003,147,144583,106,178586,California
Santa Cruz,2021-05-31,145,316669,63,147904,81,161301,1,7464,45,33950,99,144682,46,178632,California
Santa Cruz,2021-06-01,946,317615,578,148482,355,161656,13,7477,340,33698,604,145286,352,178984,California
Santa Cruz,2021-06-02,900,318515,525,149007,334,161990,41,7518,337,33518,558,145844,378,179362,California
Santa Cruz,2021-06-03,2280,320795,1536,150543,706,162696,38,7556,532,32350,1738,147582,570,179932,California
Santa Cruz,2021-06-04,1059,321854,726,151269,299,162995,34,7590,244,31821,808,148390,279,180211,California
Santa Cruz,2021-06-05,1032,322886,834,152103,193,163188,5,7595,190,31178,838,149228,195,180406,California
Santa Cruz,2021-06-06,408,323294,300,152403,91,163279,17,7612,110,31010,295,149523,127,180533,California
Santa Cruz,2021-06-07,852,324146,634,153037,188,163467,30,7642,234,30657,617,150140,264,180797,California
Santa Cruz,2021-06-08,1468,325614,1171,154208,271,163738,26,7668,308,29837,1155,151295,335,181132,California
Santa Cruz,2021-06-09,1435,327049,1130,155338,288,164026,17,7685,284,28995,1144,152439,302,181434,California
Santa Cruz,2021-06-10,1953,329002,1602,156940,284,164310,67,7752,344,27800,1603,154042,408,181842,California
Santa Cruz,2021-06-11,817,329819,506,157446,276,164586,35,7787,284,27590,527,154569,317,182159,California
Santa Cruz,2021-06-12,965,330784,847,158293,112,164698,6,7793,165,26964,797,155366,171,182330,California
Santa Cruz,2021-06-13,201,330985,133,158426,46,164744,22,7815,31,26847,170,155536,53,182383,California
Santa Cruz,2021-06-14,555,331540,356,158782,164,164908,35,7850,162,26653,390,155926,196,182579,California
Santa Cruz,2021-06-15,923,332463,677,159459,224,165132,22,7872,333,26422,587,156513,356,182935,California
Santa Cruz,2021-06-16,801,333264,594,160053,173,165305,34,7906,259,26176,538,157051,292,183227,California
Santa Cruz,2021-06-17,795,334059,617,160670,139,165444,39,7945,297,26016,495,157546,335,183562,California
Santa Cruz,2021-06-18,639,334698,390,161060,219,165663,30,7975,286,25983,349,157895,316,183878,California
Santa Cruz,2021-06-19,328,335026,259,161319,63,165726,6,7981,116,25896,209,158104,122,184000,California
Santa Cruz,2021-06-20,161,335187,114,161433,29,165755,18,7999,69,25891,92,158196,87,184087,California
Santa Cruz,2021-06-21,348,335535,246,161679,83,165838,19,8018,181,25926,165,158361,200,184287,California
Santa Cruz,2021-06-22,670,336205,471,162150,169,166007,30,8048,261,25810,408,158769,292,184579,California
Santa Cruz,2021-06-23,394,336599,280,162430,104,166111,10,8058,192,25814,196,158965,200,184779,California
Santa Cruz,2021-06-24,533,337132,379,162809,111,166222,43,8101,214,25753,317,159282,256,185035,California
Santa Cruz,2021-06-25,513,337645,331,163140,157,166379,25,8126,229,25727,280,159562,254,185289,California
Santa Cruz,2021-06-26,260,337905,162,163302,89,166468,9,8135,106,25690,152,159714,115,185404,California
Santa Cruz,2021-06-27,180,338085,131,163433,19,166487,30,8165,63,25666,117,159831,93,185497,California
Santa Cruz,2021-06-28,473,338558,384,163817,77,166564,12,8177,208,25622,264,160095,220,185717,California
Santa Cruz,2021-06-29,733,339291,571,164388,135,166699,27,8204,284,25486,446,160541,310,186027,California
Santa Cruz,2021-06-30,422,339713,289,164677,111,166810,22,8226,180,25448,240,160781,202,186229,California
Santa Cruz,2021-07-01,400,340113,287,164964,104,166914,9,8235,178,25416,219,161000,187,186416,California
Santa Cruz,2021-07-02,421,340534,314,165278,90,167004,17,8252,185,25388,230,161230,202,186618,California
Santa Cruz,2021-07-03,216,340750,152,165430,60,167064,4,8256,92,25361,123,161353,96,186714,California
Santa Cruz,2021-07-04,11,340761,9,165439,1,167065,1,8257,8,25367,3,161356,9,186723,California
Santa Cruz,2021-07-05,150,340911,114,165553,36,167101,0,8257,75,25368,74,161430,75,186798,California
Shasta,2020-12-16,131,131,131,131,0,0,0,0,131,131,0,0,131,131,California
Shasta,2020-12-17,422,553,422,553,0,0,0,0,422,553,0,0,422,553,California
Shasta,2020-12-18,166,719,166,719,0,0,0,0,166,719,0,0,166,719,California
Shasta,2020-12-19,1,720,1,720,0,0,0,0,1,720,0,0,1,720,California
Shasta,2020-12-21,79,799,79,799,0,0,0,0,79,799,0,0,79,799,California
Shasta,2020-12-22,201,1000,196,995,5,5,0,0,201,1000,0,0,201,1000,California
Shasta,2020-12-23,173,1173,169,1164,4,9,0,0,173,1173,0,0,173,1173,California
Shasta,2020-12-24,19,1192,19,1183,0,9,0,0,19,1192,0,0,19,1192,California
Shasta,2020-12-26,4,1196,1,1184,3,12,0,0,4,1196,0,0,4,1196,California
Shasta,2020-12-27,1,1197,0,1184,1,13,0,0,1,1197,0,0,1,1197,California
Shasta,2020-12-28,41,1238,31,1215,10,23,0,0,41,1238,0,0,41,1238,California
Shasta,2020-12-29,186,1424,185,1400,1,24,0,0,186,1424,0,0,186,1424,California
Shasta,2020-12-30,177,1601,167,1567,10,34,0,0,177,1601,0,0,177,1601,California
Shasta,2020-12-31,83,1684,2,1569,81,115,0,0,83,1684,0,0,83,1684,California
Shasta,2021-01-02,2,1686,0,1569,2,117,0,0,2,1686,0,0,2,1686,California
Shasta,2021-01-03,1,1687,1,1570,0,117,0,0,1,1687,0,0,1,1687,California
Shasta,2021-01-04,374,2061,308,1878,66,183,0,0,375,2062,0,0,375,2062,California
Shasta,2021-01-05,338,2399,315,2193,23,206,0,0,256,2236,82,82,256,2318,California
Shasta,2021-01-06,466,2865,395,2588,71,277,0,0,203,2177,262,344,203,2521,California
Shasta,2021-01-07,127,2992,37,2625,90,367,0,0,105,2260,22,366,105,2626,California
Shasta,2021-01-08,524,3516,447,3072,77,444,0,0,316,2368,208,574,316,2942,California
Shasta,2021-01-09,73,3589,64,3136,9,453,0,0,71,2437,2,576,71,3013,California
Shasta,2021-01-10,5,3594,0,3136,5,458,0,0,3,2440,2,578,5,3018,California
Shasta,2021-01-11,416,4010,194,3330,222,680,0,0,372,2768,44,622,372,3390,California
Shasta,2021-01-12,489,4499,332,3662,157,837,0,0,313,2906,176,798,314,3704,California
Shasta,2021-01-13,602,5101,269,3931,333,1170,0,0,431,3166,171,969,431,4135,California
Shasta,2021-01-14,504,5605,52,3983,452,1622,0,0,486,3634,18,987,486,4621,California
Shasta,2021-01-15,690,6295,136,4119,554,2176,0,0,688,4320,2,989,688,5309,California
Shasta,2021-01-16,896,7191,53,4172,843,3019,0,0,893,5210,3,992,893,6202,California
Shasta,2021-01-17,27,7218,6,4178,21,3040,0,0,23,5229,4,996,23,6225,California
Shasta,2021-01-18,599,7817,129,4307,470,3510,0,0,591,5812,8,1004,591,6816,California
Shasta,2021-01-19,1078,8895,414,4721,664,4174,0,0,929,6592,149,1153,929,7745,California
Shasta,2021-01-20,759,9654,491,5212,268,4442,0,0,574,6986,180,1333,574,8319,California
Shasta,2021-01-21,688,10342,334,5546,354,4796,0,0,666,7630,22,1355,666,8985,California
Shasta,2021-01-22,450,10792,177,5723,273,5069,0,0,444,8068,6,1361,444,9429,California
Shasta,2021-01-23,69,10861,5,5728,64,5133,0,0,67,8133,2,1363,67,9496,California
Shasta,2021-01-24,26,10887,3,5731,23,5156,0,0,25,8157,1,1364,25,9521,California
Shasta,2021-01-25,763,11650,503,6234,260,5416,0,0,472,8339,290,1654,472,9993,California
Shasta,2021-01-26,714,12364,334,6568,380,5796,0,0,478,8584,233,1887,478,10471,California
Shasta,2021-01-27,463,12827,181,6749,282,6078,0,0,413,8948,49,1936,413,10884,California
Shasta,2021-01-28,919,13746,581,7330,338,6416,0,0,697,9423,222,2158,697,11581,California
Shasta,2021-01-29,833,14579,330,7660,503,6919,0,0,643,9878,189,2347,644,12225,California
Shasta,2021-01-30,615,15194,14,7674,601,7520,0,0,605,10473,10,2357,605,12830,California
Shasta,2021-01-31,27,15221,4,7678,23,7543,0,0,25,10496,2,2359,25,12855,California
Shasta,2021-02-01,532,15753,149,7827,383,7926,0,0,385,10734,147,2506,385,13240,California
Shasta,2021-02-02,995,16748,502,8329,493,8419,0,0,902,11545,91,2597,902,14142,California
Shasta,2021-02-03,728,17476,213,8542,515,8934,0,0,492,11802,235,2832,492,14634,California
Shasta,2021-02-04,1106,18582,680,9222,426,9360,0,0,910,12519,193,3025,910,15544,California
Shasta,2021-02-05,1269,19851,168,9390,1101,10461,0,0,1058,13368,209,3234,1058,16602,California
Shasta,2021-02-06,1745,21596,40,9430,1705,12166,0,0,1721,15066,24,3258,1722,18324,California
Shasta,2021-02-07,25,21621,3,9433,22,12188,0,0,23,15087,2,3260,23,18347,California
Shasta,2021-02-08,601,22222,170,9603,431,12619,0,0,308,15103,292,3552,308,18655,California
Shasta,2021-02-09,1129,23351,658,10261,471,13090,0,0,707,15389,422,3974,708,19363,California
Shasta,2021-02-10,1128,24479,791,11052,337,13427,0,0,544,15350,583,4557,544,19907,California
Shasta,2021-02-11,893,25372,187,11239,706,14133,0,0,316,15094,572,5129,316,20223,California
Shasta,2021-02-12,1805,27177,1218,12457,587,14720,0,0,1245,15779,560,5689,1245,21468,California
Shasta,2021-02-13,1382,28559,374,12831,1008,15728,0,0,569,15537,812,6501,570,22038,California
Shasta,2021-02-14,150,28709,5,12836,145,15873,0,0,124,15635,26,6527,124,22162,California
Shasta,2021-02-15,381,29090,93,12929,288,16161,0,0,211,15676,170,6697,211,22373,California
Shasta,2021-02-16,1204,30294,523,13452,681,16842,0,0,426,15326,776,7473,426,22799,California
Shasta,2021-02-17,1038,31332,439,13891,599,17441,0,0,411,15110,627,8100,411,23210,California
Shasta,2021-02-18,961,32293,475,14366,486,17927,0,0,462,15074,499,8599,463,23673,California
Shasta,2021-02-19,1346,33639,953,15319,393,18320,0,0,873,15475,472,9071,873,24546,California
Shasta,2021-02-20,818,34457,100,15419,718,19038,0,0,319,15295,499,9570,319,24865,California
Shasta,2021-02-21,33,34490,3,15422,30,19068,0,0,12,15286,21,9591,12,24877,California
Shasta,2021-02-22,437,34927,80,15502,357,19425,0,0,182,15214,254,9845,182,25059,California
Shasta,2021-02-23,920,35847,473,15975,447,19872,0,0,329,14952,591,10436,329,25388,California
Shasta,2021-02-24,901,36748,515,16490,386,20258,0,0,280,14613,619,11055,280,25668,California
Shasta,2021-02-25,530,37278,174,16664,356,20614,0,0,145,14375,383,11438,145,25813,California
Shasta,2021-02-26,797,38075,98,16762,699,21313,0,0,336,14252,459,11897,336,26149,California
Shasta,2021-02-27,886,38961,77,16839,809,22122,0,0,240,13851,641,12538,240,26389,California
Shasta,2021-02-28,176,39137,4,16843,172,22294,0,0,127,13929,49,12587,127,26516,California
Shasta,2021-03-01,588,39725,61,16904,527,22821,0,0,297,13936,290,12877,297,26813,California
Shasta,2021-03-02,1036,40761,475,17379,561,23382,0,0,337,13576,697,13574,337,27150,California
Shasta,2021-03-03,683,41444,175,17554,508,23890,0,0,246,13386,436,14010,246,27396,California
Shasta,2021-03-04,3106,44550,2489,20043,617,24507,0,0,1787,13859,1314,15324,1787,29183,California
Shasta,2021-03-05,1939,46489,163,20206,1747,26254,29,29,801,13551,1138,16462,830,30013,California
Shasta,2021-03-06,2755,49244,385,20591,2323,28577,47,76,857,12559,1896,18358,904,30917,California
Shasta,2021-03-07,93,49337,4,20595,57,28634,32,108,40,12577,53,18411,71,30988,California
Shasta,2021-03-08,573,49910,50,20645,384,29018,139,247,158,12460,413,18824,296,31284,California
Shasta,2021-03-09,1256,51166,596,21241,482,29500,178,425,696,12775,558,19382,873,32157,California
Shasta,2021-03-10,804,51970,257,21498,345,29845,202,627,142,12456,661,20043,342,32499,California
Shasta,2021-03-11,1557,53527,472,21970,814,30659,271,898,940,13053,613,20656,1210,33709,California
Shasta,2021-03-12,1561,55088,849,22819,466,31125,246,1144,410,12558,1150,21806,655,34364,California
Shasta,2021-03-13,822,55910,425,23244,299,31424,98,1242,494,12822,326,22132,590,34954,California
Shasta,2021-03-14,1017,56927,8,23252,986,32410,23,1265,878,13586,139,22271,903,35857,California
Shasta,2021-03-15,496,57423,36,23288,361,32771,99,1364,209,13606,287,22558,307,36164,California
Shasta,2021-03-16,1145,58568,150,23438,927,33698,68,1432,858,14246,286,22844,926,37090,California
Shasta,2021-03-17,742,59310,192,23630,492,34190,58,1490,396,14363,337,23181,454,37544,California
Shasta,2021-03-18,1548,60858,589,24219,855,35045,104,1594,1116,15155,428,23609,1220,38764,California
Shasta,2021-03-19,648,61506,198,24417,394,35439,56,1650,411,15386,236,23845,467,39231,California
Shasta,2021-03-20,747,62253,488,24905,245,35684,14,1664,543,15739,204,24049,557,39788,California
Shasta,2021-03-21,313,62566,298,25203,4,35688,11,1675,285,16008,27,24076,296,40084,California
Shasta,2021-03-22,349,62915,39,25242,274,35962,36,1711,199,16095,148,24224,235,40319,California
Shasta,2021-03-23,1312,64227,652,25894,601,36563,59,1770,756,16360,550,24774,815,41134,California
Shasta,2021-03-24,610,64837,154,26048,418,36981,38,1808,367,16523,242,25016,405,41539,California
Shasta,2021-03-25,1135,65972,452,26500,662,37643,21,1829,821,17055,311,25327,843,42382,California
Shasta,2021-03-26,1838,67810,1403,27903,405,38048,30,1859,1475,18199,362,25689,1506,43888,California
Shasta,2021-03-27,1596,69406,406,28309,318,38366,872,2731,579,18630,1015,26704,1446,45334,California
Shasta,2021-03-28,408,69814,301,28610,97,38463,10,2741,302,18838,104,26808,312,45646,California
Shasta,2021-03-29,422,70236,40,28650,370,38833,12,2753,166,18761,255,27063,178,45824,California
Shasta,2021-03-30,1247,71483,770,29420,460,39293,17,2770,625,18784,619,27682,642,46466,California
Shasta,2021-03-31,620,72103,207,29627,407,39700,6,2776,383,18940,233,27915,389,46855,California
Shasta,2021-04-01,897,73000,247,29874,637,40337,13,2789,575,19208,320,28235,588,47443,California
Shasta,2021-04-02,757,73757,198,30072,504,40841,55,2844,411,19331,343,28578,466,47909,California
Shasta,2021-04-03,512,74269,360,30432,133,40974,19,2863,387,19612,125,28703,406,48315,California
Shasta,2021-04-04,292,74561,175,30607,96,41070,21,2884,218,19777,74,28777,239,48554,California
Shasta,2021-04-05,445,75006,70,30677,312,41382,63,2947,254,19903,191,28968,317,48871,California
Shasta,2021-04-06,1173,76179,488,31165,507,41889,178,3125,540,19992,628,29596,717,49588,California
Shasta,2021-04-07,662,76841,215,31380,282,42171,165,3290,258,20013,400,29996,421,50009,California
Shasta,2021-04-08,1152,77993,264,31644,731,42902,157,3447,221,19462,927,30923,376,50385,California
Shasta,2021-04-09,2601,80594,2078,33722,310,43212,213,3660,2017,21111,577,31500,2226,52611,California
Shasta,2021-04-10,885,81479,597,34319,157,43369,131,3791,245,20846,639,32139,374,52985,California
Shasta,2021-04-11,1252,82731,399,34718,833,44202,20,3811,144,19906,1104,33243,164,53149,California
Shasta,2021-04-12,343,83074,7,34725,272,44474,64,3875,98,19823,244,33487,161,53310,California
Shasta,2021-04-13,1279,84353,368,35093,909,45383,2,3877,340,19230,934,34421,341,53651,California
Shasta,2021-04-14,595,84948,143,35236,450,45833,2,3879,220,19078,374,34795,222,53873,California
Shasta,2021-04-15,1085,86033,259,35495,825,46658,1,3880,301,18601,778,35573,301,54174,California
Shasta,2021-04-16,2362,88395,1861,37356,501,47159,0,3880,951,18143,1409,36982,951,55125,California
Shasta,2021-04-17,648,89043,417,37773,231,47390,0,3880,193,17882,455,37437,194,55319,California
Shasta,2021-04-18,270,89313,244,38017,26,47416,0,3880,35,17684,233,37670,35,55354,California
Shasta,2021-04-19,387,89700,28,38045,359,47775,0,3880,168,17633,219,37889,168,55522,California
Shasta,2021-04-20,1030,90730,266,38311,764,48539,0,3880,385,17375,643,38532,385,55907,California
Shasta,2021-04-21,624,91354,228,38539,396,48935,0,3880,317,17385,307,38839,317,56224,California
Shasta,2021-04-22,970,92324,286,38825,684,49619,0,3880,300,17017,668,39507,300,56524,California
Shasta,2021-04-23,668,92992,262,39087,406,50025,0,3880,339,17028,328,39835,339,56863,California
Shasta,2021-04-24,601,93593,358,39445,242,50267,1,3881,109,16647,490,40325,109,56972,California
Shasta,2021-04-25,210,93803,180,39625,29,50296,1,3882,36,16510,174,40499,37,57009,California
Shasta,2021-04-26,505,94308,57,39682,443,50739,5,3887,356,16723,147,40646,360,57369,California
Shasta,2021-04-27,553,94861,183,39865,331,51070,39,3926,302,16815,247,40893,339,57708,California
Shasta,2021-04-28,584,95445,166,40031,385,51455,33,3959,250,16763,334,41227,282,57990,California
Shasta,2021-04-29,782,96227,121,40152,637,52092,24,3983,179,16364,602,41829,203,58193,California
Shasta,2021-04-30,2277,98504,1848,42000,397,52489,32,4015,272,14665,2003,43832,304,58497,California
Shasta,2021-05-01,232,98736,21,42021,135,52624,76,4091,103,14715,129,43961,179,58676,California
Shasta,2021-05-02,49,98785,17,42038,19,52643,13,4104,22,14723,27,43988,35,58711,California
Shasta,2021-05-03,358,99143,99,42137,233,52876,26,4130,114,14621,242,44230,140,58851,California
Shasta,2021-05-04,536,99679,201,42338,296,53172,39,4169,252,14631,281,44511,291,59142,California
Shasta,2021-05-05,451,100130,152,42490,281,53453,18,4187,207,14612,244,44755,225,59367,California
Shasta,2021-05-06,693,100823,264,42754,389,53842,40,4227,296,14558,388,45143,334,59701,California
Shasta,2021-05-07,1120,101943,742,43496,338,54180,40,4267,301,14081,818,45961,341,60042,California
Shasta,2021-05-08,176,102119,85,43581,80,54260,11,4278,104,14123,72,46033,114,60156,California
Shasta,2021-05-09,65,102184,15,43596,45,54305,5,4283,34,14131,31,46064,39,60195,California
Shasta,2021-05-10,258,102442,23,43619,186,54491,49,4332,112,14146,144,46208,159,60354,California
Shasta,2021-05-11,523,102965,160,43779,212,54703,151,4483,182,14139,340,46548,333,60687,California
Shasta,2021-05-12,398,103363,147,43926,227,54930,24,4507,133,14032,264,46812,157,60844,California
Shasta,2021-05-13,584,103947,241,44167,326,55256,17,4524,225,13917,357,47169,242,61086,California
Shasta,2021-05-14,644,104591,274,44441,344,55600,26,4550,294,13889,349,47518,321,61407,California
Shasta,2021-05-15,398,104989,130,44571,165,55765,103,4653,168,13930,229,47747,270,61677,California
Shasta,2021-05-16,222,105211,155,44726,57,55822,10,4663,163,14044,59,47806,173,61850,California
Shasta,2021-05-17,537,105748,246,44972,231,56053,60,4723,282,14132,254,48060,342,62192,California
Shasta,2021-05-18,619,106367,293,45265,301,56354,25,4748,325,14189,293,48353,350,62542,California
Shasta,2021-05-19,590,106957,278,45543,244,56598,68,4816,279,14229,307,48660,347,62889,California
Shasta,2021-05-20,570,107527,255,45798,296,56894,19,4835,264,14208,303,48963,282,63171,California
Shasta,2021-05-21,659,108186,301,46099,339,57233,19,4854,331,14233,325,49288,350,63521,California
Shasta,2021-05-22,235,108421,134,46233,93,57326,8,4862,143,14296,89,49377,152,63673,California
Shasta,2021-05-23,112,108533,47,46280,56,57382,9,4871,67,14327,45,49422,76,63749,California
Shasta,2021-05-24,547,109080,171,46451,344,57726,32,4903,191,14196,354,49776,223,63972,California
Shasta,2021-05-25,475,109555,207,46658,223,57949,45,4948,160,14089,311,50087,204,64176,California
Shasta,2021-05-26,371,109926,146,46804,200,58149,25,4973,147,14038,223,50310,172,64348,California
Shasta,2021-05-27,418,110344,152,46956,257,58406,9,4982,154,13940,261,50571,163,64511,California
Shasta,2021-05-28,441,110785,197,47153,215,58621,29,5011,204,13939,234,50805,233,64744,California
Shasta,2021-05-29,226,111011,65,47218,130,58751,31,5042,88,13918,138,50943,117,64861,California
Shasta,2021-05-30,84,111095,48,47266,34,58785,2,5044,53,13942,31,50974,55,64916,California
Shasta,2021-05-31,34,111129,8,47274,25,58810,1,5045,11,13932,22,50996,12,64928,California
Shasta,2021-06-01,525,111654,155,47429,225,59035,145,5190,134,13828,384,51380,280,65208,California
Shasta,2021-06-02,293,111947,119,47548,165,59200,9,5199,119,13784,172,51552,128,65336,California
Shasta,2021-06-03,371,112318,159,47707,203,59403,9,5208,119,13661,251,51803,128,65464,California
Shasta,2021-06-04,565,112883,281,47988,256,59659,28,5236,197,13519,367,52170,225,65689,California
Shasta,2021-06-05,260,113143,154,48142,89,59748,17,5253,78,13434,181,52351,96,65785,California
Shasta,2021-06-06,162,113305,128,48270,32,59780,2,5255,48,13370,114,52465,50,65835,California
Shasta,2021-06-07,404,113709,236,48506,151,59931,17,5272,108,13200,295,52760,125,65960,California
Shasta,2021-06-08,514,114223,308,48814,160,60091,46,5318,152,13038,359,53119,197,66157,California
Shasta,2021-06-09,483,114706,272,49086,123,60214,88,5406,112,12869,368,53487,199,66356,California
Shasta,2021-06-10,411,115117,246,49332,140,60354,25,5431,127,12743,278,53765,152,66508,California
Shasta,2021-06-11,465,115582,253,49585,175,60529,37,5468,127,12570,336,54101,163,66671,California
Shasta,2021-06-12,211,115793,138,49723,67,60596,6,5474,77,12520,133,54234,83,66754,California
Shasta,2021-06-13,90,115883,56,49779,32,60628,2,5476,26,12484,64,54298,28,66782,California
Shasta,2021-06-14,284,116167,155,49934,111,60739,18,5494,83,12385,200,54498,101,66883,California
Shasta,2021-06-15,462,116629,233,50167,113,60852,116,5610,160,12359,296,54794,270,67153,California
Shasta,2021-06-16,256,116885,149,50316,95,60947,12,5622,81,12281,171,54965,93,67246,California
Shasta,2021-06-17,283,117168,118,50434,129,61076,36,5658,99,12233,183,55148,135,67381,California
Shasta,2021-06-18,367,117535,224,50658,122,61198,21,5679,154,12196,212,55360,175,67556,California
Shasta,2021-06-19,115,117650,75,50733,38,61236,2,5681,52,12188,62,55422,54,67610,California
Shasta,2021-06-20,56,117706,35,50768,18,61254,3,5684,21,12177,35,55457,24,67634,California
Shasta,2021-06-21,202,117908,64,50832,109,61363,29,5713,81,12167,120,55577,110,67744,California
Shasta,2021-06-22,372,118280,142,50974,81,61444,149,5862,94,12130,270,55847,233,67977,California
Shasta,2021-06-23,221,118501,131,51105,73,61517,17,5879,93,12113,127,55974,110,68087,California
Shasta,2021-06-24,226,118727,137,51242,71,61588,18,5897,91,12089,133,56107,109,68196,California
Shasta,2021-06-25,298,119025,203,51445,82,61670,13,5910,123,12049,175,56282,135,68331,California
Shasta,2021-06-26,137,119162,80,51525,47,61717,10,5920,55,12033,81,56363,65,68396,California
Shasta,2021-06-27,68,119230,45,51570,19,61736,4,5924,24,12017,44,56407,28,68424,California
Shasta,2021-06-28,187,119417,121,51691,49,61785,17,5941,92,12031,95,56502,109,68533,California
Shasta,2021-06-29,265,119682,155,51846,82,61867,28,5969,99,11995,163,56665,127,68660,California
Shasta,2021-06-30,200,119882,113,51959,75,61942,12,5981,86,11980,113,56778,98,68758,California
Shasta,2021-07-01,211,120093,138,52097,62,62004,11,5992,84,11950,125,56903,95,68853,California
Shasta,2021-07-02,264,120357,171,52268,79,62083,14,6006,120,11942,142,57045,134,68987,California
Shasta,2021-07-03,116,120473,78,52346,32,62115,6,6012,51,11934,65,57110,57,69044,California
Shasta,2021-07-04,5,120478,1,52347,3,62118,1,6013,1,11932,4,57114,2,69046,California
Shasta,2021-07-05,67,120545,46,52393,21,62139,0,6013,32,11930,34,57148,32,69078,California
Sierra,2020-12-18,1,1,1,1,0,0,0,0,1,1,0,0,1,1,California
Sierra,2020-12-21,2,3,2,3,0,0,0,0,2,3,0,0,2,3,California
Sierra,2020-12-22,12,15,12,15,0,0,0,0,12,15,0,0,12,15,California
Sierra,2020-12-23,4,19,4,19,0,0,0,0,4,19,0,0,4,19,California
Sierra,2020-12-28,1,20,0,19,1,1,0,0,1,20,0,0,1,20,California
Sierra,2020-12-29,50,70,7,26,43,44,0,0,50,70,0,0,50,70,California
Sierra,2020-12-30,2,72,0,26,2,46,0,0,2,72,0,0,2,72,California
Sierra,2020-12-31,13,85,0,26,13,59,0,0,13,85,0,0,13,85,California
Sierra,2021-01-01,1,86,1,27,0,59,0,0,1,86,0,0,1,86,California
Sierra,2021-01-05,63,149,2,29,61,120,0,0,63,149,0,0,63,149,California
Sierra,2021-01-06,1,150,1,30,0,120,0,0,1,150,0,0,1,150,California
Sierra,2021-01-07,21,171,1,31,20,140,0,0,20,169,1,1,20,170,California
Sierra,2021-01-08,1,172,1,32,0,140,0,0,1,170,0,1,1,171,California
Sierra,2021-01-11,3,175,3,35,0,140,0,0,0,167,3,4,0,171,California
Sierra,2021-01-12,39,214,12,47,27,167,0,0,27,182,12,16,27,198,California
Sierra,2021-01-13,4,218,3,50,1,168,0,0,1,180,3,19,1,199,California
Sierra,2021-01-14,35,253,2,52,33,201,0,0,35,215,0,19,35,234,California
Sierra,2021-01-15,3,256,1,53,2,203,0,0,3,218,0,19,3,237,California
Sierra,2021-01-18,3,259,0,53,3,206,0,0,3,221,0,19,3,240,California
Sierra,2021-01-19,31,290,0,53,31,237,0,0,31,252,0,19,31,271,California
Sierra,2021-01-20,1,291,1,54,0,237,0,0,1,253,0,19,1,272,California
Sierra,2021-01-21,52,343,0,54,52,289,0,0,52,305,0,19,52,324,California
Sierra,2021-01-22,2,345,0,54,2,291,0,0,2,307,0,19,2,326,California
Sierra,2021-01-23,2,347,0,54,2,293,0,0,2,309,0,19,2,328,California
Sierra,2021-01-25,1,348,1,55,0,293,0,0,1,310,0,19,1,329,California
Sierra,2021-01-26,63,411,1,56,62,355,0,0,24,295,39,58,24,353,California
Sierra,2021-01-27,4,415,4,60,0,355,0,0,0,291,4,62,0,353,California
Sierra,2021-01-28,53,468,0,60,53,408,0,0,43,324,10,72,43,396,California
Sierra,2021-01-29,2,470,0,60,2,410,0,0,2,326,0,72,2,398,California
Sierra,2021-01-30,3,473,3,63,0,410,0,0,2,327,1,73,2,400,California
Sierra,2021-02-01,1,474,0,63,1,411,0,0,0,326,1,74,0,400,California
Sierra,2021-02-02,57,531,1,64,56,467,0,0,18,305,39,113,18,418,California
Sierra,2021-02-03,6,537,5,69,1,468,0,0,5,309,1,114,5,423,California
Sierra,2021-02-04,102,639,5,74,97,565,0,0,53,313,49,163,53,476,California
Sierra,2021-02-05,6,645,4,78,2,567,0,0,5,317,1,164,5,481,California
Sierra,2021-02-09,51,696,0,78,51,618,0,0,48,362,3,167,48,529,California
Sierra,2021-02-10,5,701,2,80,3,621,0,0,4,365,1,168,4,533,California
Sierra,2021-02-11,195,896,1,81,194,815,0,0,134,438,61,229,134,667,California
Sierra,2021-02-12,20,916,0,81,20,835,0,0,20,458,0,229,20,687,California
Sierra,2021-02-13,1,917,1,82,0,835,0,0,1,459,0,229,1,688,California
Sierra,2021-02-15,4,921,3,85,1,836,0,0,0,455,4,233,0,688,California
Sierra,2021-02-16,43,964,1,86,42,878,0,0,10,432,33,266,10,698,California
Sierra,2021-02-17,4,968,0,86,4,882,0,0,1,430,3,269,1,699,California
Sierra,2021-02-18,139,1107,0,86,139,1021,0,0,90,471,49,318,90,789,California
Sierra,2021-02-19,2,1109,1,87,1,1022,0,0,1,471,1,319,1,790,California
Sierra,2021-02-20,2,1111,2,89,0,1022,0,0,0,469,2,321,0,790,California
Sierra,2021-02-22,1,1112,1,90,0,1022,0,0,1,470,0,321,1,791,California
Sierra,2021-02-23,4,1116,0,90,4,1026,0,0,4,474,0,321,4,795,California
Sierra,2021-02-24,3,1119,2,92,1,1027,0,0,3,477,0,321,3,798,California
Sierra,2021-02-25,124,1243,2,94,122,1149,0,0,58,470,65,386,58,856,California
Sierra,2021-02-26,11,1254,6,100,5,1154,0,0,4,467,7,393,4,860,California
Sierra,2021-02-27,2,1256,2,102,0,1154,0,0,0,465,2,395,0,860,California
Sierra,2021-03-01,2,1258,2,104,0,1154,0,0,0,463,2,397,0,860,California
Sierra,2021-03-02,56,1314,0,104,56,1210,0,0,38,483,18,415,38,898,California
Sierra,2021-03-03,2,1316,2,106,0,1210,0,0,1,483,1,416,1,899,California
Sierra,2021-03-04,108,1424,0,106,108,1318,0,0,60,495,48,464,60,959,California
Sierra,2021-03-05,13,1437,1,107,12,1330,0,0,11,504,2,466,11,970,California
Sierra,2021-03-07,1,1438,1,108,0,1330,0,0,0,503,1,467,0,970,California
Sierra,2021-03-08,2,1440,2,110,0,1330,0,0,2,505,0,467,2,972,California
Sierra,2021-03-09,56,1496,0,110,56,1386,0,0,12,473,44,511,12,984,California
Sierra,2021-03-10,6,1502,0,110,6,1392,0,0,4,475,2,513,4,988,California
Sierra,2021-03-11,173,1675,0,110,173,1565,0,0,41,384,132,645,41,1029,California
Sierra,2021-03-12,20,1695,1,111,19,1584,0,0,0,364,20,665,0,1029,California
Sierra,2021-03-13,27,1722,0,111,27,1611,0,0,27,391,0,665,27,1056,California
Sierra,2021-03-14,1,1723,0,111,0,1611,1,1,0,391,1,666,1,1057,California
Sierra,2021-03-15,2,1725,1,112,0,1611,1,2,0,390,2,668,1,1058,California
Sierra,2021-03-16,35,1760,0,112,34,1645,1,3,22,400,13,681,23,1081,California
Sierra,2021-03-17,3,1763,2,114,1,1646,0,3,0,397,3,684,0,1081,California
Sierra,2021-03-18,157,1920,0,114,157,1803,0,3,65,370,92,776,65,1146,California
Sierra,2021-03-19,4,1924,2,116,2,1805,0,3,1,368,3,779,1,1147,California
Sierra,2021-03-20,1,1925,0,116,1,1806,0,3,1,369,0,779,1,1148,California
Sierra,2021-03-23,22,1947,0,116,22,1828,0,3,13,373,9,788,13,1161,California
Sierra,2021-03-24,3,1950,1,117,2,1830,0,3,1,372,2,790,1,1162,California
Sierra,2021-03-25,98,2048,0,117,98,1928,0,3,49,372,49,839,49,1211,California
Sierra,2021-03-26,12,2060,1,118,11,1939,0,3,8,376,4,843,8,1219,California
Sierra,2021-03-27,1,2061,0,118,1,1940,0,3,0,375,1,844,0,1219,California
Sierra,2021-03-29,1,2062,1,119,0,1940,0,3,0,374,1,845,0,1219,California
Sierra,2021-03-30,54,2116,1,120,53,1993,0,3,22,364,32,877,22,1241,California
Sierra,2021-03-31,8,2124,0,120,8,2001,0,3,8,372,0,877,8,1249,California
Sierra,2021-04-01,63,2187,1,121,62,2063,0,3,5,321,56,933,5,1254,California
Sierra,2021-04-02,3,2190,2,123,1,2064,0,3,2,322,1,934,2,1256,California
Sierra,2021-04-04,1,2191,0,123,1,2065,0,3,0,322,0,934,0,1256,California
Sierra,2021-04-06,11,2202,0,123,11,2076,0,3,1,313,10,944,1,1257,California
Sierra,2021-04-07,14,2216,3,126,6,2082,5,8,3,311,10,954,8,1265,California
Sierra,2021-04-08,53,2269,2,128,51,2133,0,8,16,290,37,991,16,1281,California
Sierra,2021-04-09,2,2271,2,130,0,2133,0,8,1,290,1,992,1,1282,California
Sierra,2021-04-10,27,2298,0,130,27,2160,0,8,0,263,27,1019,0,1282,California
Sierra,2021-04-13,43,2341,0,130,43,2203,0,8,5,230,38,1057,5,1287,California
Sierra,2021-04-14,1,2342,0,130,1,2204,0,8,1,231,0,1057,1,1288,California
Sierra,2021-04-15,48,2390,1,131,47,2251,0,8,2,187,46,1103,2,1290,California
Sierra,2021-04-17,2,2392,1,132,1,2252,0,8,1,187,1,1104,1,1291,California
Sierra,2021-04-18,1,2393,0,132,1,2253,0,8,0,187,0,1104,0,1291,California
Sierra,2021-04-19,1,2394,1,133,0,2253,0,8,0,186,1,1105,0,1291,California
Sierra,2021-04-20,33,2427,0,133,33,2286,0,8,7,167,26,1131,7,1298,California
Sierra,2021-04-21,2,2429,1,134,1,2287,0,8,1,167,1,1132,1,1299,California
Sierra,2021-04-22,64,2493,1,135,63,2350,0,8,5,114,58,1190,5,1304,California
Sierra,2021-04-23,13,2506,0,135,13,2363,0,8,4,109,9,1199,4,1308,California
Sierra,2021-04-24,4,2510,0,135,4,2367,0,8,4,113,0,1199,4,1312,California
Sierra,2021-04-26,1,2511,0,135,1,2368,0,8,1,114,0,1199,1,1313,California
Sierra,2021-04-27,27,2538,0,135,27,2395,0,8,4,95,23,1222,4,1317,California
Sierra,2021-04-28,10,2548,2,137,8,2403,0,8,1,87,9,1231,1,1318,California
Sierra,2021-04-29,20,2568,2,139,18,2421,0,8,14,95,6,1237,14,1332,California
Sierra,2021-04-30,4,2572,2,141,2,2423,0,8,2,95,2,1239,2,1334,California
Sierra,2021-05-01,1,2573,0,141,1,2424,0,8,0,95,0,1239,0,1334,California
Sierra,2021-05-03,1,2574,1,142,0,2424,0,8,1,96,0,1239,1,1335,California
Sierra,2021-05-04,1,2575,0,142,1,2425,0,8,0,95,1,1240,0,1335,California
Sierra,2021-05-05,23,2598,1,143,22,2447,0,8,8,88,15,1255,8,1343,California
Sierra,2021-05-06,1,2599,1,144,0,2447,0,8,0,87,1,1256,0,1343,California
Sierra,2021-05-07,1,2600,1,145,0,2447,0,8,1,88,0,1256,1,1344,California
Sierra,2021-05-08,1,2601,0,145,0,2447,1,9,0,88,1,1257,1,1345,California
Sierra,2021-05-11,11,2612,0,145,4,2451,7,16,0,84,11,1268,7,1352,California
Sierra,2021-05-12,11,2623,1,146,10,2461,0,16,8,89,3,1271,8,1360,California
Sierra,2021-05-13,3,2626,2,148,1,2462,0,16,2,90,1,1272,2,1362,California
Sierra,2021-05-14,3,2629,1,149,2,2464,0,16,3,93,0,1272,3,1365,California
Sierra,2021-05-17,1,2630,1,150,0,2464,0,16,1,94,0,1272,1,1366,California
Sierra,2021-05-18,2,2632,0,150,1,2465,1,17,0,93,2,1274,1,1367,California
Sierra,2021-05-19,6,2638,2,152,4,2469,0,17,2,91,4,1278,2,1369,California
Sierra,2021-05-20,9,2647,8,160,0,2469,1,18,8,99,1,1279,9,1378,California
Sierra,2021-05-21,4,2651,2,162,2,2471,0,18,1,97,3,1282,1,1379,California
Sierra,2021-05-22,5,2656,0,162,5,2476,0,18,1,94,4,1286,1,1380,California
Sierra,2021-05-23,1,2657,0,162,1,2477,0,18,1,95,0,1286,1,1381,California
Sierra,2021-05-24,3,2660,1,163,2,2479,0,18,2,96,1,1287,2,1383,California
Sierra,2021-05-25,3,2663,0,163,3,2482,0,18,1,95,2,1289,1,1384,California
Sierra,2021-05-26,8,2671,0,163,8,2490,0,18,4,95,4,1293,4,1388,California
Sierra,2021-05-27,9,2680,1,164,7,2497,1,19,2,91,7,1300,3,1391,California
Sierra,2021-05-28,4,2684,2,166,2,2499,0,19,2,91,2,1302,2,1393,California
Sierra,2021-05-29,2,2686,0,166,2,2501,0,19,2,93,0,1302,2,1395,California
Sierra,2021-05-30,1,2687,1,167,0,2501,0,19,1,94,0,1302,1,1396,California
Sierra,2021-06-01,1,2688,0,167,1,2502,0,19,0,93,1,1303,0,1396,California
Sierra,2021-06-02,23,2711,0,167,21,2523,2,21,0,73,22,1325,2,1398,California
Sierra,2021-06-03,3,2714,2,169,1,2524,0,21,0,70,3,1328,0,1398,California
Sierra,2021-06-04,2,2716,2,171,0,2524,0,21,1,70,1,1329,1,1399,California
Sierra,2021-06-08,1,2717,1,172,0,2524,0,21,1,71,0,1329,1,1400,California
Sierra,2021-06-09,8,2725,1,173,5,2529,2,23,0,65,8,1337,2,1402,California
Sierra,2021-06-10,8,2733,8,181,0,2529,0,23,4,65,4,1341,4,1406,California
Sierra,2021-06-11,3,2736,1,182,2,2531,0,23,0,62,3,1344,0,1406,California
Sierra,2021-06-12,1,2737,1,183,0,2531,0,23,1,63,0,1344,1,1407,California
Sierra,2021-06-13,1,2738,1,184,0,2531,0,23,0,62,1,1345,0,1407,California
Sierra,2021-06-14,6,2744,4,188,1,2532,1,24,2,61,4,1349,3,1410,California
Sierra,2021-06-15,2,2746,1,189,1,2533,0,24,1,62,0,1349,1,1411,California
Sierra,2021-06-16,6,2752,1,190,5,2538,0,24,2,60,4,1353,2,1413,California
Sierra,2021-06-17,4,2756,2,192,1,2539,1,25,2,61,2,1355,3,1416,California
Sierra,2021-06-18,2,2758,1,193,0,2539,1,26,0,60,2,1357,1,1417,California
Sierra,2021-06-21,1,2759,0,193,1,2540,0,26,0,59,1,1358,0,1417,California
Sierra,2021-06-22,5,2764,3,196,2,2542,0,26,3,60,2,1360,3,1420,California
Sierra,2021-06-23,6,2770,0,196,6,2548,0,26,2,58,4,1364,2,1422,California
Sierra,2021-06-24,6,2776,0,196,2,2550,4,30,1,58,5,1369,5,1427,California
Sierra,2021-06-27,1,2777,1,197,0,2550,0,30,1,59,0,1369,1,1428,California
Sierra,2021-06-28,1,2778,0,197,0,2550,1,31,0,59,1,1370,1,1429,California
Sierra,2021-06-30,3,2781,2,199,0,2550,1,32,1,59,2,1372,2,1431,California
Sierra,2021-07-01,3,2784,1,200,2,2552,0,32,2,60,1,1373,2,1433,California
Sierra,2021-07-02,1,2785,1,201,0,2552,0,32,0,59,1,1374,0,1433,California
Sierra,2021-07-03,1,2786,1,202,0,2552,0,32,0,58,1,1375,0,1433,California
Siskiyou,2020-12-16,2,2,2,2,0,0,0,0,2,2,0,0,2,2,California
Siskiyou,2020-12-17,4,6,4,6,0,0,0,0,4,6,0,0,4,6,California
Siskiyou,2020-12-18,2,8,2,8,0,0,0,0,2,8,0,0,2,8,California
Siskiyou,2020-12-19,4,12,4,12,0,0,0,0,4,12,0,0,4,12,California
Siskiyou,2020-12-20,1,13,1,13,0,0,0,0,1,13,0,0,1,13,California
Siskiyou,2020-12-21,132,145,132,145,0,0,0,0,132,145,0,0,132,145,California
Siskiyou,2020-12-22,159,304,159,304,0,0,0,0,159,304,0,0,159,304,California
Siskiyou,2020-12-23,143,447,143,447,0,0,0,0,143,447,0,0,143,447,California
Siskiyou,2020-12-24,5,452,5,452,0,0,0,0,5,452,0,0,5,452,California
Siskiyou,2020-12-26,2,454,0,452,2,2,0,0,2,454,0,0,2,454,California
Siskiyou,2020-12-27,2,456,0,452,2,4,0,0,2,456,0,0,2,456,California
Siskiyou,2020-12-28,4,460,2,454,2,6,0,0,4,460,0,0,4,460,California
Siskiyou,2020-12-29,6,466,2,456,4,10,0,0,6,466,0,0,6,466,California
Siskiyou,2020-12-30,101,567,4,460,97,107,0,0,101,567,0,0,101,567,California
Siskiyou,2020-12-31,12,579,0,460,12,119,0,0,12,579,0,0,12,579,California
Siskiyou,2021-01-02,1,580,1,461,0,119,0,0,1,580,0,0,1,580,California
Siskiyou,2021-01-03,1,581,0,461,1,120,0,0,1,581,0,0,1,581,California
Siskiyou,2021-01-04,130,711,3,464,127,247,0,0,130,711,0,0,130,711,California
Siskiyou,2021-01-05,118,829,4,468,114,361,0,0,116,826,2,2,117,828,California
Siskiyou,2021-01-06,59,888,6,474,53,414,0,0,55,877,4,6,55,883,California
Siskiyou,2021-01-07,178,1066,4,478,174,588,0,0,177,1053,1,7,177,1060,California
Siskiyou,2021-01-08,41,1107,3,481,38,626,0,0,39,1090,2,9,39,1099,California
Siskiyou,2021-01-09,3,1110,3,484,0,626,0,0,1,1089,2,11,1,1100,California
Siskiyou,2021-01-11,296,1406,135,619,161,787,0,0,163,1119,133,144,163,1263,California
Siskiyou,2021-01-12,254,1660,205,824,49,836,0,0,91,1048,163,307,92,1355,California
Siskiyou,2021-01-13,160,1820,139,963,21,857,0,0,23,934,137,444,23,1378,California
Siskiyou,2021-01-14,36,1856,1,964,35,892,0,0,35,968,1,445,35,1413,California
Siskiyou,2021-01-15,55,1911,3,967,52,944,0,0,55,1023,0,445,55,1468,California
Siskiyou,2021-01-16,7,1918,2,969,5,949,0,0,7,1030,0,445,7,1475,California
Siskiyou,2021-01-17,1,1919,1,970,0,949,0,0,0,1029,1,446,0,1475,California
Siskiyou,2021-01-18,75,1994,3,973,72,1021,0,0,73,1100,2,448,73,1548,California
Siskiyou,2021-01-19,41,2035,1,974,40,1061,0,0,40,1139,1,449,40,1588,California
Siskiyou,2021-01-20,68,2103,35,1009,33,1094,0,0,64,1199,4,453,64,1652,California
Siskiyou,2021-01-21,69,2172,1,1010,68,1162,0,0,69,1268,0,453,69,1721,California
Siskiyou,2021-01-22,1345,3517,1177,2187,168,1330,0,0,1345,2613,0,453,1345,3066,California
Siskiyou,2021-01-23,6,3523,2,2189,4,1334,0,0,3,2613,3,456,3,3069,California
Siskiyou,2021-01-25,209,3732,9,2198,200,1534,0,0,205,2814,4,460,205,3274,California
Siskiyou,2021-01-26,158,3890,4,2202,154,1688,0,0,149,2954,9,469,149,3423,California
Siskiyou,2021-01-27,203,4093,3,2205,200,1888,0,0,138,3028,64,533,138,3561,California
Siskiyou,2021-01-28,260,4353,118,2323,142,2030,0,0,235,3244,19,552,235,3796,California
Siskiyou,2021-01-29,272,4625,3,2326,269,2299,0,0,253,3478,19,571,253,4049,California
Siskiyou,2021-01-30,6,4631,5,2331,1,2300,0,0,6,3484,0,571,6,4055,California
Siskiyou,2021-02-01,215,4846,3,2334,212,2512,0,0,114,3497,101,672,114,4169,California
Siskiyou,2021-02-02,319,5165,46,2380,273,2785,0,0,165,3508,154,826,165,4334,California
Siskiyou,2021-02-03,334,5499,1,2381,333,3118,0,0,265,3704,69,895,265,4599,California
Siskiyou,2021-02-04,368,5867,7,2388,361,3479,0,0,227,3790,141,1036,227,4826,California
Siskiyou,2021-02-05,547,6414,4,2392,543,4022,0,0,372,3987,175,1211,372,5198,California
Siskiyou,2021-02-06,15,6429,0,2392,15,4037,0,0,15,4002,0,1211,15,5213,California
Siskiyou,2021-02-07,2,6431,1,2393,1,4038,0,0,2,4004,0,1211,2,5215,California
Siskiyou,2021-02-08,242,6673,4,2397,238,4276,0,0,217,4196,25,1236,217,5432,California
Siskiyou,2021-02-09,249,6922,4,2401,245,4521,0,0,196,4339,53,1289,196,5628,California
Siskiyou,2021-02-10,389,7311,41,2442,348,4869,0,0,319,4589,69,1358,319,5947,California
Siskiyou,2021-02-11,215,7526,1,2443,214,5083,0,0,185,4744,30,1388,185,6132,California
Siskiyou,2021-02-12,1705,9231,1199,3642,506,5589,0,0,497,4033,1208,2596,497,6629,California
Siskiyou,2021-02-13,36,9267,2,3644,34,5623,0,0,31,4059,5,2601,31,6660,California
Siskiyou,2021-02-14,6,9273,2,3646,4,5627,0,0,6,4065,0,2601,6,6666,California
Siskiyou,2021-02-15,105,9378,8,3654,97,5724,0,0,103,4166,2,2603,103,6769,California
Siskiyou,2021-02-16,138,9516,2,3656,136,5860,0,0,101,4230,37,2640,101,6870,California
Siskiyou,2021-02-17,298,9814,16,3672,282,6142,0,0,261,4454,37,2677,261,7131,California
Siskiyou,2021-02-18,272,10086,88,3760,184,6326,0,0,129,4440,143,2820,129,7260,California
Siskiyou,2021-02-19,97,10183,34,3794,63,6389,0,0,36,4417,59,2879,36,7296,California
Siskiyou,2021-02-20,23,10206,5,3799,18,6407,0,0,16,4428,7,2886,18,7314,California
Siskiyou,2021-02-21,1,10207,1,3800,0,6407,0,0,1,4429,0,2886,1,7315,California
Siskiyou,2021-02-22,218,10425,2,3802,216,6623,0,0,78,4367,140,3026,78,7393,California
Siskiyou,2021-02-23,347,10772,15,3817,332,6955,0,0,194,4408,153,3179,194,7587,California
Siskiyou,2021-02-24,173,10945,5,3822,168,7123,0,0,50,4335,123,3302,50,7637,California
Siskiyou,2021-02-25,317,11262,26,3848,291,7414,0,0,160,4339,156,3458,160,7797,California
Siskiyou,2021-02-26,676,11938,11,3859,665,8079,0,0,371,4405,305,3763,371,8168,California
Siskiyou,2021-02-27,32,11970,5,3864,27,8106,0,0,28,4429,4,3767,28,8196,California
Siskiyou,2021-02-28,4,11974,4,3868,0,8106,0,0,3,4431,1,3768,3,8199,California
Siskiyou,2021-03-01,295,12269,6,3874,289,8395,0,0,51,4238,244,4012,51,8250,California
Siskiyou,2021-03-02,211,12480,1,3875,210,8605,0,0,70,4167,141,4153,70,8320,California
Siskiyou,2021-03-03,353,12833,12,3887,341,8946,0,0,155,4124,198,4351,155,8475,California
Siskiyou,2021-03-04,834,13667,624,4511,210,9156,0,0,648,4586,186,4537,648,9123,California
Siskiyou,2021-03-05,353,14020,6,4517,336,9492,11,11,105,4457,245,4782,116,9239,California
Siskiyou,2021-03-06,43,14063,3,4520,33,9525,7,18,28,4477,15,4797,35,9274,California
Siskiyou,2021-03-07,12,14075,4,4524,0,9525,8,26,2,4477,10,4807,10,9284,California
Siskiyou,2021-03-08,440,14515,28,4552,377,9902,35,61,68,4208,372,5179,103,9387,California
Siskiyou,2021-03-09,178,14693,2,4554,122,10024,54,115,44,4172,134,5313,98,9485,California
Siskiyou,2021-03-10,281,14974,7,4561,244,10268,30,145,26,3973,255,5568,56,9541,California
Siskiyou,2021-03-11,521,15495,205,4766,269,10537,47,192,282,4064,238,5806,329,9870,California
Siskiyou,2021-03-12,697,16192,141,4907,517,11054,39,231,184,3775,511,6317,222,10092,California
Siskiyou,2021-03-13,427,16619,379,5286,25,11079,23,254,379,4129,48,6365,402,10494,California
Siskiyou,2021-03-14,19,16638,0,5286,3,11082,16,270,1,4128,18,6383,17,10511,California
Siskiyou,2021-03-15,515,17153,258,5544,193,11275,64,334,339,4355,176,6559,403,10914,California
Siskiyou,2021-03-16,258,17411,34,5578,207,11482,17,351,140,4395,117,6676,157,11071,California
Siskiyou,2021-03-17,203,17614,9,5587,186,11668,8,359,35,4270,168,6844,43,11114,California
Siskiyou,2021-03-18,928,18542,790,6377,126,11794,12,371,807,4969,120,6964,819,11933,California
Siskiyou,2021-03-19,68,18610,10,6387,45,11839,13,384,19,4952,49,7013,32,11965,California
Siskiyou,2021-03-20,29,18639,7,6394,18,11857,4,388,6,4939,23,7036,10,11975,California
Siskiyou,2021-03-21,9,18648,3,6397,1,11858,5,393,3,4941,6,7042,8,11983,California
Siskiyou,2021-03-22,207,18855,21,6418,164,12022,22,415,143,5045,61,7103,165,12148,California
Siskiyou,2021-03-23,194,19049,19,6437,166,12188,9,424,141,5141,53,7156,149,12297,California
Siskiyou,2021-03-24,144,19193,48,6485,96,12284,0,424,115,5227,29,7185,115,12412,California
Siskiyou,2021-03-25,573,19766,320,6805,250,12534,3,427,399,5455,174,7359,402,12814,California
Siskiyou,2021-03-26,307,20073,35,6840,272,12806,0,427,103,5356,202,7561,103,12917,California
Siskiyou,2021-03-27,38,20111,5,6845,28,12834,5,432,10,5343,28,7589,15,12932,California
Siskiyou,2021-03-28,8,20119,7,6852,1,12835,0,432,5,5345,3,7592,5,12937,California
Siskiyou,2021-03-29,96,20215,10,6862,84,12919,2,434,46,5343,50,7642,48,12985,California
Siskiyou,2021-03-30,100,20315,6,6868,93,13012,1,435,40,5324,60,7702,41,13026,California
Siskiyou,2021-03-31,191,20506,21,6889,167,13179,3,438,48,5236,140,7842,52,13078,California
Siskiyou,2021-04-01,829,21335,670,7559,159,13338,0,438,214,4835,615,8457,214,13292,California
Siskiyou,2021-04-02,347,21682,197,7756,146,13484,4,442,66,4626,279,8736,70,13362,California
Siskiyou,2021-04-03,26,21708,5,7761,14,13498,7,449,5,4617,21,8757,12,13374,California
Siskiyou,2021-04-04,1,21709,0,7761,1,13499,0,449,1,4618,0,8757,1,13375,California
Siskiyou,2021-04-05,438,22147,331,8092,81,13580,26,475,26,4259,411,9168,52,13427,California
Siskiyou,2021-04-06,222,22369,37,8129,132,13712,53,528,129,4349,91,9259,181,13608,California
Siskiyou,2021-04-07,118,22487,11,8140,65,13777,42,570,66,4406,52,9311,109,13717,California
Siskiyou,2021-04-08,355,22842,187,8327,127,13904,41,611,65,4222,290,9601,106,13823,California
Siskiyou,2021-04-09,547,23389,377,8704,132,14036,38,649,85,3885,461,10062,124,13947,California
Siskiyou,2021-04-10,45,23434,5,8709,3,14039,37,686,6,3889,39,10101,43,13990,California
Siskiyou,2021-04-11,7,23441,4,8713,1,14040,2,688,2,3888,5,10106,4,13994,California
Siskiyou,2021-04-12,129,23570,24,8737,103,14143,2,690,31,3823,98,10204,33,14027,California
Siskiyou,2021-04-13,207,23777,37,8774,169,14312,1,691,81,3779,126,10330,82,14109,California
Siskiyou,2021-04-14,157,23934,64,8838,93,14405,0,691,85,3794,70,10400,85,14194,California
Siskiyou,2021-04-15,1117,25051,957,9795,160,14565,0,691,438,3554,679,11079,439,14633,California
Siskiyou,2021-04-16,314,25365,219,10014,95,14660,0,691,270,3782,42,11121,270,14903,California
Siskiyou,2021-04-17,11,25376,8,10022,3,14663,0,691,7,3785,4,11125,7,14910,California
Siskiyou,2021-04-18,5,25381,3,10025,2,14665,0,691,1,3782,4,11129,1,14911,California
Siskiyou,2021-04-19,129,25510,24,10049,105,14770,0,691,47,3747,82,11211,47,14958,California
Siskiyou,2021-04-20,236,25746,5,10054,231,15001,0,691,94,3700,141,11352,94,15052,California
Siskiyou,2021-04-21,96,25842,10,10064,86,15087,0,691,26,3656,70,11422,26,15078,California
Siskiyou,2021-04-22,414,26256,301,10365,113,15200,0,691,49,3340,365,11787,49,15127,California
Siskiyou,2021-04-23,182,26438,15,10380,167,15367,0,691,160,3479,21,11808,160,15287,California
Siskiyou,2021-04-24,28,26466,4,10384,24,15391,0,691,20,3491,8,11816,20,15307,California
Siskiyou,2021-04-25,2,26468,0,10384,2,15393,0,691,2,3493,0,11816,2,15309,California
Siskiyou,2021-04-26,101,26569,4,10388,92,15485,5,696,24,3445,77,11893,29,15338,California
Siskiyou,2021-04-27,114,26683,5,10393,107,15592,2,698,87,3509,25,11918,89,15427,California
Siskiyou,2021-04-28,111,26794,8,10401,95,15687,8,706,53,3512,58,11976,61,15488,California
Siskiyou,2021-04-29,150,26944,16,10417,133,15820,1,707,30,3423,120,12096,31,15519,California
Siskiyou,2021-04-30,102,27046,20,10437,81,15901,1,708,45,3414,54,12150,45,15564,California
Siskiyou,2021-05-01,11,27057,7,10444,1,15902,3,711,7,3420,4,12154,10,15574,California
Siskiyou,2021-05-02,10,27067,4,10448,6,15908,0,711,9,3428,1,12155,9,15583,California
Siskiyou,2021-05-03,111,27178,23,10471,86,15994,2,713,46,3411,65,12220,48,15631,California
Siskiyou,2021-05-04,123,27301,7,10478,114,16108,2,715,60,3411,62,12282,62,15693,California
Siskiyou,2021-05-05,116,27417,20,10498,87,16195,9,724,39,3383,76,12358,48,15741,California
Siskiyou,2021-05-06,367,27784,296,10794,65,16260,6,730,190,3402,177,12535,196,15937,California
Siskiyou,2021-05-07,308,28092,219,11013,84,16344,5,735,31,3162,276,12811,36,15973,California
Siskiyou,2021-05-08,25,28117,4,11017,20,16364,1,736,18,3174,7,12818,19,15992,California
Siskiyou,2021-05-09,1,28118,0,11017,1,16365,0,736,0,3173,1,12819,0,15992,California
Siskiyou,2021-05-10,98,28216,67,11084,30,16395,1,737,21,3118,77,12896,22,16014,California
Siskiyou,2021-05-11,87,28303,8,11092,74,16469,5,742,51,3138,36,12932,56,16070,California
Siskiyou,2021-05-12,109,28412,4,11096,101,16570,4,746,17,3068,91,13023,21,16091,California
Siskiyou,2021-05-13,131,28543,35,11131,87,16657,9,755,38,3022,93,13116,47,16138,California
Siskiyou,2021-05-14,176,28719,82,11213,93,16750,1,756,108,3064,67,13183,109,16247,California
Siskiyou,2021-05-15,43,28762,13,11226,28,16778,2,758,36,3096,6,13189,38,16285,California
Siskiyou,2021-05-16,6,28768,2,11228,4,16782,0,758,4,3098,2,13191,4,16289,California
Siskiyou,2021-05-17,65,28833,1,11229,41,16823,23,781,11,3078,54,13245,34,16323,California
Siskiyou,2021-05-18,221,29054,83,11312,134,16957,4,785,124,3110,96,13341,128,16451,California
Siskiyou,2021-05-19,202,29256,97,11409,104,17061,1,786,168,3245,34,13375,169,16620,California
Siskiyou,2021-05-20,533,29789,430,11839,101,17162,2,788,237,3190,294,13669,239,16859,California
Siskiyou,2021-05-21,238,30027,95,11934,143,17305,0,788,109,3171,128,13797,109,16968,California
Siskiyou,2021-05-22,42,30069,19,11953,23,17328,0,788,27,3183,15,13812,27,16995,California
Siskiyou,2021-05-23,4,30073,3,11956,1,17329,0,788,2,3183,2,13814,2,16997,California
Siskiyou,2021-05-24,43,30116,3,11959,40,17369,0,788,29,3199,13,13827,29,17026,California
Siskiyou,2021-05-25,157,30273,16,11975,121,17490,20,808,50,3164,105,13932,70,17096,California
Siskiyou,2021-05-26,76,30349,19,11994,57,17547,0,808,41,3170,35,13967,41,17137,California
Siskiyou,2021-05-27,133,30482,94,12088,37,17584,2,810,57,3153,76,14043,59,17196,California
Siskiyou,2021-05-28,153,30635,58,12146,94,17678,1,811,101,3204,51,14094,102,17298,California
Siskiyou,2021-05-29,16,30651,9,12155,4,17682,3,814,5,3201,11,14105,8,17306,California
Siskiyou,2021-05-31,2,30653,1,12156,0,17682,1,815,1,3202,1,14106,2,17308,California
Siskiyou,2021-06-01,86,30739,20,12176,66,17748,0,815,29,3175,56,14162,29,17337,California
Siskiyou,2021-06-02,121,30860,33,12209,88,17836,0,815,45,3144,76,14238,45,17382,California
Siskiyou,2021-06-03,156,31016,109,12318,42,17878,5,820,40,3073,116,14354,45,17427,California
Siskiyou,2021-06-04,100,31116,76,12394,24,17902,0,820,21,3015,79,14433,21,17448,California
Siskiyou,2021-06-05,37,31153,17,12411,19,17921,1,821,15,3009,22,14455,16,17464,California
Siskiyou,2021-06-06,3,31156,2,12413,0,17921,1,822,0,3007,3,14458,1,17465,California
Siskiyou,2021-06-07,38,31194,4,12417,30,17951,4,826,26,3025,12,14470,30,17495,California
Siskiyou,2021-06-08,209,31403,94,12511,112,18063,3,829,64,2952,140,14610,67,17562,California
Siskiyou,2021-06-09,113,31516,84,12595,28,18091,1,830,31,2902,82,14692,32,17594,California
Siskiyou,2021-06-10,177,31693,145,12740,31,18122,1,831,77,2880,100,14792,78,17672,California
Siskiyou,2021-06-11,112,31805,60,12800,45,18167,7,838,23,2842,68,14860,30,17702,California
Siskiyou,2021-06-12,29,31834,6,12806,23,18190,0,838,9,2831,20,14880,9,17711,California
Siskiyou,2021-06-13,24,31858,16,12822,8,18198,0,838,2,2811,22,14902,2,17713,California
Siskiyou,2021-06-14,24,31882,4,12826,16,18214,4,842,11,2812,13,14915,14,17727,California
Siskiyou,2021-06-15,89,31971,22,12848,54,18268,13,855,33,2802,56,14971,46,17773,California
Siskiyou,2021-06-16,102,32073,23,12871,77,18345,2,857,10,2722,92,15063,12,17785,California
Siskiyou,2021-06-17,186,32259,142,13013,32,18377,12,869,40,2629,145,15208,52,17837,California
Siskiyou,2021-06-18,97,32356,62,13075,27,18404,8,877,20,2580,77,15285,28,17865,California
Siskiyou,2021-06-19,26,32382,17,13092,9,18413,0,877,12,2578,14,15299,12,17877,California
Siskiyou,2021-06-20,2,32384,1,13093,0,18413,1,878,1,2579,1,15300,2,17879,California
Siskiyou,2021-06-21,38,32422,3,13096,33,18446,2,880,5,2553,33,15333,7,17886,California
Siskiyou,2021-06-22,65,32487,24,13120,37,18483,4,884,31,2554,34,15367,35,17921,California
Siskiyou,2021-06-23,52,32539,7,13127,41,18524,4,888,11,2529,40,15407,15,17936,California
Siskiyou,2021-06-24,92,32631,51,13178,32,18556,9,897,46,2538,46,15453,55,17991,California
Siskiyou,2021-06-25,96,32727,60,13238,36,18592,0,897,65,2572,31,15484,65,18056,California
Siskiyou,2021-06-26,8,32735,3,13241,5,18597,0,897,4,2572,4,15488,4,18060,California
Siskiyou,2021-06-28,10,32745,4,13245,6,18603,0,897,5,2572,5,15493,5,18065,California
Siskiyou,2021-06-29,77,32822,52,13297,23,18626,2,899,40,2577,37,15530,42,18107,California
Siskiyou,2021-06-30,53,32875,10,13307,40,18666,3,902,13,2553,40,15570,16,18123,California
Siskiyou,2021-07-01,31,32906,20,13327,7,18673,4,906,9,2544,22,15592,13,18136,California
Siskiyou,2021-07-02,56,32962,36,13363,20,18693,0,906,38,2564,18,15610,38,18174,California
Siskiyou,2021-07-03,16,32978,5,13368,11,18704,0,906,9,2566,7,15617,9,18183,California
Siskiyou,2021-07-05,10,32988,0,13368,10,18714,0,906,3,2562,7,15624,3,18186,California
Solano,2020-12-15,4,4,4,4,0,0,0,0,4,4,0,0,4,4,California
Solano,2020-12-16,70,74,70,74,0,0,0,0,70,74,0,0,70,74,California
Solano,2020-12-17,171,245,171,245,0,0,0,0,171,245,0,0,171,245,California
Solano,2020-12-18,479,724,478,723,1,1,0,0,479,724,0,0,479,724,California
Solano,2020-12-19,522,1246,522,1245,0,1,0,0,522,1246,0,0,522,1246,California
Solano,2020-12-20,356,1602,354,1599,2,3,0,0,356,1602,0,0,356,1602,California
Solano,2020-12-21,575,2177,573,2172,2,5,0,0,575,2177,0,0,575,2177,California
Solano,2020-12-22,664,2841,631,2803,33,38,0,0,664,2841,0,0,664,2841,California
Solano,2020-12-23,863,3704,771,3574,92,130,0,0,862,3702,1,1,862,3703,California
Solano,2020-12-24,425,4129,171,3745,254,384,0,0,425,4127,0,1,425,4128,California
Solano,2020-12-25,9,4138,1,3746,8,392,0,0,9,4136,0,1,9,4137,California
Solano,2020-12-26,175,4313,48,3794,127,519,0,0,175,4311,0,1,175,4312,California
Solano,2020-12-27,106,4419,29,3823,77,596,0,0,106,4417,0,1,106,4418,California
Solano,2020-12-28,878,5297,432,4255,446,1042,0,0,878,5295,0,1,878,5296,California
Solano,2020-12-29,913,6210,376,4631,537,1579,0,0,913,6208,0,1,913,6209,California
Solano,2020-12-30,1241,7451,602,5233,639,2218,0,0,1241,7449,0,1,1241,7450,California
Solano,2020-12-31,546,7997,141,5374,405,2623,0,0,546,7995,0,1,546,7996,California
Solano,2021-01-01,14,8011,13,5387,1,2624,0,0,14,8009,0,1,14,8010,California
Solano,2021-01-02,219,8230,171,5558,48,2672,0,0,219,8228,0,1,219,8229,California
Solano,2021-01-03,56,8286,40,5598,16,2688,0,0,50,8278,0,1,50,8279,California
Solano,2021-01-04,450,8736,242,5840,208,2896,0,0,441,8717,2,3,441,8720,California
Solano,2021-01-05,734,9470,382,6222,352,3248,0,0,573,9134,156,159,573,9293,California
Solano,2021-01-06,850,10320,439,6661,411,3659,0,0,577,9440,271,430,577,9870,California
Solano,2021-01-07,1070,11390,684,7345,386,4045,0,0,594,9561,474,904,595,10465,California
Solano,2021-01-08,1153,12543,785,8130,368,4413,0,0,550,9528,585,1489,552,11017,California
Solano,2021-01-09,886,13429,762,8892,124,4537,0,0,427,9499,456,1945,427,11444,California
Solano,2021-01-10,254,13683,193,9085,61,4598,0,0,152,9549,102,2047,152,11596,California
Solano,2021-01-11,1336,15019,1123,10208,213,4811,0,0,817,9847,519,2566,817,12413,California
Solano,2021-01-12,1584,16603,1181,11389,403,5214,0,0,1027,10319,556,3122,1028,13441,California
Solano,2021-01-13,1469,18072,1007,12396,462,5676,0,0,1210,11272,257,3379,1210,14651,California
Solano,2021-01-14,1920,19992,832,13228,1088,6764,0,0,1601,12557,316,3695,1601,16252,California
Solano,2021-01-15,1722,21714,1065,14293,657,7421,0,0,1422,13679,300,3995,1422,17674,California
Solano,2021-01-16,1296,23010,905,15198,391,7812,0,0,1122,14627,174,4169,1122,18796,California
Solano,2021-01-17,1053,24063,756,15954,297,8109,0,0,1032,15639,21,4190,1033,19829,California
Solano,2021-01-18,1428,25491,855,16809,573,8682,0,0,1307,16825,121,4311,1307,21136,California
Solano,2021-01-19,1667,27158,1347,18156,320,9002,0,0,1391,17941,275,4586,1391,22527,California
Solano,2021-01-20,2062,29220,1428,19584,634,9636,0,0,1574,19030,485,5071,1574,24101,California
Solano,2021-01-21,3221,32441,1033,20617,2188,11824,0,0,2863,21537,358,5429,2865,26966,California
Solano,2021-01-22,1789,34230,859,21476,930,12754,0,0,1590,22929,199,5628,1591,28557,California
Solano,2021-01-23,744,34974,245,21721,499,13253,0,0,532,23249,213,5841,533,29090,California
Solano,2021-01-24,408,35382,63,21784,345,13598,0,0,340,23521,68,5909,340,29430,California
Solano,2021-01-25,1678,37060,630,22414,1048,14646,0,0,1118,24081,559,6468,1119,30549,California
Solano,2021-01-26,1806,38866,748,23162,1058,15704,0,0,1159,24594,647,7115,1160,31709,California
Solano,2021-01-27,1809,40675,719,23881,1090,16794,0,0,1193,25175,612,7727,1193,32902,California
Solano,2021-01-28,1984,42659,714,24595,1270,18064,0,0,1384,25961,599,8326,1385,34287,California
Solano,2021-01-29,1722,44381,777,25372,945,19009,0,0,1355,26952,364,8690,1355,35642,California
Solano,2021-01-30,929,45310,432,25804,497,19506,0,0,604,27232,325,9015,605,36247,California
Solano,2021-01-31,269,45579,177,25981,92,19598,0,0,173,27310,95,9110,173,36420,California
Solano,2021-02-01,1559,47138,1033,27014,526,20124,0,0,773,27300,783,9893,773,37193,California
Solano,2021-02-02,3385,50523,1103,28117,2282,22406,0,0,2566,29052,814,10707,2566,39759,California
Solano,2021-02-03,2274,52797,1311,29428,963,23369,0,0,1167,29115,1104,11811,1167,40926,California
Solano,2021-02-04,1816,54613,905,30333,911,24280,0,0,1083,29470,728,12539,1083,42009,California
Solano,2021-02-05,3129,57742,1424,31757,1705,25985,0,0,2114,30576,1008,13547,2114,44123,California
Solano,2021-02-06,3082,60824,1172,32929,1910,27895,0,0,2263,32024,815,14362,2263,46386,California
Solano,2021-02-07,844,61668,778,33707,66,27961,0,0,235,31651,608,14970,235,46621,California
Solano,2021-02-08,1772,63440,1243,34950,529,28490,0,0,722,31325,1048,16018,722,47343,California
Solano,2021-02-09,1960,65400,1494,36444,466,28956,0,0,702,30770,1257,17275,702,48045,California
Solano,2021-02-10,2291,67691,1508,37952,783,29739,0,0,821,30122,1469,18744,821,48866,California
Solano,2021-02-11,2548,70239,1500,39452,1048,30787,0,0,1201,29987,1336,20080,1201,50067,California
Solano,2021-02-12,4277,74516,1636,41088,2641,33428,0,0,2914,31546,1355,21435,2914,52981,California
Solano,2021-02-13,2897,77413,247,41335,2650,36078,0,0,2479,33611,414,21849,2479,55460,California
Solano,2021-02-14,734,78147,204,41539,530,36608,0,0,407,33694,325,22174,408,55868,California
Solano,2021-02-15,1272,79419,267,41806,1005,37613,0,0,653,33728,619,22793,653,56521,California
Solano,2021-02-16,2582,82001,1388,43194,1194,38807,0,0,1679,34506,902,23695,1680,58201,California
Solano,2021-02-17,3278,85279,1450,44644,1828,40635,0,0,2221,35674,1054,24749,2222,60423,California
Solano,2021-02-18,2924,88203,851,45495,2073,42708,0,0,860,34477,2057,26806,860,61283,California
Solano,2021-02-19,2495,90698,1469,46964,1026,43734,0,0,1181,34353,1307,28113,1183,62466,California
Solano,2021-02-20,2773,93471,393,47357,2380,46114,0,0,2249,36078,524,28637,2249,64715,California
Solano,2021-02-21,2340,95811,2012,49369,328,46442,0,0,2010,37763,325,28962,2010,66725,California
Solano,2021-02-22,1837,97648,1076,50445,761,47203,0,0,952,37835,881,29843,953,67678,California
Solano,2021-02-23,2981,100629,1159,51604,1822,49025,0,0,2013,38883,965,30808,2013,69691,California
Solano,2021-02-24,2562,103191,1281,52885,1281,50306,0,0,1413,39152,1145,31953,1414,71105,California
Solano,2021-02-25,2655,105846,1573,54458,1082,51388,0,0,1462,39427,1187,33140,1462,72567,California
Solano,2021-02-26,3551,109397,2277,56735,1274,52662,0,0,2101,40083,1445,34585,2101,74668,California
Solano,2021-02-27,3993,113390,1539,58274,2453,55115,1,1,3228,42558,754,35339,3229,77897,California
Solano,2021-02-28,1949,115339,1574,59848,374,55489,1,2,1618,43849,328,35667,1619,79516,California
Solano,2021-03-01,2753,118092,1227,61075,1525,57014,1,3,2078,45260,668,36335,2079,81595,California
Solano,2021-03-02,2319,120411,1411,62486,908,57922,0,3,1292,45526,1026,37361,1292,82887,California
Solano,2021-03-03,2270,122681,1277,63763,993,58915,0,3,1406,46079,854,38215,1407,84294,California
Solano,2021-03-04,4436,127117,3440,67203,994,59909,2,5,3172,48002,1254,39469,3177,87471,California
Solano,2021-03-05,4974,132091,1682,68885,3287,63196,5,10,3975,50994,988,40457,3980,91451,California
Solano,2021-03-06,3871,135962,837,69722,2995,66191,39,49,2649,52471,1211,41668,2688,94139,California
Solano,2021-03-07,3579,139541,760,70482,2810,69001,9,58,1951,52817,1615,43283,1961,96100,California
Solano,2021-03-08,2202,141743,1352,71834,581,69582,269,327,1631,54152,563,43846,1898,97998,California
Solano,2021-03-09,3244,144987,1569,73403,1620,71202,55,382,2335,55631,907,44753,2386,100384,California
Solano,2021-03-10,2439,147426,1761,75164,592,71794,86,468,1282,55845,1152,45905,1366,101750,California
Solano,2021-03-11,6056,153482,1764,76928,4040,75834,252,720,4997,60041,1054,46959,5250,107000,California
Solano,2021-03-12,6055,159537,1575,78503,4301,80135,179,899,3170,60517,2872,49831,3348,110348,California
Solano,2021-03-13,4621,164158,805,79308,3731,83866,85,984,2238,60468,2375,52206,2326,112674,California
Solano,2021-03-14,4024,168182,3138,82446,430,84296,456,1440,1557,60016,2462,54668,2010,114684,California
Solano,2021-03-15,4036,172218,2457,84903,1252,85548,327,1767,2519,61355,1505,56173,2844,117528,California
Solano,2021-03-16,3111,175329,1323,86226,1550,87098,238,2005,1576,61639,1529,57702,1813,119341,California
Solano,2021-03-17,6522,181851,1683,87909,4744,91842,95,2100,4945,65106,1573,59275,5040,124381,California
Solano,2021-03-18,5228,187079,1860,89769,3330,95172,38,2138,3748,67421,1472,60747,3787,128168,California
Solano,2021-03-19,3595,190674,2655,92424,864,96036,76,2214,1633,67178,1953,62700,1710,129878,California
Solano,2021-03-20,5590,196264,1681,94105,3855,99891,54,2268,2623,66901,2954,65654,2677,132555,California
Solano,2021-03-21,1699,197963,1591,95696,83,99974,25,2293,376,65984,1316,66970,399,132954,California
Solano,2021-03-22,2708,200671,2055,97751,602,100576,51,2344,1567,66464,1135,68105,1615,134569,California
Solano,2021-03-23,3573,204244,1688,99439,1841,102417,44,2388,1396,65733,2170,70275,1439,136008,California
Solano,2021-03-24,2842,207086,1777,101216,1030,103447,35,2423,1362,65655,1473,71748,1395,137403,California
Solano,2021-03-25,4900,211986,4010,105226,855,104302,35,2458,2278,65352,2616,74364,2313,139716,California
Solano,2021-03-26,3251,215237,2112,107338,1101,105403,38,2496,1742,65633,1499,75863,1780,141496,California
Solano,2021-03-27,4232,219469,1162,108500,3029,108432,41,2537,1664,64775,2561,78424,1703,143199,California
Solano,2021-03-28,1424,220893,1112,109612,294,108726,18,2555,539,64451,881,79305,557,143756,California
Solano,2021-03-29,3539,224432,2046,111658,1477,110203,16,2571,1542,64027,1983,81288,1559,145315,California
Solano,2021-03-30,3053,227485,2022,113680,939,111142,92,2663,1905,64876,1147,82435,1996,147311,California
Solano,2021-03-31,3160,230645,2148,115828,851,111993,161,2824,1848,65574,1307,83742,2005,149316,California
Solano,2021-04-01,5581,236226,2114,117942,3313,115306,154,2978,3521,67203,2046,85788,3675,152991,California
Solano,2021-04-02,6636,242862,2238,120180,4229,119535,169,3147,2553,65858,4064,89852,2719,155710,California
Solano,2021-04-03,1530,244392,968,121148,409,119944,153,3300,568,65618,960,90812,720,156430,California
Solano,2021-04-04,786,245178,288,121436,194,120138,304,3604,242,65624,540,91352,546,156976,California
Solano,2021-04-05,3015,248193,2063,123499,744,120882,208,3812,1515,65847,1498,92850,1721,158697,California
Solano,2021-04-06,6072,254265,1640,125139,3942,124824,490,4302,1636,63544,4427,97277,2124,160821,California
Solano,2021-04-07,5992,260257,4643,129782,946,125770,403,4705,3401,64776,2571,99848,3803,164624,California
Solano,2021-04-08,6507,266764,1802,131584,3832,129602,873,5578,1803,62769,4673,104521,2666,167290,California
Solano,2021-04-09,6319,273083,1662,133246,3807,133409,850,6428,1522,60363,4771,109292,2365,169655,California
Solano,2021-04-10,1758,274841,966,134212,454,133863,338,6766,812,60567,944,110236,1148,170803,California
Solano,2021-04-11,1242,276083,773,134985,337,134200,132,6898,639,60738,600,110836,771,171574,California
Solano,2021-04-12,3293,279376,1702,136687,1230,135430,361,7259,1344,60497,1943,112779,1702,173276,California
Solano,2021-04-13,2574,281950,1115,137802,1458,136888,1,7260,1332,60592,1238,114017,1333,174609,California
Solano,2021-04-14,6545,288495,1965,139767,4580,141468,0,7260,1850,57757,4686,118703,1851,176460,California
Solano,2021-04-15,5744,294239,2171,141938,3572,145040,1,7261,1746,55520,3984,122687,1747,178207,California
Solano,2021-04-16,3713,297952,2600,144538,1111,146151,2,7263,2299,56415,1406,124093,2301,180508,California
Solano,2021-04-17,3294,301246,1074,145612,2220,148371,0,7263,1127,55389,2155,126248,1129,181637,California
Solano,2021-04-18,1056,302302,658,146270,398,148769,0,7263,549,55432,506,126754,549,182186,California
Solano,2021-04-19,2160,304462,1173,147443,987,149756,0,7263,1171,55623,982,127736,1173,183359,California
Solano,2021-04-20,3087,307549,1891,149334,1196,150952,0,7263,1709,55960,1372,129108,1709,185068,California
Solano,2021-04-21,3896,311445,2410,151744,1486,152438,0,7263,2042,56157,1845,130953,2042,187110,California
Solano,2021-04-22,3047,314492,1528,153272,1519,153957,0,7263,1803,56720,1240,132193,1803,188913,California
Solano,2021-04-23,4220,318712,2144,155416,2076,156033,0,7263,2538,57583,1677,133870,2540,191453,California
Solano,2021-04-24,3895,322607,2346,157762,1547,157580,2,7265,2584,58944,1225,135095,2586,194039,California
Solano,2021-04-25,1434,324041,1118,158880,316,157896,0,7265,1134,59785,293,135388,1134,195173,California
Solano,2021-04-26,2623,326664,1704,160584,915,158811,4,7269,1450,60080,1159,136547,1454,196627,California
Solano,2021-04-27,2605,329269,1309,161893,1266,160077,30,7299,1477,60471,1117,137664,1508,198135,California
Solano,2021-04-28,6083,335352,5026,166919,1011,161088,46,7345,3807,62063,2260,139924,3852,201987,California
Solano,2021-04-29,4575,339927,1475,168394,3065,164153,35,7380,2067,61667,2498,142422,2102,204089,California
Solano,2021-04-30,4173,344100,2230,170624,1802,165955,141,7521,1942,61534,2215,144637,2082,206171,California
Solano,2021-05-01,2188,346288,1684,172308,304,166259,200,7721,1298,62148,884,145521,1498,207669,California
Solano,2021-05-02,1200,347488,941,173249,234,166493,25,7746,661,62300,534,146055,686,208355,California
Solano,2021-05-03,1465,348953,1017,174266,361,166854,87,7833,602,62130,860,146915,690,209045,California
Solano,2021-05-04,1828,350781,1071,175337,691,167545,66,7899,823,62016,1003,147918,889,209934,California
Solano,2021-05-05,2284,353065,1442,176779,729,168274,113,8012,1100,62047,1180,149098,1211,211145,California
Solano,2021-05-06,1992,355057,1192,177971,591,168865,209,8221,724,61716,1256,150354,925,212070,California
Solano,2021-05-07,2837,357894,1978,179949,739,169604,120,8341,986,60977,1843,152197,1104,213174,California
Solano,2021-05-08,1485,359379,939,180888,430,170034,116,8457,572,60756,909,153106,688,213862,California
Solano,2021-05-09,451,359830,275,181163,165,170199,11,8468,175,60669,274,153380,187,214049,California
Solano,2021-05-10,1392,361222,647,181810,638,170837,107,8575,389,60166,998,154378,495,214544,California
Solano,2021-05-11,2341,363563,1213,183023,1039,171876,89,8664,680,59279,1656,156034,769,215313,California
Solano,2021-05-12,2200,365763,1267,184290,758,172634,175,8839,730,58727,1455,157489,903,216216,California
Solano,2021-05-13,3100,368863,2122,186412,766,173400,212,9051,1628,59099,1468,158957,1840,218056,California
Solano,2021-05-14,2518,371381,1706,188118,690,174090,122,9173,1061,58833,1449,160406,1183,219239,California
Solano,2021-05-15,3412,374793,2760,190878,566,174656,86,9259,1298,58114,2102,162508,1383,220622,California
Solano,2021-05-16,1542,376335,1144,192022,365,175021,33,9292,277,57162,1261,163769,309,220931,California
Solano,2021-05-17,2459,378794,1413,193435,959,175980,87,9379,864,56535,1574,165343,947,221878,California
Solano,2021-05-18,2959,381753,1640,195075,1230,177210,89,9468,1468,56614,1478,166821,1557,223435,California
Solano,2021-05-19,5744,387497,4139,199214,1473,178683,132,9600,2173,55358,3561,170382,2305,225740,California
Solano,2021-05-20,2633,390130,1581,200795,989,179672,63,9663,942,54683,1680,172062,1005,226745,California
Solano,2021-05-21,3563,393693,1874,202669,1620,181292,69,9732,1368,53934,2186,174248,1437,228182,California
Solano,2021-05-22,2742,396435,2113,204782,535,181827,94,9826,1158,53608,1577,175825,1251,229433,California
Solano,2021-05-23,1409,397844,1165,205947,219,182046,25,9851,753,53733,653,176478,778,230211,California
Solano,2021-05-24,1886,399730,1090,207037,723,182769,73,9924,636,53199,1242,177720,708,230919,California
Solano,2021-05-25,1625,401355,823,207860,744,183513,58,9982,583,52805,1034,178754,640,231559,California
Solano,2021-05-26,1896,403251,1088,208948,751,184264,57,10039,706,52384,1185,179939,764,232323,California
Solano,2021-05-27,2134,405385,945,209893,1114,185378,75,10114,879,52093,1244,181183,953,233276,California
Solano,2021-05-28,2018,407403,1023,210916,939,186317,56,10170,759,51658,1251,182434,816,234092,California
Solano,2021-05-29,655,408058,324,211240,300,186617,31,10201,302,51640,350,182784,332,234424,California
Solano,2021-05-30,323,408381,154,211394,144,186761,25,10226,114,51573,206,182990,139,234563,California
Solano,2021-05-31,129,408510,20,211414,100,186861,9,10235,25,51503,104,183094,34,234597,California
Solano,2021-06-01,1838,410348,1182,212596,578,187439,78,10313,727,51203,1106,184200,806,235403,California
Solano,2021-06-02,1827,412175,1289,213885,472,187911,66,10379,925,51296,895,185095,988,236391,California
Solano,2021-06-03,2190,414365,1732,215617,375,188286,83,10462,705,50606,1479,186574,789,237180,California
Solano,2021-06-04,1653,416018,1148,216765,439,188725,66,10528,501,50025,1148,187722,567,237747,California
Solano,2021-06-05,1418,417436,1024,217789,343,189068,51,10579,469,49602,943,188665,520,238267,California
Solano,2021-06-06,672,418108,554,218343,86,189154,32,10611,361,49685,310,188975,393,238660,California
Solano,2021-06-07,1241,419349,951,219294,228,189382,62,10673,410,49330,827,189802,472,239132,California
Solano,2021-06-08,1834,421183,1326,220620,474,189856,34,10707,486,48507,1343,191145,520,239652,California
Solano,2021-06-09,2108,423291,1795,222415,252,190108,61,10768,668,47801,1434,192579,728,240380,California
Solano,2021-06-10,1242,424533,845,223260,323,190431,74,10842,396,47433,837,193416,469,240849,California
Solano,2021-06-11,1600,426133,1271,224531,263,190694,66,10908,588,47079,1007,194423,653,241502,California
Solano,2021-06-12,1203,427336,924,225455,218,190912,61,10969,205,46354,991,195414,266,241768,California
Solano,2021-06-13,609,427945,520,225975,80,190992,9,10978,110,45975,498,195912,119,241887,California
Solano,2021-06-14,1311,429256,929,226904,349,191341,33,11011,277,45257,1026,196938,308,242195,California
Solano,2021-06-15,1469,430725,931,227835,487,191828,51,11062,603,45052,859,197797,654,242849,California
Solano,2021-06-16,1164,431889,771,228606,323,192151,70,11132,397,44756,762,198559,466,243315,California
Solano,2021-06-17,1222,433111,936,229542,217,192368,69,11201,436,44488,772,199331,504,243819,California
Solano,2021-06-18,1178,434289,875,230417,237,192605,66,11267,441,44263,732,200063,507,244326,California
Solano,2021-06-19,423,434712,295,230712,100,192705,28,11295,161,44195,257,200320,189,244515,California
Solano,2021-06-20,183,434895,140,230852,36,192741,7,11302,85,44189,98,200418,92,244607,California
Solano,2021-06-21,630,435525,405,231257,162,192903,63,11365,395,44413,234,200652,458,245065,California
Solano,2021-06-22,1155,436680,872,232129,238,193141,45,11410,421,44149,730,201382,466,245531,California
Solano,2021-06-23,1405,438085,1160,233289,174,193315,71,11481,481,43782,918,202300,551,246082,California
Solano,2021-06-24,904,438989,686,233975,152,193467,66,11547,385,43718,514,202814,450,246532,California
Solano,2021-06-25,1036,440025,723,234698,245,193712,68,11615,481,43729,537,203351,548,247080,California
Solano,2021-06-26,560,440585,430,235128,93,193805,37,11652,220,43647,338,203689,256,247336,California
Solano,2021-06-27,440,441025,383,235511,55,193860,2,11654,157,43524,282,203971,159,247495,California
Solano,2021-06-28,969,441994,802,236313,132,193992,35,11689,393,43381,571,204542,428,247923,California
Solano,2021-06-29,851,442845,651,236964,147,194139,53,11742,379,43344,468,205010,431,248354,California
Solano,2021-06-30,814,443659,600,237564,169,194308,45,11787,369,43312,445,205455,413,248767,California
Solano,2021-07-01,666,444325,492,238056,111,194419,63,11850,251,43213,413,205868,314,249081,California
Solano,2021-07-02,737,445062,561,238617,142,194561,34,11884,295,43106,436,206304,329,249410,California
Solano,2021-07-03,311,445373,208,238825,88,194649,15,11899,155,43124,152,206456,170,249580,California
Solano,2021-07-04,32,445405,3,238828,16,194665,13,11912,12,43129,20,206476,25,249605,California
Solano,2021-07-05,216,445621,122,238950,81,194746,13,11925,95,43118,119,206595,108,249713,California
Sonoma,2020-12-15,4,4,4,4,0,0,0,0,4,4,0,0,4,4,California
Sonoma,2020-12-16,27,31,27,31,0,0,0,0,27,31,0,0,27,31,California
Sonoma,2020-12-17,111,142,111,142,0,0,0,0,111,142,0,0,111,142,California
Sonoma,2020-12-18,437,579,437,579,0,0,0,0,437,579,0,0,437,579,California
Sonoma,2020-12-19,111,690,110,689,1,1,0,0,111,690,0,0,111,690,California
Sonoma,2020-12-20,177,867,177,866,0,1,0,0,177,867,0,0,177,867,California
Sonoma,2020-12-21,908,1775,906,1772,2,3,0,0,907,1774,0,0,907,1774,California
Sonoma,2020-12-22,1356,3131,1265,3037,91,94,0,0,1356,3130,0,0,1356,3130,California
Sonoma,2020-12-23,1604,4735,1228,4265,376,470,0,0,1605,4735,0,0,1605,4735,California
Sonoma,2020-12-24,310,5045,103,4368,207,677,0,0,310,5045,0,0,310,5045,California
Sonoma,2020-12-25,9,5054,2,4370,7,684,0,0,9,5054,0,0,9,5054,California
Sonoma,2020-12-26,268,5322,257,4627,11,695,0,0,268,5322,0,0,268,5322,California
Sonoma,2020-12-27,94,5416,80,4707,14,709,0,0,94,5416,0,0,94,5416,California
Sonoma,2020-12-28,980,6396,546,5253,434,1143,0,0,953,6369,0,0,953,6369,California
Sonoma,2020-12-29,1136,7532,779,6032,357,1500,0,0,1102,7471,0,0,1102,7471,California
Sonoma,2020-12-30,1098,8630,482,6514,616,2116,0,0,1090,8561,0,0,1090,8561,California
Sonoma,2020-12-31,518,9148,69,6583,449,2565,0,0,518,9079,0,0,518,9079,California
Sonoma,2021-01-01,228,9376,107,6690,121,2686,0,0,228,9307,0,0,228,9307,California
Sonoma,2021-01-02,135,9511,128,6818,7,2693,0,0,135,9442,0,0,135,9442,California
Sonoma,2021-01-03,26,9537,10,6828,16,2709,0,0,26,9468,0,0,26,9468,California
Sonoma,2021-01-04,346,9883,108,6936,238,2947,0,0,345,9813,0,0,345,9813,California
Sonoma,2021-01-05,433,10316,100,7036,333,3280,0,0,407,10204,16,16,407,10220,California
Sonoma,2021-01-06,951,11267,431,7467,520,3800,0,0,836,10931,109,125,836,11056,California
Sonoma,2021-01-07,1040,12307,539,8006,501,4301,0,0,865,11622,174,299,865,11921,California
Sonoma,2021-01-08,1811,14118,1245,9251,566,4867,0,0,1328,12469,481,780,1328,13249,California
Sonoma,2021-01-09,641,14759,401,9652,240,5107,0,0,593,13014,48,828,593,13842,California
Sonoma,2021-01-10,471,15230,460,10112,11,5118,0,0,277,13097,194,1022,277,14119,California
Sonoma,2021-01-11,1387,16617,1239,11351,148,5266,0,0,416,12547,966,1988,416,14535,California
Sonoma,2021-01-12,1553,18170,1296,12647,257,5523,0,0,401,11798,1150,3138,401,14936,California
Sonoma,2021-01-13,2049,20219,1368,14015,681,6204,0,0,1181,12115,865,4003,1182,16118,California
Sonoma,2021-01-14,1543,21762,809,14824,734,6938,0,0,1313,13198,230,4233,1313,17431,California
Sonoma,2021-01-15,1566,23328,635,15459,931,7869,0,0,1342,14328,214,4447,1344,18775,California
Sonoma,2021-01-16,1148,24476,612,16071,536,8405,0,0,900,14984,244,4691,900,19675,California
Sonoma,2021-01-17,681,25157,559,16630,122,8527,0,0,601,15505,80,4771,601,20276,California
Sonoma,2021-01-18,1108,26265,938,17568,170,8697,0,0,618,15634,490,5261,619,20895,California
Sonoma,2021-01-19,2100,28365,1002,18570,1098,9795,0,0,1388,16313,710,5971,1389,22284,California
Sonoma,2021-01-20,2190,30555,711,19281,1479,11274,0,0,1515,17164,665,6636,1516,23800,California
Sonoma,2021-01-21,2321,32876,675,19956,1646,12920,0,0,2093,19032,226,6862,2094,25894,California
Sonoma,2021-01-22,2775,35651,1055,21011,1720,14640,0,0,2623,21504,151,7013,2623,28517,California
Sonoma,2021-01-23,769,36420,591,21602,178,14818,0,0,660,22056,108,7121,660,29177,California
Sonoma,2021-01-24,852,37272,714,22316,138,14956,0,0,833,22870,19,7140,833,30010,California
Sonoma,2021-01-25,2197,39469,535,22851,1662,16618,0,0,1705,24083,492,7632,1705,31715,California
Sonoma,2021-01-26,2064,41533,307,23158,1757,18375,0,0,1596,25212,467,8099,1596,33311,California
Sonoma,2021-01-27,3748,45281,1279,24437,2469,20844,0,0,3162,27793,583,8682,3164,36475,California
Sonoma,2021-01-28,4123,49404,1831,26268,2292,23136,0,0,3435,30545,685,9367,3437,39912,California
Sonoma,2021-01-29,3022,52426,1421,27689,1601,24737,0,0,2170,31867,850,10217,2172,42084,California
Sonoma,2021-01-30,2593,55019,2397,30086,196,24933,0,0,2245,33767,346,10563,2246,44330,California
Sonoma,2021-01-31,794,55813,678,30764,116,25049,0,0,562,34098,231,10794,562,44892,California
Sonoma,2021-02-01,2501,58314,858,31622,1643,26692,0,0,2107,35815,390,11184,2107,46999,California
Sonoma,2021-02-02,3618,61932,1399,33021,2219,28911,0,0,3030,38260,585,11769,3030,50029,California
Sonoma,2021-02-03,4074,66006,1328,34349,2746,31657,0,0,3124,40438,946,12715,3124,53153,California
Sonoma,2021-02-04,4250,70256,1746,36095,2504,34161,0,0,3442,43076,805,13520,3443,56596,California
Sonoma,2021-02-05,4862,75118,1758,37853,3104,37265,0,0,3791,45802,1066,14586,3792,60388,California
Sonoma,2021-02-06,2663,77781,2295,40148,368,37633,0,0,2121,47383,540,15126,2121,62509,California
Sonoma,2021-02-07,1556,79337,1419,41567,137,37770,0,0,1293,48413,263,15389,1293,63802,California
Sonoma,2021-02-08,3291,82628,1041,42608,2250,40020,0,0,2688,50500,601,15990,2688,66490,California
Sonoma,2021-02-09,3601,86229,1717,44325,1884,41904,0,0,3113,53128,486,16476,3114,69604,California
Sonoma,2021-02-10,4596,90825,2508,46833,2088,43992,0,0,3567,55675,1021,17497,3568,73172,California
Sonoma,2021-02-11,5633,96458,3038,49871,2595,46587,0,0,4350,58746,1279,18776,4350,77522,California
Sonoma,2021-02-12,5970,102428,3288,53159,2682,49269,0,0,4509,61805,1454,20230,4513,82035,California
Sonoma,2021-02-13,2002,104430,1157,54316,845,50114,0,0,1196,62198,803,21033,1196,83231,California
Sonoma,2021-02-14,2336,106766,1833,56149,503,50617,0,0,1578,63022,754,21787,1578,84809,California
Sonoma,2021-02-15,2146,108912,791,56940,1355,51972,0,0,1599,64074,547,22334,1599,86408,California
Sonoma,2021-02-16,4998,113910,2138,59078,2860,54832,0,0,3715,66512,1279,23613,3717,90125,California
Sonoma,2021-02-17,5650,119560,2932,62010,2718,57550,0,0,3555,67989,2080,25693,3557,93682,California
Sonoma,2021-02-18,7022,126582,3172,65182,3850,61400,0,0,4018,69023,2985,28678,4019,97701,California
Sonoma,2021-02-19,5656,132238,1724,66906,3932,65332,0,0,3493,70365,2153,30831,3495,101196,California
Sonoma,2021-02-20,3157,135395,2857,69763,300,65632,0,0,1228,69672,1921,32752,1228,102424,California
Sonoma,2021-02-21,559,135954,443,70206,116,65748,0,0,148,69415,405,33157,148,102572,California
Sonoma,2021-02-22,3023,138977,1419,71625,1604,67352,0,0,1240,68886,1769,34926,1240,103812,California
Sonoma,2021-02-23,3485,142462,2137,73762,1348,68700,0,0,1636,68681,1841,36767,1636,105448,California
Sonoma,2021-02-24,5775,148237,2584,76346,3191,71891,0,0,2941,68800,2823,39590,2942,108390,California
Sonoma,2021-02-25,6024,154261,2356,78702,3668,75559,0,0,3224,69253,2771,42361,3224,111614,California
Sonoma,2021-02-26,6640,160901,2925,81627,3715,79274,0,0,4208,71039,2422,44783,4208,115822,California
Sonoma,2021-02-27,4233,165134,1964,83591,2269,81543,0,0,2834,72480,1393,46176,2834,118656,California
Sonoma,2021-02-28,2502,167636,1850,85441,651,82194,1,1,746,71483,1744,47920,747,119403,California
Sonoma,2021-03-01,4145,171781,1324,86765,2820,85014,1,2,2165,71689,1961,49881,2167,121570,California
Sonoma,2021-03-02,4440,176221,1531,88296,2907,87921,2,4,2551,72364,1878,51759,2553,124123,California
Sonoma,2021-03-03,5091,181312,2644,90940,2447,90368,0,4,2330,71949,2745,54504,2330,126453,California
Sonoma,2021-03-04,5983,187295,2688,93628,3295,93663,0,4,2581,71144,3386,57890,2581,129034,California
Sonoma,2021-03-05,6505,193800,2868,96496,3622,97285,15,19,2729,70133,3756,61646,2745,131779,California
Sonoma,2021-03-06,2808,196608,1227,97723,1443,98728,138,157,1927,71326,871,62517,2064,133843,California
Sonoma,2021-03-07,1736,198344,1400,99123,299,99027,37,194,395,70418,1339,63856,431,134274,California
Sonoma,2021-03-08,4085,202429,663,99786,3248,102275,174,368,2384,71287,1687,65543,2556,136830,California
Sonoma,2021-03-09,5623,208052,3100,102886,2255,104530,268,636,2692,71318,2916,68459,2947,139777,California
Sonoma,2021-03-10,6050,214102,3209,106095,2491,107021,350,986,2427,70489,3603,72062,2774,142551,California
Sonoma,2021-03-11,7566,221668,3029,109124,3715,110736,822,1808,2540,68842,5004,77066,3357,145908,California
Sonoma,2021-03-12,7439,229107,2269,111393,3805,114541,1365,3173,2059,66912,5348,82414,3418,149326,California
Sonoma,2021-03-13,3463,232570,1715,113108,1508,116049,240,3413,2013,67714,1446,83860,2248,151574,California
Sonoma,2021-03-14,1396,233966,388,113496,866,116915,142,3555,849,68161,544,84404,991,152565,California
Sonoma,2021-03-15,5259,239225,1519,115015,3354,120269,386,3941,2173,67653,3065,87469,2557,155122,California
Sonoma,2021-03-16,6326,245551,2270,117285,3828,124097,228,4169,2885,67334,3430,90899,3111,158233,California
Sonoma,2021-03-17,6805,252356,3549,120834,3077,127174,179,4348,3273,67270,3514,94413,3450,161683,California
Sonoma,2021-03-18,7161,259517,2952,123786,3593,130767,616,4964,3109,66953,4036,98449,3719,165402,California
Sonoma,2021-03-19,7525,267042,3260,127046,4036,134803,229,5193,3046,65785,4447,102896,3279,168681,California
Sonoma,2021-03-20,3736,270778,1766,128812,1144,135947,826,6019,2014,66907,1713,104609,2835,171516,California
Sonoma,2021-03-21,1401,272179,614,129426,752,136699,35,6054,1209,67965,186,104795,1244,172760,California
Sonoma,2021-03-22,4585,276764,3120,132546,1366,138065,99,6153,3335,70156,1243,106038,3434,176194,California
Sonoma,2021-03-23,5873,282637,3639,136185,2161,140226,73,6226,4417,73204,1443,107481,4491,180685,California
Sonoma,2021-03-24,6845,289482,4288,140473,2482,142708,75,6301,4156,74766,2666,110147,4228,184913,California
Sonoma,2021-03-25,7138,296620,4201,144674,2825,145533,112,6413,4273,76317,2836,112983,4387,189300,California
Sonoma,2021-03-26,7482,304102,3473,148147,3912,149445,97,6510,3807,76573,3647,116630,3903,193203,California
Sonoma,2021-03-27,3865,307967,1516,149663,1986,151431,363,6873,990,75063,2860,119490,1350,194553,California
Sonoma,2021-03-28,1515,309482,950,150613,537,151968,28,6901,796,75171,715,120205,823,195376,California
Sonoma,2021-03-29,2993,312475,1110,151723,1850,153818,33,6934,1548,75318,1434,121639,1581,196957,California
Sonoma,2021-03-30,5929,318404,3232,154955,2634,156452,63,6997,3101,75664,2818,124457,3164,200121,California
Sonoma,2021-03-31,5751,324155,3418,158373,2117,158569,216,7213,3337,76820,2396,126853,3552,203673,California
Sonoma,2021-04-01,6965,331120,4071,162444,2548,161117,346,7559,3774,77768,3161,130014,4109,207782,California
Sonoma,2021-04-02,5978,337098,3581,166025,2286,163403,111,7670,3577,79068,2387,132401,3687,211469,California
Sonoma,2021-04-03,3739,340837,1826,167851,1686,165089,227,7897,1676,78920,2046,134447,1898,213367,California
Sonoma,2021-04-04,1070,341907,695,168546,284,165373,91,7988,648,79242,417,134864,739,214106,California
Sonoma,2021-04-05,4456,346363,665,169211,3444,168817,347,8335,1674,78489,2774,137638,2021,216127,California
Sonoma,2021-04-06,6936,353299,3512,172723,3012,171829,412,8747,4029,80036,2891,140529,4438,220565,California
Sonoma,2021-04-07,6867,360166,3882,176605,2138,173967,847,9594,3344,80714,3505,144034,4183,224748,California
Sonoma,2021-04-08,7682,367848,4156,180761,2750,176717,776,10370,4203,82221,3466,147500,4973,229721,California
Sonoma,2021-04-09,6866,374714,3832,184593,2142,178859,892,11262,3523,83301,3328,150828,4408,234129,California
Sonoma,2021-04-10,3925,378639,1709,186302,1655,180514,561,11823,1155,82253,2757,153585,1709,235838,California
Sonoma,2021-04-11,1294,379933,613,186915,600,181114,81,11904,442,81926,850,154435,523,236361,California
Sonoma,2021-04-12,4974,384907,2069,188984,2418,183532,487,12391,1848,81146,3108,157543,2328,238689,California
Sonoma,2021-04-13,7948,392855,4678,193662,3266,186798,4,12395,3048,79312,4885,162428,3051,241740,California
Sonoma,2021-04-14,6703,399558,3787,197449,2895,189693,21,12416,2569,77781,4119,166547,2588,244328,California
Sonoma,2021-04-15,7535,407093,4281,201730,3253,192946,1,12417,3642,77548,3876,170423,3643,247971,California
Sonoma,2021-04-16,6938,414031,3465,205195,3471,196417,2,12419,3913,78450,3014,173437,3916,251887,California
Sonoma,2021-04-17,3546,417577,1835,207030,1711,198128,0,12419,1690,78304,1837,175274,1691,253578,California
Sonoma,2021-04-18,1410,418987,1009,208039,401,198529,0,12419,539,77974,869,176143,539,254117,California
Sonoma,2021-04-19,3443,422430,1893,209932,1549,200078,1,12420,1528,77595,1908,178051,1529,255646,California
Sonoma,2021-04-20,6405,428835,3534,213466,2871,202949,0,12420,2381,75968,4010,182061,2383,258029,California
Sonoma,2021-04-21,6851,435686,4356,217822,2493,205442,2,12422,3135,75412,3692,185753,3136,261165,California
Sonoma,2021-04-22,6475,442161,4523,222345,1951,207393,1,12423,2611,74179,3844,189597,2611,263776,California
Sonoma,2021-04-23,7569,449730,4669,227014,2893,210286,7,12430,3683,74000,3870,193467,3691,267467,California
Sonoma,2021-04-24,2787,452517,1515,228529,1258,211544,14,12444,1548,74329,1233,194700,1562,269029,California
Sonoma,2021-04-25,1085,453602,789,229318,296,211840,0,12444,431,74109,651,195351,431,269460,California
Sonoma,2021-04-26,3001,456603,1437,230755,1536,213376,28,12472,1624,74393,1368,196719,1652,271112,California
Sonoma,2021-04-27,5532,462135,3735,234490,1673,215049,124,12596,2240,73475,3281,200000,2363,273475,California
Sonoma,2021-04-28,4932,467067,3232,237722,1500,216549,200,12796,2017,72793,2894,202894,2212,275687,California
Sonoma,2021-04-29,5114,472181,3600,241322,1370,217919,144,12940,1912,71663,3186,206080,2056,277743,California
Sonoma,2021-04-30,5565,477746,3630,244952,1640,219559,295,13235,1825,70060,3722,209802,2119,279862,California
Sonoma,2021-05-01,2530,480276,1790,246742,632,220191,108,13343,1196,70036,1323,211125,1299,281161,California
Sonoma,2021-05-02,874,481150,651,247393,172,220363,51,13394,555,70324,319,211444,607,281768,California
Sonoma,2021-05-03,3266,484416,1685,249078,1428,221791,153,13547,1067,69357,2184,213628,1217,282985,California
Sonoma,2021-05-04,4624,489040,2415,251493,2027,223818,182,13729,1456,67844,3145,216773,1632,284617,California
Sonoma,2021-05-05,3720,492760,2190,253683,1336,225154,194,13923,1318,66969,2385,219158,1510,286127,California
Sonoma,2021-05-06,4600,497360,2423,256106,2050,227204,127,14050,1304,65164,3233,222391,1428,287555,California
Sonoma,2021-05-07,3644,501004,2329,258435,1192,228396,123,14173,1088,63833,2542,224933,1211,288766,California
Sonoma,2021-05-08,1939,502943,1294,259729,553,228949,92,14265,680,63360,1245,226178,772,289538,California
Sonoma,2021-05-09,500,503443,284,260013,175,229124,41,14306,157,63220,338,226516,198,289736,California
Sonoma,2021-05-10,2367,505810,1043,261056,1191,230315,133,14439,294,61589,2055,228571,424,290160,California
Sonoma,2021-05-11,3601,509411,1940,262996,1539,231854,122,14561,872,59873,2710,231281,994,291154,California
Sonoma,2021-05-12,4075,513486,2499,265495,1424,233278,152,14713,849,57659,3214,234495,1000,292154,California
Sonoma,2021-05-13,4970,518456,2845,268340,1995,235273,130,14843,1653,56136,3304,237799,1781,293935,California
Sonoma,2021-05-14,5849,524305,3606,271946,2106,237379,137,14980,2208,54857,3625,241424,2346,296281,California
Sonoma,2021-05-15,2991,527296,2200,274146,728,238107,63,15043,1872,55682,1110,242534,1935,298216,California
Sonoma,2021-05-16,1352,528648,1133,275279,160,238267,59,15102,996,56386,351,242885,1055,299271,California
Sonoma,2021-05-17,2445,531093,1816,277095,534,238801,95,15197,888,55815,1552,244437,981,300252,California
Sonoma,2021-05-18,4339,535432,2864,279959,1366,240167,109,15306,1463,54529,2857,247294,1571,301823,California
Sonoma,2021-05-19,3879,539311,2420,282379,1344,241511,115,15421,1484,53749,2379,249673,1599,303422,California
Sonoma,2021-05-20,3432,542743,2246,284625,1092,242603,94,15515,1334,53086,2085,251758,1422,304844,California
Sonoma,2021-05-21,4255,546998,2389,287014,1737,244340,129,15644,1500,51969,2731,254489,1614,306458,California
Sonoma,2021-05-22,2349,549347,1291,288305,1018,245358,40,15684,665,51004,1670,256159,705,307163,California
Sonoma,2021-05-23,1502,550849,1222,289527,262,245620,18,15702,774,51073,723,256882,792,307955,California
Sonoma,2021-05-24,2020,552869,1259,290786,627,246247,134,15836,661,50538,1330,258212,795,308750,California
Sonoma,2021-05-25,2943,555812,1800,292586,1056,247303,87,15923,739,49172,2190,260402,824,309574,California
Sonoma,2021-05-26,2490,558302,1736,294322,643,247946,111,16034,1002,48809,1473,261875,1110,310684,California
Sonoma,2021-05-27,2073,560375,1136,295458,840,248786,97,16131,682,48204,1381,263256,776,311460,California
Sonoma,2021-05-28,2189,562564,1127,296585,969,249755,93,16224,621,47361,1557,264813,714,312174,California
Sonoma,2021-05-29,1352,563916,922,297507,362,250117,68,16292,637,47361,705,265518,705,312879,California
Sonoma,2021-05-30,347,564263,213,297720,123,250240,11,16303,138,47307,202,265720,148,313027,California
Sonoma,2021-05-31,70,564333,26,297746,43,250283,1,16304,17,47272,53,265773,18,313045,California
Sonoma,2021-06-01,1942,566275,1113,298859,753,251036,76,16380,693,46801,1236,267009,765,313810,California
Sonoma,2021-06-02,1590,567865,975,299834,499,251535,116,16496,660,46650,925,267934,774,314584,California
Sonoma,2021-06-03,2009,569874,1385,301219,545,252080,79,16575,437,45602,1563,269497,515,315099,California
Sonoma,2021-06-04,2709,572583,2205,303424,396,252476,108,16683,513,44035,2186,271683,619,315718,California
Sonoma,2021-06-05,1817,574400,1493,304917,293,252769,31,16714,272,42798,1540,273223,303,316021,California
Sonoma,2021-06-06,1013,575413,936,305853,68,252837,9,16723,141,42079,869,274092,150,316171,California
Sonoma,2021-06-07,1487,576900,1245,307098,187,253024,55,16778,332,41316,1147,275239,384,316555,California
Sonoma,2021-06-08,1901,578801,1526,308624,327,253351,48,16826,530,40533,1359,276598,576,317131,California
Sonoma,2021-06-09,1653,580454,1365,309989,226,253577,62,16888,390,39736,1249,277847,452,317583,California
Sonoma,2021-06-10,1834,582288,1506,311495,224,253801,104,16992,553,39123,1268,279115,655,318238,California
Sonoma,2021-06-11,2000,584288,1630,313125,278,254079,92,17084,546,38314,1447,280562,638,318876,California
Sonoma,2021-06-12,1126,585414,889,314014,191,254270,46,17130,346,37935,772,281334,393,319269,California
Sonoma,2021-06-13,555,585969,466,314480,70,254340,19,17149,104,37607,450,281784,122,319391,California
Sonoma,2021-06-14,948,586917,675,315155,214,254554,59,17208,338,37403,601,282385,397,319788,California
Sonoma,2021-06-15,1849,588766,1382,316537,359,254913,108,17316,603,36879,1234,283619,710,320498,California
Sonoma,2021-06-16,1576,590342,1214,317751,261,255174,101,17417,499,36407,1070,284689,598,321096,California
Sonoma,2021-06-17,1040,591382,788,318539,172,255346,80,17497,409,36269,626,285315,488,321584,California
Sonoma,2021-06-18,1077,592459,772,319311,203,255549,102,17599,451,36203,616,285931,550,322134,California
Sonoma,2021-06-19,835,593294,690,320001,106,255655,39,17638,274,35957,558,286489,312,322446,California
Sonoma,2021-06-20,241,593535,199,320200,36,255691,6,17644,82,35889,156,286645,88,322534,California
Sonoma,2021-06-21,539,594074,306,320506,156,255847,77,17721,255,35949,271,286916,331,322865,California
Sonoma,2021-06-22,1249,595323,987,321493,171,256018,91,17812,583,35959,661,287577,671,323536,California
Sonoma,2021-06-23,1220,596543,941,322434,195,256213,84,17896,476,35782,737,288314,560,324096,California
Sonoma,2021-06-24,950,597493,634,323068,216,256429,100,17996,418,35776,523,288837,517,324613,California
Sonoma,2021-06-25,1193,598686,915,323983,197,256626,81,18077,518,35719,654,289491,597,325210,California
Sonoma,2021-06-26,688,599374,492,324475,115,256741,81,18158,331,35775,355,289846,411,325621,California
Sonoma,2021-06-27,193,599567,158,324633,24,256765,11,18169,101,35796,91,289937,112,325733,California
Sonoma,2021-06-28,708,600275,569,325202,82,256847,57,18226,309,35763,398,290335,365,326098,California
Sonoma,2021-06-29,937,601212,726,325928,161,257008,50,18276,399,35677,535,290870,449,326547,California
Sonoma,2021-06-30,885,602097,686,326614,158,257166,41,18317,384,35606,495,291365,424,326971,California
Sonoma,2021-07-01,945,603042,743,327357,134,257300,68,18385,413,35557,528,291893,479,327450,California
Sonoma,2021-07-02,739,603781,535,327892,159,257459,45,18430,355,35577,380,292273,400,327850,California
Sonoma,2021-07-03,554,604335,456,328348,75,257534,23,18453,225,35499,326,292599,248,328098,California
Sonoma,2021-07-04,23,604358,13,328361,9,257543,1,18454,15,35507,8,292607,16,328114,California
Sonoma,2021-07-05,225,604583,175,328536,41,257584,9,18463,105,35501,120,292727,114,328228,California
Stanislaus,2020-12-15,5,5,5,5,0,0,0,0,5,5,0,0,5,5,California
Stanislaus,2020-12-16,39,44,39,44,0,0,0,0,39,44,0,0,39,44,California
Stanislaus,2020-12-17,74,118,74,118,0,0,0,0,74,118,0,0,74,118,California
Stanislaus,2020-12-18,342,460,336,454,6,6,0,0,342,460,0,0,342,460,California
Stanislaus,2020-12-19,133,593,133,587,0,6,0,0,133,593,0,0,133,593,California
Stanislaus,2020-12-20,87,680,87,674,0,6,0,0,87,680,0,0,87,680,California
Stanislaus,2020-12-21,998,1678,997,1671,1,7,0,0,997,1677,1,1,998,1678,California
Stanislaus,2020-12-22,796,2474,784,2455,12,19,0,0,796,2473,0,1,796,2474,California
Stanislaus,2020-12-23,450,2924,431,2886,19,38,0,0,449,2922,1,2,450,2924,California
Stanislaus,2020-12-24,98,3022,89,2975,9,47,0,0,98,3020,0,2,98,3022,California
Stanislaus,2020-12-26,53,3075,9,2984,44,91,0,0,53,3073,0,2,53,3075,California
Stanislaus,2020-12-27,11,3086,6,2990,5,96,0,0,11,3084,0,2,11,3086,California
Stanislaus,2020-12-28,490,3576,396,3386,94,190,0,0,490,3574,0,2,490,3576,California
Stanislaus,2020-12-29,500,4076,415,3801,85,275,0,0,500,4074,0,2,500,4076,California
Stanislaus,2020-12-30,538,4614,281,4082,257,532,0,0,537,4610,1,3,537,4613,California
Stanislaus,2020-12-31,283,4897,159,4241,124,656,0,0,283,4893,0,3,283,4896,California
Stanislaus,2021-01-01,18,4915,7,4248,11,667,0,0,18,4911,0,3,18,4914,California
Stanislaus,2021-01-02,34,4949,26,4274,8,675,0,0,34,4945,0,3,34,4948,California
Stanislaus,2021-01-03,90,5039,87,4361,3,678,0,0,90,5035,0,3,90,5038,California
Stanislaus,2021-01-04,233,5272,153,4514,80,758,0,0,233,5268,0,3,233,5271,California
Stanislaus,2021-01-05,854,6126,358,4872,496,1254,0,0,827,6078,26,29,836,6107,California
Stanislaus,2021-01-06,1013,7139,607,5479,406,1660,0,0,936,6946,74,103,942,7049,California
Stanislaus,2021-01-07,1085,8224,706,6185,379,2039,0,0,890,7650,190,293,894,7943,California
Stanislaus,2021-01-08,1300,9524,737,6922,563,2602,0,0,951,8262,346,639,958,8901,California
Stanislaus,2021-01-09,290,9814,144,7066,146,2748,0,0,201,8374,89,728,201,9102,California
Stanislaus,2021-01-10,49,9863,22,7088,27,2775,0,0,29,8383,20,748,29,9131,California
Stanislaus,2021-01-11,1511,11374,1226,8314,285,3060,0,0,574,8046,930,1678,593,9724,California
Stanislaus,2021-01-12,1486,12860,870,9184,616,3676,0,0,835,8252,647,2325,853,10577,California
Stanislaus,2021-01-13,1457,14317,691,9875,766,4442,0,0,1126,9064,330,2655,1142,11719,California
Stanislaus,2021-01-14,2271,16588,289,10164,1982,6424,0,0,2073,11033,195,2850,2164,13883,California
Stanislaus,2021-01-15,2861,19449,1175,11339,1686,8110,0,0,2687,13647,169,3019,2783,16666,California
Stanislaus,2021-01-16,473,19922,50,11389,423,8533,0,0,454,14085,18,3037,456,17122,California
Stanislaus,2021-01-17,244,20166,202,11591,42,8575,0,0,237,14316,6,3043,237,17359,California
Stanislaus,2021-01-18,2214,22380,1032,12623,1182,9757,0,0,1811,15814,398,3441,1896,19255,California
Stanislaus,2021-01-19,1271,23651,727,13350,544,10301,0,0,821,16190,446,3887,822,20077,California
Stanislaus,2021-01-20,1033,24684,493,13843,540,10841,0,0,738,16635,293,4180,738,20815,California
Stanislaus,2021-01-21,3735,28419,2998,16841,737,11578,0,0,3376,19787,355,4535,3507,24322,California
Stanislaus,2021-01-22,1117,29536,313,17154,804,12382,0,0,1071,20819,42,4577,1074,25396,California
Stanislaus,2021-01-23,379,29915,43,17197,336,12718,0,0,320,21082,58,4635,321,25717,California
Stanislaus,2021-01-24,315,30230,99,17296,216,12934,0,0,248,21266,67,4702,251,25968,California
Stanislaus,2021-01-25,3203,33433,233,17529,2970,15904,0,0,2847,23966,320,5022,3020,28988,California
Stanislaus,2021-01-26,1754,35187,751,18280,1003,16907,0,0,1304,24849,441,5463,1324,30312,California
Stanislaus,2021-01-27,1937,37124,1070,19350,867,17774,0,0,1217,25399,669,6132,1219,31531,California
Stanislaus,2021-01-28,2241,39365,1531,20881,710,18484,0,0,1733,26707,498,6630,1806,33337,California
Stanislaus,2021-01-29,2490,41855,1218,22099,1272,19756,0,0,1932,28194,504,7134,1991,35328,California
Stanislaus,2021-01-30,298,42153,132,22231,166,19922,0,0,230,28368,56,7190,230,35558,California
Stanislaus,2021-01-31,374,42527,319,22550,55,19977,0,0,357,28711,14,7204,357,35915,California
Stanislaus,2021-02-01,1345,43872,584,23134,761,20738,0,0,978,29337,353,7557,979,36894,California
Stanislaus,2021-02-02,1265,45137,349,23483,916,21654,0,0,822,29732,431,7988,826,37720,California
Stanislaus,2021-02-03,2683,47820,1237,24720,1446,23100,0,0,1976,31022,702,8690,1992,39712,California
Stanislaus,2021-02-04,2138,49958,719,25439,1419,24519,0,0,1612,32131,513,9203,1622,41334,California
Stanislaus,2021-02-05,2893,52851,1485,26924,1408,25927,0,0,1613,32552,1209,10412,1630,42964,California
Stanislaus,2021-02-06,892,53743,302,27226,590,26517,0,0,698,33061,191,10603,700,43664,California
Stanislaus,2021-02-07,234,53977,208,27434,26,26543,0,0,45,32922,185,10788,46,43710,California
Stanislaus,2021-02-08,2087,56064,1355,28789,732,27275,0,0,1130,33168,913,11701,1159,44869,California
Stanislaus,2021-02-09,1874,57938,793,29582,1081,28356,0,0,1066,33467,779,12480,1078,45947,California
Stanislaus,2021-02-10,1982,59920,548,30130,1434,29790,0,0,1045,33605,909,13389,1047,46994,California
Stanislaus,2021-02-11,5460,65380,3291,33421,2169,31959,0,0,1239,30898,3953,17342,1246,48240,California
Stanislaus,2021-02-12,3346,68726,928,34349,2418,34377,0,0,1471,30599,1783,19125,1484,49724,California
Stanislaus,2021-02-13,1386,70112,679,35028,707,35084,0,0,1009,31244,369,19494,1014,50738,California
Stanislaus,2021-02-14,426,70538,171,35199,255,35339,0,0,353,31527,70,19564,353,51091,California
Stanislaus,2021-02-15,1842,72380,237,35436,1605,36944,0,0,588,30987,1133,20697,593,51684,California
Stanislaus,2021-02-16,1380,73760,428,35864,952,37896,0,0,581,30785,785,21482,583,52267,California
Stanislaus,2021-02-17,2798,76558,1719,37583,1079,38975,0,0,1923,31860,866,22348,1941,54208,California
Stanislaus,2021-02-18,3417,79975,1931,39514,1486,40461,0,0,1778,32152,1538,23886,1830,56038,California
Stanislaus,2021-02-19,2831,82806,1114,40628,1717,42178,0,0,1535,32469,1241,25127,1558,57596,California
Stanislaus,2021-02-20,766,83572,387,41015,379,42557,0,0,471,32667,274,25401,472,58068,California
Stanislaus,2021-02-21,916,84488,699,41714,217,42774,0,0,535,32860,355,25756,548,58616,California
Stanislaus,2021-02-22,2391,86879,1716,43430,675,43449,0,0,1634,33759,736,26492,1635,60251,California
Stanislaus,2021-02-23,3766,90645,680,44110,3086,46535,0,0,1723,33639,1854,28346,1734,61985,California
Stanislaus,2021-02-24,4242,94887,2889,46999,1353,47888,0,0,3126,35680,1090,29436,3131,65116,California
Stanislaus,2021-02-25,3996,98883,2748,49747,1248,49136,0,0,3168,38046,806,30242,3172,68288,California
Stanislaus,2021-02-26,4255,103138,1227,50974,3028,52164,0,0,2840,39545,1353,31595,2852,71140,California
Stanislaus,2021-02-27,2105,105243,715,51689,1389,53553,1,1,1868,41209,206,31801,1870,73010,California
Stanislaus,2021-02-28,837,106080,269,51958,568,54121,0,1,779,41943,46,31847,780,73790,California
Stanislaus,2021-03-01,3141,109221,1668,53626,1468,55589,5,6,1662,42194,1427,33274,1678,75468,California
Stanislaus,2021-03-02,2427,111648,1450,55076,976,56565,1,7,1671,43130,738,34012,1674,77142,California
Stanislaus,2021-03-03,3760,115408,2268,57344,1488,58053,4,11,2927,45249,812,34824,2931,80073,California
Stanislaus,2021-03-04,5491,120899,3141,60485,2333,60386,17,28,4215,48242,1234,36058,4227,84300,California
Stanislaus,2021-03-05,4137,125036,1148,61633,2973,63359,16,44,3121,50395,983,37041,3136,87436,California
Stanislaus,2021-03-06,3610,128646,2247,63880,1270,64629,93,137,2748,52382,856,37897,2843,90279,California
Stanislaus,2021-03-07,859,129505,391,64271,431,65060,37,174,667,52900,186,38083,704,90983,California
Stanislaus,2021-03-08,2034,131539,887,65158,1058,66118,89,263,1348,53672,665,38748,1437,92420,California
Stanislaus,2021-03-09,2699,134238,1022,66180,1585,67703,92,355,1646,54375,1039,39787,1742,94162,California
Stanislaus,2021-03-10,5576,139814,2725,68905,2622,70325,229,584,3765,56596,1784,41571,4005,98167,California
Stanislaus,2021-03-11,6203,146017,3381,72286,2341,72666,481,1065,4148,59362,1867,43438,4633,102800,California
Stanislaus,2021-03-12,6329,152346,1380,73666,3019,75685,1930,2995,2942,60878,3351,46789,4867,107667,California
Stanislaus,2021-03-13,3750,156096,2343,76009,1336,77021,71,3066,2836,62885,906,47695,2913,110580,California
Stanislaus,2021-03-14,1002,157098,596,76605,351,77372,55,3121,495,62934,502,48197,551,111131,California
Stanislaus,2021-03-15,3825,160923,1994,78599,1469,78841,362,3483,1654,62884,2071,50268,2021,113152,California
Stanislaus,2021-03-16,5122,166045,2515,81114,2168,81009,439,3922,3676,65576,1420,51688,4112,117264,California
Stanislaus,2021-03-17,4951,170996,2945,84059,1827,82836,179,4101,2983,66813,1929,53617,3166,120430,California
Stanislaus,2021-03-18,5585,176581,3463,87522,2052,84888,70,4171,3052,67561,2377,55994,3125,123555,California
Stanislaus,2021-03-19,6045,182626,1588,89110,2931,87819,1526,5697,3200,69477,2803,58797,4719,128274,California
Stanislaus,2021-03-20,3880,186506,3042,92152,770,88589,68,5765,3384,72457,474,59271,3454,131728,California
Stanislaus,2021-03-21,1021,187527,911,93063,44,88633,66,5831,771,73051,243,59514,837,132565,California
Stanislaus,2021-03-22,3030,190557,1399,94462,904,89537,727,6558,1420,73623,1576,61090,2148,134713,California
Stanislaus,2021-03-23,4149,194706,2120,96582,1769,91306,260,6818,2980,75734,1148,62238,3259,137972,California
Stanislaus,2021-03-24,4727,199433,3294,99876,1354,92660,79,6897,2765,76672,1910,64148,2848,140820,California
Stanislaus,2021-03-25,4430,203863,3010,102886,1404,94064,16,6913,1961,76263,2388,66536,1979,142799,California
Stanislaus,2021-03-26,4950,208813,1421,104307,3455,97519,74,6987,2528,76493,2382,68918,2612,145411,California
Stanislaus,2021-03-27,4454,213267,2777,107084,1593,99112,84,7071,1405,74957,3030,71948,1494,146905,California
Stanislaus,2021-03-28,1122,214389,448,107532,566,99678,108,7179,323,74610,785,72733,438,147343,California
Stanislaus,2021-03-29,3189,217578,1851,109383,1298,100976,40,7219,2165,75808,1013,73746,2211,149554,California
Stanislaus,2021-03-30,3865,221443,2084,111467,1755,102731,26,7245,2391,76768,1463,75209,2423,151977,California
Stanislaus,2021-03-31,5636,227079,3885,115352,1621,104352,130,7375,2932,77154,2680,77889,3066,155043,California
Stanislaus,2021-04-01,5952,233031,3874,119226,1961,106313,117,7492,2751,76859,3171,81060,2876,157919,California
Stanislaus,2021-04-02,5209,238240,1238,120464,3802,110115,169,7661,2376,76679,2733,83793,2553,160472,California
Stanislaus,2021-04-03,4704,242944,3449,123913,1218,111333,37,7698,2255,76544,2436,86229,2301,162773,California
Stanislaus,2021-04-04,1329,244273,478,124391,821,112154,30,7728,649,76557,671,86900,684,163457,California
Stanislaus,2021-04-05,3779,248052,2568,126959,951,113105,260,7988,2450,77953,1318,88218,2714,166171,California
Stanislaus,2021-04-06,5964,254016,4243,131202,1436,114541,285,8273,3219,78732,2728,90946,3507,169678,California
Stanislaus,2021-04-07,6548,260564,3681,134883,2428,116969,439,8712,2904,78462,3621,94567,3351,173029,California
Stanislaus,2021-04-08,5893,266457,3429,138312,2017,118986,447,9159,2905,78861,2954,97521,3353,176382,California
Stanislaus,2021-04-09,5007,271464,2183,140495,2442,121428,382,9541,2286,78842,2690,100211,2671,179053,California
Stanislaus,2021-04-10,6517,277981,4001,144496,876,122304,1640,11181,1996,77978,4494,104705,3630,182683,California
Stanislaus,2021-04-11,1533,279514,858,145354,542,122846,133,11314,665,77912,865,105570,799,183482,California
Stanislaus,2021-04-12,3796,283310,2126,147480,1221,124067,449,11763,1955,78517,1809,107379,2414,185896,California
Stanislaus,2021-04-13,5416,288726,3508,150988,1894,125961,14,11777,2970,79098,2397,109776,2978,188874,California
Stanislaus,2021-04-14,4831,293557,3340,154328,1489,127450,2,11779,2350,79013,2441,112217,2356,191230,California
Stanislaus,2021-04-15,5582,299139,3389,157717,2190,129640,3,11782,3252,79993,2275,114492,3255,194485,California
Stanislaus,2021-04-16,4505,303644,1065,158782,3439,133079,1,11783,1868,79281,2583,117075,1871,196356,California
Stanislaus,2021-04-17,3175,306819,2136,160918,1039,134118,0,11783,1840,79802,1321,118396,1842,198198,California
Stanislaus,2021-04-18,616,307435,297,161215,317,134435,2,11785,433,80062,176,118572,436,198634,California
Stanislaus,2021-04-19,3643,311078,2465,163680,1176,135611,2,11787,1658,79787,1941,120513,1666,200300,California
Stanislaus,2021-04-20,4178,315256,2494,166174,1684,137295,0,11787,1773,79198,2364,122877,1775,202075,California
Stanislaus,2021-04-21,4061,319317,2685,168859,1375,138670,1,11788,1634,78465,2374,125251,1641,203716,California
Stanislaus,2021-04-22,4142,323459,2455,171314,1686,140356,1,11789,1638,77656,2453,127704,1644,205360,California
Stanislaus,2021-04-23,3841,327300,912,172226,2928,143284,1,11790,1567,77058,2172,129876,1574,206934,California
Stanislaus,2021-04-24,3892,331192,2966,175192,926,144210,0,11790,1856,76902,2017,131893,1861,208795,California
Stanislaus,2021-04-25,942,332134,483,175675,459,144669,0,11790,689,77349,246,132139,693,209488,California
Stanislaus,2021-04-26,3669,335803,2443,178118,1220,145889,6,11796,1152,76022,2490,134629,1163,210651,California
Stanislaus,2021-04-27,4306,340109,2888,181006,1370,147259,48,11844,1251,74304,3021,137650,1303,211954,California
Stanislaus,2021-04-28,4599,344708,3158,184164,1379,148638,62,11906,1950,73699,2625,140275,2020,213974,California
Stanislaus,2021-04-29,3981,348689,2442,186606,1491,150129,48,11954,1562,72924,2394,142669,1619,215593,California
Stanislaus,2021-04-30,4827,353516,2153,188759,2590,152719,84,12038,1901,72016,2901,145570,1993,217586,California
Stanislaus,2021-05-01,2735,356251,1936,190695,758,153477,41,12079,1027,71394,1698,147268,1076,218662,California
Stanislaus,2021-05-02,1089,357340,625,191320,425,153902,39,12118,523,71402,560,147828,568,219230,California
Stanislaus,2021-05-03,2575,359915,1998,193318,506,154408,71,12189,978,70874,1581,149409,1053,220283,California
Stanislaus,2021-05-04,3759,363674,2569,195887,1094,155502,96,12285,1174,69579,2571,151980,1276,221559,California
Stanislaus,2021-05-05,3443,367117,2264,198151,1103,156605,76,12361,1198,68632,2224,154204,1277,222836,California
Stanislaus,2021-05-06,3776,370893,2861,201012,791,157396,124,12485,1158,67327,2593,156797,1288,224124,California
Stanislaus,2021-05-07,2593,373486,1040,202052,1391,158787,162,12647,1106,67121,1476,158273,1270,225394,California
Stanislaus,2021-05-08,2019,375505,1405,203457,581,159368,33,12680,750,66660,1251,159524,790,226184,California
Stanislaus,2021-05-09,720,376225,345,203802,349,159717,26,12706,304,66577,414,159938,331,226515,California
Stanislaus,2021-05-10,1814,378039,1151,204953,564,160281,99,12805,490,65856,1312,161250,591,227106,California
Stanislaus,2021-05-11,2532,380571,1578,206531,794,161075,160,12965,752,65004,1769,163019,917,228023,California
Stanislaus,2021-05-12,2408,382979,1370,207901,929,162004,109,13074,934,64590,1459,164478,1045,229068,California
Stanislaus,2021-05-13,2183,385162,1289,209190,774,162778,120,13194,1037,64612,1137,165615,1159,230227,California
Stanislaus,2021-05-14,2788,387950,1259,210449,1391,164169,138,13332,1305,64595,1462,167077,1445,231672,California
Stanislaus,2021-05-15,2494,390444,1777,212226,667,164836,50,13382,1208,64586,1276,168353,1267,232939,California
Stanislaus,2021-05-16,1104,391548,746,212972,350,165186,8,13390,590,64677,511,168864,602,233541,California
Stanislaus,2021-05-17,2061,393609,1392,214364,587,165773,82,13472,996,64703,1059,169923,1085,234626,California
Stanislaus,2021-05-18,2326,395935,1609,215973,602,166375,115,13587,1206,64914,1109,171032,1320,235946,California
Stanislaus,2021-05-19,3131,399066,2152,218125,824,167199,155,13742,1378,64710,1741,172773,1537,237483,California
Stanislaus,2021-05-20,2242,401308,1217,219342,921,168120,104,13846,892,64372,1339,174112,1001,238484,California
Stanislaus,2021-05-21,2500,403808,1222,220564,1180,169300,98,13944,997,63984,1486,175598,1098,239582,California
Stanislaus,2021-05-22,2011,405819,1214,221778,727,170027,70,14014,873,63799,1129,176727,944,240526,California
Stanislaus,2021-05-23,1079,406898,707,222485,356,170383,16,14030,512,63765,562,177289,528,241054,California
Stanislaus,2021-05-24,1832,408730,1273,223758,480,170863,79,14109,727,63475,1102,178391,812,241866,California
Stanislaus,2021-05-25,1812,410542,1237,224995,475,171338,100,14209,860,63492,948,179339,965,242831,California
Stanislaus,2021-05-26,2034,412576,1267,226262,715,172053,52,14261,951,63420,1075,180414,1003,243834,California
Stanislaus,2021-05-27,1781,414357,979,227241,723,172776,79,14340,616,62960,1155,181569,695,244529,California
Stanislaus,2021-05-28,2188,416545,1033,228274,1068,173844,87,14427,944,62753,1238,182807,1031,245560,California
Stanislaus,2021-05-29,1318,417863,849,229123,428,174272,41,14468,590,62662,724,183531,633,246193,California
Stanislaus,2021-05-30,455,418318,273,229396,148,174420,34,14502,209,62663,242,183773,243,246436,California
Stanislaus,2021-05-31,259,418577,122,229518,130,174550,7,14509,97,62605,162,183935,104,246540,California
Stanislaus,2021-06-01,1688,420265,1053,230571,579,175129,56,14565,633,62249,1048,184983,692,247232,California
Stanislaus,2021-06-02,1811,422076,1150,231721,590,175719,71,14636,745,62015,1053,186036,819,248051,California
Stanislaus,2021-06-03,1396,423472,828,232549,520,176239,48,14684,514,61709,870,186906,564,248615,California
Stanislaus,2021-06-04,1916,425388,1150,233699,697,176936,69,14753,722,61318,1186,188092,795,249410,California
Stanislaus,2021-06-05,1572,426960,1221,234920,308,177244,43,14796,516,60827,1050,189142,559,249969,California
Stanislaus,2021-06-06,511,427471,419,235339,83,177327,9,14805,187,60701,323,189465,197,250166,California
Stanislaus,2021-06-07,1612,429083,1233,236572,334,177661,45,14850,605,60351,999,190464,649,250815,California
Stanislaus,2021-06-08,1916,430999,1442,238014,396,178057,78,14928,674,59871,1232,191696,752,251567,California
Stanislaus,2021-06-09,1861,432860,1315,239329,464,178521,82,15010,635,59367,1222,192918,718,252285,California
Stanislaus,2021-06-10,1481,434341,941,240270,476,178997,64,15074,606,59172,867,193785,672,252957,California
Stanislaus,2021-06-11,1499,435840,907,241177,542,179539,50,15124,552,58843,933,194718,604,253561,California
Stanislaus,2021-06-12,1030,436870,752,241929,253,179792,25,15149,380,58607,644,195362,408,253969,California
Stanislaus,2021-06-13,541,437411,400,242329,135,179927,6,15155,171,58419,367,195729,179,254148,California
Stanislaus,2021-06-14,1357,438768,966,243295,369,180296,22,15177,493,58079,856,196585,516,254664,California
Stanislaus,2021-06-15,1581,440349,1141,244436,396,180692,44,15221,531,57611,1045,197630,577,255241,California
Stanislaus,2021-06-16,1936,442285,1392,245828,480,181172,64,15285,774,57291,1158,198788,838,256079,California
Stanislaus,2021-06-17,1151,443436,731,246559,377,181549,43,15328,540,57272,606,199394,587,256666,California
Stanislaus,2021-06-18,1306,444742,796,247355,428,181977,82,15410,520,57095,781,200175,604,257270,California
Stanislaus,2021-06-19,856,445598,628,247983,184,182161,44,15454,372,57032,480,200655,417,257687,California
Stanislaus,2021-06-20,305,445903,213,248196,86,182247,6,15460,138,57010,166,200821,144,257831,California
Stanislaus,2021-06-21,966,446869,561,248757,278,182525,127,15587,500,57178,461,201282,629,258460,California
Stanislaus,2021-06-22,1211,448080,881,249638,261,182786,69,15656,495,57037,708,201990,567,259027,California
Stanislaus,2021-06-23,1230,449310,814,250452,354,183140,62,15718,522,56914,706,202696,583,259610,California
Stanislaus,2021-06-24,944,450254,631,251083,266,183406,47,15765,479,56980,463,203159,529,260139,California
Stanislaus,2021-06-25,1105,451359,715,251798,328,183734,62,15827,468,56876,632,203791,528,260667,California
Stanislaus,2021-06-26,606,451965,460,252258,122,183856,24,15851,279,56854,326,204117,304,260971,California
Stanislaus,2021-06-27,393,452358,298,252556,85,183941,10,15861,201,56874,191,204308,211,261182,California
Stanislaus,2021-06-28,949,453307,747,253303,161,184102,41,15902,417,56802,530,204838,458,261640,California
Stanislaus,2021-06-29,870,454177,682,253985,150,184252,38,15940,354,56683,511,205349,392,262032,California
Stanislaus,2021-06-30,932,455109,637,254622,264,184516,31,15971,428,56646,498,205847,461,262493,California
Stanislaus,2021-07-01,893,456002,558,255180,300,184816,35,16006,405,56607,479,206326,440,262933,California
Stanislaus,2021-07-02,716,456718,411,255591,278,185094,27,16033,363,56648,348,206674,389,263322,California
Stanislaus,2021-07-03,373,457091,279,255870,89,185183,5,16038,193,56667,180,206854,199,263521,California
Stanislaus,2021-07-04,61,457152,29,255899,26,185209,6,16044,19,56651,41,206895,25,263546,California
Stanislaus,2021-07-05,309,457461,204,256103,103,185312,2,16046,134,56613,174,207069,136,263682,California
Sutter,2020-12-15,1,1,1,1,0,0,0,0,1,1,0,0,1,1,California
Sutter,2020-12-16,4,5,4,5,0,0,0,0,4,5,0,0,4,5,California
Sutter,2020-12-17,3,8,3,8,0,0,0,0,3,8,0,0,3,8,California
Sutter,2020-12-18,21,29,21,29,0,0,0,0,21,29,0,0,21,29,California
Sutter,2020-12-19,45,74,45,74,0,0,0,0,45,74,0,0,45,74,California
Sutter,2020-12-20,43,117,43,117,0,0,0,0,43,117,0,0,43,117,California
Sutter,2020-12-21,99,216,99,216,0,0,0,0,99,216,0,0,99,216,California
Sutter,2020-12-22,172,388,172,388,0,0,0,0,172,388,0,0,172,388,California
Sutter,2020-12-23,115,503,110,498,5,5,0,0,115,503,0,0,115,503,California
Sutter,2020-12-24,17,520,11,509,6,11,0,0,17,520,0,0,17,520,California
Sutter,2020-12-26,38,558,34,543,4,15,0,0,38,558,0,0,38,558,California
Sutter,2020-12-27,24,582,23,566,1,16,0,0,24,582,0,0,24,582,California
Sutter,2020-12-28,84,666,56,622,28,44,0,0,84,666,0,0,84,666,California
Sutter,2020-12-29,101,767,14,636,87,131,0,0,101,767,0,0,101,767,California
Sutter,2020-12-30,136,903,33,669,103,234,0,0,136,903,0,0,136,903,California
Sutter,2020-12-31,70,973,6,675,64,298,0,0,70,973,0,0,70,973,California
Sutter,2021-01-01,3,976,3,678,0,298,0,0,3,976,0,0,3,976,California
Sutter,2021-01-02,130,1106,128,806,2,300,0,0,130,1106,0,0,130,1106,California
Sutter,2021-01-03,1,1107,0,806,1,301,0,0,1,1107,0,0,1,1107,California
Sutter,2021-01-04,246,1353,137,943,109,410,0,0,246,1353,0,0,246,1353,California
Sutter,2021-01-05,99,1452,56,999,43,453,0,0,96,1446,3,3,96,1449,California
Sutter,2021-01-06,205,1657,50,1049,155,608,0,0,200,1641,5,8,200,1649,California
Sutter,2021-01-07,251,1908,153,1202,98,706,0,0,241,1873,9,17,241,1890,California
Sutter,2021-01-08,150,2058,40,1242,110,816,0,0,133,1989,17,34,133,2023,California
Sutter,2021-01-09,46,2104,43,1285,3,819,0,0,5,1953,41,75,5,2028,California
Sutter,2021-01-10,394,2498,37,1322,357,1176,0,0,356,2272,37,112,356,2384,California
Sutter,2021-01-11,132,2630,115,1437,17,1193,0,0,25,2190,107,219,25,2409,California
Sutter,2021-01-12,201,2831,165,1602,36,1229,0,0,57,2103,144,363,57,2466,California
Sutter,2021-01-13,163,2994,99,1701,64,1293,0,0,73,2087,89,452,73,2539,California
Sutter,2021-01-14,148,3142,52,1753,96,1389,0,0,128,2195,20,472,128,2667,California
Sutter,2021-01-15,436,3578,131,1884,305,1694,0,0,422,2603,14,486,422,3089,California
Sutter,2021-01-16,385,3963,41,1925,344,2038,0,0,354,2927,30,516,354,3443,California
Sutter,2021-01-17,26,3989,24,1949,2,2040,0,0,10,2921,16,532,10,3453,California
Sutter,2021-01-18,117,4106,62,2011,55,2095,0,0,69,2942,48,580,69,3522,California
Sutter,2021-01-19,109,4215,43,2054,66,2161,0,0,84,3001,25,605,84,3606,California
Sutter,2021-01-20,274,4489,209,2263,65,2226,0,0,252,3231,22,627,252,3858,California
Sutter,2021-01-21,524,5013,353,2616,171,2397,0,0,506,3719,18,645,506,4364,California
Sutter,2021-01-22,238,5251,51,2667,187,2584,0,0,229,3939,9,654,229,4593,California
Sutter,2021-01-23,397,5648,39,2706,358,2942,0,0,371,4284,26,680,371,4964,California
Sutter,2021-01-24,17,5665,15,2721,2,2944,0,0,15,4297,2,682,15,4979,California
Sutter,2021-01-25,305,5970,195,2916,110,3054,0,0,149,4292,155,837,150,5129,California
Sutter,2021-01-26,250,6220,109,3025,141,3195,0,0,144,4331,105,942,144,5273,California
Sutter,2021-01-27,389,6609,257,3282,132,3327,0,0,321,4584,68,1010,321,5594,California
Sutter,2021-01-28,583,7192,359,3641,224,3551,0,0,410,4823,171,1181,410,6004,California
Sutter,2021-01-29,364,7556,88,3729,276,3827,0,0,242,4943,122,1303,242,6246,California
Sutter,2021-01-30,775,8331,38,3767,737,4564,0,0,764,5696,11,1314,764,7010,California
Sutter,2021-01-31,28,8359,27,3794,1,4565,0,0,28,5724,0,1314,28,7038,California
Sutter,2021-02-01,171,8530,53,3847,118,4683,0,0,138,5830,32,1346,138,7176,California
Sutter,2021-02-02,248,8778,28,3875,220,4903,0,0,214,6010,34,1380,214,7390,California
Sutter,2021-02-03,447,9225,39,3914,408,5311,0,0,211,5986,235,1615,211,7601,California
Sutter,2021-02-04,669,9894,365,4279,304,5615,0,0,619,6556,49,1664,619,8220,California
Sutter,2021-02-05,289,10183,33,4312,256,5871,0,0,135,6537,154,1818,135,8355,California
Sutter,2021-02-06,732,10915,28,4340,704,6575,0,0,710,7225,22,1840,710,9065,California
Sutter,2021-02-07,24,10939,20,4360,4,6579,0,0,20,7241,4,1844,20,9085,California
Sutter,2021-02-08,136,11075,31,4391,105,6684,0,0,98,7301,38,1882,98,9183,California
Sutter,2021-02-09,248,11323,46,4437,202,6886,0,0,187,7427,61,1943,187,9370,California
Sutter,2021-02-10,823,12146,385,4822,438,7324,0,0,180,6965,642,2585,180,9550,California
Sutter,2021-02-11,609,12755,276,5098,333,7657,0,0,317,6990,292,2877,317,9867,California
Sutter,2021-02-12,637,13392,69,5167,568,8225,0,0,312,6978,324,3201,312,10179,California
Sutter,2021-02-13,905,14297,48,5215,857,9082,0,0,786,7645,119,3320,786,10965,California
Sutter,2021-02-14,90,14387,25,5240,65,9147,0,0,79,7713,11,3331,79,11044,California
Sutter,2021-02-15,201,14588,72,5312,129,9276,0,0,122,7756,79,3410,122,11166,California
Sutter,2021-02-16,290,14878,44,5356,246,9522,0,0,204,7876,84,3494,204,11370,California
Sutter,2021-02-17,837,15715,436,5792,401,9923,0,0,135,7310,701,4195,135,11505,California
Sutter,2021-02-18,718,16433,58,5850,660,10583,0,0,501,7596,215,4410,501,12006,California
Sutter,2021-02-19,670,17103,380,6230,290,10873,0,0,464,7857,203,4613,464,12470,California
Sutter,2021-02-20,626,17729,56,6286,570,11443,0,0,517,8266,108,4721,517,12987,California
Sutter,2021-02-21,28,17757,27,6313,1,11444,0,0,7,8252,21,4742,7,12994,California
Sutter,2021-02-22,216,17973,126,6439,90,11534,0,0,86,8208,130,4872,86,13080,California
Sutter,2021-02-23,236,18209,36,6475,200,11734,0,0,102,8178,132,5004,102,13182,California
Sutter,2021-02-24,1005,19214,366,6841,639,12373,0,0,197,7569,806,5810,197,13379,California
Sutter,2021-02-25,793,20007,504,7345,289,12662,0,0,611,8002,178,5988,611,13990,California
Sutter,2021-02-26,381,20388,61,7406,320,12982,0,0,159,7941,220,6208,159,14149,California
Sutter,2021-02-27,867,21255,47,7453,820,13802,0,0,713,8498,156,6364,713,14862,California
Sutter,2021-02-28,89,21344,43,7496,46,13848,0,0,68,8546,20,6384,68,14930,California
Sutter,2021-03-01,249,21593,62,7558,187,14035,0,0,150,8597,99,6483,150,15080,California
Sutter,2021-03-02,340,21933,59,7617,281,14316,0,0,162,8584,175,6658,162,15242,California
Sutter,2021-03-03,1402,23335,531,8148,871,15187,0,0,660,8509,735,7393,660,15902,California
Sutter,2021-03-04,1256,24591,864,9012,392,15579,0,0,944,9146,307,7700,944,16846,California
Sutter,2021-03-05,340,24931,80,9092,259,15838,1,1,207,9221,133,7833,208,17054,California
Sutter,2021-03-06,1027,25958,46,9138,976,16814,5,6,857,9916,167,8000,862,17916,California
Sutter,2021-03-07,67,26025,23,9161,43,16857,1,7,45,9941,21,8021,46,17962,California
Sutter,2021-03-08,235,26260,81,9242,142,16999,12,19,164,10046,71,8092,176,18138,California
Sutter,2021-03-09,393,26653,138,9380,243,17242,12,31,187,10039,206,8298,199,18337,California
Sutter,2021-03-10,1575,28228,680,10060,834,18076,61,92,526,9586,1040,9338,587,18924,California
Sutter,2021-03-11,904,29132,439,10499,446,18522,19,111,654,10012,247,9585,673,19597,California
Sutter,2021-03-12,680,29812,111,10610,389,18911,180,291,203,9919,474,10059,381,19978,California
Sutter,2021-03-13,993,30805,751,11361,223,19134,19,310,781,10508,210,10269,799,20777,California
Sutter,2021-03-14,133,30938,22,11383,100,19234,11,321,46,10478,87,10356,57,20834,California
Sutter,2021-03-15,326,31264,67,11450,210,19444,49,370,155,10513,169,10525,204,21038,California
Sutter,2021-03-16,391,31655,86,11536,258,19702,47,417,212,10592,179,10704,258,21296,California
Sutter,2021-03-17,1498,33153,562,12098,914,20616,22,439,301,9730,1184,11888,322,21618,California
Sutter,2021-03-18,975,34128,182,12280,589,21205,204,643,566,10094,404,12292,768,22386,California
Sutter,2021-03-19,463,34591,166,12446,268,21473,29,672,281,10224,180,12472,310,22696,California
Sutter,2021-03-20,949,35540,118,12564,820,22293,11,683,858,11003,90,12562,869,23565,California
Sutter,2021-03-21,68,35608,47,12611,18,22311,3,686,33,11004,35,12597,36,23601,California
Sutter,2021-03-22,288,35896,120,12731,142,22453,26,712,209,11162,77,12674,235,23836,California
Sutter,2021-03-23,378,36274,114,12845,231,22684,33,745,251,11320,125,12799,283,24119,California
Sutter,2021-03-24,1687,37961,773,13618,845,23529,69,814,310,10338,1361,14160,379,24498,California
Sutter,2021-03-25,1042,39003,678,14296,321,23850,43,857,366,10075,672,14832,409,24907,California
Sutter,2021-03-26,498,39501,175,14471,306,24156,17,874,295,10189,198,15030,312,25219,California
Sutter,2021-03-27,927,40428,63,14534,862,25018,2,876,811,10891,111,15141,813,26032,California
Sutter,2021-03-28,125,40553,72,14606,53,25071,0,876,77,10922,46,15187,77,26109,California
Sutter,2021-03-29,426,40979,143,14749,227,25298,56,932,222,10998,202,15389,278,26387,California
Sutter,2021-03-30,480,41459,161,14910,309,25607,10,942,317,11162,163,15552,327,26714,California
Sutter,2021-03-31,1258,42717,177,15087,1065,26672,16,958,443,10819,801,16353,458,27172,California
Sutter,2021-04-01,1385,44102,741,15828,459,27131,185,1143,429,10487,945,17298,613,27785,California
Sutter,2021-04-02,514,44616,101,15929,295,27426,118,1261,201,10492,310,17608,315,28100,California
Sutter,2021-04-03,910,45526,77,16006,211,27637,622,1883,122,10452,783,18391,743,28843,California
Sutter,2021-04-04,118,45644,22,16028,90,27727,6,1889,54,10449,63,18454,60,28903,California
Sutter,2021-04-05,370,46014,144,16172,189,27916,37,1926,172,10463,195,18649,209,29112,California
Sutter,2021-04-06,511,46525,199,16371,256,28172,56,1982,270,10550,239,18888,326,29438,California
Sutter,2021-04-07,1481,48006,886,17257,520,28692,75,2057,603,10360,868,19756,678,30116,California
Sutter,2021-04-08,1062,49068,583,17840,364,29056,115,2172,573,10562,483,20239,685,30801,California
Sutter,2021-04-09,571,49639,250,18090,256,29312,65,2237,236,10533,330,20569,301,31102,California
Sutter,2021-04-10,829,50468,111,18201,88,29400,630,2867,110,10550,713,21282,730,31832,California
Sutter,2021-04-11,120,50588,33,18234,40,29440,47,2914,38,10552,82,21364,84,31916,California
Sutter,2021-04-12,344,50932,94,18328,196,29636,54,2968,135,10534,207,21571,189,32105,California
Sutter,2021-04-13,432,51364,126,18454,306,29942,0,2968,213,10530,217,21788,213,32318,California
Sutter,2021-04-14,1327,52691,162,18616,1164,31106,1,2969,224,9660,1095,22883,225,32543,California
Sutter,2021-04-15,541,53232,173,18789,368,31474,0,2969,218,9558,320,23203,218,32761,California
Sutter,2021-04-16,408,53640,129,18918,279,31753,0,2969,189,9530,217,23420,189,32950,California
Sutter,2021-04-17,580,54220,83,19001,497,32250,0,2969,508,9967,71,23491,508,33458,California
Sutter,2021-04-18,93,54313,34,19035,59,32309,0,2969,59,9994,32,23523,59,33517,California
Sutter,2021-04-19,294,54607,113,19148,181,32490,0,2969,123,9948,169,23692,123,33640,California
Sutter,2021-04-20,466,55073,182,19330,284,32774,0,2969,224,9933,239,23931,224,33864,California
Sutter,2021-04-21,1312,56385,503,19833,809,33583,0,2969,514,9663,784,24715,514,34378,California
Sutter,2021-04-22,530,56915,195,20028,335,33918,0,2969,259,9654,268,24983,259,34637,California
Sutter,2021-04-23,439,57354,154,20182,285,34203,0,2969,200,9619,235,25218,200,34837,California
Sutter,2021-04-24,326,57680,107,20289,218,34421,1,2970,184,9662,141,25359,184,35021,California
Sutter,2021-04-25,158,57838,75,20364,83,34504,0,2970,86,9678,70,25429,86,35107,California
Sutter,2021-04-26,321,58159,107,20471,212,34716,2,2972,136,9633,183,25612,138,35245,California
Sutter,2021-04-27,560,58719,286,20757,270,34986,4,2976,256,9594,299,25911,260,35505,California
Sutter,2021-04-28,861,59580,386,21143,467,35453,8,2984,284,9316,570,26481,292,35797,California
Sutter,2021-04-29,805,60385,166,21309,638,36091,1,2985,325,9168,474,26955,326,36123,California
Sutter,2021-04-30,395,60780,144,21453,238,36329,13,2998,173,9136,217,27172,185,36308,California
Sutter,2021-05-01,301,61081,109,21562,151,36480,41,3039,130,9139,168,27340,171,36479,California
Sutter,2021-05-02,80,61161,53,21615,25,36505,2,3041,45,9151,35,27375,47,36526,California
Sutter,2021-05-03,219,61380,111,21726,99,36604,9,3050,89,9119,130,27505,98,36624,California
Sutter,2021-05-04,557,61937,254,21980,239,36843,64,3114,228,9084,326,27831,291,36915,California
Sutter,2021-05-05,564,62501,174,22154,382,37225,8,3122,164,8862,394,28225,172,37087,California
Sutter,2021-05-06,437,62938,234,22388,182,37407,21,3143,197,8840,239,28464,217,37304,California
Sutter,2021-05-07,428,63366,160,22548,246,37653,22,3165,164,8767,259,28723,186,37490,California
Sutter,2021-05-08,240,63606,94,22642,140,37793,6,3171,115,8763,125,28848,121,37611,California
Sutter,2021-05-09,107,63713,79,22721,23,37816,5,3176,62,8785,45,28893,67,37678,California
Sutter,2021-05-10,195,63908,44,22765,132,37948,19,3195,51,8713,142,29035,70,37748,California
Sutter,2021-05-11,472,64380,238,23003,213,38161,21,3216,191,8647,276,29311,210,37958,California
Sutter,2021-05-12,466,64846,262,23265,193,38354,11,3227,157,8510,305,29616,168,38126,California
Sutter,2021-05-13,492,65338,262,23527,208,38562,22,3249,190,8421,301,29917,212,38338,California
Sutter,2021-05-14,443,65781,189,23716,238,38800,16,3265,205,8409,233,30150,221,38559,California
Sutter,2021-05-15,848,66629,316,24032,501,39301,31,3296,309,8212,537,30687,340,38899,California
Sutter,2021-05-16,172,66801,118,24150,46,39347,8,3304,93,8235,78,30765,101,39000,California
Sutter,2021-05-17,291,67092,116,24266,161,39508,14,3318,148,8256,141,30906,162,39162,California
Sutter,2021-05-18,552,67644,313,24579,235,39743,4,3322,299,8310,249,31155,303,39465,California
Sutter,2021-05-19,464,68108,264,24843,193,39936,7,3329,223,8302,238,31393,230,39695,California
Sutter,2021-05-20,460,68568,238,25081,210,40146,12,3341,214,8286,242,31635,226,39921,California
Sutter,2021-05-21,489,69057,222,25303,255,40401,12,3353,210,8232,275,31910,221,40142,California
Sutter,2021-05-22,370,69427,206,25509,161,40562,3,3356,184,8237,181,32091,186,40328,California
Sutter,2021-05-23,191,69618,95,25604,87,40649,9,3365,92,8245,93,32184,101,40429,California
Sutter,2021-05-24,240,69858,91,25695,126,40775,23,3388,96,8223,141,32325,119,40548,California
Sutter,2021-05-25,402,70260,197,25892,192,40967,13,3401,165,8170,230,32555,177,40725,California
Sutter,2021-05-26,323,70583,157,26049,157,41124,9,3410,112,8085,206,32761,121,40846,California
Sutter,2021-05-27,433,71016,116,26165,298,41422,19,3429,121,7917,308,33069,140,40986,California
Sutter,2021-05-28,340,71356,165,26330,158,41580,17,3446,169,7938,165,33234,186,41172,California
Sutter,2021-05-29,254,71610,120,26450,119,41699,15,3461,132,7967,118,33352,147,41319,California
Sutter,2021-05-30,84,71694,61,26511,20,41719,3,3464,39,7965,44,33396,42,41361,California
Sutter,2021-05-31,21,71715,3,26514,14,41733,4,3468,7,7962,14,33410,11,41372,California
Sutter,2021-06-01,310,72025,134,26648,168,41901,8,3476,115,7891,194,33604,123,41495,California
Sutter,2021-06-02,282,72307,120,26768,156,42057,6,3482,97,7815,179,33783,103,41598,California
Sutter,2021-06-03,343,72650,224,26992,109,42166,10,3492,116,7720,221,34004,126,41724,California
Sutter,2021-06-04,343,72993,198,27190,138,42304,7,3499,119,7627,219,34223,126,41850,California
Sutter,2021-06-05,439,73432,369,27559,66,42370,4,3503,153,7503,281,34504,157,42007,California
Sutter,2021-06-06,134,73566,115,27674,16,42386,3,3506,44,7462,88,34592,47,42054,California
Sutter,2021-06-07,165,73731,107,27781,49,42435,9,3515,57,7421,107,34699,66,42120,California
Sutter,2021-06-08,367,74098,206,27987,149,42584,12,3527,159,7384,208,34907,171,42291,California
Sutter,2021-06-09,369,74467,235,28222,129,42713,5,3532,128,7279,238,35145,133,42424,California
Sutter,2021-06-10,383,74850,276,28498,97,42810,10,3542,149,7208,230,35375,159,42583,California
Sutter,2021-06-11,337,75187,215,28713,116,42926,6,3548,114,7108,219,35594,119,42702,California
Sutter,2021-06-12,245,75432,172,28885,58,42984,15,3563,70,7018,175,35769,85,42787,California
Sutter,2021-06-13,83,75515,65,28950,17,43001,1,3564,22,6981,60,35829,23,42810,California
Sutter,2021-06-14,190,75705,111,29061,68,43069,11,3575,74,6952,114,35943,85,42895,California
Sutter,2021-06-15,286,75991,155,29216,118,43187,13,3588,102,6885,182,36125,115,43010,California
Sutter,2021-06-16,221,76212,142,29358,70,43257,9,3597,107,6887,114,36239,116,43126,California
Sutter,2021-06-17,283,76495,173,29531,104,43361,6,3603,123,6858,158,36397,129,43255,California
Sutter,2021-06-18,266,76761,171,29702,80,43441,15,3618,94,6798,169,36566,109,43364,California
Sutter,2021-06-19,208,76969,139,29841,65,43506,4,3622,59,6714,147,36713,63,43427,California
Sutter,2021-06-20,70,77039,49,29890,19,43525,2,3624,31,6708,39,36752,33,43460,California
Sutter,2021-06-21,113,77152,54,29944,47,43572,12,3636,51,6711,60,36812,63,43523,California
Sutter,2021-06-22,222,77374,128,30072,91,43663,3,3639,86,6666,134,36946,89,43612,California
Sutter,2021-06-23,185,77559,108,30180,69,43732,8,3647,77,6642,108,37054,84,43696,California
Sutter,2021-06-24,237,77796,161,30341,66,43798,10,3657,103,6621,134,37188,113,43809,California
Sutter,2021-06-25,225,78021,146,30487,73,43871,6,3663,89,6584,132,37320,95,43904,California
Sutter,2021-06-26,220,78241,178,30665,36,43907,6,3669,76,6525,142,37462,83,43987,California
Sutter,2021-06-27,78,78319,65,30730,12,43919,1,3670,29,6507,48,37510,30,44017,California
Sutter,2021-06-28,121,78440,75,30805,40,43959,6,3676,61,6515,59,37569,67,44084,California
Sutter,2021-06-29,235,78675,155,30960,70,44029,10,3686,84,6460,149,37718,94,44178,California
Sutter,2021-06-30,175,78850,112,31072,54,44083,9,3695,72,6441,100,37818,81,44259,California
Sutter,2021-07-01,205,79055,173,31245,25,44108,7,3702,75,6393,129,37947,81,44340,California
Sutter,2021-07-02,192,79247,129,31374,51,44159,12,3714,91,6401,95,38042,103,44443,California
Sutter,2021-07-03,115,79362,88,31462,24,44183,3,3717,40,6375,69,38111,43,44486,California
Sutter,2021-07-04,6,79368,3,31465,3,44186,0,3717,2,6374,3,38114,2,44488,California
Sutter,2021-07-05,25,79393,11,31476,14,44200,0,3717,13,6375,12,38126,13,44501,California
Tehama,2020-12-15,1,1,1,1,0,0,0,0,1,1,0,0,1,1,California
Tehama,2020-12-16,2,3,2,3,0,0,0,0,2,3,0,0,2,3,California
Tehama,2020-12-17,12,15,12,15,0,0,0,0,12,15,0,0,12,15,California
Tehama,2020-12-18,2,17,2,17,0,0,0,0,3,18,0,0,3,18,California
Tehama,2020-12-21,33,50,33,50,0,0,0,0,33,51,0,0,33,51,California
Tehama,2020-12-22,70,120,64,114,6,6,0,0,70,121,0,0,70,121,California
Tehama,2020-12-23,48,168,40,154,8,14,0,0,48,169,0,0,48,169,California
Tehama,2020-12-24,5,173,3,157,2,16,0,0,5,174,0,0,5,174,California
Tehama,2020-12-26,3,176,2,159,1,17,0,0,3,177,0,0,3,177,California
Tehama,2020-12-27,2,178,2,161,0,17,0,0,2,179,0,0,2,179,California
Tehama,2020-12-28,56,234,43,204,13,30,0,0,56,235,0,0,56,235,California
Tehama,2020-12-29,31,265,31,235,0,30,0,0,31,266,0,0,31,266,California
Tehama,2020-12-30,55,320,39,274,16,46,0,0,54,320,0,0,54,320,California
Tehama,2020-12-31,14,334,4,278,10,56,0,0,14,334,0,0,14,334,California
Tehama,2021-01-01,3,337,0,278,3,59,0,0,3,337,0,0,3,337,California
Tehama,2021-01-04,32,369,9,287,23,82,0,0,32,369,0,0,32,369,California
Tehama,2021-01-05,70,439,43,330,27,109,0,0,67,433,3,3,67,436,California
Tehama,2021-01-06,72,511,21,351,51,160,0,0,63,488,8,11,63,499,California
Tehama,2021-01-07,57,568,7,358,50,210,0,0,56,543,1,12,56,555,California
Tehama,2021-01-08,34,602,25,383,9,219,0,0,29,567,5,17,29,584,California
Tehama,2021-01-09,7,609,5,388,2,221,0,0,5,570,2,19,5,589,California
Tehama,2021-01-10,1,610,0,388,1,222,0,0,1,571,0,19,1,590,California
Tehama,2021-01-11,49,659,47,435,2,224,0,0,15,552,34,53,15,605,California
Tehama,2021-01-12,132,791,112,547,20,244,0,0,86,592,46,99,86,691,California
Tehama,2021-01-13,73,864,55,602,18,262,0,0,27,573,46,145,27,718,California
Tehama,2021-01-14,223,1087,50,652,173,435,0,0,221,792,2,147,221,939,California
Tehama,2021-01-15,250,1337,75,727,175,610,0,0,246,1034,4,151,246,1185,California
Tehama,2021-01-16,264,1601,19,746,245,855,0,0,261,1292,3,154,261,1446,California
Tehama,2021-01-17,7,1608,3,749,4,859,0,0,4,1293,3,157,4,1450,California
Tehama,2021-01-18,12,1620,7,756,5,864,0,0,7,1295,5,162,7,1457,California
Tehama,2021-01-19,295,1915,68,824,227,1091,0,0,240,1480,55,217,240,1697,California
Tehama,2021-01-20,303,2218,87,911,216,1307,0,0,253,1684,49,266,253,1950,California
Tehama,2021-01-21,214,2432,11,922,203,1510,0,0,204,1878,10,276,204,2154,California
Tehama,2021-01-22,224,2656,21,943,203,1713,0,0,221,2096,3,279,221,2375,California
Tehama,2021-01-23,257,2913,7,950,250,1963,0,0,256,2351,1,280,256,2631,California
Tehama,2021-01-24,2,2915,1,951,1,1964,0,0,2,2353,0,280,2,2633,California
Tehama,2021-01-25,33,2948,15,966,18,1982,0,0,15,2350,18,298,15,2648,California
Tehama,2021-01-26,322,3270,42,1008,280,2262,0,0,285,2598,37,335,285,2933,California
Tehama,2021-01-27,300,3570,21,1029,279,2541,0,0,280,2858,20,355,280,3213,California
Tehama,2021-01-28,343,3913,31,1060,312,2853,0,0,328,3171,15,370,328,3541,California
Tehama,2021-01-29,324,4237,20,1080,304,3157,0,0,306,3459,18,388,306,3847,California
Tehama,2021-01-30,102,4339,2,1082,100,3257,0,0,101,3559,1,389,101,3948,California
Tehama,2021-01-31,1,4340,0,1082,1,3258,0,0,1,3560,0,389,1,3949,California
Tehama,2021-02-01,79,4419,23,1105,56,3314,0,0,36,3553,43,432,36,3985,California
Tehama,2021-02-02,361,4780,64,1169,297,3611,0,0,263,3718,98,530,263,4248,California
Tehama,2021-02-03,409,5189,12,1181,397,4008,0,0,363,4035,46,576,363,4611,California
Tehama,2021-02-04,505,5694,99,1280,406,4414,0,0,424,4379,81,657,425,5036,California
Tehama,2021-02-05,180,5874,74,1354,106,4520,0,0,118,4435,62,719,118,5154,California
Tehama,2021-02-06,29,5903,14,1368,15,4535,0,0,17,4440,12,731,17,5171,California
Tehama,2021-02-07,6,5909,5,1373,1,4536,0,0,2,4439,3,734,2,5173,California
Tehama,2021-02-08,35,5944,13,1386,22,4558,0,0,26,4456,9,743,26,5199,California
Tehama,2021-02-09,75,6019,35,1421,40,4598,0,0,40,4461,35,778,40,5239,California
Tehama,2021-02-10,232,6251,63,1484,169,4767,0,0,156,4541,76,854,156,5395,California
Tehama,2021-02-11,220,6471,15,1499,205,4972,0,0,82,4487,136,990,82,5477,California
Tehama,2021-02-12,364,6835,66,1565,298,5270,0,0,172,4467,192,1182,172,5649,California
Tehama,2021-02-13,385,7220,14,1579,371,5641,0,0,145,4372,240,1422,145,5794,California
Tehama,2021-02-14,38,7258,2,1581,36,5677,0,0,36,4406,2,1424,36,5830,California
Tehama,2021-02-15,53,7311,10,1591,43,5720,0,0,47,4447,6,1430,47,5877,California
Tehama,2021-02-16,249,7560,16,1607,233,5953,0,0,64,4326,185,1615,64,5941,California
Tehama,2021-02-17,284,7844,12,1619,272,6225,0,0,54,4150,230,1845,54,5995,California
Tehama,2021-02-18,371,8215,32,1651,339,6564,0,0,145,4069,226,2071,145,6140,California
Tehama,2021-02-19,215,8430,18,1669,197,6761,0,0,43,3940,172,2243,43,6183,California
Tehama,2021-02-20,271,8701,7,1676,264,7025,0,0,27,3723,244,2487,27,6210,California
Tehama,2021-02-21,2,8703,1,1677,1,7026,0,0,1,3723,1,2488,1,6211,California
Tehama,2021-02-22,41,8744,16,1693,25,7051,0,0,28,3738,13,2501,28,6239,California
Tehama,2021-02-23,73,8817,21,1714,52,7103,0,0,29,3723,44,2545,29,6268,California
Tehama,2021-02-24,304,9121,13,1727,291,7394,0,0,29,3477,275,2820,29,6297,California
Tehama,2021-02-25,382,9503,62,1789,320,7714,0,0,42,3179,340,3160,42,6339,California
Tehama,2021-02-26,462,9965,19,1808,443,8157,0,0,71,2859,391,3551,71,6410,California
Tehama,2021-02-27,296,10261,5,1813,291,8448,0,0,34,2631,262,3813,34,6444,California
Tehama,2021-02-28,23,10284,2,1815,21,8469,0,0,20,2648,3,3816,20,6464,California
Tehama,2021-03-01,67,10351,8,1823,59,8528,0,0,32,2645,35,3851,32,6496,California
Tehama,2021-03-02,157,10508,18,1841,139,8667,0,0,32,2552,125,3976,32,6528,California
Tehama,2021-03-03,166,10674,32,1873,134,8801,0,0,50,2486,116,4092,50,6578,California
Tehama,2021-03-04,664,11338,39,1912,625,9426,0,0,222,2271,437,4529,222,6800,California
Tehama,2021-03-05,406,11744,20,1932,386,9812,0,0,214,2294,191,4720,214,7014,California
Tehama,2021-03-06,305,12049,15,1947,290,10102,0,0,78,2147,226,4946,79,7093,California
Tehama,2021-03-07,6,12055,1,1948,5,10107,0,0,3,2148,2,4948,3,7096,California
Tehama,2021-03-08,57,12112,12,1960,30,10137,15,15,26,2159,30,4978,41,7137,California
Tehama,2021-03-09,367,12479,8,1968,340,10477,19,34,312,2435,55,5033,331,7468,California
Tehama,2021-03-10,356,12835,17,1985,318,10795,21,55,73,2247,282,5315,94,7562,California
Tehama,2021-03-11,496,13331,18,2003,429,11224,49,104,348,2496,148,5463,397,7959,California
Tehama,2021-03-12,307,13638,20,2023,222,11446,65,169,179,2613,127,5590,244,8203,California
Tehama,2021-03-13,49,13687,8,2031,34,11480,7,176,6,2583,43,5633,13,8216,California
Tehama,2021-03-14,53,13740,3,2034,40,11520,10,186,9,2558,44,5677,19,8235,California
Tehama,2021-03-15,154,13894,22,2056,112,11632,20,206,84,2592,70,5747,104,8339,California
Tehama,2021-03-16,419,14313,14,2070,367,11999,38,244,314,2840,104,5851,352,8691,California
Tehama,2021-03-17,434,14747,22,2092,380,12379,32,276,350,3140,82,5933,382,9073,California
Tehama,2021-03-18,486,15233,26,2118,436,12815,24,300,307,3294,177,6110,331,9404,California
Tehama,2021-03-19,318,15551,22,2140,283,13098,13,313,276,3541,42,6152,289,9693,California
Tehama,2021-03-20,41,15592,8,2148,31,13129,2,315,29,3560,12,6164,31,9724,California
Tehama,2021-03-21,12,15604,5,2153,7,13136,0,315,12,3572,0,6164,12,9736,California
Tehama,2021-03-22,92,15696,8,2161,67,13203,17,332,50,3597,42,6206,67,9803,California
Tehama,2021-03-23,88,15784,28,2189,54,13257,6,338,70,3655,18,6224,76,9879,California
Tehama,2021-03-24,85,15869,16,2205,67,13324,2,340,54,3680,31,6255,56,9935,California
Tehama,2021-03-25,539,16408,363,2568,163,13487,13,353,482,4119,56,6311,495,10430,California
Tehama,2021-03-26,514,16922,403,2971,99,13586,12,365,434,4488,77,6388,446,10876,California
Tehama,2021-03-27,452,17374,356,3327,71,13657,25,390,383,4828,68,6456,408,11284,California
Tehama,2021-03-28,31,17405,10,3337,21,13678,0,390,19,4835,12,6468,19,11303,California
Tehama,2021-03-29,127,17532,32,3369,94,13772,1,391,81,4870,46,6514,81,11384,California
Tehama,2021-03-30,374,17906,222,3591,150,13922,2,393,252,5002,122,6636,254,11638,California
Tehama,2021-03-31,401,18307,298,3889,100,14022,3,396,328,5260,72,6708,330,11968,California
Tehama,2021-04-01,528,18835,247,4136,275,14297,6,402,395,5529,132,6840,401,12369,California
Tehama,2021-04-02,458,19293,216,4352,237,14534,5,407,273,5621,185,7025,277,12646,California
Tehama,2021-04-03,62,19355,4,4356,53,14587,5,412,31,5626,31,7056,36,12682,California
Tehama,2021-04-04,35,19390,7,4363,27,14614,1,413,23,5638,12,7068,24,12706,California
Tehama,2021-04-05,118,19508,21,4384,69,14683,28,441,61,5670,57,7125,89,12795,California
Tehama,2021-04-06,492,20000,109,4493,332,15015,51,492,137,5503,355,7480,188,12983,California
Tehama,2021-04-07,417,20417,284,4777,90,15105,43,535,304,5737,112,7592,346,13329,California
Tehama,2021-04-08,608,21025,174,4951,394,15499,40,575,230,5630,377,7969,270,13599,California
Tehama,2021-04-09,431,21456,193,5144,204,15703,34,609,215,5664,215,8184,249,13848,California
Tehama,2021-04-10,79,21535,9,5153,38,15741,32,641,40,5697,39,8223,72,13920,California
Tehama,2021-04-11,33,21568,7,5160,15,15756,11,652,8,5691,25,8248,19,13939,California
Tehama,2021-04-12,112,21680,6,5166,87,15843,19,671,40,5678,72,8320,59,13998,California
Tehama,2021-04-13,390,22070,66,5232,324,16167,0,671,67,5422,323,8643,67,14065,California
Tehama,2021-04-14,408,22478,54,5286,354,16521,0,671,51,5118,355,8998,51,14116,California
Tehama,2021-04-15,518,22996,193,5479,325,16846,0,671,81,4763,436,9434,81,14197,California
Tehama,2021-04-16,598,23594,342,5821,256,17102,0,671,75,4315,523,9957,75,14272,California
Tehama,2021-04-17,349,23943,269,6090,80,17182,0,671,41,4050,307,10264,42,14314,California
Tehama,2021-04-18,17,23960,3,6093,14,17196,0,671,14,4061,3,10267,14,14328,California
Tehama,2021-04-19,97,24057,8,6101,89,17285,0,671,41,4046,56,10323,41,14369,California
Tehama,2021-04-20,528,24585,435,6536,93,17378,0,671,152,3827,373,10696,154,14523,California
Tehama,2021-04-21,512,25097,434,6970,78,17456,0,671,170,3657,340,11036,170,14693,California
Tehama,2021-04-22,526,25623,366,7336,160,17616,0,671,157,3448,366,11402,157,14850,California
Tehama,2021-04-23,454,26077,351,7687,103,17719,0,671,204,3404,249,11651,205,15055,California
Tehama,2021-04-24,104,26181,18,7705,86,17805,0,671,27,3354,77,11728,27,15082,California
Tehama,2021-04-25,29,26210,18,7723,11,17816,0,671,9,3344,19,11747,9,15091,California
Tehama,2021-04-26,87,26297,12,7735,75,17891,0,671,47,3351,40,11787,47,15138,California
Tehama,2021-04-27,257,26554,209,7944,47,17938,1,672,95,3285,162,11949,96,15234,California
Tehama,2021-04-28,405,26959,324,8268,64,18002,17,689,71,3039,334,12283,88,15322,California
Tehama,2021-04-29,359,27318,172,8440,181,18183,6,695,72,2831,286,12569,78,15400,California
Tehama,2021-04-30,327,27645,240,8680,81,18264,6,701,113,2736,214,12783,119,15519,California
Tehama,2021-05-01,74,27719,4,8684,67,18331,3,704,16,2697,58,12841,19,15538,California
Tehama,2021-05-02,44,27763,22,8706,10,18341,12,716,24,2713,20,12861,36,15574,California
Tehama,2021-05-03,119,27882,40,8746,71,18412,8,724,64,2730,55,12916,72,15646,California
Tehama,2021-05-04,164,28046,59,8805,98,18510,7,731,71,2715,93,13009,78,15724,California
Tehama,2021-05-05,95,28141,26,8831,59,18569,10,741,44,2718,51,13060,54,15778,California
Tehama,2021-05-06,169,28310,94,8925,60,18629,15,756,103,2770,66,13126,118,15896,California
Tehama,2021-05-07,178,28488,73,8998,94,18723,11,767,52,2709,124,13250,63,15959,California
Tehama,2021-05-08,50,28538,6,9004,43,18766,1,768,14,2688,36,13286,15,15974,California
Tehama,2021-05-09,17,28555,4,9008,13,18779,0,768,7,2685,10,13296,7,15981,California
Tehama,2021-05-10,80,28635,8,9016,66,18845,6,774,39,2689,40,13336,44,16025,California
Tehama,2021-05-11,176,28811,117,9133,49,18894,10,784,37,2597,139,13475,47,16072,California
Tehama,2021-05-12,213,29024,133,9266,69,18963,11,795,48,2491,165,13640,59,16131,California
Tehama,2021-05-13,249,29273,168,9434,73,19036,8,803,114,2479,134,13774,122,16253,California
Tehama,2021-05-14,248,29521,134,9568,93,19129,21,824,59,2371,188,13962,80,16333,California
Tehama,2021-05-15,225,29746,135,9703,54,19183,36,860,161,2505,63,14025,197,16530,California
Tehama,2021-05-16,27,29773,7,9710,17,19200,3,863,15,2511,12,14037,18,16548,California
Tehama,2021-05-17,113,29886,29,9739,69,19269,15,878,54,2522,58,14095,69,16617,California
Tehama,2021-05-18,153,30039,78,9817,60,19329,15,893,50,2486,101,14196,65,16682,California
Tehama,2021-05-19,127,30166,54,9871,63,19392,10,903,41,2451,86,14282,51,16733,California
Tehama,2021-05-20,335,30501,242,10113,70,19462,23,926,232,2604,102,14384,255,16988,California
Tehama,2021-05-21,222,30723,99,10212,110,19572,13,939,79,2555,141,14525,92,17080,California
Tehama,2021-05-22,66,30789,32,10244,30,19602,4,943,38,2569,28,14553,42,17122,California
Tehama,2021-05-23,50,30839,25,10269,14,19616,11,954,14,2558,36,14589,25,17147,California
Tehama,2021-05-24,99,30938,31,10300,60,19676,8,962,34,2535,65,14654,42,17189,California
Tehama,2021-05-25,77,31015,20,10320,49,19725,8,970,47,2560,29,14683,54,17243,California
Tehama,2021-05-26,80,31095,31,10351,46,19771,3,973,52,2588,27,14710,55,17298,California
Tehama,2021-05-27,156,31251,98,10449,54,19825,4,977,51,2540,103,14813,55,17353,California
Tehama,2021-05-28,136,31387,37,10486,92,19917,7,984,65,2542,70,14883,72,17425,California
Tehama,2021-05-29,53,31440,8,10494,40,19957,5,989,34,2562,19,14902,39,17464,California
Tehama,2021-05-30,15,31455,5,10499,9,19966,1,990,6,2560,9,14911,7,17471,California
Tehama,2021-05-31,18,31473,2,10501,15,19981,1,991,5,2553,13,14924,6,17477,California
Tehama,2021-06-01,100,31573,18,10519,64,20045,18,1009,32,2535,68,14992,50,17527,California
Tehama,2021-06-02,88,31661,30,10549,53,20098,5,1014,32,2516,56,15048,37,17564,California
Tehama,2021-06-03,136,31797,102,10651,23,20121,11,1025,29,2449,107,15155,40,17604,California
Tehama,2021-06-04,145,31942,38,10689,93,20214,14,1039,63,2443,81,15236,75,17679,California
Tehama,2021-06-05,158,32100,128,10817,22,20236,8,1047,31,2356,126,15362,39,17718,California
Tehama,2021-06-06,15,32115,7,10824,2,20238,6,1053,2,2351,12,15374,7,17725,California
Tehama,2021-06-07,70,32185,27,10851,41,20279,2,1055,20,2323,50,15424,22,17747,California
Tehama,2021-06-08,103,32288,34,10885,60,20339,9,1064,37,2304,65,15489,46,17793,California
Tehama,2021-06-09,87,32375,43,10928,42,20381,2,1066,43,2305,44,15533,45,17838,California
Tehama,2021-06-10,267,32642,216,11144,41,20422,10,1076,37,2123,229,15762,47,17885,California
Tehama,2021-06-11,148,32790,66,11210,73,20495,9,1085,55,2097,90,15852,64,17949,California
Tehama,2021-06-12,62,32852,39,11249,23,20518,0,1085,24,2083,38,15890,24,17973,California
Tehama,2021-06-13,22,32874,6,11255,10,20528,6,1091,5,2077,17,15907,11,17984,California
Tehama,2021-06-14,93,32967,16,11271,70,20598,7,1098,27,2045,66,15973,34,18018,California
Tehama,2021-06-15,97,33064,43,11314,39,20637,15,1113,37,2038,59,16032,52,18070,California
Tehama,2021-06-16,93,33157,62,11376,28,20665,3,1116,47,2042,46,16078,50,18120,California
Tehama,2021-06-17,152,33309,108,11484,29,20694,15,1131,87,2080,63,16141,101,18221,California
Tehama,2021-06-18,108,33417,42,11526,52,20746,14,1145,36,2058,72,16213,50,18271,California
Tehama,2021-06-19,40,33457,14,11540,21,20767,5,1150,17,2057,23,16236,22,18293,California
Tehama,2021-06-20,16,33473,5,11545,10,20777,1,1151,6,2054,10,16246,7,18300,California
Tehama,2021-06-21,64,33537,19,11564,37,20814,8,1159,23,2044,41,16287,31,18331,California
Tehama,2021-06-22,81,33618,25,11589,42,20856,14,1173,34,2046,46,16333,48,18379,California
Tehama,2021-06-23,95,33713,54,11643,37,20893,4,1177,46,2047,48,16381,49,18428,California
Tehama,2021-06-24,88,33801,42,11685,38,20931,8,1185,48,2063,40,16421,56,18484,California
Tehama,2021-06-25,136,33937,74,11759,55,20986,7,1192,59,2053,76,16497,66,18550,California
Tehama,2021-06-26,46,33983,23,11782,23,21009,0,1192,22,2051,24,16521,22,18572,California
Tehama,2021-06-27,8,33991,4,11786,3,21012,1,1193,5,2054,3,16524,6,18578,California
Tehama,2021-06-28,42,34033,16,11802,21,21033,5,1198,21,2059,21,16545,26,18604,California
Tehama,2021-06-29,64,34097,23,11825,37,21070,4,1202,33,2066,30,16575,37,18641,California
Tehama,2021-06-30,87,34184,66,11891,19,21089,2,1204,46,2073,41,16616,48,18689,California
Tehama,2021-07-01,61,34245,30,11921,28,21117,3,1207,38,2091,23,16639,41,18730,California
Tehama,2021-07-02,76,34321,37,11958,37,21154,2,1209,30,2077,46,16685,32,18762,California
Tehama,2021-07-03,36,34357,17,11975,17,21171,2,1211,13,2069,23,16708,15,18777,California
Tehama,2021-07-04,5,34362,5,11980,0,21171,0,1211,2,2068,3,16711,2,18779,California
Tehama,2021-07-05,16,34378,9,11989,7,21178,0,1211,6,2064,10,16721,6,18785,California
Trinity,2020-12-17,4,4,4,4,0,0,0,0,4,4,0,0,4,4,California
Trinity,2020-12-18,2,6,2,6,0,0,0,0,2,6,0,0,2,6,California
Trinity,2020-12-21,38,44,38,44,0,0,0,0,38,44,0,0,38,44,California
Trinity,2020-12-22,4,48,4,48,0,0,0,0,4,48,0,0,4,48,California
Trinity,2020-12-23,6,54,5,53,1,1,0,0,6,54,0,0,6,54,California
Trinity,2020-12-28,31,85,31,84,0,1,0,0,31,85,0,0,31,85,California
Trinity,2020-12-29,8,93,7,91,1,2,0,0,8,93,0,0,8,93,California
Trinity,2020-12-30,10,103,8,99,2,4,0,0,10,103,0,0,10,103,California
Trinity,2020-12-31,2,105,1,100,1,5,0,0,2,105,0,0,2,105,California
Trinity,2021-01-04,27,132,0,100,27,32,0,0,26,131,0,0,26,131,California
Trinity,2021-01-05,3,135,1,101,2,34,0,0,3,134,0,0,3,134,California
Trinity,2021-01-06,24,159,4,105,20,54,0,0,20,150,4,4,20,154,California
Trinity,2021-01-08,49,208,2,107,47,101,0,0,48,196,2,6,48,202,California
Trinity,2021-01-11,41,249,38,145,3,104,0,0,4,163,37,43,4,206,California
Trinity,2021-01-12,9,258,6,151,3,107,0,0,4,162,5,48,4,210,California
Trinity,2021-01-13,7,265,4,155,3,110,0,0,4,163,3,51,4,214,California
Trinity,2021-01-14,4,269,1,156,3,113,0,0,4,167,0,51,4,218,California
Trinity,2021-01-15,4,273,0,156,4,117,0,0,4,171,0,51,4,222,California
Trinity,2021-01-16,4,277,0,156,4,121,0,0,4,175,0,51,4,226,California
Trinity,2021-01-18,31,308,31,187,0,121,0,0,0,144,31,82,0,226,California
Trinity,2021-01-19,35,343,14,201,21,142,0,0,21,151,14,96,21,247,California
Trinity,2021-01-20,20,363,3,204,17,159,0,0,17,165,3,99,17,264,California
Trinity,2021-01-21,17,380,7,211,10,169,0,0,17,182,0,99,17,281,California
Trinity,2021-01-22,5,385,1,212,4,173,0,0,5,187,0,99,5,286,California
Trinity,2021-01-23,7,392,3,215,4,177,0,0,7,194,0,99,7,293,California
Trinity,2021-01-25,14,406,1,216,13,190,0,0,13,206,1,100,13,306,California
Trinity,2021-01-26,10,416,1,217,9,199,0,0,9,214,1,101,9,315,California
Trinity,2021-01-27,12,428,0,217,12,211,0,0,12,226,0,101,12,327,California
Trinity,2021-01-28,12,440,2,219,10,221,0,0,9,232,3,104,9,336,California
Trinity,2021-01-29,2,442,0,219,2,223,0,0,1,232,1,105,1,337,California
Trinity,2021-01-30,12,454,11,230,1,224,0,0,12,244,0,105,12,349,California
Trinity,2021-02-01,2,456,1,231,1,225,0,0,1,244,1,106,1,350,California
Trinity,2021-02-02,15,471,3,234,12,237,0,0,14,257,1,107,14,364,California
Trinity,2021-02-03,7,478,1,235,6,243,0,0,4,258,3,110,4,368,California
Trinity,2021-02-04,42,520,32,267,10,253,0,0,35,286,7,117,35,403,California
Trinity,2021-02-05,354,874,0,267,354,607,0,0,323,578,31,148,323,726,California
Trinity,2021-02-06,210,1084,5,272,205,812,0,0,203,774,7,155,203,929,California
Trinity,2021-02-07,1,1085,0,272,1,813,0,0,1,775,0,155,1,930,California
Trinity,2021-02-08,27,1112,0,272,27,840,0,0,16,780,11,166,16,946,California
Trinity,2021-02-09,27,1139,2,274,25,865,0,0,11,775,16,182,11,957,California
Trinity,2021-02-10,122,1261,10,284,112,977,0,0,102,857,20,202,102,1059,California
Trinity,2021-02-11,338,1599,2,286,336,1313,0,0,331,1181,7,209,331,1390,California
Trinity,2021-02-12,18,1617,10,296,8,1321,0,0,14,1191,4,213,14,1404,California
Trinity,2021-02-13,13,1630,6,302,7,1328,0,0,6,1190,7,220,6,1410,California
Trinity,2021-02-14,2,1632,2,304,0,1328,0,0,2,1192,0,220,2,1412,California
Trinity,2021-02-15,47,1679,0,304,47,1375,0,0,47,1239,0,220,47,1459,California
Trinity,2021-02-16,5,1684,1,305,4,1379,0,0,3,1240,2,222,3,1462,California
Trinity,2021-02-17,94,1778,2,307,92,1471,0,0,84,1314,10,232,84,1546,California
Trinity,2021-02-18,4,1782,0,307,4,1475,0,0,1,1312,3,235,1,1547,California
Trinity,2021-02-19,307,2089,1,308,306,1781,0,0,294,1593,13,248,294,1841,California
Trinity,2021-02-20,141,2230,14,322,127,1908,0,0,113,1678,28,276,113,1954,California
Trinity,2021-02-21,1,2231,1,323,0,1908,0,0,1,1679,0,276,1,1955,California
Trinity,2021-02-22,8,2239,0,323,8,1916,0,0,5,1681,3,279,5,1960,California
Trinity,2021-02-23,10,2249,3,326,7,1923,0,0,5,1681,5,284,5,1965,California
Trinity,2021-02-24,30,2279,8,334,22,1945,0,0,7,1665,23,307,7,1972,California
Trinity,2021-02-25,36,2315,23,357,13,1958,0,0,5,1639,31,338,5,1977,California
Trinity,2021-02-26,12,2327,2,359,10,1968,0,0,6,1639,6,344,6,1983,California
Trinity,2021-02-27,12,2339,10,369,2,1970,0,0,6,1639,6,350,6,1989,California
Trinity,2021-03-01,10,2349,0,369,10,1980,0,0,5,1639,5,355,5,1994,California
Trinity,2021-03-02,9,2358,3,372,6,1986,0,0,2,1634,7,362,2,1996,California
Trinity,2021-03-03,4,2362,0,372,4,1990,0,0,3,1636,1,363,3,1999,California
Trinity,2021-03-04,24,2386,19,391,5,1995,0,0,10,1632,14,377,10,2009,California
Trinity,2021-03-05,391,2777,1,392,390,2385,0,0,120,1485,267,644,120,2129,California
Trinity,2021-03-06,202,2979,7,399,195,2580,0,0,26,1335,176,820,26,2155,California
Trinity,2021-03-07,4,2983,3,402,1,2581,0,0,3,1337,1,821,3,2158,California
Trinity,2021-03-08,5,2988,1,403,3,2584,1,1,2,1337,3,824,3,2161,California
Trinity,2021-03-09,94,3082,0,403,92,2676,2,3,88,1421,6,830,90,2251,California
Trinity,2021-03-10,126,3208,3,406,120,2796,3,6,38,1374,88,918,41,2292,California
Trinity,2021-03-11,16,3224,4,410,10,2806,2,8,5,1370,11,929,7,2299,California
Trinity,2021-03-12,397,3621,5,415,386,3192,6,14,96,1171,301,1230,102,2401,California
Trinity,2021-03-13,14,3635,8,423,4,3196,2,16,8,1175,6,1236,10,2411,California
Trinity,2021-03-14,4,3639,1,424,3,3199,0,16,3,1177,1,1237,3,2414,California
Trinity,2021-03-15,67,3706,0,424,66,3265,1,17,14,1139,53,1290,15,2429,California
Trinity,2021-03-16,116,3822,7,431,109,3374,0,17,103,1229,13,1303,103,2532,California
Trinity,2021-03-17,100,3922,3,434,97,3471,0,17,26,1181,74,1377,26,2558,California
Trinity,2021-03-18,11,3933,2,436,6,3477,3,20,5,1183,6,1383,8,2566,California
Trinity,2021-03-19,460,4393,4,440,346,3823,110,130,33,899,427,1810,143,2709,California
Trinity,2021-03-20,105,4498,7,447,98,3921,0,130,68,931,36,1846,68,2777,California
Trinity,2021-03-21,4,4502,0,447,3,3924,1,131,3,934,1,1847,4,2781,California
Trinity,2021-03-22,2,4504,0,447,2,3926,0,131,2,936,0,1847,2,2783,California
Trinity,2021-03-23,95,4599,2,449,93,4019,0,131,77,995,18,1865,77,2860,California
Trinity,2021-03-24,12,4611,1,450,11,4030,0,131,9,1001,3,1868,9,2869,California
Trinity,2021-03-25,111,4722,8,458,97,4127,6,137,85,1066,26,1894,91,2960,California
Trinity,2021-03-26,83,4805,8,466,75,4202,0,137,76,1135,7,1901,76,3036,California
Trinity,2021-03-27,20,4825,4,470,7,4209,9,146,9,1142,11,1912,18,3054,California
Trinity,2021-03-28,5,4830,3,473,2,4211,0,146,1,1139,4,1916,1,3055,California
Trinity,2021-03-29,6,4836,1,474,5,4216,0,146,2,1137,4,1920,2,3057,California
Trinity,2021-03-30,77,4913,5,479,72,4288,0,146,67,1194,10,1930,67,3124,California
Trinity,2021-03-31,56,4969,5,484,19,4307,32,178,21,1211,35,1965,52,3176,California
Trinity,2021-04-01,41,5010,11,495,19,4326,11,189,21,1223,20,1985,32,3208,California
Trinity,2021-04-02,251,5261,5,500,172,4498,74,263,79,1205,171,2156,153,3361,California
Trinity,2021-04-03,17,5278,12,512,5,4503,0,263,7,1202,10,2166,7,3368,California
Trinity,2021-04-04,10,5288,8,520,2,4505,0,263,8,1208,2,2168,8,3376,California
Trinity,2021-04-05,58,5346,6,526,51,4556,1,264,54,1259,4,2172,55,3431,California
Trinity,2021-04-06,118,5464,15,541,100,4656,3,267,29,1202,89,2261,32,3463,California
Trinity,2021-04-07,27,5491,12,553,10,4666,5,272,19,1218,8,2269,24,3487,California
Trinity,2021-04-08,89,5580,10,563,77,4743,2,274,52,1235,37,2306,54,3541,California
Trinity,2021-04-09,170,5750,20,583,146,4889,4,278,92,1253,78,2384,96,3637,California
Trinity,2021-04-10,11,5761,7,590,4,4893,0,278,10,1262,1,2385,10,3647,California
Trinity,2021-04-11,10,5771,5,595,3,4896,2,280,4,1262,6,2391,6,3653,California
Trinity,2021-04-12,77,5848,5,600,71,4967,1,281,64,1314,12,2403,64,3717,California
Trinity,2021-04-13,104,5952,5,605,99,5066,0,281,11,1232,93,2496,11,3728,California
Trinity,2021-04-14,10,5962,5,610,5,5071,0,281,6,1234,4,2500,6,3734,California
Trinity,2021-04-15,45,6007,10,620,35,5106,0,281,15,1220,29,2529,15,3749,California
Trinity,2021-04-16,153,6160,13,633,140,5246,0,281,80,1228,72,2601,80,3829,California
Trinity,2021-04-17,11,6171,5,638,6,5252,0,281,9,1235,2,2603,9,3838,California
Trinity,2021-04-18,3,6174,1,639,2,5254,0,281,0,1232,3,2606,0,3838,California
Trinity,2021-04-19,67,6241,2,641,65,5319,0,281,66,1297,1,2607,66,3904,California
Trinity,2021-04-20,94,6335,8,649,86,5405,0,281,21,1245,73,2680,21,3925,California
Trinity,2021-04-21,22,6357,9,658,13,5418,0,281,9,1241,13,2693,9,3934,California
Trinity,2021-04-22,92,6449,5,663,87,5505,0,281,14,1177,78,2771,14,3948,California
Trinity,2021-04-23,178,6627,6,669,172,5677,0,281,110,1219,68,2839,110,4058,California
Trinity,2021-04-24,23,6650,12,681,11,5688,0,281,6,1208,17,2856,6,4064,California
Trinity,2021-04-25,10,6660,9,690,1,5689,0,281,3,1205,6,2862,3,4067,California
Trinity,2021-04-26,48,6708,9,699,39,5728,0,281,40,1237,8,2870,40,4107,California
Trinity,2021-04-27,88,6796,11,710,77,5805,0,281,23,1195,65,2935,23,4130,California
Trinity,2021-04-28,32,6828,11,721,21,5826,0,281,12,1187,20,2955,12,4142,California
Trinity,2021-04-29,34,6862,13,734,21,5847,0,281,12,1177,22,2977,12,4154,California
Trinity,2021-04-30,27,6889,21,755,6,5853,0,281,8,1167,18,2995,8,4162,California
Trinity,2021-05-01,15,6904,8,763,2,5855,5,286,5,1167,10,3005,10,4172,California
Trinity,2021-05-02,8,6912,5,768,1,5856,2,288,2,1165,6,3011,4,4176,California
Trinity,2021-05-03,58,6970,13,781,44,5900,1,289,9,1127,48,3059,10,4186,California
Trinity,2021-05-04,24,6994,11,792,12,5912,1,290,8,1120,16,3075,9,4195,California
Trinity,2021-05-05,11,7005,7,799,4,5916,0,290,4,1117,7,3082,4,4199,California
Trinity,2021-05-06,73,7078,10,809,61,5977,2,292,16,1078,57,3139,18,4217,California
Trinity,2021-05-07,179,7257,12,821,133,6110,34,326,14,961,165,3304,48,4265,California
Trinity,2021-05-08,6,7263,2,823,4,6114,0,326,2,959,4,3308,2,4267,California
Trinity,2021-05-09,11,7274,8,831,3,6117,0,326,7,962,4,3312,7,4274,California
Trinity,2021-05-10,15,7289,5,836,9,6126,1,327,8,964,7,3319,9,4283,California
Trinity,2021-05-11,8,7297,4,840,4,6130,0,327,6,968,2,3321,6,4289,California
Trinity,2021-05-12,19,7316,16,856,2,6132,1,328,14,978,5,3326,15,4304,California
Trinity,2021-05-13,15,7331,10,866,4,6136,1,329,9,982,6,3332,10,4314,California
Trinity,2021-05-14,141,7472,19,885,94,6230,28,357,39,947,102,3434,67,4381,California
Trinity,2021-05-15,15,7487,10,895,4,6234,1,358,7,948,7,3441,8,4389,California
Trinity,2021-05-16,8,7495,6,901,2,6236,0,358,6,952,2,3443,6,4395,California
Trinity,2021-05-17,108,7603,20,921,86,6322,2,360,42,930,66,3509,44,4439,California
Trinity,2021-05-18,37,7640,7,928,29,6351,1,361,11,916,26,3535,12,4451,California
Trinity,2021-05-19,146,7786,17,945,100,6451,29,390,29,858,116,3651,58,4509,California
Trinity,2021-05-20,28,7814,21,966,4,6455,3,393,17,867,11,3662,20,4529,California
Trinity,2021-05-21,21,7835,12,978,9,6464,0,393,12,870,9,3671,12,4541,California
Trinity,2021-05-22,17,7852,14,992,3,6467,0,393,13,879,4,3675,13,4554,California
Trinity,2021-05-23,6,7858,4,996,2,6469,0,393,2,877,4,3679,2,4556,California
Trinity,2021-05-24,109,7967,12,1008,96,6565,1,394,8,786,100,3779,9,4565,California
Trinity,2021-05-25,39,8006,14,1022,25,6590,0,394,17,781,22,3801,17,4582,California
Trinity,2021-05-26,12,8018,6,1028,6,6596,0,394,4,777,8,3809,4,4586,California
Trinity,2021-05-27,31,8049,14,1042,12,6608,5,399,8,767,23,3832,13,4599,California
Trinity,2021-05-28,14,8063,10,1052,3,6611,1,400,7,768,7,3839,8,4607,California
Trinity,2021-05-29,10,8073,7,1059,2,6613,1,401,7,773,3,3842,8,4615,California
Trinity,2021-05-30,6,8079,5,1064,1,6614,0,401,0,767,6,3848,0,4615,California
Trinity,2021-05-31,4,8083,3,1067,1,6615,0,401,2,767,2,3850,2,4617,California
Trinity,2021-06-01,14,8097,7,1074,5,6620,2,403,3,762,10,3860,5,4622,California
Trinity,2021-06-02,24,8121,19,1093,3,6623,2,405,9,758,15,3875,11,4633,California
Trinity,2021-06-03,39,8160,13,1106,26,6649,0,405,13,745,26,3901,13,4646,California
Trinity,2021-06-04,45,8205,21,1127,16,6665,8,413,12,732,33,3934,20,4666,California
Trinity,2021-06-05,19,8224,18,1145,1,6666,0,413,13,739,6,3940,13,4679,California
Trinity,2021-06-06,9,8233,6,1151,2,6668,1,414,2,735,7,3947,3,4682,California
Trinity,2021-06-07,28,8261,19,1170,8,6676,1,415,12,732,16,3963,13,4695,California
Trinity,2021-06-08,15,8276,13,1183,1,6677,1,416,4,726,11,3974,5,4700,California
Trinity,2021-06-09,24,8300,14,1197,1,6678,9,425,5,721,19,3993,14,4714,California
Trinity,2021-06-10,20,8320,18,1215,2,6680,0,425,5,711,15,4008,5,4719,California
Trinity,2021-06-11,45,8365,10,1225,33,6713,2,427,14,696,31,4039,16,4735,California
Trinity,2021-06-12,9,8374,9,1234,0,6713,0,427,2,691,7,4046,2,4737,California
Trinity,2021-06-13,4,8378,4,1238,0,6713,0,427,1,689,3,4049,1,4738,California
Trinity,2021-06-14,43,8421,16,1254,27,6740,0,427,11,668,32,4081,11,4749,California
Trinity,2021-06-15,45,8466,21,1275,3,6743,21,448,9,661,36,4117,29,4778,California
Trinity,2021-06-16,10,8476,6,1281,4,6747,0,448,3,657,7,4124,3,4781,California
Trinity,2021-06-17,15,8491,12,1293,1,6748,2,450,6,657,8,4132,8,4789,California
Trinity,2021-06-18,18,8509,10,1303,6,6754,2,452,6,653,12,4144,8,4797,California
Trinity,2021-06-19,10,8519,10,1313,0,6754,0,452,2,647,8,4152,2,4799,California
Trinity,2021-06-20,3,8522,3,1316,0,6754,0,452,3,650,0,4152,3,4802,California
Trinity,2021-06-21,8,8530,6,1322,0,6754,2,454,5,654,3,4155,7,4809,California
Trinity,2021-06-22,32,8562,9,1331,13,6767,10,464,14,660,18,4173,24,4833,California
Trinity,2021-06-23,15,8577,8,1339,1,6768,6,470,2,655,13,4186,8,4841,California
Trinity,2021-06-24,24,8601,14,1353,4,6772,6,476,15,667,9,4195,21,4862,California
Trinity,2021-06-25,10,8611,10,1363,0,6772,0,476,6,669,4,4199,6,4868,California
Trinity,2021-06-26,18,8629,18,1381,0,6772,0,476,8,667,10,4209,8,4876,California
Trinity,2021-06-27,4,8633,4,1385,0,6772,0,476,0,663,4,4213,0,4876,California
Trinity,2021-06-28,11,8644,9,1394,1,6773,1,477,4,661,7,4220,5,4881,California
Trinity,2021-06-29,11,8655,5,1399,3,6776,3,480,5,663,6,4226,8,4889,California
Trinity,2021-06-30,14,8669,10,1409,1,6777,3,483,6,664,8,4234,9,4898,California
Trinity,2021-07-01,30,8699,11,1420,12,6789,7,490,10,661,20,4254,17,4915,California
Trinity,2021-07-02,24,8723,6,1426,6,6795,12,502,6,661,18,4272,18,4933,California
Trinity,2021-07-03,4,8727,1,1427,0,6795,3,505,0,660,4,4276,3,4936,California
Trinity,2021-07-04,1,8728,1,1428,0,6795,0,505,1,661,0,4276,1,4937,California
Trinity,2021-07-05,11,8739,11,1439,0,6795,0,505,4,658,7,4283,4,4941,California
Tulare,2020-12-15,1,1,1,1,0,0,0,0,1,1,0,0,1,1,California
Tulare,2020-12-16,4,5,4,5,0,0,0,0,4,5,0,0,4,5,California
Tulare,2020-12-17,110,115,110,115,0,0,0,0,110,115,0,0,110,115,California
Tulare,2020-12-18,290,405,289,404,1,1,0,0,290,405,0,0,290,405,California
Tulare,2020-12-19,326,731,326,730,0,1,0,0,326,731,0,0,326,731,California
Tulare,2020-12-20,165,896,165,895,0,1,0,0,165,896,0,0,165,896,California
Tulare,2020-12-21,424,1320,424,1319,0,1,0,0,444,1340,0,0,444,1340,California
Tulare,2020-12-22,470,1790,468,1787,2,3,0,0,469,1809,0,0,469,1809,California
Tulare,2020-12-23,327,2117,318,2105,9,12,0,0,325,2134,0,0,325,2134,California
Tulare,2020-12-24,18,2135,16,2121,2,14,0,0,18,2152,0,0,18,2152,California
Tulare,2020-12-26,8,2143,7,2128,1,15,0,0,8,2160,0,0,8,2160,California
Tulare,2020-12-27,16,2159,12,2140,4,19,0,0,16,2176,0,0,16,2176,California
Tulare,2020-12-28,480,2639,467,2607,13,32,0,0,479,2655,0,0,479,2655,California
Tulare,2020-12-29,550,3189,480,3087,70,102,0,0,550,3205,0,0,550,3205,California
Tulare,2020-12-30,469,3658,425,3512,44,146,0,0,469,3674,0,0,469,3674,California
Tulare,2020-12-31,100,3758,22,3534,78,224,0,0,100,3774,0,0,100,3774,California
Tulare,2021-01-01,3,3761,1,3535,2,226,0,0,3,3777,0,0,3,3777,California
Tulare,2021-01-02,32,3793,19,3554,13,239,0,0,32,3809,0,0,32,3809,California
Tulare,2021-01-03,23,3816,9,3563,14,253,0,0,23,3832,0,0,23,3832,California
Tulare,2021-01-04,93,3909,16,3579,77,330,0,0,93,3925,0,0,93,3925,California
Tulare,2021-01-05,465,4374,279,3858,186,516,0,0,463,4386,2,2,463,4388,California
Tulare,2021-01-06,864,5238,634,4492,230,746,0,0,854,5230,10,12,854,5242,California
Tulare,2021-01-07,782,6020,585,5077,197,943,0,0,674,5796,108,120,674,5916,California
Tulare,2021-01-08,1279,7299,573,5650,706,1649,0,0,942,6402,336,456,942,6858,California
Tulare,2021-01-09,806,8105,204,5854,602,2251,0,0,618,6832,188,644,618,7476,California
Tulare,2021-01-10,51,8156,43,5897,8,2259,0,0,13,6807,38,682,13,7489,California
Tulare,2021-01-11,1275,9431,772,6669,503,2762,0,0,836,7204,439,1121,836,8325,California
Tulare,2021-01-12,1451,10882,505,7174,946,3708,0,0,1039,7834,411,1532,1041,9366,California
Tulare,2021-01-13,411,11293,179,7353,232,3940,0,0,336,8095,75,1607,336,9702,California
Tulare,2021-01-14,495,11788,145,7498,350,4290,0,0,469,8549,15,1622,469,10171,California
Tulare,2021-01-15,1651,13439,156,7654,1495,5785,0,0,1642,10182,9,1631,1642,11813,California
Tulare,2021-01-16,1930,15369,115,7769,1815,7600,0,0,1916,12084,14,1645,1916,13729,California
Tulare,2021-01-17,142,15511,122,7891,20,7620,0,0,132,12206,10,1655,132,13861,California
Tulare,2021-01-18,693,16204,657,8548,36,7656,0,0,295,12103,398,2053,295,14156,California
Tulare,2021-01-19,1020,17224,690,9238,330,7986,0,0,593,12269,427,2480,593,14749,California
Tulare,2021-01-20,2481,19705,667,9905,1814,9800,0,0,2044,13922,392,2872,2045,16794,California
Tulare,2021-01-21,1617,21322,227,10132,1390,11190,0,0,1589,15489,22,2894,1589,18383,California
Tulare,2021-01-22,1093,22415,213,10345,880,12070,0,0,1063,16523,29,2923,1063,19446,California
Tulare,2021-01-23,439,22854,156,10501,283,12353,0,0,418,16920,21,2944,418,19864,California
Tulare,2021-01-24,31,22885,28,10529,3,12356,0,0,29,16947,2,2946,29,19893,California
Tulare,2021-01-25,1353,24238,987,11516,366,12722,0,0,1300,18194,53,2999,1300,21193,California
Tulare,2021-01-26,1508,25746,1102,12618,406,13128,0,0,1168,19023,339,3338,1168,22361,California
Tulare,2021-01-27,1506,27252,1072,13690,434,13562,0,0,924,19366,581,3919,924,23285,California
Tulare,2021-01-28,1220,28472,779,14469,441,14003,0,0,819,19784,401,4320,819,24104,California
Tulare,2021-01-29,1130,29602,718,15187,412,14415,0,0,820,20294,310,4630,820,24924,California
Tulare,2021-01-30,1673,31275,1578,16765,95,14510,0,0,1648,21918,25,4655,1649,26573,California
Tulare,2021-01-31,66,31341,61,16826,5,14515,0,0,62,21976,4,4659,62,26635,California
Tulare,2021-02-01,1175,32516,902,17728,273,14788,0,0,813,22428,361,5020,813,27448,California
Tulare,2021-02-02,708,33224,353,18081,355,15143,0,0,453,22629,253,5273,454,27902,California
Tulare,2021-02-03,570,33794,237,18318,333,15476,0,0,330,22759,200,5473,330,28232,California
Tulare,2021-02-04,577,34371,176,18494,401,15877,0,0,283,22750,293,5766,284,28516,California
Tulare,2021-02-05,1246,35617,240,18734,1006,16883,0,0,407,22320,837,6603,407,28923,California
Tulare,2021-02-06,836,36453,156,18890,680,17563,0,0,208,21902,626,7229,208,29131,California
Tulare,2021-02-07,84,36537,71,18961,13,17576,0,0,23,21864,61,7290,23,29154,California
Tulare,2021-02-08,946,37483,329,19290,617,18193,0,0,239,21399,704,7994,239,29393,California
Tulare,2021-02-09,1416,38899,336,19626,1080,19273,0,0,341,20670,1070,9064,341,29734,California
Tulare,2021-02-10,2485,41384,1989,21615,496,19769,0,0,2073,22334,409,9473,2073,31807,California
Tulare,2021-02-11,1341,42725,377,21992,964,20733,0,0,878,22749,463,9936,878,32685,California
Tulare,2021-02-12,2793,45518,574,22566,2219,22952,0,0,1162,22289,1622,11558,1162,33847,California
Tulare,2021-02-13,2479,47997,158,22724,2321,25273,0,0,639,21092,1836,13394,639,34486,California
Tulare,2021-02-14,340,48337,39,22763,301,25574,0,0,303,21358,37,13431,303,34789,California
Tulare,2021-02-15,923,49260,295,23058,628,26202,0,0,662,21760,260,13691,662,35451,California
Tulare,2021-02-16,2853,52113,1596,24654,1257,27459,0,0,1084,21079,1766,15457,1085,36536,California
Tulare,2021-02-17,2707,54820,517,25171,2190,29649,0,0,451,19279,2251,17708,451,36987,California
Tulare,2021-02-18,2352,57172,453,25624,1899,31548,0,0,644,18223,1700,19408,644,37631,California
Tulare,2021-02-19,2352,59524,882,26506,1470,33018,0,0,971,17818,1376,20784,971,38602,California
Tulare,2021-02-20,3000,62524,1885,28391,1115,34133,0,0,1263,17352,1729,22513,1263,39865,California
Tulare,2021-02-21,102,62626,96,28487,6,34139,0,0,51,17355,48,22561,51,39916,California
Tulare,2021-02-22,1132,63758,712,29199,420,34559,0,0,214,16653,916,23477,214,40130,California
Tulare,2021-02-23,1993,65751,957,30156,1036,35595,0,0,1477,17617,513,23990,1477,41607,California
Tulare,2021-02-24,2504,68255,1558,31714,946,36541,0,0,2118,19351,385,24375,2119,43726,California
Tulare,2021-02-25,3553,71808,2007,33721,1546,38087,0,0,3131,22066,418,24793,3133,46859,California
Tulare,2021-02-26,3868,75676,1895,35616,1973,40060,0,0,3390,24980,476,25269,3390,50249,California
Tulare,2021-02-27,3007,78683,1497,37113,1510,41570,0,0,2872,27729,123,25392,2872,53121,California
Tulare,2021-02-28,1314,79997,1040,38153,274,41844,0,0,1292,29003,18,25410,1292,54413,California
Tulare,2021-03-01,1793,81790,809,38962,983,42827,1,1,1600,30414,190,25600,1601,56014,California
Tulare,2021-03-02,2817,84607,1271,40233,1546,44373,0,1,2636,32873,178,25778,2637,58651,California
Tulare,2021-03-03,4085,88692,2732,42965,1352,45725,1,2,2130,33056,1950,27728,2133,60784,California
Tulare,2021-03-04,2987,91679,1348,44313,1639,47364,0,2,2640,35358,338,28066,2640,63424,California
Tulare,2021-03-05,3505,95184,1759,46072,1731,49095,15,17,2985,37844,517,28583,3003,66427,California
Tulare,2021-03-06,3097,98281,1447,47519,1590,50685,60,77,2840,40488,254,28837,2898,69325,California
Tulare,2021-03-07,1141,99422,707,48226,413,51098,21,98,1100,41569,40,28877,1121,70446,California
Tulare,2021-03-08,1737,101159,1007,49233,561,51659,169,267,1404,42814,327,29204,1572,72018,California
Tulare,2021-03-09,3270,104429,2247,51480,875,52534,148,415,2855,45401,414,29618,3001,75019,California
Tulare,2021-03-10,2984,107413,1404,52884,1405,53939,175,590,2576,47754,397,30015,2750,77769,California
Tulare,2021-03-11,4246,111659,1999,54883,1943,55882,304,894,3294,50401,952,30967,3599,81368,California
Tulare,2021-03-12,4424,116083,2436,57319,1635,57517,353,1247,3129,52596,1285,32252,3480,84848,California
Tulare,2021-03-13,4157,120240,1946,59265,2106,59623,105,1352,3199,54950,950,33202,3304,88152,California
Tulare,2021-03-14,1862,122102,989,60254,653,60276,220,1572,1335,55976,526,33728,1552,89704,California
Tulare,2021-03-15,2756,124858,1632,61886,1009,61285,115,1687,1973,57289,778,34506,2091,91795,California
Tulare,2021-03-16,3439,128297,2119,64005,1243,62528,77,1764,1876,57686,1559,36065,1956,93751,California
Tulare,2021-03-17,4087,132384,2667,66672,1344,63872,76,1840,2326,58340,1755,37820,2409,96160,California
Tulare,2021-03-18,4678,137062,3415,70087,1191,65063,72,1912,2455,58660,2212,40032,2532,98692,California
Tulare,2021-03-19,5148,142210,3378,73465,1552,66615,218,2130,2729,59211,2398,42430,2949,101641,California
Tulare,2021-03-20,4492,146702,2799,76264,1322,67937,371,2501,2066,59235,2416,44846,2440,104081,California
Tulare,2021-03-21,2012,148714,1723,77987,263,68200,26,2527,1064,59380,944,45790,1089,105170,California
Tulare,2021-03-22,2583,151297,1795,79782,676,68876,112,2639,1697,60312,880,46670,1812,106982,California
Tulare,2021-03-23,3798,155095,2198,81980,1548,70424,52,2691,2082,60746,1706,48376,2140,109122,California
Tulare,2021-03-24,3206,158301,1988,83968,1177,71601,41,2732,1717,61026,1479,49855,1759,110881,California
Tulare,2021-03-25,3484,161785,1812,85780,1498,73099,174,2906,1670,61066,1806,51661,1846,112727,California
Tulare,2021-03-26,5264,167049,3136,88916,2016,75115,112,3018,2544,61020,2702,54363,2656,115383,California
Tulare,2021-03-27,3543,170592,1817,90733,1628,76743,98,3116,989,59560,2546,56909,1086,116469,California
Tulare,2021-03-28,1476,172068,1071,91804,374,77117,31,3147,672,59471,802,57711,713,117182,California
Tulare,2021-03-29,2888,174956,1673,93477,1108,78225,107,3254,1226,59149,1657,59368,1335,118517,California
Tulare,2021-03-30,4925,179881,2791,96268,1901,80126,233,3487,1499,57458,3415,62783,1724,120241,California
Tulare,2021-03-31,3973,183854,2343,98611,1516,81642,114,3601,1552,56713,2412,65195,1667,121908,California
Tulare,2021-04-01,4543,188397,2456,101067,2015,83657,72,3673,1560,55374,2972,68167,1633,123541,California
Tulare,2021-04-02,5372,193769,3062,104129,2184,85841,126,3799,1554,53254,3801,71968,1681,125222,California
Tulare,2021-04-03,3633,197402,2095,106224,1163,87004,375,4174,833,51698,2762,74730,1206,126428,California
Tulare,2021-04-04,1633,199035,1146,107370,480,87484,7,4181,356,50789,1272,76002,363,126791,California
Tulare,2021-04-05,3355,202390,2344,109714,744,88228,267,4448,851,49417,2491,78493,1119,127910,California
Tulare,2021-04-06,3440,205830,1472,111186,1471,89699,497,4945,891,48267,2540,81033,1390,129300,California
Tulare,2021-04-07,3938,209768,1840,113026,1656,91355,442,5387,1175,47122,2752,83785,1607,130907,California
Tulare,2021-04-08,4801,214569,2627,115653,1714,93069,460,5847,1537,45866,3250,87035,1994,132901,California
Tulare,2021-04-09,4847,219416,2996,118649,1415,94484,436,6283,1819,45102,3020,90055,2256,135157,California
Tulare,2021-04-10,3843,223259,2071,120720,1452,95936,320,6603,930,43444,2904,92959,1246,136403,California
Tulare,2021-04-11,1587,224846,1049,121769,464,96400,74,6677,490,42914,1094,94053,564,136967,California
Tulare,2021-04-12,3426,228272,2137,123906,693,97093,596,7273,1071,42237,2345,96398,1668,138635,California
Tulare,2021-04-13,2411,230683,1595,125501,807,97900,9,7282,900,41651,1497,97895,911,139546,California
Tulare,2021-04-14,2879,233562,1702,127203,1177,99077,0,7282,911,40599,1963,99858,911,140457,California
Tulare,2021-04-15,3320,236882,2166,129369,1154,100231,0,7282,1473,40238,1834,101692,1473,141930,California
Tulare,2021-04-16,3725,240607,2249,131618,1476,101707,0,7282,1492,39510,2220,103912,1492,143422,California
Tulare,2021-04-17,2253,242860,1326,132944,927,102634,0,7282,1194,39652,1053,104965,1195,144617,California
Tulare,2021-04-18,1575,244435,1237,134181,338,102972,0,7282,827,39732,747,105712,827,145444,California
Tulare,2021-04-19,2187,246622,1272,135453,914,103886,1,7283,897,39345,1285,106997,898,146342,California
Tulare,2021-04-20,2423,249045,1390,136843,1033,104919,0,7283,1006,38951,1400,108397,1006,147348,California
Tulare,2021-04-21,2325,251370,1441,138284,884,105803,0,7283,842,38352,1442,109839,843,148191,California
Tulare,2021-04-22,2173,253543,1235,139519,938,106741,0,7283,742,37682,1412,111251,742,148933,California
Tulare,2021-04-23,2642,256185,1630,141149,1011,107752,1,7284,1030,37114,1599,112850,1031,149964,California
Tulare,2021-04-24,1643,257828,1053,142202,588,108340,2,7286,852,37181,787,113637,854,150818,California
Tulare,2021-04-25,694,258522,522,142724,172,108512,0,7286,266,37020,427,114064,266,151084,California
Tulare,2021-04-26,1558,260080,948,143672,591,109103,19,7305,655,36796,896,114960,672,151756,California
Tulare,2021-04-27,1703,261783,708,144380,957,110060,38,7343,731,36597,967,115927,768,152524,California
Tulare,2021-04-28,1752,263535,1006,145386,704,110764,42,7385,698,36287,1049,116976,739,153263,California
Tulare,2021-04-29,2044,265579,1230,146616,776,111540,38,7423,796,35884,1235,118211,832,154095,California
Tulare,2021-04-30,2467,268046,1801,148417,616,112156,50,7473,911,35296,1548,119759,960,155055,California
Tulare,2021-05-01,1420,269466,1216,149633,192,112348,12,7485,732,35362,678,120437,744,155799,California
Tulare,2021-05-02,590,270056,501,150134,72,112420,17,7502,188,35168,398,120835,204,156003,California
Tulare,2021-05-03,1623,271679,1096,151230,402,112822,125,7627,349,34375,1267,122102,474,156477,California
Tulare,2021-05-04,1574,273253,845,152075,659,113481,70,7697,630,34138,934,123036,697,157174,California
Tulare,2021-05-05,1317,274570,656,152731,572,114053,89,7786,451,33823,855,123891,540,157714,California
Tulare,2021-05-06,1992,276562,1348,154079,595,114648,49,7835,603,33095,1380,125271,652,158366,California
Tulare,2021-05-07,1855,278417,1263,155342,524,115172,68,7903,524,32363,1323,126594,591,158957,California
Tulare,2021-05-08,1242,279659,816,156158,401,115573,25,7928,533,32220,701,127295,558,159515,California
Tulare,2021-05-09,595,280254,471,156629,103,115676,21,7949,115,31882,475,127770,137,159652,California
Tulare,2021-05-10,1024,281278,591,157220,367,116043,66,8015,307,31542,713,128483,373,160025,California
Tulare,2021-05-11,1320,282598,702,157922,539,116582,79,8094,548,31404,765,129248,627,160652,California
Tulare,2021-05-12,1604,284202,1040,158962,506,117088,58,8152,434,30740,1155,130403,491,161143,California
Tulare,2021-05-13,1585,285787,1019,159981,528,117616,38,8190,723,30643,857,131260,760,161903,California
Tulare,2021-05-14,1980,287767,1286,161267,632,118248,62,8252,898,30534,1069,132329,960,162863,California
Tulare,2021-05-15,1568,289335,884,162151,637,118885,47,8299,663,30341,897,133226,704,163567,California
Tulare,2021-05-16,699,290034,558,162709,129,119014,12,8311,325,30306,372,133598,337,163904,California
Tulare,2021-05-17,1568,291602,984,163693,510,119524,74,8385,745,30310,815,134413,819,164723,California
Tulare,2021-05-18,1587,293189,861,164554,673,120197,53,8438,786,30351,796,135209,837,165560,California
Tulare,2021-05-19,1483,294672,955,165509,494,120691,34,8472,759,30428,716,135925,793,166353,California
Tulare,2021-05-20,1592,296264,1075,166584,430,121121,87,8559,761,30449,827,136752,848,167201,California
Tulare,2021-05-21,1953,298217,1424,168008,487,121608,42,8601,1061,30668,884,137636,1103,168304,California
Tulare,2021-05-22,1614,299831,1148,169156,443,122051,23,8624,607,30300,999,138635,631,168935,California
Tulare,2021-05-23,412,300243,327,169483,75,122126,10,8634,208,30316,202,138837,218,169153,California
Tulare,2021-05-24,938,301181,579,170062,299,122425,60,8694,419,30278,517,139354,479,169632,California
Tulare,2021-05-25,1186,302367,702,170764,452,122877,32,8726,505,30140,675,140029,537,170169,California
Tulare,2021-05-26,885,303252,488,171252,355,123232,42,8768,395,30090,486,140515,436,170605,California
Tulare,2021-05-27,1276,304528,806,172058,439,123671,31,8799,586,30022,687,141202,619,171224,California
Tulare,2021-05-28,1190,305718,660,172718,481,124152,49,8848,625,30136,559,141761,673,171897,California
Tulare,2021-05-29,882,306600,653,173371,209,124361,20,8868,502,30280,378,142139,522,172419,California
Tulare,2021-05-30,285,306885,206,173577,71,124432,8,8876,163,30331,120,142259,171,172590,California
Tulare,2021-05-31,132,307017,52,173629,69,124501,11,8887,55,30321,76,142335,66,172656,California
Tulare,2021-06-01,1058,308075,627,174256,400,124901,31,8918,384,30070,665,143000,414,173070,California
Tulare,2021-06-02,795,308870,467,174723,295,125196,33,8951,354,30025,430,143430,385,173455,California
Tulare,2021-06-03,1139,310009,810,175533,272,125468,57,9008,390,29742,729,144159,446,173901,California
Tulare,2021-06-04,1169,311178,831,176364,306,125774,32,9040,360,29330,804,144963,392,174293,California
Tulare,2021-06-05,885,312063,698,177062,172,125946,15,9055,302,29066,581,145544,317,174610,California
Tulare,2021-06-06,420,312483,356,177418,46,125992,18,9073,138,28941,281,145825,156,174766,California
Tulare,2021-06-07,882,313365,694,178112,153,126145,35,9108,277,28650,602,146427,311,175077,California
Tulare,2021-06-08,1050,314415,777,178889,213,126358,60,9168,351,28367,694,147121,411,175488,California
Tulare,2021-06-09,1086,315501,757,179646,293,126651,36,9204,344,28009,736,147857,378,175866,California
Tulare,2021-06-10,1102,316603,886,180532,180,126831,36,9240,381,27706,719,148576,416,176282,California
Tulare,2021-06-11,1231,317834,882,181414,314,127145,35,9275,379,27278,842,149418,414,176696,California
Tulare,2021-06-12,958,318792,744,182158,203,127348,11,9286,335,27007,617,150035,346,177042,California
Tulare,2021-06-13,315,319107,226,182384,85,127433,4,9290,91,26879,223,150258,95,177137,California
Tulare,2021-06-14,769,319876,565,182949,179,127612,25,9315,295,26730,469,150727,320,177457,California
Tulare,2021-06-15,986,320862,668,183617,288,127900,30,9345,433,26647,546,151273,463,177920,California
Tulare,2021-06-16,860,321722,583,184200,226,128126,51,9396,377,26596,480,151753,429,178349,California
Tulare,2021-06-17,1026,322748,755,184955,241,128367,30,9426,411,26425,612,152365,441,178790,California
Tulare,2021-06-18,989,323737,696,185651,256,128623,37,9463,372,26218,615,152980,408,179198,California
Tulare,2021-06-19,849,324586,678,186329,158,128781,13,9476,388,26162,457,153437,401,179599,California
Tulare,2021-06-20,249,324835,186,186515,55,128836,8,9484,74,26071,174,153611,83,179682,California
Tulare,2021-06-21,522,325357,342,186857,149,128985,31,9515,304,26188,217,153828,334,180016,California
Tulare,2021-06-22,750,326107,514,187371,212,129197,24,9539,345,26158,399,154227,369,180385,California
Tulare,2021-06-23,735,326842,500,187871,209,129406,26,9565,400,26253,331,154558,426,180811,California
Tulare,2021-06-24,845,327687,638,188509,152,129558,55,9620,421,26308,421,154979,476,181287,California
Tulare,2021-06-25,848,328535,551,189060,277,129835,20,9640,441,26367,402,155381,461,181748,California
Tulare,2021-06-26,930,329465,733,189793,172,130007,25,9665,530,26525,397,155778,555,182303,California
Tulare,2021-06-27,246,329711,183,189976,56,130063,7,9672,115,26517,130,155908,122,182425,California
Tulare,2021-06-28,576,330287,434,190410,112,130175,30,9702,291,26555,282,156190,320,182745,California
Tulare,2021-06-29,717,331004,459,190869,216,130391,42,9744,337,26560,374,156564,379,183124,California
Tulare,2021-06-30,686,331690,465,191334,190,130581,31,9775,374,26654,309,156873,403,183527,California
Tulare,2021-07-01,802,332492,600,191934,172,130753,30,9805,383,26654,412,157285,412,183939,California
Tulare,2021-07-02,719,333211,503,192437,199,130952,17,9822,377,26713,336,157621,395,184334,California
Tulare,2021-07-03,454,333665,329,192766,116,131068,9,9831,220,26713,229,157850,229,184563,California
Tulare,2021-07-04,31,333696,20,192786,10,131078,1,9832,17,26717,14,157864,18,184581,California
Tulare,2021-07-05,299,333995,201,192987,90,131168,8,9840,159,26747,137,158001,167,184748,California
Tuolumne,2020-12-16,47,47,47,47,0,0,0,0,47,47,0,0,47,47,California
Tuolumne,2020-12-17,18,65,18,65,0,0,0,0,18,65,0,0,18,65,California
Tuolumne,2020-12-18,101,166,100,165,1,1,0,0,101,166,0,0,101,166,California
Tuolumne,2020-12-19,5,171,5,170,0,1,0,0,5,171,0,0,5,171,California
Tuolumne,2020-12-20,2,173,2,172,0,1,0,0,2,173,0,0,2,173,California
Tuolumne,2020-12-21,115,288,101,273,14,15,0,0,115,288,0,0,115,288,California
Tuolumne,2020-12-22,172,460,172,445,0,15,0,0,172,460,0,0,172,460,California
Tuolumne,2020-12-23,185,645,183,628,2,17,0,0,185,645,0,0,185,645,California
Tuolumne,2020-12-25,1,646,1,629,0,17,0,0,1,646,0,0,1,646,California
Tuolumne,2020-12-26,2,648,2,631,0,17,0,0,2,648,0,0,2,648,California
Tuolumne,2020-12-28,75,723,73,704,2,19,0,0,75,723,0,0,75,723,California
Tuolumne,2020-12-29,102,825,38,742,64,83,0,0,102,825,0,0,102,825,California
Tuolumne,2020-12-30,77,902,22,764,55,138,0,0,77,902,0,0,77,902,California
Tuolumne,2020-12-31,27,929,20,784,7,145,0,0,27,929,0,0,27,929,California
Tuolumne,2021-01-01,6,935,5,789,1,146,0,0,6,935,0,0,6,935,California
Tuolumne,2021-01-02,120,1055,117,906,3,149,0,0,120,1055,0,0,120,1055,California
Tuolumne,2021-01-03,2,1057,2,908,0,149,0,0,2,1057,0,0,2,1057,California
Tuolumne,2021-01-04,69,1126,26,934,43,192,0,0,69,1126,0,0,69,1126,California
Tuolumne,2021-01-05,94,1220,28,962,66,258,0,0,91,1215,3,3,92,1218,California
Tuolumne,2021-01-06,132,1352,71,1033,61,319,0,0,68,1219,64,67,68,1286,California
Tuolumne,2021-01-07,120,1472,64,1097,56,375,0,0,64,1227,56,123,64,1350,California
Tuolumne,2021-01-08,106,1578,82,1179,24,399,0,0,27,1178,78,201,29,1379,California
Tuolumne,2021-01-09,2,1580,0,1179,2,401,0,0,2,1180,0,201,2,1381,California
Tuolumne,2021-01-10,3,1583,1,1180,2,403,0,0,3,1183,0,201,3,1384,California
Tuolumne,2021-01-11,117,1700,91,1271,26,429,0,0,35,1136,82,283,35,1419,California
Tuolumne,2021-01-12,102,1802,86,1357,16,445,0,0,18,1070,84,367,18,1437,California
Tuolumne,2021-01-13,231,2033,125,1482,106,551,0,0,182,1204,49,416,183,1620,California
Tuolumne,2021-01-14,148,2181,108,1590,40,591,0,0,43,1143,104,520,43,1663,California
Tuolumne,2021-01-15,474,2655,73,1663,401,992,0,0,411,1492,62,582,411,2074,California
Tuolumne,2021-01-16,7,2662,3,1666,4,996,0,0,6,1497,1,583,6,2080,California
Tuolumne,2021-01-17,8,2670,4,1670,4,1000,0,0,8,1505,0,583,8,2088,California
Tuolumne,2021-01-18,47,2717,38,1708,9,1009,0,0,10,1479,36,619,10,2098,California
Tuolumne,2021-01-19,479,3196,72,1780,407,1416,0,0,435,1870,44,663,435,2533,California
Tuolumne,2021-01-20,76,3272,58,1838,18,1434,0,0,24,1843,51,714,24,2557,California
Tuolumne,2021-01-21,58,3330,24,1862,34,1468,0,0,42,1869,16,730,42,2599,California
Tuolumne,2021-01-22,172,3502,17,1879,155,1623,0,0,164,2025,8,738,164,2763,California
Tuolumne,2021-01-23,653,4155,131,2010,522,2145,0,0,543,2474,110,848,559,3322,California
Tuolumne,2021-01-24,525,4680,2,2012,523,2668,0,0,521,2994,4,852,524,3846,California
Tuolumne,2021-01-25,51,4731,28,2040,23,2691,0,0,25,2994,26,878,26,3872,California
Tuolumne,2021-01-26,81,4812,68,2108,13,2704,0,0,40,2994,41,919,41,3913,California
Tuolumne,2021-01-27,61,4873,4,2112,57,2761,0,0,9,2952,51,970,9,3922,California
Tuolumne,2021-01-28,27,4900,6,2118,21,2782,0,0,18,2961,9,979,18,3940,California
Tuolumne,2021-01-29,74,4974,5,2123,69,2851,0,0,36,2959,38,1017,36,3976,California
Tuolumne,2021-01-30,723,5697,561,2684,162,3013,0,0,698,3651,25,1042,717,4693,California
Tuolumne,2021-01-31,9,5706,2,2686,7,3020,0,0,6,3654,3,1045,6,4699,California
Tuolumne,2021-02-01,27,5733,7,2693,20,3040,0,0,24,3675,3,1048,24,4723,California
Tuolumne,2021-02-02,656,6389,49,2742,607,3647,0,0,642,4307,11,1059,643,5366,California
Tuolumne,2021-02-03,247,6636,112,2854,135,3782,0,0,93,4246,154,1213,93,5459,California
Tuolumne,2021-02-04,126,6762,14,2868,112,3894,0,0,64,4248,62,1275,64,5523,California
Tuolumne,2021-02-05,104,6866,14,2882,90,3984,0,0,39,4223,64,1339,39,5562,California
Tuolumne,2021-02-06,872,7738,593,3475,279,4263,0,0,862,5081,10,1349,868,6430,California
Tuolumne,2021-02-07,8,7746,4,3479,4,4267,0,0,4,5081,4,1353,4,6434,California
Tuolumne,2021-02-08,95,7841,43,3522,52,4319,0,0,70,5126,25,1378,70,6504,California
Tuolumne,2021-02-09,864,8705,51,3573,813,5132,0,0,822,5906,42,1420,822,7326,California
Tuolumne,2021-02-10,96,8801,18,3591,78,5210,0,0,33,5878,61,1481,33,7359,California
Tuolumne,2021-02-11,148,8949,68,3659,80,5290,0,0,82,5894,66,1547,82,7441,California
Tuolumne,2021-02-12,652,9601,22,3681,630,5920,0,0,212,5667,439,1986,212,7653,California
Tuolumne,2021-02-13,159,9760,46,3727,113,6033,0,0,123,5755,35,2021,123,7776,California
Tuolumne,2021-02-14,152,9912,14,3741,138,6171,0,0,151,5905,1,2022,151,7927,California
Tuolumne,2021-02-15,189,10101,11,3752,178,6349,0,0,180,6076,9,2031,180,8107,California
Tuolumne,2021-02-16,533,10634,18,3770,515,6864,0,0,124,5797,405,2436,126,8233,California
Tuolumne,2021-02-17,112,10746,64,3834,48,6912,0,0,62,5810,49,2485,62,8295,California
Tuolumne,2021-02-18,689,11435,30,3864,659,7571,0,0,637,6396,52,2537,638,8933,California
Tuolumne,2021-02-19,147,11582,25,3889,122,7693,0,0,46,6341,101,2638,46,8979,California
Tuolumne,2021-02-20,914,12496,344,4233,570,8263,0,0,386,6221,510,3148,390,9369,California
Tuolumne,2021-02-21,991,13487,43,4276,948,9211,0,0,476,6192,511,3659,482,9851,California
Tuolumne,2021-02-22,82,13569,60,4336,22,9233,0,0,47,6206,33,3692,47,9898,California
Tuolumne,2021-02-23,49,13618,25,4361,24,9257,0,0,25,6208,23,3715,25,9923,California
Tuolumne,2021-02-24,104,13722,57,4418,47,9304,0,0,40,6186,63,3778,41,9964,California
Tuolumne,2021-02-25,1059,14781,36,4454,1023,10327,0,0,1024,7176,35,3813,1025,10989,California
Tuolumne,2021-02-26,154,14935,12,4466,142,10469,0,0,124,7271,30,3843,125,11114,California
Tuolumne,2021-02-27,963,15898,584,5050,379,10848,0,0,247,6827,696,4539,252,11366,California
Tuolumne,2021-02-28,56,15954,4,5054,52,10900,0,0,52,6876,3,4542,52,11418,California
Tuolumne,2021-03-01,121,16075,22,5076,98,10998,1,1,79,6916,41,4583,81,11499,California
Tuolumne,2021-03-02,715,16790,79,5155,636,11634,0,1,109,6420,605,5188,109,11608,California
Tuolumne,2021-03-03,97,16887,22,5177,75,11709,0,1,65,6454,31,5219,65,11673,California
Tuolumne,2021-03-04,1177,18064,77,5254,1100,12809,0,1,1108,7495,67,5286,1108,12781,California
Tuolumne,2021-03-05,93,18157,10,5264,83,12892,0,1,52,7508,40,5326,53,12834,California
Tuolumne,2021-03-06,1069,19226,610,5874,457,13349,2,3,201,6856,860,6186,208,13042,California
Tuolumne,2021-03-07,41,19267,12,5886,14,13363,15,18,18,6866,23,6209,33,13075,California
Tuolumne,2021-03-08,200,19467,91,5977,102,13465,7,25,142,6956,58,6267,148,13223,California
Tuolumne,2021-03-09,875,20342,19,5996,845,14310,11,36,66,6231,802,7069,77,13300,California
Tuolumne,2021-03-10,101,20443,19,6015,71,14381,11,47,54,6249,47,7116,65,13365,California
Tuolumne,2021-03-11,1308,21751,45,6060,1257,15638,6,53,1256,7460,52,7168,1263,14628,California
Tuolumne,2021-03-12,317,22068,44,6104,258,15896,15,68,191,7545,124,7292,209,14837,California
Tuolumne,2021-03-13,119,22187,12,6116,107,16003,0,68,83,7594,35,7327,84,14921,California
Tuolumne,2021-03-14,149,22336,10,6126,130,16133,9,77,6,7471,143,7470,20,14941,California
Tuolumne,2021-03-15,305,22641,83,6209,219,16352,3,80,104,7386,200,7670,115,15056,California
Tuolumne,2021-03-16,812,23453,41,6250,760,17112,11,91,673,7933,138,7808,685,15741,California
Tuolumne,2021-03-17,156,23609,33,6283,110,17222,13,104,79,7949,76,7884,92,15833,California
Tuolumne,2021-03-18,953,24562,27,6310,912,18134,14,118,316,7647,632,8516,330,16163,California
Tuolumne,2021-03-19,138,24700,19,6329,89,18223,30,148,75,7690,62,8578,105,16268,California
Tuolumne,2021-03-20,93,24793,8,6337,75,18298,10,158,38,7683,54,8632,47,16315,California
Tuolumne,2021-03-21,843,25636,395,6732,438,18736,10,168,38,6944,789,9421,50,16365,California
Tuolumne,2021-03-22,167,25803,75,6807,73,18809,19,187,97,6992,69,9490,117,16482,California
Tuolumne,2021-03-23,717,26520,641,7448,62,18871,14,201,678,7645,38,9528,691,17173,California
Tuolumne,2021-03-24,112,26632,22,7470,72,18943,18,219,78,7708,33,9561,96,17269,California
Tuolumne,2021-03-25,1303,27935,24,7494,1276,20219,3,222,325,7063,973,10534,328,17597,California
Tuolumne,2021-03-26,281,28216,19,7513,238,20457,24,246,119,7057,150,10684,144,17741,California
Tuolumne,2021-03-27,588,28804,55,7568,533,20990,0,246,318,7113,265,10949,321,18062,California
Tuolumne,2021-03-28,47,28851,6,7574,41,21031,0,246,8,7084,38,10987,9,18071,California
Tuolumne,2021-03-29,210,29061,87,7661,123,21154,0,246,111,7099,96,11083,111,18182,California
Tuolumne,2021-03-30,170,29231,13,7674,156,21310,1,247,124,7179,45,11128,125,18307,California
Tuolumne,2021-03-31,97,29328,14,7688,81,21391,2,249,40,7166,55,11183,42,18349,California
Tuolumne,2021-04-01,1254,30582,30,7718,1224,22615,0,249,229,6373,1022,12205,229,18578,California
Tuolumne,2021-04-02,171,30753,12,7730,133,22748,26,275,93,6417,75,12280,119,18697,California
Tuolumne,2021-04-03,437,31190,36,7766,399,23147,2,277,245,6474,189,12469,246,18943,California
Tuolumne,2021-04-04,34,31224,4,7770,30,23177,0,277,21,6484,11,12480,21,18964,California
Tuolumne,2021-04-05,131,31355,19,7789,105,23282,7,284,58,6476,73,12553,65,19029,California
Tuolumne,2021-04-06,655,32010,518,8307,110,23392,27,311,517,6885,137,12690,546,19575,California
Tuolumne,2021-04-07,130,32140,38,8345,75,23467,17,328,50,6872,80,12770,67,19642,California
Tuolumne,2021-04-08,1454,33594,36,8381,1403,24870,15,343,251,5940,1198,13968,266,19908,California
Tuolumne,2021-04-09,279,33873,44,8425,190,25060,45,388,133,5975,146,14114,181,20089,California
Tuolumne,2021-04-10,56,33929,2,8427,34,25094,20,408,23,5986,32,14146,43,20132,California
Tuolumne,2021-04-11,18,33947,3,8430,12,25106,3,411,12,5995,6,14152,15,20147,California
Tuolumne,2021-04-12,172,34119,66,8496,101,25207,5,416,89,6011,78,14230,94,20241,California
Tuolumne,2021-04-13,790,34909,35,8531,755,25962,0,416,171,5571,611,14841,171,20412,California
Tuolumne,2021-04-14,159,35068,32,8563,127,26089,0,416,79,5575,76,14917,80,20492,California
Tuolumne,2021-04-15,346,35414,22,8585,324,26413,0,416,61,5358,278,15195,61,20553,California
Tuolumne,2021-04-16,261,35675,56,8641,205,26618,0,416,143,5394,108,15303,144,20697,California
Tuolumne,2021-04-17,44,35719,6,8647,38,26656,0,416,28,5406,16,15319,28,20725,California
Tuolumne,2021-04-18,10,35729,3,8650,7,26663,0,416,5,5407,5,15324,6,20731,California
Tuolumne,2021-04-19,177,35906,79,8729,98,26761,0,416,97,5426,78,15402,97,20828,California
Tuolumne,2021-04-20,714,36620,618,9347,96,26857,0,416,75,4870,631,16033,75,20903,California
Tuolumne,2021-04-21,123,36743,28,9375,95,26952,0,416,65,4883,52,16085,65,20968,California
Tuolumne,2021-04-22,711,37454,46,9421,665,27617,0,416,429,5041,272,16357,430,21398,California
Tuolumne,2021-04-23,179,37633,31,9452,148,27765,0,416,82,5033,91,16448,83,21481,California
Tuolumne,2021-04-24,79,37712,18,9470,61,27826,0,416,50,5054,29,16477,50,21531,California
Tuolumne,2021-04-25,26,37738,10,9480,16,27842,0,416,23,5074,3,16480,23,21554,California
Tuolumne,2021-04-26,159,37897,56,9536,103,27945,0,416,74,5066,83,16563,75,21629,California
Tuolumne,2021-04-27,144,38041,23,9559,114,28059,7,423,65,5062,76,16639,72,21701,California
Tuolumne,2021-04-28,120,38161,24,9583,84,28143,12,435,63,5081,56,16695,75,21776,California
Tuolumne,2021-04-29,285,38446,21,9604,256,28399,8,443,57,4922,224,16919,65,21841,California
Tuolumne,2021-04-30,373,38819,26,9630,335,28734,12,455,73,4711,296,17215,85,21926,California
Tuolumne,2021-05-01,25,38844,7,9637,13,28747,5,460,16,4723,9,17224,21,21947,California
Tuolumne,2021-05-02,26,38870,3,9640,21,28768,2,462,19,4737,7,17231,21,21968,California
Tuolumne,2021-05-03,111,38981,15,9655,91,28859,5,467,37,4707,72,17303,42,22010,California
Tuolumne,2021-05-04,709,39690,601,10256,103,28962,5,472,214,4432,493,17796,218,22228,California
Tuolumne,2021-05-05,110,39800,26,10282,78,29040,6,478,58,4448,48,17844,64,22292,California
Tuolumne,2021-05-06,292,40092,15,10297,261,29301,16,494,43,4262,244,18088,58,22350,California
Tuolumne,2021-05-07,329,40421,25,10322,296,29597,8,502,63,4068,265,18353,71,22421,California
Tuolumne,2021-05-08,50,40471,6,10328,40,29637,4,506,32,4086,18,18371,36,22457,California
Tuolumne,2021-05-09,17,40488,2,10330,13,29650,2,508,3,4077,14,18385,5,22462,California
Tuolumne,2021-05-10,114,40602,45,10375,64,29714,5,513,32,4033,81,18466,37,22499,California
Tuolumne,2021-05-11,204,40806,61,10436,131,29845,12,525,55,3953,147,18613,67,22566,California
Tuolumne,2021-05-12,134,40940,23,10459,107,29952,4,529,51,3925,83,18696,55,22621,California
Tuolumne,2021-05-13,117,41057,19,10478,90,30042,8,537,73,3961,44,18740,80,22701,California
Tuolumne,2021-05-14,207,41264,76,10554,120,30162,11,548,107,3981,98,18838,118,22819,California
Tuolumne,2021-05-15,59,41323,16,10570,36,30198,7,555,20,3970,39,18877,28,22847,California
Tuolumne,2021-05-16,28,41351,8,10578,18,30216,2,557,13,3971,14,18891,15,22862,California
Tuolumne,2021-05-17,110,41461,30,10608,77,30293,3,560,47,3959,63,18954,51,22913,California
Tuolumne,2021-05-18,181,41642,57,10665,77,30370,47,607,60,3946,120,19074,107,23020,California
Tuolumne,2021-05-19,118,41760,20,10685,65,30435,33,640,46,3953,72,19146,79,23099,California
Tuolumne,2021-05-20,411,42171,21,10706,383,30818,7,647,52,3655,357,19503,59,23158,California
Tuolumne,2021-05-21,200,42371,94,10800,101,30919,5,652,119,3700,79,19582,124,23282,California
Tuolumne,2021-05-22,57,42428,18,10818,33,30952,6,658,24,3697,32,19614,29,23311,California
Tuolumne,2021-05-23,27,42455,7,10825,19,30971,1,659,10,3691,17,19631,11,23322,California
Tuolumne,2021-05-24,138,42593,43,10868,89,31060,6,665,53,3666,84,19715,59,23381,California
Tuolumne,2021-05-25,297,42890,222,11090,69,31129,6,671,111,3599,184,19899,117,23498,California
Tuolumne,2021-05-26,87,42977,23,11113,63,31192,1,672,37,3587,50,19949,38,23536,California
Tuolumne,2021-05-27,76,43053,15,11128,59,31251,2,674,31,3576,44,19993,33,23569,California
Tuolumne,2021-05-28,111,43164,51,11179,59,31310,1,675,64,3597,44,20037,65,23634,California
Tuolumne,2021-05-29,38,43202,7,11186,25,31335,6,681,17,3599,21,20058,23,23657,California
Tuolumne,2021-05-30,18,43220,1,11187,14,31349,3,684,4,3592,14,20072,7,23664,California
Tuolumne,2021-05-31,10,43230,2,11189,7,31356,1,685,2,3587,8,20080,3,23667,California
Tuolumne,2021-06-01,79,43309,22,11211,53,31409,4,689,25,3563,53,20133,29,23696,California
Tuolumne,2021-06-02,74,43383,8,11219,58,31467,8,697,23,3544,50,20183,31,23727,California
Tuolumne,2021-06-03,75,43458,25,11244,35,31502,15,712,23,3532,50,20233,38,23765,California
Tuolumne,2021-06-04,131,43589,62,11306,66,31568,3,715,38,3482,91,20324,41,23806,California
Tuolumne,2021-06-05,43,43632,11,11317,30,31598,2,717,17,3475,26,20350,19,23825,California
Tuolumne,2021-06-06,19,43651,5,11322,7,31605,7,724,4,3471,15,20365,11,23836,California
Tuolumne,2021-06-07,60,43711,14,11336,38,31643,8,732,27,3473,33,20398,35,23871,California
Tuolumne,2021-06-08,74,43785,22,11358,51,31694,1,733,27,3456,45,20443,28,23899,California
Tuolumne,2021-06-09,87,43872,45,11403,32,31726,10,743,40,3460,46,20489,50,23949,California
Tuolumne,2021-06-10,98,43970,15,11418,76,31802,7,750,27,3423,71,20560,34,23983,California
Tuolumne,2021-06-11,103,44073,48,11466,52,31854,3,753,25,3374,77,20637,28,24011,California
Tuolumne,2021-06-12,61,44134,20,11486,25,31879,16,769,18,3367,41,20678,34,24045,California
Tuolumne,2021-06-13,17,44151,2,11488,10,31889,5,774,3,3361,14,20692,8,24053,California
Tuolumne,2021-06-14,100,44251,33,11521,63,31952,4,778,52,3369,48,20740,56,24109,California
Tuolumne,2021-06-15,130,44381,82,11603,39,31991,9,787,21,3292,107,20847,30,24139,California
Tuolumne,2021-06-16,96,44477,47,11650,46,32037,3,790,54,3308,41,20888,57,24196,California
Tuolumne,2021-06-17,45,44522,10,11660,34,32071,1,791,17,3298,28,20916,18,24214,California
Tuolumne,2021-06-18,172,44694,95,11755,63,32134,14,805,61,3262,110,21026,74,24288,California
Tuolumne,2021-06-19,25,44719,9,11764,13,32147,3,808,10,3260,15,21041,13,24301,California
Tuolumne,2021-06-20,13,44732,2,11766,11,32158,0,808,10,3267,3,21044,10,24311,California
Tuolumne,2021-06-21,40,44772,4,11770,35,32193,1,809,20,3268,20,21064,21,24332,California
Tuolumne,2021-06-22,45,44817,11,11781,34,32227,0,809,22,3268,22,21086,22,24354,California
Tuolumne,2021-06-23,62,44879,5,11786,37,32264,20,829,26,3278,36,21122,46,24400,California
Tuolumne,2021-06-24,46,44925,14,11800,26,32290,6,835,17,3273,29,21151,24,24424,California
Tuolumne,2021-06-25,52,44977,28,11828,19,32309,5,840,27,3279,25,21176,31,24455,California
Tuolumne,2021-06-26,12,44989,5,11833,7,32316,0,840,7,3281,5,21181,7,24462,California
Tuolumne,2021-06-27,7,44996,2,11835,5,32321,0,840,7,3288,0,21181,7,24469,California
Tuolumne,2021-06-28,31,45027,11,11846,15,32336,5,845,21,3304,10,21191,26,24495,California
Tuolumne,2021-06-29,27,45054,10,11856,15,32351,2,847,15,3309,12,21203,17,24512,California
Tuolumne,2021-06-30,69,45123,32,11888,36,32387,1,848,18,3278,50,21253,19,24531,California
Tuolumne,2021-07-01,31,45154,10,11898,14,32401,7,855,18,3290,13,21266,25,24556,California
Tuolumne,2021-07-02,54,45208,22,11920,26,32427,6,861,38,3318,16,21282,44,24600,California
Tuolumne,2021-07-03,8,45216,4,11924,4,32431,0,861,5,3320,3,21285,5,24605,California
Tuolumne,2021-07-05,12,45228,1,11925,11,32442,0,861,5,3318,7,21292,5,24610,California
Ventura,2020-12-15,5,5,5,5,0,0,0,0,5,5,0,0,5,5,California
Ventura,2020-12-16,75,80,75,80,0,0,0,0,75,80,0,0,75,80,California
Ventura,2020-12-17,315,395,315,395,0,0,0,0,315,395,0,0,315,395,California
Ventura,2020-12-18,1599,1994,1599,1994,0,0,0,0,1599,1994,0,0,1599,1994,California
Ventura,2020-12-19,987,2981,986,2980,1,1,0,0,987,2981,0,0,987,2981,California
Ventura,2020-12-20,458,3439,458,3438,0,1,0,0,458,3439,0,0,458,3439,California
Ventura,2020-12-21,1516,4955,1516,4954,0,1,0,0,1516,4955,0,0,1516,4955,California
Ventura,2020-12-22,1160,6115,1154,6108,6,7,0,0,1160,6115,0,0,1160,6115,California
Ventura,2020-12-23,1088,7203,1038,7146,50,57,0,0,1088,7203,0,0,1088,7203,California
Ventura,2020-12-24,478,7681,378,7524,100,157,0,0,478,7681,0,0,478,7681,California
Ventura,2020-12-25,12,7693,7,7531,5,162,0,0,12,7693,0,0,12,7693,California
Ventura,2020-12-26,112,7805,91,7622,21,183,0,0,112,7805,0,0,112,7805,California
Ventura,2020-12-27,59,7864,27,7649,32,215,0,0,59,7864,0,0,59,7864,California
Ventura,2020-12-28,1093,8957,950,8599,143,358,0,0,1093,8957,0,0,1093,8957,California
Ventura,2020-12-29,1186,10143,776,9375,410,768,0,0,1185,10142,0,0,1185,10142,California
Ventura,2020-12-30,1998,12141,1531,10906,467,1235,0,0,1998,12140,0,0,1998,12140,California
Ventura,2020-12-31,486,12627,165,11071,321,1556,0,0,481,12616,5,5,481,12621,California
Ventura,2021-01-01,41,12668,19,11090,22,1578,0,0,41,12657,0,5,41,12662,California
Ventura,2021-01-02,176,12844,81,11171,95,1673,0,0,176,12833,0,5,176,12838,California
Ventura,2021-01-03,19,12863,8,11179,11,1684,0,0,19,12852,0,5,19,12857,California
Ventura,2021-01-04,1034,13897,493,11672,541,2225,0,0,1032,13884,0,5,1032,13889,California
Ventura,2021-01-05,1380,15277,783,12455,597,2822,0,0,1268,15043,109,114,1268,15157,California
Ventura,2021-01-06,2071,17348,1188,13643,883,3705,0,0,1570,16123,492,606,1572,16729,California
Ventura,2021-01-07,2085,19433,1333,14976,752,4457,0,0,1041,16126,1039,1645,1042,17771,California
Ventura,2021-01-08,2204,21637,1477,16453,727,5184,0,0,908,15742,1294,2939,910,18681,California
Ventura,2021-01-09,724,22361,503,16956,221,5405,0,0,318,15654,406,3345,318,18999,California
Ventura,2021-01-10,343,22704,326,17282,17,5422,0,0,129,15569,214,3559,129,19128,California
Ventura,2021-01-11,2461,25165,1493,18775,968,6390,0,0,1508,16128,953,4512,1512,20640,California
Ventura,2021-01-12,3053,28218,1616,20391,1437,7827,0,0,1933,16941,1120,5632,1933,22573,California
Ventura,2021-01-13,2948,31166,1435,21826,1513,9340,0,0,2038,18073,907,6539,2039,24612,California
Ventura,2021-01-14,2793,33959,1106,22932,1687,11027,0,0,2330,19942,462,7001,2331,26943,California
Ventura,2021-01-15,2902,36861,970,23902,1932,12959,0,0,2687,22415,215,7216,2688,29631,California
Ventura,2021-01-16,491,37352,188,24090,303,13262,0,0,411,22746,80,7296,411,30042,California
Ventura,2021-01-17,269,37621,140,24230,129,13391,0,0,262,23002,6,7302,262,30304,California
Ventura,2021-01-18,2221,39842,1667,25897,554,13945,0,0,1670,24123,550,7852,1671,31975,California
Ventura,2021-01-19,3063,42905,2132,28029,931,14876,0,0,2151,25365,912,8764,2154,34129,California
Ventura,2021-01-20,4182,47087,3215,31244,967,15843,0,0,3085,27358,1093,9857,3086,37215,California
Ventura,2021-01-21,3892,50979,2709,33953,1183,17026,0,0,3208,29892,676,10533,3210,40425,California
Ventura,2021-01-22,3645,54624,2510,36463,1135,18161,0,0,3477,33201,168,10701,3477,43902,California
Ventura,2021-01-23,1193,55817,652,37115,541,18702,0,0,1092,34195,100,10801,1094,44996,California
Ventura,2021-01-24,458,56275,136,37251,322,19024,0,0,445,34627,13,10814,445,45441,California
Ventura,2021-01-25,3178,59453,2039,39290,1139,20163,0,0,2617,36685,560,11374,2618,48059,California
Ventura,2021-01-26,3737,63190,2212,41502,1525,21688,0,0,2726,38405,1007,12381,2727,50786,California
Ventura,2021-01-27,3504,66694,1568,43070,1936,23624,0,0,2750,40407,750,13131,2752,53538,California
Ventura,2021-01-28,3904,70598,2005,45075,1899,25523,0,0,3278,43078,610,13741,3281,56819,California
Ventura,2021-01-29,4302,74900,2537,47612,1765,27288,0,0,3790,46370,498,14239,3790,60609,California
Ventura,2021-01-30,3046,77946,1955,49567,1091,28379,0,0,2872,49073,170,14409,2873,63482,California
Ventura,2021-01-31,835,78781,443,50010,392,28771,0,0,746,49731,88,14497,746,64228,California
Ventura,2021-02-01,3989,82770,2113,52123,1876,30647,0,0,3203,52158,778,15275,3205,67433,California
Ventura,2021-02-02,4448,87218,2379,54502,2069,32716,0,0,3411,54543,1029,16304,3414,70847,California
Ventura,2021-02-03,4488,91706,2096,56598,2392,35108,0,0,3457,56976,1026,17330,3459,74306,California
Ventura,2021-02-04,4833,96539,2312,58910,2521,37629,0,0,3547,59249,1278,18608,3551,77857,California
Ventura,2021-02-05,4926,101465,2391,61301,2535,40164,0,0,3376,61092,1536,20144,3379,81236,California
Ventura,2021-02-06,2862,104327,1522,62823,1340,41504,0,0,2456,63142,406,20550,2456,83692,California
Ventura,2021-02-07,748,105075,248,63071,500,42004,0,0,622,63639,126,20676,623,84315,California
Ventura,2021-02-08,3534,108609,1634,64705,1900,43904,0,0,2440,64994,1086,21762,2441,86756,California
Ventura,2021-02-09,4761,113370,1980,66685,2781,46685,0,0,2489,65218,2269,24031,2493,89249,California
Ventura,2021-02-10,4774,118144,2258,68943,2516,49201,0,0,2398,65255,2362,26393,2399,91648,California
Ventura,2021-02-11,4726,122870,1883,70826,2843,52044,0,0,2475,65491,2242,28635,2478,94126,California
Ventura,2021-02-12,6400,129270,2697,73523,3703,55747,0,0,3266,65630,3127,31762,3266,97392,California
Ventura,2021-02-13,3333,132603,1846,75369,1487,57234,0,0,1859,66021,1470,33232,1861,99253,California
Ventura,2021-02-14,1235,133838,126,75495,1109,58343,0,0,1015,66819,219,33451,1017,100270,California
Ventura,2021-02-15,4046,137884,1834,77329,2212,60555,0,0,2133,67046,1908,35359,2135,102405,California
Ventura,2021-02-16,5611,143495,2746,80075,2865,63420,0,0,3040,67526,2561,37920,3041,105446,California
Ventura,2021-02-17,5360,148855,1943,82018,3417,66837,0,0,3359,68894,1991,39911,3359,108805,California
Ventura,2021-02-18,5829,154684,1848,83866,3981,70818,0,0,3657,70395,2156,42067,3657,112462,California
Ventura,2021-02-19,6570,161254,3835,87701,2735,73553,0,0,3039,69916,3524,45591,3045,115507,California
Ventura,2021-02-20,5009,166263,3224,90925,1785,75338,0,0,2788,70504,2204,47795,2792,118299,California
Ventura,2021-02-21,1149,167412,843,91768,306,75644,0,0,476,70313,667,48462,476,118775,California
Ventura,2021-02-22,5681,173093,2529,94297,3152,78796,0,0,3625,71905,2035,50497,3627,122402,California
Ventura,2021-02-23,6176,179269,3067,97364,3109,81905,0,0,3533,72822,2620,53117,3537,125939,California
Ventura,2021-02-24,7209,186478,2651,100015,4558,86463,0,0,4326,74288,2862,55979,4328,130267,California
Ventura,2021-02-25,7641,194119,2581,102596,5060,91523,0,0,4593,75853,3033,59012,4598,134865,California
Ventura,2021-02-26,9482,203601,2784,105380,6698,98221,0,0,6173,78748,3282,62294,6177,141042,California
Ventura,2021-02-27,10623,214224,5298,110678,5325,103546,0,0,7967,84088,2637,64931,7977,149019,California
Ventura,2021-02-28,2582,216806,1649,112327,932,104478,1,1,2099,85713,475,65406,2100,151119,California
Ventura,2021-03-01,7184,223990,2862,115189,4319,108797,3,4,4768,88103,2394,67800,4784,155903,California
Ventura,2021-03-02,7747,231737,4049,119238,3696,112493,2,6,5425,91219,2310,70110,5426,161329,California
Ventura,2021-03-03,8718,240455,3934,123172,4781,117274,3,9,6135,94800,2561,72671,6142,167471,California
Ventura,2021-03-04,8326,248781,3890,127062,4436,121710,0,9,5610,97715,2700,75371,5615,173086,California
Ventura,2021-03-05,10110,258891,4819,131881,5279,126989,12,21,7187,102021,2906,78277,7212,180298,California
Ventura,2021-03-06,7805,266696,4406,136287,3245,130234,154,175,5815,106012,1982,80259,5973,186271,California
Ventura,2021-03-07,1671,268367,620,136907,950,131184,101,276,1251,106946,420,80679,1354,187625,California
Ventura,2021-03-08,6868,275235,3446,140353,3265,134449,157,433,4744,109738,2113,82792,4905,192530,California
Ventura,2021-03-09,6897,282132,3034,143387,3663,138112,200,633,3991,111045,2890,85682,4197,196727,California
Ventura,2021-03-10,7058,289190,3024,146411,3792,141904,242,875,4701,113646,2342,88024,4943,201670,California
Ventura,2021-03-11,6586,295776,2909,149320,3358,145262,319,1194,3583,114564,2983,91007,3901,205571,California
Ventura,2021-03-12,8762,304538,3061,152381,4856,150118,845,2039,4276,115216,4461,95468,5113,210684,California
Ventura,2021-03-13,7318,311856,2515,154896,3957,154075,846,2885,4341,117438,2963,98431,5185,215869,California
Ventura,2021-03-14,2146,314002,488,155384,1162,155237,496,3381,728,117247,1415,99846,1224,217093,California
Ventura,2021-03-15,7132,321134,2058,157442,3725,158962,1349,4730,3140,117770,3961,103807,4484,221577,California
Ventura,2021-03-16,8197,329331,2468,159910,4613,163575,1116,5846,4211,119125,3969,107776,5324,226901,California
Ventura,2021-03-17,7751,337082,2810,162720,4592,168167,349,6195,4706,121158,3023,110799,5056,231957,California
Ventura,2021-03-18,7611,344693,3310,166030,4148,172315,153,6348,4999,123712,2598,113397,5152,237109,California
Ventura,2021-03-19,8720,353413,3835,169865,4771,177086,114,6462,5287,125709,3402,116799,5399,242508,California
Ventura,2021-03-20,8937,362350,5955,175820,2959,180045,23,6485,4649,126121,4261,121060,4673,247181,California
Ventura,2021-03-21,2813,365163,1531,177351,910,180955,372,6857,1317,126324,1482,122542,1685,248866,California
Ventura,2021-03-22,7467,372630,3739,181090,3625,184580,103,6960,4911,128809,2531,125073,5016,253882,California
Ventura,2021-03-23,8297,380927,3954,185044,4270,188850,73,7033,4628,129880,3629,128702,4700,258582,California
Ventura,2021-03-24,8979,389906,3442,188486,5459,194309,78,7111,4440,129905,4497,133199,4522,263104,California
Ventura,2021-03-25,8878,398784,3934,192420,4840,199149,104,7215,4485,130123,4370,137569,4588,267692,California
Ventura,2021-03-26,9999,408783,3386,195806,5959,205108,654,7869,4017,128848,5943,143512,4668,272360,California
Ventura,2021-03-27,8804,417587,3953,199759,4808,209916,43,7912,2434,124997,6329,149841,2478,274838,California
Ventura,2021-03-28,2550,420137,1431,201190,1110,211026,9,7921,1377,125216,1167,151008,1386,276224,California
Ventura,2021-03-29,8663,428800,4327,205517,4290,215316,46,7967,4275,125182,4355,155363,4321,280545,California
Ventura,2021-03-30,9042,437842,4484,210001,4427,219743,131,8098,4395,125080,4628,159991,4526,285071,California
Ventura,2021-03-31,10871,448713,4881,214882,5361,225104,629,8727,4687,124242,6150,166141,5312,290383,California
Ventura,2021-04-01,10961,459674,5314,220196,4758,229862,889,9616,5535,125283,5376,171517,6417,296800,California
Ventura,2021-04-02,11879,471553,4672,224868,5862,235724,1345,10961,5695,126178,6146,177663,7041,303841,California
Ventura,2021-04-03,8165,479718,4044,228912,2942,238666,1179,12140,3445,126091,4702,182365,4615,308456,California
Ventura,2021-04-04,1723,481441,964,229876,624,239290,135,12275,1148,126806,568,182933,1283,309739,California
Ventura,2021-04-05,9482,490923,4885,234761,3476,242766,1121,13396,4837,128132,4629,187562,5955,315694,California
Ventura,2021-04-06,11028,501951,5581,240342,3946,246712,1501,14897,5663,129961,5335,192897,7164,322858,California
Ventura,2021-04-07,11528,513479,5422,245764,4591,251303,1515,16412,5265,130494,6241,199138,6774,329632,California
Ventura,2021-04-08,10510,523989,5307,251071,4219,255522,984,17396,5248,131478,5235,204373,6219,335851,California
Ventura,2021-04-09,11411,535400,4407,255478,5272,260794,1732,19128,4997,131812,6385,210758,6719,342570,California
Ventura,2021-04-10,9886,545286,4177,259655,3537,264331,2172,21300,3069,130251,6796,217554,5235,347805,California
Ventura,2021-04-11,2457,547743,862,260517,1017,265348,578,21878,688,129757,1758,219312,1264,349069,California
Ventura,2021-04-12,9125,556868,4542,265059,3748,269096,835,22713,3822,129126,5282,224594,4651,353720,California
Ventura,2021-04-13,8971,565839,4574,269633,4391,273487,6,22719,3791,127783,5140,229734,3797,357517,California
Ventura,2021-04-14,8908,574747,4149,273782,4744,278231,15,22734,3410,125759,5455,235189,3431,360948,California
Ventura,2021-04-15,9537,584284,4611,278393,4899,283130,27,22761,4104,124498,5393,240582,4132,365080,California
Ventura,2021-04-16,10366,594650,4579,282972,5785,288915,2,22763,4869,123905,5469,246051,4876,369956,California
Ventura,2021-04-17,9085,603735,5429,288401,3642,292557,14,22777,5285,125421,3783,249834,5299,375255,California
Ventura,2021-04-18,2243,605978,1104,289505,1139,293696,0,22777,969,125126,1265,251099,970,376225,California
Ventura,2021-04-19,8184,614162,4886,294391,3295,296991,3,22780,4699,126371,3458,254557,4703,380928,California
Ventura,2021-04-20,9596,623758,5105,299496,4486,301477,5,22785,4526,125862,5040,259597,4531,385459,California
Ventura,2021-04-21,9247,633005,4816,304312,4425,305902,6,22791,4426,125497,4796,264393,4431,389890,California
Ventura,2021-04-22,10211,643216,5590,309902,4620,310522,1,22792,4539,124391,5648,270041,4542,394432,California
Ventura,2021-04-23,11048,654264,5513,315415,5534,316056,1,22793,5492,124359,5526,275567,5494,399926,California
Ventura,2021-04-24,10585,664849,5917,321332,4668,320724,0,22793,6215,126226,4349,279916,6216,406142,California
Ventura,2021-04-25,2492,667341,1719,323051,773,321497,0,22793,1159,126056,1329,281245,1159,407301,California
Ventura,2021-04-26,8031,675372,4615,327666,3349,324846,67,22860,3339,124795,4662,285907,3401,410702,California
Ventura,2021-04-27,9220,684592,5149,332815,3843,328689,228,23088,3472,122768,5726,291633,3699,414401,California
Ventura,2021-04-28,8444,693036,4897,337712,3226,331915,321,23409,3312,121302,5100,296733,3634,418035,California
Ventura,2021-04-29,7966,701002,4298,342010,3404,335319,264,23673,2833,119294,5104,301837,3096,421131,California
Ventura,2021-04-30,9547,710549,5520,347530,3752,339071,275,23948,3936,117920,5575,307412,4201,425332,California
Ventura,2021-05-01,5157,715706,3645,351175,1405,340476,107,24055,2040,116977,3086,310498,2143,427475,California
Ventura,2021-05-02,2138,717844,1431,352606,616,341092,91,24146,1036,117009,1096,311594,1128,428603,California
Ventura,2021-05-03,6338,724182,3892,356498,2157,343249,289,24435,1982,114948,4332,315926,2271,430874,California
Ventura,2021-05-04,6459,730641,3381,359879,2780,346029,298,24733,2326,113455,4118,320044,2625,433499,California
Ventura,2021-05-05,5475,736116,3067,362946,2147,348176,261,24994,1957,112180,3486,323530,2211,435710,California
Ventura,2021-05-06,6246,742362,3221,366167,2756,350932,269,25263,1995,110215,4230,327760,2265,437975,California
Ventura,2021-05-07,6919,749281,3469,369636,3175,354107,275,25538,2356,108311,4534,332294,2630,440605,California
Ventura,2021-05-08,5419,754700,4216,373852,1045,355152,158,25696,1221,105506,4182,336476,1377,441982,California
Ventura,2021-05-09,1129,755829,822,374674,261,355413,46,25742,428,105286,693,337169,473,442455,California
Ventura,2021-05-10,6157,761986,4111,378785,1836,357249,210,25952,1385,102122,4758,341927,1594,444049,California
Ventura,2021-05-11,5357,767343,3305,382090,1828,359077,224,26176,1503,100006,3842,345769,1726,445775,California
Ventura,2021-05-12,5072,772415,2993,385083,1859,360936,220,26396,1535,98240,3521,349290,1755,447530,California
Ventura,2021-05-13,6372,778787,3861,388944,2304,363240,207,26603,2274,96644,4080,353370,2484,450014,California
Ventura,2021-05-14,7509,786296,4655,393599,2635,365875,219,26822,2832,95032,4658,358028,3046,453060,California
Ventura,2021-05-15,6755,793051,5391,398990,1276,367151,88,26910,2805,94002,3923,361951,2893,455953,California
Ventura,2021-05-16,2203,795254,1711,400701,440,367591,52,26962,1040,93936,1158,363109,1092,457045,California
Ventura,2021-05-17,5895,801149,3560,404261,2121,369712,214,27176,2403,93078,3474,366583,2616,459661,California
Ventura,2021-05-18,5421,806570,3168,407429,2073,371785,180,27356,2131,92117,3271,369854,2310,461971,California
Ventura,2021-05-19,5840,812410,3525,410954,2104,373889,211,27567,2357,91228,3453,373307,2564,464535,California
Ventura,2021-05-20,5495,817905,3050,414004,2287,376176,158,27725,2130,90179,3333,376640,2284,466819,California
Ventura,2021-05-21,7941,825846,4473,418477,3292,379468,176,27901,2560,87568,5348,381988,2737,469556,California
Ventura,2021-05-22,5649,831495,2888,421365,2686,382154,75,27976,1761,85526,3878,385866,1836,471392,California
Ventura,2021-05-23,1993,833488,1529,422894,392,382546,72,28048,743,85100,1241,387107,815,472207,California
Ventura,2021-05-24,4546,838034,2465,425359,1913,384459,168,28216,1450,83638,3077,390184,1615,473822,California
Ventura,2021-05-25,4295,842329,2229,427588,1914,386373,152,28368,1413,82339,2863,393047,1564,475386,California
Ventura,2021-05-26,4295,846624,2286,429874,1843,388216,166,28534,1653,81540,2619,395666,1820,477206,California
Ventura,2021-05-27,3874,850498,1911,431785,1835,390051,128,28662,1380,80566,2481,398147,1507,478713,California
Ventura,2021-05-28,4569,855067,2480,434265,1895,391946,194,28856,1977,80159,2572,400719,2165,480878,California
Ventura,2021-05-29,2154,857221,1349,435614,738,392684,67,28923,1042,80169,1099,401818,1109,481987,California
Ventura,2021-05-30,916,858137,586,436200,276,392960,54,28977,360,80031,551,402369,413,482400,California
Ventura,2021-05-31,257,858394,138,436338,110,393070,9,28986,61,79905,196,402565,70,482470,California
Ventura,2021-06-01,4015,862409,2284,438622,1565,394635,166,29152,1291,78663,2699,405264,1457,483927,California
Ventura,2021-06-02,2969,865378,1633,440255,1200,395835,136,29288,1007,77860,1946,407210,1143,485070,California
Ventura,2021-06-03,3246,868624,2008,442263,1083,396918,155,29443,884,76549,2349,409559,1038,486108,California
Ventura,2021-06-04,4594,873218,3023,445286,1410,398328,161,29604,1418,74965,3162,412721,1578,487686,California
Ventura,2021-06-05,3821,877039,3192,448478,565,398893,64,29668,1154,73530,2654,415375,1219,488905,California
Ventura,2021-06-06,1254,878293,1074,449552,135,399028,45,29713,284,72899,959,416334,328,489233,California
Ventura,2021-06-07,3170,881463,2360,451912,699,399727,111,29824,946,71747,2209,418543,1057,490290,California
Ventura,2021-06-08,3029,884492,1993,453905,901,400628,135,29959,885,70639,2128,420671,1020,491310,California
Ventura,2021-06-09,2943,887435,2047,455952,790,401418,106,30065,762,69339,2167,422838,867,492177,California
Ventura,2021-06-10,3034,890469,2122,458074,810,402228,102,30167,810,68038,2211,425049,910,493087,California
Ventura,2021-06-11,3478,893947,2395,460469,946,403174,137,30304,981,66667,2486,427535,1115,494202,California
Ventura,2021-06-12,2156,896103,1690,462159,420,403594,46,30350,516,65599,1630,429165,562,494764,California
Ventura,2021-06-13,1019,897122,781,462940,174,403768,64,30414,236,65120,781,429946,302,495066,California
Ventura,2021-06-14,2644,899766,1805,464745,708,404476,131,30545,815,64248,1817,431763,945,496011,California
Ventura,2021-06-15,2433,902199,1569,466314,753,405229,111,30656,849,63635,1571,433334,958,496969,California
Ventura,2021-06-16,2485,904684,1822,468136,558,405787,105,30761,829,62931,1637,434971,933,497902,California
Ventura,2021-06-17,2223,906907,1557,469693,566,406353,100,30861,818,62452,1397,436368,918,498820,California
Ventura,2021-06-18,2962,909869,2088,471781,749,407102,125,30986,977,61583,1970,438338,1101,499921,California
Ventura,2021-06-19,1375,911244,1064,472845,286,407388,25,31011,521,61286,843,439181,546,500467,California
Ventura,2021-06-20,692,911936,537,473382,114,407502,41,31052,260,61158,429,439610,301,500768,California
Ventura,2021-06-21,1682,913618,1076,474458,488,407990,118,31170,836,61275,836,440446,953,501721,California
Ventura,2021-06-22,1971,915589,1380,475838,492,408482,99,31269,737,60888,1222,441668,835,502556,California
Ventura,2021-06-23,1779,917368,1221,477059,452,408934,106,31375,738,60701,1030,442698,843,503399,California
Ventura,2021-06-24,1821,919189,1198,478257,504,409438,119,31494,723,60456,1087,443785,842,504241,California
Ventura,2021-06-25,2418,921607,1613,479870,630,410068,175,31669,879,59981,1529,445314,1054,505295,California
Ventura,2021-06-26,1552,923159,1264,481134,225,410293,63,31732,521,59541,1024,446338,584,505879,California
Ventura,2021-06-27,581,923740,452,481586,103,410396,26,31758,259,59507,319,446657,285,506164,California
Ventura,2021-06-28,1773,925513,1429,483015,246,410642,98,31856,723,59291,1037,447694,821,506985,California
Ventura,2021-06-29,1657,927170,1108,484123,458,411100,91,31947,684,59098,966,448660,773,507758,California
Ventura,2021-06-30,1574,928744,1112,485235,365,411465,97,32044,768,59161,799,449459,862,508620,California
Ventura,2021-07-01,1454,930198,1080,486315,299,411764,75,32119,622,59034,823,450282,696,509316,California
Ventura,2021-07-02,1735,931933,1211,487526,430,412194,94,32213,808,59016,920,451202,902,510218,California
Ventura,2021-07-03,889,932822,667,488193,187,412381,35,32248,443,59054,440,451642,478,510696,California
Ventura,2021-07-04,48,932870,32,488225,12,412393,4,32252,24,59058,24,451666,28,510724,California
Ventura,2021-07-05,660,933530,477,488702,158,412551,25,32277,296,59017,362,452028,321,511045,California
Yolo,2020-12-15,39,39,39,39,0,0,0,0,39,39,0,0,39,39,California
Yolo,2020-12-16,78,117,78,117,0,0,0,0,78,117,0,0,78,117,California
Yolo,2020-12-17,105,222,105,222,0,0,0,0,105,222,0,0,105,222,California
Yolo,2020-12-18,230,452,230,452,0,0,0,0,230,452,0,0,230,452,California
Yolo,2020-12-19,87,539,87,539,0,0,0,0,87,539,0,0,87,539,California
Yolo,2020-12-20,102,641,102,641,0,0,0,0,102,641,0,0,102,641,California
Yolo,2020-12-21,254,895,254,895,0,0,0,0,254,895,0,0,254,895,California
Yolo,2020-12-22,385,1280,384,1279,1,1,0,0,385,1280,0,0,385,1280,California
Yolo,2020-12-23,438,1718,418,1697,20,21,0,0,438,1718,0,0,438,1718,California
Yolo,2020-12-24,153,1871,96,1793,57,78,0,0,153,1871,0,0,153,1871,California
Yolo,2020-12-25,1,1872,1,1794,0,78,0,0,1,1872,0,0,1,1872,California
Yolo,2020-12-26,75,1947,25,1819,50,128,0,0,75,1947,0,0,75,1947,California
Yolo,2020-12-27,46,1993,19,1838,27,155,0,0,46,1993,0,0,46,1993,California
Yolo,2020-12-28,404,2397,233,2071,171,326,0,0,404,2397,0,0,404,2397,California
Yolo,2020-12-29,491,2888,268,2339,223,549,0,0,491,2888,0,0,491,2888,California
Yolo,2020-12-30,626,3514,256,2595,370,919,0,0,626,3514,0,0,626,3514,California
Yolo,2020-12-31,183,3697,93,2688,90,1009,0,0,183,3697,0,0,183,3697,California
Yolo,2021-01-01,58,3755,56,2744,2,1011,0,0,58,3755,0,0,58,3755,California
Yolo,2021-01-02,71,3826,28,2772,43,1054,0,0,71,3826,0,0,71,3826,California
Yolo,2021-01-03,44,3870,19,2791,25,1079,0,0,44,3870,0,0,44,3870,California
Yolo,2021-01-04,192,4062,41,2832,151,1230,0,0,192,4062,0,0,192,4062,California
Yolo,2021-01-05,619,4681,238,3070,381,1611,0,0,555,4553,64,64,555,4617,California
Yolo,2021-01-06,484,5165,183,3253,301,1912,0,0,347,4763,137,201,347,4964,California
Yolo,2021-01-07,711,5876,233,3486,478,2390,0,0,519,5091,191,392,519,5483,California
Yolo,2021-01-08,631,6507,311,3797,320,2710,0,0,407,5275,223,615,407,5890,California
Yolo,2021-01-09,412,6919,73,3870,339,3049,0,0,366,5595,46,661,366,6256,California
Yolo,2021-01-10,394,7313,80,3950,314,3363,0,0,324,5849,70,731,324,6580,California
Yolo,2021-01-11,565,7878,329,4279,236,3599,0,0,290,5866,275,1006,292,6872,California
Yolo,2021-01-12,563,8441,443,4722,120,3719,0,0,194,5692,369,1375,195,7067,California
Yolo,2021-01-13,774,9215,313,5035,461,4180,0,0,521,5960,253,1628,521,7588,California
Yolo,2021-01-14,382,9597,184,5219,198,4378,0,0,279,6136,103,1731,279,7867,California
Yolo,2021-01-15,634,10231,323,5542,311,4689,0,0,552,6607,82,1813,553,8420,California
Yolo,2021-01-16,748,10979,96,5638,652,5341,0,0,717,7293,31,1844,717,9137,California
Yolo,2021-01-17,190,11169,121,5759,69,5410,0,0,183,7469,7,1851,183,9320,California
Yolo,2021-01-18,485,11654,305,6064,180,5590,0,0,334,7652,151,2002,334,9654,California
Yolo,2021-01-19,560,12214,372,6436,188,5778,0,0,383,7858,177,2179,383,10037,California
Yolo,2021-01-20,662,12876,385,6821,277,6055,0,0,471,8139,190,2369,471,10508,California
Yolo,2021-01-21,650,13526,385,7206,265,6320,0,0,461,8411,189,2558,461,10969,California
Yolo,2021-01-22,758,14284,254,7460,504,6824,0,0,640,8935,116,2674,640,11609,California
Yolo,2021-01-23,627,14911,126,7586,501,7325,0,0,577,9462,50,2724,577,12186,California
Yolo,2021-01-24,207,15118,123,7709,84,7409,0,0,166,9587,41,2765,166,12352,California
Yolo,2021-01-25,738,15856,160,7869,578,7987,0,0,516,9880,223,2988,516,12868,California
Yolo,2021-01-26,832,16688,330,8199,502,8489,0,0,435,9918,397,3385,435,13303,California
Yolo,2021-01-27,684,17372,230,8429,454,8943,0,0,401,10036,283,3668,401,13704,California
Yolo,2021-01-28,1056,18428,565,8994,491,9434,0,0,930,10841,125,3793,930,14634,California
Yolo,2021-01-29,966,19394,266,9260,700,10134,0,0,881,11638,84,3877,881,15515,California
Yolo,2021-01-30,1527,20921,922,10182,605,10739,0,0,1405,12927,116,3993,1405,16920,California
Yolo,2021-01-31,240,21161,202,10384,38,10777,0,0,211,13110,28,4021,211,17131,California
Yolo,2021-02-01,856,22017,365,10749,491,11268,0,0,620,13497,233,4254,620,17751,California
Yolo,2021-02-02,1351,23368,756,11505,595,11863,0,0,935,14017,416,4670,936,18687,California
Yolo,2021-02-03,1534,24902,401,11906,1133,12996,0,0,1193,14872,338,5008,1193,19880,California
Yolo,2021-02-04,1813,26715,284,12190,1529,14525,0,0,1257,15585,545,5553,1258,21138,California
Yolo,2021-02-05,1612,28327,916,13106,696,15221,0,0,1208,16391,403,5956,1209,22347,California
Yolo,2021-02-06,1926,30253,1254,14360,672,15893,0,0,1563,17592,363,6319,1564,23911,California
Yolo,2021-02-07,523,30776,252,14612,271,16164,0,0,172,17414,350,6669,172,24083,California
Yolo,2021-02-08,951,31727,334,14946,617,16781,0,0,605,17677,342,7011,605,24688,California
Yolo,2021-02-09,861,32588,386,15332,475,17256,0,0,574,17964,287,7298,574,25262,California
Yolo,2021-02-10,1477,34065,481,15813,996,18252,0,0,830,18149,647,7945,832,26094,California
Yolo,2021-02-11,1581,35646,809,16622,772,19024,0,0,1186,18940,395,8340,1186,27280,California
Yolo,2021-02-12,1946,37592,761,17383,1185,20209,0,0,1458,19915,484,8824,1459,28739,California
Yolo,2021-02-13,2072,39664,716,18099,1356,21565,0,0,1393,20629,679,9503,1393,30132,California
Yolo,2021-02-14,572,40236,156,18255,416,21981,0,0,447,20952,124,9627,447,30579,California
Yolo,2021-02-15,536,40772,193,18448,343,22324,0,0,266,20949,270,9897,267,30846,California
Yolo,2021-02-16,1151,41923,434,18882,717,23041,0,0,821,21441,330,10227,822,31668,California
Yolo,2021-02-17,1398,43321,706,19588,692,23733,0,0,995,22033,403,10630,995,32663,California
Yolo,2021-02-18,2509,45830,819,20407,1690,25423,0,0,1729,22984,779,11409,1730,34393,California
Yolo,2021-02-19,1763,47593,754,21161,1009,26432,0,0,1134,23491,627,12036,1134,35527,California
Yolo,2021-02-20,2575,50168,957,22118,1618,28050,0,0,1391,23705,1178,13214,1392,36919,California
Yolo,2021-02-21,326,50494,236,22354,90,28140,0,0,108,23596,217,13431,108,37027,California
Yolo,2021-02-22,1410,51904,614,22968,796,28936,0,0,708,23603,701,14132,708,37735,California
Yolo,2021-02-23,1173,53077,881,23849,292,29228,0,0,447,23326,724,14856,447,38182,California
Yolo,2021-02-24,2128,55205,602,24451,1526,30754,0,0,1396,23992,730,15586,1396,39578,California
Yolo,2021-02-25,1411,56616,502,24953,909,31663,0,0,924,24430,486,16072,924,40502,California
Yolo,2021-02-26,2661,59277,1043,25996,1618,33281,0,0,1335,24443,1322,17394,1335,41837,California
Yolo,2021-02-27,1704,60981,780,26776,924,34205,0,0,1248,25235,456,17850,1248,43085,California
Yolo,2021-02-28,1831,62812,1523,28299,308,34513,0,0,710,24827,1119,18969,711,43796,California
Yolo,2021-03-01,1158,63970,378,28677,780,35293,0,0,699,25069,457,19426,699,44495,California
Yolo,2021-03-02,1506,65476,705,29382,801,36094,0,0,958,25479,548,19974,958,45453,California
Yolo,2021-03-03,1894,67370,648,30030,1246,37340,0,0,855,25297,1037,21011,855,46308,California
Yolo,2021-03-04,3042,70412,1466,31496,1576,38916,0,0,1579,25416,1460,22471,1579,47887,California
Yolo,2021-03-05,2491,72903,1411,32907,1069,39985,11,11,1516,25969,974,23445,1527,49414,California
Yolo,2021-03-06,1494,74397,1138,34045,327,40312,29,40,851,26209,640,24085,880,50294,California
Yolo,2021-03-07,919,75316,679,34724,226,40538,14,54,780,26864,139,24224,794,51088,California
Yolo,2021-03-08,1342,76658,498,35222,801,41339,43,97,885,27337,456,24680,929,52017,California
Yolo,2021-03-09,1590,78248,691,35913,836,42175,63,160,967,27746,621,25301,1030,53047,California
Yolo,2021-03-10,2219,80467,1062,36975,865,43040,292,452,976,27769,1237,26538,1260,54307,California
Yolo,2021-03-11,2719,83186,1609,38584,1044,44084,66,518,1816,28750,902,27440,1883,56190,California
Yolo,2021-03-12,2932,86118,1361,39945,1490,45574,81,599,1379,28667,1544,28984,1461,57651,California
Yolo,2021-03-13,1962,88080,736,40681,1050,46624,176,775,1029,28941,930,29914,1204,58855,California
Yolo,2021-03-14,1067,89147,213,40894,703,47327,151,926,526,29072,540,30454,671,59526,California
Yolo,2021-03-15,1677,90824,769,41663,727,48054,181,1107,1056,29686,619,31073,1233,60759,California
Yolo,2021-03-16,2031,92855,730,42393,1229,49283,72,1179,1236,30199,795,31868,1308,62067,California
Yolo,2021-03-17,2532,95387,988,43381,1472,50755,72,1251,1733,31240,795,32663,1836,63903,California
Yolo,2021-03-18,3057,98444,1045,44426,1786,52541,226,1477,1265,30943,1788,34451,1491,65394,California
Yolo,2021-03-19,2110,100554,876,45302,1166,53707,68,1545,1093,31093,1011,35462,1161,66555,California
Yolo,2021-03-20,2787,103341,819,46121,1925,55632,43,1588,1095,30547,1686,37148,1140,67695,California
Yolo,2021-03-21,316,103657,215,46336,93,55725,8,1596,176,30592,139,37287,184,67879,California
Yolo,2021-03-22,1412,105069,496,46832,856,56581,60,1656,913,31068,496,37783,972,68851,California
Yolo,2021-03-23,1760,106829,946,47778,757,57338,57,1713,1083,31531,676,38459,1139,69990,California
Yolo,2021-03-24,2895,109724,1407,49185,1437,58775,51,1764,1399,31500,1482,39941,1451,71441,California
Yolo,2021-03-25,2546,112270,1406,50591,1111,59886,29,1793,1253,31499,1283,41224,1282,72723,California
Yolo,2021-03-26,2406,114676,1263,51854,1123,61009,20,1813,1022,31163,1377,42601,1041,73764,California
Yolo,2021-03-27,1666,116342,459,52313,1189,62198,18,1831,746,31008,919,43520,764,74528,California
Yolo,2021-03-28,1107,117449,863,53176,225,62423,19,1850,250,30423,853,44373,268,74796,California
Yolo,2021-03-29,2039,119488,824,54000,1185,63608,30,1880,970,30358,1065,45438,1000,75796,California
Yolo,2021-03-30,2294,121782,1086,55086,1187,64795,21,1901,1168,30427,1121,46559,1190,76986,California
Yolo,2021-03-31,2361,124143,1228,56314,1096,65891,37,1938,1180,30464,1180,47739,1217,78203,California
Yolo,2021-04-01,3865,128008,1865,58179,1519,67410,481,2419,1595,30272,2267,50006,2075,80278,California
Yolo,2021-04-02,3405,131413,1524,59703,1735,69145,146,2565,2065,31150,1333,51339,2211,82489,California
Yolo,2021-04-03,1828,133241,1103,60806,503,69648,222,2787,807,31160,1019,52358,1029,83518,California
Yolo,2021-04-04,395,133636,157,60963,177,69825,61,2848,147,31121,247,52605,208,83726,California
Yolo,2021-04-05,1926,135562,737,61700,1089,70914,100,2948,901,31103,1020,53625,1002,84728,California
Yolo,2021-04-06,2598,138160,1320,63020,1106,72020,172,3120,1137,30960,1451,55076,1308,86036,California
Yolo,2021-04-07,3001,141161,1520,64540,1125,73145,356,3476,1747,31818,1249,56325,2107,88143,California
Yolo,2021-04-08,2435,143596,1011,65551,948,74093,476,3952,853,31564,1579,57904,1325,89468,California
Yolo,2021-04-09,2607,146203,922,66473,1103,75196,582,4534,833,31199,1771,59675,1406,90874,California
Yolo,2021-04-10,1771,147974,831,67304,757,75953,183,4717,1026,31666,741,60416,1208,92082,California
Yolo,2021-04-11,895,148869,286,67590,565,76518,44,4761,362,31541,530,60946,405,92487,California
Yolo,2021-04-12,1781,150650,529,68119,1109,77627,143,4904,789,31486,988,61934,933,93420,California
Yolo,2021-04-13,1995,152645,919,69038,1076,78703,0,4904,921,31334,1073,63007,921,94341,California
Yolo,2021-04-14,2803,155448,772,69810,2031,80734,0,4904,1371,31281,1424,64431,1371,95712,California
Yolo,2021-04-15,3364,158812,1142,70952,2222,82956,0,4904,2287,32498,1070,65501,2287,97999,California
Yolo,2021-04-16,3098,161910,1997,72949,1101,84057,0,4904,1977,33362,1113,66614,1977,99976,California
Yolo,2021-04-17,1638,163548,479,73428,1159,85216,0,4904,850,33429,783,67397,850,100826,California
Yolo,2021-04-18,648,164196,319,73747,329,85545,0,4904,362,33509,282,67679,362,101188,California
Yolo,2021-04-19,1690,165886,727,74474,962,86507,1,4905,777,33379,908,68587,778,101966,California
Yolo,2021-04-20,2062,167948,1058,75532,1004,87511,0,4905,1093,33505,967,69554,1093,103059,California
Yolo,2021-04-21,2077,170025,1059,76591,1018,88529,0,4905,1119,33672,952,70506,1119,104178,California
Yolo,2021-04-22,1992,172017,914,77505,1078,89607,0,4905,983,33653,1003,71509,984,105162,California
Yolo,2021-04-23,2660,174677,1561,79066,1099,90706,0,4905,1169,33343,1479,72988,1169,106331,California
Yolo,2021-04-24,1178,175855,646,79712,529,91235,3,4908,467,33110,703,73691,470,106801,California
Yolo,2021-04-25,950,176805,406,80118,544,91779,0,4908,727,33615,222,73913,727,107528,California
Yolo,2021-04-26,1254,178059,498,80616,753,92532,3,4911,531,33430,720,74633,535,108063,California
Yolo,2021-04-27,1565,179624,738,81354,807,93339,20,4931,607,33100,957,75590,627,108690,California
Yolo,2021-04-28,2076,181700,1029,82383,1020,94359,27,4958,749,32553,1323,76913,776,109466,California
Yolo,2021-04-29,1798,183498,853,83236,862,95221,83,5041,709,32258,1085,77998,790,110256,California
Yolo,2021-04-30,2110,185608,1089,84325,963,96184,58,5099,1043,32299,1060,79058,1101,111357,California
Yolo,2021-05-01,1289,186897,999,85324,270,96454,20,5119,377,31786,910,79968,397,111754,California
Yolo,2021-05-02,521,187418,427,85751,71,96525,23,5142,323,31934,198,80166,346,112100,California
Yolo,2021-05-03,1132,188550,405,86156,693,97218,34,5176,300,31438,829,80995,333,112433,California
Yolo,2021-05-04,1472,190022,683,86839,764,97982,25,5201,507,31010,960,81955,532,112965,California
Yolo,2021-05-05,1596,191618,455,87294,1075,99057,66,5267,461,30409,1128,83083,527,113492,California
Yolo,2021-05-06,1529,193147,715,88009,732,99789,82,5349,498,29975,1014,84097,580,114072,California
Yolo,2021-05-07,2332,195479,1403,89412,878,100667,51,5400,465,28630,1859,85956,514,114586,California
Yolo,2021-05-08,852,196331,373,89785,423,101090,56,5456,320,28476,528,86484,374,114960,California
Yolo,2021-05-09,402,196733,172,89957,217,101307,13,5469,91,28270,310,86794,104,115064,California
Yolo,2021-05-10,1188,197921,358,90315,784,102091,46,5515,204,27537,982,87776,249,115313,California
Yolo,2021-05-11,1178,199099,697,91012,459,102550,22,5537,294,26975,878,88654,316,115629,California
Yolo,2021-05-12,1835,200934,715,91727,1087,103637,33,5570,336,25854,1493,90147,372,116001,California
Yolo,2021-05-13,2614,203548,861,92588,1698,105335,55,5625,665,24629,1945,92092,720,116721,California
Yolo,2021-05-14,2436,205984,1520,94108,885,106220,31,5656,1186,24602,1244,93336,1217,117938,California
Yolo,2021-05-15,1280,207264,733,94841,500,106720,47,5703,660,24690,619,93955,707,118645,California
Yolo,2021-05-16,1455,208719,1237,96078,211,106931,7,5710,1011,25268,440,94395,1018,119663,California
Yolo,2021-05-17,1137,209856,446,96524,673,107604,18,5728,349,24851,784,95179,367,120030,California
Yolo,2021-05-18,1801,211657,1109,97633,669,108273,23,5751,920,24920,874,96053,943,120973,California
Yolo,2021-05-19,1306,212963,588,98221,679,108952,39,5790,520,24696,783,96836,559,121532,California
Yolo,2021-05-20,1226,214189,699,98920,501,109453,26,5816,384,24270,836,97672,410,121942,California
Yolo,2021-05-21,1444,215633,931,99851,486,109939,27,5843,352,23562,1085,98757,377,122319,California
Yolo,2021-05-22,824,216457,541,100392,275,110214,8,5851,281,23316,536,99293,290,122609,California
Yolo,2021-05-23,618,217075,165,100557,437,110651,16,5867,108,22933,508,99801,125,122734,California
Yolo,2021-05-24,708,217783,350,100907,338,110989,20,5887,220,22689,485,100286,241,122975,California
Yolo,2021-05-25,883,218666,512,101419,348,111337,23,5910,342,22519,535,100821,365,123340,California
Yolo,2021-05-26,819,219485,269,101688,517,111854,33,5943,247,22231,568,101389,280,123620,California
Yolo,2021-05-27,761,220246,381,102069,329,112183,51,5994,303,22132,453,101842,354,123974,California
Yolo,2021-05-28,882,221128,402,102471,451,112634,29,6023,378,22038,499,102341,405,124379,California
Yolo,2021-05-29,601,221729,346,102817,219,112853,36,6059,274,22021,324,102665,307,124686,California
Yolo,2021-05-30,136,221865,71,102888,58,112911,7,6066,55,22004,79,102744,62,124748,California
Yolo,2021-05-31,68,221933,18,102906,48,112959,2,6068,16,21969,52,102796,17,124765,California
Yolo,2021-06-01,755,222688,326,103232,405,113364,24,6092,245,21734,504,103300,269,125034,California
Yolo,2021-06-02,757,223445,302,103534,434,113798,21,6113,229,21459,525,103825,250,125284,California
Yolo,2021-06-03,929,224374,592,104126,313,114111,24,6137,212,20982,713,104538,236,125520,California
Yolo,2021-06-04,1494,225868,1216,105342,256,114367,22,6159,378,20270,1111,105649,399,125919,California
Yolo,2021-06-05,719,226587,548,105890,154,114521,17,6176,149,19866,570,106219,166,126085,California
Yolo,2021-06-06,1107,227694,1043,106933,57,114578,7,6183,153,19073,953,107172,160,126245,California
Yolo,2021-06-07,516,228210,270,107203,226,114804,20,6203,113,18807,398,107570,132,126377,California
Yolo,2021-06-08,1043,229253,812,108015,213,115017,18,6221,199,18181,843,108413,217,126594,California
Yolo,2021-06-09,791,230044,490,108505,270,115287,31,6252,215,17855,571,108984,245,126839,California
Yolo,2021-06-10,567,230611,359,108864,175,115462,33,6285,164,17652,400,109384,197,127036,California
Yolo,2021-06-11,658,231269,450,109314,184,115646,24,6309,192,17404,464,109848,216,127252,California
Yolo,2021-06-12,480,231749,276,109590,179,115825,25,6334,142,17236,335,110183,167,127419,California
Yolo,2021-06-13,155,231904,116,109706,38,115863,1,6335,61,17206,93,110276,63,127482,California
Yolo,2021-06-14,411,232315,255,109961,123,115986,33,6368,128,17086,282,110558,162,127644,California
Yolo,2021-06-15,768,233083,397,110358,345,116331,26,6394,235,16817,530,111088,261,127905,California
Yolo,2021-06-16,473,233556,241,110599,190,116521,42,6436,166,16718,305,111393,206,128111,California
Yolo,2021-06-17,498,234054,317,110916,125,116646,56,6492,173,16624,323,111716,229,128340,California
Yolo,2021-06-18,553,234607,395,111311,136,116782,22,6514,209,16513,341,112057,230,128570,California
Yolo,2021-06-19,320,234927,207,111518,97,116879,16,6530,117,16444,202,112259,133,128703,California
Yolo,2021-06-20,114,235041,74,111592,36,116915,4,6534,62,16461,50,112309,67,128770,California
Yolo,2021-06-21,205,235246,88,111680,98,117013,19,6553,111,16498,93,112402,130,128900,California
Yolo,2021-06-22,519,235765,296,111976,205,117218,18,6571,235,16469,282,112684,253,129153,California
Yolo,2021-06-23,374,236139,213,112189,144,117362,17,6588,151,16417,220,112904,168,129321,California
Yolo,2021-06-24,395,236534,247,112436,106,117468,42,6630,173,16411,221,113125,215,129536,California
Yolo,2021-06-25,549,237083,385,112821,120,117588,44,6674,190,16290,355,113480,234,129770,California
Yolo,2021-06-26,270,237353,165,112986,82,117670,23,6697,110,16264,158,113638,132,129902,California
Yolo,2021-06-27,177,237530,140,113126,32,117702,5,6702,64,16219,113,113751,68,129970,California
Yolo,2021-06-28,254,237784,130,113256,52,117754,72,6774,108,16253,145,113896,179,130149,California
Yolo,2021-06-29,421,238205,265,113521,107,117861,49,6823,154,16192,264,114160,203,130352,California
Yolo,2021-06-30,364,238569,204,113725,134,117995,26,6849,135,16123,229,114389,160,130512,California
Yolo,2021-07-01,305,238874,171,113896,102,118097,32,6881,111,16074,191,114580,142,130654,California
Yolo,2021-07-02,341,239215,232,114128,97,118194,12,6893,139,16024,201,114781,151,130805,California
Yolo,2021-07-03,206,239421,128,114256,74,118268,4,6897,91,16004,115,114896,95,130900,California
Yolo,2021-07-04,73,239494,41,114297,27,118295,5,6902,22,15981,50,114946,27,130927,California
Yolo,2021-07-05,86,239580,34,114331,49,118344,3,6905,37,15973,48,114994,40,130967,California
Yuba,2020-12-16,4,4,4,4,0,0,0,0,4,4,0,0,4,4,California
Yuba,2020-12-17,4,8,4,8,0,0,0,0,4,8,0,0,4,8,California
Yuba,2020-12-18,8,16,8,16,0,0,0,0,8,16,0,0,8,16,California
Yuba,2020-12-19,12,28,12,28,0,0,0,0,12,28,0,0,12,28,California
Yuba,2020-12-20,19,47,19,47,0,0,0,0,19,47,0,0,19,47,California
Yuba,2020-12-21,41,88,41,88,0,0,0,0,41,88,0,0,41,88,California
Yuba,2020-12-22,85,173,85,173,0,0,0,0,85,173,0,0,85,173,California
Yuba,2020-12-23,65,238,63,236,2,2,0,0,65,238,0,0,65,238,California
Yuba,2020-12-24,20,258,10,246,10,12,0,0,20,258,0,0,20,258,California
Yuba,2020-12-25,1,259,1,247,0,12,0,0,1,259,0,0,1,259,California
Yuba,2020-12-26,13,272,12,259,1,13,0,0,13,272,0,0,13,272,California
Yuba,2020-12-27,15,287,15,274,0,13,0,0,15,287,0,0,15,287,California
Yuba,2020-12-28,51,338,35,309,16,29,0,0,51,338,0,0,51,338,California
Yuba,2020-12-29,74,412,10,319,64,93,0,0,74,412,0,0,74,412,California
Yuba,2020-12-30,63,475,20,339,43,136,0,0,63,475,0,0,63,475,California
Yuba,2020-12-31,39,514,6,345,33,169,0,0,39,514,0,0,39,514,California
Yuba,2021-01-02,23,537,22,367,1,170,0,0,23,537,0,0,23,537,California
Yuba,2021-01-03,10,547,6,373,4,174,0,0,10,547,0,0,10,547,California
Yuba,2021-01-04,92,639,23,396,69,243,0,0,92,639,0,0,92,639,California
Yuba,2021-01-05,71,710,39,435,32,275,0,0,70,708,1,1,70,709,California
Yuba,2021-01-06,154,864,76,511,78,353,0,0,148,850,6,7,148,857,California
Yuba,2021-01-07,75,939,19,530,56,409,0,0,72,918,4,11,72,929,California
Yuba,2021-01-08,73,1012,23,553,50,459,0,0,66,977,7,18,66,995,California
Yuba,2021-01-09,19,1031,16,569,3,462,0,0,11,980,8,26,11,1006,California
Yuba,2021-01-10,117,1148,22,591,95,557,0,0,95,1053,22,48,95,1101,California
Yuba,2021-01-11,73,1221,50,641,23,580,0,0,33,1046,40,88,33,1134,California
Yuba,2021-01-12,109,1330,78,719,31,611,0,0,45,1027,64,152,45,1179,California
Yuba,2021-01-13,119,1449,72,791,47,658,0,0,54,1017,64,216,54,1233,California
Yuba,2021-01-14,114,1563,44,835,70,728,0,0,102,1107,12,228,102,1335,California
Yuba,2021-01-15,204,1767,85,920,119,847,0,0,194,1291,10,238,194,1529,California
Yuba,2021-01-16,188,1955,21,941,167,1014,0,0,176,1454,13,251,176,1705,California
Yuba,2021-01-17,13,1968,9,950,4,1018,0,0,7,1455,6,257,7,1712,California
Yuba,2021-01-18,61,2029,32,982,29,1047,0,0,36,1466,25,282,36,1748,California
Yuba,2021-01-19,80,2109,30,1012,50,1097,0,0,65,1516,15,297,65,1813,California
Yuba,2021-01-20,133,2242,86,1098,47,1144,0,0,110,1603,23,320,110,1923,California
Yuba,2021-01-21,221,2463,103,1201,118,1262,0,0,212,1806,9,329,212,2135,California
Yuba,2021-01-22,107,2570,7,1208,100,1362,0,0,98,1895,9,338,98,2233,California
Yuba,2021-01-23,198,2768,7,1215,191,1553,0,0,196,2089,2,340,196,2429,California
Yuba,2021-01-24,10,2778,7,1222,3,1556,0,0,8,2095,2,342,8,2437,California
Yuba,2021-01-25,86,2864,30,1252,56,1612,0,0,53,2116,32,374,53,2490,California
Yuba,2021-01-26,149,3013,41,1293,108,1720,0,0,90,2147,59,433,90,2580,California
Yuba,2021-01-27,185,3198,129,1422,56,1776,0,0,118,2198,67,500,118,2698,California
Yuba,2021-01-28,228,3426,90,1512,138,1914,0,0,177,2324,51,551,177,2875,California
Yuba,2021-01-29,150,3576,46,1558,104,2018,0,0,111,2396,39,590,111,2986,California
Yuba,2021-01-30,408,3984,23,1581,385,2403,0,0,397,2782,11,601,397,3383,California
Yuba,2021-01-31,18,4002,12,1593,6,2409,0,0,16,2796,2,603,16,3399,California
Yuba,2021-02-01,155,4157,75,1668,80,2489,0,0,131,2905,23,626,132,3531,California
Yuba,2021-02-02,128,4285,23,1691,105,2594,0,0,104,2985,24,650,104,3635,California
Yuba,2021-02-03,230,4515,30,1721,200,2794,0,0,116,2988,113,763,116,3751,California
Yuba,2021-02-04,298,4813,120,1841,178,2972,0,0,253,3196,45,808,253,4004,California
Yuba,2021-02-05,148,4961,32,1873,116,3088,0,0,71,3190,77,885,71,4075,California
Yuba,2021-02-06,451,5412,26,1899,425,3513,0,0,443,3625,8,893,443,4518,California
Yuba,2021-02-07,20,5432,13,1912,7,3520,0,0,16,3637,4,897,16,4534,California
Yuba,2021-02-08,98,5530,35,1947,63,3583,0,0,66,3671,32,929,66,4600,California
Yuba,2021-02-09,156,5686,56,2003,100,3683,0,0,85,3685,71,1000,85,4685,California
Yuba,2021-02-10,363,6049,177,2180,186,3869,0,0,122,3568,239,1239,122,4807,California
Yuba,2021-02-11,404,6453,67,2247,337,4206,0,0,301,3768,101,1340,301,5108,California
Yuba,2021-02-12,271,6724,28,2275,243,4449,0,0,153,3803,118,1458,153,5261,California
Yuba,2021-02-13,438,7162,36,2311,402,4851,0,0,387,4139,51,1509,387,5648,California
Yuba,2021-02-14,52,7214,10,2321,42,4893,0,0,47,4181,5,1514,47,5695,California
Yuba,2021-02-15,89,7303,36,2357,53,4946,0,0,69,4230,20,1534,69,5764,California
Yuba,2021-02-16,203,7506,55,2412,148,5094,0,0,144,4316,58,1592,144,5908,California
Yuba,2021-02-17,379,7885,158,2570,221,5315,0,0,101,4140,277,1869,101,6009,California
Yuba,2021-02-18,324,8209,48,2618,276,5591,0,0,197,4210,127,1996,197,6206,California
Yuba,2021-02-19,230,8439,82,2700,148,5739,0,0,143,4267,86,2082,143,6349,California
Yuba,2021-02-20,397,8836,30,2730,367,6106,0,0,339,4548,58,2140,339,6688,California
Yuba,2021-02-21,24,8860,14,2744,10,6116,0,0,14,4552,10,2150,14,6702,California
Yuba,2021-02-22,131,8991,82,2826,49,6165,0,0,38,4497,93,2243,38,6740,California
Yuba,2021-02-23,124,9115,28,2854,96,6261,0,0,53,4481,70,2313,54,6794,California
Yuba,2021-02-24,489,9604,141,2995,348,6609,0,0,110,4212,379,2692,110,6904,California
Yuba,2021-02-25,350,9954,144,3139,206,6815,0,0,219,4300,131,2823,219,7123,California
Yuba,2021-02-26,263,10217,69,3208,194,7009,0,0,147,4333,114,2937,147,7270,California
Yuba,2021-02-27,474,10691,47,3255,427,7436,0,0,386,4633,86,3023,386,7656,California
Yuba,2021-02-28,72,10763,23,3278,49,7485,0,0,48,4657,24,3047,48,7704,California
Yuba,2021-03-01,163,10926,43,3321,120,7605,0,0,82,4659,80,3127,82,7786,California
Yuba,2021-03-02,160,11086,36,3357,124,7729,0,0,80,4659,80,3207,80,7866,California
Yuba,2021-03-03,628,11714,159,3516,469,8198,0,0,200,4432,427,3634,200,8066,California
Yuba,2021-03-04,471,12185,274,3790,197,8395,0,0,327,4616,143,3777,327,8393,California
Yuba,2021-03-05,326,12511,61,3851,264,8659,1,1,258,4807,68,3845,259,8652,California
Yuba,2021-03-06,475,12986,35,3886,436,9095,4,5,368,5073,106,3951,372,9024,California
Yuba,2021-03-07,51,13037,28,3914,22,9117,1,6,36,5095,15,3966,37,9061,California
Yuba,2021-03-08,159,13196,48,3962,95,9212,16,22,99,5150,60,4026,115,9176,California
Yuba,2021-03-09,180,13376,48,4010,112,9324,20,42,85,5160,95,4121,105,9281,California
Yuba,2021-03-10,737,14113,234,4244,473,9797,30,72,233,4919,504,4625,263,9544,California
Yuba,2021-03-11,439,14552,198,4442,229,10026,12,84,296,5084,143,4768,308,9852,California
Yuba,2021-03-12,467,15019,87,4529,327,10353,53,137,155,4980,312,5080,208,10060,California
Yuba,2021-03-13,464,15483,338,4867,111,10464,15,152,364,5260,99,5179,379,10439,California
Yuba,2021-03-14,107,15590,20,4887,77,10541,10,162,46,5257,59,5238,56,10495,California
Yuba,2021-03-15,194,15784,50,4937,128,10669,16,178,99,5277,95,5333,115,10610,California
Yuba,2021-03-16,298,16082,74,5011,200,10869,24,202,185,5374,112,5445,209,10819,California
Yuba,2021-03-17,750,16832,165,5176,554,11423,31,233,195,5048,552,5997,226,11045,California
Yuba,2021-03-18,588,17420,161,5337,314,11737,113,346,354,5280,234,6231,466,11511,California
Yuba,2021-03-19,332,17752,119,5456,159,11896,54,400,184,5369,148,6379,237,11748,California
Yuba,2021-03-20,555,18307,81,5537,456,12352,18,418,475,5783,79,6458,493,12241,California
Yuba,2021-03-21,62,18369,36,5573,26,12378,0,418,42,5805,20,6478,42,12283,California
Yuba,2021-03-22,191,18560,70,5643,114,12492,7,425,149,5919,42,6520,156,12439,California
Yuba,2021-03-23,266,18826,79,5722,159,12651,28,453,176,6035,88,6608,204,12643,California
Yuba,2021-03-24,771,19597,254,5976,436,13087,81,534,186,5719,583,7191,267,12910,California
Yuba,2021-03-25,506,20103,270,6246,214,13301,22,556,253,5741,253,7444,275,13185,California
Yuba,2021-03-26,401,20504,144,6390,228,13529,29,585,226,5822,174,7618,255,13440,California
Yuba,2021-03-27,463,20967,28,6418,432,13961,3,588,408,6178,54,7672,410,13850,California
Yuba,2021-03-28,102,21069,42,6460,56,14017,4,592,34,6148,68,7740,38,13888,California
Yuba,2021-03-29,297,21366,87,6547,178,14195,32,624,179,6241,118,7858,211,14099,California
Yuba,2021-03-30,275,21641,70,6617,197,14392,8,632,189,6352,86,7944,197,14296,California
Yuba,2021-03-31,675,22316,114,6731,550,14942,11,643,244,6178,429,8373,255,14551,California
Yuba,2021-04-01,628,22944,291,7022,307,15249,30,673,291,6162,337,8710,321,14872,California
Yuba,2021-04-02,504,23448,96,7118,325,15574,83,756,187,6115,316,9026,269,15141,California
Yuba,2021-04-03,654,24102,55,7173,117,15691,482,1238,87,6118,566,9592,569,15710,California
Yuba,2021-04-04,59,24161,10,7183,42,15733,7,1245,32,6130,27,9619,39,15749,California
Yuba,2021-04-05,245,24406,79,7262,145,15878,21,1266,124,6155,119,9738,144,15893,California
Yuba,2021-04-06,358,24764,115,7377,182,16060,61,1327,173,6204,184,9922,233,16126,California
Yuba,2021-04-07,787,25551,408,7785,327,16387,52,1379,360,6191,424,10346,411,16537,California
Yuba,2021-04-08,754,26305,292,8077,197,16584,265,1644,281,6264,472,10818,545,17082,California
Yuba,2021-04-09,406,26711,172,8249,167,16751,67,1711,172,6270,233,11051,239,17321,California
Yuba,2021-04-10,604,27315,73,8322,82,16833,449,2160,72,6260,530,11581,520,17841,California
Yuba,2021-04-11,102,27417,24,8346,66,16899,12,2172,43,6257,58,11639,55,17896,California
Yuba,2021-04-12,212,27629,45,8391,137,17036,30,2202,79,6233,132,11771,108,18004,California
Yuba,2021-04-13,400,28029,104,8495,296,17332,0,2202,202,6238,197,11968,202,18206,California
Yuba,2021-04-14,719,28748,110,8605,609,17941,0,2202,130,5780,588,12556,130,18336,California
Yuba,2021-04-15,345,29093,135,8740,210,18151,0,2202,150,5735,195,12751,150,18486,California
Yuba,2021-04-16,342,29435,100,8840,242,18393,0,2202,181,5757,159,12910,181,18667,California
Yuba,2021-04-17,407,29842,60,8900,347,18740,0,2202,335,6021,71,12981,335,19002,California
Yuba,2021-04-18,65,29907,20,8920,45,18785,0,2202,33,6023,31,13012,33,19035,California
Yuba,2021-04-19,247,30154,102,9022,145,18930,0,2202,104,5984,143,13155,104,19139,California
Yuba,2021-04-20,341,30495,103,9125,238,19168,0,2202,187,6021,151,13306,188,19327,California
Yuba,2021-04-21,741,31236,322,9447,419,19587,0,2202,321,5922,420,13726,321,19648,California
Yuba,2021-04-22,376,31612,154,9601,222,19809,0,2202,209,5964,167,13893,209,19857,California
Yuba,2021-04-23,364,31976,127,9728,237,20046,0,2202,174,5950,188,14081,174,20031,California
Yuba,2021-04-24,217,32193,69,9797,148,20194,0,2202,123,5979,94,14175,123,20154,California
Yuba,2021-04-25,75,32268,30,9827,45,20239,0,2202,35,5974,40,14215,35,20189,California
Yuba,2021-04-26,249,32517,66,9893,179,20418,4,2206,114,5957,135,14350,118,20307,California
Yuba,2021-04-27,488,33005,172,10065,306,20724,10,2216,242,5965,244,14594,252,20559,California
Yuba,2021-04-28,450,33455,189,10254,256,20980,5,2221,155,5836,289,14883,160,20719,California
Yuba,2021-04-29,454,33909,89,10343,364,21344,1,2222,162,5708,291,15174,163,20882,California
Yuba,2021-04-30,346,34255,108,10451,208,21552,30,2252,151,5696,193,15367,181,21063,California
Yuba,2021-05-01,208,34463,92,10543,97,21649,19,2271,94,5696,113,15480,113,21176,California
Yuba,2021-05-02,70,34533,39,10582,27,21676,4,2275,38,5706,32,15512,42,21218,California
Yuba,2021-05-03,164,34697,65,10647,90,21766,9,2284,51,5655,111,15623,60,21278,California
Yuba,2021-05-04,340,35037,107,10754,212,21978,21,2305,150,5636,190,15813,171,21449,California
Yuba,2021-05-05,333,35370,96,10850,230,22208,7,2312,116,5542,217,16030,123,21572,California
Yuba,2021-05-06,303,35673,126,10976,139,22347,38,2350,102,5484,198,16228,140,21712,California
Yuba,2021-05-07,362,36035,100,11076,234,22581,28,2378,118,5386,243,16471,145,21857,California
Yuba,2021-05-08,130,36165,56,11132,71,22652,3,2381,55,5369,75,16546,58,21915,California
Yuba,2021-05-09,56,36221,25,11157,28,22680,3,2384,34,5384,22,16568,37,21952,California
Yuba,2021-05-10,174,36395,57,11214,99,22779,18,2402,54,5337,119,16687,72,22024,California
Yuba,2021-05-11,389,36784,178,11392,197,22976,14,2416,143,5249,244,16931,156,22180,California
Yuba,2021-05-12,278,37062,147,11539,123,23099,8,2424,105,5189,173,17104,113,22293,California
Yuba,2021-05-13,367,37429,198,11737,125,23224,44,2468,112,5093,252,17356,156,22449,California
Yuba,2021-05-14,368,37797,139,11876,209,23433,20,2488,154,5052,214,17570,173,22622,California
Yuba,2021-05-15,437,38234,113,11989,303,23736,21,2509,113,4863,322,17892,133,22755,California
Yuba,2021-05-16,151,38385,52,12041,90,23826,9,2518,95,4912,55,17947,104,22859,California
Yuba,2021-05-17,216,38601,89,12130,107,23933,20,2538,89,4896,125,18072,109,22968,California
Yuba,2021-05-18,394,38995,163,12293,222,24155,9,2547,165,4841,229,18301,174,23142,California
Yuba,2021-05-19,261,39256,145,12438,110,24265,6,2553,129,4844,132,18433,135,23277,California
Yuba,2021-05-20,433,39689,305,12743,116,24381,12,2565,259,4942,173,18606,271,23548,California
Yuba,2021-05-21,517,40206,272,13015,237,24618,8,2573,306,5047,209,18815,314,23862,California
Yuba,2021-05-22,229,40435,123,13138,97,24715,9,2582,95,5017,134,18949,104,23966,California
Yuba,2021-05-23,73,40508,41,13179,30,24745,2,2584,37,5021,35,18984,39,24005,California
Yuba,2021-05-24,165,40673,55,13234,93,24838,17,2601,49,4973,115,19099,67,24072,California
Yuba,2021-05-25,315,40988,109,13343,189,25027,17,2618,112,4900,201,19300,128,24200,California
Yuba,2021-05-26,232,41220,100,13443,116,25143,16,2634,85,4855,146,19446,101,24301,California
Yuba,2021-05-27,247,41467,76,13519,159,25302,12,2646,97,4817,147,19593,109,24410,California
Yuba,2021-05-28,246,41713,109,13628,130,25432,7,2653,116,4812,128,19721,123,24533,California
Yuba,2021-05-29,165,41878,68,13696,75,25507,22,2675,88,4846,76,19797,110,24643,California
Yuba,2021-05-30,52,41930,22,13718,25,25532,5,2680,21,4841,31,19828,26,24669,California
Yuba,2021-05-31,30,41960,3,13721,20,25552,7,2687,10,4838,20,19848,17,24686,California
Yuba,2021-06-01,247,42207,108,13829,132,25684,7,2694,84,4769,159,20007,90,24776,California
Yuba,2021-06-02,201,42408,82,13911,112,25796,7,2701,60,4697,140,20147,68,24844,California
Yuba,2021-06-03,179,42587,105,14016,68,25864,6,2707,64,4653,114,20261,70,24914,California
Yuba,2021-06-04,244,42831,121,14137,113,25977,10,2717,80,4579,164,20425,90,25004,California
Yuba,2021-06-05,200,43031,151,14288,43,26020,6,2723,90,4566,109,20534,96,25100,California
Yuba,2021-06-06,109,43140,93,14381,13,26033,3,2726,20,4501,88,20622,23,25123,California
Yuba,2021-06-07,115,43255,47,14428,52,26085,16,2742,36,4474,79,20701,52,25175,California
Yuba,2021-06-08,246,43501,115,14543,124,26209,7,2749,72,4381,172,20873,79,25254,California
Yuba,2021-06-09,171,43672,103,14646,62,26271,6,2755,72,4361,98,20971,78,25332,California
Yuba,2021-06-10,377,44049,302,14948,66,26337,9,2764,93,4181,282,21253,102,25434,California
Yuba,2021-06-11,329,44378,235,15183,82,26419,12,2776,65,3995,264,21517,78,25512,California
Yuba,2021-06-12,133,44511,90,15273,37,26456,6,2782,36,3940,97,21614,42,25554,California
Yuba,2021-06-13,47,44558,22,15295,22,26478,3,2785,13,3922,34,21648,16,25570,California
Yuba,2021-06-14,112,44670,53,15348,49,26527,10,2795,31,3883,80,21728,41,25611,California
Yuba,2021-06-15,241,44911,99,15447,134,26661,8,2803,90,3833,148,21876,98,25709,California
Yuba,2021-06-16,156,45067,94,15541,51,26712,11,2814,74,3839,79,21955,85,25794,California
Yuba,2021-06-17,195,45262,114,15655,69,26781,12,2826,83,3822,112,22067,95,25889,California
Yuba,2021-06-18,222,45484,110,15765,90,26871,22,2848,70,3764,150,22217,92,25981,California
Yuba,2021-06-19,139,45623,70,15835,62,26933,7,2855,36,3704,103,22320,43,26024,California
Yuba,2021-06-20,33,45656,19,15854,11,26944,3,2858,13,3700,20,22340,16,26040,California
Yuba,2021-06-21,86,45742,38,15892,39,26983,9,2867,41,3708,41,22381,49,26089,California
Yuba,2021-06-22,174,45916,73,15965,89,27072,12,2879,69,3685,103,22484,80,26169,California
Yuba,2021-06-23,127,46043,71,16036,43,27115,13,2892,52,3675,74,22558,64,26233,California
Yuba,2021-06-24,136,46179,82,16118,47,27162,7,2899,59,3664,77,22635,66,26299,California
Yuba,2021-06-25,170,46349,98,16216,63,27225,9,2908,82,3667,88,22723,91,26390,California
Yuba,2021-06-26,133,46482,106,16322,26,27251,1,2909,44,3624,88,22811,45,26435,California
Yuba,2021-06-27,66,46548,44,16366,20,27271,2,2911,36,3632,30,22841,38,26473,California
Yuba,2021-06-28,61,46609,33,16399,24,27295,4,2915,27,3629,34,22875,31,26504,California
Yuba,2021-06-29,162,46771,86,16485,67,27362,9,2924,61,3599,100,22975,70,26574,California
Yuba,2021-06-30,135,46906,77,16562,51,27413,7,2931,68,3607,67,23042,75,26649,California
Yuba,2021-07-01,116,47022,80,16642,30,27443,6,2937,42,3582,73,23115,48,26697,California
Yuba,2021-07-02,123,47145,51,16693,56,27499,16,2953,39,3553,84,23199,55,26752,California
Yuba,2021-07-03,63,47208,44,16737,19,27518,0,2953,34,3558,29,23228,34,26786,California
Yuba,2021-07-04,6,47214,3,16740,3,27521,0,2953,3,3558,3,23231,3,26789,California
Yuba,2021-07-05,34,47248,16,16756,17,27538,1,2954,20,3565,14,23245,21,26810,California
