county,administered_date,total_doses,cumulative_total_doses,pfizer_doses,cumulative_pfizer_doses,moderna_doses,cumulative_moderna_doses,jj_doses,cumulative_jj_doses,partially_vaccinated,total_partially_vaccinated,fully_vaccinated,cumulative_fully_vaccinated,at_least_one_dose,cumulative_at_least_one_dose,california_flag
All CA Counties,2020-12-15,1128,1128,1128,1128,0,0,0,0,1128,1128,0,0,1128,1128,
All CA Counties,2020-12-16,8242,9370,8242,9370,0,0,0,0,8242,9370,0,0,8242,9370,
All CA Counties,2020-12-17,25730,35100,25730,35100,0,0,0,0,25765,35135,0,0,25765,35135,
All CA Counties,2020-12-18,43869,78969,43788,78888,81,81,0,0,43920,79055,0,0,43920,79055,
All CA Counties,2020-12-19,25244,104213,25222,104110,22,103,0,0,25243,104297,1,1,25243,104298,
All CA Counties,2020-12-20,18946,123159,18917,123027,29,132,0,0,18945,123241,1,2,18945,123243,
All CA Counties,2020-12-21,49643,172802,49559,172586,84,216,0,0,49683,172923,1,3,49683,172926,
All CA Counties,2020-12-22,49949,222751,47803,220389,2146,2362,0,0,49947,222869,1,4,49947,222873,
All CA Counties,2020-12-23,50278,273029,41585,261974,8693,11055,0,0,50274,273143,0,4,50274,273147,
All CA Counties,2020-12-24,23997,297026,16311,278285,7686,18741,0,0,23994,297136,1,5,23994,297141,
All CA Counties,2020-12-25,2327,299353,2008,280293,319,19060,0,0,2327,299463,0,5,2327,299468,
All CA Counties,2020-12-26,14594,313947,9425,289718,5169,24229,0,0,14593,314055,1,6,14593,314061,
All CA Counties,2020-12-27,9379,323326,5561,295279,3818,28047,0,0,9378,323432,1,7,9378,323439,
All CA Counties,2020-12-28,45631,368957,29265,324544,16366,44413,0,0,45628,369057,3,10,45628,369067,
All CA Counties,2020-12-29,51055,420012,28577,353121,22478,66891,0,0,51051,420105,3,13,51051,420118,
All CA Counties,2020-12-30,62914,482926,35652,388773,27262,94153,0,0,62907,483009,3,16,62907,483025,
All CA Counties,2020-12-31,29200,512126,10750,399523,18450,112603,0,0,29193,512198,4,20,29193,512218,
All CA Counties,2021-01-01,3774,515900,1656,401179,2118,114721,0,0,3770,515966,2,22,3770,515988,
All CA Counties,2021-01-02,18380,534280,10203,411382,8177,122898,0,0,18379,534345,0,22,18379,534367,
All CA Counties,2021-01-03,6102,540382,3459,414841,2643,125541,0,0,6073,540406,12,34,6073,540440,
All CA Counties,2021-01-04,43257,583639,21887,436728,21370,146911,0,0,43180,583543,43,77,43180,583620,
All CA Counties,2021-01-05,56161,639800,29595,466323,26566,173477,0,0,50679,628879,5427,5504,50763,634383,
All CA Counties,2021-01-06,72903,712703,40351,506674,32552,206029,0,0,57586,671364,15129,20633,57614,691997,
All CA Counties,2021-01-07,91600,804303,52137,558811,39463,245492,0,0,61166,702296,30274,50907,61206,753203,
All CA Counties,2021-01-08,106139,910442,64091,622902,42048,287540,0,0,65005,726353,41002,91909,65059,818262,
All CA Counties,2021-01-09,43541,953983,25022,647924,18519,306059,0,0,27462,737777,16060,107969,27484,845746,
All CA Counties,2021-01-10,24180,978163,14797,662721,9383,315442,0,0,12975,739579,11189,119158,12991,858737,
All CA Counties,2021-01-11,103972,1082135,69226,731947,34746,350188,0,0,60303,756349,43629,162787,60399,919136,
All CA Counties,2021-01-12,112469,1194604,66415,798362,46054,396242,0,0,71513,787201,40877,203664,71729,990865,
All CA Counties,2021-01-13,118365,1312969,61302,859664,57063,453305,0,0,84783,838563,33493,237157,84855,1075720,
All CA Counties,2021-01-14,122877,1435846,49272,908936,73605,526910,0,0,103384,922699,19380,256537,103516,1179236,
All CA Counties,2021-01-15,141463,1577309,52017,960953,89446,616356,0,0,126479,1034462,14882,271419,126645,1305881,
All CA Counties,2021-01-16,80428,1657737,27375,988328,53053,669409,0,0,72925,1099955,7479,278898,72972,1378853,
All CA Counties,2021-01-17,48007,1705744,16736,1005064,31271,700680,0,0,44393,1140782,3609,282507,44436,1423289,
All CA Counties,2021-01-18,87598,1793342,45554,1050618,42044,742724,0,0,68488,1190385,19033,301540,68636,1491925,
All CA Counties,2021-01-19,140765,1934107,73280,1123898,67485,810209,0,0,109719,1269454,30953,332493,110022,1601947,
All CA Counties,2021-01-20,157843,2091950,80038,1203936,77805,888014,0,0,124753,1361527,32915,365408,124988,1726935,
All CA Counties,2021-01-21,171832,2263782,76053,1279989,95779,983793,0,0,153018,1496237,18616,384024,153326,1880261,
All CA Counties,2021-01-22,168350,2432132,68655,1348644,99695,1083488,0,0,154211,1636587,14013,398037,154363,2034624,
All CA Counties,2021-01-23,110854,2542986,49294,1397938,61560,1145048,0,0,98367,1722633,12431,410468,98477,2133101,
All CA Counties,2021-01-24,60717,2603703,29389,1427327,31328,1176376,0,0,56110,1774215,4579,415047,56161,2189262,
All CA Counties,2021-01-25,143561,2747264,64756,1492083,78805,1255181,0,0,108987,1849060,34475,449522,109320,2298582,
All CA Counties,2021-01-26,167195,2914459,82137,1574220,85058,1340239,0,0,130204,1942676,36848,486370,130464,2429046,
All CA Counties,2021-01-27,178509,3092968,87447,1661667,91062,1431301,0,0,139761,2044278,38366,524736,139968,2569014,
All CA Counties,2021-01-28,186156,3279124,85659,1747326,100497,1531798,0,0,152449,2163505,33412,558148,152639,2721653,
All CA Counties,2021-01-29,182100,3461224,87661,1834987,94439,1626237,0,0,147875,2277867,33661,591809,148023,2869676,
All CA Counties,2021-01-30,122741,3583965,54996,1889983,67745,1693982,0,0,107850,2371119,14731,606540,107983,2977659,
All CA Counties,2021-01-31,69064,3653029,38806,1928789,30258,1724240,0,0,64063,2430269,4957,611497,64107,3041766,
All CA Counties,2021-02-01,157736,3810765,72671,2001460,85065,1809305,0,0,119780,2512349,37823,649320,119903,3161669,
All CA Counties,2021-02-02,184550,3995315,79283,2080743,105267,1914572,0,0,139020,2606396,45188,694508,139235,3300904,
All CA Counties,2021-02-03,209583,4204898,94750,2175493,114833,2029405,0,0,156109,2709714,53010,747518,156328,3457232,
All CA Counties,2021-02-04,226801,4431699,99701,2275194,127100,2156505,0,0,166600,2816975,59675,807193,166936,3624168,
All CA Counties,2021-02-05,244769,4676468,106001,2381195,138768,2295273,0,0,166751,2906993,77266,884459,167284,3791452,
All CA Counties,2021-02-06,154352,4830820,74552,2455747,79800,2375073,0,0,119838,2992964,34351,918810,120322,3911774,
All CA Counties,2021-02-07,66467,4897287,42953,2498700,23514,2398587,0,0,50147,3027318,16235,935045,50589,3962363,
All CA Counties,2021-02-08,179533,5076820,88111,2586811,91422,2490009,0,0,118752,3086447,60351,995396,119480,4081843,
All CA Counties,2021-02-09,209500,5286320,101384,2688195,108116,2598125,0,0,125763,3129999,83329,1078725,126881,4208724,
All CA Counties,2021-02-10,246985,5533305,119336,2807531,127649,2725774,0,0,137858,3160960,108333,1187058,139294,4348018,
All CA Counties,2021-02-11,261262,5794567,129186,2936717,132076,2857850,0,0,143515,3189460,116769,1303827,145269,4493287,
All CA Counties,2021-02-12,270345,6064912,118562,3055279,151783,3009633,0,0,146558,3215254,123081,1426908,148875,4642162,
All CA Counties,2021-02-13,166178,6231090,76999,3132278,89179,3098812,0,0,91877,3235165,73899,1500807,93810,4735972,
All CA Counties,2021-02-14,95028,6326118,47368,3179646,47660,3146472,0,0,51533,3245021,43357,1544164,53213,4789185,
All CA Counties,2021-02-15,141168,6467286,62110,3241756,79058,3225530,0,0,78344,3264068,62495,1606659,81542,4870727,
All CA Counties,2021-02-16,246349,6713635,117339,3359095,129010,3354540,0,0,132189,3285874,113835,1720494,135641,5006368,
All CA Counties,2021-02-17,256099,6969734,127804,3486899,128295,3482835,0,0,128180,3290277,127453,1847947,131856,5138224,
All CA Counties,2021-02-18,269101,7238835,140440,3627339,128661,3611496,0,0,130855,3288199,137650,1985597,135572,5273796,
All CA Counties,2021-02-19,249560,7488395,144893,3772232,104667,3716163,0,0,129787,3300801,119359,2104956,131961,5405757,
All CA Counties,2021-02-20,150496,7638891,96645,3868877,53851,3770014,0,0,83265,3319343,67022,2171978,85564,5491321,
All CA Counties,2021-02-21,71620,7710511,57777,3926654,13843,3783857,0,0,35354,3320968,36083,2208061,37708,5529029,
All CA Counties,2021-02-22,162342,7872853,109240,4035894,53102,3836959,0,0,81797,3325040,80265,2288326,84337,5613366,
All CA Counties,2021-02-23,220692,8093545,116522,4152416,104170,3941129,0,0,102746,3317362,117448,2405774,109770,5723136,
All CA Counties,2021-02-24,280073,8373618,141477,4293893,138596,4079725,0,0,134221,3314973,145300,2551074,142911,5866047,
All CA Counties,2021-02-25,314453,8688071,154450,4448343,160003,4239728,0,0,164877,3340410,148958,2700032,174395,6040442,
All CA Counties,2021-02-26,348455,9036526,162807,4611150,185648,4425376,0,0,195343,3390746,152320,2852352,202656,6243098,
All CA Counties,2021-02-27,245689,9282215,117268,4728418,128404,4553780,17,17,139306,3428795,105863,2958215,143912,6387010,
All CA Counties,2021-02-28,129089,9411304,77044,4805462,52043,4605823,2,19,75712,3455290,53064,3011279,79559,6466569,
All CA Counties,2021-03-01,234794,9646098,124412,4929874,110358,4716181,24,43,135663,3497304,98586,3109865,140600,6607169,
All CA Counties,2021-03-02,265793,9911891,129802,5059676,135981,4852162,10,53,160686,3561187,104705,3214570,168588,6775757,
All CA Counties,2021-03-03,323359,10235250,159387,5219063,163940,5016102,32,85,185272,3617239,137496,3352066,193548,6969305,
All CA Counties,2021-03-04,335628,10570878,168107,5387170,167440,5183542,81,166,198229,3686329,136817,3488883,205907,7175212,
All CA Counties,2021-03-05,325463,10896341,158492,5545662,165878,5349420,1093,1259,202300,3775371,122461,3611344,211503,7386715,
All CA Counties,2021-03-06,248410,11144751,127649,5673311,112995,5462415,7766,9025,154530,3849648,93555,3704899,167832,7554547,
All CA Counties,2021-03-07,123651,11268402,75229,5748540,44416,5506831,4006,13031,76934,3889513,46573,3751472,86438,7640985,
All CA Counties,2021-03-08,210854,11479256,101796,5850336,98794,5605625,10264,23295,137773,3969755,72786,3824258,153028,7794013,
All CA Counties,2021-03-09,260307,11739563,112447,5962783,132184,5737809,15676,38971,141116,4013978,118799,3943057,163022,7957035,
All CA Counties,2021-03-10,308319,12047882,150903,6113686,134158,5871967,23258,62229,167331,4070112,140481,4083538,196615,8153650,
All CA Counties,2021-03-11,365320,12413202,176548,6290234,157198,6029165,31574,93803,189168,4121406,175367,4258905,226661,8380311,
All CA Counties,2021-03-12,385821,12799023,171592,6461826,168616,6197781,45613,139416,188596,4163130,196557,4455462,238281,8618592,
All CA Counties,2021-03-13,276795,13075818,121198,6583024,124988,6322769,30609,170025,149543,4220718,126887,4582349,184475,8803067,
All CA Counties,2021-03-14,151225,13227043,81096,6664120,55380,6378149,14749,184774,81432,4249753,69563,4651912,98598,8901665,
All CA Counties,2021-03-15,286603,13513646,136481,6800601,129846,6507995,20276,205050,156403,4302127,129599,4781511,181973,9083638,
All CA Counties,2021-03-16,365081,13878727,171404,6972005,176658,6684653,17019,222069,213736,4387791,150683,4932194,236347,9319985,
All CA Counties,2021-03-17,377205,14255932,187367,7159372,171929,6856582,17909,239978,234359,4501247,142154,5074348,255610,9575595,
All CA Counties,2021-03-18,389178,14645110,199260,7358632,172302,7028884,17616,257594,232557,4601384,155750,5230098,255887,9831482,
All CA Counties,2021-03-19,400527,15045637,209810,7568442,169535,7198419,21182,278776,235059,4695733,164667,5394765,259016,10090498,
All CA Counties,2021-03-20,288114,15333751,151097,7719539,121635,7320054,15382,294158,185191,4796175,102368,5497133,202810,10293308,
All CA Counties,2021-03-21,140815,15474566,97019,7816558,36422,7356476,7374,301532,89095,4845326,51476,5548609,100627,10393935,
All CA Counties,2021-03-22,266998,15741564,156103,7972661,100097,7456573,10798,312330,177010,4948641,89418,5638027,192733,10586668,
All CA Counties,2021-03-23,349631,16091195,191985,8164646,147036,7603609,10610,322940,226697,5068923,122185,5760212,242467,10829135,
All CA Counties,2021-03-24,379221,16470416,217834,8382480,149388,7752997,11999,334939,224228,5156248,154033,5914245,241358,11070493,
All CA Counties,2021-03-25,405005,16875421,222747,8605227,168272,7921269,13986,348925,234263,5238975,169672,6083917,252399,11322892,
All CA Counties,2021-03-26,422330,17297751,224976,8830203,181683,8102952,15671,364596,234126,5306570,187194,6271111,254789,11577681,
All CA Counties,2021-03-27,304519,17602270,161672,8991875,131638,8234590,11209,375805,156820,5329854,147028,6418139,170312,11747993,
All CA Counties,2021-03-28,165454,17767724,105776,9097651,56039,8290629,3639,379444,90770,5351803,74375,6492514,96324,11844317,
All CA Counties,2021-03-29,301347,18069071,162969,9260620,130028,8420657,8350,387794,173058,5410380,127710,6620224,186287,12030604,
All CA Counties,2021-03-30,389036,18458107,196711,9457331,175643,8596300,16682,404476,239618,5521128,148824,6769048,259572,12290176,
All CA Counties,2021-03-31,416881,18874988,226836,9684167,169136,8765436,20909,425385,241843,5610756,174276,6943324,263904,12554080,
All CA Counties,2021-04-01,475792,19350780,243310,9927477,194206,8959642,38276,463661,267011,5710873,207960,7151284,308077,12862157,
All CA Counties,2021-04-02,457639,19808419,223296,10150773,193221,9152863,41122,504783,251931,5801092,204705,7355989,294924,13157081,
All CA Counties,2021-04-03,319624,20128043,162180,10312953,117757,9270620,39687,544470,162657,5848619,156461,7512450,203988,13361069,
All CA Counties,2021-04-04,128436,20256479,66804,10379757,43874,9314494,17758,562228,57135,5852666,71111,7583561,75158,13436227,
All CA Counties,2021-04-05,343063,20599542,178048,10557805,126583,9441077,38432,600660,173212,5897808,169380,7752941,214522,13650749,
All CA Counties,2021-04-06,448743,21048285,228414,10786219,156032,9597109,64297,664957,220786,5958836,227205,7980146,288233,13938982,
All CA Counties,2021-04-07,462928,21511213,241696,11027915,153328,9750437,67904,732861,228921,6025146,233210,8213356,299520,14238502,
All CA Counties,2021-04-08,483298,21994511,246600,11274515,155629,9906066,81069,813930,231242,6089302,251144,8464500,315300,14553802,
All CA Counties,2021-04-09,457715,22452226,226246,11500761,158760,10064826,72709,886639,214282,6137740,242559,8707059,290997,14844799,
All CA Counties,2021-04-10,352119,22804345,160386,11661147,119902,10184728,71831,958470,148346,6158394,203197,8910256,223851,15068650,
All CA Counties,2021-04-11,181626,22985971,101643,11762790,46756,10231484,33227,991697,75853,6164843,105497,9015753,111946,15180596,
All CA Counties,2021-04-12,319529,23305500,162606,11925396,121428,10352912,35495,1027192,150573,6185542,168177,9183930,188876,15369472,
All CA Counties,2021-04-13,408621,23714121,228085,12153481,179683,10532595,853,1028045,229378,6241716,178424,9362354,234598,15604070,
All CA Counties,2021-04-14,398399,24112520,220133,12373614,178045,10710640,221,1028266,209151,6269625,188386,9550740,216295,15820365,
All CA Counties,2021-04-15,415277,24527797,243517,12617131,171587,10882227,173,1028439,233700,6328155,180585,9731325,239115,16059480,
All CA Counties,2021-04-16,387351,24915148,215671,12832802,171495,11053722,185,1028624,201099,6347281,185477,9916802,204603,16264083,
All CA Counties,2021-04-17,161333,25076481,98589,12931391,62737,11116459,7,1028631,99813,6387098,61275,9978077,101092,16365175,
All CA and Non-CA Counties,2020-12-15,1135,1135,1135,1135,0,0,0,0,1135,1135,0,0,1135,1135,
All CA and Non-CA Counties,2020-12-16,8375,9510,8375,9510,0,0,0,0,8375,9510,0,0,8375,9510,
All CA and Non-CA Counties,2020-12-17,27292,36802,27292,36802,0,0,0,0,27292,36802,0,0,27292,36802,
All CA and Non-CA Counties,2020-12-18,46286,83088,46201,83003,85,85,0,0,46286,83088,0,0,46286,83088,
All CA and Non-CA Counties,2020-12-19,26304,109392,26281,109284,23,108,0,0,26303,109390,1,1,26303,109391,
All CA and Non-CA Counties,2020-12-20,19609,129001,19578,128862,31,139,0,0,19608,128997,1,2,19608,128999,
All CA and Non-CA Counties,2020-12-21,51743,180744,51658,180520,85,224,0,0,51741,180737,1,3,51741,180740,
All CA and Non-CA Counties,2020-12-22,51872,232616,49694,230214,2178,2402,0,0,51870,232606,1,4,51870,232610,
All CA and Non-CA Counties,2020-12-23,51698,284314,42888,273102,8810,11212,0,0,51694,284300,0,4,51694,284304,
All CA and Non-CA Counties,2020-12-24,24798,309112,16920,290022,7878,19090,0,0,24795,309094,1,5,24795,309099,
All CA and Non-CA Counties,2020-12-25,2359,311471,2036,292058,323,19413,0,0,2359,311453,0,5,2359,311458,
All CA and Non-CA Counties,2020-12-26,14902,326373,9629,301687,5273,24686,0,0,14901,326353,1,6,14901,326359,
All CA and Non-CA Counties,2020-12-27,9566,335939,5633,307320,3933,28619,0,0,9565,335917,1,7,9565,335924,
All CA and Non-CA Counties,2020-12-28,47022,382961,30143,337463,16879,45498,0,0,47019,382933,3,10,47019,382943,
All CA and Non-CA Counties,2020-12-29,52505,435466,29504,366967,23001,68499,0,0,52501,435431,3,13,52501,435444,
All CA and Non-CA Counties,2020-12-30,64810,500276,36896,403863,27914,96413,0,0,64802,500230,3,16,64802,500246,
All CA and Non-CA Counties,2020-12-31,30262,530538,11329,415192,18933,115346,0,0,30253,530478,5,21,30253,530499,
All CA and Non-CA Counties,2021-01-01,3883,534421,1678,416870,2205,117551,0,0,3879,534355,2,23,3879,534378,
All CA and Non-CA Counties,2021-01-02,18621,553042,10335,427205,8286,125837,0,0,18619,552973,1,24,18619,552997,
All CA and Non-CA Counties,2021-01-03,6274,559316,3551,430756,2723,128560,0,0,6245,559206,12,36,6245,559242,
All CA and Non-CA Counties,2021-01-04,44381,603697,22392,453148,21989,150549,0,0,44298,603461,43,79,44298,603540,
All CA and Non-CA Counties,2021-01-05,57599,661296,30342,483490,27257,177806,0,0,51981,649965,5561,5640,52065,655605,
All CA and Non-CA Counties,2021-01-06,75502,736798,41895,525385,33607,211413,0,0,59497,693667,15823,21463,59525,715130,
All CA and Non-CA Counties,2021-01-07,95782,832580,54741,580126,41041,252454,0,0,63685,725459,31935,53398,63727,778857,
All CA and Non-CA Counties,2021-01-08,110424,943004,66807,646933,43617,296071,0,0,67535,750303,42748,96146,67592,846449,
All CA and Non-CA Counties,2021-01-09,44869,987873,25555,672488,19314,315385,0,0,28462,762402,16387,112533,28486,874935,
All CA and Non-CA Counties,2021-01-10,24481,1012354,14975,687463,9506,324891,0,0,13157,764267,11308,123841,13173,888108,
All CA and Non-CA Counties,2021-01-11,107202,1119556,71193,758656,36009,360900,0,0,62218,781637,44944,168785,62314,950422,
All CA and Non-CA Counties,2021-01-12,116205,1235761,68658,827314,47547,408447,0,0,73772,813278,42349,211134,73990,1024412,
All CA and Non-CA Counties,2021-01-13,121861,1357622,63024,890338,58837,467284,0,0,87190,865953,34588,245722,87263,1111675,
All CA and Non-CA Counties,2021-01-14,126497,1484119,50512,940850,75985,543269,0,0,106390,952483,19992,265714,106522,1218197,
All CA and Non-CA Counties,2021-01-15,145454,1629573,52937,993787,92517,635786,0,0,130038,1067377,15310,281024,130204,1348401,
All CA and Non-CA Counties,2021-01-16,82958,1712531,27736,1021523,55222,691008,0,0,75280,1135053,7651,288675,75327,1423728,
All CA and Non-CA Counties,2021-01-17,48456,1760987,16884,1038407,31572,722580,0,0,44792,1176230,3658,292333,44835,1468563,
All CA and Non-CA Counties,2021-01-18,88736,1849723,46340,1084747,42396,764976,0,0,69170,1226061,19488,311821,69319,1537882,
All CA and Non-CA Counties,2021-01-19,144742,1994465,74591,1159338,70151,835127,0,0,112852,1307421,31797,343618,113157,1651039,
All CA and Non-CA Counties,2021-01-20,162202,2156667,81450,1240788,80752,915879,0,0,128182,1401997,33842,377460,128418,1779457,
All CA and Non-CA Counties,2021-01-21,175827,2332494,77091,1317879,98736,1014615,0,0,156501,1539692,19114,396574,156809,1936266,
All CA and Non-CA Counties,2021-01-22,172751,2505245,69681,1387560,103070,1117685,0,0,158220,1683666,14399,410973,158373,2094639,
All CA and Non-CA Counties,2021-01-23,113065,2618310,49629,1437189,63436,1181121,0,0,100412,1771592,12596,423569,100522,2195161,
All CA and Non-CA Counties,2021-01-24,61323,2679633,29636,1466825,31687,1212808,0,0,56639,1823625,4657,428226,56690,2251851,
All CA and Non-CA Counties,2021-01-25,147875,2827508,66665,1533490,81210,1294018,0,0,112462,1901093,35328,463554,112796,2364647,
All CA and Non-CA Counties,2021-01-26,173112,3000620,85069,1618559,88043,1382061,0,0,135334,1999038,37657,501211,135602,2500249,
All CA and Non-CA Counties,2021-01-27,183106,3183726,90057,1708616,93049,1475110,0,0,143816,2104134,38929,540140,144025,2644274,
All CA and Non-CA Counties,2021-01-28,191157,3374883,88470,1797086,102687,1577797,0,0,156972,2227386,33910,574050,157162,2801436,
All CA and Non-CA Counties,2021-01-29,186765,3561648,90652,1887738,96113,1673910,0,0,151834,2344991,34379,608429,151984,2953420,
All CA and Non-CA Counties,2021-01-30,126820,3688468,57309,1945047,69511,1743421,0,0,111711,2441881,14954,623383,111844,3065264,
All CA and Non-CA Counties,2021-01-31,72245,3760713,41590,1986637,30655,1774076,0,0,67191,2504107,5010,628393,67236,3132500,
All CA and Non-CA Counties,2021-02-01,163088,3923801,75165,2061802,87923,1861999,0,0,124481,2590234,38477,666870,124604,3257104,
All CA and Non-CA Counties,2021-02-02,191251,4115052,81434,2143236,109817,1971816,0,0,145023,2689594,45878,712748,145238,3402342,
All CA and Non-CA Counties,2021-02-03,216721,4331773,96772,2240008,119949,2091765,0,0,162430,2798427,53817,766565,162650,3564992,
All CA and Non-CA Counties,2021-02-04,233424,4565197,101813,2341821,131611,2223376,0,0,172276,2910429,60610,827175,172612,3737604,
All CA and Non-CA Counties,2021-02-05,251263,4816460,108076,2449897,143187,2366563,0,0,172263,3004970,78255,905430,172796,3910400,
All CA and Non-CA Counties,2021-02-06,158620,4975080,76713,2526610,81907,2448470,0,0,123675,3094356,34776,940206,124162,4034562,
All CA and Non-CA Counties,2021-02-07,68644,5043724,44748,2571358,23896,2472366,0,0,52245,3130731,16314,956520,52689,4087251,
All CA and Non-CA Counties,2021-02-08,184707,5228431,91390,2662748,93317,2565683,0,0,122863,3192925,61397,1017917,123591,4210842,
All CA and Non-CA Counties,2021-02-09,213618,5442049,103253,2766001,110365,2676048,0,0,128594,3238051,84600,1102517,129726,4340568,
All CA and Non-CA Counties,2021-02-10,252272,5694321,121137,2887138,131135,2807183,0,0,140794,3269646,110677,1213194,142272,4482840,
All CA and Non-CA Counties,2021-02-11,265556,5959877,131131,3018269,134425,2941608,0,0,146653,3300153,117917,1331111,148424,4631264,
All CA and Non-CA Counties,2021-02-12,274989,6234866,120211,3138480,154778,3096386,0,0,149584,3327362,124696,1455807,151905,4783169,
All CA and Non-CA Counties,2021-02-13,168371,6403237,77600,3216080,90771,3187157,0,0,93637,3348610,74333,1530140,95581,4878750,
All CA and Non-CA Counties,2021-02-14,96342,6499579,47767,3263847,48575,3235732,0,0,52615,3359323,43584,1573724,54297,4933047,
All CA and Non-CA Counties,2021-02-15,143636,6643215,63624,3327471,80012,3315744,0,0,79503,3378242,63786,1637510,82705,5015752,
All CA and Non-CA Counties,2021-02-16,252629,6895844,120217,3447688,132412,3448156,0,0,134707,3398816,117589,1755099,138163,5153915,
All CA and Non-CA Counties,2021-02-17,261729,7157573,130584,3578272,131145,3579301,0,0,129845,3400931,131410,1886509,133525,5287440,
All CA and Non-CA Counties,2021-02-18,275146,7432719,144000,3722272,131146,3710447,0,0,132661,3396432,141878,2028387,137379,5424819,
All CA and Non-CA Counties,2021-02-19,254720,7687439,148506,3870778,106214,3816661,0,0,131708,3407722,122593,2150980,133883,5558702,
All CA and Non-CA Counties,2021-02-20,153588,7841027,99237,3970015,54351,3871012,0,0,84342,3425332,69032,2220012,86642,5645344,
All CA and Non-CA Counties,2021-02-21,73420,7914447,59369,4029384,14051,3885063,0,0,35966,3426386,37266,2257278,38320,5683664,
All CA and Non-CA Counties,2021-02-22,165022,8079469,111104,4140488,53918,3938981,0,0,82723,3429635,82019,2339297,85268,5768932,
All CA and Non-CA Counties,2021-02-23,225700,8305169,119019,4259507,106681,4045662,0,0,104265,3420005,120932,2460229,111302,5880234,
All CA and Non-CA Counties,2021-02-24,285247,8590416,144015,4403522,141232,4186894,0,0,135690,3415389,149001,2609230,144385,6024619,
All CA and Non-CA Counties,2021-02-25,320156,8910572,156928,4560450,163228,4350122,0,0,166912,3439216,152607,2761837,176434,6201053,
All CA and Non-CA Counties,2021-02-26,354313,9264885,165721,4726171,188592,4538714,0,0,197729,3488549,155710,2917547,205043,6406096,
All CA and Non-CA Counties,2021-02-27,250153,9515038,119488,4845659,130647,4669361,18,18,140510,3524555,109113,3026660,145119,6551215,
All CA and Non-CA Counties,2021-02-28,131473,9646511,78813,4924472,52658,4722019,2,20,76473,3550193,54683,3081343,80321,6631536,
All CA and Non-CA Counties,2021-03-01,239223,9885734,127320,5051792,111879,4833898,24,44,136765,3589993,101906,3183249,141706,6773242,
All CA and Non-CA Counties,2021-03-02,271579,10157313,131621,5183413,139948,4973846,10,54,162285,3651286,108895,3292144,170188,6943430,
All CA and Non-CA Counties,2021-03-03,330161,10487474,161581,5344994,168547,5142393,33,87,187074,3704138,142504,3434648,195356,7138786,
All CA and Non-CA Counties,2021-03-04,341578,10829052,170388,5515382,171108,5313501,82,169,200025,3770911,140934,3575582,207707,7346493,
All CA and Non-CA Counties,2021-03-05,329650,11158702,160275,5675657,168269,5481770,1106,1275,204359,3859890,124604,3700186,213583,7560076,
All CA and Non-CA Counties,2021-03-06,252314,11411016,129296,5804953,115094,5596864,7924,9199,156391,3934161,95588,3795774,169859,7729935,
All CA and Non-CA Counties,2021-03-07,125106,11536122,76200,5881153,44846,5641710,4060,13259,77768,3974296,47192,3842966,87327,7817262,
All CA and Non-CA Counties,2021-03-08,213459,11749581,103315,5984468,99631,5741341,10513,23772,139587,4055846,73546,3916512,155096,7972358,
All CA and Non-CA Counties,2021-03-09,264121,12013702,114281,6098749,133851,5875192,15989,39761,143235,4100811,120490,4037002,165455,8137813,
All CA and Non-CA Counties,2021-03-10,311730,12325432,152286,6251035,135697,6010889,23747,63508,169214,4157810,141994,4178996,198993,8336806,
All CA and Non-CA Counties,2021-03-11,370674,12696106,179184,6430219,159232,6170121,32258,95766,191902,4209911,177979,4356975,230080,8566886,
All CA and Non-CA Counties,2021-03-12,391026,13087132,174484,6604703,170220,6340341,46322,142088,191377,4252710,198973,4555948,241772,8808658,
All CA and Non-CA Counties,2021-03-13,280098,13367230,123062,6727765,125959,6466300,31077,173165,151720,4311826,128006,4683954,187122,8995780,
All CA and Non-CA Counties,2021-03-14,152977,13520207,81985,6809750,55915,6522215,15077,188242,82469,4341512,70278,4754232,99964,9095744,
All CA and Non-CA Counties,2021-03-15,289652,13809859,137833,6947583,131156,6653371,20663,208905,158162,4394748,130888,4885120,184124,9279868,
All CA and Non-CA Counties,2021-03-16,371042,14180901,174405,7121988,179273,6832644,17364,226269,217149,4481583,153269,5038389,240104,9519972,
All CA and Non-CA Counties,2021-03-17,383436,14564337,190778,7312766,174403,7007047,18255,244524,238167,4596716,144632,5183021,259765,9779737,
All CA and Non-CA Counties,2021-03-18,395702,14960039,202861,7515627,174715,7181762,18126,262650,236562,4698883,158235,5341256,260402,10040139,
All CA and Non-CA Counties,2021-03-19,406161,15366200,212937,7728564,171509,7353271,21715,284365,238546,4795100,166822,5508078,263039,10303178,
All CA and Non-CA Counties,2021-03-20,291781,15657981,153566,7882130,122755,7476026,15460,299825,188153,4897881,103069,5611147,205850,10509028,
All CA and Non-CA Counties,2021-03-21,142500,15800481,98166,7980296,36873,7512899,7461,307286,90393,4948033,51861,5663008,102013,10611041,
All CA and Non-CA Counties,2021-03-22,269662,16070143,157558,8137854,101232,7614131,10872,318158,178763,5052269,90324,5753332,194560,10805601,
All CA and Non-CA Counties,2021-03-23,355111,16425254,194619,8332473,149615,7763746,10877,329035,230530,5175013,123823,5877155,246567,11052168,
All CA and Non-CA Counties,2021-03-24,385505,16810759,220781,8553254,152312,7916058,12412,341447,229012,5266036,155529,6032684,246552,11298720,
All CA and Non-CA Counties,2021-03-25,412204,17222963,225743,8778997,171995,8088053,14466,355913,239836,5353199,171290,6203974,258453,11557173,
All CA and Non-CA Counties,2021-03-26,428310,17651273,228071,9007068,184396,8272449,15843,371756,238365,5423472,188926,6392900,259199,11816372,
All CA and Non-CA Counties,2021-03-27,308734,17960007,164149,9171217,133336,8405785,11249,383005,159791,5448526,148266,6541166,173320,11989692,
All CA and Non-CA Counties,2021-03-28,167976,18127983,107030,9278247,57234,8463019,3712,386717,92432,5471356,75229,6616395,98059,12087751,
All CA and Non-CA Counties,2021-03-29,305741,18433724,164870,9443117,132266,8595285,8605,395322,175778,5531237,129382,6745777,189263,12277014,
All CA and Non-CA Counties,2021-03-30,395031,18828755,199723,9642840,178091,8773376,17217,412539,243351,5644011,151075,6896852,263849,12540863,
All CA and Non-CA Counties,2021-03-31,422180,19250935,229814,9872654,170722,8944098,21644,434183,244995,5735381,176420,7073272,267790,12808653,
All CA and Non-CA Counties,2021-04-01,481907,19732842,246729,10119383,196285,9140383,38893,473076,270649,5837280,210432,7283704,312331,13120984,
All CA and Non-CA Counties,2021-04-02,465015,20197857,227228,10346611,195590,9335973,42197,515273,255942,5929226,208066,7491770,300012,13420996,
All CA and Non-CA Counties,2021-04-03,325335,20523192,165526,10512137,118972,9454945,40837,556110,165677,5978237,159147,7650917,208158,13629154,
All CA and Non-CA Counties,2021-04-04,130046,20653238,67618,10579755,44441,9499386,17987,574097,58023,5982680,71832,7722749,76275,13705429,
All CA and Non-CA Counties,2021-04-05,346522,20999760,179777,10759532,127811,9627197,38934,613031,174889,6028223,171159,7893908,216702,13922131,
All CA and Non-CA Counties,2021-04-06,454233,21453993,231174,10990706,157474,9784671,65585,678616,222948,6089384,230520,8124428,291681,14213812,
All CA and Non-CA Counties,2021-04-07,469350,21923343,245035,11235741,154853,9939524,69462,748078,231452,6155890,237093,8361521,303599,14517411,
All CA and Non-CA Counties,2021-04-08,489961,22413304,249977,11485718,157166,10096690,82818,830896,233907,6220462,255135,8616656,319707,14837118,
All CA and Non-CA Counties,2021-04-09,463356,22876660,229097,11714815,159933,10256623,74326,905222,216416,6269150,246063,8862719,294751,15131869,
All CA and Non-CA Counties,2021-04-10,357421,23234081,163102,11877917,120695,10377318,73624,978846,149813,6289232,207028,9069747,227110,15358979,
All CA and Non-CA Counties,2021-04-11,184008,23418089,102949,11980866,47208,10424526,33851,1012697,76673,6295565,107058,9176805,113391,15472370,
All CA and Non-CA Counties,2021-04-12,322543,23740632,164205,12145071,122417,10546943,35921,1048618,151994,6316523,169765,9346570,190723,15663093,
All CA and Non-CA Counties,2021-04-13,413437,24154069,231025,12376096,181530,10728473,882,1049500,231740,6372640,180872,9527442,236989,15900082,
All CA and Non-CA Counties,2021-04-14,403364,24557433,223272,12599368,179869,10908342,223,1049723,211971,6401232,190525,9717967,219117,16119199,
All CA and Non-CA Counties,2021-04-15,420698,24978131,246771,12846139,173749,11082091,178,1049901,237048,6461056,182649,9900616,242473,16361672,
All CA and Non-CA Counties,2021-04-16,391922,25370053,218110,13064249,173622,11255713,190,1050091,204096,6481620,187042,10087658,207606,16569278,
All CA and Non-CA Counties,2021-04-17,163162,25533215,99492,13163741,63663,11319376,7,1050098,101101,6522190,61811,10149469,102381,16671659,
Outside California,2020-12-15,7,7,7,7,0,0,0,0,7,7,0,0,7,7,Not in California
Outside California,2020-12-16,133,140,133,140,0,0,0,0,133,140,0,0,133,140,Not in California
Outside California,2020-12-17,1526,1666,1526,1666,0,0,0,0,1526,1666,0,0,1526,1666,Not in California
Outside California,2020-12-18,2356,4022,2352,4018,4,4,0,0,2355,4021,0,0,2355,4021,Not in California
Outside California,2020-12-19,979,5001,978,4996,1,5,0,0,979,5000,0,0,979,5000,Not in California
Outside California,2020-12-20,639,5640,637,5633,2,7,0,0,639,5639,0,0,639,5639,Not in California
Outside California,2020-12-21,2059,7699,2058,7691,1,8,0,0,2058,7697,0,0,2058,7697,Not in California
Outside California,2020-12-22,1920,9619,1888,9579,32,40,0,0,1920,9617,0,0,1920,9617,Not in California
Outside California,2020-12-23,1420,11039,1303,10882,117,157,0,0,1420,11037,0,0,1420,11037,Not in California
Outside California,2020-12-24,801,11840,609,11491,192,349,0,0,801,11838,0,0,801,11838,Not in California
Outside California,2020-12-25,32,11872,28,11519,4,353,0,0,32,11870,0,0,32,11870,Not in California
Outside California,2020-12-26,307,12179,203,11722,104,457,0,0,307,12177,0,0,307,12177,Not in California
Outside California,2020-12-27,187,12366,72,11794,115,572,0,0,187,12364,0,0,187,12364,Not in California
Outside California,2020-12-28,1387,13753,874,12668,513,1085,0,0,1387,13751,0,0,1387,13751,Not in California
Outside California,2020-12-29,1447,15200,924,13592,523,1608,0,0,1447,15198,0,0,1447,15198,Not in California
Outside California,2020-12-30,1838,17038,1189,14781,649,2257,0,0,1839,17037,0,0,1839,17037,Not in California
Outside California,2020-12-31,1059,18097,579,15360,480,2737,0,0,1059,18095,1,1,1059,18096,Not in California
Outside California,2021-01-01,109,18206,22,15382,87,2824,0,0,109,18204,0,1,109,18205,Not in California
Outside California,2021-01-02,240,18446,132,15514,108,2932,0,0,239,18442,1,2,239,18444,Not in California
Outside California,2021-01-03,172,18618,92,15606,80,3012,0,0,172,18614,0,2,172,18616,Not in California
Outside California,2021-01-04,1121,19739,502,16108,619,3631,0,0,1116,19730,0,2,1116,19732,Not in California
Outside California,2021-01-05,1436,21175,747,16855,689,4320,0,0,1300,20896,134,136,1300,21032,Not in California
Outside California,2021-01-06,2568,23743,1515,18370,1053,5373,0,0,1905,22131,670,806,1905,22937,Not in California
Outside California,2021-01-07,4073,27816,2498,20868,1575,6948,0,0,2448,22958,1623,2429,2450,25387,Not in California
Outside California,2021-01-08,4261,32077,2695,23563,1566,8514,0,0,2526,23762,1725,4154,2529,27916,Not in California
Outside California,2021-01-09,1325,33402,531,24094,794,9308,0,0,996,24433,327,4481,998,28914,Not in California
Outside California,2021-01-10,301,33703,178,24272,123,9431,0,0,182,24496,119,4600,182,29096,Not in California
Outside California,2021-01-11,3208,36911,1945,26217,1263,10694,0,0,1897,25081,1312,5912,1897,30993,Not in California
Outside California,2021-01-12,3727,40638,2236,28453,1491,12185,0,0,2251,25862,1471,7383,2252,33245,Not in California
Outside California,2021-01-13,3485,44123,1711,30164,1774,13959,0,0,2395,27163,1095,8478,2396,35641,Not in California
Outside California,2021-01-14,3616,47739,1237,31401,2379,16338,0,0,3002,29553,612,9090,3002,38643,Not in California
Outside California,2021-01-15,3987,51726,917,32318,3070,19408,0,0,3555,32680,428,9518,3555,42198,Not in California
Outside California,2021-01-16,2523,54249,354,32672,2169,21577,0,0,2349,34858,171,9689,2349,44547,Not in California
Outside California,2021-01-17,446,54695,145,32817,301,21878,0,0,396,35205,49,9738,396,44943,Not in California
Outside California,2021-01-18,1082,55777,730,33547,352,22230,0,0,628,35381,453,10191,629,45572,Not in California
Outside California,2021-01-19,3954,59731,1289,34836,2665,24895,0,0,3112,37652,843,11034,3114,48686,Not in California
Outside California,2021-01-20,4280,64011,1333,36169,2947,27842,0,0,3402,40180,875,11909,3403,52089,Not in California
Outside California,2021-01-21,3935,67946,980,37149,2955,30797,0,0,3421,43103,498,12407,3421,55510,Not in California
Outside California,2021-01-22,4360,72306,991,38140,3369,34166,0,0,3969,46687,386,12793,3970,59480,Not in California
Outside California,2021-01-23,2199,74505,329,38469,1870,36036,0,0,2033,48555,165,12958,2033,61513,Not in California
Outside California,2021-01-24,604,75109,245,38714,359,36395,0,0,526,49003,78,13036,526,62039,Not in California
Outside California,2021-01-25,4294,79403,1891,40605,2403,38798,0,0,3458,51612,850,13886,3459,65498,Not in California
Outside California,2021-01-26,5822,85225,2837,43442,2985,41783,0,0,5032,55843,809,14695,5040,70538,Not in California
Outside California,2021-01-27,4580,89805,2593,46035,1987,43770,0,0,4039,59322,562,15257,4041,74579,Not in California
Outside California,2021-01-28,4848,94653,2661,48696,2187,45957,0,0,4425,63308,439,15696,4425,79004,Not in California
Outside California,2021-01-29,4517,99170,2844,51540,1673,47630,0,0,3806,66399,717,16413,3808,82812,Not in California
Outside California,2021-01-30,4069,103239,2305,53845,1764,49394,0,0,3848,70025,222,16635,3848,86660,Not in California
Outside California,2021-01-31,3165,106404,2768,56613,397,49791,0,0,3112,73086,52,16687,3113,89773,Not in California
Outside California,2021-02-01,5316,111720,2460,59073,2856,52647,0,0,4680,77129,637,17324,4680,94453,Not in California
Outside California,2021-02-02,6632,118352,2084,61157,4548,57195,0,0,5940,82384,685,18009,5940,100393,Not in California
Outside California,2021-02-03,7088,125440,1975,63132,5113,62308,0,0,6283,87872,796,18805,6284,106677,Not in California
Outside California,2021-02-04,6562,132002,2056,65188,4506,66814,0,0,5620,92562,930,19735,5620,112297,Not in California
Outside California,2021-02-05,6475,138477,2063,67251,4412,71226,0,0,5497,97077,982,20717,5497,117794,Not in California
Outside California,2021-02-06,4249,142726,2147,69398,2102,73328,0,0,3822,100484,418,21135,3825,121619,Not in California
Outside California,2021-02-07,2169,144895,1787,71185,382,73710,0,0,2092,102501,77,21212,2094,123713,Not in California
Outside California,2021-02-08,5120,150015,3228,74413,1892,75602,0,0,4098,105594,1005,22217,4098,127811,Not in California
Outside California,2021-02-09,4098,154113,1850,76263,2248,77850,0,0,2826,107178,1256,23473,2840,130651,Not in California
Outside California,2021-02-10,5251,159364,1770,78033,3481,81331,0,0,2925,107827,2318,25791,2967,133618,Not in California
Outside California,2021-02-11,4201,163565,1853,79886,2348,83679,0,0,3095,109842,1097,26888,3112,136730,Not in California
Outside California,2021-02-12,4596,168161,1611,81497,2985,86664,0,0,3007,111271,1582,28470,3011,139741,Not in California
Outside California,2021-02-13,2178,170339,598,82095,1580,88244,0,0,1743,112592,433,28903,1754,141495,Not in California
Outside California,2021-02-14,1307,171646,398,82493,909,89153,0,0,1077,113445,226,29129,1079,142574,Not in California
Outside California,2021-02-15,2425,174071,1477,83970,948,90101,0,0,1130,113300,1279,30408,1134,143708,Not in California
Outside California,2021-02-16,6175,180246,2782,86752,3393,93494,0,0,2487,112111,3680,34088,2491,146199,Not in California
Outside California,2021-02-17,5620,185866,2772,89524,2848,96342,0,0,1661,109824,3952,38040,1665,147864,Not in California
Outside California,2021-02-18,5939,191805,3459,92983,2480,98822,0,0,1786,107469,4142,42182,1787,149651,Not in California
Outside California,2021-02-19,4962,196767,3421,96404,1541,100363,0,0,1862,106236,3096,45278,1863,151514,Not in California
Outside California,2021-02-20,3080,199847,2587,98991,493,100856,0,0,1072,105304,2005,47283,1073,152587,Not in California
Outside California,2021-02-21,1782,201629,1574,100565,208,101064,0,0,608,104743,1169,48452,608,153195,Not in California
Outside California,2021-02-22,2671,204300,1855,102420,816,101880,0,0,920,103917,1751,50203,925,154120,Not in California
Outside California,2021-02-23,4946,209246,2447,104867,2499,104379,0,0,1504,101997,3437,53640,1517,155637,Not in California
Outside California,2021-02-24,5130,214376,2502,107369,2628,107007,0,0,1454,99785,3671,57311,1459,157096,Not in California
Outside California,2021-02-25,5628,220004,2419,109788,3209,110216,0,0,2009,98198,3600,60911,2013,159109,Not in California
Outside California,2021-02-26,5819,225823,2891,112679,2928,113144,0,0,2362,97185,3376,64287,2363,161472,Not in California
Outside California,2021-02-27,4436,230259,2207,114886,2228,115372,1,1,1184,95130,3242,67529,1187,162659,Not in California
Outside California,2021-02-28,2367,232626,1756,116642,611,115983,0,1,751,94268,1614,69143,752,163411,Not in California
Outside California,2021-03-01,4387,237013,2883,119525,1504,117487,0,1,1079,92050,3301,72444,1083,164494,Not in California
Outside California,2021-03-02,5768,242781,1813,121338,3955,121442,0,1,1589,89456,4184,76628,1590,166084,Not in California
Outside California,2021-03-03,6785,249566,2184,123522,4600,126042,1,2,1789,86247,5004,81632,1795,167879,Not in California
Outside California,2021-03-04,5895,255461,2230,125752,3664,129706,1,3,1773,83938,4086,85718,1777,169656,Not in California
Outside California,2021-03-05,4157,259618,1770,127522,2374,132080,13,16,2025,83847,2137,87855,2046,171702,Not in California
Outside California,2021-03-06,3873,263491,1637,129159,2080,134160,156,172,1839,83826,2024,89879,2003,173705,Not in California
Outside California,2021-03-07,1446,264937,970,130129,422,134582,54,226,829,84094,616,90495,884,174589,Not in California
Outside California,2021-03-08,2572,267509,1496,131625,829,135411,247,473,1806,85418,734,91229,2058,176647,Not in California
Outside California,2021-03-09,3775,271284,1802,133427,1664,137075,309,782,2109,86176,1661,92890,2419,179066,Not in California
Outside California,2021-03-10,3402,274686,1377,134804,1538,138613,487,1269,1877,87038,1508,94398,2370,181436,Not in California
Outside California,2021-03-11,5314,280000,2623,137427,2023,140636,668,1937,2719,87837,2589,96987,3388,184824,Not in California
Outside California,2021-03-12,5116,285116,2836,140263,1582,142218,698,2635,2764,88954,2346,99333,3463,188287,Not in California
Outside California,2021-03-13,3276,288392,1860,142123,954,143172,462,3097,2169,90487,1100,100433,2633,190920,Not in California
Outside California,2021-03-14,1735,290127,880,143003,529,143701,326,3423,1031,91141,704,101137,1358,192278,Not in California
Outside California,2021-03-15,3020,293147,1340,144343,1295,144996,385,3808,1739,91994,1276,102413,2129,194407,Not in California
Outside California,2021-03-16,5900,299047,2980,147323,2578,147574,342,4150,3370,93137,2568,104981,3711,198118,Not in California
Outside California,2021-03-17,6182,305229,3395,150718,2442,150016,345,4495,3761,94771,2473,107454,4107,202225,Not in California
Outside California,2021-03-18,6481,311710,3581,154299,2390,152406,510,5005,3973,96781,2473,109927,4483,206708,Not in California
Outside California,2021-03-19,5607,317317,3108,157407,1966,154372,533,5538,3464,98634,2147,112074,4000,210708,Not in California
Outside California,2021-03-20,3639,320956,2456,159863,1105,155477,78,5616,2944,100966,690,112764,3022,213730,Not in California
Outside California,2021-03-21,1664,322620,1131,160994,446,155923,87,5703,1280,101952,382,113146,1368,215098,Not in California
Outside California,2021-03-22,2632,325252,1438,162432,1121,157044,73,5776,1732,102863,894,114040,1805,216903,Not in California
Outside California,2021-03-23,5456,330708,2625,165057,2569,159613,262,6038,3817,105315,1627,115667,4079,220982,Not in California
Outside California,2021-03-24,6258,336966,2939,167996,2906,162519,413,6451,4761,108995,1491,117158,5171,226153,Not in California
Outside California,2021-03-25,7154,344120,2966,170962,3708,166227,480,6931,5539,113410,1605,118763,6020,232173,Not in California
Outside California,2021-03-26,5944,350064,3078,174040,2699,168926,167,7098,4217,116077,1716,120479,4383,236556,Not in California
Outside California,2021-03-27,4178,354242,2465,176505,1673,170599,40,7138,2952,117848,1218,121697,2989,239545,Not in California
Outside California,2021-03-28,2504,356746,1246,177751,1185,171784,73,7211,1648,118719,850,122547,1721,241266,Not in California
Outside California,2021-03-29,4360,361106,1888,179639,2218,174002,254,7465,2698,120012,1660,124207,2953,244219,Not in California
Outside California,2021-03-30,5961,367067,2993,182632,2433,176435,535,8000,3711,122028,2239,126446,4255,248474,Not in California
Outside California,2021-03-31,5262,372329,2955,185587,1572,178007,735,8735,3125,123753,2134,128580,3859,252333,Not in California
Outside California,2021-04-01,6086,378415,3405,188992,2064,180071,617,9352,3614,125516,2467,131047,4230,256563,Not in California
Outside California,2021-04-02,7312,385727,3916,192908,2331,182402,1065,10417,3981,127237,3327,134374,5048,261611,Not in California
Outside California,2021-04-03,5693,391420,3337,196245,1206,183608,1150,11567,3012,128723,2676,137050,4162,265773,Not in California
Outside California,2021-04-04,1594,393014,809,197054,556,184164,229,11796,878,129114,716,137766,1107,266880,Not in California
Outside California,2021-04-05,3425,396439,1709,198763,1215,185379,501,12297,1658,129510,1764,139530,2160,269040,Not in California
Outside California,2021-04-06,5455,401894,2742,201505,1426,186805,1287,13584,2145,129643,3297,142827,3430,272470,Not in California
Outside California,2021-04-07,6361,408255,3293,204798,1512,188317,1556,15140,2482,129799,3872,146699,4028,276498,Not in California
Outside California,2021-04-08,6609,414864,3333,208131,1531,189848,1745,16885,2632,130199,3970,150669,4370,280868,Not in California
Outside California,2021-04-09,5584,420448,2811,210942,1160,191008,1613,18498,2093,130420,3488,154157,3709,284577,Not in California
Outside California,2021-04-10,5293,425741,2708,213650,792,191800,1793,20291,1465,129853,3824,157981,3257,287834,Not in California
Outside California,2021-04-11,2369,428110,1297,214947,448,192248,624,20915,815,129740,1553,159534,1440,289274,Not in California
Outside California,2021-04-12,2975,431085,1576,216523,974,193222,425,21340,1404,130003,1566,161100,1829,291103,Not in California
Outside California,2021-04-13,4736,435821,2873,219396,1834,195056,29,21369,2304,129910,2426,163526,2333,293436,Not in California
Outside California,2021-04-14,4724,440545,3018,222414,1704,196760,2,21371,2589,130372,2129,165655,2591,296027,Not in California
Outside California,2021-04-15,5191,445736,3141,225555,2045,198805,5,21376,3139,131478,2043,167698,3149,299176,Not in California
Outside California,2021-04-16,4303,450039,2328,227883,1970,200775,5,21381,2755,132700,1539,169237,2761,301937,Not in California
Outside California,2021-04-17,1827,451866,901,228784,926,201701,0,21381,1288,133455,534,169771,1289,303226,Not in California
Unknown,2020-12-17,36,36,36,36,0,0,0,0,1,1,0,0,1,1,Not in California
Unknown,2020-12-18,61,97,61,97,0,0,0,0,11,12,0,0,11,12,Not in California
Unknown,2020-12-19,81,178,81,178,0,0,0,0,81,93,0,0,81,93,Not in California
Unknown,2020-12-20,24,202,24,202,0,0,0,0,24,117,0,0,24,117,Not in California
Unknown,2020-12-21,41,243,41,243,0,0,0,0,0,117,0,0,0,117,Not in California
Unknown,2020-12-22,3,246,3,246,0,0,0,0,3,120,0,0,3,120,Not in California
Unknown,2020-12-26,1,247,1,247,0,0,0,0,1,121,0,0,1,121,Not in California
Unknown,2020-12-28,4,251,4,251,0,0,0,0,4,125,0,0,4,125,Not in California
Unknown,2020-12-29,3,254,3,254,0,0,0,0,3,128,0,0,3,128,Not in California
Unknown,2020-12-30,58,312,55,309,3,3,0,0,56,184,0,0,56,184,Not in California
Unknown,2020-12-31,3,315,0,309,3,6,0,0,1,185,0,0,1,185,Not in California
Unknown,2021-01-02,1,316,0,309,1,7,0,0,1,186,0,0,1,186,Not in California
Unknown,2021-01-04,3,319,3,312,0,7,0,0,2,188,0,0,2,188,Not in California
Unknown,2021-01-05,2,321,0,312,2,9,0,0,2,190,0,0,2,190,Not in California
Unknown,2021-01-06,31,352,29,341,2,11,0,0,6,172,24,24,6,196,Not in California
Unknown,2021-01-07,109,461,106,447,3,14,0,0,71,205,38,62,71,267,Not in California
Unknown,2021-01-08,24,485,21,468,3,17,0,0,4,188,21,83,4,271,Not in California
Unknown,2021-01-09,3,488,2,470,1,18,0,0,4,192,0,83,4,275,Not in California
Unknown,2021-01-11,22,510,22,492,0,18,0,0,18,207,3,86,18,293,Not in California
Unknown,2021-01-12,9,519,7,499,2,20,0,0,8,215,1,87,9,302,Not in California
Unknown,2021-01-13,11,530,11,510,0,20,0,0,12,227,0,87,12,314,Not in California
Unknown,2021-01-14,4,534,3,513,1,21,0,0,4,231,0,87,4,318,Not in California
Unknown,2021-01-15,4,538,3,516,1,22,0,0,4,235,0,87,4,322,Not in California
Unknown,2021-01-16,7,545,7,523,0,22,0,0,6,240,1,88,6,328,Not in California
Unknown,2021-01-17,3,548,3,526,0,22,0,0,3,243,0,88,3,331,Not in California
Unknown,2021-01-18,56,604,56,582,0,22,0,0,54,295,2,90,54,385,Not in California
Unknown,2021-01-19,23,627,22,604,1,23,0,0,21,315,1,91,21,406,Not in California
Unknown,2021-01-20,79,706,79,683,0,23,0,0,27,290,52,143,27,433,Not in California
Unknown,2021-01-21,60,766,58,741,2,25,0,0,62,352,0,143,62,495,Not in California
Unknown,2021-01-22,41,807,35,776,6,31,0,0,40,392,0,143,40,535,Not in California
Unknown,2021-01-23,12,819,6,782,6,37,0,0,12,404,0,143,12,547,Not in California
Unknown,2021-01-24,2,821,2,784,0,37,0,0,3,407,0,143,3,550,Not in California
Unknown,2021-01-25,20,841,18,802,2,39,0,0,17,421,3,146,17,567,Not in California
Unknown,2021-01-26,95,936,95,897,0,39,0,0,98,519,0,146,98,665,Not in California
Unknown,2021-01-27,17,953,17,914,0,39,0,0,16,534,1,147,16,681,Not in California
Unknown,2021-01-28,153,1106,150,1064,3,42,0,0,98,573,59,206,98,779,Not in California
Unknown,2021-01-29,148,1254,147,1211,1,43,0,0,153,725,1,207,153,932,Not in California
Unknown,2021-01-30,10,1264,8,1219,2,45,0,0,13,737,1,208,13,945,Not in California
Unknown,2021-01-31,16,1280,16,1235,0,45,0,0,16,752,1,209,16,961,Not in California
Unknown,2021-02-01,36,1316,34,1269,2,47,0,0,21,756,17,226,21,982,Not in California
Unknown,2021-02-02,69,1385,67,1336,2,49,0,0,63,814,5,231,63,1045,Not in California
Unknown,2021-02-03,50,1435,47,1383,3,52,0,0,38,841,11,242,38,1083,Not in California
Unknown,2021-02-04,61,1496,56,1439,5,57,0,0,56,892,5,247,56,1139,Not in California
Unknown,2021-02-05,19,1515,12,1451,7,64,0,0,15,900,7,254,15,1154,Not in California
Unknown,2021-02-06,19,1534,14,1465,5,69,0,0,15,908,7,261,15,1169,Not in California
Unknown,2021-02-07,8,1542,8,1473,0,69,0,0,6,912,2,263,6,1175,Not in California
Unknown,2021-02-08,54,1596,51,1524,3,72,0,0,13,884,41,304,13,1188,Not in California
Unknown,2021-02-09,20,1616,19,1543,1,73,0,0,5,874,15,319,5,1193,Not in California
Unknown,2021-02-10,36,1652,31,1574,5,78,0,0,11,859,26,345,11,1204,Not in California
Unknown,2021-02-11,93,1745,92,1666,1,79,0,0,43,851,51,396,43,1247,Not in California
Unknown,2021-02-12,48,1793,38,1704,10,89,0,0,19,837,33,429,19,1266,Not in California
Unknown,2021-02-13,15,1808,3,1707,12,101,0,0,17,853,1,430,17,1283,Not in California
Unknown,2021-02-14,7,1815,1,1708,6,107,0,0,5,857,1,431,5,1288,Not in California
Unknown,2021-02-15,43,1858,37,1745,6,113,0,0,29,874,12,443,29,1317,Not in California
Unknown,2021-02-16,105,1963,96,1841,9,122,0,0,31,831,74,517,31,1348,Not in California
Unknown,2021-02-17,10,1973,8,1849,2,124,0,0,4,830,5,522,4,1352,Not in California
Unknown,2021-02-18,106,2079,101,1950,5,129,0,0,20,764,86,608,20,1372,Not in California
Unknown,2021-02-19,198,2277,192,2142,6,135,0,0,59,685,138,746,59,1431,Not in California
Unknown,2021-02-20,12,2289,5,2147,7,142,0,0,5,685,5,751,5,1436,Not in California
Unknown,2021-02-21,18,2307,18,2165,0,142,0,0,4,675,14,765,4,1440,Not in California
Unknown,2021-02-22,9,2316,9,2174,0,142,0,0,6,678,3,768,6,1446,Not in California
Unknown,2021-02-23,62,2378,50,2224,12,154,0,0,15,646,47,815,15,1461,Not in California
Unknown,2021-02-24,44,2422,36,2260,8,162,0,0,15,631,30,845,15,1476,Not in California
Unknown,2021-02-25,75,2497,59,2319,16,178,0,0,26,608,49,894,26,1502,Not in California
Unknown,2021-02-26,39,2536,23,2342,16,194,0,0,24,618,14,908,24,1526,Not in California
Unknown,2021-02-27,28,2564,13,2355,15,209,0,0,20,630,8,916,20,1546,Not in California
Unknown,2021-02-28,17,2581,13,2368,4,213,0,0,10,635,5,921,10,1556,Not in California
Unknown,2021-03-01,42,2623,25,2393,17,230,0,0,23,639,19,940,23,1579,Not in California
Unknown,2021-03-02,18,2641,6,2399,12,242,0,0,10,643,6,946,10,1589,Not in California
Unknown,2021-03-03,17,2658,10,2409,7,249,0,0,13,652,4,950,13,1602,Not in California
Unknown,2021-03-04,55,2713,51,2460,4,253,0,0,23,644,31,981,23,1625,Not in California
Unknown,2021-03-05,30,2743,13,2473,17,270,0,0,34,672,6,987,34,1659,Not in California
Unknown,2021-03-06,31,2774,10,2483,19,289,2,2,22,687,9,996,24,1683,Not in California
Unknown,2021-03-07,9,2783,1,2484,8,297,0,2,5,689,3,999,5,1688,Not in California
Unknown,2021-03-08,33,2816,23,2507,8,305,2,4,8,673,26,1025,10,1698,Not in California
Unknown,2021-03-09,39,2855,32,2539,3,308,4,8,10,657,30,1055,14,1712,Not in California
Unknown,2021-03-10,9,2864,6,2545,1,309,2,10,6,660,5,1060,8,1720,Not in California
Unknown,2021-03-11,40,2904,13,2558,11,320,16,26,15,668,23,1083,31,1751,Not in California
Unknown,2021-03-12,89,2993,56,2614,22,342,11,37,17,626,70,1153,28,1779,Not in California
Unknown,2021-03-13,27,3020,4,2618,17,359,6,43,8,621,19,1172,14,1793,Not in California
Unknown,2021-03-14,17,3037,9,2627,6,365,2,45,6,618,11,1183,8,1801,Not in California
Unknown,2021-03-15,29,3066,12,2639,15,380,2,47,20,627,13,1196,22,1823,Not in California
Unknown,2021-03-16,61,3127,21,2660,37,417,3,50,43,655,18,1214,46,1869,Not in California
Unknown,2021-03-17,49,3176,16,2676,32,449,1,51,47,698,5,1219,48,1917,Not in California
Unknown,2021-03-18,43,3219,20,2696,23,472,0,51,32,718,12,1231,32,1949,Not in California
Unknown,2021-03-19,27,3246,19,2715,8,480,0,51,23,733,8,1239,23,1972,Not in California
Unknown,2021-03-20,28,3274,13,2728,15,495,0,51,18,740,11,1250,18,1990,Not in California
Unknown,2021-03-21,21,3295,16,2744,5,500,0,51,18,755,3,1253,18,2008,Not in California
Unknown,2021-03-22,32,3327,17,2761,14,514,1,52,21,765,12,1265,22,2030,Not in California
Unknown,2021-03-23,24,3351,9,2770,10,524,5,57,16,775,11,1276,21,2051,Not in California
Unknown,2021-03-24,26,3377,8,2778,18,542,0,57,23,793,5,1281,23,2074,Not in California
Unknown,2021-03-25,45,3422,30,2808,15,557,0,57,34,814,13,1294,34,2108,Not in California
Unknown,2021-03-26,36,3458,17,2825,14,571,5,62,22,825,16,1310,27,2135,Not in California
Unknown,2021-03-27,37,3495,12,2837,25,596,0,62,19,824,20,1330,19,2154,Not in California
Unknown,2021-03-28,18,3513,8,2845,10,606,0,62,14,834,4,1334,14,2168,Not in California
Unknown,2021-03-29,34,3547,13,2858,20,626,1,63,22,845,12,1346,23,2191,Not in California
Unknown,2021-03-30,34,3581,19,2877,15,641,0,63,22,855,12,1358,22,2213,Not in California
Unknown,2021-03-31,37,3618,23,2900,14,655,0,63,27,872,10,1368,27,2240,Not in California
Unknown,2021-04-01,29,3647,14,2914,15,670,0,63,24,891,5,1373,24,2264,Not in California
Unknown,2021-04-02,64,3711,16,2930,38,708,10,73,30,897,34,1407,40,2304,Not in California
Unknown,2021-04-03,18,3729,9,2939,9,717,0,73,8,895,10,1417,8,2312,Not in California
Unknown,2021-04-04,16,3745,5,2944,11,728,0,73,10,900,5,1422,10,2322,Not in California
Unknown,2021-04-05,34,3779,20,2964,13,741,1,74,19,905,15,1437,20,2342,Not in California
Unknown,2021-04-06,35,3814,18,2982,16,757,1,75,17,905,18,1455,18,2360,Not in California
Unknown,2021-04-07,61,3875,46,3028,13,770,2,77,49,945,11,1466,51,2411,Not in California
Unknown,2021-04-08,54,3929,44,3072,6,776,4,81,33,961,21,1487,37,2448,Not in California
Unknown,2021-04-09,57,3986,40,3112,13,789,4,85,41,990,16,1503,45,2493,Not in California
Unknown,2021-04-10,9,3995,8,3120,1,790,0,85,2,985,7,1510,2,2495,Not in California
Unknown,2021-04-11,13,4008,9,3129,4,794,0,85,5,982,8,1518,5,2500,Not in California
Unknown,2021-04-12,39,4047,23,3152,15,809,1,86,17,978,22,1540,18,2518,Not in California
Unknown,2021-04-13,80,4127,67,3219,13,822,0,86,58,1014,22,1562,58,2576,Not in California
Unknown,2021-04-14,241,4368,121,3340,120,942,0,86,231,1235,10,1572,231,2807,Not in California
Unknown,2021-04-15,230,4598,113,3453,117,1059,0,86,209,1423,21,1593,209,3016,Not in California
Unknown,2021-04-16,268,4866,111,3564,157,1216,0,86,242,1639,26,1619,242,3258,Not in California
Unknown,2021-04-17,2,4868,2,3566,0,1216,0,86,0,1637,2,1621,0,3258,Not in California
Alameda,2020-12-15,36,36,36,36,0,0,0,0,36,36,0,0,36,36,California
Alameda,2020-12-16,202,238,202,238,0,0,0,0,202,238,0,0,202,238,California
Alameda,2020-12-17,396,634,396,634,0,0,0,0,396,634,0,0,396,634,California
Alameda,2020-12-18,1764,2398,1763,2397,1,1,0,0,1764,2398,0,0,1764,2398,California
Alameda,2020-12-19,1358,3756,1358,3755,0,1,0,0,1358,3756,0,0,1358,3756,California
Alameda,2020-12-20,1158,4914,1157,4912,1,2,0,0,1157,4912,1,1,1157,4913,California
Alameda,2020-12-21,1857,6771,1856,6768,1,3,0,0,1856,6768,0,1,1856,6769,California
Alameda,2020-12-22,2097,8868,2045,8813,52,55,0,0,2097,8865,0,1,2097,8866,California
Alameda,2020-12-23,1926,10794,1670,10483,256,311,0,0,1926,10791,0,1,1926,10792,California
Alameda,2020-12-24,1217,12011,757,11240,460,771,0,0,1217,12008,0,1,1217,12009,California
Alameda,2020-12-25,165,12176,128,11368,37,808,0,0,165,12173,0,1,165,12174,California
Alameda,2020-12-26,867,13043,323,11691,544,1352,0,0,867,13040,0,1,867,13041,California
Alameda,2020-12-27,501,13544,256,11947,245,1597,0,0,501,13541,0,1,501,13542,California
Alameda,2020-12-28,1883,15427,956,12903,927,2524,0,0,1883,15424,0,1,1883,15425,California
Alameda,2020-12-29,2424,17851,1020,13923,1404,3928,0,0,2423,17847,0,1,2423,17848,California
Alameda,2020-12-30,3121,20972,1358,15281,1763,5691,0,0,3123,20970,0,1,3123,20971,California
Alameda,2020-12-31,1785,22757,439,15720,1346,7037,0,0,1784,22753,1,2,1784,22755,California
Alameda,2021-01-01,170,22927,70,15790,100,7137,0,0,169,22921,1,3,169,22924,California
Alameda,2021-01-02,718,23645,520,16310,198,7335,0,0,717,23638,0,3,717,23641,California
Alameda,2021-01-03,341,23986,220,16530,121,7456,0,0,338,23973,3,6,338,23979,California
Alameda,2021-01-04,1649,25635,945,17475,704,8160,0,0,1637,25599,11,17,1637,25616,California
Alameda,2021-01-05,2200,27835,1265,18740,935,9095,0,0,1963,27328,234,251,1963,27579,California
Alameda,2021-01-06,3238,31073,1775,20515,1463,10558,0,0,2424,28943,811,1062,2426,30005,California
Alameda,2021-01-07,3769,34842,2113,22628,1656,12214,0,0,2682,30551,1078,2140,2686,32691,California
Alameda,2021-01-08,4723,39565,2694,25322,2029,14243,0,0,3103,32043,1615,3755,3107,35798,California
Alameda,2021-01-09,2032,41597,1389,26711,643,14886,0,0,1170,32351,862,4617,1170,36968,California
Alameda,2021-01-10,1059,42656,841,27552,218,15104,0,0,423,32137,637,5254,423,37391,California
Alameda,2021-01-11,4623,47279,3496,31048,1127,16231,0,0,2838,33196,1785,7039,2844,40235,California
Alameda,2021-01-12,4819,52098,3243,34291,1576,17807,0,0,3430,35240,1388,8427,3432,43667,California
Alameda,2021-01-13,5021,57119,2652,36943,2369,20176,0,0,3843,37910,1174,9601,3844,47511,California
Alameda,2021-01-14,5603,62722,2740,39683,2863,23039,0,0,4716,41751,878,10479,4719,52230,California
Alameda,2021-01-15,5817,68539,2308,41991,3509,26548,0,0,5053,46050,757,11236,5056,57286,California
Alameda,2021-01-16,3007,71546,1411,43402,1596,28144,0,0,2737,48518,270,11506,2738,60024,California
Alameda,2021-01-17,1863,73409,1079,44481,784,28928,0,0,1658,49973,204,11710,1659,61683,California
Alameda,2021-01-18,3187,76596,2048,46529,1139,30067,0,0,2593,51981,590,12300,2598,64281,California
Alameda,2021-01-19,5517,82113,3330,49859,2187,32254,0,0,4330,55128,1185,13485,4332,68613,California
Alameda,2021-01-20,6687,88800,4024,53883,2663,34917,0,0,5394,59245,1281,14766,5398,74011,California
Alameda,2021-01-21,7738,96538,3383,57266,4355,39272,0,0,6911,65338,821,15587,6914,80925,California
Alameda,2021-01-22,6835,103373,2033,59299,4802,44074,0,0,5697,69906,1131,16718,5699,86624,California
Alameda,2021-01-23,3278,106651,942,60241,2336,46410,0,0,2726,72082,552,17270,2728,89352,California
Alameda,2021-01-24,2048,108699,654,60895,1394,47804,0,0,1772,73582,272,17542,1772,91124,California
Alameda,2021-01-25,5212,113911,1985,62880,3227,51031,0,0,3629,75636,1575,19117,3629,94753,California
Alameda,2021-01-26,7228,121139,2271,65151,4957,55988,0,0,5373,79162,1848,20965,5374,100127,California
Alameda,2021-01-27,6669,127808,2077,67228,4592,60580,0,0,4827,82160,1831,22796,4829,104956,California
Alameda,2021-01-28,7859,135667,2537,69765,5322,65902,0,0,5625,85567,2219,25015,5626,110582,California
Alameda,2021-01-29,7890,143557,3171,72936,4719,70621,0,0,6068,89824,1812,26827,6069,116651,California
Alameda,2021-01-30,3406,146963,1663,74599,1743,72364,0,0,2706,91835,695,27522,2706,119357,California
Alameda,2021-01-31,1900,148863,961,75560,939,73303,0,0,1658,93253,240,27762,1658,121015,California
Alameda,2021-02-01,5947,154810,3349,78909,2598,75901,0,0,4314,95941,1627,29389,4315,125330,California
Alameda,2021-02-02,7440,162250,4238,83147,3202,79103,0,0,4655,97822,2774,32163,4655,129985,California
Alameda,2021-02-03,7072,169322,3726,86873,3346,82449,0,0,4404,99569,2662,34825,4409,134394,California
Alameda,2021-02-04,9487,178809,4128,91001,5359,87808,0,0,6437,102978,3033,37858,6442,140836,California
Alameda,2021-02-05,10317,189126,5385,96386,4932,92740,0,0,6454,105581,3857,41715,6460,147296,California
Alameda,2021-02-06,6993,196119,4435,100821,2558,95298,0,0,5875,110338,1118,42833,5875,153171,California
Alameda,2021-02-07,3581,199700,2893,103714,688,95986,0,0,2644,112049,934,43767,2645,155816,California
Alameda,2021-02-08,8079,207779,5777,109491,2302,98288,0,0,5538,115058,2531,46298,5540,161356,California
Alameda,2021-02-09,9692,217471,5853,115344,3839,102127,0,0,6045,117464,3641,49939,6047,167403,California
Alameda,2021-02-10,11438,228909,6763,122107,4675,106802,0,0,6629,119308,4792,54731,6636,174039,California
Alameda,2021-02-11,13824,242733,7900,130007,5924,112726,0,0,8363,122230,5445,60176,8367,182406,California
Alameda,2021-02-12,12499,255232,5687,135694,6812,119538,0,0,7741,125231,4743,64919,7744,190150,California
Alameda,2021-02-13,7799,263031,4062,139756,3737,123275,0,0,5843,129124,1952,66871,5845,195995,California
Alameda,2021-02-14,4024,267055,2534,142290,1490,124765,0,0,2868,130841,1153,68024,2870,198865,California
Alameda,2021-02-15,5700,272755,3221,145511,2479,127244,0,0,3694,132534,2004,70028,3697,202562,California
Alameda,2021-02-16,12510,285265,6945,152456,5565,132809,0,0,9313,138664,3188,73216,9318,211880,California
Alameda,2021-02-17,14091,299356,8346,160802,5745,138554,0,0,10480,145553,3593,76809,10482,222362,California
Alameda,2021-02-18,15836,315192,10051,170853,5785,144339,0,0,11499,152725,4333,81142,11505,233867,California
Alameda,2021-02-19,17611,332803,11423,182276,6188,150527,0,0,11682,158503,5907,87049,11685,245552,California
Alameda,2021-02-20,11847,344650,9599,191875,2248,152775,0,0,9143,164950,2701,89750,9148,254700,California
Alameda,2021-02-21,6171,350821,5244,197119,927,153702,0,0,3721,166230,2441,92191,3721,258421,California
Alameda,2021-02-22,10685,361506,7910,205029,2775,156477,0,0,6733,169034,3939,96130,6743,265164,California
Alameda,2021-02-23,12683,374189,7705,212734,4978,161455,0,0,7897,172160,4777,100907,7903,273067,California
Alameda,2021-02-24,14635,388824,8196,220930,6439,167894,0,0,9490,176568,5087,105994,9495,282562,California
Alameda,2021-02-25,15583,404407,9117,230047,6466,174360,0,0,9929,180881,5622,111616,9935,292497,California
Alameda,2021-02-26,18069,422476,10623,240670,7446,181806,0,0,11699,186255,6329,117945,11703,304200,California
Alameda,2021-02-27,14683,437159,10797,251467,3884,185690,2,2,9094,189787,5567,123512,9099,313299,California
Alameda,2021-02-28,9129,446288,7697,259164,1432,187122,0,2,6064,192806,3046,126558,6065,319364,California
Alameda,2021-03-01,13191,459479,9169,268333,4021,191143,1,3,8187,196035,4965,131523,8194,327558,California
Alameda,2021-03-02,13708,473187,9542,277875,4166,195309,0,3,8819,199991,4870,136393,8826,336384,California
Alameda,2021-03-03,15229,488416,9874,287749,5354,200663,1,4,10366,205523,4837,141230,10369,346753,California
Alameda,2021-03-04,17220,505636,11013,298762,6206,206869,1,5,10840,210019,6345,147575,10841,357594,California
Alameda,2021-03-05,15811,521447,10222,308984,5581,212450,8,13,10609,215480,5162,152737,10623,368217,California
Alameda,2021-03-06,14199,535646,9943,318927,3997,216447,259,272,9328,220241,4828,157565,9589,377806,California
Alameda,2021-03-07,9277,544923,8070,326997,1127,217574,80,352,6561,224193,2691,160256,6643,384449,California
Alameda,2021-03-08,11579,556502,7137,334134,4074,221648,368,720,8635,230300,2894,163150,9001,393450,California
Alameda,2021-03-09,11293,567795,6970,341104,3895,225543,428,1148,6253,231975,5009,168159,6684,400134,California
Alameda,2021-03-10,16615,584410,11299,352403,4770,230313,546,1694,7533,230993,9059,177218,8077,408211,California
Alameda,2021-03-11,19713,604123,11531,363934,6481,236794,1701,3395,6744,226496,12942,190160,8445,416656,California
Alameda,2021-03-12,21067,625190,12274,376208,7148,243942,1645,5040,7437,221965,13608,203768,9077,425733,California
Alameda,2021-03-13,15811,641001,10092,386300,4745,248687,974,6014,5102,217363,10676,214444,6074,431807,California
Alameda,2021-03-14,10679,651680,7801,394101,2093,250780,785,6799,4666,216813,5997,220441,5447,437254,California
Alameda,2021-03-15,14273,665953,9308,403409,4449,255229,516,7315,6348,215777,7897,228338,6861,444115,California
Alameda,2021-03-16,17087,683040,11075,414484,5485,260714,527,7842,7528,214321,9512,237850,8056,452171,California
Alameda,2021-03-17,17297,700337,9743,424227,6862,267576,692,8534,8130,214005,9136,246986,8820,460991,California
Alameda,2021-03-18,18947,719284,10296,434523,7777,275353,874,9408,8696,213352,10224,257210,9571,470562,California
Alameda,2021-03-19,19040,738324,10302,444825,6951,282304,1787,11195,7614,211368,11380,268590,9396,479958,California
Alameda,2021-03-20,15557,753881,10169,454994,4571,286875,817,12012,6506,209665,9025,277615,7322,487280,California
Alameda,2021-03-21,9019,762900,7083,462077,1407,288282,529,12541,3752,208689,5258,282873,4282,491562,California
Alameda,2021-03-22,14816,777716,9979,472056,3857,292139,980,13521,7157,209181,7642,290515,8134,499696,California
Alameda,2021-03-23,19001,796717,11440,483496,6768,298907,793,14314,10678,212374,8283,298798,11476,511172,California
Alameda,2021-03-24,18876,815593,11349,494845,6538,305445,989,15303,8549,211634,10271,309069,9531,520703,California
Alameda,2021-03-25,20214,835807,11138,505983,7703,313148,1373,16676,9504,211852,10649,319718,10867,531570,California
Alameda,2021-03-26,20571,856378,12316,518299,6727,319875,1528,18204,8803,210450,11726,331444,10324,541894,California
Alameda,2021-03-27,18105,874483,12290,530589,4859,324734,956,19160,7799,208929,10260,341704,8739,550633,California
Alameda,2021-03-28,10411,884894,8432,539021,1777,326511,202,19362,3830,206396,6571,348275,4038,554671,California
Alameda,2021-03-29,14525,899419,9247,548268,4287,330798,991,20353,6253,205396,8244,356519,7244,561915,California
Alameda,2021-03-30,18359,917778,9640,557908,7035,337833,1684,22037,10804,210353,7529,364048,12486,574401,California
Alameda,2021-03-31,19119,936897,10042,567950,7025,344858,2052,24089,9536,212380,9559,373607,11586,585987,California
Alameda,2021-04-01,22901,959798,9907,577857,7530,352388,5464,29553,10938,216843,11936,385543,16399,602386,California
Alameda,2021-04-02,23654,983452,9787,587644,8202,360590,5665,35218,11474,221821,12152,397695,17130,619516,California
Alameda,2021-04-03,19993,1003445,9693,597337,5640,366230,4660,39878,10242,226989,9736,407431,14904,634420,California
Alameda,2021-04-04,9651,1013096,3892,601229,2276,368506,3483,43361,3453,227733,6189,413620,6933,641353,California
Alameda,2021-04-05,17603,1030699,7378,608607,5495,374001,4730,48091,7157,229190,10429,424049,11886,653239,California
Alameda,2021-04-06,21975,1052674,10549,619156,5638,379639,5788,53879,9982,232994,11961,436010,15765,669004,California
Alameda,2021-04-07,22272,1074946,11402,630558,5450,385089,5420,59299,11263,238705,10969,446979,16680,685684,California
Alameda,2021-04-08,25095,1100041,11421,641979,5782,390871,7892,67191,10716,243002,14312,461291,18609,704293,California
Alameda,2021-04-09,22087,1122128,10151,652130,7408,398279,4528,71719,11756,248988,10307,471598,16293,720586,California
Alameda,2021-04-10,18600,1140728,7249,659379,5561,403840,5790,77509,8017,252224,10565,482163,13801,734387,California
Alameda,2021-04-11,10924,1151652,4731,664110,2261,406101,3932,81441,4442,254123,6469,488632,8368,742755,California
Alameda,2021-04-12,16472,1168124,10472,674582,4206,410307,1794,83235,9042,257552,7404,496036,10833,753588,California
Alameda,2021-04-13,22008,1190132,13882,688464,8074,418381,52,83287,16252,268153,5712,501748,16313,769901,California
Alameda,2021-04-14,20707,1210839,13405,701869,7300,425681,2,83289,14005,275488,6674,508422,14009,783910,California
Alameda,2021-04-15,21465,1232304,13701,715570,7761,433442,3,83292,14342,282759,7093,515515,14364,798274,California
Alameda,2021-04-16,22846,1255150,13531,729101,9311,442753,4,83296,14792,289548,8014,523529,14803,813077,California
Alameda,2021-04-17,14149,1269299,9750,738851,4399,447152,0,83296,10163,295748,3970,527499,10170,823247,California
Alpine,2020-12-18,2,2,2,2,0,0,0,0,2,2,0,0,2,2,California
Alpine,2020-12-19,2,4,2,4,0,0,0,0,2,4,0,0,2,4,California
Alpine,2020-12-21,2,6,2,6,0,0,0,0,2,6,0,0,2,6,California
Alpine,2020-12-30,15,21,0,6,15,15,0,0,15,21,0,0,15,21,California
Alpine,2020-12-31,1,22,0,6,1,16,0,0,1,22,0,0,1,22,California
Alpine,2021-01-01,1,23,0,6,1,17,0,0,1,23,0,0,1,23,California
Alpine,2021-01-02,1,24,1,7,0,17,0,0,1,24,0,0,1,24,California
Alpine,2021-01-04,10,34,0,7,10,27,0,0,10,34,0,0,10,34,California
Alpine,2021-01-05,9,43,1,8,8,35,0,0,9,43,0,0,9,43,California
Alpine,2021-01-06,31,74,0,8,31,66,0,0,31,74,0,0,31,74,California
Alpine,2021-01-07,8,82,0,8,8,74,0,0,8,82,0,0,8,82,California
Alpine,2021-01-08,4,86,2,10,2,76,0,0,2,82,2,2,2,84,California
Alpine,2021-01-09,2,88,2,12,0,76,0,0,0,80,2,4,0,84,California
Alpine,2021-01-11,32,120,1,13,31,107,0,0,31,110,1,5,31,115,California
Alpine,2021-01-13,35,155,0,13,35,142,0,0,35,145,0,5,35,150,California
Alpine,2021-01-14,2,157,0,13,2,144,0,0,2,147,0,5,2,152,California
Alpine,2021-01-15,1,158,0,13,1,145,0,0,1,148,0,5,1,153,California
Alpine,2021-01-20,21,179,0,13,21,166,0,0,21,169,0,5,21,174,California
Alpine,2021-01-21,1,180,0,13,1,167,0,0,1,170,0,5,1,175,California
Alpine,2021-01-22,32,212,0,13,32,199,0,0,32,202,0,5,32,207,California
Alpine,2021-01-23,1,213,1,14,0,199,0,0,0,201,1,6,0,207,California
Alpine,2021-01-25,16,229,0,14,16,215,0,0,16,217,0,6,16,223,California
Alpine,2021-01-27,1,230,1,15,0,215,0,0,0,216,1,7,0,223,California
Alpine,2021-01-28,12,242,0,15,12,227,0,0,11,226,1,8,11,234,California
Alpine,2021-01-29,1,243,0,15,1,228,0,0,1,227,0,8,1,235,California
Alpine,2021-02-01,26,269,0,15,26,254,0,0,7,215,19,27,7,242,California
Alpine,2021-02-03,34,303,0,15,34,288,0,0,10,201,24,51,10,252,California
Alpine,2021-02-04,9,312,0,15,9,297,0,0,4,200,5,56,4,256,California
Alpine,2021-02-05,31,343,0,15,31,328,0,0,12,193,19,75,12,268,California
Alpine,2021-02-06,1,344,1,16,0,328,0,0,1,194,0,75,1,269,California
Alpine,2021-02-07,1,345,1,17,0,328,0,0,1,195,0,75,1,270,California
Alpine,2021-02-08,32,377,0,17,32,360,0,0,4,171,28,103,4,274,California
Alpine,2021-02-10,34,411,0,17,34,394,0,0,0,137,34,137,0,274,California
Alpine,2021-02-11,6,417,0,17,6,400,0,0,3,137,3,140,3,277,California
Alpine,2021-02-12,1,418,0,17,1,401,0,0,0,136,1,141,0,277,California
Alpine,2021-02-17,23,441,0,17,23,424,0,0,3,119,20,161,3,280,California
Alpine,2021-02-18,2,443,0,17,2,426,0,0,1,119,1,162,1,281,California
Alpine,2021-02-19,34,477,1,18,33,459,0,0,2,89,32,194,2,283,California
Alpine,2021-02-22,28,505,0,18,28,487,0,0,9,79,19,213,9,292,California
Alpine,2021-02-24,1,506,1,19,0,487,0,0,1,80,0,213,1,293,California
Alpine,2021-02-25,17,523,1,20,16,503,0,0,6,75,11,224,6,299,California
Alpine,2021-02-26,29,552,1,21,28,531,0,0,28,102,1,225,28,327,California
Alpine,2021-02-27,1,553,0,21,1,532,0,0,1,103,0,225,1,328,California
Alpine,2021-03-01,35,588,0,21,35,567,0,0,25,118,10,235,25,353,California
Alpine,2021-03-02,1,589,1,22,0,567,0,0,0,117,1,236,0,353,California
Alpine,2021-03-03,30,619,1,23,29,596,0,0,18,123,12,248,18,371,California
Alpine,2021-03-04,13,632,1,24,12,608,0,0,12,134,1,249,12,383,California
Alpine,2021-03-05,30,662,0,24,30,638,0,0,22,148,8,257,22,405,California
Alpine,2021-03-08,32,694,0,24,32,670,0,0,30,176,2,259,30,435,California
Alpine,2021-03-10,76,770,0,24,76,746,0,0,76,252,0,259,76,511,California
Alpine,2021-03-11,36,806,0,24,36,782,0,0,32,280,4,263,32,543,California
Alpine,2021-03-12,20,826,0,24,20,802,0,0,18,296,2,265,18,561,California
Alpine,2021-03-15,21,847,1,25,20,822,0,0,20,315,1,266,20,581,California
Alpine,2021-03-17,22,869,0,25,21,843,1,1,18,330,4,270,19,600,California
Alpine,2021-03-18,40,909,3,28,37,880,0,1,37,364,3,273,37,637,California
Alpine,2021-03-19,2,911,1,29,1,881,0,1,1,364,1,274,1,638,California
Alpine,2021-03-22,25,936,0,29,25,906,0,1,15,369,10,284,15,653,California
Alpine,2021-03-24,19,955,0,29,19,925,0,1,9,368,10,294,9,662,California
Alpine,2021-03-25,38,993,1,30,36,961,1,2,31,393,7,301,32,694,California
Alpine,2021-03-28,1,994,1,31,0,961,0,2,1,394,0,301,1,695,California
Alpine,2021-03-29,20,1014,0,31,19,980,1,3,3,381,17,318,4,699,California
Alpine,2021-04-01,18,1032,0,31,18,998,0,3,8,379,10,328,8,707,California
Alpine,2021-04-02,101,1133,1,32,100,1098,0,3,47,373,53,381,47,754,California
Alpine,2021-04-05,4,1137,1,33,3,1101,0,3,0,369,4,385,0,754,California
Alpine,2021-04-06,3,1140,2,35,1,1102,0,3,2,370,1,386,2,756,California
Alpine,2021-04-07,120,1260,0,35,119,1221,1,4,29,310,90,476,30,786,California
Alpine,2021-04-08,44,1304,0,35,42,1263,2,6,15,298,29,505,17,803,California
Alpine,2021-04-09,1,1305,0,35,1,1264,0,6,1,299,0,505,1,804,California
Alpine,2021-04-14,47,1352,0,35,47,1311,0,6,10,272,37,542,10,814,California
Alpine,2021-04-15,44,1396,0,35,44,1355,0,6,10,248,34,576,10,824,California
Amador,2020-12-16,2,2,2,2,0,0,0,0,2,2,0,0,2,2,California
Amador,2020-12-17,5,7,5,7,0,0,0,0,5,7,0,0,5,7,California
Amador,2020-12-18,45,52,45,52,0,0,0,0,45,52,0,0,45,52,California
Amador,2020-12-19,17,69,17,69,0,0,0,0,17,69,0,0,17,69,California
Amador,2020-12-20,4,73,4,73,0,0,0,0,4,73,0,0,4,73,California
Amador,2020-12-21,32,105,32,105,0,0,0,0,32,105,0,0,32,105,California
Amador,2020-12-22,35,140,34,139,1,1,0,0,35,140,0,0,35,140,California
Amador,2020-12-23,39,179,38,177,1,2,0,0,39,179,0,0,39,179,California
Amador,2020-12-24,5,184,3,180,2,4,0,0,5,184,0,0,5,184,California
Amador,2020-12-26,5,189,4,184,1,5,0,0,5,189,0,0,5,189,California
Amador,2020-12-27,1,190,0,184,1,6,0,0,1,190,0,0,1,190,California
Amador,2020-12-28,31,221,27,211,4,10,0,0,31,221,0,0,31,221,California
Amador,2020-12-29,26,247,19,230,7,17,0,0,26,247,0,0,26,247,California
Amador,2020-12-30,124,371,78,308,46,63,0,0,124,371,0,0,124,371,California
Amador,2020-12-31,192,563,167,475,25,88,0,0,192,563,0,0,192,563,California
Amador,2021-01-01,1,564,0,475,1,89,0,0,1,564,0,0,1,564,California
Amador,2021-01-02,56,620,56,531,0,89,0,0,56,620,0,0,56,620,California
Amador,2021-01-03,65,685,17,548,48,137,0,0,65,685,0,0,65,685,California
Amador,2021-01-04,124,809,1,549,123,260,0,0,124,809,0,0,124,809,California
Amador,2021-01-05,33,842,3,552,30,290,0,0,31,839,2,2,32,841,California
Amador,2021-01-06,40,882,10,562,30,320,0,0,36,871,4,6,36,877,California
Amador,2021-01-07,227,1109,68,630,159,479,0,0,215,1074,12,18,215,1092,California
Amador,2021-01-08,84,1193,70,700,14,493,0,0,40,1071,44,62,41,1133,California
Amador,2021-01-09,11,1204,11,711,0,493,0,0,2,1064,9,71,2,1135,California
Amador,2021-01-10,7,1211,5,716,2,495,0,0,3,1063,4,75,3,1138,California
Amador,2021-01-11,125,1336,45,761,80,575,0,0,89,1116,36,111,89,1227,California
Amador,2021-01-12,64,1400,49,810,15,590,0,0,40,1132,24,135,40,1267,California
Amador,2021-01-13,38,1438,23,833,15,605,0,0,26,1146,12,147,26,1293,California
Amador,2021-01-14,146,1584,20,853,126,731,0,0,136,1272,10,157,136,1429,California
Amador,2021-01-15,54,1638,23,876,31,762,0,0,47,1312,7,164,47,1476,California
Amador,2021-01-16,19,1657,12,888,7,769,0,0,13,1320,6,170,14,1490,California
Amador,2021-01-17,25,1682,5,893,20,789,0,0,25,1345,0,170,25,1515,California
Amador,2021-01-18,31,1713,27,920,4,793,0,0,9,1332,22,192,9,1524,California
Amador,2021-01-19,119,1832,96,1016,23,816,0,0,75,1363,44,236,75,1599,California
Amador,2021-01-20,182,2014,33,1049,149,965,0,0,166,1514,15,251,166,1765,California
Amador,2021-01-21,253,2267,222,1271,31,996,0,0,144,1550,109,360,145,1910,California
Amador,2021-01-22,133,2400,72,1343,61,1057,0,0,126,1669,7,367,126,2036,California
Amador,2021-01-23,52,2452,32,1375,20,1077,0,0,50,1717,2,369,50,2086,California
Amador,2021-01-24,28,2480,12,1387,16,1093,0,0,25,1739,3,372,25,2111,California
Amador,2021-01-25,58,2538,28,1415,30,1123,0,0,41,1763,17,389,41,2152,California
Amador,2021-01-26,243,2781,16,1431,227,1350,0,0,233,1986,10,399,233,2385,California
Amador,2021-01-27,296,3077,30,1461,266,1616,0,0,249,2191,45,444,250,2635,California
Amador,2021-01-28,345,3422,76,1537,269,1885,0,0,284,2415,61,505,285,2920,California
Amador,2021-01-29,95,3517,30,1567,65,1950,0,0,80,2480,15,520,80,3000,California
Amador,2021-01-30,166,3683,32,1599,134,2084,0,0,161,2636,5,525,161,3161,California
Amador,2021-01-31,32,3715,28,1627,4,2088,0,0,31,2666,1,526,31,3192,California
Amador,2021-02-01,63,3778,23,1650,40,2128,0,0,36,2675,27,553,36,3228,California
Amador,2021-02-02,214,3992,65,1715,149,2277,0,0,127,2718,84,637,127,3355,California
Amador,2021-02-03,141,4133,38,1753,103,2380,0,0,90,2758,50,687,90,3445,California
Amador,2021-02-04,247,4380,71,1824,176,2556,0,0,162,2837,85,772,164,3609,California
Amador,2021-02-05,329,4709,62,1886,267,2823,0,0,314,3136,15,787,314,3923,California
Amador,2021-02-06,99,4808,80,1966,19,2842,0,0,95,3227,4,791,95,4018,California
Amador,2021-02-07,38,4846,35,2001,3,2845,0,0,35,3259,3,794,35,4053,California
Amador,2021-02-08,90,4936,62,2063,28,2873,0,0,73,3315,17,811,73,4126,California
Amador,2021-02-09,172,5108,82,2145,90,2963,0,0,108,3359,64,875,108,4234,California
Amador,2021-02-10,713,5821,78,2223,635,3598,0,0,680,4006,33,908,680,4914,California
Amador,2021-02-11,305,6126,118,2341,187,3785,0,0,200,4102,104,1012,200,5114,California
Amador,2021-02-12,324,6450,118,2459,206,3991,0,0,253,4284,71,1083,253,5367,California
Amador,2021-02-13,165,6615,81,2540,84,4075,0,0,139,4397,26,1109,139,5506,California
Amador,2021-02-14,123,6738,54,2594,69,4144,0,0,106,4486,17,1126,106,5612,California
Amador,2021-02-15,186,6924,59,2653,127,4271,0,0,169,4639,16,1142,169,5781,California
Amador,2021-02-16,407,7331,51,2704,356,4627,0,0,370,4973,37,1179,371,6152,California
Amador,2021-02-17,258,7589,80,2784,178,4805,0,0,163,5041,95,1274,163,6315,California
Amador,2021-02-18,398,7987,98,2882,300,5105,0,0,336,5316,62,1336,337,6652,California
Amador,2021-02-19,191,8178,76,2958,115,5220,0,0,110,5345,81,1417,110,6762,California
Amador,2021-02-20,90,8268,29,2987,61,5281,0,0,63,5381,27,1444,63,6825,California
Amador,2021-02-21,45,8313,34,3021,11,5292,0,0,15,5366,30,1474,15,6840,California
Amador,2021-02-22,63,8376,24,3045,39,5331,0,0,32,5368,30,1504,32,6872,California
Amador,2021-02-23,317,8693,55,3100,262,5593,0,0,138,5328,179,1683,139,7011,California
Amador,2021-02-24,396,9089,56,3156,340,5933,0,0,267,5470,125,1808,267,7278,California
Amador,2021-02-25,518,9607,112,3268,406,6339,0,0,281,5515,236,2044,281,7559,California
Amador,2021-02-26,610,10217,76,3344,534,6873,0,0,505,5916,105,2149,506,8065,California
Amador,2021-02-27,286,10503,90,3434,196,7069,0,0,99,5831,186,2335,101,8166,California
Amador,2021-02-28,101,10604,52,3486,49,7118,0,0,55,5843,46,2381,58,8224,California
Amador,2021-03-01,193,10797,66,3552,127,7245,0,0,124,5899,69,2450,125,8349,California
Amador,2021-03-02,386,11183,62,3614,324,7569,0,0,336,6186,50,2500,337,8686,California
Amador,2021-03-03,245,11428,78,3692,167,7736,0,0,170,6283,74,2574,171,8857,California
Amador,2021-03-04,498,11926,116,3808,382,8118,0,0,396,6577,102,2676,396,9253,California
Amador,2021-03-05,516,12442,76,3884,440,8558,0,0,299,6662,216,2892,301,9554,California
Amador,2021-03-06,100,12542,45,3929,54,8612,1,1,55,6673,45,2937,56,9610,California
Amador,2021-03-07,62,12604,42,3971,20,8632,0,1,19,6649,43,2980,19,9629,California
Amador,2021-03-08,155,12759,71,4042,83,8715,1,2,94,6683,61,3041,95,9724,California
Amador,2021-03-09,372,13131,47,4089,325,9040,0,2,313,6940,56,3097,313,10037,California
Amador,2021-03-10,510,13641,73,4162,436,9476,1,3,246,6925,264,3361,249,10286,California
Amador,2021-03-11,474,14115,113,4275,350,9826,11,14,329,7124,144,3505,343,10629,California
Amador,2021-03-12,570,14685,65,4340,497,10323,8,22,356,7280,213,3718,369,10998,California
Amador,2021-03-13,113,14798,17,4357,89,10412,7,29,75,7328,38,3756,86,11084,California
Amador,2021-03-14,89,14887,19,4376,67,10479,3,32,21,7284,68,3824,24,11108,California
Amador,2021-03-15,188,15075,24,4400,151,10630,13,45,58,7227,130,3954,73,11181,California
Amador,2021-03-16,456,15531,54,4454,392,11022,10,55,192,7167,262,4216,202,11383,California
Amador,2021-03-17,194,15725,40,4494,151,11173,3,58,122,7221,72,4288,126,11509,California
Amador,2021-03-18,476,16201,97,4591,375,11548,4,62,254,7260,222,4510,261,11770,California
Amador,2021-03-19,546,16747,57,4648,472,12020,17,79,398,7532,146,4656,418,12188,California
Amador,2021-03-20,108,16855,46,4694,61,12081,1,80,45,7518,62,4718,48,12236,California
Amador,2021-03-21,50,16905,36,4730,13,12094,1,81,33,7538,16,4734,36,12272,California
Amador,2021-03-22,114,17019,33,4763,52,12146,29,110,49,7551,65,4799,78,12350,California
Amador,2021-03-23,440,17459,48,4811,384,12530,8,118,283,7687,155,4954,291,12641,California
Amador,2021-03-24,346,17805,34,4845,59,12589,253,371,37,7669,308,5262,290,12931,California
Amador,2021-03-25,600,18405,81,4926,513,13102,6,377,391,7858,208,5470,397,13328,California
Amador,2021-03-26,743,19148,42,4968,696,13798,5,382,291,7708,449,5919,299,13627,California
Amador,2021-03-27,89,19237,14,4982,73,13871,2,384,27,7677,62,5981,31,13658,California
Amador,2021-03-28,68,19305,15,4997,51,13922,2,386,14,7640,54,6035,17,13675,California
Amador,2021-03-29,185,19490,27,5024,157,14079,1,387,82,7627,101,6136,88,13763,California
Amador,2021-03-30,537,20027,27,5051,509,14588,1,388,300,7692,236,6372,301,14064,California
Amador,2021-03-31,210,20237,58,5109,147,14735,5,393,48,7583,162,6534,53,14117,California
Amador,2021-04-01,615,20852,85,5194,530,15265,0,393,268,7508,345,6879,270,14387,California
Amador,2021-04-02,609,21461,33,5227,564,15829,12,405,384,7682,223,7102,397,14784,California
Amador,2021-04-03,83,21544,20,5247,43,15872,20,425,20,7660,63,7165,41,14825,California
Amador,2021-04-04,39,21583,3,5250,30,15902,6,431,16,7659,23,7188,22,14847,California
Amador,2021-04-05,142,21725,45,5295,79,15981,18,449,44,7625,97,7285,63,14910,California
Amador,2021-04-06,507,22232,37,5332,451,16432,19,468,225,7589,280,7565,244,15154,California
Amador,2021-04-07,107,22339,34,5366,54,16486,19,487,46,7595,59,7624,65,15219,California
Amador,2021-04-08,504,22843,84,5450,398,16884,22,509,227,7568,276,7900,249,15468,California
Amador,2021-04-09,482,23325,20,5470,444,17328,18,527,215,7533,266,8166,231,15699,California
Amador,2021-04-10,50,23375,13,5483,26,17354,11,538,22,7538,28,8194,33,15732,California
Amador,2021-04-11,48,23423,23,5506,21,17375,4,542,22,7538,26,8220,26,15758,California
Amador,2021-04-12,100,23523,26,5532,65,17440,9,551,42,7531,58,8278,51,15809,California
Amador,2021-04-13,351,23874,49,5581,302,17742,0,551,72,7325,278,8556,72,15881,California
Amador,2021-04-14,95,23969,22,5603,73,17815,0,551,42,7316,52,8608,43,15924,California
Amador,2021-04-15,138,24107,70,5673,68,17883,0,551,44,7273,88,8696,45,15969,California
Amador,2021-04-16,484,24591,31,5704,453,18336,0,551,389,7567,95,8791,389,16358,California
Amador,2021-04-17,14,24605,8,5712,6,18342,0,551,4,7561,10,8801,4,16362,California
Butte,2020-12-16,3,3,3,3,0,0,0,0,3,3,0,0,3,3,California
Butte,2020-12-17,21,24,21,24,0,0,0,0,21,24,0,0,21,24,California
Butte,2020-12-18,50,74,50,74,0,0,0,0,50,74,0,0,50,74,California
Butte,2020-12-19,7,81,7,81,0,0,0,0,7,81,0,0,7,81,California
Butte,2020-12-20,10,91,10,91,0,0,0,0,10,91,0,0,10,91,California
Butte,2020-12-21,634,725,634,725,0,0,0,0,634,725,0,0,634,725,California
Butte,2020-12-22,618,1343,616,1341,2,2,0,0,618,1343,0,0,618,1343,California
Butte,2020-12-23,870,2213,854,2195,16,18,0,0,870,2213,0,0,870,2213,California
Butte,2020-12-24,159,2372,156,2351,3,21,0,0,159,2372,0,0,159,2372,California
Butte,2020-12-26,93,2465,91,2442,2,23,0,0,93,2465,0,0,93,2465,California
Butte,2020-12-27,35,2500,34,2476,1,24,0,0,35,2500,0,0,35,2500,California
Butte,2020-12-28,279,2779,273,2749,6,30,0,0,279,2779,0,0,279,2779,California
Butte,2020-12-29,204,2983,180,2929,24,54,0,0,204,2983,0,0,204,2983,California
Butte,2020-12-30,501,3484,290,3219,211,265,0,0,501,3484,0,0,501,3484,California
Butte,2020-12-31,211,3695,18,3237,193,458,0,0,211,3695,0,0,211,3695,California
Butte,2021-01-01,8,3703,1,3238,7,465,0,0,8,3703,0,0,8,3703,California
Butte,2021-01-02,37,3740,36,3274,1,466,0,0,37,3740,0,0,37,3740,California
Butte,2021-01-03,4,3744,1,3275,3,469,0,0,4,3744,0,0,4,3744,California
Butte,2021-01-04,208,3952,174,3449,34,503,0,0,208,3952,0,0,208,3952,California
Butte,2021-01-05,195,4147,151,3600,44,547,0,0,194,4145,1,1,194,4146,California
Butte,2021-01-06,622,4769,396,3996,226,773,0,0,617,4758,5,6,618,4764,California
Butte,2021-01-07,761,5530,369,4365,392,1165,0,0,741,5479,20,26,741,5505,California
Butte,2021-01-08,570,6100,529,4894,41,1206,0,0,524,5957,46,72,524,6029,California
Butte,2021-01-09,12,6112,7,4901,5,1211,0,0,7,5959,5,77,7,6036,California
Butte,2021-01-10,19,6131,5,4906,14,1225,0,0,14,5968,5,82,14,6050,California
Butte,2021-01-11,986,7117,950,5856,36,1261,0,0,357,5699,629,711,360,6410,California
Butte,2021-01-12,697,7814,652,6508,45,1306,0,0,274,5550,423,1134,274,6684,California
Butte,2021-01-13,1450,9264,955,7463,495,1801,0,0,615,5332,835,1969,617,7301,California
Butte,2021-01-14,1637,10901,896,8359,741,2542,0,0,1440,6576,196,2165,1440,8741,California
Butte,2021-01-15,1169,12070,925,9284,244,2786,0,0,1060,7526,110,2275,1060,9801,California
Butte,2021-01-16,586,12656,300,9584,286,3072,0,0,541,8022,45,2320,541,10342,California
Butte,2021-01-17,239,12895,64,9648,175,3247,0,0,202,8187,37,2357,202,10544,California
Butte,2021-01-18,342,13237,302,9950,40,3287,0,0,274,8394,67,2424,274,10818,California
Butte,2021-01-19,492,13729,429,10379,63,3350,0,0,219,8340,273,2697,219,11037,California
Butte,2021-01-20,1346,15075,665,11044,681,4031,0,0,1045,9084,301,2998,1045,12082,California
Butte,2021-01-21,1473,16548,865,11909,608,4639,0,0,1367,10346,105,3103,1367,13449,California
Butte,2021-01-22,993,17541,335,12244,658,5297,0,0,940,11233,53,3156,940,14389,California
Butte,2021-01-23,124,17665,82,12326,42,5339,0,0,99,11307,25,3181,99,14488,California
Butte,2021-01-24,9,17674,7,12333,2,5341,0,0,9,11316,0,3181,9,14497,California
Butte,2021-01-25,653,18327,336,12669,317,5658,0,0,490,11643,163,3344,490,14987,California
Butte,2021-01-26,1466,19793,377,13046,1089,6747,0,0,1329,12835,137,3481,1329,16316,California
Butte,2021-01-27,2080,21873,705,13751,1375,8122,0,0,1364,13484,715,4196,1364,17680,California
Butte,2021-01-28,2260,24133,260,14011,2000,10122,0,0,1950,15125,309,4505,1950,19630,California
Butte,2021-01-29,1674,25807,487,14498,1187,11309,0,0,1295,16042,378,4883,1295,20925,California
Butte,2021-01-30,31,25838,9,14507,22,11331,0,0,28,16067,3,4886,28,20953,California
Butte,2021-01-31,17,25855,15,14522,2,11333,0,0,16,16082,1,4887,16,20969,California
Butte,2021-02-01,1746,27601,406,14928,1340,12673,0,0,1359,17056,385,5272,1359,22328,California
Butte,2021-02-02,1931,29532,362,15290,1569,14242,0,0,1628,18380,304,5576,1628,23956,California
Butte,2021-02-03,2734,32266,772,16062,1962,16204,0,0,1845,19338,887,6463,1845,25801,California
Butte,2021-02-04,2959,35225,327,16389,2632,18836,0,0,2404,21189,553,7016,2404,28205,California
Butte,2021-02-05,1167,36392,662,17051,505,19341,0,0,537,21097,630,7646,538,28743,California
Butte,2021-02-06,143,36535,102,17153,41,19382,0,0,61,21076,82,7728,61,28804,California
Butte,2021-02-07,38,36573,34,17187,4,19386,0,0,14,21066,24,7752,14,28818,California
Butte,2021-02-08,689,37262,540,17727,149,19535,0,0,238,20853,451,8203,238,29056,California
Butte,2021-02-09,951,38213,457,18184,494,20029,0,0,724,21350,227,8430,724,29780,California
Butte,2021-02-10,1708,39921,1190,19374,518,20547,0,0,698,21039,1009,9439,698,30478,California
Butte,2021-02-11,2198,42119,1348,20722,850,21397,0,0,1004,20849,1194,10633,1004,31482,California
Butte,2021-02-12,866,42985,301,21023,565,21962,0,0,317,20618,548,11181,317,31799,California
Butte,2021-02-13,254,43239,45,21068,209,22171,0,0,151,20666,103,11284,151,31950,California
Butte,2021-02-14,160,43399,9,21077,151,22322,0,0,155,20816,5,11289,155,32105,California
Butte,2021-02-15,261,43660,48,21125,213,22535,0,0,198,20951,63,11352,198,32303,California
Butte,2021-02-16,729,44389,428,21553,301,22836,0,0,273,20767,457,11809,273,32576,California
Butte,2021-02-17,1512,45901,846,22399,666,23502,0,0,840,20937,670,12479,840,33416,California
Butte,2021-02-18,1549,47450,758,23157,791,24293,0,0,744,20876,805,13284,744,34160,California
Butte,2021-02-19,1165,48615,387,23544,778,25071,0,0,402,20520,758,14042,402,34562,California
Butte,2021-02-20,473,49088,28,23572,445,25516,0,0,120,20288,352,14394,120,34682,California
Butte,2021-02-21,15,49103,13,23585,2,25518,0,0,11,20295,4,14398,11,34693,California
Butte,2021-02-22,1493,50596,296,23881,1197,26715,0,0,384,19571,1108,15506,384,35077,California
Butte,2021-02-23,1631,52227,298,24179,1333,28048,0,0,461,18867,1165,16671,461,35538,California
Butte,2021-02-24,2130,54357,596,24775,1534,29582,0,0,728,18201,1394,18065,728,36266,California
Butte,2021-02-25,2073,56430,575,25350,1498,31080,0,0,654,17440,1416,19481,655,36921,California
Butte,2021-02-26,921,57351,311,25661,610,31690,0,0,398,17318,520,20001,398,37319,California
Butte,2021-02-27,233,57584,47,25708,186,31876,0,0,186,17459,45,20046,186,37505,California
Butte,2021-02-28,140,57724,17,25725,123,31999,0,0,131,17581,9,20055,131,37636,California
Butte,2021-03-01,1623,59347,178,25903,1444,33443,1,1,327,16614,1295,21350,328,37964,California
Butte,2021-03-02,1732,61079,192,26095,1540,34983,0,1,302,15489,1427,22777,302,38266,California
Butte,2021-03-03,2774,63853,840,26935,1934,36917,0,1,480,13676,2293,25070,480,38746,California
Butte,2021-03-04,3120,66973,659,27594,2461,39378,0,1,610,11777,2509,27579,610,39356,California
Butte,2021-03-05,1327,68300,603,28197,723,40101,1,2,721,11896,603,28182,722,40078,California
Butte,2021-03-06,243,68543,27,28224,193,40294,23,25,183,12043,59,28241,206,40284,California
Butte,2021-03-07,55,68598,3,28227,35,40329,17,42,30,12065,25,28266,47,40331,California
Butte,2021-03-08,1260,69858,128,28355,1055,41384,77,119,1097,13078,161,28427,1174,41505,California
Butte,2021-03-09,1895,71753,276,28631,1516,42900,103,222,1410,14107,484,28911,1513,43018,California
Butte,2021-03-10,2319,74072,966,29597,1253,44153,100,322,1581,15054,733,29644,1680,44698,California
Butte,2021-03-11,2802,76874,1314,30911,1364,45517,124,446,1980,16346,812,30456,2104,46802,California
Butte,2021-03-12,1134,78008,324,31235,464,45981,346,792,354,16272,774,31230,700,47502,California
Butte,2021-03-13,250,78258,67,31302,136,46117,47,839,63,16195,187,31417,110,47612,California
Butte,2021-03-14,160,78418,15,31317,103,46220,42,881,21,16120,138,31555,63,47675,California
Butte,2021-03-15,1716,80134,359,31676,1064,47284,293,1174,1125,16950,588,32143,1418,49093,California
Butte,2021-03-16,1621,81755,415,32091,1128,48412,78,1252,1080,17569,538,32681,1157,50250,California
Butte,2021-03-17,1947,83702,1357,33448,509,48921,81,1333,1128,17965,812,33493,1208,51458,California
Butte,2021-03-18,1794,85496,1454,34902,211,49132,129,1462,1055,18413,735,34228,1183,52641,California
Butte,2021-03-19,695,86191,313,35215,298,49430,84,1546,344,18496,345,34573,428,53069,California
Butte,2021-03-20,205,86396,32,35247,157,49587,16,1562,93,18494,111,34684,109,53178,California
Butte,2021-03-21,58,86454,26,35273,3,49590,29,1591,16,18497,42,34726,45,53223,California
Butte,2021-03-22,1458,87912,352,35625,1012,50602,94,1685,1194,19524,261,34987,1288,54511,California
Butte,2021-03-23,1793,89705,488,36113,1191,51793,114,1799,1452,20750,340,35327,1566,56077,California
Butte,2021-03-24,2236,91941,1257,37370,853,52646,126,1925,1694,22031,538,35865,1819,57896,California
Butte,2021-03-25,1463,93404,1182,38552,192,52838,89,2014,1003,22666,457,36322,1092,58988,California
Butte,2021-03-26,1197,94601,434,38986,517,53355,246,2260,559,22840,631,36953,805,59793,California
Butte,2021-03-27,300,94901,84,39070,192,53547,24,2284,132,22830,165,37118,155,59948,California
Butte,2021-03-28,224,95125,43,39113,173,53720,8,2292,100,22816,121,37239,107,60055,California
Butte,2021-03-29,1719,96844,380,39493,1269,54989,70,2362,1308,23786,408,37647,1378,61433,California
Butte,2021-03-30,1029,97873,465,39958,474,55463,90,2452,492,23836,532,38179,582,62015,California
Butte,2021-03-31,1771,99644,1301,41259,403,55866,67,2519,1084,24304,683,38862,1151,63166,California
Butte,2021-04-01,3278,102922,2662,43921,489,56355,127,2646,2210,25579,1063,39925,2338,65504,California
Butte,2021-04-02,993,103915,413,44334,462,56817,118,2764,561,25834,423,40348,678,66182,California
Butte,2021-04-03,344,104259,47,44381,223,57040,74,2838,166,25896,178,40526,240,66422,California
Butte,2021-04-04,185,104444,22,44403,140,57180,23,2861,108,25951,76,40602,131,66553,California
Butte,2021-04-05,1958,106402,420,44823,1368,58548,170,3031,602,25372,1350,41952,771,67324,California
Butte,2021-04-06,2182,108584,617,45440,1145,59693,420,3451,785,25184,1391,43343,1203,68527,California
Butte,2021-04-07,2999,111583,1311,46751,1294,60987,394,3845,689,23962,2305,45648,1083,69610,California
Butte,2021-04-08,2713,114296,1185,47936,1262,62249,266,4111,436,22390,2274,47922,702,70312,California
Butte,2021-04-09,1315,115611,341,48277,534,62783,440,4551,318,22154,993,48915,757,71069,California
Butte,2021-04-10,215,115826,46,48323,72,62855,97,4648,93,22222,121,49036,189,71258,California
Butte,2021-04-11,101,115927,44,48367,47,62902,10,4658,81,22295,18,49054,91,71349,California
Butte,2021-04-12,1234,117161,315,48682,791,63693,128,4786,246,21681,988,50042,374,71723,California
Butte,2021-04-13,1581,118742,573,49255,1002,64695,6,4792,348,20810,1226,51268,355,72078,California
Butte,2021-04-14,2551,121293,2065,51320,486,65181,0,4792,1057,20386,1489,52757,1065,73143,California
Butte,2021-04-15,557,121850,371,51691,186,65367,0,4792,436,20702,120,52877,436,73579,California
Butte,2021-04-16,809,122659,414,52105,395,65762,0,4792,486,20869,319,53196,486,74065,California
Butte,2021-04-17,248,122907,18,52123,230,65992,0,4792,188,20999,58,53254,188,74253,California
Calaveras,2020-12-16,5,5,5,5,0,0,0,0,5,5,0,0,5,5,California
Calaveras,2020-12-17,3,8,3,8,0,0,0,0,3,8,0,0,3,8,California
Calaveras,2020-12-18,38,46,38,46,0,0,0,0,38,46,0,0,38,46,California
Calaveras,2020-12-19,3,49,3,49,0,0,0,0,3,49,0,0,3,49,California
Calaveras,2020-12-20,3,52,3,52,0,0,0,0,3,52,0,0,3,52,California
Calaveras,2020-12-21,55,107,48,100,7,7,0,0,55,107,0,0,55,107,California
Calaveras,2020-12-22,80,187,76,176,4,11,0,0,81,188,0,0,81,188,California
Calaveras,2020-12-23,76,263,74,250,2,13,0,0,85,273,0,0,85,273,California
Calaveras,2020-12-24,2,265,2,252,0,13,0,0,2,275,0,0,2,275,California
Calaveras,2020-12-26,3,268,3,255,0,13,0,0,3,278,0,0,3,278,California
Calaveras,2020-12-28,22,290,18,273,4,17,0,0,21,298,1,1,21,299,California
Calaveras,2020-12-29,167,457,148,421,19,36,0,0,167,465,0,1,167,466,California
Calaveras,2020-12-30,94,551,82,503,12,48,0,0,94,559,0,1,94,560,California
Calaveras,2020-12-31,35,586,25,528,10,58,0,0,35,594,0,1,35,595,California
Calaveras,2021-01-02,11,597,11,539,0,58,0,0,11,605,0,1,11,606,California
Calaveras,2021-01-03,8,605,3,542,5,63,0,0,8,613,0,1,8,614,California
Calaveras,2021-01-04,33,638,5,547,28,91,0,0,33,646,0,1,33,647,California
Calaveras,2021-01-05,41,679,10,557,31,122,0,0,35,678,8,9,40,687,California
Calaveras,2021-01-06,109,788,30,587,79,201,0,0,99,767,10,19,99,786,California
Calaveras,2021-01-07,104,892,25,612,79,280,0,0,92,849,11,30,93,879,California
Calaveras,2021-01-08,69,961,38,650,31,311,0,0,46,873,23,53,47,926,California
Calaveras,2021-01-09,5,966,5,655,0,311,0,0,2,872,3,56,2,928,California
Calaveras,2021-01-10,2,968,0,655,2,313,0,0,2,874,0,56,2,930,California
Calaveras,2021-01-11,65,1033,59,714,6,319,0,0,28,867,36,92,29,959,California
Calaveras,2021-01-12,86,1119,53,767,33,352,0,0,53,888,33,125,54,1013,California
Calaveras,2021-01-13,107,1226,43,810,64,416,0,0,74,930,33,158,75,1088,California
Calaveras,2021-01-14,135,1361,41,851,94,510,0,0,102,1000,32,190,102,1190,California
Calaveras,2021-01-15,113,1474,51,902,62,572,0,0,87,1061,26,216,87,1277,California
Calaveras,2021-01-16,12,1486,2,904,10,582,0,0,11,1071,1,217,11,1288,California
Calaveras,2021-01-17,10,1496,1,905,9,591,0,0,10,1081,0,217,10,1298,California
Calaveras,2021-01-18,132,1628,20,925,112,703,0,0,119,1190,13,230,122,1420,California
Calaveras,2021-01-19,205,1833,175,1100,30,733,0,0,62,1112,141,371,63,1483,California
Calaveras,2021-01-20,393,2226,81,1181,312,1045,0,0,309,1346,83,454,317,1800,California
Calaveras,2021-01-21,462,2688,40,1221,422,1467,0,0,435,1760,27,481,441,2241,California
Calaveras,2021-01-22,432,3120,23,1244,409,1876,0,0,422,2179,10,491,429,2670,California
Calaveras,2021-01-23,22,3142,10,1254,12,1888,0,0,18,2193,4,495,18,2688,California
Calaveras,2021-01-24,14,3156,8,1262,6,1894,0,0,12,2203,2,497,12,2700,California
Calaveras,2021-01-25,121,3277,7,1269,114,2008,0,0,116,2314,5,502,116,2816,California
Calaveras,2021-01-26,49,3326,18,1287,31,2039,0,0,38,2341,11,513,38,2854,California
Calaveras,2021-01-27,161,3487,44,1331,117,2156,0,0,134,2449,26,539,134,2988,California
Calaveras,2021-01-28,164,3651,22,1353,142,2298,0,0,141,2570,23,562,144,3132,California
Calaveras,2021-01-29,445,4096,33,1386,412,2710,0,0,423,2979,22,584,431,3563,California
Calaveras,2021-01-30,28,4124,10,1396,18,2728,0,0,26,3005,0,584,26,3589,California
Calaveras,2021-01-31,5,4129,3,1399,2,2730,0,0,4,3008,1,585,4,3593,California
Calaveras,2021-02-01,53,4182,41,1440,12,2742,0,0,34,3023,19,604,34,3627,California
Calaveras,2021-02-02,110,4292,24,1464,86,2828,0,0,72,3062,34,638,73,3700,California
Calaveras,2021-02-03,438,4730,43,1507,395,3223,0,0,354,3334,83,721,355,4055,California
Calaveras,2021-02-04,376,5106,23,1530,353,3576,0,0,295,3548,81,802,295,4350,California
Calaveras,2021-02-05,80,5186,23,1553,57,3633,0,0,41,3551,39,841,42,4392,California
Calaveras,2021-02-06,22,5208,13,1566,9,3642,0,0,22,3573,0,841,22,4414,California
Calaveras,2021-02-07,4,5212,1,1567,3,3645,0,0,2,3573,2,843,2,4416,California
Calaveras,2021-02-08,39,5251,18,1585,21,3666,0,0,31,3598,6,849,31,4447,California
Calaveras,2021-02-09,207,5458,92,1677,115,3781,0,0,146,3689,55,904,146,4593,California
Calaveras,2021-02-10,505,5963,28,1705,477,4258,0,0,439,4063,66,970,440,5033,California
Calaveras,2021-02-11,578,6541,77,1782,501,4759,0,0,471,4430,105,1075,472,5505,California
Calaveras,2021-02-12,568,7109,325,2107,243,5002,0,0,494,4852,73,1148,495,6000,California
Calaveras,2021-02-13,192,7301,37,2144,155,5157,0,0,177,5014,15,1163,177,6177,California
Calaveras,2021-02-14,221,7522,71,2215,150,5307,0,0,206,5205,15,1178,206,6383,California
Calaveras,2021-02-15,379,7901,22,2237,357,5664,0,0,262,5353,114,1292,262,6645,California
Calaveras,2021-02-16,300,8201,174,2411,126,5790,0,0,243,5539,57,1349,243,6888,California
Calaveras,2021-02-17,526,8727,37,2448,489,6279,0,0,211,5443,308,1657,212,7100,California
Calaveras,2021-02-18,496,9223,90,2538,406,6685,0,0,98,5153,388,2045,98,7198,California
Calaveras,2021-02-19,438,9661,43,2581,395,7080,0,0,97,4919,331,2376,97,7295,California
Calaveras,2021-02-20,59,9720,15,2596,44,7124,0,0,48,4956,11,2387,48,7343,California
Calaveras,2021-02-21,21,9741,13,2609,8,7132,0,0,18,4971,3,2390,18,7361,California
Calaveras,2021-02-22,63,9804,40,2649,23,7155,0,0,33,4974,30,2420,33,7394,California
Calaveras,2021-02-23,150,9954,68,2717,82,7237,0,0,101,5027,49,2469,102,7496,California
Calaveras,2021-02-24,96,10050,47,2764,49,7286,0,0,65,5062,30,2499,65,7561,California
Calaveras,2021-02-25,551,10601,98,2862,453,7739,0,0,361,5236,187,2686,361,7922,California
Calaveras,2021-02-26,719,11320,45,2907,674,8413,0,0,370,5274,334,3020,372,8294,California
Calaveras,2021-02-27,203,11523,22,2929,181,8594,0,0,179,5429,24,3044,179,8473,California
Calaveras,2021-02-28,95,11618,15,2944,80,8674,0,0,91,5516,4,3048,91,8564,California
Calaveras,2021-03-01,276,11894,61,3005,215,8889,0,0,149,5540,126,3174,150,8714,California
Calaveras,2021-03-02,242,12136,92,3097,150,9039,0,0,201,5702,40,3214,202,8916,California
Calaveras,2021-03-03,505,12641,102,3199,403,9442,0,0,212,5623,291,3505,212,9128,California
Calaveras,2021-03-04,766,13407,59,3258,706,10148,1,1,352,5568,410,3915,355,9483,California
Calaveras,2021-03-05,456,13863,270,3528,181,10329,5,6,141,5401,313,4228,146,9629,California
Calaveras,2021-03-06,155,14018,43,3571,106,10435,6,12,121,5494,34,4262,127,9756,California
Calaveras,2021-03-07,76,14094,32,3603,36,10471,8,20,34,5494,42,4304,42,9798,California
Calaveras,2021-03-08,159,14253,25,3628,126,10597,8,28,125,5594,33,4337,133,9931,California
Calaveras,2021-03-09,375,14628,151,3779,218,10815,6,34,38,5304,334,4671,44,9975,California
Calaveras,2021-03-10,413,15041,24,3803,386,11201,3,37,56,5008,355,5026,59,10034,California
Calaveras,2021-03-11,840,15881,413,4216,414,11615,13,50,426,5035,412,5438,439,10473,California
Calaveras,2021-03-12,395,16276,210,4426,174,11789,11,61,324,5303,71,5509,339,10812,California
Calaveras,2021-03-13,176,16452,16,4442,152,11941,8,69,146,5428,31,5540,156,10968,California
Calaveras,2021-03-14,155,16607,10,4452,144,12085,1,70,17,5315,138,5678,25,10993,California
Calaveras,2021-03-15,330,16937,47,4499,257,12342,26,96,53,5121,277,5955,83,11076,California
Calaveras,2021-03-16,708,17645,573,5072,115,12457,20,116,553,5540,154,6109,573,11649,California
Calaveras,2021-03-17,278,17923,52,5124,213,12670,13,129,51,5380,225,6334,65,11714,California
Calaveras,2021-03-18,666,18589,571,5695,80,12750,15,144,551,5833,115,6449,568,12282,California
Calaveras,2021-03-19,228,18817,47,5742,108,12858,73,217,56,5792,169,6618,128,12410,California
Calaveras,2021-03-20,81,18898,21,5763,59,12917,1,218,25,5763,56,6674,27,12437,California
Calaveras,2021-03-21,48,18946,31,5794,6,12923,11,229,13,5752,35,6709,24,12461,California
Calaveras,2021-03-22,80,19026,37,5831,22,12945,21,250,26,5745,54,6763,47,12508,California
Calaveras,2021-03-23,303,19329,218,6049,75,13020,10,260,122,5702,175,6938,132,12640,California
Calaveras,2021-03-24,131,19460,49,6098,72,13092,10,270,44,5669,87,7025,54,12694,California
Calaveras,2021-03-25,736,20196,100,6198,633,13725,3,273,443,5825,290,7315,446,13140,California
Calaveras,2021-03-26,423,20619,25,6223,392,14117,6,279,86,5585,334,7649,94,13234,California
Calaveras,2021-03-27,210,20829,18,6241,188,14305,4,283,37,5459,170,7819,44,13278,California
Calaveras,2021-03-28,110,20939,12,6253,96,14401,2,285,8,5369,101,7920,11,13289,California
Calaveras,2021-03-29,174,21113,22,6275,150,14551,2,287,57,5314,116,8036,61,13350,California
Calaveras,2021-03-30,529,21642,31,6306,482,15033,16,303,356,5514,173,8209,373,13723,California
Calaveras,2021-03-31,324,21966,144,6450,170,15203,10,313,159,5519,165,8374,170,13893,California
Calaveras,2021-04-01,680,22646,439,6889,240,15443,1,314,184,5211,495,8869,187,14080,California
Calaveras,2021-04-02,393,23039,232,7121,153,15596,8,322,117,5063,274,9143,126,14206,California
Calaveras,2021-04-03,141,23180,30,7151,107,15703,4,326,39,5004,102,9245,43,14249,California
Calaveras,2021-04-04,78,23258,25,7176,53,15756,0,326,50,5026,28,9273,50,14299,California
Calaveras,2021-04-05,218,23476,89,7265,120,15876,9,335,101,5020,117,9390,111,14410,California
Calaveras,2021-04-06,650,24126,575,7840,61,15937,14,349,108,4603,539,9929,122,14532,California
Calaveras,2021-04-07,752,24878,653,8493,63,16000,36,385,615,5118,137,10066,652,15184,California
Calaveras,2021-04-08,944,25822,856,9349,68,16068,20,405,438,5073,505,10571,460,15644,California
Calaveras,2021-04-09,148,25970,57,9406,45,16113,46,451,55,5082,93,10664,102,15746,California
Calaveras,2021-04-10,189,26159,43,9449,129,16242,17,468,149,5209,40,10704,167,15913,California
Calaveras,2021-04-11,67,26226,43,9492,22,16264,2,470,46,5236,21,10725,48,15961,California
Calaveras,2021-04-12,101,26327,49,9541,38,16302,14,484,57,5264,44,10769,72,16033,California
Calaveras,2021-04-13,465,26792,409,9950,56,16358,0,484,397,5597,66,10835,399,16432,California
Calaveras,2021-04-14,168,26960,21,9971,147,16505,0,484,128,5686,40,10875,129,16561,California
Calaveras,2021-04-15,336,27296,290,10261,46,16551,0,484,251,5857,81,10956,252,16813,California
Calaveras,2021-04-16,83,27379,17,10278,66,16617,0,484,41,5860,38,10994,41,16854,California
Calaveras,2021-04-17,274,27653,117,10395,157,16774,0,484,246,6078,28,11022,246,17100,California
Colusa,2020-12-18,1,1,1,1,0,0,0,0,1,1,0,0,1,1,California
Colusa,2020-12-21,2,3,2,3,0,0,0,0,2,3,0,0,2,3,California
Colusa,2020-12-22,10,13,10,13,0,0,0,0,10,13,0,0,10,13,California
Colusa,2020-12-23,10,23,10,23,0,0,0,0,10,23,0,0,10,23,California
Colusa,2020-12-24,2,25,1,24,1,1,0,0,2,25,0,0,2,25,California
Colusa,2020-12-27,1,26,1,25,0,1,0,0,1,26,0,0,1,26,California
Colusa,2020-12-28,7,33,3,28,4,5,0,0,7,33,0,0,7,33,California
Colusa,2020-12-29,11,44,8,36,3,8,0,0,11,44,0,0,11,44,California
Colusa,2020-12-30,50,94,13,49,37,45,0,0,50,94,0,0,50,94,California
Colusa,2020-12-31,18,112,1,50,17,62,0,0,18,112,0,0,18,112,California
Colusa,2021-01-04,4,116,0,50,4,66,0,0,4,116,0,0,4,116,California
Colusa,2021-01-05,67,183,1,51,66,132,0,0,67,183,0,0,67,183,California
Colusa,2021-01-06,15,198,9,60,6,138,0,0,15,198,0,0,15,198,California
Colusa,2021-01-07,38,236,4,64,34,172,0,0,37,234,1,1,37,235,California
Colusa,2021-01-08,9,245,7,71,2,174,0,0,8,241,1,2,8,243,California
Colusa,2021-01-09,2,247,1,72,1,175,0,0,2,243,0,2,2,245,California
Colusa,2021-01-10,1,248,0,72,1,176,0,0,1,244,0,2,1,246,California
Colusa,2021-01-11,12,260,6,78,6,182,0,0,7,246,5,7,7,253,California
Colusa,2021-01-12,11,271,9,87,2,184,0,0,6,247,5,12,6,259,California
Colusa,2021-01-13,21,292,13,100,8,192,0,0,13,252,8,20,13,272,California
Colusa,2021-01-14,35,327,28,128,7,199,0,0,33,283,2,22,33,305,California
Colusa,2021-01-15,41,368,5,133,36,235,0,0,39,320,2,24,39,344,California
Colusa,2021-01-16,12,380,1,134,11,246,0,0,11,330,1,25,11,355,California
Colusa,2021-01-17,3,383,2,136,1,247,0,0,2,331,1,26,2,357,California
Colusa,2021-01-18,4,387,0,136,4,251,0,0,4,335,0,26,4,361,California
Colusa,2021-01-19,9,396,8,144,1,252,0,0,5,336,4,30,5,366,California
Colusa,2021-01-20,115,511,101,245,14,266,0,0,102,425,13,43,102,468,California
Colusa,2021-01-21,56,567,41,286,15,281,0,0,55,479,1,44,55,523,California
Colusa,2021-01-22,40,607,17,303,23,304,0,0,35,509,5,49,35,558,California
Colusa,2021-01-23,35,642,6,309,29,333,0,0,35,544,0,49,35,593,California
Colusa,2021-01-25,7,649,0,309,7,340,0,0,7,551,0,49,7,600,California
Colusa,2021-01-26,8,657,5,314,3,343,0,0,5,553,3,52,5,605,California
Colusa,2021-01-27,107,764,31,345,76,419,0,0,105,656,2,54,105,710,California
Colusa,2021-01-28,79,843,46,391,33,452,0,0,72,721,7,61,72,782,California
Colusa,2021-01-29,40,883,7,398,33,485,0,0,39,759,1,62,39,821,California
Colusa,2021-01-30,27,910,4,402,23,508,0,0,27,786,0,62,27,848,California
Colusa,2021-01-31,7,917,7,409,0,508,0,0,7,793,0,62,7,855,California
Colusa,2021-02-01,27,944,10,419,17,525,0,0,22,810,5,67,22,877,California
Colusa,2021-02-02,42,986,8,427,34,559,0,0,36,840,6,73,36,913,California
Colusa,2021-02-03,69,1055,10,437,59,618,0,0,59,889,10,83,59,972,California
Colusa,2021-02-04,143,1198,81,518,62,680,0,0,115,976,28,111,115,1087,California
Colusa,2021-02-05,32,1230,8,526,24,704,0,0,29,1002,3,114,29,1116,California
Colusa,2021-02-06,284,1514,8,534,276,980,0,0,273,1264,11,125,273,1389,California
Colusa,2021-02-07,2,1516,1,535,1,981,0,0,0,1262,2,127,0,1389,California
Colusa,2021-02-08,40,1556,5,540,35,1016,0,0,37,1296,3,130,37,1426,California
Colusa,2021-02-09,231,1787,14,554,217,1233,0,0,176,1417,55,185,176,1602,California
Colusa,2021-02-10,116,1903,41,595,75,1308,0,0,73,1447,43,228,73,1675,California
Colusa,2021-02-11,97,2000,36,631,61,1369,0,0,72,1494,25,253,72,1747,California
Colusa,2021-02-12,118,2118,9,640,109,1478,0,0,80,1535,39,292,80,1827,California
Colusa,2021-02-13,60,2178,8,648,52,1530,0,0,52,1579,8,300,52,1879,California
Colusa,2021-02-14,20,2198,8,656,12,1542,0,0,14,1587,6,306,14,1893,California
Colusa,2021-02-15,45,2243,10,666,35,1577,0,0,38,1618,7,313,38,1931,California
Colusa,2021-02-16,67,2310,4,670,63,1640,0,0,66,1683,1,314,66,1997,California
Colusa,2021-02-17,206,2516,143,813,63,1703,0,0,60,1597,146,460,60,2057,California
Colusa,2021-02-18,135,2651,35,848,100,1803,0,0,112,1686,23,483,112,2169,California
Colusa,2021-02-19,155,2806,19,867,136,1939,0,0,129,1789,26,509,129,2298,California
Colusa,2021-02-20,28,2834,6,873,22,1961,0,0,12,1785,16,525,12,2310,California
Colusa,2021-02-21,1,2835,1,874,0,1961,0,0,0,1784,1,526,0,2310,California
Colusa,2021-02-22,43,2878,26,900,17,1978,0,0,29,1799,14,540,29,2339,California
Colusa,2021-02-23,22,2900,6,906,16,1994,0,0,18,1813,4,544,18,2357,California
Colusa,2021-02-24,300,3200,54,960,246,2240,0,0,158,1829,142,686,158,2515,California
Colusa,2021-02-25,101,3301,54,1014,47,2287,0,0,66,1860,35,721,66,2581,California
Colusa,2021-02-26,96,3397,12,1026,84,2371,0,0,58,1880,38,759,58,2639,California
Colusa,2021-02-27,55,3452,4,1030,51,2422,0,0,40,1905,15,774,40,2679,California
Colusa,2021-02-28,26,3478,14,1044,12,2434,0,0,18,1915,8,782,18,2697,California
Colusa,2021-03-01,46,3524,15,1059,31,2465,0,0,29,1927,17,799,29,2726,California
Colusa,2021-03-02,47,3571,13,1072,34,2499,0,0,24,1928,23,822,24,2750,California
Colusa,2021-03-03,237,3808,38,1110,199,2698,0,0,180,2051,57,879,180,2930,California
Colusa,2021-03-04,136,3944,58,1168,78,2776,0,0,80,2075,56,935,80,3010,California
Colusa,2021-03-05,98,4042,25,1193,64,2840,9,9,53,2092,45,980,62,3072,California
Colusa,2021-03-06,274,4316,9,1202,265,3105,0,9,37,1892,237,1217,37,3109,California
Colusa,2021-03-07,8,4324,5,1207,3,3108,0,9,6,1896,2,1219,6,3115,California
Colusa,2021-03-08,88,4412,20,1227,33,3141,35,44,44,1931,44,1263,79,3194,California
Colusa,2021-03-09,272,4684,70,1297,179,3320,23,67,83,1848,189,1452,106,3300,California
Colusa,2021-03-10,287,4971,35,1332,216,3536,36,103,201,1999,86,1538,237,3537,California
Colusa,2021-03-11,415,5386,57,1389,337,3873,21,124,333,2270,82,1620,353,3890,California
Colusa,2021-03-12,110,5496,18,1407,79,3952,13,137,19,2211,91,1711,32,3922,California
Colusa,2021-03-13,61,5557,16,1423,36,3988,9,146,18,2195,43,1754,27,3949,California
Colusa,2021-03-14,20,5577,0,1423,18,4006,2,148,6,2190,13,1767,8,3957,California
Colusa,2021-03-15,68,5645,26,1449,34,4040,8,156,13,2156,55,1822,21,3978,California
Colusa,2021-03-16,292,5937,15,1464,231,4271,46,202,185,2280,107,1929,231,4209,California
Colusa,2021-03-17,194,6131,49,1513,145,4416,0,202,110,2306,84,2013,110,4319,California
Colusa,2021-03-18,319,6450,33,1546,215,4631,71,273,196,2450,123,2136,267,4586,California
Colusa,2021-03-19,77,6527,20,1566,55,4686,2,275,54,2483,23,2159,56,4642,California
Colusa,2021-03-20,48,6575,7,1573,40,4726,1,276,35,2506,13,2172,36,4678,California
Colusa,2021-03-21,6,6581,4,1577,2,4728,0,276,4,2508,2,2174,4,4682,California
Colusa,2021-03-22,63,6644,10,1587,44,4772,9,285,41,2536,22,2196,50,4732,California
Colusa,2021-03-23,81,6725,16,1603,63,4835,2,287,54,2565,27,2223,56,4788,California
Colusa,2021-03-24,334,7059,56,1659,272,5107,6,293,69,2374,265,2488,74,4862,California
Colusa,2021-03-25,107,7166,59,1718,43,5150,5,298,50,2372,57,2545,55,4917,California
Colusa,2021-03-26,297,7463,46,1764,247,5397,4,302,244,2567,53,2598,248,5165,California
Colusa,2021-03-27,62,7525,5,1769,57,5454,0,302,24,2553,38,2636,24,5189,California
Colusa,2021-03-28,15,7540,6,1775,9,5463,0,302,7,2552,8,2644,7,5196,California
Colusa,2021-03-29,68,7608,19,1794,44,5507,5,307,30,2549,38,2682,35,5231,California
Colusa,2021-03-30,147,7755,78,1872,67,5574,2,309,77,2558,70,2752,79,5310,California
Colusa,2021-03-31,226,7981,35,1907,191,5765,0,309,72,2477,153,2905,72,5382,California
Colusa,2021-04-01,420,8401,64,1971,301,6066,55,364,299,2711,120,3025,354,5736,California
Colusa,2021-04-02,81,8482,14,1985,54,6120,13,377,39,2721,42,3067,52,5788,California
Colusa,2021-04-03,62,8544,10,1995,29,6149,23,400,14,2710,48,3115,37,5825,California
Colusa,2021-04-04,18,8562,0,1995,8,6157,10,410,3,2708,15,3130,13,5838,California
Colusa,2021-04-05,95,8657,25,2020,55,6212,15,425,39,2706,56,3186,54,5892,California
Colusa,2021-04-06,128,8785,33,2053,45,6257,50,475,43,2714,85,3271,93,5985,California
Colusa,2021-04-07,356,9141,40,2093,293,6550,23,498,132,2646,224,3495,156,6141,California
Colusa,2021-04-08,427,9568,33,2126,366,6916,28,526,121,2492,303,3798,149,6290,California
Colusa,2021-04-09,75,9643,20,2146,32,6948,23,549,28,2496,47,3845,51,6341,California
Colusa,2021-04-10,45,9688,9,2155,16,6964,20,569,13,2497,32,3877,33,6374,California
Colusa,2021-04-11,15,9703,2,2157,11,6975,2,571,7,2498,8,3885,9,6383,California
Colusa,2021-04-12,31,9734,3,2160,28,7003,0,571,24,2515,7,3892,24,6407,California
Colusa,2021-04-13,278,10012,22,2182,256,7259,0,571,94,2426,183,4075,94,6501,California
Colusa,2021-04-14,90,10102,18,2200,72,7331,0,571,31,2398,59,4134,31,6532,California
Colusa,2021-04-15,301,10403,37,2237,264,7595,0,571,117,2332,184,4318,118,6650,California
Colusa,2021-04-16,72,10475,10,2247,62,7657,0,571,30,2321,41,4359,30,6680,California
Colusa,2021-04-17,35,10510,4,2251,31,7688,0,571,16,2318,19,4378,16,6696,California
Contra Costa,2020-12-15,18,18,18,18,0,0,0,0,18,18,0,0,18,18,California
Contra Costa,2020-12-16,522,540,522,540,0,0,0,0,522,540,0,0,522,540,California
Contra Costa,2020-12-17,908,1448,908,1448,0,0,0,0,908,1448,0,0,908,1448,California
Contra Costa,2020-12-18,1590,3038,1589,3037,1,1,0,0,1590,3038,0,0,1590,3038,California
Contra Costa,2020-12-19,1102,4140,1101,4138,1,2,0,0,1102,4140,0,0,1102,4140,California
Contra Costa,2020-12-20,583,4723,582,4720,1,3,0,0,583,4723,0,0,583,4723,California
Contra Costa,2020-12-21,1652,6375,1650,6370,2,5,0,0,1652,6375,0,0,1652,6375,California
Contra Costa,2020-12-22,1667,8042,1563,7933,104,109,0,0,1667,8042,0,0,1667,8042,California
Contra Costa,2020-12-23,1579,9621,1333,9266,246,355,0,0,1579,9621,0,0,1579,9621,California
Contra Costa,2020-12-24,654,10275,336,9602,318,673,0,0,654,10275,0,0,654,10275,California
Contra Costa,2020-12-25,39,10314,17,9619,22,695,0,0,39,10314,0,0,39,10314,California
Contra Costa,2020-12-26,640,10954,131,9750,509,1204,0,0,640,10954,0,0,640,10954,California
Contra Costa,2020-12-27,240,11194,86,9836,154,1358,0,0,240,11194,0,0,240,11194,California
Contra Costa,2020-12-28,1828,13022,861,10697,967,2325,0,0,1828,13022,0,0,1828,13022,California
Contra Costa,2020-12-29,1824,14846,824,11521,1000,3325,0,0,1824,14846,0,0,1824,14846,California
Contra Costa,2020-12-30,2389,17235,1213,12734,1176,4501,0,0,2388,17234,0,0,2388,17234,California
Contra Costa,2020-12-31,911,18146,307,13041,604,5105,0,0,910,18144,0,0,910,18144,California
Contra Costa,2021-01-01,58,18204,23,13064,35,5140,0,0,58,18202,0,0,58,18202,California
Contra Costa,2021-01-02,331,18535,172,13236,159,5299,0,0,331,18533,0,0,331,18533,California
Contra Costa,2021-01-03,175,18710,117,13353,58,5357,0,0,174,18707,0,0,174,18707,California
Contra Costa,2021-01-04,1895,20605,1246,14599,649,6006,0,0,1874,20562,19,19,1874,20581,California
Contra Costa,2021-01-05,2093,22698,1255,15854,838,6844,0,0,1834,22139,258,277,1835,22416,California
Contra Costa,2021-01-06,3265,25963,2239,18093,1026,7870,0,0,2505,23893,754,1031,2508,24924,California
Contra Costa,2021-01-07,3082,29045,2053,20146,1029,8899,0,0,1871,24556,1208,2239,1871,26795,California
Contra Costa,2021-01-08,3374,32419,2384,22530,990,9889,0,0,1813,24817,1555,3794,1816,28611,California
Contra Costa,2021-01-09,1584,34003,1133,23663,451,10340,0,0,748,24732,835,4629,750,29361,California
Contra Costa,2021-01-10,359,34362,286,23949,73,10413,0,0,150,24673,209,4838,150,29511,California
Contra Costa,2021-01-11,3834,38196,3119,27068,715,11128,0,0,2231,25303,1603,6441,2233,31744,California
Contra Costa,2021-01-12,3903,42099,2929,29997,974,12102,0,0,2579,26560,1324,7765,2581,34325,California
Contra Costa,2021-01-13,4664,46763,2880,32877,1784,13886,0,0,3731,29362,929,8694,3731,38056,California
Contra Costa,2021-01-14,4297,51060,1552,34429,2745,16631,0,0,3914,32893,383,9077,3914,41970,California
Contra Costa,2021-01-15,5317,56377,2453,36882,2864,19495,0,0,4994,37569,322,9399,4998,46968,California
Contra Costa,2021-01-16,1708,58085,549,37431,1159,20654,0,0,1633,39127,75,9474,1633,48601,California
Contra Costa,2021-01-17,1632,59717,971,38402,661,21315,0,0,1510,40518,122,9596,1513,50114,California
Contra Costa,2021-01-18,3184,62901,1251,39653,1933,23248,0,0,2561,42463,617,10213,2562,52676,California
Contra Costa,2021-01-19,7053,69954,3155,42808,3898,27146,0,0,6051,47520,999,11212,6056,58732,California
Contra Costa,2021-01-20,6597,76551,4046,46854,2551,29697,0,0,5368,51668,1225,12437,5373,64105,California
Contra Costa,2021-01-21,6950,83501,3087,49941,3863,33560,0,0,6229,57188,716,13153,6236,70341,California
Contra Costa,2021-01-22,6357,89858,2696,52637,3661,37221,0,0,5501,61846,846,13999,5504,75845,California
Contra Costa,2021-01-23,2022,91880,357,52994,1665,38886,0,0,1765,63358,255,14254,1767,77612,California
Contra Costa,2021-01-24,1579,93459,218,53212,1361,40247,0,0,1434,64651,145,14399,1438,79050,California
Contra Costa,2021-01-25,6637,100096,3013,56225,3624,43871,0,0,5078,68175,1557,15956,5081,84131,California
Contra Costa,2021-01-26,8047,108143,4659,60884,3388,47259,0,0,6219,72576,1820,17776,6221,90352,California
Contra Costa,2021-01-27,8218,116361,5480,66364,2738,49997,0,0,6331,77106,1805,19581,6335,96687,California
Contra Costa,2021-01-28,7381,123742,4053,70417,3328,53325,0,0,5790,81315,1585,21166,5794,102481,California
Contra Costa,2021-01-29,7420,131162,3877,74294,3543,56868,0,0,6116,86132,1301,22467,6118,108599,California
Contra Costa,2021-01-30,2079,133241,595,74889,1484,58352,0,0,1714,87488,358,22825,1714,110313,California
Contra Costa,2021-01-31,699,133940,480,75369,219,58571,0,0,572,87936,124,22949,572,110885,California
Contra Costa,2021-02-01,5511,139451,3759,79128,1752,60323,0,0,3886,90205,1620,24569,3889,114774,California
Contra Costa,2021-02-02,7743,147194,5273,84401,2470,62793,0,0,5895,94255,1846,26415,5896,120670,California
Contra Costa,2021-02-03,8261,155455,5455,89856,2806,65599,0,0,5630,97265,2621,29036,5631,126301,California
Contra Costa,2021-02-04,7435,162890,3531,93387,3904,69503,0,0,5723,101281,1709,30745,5725,132026,California
Contra Costa,2021-02-05,8420,171310,4819,98206,3601,73104,0,0,5721,104310,2692,33437,5721,137747,California
Contra Costa,2021-02-06,3461,174771,2150,100356,1311,74415,0,0,2814,106479,646,34083,2815,140562,California
Contra Costa,2021-02-07,977,175748,706,101062,271,74686,0,0,602,106707,374,34457,602,141164,California
Contra Costa,2021-02-08,5794,181542,3433,104495,2361,77047,0,0,4323,109565,1466,35923,4324,145488,California
Contra Costa,2021-02-09,8633,190175,4760,109255,3873,80920,0,0,5754,112446,2874,38797,5755,151243,California
Contra Costa,2021-02-10,8598,198773,4641,113896,3957,84877,0,0,5400,114667,3183,41980,5404,156647,California
Contra Costa,2021-02-11,9218,207991,4195,118091,5023,89900,0,0,5251,115961,3961,45941,5255,161902,California
Contra Costa,2021-02-12,10052,218043,4604,122695,5448,95348,0,0,5453,116824,4593,50534,5456,167358,California
Contra Costa,2021-02-13,4863,222906,1359,124054,3504,98852,0,0,3399,118763,1461,51995,3400,170758,California
Contra Costa,2021-02-14,2085,224991,864,124918,1221,100073,0,0,1224,119127,860,52855,1224,171982,California
Contra Costa,2021-02-15,4438,229429,2461,127379,1977,102050,0,0,2350,119396,2082,54937,2351,174333,California
Contra Costa,2021-02-16,10399,239828,4897,132276,5502,107552,0,0,4635,118277,5757,60694,4638,178971,California
Contra Costa,2021-02-17,12255,252083,6113,138389,6142,113694,0,0,5619,117274,6622,67316,5619,184590,California
Contra Costa,2021-02-18,11432,263515,5944,144333,5488,119182,0,0,5309,116473,6112,73428,5311,189901,California
Contra Costa,2021-02-19,11385,274900,7098,151431,4287,123469,0,0,5168,115439,6203,79631,5169,195070,California
Contra Costa,2021-02-20,6432,281332,2885,154316,3547,127016,0,0,4563,118151,1853,81484,4565,199635,California
Contra Costa,2021-02-21,1793,283125,1247,155563,546,127562,0,0,1080,118519,712,82196,1080,200715,California
Contra Costa,2021-02-22,7518,290643,5089,160652,2429,129991,0,0,3457,117927,4051,86247,3459,204174,California
Contra Costa,2021-02-23,11863,302506,7234,167886,4629,134620,0,0,5903,117887,5947,92194,5907,210081,California
Contra Costa,2021-02-24,10452,312958,7665,175551,2787,137407,0,0,5034,117521,5402,97596,5036,215117,California
Contra Costa,2021-02-25,11432,324390,7199,182750,4233,141640,0,0,5191,116494,6222,103818,5195,220312,California
Contra Costa,2021-02-26,10671,335061,6728,189478,3943,145583,0,0,5288,116414,5369,109187,5289,225601,California
Contra Costa,2021-02-27,6605,341666,4200,193678,2405,147988,0,0,4101,118018,2498,111685,4102,229703,California
Contra Costa,2021-02-28,3782,345448,3114,196792,668,148656,0,0,3187,120614,592,112277,3188,232891,California
Contra Costa,2021-03-01,8080,353528,6073,202865,2006,150662,1,1,4962,122474,3105,115382,4965,237856,California
Contra Costa,2021-03-02,10092,363620,6296,209161,3795,154457,1,2,5230,122858,4847,120229,5231,243087,California
Contra Costa,2021-03-03,11060,374680,6903,216064,4156,158613,1,3,6159,124133,4886,125115,6161,249248,California
Contra Costa,2021-03-04,11837,386517,7057,223121,4780,163393,0,3,6128,124570,5691,130806,6128,255376,California
Contra Costa,2021-03-05,11197,397714,6654,229775,4538,167931,5,8,6368,126128,4815,135621,6373,261749,California
Contra Costa,2021-03-06,7268,404982,3989,233764,2971,170902,308,316,4700,128578,2556,138177,5006,266755,California
Contra Costa,2021-03-07,3604,408586,2260,236024,1285,172187,59,375,2932,130898,671,138848,2991,269746,California
Contra Costa,2021-03-08,8028,416614,3748,239772,3977,176164,303,678,5351,133890,2666,141514,5658,275404,California
Contra Costa,2021-03-09,10149,426763,4979,244751,4877,181041,293,971,5021,134083,5122,146636,5315,280719,California
Contra Costa,2021-03-10,12091,438854,5949,250700,4653,185694,1489,2460,5461,134405,6623,153259,6945,287664,California
Contra Costa,2021-03-11,12444,451298,6556,257256,5329,191023,559,3019,6354,135251,6070,159329,6916,294580,California
Contra Costa,2021-03-12,12502,463800,5121,262377,6840,197863,541,3560,6249,135803,6238,165567,6790,301370,California
Contra Costa,2021-03-13,7725,471525,3066,265443,4240,202103,419,3979,3063,134634,4645,170212,3476,304846,California
Contra Costa,2021-03-14,4338,475863,2542,267985,1312,203415,484,4463,2076,134936,2257,172469,2559,307405,California
Contra Costa,2021-03-15,9362,485225,5051,273036,3559,206974,752,5215,4750,135840,4598,177067,5502,312907,California
Contra Costa,2021-03-16,14231,499456,8451,281487,5385,212359,395,5610,7261,136546,6950,184017,7656,320563,California
Contra Costa,2021-03-17,14960,514416,10325,291812,4425,216784,210,5820,8567,138955,6373,190390,8782,329345,California
Contra Costa,2021-03-18,15341,529757,8525,300337,6336,223120,480,6300,8783,141684,6532,196922,9261,338606,California
Contra Costa,2021-03-19,15471,545228,8866,309203,5217,228337,1388,7688,8297,144211,7162,204084,9689,348295,California
Contra Costa,2021-03-20,10593,555821,6325,315528,3966,232303,302,7990,5230,144395,5347,209431,5531,353826,California
Contra Costa,2021-03-21,4434,560255,3879,319407,470,232773,85,8075,2088,144226,2341,211772,2172,355998,California
Contra Costa,2021-03-22,11498,571753,8665,328072,2585,235358,248,8323,7076,147139,4410,216182,7323,363321,California
Contra Costa,2021-03-23,15578,587331,10727,338799,4681,240039,170,8493,9521,150801,6031,222213,9693,373014,California
Contra Costa,2021-03-24,14899,602230,11634,350433,3053,243092,212,8705,9166,154476,5705,227918,9380,382394,California
Contra Costa,2021-03-25,15146,617376,11807,362240,3068,246160,271,8976,9359,158356,5750,233668,9630,392024,California
Contra Costa,2021-03-26,14882,632258,10674,372914,3813,249973,395,9371,8799,161483,6064,239732,9191,401215,California
Contra Costa,2021-03-27,10394,642652,6732,379646,3154,253127,508,9879,5763,163128,4623,244355,6268,407483,California
Contra Costa,2021-03-28,4117,646769,2914,382560,1150,254277,53,9932,1770,162614,2337,246692,1823,409306,California
Contra Costa,2021-03-29,10829,657598,8464,391024,2251,256528,114,10046,7102,166118,3713,250405,7217,416523,California
Contra Costa,2021-03-30,16711,674309,9109,400133,6249,262777,1353,11399,11064,172897,5633,256038,12412,428935,California
Contra Costa,2021-03-31,17922,692231,12556,412689,3928,266705,1438,12837,11580,179605,6312,262350,13020,441955,California
Contra Costa,2021-04-01,17393,709624,12188,424877,3844,270549,1361,14198,11346,186284,6028,268378,12707,454662,California
Contra Costa,2021-04-02,17346,726970,12825,437702,3519,274068,1002,15200,11563,193077,5774,274152,12567,467229,California
Contra Costa,2021-04-03,10771,737741,6429,444131,2814,276882,1528,16728,6195,196237,4563,278715,7723,474952,California
Contra Costa,2021-04-04,3230,740971,1255,445386,1414,278296,561,17289,845,195262,2381,281096,1406,476358,California
Contra Costa,2021-04-05,12039,753010,7872,453258,3209,281505,958,18247,6604,197400,5425,286521,7563,483921,California
Contra Costa,2021-04-06,17241,770251,11985,465243,2986,284491,2270,20517,9759,201966,7464,293985,12030,495951,California
Contra Costa,2021-04-07,18415,788666,12490,477733,3137,287628,2788,23305,10474,207347,7922,301907,13303,509254,California
Contra Costa,2021-04-08,18572,807238,12447,490180,3234,290862,2891,26196,10029,211738,8520,310427,12911,522165,California
Contra Costa,2021-04-09,18364,825602,11810,501990,4185,295047,2369,28565,9975,215716,8366,318793,12344,534509,California
Contra Costa,2021-04-10,10402,836004,3757,505747,2128,297175,4517,33082,3237,216309,7153,325946,7746,542255,California
Contra Costa,2021-04-11,3314,839318,1985,507732,680,297855,649,33731,1128,215907,2181,328127,1779,544034,California
Contra Costa,2021-04-12,11579,850897,7626,515358,2927,300782,1026,34757,5461,216292,6107,334234,6492,550526,California
Contra Costa,2021-04-13,17499,868396,10633,525991,6861,307643,5,34762,11674,222175,5802,340036,11685,562211,California
Contra Costa,2021-04-14,16843,885239,10528,536519,6315,313958,0,34762,9361,224078,7461,347497,9364,571575,California
Contra Costa,2021-04-15,15904,901143,9933,546452,5970,319928,1,34763,7131,222500,8743,356240,7165,578740,California
Contra Costa,2021-04-16,16237,917380,10285,556737,5950,325878,2,34765,7179,220654,9037,365277,7191,585931,California
Contra Costa,2021-04-17,8926,926306,4776,561513,4150,330028,0,34765,4620,220983,4294,369571,4623,590554,California
Del Norte,2020-12-21,23,23,23,23,0,0,0,0,23,23,0,0,23,23,California
Del Norte,2020-12-22,46,69,46,69,0,0,0,0,46,69,0,0,46,69,California
Del Norte,2020-12-23,58,127,48,117,10,10,0,0,57,126,0,0,57,126,California
Del Norte,2020-12-28,34,161,34,151,0,10,0,0,34,160,0,0,34,160,California
Del Norte,2020-12-29,4,165,4,155,0,10,0,0,4,164,0,0,4,164,California
Del Norte,2020-12-30,67,232,55,210,12,22,0,0,68,232,0,0,68,232,California
Del Norte,2020-12-31,16,248,13,223,3,25,0,0,16,248,0,0,16,248,California
Del Norte,2021-01-04,102,350,49,272,53,78,0,0,102,350,0,0,102,350,California
Del Norte,2021-01-05,33,383,0,272,33,111,0,0,33,383,0,0,33,383,California
Del Norte,2021-01-06,77,460,18,290,59,170,0,0,77,460,0,0,77,460,California
Del Norte,2021-01-07,21,481,1,291,20,190,0,0,21,481,0,0,21,481,California
Del Norte,2021-01-08,77,558,7,298,70,260,0,0,77,558,0,0,77,558,California
Del Norte,2021-01-11,40,598,21,319,19,279,0,0,18,555,22,22,19,577,California
Del Norte,2021-01-12,50,648,32,351,18,297,0,0,29,563,21,43,29,606,California
Del Norte,2021-01-13,85,733,40,391,45,342,0,0,52,582,33,76,52,658,California
Del Norte,2021-01-14,52,785,14,405,38,380,0,0,46,622,6,82,46,704,California
Del Norte,2021-01-15,107,892,18,423,89,469,0,0,95,705,12,94,95,799,California
Del Norte,2021-01-17,1,893,1,424,0,469,0,0,1,706,0,94,1,800,California
Del Norte,2021-01-18,3,896,0,424,3,472,0,0,3,709,0,94,3,803,California
Del Norte,2021-01-19,119,1015,56,480,63,535,0,0,77,744,42,136,77,880,California
Del Norte,2021-01-20,158,1173,84,564,74,609,0,0,96,778,62,198,96,976,California
Del Norte,2021-01-21,43,1216,40,604,3,612,0,0,32,799,11,209,32,1008,California
Del Norte,2021-01-22,19,1235,16,620,3,615,0,0,12,804,7,216,12,1020,California
Del Norte,2021-01-23,1,1236,0,620,1,616,0,0,1,805,0,216,1,1021,California
Del Norte,2021-01-24,1,1237,0,620,1,617,0,0,1,806,0,216,1,1022,California
Del Norte,2021-01-25,97,1334,79,699,18,635,0,0,53,815,44,260,53,1075,California
Del Norte,2021-01-26,18,1352,11,710,7,642,0,0,7,811,11,271,7,1082,California
Del Norte,2021-01-27,64,1416,21,731,43,685,0,0,61,869,3,274,61,1143,California
Del Norte,2021-01-28,291,1707,20,751,271,956,0,0,287,1152,4,278,287,1430,California
Del Norte,2021-01-29,52,1759,19,770,33,989,0,0,42,1184,10,288,42,1472,California
Del Norte,2021-01-30,8,1767,1,771,7,996,0,0,8,1192,0,288,8,1480,California
Del Norte,2021-02-01,41,1808,1,772,40,1036,0,0,26,1203,15,303,26,1506,California
Del Norte,2021-02-02,142,1950,34,806,108,1144,0,0,73,1208,68,371,73,1579,California
Del Norte,2021-02-03,125,2075,40,846,85,1229,0,0,71,1225,54,425,71,1650,California
Del Norte,2021-02-04,72,2147,29,875,43,1272,0,0,42,1237,30,455,42,1692,California
Del Norte,2021-02-05,181,2328,22,897,159,1431,0,0,118,1293,62,517,118,1810,California
Del Norte,2021-02-06,309,2637,6,903,303,1734,0,0,309,1602,0,517,309,2119,California
Del Norte,2021-02-07,2,2639,1,904,1,1735,0,0,2,1604,0,517,2,2121,California
Del Norte,2021-02-08,36,2675,1,905,35,1770,0,0,32,1632,4,521,32,2153,California
Del Norte,2021-02-09,8,2683,5,910,3,1773,0,0,2,1628,6,527,2,2155,California
Del Norte,2021-02-10,143,2826,20,930,123,1896,0,0,86,1658,56,583,86,2241,California
Del Norte,2021-02-11,175,3001,58,988,117,2013,0,0,63,1609,112,695,63,2304,California
Del Norte,2021-02-12,121,3122,14,1002,107,2120,0,0,67,1622,54,749,67,2371,California
Del Norte,2021-02-13,2,3124,1,1003,1,2121,0,0,2,1624,0,749,2,2373,California
Del Norte,2021-02-14,3,3127,1,1004,2,2123,0,0,2,1625,1,750,2,2375,California
Del Norte,2021-02-15,5,3132,0,1004,5,2128,0,0,2,1624,3,753,2,2377,California
Del Norte,2021-02-16,132,3264,1,1005,131,2259,0,0,13,1518,119,872,13,2390,California
Del Norte,2021-02-17,91,3355,20,1025,71,2330,0,0,24,1475,67,939,24,2414,California
Del Norte,2021-02-18,77,3432,24,1049,53,2383,0,0,51,1500,26,965,51,2465,California
Del Norte,2021-02-19,43,3475,17,1066,26,2409,0,0,33,1523,10,975,33,2498,California
Del Norte,2021-02-20,9,3484,6,1072,3,2412,0,0,7,1528,2,977,7,2505,California
Del Norte,2021-02-22,2,3486,0,1072,2,2414,0,0,2,1530,0,977,2,2507,California
Del Norte,2021-02-23,101,3587,83,1155,18,2432,0,0,31,1491,70,1047,31,2538,California
Del Norte,2021-02-24,152,3739,98,1253,54,2486,0,0,79,1497,73,1120,79,2617,California
Del Norte,2021-02-25,474,4213,131,1384,343,2829,0,0,211,1446,262,1382,211,2828,California
Del Norte,2021-02-26,212,4425,176,1560,36,2865,0,0,166,1566,46,1428,166,2994,California
Del Norte,2021-02-27,152,4577,145,1705,6,2871,1,1,141,1697,11,1439,142,3136,California
Del Norte,2021-02-28,4,4581,1,1706,3,2874,0,1,3,1699,1,1440,3,3139,California
Del Norte,2021-03-01,28,4609,2,1708,26,2900,0,1,4,1679,24,1464,4,3143,California
Del Norte,2021-03-02,218,4827,140,1848,78,2978,0,1,185,1831,33,1497,185,3328,California
Del Norte,2021-03-03,159,4986,91,1939,68,3046,0,1,118,1908,41,1538,118,3446,California
Del Norte,2021-03-04,120,5106,83,2022,37,3083,0,1,91,1971,28,1566,91,3537,California
Del Norte,2021-03-05,91,5197,9,2031,82,3165,0,1,43,1966,48,1614,43,3580,California
Del Norte,2021-03-06,439,5636,78,2109,311,3476,50,51,160,1854,279,1893,167,3747,California
Del Norte,2021-03-07,2,5638,1,2110,1,3477,0,51,1,1854,1,1894,1,3748,California
Del Norte,2021-03-08,28,5666,1,2111,25,3502,2,53,5,1838,23,1917,7,3755,California
Del Norte,2021-03-09,194,5860,112,2223,79,3581,3,56,183,2013,11,1928,186,3941,California
Del Norte,2021-03-10,218,6078,97,2320,93,3674,28,84,132,2087,86,2014,160,4101,California
Del Norte,2021-03-11,145,6223,55,2375,90,3764,0,84,102,2146,43,2057,102,4203,California
Del Norte,2021-03-12,177,6400,90,2465,87,3851,0,84,124,2217,53,2110,124,4327,California
Del Norte,2021-03-13,95,6495,94,2559,1,3852,0,84,91,2304,4,2114,91,4418,California
Del Norte,2021-03-14,1,6496,0,2559,1,3853,0,84,1,2304,1,2115,1,4419,California
Del Norte,2021-03-15,39,6535,0,2559,38,3891,1,85,34,2334,5,2120,35,4454,California
Del Norte,2021-03-16,280,6815,136,2695,144,4035,0,85,259,2572,21,2141,259,4713,California
Del Norte,2021-03-17,282,7097,95,2790,185,4220,2,87,168,2628,114,2255,170,4883,California
Del Norte,2021-03-18,285,7382,108,2898,174,4394,3,90,149,2645,135,2390,152,5035,California
Del Norte,2021-03-19,266,7648,159,3057,101,4495,6,96,91,2567,175,2565,97,5132,California
Del Norte,2021-03-20,157,7805,155,3212,2,4497,0,96,15,2440,142,2707,15,5147,California
Del Norte,2021-03-21,4,7809,2,3214,2,4499,0,96,2,2440,2,2709,2,5149,California
Del Norte,2021-03-22,42,7851,3,3217,38,4537,1,97,39,2477,3,2712,40,5189,California
Del Norte,2021-03-23,330,8181,163,3380,149,4686,18,115,160,2487,168,2880,178,5367,California
Del Norte,2021-03-24,392,8573,107,3487,244,4930,41,156,238,2612,154,3034,279,5646,California
Del Norte,2021-03-25,195,8768,91,3578,104,5034,0,156,87,2592,107,3141,87,5733,California
Del Norte,2021-03-26,227,8995,108,3686,119,5153,0,156,194,2753,33,3174,194,5927,California
Del Norte,2021-03-27,108,9103,87,3773,4,5157,17,173,17,2696,91,3265,34,5961,California
Del Norte,2021-03-28,4,9107,2,3775,2,5159,0,173,1,2694,3,3268,1,5962,California
Del Norte,2021-03-29,57,9164,6,3781,34,5193,17,190,32,2718,25,3293,49,6011,California
Del Norte,2021-03-30,334,9498,118,3899,205,5398,11,201,128,2651,206,3499,139,6150,California
Del Norte,2021-03-31,346,9844,100,3999,229,5627,17,218,190,2704,154,3653,207,6357,California
Del Norte,2021-04-01,166,10010,60,4059,72,5699,34,252,71,2715,94,3747,105,6462,California
Del Norte,2021-04-02,233,10243,80,4139,104,5803,49,301,76,2684,157,3904,126,6588,California
Del Norte,2021-04-03,103,10346,82,4221,2,5805,19,320,4,2609,98,4002,23,6611,California
Del Norte,2021-04-04,4,10350,0,4221,0,5805,4,324,0,2609,4,4006,4,6615,California
Del Norte,2021-04-05,53,10403,5,4226,44,5849,4,328,46,2652,7,4013,50,6665,California
Del Norte,2021-04-06,377,10780,119,4345,221,6070,37,365,145,2607,228,4241,183,6848,California
Del Norte,2021-04-07,424,11204,115,4460,250,6320,59,424,285,2813,138,4379,344,7192,California
Del Norte,2021-04-08,231,11435,54,4514,109,6429,68,492,111,2872,120,4499,179,7371,California
Del Norte,2021-04-09,201,11636,48,4562,79,6508,74,566,98,2940,102,4601,170,7541,California
Del Norte,2021-04-10,48,11684,27,4589,4,6512,17,583,27,2963,21,4622,44,7585,California
Del Norte,2021-04-11,12,11696,3,4592,2,6514,7,590,2,2962,10,4632,9,7594,California
Del Norte,2021-04-12,28,11724,1,4593,9,6523,18,608,1,2955,26,4658,19,7613,California
Del Norte,2021-04-13,296,12020,49,4642,247,6770,0,608,155,2969,141,4799,155,7768,California
Del Norte,2021-04-14,305,12325,22,4664,283,7053,0,608,133,2935,172,4971,138,7906,California
Del Norte,2021-04-15,158,12483,35,4699,123,7176,0,608,47,2872,111,5082,48,7954,California
Del Norte,2021-04-16,152,12635,35,4734,117,7293,0,608,56,2833,96,5178,57,8011,California
Del Norte,2021-04-17,27,12662,3,4737,24,7317,0,608,24,2854,3,5181,24,8035,California
El Dorado,2020-12-15,12,12,12,12,0,0,0,0,12,12,0,0,12,12,California
El Dorado,2020-12-16,40,52,40,52,0,0,0,0,40,52,0,0,40,52,California
El Dorado,2020-12-17,30,82,30,82,0,0,0,0,30,82,0,0,30,82,California
El Dorado,2020-12-18,236,318,236,318,0,0,0,0,236,318,0,0,236,318,California
El Dorado,2020-12-19,116,434,116,434,0,0,0,0,116,434,0,0,116,434,California
El Dorado,2020-12-20,85,519,85,519,0,0,0,0,85,519,0,0,85,519,California
El Dorado,2020-12-21,307,826,306,825,1,1,0,0,307,826,0,0,307,826,California
El Dorado,2020-12-22,238,1064,214,1039,24,25,0,0,238,1064,0,0,238,1064,California
El Dorado,2020-12-23,189,1253,139,1178,50,75,0,0,189,1253,0,0,189,1253,California
El Dorado,2020-12-24,86,1339,65,1243,21,96,0,0,86,1339,0,0,86,1339,California
El Dorado,2020-12-25,8,1347,8,1251,0,96,0,0,8,1347,0,0,8,1347,California
El Dorado,2020-12-26,44,1391,26,1277,18,114,0,0,44,1391,0,0,44,1391,California
El Dorado,2020-12-27,37,1428,33,1310,4,118,0,0,37,1428,0,0,37,1428,California
El Dorado,2020-12-28,217,1645,170,1480,47,165,0,0,217,1645,0,0,217,1645,California
El Dorado,2020-12-29,454,2099,140,1620,314,479,0,0,454,2099,0,0,454,2099,California
El Dorado,2020-12-30,504,2603,136,1756,368,847,0,0,504,2603,0,0,504,2603,California
El Dorado,2020-12-31,108,2711,68,1824,40,887,0,0,108,2711,0,0,108,2711,California
El Dorado,2021-01-01,6,2717,4,1828,2,889,0,0,6,2717,0,0,6,2717,California
El Dorado,2021-01-02,151,2868,140,1968,11,900,0,0,151,2868,0,0,151,2868,California
El Dorado,2021-01-03,90,2958,16,1984,74,974,0,0,90,2958,0,0,90,2958,California
El Dorado,2021-01-04,190,3148,63,2047,127,1101,0,0,190,3148,0,0,190,3148,California
El Dorado,2021-01-05,204,3352,49,2096,155,1256,0,0,188,3320,16,16,188,3336,California
El Dorado,2021-01-06,261,3613,188,2284,73,1329,0,0,198,3455,63,79,198,3534,California
El Dorado,2021-01-07,326,3939,134,2418,192,1521,0,0,256,3641,70,149,256,3790,California
El Dorado,2021-01-08,972,4911,500,2918,472,1993,0,0,769,4208,203,352,770,4560,California
El Dorado,2021-01-09,192,5103,156,3074,36,2029,0,0,124,4264,68,420,124,4684,California
El Dorado,2021-01-10,180,5283,129,3203,51,2080,0,0,111,4306,69,489,111,4795,California
El Dorado,2021-01-11,658,5941,292,3495,366,2446,0,0,460,4569,197,686,460,5255,California
El Dorado,2021-01-12,692,6633,421,3916,271,2717,0,0,444,4765,248,934,444,5699,California
El Dorado,2021-01-13,694,7327,295,4211,399,3116,0,0,534,5139,160,1094,534,6233,California
El Dorado,2021-01-14,681,8008,218,4429,463,3579,0,0,586,5630,95,1189,586,6819,California
El Dorado,2021-01-15,673,8681,184,4613,489,4068,0,0,601,6159,72,1261,601,7420,California
El Dorado,2021-01-16,171,8852,103,4716,68,4136,0,0,144,6276,27,1288,144,7564,California
El Dorado,2021-01-17,99,8951,47,4763,52,4188,0,0,82,6341,17,1305,82,7646,California
El Dorado,2021-01-18,417,9368,138,4901,279,4467,0,0,349,6622,68,1373,349,7995,California
El Dorado,2021-01-19,636,10004,351,5252,285,4752,0,0,487,6961,149,1522,488,8483,California
El Dorado,2021-01-20,1008,11012,685,5937,323,5075,0,0,896,7746,111,1633,896,9379,California
El Dorado,2021-01-21,1151,12163,570,6507,581,5656,0,0,945,8526,165,1798,945,10324,California
El Dorado,2021-01-22,1094,13257,703,7210,391,6047,0,0,1043,9519,50,1848,1043,11367,California
El Dorado,2021-01-23,736,13993,617,7827,119,6166,0,0,625,10033,111,1959,625,11992,California
El Dorado,2021-01-24,126,14119,76,7903,50,6216,0,0,107,10121,19,1978,107,12099,California
El Dorado,2021-01-25,610,14729,204,8107,406,6622,0,0,521,10553,89,2067,521,12620,California
El Dorado,2021-01-26,670,15399,362,8469,308,6930,0,0,567,11018,103,2170,568,13188,California
El Dorado,2021-01-27,927,16326,331,8800,596,7526,0,0,591,11273,337,2507,592,13780,California
El Dorado,2021-01-28,1098,17424,450,9250,648,8174,0,0,741,11657,357,2864,741,14521,California
El Dorado,2021-01-29,965,18389,487,9737,478,8652,0,0,736,12166,228,3092,737,15258,California
El Dorado,2021-01-30,611,19000,360,10097,251,8903,0,0,450,12455,161,3253,450,15708,California
El Dorado,2021-01-31,209,19209,188,10285,21,8924,0,0,180,12606,29,3282,180,15888,California
El Dorado,2021-02-01,786,19995,368,10653,418,9342,0,0,642,13105,143,3425,642,16530,California
El Dorado,2021-02-02,828,20823,366,11019,462,9804,0,0,667,13611,161,3586,667,17197,California
El Dorado,2021-02-03,898,21721,475,11494,423,10227,0,0,686,14085,212,3798,686,17883,California
El Dorado,2021-02-04,1264,22985,721,12215,543,10770,0,0,871,14563,393,4191,871,18754,California
El Dorado,2021-02-05,1478,24463,597,12812,881,11651,0,0,865,14850,578,4769,865,19619,California
El Dorado,2021-02-06,638,25101,333,13145,305,11956,0,0,530,15273,108,4877,531,20150,California
El Dorado,2021-02-07,256,25357,176,13321,80,12036,0,0,192,15401,64,4941,192,20342,California
El Dorado,2021-02-08,878,26235,416,13737,462,12498,0,0,605,15733,273,5214,605,20947,California
El Dorado,2021-02-09,901,27136,487,14224,414,12912,0,0,479,15790,422,5636,479,21426,California
El Dorado,2021-02-10,1235,28371,728,14952,507,13419,0,0,644,15844,590,6226,644,22070,California
El Dorado,2021-02-11,2127,30498,879,15831,1248,14667,0,0,957,15633,1169,7395,958,23028,California
El Dorado,2021-02-12,1556,32054,822,16653,734,15401,0,0,676,15430,880,8275,677,23705,California
El Dorado,2021-02-13,976,33030,668,17321,308,15709,0,0,432,15321,541,8816,432,24137,California
El Dorado,2021-02-14,480,33510,153,17474,327,16036,0,0,397,15635,83,8899,397,24534,California
El Dorado,2021-02-15,1180,34690,387,17861,793,16829,0,0,827,16112,353,9252,830,25364,California
El Dorado,2021-02-16,1180,35870,528,18389,652,17481,0,0,672,16278,507,9759,673,26037,California
El Dorado,2021-02-17,896,36766,371,18760,525,18006,0,0,419,16222,477,10236,421,26458,California
El Dorado,2021-02-18,2073,38839,1005,19765,1068,19074,0,0,1348,16846,724,10960,1348,27806,California
El Dorado,2021-02-19,1159,39998,599,20364,560,19634,0,0,645,16978,514,11474,646,28452,California
El Dorado,2021-02-20,913,40911,434,20798,479,20113,0,0,665,17401,242,11716,665,29117,California
El Dorado,2021-02-21,280,41191,224,21022,56,20169,0,0,98,17318,181,11897,98,29215,California
El Dorado,2021-02-22,860,42051,435,21457,425,20594,0,0,276,17011,583,12480,276,29491,California
El Dorado,2021-02-23,819,42870,472,21929,347,20941,0,0,332,16857,486,12966,332,29823,California
El Dorado,2021-02-24,994,43864,439,22368,555,21496,0,0,402,16668,592,13558,403,30226,California
El Dorado,2021-02-25,1603,45467,881,23249,722,22218,0,0,699,16471,898,14456,701,30927,California
El Dorado,2021-02-26,2327,47794,1480,24729,847,23065,0,0,1571,17288,754,15210,1571,32498,California
El Dorado,2021-02-27,1651,49445,437,25166,1214,24279,0,0,1212,18064,436,15646,1212,33710,California
El Dorado,2021-02-28,570,50015,204,25370,366,24645,0,0,419,18333,151,15797,420,34130,California
El Dorado,2021-03-01,1097,51112,450,25820,647,25292,0,0,604,18445,492,16289,604,34734,California
El Dorado,2021-03-02,878,51990,264,26084,614,25906,0,0,452,18473,424,16713,452,35186,California
El Dorado,2021-03-03,1652,53642,454,26538,1198,27104,0,0,1127,19083,519,17232,1129,36315,California
El Dorado,2021-03-04,2478,56120,1530,28068,948,28052,0,0,1210,19028,1265,18497,1210,37525,California
El Dorado,2021-03-05,1556,57676,421,28489,1130,29182,5,5,1028,19538,523,19020,1033,38558,California
El Dorado,2021-03-06,726,58402,208,28697,485,29667,33,38,381,19607,345,19365,414,38972,California
El Dorado,2021-03-07,398,58800,197,28894,183,29850,18,56,235,19699,161,19526,253,39225,California
El Dorado,2021-03-08,1318,60118,363,29257,885,30735,70,126,850,20154,465,19991,920,40145,California
El Dorado,2021-03-09,952,61070,225,29482,660,31395,67,193,561,20406,376,20367,628,40773,California
El Dorado,2021-03-10,924,61994,342,29824,527,31922,55,248,535,20612,384,20751,590,41363,California
El Dorado,2021-03-11,2980,64974,1824,31648,974,32896,182,430,1362,20551,1604,22355,1543,42906,California
El Dorado,2021-03-12,1745,66719,618,32266,883,33779,244,674,724,20511,1008,23363,968,43874,California
El Dorado,2021-03-13,1042,67761,342,32608,416,34195,284,958,358,20469,681,24044,639,44513,California
El Dorado,2021-03-14,772,68533,207,32815,453,34648,112,1070,260,20329,512,24556,372,44885,California
El Dorado,2021-03-15,1374,69907,297,33112,951,35599,126,1196,586,20258,784,25340,713,45598,California
El Dorado,2021-03-16,1187,71094,404,33516,639,36238,144,1340,548,20317,633,25973,692,46290,California
El Dorado,2021-03-17,1069,72163,351,33867,624,36862,94,1434,687,20715,382,26355,780,47070,California
El Dorado,2021-03-18,2913,75076,1736,35603,1133,37995,44,1478,1930,21712,977,27332,1974,49044,California
El Dorado,2021-03-19,1081,76157,358,35961,579,38574,144,1622,609,21994,472,27804,754,49798,California
El Dorado,2021-03-20,923,77080,263,36224,643,39217,17,1639,349,21797,563,28367,366,50164,California
El Dorado,2021-03-21,1020,78100,415,36639,600,39817,5,1644,934,22651,85,28452,939,51103,California
El Dorado,2021-03-22,1479,79579,485,37124,913,40730,81,1725,1183,23624,291,28743,1264,52367,California
El Dorado,2021-03-23,1085,80664,450,37574,544,41274,91,1816,699,24036,378,29121,790,53157,California
El Dorado,2021-03-24,1407,82071,620,38194,593,41867,194,2010,673,24181,722,29843,867,54024,California
El Dorado,2021-03-25,2453,84524,1661,39855,689,42556,103,2113,1366,24568,1082,30925,1469,55493,California
El Dorado,2021-03-26,1763,86287,681,40536,973,43529,109,2222,940,24810,807,31732,1049,56542,California
El Dorado,2021-03-27,1288,87575,185,40721,1099,44628,4,2226,316,24164,966,32698,320,56862,California
El Dorado,2021-03-28,612,88187,183,40904,420,45048,9,2235,196,23956,413,33111,205,57067,California
El Dorado,2021-03-29,1314,89501,432,41336,868,45916,14,2249,838,24335,473,33584,852,57919,California
El Dorado,2021-03-30,1324,90825,411,41747,823,46739,90,2339,686,24477,633,34217,775,58694,California
El Dorado,2021-03-31,1531,92356,576,42323,892,47631,63,2402,702,24414,827,35044,764,59458,California
El Dorado,2021-04-01,3189,95545,1746,44069,1360,48991,83,2485,1517,24346,1670,36714,1602,61060,California
El Dorado,2021-04-02,1850,97395,555,44624,1202,50193,93,2578,744,24081,1102,37816,837,61897,California
El Dorado,2021-04-03,734,98129,284,44908,331,50524,119,2697,220,23906,514,38330,339,62236,California
El Dorado,2021-04-04,266,98395,84,44992,135,50659,47,2744,95,23878,170,38500,142,62378,California
El Dorado,2021-04-05,1413,99808,422,45414,899,51558,92,2836,594,23748,816,39316,686,63064,California
El Dorado,2021-04-06,1397,101205,515,45929,663,52221,219,3055,446,23464,949,40265,665,63729,California
El Dorado,2021-04-07,1562,102767,552,46481,565,52786,445,3500,559,23465,1001,41266,1002,64731,California
El Dorado,2021-04-08,2663,105430,1721,48202,708,53494,234,3734,1122,23286,1535,42801,1356,66087,California
El Dorado,2021-04-09,1385,106815,427,48629,741,54235,217,3951,544,23207,838,43639,759,66846,California
El Dorado,2021-04-10,796,107611,209,48838,482,54717,105,4056,470,23457,325,43964,575,67421,California
El Dorado,2021-04-11,690,108301,448,49286,226,54943,16,4072,202,23187,488,44452,218,67639,California
El Dorado,2021-04-12,1265,109566,482,49768,637,55580,146,4218,572,23219,686,45138,718,68357,California
El Dorado,2021-04-13,1096,110662,594,50362,502,56082,0,4218,503,23134,588,45726,503,68860,California
El Dorado,2021-04-14,976,111638,384,50746,591,56673,1,4219,321,22803,653,46379,322,69182,California
El Dorado,2021-04-15,2277,113915,1573,52319,704,57377,0,4219,841,22216,1433,47812,846,70028,California
El Dorado,2021-04-16,1170,115085,501,52820,669,58046,0,4219,487,22024,679,48491,487,70515,California
El Dorado,2021-04-17,221,115306,57,52877,164,58210,0,4219,153,22109,68,48559,153,70668,California
Fresno,2020-12-15,2,2,2,2,0,0,0,0,2,2,0,0,2,2,California
Fresno,2020-12-16,121,123,121,123,0,0,0,0,121,123,0,0,121,123,California
Fresno,2020-12-17,120,243,120,243,0,0,0,0,120,243,0,0,120,243,California
Fresno,2020-12-18,344,587,344,587,0,0,0,0,344,587,0,0,344,587,California
Fresno,2020-12-19,157,744,157,744,0,0,0,0,157,744,0,0,157,744,California
Fresno,2020-12-20,256,1000,254,998,2,2,0,0,256,1000,0,0,256,1000,California
Fresno,2020-12-21,924,1924,923,1921,1,3,0,0,956,1956,0,0,956,1956,California
Fresno,2020-12-22,901,2825,872,2793,29,32,0,0,905,2861,0,0,905,2861,California
Fresno,2020-12-23,1082,3907,1047,3840,35,67,0,0,1083,3944,0,0,1083,3944,California
Fresno,2020-12-24,581,4488,562,4402,19,86,0,0,581,4525,0,0,581,4525,California
Fresno,2020-12-25,2,4490,1,4403,1,87,0,0,2,4527,0,0,2,4527,California
Fresno,2020-12-26,721,5211,713,5116,8,95,0,0,721,5248,0,0,721,5248,California
Fresno,2020-12-27,298,5509,204,5320,94,189,0,0,298,5546,0,0,298,5546,California
Fresno,2020-12-28,1061,6570,774,6094,287,476,0,0,1061,6607,0,0,1061,6607,California
Fresno,2020-12-29,1770,8340,1040,7134,730,1206,0,0,1768,8374,1,1,1768,8375,California
Fresno,2020-12-30,980,9320,478,7612,502,1708,0,0,980,9354,0,1,980,9355,California
Fresno,2020-12-31,893,10213,310,7922,583,2291,0,0,892,10246,0,1,892,10247,California
Fresno,2021-01-01,9,10222,3,7925,6,2297,0,0,9,10255,0,1,9,10256,California
Fresno,2021-01-02,1030,11252,717,8642,313,2610,0,0,1030,11285,0,1,1030,11286,California
Fresno,2021-01-03,153,11405,128,8770,25,2635,0,0,153,11438,0,1,153,11439,California
Fresno,2021-01-04,608,12013,373,9143,235,2870,0,0,608,12046,0,1,608,12047,California
Fresno,2021-01-05,775,12788,311,9454,464,3334,0,0,701,12673,74,75,701,12748,California
Fresno,2021-01-06,972,13760,345,9799,627,3961,0,0,800,13301,172,247,800,13548,California
Fresno,2021-01-07,1883,15643,912,10711,971,4932,0,0,1630,14681,253,500,1633,15181,California
Fresno,2021-01-08,1780,17423,615,11326,1165,6097,0,0,1415,15733,363,863,1415,16596,California
Fresno,2021-01-09,628,18051,386,11712,242,6339,0,0,354,15813,274,1137,354,16950,California
Fresno,2021-01-10,515,18566,485,12197,30,6369,0,0,202,15702,313,1450,202,17152,California
Fresno,2021-01-11,2153,20719,1749,13946,404,6773,0,0,1461,16474,692,2142,1464,18616,California
Fresno,2021-01-12,2516,23235,1824,15770,692,7465,0,0,1669,17296,849,2991,1671,20287,California
Fresno,2021-01-13,3535,26770,2421,18191,1114,8579,0,0,2679,19121,856,3847,2681,22968,California
Fresno,2021-01-14,4149,30919,2200,20391,1949,10528,0,0,3678,22329,470,4317,3678,26646,California
Fresno,2021-01-15,3637,34556,2530,22921,1107,11635,0,0,3280,25255,357,4674,3283,29929,California
Fresno,2021-01-16,3148,37704,2306,25227,842,12477,0,0,2684,27477,463,5137,2685,32614,California
Fresno,2021-01-17,976,38680,554,25781,422,12899,0,0,778,28057,198,5335,778,33392,California
Fresno,2021-01-18,3072,41752,2366,28147,706,13605,0,0,2409,29807,661,5996,2411,35803,California
Fresno,2021-01-19,4309,46061,2540,30687,1769,15374,0,0,3663,32827,646,6642,3666,39469,California
Fresno,2021-01-20,2995,49056,1185,31872,1810,17184,0,0,2696,35226,300,6942,2699,42168,California
Fresno,2021-01-21,4347,53403,2000,33872,2347,19531,0,0,4000,38902,329,7271,4005,46173,California
Fresno,2021-01-22,3306,56709,1344,35216,1962,21493,0,0,2919,41452,370,7641,2920,49093,California
Fresno,2021-01-23,3033,59742,1961,37177,1072,22565,0,0,2310,43048,722,8363,2318,51411,California
Fresno,2021-01-24,548,60290,372,37549,176,22741,0,0,345,43193,203,8566,348,51759,California
Fresno,2021-01-25,2336,62626,863,38412,1473,24214,0,0,1850,44561,486,9052,1854,53613,California
Fresno,2021-01-26,2016,64642,582,38994,1434,25648,0,0,1314,45176,700,9752,1315,54928,California
Fresno,2021-01-27,2248,66890,1161,40155,1087,26735,0,0,1729,46390,518,10270,1732,56660,California
Fresno,2021-01-28,4458,71348,3031,43186,1427,28162,0,0,3451,48841,1003,11273,3454,60114,California
Fresno,2021-01-29,1697,73045,983,44169,714,28876,0,0,1399,49946,295,11568,1400,61514,California
Fresno,2021-01-30,1444,74489,551,44720,893,29769,0,0,1030,50562,414,11982,1030,62544,California
Fresno,2021-01-31,225,74714,216,44936,9,29778,0,0,71,50479,154,12136,71,62615,California
Fresno,2021-02-01,3325,78039,1661,46597,1664,31442,0,0,1812,50797,1512,13648,1830,64445,California
Fresno,2021-02-02,2716,80755,553,47150,2163,33605,0,0,1586,51283,1116,14764,1602,66047,California
Fresno,2021-02-03,3530,84285,2094,49244,1436,35041,0,0,1516,50800,2000,16764,1517,67564,California
Fresno,2021-02-04,4190,88475,1895,51139,2295,37336,0,0,1928,50501,2232,18996,1933,69497,California
Fresno,2021-02-05,5196,93671,2595,53734,2601,39937,0,0,2184,49680,3007,22003,2186,71683,California
Fresno,2021-02-06,2930,96601,2043,55777,887,40824,0,0,973,48702,1953,23956,975,72658,California
Fresno,2021-02-07,466,97067,287,56064,179,41003,0,0,272,48781,193,24149,272,72930,California
Fresno,2021-02-08,4271,101338,2292,58356,1979,42982,0,0,1810,48163,2437,26586,1819,74749,California
Fresno,2021-02-09,5325,106663,2081,60437,3244,46226,0,0,3117,49155,2133,28719,3125,77874,California
Fresno,2021-02-10,3868,110531,1232,61669,2636,48862,0,0,1980,49313,1833,30552,1991,79865,California
Fresno,2021-02-11,6442,116973,2088,63757,4354,53216,0,0,3381,49651,3047,33599,3385,83250,California
Fresno,2021-02-12,5369,122342,1380,65137,3989,57205,0,0,2748,49801,2604,36203,2754,86004,California
Fresno,2021-02-13,3725,126067,1546,66683,2179,59384,0,0,2076,50245,1637,37840,2081,88085,California
Fresno,2021-02-14,1561,127628,281,66964,1280,60664,0,0,850,50386,710,38550,851,88936,California
Fresno,2021-02-15,2884,130512,271,67235,2613,63277,0,0,1777,51065,1103,39653,1782,90718,California
Fresno,2021-02-16,6672,137184,2398,69633,4274,67551,0,0,4243,52902,2412,42065,4249,94967,California
Fresno,2021-02-17,5327,142511,2453,72086,2874,70425,0,0,2980,53583,2303,44368,2984,97951,California
Fresno,2021-02-18,6852,149363,2902,74988,3950,74375,0,0,2576,51944,4226,48594,2587,100538,California
Fresno,2021-02-19,3831,153194,1098,76086,2733,77108,0,0,1829,51784,1992,50586,1832,102370,California
Fresno,2021-02-20,4531,157725,2498,78584,2033,79141,0,0,3054,53372,1471,52057,3059,105429,California
Fresno,2021-02-21,185,157910,169,78753,16,79157,0,0,127,53454,45,52102,127,105556,California
Fresno,2021-02-22,2225,160135,1000,79753,1225,80382,0,0,1224,53688,993,53095,1227,106783,California
Fresno,2021-02-23,3871,164006,1466,81219,2405,82787,0,0,3015,55858,847,53942,3017,109800,California
Fresno,2021-02-24,4168,168174,1491,82710,2677,85464,0,0,3426,58556,731,54673,3429,113229,California
Fresno,2021-02-25,7461,175635,2504,85214,4957,90421,0,0,6010,63187,1385,56058,6016,119245,California
Fresno,2021-02-26,8291,183926,3015,88229,5276,95697,0,0,7015,68952,1255,57313,7020,126265,California
Fresno,2021-02-27,6275,190201,2191,90420,4084,99781,0,0,5593,73877,674,57987,5599,131864,California
Fresno,2021-02-28,1628,191829,528,90948,1100,100881,0,0,1545,75350,72,58059,1545,133409,California
Fresno,2021-03-01,4890,196719,1285,92233,3605,104486,0,0,3592,77662,1288,59347,3600,137009,California
Fresno,2021-03-02,8410,205129,2297,94530,6113,110599,0,0,7055,83408,1332,60679,7078,144087,California
Fresno,2021-03-03,6609,211738,1582,96112,5026,115625,1,1,5595,88116,1002,61681,5710,149797,California
Fresno,2021-03-04,8412,220150,2514,98626,5898,121523,0,1,6905,93547,1482,63163,6913,156710,California
Fresno,2021-03-05,7908,228058,2694,101320,5213,126736,1,2,6901,99648,876,64039,6977,163687,California
Fresno,2021-03-06,6447,234505,3533,104853,2797,129533,117,119,5507,104341,935,64974,5628,169315,California
Fresno,2021-03-07,1470,235975,675,105528,761,130294,34,153,1244,105395,225,65199,1279,170594,California
Fresno,2021-03-08,4949,240924,1913,107441,2884,133178,152,305,3781,108177,1162,66361,3944,174538,California
Fresno,2021-03-09,6889,247813,2340,109781,4281,137459,268,573,3913,109435,2958,69319,4216,178754,California
Fresno,2021-03-10,6598,254411,2742,112523,3469,140928,387,960,5213,113669,1375,70694,5609,184363,California
Fresno,2021-03-11,11221,265632,4525,117048,6132,147060,564,1524,6189,115504,4994,75688,6829,191192,California
Fresno,2021-03-12,11463,277095,4911,121959,6103,153163,449,1973,8483,121612,2964,78652,9072,200264,California
Fresno,2021-03-13,8132,285227,3893,125852,3221,156384,1018,2991,3911,122410,4203,82855,5001,205265,California
Fresno,2021-03-14,1746,286973,463,126315,1003,157387,280,3271,659,122269,1079,83934,938,206203,California
Fresno,2021-03-15,6820,293793,2919,129234,3731,161118,170,3441,4670,125155,2137,86071,5023,211226,California
Fresno,2021-03-16,10042,303835,4393,133627,5258,166376,391,3832,6160,127948,3856,89927,6649,217875,California
Fresno,2021-03-17,8388,312223,3858,137485,3838,170214,692,4524,5622,131895,2747,92674,6694,224569,California
Fresno,2021-03-18,12122,324345,6548,144033,4945,175159,629,5153,7933,136730,4149,96823,8984,233553,California
Fresno,2021-03-19,10822,335167,5611,149644,4598,179757,613,5766,7371,141582,3425,100248,8277,241830,California
Fresno,2021-03-20,7335,342502,4395,154039,2630,182387,310,6076,4505,143854,2813,103061,5085,246915,California
Fresno,2021-03-21,1762,344264,1196,155235,195,182582,371,6447,955,144378,803,103864,1327,248242,California
Fresno,2021-03-22,5585,349849,2882,158117,2109,184691,594,7041,3795,147194,1772,105636,4588,252830,California
Fresno,2021-03-23,10562,360411,5225,163342,4846,189537,491,7532,6117,149800,4428,110064,7034,259864,California
Fresno,2021-03-24,8570,368981,3614,166956,4127,193664,829,8361,4723,151589,3816,113880,5605,265469,California
Fresno,2021-03-25,11991,380972,5551,172507,5660,199324,780,9141,6160,152812,5799,119679,7022,272491,California
Fresno,2021-03-26,11855,392827,5306,177813,5907,205231,642,9783,5263,152190,6549,126228,5927,278418,California
Fresno,2021-03-27,9364,402191,4127,181940,4152,209383,1085,10868,2938,149821,6396,132624,4027,282445,California
Fresno,2021-03-28,3271,405462,1192,183132,1392,210775,687,11555,1255,150012,2009,134633,2200,284645,California
Fresno,2021-03-29,5985,411447,1976,185108,3468,214243,541,12096,2910,150423,3053,137686,3464,288109,California
Fresno,2021-03-30,10680,422127,4186,189294,5620,219863,874,12970,4438,149517,6220,143906,5314,293423,California
Fresno,2021-03-31,9182,431309,3307,192601,4901,224764,974,13944,3855,149058,5291,149197,4832,298255,California
Fresno,2021-04-01,11248,442557,4039,196640,6359,231123,850,14794,3905,146500,7271,156468,4713,302968,California
Fresno,2021-04-02,11224,453781,4383,201023,6060,237183,781,15575,4155,144520,6923,163391,4943,307911,California
Fresno,2021-04-03,6122,459903,3371,204394,2505,239688,246,15821,2209,143113,3900,167291,2493,310404,California
Fresno,2021-04-04,1483,461386,529,204923,912,240600,42,15863,560,142800,915,168206,602,311006,California
Fresno,2021-04-05,8120,469506,4422,209345,2918,243518,780,16643,2499,140537,5613,173819,3350,314356,California
Fresno,2021-04-06,9392,478898,3930,213275,4305,247823,1157,17800,3574,139495,5788,179607,4746,319102,California
Fresno,2021-04-07,10137,489035,5272,218547,3696,251519,1169,18969,3525,137634,6587,186194,4726,323828,California
Fresno,2021-04-08,10675,499710,5105,223652,4437,255956,1133,20102,3444,135063,7194,193388,4623,328451,California
Fresno,2021-04-09,9975,509685,4536,228188,4122,260078,1317,21419,3233,132928,6709,200097,4574,333025,California
Fresno,2021-04-10,7658,517343,4968,233156,2174,262252,516,21935,3611,133013,4043,204140,4128,337153,California
Fresno,2021-04-11,1384,518727,926,234082,368,262620,90,22025,449,132620,931,205071,538,337691,California
Fresno,2021-04-12,6903,525630,3696,237778,2308,264928,899,22924,2251,131137,4635,209706,3152,340843,California
Fresno,2021-04-13,7844,533474,3588,241366,4185,269113,71,22995,3201,129884,4617,214323,3364,344207,California
Fresno,2021-04-14,7288,540762,3871,245237,3417,272530,0,22995,2850,128374,4406,218729,2896,347103,California
Fresno,2021-04-15,6532,547294,3157,248394,3373,275903,2,22997,2614,127108,3894,222623,2628,349731,California
Fresno,2021-04-16,7715,555009,3680,252074,4033,279936,2,22999,3396,126225,4288,226911,3405,353136,California
Fresno,2021-04-17,3190,558199,2502,254576,688,280624,0,22999,1765,126578,1413,228324,1766,354902,California
Glenn,2020-12-17,1,1,1,1,0,0,0,0,1,1,0,0,1,1,California
Glenn,2020-12-19,1,2,1,2,0,0,0,0,1,2,0,0,1,2,California
Glenn,2020-12-20,1,3,1,3,0,0,0,0,1,3,0,0,1,3,California
Glenn,2020-12-21,11,14,11,14,0,0,0,0,11,14,0,0,11,14,California
Glenn,2020-12-22,59,73,59,73,0,0,0,0,59,73,0,0,59,73,California
Glenn,2020-12-23,26,99,26,99,0,0,0,0,26,99,0,0,26,99,California
Glenn,2020-12-24,9,108,9,108,0,0,0,0,9,108,0,0,9,108,California
Glenn,2020-12-26,2,110,2,110,0,0,0,0,2,110,0,0,2,110,California
Glenn,2020-12-27,4,114,4,114,0,0,0,0,4,114,0,0,4,114,California
Glenn,2020-12-28,21,135,21,135,0,0,0,0,21,135,0,0,21,135,California
Glenn,2020-12-29,82,217,82,217,0,0,0,0,82,217,0,0,82,217,California
Glenn,2020-12-30,128,345,106,323,22,22,0,0,128,345,0,0,128,345,California
Glenn,2020-12-31,38,383,9,332,29,51,0,0,38,383,0,0,38,383,California
Glenn,2021-01-02,2,385,2,334,0,51,0,0,2,385,0,0,2,385,California
Glenn,2021-01-04,7,392,5,339,2,53,0,0,7,392,0,0,7,392,California
Glenn,2021-01-05,9,401,8,347,1,54,0,0,9,401,0,0,9,401,California
Glenn,2021-01-06,61,462,9,356,52,106,0,0,61,462,0,0,61,462,California
Glenn,2021-01-07,66,528,12,368,54,160,0,0,64,524,2,2,64,526,California
Glenn,2021-01-08,11,539,9,377,2,162,0,0,11,535,0,2,11,537,California
Glenn,2021-01-10,1,540,1,378,0,162,0,0,0,534,1,3,0,537,California
Glenn,2021-01-11,30,570,30,408,0,162,0,0,12,528,18,21,12,549,California
Glenn,2021-01-12,42,612,37,445,5,167,0,0,14,514,28,49,14,563,California
Glenn,2021-01-13,152,764,87,532,65,232,0,0,109,580,43,92,109,672,California
Glenn,2021-01-14,184,948,96,628,88,320,0,0,174,744,10,102,174,846,California
Glenn,2021-01-15,42,990,34,662,8,328,0,0,37,776,5,107,37,883,California
Glenn,2021-01-16,34,1024,14,676,20,348,0,0,24,790,10,117,24,907,California
Glenn,2021-01-17,4,1028,2,678,2,350,0,0,2,790,2,119,2,909,California
Glenn,2021-01-18,17,1045,16,694,1,351,0,0,9,791,8,127,9,918,California
Glenn,2021-01-19,30,1075,20,714,10,361,0,0,13,787,17,144,13,931,California
Glenn,2021-01-20,163,1238,94,808,69,430,0,0,82,788,81,225,82,1013,California
Glenn,2021-01-21,124,1362,98,906,26,456,0,0,30,724,94,319,30,1043,California
Glenn,2021-01-22,337,1699,63,969,274,730,0,0,330,1047,7,326,330,1373,California
Glenn,2021-01-23,14,1713,7,976,7,737,0,0,12,1057,2,328,12,1385,California
Glenn,2021-01-24,2,1715,2,978,0,737,0,0,2,1059,0,328,2,1387,California
Glenn,2021-01-25,27,1742,9,987,18,755,0,0,24,1080,3,331,24,1411,California
Glenn,2021-01-26,29,1771,13,1000,16,771,0,0,23,1097,6,337,23,1434,California
Glenn,2021-01-27,188,1959,14,1014,174,945,0,0,166,1241,22,359,166,1600,California
Glenn,2021-01-28,146,2105,8,1022,138,1083,0,0,116,1327,30,389,116,1716,California
Glenn,2021-01-29,297,2402,12,1034,285,1368,0,0,283,1596,14,403,283,1999,California
Glenn,2021-01-30,5,2407,0,1034,5,1373,0,0,5,1601,0,403,5,2004,California
Glenn,2021-01-31,1,2408,0,1034,1,1374,0,0,1,1602,0,403,1,2005,California
Glenn,2021-02-01,28,2436,10,1044,18,1392,0,0,16,1606,12,415,16,2021,California
Glenn,2021-02-02,28,2464,13,1057,15,1407,0,0,19,1616,9,424,19,2040,California
Glenn,2021-02-03,207,2671,58,1115,149,1556,0,0,112,1633,95,519,112,2152,California
Glenn,2021-02-04,149,2820,84,1199,65,1621,0,0,45,1574,104,623,45,2197,California
Glenn,2021-02-05,319,3139,24,1223,295,1916,0,0,300,1855,19,642,300,2497,California
Glenn,2021-02-06,14,3153,2,1225,12,1928,0,0,13,1867,1,643,13,2510,California
Glenn,2021-02-07,2,3155,2,1227,0,1928,0,0,2,1869,0,643,2,2512,California
Glenn,2021-02-08,21,3176,17,1244,4,1932,0,0,4,1856,17,660,4,2516,California
Glenn,2021-02-09,49,3225,20,1264,29,1961,0,0,36,1879,13,673,36,2552,California
Glenn,2021-02-10,138,3363,19,1283,119,2080,0,0,64,1869,74,747,64,2616,California
Glenn,2021-02-11,231,3594,132,1415,99,2179,0,0,149,1936,82,829,149,2765,California
Glenn,2021-02-12,420,4014,99,1514,321,2500,0,0,356,2228,64,893,356,3121,California
Glenn,2021-02-13,34,4048,7,1521,27,2527,0,0,16,2226,18,911,16,3137,California
Glenn,2021-02-14,1,4049,0,1521,1,2528,0,0,1,2227,0,911,1,3138,California
Glenn,2021-02-15,8,4057,0,1521,8,2536,0,0,8,2235,0,911,8,3146,California
Glenn,2021-02-16,39,4096,9,1530,30,2566,0,0,21,2238,18,929,21,3167,California
Glenn,2021-02-17,380,4476,15,1545,365,2931,0,0,302,2462,78,1007,302,3469,California
Glenn,2021-02-18,134,4610,99,1644,35,2966,0,0,110,2548,24,1031,110,3579,California
Glenn,2021-02-19,303,4913,17,1661,286,3252,0,0,29,2303,274,1305,29,3608,California
Glenn,2021-02-20,8,4921,0,1661,8,3260,0,0,0,2295,8,1313,0,3608,California
Glenn,2021-02-22,33,4954,14,1675,19,3279,0,0,17,2296,16,1329,17,3625,California
Glenn,2021-02-23,40,4994,10,1685,30,3309,0,0,28,2312,12,1341,28,3653,California
Glenn,2021-02-24,221,5215,15,1700,206,3515,0,0,47,2185,174,1515,47,3700,California
Glenn,2021-02-25,262,5477,148,1848,114,3629,0,0,118,2159,144,1659,118,3818,California
Glenn,2021-02-26,305,5782,24,1872,281,3910,0,0,20,1895,284,1943,20,3838,California
Glenn,2021-02-27,15,5797,5,1877,10,3920,0,0,5,1891,9,1952,5,3843,California
Glenn,2021-02-28,6,5803,3,1880,3,3923,0,0,3,1892,2,1954,3,3846,California
Glenn,2021-03-01,28,5831,6,1886,22,3945,0,0,12,1888,16,1970,12,3858,California
Glenn,2021-03-02,35,5866,7,1893,28,3973,0,0,17,1887,18,1988,17,3875,California
Glenn,2021-03-03,191,6057,35,1928,156,4129,0,0,99,1895,91,2079,99,3974,California
Glenn,2021-03-04,520,6577,175,2103,345,4474,0,0,376,2127,144,2223,376,4350,California
Glenn,2021-03-05,355,6932,47,2150,308,4782,0,0,34,1840,321,2544,34,4384,California
Glenn,2021-03-06,26,6958,3,2153,22,4804,1,1,9,1833,17,2561,10,4394,California
Glenn,2021-03-07,5,6963,0,2153,5,4809,0,1,3,1835,1,2562,3,4397,California
Glenn,2021-03-08,21,6984,2,2155,18,4827,1,2,19,1853,2,2564,20,4417,California
Glenn,2021-03-09,77,7061,11,2166,63,4890,3,5,53,1884,24,2588,55,4472,California
Glenn,2021-03-10,171,7232,68,2234,101,4991,2,7,95,1905,76,2664,97,4569,California
Glenn,2021-03-11,583,7815,169,2403,390,5381,24,31,453,2252,130,2794,477,5046,California
Glenn,2021-03-12,415,8230,14,2417,340,5721,61,92,39,1976,376,3170,100,5146,California
Glenn,2021-03-13,12,8242,1,2418,3,5724,8,100,1,1974,11,3181,9,5155,California
Glenn,2021-03-14,3,8245,1,2419,2,5726,0,100,2,1975,1,3182,2,5157,California
Glenn,2021-03-15,75,8320,15,2434,55,5781,5,105,60,2025,15,3197,65,5222,California
Glenn,2021-03-16,106,8426,33,2467,62,5843,11,116,65,2060,41,3238,76,5298,California
Glenn,2021-03-17,414,8840,97,2564,310,6153,7,123,113,1877,301,3539,118,5416,California
Glenn,2021-03-18,520,9360,214,2778,50,6203,256,379,144,1901,376,3915,400,5816,California
Glenn,2021-03-19,91,9451,16,2794,69,6272,6,385,70,1957,20,3935,76,5892,California
Glenn,2021-03-20,121,9572,1,2795,119,6391,1,386,119,2075,2,3937,120,6012,California
Glenn,2021-03-21,6,9578,5,2800,0,6391,1,387,3,2077,2,3939,4,6016,California
Glenn,2021-03-22,116,9694,53,2853,55,6446,8,395,96,2163,18,3957,104,6120,California
Glenn,2021-03-23,168,9862,66,2919,51,6497,51,446,95,2237,72,4029,146,6266,California
Glenn,2021-03-24,205,10067,100,3019,100,6597,5,451,133,2304,71,4100,138,6404,California
Glenn,2021-03-25,460,10527,230,3249,136,6733,94,545,331,2601,128,4228,425,6829,California
Glenn,2021-03-26,225,10752,34,3283,155,6888,36,581,175,2762,50,4278,211,7040,California
Glenn,2021-03-27,152,10904,21,3304,126,7014,5,586,142,2899,10,4288,147,7187,California
Glenn,2021-03-28,15,10919,10,3314,5,7019,0,586,10,2904,5,4293,10,7197,California
Glenn,2021-03-29,58,10977,19,3333,36,7055,3,589,44,2937,14,4307,47,7244,California
Glenn,2021-03-30,73,11050,41,3374,31,7086,1,590,43,2952,29,4336,44,7288,California
Glenn,2021-03-31,125,11175,36,3410,88,7174,1,591,55,2938,70,4406,56,7344,California
Glenn,2021-04-01,641,11816,186,3596,446,7620,9,600,231,2769,409,4815,240,7584,California
Glenn,2021-04-02,158,11974,25,3621,121,7741,12,612,122,2867,36,4851,134,7718,California
Glenn,2021-04-03,90,12064,4,3625,79,7820,7,619,79,2942,11,4862,86,7804,California
Glenn,2021-04-04,8,12072,3,3628,3,7823,2,621,4,2944,4,4866,6,7810,California
Glenn,2021-04-05,66,12138,25,3653,28,7851,13,634,28,2947,38,4904,41,7851,California
Glenn,2021-04-06,142,12280,52,3705,51,7902,39,673,37,2918,104,5008,75,7926,California
Glenn,2021-04-07,152,12432,46,3751,52,7954,54,727,73,2966,79,5087,127,8053,California
Glenn,2021-04-08,630,13062,188,3939,408,8362,34,761,135,2642,493,5580,169,8222,California
Glenn,2021-04-09,151,13213,58,3997,77,8439,16,777,96,2699,55,5635,112,8334,California
Glenn,2021-04-10,75,13288,1,3998,63,8502,11,788,63,2761,12,5647,74,8408,California
Glenn,2021-04-11,17,13305,8,4006,4,8506,5,793,7,2763,10,5657,12,8420,California
Glenn,2021-04-12,103,13408,24,4030,50,8556,29,822,18,2725,85,5742,47,8467,California
Glenn,2021-04-13,107,13515,63,4093,44,8600,0,822,29,2677,77,5819,29,8496,California
Glenn,2021-04-14,96,13611,41,4134,55,8655,0,822,49,2679,47,5866,49,8545,California
Glenn,2021-04-15,339,13950,268,4402,71,8726,0,822,113,2569,226,6092,116,8661,California
Glenn,2021-04-16,156,14106,36,4438,120,8846,0,822,78,2569,78,6170,78,8739,California
Glenn,2021-04-17,153,14259,7,4445,146,8992,0,822,29,2480,118,6288,29,8768,California
Humboldt,2020-12-15,2,2,2,2,0,0,0,0,2,2,0,0,2,2,California
Humboldt,2020-12-16,15,17,15,17,0,0,0,0,15,17,0,0,15,17,California
Humboldt,2020-12-17,117,134,117,134,0,0,0,0,117,134,0,0,117,134,California
Humboldt,2020-12-18,176,310,176,310,0,0,0,0,176,310,0,0,176,310,California
Humboldt,2020-12-19,10,320,10,320,0,0,0,0,10,320,0,0,10,320,California
Humboldt,2020-12-20,28,348,28,348,0,0,0,0,28,348,0,0,28,348,California
Humboldt,2020-12-21,165,513,165,513,0,0,0,0,165,513,0,0,165,513,California
Humboldt,2020-12-22,292,805,292,805,0,0,0,0,292,805,0,0,292,805,California
Humboldt,2020-12-23,310,1115,262,1067,48,48,0,0,311,1116,0,0,311,1116,California
Humboldt,2020-12-24,25,1140,2,1069,23,71,0,0,25,1141,0,0,25,1141,California
Humboldt,2020-12-25,2,1142,2,1071,0,71,0,0,2,1143,0,0,2,1143,California
Humboldt,2020-12-26,6,1148,5,1076,1,72,0,0,6,1149,0,0,6,1149,California
Humboldt,2020-12-28,153,1301,144,1220,9,81,0,0,153,1302,0,0,153,1302,California
Humboldt,2020-12-29,166,1467,123,1343,43,124,0,0,166,1468,0,0,166,1468,California
Humboldt,2020-12-30,222,1689,123,1466,99,223,0,0,222,1690,0,0,222,1690,California
Humboldt,2020-12-31,241,1930,79,1545,162,385,0,0,241,1931,0,0,241,1931,California
Humboldt,2021-01-01,2,1932,1,1546,1,386,0,0,2,1933,0,0,2,1933,California
Humboldt,2021-01-02,38,1970,1,1547,37,423,0,0,38,1971,0,0,38,1971,California
Humboldt,2021-01-04,214,2184,141,1688,73,496,0,0,215,2186,0,0,215,2186,California
Humboldt,2021-01-05,128,2312,18,1706,110,606,0,0,127,2312,1,1,127,2313,California
Humboldt,2021-01-06,301,2613,203,1909,98,704,0,0,229,2480,61,62,229,2542,California
Humboldt,2021-01-07,418,3031,306,2215,112,816,0,0,305,2687,98,160,305,2847,California
Humboldt,2021-01-08,417,3448,279,2494,138,954,0,0,282,2838,131,291,282,3129,California
Humboldt,2021-01-09,69,3517,45,2539,24,978,0,0,66,2902,3,294,67,3196,California
Humboldt,2021-01-10,84,3601,84,2623,0,978,0,0,4,2826,80,374,4,3200,California
Humboldt,2021-01-11,287,3888,276,2899,11,989,0,0,72,2687,211,585,72,3272,California
Humboldt,2021-01-12,479,4367,316,3215,163,1152,0,0,297,2824,160,745,297,3569,California
Humboldt,2021-01-13,477,4844,274,3489,203,1355,0,0,300,2951,174,919,301,3870,California
Humboldt,2021-01-14,518,5362,161,3650,357,1712,0,0,462,3358,56,975,463,4333,California
Humboldt,2021-01-15,374,5736,39,3689,335,2047,0,0,357,3698,17,992,357,4690,California
Humboldt,2021-01-16,170,5906,6,3695,164,2211,0,0,169,3866,1,993,169,4859,California
Humboldt,2021-01-17,6,5912,4,3699,2,2213,0,0,6,3872,0,993,6,4865,California
Humboldt,2021-01-18,292,6204,257,3956,35,2248,0,0,143,3866,149,1142,143,5008,California
Humboldt,2021-01-19,616,6820,372,4328,244,2492,0,0,489,4234,121,1263,489,5497,California
Humboldt,2021-01-20,911,7731,401,4729,510,3002,0,0,763,4860,139,1402,765,6262,California
Humboldt,2021-01-21,955,8686,260,4989,695,3697,0,0,914,5733,41,1443,914,7176,California
Humboldt,2021-01-22,675,9361,376,5365,299,3996,0,0,667,6392,8,1451,667,7843,California
Humboldt,2021-01-23,799,10160,271,5636,528,4524,0,0,790,7174,9,1460,791,8634,California
Humboldt,2021-01-24,224,10384,1,5637,223,4747,0,0,224,7398,0,1460,224,8858,California
Humboldt,2021-01-25,303,10687,232,5869,71,4818,0,0,149,7393,154,1614,149,9007,California
Humboldt,2021-01-26,523,11210,141,6010,382,5200,0,0,476,7822,47,1661,476,9483,California
Humboldt,2021-01-27,1258,12468,585,6595,673,5873,0,0,1194,8959,57,1718,1194,10677,California
Humboldt,2021-01-28,1444,13912,626,7221,818,6691,0,0,1309,10138,132,1850,1311,11988,California
Humboldt,2021-01-29,1126,15038,543,7764,583,7274,0,0,709,10431,417,2267,710,12698,California
Humboldt,2021-01-30,972,16010,458,8222,514,7788,0,0,961,11382,11,2278,962,13660,California
Humboldt,2021-01-31,308,16318,307,8529,1,7789,0,0,307,11688,1,2279,307,13967,California
Humboldt,2021-02-01,330,16648,190,8719,140,7929,0,0,188,11735,141,2420,188,14155,California
Humboldt,2021-02-02,441,17089,73,8792,368,8297,0,0,338,11974,101,2521,340,14495,California
Humboldt,2021-02-03,649,17738,259,9051,390,8687,0,0,500,12325,149,2670,500,14995,California
Humboldt,2021-02-04,637,18375,261,9312,376,9063,0,0,442,12575,192,2862,442,15437,California
Humboldt,2021-02-05,806,19181,94,9406,712,9775,0,0,623,13015,183,3045,623,16060,California
Humboldt,2021-02-06,1053,20234,442,9848,611,10386,0,0,1012,13988,40,3085,1013,17073,California
Humboldt,2021-02-07,377,20611,7,9855,370,10756,0,0,373,14358,4,3089,374,17447,California
Humboldt,2021-02-08,325,20936,142,9997,183,10939,0,0,184,14402,140,3229,184,17631,California
Humboldt,2021-02-09,493,21429,218,10215,275,11214,0,0,178,14265,315,3544,178,17809,California
Humboldt,2021-02-10,560,21989,368,10583,192,11406,0,0,232,14174,323,3867,232,18041,California
Humboldt,2021-02-11,1289,23278,391,10974,898,12304,0,0,510,13908,776,4643,510,18551,California
Humboldt,2021-02-12,1142,24420,733,11707,409,12713,0,0,703,14172,439,5082,703,19254,California
Humboldt,2021-02-13,1496,25916,552,12259,944,13657,0,0,909,14496,585,5667,909,20163,California
Humboldt,2021-02-14,112,26028,5,12264,107,13764,0,0,109,14603,2,5669,109,20272,California
Humboldt,2021-02-15,292,26320,78,12342,214,13978,0,0,195,14701,97,5766,195,20467,California
Humboldt,2021-02-16,532,26852,117,12459,415,14393,0,0,251,14672,281,6047,252,20719,California
Humboldt,2021-02-17,450,27302,279,12738,171,14564,0,0,137,14496,313,6360,137,20856,California
Humboldt,2021-02-18,966,28268,595,13333,371,14935,0,0,229,13989,736,7096,229,21085,California
Humboldt,2021-02-19,475,28743,434,13767,41,14976,0,0,89,13695,383,7479,89,21174,California
Humboldt,2021-02-20,1582,30325,977,14744,605,15581,0,0,474,13066,1105,8584,476,21650,California
Humboldt,2021-02-21,476,30801,468,15212,8,15589,0,0,185,12961,291,8875,186,21836,California
Humboldt,2021-02-22,125,30926,91,15303,34,15623,0,0,26,12890,97,8972,26,21862,California
Humboldt,2021-02-23,170,31096,69,15372,101,15724,0,0,39,12800,129,9101,39,21901,California
Humboldt,2021-02-24,1144,32240,686,16058,458,16182,0,0,567,12791,576,9677,567,22468,California
Humboldt,2021-02-25,828,33068,315,16373,513,16695,0,0,226,12417,600,10277,226,22694,California
Humboldt,2021-02-26,2140,35208,106,16479,2034,18729,0,0,455,11192,1680,11957,455,23149,California
Humboldt,2021-02-27,1688,36896,1072,17551,616,19345,0,0,868,11246,818,12775,872,24021,California
Humboldt,2021-02-28,121,37017,11,17562,110,19455,0,0,116,11357,5,12780,116,24137,California
Humboldt,2021-03-01,255,37272,47,17609,208,19663,0,0,180,11462,75,12855,180,24317,California
Humboldt,2021-03-02,283,37555,48,17657,235,19898,0,0,154,11487,129,12984,154,24471,California
Humboldt,2021-03-03,1638,39193,1095,18752,543,20441,0,0,1217,12290,415,13399,1218,25689,California
Humboldt,2021-03-04,881,40074,107,18859,774,21215,0,0,265,11941,616,14015,267,25956,California
Humboldt,2021-03-05,921,40995,179,19038,731,21946,11,11,371,11777,546,14561,382,26338,California
Humboldt,2021-03-06,1687,42682,837,19875,801,22747,49,60,709,11558,977,15538,758,27096,California
Humboldt,2021-03-07,361,43043,294,20169,49,22796,18,78,156,11527,205,15743,174,27270,California
Humboldt,2021-03-08,255,43298,6,20175,171,22967,78,156,161,11672,94,15837,239,27509,California
Humboldt,2021-03-09,454,43752,200,20375,110,23077,144,300,212,11788,240,16077,356,27865,California
Humboldt,2021-03-10,682,44434,466,20841,63,23140,153,453,413,12084,268,16345,564,28429,California
Humboldt,2021-03-11,1326,45760,461,21302,765,23905,100,553,510,11879,814,17159,609,29038,California
Humboldt,2021-03-12,1728,47488,1083,22385,425,24330,220,773,1043,12467,677,17836,1265,30303,California
Humboldt,2021-03-13,1563,49051,1020,23405,491,24821,52,825,679,12320,878,18714,731,31034,California
Humboldt,2021-03-14,139,49190,18,23423,112,24933,9,834,25,12240,114,18828,34,31068,California
Humboldt,2021-03-15,265,49455,50,23473,195,25128,20,854,49,12093,216,19044,69,31137,California
Humboldt,2021-03-16,630,50085,200,23673,170,25298,260,1114,257,12236,372,19416,515,31652,California
Humboldt,2021-03-17,725,50810,396,24069,221,25519,108,1222,333,12286,391,19807,441,32093,California
Humboldt,2021-03-18,1718,52528,1159,25228,517,26036,42,1264,1033,12681,680,20487,1075,33168,California
Humboldt,2021-03-19,1073,53601,58,25286,701,26737,314,1578,441,12807,629,21116,755,33923,California
Humboldt,2021-03-20,1372,54973,750,26036,609,27346,13,1591,427,12305,943,22059,441,34364,California
Humboldt,2021-03-21,244,55217,32,26068,183,27529,29,1620,197,12484,47,22106,226,34590,California
Humboldt,2021-03-22,109,55326,15,26083,45,27574,49,1669,54,12533,54,22160,103,34693,California
Humboldt,2021-03-23,405,55731,40,26123,322,27896,43,1712,316,12805,87,22247,359,35052,California
Humboldt,2021-03-24,1409,57140,386,26509,976,28872,47,1759,1035,13519,366,22613,1080,36132,California
Humboldt,2021-03-25,1770,58910,1169,27678,538,29410,63,1822,887,13588,881,23494,950,37082,California
Humboldt,2021-03-26,2023,60933,425,28103,1542,30952,56,1878,1582,14790,436,23930,1638,38720,California
Humboldt,2021-03-27,1906,62839,1422,29525,316,31268,168,2046,1044,15143,859,24789,1212,39932,California
Humboldt,2021-03-28,264,63103,79,29604,114,31382,71,2117,84,15118,180,24969,155,40087,California
Humboldt,2021-03-29,463,63566,122,29726,246,31628,95,2212,197,15144,265,25234,291,40378,California
Humboldt,2021-03-30,931,64497,299,30025,518,32146,114,2326,559,15447,369,25603,672,41050,California
Humboldt,2021-03-31,1844,66341,513,30538,1235,33381,96,2422,1397,16497,445,26048,1495,42545,California
Humboldt,2021-04-01,2080,68421,691,31229,1301,34682,88,2510,1473,17458,600,26648,1561,44106,California
Humboldt,2021-04-02,1680,70101,1097,32326,480,35162,103,2613,595,17077,1079,27727,698,44804,California
Humboldt,2021-04-03,1642,71743,1488,33814,138,35300,16,2629,666,16793,966,28693,682,45486,California
Humboldt,2021-04-04,470,72213,360,34174,101,35401,9,2638,398,17129,72,28765,408,45894,California
Humboldt,2021-04-05,752,72965,454,34628,250,35651,48,2686,436,17298,315,29080,484,46378,California
Humboldt,2021-04-06,811,73776,311,34939,366,36017,134,2820,575,17775,231,29311,708,47086,California
Humboldt,2021-04-07,1456,75232,1041,35980,279,36296,136,2956,968,18393,486,29797,1104,48190,California
Humboldt,2021-04-08,1544,76776,1052,37032,369,36665,123,3079,701,18375,842,30639,824,49014,California
Humboldt,2021-04-09,1171,77947,426,37458,594,37259,151,3230,915,19180,256,30895,1061,50075,California
Humboldt,2021-04-10,921,78868,133,37591,615,37874,173,3403,726,19884,194,31089,898,50973,California
Humboldt,2021-04-11,632,79500,136,37727,30,37904,466,3869,125,19966,507,31596,589,51562,California
Humboldt,2021-04-12,400,79900,219,37946,75,37979,106,3975,270,20212,130,31726,376,51938,California
Humboldt,2021-04-13,563,80463,303,38249,257,38236,3,3978,530,20714,30,31756,532,52470,California
Humboldt,2021-04-14,1227,81690,863,39112,364,38600,0,3978,1130,21747,97,31853,1130,53600,California
Humboldt,2021-04-15,1522,83212,1102,40214,416,39016,4,3982,1114,22483,405,32258,1141,54741,California
Humboldt,2021-04-16,1012,84224,424,40638,588,39604,0,3982,497,22468,513,32771,498,55239,California
Humboldt,2021-04-17,909,85133,885,41523,24,39628,0,3982,821,23201,88,32859,821,56060,California
Imperial,2020-12-16,1,1,1,1,0,0,0,0,1,1,0,0,1,1,California
Imperial,2020-12-17,4,5,4,5,0,0,0,0,4,5,0,0,4,5,California
Imperial,2020-12-18,11,16,11,16,0,0,0,0,11,16,0,0,11,16,California
Imperial,2020-12-20,2,18,2,18,0,0,0,0,2,18,0,0,2,18,California
Imperial,2020-12-21,186,204,186,204,0,0,0,0,186,204,0,0,186,204,California
Imperial,2020-12-22,241,445,239,443,2,2,0,0,241,445,0,0,241,445,California
Imperial,2020-12-23,211,656,210,653,1,3,0,0,210,655,0,0,210,655,California
Imperial,2020-12-24,5,661,5,658,0,3,0,0,5,660,0,0,5,660,California
Imperial,2020-12-26,1,662,0,658,1,4,0,0,1,661,0,0,1,661,California
Imperial,2020-12-27,62,724,0,658,62,66,0,0,62,723,0,0,62,723,California
Imperial,2020-12-28,214,938,114,772,100,166,0,0,214,937,0,0,214,937,California
Imperial,2020-12-29,189,1127,36,808,153,319,0,0,189,1126,0,0,189,1126,California
Imperial,2020-12-30,366,1493,50,858,316,635,0,0,366,1492,0,0,366,1492,California
Imperial,2020-12-31,197,1690,26,884,171,806,0,0,197,1689,0,0,197,1689,California
Imperial,2021-01-01,46,1736,5,889,41,847,0,0,46,1735,0,0,46,1735,California
Imperial,2021-01-02,4,1740,0,889,4,851,0,0,4,1739,0,0,4,1739,California
Imperial,2021-01-03,90,1830,0,889,90,941,0,0,90,1829,0,0,90,1829,California
Imperial,2021-01-04,85,1915,5,894,80,1021,0,0,85,1914,0,0,85,1914,California
Imperial,2021-01-05,172,2087,13,907,159,1180,0,0,172,2086,0,0,172,2086,California
Imperial,2021-01-06,190,2277,25,932,165,1345,0,0,189,2274,1,1,189,2275,California
Imperial,2021-01-07,320,2597,10,942,310,1655,0,0,317,2588,3,4,317,2592,California
Imperial,2021-01-08,190,2787,50,992,140,1795,0,0,181,2760,9,13,181,2773,California
Imperial,2021-01-09,24,2811,21,1013,3,1798,0,0,24,2784,0,13,24,2797,California
Imperial,2021-01-10,1,2812,0,1013,1,1799,0,0,1,2785,0,13,1,2798,California
Imperial,2021-01-11,403,3215,244,1257,159,1958,0,0,175,2732,228,241,175,2973,California
Imperial,2021-01-12,403,3618,301,1558,102,2060,0,0,141,2612,261,502,141,3114,California
Imperial,2021-01-13,379,3997,132,1690,247,2307,0,0,280,2793,99,601,280,3394,California
Imperial,2021-01-14,260,4257,151,1841,109,2416,0,0,254,3042,5,606,254,3648,California
Imperial,2021-01-15,239,4496,182,2023,57,2473,0,0,232,3267,7,613,232,3880,California
Imperial,2021-01-16,76,4572,72,2095,4,2477,0,0,75,3341,1,614,75,3955,California
Imperial,2021-01-17,8,4580,2,2097,6,2483,0,0,8,3349,0,614,8,3963,California
Imperial,2021-01-18,1057,5637,402,2499,655,3138,0,0,958,4209,99,713,959,4922,California
Imperial,2021-01-19,164,5801,128,2627,36,3174,0,0,117,4279,47,760,117,5039,California
Imperial,2021-01-20,291,6092,195,2822,96,3270,0,0,253,4494,38,798,253,5292,California
Imperial,2021-01-21,414,6506,183,3005,231,3501,0,0,394,4868,20,818,394,5686,California
Imperial,2021-01-22,456,6962,189,3194,267,3768,0,0,447,5306,9,827,447,6133,California
Imperial,2021-01-23,1041,8003,290,3484,751,4519,0,0,1040,6345,1,828,1040,7173,California
Imperial,2021-01-24,10,8013,3,3487,7,4526,0,0,10,6355,0,828,10,7183,California
Imperial,2021-01-25,213,8226,5,3492,208,4734,0,0,34,6211,178,1006,34,7217,California
Imperial,2021-01-26,359,8585,184,3676,175,4909,0,0,216,6284,143,1149,216,7433,California
Imperial,2021-01-27,570,9155,162,3838,408,5317,0,0,237,6188,333,1482,237,7670,California
Imperial,2021-01-28,633,9788,160,3998,473,5790,0,0,525,6605,108,1590,525,8195,California
Imperial,2021-01-29,421,10209,295,4293,126,5916,0,0,371,6926,50,1640,371,8566,California
Imperial,2021-01-30,55,10264,30,4323,25,5941,0,0,38,6947,17,1657,38,8604,California
Imperial,2021-01-31,16,10280,6,4329,10,5951,0,0,15,6961,1,1658,15,8619,California
Imperial,2021-02-01,418,10698,53,4382,365,6316,0,0,208,6960,209,1867,208,8827,California
Imperial,2021-02-02,677,11375,54,4436,623,6939,0,0,496,7275,181,2048,496,9323,California
Imperial,2021-02-03,456,11831,47,4483,409,7348,0,0,263,7346,192,2240,263,9586,California
Imperial,2021-02-04,1715,13546,1197,5680,518,7866,0,0,1402,8436,312,2552,1402,10988,California
Imperial,2021-02-05,389,13935,241,5921,148,8014,0,0,153,8355,234,2786,153,11141,California
Imperial,2021-02-06,861,14796,838,6759,23,8037,0,0,824,9143,36,2822,824,11965,California
Imperial,2021-02-07,21,14817,9,6768,12,8049,0,0,20,9162,1,2823,20,11985,California
Imperial,2021-02-08,251,15068,42,6810,209,8258,0,0,183,9277,68,2891,183,12168,California
Imperial,2021-02-09,461,15529,145,6955,316,8574,0,0,304,9424,157,3048,304,12472,California
Imperial,2021-02-10,385,15914,56,7011,329,8903,0,0,95,9230,290,3338,96,12568,California
Imperial,2021-02-11,461,16375,258,7269,203,9106,0,0,89,8947,372,3710,89,12657,California
Imperial,2021-02-12,2114,18489,1405,8674,709,9815,0,0,1762,10358,351,4061,1762,14419,California
Imperial,2021-02-13,41,18530,18,8692,23,9838,0,0,34,10386,7,4068,35,14454,California
Imperial,2021-02-14,23,18553,11,8703,12,9850,0,0,21,10405,2,4070,21,14475,California
Imperial,2021-02-15,29,18582,10,8713,19,9869,0,0,22,10420,7,4077,22,14497,California
Imperial,2021-02-16,512,19094,265,8978,247,10116,0,0,292,10492,220,4297,292,14789,California
Imperial,2021-02-17,439,19533,285,9263,154,10270,0,0,83,10219,356,4653,83,14872,California
Imperial,2021-02-18,645,20178,308,9571,337,10607,0,0,140,9856,503,5156,140,15012,California
Imperial,2021-02-19,766,20944,381,9952,385,10992,0,0,192,9475,573,5729,192,15204,California
Imperial,2021-02-20,1039,21983,191,10143,848,11840,0,0,325,9089,713,6442,327,15531,California
Imperial,2021-02-21,588,22571,554,10697,34,11874,0,0,577,9656,10,6452,577,16108,California
Imperial,2021-02-22,809,23380,569,11266,240,12114,0,0,759,10365,50,6502,759,16867,California
Imperial,2021-02-23,935,24315,372,11638,563,12677,0,0,885,11200,50,6552,885,17752,California
Imperial,2021-02-24,700,25015,285,11923,415,13092,0,0,603,11707,96,6648,603,18355,California
Imperial,2021-02-25,814,25829,338,12261,476,13568,0,0,449,11797,364,7012,454,18809,California
Imperial,2021-02-26,1741,27570,1350,13611,391,13959,0,0,1568,13194,171,7183,1568,20377,California
Imperial,2021-02-27,858,28428,809,14420,49,14008,0,0,120,12577,738,7921,121,20498,California
Imperial,2021-02-28,29,28457,19,14439,10,14018,0,0,20,12588,9,7930,20,20518,California
Imperial,2021-03-01,489,28946,291,14730,198,14216,0,0,426,12954,61,7991,427,20945,California
Imperial,2021-03-02,672,29618,246,14976,426,14642,0,0,385,13054,287,8278,387,21332,California
Imperial,2021-03-03,913,30531,37,15013,875,15517,1,1,544,13244,366,8644,556,21888,California
Imperial,2021-03-04,742,31273,75,15088,667,16184,0,1,483,13499,257,8901,512,22400,California
Imperial,2021-03-05,2567,33840,1937,17025,630,16814,0,1,1244,13425,1320,10221,1246,23646,California
Imperial,2021-03-06,687,34527,236,17261,451,17265,0,1,646,14037,38,10259,650,24296,California
Imperial,2021-03-07,72,34599,40,17301,32,17297,0,1,52,14070,20,10279,53,24349,California
Imperial,2021-03-08,411,35010,328,17629,48,17345,35,36,359,14412,52,10331,394,24743,California
Imperial,2021-03-09,681,35691,310,17939,125,17470,246,282,398,14773,283,10614,644,25387,California
Imperial,2021-03-10,679,36370,311,18250,264,17734,104,386,315,14830,363,10977,420,25807,California
Imperial,2021-03-11,1783,38153,478,18728,1113,18847,192,578,1184,15618,599,11576,1387,27194,California
Imperial,2021-03-12,3697,41850,2536,21264,976,19823,185,763,2108,16326,1586,13162,2294,29488,California
Imperial,2021-03-13,1140,42990,90,21354,827,20650,223,986,856,17126,282,13444,1082,30570,California
Imperial,2021-03-14,168,43158,30,21384,126,20776,12,998,138,17247,30,13474,151,30721,California
Imperial,2021-03-15,668,43826,214,21598,196,20972,258,1256,375,17587,292,13766,632,31353,California
Imperial,2021-03-16,1065,44891,275,21873,337,21309,453,1709,528,18033,535,14301,981,32334,California
Imperial,2021-03-17,1567,46458,686,22559,745,22054,136,1845,990,18586,574,14875,1127,33461,California
Imperial,2021-03-18,1777,48235,1175,23734,542,22596,60,1905,1247,19368,528,15403,1310,34771,California
Imperial,2021-03-19,3332,51567,2440,26174,888,23484,4,1909,1499,19046,1826,17229,1504,36275,California
Imperial,2021-03-20,862,52429,550,26724,307,23791,5,1914,418,19035,440,17669,429,36704,California
Imperial,2021-03-21,215,52644,33,26757,178,23969,4,1918,157,19142,58,17727,165,36869,California
Imperial,2021-03-22,1039,53683,333,27090,699,24668,7,1925,618,19348,420,18147,626,37495,California
Imperial,2021-03-23,1379,55062,405,27495,968,25636,6,1931,884,19747,493,18640,892,38387,California
Imperial,2021-03-24,1868,56930,541,28036,901,26537,426,2357,900,20107,966,19606,1326,39713,California
Imperial,2021-03-25,2775,59705,498,28534,870,27407,1407,3764,997,20732,1777,21383,2402,42115,California
Imperial,2021-03-26,2469,62174,871,29405,728,28135,870,4634,769,20678,1694,23077,1640,43755,California
Imperial,2021-03-27,574,62748,263,29668,260,28395,51,4685,416,20990,155,23232,467,44222,California
Imperial,2021-03-28,208,62956,50,29718,156,28551,2,4687,172,21128,36,23268,174,44396,California
Imperial,2021-03-29,1172,64128,346,30064,389,28940,437,5124,313,21022,857,24125,751,45147,California
Imperial,2021-03-30,1436,65564,677,30741,590,29530,169,5293,675,21106,761,24886,845,45992,California
Imperial,2021-03-31,1529,67093,715,31456,809,30339,5,5298,1020,21624,507,25393,1025,47017,California
Imperial,2021-04-01,1740,68833,395,31851,1104,31443,241,5539,804,21737,932,26325,1045,48062,California
Imperial,2021-04-02,1247,70080,444,32295,729,32172,74,5613,733,22031,512,26837,806,48868,California
Imperial,2021-04-03,1486,71566,405,32700,1007,33179,74,5687,686,21995,796,27633,760,49628,California
Imperial,2021-04-04,82,71648,39,32739,27,33206,16,5703,24,21977,58,27691,40,49668,California
Imperial,2021-04-05,2062,73710,1232,33971,763,33969,67,5770,376,20742,1679,29370,444,50112,California
Imperial,2021-04-06,1271,74981,527,34498,559,34528,185,5955,666,20991,603,29973,852,50964,California
Imperial,2021-04-07,2137,77118,548,35046,1216,35744,373,6328,1534,22300,598,30571,1907,52871,California
Imperial,2021-04-08,2059,79177,1069,36115,716,36460,274,6602,1015,22547,1041,31612,1288,54159,California
Imperial,2021-04-09,1793,80970,569,36684,679,37139,545,7147,715,22731,1076,32688,1260,55419,California
Imperial,2021-04-10,1224,82194,181,36865,785,37924,258,7405,179,22123,1043,33731,435,55854,California
Imperial,2021-04-11,215,82409,29,36894,154,38078,32,7437,73,22086,142,33873,105,55959,California
Imperial,2021-04-12,1140,83549,652,37546,322,38400,166,7603,598,22313,539,34412,766,56725,California
Imperial,2021-04-13,2078,85627,1351,38897,726,39126,1,7604,1422,23085,651,35063,1423,58148,California
Imperial,2021-04-14,1636,87263,816,39713,820,39946,0,7604,1157,23770,473,35536,1158,59306,California
Imperial,2021-04-15,1450,88713,792,40505,658,40604,0,7604,1083,24489,365,35901,1084,60390,California
Imperial,2021-04-16,1885,90598,926,41431,959,41563,0,7604,1044,24695,838,36739,1044,61434,California
Imperial,2021-04-17,860,91458,188,41619,670,42233,2,7606,681,25199,179,36918,683,62117,California
Inyo,2020-12-19,85,85,85,85,0,0,0,0,85,85,0,0,85,85,California
Inyo,2020-12-20,58,143,58,143,0,0,0,0,58,143,0,0,58,143,California
Inyo,2020-12-21,88,231,85,228,3,3,0,0,88,231,0,0,88,231,California
Inyo,2020-12-22,105,336,105,333,0,3,0,0,105,336,0,0,105,336,California
Inyo,2020-12-23,70,406,67,400,3,6,0,0,70,406,0,0,70,406,California
Inyo,2020-12-24,16,422,16,416,0,6,0,0,16,422,0,0,16,422,California
Inyo,2020-12-25,1,423,0,416,1,7,0,0,1,423,0,0,1,423,California
Inyo,2020-12-26,74,497,74,490,0,7,0,0,74,497,0,0,74,497,California
Inyo,2020-12-28,48,545,36,526,12,19,0,0,48,545,0,0,48,545,California
Inyo,2020-12-29,20,565,20,546,0,19,0,0,20,565,0,0,20,565,California
Inyo,2020-12-30,56,621,54,600,2,21,0,0,56,621,0,0,56,621,California
Inyo,2020-12-31,29,650,0,600,29,50,0,0,29,650,0,0,29,650,California
Inyo,2021-01-01,1,651,0,600,1,51,0,0,1,651,0,0,1,651,California
Inyo,2021-01-03,1,652,0,600,1,52,0,0,1,652,0,0,1,652,California
Inyo,2021-01-04,1,653,1,601,0,52,0,0,1,653,0,0,1,653,California
Inyo,2021-01-05,34,687,0,601,34,86,0,0,34,687,0,0,34,687,California
Inyo,2021-01-06,68,755,0,601,68,154,0,0,68,755,0,0,68,755,California
Inyo,2021-01-07,31,786,1,602,30,184,0,0,31,786,0,0,31,786,California
Inyo,2021-01-08,9,795,8,610,1,185,0,0,4,786,5,5,5,791,California
Inyo,2021-01-09,87,882,86,696,1,186,0,0,1,701,86,91,1,792,California
Inyo,2021-01-10,52,934,52,748,0,186,0,0,0,649,52,143,0,792,California
Inyo,2021-01-11,97,1031,82,830,15,201,0,0,16,584,81,224,16,808,California
Inyo,2021-01-12,139,1170,118,948,21,222,0,0,28,501,111,335,28,836,California
Inyo,2021-01-13,86,1256,68,1016,18,240,0,0,21,458,65,400,22,858,California
Inyo,2021-01-14,59,1315,13,1029,46,286,0,0,49,497,10,410,49,907,California
Inyo,2021-01-15,163,1478,28,1057,135,421,0,0,163,660,0,410,163,1070,California
Inyo,2021-01-16,74,1552,73,1130,1,422,0,0,1,588,73,483,1,1071,California
Inyo,2021-01-18,58,1610,36,1166,22,444,0,0,19,568,39,522,19,1090,California
Inyo,2021-01-19,116,1726,73,1239,43,487,0,0,100,652,16,538,100,1190,California
Inyo,2021-01-20,145,1871,70,1309,75,562,0,0,91,689,54,592,91,1281,California
Inyo,2021-01-21,121,1992,57,1366,64,626,0,0,120,808,1,593,120,1401,California
Inyo,2021-01-22,62,2054,0,1366,62,688,0,0,61,868,1,594,61,1462,California
Inyo,2021-01-23,52,2106,52,1418,0,688,0,0,52,920,0,594,52,1514,California
Inyo,2021-01-25,49,2155,6,1424,43,731,0,0,37,945,12,606,37,1551,California
Inyo,2021-01-26,135,2290,54,1478,81,812,0,0,129,1068,6,612,129,1680,California
Inyo,2021-01-27,23,2313,2,1480,21,833,0,0,22,1089,1,613,22,1702,California
Inyo,2021-01-28,92,2405,2,1482,90,923,0,0,63,1123,29,642,63,1765,California
Inyo,2021-01-29,25,2430,3,1485,22,945,0,0,23,1144,2,644,23,1788,California
Inyo,2021-01-30,11,2441,1,1486,10,955,0,0,11,1155,0,644,11,1799,California
Inyo,2021-01-31,32,2473,4,1490,28,983,0,0,4,1131,28,672,4,1803,California
Inyo,2021-02-01,11,2484,9,1499,2,985,0,0,1,1122,10,682,1,1804,California
Inyo,2021-02-02,130,2614,14,1513,116,1101,0,0,104,1200,26,708,104,1908,California
Inyo,2021-02-03,116,2730,0,1513,116,1217,0,0,74,1232,42,750,74,1982,California
Inyo,2021-02-04,149,2879,31,1544,118,1335,0,0,90,1263,59,809,90,2072,California
Inyo,2021-02-05,117,2996,61,1605,56,1391,0,0,115,1376,2,811,115,2187,California
Inyo,2021-02-06,4,3000,2,1607,2,1393,0,0,3,1378,1,812,3,2190,California
Inyo,2021-02-07,4,3004,2,1609,2,1395,0,0,4,1382,0,812,4,2194,California
Inyo,2021-02-08,117,3121,7,1616,110,1505,0,0,97,1459,20,832,97,2291,California
Inyo,2021-02-09,194,3315,52,1668,142,1647,0,0,122,1509,72,904,122,2413,California
Inyo,2021-02-10,143,3458,18,1686,125,1772,0,0,109,1584,34,938,109,2522,California
Inyo,2021-02-11,219,3677,56,1742,163,1935,0,0,125,1615,94,1032,125,2647,California
Inyo,2021-02-12,299,3976,52,1794,247,2182,0,0,168,1652,131,1163,168,2815,California
Inyo,2021-02-13,60,4036,55,1849,5,2187,0,0,8,1608,52,1215,8,2823,California
Inyo,2021-02-14,1,4037,0,1849,1,2188,0,0,1,1609,0,1215,1,2824,California
Inyo,2021-02-15,29,4066,9,1858,20,2208,0,0,5,1590,24,1239,5,2829,California
Inyo,2021-02-16,181,4247,50,1908,131,2339,0,0,93,1595,88,1327,93,2922,California
Inyo,2021-02-17,37,4284,4,1912,33,2372,0,0,7,1572,30,1357,7,2929,California
Inyo,2021-02-18,122,4406,5,1917,117,2489,0,0,78,1606,44,1401,78,3007,California
Inyo,2021-02-19,52,4458,4,1921,48,2537,0,0,9,1572,43,1444,9,3016,California
Inyo,2021-02-20,503,4961,499,2420,4,2541,0,0,501,2071,2,1446,501,3517,California
Inyo,2021-02-21,267,5228,267,2687,0,2541,0,0,267,2338,0,1446,267,3784,California
Inyo,2021-02-22,61,5289,19,2706,42,2583,0,0,27,2331,34,1480,27,3811,California
Inyo,2021-02-23,198,5487,20,2726,178,2761,0,0,94,2322,103,1583,94,3905,California
Inyo,2021-02-24,116,5603,0,2726,116,2877,0,0,57,2320,59,1642,57,3962,California
Inyo,2021-02-25,131,5734,3,2729,128,3005,0,0,63,2315,68,1710,63,4025,California
Inyo,2021-02-26,103,5837,60,2789,43,3048,0,0,19,2250,84,1794,19,4044,California
Inyo,2021-02-27,15,5852,4,2793,11,3059,0,0,3,2241,12,1806,3,4047,California
Inyo,2021-02-28,3,5855,1,2794,2,3061,0,0,2,2242,1,1807,2,4049,California
Inyo,2021-03-01,20,5875,2,2796,18,3079,0,0,17,2256,3,1810,17,4066,California
Inyo,2021-03-02,192,6067,1,2797,191,3270,0,0,109,2282,83,1893,109,4175,California
Inyo,2021-03-03,83,6150,2,2799,81,3351,0,0,40,2279,43,1936,40,4215,California
Inyo,2021-03-04,128,6278,4,2803,124,3475,0,0,46,2243,82,2018,46,4261,California
Inyo,2021-03-05,142,6420,57,2860,85,3560,0,0,38,2177,104,2122,38,4299,California
Inyo,2021-03-06,31,6451,1,2861,30,3590,0,0,30,2206,1,2123,30,4329,California
Inyo,2021-03-07,7,6458,4,2865,3,3593,0,0,5,2209,2,2125,5,4334,California
Inyo,2021-03-08,181,6639,5,2870,176,3769,0,0,91,2210,90,2215,91,4425,California
Inyo,2021-03-09,186,6825,2,2872,184,3953,0,0,71,2166,115,2330,71,4496,California
Inyo,2021-03-10,70,6895,8,2880,61,4014,1,1,30,2157,40,2370,31,4527,California
Inyo,2021-03-11,203,7098,1,2881,196,4210,6,7,73,2106,130,2500,79,4606,California
Inyo,2021-03-12,174,7272,4,2885,165,4375,5,12,76,2089,98,2598,81,4687,California
Inyo,2021-03-13,575,7847,540,3425,25,4400,10,22,77,1679,497,3095,87,4774,California
Inyo,2021-03-14,432,8279,430,3855,2,4402,0,22,169,1586,262,3357,169,4943,California
Inyo,2021-03-15,51,8330,15,3870,34,4436,2,24,30,1597,21,3378,32,4975,California
Inyo,2021-03-16,164,8494,4,3874,154,4590,6,30,63,1566,100,3478,69,5044,California
Inyo,2021-03-17,107,8601,3,3877,97,4687,7,37,92,1650,15,3493,99,5143,California
Inyo,2021-03-18,182,8783,14,3891,161,4848,7,44,102,1679,80,3573,109,5252,California
Inyo,2021-03-19,45,8828,4,3895,37,4885,4,48,35,1708,10,3583,39,5291,California
Inyo,2021-03-20,21,8849,1,3896,11,4896,9,57,2,1700,19,3602,11,5302,California
Inyo,2021-03-22,60,8909,2,3898,53,4949,5,62,40,1725,20,3622,45,5347,California
Inyo,2021-03-23,193,9102,4,3902,185,5134,4,66,103,1742,90,3712,107,5454,California
Inyo,2021-03-24,139,9241,3,3905,132,5266,4,70,86,1779,53,3765,90,5544,California
Inyo,2021-03-25,324,9565,104,4009,216,5482,4,74,258,1975,66,3831,262,5806,California
Inyo,2021-03-26,90,9655,2,4011,84,5566,4,78,70,2029,20,3851,74,5880,California
Inyo,2021-03-27,51,9706,44,4055,4,5570,3,81,45,2071,6,3857,48,5928,California
Inyo,2021-03-28,4,9710,1,4056,2,5572,1,82,1,2070,3,3860,2,5930,California
Inyo,2021-03-29,109,9819,2,4058,102,5674,5,87,82,2131,26,3886,87,6017,California
Inyo,2021-03-30,210,10029,3,4061,202,5876,5,92,102,2130,108,3994,107,6124,California
Inyo,2021-03-31,145,10174,4,4065,136,6012,5,97,104,2198,41,4035,109,6233,California
Inyo,2021-04-01,165,10339,5,4070,159,6171,1,98,116,2266,49,4084,117,6350,California
Inyo,2021-04-02,81,10420,1,4071,78,6249,2,100,52,2291,29,4113,54,6404,California
Inyo,2021-04-03,93,10513,46,4117,33,6282,14,114,5,2223,86,4199,18,6422,California
Inyo,2021-04-04,5,10518,4,4121,0,6282,1,115,1,2221,4,4203,2,6424,California
Inyo,2021-04-05,117,10635,1,4122,112,6394,4,119,29,2166,88,4291,33,6457,California
Inyo,2021-04-06,236,10871,6,4128,167,6561,63,182,104,2201,132,4423,167,6624,California
Inyo,2021-04-07,201,11072,4,4132,71,6632,126,308,45,2216,156,4579,171,6795,California
Inyo,2021-04-08,175,11247,14,4146,144,6776,17,325,79,2216,96,4675,96,6891,California
Inyo,2021-04-09,123,11370,5,4151,95,6871,23,348,36,2189,86,4761,59,6950,California
Inyo,2021-04-10,42,11412,1,4152,24,6895,17,365,3,2170,39,4800,20,6970,California
Inyo,2021-04-11,1,11413,0,4152,1,6896,0,365,1,2171,0,4800,1,6971,California
Inyo,2021-04-12,79,11492,0,4152,74,6970,5,370,41,2179,38,4838,46,7017,California
Inyo,2021-04-13,115,11607,4,4156,108,7078,3,373,57,2182,57,4895,60,7077,California
Inyo,2021-04-14,123,11730,4,4160,119,7197,0,373,42,2143,81,4976,42,7119,California
Inyo,2021-04-15,229,11959,70,4230,159,7356,0,373,82,2078,147,5123,82,7201,California
Inyo,2021-04-16,48,12007,6,4236,42,7398,0,373,22,2074,26,5149,22,7223,California
Kern,2020-12-15,1,1,1,1,0,0,0,0,1,1,0,0,1,1,California
Kern,2020-12-16,18,19,18,19,0,0,0,0,18,19,0,0,18,19,California
Kern,2020-12-17,164,183,164,183,0,0,0,0,164,183,0,0,164,183,California
Kern,2020-12-18,318,501,318,501,0,0,0,0,318,501,0,0,318,501,California
Kern,2020-12-19,98,599,98,599,0,0,0,0,99,600,0,0,99,600,California
Kern,2020-12-20,61,660,61,660,0,0,0,0,61,661,0,0,61,661,California
Kern,2020-12-21,671,1331,670,1330,1,1,0,0,671,1332,0,0,671,1332,California
Kern,2020-12-22,530,1861,527,1857,3,4,0,0,530,1862,0,0,530,1862,California
Kern,2020-12-23,557,2418,418,2275,139,143,0,0,557,2419,0,0,557,2419,California
Kern,2020-12-24,122,2540,43,2318,79,222,0,0,122,2541,0,0,122,2541,California
Kern,2020-12-25,1,2541,1,2319,0,222,0,0,1,2542,0,0,1,2542,California
Kern,2020-12-26,33,2574,1,2320,32,254,0,0,33,2575,0,0,33,2575,California
Kern,2020-12-27,35,2609,3,2323,32,286,0,0,35,2610,0,0,35,2610,California
Kern,2020-12-28,824,3433,660,2983,164,450,0,0,824,3434,0,0,824,3434,California
Kern,2020-12-29,745,4178,452,3435,293,743,0,0,745,4179,0,0,745,4179,California
Kern,2020-12-30,1200,5378,908,4343,292,1035,0,0,1200,5379,0,0,1200,5379,California
Kern,2020-12-31,277,5655,98,4441,179,1214,0,0,277,5656,0,0,277,5656,California
Kern,2021-01-01,12,5667,6,4447,6,1220,0,0,12,5668,0,0,12,5668,California
Kern,2021-01-02,78,5745,18,4465,60,1280,0,0,78,5746,0,0,78,5746,California
Kern,2021-01-03,23,5768,4,4469,19,1299,0,0,23,5769,0,0,23,5769,California
Kern,2021-01-04,552,6320,359,4828,193,1492,0,0,552,6321,0,0,552,6321,California
Kern,2021-01-05,1130,7450,736,5564,394,1886,0,0,1118,7427,12,12,1118,7439,California
Kern,2021-01-06,1165,8615,454,6018,711,2597,0,0,1135,8532,30,42,1135,8574,California
Kern,2021-01-07,1406,10021,494,6512,912,3509,0,0,1237,9601,168,210,1237,9811,California
Kern,2021-01-08,1626,11647,765,7277,861,4370,0,0,1331,10636,297,507,1332,11143,California
Kern,2021-01-09,225,11872,76,7353,149,4519,0,0,191,10793,34,541,191,11334,California
Kern,2021-01-10,194,12066,147,7500,47,4566,0,0,153,10905,41,582,153,11487,California
Kern,2021-01-11,1554,13620,983,8483,571,5137,0,0,999,11349,555,1137,999,12486,California
Kern,2021-01-12,1870,15490,810,9293,1060,6197,0,0,1360,12199,510,1647,1360,13846,California
Kern,2021-01-13,1854,17344,867,10160,987,7184,0,0,1432,13209,422,2069,1432,15278,California
Kern,2021-01-14,2180,19524,645,10805,1535,8719,0,0,2135,15298,46,2115,2135,17413,California
Kern,2021-01-15,2702,22226,857,11662,1845,10564,0,0,2605,17809,95,2210,2606,20019,California
Kern,2021-01-16,670,22896,212,11874,458,11022,0,0,636,18411,34,2244,636,20655,California
Kern,2021-01-17,72,22968,7,11881,65,11087,0,0,70,18479,2,2246,70,20725,California
Kern,2021-01-18,1643,24611,658,12539,985,12072,0,0,1474,19784,169,2415,1474,22199,California
Kern,2021-01-19,1851,26462,1030,13569,821,12893,0,0,1383,20700,468,2883,1384,23583,California
Kern,2021-01-20,2443,28905,1509,15078,934,13827,0,0,1819,21902,619,3502,1821,25404,California
Kern,2021-01-21,2161,31066,917,15995,1244,15071,0,0,1967,23676,193,3695,1967,27371,California
Kern,2021-01-22,2709,33775,1291,17286,1418,16489,0,0,2433,25835,274,3969,2433,29804,California
Kern,2021-01-23,1246,35021,534,17820,712,17201,0,0,1200,26989,46,4015,1200,31004,California
Kern,2021-01-24,159,35180,18,17838,141,17342,0,0,154,27138,5,4020,154,31158,California
Kern,2021-01-25,2381,37561,1083,18921,1298,18640,0,0,1899,28557,481,4501,1900,33058,California
Kern,2021-01-26,2756,40317,1119,20040,1637,20277,0,0,1902,29606,853,5354,1902,34960,California
Kern,2021-01-27,3553,43870,1898,21938,1655,21932,0,0,2856,31767,695,6049,2856,37816,California
Kern,2021-01-28,2856,46726,1348,23286,1508,23440,0,0,2425,33768,427,6476,2428,40244,California
Kern,2021-01-29,3764,50490,1798,25084,1966,25406,0,0,3224,36455,537,7013,3224,43468,California
Kern,2021-01-30,1323,51813,497,25581,826,26232,0,0,1276,37686,45,7058,1276,44744,California
Kern,2021-01-31,403,52216,276,25857,127,26359,0,0,268,37819,135,7193,268,45012,California
Kern,2021-02-01,2405,54621,817,26674,1588,27947,0,0,1855,39128,547,7740,1856,46868,California
Kern,2021-02-02,2919,57540,972,27646,1947,29894,0,0,2057,40324,862,8602,2058,48926,California
Kern,2021-02-03,3652,61192,1548,29194,2104,31998,0,0,2687,42053,958,9560,2687,51613,California
Kern,2021-02-04,3798,64990,1449,30643,2349,34347,0,0,2583,43432,1204,10764,2583,54196,California
Kern,2021-02-05,4848,69838,1989,32632,2859,37206,0,0,3090,44783,1739,12503,3090,57286,California
Kern,2021-02-06,1735,71573,765,33397,970,38176,0,0,1512,46075,220,12723,1512,58798,California
Kern,2021-02-07,282,71855,149,33546,133,38309,0,0,266,46327,14,12737,266,59064,California
Kern,2021-02-08,2562,74417,788,34334,1774,40083,0,0,1257,46298,1287,14024,1258,60322,California
Kern,2021-02-09,3034,77451,985,35319,2049,42132,0,0,1464,46199,1563,15587,1464,61786,California
Kern,2021-02-10,3782,81233,1656,36975,2126,44258,0,0,1896,46226,1870,17457,1897,63683,California
Kern,2021-02-11,4254,85487,1537,38512,2717,46975,0,0,2229,46443,2012,19469,2229,65912,California
Kern,2021-02-12,4949,90436,1892,40404,3057,50032,0,0,2482,46472,2453,21922,2482,68394,California
Kern,2021-02-13,2009,92445,725,41129,1284,51316,0,0,1167,46799,840,22762,1167,69561,California
Kern,2021-02-14,349,92794,12,41141,337,51653,0,0,269,46989,79,22841,269,69830,California
Kern,2021-02-15,2738,95532,889,42030,1849,53502,0,0,1208,46675,1522,24363,1208,71038,California
Kern,2021-02-16,2945,98477,719,42749,2226,55728,0,0,1657,47056,1277,25640,1658,72696,California
Kern,2021-02-17,4058,102535,2073,44822,1985,57713,0,0,1927,46858,2126,27766,1928,74624,California
Kern,2021-02-18,3747,106282,1474,46296,2273,59986,0,0,1620,46363,2115,29881,1620,76244,California
Kern,2021-02-19,4194,110476,1915,48211,2279,62265,0,0,1739,45654,2448,32329,1739,77983,California
Kern,2021-02-20,2574,113050,969,49180,1605,63870,0,0,1341,45765,1230,33559,1341,79324,California
Kern,2021-02-21,247,113297,141,49321,106,63976,0,0,86,45692,159,33718,86,79410,California
Kern,2021-02-22,2655,115952,1148,50469,1507,65483,0,0,1426,45894,1224,34942,1426,80836,California
Kern,2021-02-23,3533,119485,1115,51584,2418,67901,0,0,1974,46311,1557,36499,1974,82810,California
Kern,2021-02-24,5155,124640,2263,53847,2892,70793,0,0,3073,47306,2078,38577,3073,85883,California
Kern,2021-02-25,5349,129989,2445,56292,2904,73697,0,0,3173,48321,2158,40735,3173,89056,California
Kern,2021-02-26,6879,136868,3515,59807,3364,77061,0,0,4354,50158,2518,43253,4355,93411,California
Kern,2021-02-27,3850,140718,1891,61698,1959,79020,0,0,2517,51349,1326,44579,2517,95928,California
Kern,2021-02-28,906,141624,497,62195,409,79429,0,0,690,51825,214,44793,690,96618,California
Kern,2021-03-01,3973,145597,1801,63996,2172,81601,0,0,2686,53230,1281,46074,2686,99304,California
Kern,2021-03-02,4360,149957,1369,65365,2990,84591,1,1,2859,54598,1491,47565,2859,102163,California
Kern,2021-03-03,5746,155703,2672,68037,3074,87665,0,1,3664,56195,2068,49633,3665,105828,California
Kern,2021-03-04,5508,161211,2122,70159,3384,91049,2,3,3520,57741,1975,51608,3521,109349,California
Kern,2021-03-05,6447,167658,2660,72819,3770,94819,17,20,4032,59382,2408,54016,4049,113398,California
Kern,2021-03-06,4705,172363,1911,74730,2693,97512,101,121,3442,61671,1254,55270,3543,116941,California
Kern,2021-03-07,2041,174404,1584,76314,410,97922,47,168,1852,63382,188,55458,1899,118840,California
Kern,2021-03-08,2799,177203,851,77165,1735,99657,213,381,1454,63705,1342,56800,1665,120505,California
Kern,2021-03-09,3588,180791,770,77935,2435,102092,383,764,2196,64895,1387,58187,2577,123082,California
Kern,2021-03-10,6011,186802,2458,80393,2483,104575,1070,1834,3497,66959,2503,60690,4567,127649,California
Kern,2021-03-11,6269,193071,2397,82790,2847,107422,1025,2859,3724,69172,2534,63224,4747,132396,California
Kern,2021-03-12,7649,200720,2916,85706,3383,110805,1350,4209,4149,71172,3490,66714,5490,137886,California
Kern,2021-03-13,4417,205137,2297,88003,1785,112590,335,4544,3002,73093,1410,68124,3331,141217,California
Kern,2021-03-14,2262,207399,1414,89417,610,113200,238,4782,1747,74562,513,68637,1982,143199,California
Kern,2021-03-15,4230,211629,1076,90493,2441,115641,713,5495,2167,75388,2052,70689,2878,146077,California
Kern,2021-03-16,4302,215931,998,91491,2776,118417,528,6023,2311,76242,1982,72671,2836,148913,California
Kern,2021-03-17,7210,223141,3793,95284,2861,121278,556,6579,4282,78161,2918,75589,4837,153750,California
Kern,2021-03-18,6938,230079,3374,98658,2989,124267,575,7154,4122,80057,2798,78387,4694,158444,California
Kern,2021-03-19,8655,238734,4714,103372,3293,127560,648,7802,4471,81000,4171,82558,5114,163558,California
Kern,2021-03-20,5922,244656,3578,106950,2171,129731,173,7975,3801,82864,2111,84669,3975,167533,California
Kern,2021-03-21,2857,247513,1739,108689,241,129972,877,8852,1689,84267,1163,85832,2566,170099,California
Kern,2021-03-22,3900,251413,1517,110206,2027,131999,356,9208,1890,84511,2002,87834,2246,172345,California
Kern,2021-03-23,4600,256013,1637,111843,2783,134782,180,9388,2441,85000,2129,89963,2618,174963,California
Kern,2021-03-24,6947,262960,3492,115335,2984,137766,471,9859,3641,85818,3292,93255,4110,179073,California
Kern,2021-03-25,6573,269533,2860,118195,3391,141157,322,10181,3285,86152,3273,96528,3607,182680,California
Kern,2021-03-26,9374,278907,4128,122323,3994,145151,1252,11433,4644,87336,4713,101241,5897,188577,California
Kern,2021-03-27,5423,284330,3723,126046,1574,146725,126,11559,3296,88636,2122,103363,3422,191999,California
Kern,2021-03-28,4211,288541,3726,129772,471,147196,14,11573,2666,89778,1538,104901,2680,194679,California
Kern,2021-03-29,4167,292708,1624,131396,2264,149460,279,11852,2602,91106,1552,106453,2880,197559,California
Kern,2021-03-30,5406,298114,1799,133195,3302,152762,305,12157,3065,92141,2334,108787,3369,200928,California
Kern,2021-03-31,8060,306174,4232,137427,3184,155946,644,12801,4283,93304,3764,112551,4927,205855,California
Kern,2021-04-01,7562,313736,3621,141048,3646,159592,295,13096,4091,94230,3457,116008,4383,210238,California
Kern,2021-04-02,8096,321832,4179,145227,3312,162904,605,13701,4072,94896,4008,120016,4674,214912,California
Kern,2021-04-03,5643,327475,3359,148586,2103,165007,181,13882,2562,94568,3070,123086,2742,217654,California
Kern,2021-04-04,1222,328697,766,149352,372,165379,84,13966,446,94324,774,123860,530,218184,California
Kern,2021-04-05,5278,333975,2173,151525,2344,167723,761,14727,2844,95504,2423,126283,3603,221787,California
Kern,2021-04-06,6630,340605,2394,153919,3042,170765,1194,15921,3531,97147,3082,129365,4725,226512,California
Kern,2021-04-07,9207,349812,5370,159289,2889,173654,948,16869,4635,98172,4557,133922,5582,232094,California
Kern,2021-04-08,8537,358349,4730,164019,2912,176566,895,17764,3913,98375,4604,138526,4807,236901,California
Kern,2021-04-09,8918,367267,4397,168416,3557,180123,964,18728,3873,98186,5024,143550,4835,241736,California
Kern,2021-04-10,6504,373771,3429,171845,1841,181964,1234,19962,2301,97522,4196,147746,3532,245268,California
Kern,2021-04-11,3765,377536,2890,174735,356,182320,519,20481,1430,97143,2326,150072,1947,247215,California
Kern,2021-04-12,4176,381712,956,175691,2339,184659,881,21362,1538,96935,2626,152698,2418,249633,California
Kern,2021-04-13,4030,385742,1315,177006,2711,187370,4,21366,1985,96890,2035,154733,1990,251623,California
Kern,2021-04-14,5295,391037,2401,179407,2872,190242,22,21388,2711,97054,2568,157301,2732,254355,California
Kern,2021-04-15,4597,395634,2060,181467,2535,192777,2,21390,2247,96961,2342,159643,2249,256604,California
Kern,2021-04-16,6228,401862,3296,184763,2932,195709,0,21390,2835,96422,3376,163019,2837,259441,California
Kern,2021-04-17,4429,406291,3486,188249,943,196652,0,21390,1570,95141,2851,165870,1570,261011,California
Kings,2020-12-16,1,1,1,1,0,0,0,0,1,1,0,0,1,1,California
Kings,2020-12-17,8,9,8,9,0,0,0,0,8,9,0,0,8,9,California
Kings,2020-12-18,12,21,12,21,0,0,0,0,12,21,0,0,12,21,California
Kings,2020-12-19,11,32,11,32,0,0,0,0,11,32,0,0,11,32,California
Kings,2020-12-20,13,45,13,45,0,0,0,0,13,45,0,0,13,45,California
Kings,2020-12-21,155,200,155,200,0,0,0,0,271,316,0,0,271,316,California
Kings,2020-12-22,143,343,143,343,0,0,0,0,140,456,0,0,140,456,California
Kings,2020-12-23,134,477,122,465,12,12,0,0,135,591,0,0,135,591,California
Kings,2020-12-24,11,488,9,474,2,14,0,0,11,602,0,0,11,602,California
Kings,2020-12-26,7,495,4,478,3,17,0,0,7,609,0,0,7,609,California
Kings,2020-12-27,4,499,4,482,0,17,0,0,4,613,0,0,4,613,California
Kings,2020-12-28,131,630,103,585,28,45,0,0,132,745,0,0,132,745,California
Kings,2020-12-29,78,708,51,636,27,72,0,0,79,824,0,0,79,824,California
Kings,2020-12-30,147,855,108,744,39,111,0,0,147,971,0,0,147,971,California
Kings,2020-12-31,44,899,6,750,38,149,0,0,44,1015,0,0,44,1015,California
Kings,2021-01-01,1,900,0,750,1,150,0,0,1,1016,0,0,1,1016,California
Kings,2021-01-02,10,910,9,759,1,151,0,0,10,1026,0,0,10,1026,California
Kings,2021-01-04,112,1022,42,801,70,221,0,0,112,1138,0,0,112,1138,California
Kings,2021-01-05,197,1219,39,840,158,379,0,0,197,1335,0,0,197,1335,California
Kings,2021-01-06,276,1495,177,1017,99,478,0,0,273,1605,3,3,273,1608,California
Kings,2021-01-07,178,1673,81,1098,97,575,0,0,170,1767,8,11,170,1778,California
Kings,2021-01-08,247,1920,54,1152,193,768,0,0,228,1976,19,30,228,2006,California
Kings,2021-01-09,63,1983,9,1161,54,822,0,0,55,2023,8,38,55,2061,California
Kings,2021-01-10,15,1998,3,1164,12,834,0,0,12,2032,3,41,12,2073,California
Kings,2021-01-11,519,2517,357,1521,162,996,0,0,275,2064,244,285,276,2349,California
Kings,2021-01-12,350,2867,253,1774,97,1093,0,0,216,2149,131,416,216,2565,California
Kings,2021-01-13,413,3280,266,2040,147,1240,0,0,322,2380,91,507,322,2887,California
Kings,2021-01-14,208,3488,31,2071,177,1417,0,0,198,2558,21,528,199,3086,California
Kings,2021-01-15,415,3903,29,2100,386,1803,0,0,403,2949,12,540,403,3489,California
Kings,2021-01-16,31,3934,12,2112,19,1822,0,0,30,2978,1,541,30,3519,California
Kings,2021-01-17,8,3942,5,2117,3,1825,0,0,6,2982,2,543,6,3525,California
Kings,2021-01-18,172,4114,40,2157,132,1957,0,0,146,3102,26,569,146,3671,California
Kings,2021-01-19,376,4490,158,2315,218,2175,0,0,248,3222,128,697,248,3919,California
Kings,2021-01-20,224,4714,134,2449,90,2265,0,0,119,3240,101,798,119,4038,California
Kings,2021-01-21,186,4900,32,2481,154,2419,0,0,172,3396,16,814,172,4210,California
Kings,2021-01-22,125,5025,38,2519,87,2506,0,0,125,3516,5,819,125,4335,California
Kings,2021-01-23,26,5051,14,2533,12,2518,0,0,20,3530,6,825,20,4355,California
Kings,2021-01-24,4,5055,4,2537,0,2518,0,0,2,3530,2,827,2,4357,California
Kings,2021-01-25,124,5179,26,2563,98,2616,0,0,90,3586,34,861,90,4447,California
Kings,2021-01-26,154,5333,35,2598,119,2735,0,0,115,3662,39,900,115,4562,California
Kings,2021-01-27,318,5651,34,2632,284,3019,0,0,248,3841,69,969,248,4810,California
Kings,2021-01-28,324,5975,46,2678,278,3297,0,0,270,4057,54,1023,270,5080,California
Kings,2021-01-29,86,6061,26,2704,60,3357,0,0,69,4109,17,1040,69,5149,California
Kings,2021-01-30,1555,7616,31,2735,1524,4881,0,0,1552,5660,3,1043,1554,6703,California
Kings,2021-02-01,199,7815,65,2800,134,5015,0,0,71,5605,126,1169,71,6774,California
Kings,2021-02-02,226,8041,14,2814,212,5227,0,0,81,5542,144,1313,81,6855,California
Kings,2021-02-03,356,8397,191,3005,165,5392,0,0,203,5593,152,1465,203,7058,California
Kings,2021-02-04,394,8791,98,3103,296,5688,0,0,198,5596,195,1660,198,7256,California
Kings,2021-02-05,255,9046,13,3116,242,5930,0,0,100,5543,153,1813,100,7356,California
Kings,2021-02-06,60,9106,10,3126,50,5980,0,0,27,5537,33,1846,27,7383,California
Kings,2021-02-07,5,9111,3,3129,2,5982,0,0,3,5538,2,1848,3,7386,California
Kings,2021-02-08,169,9280,29,3158,140,6122,0,0,68,5505,101,1949,68,7454,California
Kings,2021-02-09,253,9533,57,3215,196,6318,0,0,110,5474,141,2090,110,7564,California
Kings,2021-02-10,286,9819,112,3327,174,6492,0,0,173,5534,113,2203,173,7737,California
Kings,2021-02-11,429,10248,65,3392,364,6856,0,0,318,5742,110,2313,318,8055,California
Kings,2021-02-12,611,10859,36,3428,575,7431,0,0,341,5813,270,2583,341,8396,California
Kings,2021-02-13,103,10962,6,3434,97,7528,0,0,78,5866,25,2608,78,8474,California
Kings,2021-02-14,102,11064,4,3438,98,7626,0,0,94,5952,8,2616,94,8568,California
Kings,2021-02-15,246,11310,5,3443,241,7867,0,0,137,5981,108,2724,137,8705,California
Kings,2021-02-16,484,11794,33,3476,451,8318,0,0,250,5998,233,2957,250,8955,California
Kings,2021-02-17,378,12172,22,3498,356,8674,0,0,241,6103,137,3094,242,9197,California
Kings,2021-02-18,154,12326,22,3520,132,8806,0,0,98,6145,56,3150,98,9295,California
Kings,2021-02-19,157,12483,22,3542,135,8941,0,0,101,6193,53,3203,101,9396,California
Kings,2021-02-20,171,12654,40,3582,131,9072,0,0,134,6290,37,3240,134,9530,California
Kings,2021-02-21,3,12657,2,3584,1,9073,0,0,3,6293,0,3240,3,9533,California
Kings,2021-02-22,110,12767,19,3603,91,9164,0,0,51,6285,59,3299,51,9584,California
Kings,2021-02-23,294,13061,69,3672,225,9389,0,0,177,6345,117,3416,177,9761,California
Kings,2021-02-24,591,13652,153,3825,438,9827,0,0,379,6512,212,3628,379,10140,California
Kings,2021-02-25,661,14313,112,3937,549,10376,0,0,443,6739,216,3844,443,10583,California
Kings,2021-02-26,655,14968,130,4067,525,10901,0,0,592,7269,62,3906,592,11175,California
Kings,2021-02-27,1497,16465,62,4129,1435,12336,0,0,564,6901,932,4838,564,11739,California
Kings,2021-02-28,1168,17633,594,4723,574,12910,0,0,671,7078,494,5332,671,12410,California
Kings,2021-03-01,256,17889,77,4800,179,13089,0,0,212,7246,44,5376,212,12622,California
Kings,2021-03-02,467,18356,205,5005,262,13351,0,0,418,7616,49,5425,419,13041,California
Kings,2021-03-03,613,18969,292,5297,321,13672,0,0,428,7860,184,5609,428,13469,California
Kings,2021-03-04,710,19679,341,5638,369,14041,0,0,616,8383,94,5703,617,14086,California
Kings,2021-03-05,1006,20685,349,5987,648,14689,9,9,890,9167,116,5819,900,14986,California
Kings,2021-03-06,509,21194,183,6170,313,15002,13,22,480,9631,29,5848,493,15479,California
Kings,2021-03-07,366,21560,225,6395,137,15139,4,26,358,9985,8,5856,362,15841,California
Kings,2021-03-08,349,21909,97,6492,199,15338,53,79,240,10168,109,5965,292,16133,California
Kings,2021-03-09,492,22401,216,6708,221,15559,55,134,387,10506,105,6070,443,16576,California
Kings,2021-03-10,499,22900,122,6830,286,15845,91,225,318,10734,180,6250,408,16984,California
Kings,2021-03-11,1015,23915,306,7136,599,16444,110,335,611,11053,402,6652,721,17705,California
Kings,2021-03-12,1284,25199,391,7527,799,17243,94,429,883,11632,400,7052,979,18684,California
Kings,2021-03-13,673,25872,333,7860,295,17538,45,474,546,12097,127,7179,592,19276,California
Kings,2021-03-14,666,26538,101,7961,183,17721,382,856,199,12211,467,7646,581,19857,California
Kings,2021-03-15,609,27147,175,8136,319,18040,115,971,373,12466,235,7881,490,20347,California
Kings,2021-03-16,1039,28186,438,8574,540,18580,61,1032,705,12898,334,8215,766,21113,California
Kings,2021-03-17,1083,29269,418,8992,604,19184,61,1093,766,13415,317,8532,834,21947,California
Kings,2021-03-18,1087,30356,466,9458,401,19585,220,1313,757,14066,329,8861,980,22927,California
Kings,2021-03-19,929,31285,469,9927,375,19960,85,1398,711,14657,218,9079,809,23736,California
Kings,2021-03-20,622,31907,253,10180,339,20299,30,1428,450,14974,170,9249,487,24223,California
Kings,2021-03-21,1400,33307,1086,11266,303,20602,11,1439,847,15279,553,9802,858,25081,California
Kings,2021-03-22,448,33755,203,11469,162,20764,83,1522,275,15468,173,9975,362,25443,California
Kings,2021-03-23,891,34646,490,11959,342,21106,59,1581,574,15789,315,10290,636,26079,California
Kings,2021-03-24,907,35553,468,12427,416,21522,23,1604,503,15915,402,10692,528,26607,California
Kings,2021-03-25,879,36432,441,12868,412,21934,26,1630,441,15946,436,11128,467,27074,California
Kings,2021-03-26,1279,37711,376,13244,818,22752,85,1715,529,15815,745,11873,614,27688,California
Kings,2021-03-27,616,38327,246,13490,358,23110,12,1727,171,15555,443,12316,183,27871,California
Kings,2021-03-28,540,38867,469,13959,64,23174,7,1734,335,15700,205,12521,350,28221,California
Kings,2021-03-29,453,39320,198,14157,195,23369,60,1794,248,15804,203,12724,307,28528,California
Kings,2021-03-30,823,40143,451,14608,334,23703,38,1832,435,15890,387,13111,473,29001,California
Kings,2021-03-31,715,40858,369,14977,282,23985,64,1896,415,16075,294,13405,479,29480,California
Kings,2021-04-01,744,41602,373,15350,292,24277,79,1975,339,16094,399,13804,418,29898,California
Kings,2021-04-02,970,42572,420,15770,428,24705,122,2097,427,16103,539,14343,548,30446,California
Kings,2021-04-03,471,43043,327,16097,136,24841,8,2105,158,15964,307,14650,168,30614,California
Kings,2021-04-04,156,43199,82,16179,68,24909,6,2111,44,15903,111,14761,50,30664,California
Kings,2021-04-05,1035,44234,319,16498,466,25375,250,2361,253,15625,781,15542,503,31167,California
Kings,2021-04-06,1172,45406,446,16944,419,25794,307,2668,292,15346,877,16419,598,31765,California
Kings,2021-04-07,1332,46738,637,17581,511,26305,184,2852,411,15022,919,17338,595,32360,California
Kings,2021-04-08,1601,48339,627,18208,721,27026,253,3105,370,14422,1223,18561,623,32983,California
Kings,2021-04-09,953,49292,447,18655,340,27366,166,3271,182,13998,770,19331,346,33329,California
Kings,2021-04-10,588,49880,327,18982,159,27525,102,3373,177,13867,410,19741,279,33608,California
Kings,2021-04-11,322,50202,74,19056,242,27767,6,3379,190,13931,132,19873,196,33804,California
Kings,2021-04-12,569,50771,215,19271,176,27943,178,3557,137,13816,430,20303,315,34119,California
Kings,2021-04-13,839,51610,481,19752,358,28301,0,3557,272,13527,566,20869,277,34396,California
Kings,2021-04-14,876,52486,454,20206,422,28723,0,3557,320,13292,556,21425,321,34717,California
Kings,2021-04-15,888,53374,470,20676,417,29140,1,3558,387,13181,499,21924,388,35105,California
Kings,2021-04-16,733,54107,345,21021,388,29528,0,3558,265,12980,467,22391,266,35371,California
Kings,2021-04-17,240,54347,68,21089,172,29700,0,3558,94,12928,146,22537,94,35465,California
Lake,2020-12-17,4,4,4,4,0,0,0,0,4,4,0,0,4,4,California
Lake,2020-12-18,51,55,51,55,0,0,0,0,51,55,0,0,51,55,California
Lake,2020-12-19,3,58,3,58,0,0,0,0,3,58,0,0,3,58,California
Lake,2020-12-20,6,64,6,64,0,0,0,0,6,64,0,0,6,64,California
Lake,2020-12-21,86,150,86,150,0,0,0,0,86,150,0,0,86,150,California
Lake,2020-12-22,63,213,60,210,3,3,0,0,63,213,0,0,63,213,California
Lake,2020-12-23,123,336,114,324,9,12,0,0,123,336,0,0,123,336,California
Lake,2020-12-24,2,338,0,324,2,14,0,0,2,338,0,0,2,338,California
Lake,2020-12-26,2,340,2,326,0,14,0,0,2,340,0,0,2,340,California
Lake,2020-12-27,2,342,2,328,0,14,0,0,2,342,0,0,2,342,California
Lake,2020-12-28,52,394,43,371,9,23,0,0,52,394,0,0,52,394,California
Lake,2020-12-29,49,443,44,415,5,28,0,0,49,443,0,0,49,443,California
Lake,2020-12-30,124,567,117,532,7,35,0,0,124,567,0,0,124,567,California
Lake,2020-12-31,67,634,64,596,3,38,0,0,67,634,0,0,67,634,California
Lake,2021-01-01,1,635,0,596,1,39,0,0,1,635,0,0,1,635,California
Lake,2021-01-02,2,637,1,597,1,40,0,0,2,637,0,0,2,637,California
Lake,2021-01-04,87,724,21,618,66,106,0,0,87,724,0,0,87,724,California
Lake,2021-01-05,119,843,59,677,60,166,0,0,117,839,2,2,117,841,California
Lake,2021-01-06,105,948,65,742,40,206,0,0,103,940,2,4,103,944,California
Lake,2021-01-07,103,1051,82,824,21,227,0,0,94,1025,9,13,94,1038,California
Lake,2021-01-08,152,1203,124,948,28,255,0,0,100,1073,52,65,100,1138,California
Lake,2021-01-09,63,1266,61,1009,2,257,0,0,59,1128,4,69,59,1197,California
Lake,2021-01-10,3,1269,3,1012,0,257,0,0,0,1125,3,72,0,1197,California
Lake,2021-01-11,192,1461,151,1163,41,298,0,0,112,1157,80,152,112,1309,California
Lake,2021-01-12,80,1541,48,1211,32,330,0,0,56,1189,24,176,56,1365,California
Lake,2021-01-13,164,1705,112,1323,52,382,0,0,107,1239,57,233,107,1472,California
Lake,2021-01-14,146,1851,46,1369,100,482,0,0,124,1341,22,255,124,1596,California
Lake,2021-01-15,215,2066,92,1461,123,605,0,0,188,1502,27,282,188,1784,California
Lake,2021-01-16,135,2201,82,1543,53,658,0,0,133,1633,2,284,133,1917,California
Lake,2021-01-17,18,2219,6,1549,12,670,0,0,12,1639,6,290,12,1929,California
Lake,2021-01-18,244,2463,224,1773,20,690,0,0,126,1647,118,408,126,2055,California
Lake,2021-01-19,311,2774,117,1890,194,884,0,0,266,1869,45,453,267,2322,California
Lake,2021-01-20,421,3195,80,1970,341,1225,0,0,357,2163,63,516,357,2679,California
Lake,2021-01-21,433,3628,49,2019,384,1609,0,0,398,2526,35,551,398,3077,California
Lake,2021-01-22,317,3945,46,2065,271,1880,0,0,281,2771,36,587,281,3358,California
Lake,2021-01-23,122,4067,5,2070,117,1997,0,0,121,2891,1,588,121,3479,California
Lake,2021-01-24,4,4071,1,2071,3,2000,0,0,4,2895,0,588,4,3483,California
Lake,2021-01-25,256,4327,95,2166,161,2161,0,0,175,2989,81,669,175,3658,California
Lake,2021-01-26,428,4755,36,2202,392,2553,0,0,405,3371,23,692,405,4063,California
Lake,2021-01-27,356,5111,39,2241,317,2870,0,0,329,3674,27,719,330,4393,California
Lake,2021-01-28,500,5611,160,2401,340,3210,0,0,372,3918,128,847,372,4765,California
Lake,2021-01-29,636,6247,83,2484,553,3763,0,0,576,4434,60,907,576,5341,California
Lake,2021-01-30,556,6803,45,2529,511,4274,0,0,550,4978,6,913,550,5891,California
Lake,2021-01-31,14,6817,8,2537,6,4280,0,0,12,4988,2,915,12,5903,California
Lake,2021-02-01,179,6996,18,2555,161,4441,0,0,166,5141,13,928,166,6069,California
Lake,2021-02-02,563,7559,153,2708,410,4851,0,0,398,5374,165,1093,398,6467,California
Lake,2021-02-03,444,8003,33,2741,411,5262,0,0,340,5610,104,1197,340,6807,California
Lake,2021-02-04,118,8121,68,2809,50,5312,0,0,72,5636,46,1243,72,6879,California
Lake,2021-02-05,376,8497,68,2877,308,5620,0,0,287,5836,87,1330,287,7166,California
Lake,2021-02-06,278,8775,42,2919,236,5856,0,0,266,6090,12,1342,266,7432,California
Lake,2021-02-07,2,8777,1,2920,1,5857,0,0,2,6092,0,1342,2,7434,California
Lake,2021-02-08,279,9056,206,3126,73,5930,0,0,160,6133,119,1461,160,7594,California
Lake,2021-02-09,346,9402,25,3151,321,6251,0,0,302,6392,43,1504,302,7896,California
Lake,2021-02-10,351,9753,54,3205,297,6548,0,0,275,6591,76,1580,275,8171,California
Lake,2021-02-11,167,9920,17,3222,150,6698,0,0,55,6534,112,1692,55,8226,California
Lake,2021-02-12,375,10295,28,3250,347,7045,0,0,289,6737,86,1778,289,8515,California
Lake,2021-02-13,249,10544,9,3259,240,7285,0,0,238,6964,11,1789,238,8753,California
Lake,2021-02-14,19,10563,4,3263,15,7300,0,0,6,6957,13,1802,6,8759,California
Lake,2021-02-15,172,10735,13,3276,159,7459,0,0,8,6802,163,1965,8,8767,California
Lake,2021-02-16,420,11155,22,3298,398,7857,0,0,174,6730,246,2211,174,8941,California
Lake,2021-02-17,351,11506,54,3352,297,8154,0,0,70,6520,280,2491,70,9011,California
Lake,2021-02-18,457,11963,69,3421,388,8542,0,0,115,6293,342,2833,115,9126,California
Lake,2021-02-19,414,12377,25,3446,389,8931,0,0,90,6059,324,3157,90,9216,California
Lake,2021-02-20,294,12671,60,3506,234,9165,0,0,251,6268,42,3199,251,9467,California
Lake,2021-02-21,6,12677,6,3512,0,9165,0,0,0,6262,6,3205,0,9467,California
Lake,2021-02-22,138,12815,23,3535,115,9280,0,0,43,6210,95,3300,43,9510,California
Lake,2021-02-23,212,13027,15,3550,197,9477,0,0,26,6050,186,3486,26,9536,California
Lake,2021-02-24,956,13983,378,3928,578,10055,0,0,418,5931,537,4023,418,9954,California
Lake,2021-02-25,733,14716,464,4392,269,10324,0,0,472,6144,259,4282,472,10426,California
Lake,2021-02-26,993,15709,303,4695,690,11014,0,0,347,5848,643,4925,347,10773,California
Lake,2021-02-27,410,16119,97,4792,313,11327,0,0,328,6094,82,5007,328,11101,California
Lake,2021-02-28,19,16138,13,4805,6,11333,0,0,10,6095,9,5016,10,11111,California
Lake,2021-03-01,594,16732,52,4857,542,11875,0,0,442,6385,152,5168,442,11553,California
Lake,2021-03-02,744,17476,18,4875,726,12601,0,0,291,6222,454,5622,291,11844,California
Lake,2021-03-03,359,17835,196,5071,163,12764,0,0,135,6133,224,5846,135,11979,California
Lake,2021-03-04,576,18411,508,5579,68,12832,0,0,562,6681,14,5860,562,12541,California
Lake,2021-03-05,1036,19447,38,5617,998,13830,0,0,173,5995,859,6719,173,12714,California
Lake,2021-03-06,36,19483,11,5628,24,13854,1,1,21,6002,15,6734,22,12736,California
Lake,2021-03-07,7,19490,5,5633,2,13856,0,1,4,6003,3,6737,4,12740,California
Lake,2021-03-08,338,19828,267,5900,62,13918,9,10,298,6270,40,6777,307,13047,California
Lake,2021-03-09,917,20745,28,5928,872,14790,17,27,394,6159,522,7299,411,13458,California
Lake,2021-03-10,204,20949,60,5988,131,14921,13,40,136,6240,68,7367,149,13607,California
Lake,2021-03-11,584,21533,47,6035,62,14983,475,515,49,6229,535,7902,524,14131,California
Lake,2021-03-12,857,22390,205,6240,628,15611,24,539,365,6127,491,8393,389,14520,California
Lake,2021-03-13,278,22668,21,6261,20,15631,237,776,16,6118,261,8654,252,14772,California
Lake,2021-03-14,11,22679,2,6263,9,15640,0,776,7,6121,4,8658,7,14779,California
Lake,2021-03-15,641,23320,14,6277,610,16250,17,793,483,6463,158,8816,500,15279,California
Lake,2021-03-16,1104,24424,829,7106,258,16508,17,810,445,6269,655,9471,461,15740,California
Lake,2021-03-17,246,24670,120,7226,104,16612,22,832,88,6221,158,9629,110,15850,California
Lake,2021-03-18,747,25417,367,7593,343,16955,37,869,372,6255,374,10003,408,16258,California
Lake,2021-03-19,584,26001,317,7910,247,17202,20,889,482,6656,101,10104,502,16760,California
Lake,2021-03-20,248,26249,8,7918,237,17439,3,892,30,6473,216,10320,33,16793,California
Lake,2021-03-21,17,26266,11,7929,5,17444,1,893,12,6481,5,10325,13,16806,California
Lake,2021-03-22,319,26585,240,8169,65,17509,14,907,234,6644,85,10410,248,17054,California
Lake,2021-03-23,413,26998,19,8188,381,17890,13,920,352,6949,60,10470,365,17419,California
Lake,2021-03-24,413,27411,61,8249,344,18234,8,928,317,7180,95,10565,326,17745,California
Lake,2021-03-25,658,28069,469,8718,183,18417,6,934,174,6876,484,11049,180,17925,California
Lake,2021-03-26,71,28140,33,8751,37,18454,1,935,49,6904,22,11071,50,17975,California
Lake,2021-03-27,309,28449,7,8758,299,18753,3,938,17,6634,290,11361,20,17995,California
Lake,2021-03-28,14,28463,5,8763,9,18762,0,938,8,6636,6,11367,8,18003,California
Lake,2021-03-29,899,29362,269,9032,628,19390,2,940,193,6127,704,12071,195,18198,California
Lake,2021-03-30,449,29811,303,9335,144,19534,2,942,364,6408,85,12156,366,18564,California
Lake,2021-03-31,581,30392,62,9397,519,20053,0,942,416,6667,157,12313,416,18980,California
Lake,2021-04-01,427,30819,223,9620,192,20245,12,954,179,6613,245,12558,191,19171,California
Lake,2021-04-02,224,31043,43,9663,153,20398,28,982,101,6619,123,12681,129,19300,California
Lake,2021-04-03,30,31073,7,9670,20,20418,3,985,11,6614,19,12700,14,19314,California
Lake,2021-04-04,19,31092,10,9680,7,20425,2,987,14,6625,5,12705,16,19330,California
Lake,2021-04-05,633,31725,68,9748,546,20971,19,1006,395,6803,235,12940,413,19743,California
Lake,2021-04-06,470,32195,15,9763,429,21400,26,1032,299,6958,170,13110,325,20068,California
Lake,2021-04-07,515,32710,55,9818,410,21810,50,1082,350,7195,163,13273,400,20468,California
Lake,2021-04-08,595,33305,483,10301,45,21855,67,1149,101,6871,492,13765,168,20636,California
Lake,2021-04-09,283,33588,44,10345,170,22025,69,1218,49,6758,231,13996,118,20754,California
Lake,2021-04-10,254,33842,15,10360,14,22039,225,1443,11,6751,243,14239,236,20990,California
Lake,2021-04-11,23,33865,17,10377,3,22042,3,1446,7,6745,16,14255,10,21000,California
Lake,2021-04-12,903,34768,202,10579,670,22712,31,1477,227,6328,675,14930,258,21258,California
Lake,2021-04-13,169,34937,108,10687,61,22773,0,1477,51,6261,118,15048,51,21309,California
Lake,2021-04-14,480,35417,29,10716,451,23224,0,1477,424,6629,56,15104,424,21733,California
Lake,2021-04-15,534,35951,120,10836,414,23638,0,1477,252,6599,282,15386,252,21985,California
Lake,2021-04-16,260,36211,25,10861,234,23872,1,1478,71,6483,188,15574,72,22057,California
Lake,2021-04-17,18,36229,7,10868,11,23883,0,1478,15,6495,3,15577,15,22072,California
Lassen,2020-12-16,8,8,8,8,0,0,0,0,8,8,0,0,8,8,California
Lassen,2020-12-17,6,14,6,14,0,0,0,0,6,14,0,0,6,14,California
Lassen,2020-12-18,1,15,1,15,0,0,0,0,1,15,0,0,1,15,California
Lassen,2020-12-19,5,20,5,20,0,0,0,0,5,20,0,0,5,20,California
Lassen,2020-12-20,2,22,2,22,0,0,0,0,2,22,0,0,2,22,California
Lassen,2020-12-21,11,33,11,33,0,0,0,0,11,33,0,0,11,33,California
Lassen,2020-12-22,23,56,23,56,0,0,0,0,23,56,0,0,23,56,California
Lassen,2020-12-23,6,62,6,62,0,0,0,0,6,62,0,0,6,62,California
Lassen,2020-12-24,11,73,11,73,0,0,0,0,11,73,0,0,11,73,California
Lassen,2020-12-28,3,76,2,75,1,1,0,0,3,76,0,0,3,76,California
Lassen,2020-12-29,35,111,35,110,0,1,0,0,35,111,0,0,35,111,California
Lassen,2020-12-30,37,148,36,146,1,2,0,0,37,148,0,0,37,148,California
Lassen,2020-12-31,49,197,42,188,7,9,0,0,49,197,0,0,49,197,California
Lassen,2021-01-02,1,198,0,188,1,10,0,0,1,198,0,0,1,198,California
Lassen,2021-01-04,15,213,1,189,14,24,0,0,15,213,0,0,15,213,California
Lassen,2021-01-05,194,407,53,242,141,165,0,0,194,407,0,0,194,407,California
Lassen,2021-01-06,93,500,42,284,51,216,0,0,85,485,8,8,86,493,California
Lassen,2021-01-07,43,543,7,291,36,252,0,0,37,516,6,14,37,530,California
Lassen,2021-01-08,50,593,2,293,48,300,0,0,50,566,0,14,50,580,California
Lassen,2021-01-09,12,605,6,299,6,306,0,0,12,578,0,14,12,592,California
Lassen,2021-01-11,27,632,5,304,22,328,0,0,27,605,0,14,27,619,California
Lassen,2021-01-12,49,681,29,333,20,348,0,0,30,616,19,33,30,649,California
Lassen,2021-01-13,161,842,18,351,143,491,0,0,146,747,15,48,146,795,California
Lassen,2021-01-14,163,1005,18,369,145,636,0,0,151,886,12,60,151,946,California
Lassen,2021-01-15,33,1038,6,375,27,663,0,0,33,919,0,60,33,979,California
Lassen,2021-01-16,34,1072,33,408,1,664,0,0,34,953,0,60,34,1013,California
Lassen,2021-01-17,1,1073,0,408,1,665,0,0,1,954,0,60,1,1014,California
Lassen,2021-01-18,5,1078,2,410,3,668,0,0,4,957,1,61,4,1018,California
Lassen,2021-01-19,185,1263,36,446,149,817,0,0,157,1086,28,89,157,1175,California
Lassen,2021-01-20,188,1451,100,546,88,905,0,0,104,1121,69,158,104,1279,California
Lassen,2021-01-21,144,1595,93,639,51,956,0,0,120,1223,18,176,120,1399,California
Lassen,2021-01-22,31,1626,18,657,13,969,0,0,21,1234,10,186,21,1420,California
Lassen,2021-01-23,1,1627,0,657,1,970,0,0,1,1235,0,186,1,1421,California
Lassen,2021-01-24,1,1628,0,657,1,971,0,0,1,1236,0,186,1,1422,California
Lassen,2021-01-25,11,1639,0,657,11,982,0,0,11,1247,0,186,11,1433,California
Lassen,2021-01-26,126,1765,12,669,114,1096,0,0,122,1365,4,190,122,1555,California
Lassen,2021-01-27,83,1848,31,700,52,1148,0,0,67,1416,16,206,67,1622,California
Lassen,2021-01-28,85,1933,14,714,71,1219,0,0,84,1499,1,207,84,1706,California
Lassen,2021-01-29,23,1956,7,721,16,1235,0,0,22,1520,1,208,22,1728,California
Lassen,2021-02-01,62,2018,4,725,58,1293,0,0,36,1530,26,234,36,1764,California
Lassen,2021-02-02,177,2195,12,737,165,1458,0,0,44,1441,133,367,44,1808,California
Lassen,2021-02-03,96,2291,21,758,75,1533,0,0,51,1447,45,412,51,1859,California
Lassen,2021-02-04,112,2403,15,773,97,1630,0,0,63,1461,49,461,63,1922,California
Lassen,2021-02-05,65,2468,12,785,53,1683,0,0,23,1442,42,503,23,1945,California
Lassen,2021-02-06,69,2537,34,819,35,1718,0,0,36,1446,32,535,36,1981,California
Lassen,2021-02-07,1,2538,1,820,0,1718,0,0,1,1447,0,535,1,1982,California
Lassen,2021-02-08,43,2581,4,824,39,1757,0,0,18,1440,25,560,18,2000,California
Lassen,2021-02-09,129,2710,8,832,121,1878,0,0,50,1411,79,639,50,2050,California
Lassen,2021-02-10,182,2892,20,852,162,2040,0,0,75,1379,107,746,75,2125,California
Lassen,2021-02-11,183,3075,16,868,167,2207,0,0,79,1355,103,849,79,2204,California
Lassen,2021-02-12,42,3117,11,879,31,2238,0,0,14,1341,28,877,14,2218,California
Lassen,2021-02-13,11,3128,3,882,8,2246,0,0,9,1348,2,879,9,2227,California
Lassen,2021-02-14,13,3141,0,882,13,2259,0,0,12,1359,1,880,12,2239,California
Lassen,2021-02-15,21,3162,2,884,19,2278,0,0,17,1372,4,884,17,2256,California
Lassen,2021-02-16,192,3354,4,888,188,2466,0,0,31,1244,159,1043,31,2287,California
Lassen,2021-02-17,184,3538,94,982,90,2556,0,0,11,1082,173,1216,11,2298,California
Lassen,2021-02-18,79,3617,22,1004,57,2613,0,0,20,1043,59,1275,20,2318,California
Lassen,2021-02-19,82,3699,62,1066,20,2633,0,0,18,997,64,1339,18,2336,California
Lassen,2021-02-20,7,3706,0,1066,7,2640,0,0,5,1000,2,1341,5,2341,California
Lassen,2021-02-21,22,3728,2,1068,20,2660,0,0,18,1014,4,1345,18,2359,California
Lassen,2021-02-22,23,3751,8,1076,15,2675,0,0,5,1001,18,1363,5,2364,California
Lassen,2021-02-23,152,3903,9,1085,143,2818,0,0,41,931,111,1474,41,2405,California
Lassen,2021-02-24,166,4069,17,1102,149,2967,0,0,108,982,57,1531,108,2513,California
Lassen,2021-02-25,156,4225,19,1121,137,3104,0,0,99,1024,57,1588,99,2612,California
Lassen,2021-02-26,73,4298,16,1137,57,3161,0,0,36,1023,37,1625,36,2648,California
Lassen,2021-02-27,7,4305,7,1144,0,3161,0,0,3,1022,4,1629,3,2651,California
Lassen,2021-02-28,6,4311,1,1145,5,3166,0,0,3,1022,3,1632,3,2654,California
Lassen,2021-03-01,41,4352,4,1149,37,3203,0,0,8,997,33,1665,8,2662,California
Lassen,2021-03-02,104,4456,7,1156,97,3300,0,0,79,1051,25,1690,79,2741,California
Lassen,2021-03-03,170,4626,12,1168,158,3458,0,0,113,1107,57,1747,113,2854,California
Lassen,2021-03-04,147,4773,14,1182,133,3591,0,0,98,1157,48,1795,98,2952,California
Lassen,2021-03-05,47,4820,7,1189,17,3608,23,23,11,1155,36,1831,34,2986,California
Lassen,2021-03-06,54,4874,4,1193,28,3636,22,45,4,1131,50,1881,26,3012,California
Lassen,2021-03-07,56,4930,1,1194,0,3636,55,100,1,1132,55,1936,56,3068,California
Lassen,2021-03-08,90,5020,2,1196,8,3644,80,180,3,1129,86,2022,83,3151,California
Lassen,2021-03-09,137,5157,11,1207,109,3753,17,197,88,1186,49,2071,106,3257,California
Lassen,2021-03-10,172,5329,10,1217,161,3914,1,198,79,1173,93,2164,80,3337,California
Lassen,2021-03-11,185,5514,16,1233,162,4076,7,205,113,1224,69,2233,120,3457,California
Lassen,2021-03-12,34,5548,18,1251,12,4088,4,209,12,1218,22,2255,16,3473,California
Lassen,2021-03-13,49,5597,0,1251,3,4091,46,255,1,1216,48,2303,46,3519,California
Lassen,2021-03-14,14,5611,2,1253,11,4102,1,256,2,1207,12,2315,3,3522,California
Lassen,2021-03-15,32,5643,1,1254,31,4133,0,256,16,1207,16,2331,16,3538,California
Lassen,2021-03-16,93,5736,2,1256,85,4218,6,262,75,1270,18,2349,81,3619,California
Lassen,2021-03-17,1083,6819,9,1265,1069,5287,5,267,1063,2318,20,2369,1068,4687,California
Lassen,2021-03-18,95,6914,9,1274,85,5372,1,268,81,2386,14,2383,82,4769,California
Lassen,2021-03-19,17,6931,11,1285,2,5374,4,272,7,2387,10,2393,11,4780,California
Lassen,2021-03-20,29,6960,3,1288,23,5397,3,275,23,2407,6,2399,26,4806,California
Lassen,2021-03-21,34,6994,0,1288,34,5431,0,275,14,2402,19,2418,14,4820,California
Lassen,2021-03-22,55,7049,0,1288,55,5486,0,275,52,2451,3,2421,52,4872,California
Lassen,2021-03-23,119,7168,9,1297,109,5595,1,276,68,2469,51,2472,69,4941,California
Lassen,2021-03-24,210,7378,12,1309,198,5793,0,276,106,2472,103,2575,106,5047,California
Lassen,2021-03-25,151,7529,21,1330,130,5923,0,276,69,2459,82,2657,69,5116,California
Lassen,2021-03-26,76,7605,12,1342,25,5948,39,315,17,2456,59,2716,56,5172,California
Lassen,2021-03-27,19,7624,3,1345,1,5949,15,330,3,2458,16,2732,18,5190,California
Lassen,2021-03-28,18,7642,3,1348,5,5954,10,340,4,2458,14,2746,14,5204,California
Lassen,2021-03-29,52,7694,1,1349,26,5980,25,365,21,2473,31,2777,46,5250,California
Lassen,2021-03-30,197,7891,9,1358,163,6143,25,390,50,2401,147,2924,75,5325,California
Lassen,2021-03-31,146,8037,12,1370,112,6255,22,412,62,2401,84,3008,84,5409,California
Lassen,2021-04-01,166,8203,16,1386,131,6386,19,431,49,2353,116,3124,68,5477,California
Lassen,2021-04-02,29,8232,4,1390,3,6389,22,453,2,2350,27,3151,24,5501,California
Lassen,2021-04-03,12,8244,0,1390,2,6391,10,463,0,2348,12,3163,10,5511,California
Lassen,2021-04-04,7,8251,2,1392,0,6391,5,468,1,2348,6,3169,6,5517,California
Lassen,2021-04-05,23,8274,4,1396,12,6403,7,475,11,2355,11,3180,18,5535,California
Lassen,2021-04-06,183,8457,8,1404,145,6548,30,505,52,2306,131,3311,82,5617,California
Lassen,2021-04-07,136,8593,5,1409,93,6641,38,543,32,2274,104,3415,72,5689,California
Lassen,2021-04-08,169,8762,8,1417,105,6746,56,599,33,2231,132,3547,89,5778,California
Lassen,2021-04-09,51,8813,4,1421,11,6757,36,635,7,2230,43,3590,42,5820,California
Lassen,2021-04-10,8,8821,0,1421,1,6758,7,642,0,2229,8,3598,7,5827,California
Lassen,2021-04-11,5,8826,2,1423,0,6758,3,645,2,2231,3,3601,5,5832,California
Lassen,2021-04-12,23,8849,1,1424,9,6767,13,658,1,2223,22,3623,14,5846,California
Lassen,2021-04-13,121,8970,5,1429,116,6883,0,658,34,2171,86,3709,34,5880,California
Lassen,2021-04-14,876,9846,16,1445,860,7743,0,658,46,1388,829,4538,46,5926,California
Lassen,2021-04-15,37,9883,9,1454,28,7771,0,658,19,1389,18,4556,19,5945,California
Lassen,2021-04-16,7,9890,2,1456,5,7776,0,658,3,1388,4,4560,3,5948,California
Lassen,2021-04-17,23,9913,1,1457,22,7798,0,658,2,1369,21,4581,2,5950,California
Los Angeles,2020-12-15,391,391,391,391,0,0,0,0,391,391,0,0,391,391,California
Los Angeles,2020-12-16,3362,3753,3362,3753,0,0,0,0,3362,3753,0,0,3362,3753,California
Los Angeles,2020-12-17,10228,13981,10228,13981,0,0,0,0,10229,13982,0,0,10229,13982,California
Los Angeles,2020-12-18,14504,28485,14480,28461,24,24,0,0,14504,28486,0,0,14504,28486,California
Los Angeles,2020-12-19,7217,35702,7209,35670,8,32,0,0,7218,35704,0,0,7218,35704,California
Los Angeles,2020-12-20,4573,40275,4566,40236,7,39,0,0,4575,40279,0,0,4575,40279,California
Los Angeles,2020-12-21,13669,53944,13657,53893,12,51,0,0,13670,53948,1,1,13670,53949,California
Los Angeles,2020-12-22,11503,65447,11124,65017,379,430,0,0,11504,65451,1,2,11504,65453,California
Los Angeles,2020-12-23,11870,77317,10114,75131,1756,2186,0,0,11871,77322,0,2,11871,77324,California
Los Angeles,2020-12-24,7009,84326,4243,79374,2766,4952,0,0,7012,84334,0,2,7012,84336,California
Los Angeles,2020-12-25,522,84848,417,79791,105,5057,0,0,522,84856,0,2,522,84858,California
Los Angeles,2020-12-26,2524,87372,2178,81969,346,5403,0,0,2524,87379,1,3,2524,87382,California
Los Angeles,2020-12-27,1753,89125,1023,82992,730,6133,0,0,1753,89132,0,3,1753,89135,California
Los Angeles,2020-12-28,10255,99380,6358,89350,3897,10030,0,0,10253,99384,1,4,10253,99388,California
Los Angeles,2020-12-29,11577,110957,6062,95412,5515,15545,0,0,11579,110963,0,4,11579,110967,California
Los Angeles,2020-12-30,14844,125801,8077,103489,6767,22312,0,0,14843,125806,0,4,14843,125810,California
Los Angeles,2020-12-31,7904,133705,2744,106233,5160,27472,0,0,7902,133707,1,5,7902,133712,California
Los Angeles,2021-01-01,961,134666,254,106487,707,28179,0,0,961,134668,0,5,961,134673,California
Los Angeles,2021-01-02,4435,139101,1649,108136,2786,30965,0,0,4435,139103,0,5,4435,139108,California
Los Angeles,2021-01-03,921,140022,205,108341,716,31681,0,0,920,140022,1,6,920,140028,California
Los Angeles,2021-01-04,12653,152675,4847,113188,7806,39487,0,0,12639,152658,3,9,12639,152667,California
Los Angeles,2021-01-05,15962,168637,7048,120236,8914,48401,0,0,14067,164858,1868,1877,14068,166735,California
Los Angeles,2021-01-06,22478,191115,12040,132276,10438,58839,0,0,16896,176248,5513,7390,16903,183638,California
Los Angeles,2021-01-07,29312,220427,15784,148060,13528,72367,0,0,18826,184644,10440,17830,18836,202474,California
Los Angeles,2021-01-08,33006,253433,17870,165930,15136,87503,0,0,20806,193283,12175,30005,20814,223288,California
Los Angeles,2021-01-09,12328,265761,7053,172983,5275,92778,0,0,7472,195906,4855,34860,7478,230766,California
Los Angeles,2021-01-10,4643,270404,3625,176608,1018,93796,0,0,1916,195097,2727,37587,1918,232684,California
Los Angeles,2021-01-11,25736,296140,16210,192818,9526,103322,0,0,14821,199021,10905,48492,14829,247513,California
Los Angeles,2021-01-12,29151,325291,16048,208866,13103,116425,0,0,19039,207974,10093,58585,19046,266559,California
Los Angeles,2021-01-13,29209,354500,15599,224465,13610,130035,0,0,20277,219342,8914,67499,20282,286841,California
Los Angeles,2021-01-14,29207,383707,12702,237167,16505,146540,0,0,23708,237579,5480,72979,23717,310558,California
Los Angeles,2021-01-15,33723,417430,12328,249495,21395,167935,0,0,30165,264219,3533,76512,30173,340731,California
Los Angeles,2021-01-16,17517,434947,4954,254449,12563,180498,0,0,15742,278198,1767,78279,15746,356477,California
Los Angeles,2021-01-17,5176,440123,2297,256746,2879,183377,0,0,4931,282887,244,78523,4933,361410,California
Los Angeles,2021-01-18,15558,455681,10047,266793,5511,188888,0,0,10856,289055,4690,83213,10858,372268,California
Los Angeles,2021-01-19,38389,494070,20529,287322,17860,206748,0,0,30619,311952,7729,90942,30626,402894,California
Los Angeles,2021-01-20,45494,539564,23690,311012,21804,228552,0,0,38012,342521,7452,98394,38021,440915,California
Los Angeles,2021-01-21,48475,588039,22333,333345,26142,254694,0,0,44228,382577,4186,102580,44242,485157,California
Los Angeles,2021-01-22,47585,635624,22183,355528,25402,280096,0,0,44189,423420,3353,105933,44196,529353,California
Los Angeles,2021-01-23,33874,669498,15657,371185,18217,298313,0,0,31837,453259,2007,107940,31846,561199,California
Los Angeles,2021-01-24,15673,685171,12158,383343,3515,301828,0,0,15126,467846,540,108480,15127,576326,California
Los Angeles,2021-01-25,38573,723744,16363,399706,22210,324038,0,0,30129,489577,8415,116895,30146,606472,California
Los Angeles,2021-01-26,49089,772833,24348,424054,24741,348779,0,0,40942,522434,8114,125009,40971,647443,California
Los Angeles,2021-01-27,48280,821113,25741,449795,22539,371318,0,0,39131,552577,9016,134025,39159,686602,California
Los Angeles,2021-01-28,48354,869467,23012,472807,25342,396660,0,0,40019,584391,8221,142246,40035,726637,California
Los Angeles,2021-01-29,49061,918528,25297,498104,23764,420424,0,0,39064,613824,9646,151892,39079,765716,California
Los Angeles,2021-01-30,29915,948443,15364,513468,14551,434975,0,0,25797,635582,4042,155934,25800,791516,California
Los Angeles,2021-01-31,12965,961408,10341,523809,2624,437599,0,0,12051,646734,902,156836,12054,803570,California
Los Angeles,2021-02-01,37871,999279,16114,539923,21757,459356,0,0,27649,664200,10192,167028,27658,831228,California
Los Angeles,2021-02-02,44089,1043368,17843,557766,26246,485602,0,0,31955,684061,12097,179125,31958,863186,California
Los Angeles,2021-02-03,51929,1095297,19419,577185,32510,518112,0,0,37289,706948,14408,193533,37295,900481,California
Los Angeles,2021-02-04,57066,1152363,20656,597841,36410,554522,0,0,39058,728315,17702,211235,39069,939550,California
Los Angeles,2021-02-05,60971,1213334,20976,618817,39995,594517,0,0,39189,746144,21367,232602,39196,978746,California
Los Angeles,2021-02-06,35398,1248732,13246,632063,22152,616669,0,0,27006,764851,8320,240922,27027,1005773,California
Los Angeles,2021-02-07,10771,1259503,8359,640422,2412,619081,0,0,8396,770893,2359,243281,8401,1014174,California
Los Angeles,2021-02-08,46614,1306117,21424,661846,25190,644271,0,0,30509,785435,15975,259256,30517,1044691,California
Los Angeles,2021-02-09,55637,1361754,24548,686394,31089,675360,0,0,28348,786558,27230,286486,28353,1073044,California
Los Angeles,2021-02-10,66723,1428477,29317,715711,37406,712766,0,0,30932,782074,35423,321909,30939,1103983,California
Los Angeles,2021-02-11,57799,1486276,30787,746498,27012,739778,0,0,27952,780614,29415,351324,27955,1131938,California
Los Angeles,2021-02-12,59374,1545650,29743,776241,29631,769409,0,0,25939,773461,33107,384431,25954,1157892,California
Los Angeles,2021-02-13,33746,1579396,19593,795834,14153,783562,0,0,15462,770756,18203,402634,15498,1173390,California
Los Angeles,2021-02-14,21855,1601251,14951,810785,6904,790466,0,0,8779,766522,13016,415650,8782,1182172,California
Los Angeles,2021-02-15,32326,1633577,15796,826581,16530,806996,0,0,17752,769762,14518,430168,17758,1199930,California
Los Angeles,2021-02-16,63802,1697379,32429,859010,31373,838369,0,0,29856,765760,33869,464037,29867,1229797,California
Los Angeles,2021-02-17,63810,1761189,34159,893169,29651,868020,0,0,26332,754785,37313,501350,26338,1256135,California
Los Angeles,2021-02-18,67860,1829049,34604,927773,33256,901276,0,0,28592,744288,39099,540449,28602,1284737,California
Los Angeles,2021-02-19,56843,1885892,34921,962694,21922,923198,0,0,28302,744152,28452,568901,28316,1313053,California
Los Angeles,2021-02-20,32016,1917908,23770,986464,8246,931444,0,0,15656,743490,16326,585227,15664,1328717,California
Los Angeles,2021-02-21,16508,1934416,14873,1001337,1635,933079,0,0,8440,743890,8043,593270,8443,1337160,California
Los Angeles,2021-02-22,34054,1968470,24869,1026206,9185,942264,0,0,17633,745177,16356,609626,17643,1354803,California
Los Angeles,2021-02-23,53351,2021821,22625,1048831,30726,972990,0,0,21053,734040,32201,641827,21064,1375867,California
Los Angeles,2021-02-24,63656,2085477,27932,1076763,35724,1008714,0,0,27967,726488,35536,677363,27984,1403851,California
Los Angeles,2021-02-25,73006,2158483,33425,1110188,39581,1048295,0,0,38322,730281,34539,711902,38332,1442183,California
Los Angeles,2021-02-26,82473,2240956,38470,1148658,44003,1092298,0,0,47278,742607,34977,746879,47303,1489486,California
Los Angeles,2021-02-27,58376,2299332,24801,1173459,33572,1125870,3,3,29855,744103,28385,775264,29881,1519367,California
Los Angeles,2021-02-28,26700,2326032,18436,1191895,8263,1134133,1,4,18822,755129,7803,783067,18829,1538196,California
Los Angeles,2021-03-01,55059,2381091,30787,1222682,24262,1158395,10,14,33348,766928,21574,804641,33373,1571569,California
Los Angeles,2021-03-02,70170,2451261,31044,1253726,39124,1197519,2,16,42911,782697,27153,831794,42922,1614491,California
Los Angeles,2021-03-03,81533,2532794,40749,1294475,40778,1238297,6,22,51143,803627,30243,862037,51173,1665664,California
Los Angeles,2021-03-04,88318,2621112,45498,1339973,42811,1281108,9,31,55619,826734,32536,894573,55643,1721307,California
Los Angeles,2021-03-05,86947,2708059,42283,1382256,44643,1325751,21,52,58071,856148,28710,923283,58124,1779431,California
Los Angeles,2021-03-06,65442,2773501,32739,1414995,30897,1356648,1806,1858,42050,876748,23264,946547,43864,1823295,California
Los Angeles,2021-03-07,25553,2799054,19229,1434224,5534,1362182,790,2648,19698,891402,5833,952380,20487,1843782,California
Los Angeles,2021-03-08,51002,2850056,26462,1460686,22606,1384788,1934,4582,38366,919156,12548,964928,40302,1884084,California
Los Angeles,2021-03-09,68046,2918102,25757,1486443,39026,1423814,3263,7845,40681,935865,27230,992158,43939,1928023,California
Los Angeles,2021-03-10,78299,2996401,36923,1523366,36756,1460570,4620,12465,49198,960688,28966,1021124,53789,1981812,California
Los Angeles,2021-03-11,90975,3087376,44248,1567614,40425,1500995,6302,18767,53461,983066,37362,1058486,59740,2041552,California
Los Angeles,2021-03-12,96232,3183608,42648,1610262,39913,1540908,13671,32438,56003,1012636,40066,1098552,69636,2111188,California
Los Angeles,2021-03-13,73300,3256908,33890,1644152,27536,1568444,11874,44312,43545,1038367,29659,1128211,55390,2166578,California
Los Angeles,2021-03-14,37899,3294807,25315,1669467,10177,1578621,2407,46719,25443,1053800,12403,1140614,27836,2194414,California
Los Angeles,2021-03-15,73219,3368026,35390,1704857,32521,1611142,5308,52027,44722,1075491,28332,1168946,50023,2244437,California
Los Angeles,2021-03-16,97490,3465516,41949,1746806,49832,1660974,5709,57736,63607,1111075,33711,1202657,69295,2313732,California
Los Angeles,2021-03-17,94418,3559934,42457,1789263,44016,1704990,7945,65681,63552,1151834,30698,1233355,71457,2385189,California
Los Angeles,2021-03-18,97533,3657467,46350,1835613,46046,1751036,5137,70818,62100,1183865,35196,1268551,67227,2452416,California
Los Angeles,2021-03-19,104503,3761970,54323,1889936,45601,1796637,4579,75397,64957,1214074,39327,1307878,69536,2521952,California
Los Angeles,2021-03-20,73983,3835953,36002,1925938,33733,1830370,4248,79645,51432,1247340,22405,1330283,55671,2577623,California
Los Angeles,2021-03-21,33420,3869373,24686,1950624,7892,1838262,842,80487,21733,1258303,11609,1341892,22572,2600195,California
Los Angeles,2021-03-22,67525,3936898,40035,1990659,25535,1863797,1955,82442,48173,1289272,19158,1361050,50127,2650322,California
Los Angeles,2021-03-23,92739,4029637,50060,2040719,39771,1903568,2908,85350,61934,1323511,30597,1391647,64836,2715158,California
Los Angeles,2021-03-24,101365,4131002,53814,2094533,44700,1948268,2851,88201,60244,1345740,40860,1432507,63089,2778247,California
Los Angeles,2021-03-25,105985,4236987,56702,2151235,45734,1994002,3549,91750,60938,1365400,44811,1477318,64471,2842718,California
Los Angeles,2021-03-26,111144,4348131,60647,2211882,46419,2040421,4078,95828,63559,1385662,47362,1524680,67624,2910342,California
Los Angeles,2021-03-27,80507,4428638,42137,2254019,36271,2076692,2099,97927,42087,1391639,38210,1562890,44187,2954529,California
Los Angeles,2021-03-28,40684,4469322,27202,2281221,12900,2089592,582,98509,20722,1393056,19887,1582777,21304,2975833,California
Los Angeles,2021-03-29,80628,4549950,45522,2326743,33523,2123115,1583,100092,46344,1406845,34136,1616913,47925,3023758,California
Los Angeles,2021-03-30,105626,4655576,49446,2376189,50490,2173605,5690,105782,65238,1437535,40222,1657135,70912,3094670,California
Los Angeles,2021-03-31,119011,4774587,59692,2435881,50841,2224446,8478,114260,70225,1467642,48572,1705707,78679,3173349,California
Los Angeles,2021-04-01,128567,4903154,59551,2495432,54292,2278738,14724,128984,70969,1495906,57397,1763104,85661,3259010,California
Los Angeles,2021-04-02,126891,5030045,56054,2551486,56089,2334827,14748,143732,68470,1520972,58158,1821262,83224,3342234,California
Los Angeles,2021-04-03,94439,5124484,42541,2594027,38946,2373773,12952,156684,47279,1534160,47023,1868285,60211,3402445,California
Los Angeles,2021-04-04,37699,5162183,19714,2613741,11972,2385745,6013,162697,16149,1534814,21495,1889780,22149,3424594,California
Los Angeles,2021-04-05,89902,5252085,43592,2657333,36488,2422233,9822,172519,44209,1543292,45545,1935325,54023,3478617,California
Los Angeles,2021-04-06,118956,5371041,56003,2713336,43007,2465240,19946,192465,55398,1555220,63354,1998679,75282,3553899,California
Los Angeles,2021-04-07,118004,5489045,53862,2767198,43488,2508728,20654,213119,54203,1566427,63588,2062267,74795,3628694,California
Los Angeles,2021-04-08,127631,5616676,56727,2823925,47748,2556476,23156,236275,58587,1579281,68815,2131082,81669,3710363,California
Los Angeles,2021-04-09,118224,5734900,49398,2873323,48252,2604728,20574,256849,51379,1584531,66625,2197707,71875,3782238,California
Los Angeles,2021-04-10,97235,5832135,40569,2913892,33195,2637923,23471,280320,35806,1582509,61238,2258945,59216,3841454,California
Los Angeles,2021-04-11,40885,5873020,22205,2936097,9571,2647494,9109,289429,14251,1579263,26577,2285522,23331,3864785,California
Los Angeles,2021-04-12,72118,5945138,34968,2971065,31343,2678837,5807,295236,30708,1574498,41250,2326772,36485,3901270,California
Los Angeles,2021-04-13,110755,6055893,55928,3026993,54443,2733280,384,295620,59345,1583000,51231,2378003,59733,3961003,California
Los Angeles,2021-04-14,102500,6158393,50980,3077973,51425,2784705,95,295715,55602,1592014,46712,2424715,55726,4016729,California
Los Angeles,2021-04-15,105305,6263698,56780,3134753,48401,2833106,124,295839,59099,1605261,46005,2470720,59252,4075981,California
Los Angeles,2021-04-16,99421,6363119,52728,3187481,46652,2879758,41,295880,51274,1608620,47974,2518694,51333,4127314,California
Los Angeles,2021-04-17,34922,6398041,25481,3212962,9441,2889199,0,295880,25238,1624236,9625,2528319,25241,4152555,California
Madera,2020-12-16,22,22,22,22,0,0,0,0,22,22,0,0,22,22,California
Madera,2020-12-17,13,35,13,35,0,0,0,0,13,35,0,0,13,35,California
Madera,2020-12-18,61,96,61,96,0,0,0,0,61,96,0,0,61,96,California
Madera,2020-12-19,5,101,5,101,0,0,0,0,5,101,0,0,5,101,California
Madera,2020-12-20,14,115,14,115,0,0,0,0,14,115,0,0,14,115,California
Madera,2020-12-21,60,175,60,175,0,0,0,0,60,175,0,0,60,175,California
Madera,2020-12-22,98,273,96,271,2,2,0,0,98,273,0,0,98,273,California
Madera,2020-12-23,69,342,69,340,0,2,0,0,69,342,0,0,69,342,California
Madera,2020-12-24,44,386,39,379,5,7,0,0,44,386,0,0,44,386,California
Madera,2020-12-26,28,414,26,405,2,9,0,0,28,414,0,0,28,414,California
Madera,2020-12-27,30,444,12,417,18,27,0,0,30,444,0,0,30,444,California
Madera,2020-12-28,105,549,36,453,69,96,0,0,105,549,0,0,105,549,California
Madera,2020-12-29,173,722,40,493,133,229,0,0,173,722,0,0,173,722,California
Madera,2020-12-30,218,940,86,579,132,361,0,0,218,940,0,0,218,940,California
Madera,2020-12-31,201,1141,80,659,121,482,0,0,201,1141,0,0,201,1141,California
Madera,2021-01-02,89,1230,34,693,55,537,0,0,89,1230,0,0,89,1230,California
Madera,2021-01-03,5,1235,5,698,0,537,0,0,5,1235,0,0,5,1235,California
Madera,2021-01-04,128,1363,64,762,64,601,0,0,128,1363,0,0,128,1363,California
Madera,2021-01-05,279,1642,143,905,136,737,0,0,275,1634,4,4,275,1638,California
Madera,2021-01-06,183,1825,27,932,156,893,0,0,163,1777,20,24,163,1801,California
Madera,2021-01-07,395,2220,113,1045,282,1175,0,0,373,2128,22,46,373,2174,California
Madera,2021-01-08,417,2637,72,1117,345,1520,0,0,362,2437,54,100,363,2537,California
Madera,2021-01-09,37,2674,14,1131,23,1543,0,0,28,2456,9,109,28,2565,California
Madera,2021-01-10,17,2691,14,1145,3,1546,0,0,5,2449,12,121,5,2570,California
Madera,2021-01-11,237,2928,189,1334,48,1594,0,0,194,2600,43,164,194,2764,California
Madera,2021-01-12,391,3319,158,1492,233,1827,0,0,284,2777,107,271,284,3048,California
Madera,2021-01-13,186,3505,92,1584,94,1921,0,0,129,2850,57,328,130,3178,California
Madera,2021-01-14,555,4060,82,1666,473,2394,0,0,521,3337,34,362,521,3699,California
Madera,2021-01-15,597,4657,159,1825,438,2832,0,0,577,3894,20,382,577,4276,California
Madera,2021-01-16,381,5038,47,1872,334,3166,0,0,352,4217,29,411,352,4628,California
Madera,2021-01-17,335,5373,15,1887,320,3486,0,0,331,4544,4,415,331,4959,California
Madera,2021-01-18,76,5449,60,1947,16,3502,0,0,57,4583,18,433,57,5016,California
Madera,2021-01-19,570,6019,135,2082,435,3937,0,0,543,5100,27,460,544,5560,California
Madera,2021-01-20,233,6252,80,2162,153,4090,0,0,205,5278,27,487,205,5765,California
Madera,2021-01-21,237,6489,130,2292,107,4197,0,0,204,5451,31,518,204,5969,California
Madera,2021-01-22,255,6744,83,2375,172,4369,0,0,242,5680,13,531,242,6211,California
Madera,2021-01-23,100,6844,52,2427,48,4417,0,0,76,5732,24,555,76,6287,California
Madera,2021-01-24,101,6945,82,2509,19,4436,0,0,78,5787,23,578,78,6365,California
Madera,2021-01-25,252,7197,121,2630,131,4567,0,0,140,5815,112,690,140,6505,California
Madera,2021-01-26,480,7677,188,2818,292,4859,0,0,292,5922,187,877,294,6799,California
Madera,2021-01-27,737,8414,63,2881,674,5533,0,0,601,6388,136,1013,602,7401,California
Madera,2021-01-28,535,8949,103,2984,432,5965,0,0,432,6717,103,1116,432,7833,California
Madera,2021-01-29,468,9417,95,3079,373,6338,0,0,412,7073,56,1172,412,8245,California
Madera,2021-01-30,504,9921,16,3095,488,6826,0,0,450,7469,54,1226,450,8695,California
Madera,2021-01-31,10,9931,7,3102,3,6829,0,0,9,7477,1,1227,9,8704,California
Madera,2021-02-01,254,10185,70,3172,184,7013,0,0,197,7617,57,1284,197,8901,California
Madera,2021-02-02,250,10435,86,3258,164,7177,0,0,161,7690,88,1372,161,9062,California
Madera,2021-02-03,591,11026,458,3716,133,7310,0,0,473,8048,116,1488,474,9536,California
Madera,2021-02-04,385,11411,120,3836,265,7575,0,0,111,7887,273,1761,112,9648,California
Madera,2021-02-05,968,12379,293,4129,675,8250,0,0,363,7651,600,2361,364,10012,California
Madera,2021-02-06,359,12738,324,4453,35,8285,0,0,320,7933,38,2399,320,10332,California
Madera,2021-02-07,35,12773,7,4460,28,8313,0,0,30,7958,5,2404,30,10362,California
Madera,2021-02-08,382,13155,306,4766,76,8389,0,0,269,8115,112,2516,269,10631,California
Madera,2021-02-09,479,13634,119,4885,360,8749,0,0,197,8034,279,2795,198,10829,California
Madera,2021-02-10,428,14062,148,5033,280,9029,0,0,322,8250,106,2901,322,11151,California
Madera,2021-02-11,931,14993,303,5336,628,9657,0,0,403,8127,527,3428,404,11555,California
Madera,2021-02-12,839,15832,119,5455,720,10377,0,0,307,7911,526,3954,310,11865,California
Madera,2021-02-13,484,16316,44,5499,440,10817,0,0,140,7710,343,4297,142,12007,California
Madera,2021-02-14,400,16716,75,5574,325,11142,0,0,137,7585,263,4560,138,12145,California
Madera,2021-02-15,241,16957,97,5671,144,11286,0,0,176,7697,64,4624,176,12321,California
Madera,2021-02-16,773,17730,183,5854,590,11876,0,0,229,7386,541,5165,230,12551,California
Madera,2021-02-17,608,18338,273,6127,335,12211,0,0,339,7463,264,5429,341,12892,California
Madera,2021-02-18,1291,19629,535,6662,756,12967,0,0,1116,8406,175,5604,1118,14010,California
Madera,2021-02-19,861,20490,546,7208,315,13282,0,0,719,8985,142,5746,721,14731,California
Madera,2021-02-20,1072,21562,981,8189,91,13373,0,0,1001,9917,70,5816,1002,15733,California
Madera,2021-02-21,963,22525,819,9008,144,13517,0,0,957,10868,6,5822,957,16690,California
Madera,2021-02-22,907,23432,831,9839,76,13593,0,0,853,11667,54,5876,853,17543,California
Madera,2021-02-23,769,24201,497,10336,272,13865,0,0,551,12001,217,6093,551,18094,California
Madera,2021-02-24,905,25106,300,10636,605,14470,0,0,377,11850,528,6621,377,18471,California
Madera,2021-02-25,1019,26125,308,10944,711,15181,0,0,591,12015,426,7047,591,19062,California
Madera,2021-02-26,1070,27195,186,11130,884,16065,0,0,696,12338,373,7420,696,19758,California
Madera,2021-02-27,868,28063,244,11374,624,16689,0,0,448,12372,417,7837,451,20209,California
Madera,2021-02-28,188,28251,29,11403,159,16848,0,0,182,12548,6,7843,182,20391,California
Madera,2021-03-01,368,28619,116,11519,252,17100,0,0,190,12561,177,8020,190,20581,California
Madera,2021-03-02,646,29265,267,11786,379,17479,0,0,534,12984,112,8132,535,21116,California
Madera,2021-03-03,1299,30564,694,12480,605,18084,0,0,900,13512,396,8528,924,22040,California
Madera,2021-03-04,1160,31724,502,12982,658,18742,0,0,919,14192,242,8770,922,22962,California
Madera,2021-03-05,1322,33046,405,13387,905,19647,12,12,1060,15015,260,9030,1083,24045,California
Madera,2021-03-06,804,33850,623,14010,149,19796,32,44,484,15212,320,9350,517,24562,California
Madera,2021-03-07,153,34003,27,14037,104,19900,22,66,103,15287,50,9400,125,24687,California
Madera,2021-03-08,589,34592,329,14366,201,20101,59,125,297,15353,292,9692,358,25045,California
Madera,2021-03-09,443,35035,158,14524,252,20353,33,158,276,15505,165,9857,317,25362,California
Madera,2021-03-10,1129,36164,505,15029,547,20900,77,235,703,15864,422,10279,781,26143,California
Madera,2021-03-11,1645,37809,839,15868,474,21374,332,567,748,16060,895,11174,1091,27234,California
Madera,2021-03-12,1526,39335,779,16647,593,21967,154,721,749,16213,775,11949,928,28162,California
Madera,2021-03-13,1811,41146,1269,17916,344,22311,198,919,745,16109,1064,13013,960,29122,California
Madera,2021-03-14,582,41728,449,18365,101,22412,32,951,294,16149,286,13299,326,29448,California
Madera,2021-03-15,722,42450,212,18577,464,22876,46,997,501,16503,219,13518,573,30021,California
Madera,2021-03-16,822,43272,421,18998,354,23230,47,1044,643,17034,177,13695,708,30729,California
Madera,2021-03-17,1411,44683,930,19928,419,23649,62,1106,858,17499,545,14240,1010,31739,California
Madera,2021-03-18,1861,46544,644,20572,1157,24806,60,1166,902,17593,952,15192,1046,32785,California
Madera,2021-03-19,1494,48038,587,21159,823,25629,84,1250,962,18177,526,15718,1110,33895,California
Madera,2021-03-20,1123,49161,763,21922,309,25938,51,1301,575,18302,547,16265,672,34567,California
Madera,2021-03-21,1065,50226,866,22788,154,26092,45,1346,352,17990,710,16975,398,34965,California
Madera,2021-03-22,1352,51578,851,23639,433,26525,68,1414,681,18113,668,17643,791,35756,California
Madera,2021-03-23,1396,52974,841,24480,464,26989,91,1505,739,18371,654,18297,912,36668,California
Madera,2021-03-24,896,53870,466,24946,398,27387,32,1537,594,18700,301,18598,630,37298,California
Madera,2021-03-25,1115,54985,490,25436,601,27988,24,1561,636,18905,468,19066,673,37971,California
Madera,2021-03-26,1430,56415,510,25946,789,28777,131,1692,672,18959,752,19818,806,38777,California
Madera,2021-03-27,825,57240,526,26472,278,29055,21,1713,370,18901,449,20267,391,39168,California
Madera,2021-03-28,420,57660,136,26608,223,29278,61,1774,230,19055,189,20456,343,39511,California
Madera,2021-03-29,680,58340,179,26787,474,29752,27,1801,493,19395,184,20640,524,40035,California
Madera,2021-03-30,1013,59353,558,27345,422,30174,33,1834,557,19532,453,21093,590,40625,California
Madera,2021-03-31,1289,60642,480,27825,695,30869,114,1948,449,19260,836,21929,564,41189,California
Madera,2021-04-01,1221,61863,533,28358,639,31508,49,1997,435,18962,781,22710,483,41672,California
Madera,2021-04-02,1500,63363,411,28769,1031,32539,58,2055,459,18448,1032,23742,518,42190,California
Madera,2021-04-03,869,64232,679,29448,170,32709,20,2075,378,18365,490,24232,407,42597,California
Madera,2021-04-04,184,64416,65,29513,117,32826,2,2077,85,18353,99,24331,87,42684,California
Madera,2021-04-05,731,65147,254,29767,420,33246,57,2134,338,18370,392,24723,409,43093,California
Madera,2021-04-06,1684,66831,874,30641,462,33708,348,2482,635,18304,1048,25771,982,44075,California
Madera,2021-04-07,1194,68025,373,31014,674,34382,147,2629,455,18175,736,26507,607,44682,California
Madera,2021-04-08,1670,69695,654,31668,765,35147,251,2880,560,17888,1106,27613,819,45501,California
Madera,2021-04-09,1570,71265,654,32322,770,35917,146,3026,916,18304,649,28262,1065,46566,California
Madera,2021-04-10,944,72209,675,32997,202,36119,67,3093,696,18820,248,28510,764,47330,California
Madera,2021-04-11,772,72981,629,33626,65,36184,78,3171,286,18699,484,28994,363,47693,California
Madera,2021-04-12,770,73751,266,33892,431,36615,73,3244,301,18605,469,29463,375,48068,California
Madera,2021-04-13,1091,74842,583,34475,468,37083,40,3284,620,18806,470,29933,671,48739,California
Madera,2021-04-14,1225,76067,736,35211,489,37572,0,3284,512,18615,709,30642,518,49257,California
Madera,2021-04-15,932,76999,426,35637,505,38077,1,3285,375,18445,547,31189,377,49634,California
Madera,2021-04-16,1143,78142,508,36145,635,38712,0,3285,416,18142,720,31909,417,50051,California
Madera,2021-04-17,1081,79223,956,37101,125,38837,0,3285,762,18586,318,32227,762,50813,California
Marin,2020-12-15,2,2,2,2,0,0,0,0,2,2,0,0,2,2,California
Marin,2020-12-16,107,109,107,109,0,0,0,0,107,109,0,0,107,109,California
Marin,2020-12-17,260,369,260,369,0,0,0,0,260,369,0,0,260,369,California
Marin,2020-12-18,371,740,371,740,0,0,0,0,371,740,0,0,371,740,California
Marin,2020-12-19,350,1090,349,1089,1,1,0,0,350,1090,0,0,350,1090,California
Marin,2020-12-20,167,1257,166,1255,1,2,0,0,167,1257,0,0,167,1257,California
Marin,2020-12-21,238,1495,235,1490,3,5,0,0,238,1495,0,0,238,1495,California
Marin,2020-12-22,523,2018,319,1809,204,209,0,0,523,2018,0,0,523,2018,California
Marin,2020-12-23,731,2749,324,2133,407,616,0,0,731,2749,0,0,731,2749,California
Marin,2020-12-24,358,3107,160,2293,198,814,0,0,358,3107,0,0,358,3107,California
Marin,2020-12-25,27,3134,0,2293,27,841,0,0,27,3134,0,0,27,3134,California
Marin,2020-12-26,142,3276,93,2386,49,890,0,0,142,3276,0,0,142,3276,California
Marin,2020-12-27,93,3369,56,2442,37,927,0,0,93,3369,0,0,93,3369,California
Marin,2020-12-28,408,3777,99,2541,309,1236,0,0,408,3777,0,0,408,3777,California
Marin,2020-12-29,400,4177,88,2629,312,1548,0,0,400,4177,0,0,400,4177,California
Marin,2020-12-30,624,4801,388,3017,236,1784,0,0,624,4801,0,0,624,4801,California
Marin,2020-12-31,197,4998,33,3050,164,1948,0,0,197,4998,0,0,197,4998,California
Marin,2021-01-01,13,5011,5,3055,8,1956,0,0,13,5011,0,0,13,5011,California
Marin,2021-01-02,103,5114,97,3152,6,1962,0,0,103,5114,0,0,103,5114,California
Marin,2021-01-03,54,5168,36,3188,18,1980,0,0,51,5165,0,0,51,5165,California
Marin,2021-01-04,292,5460,189,3377,103,2083,0,0,291,5455,1,1,291,5456,California
Marin,2021-01-05,366,5826,223,3600,143,2226,0,0,323,5735,43,44,323,5779,California
Marin,2021-01-06,816,6642,315,3915,501,2727,0,0,640,6199,176,220,640,6419,California
Marin,2021-01-07,891,7533,503,4418,388,3115,0,0,544,6396,347,567,544,6963,California
Marin,2021-01-08,971,8504,515,4933,456,3571,0,0,594,6614,376,943,594,7557,California
Marin,2021-01-09,618,9122,222,5155,396,3967,0,0,487,6970,131,1074,487,8044,California
Marin,2021-01-10,128,9250,99,5254,29,3996,0,0,54,6950,74,1148,54,8098,California
Marin,2021-01-11,467,9717,326,5580,141,4137,0,0,248,6980,219,1367,249,8347,California
Marin,2021-01-12,939,10656,542,6122,397,4534,0,0,567,7178,369,1736,567,8914,California
Marin,2021-01-13,1175,11831,499,6621,676,5210,0,0,936,7875,239,1975,936,9850,California
Marin,2021-01-14,1066,12897,319,6940,747,5957,0,0,916,8643,148,2123,916,10766,California
Marin,2021-01-15,1152,14049,354,7294,798,6755,0,0,1022,9537,129,2252,1023,11789,California
Marin,2021-01-16,1117,15166,915,8209,202,6957,0,0,1042,10504,75,2327,1042,12831,California
Marin,2021-01-17,1233,16399,1114,9323,119,7076,0,0,1205,11685,27,2354,1208,14039,California
Marin,2021-01-18,360,16759,159,9482,201,7277,0,0,309,11943,51,2405,309,14348,California
Marin,2021-01-19,1155,17914,913,10395,242,7519,0,0,983,12755,171,2576,983,15331,California
Marin,2021-01-20,1784,19698,1205,11600,579,8098,0,0,1055,13092,718,3294,1055,16386,California
Marin,2021-01-21,1683,21381,1062,12662,621,8719,0,0,1331,14076,349,3643,1333,17719,California
Marin,2021-01-22,1695,23076,1085,13747,610,9329,0,0,1529,15439,166,3809,1529,19248,California
Marin,2021-01-23,1843,24919,1342,15089,501,9830,0,0,1758,17113,84,3893,1758,21006,California
Marin,2021-01-24,611,25530,164,15253,447,10277,0,0,579,17660,32,3925,579,21585,California
Marin,2021-01-25,1123,26653,226,15479,897,11174,0,0,690,17918,433,4358,691,22276,California
Marin,2021-01-26,1498,28151,778,16257,720,11894,0,0,1121,18663,376,4734,1121,23397,California
Marin,2021-01-27,1697,29848,871,17128,826,12720,0,0,1347,19663,348,5082,1348,24745,California
Marin,2021-01-28,2067,31915,1060,18188,1007,13727,0,0,1803,21204,263,5345,1804,26549,California
Marin,2021-01-29,2183,34098,1436,19624,747,14474,0,0,1981,22995,191,5536,1982,28531,California
Marin,2021-01-30,1714,35812,899,20523,815,15289,0,0,1636,24554,78,5614,1637,30168,California
Marin,2021-01-31,453,36265,316,20839,137,15426,0,0,428,24957,25,5639,428,30596,California
Marin,2021-02-01,1087,37352,416,21255,671,16097,0,0,887,25645,200,5839,888,31484,California
Marin,2021-02-02,1350,38702,462,21717,888,16985,0,0,724,25753,616,6455,724,32208,California
Marin,2021-02-03,1779,40481,428,22145,1351,18336,0,0,1255,26485,523,6978,1255,33463,California
Marin,2021-02-04,1537,42018,514,22659,1023,19359,0,0,935,26821,599,7577,935,34398,California
Marin,2021-02-05,2174,44192,681,23340,1493,20852,0,0,1335,27321,835,8412,1335,35733,California
Marin,2021-02-06,1426,45618,850,24190,576,21428,0,0,603,27102,822,9234,603,36336,California
Marin,2021-02-07,1286,46904,1005,25195,281,21709,0,0,488,26793,797,10031,488,36824,California
Marin,2021-02-08,1515,48419,753,25948,762,22471,0,0,724,26728,789,10820,724,37548,California
Marin,2021-02-09,1781,50200,1122,27070,659,23130,0,0,837,26621,944,11764,837,38385,California
Marin,2021-02-10,2332,52532,1487,28557,845,23975,0,0,1216,26724,1114,12878,1217,39602,California
Marin,2021-02-11,2862,55394,1645,30202,1217,25192,0,0,1450,26769,1407,14285,1452,41054,California
Marin,2021-02-12,3058,58452,1537,31739,1521,26713,0,0,1564,26841,1492,15777,1564,42618,California
Marin,2021-02-13,2335,60787,1244,32983,1091,27804,0,0,1130,26768,1203,16980,1130,43748,California
Marin,2021-02-14,810,61597,301,33284,509,28313,0,0,717,27393,93,17073,718,44466,California
Marin,2021-02-15,1211,62808,354,33638,857,29170,0,0,833,27849,377,17450,833,45299,California
Marin,2021-02-16,2463,65271,1056,34694,1407,30577,0,0,1504,28395,958,18408,1504,46803,California
Marin,2021-02-17,2092,67363,936,35630,1156,31733,0,0,1085,28476,1005,19413,1086,47889,California
Marin,2021-02-18,2412,69775,1577,37207,835,32568,0,0,1062,28189,1349,20762,1062,48951,California
Marin,2021-02-19,2752,72527,2150,39357,602,33170,0,0,1218,27885,1523,22285,1219,50170,California
Marin,2021-02-20,2564,75091,2110,41467,454,33624,0,0,1216,27758,1343,23628,1216,51386,California
Marin,2021-02-21,1281,76372,1089,42556,192,33816,0,0,907,28295,370,23998,907,52293,California
Marin,2021-02-22,1820,78192,1403,43959,417,34233,0,0,1211,28898,608,24606,1211,53504,California
Marin,2021-02-23,2829,81021,1613,45572,1216,35449,0,0,1906,29891,914,25520,1907,55411,California
Marin,2021-02-24,3499,84520,1601,47173,1898,37347,0,0,2248,30896,1244,26764,2249,57660,California
Marin,2021-02-25,3928,88448,1811,48984,2117,39464,0,0,2770,32516,1151,27915,2771,60431,California
Marin,2021-02-26,3480,91928,1880,50864,1600,41064,0,0,2530,34107,939,28854,2530,62961,California
Marin,2021-02-27,2608,94536,1493,52357,1115,42179,0,0,1775,35054,830,29684,1777,64738,California
Marin,2021-02-28,1377,95913,917,53274,460,42639,0,0,1042,35763,333,30017,1042,65780,California
Marin,2021-03-01,2470,98383,1533,54807,937,43576,0,0,1658,36613,808,30825,1658,67438,California
Marin,2021-03-02,2426,100809,1594,56401,831,44407,1,1,1682,37555,741,31566,1683,69121,California
Marin,2021-03-03,4285,105094,2379,58780,1904,46311,2,3,2776,38829,1504,33070,2778,71899,California
Marin,2021-03-04,3333,108427,1640,60420,1692,48003,1,4,2327,40161,999,34069,2331,74230,California
Marin,2021-03-05,3021,111448,1128,61548,1881,49884,12,16,1774,40703,1244,35313,1786,76016,California
Marin,2021-03-06,3223,114671,2314,63862,830,50714,79,95,2651,42865,567,35880,2729,78745,California
Marin,2021-03-07,1368,116039,1152,65014,192,50906,24,119,981,43486,384,36264,1005,79750,California
Marin,2021-03-08,1868,117907,1366,66380,386,51292,116,235,1405,44547,460,36724,1521,81271,California
Marin,2021-03-09,2097,120004,1218,67598,773,52065,106,341,1426,45409,670,37394,1532,82803,California
Marin,2021-03-10,4394,124398,2458,70056,1657,53722,279,620,3174,47646,1217,38611,3454,86257,California
Marin,2021-03-11,4547,128945,1867,71923,2545,56267,135,755,3264,49769,1276,39887,3399,89656,California
Marin,2021-03-12,3963,132908,1531,73454,2075,58342,357,1112,1557,49287,2395,42282,1913,91569,California
Marin,2021-03-13,4087,136995,2853,76307,1163,59505,71,1183,2418,50104,1667,43949,2484,94053,California
Marin,2021-03-14,2271,139266,1096,77403,1060,60565,115,1298,727,49404,1542,45491,842,94895,California
Marin,2021-03-15,3221,142487,1761,79164,1413,61978,47,1345,1216,48670,1996,47487,1262,96157,California
Marin,2021-03-16,4298,146785,2308,81472,1626,63604,364,1709,1524,47786,2771,50258,1887,98044,California
Marin,2021-03-17,4124,150909,2246,83718,1834,65438,44,1753,2008,47732,2106,52364,2052,100096,California
Marin,2021-03-18,4459,155368,2245,85963,2141,67579,73,1826,2227,47812,2218,54582,2298,102394,California
Marin,2021-03-19,4437,159805,2272,88235,1948,69527,217,2043,2414,48426,2017,56599,2631,105025,California
Marin,2021-03-20,3576,163381,1981,90216,1480,71007,115,2158,2035,49042,1535,58134,2151,107176,California
Marin,2021-03-21,1527,164908,1123,91339,379,71386,25,2183,794,49130,731,58865,819,107995,California
Marin,2021-03-22,2464,167372,2130,93469,169,71555,165,2348,990,48815,1470,60335,1155,109150,California
Marin,2021-03-23,4236,171608,2192,95661,1914,73469,130,2478,1946,48607,2284,62619,2076,111226,California
Marin,2021-03-24,4396,176004,2885,98546,1407,74876,104,2582,1780,47885,2605,65224,1883,113109,California
Marin,2021-03-25,4611,180615,2812,101358,1731,76607,68,2650,2250,47853,2348,67572,2316,115425,California
Marin,2021-03-26,4269,184884,2313,103671,1742,78349,214,2864,2406,48627,1846,69418,2620,118045,California
Marin,2021-03-27,3675,188559,2641,106312,1017,79366,17,2881,1139,47258,2525,71943,1156,119201,California
Marin,2021-03-28,2376,190935,1721,108033,649,80015,6,2887,1101,47095,1270,73213,1107,120308,California
Marin,2021-03-29,2680,193615,2091,110124,564,80579,25,2912,1187,46817,1490,74703,1212,121520,California
Marin,2021-03-30,4647,198262,3646,113770,968,81547,33,2945,3062,48330,1582,76285,3095,124615,California
Marin,2021-03-31,5767,204029,4089,117859,1629,83176,49,2994,2570,47763,3186,79471,2619,127234,California
Marin,2021-04-01,4387,208416,2263,120122,1874,85050,250,3244,2111,47855,2269,81740,2361,129595,California
Marin,2021-04-02,3674,212090,1819,121941,1493,86543,362,3606,1957,48463,1711,83451,2319,131914,California
Marin,2021-04-03,3829,215919,2518,124459,943,87486,368,3974,1462,47936,2357,85808,1830,133744,California
Marin,2021-04-04,1621,217540,1222,125681,202,87688,197,4171,1188,48889,432,86240,1385,135129,California
Marin,2021-04-05,2181,219721,1515,127196,295,87983,371,4542,1256,49592,922,87162,1625,136754,California
Marin,2021-04-06,3930,223651,2103,129299,1281,89264,546,5088,2191,50594,1733,88895,2735,139489,California
Marin,2021-04-07,3900,227551,1968,131267,1293,90557,639,5727,1421,50184,2470,91365,2060,141549,California
Marin,2021-04-08,4982,232533,1949,133216,2428,92985,605,6332,2277,50365,2696,94061,2877,144426,California
Marin,2021-04-09,3824,236357,1446,134662,1682,94667,696,7028,1270,49779,2549,96610,1963,146389,California
Marin,2021-04-10,3170,239527,1458,136120,1280,95947,432,7460,1431,49910,1730,98340,1861,148250,California
Marin,2021-04-11,1055,240582,802,136922,93,96040,160,7620,474,49964,579,98919,633,148883,California
Marin,2021-04-12,1669,242251,1195,138117,338,96378,136,7756,907,50249,759,99678,1044,149927,California
Marin,2021-04-13,3669,245920,2237,140354,1425,97803,7,7763,1327,49250,2333,102011,1334,151261,California
Marin,2021-04-14,3946,249866,2297,142651,1647,99450,2,7765,1583,48477,2357,104368,1584,152845,California
Marin,2021-04-15,4833,254699,3405,146056,1428,100878,0,7765,2681,49025,2137,106505,2685,155530,California
Marin,2021-04-16,3972,258671,2016,148072,1953,102831,3,7768,1880,48824,2084,108589,1883,157413,California
Marin,2021-04-17,2262,260933,1268,149340,994,103825,0,7768,1128,48822,1130,109719,1128,158541,California
Mariposa,2020-12-17,3,3,3,3,0,0,0,0,38,38,0,0,38,38,California
Mariposa,2020-12-18,5,8,5,8,0,0,0,0,56,94,0,0,56,94,California
Mariposa,2020-12-20,2,10,2,10,0,0,0,0,2,96,0,0,2,96,California
Mariposa,2020-12-21,3,13,3,13,0,0,0,0,45,141,0,0,45,141,California
Mariposa,2020-12-22,2,15,2,15,0,0,0,0,2,143,0,0,2,143,California
Mariposa,2020-12-23,10,25,10,25,0,0,0,0,1,144,0,0,1,144,California
Mariposa,2020-12-24,1,26,0,25,1,1,0,0,0,144,0,0,0,144,California
Mariposa,2020-12-26,1,27,1,26,0,1,0,0,1,145,0,0,1,145,California
Mariposa,2020-12-27,1,28,0,26,1,2,0,0,1,146,0,0,1,146,California
Mariposa,2020-12-28,4,32,2,28,2,4,0,0,4,150,0,0,4,150,California
Mariposa,2020-12-29,33,65,1,29,32,36,0,0,33,183,0,0,33,183,California
Mariposa,2020-12-30,21,86,0,29,21,57,0,0,20,203,0,0,20,203,California
Mariposa,2020-12-31,22,108,0,29,22,79,0,0,22,225,0,0,22,225,California
Mariposa,2021-01-04,9,117,1,30,8,87,0,0,9,234,0,0,9,234,California
Mariposa,2021-01-05,24,141,14,44,10,97,0,0,12,236,10,10,12,246,California
Mariposa,2021-01-06,5,146,3,47,2,99,0,0,2,235,3,13,2,248,California
Mariposa,2021-01-07,49,195,47,94,2,101,0,0,2,190,47,60,2,250,California
Mariposa,2021-01-08,109,304,81,175,28,129,0,0,33,147,76,136,33,283,California
Mariposa,2021-01-09,1,305,0,175,1,130,0,0,1,148,0,136,1,284,California
Mariposa,2021-01-11,24,329,3,178,21,151,0,0,22,168,2,138,22,306,California
Mariposa,2021-01-12,21,350,3,181,18,169,0,0,18,183,3,141,18,324,California
Mariposa,2021-01-13,22,372,1,182,21,190,0,0,21,203,1,142,21,345,California
Mariposa,2021-01-14,94,466,1,183,93,283,0,0,94,297,0,142,94,439,California
Mariposa,2021-01-15,47,513,2,185,45,328,0,0,45,340,2,144,45,484,California
Mariposa,2021-01-16,19,532,2,187,17,345,0,0,18,357,1,145,18,502,California
Mariposa,2021-01-17,2,534,0,187,2,347,0,0,2,359,0,145,2,504,California
Mariposa,2021-01-18,2,536,2,189,0,347,0,0,1,359,1,146,1,505,California
Mariposa,2021-01-19,1,537,0,189,1,348,0,0,1,360,0,146,1,506,California
Mariposa,2021-01-20,26,563,0,189,26,374,0,0,26,386,0,146,26,532,California
Mariposa,2021-01-21,87,650,1,190,86,460,0,0,87,473,0,146,87,619,California
Mariposa,2021-01-22,77,727,1,191,76,536,0,0,77,550,0,146,77,696,California
Mariposa,2021-01-23,125,852,0,191,125,661,0,0,123,673,0,146,123,819,California
Mariposa,2021-01-25,3,855,1,192,2,663,0,0,0,670,3,149,0,819,California
Mariposa,2021-01-26,32,887,2,194,30,693,0,0,3,648,29,178,7,826,California
Mariposa,2021-01-27,34,921,1,195,33,726,0,0,26,666,8,186,26,852,California
Mariposa,2021-01-28,150,1071,2,197,148,874,0,0,136,789,13,199,136,988,California
Mariposa,2021-01-29,58,1129,0,197,58,932,0,0,58,847,0,199,58,1046,California
Mariposa,2021-01-30,3,1132,1,198,2,934,0,0,2,848,1,200,2,1048,California
Mariposa,2021-01-31,1,1133,0,198,1,935,0,0,1,849,0,200,1,1049,California
Mariposa,2021-02-01,55,1188,0,198,55,990,0,0,48,890,7,207,48,1097,California
Mariposa,2021-02-02,8,1196,0,198,8,998,0,0,2,886,6,213,2,1099,California
Mariposa,2021-02-03,26,1222,1,199,25,1023,0,0,22,904,4,217,22,1121,California
Mariposa,2021-02-04,115,1337,7,206,108,1131,0,0,108,1009,4,221,109,1230,California
Mariposa,2021-02-05,239,1576,4,210,235,1366,0,0,217,1204,22,243,217,1447,California
Mariposa,2021-02-06,2,1578,1,211,1,1367,0,0,1,1204,1,244,1,1448,California
Mariposa,2021-02-08,39,1617,1,212,38,1405,0,0,20,1205,19,263,20,1468,California
Mariposa,2021-02-09,11,1628,3,215,8,1413,0,0,6,1206,5,268,6,1474,California
Mariposa,2021-02-10,17,1645,1,216,16,1429,0,0,9,1213,8,276,15,1489,California
Mariposa,2021-02-11,378,2023,4,220,374,1803,0,0,367,1573,9,285,369,1858,California
Mariposa,2021-02-12,174,2197,1,221,173,1976,0,0,130,1659,44,329,130,1988,California
Mariposa,2021-02-13,5,2202,3,224,2,1978,0,0,4,1662,1,330,4,1992,California
Mariposa,2021-02-14,5,2207,2,226,3,1981,0,0,4,1665,1,331,4,1996,California
Mariposa,2021-02-15,8,2215,2,228,6,1987,0,0,7,1671,1,332,7,2003,California
Mariposa,2021-02-16,20,2235,2,230,18,2005,0,0,19,1689,1,333,19,2022,California
Mariposa,2021-02-17,19,2254,1,231,18,2023,0,0,15,1701,3,336,15,2037,California
Mariposa,2021-02-18,55,2309,2,233,53,2076,0,0,12,1670,43,379,12,2049,California
Mariposa,2021-02-19,75,2384,0,233,75,2151,0,0,74,1743,1,380,74,2123,California
Mariposa,2021-02-20,253,2637,4,237,249,2400,0,0,221,1933,31,411,221,2344,California
Mariposa,2021-02-21,230,2867,2,239,228,2628,0,0,229,2161,1,412,229,2573,California
Mariposa,2021-02-22,14,2881,2,241,12,2640,0,0,14,2175,0,412,14,2587,California
Mariposa,2021-02-23,5,2886,2,243,3,2643,0,0,4,2178,1,413,4,2591,California
Mariposa,2021-02-24,18,2904,1,244,17,2660,0,0,2,2164,16,429,2,2593,California
Mariposa,2021-02-25,5,2909,3,247,2,2662,0,0,2,2163,3,432,2,2595,California
Mariposa,2021-02-26,409,3318,2,249,407,3069,0,0,351,2457,58,490,352,2947,California
Mariposa,2021-02-27,153,3471,3,252,150,3219,0,0,150,2604,3,493,150,3097,California
Mariposa,2021-02-28,2,3473,1,253,1,3220,0,0,0,2602,2,495,0,3097,California
Mariposa,2021-03-01,54,3527,1,254,53,3273,0,0,6,2560,48,543,6,3103,California
Mariposa,2021-03-02,6,3533,5,259,1,3274,0,0,3,2560,3,546,3,3106,California
Mariposa,2021-03-03,65,3598,1,260,64,3338,0,0,63,2621,2,548,63,3169,California
Mariposa,2021-03-04,15,3613,5,265,10,3348,0,0,8,2622,7,555,8,3177,California
Mariposa,2021-03-05,40,3653,6,271,34,3382,0,0,33,2652,7,562,37,3214,California
Mariposa,2021-03-06,4,3657,2,273,2,3384,0,0,4,2656,0,562,4,3218,California
Mariposa,2021-03-08,36,3693,3,276,22,3406,11,11,7,2645,29,591,18,3236,California
Mariposa,2021-03-09,24,3717,2,278,12,3418,10,21,9,2649,15,606,19,3255,California
Mariposa,2021-03-10,15,3732,1,279,4,3422,10,31,3,2650,12,618,13,3268,California
Mariposa,2021-03-11,455,4187,5,284,432,3854,18,49,219,2655,235,853,240,3508,California
Mariposa,2021-03-12,238,4425,3,287,206,4060,29,78,104,2654,134,987,133,3641,California
Mariposa,2021-03-13,25,4450,3,290,7,4067,15,93,6,2656,18,1005,20,3661,California
Mariposa,2021-03-14,17,4467,2,292,4,4071,11,104,3,2656,14,1019,14,3675,California
Mariposa,2021-03-15,75,4542,6,298,31,4102,38,142,31,2681,44,1063,69,3744,California
Mariposa,2021-03-16,44,4586,5,303,5,4107,34,176,7,2685,37,1100,41,3785,California
Mariposa,2021-03-17,52,4638,4,307,42,4149,6,182,44,2728,8,1108,51,3836,California
Mariposa,2021-03-18,45,4683,5,312,31,4180,9,191,33,2758,12,1120,42,3878,California
Mariposa,2021-03-19,331,5014,4,316,318,4498,9,200,297,3030,34,1154,306,4184,California
Mariposa,2021-03-20,418,5432,4,320,413,4911,1,201,46,2707,372,1526,49,4233,California
Mariposa,2021-03-21,8,5440,7,327,0,4911,1,202,5,2710,3,1529,6,4239,California
Mariposa,2021-03-22,33,5473,3,330,19,4930,11,213,21,2731,12,1541,33,4272,California
Mariposa,2021-03-23,21,5494,3,333,4,4934,14,227,3,2730,18,1559,17,4289,California
Mariposa,2021-03-24,49,5543,1,334,46,4980,2,229,47,2777,2,1561,49,4338,California
Mariposa,2021-03-25,58,5601,7,341,43,5023,8,237,46,2819,12,1573,54,4392,California
Mariposa,2021-03-26,471,6072,7,348,462,5485,2,239,243,2836,228,1801,245,4637,California
Mariposa,2021-03-27,213,6285,3,351,210,5695,0,239,85,2794,128,1929,86,4723,California
Mariposa,2021-03-28,4,6289,0,351,1,5696,3,242,0,2793,4,1933,3,4726,California
Mariposa,2021-03-29,12,6301,2,353,10,5706,0,242,7,2795,5,1938,7,4733,California
Mariposa,2021-03-30,19,6320,1,354,2,5708,16,258,1,2794,18,1956,17,4750,California
Mariposa,2021-03-31,71,6391,5,359,65,5773,1,259,61,2846,10,1966,62,4812,California
Mariposa,2021-04-01,6,6397,2,361,3,5776,1,260,2,2845,4,1970,3,4815,California
Mariposa,2021-04-02,32,6429,4,365,27,5803,1,261,9,2832,23,1993,10,4825,California
Mariposa,2021-04-03,5,6434,3,368,2,5805,0,261,3,2833,2,1995,3,4828,California
Mariposa,2021-04-04,2,6436,1,369,0,5805,1,262,0,2832,2,1997,1,4829,California
Mariposa,2021-04-05,12,6448,8,377,2,5807,2,264,5,2832,7,2004,7,4836,California
Mariposa,2021-04-06,25,6473,9,386,2,5809,14,278,2,2826,22,2026,16,4852,California
Mariposa,2021-04-07,24,6497,3,389,5,5814,16,294,0,2818,24,2050,16,4868,California
Mariposa,2021-04-08,31,6528,6,395,7,5821,18,312,7,2819,24,2074,25,4893,California
Mariposa,2021-04-09,25,6553,7,402,6,5827,12,324,6,2818,19,2093,18,4911,California
Mariposa,2021-04-10,9,6562,0,402,1,5828,8,332,0,2816,9,2102,7,4918,California
Mariposa,2021-04-11,6,6568,4,406,2,5830,0,332,1,2812,5,2107,1,4919,California
Mariposa,2021-04-12,29,6597,5,411,23,5853,1,333,4,2792,25,2132,5,4924,California
Mariposa,2021-04-13,5,6602,2,413,3,5856,0,333,2,2791,3,2135,2,4926,California
Mariposa,2021-04-14,7,6609,3,416,4,5860,0,333,4,2792,3,2138,4,4930,California
Mariposa,2021-04-15,10,6619,5,421,5,5865,0,333,6,2794,4,2142,6,4936,California
Mariposa,2021-04-16,34,6653,4,425,30,5895,0,333,11,2782,23,2165,11,4947,California
Mariposa,2021-04-17,1,6654,1,426,0,5895,0,333,1,2783,0,2165,1,4948,California
Mendocino,2020-12-17,70,70,70,70,0,0,0,0,70,70,0,0,70,70,California
Mendocino,2020-12-18,85,155,84,154,1,1,0,0,84,154,0,0,84,154,California
Mendocino,2020-12-19,4,159,4,158,0,1,0,0,4,158,0,0,4,158,California
Mendocino,2020-12-20,7,166,7,165,0,1,0,0,7,165,0,0,7,165,California
Mendocino,2020-12-21,245,411,245,410,0,1,0,0,77,242,0,0,77,242,California
Mendocino,2020-12-22,250,661,189,599,61,62,0,0,250,492,0,0,250,492,California
Mendocino,2020-12-23,270,931,47,646,223,285,0,0,269,761,0,0,269,761,California
Mendocino,2020-12-24,49,980,8,654,41,326,0,0,49,810,0,0,49,810,California
Mendocino,2020-12-25,1,981,0,654,1,327,0,0,1,811,0,0,1,811,California
Mendocino,2020-12-26,2,983,2,656,0,327,0,0,2,813,0,0,2,813,California
Mendocino,2020-12-27,1,984,0,656,1,328,0,0,1,814,0,0,1,814,California
Mendocino,2020-12-28,74,1058,9,665,65,393,0,0,74,888,0,0,74,888,California
Mendocino,2020-12-29,121,1179,61,726,60,453,0,0,121,1009,0,0,121,1009,California
Mendocino,2020-12-30,123,1302,68,794,55,508,0,0,123,1132,0,0,123,1132,California
Mendocino,2020-12-31,130,1432,95,889,35,543,0,0,130,1262,0,0,130,1262,California
Mendocino,2021-01-01,6,1438,4,893,2,545,0,0,6,1268,0,0,6,1268,California
Mendocino,2021-01-02,1,1439,1,894,0,545,0,0,1,1269,0,0,1,1269,California
Mendocino,2021-01-04,840,2279,19,913,821,1366,0,0,840,2109,0,0,840,2109,California
Mendocino,2021-01-05,71,2350,35,948,36,1402,0,0,58,2154,13,13,58,2167,California
Mendocino,2021-01-06,151,2501,129,1077,22,1424,0,0,141,2285,10,23,141,2308,California
Mendocino,2021-01-07,355,2856,235,1312,120,1544,0,0,292,2514,63,86,292,2600,California
Mendocino,2021-01-08,95,2951,82,1394,13,1557,0,0,41,2502,54,140,42,2642,California
Mendocino,2021-01-09,10,2961,6,1400,4,1561,0,0,8,2508,2,142,8,2650,California
Mendocino,2021-01-10,8,2969,8,1408,0,1561,0,0,1,2502,7,149,1,2651,California
Mendocino,2021-01-11,101,3070,92,1500,9,1570,0,0,43,2488,57,206,43,2694,California
Mendocino,2021-01-12,386,3456,376,1876,10,1580,0,0,270,2642,116,322,270,2964,California
Mendocino,2021-01-13,481,3937,144,2020,337,1917,0,0,441,3046,38,360,442,3406,California
Mendocino,2021-01-14,636,4573,20,2040,616,2533,0,0,627,3664,9,369,627,4033,California
Mendocino,2021-01-15,1857,6430,859,2899,998,3531,0,0,1853,5513,4,373,1853,5886,California
Mendocino,2021-01-16,791,7221,50,2949,741,4272,0,0,789,6300,2,375,789,6675,California
Mendocino,2021-01-17,554,7775,1,2950,553,4825,0,0,553,6852,1,376,553,7228,California
Mendocino,2021-01-18,488,8263,463,3413,25,4850,0,0,476,7316,12,388,476,7704,California
Mendocino,2021-01-19,332,8595,147,3560,185,5035,0,0,156,7296,176,564,156,7860,California
Mendocino,2021-01-20,552,9147,405,3965,147,5182,0,0,446,7639,104,668,447,8307,California
Mendocino,2021-01-21,535,9682,222,4187,313,5495,0,0,351,7807,183,851,351,8658,California
Mendocino,2021-01-22,149,9831,58,4245,91,5586,0,0,110,7878,39,890,110,8768,California
Mendocino,2021-01-23,155,9986,83,4328,72,5658,0,0,149,8021,6,896,149,8917,California
Mendocino,2021-01-24,5,9991,3,4331,2,5660,0,0,5,8026,0,896,5,8922,California
Mendocino,2021-01-25,191,10182,18,4349,173,5833,0,0,121,8077,70,966,121,9043,California
Mendocino,2021-01-26,155,10337,57,4406,98,5931,0,0,95,8112,60,1026,95,9138,California
Mendocino,2021-01-27,431,10768,361,4767,70,6001,0,0,173,8034,251,1277,173,9311,California
Mendocino,2021-01-28,585,11353,521,5288,64,6065,0,0,491,8431,94,1371,491,9802,California
Mendocino,2021-01-29,389,11742,348,5636,41,6106,0,0,360,8763,29,1400,361,10163,California
Mendocino,2021-01-30,48,11790,30,5666,18,6124,0,0,41,8797,7,1407,41,10204,California
Mendocino,2021-01-31,273,12063,2,5668,271,6395,0,0,3,8530,270,1677,3,10207,California
Mendocino,2021-02-01,380,12443,52,5720,328,6723,0,0,57,8264,323,2000,57,10264,California
Mendocino,2021-02-02,720,13163,501,6221,219,6942,0,0,362,8268,358,2358,362,10626,California
Mendocino,2021-02-03,389,13552,205,6426,184,7126,0,0,220,8321,167,2525,220,10846,California
Mendocino,2021-02-04,625,14177,529,6955,96,7222,0,0,501,8698,124,2649,501,11347,California
Mendocino,2021-02-05,1299,15476,1212,8167,87,7309,0,0,584,8568,714,3363,584,11931,California
Mendocino,2021-02-06,558,16034,157,8324,401,7710,0,0,543,9096,15,3378,543,12474,California
Mendocino,2021-02-07,31,16065,27,8351,4,7714,0,0,31,9127,0,3378,31,12505,California
Mendocino,2021-02-08,745,16810,714,9065,31,7745,0,0,284,8950,461,3839,284,12789,California
Mendocino,2021-02-09,141,16951,58,9123,83,7828,0,0,89,8987,52,3891,89,12878,California
Mendocino,2021-02-10,1481,18432,921,10044,560,8388,0,0,743,8998,732,4623,743,13621,California
Mendocino,2021-02-11,1133,19565,209,10253,924,9312,0,0,285,8435,848,5471,285,13906,California
Mendocino,2021-02-12,1401,20966,158,10411,1243,10555,0,0,636,8307,764,6235,636,14542,California
Mendocino,2021-02-13,495,21461,12,10423,483,11038,0,0,102,8022,392,6627,107,14649,California
Mendocino,2021-02-14,694,22155,3,10426,691,11729,0,0,134,7596,560,7187,134,14783,California
Mendocino,2021-02-15,329,22484,43,10469,286,12015,0,0,174,7615,155,7342,174,14957,California
Mendocino,2021-02-16,201,22685,51,10520,150,12165,0,0,131,7676,70,7412,131,15088,California
Mendocino,2021-02-17,1349,24034,1187,11707,162,12327,0,0,877,8083,470,7882,877,15965,California
Mendocino,2021-02-18,1780,25814,639,12346,1141,13468,0,0,1215,8734,564,8446,1215,17180,California
Mendocino,2021-02-19,748,26562,146,12492,602,14070,0,0,609,9204,139,8585,609,17789,California
Mendocino,2021-02-20,571,27133,545,13037,26,14096,0,0,541,9717,28,8613,541,18330,California
Mendocino,2021-02-21,326,27459,5,13042,321,14417,0,0,314,10020,11,8624,314,18644,California
Mendocino,2021-02-22,162,27621,30,13072,132,14549,0,0,70,9999,91,8715,70,18714,California
Mendocino,2021-02-23,669,28290,657,13729,12,14561,0,0,610,10551,58,8773,610,19324,California
Mendocino,2021-02-24,1838,30128,1759,15488,79,14640,0,0,1429,11577,405,9178,1431,20755,California
Mendocino,2021-02-25,1702,31830,531,16019,1171,15811,0,0,1285,12446,416,9594,1285,22040,California
Mendocino,2021-02-26,1398,33228,746,16765,652,16463,0,0,1036,13122,360,9954,1036,23076,California
Mendocino,2021-02-27,198,33426,150,16915,48,16511,0,0,77,13079,120,10074,77,23153,California
Mendocino,2021-02-28,33,33459,11,16926,22,16533,0,0,23,13092,10,10084,23,23176,California
Mendocino,2021-03-01,575,34034,532,17458,43,16576,0,0,538,13593,37,10121,538,23714,California
Mendocino,2021-03-02,70,34104,24,17482,46,16622,0,0,41,13606,28,10149,41,23755,California
Mendocino,2021-03-03,1697,35801,1325,18807,372,16994,0,0,1067,14044,629,10778,1067,24822,California
Mendocino,2021-03-04,1767,37568,146,18953,1621,18615,0,0,1550,15380,215,10993,1551,26373,California
Mendocino,2021-03-05,205,37773,144,19097,52,18667,9,9,116,15418,87,11080,125,26498,California
Mendocino,2021-03-06,241,38014,20,19117,196,18863,25,34,201,15605,39,11119,226,26724,California
Mendocino,2021-03-07,503,38517,6,19123,477,19340,20,54,116,15354,386,11505,135,26859,California
Mendocino,2021-03-08,124,38641,29,19152,59,19399,36,90,64,15396,58,11563,100,26959,California
Mendocino,2021-03-09,441,39082,224,19376,176,19575,41,131,346,15688,95,11658,387,27346,California
Mendocino,2021-03-10,1108,40190,978,20354,64,19639,66,197,267,15185,839,12497,336,27682,California
Mendocino,2021-03-11,821,41011,611,20965,157,19796,53,250,396,15211,423,12920,449,28131,California
Mendocino,2021-03-12,2012,43023,1029,21994,889,20685,94,344,1210,15719,796,13716,1304,29435,California
Mendocino,2021-03-13,653,43676,524,22518,72,20757,57,401,97,15321,552,14268,154,29589,California
Mendocino,2021-03-14,103,43779,2,22520,94,20851,7,408,11,15250,89,14357,18,29607,California
Mendocino,2021-03-15,597,44376,52,22572,488,21339,57,465,208,15127,388,14745,265,29872,California
Mendocino,2021-03-16,570,44946,373,22945,152,21491,45,510,139,14882,429,15174,184,30056,California
Mendocino,2021-03-17,1562,46508,1359,24304,56,21547,147,657,214,13905,1345,16519,368,30424,California
Mendocino,2021-03-18,1306,47814,248,24552,1020,22567,38,695,284,13212,1014,17533,321,30745,California
Mendocino,2021-03-19,1757,49571,858,25410,838,23405,61,756,337,12196,1416,18949,400,31145,California
Mendocino,2021-03-20,70,49641,11,25421,38,23443,21,777,14,12175,56,19005,35,31180,California
Mendocino,2021-03-21,9,49650,1,25422,3,23446,5,782,4,12179,5,19010,9,31189,California
Mendocino,2021-03-22,623,50273,579,26001,15,23461,29,811,146,11880,473,19483,174,31363,California
Mendocino,2021-03-23,167,50440,34,26035,103,23564,30,841,117,11977,50,19533,147,31510,California
Mendocino,2021-03-24,901,51341,828,26863,26,23590,47,888,114,11353,785,20318,161,31671,California
Mendocino,2021-03-25,1974,53315,51,26914,1904,25494,19,907,165,9730,1806,22124,183,31854,California
Mendocino,2021-03-26,508,53823,360,27274,123,25617,25,932,329,9905,179,22303,354,32208,California
Mendocino,2021-03-27,141,53964,12,27286,118,25735,11,943,82,9939,58,22361,92,32300,California
Mendocino,2021-03-28,26,53990,5,27291,17,25752,4,947,4,9925,22,22383,8,32308,California
Mendocino,2021-03-29,187,54177,98,27389,47,25799,42,989,96,9972,91,22474,138,32446,California
Mendocino,2021-03-30,683,54860,598,27987,48,25847,37,1026,420,10167,262,22736,457,32903,California
Mendocino,2021-03-31,862,55722,270,28257,533,26380,59,1085,412,10190,448,23184,471,33374,California
Mendocino,2021-04-01,1692,57414,394,28651,1220,27600,78,1163,378,9338,1307,24491,455,33829,California
Mendocino,2021-04-02,1284,58698,1056,29707,155,27755,73,1236,224,8578,1057,25548,297,34126,California
Mendocino,2021-04-03,704,59402,7,29714,676,28431,21,1257,88,8075,612,26160,109,34235,California
Mendocino,2021-04-04,68,59470,33,29747,29,28460,6,1263,53,8119,15,26175,59,34294,California
Mendocino,2021-04-05,199,59669,133,29880,42,28502,24,1287,124,8190,75,26250,146,34440,California
Mendocino,2021-04-06,381,60050,121,30001,179,28681,81,1368,106,8102,275,26525,187,34627,California
Mendocino,2021-04-07,470,60520,166,30167,64,28745,240,1608,115,8102,354,26879,354,34981,California
Mendocino,2021-04-08,1475,61995,908,31075,460,29205,107,1715,993,8727,476,27355,1101,36082,California
Mendocino,2021-04-09,749,62744,426,31501,169,29374,154,1869,394,8921,354,27709,548,36630,California
Mendocino,2021-04-10,141,62885,90,31591,6,29380,45,1914,86,8997,55,27764,131,36761,California
Mendocino,2021-04-11,121,63006,47,31638,18,29398,56,1970,58,9048,63,27827,114,36875,California
Mendocino,2021-04-12,469,63475,372,32010,43,29441,54,2024,299,9231,170,27997,353,37228,California
Mendocino,2021-04-13,283,63758,223,32233,60,29501,0,2024,219,9386,64,28061,219,37447,California
Mendocino,2021-04-14,371,64129,293,32526,78,29579,0,2024,275,9567,96,28157,277,37724,California
Mendocino,2021-04-15,599,64728,326,32852,273,29852,0,2024,386,9744,210,28367,387,38111,California
Mendocino,2021-04-16,107,64835,36,32888,71,29923,0,2024,64,9767,41,28408,64,38175,California
Mendocino,2021-04-17,21,64856,10,32898,11,29934,0,2024,16,9779,4,28412,16,38191,California
Merced,2020-12-16,3,3,3,3,0,0,0,0,3,3,0,0,3,3,California
Merced,2020-12-17,5,8,5,8,0,0,0,0,5,8,0,0,5,8,California
Merced,2020-12-18,145,153,145,153,0,0,0,0,145,153,0,0,145,153,California
Merced,2020-12-19,39,192,39,192,0,0,0,0,39,192,0,0,39,192,California
Merced,2020-12-20,17,209,17,209,0,0,0,0,17,209,0,0,17,209,California
Merced,2020-12-21,129,338,126,335,3,3,0,0,129,338,0,0,129,338,California
Merced,2020-12-22,162,500,162,497,0,3,0,0,162,500,0,0,162,500,California
Merced,2020-12-23,305,805,290,787,15,18,0,0,305,805,0,0,305,805,California
Merced,2020-12-24,71,876,71,858,0,18,0,0,71,876,0,0,71,876,California
Merced,2020-12-25,5,881,5,863,0,18,0,0,5,881,0,0,5,881,California
Merced,2020-12-26,7,888,4,867,3,21,0,0,7,888,0,0,7,888,California
Merced,2020-12-27,12,900,11,878,1,22,0,0,12,900,0,0,12,900,California
Merced,2020-12-28,124,1024,100,978,24,46,0,0,124,1024,0,0,124,1024,California
Merced,2020-12-29,189,1213,135,1113,54,100,0,0,189,1213,0,0,189,1213,California
Merced,2020-12-30,239,1452,93,1206,146,246,0,0,238,1451,0,0,238,1451,California
Merced,2020-12-31,126,1578,39,1245,87,333,0,0,123,1574,0,0,123,1574,California
Merced,2021-01-01,1,1579,0,1245,1,334,0,0,1,1575,0,0,1,1575,California
Merced,2021-01-02,128,1707,117,1362,11,345,0,0,129,1704,0,0,129,1704,California
Merced,2021-01-03,9,1716,5,1367,4,349,0,0,9,1713,0,0,9,1713,California
Merced,2021-01-04,84,1800,41,1408,43,392,0,0,84,1797,0,0,84,1797,California
Merced,2021-01-05,319,2119,230,1638,89,481,0,0,320,2113,6,6,322,2119,California
Merced,2021-01-06,271,2390,97,1735,174,655,0,0,266,2373,6,12,266,2385,California
Merced,2021-01-07,190,2580,79,1814,111,766,0,0,191,2553,11,23,191,2576,California
Merced,2021-01-08,535,3115,393,2207,142,908,0,0,390,2792,151,174,390,2966,California
Merced,2021-01-09,23,3138,10,2217,13,921,0,0,17,2803,6,180,17,2983,California
Merced,2021-01-10,10,3148,6,2223,4,925,0,0,6,2805,4,184,6,2989,California
Merced,2021-01-11,246,3394,170,2393,76,1001,0,0,119,2799,126,310,120,3109,California
Merced,2021-01-12,311,3705,161,2554,150,1151,0,0,258,3001,56,366,258,3367,California
Merced,2021-01-13,450,4155,232,2786,218,1369,0,0,237,3033,207,573,239,3606,California
Merced,2021-01-14,353,4508,213,2999,140,1509,0,0,182,3047,170,743,184,3790,California
Merced,2021-01-15,684,5192,148,3147,536,2045,0,0,661,3671,39,782,663,4453,California
Merced,2021-01-16,242,5434,151,3298,91,2136,0,0,237,3903,5,787,237,4690,California
Merced,2021-01-17,48,5482,11,3309,37,2173,0,0,47,3949,1,788,47,4737,California
Merced,2021-01-18,329,5811,155,3464,174,2347,0,0,307,4237,22,810,310,5047,California
Merced,2021-01-19,731,6542,582,4046,149,2496,0,0,549,4608,182,992,553,5600,California
Merced,2021-01-20,593,7135,484,4530,109,2605,0,0,528,5074,65,1057,531,6131,California
Merced,2021-01-21,1059,8194,686,5216,373,2978,0,0,957,5931,103,1160,960,7091,California
Merced,2021-01-22,1392,9586,709,5925,683,3661,0,0,1368,7285,26,1186,1380,8471,California
Merced,2021-01-23,307,9893,185,6110,122,3783,0,0,203,7382,106,1292,203,8674,California
Merced,2021-01-24,34,9927,16,6126,18,3801,0,0,25,7399,8,1300,25,8699,California
Merced,2021-01-25,779,10706,269,6395,510,4311,0,0,702,8042,59,1359,702,9401,California
Merced,2021-01-26,944,11650,480,6875,464,4775,0,0,687,8520,210,1569,688,10089,California
Merced,2021-01-27,1030,12680,583,7458,447,5222,0,0,840,9197,163,1732,840,10929,California
Merced,2021-01-28,1203,13883,587,8045,616,5838,0,0,1044,10107,135,1867,1045,11974,California
Merced,2021-01-29,907,14790,339,8384,568,6406,0,0,650,10515,244,2111,652,12626,California
Merced,2021-01-30,286,15076,27,8411,259,6665,0,0,270,10769,16,2127,270,12896,California
Merced,2021-01-31,46,15122,10,8421,36,6701,0,0,45,10813,1,2128,45,12941,California
Merced,2021-02-01,376,15498,52,8473,324,7025,0,0,324,11086,51,2179,324,13265,California
Merced,2021-02-02,292,15790,180,8653,112,7137,0,0,173,11143,117,2296,174,13439,California
Merced,2021-02-03,393,16183,69,8722,324,7461,0,0,198,11146,195,2491,198,13637,California
Merced,2021-02-04,429,16612,158,8880,271,7732,0,0,273,11267,153,2644,274,13911,California
Merced,2021-02-05,625,17237,215,9095,410,8142,0,0,324,11305,288,2932,326,14237,California
Merced,2021-02-06,443,17680,248,9343,195,8337,0,0,270,11405,171,3103,271,14508,California
Merced,2021-02-07,20,17700,12,9355,8,8345,0,0,13,11411,7,3110,13,14521,California
Merced,2021-02-08,319,18019,217,9572,102,8447,0,0,179,11454,137,3247,180,14701,California
Merced,2021-02-09,1279,19298,963,10535,316,8763,0,0,806,11805,456,3703,807,15508,California
Merced,2021-02-10,1919,21217,1432,11967,487,9250,0,0,1334,12562,577,4280,1334,16842,California
Merced,2021-02-11,2607,23824,2039,14006,568,9818,0,0,1856,13673,745,5025,1856,18698,California
Merced,2021-02-12,1890,25714,1061,15067,829,10647,0,0,836,13468,1042,6067,837,19535,California
Merced,2021-02-13,363,26077,202,15269,161,10808,0,0,267,13641,96,6163,269,19804,California
Merced,2021-02-14,117,26194,27,15296,90,10898,0,0,95,13715,22,6185,96,19900,California
Merced,2021-02-15,272,26466,40,15336,232,11130,0,0,169,13787,98,6283,170,20070,California
Merced,2021-02-16,1292,27758,865,16201,427,11557,0,0,865,14248,407,6690,868,20938,California
Merced,2021-02-17,1945,29703,1676,17877,269,11826,0,0,1368,15053,565,7255,1370,22308,California
Merced,2021-02-18,1315,31018,854,18731,461,12287,0,0,457,14679,831,8086,457,22765,California
Merced,2021-02-19,1324,32342,438,19169,886,13173,0,0,573,14509,745,8831,575,23340,California
Merced,2021-02-20,274,32616,31,19200,243,13416,0,0,141,14518,132,8963,141,23481,California
Merced,2021-02-21,74,32690,59,19259,15,13431,0,0,30,14504,44,9007,30,23511,California
Merced,2021-02-22,924,33614,375,19634,549,13980,0,0,578,14737,345,9352,578,24089,California
Merced,2021-02-23,1181,34795,487,20121,694,14674,0,0,734,15028,443,9795,734,24823,California
Merced,2021-02-24,850,35645,301,20422,549,15223,0,0,465,15118,375,10170,465,25288,California
Merced,2021-02-25,1957,37602,991,21413,966,16189,0,0,1478,16133,464,10634,1479,26767,California
Merced,2021-02-26,2354,39956,1506,22919,848,17037,0,0,1927,17632,429,11063,1928,28695,California
Merced,2021-02-27,2897,42853,1309,24228,1587,18624,1,1,2586,19912,307,11370,2587,31282,California
Merced,2021-02-28,332,43185,70,24298,262,18886,0,1,286,20154,44,11414,286,31568,California
Merced,2021-03-01,1190,44375,277,24575,913,19799,0,1,858,20685,327,11741,858,32426,California
Merced,2021-03-02,1807,46182,917,25492,890,20689,0,1,1404,21702,387,12128,1404,33830,California
Merced,2021-03-03,2371,48553,1826,27318,544,21233,1,2,1575,22518,761,12889,1577,35407,California
Merced,2021-03-04,3106,51659,2437,29755,667,21900,2,4,2217,23766,971,13860,2219,37626,California
Merced,2021-03-05,2486,54145,1537,31292,926,22826,23,27,1870,25075,585,14445,1894,39520,California
Merced,2021-03-06,1285,55430,748,32040,515,23341,22,49,1009,25828,278,14723,1031,40551,California
Merced,2021-03-07,282,55712,62,32102,195,23536,25,74,253,26077,29,14752,278,40829,California
Merced,2021-03-08,1266,56978,624,32726,577,24113,65,139,1053,26981,213,14965,1117,41946,California
Merced,2021-03-09,1757,58735,1036,33762,608,24721,113,252,1160,27662,593,15558,1274,43220,California
Merced,2021-03-10,2914,61649,2020,35782,680,25401,214,466,1829,28628,1082,16640,2048,45268,California
Merced,2021-03-11,2003,63652,696,36478,1100,26501,207,673,1380,29673,565,17205,1610,46878,California
Merced,2021-03-12,2506,66158,1143,37621,1093,27594,270,943,1741,30932,763,17968,2022,48900,California
Merced,2021-03-13,778,66936,369,37990,167,27761,242,1185,469,31343,301,18269,712,49612,California
Merced,2021-03-14,248,67184,135,38125,83,27844,30,1215,150,31427,97,18366,181,49793,California
Merced,2021-03-15,1582,68766,522,38647,795,28639,265,1480,1052,32221,522,18888,1316,51109,California
Merced,2021-03-16,1608,70374,834,39481,551,29190,223,1703,1052,33013,483,19371,1275,52384,California
Merced,2021-03-17,2264,72638,1310,40791,772,29962,182,1885,1736,34477,457,19828,1921,54305,California
Merced,2021-03-18,2129,74767,1212,42003,758,30720,159,2044,1492,35491,648,20476,1662,55967,California
Merced,2021-03-19,3166,77933,1867,43870,1105,31825,194,2238,1746,36037,1397,21873,1943,57910,California
Merced,2021-03-20,2686,80619,1751,45621,538,32363,397,2635,1179,36115,1501,23374,1579,59489,California
Merced,2021-03-21,674,81293,342,45963,319,32682,13,2648,555,36566,119,23493,570,60059,California
Merced,2021-03-22,1361,82654,716,46679,561,33243,84,2732,971,37240,382,23875,1056,61115,California
Merced,2021-03-23,1953,84607,1192,47871,697,33940,64,2796,1468,38309,464,24339,1533,62648,California
Merced,2021-03-24,1412,86019,840,48711,528,34468,44,2840,1042,39036,359,24698,1086,63734,California
Merced,2021-03-25,3624,89643,2533,51244,1069,35537,22,2862,2132,39708,1485,26183,2157,65891,California
Merced,2021-03-26,2176,91819,1283,52527,860,36397,33,2895,945,39464,1222,27405,978,66869,California
Merced,2021-03-27,2950,94769,1527,54054,1355,37752,68,2963,1113,38817,1828,29233,1181,68050,California
Merced,2021-03-28,575,95344,208,54262,360,38112,7,2970,252,38755,323,29556,261,68311,California
Merced,2021-03-29,1656,97000,458,54720,951,39063,247,3217,663,38682,987,30543,914,69225,California
Merced,2021-03-30,2291,99291,856,55576,1377,40440,58,3275,1045,38544,1241,31784,1103,70328,California
Merced,2021-03-31,2402,101693,1658,57234,711,41151,33,3308,1046,38282,1342,33126,1080,71408,California
Merced,2021-04-01,2252,103945,1085,58319,1061,42212,106,3414,817,37778,1429,34555,925,72333,California
Merced,2021-04-02,2714,106659,751,59070,1535,43747,428,3842,962,37437,1734,36289,1393,73726,California
Merced,2021-04-03,896,107555,403,59473,483,44230,10,3852,455,37464,440,36729,467,74193,California
Merced,2021-04-04,458,108013,141,59614,314,44544,3,3855,194,37400,263,36992,199,74392,California
Merced,2021-04-05,1312,109325,535,60149,488,45032,289,4144,421,37220,890,37882,710,75102,California
Merced,2021-04-06,2502,111827,712,60861,739,45771,1051,5195,772,37315,1729,39611,1824,76926,California
Merced,2021-04-07,1792,113619,961,61822,701,46472,130,5325,608,36879,1176,40787,740,77666,California
Merced,2021-04-08,2172,115791,1017,62839,927,47399,228,5553,790,36542,1353,42140,1016,78682,California
Merced,2021-04-09,2008,117799,592,63431,701,48100,715,6268,622,36513,1369,43509,1340,80022,California
Merced,2021-04-10,800,118599,454,63885,134,48234,212,6480,172,36272,625,44134,384,80406,California
Merced,2021-04-11,486,119085,278,64163,72,48306,136,6616,148,36220,336,44470,284,80690,California
Merced,2021-04-12,1213,120298,698,64861,383,48689,132,6748,715,36601,466,44936,847,81537,California
Merced,2021-04-13,1913,122211,1338,66199,572,49261,3,6751,950,36672,885,45821,956,82493,California
Merced,2021-04-14,1642,123853,1125,67324,517,49778,0,6751,833,36820,687,46508,835,83328,California
Merced,2021-04-15,2537,126390,1998,69322,539,50317,0,6751,798,36033,1589,48097,802,84130,California
Merced,2021-04-16,1697,128087,944,70266,753,51070,0,6751,724,35826,932,49029,725,84855,California
Merced,2021-04-17,190,128277,75,70341,115,51185,0,6751,107,35851,82,49111,107,84962,California
Modoc,2020-12-16,1,1,1,1,0,0,0,0,1,1,0,0,1,1,California
Modoc,2020-12-21,100,101,100,101,0,0,0,0,100,101,0,0,100,101,California
Modoc,2020-12-22,14,115,14,115,0,0,0,0,14,115,0,0,14,115,California
Modoc,2020-12-23,4,119,4,119,0,0,0,0,4,119,0,0,4,119,California
Modoc,2020-12-24,1,120,1,120,0,0,0,0,1,120,0,0,1,120,California
Modoc,2020-12-28,2,122,2,122,0,0,0,0,2,122,0,0,2,122,California
Modoc,2020-12-29,10,132,1,123,9,9,0,0,10,132,0,0,10,132,California
Modoc,2020-12-30,7,139,0,123,7,16,0,0,7,139,0,0,7,139,California
Modoc,2021-01-02,2,141,0,123,2,18,0,0,2,141,0,0,2,141,California
Modoc,2021-01-04,8,149,0,123,8,26,0,0,8,149,0,0,8,149,California
Modoc,2021-01-05,2,151,1,124,1,27,0,0,2,151,0,0,2,151,California
Modoc,2021-01-06,3,154,2,126,1,28,0,0,2,152,1,1,2,153,California
Modoc,2021-01-07,72,226,0,126,72,100,0,0,72,224,0,1,72,225,California
Modoc,2021-01-08,105,331,0,126,105,205,0,0,105,329,0,1,105,330,California
Modoc,2021-01-10,1,332,1,127,0,205,0,0,0,328,1,2,0,330,California
Modoc,2021-01-11,91,423,82,209,9,214,0,0,19,275,72,74,19,349,California
Modoc,2021-01-12,94,517,25,234,69,283,0,0,68,317,26,100,68,417,California
Modoc,2021-01-13,24,541,4,238,20,303,0,0,22,337,2,102,22,439,California
Modoc,2021-01-14,129,670,6,244,123,426,0,0,124,456,5,107,124,563,California
Modoc,2021-01-15,6,676,1,245,5,431,0,0,6,462,0,107,6,569,California
Modoc,2021-01-16,1,677,1,246,0,431,0,0,1,463,0,107,1,570,California
Modoc,2021-01-18,1,678,1,247,0,431,0,0,1,464,0,107,1,571,California
Modoc,2021-01-19,5,683,3,250,2,433,0,0,3,465,2,109,3,574,California
Modoc,2021-01-20,11,694,1,251,10,443,0,0,11,476,0,109,11,585,California
Modoc,2021-01-21,158,852,2,253,156,599,0,0,158,634,0,109,158,743,California
Modoc,2021-01-22,2,854,0,253,2,601,0,0,2,636,0,109,2,745,California
Modoc,2021-01-25,11,865,0,253,11,612,0,0,11,647,0,109,11,756,California
Modoc,2021-01-26,65,930,1,254,64,676,0,0,65,712,0,109,65,821,California
Modoc,2021-01-27,41,971,2,256,39,715,0,0,25,721,16,125,25,846,California
Modoc,2021-01-28,144,1115,1,257,143,858,0,0,144,865,0,125,144,990,California
Modoc,2021-01-29,3,1118,1,258,2,860,0,0,3,868,0,125,3,993,California
Modoc,2021-02-01,25,1143,12,270,13,873,0,0,11,865,14,139,11,1004,California
Modoc,2021-02-02,170,1313,2,272,168,1041,0,0,167,1029,3,142,167,1171,California
Modoc,2021-02-03,18,1331,13,285,5,1046,0,0,11,1033,7,149,11,1182,California
Modoc,2021-02-04,155,1486,4,289,151,1197,0,0,27,932,128,277,27,1209,California
Modoc,2021-02-05,4,1490,3,292,1,1198,0,0,3,934,1,278,3,1212,California
Modoc,2021-02-08,9,1499,2,294,7,1205,0,0,8,941,1,279,8,1220,California
Modoc,2021-02-09,198,1697,13,307,185,1390,0,0,67,877,131,410,67,1287,California
Modoc,2021-02-10,5,1702,2,309,3,1393,0,0,4,880,1,411,4,1291,California
Modoc,2021-02-11,201,1903,3,312,198,1591,0,0,83,845,118,529,83,1374,California
Modoc,2021-02-12,5,1908,1,313,4,1595,0,0,3,846,2,531,3,1377,California
Modoc,2021-02-13,1,1909,0,313,1,1596,0,0,1,847,0,531,1,1378,California
Modoc,2021-02-16,147,2056,6,319,141,1737,0,0,143,986,4,535,143,1521,California
Modoc,2021-02-17,24,2080,1,320,23,1760,0,0,12,986,12,547,12,1533,California
Modoc,2021-02-18,189,2269,2,322,187,1947,0,0,25,849,163,710,26,1559,California
Modoc,2021-02-19,2,2271,2,324,0,1947,0,0,2,851,0,710,2,1561,California
Modoc,2021-02-20,1,2272,1,325,0,1947,0,0,1,852,0,710,1,1562,California
Modoc,2021-02-22,17,2289,9,334,8,1955,0,0,3,841,14,724,3,1565,California
Modoc,2021-02-23,20,2309,2,336,18,1973,0,0,1,823,19,743,1,1566,California
Modoc,2021-02-24,90,2399,1,337,89,2062,0,0,30,793,60,803,30,1596,California
Modoc,2021-02-25,168,2567,0,337,168,2230,0,0,12,649,156,959,12,1608,California
Modoc,2021-02-26,3,2570,0,337,3,2233,0,0,1,648,2,961,1,1609,California
Modoc,2021-02-27,5,2575,5,342,0,2233,0,0,2,647,3,964,2,1611,California
Modoc,2021-03-01,4,2579,0,342,4,2237,0,0,0,643,4,968,0,1611,California
Modoc,2021-03-02,193,2772,12,354,181,2418,0,0,26,502,167,1135,26,1637,California
Modoc,2021-03-03,12,2784,6,360,6,2424,0,0,2,494,10,1145,2,1639,California
Modoc,2021-03-04,175,2959,2,362,173,2597,0,0,148,615,27,1172,148,1787,California
Modoc,2021-03-05,4,2963,3,365,1,2598,0,0,2,615,2,1174,2,1789,California
Modoc,2021-03-06,10,2973,0,365,0,2598,10,10,0,615,10,1184,10,1799,California
Modoc,2021-03-07,6,2979,1,366,0,2598,5,15,1,616,5,1189,6,1805,California
Modoc,2021-03-08,7,2986,1,367,2,2600,4,19,1,615,6,1195,5,1810,California
Modoc,2021-03-09,127,3113,10,377,109,2709,8,27,61,618,66,1261,69,1879,California
Modoc,2021-03-10,9,3122,3,380,2,2711,4,31,4,621,5,1266,8,1887,California
Modoc,2021-03-11,207,3329,0,380,99,2810,108,139,22,566,185,1451,130,2017,California
Modoc,2021-03-12,10,3339,1,381,4,2814,5,144,4,569,6,1457,9,2026,California
Modoc,2021-03-13,4,3343,0,381,1,2815,3,147,1,570,3,1460,4,2030,California
Modoc,2021-03-15,12,3355,1,382,10,2825,1,148,10,579,2,1462,11,2041,California
Modoc,2021-03-16,173,3528,1,383,168,2993,4,152,42,493,131,1593,45,2086,California
Modoc,2021-03-17,10,3538,1,384,4,2997,5,157,2,492,8,1601,7,2093,California
Modoc,2021-03-18,67,3605,1,385,59,3056,7,164,35,502,32,1633,42,2135,California
Modoc,2021-03-19,5,3610,0,385,0,3056,5,169,0,502,5,1638,5,2140,California
Modoc,2021-03-20,6,3616,2,387,1,3057,3,172,1,501,5,1643,4,2144,California
Modoc,2021-03-21,4,3620,1,388,1,3058,2,174,2,503,2,1645,4,2148,California
Modoc,2021-03-22,18,3638,1,389,11,3069,6,180,12,515,6,1651,18,2166,California
Modoc,2021-03-23,33,3671,5,394,25,3094,3,183,25,535,8,1659,28,2194,California
Modoc,2021-03-24,29,3700,1,395,18,3112,10,193,2,520,27,1686,12,2206,California
Modoc,2021-03-25,64,3764,1,396,61,3173,2,195,32,522,32,1718,34,2240,California
Modoc,2021-03-26,7,3771,2,398,2,3175,3,198,2,522,5,1723,5,2245,California
Modoc,2021-03-27,2,3773,0,398,1,3176,1,199,1,523,1,1724,2,2247,California
Modoc,2021-03-28,2,3775,1,399,0,3176,1,200,0,522,2,1726,1,2248,California
Modoc,2021-03-29,14,3789,1,400,5,3181,8,208,5,526,9,1735,13,2261,California
Modoc,2021-03-30,57,3846,11,411,39,3220,7,215,23,522,34,1769,30,2291,California
Modoc,2021-03-31,9,3855,3,414,2,3222,4,219,3,523,6,1775,7,2298,California
Modoc,2021-04-01,170,4025,3,417,162,3384,5,224,35,428,135,1910,40,2338,California
Modoc,2021-04-02,4,4029,0,417,1,3385,3,227,0,428,3,1913,3,2341,California
Modoc,2021-04-03,4,4033,2,419,0,3385,2,229,2,430,2,1915,4,2345,California
Modoc,2021-04-05,9,4042,0,419,9,3394,0,229,9,439,0,1915,9,2354,California
Modoc,2021-04-06,24,4066,5,424,9,3403,10,239,6,437,18,1933,16,2370,California
Modoc,2021-04-07,10,4076,1,425,3,3406,6,245,2,437,8,1941,8,2378,California
Modoc,2021-04-08,97,4173,1,426,93,3499,3,248,26,395,71,2012,29,2407,California
Modoc,2021-04-09,10,4183,1,427,6,3505,3,251,2,391,8,2020,4,2411,California
Modoc,2021-04-10,6,4189,0,427,1,3506,5,256,0,390,6,2026,5,2416,California
Modoc,2021-04-11,2,4191,2,429,0,3506,0,256,1,390,1,2027,1,2417,California
Modoc,2021-04-12,14,4205,1,430,9,3515,4,260,1,384,11,2038,5,2422,California
Modoc,2021-04-13,28,4233,27,457,1,3516,0,260,21,398,7,2045,21,2443,California
Modoc,2021-04-14,1,4234,1,458,0,3516,0,260,0,397,1,2046,0,2443,California
Modoc,2021-04-15,98,4332,0,458,98,3614,0,260,25,349,73,2119,25,2468,California
Modoc,2021-04-16,5,4337,5,463,0,3614,0,260,4,352,1,2120,4,2472,California
Modoc,2021-04-17,1,4338,1,464,0,3614,0,260,1,353,0,2120,1,2473,California
Mono,2020-12-18,1,1,1,1,0,0,0,0,1,1,0,0,1,1,California
Mono,2020-12-19,5,6,5,6,0,0,0,0,5,6,0,0,5,6,California
Mono,2020-12-20,7,13,7,13,0,0,0,0,7,13,0,0,7,13,California
Mono,2020-12-21,24,37,17,30,7,7,0,0,24,37,0,0,24,37,California
Mono,2020-12-22,66,103,65,95,1,8,0,0,66,103,0,0,66,103,California
Mono,2020-12-23,70,173,42,137,28,36,0,0,70,173,0,0,70,173,California
Mono,2020-12-24,3,176,1,138,2,38,0,0,3,176,0,0,3,176,California
Mono,2020-12-26,3,179,3,141,0,38,0,0,3,179,0,0,3,179,California
Mono,2020-12-28,94,273,63,204,31,69,0,0,94,273,0,0,94,273,California
Mono,2020-12-29,29,302,29,233,0,69,0,0,29,302,0,0,29,302,California
Mono,2020-12-30,76,378,35,268,41,110,0,0,76,378,0,0,76,378,California
Mono,2020-12-31,4,382,1,269,3,113,0,0,4,382,0,0,4,382,California
Mono,2021-01-01,4,386,4,273,0,113,0,0,4,386,0,0,4,386,California
Mono,2021-01-02,1,387,1,274,0,113,0,0,1,387,0,0,1,387,California
Mono,2021-01-04,1,388,0,274,1,114,0,0,1,388,0,0,1,388,California
Mono,2021-01-05,45,433,2,276,43,157,0,0,44,431,1,1,44,432,California
Mono,2021-01-06,44,477,0,276,44,201,0,0,44,475,0,1,44,476,California
Mono,2021-01-07,55,532,3,279,52,253,0,0,54,528,1,2,54,530,California
Mono,2021-01-08,2,534,1,280,1,254,0,0,1,528,1,3,1,531,California
Mono,2021-01-09,4,538,4,284,0,254,0,0,0,524,4,7,0,531,California
Mono,2021-01-10,5,543,5,289,0,254,0,0,0,519,5,12,0,531,California
Mono,2021-01-11,7,550,4,293,3,257,0,0,3,518,4,16,3,534,California
Mono,2021-01-12,283,833,75,368,208,465,0,0,219,674,63,79,219,753,California
Mono,2021-01-13,233,1066,73,441,160,625,0,0,178,797,55,134,178,931,California
Mono,2021-01-14,73,1139,71,512,2,627,0,0,73,870,0,134,73,1004,California
Mono,2021-01-15,62,1201,2,514,60,687,0,0,62,932,0,134,62,1066,California
Mono,2021-01-16,4,1205,3,517,1,688,0,0,1,930,3,137,1,1067,California
Mono,2021-01-18,63,1268,54,571,9,697,0,0,2,871,61,198,2,1069,California
Mono,2021-01-19,209,1477,207,778,2,699,0,0,171,1005,38,236,172,1241,California
Mono,2021-01-20,230,1707,199,977,31,730,0,0,169,1113,61,297,169,1410,California
Mono,2021-01-21,3,1710,3,980,0,730,0,0,3,1116,0,297,3,1413,California
Mono,2021-01-22,4,1714,0,980,4,734,0,0,4,1120,0,297,4,1417,California
Mono,2021-01-23,596,2310,596,1576,0,734,0,0,595,1714,1,298,595,2012,California
Mono,2021-01-25,205,2515,167,1743,38,772,0,0,166,1841,39,337,166,2178,California
Mono,2021-01-26,509,3024,507,2250,2,774,0,0,504,2340,5,342,504,2682,California
Mono,2021-01-27,5,3029,1,2251,4,778,0,0,5,2345,0,342,5,2687,California
Mono,2021-01-28,7,3036,3,2254,4,782,0,0,3,2344,4,346,3,2690,California
Mono,2021-01-30,201,3237,199,2453,2,784,0,0,201,2545,0,346,201,2891,California
Mono,2021-01-31,243,3480,138,2591,105,889,0,0,139,2580,104,450,139,3030,California
Mono,2021-02-01,27,3507,27,2618,0,889,0,0,0,2553,27,477,0,3030,California
Mono,2021-02-02,5,3512,0,2618,5,894,0,0,2,2552,3,480,2,3032,California
Mono,2021-02-03,4,3516,2,2620,2,896,0,0,2,2552,2,482,2,3034,California
Mono,2021-02-04,211,3727,158,2778,53,949,0,0,90,2521,121,603,90,3124,California
Mono,2021-02-05,623,4350,617,3395,6,955,0,0,620,3138,3,606,620,3744,California
Mono,2021-02-06,140,4490,139,3534,1,956,0,0,138,3274,2,608,138,3882,California
Mono,2021-02-07,2,4492,0,3534,2,958,0,0,2,3276,0,608,2,3884,California
Mono,2021-02-08,172,4664,172,3706,0,958,0,0,15,3135,156,764,15,3899,California
Mono,2021-02-09,226,4890,5,3711,221,1179,0,0,14,2937,212,976,14,3913,California
Mono,2021-02-10,536,5426,186,3897,350,1529,0,0,194,2790,342,1318,195,4108,California
Mono,2021-02-11,7,5433,4,3901,3,1532,0,0,2,2787,5,1323,2,4110,California
Mono,2021-02-12,84,5517,20,3921,64,1596,0,0,26,2755,58,1381,26,4136,California
Mono,2021-02-13,587,6104,587,4508,0,1596,0,0,25,2219,561,1942,25,4161,California
Mono,2021-02-15,168,6272,166,4674,2,1598,0,0,3,2059,163,2105,3,4164,California
Mono,2021-02-16,518,6790,515,5189,3,1601,0,0,44,1631,472,2577,44,4208,California
Mono,2021-02-17,5,6795,1,5190,4,1605,0,0,1,1628,4,2581,1,4209,California
Mono,2021-02-18,2,6797,2,5192,0,1605,0,0,1,1628,1,2582,1,4210,California
Mono,2021-02-19,54,6851,53,5245,1,1606,0,0,54,1682,0,2582,54,4264,California
Mono,2021-02-20,4,6855,4,5249,0,1606,0,0,4,1686,0,2582,4,4268,California
Mono,2021-02-21,3,6858,3,5252,0,1606,0,0,3,1689,0,2582,3,4271,California
Mono,2021-02-22,285,7143,284,5536,1,1607,0,0,24,1453,260,2842,24,4295,California
Mono,2021-02-23,135,7278,115,5651,20,1627,0,0,22,1362,113,2955,22,4317,California
Mono,2021-02-24,8,7286,3,5654,5,1632,0,0,2,1358,6,2961,2,4319,California
Mono,2021-02-25,5,7291,2,5656,3,1635,0,0,3,1360,1,2962,3,4322,California
Mono,2021-02-26,602,7893,601,6257,1,1636,0,0,19,797,582,3544,19,4341,California
Mono,2021-02-27,142,8035,138,6395,4,1640,0,0,4,666,135,3679,4,4345,California
Mono,2021-03-01,2,8037,2,6397,0,1640,0,0,1,667,0,3679,1,4346,California
Mono,2021-03-02,5,8042,3,6400,2,1642,0,0,3,668,2,3681,3,4349,California
Mono,2021-03-03,82,8124,2,6402,80,1722,0,0,79,745,2,3683,79,4428,California
Mono,2021-03-04,4,8128,0,6402,4,1726,0,0,2,745,2,3685,2,4430,California
Mono,2021-03-05,37,8165,27,6429,10,1736,0,0,14,736,23,3708,14,4444,California
Mono,2021-03-06,510,8675,16,6445,494,2230,0,0,504,1235,5,3713,504,4948,California
Mono,2021-03-07,1,8676,0,6445,1,2231,0,0,0,1234,1,3714,0,4948,California
Mono,2021-03-08,542,9218,11,6456,528,2759,3,3,533,1761,9,3723,536,5484,California
Mono,2021-03-09,6,9224,2,6458,3,2762,1,4,3,1763,2,3725,4,5488,California
Mono,2021-03-10,286,9510,91,6549,192,2954,3,7,10,1502,274,3999,13,5501,California
Mono,2021-03-11,10,9520,0,6549,1,2955,9,16,0,1501,10,4009,9,5510,California
Mono,2021-03-12,7,9527,1,6550,1,2956,5,21,0,1499,7,4016,5,5515,California
Mono,2021-03-13,826,10353,389,6939,437,3393,0,21,818,2309,8,4024,818,6333,California
Mono,2021-03-14,4,10357,4,6943,0,3393,0,21,1,2307,3,4027,1,6334,California
Mono,2021-03-15,29,10386,23,6966,1,3394,5,26,13,2309,16,4043,18,6352,California
Mono,2021-03-16,16,10402,6,6972,4,3398,6,32,8,2315,8,4051,14,6366,California
Mono,2021-03-17,32,10434,3,6975,21,3419,8,40,21,2333,11,4062,29,6395,California
Mono,2021-03-18,19,10453,2,6977,9,3428,8,48,8,2338,11,4073,16,6411,California
Mono,2021-03-19,22,10475,1,6978,18,3446,3,51,18,2356,3,4076,21,6432,California
Mono,2021-03-20,4,10479,3,6981,0,3446,1,52,3,2359,1,4077,4,6436,California
Mono,2021-03-21,1,10480,1,6982,0,3446,0,52,1,2360,0,4077,1,6437,California
Mono,2021-03-22,11,10491,0,6982,6,3452,5,57,5,2364,6,4083,10,6447,California
Mono,2021-03-23,42,10533,5,6987,32,3484,5,62,19,2365,23,4106,24,6471,California
Mono,2021-03-24,12,10545,1,6988,6,3490,5,67,6,2370,6,4112,11,6482,California
Mono,2021-03-25,18,10563,2,6990,12,3502,4,71,12,2380,6,4118,16,6498,California
Mono,2021-03-26,21,10584,3,6993,13,3515,5,76,12,2389,8,4126,17,6515,California
Mono,2021-03-27,353,10937,350,7343,3,3518,0,76,328,2692,25,4151,328,6843,California
Mono,2021-03-28,1,10938,1,7344,0,3518,0,76,1,2693,0,4151,1,6844,California
Mono,2021-03-29,9,10947,2,7346,6,3524,1,77,8,2701,1,4152,9,6853,California
Mono,2021-03-30,15,10962,0,7346,11,3535,4,81,10,2710,5,4157,14,6867,California
Mono,2021-03-31,125,11087,7,7353,117,3652,1,82,46,2679,78,4235,47,6914,California
Mono,2021-04-01,8,11095,0,7353,7,3659,1,83,3,2678,5,4240,4,6918,California
Mono,2021-04-02,17,11112,2,7355,15,3674,0,83,6,2673,11,4251,6,6924,California
Mono,2021-04-03,849,11961,366,7721,483,4157,0,83,35,1895,813,5064,35,6959,California
Mono,2021-04-05,532,12493,17,7738,514,4671,1,84,32,1429,499,5563,33,6992,California
Mono,2021-04-06,20,12513,2,7740,5,4676,13,97,2,1426,18,5581,15,7007,California
Mono,2021-04-07,22,12535,2,7742,2,4678,18,115,3,1428,19,5600,21,7028,California
Mono,2021-04-08,21,12556,2,7744,2,4680,17,132,3,1430,18,5618,20,7048,California
Mono,2021-04-09,36,12592,2,7746,4,4684,30,162,5,1434,31,5649,35,7083,California
Mono,2021-04-10,446,13038,2,7748,437,5121,7,169,28,1051,418,6067,35,7118,California
Mono,2021-04-11,1,13039,1,7749,0,5121,0,169,0,1050,1,6068,0,7118,California
Mono,2021-04-12,6,13045,0,7749,3,5124,3,172,3,1053,3,6071,6,7124,California
Mono,2021-04-13,19,13064,3,7752,15,5139,1,173,13,1061,6,6077,14,7138,California
Mono,2021-04-14,25,13089,0,7752,25,5164,0,173,6,1048,19,6096,6,7144,California
Mono,2021-04-15,18,13107,2,7754,16,5180,0,173,10,1050,8,6104,10,7154,California
Mono,2021-04-16,18,13125,6,7760,12,5192,0,173,8,1048,10,6114,8,7162,California
Mono,2021-04-17,47,13172,1,7761,46,5238,0,173,41,1083,6,6120,41,7203,California
Monterey,2020-12-16,4,4,4,4,0,0,0,0,4,4,0,0,4,4,California
Monterey,2020-12-17,83,87,83,87,0,0,0,0,83,87,0,0,83,87,California
Monterey,2020-12-18,481,568,481,568,0,0,0,0,481,568,0,0,481,568,California
Monterey,2020-12-19,579,1147,579,1147,0,0,0,0,579,1147,0,0,579,1147,California
Monterey,2020-12-20,422,1569,422,1569,0,0,0,0,422,1569,0,0,422,1569,California
Monterey,2020-12-21,720,2289,720,2289,0,0,0,0,720,2289,0,0,720,2289,California
Monterey,2020-12-22,533,2822,520,2809,13,13,0,0,533,2822,0,0,533,2822,California
Monterey,2020-12-23,436,3258,260,3069,176,189,0,0,436,3258,0,0,436,3258,California
Monterey,2020-12-24,84,3342,10,3079,74,263,0,0,84,3342,0,0,84,3342,California
Monterey,2020-12-25,6,3348,0,3079,6,269,0,0,6,3348,0,0,6,3348,California
Monterey,2020-12-26,92,3440,5,3084,87,356,0,0,92,3440,0,0,92,3440,California
Monterey,2020-12-27,7,3447,4,3088,3,359,0,0,7,3447,0,0,7,3447,California
Monterey,2020-12-28,477,3924,25,3113,452,811,0,0,477,3924,0,0,477,3924,California
Monterey,2020-12-29,900,4824,167,3280,733,1544,0,0,900,4824,0,0,900,4824,California
Monterey,2020-12-30,568,5392,98,3378,470,2014,0,0,568,5392,0,0,568,5392,California
Monterey,2020-12-31,35,5427,11,3389,24,2038,0,0,35,5427,0,0,35,5427,California
Monterey,2021-01-01,11,5438,2,3391,9,2047,0,0,11,5438,0,0,11,5438,California
Monterey,2021-01-02,137,5575,134,3525,3,2050,0,0,137,5575,0,0,137,5575,California
Monterey,2021-01-03,30,5605,29,3554,1,2051,0,0,30,5605,0,0,30,5605,California
Monterey,2021-01-04,410,6015,18,3572,392,2443,0,0,410,6015,0,0,410,6015,California
Monterey,2021-01-05,750,6765,326,3898,424,2867,0,0,736,6737,14,14,736,6751,California
Monterey,2021-01-06,655,7420,172,4070,483,3350,0,0,633,7348,22,36,633,7384,California
Monterey,2021-01-07,743,8163,570,4640,173,3523,0,0,419,7445,322,358,419,7803,California
Monterey,2021-01-08,1085,9248,733,5373,352,3875,0,0,393,7146,692,1050,393,8196,California
Monterey,2021-01-09,963,10211,935,6308,28,3903,0,0,313,6809,650,1700,313,8509,California
Monterey,2021-01-10,273,10484,270,6578,3,3906,0,0,8,6552,265,1965,8,8517,California
Monterey,2021-01-11,1066,11550,985,7563,81,3987,0,0,362,6210,704,2669,362,8879,California
Monterey,2021-01-12,464,12014,387,7950,77,4064,0,0,203,6152,261,2930,203,9082,California
Monterey,2021-01-13,1217,13231,590,8540,627,4691,0,0,1173,7281,44,2974,1173,10255,California
Monterey,2021-01-14,1047,14278,93,8633,954,5645,0,0,1029,8295,18,2992,1032,11287,California
Monterey,2021-01-15,1043,15321,43,8676,1000,6645,0,0,1030,9312,13,3005,1030,12317,California
Monterey,2021-01-16,361,15682,298,8974,63,6708,0,0,356,9663,5,3010,356,12673,California
Monterey,2021-01-17,309,15991,288,9262,21,6729,0,0,296,9946,13,3023,296,12969,California
Monterey,2021-01-18,401,16392,50,9312,351,7080,0,0,380,10305,21,3044,380,13349,California
Monterey,2021-01-19,575,16967,394,9706,181,7261,0,0,416,10564,157,3201,416,13765,California
Monterey,2021-01-20,530,17497,268,9974,262,7523,0,0,324,10682,206,3407,324,14089,California
Monterey,2021-01-21,839,18336,93,10067,746,8269,0,0,729,11305,110,3517,733,14822,California
Monterey,2021-01-22,1045,19381,191,10258,854,9123,0,0,1006,12272,39,3556,1006,15828,California
Monterey,2021-01-23,240,19621,174,10432,66,9189,0,0,117,12268,122,3678,118,15946,California
Monterey,2021-01-24,56,19677,38,10470,18,9207,0,0,22,12256,34,3712,22,15968,California
Monterey,2021-01-25,783,20460,173,10643,610,9817,0,0,156,11792,620,4332,156,16124,California
Monterey,2021-01-26,924,21384,221,10864,703,10520,0,0,233,11334,691,5023,233,16357,California
Monterey,2021-01-27,858,22242,307,11171,551,11071,0,0,376,11228,482,5505,376,16733,California
Monterey,2021-01-28,2008,24250,736,11907,1272,12343,0,0,1667,12556,341,5846,1669,18402,California
Monterey,2021-01-29,1224,25474,704,12611,520,12863,0,0,1109,13552,114,5960,1110,19512,California
Monterey,2021-01-30,432,25906,285,12896,147,13010,0,0,181,13482,251,6211,181,19693,California
Monterey,2021-01-31,493,26399,71,12967,422,13432,0,0,484,13958,9,6220,485,20178,California
Monterey,2021-02-01,1658,28057,1146,14113,512,13944,0,0,1096,14493,561,6781,1096,21274,California
Monterey,2021-02-02,2145,30202,454,14567,1691,15635,0,0,1538,15425,606,7387,1538,22812,California
Monterey,2021-02-03,2327,32529,1045,15612,1282,16917,0,0,1551,16205,771,8158,1551,24363,California
Monterey,2021-02-04,2699,35228,2020,17632,679,17596,0,0,2438,18384,259,8417,2438,26801,California
Monterey,2021-02-05,3637,38865,2818,20450,819,18415,0,0,3206,21164,426,8843,3206,30007,California
Monterey,2021-02-06,1096,39961,379,20829,717,19132,0,0,755,21580,339,9182,755,30762,California
Monterey,2021-02-07,314,40275,270,21099,44,19176,0,0,95,21456,219,9401,95,30857,California
Monterey,2021-02-08,515,40790,289,21388,226,19402,0,0,429,21799,86,9487,429,31286,California
Monterey,2021-02-09,855,41645,672,22060,183,19585,0,0,545,22036,310,9797,547,31833,California
Monterey,2021-02-10,2012,43657,1043,23103,969,20554,0,0,1162,22348,850,10647,1162,32995,California
Monterey,2021-02-11,2490,46147,964,24067,1526,22080,0,0,1538,22938,950,11597,1540,34535,California
Monterey,2021-02-12,2581,48728,426,24493,2155,24235,0,0,1520,23398,1060,12657,1520,36055,California
Monterey,2021-02-13,1068,49796,50,24543,1018,25253,0,0,977,24284,91,12748,977,37032,California
Monterey,2021-02-14,590,50386,73,24616,517,25770,0,0,517,24728,73,12821,517,37549,California
Monterey,2021-02-15,1367,51753,161,24777,1206,26976,0,0,993,25350,372,13193,994,38543,California
Monterey,2021-02-16,1085,52838,243,25020,842,27818,0,0,864,25993,221,13414,864,39407,California
Monterey,2021-02-17,1934,54772,1161,26181,773,28591,0,0,1636,27336,296,13710,1639,41046,California
Monterey,2021-02-18,2222,56994,1175,27356,1047,29638,0,0,907,26940,1305,15015,909,41955,California
Monterey,2021-02-19,2930,59924,1529,28885,1401,31039,0,0,1343,26696,1587,16602,1343,43298,California
Monterey,2021-02-20,1002,60926,603,29488,399,31438,0,0,950,27595,51,16653,950,44248,California
Monterey,2021-02-21,1238,62164,1210,30698,28,31466,0,0,1169,28696,68,16721,1169,45417,California
Monterey,2021-02-22,973,63137,842,31540,131,31597,0,0,641,29006,331,17052,641,46058,California
Monterey,2021-02-23,948,64085,616,32156,332,31929,0,0,299,28658,648,17700,300,46358,California
Monterey,2021-02-24,2455,66540,1311,33467,1144,33073,0,0,1846,29900,605,18305,1847,48205,California
Monterey,2021-02-25,4322,70862,2376,35843,1946,35019,0,0,1432,28450,2883,21188,1433,49638,California
Monterey,2021-02-26,5245,76107,3080,38923,2165,37184,0,0,2623,28456,2618,23806,2624,52262,California
Monterey,2021-02-27,993,77100,181,39104,812,37996,0,0,805,29077,184,23990,805,53067,California
Monterey,2021-02-28,1526,78626,81,39185,1445,39441,0,0,1066,29687,456,24446,1066,54133,California
Monterey,2021-03-01,1274,79900,137,39322,1134,40575,3,3,742,29902,530,24976,745,54878,California
Monterey,2021-03-02,2713,82613,1712,41034,1001,41576,0,3,1869,30931,840,25816,1869,56747,California
Monterey,2021-03-03,3185,85798,1236,42270,1949,43525,0,3,1296,30341,1887,27703,1297,58044,California
Monterey,2021-03-04,4540,90338,1465,43735,3075,46600,0,3,2977,31759,1559,29262,2977,61021,California
Monterey,2021-03-05,3252,93590,1419,45154,1557,48157,276,279,2624,34032,627,29889,2900,63921,California
Monterey,2021-03-06,4991,98581,1065,46219,3624,51781,302,581,4089,37522,899,30788,4389,68310,California
Monterey,2021-03-07,522,99103,108,46327,168,51949,246,827,234,37712,288,31076,478,68788,California
Monterey,2021-03-08,1620,100723,325,46652,938,52887,357,1184,1114,38675,506,31582,1469,70257,California
Monterey,2021-03-09,1896,102619,673,47325,947,53834,276,1460,1410,39874,485,32067,1684,71941,California
Monterey,2021-03-10,2906,105525,869,48194,1553,55387,484,1944,1356,40170,1544,33611,1840,73781,California
Monterey,2021-03-11,4094,109619,1401,49595,2321,57708,372,2316,2334,41123,1753,35364,2706,76487,California
Monterey,2021-03-12,4242,113861,2014,51609,2115,59823,113,2429,2596,42187,1644,37008,2708,79195,California
Monterey,2021-03-13,5110,118971,960,52569,3804,63627,346,2775,3813,45049,1297,38305,4159,83354,California
Monterey,2021-03-14,2148,121119,1326,53895,798,64425,24,2799,579,44094,1558,39863,603,83957,California
Monterey,2021-03-15,3934,125053,1261,55156,2383,66808,290,3089,2251,44955,1679,41542,2540,86497,California
Monterey,2021-03-16,3457,128510,568,55724,2517,69325,372,3461,2059,45988,1397,42939,2430,88927,California
Monterey,2021-03-17,5653,134163,2306,58030,3098,72423,249,3710,4079,48756,1566,44505,4334,93261,California
Monterey,2021-03-18,4328,138491,2151,60181,2010,74433,167,3877,2995,50630,1328,45833,3202,96463,California
Monterey,2021-03-19,5339,143830,2537,62718,2660,77093,142,4019,4076,53590,1258,47091,4218,100681,California
Monterey,2021-03-20,3216,147046,420,63138,2102,79195,694,4713,2138,55350,1072,48163,2832,103513,California
Monterey,2021-03-21,619,147665,199,63337,412,79607,8,4721,554,55847,64,48227,561,104074,California
Monterey,2021-03-22,2440,150105,1426,64763,953,80560,61,4782,2246,57962,191,48418,2306,106380,California
Monterey,2021-03-23,3958,154063,2343,67106,1573,82133,42,4824,2506,59063,1447,49865,2548,108928,California
Monterey,2021-03-24,4946,159009,2070,69176,2567,84700,309,5133,3613,61655,1330,51195,3922,112850,California
Monterey,2021-03-25,5138,164147,1206,70382,3576,88276,356,5489,2586,62054,2544,53739,2943,115793,California
Monterey,2021-03-26,5277,169424,2594,72976,2617,90893,66,5555,2839,62532,2429,56168,2907,118700,California
Monterey,2021-03-27,4700,174124,1410,74386,3034,93927,256,5811,2993,64078,1703,57871,3249,121949,California
Monterey,2021-03-28,1111,175235,337,74723,766,94693,8,5819,631,64241,476,58347,639,122588,California
Monterey,2021-03-29,3162,178397,1402,76125,1746,96439,14,5833,1950,65002,1206,59553,1967,124555,California
Monterey,2021-03-30,4428,182825,2128,78253,2260,98699,40,5873,2745,66120,1672,61225,2790,127345,California
Monterey,2021-03-31,5272,188097,2372,80625,2109,100808,791,6664,3319,68283,1949,63174,4112,131457,California
Monterey,2021-04-01,6018,194115,2069,82694,3547,104355,402,7066,3027,68734,2978,66152,3429,134886,California
Monterey,2021-04-02,4666,198781,2253,84947,2355,106710,58,7124,3296,70723,1367,67519,3356,138242,California
Monterey,2021-04-03,5512,204293,1114,86061,3504,110214,894,8018,1200,68516,4298,71817,2091,140333,California
Monterey,2021-04-04,760,205053,164,86225,583,110797,13,8031,492,68755,268,72085,507,140840,California
Monterey,2021-04-05,4016,209069,2514,88739,1276,112073,226,8257,1542,68054,2469,74554,1768,142608,California
Monterey,2021-04-06,3069,212138,1305,90044,1300,113373,464,8721,1118,67689,1946,76500,1581,144189,California
Monterey,2021-04-07,5448,217586,1401,91445,3548,116921,499,9220,2690,68131,2747,79247,3189,147378,California
Monterey,2021-04-08,6340,223926,3452,94897,2101,119022,787,10007,3165,68914,3169,82416,3952,151330,California
Monterey,2021-04-09,5480,229406,3338,98235,1513,120535,629,10636,2229,68525,3245,85661,2856,154186,California
Monterey,2021-04-10,9685,239091,4928,103163,2641,123176,2116,12752,4935,70833,4742,90403,7050,161236,California
Monterey,2021-04-11,5432,244523,4268,107431,566,123742,598,13350,4391,74786,1035,91438,4988,166224,California
Monterey,2021-04-12,3982,248505,1839,109270,1855,125597,288,13638,889,73000,2963,94401,1177,167401,California
Monterey,2021-04-13,3045,251550,704,109974,2337,127934,4,13642,1433,72846,1591,95992,1437,168838,California
Monterey,2021-04-14,5988,257538,2962,112936,3024,130958,2,13644,1589,70050,4387,100379,1591,170429,California
Monterey,2021-04-15,5128,262666,3416,116352,1712,132670,0,13644,3415,71783,1684,102063,3417,173846,California
Monterey,2021-04-16,4120,266786,2293,118645,1814,134484,13,13657,1738,71166,2369,104432,1752,175598,California
Monterey,2021-04-17,1213,267999,926,119571,287,134771,0,13657,1085,72125,126,104558,1085,176683,California
Napa,2020-12-16,12,12,12,12,0,0,0,0,12,12,0,0,12,12,California
Napa,2020-12-17,44,56,44,56,0,0,0,0,44,56,0,0,44,56,California
Napa,2020-12-18,102,158,102,158,0,0,0,0,102,158,0,0,102,158,California
Napa,2020-12-19,221,379,221,379,0,0,0,0,221,379,0,0,221,379,California
Napa,2020-12-20,189,568,189,568,0,0,0,0,189,568,0,0,189,568,California
Napa,2020-12-21,309,877,309,877,0,0,0,0,310,878,0,0,310,878,California
Napa,2020-12-22,340,1217,331,1208,9,9,0,0,340,1218,0,0,340,1218,California
Napa,2020-12-23,428,1645,319,1527,109,118,0,0,428,1646,0,0,428,1646,California
Napa,2020-12-24,138,1783,77,1604,61,179,0,0,138,1784,0,0,138,1784,California
Napa,2020-12-25,1,1784,1,1605,0,179,0,0,1,1785,0,0,1,1785,California
Napa,2020-12-26,39,1823,11,1616,28,207,0,0,39,1824,0,0,39,1824,California
Napa,2020-12-27,32,1855,16,1632,16,223,0,0,32,1856,0,0,32,1856,California
Napa,2020-12-28,251,2106,185,1817,66,289,0,0,279,2135,0,0,279,2135,California
Napa,2020-12-29,273,2379,214,2031,59,348,0,0,307,2442,0,0,307,2442,California
Napa,2020-12-30,630,3009,486,2517,144,492,0,0,638,3080,0,0,638,3080,California
Napa,2020-12-31,461,3470,373,2890,88,580,0,0,461,3541,0,0,461,3541,California
Napa,2021-01-01,1,3471,1,2891,0,580,0,0,1,3542,0,0,1,3542,California
Napa,2021-01-02,98,3569,93,2984,5,585,0,0,98,3640,0,0,98,3640,California
Napa,2021-01-03,13,3582,11,2995,2,587,0,0,9,3649,0,0,9,3649,California
Napa,2021-01-04,107,3689,64,3059,43,630,0,0,107,3756,0,0,107,3756,California
Napa,2021-01-05,155,3844,85,3144,70,700,0,0,138,3870,24,24,138,3894,California
Napa,2021-01-06,455,4299,114,3258,341,1041,0,0,391,4199,62,86,391,4285,California
Napa,2021-01-07,496,4795,234,3492,262,1303,0,0,396,4496,99,185,396,4681,California
Napa,2021-01-08,441,5236,226,3718,215,1518,0,0,261,4578,179,364,261,4942,California
Napa,2021-01-09,325,5561,300,4018,25,1543,0,0,188,4629,137,501,188,5130,California
Napa,2021-01-10,185,5746,102,4120,83,1626,0,0,110,4664,75,576,110,5240,California
Napa,2021-01-11,880,6626,424,4544,456,2082,0,0,508,4800,373,949,509,5749,California
Napa,2021-01-12,1310,7936,370,4914,940,3022,0,0,995,5480,315,1264,995,6744,California
Napa,2021-01-13,1310,9246,264,5178,1046,4068,0,0,1148,6468,161,1425,1149,7893,California
Napa,2021-01-14,1051,10297,172,5350,879,4947,0,0,934,7287,115,1540,934,8827,California
Napa,2021-01-15,1451,11748,383,5733,1068,6015,0,0,1303,8435,156,1696,1304,10131,California
Napa,2021-01-16,355,12103,133,5866,222,6237,0,0,337,8754,18,1714,337,10468,California
Napa,2021-01-17,340,12443,175,6041,165,6402,0,0,330,9074,10,1724,330,10798,California
Napa,2021-01-18,1083,13526,197,6238,886,7288,0,0,992,9975,91,1815,992,11790,California
Napa,2021-01-19,1009,14535,406,6644,603,7891,0,0,766,10499,242,2057,766,12556,California
Napa,2021-01-20,825,15360,185,6829,640,8531,0,0,643,10962,180,2237,643,13199,California
Napa,2021-01-21,1332,16692,373,7202,959,9490,0,0,1077,11786,254,2491,1078,14277,California
Napa,2021-01-22,1539,18231,411,7613,1128,10618,0,0,1212,12673,326,2817,1213,15490,California
Napa,2021-01-23,398,18629,318,7931,80,10698,0,0,336,12947,62,2879,336,15826,California
Napa,2021-01-24,266,18895,189,8120,77,10775,0,0,208,13097,58,2937,208,16034,California
Napa,2021-01-25,1522,20417,231,8351,1291,12066,0,0,1432,14439,90,3027,1432,17466,California
Napa,2021-01-26,877,21294,282,8633,595,12661,0,0,783,15129,94,3121,784,18250,California
Napa,2021-01-27,625,21919,220,8853,405,13066,0,0,469,15443,156,3277,470,18720,California
Napa,2021-01-28,390,22309,178,9031,212,13278,0,0,198,15451,190,3467,198,18918,California
Napa,2021-01-29,253,22562,65,9096,188,13466,0,0,158,15514,95,3562,158,19076,California
Napa,2021-01-30,804,23366,695,9791,109,13575,0,0,640,15990,164,3726,640,19716,California
Napa,2021-01-31,655,24021,625,10416,30,13605,0,0,629,16593,26,3752,629,20345,California
Napa,2021-02-01,314,24335,110,10526,204,13809,0,0,161,16601,153,3905,161,20506,California
Napa,2021-02-02,589,24924,280,10806,309,14118,0,0,288,16590,299,4204,288,20794,California
Napa,2021-02-03,733,25657,309,11115,424,14542,0,0,424,16705,309,4513,424,21218,California
Napa,2021-02-04,788,26445,374,11489,414,14956,0,0,440,16799,346,4859,440,21658,California
Napa,2021-02-05,705,27150,314,11803,391,15347,0,0,338,16770,367,5226,338,21996,California
Napa,2021-02-06,433,27583,145,11948,288,15635,0,0,328,16993,105,5331,328,22324,California
Napa,2021-02-07,174,27757,161,12109,13,15648,0,0,71,16961,103,5434,71,22395,California
Napa,2021-02-08,833,28590,191,12300,642,16290,0,0,271,16673,559,5993,271,22666,California
Napa,2021-02-09,1072,29662,441,12741,631,16921,0,0,433,16467,639,6632,433,23099,California
Napa,2021-02-10,1715,31377,190,12931,1525,18446,0,0,447,15650,1265,7897,448,23547,California
Napa,2021-02-11,1495,32872,194,13125,1301,19747,0,0,410,14988,1073,8970,411,23958,California
Napa,2021-02-12,2154,35026,836,13961,1318,21065,0,0,720,14277,1431,10401,720,24678,California
Napa,2021-02-13,494,35520,52,14013,442,21507,0,0,312,14407,182,10583,312,24990,California
Napa,2021-02-14,356,35876,90,14103,266,21773,0,0,195,14441,161,10744,195,25185,California
Napa,2021-02-15,873,36749,183,14286,690,22463,0,0,221,14012,650,11394,221,25406,California
Napa,2021-02-16,1285,38034,597,14883,688,23151,0,0,611,13950,673,12067,611,26017,California
Napa,2021-02-17,1045,39079,529,15412,516,23667,0,0,479,13865,564,12631,479,26496,California
Napa,2021-02-18,1894,40973,484,15896,1410,25077,0,0,658,13290,1233,13864,658,27154,California
Napa,2021-02-19,1478,42451,585,16481,893,25970,0,0,676,13165,801,14665,676,27830,California
Napa,2021-02-20,819,43270,595,17076,224,26194,0,0,271,12888,548,15213,271,28101,California
Napa,2021-02-21,797,44067,735,17811,62,26256,0,0,195,12481,602,15815,195,28296,California
Napa,2021-02-22,440,44507,185,17996,255,26511,0,0,136,12313,304,16119,136,28432,California
Napa,2021-02-23,1126,45633,301,18297,825,27336,0,0,308,11803,818,16937,308,28740,California
Napa,2021-02-24,1157,46790,638,18935,519,27855,0,0,569,11787,586,17523,570,29310,California
Napa,2021-02-25,2534,49324,1210,20145,1324,29179,0,0,1822,12898,711,18234,1822,31132,California
Napa,2021-02-26,1496,50820,520,20665,976,30155,0,0,582,12568,912,19146,582,31714,California
Napa,2021-02-27,1096,51916,358,21023,738,30893,0,0,843,13161,250,19396,843,32557,California
Napa,2021-02-28,561,52477,460,21483,101,30994,0,0,461,13524,98,19494,461,33018,California
Napa,2021-03-01,1096,53573,814,22297,282,31276,0,0,829,14087,266,19760,829,33847,California
Napa,2021-03-02,1478,55051,1022,23319,456,31732,0,0,1145,14900,332,20092,1145,34992,California
Napa,2021-03-03,1537,56588,682,24001,855,32587,0,0,1360,16084,176,20268,1360,36352,California
Napa,2021-03-04,1700,58288,777,24778,923,33510,0,0,1462,17311,235,20503,1462,37814,California
Napa,2021-03-05,1887,60175,783,25561,1100,34610,4,4,1472,18374,413,20916,1476,39290,California
Napa,2021-03-06,633,60808,281,25842,321,34931,31,35,523,18820,108,21024,554,39844,California
Napa,2021-03-07,520,61328,319,26161,186,35117,15,50,369,19053,151,21175,384,40228,California
Napa,2021-03-08,694,62022,319,26480,322,35439,53,103,517,19448,175,21350,570,40798,California
Napa,2021-03-09,1627,63649,568,27048,1013,36452,46,149,1197,20264,427,21777,1243,42041,California
Napa,2021-03-10,1471,65120,914,27962,465,36917,92,241,772,20432,696,22473,864,42905,California
Napa,2021-03-11,1830,66950,1035,28997,667,37584,128,369,936,20604,892,23365,1064,43969,California
Napa,2021-03-12,1494,68444,908,29905,490,38074,96,465,793,20793,699,24064,888,44857,California
Napa,2021-03-13,1163,69607,300,30205,839,38913,24,489,827,21310,334,24398,851,45708,California
Napa,2021-03-14,612,70219,328,30533,136,39049,148,637,227,21301,384,24782,375,46083,California
Napa,2021-03-15,941,71160,402,30935,471,39520,68,705,476,21382,463,25245,544,46627,California
Napa,2021-03-16,1830,72990,386,31321,1318,40838,126,831,1371,22425,455,25700,1498,48125,California
Napa,2021-03-17,2468,75458,1841,33162,448,41286,179,1010,1569,23274,899,26599,1748,49873,California
Napa,2021-03-18,2101,77559,914,34076,1177,42463,10,1020,1291,23767,808,27407,1301,51174,California
Napa,2021-03-19,1426,78985,855,34931,544,43007,27,1047,709,23789,714,28121,736,51910,California
Napa,2021-03-20,990,79975,526,35457,311,43318,153,1200,418,23789,571,28692,571,52481,California
Napa,2021-03-21,703,80678,681,36138,20,43338,2,1202,353,23795,349,29041,355,52836,California
Napa,2021-03-22,1079,81757,901,37039,167,43505,11,1213,476,23683,599,29640,487,53323,California
Napa,2021-03-23,1501,83258,811,37850,673,44178,17,1230,997,24195,502,30142,1014,54337,California
Napa,2021-03-24,1692,84950,936,38786,748,44926,8,1238,815,24142,876,31018,823,55160,California
Napa,2021-03-25,1600,86550,1040,39826,506,45432,54,1292,744,24085,855,31873,798,55958,California
Napa,2021-03-26,1250,87800,810,40636,434,45866,6,1298,557,23958,690,32563,563,56521,California
Napa,2021-03-27,944,88744,433,41069,484,46350,27,1325,313,23667,631,33194,340,56861,California
Napa,2021-03-28,482,89226,372,41441,103,46453,7,1332,182,23557,299,33493,189,57050,California
Napa,2021-03-29,1173,90399,855,42296,313,46766,5,1337,724,23838,448,33941,729,57779,California
Napa,2021-03-30,2373,92772,929,43225,1440,48206,4,1341,1593,24655,780,34721,1597,59376,California
Napa,2021-03-31,1957,94729,955,44180,933,49139,69,1410,814,24395,1141,35862,881,60257,California
Napa,2021-04-01,1705,96434,812,44992,778,49917,115,1525,472,23755,1228,37090,588,60845,California
Napa,2021-04-02,1806,98240,812,45804,852,50769,142,1667,451,22997,1351,38441,593,61438,California
Napa,2021-04-03,624,98864,362,46166,203,50972,59,1726,211,22854,413,38854,270,61708,California
Napa,2021-04-04,347,99211,138,46304,151,51123,58,1784,118,22802,228,39082,176,61884,California
Napa,2021-04-05,1263,100474,753,47057,291,51414,219,2003,573,22905,689,39771,792,62676,California
Napa,2021-04-06,1895,102369,558,47615,1082,52496,255,2258,526,22320,1366,41137,781,63457,California
Napa,2021-04-07,1703,104072,683,48298,799,53295,221,2479,519,21879,1181,42318,740,64197,California
Napa,2021-04-08,1762,105834,1051,49349,341,53636,370,2849,940,22368,820,43138,1309,65506,California
Napa,2021-04-09,1423,107257,884,50233,263,53899,276,3125,643,22508,778,43916,918,66424,California
Napa,2021-04-10,1028,108285,345,50578,583,54482,100,3225,237,22055,790,44706,337,66761,California
Napa,2021-04-11,384,108669,301,50879,62,54544,21,3246,158,22008,226,44932,179,66940,California
Napa,2021-04-12,764,109433,292,51171,352,54896,120,3366,289,21941,474,45406,407,67347,California
Napa,2021-04-13,1374,110807,810,51981,564,55460,0,3366,440,21450,931,46337,440,67787,California
Napa,2021-04-14,1443,112250,475,52456,968,56428,0,3366,868,21749,569,46906,868,68655,California
Napa,2021-04-15,1291,113541,502,52958,789,57217,0,3366,737,21935,551,47457,737,69392,California
Napa,2021-04-16,1273,114814,444,53402,829,58046,0,3366,805,22274,466,47923,805,70197,California
Napa,2021-04-17,650,115464,92,53494,558,58604,0,3366,580,22785,69,47992,580,70777,California
Nevada,2020-12-16,3,3,3,3,0,0,0,0,3,3,0,0,3,3,California
Nevada,2020-12-17,6,9,6,9,0,0,0,0,6,9,0,0,6,9,California
Nevada,2020-12-18,51,60,51,60,0,0,0,0,51,60,0,0,51,60,California
Nevada,2020-12-19,55,115,55,115,0,0,0,0,55,115,0,0,55,115,California
Nevada,2020-12-20,12,127,12,127,0,0,0,0,12,127,0,0,12,127,California
Nevada,2020-12-21,69,196,69,196,0,0,0,0,69,196,0,0,69,196,California
Nevada,2020-12-22,91,287,89,285,2,2,0,0,91,287,0,0,91,287,California
Nevada,2020-12-23,234,521,202,487,32,34,0,0,234,521,0,0,234,521,California
Nevada,2020-12-24,13,534,11,498,2,36,0,0,13,534,0,0,13,534,California
Nevada,2020-12-25,2,536,2,500,0,36,0,0,2,536,0,0,2,536,California
Nevada,2020-12-26,6,542,4,504,2,38,0,0,6,542,0,0,6,542,California
Nevada,2020-12-27,88,630,88,592,0,38,0,0,88,630,0,0,88,630,California
Nevada,2020-12-28,170,800,93,685,77,115,0,0,170,800,0,0,170,800,California
Nevada,2020-12-29,100,900,74,759,26,141,0,0,100,900,0,0,100,900,California
Nevada,2020-12-30,86,986,66,825,20,161,0,0,86,986,0,0,86,986,California
Nevada,2020-12-31,39,1025,9,834,30,191,0,0,39,1025,0,0,39,1025,California
Nevada,2021-01-01,1,1026,0,834,1,192,0,0,1,1026,0,0,1,1026,California
Nevada,2021-01-02,1,1027,1,835,0,192,0,0,1,1027,0,0,1,1027,California
Nevada,2021-01-03,129,1156,126,961,3,195,0,0,129,1156,0,0,129,1156,California
Nevada,2021-01-04,71,1227,47,1008,24,219,0,0,71,1227,0,0,71,1227,California
Nevada,2021-01-05,271,1498,130,1138,141,360,0,0,270,1496,1,1,270,1497,California
Nevada,2021-01-06,91,1589,43,1181,48,408,0,0,83,1571,8,9,83,1580,California
Nevada,2021-01-07,215,1804,43,1224,172,580,0,0,208,1774,6,15,209,1789,California
Nevada,2021-01-08,220,2024,126,1350,94,674,0,0,169,1892,51,66,169,1958,California
Nevada,2021-01-09,63,2087,56,1406,7,681,0,0,15,1859,48,114,15,1973,California
Nevada,2021-01-10,17,2104,9,1415,8,689,0,0,9,1860,8,122,9,1982,California
Nevada,2021-01-11,185,2289,131,1546,54,743,0,0,57,1789,128,250,57,2039,California
Nevada,2021-01-12,597,2886,451,1997,146,889,0,0,531,2254,66,316,531,2570,California
Nevada,2021-01-13,259,3145,146,2143,113,1002,0,0,124,2243,135,451,124,2694,California
Nevada,2021-01-14,232,3377,124,2267,108,1110,0,0,214,2440,17,468,214,2908,California
Nevada,2021-01-15,392,3769,168,2435,224,1334,0,0,294,2636,98,566,294,3202,California
Nevada,2021-01-16,296,4065,15,2450,281,1615,0,0,292,2924,4,570,292,3494,California
Nevada,2021-01-17,35,4100,31,2481,4,1619,0,0,33,2955,2,572,33,3527,California
Nevada,2021-01-18,148,4248,40,2521,108,1727,0,0,139,3085,9,581,139,3666,California
Nevada,2021-01-19,234,4482,85,2606,149,1876,0,0,215,3281,19,600,215,3881,California
Nevada,2021-01-20,257,4739,153,2759,104,1980,0,0,244,3512,13,613,244,4125,California
Nevada,2021-01-21,336,5075,207,2966,129,2109,0,0,323,3822,13,626,323,4448,California
Nevada,2021-01-22,343,5418,209,3175,134,2243,0,0,312,4103,31,657,312,4760,California
Nevada,2021-01-23,176,5594,104,3279,72,2315,0,0,176,4279,0,657,176,4936,California
Nevada,2021-01-24,105,5699,98,3377,7,2322,0,0,66,4306,39,696,66,5002,California
Nevada,2021-01-25,265,5964,137,3514,128,2450,0,0,204,4449,61,757,204,5206,California
Nevada,2021-01-26,399,6363,141,3655,258,2708,0,0,297,4644,102,859,297,5503,California
Nevada,2021-01-27,412,6775,245,3900,167,2875,0,0,388,5008,24,883,388,5891,California
Nevada,2021-01-28,460,7235,315,4215,145,3020,0,0,417,5383,42,925,417,6308,California
Nevada,2021-01-29,596,7831,391,4606,205,3225,0,0,573,5934,23,948,574,6882,California
Nevada,2021-01-30,230,8061,103,4709,127,3352,0,0,227,6158,3,951,227,7109,California
Nevada,2021-01-31,103,8164,87,4796,16,3368,0,0,103,6261,0,951,103,7212,California
Nevada,2021-02-01,290,8454,71,4867,219,3587,0,0,276,6523,14,965,276,7488,California
Nevada,2021-02-02,510,8964,172,5039,338,3925,0,0,322,6657,188,1153,322,7810,California
Nevada,2021-02-03,809,9773,569,5608,240,4165,0,0,757,7363,51,1204,757,8567,California
Nevada,2021-02-04,737,10510,391,5999,346,4511,0,0,489,7605,247,1451,489,9056,California
Nevada,2021-02-05,641,11151,363,6362,278,4789,0,0,453,7872,186,1637,453,9509,California
Nevada,2021-02-06,268,11419,82,6444,186,4975,0,0,241,8086,27,1664,241,9750,California
Nevada,2021-02-07,244,11663,191,6635,53,5028,0,0,190,8222,54,1718,190,9940,California
Nevada,2021-02-08,651,12314,408,7043,243,5271,0,0,552,8675,99,1817,552,10492,California
Nevada,2021-02-09,600,12914,336,7379,264,5535,0,0,462,8999,138,1955,462,10954,California
Nevada,2021-02-10,646,13560,322,7701,324,5859,0,0,417,9188,229,2184,418,11372,California
Nevada,2021-02-11,868,14428,502,8203,366,6225,0,0,540,9401,327,2511,540,11912,California
Nevada,2021-02-12,926,15354,434,8637,492,6717,0,0,612,9700,313,2824,612,12524,California
Nevada,2021-02-13,593,15947,233,8870,360,7077,0,0,386,9884,203,3027,387,12911,California
Nevada,2021-02-14,228,16175,119,8989,109,7186,0,0,200,10056,28,3055,200,13111,California
Nevada,2021-02-15,703,16878,438,9427,265,7451,0,0,534,10421,169,3224,534,13645,California
Nevada,2021-02-16,611,17489,197,9624,414,7865,0,0,451,10713,159,3383,451,14096,California
Nevada,2021-02-17,1177,18666,762,10386,415,8280,0,0,858,11252,319,3702,858,14954,California
Nevada,2021-02-18,996,19662,545,10931,451,8731,0,0,597,11451,398,4100,597,15551,California
Nevada,2021-02-19,1004,20666,629,11560,375,9106,0,0,650,11748,354,4454,651,16202,California
Nevada,2021-02-20,295,20961,103,11663,192,9298,0,0,173,11800,121,4575,173,16375,California
Nevada,2021-02-21,88,21049,83,11746,5,9303,0,0,8,11728,80,4655,8,16383,California
Nevada,2021-02-22,491,21540,327,12073,164,9467,0,0,346,11930,144,4799,346,16729,California
Nevada,2021-02-23,463,22003,216,12289,247,9714,0,0,206,11882,254,5053,206,16935,California
Nevada,2021-02-24,470,22473,233,12522,237,9951,0,0,248,11910,222,5275,250,17185,California
Nevada,2021-02-25,857,23330,464,12986,393,10344,0,0,432,11919,423,5698,432,17617,California
Nevada,2021-02-26,1232,24562,880,13866,352,10696,0,0,410,11510,819,6517,410,18027,California
Nevada,2021-02-27,350,24912,109,13975,241,10937,0,0,180,11520,170,6687,180,18207,California
Nevada,2021-02-28,265,25177,153,14128,112,11049,0,0,124,11504,140,6827,124,18331,California
Nevada,2021-03-01,812,25989,420,14548,392,11441,0,0,349,11391,462,7289,349,18680,California
Nevada,2021-03-02,699,26688,258,14806,441,11882,0,0,477,11650,218,7507,477,19157,California
Nevada,2021-03-03,956,27644,486,15292,470,12352,0,0,488,11671,467,7974,488,19645,California
Nevada,2021-03-04,1092,28736,609,15901,483,12835,0,0,462,11506,627,8601,462,20107,California
Nevada,2021-03-05,810,29546,455,16356,345,13180,10,10,356,11420,452,9053,366,20473,California
Nevada,2021-03-06,354,29900,118,16474,209,13389,27,37,142,11377,212,9265,169,20642,California
Nevada,2021-03-07,209,30109,110,16584,80,13469,19,56,68,11323,141,9406,87,20729,California
Nevada,2021-03-08,802,30911,538,17122,219,13688,45,101,356,11280,445,9851,402,21131,California
Nevada,2021-03-09,657,31568,314,17436,293,13981,50,151,358,11390,297,10148,407,21538,California
Nevada,2021-03-10,950,32518,601,18037,292,14273,57,208,316,11132,631,10779,373,21911,California
Nevada,2021-03-11,1090,33608,718,18755,347,14620,25,233,538,11150,545,11324,563,22474,California
Nevada,2021-03-12,1185,34793,722,19477,433,15053,30,263,503,11002,680,12004,532,23006,California
Nevada,2021-03-13,262,35055,51,19528,206,15259,5,268,93,10931,168,12172,97,23103,California
Nevada,2021-03-14,153,35208,21,19549,127,15386,5,273,33,10849,120,12292,38,23141,California
Nevada,2021-03-15,834,36042,452,20001,370,15756,12,285,354,10737,478,12770,366,23507,California
Nevada,2021-03-16,990,37032,462,20463,467,16223,61,346,643,11095,346,13116,704,24211,California
Nevada,2021-03-17,1012,38044,450,20913,552,16775,10,356,584,11264,425,13541,594,24805,California
Nevada,2021-03-18,961,39005,525,21438,413,17188,23,379,473,11276,484,14025,496,25301,California
Nevada,2021-03-19,744,39749,435,21873,277,17465,32,411,348,11262,394,14419,380,25681,California
Nevada,2021-03-20,818,40567,92,21965,303,17768,423,834,232,11334,580,14999,652,26333,California
Nevada,2021-03-21,57,40624,30,21995,26,17794,1,835,40,11358,17,15016,41,26374,California
Nevada,2021-03-22,798,41422,514,22509,279,18073,5,840,541,11649,255,15271,546,26920,California
Nevada,2021-03-23,848,42270,382,22891,440,18513,26,866,640,12110,205,15476,666,27586,California
Nevada,2021-03-24,1015,43285,539,23430,469,18982,7,873,648,12402,363,15839,655,28241,California
Nevada,2021-03-25,890,44175,448,23878,416,19398,26,899,489,12515,400,16239,513,28754,California
Nevada,2021-03-26,1137,45312,431,24309,669,20067,37,936,825,13068,309,16548,862,29616,California
Nevada,2021-03-27,558,45870,69,24378,473,20540,16,952,380,13286,178,16726,396,30012,California
Nevada,2021-03-28,173,46043,49,24427,111,20651,13,965,38,13204,133,16859,51,30063,California
Nevada,2021-03-29,821,46864,503,24930,296,20947,22,987,394,13195,424,17283,415,30478,California
Nevada,2021-03-30,1038,47902,471,25401,533,21480,34,1021,540,13278,491,17774,574,31052,California
Nevada,2021-03-31,1172,49074,665,26066,490,21970,17,1038,705,13541,459,18233,722,31774,California
Nevada,2021-04-01,1228,50302,720,26786,455,22425,53,1091,550,13470,674,18907,603,32377,California
Nevada,2021-04-02,1280,51582,656,27442,588,23013,36,1127,764,13757,513,19420,800,33177,California
Nevada,2021-04-03,284,51866,86,27528,160,23173,38,1165,79,13670,204,19624,117,33294,California
Nevada,2021-04-04,128,51994,42,27570,79,23252,7,1172,78,13705,50,19674,85,33379,California
Nevada,2021-04-05,934,52928,614,28184,302,23554,18,1190,627,14046,304,19978,645,34024,California
Nevada,2021-04-06,1066,53994,661,28845,262,23816,143,1333,472,14073,588,20566,615,34639,California
Nevada,2021-04-07,1133,55127,809,29654,242,24058,82,1415,602,14231,525,21091,683,35322,California
Nevada,2021-04-08,1271,56398,893,30547,296,24354,82,1497,709,14463,559,21650,791,36113,California
Nevada,2021-04-09,1154,57552,780,31327,307,24661,67,1564,799,14974,355,22005,866,36979,California
Nevada,2021-04-10,257,57809,80,31407,101,24762,76,1640,114,15022,142,22147,190,37169,California
Nevada,2021-04-11,94,57903,31,31438,59,24821,4,1644,35,15002,59,22206,39,37208,California
Nevada,2021-04-12,664,58567,476,31914,179,25000,9,1653,283,14916,378,22584,292,37500,California
Nevada,2021-04-13,839,59406,330,32244,509,25509,0,1653,444,14967,393,22977,444,37944,California
Nevada,2021-04-14,952,60358,491,32735,461,25970,0,1653,488,14999,456,23433,488,38432,California
Nevada,2021-04-15,893,61251,606,33341,287,26257,0,1653,496,15105,390,23823,496,38928,California
Nevada,2021-04-16,862,62113,665,34006,197,26454,0,1653,498,15240,363,24186,498,39426,California
Nevada,2021-04-17,99,62212,13,34019,86,26540,0,1653,35,15212,63,24249,35,39461,California
Orange,2020-12-15,16,16,16,16,0,0,0,0,16,16,0,0,16,16,California
Orange,2020-12-16,367,383,367,383,0,0,0,0,367,383,0,0,367,383,California
Orange,2020-12-17,3716,4099,3716,4099,0,0,0,0,3715,4098,0,0,3715,4098,California
Orange,2020-12-18,5037,9136,5030,9129,7,7,0,0,5036,9134,0,0,5036,9134,California
Orange,2020-12-19,2224,11360,2217,11346,7,14,0,0,2223,11357,0,0,2223,11357,California
Orange,2020-12-20,1974,13334,1972,13318,2,16,0,0,1975,13332,0,0,1975,13332,California
Orange,2020-12-21,4240,17574,4234,17552,6,22,0,0,4240,17572,0,0,4240,17572,California
Orange,2020-12-22,3975,21549,3942,21494,33,55,0,0,3975,21547,0,0,3975,21547,California
Orange,2020-12-23,3551,25100,3198,24692,353,408,0,0,3553,25100,0,0,3553,25100,California
Orange,2020-12-24,1374,26474,1078,25770,296,704,0,0,1374,26474,0,0,1374,26474,California
Orange,2020-12-25,17,26491,12,25782,5,709,0,0,17,26491,0,0,17,26491,California
Orange,2020-12-26,1020,27511,422,26204,598,1307,0,0,1020,27511,0,0,1020,27511,California
Orange,2020-12-27,580,28091,275,26479,305,1612,0,0,580,28091,0,0,580,28091,California
Orange,2020-12-28,3534,31625,2564,29043,970,2582,0,0,3534,31625,0,0,3534,31625,California
Orange,2020-12-29,3559,35184,2561,31604,998,3580,0,0,3558,35182,1,1,3558,35183,California
Orange,2020-12-30,5121,40305,3555,35159,1566,5146,0,0,5121,40303,0,1,5121,40304,California
Orange,2020-12-31,1453,41758,757,35916,696,5842,0,0,1453,41756,0,1,1453,41757,California
Orange,2021-01-01,457,42215,252,36168,205,6047,0,0,456,42211,1,2,456,42213,California
Orange,2021-01-02,1398,43613,893,37061,505,6552,0,0,1398,43609,0,2,1398,43611,California
Orange,2021-01-03,568,44181,315,37376,253,6805,0,0,568,44177,0,2,568,44179,California
Orange,2021-01-04,2712,46893,1555,38931,1157,7962,0,0,2713,46889,1,3,2713,46892,California
Orange,2021-01-05,3501,50394,2283,41214,1218,9180,0,0,3094,49583,403,406,3097,49989,California
Orange,2021-01-06,4980,55374,3461,44675,1519,10699,0,0,3608,51832,1359,1765,3608,53597,California
Orange,2021-01-07,9236,64610,5149,49824,4087,14786,0,0,5674,53960,3549,5314,5677,59274,California
Orange,2021-01-08,9372,73982,5235,55059,4137,18923,0,0,5632,55864,3730,9044,5634,64908,California
Orange,2021-01-09,4984,78966,1733,56792,3251,22174,0,0,3706,58292,1278,10322,3706,68614,California
Orange,2021-01-10,4229,83195,1040,57832,3189,25363,0,0,3350,60768,878,11200,3354,71968,California
Orange,2021-01-11,9421,92616,4886,62718,4535,29898,0,0,5811,62967,3613,14813,5812,77780,California
Orange,2021-01-12,8786,101402,4707,67425,4079,33977,0,0,5329,64842,3455,18268,5330,83110,California
Orange,2021-01-13,10206,111608,4885,72310,5321,39298,0,0,7016,68679,3186,21454,7023,90133,California
Orange,2021-01-14,9942,121550,3764,76074,6178,45476,0,0,8356,75456,1584,23038,8361,98494,California
Orange,2021-01-15,10140,131690,2614,78688,7526,53002,0,0,9268,83850,879,23917,9273,107767,California
Orange,2021-01-16,8698,140388,2090,80778,6608,59610,0,0,8313,91782,385,24302,8317,116084,California
Orange,2021-01-17,8147,148535,1485,82263,6662,66272,0,0,8002,99648,145,24447,8011,124095,California
Orange,2021-01-18,9736,158271,4451,86714,5285,71557,0,0,7496,104903,2243,26690,7498,131593,California
Orange,2021-01-19,7463,165734,5405,92119,2058,73615,0,0,4838,107117,2625,29315,4839,136432,California
Orange,2021-01-20,8253,173987,5804,97923,2449,76064,0,0,5205,109279,3049,32364,5211,141643,California
Orange,2021-01-21,10830,184817,4807,102730,6023,82087,0,0,10043,118544,786,33150,10051,151694,California
Orange,2021-01-22,13557,198374,5073,107803,8484,90571,0,0,12731,130465,818,33968,12739,164433,California
Orange,2021-01-23,13104,211478,6166,113969,6938,97509,0,0,12136,141643,966,34934,12144,176577,California
Orange,2021-01-24,9802,221280,4285,118254,5517,103026,0,0,9486,150818,314,35248,9489,186066,California
Orange,2021-01-25,10412,231692,5844,124098,4568,107594,0,0,7706,155828,2701,37949,7711,193777,California
Orange,2021-01-26,11849,243541,7692,131790,4157,111751,0,0,9710,163405,2135,40084,9712,203489,California
Orange,2021-01-27,13369,256910,7984,139774,5385,117136,0,0,10697,171445,2661,42745,10701,214190,California
Orange,2021-01-28,12982,269892,7175,146949,5807,122943,0,0,11137,180757,1832,44577,11144,225334,California
Orange,2021-01-29,13539,283431,8387,155336,5152,128095,0,0,10692,188620,2834,47411,10697,236031,California
Orange,2021-01-30,12917,296348,4444,159780,8473,136568,0,0,12191,200102,712,48123,12194,248225,California
Orange,2021-01-31,13708,310056,4940,164720,8768,145336,0,0,13276,212956,427,48550,13281,261506,California
Orange,2021-02-01,13983,324039,5754,170474,8229,153565,0,0,12004,223003,1961,50511,12008,273514,California
Orange,2021-02-02,15363,339402,8351,178825,7012,160577,0,0,12629,233010,2625,53136,12632,286146,California
Orange,2021-02-03,16692,356094,12549,191374,4143,164720,0,0,13696,243791,2919,56055,13700,299846,California
Orange,2021-02-04,19783,375877,12935,204309,6848,171568,0,0,14712,253471,5039,61094,14719,314565,California
Orange,2021-02-05,20707,396584,11989,216298,8718,180286,0,0,14453,261710,6216,67310,14455,329020,California
Orange,2021-02-06,16310,412894,10778,227076,5532,185818,0,0,11061,267756,5233,72543,11279,340299,California
Orange,2021-02-07,11514,424408,8099,235175,3415,189233,0,0,7544,271515,3955,76498,7714,348013,California
Orange,2021-02-08,14789,439197,8452,243627,6337,195570,0,0,8810,274379,5952,82450,8816,356829,California
Orange,2021-02-09,17616,456813,11996,255623,5620,201190,0,0,10726,278291,6818,89268,10730,367559,California
Orange,2021-02-10,20862,477675,11161,266784,9701,210891,0,0,12658,282846,8110,97378,12665,380224,California
Orange,2021-02-11,21944,499619,11363,278147,10581,221472,0,0,12347,285739,9472,106850,12365,392589,California
Orange,2021-02-12,24709,524328,11876,290023,12833,234305,0,0,14615,290318,10040,116890,14619,407208,California
Orange,2021-02-13,21978,546306,11888,301911,10090,244395,0,0,11126,291434,10652,127542,11768,418976,California
Orange,2021-02-14,16165,562471,6562,308473,9603,253998,0,0,9543,294380,6598,134140,9544,428520,California
Orange,2021-02-15,17197,579668,7384,315857,9813,263811,0,0,8872,294978,8283,142423,8881,437401,California
Orange,2021-02-16,19878,599546,8964,324821,10914,274725,0,0,10697,296555,9143,151566,10720,448121,California
Orange,2021-02-17,17772,617318,9314,334135,8458,283183,0,0,9163,297178,8570,160136,9193,457314,California
Orange,2021-02-18,14849,632167,9820,343955,5029,288212,0,0,6782,295944,8024,168160,6790,464104,California
Orange,2021-02-19,17811,649978,10720,354675,7091,295303,0,0,6877,291942,10890,179050,6888,470992,California
Orange,2021-02-20,7383,657361,5566,360241,1817,297120,0,0,3741,292070,3622,182672,3750,474742,California
Orange,2021-02-21,4305,661666,3630,363871,675,297795,0,0,770,289338,3503,186175,771,475513,California
Orange,2021-02-22,9583,671249,7830,371701,1753,299548,0,0,3880,287552,5680,191855,3894,479407,California
Orange,2021-02-23,13198,684447,7208,378909,5990,305538,0,0,3482,281381,9663,201518,3492,482899,California
Orange,2021-02-24,21037,705484,12744,391653,8293,313831,0,0,5357,271135,15622,217140,5376,488275,California
Orange,2021-02-25,22523,728007,12202,403855,10321,324152,0,0,7953,264595,14509,231649,7969,496244,California
Orange,2021-02-26,27567,755574,13968,417823,13599,337751,0,0,11089,259333,16375,248024,11113,507357,California
Orange,2021-02-27,24902,780476,10042,427865,14858,352609,2,2,7231,249002,17578,265602,7247,514604,California
Orange,2021-02-28,18971,799447,7338,435203,11633,364242,0,2,4783,239704,14098,279700,4800,519404,California
Orange,2021-03-01,18233,817680,8304,443507,9927,374169,2,4,7026,235599,11145,290845,7040,526444,California
Orange,2021-03-02,14797,832477,7177,450684,7619,381788,1,5,8655,238171,6109,296954,8681,535125,California
Orange,2021-03-03,19969,852446,9241,459925,10725,392513,3,8,10689,239669,9214,306168,10712,545837,California
Orange,2021-03-04,20971,873417,12123,472048,8835,401348,13,21,11062,240892,9877,316045,11100,556937,California
Orange,2021-03-05,19370,892787,9996,482044,9331,410679,43,64,12007,245668,7329,323374,12105,569042,California
Orange,2021-03-06,20159,912946,11303,493347,7995,418674,861,925,10235,246884,9902,333276,11118,580160,California
Orange,2021-03-07,14749,927695,8276,501623,6095,424769,378,1303,8612,249785,6107,339383,9008,589168,California
Orange,2021-03-08,16047,943742,7349,508972,7441,432210,1257,2560,10332,255721,5678,345061,11614,600782,California
Orange,2021-03-09,19544,963286,8485,517457,8633,440843,2426,4986,11234,261108,8277,353338,13664,614446,California
Orange,2021-03-10,23804,987090,11654,529111,9010,449853,3140,8126,12054,264601,11699,365037,15192,629638,California
Orange,2021-03-11,28693,1015783,15629,544740,8987,458840,4077,12203,13366,266793,15248,380285,17440,647078,California
Orange,2021-03-12,29065,1044848,14174,558914,11082,469922,3809,16012,14619,270868,14377,394662,18452,665530,California
Orange,2021-03-13,27577,1072425,10105,569019,13563,483485,3909,19921,13962,275171,13571,408233,17874,683404,California
Orange,2021-03-14,18726,1091151,8119,577138,8093,491578,2514,22435,11826,282638,6873,415106,14340,697744,California
Orange,2021-03-15,22883,1114034,10068,587206,12066,503644,749,23184,14300,289158,8525,423631,15045,712789,California
Orange,2021-03-16,26198,1140232,11065,598271,14914,518558,219,23403,17053,297362,9076,432707,17280,730069,California
Orange,2021-03-17,27056,1167288,13492,611763,13094,531652,470,23873,19349,309530,7651,440358,19819,749888,California
Orange,2021-03-18,27476,1194764,13831,625594,13375,545027,270,24143,21437,325253,5986,446344,21709,771597,California
Orange,2021-03-19,33088,1227852,18176,643770,14488,559515,424,24567,24698,342090,8295,454639,25132,796729,California
Orange,2021-03-20,25529,1253381,13455,657225,11870,571385,204,24771,21865,360551,3607,458246,22068,818797,California
Orange,2021-03-21,18284,1271665,10635,667860,6921,578306,728,25499,15556,374129,2705,460951,16283,835080,California
Orange,2021-03-22,22516,1294181,11642,679502,10554,588860,320,25819,19081,390166,3371,464322,19408,854488,California
Orange,2021-03-23,25712,1319893,13366,692868,11718,600578,628,26447,20702,406552,4946,469268,21332,875820,California
Orange,2021-03-24,28783,1348676,16072,708940,11834,612412,877,27324,21894,422501,6822,476090,22771,898591,California
Orange,2021-03-25,31643,1380319,16752,725692,14233,626645,658,27982,24034,439654,7539,483629,24692,923283,California
Orange,2021-03-26,34250,1414569,17710,743402,15695,642340,845,28827,24869,456070,9297,492926,25713,948996,California
Orange,2021-03-27,28223,1442792,13488,756890,14421,656761,314,29141,20240,468713,7913,500839,20556,969552,California
Orange,2021-03-28,24568,1467360,12699,769589,11802,668563,67,29208,18569,481403,5949,506788,18639,988191,California
Orange,2021-03-29,26190,1493550,11973,781562,13669,682232,548,29756,17856,491542,8266,515054,18405,1006596,California
Orange,2021-03-30,30351,1523901,13750,795312,16220,698452,381,30137,21536,504701,8760,523814,21919,1028515,California
Orange,2021-03-31,36503,1560404,19108,814420,16817,715269,578,30715,24019,516894,12409,536223,24602,1053117,California
Orange,2021-04-01,39122,1599526,20562,834982,17044,732313,1516,32231,26105,531558,12956,549179,27620,1080737,California
Orange,2021-04-02,38936,1638462,19555,854537,17742,750055,1639,33870,22761,539870,16097,565276,24409,1105146,California
Orange,2021-04-03,29499,1667961,15391,869928,12508,762563,1600,35470,15586,543205,13853,579129,17188,1122334,California
Orange,2021-04-04,18077,1686038,10559,880487,6870,769433,648,36118,8113,542037,9928,589057,8760,1131094,California
Orange,2021-04-05,29218,1715256,13858,894345,12138,781571,3222,39340,13801,543687,15368,604425,17018,1148112,California
Orange,2021-04-06,32940,1748196,15475,909820,14171,795742,3294,42634,14343,542796,18520,622945,17629,1165741,California
Orange,2021-04-07,35332,1783528,19769,929589,11171,806913,4392,47026,15711,543336,19548,642493,20088,1185829,California
Orange,2021-04-08,37753,1821281,20960,950549,11515,818428,5278,52304,18478,547865,19208,661701,23737,1209566,California
Orange,2021-04-09,38687,1859968,22491,973040,11335,829763,4861,57165,17037,548169,21581,683282,21885,1231451,California
Orange,2021-04-10,33322,1893290,17441,990481,11782,841545,4099,61264,13668,546340,19579,702861,17750,1249201,California
Orange,2021-04-11,25278,1918568,14237,1004718,7834,849379,3207,64471,9705,543711,15531,718392,12902,1262103,California
Orange,2021-04-12,29217,1947785,14738,1019456,11163,860542,3316,67787,11478,540799,17692,736084,14780,1276883,California
Orange,2021-04-13,31557,1979342,17749,1037205,13746,874288,62,67849,14759,538878,16740,752824,14819,1291702,California
Orange,2021-04-14,32397,2011739,18622,1055827,13753,888041,22,67871,14111,534798,18215,771039,14135,1305837,California
Orange,2021-04-15,35450,2047189,21066,1076893,14374,902415,10,67881,15888,531223,19485,790524,15910,1321747,California
Orange,2021-04-16,38017,2085206,22319,1099212,15678,918093,20,67901,17618,528535,20333,810857,17645,1339392,California
Orange,2021-04-17,19310,2104516,11828,1111040,7481,925574,1,67902,7884,525031,11390,822247,7886,1347278,California
Placer,2020-12-15,29,29,29,29,0,0,0,0,29,29,0,0,29,29,California
Placer,2020-12-16,53,82,53,82,0,0,0,0,53,82,0,0,53,82,California
Placer,2020-12-17,139,221,139,221,0,0,0,0,139,221,0,0,139,221,California
Placer,2020-12-18,330,551,330,551,0,0,0,0,330,551,0,0,330,551,California
Placer,2020-12-19,251,802,251,802,0,0,0,0,251,802,0,0,251,802,California
Placer,2020-12-20,234,1036,234,1036,0,0,0,0,234,1036,0,0,234,1036,California
Placer,2020-12-21,492,1528,491,1527,1,1,0,0,492,1528,0,0,492,1528,California
Placer,2020-12-22,676,2204,669,2196,7,8,0,0,676,2204,0,0,676,2204,California
Placer,2020-12-23,743,2947,658,2854,85,93,0,0,743,2947,0,0,743,2947,California
Placer,2020-12-24,398,3345,346,3200,52,145,0,0,398,3345,0,0,398,3345,California
Placer,2020-12-26,158,3503,113,3313,45,190,0,0,158,3503,0,0,158,3503,California
Placer,2020-12-27,186,3689,163,3476,23,213,0,0,186,3689,0,0,186,3689,California
Placer,2020-12-28,665,4354,537,4013,128,341,0,0,665,4354,0,0,665,4354,California
Placer,2020-12-29,761,5115,513,4526,248,589,0,0,761,5115,0,0,761,5115,California
Placer,2020-12-30,730,5845,454,4980,276,865,0,0,728,5843,0,0,728,5843,California
Placer,2020-12-31,528,6373,343,5323,185,1050,0,0,528,6371,0,0,528,6371,California
Placer,2021-01-01,14,6387,10,5333,4,1054,0,0,14,6385,0,0,14,6385,California
Placer,2021-01-02,184,6571,152,5485,32,1086,0,0,184,6569,0,0,184,6569,California
Placer,2021-01-03,155,6726,79,5564,76,1162,0,0,155,6724,0,0,155,6724,California
Placer,2021-01-04,618,7344,178,5742,440,1602,0,0,618,7342,0,0,618,7342,California
Placer,2021-01-05,723,8067,159,5901,564,2166,0,0,640,7901,82,82,641,7983,California
Placer,2021-01-06,758,8825,243,6144,515,2681,0,0,617,8377,141,223,617,8600,California
Placer,2021-01-07,981,9806,366,6510,615,3296,0,0,776,8948,205,428,776,9376,California
Placer,2021-01-08,1181,10987,527,7037,654,3950,0,0,855,9480,323,751,855,10231,California
Placer,2021-01-09,449,11436,321,7358,128,4078,0,0,233,9498,215,966,233,10464,California
Placer,2021-01-10,329,11765,186,7544,143,4221,0,0,164,9497,165,1131,164,10628,California
Placer,2021-01-11,1427,13192,808,8352,619,4840,0,0,838,9747,589,1720,839,11467,California
Placer,2021-01-12,1644,14836,874,9226,770,5610,0,0,1042,10187,602,2322,1042,12509,California
Placer,2021-01-13,1627,16463,819,10045,808,6418,0,0,1207,10978,418,2740,1209,13718,California
Placer,2021-01-14,1734,18197,652,10697,1082,7500,0,0,1379,12006,352,3092,1380,15098,California
Placer,2021-01-15,1905,20102,722,11419,1183,8683,0,0,1554,13211,350,3442,1555,16653,California
Placer,2021-01-16,1468,21570,718,12137,750,9433,0,0,1347,14438,121,3563,1348,18001,California
Placer,2021-01-17,560,22130,394,12531,166,9599,0,0,428,14734,132,3695,428,18429,California
Placer,2021-01-18,977,23107,540,13071,437,10036,0,0,747,15252,230,3925,748,19177,California
Placer,2021-01-19,2559,25666,1947,15018,612,10648,0,0,2108,16909,451,4376,2108,21285,California
Placer,2021-01-20,2240,27906,1692,16710,548,11196,0,0,1912,18494,328,4704,1913,23198,California
Placer,2021-01-21,2533,30439,1114,17824,1419,12615,0,0,2139,20241,393,5097,2140,25338,California
Placer,2021-01-22,2276,32715,589,18413,1687,14302,0,0,2103,22174,171,5268,2104,27442,California
Placer,2021-01-23,1189,33904,380,18793,809,15111,0,0,1034,23053,155,5423,1034,28476,California
Placer,2021-01-24,507,34411,264,19057,243,15354,0,0,431,23409,76,5499,432,28908,California
Placer,2021-01-25,1646,36057,798,19855,848,16202,0,0,1359,24482,287,5786,1360,30268,California
Placer,2021-01-26,1827,37884,1024,20879,803,17005,0,0,1564,25783,263,6049,1564,31832,California
Placer,2021-01-27,1815,39699,1154,22033,661,17666,0,0,1572,27115,241,6290,1573,33405,California
Placer,2021-01-28,1777,41476,1109,23142,668,18334,0,0,1530,28400,245,6535,1530,34935,California
Placer,2021-01-29,1856,43332,1165,24307,691,19025,0,0,1665,29877,190,6725,1667,36602,California
Placer,2021-01-30,1722,45054,970,25277,752,19777,0,0,1603,31362,118,6843,1603,38205,California
Placer,2021-01-31,779,45833,622,25899,157,19934,0,0,710,32004,69,6912,711,38916,California
Placer,2021-02-01,2065,47898,1086,26985,979,20913,0,0,1749,33437,316,7228,1749,40665,California
Placer,2021-02-02,2367,50265,1536,28521,831,21744,0,0,1882,34837,482,7710,1882,42547,California
Placer,2021-02-03,2911,53176,1873,30394,1038,22782,0,0,2291,36512,616,8326,2291,44838,California
Placer,2021-02-04,2753,55929,1186,31580,1567,24349,0,0,1933,37629,817,9143,1934,46772,California
Placer,2021-02-05,2727,58656,1201,32781,1526,25875,0,0,1400,37707,1322,10465,1400,48172,California
Placer,2021-02-06,1940,60596,1303,34084,637,26512,0,0,1392,38551,548,11013,1392,49564,California
Placer,2021-02-07,1216,61812,907,34991,309,26821,0,0,938,39212,277,11290,938,50502,California
Placer,2021-02-08,3298,65110,1766,36757,1532,28353,0,0,1974,39871,1316,12606,1975,52477,California
Placer,2021-02-09,3533,68643,2164,38921,1369,29722,0,0,1630,39600,1901,14507,1630,54107,California
Placer,2021-02-10,3742,72385,2188,41109,1554,31276,0,0,1746,39355,1993,16500,1748,55855,California
Placer,2021-02-11,3611,75996,1892,43001,1719,32995,0,0,1576,38905,2027,18527,1577,57432,California
Placer,2021-02-12,2749,78745,1316,44317,1433,34428,0,0,1660,39494,1072,19599,1661,59093,California
Placer,2021-02-13,2531,81276,1484,45801,1047,35475,0,0,1880,40723,651,20250,1880,60973,California
Placer,2021-02-14,1075,82351,673,46474,402,35877,0,0,735,41121,337,20587,735,61708,California
Placer,2021-02-15,2176,84527,1042,47516,1134,37011,0,0,1522,41989,655,21242,1523,63231,California
Placer,2021-02-16,3507,88034,1778,49294,1729,38740,0,0,1574,41640,1924,23166,1575,64806,California
Placer,2021-02-17,3498,91532,1959,51253,1539,40279,0,0,1500,41146,1994,25160,1500,66306,California
Placer,2021-02-18,3667,95199,1993,53246,1674,41953,0,0,1566,40621,2092,27252,1567,67873,California
Placer,2021-02-19,3535,98734,1906,55152,1629,43582,0,0,1311,39713,2220,29472,1312,69185,California
Placer,2021-02-20,1967,100701,1227,56379,740,44322,0,0,884,39522,1078,30550,887,70072,California
Placer,2021-02-21,950,101651,726,57105,224,44546,0,0,260,39096,687,31237,261,70333,California
Placer,2021-02-22,2490,104141,1767,58872,723,45269,0,0,602,37811,1887,33124,602,70935,California
Placer,2021-02-23,2501,106642,1560,60432,941,46210,0,0,867,37045,1633,34757,867,71802,California
Placer,2021-02-24,3230,109872,1172,61604,2058,48268,0,0,1780,37387,1440,36197,1782,73584,California
Placer,2021-02-25,3445,113317,1422,63026,2023,50291,0,0,1831,37612,1607,37804,1832,75416,California
Placer,2021-02-26,4062,117379,2372,65398,1690,51981,0,0,2341,38237,1716,39520,2341,77757,California
Placer,2021-02-27,2808,120187,1489,66887,1319,53300,0,0,1447,38332,1355,40875,1450,79207,California
Placer,2021-02-28,1380,121567,790,67677,590,53890,0,0,571,38099,804,41679,571,79778,California
Placer,2021-03-01,2977,124544,1983,69660,994,54884,0,0,1532,38191,1440,43119,1532,81310,California
Placer,2021-03-02,2821,127365,1757,71417,1064,55948,0,0,1857,39089,959,44078,1857,83167,California
Placer,2021-03-03,3244,130609,1385,72802,1859,57807,0,0,1771,39394,1467,45545,1772,84939,California
Placer,2021-03-04,3531,134140,1424,74226,2107,59914,0,0,1845,39566,1674,47219,1846,86785,California
Placer,2021-03-05,2968,137108,1025,75251,1921,61835,22,22,1792,40206,1174,48393,1814,88599,California
Placer,2021-03-06,2392,139500,1480,76731,816,62651,96,118,917,39751,1468,49861,1013,89612,California
Placer,2021-03-07,1291,140791,753,77484,500,63151,38,156,524,39549,764,50625,562,90174,California
Placer,2021-03-08,2883,143674,1825,79309,945,64096,113,269,1647,40074,1235,51860,1760,91934,California
Placer,2021-03-09,3122,146796,1672,80981,1361,65457,89,358,1776,40596,1343,53203,1865,93799,California
Placer,2021-03-10,3239,150035,1309,82290,1823,67280,107,465,1685,40838,1549,54752,1791,95590,California
Placer,2021-03-11,3512,153547,1580,83870,1808,69088,124,589,1685,40830,1819,56571,1811,97401,California
Placer,2021-03-12,3631,157178,1477,85347,1370,70458,784,1373,1216,40422,2409,58980,2001,99402,California
Placer,2021-03-13,2082,159260,732,86079,1233,71691,117,1490,1116,40693,963,59943,1234,100636,California
Placer,2021-03-14,1627,160887,669,86748,809,72500,149,1639,882,40979,745,60688,1031,101667,California
Placer,2021-03-15,3152,164039,1523,88271,1498,73998,131,1770,1744,41450,1406,62094,1877,103544,California
Placer,2021-03-16,3531,167570,1904,90175,1494,75492,133,1903,2268,42597,1255,63349,2402,105946,California
Placer,2021-03-17,3388,170958,1719,91894,1569,77061,100,2003,2195,43702,1191,64540,2296,108242,California
Placer,2021-03-18,3939,174897,2193,94087,1707,78768,39,2042,2815,45436,1119,65659,2853,111095,California
Placer,2021-03-19,3403,178300,2059,96146,1082,79850,262,2304,2178,46657,1218,66877,2439,113534,California
Placer,2021-03-20,2127,180427,891,97037,1138,80988,98,2402,1299,47229,824,67701,1396,114930,California
Placer,2021-03-21,1244,181671,570,97607,665,81653,9,2411,953,47903,288,67989,962,115892,California
Placer,2021-03-22,3260,184931,2093,99700,1080,82733,87,2498,2192,49119,1064,69053,2280,118172,California
Placer,2021-03-23,3477,188408,2075,101775,1311,84044,91,2589,2490,50719,982,70035,2582,120754,California
Placer,2021-03-24,3745,192153,1994,103769,1654,85698,97,2686,1954,50991,1779,71814,2051,122805,California
Placer,2021-03-25,3748,195901,1791,105560,1860,87558,97,2783,1722,50791,2018,73832,1818,124623,California
Placer,2021-03-26,3721,199622,1649,107209,1841,89399,231,3014,1576,50463,2135,75967,1807,126430,California
Placer,2021-03-27,1588,201210,469,107678,1098,90497,21,3035,650,50202,931,76898,670,127100,California
Placer,2021-03-28,1097,202307,529,108207,558,91055,10,3045,379,49878,713,77611,389,127489,California
Placer,2021-03-29,3553,205860,1988,110195,1533,92588,32,3077,1739,49846,1804,79415,1772,129261,California
Placer,2021-03-30,3973,209833,2104,112299,1826,94414,43,3120,2114,50155,1847,81262,2156,131417,California
Placer,2021-03-31,4047,213880,1823,114122,2150,96564,74,3194,1696,49579,2345,83607,1769,133186,California
Placer,2021-04-01,2853,216733,1362,115484,1446,98010,45,3239,1594,49961,1257,84864,1639,134825,California
Placer,2021-04-02,2780,219513,1437,116921,1280,99290,63,3302,1559,50368,1215,86079,1622,136447,California
Placer,2021-04-03,1851,221364,982,117903,739,100029,130,3432,890,50433,954,87033,1019,137466,California
Placer,2021-04-04,703,222067,357,118260,293,100322,53,3485,281,50347,420,87453,334,137800,California
Placer,2021-04-05,2982,225049,1895,120155,915,101237,172,3657,1749,51038,1230,88683,1921,139721,California
Placer,2021-04-06,4260,229309,2468,122623,1499,102736,293,3950,1549,50175,2705,91388,1842,141563,California
Placer,2021-04-07,4470,233779,2555,125178,1461,104197,454,4404,2059,50281,2405,93793,2511,144074,California
Placer,2021-04-08,4659,238438,2585,127763,1532,105729,542,4946,1586,49345,3063,96856,2127,146201,California
Placer,2021-04-09,4021,242459,2215,129978,1195,106924,611,5557,1205,48352,2810,99666,1817,148018,California
Placer,2021-04-10,1902,244361,793,130771,934,107858,175,5732,795,48218,1103,100769,969,148987,California
Placer,2021-04-11,1308,245669,500,131271,776,108634,32,5764,425,47795,879,101648,456,149443,California
Placer,2021-04-12,4003,249672,2578,133849,1053,109687,372,6136,2404,48979,1591,103239,2775,152218,California
Placer,2021-04-13,4247,253919,2917,136766,1328,111015,2,6138,2127,48992,2116,105355,2129,154347,California
Placer,2021-04-14,3775,257694,2290,139056,1484,112499,1,6139,1605,48436,2161,107516,1605,155952,California
Placer,2021-04-15,3702,261396,1989,141045,1712,114211,1,6140,1756,48256,1939,109455,1759,157711,California
Placer,2021-04-16,3351,264747,2002,143047,1349,115560,0,6140,1227,47365,2118,111573,1227,158938,California
Placer,2021-04-17,1062,265809,172,143219,890,116450,0,6140,739,47782,322,111895,739,159677,California
Plumas,2020-12-18,4,4,4,4,0,0,0,0,4,4,0,0,4,4,California
Plumas,2020-12-19,1,5,1,5,0,0,0,0,1,5,0,0,1,5,California
Plumas,2020-12-21,45,50,45,50,0,0,0,0,45,50,0,0,45,50,California
Plumas,2020-12-22,92,142,92,142,0,0,0,0,92,142,0,0,92,142,California
Plumas,2020-12-23,50,192,50,192,0,0,0,0,50,192,0,0,50,192,California
Plumas,2020-12-24,6,198,6,198,0,0,0,0,6,198,0,0,6,198,California
Plumas,2020-12-28,8,206,0,198,8,8,0,0,8,206,0,0,8,206,California
Plumas,2020-12-29,32,238,22,220,10,18,0,0,32,238,0,0,32,238,California
Plumas,2020-12-30,22,260,1,221,21,39,0,0,22,260,0,0,22,260,California
Plumas,2020-12-31,4,264,1,222,3,42,0,0,4,264,0,0,4,264,California
Plumas,2021-01-04,10,274,4,226,6,48,0,0,10,274,0,0,10,274,California
Plumas,2021-01-05,22,296,2,228,20,68,0,0,22,296,0,0,22,296,California
Plumas,2021-01-06,124,420,5,233,119,187,0,0,124,420,0,0,124,420,California
Plumas,2021-01-07,53,473,2,235,51,238,0,0,52,471,1,1,52,472,California
Plumas,2021-01-08,12,485,5,240,7,245,0,0,8,475,4,5,8,480,California
Plumas,2021-01-09,2,487,2,242,0,245,0,0,1,475,1,6,1,481,California
Plumas,2021-01-11,59,546,50,292,9,254,0,0,12,440,47,53,12,493,California
Plumas,2021-01-12,155,701,86,378,69,323,0,0,71,427,84,137,71,564,California
Plumas,2021-01-13,56,757,50,428,6,329,0,0,10,391,46,183,10,574,California
Plumas,2021-01-14,96,853,14,442,82,411,0,0,91,477,5,188,91,665,California
Plumas,2021-01-15,62,915,7,449,55,466,0,0,60,535,2,190,60,725,California
Plumas,2021-01-16,58,973,1,450,57,523,0,0,58,593,0,190,58,783,California
Plumas,2021-01-18,2,975,1,451,1,524,0,0,2,595,0,190,2,785,California
Plumas,2021-01-19,36,1011,5,456,31,555,0,0,32,623,4,194,32,817,California
Plumas,2021-01-20,121,1132,3,459,118,673,0,0,119,740,2,196,119,936,California
Plumas,2021-01-21,113,1245,2,461,111,784,0,0,113,853,0,196,113,1049,California
Plumas,2021-01-22,4,1249,0,461,4,788,0,0,4,857,0,196,4,1053,California
Plumas,2021-01-23,92,1341,1,462,91,879,0,0,92,949,0,196,92,1145,California
Plumas,2021-01-24,1,1342,1,463,0,879,0,0,1,950,0,196,1,1146,California
Plumas,2021-01-25,8,1350,5,468,3,882,0,0,5,952,3,199,5,1151,California
Plumas,2021-01-26,60,1410,2,470,58,940,0,0,52,996,8,207,52,1203,California
Plumas,2021-01-27,25,1435,20,490,5,945,0,0,5,981,20,227,5,1208,California
Plumas,2021-01-28,23,1458,0,490,23,968,0,0,21,1000,2,229,21,1229,California
Plumas,2021-01-29,8,1466,2,492,6,974,0,0,7,1006,1,230,7,1236,California
Plumas,2021-01-30,8,1474,4,496,4,978,0,0,7,1012,1,231,7,1243,California
Plumas,2021-01-31,3,1477,3,499,0,978,0,0,3,1015,0,231,3,1246,California
Plumas,2021-02-01,16,1493,2,501,14,992,0,0,8,1015,8,239,8,1254,California
Plumas,2021-02-02,20,1513,1,502,19,1011,0,0,1,997,19,258,1,1255,California
Plumas,2021-02-03,128,1641,8,510,120,1131,0,0,13,896,114,372,13,1268,California
Plumas,2021-02-04,101,1742,8,518,93,1224,0,0,23,841,78,450,23,1291,California
Plumas,2021-02-05,24,1766,11,529,13,1237,0,0,9,835,15,465,9,1300,California
Plumas,2021-02-06,7,1773,0,529,7,1244,0,0,7,842,0,465,7,1307,California
Plumas,2021-02-08,15,1788,7,536,8,1252,0,0,3,833,12,477,3,1310,California
Plumas,2021-02-09,170,1958,1,537,169,1421,0,0,110,883,60,537,110,1420,California
Plumas,2021-02-10,89,2047,9,546,80,1501,0,0,80,955,9,546,81,1501,California
Plumas,2021-02-11,322,2369,7,553,315,1816,0,0,263,1159,59,605,263,1764,California
Plumas,2021-02-12,122,2491,3,556,119,1935,0,0,118,1273,4,609,118,1882,California
Plumas,2021-02-13,72,2563,3,559,69,2004,0,0,13,1227,59,668,13,1895,California
Plumas,2021-02-14,7,2570,4,563,3,2007,0,0,7,1234,0,668,7,1902,California
Plumas,2021-02-15,26,2596,3,566,23,2030,0,0,25,1258,1,669,25,1927,California
Plumas,2021-02-16,76,2672,4,570,72,2102,0,0,14,1210,62,731,14,1941,California
Plumas,2021-02-17,136,2808,5,575,131,2233,0,0,12,1098,124,855,12,1953,California
Plumas,2021-02-18,128,2936,6,581,122,2355,0,0,19,1008,109,964,19,1972,California
Plumas,2021-02-19,41,2977,4,585,37,2392,0,0,6,979,35,999,6,1978,California
Plumas,2021-02-20,103,3080,6,591,97,2489,0,0,11,898,92,1091,11,1989,California
Plumas,2021-02-21,6,3086,5,596,1,2490,0,0,2,896,4,1095,2,1991,California
Plumas,2021-02-22,3,3089,1,597,2,2492,0,0,0,893,3,1098,0,1991,California
Plumas,2021-02-23,24,3113,4,601,20,2512,0,0,16,901,8,1106,16,2007,California
Plumas,2021-02-24,455,3568,6,607,449,2961,0,0,443,1332,12,1118,443,2450,California
Plumas,2021-02-25,231,3799,9,616,222,3183,0,0,171,1443,60,1178,171,2621,California
Plumas,2021-02-26,264,4063,8,624,256,3439,0,0,256,1692,8,1186,257,2878,California
Plumas,2021-02-27,40,4103,4,628,36,3475,0,0,33,1718,7,1193,33,2911,California
Plumas,2021-02-28,1,4104,0,628,1,3476,0,0,1,1719,0,1193,1,2912,California
Plumas,2021-03-01,12,4116,3,631,9,3485,0,0,7,1722,4,1197,7,2919,California
Plumas,2021-03-02,9,4125,0,631,9,3494,0,0,6,1725,3,1200,6,2925,California
Plumas,2021-03-03,152,4277,10,641,142,3636,0,0,136,1845,16,1216,136,3061,California
Plumas,2021-03-04,249,4526,9,650,240,3876,0,0,228,2052,21,1237,228,3289,California
Plumas,2021-03-05,396,4922,6,656,385,4261,5,5,385,2431,11,1248,390,3679,California
Plumas,2021-03-06,16,4938,1,657,7,4268,8,13,3,2429,13,1261,11,3690,California
Plumas,2021-03-07,13,4951,2,659,2,4270,9,22,3,2431,10,1271,12,3702,California
Plumas,2021-03-08,29,4980,3,662,2,4272,24,46,3,2432,26,1297,27,3729,California
Plumas,2021-03-09,132,5112,1,663,116,4388,15,61,18,2351,114,1411,33,3762,California
Plumas,2021-03-10,254,5366,3,666,237,4625,14,75,107,2326,146,1557,121,3883,California
Plumas,2021-03-11,180,5546,8,674,167,4792,5,80,145,2441,35,1592,150,4033,California
Plumas,2021-03-12,593,6139,3,677,303,5095,287,367,23,2181,570,2162,310,4343,California
Plumas,2021-03-13,25,6164,4,681,10,5105,11,378,5,2177,20,2182,16,4359,California
Plumas,2021-03-14,11,6175,2,683,4,5109,5,383,1,2174,9,2191,6,4365,California
Plumas,2021-03-15,33,6208,1,684,26,5135,6,389,7,2161,26,2217,13,4378,California
Plumas,2021-03-16,59,6267,2,686,56,5191,1,390,49,2201,10,2227,50,4428,California
Plumas,2021-03-17,75,6342,10,696,64,5255,1,391,60,2248,14,2241,61,4489,California
Plumas,2021-03-18,57,6399,6,702,34,5289,17,408,8,2224,49,2290,25,4514,California
Plumas,2021-03-19,163,6562,6,708,155,5444,2,410,154,2374,7,2297,157,4671,California
Plumas,2021-03-20,690,7252,4,712,685,6129,1,411,669,3025,19,2316,670,5341,California
Plumas,2021-03-21,2,7254,1,713,1,6130,0,411,1,3026,0,2316,1,5342,California
Plumas,2021-03-22,180,7434,2,715,178,6308,0,411,173,3192,7,2323,173,5515,California
Plumas,2021-03-23,27,7461,2,717,25,6333,0,411,13,3191,14,2337,13,5528,California
Plumas,2021-03-24,650,8111,7,724,642,6975,1,412,220,2982,430,2767,221,5749,California
Plumas,2021-03-25,290,8401,5,729,283,7258,2,414,150,2992,140,2907,150,5899,California
Plumas,2021-03-26,308,8709,8,737,300,7558,0,414,46,2777,261,3168,46,5945,California
Plumas,2021-03-27,11,8720,1,738,9,7567,1,415,2,2771,9,3177,3,5948,California
Plumas,2021-03-28,5,8725,3,741,1,7568,1,416,3,2773,2,3179,4,5952,California
Plumas,2021-03-29,13,8738,4,745,8,7576,1,417,5,2771,8,3187,6,5958,California
Plumas,2021-03-30,151,8889,3,748,147,7723,1,418,24,2669,127,3314,25,5983,California
Plumas,2021-03-31,277,9166,2,750,274,7997,1,419,258,2909,19,3333,259,6242,California
Plumas,2021-04-01,290,9456,12,762,278,8275,0,419,59,2738,230,3563,59,6301,California
Plumas,2021-04-02,372,9828,4,766,367,8642,1,420,27,2433,333,3896,28,6329,California
Plumas,2021-04-03,15,9843,2,768,5,8647,8,428,3,2432,12,3908,11,6340,California
Plumas,2021-04-04,3,9846,1,769,1,8648,1,429,0,2430,3,3911,1,6341,California
Plumas,2021-04-05,14,9860,4,773,9,8657,1,430,7,2431,7,3918,8,6349,California
Plumas,2021-04-06,119,9979,6,779,82,8739,31,461,12,2362,107,4025,38,6387,California
Plumas,2021-04-07,279,10258,7,786,98,8837,174,635,27,2311,252,4277,201,6588,California
Plumas,2021-04-08,148,10406,3,789,130,8967,15,650,34,2246,113,4390,48,6636,California
Plumas,2021-04-09,48,10454,8,797,25,8992,15,665,18,2248,30,4420,32,6668,California
Plumas,2021-04-10,23,10477,2,799,5,8997,16,681,4,2249,19,4439,20,6688,California
Plumas,2021-04-11,4,10481,3,802,0,8997,1,682,3,2252,1,4440,4,6692,California
Plumas,2021-04-12,9,10490,4,806,4,9001,1,683,6,2256,3,4443,7,6699,California
Plumas,2021-04-13,188,10678,5,811,183,9184,0,683,127,2322,61,4504,127,6826,California
Plumas,2021-04-14,104,10782,6,817,98,9282,0,683,52,2322,52,4556,52,6878,California
Plumas,2021-04-15,43,10825,2,819,41,9323,0,683,30,2339,13,4569,30,6908,California
Plumas,2021-04-16,144,10969,5,824,139,9462,0,683,4,2203,140,4709,4,6912,California
Plumas,2021-04-17,655,11624,0,824,655,10117,0,683,16,1582,637,5346,16,6928,California
Riverside,2020-12-15,4,4,4,4,0,0,0,0,4,4,0,0,4,4,California
Riverside,2020-12-16,63,67,63,67,0,0,0,0,63,67,0,0,63,67,California
Riverside,2020-12-17,806,873,806,873,0,0,0,0,806,873,0,0,806,873,California
Riverside,2020-12-18,1723,2596,1722,2595,1,1,0,0,1723,2596,0,0,1723,2596,California
Riverside,2020-12-19,1024,3620,1022,3617,2,3,0,0,1022,3617,1,1,1022,3618,California
Riverside,2020-12-20,1085,4705,1084,4701,1,4,0,0,1085,4702,0,1,1085,4703,California
Riverside,2020-12-21,2272,6977,2270,6971,2,6,0,0,2272,6974,0,1,2272,6975,California
Riverside,2020-12-22,2249,9226,2210,9181,39,45,0,0,2248,9222,0,1,2248,9223,California
Riverside,2020-12-23,2123,11349,1787,10968,336,381,0,0,2124,11346,0,1,2124,11347,California
Riverside,2020-12-24,827,12176,624,11592,203,584,0,0,827,12173,0,1,827,12174,California
Riverside,2020-12-25,28,12204,5,11597,23,607,0,0,28,12201,0,1,28,12202,California
Riverside,2020-12-26,400,12604,257,11854,143,750,0,0,400,12601,0,1,400,12602,California
Riverside,2020-12-27,361,12965,243,12097,118,868,0,0,361,12962,0,1,361,12963,California
Riverside,2020-12-28,1625,14590,1125,13222,500,1368,0,0,1625,14587,0,1,1625,14588,California
Riverside,2020-12-29,1736,16326,971,14193,765,2133,0,0,1736,16323,0,1,1736,16324,California
Riverside,2020-12-30,2571,18897,1681,15874,890,3023,0,0,2570,18893,0,1,2570,18894,California
Riverside,2020-12-31,1022,19919,395,16269,627,3650,0,0,1024,19917,0,1,1024,19918,California
Riverside,2021-01-01,104,20023,40,16309,64,3714,0,0,104,20021,0,1,104,20022,California
Riverside,2021-01-02,831,20854,691,17000,140,3854,0,0,831,20852,0,1,831,20853,California
Riverside,2021-01-03,344,21198,299,17299,45,3899,0,0,343,21195,0,1,343,21196,California
Riverside,2021-01-04,1256,22454,792,18091,464,4363,0,0,1256,22451,0,1,1256,22452,California
Riverside,2021-01-05,1977,24431,1362,19453,615,4978,0,0,1883,24246,88,89,1883,24335,California
Riverside,2021-01-06,2470,26901,1100,20553,1370,6348,0,0,2164,26108,302,391,2164,26499,California
Riverside,2021-01-07,2768,29669,1815,22368,953,7301,0,0,1704,26754,1060,1451,1706,28205,California
Riverside,2021-01-08,4040,33709,2934,25302,1106,8407,0,0,2232,27182,1804,3255,2232,30437,California
Riverside,2021-01-09,2070,35779,845,26147,1225,9632,0,0,1724,28561,345,3600,1724,32161,California
Riverside,2021-01-10,1661,37440,732,26879,929,10561,0,0,1058,29016,603,4203,1058,33219,California
Riverside,2021-01-11,4511,41951,3090,29969,1421,11982,0,0,2780,30069,1728,5931,2781,36000,California
Riverside,2021-01-12,3397,45348,2726,32695,671,12653,0,0,1711,30099,1681,7612,1711,37711,California
Riverside,2021-01-13,4381,49729,2868,35563,1513,14166,0,0,2779,31279,1599,9211,2779,40490,California
Riverside,2021-01-14,5452,55181,1862,37425,3590,17756,0,0,4867,35561,585,9796,4867,45357,California
Riverside,2021-01-15,6138,61319,2092,39517,4046,21802,0,0,5852,41128,285,10081,5852,51209,California
Riverside,2021-01-16,3609,64928,1017,40534,2592,24394,0,0,3364,44248,245,10326,3365,54574,California
Riverside,2021-01-17,3592,68520,582,41116,3010,27404,0,0,3397,47451,194,10520,3397,57971,California
Riverside,2021-01-18,3716,72236,2018,43134,1698,29102,0,0,2711,49157,1005,11525,2711,60682,California
Riverside,2021-01-19,7388,79624,2636,45770,4752,33854,0,0,6271,54312,1117,12642,6272,66954,California
Riverside,2021-01-20,7954,87578,2872,48642,5082,38936,0,0,6472,59314,1473,14115,6475,73429,California
Riverside,2021-01-21,8202,95780,3367,52009,4835,43771,0,0,7587,66285,616,14731,7587,81016,California
Riverside,2021-01-22,8694,104474,2963,54972,5731,49502,0,0,8265,74124,427,15158,8266,89282,California
Riverside,2021-01-23,5919,110393,2390,57362,3529,53031,0,0,5191,78588,728,15886,5192,94474,California
Riverside,2021-01-24,3033,113426,1431,58793,1602,54633,0,0,2820,81199,210,16096,2821,97295,California
Riverside,2021-01-25,7871,121297,4535,63328,3336,57969,0,0,6748,86827,1121,17217,6749,104044,California
Riverside,2021-01-26,9110,130407,5731,69059,3379,61348,0,0,7601,92922,1507,18724,7602,111646,California
Riverside,2021-01-27,10498,140905,6169,75228,4329,65677,0,0,8984,100400,1511,20235,8989,120635,California
Riverside,2021-01-28,11384,152289,6695,81923,4689,70366,0,0,10229,109484,1147,21382,10231,130866,California
Riverside,2021-01-29,11839,164128,7221,89144,4618,74984,0,0,10473,118622,1339,22721,10477,141343,California
Riverside,2021-01-30,9042,173170,4603,93747,4439,79423,0,0,8582,126748,457,23178,8583,149926,California
Riverside,2021-01-31,5144,178314,4242,97989,902,80325,0,0,5016,131640,127,23305,5019,154945,California
Riverside,2021-02-01,10819,189133,6675,104664,4144,84469,0,0,9043,138915,1770,25075,9045,163990,California
Riverside,2021-02-02,9377,198510,4772,109436,4605,89074,0,0,7902,145351,1468,26543,7904,171894,California
Riverside,2021-02-03,11993,210503,4973,114409,7020,96094,0,0,9765,152899,2217,28760,9765,181659,California
Riverside,2021-02-04,13544,224047,6045,120454,7499,103593,0,0,11459,162282,2078,30838,11461,193120,California
Riverside,2021-02-05,14305,238352,5392,125846,8913,112506,0,0,11270,170529,3027,33865,11274,204394,California
Riverside,2021-02-06,7251,245603,4282,130128,2969,115475,0,0,5616,174520,1628,35493,5619,210013,California
Riverside,2021-02-07,2159,247762,788,130916,1371,116846,0,0,1843,176049,315,35808,1844,211857,California
Riverside,2021-02-08,12431,260193,5521,136437,6910,123756,0,0,10152,183942,2262,38070,10155,222012,California
Riverside,2021-02-09,9629,269822,4515,140952,5114,128870,0,0,7717,189760,1904,39974,7722,229734,California
Riverside,2021-02-10,12003,281825,6972,147924,5031,133901,0,0,8896,195569,3095,43069,8904,238638,California
Riverside,2021-02-11,16469,298294,8976,156900,7493,141394,0,0,12098,203332,4349,47418,12112,250750,California
Riverside,2021-02-12,17649,315943,10803,167703,6846,148240,0,0,12813,211362,4793,52211,12823,263573,California
Riverside,2021-02-13,6306,322249,2113,169816,4193,152433,0,0,3079,211253,3209,55420,3100,266673,California
Riverside,2021-02-14,4923,327172,1120,170936,3803,156236,0,0,2175,210685,2744,58164,2176,268849,California
Riverside,2021-02-15,9806,336978,4996,175932,4810,161046,0,0,5403,211700,4395,62559,5410,274259,California
Riverside,2021-02-16,16093,353071,10101,186033,5992,167038,0,0,9245,214111,6841,69400,9252,283511,California
Riverside,2021-02-17,14986,368057,8183,194216,6803,173841,0,0,7554,214254,7420,76820,7563,291074,California
Riverside,2021-02-18,15442,383499,8920,203136,6522,180363,0,0,8049,214940,7376,84196,8062,299136,California
Riverside,2021-02-19,15216,398715,8204,211340,7012,187375,0,0,7199,214149,7998,92194,7207,306343,California
Riverside,2021-02-20,8051,406766,4250,215590,3801,191176,0,0,2087,210289,5950,98144,2090,308433,California
Riverside,2021-02-21,3399,410165,2885,218475,514,191690,0,0,1024,208948,2365,100509,1024,309457,California
Riverside,2021-02-22,12278,422443,7701,226176,4577,196267,0,0,5094,206878,7169,107678,5099,314556,California
Riverside,2021-02-23,10988,433431,7477,233653,3511,199778,0,0,5350,206618,5614,113292,5354,319910,California
Riverside,2021-02-24,14696,448127,8020,241673,6676,206454,0,0,6406,204789,8252,121544,6423,326333,California
Riverside,2021-02-25,17104,465231,7267,248940,9837,216291,0,0,7971,203672,9112,130656,7995,334328,California
Riverside,2021-02-26,18224,483455,6671,255611,11553,227844,0,0,9097,203728,9072,139728,9128,343456,California
Riverside,2021-02-27,11339,494794,4905,260516,6434,234278,0,0,5668,203783,5639,145367,5694,349150,California
Riverside,2021-02-28,4609,499403,2945,263461,1664,235942,0,0,2376,203943,2223,147590,2383,351533,California
Riverside,2021-03-01,14233,513636,6057,269518,8175,244117,1,1,8403,206571,5803,153393,8431,359964,California
Riverside,2021-03-02,14756,528392,7230,276748,7525,251642,1,2,8728,209319,6007,159400,8755,368719,California
Riverside,2021-03-03,16654,545046,8213,284961,8441,260083,0,2,7148,207131,9461,168861,7273,375992,California
Riverside,2021-03-04,16406,561452,5966,290927,10436,270519,4,6,7958,206827,8407,177268,8103,384095,California
Riverside,2021-03-05,17456,578908,6875,297802,10537,281056,44,50,8754,207244,8654,185922,9071,393166,California
Riverside,2021-03-06,9073,587981,4689,302491,3906,284962,478,528,4624,207940,4436,190358,5132,398298,California
Riverside,2021-03-07,4164,592145,2690,305181,1087,286049,387,915,1955,208087,2201,192559,2348,400646,California
Riverside,2021-03-08,10290,602435,4657,309838,5234,291283,399,1314,4385,207011,5889,198448,4813,405459,California
Riverside,2021-03-09,12798,615233,6022,315860,6323,297606,453,1767,5222,205241,7563,206011,5793,411252,California
Riverside,2021-03-10,13371,628604,6690,322550,5869,303475,812,2579,5535,203928,7808,213819,6495,417747,California
Riverside,2021-03-11,17197,645801,8514,331064,6986,310461,1697,4276,6860,202384,10308,224127,8764,426511,California
Riverside,2021-03-12,21035,666836,7894,338958,8467,318928,4674,8950,7068,200520,13937,238064,12073,438584,California
Riverside,2021-03-13,8212,675048,2499,341457,4556,323484,1157,10107,4264,202087,3934,241998,5501,444085,California
Riverside,2021-03-14,4543,679591,1576,343033,1678,325162,1289,11396,2029,202898,2504,244502,3315,447400,California
Riverside,2021-03-15,18550,698141,7820,350853,9062,334224,1668,13064,9103,204361,9410,253912,10873,458273,California
Riverside,2021-03-16,20843,718984,10100,360953,9932,344156,811,13875,11362,207184,9445,263357,12268,470541,California
Riverside,2021-03-17,21187,740171,10856,371809,9286,353442,1045,14920,12737,212606,8421,271778,13843,484384,California
Riverside,2021-03-18,22492,762663,11697,383506,9146,362588,1649,16569,12495,216805,9954,281732,14153,498537,California
Riverside,2021-03-19,23915,786578,12542,396048,10428,373016,945,17514,13977,222199,9890,291622,15284,513821,California
Riverside,2021-03-20,10526,797104,6813,402861,2555,375571,1158,18672,6763,226385,3736,295358,7922,521743,California
Riverside,2021-03-21,3660,800764,2860,405721,547,376118,253,18925,2514,228021,1133,296491,2769,524512,California
Riverside,2021-03-22,16578,817342,9894,415615,6128,382246,556,19481,10579,233195,5960,302451,11134,535646,California
Riverside,2021-03-23,18485,835827,10454,426069,7610,389856,421,19902,11984,239165,6453,308904,12423,548069,California
Riverside,2021-03-24,18585,854412,10369,436438,8097,397953,119,20021,12825,246396,5719,314623,12950,561019,California
Riverside,2021-03-25,20975,875387,11598,448036,9202,407155,175,20196,14259,254182,6653,321276,14439,575458,California
Riverside,2021-03-26,24002,899389,11850,459886,11982,419137,170,20366,15091,260622,8826,330102,15266,590724,California
Riverside,2021-03-27,9183,908572,4815,464701,3315,422452,1053,21419,4731,261971,4436,334538,5785,596509,California
Riverside,2021-03-28,4715,913287,3102,467803,1522,423974,91,21510,2839,263034,1868,336406,2931,599440,California
Riverside,2021-03-29,15566,928853,7901,475704,7550,431524,115,21625,10040,267700,5499,341905,10165,609605,California
Riverside,2021-03-30,18257,947110,9521,485225,8535,440059,201,21826,11916,273511,6310,348215,12121,621726,California
Riverside,2021-03-31,17956,965066,8366,493591,9290,449349,300,22126,11673,279251,6242,354457,11982,633708,California
Riverside,2021-04-01,25232,990298,12362,505953,12132,461481,738,22864,16826,288459,8357,362814,17565,651273,California
Riverside,2021-04-02,25795,1016093,13909,519862,10962,472443,924,23788,16376,296619,9368,372182,17528,668801,California
Riverside,2021-04-03,9085,1025178,5754,525616,2770,475213,561,24349,5887,299880,3186,375368,6447,675248,California
Riverside,2021-04-04,3284,1028462,1998,527614,1071,476284,215,24564,1699,300213,1581,376949,1914,677162,California
Riverside,2021-04-05,18068,1046530,9352,536966,6900,483184,1816,26380,10565,305121,7476,384425,12384,689546,California
Riverside,2021-04-06,23452,1069982,12171,549137,9212,492396,2069,28449,13247,310275,10159,394584,15313,704859,California
Riverside,2021-04-07,24344,1094326,13154,562291,8751,501147,2439,30888,14240,316891,10065,404649,16681,721540,California
Riverside,2021-04-08,26820,1121146,14785,577076,9148,510295,2887,33775,16922,326848,9840,414489,19797,741337,California
Riverside,2021-04-09,25453,1146599,15167,592243,7987,518282,2299,36074,15814,335388,9595,424084,18135,759472,California
Riverside,2021-04-10,11460,1158059,6377,598620,3732,522014,1351,37425,4882,335080,6538,430622,6230,765702,California
Riverside,2021-04-11,4536,1162595,2720,601340,1233,523247,583,38008,2162,335463,2363,432985,2746,768448,California
Riverside,2021-04-12,19517,1182112,8677,610017,8364,531611,2476,40484,10244,338945,9237,442222,12719,781167,California
Riverside,2021-04-13,19255,1201367,10706,620723,8522,540133,27,40511,11084,341926,8132,450354,11113,792280,California
Riverside,2021-04-14,19673,1221040,10457,631180,9203,549336,13,40524,10057,342426,9573,459927,10073,802353,California
Riverside,2021-04-15,18737,1239777,10320,641500,8413,557749,4,40528,9456,342675,9218,469145,9467,811820,California
Riverside,2021-04-16,22682,1262459,13032,654532,9645,567394,5,40533,10286,340635,12344,481489,10304,822124,California
Riverside,2021-04-17,3687,1266146,2463,656995,1224,568618,0,40533,1796,340551,1884,483373,1800,823924,California
Sacramento,2020-12-15,314,314,314,314,0,0,0,0,314,314,0,0,314,314,California
Sacramento,2020-12-16,644,958,644,958,0,0,0,0,644,958,0,0,644,958,California
Sacramento,2020-12-17,645,1603,645,1603,0,0,0,0,645,1603,0,0,645,1603,California
Sacramento,2020-12-18,973,2576,970,2573,3,3,0,0,973,2576,0,0,973,2576,California
Sacramento,2020-12-19,613,3189,613,3186,0,3,0,0,613,3189,0,0,613,3189,California
Sacramento,2020-12-20,634,3823,634,3820,0,3,0,0,634,3823,0,0,634,3823,California
Sacramento,2020-12-21,1679,5502,1678,5498,1,4,0,0,1680,5503,0,0,1680,5503,California
Sacramento,2020-12-22,2092,7594,2062,7560,30,34,0,0,2092,7595,0,0,2092,7595,California
Sacramento,2020-12-23,2246,9840,2080,9640,166,200,0,0,2246,9841,0,0,2246,9841,California
Sacramento,2020-12-24,1045,10885,834,10474,211,411,0,0,1045,10886,0,0,1045,10886,California
Sacramento,2020-12-25,1,10886,0,10474,1,412,0,0,1,10887,0,0,1,10887,California
Sacramento,2020-12-26,508,11394,291,10765,217,629,0,0,508,11395,0,0,508,11395,California
Sacramento,2020-12-27,350,11744,247,11012,103,732,0,0,350,11745,0,0,350,11745,California
Sacramento,2020-12-28,1902,13646,1322,12334,580,1312,0,0,1901,13645,1,1,1901,13646,California
Sacramento,2020-12-29,1950,15596,1187,13521,763,2075,0,0,1950,15595,0,1,1950,15596,California
Sacramento,2020-12-30,2566,18162,1464,14985,1102,3177,0,0,2567,18162,0,1,2567,18163,California
Sacramento,2020-12-31,1228,19390,695,15680,533,3710,0,0,1228,19390,0,1,1228,19391,California
Sacramento,2021-01-01,68,19458,59,15739,9,3719,0,0,68,19458,0,1,68,19459,California
Sacramento,2021-01-02,563,20021,362,16101,201,3920,0,0,563,20021,0,1,563,20022,California
Sacramento,2021-01-03,409,20430,220,16321,189,4109,0,0,409,20430,0,1,409,20431,California
Sacramento,2021-01-04,1959,22389,845,17166,1114,5223,0,0,1957,22386,1,2,1957,22388,California
Sacramento,2021-01-05,2208,24597,985,18151,1223,6446,0,0,1854,23893,354,356,1861,24249,California
Sacramento,2021-01-06,2731,27328,1623,19774,1108,7554,0,0,1956,25077,772,1128,1956,26205,California
Sacramento,2021-01-07,2830,30158,1505,21279,1325,8879,0,0,1971,26192,856,1984,1971,28176,California
Sacramento,2021-01-08,3286,33444,2087,23366,1199,10078,0,0,2248,27407,1034,3018,2249,30425,California
Sacramento,2021-01-09,1289,34733,798,24164,491,10569,0,0,898,27916,389,3407,898,31323,California
Sacramento,2021-01-10,1247,35980,712,24876,535,11104,0,0,774,28219,472,3879,775,32098,California
Sacramento,2021-01-11,4336,40316,2947,27823,1389,12493,0,0,2409,28704,1926,5805,2411,34509,California
Sacramento,2021-01-12,4418,44734,3033,30856,1385,13878,0,0,2453,29197,1964,7769,2457,36966,California
Sacramento,2021-01-13,3774,48508,2163,33019,1611,15489,0,0,2364,30154,1409,9178,2366,39332,California
Sacramento,2021-01-14,4591,53099,2360,35379,2231,17720,0,0,3668,32903,919,10097,3668,43000,California
Sacramento,2021-01-15,4401,57500,2262,37641,2139,19859,0,0,3679,35862,721,10818,3680,46680,California
Sacramento,2021-01-16,2092,59592,1292,38933,800,20659,0,0,1875,37520,217,11035,1875,48555,California
Sacramento,2021-01-17,1633,61225,950,39883,683,21342,0,0,1455,38800,178,11213,1458,50013,California
Sacramento,2021-01-18,2857,64082,1764,41647,1093,22435,0,0,2332,40609,524,11737,2333,52346,California
Sacramento,2021-01-19,4618,68700,3054,44701,1564,23999,0,0,3352,42696,1266,13003,3353,55699,California
Sacramento,2021-01-20,4766,73466,2818,47519,1948,25947,0,0,3554,45041,1214,14217,3559,59258,California
Sacramento,2021-01-21,5178,78644,2984,50503,2194,28141,0,0,4216,48302,956,15173,4217,63475,California
Sacramento,2021-01-22,4967,83611,2645,53148,2322,30463,0,0,4663,52663,303,15476,4664,68139,California
Sacramento,2021-01-23,3724,87335,1558,54706,2166,32629,0,0,3270,55479,454,15930,3270,71409,California
Sacramento,2021-01-24,1574,88909,986,55692,588,33217,0,0,1335,56576,239,16169,1336,72745,California
Sacramento,2021-01-25,4352,93261,2110,57802,2242,35459,0,0,2936,58098,1416,17585,2938,75683,California
Sacramento,2021-01-26,4699,97960,2129,59931,2570,38029,0,0,3500,60403,1197,18782,3502,79185,California
Sacramento,2021-01-27,5792,103752,3047,62978,2745,40774,0,0,4189,62994,1600,20382,4191,83376,California
Sacramento,2021-01-28,5349,109101,2706,65684,2643,43417,0,0,4253,66153,1095,21477,4254,87630,California
Sacramento,2021-01-29,5372,114473,2925,68609,2447,45864,0,0,4357,69503,1007,22484,4357,91987,California
Sacramento,2021-01-30,4499,118972,2198,70807,2301,48165,0,0,4066,73138,431,22915,4066,96053,California
Sacramento,2021-01-31,2288,121260,1994,72801,294,48459,0,0,2016,74886,270,23185,2018,98071,California
Sacramento,2021-02-01,5897,127157,3007,75808,2890,51349,0,0,4241,77473,1654,24839,4241,102312,California
Sacramento,2021-02-02,6851,134008,3760,79568,3091,54440,0,0,4772,80185,2062,26901,4774,107086,California
Sacramento,2021-02-03,7084,141092,3547,83115,3537,57977,0,0,5228,83568,1847,28748,5230,112316,California
Sacramento,2021-02-04,7690,148782,3619,86734,4071,62048,0,0,5484,86856,2196,30944,5484,117800,California
Sacramento,2021-02-05,7715,156497,4367,91101,3348,65396,0,0,4809,88785,2883,33827,4812,122612,California
Sacramento,2021-02-06,8416,164913,3438,94539,4978,70374,0,0,7085,94544,1327,35154,7086,129698,California
Sacramento,2021-02-07,4039,168952,2157,96696,1882,72256,0,0,2822,96159,1209,36363,2824,132522,California
Sacramento,2021-02-08,6189,175141,3197,99893,2992,75248,0,0,3882,97738,2303,38666,3882,136404,California
Sacramento,2021-02-09,6710,181851,3503,103396,3207,78455,0,0,3920,98878,2781,41447,3921,140325,California
Sacramento,2021-02-10,7644,189495,4176,107572,3468,81923,0,0,4528,100305,3103,44550,4530,144855,California
Sacramento,2021-02-11,8765,198260,4979,112551,3786,85709,0,0,4789,101132,3964,48514,4791,149646,California
Sacramento,2021-02-12,10553,208813,4134,116685,6419,92128,0,0,6371,103363,4143,52657,6374,156020,California
Sacramento,2021-02-13,7587,216400,2985,119670,4602,96730,0,0,6008,107794,1577,54234,6008,162028,California
Sacramento,2021-02-14,3105,219505,1923,121593,1182,97912,0,0,2066,108827,1037,55271,2070,164098,California
Sacramento,2021-02-15,5942,225447,2033,123626,3909,101821,0,0,4150,111195,1784,57055,4152,168250,California
Sacramento,2021-02-16,8843,234290,4194,127820,4649,106470,0,0,5262,112888,3574,60629,5267,173517,California
Sacramento,2021-02-17,8796,243086,4964,132784,3832,110302,0,0,5122,114349,3662,64291,5123,178640,California
Sacramento,2021-02-18,8815,251901,5045,137829,3770,114072,0,0,5075,115693,3734,68025,5078,183718,California
Sacramento,2021-02-19,9978,261879,6123,143952,3855,117927,0,0,5905,117542,4060,72085,5909,189627,California
Sacramento,2021-02-20,7333,269212,5354,149306,1979,119906,0,0,4288,118793,3038,75123,4289,193916,California
Sacramento,2021-02-21,2881,272093,2295,151601,586,120492,0,0,1002,117923,1872,76995,1002,194918,California
Sacramento,2021-02-22,6149,278242,3723,155324,2426,122918,0,0,2665,117116,3476,80471,2669,197587,California
Sacramento,2021-02-23,7097,285339,4414,159738,2683,125601,0,0,3463,116963,3619,84090,3466,201053,California
Sacramento,2021-02-24,9574,294913,5275,165013,4299,129900,0,0,5245,117898,4315,88405,5250,206303,California
Sacramento,2021-02-25,9977,304890,5379,170392,4598,134498,0,0,5515,118965,4448,92853,5515,211818,California
Sacramento,2021-02-26,13844,318734,6448,176840,7396,141894,0,0,9520,124195,4294,97147,9524,221342,California
Sacramento,2021-02-27,10767,329501,6698,183538,4066,145960,3,3,7920,129289,2830,99977,7924,229266,California
Sacramento,2021-02-28,5548,335049,2185,185723,3363,149323,0,3,2559,128874,2975,102952,2560,231826,California
Sacramento,2021-03-01,7946,342995,3421,189144,4525,153848,0,3,4271,129492,3655,106607,4273,236099,California
Sacramento,2021-03-02,8775,351770,3985,193129,4789,158637,1,4,5478,131691,3282,109889,5481,241580,California
Sacramento,2021-03-03,10675,362445,4892,198021,5780,164417,3,7,6296,133631,4361,114250,6301,247881,California
Sacramento,2021-03-04,12269,374714,5086,203107,7179,171596,4,11,7070,135542,5170,119420,7081,254962,California
Sacramento,2021-03-05,10493,385207,4868,207975,5595,177191,30,41,6966,139031,3508,122928,6997,261959,California
Sacramento,2021-03-06,8035,393242,3087,211062,4826,182017,122,163,4062,139258,3956,126884,4183,266142,California
Sacramento,2021-03-07,7543,400785,2181,213243,5278,187295,84,247,3700,139201,3840,130724,3783,269925,California
Sacramento,2021-03-08,9063,409848,4226,217469,4614,191909,223,470,5932,142236,3118,133842,6153,276078,California
Sacramento,2021-03-09,9439,419287,4502,221971,4668,196577,269,739,5413,143907,4011,137853,5682,281760,California
Sacramento,2021-03-10,11557,430844,7460,229431,3771,200348,326,1065,6744,146199,4780,142633,7072,288832,California
Sacramento,2021-03-11,13790,444634,8849,238280,4159,204507,782,1847,8187,149603,5564,148197,8968,297800,California
Sacramento,2021-03-12,17145,461779,8275,246555,8043,212550,827,2674,8089,149523,9005,157202,8925,306725,California
Sacramento,2021-03-13,12829,474608,3562,250117,8845,221395,422,3096,8068,153262,4749,161951,8488,315213,California
Sacramento,2021-03-14,8262,482870,3443,253560,4193,225588,626,3722,4389,154426,3850,165801,5014,320227,California
Sacramento,2021-03-15,12027,494897,4797,258357,6592,232180,638,4360,6980,157019,5026,170827,7619,327846,California
Sacramento,2021-03-16,13801,508698,6179,264536,6985,239165,637,4997,8502,160888,5267,176094,9136,336982,California
Sacramento,2021-03-17,13414,522112,6537,271073,6267,245432,610,5607,8629,165364,4760,180854,9236,346218,California
Sacramento,2021-03-18,13799,535911,6550,277623,6688,252120,561,6168,9104,170361,4666,185520,9663,355881,California
Sacramento,2021-03-19,14798,550709,7422,285045,6015,258135,1361,7529,7425,171799,7349,192869,8787,364668,California
Sacramento,2021-03-20,12673,563382,7523,292568,4811,262946,339,7868,7975,175442,4673,197542,8316,372984,California
Sacramento,2021-03-21,5527,568909,2747,295315,2741,265687,39,7907,4885,179739,629,198171,4926,377910,California
Sacramento,2021-03-22,9216,578125,4754,300069,3696,269383,766,8673,6233,183783,2957,201128,7001,384911,California
Sacramento,2021-03-23,11137,589262,6696,306765,3634,273017,807,9480,7175,187838,3927,205055,7982,392893,California
Sacramento,2021-03-24,11632,600894,7217,313982,3784,276801,631,10111,6700,190279,4892,209947,7333,400226,California
Sacramento,2021-03-25,12305,613199,6727,320709,4773,281574,805,10916,7127,193062,5147,215094,7930,408156,California
Sacramento,2021-03-26,17363,630562,8259,328968,8616,290190,488,11404,8474,193196,8831,223925,8965,417121,California
Sacramento,2021-03-27,9505,640067,3541,332509,5680,295870,284,11688,5116,194235,4360,228285,5399,422520,California
Sacramento,2021-03-28,6431,646498,3201,335710,2983,298853,247,11935,3080,194225,3342,231627,3332,425852,California
Sacramento,2021-03-29,10708,657206,5872,341582,4639,303492,197,12132,5150,194042,5533,237160,5350,431202,California
Sacramento,2021-03-30,11579,668785,6032,347614,5217,308709,330,12462,6067,194947,5491,242651,6396,437598,California
Sacramento,2021-03-31,13141,681926,7790,355404,4958,313667,393,12855,5649,193517,7468,250119,6038,443636,California
Sacramento,2021-04-01,15326,697252,8649,364053,6459,320126,218,13073,5787,190017,9512,259631,6012,449648,California
Sacramento,2021-04-02,15869,713121,8654,372707,6525,326651,690,13763,7951,190767,7894,267525,8644,458292,California
Sacramento,2021-04-03,10329,723450,6160,378867,3622,330273,547,14310,6367,193739,3939,271464,6911,465203,California
Sacramento,2021-04-04,3604,727054,1493,380360,1926,332199,185,14495,1406,193133,2194,273658,1588,466791,California
Sacramento,2021-04-05,11939,738993,7504,387864,3620,335819,815,15310,5354,192736,6563,280221,6166,472957,California
Sacramento,2021-04-06,15434,754427,8802,396666,5331,341150,1301,16611,6859,192352,8543,288764,8159,481116,California
Sacramento,2021-04-07,14602,769029,7928,404594,5131,346281,1543,18154,7122,193563,7447,296211,8658,489774,California
Sacramento,2021-04-08,14815,783844,6675,411269,5200,351481,2940,21094,5924,193559,8858,305069,8854,498628,California
Sacramento,2021-04-09,15486,799330,7602,418871,5753,357234,2131,23225,6023,192283,9424,314493,8148,506776,California
Sacramento,2021-04-10,11347,810677,2995,421866,7351,364585,1001,24226,4510,190974,6814,321307,5505,512281,California
Sacramento,2021-04-11,9445,820122,3088,424954,6137,370722,220,24446,2592,186953,6831,328138,2810,515091,California
Sacramento,2021-04-12,12658,832780,4836,429790,5987,376709,1835,26281,4849,185862,7762,335900,6671,521762,California
Sacramento,2021-04-13,14045,846825,7749,437539,6292,383001,4,26285,5495,182843,8522,344422,5503,527265,California
Sacramento,2021-04-14,13423,860248,6706,444245,6715,389716,2,26287,4817,179080,8585,353007,4822,532087,California
Sacramento,2021-04-15,13401,873649,6568,450813,6831,396547,2,26289,5417,176580,7955,360962,5455,537542,California
Sacramento,2021-04-16,14719,888368,7675,458488,7044,403591,0,26289,6443,174791,8238,369200,6449,543991,California
Sacramento,2021-04-17,5255,893623,942,459430,4313,407904,0,26289,3862,177267,1387,370587,3863,547854,California
San Benito,2020-12-16,2,2,2,2,0,0,0,0,2,2,0,0,2,2,California
San Benito,2020-12-17,8,10,8,10,0,0,0,0,8,10,0,0,8,10,California
San Benito,2020-12-18,32,42,32,42,0,0,0,0,32,42,0,0,32,42,California
San Benito,2020-12-19,47,89,47,89,0,0,0,0,47,89,0,0,47,89,California
San Benito,2020-12-20,22,111,21,110,1,1,0,0,22,111,0,0,22,111,California
San Benito,2020-12-21,48,159,48,158,0,1,0,0,48,159,0,0,48,159,California
San Benito,2020-12-22,65,224,65,223,0,1,0,0,65,224,0,0,65,224,California
San Benito,2020-12-23,48,272,36,259,12,13,0,0,48,272,0,0,48,272,California
San Benito,2020-12-24,12,284,4,263,8,21,0,0,12,284,0,0,12,284,California
San Benito,2020-12-25,4,288,4,267,0,21,0,0,4,288,0,0,4,288,California
San Benito,2020-12-26,13,301,4,271,9,30,0,0,13,301,0,0,13,301,California
San Benito,2020-12-27,8,309,7,278,1,31,0,0,8,309,0,0,8,309,California
San Benito,2020-12-28,63,372,36,314,27,58,0,0,63,372,0,0,63,372,California
San Benito,2020-12-29,49,421,20,334,29,87,0,0,49,421,0,0,49,421,California
San Benito,2020-12-30,59,480,37,371,22,109,0,0,59,480,0,0,59,480,California
San Benito,2020-12-31,19,499,2,373,17,126,0,0,19,499,0,0,19,499,California
San Benito,2021-01-02,24,523,23,396,1,127,0,0,24,523,0,0,24,523,California
San Benito,2021-01-03,3,526,1,397,2,129,0,0,3,526,0,0,3,526,California
San Benito,2021-01-04,62,588,23,420,39,168,0,0,62,588,0,0,62,588,California
San Benito,2021-01-05,118,706,36,456,82,250,0,0,115,700,3,3,115,703,California
San Benito,2021-01-06,97,803,42,498,55,305,0,0,83,769,14,17,83,786,California
San Benito,2021-01-07,80,883,43,541,37,342,0,0,52,793,28,45,52,838,California
San Benito,2021-01-08,131,1014,67,608,64,406,0,0,88,838,43,88,88,926,California
San Benito,2021-01-09,44,1058,31,639,13,419,0,0,30,854,14,102,30,956,California
San Benito,2021-01-10,15,1073,13,652,2,421,0,0,5,849,10,112,5,961,California
San Benito,2021-01-11,102,1175,59,711,43,464,0,0,49,845,53,165,49,1010,California
San Benito,2021-01-12,156,1331,53,764,103,567,0,0,120,929,36,201,120,1130,California
San Benito,2021-01-13,190,1521,35,799,155,722,0,0,163,1065,27,228,163,1293,California
San Benito,2021-01-14,114,1635,23,822,91,813,0,0,97,1145,17,245,97,1390,California
San Benito,2021-01-15,214,1849,21,843,193,1006,0,0,200,1331,14,259,200,1590,California
San Benito,2021-01-16,27,1876,9,852,18,1024,0,0,21,1346,6,265,21,1611,California
San Benito,2021-01-17,11,1887,5,857,6,1030,0,0,8,1351,3,268,8,1619,California
San Benito,2021-01-18,36,1923,23,880,13,1043,0,0,21,1357,15,283,21,1640,California
San Benito,2021-01-19,150,2073,63,943,87,1130,0,0,124,1455,26,309,124,1764,California
San Benito,2021-01-20,260,2333,80,1023,180,1310,0,0,214,1624,45,354,214,1978,California
San Benito,2021-01-21,124,2457,31,1054,93,1403,0,0,100,1700,24,378,100,2078,California
San Benito,2021-01-22,230,2687,19,1073,211,1614,0,0,220,1910,10,388,220,2298,California
San Benito,2021-01-23,30,2717,16,1089,14,1628,0,0,13,1906,17,405,13,2311,California
San Benito,2021-01-24,11,2728,3,1092,8,1636,0,0,7,1909,4,409,7,2318,California
San Benito,2021-01-25,67,2795,25,1117,42,1678,0,0,22,1886,45,454,22,2340,California
San Benito,2021-01-26,134,2929,41,1158,93,1771,0,0,81,1914,53,507,81,2421,California
San Benito,2021-01-27,230,3159,69,1227,161,1932,0,0,190,2064,40,547,190,2611,California
San Benito,2021-01-28,156,3315,32,1259,124,2056,0,0,124,2157,31,578,124,2735,California
San Benito,2021-01-29,284,3599,32,1291,252,2308,0,0,260,2394,23,601,260,2995,California
San Benito,2021-01-30,49,3648,31,1322,18,2326,0,0,27,2399,22,623,27,3022,California
San Benito,2021-01-31,17,3665,5,1327,12,2338,0,0,12,2406,5,628,12,3034,California
San Benito,2021-02-01,133,3798,28,1355,105,2443,0,0,89,2451,44,672,89,3123,California
San Benito,2021-02-02,224,4022,48,1403,176,2619,0,0,134,2495,90,762,134,3257,California
San Benito,2021-02-03,336,4358,42,1445,294,2913,0,0,272,2703,64,826,272,3529,California
San Benito,2021-02-04,160,4518,24,1469,136,3049,0,0,116,2775,44,870,116,3645,California
San Benito,2021-02-05,290,4808,40,1509,250,3299,0,0,227,2939,63,933,227,3872,California
San Benito,2021-02-06,49,4857,9,1518,40,3339,0,0,32,2954,17,950,32,3904,California
San Benito,2021-02-07,15,4872,7,1525,8,3347,0,0,14,2967,1,951,14,3918,California
San Benito,2021-02-08,137,5009,15,1540,122,3469,0,0,91,3012,46,997,91,4009,California
San Benito,2021-02-09,326,5335,64,1604,262,3731,0,0,195,3076,131,1128,195,4204,California
San Benito,2021-02-10,318,5653,88,1692,230,3961,0,0,124,3006,194,1322,124,4328,California
San Benito,2021-02-11,295,5948,31,1723,264,4225,0,0,197,3105,98,1420,197,4525,California
San Benito,2021-02-12,411,6359,30,1753,381,4606,0,0,207,3109,203,1623,207,4732,California
San Benito,2021-02-13,57,6416,8,1761,49,4655,0,0,43,3138,14,1637,43,4775,California
San Benito,2021-02-14,40,6456,5,1766,35,4690,0,0,30,3158,10,1647,30,4805,California
San Benito,2021-02-15,106,6562,9,1775,97,4787,0,0,95,3242,11,1658,95,4900,California
San Benito,2021-02-16,202,6764,11,1786,191,4978,0,0,101,3242,101,1759,101,5001,California
San Benito,2021-02-17,327,7091,30,1816,297,5275,0,0,279,3473,48,1807,279,5280,California
San Benito,2021-02-18,291,7382,38,1854,253,5528,0,0,70,3322,221,2028,70,5350,California
San Benito,2021-02-19,324,7706,45,1899,279,5807,0,0,158,3314,166,2194,158,5508,California
San Benito,2021-02-20,45,7751,26,1925,19,5826,0,0,36,3341,9,2203,36,5544,California
San Benito,2021-02-21,23,7774,8,1933,15,5841,0,0,14,3346,9,2212,14,5558,California
San Benito,2021-02-22,131,7905,36,1969,95,5936,0,0,97,3410,33,2245,97,5655,California
San Benito,2021-02-23,374,8279,92,2061,282,6218,0,0,263,3562,111,2356,263,5918,California
San Benito,2021-02-24,373,8652,63,2124,310,6528,0,0,235,3659,138,2494,235,6153,California
San Benito,2021-02-25,391,9043,63,2187,328,6856,0,0,270,3806,123,2617,270,6423,California
San Benito,2021-02-26,640,9683,73,2260,567,7423,0,0,398,3962,242,2859,398,6821,California
San Benito,2021-02-27,98,9781,36,2296,62,7485,0,0,83,4030,15,2874,83,6904,California
San Benito,2021-02-28,247,10028,23,2319,224,7709,0,0,238,4259,9,2883,238,7142,California
San Benito,2021-03-01,224,10252,59,2378,165,7874,0,0,155,4344,70,2953,155,7297,California
San Benito,2021-03-02,257,10509,76,2454,181,8055,0,0,188,4463,69,3022,188,7485,California
San Benito,2021-03-03,383,10892,55,2509,328,8383,0,0,209,4500,172,3194,209,7694,California
San Benito,2021-03-04,607,11499,123,2632,469,8852,15,15,429,4755,178,3372,433,8127,California
San Benito,2021-03-05,582,12081,305,2937,264,9116,13,28,373,4933,208,3580,386,8513,California
San Benito,2021-03-06,188,12269,65,3002,109,9225,14,42,137,5033,51,3631,151,8664,California
San Benito,2021-03-07,646,12915,602,3604,22,9247,22,64,614,5637,32,3663,636,9300,California
San Benito,2021-03-08,286,13201,65,3669,175,9422,46,110,166,5729,120,3783,212,9512,California
San Benito,2021-03-09,418,13619,85,3754,235,9657,98,208,135,5653,282,4065,206,9718,California
San Benito,2021-03-10,401,14020,114,3868,193,9850,94,302,232,5810,169,4234,326,10044,California
San Benito,2021-03-11,467,14487,119,3987,196,10046,152,454,207,5909,260,4494,359,10403,California
San Benito,2021-03-12,508,14995,117,4104,297,10343,94,548,229,5956,277,4771,324,10727,California
San Benito,2021-03-13,201,15196,102,4206,81,10424,18,566,128,6031,71,4842,146,10873,California
San Benito,2021-03-14,232,15428,40,4246,172,10596,20,586,180,6180,51,4893,200,11073,California
San Benito,2021-03-15,323,15751,99,4345,205,10801,19,605,189,6254,134,5027,208,11281,California
San Benito,2021-03-16,481,16232,217,4562,233,11034,31,636,341,6485,140,5167,371,11652,California
San Benito,2021-03-17,777,17009,475,5037,280,11314,22,658,556,6838,217,5384,570,12222,California
San Benito,2021-03-18,781,17790,524,5561,201,11515,56,714,569,7244,210,5594,616,12838,California
San Benito,2021-03-19,775,18565,402,5963,350,11865,23,737,592,7676,183,5777,615,13453,California
San Benito,2021-03-20,234,18799,145,6108,77,11942,12,749,178,7810,56,5833,190,13643,California
San Benito,2021-03-21,105,18904,54,6162,46,11988,5,754,78,7866,27,5860,83,13726,California
San Benito,2021-03-22,327,19231,169,6331,133,12121,25,779,225,8014,102,5962,250,13976,California
San Benito,2021-03-23,476,19707,199,6530,267,12388,10,789,223,7993,253,6215,232,14208,California
San Benito,2021-03-24,561,20268,306,6836,248,12636,7,796,360,8158,201,6416,366,14574,California
San Benito,2021-03-25,711,20979,413,7249,294,12930,4,800,417,8287,292,6708,421,14995,California
San Benito,2021-03-26,995,21974,517,7766,475,13405,3,803,328,7952,666,7374,331,15326,California
San Benito,2021-03-27,327,22301,181,7947,113,13518,33,836,211,8081,115,7489,244,15570,California
San Benito,2021-03-28,692,22993,571,8518,116,13634,5,841,127,7648,565,8054,132,15702,California
San Benito,2021-03-29,347,23340,112,8630,215,13849,20,861,152,7624,195,8249,171,15873,California
San Benito,2021-03-30,566,23906,265,8895,210,14059,91,952,287,7723,279,8528,378,16251,California
San Benito,2021-03-31,577,24483,354,9249,199,14258,24,976,332,7836,243,8771,356,16607,California
San Benito,2021-04-01,928,25411,374,9623,517,14775,37,1013,555,8050,372,9143,586,17193,California
San Benito,2021-04-02,536,25947,261,9884,140,14915,135,1148,264,8177,272,9415,399,17592,California
San Benito,2021-04-03,252,26199,89,9973,104,15019,59,1207,78,8140,174,9589,137,17729,California
San Benito,2021-04-04,146,26345,110,10083,30,15049,6,1213,108,8216,38,9627,114,17843,California
San Benito,2021-04-05,350,26695,171,10254,138,15187,41,1254,143,8192,207,9834,183,18026,California
San Benito,2021-04-06,445,27140,158,10412,121,15308,166,1420,162,8237,283,10117,328,18354,California
San Benito,2021-04-07,888,28028,520,10932,213,15521,155,1575,255,8015,632,10749,410,18764,California
San Benito,2021-04-08,823,28851,422,11354,171,15692,230,1805,212,7847,610,11359,442,19206,California
San Benito,2021-04-09,836,29687,497,11851,249,15941,90,1895,303,7708,532,11891,393,19599,California
San Benito,2021-04-10,342,30029,215,12066,71,16012,56,1951,195,7812,147,12038,251,19850,California
San Benito,2021-04-11,459,30488,261,12327,167,16179,31,1982,236,7855,223,12261,266,20116,California
San Benito,2021-04-12,522,31010,284,12611,129,16308,109,2091,274,7989,247,12508,381,20497,California
San Benito,2021-04-13,779,31789,318,12929,438,16746,23,2114,550,8334,228,12736,573,21070,California
San Benito,2021-04-14,714,32503,543,13472,171,16917,0,2114,355,8336,354,13090,356,21426,California
San Benito,2021-04-15,849,33352,653,14125,195,17112,1,2115,391,8295,457,13547,416,21842,California
San Benito,2021-04-16,568,33920,273,14398,286,17398,9,2124,200,8139,365,13912,209,22051,California
San Benito,2021-04-17,34,33954,25,14423,9,17407,0,2124,24,8153,10,13922,24,22075,California
San Bernardino,2020-12-15,13,13,13,13,0,0,0,0,13,13,0,0,13,13,California
San Bernardino,2020-12-16,107,120,107,120,0,0,0,0,107,120,0,0,107,120,California
San Bernardino,2020-12-17,2350,2470,2350,2470,0,0,0,0,2350,2470,0,0,2350,2470,California
San Bernardino,2020-12-18,3142,5612,3139,5609,3,3,0,0,3143,5613,0,0,3143,5613,California
San Bernardino,2020-12-19,1066,6678,1065,6674,1,4,0,0,1067,6680,0,0,1067,6680,California
San Bernardino,2020-12-20,1174,7852,1172,7846,2,6,0,0,1174,7854,0,0,1174,7854,California
San Bernardino,2020-12-21,2452,10304,2447,10293,5,11,0,0,2452,10306,0,0,2452,10306,California
San Bernardino,2020-12-22,2268,12572,2142,12435,126,137,0,0,2269,12575,0,0,2269,12575,California
San Bernardino,2020-12-23,2646,15218,1454,13889,1192,1329,0,0,2645,15220,0,0,2645,15220,California
San Bernardino,2020-12-24,1159,16377,585,14474,574,1903,0,0,1161,16381,0,0,1161,16381,California
San Bernardino,2020-12-25,74,16451,14,14488,60,1963,0,0,74,16455,0,0,74,16455,California
San Bernardino,2020-12-26,461,16912,253,14741,208,2171,0,0,461,16916,0,0,461,16916,California
San Bernardino,2020-12-27,343,17255,160,14901,183,2354,0,0,343,17259,0,0,343,17259,California
San Bernardino,2020-12-28,1561,18816,710,15611,851,3205,0,0,1562,18821,0,0,1562,18821,California
San Bernardino,2020-12-29,2210,21026,1042,16653,1168,4373,0,0,2209,21029,1,1,2209,21030,California
San Bernardino,2020-12-30,2891,23917,1460,18113,1431,5804,0,0,2892,23921,0,1,2892,23922,California
San Bernardino,2020-12-31,1356,25273,440,18553,916,6720,0,0,1354,25275,0,1,1354,25276,California
San Bernardino,2021-01-01,279,25552,149,18702,130,6850,0,0,278,25553,0,1,278,25554,California
San Bernardino,2021-01-02,474,26026,338,19040,136,6986,0,0,474,26027,0,1,474,26028,California
San Bernardino,2021-01-03,135,26161,85,19125,50,7036,0,0,135,26162,0,1,135,26163,California
San Bernardino,2021-01-04,2116,28277,1285,20410,831,7867,0,0,2115,28277,0,1,2115,28278,California
San Bernardino,2021-01-05,2325,30602,1455,21865,870,8737,0,0,2215,30383,109,110,2215,30493,California
San Bernardino,2021-01-06,3426,34028,2354,24219,1072,9809,0,0,2933,32830,487,597,2934,33427,California
San Bernardino,2021-01-07,5405,39433,4499,28718,906,10715,0,0,2475,32394,2911,3508,2475,35902,California
San Bernardino,2021-01-08,5357,44790,4440,33158,917,11632,0,0,2284,31612,3067,6575,2285,38187,California
San Bernardino,2021-01-09,1402,46192,1103,34261,299,11931,0,0,905,32020,497,7072,905,39092,California
San Bernardino,2021-01-10,1020,47212,598,34859,422,12353,0,0,573,32146,447,7519,573,39665,California
San Bernardino,2021-01-11,4980,52192,4078,38937,902,13255,0,0,2766,32701,2211,9730,2766,42431,California
San Bernardino,2021-01-12,4229,56421,3220,42157,1009,14264,0,0,2515,33503,1713,11443,2515,44946,California
San Bernardino,2021-01-13,4550,60971,2848,45005,1702,15966,0,0,3326,35619,1211,12654,3327,48273,California
San Bernardino,2021-01-14,4741,65712,2773,47778,1968,17934,0,0,4159,39200,578,13232,4159,52432,California
San Bernardino,2021-01-15,5978,71690,2972,50750,3006,20940,0,0,5583,44401,385,13617,5586,58018,California
San Bernardino,2021-01-16,2258,73948,1293,52043,965,21905,0,0,2117,46377,141,13758,2117,60135,California
San Bernardino,2021-01-17,1188,75136,515,52558,673,22578,0,0,1098,47388,89,13847,1100,61235,California
San Bernardino,2021-01-18,4263,79399,2637,55195,1626,24204,0,0,3645,50418,617,14464,3647,64882,California
San Bernardino,2021-01-19,6297,85696,3706,58901,2591,26795,0,0,5208,54541,1087,15551,5210,70092,California
San Bernardino,2021-01-20,6802,92498,3731,62632,3071,29866,0,0,4873,57495,1921,17472,4875,74967,California
San Bernardino,2021-01-21,5979,98477,3073,65705,2906,32772,0,0,4865,61257,1105,18577,4867,79834,California
San Bernardino,2021-01-22,6498,104975,3034,68739,3464,36236,0,0,5777,66316,719,19296,5778,85612,California
San Bernardino,2021-01-23,3099,108074,1885,70624,1214,37450,0,0,2712,68642,386,19682,2712,88324,California
San Bernardino,2021-01-24,1191,109265,460,71084,731,38181,0,0,1091,69633,100,19782,1091,89415,California
San Bernardino,2021-01-25,6860,116125,3395,74479,3465,41646,0,0,5016,72810,1842,21624,5019,94434,California
San Bernardino,2021-01-26,7098,123223,3562,78041,3536,45182,0,0,5008,75728,2090,23714,5008,99442,California
San Bernardino,2021-01-27,8288,131511,4119,82160,4169,49351,0,0,5589,78630,2690,26404,5592,105034,California
San Bernardino,2021-01-28,8551,140062,4056,86216,4495,53846,0,0,6240,82569,2307,28711,6246,111280,California
San Bernardino,2021-01-29,8136,148198,3736,89952,4400,58246,0,0,6187,86821,1936,30647,6188,117468,California
San Bernardino,2021-01-30,3081,151279,1894,91846,1187,59433,0,0,2797,89335,283,30930,2797,120265,California
San Bernardino,2021-01-31,923,152202,493,92339,430,59863,0,0,869,90151,53,30983,869,121134,California
San Bernardino,2021-02-01,7528,159730,4226,96565,3302,63165,0,0,4910,92446,2615,33598,4910,126044,California
San Bernardino,2021-02-02,10367,170097,3646,100211,6721,69886,0,0,8319,98721,2045,35643,8320,134364,California
San Bernardino,2021-02-03,8962,179059,4144,104355,4818,74704,0,0,6481,102730,2473,38116,6482,140846,California
San Bernardino,2021-02-04,10507,189566,5199,109554,5308,80012,0,0,7442,107118,3054,41170,7442,148288,California
San Bernardino,2021-02-05,10965,200531,5907,115461,5058,85070,0,0,7449,111063,3505,44675,7450,155738,California
San Bernardino,2021-02-06,5250,205781,2206,117667,3044,88114,0,0,3617,113075,1608,46283,3620,159358,California
San Bernardino,2021-02-07,844,206625,491,118158,353,88467,0,0,467,113169,374,46657,468,159826,California
San Bernardino,2021-02-08,7265,213890,3870,122028,3395,91862,0,0,5600,117108,1661,48318,5600,165426,California
San Bernardino,2021-02-09,9898,223788,5818,127846,4080,95942,0,0,6674,120564,3221,51539,6677,172103,California
San Bernardino,2021-02-10,11994,235782,6531,134377,5463,101405,0,0,7838,124258,4145,55684,7839,179942,California
San Bernardino,2021-02-11,12241,248023,7041,141418,5200,106605,0,0,7811,127664,4408,60092,7814,187756,California
San Bernardino,2021-02-12,10334,258357,5917,147335,4417,111022,0,0,5682,128708,4638,64730,5682,193438,California
San Bernardino,2021-02-13,6004,264361,3989,151324,2015,113037,0,0,3767,130259,2221,66951,3772,197210,California
San Bernardino,2021-02-14,1546,265907,648,151972,898,113935,0,0,870,130461,668,67619,870,198080,California
San Bernardino,2021-02-15,5455,271362,2995,154967,2460,116395,0,0,3057,131134,2384,70003,3057,201137,California
San Bernardino,2021-02-16,12575,283937,7372,162339,5203,121598,0,0,7966,134506,4596,74599,7968,209105,California
San Bernardino,2021-02-17,11775,295712,6454,168793,5321,126919,0,0,7162,137071,4598,79197,7163,216268,California
San Bernardino,2021-02-18,12447,308159,7582,176375,4865,131784,0,0,7708,140056,4724,83921,7709,223977,California
San Bernardino,2021-02-19,11465,319624,5901,182276,5564,137348,0,0,6784,142177,4663,88584,6784,230761,California
San Bernardino,2021-02-20,4490,324114,3448,185724,1042,138390,0,0,2040,141770,2448,91032,2041,232802,California
San Bernardino,2021-02-21,1018,325132,561,186285,457,138847,0,0,320,141395,695,91727,320,233122,California
San Bernardino,2021-02-22,8489,333621,5196,191481,3293,142140,0,0,4023,140964,4455,96182,4024,237146,California
San Bernardino,2021-02-23,8832,342453,5184,196665,3648,145788,0,0,4528,141219,4273,100455,4528,241674,California
San Bernardino,2021-02-24,11990,354443,6845,203510,5145,150933,0,0,6058,141371,5907,106362,6059,247733,California
San Bernardino,2021-02-25,12892,367335,6248,209758,6644,157577,0,0,7513,143524,5363,111725,7516,255249,California
San Bernardino,2021-02-26,13325,380660,6373,216131,6952,164529,0,0,7494,145248,5771,117496,7495,262744,California
San Bernardino,2021-02-27,6599,387259,3667,219798,2931,167460,1,1,4780,148219,1810,119306,4781,267525,California
San Bernardino,2021-02-28,1734,388993,709,220507,1025,168485,0,1,1121,148732,608,119914,1121,268646,California
San Bernardino,2021-03-01,8361,397354,4306,224813,4054,172539,1,2,3821,148042,4519,124433,3829,272475,California
San Bernardino,2021-03-02,13505,410859,5328,230141,8177,180716,0,2,6423,147413,7055,131488,6426,278901,California
San Bernardino,2021-03-03,12463,423322,6324,236465,6138,186854,1,3,5755,146482,6692,138180,5761,284662,California
San Bernardino,2021-03-04,12742,436064,6478,242943,6264,193118,0,3,5768,145296,6956,145136,5770,290432,California
San Bernardino,2021-03-05,13348,449412,6712,249655,6635,199753,1,4,6783,145559,6538,151674,6801,297233,California
San Bernardino,2021-03-06,9496,458908,5263,254918,4018,203771,215,219,4425,145141,5057,156731,4639,301872,California
San Bernardino,2021-03-07,1568,460476,926,255844,587,204358,55,274,998,145626,568,157299,1053,302925,California
San Bernardino,2021-03-08,7239,467715,3103,258947,3975,208333,161,435,3464,145482,3770,161069,3626,306551,California
San Bernardino,2021-03-09,11919,479634,6551,265498,5132,213465,236,671,4786,143386,7119,168188,5023,311574,California
San Bernardino,2021-03-10,13300,492934,7251,272749,5657,219122,392,1063,6148,142806,7126,175314,6546,318120,California
San Bernardino,2021-03-11,13703,506637,6470,279219,6434,225556,799,1862,7193,144309,6489,181803,7992,326112,California
San Bernardino,2021-03-12,15196,521833,6775,285994,6407,231963,2014,3876,7262,145724,7907,189710,9322,335434,California
San Bernardino,2021-03-13,8240,530073,4485,290479,3255,235218,500,4376,4892,147778,3339,193049,5393,340827,California
San Bernardino,2021-03-14,3196,533269,1600,292079,1029,236247,567,4943,1829,148809,1361,194410,2392,343219,California
San Bernardino,2021-03-15,11252,544521,5304,297383,3949,240196,1999,6942,5524,150610,5720,200130,7521,350740,California
San Bernardino,2021-03-16,15964,560485,7884,305267,7138,247334,942,7884,9743,155093,6199,206329,10682,361422,California
San Bernardino,2021-03-17,16802,577287,8444,313711,7611,254945,747,8631,10116,159286,6671,213000,10864,372286,California
San Bernardino,2021-03-18,16231,593518,8050,321761,7797,262742,384,9015,9541,162549,6663,219663,9926,382212,California
San Bernardino,2021-03-19,16636,610154,8191,329952,7861,270603,584,9599,9538,165650,7075,226738,10176,392388,California
San Bernardino,2021-03-20,9345,619499,5886,335838,2877,273480,582,10181,5549,168008,3771,230509,6129,398517,California
San Bernardino,2021-03-21,2736,622235,2233,338071,456,273936,47,10228,2215,169761,509,231018,2262,400779,California
San Bernardino,2021-03-22,9551,631786,4490,342561,4628,278564,433,10661,6939,174538,2596,233614,7373,408152,California
San Bernardino,2021-03-23,15283,647069,8668,351229,5995,284559,620,11281,9550,178992,5714,239328,10168,418320,California
San Bernardino,2021-03-24,14851,661920,7710,358939,6843,291402,298,11579,9916,184302,4905,244233,10215,428535,California
San Bernardino,2021-03-25,16618,678538,8173,367112,8156,299558,289,11868,10572,189156,6004,250237,10858,439393,California
San Bernardino,2021-03-26,17791,696329,8551,375663,8483,308041,757,12625,10860,193871,6903,257140,11618,451011,California
San Bernardino,2021-03-27,10654,706983,6862,382525,3045,311086,747,13372,6111,196202,4527,261667,6858,457869,California
San Bernardino,2021-03-28,3515,710498,2471,384996,933,312019,111,13483,2480,197763,1029,262696,2590,460459,California
San Bernardino,2021-03-29,11247,721745,5934,390930,4915,316934,398,13881,7633,202193,3600,266296,8030,468489,California
San Bernardino,2021-03-30,16720,738465,9386,400316,6628,323562,706,14587,10800,207806,5889,272185,11502,479991,California
San Bernardino,2021-03-31,16108,754573,9113,409429,6390,329952,605,15192,10886,214095,5200,277385,11489,491480,California
San Bernardino,2021-04-01,19362,773935,10249,419678,7768,337720,1345,16537,12663,221428,6672,284057,14005,505485,California
San Bernardino,2021-04-02,18312,792247,9137,428815,7908,345628,1267,17804,11088,226626,7197,291254,12395,517880,California
San Bernardino,2021-04-03,10840,803087,6768,435583,2951,348579,1121,18925,5944,228803,4885,296139,7062,524942,California
San Bernardino,2021-04-04,2409,805496,1450,437033,716,349295,243,19168,1225,229089,1182,297321,1468,526410,California
San Bernardino,2021-04-05,11635,817131,5241,442274,4680,353975,1714,20882,6039,231261,5577,302898,7749,534159,California
San Bernardino,2021-04-06,19566,836697,11003,453277,6483,360458,2080,22962,10456,234720,9075,311973,12534,546693,California
San Bernardino,2021-04-07,20771,857468,11147,464424,7195,367653,2429,25391,11448,239293,9294,321267,13867,560560,California
San Bernardino,2021-04-08,21515,878983,11026,475450,7922,375575,2567,27958,11958,244284,9529,330796,14520,575080,California
San Bernardino,2021-04-09,20798,899781,10431,485881,7936,383511,2431,30389,11475,248891,9292,340088,13899,588979,California
San Bernardino,2021-04-10,15108,914889,7750,493631,3782,387293,3576,33965,7487,252344,7602,347690,11055,600034,California
San Bernardino,2021-04-11,4303,919192,2531,496162,881,388174,891,34856,2000,252936,2298,349988,2890,602924,California
San Bernardino,2021-04-12,12609,931801,5725,501887,5370,393544,1514,36370,5937,253731,6654,356642,7449,610373,California
San Bernardino,2021-04-13,18473,950274,10453,512340,8001,401545,19,36389,10458,256210,7996,364638,10475,620848,California
San Bernardino,2021-04-14,16548,966822,9029,521369,7516,409061,3,36392,9586,258864,6937,371575,9591,630439,California
San Bernardino,2021-04-15,16781,983603,9490,530859,7288,416349,3,36395,9246,260644,7507,379082,9287,639726,California
San Bernardino,2021-04-16,17445,1001048,10118,540977,7327,423676,0,36395,8582,260393,8839,387921,8588,648314,California
San Bernardino,2021-04-17,5736,1006784,4476,545453,1260,424936,0,36395,3773,262210,1956,389877,3773,652087,California
San Diego,2020-12-15,119,119,119,119,0,0,0,0,119,119,0,0,119,119,California
San Diego,2020-12-16,1101,1220,1101,1220,0,0,0,0,1101,1220,0,0,1101,1220,California
San Diego,2020-12-17,2348,3568,2348,3568,0,0,0,0,2348,3568,0,0,2348,3568,California
San Diego,2020-12-18,3671,7239,3670,7238,1,1,0,0,3671,7239,0,0,3671,7239,California
San Diego,2020-12-19,2310,9549,2310,9548,0,1,0,0,2310,9549,0,0,2310,9549,California
San Diego,2020-12-20,1184,10733,1183,10731,1,2,0,0,1184,10733,0,0,1184,10733,California
San Diego,2020-12-21,3521,14254,3520,14251,1,3,0,0,3521,14254,0,0,3521,14254,California
San Diego,2020-12-22,4054,18308,3411,17662,643,646,0,0,4054,18308,0,0,4054,18308,California
San Diego,2020-12-23,3178,21486,1976,19638,1202,1848,0,0,3178,21486,0,0,3178,21486,California
San Diego,2020-12-24,2733,24219,2217,21855,516,2364,0,0,2733,24219,0,0,2733,24219,California
San Diego,2020-12-25,874,25093,873,22728,1,2365,0,0,874,25093,0,0,874,25093,California
San Diego,2020-12-26,3294,28387,2143,24871,1151,3516,0,0,3294,28387,0,0,3294,28387,California
San Diego,2020-12-27,2507,30894,1617,26488,890,4406,0,0,2506,30892,1,1,2506,30893,California
San Diego,2020-12-28,5900,36794,4213,30701,1687,6093,0,0,5900,36792,0,1,5900,36793,California
San Diego,2020-12-29,5588,42382,3014,33715,2574,8667,0,0,5588,42380,0,1,5588,42381,California
San Diego,2020-12-30,5943,48325,3099,36814,2844,11511,0,0,5943,48323,0,1,5943,48324,California
San Diego,2020-12-31,2983,51308,1004,37818,1979,13490,0,0,2983,51306,0,1,2983,51307,California
San Diego,2021-01-01,1006,52314,452,38270,554,14044,0,0,1005,52311,0,1,1005,52312,California
San Diego,2021-01-02,3762,56076,1321,39591,2441,16485,0,0,3762,56073,0,1,3762,56074,California
San Diego,2021-01-03,859,56935,632,40223,227,16712,0,0,858,56931,0,1,858,56932,California
San Diego,2021-01-04,3703,60638,2052,42275,1651,18363,0,0,3696,60627,0,1,3696,60628,California
San Diego,2021-01-05,4310,64948,2122,44397,2188,20551,0,0,3693,63720,613,614,3706,64334,California
San Diego,2021-01-06,4948,69896,2300,46697,2648,23199,0,0,3713,66225,1212,1826,3717,68051,California
San Diego,2021-01-07,5606,75502,2980,49677,2626,25825,0,0,3451,67534,2148,3974,3457,71508,California
San Diego,2021-01-08,7721,83223,4959,54636,2762,28587,0,0,3935,67715,3769,7743,3950,75458,California
San Diego,2021-01-09,2955,86178,1554,56190,1401,29988,0,0,1787,68352,1158,8901,1795,77253,California
San Diego,2021-01-10,1881,88059,1292,57482,589,30577,0,0,780,68051,1089,9990,788,78041,California
San Diego,2021-01-11,10323,98382,5858,63340,4465,35042,0,0,6798,71345,3518,13508,6812,84853,California
San Diego,2021-01-12,11202,109584,5317,68657,5885,40927,0,0,7830,75925,3363,16871,7943,92796,California
San Diego,2021-01-13,11477,121061,5023,73680,6454,47381,0,0,8932,82348,2532,19403,8955,101751,California
San Diego,2021-01-14,12361,133422,4750,78430,7611,54992,0,0,10195,90420,2157,21560,10229,111980,California
San Diego,2021-01-15,15118,148540,5353,83783,9765,64757,0,0,12475,100323,2624,24184,12527,124507,California
San Diego,2021-01-16,10766,159306,3594,87377,7172,71929,0,0,9320,108234,1441,25625,9352,133859,California
San Diego,2021-01-17,8682,167988,2499,89876,6183,78112,0,0,7844,115258,838,26463,7862,141721,California
San Diego,2021-01-18,12498,180486,5942,95818,6556,84668,0,0,9668,122189,2791,29254,9722,151443,California
San Diego,2021-01-19,14750,195236,5823,101641,8927,93595,0,0,11624,130959,3112,32366,11882,163325,California
San Diego,2021-01-20,18324,213560,6385,108026,11939,105534,0,0,15034,142893,3271,35637,15205,178530,California
San Diego,2021-01-21,17402,230962,5898,113924,11504,117038,0,0,16012,157672,1379,37016,16158,194688,California
San Diego,2021-01-22,17676,248638,4754,118678,12922,129960,0,0,15622,171349,2041,39057,15718,210406,California
San Diego,2021-01-23,14475,263113,5270,123948,9205,139165,0,0,12113,181169,2349,41406,12169,222575,California
San Diego,2021-01-24,11912,275025,3358,127306,8554,147719,0,0,10937,191167,973,42379,10971,233546,California
San Diego,2021-01-25,12220,287245,5749,133055,6471,154190,0,0,9210,197525,3003,45382,9361,242907,California
San Diego,2021-01-26,14937,302182,7642,140697,7295,161485,0,0,11662,206104,3270,48652,11849,254756,California
San Diego,2021-01-27,20758,322940,8123,148820,12635,174120,0,0,17674,220841,3070,51722,17807,272563,California
San Diego,2021-01-28,21259,344199,7605,156425,13654,187774,0,0,19001,237670,2248,53970,19077,291640,California
San Diego,2021-01-29,19695,363894,6457,162882,13238,201012,0,0,17274,252576,2411,56381,17317,308957,California
San Diego,2021-01-30,15899,379793,3667,166549,12232,213244,0,0,13220,263224,2669,59050,13317,322274,California
San Diego,2021-01-31,14790,394583,5752,172301,9038,222282,0,0,14433,277330,353,59403,14459,336733,California
San Diego,2021-02-01,20518,415101,7233,179534,13285,235567,0,0,17329,291560,3175,62578,17405,354138,California
San Diego,2021-02-02,23199,438300,8691,188225,14508,250075,0,0,19668,307875,3521,66099,19836,373974,California
San Diego,2021-02-03,27447,465747,11561,199786,15886,265961,0,0,23275,327175,4154,70253,23454,397428,California
San Diego,2021-02-04,24374,490121,10026,209812,14348,280309,0,0,19676,342450,4681,74934,19956,417384,California
San Diego,2021-02-05,24997,515118,8961,218773,16036,296345,0,0,18452,354869,6522,81456,18941,436325,California
San Diego,2021-02-06,20769,535887,8547,227320,12222,308567,0,0,17574,369477,3189,84645,17797,454122,California
San Diego,2021-02-07,12127,548014,5375,232695,6752,315319,0,0,10262,378147,1845,86490,10515,464637,California
San Diego,2021-02-08,20098,568112,8520,241215,11578,326897,0,0,12688,384128,7394,93884,13375,478012,California
San Diego,2021-02-09,20390,588502,8237,249452,12153,339050,0,0,13195,391215,7175,101059,14262,492274,California
San Diego,2021-02-10,22987,611489,9360,258812,13627,352677,0,0,13885,397399,9058,110117,15242,507516,California
San Diego,2021-02-11,23778,635267,10141,268953,13637,366314,0,0,12735,400791,11017,121134,14409,521925,California
San Diego,2021-02-12,23834,659101,7457,276410,16377,382691,0,0,11921,403067,11896,133030,14172,536097,California
San Diego,2021-02-13,20020,679121,9012,285422,11008,393699,0,0,10895,406039,9116,142146,12088,548185,California
San Diego,2021-02-14,11187,690308,7431,292853,3756,397455,0,0,6337,409188,4846,146992,7995,556180,California
San Diego,2021-02-15,15187,705495,7682,300535,7505,404960,0,0,7843,412854,7325,154317,10991,567171,California
San Diego,2021-02-16,19281,724776,11251,311786,8030,412990,0,0,9235,415418,10035,164352,12599,579770,California
San Diego,2021-02-17,23390,748166,10979,322765,12411,425401,0,0,8149,411921,15232,179584,11735,591505,California
San Diego,2021-02-18,23571,771737,12018,334783,11553,436954,0,0,7799,408586,15766,195350,12431,603936,California
San Diego,2021-02-19,15904,787641,10918,345701,4986,441940,0,0,6631,408066,9253,204603,8733,612669,California
San Diego,2021-02-20,10259,797900,6362,352063,3897,445837,0,0,5819,411699,4437,209040,8070,620739,California
San Diego,2021-02-21,11526,809426,10115,362178,1411,447248,0,0,5202,412935,6299,215339,7535,628274,California
San Diego,2021-02-22,12440,821866,10579,372757,1861,449109,0,0,5803,414585,6632,221971,8282,636556,California
San Diego,2021-02-23,25907,847773,14525,387282,11382,460491,0,0,9676,414997,16226,238197,16638,653194,California
San Diego,2021-02-24,28950,876723,12761,400043,16189,476680,0,0,6871,408404,22061,260258,15468,668662,California
San Diego,2021-02-25,33180,909903,14705,414748,18475,495155,0,0,10168,404992,22993,283251,19581,688243,California
San Diego,2021-02-26,33445,943348,12390,427138,21055,516210,0,0,12170,403096,21249,304500,19353,707596,California
San Diego,2021-02-27,21238,964586,9673,436811,11565,527775,0,0,11456,409237,9777,314277,15918,723514,California
San Diego,2021-02-28,15236,979822,9938,446749,5298,533073,0,0,9492,416789,5742,320019,13294,736808,California
San Diego,2021-03-01,24153,1003975,14234,460983,9918,542991,1,1,14668,426842,9412,329431,19465,756273,California
San Diego,2021-03-02,26056,1030031,13982,474965,12074,555065,0,1,12722,433959,13328,342759,20445,776718,California
San Diego,2021-03-03,33948,1063979,15879,490844,18066,573131,3,4,14056,436034,19879,362638,21954,798672,California
San Diego,2021-03-04,28258,1092237,14056,504900,14202,587333,0,4,12640,440434,15599,378237,19999,818671,California
San Diego,2021-03-05,28876,1121113,14808,519708,13986,601319,82,86,13479,446216,15386,393623,21168,839839,California
San Diego,2021-03-06,23339,1144452,9511,529219,13125,614444,703,789,10298,449707,13035,406658,16526,856365,California
San Diego,2021-03-07,18196,1162648,9292,538511,8334,622778,570,1359,6914,451402,11277,417935,12972,869337,California
San Diego,2021-03-08,23015,1185663,11163,549674,10953,633731,899,2258,11419,457061,11585,429520,17244,886581,California
San Diego,2021-03-09,25787,1211450,11935,561609,12099,645830,1753,4011,10062,459264,15713,445233,17916,904497,California
San Diego,2021-03-10,25206,1236656,10726,572335,12090,657920,2390,6401,9848,462051,15350,460583,18137,922634,California
San Diego,2021-03-11,28664,1265320,10988,583323,14079,671999,3597,9998,10014,462653,18631,479214,19233,941867,California
San Diego,2021-03-12,27069,1292389,9444,592767,14495,686494,3130,13128,9971,462204,17085,496299,16636,958503,California
San Diego,2021-03-13,25955,1318344,7287,600054,17065,703559,1603,14731,10062,462175,15890,512189,15861,974364,California
San Diego,2021-03-14,13695,1332039,5355,605409,7605,711164,735,15466,4783,461222,8907,521096,7954,982318,California
San Diego,2021-03-15,22002,1354041,10154,615563,11071,722235,777,16243,9058,463101,12930,534026,14809,997127,California
San Diego,2021-03-16,29881,1383922,15693,631256,13775,736010,413,16656,15647,470348,14215,548241,21462,1018589,California
San Diego,2021-03-17,26222,1410144,12141,643397,13372,749382,709,17365,16702,481058,9510,557751,20220,1038809,California
San Diego,2021-03-18,31378,1441522,17693,661090,12790,762172,895,18260,16958,489671,14402,572153,23015,1061824,California
San Diego,2021-03-19,30145,1471667,14289,675379,14879,777051,977,19237,19273,500996,10855,583008,22180,1084004,California
San Diego,2021-03-20,27770,1499437,8355,683734,17624,794675,1791,21028,21358,519637,6404,589412,25045,1109049,California
San Diego,2021-03-21,16478,1515915,12001,695735,3761,798436,716,21744,7691,523381,8779,598191,12523,1121572,California
San Diego,2021-03-22,22432,1538347,13095,708830,9096,807532,241,21985,14289,534444,8135,606326,19198,1140770,California
San Diego,2021-03-23,25902,1564249,13599,722429,12042,819574,261,22246,17122,547670,8767,615093,21993,1162763,California
San Diego,2021-03-24,29456,1593705,19701,742130,9392,828966,363,22609,17076,557811,12372,627465,22513,1185276,California
San Diego,2021-03-25,30214,1623919,18217,760347,11338,840304,659,23268,17936,568219,12269,639734,22677,1207953,California
San Diego,2021-03-26,32033,1655952,17872,778219,13614,853918,547,23815,17534,576777,14472,654206,23030,1230983,California
San Diego,2021-03-27,25016,1680968,10995,789214,13628,867546,393,24208,15319,585078,9681,663887,17982,1248965,California
San Diego,2021-03-28,14842,1695810,9171,798385,5615,873161,56,24264,9130,590031,5706,669593,10659,1259624,California
San Diego,2021-03-29,26500,1722310,12807,811192,13097,886258,596,24860,16358,601655,10135,679728,21759,1281383,California
San Diego,2021-03-30,33083,1755393,17845,829037,14470,900728,768,25628,21941,616504,11127,690855,25976,1307359,California
San Diego,2021-03-31,30081,1785474,18661,847698,10781,911509,639,26267,20467,629145,9594,700449,22235,1329594,California
San Diego,2021-04-01,33855,1819329,19937,867635,12567,924076,1351,27618,23000,645451,10833,711282,27139,1356733,California
San Diego,2021-04-02,35354,1854683,20577,888212,12232,936308,2545,30163,24055,662294,11281,722563,28124,1384857,California
San Diego,2021-04-03,30605,1885288,14376,902588,11753,948061,4476,34639,19654,677074,10940,733503,25720,1410577,California
San Diego,2021-04-04,8878,1894166,5056,907644,2924,950985,898,35537,4685,678729,4189,737692,5844,1416421,California
San Diego,2021-04-05,29568,1923734,15350,922994,11672,962657,2546,38083,19377,693274,10180,747872,24725,1441146,California
San Diego,2021-04-06,38493,1962227,20342,943336,12385,975042,5766,43849,22346,708473,16129,764001,31328,1472474,California
San Diego,2021-04-07,35406,1997633,21845,965181,9143,984185,4418,48267,20274,720819,15095,779096,27441,1499915,California
San Diego,2021-04-08,34819,2032452,21213,986394,9630,993815,3976,52243,21211,735552,13581,792677,28314,1528229,California
San Diego,2021-04-09,37566,2070018,22545,1008939,10031,1003846,4990,57233,20538,748237,16934,809611,29619,1557848,California
San Diego,2021-04-10,28086,2098104,11414,1020353,12744,1016590,3928,61161,14406,756755,13670,823281,22188,1580036,California
San Diego,2021-04-11,15277,2113381,9174,1029527,3849,1020439,2254,63415,7157,760997,8116,831397,12358,1592394,California
San Diego,2021-04-12,29457,2142838,11797,1041324,13370,1033809,4290,67705,16867,772461,12565,843962,24029,1616423,California
San Diego,2021-04-13,36705,2179543,17388,1058712,19283,1053092,34,67739,24538,789081,12152,856114,28772,1645195,California
San Diego,2021-04-14,32262,2211805,18338,1077050,13914,1067006,10,67749,17497,798590,14754,870868,24263,1669458,California
San Diego,2021-04-15,37921,2249726,19309,1096359,18610,1085616,2,67751,22773,811103,15135,886003,27648,1697106,California
San Diego,2021-04-16,31251,2280977,17836,1114195,13414,1099030,1,67752,17655,818374,13556,899559,20827,1717933,California
San Diego,2021-04-17,13169,2294146,6347,1120542,6822,1105852,0,67752,6916,820262,6252,905811,8140,1726073,California
San Francisco,2020-12-15,7,7,7,7,0,0,0,0,7,7,0,0,7,7,California
San Francisco,2020-12-16,229,236,229,236,0,0,0,0,229,236,0,0,229,236,California
San Francisco,2020-12-17,395,631,395,631,0,0,0,0,395,631,0,0,395,631,California
San Francisco,2020-12-18,878,1509,877,1508,1,1,0,0,878,1509,0,0,878,1509,California
San Francisco,2020-12-19,601,2110,601,2109,0,1,0,0,601,2110,0,0,601,2110,California
San Francisco,2020-12-20,483,2593,483,2592,0,1,0,0,483,2593,0,0,483,2593,California
San Francisco,2020-12-21,1162,3755,1162,3754,0,1,0,0,1162,3755,0,0,1162,3755,California
San Francisco,2020-12-22,1399,5154,1365,5119,34,35,0,0,1399,5154,0,0,1399,5154,California
San Francisco,2020-12-23,1329,6483,1039,6158,290,325,0,0,1329,6483,0,0,1329,6483,California
San Francisco,2020-12-24,839,7322,503,6661,336,661,0,0,839,7322,0,0,839,7322,California
San Francisco,2020-12-25,33,7355,28,6689,5,666,0,0,33,7355,0,0,33,7355,California
San Francisco,2020-12-26,245,7600,151,6840,94,760,0,0,245,7600,0,0,245,7600,California
San Francisco,2020-12-27,273,7873,60,6900,213,973,0,0,273,7873,0,0,273,7873,California
San Francisco,2020-12-28,1269,9142,685,7585,584,1557,0,0,1269,9142,0,0,1269,9142,California
San Francisco,2020-12-29,1244,10386,621,8206,623,2180,0,0,1244,10386,0,0,1244,10386,California
San Francisco,2020-12-30,1482,11868,778,8984,704,2884,0,0,1482,11868,0,0,1482,11868,California
San Francisco,2020-12-31,964,12832,412,9396,552,3436,0,0,963,12831,0,0,963,12831,California
San Francisco,2021-01-01,71,12903,61,9457,10,3446,0,0,71,12902,0,0,71,12902,California
San Francisco,2021-01-02,333,13236,302,9759,31,3477,0,0,333,13235,0,0,333,13235,California
San Francisco,2021-01-03,293,13529,101,9860,192,3669,0,0,292,13526,1,1,292,13527,California
San Francisco,2021-01-04,1835,15364,1355,11215,480,4149,0,0,1832,15355,3,4,1832,15359,California
San Francisco,2021-01-05,2233,17597,1413,12628,820,4969,0,0,2198,17520,35,39,2200,17559,California
San Francisco,2021-01-06,1867,19464,1161,13789,706,5675,0,0,1602,18860,263,302,1603,19162,California
San Francisco,2021-01-07,2059,21523,1201,14990,858,6533,0,0,1603,20010,453,755,1603,20765,California
San Francisco,2021-01-08,2327,23850,1631,16621,696,7229,0,0,1489,20666,833,1588,1489,22254,California
San Francisco,2021-01-09,1386,25236,891,17512,495,7724,0,0,883,21048,503,2091,885,23139,California
San Francisco,2021-01-10,921,26157,542,18054,379,8103,0,0,461,21050,459,2550,461,23600,California
San Francisco,2021-01-11,2500,28657,1869,19923,631,8734,0,0,1401,21351,1100,3650,1401,25001,California
San Francisco,2021-01-12,3084,31741,2054,21977,1030,9764,0,0,1893,22054,1191,4841,1894,26895,California
San Francisco,2021-01-13,2816,34557,1598,23575,1218,10982,0,0,1989,23216,827,5668,1989,28884,California
San Francisco,2021-01-14,2431,36988,1095,24670,1336,12318,0,0,1872,24529,559,6227,1872,30756,California
San Francisco,2021-01-15,2736,39724,1144,25814,1592,13910,0,0,2345,26487,389,6616,2347,33103,California
San Francisco,2021-01-16,2250,41974,964,26778,1286,15196,0,0,2086,28409,164,6780,2086,35189,California
San Francisco,2021-01-17,1917,43891,531,27309,1386,16582,0,0,1702,29896,215,6995,1702,36891,California
San Francisco,2021-01-18,1372,45263,587,27896,785,17367,0,0,1110,30747,261,7256,1112,38003,California
San Francisco,2021-01-19,2568,47831,1470,29366,1098,18465,0,0,1823,31825,745,8001,1823,39826,California
San Francisco,2021-01-20,2699,50530,1083,30449,1616,20081,0,0,1952,33034,744,8745,1953,41779,California
San Francisco,2021-01-21,3286,53816,927,31376,2359,22440,0,0,2465,34680,819,9564,2465,44244,California
San Francisco,2021-01-22,3166,56982,632,32008,2534,24974,0,0,2724,36964,440,10004,2724,46968,California
San Francisco,2021-01-23,3089,60071,609,32617,2480,27454,0,0,2722,39321,366,10370,2723,49691,California
San Francisco,2021-01-24,2398,62469,335,32952,2063,29517,0,0,2171,41268,224,10594,2171,51862,California
San Francisco,2021-01-25,4574,67043,1777,34729,2797,32314,0,0,3032,42761,1540,12134,3033,54895,California
San Francisco,2021-01-26,4651,71694,2127,36856,2524,34838,0,0,3063,44241,1585,13719,3065,57960,California
San Francisco,2021-01-27,4416,76110,2072,38928,2344,37182,0,0,3068,45965,1344,15063,3068,61028,California
San Francisco,2021-01-28,3748,79858,1552,40480,2196,39378,0,0,2588,47398,1155,16218,2588,63616,California
San Francisco,2021-01-29,4710,84568,1677,42157,3033,42411,0,0,3444,49583,1259,17477,3444,67060,California
San Francisco,2021-01-30,3722,88290,1792,43949,1930,44341,0,0,3277,52419,444,17921,3280,70340,California
San Francisco,2021-01-31,2345,90635,820,44769,1525,45866,0,0,2194,54464,150,18071,2195,72535,California
San Francisco,2021-02-01,3777,94412,1516,46285,2261,48127,0,0,2880,56448,897,18968,2881,75416,California
San Francisco,2021-02-02,4641,99053,1958,48243,2683,50810,0,0,2877,57567,1758,20726,2877,78293,California
San Francisco,2021-02-03,5054,104107,2369,50612,2685,53495,0,0,3751,60019,1300,22026,3752,82045,California
San Francisco,2021-02-04,5014,109121,2431,53043,2583,56078,0,0,3852,62711,1160,23186,3852,85897,California
San Francisco,2021-02-05,5912,115033,3190,56233,2722,58800,0,0,4577,65957,1332,24518,4578,90475,California
San Francisco,2021-02-06,5466,120499,3649,59882,1817,60617,0,0,4567,69628,897,25415,4568,95043,California
San Francisco,2021-02-07,4321,124820,3171,63053,1150,61767,0,0,3745,72801,575,25990,3748,98791,California
San Francisco,2021-02-08,6678,131498,4599,67652,2079,63846,0,0,5474,77090,1187,27177,5476,104267,California
San Francisco,2021-02-09,5910,137408,3983,71635,1927,65773,0,0,4360,79904,1547,28724,4361,108628,California
San Francisco,2021-02-10,6840,144248,4170,75805,2670,68443,0,0,5078,83231,1754,30478,5081,113709,California
San Francisco,2021-02-11,6676,150924,3955,79760,2721,71164,0,0,4871,86300,1803,32281,4872,118581,California
San Francisco,2021-02-12,5299,156223,2662,82422,2637,73801,0,0,3475,87952,1823,34104,3475,122056,California
San Francisco,2021-02-13,4352,160575,2547,84969,1805,75606,0,0,3029,89660,1323,35427,3031,125087,California
San Francisco,2021-02-14,3409,163984,2236,87205,1173,76779,0,0,2289,90831,1119,36546,2290,127377,California
San Francisco,2021-02-15,2751,166735,1487,88692,1264,78043,0,0,1673,91428,1076,37622,1673,129050,California
San Francisco,2021-02-16,4972,171707,2720,91412,2252,80295,0,0,2951,92371,2014,39636,2957,132007,California
San Francisco,2021-02-17,5392,177099,2678,94090,2714,83009,0,0,2955,92899,2428,42064,2956,134963,California
San Francisco,2021-02-18,5365,182464,2628,96718,2737,85746,0,0,2808,93153,2557,44621,2811,137774,California
San Francisco,2021-02-19,5620,188084,2640,99358,2980,88726,0,0,2924,93389,2690,47311,2926,140700,California
San Francisco,2021-02-20,4474,192558,2137,101495,2337,91063,0,0,1696,92316,2770,50081,1697,142397,California
San Francisco,2021-02-21,2733,195291,1364,102859,1369,92432,0,0,1139,91866,1590,51671,1140,143537,California
San Francisco,2021-02-22,5086,200377,3164,106023,1922,94354,0,0,2556,91902,2522,54193,2558,146095,California
San Francisco,2021-02-23,5436,205813,3073,109096,2363,96717,0,0,2758,91988,2672,56865,2758,148853,California
San Francisco,2021-02-24,8942,214755,5061,114157,3881,100598,0,0,4767,92590,4166,61031,4768,153621,California
San Francisco,2021-02-25,9726,224481,6840,120997,2886,103484,0,0,6279,95425,3446,64477,6281,159902,California
San Francisco,2021-02-26,11886,236367,7716,128713,4170,107654,0,0,7045,97627,4844,69321,7046,166948,California
San Francisco,2021-02-27,8876,245243,5646,134359,3229,110883,1,1,4496,97758,4367,73688,4498,171446,California
San Francisco,2021-02-28,7687,252930,5514,139873,2173,113056,0,1,3824,97721,3862,77550,3825,175271,California
San Francisco,2021-03-01,10640,263570,7138,147011,3501,116557,1,2,5146,97394,5477,83027,5150,180421,California
San Francisco,2021-03-02,8803,272373,5613,152624,3190,119747,0,2,5107,98813,3689,86716,5108,185529,California
San Francisco,2021-03-03,10847,283220,6180,158804,4666,124413,1,3,5873,99727,4963,91679,5877,191406,California
San Francisco,2021-03-04,8589,291809,5402,164206,3187,127600,0,3,4847,100838,3736,95415,4847,196253,California
San Francisco,2021-03-05,8617,300426,5105,169311,3509,131109,3,6,5418,103070,3190,98605,5422,201675,California
San Francisco,2021-03-06,6838,307264,4404,173715,2226,133335,208,214,4202,104827,2649,101254,4406,206081,California
San Francisco,2021-03-07,5111,312375,3972,177687,1082,134417,57,271,2879,105516,2246,103500,2935,209016,California
San Francisco,2021-03-08,7102,319477,5145,182832,1772,136189,185,456,5560,109687,1574,105074,5745,214761,California
San Francisco,2021-03-09,6676,326153,3911,186743,2391,138580,374,830,4557,112487,2126,107200,4926,219687,California
San Francisco,2021-03-10,10351,336504,5859,192602,3998,142578,494,1324,6332,115314,4000,111200,6827,226514,California
San Francisco,2021-03-11,10000,346504,6330,198932,2713,145291,957,2281,6564,119408,3421,114621,7515,234029,California
San Francisco,2021-03-12,10681,357185,6230,205162,3143,148434,1308,3589,5938,121931,4721,119342,7244,241273,California
San Francisco,2021-03-13,6554,363739,3830,208992,1677,150111,1047,4636,4068,124565,2479,121821,5113,246386,California
San Francisco,2021-03-14,7472,371211,4840,213832,2398,152509,234,4870,4040,125421,3418,125239,4274,250660,California
San Francisco,2021-03-15,11892,383103,9064,222896,1896,154405,932,5802,8239,130944,3641,128880,9164,259824,California
San Francisco,2021-03-16,12012,395115,8159,231055,3396,157801,457,6259,8739,136878,3260,132140,9194,269018,California
San Francisco,2021-03-17,13142,408257,8110,239165,4492,162293,540,6799,9506,143310,3610,135750,10042,279060,California
San Francisco,2021-03-18,9888,418145,6722,245887,2547,164840,619,7418,5627,145318,4236,139986,6244,285304,California
San Francisco,2021-03-19,11975,430120,8688,254575,2824,167664,463,7881,6377,146580,5575,145561,6837,292141,California
San Francisco,2021-03-20,8636,438756,6373,260948,1805,169469,458,8339,5133,148696,3476,149037,5592,297733,California
San Francisco,2021-03-21,6439,445195,5887,266835,418,169887,134,8473,3682,149767,2745,151782,3816,301549,California
San Francisco,2021-03-22,9643,454838,6799,273634,2003,171890,841,9314,5076,151135,4547,156329,5915,307464,California
San Francisco,2021-03-23,11104,465942,7338,280972,3120,175010,646,9960,6695,154095,4379,160708,7339,314803,California
San Francisco,2021-03-24,12218,478160,9369,290341,2314,177324,535,10495,6330,155106,5851,166559,6862,321665,California
San Francisco,2021-03-25,11723,489883,8622,298963,2547,179871,554,11049,5891,155776,5772,172331,6442,328107,California
San Francisco,2021-03-26,11800,501683,8170,307133,3401,183272,229,11278,6100,156430,5672,178003,6326,334433,California
San Francisco,2021-03-27,8583,510266,5728,312861,2510,185782,345,11623,3893,155993,4675,182678,4238,338671,California
San Francisco,2021-03-28,6548,516814,5223,318084,1284,187066,41,11664,3154,155812,3374,186052,3193,341864,California
San Francisco,2021-03-29,11352,528166,7863,325947,3307,190373,182,11846,5145,154955,6184,192236,5327,347191,California
San Francisco,2021-03-30,11464,539630,7153,333100,4020,194393,291,12137,6883,157570,4558,196794,7173,354364,California
San Francisco,2021-03-31,12077,551707,8012,341112,3771,198164,294,12431,5657,157125,6391,203185,5946,360310,California
San Francisco,2021-04-01,13625,565332,7248,348360,4746,202910,1631,14062,5935,157027,7662,210847,7564,367874,California
San Francisco,2021-04-02,14542,579874,6414,354774,6321,209231,1807,15869,6863,158035,7661,218508,8669,376543,California
San Francisco,2021-04-03,10210,590084,4751,359525,3685,212916,1774,17643,4674,158957,5524,224032,6446,382989,California
San Francisco,2021-04-04,8848,598932,4659,364184,2581,215497,1608,19251,3516,158761,5322,229354,5126,388115,California
San Francisco,2021-04-05,15830,614762,9692,373876,4275,219772,1863,21114,6334,157483,9473,238827,8195,396310,California
San Francisco,2021-04-06,15888,630650,9415,383291,4428,224200,2045,23159,6243,156140,9627,248454,8284,404594,California
San Francisco,2021-04-07,16545,647195,9946,393237,4392,228592,2207,25366,6943,155697,9581,258035,9138,413732,California
San Francisco,2021-04-08,13978,661173,6682,399919,2934,231526,4362,29728,4606,155305,9343,267378,8951,422683,California
San Francisco,2021-04-09,14541,675714,6711,406630,4697,236223,3133,32861,6528,156968,7985,275363,9648,432331,California
San Francisco,2021-04-10,12779,688493,5520,412150,5704,241927,1555,34416,6931,159622,5826,281189,8480,440811,California
San Francisco,2021-04-11,9941,698434,7442,419592,1336,243263,1163,35579,5187,161224,4745,285934,6347,447158,California
San Francisco,2021-04-12,10060,708494,6419,426011,2519,245782,1122,36701,4669,161645,5367,291301,5788,452946,California
San Francisco,2021-04-13,10464,718958,7081,433092,3373,249155,10,36711,5331,161877,5111,296412,5343,458289,California
San Francisco,2021-04-14,12477,731435,7446,440538,5030,254185,1,36712,6164,161754,6289,302701,6166,464455,California
San Francisco,2021-04-15,12853,744288,9140,449678,3712,257897,1,36713,7729,164389,5103,307804,7738,472193,California
San Francisco,2021-04-16,12581,756869,8528,458206,4011,261908,42,36755,7558,166992,5000,312804,7603,479796,California
San Francisco,2021-04-17,6980,763849,4974,463180,2006,263914,0,36755,4782,169588,2187,314991,4783,484579,California
San Joaquin,2020-12-15,12,12,12,12,0,0,0,0,12,12,0,0,12,12,California
San Joaquin,2020-12-16,438,450,438,450,0,0,0,0,438,450,0,0,438,450,California
San Joaquin,2020-12-17,385,835,385,835,0,0,0,0,385,835,0,0,385,835,California
San Joaquin,2020-12-18,573,1408,547,1382,26,26,0,0,573,1408,0,0,573,1408,California
San Joaquin,2020-12-19,200,1608,200,1582,0,26,0,0,200,1608,0,0,200,1608,California
San Joaquin,2020-12-20,112,1720,111,1693,1,27,0,0,112,1720,0,0,112,1720,California
San Joaquin,2020-12-21,555,2275,551,2244,4,31,0,0,555,2275,0,0,555,2275,California
San Joaquin,2020-12-22,1055,3330,895,3139,160,191,0,0,1054,3329,0,0,1054,3329,California
San Joaquin,2020-12-23,1023,4353,956,4095,67,258,0,0,1021,4350,0,0,1021,4350,California
San Joaquin,2020-12-24,221,4574,193,4288,28,286,0,0,220,4570,0,0,220,4570,California
San Joaquin,2020-12-25,14,4588,14,4302,0,286,0,0,14,4584,0,0,14,4584,California
San Joaquin,2020-12-26,101,4689,29,4331,72,358,0,0,101,4685,0,0,101,4685,California
San Joaquin,2020-12-27,41,4730,29,4360,12,370,0,0,41,4726,0,0,41,4726,California
San Joaquin,2020-12-28,649,5379,444,4804,205,575,0,0,649,5375,0,0,649,5375,California
San Joaquin,2020-12-29,877,6256,741,5545,136,711,0,0,877,6252,0,0,877,6252,California
San Joaquin,2020-12-30,1056,7312,749,6294,307,1018,0,0,1054,7306,0,0,1054,7306,California
San Joaquin,2020-12-31,449,7761,200,6494,249,1267,0,0,450,7756,0,0,450,7756,California
San Joaquin,2021-01-01,17,7778,10,6504,7,1274,0,0,17,7773,0,0,17,7773,California
San Joaquin,2021-01-02,260,8038,238,6742,22,1296,0,0,259,8032,0,0,259,8032,California
San Joaquin,2021-01-03,37,8075,19,6761,18,1314,0,0,36,8067,1,1,36,8068,California
San Joaquin,2021-01-04,486,8561,342,7103,144,1458,0,0,482,8548,1,2,482,8550,California
San Joaquin,2021-01-05,1043,9604,712,7815,331,1789,0,0,821,9182,223,225,857,9407,California
San Joaquin,2021-01-06,1307,10911,787,8602,520,2309,0,0,940,9765,360,585,943,10350,California
San Joaquin,2021-01-07,1131,12042,723,9325,408,2717,0,0,807,10253,320,905,808,11158,California
San Joaquin,2021-01-08,1337,13379,946,10271,391,3108,0,0,804,10530,529,1434,806,11964,California
San Joaquin,2021-01-09,375,13754,299,10570,76,3184,0,0,247,10649,128,1562,247,12211,California
San Joaquin,2021-01-10,221,13975,114,10684,107,3291,0,0,169,10766,52,1614,169,12380,California
San Joaquin,2021-01-11,1583,15558,1377,12061,206,3497,0,0,903,11017,679,2293,930,13310,California
San Joaquin,2021-01-12,1514,17072,1072,13133,442,3939,0,0,700,10976,810,3103,769,14079,California
San Joaquin,2021-01-13,1548,18620,850,13983,698,4637,0,0,1019,11471,530,3633,1025,15104,California
San Joaquin,2021-01-14,1674,20294,905,14888,769,5406,0,0,1311,12460,332,3965,1321,16425,California
San Joaquin,2021-01-15,1600,21894,669,15557,931,6337,0,0,1356,13594,224,4189,1358,17783,California
San Joaquin,2021-01-16,1174,23068,192,15749,982,7319,0,0,1148,14716,26,4215,1148,18931,California
San Joaquin,2021-01-17,1652,24720,129,15878,1523,8842,0,0,1617,16300,35,4250,1619,20550,California
San Joaquin,2021-01-18,766,25486,235,16113,531,9373,0,0,649,16836,113,4363,649,21199,California
San Joaquin,2021-01-19,1900,27386,890,17003,1010,10383,0,0,1197,17339,699,5062,1202,22401,California
San Joaquin,2021-01-20,2155,29541,1323,18326,832,11215,0,0,1469,18130,683,5745,1474,23875,California
San Joaquin,2021-01-21,2050,31591,943,19269,1107,12322,0,0,1624,19340,419,6164,1629,25504,California
San Joaquin,2021-01-22,2036,33627,967,20236,1069,13391,0,0,1893,21096,140,6304,1896,27400,California
San Joaquin,2021-01-23,931,34558,401,20637,530,13921,0,0,649,21466,281,6585,651,28051,California
San Joaquin,2021-01-24,358,34916,155,20792,203,14124,0,0,338,21786,18,6603,338,28389,California
San Joaquin,2021-01-25,2044,36960,1175,21967,869,14993,0,0,1467,22683,574,7177,1471,29860,California
San Joaquin,2021-01-26,2223,39183,1167,23134,1056,16049,0,0,1582,23630,639,7816,1586,31446,California
San Joaquin,2021-01-27,1818,41001,824,23958,994,17043,0,0,1305,24431,510,8326,1311,32757,California
San Joaquin,2021-01-28,2148,43149,857,24815,1291,18334,0,0,1461,25210,685,9011,1464,34221,California
San Joaquin,2021-01-29,2260,45409,1141,25956,1119,19453,0,0,1885,26732,370,9381,1892,36113,California
San Joaquin,2021-01-30,2447,47856,393,26349,2054,21507,0,0,2257,28820,171,9552,2259,38372,California
San Joaquin,2021-01-31,1572,49428,177,26526,1395,22902,0,0,1501,30266,56,9608,1502,39874,California
San Joaquin,2021-02-01,2617,52045,1411,27937,1206,24108,0,0,1847,31348,768,10376,1850,41724,California
San Joaquin,2021-02-02,2696,54741,1240,29177,1456,25564,0,0,2064,32843,573,10949,2068,43792,California
San Joaquin,2021-02-03,3178,57919,1308,30485,1870,27434,0,0,2288,34249,886,11835,2292,46084,California
San Joaquin,2021-02-04,3543,61462,1803,32288,1740,29174,0,0,2734,36179,806,12641,2736,48820,California
San Joaquin,2021-02-05,3363,64825,1964,34252,1399,30573,0,0,2495,37812,865,13506,2498,51318,California
San Joaquin,2021-02-06,1136,65961,787,35039,349,30922,0,0,964,38608,170,13676,966,52284,California
San Joaquin,2021-02-07,607,66568,481,35520,126,31048,0,0,410,38829,190,13866,411,52695,California
San Joaquin,2021-02-08,1826,68394,1061,36581,765,31813,0,0,1498,40021,310,14176,1502,54197,California
San Joaquin,2021-02-09,2155,70549,1173,37754,982,32795,0,0,1633,41197,458,14634,1634,55831,California
San Joaquin,2021-02-10,2690,73239,1303,39057,1387,34182,0,0,1392,41319,1270,15904,1392,57223,California
San Joaquin,2021-02-11,3011,76250,1562,40619,1449,35631,0,0,1791,41915,1200,17104,1796,59019,California
San Joaquin,2021-02-12,2855,79105,1196,41815,1659,37290,0,0,1692,42452,1159,18263,1696,60715,California
San Joaquin,2021-02-13,2127,81232,400,42215,1727,39017,0,0,853,42046,1265,19528,859,61574,California
San Joaquin,2021-02-14,1897,83129,259,42474,1638,40655,0,0,688,41543,1192,20720,689,62263,California
San Joaquin,2021-02-15,1994,85123,848,43322,1146,41801,0,0,1205,41985,767,21487,1209,63472,California
San Joaquin,2021-02-16,3197,88320,1457,44779,1740,43541,0,0,1743,42289,1444,22931,1748,65220,California
San Joaquin,2021-02-17,3413,91733,1369,46148,2044,45585,0,0,1943,42781,1455,24386,1947,67167,California
San Joaquin,2021-02-18,3520,95253,1494,47642,2026,47611,0,0,2016,43323,1480,25866,2022,69189,California
San Joaquin,2021-02-19,4701,99954,2780,50422,1921,49532,0,0,2820,44297,1847,27713,2821,72010,California
San Joaquin,2021-02-20,1699,101653,679,51101,1020,50552,0,0,1159,44917,539,28252,1159,73169,California
San Joaquin,2021-02-21,627,102280,471,51572,156,50708,0,0,402,45094,226,28478,403,73572,California
San Joaquin,2021-02-22,4129,106409,3053,54625,1076,51784,0,0,3081,47160,1020,29498,3086,76658,California
San Joaquin,2021-02-23,4893,111302,3283,57908,1610,53394,0,0,3288,48873,1581,31079,3294,79952,California
San Joaquin,2021-02-24,6707,118009,4293,62201,2414,55808,0,0,5014,52216,1675,32754,5018,84970,California
San Joaquin,2021-02-25,7173,125182,4784,66985,2389,58197,0,0,4886,54853,2259,35013,4896,89866,California
San Joaquin,2021-02-26,6018,131200,3378,70363,2640,60837,0,0,4249,57369,1741,36754,4257,94123,California
San Joaquin,2021-02-27,5599,136799,1611,71974,3988,64825,0,0,2644,57113,2915,39669,2659,96782,California
San Joaquin,2021-02-28,3028,139827,1085,73059,1943,66768,0,0,1995,58091,1020,40689,1998,98780,California
San Joaquin,2021-03-01,4132,143959,1810,74869,2322,69090,0,0,2325,58633,1793,42482,2335,101115,California
San Joaquin,2021-03-02,4202,148161,1682,76551,2520,71610,0,0,2611,59727,1577,44059,2671,103786,California
San Joaquin,2021-03-03,6304,154465,3965,80516,2337,73947,2,2,4660,62762,1625,45684,4660,108446,California
San Joaquin,2021-03-04,5773,160238,2468,82984,3302,77249,3,5,3693,64472,1991,47675,3701,112147,California
San Joaquin,2021-03-05,4522,164760,1963,84947,2557,79806,2,7,3086,66135,1428,49103,3091,115238,California
San Joaquin,2021-03-06,3595,168355,2462,87409,1004,80810,129,136,3002,68675,594,49697,3134,118372,California
San Joaquin,2021-03-07,1227,169582,552,87961,631,81441,44,180,951,69396,260,49957,981,119353,California
San Joaquin,2021-03-08,3138,172720,1247,89208,1770,83211,121,301,2120,70625,1011,50968,2240,121593,California
San Joaquin,2021-03-09,4138,176858,1869,91077,2143,85354,126,427,2731,72089,1396,52364,2860,124453,California
San Joaquin,2021-03-10,4933,181791,2673,93750,2122,87476,138,565,3657,74618,1266,53630,3795,128248,California
San Joaquin,2021-03-11,5080,186871,2455,96205,2034,89510,591,1156,3019,76126,2106,55736,3614,131862,California
San Joaquin,2021-03-12,6727,193598,3553,99758,2847,92357,327,1483,4290,78328,2419,58155,4621,136483,California
San Joaquin,2021-03-13,3205,196803,1587,101345,1492,93849,126,1609,2444,80152,754,58909,2578,139061,California
San Joaquin,2021-03-14,2146,198949,667,102012,1179,95028,300,1909,1039,80391,1105,60014,1344,140405,California
San Joaquin,2021-03-15,6659,205608,4095,106107,2166,97194,398,2307,3330,80821,3310,63324,3740,144145,California
San Joaquin,2021-03-16,7744,213352,4783,110890,2713,99907,248,2555,4357,82062,3374,66698,4615,148760,California
San Joaquin,2021-03-17,8951,222303,5830,116720,3047,102954,74,2629,4757,82728,4176,70874,4842,153602,California
San Joaquin,2021-03-18,8586,230889,5437,122157,2643,105597,506,3135,3927,82540,4626,75500,4438,158040,California
San Joaquin,2021-03-19,8572,239461,5171,127328,2860,108457,541,3676,4979,84521,3585,79085,5566,163606,California
San Joaquin,2021-03-20,3798,243259,2122,129450,1436,109893,240,3916,1890,84769,1895,80980,2143,165749,California
San Joaquin,2021-03-21,2326,245585,1687,131137,433,110326,206,4122,1420,85540,899,81879,1670,167419,California
San Joaquin,2021-03-22,4306,249891,2353,133490,1539,111865,414,4536,2695,87053,1602,83481,3115,170534,California
San Joaquin,2021-03-23,5587,255478,2849,136339,2573,114438,165,4701,3969,89570,1621,85102,4138,174672,California
San Joaquin,2021-03-24,7495,262973,4847,141186,2561,116999,87,4788,3210,88608,4267,89369,3305,177977,California
San Joaquin,2021-03-25,5830,268803,3546,144732,2244,119243,40,4828,3570,89986,2239,91608,3617,181594,California
San Joaquin,2021-03-26,6320,275123,2640,147372,3534,122777,146,4974,3355,90572,2935,94543,3521,185115,California
San Joaquin,2021-03-27,5085,280208,2907,150279,2137,124914,41,5015,2077,89715,2989,97532,2132,187247,California
San Joaquin,2021-03-28,3010,283218,2091,152370,894,125808,25,5040,1607,90047,1388,98920,1720,188967,California
San Joaquin,2021-03-29,4149,287367,2301,154671,1826,127634,22,5062,2183,90323,1957,100877,2233,191200,California
San Joaquin,2021-03-30,6424,293791,3396,158067,2988,130622,40,5102,3774,91530,2633,103510,3840,195040,California
San Joaquin,2021-03-31,6851,300642,4373,162440,2419,133041,59,5161,3551,91879,3288,106798,3637,198677,California
San Joaquin,2021-04-01,6652,307294,3248,165688,3325,136366,79,5240,3252,91884,3392,110190,3397,202074,California
San Joaquin,2021-04-02,6372,313666,2888,168576,2993,139359,491,5731,2547,91156,3808,113998,3080,205154,California
San Joaquin,2021-04-03,4228,317894,2414,170990,1487,140846,327,6058,2026,91332,2188,116186,2364,207518,California
San Joaquin,2021-04-04,1947,319841,1031,172021,715,141561,201,6259,1243,92085,698,116884,1451,208969,California
San Joaquin,2021-04-05,4179,324020,2554,174575,1462,143023,163,6422,2390,92870,1783,118667,2568,211537,California
San Joaquin,2021-04-06,7396,331416,4889,179464,2248,145271,259,6681,3546,92853,3834,122501,3817,215354,California
San Joaquin,2021-04-07,8968,340384,5086,184550,2291,147562,1591,8272,3915,93334,5042,127543,5523,220877,California
San Joaquin,2021-04-08,8904,349288,4860,189410,2014,149576,2030,10302,3457,93394,5431,132974,5491,226368,California
San Joaquin,2021-04-09,8865,358153,4180,193590,3240,152816,1445,11747,3596,93201,5252,138226,5059,231427,California
San Joaquin,2021-04-10,5386,363539,1639,195229,1836,154652,1911,13658,1882,93492,3501,141727,3792,235219,California
San Joaquin,2021-04-11,4351,367890,1663,196892,1519,156171,1169,14827,1839,93994,2502,144229,3004,238223,California
San Joaquin,2021-04-12,5380,373270,2169,199061,1976,158147,1235,16062,2021,93910,3346,147575,3262,241485,California
San Joaquin,2021-04-13,6477,379747,3370,202431,3104,161251,3,16065,3915,95293,2545,150120,3928,245413,California
San Joaquin,2021-04-14,5784,385531,2259,204690,3525,164776,0,16065,3372,96271,2401,152521,3379,248792,California
San Joaquin,2021-04-15,5269,390800,2320,207010,2949,167725,0,16065,2717,96470,2527,155048,2726,251518,California
San Joaquin,2021-04-16,4820,395620,1603,208613,3214,170939,3,16068,2869,97421,1931,156979,2882,254400,California
San Joaquin,2021-04-17,2895,398515,963,209576,1932,172871,0,16068,2252,99039,639,157618,2257,256657,California
San Luis Obispo,2020-12-16,4,4,4,4,0,0,0,0,4,4,0,0,4,4,California
San Luis Obispo,2020-12-17,196,200,196,200,0,0,0,0,196,200,0,0,196,200,California
San Luis Obispo,2020-12-18,224,424,224,424,0,0,0,0,224,424,0,0,224,424,California
San Luis Obispo,2020-12-19,162,586,162,586,0,0,0,0,162,586,0,0,162,586,California
San Luis Obispo,2020-12-20,215,801,215,801,0,0,0,0,215,801,0,0,215,801,California
San Luis Obispo,2020-12-21,549,1350,549,1350,0,0,0,0,549,1350,0,0,549,1350,California
San Luis Obispo,2020-12-22,307,1657,303,1653,4,4,0,0,307,1657,0,0,307,1657,California
San Luis Obispo,2020-12-23,681,2338,368,2021,313,317,0,0,681,2338,0,0,681,2338,California
San Luis Obispo,2020-12-24,195,2533,19,2040,176,493,0,0,195,2533,0,0,195,2533,California
San Luis Obispo,2020-12-25,2,2535,1,2041,1,494,0,0,2,2535,0,0,2,2535,California
San Luis Obispo,2020-12-26,90,2625,12,2053,78,572,0,0,90,2625,0,0,90,2625,California
San Luis Obispo,2020-12-27,76,2701,0,2053,76,648,0,0,76,2701,0,0,76,2701,California
San Luis Obispo,2020-12-28,879,3580,430,2483,449,1097,0,0,879,3580,0,0,879,3580,California
San Luis Obispo,2020-12-29,903,4483,502,2985,401,1498,0,0,903,4483,0,0,903,4483,California
San Luis Obispo,2020-12-30,1174,5657,681,3666,493,1991,0,0,1174,5657,0,0,1174,5657,California
San Luis Obispo,2020-12-31,106,5763,4,3670,102,2093,0,0,106,5763,0,0,106,5763,California
San Luis Obispo,2021-01-01,12,5775,8,3678,4,2097,0,0,12,5775,0,0,12,5775,California
San Luis Obispo,2021-01-02,33,5808,8,3686,25,2122,0,0,33,5808,0,0,33,5808,California
San Luis Obispo,2021-01-03,16,5824,6,3692,10,2132,0,0,16,5824,0,0,16,5824,California
San Luis Obispo,2021-01-04,676,6500,524,4216,152,2284,0,0,676,6500,0,0,676,6500,California
San Luis Obispo,2021-01-05,975,7475,757,4973,218,2502,0,0,973,7471,2,2,973,7473,California
San Luis Obispo,2021-01-06,726,8201,481,5454,245,2747,0,0,718,8182,7,9,718,8191,California
San Luis Obispo,2021-01-07,1128,9329,950,6404,178,2925,0,0,686,8426,442,451,686,8877,California
San Luis Obispo,2021-01-08,882,10211,805,7209,77,3002,0,0,513,8571,368,819,513,9390,California
San Luis Obispo,2021-01-09,205,10416,196,7405,9,3011,0,0,28,8422,177,996,28,9418,California
San Luis Obispo,2021-01-10,12,10428,8,7413,4,3015,0,0,8,8426,4,1000,8,9426,California
San Luis Obispo,2021-01-11,526,10954,475,7888,51,3066,0,0,265,8431,260,1260,265,9691,California
San Luis Obispo,2021-01-12,597,11551,379,8267,218,3284,0,0,320,8474,277,1537,320,10011,California
San Luis Obispo,2021-01-13,882,12433,254,8521,628,3912,0,0,644,8882,236,1773,644,10655,California
San Luis Obispo,2021-01-14,728,13161,243,8764,485,4397,0,0,603,9373,112,1885,603,11258,California
San Luis Obispo,2021-01-15,730,13891,288,9052,442,4839,0,0,554,9756,171,2056,554,11812,California
San Luis Obispo,2021-01-16,99,13990,81,9133,18,4857,0,0,94,9845,5,2061,94,11906,California
San Luis Obispo,2021-01-17,66,14056,60,9193,6,4863,0,0,66,9911,0,2061,66,11972,California
San Luis Obispo,2021-01-18,1372,15428,389,9582,983,5846,0,0,1110,10759,262,2323,1110,13082,California
San Luis Obispo,2021-01-19,1585,17013,418,10000,1167,7013,0,0,1178,11530,407,2730,1178,14260,California
San Luis Obispo,2021-01-20,1880,18893,595,10595,1285,8298,0,0,1290,12233,588,3318,1291,15551,California
San Luis Obispo,2021-01-21,1571,20464,466,11061,1105,9403,0,0,1197,13061,370,3688,1198,16749,California
San Luis Obispo,2021-01-22,1521,21985,508,11569,1013,10416,0,0,1206,13954,313,4001,1206,17955,California
San Luis Obispo,2021-01-23,311,22296,293,11862,18,10434,0,0,295,14233,16,4017,295,18250,California
San Luis Obispo,2021-01-24,245,22541,238,12100,7,10441,0,0,239,14466,6,4023,239,18489,California
San Luis Obispo,2021-01-25,2071,24612,606,12706,1465,11906,0,0,1243,14881,828,4851,1243,19732,California
San Luis Obispo,2021-01-26,2003,26615,703,13409,1300,13206,0,0,1136,15151,866,5717,1136,20868,California
San Luis Obispo,2021-01-27,1612,28227,283,13692,1329,14535,0,0,1150,15839,462,6179,1150,22018,California
San Luis Obispo,2021-01-28,1484,29711,342,14034,1142,15677,0,0,1223,16802,260,6439,1223,23241,California
San Luis Obispo,2021-01-29,1734,31445,680,14714,1054,16731,0,0,1450,17968,284,6723,1450,24691,California
San Luis Obispo,2021-01-30,37,31482,18,14732,19,16750,0,0,26,17984,10,6733,26,24717,California
San Luis Obispo,2021-01-31,26,31508,20,14752,6,16756,0,0,23,18004,3,6736,23,24740,California
San Luis Obispo,2021-02-01,1664,33172,703,15455,961,17717,0,0,1395,19131,268,7004,1395,26135,California
San Luis Obispo,2021-02-02,1892,35064,675,16130,1217,18934,0,0,1518,20275,374,7378,1518,27653,California
San Luis Obispo,2021-02-03,1700,36764,726,16856,974,19908,0,0,1288,21151,412,7790,1288,28941,California
San Luis Obispo,2021-02-04,1654,38418,798,17654,856,20764,0,0,1088,21673,566,8356,1088,30029,California
San Luis Obispo,2021-02-05,1604,40022,718,18372,886,21650,0,0,1060,22189,545,8901,1061,31090,California
San Luis Obispo,2021-02-06,159,40181,92,18464,67,21717,0,0,93,22216,66,8967,93,31183,California
San Luis Obispo,2021-02-07,143,40324,98,18562,45,21762,0,0,73,22220,70,9037,74,31257,California
San Luis Obispo,2021-02-08,853,41177,468,19030,385,22147,0,0,495,22358,357,9394,495,31752,California
San Luis Obispo,2021-02-09,1124,42301,448,19478,676,22823,0,0,542,22331,576,9970,549,32301,California
San Luis Obispo,2021-02-10,1425,43726,484,19962,941,23764,0,0,520,21952,902,10872,523,32824,California
San Luis Obispo,2021-02-11,1330,45056,844,20806,486,24250,0,0,655,21935,672,11544,655,33479,California
San Luis Obispo,2021-02-12,785,45841,362,21168,423,24673,0,0,416,21981,370,11914,416,33895,California
San Luis Obispo,2021-02-13,389,46230,124,21292,265,24938,0,0,283,22159,105,12019,283,34178,California
San Luis Obispo,2021-02-14,316,46546,42,21334,274,25212,0,0,279,22402,37,12056,280,34458,California
San Luis Obispo,2021-02-15,723,47269,137,21471,586,25798,0,0,467,22616,253,12309,467,34925,California
San Luis Obispo,2021-02-16,2960,50229,1193,22664,1767,27565,0,0,1358,22378,1596,13905,1358,36283,California
San Luis Obispo,2021-02-17,2773,53002,1237,23901,1536,29101,0,0,1029,21671,1736,15641,1029,37312,California
San Luis Obispo,2021-02-18,2808,55810,1444,25345,1364,30465,0,0,1119,21110,1681,17322,1120,38432,California
San Luis Obispo,2021-02-19,1452,57262,1332,26677,120,30585,0,0,1130,21919,321,17643,1130,39562,California
San Luis Obispo,2021-02-20,247,57509,79,26756,168,30753,0,0,212,22096,35,17678,212,39774,California
San Luis Obispo,2021-02-21,48,57557,45,26801,3,30756,0,0,29,22106,19,17697,29,39803,California
San Luis Obispo,2021-02-22,2401,59958,1858,28659,543,31299,0,0,1461,22628,940,18637,1462,41265,California
San Luis Obispo,2021-02-23,1854,61812,1738,30397,116,31415,0,0,1365,23505,488,19125,1365,42630,California
San Luis Obispo,2021-02-24,2642,64454,1299,31696,1343,32758,0,0,834,22533,1806,20931,834,43464,California
San Luis Obispo,2021-02-25,2129,66583,1243,32939,886,33644,0,0,1205,22822,917,21848,1206,44670,California
San Luis Obispo,2021-02-26,2642,69225,1148,34087,1494,35138,0,0,1324,22834,1312,23160,1324,45994,California
San Luis Obispo,2021-02-27,566,69791,340,34427,226,35364,0,0,520,23308,46,23206,520,46514,California
San Luis Obispo,2021-02-28,196,69987,72,34499,124,35488,0,0,163,23442,29,23235,163,46677,California
San Luis Obispo,2021-03-01,2950,72937,1837,36336,1112,36600,1,1,2032,24558,918,24153,2034,48711,California
San Luis Obispo,2021-03-02,2943,75880,1854,38190,1089,37689,0,1,1827,25272,1114,25267,1828,50539,California
San Luis Obispo,2021-03-03,2265,78145,327,38517,1938,39627,0,1,821,24656,1438,26705,822,51361,California
San Luis Obispo,2021-03-04,2156,80301,1137,39654,1019,40646,0,1,1158,24820,996,27701,1160,52521,California
San Luis Obispo,2021-03-05,2287,82588,1013,40667,1204,41850,70,71,1284,25185,989,28690,1354,53875,California
San Luis Obispo,2021-03-06,829,83417,307,40974,415,42265,107,178,611,25679,218,28908,712,54587,California
San Luis Obispo,2021-03-07,200,83617,32,41006,84,42349,84,262,71,25707,128,29036,156,54743,California
San Luis Obispo,2021-03-08,2721,86338,751,41757,1656,44005,314,576,1539,26379,1180,30216,1852,56595,California
San Luis Obispo,2021-03-09,2909,89247,954,42711,1719,45724,236,812,1509,26728,1397,31613,1746,58341,California
San Luis Obispo,2021-03-10,3176,92423,1240,43951,1666,47390,270,1082,1813,27451,1360,32973,2083,60424,California
San Luis Obispo,2021-03-11,3079,95502,1269,45220,1508,48898,302,1384,1692,28063,1381,34354,1993,62417,California
San Luis Obispo,2021-03-12,3149,98651,1279,46499,1531,50429,339,1723,1549,28361,1593,35947,1891,64308,California
San Luis Obispo,2021-03-13,784,99435,258,46757,417,50846,109,1832,428,28541,356,36303,536,64844,California
San Luis Obispo,2021-03-14,512,99947,54,46811,347,51193,111,1943,136,28413,375,36678,247,65091,California
San Luis Obispo,2021-03-15,3048,102995,1097,47908,1853,53046,98,2041,1527,28520,1518,38196,1625,66716,California
San Luis Obispo,2021-03-16,2822,105817,1503,49411,1219,54265,100,2141,1438,28679,1378,39574,1537,68253,California
San Luis Obispo,2021-03-17,3390,109207,1447,50858,1682,55947,261,2402,1953,29460,1432,41006,2213,70466,California
San Luis Obispo,2021-03-18,2703,111910,1444,52302,1065,57012,194,2596,1257,29467,1444,42450,1451,71917,California
San Luis Obispo,2021-03-19,2571,114481,1561,53863,688,57700,322,2918,952,29127,1616,44066,1276,73193,California
San Luis Obispo,2021-03-20,824,115305,493,54356,295,57995,36,2954,379,29098,444,44510,415,73608,California
San Luis Obispo,2021-03-21,182,115487,44,54400,135,58130,3,2957,153,29225,29,44539,156,73764,California
San Luis Obispo,2021-03-22,2676,118163,1168,55568,1461,59591,47,3004,1860,30320,812,45351,1907,75671,California
San Luis Obispo,2021-03-23,3357,121520,2214,57782,1125,60716,18,3022,2263,31512,1089,46440,2281,77952,California
San Luis Obispo,2021-03-24,3429,124949,2089,59871,1270,61986,70,3092,2583,33324,841,47281,2653,80605,California
San Luis Obispo,2021-03-25,3611,128560,2277,62148,1323,63309,11,3103,2599,34922,1011,48292,2609,83214,California
San Luis Obispo,2021-03-26,3127,131687,1755,63903,951,64260,421,3524,1752,35724,1371,49663,2173,85387,California
San Luis Obispo,2021-03-27,985,132672,502,64405,387,64647,96,3620,442,35721,541,50204,538,85925,California
San Luis Obispo,2021-03-28,442,133114,153,64558,233,64880,56,3676,242,35819,200,50404,298,86223,California
San Luis Obispo,2021-03-29,2574,135688,1271,65829,1169,66049,134,3810,1656,36703,906,51310,1790,88013,California
San Luis Obispo,2021-03-30,3494,139182,1907,67736,1445,67494,142,3952,2347,38047,1143,52453,2487,90500,California
San Luis Obispo,2021-03-31,3801,142983,2442,70178,1216,68710,143,4095,2446,39290,1346,53799,2589,93089,California
San Luis Obispo,2021-04-01,3786,146769,2420,72598,1282,69992,84,4179,2684,40963,1094,54893,2767,95856,California
San Luis Obispo,2021-04-02,1701,148470,681,73279,718,70710,302,4481,914,41393,786,55679,1216,97072,California
San Luis Obispo,2021-04-03,1078,149548,551,73830,408,71118,119,4600,471,41381,602,56281,590,97662,California
San Luis Obispo,2021-04-04,377,149925,130,73960,208,71326,39,4639,231,41505,146,56427,270,97932,California
San Luis Obispo,2021-04-05,3565,153490,1946,75906,1518,72844,101,4740,2042,42124,1522,57949,2141,100073,California
San Luis Obispo,2021-04-06,3983,157473,2138,78044,1544,74388,301,5041,1939,42326,2038,59987,2240,102313,California
San Luis Obispo,2021-04-07,4219,161692,2327,80371,1573,75961,319,5360,2460,43356,1747,61734,2777,105090,California
San Luis Obispo,2021-04-08,3988,165680,2185,82556,1412,77373,391,5751,2170,44106,1811,63545,2561,107651,California
San Luis Obispo,2021-04-09,3570,169250,1700,84256,1142,78515,728,6479,1532,44334,2029,65574,2257,109908,California
San Luis Obispo,2021-04-10,1511,170761,541,84797,324,78839,646,7125,454,44376,1056,66630,1098,111006,California
San Luis Obispo,2021-04-11,313,171074,63,84860,187,79026,63,7188,126,44380,185,66815,189,111195,California
San Luis Obispo,2021-04-12,3330,174404,1687,86547,1489,80515,154,7342,1389,43983,1941,68756,1544,112739,California
San Luis Obispo,2021-04-13,2983,177387,1797,88344,1181,81696,5,7347,1669,44345,1313,70069,1675,114414,California
San Luis Obispo,2021-04-14,1381,178768,630,88974,749,82445,2,7349,770,44513,604,70673,772,115186,California
San Luis Obispo,2021-04-15,1158,179926,710,89684,447,82892,1,7350,596,44555,555,71228,597,115783,California
San Luis Obispo,2021-04-16,1235,181161,633,90317,599,83491,3,7353,682,44688,551,71779,684,116467,California
San Luis Obispo,2021-04-17,164,181325,30,90347,132,83623,2,7355,77,44680,87,71866,79,116546,California
San Mateo,2020-12-15,26,26,26,26,0,0,0,0,26,26,0,0,26,26,California
San Mateo,2020-12-16,110,136,110,136,0,0,0,0,110,136,0,0,110,136,California
San Mateo,2020-12-17,162,298,162,298,0,0,0,0,162,298,0,0,162,298,California
San Mateo,2020-12-18,741,1039,739,1037,2,2,0,0,741,1039,0,0,741,1039,California
San Mateo,2020-12-19,509,1548,509,1546,0,2,0,0,509,1548,0,0,509,1548,California
San Mateo,2020-12-20,507,2055,506,2052,1,3,0,0,507,2055,0,0,507,2055,California
San Mateo,2020-12-21,1153,3208,1153,3205,0,3,0,0,1153,3208,0,0,1153,3208,California
San Mateo,2020-12-22,1513,4721,1506,4711,7,10,0,0,1513,4721,0,0,1513,4721,California
San Mateo,2020-12-23,1571,6292,1385,6096,186,196,0,0,1571,6292,0,0,1571,6292,California
San Mateo,2020-12-24,867,7159,610,6706,257,453,0,0,867,7159,0,0,867,7159,California
San Mateo,2020-12-25,114,7273,110,6816,4,457,0,0,114,7273,0,0,114,7273,California
San Mateo,2020-12-26,560,7833,417,7233,143,600,0,0,560,7833,0,0,560,7833,California
San Mateo,2020-12-27,305,8138,175,7408,130,730,0,0,305,8138,0,0,305,8138,California
San Mateo,2020-12-28,1047,9185,701,8109,346,1076,0,0,1047,9185,0,0,1047,9185,California
San Mateo,2020-12-29,1128,10313,705,8814,423,1499,0,0,1128,10313,0,0,1128,10313,California
San Mateo,2020-12-30,1263,11576,761,9575,502,2001,0,0,1263,11576,0,0,1263,11576,California
San Mateo,2020-12-31,717,12293,232,9807,485,2486,0,0,716,12291,1,1,716,12292,California
San Mateo,2021-01-01,35,12328,30,9837,5,2491,0,0,35,12326,0,1,35,12327,California
San Mateo,2021-01-02,397,12725,268,10105,129,2620,0,0,397,12723,0,1,397,12724,California
San Mateo,2021-01-03,281,13006,206,10311,75,2695,0,0,278,12998,3,4,278,13002,California
San Mateo,2021-01-04,1056,14062,683,10994,373,3068,0,0,1056,14054,0,4,1056,14058,California
San Mateo,2021-01-05,1197,15259,704,11698,493,3561,0,0,1169,15196,28,32,1170,15228,California
San Mateo,2021-01-06,1445,16704,948,12646,497,4058,0,0,1266,16286,177,209,1267,16495,California
San Mateo,2021-01-07,1450,18154,805,13451,645,4703,0,0,1162,17168,281,490,1163,17658,California
San Mateo,2021-01-08,1837,19991,1191,14642,646,5349,0,0,1139,17617,691,1181,1140,18798,California
San Mateo,2021-01-09,1178,21169,775,15417,403,5752,0,0,722,17883,456,1637,722,19520,California
San Mateo,2021-01-10,698,21867,570,15987,128,5880,0,0,263,17711,435,2072,263,19783,California
San Mateo,2021-01-11,2583,24450,1479,17466,1104,6984,0,0,1522,18172,1062,3134,1523,21306,California
San Mateo,2021-01-12,3276,27726,1770,19236,1506,8490,0,0,2097,19094,1177,4311,2099,23405,California
San Mateo,2021-01-13,3469,31195,1749,20985,1720,10210,0,0,2436,20500,1033,5344,2439,25844,California
San Mateo,2021-01-14,3773,34968,1581,22566,2192,12402,0,0,3089,22910,684,6028,3094,28938,California
San Mateo,2021-01-15,4328,39296,1710,24276,2618,15020,0,0,3800,26186,526,6554,3802,32740,California
San Mateo,2021-01-16,3083,42379,777,25053,2306,17326,0,0,2764,28631,319,6873,2764,35504,California
San Mateo,2021-01-17,1308,43687,308,25361,1000,18326,0,0,1100,29523,208,7081,1100,36604,California
San Mateo,2021-01-18,1362,45049,531,25892,831,19157,0,0,989,30146,370,7451,993,37597,California
San Mateo,2021-01-19,2796,47845,1783,27675,1013,20170,0,0,2006,31365,787,8238,2006,39603,California
San Mateo,2021-01-20,2654,50499,1402,29077,1252,21422,0,0,1809,32333,842,9080,1810,41413,California
San Mateo,2021-01-21,2820,53319,1279,30356,1541,22963,0,0,2240,33997,579,9659,2243,43656,California
San Mateo,2021-01-22,2790,56109,1130,31486,1660,24623,0,0,2491,36192,297,9956,2492,46148,California
San Mateo,2021-01-23,2882,58991,1688,33174,1194,25817,0,0,2521,38353,361,10317,2522,48670,California
San Mateo,2021-01-24,1519,60510,373,33547,1146,26963,0,0,1210,39255,308,10625,1210,49880,California
San Mateo,2021-01-25,4429,64939,3147,36694,1282,28245,0,0,3533,41896,894,11519,3535,53415,California
San Mateo,2021-01-26,4284,69223,2979,39673,1305,29550,0,0,3382,44377,901,12420,3382,56797,California
San Mateo,2021-01-27,2780,72003,1462,41135,1318,30868,0,0,1789,45183,985,13405,1791,58588,California
San Mateo,2021-01-28,2786,74789,1342,42477,1444,32312,0,0,1940,46292,831,14236,1940,60528,California
San Mateo,2021-01-29,2970,77759,1331,43808,1639,33951,0,0,2140,47608,827,15063,2143,62671,California
San Mateo,2021-01-30,3371,81130,1472,45280,1899,35850,0,0,2914,50067,456,15519,2915,65586,California
San Mateo,2021-01-31,1682,82812,896,46176,786,36636,0,0,1520,51427,160,15679,1520,67106,California
San Mateo,2021-02-01,2919,85731,1341,47517,1578,38214,0,0,2213,52938,703,16382,2214,69320,California
San Mateo,2021-02-02,3165,88896,1728,49245,1437,39651,0,0,2153,54082,1009,17391,2153,71473,California
San Mateo,2021-02-03,4871,93767,1944,51189,2927,42578,0,0,3820,56855,1048,18439,3821,75294,California
San Mateo,2021-02-04,6278,100045,2584,53773,3694,46272,0,0,4920,60426,1352,19791,4923,80217,California
San Mateo,2021-02-05,6783,106828,2551,56324,4232,50504,0,0,4959,63578,1807,21598,4959,85176,California
San Mateo,2021-02-06,3280,110108,1917,58241,1363,51867,0,0,2616,65533,663,22261,2618,87794,California
San Mateo,2021-02-07,1895,112003,1342,59583,553,52420,0,0,1708,67054,187,22448,1708,89502,California
San Mateo,2021-02-08,5272,117275,2243,61826,3029,55449,0,0,3101,68047,2108,24556,3101,92603,California
San Mateo,2021-02-09,6170,123445,3217,65043,2953,58402,0,0,3332,68545,2834,27390,3332,95935,California
San Mateo,2021-02-10,6494,129939,3271,68314,3223,61625,0,0,3541,69142,2944,30334,3541,99476,California
San Mateo,2021-02-11,7022,136961,3565,71879,3457,65082,0,0,3812,69756,3201,33535,3815,103291,California
San Mateo,2021-02-12,6614,143575,2952,74831,3662,68744,0,0,4706,72560,1904,35439,4708,107999,California
San Mateo,2021-02-13,6083,149658,3988,78819,2095,70839,0,0,2636,71753,3443,38882,2636,110635,California
San Mateo,2021-02-14,4630,154288,3017,81836,1613,72452,0,0,1979,71085,2648,41530,1980,112615,California
San Mateo,2021-02-15,3162,157450,1457,83293,1705,74157,0,0,1788,71503,1370,42900,1788,114403,California
San Mateo,2021-02-16,7140,164590,1868,85161,5272,79429,0,0,5278,74922,1861,44761,5280,119683,California
San Mateo,2021-02-17,7045,171635,1931,87092,5114,84543,0,0,5061,78006,1979,46740,5063,124746,California
San Mateo,2021-02-18,6672,178307,4617,91709,2055,86598,0,0,4436,80211,2233,48973,4438,129184,California
San Mateo,2021-02-19,7808,186115,5609,97318,2199,88797,0,0,5823,84055,1979,50952,5823,135007,California
San Mateo,2021-02-20,3727,189842,2409,99727,1318,90115,0,0,2306,84946,1415,52367,2306,137313,California
San Mateo,2021-02-21,2297,192139,1456,101183,841,90956,0,0,1252,85157,1041,53408,1252,138565,California
San Mateo,2021-02-22,4413,196552,3189,104372,1224,92180,0,0,2784,86318,1623,55031,2784,141349,California
San Mateo,2021-02-23,4282,200834,3041,107413,1241,93421,0,0,2482,87006,1794,56825,2482,143831,California
San Mateo,2021-02-24,7270,208104,3247,110660,4023,97444,0,0,4849,89439,2416,59241,4849,148680,California
San Mateo,2021-02-25,9068,217172,4004,114664,5064,102508,0,0,6007,92400,3046,62287,6007,154687,California
San Mateo,2021-02-26,9733,226905,3700,118364,6033,108541,0,0,6818,96317,2903,65190,6820,161507,California
San Mateo,2021-02-27,6670,233575,3405,121769,3264,111805,1,1,3626,96911,3039,68229,3633,165140,California
San Mateo,2021-02-28,4118,237693,2500,124269,1618,113423,0,1,2551,97900,1563,69792,2552,167692,California
San Mateo,2021-03-01,5615,243308,3511,127780,2104,115527,0,1,2775,97844,2831,72623,2775,170467,California
San Mateo,2021-03-02,5725,249033,3942,131722,1782,117309,1,2,3292,98714,2424,75047,3294,173761,California
San Mateo,2021-03-03,8232,257265,3838,135560,4393,121702,1,3,3545,97582,4678,79725,3546,177307,California
San Mateo,2021-03-04,8333,265598,3919,139479,4412,126114,2,5,3772,96811,4547,84272,3776,181083,California
San Mateo,2021-03-05,9049,274647,5969,145448,3077,129191,3,8,6393,100575,2636,86908,6400,187483,California
San Mateo,2021-03-06,7821,282468,5418,150866,2227,131418,176,184,5719,104376,2093,89001,5894,193377,California
San Mateo,2021-03-07,3460,285928,2309,153175,1084,132502,67,251,2001,104989,1455,90456,2068,195445,California
San Mateo,2021-03-08,4392,290320,2460,155635,1732,134234,200,451,3193,107190,1193,91649,3394,198839,California
San Mateo,2021-03-09,4504,294824,2102,157737,2130,136364,272,723,2972,108907,1526,93175,3243,202082,California
San Mateo,2021-03-10,6903,301727,2629,160366,3991,140355,283,1006,4562,111422,2329,95504,4844,206926,California
San Mateo,2021-03-11,9092,310819,5712,166078,2989,143344,391,1397,3691,110128,5375,100879,4081,211007,California
San Mateo,2021-03-12,10460,321279,6599,172677,3491,146835,370,1767,3486,107023,6960,107839,3855,214862,California
San Mateo,2021-03-13,8069,329348,3403,176080,3037,149872,1629,3396,3897,108380,4164,112003,5521,220383,California
San Mateo,2021-03-14,4915,334263,3293,179373,1515,151387,107,3503,2903,109383,2007,114010,3010,223393,California
San Mateo,2021-03-15,7105,341368,4567,183940,2364,153751,174,3677,3758,109972,3343,117353,3932,227325,California
San Mateo,2021-03-16,11862,353230,4352,188292,7387,161138,123,3800,4829,107908,7019,124372,4955,232280,California
San Mateo,2021-03-17,10754,363984,4355,192647,6275,167413,124,3924,4865,107033,5868,130240,4993,237273,California
San Mateo,2021-03-18,7173,371157,4015,196662,2975,170388,183,4107,4259,108565,2910,133150,4442,241715,California
San Mateo,2021-03-19,7332,378489,4704,201366,1963,172351,665,4772,3595,109094,3730,136880,4259,245974,California
San Mateo,2021-03-20,8230,386719,6422,207788,1476,173827,332,5104,5366,111942,2850,139730,5698,251672,California
San Mateo,2021-03-21,4118,390837,3115,210903,772,174599,231,5335,2322,112705,1787,141517,2550,254222,California
San Mateo,2021-03-22,5182,396019,3532,214435,1232,175831,418,5753,2832,113620,2337,143854,3252,257474,California
San Mateo,2021-03-23,9725,405744,4414,218849,5115,180946,196,5949,4628,113374,5070,148924,4824,262298,California
San Mateo,2021-03-24,9411,415155,5419,224268,3849,184795,143,6092,4088,112343,5261,154185,4230,266528,California
San Mateo,2021-03-25,9874,425029,4822,229090,4797,189592,255,6347,4339,111504,5435,159620,4596,271124,California
San Mateo,2021-03-26,11054,436083,7620,236710,3271,192863,163,6510,4400,109447,6620,166240,4563,275687,California
San Mateo,2021-03-27,10340,446423,7901,244611,2335,195198,104,6614,4612,108452,5708,171948,4713,280400,California
San Mateo,2021-03-28,4197,450620,2705,247316,1381,196579,111,6725,2095,108565,2094,174042,2207,282607,California
San Mateo,2021-03-29,5979,456599,3727,251043,2002,198581,250,6975,2835,108523,3127,177169,3085,285692,California
San Mateo,2021-03-30,7015,463614,3970,255013,2893,201474,152,7127,4452,110576,2551,179720,4604,290296,California
San Mateo,2021-03-31,7142,470756,4519,259532,2486,203960,137,7264,4062,111707,3068,182788,4199,294495,California
San Mateo,2021-04-01,10326,481082,5058,264590,4089,208049,1179,8443,5545,113681,4749,187537,6723,301218,California
San Mateo,2021-04-02,10558,491640,5043,269633,3955,212004,1560,10003,5538,115777,5002,192539,7098,308316,California
San Mateo,2021-04-03,9557,501197,5414,275047,2418,214422,1725,11728,4796,117547,4753,197292,6523,314839,California
San Mateo,2021-04-04,5289,506486,2540,277587,1543,215965,1206,12934,1659,116792,3620,200912,2865,317704,California
San Mateo,2021-04-05,8869,515355,4710,282297,2435,218400,1724,14658,3826,117308,5034,205946,5550,323254,California
San Mateo,2021-04-06,13038,528393,8156,290453,3035,221435,1847,16505,7449,121035,5577,211523,9304,332558,California
San Mateo,2021-04-07,11258,539651,5221,295674,4374,225809,1663,18168,4781,121014,6459,217982,6438,338996,California
San Mateo,2021-04-08,9824,549475,4960,300634,2352,228161,2512,20680,4390,122490,5421,223403,6897,345893,California
San Mateo,2021-04-09,10704,560179,5169,305803,3272,231433,2263,22943,4954,123969,5736,229139,7215,353108,California
San Mateo,2021-04-10,10758,570937,5348,311151,4006,235439,1404,24347,4400,123436,6335,235474,5802,358910,California
San Mateo,2021-04-11,6589,577526,3266,314417,879,236318,2444,26791,2321,123935,4263,239737,4762,363672,California
San Mateo,2021-04-12,7012,584538,4196,318613,1863,238181,953,27744,3432,124755,3566,243303,4386,368058,California
San Mateo,2021-04-13,7975,592513,4944,323557,3024,241205,7,27751,4235,125266,3734,247037,4245,372303,California
San Mateo,2021-04-14,7845,600358,4981,328538,2862,244067,2,27753,4123,125682,3713,250750,4129,376432,California
San Mateo,2021-04-15,10217,610575,6775,335313,3441,247508,1,27754,6837,129168,3359,254109,6845,383277,California
San Mateo,2021-04-16,8763,619338,6002,341315,2746,250254,15,27769,5582,131601,3170,257279,5603,388880,California
San Mateo,2021-04-17,4093,623431,2192,343507,1900,252154,1,27770,2991,133497,1098,258377,2994,391874,California
Santa Barbara,2020-12-15,2,2,2,2,0,0,0,0,2,2,0,0,2,2,California
Santa Barbara,2020-12-16,2,4,2,4,0,0,0,0,2,4,0,0,2,4,California
Santa Barbara,2020-12-17,53,57,53,57,0,0,0,0,53,57,0,0,53,57,California
Santa Barbara,2020-12-18,378,435,377,434,1,1,0,0,378,435,0,0,378,435,California
Santa Barbara,2020-12-19,325,760,325,759,0,1,0,0,325,760,0,0,325,760,California
Santa Barbara,2020-12-20,235,995,235,994,0,1,0,0,235,995,0,0,235,995,California
Santa Barbara,2020-12-21,651,1646,649,1643,2,3,0,0,651,1646,0,0,651,1646,California
Santa Barbara,2020-12-22,243,1889,241,1884,2,5,0,0,243,1889,0,0,243,1889,California
Santa Barbara,2020-12-23,320,2209,202,2086,118,123,0,0,320,2209,0,0,320,2209,California
Santa Barbara,2020-12-24,87,2296,40,2126,47,170,0,0,87,2296,0,0,87,2296,California
Santa Barbara,2020-12-26,326,2622,66,2192,260,430,0,0,326,2622,0,0,326,2622,California
Santa Barbara,2020-12-27,62,2684,1,2193,61,491,0,0,62,2684,0,0,62,2684,California
Santa Barbara,2020-12-28,355,3039,222,2415,133,624,0,0,355,3039,0,0,355,3039,California
Santa Barbara,2020-12-29,554,3593,362,2777,192,816,0,0,554,3593,0,0,554,3593,California
Santa Barbara,2020-12-30,586,4179,405,3182,181,997,0,0,586,4179,0,0,586,4179,California
Santa Barbara,2020-12-31,239,4418,113,3295,126,1123,0,0,239,4418,0,0,239,4418,California
Santa Barbara,2021-01-01,108,4526,107,3402,1,1124,0,0,108,4526,0,0,108,4526,California
Santa Barbara,2021-01-02,586,5112,223,3625,363,1487,0,0,586,5112,0,0,586,5112,California
Santa Barbara,2021-01-03,23,5135,15,3640,8,1495,0,0,23,5135,0,0,23,5135,California
Santa Barbara,2021-01-04,308,5443,245,3885,63,1558,0,0,307,5442,0,0,307,5442,California
Santa Barbara,2021-01-05,752,6195,379,4264,373,1931,0,0,725,6140,27,27,725,6167,California
Santa Barbara,2021-01-06,654,6849,275,4539,379,2310,0,0,595,6677,58,85,595,6762,California
Santa Barbara,2021-01-07,1031,7880,708,5247,323,2633,0,0,526,6702,501,586,526,7288,California
Santa Barbara,2021-01-08,1201,9081,839,6086,362,2995,0,0,707,6915,494,1080,707,7995,California
Santa Barbara,2021-01-09,566,9647,293,6379,273,3268,0,0,320,6989,246,1326,320,8315,California
Santa Barbara,2021-01-10,62,9709,50,6429,12,3280,0,0,46,7019,16,1342,46,8361,California
Santa Barbara,2021-01-11,837,10546,668,7097,169,3449,0,0,614,7411,222,1564,614,8975,California
Santa Barbara,2021-01-12,1426,11972,634,7731,792,4241,0,0,1270,8525,156,1720,1270,10245,California
Santa Barbara,2021-01-13,1227,13199,281,8012,946,5187,0,0,1101,9500,126,1846,1101,11346,California
Santa Barbara,2021-01-14,1247,14446,134,8146,1113,6300,0,0,1193,10641,53,1899,1194,12540,California
Santa Barbara,2021-01-15,1798,16244,419,8565,1379,7679,0,0,1717,12278,80,1979,1717,14257,California
Santa Barbara,2021-01-16,1272,17516,202,8767,1070,8749,0,0,1233,13473,38,2017,1233,15490,California
Santa Barbara,2021-01-17,123,17639,20,8787,103,8852,0,0,120,13590,3,2020,120,15610,California
Santa Barbara,2021-01-18,1146,18785,417,9204,729,9581,0,0,961,14366,185,2205,961,16571,California
Santa Barbara,2021-01-19,1635,20420,566,9770,1069,10650,0,0,1356,15444,278,2483,1356,17927,California
Santa Barbara,2021-01-20,1987,22407,445,10215,1542,12192,0,0,1694,16846,292,2775,1694,19621,California
Santa Barbara,2021-01-21,3086,25493,1819,12034,1267,13459,0,0,2931,19623,155,2930,2932,22553,California
Santa Barbara,2021-01-22,2999,28492,1851,13885,1148,14607,0,0,2854,22335,142,3072,2854,25407,California
Santa Barbara,2021-01-23,1735,30227,1106,14991,629,15236,0,0,1226,23053,508,3580,1226,26633,California
Santa Barbara,2021-01-24,843,31070,752,15743,91,15327,0,0,835,23880,8,3588,835,27468,California
Santa Barbara,2021-01-25,1238,32308,500,16243,738,16065,0,0,1001,24644,237,3825,1001,28469,California
Santa Barbara,2021-01-26,2038,34346,462,16705,1576,17641,0,0,1654,25916,382,4207,1654,30123,California
Santa Barbara,2021-01-27,1156,35502,398,17103,758,18399,0,0,899,26560,256,4463,900,31023,California
Santa Barbara,2021-01-28,891,36393,295,17398,596,18995,0,0,678,27028,210,4673,678,31701,California
Santa Barbara,2021-01-29,1331,37724,538,17936,793,19788,0,0,979,27660,349,5022,981,32682,California
Santa Barbara,2021-01-30,1890,39614,1418,19354,472,20260,0,0,1486,28745,401,5423,1486,34168,California
Santa Barbara,2021-01-31,1456,41070,1218,20572,238,20498,0,0,1417,30123,39,5462,1417,35585,California
Santa Barbara,2021-02-01,935,42005,517,21089,418,20916,0,0,548,30284,387,5849,548,36133,California
Santa Barbara,2021-02-02,1816,43821,699,21788,1117,22033,0,0,1041,30552,773,6622,1041,37174,California
Santa Barbara,2021-02-03,1943,45764,1079,22867,864,22897,0,0,1501,31621,432,7054,1501,38675,California
Santa Barbara,2021-02-04,2776,48540,1861,24728,915,23812,0,0,2481,33812,290,7344,2481,41156,California
Santa Barbara,2021-02-05,2905,51445,2060,26788,845,24657,0,0,2262,35432,642,7986,2262,43418,California
Santa Barbara,2021-02-06,1206,52651,338,27126,868,25525,0,0,795,35816,411,8397,795,44213,California
Santa Barbara,2021-02-07,298,52949,262,27388,36,25561,0,0,264,36047,33,8430,264,44477,California
Santa Barbara,2021-02-08,956,53905,312,27700,644,26205,0,0,670,36431,286,8716,670,45147,California
Santa Barbara,2021-02-09,2442,56347,314,28014,2128,28333,0,0,1122,36242,1311,10027,1122,46269,California
Santa Barbara,2021-02-10,2757,59104,1494,29508,1263,29596,0,0,800,35093,1949,11976,800,47069,California
Santa Barbara,2021-02-11,4176,63280,2804,32312,1372,30968,0,0,619,32160,3552,15528,619,47688,California
Santa Barbara,2021-02-12,3304,66584,948,33260,2356,33324,0,0,772,30405,2527,18055,772,48460,California
Santa Barbara,2021-02-13,1237,67821,341,33601,896,34220,0,0,562,30295,672,18727,562,49022,California
Santa Barbara,2021-02-14,331,68152,34,33635,297,34517,0,0,285,30534,46,18773,285,49307,California
Santa Barbara,2021-02-15,962,69114,337,33972,625,35142,0,0,490,30556,468,19241,490,49797,California
Santa Barbara,2021-02-16,2108,71222,395,34367,1713,36855,0,0,718,29888,1386,20627,718,50515,California
Santa Barbara,2021-02-17,1429,72651,316,34683,1113,37968,0,0,515,29491,912,21539,515,51030,California
Santa Barbara,2021-02-18,3250,75901,2646,37329,604,38572,0,0,1520,29315,1696,23235,1520,52550,California
Santa Barbara,2021-02-19,3602,79503,2648,39977,954,39526,0,0,2333,30382,1266,24501,2333,54883,California
Santa Barbara,2021-02-20,2219,81722,1432,41409,787,40313,0,0,1667,31506,543,25044,1667,56550,California
Santa Barbara,2021-02-21,124,81846,97,41506,27,40340,0,0,57,31496,67,25111,57,56607,California
Santa Barbara,2021-02-22,933,82779,242,41748,691,41031,0,0,261,31091,666,25777,261,56868,California
Santa Barbara,2021-02-23,3182,85961,1044,42792,2138,43169,0,0,421,28753,2759,28536,421,57289,California
Santa Barbara,2021-02-24,3193,89154,1088,43880,2105,45274,0,0,721,27011,2463,30999,721,58010,California
Santa Barbara,2021-02-25,3450,92604,1915,45795,1535,46809,0,0,985,25539,2458,33457,986,58996,California
Santa Barbara,2021-02-26,3661,96265,2173,47968,1488,48297,0,0,1979,25842,1676,35133,1979,60975,California
Santa Barbara,2021-02-27,1527,97792,561,48529,966,49263,0,0,846,26015,675,35808,848,61823,California
Santa Barbara,2021-02-28,1080,98872,218,48747,862,50125,0,0,890,26720,186,35994,891,62714,California
Santa Barbara,2021-03-01,1617,100489,457,49204,1160,51285,0,0,1079,27267,533,36527,1080,63794,California
Santa Barbara,2021-03-02,2593,103082,398,49602,2195,53480,0,0,2106,28897,477,37004,2107,65901,California
Santa Barbara,2021-03-03,4619,107701,2090,51692,2528,56008,1,1,4028,32348,581,37585,4032,69933,California
Santa Barbara,2021-03-04,3397,111098,2274,53966,1123,57131,0,1,2848,34653,543,38128,2848,72781,California
Santa Barbara,2021-03-05,3797,114895,2150,56116,1588,58719,59,60,3076,37073,715,38843,3135,75916,California
Santa Barbara,2021-03-06,2436,117331,724,56840,1493,60212,219,279,1672,38202,761,39604,1890,77806,California
Santa Barbara,2021-03-07,556,117887,122,56962,306,60518,128,407,380,38536,175,39779,509,78315,California
Santa Barbara,2021-03-08,1572,119459,374,57336,856,61374,342,749,792,38896,774,40553,1134,79449,California
Santa Barbara,2021-03-09,2762,122221,323,57659,1670,63044,769,1518,716,38334,2043,42596,1481,80930,California
Santa Barbara,2021-03-10,2747,124968,540,58199,1160,64204,1047,2565,1029,38697,1713,44309,2076,83006,California
Santa Barbara,2021-03-11,5566,130534,3031,61230,1423,65627,1112,3677,2274,38800,3281,47590,3384,86390,California
Santa Barbara,2021-03-12,3640,134174,2089,63319,1125,66752,426,4103,2169,39931,1464,49054,2595,88985,California
Santa Barbara,2021-03-13,3461,137635,1915,65234,1337,68089,209,4312,2691,42063,769,49823,2901,91886,California
Santa Barbara,2021-03-14,769,138404,363,65597,349,68438,57,4369,451,42253,318,50141,508,92394,California
Santa Barbara,2021-03-15,2099,140503,695,66292,1114,69552,290,4659,1264,42973,832,50973,1552,93946,California
Santa Barbara,2021-03-16,3713,144216,1167,67459,2205,71757,341,5000,2731,45066,979,51952,3072,97018,California
Santa Barbara,2021-03-17,3278,147494,969,68428,1910,73667,399,5399,2294,46776,982,52934,2692,99710,California
Santa Barbara,2021-03-18,4330,151824,2791,71219,1339,75006,200,5599,3131,48918,1189,54123,3331,103041,California
Santa Barbara,2021-03-19,4425,156249,2761,73980,1333,76339,331,5930,3034,50898,1385,55508,3365,106406,California
Santa Barbara,2021-03-20,2150,158399,821,74801,1320,77659,9,5939,1316,51391,832,56340,1325,107731,California
Santa Barbara,2021-03-21,1148,159547,380,75181,739,78398,29,5968,826,51926,320,56660,855,108586,California
Santa Barbara,2021-03-22,2764,162311,1906,77087,815,79213,43,6011,2215,53641,543,57203,2258,110844,California
Santa Barbara,2021-03-23,4446,166757,2235,79322,2115,81328,96,6107,3689,56678,748,57951,3785,114629,California
Santa Barbara,2021-03-24,5367,172124,3143,82465,1491,82819,733,6840,2942,57946,2406,60357,3674,118303,California
Santa Barbara,2021-03-25,5489,177613,3262,85727,2046,84865,181,7021,2739,58130,2736,63093,2920,121223,California
Santa Barbara,2021-03-26,5060,182673,3212,88939,1551,86416,297,7318,2225,57834,2818,65911,2522,123745,California
Santa Barbara,2021-03-27,2927,185600,1222,90161,1663,88079,42,7360,1595,58143,1327,67238,1636,125381,California
Santa Barbara,2021-03-28,2766,188366,1647,91808,1091,89170,28,7388,1887,59182,876,68114,1915,127296,California
Santa Barbara,2021-03-29,4040,192406,2088,93896,1883,91053,69,7457,3235,61686,800,68914,3304,130600,California
Santa Barbara,2021-03-30,6775,199181,3500,97396,3128,94181,147,7604,4556,64183,2205,71119,4702,135302,California
Santa Barbara,2021-03-31,8616,207797,5489,102885,3063,97244,64,7668,5057,65761,3544,74663,5122,140424,California
Santa Barbara,2021-04-01,6880,214677,5074,107959,1548,98792,258,7926,4044,67237,2824,77487,4300,144724,California
Santa Barbara,2021-04-02,6591,221268,4524,112483,1475,100267,592,8518,3381,68006,3203,80690,3972,148696,California
Santa Barbara,2021-04-03,3783,225051,2100,114583,1615,101882,68,8586,2490,69274,1289,81979,2557,151253,California
Santa Barbara,2021-04-04,891,225942,441,115024,412,102294,38,8624,495,69413,394,82373,533,151786,California
Santa Barbara,2021-04-05,3435,229377,2264,117288,914,103208,257,8881,2145,70531,1285,83658,2403,154189,California
Santa Barbara,2021-04-06,5445,234822,2815,120103,2095,105303,535,9416,3335,72303,2095,85753,3867,158056,California
Santa Barbara,2021-04-07,5978,240800,3282,123385,2155,107458,541,9957,4084,75041,1883,87636,4621,162677,California
Santa Barbara,2021-04-08,7377,248177,5027,128412,635,108093,1715,11672,3413,76205,3961,91597,5125,167802,California
Santa Barbara,2021-04-09,7226,255403,4857,133269,1031,109124,1338,13010,3289,76901,3927,95524,4623,172425,California
Santa Barbara,2021-04-10,6614,262017,4598,137867,1406,110530,610,13620,4516,79933,2094,97618,5126,177551,California
Santa Barbara,2021-04-11,2661,264678,1949,139816,413,110943,299,13919,1840,81252,816,98434,2135,179686,California
Santa Barbara,2021-04-12,4376,269054,2800,142616,1024,111967,552,14471,1875,81183,2493,100927,2424,182110,California
Santa Barbara,2021-04-13,6274,275328,4126,146742,2137,114104,11,14482,2603,80129,3667,104594,2613,184723,California
Santa Barbara,2021-04-14,6385,281713,4120,150862,2263,116367,2,14484,3956,81666,2420,107014,3957,188680,California
Santa Barbara,2021-04-15,5050,286763,3567,154429,1483,117850,0,14484,2856,82334,2188,109202,2856,191536,California
Santa Barbara,2021-04-16,5447,292210,3194,157623,2242,120092,11,14495,3560,84028,1876,111078,3570,195106,California
Santa Barbara,2021-04-17,2064,294274,1520,159143,544,120636,0,14495,1650,85267,411,111489,1650,196756,California
Santa Clara,2020-12-15,64,64,64,64,0,0,0,0,64,64,0,0,64,64,California
Santa Clara,2020-12-16,136,200,136,200,0,0,0,0,136,200,0,0,136,200,California
Santa Clara,2020-12-17,388,588,388,588,0,0,0,0,388,588,0,0,388,588,California
Santa Clara,2020-12-18,1670,2258,1670,2258,0,0,0,0,1670,2258,0,0,1670,2258,California
Santa Clara,2020-12-19,2073,4331,2073,4331,0,0,0,0,2072,4330,0,0,2072,4330,California
Santa Clara,2020-12-20,1899,6230,1893,6224,6,6,0,0,1896,6226,0,0,1896,6226,California
Santa Clara,2020-12-21,2669,8899,2669,8893,0,6,0,0,2667,8893,0,0,2667,8893,California
Santa Clara,2020-12-22,3122,12021,3113,12006,9,15,0,0,3119,12012,0,0,3119,12012,California
Santa Clara,2020-12-23,3256,15277,3071,15077,185,200,0,0,3254,15266,0,0,3254,15266,California
Santa Clara,2020-12-24,1898,17175,1711,16788,187,387,0,0,1892,17157,1,1,1892,17158,California
Santa Clara,2020-12-25,343,17518,342,17130,1,388,0,0,343,17500,0,1,343,17501,California
Santa Clara,2020-12-26,1262,18780,1030,18160,232,620,0,0,1261,18761,0,1,1261,18762,California
Santa Clara,2020-12-27,646,19426,507,18667,139,759,0,0,646,19407,0,1,646,19408,California
Santa Clara,2020-12-28,2331,21757,1729,20396,602,1361,0,0,2331,21738,0,1,2331,21739,California
Santa Clara,2020-12-29,2326,24083,1465,21861,861,2222,0,0,2324,24062,0,1,2324,24063,California
Santa Clara,2020-12-30,2989,27072,1899,23760,1090,3312,0,0,2987,27047,2,3,2987,27050,California
Santa Clara,2020-12-31,1211,28283,389,24149,822,4134,0,0,1210,28256,1,4,1210,28260,California
Santa Clara,2021-01-01,137,28420,7,24156,130,4264,0,0,137,28393,0,4,137,28397,California
Santa Clara,2021-01-02,1080,29500,812,24968,268,4532,0,0,1080,29473,0,4,1080,29477,California
Santa Clara,2021-01-03,584,30084,369,25337,215,4747,0,0,579,30049,3,7,579,30056,California
Santa Clara,2021-01-04,2467,32551,1665,27002,802,5549,0,0,2465,32514,0,7,2465,32521,California
Santa Clara,2021-01-05,3055,35606,1999,29001,1056,6605,0,0,2868,35201,186,193,2873,35394,California
Santa Clara,2021-01-06,3315,38921,1952,30953,1363,7968,0,0,2740,37371,571,764,2741,38135,California
Santa Clara,2021-01-07,4213,43134,2553,33506,1660,9628,0,0,3148,39469,1055,1819,3153,41288,California
Santa Clara,2021-01-08,5837,48971,3816,37322,2021,11649,0,0,3787,41210,2046,3865,3787,45075,California
Santa Clara,2021-01-09,2966,51937,1859,39181,1107,12756,0,0,1685,41616,1281,5146,1687,46762,California
Santa Clara,2021-01-10,1951,53888,1508,40689,443,13199,0,0,741,41148,1209,6355,741,47503,California
Santa Clara,2021-01-11,5933,59821,3732,44421,2201,15400,0,0,3373,41967,2559,8914,3378,50881,California
Santa Clara,2021-01-12,6796,66617,3395,47816,3401,18801,0,0,4556,44286,2238,11152,4557,55438,California
Santa Clara,2021-01-13,7359,73976,3036,50852,4323,23124,0,0,5194,47318,2163,13315,5195,60633,California
Santa Clara,2021-01-14,8227,82203,2790,53642,5437,28561,0,0,6489,52075,1733,15048,6490,67123,California
Santa Clara,2021-01-15,9441,91644,2678,56320,6763,35324,0,0,8127,58896,1311,16359,8132,75255,California
Santa Clara,2021-01-16,4295,95939,1220,57540,3075,38399,0,0,3464,61533,827,17186,3464,78719,California
Santa Clara,2021-01-17,3212,99151,600,58140,2612,41011,0,0,2716,63753,496,17682,2716,81435,California
Santa Clara,2021-01-18,5089,104240,1152,59292,3937,44948,0,0,4536,67737,553,18235,4537,85972,California
Santa Clara,2021-01-19,8453,112693,2655,61947,5798,50746,0,0,6778,72846,1672,19907,6781,92753,California
Santa Clara,2021-01-20,7990,120683,4016,65963,3974,54720,0,0,6451,77763,1534,21441,6451,99204,California
Santa Clara,2021-01-21,8538,129221,3630,69593,4908,59628,0,0,7388,84005,1148,22589,7390,106594,California
Santa Clara,2021-01-22,8577,137798,3200,72793,5377,65005,0,0,8013,91457,563,23152,8015,114609,California
Santa Clara,2021-01-23,3776,141574,1684,74477,2092,67097,0,0,2819,93320,957,24109,2820,117429,California
Santa Clara,2021-01-24,2823,144397,1420,75897,1403,68500,0,0,2336,95171,485,24594,2336,119765,California
Santa Clara,2021-01-25,8357,152754,3776,79673,4581,73081,0,0,6304,99433,2046,26640,6308,126073,California
Santa Clara,2021-01-26,8223,160977,3754,83427,4469,77550,0,0,6115,103452,2098,28738,6117,132190,California
Santa Clara,2021-01-27,8697,169674,3820,87247,4877,82427,0,0,6781,108339,1895,30633,6782,138972,California
Santa Clara,2021-01-28,9408,179082,3768,91015,5640,88067,0,0,7463,113881,1925,32558,7467,146439,California
Santa Clara,2021-01-29,9470,188552,3915,94930,5555,93622,0,0,7310,119041,2151,34709,7311,153750,California
Santa Clara,2021-01-30,4161,192713,2056,96986,2105,95727,0,0,2960,120806,1196,35905,2961,156711,California
Santa Clara,2021-01-31,2169,194882,1302,98288,867,96594,0,0,1580,121800,586,36491,1580,158291,California
Santa Clara,2021-02-01,7829,202711,3479,101767,4350,100944,0,0,6140,126258,1683,38174,6141,164432,California
Santa Clara,2021-02-02,8075,210786,2866,104633,5209,106153,0,0,6089,130368,1982,40156,6092,170524,California
Santa Clara,2021-02-03,9189,219975,3480,108113,5709,111862,0,0,6920,135030,2264,42420,6926,177450,California
Santa Clara,2021-02-04,10560,230535,4111,112224,6449,118311,0,0,8281,141045,2269,44689,8284,185734,California
Santa Clara,2021-02-05,11897,242432,4337,116561,7560,125871,0,0,8442,146048,3440,48129,8443,194177,California
Santa Clara,2021-02-06,5167,247599,2805,119366,2362,128233,0,0,4008,148903,1155,49284,4010,198187,California
Santa Clara,2021-02-07,3473,251072,2348,121714,1125,129358,0,0,3023,151479,448,49732,3024,201211,California
Santa Clara,2021-02-08,10001,261073,3477,125191,6524,135882,0,0,7291,156075,2696,52428,7292,208503,California
Santa Clara,2021-02-09,10778,271851,3805,128996,6973,142855,0,0,7305,159920,3463,55891,7308,215811,California
Santa Clara,2021-02-10,12626,284477,4894,133890,7732,150587,0,0,6905,161119,5708,61599,6907,222718,California
Santa Clara,2021-02-11,13159,297636,4631,138521,8528,159115,0,0,7420,162815,5725,67324,7421,230139,California
Santa Clara,2021-02-12,14518,312154,4475,142996,10043,169158,0,0,7005,162328,7494,74818,7007,237146,California
Santa Clara,2021-02-13,6067,318221,1446,144442,4621,173779,0,0,2214,160696,3848,78666,2216,239362,California
Santa Clara,2021-02-14,4612,322833,1138,145580,3474,177253,0,0,1470,159027,3141,81807,1472,240834,California
Santa Clara,2021-02-15,6237,329070,2789,148369,3448,180701,0,0,2697,158190,3534,85341,2697,243531,California
Santa Clara,2021-02-16,13568,342638,3985,152354,9583,190284,0,0,6743,158125,6808,92149,6743,250274,California
Santa Clara,2021-02-17,14050,356688,5483,157837,8567,198851,0,0,7040,158177,6993,99142,7045,257319,California
Santa Clara,2021-02-18,13694,370382,8346,166183,5348,204199,0,0,7004,158516,6668,105810,7007,264326,California
Santa Clara,2021-02-19,14669,385051,9509,175692,5160,209359,0,0,8496,160857,6159,111969,8500,272826,California
Santa Clara,2021-02-20,6806,391857,5092,180784,1714,211073,0,0,3671,161401,3127,115096,3671,276497,California
Santa Clara,2021-02-21,3239,395096,2424,183208,815,211888,0,0,1160,160491,2072,117168,1162,277659,California
Santa Clara,2021-02-22,10126,405222,6068,189276,4058,215946,0,0,4728,159832,5388,122556,4729,282388,California
Santa Clara,2021-02-23,11822,417044,7688,196964,4134,220080,0,0,6696,161419,5114,127670,6701,289089,California
Santa Clara,2021-02-24,14094,431138,9083,206047,5011,225091,0,0,8728,164796,5351,133021,8728,297817,California
Santa Clara,2021-02-25,14063,445201,9215,215262,4848,229939,0,0,7652,166060,6393,139414,7657,305474,California
Santa Clara,2021-02-26,14539,459740,8429,223691,6110,236049,0,0,7996,167541,6518,145932,7999,313473,California
Santa Clara,2021-02-27,8038,467778,5487,229178,2550,238599,1,1,4446,168413,3582,149514,4454,317927,California
Santa Clara,2021-02-28,4711,472489,3062,232240,1649,240248,0,1,2202,168114,2501,152015,2202,320129,California
Santa Clara,2021-03-01,14038,486527,7955,240195,6082,246330,1,2,8678,171453,5340,157355,8679,328808,California
Santa Clara,2021-03-02,13736,500263,8228,248423,5508,251838,0,2,9171,176080,4546,161901,9173,337981,California
Santa Clara,2021-03-03,18011,518274,8870,257293,9140,260978,1,3,11078,180269,6896,168797,11085,349066,California
Santa Clara,2021-03-04,15698,533972,8895,266188,6800,267778,3,6,9230,183071,6432,175229,9234,358300,California
Santa Clara,2021-03-05,16174,550146,9112,275300,6937,274715,125,131,8878,184800,7278,182507,9007,367307,California
Santa Clara,2021-03-06,9326,559472,6260,281560,2631,277346,435,566,7045,190009,2269,184776,7478,374785,California
Santa Clara,2021-03-07,6708,566180,4402,285962,2077,279423,229,795,5350,194238,1350,186126,5579,380364,California
Santa Clara,2021-03-08,12827,579007,6679,292641,5588,285011,560,1355,8215,198420,4595,190721,8777,389141,California
Santa Clara,2021-03-09,14399,593406,6198,298839,6875,291886,1326,2681,6373,198109,8009,198730,7698,396839,California
Santa Clara,2021-03-10,14764,608170,6455,305294,6384,298270,1925,4606,6060,197400,8681,207411,7972,404811,California
Santa Clara,2021-03-11,16438,624608,7720,313014,7221,305491,1497,6103,5679,193832,10734,218145,7166,411977,California
Santa Clara,2021-03-12,17543,642151,9045,322059,6928,312419,1570,7673,5926,189742,11578,229723,7488,419465,California
Santa Clara,2021-03-13,10578,652729,6099,328158,2997,315416,1482,9155,4672,190005,5883,235606,6146,425611,California
Santa Clara,2021-03-14,6461,659190,3340,331498,1819,317235,1302,10457,3188,191230,3259,238865,4484,430095,California
Santa Clara,2021-03-15,12647,671837,6432,337930,5948,323183,267,10724,5883,190638,6744,245609,6152,436247,California
Santa Clara,2021-03-16,17549,689386,10233,348163,7111,330294,205,10929,8485,190287,9039,254648,8688,444935,California
Santa Clara,2021-03-17,19597,708983,11181,359344,8252,338546,164,11093,10108,191118,9441,264089,10272,455207,California
Santa Clara,2021-03-18,18237,727220,8833,368177,8247,346793,1157,12250,8494,191074,9694,273783,9650,464857,California
Santa Clara,2021-03-19,19063,746283,9797,377974,8269,355062,997,13247,9959,192977,9048,282831,10951,475808,California
Santa Clara,2021-03-20,11431,757714,6272,384246,4330,359392,829,14076,6722,195842,4682,287513,7547,483355,California
Santa Clara,2021-03-21,8232,765946,3710,387956,3122,362514,1400,15476,5517,200048,2705,290218,6911,490266,California
Santa Clara,2021-03-22,15960,781906,9025,396981,6591,369105,344,15820,9138,202732,6798,297016,9482,499748,California
Santa Clara,2021-03-23,19068,800974,12132,409113,6423,375528,513,16333,11451,207123,7574,304590,11965,511713,California
Santa Clara,2021-03-24,22249,823223,14413,423526,7425,382953,411,16744,14505,214336,7705,312295,14918,526631,California
Santa Clara,2021-03-25,22619,845842,12956,436482,8684,391637,979,17723,14716,222183,7842,320137,15689,542320,California
Santa Clara,2021-03-26,21672,867514,13808,450290,7482,399119,382,18105,13394,227709,8246,328383,13772,556092,California
Santa Clara,2021-03-27,15553,883067,10342,460632,4449,403568,762,18867,8382,229717,7136,335519,9144,565236,California
Santa Clara,2021-03-28,11956,895023,8260,468892,2983,406551,713,19580,6464,231421,5470,340989,7174,572410,California
Santa Clara,2021-03-29,20428,915451,12534,481426,7170,413721,724,20304,11191,234134,9199,350188,11912,584322,California
Santa Clara,2021-03-30,25365,940816,15113,496539,8342,422063,1910,22214,16565,243841,8763,358951,18470,602792,California
Santa Clara,2021-03-31,20201,961017,11716,508255,7364,429427,1121,23335,12769,250323,7402,366353,13884,616676,California
Santa Clara,2021-04-01,31281,992298,19574,527829,8725,438152,2982,26317,19945,261964,11281,377634,22922,639598,California
Santa Clara,2021-04-02,24845,1017143,14180,542009,8556,446708,2109,28426,16397,272050,8415,386049,18501,658099,California
Santa Clara,2021-04-03,15012,1032155,9108,551117,3433,450141,2471,30897,8316,276154,6675,392724,10779,668878,California
Santa Clara,2021-04-04,7506,1039661,3989,555106,2402,452543,1115,32012,3916,277602,3582,396306,5030,673908,California
Santa Clara,2021-04-05,21443,1061104,14300,569406,4704,457247,2439,34451,13978,286577,7441,403747,16416,690324,California
Santa Clara,2021-04-06,29108,1090212,15995,585401,7708,464955,5405,39856,17632,298172,11433,415180,23028,713352,California
Santa Clara,2021-04-07,30099,1120311,15682,601083,8302,473257,6115,45971,18538,311305,11508,426688,24641,737993,California
Santa Clara,2021-04-08,27919,1148230,15707,616790,5506,478763,6706,52677,15625,321393,12228,438916,22316,760309,California
Santa Clara,2021-04-09,27114,1175344,13413,630203,6734,485497,6967,59644,13921,329123,13140,452056,20870,781179,California
Santa Clara,2021-04-10,20915,1196259,12047,642250,3706,489203,5162,64806,11167,335707,9717,461773,16301,797480,California
Santa Clara,2021-04-11,15860,1212119,9473,651723,2625,491828,3762,68568,8195,340022,7633,469406,11948,809428,California
Santa Clara,2021-04-12,26320,1238439,18470,670193,5476,497304,2374,70942,17963,352054,8304,477710,20336,829764,California
Santa Clara,2021-04-13,32864,1271303,26232,696425,6606,503910,26,70968,25554,370417,7238,484948,25601,855365,California
Santa Clara,2021-04-14,32473,1303776,24337,720762,8133,512043,3,70971,23044,384121,9371,494319,23075,878440,California
Santa Clara,2021-04-15,40020,1343796,31361,752123,8658,520701,1,70972,31226,406664,8725,503044,31268,909708,California
Santa Clara,2021-04-16,19456,1363252,12031,764154,7418,528119,7,70979,12075,411422,7345,510389,12103,921811,California
Santa Clara,2021-04-17,6400,1369652,2860,767014,3540,531659,0,70979,4129,413298,2259,512648,4135,925946,California
Santa Cruz,2020-12-15,2,2,2,2,0,0,0,0,2,2,0,0,2,2,California
Santa Cruz,2020-12-16,57,59,57,59,0,0,0,0,57,59,0,0,57,59,California
Santa Cruz,2020-12-17,389,448,389,448,0,0,0,0,389,448,0,0,389,448,California
Santa Cruz,2020-12-18,465,913,465,913,0,0,0,0,465,913,0,0,465,913,California
Santa Cruz,2020-12-19,178,1091,177,1090,1,1,0,0,178,1091,0,0,178,1091,California
Santa Cruz,2020-12-20,95,1186,95,1185,0,1,0,0,95,1186,0,0,95,1186,California
Santa Cruz,2020-12-21,434,1620,434,1619,0,1,0,0,434,1620,0,0,434,1620,California
Santa Cruz,2020-12-22,424,2044,423,2042,1,2,0,0,424,2044,0,0,424,2044,California
Santa Cruz,2020-12-23,371,2415,329,2371,42,44,0,0,371,2415,0,0,371,2415,California
Santa Cruz,2020-12-24,125,2540,49,2420,76,120,0,0,125,2540,0,0,125,2540,California
Santa Cruz,2020-12-25,11,2551,11,2431,0,120,0,0,11,2551,0,0,11,2551,California
Santa Cruz,2020-12-26,64,2615,45,2476,19,139,0,0,64,2615,0,0,64,2615,California
Santa Cruz,2020-12-27,32,2647,27,2503,5,144,0,0,32,2647,0,0,32,2647,California
Santa Cruz,2020-12-28,484,3131,108,2611,376,520,0,0,484,3131,0,0,484,3131,California
Santa Cruz,2020-12-29,798,3929,370,2981,428,948,0,0,798,3929,0,0,798,3929,California
Santa Cruz,2020-12-30,356,4285,164,3145,192,1140,0,0,356,4285,0,0,356,4285,California
Santa Cruz,2020-12-31,313,4598,11,3156,302,1442,0,0,313,4598,0,0,313,4598,California
Santa Cruz,2021-01-01,33,4631,1,3157,32,1474,0,0,33,4631,0,0,33,4631,California
Santa Cruz,2021-01-02,71,4702,57,3214,14,1488,0,0,71,4702,0,0,71,4702,California
Santa Cruz,2021-01-03,15,4717,7,3221,8,1496,0,0,15,4717,0,0,15,4717,California
Santa Cruz,2021-01-04,281,4998,123,3344,158,1654,0,0,279,4996,0,0,279,4996,California
Santa Cruz,2021-01-05,566,5564,428,3772,138,1792,0,0,264,4958,302,302,264,5260,California
Santa Cruz,2021-01-06,803,6367,670,4442,133,1925,0,0,465,5086,337,639,465,5725,California
Santa Cruz,2021-01-07,540,6907,212,4654,328,2253,0,0,387,5321,153,792,388,6113,California
Santa Cruz,2021-01-08,934,7841,561,5215,373,2626,0,0,486,5360,448,1240,487,6600,California
Santa Cruz,2021-01-09,463,8304,123,5338,340,2966,0,0,409,5715,54,1294,409,7009,California
Santa Cruz,2021-01-10,80,8384,70,5408,10,2976,0,0,21,5677,59,1353,21,7030,California
Santa Cruz,2021-01-11,723,9107,588,5996,135,3111,0,0,192,5338,531,1884,192,7222,California
Santa Cruz,2021-01-12,736,9843,532,6528,204,3315,0,0,493,5588,243,2127,493,7715,California
Santa Cruz,2021-01-13,522,10365,228,6756,294,3609,0,0,438,5945,81,2208,438,8153,California
Santa Cruz,2021-01-14,553,10918,101,6857,452,4061,0,0,487,6366,66,2274,487,8640,California
Santa Cruz,2021-01-15,1459,12377,77,6934,1382,5443,0,0,1395,7699,63,2337,1396,10036,California
Santa Cruz,2021-01-16,426,12803,54,6988,372,5815,0,0,407,8087,19,2356,407,10443,California
Santa Cruz,2021-01-17,297,13100,41,7029,256,6071,0,0,272,8334,25,2381,272,10715,California
Santa Cruz,2021-01-18,1016,14116,105,7134,911,6982,0,0,954,9226,62,2443,954,11669,California
Santa Cruz,2021-01-19,1623,15739,524,7658,1099,8081,0,0,1270,10146,351,2794,1271,12940,California
Santa Cruz,2021-01-20,1236,16975,184,7842,1052,9133,0,0,1039,10991,194,2988,1039,13979,California
Santa Cruz,2021-01-21,1710,18685,200,8042,1510,10643,0,0,1602,12487,108,3096,1604,15583,California
Santa Cruz,2021-01-22,1797,20482,532,8574,1265,11908,0,0,1696,14086,98,3194,1697,17280,California
Santa Cruz,2021-01-23,402,20884,147,8721,255,12163,0,0,342,14369,59,3253,342,17622,California
Santa Cruz,2021-01-24,116,21000,21,8742,95,12258,0,0,98,14449,18,3271,98,17720,California
Santa Cruz,2021-01-25,1059,22059,359,9101,700,12958,0,0,549,14488,510,3781,549,18269,California
Santa Cruz,2021-01-26,1690,23749,247,9348,1443,14401,0,0,1178,15154,512,4293,1178,19447,California
Santa Cruz,2021-01-27,1652,25401,448,9796,1204,15605,0,0,1268,16040,382,4675,1268,20715,California
Santa Cruz,2021-01-28,1746,27147,292,10088,1454,17059,0,0,1470,17235,276,4951,1471,22186,California
Santa Cruz,2021-01-29,1734,28881,489,10577,1245,18304,0,0,1604,18710,129,5080,1604,23790,California
Santa Cruz,2021-01-30,1059,29940,308,10885,751,19055,0,0,926,19503,133,5213,926,24716,California
Santa Cruz,2021-01-31,219,30159,113,10998,106,19161,0,0,205,19694,14,5227,205,24921,California
Santa Cruz,2021-02-01,1232,31391,759,11757,473,19634,0,0,826,20114,406,5633,826,25747,California
Santa Cruz,2021-02-02,1007,32398,128,11885,879,20513,0,0,852,20812,154,5787,852,26599,California
Santa Cruz,2021-02-03,2228,34626,955,12840,1273,21786,0,0,1913,22414,311,6098,1913,28512,California
Santa Cruz,2021-02-04,1842,36468,771,13611,1071,22857,0,0,1505,23583,336,6434,1505,30017,California
Santa Cruz,2021-02-05,3172,39640,795,14406,2377,25234,0,0,2853,26118,318,6752,2853,32870,California
Santa Cruz,2021-02-06,2584,42224,164,14570,2420,27654,0,0,2236,28006,348,7100,2236,35106,California
Santa Cruz,2021-02-07,908,43132,122,14692,786,28440,0,0,890,28878,18,7118,890,35996,California
Santa Cruz,2021-02-08,716,43848,203,14895,513,28953,0,0,516,29195,199,7317,516,36512,California
Santa Cruz,2021-02-09,2370,46218,1055,15950,1315,30268,0,0,2105,31039,261,7578,2105,38617,California
Santa Cruz,2021-02-10,2200,48418,581,16531,1619,31887,0,0,1501,31850,691,8269,1502,40119,California
Santa Cruz,2021-02-11,1854,50272,317,16848,1537,33424,0,0,1329,32656,523,8792,1329,41448,California
Santa Cruz,2021-02-12,3218,53490,420,17268,2798,36222,0,0,1808,33065,1402,10194,1811,43259,California
Santa Cruz,2021-02-13,1708,55198,124,17392,1584,37806,0,0,1295,33947,413,10607,1295,44554,California
Santa Cruz,2021-02-14,1402,56600,70,17462,1332,39138,0,0,1138,34821,264,10871,1138,45692,California
Santa Cruz,2021-02-15,1583,58183,279,17741,1304,40442,0,0,566,34371,1017,11888,567,46259,California
Santa Cruz,2021-02-16,1695,59878,204,17945,1491,41933,0,0,537,33771,1137,13025,537,46796,California
Santa Cruz,2021-02-17,2917,62795,973,18918,1944,43877,0,0,1220,33310,1684,14709,1223,48019,California
Santa Cruz,2021-02-18,2880,65675,638,19556,2242,46119,0,0,1230,32894,1646,16355,1230,49249,California
Santa Cruz,2021-02-19,3265,68940,1144,20700,2121,48240,0,0,2007,33644,1257,17612,2007,51256,California
Santa Cruz,2021-02-20,2384,71324,1499,22199,885,49125,0,0,1890,35040,494,18106,1890,53146,California
Santa Cruz,2021-02-21,826,72150,360,22559,466,49591,0,0,700,35616,124,18230,700,53846,California
Santa Cruz,2021-02-22,1260,73410,969,23528,291,49882,0,0,537,35432,721,18951,537,54383,California
Santa Cruz,2021-02-23,2096,75506,937,24465,1159,51041,0,0,708,34753,1387,20338,708,55091,California
Santa Cruz,2021-02-24,3182,78688,1661,26126,1521,52562,0,0,1204,33983,1974,22312,1204,56295,California
Santa Cruz,2021-02-25,3237,81925,1432,27558,1805,54367,0,0,1781,34315,1449,23761,1781,58076,California
Santa Cruz,2021-02-26,2720,84645,763,28321,1957,56324,0,0,1548,34697,1168,24929,1550,59626,California
Santa Cruz,2021-02-27,2636,87281,930,29251,1706,58030,0,0,1837,35736,798,25727,1837,61463,California
Santa Cruz,2021-02-28,1296,88577,359,29610,937,58967,0,0,1086,36615,207,25934,1086,62549,California
Santa Cruz,2021-03-01,1827,90404,1254,30864,573,59540,0,0,688,36167,1136,27070,688,63237,California
Santa Cruz,2021-03-02,1504,91908,338,31202,1166,60706,0,0,835,36338,667,27737,838,64075,California
Santa Cruz,2021-03-03,2338,94246,604,31806,1734,62440,0,0,1270,36543,1065,28802,1270,65345,California
Santa Cruz,2021-03-04,2999,97245,1403,33209,1595,64035,1,1,2026,37608,963,29765,2028,67373,California
Santa Cruz,2021-03-05,2600,99845,477,33686,2105,66140,18,19,1123,37275,1474,31239,1141,68514,California
Santa Cruz,2021-03-06,3869,103714,1348,35034,2416,68556,105,124,2161,37832,1708,32947,2265,70779,California
Santa Cruz,2021-03-07,1346,105060,128,35162,1144,69700,74,198,556,37673,789,33736,630,71409,California
Santa Cruz,2021-03-08,1079,106139,218,35380,732,70432,129,327,649,38022,429,34165,778,72187,California
Santa Cruz,2021-03-09,1764,107903,236,35616,1381,71813,147,474,697,37802,1064,35229,844,73031,California
Santa Cruz,2021-03-10,3852,111755,2088,37704,1617,73430,147,621,1992,38086,1858,37087,2142,75173,California
Santa Cruz,2021-03-11,2802,114557,1217,38921,1411,74841,174,795,1547,38555,1254,38341,1723,76896,California
Santa Cruz,2021-03-12,2748,117305,890,39811,1567,76408,291,1086,910,37920,1835,40176,1200,78096,California
Santa Cruz,2021-03-13,2304,119609,1332,41143,927,77335,45,1131,1172,38008,1130,41306,1218,79314,California
Santa Cruz,2021-03-14,899,120508,214,41357,671,78006,14,1145,439,38002,458,41764,452,79766,California
Santa Cruz,2021-03-15,1347,121855,480,41837,832,78838,35,1180,578,37849,767,42531,614,80380,California
Santa Cruz,2021-03-16,2317,124172,1087,42924,1189,80027,41,1221,1342,38259,972,43503,1382,81762,California
Santa Cruz,2021-03-17,3861,128033,2234,45158,1617,81644,10,1231,2518,39451,1339,44842,2531,84293,California
Santa Cruz,2021-03-18,3860,131893,2093,47251,1648,83292,119,1350,2067,39847,1790,46632,2186,86479,California
Santa Cruz,2021-03-19,3271,135164,1318,48569,1728,85020,225,1575,1647,40100,1619,48251,1872,88351,California
Santa Cruz,2021-03-20,2167,137331,1615,50184,515,85535,37,1612,1095,40163,1069,49320,1132,89483,California
Santa Cruz,2021-03-21,825,138156,437,50621,267,85802,121,1733,444,40350,379,49699,566,90049,California
Santa Cruz,2021-03-22,1365,139521,849,51470,494,86296,22,1755,942,40895,420,50119,965,91014,California
Santa Cruz,2021-03-23,2556,142077,1435,52905,1071,87367,50,1805,1719,41829,835,50954,1769,92783,California
Santa Cruz,2021-03-24,3011,145088,2022,54927,967,88334,22,1827,1996,42836,1010,51964,2017,94800,California
Santa Cruz,2021-03-25,2612,147700,1328,56255,1251,89585,33,1860,1356,42977,1248,53212,1389,96189,California
Santa Cruz,2021-03-26,3029,150729,1820,58075,1182,90767,27,1887,2060,44102,962,54174,2087,98276,California
Santa Cruz,2021-03-27,3232,153961,2012,60087,1195,91962,25,1912,1525,43956,1697,55871,1551,99827,California
Santa Cruz,2021-03-28,925,154886,568,60655,344,92306,13,1925,491,44032,429,56300,505,100332,California
Santa Cruz,2021-03-29,1952,156838,872,61527,1011,93317,69,1994,1250,44652,699,56999,1319,101651,California
Santa Cruz,2021-03-30,2704,159542,817,62344,1725,95042,162,2156,1737,45586,965,57964,1899,103550,California
Santa Cruz,2021-03-31,4053,163595,2716,65060,1289,96331,48,2204,2084,45753,1965,59929,2132,105682,California
Santa Cruz,2021-04-01,4021,167616,2152,67212,1762,98093,107,2311,2028,45900,1988,61917,2135,107817,California
Santa Cruz,2021-04-02,3150,170766,1431,68643,1537,99630,182,2493,1745,46427,1400,63317,1927,109744,California
Santa Cruz,2021-04-03,2254,173020,1233,69876,891,100521,130,2623,888,46081,1363,64680,1017,110761,California
Santa Cruz,2021-04-04,939,173959,494,70370,390,100911,55,2678,554,46305,385,65065,609,111370,California
Santa Cruz,2021-04-05,2273,176232,812,71182,1294,102205,167,2845,1409,47018,863,65928,1576,112946,California
Santa Cruz,2021-04-06,3370,179602,1670,72852,1325,103530,375,3220,1988,48007,1372,67300,2361,115307,California
Santa Cruz,2021-04-07,4136,183738,1636,74488,2149,105679,351,3571,1866,47956,2267,69567,2216,117523,California
Santa Cruz,2021-04-08,4260,187998,2353,76841,1400,107079,507,4078,2513,49236,1738,71305,3018,120541,California
Santa Cruz,2021-04-09,3539,191537,1488,78329,1654,108733,397,4475,1954,50008,1580,72885,2352,122893,California
Santa Cruz,2021-04-10,2251,193788,1099,79428,903,109636,249,4724,1078,50164,1170,74055,1326,124219,California
Santa Cruz,2021-04-11,1003,194791,530,79958,382,110018,91,4815,490,50232,513,74568,581,124800,California
Santa Cruz,2021-04-12,2258,197049,794,80752,1036,111054,428,5243,1072,50559,1171,75739,1498,126298,California
Santa Cruz,2021-04-13,2872,199921,1440,82192,1430,112484,2,5245,1618,50930,1249,76988,1620,127918,California
Santa Cruz,2021-04-14,4334,204255,2003,84195,2331,114815,0,5245,2285,51174,2042,79030,2286,130204,California
Santa Cruz,2021-04-15,4403,208658,2737,86932,1666,116481,0,5245,2826,52433,1568,80598,2827,133031,California
Santa Cruz,2021-04-16,4122,212780,2351,89283,1769,118250,2,5247,2225,52767,1893,82491,2227,135258,California
Santa Cruz,2021-04-17,1090,213870,465,89748,625,118875,0,5247,823,53323,267,82758,823,136081,California
Shasta,2020-12-16,131,131,131,131,0,0,0,0,131,131,0,0,131,131,California
Shasta,2020-12-17,417,548,417,548,0,0,0,0,417,548,0,0,417,548,California
Shasta,2020-12-18,166,714,166,714,0,0,0,0,166,714,0,0,166,714,California
Shasta,2020-12-19,1,715,1,715,0,0,0,0,1,715,0,0,1,715,California
Shasta,2020-12-21,80,795,80,795,0,0,0,0,80,795,0,0,80,795,California
Shasta,2020-12-22,191,986,186,981,5,5,0,0,191,986,0,0,191,986,California
Shasta,2020-12-23,174,1160,170,1151,4,9,0,0,174,1160,0,0,174,1160,California
Shasta,2020-12-24,18,1178,18,1169,0,9,0,0,18,1178,0,0,18,1178,California
Shasta,2020-12-26,4,1182,1,1170,3,12,0,0,4,1182,0,0,4,1182,California
Shasta,2020-12-27,1,1183,0,1170,1,13,0,0,1,1183,0,0,1,1183,California
Shasta,2020-12-28,40,1223,31,1201,9,22,0,0,40,1223,0,0,40,1223,California
Shasta,2020-12-29,186,1409,185,1386,1,23,0,0,186,1409,0,0,186,1409,California
Shasta,2020-12-30,178,1587,168,1554,10,33,0,0,178,1587,0,0,178,1587,California
Shasta,2020-12-31,83,1670,2,1556,81,114,0,0,83,1670,0,0,83,1670,California
Shasta,2021-01-02,2,1672,0,1556,2,116,0,0,2,1672,0,0,2,1672,California
Shasta,2021-01-03,1,1673,1,1557,0,116,0,0,1,1673,0,0,1,1673,California
Shasta,2021-01-04,346,2019,306,1863,40,156,0,0,347,2020,0,0,347,2020,California
Shasta,2021-01-05,335,2354,314,2177,21,177,0,0,254,2193,81,81,254,2274,California
Shasta,2021-01-06,437,2791,395,2572,42,219,0,0,175,2107,261,342,175,2449,California
Shasta,2021-01-07,116,2907,35,2607,81,300,0,0,95,2181,21,363,95,2544,California
Shasta,2021-01-08,507,3414,447,3054,60,360,0,0,299,2272,208,571,299,2843,California
Shasta,2021-01-09,72,3486,63,3117,9,369,0,0,70,2340,2,573,70,2913,California
Shasta,2021-01-10,5,3491,0,3117,5,374,0,0,4,2344,1,574,5,2918,California
Shasta,2021-01-11,353,3844,185,3302,168,542,0,0,317,2625,36,610,317,3235,California
Shasta,2021-01-12,444,4288,327,3629,117,659,0,0,270,2721,174,784,270,3505,California
Shasta,2021-01-13,541,4829,268,3897,273,932,0,0,371,2922,170,954,371,3876,California
Shasta,2021-01-14,453,5282,51,3948,402,1334,0,0,435,3339,18,972,435,4311,California
Shasta,2021-01-15,637,5919,136,4084,501,1835,0,0,635,3972,2,974,635,4946,California
Shasta,2021-01-16,899,6818,55,4139,844,2679,0,0,896,4865,3,977,896,5842,California
Shasta,2021-01-17,27,6845,6,4145,21,2700,0,0,23,4884,4,981,23,5865,California
Shasta,2021-01-18,599,7444,130,4275,469,3169,0,0,591,5467,8,989,591,6456,California
Shasta,2021-01-19,1018,8462,397,4672,621,3790,0,0,870,6189,148,1137,870,7326,California
Shasta,2021-01-20,677,9139,409,5081,268,4058,0,0,493,6503,179,1316,493,7819,California
Shasta,2021-01-21,629,9768,277,5358,352,4410,0,0,606,7086,23,1339,606,8425,California
Shasta,2021-01-22,445,10213,171,5529,274,4684,0,0,439,7519,6,1345,439,8864,California
Shasta,2021-01-23,68,10281,5,5534,63,4747,0,0,67,7585,1,1346,67,8931,California
Shasta,2021-01-24,25,10306,2,5536,23,4770,0,0,24,7608,1,1347,24,8955,California
Shasta,2021-01-25,749,11055,490,6026,259,5029,0,0,464,7788,284,1631,464,9419,California
Shasta,2021-01-26,707,11762,331,6357,376,5405,0,0,474,8031,231,1862,474,9893,California
Shasta,2021-01-27,459,12221,179,6536,280,5685,0,0,410,8392,49,1911,410,10303,California
Shasta,2021-01-28,855,13076,576,7112,279,5964,0,0,633,8803,222,2133,633,10936,California
Shasta,2021-01-29,831,13907,330,7442,501,6465,0,0,641,9255,190,2323,642,11578,California
Shasta,2021-01-30,617,14524,14,7456,603,7068,0,0,608,9854,9,2332,608,12186,California
Shasta,2021-01-31,28,14552,4,7460,24,7092,0,0,26,9878,2,2334,26,12212,California
Shasta,2021-02-01,508,15060,147,7607,361,7453,0,0,386,10142,122,2456,386,12598,California
Shasta,2021-02-02,937,15997,493,8100,444,7897,0,0,846,10899,89,2545,846,13444,California
Shasta,2021-02-03,676,16673,210,8310,466,8363,0,0,480,11183,196,2741,480,13924,California
Shasta,2021-02-04,1070,17743,663,8973,407,8770,0,0,879,11872,190,2931,879,14803,California
Shasta,2021-02-05,1215,18958,163,9136,1052,9822,0,0,1026,12710,188,3119,1026,15829,California
Shasta,2021-02-06,1729,20687,42,9178,1687,11509,0,0,1705,14391,24,3143,1705,17534,California
Shasta,2021-02-07,26,20713,3,9181,23,11532,0,0,24,14413,2,3145,24,17558,California
Shasta,2021-02-08,541,21254,168,9349,373,11905,0,0,303,14478,238,3383,303,17861,California
Shasta,2021-02-09,1026,22280,651,10000,375,12280,0,0,676,14804,350,3733,676,18537,California
Shasta,2021-02-10,1084,23364,782,10782,302,12582,0,0,594,14908,491,4224,595,19132,California
Shasta,2021-02-11,785,24149,187,10969,598,13180,0,0,304,14736,476,4700,304,19436,California
Shasta,2021-02-12,1661,25810,1141,12110,520,13700,0,0,1168,15411,493,5193,1168,20604,California
Shasta,2021-02-13,1383,27193,367,12477,1016,14716,0,0,571,15169,813,6006,571,21175,California
Shasta,2021-02-14,149,27342,4,12481,145,14861,0,0,125,15270,24,6030,125,21300,California
Shasta,2021-02-15,380,27722,90,12571,290,15151,0,0,211,15312,169,6199,211,21511,California
Shasta,2021-02-16,1086,28808,515,13086,571,15722,0,0,320,14867,765,6964,320,21831,California
Shasta,2021-02-17,994,29802,439,13525,555,16277,0,0,376,14625,618,7582,376,22207,California
Shasta,2021-02-18,874,30676,441,13966,433,16710,0,0,427,14605,447,8029,427,22634,California
Shasta,2021-02-19,1325,32001,934,14900,391,17101,0,0,858,14996,467,8496,858,23492,California
Shasta,2021-02-20,800,32801,87,14987,713,17814,0,0,301,14798,499,8995,301,23793,California
Shasta,2021-02-21,31,32832,2,14989,29,17843,0,0,9,14785,22,9017,9,23802,California
Shasta,2021-02-22,348,33180,74,15063,274,18117,0,0,99,14635,249,9266,99,23901,California
Shasta,2021-02-23,801,33981,466,15529,335,18452,0,0,216,14266,585,9851,216,24117,California
Shasta,2021-02-24,882,34863,503,16032,379,18831,0,0,268,13921,613,10464,268,24385,California
Shasta,2021-02-25,479,35342,158,16190,321,19152,0,0,159,13761,319,10783,159,24544,California
Shasta,2021-02-26,792,36134,95,16285,697,19849,0,0,331,13633,459,11242,331,24875,California
Shasta,2021-02-27,824,36958,27,16312,797,20646,0,0,185,13181,637,11879,185,25060,California
Shasta,2021-02-28,176,37134,4,16316,172,20818,0,0,126,13257,50,11929,126,25186,California
Shasta,2021-03-01,556,37690,59,16375,497,21315,0,0,266,13234,289,12218,266,25452,California
Shasta,2021-03-02,931,38621,465,16840,466,21781,0,0,268,12841,661,12879,268,25720,California
Shasta,2021-03-03,657,39278,163,17003,494,22275,0,0,241,12666,416,13295,241,25961,California
Shasta,2021-03-04,1056,40334,505,17508,551,22826,0,0,647,12906,408,13703,648,26609,California
Shasta,2021-03-05,982,41316,161,17669,792,23618,29,29,322,12596,661,14364,351,26960,California
Shasta,2021-03-06,844,42160,386,18055,411,24029,47,76,210,12219,634,14998,257,27217,California
Shasta,2021-03-07,91,42251,3,18058,56,24085,32,108,37,12234,54,15052,69,27286,California
Shasta,2021-03-08,558,42809,46,18104,373,24458,139,247,145,12107,411,15463,284,27570,California
Shasta,2021-03-09,621,43430,46,18150,397,24855,178,425,247,12158,374,15837,425,27995,California
Shasta,2021-03-10,796,44226,257,18407,337,25192,202,627,132,11828,663,16500,333,28328,California
Shasta,2021-03-11,1046,45272,173,18580,627,25819,246,873,645,12318,401,16901,891,29219,California
Shasta,2021-03-12,830,46102,171,18751,415,26234,244,1117,295,12321,534,17435,537,29756,California
Shasta,2021-03-13,756,46858,424,19175,232,26466,100,1217,475,12615,280,17715,574,30330,California
Shasta,2021-03-14,365,47223,8,19183,335,26801,22,1239,227,12726,138,17853,249,30579,California
Shasta,2021-03-15,494,47717,34,19217,360,27161,100,1339,208,12747,286,18139,307,30886,California
Shasta,2021-03-16,1076,48793,144,19361,865,28026,67,1406,799,13336,277,18416,866,31752,California
Shasta,2021-03-17,687,49480,190,19551,439,28465,58,1464,389,13491,292,18708,447,32199,California
Shasta,2021-03-18,1068,50548,233,19784,732,29197,103,1567,795,14120,269,18977,898,33097,California
Shasta,2021-03-19,629,51177,197,19981,377,29574,55,1622,397,14341,231,19208,452,33549,California
Shasta,2021-03-20,748,51925,490,20471,244,29818,14,1636,600,14807,148,19356,614,34163,California
Shasta,2021-03-21,312,52237,296,20767,4,29822,12,1648,286,15079,26,19382,298,34461,California
Shasta,2021-03-22,342,52579,36,20803,276,30098,30,1678,200,15168,141,19523,230,34691,California
Shasta,2021-03-23,818,53397,157,20960,603,30701,58,1736,626,15665,187,19710,684,35375,California
Shasta,2021-03-24,514,53911,156,21116,321,31022,37,1773,357,15903,156,19866,394,35769,California
Shasta,2021-03-25,762,54673,186,21302,559,31581,17,1790,623,16406,137,20003,640,36409,California
Shasta,2021-03-26,686,55359,261,21563,395,31976,30,1820,332,16415,354,20357,363,36772,California
Shasta,2021-03-27,1555,56914,404,21967,315,32291,836,2656,571,16837,982,21339,1404,38176,California
Shasta,2021-03-28,404,57318,299,22266,95,32386,10,2666,302,17049,100,21439,312,38488,California
Shasta,2021-03-29,415,57733,41,22307,362,32748,12,2678,161,16969,253,21692,173,38661,California
Shasta,2021-03-30,527,58260,185,22492,335,33083,7,2685,320,17092,204,21896,327,38988,California
Shasta,2021-03-31,622,58882,208,22700,409,33492,5,2690,389,17258,228,22124,394,39382,California
Shasta,2021-04-01,777,59659,245,22945,526,34018,6,2696,551,17590,226,22350,558,39940,California
Shasta,2021-04-02,746,60405,202,23147,493,34511,51,2747,413,17723,331,22681,464,40404,California
Shasta,2021-04-03,519,60924,367,23514,133,34644,19,2766,396,18015,123,22804,415,40819,California
Shasta,2021-04-04,291,61215,177,23691,94,34738,20,2786,217,18178,74,22878,237,41056,California
Shasta,2021-04-05,438,61653,67,23758,309,35047,62,2848,266,18334,172,23050,328,41384,California
Shasta,2021-04-06,717,62370,170,23928,376,35423,171,3019,277,18343,438,23488,447,41831,California
Shasta,2021-04-07,649,63019,211,24139,275,35698,163,3182,260,18382,384,23872,423,42254,California
Shasta,2021-04-08,1053,64072,260,24399,639,36337,154,3336,231,17947,820,24692,385,42639,California
Shasta,2021-04-09,1859,65931,1344,25743,307,36644,208,3544,1315,18928,540,25232,1521,44160,California
Shasta,2021-04-10,876,66807,594,26337,154,36798,128,3672,264,18708,612,25844,392,44552,California
Shasta,2021-04-11,449,67256,395,26732,34,36832,20,3692,140,18562,306,26150,160,44712,California
Shasta,2021-04-12,316,67572,8,26740,251,37083,57,3749,85,18473,230,26380,141,44853,California
Shasta,2021-04-13,970,68542,158,26898,811,37894,1,3750,227,17959,742,27122,228,45081,California
Shasta,2021-04-14,567,69109,127,27025,438,38332,2,3752,206,17807,360,27482,208,45289,California
Shasta,2021-04-15,696,69805,225,27250,471,38803,0,3752,268,17649,426,27908,268,45557,California
Shasta,2021-04-16,1216,71021,766,28016,450,39253,0,3752,824,18081,392,28300,824,46381,California
Shasta,2021-04-17,183,71204,60,28076,123,39376,0,3752,41,17980,142,28442,41,46422,California
Sierra,2020-12-18,1,1,1,1,0,0,0,0,1,1,0,0,1,1,California
Sierra,2020-12-21,2,3,2,3,0,0,0,0,2,3,0,0,2,3,California
Sierra,2020-12-22,12,15,12,15,0,0,0,0,12,15,0,0,12,15,California
Sierra,2020-12-23,4,19,4,19,0,0,0,0,4,19,0,0,4,19,California
Sierra,2020-12-28,1,20,0,19,1,1,0,0,1,20,0,0,1,20,California
Sierra,2020-12-29,49,69,7,26,42,43,0,0,49,69,0,0,49,69,California
Sierra,2020-12-30,2,71,0,26,2,45,0,0,2,71,0,0,2,71,California
Sierra,2020-12-31,13,84,0,26,13,58,0,0,13,84,0,0,13,84,California
Sierra,2021-01-01,1,85,1,27,0,58,0,0,1,85,0,0,1,85,California
Sierra,2021-01-05,65,150,3,30,62,120,0,0,65,150,0,0,65,150,California
Sierra,2021-01-06,1,151,1,31,0,120,0,0,1,151,0,0,1,151,California
Sierra,2021-01-07,21,172,1,32,20,140,0,0,20,170,1,1,20,171,California
Sierra,2021-01-08,1,173,1,33,0,140,0,0,1,171,0,1,1,172,California
Sierra,2021-01-11,3,176,3,36,0,140,0,0,0,168,3,4,0,172,California
Sierra,2021-01-12,40,216,12,48,28,168,0,0,28,184,12,16,28,200,California
Sierra,2021-01-13,4,220,3,51,1,169,0,0,1,182,3,19,1,201,California
Sierra,2021-01-14,35,255,2,53,33,202,0,0,35,217,0,19,35,236,California
Sierra,2021-01-15,3,258,1,54,2,204,0,0,3,220,0,19,3,239,California
Sierra,2021-01-18,2,260,0,54,2,206,0,0,2,222,0,19,2,241,California
Sierra,2021-01-19,32,292,0,54,32,238,0,0,32,254,0,19,32,273,California
Sierra,2021-01-20,1,293,1,55,0,238,0,0,1,255,0,19,1,274,California
Sierra,2021-01-21,53,346,0,55,53,291,0,0,53,308,0,19,53,327,California
Sierra,2021-01-22,2,348,0,55,2,293,0,0,2,310,0,19,2,329,California
Sierra,2021-01-23,2,350,0,55,2,295,0,0,2,312,0,19,2,331,California
Sierra,2021-01-26,62,412,0,55,62,357,0,0,24,298,38,57,24,355,California
Sierra,2021-01-27,4,416,4,59,0,357,0,0,0,294,4,61,0,355,California
Sierra,2021-01-28,53,469,0,59,53,410,0,0,43,327,10,71,43,398,California
Sierra,2021-01-29,2,471,0,59,2,412,0,0,2,329,0,71,2,400,California
Sierra,2021-01-30,3,474,3,62,0,412,0,0,2,330,1,72,2,402,California
Sierra,2021-02-01,1,475,0,62,1,413,0,0,0,329,1,73,0,402,California
Sierra,2021-02-02,57,532,0,62,57,470,0,0,18,308,39,112,18,420,California
Sierra,2021-02-03,6,538,5,67,1,471,0,0,5,312,1,113,5,425,California
Sierra,2021-02-04,106,644,6,73,100,571,0,0,57,320,49,162,57,482,California
Sierra,2021-02-05,6,650,4,77,2,573,0,0,5,324,1,163,5,487,California
Sierra,2021-02-09,52,702,0,77,52,625,0,0,49,370,3,166,49,536,California
Sierra,2021-02-10,5,707,2,79,3,628,0,0,4,373,1,167,4,540,California
Sierra,2021-02-11,196,903,1,80,195,823,0,0,134,445,62,229,134,674,California
Sierra,2021-02-12,21,924,0,80,21,844,0,0,20,464,1,230,20,694,California
Sierra,2021-02-13,1,925,1,81,0,844,0,0,1,465,0,230,1,695,California
Sierra,2021-02-14,1,926,0,81,1,845,0,0,1,466,0,230,1,696,California
Sierra,2021-02-15,2,928,2,83,0,845,0,0,0,464,2,232,0,696,California
Sierra,2021-02-16,43,971,0,83,43,888,0,0,10,441,33,265,10,706,California
Sierra,2021-02-17,4,975,0,83,4,892,0,0,1,439,3,268,1,707,California
Sierra,2021-02-18,141,1116,0,83,141,1033,0,0,91,480,50,318,91,798,California
Sierra,2021-02-19,2,1118,1,84,1,1034,0,0,1,480,1,319,1,799,California
Sierra,2021-02-20,2,1120,2,86,0,1034,0,0,0,478,2,321,0,799,California
Sierra,2021-02-22,1,1121,1,87,0,1034,0,0,1,479,0,321,1,800,California
Sierra,2021-02-23,4,1125,0,87,4,1038,0,0,4,483,0,321,4,804,California
Sierra,2021-02-24,4,1129,3,90,1,1039,0,0,3,485,1,322,3,807,California
Sierra,2021-02-25,124,1253,1,91,123,1162,0,0,58,478,65,387,58,865,California
Sierra,2021-02-26,10,1263,6,97,4,1166,0,0,4,476,6,393,4,869,California
Sierra,2021-02-27,2,1265,2,99,0,1166,0,0,0,474,2,395,0,869,California
Sierra,2021-03-01,2,1267,2,101,0,1166,0,0,0,472,2,397,0,869,California
Sierra,2021-03-02,56,1323,0,101,56,1222,0,0,38,492,18,415,38,907,California
Sierra,2021-03-03,2,1325,2,103,0,1222,0,0,1,492,1,416,1,908,California
Sierra,2021-03-04,109,1434,0,103,109,1331,0,0,58,499,51,467,58,966,California
Sierra,2021-03-05,13,1447,1,104,12,1343,0,0,11,508,2,469,11,977,California
Sierra,2021-03-07,1,1448,1,105,0,1343,0,0,0,507,1,470,0,977,California
Sierra,2021-03-08,2,1450,2,107,0,1343,0,0,2,509,0,470,2,979,California
Sierra,2021-03-09,57,1507,0,107,57,1400,0,0,12,476,45,515,12,991,California
Sierra,2021-03-10,6,1513,0,107,6,1406,0,0,4,478,2,517,4,995,California
Sierra,2021-03-11,175,1688,0,107,175,1581,0,0,43,390,131,648,43,1038,California
Sierra,2021-03-12,20,1708,1,108,19,1600,0,0,0,370,20,668,0,1038,California
Sierra,2021-03-13,28,1736,0,108,28,1628,0,0,28,398,0,668,28,1066,California
Sierra,2021-03-14,1,1737,0,108,0,1628,1,1,0,398,1,669,1,1067,California
Sierra,2021-03-15,2,1739,1,109,1,1629,0,1,0,396,2,671,0,1067,California
Sierra,2021-03-16,36,1775,0,109,35,1664,1,2,23,407,13,684,24,1091,California
Sierra,2021-03-17,4,1779,3,112,1,1665,0,2,1,405,3,687,1,1092,California
Sierra,2021-03-18,159,1938,0,112,159,1824,0,2,66,378,93,780,66,1158,California
Sierra,2021-03-19,4,1942,2,114,2,1826,0,2,1,376,3,783,1,1159,California
Sierra,2021-03-20,1,1943,0,114,1,1827,0,2,1,377,0,783,1,1160,California
Sierra,2021-03-23,24,1967,0,114,24,1851,0,2,15,383,9,792,15,1175,California
Sierra,2021-03-24,2,1969,1,115,1,1852,0,2,0,381,2,794,0,1175,California
Sierra,2021-03-25,91,2060,0,115,91,1943,0,2,46,382,45,839,46,1221,California
Sierra,2021-03-26,12,2072,1,116,11,1954,0,2,9,388,3,842,9,1230,California
Sierra,2021-03-27,2,2074,1,117,1,1955,0,2,0,386,2,844,0,1230,California
Sierra,2021-03-29,1,2075,1,118,0,1955,0,2,0,385,1,845,0,1230,California
Sierra,2021-03-30,54,2129,0,118,54,2009,0,2,21,373,33,878,21,1251,California
Sierra,2021-03-31,8,2137,0,118,8,2017,0,2,8,381,0,878,8,1259,California
Sierra,2021-04-01,60,2197,2,120,58,2075,0,2,6,333,54,932,6,1265,California
Sierra,2021-04-02,3,2200,2,122,1,2076,0,2,2,334,1,933,2,1267,California
Sierra,2021-04-06,10,2210,0,122,10,2086,0,2,0,324,10,943,0,1267,California
Sierra,2021-04-07,14,2224,2,124,6,2092,6,8,2,321,11,954,8,1275,California
Sierra,2021-04-08,54,2278,2,126,52,2144,0,8,17,301,37,991,17,1292,California
Sierra,2021-04-09,2,2280,2,128,0,2144,0,8,1,301,1,992,1,1293,California
Sierra,2021-04-10,27,2307,0,128,27,2171,0,8,0,274,27,1019,0,1293,California
Sierra,2021-04-13,46,2353,0,128,46,2217,0,8,5,238,41,1060,5,1298,California
Sierra,2021-04-14,2,2355,1,129,1,2218,0,8,2,240,0,1060,2,1300,California
Sierra,2021-04-15,48,2403,1,130,47,2265,0,8,2,196,46,1106,2,1302,California
Sierra,2021-04-16,2,2405,1,131,1,2266,0,8,2,198,0,1106,2,1304,California
Sierra,2021-04-17,2,2407,1,132,1,2267,0,8,1,198,1,1107,1,1305,California
Siskiyou,2020-12-16,2,2,2,2,0,0,0,0,2,2,0,0,2,2,California
Siskiyou,2020-12-17,4,6,4,6,0,0,0,0,4,6,0,0,4,6,California
Siskiyou,2020-12-18,2,8,2,8,0,0,0,0,2,8,0,0,2,8,California
Siskiyou,2020-12-19,4,12,4,12,0,0,0,0,4,12,0,0,4,12,California
Siskiyou,2020-12-20,1,13,1,13,0,0,0,0,1,13,0,0,1,13,California
Siskiyou,2020-12-21,132,145,132,145,0,0,0,0,132,145,0,0,132,145,California
Siskiyou,2020-12-22,159,304,159,304,0,0,0,0,159,304,0,0,159,304,California
Siskiyou,2020-12-23,142,446,142,446,0,0,0,0,142,446,0,0,142,446,California
Siskiyou,2020-12-24,5,451,5,451,0,0,0,0,5,451,0,0,5,451,California
Siskiyou,2020-12-26,2,453,0,451,2,2,0,0,2,453,0,0,2,453,California
Siskiyou,2020-12-27,2,455,0,451,2,4,0,0,2,455,0,0,2,455,California
Siskiyou,2020-12-28,3,458,1,452,2,6,0,0,3,458,0,0,3,458,California
Siskiyou,2020-12-29,6,464,2,454,4,10,0,0,6,464,0,0,6,464,California
Siskiyou,2020-12-30,98,562,3,457,95,105,0,0,98,562,0,0,98,562,California
Siskiyou,2020-12-31,12,574,0,457,12,117,0,0,12,574,0,0,12,574,California
Siskiyou,2021-01-02,1,575,1,458,0,117,0,0,1,575,0,0,1,575,California
Siskiyou,2021-01-03,1,576,0,458,1,118,0,0,1,576,0,0,1,576,California
Siskiyou,2021-01-04,130,706,3,461,127,245,0,0,130,706,0,0,130,706,California
Siskiyou,2021-01-05,117,823,4,465,113,358,0,0,116,821,1,1,116,822,California
Siskiyou,2021-01-06,60,883,6,471,54,412,0,0,56,873,4,5,56,878,California
Siskiyou,2021-01-07,177,1060,4,475,173,585,0,0,176,1048,1,6,176,1054,California
Siskiyou,2021-01-08,41,1101,3,478,38,623,0,0,39,1085,2,8,39,1093,California
Siskiyou,2021-01-09,2,1103,2,480,0,623,0,0,0,1083,2,10,0,1093,California
Siskiyou,2021-01-11,226,1329,65,545,161,784,0,0,163,1183,63,73,163,1256,California
Siskiyou,2021-01-12,320,1649,273,818,47,831,0,0,87,1037,233,306,87,1343,California
Siskiyou,2021-01-13,157,1806,137,955,20,851,0,0,23,926,134,440,23,1366,California
Siskiyou,2021-01-14,26,1832,1,956,25,876,0,0,25,950,1,441,25,1391,California
Siskiyou,2021-01-15,35,1867,3,959,32,908,0,0,35,985,0,441,35,1426,California
Siskiyou,2021-01-16,7,1874,2,961,5,913,0,0,7,992,0,441,7,1433,California
Siskiyou,2021-01-17,1,1875,1,962,0,913,0,0,0,991,1,442,0,1433,California
Siskiyou,2021-01-18,76,1951,4,966,72,985,0,0,74,1063,2,444,74,1507,California
Siskiyou,2021-01-19,21,1972,1,967,20,1005,0,0,20,1082,1,445,20,1527,California
Siskiyou,2021-01-20,47,2019,35,1002,12,1017,0,0,43,1121,4,449,43,1570,California
Siskiyou,2021-01-21,42,2061,1,1003,41,1058,0,0,42,1163,0,449,42,1612,California
Siskiyou,2021-01-22,1330,3391,1178,2181,152,1210,0,0,1330,2493,0,449,1330,2942,California
Siskiyou,2021-01-23,5,3396,1,2182,4,1214,0,0,2,2492,3,452,2,2944,California
Siskiyou,2021-01-25,182,3578,8,2190,174,1388,0,0,178,2666,4,456,178,3122,California
Siskiyou,2021-01-26,148,3726,3,2193,145,1533,0,0,140,2798,8,464,140,3262,California
Siskiyou,2021-01-27,180,3906,1,2194,179,1712,0,0,125,2868,55,519,125,3387,California
Siskiyou,2021-01-28,232,4138,118,2312,114,1826,0,0,226,3088,6,525,226,3613,California
Siskiyou,2021-01-29,248,4386,2,2314,246,2072,0,0,246,3332,2,527,246,3859,California
Siskiyou,2021-01-30,3,4389,2,2316,1,2073,0,0,3,3335,0,527,3,3862,California
Siskiyou,2021-02-01,195,4584,3,2319,192,2265,0,0,105,3350,90,617,105,3967,California
Siskiyou,2021-02-02,288,4872,44,2363,244,2509,0,0,147,3356,141,758,147,4114,California
Siskiyou,2021-02-03,313,5185,1,2364,312,2821,0,0,264,3571,49,807,264,4378,California
Siskiyou,2021-02-04,319,5504,7,2371,312,3133,0,0,200,3652,119,926,200,4578,California
Siskiyou,2021-02-05,511,6015,4,2375,507,3640,0,0,346,3833,165,1091,346,4924,California
Siskiyou,2021-02-06,15,6030,0,2375,15,3655,0,0,15,3848,0,1091,15,4939,California
Siskiyou,2021-02-07,3,6033,2,2377,1,3656,0,0,3,3851,0,1091,3,4942,California
Siskiyou,2021-02-08,221,6254,5,2382,216,3872,0,0,216,4062,5,1096,216,5158,California
Siskiyou,2021-02-09,195,6449,3,2385,192,4064,0,0,162,4191,33,1129,162,5320,California
Siskiyou,2021-02-10,370,6819,40,2425,330,4394,0,0,316,4454,53,1182,316,5636,California
Siskiyou,2021-02-11,191,7010,1,2426,190,4584,0,0,175,4613,16,1198,175,5811,California
Siskiyou,2021-02-12,1692,8702,1200,3626,492,5076,0,0,500,3921,1192,2390,500,6311,California
Siskiyou,2021-02-13,36,8738,2,3628,34,5110,0,0,32,3949,4,2394,32,6343,California
Siskiyou,2021-02-14,5,8743,1,3629,4,5114,0,0,5,3954,0,2394,5,6348,California
Siskiyou,2021-02-15,107,8850,10,3639,97,5211,0,0,105,4057,2,2396,105,6453,California
Siskiyou,2021-02-16,114,8964,2,3641,112,5323,0,0,99,4141,15,2411,99,6552,California
Siskiyou,2021-02-17,184,9148,15,3656,169,5492,0,0,170,4297,14,2425,170,6722,California
Siskiyou,2021-02-18,221,9369,89,3745,132,5624,0,0,98,4272,123,2548,98,6820,California
Siskiyou,2021-02-19,70,9439,33,3778,37,5661,0,0,34,4270,36,2584,34,6854,California
Siskiyou,2021-02-20,21,9460,3,3781,18,5679,0,0,17,4283,4,2588,17,6871,California
Siskiyou,2021-02-21,2,9462,2,3783,0,5679,0,0,2,4285,0,2588,2,6873,California
Siskiyou,2021-02-22,124,9586,1,3784,123,5802,0,0,18,4197,106,2694,18,6891,California
Siskiyou,2021-02-23,195,9781,15,3799,180,5982,0,0,51,4104,144,2838,51,6942,California
Siskiyou,2021-02-24,147,9928,4,3803,143,6125,0,0,35,4027,112,2950,35,6977,California
Siskiyou,2021-02-25,300,10228,24,3827,276,6401,0,0,154,4035,146,3096,154,7131,California
Siskiyou,2021-02-26,667,10895,9,3836,658,7059,0,0,365,4098,302,3398,365,7496,California
Siskiyou,2021-02-27,32,10927,5,3841,27,7086,0,0,27,4120,5,3403,27,7523,California
Siskiyou,2021-02-28,4,10931,4,3845,0,7086,0,0,3,4122,1,3404,3,7526,California
Siskiyou,2021-03-01,280,11211,6,3851,274,7360,0,0,50,3942,230,3634,50,7576,California
Siskiyou,2021-03-02,191,11402,1,3852,190,7550,0,0,71,3893,120,3754,71,7647,California
Siskiyou,2021-03-03,343,11745,7,3859,336,7886,0,0,153,3856,190,3944,153,7800,California
Siskiyou,2021-03-04,772,12517,600,4459,172,8058,0,0,621,4326,151,4095,621,8421,California
Siskiyou,2021-03-05,321,12838,6,4465,304,8362,11,11,102,4223,216,4311,113,8534,California
Siskiyou,2021-03-06,36,12874,2,4467,27,8389,7,18,26,4246,10,4321,33,8567,California
Siskiyou,2021-03-07,12,12886,4,4471,0,8389,8,26,3,4248,9,4330,11,8578,California
Siskiyou,2021-03-08,361,13247,31,4502,295,8684,35,61,59,4040,302,4632,94,8672,California
Siskiyou,2021-03-09,162,13409,0,4502,109,8793,53,114,56,4043,106,4738,109,8781,California
Siskiyou,2021-03-10,220,13629,7,4509,183,8976,30,144,31,3915,189,4927,61,8842,California
Siskiyou,2021-03-11,469,14098,203,4712,219,9195,47,191,270,4034,198,5125,317,9159,California
Siskiyou,2021-03-12,635,14733,132,4844,464,9659,39,230,182,3804,451,5576,221,9380,California
Siskiyou,2021-03-13,428,15161,382,5226,23,9682,23,253,383,4165,45,5621,406,9786,California
Siskiyou,2021-03-14,23,15184,2,5228,5,9687,16,269,3,4164,20,5641,19,9805,California
Siskiyou,2021-03-15,453,15637,257,5485,176,9863,20,289,321,4373,132,5773,341,10146,California
Siskiyou,2021-03-16,255,15892,32,5517,206,10069,17,306,140,4416,114,5887,157,10303,California
Siskiyou,2021-03-17,199,16091,8,5525,183,10252,8,314,32,4289,167,6054,40,10343,California
Siskiyou,2021-03-18,923,17014,786,6311,125,10377,12,326,807,4992,116,6170,819,11162,California
Siskiyou,2021-03-19,67,17081,9,6320,45,10422,13,339,21,4980,46,6216,34,11196,California
Siskiyou,2021-03-20,30,17111,7,6327,18,10440,5,344,6,4967,24,6240,11,11207,California
Siskiyou,2021-03-21,10,17121,4,6331,1,10441,5,349,4,4970,6,6246,9,11216,California
Siskiyou,2021-03-22,207,17328,21,6352,164,10605,22,371,144,5076,60,6306,166,11382,California
Siskiyou,2021-03-23,190,17518,19,6371,161,10766,10,381,136,5168,54,6360,146,11528,California
Siskiyou,2021-03-24,141,17659,48,6419,93,10859,0,381,116,5259,25,6385,116,11644,California
Siskiyou,2021-03-25,541,18200,291,6710,247,11106,3,384,371,5463,170,6555,374,12018,California
Siskiyou,2021-03-26,294,18494,27,6737,267,11373,0,384,95,5361,197,6752,95,12113,California
Siskiyou,2021-03-27,37,18531,4,6741,28,11401,5,389,9,5347,28,6780,14,12127,California
Siskiyou,2021-03-28,7,18538,7,6748,0,11401,0,389,4,5348,3,6783,4,12131,California
Siskiyou,2021-03-29,97,18635,11,6759,84,11485,2,391,47,5348,49,6832,49,12180,California
Siskiyou,2021-03-30,99,18734,3,6762,95,11580,1,392,38,5326,61,6893,39,12219,California
Siskiyou,2021-03-31,188,18922,22,6784,164,11744,2,394,50,5242,137,7030,53,12272,California
Siskiyou,2021-04-01,817,19739,670,7454,147,11891,0,394,208,4841,609,7639,208,12480,California
Siskiyou,2021-04-02,343,20082,196,7650,143,12034,4,398,64,4631,278,7917,68,12548,California
Siskiyou,2021-04-03,25,20107,4,7654,14,12048,7,405,5,4623,20,7937,12,12560,California
Siskiyou,2021-04-04,2,20109,2,7656,0,12048,0,405,1,4623,1,7938,1,12561,California
Siskiyou,2021-04-05,436,20545,330,7986,79,12127,27,432,24,4263,411,8349,51,12612,California
Siskiyou,2021-04-06,215,20760,32,8018,130,12257,53,485,122,4345,92,8441,174,12786,California
Siskiyou,2021-04-07,115,20875,10,8028,63,12320,42,527,66,4404,49,8490,108,12894,California
Siskiyou,2021-04-08,317,21192,183,8211,93,12413,41,568,58,4244,259,8749,99,12993,California
Siskiyou,2021-04-09,542,21734,376,8587,129,12542,37,605,82,3905,459,9208,120,13113,California
Siskiyou,2021-04-10,45,21779,6,8593,2,12544,37,642,6,3909,39,9247,43,13156,California
Siskiyou,2021-04-11,7,21786,5,8598,0,12544,2,644,2,3908,5,9252,4,13160,California
Siskiyou,2021-04-12,129,21915,25,8623,103,12647,1,645,49,3878,80,9332,50,13210,California
Siskiyou,2021-04-13,195,22110,37,8660,157,12804,1,646,78,3840,117,9449,79,13289,California
Siskiyou,2021-04-14,142,22252,62,8722,80,12884,0,646,82,3864,58,9507,82,13371,California
Siskiyou,2021-04-15,1018,23270,869,9591,149,13033,0,646,391,3628,627,10134,391,13762,California
Siskiyou,2021-04-16,261,23531,183,9774,78,13111,0,646,241,3849,20,10154,241,14003,California
Siskiyou,2021-04-17,4,23535,2,9776,2,13113,0,646,2,3849,2,10156,2,14005,California
Solano,2020-12-15,4,4,4,4,0,0,0,0,4,4,0,0,4,4,California
Solano,2020-12-16,71,75,71,75,0,0,0,0,71,75,0,0,71,75,California
Solano,2020-12-17,151,226,151,226,0,0,0,0,151,226,0,0,151,226,California
Solano,2020-12-18,447,673,446,672,1,1,0,0,447,673,0,0,447,673,California
Solano,2020-12-19,516,1189,516,1188,0,1,0,0,516,1189,0,0,516,1189,California
Solano,2020-12-20,353,1542,352,1540,1,2,0,0,353,1542,0,0,353,1542,California
Solano,2020-12-21,572,2114,570,2110,2,4,0,0,572,2114,0,0,572,2114,California
Solano,2020-12-22,662,2776,629,2739,33,37,0,0,662,2776,0,0,662,2776,California
Solano,2020-12-23,858,3634,772,3511,86,123,0,0,857,3633,0,0,857,3633,California
Solano,2020-12-24,420,4054,169,3680,251,374,0,0,420,4053,0,0,420,4053,California
Solano,2020-12-25,10,4064,2,3682,8,382,0,0,10,4063,0,0,10,4063,California
Solano,2020-12-26,175,4239,48,3730,127,509,0,0,175,4238,0,0,175,4238,California
Solano,2020-12-27,104,4343,29,3759,75,584,0,0,104,4342,0,0,104,4342,California
Solano,2020-12-28,862,5205,421,4180,441,1025,0,0,862,5204,0,0,862,5204,California
Solano,2020-12-29,891,6096,374,4554,517,1542,0,0,891,6095,0,0,891,6095,California
Solano,2020-12-30,1209,7305,598,5152,611,2153,0,0,1209,7304,0,0,1209,7304,California
Solano,2020-12-31,532,7837,135,5287,397,2550,0,0,532,7836,0,0,532,7836,California
Solano,2021-01-01,13,7850,12,5299,1,2551,0,0,13,7849,0,0,13,7849,California
Solano,2021-01-02,212,8062,164,5463,48,2599,0,0,212,8061,0,0,212,8061,California
Solano,2021-01-03,58,8120,41,5504,17,2616,0,0,53,8114,0,0,53,8114,California
Solano,2021-01-04,450,8570,245,5749,205,2821,0,0,440,8551,3,3,440,8554,California
Solano,2021-01-05,695,9265,377,6126,318,3139,0,0,541,8943,149,152,541,9095,California
Solano,2021-01-06,822,10087,436,6562,386,3525,0,0,560,9243,260,412,560,9655,California
Solano,2021-01-07,1037,11124,683,7245,354,3879,0,0,580,9369,455,867,581,10236,California
Solano,2021-01-08,1115,12239,773,8018,342,4221,0,0,523,9320,574,1441,525,10761,California
Solano,2021-01-09,885,13124,763,8781,122,4343,0,0,428,9294,454,1895,428,11189,California
Solano,2021-01-10,253,13377,193,8974,60,4403,0,0,152,9345,101,1996,152,11341,California
Solano,2021-01-11,1323,14700,1110,10084,213,4616,0,0,808,9638,515,2511,808,12149,California
Solano,2021-01-12,1559,16259,1162,11246,397,5013,0,0,1011,10103,547,3058,1012,13161,California
Solano,2021-01-13,1431,17690,1001,12247,430,5443,0,0,1171,11016,258,3316,1171,14332,California
Solano,2021-01-14,1849,19539,795,13042,1054,6497,0,0,1536,12239,313,3629,1536,15868,California
Solano,2021-01-15,1682,21221,1055,14097,627,7124,0,0,1384,13325,298,3927,1384,17252,California
Solano,2021-01-16,1289,22510,903,15000,386,7510,0,0,1115,14266,174,4101,1115,18367,California
Solano,2021-01-17,1040,23550,759,15759,281,7791,0,0,1023,15272,17,4118,1023,19390,California
Solano,2021-01-18,1407,24957,857,16616,550,8341,0,0,1288,16443,119,4237,1290,20680,California
Solano,2021-01-19,1639,26596,1335,17951,304,8645,0,0,1368,17541,270,4507,1368,22048,California
Solano,2021-01-20,2028,28624,1419,19370,609,9254,0,0,1545,18606,480,4987,1545,23593,California
Solano,2021-01-21,3106,31730,1000,20370,2106,11360,0,0,2763,21027,343,5330,2764,26357,California
Solano,2021-01-22,1750,33480,842,21212,908,12268,0,0,1560,22397,190,5520,1560,27917,California
Solano,2021-01-23,731,34211,237,21449,494,12762,0,0,528,22722,204,5724,529,28446,California
Solano,2021-01-24,378,34589,60,21509,318,13080,0,0,312,22968,66,5790,312,28758,California
Solano,2021-01-25,1617,36206,621,22130,996,14076,0,0,1068,23488,549,6339,1069,29827,California
Solano,2021-01-26,1675,37881,736,22866,939,15015,0,0,1045,23905,629,6968,1046,30873,California
Solano,2021-01-27,1768,39649,727,23593,1041,16056,0,0,1178,24506,577,7545,1178,32051,California
Solano,2021-01-28,1832,41481,703,24296,1129,17185,0,0,1243,25162,588,8133,1244,33295,California
Solano,2021-01-29,1647,43128,781,25077,866,18051,0,0,1295,26107,350,8483,1295,34590,California
Solano,2021-01-30,710,43838,220,25297,490,18541,0,0,549,26495,161,8644,549,35139,California
Solano,2021-01-31,485,44323,393,25690,92,18633,0,0,230,26471,255,8899,231,35370,California
Solano,2021-02-01,1480,45803,979,26669,501,19134,0,0,742,26477,736,9635,742,36112,California
Solano,2021-02-02,3299,49102,1107,27776,2192,21326,0,0,2505,28192,790,10425,2505,38617,California
Solano,2021-02-03,2225,51327,1301,29077,924,22250,0,0,1149,28269,1072,11497,1149,39766,California
Solano,2021-02-04,1756,53083,905,29982,851,23101,0,0,1046,28610,705,12202,1046,40812,California
Solano,2021-02-05,3051,56134,1407,31389,1644,24745,0,0,2060,29688,982,13184,2060,42872,California
Solano,2021-02-06,3023,59157,1167,32556,1856,26601,0,0,2210,31088,810,13994,2210,45082,California
Solano,2021-02-07,846,60003,783,33339,63,26664,0,0,230,30702,616,14610,230,45312,California
Solano,2021-02-08,1711,61714,1233,34572,478,27142,0,0,679,30351,1030,15640,679,45991,California
Solano,2021-02-09,1895,63609,1468,36040,427,27569,0,0,675,29807,1219,16859,675,46666,California
Solano,2021-02-10,2251,65860,1497,37537,754,28323,0,0,826,29208,1425,18284,826,47492,California
Solano,2021-02-11,2391,68251,1438,38975,953,29276,0,0,1121,29069,1260,19544,1121,48613,California
Solano,2021-02-12,4086,72337,1597,40572,2489,31765,0,0,2779,30548,1300,20844,2779,51392,California
Solano,2021-02-13,2815,75152,242,40814,2573,34338,0,0,2431,32598,381,21225,2431,53823,California
Solano,2021-02-14,689,75841,201,41015,488,34826,0,0,411,32733,276,21501,411,54234,California
Solano,2021-02-15,1292,77133,323,41338,969,35795,0,0,670,32782,621,22122,670,54904,California
Solano,2021-02-16,2387,79520,1226,42564,1161,36956,0,0,1623,33642,763,22885,1623,56527,California
Solano,2021-02-17,2700,82220,1219,43783,1481,38437,0,0,1910,34766,787,23672,1911,58438,California
Solano,2021-02-18,2579,84799,700,44483,1879,40316,0,0,811,33817,1761,25433,812,59250,California
Solano,2021-02-19,2209,87008,1265,45748,944,41260,0,0,1128,33870,1077,26510,1130,60380,California
Solano,2021-02-20,2540,89548,379,46127,2161,43421,0,0,2073,35475,468,26978,2073,62453,California
Solano,2021-02-21,2139,91687,1858,47985,281,43702,0,0,1856,37051,280,27258,1856,64309,California
Solano,2021-02-22,1577,93264,912,48897,665,44367,0,0,814,37105,761,28019,815,65124,California
Solano,2021-02-23,2522,95786,1000,49897,1522,45889,0,0,1652,37890,867,28886,1652,66776,California
Solano,2021-02-24,2332,98118,1131,51028,1201,47090,0,0,1303,38166,1027,29913,1303,68079,California
Solano,2021-02-25,2288,100406,1347,52375,941,48031,0,0,1260,38404,1022,30935,1260,69339,California
Solano,2021-02-26,2636,103042,1528,53903,1108,49139,0,0,1382,38537,1249,32184,1382,70721,California
Solano,2021-02-27,3638,106680,1372,55275,2266,51405,0,0,2950,40805,682,32866,2950,73671,California
Solano,2021-02-28,1351,108031,1037,56312,314,51719,0,0,1080,41617,268,33134,1080,74751,California
Solano,2021-03-01,2235,110266,1058,57370,1177,52896,0,0,1630,42647,600,33734,1630,76381,California
Solano,2021-03-02,1955,112221,1233,58603,722,53618,0,0,1212,43116,743,34477,1212,77593,California
Solano,2021-03-03,2120,114341,1190,59793,930,54548,0,0,1316,43635,797,35274,1316,78909,California
Solano,2021-03-04,4208,118549,3278,63071,928,55476,2,2,3122,45682,1080,36354,3127,82036,California
Solano,2021-03-05,4687,123236,1605,64676,3079,58555,3,5,3779,48566,898,37252,3782,85818,California
Solano,2021-03-06,3745,126981,823,65499,2883,61438,39,44,2577,50023,1159,38411,2616,88434,California
Solano,2021-03-07,3458,130439,735,66234,2713,64151,10,54,1907,50399,1542,39953,1918,90352,California
Solano,2021-03-08,1599,132038,813,67047,515,64666,271,325,1090,51253,506,40459,1360,91712,California
Solano,2021-03-09,2907,134945,1337,68384,1518,66184,52,377,2080,52555,827,41286,2129,93841,California
Solano,2021-03-10,2206,137151,1557,69941,564,66748,85,462,1110,52656,1093,42379,1194,95035,California
Solano,2021-03-11,5616,142767,1407,71348,3954,70702,255,717,4626,56548,989,43368,4881,99916,California
Solano,2021-03-12,5757,148524,1390,72738,4196,74898,171,888,3017,57000,2736,46104,3188,103104,California
Solano,2021-03-13,4567,153091,804,73542,3680,78578,83,971,2237,57001,2323,48427,2324,105428,California
Solano,2021-03-14,3979,157070,3103,76645,423,79001,453,1424,1650,56776,2325,50752,2100,107528,California
Solano,2021-03-15,3792,160862,2244,78889,1232,80233,316,1740,2436,58179,1349,52101,2752,110280,California
Solano,2021-03-16,2865,163727,1141,80030,1489,81722,235,1975,1437,58427,1423,53524,1671,111951,California
Solano,2021-03-17,5994,169721,1482,81512,4422,86144,90,2065,4646,61819,1344,54868,4736,116687,California
Solano,2021-03-18,5004,174725,1677,83189,3290,89434,37,2102,3694,64249,1301,56169,3731,120418,California
Solano,2021-03-19,2769,177494,1874,85063,822,90256,73,2175,1519,64597,1245,57414,1593,122011,California
Solano,2021-03-20,5448,182942,1661,86724,3733,93989,54,2229,2790,64794,2647,60061,2844,124855,California
Solano,2021-03-21,1659,184601,1565,88289,70,94059,24,2253,848,64854,810,60871,870,125725,California
Solano,2021-03-22,2397,186998,1783,90072,565,94624,49,2302,1440,65389,951,61822,1486,127211,California
Solano,2021-03-23,3328,190326,1497,91569,1789,96413,42,2344,1508,65123,1816,63638,1550,128761,California
Solano,2021-03-24,2669,192995,1638,93207,997,97410,34,2378,1270,65034,1393,65031,1304,130065,California
Solano,2021-03-25,4534,197529,3667,96874,832,98242,35,2413,2016,64572,2514,67545,2052,132117,California
Solano,2021-03-26,2829,200358,1723,98597,1070,99312,36,2449,1523,64833,1298,68843,1559,133676,California
Solano,2021-03-27,4168,204526,1148,99745,2984,102296,36,2485,1795,64297,2367,71210,1831,135507,California
Solano,2021-03-28,1348,205874,1101,100846,229,102525,18,2503,551,64074,793,72003,570,136077,California
Solano,2021-03-29,2824,208698,1490,102336,1318,103843,16,2519,1588,64447,1231,73234,1604,137681,California
Solano,2021-03-30,2777,211475,1824,104160,867,104710,86,2605,1741,65240,1034,74268,1827,139508,California
Solano,2021-03-31,2920,214395,1923,106083,840,105550,157,2762,1695,65868,1222,75490,1850,141358,California
Solano,2021-04-01,5073,219468,1677,107760,3252,108802,144,2906,3411,67772,1651,77141,3555,144913,California
Solano,2021-04-02,5747,225215,1677,109437,3908,112710,162,3068,2492,67185,3241,80382,2654,147567,California
Solano,2021-04-03,1507,226722,955,110392,400,113110,152,3220,561,66954,944,81326,713,148280,California
Solano,2021-04-04,774,227496,286,110678,187,113297,301,3521,237,66959,533,81859,538,148818,California
Solano,2021-04-05,2818,230314,1880,112558,733,114030,205,3726,1396,67138,1421,83280,1600,150418,California
Solano,2021-04-06,5335,235649,1388,113946,3458,117488,489,4215,1549,65394,3782,87062,2038,152456,California
Solano,2021-04-07,5037,240686,3724,117670,922,118410,391,4606,2909,66572,2122,89184,3300,155756,California
Solano,2021-04-08,5395,246081,1505,119175,3037,121447,853,5459,1520,65080,3860,93044,2368,158124,California
Solano,2021-04-09,4946,251027,1440,120615,2807,124254,699,6158,1297,63440,3636,96680,1996,160120,California
Solano,2021-04-10,1692,252719,940,121555,444,124698,308,6466,786,63629,905,97585,1094,161214,California
Solano,2021-04-11,1172,253891,741,122296,304,125002,127,6593,608,63803,561,98146,735,161949,California
Solano,2021-04-12,3153,257044,1641,123937,1174,126176,338,6931,1474,63940,1674,99820,1811,163760,California
Solano,2021-04-13,2342,259386,1038,124975,1303,127479,1,6932,1254,64110,1085,100905,1255,165015,California
Solano,2021-04-14,4913,264299,1532,126507,3381,130860,0,6932,1574,62353,3331,104236,1574,166589,California
Solano,2021-04-15,2999,267298,1374,127881,1625,132485,0,6932,1306,61973,1688,105924,1308,167897,California
Solano,2021-04-16,2472,269770,1442,129323,1030,133515,0,6932,1462,62429,1006,106930,1462,169359,California
Solano,2021-04-17,793,270563,442,129765,351,133866,0,6932,410,62459,380,107310,410,169769,California
Sonoma,2020-12-15,4,4,4,4,0,0,0,0,4,4,0,0,4,4,California
Sonoma,2020-12-16,27,31,27,31,0,0,0,0,27,31,0,0,27,31,California
Sonoma,2020-12-17,102,133,102,133,0,0,0,0,102,133,0,0,102,133,California
Sonoma,2020-12-18,422,555,422,555,0,0,0,0,422,555,0,0,422,555,California
Sonoma,2020-12-19,111,666,110,665,1,1,0,0,111,666,0,0,111,666,California
Sonoma,2020-12-20,174,840,174,839,0,1,0,0,174,840,0,0,174,840,California
Sonoma,2020-12-21,911,1751,909,1748,2,3,0,0,910,1750,0,0,910,1750,California
Sonoma,2020-12-22,1356,3107,1264,3012,92,95,0,0,1356,3106,0,0,1356,3106,California
Sonoma,2020-12-23,1603,4710,1228,4240,375,470,0,0,1604,4710,0,0,1604,4710,California
Sonoma,2020-12-24,305,5015,101,4341,204,674,0,0,305,5015,0,0,305,5015,California
Sonoma,2020-12-25,8,5023,2,4343,6,680,0,0,8,5023,0,0,8,5023,California
Sonoma,2020-12-26,266,5289,255,4598,11,691,0,0,266,5289,0,0,266,5289,California
Sonoma,2020-12-27,93,5382,80,4678,13,704,0,0,93,5382,0,0,93,5382,California
Sonoma,2020-12-28,987,6369,552,5230,435,1139,0,0,959,6341,0,0,959,6341,California
Sonoma,2020-12-29,1129,7498,776,6006,353,1492,0,0,1095,7436,0,0,1095,7436,California
Sonoma,2020-12-30,1092,8590,478,6484,614,2106,0,0,1084,8520,0,0,1084,8520,California
Sonoma,2020-12-31,518,9108,71,6555,447,2553,0,0,519,9039,0,0,519,9039,California
Sonoma,2021-01-01,10,9118,5,6560,5,2558,0,0,10,9049,0,0,10,9049,California
Sonoma,2021-01-02,132,9250,126,6686,6,2564,0,0,132,9181,0,0,132,9181,California
Sonoma,2021-01-03,25,9275,11,6697,14,2578,0,0,25,9206,0,0,25,9206,California
Sonoma,2021-01-04,341,9616,105,6802,236,2814,0,0,340,9546,0,0,340,9546,California
Sonoma,2021-01-05,437,10053,102,6904,335,3149,0,0,413,9944,15,15,413,9959,California
Sonoma,2021-01-06,948,11001,434,7338,514,3663,0,0,836,10675,105,120,836,10795,California
Sonoma,2021-01-07,1025,12026,533,7871,492,4155,0,0,855,11361,169,289,855,11650,California
Sonoma,2021-01-08,1784,13810,1228,9099,556,4711,0,0,1313,12205,469,758,1313,12963,California
Sonoma,2021-01-09,636,14446,400,9499,236,4947,0,0,588,12745,48,806,588,13551,California
Sonoma,2021-01-10,472,14918,461,9960,11,4958,0,0,279,12831,193,999,279,13830,California
Sonoma,2021-01-11,1382,16300,1236,11196,146,5104,0,0,413,12279,965,1964,413,14243,California
Sonoma,2021-01-12,1545,17845,1292,12488,253,5357,0,0,395,11526,1148,3112,395,14638,California
Sonoma,2021-01-13,2066,19911,1424,13912,642,5999,0,0,1203,11869,860,3972,1203,15841,California
Sonoma,2021-01-14,1532,21443,808,14720,724,6723,0,0,1302,12941,230,4202,1302,17143,California
Sonoma,2021-01-15,1562,23005,634,15354,928,7651,0,0,1342,14073,211,4413,1343,18486,California
Sonoma,2021-01-16,1144,24149,615,15969,529,8180,0,0,899,14731,241,4654,899,19385,California
Sonoma,2021-01-17,669,24818,549,16518,120,8300,0,0,588,15238,81,4735,588,19973,California
Sonoma,2021-01-18,1103,25921,931,17449,172,8472,0,0,612,15360,491,5226,613,20586,California
Sonoma,2021-01-19,2092,28013,1004,18453,1088,9560,0,0,1383,16037,707,5933,1384,21970,California
Sonoma,2021-01-20,2073,30086,623,19076,1450,11010,0,0,1414,16802,650,6583,1415,23385,California
Sonoma,2021-01-21,2234,32320,620,19696,1614,12624,0,0,2015,18601,217,6800,2016,25401,California
Sonoma,2021-01-22,2725,35045,1034,20730,1691,14315,0,0,2577,21031,147,6947,2577,27978,California
Sonoma,2021-01-23,766,35811,591,21321,175,14490,0,0,659,21584,106,7053,659,28637,California
Sonoma,2021-01-24,847,36658,713,22034,134,14624,0,0,832,22401,15,7068,832,29469,California
Sonoma,2021-01-25,2168,38826,519,22553,1649,16273,0,0,1681,23595,487,7555,1681,31150,California
Sonoma,2021-01-26,2003,40829,294,22847,1709,17982,0,0,1547,24687,455,8010,1547,32697,California
Sonoma,2021-01-27,3690,44519,1274,24121,2416,20398,0,0,3117,27236,571,8581,3120,35817,California
Sonoma,2021-01-28,4101,48620,1834,25955,2267,22665,0,0,3435,30009,663,9244,3436,39253,California
Sonoma,2021-01-29,2957,51577,1404,27359,1553,24218,0,0,2128,31311,827,10071,2129,41382,California
Sonoma,2021-01-30,2573,54150,2386,29745,187,24405,0,0,2239,33217,334,10405,2240,43622,California
Sonoma,2021-01-31,775,54925,663,30408,112,24517,0,0,577,33597,197,10602,577,44199,California
Sonoma,2021-02-01,2499,57424,881,31289,1618,26135,0,0,2094,35288,403,11005,2094,46293,California
Sonoma,2021-02-02,3444,60868,1366,32655,2078,28213,0,0,2879,37604,563,11568,2879,49172,California
Sonoma,2021-02-03,4022,64890,1319,33974,2703,30916,0,0,3097,39778,923,12491,3097,52269,California
Sonoma,2021-02-04,4185,69075,1704,35678,2481,33397,0,0,3410,42415,773,13264,3410,55679,California
Sonoma,2021-02-05,4798,73873,1732,37410,3066,36463,0,0,3786,45194,1008,14272,3787,59466,California
Sonoma,2021-02-06,2652,76525,2292,39702,360,36823,0,0,2094,46731,557,14829,2094,61560,California
Sonoma,2021-02-07,1529,78054,1395,41097,134,36957,0,0,1280,47762,249,15078,1280,62840,California
Sonoma,2021-02-08,3249,81303,1031,42128,2218,39175,0,0,2669,49852,579,15657,2669,65509,California
Sonoma,2021-02-09,3550,84853,1694,43822,1856,41031,0,0,3071,52447,477,16134,3072,68581,California
Sonoma,2021-02-10,4404,89257,2360,46182,2044,43075,0,0,3372,54794,1026,17160,3373,71954,California
Sonoma,2021-02-11,5330,94587,2786,48968,2544,45619,0,0,4157,57780,1171,18331,4157,76111,California
Sonoma,2021-02-12,5627,100214,2973,51941,2654,48273,0,0,4213,60585,1410,19741,4215,80326,California
Sonoma,2021-02-13,1984,102198,1152,53093,832,49105,0,0,1207,61018,774,20515,1207,81533,California
Sonoma,2021-02-14,2313,104511,1817,54910,496,49601,0,0,1569,61844,743,21258,1569,83102,California
Sonoma,2021-02-15,2130,106641,785,55695,1345,50946,0,0,1603,62921,526,21784,1603,84705,California
Sonoma,2021-02-16,4610,111251,2045,57740,2565,53511,0,0,3362,65039,1244,23028,3362,88067,California
Sonoma,2021-02-17,5319,116570,2885,60625,2434,55945,0,0,3327,66384,1983,25011,3328,91395,California
Sonoma,2021-02-18,6771,123341,2994,63619,3777,59722,0,0,3873,67367,2890,27901,3873,95268,California
Sonoma,2021-02-19,5355,128696,1654,65273,3701,63423,0,0,3266,68549,2084,29985,3266,98534,California
Sonoma,2021-02-20,3101,131797,2821,68094,280,63703,0,0,1221,67896,1874,31859,1221,99755,California
Sonoma,2021-02-21,515,132312,412,68506,103,63806,0,0,127,67638,385,32244,127,99882,California
Sonoma,2021-02-22,2712,135024,1353,69859,1359,65165,0,0,1042,67015,1665,33909,1042,100924,California
Sonoma,2021-02-23,3082,138106,2057,71916,1025,66190,0,0,1349,66635,1729,35638,1349,102273,California
Sonoma,2021-02-24,5451,143557,2537,74453,2914,69104,0,0,2735,66661,2711,38349,2737,105010,California
Sonoma,2021-02-25,5638,149195,2221,76674,3417,72521,0,0,2967,66978,2650,40999,2967,107977,California
Sonoma,2021-02-26,6006,155201,2736,79410,3270,75791,0,0,3735,68447,2266,43265,3735,111712,California
Sonoma,2021-02-27,3997,159198,1902,81312,2095,77886,0,0,2664,69780,1331,44596,2664,114376,California
Sonoma,2021-02-28,2327,161525,1844,83156,483,78369,0,0,612,68683,1709,46305,612,114988,California
Sonoma,2021-03-01,3657,165182,1124,84280,2533,80902,0,0,1812,68659,1837,48142,1813,116801,California
Sonoma,2021-03-02,4201,169383,1456,85736,2745,83647,0,0,2475,69416,1718,49860,2475,119276,California
Sonoma,2021-03-03,4804,174187,2504,88240,2300,85947,0,0,2220,69059,2577,52437,2220,121496,California
Sonoma,2021-03-04,5672,179859,2433,90673,3239,89186,0,0,2562,68525,3096,55533,2562,124058,California
Sonoma,2021-03-05,6150,186009,2550,93223,3585,92771,15,15,2703,67809,3435,58968,2719,126777,California
Sonoma,2021-03-06,2748,188757,1205,94428,1409,94180,134,149,1889,68977,854,59822,2022,128799,California
Sonoma,2021-03-07,1678,190435,1391,95819,252,94432,35,184,355,68046,1321,61143,390,129189,California
Sonoma,2021-03-08,3881,194316,652,96471,3054,97486,175,359,2218,68784,1653,62796,2391,131580,California
Sonoma,2021-03-09,5400,199716,2995,99466,2164,99650,241,600,2657,68946,2736,65532,2898,134478,California
Sonoma,2021-03-10,5930,205646,3163,102629,2442,102092,325,925,2396,68146,3520,69052,2720,137198,California
Sonoma,2021-03-11,7483,213129,2973,105602,3692,105784,818,1743,2646,66780,4829,73881,3463,140661,California
Sonoma,2021-03-12,7374,220503,2254,107856,3761,109545,1359,3102,2100,64979,5256,79137,3455,144116,California
Sonoma,2021-03-13,3226,223729,1539,109395,1454,110999,233,3335,1838,65660,1387,80524,2068,146184,California
Sonoma,2021-03-14,1373,225102,381,109776,850,111849,142,3477,846,66123,524,81048,987,147171,California
Sonoma,2021-03-15,5208,230310,1491,111267,3332,115181,385,3862,2189,65685,3011,84059,2573,149744,California
Sonoma,2021-03-16,6248,236558,2222,113489,3795,118976,231,4093,3155,65982,3088,87147,3385,153129,California
Sonoma,2021-03-17,6717,243275,3510,116999,3028,122004,179,4272,3529,66512,3179,90326,3709,156838,California
Sonoma,2021-03-18,7069,250344,2921,119920,3538,125542,610,4882,3161,66377,3903,94229,3768,160606,California
Sonoma,2021-03-19,7448,257792,3213,123133,4004,129546,231,5113,3309,65800,4121,98350,3544,164150,California
Sonoma,2021-03-20,3627,261419,1743,124876,1054,130600,830,5943,1969,66948,1651,100001,2799,166949,California
Sonoma,2021-03-21,1372,262791,601,125477,738,131338,33,5976,1207,68026,162,100163,1240,168189,California
Sonoma,2021-03-22,4474,267265,3080,128557,1294,132632,100,6076,3532,70720,939,101102,3633,171822,California
Sonoma,2021-03-23,5760,273025,3580,132137,2104,134736,76,6152,4639,74323,1112,102214,4715,176537,California
Sonoma,2021-03-24,6568,279593,4254,136391,2249,136985,65,6217,4143,76121,2409,104623,4207,180744,California
Sonoma,2021-03-25,6887,286480,4138,140529,2645,139630,104,6321,4273,77907,2592,107215,4378,185122,California
Sonoma,2021-03-26,7233,293713,3427,143956,3718,143348,88,6409,3993,78762,3226,110441,4081,189203,California
Sonoma,2021-03-27,3774,297487,1493,145449,1919,145267,362,6771,1122,77598,2647,113088,1483,190686,California
Sonoma,2021-03-28,1505,298992,949,146398,529,145796,27,6798,948,78017,556,113644,975,191661,California
Sonoma,2021-03-29,2816,301808,1076,147474,1707,147503,33,6831,1614,78467,1197,114841,1647,193308,California
Sonoma,2021-03-30,5630,307438,3114,150588,2455,149958,61,6892,3041,78988,2582,117423,3103,196411,California
Sonoma,2021-03-31,5482,312920,3328,153916,1941,151899,213,7105,3291,80311,2181,119604,3504,199915,California
Sonoma,2021-04-01,6662,319582,3961,157877,2369,154268,332,7437,3579,81148,3070,122674,3907,203822,California
Sonoma,2021-04-02,5895,325477,3533,161410,2253,156521,109,7546,3556,82479,2335,125009,3666,207488,California
Sonoma,2021-04-03,3355,328832,1639,163049,1497,158018,219,7765,1472,82299,1871,126880,1691,209179,California
Sonoma,2021-04-04,1050,329882,682,163731,279,158297,89,7854,665,82669,384,127264,754,209933,California
Sonoma,2021-04-05,4343,334225,576,164307,3431,161728,336,8190,1790,82248,2547,129811,2126,212059,California
Sonoma,2021-04-06,6800,341025,3454,167761,2948,164676,398,8588,3966,83790,2821,132632,4363,216422,California
Sonoma,2021-04-07,6735,347760,3805,171566,2102,166778,828,9416,3274,84435,3453,136085,4098,220520,California
Sonoma,2021-04-08,7456,355216,4084,175650,2605,169383,767,10183,4066,85885,3381,139466,4831,225351,California
Sonoma,2021-04-09,6545,361761,3597,179247,2100,171483,848,11031,3311,86815,3223,142689,4153,229504,California
Sonoma,2021-04-10,3707,365468,1676,180923,1479,172962,552,11583,1084,85831,2615,145304,1631,231135,California
Sonoma,2021-04-11,1274,366742,602,181525,591,173553,81,11664,434,85508,838,146142,515,231650,California
Sonoma,2021-04-12,4852,371594,1981,183506,2393,175946,478,12142,1784,84703,3061,149203,2256,233906,California
Sonoma,2021-04-13,7535,379129,4545,188051,2987,178933,3,12145,2800,82781,4726,153929,2804,236710,California
Sonoma,2021-04-14,5894,385023,3306,191357,2569,181502,19,12164,2258,81436,3623,157552,2278,238988,California
Sonoma,2021-04-15,6000,391023,3459,194816,2541,184043,0,12164,2989,81439,2999,160551,3002,241990,California
Sonoma,2021-04-16,6214,397237,3196,198012,3017,187060,1,12165,3443,82120,2763,163314,3444,245434,California
Sonoma,2021-04-17,1181,398418,616,198628,565,187625,0,12165,832,82607,345,163659,832,246266,California
Stanislaus,2020-12-15,2,2,2,2,0,0,0,0,2,2,0,0,2,2,California
Stanislaus,2020-12-16,37,39,37,39,0,0,0,0,37,39,0,0,37,39,California
Stanislaus,2020-12-17,73,112,73,112,0,0,0,0,73,112,0,0,73,112,California
Stanislaus,2020-12-18,428,540,421,533,7,7,0,0,428,540,0,0,428,540,California
Stanislaus,2020-12-19,191,731,191,724,0,7,0,0,191,731,0,0,191,731,California
Stanislaus,2020-12-20,126,857,126,850,0,7,0,0,126,857,0,0,126,857,California
Stanislaus,2020-12-21,1124,1981,1121,1971,3,10,0,0,1123,1980,0,0,1123,1980,California
Stanislaus,2020-12-22,849,2830,837,2808,12,22,0,0,849,2829,0,0,849,2829,California
Stanislaus,2020-12-23,460,3290,443,3251,17,39,0,0,459,3288,0,0,459,3288,California
Stanislaus,2020-12-24,97,3387,88,3339,9,48,0,0,97,3385,0,0,97,3385,California
Stanislaus,2020-12-26,50,3437,8,3347,42,90,0,0,50,3435,0,0,50,3435,California
Stanislaus,2020-12-27,11,3448,6,3353,5,95,0,0,11,3446,0,0,11,3446,California
Stanislaus,2020-12-28,502,3950,406,3759,96,191,0,0,502,3948,0,0,502,3948,California
Stanislaus,2020-12-29,505,4455,430,4189,75,266,0,0,505,4453,0,0,505,4453,California
Stanislaus,2020-12-30,542,4997,286,4475,256,522,0,0,542,4994,1,1,542,4995,California
Stanislaus,2020-12-31,314,5311,171,4646,143,665,0,0,316,5310,0,1,316,5311,California
Stanislaus,2021-01-01,9,5320,2,4648,7,672,0,0,9,5319,0,1,9,5320,California
Stanislaus,2021-01-02,31,5351,24,4672,7,679,0,0,31,5350,0,1,31,5351,California
Stanislaus,2021-01-03,89,5440,85,4757,4,683,0,0,89,5439,0,1,89,5440,California
Stanislaus,2021-01-04,117,5557,33,4790,84,767,0,0,120,5559,0,1,120,5560,California
Stanislaus,2021-01-05,854,6411,337,5127,517,1284,0,0,823,6365,23,24,829,6389,California
Stanislaus,2021-01-06,978,7389,547,5674,431,1715,0,0,903,7205,64,88,904,7293,California
Stanislaus,2021-01-07,1092,8481,701,6375,391,2106,0,0,966,8059,113,201,967,8260,California
Stanislaus,2021-01-08,1320,9801,755,7130,565,2671,0,0,947,8643,367,568,951,9211,California
Stanislaus,2021-01-09,284,10085,141,7271,143,2814,0,0,194,8747,90,658,194,9405,California
Stanislaus,2021-01-10,48,10133,21,7292,27,2841,0,0,29,8757,19,677,29,9434,California
Stanislaus,2021-01-11,1552,11685,1266,8558,286,3127,0,0,606,8437,940,1617,620,10054,California
Stanislaus,2021-01-12,1494,13179,890,9448,604,3731,0,0,832,8618,658,2275,839,10893,California
Stanislaus,2021-01-13,1442,14621,677,10125,765,4496,0,0,1115,9414,326,2601,1122,12015,California
Stanislaus,2021-01-14,2218,16839,281,10406,1937,6433,0,0,2066,11385,150,2751,2121,14136,California
Stanislaus,2021-01-15,2886,19725,1145,11551,1741,8174,0,0,2730,14047,134,2885,2796,16932,California
Stanislaus,2021-01-16,567,20292,50,11601,517,8691,0,0,552,14587,14,2899,554,17486,California
Stanislaus,2021-01-17,241,20533,200,11801,41,8732,0,0,236,14818,5,2904,236,17722,California
Stanislaus,2021-01-18,2180,22713,1020,12821,1160,9892,0,0,1809,16319,368,3272,1869,19591,California
Stanislaus,2021-01-19,1272,23985,738,13559,534,10426,0,0,811,16673,458,3730,812,20403,California
Stanislaus,2021-01-20,999,24984,484,14043,515,10941,0,0,704,17083,294,4024,704,21107,California
Stanislaus,2021-01-21,3673,28657,2962,17005,711,11652,0,0,3356,20211,315,4339,3443,24550,California
Stanislaus,2021-01-22,1095,29752,309,17314,786,12438,0,0,1052,21228,39,4378,1056,25606,California
Stanislaus,2021-01-23,343,30095,38,17352,305,12743,0,0,289,21467,54,4432,293,25899,California
Stanislaus,2021-01-24,289,30384,99,17451,190,12933,0,0,223,21626,66,4498,225,26124,California
Stanislaus,2021-01-25,3143,33527,217,17668,2926,15859,0,0,2838,24289,306,4804,2969,29093,California
Stanislaus,2021-01-26,1731,35258,738,18406,993,16852,0,0,1313,25203,414,5218,1328,30421,California
Stanislaus,2021-01-27,1831,37089,973,19379,858,17710,0,0,1174,25729,649,5867,1175,31596,California
Stanislaus,2021-01-28,2247,39336,1496,20875,751,18461,0,0,1758,27059,478,6345,1808,33404,California
Stanislaus,2021-01-29,2481,41817,1201,22076,1280,19741,0,0,1948,28566,484,6829,1991,35395,California
Stanislaus,2021-01-30,298,42115,122,22198,176,19917,0,0,248,28762,52,6881,248,35643,California
Stanislaus,2021-01-31,364,42479,311,22509,53,19970,0,0,363,29115,10,6891,363,36006,California
Stanislaus,2021-02-01,1264,43743,542,23051,722,20692,0,0,925,29714,326,7217,925,36931,California
Stanislaus,2021-02-02,1247,44990,373,23424,874,21566,0,0,793,30067,444,7661,797,37728,California
Stanislaus,2021-02-03,2491,47481,1072,24496,1419,22985,0,0,1816,31217,671,8332,1821,39549,California
Stanislaus,2021-02-04,2099,49580,718,25214,1381,24366,0,0,1587,32303,506,8838,1592,41141,California
Stanislaus,2021-02-05,2847,52427,1451,26665,1396,25762,0,0,1608,32727,1188,10026,1612,42753,California
Stanislaus,2021-02-06,1009,53436,287,26952,722,26484,0,0,821,33362,187,10213,822,43575,California
Stanislaus,2021-02-07,212,53648,188,27140,24,26508,0,0,42,33236,169,10382,43,43618,California
Stanislaus,2021-02-08,2020,55668,1309,28449,711,27219,0,0,1117,33478,877,11259,1119,44737,California
Stanislaus,2021-02-09,1872,57540,788,29237,1084,28303,0,0,1100,33813,768,12027,1103,45840,California
Stanislaus,2021-02-10,1983,59523,565,29802,1418,29721,0,0,1064,33977,902,12929,1066,46906,California
Stanislaus,2021-02-11,5537,65060,3413,33215,2124,31845,0,0,1406,31417,3970,16899,1410,48316,California
Stanislaus,2021-02-12,3526,68586,1100,34315,2426,34271,0,0,1662,31265,1815,18714,1663,49979,California
Stanislaus,2021-02-13,1534,70120,743,35058,791,35062,0,0,1086,31909,447,19161,1091,51070,California
Stanislaus,2021-02-14,420,70540,169,35227,251,35313,0,0,355,32199,65,19226,355,51425,California
Stanislaus,2021-02-15,1844,72384,254,35481,1590,36903,0,0,631,31719,1116,20342,636,52061,California
Stanislaus,2021-02-16,1388,73772,415,35896,973,37876,0,0,613,31564,770,21112,615,52676,California
Stanislaus,2021-02-17,2745,76517,1662,37558,1083,38959,0,0,1973,32769,775,21887,1980,54656,California
Stanislaus,2021-02-18,3385,79902,1878,39436,1507,40466,0,0,1836,33133,1480,23367,1844,56500,California
Stanislaus,2021-02-19,2783,82685,1045,40481,1738,42204,0,0,1568,33522,1188,24555,1577,58077,California
Stanislaus,2021-02-20,755,83440,371,40852,384,42588,0,0,497,33772,249,24804,499,58576,California
Stanislaus,2021-02-21,869,84309,657,41509,212,42800,0,0,525,33978,330,25134,536,59112,California
Stanislaus,2021-02-22,2370,86679,1678,43187,692,43492,0,0,1661,34956,685,25819,1663,60775,California
Stanislaus,2021-02-23,3703,90382,679,43866,3024,46516,0,0,1754,34898,1817,27636,1759,62534,California
Stanislaus,2021-02-24,4206,94588,2859,46725,1347,47863,0,0,3195,37101,996,28632,3199,65733,California
Stanislaus,2021-02-25,3920,98508,2642,49367,1278,49141,0,0,3121,39439,786,29418,3124,68857,California
Stanislaus,2021-02-26,4236,102744,1212,50579,3024,52165,0,0,2873,40995,1326,30744,2882,71739,California
Stanislaus,2021-02-27,2221,104965,703,51282,1517,53682,1,1,1969,42736,229,30973,1970,73709,California
Stanislaus,2021-02-28,814,105779,264,51546,550,54232,0,1,763,43455,45,31018,764,74473,California
Stanislaus,2021-03-01,2782,108561,1593,53139,1189,55421,0,1,1651,43994,1116,32134,1655,76128,California
Stanislaus,2021-03-02,2404,110965,1422,54561,982,56403,0,1,1667,44928,733,32867,1667,77795,California
Stanislaus,2021-03-03,3775,114740,2265,56826,1507,57910,3,4,2924,47010,842,33709,2924,80719,California
Stanislaus,2021-03-04,5597,120337,3222,60048,2357,60267,18,22,4257,49956,1323,35032,4269,84988,California
Stanislaus,2021-03-05,4276,124613,1310,61358,2950,63217,16,38,3153,52012,1112,36144,3168,88156,California
Stanislaus,2021-03-06,3766,128379,2271,63629,1402,64619,93,131,2743,53828,1022,37166,2838,90994,California
Stanislaus,2021-03-07,843,129222,384,64013,422,65041,37,168,652,54332,184,37350,688,91682,California
Stanislaus,2021-03-08,2062,131284,921,64934,1053,66094,88,256,1327,55021,725,38075,1414,93096,California
Stanislaus,2021-03-09,2275,133559,945,65879,1237,67331,93,349,1696,56242,571,38646,1792,94888,California
Stanislaus,2021-03-10,5100,138659,2513,68392,2364,69695,223,572,3774,58939,1312,39958,4009,98897,California
Stanislaus,2021-03-11,5830,144489,3169,71561,2177,71872,484,1056,4241,62232,1434,41392,4727,103624,California
Stanislaus,2021-03-12,5835,150324,1239,72800,2653,74525,1943,2999,2963,64279,2858,44250,4905,108529,California
Stanislaus,2021-03-13,3479,153803,2163,74963,1249,75774,67,3066,2807,66489,669,44919,2879,111408,California
Stanislaus,2021-03-14,974,154777,582,75545,340,76114,52,3118,487,66546,485,45404,542,111950,California
Stanislaus,2021-03-15,3761,158538,1974,77519,1411,77525,376,3494,1664,66586,2008,47412,2048,113998,California
Stanislaus,2021-03-16,4997,163535,2455,79974,2100,79625,442,3936,3605,69230,1402,48814,4046,118044,California
Stanislaus,2021-03-17,4949,168484,3013,82987,1754,81379,182,4118,3107,70689,1836,50650,3295,121339,California
Stanislaus,2021-03-18,5761,174245,3548,86535,2146,83525,67,4185,3316,71762,2316,52966,3389,124728,California
Stanislaus,2021-03-19,6381,180626,1744,88279,3107,86632,1530,5715,3495,73927,2862,55828,5027,129755,California
Stanislaus,2021-03-20,4162,184788,3006,91285,1086,87718,70,5785,3680,77201,477,56305,3751,133506,California
Stanislaus,2021-03-21,992,185780,892,92177,35,87753,65,5850,758,77789,234,56539,822,134328,California
Stanislaus,2021-03-22,2852,188632,1335,93512,790,88543,727,6577,1263,78200,1578,58117,1989,136317,California
Stanislaus,2021-03-23,3984,192616,2037,95549,1685,90228,262,6839,2852,80207,1120,59237,3127,139444,California
Stanislaus,2021-03-24,4573,197189,3218,98767,1286,91514,69,6908,2671,81088,1863,61100,2744,142188,California
Stanislaus,2021-03-25,4427,201616,3027,101794,1383,92897,17,6925,1974,80700,2380,63480,1992,144180,California
Stanislaus,2021-03-26,4795,206411,1389,103183,3331,96228,75,7000,2431,80883,2335,65815,2518,146698,California
Stanislaus,2021-03-27,4412,210823,2713,105896,1676,97904,23,7023,1367,79256,3031,68846,1404,148102,California
Stanislaus,2021-03-28,1188,212011,448,106344,553,98457,187,7210,351,78977,831,69677,552,148654,California
Stanislaus,2021-03-29,3030,215041,1816,108160,1176,99633,38,7248,2027,80052,997,70674,2072,150726,California
Stanislaus,2021-03-30,3679,218720,2068,110228,1582,101215,29,7277,2250,80917,1423,72097,2288,153014,California
Stanislaus,2021-03-31,5488,224208,3863,114091,1487,102702,138,7415,2786,81168,2688,74785,2939,155953,California
Stanislaus,2021-04-01,5805,230013,3820,117911,1897,104599,88,7503,2655,80797,3140,77925,2769,158722,California
Stanislaus,2021-04-02,5077,235090,1269,119180,3646,108245,162,7665,2275,80532,2721,80646,2456,161178,California
Stanislaus,2021-04-03,4518,239608,3244,122424,1237,109482,37,7702,2207,80499,2304,82950,2271,163449,California
Stanislaus,2021-04-04,1320,240928,488,122912,805,110287,27,7729,658,80537,658,83608,696,164145,California
Stanislaus,2021-04-05,3704,244632,2516,125428,880,111167,308,8037,2374,81899,1326,84934,2688,166833,California
Stanislaus,2021-04-06,5752,250384,4167,129595,1289,112456,296,8333,3037,82534,2705,87639,3340,170173,California
Stanislaus,2021-04-07,6510,256894,3707,133302,2341,114797,462,8795,2810,82124,3686,91325,3276,173449,California
Stanislaus,2021-04-08,5889,262783,3440,136742,1969,116766,480,9275,2787,82305,3091,94416,3272,176721,California
Stanislaus,2021-04-09,4796,267579,2133,138875,2264,119030,399,9674,2093,82123,2687,97103,2505,179226,California
Stanislaus,2021-04-10,6551,274130,3914,142789,977,120007,1660,11334,1979,81202,4555,101658,3634,182860,California
Stanislaus,2021-04-11,1512,275642,852,143641,527,120534,133,11467,653,81130,858,102516,786,183646,California
Stanislaus,2021-04-12,3577,279219,2024,145665,1166,121700,387,11854,1888,81728,1684,104200,2282,185928,California
Stanislaus,2021-04-13,5216,284435,3422,149087,1782,123482,12,11866,2912,82372,2273,106473,2917,188845,California
Stanislaus,2021-04-14,4216,288651,3071,152158,1145,124627,0,11866,2082,82353,2107,108580,2088,190933,California
Stanislaus,2021-04-15,4602,293253,2833,154991,1763,126390,6,11872,2535,82882,2033,110613,2562,193495,California
Stanislaus,2021-04-16,3844,297097,835,155826,3009,129399,0,11872,1685,82455,2134,112747,1707,195202,California
Stanislaus,2021-04-17,2726,299823,1693,157519,1033,130432,0,11872,1563,82873,1158,113905,1576,196778,California
Sutter,2020-12-15,1,1,1,1,0,0,0,0,1,1,0,0,1,1,California
Sutter,2020-12-16,4,5,4,5,0,0,0,0,4,5,0,0,4,5,California
Sutter,2020-12-17,2,7,2,7,0,0,0,0,2,7,0,0,2,7,California
Sutter,2020-12-18,20,27,20,27,0,0,0,0,20,27,0,0,20,27,California
Sutter,2020-12-19,44,71,44,71,0,0,0,0,44,71,0,0,44,71,California
Sutter,2020-12-20,42,113,42,113,0,0,0,0,42,113,0,0,42,113,California
Sutter,2020-12-21,100,213,100,213,0,0,0,0,100,213,0,0,100,213,California
Sutter,2020-12-22,172,385,172,385,0,0,0,0,172,385,0,0,172,385,California
Sutter,2020-12-23,115,500,111,496,4,4,0,0,115,500,0,0,115,500,California
Sutter,2020-12-24,17,517,11,507,6,10,0,0,17,517,0,0,17,517,California
Sutter,2020-12-26,39,556,35,542,4,14,0,0,39,556,0,0,39,556,California
Sutter,2020-12-27,24,580,23,565,1,15,0,0,24,580,0,0,24,580,California
Sutter,2020-12-28,83,663,55,620,28,43,0,0,83,663,0,0,83,663,California
Sutter,2020-12-29,101,764,14,634,87,130,0,0,101,764,0,0,101,764,California
Sutter,2020-12-30,136,900,34,668,102,232,0,0,136,900,0,0,136,900,California
Sutter,2020-12-31,70,970,6,674,64,296,0,0,70,970,0,0,70,970,California
Sutter,2021-01-01,3,973,3,677,0,296,0,0,3,973,0,0,3,973,California
Sutter,2021-01-02,133,1106,131,808,2,298,0,0,133,1106,0,0,133,1106,California
Sutter,2021-01-03,1,1107,0,808,1,299,0,0,1,1107,0,0,1,1107,California
Sutter,2021-01-04,249,1356,140,948,109,408,0,0,249,1356,0,0,249,1356,California
Sutter,2021-01-05,99,1455,56,1004,43,451,0,0,97,1451,2,2,97,1453,California
Sutter,2021-01-06,205,1660,51,1055,154,605,0,0,200,1646,5,7,200,1653,California
Sutter,2021-01-07,253,1913,151,1206,102,707,0,0,244,1882,8,15,244,1897,California
Sutter,2021-01-08,147,2060,40,1246,107,814,0,0,130,1995,17,32,130,2027,California
Sutter,2021-01-09,45,2105,43,1289,2,816,0,0,4,1958,41,73,4,2031,California
Sutter,2021-01-10,397,2502,37,1326,360,1176,0,0,359,2280,37,110,359,2390,California
Sutter,2021-01-11,132,2634,114,1440,18,1194,0,0,26,2200,106,216,26,2416,California
Sutter,2021-01-12,200,2834,163,1603,37,1231,0,0,57,2114,143,359,57,2473,California
Sutter,2021-01-13,160,2994,98,1701,62,1293,0,0,71,2096,89,448,71,2544,California
Sutter,2021-01-14,144,3138,49,1750,95,1388,0,0,125,2202,19,467,125,2669,California
Sutter,2021-01-15,432,3570,130,1880,302,1690,0,0,417,2604,15,482,417,3086,California
Sutter,2021-01-16,386,3956,42,1922,344,2034,0,0,354,2927,31,513,354,3440,California
Sutter,2021-01-17,26,3982,24,1946,2,2036,0,0,10,2921,16,529,10,3450,California
Sutter,2021-01-18,116,4098,61,2007,55,2091,0,0,69,2943,47,576,69,3519,California
Sutter,2021-01-19,104,4202,43,2050,61,2152,0,0,79,2997,25,601,79,3598,California
Sutter,2021-01-20,254,4456,190,2240,64,2216,0,0,234,3211,20,621,234,3832,California
Sutter,2021-01-21,435,4891,267,2507,168,2384,0,0,416,3608,19,640,416,4248,California
Sutter,2021-01-22,269,5160,82,2589,187,2571,0,0,260,3859,9,649,260,4508,California
Sutter,2021-01-23,396,5556,40,2629,356,2927,0,0,370,4203,26,675,370,4878,California
Sutter,2021-01-24,17,5573,14,2643,3,2930,0,0,15,4216,2,677,15,4893,California
Sutter,2021-01-25,304,5877,196,2839,108,3038,0,0,151,4215,152,829,151,5044,California
Sutter,2021-01-26,243,6120,103,2942,140,3178,0,0,145,4263,97,926,145,5189,California
Sutter,2021-01-27,384,6504,254,3196,130,3308,0,0,319,4517,65,991,319,5508,California
Sutter,2021-01-28,522,7026,299,3495,223,3531,0,0,392,4780,129,1120,392,5900,California
Sutter,2021-01-29,416,7442,144,3639,272,3803,0,0,252,4868,164,1284,252,6152,California
Sutter,2021-01-30,775,8217,39,3678,736,4539,0,0,764,5621,11,1295,764,6916,California
Sutter,2021-01-31,27,8244,27,3705,0,4539,0,0,27,5648,0,1295,27,6943,California
Sutter,2021-02-01,164,8408,49,3754,115,4654,0,0,133,5750,31,1326,133,7076,California
Sutter,2021-02-02,241,8649,26,3780,215,4869,0,0,211,5931,30,1356,211,7287,California
Sutter,2021-02-03,443,9092,38,3818,405,5274,0,0,208,5904,235,1591,208,7495,California
Sutter,2021-02-04,670,9762,367,4185,303,5577,0,0,620,6474,50,1641,620,8115,California
Sutter,2021-02-05,284,10046,32,4217,252,5829,0,0,134,6458,150,1791,134,8249,California
Sutter,2021-02-06,733,10779,27,4244,706,6535,0,0,713,7151,20,1811,713,8962,California
Sutter,2021-02-07,23,10802,20,4264,3,6538,0,0,19,7166,4,1815,19,8981,California
Sutter,2021-02-08,134,10936,29,4293,105,6643,0,0,98,7228,36,1851,98,9079,California
Sutter,2021-02-09,245,11181,45,4338,200,6843,0,0,184,7351,61,1912,184,9263,California
Sutter,2021-02-10,800,11981,379,4717,421,7264,0,0,175,6902,624,2536,175,9438,California
Sutter,2021-02-11,601,12582,272,4989,329,7593,0,0,372,7045,229,2765,372,9810,California
Sutter,2021-02-12,627,13209,67,5056,560,8153,0,0,311,7040,316,3081,311,10121,California
Sutter,2021-02-13,897,14106,49,5105,848,9001,0,0,781,7705,116,3197,781,10902,California
Sutter,2021-02-14,91,14197,25,5130,66,9067,0,0,81,7776,10,3207,81,10983,California
Sutter,2021-02-15,198,14395,72,5202,126,9193,0,0,121,7820,77,3284,121,11104,California
Sutter,2021-02-16,288,14683,45,5247,243,9436,0,0,205,7943,82,3366,205,11309,California
Sutter,2021-02-17,827,15510,430,5677,397,9833,0,0,128,7372,699,4065,128,11437,California
Sutter,2021-02-18,694,16204,50,5727,644,10477,0,0,484,7647,209,4274,484,11921,California
Sutter,2021-02-19,661,16865,377,6104,284,10761,0,0,461,7910,198,4472,461,12382,California
Sutter,2021-02-20,615,17480,52,6156,563,11324,0,0,512,8319,103,4575,512,12894,California
Sutter,2021-02-21,29,17509,26,6182,3,11327,0,0,6,8302,23,4598,6,12900,California
Sutter,2021-02-22,207,17716,123,6305,84,11411,0,0,87,8269,120,4718,87,12987,California
Sutter,2021-02-23,221,17937,32,6337,189,11600,0,0,97,8242,124,4842,97,13084,California
Sutter,2021-02-24,956,18893,348,6685,608,12208,0,0,189,7665,766,5608,189,13273,California
Sutter,2021-02-25,768,19661,486,7171,282,12490,0,0,589,8078,176,5784,589,13862,California
Sutter,2021-02-26,365,20026,58,7229,307,12797,0,0,151,8017,212,5996,151,14013,California
Sutter,2021-02-27,863,20889,43,7272,820,13617,0,0,709,8570,156,6152,709,14722,California
Sutter,2021-02-28,82,20971,37,7309,45,13662,0,0,65,8618,17,6169,65,14787,California
Sutter,2021-03-01,246,21217,60,7369,186,13848,0,0,150,8672,96,6265,150,14937,California
Sutter,2021-03-02,333,21550,56,7425,277,14125,0,0,160,8660,172,6437,160,15097,California
Sutter,2021-03-03,1371,22921,502,7927,869,14994,0,0,635,8565,730,7167,635,15732,California
Sutter,2021-03-04,1248,24169,860,8787,388,15382,0,0,947,9215,297,7464,947,16679,California
Sutter,2021-03-05,333,24502,75,8862,257,15639,1,1,201,9286,131,7595,202,16881,California
Sutter,2021-03-06,1025,25527,45,8907,975,16614,5,6,864,9994,161,7756,869,17750,California
Sutter,2021-03-07,63,25590,23,8930,39,16653,1,7,43,10018,20,7776,44,17794,California
Sutter,2021-03-08,225,25815,77,9007,135,16788,13,20,156,10118,69,7845,169,17963,California
Sutter,2021-03-09,383,26198,133,9140,237,17025,13,33,180,10109,202,8047,193,18156,California
Sutter,2021-03-10,1564,27762,679,9819,824,17849,61,94,522,9653,1039,9086,583,18739,California
Sutter,2021-03-11,890,28652,437,10256,434,18283,19,113,644,10073,243,9329,663,19402,California
Sutter,2021-03-12,667,29319,108,10364,377,18660,182,295,195,9979,469,9798,375,19777,California
Sutter,2021-03-13,981,30300,750,11114,214,18874,17,312,783,10583,196,9994,800,20577,California
Sutter,2021-03-14,127,30427,20,11134,96,18970,11,323,41,10549,86,10080,52,20629,California
Sutter,2021-03-15,318,30745,66,11200,203,19173,49,372,150,10581,167,10247,199,20828,California
Sutter,2021-03-16,385,31130,86,11286,253,19426,46,418,208,10658,177,10424,254,21082,California
Sutter,2021-03-17,1473,32603,551,11837,903,20329,19,437,302,9816,1163,11587,321,21403,California
Sutter,2021-03-18,957,33560,163,12000,597,20926,197,634,572,10200,384,11971,768,22171,California
Sutter,2021-03-19,460,34020,163,12163,268,21194,29,663,283,10337,175,12146,312,22483,California
Sutter,2021-03-20,947,34967,115,12278,821,22015,11,674,860,11121,87,12233,871,23354,California
Sutter,2021-03-21,64,35031,46,12324,15,22030,3,677,35,11130,29,12262,38,23392,California
Sutter,2021-03-22,289,35320,122,12446,141,22171,26,703,213,11293,76,12338,239,23631,California
Sutter,2021-03-23,350,35670,117,12563,201,22372,32,735,238,11451,112,12450,270,23901,California
Sutter,2021-03-24,1623,37293,718,13281,836,23208,69,804,313,10535,1298,13748,382,24283,California
Sutter,2021-03-25,1012,38305,669,13950,302,23510,41,845,354,10274,656,14404,395,24678,California
Sutter,2021-03-26,482,38787,173,14123,292,23802,17,862,293,10398,186,14590,310,24988,California
Sutter,2021-03-27,930,39717,63,14186,865,24667,2,864,820,11114,106,14696,822,25810,California
Sutter,2021-03-28,126,39843,71,14257,55,24722,0,864,78,11146,46,14742,78,25888,California
Sutter,2021-03-29,422,40265,141,14398,226,24948,55,919,225,11231,195,14937,280,26168,California
Sutter,2021-03-30,474,40739,158,14556,306,25254,10,929,317,11401,157,15094,327,26495,California
Sutter,2021-03-31,1232,41971,174,14730,1041,26295,17,946,453,11100,770,15864,469,26964,California
Sutter,2021-04-01,1361,43332,720,15450,454,26749,187,1133,407,10746,949,16813,595,27559,California
Sutter,2021-04-02,489,43821,93,15543,294,27043,102,1235,200,10757,288,17101,299,27858,California
Sutter,2021-04-03,915,44736,77,15620,209,27252,629,1864,121,10715,792,17893,750,28608,California
Sutter,2021-04-04,117,44853,22,15642,89,27341,6,1870,56,10716,61,17954,62,28670,California
Sutter,2021-04-05,364,45217,142,15784,186,27527,36,1906,174,10739,187,18141,210,28880,California
Sutter,2021-04-06,483,45700,190,15974,237,27764,56,1962,254,10821,228,18369,310,29190,California
Sutter,2021-04-07,1476,47176,870,16844,531,28295,75,2037,614,10655,855,19224,689,29879,California
Sutter,2021-04-08,1028,48204,579,17423,341,28636,108,2145,564,10868,457,19681,670,30549,California
Sutter,2021-04-09,549,48753,244,17667,242,28878,63,2208,230,10844,317,19998,293,30842,California
Sutter,2021-04-10,822,49575,106,17773,88,28966,628,2836,102,10851,717,20715,724,31566,California
Sutter,2021-04-11,110,49685,26,17799,40,29006,44,2880,30,10844,80,20795,73,31639,California
Sutter,2021-04-12,330,50015,92,17891,187,29193,51,2931,138,10841,192,20987,189,31828,California
Sutter,2021-04-13,398,50413,108,17999,290,29483,0,2931,198,10842,197,21184,198,32026,California
Sutter,2021-04-14,1244,51657,133,18132,1110,30593,1,2932,204,10014,1034,22218,206,32232,California
Sutter,2021-04-15,412,52069,156,18288,256,30849,0,2932,148,9900,262,22480,148,32380,California
Sutter,2021-04-16,344,52413,103,18391,241,31090,0,2932,157,9872,185,22665,157,32537,California
Sutter,2021-04-17,457,52870,6,18397,451,31541,0,2932,426,10268,30,22695,426,32963,California
Tehama,2020-12-15,1,1,1,1,0,0,0,0,1,1,0,0,1,1,California
Tehama,2020-12-16,2,3,2,3,0,0,0,0,2,3,0,0,2,3,California
Tehama,2020-12-17,12,15,12,15,0,0,0,0,12,15,0,0,12,15,California
Tehama,2020-12-18,2,17,2,17,0,0,0,0,3,18,0,0,3,18,California
Tehama,2020-12-21,33,50,33,50,0,0,0,0,33,51,0,0,33,51,California
Tehama,2020-12-22,68,118,62,112,6,6,0,0,68,119,0,0,68,119,California
Tehama,2020-12-23,48,166,40,152,8,14,0,0,48,167,0,0,48,167,California
Tehama,2020-12-24,5,171,3,155,2,16,0,0,5,172,0,0,5,172,California
Tehama,2020-12-26,3,174,2,157,1,17,0,0,3,175,0,0,3,175,California
Tehama,2020-12-27,2,176,2,159,0,17,0,0,2,177,0,0,2,177,California
Tehama,2020-12-28,56,232,43,202,13,30,0,0,56,233,0,0,56,233,California
Tehama,2020-12-29,31,263,31,233,0,30,0,0,31,264,0,0,31,264,California
Tehama,2020-12-30,54,317,38,271,16,46,0,0,53,317,0,0,53,317,California
Tehama,2020-12-31,14,331,4,275,10,56,0,0,14,331,0,0,14,331,California
Tehama,2021-01-01,2,333,0,275,2,58,0,0,2,333,0,0,2,333,California
Tehama,2021-01-04,31,364,8,283,23,81,0,0,31,364,0,0,31,364,California
Tehama,2021-01-05,71,435,44,327,27,108,0,0,68,429,3,3,68,432,California
Tehama,2021-01-06,71,506,21,348,50,158,0,0,62,483,8,11,62,494,California
Tehama,2021-01-07,56,562,7,355,49,207,0,0,55,537,1,12,55,549,California
Tehama,2021-01-08,30,592,24,379,6,213,0,0,25,557,5,17,25,574,California
Tehama,2021-01-09,7,599,5,384,2,215,0,0,5,560,2,19,5,579,California
Tehama,2021-01-10,1,600,0,384,1,216,0,0,1,561,0,19,1,580,California
Tehama,2021-01-11,47,647,46,430,1,217,0,0,14,542,33,52,14,594,California
Tehama,2021-01-12,116,763,96,526,20,237,0,0,71,568,45,97,71,665,California
Tehama,2021-01-13,72,835,55,581,17,254,0,0,26,548,46,143,26,691,California
Tehama,2021-01-14,224,1059,50,631,174,428,0,0,222,768,2,145,222,913,California
Tehama,2021-01-15,246,1305,74,705,172,600,0,0,242,1006,4,149,242,1155,California
Tehama,2021-01-16,272,1577,27,732,245,845,0,0,269,1272,3,152,269,1424,California
Tehama,2021-01-17,13,1590,9,741,4,849,0,0,11,1281,2,154,11,1435,California
Tehama,2021-01-18,10,1600,6,747,4,853,0,0,5,1281,5,159,5,1440,California
Tehama,2021-01-19,288,1888,62,809,226,1079,0,0,233,1459,55,214,233,1673,California
Tehama,2021-01-20,301,2189,87,896,214,1293,0,0,251,1661,49,263,251,1924,California
Tehama,2021-01-21,214,2403,11,907,203,1496,0,0,204,1855,10,273,204,2128,California
Tehama,2021-01-22,214,2617,12,919,202,1698,0,0,211,2063,3,276,211,2339,California
Tehama,2021-01-23,261,2878,10,929,251,1949,0,0,260,2322,1,277,260,2599,California
Tehama,2021-01-25,30,2908,13,942,17,1966,0,0,13,2318,17,294,13,2612,California
Tehama,2021-01-26,325,3233,43,985,282,2248,0,0,287,2567,38,332,287,2899,California
Tehama,2021-01-27,299,3532,21,1006,278,2526,0,0,279,2826,20,352,279,3178,California
Tehama,2021-01-28,340,3872,29,1035,311,2837,0,0,325,3136,15,367,325,3503,California
Tehama,2021-01-29,321,4193,19,1054,302,3139,0,0,304,3423,17,384,304,3807,California
Tehama,2021-01-30,102,4295,2,1056,100,3239,0,0,101,3523,1,385,101,3908,California
Tehama,2021-01-31,1,4296,0,1056,1,3240,0,0,1,3524,0,385,1,3909,California
Tehama,2021-02-01,77,4373,22,1078,55,3295,0,0,36,3519,41,426,36,3945,California
Tehama,2021-02-02,343,4716,63,1141,280,3575,0,0,246,3671,94,520,246,4191,California
Tehama,2021-02-03,375,5091,12,1153,363,3938,0,0,331,3958,44,564,331,4522,California
Tehama,2021-02-04,462,5553,99,1252,363,4301,0,0,383,4263,79,643,384,4906,California
Tehama,2021-02-05,161,5714,73,1325,88,4389,0,0,102,4306,59,702,102,5008,California
Tehama,2021-02-06,28,5742,13,1338,15,4404,0,0,16,4310,12,714,16,5024,California
Tehama,2021-02-07,5,5747,4,1342,1,4405,0,0,2,4309,3,717,2,5026,California
Tehama,2021-02-08,35,5782,14,1356,21,4426,0,0,27,4328,8,725,27,5053,California
Tehama,2021-02-09,76,5858,33,1389,43,4469,0,0,42,4336,34,759,42,5095,California
Tehama,2021-02-10,233,6091,62,1451,171,4640,0,0,158,4419,75,834,158,5253,California
Tehama,2021-02-11,219,6310,16,1467,203,4843,0,0,80,4362,137,971,80,5333,California
Tehama,2021-02-12,355,6665,57,1524,298,5141,0,0,174,4355,181,1152,174,5507,California
Tehama,2021-02-13,386,7051,13,1537,373,5514,0,0,147,4263,239,1391,147,5654,California
Tehama,2021-02-14,33,7084,0,1537,33,5547,0,0,32,4294,1,1392,32,5686,California
Tehama,2021-02-15,51,7135,9,1546,42,5589,0,0,45,4333,6,1398,45,5731,California
Tehama,2021-02-16,240,7375,16,1562,224,5813,0,0,58,4209,182,1580,58,5789,California
Tehama,2021-02-17,279,7654,11,1573,268,6081,0,0,53,4036,226,1806,53,5842,California
Tehama,2021-02-18,368,8022,32,1605,336,6417,0,0,144,3956,224,2030,144,5986,California
Tehama,2021-02-19,213,8235,18,1623,195,6612,0,0,42,3827,171,2201,42,6028,California
Tehama,2021-02-20,271,8506,6,1629,265,6877,0,0,26,3608,245,2446,26,6054,California
Tehama,2021-02-22,36,8542,13,1642,23,6900,0,0,24,3620,12,2458,24,6078,California
Tehama,2021-02-23,46,8588,19,1661,27,6927,0,0,26,3626,20,2478,26,6104,California
Tehama,2021-02-24,299,8887,12,1673,287,7214,0,0,26,3379,273,2751,26,6130,California
Tehama,2021-02-25,377,9264,61,1734,316,7530,0,0,37,3076,340,3091,37,6167,California
Tehama,2021-02-26,454,9718,19,1753,435,7965,0,0,70,2762,384,3475,70,6237,California
Tehama,2021-02-27,294,10012,5,1758,289,8254,0,0,34,2536,260,3735,34,6271,California
Tehama,2021-02-28,23,10035,2,1760,21,8275,0,0,20,2553,3,3738,20,6291,California
Tehama,2021-03-01,62,10097,8,1768,54,8329,0,0,28,2547,34,3772,28,6319,California
Tehama,2021-03-02,119,10216,17,1785,102,8431,0,0,29,2486,90,3862,29,6348,California
Tehama,2021-03-03,131,10347,33,1818,98,8529,0,0,48,2451,83,3945,48,6396,California
Tehama,2021-03-04,587,10934,22,1840,565,9094,0,0,218,2306,363,4308,218,6614,California
Tehama,2021-03-05,383,11317,18,1858,365,9459,0,0,214,2352,168,4476,214,6828,California
Tehama,2021-03-06,295,11612,17,1875,278,9737,0,0,80,2219,214,4690,81,6909,California
Tehama,2021-03-07,5,11617,1,1876,4,9741,0,0,3,2221,1,4691,3,6912,California
Tehama,2021-03-08,57,11674,12,1888,30,9771,15,15,26,2232,30,4721,41,6953,California
Tehama,2021-03-09,360,12034,5,1893,336,10107,19,34,305,2501,55,4776,324,7277,California
Tehama,2021-03-10,349,12383,11,1904,317,10424,21,55,68,2310,280,5056,89,7366,California
Tehama,2021-03-11,481,12864,14,1918,421,10845,46,101,339,2553,142,5198,385,7751,California
Tehama,2021-03-12,289,13153,17,1935,207,11052,65,166,165,2659,124,5322,230,7981,California
Tehama,2021-03-13,45,13198,8,1943,31,11083,6,172,6,2632,39,5361,12,7993,California
Tehama,2021-03-14,43,13241,3,1946,29,11112,11,183,2,2604,41,5402,13,8006,California
Tehama,2021-03-15,154,13395,21,1967,113,11225,20,203,87,2644,67,5469,107,8113,California
Tehama,2021-03-16,402,13797,14,1981,350,11575,38,241,303,2887,98,5567,341,8454,California
Tehama,2021-03-17,415,14212,22,2003,361,11936,32,273,330,3166,83,5650,362,8816,California
Tehama,2021-03-18,482,14694,25,2028,433,12369,24,297,304,3318,176,5826,328,9144,California
Tehama,2021-03-19,302,14996,23,2051,266,12635,13,310,260,3549,42,5868,273,9417,California
Tehama,2021-03-20,41,15037,8,2059,31,12666,2,312,29,3568,12,5880,31,9448,California
Tehama,2021-03-21,12,15049,5,2064,7,12673,0,312,12,3580,0,5880,12,9460,California
Tehama,2021-03-22,90,15139,7,2071,66,12739,17,329,49,3605,41,5921,66,9526,California
Tehama,2021-03-23,85,15224,24,2095,54,12793,7,336,66,3659,19,5940,73,9599,California
Tehama,2021-03-24,82,15306,15,2110,64,12857,3,339,53,3686,29,5969,56,9655,California
Tehama,2021-03-25,501,15807,340,2450,148,13005,13,352,454,4107,47,6016,468,10123,California
Tehama,2021-03-26,463,16270,355,2805,96,13101,12,364,388,4432,75,6091,400,10523,California
Tehama,2021-03-27,436,16706,347,3152,68,13169,21,385,373,4764,62,6153,394,10917,California
Tehama,2021-03-28,34,16740,13,3165,21,13190,0,385,22,4774,12,6165,22,10939,California
Tehama,2021-03-29,119,16859,30,3195,89,13279,0,385,75,4806,43,6208,75,11014,California
Tehama,2021-03-30,353,17212,205,3400,146,13425,2,387,239,4933,114,6322,241,11255,California
Tehama,2021-03-31,377,17589,276,3676,98,13523,3,390,303,5166,73,6395,306,11561,California
Tehama,2021-04-01,512,18101,237,3913,269,13792,6,396,381,5422,131,6526,387,11948,California
Tehama,2021-04-02,442,18543,204,4117,232,14024,6,402,257,5500,185,6711,263,12211,California
Tehama,2021-04-03,61,18604,3,4120,53,14077,5,407,30,5504,31,6742,35,12246,California
Tehama,2021-04-04,34,18638,6,4126,27,14104,1,408,22,5515,12,6754,23,12269,California
Tehama,2021-04-05,114,18752,20,4146,68,14172,26,434,59,5545,55,6809,85,12354,California
Tehama,2021-04-06,480,19232,105,4251,324,14496,51,485,133,5382,347,7156,184,12538,California
Tehama,2021-04-07,417,19649,279,4530,94,14590,44,529,304,5618,111,7267,347,12885,California
Tehama,2021-04-08,594,20243,172,4702,384,14974,38,567,227,5517,366,7633,265,13150,California
Tehama,2021-04-09,389,20632,170,4872,188,15162,31,598,198,5557,189,7822,229,13379,California
Tehama,2021-04-10,73,20705,9,4881,37,15199,27,625,39,5589,34,7856,66,13445,California
Tehama,2021-04-11,25,20730,7,4888,7,15206,11,636,8,5591,17,7873,19,13464,California
Tehama,2021-04-12,101,20831,5,4893,79,15285,17,653,41,5589,60,7933,58,13522,California
Tehama,2021-04-13,288,21119,52,4945,235,15520,1,654,58,5418,230,8163,59,13581,California
Tehama,2021-04-14,419,21538,43,4988,376,15896,0,654,52,5103,367,8530,52,13633,California
Tehama,2021-04-15,450,21988,164,5152,286,16182,0,654,82,4819,368,8898,84,13717,California
Tehama,2021-04-16,557,22545,311,5463,246,16428,0,654,103,4468,454,9352,103,13820,California
Tehama,2021-04-17,318,22863,258,5721,60,16488,0,654,33,4217,284,9636,33,13853,California
Trinity,2020-12-17,4,4,4,4,0,0,0,0,4,4,0,0,4,4,California
Trinity,2020-12-18,2,6,2,6,0,0,0,0,2,6,0,0,2,6,California
Trinity,2020-12-21,38,44,38,44,0,0,0,0,38,44,0,0,38,44,California
Trinity,2020-12-22,5,49,5,49,0,0,0,0,5,49,0,0,5,49,California
Trinity,2020-12-23,5,54,5,54,0,0,0,0,5,54,0,0,5,54,California
Trinity,2020-12-28,30,84,30,84,0,0,0,0,30,84,0,0,30,84,California
Trinity,2020-12-29,8,92,7,91,1,1,0,0,8,92,0,0,8,92,California
Trinity,2020-12-30,10,102,8,99,2,3,0,0,10,102,0,0,10,102,California
Trinity,2020-12-31,2,104,1,100,1,4,0,0,2,104,0,0,2,104,California
Trinity,2021-01-04,27,131,0,100,27,31,0,0,26,130,0,0,26,130,California
Trinity,2021-01-05,2,133,1,101,1,32,0,0,2,132,0,0,2,132,California
Trinity,2021-01-06,23,156,4,105,19,51,0,0,19,147,4,4,19,151,California
Trinity,2021-01-08,49,205,2,107,47,98,0,0,48,193,2,6,48,199,California
Trinity,2021-01-11,39,244,38,145,1,99,0,0,2,158,37,43,2,201,California
Trinity,2021-01-12,9,253,7,152,2,101,0,0,4,157,5,48,4,205,California
Trinity,2021-01-13,7,260,4,156,3,104,0,0,4,158,3,51,4,209,California
Trinity,2021-01-14,3,263,1,157,2,106,0,0,3,161,0,51,3,212,California
Trinity,2021-01-16,4,267,0,157,4,110,0,0,4,165,0,51,4,216,California
Trinity,2021-01-18,31,298,31,188,0,110,0,0,1,136,30,81,1,217,California
Trinity,2021-01-19,31,329,14,202,17,127,0,0,17,139,14,95,17,234,California
Trinity,2021-01-20,19,348,3,205,16,143,0,0,17,154,2,97,17,251,California
Trinity,2021-01-21,17,365,7,212,10,153,0,0,17,171,0,97,17,268,California
Trinity,2021-01-22,5,370,1,213,4,157,0,0,5,176,0,97,5,273,California
Trinity,2021-01-23,7,377,3,216,4,161,0,0,7,183,0,97,7,280,California
Trinity,2021-01-25,14,391,1,217,13,174,0,0,13,195,1,98,13,293,California
Trinity,2021-01-26,10,401,1,218,9,183,0,0,9,203,1,99,9,302,California
Trinity,2021-01-27,12,413,0,218,12,195,0,0,12,215,0,99,12,314,California
Trinity,2021-01-28,13,426,3,221,10,205,0,0,10,222,3,102,10,324,California
Trinity,2021-01-29,3,429,1,222,2,207,0,0,2,223,1,103,2,326,California
Trinity,2021-01-30,12,441,11,233,1,208,0,0,12,235,0,103,12,338,California
Trinity,2021-02-01,2,443,1,234,1,209,0,0,1,235,1,104,1,339,California
Trinity,2021-02-02,13,456,3,237,10,219,0,0,13,248,0,104,13,352,California
Trinity,2021-02-03,6,462,1,238,5,224,0,0,3,248,3,107,3,355,California
Trinity,2021-02-04,36,498,32,270,4,228,0,0,34,280,2,109,34,389,California
Trinity,2021-02-05,348,846,0,270,348,576,0,0,318,568,30,139,318,707,California
Trinity,2021-02-06,209,1055,5,275,204,780,0,0,202,763,7,146,202,909,California
Trinity,2021-02-07,1,1056,0,275,1,781,0,0,1,764,0,146,1,910,California
Trinity,2021-02-08,23,1079,0,275,23,804,0,0,15,771,8,154,15,925,California
Trinity,2021-02-09,21,1100,2,277,19,823,0,0,6,762,15,169,6,931,California
Trinity,2021-02-10,123,1223,10,287,113,936,0,0,103,845,20,189,103,1034,California
Trinity,2021-02-11,335,1558,2,289,333,1269,0,0,329,1168,6,195,329,1363,California
Trinity,2021-02-12,9,1567,6,295,3,1272,0,0,9,1177,0,195,9,1372,California
Trinity,2021-02-13,12,1579,5,300,7,1279,0,0,5,1175,7,202,5,1377,California
Trinity,2021-02-14,2,1581,2,302,0,1279,0,0,2,1177,0,202,2,1379,California
Trinity,2021-02-15,46,1627,0,302,46,1325,0,0,46,1223,0,202,46,1425,California
Trinity,2021-02-16,7,1634,2,304,5,1330,0,0,4,1224,3,205,4,1429,California
Trinity,2021-02-17,94,1728,2,306,92,1422,0,0,84,1298,10,215,84,1513,California
Trinity,2021-02-18,4,1732,0,306,4,1426,0,0,1,1296,3,218,1,1514,California
Trinity,2021-02-19,210,1942,2,308,208,1634,0,0,197,1480,13,231,197,1711,California
Trinity,2021-02-20,141,2083,14,322,127,1761,0,0,113,1565,28,259,113,1824,California
Trinity,2021-02-22,3,2086,0,322,3,1764,0,0,0,1562,3,262,0,1824,California
Trinity,2021-02-23,8,2094,4,326,4,1768,0,0,3,1560,5,267,3,1827,California
Trinity,2021-02-24,30,2124,8,334,22,1790,0,0,7,1544,23,290,7,1834,California
Trinity,2021-02-25,36,2160,23,357,13,1803,0,0,5,1518,31,321,5,1839,California
Trinity,2021-02-26,11,2171,1,358,10,1813,0,0,5,1517,6,327,5,1844,California
Trinity,2021-02-27,9,2180,7,365,2,1815,0,0,4,1516,5,332,4,1848,California
Trinity,2021-03-01,8,2188,0,365,8,1823,0,0,5,1518,3,335,5,1853,California
Trinity,2021-03-02,8,2196,3,368,5,1828,0,0,1,1512,7,342,1,1854,California
Trinity,2021-03-03,5,2201,0,368,5,1833,0,0,4,1515,1,343,4,1858,California
Trinity,2021-03-04,15,2216,10,378,5,1838,0,0,13,1526,2,345,13,1871,California
Trinity,2021-03-05,298,2514,1,379,297,2135,0,0,35,1302,259,604,35,1906,California
Trinity,2021-03-06,186,2700,6,385,180,2315,0,0,20,1156,166,770,20,1926,California
Trinity,2021-03-07,3,2703,3,388,0,2315,0,0,2,1157,1,771,2,1928,California
Trinity,2021-03-08,3,2706,0,388,2,2317,1,1,1,1157,2,773,2,1930,California
Trinity,2021-03-09,93,2799,0,388,91,2408,2,3,89,1244,4,777,91,2021,California
Trinity,2021-03-10,127,2926,3,391,121,2529,3,6,38,1196,89,866,41,2062,California
Trinity,2021-03-11,7,2933,3,394,2,2531,2,8,3,1197,4,870,5,2067,California
Trinity,2021-03-12,335,3268,2,396,327,2858,6,14,45,958,290,1160,51,2118,California
Trinity,2021-03-13,13,3281,8,404,3,2861,2,16,8,963,5,1165,10,2128,California
Trinity,2021-03-15,66,3347,0,404,65,2926,1,17,14,926,52,1217,15,2143,California
Trinity,2021-03-16,114,3461,6,410,108,3034,0,17,100,1012,14,1231,100,2243,California
Trinity,2021-03-17,100,3561,3,413,97,3131,0,17,26,964,74,1305,26,2269,California
Trinity,2021-03-18,10,3571,2,415,5,3136,3,20,5,967,5,1310,8,2277,California
Trinity,2021-03-19,359,3930,5,420,246,3382,108,128,28,772,331,1641,136,2413,California
Trinity,2021-03-20,103,4033,7,427,96,3478,0,128,68,805,35,1676,68,2481,California
Trinity,2021-03-21,3,4036,0,427,2,3480,1,129,2,807,1,1677,3,2484,California
Trinity,2021-03-22,2,4038,0,427,2,3482,0,129,2,809,0,1677,2,2486,California
Trinity,2021-03-23,96,4134,1,428,95,3577,0,129,79,871,17,1694,79,2565,California
Trinity,2021-03-24,9,4143,1,429,8,3585,0,129,9,880,0,1694,9,2574,California
Trinity,2021-03-25,105,4248,6,435,93,3678,6,135,82,945,23,1717,88,2662,California
Trinity,2021-03-26,15,4263,2,437,13,3691,0,135,9,948,6,1723,9,2671,California
Trinity,2021-03-27,15,4278,3,440,3,3694,9,144,5,952,10,1733,14,2685,California
Trinity,2021-03-28,6,4284,4,444,2,3696,0,144,1,948,5,1738,1,2686,California
Trinity,2021-03-29,4,4288,0,444,4,3700,0,144,1,946,3,1741,1,2687,California
Trinity,2021-03-30,75,4363,4,448,71,3771,0,144,67,1005,8,1749,67,2754,California
Trinity,2021-03-31,56,4419,5,453,19,3790,32,176,21,1022,35,1784,52,2806,California
Trinity,2021-04-01,38,4457,11,464,16,3806,11,187,19,1033,19,1803,30,2836,California
Trinity,2021-04-02,163,4620,6,470,83,3889,74,261,69,1083,93,1896,143,2979,California
Trinity,2021-04-03,19,4639,14,484,5,3894,0,261,9,1082,10,1906,9,2988,California
Trinity,2021-04-04,10,4649,8,492,2,3896,0,261,10,1092,0,1906,10,2998,California
Trinity,2021-04-05,58,4707,6,498,51,3947,1,262,54,1143,4,1910,55,3053,California
Trinity,2021-04-06,109,4816,12,510,94,4041,3,265,22,1081,87,1997,25,3078,California
Trinity,2021-04-07,21,4837,12,522,4,4045,5,270,14,1093,7,2004,19,3097,California
Trinity,2021-04-08,86,4923,10,532,74,4119,2,272,50,1109,36,2040,52,3149,California
Trinity,2021-04-09,116,5039,20,552,91,4210,5,277,84,1166,32,2072,89,3238,California
Trinity,2021-04-10,11,5050,7,559,4,4214,0,277,10,1175,1,2073,10,3248,California
Trinity,2021-04-11,8,5058,5,564,1,4215,2,279,4,1177,4,2077,6,3254,California
Trinity,2021-04-12,77,5135,5,569,71,4286,1,280,64,1229,12,2089,64,3318,California
Trinity,2021-04-13,96,5231,4,573,92,4378,0,280,10,1153,86,2175,10,3328,California
Trinity,2021-04-14,12,5243,7,580,5,4383,0,280,8,1157,4,2179,8,3336,California
Trinity,2021-04-15,15,5258,13,593,2,4385,0,280,9,1160,6,2185,9,3345,California
Trinity,2021-04-16,105,5363,9,602,96,4481,0,280,42,1139,63,2248,42,3387,California
Trinity,2021-04-17,5,5368,3,605,2,4483,0,280,4,1142,1,2249,4,3391,California
Tulare,2020-12-16,3,3,3,3,0,0,0,0,3,3,0,0,3,3,California
Tulare,2020-12-17,110,113,110,113,0,0,0,0,110,113,0,0,110,113,California
Tulare,2020-12-18,290,403,290,403,0,0,0,0,290,403,0,0,290,403,California
Tulare,2020-12-19,327,730,327,730,0,0,0,0,327,730,0,0,327,730,California
Tulare,2020-12-20,167,897,166,896,1,1,0,0,167,897,0,0,167,897,California
Tulare,2020-12-21,422,1319,422,1318,0,1,0,0,442,1339,0,0,442,1339,California
Tulare,2020-12-22,469,1788,467,1785,2,3,0,0,468,1807,0,0,468,1807,California
Tulare,2020-12-23,328,2116,320,2105,8,11,0,0,326,2133,0,0,326,2133,California
Tulare,2020-12-24,18,2134,16,2121,2,13,0,0,18,2151,0,0,18,2151,California
Tulare,2020-12-26,8,2142,7,2128,1,14,0,0,8,2159,0,0,8,2159,California
Tulare,2020-12-27,16,2158,12,2140,4,18,0,0,16,2175,0,0,16,2175,California
Tulare,2020-12-28,483,2641,471,2611,12,30,0,0,482,2657,0,0,482,2657,California
Tulare,2020-12-29,545,3186,478,3089,67,97,0,0,545,3202,0,0,545,3202,California
Tulare,2020-12-30,473,3659,434,3523,39,136,0,0,473,3675,0,0,473,3675,California
Tulare,2020-12-31,94,3753,22,3545,72,208,0,0,94,3769,0,0,94,3769,California
Tulare,2021-01-01,1,3754,0,3545,1,209,0,0,1,3770,0,0,1,3770,California
Tulare,2021-01-02,28,3782,17,3562,11,220,0,0,28,3798,0,0,28,3798,California
Tulare,2021-01-03,23,3805,9,3571,14,234,0,0,23,3821,0,0,23,3821,California
Tulare,2021-01-04,91,3896,16,3587,75,309,0,0,91,3912,0,0,91,3912,California
Tulare,2021-01-05,460,4356,278,3865,182,491,0,0,458,4368,2,2,458,4370,California
Tulare,2021-01-06,866,5222,637,4502,229,720,0,0,856,5214,10,12,856,5226,California
Tulare,2021-01-07,784,6006,586,5088,198,918,0,0,678,5786,106,118,678,5904,California
Tulare,2021-01-08,1262,7268,574,5662,688,1606,0,0,924,6373,337,455,924,6828,California
Tulare,2021-01-09,741,8009,203,5865,538,2144,0,0,554,6740,187,642,554,7382,California
Tulare,2021-01-10,49,8058,43,5908,6,2150,0,0,10,6711,39,681,10,7392,California
Tulare,2021-01-11,1203,9261,766,6674,437,2587,0,0,768,7044,435,1116,768,8160,California
Tulare,2021-01-12,1400,10661,487,7161,913,3500,0,0,993,7632,406,1522,994,9154,California
Tulare,2021-01-13,457,11118,228,7389,229,3729,0,0,382,7939,75,1597,382,9536,California
Tulare,2021-01-14,492,11610,141,7530,351,4080,0,0,466,8390,15,1612,466,10002,California
Tulare,2021-01-15,1618,13228,151,7681,1467,5547,0,0,1609,9990,9,1621,1609,11611,California
Tulare,2021-01-16,1899,15127,114,7795,1785,7332,0,0,1885,11861,14,1635,1885,13496,California
Tulare,2021-01-17,140,15267,121,7916,19,7351,0,0,130,11981,10,1645,130,13626,California
Tulare,2021-01-18,694,15961,661,8577,33,7384,0,0,294,11875,400,2045,294,13920,California
Tulare,2021-01-19,1006,16967,683,9260,323,7707,0,0,578,12025,428,2473,578,14498,California
Tulare,2021-01-20,2376,19343,563,9823,1813,9520,0,0,1991,13631,385,2858,1991,16489,California
Tulare,2021-01-21,1505,20848,150,9973,1355,10875,0,0,1479,15089,21,2879,1479,17968,California
Tulare,2021-01-22,1055,21903,186,10159,869,11744,0,0,1031,16097,23,2902,1031,18999,California
Tulare,2021-01-23,437,22340,156,10315,281,12025,0,0,416,16492,21,2923,416,19415,California
Tulare,2021-01-24,30,22370,27,10342,3,12028,0,0,28,16518,2,2925,28,19443,California
Tulare,2021-01-25,1325,23695,980,11322,345,12373,0,0,1296,17785,29,2954,1296,20739,California
Tulare,2021-01-26,1497,25192,1099,12421,398,12771,0,0,1174,18637,322,3276,1174,21913,California
Tulare,2021-01-27,1455,26647,1070,13491,385,13156,0,0,877,18936,578,3854,877,22790,California
Tulare,2021-01-28,1198,27845,768,14259,430,13586,0,0,802,19342,396,4250,802,23592,California
Tulare,2021-01-29,1128,28973,719,14978,409,13995,0,0,818,19850,310,4560,818,24410,California
Tulare,2021-01-30,1670,30643,1577,16555,93,14088,0,0,1646,21473,24,4584,1647,26057,California
Tulare,2021-01-31,51,30694,47,16602,4,14092,0,0,48,21518,3,4587,48,26105,California
Tulare,2021-02-01,1180,31874,915,17517,265,14357,0,0,831,22001,348,4935,831,26936,California
Tulare,2021-02-02,674,32548,327,17844,347,14704,0,0,443,22216,229,5164,444,27380,California
Tulare,2021-02-03,611,33159,285,18129,326,15030,0,0,335,22277,274,5438,335,27715,California
Tulare,2021-02-04,551,33710,164,18293,387,15417,0,0,266,22259,285,5723,267,27982,California
Tulare,2021-02-05,1229,34939,232,18525,997,16414,0,0,417,21866,810,6533,417,28399,California
Tulare,2021-02-06,835,35774,158,18683,677,17091,0,0,269,21571,564,7097,269,28668,California
Tulare,2021-02-07,78,35852,66,18749,12,17103,0,0,23,21539,55,7152,23,28691,California
Tulare,2021-02-08,941,36793,327,19076,614,17717,0,0,300,21201,638,7790,300,28991,California
Tulare,2021-02-09,1403,38196,326,19402,1077,18794,0,0,360,20523,1038,8828,360,29351,California
Tulare,2021-02-10,2470,40666,1987,21389,483,19277,0,0,2070,22196,397,9225,2070,31421,California
Tulare,2021-02-11,1322,41988,376,21765,946,20223,0,0,938,22750,384,9609,938,32359,California
Tulare,2021-02-12,2778,44766,577,22342,2201,22424,0,0,1217,22413,1554,11163,1217,33576,California
Tulare,2021-02-13,2479,47245,157,22499,2322,24746,0,0,668,21273,1808,12971,668,34244,California
Tulare,2021-02-14,332,47577,36,22535,296,25042,0,0,299,21539,33,13004,299,34543,California
Tulare,2021-02-15,914,48491,291,22826,623,25665,0,0,657,21940,256,13260,657,35200,California
Tulare,2021-02-16,2832,51323,1596,24422,1236,26901,0,0,1080,21268,1752,15012,1080,36280,California
Tulare,2021-02-17,2697,54020,509,24931,2188,29089,0,0,462,19500,2230,17242,462,36742,California
Tulare,2021-02-18,2299,56319,456,25387,1843,30932,0,0,639,18487,1652,18894,639,37381,California
Tulare,2021-02-19,2294,58613,854,26241,1440,32372,0,0,943,18081,1349,20243,943,38324,California
Tulare,2021-02-20,2990,61603,1892,28133,1098,33470,0,0,1270,17636,1715,21958,1270,39594,California
Tulare,2021-02-21,95,61698,91,28224,4,33474,0,0,60,17661,35,21993,60,39654,California
Tulare,2021-02-22,1105,62803,701,28925,404,33878,0,0,212,16981,892,22885,212,39866,California
Tulare,2021-02-23,1944,64747,939,29864,1005,34883,0,0,1455,17948,488,23373,1455,41321,California
Tulare,2021-02-24,2469,67216,1545,31409,924,35807,0,0,2091,19663,377,23750,2092,43413,California
Tulare,2021-02-25,3485,70701,1948,33357,1537,37344,0,0,3069,22320,412,24162,3069,46482,California
Tulare,2021-02-26,3834,74535,1878,35235,1956,39300,0,0,3374,25236,458,24620,3374,49856,California
Tulare,2021-02-27,2893,77428,1386,36621,1507,40807,0,0,2762,27878,120,24740,2762,52618,California
Tulare,2021-02-28,1305,78733,1033,37654,272,41079,0,0,1285,29146,17,24757,1285,53903,California
Tulare,2021-03-01,1736,80469,771,38425,965,42044,0,0,1552,30516,182,24939,1552,55455,California
Tulare,2021-03-02,2673,83142,1187,39612,1486,43530,0,0,2510,32866,161,25100,2511,57966,California
Tulare,2021-03-03,3804,86946,2492,42104,1312,44842,0,0,1856,32778,1946,27046,1858,59824,California
Tulare,2021-03-04,2854,89800,1289,43393,1565,46407,0,0,2541,35009,310,27356,2541,62365,California
Tulare,2021-03-05,3279,93079,1690,45083,1574,47981,15,15,2776,37302,500,27856,2793,65158,California
Tulare,2021-03-06,3057,96136,1432,46515,1566,49547,59,74,2809,39923,245,28101,2866,68024,California
Tulare,2021-03-07,1094,97230,683,47198,390,49937,21,95,1054,40958,40,28141,1075,69099,California
Tulare,2021-03-08,1662,98892,976,48174,518,50455,168,263,1349,42164,310,28451,1516,70615,California
Tulare,2021-03-09,2918,101810,1930,50104,841,51296,147,410,2535,44462,383,28834,2681,73296,California
Tulare,2021-03-10,2787,104597,1383,51487,1229,52525,175,585,2408,46672,371,29205,2581,75877,California
Tulare,2021-03-11,4132,108729,1961,53448,1870,54395,301,886,3195,49234,934,30139,3496,79373,California
Tulare,2021-03-12,4334,113063,2376,55824,1610,56005,348,1234,3065,51389,1260,31399,3415,82788,California
Tulare,2021-03-13,3998,117061,1844,57668,2049,58054,105,1339,3070,53641,923,32322,3175,85963,California
Tulare,2021-03-14,1800,118861,973,58641,608,58662,219,1558,1273,54606,526,32848,1491,87454,California
Tulare,2021-03-15,2697,121558,1581,60222,1001,59663,115,1673,1926,55879,769,33617,2042,89496,California
Tulare,2021-03-16,3406,124964,2106,62328,1223,60886,77,1750,1865,56286,1538,35155,1945,91441,California
Tulare,2021-03-17,3989,128953,2592,64920,1320,62206,77,1827,2252,56891,1731,36886,2336,93777,California
Tulare,2021-03-18,4479,133432,3268,68188,1140,63346,71,1898,2372,57236,2100,38986,2445,96222,California
Tulare,2021-03-19,5020,138452,3293,71481,1531,64877,196,2094,2682,57791,2325,41311,2880,99102,California
Tulare,2021-03-20,4294,142746,2636,74117,1286,66163,372,2466,1991,57861,2296,43607,2366,101468,California
Tulare,2021-03-21,1861,144607,1590,75707,245,66408,26,2492,957,57943,901,44508,983,102451,California
Tulare,2021-03-22,2469,147076,1696,77403,662,67070,111,2603,1650,58893,813,45321,1763,104214,California
Tulare,2021-03-23,3637,150713,2059,79462,1528,68598,50,2653,2014,59351,1612,46933,2070,106284,California
Tulare,2021-03-24,3089,153802,1900,81362,1147,69745,42,2695,1809,59928,1274,48207,1851,108135,California
Tulare,2021-03-25,3373,157175,1730,83092,1469,71214,174,2869,1650,60037,1717,49924,1826,109961,California
Tulare,2021-03-26,5074,162249,3000,86092,1965,73179,109,2978,2470,60031,2585,52509,2579,112540,California
Tulare,2021-03-27,3398,165647,1724,87816,1577,74756,97,3075,919,58575,2471,54980,1015,113555,California
Tulare,2021-03-28,1411,167058,1017,88833,363,75119,31,3106,653,58508,757,55737,690,114245,California
Tulare,2021-03-29,2838,169896,1619,90452,1107,76226,112,3218,1212,58212,1622,57359,1326,115571,California
Tulare,2021-03-30,4526,174422,2576,93028,1720,77946,230,3448,1627,57172,2893,60252,1853,117424,California
Tulare,2021-03-31,3707,178129,2165,95193,1432,79378,110,3558,1526,56637,2173,62425,1638,119062,California
Tulare,2021-04-01,4301,182430,2319,97512,1918,81296,64,3622,1507,55423,2786,65211,1572,120634,California
Tulare,2021-04-02,5131,187561,2916,100428,2097,83393,118,3740,1651,53728,3465,68676,1770,122404,California
Tulare,2021-04-03,3435,190996,2001,102429,1123,84516,311,4051,848,52337,2550,71226,1159,123563,California
Tulare,2021-04-04,1577,192573,1116,103545,454,84970,7,4058,378,51525,1197,72423,385,123948,California
Tulare,2021-04-05,3276,195849,2298,105843,716,85686,262,4320,857,50236,2409,74832,1120,125068,California
Tulare,2021-04-06,3271,199120,1466,107309,1322,87008,483,4803,936,49328,2331,77163,1423,126491,California
Tulare,2021-04-07,3726,202846,1801,109110,1511,88519,414,5217,1231,48477,2488,79651,1637,128128,California
Tulare,2021-04-08,4512,207358,2582,111692,1474,89993,456,5673,1533,47491,2972,82623,1986,130114,California
Tulare,2021-04-09,4297,211655,2657,114349,1228,91221,412,6085,1656,46924,2636,85259,2069,132183,California
Tulare,2021-04-10,3785,215440,2036,116385,1434,92655,315,6400,1032,45523,2746,88005,1345,133528,California
Tulare,2021-04-11,1575,217015,1034,117419,469,93124,72,6472,597,45217,975,88980,669,134197,California
Tulare,2021-04-12,3132,220147,1964,119383,659,93783,509,6981,1055,44721,2061,91041,1565,135762,California
Tulare,2021-04-13,2309,222456,1505,120888,794,94577,10,6991,917,44265,1385,92426,929,136691,California
Tulare,2021-04-14,2345,224801,1338,122226,1007,95584,0,6991,820,43562,1524,93950,821,137512,California
Tulare,2021-04-15,2423,227224,1715,123941,708,96292,0,6991,1213,43571,1204,95154,1213,138725,California
Tulare,2021-04-16,2906,230130,2049,125990,857,97149,0,6991,1295,43264,1602,96756,1295,140020,California
Tulare,2021-04-17,1225,231355,791,126781,434,97583,0,6991,747,43537,475,97231,748,140768,California
Tuolumne,2020-12-16,46,46,46,46,0,0,0,0,46,46,0,0,46,46,California
Tuolumne,2020-12-17,22,68,22,68,0,0,0,0,22,68,0,0,22,68,California
Tuolumne,2020-12-18,174,242,173,241,1,1,0,0,174,242,0,0,174,242,California
Tuolumne,2020-12-19,7,249,7,248,0,1,0,0,7,249,0,0,7,249,California
Tuolumne,2020-12-20,1,250,1,249,0,1,0,0,1,250,0,0,1,250,California
Tuolumne,2020-12-21,116,366,102,351,14,15,0,0,116,366,0,0,116,366,California
Tuolumne,2020-12-22,169,535,169,520,0,15,0,0,169,535,0,0,169,535,California
Tuolumne,2020-12-23,193,728,191,711,2,17,0,0,193,728,0,0,193,728,California
Tuolumne,2020-12-26,3,731,3,714,0,17,0,0,3,731,0,0,3,731,California
Tuolumne,2020-12-28,78,809,77,791,1,18,0,0,78,809,0,0,78,809,California
Tuolumne,2020-12-29,111,920,40,831,71,89,0,0,111,920,0,0,111,920,California
Tuolumne,2020-12-30,82,1002,22,853,60,149,0,0,82,1002,0,0,82,1002,California
Tuolumne,2020-12-31,27,1029,20,873,7,156,0,0,27,1029,0,0,27,1029,California
Tuolumne,2021-01-01,6,1035,5,878,1,157,0,0,6,1035,0,0,6,1035,California
Tuolumne,2021-01-02,118,1153,115,993,3,160,0,0,118,1153,0,0,118,1153,California
Tuolumne,2021-01-03,3,1156,2,995,1,161,0,0,3,1156,0,0,3,1156,California
Tuolumne,2021-01-04,70,1226,27,1022,43,204,0,0,70,1226,0,0,70,1226,California
Tuolumne,2021-01-05,95,1321,26,1048,69,273,0,0,93,1317,2,2,93,1319,California
Tuolumne,2021-01-06,112,1433,52,1100,60,333,0,0,68,1341,44,46,68,1387,California
Tuolumne,2021-01-07,119,1552,61,1161,58,391,0,0,65,1352,54,100,65,1452,California
Tuolumne,2021-01-08,177,1729,153,1314,24,415,0,0,26,1230,150,250,28,1480,California
Tuolumne,2021-01-09,2,1731,1,1315,1,416,0,0,1,1231,1,251,2,1482,California
Tuolumne,2021-01-10,3,1734,1,1316,2,418,0,0,3,1234,0,251,3,1485,California
Tuolumne,2021-01-11,116,1850,90,1406,26,444,0,0,33,1184,83,334,33,1518,California
Tuolumne,2021-01-12,103,1953,87,1493,16,460,0,0,17,1116,86,420,18,1536,California
Tuolumne,2021-01-13,239,2192,129,1622,110,570,0,0,185,1248,54,474,186,1722,California
Tuolumne,2021-01-14,129,2321,91,1713,38,608,0,0,42,1204,86,560,42,1764,California
Tuolumne,2021-01-15,475,2796,73,1786,402,1010,0,0,412,1555,62,622,413,2177,California
Tuolumne,2021-01-16,7,2803,3,1789,4,1014,0,0,6,1560,1,623,6,2183,California
Tuolumne,2021-01-17,5,2808,2,1791,3,1017,0,0,5,1565,0,623,5,2188,California
Tuolumne,2021-01-18,47,2855,39,1830,8,1025,0,0,9,1537,37,660,9,2197,California
Tuolumne,2021-01-19,474,3329,72,1902,402,1427,0,0,430,1923,44,704,430,2627,California
Tuolumne,2021-01-20,77,3406,60,1962,17,1444,0,0,24,1894,53,757,24,2651,California
Tuolumne,2021-01-21,56,3462,22,1984,34,1478,0,0,41,1920,15,772,41,2692,California
Tuolumne,2021-01-22,181,3643,13,1997,168,1646,0,0,175,2089,6,778,175,2867,California
Tuolumne,2021-01-23,664,4307,146,2143,518,2164,0,0,551,2537,113,891,561,3428,California
Tuolumne,2021-01-24,523,4830,1,2144,522,2686,0,0,519,3054,3,894,520,3948,California
Tuolumne,2021-01-25,48,4878,27,2171,21,2707,0,0,22,3051,26,920,23,3971,California
Tuolumne,2021-01-26,80,4958,68,2239,12,2719,0,0,40,3052,40,960,41,4012,California
Tuolumne,2021-01-27,61,5019,4,2243,57,2776,0,0,7,3006,53,1013,7,4019,California
Tuolumne,2021-01-28,27,5046,7,2250,20,2796,0,0,18,3015,9,1022,18,4037,California
Tuolumne,2021-01-29,70,5116,6,2256,64,2860,0,0,32,3009,38,1060,32,4069,California
Tuolumne,2021-01-30,710,5826,552,2808,158,3018,0,0,689,3692,21,1081,704,4773,California
Tuolumne,2021-01-31,8,5834,2,2810,6,3024,0,0,5,3694,3,1084,5,4778,California
Tuolumne,2021-02-01,24,5858,6,2816,18,3042,0,0,21,3712,3,1087,21,4799,California
Tuolumne,2021-02-02,649,6507,36,2852,613,3655,0,0,639,4342,9,1096,639,5438,California
Tuolumne,2021-02-03,239,6746,108,2960,131,3786,0,0,85,4273,154,1250,85,5523,California
Tuolumne,2021-02-04,125,6871,13,2973,112,3898,0,0,64,4274,63,1313,64,5587,California
Tuolumne,2021-02-05,100,6971,12,2985,88,3986,0,0,36,4247,63,1376,36,5623,California
Tuolumne,2021-02-06,856,7827,584,3569,272,4258,0,0,853,5097,3,1379,853,6476,California
Tuolumne,2021-02-07,7,7834,4,3573,3,4261,0,0,3,5096,4,1383,3,6479,California
Tuolumne,2021-02-08,91,7925,40,3613,51,4312,0,0,67,5139,24,1407,67,6546,California
Tuolumne,2021-02-09,867,8792,52,3665,815,5127,0,0,829,5930,38,1445,829,7375,California
Tuolumne,2021-02-10,88,8880,14,3679,74,5201,0,0,26,5896,60,1505,26,7401,California
Tuolumne,2021-02-11,139,9019,65,3744,74,5275,0,0,75,5907,64,1569,75,7476,California
Tuolumne,2021-02-12,640,9659,15,3759,625,5900,0,0,201,5671,438,2007,202,7678,California
Tuolumne,2021-02-13,147,9806,42,3801,105,6005,0,0,116,5762,25,2032,116,7794,California
Tuolumne,2021-02-14,148,9954,12,3813,136,6141,0,0,147,5908,1,2033,147,7941,California
Tuolumne,2021-02-15,185,10139,10,3823,175,6316,0,0,176,6075,9,2042,176,8117,California
Tuolumne,2021-02-16,526,10665,17,3840,509,6825,0,0,123,5799,401,2443,125,8242,California
Tuolumne,2021-02-17,109,10774,63,3903,46,6871,0,0,63,5817,45,2488,63,8305,California
Tuolumne,2021-02-18,680,11454,24,3927,656,7527,0,0,632,6401,48,2536,632,8937,California
Tuolumne,2021-02-19,132,11586,21,3948,111,7638,0,0,43,6355,89,2625,43,8980,California
Tuolumne,2021-02-20,904,12490,341,4289,563,8201,0,0,386,6236,506,3131,387,9367,California
Tuolumne,2021-02-21,975,13465,34,4323,941,9142,0,0,473,6210,499,3630,473,9840,California
Tuolumne,2021-02-22,79,13544,57,4380,22,9164,0,0,48,6228,30,3660,48,9888,California
Tuolumne,2021-02-23,46,13590,23,4403,23,9187,0,0,25,6233,20,3680,25,9913,California
Tuolumne,2021-02-24,89,13679,58,4461,31,9218,0,0,42,6229,46,3726,42,9955,California
Tuolumne,2021-02-25,1054,14733,34,4495,1020,10238,0,0,1023,7221,31,3757,1023,10978,California
Tuolumne,2021-02-26,141,14874,9,4504,132,10370,0,0,120,7320,21,3778,120,11098,California
Tuolumne,2021-02-27,949,15823,575,5079,374,10744,0,0,248,6882,686,4464,248,11346,California
Tuolumne,2021-02-28,55,15878,4,5083,51,10795,0,0,52,6932,2,4466,52,11398,California
Tuolumne,2021-03-01,108,15986,20,5103,88,10883,0,0,74,6974,33,4499,75,11473,California
Tuolumne,2021-03-02,709,16695,74,5177,635,11518,0,0,107,6479,602,5101,107,11580,California
Tuolumne,2021-03-03,87,16782,19,5196,68,11586,0,0,64,6520,23,5124,64,11644,California
Tuolumne,2021-03-04,1169,17951,72,5268,1097,12683,0,0,1106,7563,63,5187,1106,12750,California
Tuolumne,2021-03-05,83,18034,9,5277,74,12757,0,0,48,7578,34,5221,49,12799,California
Tuolumne,2021-03-06,1054,19088,606,5883,446,13203,2,2,204,6935,849,6070,206,13005,California
Tuolumne,2021-03-07,40,19128,12,5895,14,13217,14,16,18,6945,22,6092,32,13037,California
Tuolumne,2021-03-08,212,19340,89,5984,116,13333,7,23,157,7053,56,6148,164,13201,California
Tuolumne,2021-03-09,863,20203,15,5999,837,14170,11,34,76,6355,785,6933,87,13288,California
Tuolumne,2021-03-10,85,20288,13,6012,61,14231,11,45,61,6403,24,6957,72,13360,California
Tuolumne,2021-03-11,1277,21565,31,6043,1241,15472,5,50,1254,7641,23,6980,1261,14621,California
Tuolumne,2021-03-12,308,21873,31,6074,262,15734,15,65,202,7757,104,7084,220,14841,California
Tuolumne,2021-03-13,111,21984,12,6086,99,15833,0,65,92,7831,19,7103,93,14934,California
Tuolumne,2021-03-14,142,22126,8,6094,125,15958,9,74,8,7719,134,7237,22,14956,California
Tuolumne,2021-03-15,310,22436,79,6173,229,16187,2,76,117,7652,193,7430,126,15082,California
Tuolumne,2021-03-16,823,23259,39,6212,773,16960,11,87,685,8211,138,7568,697,15779,California
Tuolumne,2021-03-17,163,23422,30,6242,118,17078,15,102,88,8239,74,7642,102,15881,California
Tuolumne,2021-03-18,963,24385,26,6268,922,18000,15,117,331,7954,632,8274,347,16228,California
Tuolumne,2021-03-19,141,24526,14,6282,94,18094,33,150,79,8005,60,8334,111,16339,California
Tuolumne,2021-03-20,89,24615,6,6288,73,18167,10,160,36,7998,52,8386,45,16384,California
Tuolumne,2021-03-21,834,25449,391,6679,434,18601,9,169,42,7259,790,9176,51,16435,California
Tuolumne,2021-03-22,173,25622,72,6751,82,18683,19,188,106,7317,67,9243,125,16560,California
Tuolumne,2021-03-23,722,26344,636,7387,72,18755,14,202,685,7978,37,9280,698,17258,California
Tuolumne,2021-03-24,119,26463,19,7406,82,18837,18,220,87,8052,31,9311,105,17363,California
Tuolumne,2021-03-25,1292,27755,20,7426,1269,20106,3,223,322,7408,969,10280,325,17688,California
Tuolumne,2021-03-26,285,28040,11,7437,251,20357,23,246,131,7427,135,10415,154,17842,California
Tuolumne,2021-03-27,579,28619,54,7491,525,20882,0,246,317,7483,262,10677,318,18160,California
Tuolumne,2021-03-28,50,28669,7,7498,43,20925,0,246,10,7456,38,10715,11,18171,California
Tuolumne,2021-03-29,214,28883,80,7578,134,21059,0,246,119,7482,93,10808,119,18290,California
Tuolumne,2021-03-30,167,29050,12,7590,154,21213,1,247,125,7566,42,10850,126,18416,California
Tuolumne,2021-03-31,96,29146,13,7603,81,21294,2,249,40,7555,55,10905,44,18460,California
Tuolumne,2021-04-01,1250,30396,26,7629,1224,22518,0,249,233,6773,1016,11921,234,18694,California
Tuolumne,2021-04-02,176,30572,11,7640,139,22657,26,275,104,6831,72,11993,130,18824,California
Tuolumne,2021-04-03,415,30987,32,7672,382,23039,1,276,231,6881,184,12177,234,19058,California
Tuolumne,2021-04-04,33,31020,1,7673,32,23071,0,276,22,6893,10,12187,22,19080,California
Tuolumne,2021-04-05,145,31165,19,7692,120,23191,6,282,63,6880,82,12269,69,19149,California
Tuolumne,2021-04-06,656,31821,510,8202,120,23311,26,308,522,7295,134,12403,549,19698,California
Tuolumne,2021-04-07,134,31955,36,8238,81,23392,17,325,50,7278,84,12487,67,19765,California
Tuolumne,2021-04-08,1440,33395,27,8265,1399,24791,14,339,255,6364,1183,13670,269,20034,California
Tuolumne,2021-04-09,289,33684,41,8306,204,24995,44,383,142,6407,144,13814,187,20221,California
Tuolumne,2021-04-10,57,33741,3,8309,31,25026,23,406,23,6420,33,13847,46,20267,California
Tuolumne,2021-04-11,17,33758,3,8312,11,25037,3,409,11,6428,6,13853,14,20281,California
Tuolumne,2021-04-12,175,33933,65,8377,104,25141,6,415,92,6449,77,13930,98,20379,California
Tuolumne,2021-04-13,792,34725,32,8409,760,25901,0,415,169,6002,616,14546,169,20548,California
Tuolumne,2021-04-14,150,34875,22,8431,128,26029,0,415,69,5994,78,14624,70,20618,California
Tuolumne,2021-04-15,339,35214,20,8451,319,26348,0,415,64,5787,271,14895,64,20682,California
Tuolumne,2021-04-16,207,35421,43,8494,164,26512,0,415,122,5828,82,14977,123,20805,California
Tuolumne,2021-04-17,14,35435,4,8498,10,26522,0,415,13,5840,1,14978,13,20818,California
Ventura,2020-12-15,5,5,5,5,0,0,0,0,5,5,0,0,5,5,California
Ventura,2020-12-16,72,77,72,77,0,0,0,0,72,77,0,0,72,77,California
Ventura,2020-12-17,249,326,249,326,0,0,0,0,249,326,0,0,249,326,California
Ventura,2020-12-18,1411,1737,1411,1737,0,0,0,0,1411,1737,0,0,1411,1737,California
Ventura,2020-12-19,911,2648,911,2648,0,0,0,0,911,2648,0,0,911,2648,California
Ventura,2020-12-20,429,3077,429,3077,0,0,0,0,429,3077,0,0,429,3077,California
Ventura,2020-12-21,1471,4548,1471,4548,0,0,0,0,1471,4548,0,0,1471,4548,California
Ventura,2020-12-22,1105,5653,1100,5648,5,5,0,0,1105,5653,0,0,1105,5653,California
Ventura,2020-12-23,1025,6678,978,6626,47,52,0,0,1025,6678,0,0,1025,6678,California
Ventura,2020-12-24,477,7155,379,7005,98,150,0,0,477,7155,0,0,477,7155,California
Ventura,2020-12-25,11,7166,7,7012,4,154,0,0,11,7166,0,0,11,7166,California
Ventura,2020-12-26,110,7276,89,7101,21,175,0,0,110,7276,0,0,110,7276,California
Ventura,2020-12-27,58,7334,27,7128,31,206,0,0,58,7334,0,0,58,7334,California
Ventura,2020-12-28,1066,8400,928,8056,138,344,0,0,1066,8400,0,0,1066,8400,California
Ventura,2020-12-29,1165,9565,761,8817,404,748,0,0,1165,9565,0,0,1165,9565,California
Ventura,2020-12-30,1983,11548,1517,10334,466,1214,0,0,1983,11548,0,0,1983,11548,California
Ventura,2020-12-31,478,12026,162,10496,316,1530,0,0,478,12026,0,0,478,12026,California
Ventura,2021-01-01,18,12044,4,10500,14,1544,0,0,18,12044,0,0,18,12044,California
Ventura,2021-01-02,171,12215,79,10579,92,1636,0,0,171,12215,0,0,171,12215,California
Ventura,2021-01-03,15,12230,8,10587,7,1643,0,0,15,12230,0,0,15,12230,California
Ventura,2021-01-04,1078,13308,548,11135,530,2173,0,0,1077,13307,0,0,1077,13307,California
Ventura,2021-01-05,1371,14679,776,11911,595,2768,0,0,1331,14598,40,40,1331,14638,California
Ventura,2021-01-06,2055,16734,1179,13090,876,3644,0,0,1624,15802,422,462,1626,16264,California
Ventura,2021-01-07,2067,18801,1328,14418,739,4383,0,0,1180,16097,885,1347,1180,17444,California
Ventura,2021-01-08,2199,21000,1477,15895,722,5105,0,0,905,15711,1292,2639,906,18350,California
Ventura,2021-01-09,722,21722,501,16396,221,5326,0,0,319,15627,403,3042,319,18669,California
Ventura,2021-01-10,336,22058,324,16720,12,5338,0,0,122,15535,214,3256,122,18791,California
Ventura,2021-01-11,2445,24503,1489,18209,956,6294,0,0,1493,16078,952,4208,1495,20286,California
Ventura,2021-01-12,3037,27540,1605,19814,1432,7726,0,0,2014,17069,1023,5231,2014,22300,California
Ventura,2021-01-13,2923,30463,1421,21235,1502,9228,0,0,2041,18231,880,6111,2042,24342,California
Ventura,2021-01-14,2727,33190,1058,22293,1669,10897,0,0,2282,20070,444,6555,2283,26625,California
Ventura,2021-01-15,2885,36075,967,23260,1918,12815,0,0,2673,22532,212,6767,2674,29299,California
Ventura,2021-01-16,485,36560,187,23447,298,13113,0,0,404,22855,81,6848,404,29703,California
Ventura,2021-01-17,260,36820,137,23584,123,13236,0,0,254,23103,6,6854,254,29957,California
Ventura,2021-01-18,2218,39038,1672,25256,546,13782,0,0,1668,24223,549,7403,1669,31626,California
Ventura,2021-01-19,3029,42067,2112,27368,917,14699,0,0,2138,25472,891,8294,2140,33766,California
Ventura,2021-01-20,4057,46124,3107,30475,950,15649,0,0,3022,27463,1032,9326,3023,36789,California
Ventura,2021-01-21,3833,49957,2669,33144,1164,16813,0,0,3163,29960,667,9993,3164,39953,California
Ventura,2021-01-22,3603,53560,2484,35628,1119,17932,0,0,3442,33241,161,10154,3442,43395,California
Ventura,2021-01-23,1184,54744,650,36278,534,18466,0,0,1083,34226,100,10254,1085,44480,California
Ventura,2021-01-24,450,55194,136,36414,314,18780,0,0,437,34650,13,10267,437,44917,California
Ventura,2021-01-25,3145,58339,2027,38441,1118,19898,0,0,2596,36698,548,10815,2596,47513,California
Ventura,2021-01-26,3701,62040,2195,40636,1506,21404,0,0,2706,38411,994,11809,2707,50220,California
Ventura,2021-01-27,3455,65495,1557,42193,1898,23302,0,0,2716,40393,736,12545,2718,52938,California
Ventura,2021-01-28,3852,69347,1979,44172,1873,25175,0,0,3238,43035,597,13142,3239,56177,California
Ventura,2021-01-29,4236,73583,2504,46676,1732,26907,0,0,3742,46295,482,13624,3742,59919,California
Ventura,2021-01-30,3025,76608,1955,48631,1070,27977,0,0,2856,48986,166,13790,2857,62776,California
Ventura,2021-01-31,829,77437,444,49075,385,28362,0,0,745,49647,84,13874,745,63521,California
Ventura,2021-02-01,3923,81360,2102,51177,1821,30183,0,0,3158,52043,763,14637,3159,66680,California
Ventura,2021-02-02,4402,85762,2370,53547,2032,32215,0,0,3380,54406,1018,15655,3381,70061,California
Ventura,2021-02-03,4448,90210,2087,55634,2361,34576,0,0,3441,56846,1002,16657,3442,73503,California
Ventura,2021-02-04,4760,94970,2280,57914,2480,37056,0,0,3512,59119,1241,17898,3514,77017,California
Ventura,2021-02-05,4826,99796,2309,60223,2517,39573,0,0,3337,60982,1476,19374,3339,80356,California
Ventura,2021-02-06,2830,102626,1513,61736,1317,40890,0,0,2429,63010,401,19775,2429,82785,California
Ventura,2021-02-07,707,103333,240,61976,467,41357,0,0,582,63468,125,19900,583,83368,California
Ventura,2021-02-08,3494,106827,1622,63598,1872,43229,0,0,2425,64829,1064,20964,2425,85793,California
Ventura,2021-02-09,4712,111539,1970,65568,2742,45971,0,0,2464,65048,2247,23211,2466,88259,California
Ventura,2021-02-10,4706,116245,2236,67804,2470,48441,0,0,2400,65154,2295,25506,2401,90660,California
Ventura,2021-02-11,4654,120899,1859,69663,2795,51236,0,0,2444,65398,2203,27709,2447,93107,California
Ventura,2021-02-12,6292,127191,2653,72316,3639,54875,0,0,3217,65542,3073,30782,3217,96324,California
Ventura,2021-02-13,3292,130483,1827,74143,1465,56340,0,0,1840,65936,1448,32230,1842,98166,California
Ventura,2021-02-14,1227,131710,124,74267,1103,57443,0,0,1011,66732,216,32446,1012,99178,California
Ventura,2021-02-15,3989,135699,1798,76065,2191,59634,0,0,2116,66978,1870,34316,2116,101294,California
Ventura,2021-02-16,5524,141223,2697,78762,2827,62461,0,0,3009,67479,2508,36824,3009,104303,California
Ventura,2021-02-17,5227,146450,1919,80681,3308,65769,0,0,3262,68785,1956,38780,3262,107565,California
Ventura,2021-02-18,5771,152221,1829,82510,3942,69711,0,0,3633,70288,2130,40910,3633,111198,California
Ventura,2021-02-19,6434,158655,3762,86272,2672,72383,0,0,3000,69863,3427,44337,3002,114200,California
Ventura,2021-02-20,4918,163573,3157,89429,1761,74144,0,0,2766,70483,2148,46485,2768,116968,California
Ventura,2021-02-21,1039,164612,752,90181,287,74431,0,0,426,70301,608,47093,426,117394,California
Ventura,2021-02-22,5361,169973,2406,92587,2955,77386,0,0,3448,71845,1904,48997,3448,120842,California
Ventura,2021-02-23,5917,175890,2960,95547,2957,80343,0,0,3414,72773,2488,51485,3416,124258,California
Ventura,2021-02-24,6984,182874,2604,98151,4380,84723,0,0,4241,74286,2730,54215,4243,128501,California
Ventura,2021-02-25,7477,190351,2567,100718,4910,89633,0,0,4572,75967,2893,57108,4574,133075,California
Ventura,2021-02-26,9324,199675,2758,103476,6566,96199,0,0,6162,78991,3140,60248,6164,139239,California
Ventura,2021-02-27,9976,209651,5265,108741,4711,100910,0,0,7362,83760,2600,62848,7369,146608,California
Ventura,2021-02-28,2556,212207,1629,110370,926,101836,1,1,2095,85398,457,63305,2095,148703,California
Ventura,2021-03-01,6914,219121,2793,113163,4121,105957,0,1,4606,87719,2299,65604,4620,153323,California
Ventura,2021-03-02,7365,226486,3928,117091,3436,109393,1,2,5147,90656,2210,67814,5147,158470,California
Ventura,2021-03-03,8496,234982,3884,120975,4612,114005,0,2,6059,94293,2425,70239,6062,164532,California
Ventura,2021-03-04,8032,243014,3862,124837,4170,118175,0,2,5419,97112,2601,72840,5420,169952,California
Ventura,2021-03-05,9953,252967,4795,129632,5148,123323,10,12,7075,101340,2865,75705,7093,177045,California
Ventura,2021-03-06,7217,260184,4391,134023,2673,125996,153,165,5320,104920,1895,77600,5475,182520,California
Ventura,2021-03-07,1650,261834,601,134624,948,126944,101,266,1234,105839,416,78016,1335,183855,California
Ventura,2021-03-08,6729,268563,3414,138038,3163,130107,152,418,4631,108531,2094,80110,4786,188641,California
Ventura,2021-03-09,6498,275061,2802,140840,3500,133607,196,614,3645,109532,2842,82952,3843,192484,California
Ventura,2021-03-10,6760,281821,2964,143804,3559,137166,237,851,4471,111959,2281,85233,4708,197192,California
Ventura,2021-03-11,6251,288072,2878,146682,3160,140326,213,1064,3409,112749,2832,88065,3622,200814,California
Ventura,2021-03-12,8466,296538,3023,149705,4606,144932,837,1901,4079,113294,4372,92437,4917,205731,California
Ventura,2021-03-13,6667,303205,2491,152196,3336,148268,840,2741,3746,114964,2915,95352,4585,210316,California
Ventura,2021-03-14,2126,305331,474,152670,1158,149426,494,3235,727,114789,1398,96750,1223,211539,California
Ventura,2021-03-15,6893,312224,2043,154713,3504,152930,1346,4581,2964,115191,3908,100658,4310,215849,California
Ventura,2021-03-16,7843,320067,2438,157151,4295,157225,1110,5691,3946,116361,3884,104542,5054,220903,California
Ventura,2021-03-17,7343,327410,2742,159893,4256,161481,345,6036,4397,118173,2931,107473,4743,225646,California
Ventura,2021-03-18,7157,334567,3251,163144,3753,165234,153,6189,4655,120489,2490,109963,4806,230452,California
Ventura,2021-03-19,8283,342850,3747,166891,4426,169660,110,6299,4938,122206,3329,113292,5046,235498,California
Ventura,2021-03-20,8098,350948,5222,172113,2856,172516,20,6319,3868,121884,4211,117503,3889,239387,California
Ventura,2021-03-21,2755,353703,1501,173614,885,173401,369,6688,1304,122113,1444,118947,1673,241060,California
Ventura,2021-03-22,7271,360974,3665,177279,3504,176905,102,6790,4795,124548,2463,121410,4898,245958,California
Ventura,2021-03-23,8096,369070,3862,181141,4164,181069,70,6860,4627,125796,3448,124858,4696,250654,California
Ventura,2021-03-24,8789,377859,3388,184529,5326,186395,75,6935,4373,125857,4387,129245,4448,255102,California
Ventura,2021-03-25,8730,386589,3889,188418,4744,191139,97,7032,4416,126072,4298,133543,4513,259615,California
Ventura,2021-03-26,9632,396221,3320,191738,5661,196800,651,7683,3749,124613,5858,139401,4399,264014,California
Ventura,2021-03-27,8078,404299,3894,195632,4145,200945,39,7722,2380,121353,5681,145082,2421,266435,California
Ventura,2021-03-28,2504,406803,1391,197023,1104,202049,9,7731,1371,121601,1132,146214,1380,267815,California
Ventura,2021-03-29,8424,415227,4253,201276,4127,206176,44,7775,4211,121669,4187,150401,4255,272070,California
Ventura,2021-03-30,8853,424080,4377,205653,4353,210529,123,7898,4572,122092,4271,154672,4694,276764,California
Ventura,2021-03-31,10567,434647,4800,210453,5143,215672,624,8522,4594,121354,5956,160628,5218,281982,California
Ventura,2021-04-01,10552,445199,5163,215616,4527,220199,862,9384,5356,122388,5179,165807,6213,288195,California
Ventura,2021-04-02,11297,456496,4568,220184,5486,225685,1243,10627,5309,122980,5965,171772,6557,294752,California
Ventura,2021-04-03,7987,464483,3934,224118,2928,228613,1125,11752,3352,122832,4626,176398,4478,299230,California
Ventura,2021-04-04,1699,466182,952,225070,620,229233,127,11879,1146,123558,547,176945,1273,300503,California
Ventura,2021-04-05,9162,475344,4850,229920,3281,232514,1031,12910,4669,124771,4485,181430,5698,306201,California
Ventura,2021-04-06,10769,486113,5535,235455,3783,236297,1451,14361,5540,126549,5211,186641,6989,313190,California
Ventura,2021-04-07,11199,497312,5424,240879,4323,240620,1452,15813,5116,127045,6067,192708,6563,319753,California
Ventura,2021-04-08,10124,507436,5287,246166,3963,244583,874,16687,5091,127985,5017,197725,5957,325710,California
Ventura,2021-04-09,10205,517641,3834,250000,4950,249533,1421,18108,4377,127970,5808,203533,5793,331503,California
Ventura,2021-04-10,9066,526707,3454,253454,3471,253004,2141,20249,2979,127015,6072,209605,5117,336620,California
Ventura,2021-04-11,2411,529118,861,254315,993,253997,557,20806,688,126543,1716,211321,1244,337864,California
Ventura,2021-04-12,8238,537356,4016,258331,3535,257532,687,21493,3345,125691,4879,216200,4027,341891,California
Ventura,2021-04-13,8556,545912,4348,262679,4203,261735,5,21498,3628,124436,4888,221088,3633,345524,California
Ventura,2021-04-14,7902,553814,3617,266296,4271,266006,14,21512,3013,122606,4859,225947,3029,348553,California
Ventura,2021-04-15,8262,562076,4073,270369,4187,270193,2,21514,3618,121601,4627,230574,3622,352175,California
Ventura,2021-04-16,9088,571164,4137,274506,4951,275144,0,21514,4163,120852,4917,235491,4168,356343,California
Ventura,2021-04-17,6373,577537,4541,279047,1831,276975,1,21515,3967,122418,2402,237893,3968,360311,California
Yolo,2020-12-15,39,39,39,39,0,0,0,0,39,39,0,0,39,39,California
Yolo,2020-12-16,78,117,78,117,0,0,0,0,78,117,0,0,78,117,California
Yolo,2020-12-17,101,218,101,218,0,0,0,0,101,218,0,0,101,218,California
Yolo,2020-12-18,210,428,210,428,0,0,0,0,210,428,0,0,210,428,California
Yolo,2020-12-19,86,514,86,514,0,0,0,0,86,514,0,0,86,514,California
Yolo,2020-12-20,100,614,100,614,0,0,0,0,100,614,0,0,100,614,California
Yolo,2020-12-21,253,867,253,867,0,0,0,0,253,867,0,0,253,867,California
Yolo,2020-12-22,382,1249,381,1248,1,1,0,0,382,1249,0,0,382,1249,California
Yolo,2020-12-23,431,1680,412,1660,19,20,0,0,431,1680,0,0,431,1680,California
Yolo,2020-12-24,151,1831,94,1754,57,77,0,0,151,1831,0,0,151,1831,California
Yolo,2020-12-25,1,1832,1,1755,0,77,0,0,1,1832,0,0,1,1832,California
Yolo,2020-12-26,75,1907,25,1780,50,127,0,0,75,1907,0,0,75,1907,California
Yolo,2020-12-27,46,1953,19,1799,27,154,0,0,46,1953,0,0,46,1953,California
Yolo,2020-12-28,345,2298,178,1977,167,321,0,0,345,2298,0,0,345,2298,California
Yolo,2020-12-29,485,2783,268,2245,217,538,0,0,485,2783,0,0,485,2783,California
Yolo,2020-12-30,621,3404,255,2500,366,904,0,0,621,3404,0,0,621,3404,California
Yolo,2020-12-31,184,3588,95,2595,89,993,0,0,184,3588,0,0,184,3588,California
Yolo,2021-01-01,56,3644,55,2650,1,994,0,0,56,3644,0,0,56,3644,California
Yolo,2021-01-02,68,3712,25,2675,43,1037,0,0,68,3712,0,0,68,3712,California
Yolo,2021-01-03,43,3755,19,2694,24,1061,0,0,43,3755,0,0,43,3755,California
Yolo,2021-01-04,193,3948,43,2737,150,1211,0,0,193,3948,0,0,193,3948,California
Yolo,2021-01-05,610,4558,236,2973,374,1585,0,0,549,4436,61,61,549,4497,California
Yolo,2021-01-06,480,5038,183,3156,297,1882,0,0,349,4654,131,192,349,4846,California
Yolo,2021-01-07,710,5748,234,3390,476,2358,0,0,521,4987,188,380,521,5367,California
Yolo,2021-01-08,629,6377,310,3700,319,2677,0,0,413,5185,215,595,413,5780,California
Yolo,2021-01-09,409,6786,67,3767,342,3019,0,0,364,5504,45,640,364,6144,California
Yolo,2021-01-10,393,7179,80,3847,313,3332,0,0,323,5757,70,710,323,6467,California
Yolo,2021-01-11,557,7736,322,4169,235,3567,0,0,290,5780,267,977,290,6757,California
Yolo,2021-01-12,481,8217,364,4533,117,3684,0,0,173,5646,308,1285,174,6931,California
Yolo,2021-01-13,762,8979,309,4842,453,4137,0,0,513,5910,249,1534,513,7444,California
Yolo,2021-01-14,374,9353,181,5023,193,4330,0,0,270,6076,104,1638,270,7714,California
Yolo,2021-01-15,622,9975,321,5344,301,4631,0,0,544,6542,78,1716,544,8258,California
Yolo,2021-01-16,738,10713,95,5439,643,5274,0,0,707,7218,31,1747,707,8965,California
Yolo,2021-01-17,187,10900,118,5557,69,5343,0,0,180,7391,7,1754,180,9145,California
Yolo,2021-01-18,478,11378,303,5860,175,5518,0,0,380,7673,98,1852,380,9525,California
Yolo,2021-01-19,540,11918,370,6230,170,5688,0,0,366,7865,174,2026,366,9891,California
Yolo,2021-01-20,658,12576,380,6610,278,5966,0,0,474,8156,183,2209,474,10365,California
Yolo,2021-01-21,645,13221,382,6992,263,6229,0,0,456,8423,189,2398,456,10821,California
Yolo,2021-01-22,746,13967,250,7242,496,6725,0,0,628,8935,116,2514,628,11449,California
Yolo,2021-01-23,613,14580,124,7366,489,7214,0,0,566,9454,47,2561,566,12015,California
Yolo,2021-01-24,207,14787,124,7490,83,7297,0,0,166,9579,41,2602,166,12181,California
Yolo,2021-01-25,727,15514,152,7642,575,7872,0,0,513,9878,214,2816,513,12694,California
Yolo,2021-01-26,812,16326,325,7967,487,8359,0,0,425,9916,387,3203,425,13119,California
Yolo,2021-01-27,553,16879,222,8189,331,8690,0,0,381,10125,172,3375,381,13500,California
Yolo,2021-01-28,1047,17926,565,8754,482,9172,0,0,924,10927,122,3497,924,14424,California
Yolo,2021-01-29,864,18790,261,9015,603,9775,0,0,782,11628,81,3578,782,15206,California
Yolo,2021-01-30,1516,20306,916,9931,600,10375,0,0,1408,12934,102,3680,1408,16614,California
Yolo,2021-01-31,248,20554,210,10141,38,10413,0,0,213,13113,34,3714,213,16827,California
Yolo,2021-02-01,840,21394,359,10500,481,10894,0,0,611,13498,226,3940,611,17438,California
Yolo,2021-02-02,1318,22712,745,11245,573,11467,0,0,928,14037,390,4330,929,18367,California
Yolo,2021-02-03,1511,24223,396,11641,1115,12582,0,0,1183,14895,325,4655,1183,19550,California
Yolo,2021-02-04,1786,26009,281,11922,1505,14087,0,0,1237,15595,538,5193,1238,20788,California
Yolo,2021-02-05,1589,27598,896,12818,693,14780,0,0,1191,16389,398,5591,1192,21980,California
Yolo,2021-02-06,1918,29516,1246,14064,672,15452,0,0,1557,17586,361,5952,1558,23538,California
Yolo,2021-02-07,517,30033,248,14312,269,15721,0,0,169,17408,347,6299,169,23707,California
Yolo,2021-02-08,944,30977,331,14643,613,16334,0,0,603,17673,338,6637,603,24310,California
Yolo,2021-02-09,854,31831,383,15026,471,16805,0,0,574,17967,280,6917,574,24884,California
Yolo,2021-02-10,1451,33282,475,15501,976,17781,0,0,817,18153,633,7550,819,25703,California
Yolo,2021-02-11,1538,34820,774,16275,764,18545,0,0,1161,18937,377,7927,1161,26864,California
Yolo,2021-02-12,1901,36721,746,17021,1155,19700,0,0,1438,19915,460,8387,1438,28302,California
Yolo,2021-02-13,2049,38770,710,17731,1339,21039,0,0,1386,20638,663,9050,1386,29688,California
Yolo,2021-02-14,567,39337,152,17883,415,21454,0,0,442,20956,124,9174,442,30130,California
Yolo,2021-02-15,525,39862,187,18070,338,21792,0,0,263,20958,262,9436,264,30394,California
Yolo,2021-02-16,1113,40975,424,18494,689,22481,0,0,807,21459,306,9742,807,31201,California
Yolo,2021-02-17,1382,42357,699,19193,683,23164,0,0,990,22057,392,10134,990,32191,California
Yolo,2021-02-18,2440,44797,759,19952,1681,24845,0,0,1678,22973,762,10896,1678,33869,California
Yolo,2021-02-19,1731,46528,740,20692,991,25836,0,0,1117,23478,612,11508,1117,34986,California
Yolo,2021-02-20,2432,48960,941,21633,1491,27327,0,0,1361,23773,1066,12574,1361,36347,California
Yolo,2021-02-21,280,49240,224,21857,56,27383,0,0,73,23640,206,12780,73,36420,California
Yolo,2021-02-22,1360,50600,599,22456,761,28144,0,0,692,23665,667,13447,692,37112,California
Yolo,2021-02-23,1117,51717,838,23294,279,28423,0,0,437,23424,678,14125,437,37549,California
Yolo,2021-02-24,2091,53808,591,23885,1500,29923,0,0,1383,24101,706,14831,1383,38932,California
Yolo,2021-02-25,1336,55144,440,24325,896,30819,0,0,872,24510,463,15294,872,39804,California
Yolo,2021-02-26,2557,57701,978,25303,1579,32398,0,0,1362,24680,1192,16486,1362,41166,California
Yolo,2021-02-27,1645,59346,764,26067,881,33279,0,0,1196,25427,449,16935,1196,42362,California
Yolo,2021-02-28,1772,61118,1488,27555,284,33563,0,0,681,25019,1089,18024,681,43043,California
Yolo,2021-03-01,1080,62198,353,27908,727,34290,0,0,653,25247,425,18449,653,43696,California
Yolo,2021-03-02,1429,63627,677,28585,752,35042,0,0,908,25634,521,18970,908,44604,California
Yolo,2021-03-03,1808,65435,607,29192,1201,36243,0,0,805,25438,1001,19971,805,45409,California
Yolo,2021-03-04,2844,68279,1403,30595,1441,37684,0,0,1540,25676,1302,21273,1540,46949,California
Yolo,2021-03-05,2333,70612,1390,31985,932,38616,11,11,1466,26287,866,22139,1477,48426,California
Yolo,2021-03-06,1467,72079,1121,33106,317,38933,29,40,836,26523,629,22768,865,49291,California
Yolo,2021-03-07,902,72981,670,33776,218,39151,14,54,769,27173,133,22901,783,50074,California
Yolo,2021-03-08,1071,74052,478,34254,550,39701,43,97,746,27638,325,23226,790,50864,California
Yolo,2021-03-09,1240,75292,667,34921,513,40214,60,157,753,27966,485,23711,813,51677,California
Yolo,2021-03-10,1777,77069,1037,35958,450,40664,290,447,740,27955,1036,24747,1025,52702,California
Yolo,2021-03-11,2279,79348,1540,37498,673,41337,66,513,1571,28886,707,25454,1638,54340,California
Yolo,2021-03-12,2885,82233,1341,38839,1468,42805,76,589,1372,28826,1507,26961,1447,55787,California
Yolo,2021-03-13,1838,84071,729,39568,932,43737,177,766,1007,29182,828,27789,1184,56971,California
Yolo,2021-03-14,1007,85078,213,39781,645,44382,149,915,523,29371,483,28272,672,57643,California
Yolo,2021-03-15,1315,86393,771,40552,368,44750,176,1091,700,29633,613,28885,875,58518,California
Yolo,2021-03-16,1859,88252,714,41266,1072,45822,73,1164,1097,30041,762,29647,1170,59688,California
Yolo,2021-03-17,2479,90731,962,42228,1445,47267,72,1236,1731,31099,745,30392,1803,61491,California
Yolo,2021-03-18,2878,93609,887,43115,1767,49034,224,1460,1168,30782,1708,32100,1391,62882,California
Yolo,2021-03-19,2030,95639,817,43932,1145,50179,68,1528,1069,30964,955,33055,1137,64019,California
Yolo,2021-03-20,2748,98387,814,44746,1893,52072,41,1569,1117,30498,1626,34681,1160,65179,California
Yolo,2021-03-21,316,98703,217,44963,91,52163,8,1577,228,30647,87,34768,236,65415,California
Yolo,2021-03-22,1377,100080,480,45443,845,53008,52,1629,904,31131,471,35239,955,66370,California
Yolo,2021-03-23,1724,101804,928,46371,740,53748,56,1685,1065,31594,658,35897,1121,67491,California
Yolo,2021-03-24,2834,104638,1399,47770,1386,55134,49,1734,1418,31655,1406,37303,1467,68958,California
Yolo,2021-03-25,2395,107033,1277,49047,1091,56225,27,1761,1150,31597,1235,38538,1177,70135,California
Yolo,2021-03-26,2367,109400,1231,50278,1117,57342,19,1780,1017,31289,1343,39881,1035,71170,California
Yolo,2021-03-27,1626,111026,452,50730,1158,58500,16,1796,752,31184,873,40754,768,71938,California
Yolo,2021-03-28,1103,112129,860,51590,225,58725,18,1814,272,30647,827,41581,290,72228,California
Yolo,2021-03-29,1981,114110,812,52402,1155,59880,14,1828,983,30650,994,42575,997,73225,California
Yolo,2021-03-30,2266,116376,1065,53467,1178,61058,23,1851,1198,30808,1063,43638,1221,74446,California
Yolo,2021-03-31,2324,118700,1204,54671,1085,62143,35,1886,1208,30936,1115,44753,1243,75689,California
Yolo,2021-04-01,3750,122450,1765,56436,1511,63654,474,2360,1571,30806,2175,46928,2045,77734,California
Yolo,2021-04-02,3106,125556,1481,57917,1565,65219,60,2420,2034,31834,1066,47994,2094,79828,California
Yolo,2021-04-03,1783,127339,1078,58995,490,65709,215,2635,800,31867,982,48976,1015,80843,California
Yolo,2021-04-04,381,127720,149,59144,170,65879,62,2697,141,31830,240,49216,203,81046,California
Yolo,2021-04-05,1894,129614,722,59866,1074,66953,98,2795,1012,32062,878,50094,1110,82156,California
Yolo,2021-04-06,2556,132170,1294,61160,1092,68045,170,2965,1310,32308,1235,51329,1481,83637,California
Yolo,2021-04-07,2858,135028,1508,62668,1102,69147,248,3213,1923,33549,929,52258,2170,85807,California
Yolo,2021-04-08,2392,137420,992,63660,939,70086,461,3674,1022,33664,1366,53624,1481,87288,California
Yolo,2021-04-09,2372,139792,857,64517,1034,71120,481,4155,790,33354,1580,55204,1270,88558,California
Yolo,2021-04-10,1673,141465,784,65301,719,71839,170,4325,994,33842,675,55879,1163,89721,California
Yolo,2021-04-11,867,142332,261,65562,561,72400,45,4370,344,33711,519,56398,388,90109,California
Yolo,2021-04-12,1718,144050,509,66071,1074,73474,135,4505,1074,34279,641,57039,1209,91318,California
Yolo,2021-04-13,1891,145941,847,66918,1044,74518,0,4505,975,34340,914,57953,975,92293,California
Yolo,2021-04-14,2592,148533,688,67606,1904,76422,0,4505,1314,34379,1275,59228,1314,93607,California
Yolo,2021-04-15,2941,151474,965,68571,1976,78398,0,4505,2061,35566,877,60105,2064,95671,California
Yolo,2021-04-16,2699,154173,1689,70260,1010,79408,0,4505,1741,36351,956,61061,1741,97412,California
Yolo,2021-04-17,957,155130,206,70466,751,80159,0,4505,410,36217,544,61605,410,97822,California
Yuba,2020-12-16,4,4,4,4,0,0,0,0,4,4,0,0,4,4,California
Yuba,2020-12-17,4,8,4,8,0,0,0,0,4,8,0,0,4,8,California
Yuba,2020-12-18,8,16,8,16,0,0,0,0,8,16,0,0,8,16,California
Yuba,2020-12-19,12,28,12,28,0,0,0,0,12,28,0,0,12,28,California
Yuba,2020-12-20,20,48,20,48,0,0,0,0,20,48,0,0,20,48,California
Yuba,2020-12-21,40,88,40,88,0,0,0,0,40,88,0,0,40,88,California
Yuba,2020-12-22,86,174,86,174,0,0,0,0,86,174,0,0,86,174,California
Yuba,2020-12-23,63,237,61,235,2,2,0,0,63,237,0,0,63,237,California
Yuba,2020-12-24,20,257,10,245,10,12,0,0,20,257,0,0,20,257,California
Yuba,2020-12-26,15,272,13,258,2,14,0,0,15,272,0,0,15,272,California
Yuba,2020-12-27,15,287,15,273,0,14,0,0,15,287,0,0,15,287,California
Yuba,2020-12-28,51,338,35,308,16,30,0,0,51,338,0,0,51,338,California
Yuba,2020-12-29,75,413,10,318,65,95,0,0,75,413,0,0,75,413,California
Yuba,2020-12-30,64,477,21,339,43,138,0,0,64,477,0,0,64,477,California
Yuba,2020-12-31,36,513,6,345,30,168,0,0,36,513,0,0,36,513,California
Yuba,2021-01-02,23,536,22,367,1,169,0,0,23,536,0,0,23,536,California
Yuba,2021-01-03,10,546,6,373,4,173,0,0,10,546,0,0,10,546,California
Yuba,2021-01-04,90,636,21,394,69,242,0,0,90,636,0,0,90,636,California
Yuba,2021-01-05,68,704,36,430,32,274,0,0,67,702,1,1,67,703,California
Yuba,2021-01-06,153,857,76,506,77,351,0,0,147,843,6,7,147,850,California
Yuba,2021-01-07,75,932,19,525,56,407,0,0,72,911,4,11,72,922,California
Yuba,2021-01-08,73,1005,25,550,48,455,0,0,66,970,7,18,66,988,California
Yuba,2021-01-09,19,1024,16,566,3,458,0,0,11,973,8,26,11,999,California
Yuba,2021-01-10,117,1141,22,588,95,553,0,0,95,1046,22,48,95,1094,California
Yuba,2021-01-11,73,1214,50,638,23,576,0,0,33,1039,40,88,33,1127,California
Yuba,2021-01-12,108,1322,78,716,30,606,0,0,43,1017,65,153,43,1170,California
Yuba,2021-01-13,118,1440,71,787,47,653,0,0,54,1008,63,216,54,1224,California
Yuba,2021-01-14,109,1549,43,830,66,719,0,0,97,1093,12,228,97,1321,California
Yuba,2021-01-15,206,1755,88,918,118,837,0,0,195,1277,11,239,195,1516,California
Yuba,2021-01-16,185,1940,21,939,164,1001,0,0,173,1437,13,252,173,1689,California
Yuba,2021-01-17,13,1953,9,948,4,1005,0,0,7,1438,6,258,7,1696,California
Yuba,2021-01-18,60,2013,32,980,28,1033,0,0,35,1448,25,283,35,1731,California
Yuba,2021-01-19,80,2093,29,1009,51,1084,0,0,65,1498,15,298,65,1796,California
Yuba,2021-01-20,132,2225,87,1096,45,1129,0,0,109,1584,23,321,109,1905,California
Yuba,2021-01-21,212,2437,96,1192,116,1245,0,0,203,1778,9,330,203,2108,California
Yuba,2021-01-22,103,2540,6,1198,97,1342,0,0,94,1863,9,339,94,2202,California
Yuba,2021-01-23,200,2740,7,1205,193,1535,0,0,197,2057,3,342,197,2399,California
Yuba,2021-01-24,10,2750,7,1212,3,1538,0,0,8,2063,2,344,8,2407,California
Yuba,2021-01-25,83,2833,27,1239,56,1594,0,0,52,2085,30,374,52,2459,California
Yuba,2021-01-26,148,2981,39,1278,109,1703,0,0,92,2121,56,430,92,2551,California
Yuba,2021-01-27,182,3163,128,1406,54,1757,0,0,115,2169,67,497,115,2666,California
Yuba,2021-01-28,215,3378,79,1485,136,1893,0,0,174,2302,41,538,174,2840,California
Yuba,2021-01-29,159,3537,56,1541,103,1996,0,0,112,2367,47,585,112,2952,California
Yuba,2021-01-30,409,3946,23,1564,386,2382,0,0,398,2754,11,596,398,3350,California
Yuba,2021-01-31,17,3963,12,1576,5,2387,0,0,15,2767,2,598,15,3365,California
Yuba,2021-02-01,153,4116,74,1650,79,2466,0,0,130,2876,22,620,131,3496,California
Yuba,2021-02-02,123,4239,23,1673,100,2566,0,0,101,2955,22,642,101,3597,California
Yuba,2021-02-03,225,4464,29,1702,196,2762,0,0,113,2957,111,753,113,3710,California
Yuba,2021-02-04,296,4760,121,1823,175,2937,0,0,253,3167,43,796,253,3963,California
Yuba,2021-02-05,146,4906,32,1855,114,3051,0,0,70,3161,76,872,70,4033,California
Yuba,2021-02-06,448,5354,26,1881,422,3473,0,0,440,3593,8,880,440,4473,California
Yuba,2021-02-07,18,5372,11,1892,7,3480,0,0,15,3605,3,883,15,4488,California
Yuba,2021-02-08,96,5468,35,1927,61,3541,0,0,66,3641,30,913,66,4554,California
Yuba,2021-02-09,153,5621,55,1982,98,3639,0,0,84,3656,69,982,84,4638,California
Yuba,2021-02-10,347,5968,172,2154,175,3814,0,0,113,3536,233,1215,113,4751,California
Yuba,2021-02-11,397,6365,63,2217,334,4148,0,0,301,3743,94,1309,301,5052,California
Yuba,2021-02-12,264,6629,27,2244,237,4385,0,0,151,3781,113,1422,151,5203,California
Yuba,2021-02-13,435,7064,35,2279,400,4785,0,0,387,4120,48,1470,387,5590,California
Yuba,2021-02-14,54,7118,11,2290,43,4828,0,0,49,4164,5,1475,49,5639,California
Yuba,2021-02-15,87,7205,36,2326,51,4879,0,0,68,4213,19,1494,68,5707,California
Yuba,2021-02-16,198,7403,53,2379,145,5024,0,0,140,4296,57,1551,140,5847,California
Yuba,2021-02-17,369,7772,155,2534,214,5238,0,0,98,4123,271,1822,98,5945,California
Yuba,2021-02-18,305,8077,33,2567,272,5510,0,0,181,4180,124,1946,181,6126,California
Yuba,2021-02-19,224,8301,84,2651,140,5650,0,0,141,4238,83,2029,141,6267,California
Yuba,2021-02-20,388,8689,30,2681,358,6008,0,0,334,4518,54,2083,334,6601,California
Yuba,2021-02-21,16,8705,14,2695,2,6010,0,0,6,4514,10,2093,6,6607,California
Yuba,2021-02-22,127,8832,78,2773,49,6059,0,0,37,4462,89,2182,37,6644,California
Yuba,2021-02-23,113,8945,25,2798,88,6147,0,0,46,4442,66,2248,46,6690,California
Yuba,2021-02-24,479,9424,136,2934,343,6490,0,0,106,4175,373,2621,106,6796,California
Yuba,2021-02-25,332,9756,133,3067,199,6689,0,0,204,4251,128,2749,204,7000,California
Yuba,2021-02-26,256,10012,68,3135,188,6877,0,0,143,4283,111,2860,143,7143,California
Yuba,2021-02-27,473,10485,47,3182,426,7303,0,0,384,4580,87,2947,384,7527,California
Yuba,2021-02-28,65,10550,21,3203,44,7347,0,0,44,4603,21,2968,44,7571,California
Yuba,2021-03-01,151,10701,38,3241,113,7460,0,0,75,4603,75,3043,75,7646,California
Yuba,2021-03-02,153,10854,35,3276,118,7578,0,0,76,4602,77,3120,76,7722,California
Yuba,2021-03-03,617,11471,156,3432,461,8039,0,0,197,4380,419,3539,197,7919,California
Yuba,2021-03-04,465,11936,271,3703,194,8233,0,0,323,4562,141,3680,323,8242,California
Yuba,2021-03-05,315,12251,59,3762,255,8488,1,1,248,4744,67,3747,249,8491,California
Yuba,2021-03-06,475,12726,35,3797,436,8924,4,5,369,5011,106,3853,373,8864,California
Yuba,2021-03-07,49,12775,27,3824,21,8945,1,6,33,5029,16,3869,34,8898,California
Yuba,2021-03-08,159,12934,49,3873,94,9039,16,22,100,5086,59,3928,116,9014,California
Yuba,2021-03-09,175,13109,46,3919,110,9149,19,41,83,5096,92,4020,102,9116,California
Yuba,2021-03-10,734,13843,232,4151,472,9621,30,71,229,4851,504,4524,259,9375,California
Yuba,2021-03-11,426,14269,185,4336,229,9850,12,83,293,5023,133,4657,305,9680,California
Yuba,2021-03-12,460,14729,86,4422,320,10170,54,137,148,4913,312,4969,202,9882,California
Yuba,2021-03-13,451,15180,331,4753,105,10275,15,152,357,5192,93,5062,372,10254,California
Yuba,2021-03-14,107,15287,21,4774,76,10351,10,162,46,5188,60,5122,56,10310,California
Yuba,2021-03-15,193,15480,49,4823,127,10478,17,179,99,5210,94,5216,116,10426,California
Yuba,2021-03-16,290,15770,71,4894,194,10672,25,204,177,5300,112,5328,202,10628,California
Yuba,2021-03-17,727,16497,160,5054,538,11210,29,233,187,4978,538,5866,216,10844,California
Yuba,2021-03-18,562,17059,148,5202,301,11511,113,346,340,5208,222,6088,452,11296,California
Yuba,2021-03-19,324,17383,120,5322,155,11666,49,395,185,5304,138,6226,234,11530,California
Yuba,2021-03-20,554,17937,80,5402,456,12122,18,413,473,5715,80,6306,491,12021,California
Yuba,2021-03-21,58,17995,35,5437,23,12145,0,413,46,5749,12,6318,46,12067,California
Yuba,2021-03-22,189,18184,70,5507,112,12257,7,420,147,5861,42,6360,154,12221,California
Yuba,2021-03-23,240,18424,79,5586,134,12391,27,447,161,5971,78,6438,188,12409,California
Yuba,2021-03-24,745,19169,237,5823,427,12818,81,528,182,5673,561,6999,263,12672,California
Yuba,2021-03-25,483,19652,263,6086,198,13016,22,550,239,5690,244,7243,261,12933,California
Yuba,2021-03-26,383,20035,142,6228,214,13230,27,577,219,5773,163,7406,246,13179,California
Yuba,2021-03-27,459,20494,27,6255,429,13659,3,580,406,6128,53,7459,408,13587,California
Yuba,2021-03-28,98,20592,40,6295,54,13713,4,584,37,6108,61,7520,41,13628,California
Yuba,2021-03-29,293,20885,85,6380,177,13890,31,615,181,6208,112,7632,212,13840,California
Yuba,2021-03-30,270,21155,67,6447,195,14085,8,623,191,6328,79,7711,199,14039,California
Yuba,2021-03-31,670,21825,113,6560,545,14630,12,635,245,6161,424,8135,257,14296,California
Yuba,2021-04-01,608,22433,281,6841,298,14928,29,664,278,6138,330,8465,307,14603,California
Yuba,2021-04-02,474,22907,89,6930,305,15233,80,744,177,6099,296,8761,257,14860,California
Yuba,2021-04-03,652,23559,56,6986,115,15348,481,1225,87,6103,564,9325,568,15428,California
Yuba,2021-04-04,57,23616,11,6997,40,15388,6,1231,32,6116,25,9350,38,15466,California
Yuba,2021-04-05,241,23857,79,7076,143,15531,19,1250,121,6137,118,9468,139,15605,California
Yuba,2021-04-06,334,24191,114,7190,160,15691,60,1310,159,6182,174,9642,219,15824,California
Yuba,2021-04-07,762,24953,398,7588,313,16004,51,1361,342,6157,417,10059,392,16216,California
Yuba,2021-04-08,726,25679,297,7885,165,16169,264,1625,259,6214,466,10525,523,16739,California
Yuba,2021-04-09,375,26054,169,8054,148,16317,58,1683,158,6214,216,10741,216,16955,California
Yuba,2021-04-10,590,26644,69,8123,74,16391,447,2130,69,6211,519,11260,516,17471,California
Yuba,2021-04-11,98,26742,22,8145,64,16455,12,2142,39,6203,59,11319,51,17522,California
Yuba,2021-04-12,199,26941,46,8191,126,16581,27,2169,79,6190,119,11438,106,17628,California
Yuba,2021-04-13,368,27309,100,8291,268,16849,0,2169,194,6211,173,11611,194,17822,California
Yuba,2021-04-14,647,27956,96,8387,551,17400,0,2169,96,5758,549,12160,96,17918,California
Yuba,2021-04-15,266,28222,119,8506,147,17547,0,2169,112,5716,154,12314,112,18030,California
Yuba,2021-04-16,286,28508,92,8598,194,17741,0,2169,160,5752,124,12438,160,18190,California
Yuba,2021-04-17,298,28806,8,8606,290,18031,0,2169,265,5985,32,12470,265,18455,California
