county,administered_date,total_doses,cumulative_total_doses,pfizer_doses,cumulative_pfizer_doses,moderna_doses,cumulative_moderna_doses,jj_doses,cumulative_jj_doses,partially_vaccinated,total_partially_vaccinated,fully_vaccinated,cumulative_fully_vaccinated,at_least_one_dose,cumulative_at_least_one_dose,california_flag
All CA Counties,2020-12-15,1151,1151,1151,1151,0,0,0,0,1151,1151,0,0,1151,1151,
All CA Counties,2020-12-16,8447,9598,8447,9598,0,0,0,0,8447,9598,0,0,8447,9598,
All CA Counties,2020-12-17,26427,36025,26427,36025,0,0,0,0,26429,36027,0,0,26429,36027,
All CA Counties,2020-12-18,44956,80981,44899,80924,57,57,0,0,44956,80982,1,1,44956,80983,
All CA Counties,2020-12-19,25382,106363,25356,106280,26,83,0,0,25380,106361,1,2,25380,106363,
All CA Counties,2020-12-20,19074,125437,19045,125325,29,112,0,0,19073,125433,1,3,19073,125436,
All CA Counties,2020-12-21,49662,175099,49571,174896,91,203,0,0,49663,175094,3,6,49664,175100,
All CA Counties,2020-12-22,50065,225164,47929,222825,2136,2339,0,0,50059,225150,3,9,50059,225159,
All CA Counties,2020-12-23,50611,275775,41805,264630,8806,11145,0,0,50606,275755,4,13,50609,275768,
All CA Counties,2020-12-24,24086,299861,16343,280973,7743,18888,0,0,24081,299833,5,18,24083,299851,
All CA Counties,2020-12-25,2349,302210,2024,282997,325,19213,0,0,2349,302182,0,18,2349,302200,
All CA Counties,2020-12-26,14622,316832,9469,292466,5153,24366,0,0,14620,316800,2,20,14620,316820,
All CA Counties,2020-12-27,9456,326288,5601,298067,3855,28221,0,0,9453,326250,3,23,9453,326273,
All CA Counties,2020-12-28,46039,372327,29485,327552,16554,44775,0,0,46035,372282,3,26,46035,372308,
All CA Counties,2020-12-29,51277,423604,28584,356136,22693,67468,0,0,51271,423549,4,30,51271,423579,
All CA Counties,2020-12-30,63087,486691,35626,391762,27461,94929,0,0,63077,486621,8,38,63080,486659,
All CA Counties,2020-12-31,29539,516230,10920,402682,18619,113548,0,0,29520,516125,17,55,29521,516180,
All CA Counties,2021-01-01,4500,520730,2036,404718,2464,116012,0,0,4492,520610,7,62,4492,520672,
All CA Counties,2021-01-02,18515,539245,10244,414962,8271,124283,0,0,18513,539123,0,62,18513,539185,
All CA Counties,2021-01-03,6194,545439,3504,418466,2690,126973,0,0,6161,545271,13,75,6161,545346,
All CA Counties,2021-01-04,43654,589093,22074,440540,21580,148553,0,0,43576,588807,40,115,43576,588922,
All CA Counties,2021-01-05,56675,645768,29869,470409,26806,175359,0,0,51115,634513,5504,5619,51210,640132,
All CA Counties,2021-01-06,73527,719295,40582,510991,32945,208304,0,0,57922,677048,15424,21043,57959,698091,
All CA Counties,2021-01-07,92421,811716,52580,563571,39841,248145,0,0,61184,707222,31066,52109,61240,759331,
All CA Counties,2021-01-08,106944,918660,64223,627794,42721,290866,0,0,65217,730917,41586,93695,65281,824612,
All CA Counties,2021-01-09,44469,963129,25572,653366,18897,309763,0,0,27849,742202,16593,110288,27878,852490,
All CA Counties,2021-01-10,24358,987487,14875,668241,9483,319246,0,0,13107,744095,11234,121522,13127,865617,
All CA Counties,2021-01-11,104683,1092170,69647,737888,35036,354282,0,0,60734,761100,43903,165425,60908,926525,
All CA Counties,2021-01-12,113834,1206004,67389,805277,46445,400727,0,0,72548,792704,41182,206607,72786,999311,
All CA Counties,2021-01-13,119505,1325509,62019,867296,57486,458213,0,0,85563,844499,33854,240461,85649,1084960,
All CA Counties,2021-01-14,124179,1449688,49831,917127,74348,532561,0,0,104446,929492,19625,260086,104618,1189578,
All CA Counties,2021-01-15,142382,1592070,52084,969211,90298,622859,0,0,127135,1041738,15153,275239,127399,1316977,
All CA Counties,2021-01-16,80726,1672796,27454,996665,53272,676131,0,0,73099,1107297,7598,282837,73157,1390134,
All CA Counties,2021-01-17,48313,1721109,16901,1013566,31412,707543,0,0,44638,1148316,3664,286501,44683,1434817,
All CA Counties,2021-01-18,88364,1809473,46157,1059723,42207,749750,0,0,69001,1198210,19287,305788,69181,1503998,
All CA Counties,2021-01-19,142286,1951759,73779,1133502,68507,818257,0,0,111030,1278418,31159,336947,111367,1615365,
All CA Counties,2021-01-20,161096,2112855,82230,1215732,78866,897123,0,0,127329,1372479,33542,370489,127603,1742968,
All CA Counties,2021-01-21,174306,2287161,77252,1292984,97054,994177,0,0,155076,1508919,19008,389497,155448,1898416,
All CA Counties,2021-01-22,170382,2457543,69479,1362463,100903,1095080,0,0,155991,1650834,14249,403746,156164,2054580,
All CA Counties,2021-01-23,111724,2569267,49591,1412054,62133,1157213,0,0,99143,1737579,12523,416269,99268,2153848,
All CA Counties,2021-01-24,61034,2630301,29516,1441570,31518,1188731,0,0,56364,1789368,4639,420908,56428,2210276,
All CA Counties,2021-01-25,145490,2775791,65494,1507064,79996,1268727,0,0,110184,1864750,35173,456081,110555,2320831,
All CA Counties,2021-01-26,169652,2945443,83326,1590390,86326,1355053,0,0,131933,1959367,37580,493661,132197,2453028,
All CA Counties,2021-01-27,183289,3128732,88224,1678614,95065,1450118,0,0,143698,2064021,39261,532922,143915,2596943,
All CA Counties,2021-01-28,188858,3317590,87228,1765842,101630,1551748,0,0,154525,2184733,34038,566960,154750,2751693,
All CA Counties,2021-01-29,184619,3502209,88798,1854640,95821,1647569,0,0,149726,2300336,34309,601269,149912,2901605,
All CA Counties,2021-01-30,124263,3626472,56141,1910781,68122,1715691,0,0,108806,2394000,15285,616554,108949,3010554,
All CA Counties,2021-01-31,69625,3696097,39100,1949881,30525,1746216,0,0,64714,2453911,4861,621415,64772,3075326,
All CA Counties,2021-02-01,162594,3858691,76421,2026302,86173,1832389,0,0,121760,2535152,40661,662076,121902,3197228,
All CA Counties,2021-02-02,185877,4044568,78331,2104633,107546,1939935,0,0,141292,2632406,44300,706376,141554,3338782,
All CA Counties,2021-02-03,211487,4256055,95951,2200584,115536,2055471,0,0,156994,2735683,53991,760367,157268,3496050,
All CA Counties,2021-02-04,228274,4484329,100117,2300701,128157,2183628,0,0,167565,2843442,60166,820533,167925,3663975,
All CA Counties,2021-02-05,246599,4730928,106721,2407422,139878,2323506,0,0,167627,2933448,78162,898695,168168,3832143,
All CA Counties,2021-02-06,155345,4886273,75343,2482765,80002,2403508,0,0,120498,3019765,34676,933371,120993,3953136,
All CA Counties,2021-02-07,67313,4953586,43665,2526430,23648,2427156,0,0,50850,3054684,16381,949752,51300,4004436,
All CA Counties,2021-02-08,181927,5135513,89863,2616293,92064,2519220,0,0,120224,3114402,61259,1011011,120977,4125413,
All CA Counties,2021-02-09,211785,5347298,102521,2718814,109264,2628484,0,0,127024,3158281,84298,1095309,128177,4253590,
All CA Counties,2021-02-10,249045,5596343,120038,2838852,129007,2757491,0,0,138306,3188154,109919,1205228,139792,4393382,
All CA Counties,2021-02-11,266070,5862413,131811,2970663,134259,2891750,0,0,145469,3215963,119460,1324688,147269,4540651,
All CA Counties,2021-02-12,272717,6135130,119545,3090208,153172,3044922,0,0,147162,3240844,124664,1449352,149545,4690196,
All CA Counties,2021-02-13,166816,6301946,77434,3167642,89382,3134304,0,0,92080,3260521,74357,1523709,94034,4784230,
All CA Counties,2021-02-14,95422,6397368,47488,3215130,47934,3182238,0,0,51632,3270081,43616,1567325,53176,4837406,
All CA Counties,2021-02-15,142557,6539925,62532,3277662,80025,3262263,0,0,78792,3288612,63386,1630711,81917,4919323,
All CA Counties,2021-02-16,249428,6789353,118443,3396105,130985,3393248,0,0,133256,3309179,115788,1746499,136355,5055678,
All CA Counties,2021-02-17,259624,7048977,129276,3525381,130348,3523596,0,0,129102,3311530,129960,1876459,132311,5187989,
All CA Counties,2021-02-18,273445,7322422,142755,3668136,130690,3654286,0,0,132031,3307120,140677,2017136,136267,5324256,
All CA Counties,2021-02-19,253897,7576319,147339,3815475,106558,3760844,0,0,130796,3317407,122588,2139724,132875,5457131,
All CA Counties,2021-02-20,154149,7730468,98789,3914264,55360,3816204,0,0,84654,3334828,69215,2208939,86636,5543767,
All CA Counties,2021-02-21,83238,7813706,68970,3983234,14268,3830472,0,0,41751,3336897,41224,2250163,43293,5587060,
All CA Counties,2021-02-22,165193,7978899,110647,4093881,54546,3885018,0,0,82644,3339043,82211,2332374,84357,5671417,
All CA Counties,2021-02-23,226970,8205869,120149,4214030,106821,3991839,0,0,105676,3330038,120674,2453048,111669,5783086,
All CA Counties,2021-02-24,284532,8490401,143936,4357966,140596,4132435,0,0,135027,3323749,148862,2601910,142573,5925659,
All CA Counties,2021-02-25,323308,8813709,159565,4517531,163743,4296178,0,0,169281,3348275,153317,2755227,177843,6103502,
All CA Counties,2021-02-26,357969,9171678,166954,4684485,191015,4487193,0,0,199261,3397052,157768,2912995,206545,6310047,
All CA Counties,2021-02-27,254051,9425729,123780,4808265,130248,4617441,23,23,144208,3436502,109196,3022191,148646,6458693,
All CA Counties,2021-02-28,135502,9561231,81324,4889589,54167,4671608,11,34,79583,3463469,55467,3077658,82434,6541127,
All CA Counties,2021-03-01,244979,9806210,130890,5020479,113959,4785567,130,164,141083,3505607,103088,3180746,145226,6686353,
All CA Counties,2021-03-02,290126,10096336,146770,5167249,143328,4928895,28,192,174832,3572617,114748,3295494,181758,6868111,
All CA Counties,2021-03-03,335196,10431532,167020,5334269,168113,5097008,63,255,193526,3632545,140952,3436446,200880,7068991,
All CA Counties,2021-03-04,353331,10784863,178620,5512889,174616,5271624,95,350,207588,3702299,144967,3581413,214721,7283712,
All CA Counties,2021-03-05,340484,11125347,167461,5680350,171893,5443517,1130,1480,211859,3794762,127785,3709198,220248,7503960,
All CA Counties,2021-03-06,259997,11385344,133532,5813882,118607,5562124,7858,9338,161704,3871174,97860,3807058,174272,7678232,
All CA Counties,2021-03-07,128129,11513473,78705,5892587,45258,5607382,4166,13504,80312,3911702,47621,3854679,88149,7766381,
All CA Counties,2021-03-08,219656,11733129,106643,5999230,102494,5709876,10519,24023,143761,3995461,75475,3930154,159234,7925615,
All CA Counties,2021-03-09,292221,12025350,139738,6138968,136528,5846404,15955,39978,164053,4051838,127665,4057819,184042,8109657,
All CA Counties,2021-03-10,323284,12348634,161239,6300207,137554,5983958,24491,64469,175295,4108481,147296,4205115,203939,8313596,
All CA Counties,2021-03-11,377059,12725693,182298,6482505,161415,6145373,33346,97815,193745,4157420,182343,4387458,231282,8544878,
All CA Counties,2021-03-12,395783,13121476,176864,6659369,172588,6317961,46331,144146,194176,4201317,200760,4588218,244657,8789535,
All CA Counties,2021-03-13,283982,13405458,125006,6784375,127787,6445748,31189,175335,153393,4260014,130124,4718342,188821,8978356,
All CA Counties,2021-03-14,155164,13560622,83418,6867793,56634,6502382,15112,190447,78683,4279884,76179,4794521,96049,9074405,
All CA Counties,2021-03-15,291089,13851711,139099,7006892,131364,6633746,20626,211073,158283,4330159,132029,4926550,182304,9256709,
All CA Counties,2021-03-16,370874,14222585,174159,7181051,179401,6813147,17314,228387,214892,4410347,155213,5081763,235401,9492110,
All CA Counties,2021-03-17,385156,14607741,190896,7371947,175578,6988725,18682,247069,238485,4524242,145792,5227555,259687,9751797,
All CA Counties,2021-03-18,401171,15008912,205435,7577382,177683,7166408,18053,265122,237736,4619854,162311,5389866,257923,10009720,
All CA Counties,2021-03-19,411156,15420068,216129,7793511,173377,7339785,21650,286772,238226,4709864,171930,5561796,261940,10271660,
All CA Counties,2021-03-20,295585,15715653,155587,7949098,124082,7463867,15916,302688,186542,4805495,108328,5670124,203959,10475619,
All CA Counties,2021-03-21,143912,15859565,99484,8048582,36892,7500759,7536,310224,88321,4847540,55194,5725318,97239,10572858,
All CA Counties,2021-03-22,273661,16133226,159373,8207955,103054,7603813,11234,321458,177695,4944352,95157,5820475,191969,10764827,
All CA Counties,2021-03-23,357667,16490893,196878,8404833,149703,7753516,11086,332544,219373,5040050,137349,5957824,233047,10997874,
All CA Counties,2021-03-24,388121,16879014,222175,8627008,153406,7906922,12540,345084,225545,5118901,161315,6119139,240166,11238040,
All CA Counties,2021-03-25,418378,17297392,230519,8857527,172963,8079885,14896,359980,236792,5192502,180231,6299370,253832,11491872,
All CA Counties,2021-03-26,435467,17732859,232942,9090469,186408,8266293,16117,376097,234890,5247022,199326,6498696,253846,11745718,
All CA Counties,2021-03-27,313409,18046268,166745,9257214,134883,8401176,11781,387878,157638,5263766,154917,6653613,171661,11917379,
All CA Counties,2021-03-28,169477,18215745,109121,9366335,56766,8457942,3590,391468,88467,5277439,80546,6734159,94219,12011598,
All CA Counties,2021-03-29,310623,18526368,167208,9533543,134354,8592296,9061,400529,172652,5324484,137169,6871328,184214,12195812,
All CA Counties,2021-03-30,398948,18925316,202052,9735595,178635,8770931,18261,418790,224265,5394908,173860,7045188,244284,12440096,
All CA Counties,2021-03-31,426716,19352032,232193,9967788,172793,8943724,21730,440520,237291,5466591,188343,7233531,260026,12700122,
All CA Counties,2021-04-01,492792,19844824,252359,10220147,200052,9143776,40381,480901,271325,5559420,219995,7453526,312824,13012946,
All CA Counties,2021-04-02,474199,20319023,231210,10451357,199739,9343515,43250,524151,257510,5646365,215418,7668944,302363,13315309,
All CA Counties,2021-04-03,329907,20648930,168081,10619438,120303,9463818,41523,565674,164494,5688766,164730,7833674,207131,13522440,
All CA Counties,2021-04-04,132614,20781544,69183,10688621,44364,9508182,19067,584741,58066,5691814,74223,7907897,77271,13599711,
All CA Counties,2021-04-05,353658,21135202,182274,10870895,131594,9639776,39790,624531,174200,5729490,178732,8086629,216408,13816119,
All CA Counties,2021-04-06,457900,21593102,232056,11102951,160243,9800019,65601,690132,222029,5784106,234905,8321534,289521,14105640,
All CA Counties,2021-04-07,472745,22065847,245375,11348326,157308,9957327,70062,760194,230349,5844074,241402,8562936,301370,14407010,
All CA Counties,2021-04-08,500473,22566320,252333,11600659,163594,10120921,84546,844740,235821,5903198,263419,8826355,322543,14729553,
All CA Counties,2021-04-09,495378,23061698,246911,11847570,168477,10289398,79990,924730,228452,5948834,265807,9092162,311443,15040996,
All CA Counties,2021-04-10,368340,23430038,168630,12016200,125305,10414703,74405,999135,154581,5967482,212976,9305138,231624,15272620,
All CA Counties,2021-04-11,188047,23618085,105647,12121847,48228,10462931,34172,1033307,78062,5972906,109621,9414759,115045,15387665,
All CA Counties,2021-04-12,340814,23958899,175041,12296888,127520,10590451,38253,1071560,157968,5990818,181847,9596606,199759,15587424,
All CA Counties,2021-04-13,434058,24392957,242952,12539840,190144,10780595,962,1072522,242805,6047442,190204,9786810,246828,15834252,
All CA Counties,2021-04-14,454194,24847151,254593,12794433,199308,10979903,293,1072815,236996,6073402,215959,10002769,241919,16076171,
All CA Counties,2021-04-15,494645,25341796,288151,13082584,206204,11186107,290,1073105,277946,6139392,215205,10217974,281195,16357366,
All CA Counties,2021-04-16,478913,25820709,269526,13352110,209076,11395183,311,1073416,256122,6177174,221471,10439445,259253,16616619,
All CA Counties,2021-04-17,344254,26164963,192916,13545026,151273,11546456,65,1073481,195863,6228995,147493,10586938,199314,16815933,
All CA Counties,2021-04-18,155602,26320565,98888,13643914,56696,11603152,18,1073499,80235,6237458,74943,10661881,83406,16899339,
All CA Counties,2021-04-19,320328,26640893,184217,13828131,136014,11739166,97,1073596,151890,6224058,167501,10829382,154101,17053440,
All CA Counties,2021-04-20,408241,27049134,217180,14045311,190987,11930153,74,1073670,203590,6227529,203593,11032975,207064,17260504,
All CA Counties,2021-04-21,421844,27470978,238732,14284043,182845,12112998,267,1073937,203079,6216751,217317,11250292,206539,17467043,
All CA Counties,2021-04-22,446679,27917657,254488,14538531,192114,12305112,77,1074014,199403,6173594,245859,11496151,202702,17669745,
All CA Counties,2021-04-23,439282,28356939,249766,14788297,189427,12494539,89,1074103,199282,6137714,238571,11734722,202691,17872436,
All CA Counties,2021-04-24,325406,28682345,204904,14993201,120324,12614863,178,1074281,165328,6147375,159101,11893823,168762,18041198,
All CA Counties,2021-04-25,149746,28832091,98691,15091892,50987,12665850,68,1074349,80529,6160661,68743,11962566,82029,18123227,
All CA Counties,2021-04-26,300050,29132141,173357,15265249,125157,12791007,1536,1075885,131342,6130314,167701,12130267,137354,18260581,
All CA Counties,2021-04-27,368558,29500699,203241,15468490,158690,12949697,6627,1082512,148882,6070461,218505,12348772,158652,18419233,
All CA Counties,2021-04-28,352374,29853073,201669,15670159,142786,13092483,7919,1090431,145379,6020219,205869,12554641,155627,18574860,
All CA Counties,2021-04-29,361912,30214985,208109,15878268,145876,13238359,7927,1098358,132969,5935201,227748,12782389,142730,18717590,
All CA Counties,2021-04-30,374468,30589453,214527,16092795,151003,13389362,8938,1107296,142190,5857304,230971,13013360,153074,18870664,
All CA Counties,2021-05-01,247730,30837183,158334,16251129,83338,13472700,6058,1113354,89890,5798497,156973,13170333,98166,18968830,
All CA Counties,2021-05-02,116853,30954036,81658,16332787,31315,13504015,3880,1117234,40894,5768086,75555,13245888,45144,19013974,
All CA Counties,2021-05-03,253174,31207210,155451,16488238,88981,13592996,8742,1125976,77264,5679920,175035,13420923,86869,19100843,
All CA Counties,2021-05-04,326714,31533924,198917,16687155,118007,13711003,9790,1135766,97110,5559464,228521,13649444,108065,19208908,
All CA Counties,2021-05-05,330689,31864613,205276,16892431,115358,13826361,10055,1145821,93700,5428447,235750,13885194,104733,19313641,
All CA Counties,2021-05-06,348595,32213208,227313,17119744,110744,13937105,10538,1156359,88533,5271602,258410,14143604,101565,19415206,
All CA Counties,2021-05-07,347238,32560446,217597,17337341,119778,14056883,9863,1166222,94560,5125964,251292,14394896,105654,19520860,
All CA Counties,2021-05-08,225036,32785482,142556,17479897,75604,14132487,6876,1173098,61758,5033729,162333,14557229,70098,19590958,
All CA Counties,2021-05-09,93317,32878799,70336,17550233,20011,14152498,2970,1176068,25400,4994958,67584,14624813,28813,19619771,
All CA Counties,2021-05-10,201854,33080653,114977,17665210,79046,14231544,7831,1183899,50437,4903920,150601,14775414,59563,19679334,
All CA Counties,2021-05-11,265202,33345855,148690,17813900,107912,14339456,8600,1192499,70414,4790805,193850,14969264,80735,19760069,
All CA Counties,2021-05-12,265397,33611252,153862,17967762,102479,14441935,9056,1201555,75205,4687067,189161,15158425,85423,19845492,
All CA Counties,2021-05-13,309353,33920605,199459,18167221,102585,14544520,7309,1208864,118137,4625054,190102,15348527,128089,19973581,
All CA Counties,2021-05-14,333544,34254149,213280,18380501,111485,14656005,8779,1217643,131552,4566682,200795,15549322,142423,20116004,
All CA Counties,2021-05-15,276300,34530449,192687,18573188,77658,14733663,5955,1223598,113408,4524955,162037,15711359,120310,20236314,
All CA Counties,2021-05-16,136144,34666593,104467,18677655,28754,14762417,2923,1226521,55131,4502836,80566,15791925,58447,20294761,
All CA Counties,2021-05-17,238311,34904904,156686,18834341,74228,14836645,7397,1233918,95714,4465083,141717,15933642,103964,20398725,
All CA Counties,2021-05-18,279310,35184214,170075,19004416,101848,14938493,7387,1241305,110290,4416249,167905,16101547,119071,20517796,
All CA Counties,2021-05-19,273545,35457759,170985,19175401,95049,15033542,7511,1248816,114923,4382193,157594,16259141,123538,20641334,
All CA Counties,2021-05-20,260845,35718604,155729,19331130,97007,15130549,8109,1256925,101798,4335685,157929,16417070,111421,20752755,
All CA Counties,2021-05-21,280520,35999124,172669,19503799,99910,15230459,7941,1264866,108606,4282761,170676,16587746,117752,20870507,
All CA Counties,2021-05-22,202302,36201426,133957,19637756,62239,15292698,6106,1270972,86146,4260736,115378,16703124,93353,20963860,
All CA Counties,2021-05-23,86131,36287557,59882,19697638,23566,15316264,2683,1273655,37658,4253400,48069,16751193,40733,21004593,
All CA Counties,2021-05-24,166487,36454044,96555,19794193,61670,15377934,8262,1281917,62928,4222636,102786,16853979,72022,21076615,
All CA Counties,2021-05-25,188492,36642536,110867,19905060,69651,15447585,7974,1289891,72340,4188916,115149,16969128,81429,21158044,
All CA Counties,2021-05-26,183290,36825826,105566,20010626,69921,15517506,7803,1297694,72410,4160046,109794,17078922,80924,21238968,
All CA Counties,2021-05-27,171165,36996991,97838,20108464,64813,15582319,8514,1306208,70068,4139365,100268,17179190,79587,21318555,
All CA Counties,2021-05-28,187366,37184357,108295,20216759,72018,15654337,7053,1313261,81738,4124547,104708,17283898,89890,21408445,
All CA Counties,2021-05-29,105911,37290268,65023,20281782,37117,15691454,3771,1317032,50673,4124767,54706,17338604,54926,21463371,
All CA Counties,2021-05-30,46733,37337001,30833,20312615,13450,15704904,2450,1319482,20971,4122872,25534,17364138,23639,21487010,
All CA Counties,2021-05-31,19716,37356717,11608,20324223,7131,15712035,977,1320459,6487,4117359,13089,17377227,7576,21494586,
All CA Counties,2021-06-01,167038,37523755,97658,20421881,62375,15774410,7005,1327464,62061,4083271,104023,17481250,69935,21564521,
All CA Counties,2021-06-02,141682,37665437,83865,20505746,50757,15825167,7060,1334524,54949,4060069,85858,17567108,62656,21627177,
All CA Counties,2021-06-03,169771,37835208,116240,20621986,46561,15871728,6970,1341494,53795,4006664,115165,17682273,61760,21688937,
All CA Counties,2021-06-04,197741,38032949,139506,20761492,52144,15923872,6091,1347585,61778,3941398,134956,17817229,69690,21758627,
All CA Counties,2021-06-05,155874,38188823,117744,20879236,32608,15956480,5522,1353107,44862,3882458,110240,17927469,51300,21809927,
All CA Counties,2021-06-06,62965,38251788,53070,20932306,7715,15964195,2180,1355287,18421,3859588,44264,17971733,21394,21831321,
All CA Counties,2021-06-07,135396,38387184,99495,21031801,30063,15994258,5838,1361125,40968,3813245,93842,18065575,47499,21878820,
All CA Counties,2021-06-08,156941,38544125,114130,21145931,36133,16030391,6678,1367803,47737,3760343,108336,18173911,55434,21934254,
All CA Counties,2021-06-09,150686,38694811,109700,21255631,34285,16064676,6701,1374504,42087,3702213,107827,18281738,49697,21983951,
All CA Counties,2021-06-10,144934,38839745,104509,21360140,33267,16097943,7158,1381662,43044,3652250,101198,18382936,51235,22035186,
All CA Counties,2021-06-11,157085,38996830,110456,21470596,39992,16137935,6637,1388299,49237,3602021,106987,18489923,56758,22091944,
All CA Counties,2021-06-12,113137,39109967,85759,21556355,23722,16161657,3656,1391955,32244,3558180,80368,18570291,36527,22128471,
All CA Counties,2021-06-13,44031,39153998,32757,21589112,9266,16170923,2008,1393963,11294,3539371,32503,18602794,13694,22142165,
All CA Counties,2021-06-14,113856,39267854,81044,21670156,26185,16197108,6627,1400590,38982,3511286,74295,18677089,46210,22188375,
All CA Counties,2021-06-15,130552,39398406,88367,21758523,33614,16230722,8571,1409161,43984,3478952,85753,18762842,53419,22241794,
All CA Counties,2021-06-16,118124,39516530,83302,21841825,27484,16258206,7338,1416499,40945,3451492,76459,18839301,48999,22290793,
All CA Counties,2021-06-17,96636,39613166,65592,21907417,24491,16282697,6553,1423052,33893,3430352,62131,18901432,40991,22331784,
All CA Counties,2021-06-18,66483,39679649,45772,21953189,15599,16298296,5112,1428164,22546,3414874,43440,18944872,27962,22359746,
All CA and Non-CA Counties,2020-12-15,1159,1159,1159,1159,0,0,0,0,1159,1159,0,0,1159,1159,
All CA and Non-CA Counties,2020-12-16,8722,9881,8722,9881,0,0,0,0,8722,9881,0,0,8722,9881,
All CA and Non-CA Counties,2020-12-17,28035,37916,28035,37916,0,0,0,0,28035,37916,0,0,28035,37916,
All CA and Non-CA Counties,2020-12-18,47503,85419,47439,85355,64,64,0,0,47502,85417,1,1,47502,85418,
All CA and Non-CA Counties,2020-12-19,26423,111842,26396,111751,27,91,0,0,26422,111838,1,2,26422,111840,
All CA and Non-CA Counties,2020-12-20,19755,131597,19723,131474,32,123,0,0,19754,131591,1,3,19754,131594,
All CA and Non-CA Counties,2020-12-21,51854,183451,51760,183234,94,217,0,0,51851,183440,3,6,51852,183446,
All CA and Non-CA Counties,2020-12-22,52138,235589,49927,233161,2211,2428,0,0,52132,235569,3,9,52132,235578,
All CA and Non-CA Counties,2020-12-23,52150,287739,43200,276361,8950,11378,0,0,52144,287711,5,14,52147,287725,
All CA and Non-CA Counties,2020-12-24,24894,312633,16958,293319,7936,19314,0,0,24889,312597,5,19,24891,312616,
All CA and Non-CA Counties,2020-12-25,2384,315017,2054,295373,330,19644,0,0,2384,314981,0,19,2384,315000,
All CA and Non-CA Counties,2020-12-26,14931,329948,9676,305049,5255,24899,0,0,14929,329908,2,21,14929,329929,
All CA and Non-CA Counties,2020-12-27,9645,339593,5672,310721,3973,28872,0,0,9642,339547,3,24,9642,339571,
All CA and Non-CA Counties,2020-12-28,47453,387046,30384,341105,17069,45941,0,0,47449,386993,3,27,47449,387020,
All CA and Non-CA Counties,2020-12-29,52822,439868,29607,370712,23215,69156,0,0,52816,439805,4,31,52816,439836,
All CA and Non-CA Counties,2020-12-30,65029,504897,36911,407623,28118,97274,0,0,65019,504819,8,39,65022,504858,
All CA and Non-CA Counties,2020-12-31,30645,535542,11523,419146,19122,116396,0,0,30624,535426,18,57,30625,535483,
All CA and Non-CA Counties,2021-01-01,4614,540156,2062,421208,2552,118948,0,0,4606,540025,7,64,4606,540089,
All CA and Non-CA Counties,2021-01-02,18762,558918,10379,431587,8383,127331,0,0,18759,558783,1,65,18759,558848,
All CA and Non-CA Counties,2021-01-03,6366,565284,3595,435182,2771,130102,0,0,6333,565103,13,78,6333,565181,
All CA and Non-CA Counties,2021-01-04,44800,610084,22583,457765,22217,152319,0,0,44717,609779,41,119,44717,609898,
All CA and Non-CA Counties,2021-01-05,58230,668314,30694,488459,27536,179855,0,0,52476,656655,5696,5815,52572,662470,
All CA and Non-CA Counties,2021-01-06,76215,744529,42171,530630,34044,213899,0,0,59874,700409,16157,21972,59911,722381,
All CA and Non-CA Counties,2021-01-07,96639,841168,55184,585814,41455,255354,0,0,63742,731487,32723,54695,63801,786182,
All CA and Non-CA Counties,2021-01-08,111436,952604,67133,652947,44303,299657,0,0,67831,755930,43456,98151,67899,854081,
All CA and Non-CA Counties,2021-01-09,45772,998376,26106,679053,19666,319323,0,0,28824,767865,16920,115071,28855,882936,
All CA and Non-CA Counties,2021-01-10,24659,1023035,15061,694114,9598,328921,0,0,13285,769813,11357,126428,13305,896241,
All CA and Non-CA Counties,2021-01-11,107982,1131017,71673,765787,36309,365230,0,0,62693,787437,45243,171671,62867,959108,
All CA and Non-CA Counties,2021-01-12,117689,1248706,69706,835493,47983,413213,0,0,74848,819795,42732,214403,75090,1034198,
All CA and Non-CA Counties,2021-01-13,123183,1371889,63835,899328,59348,472561,0,0,88051,872891,35044,249447,88140,1122338,
All CA and Non-CA Counties,2021-01-14,127887,1499776,51116,950444,76771,549332,0,0,107506,960312,20260,269707,107681,1230019,
All CA and Non-CA Counties,2021-01-15,146585,1646361,53097,1003541,93488,642820,0,0,130860,1075819,15618,285325,131125,1361144,
All CA and Non-CA Counties,2021-01-16,83409,1729770,27848,1031389,55561,698381,0,0,75605,1143709,7773,293098,75663,1436807,
All CA and Non-CA Counties,2021-01-17,48822,1778592,17055,1048444,31767,730148,0,0,45098,1185139,3713,296811,45143,1481950,
All CA and Non-CA Counties,2021-01-18,89588,1868180,46939,1095383,42649,772797,0,0,69770,1235348,19741,316552,69950,1551900,
All CA and Non-CA Counties,2021-01-19,146406,2014586,75119,1170502,71287,844084,0,0,114250,1317880,32058,348610,114590,1666490,
All CA and Non-CA Counties,2021-01-20,165603,2180189,83718,1254220,81885,925969,0,0,130836,1414453,34539,383149,131112,1797602,
All CA and Non-CA Counties,2021-01-21,178572,2358761,78448,1332668,100124,1026093,0,0,158758,1554010,19577,402726,159134,1956736,
All CA and Non-CA Counties,2021-01-22,174977,2533738,70600,1403268,104377,1130470,0,0,160174,1699704,14656,417382,160350,2117086,
All CA and Non-CA Counties,2021-01-23,113965,2647703,49930,1453198,64035,1194505,0,0,101219,1788360,12688,430070,101344,2218430,
All CA and Non-CA Counties,2021-01-24,61610,2709313,29752,1482950,31858,1226363,0,0,56862,1840568,4718,434788,56926,2275356,
All CA and Non-CA Counties,2021-01-25,149932,2859245,67395,1550345,82537,1308900,0,0,113756,1918657,36039,470827,114128,2389484,
All CA and Non-CA Counties,2021-01-26,175452,3034697,86076,1636421,89376,1398276,0,0,136877,2017367,38438,509265,137148,2526632,
All CA and Non-CA Counties,2021-01-27,188062,3222759,90669,1727090,97393,1495669,0,0,147834,2125527,39893,549158,148053,2674685,
All CA and Non-CA Counties,2021-01-28,193809,3416568,89805,1816895,104004,1599673,0,0,158877,2250001,34629,583787,159103,2833788,
All CA and Non-CA Counties,2021-01-29,189308,3605876,91679,1908574,97629,1697302,0,0,153615,2368698,35106,618893,153803,2987591,
All CA and Non-CA Counties,2021-01-30,128377,3734253,58257,1966831,70120,1767422,0,0,112691,2466017,15516,634409,112835,3100426,
All CA and Non-CA Counties,2021-01-31,72332,3806585,41413,2008244,30919,1798341,0,0,67365,2528524,4917,639326,67424,3167850,
All CA and Non-CA Counties,2021-02-01,167920,3974505,78847,2087091,89073,1887414,0,0,126360,2613648,41380,680706,126504,3294354,
All CA and Non-CA Counties,2021-02-02,192370,4166875,80316,2167407,112054,1999468,0,0,147064,2715961,45014,725720,147327,3441681,
All CA and Non-CA Counties,2021-02-03,218611,4385486,97848,2265255,120763,2120231,0,0,163248,2824630,54854,780574,163523,3605204,
All CA and Non-CA Counties,2021-02-04,234849,4620335,102073,2367328,132776,2253007,0,0,173131,2936956,61166,841740,173492,3778696,
All CA and Non-CA Counties,2021-02-05,253169,4873504,108718,2476046,144451,2397458,0,0,173111,3031365,79243,920983,173652,3952348,
All CA and Non-CA Counties,2021-02-06,159379,5032883,77123,2553169,82256,2479714,0,0,124072,3120807,35128,956111,124570,4076918,
All CA and Non-CA Counties,2021-02-07,69167,5102050,45133,2598302,24034,2503748,0,0,52627,3157428,16458,972569,53079,4129997,
All CA and Non-CA Counties,2021-02-08,186538,5288588,92516,2690818,94022,2597770,0,0,123774,3219646,62309,1034878,124527,4254524,
All CA and Non-CA Counties,2021-02-09,215764,5504352,104156,2794974,111608,2709378,0,0,129703,3264928,85588,1120466,130870,4385394,
All CA and Non-CA Counties,2021-02-10,254371,5758723,121727,2916701,132644,2842022,0,0,141204,3295320,112339,1232805,142731,4528125,
All CA and Non-CA Counties,2021-02-11,270650,6029373,133838,3050539,136812,2978834,0,0,148727,3325094,120771,1353576,150545,4678670,
All CA and Non-CA Counties,2021-02-12,277854,6307227,121395,3171934,156459,3135293,0,0,150466,3351463,126484,1480060,152853,4831523,
All CA and Non-CA Counties,2021-02-13,169119,6476346,78080,3250014,91039,3226332,0,0,93830,3372350,74909,1554969,95796,4927319,
All CA and Non-CA Counties,2021-02-14,96694,6573040,47841,3297855,48853,3275185,0,0,52661,3382702,43855,1598824,54207,4981526,
All CA and Non-CA Counties,2021-02-15,145001,6718041,63974,3361829,81027,3356212,0,0,79991,3401205,64616,1663440,83119,5064645,
All CA and Non-CA Counties,2021-02-16,255592,6973633,121077,3482906,134515,3490727,0,0,135767,3420645,119430,1782870,138870,5203515,
All CA and Non-CA Counties,2021-02-17,265198,7238831,131909,3614815,133289,3624016,0,0,130864,3420957,133766,1916636,134078,5337593,
All CA and Non-CA Counties,2021-02-18,279512,7518343,146080,3760895,133432,3757448,0,0,134058,3414556,144695,2061331,138294,5475887,
All CA and Non-CA Counties,2021-02-19,259371,7777714,151068,3911963,108303,3865751,0,0,133196,3424178,125655,2186986,135277,5611164,
All CA and Non-CA Counties,2021-02-20,157151,7934865,101140,4013103,56011,3921762,0,0,85886,3441066,70981,2257967,87869,5699033,
All CA and Non-CA Counties,2021-02-21,85627,8020492,71140,4084243,14487,3936249,0,0,42571,3442392,42787,2300754,44113,5743146,
All CA and Non-CA Counties,2021-02-22,168489,8188981,113001,4197244,55488,3991737,0,0,84267,3444495,83881,2384635,85984,5829130,
All CA and Non-CA Counties,2021-02-23,232738,8421719,123313,4320557,109425,4101162,0,0,107997,3434385,124113,2508748,114003,5943133,
All CA and Non-CA Counties,2021-02-24,290696,8712415,147284,4467841,143412,4244574,0,0,137475,3426838,152571,2661319,145024,6088157,
All CA and Non-CA Counties,2021-02-25,329981,9042396,162887,4630728,167094,4411668,0,0,172357,3450877,156884,2818203,180923,6269080,
All CA and Non-CA Counties,2021-02-26,364595,9406991,170375,4801103,194220,4605888,0,0,202366,3499323,161205,2979408,209651,6478731,
All CA and Non-CA Counties,2021-02-27,259215,9666206,126248,4927351,132943,4738831,24,24,146093,3537396,112462,3091870,150535,6629266,
All CA and Non-CA Counties,2021-02-28,137642,9803848,82819,5010170,54811,4793642,12,36,80386,3563837,56799,3148669,83240,6712506,
All CA and Non-CA Counties,2021-03-01,249392,10053240,133509,5143679,115752,4909394,131,167,142442,3604297,106131,3254800,146591,6859097,
All CA and Non-CA Counties,2021-03-02,296582,10349822,149031,5292710,147523,5056917,28,195,176892,3668986,119131,3373931,183820,7042917,
All CA and Non-CA Counties,2021-03-03,342907,10692729,169930,5462640,172912,5229829,65,260,196211,3726593,145963,3519894,203570,7246487,
All CA and Non-CA Counties,2021-03-04,359943,11052672,181320,5643960,178522,5408351,101,361,209915,3794416,149233,3669127,217056,7463543,
All CA and Non-CA Counties,2021-03-05,345668,11398340,170028,5813988,174496,5582847,1144,1505,214591,3887188,130230,3799357,223002,7686545,
All CA and Non-CA Counties,2021-03-06,264546,11662886,135611,5949599,120919,5703766,8016,9521,164043,3963897,100069,3899426,176778,7863323,
All CA and Non-CA Counties,2021-03-07,129650,11792536,79671,6029270,45756,5749522,4223,13744,81257,4004854,48196,3947622,89153,7952476,
All CA and Non-CA Counties,2021-03-08,222744,12015280,108487,6137757,103511,5853033,10746,24490,145946,4090158,76349,4023971,161653,8114129,
All CA and Non-CA Counties,2021-03-09,296866,12312146,142143,6279900,138479,5991512,16244,40734,166824,4147724,129536,4153507,187102,8301231,
All CA and Non-CA Counties,2021-03-10,327592,12639738,163316,6443216,139302,6130814,24974,65708,177982,4205931,148909,4302416,207116,8508347,
All CA and Non-CA Counties,2021-03-11,383151,13022889,185404,6628620,163729,6294543,34018,99726,197034,4256036,185138,4487554,235243,8743590,
All CA and Non-CA Counties,2021-03-12,402199,13425088,180745,6809365,174421,6468964,47033,146759,197731,4301339,203611,4691165,248914,8992504,
All CA and Non-CA Counties,2021-03-13,287716,13712804,127176,6936541,128903,6597867,31637,178396,155949,4361871,131295,4822460,191827,9184331,
All CA and Non-CA Counties,2021-03-14,156930,13869734,84335,7020876,57150,6655017,15445,193841,79646,4382235,76982,4899442,97346,9281677,
All CA and Non-CA Counties,2021-03-15,295111,14164845,141218,7162094,132799,6787816,21094,214935,160434,4433268,133894,5033336,184927,9466604,
All CA and Non-CA Counties,2021-03-16,378378,14543223,178520,7340614,182151,6969967,17707,232642,219075,4514709,158532,5191868,239973,9706577,
All CA and Non-CA Counties,2021-03-17,393564,14936787,196352,7536966,178151,7148118,19061,251703,243548,4630704,149135,5341003,265130,9971707,
All CA and Non-CA Counties,2021-03-18,409473,15346260,210563,7747529,180314,7328432,18596,270299,242537,4728171,165800,5506803,263267,10234974,
All CA and Non-CA Counties,2021-03-19,418460,15764720,220469,7967998,175796,7504228,22195,292494,242592,4820163,174863,5681666,266855,10501829,
All CA and Non-CA Counties,2021-03-20,300315,16065035,158715,8126713,125595,7629823,16005,308499,190150,4918384,109436,5791102,207657,10709486,
All CA and Non-CA Counties,2021-03-21,145986,16211021,100908,8227621,37453,7667276,7625,316124,89978,4961760,55609,5846711,98985,10808471,
All CA and Non-CA Counties,2021-03-22,276936,16487957,161349,8388970,104262,7771538,11325,327449,179934,5059876,96182,5942893,194298,11002769,
All CA and Non-CA Counties,2021-03-23,363741,16851698,199963,8588933,152382,7923920,11396,338845,223489,5158056,139293,6082186,237473,11240242,
All CA and Non-CA Counties,2021-03-24,395441,17247139,225920,8814853,156536,8080456,12985,351830,230592,5240130,163582,6245768,245656,11485898,
All CA and Non-CA Counties,2021-03-25,426653,17673792,234358,9049211,176874,8257330,15421,367251,242805,5318019,182481,6428249,260370,11746268,
All CA and Non-CA Counties,2021-03-26,442139,18115931,236453,9285664,189387,8446717,16299,383550,239289,5374872,201573,6629822,258426,12004694,
All CA and Non-CA Counties,2021-03-27,318961,18434892,169854,9455518,137108,8583825,11999,395549,161124,5393258,156977,6786799,175363,12180057,
All CA and Non-CA Counties,2021-03-28,172563,18607455,110772,9566290,58040,8641865,3751,399300,90457,5407992,81636,6868435,96370,12276427,
All CA and Non-CA Counties,2021-03-29,315814,18923269,169511,9735801,136898,8778763,9405,408705,175628,5456147,139379,7007814,187534,12463961,
All CA and Non-CA Counties,2021-03-30,405837,19329106,205679,9941480,181333,8960096,18825,427530,228335,5528403,176669,7184483,248925,12712886,
All CA and Non-CA Counties,2021-03-31,433068,19762174,235976,10177456,174582,9134678,22510,450040,240662,5601259,191318,7375801,264174,12977060,
All CA and Non-CA Counties,2021-04-01,500306,20262480,256848,10434304,202431,9337109,41027,491067,275670,5695911,223155,7598956,317807,13294867,
All CA and Non-CA Counties,2021-04-02,482668,20745148,235712,10670016,202559,9539668,44397,535464,261885,5784291,219503,7818459,307883,13602750,
All CA and Non-CA Counties,2021-04-03,336166,21081314,171818,10841834,121666,9661334,42682,578146,167824,5828257,167653,7986112,211619,13814369,
All CA and Non-CA Counties,2021-04-04,134397,21215711,70057,10911891,45037,9706371,19303,597449,59043,5831711,75028,8061140,78482,13892851,
All CA and Non-CA Counties,2021-04-05,357819,21573530,184285,11096176,133075,9839446,40459,637908,176187,5869873,180900,8242040,219062,14111913,
All CA and Non-CA Counties,2021-04-06,465088,22038618,235927,11332103,161915,10001361,67246,705154,224920,5924738,239188,8481228,294053,14405966,
All CA and Non-CA Counties,2021-04-07,480978,22519596,249998,11582101,159219,10160580,71761,776915,233550,5984574,246425,8727653,306261,14712227,
All CA and Non-CA Counties,2021-04-08,508736,23028332,256680,11838781,165573,10326153,86483,863398,239118,6043965,268375,8996028,327766,15039993,
All CA and Non-CA Counties,2021-04-09,502952,23531284,250789,12089570,170209,10496362,81954,945352,231363,6089822,270458,9266486,316315,15356308,
All CA and Non-CA Counties,2021-04-10,374425,23905709,171609,12261179,126553,10622915,76263,1021615,156249,6107578,217386,9483872,235142,15591450,
All CA and Non-CA Counties,2021-04-11,190902,24096611,107211,12368390,48879,10671794,34812,1056427,79031,6112728,111503,9595375,116653,15708103,
All CA and Non-CA Counties,2021-04-12,344992,24441603,177380,12545770,128803,10800597,38809,1095236,159832,6130755,184151,9779526,202178,15910281,
All CA and Non-CA Counties,2021-04-13,439904,24881507,246676,12792446,192241,10992838,987,1096223,245827,6187607,193023,9972549,249875,16160156,
All CA and Non-CA Counties,2021-04-14,459608,25341115,258035,13050481,201276,11194114,297,1096520,239953,6214077,218410,10190959,244880,16405036,
All CA and Non-CA Counties,2021-04-15,500837,25841952,292056,13342537,208484,11402598,297,1096817,281288,6280619,218003,10408962,284545,16689581,
All CA and Non-CA Counties,2021-04-16,484838,26326790,272918,13615455,211602,11614200,318,1097135,259434,6319123,224075,10633037,262579,16952160,
All CA and Non-CA Counties,2021-04-17,349790,26676580,196395,13811850,153329,11767529,66,1097201,199079,6371859,149802,10782839,202538,17154698,
All CA and Non-CA Counties,2021-04-18,157728,26834308,100075,13911925,57634,11825163,19,1097220,81248,6380231,76051,10858890,84423,17239121,
All CA and Non-CA Counties,2021-04-19,324511,27158819,186226,14098151,138187,11963350,98,1097318,154048,6366982,169515,11028405,156266,17395387,
All CA and Non-CA Counties,2021-04-20,413655,27572474,219642,14317793,193939,12157289,74,1097392,205805,6369480,206783,11235188,209281,17604668,
All CA and Non-CA Counties,2021-04-21,428287,28000761,241429,14559222,186586,12343875,272,1097664,205389,6356924,221429,11456617,208873,17813541,
All CA and Non-CA Counties,2021-04-22,453466,28454227,257938,14817160,195448,12539323,80,1097744,201897,6311987,250137,11706754,205200,18018741,
All CA and Non-CA Counties,2021-04-23,445169,28899396,252760,15069920,192319,12731642,90,1097834,201715,6275105,242009,11948763,205127,18223868,
All CA and Non-CA Counties,2021-04-24,330068,29229464,207956,15277876,121929,12853571,183,1098017,167200,6283861,161886,12110649,170642,18394510,
All CA and Non-CA Counties,2021-04-25,151979,29381443,99947,15377823,51963,12905534,69,1098086,81714,6297292,69787,12180436,83218,18477728,
All CA and Non-CA Counties,2021-04-26,304203,29685646,175191,15553014,127448,13032982,1564,1099650,133223,6266592,169963,12350399,139263,18616991,
All CA and Non-CA Counties,2021-04-27,374266,30059912,205360,15758374,161907,13194889,6999,1106649,150880,6205416,222205,12572604,161029,18778020,
All CA and Non-CA Counties,2021-04-28,357239,30417151,203745,15962119,145179,13340068,8315,1114964,147291,6154537,208809,12781413,157930,18935950,
All CA and Non-CA Counties,2021-04-29,366774,30783925,210356,16172475,148058,13488126,8360,1123324,134803,6068776,230758,13012171,144997,19080947,
All CA and Non-CA Counties,2021-04-30,379398,31163323,216899,16389374,153132,13641258,9367,1132691,144061,5990136,234017,13246188,155377,19236324,
All CA and Non-CA Counties,2021-05-01,250910,31414233,160179,16549553,84244,13725502,6487,1139178,91197,5931205,158834,13405022,99903,19336227,
All CA and Non-CA Counties,2021-05-02,118731,31532964,82755,16632308,31973,13757475,4003,1143181,41741,5900737,76582,13481604,46114,19382341,
All CA and Non-CA Counties,2021-05-03,256081,31789045,157027,16789335,90025,13847500,9029,1152210,78392,5812211,176809,13658413,88283,19470624,
All CA and Non-CA Counties,2021-05-04,330657,32119702,201027,16990362,119396,13966896,10234,1162444,98425,5690893,231140,13889553,109822,19580446,
All CA and Non-CA Counties,2021-05-05,335121,32454823,207746,17198108,116948,14083844,10427,1172871,95333,5559091,238543,14128096,106741,19687187,
All CA and Non-CA Counties,2021-05-06,353072,32807895,230053,17428161,112137,14195981,10882,1183753,90094,5401240,261321,14389417,103470,19790657,
All CA and Non-CA Counties,2021-05-07,351877,33159772,220263,17648424,121361,14317342,10253,1194006,96158,5254560,254322,14643739,107642,19898299,
All CA and Non-CA Counties,2021-05-08,228239,33388011,144707,17793131,76403,14393745,7129,1201135,62818,5161506,164466,14808205,71412,19969711,
All CA and Non-CA Counties,2021-05-09,94691,33482702,71246,17864377,20348,14414093,3097,1204232,25989,5122669,68364,14876569,29527,19999238,
All CA and Non-CA Counties,2021-05-10,204398,33687100,116140,17980517,80094,14494187,8164,1212396,51344,5031243,152231,15028800,60805,20060043,
All CA and Non-CA Counties,2021-05-11,268161,33955261,150087,18130604,109172,14603359,8902,1221298,71521,4917688,195701,15224501,82146,20142189,
All CA and Non-CA Counties,2021-05-12,268584,34223845,155382,18285986,103819,14707178,9383,1230681,76474,4813632,191074,15415575,87018,20229207,
All CA and Non-CA Counties,2021-05-13,312471,34536316,201249,18487235,103702,14810880,7520,1238201,119509,4751461,191844,15607419,129673,20358880,
All CA and Non-CA Counties,2021-05-14,337049,34873365,215245,18702480,112786,14923666,9018,1247219,133130,4692987,202716,15810135,144242,20503122,
All CA and Non-CA Counties,2021-05-15,278935,35152300,194233,18896713,78603,15002269,6099,1253318,114541,4651043,163534,15973669,121590,20624712,
All CA and Non-CA Counties,2021-05-16,137774,35290074,105507,19002220,29274,15031543,2993,1256311,55872,4628850,81452,16055121,59259,20683971,
All CA and Non-CA Counties,2021-05-17,241364,35531438,158298,19160518,75432,15106975,7634,1263945,97033,4590923,143446,16198567,105519,20789490,
All CA and Non-CA Counties,2021-05-18,282555,35813993,171715,19332233,103138,15210113,7702,1271647,111753,4542098,169677,16368244,120852,20910342,
All CA and Non-CA Counties,2021-05-19,276872,36090865,172660,19504893,96433,15306546,7779,1279426,116388,4507920,159448,16527692,125270,21035612,
All CA and Non-CA Counties,2021-05-20,263954,36354819,157443,19662336,98166,15404712,8345,1287771,103217,4461387,159612,16687304,113079,21148691,
All CA and Non-CA Counties,2021-05-21,283729,36638548,174463,19836799,101073,15505785,8193,1295964,109998,4408300,172483,16859787,119396,21268087,
All CA and Non-CA Counties,2021-05-22,205123,36843671,135828,19972627,62987,15568772,6308,1302272,87701,4386775,116636,16976423,95111,21363198,
All CA and Non-CA Counties,2021-05-23,87659,36931330,60876,20033503,24022,15592794,2761,1305033,38416,4379507,48838,17025261,41570,21404768,
All CA and Non-CA Counties,2021-05-24,168872,37100202,97683,20131186,62579,15655373,8610,1313643,63974,4348806,104117,17129378,73416,21478184,
All CA and Non-CA Counties,2021-05-25,190874,37291076,111974,20243160,70590,15725963,8310,1321953,73364,4315096,116497,17245875,82787,21560971,
All CA and Non-CA Counties,2021-05-26,185673,37476749,106672,20349832,70846,15796809,8155,1330108,73424,4286229,111158,17357033,82291,21643262,
All CA and Non-CA Counties,2021-05-27,173350,37650099,98937,20448769,65611,15862420,8802,1338910,71091,4265699,101426,17458459,80896,21724158,
All CA and Non-CA Counties,2021-05-28,189802,37839901,109522,20558291,72875,15935295,7405,1346315,82849,4251027,106026,17564485,91354,21815512,
All CA and Non-CA Counties,2021-05-29,107601,37947502,65885,20624176,37590,15972885,4126,1350441,51412,4251394,55653,17620138,56020,21871532,
All CA and Non-CA Counties,2021-05-30,47659,37995161,31400,20655576,13684,15986569,2575,1353016,21438,4249635,25990,17646128,24231,21895763,
All CA and Non-CA Counties,2021-05-31,20136,38015297,11795,20667371,7327,15993896,1014,1354030,6667,4244111,13317,17659445,7793,21903556,
All CA and Non-CA Counties,2021-06-01,169175,38184472,98771,20766142,63092,16056988,7312,1361342,63112,4210299,105105,17764550,71293,21974849,
All CA and Non-CA Counties,2021-06-02,143776,38328248,84943,20851085,51430,16108418,7403,1368745,55958,4187373,86934,17851484,64008,22038857,
All CA and Non-CA Counties,2021-06-03,171947,38500195,117450,20968535,47215,16155633,7282,1376027,54809,4134139,116319,17967803,63085,22101942,
All CA and Non-CA Counties,2021-06-04,200309,38700504,140949,21109484,52953,16208586,6407,1382434,62914,4068898,136382,18104185,71141,22173083,
All CA and Non-CA Counties,2021-06-05,157610,38858114,118967,21228451,32959,16241545,5684,1388118,45683,4010030,111152,18215337,52284,22225367,
All CA and Non-CA Counties,2021-06-06,63909,38922023,53777,21282228,7868,16249413,2264,1390382,18881,3987222,44746,18260083,21938,22247305,
All CA and Non-CA Counties,2021-06-07,137323,39059346,100536,21382764,30618,16280031,6169,1396551,41794,3940935,94942,18355025,48655,22295960,
All CA and Non-CA Counties,2021-06-08,159013,39218359,115318,21498082,36676,16316707,7019,1403570,48545,3887923,109594,18464619,56582,22352542,
All CA and Non-CA Counties,2021-06-09,152665,39371024,110891,21608973,34793,16351500,6981,1410551,42915,3829755,108972,18573591,50804,22403346,
All CA and Non-CA Counties,2021-06-10,146860,39517884,105627,21714600,33769,16385269,7464,1418015,43878,3779846,102285,18675876,52376,22455722,
All CA and Non-CA Counties,2021-06-11,159245,39677129,111696,21826296,40586,16425855,6963,1424978,50170,3729657,108207,18784083,58018,22513740,
All CA and Non-CA Counties,2021-06-12,114725,39791854,86940,21913236,24004,16449859,3781,1428759,32870,3685610,81326,18865409,37279,22551019,
All CA and Non-CA Counties,2021-06-13,44956,39836810,33383,21946619,9468,16459327,2105,1430864,11697,3666783,33021,18898430,14194,22565213,
All CA and Non-CA Counties,2021-06-14,115721,39952531,82146,22028765,26655,16485982,6920,1437784,39857,3638880,75280,18973710,47377,22612590,
All CA and Non-CA Counties,2021-06-15,132290,40084821,89341,22118106,34112,16520094,8837,1446621,44757,3606625,86713,19060423,54458,22667048,
All CA and Non-CA Counties,2021-06-16,119840,40204661,84374,22202480,27909,16548003,7557,1454178,41833,3579453,77278,19137701,50106,22717154,
All CA and Non-CA Counties,2021-06-17,98361,40303022,66499,22268979,24979,16572982,6883,1461061,34698,3558533,63048,19200749,42128,22759282,
All CA and Non-CA Counties,2021-06-18,67536,40370558,46260,22315239,15837,16588819,5439,1466500,22922,3543084,44115,19244864,28666,22787948,
Outside California,2020-12-15,8,8,8,8,0,0,0,0,8,8,0,0,8,8,Not in California
Outside California,2020-12-16,275,283,275,283,0,0,0,0,275,283,0,0,275,283,Not in California
Outside California,2020-12-17,1606,1889,1606,1889,0,0,0,0,1606,1889,0,0,1606,1889,Not in California
Outside California,2020-12-18,2546,4435,2539,4428,7,7,0,0,2546,4435,0,0,2546,4435,Not in California
Outside California,2020-12-19,1041,5476,1040,5468,1,8,0,0,1041,5476,0,0,1041,5476,Not in California
Outside California,2020-12-20,681,6157,678,6146,3,11,0,0,681,6157,0,0,681,6157,Not in California
Outside California,2020-12-21,2188,8345,2185,8331,3,14,0,0,2188,8345,0,0,2188,8345,Not in California
Outside California,2020-12-22,2073,10418,1998,10329,75,89,0,0,2073,10418,0,0,2073,10418,Not in California
Outside California,2020-12-23,1539,11957,1395,11724,144,233,0,0,1538,11955,1,1,1538,11956,Not in California
Outside California,2020-12-24,808,12765,615,12339,193,426,0,0,808,12763,0,1,808,12764,Not in California
Outside California,2020-12-25,35,12800,30,12369,5,431,0,0,35,12798,0,1,35,12799,Not in California
Outside California,2020-12-26,309,13109,207,12576,102,533,0,0,309,13107,0,1,309,13108,Not in California
Outside California,2020-12-27,189,13298,71,12647,118,651,0,0,189,13296,0,1,189,13297,Not in California
Outside California,2020-12-28,1413,14711,898,13545,515,1166,0,0,1413,14709,0,1,1413,14710,Not in California
Outside California,2020-12-29,1544,16255,1022,14567,522,1688,0,0,1544,16253,0,1,1544,16254,Not in California
Outside California,2020-12-30,1888,18143,1231,15798,657,2345,0,0,1888,18141,0,1,1888,18142,Not in California
Outside California,2020-12-31,1105,19248,603,16401,502,2847,0,0,1104,19244,1,2,1104,19246,Not in California
Outside California,2021-01-01,114,19362,26,16427,88,2935,0,0,114,19358,0,2,114,19360,Not in California
Outside California,2021-01-02,246,19608,135,16562,111,3046,0,0,245,19602,1,3,245,19605,Not in California
Outside California,2021-01-03,172,19780,91,16653,81,3127,0,0,172,19774,0,3,172,19777,Not in California
Outside California,2021-01-04,1145,20925,508,17161,637,3764,0,0,1140,20913,1,4,1140,20917,Not in California
Outside California,2021-01-05,1555,22480,825,17986,730,4494,0,0,1361,22083,192,196,1362,22279,Not in California
Outside California,2021-01-06,2684,25164,1587,19573,1097,5591,0,0,1948,23298,733,929,1948,24227,Not in California
Outside California,2021-01-07,4151,29315,2537,22110,1614,7205,0,0,2492,24136,1657,2586,2495,26722,Not in California
Outside California,2021-01-08,4492,33807,2910,25020,1582,8787,0,0,2613,24883,1870,4456,2617,29339,Not in California
Outside California,2021-01-09,1302,35109,533,25553,769,9556,0,0,974,25532,327,4783,976,30315,Not in California
Outside California,2021-01-10,301,35410,186,25739,115,9671,0,0,178,25587,123,4906,178,30493,Not in California
Outside California,2021-01-11,3280,38690,2007,27746,1273,10944,0,0,1940,26187,1340,6246,1940,32433,Not in California
Outside California,2021-01-12,3848,42538,2311,30057,1537,12481,0,0,2295,26936,1549,7795,2298,34731,Not in California
Outside California,2021-01-13,3675,46213,1813,31870,1862,14343,0,0,2484,28233,1190,8985,2487,37218,Not in California
Outside California,2021-01-14,3706,49919,1283,33153,2423,16766,0,0,3058,30659,635,9620,3061,40279,Not in California
Outside California,2021-01-15,4198,54117,1009,34162,3189,19955,0,0,3720,33915,465,10085,3721,44000,Not in California
Outside California,2021-01-16,2679,56796,390,34552,2289,22244,0,0,2502,36242,175,10260,2502,46502,Not in California
Outside California,2021-01-17,507,57303,152,34704,355,22599,0,0,458,36651,49,10309,458,46960,Not in California
Outside California,2021-01-18,1213,58516,771,35475,442,23041,0,0,758,36955,454,10763,758,47718,Not in California
Outside California,2021-01-19,4113,62629,1333,36808,2780,25821,0,0,3214,39273,899,11662,3217,50935,Not in California
Outside California,2021-01-20,4452,67081,1433,38241,3019,28840,0,0,3503,41833,945,12607,3505,54440,Not in California
Outside California,2021-01-21,4246,71327,1178,39419,3068,31908,0,0,3661,44930,568,13175,3665,58105,Not in California
Outside California,2021-01-22,4583,75910,1114,40533,3469,35377,0,0,4171,48697,407,13582,4174,62279,Not in California
Outside California,2021-01-23,2232,78142,336,40869,1896,37273,0,0,2067,50599,165,13747,2067,64346,Not in California
Outside California,2021-01-24,574,78716,234,41103,340,37613,0,0,495,51015,79,13826,495,64841,Not in California
Outside California,2021-01-25,4434,83150,1895,42998,2539,40152,0,0,3566,53718,864,14690,3567,68408,Not in California
Outside California,2021-01-26,5783,88933,2733,45731,3050,43202,0,0,4924,57791,858,15548,4931,73339,Not in California
Outside California,2021-01-27,4766,93699,2438,48169,2328,45530,0,0,4131,61293,631,16179,4133,77472,Not in California
Outside California,2021-01-28,4874,98573,2502,50671,2372,47902,0,0,4331,65093,532,16711,4332,81804,Not in California
Outside California,2021-01-29,4582,103155,2774,53445,1808,49710,0,0,3778,68077,796,17507,3780,85584,Not in California
Outside California,2021-01-30,4109,107264,2113,55558,1996,51706,0,0,3877,71725,230,17737,3878,89462,Not in California
Outside California,2021-01-31,2705,109969,2311,57869,394,52100,0,0,2648,74318,56,17793,2649,92111,Not in California
Outside California,2021-02-01,5293,115262,2394,60263,2899,54999,0,0,4583,78202,701,18494,4585,96696,Not in California
Outside California,2021-02-02,6476,121738,1969,62232,4507,59506,0,0,5759,83251,710,19204,5759,102455,Not in California
Outside California,2021-02-03,7119,128857,1892,64124,5227,64733,0,0,6251,88642,861,20065,6252,108707,Not in California
Outside California,2021-02-04,6563,135420,1948,66072,4615,69348,0,0,5558,93205,996,21061,5559,114266,Not in California
Outside California,2021-02-05,6556,141976,1986,68058,4570,73918,0,0,5473,97600,1078,22139,5473,119739,Not in California
Outside California,2021-02-06,4030,146006,1776,69834,2254,76172,0,0,3572,100726,449,22588,3575,123314,Not in California
Outside California,2021-02-07,1852,147858,1466,71300,386,76558,0,0,1775,102426,77,22665,1777,125091,Not in California
Outside California,2021-02-08,4606,152464,2649,73949,1957,78515,0,0,3549,104929,1046,23711,3549,128640,Not in California
Outside California,2021-02-09,3976,156440,1632,75581,2344,80859,0,0,2679,106335,1287,24998,2693,131333,Not in California
Outside California,2021-02-10,5319,161759,1686,77267,3633,84492,0,0,2892,106849,2419,27417,2933,134266,Not in California
Outside California,2021-02-11,4562,166321,2010,79277,2552,87044,0,0,3252,108820,1299,28716,3270,137536,Not in California
Outside California,2021-02-12,5131,171452,1846,81123,3285,90329,0,0,3302,110310,1816,30532,3306,140842,Not in California
Outside California,2021-02-13,2299,173751,646,81769,1653,91982,0,0,1746,111516,552,31084,1758,142600,Not in California
Outside California,2021-02-14,1270,175021,352,82121,918,92900,0,0,1028,112308,238,31322,1030,143630,Not in California
Outside California,2021-02-15,2415,177436,1416,83537,999,93899,0,0,1175,112259,1227,32549,1178,144808,Not in California
Outside California,2021-02-16,6150,183586,2626,86163,3524,97423,0,0,2503,111130,3636,36185,2507,147315,Not in California
Outside California,2021-02-17,5571,189157,2632,88795,2939,100362,0,0,1760,109089,3806,39991,1765,149080,Not in California
Outside California,2021-02-18,6054,195211,3317,92112,2737,103099,0,0,2022,107101,4010,44001,2022,151102,Not in California
Outside California,2021-02-19,5344,200555,3604,95716,1740,104839,0,0,2368,106501,2970,46971,2370,153472,Not in California
Outside California,2021-02-20,3002,203557,2351,98067,651,105490,0,0,1232,105968,1766,48737,1233,154705,Not in California
Outside California,2021-02-21,2388,205945,2169,100236,219,105709,0,0,820,105226,1562,50299,820,155525,Not in California
Outside California,2021-02-22,3296,209241,2354,102590,942,106651,0,0,1623,105183,1670,51969,1627,157152,Not in California
Outside California,2021-02-23,5752,214993,3159,105749,2593,109244,0,0,2316,104083,3429,55398,2329,159481,Not in California
Outside California,2021-02-24,6154,221147,3345,109094,2809,112053,0,0,2440,102819,3707,59105,2443,161924,Not in California
Outside California,2021-02-25,6649,227796,3311,112405,3338,115391,0,0,3062,102329,3556,62661,3066,164990,Not in California
Outside California,2021-02-26,6604,234400,3411,115816,3193,118584,0,0,3096,102001,3425,66086,3097,168087,Not in California
Outside California,2021-02-27,5152,239552,2460,118276,2691,121275,1,1,1877,100618,3264,69350,1881,169968,Not in California
Outside California,2021-02-28,2131,241683,1488,119764,642,121917,1,2,797,100087,1331,70681,800,170768,Not in California
Outside California,2021-03-01,4400,246083,2616,122380,1783,123700,1,3,1352,98407,3038,73719,1358,172126,Not in California
Outside California,2021-03-02,6444,252527,2258,124638,4186,127886,0,3,2054,96085,4378,78097,2056,174182,Not in California
Outside California,2021-03-03,7706,260233,2909,127547,4795,132681,2,5,2681,93760,5011,83108,2686,176868,Not in California
Outside California,2021-03-04,6601,266834,2692,130239,3903,136584,6,11,2320,91825,4263,87371,2328,179196,Not in California
Outside California,2021-03-05,5172,272006,2563,132802,2595,139179,14,25,2719,92123,2443,89814,2741,181937,Not in California
Outside California,2021-03-06,4536,276542,2072,134874,2308,141487,156,181,2328,92410,2206,92020,2493,184430,Not in California
Outside California,2021-03-07,1521,278063,966,135840,498,141985,57,238,945,92839,575,92595,1004,185434,Not in California
Outside California,2021-03-08,3061,281124,1823,137663,1012,142997,226,464,2179,94398,853,93448,2412,187846,Not in California
Outside California,2021-03-09,4635,285759,2400,140063,1949,144946,286,750,2766,95585,1865,95313,3052,190898,Not in California
Outside California,2021-03-10,4303,290062,2075,142138,1747,146693,481,1231,2684,97147,1610,96923,3172,194070,Not in California
Outside California,2021-03-11,6072,296134,3102,145240,2312,149005,658,1889,3287,98313,2779,99702,3945,198015,Not in California
Outside California,2021-03-12,6378,302512,3852,149092,1829,150834,697,2586,3548,99738,2820,102522,4245,202260,Not in California
Outside California,2021-03-13,3725,306237,2170,151262,1111,151945,444,3030,2555,101576,1163,103685,3001,205261,Not in California
Outside California,2021-03-14,1763,308000,917,152179,514,152459,332,3362,962,102070,801,104486,1295,206556,Not in California
Outside California,2021-03-15,4005,312005,2115,154294,1424,153883,466,3828,2141,102823,1858,106344,2611,209167,Not in California
Outside California,2021-03-16,7481,319486,4358,158652,2734,156617,389,4217,4168,104066,3310,109654,4553,213720,Not in California
Outside California,2021-03-17,8383,327869,5449,164101,2556,159173,378,4595,5038,106142,3341,112995,5417,219137,Not in California
Outside California,2021-03-18,8280,336149,5117,169218,2620,161793,543,5138,4788,107990,3483,116478,5331,224468,Not in California
Outside California,2021-03-19,7291,343440,4333,173551,2413,164206,545,5683,4355,109964,2930,119408,4904,229372,Not in California
Outside California,2021-03-20,4717,348157,3121,176672,1507,165713,89,5772,3604,112555,1103,120511,3694,233066,Not in California
Outside California,2021-03-21,2067,350224,1422,178094,556,166269,89,5861,1651,113881,414,120925,1740,234806,Not in California
Outside California,2021-03-22,3254,353478,1970,180064,1194,167463,90,5951,2230,115183,1017,121942,2319,237125,Not in California
Outside California,2021-03-23,6060,359538,3084,183148,2671,170134,305,6256,4111,117664,1935,123877,4416,241541,Not in California
Outside California,2021-03-24,7308,366846,3744,186892,3119,173253,445,6701,5037,120880,2264,126141,5480,247021,Not in California
Outside California,2021-03-25,8259,375105,3833,190725,3901,177154,525,7226,6000,125158,2247,128388,6525,253546,Not in California
Outside California,2021-03-26,6653,381758,3505,194230,2971,180125,177,7403,4389,127484,2239,130627,4565,258111,Not in California
Outside California,2021-03-27,5530,387288,3099,197329,2216,182341,215,7618,3473,129122,2048,132675,3686,261797,Not in California
Outside California,2021-03-28,3077,390365,1648,198977,1268,183609,161,7779,1983,130178,1088,133763,2144,263941,Not in California
Outside California,2021-03-29,5172,395537,2296,201273,2532,186141,344,8123,2961,131277,2206,135969,3305,267246,Not in California
Outside California,2021-03-30,6874,402411,3621,204894,2689,188830,564,8687,4060,133104,2804,138773,4631,271877,Not in California
Outside California,2021-03-31,6331,408742,3772,208666,1779,190609,780,9467,3355,134267,2969,141742,4132,276009,Not in California
Outside California,2021-04-01,7500,416242,4479,213145,2375,192984,646,10113,4334,136081,3158,144900,4972,280981,Not in California
Outside California,2021-04-02,8441,424683,4492,217637,2811,195795,1138,11251,4365,137515,4067,148967,5501,286482,Not in California
Outside California,2021-04-03,6247,430930,3734,221371,1354,197149,1159,12410,3321,139077,2917,151884,4479,290961,Not in California
Outside California,2021-04-04,1774,432704,873,222244,665,197814,236,12646,970,139478,803,152687,1204,292165,Not in California
Outside California,2021-04-05,4146,436850,2008,224252,1470,199284,668,13314,1979,139961,2162,154849,2645,294810,Not in California
Outside California,2021-04-06,7176,444026,3865,228117,1667,200951,1644,14958,2883,140206,4278,159127,4523,299333,Not in California
Outside California,2021-04-07,8209,452235,4607,232724,1904,202855,1698,16656,3185,140064,5017,164144,4875,304208,Not in California
Outside California,2021-04-08,8239,460474,4335,237059,1972,204827,1932,18588,3284,140324,4945,169089,5205,309413,Not in California
Outside California,2021-04-09,7557,468031,3867,240926,1726,206553,1964,20552,2897,140535,4647,173736,4858,314271,Not in California
Outside California,2021-04-10,6080,474111,2976,243902,1247,207800,1857,22409,1666,139644,4406,178142,3515,317786,Not in California
Outside California,2021-04-11,2848,476959,1559,245461,649,208449,640,23049,966,139370,1879,180021,1605,319391,Not in California
Outside California,2021-04-12,4161,481120,2333,247794,1273,209722,555,23604,1857,139487,2294,182315,2411,321802,Not in California
Outside California,2021-04-13,5824,486944,3716,251510,2083,211805,25,23629,3013,139719,2806,185121,3038,324840,Not in California
Outside California,2021-04-14,5395,492339,3440,254950,1951,213756,4,23633,2954,140242,2435,187556,2958,327798,Not in California
Outside California,2021-04-15,6173,498512,3896,258846,2271,216027,6,23639,3333,140795,2788,190344,3341,331139,Not in California
Outside California,2021-04-16,5910,504422,3383,262229,2520,218547,7,23646,3304,141516,2597,192941,3318,334457,Not in California
Outside California,2021-04-17,5522,509944,3469,265698,2052,220599,1,23647,3211,142433,2301,195242,3218,337675,Not in California
Outside California,2021-04-18,2115,512059,1183,266881,931,221530,1,23648,1008,142344,1101,196343,1012,338687,Not in California
Outside California,2021-04-19,4170,516229,2006,268887,2163,223693,1,23649,2155,142501,2005,198348,2162,340849,Not in California
Outside California,2021-04-20,5402,521631,2458,271345,2944,226637,0,23649,2214,141538,3179,201527,2216,343065,Not in California
Outside California,2021-04-21,6417,528048,2687,274032,3725,230362,5,23654,2301,139768,4095,205622,2325,345390,Not in California
Outside California,2021-04-22,6775,534823,3445,277477,3327,233689,3,23657,2492,137995,4269,209891,2496,347886,Not in California
Outside California,2021-04-23,5868,540691,2987,280464,2880,236569,1,23658,2423,136991,3430,213321,2426,350312,Not in California
Outside California,2021-04-24,4638,545329,3036,283500,1597,238166,5,23663,1858,136082,2775,216096,1866,352178,Not in California
Outside California,2021-04-25,2221,547550,1252,284752,968,239134,1,23664,1179,136227,1038,217134,1183,353361,Not in California
Outside California,2021-04-26,4135,551685,1826,286578,2281,241415,28,23692,1874,135877,2252,219386,1902,355263,Not in California
Outside California,2021-04-27,5685,557370,2108,288686,3206,244621,371,24063,1990,134560,3685,223071,2368,357631,Not in California
Outside California,2021-04-28,4845,562215,2061,290747,2389,247010,395,24458,1907,133932,2925,225996,2297,359928,Not in California
Outside California,2021-04-29,4839,567054,2232,292979,2174,249184,433,24891,1822,133190,2997,228993,2255,362183,Not in California
Outside California,2021-04-30,4912,571966,2364,295343,2123,251307,425,25316,1861,132442,3037,232030,2289,364472,Not in California
Outside California,2021-05-01,3160,575126,1829,297172,902,252209,429,25745,1298,132319,1851,233881,1728,366200,Not in California
Outside California,2021-05-02,1867,576993,1092,298264,652,252861,123,25868,844,132266,1020,234901,967,367167,Not in California
Outside California,2021-05-03,2891,579884,1567,299831,1040,253901,284,26152,1122,131908,1764,236665,1406,368573,Not in California
Outside California,2021-05-04,3929,583813,2105,301936,1384,255285,440,26592,1313,131052,2607,239272,1751,370324,Not in California
Outside California,2021-05-05,4419,588232,2467,304403,1581,256866,371,26963,1625,130265,2786,242058,1999,372323,Not in California
Outside California,2021-05-06,4453,592685,2728,307131,1388,258254,337,27300,1555,129265,2892,244950,1892,374215,Not in California
Outside California,2021-05-07,4617,597302,2654,309785,1576,259830,387,27687,1589,128225,3016,247966,1976,376191,Not in California
Outside California,2021-05-08,3192,600494,2144,311929,797,260627,251,27938,1054,127403,2128,250094,1306,377497,Not in California
Outside California,2021-05-09,1359,601853,906,312835,330,260957,123,28061,582,127334,772,250866,703,378200,Not in California
Outside California,2021-05-10,2536,604389,1162,313997,1044,262001,330,28391,905,126946,1625,252491,1237,379437,Not in California
Outside California,2021-05-11,2950,607339,1393,315390,1258,263259,299,28690,1102,126502,1847,254338,1403,380840,Not in California
Outside California,2021-05-12,3178,610517,1515,316905,1337,264596,326,29016,1264,126182,1909,256247,1589,382429,Not in California
Outside California,2021-05-13,3106,613623,1784,318689,1116,265712,206,29222,1365,126018,1735,257982,1571,384000,Not in California
Outside California,2021-05-14,3493,617116,1955,320644,1300,267012,238,29460,1567,125907,1919,259901,1808,385808,Not in California
Outside California,2021-05-15,2626,619742,1539,322183,943,267955,144,29604,1126,125686,1494,261395,1273,387081,Not in California
Outside California,2021-05-16,1613,621355,1028,323211,516,268471,69,29673,729,125604,881,262276,799,387880,Not in California
Outside California,2021-05-17,3038,624393,1602,324813,1201,269672,235,29908,1313,125430,1721,263997,1547,389427,Not in California
Outside California,2021-05-18,3223,627616,1627,326440,1283,270955,313,30221,1448,125430,1764,265761,1764,391191,Not in California
Outside California,2021-05-19,3301,630917,1656,328096,1378,272333,267,30488,1452,125307,1841,267602,1718,392909,Not in California
Outside California,2021-05-20,3093,634010,1702,329798,1156,273489,235,30723,1409,125277,1677,269279,1647,394556,Not in California
Outside California,2021-05-21,3190,637200,1785,331583,1157,274646,248,30971,1383,125112,1796,271075,1631,396187,Not in California
Outside California,2021-05-22,2802,640002,1856,333439,745,275391,201,31172,1546,125611,1249,272324,1748,397935,Not in California
Outside California,2021-05-23,1519,641521,988,334427,453,275844,78,31250,752,125676,766,273090,831,398766,Not in California
Outside California,2021-05-24,2376,643897,1123,335550,906,276750,347,31597,1042,125739,1326,274416,1389,400155,Not in California
Outside California,2021-05-25,2366,646263,1101,336651,935,277685,330,31927,1017,125744,1340,275756,1345,401500,Not in California
Outside California,2021-05-26,2375,648638,1101,337752,923,278608,351,32278,1008,125744,1360,277116,1360,402860,Not in California
Outside California,2021-05-27,2169,650807,1089,338841,794,279402,286,32564,1016,125895,1149,278265,1300,404160,Not in California
Outside California,2021-05-28,2415,653222,1216,340057,852,280254,347,32911,1099,126033,1309,279574,1447,405607,Not in California
Outside California,2021-05-29,1681,654903,853,340910,473,280727,355,33266,733,126177,944,280518,1088,406695,Not in California
Outside California,2021-05-30,921,655824,563,341473,234,280961,124,33390,464,126311,454,280972,588,407283,Not in California
Outside California,2021-05-31,419,656243,186,341659,196,281157,37,33427,180,126301,227,281199,217,407500,Not in California
Outside California,2021-06-01,2116,658359,1104,342763,711,281868,301,33728,1040,126570,1072,282271,1341,408841,Not in California
Outside California,2021-06-02,2087,660446,1075,343838,669,282537,343,34071,1006,126847,1072,283343,1349,410190,Not in California
Outside California,2021-06-03,2160,662606,1194,345032,654,283191,312,34383,1005,127016,1147,284490,1316,411506,Not in California
Outside California,2021-06-04,2545,665151,1429,346461,800,283991,316,34699,1124,127040,1415,285905,1439,412945,Not in California
Outside California,2021-06-05,1725,666876,1216,347677,348,284339,161,34860,814,127108,908,286813,976,413921,Not in California
Outside California,2021-06-06,921,667797,692,348369,148,284487,81,34941,452,127174,467,287280,533,414454,Not in California
Outside California,2021-06-07,1912,669709,1034,349403,548,285035,330,35271,818,127228,1093,288373,1147,415601,Not in California
Outside California,2021-06-08,2057,671766,1180,350583,539,285574,338,35609,804,127121,1248,289621,1141,416742,Not in California
Outside California,2021-06-09,1961,673727,1180,351763,501,286075,280,35889,820,127085,1135,290756,1099,417841,Not in California
Outside California,2021-06-10,1914,675641,1109,352872,499,286574,306,36195,829,127141,1080,291836,1136,418977,Not in California
Outside California,2021-06-11,2155,677796,1237,354109,593,287167,325,36520,930,127179,1218,293054,1256,420233,Not in California
Outside California,2021-06-12,1576,679372,1173,355282,278,287445,125,36645,618,126969,954,294008,744,420977,Not in California
Outside California,2021-06-13,917,680289,622,355904,198,287643,97,36742,401,126955,512,294520,498,421475,Not in California
Outside California,2021-06-14,1720,682009,964,356868,466,288109,290,37032,739,127007,976,295496,1028,422503,Not in California
Outside California,2021-06-15,1722,683731,965,357833,491,288600,266,37298,767,127090,950,296446,1033,423536,Not in California
Outside California,2021-06-16,1623,685354,985,358818,421,289021,217,37515,801,127294,814,297260,1018,424554,Not in California
Outside California,2021-06-17,1568,686922,788,359606,455,289476,325,37840,664,127383,902,298162,991,425545,Not in California
Outside California,2021-06-18,1052,687974,487,360093,238,289714,327,38167,375,127411,675,298837,703,426248,Not in California
Unknown,2020-12-17,2,2,2,2,0,0,0,0,0,0,0,0,0,0,Not in California
Unknown,2020-12-18,1,3,1,3,0,0,0,0,0,0,0,0,0,0,Not in California
Unknown,2020-12-21,4,7,4,7,0,0,0,0,0,0,0,0,0,0,Not in California
Unknown,2020-12-28,1,8,1,8,0,0,0,0,1,1,0,0,1,1,Not in California
Unknown,2020-12-29,1,9,1,9,0,0,0,0,1,2,0,0,1,2,Not in California
Unknown,2020-12-30,54,63,54,63,0,0,0,0,54,56,0,0,54,56,Not in California
Unknown,2020-12-31,1,64,0,63,1,1,0,0,0,56,0,0,0,56,Not in California
Unknown,2021-01-02,1,65,0,63,1,2,0,0,1,57,0,0,1,57,Not in California
Unknown,2021-01-04,1,66,1,64,0,2,0,0,1,58,0,0,1,58,Not in California
Unknown,2021-01-06,4,70,2,66,2,4,0,0,4,62,0,0,4,62,Not in California
Unknown,2021-01-07,67,137,67,133,0,4,0,0,66,128,0,0,66,128,Not in California
Unknown,2021-01-09,1,138,1,134,0,4,0,0,1,129,0,0,1,129,Not in California
Unknown,2021-01-11,19,157,19,153,0,4,0,0,19,148,0,0,19,148,Not in California
Unknown,2021-01-12,7,164,6,159,1,5,0,0,5,153,1,1,6,154,Not in California
Unknown,2021-01-13,3,167,3,162,0,5,0,0,4,157,0,1,4,158,Not in California
Unknown,2021-01-14,2,169,2,164,0,5,0,0,2,159,0,1,2,160,Not in California
Unknown,2021-01-15,5,174,4,168,1,6,0,0,5,164,0,1,5,165,Not in California
Unknown,2021-01-16,4,178,4,172,0,6,0,0,4,168,0,1,4,169,Not in California
Unknown,2021-01-17,2,180,2,174,0,6,0,0,2,170,0,1,2,171,Not in California
Unknown,2021-01-18,11,191,11,185,0,6,0,0,11,181,0,1,11,182,Not in California
Unknown,2021-01-19,7,198,7,192,0,6,0,0,6,187,0,1,6,188,Not in California
Unknown,2021-01-20,55,253,55,247,0,6,0,0,4,139,52,53,4,192,Not in California
Unknown,2021-01-21,20,273,18,265,2,8,0,0,21,159,1,54,21,213,Not in California
Unknown,2021-01-22,12,285,7,272,5,13,0,0,12,171,0,54,12,225,Not in California
Unknown,2021-01-23,9,294,3,275,6,19,0,0,9,180,0,54,9,234,Not in California
Unknown,2021-01-24,2,296,2,277,0,19,0,0,3,183,0,54,3,237,Not in California
Unknown,2021-01-25,8,304,6,283,2,21,0,0,6,187,2,56,6,243,Not in California
Unknown,2021-01-26,17,321,17,300,0,21,0,0,20,207,0,56,20,263,Not in California
Unknown,2021-01-27,7,328,7,307,0,21,0,0,5,211,1,57,5,268,Not in California
Unknown,2021-01-28,77,405,75,382,2,23,0,0,21,173,59,116,21,289,Not in California
Unknown,2021-01-29,107,512,107,489,0,23,0,0,111,283,1,117,111,400,Not in California
Unknown,2021-01-30,5,517,3,492,2,25,0,0,8,290,1,118,8,408,Not in California
Unknown,2021-01-31,2,519,2,494,0,25,0,0,3,293,0,118,3,411,Not in California
Unknown,2021-02-01,33,552,32,526,1,26,0,0,17,292,18,136,17,428,Not in California
Unknown,2021-02-02,17,569,16,542,1,27,0,0,13,302,4,140,14,442,Not in California
Unknown,2021-02-03,5,574,5,547,0,27,0,0,3,303,2,142,3,445,Not in California
Unknown,2021-02-04,12,586,8,555,4,31,0,0,8,307,4,146,8,453,Not in California
Unknown,2021-02-05,14,600,11,566,3,34,0,0,11,315,3,149,11,464,Not in California
Unknown,2021-02-06,4,604,4,570,0,34,0,0,2,314,3,152,2,466,Not in California
Unknown,2021-02-07,2,606,2,572,0,34,0,0,2,316,0,152,2,468,Not in California
Unknown,2021-02-08,5,611,4,576,1,35,0,0,1,313,4,156,1,469,Not in California
Unknown,2021-02-09,3,614,3,579,0,35,0,0,0,310,3,159,0,469,Not in California
Unknown,2021-02-10,7,621,3,582,4,39,0,0,6,315,1,160,6,475,Not in California
Unknown,2021-02-11,18,639,17,599,1,40,0,0,6,309,12,172,6,481,Not in California
Unknown,2021-02-12,6,645,4,603,2,42,0,0,2,307,4,176,2,483,Not in California
Unknown,2021-02-13,4,649,0,603,4,46,0,0,4,311,0,176,4,487,Not in California
Unknown,2021-02-14,2,651,1,604,1,47,0,0,1,311,1,177,1,488,Not in California
Unknown,2021-02-15,29,680,26,630,3,50,0,0,24,332,3,180,24,512,Not in California
Unknown,2021-02-16,14,694,8,638,6,56,0,0,8,334,6,186,8,520,Not in California
Unknown,2021-02-17,3,697,1,639,2,58,0,0,2,336,0,186,2,522,Not in California
Unknown,2021-02-18,13,710,8,647,5,63,0,0,5,333,8,194,5,527,Not in California
Unknown,2021-02-19,130,840,125,772,5,68,0,0,32,268,97,291,32,559,Not in California
Unknown,2021-02-21,1,841,1,773,0,68,0,0,0,267,1,292,0,559,Not in California
Unknown,2021-02-23,16,857,5,778,11,79,0,0,5,262,10,302,5,564,Not in California
Unknown,2021-02-24,10,867,3,781,7,86,0,0,8,268,2,304,8,572,Not in California
Unknown,2021-02-25,24,891,11,792,13,99,0,0,14,271,11,315,14,586,Not in California
Unknown,2021-02-26,22,913,10,802,12,111,0,0,9,268,12,327,9,595,Not in California
Unknown,2021-02-27,12,925,8,810,4,115,0,0,8,274,2,329,8,603,Not in California
Unknown,2021-02-28,9,934,7,817,2,117,0,0,6,279,1,330,6,609,Not in California
Unknown,2021-03-01,13,947,3,820,10,127,0,0,7,281,5,335,7,616,Not in California
Unknown,2021-03-02,12,959,3,823,9,136,0,0,6,282,5,340,6,622,Not in California
Unknown,2021-03-03,5,964,1,824,4,140,0,0,4,286,0,340,4,626,Not in California
Unknown,2021-03-04,11,975,8,832,3,143,0,0,7,290,3,343,7,633,Not in California
Unknown,2021-03-05,12,987,4,836,8,151,0,0,13,301,2,345,13,646,Not in California
Unknown,2021-03-06,13,1000,7,843,4,155,2,2,11,311,3,348,13,659,Not in California
Unknown,2021-03-08,27,1027,21,864,5,160,1,3,6,297,21,369,7,666,Not in California
Unknown,2021-03-09,10,1037,5,869,2,162,3,6,5,299,6,375,8,674,Not in California
Unknown,2021-03-10,5,1042,2,871,1,163,2,8,3,301,3,378,5,679,Not in California
Unknown,2021-03-11,20,1062,4,875,2,165,14,22,2,301,16,394,16,695,Not in California
Unknown,2021-03-12,38,1100,29,904,4,169,5,27,7,282,31,425,12,707,Not in California
Unknown,2021-03-13,9,1109,0,904,5,174,4,31,1,279,8,433,5,712,Not in California
Unknown,2021-03-14,3,1112,0,904,2,176,1,32,1,279,2,435,2,714,Not in California
Unknown,2021-03-15,17,1129,4,908,11,187,2,34,10,284,7,442,12,726,Not in California
Unknown,2021-03-16,23,1152,3,911,16,203,4,38,15,294,9,451,19,745,Not in California
Unknown,2021-03-17,25,1177,7,918,17,220,1,39,25,318,2,453,26,771,Not in California
Unknown,2021-03-18,22,1199,11,929,11,231,0,39,13,325,6,459,13,784,Not in California
Unknown,2021-03-19,13,1212,7,936,6,237,0,39,11,333,3,462,11,795,Not in California
Unknown,2021-03-20,13,1225,7,943,6,243,0,39,4,332,5,467,4,799,Not in California
Unknown,2021-03-21,7,1232,2,945,5,248,0,39,6,337,1,468,6,805,Not in California
Unknown,2021-03-22,21,1253,6,951,14,262,1,40,9,339,8,476,10,815,Not in California
Unknown,2021-03-23,14,1267,1,952,8,270,5,45,5,340,9,485,10,825,Not in California
Unknown,2021-03-24,12,1279,1,953,11,281,0,45,10,347,3,488,10,835,Not in California
Unknown,2021-03-25,16,1295,6,959,10,291,0,45,13,357,3,491,13,848,Not in California
Unknown,2021-03-26,19,1314,6,965,8,299,5,50,10,364,8,499,15,863,Not in California
Unknown,2021-03-27,22,1336,10,975,9,308,3,53,13,368,12,511,16,879,Not in California
Unknown,2021-03-28,9,1345,3,978,6,314,0,53,7,373,2,513,7,886,Not in California
Unknown,2021-03-29,19,1364,7,985,12,326,0,53,15,384,4,517,15,901,Not in California
Unknown,2021-03-30,15,1379,6,991,9,335,0,53,10,389,5,522,10,911,Not in California
Unknown,2021-03-31,21,1400,11,1002,10,345,0,53,16,399,6,528,16,927,Not in California
Unknown,2021-04-01,14,1414,10,1012,4,349,0,53,11,408,2,530,11,938,Not in California
Unknown,2021-04-02,28,1442,10,1022,9,358,9,62,10,409,18,548,19,957,Not in California
Unknown,2021-04-03,12,1454,3,1025,9,367,0,62,9,412,6,554,9,966,Not in California
Unknown,2021-04-04,9,1463,1,1026,8,375,0,62,7,417,2,556,7,973,Not in California
Unknown,2021-04-05,15,1478,3,1029,11,386,1,63,8,420,6,562,9,982,Not in California
Unknown,2021-04-06,12,1490,6,1035,5,391,1,64,8,424,5,567,9,991,Not in California
Unknown,2021-04-07,24,1514,16,1051,7,398,1,65,16,434,6,573,16,1007,Not in California
Unknown,2021-04-08,24,1538,12,1063,7,405,5,70,13,441,11,584,18,1025,Not in California
Unknown,2021-04-09,17,1555,11,1074,6,411,0,70,14,451,4,588,14,1039,Not in California
Unknown,2021-04-10,5,1560,3,1077,1,412,1,71,2,450,4,592,3,1042,Not in California
Unknown,2021-04-11,7,1567,5,1082,2,414,0,71,3,450,3,595,3,1045,Not in California
Unknown,2021-04-12,17,1584,6,1088,10,424,1,72,7,448,10,605,8,1053,Not in California
Unknown,2021-04-13,22,1606,8,1096,14,438,0,72,9,444,13,618,9,1062,Not in California
Unknown,2021-04-14,19,1625,2,1098,17,455,0,72,3,431,16,634,3,1065,Not in California
Unknown,2021-04-15,19,1644,9,1107,9,464,1,73,9,430,10,644,9,1074,Not in California
Unknown,2021-04-16,15,1659,9,1116,6,470,0,73,8,431,7,651,8,1082,Not in California
Unknown,2021-04-17,14,1673,10,1126,4,474,0,73,5,429,8,659,6,1088,Not in California
Unknown,2021-04-18,11,1684,4,1130,7,481,0,73,5,427,7,666,5,1093,Not in California
Unknown,2021-04-19,13,1697,3,1133,10,491,0,73,3,421,9,675,3,1096,Not in California
Unknown,2021-04-20,12,1709,4,1137,8,499,0,73,1,411,11,686,1,1097,Not in California
Unknown,2021-04-21,26,1735,10,1147,16,515,0,73,9,403,17,703,9,1106,Not in California
Unknown,2021-04-22,12,1747,5,1152,7,522,0,73,2,396,9,712,2,1108,Not in California
Unknown,2021-04-23,19,1766,7,1159,12,534,0,73,10,398,8,720,10,1118,Not in California
Unknown,2021-04-24,24,1790,16,1175,8,542,0,73,14,402,10,730,14,1132,Not in California
Unknown,2021-04-25,12,1802,4,1179,8,550,0,73,6,402,6,736,6,1138,Not in California
Unknown,2021-04-26,18,1820,8,1187,10,560,0,73,7,399,10,746,7,1145,Not in California
Unknown,2021-04-27,23,1843,11,1198,11,571,1,74,8,393,15,761,9,1154,Not in California
Unknown,2021-04-28,20,1863,15,1213,4,575,1,75,5,384,15,776,6,1160,Not in California
Unknown,2021-04-29,23,1886,15,1228,8,583,0,75,12,383,13,789,12,1172,Not in California
Unknown,2021-04-30,18,1904,8,1236,6,589,4,79,10,388,9,798,14,1186,Not in California
Unknown,2021-05-01,20,1924,16,1252,4,593,0,79,9,387,10,808,9,1195,Not in California
Unknown,2021-05-02,11,1935,5,1257,6,599,0,79,3,383,7,815,3,1198,Not in California
Unknown,2021-05-03,16,1951,9,1266,4,603,3,82,6,381,10,825,8,1206,Not in California
Unknown,2021-05-04,14,1965,5,1271,5,608,4,86,2,375,12,837,6,1212,Not in California
Unknown,2021-05-05,13,1978,3,1274,9,617,1,87,8,377,7,844,9,1221,Not in California
Unknown,2021-05-06,24,2002,12,1286,5,622,7,94,6,371,19,863,13,1234,Not in California
Unknown,2021-05-07,22,2024,12,1298,7,629,3,97,9,369,14,877,12,1246,Not in California
Unknown,2021-05-08,11,2035,7,1305,2,631,2,99,6,372,5,882,8,1254,Not in California
Unknown,2021-05-09,15,2050,4,1309,7,638,4,103,7,375,8,890,11,1265,Not in California
Unknown,2021-05-10,8,2058,1,1310,4,642,3,106,2,375,5,895,5,1270,Not in California
Unknown,2021-05-11,9,2067,4,1314,2,644,3,109,5,379,4,899,8,1278,Not in California
Unknown,2021-05-12,9,2076,5,1319,3,647,1,110,5,381,4,903,6,1284,Not in California
Unknown,2021-05-13,12,2088,6,1325,1,648,5,115,7,387,7,910,13,1297,Not in California
Unknown,2021-05-14,12,2100,10,1335,1,649,1,116,11,396,2,912,11,1308,Not in California
Unknown,2021-05-15,9,2109,7,1342,2,651,0,116,7,400,3,915,7,1315,Not in California
Unknown,2021-05-16,17,2126,12,1354,4,655,1,117,12,408,5,920,13,1328,Not in California
Unknown,2021-05-17,15,2141,10,1364,3,658,2,119,6,408,8,928,8,1336,Not in California
Unknown,2021-05-18,22,2163,13,1377,7,665,2,121,15,417,8,936,17,1353,Not in California
Unknown,2021-05-19,26,2189,19,1396,6,671,1,122,13,418,13,949,14,1367,Not in California
Unknown,2021-05-20,16,2205,12,1408,3,674,1,123,10,423,6,955,11,1378,Not in California
Unknown,2021-05-21,19,2224,9,1417,6,680,4,127,9,425,11,966,13,1391,Not in California
Unknown,2021-05-22,19,2243,15,1432,3,683,1,128,9,426,9,975,10,1401,Not in California
Unknown,2021-05-23,9,2252,6,1438,3,686,0,128,6,429,3,978,6,1407,Not in California
Unknown,2021-05-24,9,2261,5,1443,3,689,1,129,4,429,5,983,5,1412,Not in California
Unknown,2021-05-25,16,2277,6,1449,4,693,6,135,7,434,8,991,13,1425,Not in California
Unknown,2021-05-26,8,2285,5,1454,2,695,1,136,6,437,4,995,7,1432,Not in California
Unknown,2021-05-27,16,2301,10,1464,4,699,2,138,7,437,9,1004,9,1441,Not in California
Unknown,2021-05-28,21,2322,11,1475,5,704,5,143,12,445,9,1013,17,1458,Not in California
Unknown,2021-05-29,9,2331,9,1484,0,704,0,143,6,448,3,1016,6,1464,Not in California
Unknown,2021-05-30,5,2336,4,1488,0,704,1,144,3,450,2,1018,4,1468,Not in California
Unknown,2021-05-31,1,2337,1,1489,0,704,0,144,0,449,1,1019,0,1468,Not in California
Unknown,2021-06-01,21,2358,9,1498,6,710,6,150,11,456,10,1029,17,1485,Not in California
Unknown,2021-06-02,7,2365,3,1501,4,714,0,150,3,455,4,1033,3,1488,Not in California
Unknown,2021-06-03,16,2381,16,1517,0,714,0,150,9,457,7,1040,9,1497,Not in California
Unknown,2021-06-04,23,2404,14,1531,9,723,0,150,12,458,11,1051,12,1509,Not in California
Unknown,2021-06-05,11,2415,7,1538,3,726,1,151,7,462,4,1055,8,1517,Not in California
Unknown,2021-06-06,23,2438,15,1553,5,731,3,154,8,458,15,1070,11,1528,Not in California
Unknown,2021-06-07,15,2453,7,1560,7,738,1,155,8,460,7,1077,9,1537,Not in California
Unknown,2021-06-08,15,2468,8,1568,4,742,3,158,4,457,10,1087,7,1544,Not in California
Unknown,2021-06-09,18,2486,11,1579,7,749,0,158,8,455,10,1097,8,1552,Not in California
Unknown,2021-06-10,12,2498,9,1588,3,752,0,158,5,453,7,1104,5,1557,Not in California
Unknown,2021-06-11,5,2503,3,1591,1,753,1,159,3,455,2,1106,4,1561,Not in California
Unknown,2021-06-12,12,2515,8,1599,4,757,0,159,8,459,4,1110,8,1569,Not in California
Unknown,2021-06-13,8,2523,4,1603,4,761,0,159,2,455,6,1116,2,1571,Not in California
Unknown,2021-06-14,145,2668,138,1741,4,765,3,162,136,585,9,1125,139,1710,Not in California
Unknown,2021-06-15,16,2684,9,1750,7,772,0,162,6,581,10,1135,6,1716,Not in California
Unknown,2021-06-16,93,2777,87,1837,4,776,2,164,87,665,5,1140,89,1805,Not in California
Unknown,2021-06-17,157,2934,119,1956,33,809,5,169,141,796,15,1155,146,1951,Not in California
Unknown,2021-06-18,1,2935,1,1957,0,809,0,169,1,797,0,1155,1,1952,Not in California
Alameda,2020-12-15,37,37,37,37,0,0,0,0,37,37,0,0,37,37,California
Alameda,2020-12-16,209,246,209,246,0,0,0,0,209,246,0,0,209,246,California
Alameda,2020-12-17,507,753,507,753,0,0,0,0,507,753,0,0,507,753,California
Alameda,2020-12-18,1890,2643,1889,2642,1,1,0,0,1890,2643,0,0,1890,2643,California
Alameda,2020-12-19,1416,4059,1416,4058,0,1,0,0,1416,4059,0,0,1416,4059,California
Alameda,2020-12-20,1168,5227,1167,5225,1,2,0,0,1167,5225,1,1,1167,5226,California
Alameda,2020-12-21,1827,7054,1825,7050,2,4,0,0,1826,7051,0,1,1826,7052,California
Alameda,2020-12-22,2075,9129,2022,9072,53,57,0,0,2074,9124,1,2,2074,9126,California
Alameda,2020-12-23,1900,11029,1647,10719,253,310,0,0,1899,11023,0,2,1899,11025,California
Alameda,2020-12-24,1204,12233,748,11467,456,766,0,0,1204,12227,0,2,1204,12229,California
Alameda,2020-12-25,159,12392,124,11591,35,801,0,0,159,12386,0,2,159,12388,California
Alameda,2020-12-26,847,13239,319,11910,528,1329,0,0,847,13233,0,2,847,13235,California
Alameda,2020-12-27,491,13730,253,12163,238,1567,0,0,491,13724,0,2,491,13726,California
Alameda,2020-12-28,1860,15590,958,13121,902,2469,0,0,1860,15584,0,2,1860,15586,California
Alameda,2020-12-29,2464,18054,1075,14196,1389,3858,0,0,2463,18047,0,2,2463,18049,California
Alameda,2020-12-30,3054,21108,1320,15516,1734,5592,0,0,3054,21101,0,2,3054,21103,California
Alameda,2020-12-31,1786,22894,446,15962,1340,6932,0,0,1784,22884,1,3,1784,22887,California
Alameda,2021-01-01,175,23069,72,16034,103,7035,0,0,173,23055,2,5,173,23060,California
Alameda,2021-01-02,724,23793,523,16557,201,7236,0,0,723,23778,0,5,723,23783,California
Alameda,2021-01-03,328,24121,214,16771,114,7350,0,0,325,24100,3,8,325,24108,California
Alameda,2021-01-04,1602,25723,908,17679,694,8044,0,0,1590,25679,11,19,1590,25698,California
Alameda,2021-01-05,2199,27922,1270,18949,929,8973,0,0,1945,27373,251,270,1945,27643,California
Alameda,2021-01-06,3244,31166,1798,20747,1446,10419,0,0,2371,28876,870,1140,2373,30016,California
Alameda,2021-01-07,3781,34947,2119,22866,1662,12081,0,0,2613,30335,1159,2299,2618,32634,California
Alameda,2021-01-08,4741,39688,2704,25570,2037,14118,0,0,3019,31643,1716,4015,3024,35658,California
Alameda,2021-01-09,2011,41699,1368,26938,643,14761,0,0,1157,31946,854,4869,1157,36815,California
Alameda,2021-01-10,1052,42751,832,27770,220,14981,0,0,424,31742,628,5497,424,37239,California
Alameda,2021-01-11,4640,47391,3511,31281,1129,16110,0,0,2847,32805,1791,7288,2854,40093,California
Alameda,2021-01-12,4838,52229,3258,34539,1580,17690,0,0,3456,34884,1380,8668,3459,43552,California
Alameda,2021-01-13,5003,57232,2644,37183,2359,20049,0,0,3815,37517,1184,9852,3817,47369,California
Alameda,2021-01-14,5630,62862,2790,39973,2840,22889,0,0,4736,41371,885,10737,4739,52108,California
Alameda,2021-01-15,5803,68665,2317,42290,3486,26375,0,0,5026,45635,770,11507,5034,57142,California
Alameda,2021-01-16,2975,71640,1398,43688,1577,27952,0,0,2709,48081,266,11773,2712,59854,California
Alameda,2021-01-17,1864,73504,1084,44772,780,28732,0,0,1659,49536,205,11978,1660,61514,California
Alameda,2021-01-18,3145,76649,2026,46798,1119,29851,0,0,2551,51501,588,12566,2553,64067,California
Alameda,2021-01-19,5482,82131,3299,50097,2183,32034,0,0,4290,54603,1190,13756,4292,68359,California
Alameda,2021-01-20,6743,88874,4080,54177,2663,34697,0,0,5454,58785,1276,15032,5458,73817,California
Alameda,2021-01-21,7793,96667,3430,57607,4363,39060,0,0,6949,64902,837,15869,6954,80771,California
Alameda,2021-01-22,6804,103471,2015,59622,4789,43849,0,0,5668,69444,1127,16996,5669,86440,California
Alameda,2021-01-23,3253,106724,946,60568,2307,46156,0,0,2707,71607,545,17541,2708,89148,California
Alameda,2021-01-24,2012,108736,656,61224,1356,47512,0,0,1742,73082,267,17808,1742,90890,California
Alameda,2021-01-25,5143,113879,1972,63196,3171,50683,0,0,3585,75118,1550,19358,3586,94476,California
Alameda,2021-01-26,7296,121175,2306,65502,4990,55673,0,0,5414,78659,1874,21232,5415,99891,California
Alameda,2021-01-27,6675,127850,2055,67557,4620,60293,0,0,4833,81662,1830,23062,4833,104724,California
Alameda,2021-01-28,7837,135687,2552,70109,5285,65578,0,0,5614,85070,2207,25269,5615,110339,California
Alameda,2021-01-29,7972,143659,3188,73297,4784,70362,0,0,6139,89388,1823,27092,6141,116480,California
Alameda,2021-01-30,3421,147080,1686,74983,1735,72097,0,0,2709,91391,706,27798,2709,119189,California
Alameda,2021-01-31,1913,148993,941,75924,972,73069,0,0,1675,92831,235,28033,1675,120864,California
Alameda,2021-02-01,6457,155450,3876,79800,2581,75650,0,0,4325,95035,2123,30156,4327,125191,California
Alameda,2021-02-02,6997,162447,3772,83572,3225,78875,0,0,4665,97376,2325,32481,4666,129857,California
Alameda,2021-02-03,6994,169441,3697,87269,3297,82172,0,0,4318,99031,2670,35151,4325,134182,California
Alameda,2021-02-04,9394,178835,4103,91372,5291,87463,0,0,6294,102243,3087,38238,6299,140481,California
Alameda,2021-02-05,10204,189039,5323,96695,4881,92344,0,0,6338,104728,3860,42098,6345,146826,California
Alameda,2021-02-06,6917,195956,4399,101094,2518,94862,0,0,5788,109387,1129,43227,5788,152614,California
Alameda,2021-02-07,3574,199530,2888,103982,686,95548,0,0,2631,111079,940,44167,2632,155246,California
Alameda,2021-02-08,8058,207588,5775,109757,2283,97831,0,0,5508,114049,2540,46707,5510,160756,California
Alameda,2021-02-09,9598,217186,5770,115527,3828,101659,0,0,5977,116417,3611,50318,5979,166735,California
Alameda,2021-02-10,11405,228591,6740,122267,4665,106324,0,0,6516,118065,4876,55194,6524,173259,California
Alameda,2021-02-11,13897,242488,8011,130278,5886,112210,0,0,8339,120869,5538,60732,8342,181601,California
Alameda,2021-02-12,12442,254930,5668,135946,6774,118984,0,0,7717,123880,4709,65441,7720,189321,California
Alameda,2021-02-13,7745,262675,4049,139995,3696,122680,0,0,5798,127737,1943,67384,5800,195121,California
Alameda,2021-02-14,4019,266694,2537,142532,1482,124162,0,0,2845,129415,1170,68554,2848,197969,California
Alameda,2021-02-15,5629,272323,3179,145711,2450,126612,0,0,3666,131122,1961,70515,3668,201637,California
Alameda,2021-02-16,12462,284785,6954,152665,5508,132120,0,0,9269,137218,3182,73697,9278,210915,California
Alameda,2021-02-17,14057,298842,8361,161026,5696,137816,0,0,10436,144052,3604,77301,10438,221353,California
Alameda,2021-02-18,15815,314657,10063,171089,5752,143568,0,0,11502,151258,4302,81603,11508,232861,California
Alameda,2021-02-19,17803,332460,11559,182648,6244,149812,0,0,11766,157014,6015,87618,11771,244632,California
Alameda,2021-02-20,11966,344426,9683,192331,2283,152095,0,0,9207,163473,2754,90372,9213,253845,California
Alameda,2021-02-21,7783,352209,6837,199168,946,153041,0,0,5285,166273,2486,92858,5286,259131,California
Alameda,2021-02-22,10901,363110,8041,207209,2860,155901,0,0,6859,169113,4028,96886,6868,265999,California
Alameda,2021-02-23,12923,376033,7882,215091,5041,160942,0,0,8054,172314,4859,101745,8060,274059,California
Alameda,2021-02-24,14760,390793,8280,223371,6480,167422,0,0,9556,176735,5141,106886,9562,283621,California
Alameda,2021-02-25,15917,406710,9229,232600,6688,174110,0,0,10068,180996,5817,112703,10078,293699,California
Alameda,2021-02-26,18546,425256,10800,243400,7746,181856,0,0,11783,186069,6716,119419,11789,305488,California
Alameda,2021-02-27,15096,440352,11147,254547,3947,185803,2,2,9342,189685,5731,125150,9347,314835,California
Alameda,2021-02-28,10063,450415,8393,262940,1669,187472,1,3,6504,192660,3531,128681,6506,321341,California
Alameda,2021-03-01,14008,464423,9680,272620,4317,191789,11,14,8555,195831,5404,134085,8575,329916,California
Alameda,2021-03-02,14939,479362,10760,283380,4178,195967,1,15,9785,200492,5133,139218,9794,339710,California
Alameda,2021-03-03,15723,495085,10307,293687,5413,201380,3,18,10772,206347,4925,144143,10780,350490,California
Alameda,2021-03-04,17344,512429,11163,304850,6179,207559,2,20,10954,210949,6354,150497,10956,361446,California
Alameda,2021-03-05,16151,528580,10614,315464,5527,213086,10,30,10923,216706,5184,155681,10941,372387,California
Alameda,2021-03-06,14495,543075,10252,325716,3977,217063,266,296,9611,221746,4837,160518,9877,382264,California
Alameda,2021-03-07,9746,552821,8515,334231,1147,218210,84,380,6963,226039,2756,163274,7049,389313,California
Alameda,2021-03-08,11896,564717,7442,341673,4077,222287,377,757,8896,232360,2950,166224,9271,398584,California
Alameda,2021-03-09,14622,579339,10301,351974,3892,226179,429,1186,7977,234154,6613,172837,8407,406991,California
Alameda,2021-03-10,17377,596716,12069,364043,4760,230939,548,1734,7833,233016,9515,182352,8377,415368,California
Alameda,2021-03-11,19684,616400,11558,375601,6422,237361,1704,3438,6666,228389,12988,195340,8361,423729,California
Alameda,2021-03-12,21283,637683,12499,388100,7087,244448,1697,5135,7315,223451,13938,209278,9000,432729,California
Alameda,2021-03-13,15994,653677,10287,398387,4706,249154,1001,6136,5035,218556,10924,220202,6029,438758,California
Alameda,2021-03-14,10848,664525,8009,406396,2060,251214,779,6915,3280,215060,7546,227748,4050,442808,California
Alameda,2021-03-15,14388,678913,9422,415818,4442,255656,524,7439,6192,213608,8165,235913,6713,449521,California
Alameda,2021-03-16,17129,696042,11148,426966,5448,261104,533,7972,7303,211670,9775,245688,7837,457358,California
Alameda,2021-03-17,17496,713538,9914,436880,6856,267960,726,8698,8103,211153,9344,255032,8827,466185,California
Alameda,2021-03-18,19107,732645,10419,447299,7799,275759,889,9587,8603,210177,10472,265504,9496,475681,California
Alameda,2021-03-19,19326,751971,10600,457899,6941,282700,1785,11372,7534,207743,11742,277246,9308,484989,California
Alameda,2021-03-20,15745,767716,10321,468220,4569,287269,855,12227,6298,205476,9414,286660,7147,492136,California
Alameda,2021-03-21,9180,776896,7214,475434,1410,288679,556,12783,3365,203593,5804,292464,3921,496057,California
Alameda,2021-03-22,14993,791889,10104,485538,3880,292559,1009,13792,6771,203173,8192,300656,7772,503829,California
Alameda,2021-03-23,19222,811111,11660,497198,6747,299306,815,14607,9718,204258,9452,310108,10537,514366,California
Alameda,2021-03-24,19232,830343,11651,508849,6557,305863,1024,15631,8376,202857,10791,320899,9390,523756,California
Alameda,2021-03-25,20491,850834,11367,520216,7714,313577,1410,17041,9333,202502,11087,331986,10732,534488,California
Alameda,2021-03-26,20900,871734,12603,532819,6729,320306,1568,18609,8385,199975,12466,344452,9939,544427,California
Alameda,2021-03-27,18310,890044,12492,545311,4865,325171,953,19562,7490,197634,10771,355223,8430,552857,California
Alameda,2021-03-28,10652,900696,8694,554005,1755,326926,203,19765,3439,194083,7196,362419,3645,556502,California
Alameda,2021-03-29,14666,915362,9398,563403,4273,331199,995,20760,5808,192064,8820,371239,6801,563303,California
Alameda,2021-03-30,18536,933898,9796,573199,7018,338217,1722,22482,9234,193744,9265,380504,10945,574248,California
Alameda,2021-03-31,19298,953196,10149,583348,7041,345258,2108,24590,8947,194466,10320,390824,11042,585290,California
Alameda,2021-04-01,23268,976464,9946,593294,7633,352891,5689,30279,10978,198868,12235,403059,16637,601927,California
Alameda,2021-04-02,24014,1000478,9833,603127,8298,361189,5883,36162,11582,203906,12395,415454,17433,619360,California
Alameda,2021-04-03,20287,1020765,9772,612899,5655,366844,4860,41022,10241,208977,10020,425474,15091,634451,California
Alameda,2021-04-04,9930,1030695,3979,616878,2251,369095,3700,44722,3446,209653,6465,431939,7141,641592,California
Alameda,2021-04-05,17789,1048484,7486,624364,5484,374579,4819,49541,7244,211193,10520,442459,12060,653652,California
Alameda,2021-04-06,22144,1070628,10619,634983,5649,380228,5876,55417,10034,215005,12073,454532,15885,669537,California
Alameda,2021-04-07,22522,1093150,11538,646521,5504,385732,5480,60897,11392,220775,11086,465618,16856,686393,California
Alameda,2021-04-08,25512,1118662,11479,658000,6013,391745,8020,68917,10892,225125,14538,480156,18888,705281,California
Alameda,2021-04-09,23348,1142010,10636,668636,7469,399214,5243,74160,12043,231139,11268,491424,17282,722563,California
Alameda,2021-04-10,19300,1161310,7492,676128,5641,404855,6167,80327,8262,234536,11012,502436,14409,736972,California
Alameda,2021-04-11,11022,1172332,4834,680962,2229,407084,3959,84286,4517,236511,6486,508922,8461,745433,California
Alameda,2021-04-12,18126,1190458,11806,692768,4347,411431,1973,86259,10300,240989,7789,516711,12267,757700,California
Alameda,2021-04-13,23137,1213595,14724,707492,8353,419784,60,86319,17125,252228,5958,522669,17197,774897,California
Alameda,2021-04-14,23265,1236860,15307,722799,7956,427740,2,86321,15708,260431,7515,530184,15718,790615,California
Alameda,2021-04-15,24209,1261069,15467,738266,8738,436478,4,86325,16161,268623,7983,538167,16175,806790,California
Alameda,2021-04-16,24551,1285620,14474,752740,10071,446549,6,86331,15882,275937,8609,546776,15923,822713,California
Alameda,2021-04-17,21008,1306628,14533,767273,6473,453022,2,86333,14571,284129,6397,553173,14589,837302,California
Alameda,2021-04-18,10059,1316687,7731,775004,2328,455350,0,86333,6999,288108,3031,556204,7010,844312,California
Alameda,2021-04-19,15684,1332371,9758,784762,5925,461275,1,86334,9146,290774,6497,562701,9163,853475,California
Alameda,2021-04-20,18167,1350538,11116,795878,7049,468324,2,86336,10031,292757,8087,570788,10070,863545,California
Alameda,2021-04-21,19107,1369645,11168,807046,7928,476252,11,86347,11210,296158,7841,578629,11242,874787,California
Alameda,2021-04-22,21364,1391009,13746,820792,7613,483865,5,86352,11415,297705,9896,588525,11443,886230,California
Alameda,2021-04-23,21758,1412767,14050,834842,7704,491569,4,86356,12261,300559,9439,597964,12293,898523,California
Alameda,2021-04-24,18924,1431691,14379,849221,4537,496106,8,86364,10054,301804,8828,606792,10073,908596,California
Alameda,2021-04-25,8979,1440670,6993,856214,1985,498091,1,86365,5892,304646,3061,609853,5903,914499,California
Alameda,2021-04-26,14394,1455064,9969,866183,4399,502490,26,86391,8978,308277,5383,615236,9014,923513,California
Alameda,2021-04-27,16247,1471311,9616,875799,6263,508753,368,86759,7712,307897,8482,623718,8102,931615,California
Alameda,2021-04-28,16401,1487712,10361,886160,5574,514327,466,87225,6671,305349,9697,633415,7149,938764,California
Alameda,2021-04-29,17140,1504852,10256,896416,6552,520879,332,87557,6397,301409,10690,644105,6750,945514,California
Alameda,2021-04-30,19984,1524836,12510,908926,7133,528012,341,87898,8281,298450,11620,655725,8661,954175,California
Alameda,2021-05-01,13961,1538797,9345,918271,4409,532421,207,88105,5236,295233,8688,664413,5471,959646,California
Alameda,2021-05-02,7062,1545859,4930,923201,1962,534383,170,88275,2880,294123,4163,668576,3053,962699,California
Alameda,2021-05-03,14556,1560415,10958,934159,3279,537662,319,88594,2844,285663,11653,680229,3193,965892,California
Alameda,2021-05-04,18378,1578793,13195,947354,4819,542481,364,88958,3681,275111,14631,694860,4079,969971,California
Alameda,2021-05-05,18338,1597131,13337,960691,4492,546973,509,89467,3717,264793,14559,709419,4241,974212,California
Alameda,2021-05-06,18685,1615816,14118,974809,3872,550845,695,90162,3679,254251,14931,724350,4389,978601,California
Alameda,2021-05-07,19175,1634991,12883,987692,5879,556724,413,90575,4393,244362,14711,739061,4822,983423,California
Alameda,2021-05-08,16472,1651463,11268,998960,4993,561717,211,90786,3104,234366,13327,752388,3331,986754,California
Alameda,2021-05-09,8526,1659989,6983,1005943,1400,563117,143,90929,1439,228887,7065,759453,1586,988340,California
Alameda,2021-05-10,10120,1670109,6932,1012875,2865,565982,323,91252,2520,224173,7567,767020,2853,991193,California
Alameda,2021-05-11,15227,1685336,8196,1021071,6717,572699,314,91566,2808,214961,12370,779390,3158,994351,California
Alameda,2021-05-12,13326,1698662,8867,1029938,4017,576716,442,92008,2980,208117,10299,789689,3455,997806,California
Alameda,2021-05-13,17666,1716328,12676,1042614,4446,581162,544,92552,5660,202400,11958,801647,6241,1004047,California
Alameda,2021-05-14,20480,1736808,13877,1056491,6138,587300,465,93017,7042,196559,13361,815008,7520,1011567,California
Alameda,2021-05-15,17042,1753850,12387,1068878,4426,591726,229,93246,5749,191295,11246,826254,5982,1017549,California
Alameda,2021-05-16,8408,1762258,7189,1076067,1127,592853,92,93338,2800,188616,5576,831830,2897,1020446,California
Alameda,2021-05-17,13411,1775669,9996,1086063,2888,595741,527,93865,4203,184192,9169,840999,4745,1025191,California
Alameda,2021-05-18,14170,1789839,10313,1096376,3436,599177,421,94286,5024,180536,9103,850102,5447,1030638,California
Alameda,2021-05-19,14436,1804275,9904,1106280,4199,603376,333,94619,6008,178501,8377,858479,6342,1036980,California
Alameda,2021-05-20,13225,1817500,8713,1114993,3977,607353,535,95154,5815,177492,7360,865839,6351,1043331,California
Alameda,2021-05-21,15248,1832748,10019,1125012,4959,612312,270,95424,5187,172961,9994,875833,5463,1048794,California
Alameda,2021-05-22,10243,1842991,7403,1132415,2674,614986,166,95590,4134,171186,6079,881912,4304,1053098,California
Alameda,2021-05-23,4924,1847915,3746,1136161,1089,616075,89,95679,1608,169592,3296,885208,1702,1054800,California
Alameda,2021-05-24,6951,1854866,3942,1140103,2756,618831,253,95932,2644,168228,4266,889474,2902,1057702,California
Alameda,2021-05-25,7982,1862848,5163,1145266,2564,621395,255,96187,3590,167710,4359,893833,3841,1061543,California
Alameda,2021-05-26,8242,1871090,5156,1150422,2788,624183,298,96485,3631,167047,4587,898420,3924,1065467,California
Alameda,2021-05-27,8115,1879205,4873,1155295,2874,627057,368,96853,3427,166191,4646,903066,3790,1069257,California
Alameda,2021-05-28,8587,1887792,5023,1160318,3339,630396,225,97078,3653,165162,4909,907975,3880,1073137,California
Alameda,2021-05-29,4900,1892692,2946,1163264,1767,632163,187,97265,2535,165541,2345,910320,2724,1075861,California
Alameda,2021-05-30,2431,1895123,1590,1164854,752,632915,89,97354,973,165153,1450,911770,1062,1076923,California
Alameda,2021-05-31,1154,1896277,854,1165708,245,633160,55,97409,345,164759,794,912564,400,1077323,California
Alameda,2021-06-01,7100,1903377,4977,1170685,1880,635040,243,97652,3092,164113,3981,916545,3335,1080658,California
Alameda,2021-06-02,5796,1909173,3607,1174292,1966,637006,223,97875,2250,163064,3515,920060,2466,1083124,California
Alameda,2021-06-03,8446,1917619,6376,1180668,1789,638795,281,98156,2938,160808,5471,925531,3215,1086339,California
Alameda,2021-06-04,10409,1928028,7661,1188329,2506,641301,242,98398,2962,156607,7406,932937,3205,1089544,California
Alameda,2021-06-05,8028,1936056,5822,1194151,2043,643344,163,98561,1907,152588,6087,939024,2068,1091612,California
Alameda,2021-06-06,3626,1939682,3270,1197421,275,643619,81,98642,1083,151217,2535,941559,1164,1092776,California
Alameda,2021-06-07,5790,1945472,4228,1201649,1387,645006,175,98817,1784,149193,3984,945543,1960,1094736,California
Alameda,2021-06-08,7239,1952711,5780,1207429,1215,646221,244,99061,2131,146484,5083,950626,2374,1097110,California
Alameda,2021-06-09,7267,1959978,5941,1213370,1131,647352,195,99256,1700,142831,5544,956170,1891,1099001,California
Alameda,2021-06-10,7975,1967953,6674,1220044,998,648350,303,99559,2152,139484,5799,961969,2452,1101453,California
Alameda,2021-06-11,8030,1975983,6148,1226192,1659,650009,223,99782,2474,136656,5529,967498,2701,1104154,California
Alameda,2021-06-12,5465,1981448,4183,1230375,1095,651104,187,99969,1354,134115,4086,971584,1545,1105699,California
Alameda,2021-06-13,2229,1983677,1684,1232059,423,651527,122,100091,630,133277,1588,973172,750,1106449,California
Alameda,2021-06-14,4522,1988199,3402,1235461,911,652438,209,100300,1669,132320,2834,976006,1877,1108326,California
Alameda,2021-06-15,6000,1994199,4355,1239816,1364,653802,281,100581,1800,130237,4164,980170,2081,1110407,California
Alameda,2021-06-16,5133,1999332,4100,1243916,830,654632,203,100784,1527,128375,3589,983759,1727,1112134,California
Alameda,2021-06-17,4792,2004124,3768,1247684,812,655444,212,100996,1532,126883,3236,986995,1744,1113878,California
Alameda,2021-06-18,4067,2008191,3010,1250694,864,656308,193,101189,1322,125667,2729,989724,1513,1115391,California
Alpine,2020-12-18,2,2,2,2,0,0,0,0,2,2,0,0,2,2,California
Alpine,2020-12-19,2,4,2,4,0,0,0,0,2,4,0,0,2,4,California
Alpine,2020-12-21,1,5,1,5,0,0,0,0,1,5,0,0,1,5,California
Alpine,2020-12-30,14,19,0,5,14,14,0,0,14,19,0,0,14,19,California
Alpine,2020-12-31,1,20,0,5,1,15,0,0,1,20,0,0,1,20,California
Alpine,2021-01-01,1,21,0,5,1,16,0,0,1,21,0,0,1,21,California
Alpine,2021-01-02,1,22,1,6,0,16,0,0,1,22,0,0,1,22,California
Alpine,2021-01-04,10,32,0,6,10,26,0,0,10,32,0,0,10,32,California
Alpine,2021-01-05,8,40,0,6,8,34,0,0,8,40,0,0,8,40,California
Alpine,2021-01-06,31,71,0,6,31,65,0,0,31,71,0,0,31,71,California
Alpine,2021-01-07,8,79,0,6,8,73,0,0,8,79,0,0,8,79,California
Alpine,2021-01-08,4,83,2,8,2,75,0,0,2,79,2,2,2,81,California
Alpine,2021-01-09,2,85,2,10,0,75,0,0,0,77,2,4,0,81,California
Alpine,2021-01-11,32,117,1,11,31,106,0,0,31,107,1,5,31,112,California
Alpine,2021-01-13,35,152,0,11,35,141,0,0,35,142,0,5,35,147,California
Alpine,2021-01-14,1,153,0,11,1,142,0,0,1,143,0,5,1,148,California
Alpine,2021-01-15,1,154,0,11,1,143,0,0,1,144,0,5,1,149,California
Alpine,2021-01-20,21,175,0,11,21,164,0,0,21,165,0,5,21,170,California
Alpine,2021-01-21,1,176,0,11,1,165,0,0,1,166,0,5,1,171,California
Alpine,2021-01-22,33,209,0,11,33,198,0,0,33,199,0,5,33,204,California
Alpine,2021-01-23,1,210,1,12,0,198,0,0,0,198,1,6,0,204,California
Alpine,2021-01-25,16,226,0,12,16,214,0,0,16,214,0,6,16,220,California
Alpine,2021-01-28,1,227,0,12,1,215,0,0,0,213,1,7,0,220,California
Alpine,2021-01-29,1,228,0,12,1,216,0,0,1,214,0,7,1,221,California
Alpine,2021-02-01,25,253,0,12,25,241,0,0,7,203,18,25,7,228,California
Alpine,2021-02-03,34,287,0,12,34,275,0,0,10,189,24,49,10,238,California
Alpine,2021-02-04,8,295,0,12,8,283,0,0,3,187,5,54,3,241,California
Alpine,2021-02-05,31,326,0,12,31,314,0,0,12,180,19,73,12,253,California
Alpine,2021-02-08,32,358,0,12,32,346,0,0,4,156,28,101,4,257,California
Alpine,2021-02-10,34,392,0,12,34,380,0,0,0,122,34,135,0,257,California
Alpine,2021-02-11,6,398,0,12,6,386,0,0,3,122,3,138,3,260,California
Alpine,2021-02-12,1,399,0,12,1,387,0,0,0,121,1,139,0,260,California
Alpine,2021-02-17,23,422,0,12,23,410,0,0,3,104,20,159,3,263,California
Alpine,2021-02-18,2,424,0,12,2,412,0,0,1,104,1,160,1,264,California
Alpine,2021-02-19,34,458,1,13,33,445,0,0,2,74,32,192,2,266,California
Alpine,2021-02-22,27,485,0,13,27,472,0,0,8,63,19,211,8,274,California
Alpine,2021-02-25,5,490,0,13,5,477,0,0,5,68,0,211,5,279,California
Alpine,2021-02-26,30,520,1,14,29,506,0,0,29,96,1,212,29,308,California
Alpine,2021-02-27,1,521,0,14,1,507,0,0,1,97,0,212,1,309,California
Alpine,2021-03-01,36,557,0,14,36,543,0,0,26,113,10,222,26,335,California
Alpine,2021-03-03,29,586,0,14,29,572,0,0,18,120,11,233,18,353,California
Alpine,2021-03-04,11,597,1,15,10,582,0,0,11,131,0,233,11,364,California
Alpine,2021-03-05,30,627,0,15,30,612,0,0,22,145,8,241,22,386,California
Alpine,2021-03-08,31,658,0,15,31,643,0,0,29,172,2,243,29,415,California
Alpine,2021-03-10,73,731,0,15,73,716,0,0,73,245,0,243,73,488,California
Alpine,2021-03-11,35,766,0,15,35,751,0,0,31,272,4,247,31,519,California
Alpine,2021-03-12,19,785,0,15,19,770,0,0,17,287,2,249,17,536,California
Alpine,2021-03-15,20,805,0,15,20,790,0,0,19,305,1,250,19,555,California
Alpine,2021-03-17,23,828,0,15,22,812,1,1,19,321,4,254,20,575,California
Alpine,2021-03-18,35,863,0,15,35,847,0,1,34,354,1,255,34,609,California
Alpine,2021-03-19,2,865,1,16,1,848,0,1,1,354,1,256,1,610,California
Alpine,2021-03-22,24,889,0,16,24,872,0,1,15,360,9,265,15,625,California
Alpine,2021-03-24,19,908,0,16,19,891,0,1,8,357,11,276,8,633,California
Alpine,2021-03-25,35,943,1,17,33,924,1,2,27,378,7,283,28,661,California
Alpine,2021-03-27,1,944,0,17,1,925,0,2,0,377,1,284,0,661,California
Alpine,2021-03-28,1,945,1,18,0,925,0,2,1,378,0,284,1,662,California
Alpine,2021-03-29,19,964,0,18,18,943,1,3,2,364,17,301,3,665,California
Alpine,2021-04-01,18,982,0,18,18,961,0,3,8,362,10,311,8,673,California
Alpine,2021-04-02,100,1082,0,18,100,1061,0,3,45,353,54,365,45,718,California
Alpine,2021-04-05,3,1085,0,18,3,1064,0,3,0,350,3,368,0,718,California
Alpine,2021-04-06,2,1087,1,19,1,1065,0,3,1,350,1,369,1,719,California
Alpine,2021-04-07,117,1204,0,19,116,1181,1,4,30,295,86,455,31,750,California
Alpine,2021-04-08,35,1239,0,19,35,1216,0,4,10,280,25,480,10,760,California
Alpine,2021-04-09,2,1241,0,19,2,1218,0,4,2,282,0,480,2,762,California
Alpine,2021-04-14,47,1288,0,19,47,1265,0,4,10,255,37,517,10,772,California
Alpine,2021-04-15,35,1323,0,19,35,1300,0,4,3,226,32,549,3,775,California
Alpine,2021-04-19,1,1324,0,19,1,1301,0,4,1,227,0,549,1,776,California
Alpine,2021-04-21,31,1355,0,19,31,1332,0,4,15,226,16,565,15,791,California
Alpine,2021-04-22,24,1379,0,19,24,1356,0,4,1,204,23,588,1,792,California
Alpine,2021-04-25,1,1380,1,20,0,1356,0,4,0,203,1,589,0,792,California
Alpine,2021-04-27,1,1381,0,20,1,1357,0,4,1,204,0,589,1,793,California
Alpine,2021-04-28,36,1417,0,20,36,1393,0,4,6,180,30,619,6,799,California
Alpine,2021-04-29,6,1423,0,20,6,1399,0,4,0,174,6,625,0,799,California
Alpine,2021-04-30,2,1425,1,21,0,1399,1,5,1,175,1,626,2,801,California
Alpine,2021-05-02,1,1426,0,21,0,1399,1,6,0,175,1,627,1,802,California
Alpine,2021-05-05,17,1443,0,21,17,1416,0,6,4,166,13,640,4,806,California
Alpine,2021-05-06,8,1451,0,21,8,1424,0,6,0,158,8,648,0,806,California
Alpine,2021-05-07,1,1452,0,21,1,1425,0,6,0,157,1,649,0,806,California
Alpine,2021-05-10,1,1453,0,21,1,1426,0,6,1,158,0,649,1,807,California
Alpine,2021-05-12,1,1454,0,21,0,1426,1,7,0,158,1,650,1,808,California
Alpine,2021-05-13,3,1457,0,21,3,1429,0,7,0,155,3,653,0,808,California
Alpine,2021-05-17,2,1459,0,21,2,1431,0,7,1,155,1,654,1,809,California
Alpine,2021-05-18,1,1460,0,21,1,1432,0,7,1,156,0,654,1,810,California
Alpine,2021-05-19,15,1475,0,21,15,1447,0,7,0,141,15,669,0,810,California
Alpine,2021-05-21,1,1476,1,22,0,1447,0,7,0,140,1,670,0,810,California
Alpine,2021-05-25,1,1477,0,22,1,1448,0,7,0,139,1,671,0,810,California
Alpine,2021-05-27,1,1478,0,22,1,1449,0,7,1,140,0,671,1,811,California
Alpine,2021-05-28,2,1480,1,23,1,1450,0,7,2,142,0,671,2,813,California
Alpine,2021-05-29,1,1481,0,23,1,1451,0,7,1,143,0,671,1,814,California
Alpine,2021-06-02,8,1489,0,23,8,1459,0,7,1,137,7,678,1,815,California
Alpine,2021-06-04,1,1490,0,23,1,1460,0,7,1,138,0,678,1,816,California
Alpine,2021-06-07,1,1491,0,23,1,1461,0,7,0,137,1,679,0,816,California
Alpine,2021-06-10,1,1492,1,24,0,1461,0,7,1,138,0,679,1,817,California
Alpine,2021-06-15,1,1493,0,24,1,1462,0,7,0,137,1,680,0,817,California
Amador,2020-12-16,2,2,2,2,0,0,0,0,2,2,0,0,2,2,California
Amador,2020-12-17,5,7,5,7,0,0,0,0,5,7,0,0,5,7,California
Amador,2020-12-18,45,52,45,52,0,0,0,0,45,52,0,0,45,52,California
Amador,2020-12-19,16,68,16,68,0,0,0,0,16,68,0,0,16,68,California
Amador,2020-12-20,4,72,4,72,0,0,0,0,4,72,0,0,4,72,California
Amador,2020-12-21,30,102,30,102,0,0,0,0,30,102,0,0,30,102,California
Amador,2020-12-22,35,137,34,136,1,1,0,0,35,137,0,0,35,137,California
Amador,2020-12-23,40,177,39,175,1,2,0,0,40,177,0,0,40,177,California
Amador,2020-12-24,5,182,3,178,2,4,0,0,5,182,0,0,5,182,California
Amador,2020-12-26,5,187,4,182,1,5,0,0,5,187,0,0,5,187,California
Amador,2020-12-27,1,188,0,182,1,6,0,0,1,188,0,0,1,188,California
Amador,2020-12-28,31,219,27,209,4,10,0,0,31,219,0,0,31,219,California
Amador,2020-12-29,25,244,18,227,7,17,0,0,25,244,0,0,25,244,California
Amador,2020-12-30,122,366,76,303,46,63,0,0,122,366,0,0,122,366,California
Amador,2020-12-31,194,560,168,471,26,89,0,0,194,560,0,0,194,560,California
Amador,2021-01-01,2,562,0,471,2,91,0,0,2,562,0,0,2,562,California
Amador,2021-01-02,57,619,57,528,0,91,0,0,57,619,0,0,57,619,California
Amador,2021-01-03,66,685,17,545,49,140,0,0,66,685,0,0,66,685,California
Amador,2021-01-04,124,809,1,546,123,263,0,0,124,809,0,0,124,809,California
Amador,2021-01-05,34,843,3,549,31,294,0,0,32,840,2,2,33,842,California
Amador,2021-01-06,40,883,11,560,29,323,0,0,36,872,4,6,36,878,California
Amador,2021-01-07,228,1111,68,628,160,483,0,0,217,1078,11,17,217,1095,California
Amador,2021-01-08,85,1196,70,698,15,498,0,0,41,1076,44,61,42,1137,California
Amador,2021-01-09,11,1207,11,709,0,498,0,0,2,1069,9,70,2,1139,California
Amador,2021-01-10,6,1213,4,713,2,500,0,0,2,1067,4,74,2,1141,California
Amador,2021-01-11,124,1337,43,756,81,581,0,0,88,1120,36,110,89,1230,California
Amador,2021-01-12,66,1403,50,806,16,597,0,0,42,1138,24,134,42,1272,California
Amador,2021-01-13,40,1443,24,830,16,613,0,0,28,1154,12,146,28,1300,California
Amador,2021-01-14,149,1592,22,852,127,740,0,0,139,1284,10,156,140,1440,California
Amador,2021-01-15,61,1653,26,878,35,775,0,0,52,1327,9,165,52,1492,California
Amador,2021-01-16,17,1670,11,889,6,781,0,0,11,1333,6,171,12,1504,California
Amador,2021-01-17,26,1696,5,894,21,802,0,0,26,1359,0,171,26,1530,California
Amador,2021-01-18,30,1726,26,920,4,806,0,0,9,1347,21,192,9,1539,California
Amador,2021-01-19,124,1850,99,1019,25,831,0,0,81,1385,43,235,81,1620,California
Amador,2021-01-20,179,2029,30,1049,149,980,0,0,165,1537,13,248,165,1785,California
Amador,2021-01-21,258,2287,229,1278,29,1009,0,0,147,1574,111,359,148,1933,California
Amador,2021-01-22,135,2422,73,1351,62,1071,0,0,128,1695,7,366,128,2061,California
Amador,2021-01-23,54,2476,32,1383,22,1093,0,0,51,1743,3,369,51,2112,California
Amador,2021-01-24,28,2504,12,1395,16,1109,0,0,25,1765,3,372,25,2137,California
Amador,2021-01-25,59,2563,29,1424,30,1139,0,0,41,1788,18,390,41,2178,California
Amador,2021-01-26,242,2805,16,1440,226,1365,0,0,232,2010,10,400,232,2410,California
Amador,2021-01-27,301,3106,33,1473,268,1633,0,0,254,2220,45,445,255,2665,California
Amador,2021-01-28,369,3475,97,1570,272,1905,0,0,288,2428,81,526,289,2954,California
Amador,2021-01-29,99,3574,33,1603,66,1971,0,0,84,2497,15,541,84,3038,California
Amador,2021-01-30,168,3742,36,1639,132,2103,0,0,163,2655,5,546,163,3201,California
Amador,2021-01-31,33,3775,28,1667,5,2108,0,0,32,2686,1,547,32,3233,California
Amador,2021-02-01,67,3842,24,1691,43,2151,0,0,40,2699,27,574,40,3273,California
Amador,2021-02-02,213,4055,64,1755,149,2300,0,0,126,2741,84,658,126,3399,California
Amador,2021-02-03,139,4194,38,1793,101,2401,0,0,88,2779,50,708,88,3487,California
Amador,2021-02-04,249,4443,74,1867,175,2576,0,0,163,2858,86,794,165,3652,California
Amador,2021-02-05,334,4777,63,1930,271,2847,0,0,317,3158,17,811,317,3969,California
Amador,2021-02-06,98,4875,80,2010,18,2865,0,0,94,3248,4,815,94,4063,California
Amador,2021-02-07,39,4914,35,2045,4,2869,0,0,35,3280,4,819,36,4099,California
Amador,2021-02-08,91,5005,63,2108,28,2897,0,0,74,3337,17,836,74,4173,California
Amador,2021-02-09,173,5178,80,2188,93,2990,0,0,106,3376,67,903,106,4279,California
Amador,2021-02-10,980,6158,80,2268,900,3890,0,0,947,4290,33,936,947,5226,California
Amador,2021-02-11,306,6464,118,2386,188,4078,0,0,196,4378,108,1044,196,5422,California
Amador,2021-02-12,328,6792,120,2506,208,4286,0,0,255,4560,73,1117,255,5677,California
Amador,2021-02-13,164,6956,79,2585,85,4371,0,0,141,4678,23,1140,141,5818,California
Amador,2021-02-14,123,7079,54,2639,69,4440,0,0,105,4765,18,1158,105,5923,California
Amador,2021-02-15,188,7267,60,2699,128,4568,0,0,171,4920,16,1174,171,6094,California
Amador,2021-02-16,465,7732,52,2751,413,4981,0,0,426,5308,39,1213,427,6521,California
Amador,2021-02-17,263,7995,85,2836,178,5159,0,0,166,5377,97,1310,166,6687,California
Amador,2021-02-18,394,8389,97,2933,297,5456,0,0,332,5647,62,1372,332,7019,California
Amador,2021-02-19,192,8581,76,3009,116,5572,0,0,108,5671,84,1456,108,7127,California
Amador,2021-02-20,93,8674,31,3040,62,5634,0,0,65,5708,28,1484,65,7192,California
Amador,2021-02-21,45,8719,33,3073,12,5646,0,0,13,5690,31,1515,13,7205,California
Amador,2021-02-22,66,8785,26,3099,40,5686,0,0,32,5689,33,1548,32,7237,California
Amador,2021-02-23,321,9106,56,3155,265,5951,0,0,141,5651,179,1727,141,7378,California
Amador,2021-02-24,396,9502,59,3214,337,6288,0,0,265,5789,127,1854,265,7643,California
Amador,2021-02-25,527,10029,122,3336,405,6693,0,0,281,5825,245,2099,281,7924,California
Amador,2021-02-26,630,10659,80,3416,550,7243,0,0,514,6224,115,2214,514,8438,California
Amador,2021-02-27,294,10953,97,3513,197,7440,0,0,101,6135,192,2406,103,8541,California
Amador,2021-02-28,105,11058,54,3567,51,7491,0,0,60,6152,45,2451,62,8603,California
Amador,2021-03-01,199,11257,70,3637,129,7620,0,0,127,6208,72,2523,128,8731,California
Amador,2021-03-02,382,11639,61,3698,321,7941,0,0,335,6497,47,2570,336,9067,California
Amador,2021-03-03,242,11881,82,3780,160,8101,0,0,166,6589,75,2645,167,9234,California
Amador,2021-03-04,494,12375,113,3893,381,8482,0,0,394,6884,99,2744,394,9628,California
Amador,2021-03-05,512,12887,76,3969,436,8918,0,0,291,6958,219,2963,293,9921,California
Amador,2021-03-06,97,12984,45,4014,51,8969,1,1,56,6974,41,3004,57,9978,California
Amador,2021-03-07,66,13050,44,4058,22,8991,0,1,23,6954,43,3047,23,10001,California
Amador,2021-03-08,150,13200,69,4127,80,9071,1,2,90,6985,60,3107,91,10092,California
Amador,2021-03-09,374,13574,49,4176,325,9396,0,2,293,7202,77,3184,294,10386,California
Amador,2021-03-10,514,14088,77,4253,435,9831,2,4,111,6914,403,3587,115,10501,California
Amador,2021-03-11,471,14559,117,4370,344,10175,10,14,298,7053,172,3759,311,10812,California
Amador,2021-03-12,569,15128,67,4437,495,10670,7,21,340,7178,228,3987,353,11165,California
Amador,2021-03-13,115,15243,17,4454,91,10761,7,28,75,7224,40,4027,86,11251,California
Amador,2021-03-14,86,15329,17,4471,67,10828,2,30,21,7182,65,4092,23,11274,California
Amador,2021-03-15,181,15510,25,4496,149,10977,7,37,53,7115,128,4220,61,11335,California
Amador,2021-03-16,451,15961,53,4549,389,11366,9,46,138,6951,311,4531,147,11482,California
Amador,2021-03-17,200,16161,44,4593,153,11519,3,49,122,6998,78,4609,125,11607,California
Amador,2021-03-18,480,16641,104,4697,372,11891,4,53,251,7028,229,4838,259,11866,California
Amador,2021-03-19,540,17181,56,4753,469,12360,15,68,389,7287,149,4987,408,12274,California
Amador,2021-03-20,111,17292,47,4800,63,12423,1,69,46,7272,64,5051,49,12323,California
Amador,2021-03-21,51,17343,35,4835,15,12438,1,70,32,7289,18,5069,35,12358,California
Amador,2021-03-22,115,17458,34,4869,52,12490,29,99,49,7301,66,5135,78,12436,California
Amador,2021-03-23,435,17893,47,4916,381,12871,7,106,275,7425,159,5294,283,12719,California
Amador,2021-03-24,347,18240,39,4955,55,12926,253,359,37,7406,309,5603,290,13009,California
Amador,2021-03-25,609,18849,87,5042,515,13441,7,366,394,7593,214,5817,401,13410,California
Amador,2021-03-26,747,19596,43,5085,698,14139,6,372,285,7427,460,6277,294,13704,California
Amador,2021-03-27,87,19683,15,5100,70,14209,2,374,27,7398,60,6337,31,13735,California
Amador,2021-03-28,69,19752,15,5115,52,14261,2,376,12,7357,56,6393,15,13750,California
Amador,2021-03-29,182,19934,27,5142,154,14415,1,377,80,7344,100,6493,87,13837,California
Amador,2021-03-30,533,20467,25,5167,507,14922,1,378,291,7395,241,6734,292,14129,California
Amador,2021-03-31,201,20668,58,5225,138,15060,5,383,44,7288,156,6890,49,14178,California
Amador,2021-04-01,610,21278,85,5310,525,15585,0,383,261,7204,347,7237,263,14441,California
Amador,2021-04-02,607,21885,39,5349,555,16140,13,396,378,7369,228,7465,393,14834,California
Amador,2021-04-03,88,21973,26,5375,43,16183,19,415,22,7346,66,7531,43,14877,California
Amador,2021-04-04,38,22011,3,5378,29,16212,6,421,15,7344,23,7554,21,14898,California
Amador,2021-04-05,141,22152,50,5428,75,16287,16,437,48,7318,92,7646,66,14964,California
Amador,2021-04-06,502,22654,37,5465,447,16734,18,455,222,7280,278,7924,240,15204,California
Amador,2021-04-07,98,22752,32,5497,47,16781,19,474,42,7287,54,7978,61,15265,California
Amador,2021-04-08,495,23247,85,5582,389,17170,21,495,221,7257,273,8251,243,15508,California
Amador,2021-04-09,482,23729,22,5604,440,17610,20,515,214,7221,267,8518,231,15739,California
Amador,2021-04-10,51,23780,15,5619,27,17637,9,524,21,7221,30,8548,30,15769,California
Amador,2021-04-11,48,23828,24,5643,20,17657,4,528,22,7222,25,8573,26,15795,California
Amador,2021-04-12,99,23927,27,5670,62,17719,10,538,41,7215,58,8631,51,15846,California
Amador,2021-04-13,344,24271,47,5717,297,18016,0,538,67,7007,276,8907,68,15914,California
Amador,2021-04-14,284,24555,29,5746,255,18271,0,538,174,7074,107,9014,174,16088,California
Amador,2021-04-15,330,24885,75,5821,255,18526,0,538,69,6887,256,9270,69,16157,California
Amador,2021-04-16,483,25368,29,5850,454,18980,0,538,386,7177,96,9366,386,16543,California
Amador,2021-04-17,63,25431,36,5886,27,19007,0,538,27,7168,36,9402,27,16570,California
Amador,2021-04-18,30,25461,7,5893,23,19030,0,538,12,7163,18,9420,13,16583,California
Amador,2021-04-19,70,25531,28,5921,42,19072,0,538,30,7156,39,9459,32,16615,California
Amador,2021-04-20,436,25967,53,5974,383,19455,0,538,110,6949,319,9778,112,16727,California
Amador,2021-04-21,87,26054,32,6006,54,19509,1,539,43,6950,43,9821,44,16771,California
Amador,2021-04-22,492,26546,76,6082,415,19924,1,540,101,6668,384,10205,102,16873,California
Amador,2021-04-23,359,26905,46,6128,313,20237,0,540,286,6884,72,10277,288,17161,California
Amador,2021-04-24,49,26954,24,6152,25,20262,0,540,28,6892,20,10297,28,17189,California
Amador,2021-04-25,41,26995,19,6171,22,20284,0,540,29,6909,12,10309,29,17218,California
Amador,2021-04-26,92,27087,27,6198,64,20348,1,541,44,6909,47,10356,47,17265,California
Amador,2021-04-27,494,27581,40,6238,453,20801,1,542,87,6593,405,10761,89,17354,California
Amador,2021-04-28,68,27649,28,6266,36,20837,4,546,39,6607,29,10790,43,17397,California
Amador,2021-04-29,221,27870,69,6335,44,20881,108,654,65,6623,156,10946,172,17569,California
Amador,2021-04-30,336,28206,26,6361,306,21187,4,658,94,6480,242,11188,99,17668,California
Amador,2021-05-01,43,28249,15,6376,23,21210,5,663,22,6488,19,11207,27,17695,California
Amador,2021-05-02,28,28277,14,6390,11,21221,3,666,11,6486,17,11224,15,17710,California
Amador,2021-05-03,67,28344,33,6423,24,21245,10,676,27,6483,40,11264,37,17747,California
Amador,2021-05-04,464,28808,27,6450,430,21675,7,683,67,6160,397,11661,74,17821,California
Amador,2021-05-05,202,29010,152,6602,41,21716,9,692,161,6288,40,11701,168,17989,California
Amador,2021-05-06,109,29119,56,6658,48,21764,5,697,63,6312,44,11745,68,18057,California
Amador,2021-05-07,126,29245,28,6686,91,21855,7,704,67,6327,59,11804,74,18131,California
Amador,2021-05-08,41,29286,10,6696,28,21883,3,707,19,6327,22,11826,22,18153,California
Amador,2021-05-09,16,29302,1,6697,9,21892,6,713,4,6325,12,11838,10,18163,California
Amador,2021-05-10,59,29361,13,6710,43,21935,3,716,24,6317,35,11873,27,18190,California
Amador,2021-05-11,98,29459,32,6742,40,21975,26,742,45,6335,53,11926,71,18261,California
Amador,2021-05-12,69,29528,24,6766,42,22017,3,745,33,6335,36,11962,36,18297,California
Amador,2021-05-13,74,29602,41,6807,27,22044,6,751,37,6342,36,11998,43,18340,California
Amador,2021-05-14,395,29997,35,6842,356,22400,4,755,86,6124,309,12307,91,18431,California
Amador,2021-05-15,49,30046,19,6861,20,22420,10,765,23,6132,26,12333,34,18465,California
Amador,2021-05-16,37,30083,14,6875,23,22443,0,765,17,6129,20,12353,17,18482,California
Amador,2021-05-17,76,30159,23,6898,51,22494,2,767,35,6127,40,12393,38,18520,California
Amador,2021-05-18,246,30405,166,7064,45,22539,35,802,165,6247,80,12473,200,18720,California
Amador,2021-05-19,75,30480,25,7089,47,22586,3,805,35,6248,39,12512,40,18760,California
Amador,2021-05-20,86,30566,46,7135,36,22622,4,809,29,6225,56,12568,33,18793,California
Amador,2021-05-21,272,30838,29,7164,241,22863,2,811,40,6035,232,12800,42,18835,California
Amador,2021-05-22,46,30884,14,7178,27,22890,5,816,12,6019,34,12834,18,18853,California
Amador,2021-05-23,26,30910,4,7182,19,22909,3,819,5,6006,21,12855,8,18861,California
Amador,2021-05-24,90,31000,31,7213,47,22956,12,831,42,6012,48,12903,54,18915,California
Amador,2021-05-25,141,31141,89,7302,27,22983,25,856,82,6062,57,12960,107,19022,California
Amador,2021-05-26,205,31346,162,7464,36,23019,7,863,41,5946,163,13123,47,19069,California
Amador,2021-05-27,81,31427,36,7500,36,23055,9,872,30,5934,51,13174,39,19108,California
Amador,2021-05-28,69,31496,27,7527,38,23093,4,876,30,5929,39,13213,34,19142,California
Amador,2021-05-29,26,31522,2,7529,21,23114,3,879,10,5926,16,13229,13,19155,California
Amador,2021-05-30,19,31541,5,7534,8,23122,6,885,5,5923,14,13243,11,19166,California
Amador,2021-05-31,10,31551,0,7534,9,23131,1,886,2,5918,8,13251,3,19169,California
Amador,2021-06-01,94,31645,66,7600,23,23154,5,891,43,5916,50,13301,48,19217,California
Amador,2021-06-02,46,31691,16,7616,22,23176,8,899,16,5911,30,13331,25,19242,California
Amador,2021-06-03,58,31749,25,7641,28,23204,5,904,19,5897,38,13369,24,19266,California
Amador,2021-06-04,100,31849,20,7661,59,23263,21,925,23,5864,77,13446,44,19310,California
Amador,2021-06-05,38,31887,16,7677,19,23282,3,928,4,5837,34,13480,7,19317,California
Amador,2021-06-06,18,31905,8,7685,9,23291,1,929,8,5836,10,13490,9,19326,California
Amador,2021-06-07,45,31950,18,7703,22,23313,5,934,17,5830,28,13518,22,19348,California
Amador,2021-06-08,173,32123,138,7841,25,23338,10,944,54,5777,118,13636,65,19413,California
Amador,2021-06-09,48,32171,19,7860,20,23358,9,953,12,5762,36,13672,21,19434,California
Amador,2021-06-10,54,32225,22,7882,20,23378,12,965,19,5758,35,13707,31,19465,California
Amador,2021-06-11,57,32282,17,7899,35,23413,5,970,17,5740,40,13747,22,19487,California
Amador,2021-06-12,23,32305,10,7909,11,23424,2,972,8,5736,14,13761,10,19497,California
Amador,2021-06-13,9,32314,2,7911,6,23430,1,973,2,5732,7,13768,3,19500,California
Amador,2021-06-14,46,32360,23,7934,20,23450,3,976,13,5715,33,13801,16,19516,California
Amador,2021-06-15,43,32403,12,7946,19,23469,12,988,17,5718,26,13827,29,19545,California
Amador,2021-06-16,75,32478,35,7981,31,23500,9,997,34,5720,41,13868,43,19588,California
Amador,2021-06-17,43,32521,23,8004,18,23518,2,999,26,5732,16,13884,28,19616,California
Amador,2021-06-18,143,32664,112,8116,24,23542,7,1006,64,5724,79,13963,71,19687,California
Butte,2020-12-16,3,3,3,3,0,0,0,0,3,3,0,0,3,3,California
Butte,2020-12-17,21,24,21,24,0,0,0,0,21,24,0,0,21,24,California
Butte,2020-12-18,53,77,53,77,0,0,0,0,53,77,0,0,53,77,California
Butte,2020-12-19,7,84,7,84,0,0,0,0,7,84,0,0,7,84,California
Butte,2020-12-20,10,94,10,94,0,0,0,0,10,94,0,0,10,94,California
Butte,2020-12-21,632,726,632,726,0,0,0,0,632,726,0,0,632,726,California
Butte,2020-12-22,618,1344,616,1342,2,2,0,0,618,1344,0,0,618,1344,California
Butte,2020-12-23,874,2218,858,2200,16,18,0,0,874,2218,0,0,874,2218,California
Butte,2020-12-24,158,2376,154,2354,4,22,0,0,158,2376,0,0,158,2376,California
Butte,2020-12-26,90,2466,88,2442,2,24,0,0,90,2466,0,0,90,2466,California
Butte,2020-12-27,35,2501,34,2476,1,25,0,0,35,2501,0,0,35,2501,California
Butte,2020-12-28,278,2779,272,2748,6,31,0,0,278,2779,0,0,278,2779,California
Butte,2020-12-29,202,2981,179,2927,23,54,0,0,202,2981,0,0,202,2981,California
Butte,2020-12-30,513,3494,291,3218,222,276,0,0,513,3494,0,0,513,3494,California
Butte,2020-12-31,213,3707,18,3236,195,471,0,0,213,3707,0,0,213,3707,California
Butte,2021-01-01,11,3718,3,3239,8,479,0,0,11,3718,0,0,11,3718,California
Butte,2021-01-02,40,3758,37,3276,3,482,0,0,40,3758,0,0,40,3758,California
Butte,2021-01-03,3,3761,0,3276,3,485,0,0,3,3761,0,0,3,3761,California
Butte,2021-01-04,209,3970,176,3452,33,518,0,0,209,3970,0,0,209,3970,California
Butte,2021-01-05,195,4165,152,3604,43,561,0,0,194,4163,1,1,194,4164,California
Butte,2021-01-06,625,4790,396,4000,229,790,0,0,620,4779,5,6,621,4785,California
Butte,2021-01-07,762,5552,369,4369,393,1183,0,0,742,5501,20,26,742,5527,California
Butte,2021-01-08,674,6226,533,4902,141,1324,0,0,625,6077,49,75,625,6152,California
Butte,2021-01-09,10,6236,7,4909,3,1327,0,0,5,6077,5,80,5,6157,California
Butte,2021-01-10,19,6255,5,4914,14,1341,0,0,14,6086,5,85,14,6171,California
Butte,2021-01-11,985,7240,950,5864,35,1376,0,0,356,5816,629,714,359,6530,California
Butte,2021-01-12,697,7937,653,6517,44,1420,0,0,275,5669,422,1136,275,6805,California
Butte,2021-01-13,1564,9501,1073,7590,491,1911,0,0,724,5556,839,1975,726,7531,California
Butte,2021-01-14,1640,11141,894,8484,746,2657,0,0,1443,6803,196,2171,1443,8974,California
Butte,2021-01-15,1055,12196,814,9298,241,2898,0,0,946,7640,109,2280,946,9920,California
Butte,2021-01-16,588,12784,301,9599,287,3185,0,0,544,8140,44,2324,544,10464,California
Butte,2021-01-17,237,13021,63,9662,174,3359,0,0,199,8301,38,2362,199,10663,California
Butte,2021-01-18,346,13367,304,9966,42,3401,0,0,279,8514,66,2428,279,10942,California
Butte,2021-01-19,491,13858,430,10396,61,3462,0,0,222,8467,269,2697,222,11164,California
Butte,2021-01-20,1374,15232,690,11086,684,4146,0,0,1071,9235,303,3000,1071,12235,California
Butte,2021-01-21,1480,16712,869,11955,611,4757,0,0,1372,10500,107,3107,1372,13607,California
Butte,2021-01-22,1143,17855,483,12438,660,5417,0,0,1089,11535,54,3161,1089,14696,California
Butte,2021-01-23,124,17979,84,12522,40,5457,0,0,99,11609,25,3186,99,14795,California
Butte,2021-01-24,9,17988,7,12529,2,5459,0,0,9,11618,0,3186,9,14804,California
Butte,2021-01-25,659,18647,339,12868,320,5779,0,0,495,11949,164,3350,495,15299,California
Butte,2021-01-26,1473,20120,377,13245,1096,6875,0,0,1337,13150,136,3486,1337,16636,California
Butte,2021-01-27,2105,22225,707,13952,1398,8273,0,0,1370,13786,734,4220,1370,18006,California
Butte,2021-01-28,2262,24487,256,14208,2006,10279,0,0,1950,15425,311,4531,1950,19956,California
Butte,2021-01-29,1693,26180,492,14700,1201,11480,0,0,1312,16357,380,4911,1312,21268,California
Butte,2021-01-30,28,26208,8,14708,20,11500,0,0,26,16381,2,4913,26,21294,California
Butte,2021-01-31,15,26223,13,14721,2,11502,0,0,14,16394,1,4914,14,21308,California
Butte,2021-02-01,1758,27981,409,15130,1349,12851,0,0,1364,17368,390,5304,1364,22672,California
Butte,2021-02-02,1935,29916,362,15492,1573,14424,0,0,1634,18700,302,5606,1634,24306,California
Butte,2021-02-03,2738,32654,777,16269,1961,16385,0,0,1842,19648,894,6500,1842,26148,California
Butte,2021-02-04,2954,35608,321,16590,2633,19018,0,0,2399,21494,553,7053,2399,28547,California
Butte,2021-02-05,1271,36879,666,17256,605,19623,0,0,550,21324,721,7774,551,29098,California
Butte,2021-02-06,145,37024,103,17359,42,19665,0,0,63,21305,82,7856,63,29161,California
Butte,2021-02-07,37,37061,33,17392,4,19669,0,0,14,21296,23,7879,14,29175,California
Butte,2021-02-08,700,37761,549,17941,151,19820,0,0,242,21080,458,8337,242,29417,California
Butte,2021-02-09,950,38711,459,18400,491,20311,0,0,721,21572,229,8566,721,30138,California
Butte,2021-02-10,1701,40412,1187,19587,514,20825,0,0,671,21215,1028,9594,671,30809,California
Butte,2021-02-11,2204,42616,1349,20936,855,21680,0,0,1005,21021,1199,10793,1005,31814,California
Butte,2021-02-12,1002,43618,435,21371,567,22247,0,0,328,20676,673,11466,328,32142,California
Butte,2021-02-13,244,43862,42,21413,202,22449,0,0,143,20718,101,11567,143,32285,California
Butte,2021-02-14,162,44024,9,21422,153,22602,0,0,158,20872,4,11571,158,32443,California
Butte,2021-02-15,261,44285,47,21469,214,22816,0,0,195,21001,66,11637,195,32638,California
Butte,2021-02-16,729,45014,433,21902,296,23112,0,0,276,20823,454,12091,276,32914,California
Butte,2021-02-17,1513,46527,846,22748,667,23779,0,0,839,20990,672,12763,839,33753,California
Butte,2021-02-18,1556,48083,757,23505,799,24578,0,0,750,20934,806,13569,750,34503,California
Butte,2021-02-19,1169,49252,388,23893,781,25359,0,0,401,20574,761,14330,401,34904,California
Butte,2021-02-20,476,49728,32,23925,444,25803,0,0,126,20351,349,14679,126,35030,California
Butte,2021-02-21,17,49745,15,23940,2,25805,0,0,13,20360,4,14683,13,35043,California
Butte,2021-02-22,1499,51244,293,24233,1206,27011,0,0,373,19610,1123,15806,373,35416,California
Butte,2021-02-23,1639,52883,295,24528,1344,28355,0,0,464,18905,1169,16975,464,35880,California
Butte,2021-02-24,2129,55012,595,25123,1534,29889,0,0,720,18224,1401,18376,720,36600,California
Butte,2021-02-25,2081,57093,577,25700,1504,31393,0,0,656,17462,1419,19795,657,37257,California
Butte,2021-02-26,920,58013,308,26008,612,32005,0,0,395,17336,521,20316,395,37652,California
Butte,2021-02-27,232,58245,45,26053,187,32192,0,0,184,17474,46,20362,184,37836,California
Butte,2021-02-28,141,58386,15,26068,126,32318,0,0,134,17601,7,20369,134,37970,California
Butte,2021-03-01,1636,60022,178,26246,1457,33775,1,1,332,16635,1299,21668,333,38303,California
Butte,2021-03-02,1748,61770,198,26444,1550,35325,0,1,305,15501,1439,23107,305,38608,California
Butte,2021-03-03,2790,64560,855,27299,1935,37260,0,1,481,13677,2305,25412,481,39089,California
Butte,2021-03-04,3154,67714,682,27981,2472,39732,0,1,627,11779,2525,27937,627,39716,California
Butte,2021-03-05,1354,69068,616,28597,737,40469,1,2,735,11900,615,28552,736,40452,California
Butte,2021-03-06,245,69313,23,28620,199,40668,23,25,186,12051,58,28610,209,40661,California
Butte,2021-03-07,54,69367,3,28623,34,40702,17,42,30,12074,24,28634,47,40708,California
Butte,2021-03-08,1268,70635,128,28751,1062,41764,78,120,1101,13089,164,28798,1179,41887,California
Butte,2021-03-09,1907,72542,283,29034,1522,43286,102,222,1415,14117,489,29287,1517,43404,California
Butte,2021-03-10,2317,74859,967,30001,1250,44536,100,322,1580,15065,732,30019,1680,45084,California
Butte,2021-03-11,2814,77673,1319,31320,1369,45905,126,448,1983,16354,820,30839,2109,47193,California
Butte,2021-03-12,1146,78819,332,31652,466,46371,348,796,356,16274,784,31623,704,47897,California
Butte,2021-03-13,266,79085,67,31719,138,46509,61,857,59,16186,207,31830,119,48016,California
Butte,2021-03-14,164,79249,16,31735,106,46615,42,899,21,16107,142,31972,63,48079,California
Butte,2021-03-15,1744,80993,360,32095,1088,47703,296,1195,1147,16961,589,32561,1443,49522,California
Butte,2021-03-16,1647,82640,413,32508,1156,48859,78,1273,1110,17615,533,33094,1187,50709,California
Butte,2021-03-17,1953,84593,1353,33861,519,49378,81,1354,1136,18022,809,33903,1216,51925,California
Butte,2021-03-18,1810,86403,1466,35327,217,49595,127,1481,1062,18468,742,34645,1188,53113,California
Butte,2021-03-19,694,87097,306,35633,304,49899,84,1565,343,18554,341,34986,427,53540,California
Butte,2021-03-20,204,87301,29,35662,160,50059,15,1580,96,18557,108,35094,111,53651,California
Butte,2021-03-21,58,87359,25,35687,4,50063,29,1609,13,18556,43,35137,42,53693,California
Butte,2021-03-22,1483,88842,353,36040,1036,51099,94,1703,1221,19611,260,35397,1315,55008,California
Butte,2021-03-23,1819,90661,488,36528,1217,52316,114,1817,1471,20852,344,35741,1585,56593,California
Butte,2021-03-24,2263,92924,1266,37794,871,53187,126,1943,1713,22145,545,36286,1838,58431,California
Butte,2021-03-25,1481,94405,1197,38991,192,53379,92,2035,1016,22792,461,36747,1108,59539,California
Butte,2021-03-26,1206,95611,438,39429,521,53900,247,2282,559,22959,639,37386,806,60345,California
Butte,2021-03-27,302,95913,83,39512,195,54095,24,2306,135,22952,164,37550,157,60502,California
Butte,2021-03-28,228,96141,44,39556,176,54271,8,2314,103,22940,122,37672,110,60612,California
Butte,2021-03-29,1761,97902,379,39935,1312,55583,70,2384,1342,23938,414,38086,1412,62024,California
Butte,2021-03-30,1030,98932,469,40404,471,56054,90,2474,487,23978,537,38623,577,62601,California
Butte,2021-03-31,1775,100707,1302,41706,406,56460,67,2541,1081,24439,687,39310,1148,63749,California
Butte,2021-04-01,3331,104038,2706,44412,498,56958,127,2668,2259,25761,1064,40374,2386,66135,California
Butte,2021-04-02,1000,105038,416,44828,464,57422,120,2788,564,26015,428,40802,682,66817,California
Butte,2021-04-03,343,105381,46,44874,225,57647,72,2860,163,26070,180,40982,235,67052,California
Butte,2021-04-04,191,105572,25,44899,143,57790,23,2883,113,26130,76,41058,136,67188,California
Butte,2021-04-05,1973,107545,421,45320,1380,59170,172,3055,595,25526,1369,42427,765,67953,California
Butte,2021-04-06,2208,109753,617,45937,1169,60339,422,3477,799,25343,1402,43829,1219,69172,California
Butte,2021-04-07,3034,112787,1318,47255,1324,61663,392,3869,714,24135,2314,46143,1106,70278,California
Butte,2021-04-08,2758,115545,1201,48456,1289,62952,268,4137,460,22569,2294,48437,728,71006,California
Butte,2021-04-09,1377,116922,354,48810,540,63492,483,4620,330,22334,1043,49480,808,71814,California
Butte,2021-04-10,223,117145,47,48857,75,63567,101,4721,100,22411,123,49603,200,72014,California
Butte,2021-04-11,105,117250,42,48899,53,63620,10,4731,82,22481,22,49625,92,72106,California
Butte,2021-04-12,1415,118665,314,49213,969,64589,132,4863,238,21674,1177,50802,370,72476,California
Butte,2021-04-13,1652,120317,571,49784,1075,65664,6,4869,345,20725,1300,52102,351,72827,California
Butte,2021-04-14,2857,123174,2362,52146,495,66159,0,4869,1333,20540,1519,53621,1334,74161,California
Butte,2021-04-15,636,123810,391,52537,245,66404,0,4869,482,20871,151,53772,482,74643,California
Butte,2021-04-16,814,124624,416,52953,398,66802,0,4869,479,21017,333,54105,479,75122,California
Butte,2021-04-17,341,124965,60,53013,281,67083,0,4869,237,21152,102,54207,237,75359,California
Butte,2021-04-18,46,125011,11,53024,35,67118,0,4869,40,21186,6,54213,40,75399,California
Butte,2021-04-19,1559,126570,379,53403,1180,68298,0,4869,428,20486,1128,55341,428,75827,California
Butte,2021-04-20,1979,128549,726,54129,1253,69551,0,4869,760,20036,1211,56552,761,76588,California
Butte,2021-04-21,2048,130597,1166,55295,882,70433,0,4869,464,18925,1578,58130,467,77055,California
Butte,2021-04-22,2219,132816,1938,57233,281,70714,0,4869,614,17937,1602,59732,614,77669,California
Butte,2021-04-23,933,133749,440,57673,493,71207,0,4869,482,17968,451,60183,482,78151,California
Butte,2021-04-24,346,134095,137,57810,209,71416,0,4869,191,18005,154,60337,191,78342,California
Butte,2021-04-25,173,134268,68,57878,105,71521,0,4869,64,17960,109,60446,64,78406,California
Butte,2021-04-26,1560,135828,454,58332,1101,72622,5,4874,403,17216,1152,61598,408,78814,California
Butte,2021-04-27,1019,136847,678,59010,314,72936,27,4901,585,17399,429,62027,612,79426,California
Butte,2021-04-28,1386,138233,935,59945,426,73362,25,4926,500,17042,882,62909,525,79951,California
Butte,2021-04-29,890,139123,542,60487,323,73685,25,4951,300,16783,584,63493,325,80276,California
Butte,2021-04-30,896,140019,391,60878,484,74169,21,4972,448,16810,441,63934,468,80744,California
Butte,2021-05-01,241,140260,64,60942,158,74327,19,4991,72,16732,168,64102,90,80834,California
Butte,2021-05-02,150,140410,62,61004,75,74402,13,5004,44,16683,106,64208,57,80891,California
Butte,2021-05-03,633,141043,256,61260,346,74748,31,5035,177,16445,446,64654,208,81099,California
Butte,2021-05-04,818,141861,317,61577,469,75217,32,5067,212,16088,600,65254,243,81342,California
Butte,2021-05-05,1339,143200,1091,62668,212,75429,36,5103,274,15339,1060,66314,311,81653,California
Butte,2021-05-06,934,144134,672,63340,225,75654,37,5140,358,15161,573,66887,395,82048,California
Butte,2021-05-07,559,144693,289,63629,234,75888,36,5176,285,15210,271,67158,320,82368,California
Butte,2021-05-08,167,144860,34,63663,124,76012,9,5185,87,15227,79,67237,96,82464,California
Butte,2021-05-09,92,144952,19,63682,70,76082,3,5188,49,15236,43,67280,52,82516,California
Butte,2021-05-10,515,145467,302,63984,170,76252,43,5231,212,15191,300,67580,255,82771,California
Butte,2021-05-11,870,146337,642,64626,169,76421,59,5290,277,14937,590,68170,336,83107,California
Butte,2021-05-12,763,147100,481,65107,236,76657,46,5336,341,14906,418,68588,387,83494,California
Butte,2021-05-13,912,148012,609,65716,241,76898,62,5398,333,14731,568,69156,393,83887,California
Butte,2021-05-14,825,148837,514,66230,281,77179,30,5428,357,14652,465,69621,386,84273,California
Butte,2021-05-15,480,149317,223,66453,225,77404,32,5460,223,14651,256,69877,255,84528,California
Butte,2021-05-16,167,149484,82,66535,67,77471,18,5478,98,14699,68,69945,116,84644,California
Butte,2021-05-17,754,150238,481,67016,224,77695,49,5527,325,14646,426,70371,373,85017,California
Butte,2021-05-18,1064,151302,733,67749,283,77978,48,5575,475,14586,583,70954,523,85540,California
Butte,2021-05-19,824,152126,533,68282,247,78225,44,5619,329,14468,490,71444,372,85912,California
Butte,2021-05-20,979,153105,655,68937,214,78439,110,5729,392,14385,584,72028,501,86413,California
Butte,2021-05-21,891,153996,544,69481,320,78759,27,5756,308,14139,580,72608,334,86747,California
Butte,2021-05-22,298,154294,137,69618,146,78905,15,5771,145,14148,150,72758,159,86906,California
Butte,2021-05-23,124,154418,75,69693,48,78953,1,5772,79,14183,45,72803,80,86986,California
Butte,2021-05-24,338,154756,153,69846,135,79088,50,5822,170,14236,166,72969,219,87205,California
Butte,2021-05-25,698,155454,446,70292,216,79304,36,5858,348,14277,343,73312,384,87589,California
Butte,2021-05-26,561,156015,178,70470,360,79664,23,5881,254,14256,298,73610,277,87866,California
Butte,2021-05-27,865,156880,622,71092,226,79890,17,5898,430,14274,430,74040,448,88314,California
Butte,2021-05-28,519,157399,141,71233,299,80189,79,5977,216,14269,300,74340,295,88609,California
Butte,2021-05-29,224,157623,116,71349,96,80285,12,5989,148,14353,76,74416,160,88769,California
Butte,2021-05-30,107,157730,56,71405,51,80336,0,5989,61,14368,46,74462,61,88830,California
Butte,2021-05-31,43,157773,23,71428,18,80354,2,5991,25,14377,18,74480,27,88857,California
Butte,2021-06-01,672,158445,424,71852,212,80566,36,6027,254,14252,415,74895,290,89147,California
Butte,2021-06-02,818,159263,567,72419,206,80772,45,6072,352,14186,462,75357,396,89543,California
Butte,2021-06-03,626,159889,422,72841,186,80958,18,6090,223,14027,400,75757,241,89784,California
Butte,2021-06-04,479,160368,273,73114,178,81136,28,6118,159,13901,313,76070,187,89971,California
Butte,2021-06-05,317,160685,204,73318,93,81229,20,6138,103,13812,212,76282,123,90094,California
Butte,2021-06-06,135,160820,100,73418,33,81262,2,6140,34,13748,100,76382,36,90130,California
Butte,2021-06-07,402,161222,256,73674,116,81378,30,6170,174,13725,227,76609,204,90334,California
Butte,2021-06-08,650,161872,469,74143,163,81541,18,6188,191,13487,448,77057,210,90544,California
Butte,2021-06-09,432,162304,296,74439,118,81659,18,6206,147,13373,279,77336,165,90709,California
Butte,2021-06-10,623,162927,450,74889,144,81803,29,6235,236,13252,385,77721,264,90973,California
Butte,2021-06-11,444,163371,264,75153,159,81962,21,6256,151,13132,292,78013,172,91145,California
Butte,2021-06-12,248,163619,150,75303,88,82050,10,6266,74,13043,173,78186,84,91229,California
Butte,2021-06-13,97,163716,64,75367,30,82080,3,6269,20,12989,77,78263,23,91252,California
Butte,2021-06-14,383,164099,232,75599,132,82212,19,6288,143,12911,240,78503,162,91414,California
Butte,2021-06-15,539,164638,379,75978,136,82348,24,6312,157,12716,376,78879,181,91595,California
Butte,2021-06-16,413,165051,255,76233,115,82463,43,6355,170,12687,241,79120,212,91807,California
Butte,2021-06-17,504,165555,371,76604,112,82575,21,6376,147,12499,356,79476,168,91975,California
Butte,2021-06-18,122,165677,22,76626,67,82642,33,6409,34,12476,87,79563,64,92039,California
Calaveras,2020-12-16,5,5,5,5,0,0,0,0,5,5,0,0,5,5,California
Calaveras,2020-12-17,3,8,3,8,0,0,0,0,3,8,0,0,3,8,California
Calaveras,2020-12-18,40,48,40,48,0,0,0,0,40,48,0,0,40,48,California
Calaveras,2020-12-19,3,51,3,51,0,0,0,0,3,51,0,0,3,51,California
Calaveras,2020-12-20,4,55,4,55,0,0,0,0,4,55,0,0,4,55,California
Calaveras,2020-12-21,54,109,47,102,7,7,0,0,54,109,0,0,54,109,California
Calaveras,2020-12-22,82,191,78,180,4,11,0,0,83,192,0,0,83,192,California
Calaveras,2020-12-23,76,267,74,254,2,13,0,0,76,268,0,0,76,268,California
Calaveras,2020-12-24,2,269,2,256,0,13,0,0,2,270,0,0,2,270,California
Calaveras,2020-12-26,4,273,3,259,1,14,0,0,4,274,0,0,4,274,California
Calaveras,2020-12-27,1,274,1,260,0,14,0,0,1,275,0,0,1,275,California
Calaveras,2020-12-28,22,296,17,277,5,19,0,0,21,295,1,1,21,296,California
Calaveras,2020-12-29,160,456,138,415,22,41,0,0,160,455,0,1,160,456,California
Calaveras,2020-12-30,93,549,81,496,12,53,0,0,93,548,0,1,93,549,California
Calaveras,2020-12-31,36,585,25,521,11,64,0,0,36,584,0,1,36,585,California
Calaveras,2021-01-02,11,596,11,532,0,64,0,0,11,595,0,1,11,596,California
Calaveras,2021-01-03,10,606,4,536,6,70,0,0,10,605,0,1,10,606,California
Calaveras,2021-01-04,33,639,5,541,28,98,0,0,33,638,0,1,33,639,California
Calaveras,2021-01-05,41,680,10,551,31,129,0,0,32,666,9,10,37,676,California
Calaveras,2021-01-06,107,787,30,581,77,206,0,0,97,753,10,20,97,773,California
Calaveras,2021-01-07,107,894,27,608,80,286,0,0,93,835,12,32,94,867,California
Calaveras,2021-01-08,69,963,39,647,30,316,0,0,45,858,24,56,47,914,California
Calaveras,2021-01-09,5,968,5,652,0,316,0,0,2,857,3,59,2,916,California
Calaveras,2021-01-10,2,970,0,652,2,318,0,0,2,859,0,59,2,918,California
Calaveras,2021-01-11,66,1036,60,712,6,324,0,0,27,850,38,97,29,947,California
Calaveras,2021-01-12,84,1120,52,764,32,356,0,0,51,869,33,130,52,999,California
Calaveras,2021-01-13,108,1228,45,809,63,419,0,0,74,910,34,164,75,1074,California
Calaveras,2021-01-14,139,1367,44,853,95,514,0,0,106,985,32,196,107,1181,California
Calaveras,2021-01-15,92,1459,28,881,64,578,0,0,72,1037,20,216,72,1253,California
Calaveras,2021-01-16,13,1472,2,883,11,589,0,0,12,1048,1,217,12,1265,California
Calaveras,2021-01-17,10,1482,2,885,8,597,0,0,9,1056,1,218,9,1274,California
Calaveras,2021-01-18,131,1613,19,904,112,709,0,0,118,1164,13,231,121,1395,California
Calaveras,2021-01-19,208,1821,177,1081,31,740,0,0,70,1099,137,368,72,1467,California
Calaveras,2021-01-20,378,2199,82,1163,296,1036,0,0,287,1311,90,458,302,1769,California
Calaveras,2021-01-21,463,2662,40,1203,423,1459,0,0,425,1713,38,496,440,2209,California
Calaveras,2021-01-22,403,3065,24,1227,379,1838,0,0,390,2099,13,509,399,2608,California
Calaveras,2021-01-23,17,3082,8,1235,9,1847,0,0,16,2114,1,510,16,2624,California
Calaveras,2021-01-24,14,3096,8,1243,6,1853,0,0,12,2124,2,512,12,2636,California
Calaveras,2021-01-25,87,3183,8,1251,79,1932,0,0,81,2199,6,518,81,2717,California
Calaveras,2021-01-26,47,3230,15,1266,32,1964,0,0,38,2228,9,527,38,2755,California
Calaveras,2021-01-27,129,3359,45,1311,84,2048,0,0,100,2300,28,555,100,2855,California
Calaveras,2021-01-28,165,3524,25,1336,140,2188,0,0,139,2418,26,581,144,2999,California
Calaveras,2021-01-29,366,3890,12,1348,354,2542,0,0,333,2733,33,614,348,3347,California
Calaveras,2021-01-30,27,3917,10,1358,17,2559,0,0,25,2758,0,614,25,3372,California
Calaveras,2021-01-31,7,3924,4,1362,3,2562,0,0,6,2763,1,615,6,3378,California
Calaveras,2021-02-01,28,3952,12,1374,16,2578,0,0,19,2773,9,624,19,3397,California
Calaveras,2021-02-02,110,4062,23,1397,87,2665,0,0,71,2811,34,658,72,3469,California
Calaveras,2021-02-03,434,4496,44,1441,390,3055,0,0,349,3078,84,742,351,3820,California
Calaveras,2021-02-04,384,4880,26,1467,358,3413,0,0,299,3295,85,827,302,4122,California
Calaveras,2021-02-05,79,4959,22,1489,57,3470,0,0,41,3299,38,865,42,4164,California
Calaveras,2021-02-06,21,4980,12,1501,9,3479,0,0,21,3320,0,865,21,4185,California
Calaveras,2021-02-07,5,4985,1,1502,4,3483,0,0,2,3320,2,867,2,4187,California
Calaveras,2021-02-08,39,5024,18,1520,21,3504,0,0,31,3345,6,873,31,4218,California
Calaveras,2021-02-09,192,5216,77,1597,115,3619,0,0,130,3416,60,933,131,4349,California
Calaveras,2021-02-10,515,5731,31,1628,484,4103,0,0,441,3790,74,1007,448,4797,California
Calaveras,2021-02-11,585,6316,85,1713,500,4603,0,0,471,4159,111,1118,480,5277,California
Calaveras,2021-02-12,570,6886,325,2038,245,4848,0,0,489,4575,79,1197,495,5772,California
Calaveras,2021-02-13,200,7086,45,2083,155,5003,0,0,185,4745,15,1212,185,5957,California
Calaveras,2021-02-14,223,7309,71,2154,152,5155,0,0,207,4938,14,1226,207,6164,California
Calaveras,2021-02-15,382,7691,25,2179,357,5512,0,0,262,5083,117,1343,262,6426,California
Calaveras,2021-02-16,267,7958,143,2322,124,5636,0,0,230,5279,37,1380,233,6659,California
Calaveras,2021-02-17,511,8469,37,2359,474,6110,0,0,206,5199,290,1670,210,6869,California
Calaveras,2021-02-18,498,8967,91,2450,407,6517,0,0,95,4913,382,2052,96,6965,California
Calaveras,2021-02-19,439,9406,42,2492,397,6914,0,0,98,4682,329,2381,98,7063,California
Calaveras,2021-02-20,56,9462,15,2507,41,6955,0,0,47,4720,9,2390,47,7110,California
Calaveras,2021-02-21,25,9487,15,2522,10,6965,0,0,18,4732,6,2396,18,7128,California
Calaveras,2021-02-22,62,9549,38,2560,24,6989,0,0,33,4736,29,2425,33,7161,California
Calaveras,2021-02-23,128,9677,43,2603,85,7074,0,0,92,4793,36,2461,93,7254,California
Calaveras,2021-02-24,96,9773,47,2650,49,7123,0,0,66,4830,29,2490,66,7320,California
Calaveras,2021-02-25,552,10325,101,2751,451,7574,0,0,355,5000,191,2681,361,7681,California
Calaveras,2021-02-26,775,11100,45,2796,730,8304,0,0,411,5072,340,3021,412,8093,California
Calaveras,2021-02-27,204,11304,23,2819,181,8485,0,0,180,5228,24,3045,180,8273,California
Calaveras,2021-02-28,97,11401,15,2834,82,8567,0,0,91,5314,5,3050,91,8364,California
Calaveras,2021-03-01,240,11641,47,2881,193,8760,0,0,152,5384,83,3133,153,8517,California
Calaveras,2021-03-02,254,11895,100,2981,154,8914,0,0,206,5547,45,3178,208,8725,California
Calaveras,2021-03-03,559,12454,107,3088,452,9366,0,0,220,5434,333,3511,220,8945,California
Calaveras,2021-03-04,749,13203,72,3160,676,10042,1,1,354,5404,386,3897,356,9301,California
Calaveras,2021-03-05,455,13658,271,3431,180,10222,4,5,140,5243,305,4202,144,9445,California
Calaveras,2021-03-06,154,13812,41,3472,107,10329,6,11,114,5324,40,4242,121,9566,California
Calaveras,2021-03-07,77,13889,32,3504,38,10367,7,18,35,5324,42,4284,42,9608,California
Calaveras,2021-03-08,164,14053,28,3532,128,10495,8,26,129,5427,34,4318,137,9745,California
Calaveras,2021-03-09,361,14414,136,3668,219,10714,6,32,32,5142,323,4641,38,9783,California
Calaveras,2021-03-10,418,14832,30,3698,385,11099,3,35,59,4854,350,4991,62,9845,California
Calaveras,2021-03-11,853,15685,425,4123,415,11514,13,48,431,4889,411,5402,446,10291,California
Calaveras,2021-03-12,399,16084,212,4335,178,11692,9,57,322,5152,76,5478,339,10630,California
Calaveras,2021-03-13,178,16262,15,4350,155,11847,8,65,138,5264,39,5517,151,10781,California
Calaveras,2021-03-14,154,16416,11,4361,142,11989,1,66,16,5149,138,5655,23,10804,California
Calaveras,2021-03-15,331,16747,50,4411,256,12245,25,91,56,4960,274,5929,85,10889,California
Calaveras,2021-03-16,691,17438,554,4965,117,12362,20,111,545,5381,144,6073,565,11454,California
Calaveras,2021-03-17,277,17715,50,5015,213,12575,14,125,48,5220,224,6297,63,11517,California
Calaveras,2021-03-18,665,18380,569,5584,80,12655,16,141,548,5669,117,6414,566,12083,California
Calaveras,2021-03-19,234,18614,50,5634,110,12765,74,215,59,5629,171,6585,131,12214,California
Calaveras,2021-03-20,78,18692,22,5656,55,12820,1,216,21,5595,57,6642,23,12237,California
Calaveras,2021-03-21,46,18738,29,5685,6,12826,11,227,9,5580,36,6678,21,12258,California
Calaveras,2021-03-22,80,18818,36,5721,23,12849,21,248,25,5571,55,6733,46,12304,California
Calaveras,2021-03-23,296,19114,206,5927,80,12929,10,258,115,5527,169,6902,125,12429,California
Calaveras,2021-03-24,137,19251,53,5980,74,13003,10,268,44,5490,91,6993,54,12483,California
Calaveras,2021-03-25,745,19996,103,6083,638,13641,4,272,445,5648,291,7284,449,12932,California
Calaveras,2021-03-26,425,20421,27,6110,392,14033,6,278,87,5408,335,7619,95,13027,California
Calaveras,2021-03-27,210,20631,19,6129,187,14220,4,282,37,5281,170,7789,43,13070,California
Calaveras,2021-03-28,112,20743,12,6141,98,14318,2,284,8,5189,103,7892,11,13081,California
Calaveras,2021-03-29,179,20922,22,6163,154,14472,3,287,56,5129,120,8012,60,13141,California
Calaveras,2021-03-30,539,21461,26,6189,496,14968,17,304,360,5328,178,8190,377,13518,California
Calaveras,2021-03-31,324,21785,143,6332,171,15139,10,314,156,5327,168,8358,167,13685,California
Calaveras,2021-04-01,687,22472,445,6777,241,15380,1,315,187,5023,496,8854,192,13877,California
Calaveras,2021-04-02,392,22864,229,7006,155,15535,8,323,116,4878,270,9124,125,14002,California
Calaveras,2021-04-03,144,23008,33,7039,107,15642,4,327,40,4818,104,9228,44,14046,California
Calaveras,2021-04-04,82,23090,26,7065,56,15698,0,327,50,4836,32,9260,50,14096,California
Calaveras,2021-04-05,212,23302,81,7146,121,15819,10,337,100,4834,112,9372,110,14206,California
Calaveras,2021-04-06,655,23957,577,7723,64,15883,14,351,114,4425,537,9909,128,14334,California
Calaveras,2021-04-07,758,24715,660,8383,61,15944,37,388,620,4945,138,10047,658,14992,California
Calaveras,2021-04-08,947,25662,857,9240,69,16013,21,409,438,4899,506,10553,460,15452,California
Calaveras,2021-04-09,156,25818,59,9299,48,16061,49,458,58,4909,97,10650,107,15559,California
Calaveras,2021-04-10,193,26011,43,9342,131,16192,19,477,149,5035,43,10693,169,15728,California
Calaveras,2021-04-11,67,26078,45,9387,21,16213,1,478,49,5067,18,10711,50,15778,California
Calaveras,2021-04-12,103,26181,45,9432,40,16253,18,496,54,5091,49,10760,73,15851,California
Calaveras,2021-04-13,423,26604,368,9800,55,16308,0,496,365,5401,57,10817,367,16218,California
Calaveras,2021-04-14,182,26786,30,9830,152,16460,0,496,135,5490,47,10864,136,16354,California
Calaveras,2021-04-15,333,27119,282,10112,51,16511,0,496,247,5655,82,10946,247,16601,California
Calaveras,2021-04-16,103,27222,27,10139,76,16587,0,496,49,5656,49,10995,50,16651,California
Calaveras,2021-04-17,333,27555,128,10267,205,16792,0,496,291,5905,42,11037,291,16942,California
Calaveras,2021-04-18,18,27573,6,10273,12,16804,0,496,12,5911,6,11043,12,16954,California
Calaveras,2021-04-19,75,27648,26,10299,49,16853,0,496,45,5928,29,11072,46,17000,California
Calaveras,2021-04-20,260,27908,92,10391,168,17021,0,496,193,6056,65,11137,193,17193,California
Calaveras,2021-04-21,213,28121,143,10534,70,17091,0,496,81,6008,130,11267,82,17275,California
Calaveras,2021-04-22,544,28665,96,10630,448,17539,0,496,142,5753,399,11666,144,17419,California
Calaveras,2021-04-23,157,28822,79,10709,78,17617,0,496,64,5727,90,11756,64,17483,California
Calaveras,2021-04-24,172,28994,36,10745,136,17753,0,496,129,5815,42,11798,130,17613,California
Calaveras,2021-04-25,42,29036,28,10773,14,17767,0,496,21,5817,21,11819,23,17636,California
Calaveras,2021-04-26,116,29152,73,10846,43,17810,0,496,34,5770,82,11901,35,17671,California
Calaveras,2021-04-27,442,29594,74,10920,355,18165,13,509,57,5458,382,12283,70,17741,California
Calaveras,2021-04-28,648,30242,579,11499,38,18203,31,540,54,4958,592,12875,92,17833,California
Calaveras,2021-04-29,515,30757,443,11942,53,18256,19,559,73,4614,440,13315,96,17929,California
Calaveras,2021-04-30,151,30908,61,12003,85,18341,5,564,67,4609,83,13398,78,18007,California
Calaveras,2021-05-01,202,31110,111,12114,88,18429,3,567,134,4683,67,13465,141,18148,California
Calaveras,2021-05-02,51,31161,34,12148,16,18445,1,568,18,4672,31,13496,20,18168,California
Calaveras,2021-05-03,91,31252,67,12215,19,18464,5,573,29,4648,62,13558,38,18206,California
Calaveras,2021-05-04,416,31668,330,12545,49,18513,37,610,43,4357,372,13930,81,18287,California
Calaveras,2021-05-05,114,31782,58,12603,23,18536,33,643,50,4376,63,13993,82,18369,California
Calaveras,2021-05-06,255,32037,194,12797,37,18573,24,667,48,4243,206,14199,73,18442,California
Calaveras,2021-05-07,86,32123,22,12819,58,18631,6,673,56,4275,30,14229,62,18504,California
Calaveras,2021-05-08,291,32414,144,12963,145,18776,2,675,90,4169,198,14427,92,18596,California
Calaveras,2021-05-09,29,32443,12,12975,14,18790,3,678,13,4169,16,14443,16,18612,California
Calaveras,2021-05-10,56,32499,25,13000,30,18820,1,679,26,4169,28,14471,28,18640,California
Calaveras,2021-05-11,134,32633,88,13088,33,18853,13,692,94,4238,39,14510,108,18748,California
Calaveras,2021-05-12,168,32801,47,13135,121,18974,0,692,52,4175,115,14625,52,18800,California
Calaveras,2021-05-13,119,32920,65,13200,39,19013,15,707,63,4200,54,14679,79,18879,California
Calaveras,2021-05-14,149,33069,92,13292,54,19067,3,710,100,4255,48,14727,103,18982,California
Calaveras,2021-05-15,266,33335,93,13385,170,19237,3,713,105,4208,155,14882,108,19090,California
Calaveras,2021-05-16,29,33364,12,13397,17,19254,0,713,14,4208,15,14897,15,19105,California
Calaveras,2021-05-17,88,33452,41,13438,40,19294,7,720,46,4221,41,14938,54,19159,California
Calaveras,2021-05-18,225,33677,61,13499,142,19436,22,742,71,4161,153,15091,93,19252,California
Calaveras,2021-05-19,145,33822,59,13558,82,19518,4,746,70,4162,74,15165,75,19327,California
Calaveras,2021-05-20,203,34025,79,13637,99,19617,25,771,67,4120,133,15298,91,19418,California
Calaveras,2021-05-21,97,34122,55,13692,38,19655,4,775,58,4144,37,15335,61,19479,California
Calaveras,2021-05-22,300,34422,159,13851,141,19796,0,775,147,4139,152,15487,147,19626,California
Calaveras,2021-05-23,29,34451,14,13865,15,19811,0,775,13,4136,16,15503,13,19639,California
Calaveras,2021-05-24,74,34525,38,13903,20,19831,16,791,31,4141,43,15546,48,19687,California
Calaveras,2021-05-25,124,34649,49,13952,59,19890,16,807,58,4149,66,15612,74,19761,California
Calaveras,2021-05-26,121,34770,87,14039,30,19920,4,811,83,4198,37,15649,86,19847,California
Calaveras,2021-05-27,83,34853,43,14082,36,19956,4,815,27,4177,53,15702,32,19879,California
Calaveras,2021-05-28,82,34935,42,14124,36,19992,4,819,41,4181,41,15743,45,19924,California
Calaveras,2021-05-29,69,35004,23,14147,41,20033,5,824,33,4184,36,15779,39,19963,California
Calaveras,2021-05-30,36,35040,14,14161,17,20050,5,829,11,4175,25,15804,16,19979,California
Calaveras,2021-05-31,5,35045,0,14161,3,20053,2,831,0,4172,5,15809,2,19981,California
Calaveras,2021-06-01,144,35189,97,14258,41,20094,6,837,44,4122,100,15909,50,20031,California
Calaveras,2021-06-02,85,35274,54,14312,27,20121,4,841,36,4113,49,15958,40,20071,California
Calaveras,2021-06-03,93,35367,55,14367,31,20152,7,848,42,4115,49,16007,51,20122,California
Calaveras,2021-06-04,140,35507,94,14461,34,20186,12,860,37,4061,103,16110,49,20171,California
Calaveras,2021-06-05,84,35591,27,14488,55,20241,2,862,33,4046,50,16160,35,20206,California
Calaveras,2021-06-06,40,35631,28,14516,9,20250,3,865,21,4051,19,16179,24,20230,California
Calaveras,2021-06-07,61,35692,44,14560,9,20259,8,873,25,4049,35,16214,33,20263,California
Calaveras,2021-06-08,125,35817,79,14639,39,20298,7,880,57,4047,66,16280,64,20327,California
Calaveras,2021-06-09,93,35910,49,14688,38,20336,6,886,30,4022,63,16343,38,20365,California
Calaveras,2021-06-10,115,36025,57,14745,49,20385,9,895,41,4000,72,16415,50,20415,California
Calaveras,2021-06-11,103,36128,58,14803,40,20425,5,900,32,3966,71,16486,37,20452,California
Calaveras,2021-06-12,62,36190,36,14839,24,20449,2,902,19,3945,43,16529,22,20474,California
Calaveras,2021-06-13,31,36221,18,14857,9,20458,4,906,8,3934,23,16552,12,20486,California
Calaveras,2021-06-14,59,36280,40,14897,15,20473,4,910,23,3926,36,16588,28,20514,California
Calaveras,2021-06-15,90,36370,54,14951,27,20500,9,919,22,3891,67,16655,32,20546,California
Calaveras,2021-06-16,181,36551,139,15090,28,20528,14,933,40,3805,140,16795,54,20600,California
Calaveras,2021-06-17,49,36600,24,15114,22,20550,3,936,19,3800,27,16822,22,20622,California
Calaveras,2021-06-18,33,36633,25,15139,6,20556,2,938,15,3799,18,16840,17,20639,California
Colusa,2020-12-18,1,1,1,1,0,0,0,0,1,1,0,0,1,1,California
Colusa,2020-12-21,2,3,2,3,0,0,0,0,2,3,0,0,2,3,California
Colusa,2020-12-22,10,13,10,13,0,0,0,0,10,13,0,0,10,13,California
Colusa,2020-12-23,10,23,10,23,0,0,0,0,10,23,0,0,10,23,California
Colusa,2020-12-24,2,25,1,24,1,1,0,0,2,25,0,0,2,25,California
Colusa,2020-12-27,1,26,1,25,0,1,0,0,1,26,0,0,1,26,California
Colusa,2020-12-28,7,33,3,28,4,5,0,0,7,33,0,0,7,33,California
Colusa,2020-12-29,11,44,8,36,3,8,0,0,11,44,0,0,11,44,California
Colusa,2020-12-30,51,95,14,50,37,45,0,0,51,95,0,0,51,95,California
Colusa,2020-12-31,18,113,1,51,17,62,0,0,18,113,0,0,18,113,California
Colusa,2021-01-04,4,117,0,51,4,66,0,0,4,117,0,0,4,117,California
Colusa,2021-01-05,67,184,1,52,66,132,0,0,67,184,0,0,67,184,California
Colusa,2021-01-06,15,199,9,61,6,138,0,0,15,199,0,0,15,199,California
Colusa,2021-01-07,39,238,5,66,34,172,0,0,38,236,1,1,38,237,California
Colusa,2021-01-08,9,247,7,73,2,174,0,0,8,243,1,2,8,245,California
Colusa,2021-01-09,2,249,1,74,1,175,0,0,2,245,0,2,2,247,California
Colusa,2021-01-10,1,250,0,74,1,176,0,0,1,246,0,2,1,248,California
Colusa,2021-01-11,12,262,6,80,6,182,0,0,7,248,5,7,7,255,California
Colusa,2021-01-12,11,273,9,89,2,184,0,0,6,249,5,12,6,261,California
Colusa,2021-01-13,21,294,13,102,8,192,0,0,13,254,8,20,13,274,California
Colusa,2021-01-14,34,328,28,130,6,198,0,0,32,284,2,22,32,306,California
Colusa,2021-01-15,44,372,5,135,39,237,0,0,42,324,2,24,42,348,California
Colusa,2021-01-16,12,384,1,136,11,248,0,0,11,334,1,25,11,359,California
Colusa,2021-01-17,3,387,2,138,1,249,0,0,2,335,1,26,2,361,California
Colusa,2021-01-18,4,391,0,138,4,253,0,0,4,339,0,26,4,365,California
Colusa,2021-01-19,9,400,8,146,1,254,0,0,5,340,4,30,5,370,California
Colusa,2021-01-20,113,513,101,247,12,266,0,0,99,425,14,44,99,469,California
Colusa,2021-01-21,59,572,44,291,15,281,0,0,58,482,1,45,58,527,California
Colusa,2021-01-22,34,606,17,308,17,298,0,0,29,506,5,50,29,556,California
Colusa,2021-01-23,35,641,6,314,29,327,0,0,35,541,0,50,35,591,California
Colusa,2021-01-25,7,648,0,314,7,334,0,0,7,548,0,50,7,598,California
Colusa,2021-01-26,8,656,5,319,3,337,0,0,5,550,3,53,5,603,California
Colusa,2021-01-27,109,765,31,350,78,415,0,0,107,655,2,55,107,710,California
Colusa,2021-01-28,82,847,47,397,35,450,0,0,74,721,8,63,74,784,California
Colusa,2021-01-29,39,886,7,404,32,482,0,0,38,758,1,64,38,822,California
Colusa,2021-01-30,27,913,4,408,23,505,0,0,27,785,0,64,27,849,California
Colusa,2021-01-31,7,920,7,415,0,505,0,0,7,792,0,64,7,856,California
Colusa,2021-02-01,27,947,10,425,17,522,0,0,22,809,5,69,22,878,California
Colusa,2021-02-02,44,991,9,434,35,557,0,0,37,839,7,76,37,915,California
Colusa,2021-02-03,70,1061,11,445,59,616,0,0,59,887,11,87,59,974,California
Colusa,2021-02-04,145,1206,82,527,63,679,0,0,117,976,28,115,117,1091,California
Colusa,2021-02-05,28,1234,8,535,20,699,0,0,25,998,3,118,25,1116,California
Colusa,2021-02-06,282,1516,9,544,273,972,0,0,271,1258,11,129,271,1387,California
Colusa,2021-02-07,2,1518,1,545,1,973,0,0,0,1256,2,131,0,1387,California
Colusa,2021-02-08,40,1558,5,550,35,1008,0,0,37,1290,3,134,37,1424,California
Colusa,2021-02-09,228,1786,14,564,214,1222,0,0,175,1412,53,187,175,1599,California
Colusa,2021-02-10,114,1900,41,605,73,1295,0,0,71,1440,43,230,71,1670,California
Colusa,2021-02-11,99,1999,37,642,62,1357,0,0,73,1487,26,256,73,1743,California
Colusa,2021-02-12,118,2117,9,651,109,1466,0,0,77,1522,42,298,77,1820,California
Colusa,2021-02-13,60,2177,8,659,52,1518,0,0,52,1566,8,306,52,1872,California
Colusa,2021-02-14,21,2198,8,667,13,1531,0,0,15,1575,6,312,15,1887,California
Colusa,2021-02-15,45,2243,10,677,35,1566,0,0,38,1606,7,319,38,1925,California
Colusa,2021-02-16,67,2310,4,681,63,1629,0,0,66,1671,1,320,66,1991,California
Colusa,2021-02-17,203,2513,143,824,60,1689,0,0,58,1584,145,465,58,2049,California
Colusa,2021-02-18,138,2651,36,860,102,1791,0,0,115,1676,23,488,115,2164,California
Colusa,2021-02-19,150,2801,19,879,131,1922,0,0,130,1786,20,508,130,2294,California
Colusa,2021-02-20,27,2828,5,884,22,1944,0,0,11,1781,16,524,11,2305,California
Colusa,2021-02-21,1,2829,1,885,0,1944,0,0,0,1780,1,525,0,2305,California
Colusa,2021-02-22,43,2872,26,911,17,1961,0,0,29,1795,14,539,29,2334,California
Colusa,2021-02-23,22,2894,7,918,15,1976,0,0,17,1807,5,544,17,2351,California
Colusa,2021-02-24,304,3198,55,973,249,2225,0,0,159,1821,145,689,159,2510,California
Colusa,2021-02-25,102,3300,54,1027,48,2273,0,0,66,1851,36,725,66,2576,California
Colusa,2021-02-26,95,3395,14,1041,81,2354,0,0,59,1874,36,761,59,2635,California
Colusa,2021-02-27,55,3450,4,1045,51,2405,0,0,40,1899,15,776,40,2675,California
Colusa,2021-02-28,27,3477,15,1060,12,2417,0,0,18,1908,9,785,18,2693,California
Colusa,2021-03-01,46,3523,15,1075,31,2448,0,0,29,1920,17,802,29,2722,California
Colusa,2021-03-02,47,3570,12,1087,35,2483,0,0,24,1921,23,825,24,2746,California
Colusa,2021-03-03,246,3816,46,1133,200,2683,0,0,189,2053,57,882,189,2935,California
Colusa,2021-03-04,140,3956,59,1192,81,2764,0,0,81,2075,59,941,81,3016,California
Colusa,2021-03-05,94,4050,25,1217,60,2824,9,9,53,2096,41,982,62,3078,California
Colusa,2021-03-06,272,4322,9,1226,263,3087,0,9,38,1900,234,1216,38,3116,California
Colusa,2021-03-07,8,4330,5,1231,3,3090,0,9,6,1904,2,1218,6,3122,California
Colusa,2021-03-08,89,4419,21,1252,33,3123,35,44,45,1940,44,1262,80,3202,California
Colusa,2021-03-09,274,4693,74,1326,177,3300,23,67,85,1859,189,1451,108,3310,California
Colusa,2021-03-10,289,4982,38,1364,215,3515,36,103,204,2014,85,1536,240,3550,California
Colusa,2021-03-11,417,5399,59,1423,337,3852,21,124,334,2284,83,1619,353,3903,California
Colusa,2021-03-12,109,5508,18,1441,79,3931,12,136,20,2227,89,1708,32,3935,California
Colusa,2021-03-13,59,5567,14,1455,36,3967,9,145,17,2211,42,1750,26,3961,California
Colusa,2021-03-14,21,5588,0,1455,19,3986,2,147,7,2207,13,1763,9,3970,California
Colusa,2021-03-15,71,5659,27,1482,36,4022,8,155,15,2174,56,1819,23,3993,California
Colusa,2021-03-16,296,5955,16,1498,234,4256,46,201,189,2302,107,1926,235,4228,California
Colusa,2021-03-17,192,6147,49,1547,143,4399,0,201,107,2324,85,2011,107,4335,California
Colusa,2021-03-18,325,6472,37,1584,218,4617,70,271,202,2474,123,2134,273,4608,California
Colusa,2021-03-19,79,6551,20,1604,57,4674,2,273,53,2503,26,2160,55,4663,California
Colusa,2021-03-20,49,6600,7,1611,41,4715,1,274,36,2527,13,2173,37,4700,California
Colusa,2021-03-21,6,6606,4,1615,2,4717,0,274,3,2527,3,2176,3,4703,California
Colusa,2021-03-22,62,6668,10,1625,43,4760,9,283,40,2554,22,2198,49,4752,California
Colusa,2021-03-23,81,6749,16,1641,63,4823,2,285,55,2585,26,2224,57,4809,California
Colusa,2021-03-24,342,7091,57,1698,279,5102,6,291,67,2382,275,2499,72,4881,California
Colusa,2021-03-25,107,7198,60,1758,42,5144,5,296,49,2378,58,2557,54,4935,California
Colusa,2021-03-26,298,7496,48,1806,246,5390,4,300,246,2576,52,2609,250,5185,California
Colusa,2021-03-27,63,7559,5,1811,58,5448,0,300,25,2563,38,2647,25,5210,California
Colusa,2021-03-28,16,7575,7,1818,9,5457,0,300,8,2563,8,2655,8,5218,California
Colusa,2021-03-29,73,7648,21,1839,46,5503,6,306,33,2562,40,2695,39,5257,California
Colusa,2021-03-30,149,7797,82,1921,65,5568,2,308,71,2557,78,2773,73,5330,California
Colusa,2021-03-31,234,8031,41,1962,193,5761,0,308,70,2464,163,2936,70,5400,California
Colusa,2021-04-01,435,8466,71,2033,309,6070,55,363,313,2710,121,3057,367,5767,California
Colusa,2021-04-02,82,8548,15,2048,53,6123,14,377,38,2718,44,3101,52,5819,California
Colusa,2021-04-03,60,8608,9,2057,28,6151,23,400,14,2708,46,3147,36,5855,California
Colusa,2021-04-04,18,8626,0,2057,8,6159,10,410,3,2706,15,3162,13,5868,California
Colusa,2021-04-05,97,8723,26,2083,55,6214,16,426,39,2703,58,3220,55,5923,California
Colusa,2021-04-06,130,8853,34,2117,45,6259,51,477,43,2710,87,3307,94,6017,California
Colusa,2021-04-07,358,9211,41,2158,294,6553,23,500,131,2638,227,3534,155,6172,California
Colusa,2021-04-08,423,9634,33,2191,364,6917,26,526,120,2484,300,3834,146,6318,California
Colusa,2021-04-09,77,9711,21,2212,32,6949,24,550,28,2487,49,3883,52,6370,California
Colusa,2021-04-10,46,9757,9,2221,16,6965,21,571,13,2488,33,3916,34,6404,California
Colusa,2021-04-11,17,9774,3,2224,12,6977,2,573,8,2489,9,3925,10,6414,California
Colusa,2021-04-12,31,9805,3,2227,28,7005,0,573,24,2506,7,3932,24,6438,California
Colusa,2021-04-13,278,10083,22,2249,256,7261,0,573,93,2415,184,4116,93,6531,California
Colusa,2021-04-14,93,10176,19,2268,74,7335,0,573,31,2384,62,4178,31,6562,California
Colusa,2021-04-15,327,10503,47,2315,280,7615,0,573,134,2325,193,4371,134,6696,California
Colusa,2021-04-16,81,10584,11,2326,70,7685,0,573,37,2319,43,4414,37,6733,California
Colusa,2021-04-17,51,10635,7,2333,44,7729,0,573,29,2326,22,4436,29,6762,California
Colusa,2021-04-18,9,10644,2,2335,7,7736,0,573,7,2331,2,4438,7,6769,California
Colusa,2021-04-19,61,10705,22,2357,39,7775,0,573,16,2302,45,4483,16,6785,California
Colusa,2021-04-20,180,10885,31,2388,149,7924,0,573,130,2382,50,4533,130,6915,California
Colusa,2021-04-21,171,11056,60,2448,111,8035,0,573,111,2433,60,4593,111,7026,California
Colusa,2021-04-22,418,11474,27,2475,390,8425,1,574,218,2452,199,4792,218,7244,California
Colusa,2021-04-23,93,11567,20,2495,73,8498,0,574,36,2431,57,4849,36,7280,California
Colusa,2021-04-24,240,11807,19,2514,220,8718,1,575,209,2609,31,4880,209,7489,California
Colusa,2021-04-25,12,11819,6,2520,6,8724,0,575,8,2613,4,4884,8,7497,California
Colusa,2021-04-26,25,11844,5,2525,19,8743,1,576,6,2601,18,4902,6,7503,California
Colusa,2021-04-27,94,11938,23,2548,67,8810,4,580,44,2599,50,4952,48,7551,California
Colusa,2021-04-28,189,12127,27,2575,159,8969,3,583,139,2692,49,5001,142,7693,California
Colusa,2021-04-29,320,12447,27,2602,289,9258,4,587,47,2472,271,5272,51,7744,California
Colusa,2021-04-30,64,12511,19,2621,45,9303,0,587,42,2492,22,5294,42,7786,California
Colusa,2021-05-01,19,12530,8,2629,8,9311,3,590,9,2494,10,5304,12,7798,California
Colusa,2021-05-02,4,12534,1,2630,2,9313,1,591,2,2495,2,5306,3,7801,California
Colusa,2021-05-03,31,12565,7,2637,24,9337,0,591,15,2494,16,5322,15,7816,California
Colusa,2021-05-04,94,12659,52,2689,41,9378,1,592,67,2535,27,5349,68,7884,California
Colusa,2021-05-05,79,12738,16,2705,62,9440,1,593,34,2525,45,5394,35,7919,California
Colusa,2021-05-06,253,12991,16,2721,235,9675,2,595,110,2494,143,5537,112,8031,California
Colusa,2021-05-07,66,13057,4,2725,58,9733,4,599,30,2492,36,5573,34,8065,California
Colusa,2021-05-08,19,13076,5,2730,14,9747,0,599,9,2491,10,5583,9,8074,California
Colusa,2021-05-09,13,13089,5,2735,5,9752,3,602,6,2493,7,5590,9,8083,California
Colusa,2021-05-10,15,13104,6,2741,9,9761,0,602,6,2490,9,5599,6,8089,California
Colusa,2021-05-11,92,13196,33,2774,59,9820,0,602,50,2498,42,5641,50,8139,California
Colusa,2021-05-12,72,13268,31,2805,37,9857,4,606,20,2470,52,5693,24,8163,California
Colusa,2021-05-13,241,13509,23,2828,217,10074,1,607,77,2384,164,5857,78,8241,California
Colusa,2021-05-14,86,13595,18,2846,53,10127,15,622,33,2380,52,5909,48,8289,California
Colusa,2021-05-15,37,13632,9,2855,26,10153,2,624,19,2383,18,5927,21,8310,California
Colusa,2021-05-16,22,13654,5,2860,10,10163,7,631,9,2386,13,5940,16,8326,California
Colusa,2021-05-17,24,13678,4,2864,18,10181,2,633,12,2388,12,5952,14,8340,California
Colusa,2021-05-18,99,13777,26,2890,71,10252,2,635,46,2383,53,6005,48,8388,California
Colusa,2021-05-19,219,13996,44,2934,155,10407,20,655,68,2320,151,6156,88,8476,California
Colusa,2021-05-20,283,14279,36,2970,243,10650,4,659,70,2181,213,6369,74,8550,California
Colusa,2021-05-21,70,14349,24,2994,44,10694,2,661,35,2183,35,6404,37,8587,California
Colusa,2021-05-22,219,14568,22,3016,196,10890,1,662,31,2027,188,6592,32,8619,California
Colusa,2021-05-23,18,14586,7,3023,7,10897,4,666,5,2023,13,6605,9,8628,California
Colusa,2021-05-24,26,14612,3,3026,18,10915,5,671,15,2032,11,6616,20,8648,California
Colusa,2021-05-25,135,14747,76,3102,57,10972,2,673,53,2005,82,6698,55,8703,California
Colusa,2021-05-26,72,14819,25,3127,47,11019,0,673,33,1999,39,6737,33,8736,California
Colusa,2021-05-27,170,14989,17,3144,153,11172,0,673,54,1937,116,6853,54,8790,California
Colusa,2021-05-28,79,15068,25,3169,53,11225,1,674,40,1939,39,6892,41,8831,California
Colusa,2021-05-29,40,15108,18,3187,18,11243,4,678,29,1961,11,6903,33,8864,California
Colusa,2021-05-30,8,15116,1,3188,2,11245,5,683,1,1960,7,6910,6,8870,California
Colusa,2021-05-31,4,15120,0,3188,4,11249,0,683,1,1958,3,6913,1,8871,California
Colusa,2021-06-01,50,15170,16,3204,33,11282,1,684,26,1961,24,6937,27,8898,California
Colusa,2021-06-02,146,15316,20,3224,124,11406,2,686,52,1922,93,7030,54,8952,California
Colusa,2021-06-03,61,15377,19,3243,41,11447,1,687,26,1917,32,7062,27,8979,California
Colusa,2021-06-04,59,15436,19,3262,37,11484,3,690,21,1903,38,7100,24,9003,California
Colusa,2021-06-05,35,15471,16,3278,18,11502,1,691,18,1905,17,7117,19,9022,California
Colusa,2021-06-06,9,15480,4,3282,4,11506,1,692,6,1909,3,7120,7,9029,California
Colusa,2021-06-07,22,15502,6,3288,16,11522,0,692,12,1911,10,7130,12,9041,California
Colusa,2021-06-08,74,15576,20,3308,54,11576,0,692,29,1895,45,7175,29,9070,California
Colusa,2021-06-09,69,15645,39,3347,30,11606,0,692,28,1882,41,7216,28,9098,California
Colusa,2021-06-10,56,15701,23,3370,31,11637,2,694,14,1856,42,7258,16,9114,California
Colusa,2021-06-11,60,15761,33,3403,27,11664,0,694,29,1854,31,7289,29,9143,California
Colusa,2021-06-12,36,15797,22,3425,14,11678,0,694,9,1836,27,7316,9,9152,California
Colusa,2021-06-13,10,15807,3,3428,5,11683,2,696,2,1832,8,7324,4,9156,California
Colusa,2021-06-14,19,15826,9,3437,10,11693,0,696,7,1827,12,7336,7,9163,California
Colusa,2021-06-15,77,15903,37,3474,39,11732,1,697,19,1789,58,7394,20,9183,California
Colusa,2021-06-16,56,15959,16,3490,39,11771,1,698,16,1766,40,7434,17,9200,California
Colusa,2021-06-17,76,16035,11,3501,64,11835,1,699,15,1721,61,7495,16,9216,California
Colusa,2021-06-18,30,16065,12,3513,16,11851,2,701,15,1723,15,7510,17,9233,California
Contra Costa,2020-12-15,18,18,18,18,0,0,0,0,18,18,0,0,18,18,California
Contra Costa,2020-12-16,525,543,525,543,0,0,0,0,525,543,0,0,525,543,California
Contra Costa,2020-12-17,1052,1595,1052,1595,0,0,0,0,1052,1595,0,0,1052,1595,California
Contra Costa,2020-12-18,1790,3385,1788,3383,2,2,0,0,1790,3385,0,0,1790,3385,California
Contra Costa,2020-12-19,1135,4520,1134,4517,1,3,0,0,1135,4520,0,0,1135,4520,California
Contra Costa,2020-12-20,611,5131,610,5127,1,4,0,0,611,5131,0,0,611,5131,California
Contra Costa,2020-12-21,1689,6820,1687,6814,2,6,0,0,1689,6820,0,0,1689,6820,California
Contra Costa,2020-12-22,1697,8517,1589,8403,108,114,0,0,1697,8517,0,0,1697,8517,California
Contra Costa,2020-12-23,1652,10169,1400,9803,252,366,0,0,1652,10169,0,0,1652,10169,California
Contra Costa,2020-12-24,670,10839,343,10146,327,693,0,0,670,10839,0,0,670,10839,California
Contra Costa,2020-12-25,44,10883,20,10166,24,717,0,0,44,10883,0,0,44,10883,California
Contra Costa,2020-12-26,667,11550,138,10304,529,1246,0,0,667,11550,0,0,667,11550,California
Contra Costa,2020-12-27,245,11795,87,10391,158,1404,0,0,245,11795,0,0,245,11795,California
Contra Costa,2020-12-28,1870,13665,877,11268,993,2397,0,0,1870,13665,0,0,1870,13665,California
Contra Costa,2020-12-29,1871,15536,829,12097,1042,3439,0,0,1871,15536,0,0,1871,15536,California
Contra Costa,2020-12-30,2454,17990,1228,13325,1226,4665,0,0,2452,17987,2,2,2453,17989,California
Contra Costa,2020-12-31,937,18927,310,13635,627,5292,0,0,936,18923,0,2,936,18925,California
Contra Costa,2021-01-01,68,18995,26,13661,42,5334,0,0,68,18991,0,2,68,18993,California
Contra Costa,2021-01-02,347,19342,179,13840,168,5502,0,0,347,19338,0,2,347,19340,California
Contra Costa,2021-01-03,189,19531,128,13968,61,5563,0,0,187,19525,0,2,187,19527,California
Contra Costa,2021-01-04,1924,21455,1254,15222,670,6233,0,0,1904,21411,18,20,1904,21431,California
Contra Costa,2021-01-05,2141,23596,1277,16499,864,7097,0,0,1852,22976,288,308,1853,23284,California
Contra Costa,2021-01-06,3338,26934,2288,18787,1050,8147,0,0,2507,24662,825,1133,2511,25795,California
Contra Costa,2021-01-07,3147,30081,2104,20891,1043,9190,0,0,1807,25132,1337,2470,1807,27602,California
Contra Costa,2021-01-08,3442,33523,2437,23328,1005,10195,0,0,1769,25236,1668,4138,1772,29374,California
Contra Costa,2021-01-09,1616,35139,1158,24486,458,10653,0,0,741,25105,874,5012,743,30117,California
Contra Costa,2021-01-10,374,35513,297,24783,77,10730,0,0,156,25043,218,5230,156,30273,California
Contra Costa,2021-01-11,3885,39398,3185,27968,700,11430,0,0,2233,25627,1652,6882,2236,32509,California
Contra Costa,2021-01-12,3976,43374,2981,30949,995,12425,0,0,2609,26873,1366,8248,2612,35121,California
Contra Costa,2021-01-13,4817,48191,2984,33933,1833,14258,0,0,3839,29739,974,9222,3840,38961,California
Contra Costa,2021-01-14,4387,52578,1591,35524,2796,17054,0,0,3991,33334,396,9618,3991,42952,California
Contra Costa,2021-01-15,5435,58013,2497,38021,2938,19992,0,0,5100,38106,334,9952,5106,48058,California
Contra Costa,2021-01-16,1783,59796,583,38604,1200,21192,0,0,1700,39724,83,10035,1701,49759,California
Contra Costa,2021-01-17,1685,61481,992,39596,693,21885,0,0,1563,41168,122,10157,1566,51325,California
Contra Costa,2021-01-18,3298,64779,1313,40909,1985,23870,0,0,2661,43200,632,10789,2664,53989,California
Contra Costa,2021-01-19,7147,71926,3207,44116,3940,27810,0,0,6133,48329,1009,11798,6138,60127,California
Contra Costa,2021-01-20,6819,78745,4204,48320,2615,30425,0,0,5564,52647,1251,13049,5569,65696,California
Contra Costa,2021-01-21,7113,85858,3149,51469,3964,34389,0,0,6371,58290,736,13785,6379,72075,California
Contra Costa,2021-01-22,6521,92379,2756,54225,3765,38154,0,0,5638,63057,874,14659,5641,77716,California
Contra Costa,2021-01-23,2100,94479,369,54594,1731,39885,0,0,1826,64613,272,14931,1828,79544,California
Contra Costa,2021-01-24,1630,96109,224,54818,1406,41291,0,0,1477,65941,153,15084,1481,81025,California
Contra Costa,2021-01-25,6784,102893,3067,57885,3717,45008,0,0,5176,69515,1606,16690,5180,86205,California
Contra Costa,2021-01-26,8254,111147,4759,62644,3495,48503,0,0,6363,74000,1883,18573,6368,92573,California
Contra Costa,2021-01-27,8345,119492,5480,68124,2865,51368,0,0,6454,78580,1879,20452,6459,99032,California
Contra Costa,2021-01-28,7605,127097,4125,72249,3480,54848,0,0,5955,82895,1644,22096,5959,104991,California
Contra Costa,2021-01-29,7579,134676,3942,76191,3637,58485,0,0,6236,87795,1338,23434,6238,111229,California
Contra Costa,2021-01-30,2192,136868,667,76858,1525,60010,0,0,1785,89180,400,23834,1785,113014,California
Contra Costa,2021-01-31,685,137553,454,77312,231,60241,0,0,589,89676,93,23927,589,113603,California
Contra Costa,2021-02-01,5932,143485,4119,81431,1813,62054,0,0,4010,91776,1914,25841,4014,117617,California
Contra Costa,2021-02-02,7692,151177,5146,86577,2546,64600,0,0,5974,96036,1717,27558,5977,123594,California
Contra Costa,2021-02-03,8426,159603,5555,92132,2871,67471,0,0,5719,99061,2697,30255,5722,129316,California
Contra Costa,2021-02-04,7653,167256,3634,95766,4019,71490,0,0,5870,103153,1781,32036,5873,135189,California
Contra Costa,2021-02-05,8563,175819,4875,100641,3688,75178,0,0,5847,106291,2709,34745,5847,141036,California
Contra Costa,2021-02-06,3559,179378,2197,102838,1362,76540,0,0,2896,108526,662,35407,2897,143933,California
Contra Costa,2021-02-07,1004,180382,727,103565,277,76817,0,0,612,108748,390,35797,612,144545,California
Contra Costa,2021-02-08,5976,186358,3553,107118,2423,79240,0,0,4442,111664,1527,37324,4443,148988,California
Contra Costa,2021-02-09,8827,195185,4884,112002,3943,83183,0,0,5881,114608,2938,40262,5882,154870,California
Contra Costa,2021-02-10,8788,203973,4738,116740,4050,87233,0,0,5430,116699,3343,43605,5434,160304,California
Contra Costa,2021-02-11,9492,213465,4281,121021,5211,92444,0,0,5351,117920,4135,47740,5356,165660,California
Contra Costa,2021-02-12,10226,223691,4674,125695,5552,97996,0,0,5517,118739,4701,52441,5520,171180,California
Contra Costa,2021-02-13,4961,228652,1395,127090,3566,101562,0,0,3452,120687,1506,53947,3454,174634,California
Contra Costa,2021-02-14,2130,230782,882,127972,1248,102810,0,0,1242,121043,886,54833,1242,175876,California
Contra Costa,2021-02-15,4534,235316,2494,130466,2040,104850,0,0,2365,121248,2161,56994,2366,178242,California
Contra Costa,2021-02-16,10546,245862,4968,135434,5578,110428,0,0,4703,120120,5835,62829,4707,182949,California
Contra Costa,2021-02-17,12478,258340,6257,141691,6221,116649,0,0,5736,119130,6727,69556,5737,188686,California
Contra Costa,2021-02-18,11639,269979,6049,147740,5590,122239,0,0,5381,118266,6247,75803,5383,194069,California
Contra Costa,2021-02-19,11633,281612,7259,154999,4374,126613,0,0,5278,117206,6340,82143,5280,199349,California
Contra Costa,2021-02-20,6637,288249,3010,158009,3627,130240,0,0,4673,119936,1947,84090,4677,204026,California
Contra Costa,2021-02-21,2375,290624,1774,159783,601,130841,0,0,1592,120746,782,84872,1592,205618,California
Contra Costa,2021-02-22,7874,298498,5321,165104,2553,133394,0,0,3631,120152,4228,89100,3634,209252,California
Contra Costa,2021-02-23,12382,310880,7626,172730,4756,138150,0,0,6233,120258,6135,95235,6241,215493,California
Contra Costa,2021-02-24,10916,321796,8029,180759,2887,141037,0,0,5300,119963,5597,100832,5302,220795,California
Contra Costa,2021-02-25,12078,333874,7663,188422,4415,145452,0,0,5608,119128,6449,107281,5614,226409,California
Contra Costa,2021-02-26,11294,345168,7142,195564,4152,149604,0,0,5603,119057,5676,112957,5605,232014,California
Contra Costa,2021-02-27,7034,352202,4544,200108,2490,152094,0,0,4406,120845,2620,115577,4408,236422,California
Contra Costa,2021-02-28,4426,356628,3677,203785,748,152842,1,1,3733,123890,690,116267,3735,240157,California
Contra Costa,2021-03-01,8786,365414,6661,210446,2119,154961,6,7,5426,125980,3344,119611,5434,245591,California
Contra Costa,2021-03-02,10845,376259,6957,217403,3887,158848,1,8,5808,126769,5021,124632,5810,251401,California
Contra Costa,2021-03-03,11580,387839,7296,224699,4283,163131,1,9,6543,128291,5023,129655,6545,257946,California
Contra Costa,2021-03-04,12212,400051,7295,231994,4916,168047,1,10,6335,128770,5858,135513,6337,264283,California
Contra Costa,2021-03-05,11721,411772,7021,239015,4693,172740,7,17,6734,130543,4969,140482,6742,271025,California
Contra Costa,2021-03-06,7642,419414,4276,243291,3052,175792,314,331,4980,133188,2647,143129,5292,276317,California
Contra Costa,2021-03-07,3942,423356,2509,245800,1371,177163,62,393,3239,135788,701,143830,3301,279618,California
Contra Costa,2021-03-08,8403,431759,3981,249781,4112,181275,310,703,5656,139023,2735,146565,5970,285588,California
Contra Costa,2021-03-09,11334,443093,6018,255799,5018,186293,298,1001,5936,139873,5387,151952,6237,291825,California
Contra Costa,2021-03-10,12676,455769,6376,262175,4788,191081,1512,2513,5784,140281,6879,158831,7287,299112,California
Contra Costa,2021-03-11,12713,468482,6676,268851,5467,196548,570,3083,6503,141166,6187,165018,7072,306184,California
Contra Costa,2021-03-12,12850,481332,5301,274152,6976,203524,573,3656,6404,141711,6428,171446,6973,313157,California
Contra Costa,2021-03-13,8025,489357,3233,277385,4359,207883,433,4089,3161,140457,4843,176289,3589,316746,California
Contra Costa,2021-03-14,4526,493883,2669,280054,1356,209239,501,4590,1731,139901,2787,179076,2231,318977,California
Contra Costa,2021-03-15,9645,503528,5247,285301,3628,212867,770,5360,4763,140572,4862,183938,5533,324510,California
Contra Costa,2021-03-16,14581,518109,8694,293995,5475,218342,412,5772,7191,140810,7364,191302,7602,332112,California
Contra Costa,2021-03-17,15340,533449,10613,304608,4503,222845,224,5996,8569,142864,6744,198046,8798,340910,California
Contra Costa,2021-03-18,15649,549098,8749,313357,6412,229257,488,6484,8626,144989,6988,205034,9113,350023,California
Contra Costa,2021-03-19,15910,565008,9205,322562,5271,234528,1434,7918,8221,146976,7671,212705,9658,359681,California
Contra Costa,2021-03-20,10898,575906,6541,329103,4041,238569,316,8234,5142,146701,5732,218437,5457,365138,California
Contra Costa,2021-03-21,4688,580594,4092,333195,498,239067,98,8332,1832,145785,2845,221282,1929,367067,California
Contra Costa,2021-03-22,11845,592439,8938,342133,2645,241712,262,8594,6871,147959,4957,226239,7131,374198,California
Contra Costa,2021-03-23,15921,608360,10979,353112,4770,246482,172,8766,9152,150544,6740,232979,9325,383523,California
Contra Costa,2021-03-24,15240,623600,11897,365009,3128,249610,215,8981,9196,153946,6011,238990,9413,392936,California
Contra Costa,2021-03-25,15599,639199,12185,377194,3121,252731,293,9274,9521,157714,6041,245031,9809,402745,California
Contra Costa,2021-03-26,15282,654481,10993,388187,3882,256613,407,9681,8764,160389,6490,251521,9165,411910,California
Contra Costa,2021-03-27,10737,665218,6997,395184,3222,259835,518,10199,5707,161589,5018,256539,6218,418128,California
Contra Costa,2021-03-28,4322,669540,3076,398260,1191,261026,55,10254,1657,160647,2654,259193,1712,419840,California
Contra Costa,2021-03-29,11087,680627,8650,406910,2319,263345,118,10372,7034,163768,4034,263227,7155,426995,California
Contra Costa,2021-03-30,17056,697683,9349,416259,6344,269689,1363,11735,10522,169134,6515,269742,11881,438876,California
Contra Costa,2021-03-31,18331,716014,12875,429134,4000,273689,1456,13191,11514,175326,6770,276512,12962,451838,California
Contra Costa,2021-04-01,17867,733881,12516,441650,3950,277639,1401,14592,11585,182060,6247,282759,12981,464819,California
Contra Costa,2021-04-02,17767,751648,13089,454739,3644,281283,1034,15626,11764,188863,5990,288749,12793,477612,California
Contra Costa,2021-04-03,11044,762692,6593,461332,2887,284170,1564,17190,6315,192022,4715,293464,7874,485486,California
Contra Costa,2021-04-04,3424,766116,1346,462678,1472,285642,606,17796,861,190933,2554,296018,1465,486951,California
Contra Costa,2021-04-05,12295,778411,7997,470675,3308,288950,990,18786,6651,192945,5629,301647,7641,494592,California
Contra Costa,2021-04-06,17556,795967,12176,482851,3078,292028,2302,21088,9835,197380,7699,309346,12134,506726,California
Contra Costa,2021-04-07,18812,814779,12753,495604,3222,295250,2837,23925,10670,202801,8120,317466,13541,520267,California
Contra Costa,2021-04-08,18940,833719,12621,508225,3376,298626,2943,26868,10144,207109,8769,326235,13077,533344,California
Contra Costa,2021-04-09,19144,852863,12203,520428,4416,303042,2525,29393,10244,211002,8869,335104,12762,546106,California
Contra Costa,2021-04-10,10713,863576,3864,524292,2225,305267,4624,34017,3336,211589,7357,342461,7944,554050,California
Contra Costa,2021-04-11,3440,867016,2046,526338,719,305986,675,34692,1157,211143,2277,344738,1831,555881,California
Contra Costa,2021-04-12,12169,879185,8017,534355,3063,309049,1089,35781,5708,211505,6441,351179,6803,562684,California
Contra Costa,2021-04-13,18172,897357,11162,545517,7002,316051,8,35789,12121,217617,6023,357202,12135,574819,California
Contra Costa,2021-04-14,17971,915328,11298,556815,6672,322723,1,35790,9983,219644,7962,365164,9989,584808,California
Contra Costa,2021-04-15,17756,933084,10909,567724,6846,329569,1,35791,8228,218399,9498,374662,8253,593061,California
Contra Costa,2021-04-16,17180,950264,10704,578428,6475,336044,1,35792,7748,216755,9405,384067,7761,600822,California
Contra Costa,2021-04-17,11698,961962,6442,584870,5256,341300,0,35792,6296,217679,5384,389451,6308,607130,California
Contra Costa,2021-04-18,2834,964796,2182,587052,652,341952,0,35792,1821,218497,1003,390454,1821,608951,California
Contra Costa,2021-04-19,11578,976374,8633,595685,2945,344897,0,35792,3650,214251,7899,398353,3653,612604,California
Contra Costa,2021-04-20,17019,993393,11043,606728,5976,350873,0,35792,6429,210143,10560,408913,6452,619056,California
Contra Costa,2021-04-21,17628,1011021,14382,621110,3245,354118,1,35793,6294,205158,11294,420207,6309,625365,California
Contra Costa,2021-04-22,17375,1028396,14086,635196,3287,357405,2,35795,6129,200088,11210,431417,6140,631505,California
Contra Costa,2021-04-23,17211,1045607,13687,648883,3524,360929,0,35795,5535,193994,11638,443055,5544,637049,California
Contra Costa,2021-04-24,11094,1056701,8552,657435,2541,363470,1,35796,4249,191426,6821,449876,4253,641302,California
Contra Costa,2021-04-25,3325,1060026,2229,659664,1094,364564,2,35798,2091,192291,1232,451108,2097,643399,California
Contra Costa,2021-04-26,10113,1070139,8427,668091,1662,366226,24,35822,3046,188327,7047,458155,3083,646482,California
Contra Costa,2021-04-27,14810,1084949,10800,678891,3833,370059,177,35999,4037,181804,10748,468903,4225,650707,California
Contra Costa,2021-04-28,14381,1099330,11202,690093,2891,372950,288,36287,3860,175474,10486,479389,4156,654863,California
Contra Costa,2021-04-29,13557,1112887,10498,700591,2888,375838,171,36458,3232,168586,10296,489685,3408,658271,California
Contra Costa,2021-04-30,13876,1126763,10953,711544,2663,378501,260,36718,3138,161281,10709,500394,3404,661675,California
Contra Costa,2021-05-01,8137,1134900,5913,717457,1900,380401,324,37042,1926,157350,6181,506575,2250,663925,California
Contra Costa,2021-05-02,2375,1137275,1611,719068,682,381083,82,37124,996,157060,1368,507943,1078,665003,California
Contra Costa,2021-05-03,9185,1146460,8071,727139,935,382018,179,37303,1934,151941,7235,515178,2116,667119,California
Contra Costa,2021-05-04,14215,1160675,12277,739416,1609,383627,329,37632,2290,142664,11896,527074,2619,669738,California
Contra Costa,2021-05-05,12652,1173327,10916,750332,1535,385162,201,37833,2419,135080,10205,537279,2621,672359,California
Contra Costa,2021-05-06,10377,1183704,8620,758952,1419,386581,338,38171,1945,128962,8408,545687,2290,674649,California
Contra Costa,2021-05-07,9727,1193431,7817,766769,1684,388265,226,38397,2229,123949,7464,553151,2451,677100,California
Contra Costa,2021-05-08,5362,1198793,4036,770805,1156,389421,170,38567,1247,121270,4100,557251,1421,678521,California
Contra Costa,2021-05-09,2136,1200929,1802,772607,275,389696,59,38626,460,120121,1670,558921,521,679042,California
Contra Costa,2021-05-10,4965,1205894,3971,776578,773,390469,221,38847,1340,118077,3603,562524,1559,680601,California
Contra Costa,2021-05-11,8846,1214740,4605,781183,4003,394472,238,39085,1744,112985,7081,569605,1989,682590,California
Contra Costa,2021-05-12,9332,1224072,4810,785993,4256,398728,266,39351,1676,107304,7629,577234,1948,684538,California
Contra Costa,2021-05-13,11809,1235881,7871,793864,3751,402479,187,39538,4231,104177,7550,584784,4423,688961,California
Contra Costa,2021-05-14,12255,1248136,8180,802044,3791,406270,284,39822,5062,102353,7169,591953,5345,694306,California
Contra Costa,2021-05-15,10080,1258216,7321,809365,2640,408910,119,39941,4432,101272,5634,597587,4553,698859,California
Contra Costa,2021-05-16,2461,1260677,2154,811519,261,409171,46,39987,1098,101058,1357,598944,1143,700002,California
Contra Costa,2021-05-17,7078,1267755,5707,817226,1198,410369,173,40160,3557,101289,3501,602445,3732,703734,California
Contra Costa,2021-05-18,10298,1278053,7041,824267,3038,413407,219,40379,4490,100224,5778,608223,4713,708447,California
Contra Costa,2021-05-19,8526,1286579,6893,831160,1437,414844,196,40575,3869,99654,4638,612861,4068,712515,California
Contra Costa,2021-05-20,7173,1293752,5659,836819,1327,416171,187,40762,3364,99423,3782,616643,3551,716066,California
Contra Costa,2021-05-21,7115,1300867,5452,842271,1449,417620,214,40976,3276,99097,3813,620456,3487,719553,California
Contra Costa,2021-05-22,5127,1305994,4051,846322,894,418514,182,41158,2494,99162,2609,623065,2674,722227,California
Contra Costa,2021-05-23,1223,1307217,800,847122,367,418881,56,41214,598,99197,618,623683,653,722880,California
Contra Costa,2021-05-24,4682,1311899,3876,850998,629,419510,177,41391,2199,99104,2472,626155,2379,725259,California
Contra Costa,2021-05-25,6295,1318194,5123,856121,920,420430,252,41643,2660,98397,3618,629773,2911,728170,California
Contra Costa,2021-05-26,5651,1323845,3630,859751,1831,422261,190,41833,1963,96883,3666,633439,2152,730322,California
Contra Costa,2021-05-27,3819,1327664,2698,862449,943,423204,178,42011,1633,96518,2171,635610,1806,732128,California
Contra Costa,2021-05-28,5383,1333047,3763,866212,1446,424650,174,42185,2258,95844,3102,638712,2428,734556,California
Contra Costa,2021-05-29,3261,1336308,2111,868323,1033,425683,117,42302,1632,95974,1619,640331,1749,736305,California
Contra Costa,2021-05-30,928,1337236,587,868910,313,425996,28,42330,361,95798,565,640896,389,736694,California
Contra Costa,2021-05-31,391,1337627,270,869180,109,426105,12,42342,128,95677,260,641156,139,736833,California
Contra Costa,2021-06-01,4805,1342432,3576,872756,1085,427190,144,42486,1721,94474,3068,644224,1865,738698,California
Contra Costa,2021-06-02,3432,1345864,2428,875184,858,428048,146,42632,1400,93998,2021,646245,1545,740243,California
Contra Costa,2021-06-03,5450,1351314,4544,879728,791,428839,115,42747,1459,91588,3984,650229,1574,741817,California
Contra Costa,2021-06-04,6421,1357735,5391,885119,892,429731,138,42885,1623,88564,4782,655011,1758,743575,California
Contra Costa,2021-06-05,5211,1362946,4421,889540,678,430409,112,42997,1116,85706,4084,659095,1226,744801,California
Contra Costa,2021-06-06,1355,1364301,1184,890724,142,430551,29,43026,381,85147,969,660064,410,745211,California
Contra Costa,2021-06-07,4953,1369254,4359,895083,494,431045,100,43126,1413,83132,3529,663593,1514,746725,California
Contra Costa,2021-06-08,6112,1375366,5274,900357,715,431760,123,43249,1445,80048,4653,668246,1569,748294,California
Contra Costa,2021-06-09,4862,1380228,4144,904501,570,432330,148,43397,1253,77859,3591,671837,1402,749696,California
Contra Costa,2021-06-10,4786,1385014,4021,908522,595,432925,170,43567,1240,75739,3530,675367,1410,751106,California
Contra Costa,2021-06-11,4852,1389866,3982,912504,671,433596,199,43766,1286,73672,3551,678918,1484,752590,California
Contra Costa,2021-06-12,3170,1393036,2690,915194,413,434009,67,43833,728,72032,2433,681351,793,753383,California
Contra Costa,2021-06-13,1144,1394180,854,916048,182,434191,108,43941,290,71583,847,682198,398,753781,California
Contra Costa,2021-06-14,3883,1398063,3277,919325,478,434669,128,44069,1138,70118,2728,684926,1263,755044,California
Contra Costa,2021-06-15,4144,1402207,3458,922783,523,435192,163,44232,1288,68722,2846,687772,1450,756494,California
Contra Costa,2021-06-16,3431,1405638,2806,925589,443,435635,182,44414,1177,67847,2232,690004,1357,757851,California
Contra Costa,2021-06-17,2416,1408054,1942,927531,355,435990,119,44533,900,67355,1508,691512,1016,758867,California
Contra Costa,2021-06-18,2572,1410626,2189,929720,277,436267,106,44639,864,66623,1701,693213,969,759836,California
Del Norte,2020-12-21,22,22,22,22,0,0,0,0,22,22,0,0,22,22,California
Del Norte,2020-12-22,45,67,45,67,0,0,0,0,45,67,0,0,45,67,California
Del Norte,2020-12-23,59,126,48,115,11,11,0,0,57,124,0,0,57,124,California
Del Norte,2020-12-28,35,161,35,150,0,11,0,0,35,159,0,0,35,159,California
Del Norte,2020-12-29,4,165,4,154,0,11,0,0,4,163,0,0,4,163,California
Del Norte,2020-12-30,68,233,56,210,12,23,0,0,68,231,0,0,68,231,California
Del Norte,2020-12-31,16,249,13,223,3,26,0,0,16,247,0,0,16,247,California
Del Norte,2021-01-04,103,352,50,273,53,79,0,0,103,350,0,0,103,350,California
Del Norte,2021-01-05,31,383,0,273,31,110,0,0,31,381,0,0,31,381,California
Del Norte,2021-01-06,77,460,18,291,59,169,0,0,77,458,0,0,77,458,California
Del Norte,2021-01-07,21,481,1,292,20,189,0,0,21,479,0,0,21,479,California
Del Norte,2021-01-08,78,559,7,299,71,260,0,0,78,557,0,0,78,557,California
Del Norte,2021-01-11,39,598,20,319,19,279,0,0,18,555,21,21,19,576,California
Del Norte,2021-01-12,50,648,31,350,19,298,0,0,30,565,20,41,30,606,California
Del Norte,2021-01-13,84,732,40,390,44,342,0,0,51,583,33,74,51,657,California
Del Norte,2021-01-14,53,785,14,404,39,381,0,0,47,624,6,80,47,704,California
Del Norte,2021-01-15,107,892,18,422,89,470,0,0,95,707,12,92,95,799,California
Del Norte,2021-01-17,1,893,1,423,0,470,0,0,1,708,0,92,1,800,California
Del Norte,2021-01-18,2,895,0,423,2,472,0,0,2,710,0,92,2,802,California
Del Norte,2021-01-19,120,1015,57,480,63,535,0,0,77,744,43,135,77,879,California
Del Norte,2021-01-20,159,1174,84,564,75,610,0,0,96,777,63,198,96,975,California
Del Norte,2021-01-21,43,1217,40,604,3,613,0,0,32,798,11,209,32,1007,California
Del Norte,2021-01-22,19,1236,17,621,2,615,0,0,12,803,7,216,12,1019,California
Del Norte,2021-01-23,1,1237,0,621,1,616,0,0,1,804,0,216,1,1020,California
Del Norte,2021-01-24,1,1238,0,621,1,617,0,0,1,805,0,216,1,1021,California
Del Norte,2021-01-25,101,1339,83,704,18,635,0,0,56,816,45,261,56,1077,California
Del Norte,2021-01-26,18,1357,11,715,7,642,0,0,7,812,11,272,7,1084,California
Del Norte,2021-01-27,64,1421,21,736,43,685,0,0,61,870,3,275,61,1145,California
Del Norte,2021-01-28,293,1714,20,756,273,958,0,0,288,1153,5,280,288,1433,California
Del Norte,2021-01-29,62,1776,21,777,41,999,0,0,44,1179,18,298,44,1477,California
Del Norte,2021-01-30,8,1784,1,778,7,1006,0,0,8,1187,0,298,8,1485,California
Del Norte,2021-02-01,40,1824,1,779,39,1045,0,0,25,1197,15,313,25,1510,California
Del Norte,2021-02-02,140,1964,34,813,106,1151,0,0,73,1204,66,379,73,1583,California
Del Norte,2021-02-03,129,2093,42,855,87,1238,0,0,74,1223,55,434,74,1657,California
Del Norte,2021-02-04,69,2162,27,882,42,1280,0,0,40,1234,29,463,40,1697,California
Del Norte,2021-02-05,184,2346,22,904,162,1442,0,0,118,1287,65,528,118,1815,California
Del Norte,2021-02-06,309,2655,3,907,306,1748,0,0,309,1596,0,528,309,2124,California
Del Norte,2021-02-08,36,2691,1,908,35,1783,0,0,32,1624,4,532,32,2156,California
Del Norte,2021-02-09,8,2699,5,913,3,1786,0,0,2,1620,6,538,2,2158,California
Del Norte,2021-02-10,142,2841,20,933,122,1908,0,0,86,1651,55,593,86,2244,California
Del Norte,2021-02-11,176,3017,58,991,118,2026,0,0,63,1601,113,706,63,2307,California
Del Norte,2021-02-12,122,3139,14,1005,108,2134,0,0,68,1615,54,760,68,2375,California
Del Norte,2021-02-13,2,3141,1,1006,1,2135,0,0,2,1617,0,760,2,2377,California
Del Norte,2021-02-14,3,3144,1,1007,2,2137,0,0,2,1618,1,761,2,2379,California
Del Norte,2021-02-15,5,3149,0,1007,5,2142,0,0,3,1619,2,763,3,2382,California
Del Norte,2021-02-16,132,3281,1,1008,131,2273,0,0,13,1513,119,882,13,2395,California
Del Norte,2021-02-17,92,3373,19,1027,73,2346,0,0,24,1470,67,949,24,2419,California
Del Norte,2021-02-18,76,3449,24,1051,52,2398,0,0,50,1494,26,975,50,2469,California
Del Norte,2021-02-19,43,3492,17,1068,26,2424,0,0,33,1517,10,985,33,2502,California
Del Norte,2021-02-20,9,3501,6,1074,3,2427,0,0,6,1520,3,988,6,2508,California
Del Norte,2021-02-22,2,3503,0,1074,2,2429,0,0,2,1522,0,988,2,2510,California
Del Norte,2021-02-23,105,3608,88,1162,17,2446,0,0,29,1476,76,1064,30,2540,California
Del Norte,2021-02-24,155,3763,100,1262,55,2501,0,0,80,1481,75,1139,80,2620,California
Del Norte,2021-02-25,478,4241,131,1393,347,2848,0,0,213,1431,263,1402,213,2833,California
Del Norte,2021-02-26,211,4452,175,1568,36,2884,0,0,164,1548,47,1449,164,2997,California
Del Norte,2021-02-27,147,4599,141,1709,5,2889,1,1,140,1682,7,1456,141,3138,California
Del Norte,2021-02-28,3,4602,0,1709,3,2892,0,1,3,1685,0,1456,3,3141,California
Del Norte,2021-03-01,27,4629,2,1711,25,2917,0,1,4,1667,22,1478,4,3145,California
Del Norte,2021-03-02,223,4852,143,1854,80,2997,0,1,189,1822,34,1512,189,3334,California
Del Norte,2021-03-03,176,5028,107,1961,69,3066,0,1,134,1914,42,1554,134,3468,California
Del Norte,2021-03-04,119,5147,82,2043,37,3103,0,1,91,1978,27,1581,91,3559,California
Del Norte,2021-03-05,122,5269,11,2054,111,3214,0,1,74,2004,48,1629,74,3633,California
Del Norte,2021-03-06,464,5733,77,2131,338,3552,49,50,163,1873,301,1930,170,3803,California
Del Norte,2021-03-07,1,5734,1,2132,0,3552,0,50,1,1874,0,1930,1,3804,California
Del Norte,2021-03-08,30,5764,0,2132,28,3580,2,52,6,1859,23,1953,8,3812,California
Del Norte,2021-03-09,194,5958,113,2245,78,3658,3,55,183,2034,11,1964,186,3998,California
Del Norte,2021-03-10,234,6192,95,2340,111,3769,28,83,134,2096,100,2064,162,4160,California
Del Norte,2021-03-11,150,6342,55,2395,90,3859,5,88,102,2155,48,2112,107,4267,California
Del Norte,2021-03-12,178,6520,89,2484,89,3948,0,88,125,2227,53,2165,125,4392,California
Del Norte,2021-03-13,94,6614,93,2577,1,3949,0,88,91,2315,3,2168,91,4483,California
Del Norte,2021-03-14,1,6615,0,2577,1,3950,0,88,0,2314,1,2169,0,4483,California
Del Norte,2021-03-15,38,6653,0,2577,38,3988,0,88,34,2344,4,2173,34,4517,California
Del Norte,2021-03-16,279,6932,134,2711,145,4133,0,88,259,2583,20,2193,259,4776,California
Del Norte,2021-03-17,284,7216,95,2806,187,4320,2,90,170,2641,114,2307,172,4948,California
Del Norte,2021-03-18,284,7500,107,2913,175,4495,2,92,150,2660,133,2440,152,5100,California
Del Norte,2021-03-19,268,7768,158,3071,104,4599,6,98,92,2582,176,2616,98,5198,California
Del Norte,2021-03-20,157,7925,154,3225,3,4602,0,98,15,2455,142,2758,15,5213,California
Del Norte,2021-03-21,4,7929,2,3227,2,4604,0,98,2,2455,2,2760,2,5215,California
Del Norte,2021-03-22,42,7971,2,3229,39,4643,1,99,38,2491,3,2763,39,5254,California
Del Norte,2021-03-23,334,8305,165,3394,151,4794,18,117,163,2502,169,2932,180,5434,California
Del Norte,2021-03-24,395,8700,106,3500,249,5043,40,157,227,2601,168,3100,267,5701,California
Del Norte,2021-03-25,192,8892,88,3588,104,5147,0,157,85,2580,106,3206,85,5786,California
Del Norte,2021-03-26,232,9124,113,3701,119,5266,0,157,195,2738,37,3243,195,5981,California
Del Norte,2021-03-27,107,9231,86,3787,4,5270,17,174,17,2682,90,3333,34,6015,California
Del Norte,2021-03-28,4,9235,2,3789,2,5272,0,174,1,2680,3,3336,1,6016,California
Del Norte,2021-03-29,57,9292,6,3795,34,5306,17,191,32,2704,25,3361,49,6065,California
Del Norte,2021-03-30,338,9630,119,3914,208,5514,11,202,126,2629,212,3573,137,6202,California
Del Norte,2021-03-31,356,9986,101,4015,238,5752,17,219,200,2692,154,3727,217,6419,California
Del Norte,2021-04-01,164,10150,58,4073,72,5824,34,253,69,2701,94,3821,103,6522,California
Del Norte,2021-04-02,233,10383,79,4152,105,5929,49,302,49,2616,184,4005,99,6621,California
Del Norte,2021-04-03,108,10491,83,4235,2,5931,23,325,5,2542,102,4107,28,6649,California
Del Norte,2021-04-04,4,10495,0,4235,0,5931,4,329,0,2542,4,4111,4,6653,California
Del Norte,2021-04-05,46,10541,4,4239,38,5969,4,333,40,2580,6,4117,44,6697,California
Del Norte,2021-04-06,380,10921,120,4359,223,6192,37,370,146,2534,230,4347,184,6881,California
Del Norte,2021-04-07,437,11358,115,4474,261,6453,61,431,289,2737,148,4495,351,7232,California
Del Norte,2021-04-08,229,11587,54,4528,106,6559,69,500,105,2787,124,4619,174,7406,California
Del Norte,2021-04-09,207,11794,47,4575,83,6642,77,577,100,2856,106,4725,175,7581,California
Del Norte,2021-04-10,47,11841,26,4601,4,6646,17,594,27,2880,20,4745,44,7625,California
Del Norte,2021-04-11,10,11851,3,4604,0,6646,7,601,1,2879,9,4754,8,7633,California
Del Norte,2021-04-12,27,11878,1,4605,9,6655,17,618,1,2872,25,4779,18,7651,California
Del Norte,2021-04-13,296,12174,49,4654,247,6902,0,618,155,2886,141,4920,155,7806,California
Del Norte,2021-04-14,331,12505,23,4677,308,7210,0,618,139,2838,192,5112,144,7950,California
Del Norte,2021-04-15,164,12669,30,4707,134,7344,0,618,44,2763,120,5232,45,7995,California
Del Norte,2021-04-16,161,12830,39,4746,122,7466,0,618,59,2721,102,5334,60,8055,California
Del Norte,2021-04-17,109,12939,77,4823,32,7498,0,618,103,2818,6,5340,103,8158,California
Del Norte,2021-04-18,6,12945,5,4828,1,7499,0,618,5,2822,1,5341,5,8163,California
Del Norte,2021-04-19,50,12995,6,4834,44,7543,0,618,8,2788,42,5383,8,8171,California
Del Norte,2021-04-20,206,13201,40,4874,166,7709,0,618,72,2726,134,5517,72,8243,California
Del Norte,2021-04-21,291,13492,24,4898,267,7976,0,618,66,2571,225,5742,70,8313,California
Del Norte,2021-04-22,114,13606,15,4913,99,8075,0,618,62,2581,52,5794,62,8375,California
Del Norte,2021-04-23,151,13757,22,4935,129,8204,0,618,39,2508,112,5906,39,8414,California
Del Norte,2021-04-24,26,13783,15,4950,11,8215,0,618,21,2524,5,5911,21,8435,California
Del Norte,2021-04-25,2,13785,0,4950,2,8217,0,618,2,2526,0,5911,2,8437,California
Del Norte,2021-04-26,31,13816,0,4950,31,8248,0,618,9,2513,22,5933,9,8446,California
Del Norte,2021-04-27,181,13997,21,4971,155,8403,5,623,50,2438,131,6064,56,8502,California
Del Norte,2021-04-28,351,14348,100,5071,246,8649,5,628,63,2220,287,6351,69,8571,California
Del Norte,2021-04-29,93,14441,6,5077,83,8732,4,632,26,2183,67,6418,30,8601,California
Del Norte,2021-04-30,87,14528,7,5084,70,8802,10,642,47,2200,40,6458,57,8658,California
Del Norte,2021-05-01,7,14535,2,5086,5,8807,0,642,5,2203,2,6460,5,8663,California
Del Norte,2021-05-02,8,14543,0,5086,8,8815,0,642,8,2211,0,6460,8,8671,California
Del Norte,2021-05-03,40,14583,3,5089,34,8849,3,645,2,2179,37,6497,5,8676,California
Del Norte,2021-05-04,222,14805,36,5125,181,9030,5,650,47,2056,175,6672,52,8728,California
Del Norte,2021-05-05,235,15040,20,5145,207,9237,8,658,60,1950,174,6846,68,8796,California
Del Norte,2021-05-06,111,15151,25,5170,73,9310,13,671,26,1904,85,6931,39,8835,California
Del Norte,2021-05-07,150,15301,27,5197,119,9429,4,675,31,1820,119,7050,35,8870,California
Del Norte,2021-05-08,65,15366,55,5252,8,9437,2,677,7,1771,58,7108,9,8879,California
Del Norte,2021-05-09,9,15375,4,5256,2,9439,3,680,2,1769,7,7115,5,8884,California
Del Norte,2021-05-10,24,15399,3,5259,17,9456,4,684,14,1777,10,7125,18,8902,California
Del Norte,2021-05-11,173,15572,50,5309,121,9577,2,686,34,1674,139,7264,36,8938,California
Del Norte,2021-05-12,151,15723,24,5333,117,9694,10,696,27,1588,123,7387,37,8975,California
Del Norte,2021-05-13,68,15791,30,5363,37,9731,1,697,38,1597,30,7417,39,9014,California
Del Norte,2021-05-14,76,15867,26,5389,49,9780,1,698,41,1604,35,7452,42,9056,California
Del Norte,2021-05-15,97,15964,54,5443,37,9817,6,704,53,1619,44,7496,59,9115,California
Del Norte,2021-05-16,11,15975,0,5443,11,9828,0,704,11,1630,0,7496,11,9126,California
Del Norte,2021-05-17,26,16001,3,5446,20,9848,3,707,15,1637,11,7507,18,9144,California
Del Norte,2021-05-18,130,16131,71,5517,59,9907,0,707,83,1673,47,7554,83,9227,California
Del Norte,2021-05-19,97,16228,14,5531,66,9973,17,724,39,1670,58,7612,55,9282,California
Del Norte,2021-05-20,99,16327,32,5563,64,10037,3,727,40,1655,58,7670,43,9325,California
Del Norte,2021-05-21,82,16409,34,5597,45,10082,3,730,45,1666,37,7707,48,9373,California
Del Norte,2021-05-22,24,16433,8,5605,16,10098,0,730,11,1665,12,7719,11,9384,California
Del Norte,2021-05-23,14,16447,5,5610,9,10107,0,730,7,1665,7,7726,7,9391,California
Del Norte,2021-05-24,26,16473,10,5620,16,10123,0,730,17,1673,9,7735,17,9408,California
Del Norte,2021-05-25,44,16517,5,5625,33,10156,6,736,15,1668,26,7761,21,9429,California
Del Norte,2021-05-26,116,16633,36,5661,72,10228,8,744,52,1665,63,7824,60,9489,California
Del Norte,2021-05-27,74,16707,28,5689,42,10270,4,748,35,1665,39,7863,39,9528,California
Del Norte,2021-05-28,51,16758,6,5695,37,10307,8,756,7,1636,44,7907,15,9543,California
Del Norte,2021-05-29,8,16766,0,5695,4,10311,4,760,3,1638,5,7912,7,9550,California
Del Norte,2021-05-30,7,16773,1,5696,6,10317,0,760,2,1635,5,7917,2,9552,California
Del Norte,2021-05-31,4,16777,2,5698,2,10319,0,760,3,1637,1,7918,3,9555,California
Del Norte,2021-06-01,52,16829,6,5704,39,10358,7,767,11,1614,41,7959,18,9573,California
Del Norte,2021-06-02,84,16913,11,5715,68,10426,5,772,19,1573,65,8024,24,9597,California
Del Norte,2021-06-03,61,16974,36,5751,23,10449,2,774,27,1568,34,8058,29,9626,California
Del Norte,2021-06-04,70,17044,24,5775,41,10490,5,779,20,1543,50,8108,25,9651,California
Del Norte,2021-06-05,1,17045,0,5775,1,10491,0,779,0,1542,1,8109,0,9651,California
Del Norte,2021-06-06,11,17056,5,5780,4,10495,2,781,7,1547,4,8113,9,9660,California
Del Norte,2021-06-07,40,17096,9,5789,26,10521,5,786,15,1542,25,8138,20,9680,California
Del Norte,2021-06-08,112,17208,81,5870,26,10547,5,791,33,1501,79,8217,38,9718,California
Del Norte,2021-06-09,58,17266,11,5881,40,10587,7,798,17,1484,41,8258,24,9742,California
Del Norte,2021-06-10,56,17322,26,5907,23,10610,7,805,11,1458,44,8302,18,9760,California
Del Norte,2021-06-11,59,17381,23,5930,27,10637,9,814,14,1436,45,8347,23,9783,California
Del Norte,2021-06-12,17,17398,3,5933,11,10648,3,817,2,1426,15,8362,5,9788,California
Del Norte,2021-06-13,60,17458,43,5976,13,10661,4,821,13,1396,47,8409,17,9805,California
Del Norte,2021-06-14,36,17494,14,5990,18,10679,4,825,15,1394,21,8430,19,9824,California
Del Norte,2021-06-15,37,17531,9,5999,20,10699,8,833,4,1373,33,8463,12,9836,California
Del Norte,2021-06-16,91,17622,38,6037,45,10744,8,841,17,1324,74,8537,25,9861,California
Del Norte,2021-06-17,31,17653,13,6050,15,10759,3,844,7,1310,24,8561,10,9871,California
Del Norte,2021-06-18,32,17685,13,6063,18,10777,1,845,14,1307,18,8579,15,9886,California
El Dorado,2020-12-15,12,12,12,12,0,0,0,0,12,12,0,0,12,12,California
El Dorado,2020-12-16,40,52,40,52,0,0,0,0,40,52,0,0,40,52,California
El Dorado,2020-12-17,31,83,31,83,0,0,0,0,31,83,0,0,31,83,California
El Dorado,2020-12-18,259,342,259,342,0,0,0,0,259,342,0,0,259,342,California
El Dorado,2020-12-19,121,463,121,463,0,0,0,0,121,463,0,0,121,463,California
El Dorado,2020-12-20,85,548,85,548,0,0,0,0,85,548,0,0,85,548,California
El Dorado,2020-12-21,312,860,311,859,1,1,0,0,312,860,0,0,312,860,California
El Dorado,2020-12-22,243,1103,219,1078,24,25,0,0,243,1103,0,0,243,1103,California
El Dorado,2020-12-23,193,1296,143,1221,50,75,0,0,193,1296,0,0,193,1296,California
El Dorado,2020-12-24,83,1379,63,1284,20,95,0,0,83,1379,0,0,83,1379,California
El Dorado,2020-12-25,8,1387,8,1292,0,95,0,0,8,1387,0,0,8,1387,California
El Dorado,2020-12-26,45,1432,27,1319,18,113,0,0,45,1432,0,0,45,1432,California
El Dorado,2020-12-27,38,1470,34,1353,4,117,0,0,38,1470,0,0,38,1470,California
El Dorado,2020-12-28,215,1685,165,1518,50,167,0,0,215,1685,0,0,215,1685,California
El Dorado,2020-12-29,463,2148,144,1662,319,486,0,0,463,2148,0,0,463,2148,California
El Dorado,2020-12-30,509,2657,139,1801,370,856,0,0,509,2657,0,0,509,2657,California
El Dorado,2020-12-31,109,2766,68,1869,41,897,0,0,109,2766,0,0,109,2766,California
El Dorado,2021-01-01,6,2772,4,1873,2,899,0,0,6,2772,0,0,6,2772,California
El Dorado,2021-01-02,152,2924,140,2013,12,911,0,0,152,2924,0,0,152,2924,California
El Dorado,2021-01-03,93,3017,17,2030,76,987,0,0,93,3017,0,0,93,3017,California
El Dorado,2021-01-04,190,3207,62,2092,128,1115,0,0,190,3207,0,0,190,3207,California
El Dorado,2021-01-05,230,3437,74,2166,156,1271,0,0,213,3403,17,17,213,3420,California
El Dorado,2021-01-06,240,3677,166,2332,74,1345,0,0,176,3516,63,80,176,3596,California
El Dorado,2021-01-07,334,4011,137,2469,197,1542,0,0,257,3696,77,157,257,3853,California
El Dorado,2021-01-08,982,4993,506,2975,476,2018,0,0,765,4244,217,374,765,4618,California
El Dorado,2021-01-09,195,5188,160,3135,35,2053,0,0,124,4297,71,445,124,4742,California
El Dorado,2021-01-10,183,5371,132,3267,51,2104,0,0,111,4337,72,517,112,4854,California
El Dorado,2021-01-11,663,6034,296,3563,367,2471,0,0,462,4600,200,717,463,5317,California
El Dorado,2021-01-12,809,6843,428,3991,381,2852,0,0,557,4905,252,969,557,5874,California
El Dorado,2021-01-13,709,7552,303,4294,406,3258,0,0,541,5278,168,1137,541,6415,California
El Dorado,2021-01-14,799,8351,221,4515,578,3836,0,0,705,5889,94,1231,705,7120,California
El Dorado,2021-01-15,800,9151,187,4702,613,4449,0,0,726,6541,74,1305,726,7846,California
El Dorado,2021-01-16,178,9329,104,4806,74,4523,0,0,151,6665,27,1332,151,7997,California
El Dorado,2021-01-17,106,9435,49,4855,57,4580,0,0,89,6737,17,1349,89,8086,California
El Dorado,2021-01-18,433,9868,147,5002,286,4866,0,0,362,7028,71,1420,362,8448,California
El Dorado,2021-01-19,751,10619,449,5451,302,5168,0,0,600,7478,151,1571,601,9049,California
El Dorado,2021-01-20,1013,11632,688,6139,325,5493,0,0,900,8266,112,1683,900,9949,California
El Dorado,2021-01-21,1270,12902,679,6818,591,6084,0,0,1064,9165,165,1848,1064,11013,California
El Dorado,2021-01-22,1230,14132,830,7648,400,6484,0,0,1175,10286,54,1902,1175,12188,California
El Dorado,2021-01-23,735,14867,609,8257,126,6610,0,0,624,10799,111,2013,624,12812,California
El Dorado,2021-01-24,127,14994,77,8334,50,6660,0,0,107,10886,20,2033,107,12919,California
El Dorado,2021-01-25,703,15697,292,8626,411,7071,0,0,614,11411,89,2122,614,13533,California
El Dorado,2021-01-26,692,16389,377,9003,315,7386,0,0,584,11887,108,2230,584,14117,California
El Dorado,2021-01-27,1001,17390,397,9400,604,7990,0,0,659,12203,343,2573,659,14776,California
El Dorado,2021-01-28,1110,18500,454,9854,656,8646,0,0,748,12589,362,2935,748,15524,California
El Dorado,2021-01-29,1055,19555,559,10413,496,9142,0,0,762,13060,292,3227,763,16287,California
El Dorado,2021-01-30,552,20107,297,10710,255,9397,0,0,455,13419,96,3323,455,16742,California
El Dorado,2021-01-31,236,20343,212,10922,24,9421,0,0,185,13553,51,3374,185,16927,California
El Dorado,2021-02-01,803,21146,372,11294,431,9852,0,0,655,14060,148,3522,655,17582,California
El Dorado,2021-02-02,850,21996,372,11666,478,10330,0,0,684,14578,166,3688,684,18266,California
El Dorado,2021-02-03,908,22904,478,12144,430,10760,0,0,696,15062,212,3900,696,18962,California
El Dorado,2021-02-04,1262,24166,711,12855,551,11311,0,0,881,15563,380,4280,881,19843,California
El Dorado,2021-02-05,1503,25669,613,13468,890,12201,0,0,876,15849,590,4870,876,20719,California
El Dorado,2021-02-06,635,26304,333,13801,302,12503,0,0,530,16275,105,4975,531,21250,California
El Dorado,2021-02-07,261,26565,178,13979,83,12586,0,0,193,16400,68,5043,193,21443,California
El Dorado,2021-02-08,891,27456,424,14403,467,13053,0,0,612,16733,279,5322,612,22055,California
El Dorado,2021-02-09,974,28430,548,14951,426,13479,0,0,547,16853,427,5749,547,22602,California
El Dorado,2021-02-10,1266,29696,741,15692,525,14004,0,0,666,16920,599,6348,666,23268,California
El Dorado,2021-02-11,2163,31859,893,16585,1270,15274,0,0,760,16281,1400,7748,761,24029,California
El Dorado,2021-02-12,1579,33438,823,17408,756,16030,0,0,674,16052,904,8652,675,24704,California
El Dorado,2021-02-13,972,34410,661,18069,311,16341,0,0,438,15957,533,9185,438,25142,California
El Dorado,2021-02-14,493,34903,154,18223,339,16680,0,0,400,16264,93,9278,400,25542,California
El Dorado,2021-02-15,1186,36089,385,18608,801,17481,0,0,824,16730,362,9640,828,26370,California
El Dorado,2021-02-16,1215,37304,537,19145,678,18159,0,0,675,16867,539,10179,676,27046,California
El Dorado,2021-02-17,962,38266,426,19571,536,18695,0,0,467,16840,495,10674,468,27514,California
El Dorado,2021-02-18,2109,40375,1034,20605,1075,19770,0,0,1072,16876,1036,11710,1072,28586,California
El Dorado,2021-02-19,1231,41606,660,21265,571,20341,0,0,692,17030,538,12248,692,29278,California
El Dorado,2021-02-20,949,42555,452,21717,497,20838,0,0,679,17444,265,12513,679,29957,California
El Dorado,2021-02-21,291,42846,233,21950,58,20896,0,0,104,17361,187,12700,104,30061,California
El Dorado,2021-02-22,890,43736,447,22397,443,21339,0,0,279,17030,610,13310,279,30340,California
El Dorado,2021-02-23,871,44607,492,22889,379,21718,0,0,357,16875,512,13822,357,30697,California
El Dorado,2021-02-24,1041,45648,452,23341,589,22307,0,0,434,16702,607,14429,434,31131,California
El Dorado,2021-02-25,1933,47581,1162,24503,771,23078,0,0,698,16176,1228,15657,702,31833,California
El Dorado,2021-02-26,2427,50008,1512,26015,915,23993,0,0,1629,17010,795,16452,1629,33462,California
El Dorado,2021-02-27,1709,51717,445,26460,1264,25257,0,0,1259,17822,447,16899,1259,34721,California
El Dorado,2021-02-28,665,52382,226,26686,439,25696,0,0,499,18156,166,17065,500,35221,California
El Dorado,2021-03-01,1165,53547,468,27154,695,26391,2,2,644,18282,520,17585,646,35867,California
El Dorado,2021-03-02,940,54487,275,27429,664,27055,1,3,495,18336,443,18028,497,36364,California
El Dorado,2021-03-03,1715,56202,474,27903,1241,28296,0,3,1169,18968,539,18567,1171,37535,California
El Dorado,2021-03-04,2546,58748,1564,29467,982,29278,0,3,1214,18854,1329,19896,1215,38750,California
El Dorado,2021-03-05,1605,60353,439,29906,1161,30439,5,8,1065,19390,534,20430,1070,39820,California
El Dorado,2021-03-06,747,61100,220,30126,494,30933,33,41,395,19467,351,20781,428,40248,California
El Dorado,2021-03-07,417,61517,202,30328,197,31130,18,59,256,19582,159,20940,274,40522,California
El Dorado,2021-03-08,1356,62873,374,30702,909,32039,73,132,882,20065,471,21411,954,41476,California
El Dorado,2021-03-09,999,63872,236,30938,694,32733,69,201,594,20338,390,21801,663,42139,California
El Dorado,2021-03-10,965,64837,349,31287,559,33292,57,258,557,20550,401,22202,613,42752,California
El Dorado,2021-03-11,3056,67893,1853,33140,1017,34309,186,444,1298,20295,1736,23938,1481,44233,California
El Dorado,2021-03-12,1809,69702,629,33769,929,35238,251,695,749,20253,1042,24980,1000,45233,California
El Dorado,2021-03-13,1079,70781,352,34121,442,35680,285,980,376,20212,699,25679,658,45891,California
El Dorado,2021-03-14,800,71581,204,34325,485,36165,111,1091,280,20083,520,26199,391,46282,California
El Dorado,2021-03-15,1419,73000,303,34628,985,37150,131,1222,614,20028,801,27000,746,47028,California
El Dorado,2021-03-16,1238,74238,424,35052,668,37818,146,1368,567,20075,667,27667,714,47742,California
El Dorado,2021-03-17,1162,75400,375,35427,686,38504,101,1469,752,20519,409,28076,853,48595,California
El Dorado,2021-03-18,3034,78434,1798,37225,1194,39698,42,1511,2002,21539,1024,29100,2044,50639,California
El Dorado,2021-03-19,1126,79560,361,37586,610,40308,155,1666,626,21820,499,29599,780,51419,California
El Dorado,2021-03-20,959,80519,267,37853,677,40985,15,1681,378,21644,569,30168,393,51812,California
El Dorado,2021-03-21,1046,81565,423,38276,618,41603,5,1686,932,22469,112,30280,937,52749,California
El Dorado,2021-03-22,1511,83076,489,38765,940,42543,82,1768,1189,23423,317,30597,1271,54020,California
El Dorado,2021-03-23,1164,84240,462,39227,606,43149,96,1864,743,23853,409,31006,839,54859,California
El Dorado,2021-03-24,1473,85713,639,39866,637,43786,197,2061,665,23934,781,31787,862,55721,California
El Dorado,2021-03-25,2538,88251,1704,41570,727,44513,107,2168,1387,24284,1145,32932,1495,57216,California
El Dorado,2021-03-26,1844,90095,712,42282,1019,45532,113,2281,932,24440,889,33821,1045,58261,California
El Dorado,2021-03-27,1343,91438,189,42471,1150,46682,4,2285,317,23741,1020,34841,321,58582,California
El Dorado,2021-03-28,646,92084,187,42658,448,47130,11,2296,166,23442,476,35317,177,58759,California
El Dorado,2021-03-29,1329,93413,439,43097,874,48004,16,2312,827,23786,499,35816,843,59602,California
El Dorado,2021-03-30,1388,94801,428,43525,861,48865,99,2411,689,23881,691,36507,786,60388,California
El Dorado,2021-03-31,1570,96371,583,44108,919,49784,68,2479,689,23757,879,37386,755,61143,California
El Dorado,2021-04-01,3257,99628,1782,45890,1392,51176,83,2562,1547,23681,1707,39093,1631,62774,California
El Dorado,2021-04-02,1909,101537,569,46459,1243,52419,97,2659,752,23379,1151,40244,849,63623,California
El Dorado,2021-04-03,759,102296,303,46762,336,52755,120,2779,231,23205,525,40769,351,63974,California
El Dorado,2021-04-04,274,102570,82,46844,145,52900,47,2826,97,23173,176,40945,144,64118,California
El Dorado,2021-04-05,1437,104007,424,47268,920,53820,93,2919,594,23022,837,41782,686,64804,California
El Dorado,2021-04-06,1426,105433,532,47800,673,54493,221,3140,452,22723,969,42751,670,65474,California
El Dorado,2021-04-07,1617,107050,573,48373,589,55082,455,3595,564,22689,1050,43801,1016,66490,California
El Dorado,2021-04-08,2724,109774,1754,50127,732,55814,238,3833,1124,22458,1592,45393,1361,67851,California
El Dorado,2021-04-09,1442,111216,453,50580,769,56583,220,4053,572,22379,867,46260,788,68639,California
El Dorado,2021-04-10,828,112044,225,50805,493,57076,110,4163,480,22623,345,46605,589,69228,California
El Dorado,2021-04-11,708,112752,455,51260,237,57313,16,4179,209,22350,498,47103,225,69453,California
El Dorado,2021-04-12,1300,114052,508,51768,643,57956,149,4328,570,22346,722,47825,718,70171,California
El Dorado,2021-04-13,1132,115184,619,52387,513,58469,0,4328,514,22246,614,48439,514,70685,California
El Dorado,2021-04-14,1101,116285,472,52859,628,59097,1,4329,382,21923,706,49145,383,71068,California
El Dorado,2021-04-15,2537,118822,1710,54569,827,59924,0,4329,969,21331,1564,50709,972,72040,California
El Dorado,2021-04-16,1487,120309,525,55094,962,60886,0,4329,611,21071,872,51581,612,72652,California
El Dorado,2021-04-17,816,121125,204,55298,612,61498,0,4329,503,21264,310,51891,503,73155,California
El Dorado,2021-04-18,1052,122177,89,55387,963,62461,0,4329,414,21047,637,52528,420,73575,California
El Dorado,2021-04-19,1736,123913,439,55826,1297,63758,0,4329,694,20708,1036,53564,697,74272,California
El Dorado,2021-04-20,1115,125028,367,56193,748,64506,0,4329,458,20515,653,54217,460,74732,California
El Dorado,2021-04-21,1161,126189,464,56657,693,65199,4,4333,593,20549,560,54777,594,75326,California
El Dorado,2021-04-22,2569,128758,1695,58352,874,66073,0,4333,1069,20121,1497,56274,1069,76395,California
El Dorado,2021-04-23,1417,130175,508,58860,909,66982,0,4333,724,20156,690,56964,725,77120,California
El Dorado,2021-04-24,972,131147,520,59380,452,67434,0,4333,738,20662,232,57196,738,77858,California
El Dorado,2021-04-25,658,131805,451,59831,207,67641,0,4333,472,20948,186,57382,472,78330,California
El Dorado,2021-04-26,1197,133002,483,60314,697,68338,17,4350,562,20895,631,58013,578,78908,California
El Dorado,2021-04-27,1130,134132,421,60735,670,69008,39,4389,504,20819,619,58632,543,79451,California
El Dorado,2021-04-28,1069,135201,358,61093,671,69679,40,4429,437,20665,631,59263,477,79928,California
El Dorado,2021-04-29,1991,137192,1366,62459,593,70272,32,4461,592,19893,1396,60659,624,80552,California
El Dorado,2021-04-30,2133,139325,1344,63803,748,71020,41,4502,1367,20546,754,61413,1407,81959,California
El Dorado,2021-05-01,615,139940,281,64084,306,71326,28,4530,276,20518,332,61745,304,82263,California
El Dorado,2021-05-02,302,140242,215,64299,58,71384,29,4559,100,20447,199,61944,128,82391,California
El Dorado,2021-05-03,828,141070,403,64702,374,71758,51,4610,278,20231,546,62490,330,82721,California
El Dorado,2021-05-04,887,141957,438,65140,389,72147,60,4670,313,20034,570,63060,373,83094,California
El Dorado,2021-05-05,881,142838,435,65575,372,72519,74,4744,420,20069,459,63519,494,83588,California
El Dorado,2021-05-06,1117,143955,485,66060,584,73103,48,4792,474,19950,637,64156,518,84106,California
El Dorado,2021-05-07,982,144937,378,66438,546,73649,58,4850,397,19819,585,64741,454,84560,California
El Dorado,2021-05-08,492,145429,155,66593,300,73949,37,4887,187,19740,303,65044,224,84784,California
El Dorado,2021-05-09,223,145652,84,66677,112,74061,27,4914,104,19753,118,65162,131,84915,California
El Dorado,2021-05-10,828,146480,270,66947,500,74561,58,4972,244,19478,575,65737,300,85215,California
El Dorado,2021-05-11,688,147168,301,67248,325,74886,62,5034,297,19450,388,66125,360,85575,California
El Dorado,2021-05-12,646,147814,341,67589,263,75149,42,5076,276,19399,370,66495,319,85894,California
El Dorado,2021-05-13,1262,149076,797,68386,425,75574,40,5116,477,19136,779,67274,516,86410,California
El Dorado,2021-05-14,1416,150492,822,69208,510,76084,84,5200,684,19177,727,68001,768,87178,California
El Dorado,2021-05-15,906,151398,557,69765,292,76376,57,5257,322,18972,584,68585,379,87557,California
El Dorado,2021-05-16,668,152066,463,70228,179,76555,26,5283,233,18796,435,69020,259,87816,California
El Dorado,2021-05-17,1583,153649,670,70898,864,77419,49,5332,568,18401,1011,70031,616,88432,California
El Dorado,2021-05-18,1032,154681,523,71421,455,77874,54,5386,448,18320,583,70614,502,88934,California
El Dorado,2021-05-19,818,155499,335,71756,430,78304,53,5439,317,18195,494,71108,369,89303,California
El Dorado,2021-05-20,1186,156685,664,72420,448,78752,74,5513,453,17991,730,71838,526,89829,California
El Dorado,2021-05-21,2339,159024,1747,74167,550,79302,42,5555,824,17347,1510,73348,866,90695,California
El Dorado,2021-05-22,705,159729,204,74371,465,79767,36,5591,228,17135,476,73824,264,90959,California
El Dorado,2021-05-23,290,160019,116,74487,145,79912,29,5620,93,17062,195,74019,122,91081,California
El Dorado,2021-05-24,886,160905,455,74942,362,80274,69,5689,313,16873,569,74588,380,91461,California
El Dorado,2021-05-25,607,161512,253,75195,318,80592,36,5725,229,16763,375,74963,265,91726,California
El Dorado,2021-05-26,808,162320,398,75593,386,80978,24,5749,285,16550,522,75485,309,92035,California
El Dorado,2021-05-27,625,162945,247,75840,343,81321,35,5784,318,16597,305,75790,352,92387,California
El Dorado,2021-05-28,731,163676,253,76093,414,81735,64,5848,310,16553,418,76208,374,92761,California
El Dorado,2021-05-29,385,164061,106,76199,263,81998,16,5864,168,16520,217,76425,184,92945,California
El Dorado,2021-05-30,173,164234,101,76300,58,82056,14,5878,84,16530,88,76513,98,93043,California
El Dorado,2021-05-31,36,164270,11,76311,14,82070,11,5889,8,16521,28,76541,19,93062,California
El Dorado,2021-06-01,682,164952,294,76605,349,82419,39,5928,235,16351,444,76985,274,93336,California
El Dorado,2021-06-02,631,165583,302,76907,279,82698,50,5978,263,16297,367,77352,313,93649,California
El Dorado,2021-06-03,728,166311,339,77246,346,83044,43,6021,183,15978,545,77897,226,93875,California
El Dorado,2021-06-04,888,167199,532,77778,322,83366,34,6055,189,15504,697,78594,223,94098,California
El Dorado,2021-06-05,389,167588,223,78001,154,83520,12,6067,84,15297,304,78898,97,94195,California
El Dorado,2021-06-06,277,167865,192,78193,69,83589,16,6083,51,15138,225,79123,66,94261,California
El Dorado,2021-06-07,787,168652,487,78680,260,83849,40,6123,173,14744,607,79730,213,94474,California
El Dorado,2021-06-08,633,169285,384,79064,215,84064,34,6157,131,14409,499,80229,164,94638,California
El Dorado,2021-06-09,463,169748,277,79341,161,84225,25,6182,110,14191,353,80582,135,94773,California
El Dorado,2021-06-10,592,170340,370,79711,191,84416,31,6213,162,13956,428,81010,193,94966,California
El Dorado,2021-06-11,660,171000,396,80107,220,84636,44,6257,131,13603,528,81538,175,95141,California
El Dorado,2021-06-12,261,171261,154,80261,88,84724,19,6276,61,13484,199,81737,80,95221,California
El Dorado,2021-06-13,162,171423,89,80350,55,84779,18,6294,35,13411,126,81863,53,95274,California
El Dorado,2021-06-14,515,171938,362,80712,123,84902,30,6324,135,13196,380,82243,165,95439,California
El Dorado,2021-06-15,444,172382,237,80949,170,85072,37,6361,122,13036,319,82562,159,95598,California
El Dorado,2021-06-16,505,172887,359,81308,106,85178,40,6401,134,12840,370,82932,174,95772,California
El Dorado,2021-06-17,405,173292,243,81551,130,85308,32,6433,125,12719,279,83211,158,95930,California
El Dorado,2021-06-18,233,173525,147,81698,62,85370,24,6457,65,12640,168,83379,89,96019,California
Fresno,2020-12-15,2,2,2,2,0,0,0,0,2,2,0,0,2,2,California
Fresno,2020-12-16,125,127,125,127,0,0,0,0,125,127,0,0,125,127,California
Fresno,2020-12-17,123,250,123,250,0,0,0,0,123,250,0,0,123,250,California
Fresno,2020-12-18,348,598,348,598,0,0,0,0,348,598,0,0,348,598,California
Fresno,2020-12-19,162,760,162,760,0,0,0,0,162,760,0,0,162,760,California
Fresno,2020-12-20,257,1017,255,1015,2,2,0,0,257,1017,0,0,257,1017,California
Fresno,2020-12-21,925,1942,923,1938,2,4,0,0,955,1972,0,0,955,1972,California
Fresno,2020-12-22,906,2848,875,2813,31,35,0,0,910,2882,0,0,910,2882,California
Fresno,2020-12-23,1085,3933,1045,3858,40,75,0,0,1086,3968,0,0,1086,3968,California
Fresno,2020-12-24,592,4525,566,4424,26,101,0,0,592,4560,0,0,592,4560,California
Fresno,2020-12-25,3,4528,1,4425,2,103,0,0,3,4563,0,0,3,4563,California
Fresno,2020-12-26,724,5252,715,5140,9,112,0,0,724,5287,0,0,724,5287,California
Fresno,2020-12-27,306,5558,207,5347,99,211,0,0,306,5593,0,0,306,5593,California
Fresno,2020-12-28,1097,6655,802,6149,295,506,0,0,1097,6690,0,0,1097,6690,California
Fresno,2020-12-29,1761,8416,998,7147,763,1269,0,0,1759,8448,1,1,1759,8449,California
Fresno,2020-12-30,985,9401,447,7594,538,1807,0,0,985,9433,0,1,985,9434,California
Fresno,2020-12-31,927,10328,310,7904,617,2424,0,0,926,10359,0,1,926,10360,California
Fresno,2021-01-01,9,10337,3,7907,6,2430,0,0,9,10368,0,1,9,10369,California
Fresno,2021-01-02,1028,11365,712,8619,316,2746,0,0,1028,11396,0,1,1028,11397,California
Fresno,2021-01-03,154,11519,128,8747,26,2772,0,0,154,11550,0,1,154,11551,California
Fresno,2021-01-04,627,12146,377,9124,250,3022,0,0,627,12177,0,1,627,12178,California
Fresno,2021-01-05,782,12928,310,9434,472,3494,0,0,709,12813,73,74,709,12887,California
Fresno,2021-01-06,984,13912,345,9779,639,4133,0,0,810,13449,174,248,810,13697,California
Fresno,2021-01-07,1899,15811,916,10695,983,5116,0,0,1644,14841,255,503,1647,15344,California
Fresno,2021-01-08,1788,17599,612,11307,1176,6292,0,0,1424,15904,362,865,1425,16769,California
Fresno,2021-01-09,642,18241,392,11699,250,6542,0,0,363,15988,279,1144,363,17132,California
Fresno,2021-01-10,516,18757,486,12185,30,6572,0,0,203,15878,313,1457,203,17335,California
Fresno,2021-01-11,2226,20983,1808,13993,418,6990,0,0,1531,16718,695,2152,1535,18870,California
Fresno,2021-01-12,2529,23512,1830,15823,699,7689,0,0,1676,17541,855,3007,1678,20548,California
Fresno,2021-01-13,3567,27079,2440,18263,1127,8816,0,0,2712,19400,856,3863,2715,23263,California
Fresno,2021-01-14,4142,31221,2184,20447,1958,10774,0,0,3669,22597,472,4335,3669,26932,California
Fresno,2021-01-15,3662,34883,2537,22984,1125,11899,0,0,3303,25545,359,4694,3307,30239,California
Fresno,2021-01-16,3140,38023,2308,25292,832,12731,0,0,2669,27746,470,5164,2671,32910,California
Fresno,2021-01-17,979,39002,557,25849,422,13153,0,0,779,28325,200,5364,779,33689,California
Fresno,2021-01-18,3086,42088,2377,28226,709,13862,0,0,2428,30099,656,6020,2430,36119,California
Fresno,2021-01-19,4405,46493,2623,30849,1782,15644,0,0,3686,33070,719,6739,3690,39809,California
Fresno,2021-01-20,3024,49517,1216,32065,1808,17452,0,0,2708,35467,314,7053,2711,42520,California
Fresno,2021-01-21,4395,53912,2039,34104,2356,19808,0,0,4037,39174,336,7389,4043,46563,California
Fresno,2021-01-22,3312,57224,1349,35453,1963,21771,0,0,2926,41732,370,7759,2928,49491,California
Fresno,2021-01-23,3054,60278,1979,37432,1075,22846,0,0,2331,43346,722,8481,2336,51827,California
Fresno,2021-01-24,560,60838,377,37809,183,23029,0,0,351,43490,209,8690,353,52180,California
Fresno,2021-01-25,2431,63269,862,38671,1569,24598,0,0,1855,44772,576,9266,1858,54038,California
Fresno,2021-01-26,2088,65357,598,39269,1490,26088,0,0,1326,45339,760,10026,1327,55365,California
Fresno,2021-01-27,2306,67663,1136,40405,1170,27258,0,0,1728,46493,577,10603,1731,57096,California
Fresno,2021-01-28,4558,72221,3053,43458,1505,28763,0,0,3483,48907,1072,11675,3486,60582,California
Fresno,2021-01-29,1682,73903,958,44416,724,29487,0,0,1380,49990,298,11973,1381,61963,California
Fresno,2021-01-30,1445,75348,545,44961,900,30387,0,0,1025,50595,420,12393,1025,62988,California
Fresno,2021-01-31,227,75575,216,45177,11,30398,0,0,73,50514,154,12547,73,63061,California
Fresno,2021-02-01,3348,78923,1673,46850,1675,32073,0,0,1787,50751,1560,14107,1797,64858,California
Fresno,2021-02-02,2739,81662,562,47412,2177,34250,0,0,1591,51225,1133,15240,1607,66465,California
Fresno,2021-02-03,3565,85227,2107,49519,1458,35708,0,0,1550,50770,2006,17246,1551,68016,California
Fresno,2021-02-04,4192,89419,1893,51412,2299,38007,0,0,1923,50459,2239,19485,1928,69944,California
Fresno,2021-02-05,5332,94751,2724,54136,2608,40615,0,0,2300,49736,3027,22512,2304,72248,California
Fresno,2021-02-06,2924,97675,2035,56171,889,41504,0,0,966,48753,1950,24462,967,73215,California
Fresno,2021-02-07,470,98145,288,56459,182,41686,0,0,274,48832,195,24657,274,73489,California
Fresno,2021-02-08,4274,102419,2284,58743,1990,43676,0,0,1803,48186,2458,27115,1812,75301,California
Fresno,2021-02-09,5318,107737,2088,60831,3230,46906,0,0,3106,49164,2137,29252,3115,78416,California
Fresno,2021-02-10,3882,111619,1229,62060,2653,49559,0,0,1970,49287,1860,31112,1983,80399,California
Fresno,2021-02-11,6435,118054,2081,64141,4354,53913,0,0,3338,49551,3079,34191,3343,83742,California
Fresno,2021-02-12,5389,123443,1387,65528,4002,57915,0,0,2722,49634,2648,36839,2731,86473,California
Fresno,2021-02-13,3737,127180,1560,67088,2177,60092,0,0,2080,50074,1645,38484,2085,88558,California
Fresno,2021-02-14,1563,128743,282,67370,1281,61373,0,0,837,50188,725,39209,839,89397,California
Fresno,2021-02-15,2890,131633,268,67638,2622,63995,0,0,1797,50900,1089,40298,1801,91198,California
Fresno,2021-02-16,6690,138323,2407,70045,4283,68278,0,0,4227,52687,2446,42744,4233,95431,California
Fresno,2021-02-17,5314,143637,2442,72487,2872,71150,0,0,2982,53383,2290,45034,2986,98417,California
Fresno,2021-02-18,6842,150479,2893,75380,3949,75099,0,0,2569,51730,4233,49267,2580,100997,California
Fresno,2021-02-19,3831,154310,1096,76476,2735,77834,0,0,1816,51546,2003,51270,1819,102816,California
Fresno,2021-02-20,4519,158829,2478,78954,2041,79875,0,0,3039,53117,1474,52744,3045,105861,California
Fresno,2021-02-21,189,159018,171,79125,18,79893,0,0,126,53194,49,52793,126,105987,California
Fresno,2021-02-22,2236,161254,998,80123,1238,81131,0,0,1236,53442,990,53783,1238,107225,California
Fresno,2021-02-23,4687,165941,2270,82393,2417,83548,0,0,3804,56377,871,54654,3806,111031,California
Fresno,2021-02-24,4205,170146,1505,83898,2700,86248,0,0,3443,59071,751,55405,3445,114476,California
Fresno,2021-02-25,8695,178841,3746,87644,4949,91197,0,0,7202,64854,1428,56833,7211,121687,California
Fresno,2021-02-26,9020,187861,3702,91346,5318,96515,0,0,7707,71278,1289,58122,7713,129400,California
Fresno,2021-02-27,7277,195138,3162,94508,4114,100629,1,1,6568,77157,694,58816,6573,135973,California
Fresno,2021-02-28,1643,196781,525,95033,1118,101747,0,1,1551,78630,79,58895,1552,137525,California
Fresno,2021-03-01,5099,201880,1326,96359,3773,105520,0,1,3695,80939,1390,60285,3699,141224,California
Fresno,2021-03-02,9861,211741,3390,99749,6471,111991,0,1,8472,88072,1365,61650,8498,149722,California
Fresno,2021-03-03,7017,218758,1762,101511,5254,117245,1,2,6016,93211,987,62637,6126,155848,California
Fresno,2021-03-04,10444,229202,4125,105636,6319,123564,0,2,8704,100211,1713,64350,8713,164561,California
Fresno,2021-03-05,9304,238506,3627,109263,5675,129239,2,4,8027,107169,1145,65495,8103,172664,California
Fresno,2021-03-06,7018,245524,3960,113223,2940,132179,118,122,6022,112326,988,66483,6145,178809,California
Fresno,2021-03-07,1490,247014,676,113899,776,132955,38,160,1261,113400,226,66709,1300,180109,California
Fresno,2021-03-08,5294,252308,2023,115922,3120,136075,151,311,4004,116288,1279,67988,4167,184276,California
Fresno,2021-03-09,8628,260936,3795,119717,4562,140637,271,582,4655,117299,3952,71940,4963,189239,California
Fresno,2021-03-10,6825,267761,2852,122569,3585,144222,388,970,5366,121611,1450,73390,5762,195001,California
Fresno,2021-03-11,11588,279349,4576,127145,6466,150688,546,1516,6310,123292,5252,78642,6933,201934,California
Fresno,2021-03-12,12026,291375,5129,132274,6470,157158,427,1943,9041,129933,2966,81608,9607,211541,California
Fresno,2021-03-13,8327,299702,4059,136333,3252,160410,1016,2959,4023,130767,4283,85891,5117,216658,California
Fresno,2021-03-14,1771,301473,481,136814,1000,161410,290,3249,667,130632,1092,86983,957,217615,California
Fresno,2021-03-15,7134,308607,3168,139982,3789,165199,177,3426,4928,133741,2192,89175,5301,222916,California
Fresno,2021-03-16,10216,318823,4543,144525,5281,170480,392,3818,5418,134882,4766,93941,5907,228823,California
Fresno,2021-03-17,8730,327553,3988,148513,4033,174513,709,4527,5909,139109,2797,96738,7024,235847,California
Fresno,2021-03-18,12470,340023,6725,155238,5071,179584,674,5201,6989,141829,5433,102171,8153,244000,California
Fresno,2021-03-19,11177,351200,5895,161133,4669,184253,613,5814,6853,145375,4294,106465,7840,251840,California
Fresno,2021-03-20,7615,358815,4598,165731,2691,186944,326,6140,3763,145956,3826,110291,4407,256247,California
Fresno,2021-03-21,1795,360610,1205,166936,210,187154,380,6520,971,146492,816,111107,1352,257599,California
Fresno,2021-03-22,5675,366285,2902,169838,2176,189330,597,7117,3797,149263,1862,112969,4633,262232,California
Fresno,2021-03-23,10579,376864,5255,175093,4817,194147,507,7624,5055,149767,5501,118470,6005,268237,California
Fresno,2021-03-24,8864,385728,3840,178933,4193,198340,831,8455,4974,151773,3853,122323,5859,274096,California
Fresno,2021-03-25,12209,397937,5687,184620,5709,204049,813,9268,4745,150002,7412,129735,5641,279737,California
Fresno,2021-03-26,12219,410156,5458,190078,6118,210167,643,9911,4451,147406,7715,137450,5119,284856,California
Fresno,2021-03-27,10044,420200,4775,194853,4185,214352,1084,10995,2961,144413,7044,144494,4051,288907,California
Fresno,2021-03-28,3424,423624,1320,196173,1408,215760,696,11691,1110,144362,2306,146800,2255,291162,California
Fresno,2021-03-29,5988,429612,2007,198180,3445,219205,536,12227,2890,144734,3069,149869,3441,294603,California
Fresno,2021-03-30,11001,440613,4272,202452,5830,225035,899,13126,3852,142369,7118,156987,4753,299356,California
Fresno,2021-03-31,9694,450307,3375,205827,5319,230354,1000,14126,3679,141070,5971,162958,4672,304028,California
Fresno,2021-04-01,12182,462489,4202,210029,7120,237474,860,14986,4040,137889,8038,170996,4857,308885,California
Fresno,2021-04-02,12080,474569,4629,214658,6660,244134,791,15777,4281,135334,7636,178632,5081,313966,California
Fresno,2021-04-03,6412,480981,3530,218188,2624,246758,258,16035,2147,133528,4247,182879,2441,316407,California
Fresno,2021-04-04,1504,482485,537,218725,922,247680,45,16080,546,133173,947,183826,592,316999,California
Fresno,2021-04-05,8337,490822,4473,223198,3057,250737,807,16887,2449,130629,5871,189697,3327,320326,California
Fresno,2021-04-06,9636,500458,4040,227238,4409,255146,1187,18074,3554,129346,6041,195738,4758,325084,California
Fresno,2021-04-07,10613,511071,5494,232732,3905,259051,1214,19288,3554,127127,7012,202750,4793,329877,California
Fresno,2021-04-08,10961,522032,5179,237911,4616,263667,1166,20454,3438,124300,7472,210222,4645,334522,California
Fresno,2021-04-09,11271,533303,5355,243266,4513,268180,1403,21857,3618,121735,7604,217826,5039,339561,California
Fresno,2021-04-10,7885,541188,5149,248415,2213,270393,523,22380,3671,121725,4202,222028,4192,343753,California
Fresno,2021-04-11,1388,542576,933,249348,364,270757,91,22471,446,121326,937,222965,538,344291,California
Fresno,2021-04-12,7460,550036,3996,253344,2536,273293,928,23399,2413,119649,5017,227982,3340,347631,California
Fresno,2021-04-13,9007,559043,4318,257662,4620,277913,69,23468,3528,117906,5442,233424,3699,351330,California
Fresno,2021-04-14,9702,568745,5797,263459,3904,281817,1,23469,3774,115849,5885,239309,3828,355158,California
Fresno,2021-04-15,8486,577231,4227,267686,4256,286073,3,23472,3223,113847,5235,244544,3233,358391,California
Fresno,2021-04-16,9568,586799,4678,272364,4888,290961,2,23474,3943,112223,5584,250128,3960,362351,California
Fresno,2021-04-17,5637,592436,3767,276131,1870,292831,0,23474,2691,111999,2924,253052,2700,365051,California
Fresno,2021-04-18,1034,593470,563,276694,471,293302,0,23474,475,111921,554,253606,476,365527,California
Fresno,2021-04-19,5606,599076,3045,279739,2558,295860,3,23477,2276,110915,3292,256898,2286,367813,California
Fresno,2021-04-20,6945,606021,3441,283180,3495,299355,9,23486,2638,109287,4283,261181,2655,370468,California
Fresno,2021-04-21,6378,612399,3527,286707,2842,302197,9,23495,2656,108268,3687,264868,2668,373136,California
Fresno,2021-04-22,6341,618740,3156,289863,3184,305381,1,23496,2312,106615,3969,268837,2316,375452,California
Fresno,2021-04-23,7104,625844,3827,293690,3260,308641,17,23513,2721,105049,4292,273129,2726,378178,California
Fresno,2021-04-24,4162,630006,2491,296181,1671,310312,0,23513,1917,104734,2232,275361,1917,380095,California
Fresno,2021-04-25,1369,631375,551,296732,815,311127,3,23516,683,104740,680,276041,686,380781,California
Fresno,2021-04-26,4232,635607,2138,298870,2049,313176,45,23561,1798,104180,2403,278444,1843,382624,California
Fresno,2021-04-27,4822,640429,2443,301313,2254,315430,125,23686,1893,103292,2905,281349,2017,384641,California
Fresno,2021-04-28,4775,645204,2669,303982,1976,317406,130,23816,1989,102648,2764,284113,2120,386761,California
Fresno,2021-04-29,4791,649995,2662,306644,1993,319399,136,23952,1809,101641,2950,287063,1943,388704,California
Fresno,2021-04-30,5415,655410,3292,309936,1991,321390,132,24084,2163,100714,3221,290284,2294,390998,California
Fresno,2021-05-01,4181,659591,3448,313384,595,321985,138,24222,1232,99152,2930,293214,1368,392366,California
Fresno,2021-05-02,1246,660837,770,314154,425,322410,51,24273,613,99194,621,293835,663,393029,California
Fresno,2021-05-03,4024,664861,2696,316850,1137,323547,191,24464,1302,97987,2695,296530,1488,394517,California
Fresno,2021-05-04,4830,669691,2503,319353,2175,325722,152,24616,1543,96425,3259,299789,1697,396214,California
Fresno,2021-05-05,5094,674785,3142,322495,1727,327449,225,24841,1586,94752,3481,303270,1808,398022,California
Fresno,2021-05-06,4119,678904,2544,325039,1471,328920,104,24945,1409,93585,2680,305950,1513,399535,California
Fresno,2021-05-07,5009,683913,3286,328325,1556,330476,167,25112,1550,91864,3435,309385,1714,401249,California
Fresno,2021-05-08,3898,687811,2486,330811,1264,331740,148,25260,1170,90477,2706,312091,1319,402568,California
Fresno,2021-05-09,674,688485,346,331157,285,332025,43,25303,336,90524,332,312423,379,402947,California
Fresno,2021-05-10,2958,691443,1580,332737,1237,333262,141,25444,921,89559,2027,314450,1062,404009,California
Fresno,2021-05-11,3741,695184,1927,334664,1721,334983,93,25537,1204,88331,2525,316975,1297,405306,California
Fresno,2021-05-12,3989,699173,2560,337224,1265,336248,164,25701,1452,87434,2513,319488,1616,406922,California
Fresno,2021-05-13,3848,703021,2131,339355,1613,337861,104,25805,1738,87204,2072,321560,1842,408764,California
Fresno,2021-05-14,5026,708047,3014,342369,1828,339689,184,25989,2140,86676,2854,324414,2326,411090,California
Fresno,2021-05-15,3578,711625,2672,345041,776,340465,130,26119,1819,86875,1749,326163,1948,413038,California
Fresno,2021-05-16,1444,713069,947,345988,463,340928,34,26153,812,87096,626,326789,847,413885,California
Fresno,2021-05-17,4171,717240,2823,348811,1189,342117,159,26312,2247,87604,1896,328685,2404,416289,California
Fresno,2021-05-18,4095,721335,2532,351343,1410,343527,153,26465,2092,87866,1980,330665,2242,418531,California
Fresno,2021-05-19,4336,725671,2764,354107,1397,344924,175,26640,2104,87935,2209,332874,2278,420809,California
Fresno,2021-05-20,4091,729762,2441,356548,1462,346386,188,26828,1910,87867,2164,335038,2096,422905,California
Fresno,2021-05-21,4554,734316,2980,359528,1482,347868,92,26920,2067,87568,2457,337495,2158,425063,California
Fresno,2021-05-22,3942,738258,2923,362451,845,348713,174,27094,2272,88358,1654,339149,2444,427507,California
Fresno,2021-05-23,902,739160,572,363023,300,349013,30,27124,463,88422,429,339578,493,428000,California
Fresno,2021-05-24,3220,742380,2024,365047,1082,350095,114,27238,1494,88327,1703,341281,1608,429608,California
Fresno,2021-05-25,3206,745586,1927,366974,1155,351250,124,27362,1369,87997,1823,343104,1493,431101,California
Fresno,2021-05-26,3242,748828,2142,369116,994,352244,106,27468,1654,88187,1568,344672,1758,432859,California
Fresno,2021-05-27,3138,751966,1912,371028,1119,353363,107,27575,1415,88013,1697,346369,1523,434382,California
Fresno,2021-05-28,3413,755379,2208,373236,1110,354473,95,27670,1888,88491,1506,347875,1984,436366,California
Fresno,2021-05-29,2278,757657,1659,374895,548,355021,71,27741,1254,88803,1014,348889,1326,437692,California
Fresno,2021-05-30,887,758544,533,375428,319,355340,35,27776,427,88822,443,349332,462,438154,California
Fresno,2021-05-31,318,758862,160,375588,146,355486,12,27788,136,88792,176,349508,146,438300,California
Fresno,2021-06-01,3010,761872,1811,377399,1104,356590,95,27883,1220,88341,1766,351274,1315,439615,California
Fresno,2021-06-02,2654,764526,1710,379109,854,357444,90,27973,1086,87980,1539,352813,1178,440793,California
Fresno,2021-06-03,2937,767463,2015,381124,820,358264,102,28075,1192,87548,1724,354537,1292,442085,California
Fresno,2021-06-04,3229,770692,2344,383468,785,359049,100,28175,1118,86680,2087,356624,1219,443304,California
Fresno,2021-06-05,3104,773796,2293,385761,691,359740,120,28295,1250,86218,1830,358454,1368,444672,California
Fresno,2021-06-06,1165,774961,927,386688,201,359941,37,28332,412,85919,748,359202,449,445121,California
Fresno,2021-06-07,3077,778038,2425,389113,563,360504,89,28421,897,84746,2159,361361,986,446107,California
Fresno,2021-06-08,2617,780655,1949,391062,600,361104,68,28489,810,83826,1798,363159,878,446985,California
Fresno,2021-06-09,2937,783592,2196,393258,651,361755,90,28579,973,82943,1946,365105,1063,448048,California
Fresno,2021-06-10,2641,786233,1917,395175,654,362409,70,28649,925,82241,1696,366801,994,449042,California
Fresno,2021-06-11,3114,789347,2197,397372,807,363216,110,28759,1165,81605,1911,368712,1275,450317,California
Fresno,2021-06-12,2886,792233,2281,399653,440,363656,165,28924,774,80440,2099,370811,934,451251,California
Fresno,2021-06-13,711,792944,460,400113,234,363890,17,28941,201,80153,505,371316,218,451469,California
Fresno,2021-06-14,2489,795433,1809,401922,550,364440,130,29071,953,79716,1518,372834,1081,452550,California
Fresno,2021-06-15,2371,797804,1703,403625,592,365032,76,29147,943,79322,1412,374246,1018,453568,California
Fresno,2021-06-16,2591,800395,1869,405494,610,365642,112,29259,1023,78902,1554,375800,1134,454702,California
Fresno,2021-06-17,1902,802297,1250,406744,567,366209,85,29344,805,78704,1087,376887,889,455591,California
Fresno,2021-06-18,1540,803837,1101,407845,337,366546,102,29446,514,78302,1018,377905,616,456207,California
Glenn,2020-12-17,1,1,1,1,0,0,0,0,1,1,0,0,1,1,California
Glenn,2020-12-20,1,2,1,2,0,0,0,0,1,2,0,0,1,2,California
Glenn,2020-12-21,11,13,11,13,0,0,0,0,11,13,0,0,11,13,California
Glenn,2020-12-22,58,71,58,71,0,0,0,0,58,71,0,0,58,71,California
Glenn,2020-12-23,28,99,28,99,0,0,0,0,28,99,0,0,28,99,California
Glenn,2020-12-24,9,108,9,108,0,0,0,0,9,108,0,0,9,108,California
Glenn,2020-12-26,2,110,2,110,0,0,0,0,2,110,0,0,2,110,California
Glenn,2020-12-27,4,114,4,114,0,0,0,0,4,114,0,0,4,114,California
Glenn,2020-12-28,20,134,20,134,0,0,0,0,20,134,0,0,20,134,California
Glenn,2020-12-29,81,215,81,215,0,0,0,0,81,215,0,0,81,215,California
Glenn,2020-12-30,127,342,104,319,23,23,0,0,127,342,0,0,127,342,California
Glenn,2020-12-31,38,380,9,328,29,52,0,0,38,380,0,0,38,380,California
Glenn,2021-01-02,4,384,4,332,0,52,0,0,4,384,0,0,4,384,California
Glenn,2021-01-04,7,391,5,337,2,54,0,0,7,391,0,0,7,391,California
Glenn,2021-01-05,12,403,9,346,3,57,0,0,12,403,0,0,12,403,California
Glenn,2021-01-06,59,462,8,354,51,108,0,0,59,462,0,0,59,462,California
Glenn,2021-01-07,65,527,11,365,54,162,0,0,64,525,1,1,64,526,California
Glenn,2021-01-08,12,539,9,374,3,165,0,0,12,537,0,1,12,538,California
Glenn,2021-01-10,1,540,1,375,0,165,0,0,0,536,1,2,0,538,California
Glenn,2021-01-11,29,569,29,404,0,165,0,0,12,531,17,19,12,550,California
Glenn,2021-01-12,43,612,38,442,5,170,0,0,14,516,29,48,14,564,California
Glenn,2021-01-13,218,830,156,598,62,232,0,0,175,648,43,91,175,739,California
Glenn,2021-01-14,120,950,31,629,89,321,0,0,110,748,10,101,110,849,California
Glenn,2021-01-15,41,991,34,663,7,328,0,0,36,779,5,106,36,885,California
Glenn,2021-01-16,33,1024,14,677,19,347,0,0,23,792,10,116,23,908,California
Glenn,2021-01-17,4,1028,2,679,2,349,0,0,2,792,2,118,2,910,California
Glenn,2021-01-18,17,1045,16,695,1,350,0,0,9,793,8,126,9,919,California
Glenn,2021-01-19,30,1075,20,715,10,360,0,0,13,789,17,143,13,932,California
Glenn,2021-01-20,162,1237,93,808,69,429,0,0,82,791,80,223,82,1014,California
Glenn,2021-01-21,121,1358,95,903,26,455,0,0,30,730,91,314,30,1044,California
Glenn,2021-01-22,343,1701,64,967,279,734,0,0,336,1059,7,321,336,1380,California
Glenn,2021-01-23,16,1717,10,977,6,740,0,0,12,1067,4,325,12,1392,California
Glenn,2021-01-24,2,1719,2,979,0,740,0,0,2,1069,0,325,2,1394,California
Glenn,2021-01-25,27,1746,9,988,18,758,0,0,24,1090,3,328,24,1418,California
Glenn,2021-01-26,31,1777,15,1003,16,774,0,0,24,1107,7,335,24,1442,California
Glenn,2021-01-27,189,1966,12,1015,177,951,0,0,167,1252,22,357,167,1609,California
Glenn,2021-01-28,148,2114,8,1023,140,1091,0,0,118,1340,30,387,118,1727,California
Glenn,2021-01-29,300,2414,12,1035,288,1379,0,0,286,1612,14,401,286,2013,California
Glenn,2021-01-30,3,2417,0,1035,3,1382,0,0,3,1615,0,401,3,2016,California
Glenn,2021-01-31,1,2418,0,1035,1,1383,0,0,1,1616,0,401,1,2017,California
Glenn,2021-02-01,30,2448,11,1046,19,1402,0,0,18,1622,12,413,18,2035,California
Glenn,2021-02-02,31,2479,16,1062,15,1417,0,0,21,1633,10,423,21,2056,California
Glenn,2021-02-03,276,2755,126,1188,150,1567,0,0,132,1622,144,567,133,2189,California
Glenn,2021-02-04,81,2836,14,1202,67,1634,0,0,26,1593,55,622,26,2215,California
Glenn,2021-02-05,326,3162,25,1227,301,1935,0,0,305,1877,21,643,305,2520,California
Glenn,2021-02-06,18,3180,2,1229,16,1951,0,0,17,1893,1,644,17,2537,California
Glenn,2021-02-07,2,3182,2,1231,0,1951,0,0,2,1895,0,644,2,2539,California
Glenn,2021-02-08,20,3202,17,1248,3,1954,0,0,4,1883,16,660,4,2543,California
Glenn,2021-02-09,50,3252,19,1267,31,1985,0,0,35,1903,15,675,35,2578,California
Glenn,2021-02-10,136,3388,19,1286,117,2102,0,0,66,1899,70,745,66,2644,California
Glenn,2021-02-11,235,3623,134,1420,101,2203,0,0,152,1967,84,829,152,2796,California
Glenn,2021-02-12,417,4040,98,1518,319,2522,0,0,353,2256,64,893,353,3149,California
Glenn,2021-02-13,37,4077,9,1527,28,2550,0,0,17,2253,20,913,17,3166,California
Glenn,2021-02-14,1,4078,0,1527,1,2551,0,0,1,2254,0,913,1,3167,California
Glenn,2021-02-15,8,4086,0,1527,8,2559,0,0,8,2262,0,913,8,3175,California
Glenn,2021-02-16,39,4125,9,1536,30,2589,0,0,21,2265,18,931,21,3196,California
Glenn,2021-02-17,379,4504,13,1549,366,2955,0,0,303,2492,76,1007,303,3499,California
Glenn,2021-02-18,136,4640,101,1650,35,2990,0,0,112,2580,24,1031,112,3611,California
Glenn,2021-02-19,307,4947,16,1666,291,3281,0,0,28,2329,279,1310,28,3639,California
Glenn,2021-02-20,9,4956,0,1666,9,3290,0,0,1,2322,8,1318,1,3640,California
Glenn,2021-02-21,1,4957,1,1667,0,3290,0,0,1,2323,0,1318,1,3641,California
Glenn,2021-02-22,33,4990,14,1681,19,3309,0,0,16,2322,17,1335,16,3657,California
Glenn,2021-02-23,40,5030,10,1691,30,3339,0,0,28,2338,12,1347,28,3685,California
Glenn,2021-02-24,252,5282,49,1740,203,3542,0,0,45,2176,207,1554,45,3730,California
Glenn,2021-02-25,234,5516,120,1860,114,3656,0,0,120,2182,114,1668,120,3850,California
Glenn,2021-02-26,309,5825,24,1884,285,3941,0,0,20,1914,288,1956,20,3870,California
Glenn,2021-02-27,13,5838,4,1888,9,3950,0,0,5,1912,7,1963,5,3875,California
Glenn,2021-02-28,6,5844,3,1891,3,3953,0,0,3,1913,2,1965,3,3878,California
Glenn,2021-03-01,28,5872,6,1897,22,3975,0,0,12,1909,16,1981,12,3890,California
Glenn,2021-03-02,35,5907,8,1905,27,4002,0,0,17,1908,18,1999,17,3907,California
Glenn,2021-03-03,193,6100,38,1943,155,4157,0,0,102,1921,89,2088,102,4009,California
Glenn,2021-03-04,517,6617,175,2118,342,4499,0,0,370,2144,147,2235,370,4379,California
Glenn,2021-03-05,361,6978,47,2165,314,4813,0,0,34,1851,327,2562,34,4413,California
Glenn,2021-03-06,30,7008,3,2168,26,4839,1,1,9,1840,21,2583,10,4423,California
Glenn,2021-03-07,5,7013,0,2168,5,4844,0,1,3,1842,1,2584,3,4426,California
Glenn,2021-03-08,19,7032,2,2170,16,4860,1,2,17,1858,2,2586,18,4444,California
Glenn,2021-03-09,83,7115,12,2182,68,4928,3,5,54,1885,29,2615,56,4500,California
Glenn,2021-03-10,172,7287,69,2251,101,5029,2,7,95,1905,77,2692,97,4597,California
Glenn,2021-03-11,586,7873,169,2420,394,5423,23,30,456,2254,130,2822,479,5076,California
Glenn,2021-03-12,417,8290,13,2433,341,5764,63,93,40,1980,377,3199,103,5179,California
Glenn,2021-03-13,13,8303,1,2434,4,5768,8,101,1,1977,12,3211,9,5188,California
Glenn,2021-03-14,2,8305,1,2435,1,5769,0,101,0,1975,2,3213,0,5188,California
Glenn,2021-03-15,76,8381,15,2450,56,5825,5,106,61,2026,15,3228,66,5254,California
Glenn,2021-03-16,110,8491,34,2484,65,5890,11,117,69,2065,41,3269,80,5334,California
Glenn,2021-03-17,419,8910,100,2584,312,6202,7,124,117,1885,302,3571,122,5456,California
Glenn,2021-03-18,523,9433,217,2801,49,6251,257,381,143,1904,380,3951,399,5855,California
Glenn,2021-03-19,96,9529,16,2817,74,6325,6,387,75,1965,20,3971,81,5936,California
Glenn,2021-03-20,133,9662,2,2819,130,6455,1,388,130,2093,3,3974,131,6067,California
Glenn,2021-03-21,6,9668,5,2824,0,6455,1,389,3,2095,2,3976,4,6071,California
Glenn,2021-03-22,122,9790,54,2878,61,6516,7,396,103,2188,17,3993,110,6181,California
Glenn,2021-03-23,174,9964,66,2944,60,6576,48,444,103,2270,69,4062,151,6332,California
Glenn,2021-03-24,209,10173,102,3046,102,6678,5,449,135,2337,73,4135,140,6472,California
Glenn,2021-03-25,472,10645,229,3275,149,6827,94,543,346,2652,125,4260,440,6912,California
Glenn,2021-03-26,240,10885,36,3311,168,6995,36,579,190,2828,50,4310,226,7138,California
Glenn,2021-03-27,165,11050,18,3329,141,7136,6,585,154,2977,11,4321,160,7298,California
Glenn,2021-03-28,15,11065,10,3339,5,7141,0,585,10,2982,5,4326,10,7308,California
Glenn,2021-03-29,61,11126,20,3359,38,7179,3,588,47,3018,14,4340,50,7358,California
Glenn,2021-03-30,72,11198,41,3400,30,7209,1,589,42,3033,28,4368,43,7401,California
Glenn,2021-03-31,124,11322,35,3435,88,7297,1,590,54,3019,69,4437,55,7456,California
Glenn,2021-04-01,652,11974,186,3621,457,7754,9,599,244,2866,406,4843,253,7709,California
Glenn,2021-04-02,168,12142,26,3647,131,7885,11,610,133,2975,35,4878,144,7853,California
Glenn,2021-04-03,96,12238,4,3651,85,7970,7,617,85,3056,11,4889,92,7945,California
Glenn,2021-04-04,9,12247,3,3654,4,7974,2,619,5,3059,4,4893,7,7952,California
Glenn,2021-04-05,66,12313,25,3679,28,8002,13,632,29,3064,37,4930,42,7994,California
Glenn,2021-04-06,143,12456,52,3731,52,8054,39,671,36,3032,106,5036,74,8068,California
Glenn,2021-04-07,162,12618,48,3779,60,8114,54,725,75,3074,87,5123,129,8197,California
Glenn,2021-04-08,644,13262,190,3969,420,8534,34,759,137,2740,505,5628,171,8368,California
Glenn,2021-04-09,157,13419,56,4025,85,8619,16,775,101,2801,56,5684,117,8485,California
Glenn,2021-04-10,76,13495,1,4026,61,8680,14,789,59,2858,16,5700,73,8558,California
Glenn,2021-04-11,16,13511,8,4034,3,8683,5,794,7,2861,9,5709,12,8570,California
Glenn,2021-04-12,116,13627,25,4059,62,8745,29,823,21,2816,95,5804,50,8620,California
Glenn,2021-04-13,119,13746,63,4122,56,8801,0,823,31,2759,88,5892,31,8651,California
Glenn,2021-04-14,122,13868,45,4167,77,8878,0,823,69,2775,53,5945,69,8720,California
Glenn,2021-04-15,362,14230,276,4443,86,8964,0,823,122,2657,240,6185,122,8842,California
Glenn,2021-04-16,168,14398,42,4485,126,9090,0,823,79,2647,89,6274,79,8921,California
Glenn,2021-04-17,168,14566,16,4501,152,9242,0,823,29,2545,131,6405,29,8950,California
Glenn,2021-04-18,16,14582,3,4504,13,9255,0,823,13,2555,3,6408,13,8963,California
Glenn,2021-04-19,84,14666,17,4521,67,9322,0,823,23,2518,60,6468,23,8986,California
Glenn,2021-04-20,125,14791,80,4601,45,9367,0,823,52,2497,73,6541,52,9038,California
Glenn,2021-04-21,411,15202,310,4911,101,9468,0,823,280,2646,131,6672,280,9318,California
Glenn,2021-04-22,212,15414,48,4959,164,9632,0,823,33,2501,178,6850,33,9351,California
Glenn,2021-04-23,180,15594,24,4983,156,9788,0,823,41,2404,138,6988,41,9392,California
Glenn,2021-04-24,181,15775,32,5015,149,9937,0,823,31,2285,150,7138,31,9423,California
Glenn,2021-04-25,30,15805,18,5033,12,9949,0,823,22,2299,8,7146,22,9445,California
Glenn,2021-04-26,48,15853,12,5045,36,9985,0,823,19,2289,29,7175,19,9464,California
Glenn,2021-04-27,64,15917,49,5094,10,9995,5,828,32,2294,31,7206,36,9500,California
Glenn,2021-04-28,258,16175,178,5272,69,10064,11,839,129,2306,128,7334,140,9640,California
Glenn,2021-04-29,183,16358,23,5295,158,10222,2,841,36,2197,147,7481,38,9678,California
Glenn,2021-04-30,156,16514,34,5329,120,10342,2,843,37,2117,119,7600,39,9717,California
Glenn,2021-05-01,108,16622,13,5342,94,10436,1,844,25,2060,83,7683,26,9743,California
Glenn,2021-05-02,30,16652,12,5354,9,10445,9,853,15,2069,15,7698,24,9767,California
Glenn,2021-05-03,39,16691,24,5378,14,10459,1,854,14,2059,25,7723,15,9782,California
Glenn,2021-05-04,56,16747,32,5410,19,10478,5,859,28,2064,28,7751,33,9815,California
Glenn,2021-05-05,121,16868,34,5444,77,10555,10,869,51,2055,70,7821,61,9876,California
Glenn,2021-05-06,111,16979,41,5485,65,10620,5,874,41,2031,70,7891,46,9922,California
Glenn,2021-05-07,120,17099,33,5518,78,10698,9,883,30,1981,89,7980,39,9961,California
Glenn,2021-05-08,66,17165,12,5530,50,10748,4,887,21,1962,44,8024,25,9986,California
Glenn,2021-05-09,17,17182,11,5541,6,10754,0,887,13,1971,4,8028,13,9999,California
Glenn,2021-05-10,36,17218,14,5555,17,10771,5,892,13,1966,23,8051,18,10017,California
Glenn,2021-05-11,78,17296,55,5610,14,10785,9,901,16,1929,62,8113,25,10042,California
Glenn,2021-05-12,335,17631,252,5862,69,10854,14,915,54,1716,281,8394,68,10110,California
Glenn,2021-05-13,157,17788,60,5922,79,10933,18,933,69,1715,88,8482,87,10197,California
Glenn,2021-05-14,106,17894,25,5947,76,11009,5,938,39,1692,67,8549,44,10241,California
Glenn,2021-05-15,68,17962,40,5987,25,11034,3,941,35,1697,32,8581,37,10278,California
Glenn,2021-05-16,31,17993,18,6005,13,11047,0,941,9,1684,22,8603,9,10287,California
Glenn,2021-05-17,86,18079,61,6066,21,11068,4,945,60,1722,26,8629,64,10351,California
Glenn,2021-05-18,70,18149,49,6115,16,11084,5,950,22,1701,48,8677,27,10378,California
Glenn,2021-05-19,196,18345,116,6231,68,11152,12,962,74,1665,121,8798,85,10463,California
Glenn,2021-05-20,118,18463,75,6306,41,11193,2,964,83,1715,35,8833,85,10548,California
Glenn,2021-05-21,70,18533,26,6332,43,11236,1,965,30,1706,40,8873,31,10579,California
Glenn,2021-05-22,55,18588,24,6356,31,11267,0,965,28,1707,27,8900,28,10607,California
Glenn,2021-05-23,28,18616,15,6371,13,11280,0,965,12,1704,15,8915,12,10619,California
Glenn,2021-05-24,29,18645,10,6381,15,11295,4,969,10,1700,18,8933,14,10633,California
Glenn,2021-05-25,46,18691,35,6416,9,11304,2,971,23,1702,23,8956,25,10658,California
Glenn,2021-05-26,73,18764,14,6430,55,11359,4,975,25,1683,48,9004,29,10687,California
Glenn,2021-05-27,101,18865,62,6492,38,11397,1,976,47,1679,52,9056,48,10735,California
Glenn,2021-05-28,62,18927,18,6510,37,11434,7,983,32,1688,30,9086,39,10774,California
Glenn,2021-05-29,47,18974,11,6521,32,11466,4,987,21,1687,26,9112,25,10799,California
Glenn,2021-05-30,21,18995,13,6534,8,11474,0,987,8,1683,12,9124,8,10807,California
Glenn,2021-05-31,4,18999,0,6534,4,11478,0,987,0,1679,4,9128,0,10807,California
Glenn,2021-06-01,57,19056,32,6566,22,11500,3,990,25,1675,32,9160,28,10835,California
Glenn,2021-06-02,97,19153,48,6614,46,11546,3,993,38,1657,59,9219,41,10876,California
Glenn,2021-06-03,77,19230,43,6657,27,11573,7,1000,18,1625,57,9276,25,10901,California
Glenn,2021-06-04,77,19307,36,6693,37,11610,4,1004,41,1634,36,9312,45,10946,California
Glenn,2021-06-05,55,19362,30,6723,22,11632,3,1007,17,1616,38,9350,20,10966,California
Glenn,2021-06-06,31,19393,28,6751,2,11634,1,1008,15,1617,15,9365,16,10982,California
Glenn,2021-06-07,68,19461,59,6810,7,11641,2,1010,13,1578,54,9419,15,10997,California
Glenn,2021-06-08,35,19496,19,6829,11,11652,5,1015,16,1580,19,9438,21,11018,California
Glenn,2021-06-09,62,19558,34,6863,21,11673,7,1022,31,1587,31,9469,38,11056,California
Glenn,2021-06-10,117,19675,86,6949,25,11698,6,1028,34,1544,83,9552,40,11096,California
Glenn,2021-06-11,86,19761,56,7005,27,11725,3,1031,24,1509,62,9614,27,11123,California
Glenn,2021-06-12,35,19796,19,7024,13,11738,3,1034,13,1503,22,9636,16,11139,California
Glenn,2021-06-13,11,19807,11,7035,0,11738,0,1034,5,1502,6,9642,5,11144,California
Glenn,2021-06-14,42,19849,29,7064,10,11748,3,1037,19,1502,22,9664,22,11166,California
Glenn,2021-06-15,48,19897,33,7097,14,11762,1,1038,24,1503,24,9688,25,11191,California
Glenn,2021-06-16,84,19981,50,7147,33,11795,1,1039,57,1536,25,9713,58,11249,California
Glenn,2021-06-17,57,20038,31,7178,22,11817,4,1043,6,1495,51,9764,10,11259,California
Glenn,2021-06-18,53,20091,24,7202,10,11827,19,1062,11,1483,42,9806,30,11289,California
Humboldt,2020-12-15,2,2,2,2,0,0,0,0,2,2,0,0,2,2,California
Humboldt,2020-12-16,16,18,16,18,0,0,0,0,16,18,0,0,16,18,California
Humboldt,2020-12-17,117,135,117,135,0,0,0,0,117,135,0,0,117,135,California
Humboldt,2020-12-18,177,312,177,312,0,0,0,0,177,312,0,0,177,312,California
Humboldt,2020-12-19,10,322,10,322,0,0,0,0,10,322,0,0,10,322,California
Humboldt,2020-12-20,27,349,27,349,0,0,0,0,27,349,0,0,27,349,California
Humboldt,2020-12-21,166,515,166,515,0,0,0,0,166,515,0,0,166,515,California
Humboldt,2020-12-22,335,850,335,850,0,0,0,0,335,850,0,0,335,850,California
Humboldt,2020-12-23,322,1172,264,1114,58,58,0,0,324,1174,0,0,324,1174,California
Humboldt,2020-12-24,25,1197,2,1116,23,81,0,0,25,1199,0,0,25,1199,California
Humboldt,2020-12-25,2,1199,2,1118,0,81,0,0,2,1201,0,0,2,1201,California
Humboldt,2020-12-26,6,1205,5,1123,1,82,0,0,6,1207,0,0,6,1207,California
Humboldt,2020-12-28,206,1411,148,1271,58,140,0,0,206,1413,0,0,206,1413,California
Humboldt,2020-12-29,182,1593,123,1394,59,199,0,0,183,1596,0,0,183,1596,California
Humboldt,2020-12-30,231,1824,126,1520,105,304,0,0,231,1827,0,0,231,1827,California
Humboldt,2020-12-31,246,2070,81,1601,165,469,0,0,246,2073,0,0,246,2073,California
Humboldt,2021-01-01,3,2073,2,1603,1,470,0,0,3,2076,0,0,3,2076,California
Humboldt,2021-01-02,41,2114,3,1606,38,508,0,0,41,2117,0,0,41,2117,California
Humboldt,2021-01-04,218,2332,142,1748,76,584,0,0,219,2336,0,0,219,2336,California
Humboldt,2021-01-05,133,2465,21,1769,112,696,0,0,133,2468,1,1,133,2469,California
Humboldt,2021-01-06,315,2780,215,1984,100,796,0,0,242,2649,61,62,242,2711,California
Humboldt,2021-01-07,436,3216,323,2307,113,909,0,0,319,2868,100,162,319,3030,California
Humboldt,2021-01-08,426,3642,287,2594,139,1048,0,0,287,3022,133,295,287,3317,California
Humboldt,2021-01-09,67,3709,43,2637,24,1072,0,0,65,3086,2,297,66,3383,California
Humboldt,2021-01-10,84,3793,84,2721,0,1072,0,0,4,3010,80,377,4,3387,California
Humboldt,2021-01-11,291,4084,280,3001,11,1083,0,0,71,2865,216,593,71,3458,California
Humboldt,2021-01-12,502,4586,339,3340,163,1246,0,0,285,2955,195,788,285,3743,California
Humboldt,2021-01-13,499,5085,280,3620,219,1465,0,0,320,3100,176,964,321,4064,California
Humboldt,2021-01-14,550,5635,167,3787,383,1848,0,0,494,3539,56,1020,495,4559,California
Humboldt,2021-01-15,367,6002,28,3815,339,2187,0,0,350,3872,17,1037,350,4909,California
Humboldt,2021-01-16,168,6170,5,3820,163,2350,0,0,167,4038,1,1038,167,5076,California
Humboldt,2021-01-17,5,6175,4,3824,1,2351,0,0,5,4043,0,1038,5,5081,California
Humboldt,2021-01-18,304,6479,269,4093,35,2386,0,0,151,4041,153,1191,151,5232,California
Humboldt,2021-01-19,655,7134,396,4489,259,2645,0,0,526,4444,123,1314,526,5758,California
Humboldt,2021-01-20,917,8051,388,4877,529,3174,0,0,754,5045,155,1469,756,6514,California
Humboldt,2021-01-21,970,9021,261,5138,709,3883,0,0,927,5929,43,1512,927,7441,California
Humboldt,2021-01-22,690,9711,382,5520,308,4191,0,0,680,6600,10,1522,681,8122,California
Humboldt,2021-01-23,925,10636,284,5804,641,4832,0,0,915,7506,10,1532,916,9038,California
Humboldt,2021-01-24,229,10865,1,5805,228,5060,0,0,228,7733,1,1533,228,9266,California
Humboldt,2021-01-25,351,11216,234,6039,117,5177,0,0,154,7690,197,1730,154,9420,California
Humboldt,2021-01-26,544,11760,149,6188,395,5572,0,0,480,8106,64,1794,480,9900,California
Humboldt,2021-01-27,1275,13035,586,6774,689,6261,0,0,1203,9247,64,1858,1205,11105,California
Humboldt,2021-01-28,1466,14501,638,7412,828,7089,0,0,1325,10436,138,1996,1327,12432,California
Humboldt,2021-01-29,1164,15665,547,7959,617,7706,0,0,695,10663,469,2465,696,13128,California
Humboldt,2021-01-30,989,16654,468,8427,521,8227,0,0,976,11627,13,2478,977,14105,California
Humboldt,2021-01-31,317,16971,315,8742,2,8229,0,0,316,11942,1,2479,316,14421,California
Humboldt,2021-02-01,338,17309,195,8937,143,8372,0,0,189,11982,149,2628,189,14610,California
Humboldt,2021-02-02,452,17761,79,9016,373,8745,0,0,347,12229,102,2730,349,14959,California
Humboldt,2021-02-03,673,18434,266,9282,407,9152,0,0,519,12594,154,2884,519,15478,California
Humboldt,2021-02-04,653,19087,260,9542,393,9545,0,0,444,12832,206,3090,444,15922,California
Humboldt,2021-02-05,812,19899,94,9636,718,10263,0,0,625,13270,187,3277,625,16547,California
Humboldt,2021-02-06,1076,20975,466,10102,610,10873,0,0,1031,14258,44,3321,1032,17579,California
Humboldt,2021-02-07,379,21354,8,10110,371,11244,0,0,374,14629,4,3325,375,17954,California
Humboldt,2021-02-08,337,21691,146,10256,191,11435,0,0,179,14651,157,3482,179,18133,California
Humboldt,2021-02-09,503,22194,228,10484,275,11710,0,0,178,14504,325,3807,178,18311,California
Humboldt,2021-02-10,563,22757,371,10855,192,11902,0,0,233,14412,325,4132,233,18544,California
Humboldt,2021-02-11,1317,24074,396,11251,921,12823,0,0,493,14086,821,4953,495,19039,California
Humboldt,2021-02-12,1157,25231,741,11992,416,13239,0,0,708,14345,449,5402,708,19747,California
Humboldt,2021-02-13,1542,26773,596,12588,946,14185,0,0,921,14648,619,6021,922,20669,California
Humboldt,2021-02-14,110,26883,4,12592,106,14291,0,0,107,14753,2,6023,107,20776,California
Humboldt,2021-02-15,294,27177,81,12673,213,14504,0,0,193,14846,100,6123,193,20969,California
Humboldt,2021-02-16,545,27722,121,12794,424,14928,0,0,251,14805,294,6417,253,21222,California
Humboldt,2021-02-17,449,28171,277,13071,172,15100,0,0,131,14619,317,6734,131,21353,California
Humboldt,2021-02-18,1023,29194,601,13672,422,15522,0,0,272,14142,749,7483,272,21625,California
Humboldt,2021-02-19,481,29675,436,14108,45,15567,0,0,89,13843,388,7871,89,21714,California
Humboldt,2021-02-20,1724,31399,1026,15134,698,16265,0,0,483,13091,1238,9109,486,22200,California
Humboldt,2021-02-21,479,31878,471,15605,8,16273,0,0,180,12973,299,9408,181,22381,California
Humboldt,2021-02-22,138,32016,94,15699,44,16317,0,0,29,12895,107,9515,29,22410,California
Humboldt,2021-02-23,181,32197,71,15770,110,16427,0,0,44,12804,135,9650,44,22454,California
Humboldt,2021-02-24,1213,33410,741,16511,472,16899,0,0,586,12764,626,10276,586,23040,California
Humboldt,2021-02-25,834,34244,318,16829,516,17415,0,0,231,12394,601,10877,231,23271,California
Humboldt,2021-02-26,2156,36400,108,16937,2048,19463,0,0,446,11137,1704,12581,447,23718,California
Humboldt,2021-02-27,1710,38110,1090,18027,620,20083,0,0,853,11139,855,13436,857,24575,California
Humboldt,2021-02-28,125,38235,11,18038,114,20197,0,0,117,11250,7,13443,118,24693,California
Humboldt,2021-03-01,260,38495,46,18084,214,20411,0,0,186,11362,74,13517,186,24879,California
Humboldt,2021-03-02,299,38794,49,18133,250,20661,0,0,163,11389,136,13653,163,25042,California
Humboldt,2021-03-03,1669,40463,1103,19236,566,21227,0,0,1222,12172,440,14093,1223,26265,California
Humboldt,2021-03-04,923,41386,113,19349,810,22037,0,0,298,11847,625,14718,300,26565,California
Humboldt,2021-03-05,948,42334,189,19538,748,22785,11,11,387,11687,558,15276,398,26963,California
Humboldt,2021-03-06,1796,44130,939,20477,808,23593,49,60,801,11543,994,16270,850,27813,California
Humboldt,2021-03-07,365,44495,293,20770,54,23647,18,78,157,11510,208,16478,175,27988,California
Humboldt,2021-03-08,277,44772,6,20776,192,23839,79,157,181,11675,95,16573,260,28248,California
Humboldt,2021-03-09,501,45273,207,20983,146,23985,148,305,245,11813,254,16827,392,28640,California
Humboldt,2021-03-10,692,45965,468,21451,70,24055,154,459,420,12114,271,17098,572,29212,California
Humboldt,2021-03-11,1472,47437,458,21909,914,24969,100,559,644,12034,823,17921,743,29955,California
Humboldt,2021-03-12,1749,49186,1084,22993,444,25413,221,780,1053,12623,688,18609,1277,31232,California
Humboldt,2021-03-13,1586,50772,1037,24030,498,25911,51,831,671,12435,909,19518,721,31953,California
Humboldt,2021-03-14,142,50914,19,24049,115,26026,8,839,30,12361,112,19630,38,31991,California
Humboldt,2021-03-15,279,51193,51,24100,205,26231,23,862,59,12223,220,19850,82,32073,California
Humboldt,2021-03-16,635,51828,201,24301,173,26404,261,1123,259,12366,375,20225,518,32591,California
Humboldt,2021-03-17,729,52557,393,24694,228,26632,108,1231,339,12424,389,20614,447,33038,California
Humboldt,2021-03-18,1740,54297,1169,25863,528,27160,43,1274,1043,12817,693,21307,1086,34124,California
Humboldt,2021-03-19,1074,55371,61,25924,698,27858,315,1589,441,12942,630,21937,755,34879,California
Humboldt,2021-03-20,1383,56754,756,26680,613,28471,14,1603,424,12424,957,22894,439,35318,California
Humboldt,2021-03-21,251,57005,33,26713,189,28660,29,1632,206,12613,45,22939,234,35552,California
Humboldt,2021-03-22,119,57124,15,26728,54,28714,50,1682,63,12672,54,22993,113,35665,California
Humboldt,2021-03-23,413,57537,41,26769,329,29043,43,1725,319,12942,92,23085,362,36027,California
Humboldt,2021-03-24,1416,58953,389,27158,980,30023,47,1772,1038,13656,370,23455,1084,37111,California
Humboldt,2021-03-25,1842,60795,1214,28372,565,30588,63,1835,946,13771,894,24349,1009,38120,California
Humboldt,2021-03-26,2040,62835,437,28809,1545,32133,58,1893,1594,14982,440,24789,1651,39771,California
Humboldt,2021-03-27,2081,64916,1498,30307,410,32543,173,2066,1103,15284,974,25763,1276,41047,California
Humboldt,2021-03-28,268,65184,82,30389,114,32657,72,2138,83,15256,184,25947,156,41203,California
Humboldt,2021-03-29,466,65650,124,30513,246,32903,96,2234,197,15280,268,26215,292,41495,California
Humboldt,2021-03-30,943,66593,303,30816,526,33429,114,2348,557,15569,381,26596,670,42165,California
Humboldt,2021-03-31,1870,68463,522,31338,1250,34679,98,2446,1410,16623,456,27052,1510,43675,California
Humboldt,2021-04-01,2114,70577,704,32042,1317,35996,93,2539,1482,17574,624,27676,1575,45250,California
Humboldt,2021-04-02,1721,72298,1112,33154,504,36500,105,2644,617,17198,1098,28774,722,45972,California
Humboldt,2021-04-03,1666,73964,1507,34661,145,36645,14,2658,670,16896,986,29760,684,46656,California
Humboldt,2021-04-04,484,74448,371,35032,104,36749,9,2667,403,17228,80,29840,412,47068,California
Humboldt,2021-04-05,780,75228,464,35496,268,37017,48,2715,443,17385,334,30174,491,47559,California
Humboldt,2021-04-06,845,76073,318,35814,393,37410,134,2849,589,17856,250,30424,721,48280,California
Humboldt,2021-04-07,1500,77573,1068,36882,291,37701,141,2990,994,18488,503,30927,1135,49415,California
Humboldt,2021-04-08,1754,79327,1098,37980,497,38198,159,3149,742,18379,1010,31937,901,50316,California
Humboldt,2021-04-09,1440,80767,439,38419,846,39044,155,3304,1151,19390,288,32225,1299,51615,California
Humboldt,2021-04-10,937,81704,138,38557,627,39671,172,3476,740,20105,195,32420,910,52525,California
Humboldt,2021-04-11,646,82350,138,38695,36,39707,472,3948,128,20186,518,32938,599,53124,California
Humboldt,2021-04-12,439,82789,228,38923,85,39792,126,4074,279,20431,160,33098,405,53529,California
Humboldt,2021-04-13,589,83378,324,39247,261,40053,4,4078,556,20960,30,33128,559,54088,California
Humboldt,2021-04-14,1445,84823,1044,40291,401,40454,0,4078,1332,22180,112,33240,1332,55420,California
Humboldt,2021-04-15,1833,86656,1202,41493,627,41081,4,4082,1261,22891,554,33794,1265,56685,California
Humboldt,2021-04-16,1136,87792,522,42015,614,41695,0,4082,550,22858,583,34377,550,57235,California
Humboldt,2021-04-17,1863,89655,1540,43555,323,42018,0,4082,1057,23119,800,35177,1061,58296,California
Humboldt,2021-04-18,669,90324,354,43909,314,42332,1,4083,83,22627,580,35757,88,58384,California
Humboldt,2021-04-19,200,90524,83,43992,117,42449,0,4083,85,22599,113,35870,85,58469,California
Humboldt,2021-04-20,488,91012,128,44120,360,42809,0,4083,242,22597,245,36115,243,58712,California
Humboldt,2021-04-21,1096,92108,384,44504,712,43521,0,4083,435,22381,652,36767,436,59148,California
Humboldt,2021-04-22,881,92989,528,45032,352,43873,1,4084,447,22397,431,37198,447,59595,California
Humboldt,2021-04-23,2168,95157,308,45340,1860,45733,0,4084,315,20863,1849,39047,315,59910,California
Humboldt,2021-04-24,1088,96245,882,46222,201,45934,5,4089,360,20503,725,39772,365,60275,California
Humboldt,2021-04-25,376,96621,240,46462,136,46070,0,4089,193,20516,180,39952,193,60468,California
Humboldt,2021-04-26,355,96976,251,46713,100,46170,4,4093,99,20363,254,40206,101,60569,California
Humboldt,2021-04-27,761,97737,263,46976,469,46639,29,4122,153,19939,606,40812,182,60751,California
Humboldt,2021-04-28,1548,99285,798,47774,705,47344,45,4167,401,19241,1144,41956,446,61197,California
Humboldt,2021-04-29,1742,101027,593,48367,1111,48455,38,4205,292,18125,1446,43402,330,61527,California
Humboldt,2021-04-30,1251,102278,394,48761,823,49278,34,4239,193,17298,1052,44454,225,61752,California
Humboldt,2021-05-01,467,102745,385,49146,60,49338,22,4261,289,17432,177,44631,311,62063,California
Humboldt,2021-05-02,232,102977,185,49331,38,49376,9,4270,117,17444,114,44745,126,62189,California
Humboldt,2021-05-03,614,103591,375,49706,215,49591,24,4294,99,17055,513,45258,124,62313,California
Humboldt,2021-05-04,822,104413,483,50189,293,49884,46,4340,253,16787,566,45824,298,62611,California
Humboldt,2021-05-05,1688,106101,1077,51266,554,50438,57,4397,178,15517,1503,47327,233,62844,California
Humboldt,2021-05-06,1691,107792,1074,52340,364,50802,253,4650,138,14358,1550,48877,391,63235,California
Humboldt,2021-05-07,1417,109209,301,52641,1056,51858,60,4710,236,13474,1178,50055,294,63529,California
Humboldt,2021-05-08,740,109949,146,52787,571,52429,23,4733,90,12938,649,50704,113,63642,California
Humboldt,2021-05-09,910,110859,858,53645,42,52471,10,4743,48,12134,862,51566,58,63700,California
Humboldt,2021-05-10,215,111074,35,53680,142,52613,38,4781,82,12121,133,51699,120,63820,California
Humboldt,2021-05-11,500,111574,148,53828,279,52892,73,4854,187,12068,313,52012,260,64080,California
Humboldt,2021-05-12,620,112194,141,53969,433,53325,46,4900,229,11952,390,52402,274,64354,California
Humboldt,2021-05-13,586,112780,290,54259,269,53594,27,4927,272,11939,312,52714,299,64653,California
Humboldt,2021-05-14,702,113482,140,54399,458,54052,104,5031,230,11803,469,53183,333,64986,California
Humboldt,2021-05-15,780,114262,640,55039,132,54184,8,5039,209,11450,570,53753,217,65203,California
Humboldt,2021-05-16,123,114385,55,55094,64,54248,4,5043,70,11471,53,53806,74,65277,California
Humboldt,2021-05-17,407,114792,214,55308,170,54418,23,5066,227,11542,178,53984,249,65526,California
Humboldt,2021-05-18,663,115455,324,55632,310,54728,29,5095,369,11646,294,54278,398,65924,California
Humboldt,2021-05-19,987,116442,548,56180,396,55124,43,5138,355,11414,628,54906,396,66320,California
Humboldt,2021-05-20,816,117258,606,56786,197,55321,13,5151,593,11802,219,55125,607,66927,California
Humboldt,2021-05-21,874,118132,288,57074,525,55846,61,5212,370,11729,504,55629,431,67358,California
Humboldt,2021-05-22,411,118543,318,57392,85,55931,8,5220,145,11618,264,55893,153,67511,California
Humboldt,2021-05-23,389,118932,322,57714,64,55995,3,5223,72,11376,317,56210,75,67586,California
Humboldt,2021-05-24,324,119256,171,57885,124,56119,29,5252,186,11454,137,56347,215,67801,California
Humboldt,2021-05-25,530,119786,339,58224,167,56286,24,5276,291,11533,236,56583,315,68116,California
Humboldt,2021-05-26,647,120433,311,58535,312,56598,24,5300,312,11535,334,56917,336,68452,California
Humboldt,2021-05-27,464,120897,246,58781,181,56779,37,5337,280,11668,184,57101,317,68769,California
Humboldt,2021-05-28,410,121307,193,58974,170,56949,47,5384,180,11666,229,57330,227,68996,California
Humboldt,2021-05-29,170,121477,101,59075,66,57015,3,5387,97,11693,73,57403,100,69096,California
Humboldt,2021-05-30,104,121581,45,59120,54,57069,5,5392,49,11693,54,57457,54,69150,California
Humboldt,2021-05-31,72,121653,26,59146,40,57109,6,5398,48,11723,23,57480,53,69203,California
Humboldt,2021-06-01,453,122106,264,59410,174,57283,15,5413,198,11681,255,57735,213,69416,California
Humboldt,2021-06-02,533,122639,249,59659,230,57513,54,5467,243,11692,284,58019,295,69711,California
Humboldt,2021-06-03,391,123030,226,59885,143,57656,22,5489,89,11529,274,58293,111,69822,California
Humboldt,2021-06-04,505,123535,314,60199,167,57823,24,5513,133,11357,328,58621,156,69978,California
Humboldt,2021-06-05,406,123941,311,60510,50,57873,45,5558,204,11459,147,58768,249,70227,California
Humboldt,2021-06-06,169,124110,117,60627,43,57916,9,5567,70,11444,94,58862,79,70306,California
Humboldt,2021-06-07,353,124463,216,60843,113,58029,24,5591,114,11344,238,59100,138,70444,California
Humboldt,2021-06-08,524,124987,305,61148,190,58219,29,5620,157,11164,366,59466,186,70630,California
Humboldt,2021-06-09,397,125384,203,61351,147,58366,47,5667,124,11064,271,59737,171,70801,California
Humboldt,2021-06-10,561,125945,444,61795,90,58456,27,5694,98,10728,459,60196,123,70924,California
Humboldt,2021-06-11,437,126382,246,62041,163,58619,28,5722,101,10522,335,60531,129,71053,California
Humboldt,2021-06-12,176,126558,130,62171,46,58665,0,5722,48,10443,127,60658,48,71101,California
Humboldt,2021-06-13,211,126769,142,62313,43,58708,26,5748,88,10435,122,60780,114,71215,California
Humboldt,2021-06-14,412,127181,251,62564,134,58842,27,5775,113,10276,298,61078,139,71354,California
Humboldt,2021-06-15,544,127725,370,62934,146,58988,28,5803,153,10071,385,61463,180,71534,California
Humboldt,2021-06-16,482,128207,321,63255,114,59102,47,5850,140,9925,333,61796,187,71721,California
Humboldt,2021-06-17,332,128539,213,63468,74,59176,45,5895,72,9782,260,62056,117,71838,California
Humboldt,2021-06-18,197,128736,82,63550,94,59270,21,5916,54,9717,140,62196,75,71913,California
Imperial,2020-12-16,1,1,1,1,0,0,0,0,1,1,0,0,1,1,California
Imperial,2020-12-17,4,5,4,5,0,0,0,0,4,5,0,0,4,5,California
Imperial,2020-12-18,12,17,12,17,0,0,0,0,12,17,0,0,12,17,California
Imperial,2020-12-20,3,20,3,20,0,0,0,0,3,20,0,0,3,20,California
Imperial,2020-12-21,186,206,186,206,0,0,0,0,186,206,0,0,186,206,California
Imperial,2020-12-22,240,446,238,444,2,2,0,0,240,446,0,0,240,446,California
Imperial,2020-12-23,212,658,211,655,1,3,0,0,211,657,0,0,211,657,California
Imperial,2020-12-24,7,665,7,662,0,3,0,0,7,664,0,0,7,664,California
Imperial,2020-12-26,4,669,2,664,2,5,0,0,4,668,0,0,4,668,California
Imperial,2020-12-27,62,731,0,664,62,67,0,0,62,730,0,0,62,730,California
Imperial,2020-12-28,216,947,115,779,101,168,0,0,216,946,0,0,216,946,California
Imperial,2020-12-29,192,1139,37,816,155,323,0,0,192,1138,0,0,192,1138,California
Imperial,2020-12-30,368,1507,51,867,317,640,0,0,368,1506,0,0,368,1506,California
Imperial,2020-12-31,200,1707,29,896,171,811,0,0,200,1706,0,0,200,1706,California
Imperial,2021-01-01,47,1754,5,901,42,853,0,0,47,1753,0,0,47,1753,California
Imperial,2021-01-02,5,1759,0,901,5,858,0,0,5,1758,0,0,5,1758,California
Imperial,2021-01-03,90,1849,0,901,90,948,0,0,90,1848,0,0,90,1848,California
Imperial,2021-01-04,89,1938,9,910,80,1028,0,0,89,1937,0,0,89,1937,California
Imperial,2021-01-05,172,2110,14,924,158,1186,0,0,172,2109,0,0,172,2109,California
Imperial,2021-01-06,193,2303,27,951,166,1352,0,0,192,2300,1,1,192,2301,California
Imperial,2021-01-07,332,2635,14,965,318,1670,0,0,327,2622,5,6,327,2628,California
Imperial,2021-01-08,195,2830,52,1017,143,1813,0,0,186,2799,9,15,186,2814,California
Imperial,2021-01-09,24,2854,21,1038,3,1816,0,0,24,2823,0,15,24,2838,California
Imperial,2021-01-10,7,2861,1,1039,6,1822,0,0,6,2828,1,16,6,2844,California
Imperial,2021-01-11,404,3265,244,1283,160,1982,0,0,176,2776,228,244,176,3020,California
Imperial,2021-01-12,418,3683,308,1591,110,2092,0,0,156,2671,261,505,156,3176,California
Imperial,2021-01-13,386,4069,135,1726,251,2343,0,0,284,2853,102,607,284,3460,California
Imperial,2021-01-14,268,4337,151,1877,117,2460,0,0,262,3110,5,612,262,3722,California
Imperial,2021-01-15,245,4582,182,2059,63,2523,0,0,237,3339,8,620,237,3959,California
Imperial,2021-01-16,95,4677,74,2133,21,2544,0,0,94,3432,1,621,94,4053,California
Imperial,2021-01-17,18,4695,5,2138,13,2557,0,0,17,3448,1,622,17,4070,California
Imperial,2021-01-18,1074,5769,400,2538,674,3231,0,0,976,4327,98,720,977,5047,California
Imperial,2021-01-19,176,5945,132,2670,44,3275,0,0,129,4409,47,767,129,5176,California
Imperial,2021-01-20,302,6247,199,2869,103,3378,0,0,263,4633,39,806,263,5439,California
Imperial,2021-01-21,462,6709,210,3079,252,3630,0,0,438,5047,24,830,438,5877,California
Imperial,2021-01-22,480,7189,192,3271,288,3918,0,0,471,5509,9,839,471,6348,California
Imperial,2021-01-23,1067,8256,293,3564,774,4692,0,0,1065,6572,2,841,1065,7413,California
Imperial,2021-01-24,24,8280,3,3567,21,4713,0,0,23,6594,1,842,23,7436,California
Imperial,2021-01-25,224,8504,10,3577,214,4927,0,0,40,6452,182,1024,40,7476,California
Imperial,2021-01-26,387,8891,185,3762,202,5129,0,0,241,6549,145,1169,242,7718,California
Imperial,2021-01-27,599,9490,169,3931,430,5559,0,0,263,6476,336,1505,263,7981,California
Imperial,2021-01-28,659,10149,170,4101,489,6048,0,0,549,6915,110,1615,549,8530,California
Imperial,2021-01-29,461,10610,308,4409,153,6201,0,0,411,7276,50,1665,411,8941,California
Imperial,2021-01-30,89,10699,44,4453,45,6246,0,0,72,7331,17,1682,72,9013,California
Imperial,2021-01-31,31,10730,8,4461,23,6269,0,0,30,7360,1,1683,30,9043,California
Imperial,2021-02-01,466,11196,69,4530,397,6666,0,0,255,7405,210,1893,255,9298,California
Imperial,2021-02-02,754,11950,69,4599,685,7351,0,0,568,7787,186,2079,568,9866,California
Imperial,2021-02-03,496,12446,52,4651,444,7795,0,0,300,7892,195,2274,300,10166,California
Imperial,2021-02-04,1785,14231,1230,5881,555,8350,0,0,1467,9042,317,2591,1467,11633,California
Imperial,2021-02-05,470,14701,255,6136,215,8565,0,0,234,9041,237,2828,236,11869,California
Imperial,2021-02-06,889,15590,849,6985,40,8605,0,0,854,9858,37,2865,854,12723,California
Imperial,2021-02-07,50,15640,17,7002,33,8638,0,0,46,9900,4,2869,46,12769,California
Imperial,2021-02-08,293,15933,62,7064,231,8869,0,0,225,10057,68,2937,225,12994,California
Imperial,2021-02-09,525,16458,178,7242,347,9216,0,0,353,10241,172,3109,356,13350,California
Imperial,2021-02-10,492,16950,67,7309,425,9641,0,0,124,10000,368,3477,127,13477,California
Imperial,2021-02-11,1094,18044,390,7699,704,10345,0,0,188,9290,901,4378,191,13668,California
Imperial,2021-02-12,2225,20269,1470,9169,755,11100,0,0,1864,10796,364,4742,1870,15538,California
Imperial,2021-02-13,82,20351,27,9196,55,11155,0,0,64,10840,21,4763,65,15603,California
Imperial,2021-02-14,49,20400,34,9230,15,11170,0,0,46,10883,3,4766,46,15649,California
Imperial,2021-02-15,168,20568,60,9290,108,11278,0,0,130,10978,38,4804,133,15782,California
Imperial,2021-02-16,537,21105,271,9561,266,11544,0,0,318,11081,219,5023,322,16104,California
Imperial,2021-02-17,465,21570,307,9868,158,11702,0,0,109,10839,356,5379,114,16218,California
Imperial,2021-02-18,692,22262,339,10207,353,12055,0,0,168,10494,523,5902,178,16396,California
Imperial,2021-02-19,803,23065,408,10615,395,12450,0,0,215,10124,587,6489,217,16613,California
Imperial,2021-02-20,1071,24136,215,10830,856,13306,0,0,343,9751,726,7215,353,16966,California
Imperial,2021-02-21,604,24740,572,11402,32,13338,0,0,594,10339,9,7224,597,17563,California
Imperial,2021-02-22,840,25580,596,11998,244,13582,0,0,780,11064,60,7284,785,18348,California
Imperial,2021-02-23,1050,26630,455,12453,595,14177,0,0,967,11961,83,7367,980,19328,California
Imperial,2021-02-24,780,27410,319,12772,461,14638,0,0,659,12514,120,7487,673,20001,California
Imperial,2021-02-25,935,28345,374,13146,561,15199,0,0,533,12670,401,7888,557,20558,California
Imperial,2021-02-26,2365,30710,1390,14536,975,16174,0,0,1848,14024,516,8404,1870,22428,California
Imperial,2021-02-27,997,31707,906,15442,91,16265,0,0,240,13526,758,9162,260,22688,California
Imperial,2021-02-28,97,31804,77,15519,20,16285,0,0,77,13594,20,9182,88,22776,California
Imperial,2021-03-01,579,32383,341,15860,235,16520,3,3,492,14017,83,9265,506,23282,California
Imperial,2021-03-02,765,33148,277,16137,487,17007,1,4,418,14104,345,9610,432,23714,California
Imperial,2021-03-03,980,34128,73,16210,906,17913,1,5,584,14324,393,10003,613,24327,California
Imperial,2021-03-04,834,34962,126,16336,707,18620,1,6,536,14615,295,10298,586,24913,California
Imperial,2021-03-05,3190,38152,2265,18601,925,19545,0,6,1782,15018,1411,11709,1814,26727,California
Imperial,2021-03-06,743,38895,254,18855,489,20034,0,6,677,15657,63,11772,702,27429,California
Imperial,2021-03-07,124,39019,70,18925,54,20088,0,6,72,15703,51,11823,97,27526,California
Imperial,2021-03-08,490,39509,377,19302,78,20166,35,41,382,16046,108,11931,451,27977,California
Imperial,2021-03-09,749,40258,353,19655,148,20314,248,289,432,16411,317,12248,682,28659,California
Imperial,2021-03-10,747,41005,350,20005,291,20605,106,395,347,16478,399,12647,466,29125,California
Imperial,2021-03-11,1853,42858,506,20511,1158,21763,189,584,1224,17289,624,13271,1435,30560,California
Imperial,2021-03-12,4904,47762,3507,24018,1195,22958,202,786,3120,18855,1778,15049,3344,33904,California
Imperial,2021-03-13,1219,48981,101,24119,885,23843,233,1019,882,19662,334,15383,1141,35045,California
Imperial,2021-03-14,208,49189,49,24168,143,23986,16,1035,146,19778,62,15445,178,35223,California
Imperial,2021-03-15,741,49930,254,24422,222,24208,265,1300,403,20129,336,15781,687,35910,California
Imperial,2021-03-16,1200,51130,324,24746,404,24612,472,1772,581,20595,617,16398,1083,36993,California
Imperial,2021-03-17,1662,52792,723,25469,799,25411,140,1912,1040,21170,614,17012,1189,38182,California
Imperial,2021-03-18,1885,54677,1247,26716,578,25989,60,1972,1316,21987,565,17577,1382,39564,California
Imperial,2021-03-19,3827,58504,2791,29507,1033,27022,3,1975,1931,22036,1888,19465,1937,41501,California
Imperial,2021-03-20,1801,60305,562,30069,1232,28254,7,1982,1339,22932,456,19921,1352,42853,California
Imperial,2021-03-21,272,60577,84,30153,183,28437,5,1987,165,23003,107,20028,178,43031,California
Imperial,2021-03-22,1104,61681,379,30532,716,29153,9,1996,640,23195,462,20490,654,43685,California
Imperial,2021-03-23,1553,63234,526,31058,1021,30174,6,2002,958,23573,591,21081,969,44654,California
Imperial,2021-03-24,2209,65443,595,31653,1188,31362,426,2428,1188,24172,1018,22099,1617,46271,California
Imperial,2021-03-25,3261,68704,729,32382,905,32267,1627,4055,1222,24980,2033,24132,2841,49112,California
Imperial,2021-03-26,3272,71976,1201,33583,1074,33341,997,5052,942,24606,2318,26450,1944,51056,California
Imperial,2021-03-27,643,72619,289,33872,298,33639,56,5108,454,24932,186,26636,512,51568,California
Imperial,2021-03-28,227,72846,61,33933,164,33803,2,5110,182,25074,43,26679,185,51753,California
Imperial,2021-03-29,1522,74368,387,34320,410,34213,725,5835,352,24986,1167,27846,1079,52832,California
Imperial,2021-03-30,2138,76506,714,35034,609,34822,815,6650,707,25076,1429,29275,1519,54351,California
Imperial,2021-03-31,1569,78075,743,35777,820,35642,6,6656,1040,25595,526,29801,1045,55396,California
Imperial,2021-04-01,2104,80179,447,36224,1412,37054,245,6901,894,25530,1204,31005,1139,56535,California
Imperial,2021-04-02,1998,82177,501,36725,1419,38473,78,6979,1351,26319,641,31646,1430,57965,California
Imperial,2021-04-03,1550,83727,447,37172,1023,39496,80,7059,721,26296,826,32472,803,58768,California
Imperial,2021-04-04,94,83821,50,37222,27,39523,17,7076,26,26272,68,32540,44,58812,California
Imperial,2021-04-05,3431,87252,2330,39552,936,40459,165,7241,814,24651,2607,35147,986,59798,California
Imperial,2021-04-06,1364,88616,563,40115,608,41067,193,7434,710,24908,649,35796,906,60704,California
Imperial,2021-04-07,2191,90807,567,40682,1246,42313,378,7812,1571,26231,624,36420,1947,62651,California
Imperial,2021-04-08,2252,93059,1102,41784,850,43163,300,8112,1086,26453,1162,37582,1384,64035,California
Imperial,2021-04-09,3262,96321,1681,43465,961,44124,620,8732,1540,26896,1714,39296,2157,66192,California
Imperial,2021-04-10,1338,97659,211,43676,853,44977,274,9006,253,26340,1082,40378,526,66718,California
Imperial,2021-04-11,228,97887,37,43713,159,45136,32,9038,81,26309,147,40525,116,66834,California
Imperial,2021-04-12,1482,99369,798,44511,462,45598,222,9260,845,26746,631,41156,1068,67902,California
Imperial,2021-04-13,2987,102356,1927,46438,1058,46656,2,9262,2071,27910,912,42068,2076,69978,California
Imperial,2021-04-14,2093,104449,984,47422,1109,47765,0,9262,1410,28649,676,42744,1415,71393,California
Imperial,2021-04-15,2028,106477,927,48349,1101,48866,0,9262,1380,29393,642,43386,1386,72779,California
Imperial,2021-04-16,3479,109956,1811,50160,1668,50534,0,9262,2178,30287,1287,44673,2181,74960,California
Imperial,2021-04-17,1836,111792,940,51100,894,51428,2,9264,1423,31305,408,45081,1426,76386,California
Imperial,2021-04-18,271,112063,81,51181,190,51618,0,9264,95,31230,174,45255,99,76485,California
Imperial,2021-04-19,875,112938,281,51462,594,52212,0,9264,481,31324,391,45646,485,76970,California
Imperial,2021-04-20,1356,114294,553,52015,803,53015,0,9264,757,31487,597,46243,760,77730,California
Imperial,2021-04-21,1420,115714,357,52372,1062,54077,1,9265,821,31716,592,46835,821,78551,California
Imperial,2021-04-22,2385,118099,830,53202,1555,55632,0,9265,1641,32631,728,47563,1643,80194,California
Imperial,2021-04-23,2860,120959,541,53743,2319,57951,0,9265,1107,32020,1722,49285,1111,81305,California
Imperial,2021-04-24,572,121531,340,54083,232,58183,0,9265,208,31867,361,49646,208,81513,California
Imperial,2021-04-25,277,121808,104,54187,173,58356,0,9265,141,31874,134,49780,141,81654,California
Imperial,2021-04-26,1263,123071,502,54689,757,59113,4,9269,720,32061,537,50317,724,82378,California
Imperial,2021-04-27,1171,124242,394,55083,767,59880,10,9279,582,32071,583,50900,593,82971,California
Imperial,2021-04-28,1511,125753,659,55742,823,60703,29,9308,685,31965,820,51720,714,83685,California
Imperial,2021-04-29,1860,127613,876,56618,936,61639,48,9356,822,31809,1027,52747,871,84556,California
Imperial,2021-04-30,3304,130917,1702,58320,1567,63206,35,9391,1594,31741,1697,54444,1629,86185,California
Imperial,2021-05-01,353,131270,152,58472,198,63404,3,9394,167,31728,185,54629,172,86357,California
Imperial,2021-05-02,89,131359,30,58502,57,63461,2,9396,51,31744,38,54667,54,86411,California
Imperial,2021-05-03,1674,133033,566,59068,1059,64520,49,9445,385,30900,1277,55944,433,86844,California
Imperial,2021-05-04,1783,134816,982,60050,774,65294,27,9472,549,30250,1226,57170,576,87420,California
Imperial,2021-05-05,1528,136344,910,60960,597,65891,21,9493,454,29664,1062,58232,476,87896,California
Imperial,2021-05-06,1745,138089,1147,62107,556,66447,42,9535,561,29091,1178,59410,605,88501,California
Imperial,2021-05-07,2628,140717,1470,63577,1113,67560,45,9580,868,28268,1739,61149,916,89417,California
Imperial,2021-05-08,797,141514,650,64227,138,67698,9,9589,193,27873,597,61746,202,89619,California
Imperial,2021-05-09,105,141619,71,64298,33,67731,1,9590,35,27842,67,61813,36,89655,California
Imperial,2021-05-10,1179,142798,305,64603,750,68481,124,9714,351,27495,821,62634,474,90129,California
Imperial,2021-05-11,1497,144295,483,65086,995,69476,19,9733,502,27034,987,63621,526,90655,California
Imperial,2021-05-12,865,145160,274,65360,552,70028,39,9772,306,26824,554,64175,344,90999,California
Imperial,2021-05-13,1886,147046,1256,66616,558,70586,72,9844,825,26668,1052,65227,896,91895,California
Imperial,2021-05-14,1778,148824,976,67592,742,71328,60,9904,1164,27290,602,65829,1224,93119,California
Imperial,2021-05-15,1249,150073,490,68082,737,72065,22,9926,476,27022,767,66596,499,93618,California
Imperial,2021-05-16,128,150201,87,68169,37,72102,4,9930,54,27007,73,66669,58,93676,California
Imperial,2021-05-17,1991,152192,731,68900,1209,73311,51,9981,692,26458,1292,67961,743,94419,California
Imperial,2021-05-18,1710,153902,906,69806,730,74041,74,10055,929,26687,775,68736,1004,95423,California
Imperial,2021-05-19,1309,155211,615,70421,624,74665,70,10125,614,26682,688,69424,683,96106,California
Imperial,2021-05-20,1633,156844,1018,71439,548,75213,67,10192,738,26605,883,70307,806,96912,California
Imperial,2021-05-21,1937,158781,1240,72679,633,75846,64,10256,969,26681,958,71265,1034,97946,California
Imperial,2021-05-22,297,159078,192,72871,89,75935,16,10272,154,26713,138,71403,170,98116,California
Imperial,2021-05-23,96,159174,36,72907,51,75986,9,10281,36,26700,58,71461,45,98161,California
Imperial,2021-05-24,1283,160457,629,73536,594,76580,60,10341,530,26542,746,72207,588,98749,California
Imperial,2021-05-25,1474,161931,489,74025,951,77531,34,10375,529,26171,935,73142,564,99313,California
Imperial,2021-05-26,1056,162987,555,74580,451,77982,50,10425,467,26102,586,73728,517,99830,California
Imperial,2021-05-27,1328,164315,734,75314,524,78506,70,10495,652,26154,670,74398,722,100552,California
Imperial,2021-05-28,1048,165363,602,75916,374,78880,72,10567,388,25965,650,75048,461,101013,California
Imperial,2021-05-29,228,165591,127,76043,95,78975,6,10573,118,25979,110,75158,124,101137,California
Imperial,2021-05-30,96,165687,29,76072,65,79040,2,10575,65,26015,31,75189,67,101204,California
Imperial,2021-05-31,78,165765,19,76091,53,79093,6,10581,35,26013,43,75232,41,101245,California
Imperial,2021-06-01,1193,166958,553,76644,574,79667,66,10647,471,25837,714,75946,538,101783,California
Imperial,2021-06-02,1099,168057,606,77250,402,80069,91,10738,565,25961,530,76476,654,102437,California
Imperial,2021-06-03,1264,169321,743,77993,427,80496,94,10832,599,25996,658,77134,693,103130,California
Imperial,2021-06-04,2231,171552,1592,79585,534,81030,105,10937,986,25851,1235,78369,1090,104220,California
Imperial,2021-06-05,369,171921,234,79819,120,81150,15,10952,178,25857,187,78556,193,104413,California
Imperial,2021-06-06,84,172005,47,79866,25,81175,12,10964,45,25875,39,78595,57,104470,California
Imperial,2021-06-07,1008,173013,655,80521,287,81462,66,11030,490,25917,514,79109,556,105026,California
Imperial,2021-06-08,1360,174373,1030,81551,271,81733,59,11089,553,25726,803,79912,612,105638,California
Imperial,2021-06-09,1063,175436,774,82325,232,81965,57,11146,494,25715,562,80474,551,106189,California
Imperial,2021-06-10,1124,176560,768,83093,312,82277,44,11190,439,25516,681,81155,482,106671,California
Imperial,2021-06-11,1627,178187,1182,84275,401,82678,44,11234,715,25375,900,82055,759,107430,California
Imperial,2021-06-12,242,178429,127,84402,104,82782,11,11245,103,25351,138,82193,114,107544,California
Imperial,2021-06-13,86,178515,25,84427,59,82841,2,11247,57,25382,29,82222,60,107604,California
Imperial,2021-06-14,870,179385,613,85040,213,83054,44,11291,377,25314,489,82711,421,108025,California
Imperial,2021-06-15,1009,180394,739,85779,240,83294,30,11321,455,25253,547,83258,486,108511,California
Imperial,2021-06-16,914,181308,620,86399,249,83543,45,11366,450,25289,460,83718,496,109007,California
Imperial,2021-06-17,946,182254,708,87107,198,83741,40,11406,399,25181,545,84263,437,109444,California
Imperial,2021-06-18,549,182803,401,87508,109,83850,39,11445,291,25262,248,84511,329,109773,California
Inyo,2020-12-19,85,85,85,85,0,0,0,0,85,85,0,0,85,85,California
Inyo,2020-12-20,59,144,59,144,0,0,0,0,59,144,0,0,59,144,California
Inyo,2020-12-21,88,232,85,229,3,3,0,0,88,232,0,0,88,232,California
Inyo,2020-12-22,101,333,101,330,0,3,0,0,101,333,0,0,101,333,California
Inyo,2020-12-23,68,401,65,395,3,6,0,0,68,401,0,0,68,401,California
Inyo,2020-12-24,15,416,15,410,0,6,0,0,15,416,0,0,15,416,California
Inyo,2020-12-25,1,417,0,410,1,7,0,0,1,417,0,0,1,417,California
Inyo,2020-12-26,73,490,73,483,0,7,0,0,73,490,0,0,73,490,California
Inyo,2020-12-28,49,539,37,520,12,19,0,0,49,539,0,0,49,539,California
Inyo,2020-12-29,18,557,18,538,0,19,0,0,18,557,0,0,18,557,California
Inyo,2020-12-30,56,613,54,592,2,21,0,0,56,613,0,0,56,613,California
Inyo,2020-12-31,29,642,0,592,29,50,0,0,29,642,0,0,29,642,California
Inyo,2021-01-01,1,643,0,592,1,51,0,0,1,643,0,0,1,643,California
Inyo,2021-01-03,1,644,0,592,1,52,0,0,1,644,0,0,1,644,California
Inyo,2021-01-04,2,646,1,593,1,53,0,0,2,646,0,0,2,646,California
Inyo,2021-01-05,34,680,0,593,34,87,0,0,34,680,0,0,34,680,California
Inyo,2021-01-06,60,740,0,593,60,147,0,0,60,740,0,0,60,740,California
Inyo,2021-01-07,31,771,1,594,30,177,0,0,31,771,0,0,31,771,California
Inyo,2021-01-08,8,779,8,602,0,177,0,0,3,770,5,5,4,775,California
Inyo,2021-01-09,86,865,86,688,0,177,0,0,0,684,86,91,0,775,California
Inyo,2021-01-10,53,918,53,741,0,177,0,0,0,631,53,144,0,775,California
Inyo,2021-01-11,97,1015,82,823,15,192,0,0,16,566,81,225,16,791,California
Inyo,2021-01-12,133,1148,112,935,21,213,0,0,27,487,106,331,27,818,California
Inyo,2021-01-13,85,1233,67,1002,18,231,0,0,21,445,64,395,22,840,California
Inyo,2021-01-14,58,1291,13,1015,45,276,0,0,48,483,10,405,48,888,California
Inyo,2021-01-15,158,1449,28,1043,130,406,0,0,158,641,0,405,158,1046,California
Inyo,2021-01-16,72,1521,72,1115,0,406,0,0,0,569,72,477,0,1046,California
Inyo,2021-01-18,59,1580,37,1152,22,428,0,0,19,548,40,517,19,1065,California
Inyo,2021-01-19,108,1688,67,1219,41,469,0,0,92,624,16,533,92,1157,California
Inyo,2021-01-20,145,1833,68,1287,77,546,0,0,90,659,55,588,90,1247,California
Inyo,2021-01-21,117,1950,57,1344,60,606,0,0,116,774,1,589,116,1363,California
Inyo,2021-01-22,61,2011,0,1344,61,667,0,0,60,833,1,590,60,1423,California
Inyo,2021-01-23,44,2055,43,1387,1,668,0,0,44,877,0,590,44,1467,California
Inyo,2021-01-25,48,2103,4,1391,44,712,0,0,35,899,13,603,35,1502,California
Inyo,2021-01-26,129,2232,48,1439,81,793,0,0,123,1016,6,609,123,1625,California
Inyo,2021-01-27,24,2256,2,1441,22,815,0,0,23,1038,1,610,23,1648,California
Inyo,2021-01-28,90,2346,2,1443,88,903,0,0,61,1070,29,639,61,1709,California
Inyo,2021-01-29,25,2371,3,1446,22,925,0,0,23,1091,2,641,23,1732,California
Inyo,2021-01-30,10,2381,0,1446,10,935,0,0,10,1101,0,641,10,1742,California
Inyo,2021-01-31,23,2404,3,1449,20,955,0,0,4,1085,20,661,4,1746,California
Inyo,2021-02-01,10,2414,9,1458,1,956,0,0,0,1075,10,671,0,1746,California
Inyo,2021-02-02,130,2544,14,1472,116,1072,0,0,104,1153,26,697,104,1850,California
Inyo,2021-02-03,113,2657,0,1472,113,1185,0,0,72,1184,41,738,72,1922,California
Inyo,2021-02-04,146,2803,31,1503,115,1300,0,0,88,1214,58,796,88,2010,California
Inyo,2021-02-05,107,2910,51,1554,56,1356,0,0,105,1317,2,798,105,2115,California
Inyo,2021-02-06,3,2913,2,1556,1,1357,0,0,3,1320,0,798,3,2118,California
Inyo,2021-02-07,4,2917,2,1558,2,1359,0,0,4,1324,0,798,4,2122,California
Inyo,2021-02-08,113,3030,5,1563,108,1467,0,0,95,1401,18,816,95,2217,California
Inyo,2021-02-09,192,3222,50,1613,142,1609,0,0,124,1457,68,884,124,2341,California
Inyo,2021-02-10,140,3362,14,1627,126,1735,0,0,109,1535,31,915,109,2450,California
Inyo,2021-02-11,220,3582,56,1683,164,1899,0,0,126,1567,94,1009,126,2576,California
Inyo,2021-02-12,292,3874,50,1733,242,2141,0,0,166,1607,126,1135,166,2742,California
Inyo,2021-02-13,48,3922,44,1777,4,2145,0,0,6,1571,42,1177,6,2748,California
Inyo,2021-02-14,1,3923,0,1777,1,2146,0,0,1,1572,0,1177,1,2749,California
Inyo,2021-02-15,26,3949,7,1784,19,2165,0,0,5,1556,21,1198,5,2754,California
Inyo,2021-02-16,173,4122,45,1829,128,2293,0,0,91,1566,81,1279,91,2845,California
Inyo,2021-02-17,38,4160,4,1833,34,2327,0,0,8,1544,30,1309,8,2853,California
Inyo,2021-02-18,120,4280,6,1839,114,2441,0,0,80,1584,40,1349,80,2933,California
Inyo,2021-02-19,52,4332,5,1844,47,2488,0,0,9,1550,43,1392,9,2942,California
Inyo,2021-02-20,504,4836,499,2343,5,2493,0,0,502,2050,2,1394,502,3444,California
Inyo,2021-02-21,439,5275,439,2782,0,2493,0,0,439,2489,0,1394,439,3883,California
Inyo,2021-02-22,59,5334,17,2799,42,2535,0,0,25,2480,34,1428,25,3908,California
Inyo,2021-02-23,192,5526,17,2816,175,2710,0,0,90,2469,101,1529,90,3998,California
Inyo,2021-02-24,117,5643,0,2816,117,2827,0,0,57,2466,60,1589,57,4055,California
Inyo,2021-02-25,127,5770,2,2818,125,2952,0,0,61,2461,66,1655,61,4116,California
Inyo,2021-02-26,94,5864,50,2868,44,2996,0,0,20,2407,74,1729,20,4136,California
Inyo,2021-02-27,14,5878,3,2871,11,3007,0,0,2,2397,12,1741,2,4138,California
Inyo,2021-02-28,3,5881,1,2872,2,3009,0,0,2,2398,1,1742,2,4140,California
Inyo,2021-03-01,19,5900,2,2874,17,3026,0,0,17,2413,2,1744,17,4157,California
Inyo,2021-03-02,193,6093,0,2874,193,3219,0,0,108,2436,85,1829,108,4265,California
Inyo,2021-03-03,83,6176,3,2877,80,3299,0,0,40,2433,43,1872,40,4305,California
Inyo,2021-03-04,124,6300,2,2879,122,3421,0,0,44,2397,80,1952,44,4349,California
Inyo,2021-03-05,140,6440,54,2933,86,3507,0,0,39,2335,101,2053,39,4388,California
Inyo,2021-03-06,20,6460,1,2934,19,3526,0,0,19,2353,1,2054,19,4407,California
Inyo,2021-03-07,6,6466,3,2937,3,3529,0,0,4,2355,2,2056,4,4411,California
Inyo,2021-03-08,170,6636,5,2942,165,3694,0,0,80,2345,90,2146,80,4491,California
Inyo,2021-03-09,189,6825,2,2944,187,3881,0,0,73,2302,116,2262,73,4564,California
Inyo,2021-03-10,72,6897,8,2952,63,3944,1,1,30,2291,42,2304,31,4595,California
Inyo,2021-03-11,203,7100,1,2953,197,4141,5,6,73,2239,130,2434,78,4673,California
Inyo,2021-03-12,173,7273,3,2956,165,4306,5,11,75,2221,98,2532,80,4753,California
Inyo,2021-03-13,572,7845,540,3496,23,4329,9,20,64,1787,507,3039,73,4826,California
Inyo,2021-03-14,439,8284,438,3934,1,4330,0,20,5,1359,433,3472,5,4831,California
Inyo,2021-03-15,50,8334,14,3948,34,4364,2,22,30,1371,20,3492,32,4863,California
Inyo,2021-03-16,162,8496,3,3951,153,4517,6,28,63,1342,98,3590,69,4932,California
Inyo,2021-03-17,107,8603,2,3953,98,4615,7,35,92,1426,15,3605,99,5031,California
Inyo,2021-03-18,183,8786,15,3968,161,4776,7,42,102,1454,81,3686,109,5140,California
Inyo,2021-03-19,44,8830,3,3971,37,4813,4,46,35,1484,9,3695,39,5179,California
Inyo,2021-03-20,19,8849,1,3972,9,4822,9,55,0,1474,19,3714,9,5188,California
Inyo,2021-03-22,59,8908,3,3975,51,4873,5,60,39,1498,20,3734,44,5232,California
Inyo,2021-03-23,192,9100,3,3978,185,5058,4,64,105,1520,87,3821,109,5341,California
Inyo,2021-03-24,140,9240,3,3981,133,5191,4,68,86,1556,54,3875,90,5431,California
Inyo,2021-03-25,330,9570,108,4089,219,5410,3,71,265,1759,65,3940,268,5699,California
Inyo,2021-03-26,92,9662,3,4092,85,5495,4,75,71,1813,21,3961,75,5774,California
Inyo,2021-03-27,45,9707,37,4129,5,5500,3,78,39,1849,6,3967,42,5816,California
Inyo,2021-03-28,2,9709,0,4129,2,5502,0,78,1,1849,1,3968,1,5817,California
Inyo,2021-03-29,107,9816,2,4131,100,5602,5,83,80,1908,26,3994,85,5902,California
Inyo,2021-03-30,219,10035,1,4132,213,5815,5,88,110,1914,109,4103,115,6017,California
Inyo,2021-03-31,147,10182,3,4135,138,5953,6,94,106,1985,41,4144,112,6129,California
Inyo,2021-04-01,163,10345,2,4137,160,6113,1,95,116,2055,47,4191,117,6246,California
Inyo,2021-04-02,80,10425,1,4138,77,6190,2,97,49,2075,31,4222,51,6297,California
Inyo,2021-04-03,72,10497,38,4176,21,6211,13,110,2,2021,68,4290,14,6311,California
Inyo,2021-04-04,5,10502,4,4180,0,6211,1,111,1,2019,4,4294,2,6313,California
Inyo,2021-04-05,105,10607,1,4181,100,6311,4,115,29,1976,76,4370,33,6346,California
Inyo,2021-04-06,233,10840,3,4184,167,6478,63,178,102,2010,131,4501,165,6511,California
Inyo,2021-04-07,206,11046,2,4186,76,6554,128,306,47,2026,159,4660,175,6686,California
Inyo,2021-04-08,179,11225,15,4201,148,6702,16,322,81,2025,98,4758,97,6783,California
Inyo,2021-04-09,121,11346,4,4205,94,6796,23,345,35,1998,85,4843,58,6841,California
Inyo,2021-04-10,39,11385,1,4206,21,6817,17,362,3,1982,36,4879,20,6861,California
Inyo,2021-04-11,1,11386,0,4206,1,6818,0,362,1,1983,0,4879,1,6862,California
Inyo,2021-04-12,79,11465,0,4206,74,6892,5,367,41,1991,38,4917,46,6908,California
Inyo,2021-04-13,123,11588,5,4211,115,7007,3,370,63,1998,59,4976,66,6974,California
Inyo,2021-04-14,131,11719,2,4213,129,7136,0,370,46,1959,85,5061,46,7020,California
Inyo,2021-04-15,271,11990,115,4328,156,7292,0,370,78,1844,193,5254,78,7098,California
Inyo,2021-04-16,44,12034,3,4331,41,7333,0,370,16,1832,28,5282,16,7114,California
Inyo,2021-04-17,2,12036,1,4332,1,7334,0,370,1,1832,1,5283,1,7115,California
Inyo,2021-04-19,120,12156,36,4368,84,7418,0,370,42,1797,78,5361,43,7158,California
Inyo,2021-04-20,164,12320,2,4370,162,7580,0,370,80,1793,84,5445,80,7238,California
Inyo,2021-04-21,112,12432,3,4373,109,7689,0,370,32,1745,80,5525,32,7270,California
Inyo,2021-04-22,197,12629,1,4374,196,7885,0,370,51,1650,146,5671,51,7321,California
Inyo,2021-04-23,95,12724,4,4378,91,7976,0,370,22,1599,73,5744,22,7343,California
Inyo,2021-04-24,307,13031,306,4684,1,7977,0,370,304,1900,3,5747,304,7647,California
Inyo,2021-04-25,133,13164,132,4816,1,7978,0,370,133,2033,0,5747,133,7780,California
Inyo,2021-04-26,92,13256,2,4818,89,8067,1,371,11,1965,80,5827,12,7792,California
Inyo,2021-04-27,181,13437,5,4823,172,8239,4,375,47,1882,134,5961,51,7843,California
Inyo,2021-04-28,120,13557,2,4825,116,8355,2,377,20,1804,100,6061,22,7865,California
Inyo,2021-04-29,169,13726,55,4880,114,8469,0,377,76,1787,93,6154,76,7941,California
Inyo,2021-04-30,81,13807,4,4884,76,8545,1,378,23,1753,58,6212,24,7965,California
Inyo,2021-05-01,9,13816,2,4886,7,8552,0,378,7,1758,2,6214,7,7972,California
Inyo,2021-05-02,6,13822,2,4888,2,8554,2,380,4,1762,2,6216,6,7978,California
Inyo,2021-05-03,38,13860,1,4889,33,8587,4,384,5,1738,33,6249,9,7987,California
Inyo,2021-05-04,121,13981,2,4891,116,8703,3,387,20,1660,101,6350,23,8010,California
Inyo,2021-05-05,36,14017,0,4891,34,8737,2,389,11,1648,25,6375,13,8023,California
Inyo,2021-05-06,92,14109,3,4894,81,8818,8,397,13,1590,79,6454,21,8044,California
Inyo,2021-05-07,47,14156,2,4896,37,8855,8,405,24,1600,22,6476,32,8076,California
Inyo,2021-05-08,11,14167,2,4898,4,8859,5,410,4,1602,7,6483,9,8085,California
Inyo,2021-05-09,1,14168,0,4898,1,8860,0,410,0,1601,1,6484,0,8085,California
Inyo,2021-05-10,70,14238,1,4899,67,8927,2,412,32,1597,39,6523,35,8120,California
Inyo,2021-05-11,87,14325,1,4900,83,9010,3,415,20,1553,67,6590,23,8143,California
Inyo,2021-05-12,43,14368,1,4901,40,9050,2,417,11,1534,32,6622,13,8156,California
Inyo,2021-05-13,75,14443,1,4902,73,9123,1,418,12,1484,63,6685,13,8169,California
Inyo,2021-05-14,27,14470,5,4907,17,9140,5,423,14,1490,13,6698,19,8188,California
Inyo,2021-05-15,373,14843,361,5268,10,9150,2,425,82,1283,291,6989,84,8272,California
Inyo,2021-05-16,199,15042,199,5467,0,9150,0,425,72,1228,127,7116,72,8344,California
Inyo,2021-05-17,62,15104,3,5470,55,9205,4,429,18,1207,43,7159,22,8366,California
Inyo,2021-05-18,84,15188,2,5472,81,9286,1,430,17,1158,67,7226,18,8384,California
Inyo,2021-05-19,48,15236,2,5474,41,9327,5,435,14,1143,34,7260,19,8403,California
Inyo,2021-05-20,144,15380,81,5555,62,9389,1,436,36,1071,109,7369,37,8440,California
Inyo,2021-05-21,48,15428,18,5573,25,9414,5,441,19,1066,29,7398,24,8464,California
Inyo,2021-05-22,23,15451,13,5586,7,9421,3,444,17,1080,6,7404,20,8484,California
Inyo,2021-05-23,2,15453,1,5587,0,9421,1,445,0,1079,2,7406,1,8485,California
Inyo,2021-05-24,33,15486,6,5593,24,9445,3,448,13,1075,20,7426,16,8501,California
Inyo,2021-05-25,80,15566,38,5631,40,9485,2,450,45,1087,35,7461,47,8548,California
Inyo,2021-05-26,38,15604,10,5641,26,9511,2,452,15,1082,22,7483,17,8565,California
Inyo,2021-05-27,39,15643,10,5651,21,9532,8,460,12,1076,26,7509,20,8585,California
Inyo,2021-05-28,26,15669,6,5657,15,9547,5,465,8,1071,18,7527,13,8598,California
Inyo,2021-05-29,14,15683,5,5662,9,9556,0,465,7,1071,7,7534,7,8605,California
Inyo,2021-05-30,2,15685,0,5662,2,9558,0,465,0,1069,2,7536,0,8605,California
Inyo,2021-06-01,54,15739,16,5678,32,9590,6,471,23,1067,31,7567,29,8634,California
Inyo,2021-06-02,11,15750,9,5687,1,9591,1,472,10,1077,1,7568,11,8645,California
Inyo,2021-06-03,26,15776,0,5687,18,9609,8,480,1,1061,25,7593,9,8654,California
Inyo,2021-06-04,32,15808,6,5693,22,9631,4,484,12,1057,20,7613,16,8670,California
Inyo,2021-06-05,17,15825,8,5701,8,9639,1,485,4,1049,13,7626,5,8675,California
Inyo,2021-06-06,1,15826,1,5702,0,9639,0,485,1,1050,0,7626,1,8676,California
Inyo,2021-06-07,51,15877,15,5717,33,9672,3,488,5,1012,46,7672,8,8684,California
Inyo,2021-06-08,53,15930,25,5742,25,9697,3,491,26,1014,27,7699,29,8713,California
Inyo,2021-06-09,110,16040,94,5836,14,9711,2,493,14,934,96,7795,16,8729,California
Inyo,2021-06-10,53,16093,39,5875,9,9720,5,498,15,916,38,7833,20,8749,California
Inyo,2021-06-11,43,16136,23,5898,18,9738,2,500,17,909,26,7859,19,8768,California
Inyo,2021-06-12,14,16150,7,5905,6,9744,1,501,5,906,9,7868,6,8774,California
Inyo,2021-06-13,1,16151,0,5905,1,9745,0,501,0,905,1,7869,0,8774,California
Inyo,2021-06-14,58,16209,27,5932,28,9773,3,504,8,866,50,7919,11,8785,California
Inyo,2021-06-15,50,16259,37,5969,9,9782,4,508,8,836,42,7961,12,8797,California
Inyo,2021-06-16,34,16293,19,5988,15,9797,0,508,10,822,24,7985,10,8807,California
Inyo,2021-06-17,23,16316,13,6001,6,9803,4,512,5,814,17,8002,9,8816,California
Inyo,2021-06-18,17,16333,6,6007,8,9811,3,515,4,808,13,8015,7,8823,California
Kern,2020-12-15,1,1,1,1,0,0,0,0,1,1,0,0,1,1,California
Kern,2020-12-16,19,20,19,20,0,0,0,0,19,20,0,0,19,20,California
Kern,2020-12-17,162,182,162,182,0,0,0,0,162,182,0,0,162,182,California
Kern,2020-12-18,322,504,322,504,0,0,0,0,322,504,0,0,322,504,California
Kern,2020-12-19,99,603,99,603,0,0,0,0,99,603,0,0,99,603,California
Kern,2020-12-20,62,665,62,665,0,0,0,0,62,665,0,0,62,665,California
Kern,2020-12-21,673,1338,672,1337,1,1,0,0,673,1338,0,0,673,1338,California
Kern,2020-12-22,529,1867,527,1864,2,3,0,0,529,1867,0,0,529,1867,California
Kern,2020-12-23,554,2421,416,2280,138,141,0,0,554,2421,0,0,554,2421,California
Kern,2020-12-24,123,2544,44,2324,79,220,0,0,123,2544,0,0,123,2544,California
Kern,2020-12-25,1,2545,1,2325,0,220,0,0,1,2545,0,0,1,2545,California
Kern,2020-12-26,34,2579,2,2327,32,252,0,0,34,2579,0,0,34,2579,California
Kern,2020-12-27,35,2614,3,2330,32,284,0,0,35,2614,0,0,35,2614,California
Kern,2020-12-28,827,3441,662,2992,165,449,0,0,827,3441,0,0,827,3441,California
Kern,2020-12-29,744,4185,451,3443,293,742,0,0,743,4183,1,1,743,4184,California
Kern,2020-12-30,1205,5390,913,4356,292,1034,0,0,1205,5388,0,1,1205,5389,California
Kern,2020-12-31,278,5668,99,4455,179,1213,0,0,278,5666,0,1,278,5667,California
Kern,2021-01-01,17,5685,9,4464,8,1221,0,0,17,5683,0,1,17,5684,California
Kern,2021-01-02,79,5764,18,4482,61,1282,0,0,79,5762,0,1,79,5763,California
Kern,2021-01-03,23,5787,4,4486,19,1301,0,0,23,5785,0,1,23,5786,California
Kern,2021-01-04,555,6342,362,4848,193,1494,0,0,555,6340,0,1,555,6341,California
Kern,2021-01-05,1134,7476,739,5587,395,1889,0,0,1122,7450,12,13,1122,7463,California
Kern,2021-01-06,1162,8638,447,6034,715,2604,0,0,1132,8552,30,43,1132,8595,California
Kern,2021-01-07,1411,10049,489,6523,922,3526,0,0,1243,9628,167,210,1243,9838,California
Kern,2021-01-08,1624,11673,766,7289,858,4384,0,0,1327,10657,298,508,1327,11165,California
Kern,2021-01-09,228,11901,78,7367,150,4534,0,0,193,10815,35,543,193,11358,California
Kern,2021-01-10,194,12095,149,7516,45,4579,0,0,153,10927,41,584,153,11511,California
Kern,2021-01-11,1563,13658,991,8507,572,5151,0,0,1002,11368,561,1145,1002,12513,California
Kern,2021-01-12,1872,15530,813,9320,1059,6210,0,0,1358,12212,514,1659,1358,13871,California
Kern,2021-01-13,1859,17389,875,10195,984,7194,0,0,1437,13227,422,2081,1437,15308,California
Kern,2021-01-14,2196,19585,649,10844,1547,8741,0,0,2150,15331,46,2127,2150,17458,California
Kern,2021-01-15,2720,22305,857,11701,1863,10604,0,0,2623,17860,95,2222,2624,20082,California
Kern,2021-01-16,675,22980,213,11914,462,11066,0,0,640,18465,35,2257,640,20722,California
Kern,2021-01-17,74,23054,7,11921,67,11133,0,0,72,18535,2,2259,72,20794,California
Kern,2021-01-18,1643,24697,656,12577,987,12120,0,0,1477,19846,166,2425,1477,22271,California
Kern,2021-01-19,1857,26554,1034,13611,823,12943,0,0,1392,20774,465,2890,1393,23664,California
Kern,2021-01-20,2616,29170,1678,15289,938,13881,0,0,1913,21991,698,3588,1915,25579,California
Kern,2021-01-21,2116,31286,868,16157,1248,15129,0,0,1921,23718,194,3782,1921,27500,California
Kern,2021-01-22,2714,34000,1301,17458,1413,16542,0,0,2435,25875,278,4060,2435,29935,California
Kern,2021-01-23,1249,35249,542,18000,707,17249,0,0,1202,27031,47,4107,1203,31138,California
Kern,2021-01-24,152,35401,11,18011,141,17390,0,0,146,27171,6,4113,146,31284,California
Kern,2021-01-25,2381,37782,1082,19093,1299,18689,0,0,1897,28586,483,4596,1898,33182,California
Kern,2021-01-26,2775,40557,1129,20222,1646,20335,0,0,1914,29640,860,5456,1914,35096,California
Kern,2021-01-27,3554,44111,1895,22117,1659,21994,0,0,2857,31803,694,6150,2857,37953,California
Kern,2021-01-28,2883,46994,1359,23476,1524,23518,0,0,2453,33833,425,6575,2455,40408,California
Kern,2021-01-29,3800,50794,1805,25281,1995,25513,0,0,3247,36530,550,7125,3247,43655,California
Kern,2021-01-30,1336,52130,501,25782,835,26348,0,0,1284,37764,50,7175,1284,44939,California
Kern,2021-01-31,402,52532,276,26058,126,26474,0,0,267,37896,135,7310,267,45206,California
Kern,2021-02-01,2602,55134,992,27050,1610,28084,0,0,1890,39078,709,8019,1891,47097,California
Kern,2021-02-02,2759,57893,799,27849,1960,30044,0,0,2055,40431,704,8723,2057,49154,California
Kern,2021-02-03,3678,61571,1554,29403,2124,32168,0,0,2706,42172,965,9688,2706,51860,California
Kern,2021-02-04,3803,65374,1447,30850,2356,34524,0,0,2586,43551,1207,10895,2586,54446,California
Kern,2021-02-05,4860,70234,1988,32838,2872,37396,0,0,3098,44906,1743,12638,3098,57544,California
Kern,2021-02-06,1743,71977,770,33608,973,38369,0,0,1515,46196,225,12863,1515,59059,California
Kern,2021-02-07,282,72259,150,33758,132,38501,0,0,265,46446,15,12878,265,59324,California
Kern,2021-02-08,2564,74823,785,34543,1779,40280,0,0,1257,46415,1289,14167,1258,60582,California
Kern,2021-02-09,3038,77861,985,35528,2053,42333,0,0,1462,46309,1568,15735,1462,62044,California
Kern,2021-02-10,3800,81661,1664,37192,2136,44469,0,0,1881,46288,1903,17638,1882,63926,California
Kern,2021-02-11,4271,85932,1532,38724,2739,47208,0,0,2224,46480,2034,19672,2226,66152,California
Kern,2021-02-12,4971,90903,1893,40617,3078,50286,0,0,2475,46473,2482,22154,2475,68627,California
Kern,2021-02-13,2006,92909,727,41344,1279,51565,0,0,1157,46783,847,23001,1157,69784,California
Kern,2021-02-14,350,93259,12,41356,338,51903,0,0,268,46970,81,23082,268,70052,California
Kern,2021-02-15,2745,96004,899,42255,1846,53749,0,0,1214,46661,1523,24605,1214,71266,California
Kern,2021-02-16,2948,98952,714,42969,2234,55983,0,0,1656,47035,1283,25888,1657,72923,California
Kern,2021-02-17,4070,103022,2075,45044,1995,57978,0,0,1923,46818,2141,28029,1924,74847,California
Kern,2021-02-18,3755,106777,1485,46529,2270,60248,0,0,1625,46323,2120,30149,1625,76472,California
Kern,2021-02-19,4184,110961,1905,48434,2279,62527,0,0,1734,45614,2443,32592,1734,78206,California
Kern,2021-02-20,2581,113542,968,49402,1613,64140,0,0,1347,45731,1230,33822,1347,79553,California
Kern,2021-02-21,270,113812,164,49566,106,64246,0,0,90,45644,178,34000,91,79644,California
Kern,2021-02-22,2673,116485,1155,50721,1518,65764,0,0,1434,45845,1233,35233,1434,81078,California
Kern,2021-02-23,3579,120064,1132,51853,2447,68211,0,0,1999,46267,1578,36811,2000,83078,California
Kern,2021-02-24,5214,125278,2290,54143,2924,71135,0,0,3106,47270,2103,38914,3106,86184,California
Kern,2021-02-25,5384,130662,2460,56603,2924,74059,0,0,3199,48302,2167,41081,3199,89383,California
Kern,2021-02-26,6931,137593,3541,60144,3390,77449,0,0,4365,50110,2559,43640,4367,93750,California
Kern,2021-02-27,3946,141539,1976,62120,1970,79419,0,0,2607,51387,1330,44970,2607,96357,California
Kern,2021-02-28,917,142456,504,62624,412,79831,1,1,697,51867,218,45188,698,97055,California
Kern,2021-03-01,4016,146472,1825,64449,2187,82018,4,5,2699,53263,1307,46495,2703,99758,California
Kern,2021-03-02,4487,150959,1411,65860,3072,85090,4,9,2953,54694,1523,48018,2954,102712,California
Kern,2021-03-03,6000,156959,2842,68702,3156,88246,2,11,3887,56484,2098,50116,3888,106600,California
Kern,2021-03-04,5692,162651,2275,70977,3412,91658,5,16,3694,58199,1982,52098,3697,110297,California
Kern,2021-03-05,6641,169292,2869,73846,3753,95411,19,35,4190,59967,2441,54539,4209,114506,California
Kern,2021-03-06,4758,174050,1925,75771,2726,98137,107,142,3479,62281,1272,55811,3586,118092,California
Kern,2021-03-07,2068,176118,1598,77369,413,98550,57,199,1868,64007,199,56010,1925,120017,California
Kern,2021-03-08,2908,179026,924,78293,1761,100311,223,422,1528,64379,1377,57387,1749,121766,California
Kern,2021-03-09,3729,182755,805,79098,2538,102849,386,808,2331,65702,1390,58777,2713,124479,California
Kern,2021-03-10,6153,188908,2568,81666,2511,105360,1074,1882,3603,67844,2534,61311,4676,129155,California
Kern,2021-03-11,6337,195245,2440,84106,2868,108228,1029,2911,3772,70085,2555,63866,4796,133951,California
Kern,2021-03-12,7857,203102,3082,87188,3419,111647,1356,4267,4327,72239,3517,67383,5671,139622,California
Kern,2021-03-13,4680,207782,2535,89723,1807,113454,338,4605,3255,74408,1418,68801,3587,143209,California
Kern,2021-03-14,2310,210092,1533,91256,534,113988,243,4848,1786,75910,524,69325,2026,145235,California
Kern,2021-03-15,4269,214361,1104,92360,2453,116441,712,5560,2197,76753,2059,71384,2902,148137,California
Kern,2021-03-16,4435,218796,1012,93372,2886,119327,537,6097,2410,77682,2013,73397,2942,151079,California
Kern,2021-03-17,7462,226258,4086,97458,2826,122153,550,6647,4488,79758,2961,76358,5037,156116,California
Kern,2021-03-18,7278,233536,3682,101140,3009,125162,587,7234,4408,81900,2849,79207,4991,161107,California
Kern,2021-03-19,8993,242529,4991,106131,3344,128506,658,7892,4715,83007,4260,83467,5367,166474,California
Kern,2021-03-20,6185,248714,3829,109960,2182,130688,174,8066,3928,84866,2244,85711,4103,170577,California
Kern,2021-03-21,3055,251769,1936,111896,237,130925,882,8948,1848,86396,1199,86910,2729,173306,California
Kern,2021-03-22,3985,255754,1564,113460,2067,132992,354,9302,1933,86648,2035,88945,2287,175593,California
Kern,2021-03-23,4742,260496,1674,115134,2869,135861,199,9501,2485,87102,2228,91173,2682,178275,California
Kern,2021-03-24,7188,267684,3679,118813,3032,138893,477,9978,3653,87712,3517,94690,4127,182402,California
Kern,2021-03-25,6791,274475,3012,121825,3448,142341,331,10309,3222,87711,3551,98241,3550,185952,California
Kern,2021-03-26,9867,284342,4409,126234,4201,146542,1257,11566,4719,88558,5128,103369,5975,191927,California
Kern,2021-03-27,5707,290049,3992,130226,1587,148129,128,11694,3447,89875,2257,105626,3574,195501,California
Kern,2021-03-28,4694,294743,4203,134429,477,148606,14,11708,2956,91110,1735,107361,2970,198471,California
Kern,2021-03-29,4260,299003,1681,136110,2302,150908,277,11985,2612,92361,1635,108996,2886,201357,California
Kern,2021-03-30,5597,304600,1871,137981,3340,154248,386,12371,3062,93276,2530,111526,3445,204802,California
Kern,2021-03-31,8417,313017,4544,142525,3225,157473,648,13019,4307,94137,4093,115619,4954,209756,California
Kern,2021-04-01,7904,320921,3878,146403,3725,161198,301,13320,4224,95007,3651,119270,4521,214277,California
Kern,2021-04-02,8460,329381,4469,150872,3383,164581,608,13928,4224,95611,4219,123489,4823,219100,California
Kern,2021-04-03,6004,335385,3675,154547,2148,166729,181,14109,2660,95114,3335,126824,2838,221938,California
Kern,2021-04-04,1340,336725,873,155420,382,167111,85,14194,475,94811,862,127686,559,222497,California
Kern,2021-04-05,5375,342100,2222,157642,2378,169489,775,14969,2900,95996,2461,130147,3646,226143,California
Kern,2021-04-06,7121,349221,2468,160110,3276,172765,1377,16346,3563,97398,3535,133682,4937,231080,California
Kern,2021-04-07,9380,358601,5474,165584,2944,175709,962,17308,4569,98133,4794,138476,5529,236609,California
Kern,2021-04-08,8662,367263,4797,170381,2952,178661,913,18221,3728,97853,4909,143385,4629,241238,California
Kern,2021-04-09,10278,377541,5142,175523,4143,182804,993,19214,4355,97301,5897,149282,5345,246583,California
Kern,2021-04-10,6604,384145,3470,178993,1885,184689,1249,20463,2142,96234,4452,153734,3385,249968,California
Kern,2021-04-11,3930,388075,2920,181913,367,185056,643,21106,1274,95503,2641,156375,1910,251878,California
Kern,2021-04-12,4419,392494,992,182905,2452,187508,975,22081,1587,95254,2809,159184,2560,254438,California
Kern,2021-04-13,4304,396798,1415,184320,2863,190371,26,22107,2119,95229,2170,161354,2145,256583,California
Kern,2021-04-14,6103,402901,3009,187329,3072,193443,22,22129,3012,95190,3072,164426,3033,259616,California
Kern,2021-04-15,5317,408218,2497,189826,2817,196260,3,22132,2539,94971,2761,167187,2542,262158,California
Kern,2021-04-16,7319,415537,3471,193297,3847,200107,1,22133,3009,93704,4282,171469,3015,265173,California
Kern,2021-04-17,6001,421538,3935,197232,2066,202173,0,22133,2154,92042,3832,175301,2170,267343,California
Kern,2021-04-18,3839,425377,3596,200828,243,202416,0,22133,950,90124,2881,178182,963,268306,California
Kern,2021-04-19,3848,429225,1736,202564,2110,204526,2,22135,1437,89175,2390,180572,1441,269747,California
Kern,2021-04-20,4377,433602,1584,204148,2791,207317,2,22137,1659,88142,2701,183273,1668,271415,California
Kern,2021-04-21,5873,439475,3156,207304,2712,210029,5,22142,2146,86590,3702,186975,2150,273565,California
Kern,2021-04-22,4822,444297,2335,209639,2487,212516,0,22142,1720,85233,3078,190053,1721,275286,California
Kern,2021-04-23,6146,450443,3028,212667,3117,215633,1,22143,1916,82961,4191,194244,1919,277205,California
Kern,2021-04-24,4020,454463,2804,215471,1205,216838,11,22154,1448,81868,2553,196797,1460,278665,California
Kern,2021-04-25,1404,455867,1116,216587,288,217126,0,22154,827,82124,571,197368,827,279492,California
Kern,2021-04-26,3868,459735,1829,218416,1987,219113,52,22206,1067,80453,2792,200160,1121,280613,California
Kern,2021-04-27,4781,464516,2315,220731,2358,221471,108,22314,1463,78716,3305,203465,1568,282181,California
Kern,2021-04-28,6316,470832,3718,224449,2474,223945,124,22438,1802,76145,4494,207959,1923,284104,California
Kern,2021-04-29,5519,476351,3064,227513,2356,226301,99,22537,1626,73999,3872,211831,1726,285830,California
Kern,2021-04-30,5598,481949,3123,230636,2316,228617,159,22696,1615,71805,3967,215798,1773,287603,California
Kern,2021-05-01,2718,484667,1932,232568,727,229344,59,22755,1083,71323,1623,217421,1141,288744,California
Kern,2021-05-02,1890,486557,1602,234170,266,229610,22,22777,692,70846,1191,218612,714,289458,California
Kern,2021-05-03,2548,489105,1032,235202,1382,230992,134,22911,787,70023,1745,220357,922,290380,California
Kern,2021-05-04,3666,492771,1308,236510,2248,233240,110,23021,1290,69061,2360,222717,1398,291778,California
Kern,2021-05-05,4164,496935,2149,238659,1863,235103,152,23173,1380,67823,2768,225485,1530,293308,California
Kern,2021-05-06,3599,500534,1630,240289,1823,236926,146,23319,1138,66664,2439,227924,1280,294588,California
Kern,2021-05-07,4619,505153,2314,242603,2131,239057,174,23493,1300,64849,3288,231212,1473,296061,California
Kern,2021-05-08,2890,508043,1821,244424,954,240011,115,23608,891,63869,1984,233196,1004,297065,California
Kern,2021-05-09,1351,509394,1177,245601,145,240156,29,23637,452,63460,890,234086,481,297546,California
Kern,2021-05-10,2270,511664,886,246487,1281,241437,103,23740,674,62658,1577,235663,775,298321,California
Kern,2021-05-11,2643,514307,922,247409,1596,243033,125,23865,956,62065,1675,237338,1082,299403,California
Kern,2021-05-12,3633,517940,1466,248875,2014,245047,153,24018,1164,60926,2455,239793,1316,300719,California
Kern,2021-05-13,3498,521438,1830,250705,1514,246561,154,24172,1628,60847,1857,241650,1778,302497,California
Kern,2021-05-14,4295,525733,2534,253239,1537,248098,224,24396,1981,60757,2294,243944,2204,304701,California
Kern,2021-05-15,2918,528651,1893,255132,937,249035,88,24484,1547,61035,1356,245300,1634,306335,California
Kern,2021-05-16,1544,530195,1321,256453,183,249218,40,24524,880,61297,658,245958,920,307255,California
Kern,2021-05-17,2324,532519,1005,257458,1174,250392,145,24669,1185,61500,1126,247084,1329,308584,California
Kern,2021-05-18,3182,535701,1465,258923,1585,251977,132,24801,1627,61719,1538,248622,1757,310341,California
Kern,2021-05-19,3829,539530,2390,261313,1310,253287,129,24930,1843,61715,1973,250595,1969,312310,California
Kern,2021-05-20,3096,542626,1681,262994,1273,254560,142,25072,1425,61630,1650,252245,1565,313875,California
Kern,2021-05-21,3635,546261,2203,265197,1297,255857,135,25207,1861,61876,1750,253995,1996,315871,California
Kern,2021-05-22,2948,549209,2295,267492,605,256462,48,25255,1416,61817,1521,255516,1462,317333,California
Kern,2021-05-23,1262,550471,1067,268559,168,256630,27,25282,664,61916,591,256107,690,318023,California
Kern,2021-05-24,1848,552319,781,269340,954,257584,113,25395,868,61922,974,257081,980,319003,California
Kern,2021-05-25,2400,554719,1111,270451,1200,258784,89,25484,1124,61873,1262,258343,1213,320216,California
Kern,2021-05-26,2787,557506,1611,272062,1072,259856,104,25588,1204,61612,1567,259910,1306,321522,California
Kern,2021-05-27,2402,559908,1233,273295,1066,260922,103,25691,1264,61862,1116,261026,1366,322888,California
Kern,2021-05-28,2727,562635,1387,274682,1229,262151,111,25802,1266,61789,1448,262474,1375,324263,California
Kern,2021-05-29,1897,564532,1261,275943,590,262741,46,25848,931,61814,952,263426,977,325240,California
Kern,2021-05-30,859,565391,703,276646,137,262878,19,25867,435,61850,417,263843,453,325693,California
Kern,2021-05-31,132,565523,41,276687,80,262958,11,25878,46,61823,83,263926,56,325749,California
Kern,2021-06-01,2288,567811,950,277637,1267,264225,71,25949,1002,61625,1270,265196,1072,326821,California
Kern,2021-06-02,2242,570053,1294,278931,842,265067,106,26055,945,61390,1286,266482,1051,327872,California
Kern,2021-06-03,2369,572422,1332,280263,882,265949,155,26210,875,60936,1483,267965,1029,328901,California
Kern,2021-06-04,2948,575370,1911,282174,928,266877,109,26319,889,59892,2041,270006,997,329898,California
Kern,2021-06-05,2527,577897,2043,284217,451,267328,33,26352,809,59025,1709,271715,842,330740,California
Kern,2021-06-06,1213,579110,1108,285325,82,267410,23,26375,432,58703,777,272492,455,331195,California
Kern,2021-06-07,1798,580908,1118,286443,586,267996,94,26469,678,58366,1107,273599,770,331965,California
Kern,2021-06-08,2116,583024,1229,287672,817,268813,70,26539,675,57687,1423,275022,744,332709,California
Kern,2021-06-09,2605,585629,1829,289501,687,269500,89,26628,813,56810,1778,276800,901,333610,California
Kern,2021-06-10,2213,587842,1372,290873,746,270246,95,26723,782,56264,1421,278221,875,334485,California
Kern,2021-06-11,2824,590666,1904,292777,831,271077,89,26812,1050,55642,1762,279983,1140,335625,California
Kern,2021-06-12,1778,592444,1324,294101,407,271484,47,26859,531,54978,1242,281225,578,336203,California
Kern,2021-06-13,908,593352,791,294892,110,271594,7,26866,263,54607,642,281867,271,336474,California
Kern,2021-06-14,1806,595158,1103,295995,614,272208,89,26955,640,54178,1156,283023,727,337201,California
Kern,2021-06-15,2082,597240,1162,297157,846,273054,74,27029,810,53798,1264,284287,884,338085,California
Kern,2021-06-16,2018,599258,1322,298479,622,273676,74,27103,786,53441,1216,285503,859,338944,California
Kern,2021-06-17,1588,600846,953,299432,532,274208,103,27206,776,53514,807,286310,880,339824,California
Kern,2021-06-18,1289,602135,811,300243,396,274604,82,27288,508,53334,770,287080,590,340414,California
Kings,2020-12-16,1,1,1,1,0,0,0,0,1,1,0,0,1,1,California
Kings,2020-12-17,8,9,8,9,0,0,0,0,8,9,0,0,8,9,California
Kings,2020-12-18,12,21,12,21,0,0,0,0,12,21,0,0,12,21,California
Kings,2020-12-19,12,33,12,33,0,0,0,0,12,33,0,0,12,33,California
Kings,2020-12-20,13,46,13,46,0,0,0,0,13,46,0,0,13,46,California
Kings,2020-12-21,157,203,157,203,0,0,0,0,269,315,0,0,269,315,California
Kings,2020-12-22,142,345,142,345,0,0,0,0,139,454,0,0,139,454,California
Kings,2020-12-23,137,482,123,468,14,14,0,0,138,592,0,0,138,592,California
Kings,2020-12-24,11,493,9,477,2,16,0,0,11,603,0,0,11,603,California
Kings,2020-12-26,7,500,4,481,3,19,0,0,7,610,0,0,7,610,California
Kings,2020-12-27,4,504,4,485,0,19,0,0,4,614,0,0,4,614,California
Kings,2020-12-28,131,635,103,588,28,47,0,0,132,746,0,0,132,746,California
Kings,2020-12-29,83,718,55,643,28,75,0,0,84,830,0,0,84,830,California
Kings,2020-12-30,152,870,111,754,41,116,0,0,152,982,0,0,152,982,California
Kings,2020-12-31,46,916,5,759,41,157,0,0,46,1028,0,0,46,1028,California
Kings,2021-01-01,1,917,0,759,1,158,0,0,1,1029,0,0,1,1029,California
Kings,2021-01-02,11,928,10,769,1,159,0,0,11,1040,0,0,11,1040,California
Kings,2021-01-03,1,929,1,770,0,159,0,0,1,1041,0,0,1,1041,California
Kings,2021-01-04,111,1040,41,811,70,229,0,0,111,1152,0,0,111,1152,California
Kings,2021-01-05,195,1235,40,851,155,384,0,0,195,1347,0,0,195,1347,California
Kings,2021-01-06,276,1511,179,1030,97,481,0,0,273,1617,3,3,273,1620,California
Kings,2021-01-07,182,1693,84,1114,98,579,0,0,174,1783,8,11,174,1794,California
Kings,2021-01-08,250,1943,57,1171,193,772,0,0,229,1991,21,32,229,2023,California
Kings,2021-01-09,63,2006,9,1180,54,826,0,0,55,2038,8,40,55,2078,California
Kings,2021-01-10,15,2021,3,1183,12,838,0,0,12,2047,3,43,12,2090,California
Kings,2021-01-11,516,2537,352,1535,164,1002,0,0,276,2084,240,283,277,2367,California
Kings,2021-01-12,348,2885,252,1787,96,1098,0,0,215,2169,130,413,215,2582,California
Kings,2021-01-13,417,3302,270,2057,147,1245,0,0,327,2406,90,503,327,2909,California
Kings,2021-01-14,211,3513,32,2089,179,1424,0,0,201,2587,21,524,202,3111,California
Kings,2021-01-15,419,3932,31,2120,388,1812,0,0,407,2982,12,536,407,3518,California
Kings,2021-01-16,28,3960,9,2129,19,1831,0,0,27,3008,1,537,27,3545,California
Kings,2021-01-17,11,3971,8,2137,3,1834,0,0,9,3015,2,539,9,3554,California
Kings,2021-01-18,174,4145,41,2178,133,1967,0,0,148,3137,26,565,148,3702,California
Kings,2021-01-19,384,4529,162,2340,222,2189,0,0,254,3261,130,695,254,3956,California
Kings,2021-01-20,238,4767,147,2487,91,2280,0,0,127,3282,106,801,127,4083,California
Kings,2021-01-21,212,4979,56,2543,156,2436,0,0,196,3460,18,819,196,4279,California
Kings,2021-01-22,108,5087,19,2562,89,2525,0,0,107,3562,5,824,107,4386,California
Kings,2021-01-23,27,5114,14,2576,13,2538,0,0,20,3575,7,831,20,4406,California
Kings,2021-01-24,4,5118,4,2580,0,2538,0,0,2,3575,2,833,2,4408,California
Kings,2021-01-25,133,5251,27,2607,106,2644,0,0,98,3638,35,868,98,4506,California
Kings,2021-01-26,156,5407,35,2642,121,2765,0,0,114,3710,42,910,114,4620,California
Kings,2021-01-27,331,5738,36,2678,295,3060,0,0,255,3890,75,985,255,4875,California
Kings,2021-01-28,336,6074,46,2724,290,3350,0,0,279,4112,57,1042,279,5154,California
Kings,2021-01-29,110,6184,26,2750,84,3434,0,0,93,4188,17,1059,93,5247,California
Kings,2021-01-30,1564,7748,22,2772,1542,4976,0,0,1561,5748,3,1062,1563,6810,California
Kings,2021-02-01,221,7969,65,2837,156,5132,0,0,92,5713,127,1189,92,6902,California
Kings,2021-02-02,246,8215,16,2853,230,5362,0,0,95,5658,150,1339,95,6997,California
Kings,2021-02-03,404,8619,194,3047,210,5572,0,0,246,5748,157,1496,247,7244,California
Kings,2021-02-04,425,9044,98,3145,327,5899,0,0,229,5782,195,1691,229,7473,California
Kings,2021-02-05,337,9381,55,3200,282,6181,0,0,176,5800,158,1849,176,7649,California
Kings,2021-02-06,61,9442,10,3210,51,6232,0,0,28,5795,33,1882,28,7677,California
Kings,2021-02-07,6,9448,4,3214,2,6234,0,0,3,5795,3,1885,3,7680,California
Kings,2021-02-08,173,9621,29,3243,144,6378,0,0,66,5754,107,1992,66,7746,California
Kings,2021-02-09,257,9878,59,3302,198,6576,0,0,113,5725,142,2134,113,7859,California
Kings,2021-02-10,378,10256,112,3414,266,6842,0,0,260,5867,118,2252,260,8119,California
Kings,2021-02-11,483,10739,66,3480,417,7259,0,0,364,6113,118,2370,364,8483,California
Kings,2021-02-12,634,11373,38,3518,596,7855,0,0,354,6188,279,2649,354,8837,California
Kings,2021-02-13,234,11607,7,3525,227,8082,0,0,207,6368,27,2676,207,9044,California
Kings,2021-02-14,103,11710,4,3529,99,8181,0,0,95,6455,8,2684,95,9139,California
Kings,2021-02-15,252,11962,5,3534,247,8428,0,0,138,6480,113,2797,138,9277,California
Kings,2021-02-16,590,12552,35,3569,555,8983,0,0,352,6596,237,3034,353,9630,California
Kings,2021-02-17,440,12992,26,3595,414,9397,0,0,302,6762,138,3172,304,9934,California
Kings,2021-02-18,245,13237,22,3617,223,9620,0,0,185,6887,60,3232,185,10119,California
Kings,2021-02-19,175,13412,25,3642,150,9770,0,0,119,6953,53,3285,119,10238,California
Kings,2021-02-20,166,13578,32,3674,134,9904,0,0,137,7061,29,3314,137,10375,California
Kings,2021-02-21,3,13581,2,3676,1,9905,0,0,3,7064,0,3314,3,10378,California
Kings,2021-02-22,117,13698,19,3695,98,10003,0,0,49,7045,68,3382,49,10427,California
Kings,2021-02-23,430,14128,71,3766,359,10362,0,0,314,7243,116,3498,314,10741,California
Kings,2021-02-24,738,14866,155,3921,583,10945,0,0,522,7549,216,3714,522,11263,California
Kings,2021-02-25,816,15682,136,4057,680,11625,0,0,595,7925,219,3933,595,11858,California
Kings,2021-02-26,853,16535,138,4195,715,12340,0,0,779,8630,74,4007,779,12637,California
Kings,2021-02-27,1530,18065,66,4261,1464,13804,0,0,586,8273,943,4950,586,13223,California
Kings,2021-02-28,1177,19242,601,4862,576,14380,0,0,678,8455,496,5446,678,13901,California
Kings,2021-03-01,288,19530,89,4951,199,14579,0,0,222,8611,66,5512,222,14123,California
Kings,2021-03-02,594,20124,260,5211,334,14913,0,0,521,9060,73,5585,522,14645,California
Kings,2021-03-03,752,20876,328,5539,424,15337,0,0,528,9367,222,5807,529,15174,California
Kings,2021-03-04,828,21704,360,5899,468,15805,0,0,700,9940,128,5935,701,15875,California
Kings,2021-03-05,1179,22883,368,6267,802,16607,9,9,1034,10843,145,6080,1048,16923,California
Kings,2021-03-06,520,23403,189,6456,318,16925,13,22,490,11316,30,6110,503,17426,California
Kings,2021-03-07,362,23765,221,6677,137,17062,4,26,354,11666,8,6118,358,17784,California
Kings,2021-03-08,376,24141,98,6775,225,17287,53,79,265,11873,111,6229,318,18102,California
Kings,2021-03-09,687,24828,389,7164,244,17531,54,133,576,12394,110,6339,631,18733,California
Kings,2021-03-10,648,25476,174,7338,380,17911,94,227,455,12750,192,6531,548,19281,California
Kings,2021-03-11,1195,26671,434,7772,650,18561,111,338,755,13179,438,6969,867,20148,California
Kings,2021-03-12,1512,28183,459,8231,961,19522,92,430,1000,13763,510,7479,1094,21242,California
Kings,2021-03-13,671,28854,325,8556,305,19827,41,471,546,14227,125,7604,589,21831,California
Kings,2021-03-14,679,29533,105,8661,185,20012,389,860,205,14347,474,8078,594,22425,California
Kings,2021-03-15,708,30241,266,8927,325,20337,117,977,469,14697,238,8316,588,23013,California
Kings,2021-03-16,1166,31407,475,9402,630,20967,61,1038,751,15095,415,8731,813,23826,California
Kings,2021-03-17,1115,32522,425,9827,628,21595,62,1100,787,15624,328,9059,857,24683,California
Kings,2021-03-18,1139,33661,479,10306,437,22032,223,1323,775,16261,363,9422,1000,25683,California
Kings,2021-03-19,975,34636,467,10773,420,22452,88,1411,737,16864,237,9659,840,26523,California
Kings,2021-03-20,646,35282,258,11031,357,22809,31,1442,467,17193,177,9836,506,27029,California
Kings,2021-03-21,1422,36704,1090,12121,319,23128,13,1455,860,17504,562,10398,873,27902,California
Kings,2021-03-22,451,37155,201,12322,163,23291,87,1542,273,17691,177,10575,364,28266,California
Kings,2021-03-23,1003,38158,511,12833,429,23720,63,1605,557,17872,444,11019,625,28891,California
Kings,2021-03-24,1102,39260,488,13321,590,24310,24,1629,510,17818,590,11609,536,29427,California
Kings,2021-03-25,1058,40318,476,13797,553,24863,29,1658,451,17692,605,12214,479,29906,California
Kings,2021-03-26,1325,41643,382,14179,858,25721,85,1743,522,17500,798,13012,606,30512,California
Kings,2021-03-27,654,42297,266,14445,376,26097,12,1755,161,17182,491,13503,173,30685,California
Kings,2021-03-28,678,42975,607,15052,64,26161,7,1762,410,17344,268,13771,430,31115,California
Kings,2021-03-29,474,43449,216,15268,197,26358,61,1823,263,17458,209,13980,323,31438,California
Kings,2021-03-30,882,44331,481,15749,360,26718,41,1864,436,17491,444,14424,477,31915,California
Kings,2021-03-31,797,45128,394,16143,331,27049,72,1936,418,17610,371,14795,490,32405,California
Kings,2021-04-01,874,46002,472,16615,313,27362,89,2025,359,17549,509,15304,448,32853,California
Kings,2021-04-02,1049,47051,457,17072,467,27829,125,2150,391,17412,652,15956,515,33368,California
Kings,2021-04-03,490,47541,343,17415,138,27967,9,2159,170,17278,314,16270,180,33548,California
Kings,2021-04-04,160,47701,86,17501,68,28035,6,2165,42,17209,117,16387,48,33596,California
Kings,2021-04-05,1068,48769,336,17837,482,28517,250,2415,242,16875,825,17212,491,34087,California
Kings,2021-04-06,1215,49984,463,18300,442,28959,310,2725,285,16542,927,18139,594,34681,California
Kings,2021-04-07,1378,51362,659,18959,531,29490,188,2913,359,16073,1016,19155,547,35228,California
Kings,2021-04-08,1631,52993,638,19597,741,30231,252,3165,377,15455,1247,20402,629,35857,California
Kings,2021-04-09,1168,54161,543,20140,442,30673,183,3348,235,14938,931,21333,414,36271,California
Kings,2021-04-10,600,54761,333,20473,163,30836,104,3452,177,14797,421,21754,280,36551,California
Kings,2021-04-11,356,55117,74,20547,275,31111,7,3459,197,14844,157,21911,204,36755,California
Kings,2021-04-12,706,55823,310,20857,192,31303,204,3663,195,14734,509,22420,399,37154,California
Kings,2021-04-13,920,56743,526,21383,394,31697,0,3663,293,14406,625,23045,297,37451,California
Kings,2021-04-14,1060,57803,582,21965,478,32175,0,3663,385,14117,675,23720,386,37837,California
Kings,2021-04-15,1066,58869,527,22492,538,32713,1,3664,457,13967,608,24328,458,38295,California
Kings,2021-04-16,800,59669,367,22859,433,33146,0,3664,265,13700,533,24861,266,38561,California
Kings,2021-04-17,472,60141,258,23117,214,33360,0,3664,195,13620,275,25136,195,38756,California
Kings,2021-04-18,572,60713,246,23363,326,33686,0,3664,43,13134,529,25665,43,38799,California
Kings,2021-04-19,543,61256,302,23665,241,33927,0,3664,294,13183,246,25911,295,39094,California
Kings,2021-04-20,751,62007,455,24120,296,34223,0,3664,240,12913,510,26421,240,39334,California
Kings,2021-04-21,647,62654,306,24426,341,34564,0,3664,222,12718,417,26838,222,39556,California
Kings,2021-04-22,559,63213,279,24705,280,34844,0,3664,205,12573,351,27189,206,39762,California
Kings,2021-04-23,676,63889,290,24995,386,35230,0,3664,329,12559,343,27532,329,40091,California
Kings,2021-04-24,248,64137,180,25175,67,35297,1,3665,120,12553,127,27659,121,40212,California
Kings,2021-04-25,200,64337,181,25356,19,35316,0,3665,164,12681,36,27695,164,40376,California
Kings,2021-04-26,315,64652,169,25525,143,35459,3,3668,198,12766,116,27811,201,40577,California
Kings,2021-04-27,426,65078,188,25713,219,35678,19,3687,180,12721,244,28055,199,40776,California
Kings,2021-04-28,518,65596,258,25971,240,35918,20,3707,271,12765,247,28302,291,41067,California
Kings,2021-04-29,293,65889,113,26084,167,36085,13,3720,135,12758,155,28457,148,41215,California
Kings,2021-04-30,368,66257,163,26247,188,36273,17,3737,153,12717,211,28668,170,41385,California
Kings,2021-05-01,229,66486,166,26413,53,36326,10,3747,73,12645,155,28823,83,41468,California
Kings,2021-05-02,168,66654,146,26559,22,36348,0,3747,126,12729,42,28865,126,41594,California
Kings,2021-05-03,475,67129,253,26812,209,36557,13,3760,122,12512,352,29217,135,41729,California
Kings,2021-05-04,520,67649,263,27075,237,36794,20,3780,160,12333,359,29576,180,41909,California
Kings,2021-05-05,551,68200,285,27360,246,37040,20,3800,135,12073,415,29991,155,42064,California
Kings,2021-05-06,550,68750,270,27630,257,37297,23,3823,124,11796,424,30415,147,42211,California
Kings,2021-05-07,365,69115,211,27841,138,37435,16,3839,147,11743,216,30631,163,42374,California
Kings,2021-05-08,232,69347,166,28007,54,37489,12,3851,73,11669,158,30789,84,42458,California
Kings,2021-05-09,191,69538,61,28068,130,37619,0,3851,40,11558,151,30940,40,42498,California
Kings,2021-05-10,341,69879,263,28331,67,37686,11,3862,114,11456,226,31166,124,42622,California
Kings,2021-05-11,385,70264,238,28569,117,37803,30,3892,119,11340,266,31432,150,42772,California
Kings,2021-05-12,399,70663,163,28732,222,38025,14,3906,170,11297,227,31659,184,42956,California
Kings,2021-05-13,393,71056,145,28877,240,38265,8,3914,154,11220,239,31898,162,43118,California
Kings,2021-05-14,462,71518,315,29192,116,38381,31,3945,240,11270,221,32119,271,43389,California
Kings,2021-05-15,354,71872,250,29442,84,38465,20,3965,196,11328,158,32277,216,43605,California
Kings,2021-05-16,248,72120,222,29664,25,38490,1,3966,76,11233,172,32449,77,43682,California
Kings,2021-05-17,404,72524,321,29985,66,38556,17,3983,215,11277,188,32637,232,43914,California
Kings,2021-05-18,396,72920,277,30262,106,38662,13,3996,225,11345,171,32808,239,44153,California
Kings,2021-05-19,579,73499,283,30545,271,38933,25,4021,230,11253,347,33155,255,44408,California
Kings,2021-05-20,448,73947,235,30780,186,39119,27,4048,266,11365,182,33337,294,44702,California
Kings,2021-05-21,519,74466,263,31043,245,39364,11,4059,265,11391,250,33587,276,44978,California
Kings,2021-05-22,305,74771,246,31289,47,39411,12,4071,217,11534,86,33673,229,45207,California
Kings,2021-05-23,231,75002,223,31512,8,39419,0,4071,108,11519,123,33796,108,45315,California
Kings,2021-05-24,250,75252,167,31679,70,39489,13,4084,121,11524,129,33925,134,45449,California
Kings,2021-05-25,407,75659,268,31947,106,39595,33,4117,239,11630,166,34091,272,45721,California
Kings,2021-05-26,306,75965,126,32073,163,39758,17,4134,130,11602,175,34266,147,45868,California
Kings,2021-05-27,328,76293,178,32251,132,39890,18,4152,179,11653,146,34412,197,46065,California
Kings,2021-05-28,287,76580,140,32391,130,40020,17,4169,139,11664,145,34557,156,46221,California
Kings,2021-05-29,173,76753,99,32490,63,40083,11,4180,91,11685,81,34638,102,46323,California
Kings,2021-05-30,130,76883,113,32603,15,40098,2,4182,71,11699,59,34697,73,46396,California
Kings,2021-05-31,42,76925,23,32626,16,40114,3,4185,15,11690,27,34724,18,46414,California
Kings,2021-06-01,316,77241,187,32813,113,40227,16,4201,121,11635,191,34915,136,46550,California
Kings,2021-06-02,272,77513,125,32938,140,40367,7,4208,85,11542,185,35100,92,46642,California
Kings,2021-06-03,228,77741,126,33064,91,40458,11,4219,85,11503,135,35235,96,46738,California
Kings,2021-06-04,428,78169,282,33346,133,40591,13,4232,157,11407,266,35501,170,46908,California
Kings,2021-06-05,254,78423,221,33567,26,40617,7,4239,63,11299,178,35679,70,46978,California
Kings,2021-06-06,161,78584,153,33720,3,40620,5,4244,80,11307,77,35756,85,47063,California
Kings,2021-06-07,291,78875,220,33940,58,40678,13,4257,95,11219,196,35952,108,47171,California
Kings,2021-06-08,312,79187,240,34180,52,40730,20,4277,85,11098,226,36178,105,47276,California
Kings,2021-06-09,394,79581,265,34445,120,40850,9,4286,114,10944,277,36455,123,47399,California
Kings,2021-06-10,342,79923,223,34668,106,40956,13,4299,85,10785,257,36712,98,47497,California
Kings,2021-06-11,370,80293,281,34949,86,41042,3,4302,142,10707,223,36935,145,47642,California
Kings,2021-06-12,268,80561,220,35169,44,41086,4,4306,69,10597,183,37118,73,47715,California
Kings,2021-06-13,127,80688,118,35287,8,41094,1,4307,35,10542,91,37209,36,47751,California
Kings,2021-06-14,238,80926,173,35460,45,41139,20,4327,99,10522,139,37348,119,47870,California
Kings,2021-06-15,256,81182,182,35642,62,41201,12,4339,90,10459,165,37513,102,47972,California
Kings,2021-06-16,255,81437,131,35773,117,41318,7,4346,91,10401,157,37670,99,48071,California
Kings,2021-06-17,170,81607,72,35845,88,41406,10,4356,60,10361,110,37780,70,48141,California
Kings,2021-06-18,77,81684,39,35884,32,41438,6,4362,44,10378,33,37813,50,48191,California
Lake,2020-12-17,4,4,4,4,0,0,0,0,4,4,0,0,4,4,California
Lake,2020-12-18,49,53,49,53,0,0,0,0,49,53,0,0,49,53,California
Lake,2020-12-19,3,56,3,56,0,0,0,0,3,56,0,0,3,56,California
Lake,2020-12-20,6,62,6,62,0,0,0,0,6,62,0,0,6,62,California
Lake,2020-12-21,87,149,87,149,0,0,0,0,87,149,0,0,87,149,California
Lake,2020-12-22,63,212,60,209,3,3,0,0,63,212,0,0,63,212,California
Lake,2020-12-23,125,337,116,325,9,12,0,0,125,337,0,0,125,337,California
Lake,2020-12-24,2,339,0,325,2,14,0,0,2,339,0,0,2,339,California
Lake,2020-12-26,2,341,2,327,0,14,0,0,2,341,0,0,2,341,California
Lake,2020-12-27,2,343,2,329,0,14,0,0,2,343,0,0,2,343,California
Lake,2020-12-28,53,396,44,373,9,23,0,0,53,396,0,0,53,396,California
Lake,2020-12-29,53,449,48,421,5,28,0,0,53,449,0,0,53,449,California
Lake,2020-12-30,132,581,125,546,7,35,0,0,132,581,0,0,132,581,California
Lake,2020-12-31,67,648,64,610,3,38,0,0,67,648,0,0,67,648,California
Lake,2021-01-01,1,649,0,610,1,39,0,0,1,649,0,0,1,649,California
Lake,2021-01-02,2,651,1,611,1,40,0,0,2,651,0,0,2,651,California
Lake,2021-01-04,90,741,21,632,69,109,0,0,90,741,0,0,90,741,California
Lake,2021-01-05,120,861,59,691,61,170,0,0,118,857,2,2,118,859,California
Lake,2021-01-06,103,964,64,755,39,209,0,0,101,956,2,4,101,960,California
Lake,2021-01-07,109,1073,85,840,24,233,0,0,100,1047,9,13,100,1060,California
Lake,2021-01-08,163,1236,134,974,29,262,0,0,112,1108,51,64,112,1172,California
Lake,2021-01-09,63,1299,61,1035,2,264,0,0,59,1163,4,68,59,1231,California
Lake,2021-01-10,3,1302,3,1038,0,264,0,0,0,1160,3,71,0,1231,California
Lake,2021-01-11,187,1489,148,1186,39,303,0,0,109,1191,78,149,109,1340,California
Lake,2021-01-12,82,1571,49,1235,33,336,0,0,58,1225,24,173,58,1398,California
Lake,2021-01-13,172,1743,116,1351,56,392,0,0,111,1275,61,234,111,1509,California
Lake,2021-01-14,147,1890,48,1399,99,491,0,0,125,1378,22,256,125,1634,California
Lake,2021-01-15,218,2108,95,1494,123,614,0,0,189,1538,29,285,189,1823,California
Lake,2021-01-16,132,2240,82,1576,50,664,0,0,130,1666,2,287,130,1953,California
Lake,2021-01-17,14,2254,6,1582,8,672,0,0,8,1668,6,293,8,1961,California
Lake,2021-01-18,245,2499,229,1811,16,688,0,0,122,1667,123,416,122,2083,California
Lake,2021-01-19,319,2818,123,1934,196,884,0,0,270,1889,49,465,271,2354,California
Lake,2021-01-20,425,3243,82,2016,343,1227,0,0,360,2185,64,529,360,2714,California
Lake,2021-01-21,437,3680,46,2062,391,1618,0,0,401,2550,36,565,401,3115,California
Lake,2021-01-22,321,4001,48,2110,273,1891,0,0,285,2799,36,601,285,3400,California
Lake,2021-01-23,123,4124,6,2116,117,2008,0,0,122,2920,1,602,122,3522,California
Lake,2021-01-24,5,4129,2,2118,3,2011,0,0,5,2925,0,602,5,3527,California
Lake,2021-01-25,255,4384,92,2210,163,2174,0,0,173,3016,82,684,173,3700,California
Lake,2021-01-26,429,4813,32,2242,397,2571,0,0,405,3397,24,708,405,4105,California
Lake,2021-01-27,363,5176,39,2281,324,2895,0,0,336,3707,27,735,337,4442,California
Lake,2021-01-28,493,5669,159,2440,334,3229,0,0,364,3942,129,864,364,4806,California
Lake,2021-01-29,661,6330,108,2548,553,3782,0,0,578,4437,83,947,578,5384,California
Lake,2021-01-30,554,6884,39,2587,515,4297,0,0,548,4979,6,953,548,5932,California
Lake,2021-01-31,12,6896,7,2594,5,4302,0,0,10,4987,2,955,10,5942,California
Lake,2021-02-01,176,7072,15,2609,161,4463,0,0,162,5135,14,969,162,6104,California
Lake,2021-02-02,562,7634,153,2762,409,4872,0,0,395,5364,167,1136,396,6500,California
Lake,2021-02-03,442,8076,32,2794,410,5282,0,0,337,5596,105,1241,337,6837,California
Lake,2021-02-04,121,8197,70,2864,51,5333,0,0,71,5617,50,1291,71,6908,California
Lake,2021-02-05,381,8578,71,2935,310,5643,0,0,288,5814,91,1382,288,7196,California
Lake,2021-02-06,274,8852,38,2973,236,5879,0,0,263,6066,11,1393,263,7459,California
Lake,2021-02-07,3,8855,2,2975,1,5880,0,0,3,6069,0,1393,3,7462,California
Lake,2021-02-08,276,9131,207,3182,69,5949,0,0,158,6109,118,1511,158,7620,California
Lake,2021-02-09,345,9476,23,3205,322,6271,0,0,301,6367,43,1554,301,7921,California
Lake,2021-02-10,351,9827,49,3254,302,6573,0,0,271,6558,80,1634,271,8192,California
Lake,2021-02-11,173,10000,17,3271,156,6729,0,0,57,6499,116,1750,57,8249,California
Lake,2021-02-12,370,10370,28,3299,342,7071,0,0,284,6698,85,1835,284,8533,California
Lake,2021-02-13,252,10622,9,3308,243,7314,0,0,243,6932,9,1844,243,8776,California
Lake,2021-02-14,15,10637,4,3312,11,7325,0,0,5,6927,10,1854,5,8781,California
Lake,2021-02-15,163,10800,7,3319,156,7481,0,0,8,6781,154,2008,8,8789,California
Lake,2021-02-16,423,11223,20,3339,403,7884,0,0,177,6712,246,2254,177,8966,California
Lake,2021-02-17,348,11571,53,3392,295,8179,0,0,70,6505,277,2531,70,9036,California
Lake,2021-02-18,458,12029,70,3462,388,8567,0,0,114,6275,344,2875,114,9150,California
Lake,2021-02-19,425,12454,24,3486,401,8968,0,0,91,6032,334,3209,91,9241,California
Lake,2021-02-20,290,12744,56,3542,234,9202,0,0,250,6243,39,3248,250,9491,California
Lake,2021-02-21,5,12749,5,3547,0,9202,0,0,0,6238,5,3253,0,9491,California
Lake,2021-02-22,133,12882,16,3563,117,9319,0,0,39,6183,94,3347,39,9530,California
Lake,2021-02-23,216,13098,17,3580,199,9518,0,0,29,6025,187,3534,29,9559,California
Lake,2021-02-24,1011,14109,431,4011,580,10098,0,0,470,5955,540,4074,470,10029,California
Lake,2021-02-25,748,14857,485,4496,263,10361,0,0,488,6186,257,4331,488,10517,California
Lake,2021-02-26,994,15851,302,4798,692,11053,0,0,346,5886,646,4977,346,10863,California
Lake,2021-02-27,408,16259,97,4895,311,11364,0,0,328,6134,80,5057,328,11191,California
Lake,2021-02-28,15,16274,8,4903,7,11371,0,0,10,6139,5,5062,10,11201,California
Lake,2021-03-01,594,16868,54,4957,540,11911,0,0,444,6433,150,5212,444,11645,California
Lake,2021-03-02,743,17611,17,4974,726,12637,0,0,288,6267,454,5666,288,11933,California
Lake,2021-03-03,364,17975,193,5167,171,12808,0,0,146,6195,218,5884,146,12079,California
Lake,2021-03-04,576,18551,504,5671,72,12880,0,0,559,6737,17,5901,559,12638,California
Lake,2021-03-05,1052,19603,52,5723,1000,13880,0,0,187,6063,861,6762,187,12825,California
Lake,2021-03-06,34,19637,9,5732,24,13904,1,1,21,6072,13,6775,22,12847,California
Lake,2021-03-07,6,19643,4,5736,2,13906,0,1,4,6074,2,6777,4,12851,California
Lake,2021-03-08,339,19982,266,6002,64,13970,9,10,299,6342,40,6817,308,13159,California
Lake,2021-03-09,928,20910,40,6042,870,14840,18,28,403,6240,524,7341,422,13581,California
Lake,2021-03-10,198,21108,55,6097,130,14970,13,41,132,6320,66,7407,146,13727,California
Lake,2021-03-11,590,21698,47,6144,65,15035,478,519,50,6308,540,7947,528,14255,California
Lake,2021-03-12,853,22551,202,6346,625,15660,26,545,361,6204,491,8438,387,14642,California
Lake,2021-03-13,275,22826,20,6366,19,15679,236,781,14,6193,260,8698,249,14891,California
Lake,2021-03-14,11,22837,2,6368,9,15688,0,781,7,6196,4,8702,7,14898,California
Lake,2021-03-15,640,23477,9,6377,613,16301,18,799,480,6534,160,8862,498,15396,California
Lake,2021-03-16,1123,24600,841,7218,265,16566,17,816,391,6213,728,9590,407,15803,California
Lake,2021-03-17,243,24843,121,7339,100,16666,22,838,87,6166,156,9746,109,15912,California
Lake,2021-03-18,745,25588,373,7712,336,17002,36,874,367,6193,375,10121,402,16314,California
Lake,2021-03-19,583,26171,312,8024,250,17252,21,895,479,6590,103,10224,500,16814,California
Lake,2021-03-20,249,26420,8,8032,238,17490,3,898,31,6408,216,10440,34,16848,California
Lake,2021-03-21,14,26434,9,8041,4,17494,1,899,10,6415,4,10444,11,16859,California
Lake,2021-03-22,337,26771,257,8298,65,17559,15,914,249,6591,88,10532,264,17123,California
Lake,2021-03-23,435,27206,22,8320,399,17958,14,928,368,6907,66,10598,382,17505,California
Lake,2021-03-24,420,27626,58,8378,354,18312,8,936,327,7151,92,10690,336,17841,California
Lake,2021-03-25,667,28293,478,8856,184,18496,5,941,170,6828,497,11187,174,18015,California
Lake,2021-03-26,64,28357,31,8887,32,18528,1,942,29,6823,35,11222,30,18045,California
Lake,2021-03-27,307,28664,6,8893,298,18826,3,945,16,6553,289,11511,19,18064,California
Lake,2021-03-28,15,28679,7,8900,8,18834,0,945,8,6554,7,11518,8,18072,California
Lake,2021-03-29,988,29667,286,9186,700,19534,2,947,205,5980,781,12299,207,18279,California
Lake,2021-03-30,467,30134,318,9504,147,19681,2,949,370,6256,96,12395,372,18651,California
Lake,2021-03-31,620,30754,59,9563,561,20242,0,949,437,6519,174,12569,437,19088,California
Lake,2021-04-01,451,31205,237,9800,202,20444,12,961,188,6460,259,12828,200,19288,California
Lake,2021-04-02,220,31425,37,9837,155,20599,28,989,95,6458,125,12953,123,19411,California
Lake,2021-04-03,31,31456,4,9841,24,20623,3,992,11,6452,20,12973,14,19425,California
Lake,2021-04-04,19,31475,11,9852,7,20630,1,993,15,6464,4,12977,16,19441,California
Lake,2021-04-05,648,32123,71,9923,557,21187,20,1013,408,6654,237,13214,427,19868,California
Lake,2021-04-06,475,32598,17,9940,433,21620,25,1038,305,6815,169,13383,330,20198,California
Lake,2021-04-07,522,33120,55,9995,415,22035,52,1090,351,7049,169,13552,403,20601,California
Lake,2021-04-08,606,33726,492,10487,48,22083,66,1156,103,6718,500,14052,169,20770,California
Lake,2021-04-09,279,34005,39,10526,172,22255,68,1224,47,6603,229,14281,114,20884,California
Lake,2021-04-10,252,34257,13,10539,12,22267,227,1451,9,6596,243,14524,236,21120,California
Lake,2021-04-11,20,34277,15,10554,3,22270,2,1453,6,6590,14,14538,8,21128,California
Lake,2021-04-12,1085,35362,234,10788,818,23088,33,1486,246,6031,838,15376,279,21407,California
Lake,2021-04-13,180,35542,109,10897,71,23159,0,1486,52,5955,128,15504,52,21459,California
Lake,2021-04-14,613,36155,34,10931,579,23738,0,1486,553,6448,60,15564,553,22012,California
Lake,2021-04-15,641,36796,190,11121,451,24189,0,1486,330,6467,311,15875,330,22342,California
Lake,2021-04-16,265,37061,25,11146,240,24429,0,1486,71,6345,193,16068,71,22413,California
Lake,2021-04-17,40,37101,9,11155,31,24460,0,1486,29,6363,11,16079,29,22442,California
Lake,2021-04-18,8,37109,5,11160,3,24463,0,1486,0,6355,8,16087,0,22442,California
Lake,2021-04-19,300,37409,41,11201,259,24722,0,1486,251,6557,49,16136,251,22693,California
Lake,2021-04-20,700,38109,282,11483,418,25140,0,1486,93,6045,606,16742,94,22787,California
Lake,2021-04-21,533,38642,62,11545,471,25611,0,1486,197,5906,336,17078,197,22984,California
Lake,2021-04-22,461,39103,46,11591,415,26026,0,1486,316,6078,144,17222,316,23300,California
Lake,2021-04-23,116,39219,58,11649,58,26084,0,1486,69,6101,46,17268,69,23369,California
Lake,2021-04-24,53,39272,8,11657,45,26129,0,1486,39,6126,14,17282,39,23408,California
Lake,2021-04-25,36,39308,19,11676,17,26146,0,1486,24,6138,12,17294,24,23432,California
Lake,2021-04-26,291,39599,81,11757,209,26355,1,1487,87,6022,204,17498,88,23520,California
Lake,2021-04-27,248,39847,23,11780,207,26562,18,1505,86,5964,162,17660,104,23624,California
Lake,2021-04-28,512,40359,47,11827,450,27012,15,1520,92,5652,418,18078,106,23730,California
Lake,2021-04-29,208,40567,81,11908,111,27123,16,1536,110,5679,98,18176,125,23855,California
Lake,2021-04-30,286,40853,43,11951,212,27335,31,1567,147,5718,139,18315,178,24033,California
Lake,2021-05-01,50,40903,28,11979,20,27355,2,1569,35,5741,14,18329,37,24070,California
Lake,2021-05-02,17,40920,8,11987,8,27363,1,1570,9,5743,8,18337,10,24080,California
Lake,2021-05-03,415,41335,28,12015,352,27715,35,1605,64,5492,350,18687,99,24179,California
Lake,2021-05-04,405,41740,217,12232,139,27854,49,1654,125,5387,279,18966,174,24353,California
Lake,2021-05-05,627,42367,42,12274,573,28427,12,1666,84,4942,540,19506,95,24448,California
Lake,2021-05-06,141,42508,19,12293,93,28520,29,1695,72,4973,69,19575,100,24548,California
Lake,2021-05-07,162,42670,25,12318,117,28637,20,1715,104,5041,56,19631,124,24672,California
Lake,2021-05-08,41,42711,5,12323,36,28673,0,1715,36,5072,5,19636,36,24708,California
Lake,2021-05-09,17,42728,2,12325,10,28683,5,1720,10,5080,7,19643,15,24723,California
Lake,2021-05-10,248,42976,12,12337,208,28891,28,1748,59,4979,188,19831,87,24810,California
Lake,2021-05-11,194,43170,25,12362,152,29043,17,1765,116,5035,78,19909,134,24944,California
Lake,2021-05-12,541,43711,32,12394,489,29532,20,1785,56,4625,485,20394,75,25019,California
Lake,2021-05-13,315,44026,68,12462,233,29765,14,1799,74,4474,239,20633,88,25107,California
Lake,2021-05-14,266,44292,81,12543,166,29931,19,1818,161,4550,103,20736,179,25286,California
Lake,2021-05-15,43,44335,17,12560,23,29954,3,1821,27,4564,16,20752,30,25316,California
Lake,2021-05-16,31,44366,18,12578,12,29966,1,1822,17,4568,14,20766,18,25334,California
Lake,2021-05-17,315,44681,41,12619,259,30225,15,1837,84,4439,228,20994,99,25433,California
Lake,2021-05-18,301,44982,65,12684,217,30442,19,1856,174,4506,126,21120,193,25626,California
Lake,2021-05-19,313,45295,57,12741,241,30683,15,1871,88,4385,224,21344,103,25729,California
Lake,2021-05-20,236,45531,60,12801,165,30848,11,1882,93,4346,143,21487,104,25833,California
Lake,2021-05-21,272,45803,51,12852,198,31046,23,1905,113,4325,157,21644,136,25969,California
Lake,2021-05-22,97,45900,55,12907,39,31085,3,1908,48,4327,49,21693,51,26020,California
Lake,2021-05-23,57,45957,28,12935,28,31113,1,1909,29,4329,28,21721,30,26050,California
Lake,2021-05-24,157,46114,37,12972,106,31219,14,1923,71,4328,86,21807,85,26135,California
Lake,2021-05-25,206,46320,57,13029,137,31356,12,1935,74,4283,131,21938,86,26221,California
Lake,2021-05-26,149,46469,42,13071,96,31452,11,1946,54,4255,93,22031,65,26286,California
Lake,2021-05-27,174,46643,47,13118,113,31565,14,1960,60,4216,113,22144,74,26360,California
Lake,2021-05-28,224,46867,20,13138,165,31730,39,1999,50,4133,171,22315,88,26448,California
Lake,2021-05-29,37,46904,10,13148,21,31751,6,2005,14,4130,23,22338,20,26468,California
Lake,2021-05-30,22,46926,6,13154,14,31765,2,2007,12,4134,10,22348,14,26482,California
Lake,2021-05-31,63,46989,21,13175,40,31805,2,2009,53,4179,10,22358,55,26537,California
Lake,2021-06-01,197,47186,37,13212,151,31956,9,2018,68,4128,128,22486,77,26614,California
Lake,2021-06-02,132,47318,45,13257,75,32031,12,2030,54,4116,78,22564,66,26680,California
Lake,2021-06-03,183,47501,55,13312,109,32140,19,2049,79,4110,104,22668,98,26778,California
Lake,2021-06-04,180,47681,51,13363,114,32254,15,2064,45,4037,133,22801,60,26838,California
Lake,2021-06-05,93,47774,57,13420,28,32282,8,2072,55,4062,38,22839,63,26901,California
Lake,2021-06-06,67,47841,37,13457,30,32312,0,2072,23,4041,44,22883,23,26924,California
Lake,2021-06-07,88,47929,28,13485,52,32364,8,2080,30,4022,57,22940,38,26962,California
Lake,2021-06-08,181,48110,68,13553,101,32465,12,2092,68,3989,113,23053,80,27042,California
Lake,2021-06-09,174,48284,43,13596,127,32592,4,2096,38,3897,134,23187,42,27084,California
Lake,2021-06-10,124,48408,60,13656,52,32644,12,2108,50,3885,74,23261,62,27146,California
Lake,2021-06-11,208,48616,67,13723,118,32762,23,2131,48,3798,158,23419,71,27217,California
Lake,2021-06-12,67,48683,39,13762,22,32784,6,2137,34,3805,33,23452,40,27257,California
Lake,2021-06-13,28,48711,15,13777,13,32797,0,2137,13,3803,15,23467,13,27270,California
Lake,2021-06-14,178,48889,86,13863,79,32876,13,2150,49,3737,128,23595,62,27332,California
Lake,2021-06-15,245,49134,65,13928,161,33037,19,2169,78,3667,167,23762,97,27429,California
Lake,2021-06-16,158,49292,56,13984,88,33125,14,2183,54,3632,103,23865,68,27497,California
Lake,2021-06-17,162,49454,75,14059,78,33203,9,2192,66,3612,95,23960,75,27572,California
Lake,2021-06-18,56,49510,2,14061,47,33250,7,2199,14,3591,42,24002,21,27593,California
Lassen,2020-12-16,3,3,3,3,0,0,0,0,3,3,0,0,3,3,California
Lassen,2020-12-17,1,4,1,4,0,0,0,0,1,4,0,0,1,4,California
Lassen,2020-12-18,1,5,1,5,0,0,0,0,1,5,0,0,1,5,California
Lassen,2020-12-19,5,10,5,10,0,0,0,0,5,10,0,0,5,10,California
Lassen,2020-12-20,2,12,2,12,0,0,0,0,2,12,0,0,2,12,California
Lassen,2020-12-21,11,23,11,23,0,0,0,0,11,23,0,0,11,23,California
Lassen,2020-12-22,18,41,18,41,0,0,0,0,18,41,0,0,18,41,California
Lassen,2020-12-23,5,46,5,46,0,0,0,0,5,46,0,0,5,46,California
Lassen,2020-12-24,3,49,3,49,0,0,0,0,3,49,0,0,3,49,California
Lassen,2020-12-28,2,51,1,50,1,1,0,0,2,51,0,0,2,51,California
Lassen,2020-12-29,34,85,34,84,0,1,0,0,34,85,0,0,34,85,California
Lassen,2020-12-30,26,111,25,109,1,2,0,0,26,111,0,0,26,111,California
Lassen,2020-12-31,49,160,42,151,7,9,0,0,49,160,0,0,49,160,California
Lassen,2021-01-02,1,161,0,151,1,10,0,0,1,161,0,0,1,161,California
Lassen,2021-01-04,14,175,2,153,12,22,0,0,14,175,0,0,14,175,California
Lassen,2021-01-05,189,364,51,204,138,160,0,0,189,364,0,0,189,364,California
Lassen,2021-01-06,86,450,35,239,51,211,0,0,82,443,4,4,83,447,California
Lassen,2021-01-07,37,487,1,240,36,247,0,0,36,478,1,5,36,483,California
Lassen,2021-01-08,49,536,2,242,47,294,0,0,49,527,0,5,49,532,California
Lassen,2021-01-09,12,548,6,248,6,300,0,0,12,539,0,5,12,544,California
Lassen,2021-01-11,27,575,5,253,22,322,0,0,27,566,0,5,27,571,California
Lassen,2021-01-12,45,620,25,278,20,342,0,0,29,579,16,21,29,600,California
Lassen,2021-01-13,156,776,14,292,142,484,0,0,144,711,12,33,144,744,California
Lassen,2021-01-14,151,927,10,302,141,625,0,0,146,852,5,38,146,890,California
Lassen,2021-01-15,20,947,2,304,18,643,0,0,20,872,0,38,20,910,California
Lassen,2021-01-16,34,981,33,337,1,644,0,0,34,906,0,38,34,944,California
Lassen,2021-01-17,1,982,0,337,1,645,0,0,1,907,0,38,1,945,California
Lassen,2021-01-18,3,985,2,339,1,646,0,0,2,908,1,39,2,947,California
Lassen,2021-01-19,180,1165,32,371,148,794,0,0,153,1034,27,66,153,1100,California
Lassen,2021-01-20,151,1316,88,459,63,857,0,0,78,1054,58,124,78,1178,California
Lassen,2021-01-21,129,1445,86,545,43,900,0,0,105,1141,18,142,105,1283,California
Lassen,2021-01-22,27,1472,14,559,13,913,0,0,17,1148,10,152,17,1300,California
Lassen,2021-01-24,1,1473,0,559,1,914,0,0,1,1149,0,152,1,1301,California
Lassen,2021-01-25,10,1483,1,560,9,923,0,0,9,1157,1,153,9,1310,California
Lassen,2021-01-26,105,1588,1,561,104,1027,0,0,104,1260,1,154,104,1414,California
Lassen,2021-01-27,57,1645,14,575,43,1070,0,0,42,1287,15,169,42,1456,California
Lassen,2021-01-28,74,1719,7,582,67,1137,0,0,73,1359,1,170,73,1529,California
Lassen,2021-01-29,11,1730,2,584,9,1146,0,0,10,1368,1,171,10,1539,California
Lassen,2021-02-01,46,1776,2,586,44,1190,0,0,23,1368,23,194,23,1562,California
Lassen,2021-02-02,165,1941,6,592,159,1349,0,0,34,1271,131,325,34,1596,California
Lassen,2021-02-03,84,2025,14,606,70,1419,0,0,41,1269,43,368,41,1637,California
Lassen,2021-02-04,100,2125,7,613,93,1512,0,0,52,1273,48,416,52,1689,California
Lassen,2021-02-05,51,2176,5,618,46,1558,0,0,14,1250,37,453,14,1703,California
Lassen,2021-02-06,69,2245,34,652,35,1593,0,0,36,1254,32,485,36,1739,California
Lassen,2021-02-07,1,2246,1,653,0,1593,0,0,1,1255,0,485,1,1740,California
Lassen,2021-02-08,38,2284,3,656,35,1628,0,0,12,1241,26,511,12,1752,California
Lassen,2021-02-09,117,2401,3,659,114,1742,0,0,43,1210,74,585,43,1795,California
Lassen,2021-02-10,148,2549,12,671,136,1878,0,0,43,1148,105,690,43,1838,California
Lassen,2021-02-11,147,2696,6,677,141,2019,0,0,53,1108,93,783,53,1891,California
Lassen,2021-02-12,24,2720,4,681,20,2039,0,0,9,1102,15,798,9,1900,California
Lassen,2021-02-13,9,2729,1,682,8,2047,0,0,7,1107,2,800,7,1907,California
Lassen,2021-02-14,12,2741,0,682,12,2059,0,0,11,1117,1,801,11,1918,California
Lassen,2021-02-15,18,2759,2,684,16,2075,0,0,15,1130,2,803,15,1933,California
Lassen,2021-02-16,180,2939,3,687,177,2252,0,0,20,992,158,961,20,1953,California
Lassen,2021-02-17,136,3075,72,759,64,2316,0,0,5,866,131,1092,5,1958,California
Lassen,2021-02-18,58,3133,9,768,49,2365,0,0,13,834,45,1137,13,1971,California
Lassen,2021-02-19,65,3198,50,818,15,2380,0,0,11,791,54,1191,11,1982,California
Lassen,2021-02-20,7,3205,0,818,7,2387,0,0,6,796,1,1192,6,1988,California
Lassen,2021-02-21,20,3225,0,818,20,2407,0,0,17,810,3,1195,17,2005,California
Lassen,2021-02-22,20,3245,10,828,10,2417,0,0,5,800,15,1210,5,2010,California
Lassen,2021-02-23,143,3388,6,834,137,2554,0,0,43,743,100,1310,43,2053,California
Lassen,2021-02-24,129,3517,8,842,121,2675,0,0,85,785,43,1353,85,2138,California
Lassen,2021-02-25,138,3655,13,855,125,2800,0,0,88,823,50,1403,88,2226,California
Lassen,2021-02-26,61,3716,11,866,50,2850,0,0,33,828,28,1431,33,2259,California
Lassen,2021-02-27,7,3723,7,873,0,2850,0,0,3,827,4,1435,3,2262,California
Lassen,2021-02-28,4,3727,1,874,3,2853,0,0,1,825,3,1438,1,2263,California
Lassen,2021-03-01,25,3752,2,876,23,2876,0,0,5,811,19,1457,5,2268,California
Lassen,2021-03-02,97,3849,5,881,92,2968,0,0,77,869,19,1476,77,2345,California
Lassen,2021-03-03,129,3978,5,886,124,3092,0,0,83,906,46,1522,83,2428,California
Lassen,2021-03-04,142,4120,13,899,129,3221,0,0,93,951,48,1570,93,2521,California
Lassen,2021-03-05,39,4159,1,900,14,3235,24,24,6,948,33,1603,30,2551,California
Lassen,2021-03-06,53,4212,2,902,29,3264,22,46,5,927,48,1651,27,2578,California
Lassen,2021-03-07,55,4267,0,902,0,3264,55,101,0,927,55,1706,55,2633,California
Lassen,2021-03-08,84,4351,2,904,4,3268,78,179,1,923,83,1789,79,2712,California
Lassen,2021-03-09,128,4479,4,908,107,3375,17,196,82,976,46,1835,99,2811,California
Lassen,2021-03-10,119,4598,5,913,113,3488,1,197,72,1003,46,1881,73,2884,California
Lassen,2021-03-11,163,4761,9,922,148,3636,6,203,95,1039,65,1946,101,2985,California
Lassen,2021-03-12,17,4778,7,929,7,3643,3,206,5,1035,12,1958,8,2993,California
Lassen,2021-03-13,48,4826,0,929,2,3645,46,252,1,1034,47,2005,46,3039,California
Lassen,2021-03-14,11,4837,0,929,10,3655,1,253,1,1026,10,2015,2,3041,California
Lassen,2021-03-15,27,4864,2,931,25,3680,0,253,12,1023,15,2030,12,3053,California
Lassen,2021-03-16,86,4950,2,933,80,3760,4,257,72,1085,14,2044,76,3129,California
Lassen,2021-03-17,1083,6033,7,940,1072,4832,4,261,1067,2140,16,2060,1071,4200,California
Lassen,2021-03-18,82,6115,6,946,75,4907,1,262,74,2207,8,2068,75,4275,California
Lassen,2021-03-19,7,6122,3,949,2,4909,2,264,2,2206,5,2073,4,4279,California
Lassen,2021-03-20,15,6137,3,952,10,4919,2,266,9,2211,6,2079,11,4290,California
Lassen,2021-03-21,33,6170,0,952,33,4952,0,266,13,2205,19,2098,13,4303,California
Lassen,2021-03-22,38,6208,1,953,37,4989,0,266,35,2237,3,2101,35,4338,California
Lassen,2021-03-23,108,6316,5,958,103,5092,0,266,57,2243,51,2152,57,4395,California
Lassen,2021-03-24,168,6484,6,964,161,5253,1,267,86,2250,80,2232,87,4482,California
Lassen,2021-03-25,140,6624,13,977,127,5380,0,267,60,2230,80,2312,60,4542,California
Lassen,2021-03-26,67,6691,4,981,26,5406,37,304,13,2226,53,2365,49,4591,California
Lassen,2021-03-27,18,6709,2,983,1,5407,15,319,2,2227,16,2381,17,4608,California
Lassen,2021-03-28,11,6720,1,984,1,5408,9,328,1,2227,10,2391,10,4618,California
Lassen,2021-03-29,52,6772,0,984,27,5435,25,353,20,2241,31,2422,45,4663,California
Lassen,2021-03-30,162,6934,3,987,135,5570,24,377,49,2201,113,2535,73,4736,California
Lassen,2021-03-31,137,7071,8,995,108,5678,21,398,55,2196,81,2616,76,4812,California
Lassen,2021-04-01,148,7219,8,1003,122,5800,18,416,42,2151,105,2721,60,4872,California
Lassen,2021-04-02,25,7244,3,1006,2,5802,20,436,1,2148,24,2745,21,4893,California
Lassen,2021-04-03,12,7256,0,1006,2,5804,10,446,0,2146,12,2757,10,4903,California
Lassen,2021-04-04,5,7261,1,1007,0,5804,4,450,1,2147,4,2761,5,4908,California
Lassen,2021-04-05,15,7276,0,1007,9,5813,6,456,8,2154,7,2768,14,4922,California
Lassen,2021-04-06,164,7440,5,1012,130,5943,29,485,49,2117,115,2883,78,5000,California
Lassen,2021-04-07,118,7558,5,1017,85,6028,28,513,32,2093,86,2969,62,5062,California
Lassen,2021-04-08,153,7711,7,1024,97,6125,49,562,25,2044,123,3092,74,5136,California
Lassen,2021-04-09,41,7752,4,1028,6,6131,31,593,8,2050,32,3124,38,5174,California
Lassen,2021-04-10,8,7760,0,1028,2,6133,6,599,0,2049,7,3131,6,5180,California
Lassen,2021-04-11,5,7765,1,1029,1,6134,3,602,2,2051,3,3134,5,5185,California
Lassen,2021-04-12,29,7794,4,1033,12,6146,13,615,4,2043,25,3159,17,5202,California
Lassen,2021-04-13,115,7909,2,1035,113,6259,0,615,26,1981,88,3247,26,5228,California
Lassen,2021-04-14,980,8889,6,1041,974,7233,0,615,47,1096,932,4179,47,5275,California
Lassen,2021-04-15,131,9020,9,1050,122,7355,0,615,13,991,118,4297,13,5288,California
Lassen,2021-04-16,9,9029,2,1052,7,7362,0,615,5,992,4,4301,5,5293,California
Lassen,2021-04-17,9,9038,2,1054,7,7369,0,615,3,989,6,4307,3,5296,California
Lassen,2021-04-18,4,9042,1,1055,3,7372,0,615,1,987,3,4310,1,5297,California
Lassen,2021-04-19,29,9071,0,1055,29,7401,0,615,15,988,14,4324,15,5312,California
Lassen,2021-04-20,124,9195,5,1060,119,7520,0,615,44,952,80,4404,44,5356,California
Lassen,2021-04-21,131,9326,5,1065,125,7645,1,616,30,884,99,4503,31,5387,California
Lassen,2021-04-22,93,9419,12,1077,81,7726,0,616,25,841,68,4571,25,5412,California
Lassen,2021-04-23,21,9440,0,1077,21,7747,0,616,18,856,3,4574,18,5430,California
Lassen,2021-04-24,9,9449,5,1082,4,7751,0,616,3,853,6,4580,3,5433,California
Lassen,2021-04-25,5,9454,0,1082,4,7755,1,617,3,855,2,4582,4,5437,California
Lassen,2021-04-26,40,9494,1,1083,35,7790,4,621,8,835,32,4614,12,5449,California
Lassen,2021-04-27,102,9596,4,1087,95,7885,3,624,51,838,51,4665,54,5503,California
Lassen,2021-04-28,78,9674,6,1093,70,7955,2,626,27,816,51,4716,29,5532,California
Lassen,2021-04-29,59,9733,5,1098,51,8006,3,629,21,803,37,4753,24,5556,California
Lassen,2021-04-30,12,9745,7,1105,2,8008,3,632,3,800,9,4762,6,5562,California
Lassen,2021-05-01,4,9749,0,1105,3,8011,1,633,3,803,1,4763,4,5566,California
Lassen,2021-05-02,8,9757,4,1109,4,8015,0,633,5,805,3,4766,5,5571,California
Lassen,2021-05-03,15,9772,2,1111,8,8023,5,638,2,799,13,4779,7,5578,California
Lassen,2021-05-04,67,9839,2,1113,58,8081,7,645,19,777,48,4827,26,5604,California
Lassen,2021-05-05,78,9917,3,1116,64,8145,11,656,24,759,53,4880,35,5639,California
Lassen,2021-05-06,65,9982,17,1133,26,8171,22,678,17,750,48,4928,39,5678,California
Lassen,2021-05-07,48,10030,32,1165,11,8182,5,683,41,789,7,4935,46,5724,California
Lassen,2021-05-08,10,10040,0,1165,5,8187,5,688,4,792,6,4941,9,5733,California
Lassen,2021-05-09,1,10041,0,1165,0,8187,1,689,0,792,1,4942,1,5734,California
Lassen,2021-05-10,11,10052,1,1166,6,8193,4,693,4,793,7,4949,8,5742,California
Lassen,2021-05-11,55,10107,0,1166,47,8240,8,701,17,780,38,4987,25,5767,California
Lassen,2021-05-12,41,10148,3,1169,33,8273,5,706,14,772,27,5014,19,5786,California
Lassen,2021-05-13,24,10172,6,1175,13,8286,5,711,7,767,17,5031,12,5798,California
Lassen,2021-05-14,19,10191,2,1177,9,8295,8,719,10,776,9,5040,18,5816,California
Lassen,2021-05-15,16,10207,2,1179,4,8299,10,729,4,778,12,5052,14,5830,California
Lassen,2021-05-16,7,10214,2,1181,3,8302,2,731,2,778,4,5056,4,5834,California
Lassen,2021-05-17,34,10248,3,1184,19,8321,12,743,10,776,24,5080,22,5856,California
Lassen,2021-05-18,80,10328,5,1189,63,8384,12,755,23,754,57,5137,35,5891,California
Lassen,2021-05-19,50,10378,1,1190,41,8425,8,763,6,724,43,5180,13,5904,California
Lassen,2021-05-20,30,10408,6,1196,15,8440,9,772,10,723,20,5200,19,5923,California
Lassen,2021-05-21,63,10471,29,1225,20,8460,14,786,34,742,29,5229,48,5971,California
Lassen,2021-05-22,16,10487,1,1226,7,8467,8,794,6,746,10,5239,14,5985,California
Lassen,2021-05-23,4,10491,2,1228,1,8468,1,795,0,743,4,5243,1,5986,California
Lassen,2021-05-24,12,10503,1,1229,9,8477,2,797,6,746,5,5248,8,5994,California
Lassen,2021-05-25,85,10588,6,1235,70,8547,9,806,31,732,54,5302,40,6034,California
Lassen,2021-05-26,55,10643,0,1235,40,8587,15,821,11,714,44,5346,26,6060,California
Lassen,2021-05-27,42,10685,17,1252,19,8606,6,827,13,705,28,5374,19,6079,California
Lassen,2021-05-28,70,10755,44,1296,18,8624,8,835,29,701,41,5415,37,6116,California
Lassen,2021-05-29,15,10770,1,1297,12,8636,2,837,9,706,6,5421,11,6127,California
Lassen,2021-05-30,2,10772,0,1297,1,8637,1,838,1,707,1,5422,2,6129,California
Lassen,2021-05-31,7,10779,0,1297,6,8643,1,839,1,703,6,5428,2,6131,California
Lassen,2021-06-01,43,10822,1,1298,36,8679,6,845,16,698,27,5455,22,6153,California
Lassen,2021-06-02,49,10871,2,1300,33,8712,14,859,11,686,37,5492,25,6178,California
Lassen,2021-06-03,18,10889,1,1301,8,8720,9,868,5,687,13,5505,14,6192,California
Lassen,2021-06-04,36,10925,1,1302,23,8743,12,880,11,685,25,5530,23,6215,California
Lassen,2021-06-05,13,10938,3,1305,7,8750,3,883,4,683,9,5539,7,6222,California
Lassen,2021-06-06,4,10942,0,1305,1,8751,3,886,1,684,3,5542,4,6226,California
Lassen,2021-06-07,17,10959,0,1305,9,8760,8,894,3,681,14,5556,11,6237,California
Lassen,2021-06-08,34,10993,3,1308,27,8787,4,898,14,679,20,5576,18,6255,California
Lassen,2021-06-09,17,11010,1,1309,14,8801,2,900,7,679,9,5585,9,6264,California
Lassen,2021-06-10,16,11026,9,1318,5,8806,2,902,8,681,8,5593,10,6274,California
Lassen,2021-06-11,39,11065,26,1344,13,8819,0,902,11,665,28,5621,12,6286,California
Lassen,2021-06-12,5,11070,1,1345,4,8823,0,902,1,662,4,5625,1,6287,California
Lassen,2021-06-13,3,11073,2,1347,1,8824,0,902,1,661,2,5627,1,6288,California
Lassen,2021-06-14,8,11081,1,1348,6,8830,1,903,3,661,4,5631,4,6292,California
Lassen,2021-06-15,46,11127,5,1353,36,8866,5,908,14,648,32,5663,19,6311,California
Lassen,2021-06-16,12,11139,2,1355,6,8872,4,912,8,656,4,5667,12,6323,California
Lassen,2021-06-17,18,11157,10,1365,7,8879,1,913,9,657,9,5676,10,6333,California
Lassen,2021-06-18,30,11187,14,1379,11,8890,5,918,3,638,27,5703,8,6341,California
Los Angeles,2020-12-15,397,397,397,397,0,0,0,0,397,397,0,0,397,397,California
Los Angeles,2020-12-16,3591,3988,3591,3988,0,0,0,0,3591,3988,0,0,3591,3988,California
Los Angeles,2020-12-17,10414,14402,10414,14402,0,0,0,0,10415,14403,0,0,10415,14403,California
Los Angeles,2020-12-18,14770,29172,14747,29149,23,23,0,0,14769,29172,0,0,14769,29172,California
Los Angeles,2020-12-19,7285,36457,7276,36425,9,32,0,0,7287,36459,0,0,7287,36459,California
Los Angeles,2020-12-20,4672,41129,4662,41087,10,42,0,0,4674,41133,0,0,4674,41133,California
Los Angeles,2020-12-21,13753,54882,13736,54823,17,59,0,0,13753,54885,1,1,13753,54886,California
Los Angeles,2020-12-22,11585,66467,11190,66013,395,454,0,0,11585,66468,2,3,11585,66471,California
Los Angeles,2020-12-23,12005,78472,10223,76236,1782,2236,0,0,12006,78474,0,3,12006,78477,California
Los Angeles,2020-12-24,7062,85534,4282,80518,2780,5016,0,0,7065,85539,0,3,7065,85542,California
Los Angeles,2020-12-25,532,86066,425,80943,107,5123,0,0,533,86072,0,3,533,86075,California
Los Angeles,2020-12-26,2547,88613,2197,83140,350,5473,0,0,2546,88616,2,5,2546,88621,California
Los Angeles,2020-12-27,1780,90393,1040,84180,740,6213,0,0,1780,90396,0,5,1780,90401,California
Los Angeles,2020-12-28,10392,100785,6436,90616,3956,10169,0,0,10389,100784,1,6,10389,100790,California
Los Angeles,2020-12-29,11684,112469,6122,96738,5562,15731,0,0,11684,112468,0,6,11684,112474,California
Los Angeles,2020-12-30,14964,127433,8135,104873,6829,22560,0,0,14963,127431,0,6,14963,127437,California
Los Angeles,2020-12-31,8013,135446,2782,107655,5231,27791,0,0,8009,135437,3,9,8009,135446,California
Los Angeles,2021-01-01,1089,136535,319,107974,770,28561,0,0,1087,136522,2,11,1087,136533,California
Los Angeles,2021-01-02,4513,141048,1686,109660,2827,31388,0,0,4513,141035,0,11,4513,141046,California
Los Angeles,2021-01-03,975,142023,229,109889,746,32134,0,0,973,142006,2,13,973,142019,California
Los Angeles,2021-01-04,12797,154820,4908,114797,7889,40023,0,0,12782,154786,2,15,12782,154801,California
Los Angeles,2021-01-05,16162,170982,7136,121933,9026,49049,0,0,14233,167126,1900,1915,14240,169041,California
Los Angeles,2021-01-06,22831,193813,12147,134080,10684,59733,0,0,17150,178674,5612,7527,17160,186201,California
Los Angeles,2021-01-07,29657,223470,15973,150053,13684,73417,0,0,18959,186998,10651,18178,18975,205176,California
Los Angeles,2021-01-08,33316,256786,18003,168056,15313,88730,0,0,20998,195715,12291,30469,21008,226184,California
Los Angeles,2021-01-09,12477,269263,7125,175181,5352,94082,0,0,7575,198400,4899,35368,7584,233768,California
Los Angeles,2021-01-10,4717,273980,3658,178839,1059,95141,0,0,1971,197627,2746,38114,1973,235741,California
Los Angeles,2021-01-11,25950,299930,16326,195165,9624,104765,0,0,14961,201622,10977,49091,14972,250713,California
Los Angeles,2021-01-12,29508,329438,16264,211429,13244,118009,0,0,19331,210805,10161,59252,19344,270057,California
Los Angeles,2021-01-13,29477,358915,15702,227131,13775,131784,0,0,20474,222302,8984,68236,20481,290538,California
Los Angeles,2021-01-14,29449,388364,12777,239908,16672,148456,0,0,23880,240649,5546,73782,23893,314431,California
Los Angeles,2021-01-15,34080,422444,12430,252338,21650,170106,0,0,30475,267553,3580,77362,30484,344915,California
Los Angeles,2021-01-16,17748,440192,5015,257353,12733,182839,0,0,15948,281717,1791,79153,15955,360870,California
Los Angeles,2021-01-17,5281,445473,2357,259710,2924,185763,0,0,5024,286488,255,79408,5026,365896,California
Los Angeles,2021-01-18,15790,461263,10168,269878,5622,191385,0,0,11027,292769,4751,84159,11032,376928,California
Los Angeles,2021-01-19,38824,500087,20678,290556,18146,209531,0,0,30970,315943,7812,91971,30986,407914,California
Los Angeles,2021-01-20,46744,546831,24311,314867,22433,231964,0,0,39197,347642,7513,99484,39212,447126,California
Los Angeles,2021-01-21,49263,596094,22573,337440,26690,258654,0,0,44918,388304,4276,103760,44938,492064,California
Los Angeles,2021-01-22,48718,644812,22533,359973,26185,284839,0,0,45230,430122,3439,107199,45257,537321,California
Los Angeles,2021-01-23,34444,679256,15877,375850,18567,303406,0,0,32349,460424,2064,109263,32366,569687,California
Los Angeles,2021-01-24,15839,695095,12256,388106,3583,306989,0,0,15282,475161,548,109811,15285,584972,California
Los Angeles,2021-01-25,39778,734873,16817,404923,22961,329950,0,0,31074,497581,8671,118482,31091,616063,California
Los Angeles,2021-01-26,50175,785048,24955,429878,25220,355170,0,0,41886,531237,8251,126733,41907,657970,California
Los Angeles,2021-01-27,51629,836677,26277,456155,25352,380522,0,0,42148,564073,9338,136071,42174,700144,California
Los Angeles,2021-01-28,49650,886327,23857,480012,25793,406315,0,0,41129,596822,8397,144468,41146,741290,California
Los Angeles,2021-01-29,50266,936593,25985,505997,24281,430596,0,0,40103,627136,9807,154275,40121,781411,California
Los Angeles,2021-01-30,30807,967400,15958,521955,14849,445445,0,0,26467,649352,4257,158532,26473,807884,California
Los Angeles,2021-01-31,13503,980903,10711,532666,2792,448237,0,0,12602,661073,885,159417,12606,820490,California
Los Angeles,2021-02-01,39109,1020012,16805,549471,22304,470541,0,0,28489,678999,10579,169996,28505,848995,California
Los Angeles,2021-02-02,45147,1065159,18259,567730,26888,497429,0,0,32889,699691,12214,182210,32906,881901,California
Los Angeles,2021-02-03,52657,1117816,19831,587561,32826,530255,0,0,37676,722653,14734,196944,37696,919597,California
Los Angeles,2021-02-04,57593,1175409,20943,608504,36650,566905,0,0,39449,744284,17833,214777,39464,959061,California
Los Angeles,2021-02-05,62004,1237413,21394,629898,40610,607515,0,0,39847,762436,21708,236485,39860,998921,California
Los Angeles,2021-02-06,36122,1273535,13764,643662,22358,629873,0,0,27598,781613,8444,244929,27621,1026542,California
Los Angeles,2021-02-07,11266,1284801,8775,652437,2491,632364,0,0,8865,788101,2384,247313,8872,1035414,California
Los Angeles,2021-02-08,47796,1332597,22388,674825,25408,657772,0,0,31459,803371,16195,263508,31465,1066879,California
Los Angeles,2021-02-09,56283,1388880,24948,699773,31335,689107,0,0,28688,804561,27509,291017,28699,1095578,California
Los Angeles,2021-02-10,67352,1456232,29570,729343,37782,726889,0,0,30899,799413,36065,327082,30917,1126495,California
Los Angeles,2021-02-11,58729,1514961,31428,760771,27301,754190,0,0,28406,797963,29866,356948,28416,1154911,California
Los Angeles,2021-02-12,60189,1575150,30041,790812,30148,784338,0,0,26306,790785,33507,390455,26329,1181240,California
Los Angeles,2021-02-13,34004,1609154,19840,810652,14164,798502,0,0,15478,787883,18434,408889,15532,1196772,California
Los Angeles,2021-02-14,21910,1631064,14945,825597,6965,805467,0,0,8817,783680,13029,421918,8826,1205598,California
Los Angeles,2021-02-15,33213,1664277,16193,841790,17020,822487,0,0,18142,786836,15002,436920,18158,1223756,California
Los Angeles,2021-02-16,64805,1729082,33082,874872,31723,854210,0,0,29963,782078,34738,471658,29980,1253736,California
Los Angeles,2021-02-17,65535,1794617,35059,909931,30476,884686,0,0,26562,769884,38771,510429,26577,1280313,California
Los Angeles,2021-02-18,69272,1863889,35385,945316,33887,918573,0,0,28737,758298,40343,550772,28757,1309070,California
Los Angeles,2021-02-19,59071,1922960,36548,981864,22523,941096,0,0,28781,756921,30178,580950,28801,1337871,California
Los Angeles,2021-02-20,33503,1956463,24457,1006321,9046,950142,0,0,16014,755526,17434,598384,16039,1353910,California
Los Angeles,2021-02-21,22796,1979259,21092,1027413,1704,951846,0,0,11215,755232,11514,609898,11220,1365130,California
Los Angeles,2021-02-22,35017,2014276,25547,1052960,9470,961316,0,0,17980,756284,16950,626848,18002,1383132,California
Los Angeles,2021-02-23,55543,2069819,24113,1077073,31430,992746,0,0,21737,744369,33680,660528,21765,1404897,California
Los Angeles,2021-02-24,65605,2135424,29260,1106333,36345,1029091,0,0,28213,735412,37208,697736,28251,1433148,California
Los Angeles,2021-02-25,74771,2210195,34280,1140613,40491,1069582,0,0,38417,737684,36181,733917,38453,1471601,California
Los Angeles,2021-02-26,84415,2294610,39119,1179732,45296,1114878,0,0,47230,748014,36948,770865,47278,1518879,California
Los Angeles,2021-02-27,60926,2355536,26956,1206688,33963,1148841,7,7,30987,749280,29766,800631,31032,1549911,California
Los Angeles,2021-02-28,27340,2382876,18892,1225580,8445,1157286,3,10,19027,760124,8203,808834,19047,1568958,California
Los Angeles,2021-03-01,57793,2440669,33040,1258620,24713,1181999,40,50,34465,771529,23135,831969,34540,1603498,California
Los Angeles,2021-03-02,78202,2518871,38054,1296674,40142,1222141,6,56,49166,791848,28885,860854,49204,1652702,California
Los Angeles,2021-03-03,85840,2604711,44023,1340697,41801,1263942,16,72,54265,814776,31386,892240,54314,1707016,California
Los Angeles,2021-03-04,91810,2696521,46995,1387692,44800,1308742,15,87,58038,839290,33581,925821,58095,1765111,California
Los Angeles,2021-03-05,90554,2787075,44651,1432343,45870,1354612,33,120,60498,870043,29847,955668,60600,1825711,California
Los Angeles,2021-03-06,67654,2854729,34486,1466829,31336,1385948,1832,1952,43592,891573,23912,979580,45442,1871153,California
Los Angeles,2021-03-07,27395,2882124,20856,1487685,5701,1391649,838,2790,21184,907425,6177,985757,22029,1893182,California
Los Angeles,2021-03-08,53071,2935195,28048,1515733,23044,1414693,1979,4769,40027,936514,12929,998686,42018,1935200,California
Los Angeles,2021-03-09,81767,3016962,38856,1554589,39613,1454306,3298,8067,52018,962237,29594,1028280,55317,1990517,California
Los Angeles,2021-03-10,83430,3100392,41029,1595618,37510,1491816,4891,12958,52744,989338,30501,1058781,57602,2048119,California
Los Angeles,2021-03-11,93089,3193481,45449,1641067,40900,1532716,6740,19698,54429,1012016,38456,1097237,61134,2109253,California
Los Angeles,2021-03-12,99316,3292797,44748,1685815,40637,1573353,13931,33629,57824,1042454,41275,1138512,71713,2180966,California
Los Angeles,2021-03-13,76004,3368801,35898,1721713,28122,1601475,11984,45613,45364,1069247,30520,1169032,57313,2238279,California
Los Angeles,2021-03-14,39267,3408068,26370,1748083,10338,1611813,2559,48172,24071,1080744,15119,1184151,26616,2264895,California
Los Angeles,2021-03-15,75152,3483220,36702,1784785,32992,1644805,5458,53630,45471,1102168,29485,1213636,50909,2315804,California
Los Angeles,2021-03-16,100201,3583421,43880,1828665,50430,1695235,5891,59521,64811,1137645,35181,1248817,70658,2386462,California
Los Angeles,2021-03-17,97665,3681086,44369,1873034,44961,1740196,8335,67856,65331,1179058,32115,1280932,73528,2459990,California
Los Angeles,2021-03-18,102176,3783262,48874,1921908,47953,1788149,5349,73205,64796,1212113,37077,1318009,70132,2530122,California
Los Angeles,2021-03-19,109459,3892721,57092,1979000,47582,1835731,4785,77990,67413,1242496,41768,1359777,72151,2602273,California
Los Angeles,2021-03-20,76680,3969401,37887,2016887,34202,1869933,4591,82581,52004,1274598,24480,1384257,56582,2658855,California
Los Angeles,2021-03-21,34771,4004172,25853,2042740,8015,1877948,903,83484,22256,1285369,12388,1396645,23159,2682014,California
Los Angeles,2021-03-22,71109,4075281,41780,2084520,27154,1905102,2175,85659,49833,1316372,21002,1417647,52005,2734019,California
Los Angeles,2021-03-23,96679,4171960,52288,2136808,41147,1946249,3244,88903,58440,1340082,37962,1455609,61672,2795691,California
Los Angeles,2021-03-24,105261,4277221,55843,2192651,46249,1992498,3169,92072,60752,1359817,44176,1499785,63911,2859602,California
Los Angeles,2021-03-25,111041,4388262,59511,2252162,47620,2040118,3910,95982,62287,1377563,48437,1548222,66183,2925785,California
Los Angeles,2021-03-26,115687,4503949,63394,2315556,48054,2088172,4239,100221,63685,1393753,51704,1599926,67894,2993679,California
Los Angeles,2021-03-27,83789,4587738,44106,2359662,37544,2125716,2139,102360,42679,1397737,40836,1640762,44820,3038499,California
Los Angeles,2021-03-28,42336,4630074,28717,2388379,13034,2138750,585,102945,20090,1396299,22115,1662877,20677,3059176,California
Los Angeles,2021-03-29,83260,4713334,46799,2435178,34684,2173434,1777,104722,46169,1407377,36870,1699747,47948,3107124,California
Los Angeles,2021-03-30,109194,4822528,52060,2487238,51189,2224623,5945,110667,56997,1418333,51953,1751700,62909,3170033,California
Los Angeles,2021-03-31,122967,4945495,62156,2549394,51964,2276587,8847,119514,68402,1441286,54236,1805936,77189,3247222,California
Los Angeles,2021-04-01,133815,5079310,62574,2611968,55763,2332350,15478,134992,71642,1466526,61800,1867736,87040,3334262,California
Los Angeles,2021-04-02,132670,5211980,59115,2671083,57950,2390300,15605,150597,70473,1490711,61845,1929581,86030,3420292,California
Los Angeles,2021-04-03,98898,5310878,45273,2716356,39953,2430253,13672,164269,48639,1502896,50058,1979639,62243,3482535,California
Los Angeles,2021-04-04,39314,5350192,20590,2736946,12073,2442326,6651,170920,16388,1503059,22834,2002473,22997,3505532,California
Los Angeles,2021-04-05,94254,5444446,44554,2781500,39370,2481696,10330,181250,44684,1508653,49350,2051823,54944,3560476,California
Los Angeles,2021-04-06,121521,5565967,57193,2838693,43951,2525647,20377,201627,55636,1518931,65614,2117437,75892,3636368,California
Los Angeles,2021-04-07,120674,5686641,54680,2893373,44746,2570393,21248,222875,54522,1528688,65876,2183313,75633,3712001,California
Los Angeles,2021-04-08,133505,5820146,58639,2952012,50641,2621034,24225,247100,60290,1540154,72879,2256192,84345,3796346,California
Los Angeles,2021-04-09,132172,5952318,57130,3009142,50962,2671996,24080,271180,56647,1545516,75199,2331391,80561,3876907,California
Los Angeles,2021-04-10,102076,6054394,43128,3052270,34729,2706725,24219,295399,37372,1542533,64447,2395838,61464,3938371,California
Los Angeles,2021-04-11,41990,6096384,22688,3074958,9803,2716528,9499,304898,14385,1538840,27515,2423353,23822,3962193,California
Los Angeles,2021-04-12,79505,6175889,38798,3113756,34281,2750809,6426,311324,32558,1531054,46725,2470078,38939,4001132,California
Los Angeles,2021-04-13,118246,6294135,59403,3173159,58406,2809215,437,311761,62439,1538426,55539,2525617,62911,4064043,California
Los Angeles,2021-04-14,119982,6414117,59865,3233024,59983,2869198,134,311895,64972,1548853,54718,2580335,65145,4129188,California
Los Angeles,2021-04-15,131284,6545401,70812,3303836,60279,2929477,193,312088,75262,1568495,55721,2636056,75363,4204551,California
Los Angeles,2021-04-16,131582,6676983,69417,3373253,62019,2991496,146,312234,69447,1576328,61809,2697865,69642,4274193,California
Los Angeles,2021-04-17,99376,6776359,51936,3425189,47410,3038906,30,312264,56822,1590945,42316,2740181,56933,4331126,California
Los Angeles,2021-04-18,34509,6810868,22897,3448086,11611,3050517,1,312265,18954,1594463,15469,2755650,18987,4350113,California
Los Angeles,2021-04-19,77023,6887891,40324,3488410,36684,3087201,15,312280,34598,1586950,42211,2797861,34698,4384811,California
Los Angeles,2021-04-20,103380,6991271,50291,3538701,53066,3140267,23,312303,51332,1586568,51799,2849660,51417,4436228,California
Los Angeles,2021-04-21,111132,7102403,52946,3591647,57999,3198266,187,312490,49261,1574525,61526,2911186,49483,4485711,California
Los Angeles,2021-04-22,116705,7219108,59819,3651466,56853,3255119,33,312523,51432,1561069,64935,2976121,51479,4537190,California
Los Angeles,2021-04-23,116175,7335283,63051,3714517,53103,3308222,21,312544,55453,1556146,60404,3036525,55481,4592671,California
Los Angeles,2021-04-24,90395,7425678,57463,3771980,32890,3341112,42,312586,50485,1567014,39672,3076197,50540,4643211,California
Los Angeles,2021-04-25,37985,7463663,25146,3797126,12833,3353945,6,312592,20431,1570013,17438,3093635,20437,4663648,California
Los Angeles,2021-04-26,78128,7541791,40336,3837462,37282,3391227,510,313102,38579,1569776,39325,3132960,39088,4702736,California
Los Angeles,2021-04-27,94417,7636208,45037,3882499,47374,3438601,2006,315108,36479,1550606,57644,3190604,38474,4741210,California
Los Angeles,2021-04-28,86403,7722611,41229,3923728,43079,3481680,2095,317203,34114,1534866,51942,3242546,36202,4777412,California
Los Angeles,2021-04-29,93116,7815727,45920,3969648,44980,3526660,2216,319419,33607,1511573,59110,3301656,35817,4813229,California
Los Angeles,2021-04-30,101049,7916776,49722,4019370,48869,3575529,2458,321877,37042,1487501,63560,3365216,39488,4852717,California
Los Angeles,2021-05-01,75489,7992265,42180,4061550,31791,3607320,1518,323395,28389,1470622,46783,3411999,29904,4882621,California
Los Angeles,2021-05-02,28050,8020315,18011,4079561,9298,3616618,741,324136,10170,1463767,17764,3429763,10909,4893530,California
Los Angeles,2021-05-03,62334,8082649,30169,4109730,29937,3646555,2228,326364,22565,1449038,39507,3469270,24778,4918308,California
Los Angeles,2021-05-04,86968,8169617,47768,4157498,36902,3683457,2298,328662,27336,1419344,59314,3528584,29620,4947928,California
Los Angeles,2021-05-05,89936,8259553,52053,4209551,35491,3718948,2392,331054,25071,1382280,64518,3593102,27454,4975382,California
Los Angeles,2021-05-06,96677,8356230,57986,4267537,36172,3755120,2519,333573,23051,1334588,73250,3666352,25558,5000940,California
Los Angeles,2021-05-07,96847,8453077,57445,4324982,37021,3792141,2381,335954,26789,1294033,69700,3736052,29145,5030085,California
Los Angeles,2021-05-08,64547,8517624,42428,4367410,20421,3812562,1698,337652,17617,1266730,46613,3782665,19310,5049395,California
Los Angeles,2021-05-09,23718,8541342,18054,4385464,4922,3817484,742,338394,6029,1255902,17592,3800257,6764,5056159,California
Los Angeles,2021-05-10,49300,8590642,25938,4411402,21475,3838959,1887,340281,14970,1238647,34103,3834360,16848,5073007,California
Los Angeles,2021-05-11,69065,8659707,37009,4448411,29922,3868881,2134,342415,17913,1207785,50889,3885249,20027,5093034,California
Los Angeles,2021-05-12,70653,8730360,38291,4486702,30083,3898964,2279,344694,20473,1180636,49879,3935128,22730,5115764,California
Los Angeles,2021-05-13,75388,8805748,45491,4532193,28199,3927163,1698,346392,27326,1161964,47684,3982812,29012,5144776,California
Los Angeles,2021-05-14,87323,8893071,55256,4587449,30234,3957397,1833,348225,32967,1142736,54016,4036828,34788,5179564,California
Los Angeles,2021-05-15,75016,8968087,52470,4639919,21037,3978434,1509,349734,28842,1127178,45899,4082727,30341,5209905,California
Los Angeles,2021-05-16,30540,8998627,24147,4664066,5783,3984217,610,350344,12021,1121382,18422,4101149,12626,5222531,California
Los Angeles,2021-05-17,61868,9060495,40036,4704102,20047,4004264,1785,352129,25153,1111822,36471,4137620,26911,5249442,California
Los Angeles,2021-05-18,64879,9125374,38258,4742360,24782,4029046,1839,353968,25781,1100579,38829,4176449,27586,5277028,California
Los Angeles,2021-05-19,67401,9192775,40626,4782986,24933,4053979,1842,355810,29386,1094036,37754,4214203,31211,5308239,California
Los Angeles,2021-05-20,66127,9258902,36888,4819874,27159,4081138,2080,357890,25576,1081506,40180,4254383,27650,5335889,California
Los Angeles,2021-05-21,69916,9328818,42384,4862258,25456,4106594,2076,359966,27673,1069371,41871,4296254,29736,5365625,California
Los Angeles,2021-05-22,57067,9385885,37188,4899446,18225,4124819,1654,361620,23170,1060519,33662,4329916,24810,5390435,California
Los Angeles,2021-05-23,23446,9409331,16138,4915584,6467,4131286,841,362461,10483,1059000,12839,4342755,11320,5401755,California
Los Angeles,2021-05-24,48334,9457665,26481,4942065,20001,4151287,1852,364313,18307,1049343,29804,4372559,20147,5421902,California
Los Angeles,2021-05-25,49668,9507333,28766,4970831,19137,4170424,1765,366078,19322,1040328,30097,4402656,21082,5442984,California
Los Angeles,2021-05-26,47031,9554364,26573,4997404,18623,4189047,1835,367913,19970,1035387,26628,4429284,21687,5464671,California
Los Angeles,2021-05-27,45418,9599782,25335,5022739,18200,4207247,1883,369796,19068,1030185,26109,4455393,20907,5485578,California
Los Angeles,2021-05-28,52131,9651913,29568,5052307,20668,4227915,1895,371691,23342,1026909,28502,4483895,25226,5510804,California
Los Angeles,2021-05-29,30336,9682249,17519,5069826,11776,4239691,1041,372732,14235,1026270,15905,4499800,15266,5526070,California
Los Angeles,2021-05-30,12471,9694720,8182,5078008,3558,4243249,731,373463,5928,1026434,6489,4506289,6653,5532723,California
Los Angeles,2021-05-31,6036,9700756,3731,5081739,2000,4245249,305,373768,1739,1024233,4242,4510531,2041,5534764,California
Los Angeles,2021-06-01,46063,9746819,25858,5107597,18633,4263882,1572,375340,17706,1015466,28021,4538552,19254,5554018,California
Los Angeles,2021-06-02,38405,9785224,22190,5129787,14766,4278648,1449,376789,15392,1009545,22735,4561287,16814,5570832,California
Los Angeles,2021-06-03,42695,9827919,28282,5158069,12861,4291509,1552,378341,15316,999278,27119,4588406,16852,5587684,California
Los Angeles,2021-06-04,52169,9880088,35269,5193338,15230,4306739,1670,380011,17421,983943,34405,4622811,19070,5606754,California
Los Angeles,2021-06-05,42342,9922430,30367,5223705,10605,4317344,1370,381381,12823,968788,29333,4652144,14178,5620932,California
Los Angeles,2021-06-06,14620,9937050,12065,5235770,1824,4319168,731,382112,4099,963159,10454,4662598,4825,5625757,California
Los Angeles,2021-06-07,36740,9973790,26227,5261997,9069,4328237,1444,383556,11865,951772,24683,4687281,13296,5639053,California
Los Angeles,2021-06-08,38188,10011978,26319,5288316,10302,4338539,1567,385123,13029,941485,24869,4712150,14582,5653635,California
Los Angeles,2021-06-09,39643,10051621,28000,5316316,10130,4348669,1513,386636,11780,927137,27621,4739771,13273,5666908,California
Los Angeles,2021-06-10,35898,10087519,24749,5341065,9576,4358245,1573,388209,11508,916027,24174,4763945,13064,5679972,California
Los Angeles,2021-06-11,40870,10128389,28017,5369082,11199,4369444,1654,389863,13515,904119,27063,4791008,15155,5695127,California
Los Angeles,2021-06-12,32722,10161111,23470,5392552,8038,4377482,1214,391077,9917,892595,22643,4813651,11119,5706246,California
Los Angeles,2021-06-13,11441,10172552,8181,5400733,2625,4380107,635,391712,2727,887302,8649,4822300,3356,5709602,California
Los Angeles,2021-06-14,32207,10204759,23139,5423872,7717,4387824,1351,393063,11504,879622,20519,4842819,12839,5722441,California
Los Angeles,2021-06-15,33478,10238237,22500,5446372,9309,4397133,1669,394732,11684,871504,21446,4864265,13328,5735769,California
Los Angeles,2021-06-16,31601,10269838,21759,5468131,8150,4405283,1692,396424,11119,864046,20262,4884527,12804,5748573,California
Los Angeles,2021-06-17,25247,10295085,16500,5484631,7471,4412754,1276,397700,9248,858766,15791,4900318,10511,5759084,California
Los Angeles,2021-06-18,17754,10312839,12549,5497180,4053,4416807,1152,398852,5976,854369,11512,4911830,7115,5766199,California
Madera,2020-12-16,21,21,21,21,0,0,0,0,21,21,0,0,21,21,California
Madera,2020-12-17,12,33,12,33,0,0,0,0,12,33,0,0,12,33,California
Madera,2020-12-18,60,93,60,93,0,0,0,0,60,93,0,0,60,93,California
Madera,2020-12-19,5,98,5,98,0,0,0,0,5,98,0,0,5,98,California
Madera,2020-12-20,13,111,13,111,0,0,0,0,13,111,0,0,13,111,California
Madera,2020-12-21,59,170,59,170,0,0,0,0,59,170,0,0,59,170,California
Madera,2020-12-22,94,264,92,262,2,2,0,0,94,264,0,0,94,264,California
Madera,2020-12-23,67,331,67,329,0,2,0,0,67,331,0,0,67,331,California
Madera,2020-12-24,43,374,38,367,5,7,0,0,43,374,0,0,43,374,California
Madera,2020-12-26,27,401,26,393,1,8,0,0,27,401,0,0,27,401,California
Madera,2020-12-27,27,428,12,405,15,23,0,0,27,428,0,0,27,428,California
Madera,2020-12-28,107,535,36,441,71,94,0,0,107,535,0,0,107,535,California
Madera,2020-12-29,175,710,37,478,138,232,0,0,175,710,0,0,175,710,California
Madera,2020-12-30,224,934,87,565,137,369,0,0,224,934,0,0,224,934,California
Madera,2020-12-31,203,1137,80,645,123,492,0,0,203,1137,0,0,203,1137,California
Madera,2021-01-01,2,1139,1,646,1,493,0,0,2,1139,0,0,2,1139,California
Madera,2021-01-02,88,1227,33,679,55,548,0,0,88,1227,0,0,88,1227,California
Madera,2021-01-03,4,1231,4,683,0,548,0,0,4,1231,0,0,4,1231,California
Madera,2021-01-04,129,1360,66,749,63,611,0,0,129,1360,0,0,129,1360,California
Madera,2021-01-05,278,1638,143,892,135,746,0,0,274,1630,4,4,274,1634,California
Madera,2021-01-06,183,1821,26,918,157,903,0,0,164,1775,19,23,164,1798,California
Madera,2021-01-07,399,2220,117,1035,282,1185,0,0,376,2129,23,46,377,2175,California
Madera,2021-01-08,421,2641,71,1106,350,1535,0,0,366,2442,54,100,367,2542,California
Madera,2021-01-09,36,2677,14,1120,22,1557,0,0,27,2460,9,109,27,2569,California
Madera,2021-01-10,17,2694,14,1134,3,1560,0,0,5,2453,12,121,5,2574,California
Madera,2021-01-11,237,2931,190,1324,47,1607,0,0,196,2608,41,162,196,2770,California
Madera,2021-01-12,387,3318,155,1479,232,1839,0,0,285,2791,102,264,285,3055,California
Madera,2021-01-13,180,3498,90,1569,90,1929,0,0,126,2864,54,318,127,3182,California
Madera,2021-01-14,552,4050,80,1649,472,2401,0,0,520,3352,32,350,520,3702,California
Madera,2021-01-15,597,4647,156,1805,441,2842,0,0,576,3907,21,371,576,4278,California
Madera,2021-01-16,388,5035,49,1854,339,3181,0,0,360,4239,28,399,360,4638,California
Madera,2021-01-17,335,5370,15,1869,320,3501,0,0,331,4566,4,403,331,4969,California
Madera,2021-01-18,78,5448,62,1931,16,3517,0,0,59,4607,18,421,59,5028,California
Madera,2021-01-19,571,6019,134,2065,437,3954,0,0,545,5127,26,447,546,5574,California
Madera,2021-01-20,239,6258,81,2146,158,4112,0,0,211,5311,27,474,211,5785,California
Madera,2021-01-21,238,6496,128,2274,110,4222,0,0,204,5483,32,506,204,5989,California
Madera,2021-01-22,259,6755,82,2356,177,4399,0,0,243,5711,16,522,244,6233,California
Madera,2021-01-23,100,6855,54,2410,46,4445,0,0,76,5763,24,546,76,6309,California
Madera,2021-01-24,97,6952,81,2491,16,4461,0,0,78,5822,19,565,78,6387,California
Madera,2021-01-25,272,7224,126,2617,146,4607,0,0,148,5846,124,689,148,6535,California
Madera,2021-01-26,493,7717,188,2805,305,4912,0,0,301,5957,191,880,302,6837,California
Madera,2021-01-27,747,8464,63,2868,684,5596,0,0,609,6430,138,1018,611,7448,California
Madera,2021-01-28,548,9012,109,2977,439,6035,0,0,442,6767,106,1124,443,7891,California
Madera,2021-01-29,470,9482,94,3071,376,6411,0,0,415,7127,55,1179,415,8306,California
Madera,2021-01-30,505,9987,16,3087,489,6900,0,0,452,7526,53,1232,452,8758,California
Madera,2021-01-31,9,9996,6,3093,3,6903,0,0,8,7533,1,1233,8,8766,California
Madera,2021-02-01,334,10330,148,3241,186,7089,0,0,208,7615,126,1359,208,8974,California
Madera,2021-02-02,254,10584,89,3330,165,7254,0,0,161,7685,92,1451,162,9136,California
Madera,2021-02-03,597,11181,463,3793,134,7388,0,0,478,8047,117,1568,479,9615,California
Madera,2021-02-04,394,11575,126,3919,268,7656,0,0,117,7889,276,1844,118,9733,California
Madera,2021-02-05,984,12559,301,4220,683,8339,0,0,377,7666,601,2445,378,10111,California
Madera,2021-02-06,365,12924,331,4551,34,8373,0,0,325,7952,39,2484,325,10436,California
Madera,2021-02-07,34,12958,6,4557,28,8401,0,0,29,7976,5,2489,29,10465,California
Madera,2021-02-08,389,13347,313,4870,76,8477,0,0,273,8134,115,2604,273,10738,California
Madera,2021-02-09,486,13833,118,4988,368,8845,0,0,203,8058,280,2884,204,10942,California
Madera,2021-02-10,435,14268,149,5137,286,9131,0,0,332,8287,103,2987,332,11274,California
Madera,2021-02-11,936,15204,307,5444,629,9760,0,0,404,8162,530,3517,405,11679,California
Madera,2021-02-12,837,16041,114,5558,723,10483,0,0,311,7956,520,4037,314,11993,California
Madera,2021-02-13,487,16528,46,5604,441,10924,0,0,138,7749,348,4385,141,12134,California
Madera,2021-02-14,399,16927,74,5678,325,11249,0,0,136,7623,263,4648,137,12271,California
Madera,2021-02-15,245,17172,99,5777,146,11395,0,0,174,7727,70,4718,174,12445,California
Madera,2021-02-16,776,17948,179,5956,597,11992,0,0,228,7410,546,5264,229,12674,California
Madera,2021-02-17,616,18564,278,6234,338,12330,0,0,345,7493,264,5528,347,13021,California
Madera,2021-02-18,1302,19866,540,6774,762,13092,0,0,1121,8436,179,5707,1122,14143,California
Madera,2021-02-19,858,20724,540,7314,318,13410,0,0,714,9007,144,5851,715,14858,California
Madera,2021-02-20,1076,21800,987,8301,89,13499,0,0,1005,9943,70,5921,1006,15864,California
Madera,2021-02-21,964,22764,823,9124,141,13640,0,0,959,10897,5,5926,959,16823,California
Madera,2021-02-22,918,23682,839,9963,79,13719,0,0,860,11699,58,5984,860,17683,California
Madera,2021-02-23,737,24419,464,10427,273,13992,0,0,524,12011,212,6196,524,18207,California
Madera,2021-02-24,917,25336,303,10730,614,14606,0,0,385,11865,531,6727,385,18592,California
Madera,2021-02-25,1034,26370,314,11044,720,15326,0,0,599,12031,433,7160,599,19191,California
Madera,2021-02-26,1087,27457,199,11243,888,16214,0,0,702,12350,383,7543,702,19893,California
Madera,2021-02-27,934,28391,294,11537,640,16854,0,0,499,12420,432,7975,502,20395,California
Madera,2021-02-28,195,28586,28,11565,167,17021,0,0,190,12605,5,7980,190,20585,California
Madera,2021-03-01,380,28966,121,11686,259,17280,0,0,197,12621,181,8161,197,20782,California
Madera,2021-03-02,757,29723,349,12035,408,17688,0,0,643,13154,112,8273,645,21427,California
Madera,2021-03-03,1364,31087,734,12769,630,18318,0,0,955,13731,406,8679,983,22410,California
Madera,2021-03-04,1210,32297,531,13300,679,18997,0,0,955,14433,256,8935,958,23368,California
Madera,2021-03-05,1370,33667,420,13720,937,19934,13,13,1085,15259,283,9218,1109,24477,California
Madera,2021-03-06,826,34493,643,14363,151,20085,32,45,505,15477,320,9538,538,25015,California
Madera,2021-03-07,154,34647,26,14389,106,20191,22,67,105,15555,49,9587,127,25142,California
Madera,2021-03-08,603,35250,337,14726,207,20398,59,126,305,15623,298,9885,366,25508,California
Madera,2021-03-09,603,35853,297,15023,273,20671,33,159,413,15887,188,10073,452,25960,California
Madera,2021-03-10,1194,37047,559,15582,557,21228,78,237,762,16301,427,10500,841,26801,California
Madera,2021-03-11,1695,38742,875,16457,493,21721,327,564,776,16498,917,11417,1114,27915,California
Madera,2021-03-12,1582,40324,818,17275,613,22334,151,715,803,16706,776,12193,984,28899,California
Madera,2021-03-13,1892,42216,1335,18610,360,22694,197,912,820,16671,1069,13262,1034,29933,California
Madera,2021-03-14,587,42803,449,19059,105,22799,33,945,294,16708,290,13552,327,30260,California
Madera,2021-03-15,748,43551,233,19292,470,23269,45,990,516,17075,229,13781,596,30856,California
Madera,2021-03-16,939,44490,531,19823,361,23630,47,1037,747,17697,189,13970,811,31667,California
Madera,2021-03-17,1477,45967,983,20806,431,24061,63,1100,913,18212,555,14525,1070,32737,California
Madera,2021-03-18,1960,47927,684,21490,1211,25272,65,1165,977,18367,977,15502,1132,33869,California
Madera,2021-03-19,1594,49521,587,22077,925,26197,82,1247,1038,19016,552,16054,1201,35070,California
Madera,2021-03-20,1192,50713,781,22858,360,26557,51,1298,608,19158,582,16636,724,35794,California
Madera,2021-03-21,1113,51826,910,23768,155,26712,48,1346,387,18871,723,17359,436,36230,California
Madera,2021-03-22,1370,53196,863,24631,441,27153,66,1412,689,18996,678,18037,803,37033,California
Madera,2021-03-23,1415,54611,862,25493,467,27620,86,1498,674,19100,740,18777,844,37877,California
Madera,2021-03-24,956,55567,513,26006,411,28031,32,1530,612,19407,341,19118,648,38525,California
Madera,2021-03-25,1178,56745,533,26539,621,28652,24,1554,650,19576,518,19636,687,39212,California
Madera,2021-03-26,1520,58265,578,27117,808,29460,134,1688,719,19636,797,20433,857,40069,California
Madera,2021-03-27,933,59198,608,27725,302,29762,23,1711,417,19565,512,20945,441,40510,California
Madera,2021-03-28,438,59636,150,27875,228,29990,60,1771,205,19692,232,21177,359,40869,California
Madera,2021-03-29,694,60330,184,28059,480,30470,30,1801,498,20032,192,21369,532,41401,California
Madera,2021-03-30,1076,61406,606,28665,439,30909,31,1832,480,19951,593,21962,512,41913,California
Madera,2021-03-31,1395,62801,544,29209,723,31632,128,1960,425,19541,964,22926,554,42467,California
Madera,2021-04-01,1404,64205,627,29836,726,32358,51,2011,490,19176,904,23830,539,43006,California
Madera,2021-04-02,1610,65815,461,30297,1090,33448,59,2070,478,18593,1121,24951,538,43544,California
Madera,2021-04-03,963,66778,765,31062,179,33627,19,2089,393,18448,568,25519,423,43967,California
Madera,2021-04-04,186,66964,64,31126,120,33747,2,2091,85,18435,101,25620,88,44055,California
Madera,2021-04-05,735,67699,255,31381,422,34169,58,2149,340,18453,394,26014,412,44467,California
Madera,2021-04-06,1716,69415,892,32273,468,34637,356,2505,536,18167,1178,27192,892,45359,California
Madera,2021-04-07,1238,70653,388,32661,702,35339,148,2653,427,17939,808,28000,580,45939,California
Madera,2021-04-08,1733,72386,668,33329,801,36140,264,2917,557,17597,1169,29169,827,46766,California
Madera,2021-04-09,1645,74031,694,34023,805,36945,146,3063,948,18003,692,29861,1098,47864,California
Madera,2021-04-10,981,75012,687,34710,225,37170,69,3132,713,18517,269,30130,783,48647,California
Madera,2021-04-11,817,75829,663,35373,75,37245,79,3211,287,18354,527,30657,364,49011,California
Madera,2021-04-12,813,76642,290,35663,446,37691,77,3288,311,18241,502,31159,389,49400,California
Madera,2021-04-13,1250,77892,615,36278,592,38283,43,3331,728,18502,520,31679,781,50181,California
Madera,2021-04-14,1406,79298,866,37144,540,38823,0,3331,581,18265,824,32503,587,50768,California
Madera,2021-04-15,1187,80485,512,37656,674,39497,1,3332,430,17953,745,33248,433,51201,California
Madera,2021-04-16,1352,81837,541,38197,811,40308,0,3332,373,17361,967,34215,375,51576,California
Madera,2021-04-17,1301,83138,1092,39289,209,40517,0,3332,775,17617,524,34739,780,52356,California
Madera,2021-04-18,250,83388,210,39499,40,40557,0,3332,90,17550,158,34897,91,52447,California
Madera,2021-04-19,814,84202,241,39740,572,41129,1,3333,282,17306,526,35423,282,52729,California
Madera,2021-04-20,872,85074,429,40169,443,41572,0,3333,219,16877,650,36073,221,52950,California
Madera,2021-04-21,861,85935,456,40625,405,41977,0,3333,294,16607,566,36639,296,53246,California
Madera,2021-04-22,1076,87011,514,41139,562,42539,0,3333,373,16282,699,37338,374,53620,California
Madera,2021-04-23,969,87980,304,41443,665,43204,0,3333,335,15988,629,37967,335,53955,California
Madera,2021-04-24,713,88693,469,41912,244,43448,0,3333,250,15780,459,38426,251,54206,California
Madera,2021-04-25,265,88958,158,42070,104,43552,3,3336,117,15757,144,38570,121,54327,California
Madera,2021-04-26,556,89514,99,42169,451,44003,6,3342,128,15466,425,38995,134,54461,California
Madera,2021-04-27,621,90135,274,42443,322,44325,25,3367,314,15500,306,39301,340,54801,California
Madera,2021-04-28,502,90637,198,42641,285,44610,19,3386,244,15506,256,39557,262,55063,California
Madera,2021-04-29,556,91193,245,42886,283,44893,28,3414,260,15506,289,39846,289,55352,California
Madera,2021-04-30,937,92130,506,43392,414,45307,17,3431,271,15134,660,40506,288,55640,California
Madera,2021-05-01,969,93099,870,44262,85,45392,14,3445,389,14958,579,41085,403,56043,California
Madera,2021-05-02,396,93495,349,44611,43,45435,4,3449,145,14856,251,41336,149,56192,California
Madera,2021-05-03,497,93992,197,44808,260,45695,40,3489,99,14600,395,41731,139,56331,California
Madera,2021-05-04,903,94895,433,45241,426,46121,44,3533,212,14165,691,42422,256,56587,California
Madera,2021-05-05,1011,95906,479,45720,471,46592,61,3594,277,13771,732,43154,338,56925,California
Madera,2021-05-06,700,96606,246,45966,421,47013,33,3627,153,13415,542,43696,186,57111,California
Madera,2021-05-07,807,97413,277,46243,509,47522,21,3648,194,13022,607,44303,214,57325,California
Madera,2021-05-08,971,98384,758,47001,202,47724,11,3659,185,12433,785,45088,196,57521,California
Madera,2021-05-09,145,98529,20,47021,114,47838,11,3670,35,12370,109,45197,46,57567,California
Madera,2021-05-10,361,98890,74,47095,275,48113,12,3682,100,12222,260,45457,112,57679,California
Madera,2021-05-11,531,99421,180,47275,342,48455,9,3691,173,12048,356,45813,182,57861,California
Madera,2021-05-12,507,99928,230,47505,241,48696,36,3727,127,11833,378,46191,163,58024,California
Madera,2021-05-13,510,100438,308,47813,170,48866,32,3759,179,11715,329,46520,211,58235,California
Madera,2021-05-14,530,100968,266,48079,240,49106,24,3783,235,11682,292,46812,259,58494,California
Madera,2021-05-15,563,101531,478,48557,77,49183,8,3791,364,11857,197,47009,372,58866,California
Madera,2021-05-16,258,101789,187,48744,39,49222,32,3823,107,11845,151,47160,139,59005,California
Madera,2021-05-17,453,102242,191,48935,233,49455,29,3852,207,11838,243,47403,236,59241,California
Madera,2021-05-18,549,102791,367,49302,159,49614,23,3875,290,11896,255,47658,313,59554,California
Madera,2021-05-19,490,103281,224,49526,244,49858,22,3897,218,11865,271,47929,240,59794,California
Madera,2021-05-20,590,103871,270,49796,282,50140,38,3935,233,11785,351,48280,271,60065,California
Madera,2021-05-21,504,104375,192,49988,284,50424,28,3963,194,11702,305,48585,222,60287,California
Madera,2021-05-22,904,105279,819,50807,73,50497,12,3975,532,11875,371,48956,544,60831,California
Madera,2021-05-23,263,105542,236,51043,17,50514,10,3985,139,11901,123,49079,149,60980,California
Madera,2021-05-24,301,105843,135,51178,125,50639,41,4026,117,11876,183,49262,158,61138,California
Madera,2021-05-25,382,106225,168,51346,181,50820,33,4059,154,11837,226,49488,187,61325,California
Madera,2021-05-26,444,106669,259,51605,163,50983,22,4081,237,11892,204,49692,259,61584,California
Madera,2021-05-27,378,107047,136,51741,204,51187,38,4119,137,11830,237,49929,175,61759,California
Madera,2021-05-28,450,107497,173,51914,249,51436,28,4147,180,11770,268,50197,208,61967,California
Madera,2021-05-29,306,107803,215,52129,73,51509,18,4165,167,11816,139,50336,185,62152,California
Madera,2021-05-30,61,107864,27,52156,30,51539,4,4169,28,11816,32,50368,32,62184,California
Madera,2021-05-31,26,107890,9,52165,13,51552,4,4173,12,11818,14,50382,16,62200,California
Madera,2021-06-01,292,108182,148,52313,121,51673,23,4196,111,11773,179,50561,134,62334,California
Madera,2021-06-02,397,108579,127,52440,247,51920,23,4219,120,11640,276,50837,143,62477,California
Madera,2021-06-03,280,108859,149,52589,116,52036,15,4234,91,11557,189,51026,106,62583,California
Madera,2021-06-04,381,109240,244,52833,126,52162,11,4245,151,11490,229,51255,162,62745,California
Madera,2021-06-05,512,109752,385,53218,114,52276,13,4258,147,11290,360,51615,160,62905,California
Madera,2021-06-06,134,109886,114,53332,13,52289,7,4265,38,11239,96,51711,45,62950,California
Madera,2021-06-07,252,110138,157,53489,74,52363,21,4286,46,11100,206,51917,67,63017,California
Madera,2021-06-08,387,110525,273,53762,93,52456,21,4307,99,10932,288,52205,120,63137,California
Madera,2021-06-09,374,110899,237,53999,110,52566,27,4334,142,10870,231,52436,169,63306,California
Madera,2021-06-10,341,111240,196,54195,129,52695,16,4350,116,10779,223,52659,132,63438,California
Madera,2021-06-11,379,111619,220,54415,127,52822,32,4382,169,10769,209,52868,199,63637,California
Madera,2021-06-12,578,112197,508,54923,54,52876,16,4398,95,10397,483,53351,111,63748,California
Madera,2021-06-13,190,112387,156,55079,29,52905,5,4403,53,10319,136,53487,58,63806,California
Madera,2021-06-14,222,112609,159,55238,41,52946,22,4425,86,10294,133,53620,108,63914,California
Madera,2021-06-15,360,112969,249,55487,78,53024,33,4458,154,10277,204,53824,187,64101,California
Madera,2021-06-16,321,113290,246,55733,61,53085,14,4472,117,10208,200,54024,131,64232,California
Madera,2021-06-17,234,113524,103,55836,121,53206,10,4482,89,10163,144,54168,99,64331,California
Madera,2021-06-18,167,113691,87,55923,57,53263,23,4505,56,10131,110,54278,78,64409,California
Marin,2020-12-15,2,2,2,2,0,0,0,0,2,2,0,0,2,2,California
Marin,2020-12-16,109,111,109,111,0,0,0,0,109,111,0,0,109,111,California
Marin,2020-12-17,270,381,270,381,0,0,0,0,270,381,0,0,270,381,California
Marin,2020-12-18,387,768,387,768,0,0,0,0,387,768,0,0,387,768,California
Marin,2020-12-19,346,1114,345,1113,1,1,0,0,346,1114,0,0,346,1114,California
Marin,2020-12-20,166,1280,165,1278,1,2,0,0,166,1280,0,0,166,1280,California
Marin,2020-12-21,237,1517,234,1512,3,5,0,0,237,1517,0,0,237,1517,California
Marin,2020-12-22,519,2036,314,1826,205,210,0,0,519,2036,0,0,519,2036,California
Marin,2020-12-23,725,2761,314,2140,411,621,0,0,725,2761,0,0,725,2761,California
Marin,2020-12-24,355,3116,158,2298,197,818,0,0,355,3116,0,0,355,3116,California
Marin,2020-12-25,26,3142,0,2298,26,844,0,0,26,3142,0,0,26,3142,California
Marin,2020-12-26,144,3286,95,2393,49,893,0,0,144,3286,0,0,144,3286,California
Marin,2020-12-27,90,3376,54,2447,36,929,0,0,90,3376,0,0,90,3376,California
Marin,2020-12-28,407,3783,97,2544,310,1239,0,0,407,3783,0,0,407,3783,California
Marin,2020-12-29,399,4182,88,2632,311,1550,0,0,399,4182,0,0,399,4182,California
Marin,2020-12-30,629,4811,390,3022,239,1789,0,0,629,4811,0,0,629,4811,California
Marin,2020-12-31,201,5012,35,3057,166,1955,0,0,200,5010,1,1,200,5011,California
Marin,2021-01-01,29,5041,14,3071,15,1970,0,0,29,5039,0,1,29,5040,California
Marin,2021-01-02,111,5152,105,3176,6,1976,0,0,111,5150,0,1,111,5151,California
Marin,2021-01-03,49,5201,31,3207,18,1994,0,0,45,5195,0,1,45,5196,California
Marin,2021-01-04,296,5497,193,3400,103,2097,0,0,295,5489,1,2,295,5491,California
Marin,2021-01-05,365,5862,217,3617,148,2245,0,0,322,5768,43,45,322,5813,California
Marin,2021-01-06,819,6681,317,3934,502,2747,0,0,638,6225,181,226,638,6451,California
Marin,2021-01-07,883,7564,494,4428,389,3136,0,0,529,6400,354,580,529,6980,California
Marin,2021-01-08,966,8530,511,4939,455,3591,0,0,582,6599,383,963,582,7562,California
Marin,2021-01-09,622,9152,221,5160,401,3992,0,0,493,6963,129,1092,493,8055,California
Marin,2021-01-10,132,9284,103,5263,29,4021,0,0,57,6945,75,1167,57,8112,California
Marin,2021-01-11,470,9754,326,5589,144,4165,0,0,248,6973,222,1389,250,8362,California
Marin,2021-01-12,932,10686,538,6127,394,4559,0,0,566,7177,362,1751,566,8928,California
Marin,2021-01-13,1170,11856,493,6620,677,5236,0,0,937,7881,233,1984,937,9865,California
Marin,2021-01-14,1064,12920,316,6936,748,5984,0,0,914,8647,148,2132,914,10779,California
Marin,2021-01-15,1160,14080,351,7287,809,6793,0,0,1031,9552,128,2260,1033,11812,California
Marin,2021-01-16,1122,15202,915,8202,207,7000,0,0,1046,10522,76,2336,1046,12858,California
Marin,2021-01-17,1233,16435,1114,9316,119,7119,0,0,1204,11701,28,2364,1207,14065,California
Marin,2021-01-18,361,16796,159,9475,202,7321,0,0,312,11964,49,2413,312,14377,California
Marin,2021-01-19,1155,17951,911,10386,244,7565,0,0,982,12774,172,2585,982,15359,California
Marin,2021-01-20,1797,19748,1209,11595,588,8153,0,0,1066,13122,719,3304,1067,16426,California
Marin,2021-01-21,1681,21429,1063,12658,618,8771,0,0,1324,14095,354,3658,1327,17753,California
Marin,2021-01-22,1713,23142,1095,13753,618,9389,0,0,1541,15466,172,3830,1543,19296,California
Marin,2021-01-23,1856,24998,1354,15107,502,9891,0,0,1770,17150,86,3916,1770,21066,California
Marin,2021-01-24,614,25612,165,15272,449,10340,0,0,582,17700,32,3948,582,21648,California
Marin,2021-01-25,1122,26734,229,15501,893,11233,0,0,686,17951,436,4384,687,22335,California
Marin,2021-01-26,1523,28257,780,16281,743,11976,0,0,1142,18713,380,4764,1142,23477,California
Marin,2021-01-27,1720,29977,890,17171,830,12806,0,0,1355,19706,363,5127,1356,24833,California
Marin,2021-01-28,2081,32058,1068,18239,1013,13819,0,0,1817,21261,263,5390,1818,26651,California
Marin,2021-01-29,2208,34266,1437,19676,771,14590,0,0,2011,23088,185,5575,2012,28663,California
Marin,2021-01-30,1720,35986,908,20584,812,15402,0,0,1642,24653,78,5653,1643,30306,California
Marin,2021-01-31,460,36446,324,20908,136,15538,0,0,433,25059,27,5680,433,30739,California
Marin,2021-02-01,1095,37541,416,21324,679,16217,0,0,896,25758,198,5878,897,31636,California
Marin,2021-02-02,1412,38953,493,21817,919,17136,0,0,747,25852,654,6532,748,32384,California
Marin,2021-02-03,1783,40736,421,22238,1362,18498,0,0,1277,26625,504,7036,1277,33661,California
Marin,2021-02-04,1523,42259,500,22738,1023,19521,0,0,924,26954,595,7631,924,34585,California
Marin,2021-02-05,2167,44426,672,23410,1495,21016,0,0,1331,27453,832,8463,1331,35916,California
Marin,2021-02-06,1428,45854,846,24256,582,21598,0,0,603,27232,824,9287,603,36519,California
Marin,2021-02-07,1290,47144,1006,25262,284,21882,0,0,489,26921,800,10087,489,37008,California
Marin,2021-02-08,1531,48675,752,26014,779,22661,0,0,730,26853,798,10885,730,37738,California
Marin,2021-02-09,1784,50459,1125,27139,659,23320,0,0,837,26743,947,11832,837,38575,California
Marin,2021-02-10,2335,52794,1491,28630,844,24164,0,0,1214,26839,1119,12951,1215,39790,California
Marin,2021-02-11,2864,55658,1638,30268,1226,25390,0,0,1444,26871,1415,14366,1447,41237,California
Marin,2021-02-12,3055,58713,1533,31801,1522,26912,0,0,1549,26918,1503,15869,1550,42787,California
Marin,2021-02-13,2323,61036,1243,33044,1080,27992,0,0,1119,26835,1202,17071,1119,43906,California
Marin,2021-02-14,815,61851,302,33346,513,28505,0,0,722,27465,93,17164,723,44629,California
Marin,2021-02-15,1216,63067,354,33700,862,29367,0,0,838,27926,378,17542,839,45468,California
Marin,2021-02-16,2470,65537,1052,34752,1418,30785,0,0,1504,28465,965,18507,1504,46972,California
Marin,2021-02-17,2097,67634,938,35690,1159,31944,0,0,1081,28532,1014,19521,1081,48053,California
Marin,2021-02-18,2412,70046,1587,37277,825,32769,0,0,1056,28235,1353,20874,1056,49109,California
Marin,2021-02-19,2787,72833,2177,39454,610,33379,0,0,1236,27935,1537,22411,1237,50346,California
Marin,2021-02-20,2623,75456,2156,41610,467,33846,0,0,1254,27830,1361,23772,1256,51602,California
Marin,2021-02-21,1330,76786,1131,42741,199,34045,0,0,947,28398,379,24151,947,52549,California
Marin,2021-02-22,1854,78640,1425,44166,429,34474,0,0,1226,28999,625,24776,1226,53775,California
Marin,2021-02-23,2898,81538,1668,45834,1230,35704,0,0,1940,29995,945,25721,1941,55716,California
Marin,2021-02-24,3538,85076,1637,47471,1901,37605,0,0,2270,31006,1260,26981,2271,57987,California
Marin,2021-02-25,4082,89158,1928,49399,2154,39759,0,0,2885,32705,1188,28169,2887,60874,California
Marin,2021-02-26,3664,92822,1996,51395,1668,41427,0,0,2643,34340,1009,29178,2644,63518,California
Marin,2021-02-27,2735,95557,1613,53008,1122,42549,0,0,1893,35398,837,30015,1895,65413,California
Marin,2021-02-28,1646,97203,923,53931,723,43272,0,0,1302,36359,341,30356,1302,66715,California
Marin,2021-03-01,2684,99887,1669,55600,1014,44286,1,1,1810,37306,864,31220,1811,68526,California
Marin,2021-03-02,2521,102408,1692,57292,829,45115,0,1,1722,38234,795,32015,1723,70249,California
Marin,2021-03-03,4366,106774,2430,59722,1932,47047,4,5,2826,39530,1534,33549,2830,73079,California
Marin,2021-03-04,3392,110166,1661,61383,1730,48777,1,6,2377,40903,1008,34557,2381,75460,California
Marin,2021-03-05,3061,113227,1166,62549,1883,50660,12,18,1796,41451,1260,35817,1808,77268,California
Marin,2021-03-06,3236,116463,2325,64874,835,51495,76,94,2661,43619,570,36387,2738,80006,California
Marin,2021-03-07,1390,117853,1173,66047,193,51688,24,118,993,44244,392,36779,1017,81023,California
Marin,2021-03-08,1886,119739,1386,67433,384,52072,116,234,1410,45298,472,37251,1526,82549,California
Marin,2021-03-09,2223,121962,1341,68774,771,52843,111,345,1544,46275,676,37927,1653,84202,California
Marin,2021-03-10,4475,126437,2517,71291,1663,54506,295,640,3231,48563,1239,39166,3527,87729,California
Marin,2021-03-11,4594,131031,1884,73175,2576,57082,134,774,3295,50700,1292,40458,3429,91158,California
Marin,2021-03-12,3974,135005,1548,74723,2076,59158,350,1124,1562,50211,2401,42859,1912,93070,California
Marin,2021-03-13,4100,139105,2870,77593,1160,60318,70,1194,2384,50948,1712,44571,2449,95519,California
Marin,2021-03-14,2293,141398,1105,78698,1071,61389,117,1311,706,50184,1585,46156,821,96340,California
Marin,2021-03-15,3241,144639,1773,80471,1420,62809,48,1359,1202,49407,2027,48183,1250,97590,California
Marin,2021-03-16,4293,148932,2317,82788,1610,64419,366,1725,1454,48390,2835,51018,1818,99408,California
Marin,2021-03-17,4204,153136,2285,85073,1870,66289,49,1774,2048,48342,2144,53162,2096,101504,California
Marin,2021-03-18,4479,157615,2262,87335,2142,68431,75,1849,2124,48201,2337,55499,2196,103700,California
Marin,2021-03-19,4477,162092,2287,89622,1969,70400,221,2070,2329,48611,2137,57636,2547,106247,California
Marin,2021-03-20,3594,165686,1992,91614,1489,71889,113,2183,1929,48999,1655,59291,2043,108290,California
Marin,2021-03-21,1536,167222,1138,92752,376,72265,22,2205,793,49074,740,60031,815,109105,California
Marin,2021-03-22,2478,169700,2145,94897,169,72434,164,2369,894,48554,1578,61609,1058,110163,California
Marin,2021-03-23,4254,173954,2201,97098,1923,74357,130,2499,1867,48172,2379,63988,1997,112160,California
Marin,2021-03-24,4460,178414,2911,100009,1438,75795,111,2610,1807,47448,2640,66628,1916,114076,California
Marin,2021-03-25,4659,183073,2843,102852,1743,77538,73,2683,2253,47380,2392,69020,2324,116400,California
Marin,2021-03-26,4312,187385,2346,105198,1752,79290,214,2897,2403,48104,1893,70913,2617,119017,California
Marin,2021-03-27,3701,191086,2665,107863,1019,80309,17,2914,1134,46697,2557,73470,1150,120167,California
Marin,2021-03-28,2386,193472,1722,109585,658,80967,6,2920,835,45994,1544,75014,841,121008,California
Marin,2021-03-29,2687,196159,2098,111683,564,81531,25,2945,1138,45611,1546,76560,1163,122171,California
Marin,2021-03-30,4658,200817,3650,115333,975,82506,33,2978,2952,46892,1704,78264,2985,125156,California
Marin,2021-03-31,5851,206668,4149,119482,1652,84158,50,3028,2550,46203,3289,81553,2600,127756,California
Marin,2021-04-01,4452,211120,2284,121766,1915,86073,253,3281,2111,46237,2329,83882,2363,130119,California
Marin,2021-04-02,3736,214856,1861,123627,1505,87578,370,3651,1998,46867,1730,85612,2360,132479,California
Marin,2021-04-03,3859,218715,2514,126141,968,88546,377,4028,1460,46319,2387,87999,1839,134318,California
Marin,2021-04-04,1643,220358,1239,127380,203,88749,201,4229,1199,47277,442,88441,1400,135718,California
Marin,2021-04-05,2205,222563,1536,128916,295,89044,374,4603,1269,47987,931,89372,1641,137359,California
Marin,2021-04-06,3973,226536,2108,131024,1309,90353,556,5159,2209,48992,1758,91130,2763,140122,California
Marin,2021-04-07,3959,230495,1990,133014,1324,91677,645,5804,1431,48550,2518,93648,2076,142198,California
Marin,2021-04-08,5062,235557,1975,134989,2478,94155,609,6413,2308,48715,2742,96390,2907,145105,California
Marin,2021-04-09,3997,239554,1561,136550,1703,95858,733,7146,1321,48095,2671,99061,2051,147156,California
Marin,2021-04-10,3217,242771,1486,138036,1298,97156,433,7579,1450,48222,1752,100813,1879,149035,California
Marin,2021-04-11,1059,243830,808,138844,89,97245,162,7741,474,48274,583,101396,635,149670,California
Marin,2021-04-12,1732,245562,1235,140079,337,97582,160,7901,918,48542,811,102207,1079,150749,California
Marin,2021-04-13,3761,249323,2303,142382,1451,99033,7,7908,1389,47577,2361,104568,1396,152145,California
Marin,2021-04-14,4235,253558,2542,144924,1690,100723,3,7911,1733,46834,2477,107045,1734,153879,California
Marin,2021-04-15,5640,259198,3990,148914,1650,102373,0,7911,3237,47688,2389,109434,3243,157122,California
Marin,2021-04-16,4295,263493,2250,151164,2042,104415,3,7914,2092,47607,2187,111621,2106,159228,California
Marin,2021-04-17,3570,267063,2173,153337,1397,105812,0,7914,1782,47617,1782,113403,1792,161020,California
Marin,2021-04-18,3189,270252,3098,156435,91,105903,0,7914,2553,49544,633,114036,2560,163580,California
Marin,2021-04-19,2048,272300,1881,158316,167,106070,0,7914,1159,49827,884,114920,1167,164747,California
Marin,2021-04-20,3688,275988,2548,160864,1140,107210,0,7914,1465,49078,2215,117135,1466,166213,California
Marin,2021-04-21,4008,279996,2943,163807,1062,108272,3,7917,1353,47794,2638,119773,1354,167567,California
Marin,2021-04-22,4226,284222,3221,167028,1005,109277,0,7917,1486,46555,2729,122502,1490,169057,California
Marin,2021-04-23,3209,287431,1802,168830,1407,110684,0,7917,1216,45792,1980,124482,1217,170274,California
Marin,2021-04-24,2508,289939,1679,170509,829,111513,0,7917,914,45124,1582,126064,914,171188,California
Marin,2021-04-25,1375,291314,1261,171770,114,111627,0,7917,303,44364,1063,127127,303,171491,California
Marin,2021-04-26,1614,292928,1389,173159,222,111849,3,7920,386,43529,1225,128352,390,171881,California
Marin,2021-04-27,3039,295967,2197,175356,792,112641,50,7970,979,42503,2051,130403,1025,172906,California
Marin,2021-04-28,2305,298272,1585,176941,668,113309,52,8022,731,41713,1572,131975,782,173688,California
Marin,2021-04-29,2889,301161,1977,178918,850,114159,62,8084,795,40488,2083,134058,858,174546,California
Marin,2021-04-30,1954,303115,1275,180193,592,114751,87,8171,694,40018,1251,135309,781,175327,California
Marin,2021-05-01,1837,304952,1021,181214,793,115544,23,8194,545,39301,1284,136593,567,175894,California
Marin,2021-05-02,726,305678,584,181798,113,115657,29,8223,198,39005,522,137115,226,176120,California
Marin,2021-05-03,1206,306884,983,182781,166,115823,57,8280,253,38365,949,138064,309,176429,California
Marin,2021-05-04,2940,309824,1969,184750,879,116702,92,8372,479,36483,2453,140517,571,177000,California
Marin,2021-05-05,2732,312556,2006,186756,601,117303,125,8497,440,34762,2285,142802,564,177564,California
Marin,2021-05-06,3262,315818,2532,189288,642,117945,88,8585,427,32448,2826,145628,512,178076,California
Marin,2021-05-07,2034,317852,1540,190828,408,118353,86,8671,378,31260,1649,147277,461,178537,California
Marin,2021-05-08,2469,320321,1862,192690,485,118838,122,8793,341,29603,2120,149397,463,179000,California
Marin,2021-05-09,981,321302,897,193587,65,118903,19,8812,118,28881,860,150257,138,179138,California
Marin,2021-05-10,1403,322705,1148,194735,185,119088,70,8882,202,27956,1196,151453,271,179409,California
Marin,2021-05-11,2306,325011,1840,196575,410,119498,56,8938,294,26295,2010,153463,349,179758,California
Marin,2021-05-12,1427,326438,1047,197622,311,119809,69,9007,288,25516,1134,154597,355,180113,California
Marin,2021-05-13,2595,329033,2248,199870,293,120102,54,9061,1408,25797,1180,155777,1461,181574,California
Marin,2021-05-14,2199,331232,1449,201319,651,120753,99,9160,878,25458,1315,157092,976,182550,California
Marin,2021-05-15,2728,333960,2262,203581,386,121139,80,9240,1657,26125,1070,158162,1737,184287,California
Marin,2021-05-16,1644,335604,1591,205172,48,121187,5,9245,1332,27152,310,158472,1337,185624,California
Marin,2021-05-17,2130,337734,1982,207154,105,121292,43,9288,1703,28478,420,158892,1746,187370,California
Marin,2021-05-18,1526,339260,1184,208338,286,121578,56,9344,796,28604,724,159616,850,188220,California
Marin,2021-05-19,1536,340796,1242,209580,224,121802,70,9414,779,28700,751,160367,847,189067,California
Marin,2021-05-20,1811,342607,1486,211066,240,122042,85,9499,753,28489,1050,161417,839,189906,California
Marin,2021-05-21,1441,344048,840,211906,552,122594,49,9548,435,27974,999,162416,484,190390,California
Marin,2021-05-22,1421,345469,1078,212984,285,122879,58,9606,958,28530,460,162876,1016,191406,California
Marin,2021-05-23,474,345943,420,213404,42,122921,12,9618,221,28513,251,163127,234,191640,California
Marin,2021-05-24,641,346584,490,213894,110,123031,41,9659,352,28619,286,163413,392,192032,California
Marin,2021-05-25,994,347578,625,214519,323,123354,46,9705,312,28301,674,164087,356,192388,California
Marin,2021-05-26,705,348283,481,215000,175,123529,49,9754,259,28167,442,164529,308,192696,California
Marin,2021-05-27,1028,349311,662,215662,287,123816,79,9833,344,27908,682,165211,423,193119,California
Marin,2021-05-28,1096,350407,714,216376,303,124119,79,9912,324,27541,768,165979,401,193520,California
Marin,2021-05-29,373,350780,215,216591,148,124267,10,9922,213,27604,160,166139,223,193743,California
Marin,2021-05-30,100,350880,59,216650,36,124303,5,9927,58,27626,41,166180,63,193806,California
Marin,2021-05-31,27,350907,13,216663,13,124316,1,9928,14,27628,13,166193,15,193821,California
Marin,2021-06-01,753,351660,547,217210,161,124477,45,9973,325,27571,426,166619,369,194190,California
Marin,2021-06-02,624,352284,476,217686,96,124573,52,10025,217,27435,403,167022,267,194457,California
Marin,2021-06-03,1491,353775,1321,219007,112,124685,58,10083,237,26479,1251,168273,295,194752,California
Marin,2021-06-04,1016,354791,858,219865,126,124811,32,10115,184,25865,830,169103,216,194968,California
Marin,2021-06-05,1923,356714,1707,221572,168,124979,48,10163,320,24637,1596,170699,368,195336,California
Marin,2021-06-06,1404,358118,1355,222927,15,124994,34,10197,200,23668,1203,171902,234,195570,California
Marin,2021-06-07,1940,360058,1822,224749,68,125062,50,10247,249,22280,1686,173588,298,195868,California
Marin,2021-06-08,980,361038,871,225620,68,125130,41,10288,234,21816,739,174327,275,196143,California
Marin,2021-06-09,743,361781,669,226289,65,125195,9,10297,137,21357,605,174932,146,196289,California
Marin,2021-06-10,882,362663,774,227063,60,125255,48,10345,181,20889,697,175629,229,196518,California
Marin,2021-06-11,680,363343,577,227640,71,125326,32,10377,143,20527,537,176166,175,196693,California
Marin,2021-06-12,921,364264,790,228430,90,125416,41,10418,155,19960,763,176929,196,196889,California
Marin,2021-06-13,413,364677,381,228811,20,125436,12,10430,67,19696,343,177272,79,196968,California
Marin,2021-06-14,870,365547,742,229553,80,125516,48,10478,216,19308,650,177922,262,197230,California
Marin,2021-06-15,540,366087,430,229983,85,125601,25,10503,171,19136,368,178290,196,197426,California
Marin,2021-06-16,481,366568,401,230384,37,125638,43,10546,159,19020,317,178607,201,197627,California
Marin,2021-06-17,525,367093,460,230844,37,125675,28,10574,177,18877,347,178954,204,197831,California
Marin,2021-06-18,253,367346,201,231045,30,125705,22,10596,94,18836,156,179110,115,197946,California
Mariposa,2020-12-17,37,37,37,37,0,0,0,0,39,39,0,0,39,39,California
Mariposa,2020-12-18,55,92,55,92,0,0,0,0,56,95,0,0,56,95,California
Mariposa,2020-12-20,2,94,2,94,0,0,0,0,2,97,0,0,2,97,California
Mariposa,2020-12-21,48,142,48,142,0,0,0,0,52,149,0,0,52,149,California
Mariposa,2020-12-22,6,148,6,148,0,0,0,0,6,155,0,0,6,155,California
Mariposa,2020-12-23,17,165,17,165,0,0,0,0,17,172,0,0,17,172,California
Mariposa,2020-12-24,1,166,0,165,1,1,0,0,0,172,1,1,1,173,California
Mariposa,2020-12-26,1,167,1,166,0,1,0,0,1,173,0,1,1,174,California
Mariposa,2020-12-27,1,168,0,166,1,2,0,0,1,174,0,1,1,175,California
Mariposa,2020-12-28,6,174,3,169,3,5,0,0,6,180,0,1,6,181,California
Mariposa,2020-12-29,33,207,3,172,30,35,0,0,33,213,0,1,33,214,California
Mariposa,2020-12-30,26,233,4,176,22,57,0,0,26,239,0,1,26,240,California
Mariposa,2020-12-31,17,250,0,176,17,74,0,0,17,256,0,1,17,257,California
Mariposa,2021-01-02,1,251,1,177,0,74,0,0,1,257,0,1,1,258,California
Mariposa,2021-01-04,11,262,2,179,9,83,0,0,11,268,0,1,11,269,California
Mariposa,2021-01-05,25,287,15,194,10,93,0,0,15,273,10,11,15,284,California
Mariposa,2021-01-06,8,295,5,199,3,96,0,0,5,275,3,14,5,289,California
Mariposa,2021-01-07,50,345,45,244,5,101,0,0,5,235,45,59,5,294,California
Mariposa,2021-01-08,108,453,78,322,30,131,0,0,34,195,74,133,34,328,California
Mariposa,2021-01-11,32,485,10,332,22,153,0,0,24,211,8,141,24,352,California
Mariposa,2021-01-12,19,504,4,336,15,168,0,0,15,222,4,145,15,367,California
Mariposa,2021-01-13,22,526,5,341,17,185,0,0,18,236,4,149,18,385,California
Mariposa,2021-01-14,75,601,7,348,68,253,0,0,69,299,6,155,69,454,California
Mariposa,2021-01-15,68,669,27,375,41,294,0,0,58,347,10,165,58,512,California
Mariposa,2021-01-16,14,683,2,377,12,306,0,0,13,359,1,166,13,525,California
Mariposa,2021-01-17,6,689,1,378,5,311,0,0,5,363,1,167,5,530,California
Mariposa,2021-01-18,6,695,5,383,1,312,0,0,4,365,2,169,4,534,California
Mariposa,2021-01-19,7,702,4,387,3,315,0,0,4,367,2,171,4,538,California
Mariposa,2021-01-20,23,725,1,388,22,337,0,0,22,388,1,172,22,560,California
Mariposa,2021-01-21,66,791,8,396,58,395,0,0,62,446,4,176,62,622,California
Mariposa,2021-01-22,57,848,4,400,53,448,0,0,57,503,0,176,57,679,California
Mariposa,2021-01-23,116,964,2,402,114,562,0,0,114,615,2,178,114,793,California
Mariposa,2021-01-24,2,966,2,404,0,562,0,0,2,617,0,178,2,795,California
Mariposa,2021-01-25,4,970,1,405,3,565,0,0,0,613,4,182,0,795,California
Mariposa,2021-01-26,40,1010,5,410,35,600,0,0,6,590,34,216,11,806,California
Mariposa,2021-01-27,26,1036,2,412,24,624,0,0,11,587,14,230,11,817,California
Mariposa,2021-01-28,127,1163,3,415,124,748,0,0,114,689,12,242,114,931,California
Mariposa,2021-01-29,84,1247,22,437,62,810,0,0,83,771,1,243,83,1014,California
Mariposa,2021-01-30,10,1257,1,438,9,819,0,0,9,779,1,244,9,1023,California
Mariposa,2021-02-01,91,1348,32,470,59,878,0,0,69,826,22,266,69,1092,California
Mariposa,2021-02-02,15,1363,3,473,12,890,0,0,9,829,6,272,9,1101,California
Mariposa,2021-02-03,22,1385,1,474,21,911,0,0,13,834,8,280,13,1114,California
Mariposa,2021-02-04,98,1483,8,482,90,1001,0,0,93,924,4,284,94,1208,California
Mariposa,2021-02-05,192,1675,5,487,187,1188,0,0,166,1064,26,310,166,1374,California
Mariposa,2021-02-06,11,1686,4,491,7,1195,0,0,10,1073,1,311,10,1384,California
Mariposa,2021-02-07,1,1687,0,491,1,1196,0,0,1,1074,0,311,1,1385,California
Mariposa,2021-02-08,42,1729,3,494,39,1235,0,0,22,1076,20,331,22,1407,California
Mariposa,2021-02-09,41,1770,24,518,17,1252,0,0,35,1105,6,337,35,1442,California
Mariposa,2021-02-10,30,1800,4,522,26,1278,0,0,18,1118,11,348,24,1466,California
Mariposa,2021-02-11,376,2176,5,527,371,1649,0,0,361,1467,15,363,364,1830,California
Mariposa,2021-02-12,186,2362,9,536,177,1826,0,0,140,1561,46,409,140,1970,California
Mariposa,2021-02-13,11,2373,3,539,8,1834,0,0,9,1568,2,411,9,1979,California
Mariposa,2021-02-14,12,2385,4,543,8,1842,0,0,6,1568,6,417,6,1985,California
Mariposa,2021-02-15,9,2394,3,546,6,1848,0,0,7,1573,2,419,7,1992,California
Mariposa,2021-02-16,58,2452,35,581,23,1871,0,0,35,1585,23,442,35,2027,California
Mariposa,2021-02-17,35,2487,8,589,27,1898,0,0,27,1606,7,449,28,2055,California
Mariposa,2021-02-18,60,2547,7,596,53,1951,0,0,23,1592,37,486,23,2078,California
Mariposa,2021-02-19,82,2629,3,599,79,2030,0,0,76,1662,6,492,76,2154,California
Mariposa,2021-02-20,259,2888,6,605,253,2283,0,0,227,1859,30,522,227,2381,California
Mariposa,2021-02-21,244,3132,5,610,239,2522,0,0,241,2098,2,524,241,2622,California
Mariposa,2021-02-22,25,3157,10,620,15,2537,0,0,21,2115,4,528,21,2643,California
Mariposa,2021-02-23,45,3202,38,658,7,2544,0,0,26,2122,19,547,26,2669,California
Mariposa,2021-02-24,21,3223,3,661,18,2562,0,0,8,2118,12,559,8,2677,California
Mariposa,2021-02-25,18,3241,9,670,9,2571,0,0,12,2124,6,565,12,2689,California
Mariposa,2021-02-26,431,3672,7,677,424,2995,0,0,370,2434,61,626,371,3060,California
Mariposa,2021-02-27,177,3849,5,682,172,3167,0,0,165,2587,12,638,165,3225,California
Mariposa,2021-02-28,1,3850,1,683,0,3167,0,0,0,2586,1,639,0,3225,California
Mariposa,2021-03-01,82,3932,26,709,56,3223,0,0,16,2537,65,704,16,3241,California
Mariposa,2021-03-02,19,3951,12,721,7,3230,0,0,11,2541,7,711,11,3252,California
Mariposa,2021-03-03,71,4022,5,726,66,3296,0,0,66,2603,5,716,67,3319,California
Mariposa,2021-03-04,41,4063,10,736,31,3327,0,0,20,2603,21,737,21,3340,California
Mariposa,2021-03-05,57,4120,8,744,49,3376,0,0,39,2630,18,755,45,3385,California
Mariposa,2021-03-06,18,4138,8,752,10,3386,0,0,8,2629,10,765,9,3394,California
Mariposa,2021-03-07,1,4139,1,753,0,3386,0,0,0,2628,1,766,0,3394,California
Mariposa,2021-03-08,41,4180,4,757,26,3412,11,11,11,2620,30,796,22,3416,California
Mariposa,2021-03-09,43,4223,17,774,16,3428,10,21,15,2617,28,824,25,3441,California
Mariposa,2021-03-10,33,4256,9,783,14,3442,10,31,10,2614,23,847,20,3461,California
Mariposa,2021-03-11,472,4728,7,790,445,3887,20,51,228,2622,243,1090,251,3712,California
Mariposa,2021-03-12,257,4985,8,798,223,4110,26,77,119,2628,138,1228,144,3856,California
Mariposa,2021-03-13,34,5019,8,806,11,4121,15,92,11,2630,23,1251,25,3881,California
Mariposa,2021-03-14,17,5036,2,808,4,4125,11,103,2,2628,15,1266,13,3894,California
Mariposa,2021-03-15,77,5113,8,816,31,4156,38,141,31,2651,46,1312,69,3963,California
Mariposa,2021-03-16,84,5197,34,850,15,4171,35,176,25,2652,59,1371,60,4023,California
Mariposa,2021-03-17,72,5269,9,859,55,4226,8,184,52,2692,19,1390,59,4082,California
Mariposa,2021-03-18,68,5337,15,874,44,4270,9,193,40,2713,28,1418,49,4131,California
Mariposa,2021-03-19,344,5681,12,886,325,4595,7,200,304,2985,40,1458,312,4443,California
Mariposa,2021-03-20,429,6110,4,890,423,5018,2,202,46,2651,383,1841,49,4492,California
Mariposa,2021-03-21,16,6126,8,898,7,5025,1,203,9,2655,6,1847,10,4502,California
Mariposa,2021-03-22,41,6167,10,908,23,5048,8,211,28,2680,13,1860,38,4540,California
Mariposa,2021-03-23,54,6221,34,942,10,5058,10,221,33,2702,21,1881,43,4583,California
Mariposa,2021-03-24,56,6277,5,947,49,5107,2,223,51,2750,5,1886,53,4636,California
Mariposa,2021-03-25,76,6353,15,962,53,5160,8,231,53,2790,21,1907,61,4697,California
Mariposa,2021-03-26,498,6851,9,971,488,5648,1,232,253,2799,245,2152,254,4951,California
Mariposa,2021-03-27,239,7090,10,981,229,5877,0,232,98,2758,141,2293,100,5051,California
Mariposa,2021-03-28,5,7095,0,981,2,5879,3,235,1,2758,4,2297,4,5055,California
Mariposa,2021-03-29,18,7113,5,986,13,5892,0,235,11,2762,7,2304,11,5066,California
Mariposa,2021-03-30,36,7149,13,999,7,5899,16,251,13,2768,23,2327,29,5095,California
Mariposa,2021-03-31,91,7240,16,1015,68,5967,7,258,69,2822,22,2349,76,5171,California
Mariposa,2021-04-01,55,7295,12,1027,35,6002,8,266,35,2845,20,2369,43,5214,California
Mariposa,2021-04-02,354,7649,14,1041,337,6339,3,269,311,3117,42,2411,314,5528,California
Mariposa,2021-04-03,11,7660,8,1049,3,6342,0,269,6,3118,5,2416,6,5534,California
Mariposa,2021-04-04,2,7662,1,1050,0,6342,1,270,0,3117,2,2418,1,5535,California
Mariposa,2021-04-05,35,7697,22,1072,9,6351,4,274,16,3118,19,2437,20,5555,California
Mariposa,2021-04-06,45,7742,20,1092,9,6360,16,290,14,3118,30,2467,30,5585,California
Mariposa,2021-04-07,99,7841,7,1099,73,6433,19,309,29,3096,70,2537,48,5633,California
Mariposa,2021-04-08,286,8127,16,1115,251,6684,19,328,148,3128,136,2673,168,5801,California
Mariposa,2021-04-09,39,8166,9,1124,15,6699,15,343,10,3124,29,2702,25,5826,California
Mariposa,2021-04-10,204,8370,6,1130,188,6887,10,353,190,3311,12,2714,199,6025,California
Mariposa,2021-04-11,123,8493,3,1133,118,7005,2,355,58,3307,65,2779,61,6086,California
Mariposa,2021-04-12,42,8535,13,1146,27,7032,2,357,13,3293,29,2808,15,6101,California
Mariposa,2021-04-13,57,8592,49,1195,8,7040,0,357,35,3306,22,2830,35,6136,California
Mariposa,2021-04-14,114,8706,9,1204,105,7145,0,357,58,3309,55,2885,58,6194,California
Mariposa,2021-04-15,62,8768,19,1223,43,7188,0,357,47,3344,12,2897,47,6241,California
Mariposa,2021-04-16,383,9151,12,1235,371,7559,0,357,106,3173,277,3174,106,6347,California
Mariposa,2021-04-17,10,9161,6,1241,4,7563,0,357,7,3177,3,3177,7,6354,California
Mariposa,2021-04-18,7,9168,0,1241,7,7570,0,357,3,3176,4,3181,3,6357,California
Mariposa,2021-04-19,61,9229,28,1269,33,7603,0,357,33,3183,26,3207,33,6390,California
Mariposa,2021-04-20,61,9290,48,1317,13,7616,0,357,38,3200,21,3228,38,6428,California
Mariposa,2021-04-21,91,9381,14,1331,77,7693,0,357,42,3194,48,3276,42,6470,California
Mariposa,2021-04-22,50,9431,10,1341,40,7733,0,357,38,3221,11,3287,38,6508,California
Mariposa,2021-04-23,316,9747,71,1412,245,7978,0,357,144,3195,172,3459,146,6654,California
Mariposa,2021-04-24,110,9857,10,1422,100,8078,0,357,42,3170,67,3526,42,6696,California
Mariposa,2021-04-26,16,9873,11,1433,5,8083,0,357,5,3164,11,3537,5,6701,California
Mariposa,2021-04-27,33,9906,17,1450,14,8097,2,359,15,3166,15,3552,17,6718,California
Mariposa,2021-04-28,75,9981,14,1464,54,8151,7,366,27,3152,48,3600,34,6752,California
Mariposa,2021-04-29,84,10065,12,1476,71,8222,1,367,79,3227,5,3605,80,6832,California
Mariposa,2021-04-30,212,10277,4,1480,203,8425,5,372,62,3144,150,3755,67,6899,California
Mariposa,2021-05-01,5,10282,4,1484,1,8426,0,372,1,3141,4,3759,1,6900,California
Mariposa,2021-05-02,3,10285,2,1486,0,8426,1,373,0,3139,3,3762,1,6901,California
Mariposa,2021-05-03,15,10300,11,1497,3,8429,1,374,6,3137,9,3771,7,6908,California
Mariposa,2021-05-04,52,10352,32,1529,16,8445,4,378,37,3163,15,3786,41,6949,California
Mariposa,2021-05-05,57,10409,9,1538,46,8491,2,380,18,3144,39,3825,20,6969,California
Mariposa,2021-05-06,58,10467,38,1576,15,8506,5,385,39,3169,19,3844,44,7013,California
Mariposa,2021-05-07,28,10495,8,1584,17,8523,3,388,13,3170,15,3859,16,7029,California
Mariposa,2021-05-08,286,10781,9,1593,277,8800,0,388,33,2952,253,4112,35,7064,California
Mariposa,2021-05-09,3,10784,1,1594,2,8802,0,388,0,2949,3,4115,0,7064,California
Mariposa,2021-05-10,20,10804,9,1603,9,8811,2,390,4,2939,16,4131,6,7070,California
Mariposa,2021-05-11,28,10832,17,1620,10,8821,1,391,20,2953,7,4138,21,7091,California
Mariposa,2021-05-12,67,10899,4,1624,58,8879,5,396,6,2903,61,4199,11,7102,California
Mariposa,2021-05-13,49,10948,8,1632,39,8918,2,398,13,2882,36,4235,15,7117,California
Mariposa,2021-05-14,249,11197,121,1753,121,9039,7,405,117,2874,132,4367,124,7241,California
Mariposa,2021-05-15,19,11216,9,1762,8,9047,2,407,11,2880,6,4373,12,7253,California
Mariposa,2021-05-16,3,11219,1,1763,1,9048,1,408,1,2880,2,4375,2,7255,California
Mariposa,2021-05-17,18,11237,7,1770,7,9055,4,412,8,2881,10,4385,11,7266,California
Mariposa,2021-05-18,61,11298,41,1811,15,9070,5,417,44,2914,16,4401,49,7315,California
Mariposa,2021-05-19,70,11368,32,1843,37,9107,1,418,51,2948,18,4419,52,7367,California
Mariposa,2021-05-20,34,11402,18,1861,14,9121,2,420,13,2942,21,4440,15,7382,California
Mariposa,2021-05-21,92,11494,8,1869,82,9203,2,422,42,2938,48,4488,44,7426,California
Mariposa,2021-05-22,48,11542,7,1876,40,9243,1,423,18,2927,30,4518,19,7445,California
Mariposa,2021-05-23,3,11545,2,1878,0,9243,1,424,2,2929,1,4519,3,7448,California
Mariposa,2021-05-24,13,11558,7,1885,4,9247,2,426,8,2934,5,4524,10,7458,California
Mariposa,2021-05-25,27,11585,17,1902,10,9257,0,426,19,2945,8,4532,19,7477,California
Mariposa,2021-05-26,35,11620,4,1906,27,9284,4,430,28,2970,7,4539,32,7509,California
Mariposa,2021-05-27,119,11739,64,1970,55,9339,0,430,62,2975,57,4596,62,7571,California
Mariposa,2021-05-28,64,11803,4,1974,56,9395,4,434,23,2961,41,4637,27,7598,California
Mariposa,2021-05-29,8,11811,2,1976,5,9400,1,435,3,2962,3,4640,4,7602,California
Mariposa,2021-05-30,1,11812,0,1976,0,9400,1,436,0,2962,1,4641,1,7603,California
Mariposa,2021-05-31,2,11814,0,1976,1,9401,1,437,0,2961,2,4643,1,7604,California
Mariposa,2021-06-01,14,11828,3,1979,11,9412,0,437,5,2957,9,4652,5,7609,California
Mariposa,2021-06-02,26,11854,14,1993,7,9419,5,442,6,2949,19,4671,11,7620,California
Mariposa,2021-06-03,20,11874,10,2003,7,9426,3,445,7,2946,13,4684,10,7630,California
Mariposa,2021-06-04,90,11964,79,2082,9,9435,2,447,27,2913,61,4745,28,7658,California
Mariposa,2021-06-05,29,11993,3,2085,24,9459,2,449,7,2901,21,4766,9,7667,California
Mariposa,2021-06-06,4,11997,3,2088,0,9459,1,450,1,2900,3,4769,2,7669,California
Mariposa,2021-06-07,10,12007,5,2093,5,9464,0,450,4,2899,5,4774,4,7673,California
Mariposa,2021-06-08,45,12052,34,2127,10,9474,1,451,14,2883,31,4805,15,7688,California
Mariposa,2021-06-09,28,12080,21,2148,2,9476,5,456,6,2872,22,4827,11,7699,California
Mariposa,2021-06-10,16,12096,8,2156,5,9481,3,459,6,2872,10,4837,10,7709,California
Mariposa,2021-06-11,44,12140,13,2169,23,9504,8,467,10,2856,34,4871,18,7727,California
Mariposa,2021-06-12,17,12157,11,2180,5,9509,1,468,3,2845,14,4885,3,7730,California
Mariposa,2021-06-13,1,12158,0,2180,0,9509,1,469,0,2845,1,4886,1,7731,California
Mariposa,2021-06-14,11,12169,4,2184,6,9515,1,470,5,2845,6,4892,6,7737,California
Mariposa,2021-06-15,24,12193,12,2196,11,9526,1,471,6,2834,18,4910,7,7744,California
Mariposa,2021-06-16,25,12218,12,2208,12,9538,1,472,7,2824,18,4928,8,7752,California
Mariposa,2021-06-17,12,12230,6,2214,6,9544,0,472,4,2820,8,4936,4,7756,California
Mariposa,2021-06-18,55,12285,45,2259,9,9553,1,473,27,2821,27,4963,28,7784,California
Mendocino,2020-12-17,70,70,70,70,0,0,0,0,70,70,0,0,70,70,California
Mendocino,2020-12-18,84,154,83,153,1,1,0,0,83,153,0,0,83,153,California
Mendocino,2020-12-19,3,157,3,156,0,1,0,0,3,156,0,0,3,156,California
Mendocino,2020-12-20,7,164,7,163,0,1,0,0,7,163,0,0,7,163,California
Mendocino,2020-12-21,239,403,239,402,0,1,0,0,77,240,0,0,77,240,California
Mendocino,2020-12-22,254,657,193,595,61,62,0,0,254,494,0,0,254,494,California
Mendocino,2020-12-23,270,927,47,642,223,285,0,0,269,763,0,0,269,763,California
Mendocino,2020-12-24,48,975,8,650,40,325,0,0,48,811,0,0,48,811,California
Mendocino,2020-12-25,1,976,0,650,1,326,0,0,1,812,0,0,1,812,California
Mendocino,2020-12-26,2,978,2,652,0,326,0,0,2,814,0,0,2,814,California
Mendocino,2020-12-27,1,979,0,652,1,327,0,0,1,815,0,0,1,815,California
Mendocino,2020-12-28,73,1052,8,660,65,392,0,0,73,888,0,0,73,888,California
Mendocino,2020-12-29,119,1171,59,719,60,452,0,0,119,1007,0,0,119,1007,California
Mendocino,2020-12-30,119,1290,66,785,53,505,0,0,119,1126,0,0,119,1126,California
Mendocino,2020-12-31,132,1422,97,882,35,540,0,0,132,1258,0,0,132,1258,California
Mendocino,2021-01-01,10,1432,6,888,4,544,0,0,10,1268,0,0,10,1268,California
Mendocino,2021-01-04,838,2270,18,906,820,1364,0,0,838,2106,0,0,838,2106,California
Mendocino,2021-01-05,73,2343,36,942,37,1401,0,0,60,2153,13,13,60,2166,California
Mendocino,2021-01-06,156,2499,134,1076,22,1423,0,0,147,2291,9,22,147,2313,California
Mendocino,2021-01-07,363,2862,240,1316,123,1546,0,0,300,2528,63,85,300,2613,California
Mendocino,2021-01-08,93,2955,80,1396,13,1559,0,0,40,2516,53,138,41,2654,California
Mendocino,2021-01-09,10,2965,6,1402,4,1563,0,0,8,2522,2,140,8,2662,California
Mendocino,2021-01-10,9,2974,8,1410,1,1564,0,0,2,2517,7,147,2,2664,California
Mendocino,2021-01-11,102,3076,92,1502,10,1574,0,0,44,2504,57,204,44,2708,California
Mendocino,2021-01-12,389,3465,379,1881,10,1584,0,0,271,2657,118,322,271,2979,California
Mendocino,2021-01-13,495,3960,149,2030,346,1930,0,0,450,3065,43,365,451,3430,California
Mendocino,2021-01-14,652,4612,20,2050,632,2562,0,0,643,3699,9,374,643,4073,California
Mendocino,2021-01-15,1873,6485,862,2912,1011,3573,0,0,1870,5567,3,377,1871,5944,California
Mendocino,2021-01-16,793,7278,49,2961,744,4317,0,0,791,6356,2,379,791,6735,California
Mendocino,2021-01-17,557,7835,1,2962,556,4873,0,0,556,6911,1,380,556,7291,California
Mendocino,2021-01-18,486,8321,461,3423,25,4898,0,0,476,7377,10,390,476,7767,California
Mendocino,2021-01-19,330,8651,145,3568,185,5083,0,0,156,7359,174,564,156,7923,California
Mendocino,2021-01-20,557,9208,408,3976,149,5232,0,0,450,7705,105,669,451,8374,California
Mendocino,2021-01-21,537,9745,226,4202,311,5543,0,0,351,7871,185,854,351,8725,California
Mendocino,2021-01-22,152,9897,58,4260,94,5637,0,0,113,7945,39,893,113,8838,California
Mendocino,2021-01-23,157,10054,85,4345,72,5709,0,0,151,8090,6,899,151,8989,California
Mendocino,2021-01-24,4,10058,2,4347,2,5711,0,0,4,8094,0,899,4,8993,California
Mendocino,2021-01-25,192,10250,18,4365,174,5885,0,0,122,8146,70,969,122,9115,California
Mendocino,2021-01-26,152,10402,53,4418,99,5984,0,0,94,8182,58,1027,94,9209,California
Mendocino,2021-01-27,444,10846,373,4791,71,6055,0,0,177,8099,260,1287,177,9386,California
Mendocino,2021-01-28,593,11439,529,5320,64,6119,0,0,497,8501,95,1382,497,9883,California
Mendocino,2021-01-29,391,11830,352,5672,39,6158,0,0,362,8835,29,1411,363,10246,California
Mendocino,2021-01-30,50,11880,32,5704,18,6176,0,0,44,8873,6,1417,44,10290,California
Mendocino,2021-01-31,276,12156,2,5706,274,6450,0,0,4,8605,272,1689,4,10294,California
Mendocino,2021-02-01,383,12539,53,5759,330,6780,0,0,60,8342,323,2012,60,10354,California
Mendocino,2021-02-02,741,13280,522,6281,219,6999,0,0,381,8363,360,2372,381,10735,California
Mendocino,2021-02-03,395,13675,208,6489,187,7186,0,0,223,8416,170,2542,223,10958,California
Mendocino,2021-02-04,628,14303,533,7022,95,7281,0,0,502,8792,126,2668,502,11460,California
Mendocino,2021-02-05,1307,15610,1216,8238,91,7372,0,0,586,8659,719,3387,586,12046,California
Mendocino,2021-02-06,552,16162,152,8390,400,7772,0,0,537,9181,15,3402,537,12583,California
Mendocino,2021-02-07,33,16195,29,8419,4,7776,0,0,33,9214,0,3402,33,12616,California
Mendocino,2021-02-08,746,16941,714,9133,32,7808,0,0,283,9034,463,3865,283,12899,California
Mendocino,2021-02-09,139,17080,58,9191,81,7889,0,0,87,9069,52,3917,87,12986,California
Mendocino,2021-02-10,1489,18569,925,10116,564,8453,0,0,742,9071,740,4657,742,13728,California
Mendocino,2021-02-11,1212,19781,208,10324,1004,9457,0,0,301,8461,911,5568,301,14029,California
Mendocino,2021-02-12,1457,21238,160,10484,1297,10754,0,0,657,8319,799,6367,657,14686,California
Mendocino,2021-02-13,500,21738,16,10500,484,11238,0,0,101,8027,398,6765,106,14792,California
Mendocino,2021-02-14,698,22436,4,10504,694,11932,0,0,136,7601,562,7327,136,14928,California
Mendocino,2021-02-15,331,22767,42,10546,289,12221,0,0,173,7616,158,7485,173,15101,California
Mendocino,2021-02-16,197,22964,50,10596,147,12368,0,0,127,7673,70,7555,127,15228,California
Mendocino,2021-02-17,1353,24317,1189,11785,164,12532,0,0,875,8072,476,8031,875,16103,California
Mendocino,2021-02-18,1789,26106,647,12432,1142,13674,0,0,1222,8729,565,8596,1222,17325,California
Mendocino,2021-02-19,756,26862,147,12579,609,14283,0,0,613,9200,143,8739,614,17939,California
Mendocino,2021-02-20,582,27444,556,13135,26,14309,0,0,549,9718,31,8770,549,18488,California
Mendocino,2021-02-21,324,27768,6,13141,318,14627,0,0,312,10019,11,8781,312,18800,California
Mendocino,2021-02-22,162,27930,29,13170,133,14760,0,0,69,9997,91,8872,69,18869,California
Mendocino,2021-02-23,862,28792,849,14019,13,14773,0,0,647,10431,213,9085,647,19516,California
Mendocino,2021-02-24,1856,30648,1772,15791,84,14857,0,0,1440,11462,411,9496,1442,20958,California
Mendocino,2021-02-25,1709,32357,535,16326,1174,16031,0,0,1286,12326,422,9918,1286,22244,California
Mendocino,2021-02-26,1412,33769,748,17074,664,16695,0,0,1050,13017,359,10277,1050,23294,California
Mendocino,2021-02-27,196,33965,144,17218,52,16747,0,0,76,12974,119,10396,76,23370,California
Mendocino,2021-02-28,34,33999,12,17230,22,16769,0,0,24,12988,10,10406,24,23394,California
Mendocino,2021-03-01,594,34593,551,17781,43,16812,0,0,554,13505,37,10443,554,23948,California
Mendocino,2021-03-02,73,34666,26,17807,47,16859,0,0,39,13511,33,10476,39,23987,California
Mendocino,2021-03-03,2040,36706,1338,19145,702,17561,0,0,1387,14248,650,11126,1387,25374,California
Mendocino,2021-03-04,1851,38557,149,19294,1702,19263,0,0,1633,15668,215,11341,1635,27009,California
Mendocino,2021-03-05,474,39031,415,19709,50,19313,9,9,371,15949,99,11440,380,27389,California
Mendocino,2021-03-06,248,39279,24,19733,197,19510,27,36,203,16135,44,11484,230,27619,California
Mendocino,2021-03-07,506,39785,8,19741,478,19988,20,56,117,15883,388,11872,136,27755,California
Mendocino,2021-03-08,123,39908,28,19769,57,20045,38,94,63,15926,58,11930,101,27856,California
Mendocino,2021-03-09,934,40842,600,20369,294,20339,40,134,830,16692,104,12034,870,28726,California
Mendocino,2021-03-10,1145,41987,983,21352,98,20437,64,198,271,16161,869,12903,338,29064,California
Mendocino,2021-03-11,844,42831,627,21979,164,20601,53,251,401,16175,440,13343,454,29518,California
Mendocino,2021-03-12,2068,44899,1056,23035,898,21499,114,365,1238,16704,823,14166,1352,30870,California
Mendocino,2021-03-13,704,45603,571,23606,75,21574,58,423,104,16270,596,14762,162,31032,California
Mendocino,2021-03-14,106,45709,4,23610,95,21669,7,430,12,16199,90,14852,19,31051,California
Mendocino,2021-03-15,609,46318,51,23661,499,22168,59,489,217,16085,389,15241,275,31326,California
Mendocino,2021-03-16,581,46899,386,24047,149,22317,46,535,118,15788,461,15702,164,31490,California
Mendocino,2021-03-17,1589,48488,1388,25435,52,22369,149,684,217,14795,1366,17068,373,31863,California
Mendocino,2021-03-18,1309,49797,248,25683,1024,23393,37,721,279,14088,1022,18090,315,32178,California
Mendocino,2021-03-19,1777,51574,854,26537,864,24257,59,780,332,13041,1440,19530,393,32571,California
Mendocino,2021-03-20,67,51641,9,26546,38,24295,20,800,11,13016,56,19586,31,32602,California
Mendocino,2021-03-21,8,51649,1,26547,2,24297,5,805,3,13019,5,19591,8,32610,California
Mendocino,2021-03-22,661,52310,617,27164,15,24312,29,834,146,12682,511,20102,174,32784,California
Mendocino,2021-03-23,164,52474,34,27198,100,24412,30,864,114,12776,50,20152,144,32928,California
Mendocino,2021-03-24,915,53389,844,28042,24,24436,47,911,107,12124,806,20958,154,33082,California
Mendocino,2021-03-25,2015,55404,53,28095,1942,26378,20,931,176,10485,1833,22791,194,33276,California
Mendocino,2021-03-26,545,55949,394,28489,125,26503,26,957,114,10194,430,23221,139,33415,California
Mendocino,2021-03-27,146,56095,14,28503,120,26623,12,969,81,10222,64,23285,92,33507,California
Mendocino,2021-03-28,25,56120,6,28509,15,26638,4,973,4,10210,20,23305,8,33515,California
Mendocino,2021-03-29,191,56311,99,28608,48,26686,44,1017,97,10257,94,23399,141,33656,California
Mendocino,2021-03-30,715,57026,631,29239,47,26733,37,1054,104,9789,609,24008,141,33797,California
Mendocino,2021-03-31,917,57943,282,29521,574,27307,61,1115,153,9242,761,24769,214,34011,California
Mendocino,2021-04-01,1750,59693,420,29941,1249,28556,81,1196,380,8343,1359,26128,460,34471,California
Mendocino,2021-04-02,1310,61003,1078,31019,159,28715,73,1269,157,7423,1150,27278,230,34701,California
Mendocino,2021-04-03,709,61712,10,31029,678,29393,21,1290,87,6914,617,27895,108,34809,California
Mendocino,2021-04-04,71,61783,35,31064,30,29423,6,1296,55,6959,16,27911,61,34870,California
Mendocino,2021-04-05,209,61992,140,31204,45,29468,24,1320,124,7019,85,27996,145,35015,California
Mendocino,2021-04-06,395,62387,124,31328,177,29645,94,1414,108,6934,287,28283,202,35217,California
Mendocino,2021-04-07,490,62877,178,31506,65,29710,247,1661,114,6921,373,28656,360,35577,California
Mendocino,2021-04-08,1503,64380,923,32429,466,30176,114,1775,1009,7558,487,29143,1124,36701,California
Mendocino,2021-04-09,764,65144,429,32858,173,30349,162,1937,400,7756,364,29507,562,37263,California
Mendocino,2021-04-10,409,65553,92,32950,272,30621,45,1982,99,7590,310,29817,144,37407,California
Mendocino,2021-04-11,121,65674,47,32997,19,30640,55,2037,59,7642,62,29879,114,37521,California
Mendocino,2021-04-12,621,66295,514,33511,48,30688,59,2096,406,7892,215,30094,465,37986,California
Mendocino,2021-04-13,294,66589,231,33742,63,30751,0,2096,224,8046,70,30164,224,38210,California
Mendocino,2021-04-14,519,67108,429,34171,90,30841,0,2096,423,8373,96,30260,423,38633,California
Mendocino,2021-04-15,666,67774,332,34503,334,31175,0,2096,389,8491,272,30532,390,39023,California
Mendocino,2021-04-16,125,67899,53,34556,71,31246,1,2097,77,8521,47,30579,77,39100,California
Mendocino,2021-04-17,194,68093,12,34568,182,31428,0,2097,67,8463,125,30704,67,39167,California
Mendocino,2021-04-18,15,68108,7,34575,8,31436,0,2097,7,8464,6,30710,7,39174,California
Mendocino,2021-04-19,538,68646,515,35090,22,31458,1,2098,426,8780,111,30821,427,39601,California
Mendocino,2021-04-20,419,69065,290,35380,129,31587,0,2098,265,8892,153,30974,265,39866,California
Mendocino,2021-04-21,191,69256,134,35514,56,31643,1,2099,116,8935,73,31047,116,39982,California
Mendocino,2021-04-22,484,69740,313,35827,170,31813,1,2100,313,9081,167,31214,313,40295,California
Mendocino,2021-04-23,850,70590,701,36528,149,31962,0,2100,695,9624,152,31366,695,40990,California
Mendocino,2021-04-24,107,70697,14,36542,93,32055,0,2100,100,9717,7,31373,100,41090,California
Mendocino,2021-04-25,58,70755,35,36577,19,32074,4,2104,19,9702,38,31411,23,41113,California
Mendocino,2021-04-26,308,71063,239,36816,64,32138,5,2109,201,9802,106,31517,206,41319,California
Mendocino,2021-04-27,209,71272,92,36908,90,32228,27,2136,95,9810,113,31630,121,41440,California
Mendocino,2021-04-28,224,71496,150,37058,55,32283,19,2155,129,9864,95,31725,149,41589,California
Mendocino,2021-04-29,1147,72643,842,37900,290,32573,15,2170,110,8957,1032,32757,125,41714,California
Mendocino,2021-04-30,606,73249,383,38283,214,32787,9,2179,227,8815,378,33135,236,41950,California
Mendocino,2021-05-01,473,73722,432,38715,33,32820,8,2187,367,9085,105,33240,375,42325,California
Mendocino,2021-05-02,55,73777,45,38760,7,32827,3,2190,8,9049,47,33287,11,42336,California
Mendocino,2021-05-03,146,73923,85,38845,40,32867,21,2211,43,9012,101,33388,64,42400,California
Mendocino,2021-05-04,378,74301,253,39098,92,32959,33,2244,141,8949,237,33625,174,42574,California
Mendocino,2021-05-05,877,75178,791,39889,71,33030,15,2259,220,8527,656,34281,234,42808,California
Mendocino,2021-05-06,632,75810,382,40271,228,33258,22,2281,154,8227,476,34757,176,42984,California
Mendocino,2021-05-07,184,75994,33,40304,127,33385,24,2305,120,8308,63,34820,144,43128,California
Mendocino,2021-05-08,126,76120,4,40308,121,33506,1,2306,110,8404,15,34835,111,43239,California
Mendocino,2021-05-09,21,76141,5,40313,15,33521,1,2307,4,8392,17,34852,5,43244,California
Mendocino,2021-05-10,240,76381,159,40472,76,33597,5,2312,149,8455,91,34943,154,43398,California
Mendocino,2021-05-11,279,76660,142,40614,119,33716,18,2330,131,8455,147,35090,147,43545,California
Mendocino,2021-05-12,141,76801,80,40694,53,33769,8,2338,44,8412,95,35185,52,43597,California
Mendocino,2021-05-13,1232,78033,1124,41818,91,33860,17,2355,322,7841,910,36095,339,43936,California
Mendocino,2021-05-14,717,78750,490,42308,163,34023,64,2419,245,7683,467,36562,309,44245,California
Mendocino,2021-05-15,83,78833,29,42337,50,34073,4,2423,40,7684,43,36605,44,44289,California
Mendocino,2021-05-16,116,78949,103,42440,11,34084,2,2425,98,7768,17,36622,101,44390,California
Mendocino,2021-05-17,170,79119,85,42525,69,34153,16,2441,95,7804,75,36697,111,44501,California
Mendocino,2021-05-18,244,79363,118,42643,98,34251,28,2469,106,7800,137,36834,133,44634,California
Mendocino,2021-05-19,329,79692,193,42836,115,34366,21,2490,242,7978,85,36919,263,44897,California
Mendocino,2021-05-20,291,79983,116,42952,133,34499,42,2532,105,7942,183,37102,147,45044,California
Mendocino,2021-05-21,651,80634,472,43424,164,34663,15,2547,509,8325,141,37243,524,45568,California
Mendocino,2021-05-22,783,81417,673,44097,102,34765,8,2555,241,8033,541,37784,249,45817,California
Mendocino,2021-05-23,28,81445,11,44108,10,34775,7,2562,15,8041,13,37797,21,45838,California
Mendocino,2021-05-24,126,81571,43,44151,62,34837,21,2583,59,8055,66,37863,80,45918,California
Mendocino,2021-05-25,292,81863,175,44326,88,34925,29,2612,134,8060,157,38020,162,46080,California
Mendocino,2021-05-26,323,82186,244,44570,67,34992,12,2624,132,8014,190,38210,144,46224,California
Mendocino,2021-05-27,244,82430,112,44682,110,35102,22,2646,102,7997,140,38350,123,46347,California
Mendocino,2021-05-28,234,82664,96,44778,126,35228,12,2658,153,8083,79,38429,165,46512,California
Mendocino,2021-05-29,47,82711,16,44794,26,35254,5,2663,27,8095,20,38449,32,46544,California
Mendocino,2021-05-30,15,82726,2,44796,12,35266,1,2664,10,8101,5,38454,11,46555,California
Mendocino,2021-05-31,6,82732,0,44796,5,35271,1,2665,2,8101,3,38457,3,46558,California
Mendocino,2021-06-01,311,83043,104,44900,198,35469,9,2674,84,7967,227,38684,93,46651,California
Mendocino,2021-06-02,155,83198,58,44958,89,35558,8,2682,54,7931,98,38782,62,46713,California
Mendocino,2021-06-03,558,83756,459,45417,90,35648,9,2691,123,7635,428,39210,132,46845,California
Mendocino,2021-06-04,320,84076,195,45612,103,35751,22,2713,89,7515,231,39441,111,46956,California
Mendocino,2021-06-05,226,84302,92,45704,116,35867,18,2731,72,7453,152,39593,90,47046,California
Mendocino,2021-06-06,64,84366,58,45762,3,35870,3,2734,2,7396,62,39655,5,47051,California
Mendocino,2021-06-07,148,84514,72,45834,64,35934,12,2746,59,7378,89,39744,71,47122,California
Mendocino,2021-06-08,230,84744,131,45965,87,36021,12,2758,100,7365,125,39869,112,47234,California
Mendocino,2021-06-09,310,85054,249,46214,51,36072,10,2768,107,7280,202,40071,117,47351,California
Mendocino,2021-06-10,121,85175,67,46281,44,36116,10,2778,55,7279,66,40137,65,47416,California
Mendocino,2021-06-11,698,85873,545,46826,131,36247,22,2800,95,6795,601,40738,117,47533,California
Mendocino,2021-06-12,62,85935,40,46866,17,36264,5,2805,17,6773,44,40782,22,47555,California
Mendocino,2021-06-13,29,85964,16,46882,11,36275,2,2807,15,6777,13,40795,17,47572,California
Mendocino,2021-06-14,111,86075,48,46930,44,36319,19,2826,46,6777,64,40859,64,47636,California
Mendocino,2021-06-15,243,86318,151,47081,74,36393,18,2844,68,6688,175,41034,86,47722,California
Mendocino,2021-06-16,267,86585,165,47246,80,36473,22,2866,64,6572,202,41236,86,47808,California
Mendocino,2021-06-17,151,86736,81,47327,53,36526,17,2883,42,6522,109,41345,59,47867,California
Mendocino,2021-06-18,66,86802,22,47349,30,36556,14,2897,17,6504,49,41394,31,47898,California
Merced,2020-12-16,3,3,3,3,0,0,0,0,3,3,0,0,3,3,California
Merced,2020-12-17,8,11,8,11,0,0,0,0,8,11,0,0,8,11,California
Merced,2020-12-18,144,155,144,155,0,0,0,0,144,155,0,0,144,155,California
Merced,2020-12-19,37,192,37,192,0,0,0,0,37,192,0,0,37,192,California
Merced,2020-12-20,18,210,18,210,0,0,0,0,18,210,0,0,18,210,California
Merced,2020-12-21,123,333,120,330,3,3,0,0,123,333,0,0,123,333,California
Merced,2020-12-22,154,487,154,484,0,3,0,0,154,487,0,0,154,487,California
Merced,2020-12-23,250,737,244,728,6,9,0,0,250,737,0,0,250,737,California
Merced,2020-12-24,72,809,72,800,0,9,0,0,72,809,0,0,72,809,California
Merced,2020-12-25,4,813,4,804,0,9,0,0,4,813,0,0,4,813,California
Merced,2020-12-26,6,819,3,807,3,12,0,0,6,819,0,0,6,819,California
Merced,2020-12-27,12,831,11,818,1,13,0,0,12,831,0,0,12,831,California
Merced,2020-12-28,121,952,96,914,25,38,0,0,121,952,0,0,121,952,California
Merced,2020-12-29,180,1132,123,1037,57,95,0,0,180,1132,0,0,180,1132,California
Merced,2020-12-30,215,1347,88,1125,127,222,0,0,215,1347,0,0,215,1347,California
Merced,2020-12-31,102,1449,34,1159,68,290,0,0,102,1449,0,0,102,1449,California
Merced,2021-01-01,5,1454,1,1160,4,294,0,0,5,1454,0,0,5,1454,California
Merced,2021-01-02,129,1583,118,1278,11,305,0,0,129,1583,0,0,129,1583,California
Merced,2021-01-03,9,1592,5,1283,4,309,0,0,9,1592,0,0,9,1592,California
Merced,2021-01-04,84,1676,43,1326,41,350,0,0,84,1676,0,0,84,1676,California
Merced,2021-01-05,323,1999,233,1559,90,440,0,0,317,1989,6,6,319,1995,California
Merced,2021-01-06,257,2256,105,1664,152,592,0,0,252,2236,5,11,252,2247,California
Merced,2021-01-07,186,2442,83,1747,103,695,0,0,175,2399,12,23,175,2422,California
Merced,2021-01-08,529,2971,395,2142,134,829,0,0,375,2621,153,176,375,2797,California
Merced,2021-01-09,22,2993,9,2151,13,842,0,0,17,2633,5,181,17,2814,California
Merced,2021-01-10,11,3004,7,2158,4,846,0,0,7,2636,4,185,7,2821,California
Merced,2021-01-11,229,3233,171,2329,58,904,0,0,102,2613,127,312,104,2925,California
Merced,2021-01-12,291,3524,168,2497,123,1027,0,0,243,2807,49,361,243,3168,California
Merced,2021-01-13,379,3903,175,2672,204,1231,0,0,227,2885,152,513,230,3398,California
Merced,2021-01-14,324,4227,203,2875,121,1352,0,0,158,2879,165,678,159,3557,California
Merced,2021-01-15,583,4810,129,3004,454,1806,0,0,544,3386,40,718,547,4104,California
Merced,2021-01-16,211,5021,129,3133,82,1888,0,0,194,3563,17,735,194,4298,California
Merced,2021-01-17,50,5071,12,3145,38,1926,0,0,49,3611,1,736,49,4347,California
Merced,2021-01-18,265,5336,126,3271,139,2065,0,0,243,3836,22,758,247,4594,California
Merced,2021-01-19,712,6048,588,3859,124,2189,0,0,539,4208,173,931,545,5139,California
Merced,2021-01-20,572,6620,467,4326,105,2294,0,0,515,4669,57,988,518,5657,California
Merced,2021-01-21,1012,7632,652,4978,360,2654,0,0,912,5484,100,1088,915,6572,California
Merced,2021-01-22,1313,8945,694,5672,619,3273,0,0,1285,6754,27,1115,1297,7869,California
Merced,2021-01-23,323,9268,198,5870,125,3398,0,0,216,6863,107,1222,216,8085,California
Merced,2021-01-24,37,9305,15,5885,22,3420,0,0,28,6883,8,1230,28,8113,California
Merced,2021-01-25,729,10034,241,6126,488,3908,0,0,668,7492,60,1290,669,8782,California
Merced,2021-01-26,919,10953,487,6613,432,4340,0,0,675,7952,216,1506,676,9458,California
Merced,2021-01-27,987,11940,590,7203,397,4737,0,0,815,8597,170,1676,815,10273,California
Merced,2021-01-28,1142,13082,596,7799,546,5283,0,0,1018,9494,123,1799,1020,11293,California
Merced,2021-01-29,846,13928,318,8117,528,5811,0,0,594,9852,239,2038,597,11890,California
Merced,2021-01-30,261,14189,28,8145,233,6044,0,0,243,10077,18,2056,243,12133,California
Merced,2021-01-31,47,14236,11,8156,36,6080,0,0,46,10122,1,2057,46,12179,California
Merced,2021-02-01,383,14619,56,8212,327,6407,0,0,330,10401,52,2109,331,12510,California
Merced,2021-02-02,299,14918,179,8391,120,6527,0,0,178,10462,118,2227,179,12689,California
Merced,2021-02-03,350,15268,72,8463,278,6805,0,0,170,10451,181,2408,170,12859,California
Merced,2021-02-04,371,15639,146,8609,225,7030,0,0,239,10560,131,2539,240,13099,California
Merced,2021-02-05,511,16150,170,8779,341,7371,0,0,272,10596,238,2777,274,13373,California
Merced,2021-02-06,388,16538,217,8996,171,7542,0,0,244,10700,141,2918,245,13618,California
Merced,2021-02-07,20,16558,12,9008,8,7550,0,0,13,10706,7,2925,13,13631,California
Merced,2021-02-08,283,16841,199,9207,84,7634,0,0,171,10768,110,3035,172,13803,California
Merced,2021-02-09,1215,18056,954,10161,261,7895,0,0,772,11106,435,3470,773,14576,California
Merced,2021-02-10,1860,19916,1435,11596,425,8320,0,0,1275,11806,575,4045,1275,15851,California
Merced,2021-02-11,2506,22422,2012,13608,494,8814,0,0,1815,12942,679,4724,1815,17666,California
Merced,2021-02-12,1718,24140,1019,14627,699,9513,0,0,744,12733,956,5680,747,18413,California
Merced,2021-02-13,362,24502,209,14836,153,9666,0,0,264,12905,94,5774,266,18679,California
Merced,2021-02-14,117,24619,25,14861,92,9758,0,0,95,12979,22,5796,96,18775,California
Merced,2021-02-15,274,24893,42,14903,232,9990,0,0,168,13049,99,5895,169,18944,California
Merced,2021-02-16,1218,26111,844,15747,374,10364,0,0,835,13524,364,6259,839,19783,California
Merced,2021-02-17,1889,28000,1644,17391,245,10609,0,0,1313,14286,560,6819,1322,21105,California
Merced,2021-02-18,1217,29217,824,18215,393,11002,0,0,408,13909,788,7607,411,21516,California
Merced,2021-02-19,1262,30479,413,18628,849,11851,0,0,536,13727,720,8327,538,22054,California
Merced,2021-02-20,276,30755,30,18658,246,12097,0,0,138,13729,136,8463,138,22192,California
Merced,2021-02-21,75,30830,61,18719,14,12111,0,0,29,13714,44,8507,29,22221,California
Merced,2021-02-22,832,31662,296,19015,536,12647,0,0,481,13848,349,8856,483,22704,California
Merced,2021-02-23,1082,32744,421,19436,661,13308,0,0,639,14051,437,9293,640,23344,California
Merced,2021-02-24,824,33568,306,19742,518,13826,0,0,455,14147,360,9653,456,23800,California
Merced,2021-02-25,1774,35342,882,20624,892,14718,0,0,1319,15017,452,10105,1322,25122,California
Merced,2021-02-26,2159,37501,1382,22006,777,15495,0,0,1742,16351,409,10514,1743,26865,California
Merced,2021-02-27,2610,40111,1184,23190,1426,16921,0,0,2326,18394,283,10797,2326,29191,California
Merced,2021-02-28,312,40423,73,23263,238,17159,1,1,258,18602,50,10847,258,29449,California
Merced,2021-03-01,1127,41550,282,23545,844,18003,1,2,782,19050,335,11182,783,30232,California
Merced,2021-03-02,1757,43307,910,24455,846,18849,1,3,1363,20030,386,11568,1366,31598,California
Merced,2021-03-03,2240,45547,1739,26194,500,19349,1,4,1476,20763,745,12313,1478,33076,California
Merced,2021-03-04,2901,48448,2275,28469,624,19973,2,6,1925,21733,958,13271,1928,35004,California
Merced,2021-03-05,2077,50525,1198,29667,855,20828,24,30,1533,22762,529,13800,1558,36562,California
Merced,2021-03-06,1169,51694,664,30331,483,21311,22,52,913,23442,255,14055,935,37497,California
Merced,2021-03-07,229,51923,68,30399,137,21448,24,76,201,23639,28,14083,225,37722,California
Merced,2021-03-08,1405,53328,808,31207,532,21980,65,141,1189,24677,215,14298,1253,38975,California
Merced,2021-03-09,1695,55023,1003,32210,583,22563,109,250,1095,25287,594,14892,1204,40179,California
Merced,2021-03-10,2712,57735,1876,34086,635,23198,201,451,1633,26061,1064,15956,1838,42017,California
Merced,2021-03-11,1946,59681,699,34785,1046,24244,201,652,1226,26806,704,16660,1449,43466,California
Merced,2021-03-12,2220,61901,903,35688,1042,25286,275,927,1496,27869,719,17379,1782,45248,California
Merced,2021-03-13,1006,62907,307,35995,457,25743,242,1169,703,28520,295,17674,946,46194,California
Merced,2021-03-14,250,63157,137,36132,83,25826,30,1199,149,28599,100,17774,179,46373,California
Merced,2021-03-15,1526,64683,497,36629,772,26598,257,1456,1004,29345,514,18288,1260,47633,California
Merced,2021-03-16,1473,66156,717,37346,529,27127,227,1683,978,30068,483,18771,1206,48839,California
Merced,2021-03-17,1984,68140,1081,38427,726,27853,177,1860,1525,31323,449,19220,1704,50543,California
Merced,2021-03-18,2135,70275,1259,39686,728,28581,148,2008,1394,32153,726,19946,1556,52099,California
Merced,2021-03-19,2676,72951,1458,41144,1019,29600,199,2207,1386,32458,1280,21226,1585,53684,California
Merced,2021-03-20,2455,75406,1527,42671,533,30133,395,2602,964,32336,1486,22712,1364,55048,California
Merced,2021-03-21,556,75962,343,43014,201,30334,12,2614,437,32668,119,22831,451,55499,California
Merced,2021-03-22,1264,77226,630,43644,557,30891,77,2691,886,33264,369,23200,965,56464,California
Merced,2021-03-23,1888,79114,1158,44802,665,31556,65,2756,1401,34250,479,23679,1465,57929,California
Merced,2021-03-24,1479,80593,935,45737,509,32065,35,2791,997,34807,475,24154,1032,58961,California
Merced,2021-03-25,3334,83927,2286,48023,1024,33089,24,2815,2091,35695,1230,25384,2118,61079,California
Merced,2021-03-26,1949,85876,1096,49119,818,33907,35,2850,899,35593,1036,26420,934,62013,California
Merced,2021-03-27,3572,89448,1913,51032,1241,35148,418,3268,1559,35572,1999,28419,1978,63991,California
Merced,2021-03-28,526,89974,217,51249,301,35449,8,3276,215,35487,308,28727,223,64214,California
Merced,2021-03-29,1836,91810,783,52032,885,36334,168,3444,673,35178,1154,29881,845,65059,California
Merced,2021-03-30,2151,93961,805,52837,1287,37621,59,3503,991,35076,1154,31035,1052,66111,California
Merced,2021-03-31,2156,96117,1414,54251,701,38322,41,3544,952,34885,1186,32221,995,67106,California
Merced,2021-04-01,2348,98465,1053,55304,1165,39487,130,3674,1048,34775,1288,33509,1178,68284,California
Merced,2021-04-02,2341,100806,643,55947,1292,40779,406,4080,788,34435,1535,35044,1195,69479,California
Merced,2021-04-03,1069,101875,580,56527,471,41250,18,4098,650,34694,411,35455,670,70149,California
Merced,2021-04-04,368,102243,142,56669,224,41474,2,4100,141,34613,226,35681,145,70294,California
Merced,2021-04-05,1277,103520,609,57278,454,41928,214,4314,418,34393,851,36532,631,70925,California
Merced,2021-04-06,2420,105940,898,58176,693,42621,829,5143,891,34587,1524,38056,1718,72643,California
Merced,2021-04-07,1675,107615,899,59075,668,43289,108,5251,589,34218,1068,39124,699,73342,California
Merced,2021-04-08,2446,110061,1311,60386,919,44208,216,5467,960,33938,1454,40578,1174,74516,California
Merced,2021-04-09,1706,111767,476,60862,653,44861,577,6044,567,33963,1120,41698,1145,75661,California
Merced,2021-04-10,981,112748,370,61232,424,45285,187,6231,176,33525,799,42497,361,76022,California
Merced,2021-04-11,488,113236,283,61515,71,45356,134,6365,148,33470,338,42835,283,76305,California
Merced,2021-04-12,1508,114744,988,62503,394,45750,126,6491,868,33862,602,43437,994,77299,California
Merced,2021-04-13,2046,116790,1466,63969,578,46328,2,6493,939,33792,1015,44452,945,78244,California
Merced,2021-04-14,2130,118920,1294,65263,836,47164,0,6493,956,33710,1040,45492,958,79202,California
Merced,2021-04-15,3023,121943,1976,67239,1047,48211,0,6493,954,32835,1835,47327,960,80162,California
Merced,2021-04-16,2389,124332,1168,68407,1221,49432,0,6493,975,32496,1316,48643,977,81139,California
Merced,2021-04-17,2105,126437,1446,69853,658,50090,1,6494,686,31774,1411,50054,689,81828,California
Merced,2021-04-18,473,126910,248,70101,225,50315,0,6494,192,31713,253,50307,192,82020,California
Merced,2021-04-19,1336,128246,751,70852,585,50900,0,6494,705,31884,535,50842,706,82726,California
Merced,2021-04-20,1482,129728,742,71594,740,51640,0,6494,803,32079,608,51450,803,83529,California
Merced,2021-04-21,1510,131238,915,72509,595,52235,0,6494,765,32212,633,52083,766,84295,California
Merced,2021-04-22,1622,132860,744,73253,878,53113,0,6494,785,32242,756,52839,786,85081,California
Merced,2021-04-23,1656,134516,690,73943,966,54079,0,6494,890,32414,719,53558,891,85972,California
Merced,2021-04-24,880,135396,703,74646,177,54256,0,6494,562,32663,313,53871,562,86534,California
Merced,2021-04-25,329,135725,189,74835,140,54396,0,6494,194,32726,131,54002,194,86728,California
Merced,2021-04-26,1222,136947,534,75369,688,55084,0,6494,641,32821,548,54550,643,87371,California
Merced,2021-04-27,1776,138723,895,76264,869,55953,12,6506,710,32547,997,55547,723,88094,California
Merced,2021-04-28,1369,140092,680,76944,681,56634,8,6514,782,32775,563,56110,791,88885,California
Merced,2021-04-29,1456,141548,641,77585,790,57424,25,6539,697,32749,750,56860,724,89609,California
Merced,2021-04-30,1460,143008,616,78201,800,58224,44,6583,751,32843,702,57562,796,90405,California
Merced,2021-05-01,563,143571,242,78443,316,58540,5,6588,261,32811,297,57859,265,90670,California
Merced,2021-05-02,297,143868,121,78564,161,58701,15,6603,131,32794,165,58024,148,90818,California
Merced,2021-05-03,846,144714,554,79118,222,58923,70,6673,303,32630,539,58563,375,91193,California
Merced,2021-05-04,1017,145731,545,79663,420,59343,52,6725,374,32417,639,59202,426,91619,California
Merced,2021-05-05,1388,147119,889,80552,423,59766,76,6801,660,32438,716,59918,737,92356,California
Merced,2021-05-06,915,148034,478,81030,387,60153,50,6851,301,32183,606,60524,351,92707,California
Merced,2021-05-07,1126,149160,481,81511,603,60756,42,6893,430,31968,690,61214,475,93182,California
Merced,2021-05-08,398,149558,202,81713,160,60916,36,6929,184,31975,213,61427,220,93402,California
Merced,2021-05-09,211,149769,104,81817,100,61016,7,6936,100,31972,110,61537,107,93509,California
Merced,2021-05-10,696,150465,357,82174,302,61318,37,6973,190,31696,504,62041,228,93737,California
Merced,2021-05-11,1147,151612,681,82855,409,61727,57,7030,439,31489,703,62744,496,94233,California
Merced,2021-05-12,1079,152691,612,83467,425,62152,42,7072,372,31200,704,63448,415,94648,California
Merced,2021-05-13,861,153552,454,83921,364,62516,43,7115,347,31081,509,63957,390,95038,California
Merced,2021-05-14,1029,154581,619,84540,370,62886,40,7155,538,31174,485,64442,578,95616,California
Merced,2021-05-15,761,155342,574,85114,168,63054,19,7174,449,31343,300,64742,469,96085,California
Merced,2021-05-16,350,155692,235,85349,107,63161,8,7182,199,31402,149,64891,208,96293,California
Merced,2021-05-17,1092,156784,711,86060,351,63512,30,7212,538,31424,547,65438,569,96862,California
Merced,2021-05-18,1274,158058,849,86909,394,63906,31,7243,722,31631,546,65984,753,97615,California
Merced,2021-05-19,1109,159167,760,87669,342,64248,7,7250,632,31800,474,66458,643,98258,California
Merced,2021-05-20,1055,160222,557,88226,443,64691,55,7305,405,31614,648,67106,462,98720,California
Merced,2021-05-21,1181,161403,677,88903,476,65167,28,7333,490,31453,680,67786,519,99239,California
Merced,2021-05-22,752,162155,538,89441,201,65368,13,7346,449,31618,300,68086,465,99704,California
Merced,2021-05-23,333,162488,233,89674,88,65456,12,7358,222,31742,110,68196,234,99938,California
Merced,2021-05-24,594,163082,248,89922,316,65772,30,7388,225,31634,364,68560,256,100194,California
Merced,2021-05-25,762,163844,432,90354,296,66068,34,7422,403,31715,356,68916,437,100631,California
Merced,2021-05-26,978,164822,555,90909,390,66458,33,7455,407,31587,569,69485,441,101072,California
Merced,2021-05-27,924,165746,653,91562,238,66696,33,7488,569,31839,351,69836,603,101675,California
Merced,2021-05-28,766,166512,346,91908,373,67069,47,7535,335,31799,423,70259,383,102058,California
Merced,2021-05-29,392,166904,271,92179,113,67182,8,7543,172,31763,217,70476,181,102239,California
Merced,2021-05-30,215,167119,146,92325,58,67240,11,7554,135,31830,79,70555,146,102385,California
Merced,2021-05-31,110,167229,24,92349,80,67320,6,7560,31,31791,77,70632,38,102423,California
Merced,2021-06-01,792,168021,470,92819,290,67610,32,7592,340,31716,447,71079,372,102795,California
Merced,2021-06-02,740,168761,478,93297,236,67846,26,7618,366,31741,367,71446,392,103187,California
Merced,2021-06-03,750,169511,477,93774,240,68086,33,7651,333,31695,411,71857,365,103552,California
Merced,2021-06-04,790,170301,445,94219,323,68409,22,7673,331,31596,453,72310,354,103906,California
Merced,2021-06-05,492,170793,388,94607,94,68503,10,7683,182,31483,305,72615,192,104098,California
Merced,2021-06-06,225,171018,189,94796,30,68533,6,7689,84,31432,141,72756,90,104188,California
Merced,2021-06-07,651,171669,520,95316,119,68652,12,7701,195,31185,456,73212,209,104397,California
Merced,2021-06-08,855,172524,633,95949,198,68850,24,7725,274,30906,577,73789,298,104695,California
Merced,2021-06-09,785,173309,650,96599,120,68970,15,7740,236,30617,540,74329,251,104946,California
Merced,2021-06-10,641,173950,444,97043,178,69148,19,7759,267,30536,367,74696,286,105232,California
Merced,2021-06-11,567,174517,356,97399,196,69344,15,7774,239,30467,325,75021,256,105488,California
Merced,2021-06-12,456,174973,353,97752,80,69424,23,7797,157,30349,298,75319,180,105668,California
Merced,2021-06-13,256,175229,134,97886,117,69541,5,7802,69,30236,187,75506,74,105742,California
Merced,2021-06-14,541,175770,355,98241,153,69694,33,7835,255,30240,285,75791,289,106031,California
Merced,2021-06-15,785,176555,556,98797,202,69896,27,7862,271,30032,507,76298,299,106330,California
Merced,2021-06-16,650,177205,431,99228,197,70093,22,7884,311,30036,329,76627,333,106663,California
Merced,2021-06-17,550,177755,396,99624,138,70231,16,7900,143,29789,407,77034,160,106823,California
Merced,2021-06-18,334,178089,186,99810,135,70366,13,7913,173,29815,160,77194,186,107009,California
Modoc,2020-12-16,2,2,2,2,0,0,0,0,2,2,0,0,2,2,California
Modoc,2020-12-21,99,101,99,101,0,0,0,0,99,101,0,0,99,101,California
Modoc,2020-12-22,14,115,14,115,0,0,0,0,14,115,0,0,14,115,California
Modoc,2020-12-23,4,119,4,119,0,0,0,0,4,119,0,0,4,119,California
Modoc,2020-12-24,1,120,1,120,0,0,0,0,1,120,0,0,1,120,California
Modoc,2020-12-28,2,122,2,122,0,0,0,0,2,122,0,0,2,122,California
Modoc,2020-12-29,9,131,1,123,8,8,0,0,9,131,0,0,9,131,California
Modoc,2020-12-30,9,140,2,125,7,15,0,0,9,140,0,0,9,140,California
Modoc,2021-01-02,3,143,1,126,2,17,0,0,3,143,0,0,3,143,California
Modoc,2021-01-04,8,151,0,126,8,25,0,0,8,151,0,0,8,151,California
Modoc,2021-01-05,3,154,2,128,1,26,0,0,3,154,0,0,3,154,California
Modoc,2021-01-06,4,158,3,131,1,27,0,0,2,154,2,2,2,156,California
Modoc,2021-01-07,72,230,0,131,72,99,0,0,72,226,0,2,72,228,California
Modoc,2021-01-08,107,337,0,131,107,206,0,0,107,333,0,2,107,335,California
Modoc,2021-01-10,1,338,1,132,0,206,0,0,0,332,1,3,0,335,California
Modoc,2021-01-11,91,429,81,213,10,216,0,0,20,281,71,74,20,355,California
Modoc,2021-01-12,94,523,25,238,69,285,0,0,68,323,26,100,68,423,California
Modoc,2021-01-13,24,547,4,242,20,305,0,0,22,343,2,102,22,445,California
Modoc,2021-01-14,129,676,6,248,123,428,0,0,124,462,5,107,124,569,California
Modoc,2021-01-15,6,682,1,249,5,433,0,0,6,468,0,107,6,575,California
Modoc,2021-01-16,2,684,1,250,1,434,0,0,2,470,0,107,2,577,California
Modoc,2021-01-18,3,687,1,251,2,436,0,0,3,473,0,107,3,580,California
Modoc,2021-01-19,4,691,3,254,1,437,0,0,2,473,2,109,2,582,California
Modoc,2021-01-20,15,706,4,258,11,448,0,0,13,484,2,111,13,595,California
Modoc,2021-01-21,160,866,2,260,158,606,0,0,160,644,0,111,160,755,California
Modoc,2021-01-22,4,870,2,262,2,608,0,0,4,648,0,111,4,759,California
Modoc,2021-01-25,12,882,0,262,12,620,0,0,12,660,0,111,12,771,California
Modoc,2021-01-26,117,999,2,264,115,735,0,0,117,777,0,111,117,888,California
Modoc,2021-01-27,47,1046,3,267,44,779,0,0,32,794,15,126,32,920,California
Modoc,2021-01-28,148,1194,4,271,144,923,0,0,147,940,1,127,147,1067,California
Modoc,2021-01-29,4,1198,1,272,3,926,0,0,4,944,0,127,4,1071,California
Modoc,2021-02-01,26,1224,13,285,13,939,0,0,12,942,14,141,12,1083,California
Modoc,2021-02-02,176,1400,2,287,174,1113,0,0,173,1112,3,144,173,1256,California
Modoc,2021-02-03,17,1417,12,299,5,1118,0,0,10,1115,7,151,10,1266,California
Modoc,2021-02-04,160,1577,3,302,157,1275,0,0,31,1017,129,280,31,1297,California
Modoc,2021-02-05,4,1581,2,304,2,1277,0,0,2,1017,2,282,2,1299,California
Modoc,2021-02-08,11,1592,1,305,10,1287,0,0,10,1026,1,283,10,1309,California
Modoc,2021-02-09,199,1791,11,316,188,1475,0,0,66,959,133,416,66,1375,California
Modoc,2021-02-10,6,1797,3,319,3,1478,0,0,4,961,2,418,4,1379,California
Modoc,2021-02-11,200,1997,2,321,198,1676,0,0,82,925,118,536,82,1461,California
Modoc,2021-02-12,9,2006,2,323,7,1683,0,0,3,922,6,542,3,1464,California
Modoc,2021-02-13,2,2008,0,323,2,1685,0,0,1,922,1,543,1,1465,California
Modoc,2021-02-16,147,2155,6,329,141,1826,0,0,141,1057,6,549,141,1606,California
Modoc,2021-02-17,25,2180,2,331,23,1849,0,0,11,1054,14,563,11,1617,California
Modoc,2021-02-18,191,2371,4,335,187,2036,0,0,22,910,168,731,24,1641,California
Modoc,2021-02-19,3,2374,3,338,0,2036,0,0,2,911,1,732,2,1643,California
Modoc,2021-02-20,1,2375,1,339,0,2036,0,0,0,910,1,733,0,1643,California
Modoc,2021-02-22,17,2392,9,348,8,2044,0,0,3,899,14,747,3,1646,California
Modoc,2021-02-23,83,2475,2,350,81,2125,0,0,11,838,72,819,11,1657,California
Modoc,2021-02-24,95,2570,2,352,93,2218,0,0,32,807,63,882,32,1689,California
Modoc,2021-02-25,172,2742,0,352,172,2390,0,0,13,661,159,1041,13,1702,California
Modoc,2021-02-26,2,2744,0,352,2,2392,0,0,1,661,1,1042,1,1703,California
Modoc,2021-02-27,2,2746,2,354,0,2392,0,0,2,663,0,1042,2,1705,California
Modoc,2021-03-01,5,2751,0,354,5,2397,0,0,0,659,4,1046,0,1705,California
Modoc,2021-03-02,198,2949,11,365,187,2584,0,0,26,513,172,1218,26,1731,California
Modoc,2021-03-03,12,2961,6,371,6,2590,0,0,2,505,10,1228,2,1733,California
Modoc,2021-03-04,175,3136,0,371,175,2765,0,0,147,624,28,1256,147,1880,California
Modoc,2021-03-05,2,3138,1,372,1,2766,0,0,1,624,1,1257,1,1881,California
Modoc,2021-03-06,11,3149,0,372,1,2767,10,10,1,625,10,1267,11,1892,California
Modoc,2021-03-07,8,3157,2,374,0,2767,6,16,2,627,6,1273,8,1900,California
Modoc,2021-03-08,8,3165,1,375,3,2770,4,20,1,626,6,1279,5,1905,California
Modoc,2021-03-09,127,3292,10,385,109,2879,8,28,61,629,66,1345,69,1974,California
Modoc,2021-03-10,9,3301,3,388,2,2881,4,32,4,632,5,1350,8,1982,California
Modoc,2021-03-11,209,3510,1,389,99,2980,109,141,23,578,186,1536,132,2114,California
Modoc,2021-03-12,10,3520,1,390,4,2984,5,146,4,581,6,1542,9,2123,California
Modoc,2021-03-13,4,3524,0,390,1,2985,3,149,1,582,3,1545,4,2127,California
Modoc,2021-03-15,14,3538,0,390,13,2998,1,150,12,593,2,1547,13,2140,California
Modoc,2021-03-16,173,3711,1,391,168,3166,4,154,42,507,131,1678,45,2185,California
Modoc,2021-03-17,11,3722,2,393,4,3170,5,159,2,505,9,1687,7,2192,California
Modoc,2021-03-18,67,3789,2,395,58,3228,7,166,36,517,31,1718,43,2235,California
Modoc,2021-03-19,5,3794,0,395,0,3228,5,171,0,517,5,1723,5,2240,California
Modoc,2021-03-20,5,3799,2,397,0,3228,3,174,0,515,5,1728,3,2243,California
Modoc,2021-03-21,3,3802,1,398,0,3228,2,176,1,516,2,1730,3,2246,California
Modoc,2021-03-22,17,3819,1,399,11,3239,5,181,12,528,5,1735,17,2263,California
Modoc,2021-03-23,63,3882,6,405,54,3293,3,184,44,556,19,1754,47,2310,California
Modoc,2021-03-24,29,3911,1,406,18,3311,10,194,1,539,28,1782,11,2321,California
Modoc,2021-03-25,79,3990,3,409,74,3385,2,196,47,556,32,1814,49,2370,California
Modoc,2021-03-26,7,3997,3,412,1,3386,3,199,2,556,5,1819,5,2375,California
Modoc,2021-03-27,2,3999,0,412,1,3387,1,200,1,557,1,1820,2,2377,California
Modoc,2021-03-29,15,4014,1,413,6,3393,8,208,6,562,9,1829,14,2391,California
Modoc,2021-03-30,53,4067,8,421,39,3432,6,214,20,555,33,1862,26,2417,California
Modoc,2021-03-31,10,4077,3,424,3,3435,4,218,4,557,6,1868,8,2425,California
Modoc,2021-04-01,170,4247,3,427,162,3597,5,223,34,460,136,2004,39,2464,California
Modoc,2021-04-02,5,4252,0,427,2,3599,3,226,1,461,3,2007,4,2468,California
Modoc,2021-04-03,3,4255,0,427,0,3599,3,229,0,461,2,2009,2,2470,California
Modoc,2021-04-05,10,4265,0,427,9,3608,1,230,9,470,1,2010,10,2480,California
Modoc,2021-04-06,23,4288,5,432,8,3616,10,240,5,467,18,2028,15,2495,California
Modoc,2021-04-07,12,4300,1,433,4,3620,7,247,3,468,9,2037,10,2505,California
Modoc,2021-04-08,94,4394,1,434,92,3712,1,248,26,427,68,2105,27,2532,California
Modoc,2021-04-09,11,4405,2,436,6,3718,3,251,2,422,9,2114,4,2536,California
Modoc,2021-04-10,5,4410,0,436,1,3719,4,255,0,421,5,2119,4,2540,California
Modoc,2021-04-11,2,4412,2,438,0,3719,0,255,1,421,1,2120,1,2541,California
Modoc,2021-04-12,14,4426,0,438,10,3729,4,259,1,415,11,2131,5,2546,California
Modoc,2021-04-13,33,4459,29,467,4,3733,0,259,22,426,11,2142,22,2568,California
Modoc,2021-04-14,2,4461,2,469,0,3733,0,259,1,426,1,2143,1,2569,California
Modoc,2021-04-15,102,4563,0,469,102,3835,0,259,29,382,73,2216,29,2598,California
Modoc,2021-04-16,6,4569,4,473,2,3837,0,259,5,386,1,2217,5,2603,California
Modoc,2021-04-17,2,4571,2,475,0,3837,0,259,2,388,0,2217,2,2605,California
Modoc,2021-04-18,1,4572,0,475,1,3838,0,259,1,389,0,2217,1,2606,California
Modoc,2021-04-19,7,4579,0,475,7,3845,0,259,2,386,5,2222,2,2608,California
Modoc,2021-04-20,48,4627,2,477,46,3891,0,259,11,360,37,2259,11,2619,California
Modoc,2021-04-21,3,4630,3,480,0,3891,0,259,1,359,2,2261,1,2620,California
Modoc,2021-04-22,97,4727,3,483,94,3985,0,259,38,338,59,2320,38,2658,California
Modoc,2021-04-23,3,4730,0,483,3,3988,0,259,3,341,0,2320,3,2661,California
Modoc,2021-04-24,2,4732,0,483,1,3989,1,260,1,342,1,2321,2,2663,California
Modoc,2021-04-25,1,4733,1,484,0,3989,0,260,1,343,0,2321,1,2664,California
Modoc,2021-04-26,8,4741,0,484,8,3997,0,260,2,339,6,2327,2,2666,California
Modoc,2021-04-27,6,4747,5,489,0,3997,1,261,1,336,5,2332,2,2668,California
Modoc,2021-04-28,6,4753,1,490,4,4001,1,262,2,335,4,2336,3,2671,California
Modoc,2021-04-29,65,4818,0,490,65,4066,0,262,20,310,45,2381,20,2691,California
Modoc,2021-04-30,3,4821,2,492,1,4067,0,262,1,309,2,2383,1,2692,California
Modoc,2021-05-02,4,4825,3,495,1,4068,0,262,3,311,1,2384,3,2695,California
Modoc,2021-05-03,15,4840,0,495,14,4082,1,263,5,307,10,2394,6,2701,California
Modoc,2021-05-04,8,4848,2,497,4,4086,2,265,3,307,5,2399,5,2706,California
Modoc,2021-05-05,28,4876,25,522,2,4088,1,266,8,296,20,2419,9,2715,California
Modoc,2021-05-06,55,4931,3,525,50,4138,2,268,21,285,34,2453,23,2738,California
Modoc,2021-05-07,8,4939,3,528,3,4141,2,270,2,283,6,2459,4,2742,California
Modoc,2021-05-08,3,4942,2,530,0,4141,1,271,1,283,2,2461,2,2744,California
Modoc,2021-05-09,1,4943,1,531,0,4141,0,271,0,282,1,2462,0,2744,California
Modoc,2021-05-10,2,4945,0,531,1,4142,1,272,1,283,1,2463,2,2746,California
Modoc,2021-05-11,3,4948,2,533,0,4142,1,273,0,281,3,2466,1,2747,California
Modoc,2021-05-12,3,4951,0,533,0,4142,3,276,0,281,3,2469,3,2750,California
Modoc,2021-05-13,44,4995,0,533,40,4182,4,280,14,269,30,2499,18,2768,California
Modoc,2021-05-14,8,5003,3,536,0,4182,5,285,3,272,5,2504,8,2776,California
Modoc,2021-05-15,4,5007,3,539,1,4183,0,285,4,276,0,2504,4,2780,California
Modoc,2021-05-16,2,5009,1,540,1,4184,0,285,0,274,2,2506,0,2780,California
Modoc,2021-05-17,7,5016,3,543,4,4188,0,285,4,275,3,2509,4,2784,California
Modoc,2021-05-18,27,5043,12,555,13,4201,2,287,13,276,14,2523,15,2799,California
Modoc,2021-05-19,8,5051,1,556,3,4204,4,291,4,280,4,2527,8,2807,California
Modoc,2021-05-20,57,5108,2,558,46,4250,9,300,8,248,49,2576,17,2824,California
Modoc,2021-05-21,4,5112,2,560,1,4251,1,301,1,247,3,2579,2,2826,California
Modoc,2021-05-22,2,5114,2,562,0,4251,0,301,1,247,1,2580,1,2827,California
Modoc,2021-05-23,2,5116,2,564,0,4251,0,301,0,245,2,2582,0,2827,California
Modoc,2021-05-24,4,5120,1,565,1,4252,2,303,2,247,2,2584,4,2831,California
Modoc,2021-05-25,1,5121,0,565,1,4253,0,303,1,248,0,2584,1,2832,California
Modoc,2021-05-26,34,5155,31,596,3,4256,0,303,24,263,10,2594,25,2857,California
Modoc,2021-05-27,31,5186,3,599,22,4278,6,309,8,254,23,2617,14,2871,California
Modoc,2021-05-28,8,5194,1,600,4,4282,3,312,3,255,5,2622,6,2877,California
Modoc,2021-05-29,1,5195,1,601,0,4282,0,312,0,254,1,2623,0,2877,California
Modoc,2021-06-01,7,5202,0,601,6,4288,1,313,2,252,5,2628,3,2880,California
Modoc,2021-06-02,13,5215,0,601,11,4299,2,315,5,251,8,2636,7,2887,California
Modoc,2021-06-03,24,5239,1,602,21,4320,2,317,4,237,20,2656,6,2893,California
Modoc,2021-06-04,5,5244,3,605,1,4321,1,318,0,233,5,2661,1,2894,California
Modoc,2021-06-07,4,5248,4,609,0,4321,0,318,1,231,3,2664,1,2895,California
Modoc,2021-06-08,24,5272,6,615,17,4338,1,319,18,244,6,2670,19,2914,California
Modoc,2021-06-09,3,5275,2,617,1,4339,0,319,2,245,1,2671,2,2916,California
Modoc,2021-06-10,20,5295,1,618,18,4357,1,320,7,240,13,2684,8,2924,California
Modoc,2021-06-11,2,5297,1,619,1,4358,0,320,2,242,0,2684,2,2926,California
Modoc,2021-06-12,1,5298,1,620,0,4358,0,320,0,241,1,2685,0,2926,California
Modoc,2021-06-14,4,5302,0,620,2,4360,2,322,0,239,4,2689,2,2928,California
Modoc,2021-06-15,6,5308,0,620,4,4364,2,324,3,241,3,2692,5,2933,California
Modoc,2021-06-16,39,5347,25,645,9,4373,5,329,21,250,18,2710,27,2960,California
Modoc,2021-06-17,47,5394,22,667,24,4397,1,330,26,256,21,2731,27,2987,California
Modoc,2021-06-18,3,5397,0,667,2,4399,1,331,2,258,1,2732,3,2990,California
Mono,2020-12-18,1,1,1,1,0,0,0,0,1,1,0,0,1,1,California
Mono,2020-12-19,5,6,5,6,0,0,0,0,5,6,0,0,5,6,California
Mono,2020-12-20,7,13,7,13,0,0,0,0,7,13,0,0,7,13,California
Mono,2020-12-21,24,37,17,30,7,7,0,0,24,37,0,0,24,37,California
Mono,2020-12-22,68,105,67,97,1,8,0,0,68,105,0,0,68,105,California
Mono,2020-12-23,73,178,45,142,28,36,0,0,73,178,0,0,73,178,California
Mono,2020-12-24,3,181,1,143,2,38,0,0,3,181,0,0,3,181,California
Mono,2020-12-26,4,185,4,147,0,38,0,0,4,185,0,0,4,185,California
Mono,2020-12-27,1,186,0,147,1,39,0,0,1,186,0,0,1,186,California
Mono,2020-12-28,93,279,62,209,31,70,0,0,93,279,0,0,93,279,California
Mono,2020-12-29,29,308,29,238,0,70,0,0,29,308,0,0,29,308,California
Mono,2020-12-30,77,385,36,274,41,111,0,0,77,385,0,0,77,385,California
Mono,2020-12-31,4,389,1,275,3,114,0,0,4,389,0,0,4,389,California
Mono,2021-01-01,4,393,4,279,0,114,0,0,4,393,0,0,4,393,California
Mono,2021-01-02,2,395,2,281,0,114,0,0,2,395,0,0,2,395,California
Mono,2021-01-04,2,397,0,281,2,116,0,0,2,397,0,0,2,397,California
Mono,2021-01-05,45,442,2,283,43,159,0,0,44,440,1,1,44,441,California
Mono,2021-01-06,52,494,0,283,52,211,0,0,52,492,0,1,52,493,California
Mono,2021-01-07,55,549,3,286,52,263,0,0,53,544,2,3,54,547,California
Mono,2021-01-08,3,552,1,287,2,265,0,0,2,545,1,4,2,549,California
Mono,2021-01-09,4,556,4,291,0,265,0,0,0,541,4,8,0,549,California
Mono,2021-01-10,5,561,5,296,0,265,0,0,0,536,5,13,0,549,California
Mono,2021-01-11,8,569,5,301,3,268,0,0,4,536,4,17,4,553,California
Mono,2021-01-12,286,855,78,379,208,476,0,0,220,691,65,82,220,773,California
Mono,2021-01-13,238,1093,75,454,163,639,0,0,182,817,56,138,182,955,California
Mono,2021-01-14,75,1168,72,526,3,642,0,0,74,890,1,139,74,1029,California
Mono,2021-01-15,68,1236,2,528,66,708,0,0,68,958,0,139,68,1097,California
Mono,2021-01-16,5,1241,4,532,1,709,0,0,1,955,4,143,1,1098,California
Mono,2021-01-18,63,1304,54,586,9,718,0,0,2,896,61,204,2,1100,California
Mono,2021-01-19,216,1520,213,799,3,721,0,0,177,1035,39,243,178,1278,California
Mono,2021-01-20,235,1755,202,1001,33,754,0,0,174,1148,61,304,174,1452,California
Mono,2021-01-21,7,1762,4,1005,3,757,0,0,7,1155,0,304,7,1459,California
Mono,2021-01-22,5,1767,0,1005,5,762,0,0,5,1160,0,304,5,1464,California
Mono,2021-01-23,599,2366,599,1604,0,762,0,0,598,1757,1,305,598,2062,California
Mono,2021-01-24,1,2367,0,1604,1,763,0,0,0,1756,1,306,0,2062,California
Mono,2021-01-25,203,2570,166,1770,37,800,0,0,165,1883,38,344,165,2227,California
Mono,2021-01-26,511,3081,509,2279,2,802,0,0,505,2382,6,350,505,2732,California
Mono,2021-01-27,5,3086,1,2280,4,806,0,0,5,2387,0,350,5,2737,California
Mono,2021-01-28,6,3092,2,2282,4,810,0,0,2,2385,4,354,2,2739,California
Mono,2021-01-30,200,3292,198,2480,2,812,0,0,199,2583,1,355,199,2938,California
Mono,2021-01-31,252,3544,139,2619,113,925,0,0,140,2611,112,467,140,3078,California
Mono,2021-02-01,27,3571,27,2646,0,925,0,0,0,2584,27,494,0,3078,California
Mono,2021-02-02,5,3576,0,2646,5,930,0,0,2,2583,3,497,2,3080,California
Mono,2021-02-03,6,3582,2,2648,4,934,0,0,3,2583,3,500,3,3083,California
Mono,2021-02-04,214,3796,158,2806,56,990,0,0,91,2553,121,621,91,3174,California
Mono,2021-02-05,624,4420,618,3424,6,996,0,0,621,3171,3,624,621,3795,California
Mono,2021-02-06,136,4556,135,3559,1,997,0,0,135,3305,1,625,135,3930,California
Mono,2021-02-07,2,4558,0,3559,2,999,0,0,2,3307,0,625,2,3932,California
Mono,2021-02-08,175,4733,174,3733,1,1000,0,0,16,3165,158,783,16,3948,California
Mono,2021-02-09,229,4962,8,3741,221,1221,0,0,14,2964,215,998,14,3962,California
Mono,2021-02-10,539,5501,189,3930,350,1571,0,0,192,2810,347,1345,193,4155,California
Mono,2021-02-11,9,5510,5,3935,4,1575,0,0,3,2807,6,1351,3,4158,California
Mono,2021-02-12,93,5603,22,3957,71,1646,0,0,28,2770,65,1416,28,4186,California
Mono,2021-02-13,594,6197,594,4551,0,1646,0,0,27,2231,566,1982,27,4213,California
Mono,2021-02-15,168,6365,166,4717,2,1648,0,0,3,2071,163,2145,3,4216,California
Mono,2021-02-16,524,6889,519,5236,5,1653,0,0,46,1643,475,2620,47,4263,California
Mono,2021-02-17,6,6895,2,5238,4,1657,0,0,2,1641,4,2624,2,4265,California
Mono,2021-02-18,6,6901,2,5240,4,1661,0,0,2,1639,4,2628,2,4267,California
Mono,2021-02-19,54,6955,53,5293,1,1662,0,0,54,1693,0,2628,54,4321,California
Mono,2021-02-20,6,6961,6,5299,0,1662,0,0,6,1699,0,2628,6,4327,California
Mono,2021-02-21,9,6970,9,5308,0,1662,0,0,7,1704,2,2630,7,4334,California
Mono,2021-02-22,283,7253,282,5590,1,1663,0,0,24,1470,258,2888,24,4358,California
Mono,2021-02-23,142,7395,119,5709,23,1686,0,0,26,1380,116,3004,26,4384,California
Mono,2021-02-24,12,7407,3,5712,9,1695,0,0,4,1376,8,3012,4,4388,California
Mono,2021-02-25,5,7412,2,5714,3,1698,0,0,3,1378,1,3013,3,4391,California
Mono,2021-02-26,605,8017,603,6317,2,1700,0,0,20,814,584,3597,20,4411,California
Mono,2021-02-27,139,8156,135,6452,4,1704,0,0,4,685,133,3730,4,4415,California
Mono,2021-02-28,1,8157,0,6452,0,1704,1,1,0,685,1,3731,1,4416,California
Mono,2021-03-01,3,8160,2,6454,1,1705,0,1,2,687,0,3731,2,4418,California
Mono,2021-03-02,8,8168,4,6458,4,1709,0,1,6,691,2,3733,6,4424,California
Mono,2021-03-03,114,8282,3,6461,111,1820,0,1,110,798,3,3736,110,4534,California
Mono,2021-03-04,7,8289,2,6463,5,1825,0,1,3,797,4,3740,3,4537,California
Mono,2021-03-05,41,8330,30,6493,11,1836,0,1,14,784,27,3767,14,4551,California
Mono,2021-03-06,517,8847,18,6511,499,2335,0,1,508,1286,7,3774,509,5060,California
Mono,2021-03-07,1,8848,0,6511,1,2336,0,1,0,1285,1,3775,0,5060,California
Mono,2021-03-08,549,9397,11,6522,535,2871,3,4,538,1815,11,3786,541,5601,California
Mono,2021-03-09,6,9403,2,6524,3,2874,1,5,3,1817,2,3788,4,5605,California
Mono,2021-03-10,286,9689,91,6615,192,3066,3,8,9,1555,274,4062,12,5617,California
Mono,2021-03-11,10,9699,0,6615,1,3067,9,17,0,1554,10,4072,9,5626,California
Mono,2021-03-12,7,9706,1,6616,1,3068,5,22,0,1552,7,4079,5,5631,California
Mono,2021-03-13,838,10544,397,7013,440,3508,1,23,826,2367,12,4091,827,6458,California
Mono,2021-03-14,7,10551,7,7020,0,3508,0,23,1,2362,6,4097,1,6459,California
Mono,2021-03-15,31,10582,23,7043,3,3511,5,28,14,2365,16,4113,19,6478,California
Mono,2021-03-16,17,10599,6,7049,5,3516,6,34,8,2370,9,4122,14,6492,California
Mono,2021-03-17,32,10631,4,7053,20,3536,8,42,20,2386,12,4134,28,6520,California
Mono,2021-03-18,21,10652,2,7055,11,3547,8,50,9,2391,12,4146,17,6537,California
Mono,2021-03-19,21,10673,1,7056,17,3564,3,53,17,2408,3,4149,20,6557,California
Mono,2021-03-20,5,10678,3,7059,1,3565,1,54,4,2412,1,4150,5,6562,California
Mono,2021-03-22,11,10689,0,7059,6,3571,5,59,5,2416,6,4156,10,6572,California
Mono,2021-03-23,45,10734,6,7065,34,3605,5,64,17,2410,28,4184,22,6594,California
Mono,2021-03-24,14,10748,1,7066,8,3613,5,69,5,2412,9,4193,11,6605,California
Mono,2021-03-25,19,10767,3,7069,12,3625,4,73,13,2423,6,4199,17,6622,California
Mono,2021-03-26,19,10786,3,7072,11,3636,5,78,10,2430,8,4207,15,6637,California
Mono,2021-03-27,365,11151,362,7434,3,3639,0,78,339,2743,26,4233,339,6976,California
Mono,2021-03-29,11,11162,2,7436,8,3647,1,79,9,2751,2,4235,10,6986,California
Mono,2021-03-30,14,11176,0,7436,10,3657,4,83,7,2755,7,4242,11,6997,California
Mono,2021-03-31,136,11312,8,7444,127,3784,1,84,24,2669,111,4353,25,7022,California
Mono,2021-04-01,10,11322,0,7444,10,3794,0,84,6,2671,4,4357,6,7028,California
Mono,2021-04-02,18,11340,2,7446,16,3810,0,84,8,2669,10,4367,8,7036,California
Mono,2021-04-03,886,12226,381,7827,505,4315,0,84,50,1886,833,5200,50,7086,California
Mono,2021-04-04,1,12227,1,7828,0,4315,0,84,0,1885,1,5201,0,7086,California
Mono,2021-04-05,546,12773,19,7847,526,4841,1,85,35,1411,510,5711,36,7122,California
Mono,2021-04-06,20,12793,1,7848,6,4847,13,98,2,1408,18,5729,15,7137,California
Mono,2021-04-07,23,12816,2,7850,2,4849,19,117,2,1408,21,5750,21,7158,California
Mono,2021-04-08,25,12841,4,7854,3,4852,18,135,6,1413,19,5769,24,7182,California
Mono,2021-04-09,39,12880,6,7860,4,4856,29,164,9,1421,30,5799,38,7220,California
Mono,2021-04-10,457,13337,2,7862,448,5304,7,171,31,1033,426,6225,38,7258,California
Mono,2021-04-12,6,13343,0,7862,3,5307,3,174,3,1036,3,6228,6,7264,California
Mono,2021-04-13,20,13363,2,7864,17,5324,1,175,14,1045,6,6234,15,7279,California
Mono,2021-04-14,26,13389,2,7866,24,5348,0,175,8,1035,18,6252,8,7287,California
Mono,2021-04-15,20,13409,5,7871,15,5363,0,175,10,1035,10,6262,10,7297,California
Mono,2021-04-16,18,13427,1,7872,17,5380,0,175,7,1031,11,6273,7,7304,California
Mono,2021-04-17,52,13479,2,7874,50,5430,0,175,45,1069,7,6280,45,7349,California
Mono,2021-04-18,1,13480,0,7874,1,5431,0,175,1,1070,0,6280,1,7350,California
Mono,2021-04-19,551,14031,340,8214,211,5642,0,175,205,935,344,6624,209,7559,California
Mono,2021-04-20,14,14045,2,8216,12,5654,0,175,9,939,5,6629,9,7568,California
Mono,2021-04-21,8,14053,1,8217,7,5661,0,175,2,935,6,6635,2,7570,California
Mono,2021-04-22,25,14078,11,8228,14,5675,0,175,11,932,14,6649,11,7581,California
Mono,2021-04-23,22,14100,2,8230,20,5695,0,175,12,934,10,6659,12,7593,California
Mono,2021-04-24,37,14137,23,8253,14,5709,0,175,22,941,15,6674,22,7615,California
Mono,2021-04-25,5,14142,4,8257,1,5710,0,175,5,946,0,6674,5,7620,California
Mono,2021-04-26,14,14156,2,8259,12,5722,0,175,3,938,11,6685,3,7623,California
Mono,2021-04-27,68,14224,41,8300,19,5741,8,183,51,980,17,6702,59,7682,California
Mono,2021-04-28,64,14288,40,8340,19,5760,5,188,48,1019,14,6716,53,7735,California
Mono,2021-04-29,12,14300,3,8343,6,5766,3,191,3,1016,9,6725,6,7741,California
Mono,2021-04-30,19,14319,4,8347,12,5778,3,194,8,1016,11,6736,11,7752,California
Mono,2021-05-01,112,14431,5,8352,107,5885,0,194,99,1103,12,6748,99,7851,California
Mono,2021-05-02,2,14433,2,8354,0,5885,0,194,1,1103,1,6749,1,7852,California
Mono,2021-05-03,2,14435,1,8355,1,5886,0,194,1,1103,1,6750,1,7853,California
Mono,2021-05-04,19,14454,0,8355,14,5900,5,199,10,1109,9,6759,15,7868,California
Mono,2021-05-05,52,14506,8,8363,40,5940,4,203,45,1151,7,6766,49,7917,California
Mono,2021-05-06,15,14521,3,8366,11,5951,1,204,9,1155,6,6772,10,7927,California
Mono,2021-05-07,29,14550,22,8388,7,5958,0,204,25,1176,4,6776,25,7952,California
Mono,2021-05-08,53,14603,7,8395,46,6004,0,204,23,1169,30,6806,23,7975,California
Mono,2021-05-09,1,14604,1,8396,0,6004,0,204,0,1169,0,6806,0,7975,California
Mono,2021-05-10,17,14621,1,8397,12,6016,4,208,9,1174,8,6814,13,7988,California
Mono,2021-05-11,16,14637,2,8399,11,6027,3,211,5,1171,11,6825,8,7996,California
Mono,2021-05-12,12,14649,0,8399,11,6038,1,212,4,1168,8,6833,5,8001,California
Mono,2021-05-13,47,14696,31,8430,15,6053,1,213,38,1198,9,6842,39,8040,California
Mono,2021-05-14,10,14706,1,8431,8,6061,1,214,5,1199,5,6847,6,8046,California
Mono,2021-05-15,71,14777,29,8460,35,6096,7,221,20,1175,51,6898,27,8073,California
Mono,2021-05-16,6,14783,4,8464,1,6097,1,222,2,1174,4,6902,3,8076,California
Mono,2021-05-17,251,15034,34,8498,210,6307,7,229,54,1040,196,7098,62,8138,California
Mono,2021-05-18,133,15167,110,8608,22,6329,1,230,87,1083,46,7144,89,8227,California
Mono,2021-05-19,118,15285,112,8720,1,6330,5,235,75,1120,43,7187,80,8307,California
Mono,2021-05-20,71,15356,56,8776,10,6340,5,240,54,1162,17,7204,59,8366,California
Mono,2021-05-21,24,15380,4,8780,17,6357,3,243,10,1161,14,7218,13,8379,California
Mono,2021-05-22,21,15401,11,8791,8,6365,2,245,15,1172,6,7224,17,8396,California
Mono,2021-05-23,2,15403,0,8791,2,6367,0,245,1,1172,1,7225,1,8397,California
Mono,2021-05-24,15,15418,1,8792,13,6380,1,246,8,1175,7,7232,10,8407,California
Mono,2021-05-25,16,15434,5,8797,11,6391,0,246,9,1177,7,7239,9,8416,California
Mono,2021-05-26,18,15452,2,8799,15,6406,1,247,7,1174,11,7250,8,8424,California
Mono,2021-05-27,9,15461,0,8799,9,6415,0,247,6,1178,2,7252,6,8430,California
Mono,2021-05-28,41,15502,28,8827,13,6428,0,247,10,1157,31,7283,10,8440,California
Mono,2021-05-29,131,15633,27,8854,101,6529,3,250,31,1091,100,7383,34,8474,California
Mono,2021-06-01,15,15648,7,8861,8,6537,0,250,8,1092,7,7390,8,8482,California
Mono,2021-06-02,47,15695,3,8864,44,6581,0,250,10,1065,37,7427,10,8492,California
Mono,2021-06-03,10,15705,1,8865,7,6588,2,252,1,1059,9,7436,3,8495,California
Mono,2021-06-04,13,15718,2,8867,10,6598,1,253,4,1055,9,7445,5,8500,California
Mono,2021-06-05,43,15761,23,8890,20,6618,0,253,5,1022,38,7483,5,8505,California
Mono,2021-06-06,1,15762,0,8890,1,6619,0,253,0,1021,1,7484,0,8505,California
Mono,2021-06-07,99,15861,87,8977,8,6627,4,257,12,950,87,7571,16,8521,California
Mono,2021-06-08,111,15972,101,9078,8,6635,2,259,12,865,99,7670,14,8535,California
Mono,2021-06-09,8,15980,3,9081,5,6640,0,259,1,859,7,7677,1,8536,California
Mono,2021-06-10,6,15986,0,9081,4,6644,2,261,2,859,4,7681,4,8540,California
Mono,2021-06-11,74,16060,62,9143,7,6651,5,266,7,804,67,7748,12,8552,California
Mono,2021-06-12,1,16061,1,9144,0,6651,0,266,0,803,1,7749,0,8552,California
Mono,2021-06-13,1,16062,0,9144,1,6652,0,266,1,804,0,7749,1,8553,California
Mono,2021-06-14,64,16126,30,9174,28,6680,6,272,20,786,44,7793,26,8579,California
Mono,2021-06-15,8,16134,5,9179,3,6683,0,272,4,786,4,7797,4,8583,California
Mono,2021-06-16,14,16148,5,9184,9,6692,0,272,6,784,8,7805,6,8589,California
Mono,2021-06-17,6,16154,2,9186,3,6695,1,273,3,785,3,7808,4,8593,California
Mono,2021-06-18,2,16156,1,9187,1,6696,0,273,0,784,1,7809,0,8593,California
Monterey,2020-12-16,6,6,6,6,0,0,0,0,6,6,0,0,6,6,California
Monterey,2020-12-17,89,95,89,95,0,0,0,0,89,95,0,0,89,95,California
Monterey,2020-12-18,494,589,494,589,0,0,0,0,494,589,0,0,494,589,California
Monterey,2020-12-19,583,1172,582,1171,1,1,0,0,582,1171,0,0,582,1171,California
Monterey,2020-12-20,422,1594,422,1593,0,1,0,0,422,1593,0,0,422,1593,California
Monterey,2020-12-21,726,2320,726,2319,0,1,0,0,726,2319,0,0,726,2319,California
Monterey,2020-12-22,547,2867,534,2853,13,14,0,0,547,2866,0,0,547,2866,California
Monterey,2020-12-23,446,3313,268,3121,178,192,0,0,446,3312,0,0,446,3312,California
Monterey,2020-12-24,86,3399,10,3131,76,268,0,0,86,3398,0,0,86,3398,California
Monterey,2020-12-25,6,3405,0,3131,6,274,0,0,6,3404,0,0,6,3404,California
Monterey,2020-12-26,92,3497,5,3136,87,361,0,0,92,3496,0,0,92,3496,California
Monterey,2020-12-27,7,3504,4,3140,3,364,0,0,7,3503,0,0,7,3503,California
Monterey,2020-12-28,489,3993,26,3166,463,827,0,0,489,3992,0,0,489,3992,California
Monterey,2020-12-29,916,4909,172,3338,744,1571,0,0,916,4908,0,0,916,4908,California
Monterey,2020-12-30,575,5484,101,3439,474,2045,0,0,575,5483,0,0,575,5483,California
Monterey,2020-12-31,36,5520,11,3450,25,2070,0,0,36,5519,0,0,36,5519,California
Monterey,2021-01-01,13,5533,3,3453,10,2080,0,0,13,5532,0,0,13,5532,California
Monterey,2021-01-02,138,5671,135,3588,3,2083,0,0,138,5670,0,0,138,5670,California
Monterey,2021-01-03,31,5702,30,3618,1,2084,0,0,31,5701,0,0,31,5701,California
Monterey,2021-01-04,416,6118,20,3638,396,2480,0,0,416,6117,0,0,416,6117,California
Monterey,2021-01-05,768,6886,336,3974,432,2912,0,0,754,6857,14,14,754,6871,California
Monterey,2021-01-06,672,7558,181,4155,491,3403,0,0,648,7481,24,38,648,7519,California
Monterey,2021-01-07,764,8322,582,4737,182,3585,0,0,434,7587,328,366,434,7953,California
Monterey,2021-01-08,1116,9438,749,5486,367,3952,0,0,408,7287,708,1074,408,8361,California
Monterey,2021-01-09,978,10416,939,6425,39,3991,0,0,325,6961,651,1725,325,8686,California
Monterey,2021-01-10,275,10691,273,6698,2,3993,0,0,8,6702,267,1992,8,8694,California
Monterey,2021-01-11,1083,11774,993,7691,90,4083,0,0,375,6369,708,2700,375,9069,California
Monterey,2021-01-12,489,12263,403,8094,86,4169,0,0,223,6326,266,2966,223,9292,California
Monterey,2021-01-13,1233,13496,598,8692,635,4804,0,0,1188,7469,45,3011,1188,10480,California
Monterey,2021-01-14,1138,14634,171,8863,967,5771,0,0,1117,8569,21,3032,1121,11601,California
Monterey,2021-01-15,1083,15717,46,8909,1037,6808,0,0,1071,9628,12,3044,1071,12672,California
Monterey,2021-01-16,369,16086,303,9212,66,6874,0,0,364,9987,5,3049,364,13036,California
Monterey,2021-01-17,312,16398,293,9505,19,6893,0,0,299,10273,13,3062,299,13335,California
Monterey,2021-01-18,412,16810,51,9556,361,7254,0,0,389,10639,23,3085,389,13724,California
Monterey,2021-01-19,598,17408,403,9959,195,7449,0,0,433,10909,163,3248,433,14157,California
Monterey,2021-01-20,558,17966,273,10232,285,7734,0,0,344,11039,214,3462,344,14501,California
Monterey,2021-01-21,901,18867,95,10327,806,8540,0,0,789,11720,112,3574,793,15294,California
Monterey,2021-01-22,1096,19963,204,10531,892,9432,0,0,1055,12734,41,3615,1055,16349,California
Monterey,2021-01-23,250,20213,178,10709,72,9504,0,0,125,12737,124,3739,127,16476,California
Monterey,2021-01-24,60,20273,38,10747,22,9526,0,0,26,12729,34,3773,26,16502,California
Monterey,2021-01-25,846,21119,185,10932,661,10187,0,0,206,12302,633,4406,206,16708,California
Monterey,2021-01-26,993,22112,231,11163,762,10949,0,0,282,11873,711,5117,282,16990,California
Monterey,2021-01-27,914,23026,319,11482,595,11544,0,0,427,11813,487,5604,427,17417,California
Monterey,2021-01-28,2082,25108,750,12232,1332,12876,0,0,1732,13197,350,5954,1734,19151,California
Monterey,2021-01-29,1312,26420,720,12952,592,13468,0,0,1194,14275,117,6071,1195,20346,California
Monterey,2021-01-30,491,26911,302,13254,189,13657,0,0,231,14246,260,6331,231,20577,California
Monterey,2021-01-31,514,27425,86,13340,428,14085,0,0,503,14739,11,6342,504,21081,California
Monterey,2021-02-01,1684,29109,1166,14506,518,14603,0,0,1110,15276,573,6915,1110,22191,California
Monterey,2021-02-02,2201,31310,464,14970,1737,16340,0,0,1588,16252,612,7527,1588,23779,California
Monterey,2021-02-03,2396,33706,1087,16057,1309,17649,0,0,1610,17080,782,8309,1610,25389,California
Monterey,2021-02-04,2844,36550,2107,18164,737,18386,0,0,2527,19293,314,8623,2527,27916,California
Monterey,2021-02-05,3742,40292,2878,21042,864,19250,0,0,3292,22140,445,9068,3292,31208,California
Monterey,2021-02-06,1144,41436,383,21425,761,20011,0,0,790,22578,352,9420,790,31998,California
Monterey,2021-02-07,327,41763,269,21694,58,20069,0,0,108,22467,219,9639,108,32106,California
Monterey,2021-02-08,542,42305,293,21987,249,20318,0,0,441,22807,101,9740,441,32547,California
Monterey,2021-02-09,934,43239,714,22701,220,20538,0,0,616,23107,318,10058,618,33165,California
Monterey,2021-02-10,2148,45387,1121,23822,1027,21565,0,0,1282,23525,866,10924,1284,34449,California
Monterey,2021-02-11,2544,47931,976,24798,1568,23133,0,0,1573,24131,969,11893,1575,36024,California
Monterey,2021-02-12,2646,50577,435,25233,2211,25344,0,0,1546,24579,1099,12992,1547,37571,California
Monterey,2021-02-13,1107,51684,50,25283,1057,26401,0,0,1013,25499,93,13085,1013,38584,California
Monterey,2021-02-14,629,52313,74,25357,555,26956,0,0,557,25984,72,13157,557,39141,California
Monterey,2021-02-15,1402,53715,168,25525,1234,28190,0,0,1000,26585,400,13557,1001,40142,California
Monterey,2021-02-16,1117,54832,250,25775,867,29057,0,0,888,27244,229,13786,888,41030,California
Monterey,2021-02-17,2015,56847,1195,26970,820,29877,0,0,1682,28598,330,14116,1684,42714,California
Monterey,2021-02-18,2300,59147,1187,28157,1113,30990,0,0,929,28172,1357,15473,931,43645,California
Monterey,2021-02-19,3008,62155,1558,29715,1450,32440,0,0,1381,27929,1626,17099,1383,45028,California
Monterey,2021-02-20,1115,63270,690,30405,425,32865,0,0,1050,28916,64,17163,1051,46079,California
Monterey,2021-02-21,1289,64559,1254,31659,35,32900,0,0,1207,30044,80,17243,1208,47287,California
Monterey,2021-02-22,1068,65627,903,32562,165,33065,0,0,670,30318,396,17639,670,47957,California
Monterey,2021-02-23,1021,66648,634,33196,387,33452,0,0,317,29933,703,18342,318,48275,California
Monterey,2021-02-24,2555,69203,1359,34555,1196,34648,0,0,1872,31128,678,19020,1873,50148,California
Monterey,2021-02-25,4517,73720,2470,37025,2047,36695,0,0,1529,29678,2981,22001,1531,51679,California
Monterey,2021-02-26,5371,79091,3125,40150,2246,38941,0,0,2667,29646,2701,24702,2669,54348,California
Monterey,2021-02-27,1070,80161,202,40352,868,39809,0,0,839,30259,226,24928,839,55187,California
Monterey,2021-02-28,1561,81722,86,40438,1475,41284,0,0,1089,30881,467,25395,1089,56276,California
Monterey,2021-03-01,1340,83062,179,40617,1158,42442,3,3,770,31090,565,25960,774,57050,California
Monterey,2021-03-02,2879,85941,1750,42367,1129,43571,0,3,1994,32203,881,26841,1994,59044,California
Monterey,2021-03-03,3283,89224,1255,43622,2028,45599,0,3,1319,31562,1961,28802,1320,60364,California
Monterey,2021-03-04,4709,93933,1492,45114,3217,48816,0,3,3052,32964,1652,30454,3054,63418,California
Monterey,2021-03-05,3721,97654,1639,46753,1803,50619,279,282,3039,35601,681,31135,3318,66736,California
Monterey,2021-03-06,5236,102890,1175,47928,3752,54371,309,591,4297,39270,936,32071,4605,71341,California
Monterey,2021-03-07,534,103424,105,48033,177,54548,252,843,231,39448,303,32374,481,71822,California
Monterey,2021-03-08,1683,105107,330,48363,963,55511,390,1233,1127,40407,556,32930,1515,73337,California
Monterey,2021-03-09,2052,107159,699,49062,1078,56589,275,1508,1535,41699,516,33446,1808,75145,California
Monterey,2021-03-10,3296,110455,1052,50114,1752,58341,492,2000,1527,41953,1765,35211,2019,77164,California
Monterey,2021-03-11,4243,114698,1433,51547,2432,60773,378,2378,2431,42957,1805,37016,2809,79973,California
Monterey,2021-03-12,4498,119196,2071,53618,2272,63045,155,2533,2770,44155,1725,38741,2923,82896,California
Monterey,2021-03-13,5433,124629,1038,54656,4044,67089,351,2884,4041,47156,1391,40132,4392,87288,California
Monterey,2021-03-14,2206,126835,1363,56019,818,67907,25,2909,595,46175,1601,41733,620,87908,California
Monterey,2021-03-15,4025,130860,1286,57305,2448,70355,291,3200,2299,47044,1722,43455,2591,90499,California
Monterey,2021-03-16,3580,134440,594,57899,2610,72965,376,3576,2139,48117,1439,44894,2512,93011,California
Monterey,2021-03-17,5992,140432,2452,60351,3284,76249,256,3832,4355,51103,1630,46524,4616,97627,California
Monterey,2021-03-18,4585,145017,2238,62589,2176,78425,171,4003,3180,53091,1400,47924,3388,101015,California
Monterey,2021-03-19,5581,150598,2593,65182,2826,81251,162,4165,4254,56186,1321,49245,4416,105431,California
Monterey,2021-03-20,3403,154001,440,65622,2269,83520,694,4859,2298,58077,1101,50346,2992,108423,California
Monterey,2021-03-21,652,154653,215,65837,427,83947,10,4869,573,58583,76,50422,582,109005,California
Monterey,2021-03-22,2530,157183,1471,67308,996,84943,63,4932,2304,60726,222,50644,2365,111370,California
Monterey,2021-03-23,4101,161284,2418,69726,1640,86583,43,4975,2610,61894,1485,52129,2653,114023,California
Monterey,2021-03-24,5249,166533,2215,71941,2715,89298,319,5294,3861,64686,1385,53514,4177,118200,California
Monterey,2021-03-25,5385,171918,1251,73192,3772,93070,362,5656,2706,65086,2669,56183,3069,121269,California
Monterey,2021-03-26,5556,177474,2679,75871,2799,95869,78,5734,2867,65355,2678,58861,2947,124216,California
Monterey,2021-03-27,5039,182513,1575,77446,3206,99075,258,5992,3194,66967,1842,60703,3454,127670,California
Monterey,2021-03-28,1138,183651,356,77802,773,99848,9,6001,642,67128,490,61193,651,128321,California
Monterey,2021-03-29,3272,186923,1441,79243,1817,101665,14,6015,2034,67951,1230,62423,2053,130374,California
Monterey,2021-03-30,4608,191531,2157,81400,2396,104061,55,6070,2808,69028,1789,64212,2866,133240,California
Monterey,2021-03-31,5567,197098,2501,83901,2265,106326,801,6871,3533,71322,2031,66243,4325,137565,California
Monterey,2021-04-01,6296,203394,2109,86010,3773,110099,414,7285,3165,71780,3116,69359,3574,141139,California
Monterey,2021-04-02,4805,208199,2238,88248,2492,112591,75,7360,3214,73485,1588,70947,3293,144432,California
Monterey,2021-04-03,6022,214221,1150,89398,3812,116403,1060,8420,1253,71030,4760,75707,2305,146737,California
Monterey,2021-04-04,792,215013,177,89575,602,117005,13,8433,506,71266,286,75993,522,147259,California
Monterey,2021-04-05,4057,219070,2502,92077,1316,118321,239,8672,1506,70463,2546,78539,1743,149002,California
Monterey,2021-04-06,3545,222615,1384,93461,1678,119999,483,9155,1222,69845,2320,80859,1702,150704,California
Monterey,2021-04-07,5780,228395,1439,94900,3817,123816,524,9679,2739,70073,3030,83889,3258,153962,California
Monterey,2021-04-08,6876,235271,3621,98521,2419,126235,836,10515,3411,70863,3458,87347,4248,158210,California
Monterey,2021-04-09,5862,241133,3487,102008,1723,127958,652,11167,2341,70336,3518,90865,2991,161201,California
Monterey,2021-04-10,10373,251506,5025,107033,3144,131102,2204,13371,5061,72297,5301,96166,7262,168463,California
Monterey,2021-04-11,5603,257109,4406,111439,580,131682,617,13988,4538,76386,1059,97225,5148,173611,California
Monterey,2021-04-12,4228,261337,1914,113353,1976,133658,338,14326,976,74587,3113,100338,1314,174925,California
Monterey,2021-04-13,3294,264631,769,114122,2520,136178,5,14331,1587,74492,1689,102027,1594,176519,California
Monterey,2021-04-14,7043,271674,3284,117406,3756,139934,3,14334,1920,71317,5102,107129,1927,178446,California
Monterey,2021-04-15,6042,277716,3986,121392,2056,141990,0,14334,3931,73167,2082,109211,3932,182378,California
Monterey,2021-04-16,5089,282805,2609,124001,2470,144460,10,14344,2383,72878,2694,111905,2405,184783,California
Monterey,2021-04-17,5871,288676,1409,125410,4462,148922,0,14344,3797,74616,2060,113965,3798,188581,California
Monterey,2021-04-18,876,289552,270,125680,606,149528,0,14344,251,74246,621,114586,251,188832,California
Monterey,2021-04-19,3653,293205,1181,126861,2472,152000,0,14344,1665,73935,1979,116565,1668,190500,California
Monterey,2021-04-20,3965,297170,1660,128521,2305,154305,0,14344,1636,73277,2305,118870,1647,192147,California
Monterey,2021-04-21,6159,303329,3353,131874,2806,157111,0,14344,2995,73147,3127,121997,2997,195144,California
Monterey,2021-04-22,4930,308259,1085,132959,3845,160956,0,14344,2045,72352,2842,124839,2047,197191,California
Monterey,2021-04-23,5710,313969,2663,135622,3046,164002,1,14345,2260,71187,3431,128270,2266,199457,California
Monterey,2021-04-24,4354,318323,599,136221,3755,167757,0,14345,1561,69973,2775,131045,1561,201018,California
Monterey,2021-04-25,1267,319590,632,136853,635,168392,0,14345,805,70326,452,131497,805,201823,California
Monterey,2021-04-26,3785,323375,2233,139086,1535,169927,17,14362,1006,68595,2754,134251,1023,202846,California
Monterey,2021-04-27,2927,326302,962,140048,1826,171753,139,14501,1266,68342,1657,135908,1404,204250,California
Monterey,2021-04-28,3727,330029,1435,141483,2139,173892,153,14654,2304,69386,1408,137316,2452,206702,California
Monterey,2021-04-29,4644,334673,2519,144002,2047,175939,78,14732,1703,68239,2929,140245,1782,208484,California
Monterey,2021-04-30,3245,337918,1683,145685,1488,177427,74,14806,824,66724,2411,142656,896,209380,California
Monterey,2021-05-01,5686,343604,4286,149971,1359,178786,41,14847,694,62486,4971,147627,733,210113,California
Monterey,2021-05-02,4415,348019,3983,153954,405,179191,27,14874,311,58734,4090,151717,338,210451,California
Monterey,2021-05-03,2568,350587,1588,155542,865,180056,115,14989,601,57493,1957,153674,716,211167,California
Monterey,2021-05-04,1863,352450,651,156193,1119,181175,93,15082,660,57058,1189,154863,754,211921,California
Monterey,2021-05-05,3414,355864,1259,157452,2070,183245,85,15167,1081,55905,2320,157183,1167,213088,California
Monterey,2021-05-06,4246,360110,2788,160240,1236,184481,222,15389,1144,54185,3085,160268,1365,214453,California
Monterey,2021-05-07,2075,362185,1047,161287,926,185407,102,15491,705,53629,1362,161630,806,215259,California
Monterey,2021-05-08,2639,364824,1399,162686,919,186326,321,15812,940,53201,1688,163318,1260,216519,California
Monterey,2021-05-09,409,365233,126,162812,256,186582,27,15839,146,53112,262,163580,173,216692,California
Monterey,2021-05-10,2834,368067,2083,164895,701,187283,50,15889,528,51397,2295,165875,580,217272,California
Monterey,2021-05-11,1913,369980,986,165881,847,188130,80,15969,784,51146,1116,166991,865,218137,California
Monterey,2021-05-12,3979,373959,2091,167972,1802,189932,86,16055,881,49030,3084,170075,968,219105,California
Monterey,2021-05-13,2629,376588,1543,169515,1030,190962,56,16111,1509,49485,1108,171183,1563,220668,California
Monterey,2021-05-14,1852,378440,550,170065,1201,192163,101,16212,741,49225,1102,172285,842,221510,California
Monterey,2021-05-15,3409,381849,831,170896,2311,194474,267,16479,966,48024,2430,174715,1229,222739,California
Monterey,2021-05-16,926,382775,568,171464,284,194758,74,16553,235,47647,685,175400,308,223047,California
Monterey,2021-05-17,2225,385000,1317,172781,828,195586,80,16633,1044,47602,1169,176569,1124,224171,California
Monterey,2021-05-18,1821,386821,744,173525,1030,196616,47,16680,852,47542,961,177530,901,225072,California
Monterey,2021-05-19,3702,390523,2394,175919,1217,197833,91,16771,1966,47871,1729,179259,2058,227130,California
Monterey,2021-05-20,2856,393379,1033,176952,1713,199546,110,16881,972,47086,1870,181129,1085,228215,California
Monterey,2021-05-21,3314,396693,1343,178295,1876,201422,95,16976,1044,45968,2256,183385,1138,229353,California
Monterey,2021-05-22,2143,398836,742,179037,1120,202542,281,17257,810,45732,1325,184710,1089,230442,California
Monterey,2021-05-23,849,399685,493,179530,340,202882,16,17273,486,45877,357,185067,502,230944,California
Monterey,2021-05-24,1691,401376,511,180041,1120,204002,60,17333,544,45339,1143,186210,605,231549,California
Monterey,2021-05-25,1485,402861,572,180613,842,204844,71,17404,576,45096,891,187101,648,232197,California
Monterey,2021-05-26,2732,405593,1067,181680,1609,206453,56,17460,1037,44514,1677,188778,1095,233292,California
Monterey,2021-05-27,2522,408115,1376,183056,1088,207541,58,17518,903,43874,1602,190380,962,234254,California
Monterey,2021-05-28,1749,409864,582,183638,1107,208648,60,17578,767,43732,970,191350,828,235082,California
Monterey,2021-05-29,991,410855,636,184274,322,208970,33,17611,416,43612,570,191920,450,235532,California
Monterey,2021-05-30,385,411240,166,184440,204,209174,15,17626,148,43539,236,192156,163,235695,California
Monterey,2021-05-31,187,411427,33,184473,145,209319,9,17635,54,43469,133,192289,63,235758,California
Monterey,2021-06-01,1752,413179,944,185417,673,209992,135,17770,557,42978,1179,193468,688,236446,California
Monterey,2021-06-02,1713,414892,989,186406,674,210666,50,17820,720,42760,988,194456,770,237216,California
Monterey,2021-06-03,2259,417151,1436,187842,786,211452,37,17857,576,41698,1674,196130,612,237828,California
Monterey,2021-06-04,1348,418499,709,188551,604,212056,35,17892,564,41521,776,196906,599,238427,California
Monterey,2021-06-05,2161,420660,859,189410,692,212748,610,18502,475,40926,1672,198578,1077,239504,California
Monterey,2021-06-06,519,421179,431,189841,79,212827,9,18511,318,41052,200,198778,326,239830,California
Monterey,2021-06-07,952,422131,505,190346,402,213229,45,18556,405,40964,536,199314,448,240278,California
Monterey,2021-06-08,1221,423352,777,191123,420,213649,24,18580,433,40643,777,200091,456,240734,California
Monterey,2021-06-09,2935,426287,2207,193330,602,214251,126,18706,649,39135,2282,202373,774,241508,California
Monterey,2021-06-10,1531,427818,948,194278,520,214771,63,18769,542,38757,981,203354,603,242111,California
Monterey,2021-06-11,1424,429242,776,195054,557,215328,91,18860,516,38462,900,204254,605,242716,California
Monterey,2021-06-12,750,429992,511,195565,224,215552,15,18875,351,38432,396,204650,366,243082,California
Monterey,2021-06-13,593,430585,459,196024,122,215674,12,18887,123,38100,467,205117,135,243217,California
Monterey,2021-06-14,1399,431984,1007,197031,356,216030,36,18923,402,37546,992,206109,438,243655,California
Monterey,2021-06-15,1175,433159,601,197632,450,216480,124,19047,410,37324,756,206865,534,244189,California
Monterey,2021-06-16,1573,434732,1131,198763,409,216889,33,19080,404,36600,1160,208025,436,244625,California
Monterey,2021-06-17,1068,435800,590,199353,332,217221,146,19226,372,36429,689,208714,518,245143,California
Monterey,2021-06-18,705,436505,401,199754,291,217512,13,19239,329,36398,373,209087,342,245485,California
Napa,2020-12-16,11,11,11,11,0,0,0,0,11,11,0,0,11,11,California
Napa,2020-12-17,47,58,47,58,0,0,0,0,47,58,0,0,47,58,California
Napa,2020-12-18,104,162,104,162,0,0,0,0,104,162,0,0,104,162,California
Napa,2020-12-19,223,385,223,385,0,0,0,0,223,385,0,0,223,385,California
Napa,2020-12-20,191,576,191,576,0,0,0,0,191,576,0,0,191,576,California
Napa,2020-12-21,319,895,319,895,0,0,0,0,320,896,0,0,320,896,California
Napa,2020-12-22,341,1236,332,1227,9,9,0,0,341,1237,0,0,341,1237,California
Napa,2020-12-23,445,1681,331,1558,114,123,0,0,445,1682,0,0,445,1682,California
Napa,2020-12-24,141,1822,79,1637,62,185,0,0,141,1823,0,0,141,1823,California
Napa,2020-12-25,1,1823,1,1638,0,185,0,0,1,1824,0,0,1,1824,California
Napa,2020-12-26,39,1862,11,1649,28,213,0,0,39,1863,0,0,39,1863,California
Napa,2020-12-27,32,1894,16,1665,16,229,0,0,32,1895,0,0,32,1895,California
Napa,2020-12-28,253,2147,186,1851,67,296,0,0,280,2175,0,0,280,2175,California
Napa,2020-12-29,272,2419,218,2069,54,350,0,0,305,2480,0,0,305,2480,California
Napa,2020-12-30,640,3059,488,2557,152,502,0,0,648,3128,0,0,648,3128,California
Napa,2020-12-31,458,3517,370,2927,88,590,0,0,458,3586,0,0,458,3586,California
Napa,2021-01-01,1,3518,1,2928,0,590,0,0,1,3587,0,0,1,3587,California
Napa,2021-01-02,97,3615,92,3020,5,595,0,0,97,3684,0,0,97,3684,California
Napa,2021-01-03,13,3628,11,3031,2,597,0,0,9,3693,0,0,9,3693,California
Napa,2021-01-04,107,3735,64,3095,43,640,0,0,107,3800,0,0,107,3800,California
Napa,2021-01-05,164,3899,87,3182,77,717,0,0,147,3923,24,24,147,3947,California
Napa,2021-01-06,467,4366,115,3297,352,1069,0,0,401,4260,64,88,401,4348,California
Napa,2021-01-07,510,4876,246,3543,264,1333,0,0,399,4549,110,198,399,4747,California
Napa,2021-01-08,441,5317,225,3768,216,1549,0,0,259,4627,181,379,259,5006,California
Napa,2021-01-09,329,5646,303,4071,26,1575,0,0,191,4680,138,517,191,5197,California
Napa,2021-01-10,185,5831,102,4173,83,1658,0,0,108,4711,77,594,108,5305,California
Napa,2021-01-11,890,6721,431,4604,459,2117,0,0,512,4846,379,973,514,5819,California
Napa,2021-01-12,1338,8059,384,4988,954,3071,0,0,1013,5534,325,1298,1013,6832,California
Napa,2021-01-13,1318,9377,268,5256,1050,4121,0,0,1152,6522,165,1463,1153,7985,California
Napa,2021-01-14,1057,10434,170,5426,887,5008,0,0,940,7347,115,1578,940,8925,California
Napa,2021-01-15,1470,11904,389,5815,1081,6089,0,0,1323,8516,155,1733,1324,10249,California
Napa,2021-01-16,361,12265,135,5950,226,6315,0,0,343,8841,18,1751,343,10592,California
Napa,2021-01-17,341,12606,178,6128,163,6478,0,0,331,9162,10,1761,331,10923,California
Napa,2021-01-18,1082,13688,195,6323,887,7365,0,0,991,10062,91,1852,991,11914,California
Napa,2021-01-19,1013,14701,412,6735,601,7966,0,0,767,10584,245,2097,767,12681,California
Napa,2021-01-20,838,15539,191,6926,647,8613,0,0,648,11045,188,2285,649,13330,California
Napa,2021-01-21,1326,16865,361,7287,965,9578,0,0,1072,11865,253,2538,1073,14403,California
Napa,2021-01-22,1546,18411,414,7701,1132,10710,0,0,1218,12757,327,2865,1219,15622,California
Napa,2021-01-23,401,18812,319,8020,82,10792,0,0,338,13032,63,2928,338,15960,California
Napa,2021-01-24,266,19078,186,8206,80,10872,0,0,207,13180,59,2987,207,16167,California
Napa,2021-01-25,1528,20606,229,8435,1299,12171,0,0,1438,14528,90,3077,1438,17605,California
Napa,2021-01-26,874,21480,282,8717,592,12763,0,0,781,15217,93,3170,782,18387,California
Napa,2021-01-27,635,22115,221,8938,414,13177,0,0,471,15524,165,3335,472,18859,California
Napa,2021-01-28,394,22509,177,9115,217,13394,0,0,199,15530,193,3528,199,19058,California
Napa,2021-01-29,264,22773,64,9179,200,13594,0,0,168,15602,96,3624,168,19226,California
Napa,2021-01-30,825,23598,712,9891,113,13707,0,0,655,16087,170,3794,655,19881,California
Napa,2021-01-31,698,24296,666,10557,32,13739,0,0,674,16737,24,3818,674,20555,California
Napa,2021-02-01,325,24621,111,10668,214,13953,0,0,166,16744,159,3977,166,20721,California
Napa,2021-02-02,613,25234,281,10949,332,14285,0,0,299,16732,311,4288,299,21020,California
Napa,2021-02-03,740,25974,307,11256,433,14718,0,0,424,16841,315,4603,424,21444,California
Napa,2021-02-04,789,26763,372,11628,417,15135,0,0,437,16928,350,4953,437,21881,California
Napa,2021-02-05,712,27475,308,11936,404,15539,0,0,339,16894,373,5326,339,22220,California
Napa,2021-02-06,436,27911,143,12079,293,15832,0,0,328,17114,108,5434,328,22548,California
Napa,2021-02-07,174,28085,160,12239,14,15846,0,0,66,17072,108,5542,66,22614,California
Napa,2021-02-08,840,28925,191,12430,649,16495,0,0,274,16782,564,6106,274,22888,California
Napa,2021-02-09,1090,30015,450,12880,640,17135,0,0,441,16575,648,6754,441,23329,California
Napa,2021-02-10,1739,31754,192,13072,1547,18682,0,0,455,15750,1281,8035,456,23785,California
Napa,2021-02-11,1486,33240,184,13256,1302,19984,0,0,402,15081,1071,9106,402,24187,California
Napa,2021-02-12,2153,35393,836,14092,1317,21301,0,0,714,14360,1435,10541,714,24901,California
Napa,2021-02-13,513,35906,55,14147,458,21759,0,0,324,14495,189,10730,324,25225,California
Napa,2021-02-14,329,36235,66,14213,263,22022,0,0,169,14504,160,10890,169,25394,California
Napa,2021-02-15,886,37121,182,14395,704,22726,0,0,229,14078,655,11545,229,25623,California
Napa,2021-02-16,1290,38411,598,14993,692,23418,0,0,618,14026,670,12215,618,26241,California
Napa,2021-02-17,1040,39451,525,15518,515,23933,0,0,473,13935,565,12780,474,26715,California
Napa,2021-02-18,1893,41344,473,15991,1420,25353,0,0,649,13343,1241,14021,649,27364,California
Napa,2021-02-19,1495,42839,590,16581,905,26258,0,0,679,13208,814,14835,679,28043,California
Napa,2021-02-20,868,43707,636,17217,232,26490,0,0,278,12896,590,15425,278,28321,California
Napa,2021-02-21,896,44603,826,18043,70,26560,0,0,194,12388,702,16127,194,28515,California
Napa,2021-02-22,474,45077,196,18239,278,26838,0,0,145,12204,329,16456,145,28660,California
Napa,2021-02-23,1152,46229,307,18546,845,27683,0,0,326,11704,826,17282,326,28986,California
Napa,2021-02-24,1160,47389,629,19175,531,28214,0,0,564,11674,594,17876,564,29550,California
Napa,2021-02-25,2592,49981,1245,20420,1347,29561,0,0,1876,12835,715,18591,1876,31426,California
Napa,2021-02-26,1548,51529,544,20964,1004,30565,0,0,614,12517,932,19523,614,32040,California
Napa,2021-02-27,1159,52688,424,21388,735,31300,0,0,900,13160,257,19780,900,32940,California
Napa,2021-02-28,725,53413,605,21993,120,31420,0,0,613,13663,110,19890,613,33553,California
Napa,2021-03-01,1172,54585,876,22869,296,31716,0,0,895,14282,276,20166,895,34448,California
Napa,2021-03-02,1511,56096,1053,23922,458,32174,0,0,1167,15106,343,20509,1167,35615,California
Napa,2021-03-03,1560,57656,688,24610,872,33046,0,0,1377,16301,182,20691,1377,36992,California
Napa,2021-03-04,1723,59379,793,25403,930,33976,0,0,1482,17545,238,20929,1482,38474,California
Napa,2021-03-05,1911,61290,785,26188,1122,35098,4,4,1495,18631,413,21342,1499,39973,California
Napa,2021-03-06,658,61948,288,26476,339,35437,31,35,545,19096,111,21453,576,40549,California
Napa,2021-03-07,502,62450,294,26770,193,35630,15,50,381,19372,120,21573,396,40945,California
Napa,2021-03-08,715,63165,337,27107,325,35955,53,103,539,19790,174,21747,592,41537,California
Napa,2021-03-09,1698,64863,615,27722,1037,36992,46,149,1254,20650,440,22187,1300,42837,California
Napa,2021-03-10,1506,66369,924,28646,488,37480,94,243,803,20846,698,22885,894,43731,California
Napa,2021-03-11,1892,68261,1068,29714,691,38171,133,376,999,21084,893,23778,1131,44862,California
Napa,2021-03-12,1505,69766,925,30639,489,38660,91,467,806,21285,696,24474,897,45759,California
Napa,2021-03-13,1179,70945,307,30946,848,39508,24,491,832,21796,345,24819,856,46615,California
Napa,2021-03-14,621,71566,337,31283,134,39642,150,641,208,21741,412,25231,357,46972,California
Napa,2021-03-15,965,72531,413,31696,482,40124,70,711,482,21812,481,25712,552,47524,California
Napa,2021-03-16,1851,74382,388,32084,1336,41460,127,838,1378,22848,470,26182,1506,49030,California
Napa,2021-03-17,2489,76871,1827,33911,484,41944,178,1016,1590,23718,898,27080,1768,50798,California
Napa,2021-03-18,2133,79004,942,34853,1179,43123,12,1028,1278,24156,852,27932,1290,52088,California
Napa,2021-03-19,1441,80445,875,35728,542,43665,24,1052,694,24130,744,28676,718,52806,California
Napa,2021-03-20,1011,81456,534,36262,324,43989,153,1205,386,24046,623,29299,539,53345,California
Napa,2021-03-21,715,82171,692,36954,21,44010,2,1207,219,23773,494,29793,221,53566,California
Napa,2021-03-22,1300,83471,1121,38075,168,44178,11,1218,438,23365,857,30650,449,54015,California
Napa,2021-03-23,1882,85353,1192,39267,674,44852,16,1234,993,23489,885,31535,1009,55024,California
Napa,2021-03-24,1702,87055,937,40204,756,45608,9,1243,812,23420,889,32424,820,55844,California
Napa,2021-03-25,1937,88992,1059,41263,824,46432,54,1297,771,23085,1160,33584,825,56669,California
Napa,2021-03-26,1318,90310,845,42108,468,46900,5,1302,592,22961,721,34305,597,57266,California
Napa,2021-03-27,927,91237,439,42547,461,47361,27,1329,299,22659,628,34933,326,57592,California
Napa,2021-03-28,489,91726,379,42926,103,47464,7,1336,179,22537,308,35241,186,57778,California
Napa,2021-03-29,1207,92933,879,43805,323,47787,5,1341,731,22798,475,35716,736,58514,California
Napa,2021-03-30,2809,95742,935,44740,1869,49656,5,1346,1979,23952,830,36546,1984,60498,California
Napa,2021-03-31,1986,97728,970,45710,947,50603,69,1415,809,23654,1174,37720,876,61374,California
Napa,2021-04-01,1759,99487,844,46554,798,51401,117,1532,486,22990,1266,38986,602,61976,California
Napa,2021-04-02,1880,101367,846,47400,892,52293,142,1674,481,22216,1396,40382,622,62598,California
Napa,2021-04-03,638,102005,370,47770,211,52504,57,1731,211,22057,426,40808,267,62865,California
Napa,2021-04-04,357,102362,145,47915,155,52659,57,1788,123,22004,233,41041,180,63045,California
Napa,2021-04-05,1274,103636,757,48672,298,52957,219,2007,569,22090,703,41744,789,63834,California
Napa,2021-04-06,2266,105902,562,49234,1442,54399,262,2269,528,21152,1735,43479,797,64631,California
Napa,2021-04-07,1762,107664,716,49950,824,55223,222,2491,537,20690,1219,44698,757,65388,California
Napa,2021-04-08,1866,109530,1064,51014,425,55648,377,2868,957,21120,903,45601,1333,66721,California
Napa,2021-04-09,1559,111089,937,51951,316,55964,306,3174,680,21228,877,46478,985,67706,California
Napa,2021-04-10,1039,112128,343,52294,594,56558,102,3276,238,20768,800,47278,340,68046,California
Napa,2021-04-11,388,112516,304,52598,62,56620,22,3298,160,20722,228,47506,182,68228,California
Napa,2021-04-12,793,113309,300,52898,368,56988,125,3423,292,20637,498,48004,413,68641,California
Napa,2021-04-13,2590,115899,870,53768,1720,58708,0,3423,945,19945,1639,49643,947,69588,California
Napa,2021-04-14,2139,118038,1006,54774,1133,59841,0,3423,1050,19921,1081,50724,1057,70645,California
Napa,2021-04-15,2065,120103,533,55307,1532,61373,0,3423,883,19629,1176,51900,884,71529,California
Napa,2021-04-16,3006,123109,1648,56955,1358,62731,0,3423,2287,21201,716,52616,2288,73817,California
Napa,2021-04-17,1140,124249,274,57229,866,63597,0,3423,835,21733,304,52920,836,74653,California
Napa,2021-04-18,270,124519,177,57406,93,63690,0,3423,120,21703,150,53070,120,74773,California
Napa,2021-04-19,616,125135,343,57749,273,63963,0,3423,269,21626,346,53416,269,75042,California
Napa,2021-04-20,3048,128183,2075,59824,973,64936,0,3423,2100,22781,946,54362,2101,77143,California
Napa,2021-04-21,2943,131126,2178,62002,765,65701,0,3423,1877,23599,1060,55422,1878,79021,California
Napa,2021-04-22,1774,132900,1249,63251,525,66226,0,3423,843,23516,926,56348,843,79864,California
Napa,2021-04-23,1643,134543,1259,64510,382,66608,2,3425,1162,24201,477,56825,1162,81026,California
Napa,2021-04-24,564,135107,317,64827,247,66855,0,3425,283,24206,278,57103,283,81309,California
Napa,2021-04-25,251,135358,192,65019,59,66914,0,3425,129,24214,121,57224,129,81438,California
Napa,2021-04-26,533,135891,281,65300,252,67166,0,3425,270,24226,258,57482,270,81708,California
Napa,2021-04-27,1778,137669,463,65763,1303,68469,12,3437,582,23628,1192,58674,594,82302,California
Napa,2021-04-28,1010,138679,465,66228,528,68997,17,3454,336,23309,672,59346,353,82655,California
Napa,2021-04-29,701,139380,347,66575,335,69332,19,3473,240,23115,452,59798,258,82913,California
Napa,2021-04-30,611,139991,308,66883,239,69571,64,3537,254,23076,356,60154,317,83230,California
Napa,2021-05-01,322,140313,266,67149,45,69616,11,3548,121,23007,201,60355,132,83362,California
Napa,2021-05-02,237,140550,193,67342,38,69654,6,3554,99,22975,137,60492,105,83467,California
Napa,2021-05-03,616,141166,493,67835,88,69742,35,3589,99,22598,512,61004,135,83602,California
Napa,2021-05-04,1130,142296,717,68552,302,70044,111,3700,301,22185,825,61829,412,84014,California
Napa,2021-05-05,1018,143314,686,69238,294,70338,38,3738,252,21712,763,62592,290,84304,California
Napa,2021-05-06,715,144029,316,69554,376,70714,23,3761,367,21764,339,62931,391,84695,California
Napa,2021-05-07,1437,145466,1214,70768,160,70874,63,3824,293,20997,1122,64053,355,85050,California
Napa,2021-05-08,252,145718,161,70929,80,70954,11,3835,87,20931,164,64217,98,85148,California
Napa,2021-05-09,109,145827,78,71007,31,70985,0,3835,51,20924,58,64275,51,85199,California
Napa,2021-05-10,415,146242,142,71149,254,71239,19,3854,102,20733,312,64587,121,85320,California
Napa,2021-05-11,2198,148440,1810,72959,363,71602,25,3879,375,19316,1817,66404,400,85720,California
Napa,2021-05-12,2210,150650,1386,74345,768,72370,56,3935,303,17773,1902,68306,359,86079,California
Napa,2021-05-13,1896,152546,1198,75543,657,73027,41,3976,820,17566,1069,69375,862,86941,California
Napa,2021-05-14,1921,154467,1153,76696,683,73710,85,4061,503,16744,1411,70786,589,87530,California
Napa,2021-05-15,1066,155533,359,77055,695,74405,12,4073,265,16224,798,71584,278,87808,California
Napa,2021-05-16,242,155775,162,77217,78,74483,2,4075,69,16122,173,71757,71,87879,California
Napa,2021-05-17,882,156657,350,77567,502,74985,30,4105,304,15941,516,72273,335,88214,California
Napa,2021-05-18,1052,157709,550,78117,445,75430,57,4162,505,15961,542,72815,562,88776,California
Napa,2021-05-19,938,158647,559,78676,349,75779,30,4192,507,16069,428,73243,536,89312,California
Napa,2021-05-20,640,159287,430,79106,179,75958,31,4223,389,16238,251,73494,420,89732,California
Napa,2021-05-21,507,159794,270,79376,205,76163,32,4255,214,16192,292,73786,246,89978,California
Napa,2021-05-22,459,160253,274,79650,177,76340,8,4263,191,16124,268,74054,200,90178,California
Napa,2021-05-23,392,160645,347,79997,34,76374,11,4274,294,16331,98,74152,305,90483,California
Napa,2021-05-24,359,161004,179,80176,160,76534,20,4294,149,16291,209,74361,169,90652,California
Napa,2021-05-25,417,161421,173,80349,173,76707,71,4365,145,16235,271,74632,215,90867,California
Napa,2021-05-26,544,161965,354,80703,164,76871,26,4391,317,16354,224,74856,343,91210,California
Napa,2021-05-27,373,162338,164,80867,181,77052,28,4419,143,16295,230,75086,171,91381,California
Napa,2021-05-28,397,162735,208,81075,165,77217,24,4443,166,16256,227,75313,188,91569,California
Napa,2021-05-29,129,162864,79,81154,46,77263,4,4447,74,16280,54,75367,78,91647,California
Napa,2021-05-30,97,162961,60,81214,32,77295,5,4452,32,16254,63,75430,37,91684,California
Napa,2021-05-31,42,163003,16,81230,19,77314,7,4459,9,16237,33,75463,16,91700,California
Napa,2021-06-01,595,163598,307,81537,264,77578,24,4483,264,16199,325,75788,287,91987,California
Napa,2021-06-02,415,164013,246,81783,147,77725,22,4505,202,16212,211,75999,224,92211,California
Napa,2021-06-03,738,164751,449,82232,264,77989,25,4530,175,15850,560,76559,198,92409,California
Napa,2021-06-04,783,165534,605,82837,140,78129,38,4568,170,15447,611,77170,208,92617,California
Napa,2021-06-05,309,165843,250,83087,47,78176,12,4580,78,15308,229,77399,90,92707,California
Napa,2021-06-06,141,165984,123,83210,18,78194,0,4580,46,15260,94,77493,46,92753,California
Napa,2021-06-07,395,166379,289,83499,78,78272,28,4608,94,15081,301,77794,122,92875,California
Napa,2021-06-08,616,166995,488,83987,111,78383,17,4625,270,15025,343,78137,287,93162,California
Napa,2021-06-09,551,167546,449,84436,87,78470,15,4640,93,14677,456,78593,108,93270,California
Napa,2021-06-10,507,168053,416,84852,62,78532,29,4669,108,14415,399,78992,137,93407,California
Napa,2021-06-11,403,168456,264,85116,117,78649,22,4691,119,14273,283,79275,141,93548,California
Napa,2021-06-12,203,168659,171,85287,27,78676,5,4696,41,14158,161,79436,46,93594,California
Napa,2021-06-13,281,168940,268,85555,8,78684,5,4701,24,13930,257,79693,29,93623,California
Napa,2021-06-14,465,169405,330,85885,109,78793,26,4727,92,13676,369,80062,115,93738,California
Napa,2021-06-15,374,169779,276,86161,85,78878,13,4740,186,13689,186,80248,199,93937,California
Napa,2021-06-16,251,170030,163,86324,75,78953,13,4753,81,13617,166,80414,94,94031,California
Napa,2021-06-17,379,170409,302,86626,68,79021,9,4762,72,13391,307,80721,81,94112,California
Napa,2021-06-18,163,170572,87,86713,67,79088,9,4771,56,13349,107,80828,65,94177,California
Nevada,2020-12-16,2,2,2,2,0,0,0,0,2,2,0,0,2,2,California
Nevada,2020-12-17,6,8,6,8,0,0,0,0,6,8,0,0,6,8,California
Nevada,2020-12-18,58,66,58,66,0,0,0,0,58,66,0,0,58,66,California
Nevada,2020-12-19,55,121,55,121,0,0,0,0,55,121,0,0,55,121,California
Nevada,2020-12-20,16,137,16,137,0,0,0,0,16,137,0,0,16,137,California
Nevada,2020-12-21,69,206,69,206,0,0,0,0,69,206,0,0,69,206,California
Nevada,2020-12-22,93,299,91,297,2,2,0,0,93,299,0,0,93,299,California
Nevada,2020-12-23,243,542,210,507,33,35,0,0,243,542,0,0,243,542,California
Nevada,2020-12-24,14,556,11,518,3,38,0,0,14,556,0,0,14,556,California
Nevada,2020-12-25,3,559,3,521,0,38,0,0,3,559,0,0,3,559,California
Nevada,2020-12-26,7,566,5,526,2,40,0,0,7,566,0,0,7,566,California
Nevada,2020-12-27,92,658,91,617,1,41,0,0,92,658,0,0,92,658,California
Nevada,2020-12-28,172,830,92,709,80,121,0,0,172,830,0,0,172,830,California
Nevada,2020-12-29,102,932,71,780,31,152,0,0,102,932,0,0,102,932,California
Nevada,2020-12-30,87,1019,65,845,22,174,0,0,87,1019,0,0,87,1019,California
Nevada,2020-12-31,43,1062,8,853,35,209,0,0,43,1062,0,0,43,1062,California
Nevada,2021-01-01,2,1064,0,853,2,211,0,0,2,1064,0,0,2,1064,California
Nevada,2021-01-02,2,1066,1,854,1,212,0,0,2,1066,0,0,2,1066,California
Nevada,2021-01-03,132,1198,127,981,5,217,0,0,132,1198,0,0,132,1198,California
Nevada,2021-01-04,73,1271,43,1024,30,247,0,0,73,1271,0,0,73,1271,California
Nevada,2021-01-05,286,1557,131,1155,155,402,0,0,285,1555,1,1,285,1556,California
Nevada,2021-01-06,94,1651,43,1198,51,453,0,0,87,1635,7,8,87,1643,California
Nevada,2021-01-07,221,1872,44,1242,177,630,0,0,212,1840,8,16,213,1856,California
Nevada,2021-01-08,233,2105,131,1373,102,732,0,0,174,1956,59,75,175,2031,California
Nevada,2021-01-09,63,2168,56,1429,7,739,0,0,14,1921,49,124,14,2045,California
Nevada,2021-01-10,22,2190,11,1440,11,750,0,0,12,1923,10,134,12,2057,California
Nevada,2021-01-11,195,2385,134,1574,61,811,0,0,66,1860,129,263,66,2123,California
Nevada,2021-01-12,605,2990,457,2031,148,959,0,0,535,2325,70,333,535,2658,California
Nevada,2021-01-13,272,3262,153,2184,119,1078,0,0,134,2321,138,471,134,2792,California
Nevada,2021-01-14,250,3512,126,2310,124,1202,0,0,232,2536,17,488,232,3024,California
Nevada,2021-01-15,412,3924,171,2481,241,1443,0,0,310,2745,102,590,311,3335,California
Nevada,2021-01-16,333,4257,18,2499,315,1758,0,0,327,3066,6,596,327,3662,California
Nevada,2021-01-17,44,4301,39,2538,5,1763,0,0,41,3104,3,599,41,3703,California
Nevada,2021-01-18,161,4462,48,2586,113,1876,0,0,148,3239,13,612,148,3851,California
Nevada,2021-01-19,262,4724,98,2684,164,2040,0,0,239,3455,23,635,239,4090,California
Nevada,2021-01-20,280,5004,164,2848,116,2156,0,0,266,3707,14,649,266,4356,California
Nevada,2021-01-21,349,5353,204,3052,145,2301,0,0,335,4028,14,663,335,4691,California
Nevada,2021-01-22,384,5737,234,3286,150,2451,0,0,351,4346,33,696,351,5042,California
Nevada,2021-01-23,190,5927,106,3392,84,2535,0,0,190,4536,0,696,190,5232,California
Nevada,2021-01-24,117,6044,105,3497,12,2547,0,0,77,4573,40,736,77,5309,California
Nevada,2021-01-25,264,6308,130,3627,134,2681,0,0,199,4707,65,801,199,5508,California
Nevada,2021-01-26,430,6738,152,3779,278,2959,0,0,322,4921,108,909,322,5830,California
Nevada,2021-01-27,451,7189,268,4047,183,3142,0,0,423,5316,28,937,423,6253,California
Nevada,2021-01-28,497,7686,336,4383,161,3303,0,0,446,5712,50,987,446,6699,California
Nevada,2021-01-29,630,8316,405,4788,225,3528,0,0,602,6288,27,1014,603,7302,California
Nevada,2021-01-30,265,8581,127,4915,138,3666,0,0,262,6547,3,1017,262,7564,California
Nevada,2021-01-31,114,8695,95,5010,19,3685,0,0,110,6655,3,1020,111,7675,California
Nevada,2021-02-01,291,8986,74,5084,217,3902,0,0,276,6916,15,1035,276,7951,California
Nevada,2021-02-02,548,9534,196,5280,352,4254,0,0,338,7044,210,1245,338,8289,California
Nevada,2021-02-03,827,10361,563,5843,264,4518,0,0,768,7754,58,1303,768,9057,California
Nevada,2021-02-04,779,11140,402,6245,377,4895,0,0,525,8026,253,1556,525,9582,California
Nevada,2021-02-05,706,11846,390,6635,316,5211,0,0,508,8338,196,1752,508,10090,California
Nevada,2021-02-06,291,12137,99,6734,192,5403,0,0,261,8569,30,1782,261,10351,California
Nevada,2021-02-07,312,12449,249,6983,63,5466,0,0,250,8757,62,1844,250,10601,California
Nevada,2021-02-08,700,13149,424,7407,276,5742,0,0,589,9235,111,1955,589,11190,California
Nevada,2021-02-09,647,13796,370,7777,277,6019,0,0,500,9588,147,2102,500,11690,California
Nevada,2021-02-10,684,14480,343,8120,341,6360,0,0,453,9811,231,2333,454,12144,California
Nevada,2021-02-11,930,15410,529,8649,401,6761,0,0,586,10054,343,2676,586,12730,California
Nevada,2021-02-12,1002,16412,461,9110,541,7302,0,0,668,10391,331,3007,668,13398,California
Nevada,2021-02-13,674,17086,269,9379,405,7707,0,0,423,10568,247,3254,424,13822,California
Nevada,2021-02-14,252,17338,136,9515,116,7823,0,0,214,10744,38,3292,214,14036,California
Nevada,2021-02-15,743,18081,454,9969,289,8112,0,0,570,11141,173,3465,570,14606,California
Nevada,2021-02-16,675,18756,235,10204,440,8552,0,0,496,11459,178,3643,496,15102,California
Nevada,2021-02-17,1238,19994,802,11006,436,8988,0,0,891,12003,347,3990,891,15993,California
Nevada,2021-02-18,1048,21042,580,11586,468,9456,0,0,621,12200,424,4414,621,16614,California
Nevada,2021-02-19,1043,22085,656,12242,387,9843,0,0,667,12494,374,4788,668,17282,California
Nevada,2021-02-20,329,22414,127,12369,202,10045,0,0,180,12526,148,4936,180,17462,California
Nevada,2021-02-21,107,22521,96,12465,11,10056,0,0,9,12440,95,5031,9,17471,California
Nevada,2021-02-22,510,23031,342,12807,168,10224,0,0,361,12653,148,5179,361,17832,California
Nevada,2021-02-23,520,23551,250,13057,270,10494,0,0,224,12585,293,5472,225,18057,California
Nevada,2021-02-24,501,24052,255,13312,246,10740,0,0,258,12606,241,5713,262,18319,California
Nevada,2021-02-25,897,24949,494,13806,403,11143,0,0,443,12597,452,6165,443,18762,California
Nevada,2021-02-26,1294,26243,895,14701,399,11542,0,0,452,12210,839,7004,452,19214,California
Nevada,2021-02-27,408,26651,129,14830,279,11821,0,0,211,12224,197,7201,211,19425,California
Nevada,2021-02-28,346,26997,212,15042,134,11955,0,0,145,12169,200,7401,145,19570,California
Nevada,2021-03-01,871,27868,456,15498,415,12370,0,0,385,12071,483,7884,385,19955,California
Nevada,2021-03-02,777,28645,315,15813,462,12832,0,0,526,12351,246,8130,526,20481,California
Nevada,2021-03-03,1025,29670,523,16336,501,13333,1,1,531,12392,492,8622,533,21014,California
Nevada,2021-03-04,1155,30825,642,16978,513,13846,0,1,482,12205,669,9291,482,21496,California
Nevada,2021-03-05,909,31734,513,17491,386,14232,10,11,403,12114,504,9795,413,21909,California
Nevada,2021-03-06,384,32118,135,17626,222,14454,27,38,150,12056,234,10029,176,22085,California
Nevada,2021-03-07,226,32344,118,17744,88,14542,20,58,73,11996,153,10182,93,22178,California
Nevada,2021-03-08,867,33211,576,18320,243,14785,48,106,386,11951,480,10662,435,22613,California
Nevada,2021-03-09,831,34042,426,18746,349,15134,56,162,466,12110,362,11024,521,23134,California
Nevada,2021-03-10,1040,35082,669,19415,313,15447,58,220,346,11825,688,11712,403,23537,California
Nevada,2021-03-11,1147,36229,742,20157,379,15826,26,246,553,11818,586,12298,579,24116,California
Nevada,2021-03-12,1245,37474,737,20894,475,16301,33,279,508,11625,733,13031,540,24656,California
Nevada,2021-03-13,306,37780,59,20953,241,16542,6,285,116,11557,188,13219,120,24776,California
Nevada,2021-03-14,165,37945,27,20980,132,16674,6,291,37,11472,128,13347,43,24819,California
Nevada,2021-03-15,879,38824,474,21454,393,17067,12,303,367,11343,508,13855,379,25198,California
Nevada,2021-03-16,1008,39832,468,21922,477,17544,63,366,646,11691,360,14215,708,25906,California
Nevada,2021-03-17,1031,40863,454,22376,567,18111,10,376,581,11836,447,14662,592,26498,California
Nevada,2021-03-18,1007,41870,548,22924,437,18548,22,398,488,11831,515,15177,510,27008,California
Nevada,2021-03-19,770,42640,452,23376,281,18829,37,435,372,11846,394,15571,409,27417,California
Nevada,2021-03-20,838,43478,96,23472,303,19132,439,874,230,11910,601,16172,665,28082,California
Nevada,2021-03-21,67,43545,35,23507,31,19163,1,875,47,11939,19,16191,48,28130,California
Nevada,2021-03-22,825,44370,530,24037,291,19454,4,879,547,12215,275,16466,551,28681,California
Nevada,2021-03-23,867,45237,401,24438,439,19893,27,906,624,12626,240,16706,651,29332,California
Nevada,2021-03-24,1039,46276,560,24998,472,20365,7,913,649,12899,382,17088,655,29987,California
Nevada,2021-03-25,927,47203,478,25476,422,20787,27,940,502,13004,423,17511,528,30515,California
Nevada,2021-03-26,1198,48401,469,25945,688,21475,41,981,838,13524,358,17869,878,31393,California
Nevada,2021-03-27,592,48993,72,26017,504,21979,16,997,392,13732,200,18069,408,31801,California
Nevada,2021-03-28,199,49192,51,26068,135,22114,13,1010,40,13629,156,18225,53,31854,California
Nevada,2021-03-29,862,50054,516,26584,325,22439,21,1031,388,13566,471,18696,408,32262,California
Nevada,2021-03-30,1080,51134,487,27071,559,22998,34,1065,495,13518,577,19273,529,32791,California
Nevada,2021-03-31,1205,52339,669,27740,519,23517,17,1082,684,13706,512,19785,700,33491,California
Nevada,2021-04-01,1273,53612,736,28476,485,24002,52,1134,570,13633,694,20479,621,34112,California
Nevada,2021-04-02,1326,54938,666,29142,626,24628,34,1168,796,13937,526,21005,830,34942,California
Nevada,2021-04-03,305,55243,93,29235,176,24804,36,1204,89,13847,215,21220,125,35067,California
Nevada,2021-04-04,140,55383,46,29281,87,24891,7,1211,81,13876,59,21279,88,35155,California
Nevada,2021-04-05,964,56347,637,29918,305,25196,22,1233,633,14204,326,21605,654,35809,California
Nevada,2021-04-06,1096,57443,678,30596,273,25469,145,1378,456,14170,634,22239,600,36409,California
Nevada,2021-04-07,1172,58615,831,31427,253,25722,88,1466,634,14360,531,22770,721,37130,California
Nevada,2021-04-08,1317,59932,909,32336,318,26040,90,1556,721,14580,591,23361,811,37941,California
Nevada,2021-04-09,1287,61219,871,33207,341,26381,75,1631,854,15078,431,23792,929,38870,California
Nevada,2021-04-10,283,61502,82,33289,126,26507,75,1706,115,15101,167,23959,190,39060,California
Nevada,2021-04-11,104,61606,35,33324,64,26571,5,1711,38,15078,66,24025,43,39103,California
Nevada,2021-04-12,781,62387,561,33885,202,26773,18,1729,339,14998,437,24462,357,39460,California
Nevada,2021-04-13,903,63290,372,34257,531,27304,0,1729,467,15033,432,24894,467,39927,California
Nevada,2021-04-14,1082,64372,599,34856,483,27787,0,1729,543,15044,532,25426,543,40470,California
Nevada,2021-04-15,1107,65479,719,35575,388,28175,0,1729,631,15211,464,25890,631,41101,California
Nevada,2021-04-16,922,66401,711,36286,211,28386,0,1729,533,15358,387,26277,534,41635,California
Nevada,2021-04-17,195,66596,53,36339,142,28528,0,1729,82,15329,111,26388,82,41717,California
Nevada,2021-04-18,191,66787,21,36360,170,28698,0,1729,105,15348,86,26474,105,41822,California
Nevada,2021-04-19,789,67576,506,36866,283,28981,0,1729,323,15215,456,26930,323,42145,California
Nevada,2021-04-20,799,68375,316,37182,483,29464,0,1729,310,15044,482,27412,311,42456,California
Nevada,2021-04-21,925,69300,511,37693,414,29878,0,1729,288,14705,628,28040,289,42745,California
Nevada,2021-04-22,1012,70312,626,38319,386,30264,0,1729,342,14390,658,28698,343,43088,California
Nevada,2021-04-23,1234,71546,561,38880,673,30937,0,1729,399,13966,823,29521,399,43487,California
Nevada,2021-04-24,525,72071,77,38957,448,31385,0,1729,172,13787,351,29872,172,43659,California
Nevada,2021-04-25,125,72196,63,39020,57,31442,5,1734,58,13783,66,29938,62,43721,California
Nevada,2021-04-26,772,72968,586,39606,177,31619,9,1743,223,13476,539,30477,232,43953,California
Nevada,2021-04-27,842,73810,397,40003,440,32059,5,1748,423,13493,411,30888,428,44381,California
Nevada,2021-04-28,1007,74817,594,40597,408,32467,5,1753,389,13274,613,31501,394,44775,California
Nevada,2021-04-29,1038,75855,720,41317,314,32781,4,1757,297,12837,738,32239,301,45076,California
Nevada,2021-04-30,1271,77126,748,42065,513,33294,10,1767,216,12010,1053,33292,226,45302,California
Nevada,2021-05-01,153,77279,66,42131,84,33378,3,1770,69,12000,82,33374,72,45374,California
Nevada,2021-05-02,64,77343,31,42162,29,33407,4,1774,23,11986,41,33415,27,45401,California
Nevada,2021-05-03,628,77971,423,42585,187,33594,18,1792,189,11757,435,33850,206,45607,California
Nevada,2021-05-04,596,78567,176,42761,400,33994,20,1812,333,11851,259,34109,353,45960,California
Nevada,2021-05-05,755,79322,393,43154,347,34341,15,1827,325,11770,421,34530,340,46300,California
Nevada,2021-05-06,819,80141,569,43723,239,34580,11,1838,207,11385,603,35133,218,46518,California
Nevada,2021-05-07,895,81036,494,44217,365,34945,36,1874,197,10925,693,35826,233,46751,California
Nevada,2021-05-08,174,81210,21,44238,134,35079,19,1893,78,10927,95,35921,97,46848,California
Nevada,2021-05-09,43,81253,7,44245,34,35113,2,1895,19,10924,24,35945,21,46869,California
Nevada,2021-05-10,408,81661,262,44507,121,35234,25,1920,78,10698,329,36274,103,46972,California
Nevada,2021-05-11,509,82170,157,44664,335,35569,17,1937,131,10476,370,36644,148,47120,California
Nevada,2021-05-12,537,82707,244,44908,282,35851,11,1948,151,10260,378,37022,162,47282,California
Nevada,2021-05-13,848,83555,556,45464,282,36133,10,1958,432,10294,408,37430,442,47724,California
Nevada,2021-05-14,779,84334,579,46043,183,36316,17,1975,424,10384,351,37781,441,48165,California
Nevada,2021-05-15,185,84519,90,46133,89,36405,6,1981,88,10382,96,37877,94,48259,California
Nevada,2021-05-16,157,84676,51,46184,106,36511,0,1981,52,10329,105,37982,52,48311,California
Nevada,2021-05-17,503,85179,323,46507,148,36659,32,2013,214,10297,278,38260,246,48557,California
Nevada,2021-05-18,424,85603,255,46762,164,36823,5,2018,220,10320,202,38462,225,48782,California
Nevada,2021-05-19,499,86102,356,47118,138,36961,5,2023,254,10343,236,38698,259,49041,California
Nevada,2021-05-20,616,86718,360,47478,244,37205,12,2035,212,10168,399,39097,224,49265,California
Nevada,2021-05-21,518,87236,337,47815,170,37375,11,2046,226,10116,289,39386,237,49502,California
Nevada,2021-05-22,250,87486,39,47854,121,37496,90,2136,55,10066,195,39581,145,49647,California
Nevada,2021-05-23,52,87538,17,47871,35,37531,0,2136,17,10049,34,39615,17,49664,California
Nevada,2021-05-24,319,87857,223,48094,80,37611,16,2152,106,9961,210,39825,122,49786,California
Nevada,2021-05-25,348,88205,83,48177,251,37862,14,2166,86,9804,257,40082,100,49886,California
Nevada,2021-05-26,447,88652,195,48372,242,38104,10,2176,131,9636,309,40391,141,50027,California
Nevada,2021-05-27,440,89092,233,48605,186,38290,21,2197,183,9588,252,40643,204,50231,California
Nevada,2021-05-28,350,89442,218,48823,117,38407,15,2212,198,9652,149,40792,213,50444,California
Nevada,2021-05-29,66,89508,13,48836,53,38460,0,2212,41,9668,25,40817,41,50485,California
Nevada,2021-05-30,42,89550,19,48855,21,38481,2,2214,28,9684,14,40831,30,50515,California
Nevada,2021-05-31,6,89556,4,48859,0,38481,2,2216,2,9684,4,40835,4,50519,California
Nevada,2021-06-01,417,89973,127,48986,271,38752,19,2235,99,9493,309,41144,118,50637,California
Nevada,2021-06-02,403,90376,164,49150,232,38984,7,2242,104,9312,292,41436,111,50748,California
Nevada,2021-06-03,562,90938,401,49551,156,39140,5,2247,99,8958,458,41894,104,50852,California
Nevada,2021-06-04,533,91471,429,49980,100,39240,4,2251,108,8649,421,42315,112,50964,California
Nevada,2021-06-05,169,91640,68,50048,99,39339,2,2253,64,8611,104,42419,66,51030,California
Nevada,2021-06-06,55,91695,41,50089,14,39353,0,2253,14,8584,41,42460,14,51044,California
Nevada,2021-06-07,267,91962,192,50281,44,39397,31,2284,60,8473,202,42662,91,51135,California
Nevada,2021-06-08,284,92246,187,50468,85,39482,12,2296,65,8340,210,42872,77,51212,California
Nevada,2021-06-09,322,92568,215,50683,100,39582,7,2303,81,8192,236,43108,88,51300,California
Nevada,2021-06-10,280,92848,178,50861,93,39675,9,2312,75,8077,198,43306,83,51383,California
Nevada,2021-06-11,327,93175,234,51095,74,39749,19,2331,78,7927,246,43552,96,51479,California
Nevada,2021-06-12,92,93267,53,51148,34,39783,5,2336,27,7894,65,43617,32,51511,California
Nevada,2021-06-13,32,93299,17,51165,14,39797,1,2337,6,7875,26,43643,7,51518,California
Nevada,2021-06-14,191,93490,135,51300,45,39842,11,2348,51,7804,133,43776,62,51580,California
Nevada,2021-06-15,161,93651,89,51389,64,39906,8,2356,64,7782,94,43870,72,51652,California
Nevada,2021-06-16,238,93889,135,51524,95,40001,8,2364,74,7707,157,44027,82,51734,California
Nevada,2021-06-17,210,94099,126,51650,72,40073,12,2376,40,7590,169,44196,52,51786,California
Nevada,2021-06-18,145,94244,116,51766,16,40089,13,2389,38,7535,106,44302,51,51837,California
Orange,2020-12-15,16,16,16,16,0,0,0,0,16,16,0,0,16,16,California
Orange,2020-12-16,393,409,393,409,0,0,0,0,393,409,0,0,393,409,California
Orange,2020-12-17,3754,4163,3754,4163,0,0,0,0,3753,4162,0,0,3753,4162,California
Orange,2020-12-18,5090,9253,5082,9245,8,8,0,0,5088,9249,1,1,5088,9250,California
Orange,2020-12-19,2240,11493,2233,11478,7,15,0,0,2239,11488,0,1,2239,11489,California
Orange,2020-12-20,1992,13485,1989,13467,3,18,0,0,1993,13481,0,1,1993,13482,California
Orange,2020-12-21,4273,17758,4267,17734,6,24,0,0,4273,17754,0,1,4273,17755,California
Orange,2020-12-22,3985,21743,3950,21684,35,59,0,0,3985,21739,0,1,3985,21740,California
Orange,2020-12-23,3593,25336,3230,24914,363,422,0,0,3594,25333,0,1,3594,25334,California
Orange,2020-12-24,1384,26720,1081,25995,303,725,0,0,1384,26717,0,1,1384,26718,California
Orange,2020-12-25,21,26741,16,26011,5,730,0,0,21,26738,0,1,21,26739,California
Orange,2020-12-26,991,27732,420,26431,571,1301,0,0,991,27729,0,1,991,27730,California
Orange,2020-12-27,584,28316,276,26707,308,1609,0,0,584,28313,0,1,584,28314,California
Orange,2020-12-28,3614,31930,2632,29339,982,2591,0,0,3614,31927,0,1,3614,31928,California
Orange,2020-12-29,3524,35454,2506,31845,1018,3609,0,0,3523,35449,1,2,3523,35451,California
Orange,2020-12-30,5126,40580,3540,35385,1586,5195,0,0,5126,40575,0,2,5126,40577,California
Orange,2020-12-31,1526,42106,816,36201,710,5905,0,0,1523,42095,3,5,1523,42100,California
Orange,2021-01-01,681,42787,375,36576,306,6211,0,0,679,42772,2,7,679,42779,California
Orange,2021-01-02,1362,44149,843,37419,519,6730,0,0,1361,44133,0,7,1361,44140,California
Orange,2021-01-03,589,44738,326,37745,263,6993,0,0,589,44722,0,7,589,44729,California
Orange,2021-01-04,2763,47501,1570,39315,1193,8186,0,0,2764,47485,1,8,2764,47493,California
Orange,2021-01-05,3544,51045,2305,41620,1239,9425,0,0,3130,50207,411,419,3133,50626,California
Orange,2021-01-06,5027,56072,3468,45088,1559,10984,0,0,3657,52506,1358,1777,3657,54283,California
Orange,2021-01-07,9332,65404,5206,50294,4126,15110,0,0,5726,54647,3591,5368,5732,60015,California
Orange,2021-01-08,9431,74835,5266,55560,4165,19275,0,0,5663,56557,3756,9124,5666,65681,California
Orange,2021-01-09,5038,79873,1750,57310,3288,22563,0,0,3753,59025,1285,10409,3753,69434,California
Orange,2021-01-10,4258,84131,1044,58354,3214,25777,0,0,3379,61530,878,11287,3383,72817,California
Orange,2021-01-11,9493,93624,4922,63276,4571,30348,0,0,5862,63762,3633,14920,5865,78682,California
Orange,2021-01-12,9007,102631,4842,68118,4165,34513,0,0,5528,65815,3477,18397,5530,84212,California
Orange,2021-01-13,10327,112958,4933,73051,5394,39907,0,0,7113,69724,3211,21608,7120,91332,California
Orange,2021-01-14,10094,123052,3804,76855,6290,46197,0,0,8495,76628,1597,23205,8501,99833,California
Orange,2021-01-15,10307,133359,2673,79528,7634,53831,0,0,9422,85164,892,24097,9428,109261,California
Orange,2021-01-16,8804,142163,2103,81631,6701,60532,0,0,8406,93179,396,24493,8411,117672,California
Orange,2021-01-17,8263,150426,1519,83150,6744,67276,0,0,8110,101146,153,24646,8120,125792,California
Orange,2021-01-18,9773,160199,4437,87587,5336,72612,0,0,7510,106399,2262,26908,7515,133307,California
Orange,2021-01-19,7591,167790,5475,93062,2116,74728,0,0,4946,108703,2644,29552,4948,138255,California
Orange,2021-01-20,8489,176279,5935,98997,2554,77282,0,0,5427,111080,3060,32612,5437,143692,California
Orange,2021-01-21,11155,187434,4934,103931,6221,83503,0,0,10322,120583,830,33442,10333,154025,California
Orange,2021-01-22,13866,201300,5178,109109,8688,92191,0,0,12988,132711,870,34312,12998,167023,California
Orange,2021-01-23,13297,214597,6231,115340,7066,99257,0,0,12357,144140,938,35250,12367,179390,California
Orange,2021-01-24,9946,224543,4318,119658,5628,104885,0,0,9609,153419,334,35584,9613,189003,California
Orange,2021-01-25,10498,235041,5859,125517,4639,109524,0,0,7753,158440,2737,38321,7758,196761,California
Orange,2021-01-26,11953,246994,7692,133209,4261,113785,0,0,9774,166043,2174,40495,9777,206538,California
Orange,2021-01-27,13633,260627,8023,141232,5610,119395,0,0,10887,174201,2734,43229,10892,217430,California
Orange,2021-01-28,13250,273877,7251,148483,5999,125394,0,0,11335,183646,1899,45128,11344,228774,California
Orange,2021-01-29,13840,287717,8515,156998,5325,130719,0,0,10911,191650,2910,48038,10914,239688,California
Orange,2021-01-30,13229,300946,4529,161527,8700,139419,0,0,12439,203320,773,48811,12443,252131,California
Orange,2021-01-31,13868,314814,4943,166470,8925,148344,0,0,13411,216288,451,49262,13419,265550,California
Orange,2021-02-01,15054,329868,6574,173044,8480,156824,0,0,12560,226391,2467,51729,12570,278120,California
Orange,2021-02-02,15233,345101,8037,181081,7196,164020,0,0,12746,236693,2454,54183,12756,290876,California
Orange,2021-02-03,16753,361854,12451,193532,4302,168322,0,0,13786,247599,2887,57070,13793,304669,California
Orange,2021-02-04,20105,381959,13107,206639,6998,175320,0,0,14982,257500,5089,62159,14990,319659,California
Orange,2021-02-05,20971,402930,12091,218730,8880,184200,0,0,14604,265795,6320,68479,14615,334274,California
Orange,2021-02-06,16535,419465,10887,229617,5648,189848,0,0,11247,271990,5273,73752,11468,345742,California
Orange,2021-02-07,11668,431133,8174,237791,3494,193342,0,0,7663,275837,3988,77740,7835,353577,California
Orange,2021-02-08,15191,446324,8726,246517,6465,199807,0,0,9112,278902,6051,83791,9116,362693,California
Orange,2021-02-09,17913,464237,12150,258667,5763,205570,0,0,10822,282722,7017,90808,10837,373530,California
Orange,2021-02-10,21066,485303,11230,269897,9836,215406,0,0,12808,287388,8165,98973,12831,386361,California
Orange,2021-02-11,22354,507657,11616,281513,10738,226144,0,0,12511,290215,9708,108681,12535,398896,California
Orange,2021-02-12,25050,532707,12052,293565,12998,239142,0,0,14710,294673,10273,118954,14731,413627,California
Orange,2021-02-13,22087,554794,11933,305498,10154,249296,0,0,11165,295730,10763,129717,11820,425447,California
Orange,2021-02-14,16264,571058,6590,312088,9674,258970,0,0,9615,298734,6619,136336,9623,435070,California
Orange,2021-02-15,17379,588437,7473,319561,9906,268876,0,0,8994,299410,8340,144676,9016,444086,California
Orange,2021-02-16,20088,608525,9044,328605,11044,279920,0,0,10830,301076,9204,153880,10870,454956,California
Orange,2021-02-17,18126,626651,9466,338071,8660,288580,0,0,9296,301668,8773,162653,9365,464321,California
Orange,2021-02-18,15148,641799,9930,348001,5218,293798,0,0,6849,300309,8242,170895,6883,471204,California
Orange,2021-02-19,18322,660121,10951,358952,7371,301169,0,0,6961,295992,11304,182199,6987,478191,California
Orange,2021-02-20,7611,667732,5672,364624,1939,303108,0,0,3818,296072,3767,185966,3847,482038,California
Orange,2021-02-21,4644,672376,3948,368572,696,303804,0,0,963,293406,3637,189603,971,483009,California
Orange,2021-02-22,9810,682186,7991,376563,1819,305623,0,0,3968,291594,5806,195409,3994,487003,California
Orange,2021-02-23,13601,695787,7465,384028,6136,311759,0,0,3608,285323,9922,205331,3651,490654,California
Orange,2021-02-24,21395,717182,12940,396968,8455,320214,0,0,5440,274945,15887,221218,5509,496163,California
Orange,2021-02-25,23041,740223,12451,409419,10590,330804,0,0,8101,268235,14864,236082,8154,504317,California
Orange,2021-02-26,28229,768452,14297,423716,13932,344736,0,0,11410,263031,16681,252763,11477,515794,California
Orange,2021-02-27,25329,793781,10313,434029,15013,359749,3,3,7382,252652,17825,270588,7446,523240,California
Orange,2021-02-28,19287,813068,7496,441525,11791,371540,0,3,4881,243303,14273,284861,4924,528164,California
Orange,2021-03-01,18883,831951,8633,450158,10234,381774,16,19,7339,239268,11435,296296,7400,535564,California
Orange,2021-03-02,19526,851477,9444,459602,10079,391853,3,22,9530,238939,9935,306231,9606,545170,California
Orange,2021-03-03,21258,872735,10105,469707,11148,403001,5,27,11415,240662,9760,315991,11483,556653,California
Orange,2021-03-04,22852,895587,13132,482839,9706,412707,14,41,11803,241534,11006,326997,11878,568531,California
Orange,2021-03-05,21357,916944,11127,493966,10181,422888,49,90,13060,246493,8250,335247,13209,581740,California
Orange,2021-03-06,24380,941324,13402,507368,10103,432991,875,965,12857,248812,11473,346720,13792,595532,California
Orange,2021-03-07,15439,956763,8664,516032,6360,439351,415,1380,8995,251873,6402,353122,9463,604995,California
Orange,2021-03-08,16998,973761,7852,523884,7818,447169,1328,2708,10868,258064,6063,359185,12254,617249,California
Orange,2021-03-09,21341,995102,9855,533739,8994,456163,2492,5200,12555,264393,8741,367926,15070,632319,California
Orange,2021-03-10,25051,1020153,12280,546019,9287,465450,3484,8684,12606,268128,12378,380304,16113,648432,California
Orange,2021-03-11,29260,1049413,15808,561827,9194,474644,4258,12942,13505,270254,15650,395954,17776,666208,California
Orange,2021-03-12,29596,1079009,14370,576197,11324,485968,3902,16844,14822,274339,14680,410634,18765,684973,California
Orange,2021-03-13,28009,1107018,10284,586481,13741,499709,3984,20828,14126,278640,13819,424453,18120,703093,California
Orange,2021-03-14,19007,1126025,8261,594742,8194,507903,2552,23380,11857,285934,7116,431569,14410,717503,California
Orange,2021-03-15,23251,1149276,10229,604971,12256,520159,766,24146,14457,292465,8701,440270,15232,732735,California
Orange,2021-03-16,26592,1175868,11272,616243,15090,535249,230,24376,17190,300594,9317,449587,17446,750181,California
Orange,2021-03-17,27523,1203391,13677,629920,13258,548507,588,24964,19548,312842,7890,457477,20138,770319,California
Orange,2021-03-18,27947,1231338,14069,643989,13601,562108,277,25241,21663,328585,6212,463689,21955,792274,California
Orange,2021-03-19,33704,1265042,18484,662473,14765,576873,455,25696,24962,345396,8622,472311,25433,817707,California
Orange,2021-03-20,25906,1290948,13632,676105,12065,588938,209,25905,22065,363907,3773,476084,22284,839991,California
Orange,2021-03-21,18641,1309589,10779,686884,7115,596053,747,26652,15775,377602,2830,478914,16525,856516,California
Orange,2021-03-22,22854,1332443,11844,698728,10690,606743,320,26972,19206,393597,3544,482458,19539,876055,California
Orange,2021-03-23,26107,1358550,13588,712316,11874,618617,645,27617,20676,409578,5348,487806,21329,897384,California
Orange,2021-03-24,29341,1387891,16427,728743,11984,630601,930,28547,22056,425382,7188,494994,22992,920376,California
Orange,2021-03-25,32600,1420491,17327,746070,14559,645160,714,29261,24248,442101,8247,503241,24966,945342,California
Orange,2021-03-26,35036,1455527,18201,764271,15963,661123,872,30133,24881,457833,10034,513275,25766,971108,California
Orange,2021-03-27,28569,1484096,13673,777944,14580,675703,316,30449,19797,469275,8674,521949,20116,991224,California
Orange,2021-03-28,24950,1509046,12971,790915,11911,687614,68,30517,18623,481727,6245,528194,18697,1009921,California
Orange,2021-03-29,26628,1535674,12207,803122,13853,701467,568,31085,17812,491403,8708,536902,18384,1028305,California
Orange,2021-03-30,30986,1566660,14025,817147,16328,717795,633,31718,20454,502058,10433,547335,21088,1049393,California
Orange,2021-03-31,37235,1603895,19550,836697,16970,734765,715,32433,23685,513036,13425,560760,24403,1073796,California
Orange,2021-04-01,40769,1644664,21396,858093,17438,752203,1935,34368,26239,526851,14347,575107,28162,1101958,California
Orange,2021-04-02,40269,1684933,20308,878401,18114,770317,1847,36215,22708,533968,17445,592552,24562,1126520,California
Orange,2021-04-03,30302,1715235,15754,894155,12780,783097,1768,37983,14289,534094,15923,608475,16049,1142569,California
Orange,2021-04-04,18493,1733728,10734,904889,6991,790088,768,38751,8156,532739,10275,618750,8920,1151489,California
Orange,2021-04-05,30135,1763863,14087,918976,12637,802725,3411,42162,13838,533776,16206,634956,17243,1168732,California
Orange,2021-04-06,33535,1797398,15688,934664,14403,817128,3444,45606,14380,532522,19058,654014,17804,1186536,California
Orange,2021-04-07,36337,1833735,20207,954871,11491,828619,4639,50245,16018,532921,20222,674236,20621,1207157,California
Orange,2021-04-08,39347,1873082,21763,976634,12053,840672,5531,55776,19064,537319,20164,694400,24562,1231719,California
Orange,2021-04-09,41217,1914299,23951,1000585,11977,852649,5289,61065,18211,537896,22895,717295,23472,1255191,California
Orange,2021-04-10,34747,1949046,18342,1018927,12116,864765,4289,65354,14398,536312,20250,737545,18666,1273857,California
Orange,2021-04-11,25811,1974857,14624,1033551,7909,872674,3278,68632,9910,533639,15844,753389,13171,1287028,California
Orange,2021-04-12,30764,2005621,15526,1049077,11589,884263,3649,72281,12095,530770,18590,771979,15721,1302749,California
Orange,2021-04-13,32759,2038380,18452,1067529,14238,898501,69,72350,15272,528707,17407,789386,15344,1318093,California
Orange,2021-04-14,34952,2073332,20504,1088033,14412,912913,36,72386,15212,524345,19628,809014,15266,1333359,California
Orange,2021-04-15,40773,2114105,24814,1112847,15945,928858,14,72400,19004,521736,21648,830662,19039,1352398,California
Orange,2021-04-16,41874,2155979,24582,1137429,17264,946122,28,72428,18933,517972,22811,853473,19047,1371445,California
Orange,2021-04-17,30529,2186508,17258,1154687,13264,959386,7,72435,13379,514364,17012,870485,13404,1384849,California
Orange,2021-04-18,21653,2208161,13095,1167782,8558,967944,0,72435,8570,509959,13023,883508,8618,1393467,California
Orange,2021-04-19,32661,2240822,18037,1185819,14620,982564,4,72439,15025,507527,17536,901044,15104,1408571,California
Orange,2021-04-20,35515,2276337,18439,1204258,17069,999633,7,72446,17770,507743,17658,918702,17874,1426445,California
Orange,2021-04-21,40752,2317089,23486,1227744,17257,1016890,9,72455,19327,505783,21304,940006,19344,1445789,California
Orange,2021-04-22,39319,2356408,20766,1248510,18543,1035433,10,72465,16340,499302,22838,962844,16357,1462146,California
Orange,2021-04-23,40249,2396657,20840,1269350,19401,1054834,8,72473,17961,495115,22166,985010,17979,1480125,California
Orange,2021-04-24,32029,2428686,16750,1286100,15247,1070081,32,72505,13424,490061,18513,1003523,13459,1493584,California
Orange,2021-04-25,22984,2451670,12979,1299079,9990,1080071,15,72520,9828,486822,13089,1016612,9850,1503434,California
Orange,2021-04-26,28761,2480431,14067,1313146,14498,1094569,196,72716,12467,483308,16180,1032792,12666,1516100,California
Orange,2021-04-27,31254,2511685,14673,1327819,15951,1110520,630,73346,11830,476522,19253,1052045,12467,1528567,California
Orange,2021-04-28,30924,2542609,15491,1343310,14551,1125071,882,74228,12404,471421,18386,1070431,13285,1541852,California
Orange,2021-04-29,31942,2574551,17440,1360750,13542,1138613,960,75188,11347,463240,20481,1090912,12300,1554152,California
Orange,2021-04-30,29906,2604457,17063,1377813,11898,1150511,945,76133,12729,459839,17066,1107978,13665,1567817,California
Orange,2021-05-01,22885,2627342,15693,1393506,6207,1156718,985,77118,8758,455562,14012,1121990,9735,1577552,California
Orange,2021-05-02,15412,2642754,10263,1403769,4503,1161221,646,77764,5361,451582,9982,1131972,6002,1583554,California
Orange,2021-05-03,20617,2663371,12585,1416354,7273,1168494,759,78523,6479,444773,14046,1146018,7237,1590791,California
Orange,2021-05-04,23639,2687010,13494,1429848,9235,1177729,910,79433,8166,438475,15361,1161379,9063,1599854,California
Orange,2021-05-05,24767,2711777,13836,1443684,10034,1187763,897,80330,8002,430743,16631,1178010,8899,1608753,California
Orange,2021-05-06,26481,2738258,16041,1459725,9438,1197201,1002,81332,7327,420048,19017,1197027,8322,1617075,California
Orange,2021-05-07,28900,2767158,17364,1477089,10488,1207689,1048,82380,8081,408566,20605,1217632,9123,1626198,California
Orange,2021-05-08,18551,2785709,12285,1489374,5473,1213162,793,83173,5420,401764,13007,1230639,6205,1632403,California
Orange,2021-05-09,10970,2796679,8340,1497714,2259,1215421,371,83544,2867,396947,8055,1238694,3238,1635641,California
Orange,2021-05-10,19113,2815792,11658,1509372,6681,1222102,774,84318,4285,387275,14735,1253429,5063,1640704,California
Orange,2021-05-11,21987,2837779,12164,1521536,9097,1231199,726,85044,5302,376715,16583,1270012,6023,1646727,California
Orange,2021-05-12,23784,2861563,14727,1536263,8221,1239420,836,85880,6832,367558,16824,1286836,7667,1654394,California
Orange,2021-05-13,21761,2883324,13489,1549752,7694,1247114,578,86458,8197,362877,13457,1300293,8776,1663170,California
Orange,2021-05-14,26142,2909466,17224,1566976,8116,1255230,802,87260,10502,358646,15533,1315826,11302,1674472,California
Orange,2021-05-15,20013,2929479,14465,1581441,4998,1260228,550,87810,8131,355501,11818,1327644,8673,1683145,California
Orange,2021-05-16,15180,2944659,12477,1593918,2363,1262591,340,88150,6458,353630,8667,1336311,6796,1689941,California
Orange,2021-05-17,19366,2964025,12689,1606607,5978,1268569,699,88849,6920,348855,12381,1348692,7606,1697547,California
Orange,2021-05-18,20517,2984542,11947,1618554,7901,1276470,669,89518,8085,345262,12341,1361033,8748,1706295,California
Orange,2021-05-19,22470,3007012,12851,1631405,8951,1285421,668,90186,7928,339426,14424,1375457,8588,1714883,California
Orange,2021-05-20,22348,3029360,13094,1644499,8588,1294009,666,90852,7851,333555,14387,1389844,8516,1723399,California
Orange,2021-05-21,25403,3054763,14485,1658984,10193,1304202,725,91577,8457,325896,16837,1406681,9178,1732577,California
Orange,2021-05-22,18197,3072960,12099,1671083,5554,1309756,544,92121,6911,322154,11197,1417878,7455,1740032,California
Orange,2021-05-23,9765,3082725,6699,1677782,2792,1312548,274,92395,3453,319611,6270,1424148,3727,1743759,California
Orange,2021-05-24,15355,3098080,9023,1686805,5712,1318260,620,93015,5701,316358,9566,1433714,6313,1750072,California
Orange,2021-05-25,15614,3113694,9190,1695995,5904,1324164,520,93535,5633,312636,9870,1443584,6148,1756220,California
Orange,2021-05-26,15221,3128915,8537,1704532,6185,1330349,499,94034,5705,309404,9428,1453012,6196,1762416,California
Orange,2021-05-27,14380,3143295,8641,1713173,5177,1335526,562,94596,6392,308423,7916,1460928,6935,1769351,California
Orange,2021-05-28,16772,3160067,9891,1723064,6251,1341777,630,95226,7409,307182,9270,1470198,8029,1777380,California
Orange,2021-05-29,8936,3169003,5226,1728290,3352,1345129,358,95584,4119,306893,4761,1474959,4472,1781852,California
Orange,2021-05-30,5974,3174977,3880,1732170,1820,1346949,274,95858,2162,305548,3778,1478737,2433,1784285,California
Orange,2021-05-31,1702,3176679,1047,1733217,608,1347557,47,95905,554,305017,1131,1479868,600,1784885,California
Orange,2021-06-01,13376,3190055,7763,1740980,5123,1352680,490,96395,5160,302546,8113,1487981,5642,1790527,California
Orange,2021-06-02,12978,3203033,8048,1749028,4512,1357192,418,96813,4540,299207,8291,1496272,4952,1795479,California
Orange,2021-06-03,12843,3215876,8863,1757891,3527,1360719,453,97266,4495,295867,8284,1504556,4944,1800423,California
Orange,2021-06-04,16860,3232736,11905,1769796,4378,1365097,577,97843,5283,290228,11497,1516053,5858,1806281,California
Orange,2021-06-05,12865,3245601,9700,1779496,2784,1367881,381,98224,3976,285747,8835,1524888,4354,1810635,California
Orange,2021-06-06,5299,3250900,4512,1784008,596,1368477,191,98415,1935,284529,3344,1528232,2126,1812761,California
Orange,2021-06-07,10769,3261669,7620,1791628,2685,1371162,464,98879,3467,281222,7230,1535462,3923,1816684,California
Orange,2021-06-08,12163,3273832,8763,1800391,2894,1374056,506,99385,3818,277292,8256,1543718,4326,1821010,California
Orange,2021-06-09,11660,3285492,8076,1808467,3129,1377185,455,99840,3321,272808,8255,1551973,3771,1824781,California
Orange,2021-06-10,11489,3296981,8370,1816837,2665,1379850,454,100294,3416,268659,8014,1559987,3865,1828646,California
Orange,2021-06-11,13084,3310065,9179,1826016,3410,1383260,495,100789,4291,264736,8705,1568692,4782,1833428,California
Orange,2021-06-12,9694,3319759,7413,1833429,1967,1385227,314,101103,2988,261389,6657,1575349,3310,1836738,California
Orange,2021-06-13,4016,3323775,2919,1836348,935,1386162,162,101265,1046,259664,2934,1578283,1209,1837947,California
Orange,2021-06-14,9787,3333562,7146,1843494,2194,1388356,447,101712,3362,257096,6375,1584658,3807,1841754,California
Orange,2021-06-15,10137,3343699,7294,1850788,2416,1390772,427,102139,3560,254571,6508,1591166,3983,1845737,California
Orange,2021-06-16,9464,3353163,6806,1857594,2193,1392965,465,102604,3251,252131,6152,1597318,3712,1849449,California
Orange,2021-06-17,8033,3361196,5871,1863465,1828,1394793,334,102938,2696,249863,5297,1602615,3029,1852478,California
Orange,2021-06-18,4825,3366021,3430,1866895,1121,1395914,274,103212,1549,248437,3246,1605861,1820,1854298,California
Placer,2020-12-15,29,29,29,29,0,0,0,0,29,29,0,0,29,29,California
Placer,2020-12-16,56,85,56,85,0,0,0,0,56,85,0,0,56,85,California
Placer,2020-12-17,149,234,149,234,0,0,0,0,149,234,0,0,149,234,California
Placer,2020-12-18,435,669,435,669,0,0,0,0,435,669,0,0,435,669,California
Placer,2020-12-19,252,921,252,921,0,0,0,0,252,921,0,0,252,921,California
Placer,2020-12-20,230,1151,230,1151,0,0,0,0,230,1151,0,0,230,1151,California
Placer,2020-12-21,506,1657,504,1655,2,2,0,0,506,1657,0,0,506,1657,California
Placer,2020-12-22,676,2333,670,2325,6,8,0,0,676,2333,0,0,676,2333,California
Placer,2020-12-23,756,3089,668,2993,88,96,0,0,756,3089,0,0,756,3089,California
Placer,2020-12-24,412,3501,360,3353,52,148,0,0,412,3501,0,0,412,3501,California
Placer,2020-12-26,165,3666,120,3473,45,193,0,0,165,3666,0,0,165,3666,California
Placer,2020-12-27,183,3849,162,3635,21,214,0,0,183,3849,0,0,183,3849,California
Placer,2020-12-28,677,4526,553,4188,124,338,0,0,677,4526,0,0,677,4526,California
Placer,2020-12-29,772,5298,525,4713,247,585,0,0,772,5298,0,0,772,5298,California
Placer,2020-12-30,733,6031,457,5170,276,861,0,0,732,6030,0,0,732,6030,California
Placer,2020-12-31,550,6581,365,5535,185,1046,0,0,550,6580,0,0,550,6580,California
Placer,2021-01-01,16,6597,12,5547,4,1050,0,0,16,6596,0,0,16,6596,California
Placer,2021-01-02,189,6786,157,5704,32,1082,0,0,189,6785,0,0,189,6785,California
Placer,2021-01-03,154,6940,77,5781,77,1159,0,0,154,6939,0,0,154,6939,California
Placer,2021-01-04,628,7568,186,5967,442,1601,0,0,628,7567,0,0,628,7567,California
Placer,2021-01-05,725,8293,160,6127,565,2166,0,0,637,8118,87,87,638,8205,California
Placer,2021-01-06,764,9057,246,6373,518,2684,0,0,613,8580,151,238,613,8818,California
Placer,2021-01-07,987,10044,371,6744,616,3300,0,0,759,9111,228,466,759,9577,California
Placer,2021-01-08,1185,11229,532,7276,653,3953,0,0,788,9505,394,860,788,10365,California
Placer,2021-01-09,456,11685,322,7598,134,4087,0,0,239,9528,216,1076,239,10604,California
Placer,2021-01-10,334,12019,185,7783,149,4236,0,0,167,9528,167,1243,167,10771,California
Placer,2021-01-11,1439,13458,815,8598,624,4860,0,0,842,9774,597,1840,843,11614,California
Placer,2021-01-12,1656,15114,871,9469,785,5645,0,0,1058,10235,597,2437,1058,12672,California
Placer,2021-01-13,1650,16764,830,10299,820,6465,0,0,1220,11030,428,2865,1223,13895,California
Placer,2021-01-14,1815,18579,694,10993,1121,7586,0,0,1430,12079,382,3247,1431,15326,California
Placer,2021-01-15,1945,20524,736,11729,1209,8795,0,0,1585,13307,359,3606,1587,16913,California
Placer,2021-01-16,1447,21971,716,12445,731,9526,0,0,1325,14511,122,3728,1326,18239,California
Placer,2021-01-17,579,22550,399,12844,180,9706,0,0,438,14808,141,3869,438,18677,California
Placer,2021-01-18,993,23543,555,13399,438,10144,0,0,749,15314,244,4113,750,19427,California
Placer,2021-01-19,2643,26186,1979,15378,664,10808,0,0,2188,17048,455,4568,2189,21616,California
Placer,2021-01-20,2309,28495,1729,17107,580,11388,0,0,1969,18678,340,4908,1970,23586,California
Placer,2021-01-21,2606,31101,1153,18260,1453,12841,0,0,2202,20480,402,5310,2204,25790,California
Placer,2021-01-22,2372,33473,657,18917,1715,14556,0,0,2196,22503,174,5484,2197,27987,California
Placer,2021-01-23,1186,34659,386,19303,800,15356,0,0,1027,23371,159,5643,1027,29014,California
Placer,2021-01-24,499,35158,253,19556,246,15602,0,0,428,23728,71,5714,428,29442,California
Placer,2021-01-25,1695,36853,817,20373,878,16480,0,0,1400,24834,295,6009,1401,30843,California
Placer,2021-01-26,1869,38722,1037,21410,832,17312,0,0,1602,26169,267,6276,1602,32445,California
Placer,2021-01-27,1834,40556,1152,22562,682,17994,0,0,1585,27508,247,6523,1586,34031,California
Placer,2021-01-28,1809,42365,1122,23684,687,18681,0,0,1563,28827,244,6767,1563,35594,California
Placer,2021-01-29,1893,44258,1167,24851,726,19407,0,0,1698,30333,194,6961,1700,37294,California
Placer,2021-01-30,1708,45966,959,25810,749,20156,0,0,1587,31800,120,7081,1587,38881,California
Placer,2021-01-31,783,46749,623,26433,160,20316,0,0,711,32440,72,7153,712,39593,California
Placer,2021-02-01,2087,48836,1091,27524,996,21312,0,0,1767,33888,319,7472,1767,41360,California
Placer,2021-02-02,2396,51232,1546,29070,850,22162,0,0,1899,35295,494,7966,1901,43261,California
Placer,2021-02-03,2928,54160,1896,30966,1032,23194,0,0,2300,36971,624,8590,2300,45561,California
Placer,2021-02-04,2738,56898,1183,32149,1555,24749,0,0,1906,38050,828,9418,1907,47468,California
Placer,2021-02-05,2696,59594,1210,33359,1486,26235,0,0,1357,38073,1334,10752,1357,48825,California
Placer,2021-02-06,1943,61537,1310,34669,633,26868,0,0,1395,38920,548,11300,1395,50220,California
Placer,2021-02-07,1168,62705,857,35526,311,27179,0,0,881,39515,286,11586,881,51101,California
Placer,2021-02-08,3289,65994,1763,37289,1526,28705,0,0,1920,40074,1362,12948,1921,53022,California
Placer,2021-02-09,3551,69545,2181,39470,1370,30075,0,0,1618,39762,1930,14878,1618,54640,California
Placer,2021-02-10,3752,73297,2205,41675,1547,31622,0,0,1736,39487,2013,16891,1738,56378,California
Placer,2021-02-11,3699,76996,1916,43591,1783,33405,0,0,1555,38912,2131,19022,1556,57934,California
Placer,2021-02-12,2836,79832,1325,44916,1511,34916,0,0,1651,39416,1148,20170,1652,59586,California
Placer,2021-02-13,2484,82316,1449,46365,1035,35951,0,0,1862,40656,622,20792,1862,61448,California
Placer,2021-02-14,1087,83403,676,47041,411,36362,0,0,736,41043,349,21141,736,62184,California
Placer,2021-02-15,2231,85634,1024,48065,1207,37569,0,0,1519,41852,712,21853,1521,63705,California
Placer,2021-02-16,3550,89184,1767,49832,1783,39352,0,0,1556,41424,1985,23838,1557,65262,California
Placer,2021-02-17,3534,92718,1955,51787,1579,40931,0,0,1495,40884,2035,25873,1495,66757,California
Placer,2021-02-18,3812,96530,2060,53847,1752,42683,0,0,1612,40307,2190,28063,1613,68370,California
Placer,2021-02-19,3625,100155,1930,55777,1695,44378,0,0,1352,39391,2269,30332,1353,69723,California
Placer,2021-02-20,2022,102177,1264,57041,758,45136,0,0,925,39229,1090,31422,928,70651,California
Placer,2021-02-21,998,103175,734,57775,264,45400,0,0,289,38813,706,32128,290,70941,California
Placer,2021-02-22,2535,105710,1772,59547,763,46163,0,0,605,37488,1930,34058,605,71546,California
Placer,2021-02-23,2591,108301,1619,61166,972,47135,0,0,899,36696,1691,35749,899,72445,California
Placer,2021-02-24,3319,111620,1176,62342,2143,49278,0,0,1819,37025,1492,37241,1821,74266,California
Placer,2021-02-25,3723,115343,1530,63872,2193,51471,0,0,2047,37407,1668,38909,2050,76316,California
Placer,2021-02-26,4251,119594,2464,66336,1787,53258,0,0,2458,38077,1789,40698,2459,78775,California
Placer,2021-02-27,2879,122473,1524,67860,1355,54613,0,0,1487,38180,1386,42084,1489,80264,California
Placer,2021-02-28,1526,123999,829,68689,697,55310,0,0,721,38101,800,42884,721,80985,California
Placer,2021-03-01,3189,127188,2123,70812,1066,56376,0,0,1624,38168,1557,44441,1624,82609,California
Placer,2021-03-02,2887,130075,1784,72596,1103,57479,0,0,1891,39073,986,45427,1891,84500,California
Placer,2021-03-03,3376,133451,1478,74074,1898,59377,0,0,1848,39401,1521,46948,1849,86349,California
Placer,2021-03-04,3597,137048,1446,75520,2151,61528,0,0,1880,39576,1706,48654,1881,88230,California
Placer,2021-03-05,2957,140005,1012,76532,1924,63452,21,21,1789,40221,1165,49819,1810,90040,California
Placer,2021-03-06,2424,142429,1503,78035,824,64276,97,118,929,39760,1487,51306,1026,91066,California
Placer,2021-03-07,1324,143753,770,78805,514,64790,40,158,551,39581,770,52076,591,91657,California
Placer,2021-03-08,2881,146634,1816,80621,953,65743,112,270,1641,40096,1238,53314,1753,93410,California
Placer,2021-03-09,3174,149808,1701,82322,1389,67132,84,354,1845,40698,1327,54641,1929,95339,California
Placer,2021-03-10,3298,153106,1331,83653,1862,68994,105,459,1734,40979,1558,56199,1839,97178,California
Placer,2021-03-11,3638,156744,1653,85306,1856,70850,129,588,1749,40979,1880,58079,1880,99058,California
Placer,2021-03-12,3695,160439,1498,86804,1418,72268,779,1367,1262,40600,2422,60501,2043,101101,California
Placer,2021-03-13,2139,162578,752,87556,1264,73532,123,1490,1120,40827,1016,61517,1243,102344,California
Placer,2021-03-14,1658,164236,680,88236,826,74358,152,1642,901,41123,757,62274,1053,103397,California
Placer,2021-03-15,3230,167466,1557,89793,1543,75901,130,1772,1786,41600,1440,63714,1917,105314,California
Placer,2021-03-16,3599,171065,1943,91736,1521,77422,135,1907,2280,42709,1306,65020,2415,107729,California
Placer,2021-03-17,3502,174567,1771,93507,1627,79049,104,2011,2257,43829,1242,66262,2362,110091,California
Placer,2021-03-18,4110,178677,2342,95849,1729,80778,39,2050,2872,45508,1231,67493,2910,113001,California
Placer,2021-03-19,3463,182140,2078,97927,1118,81896,267,2317,2151,46620,1304,68797,2416,115417,California
Placer,2021-03-20,2183,184323,929,98856,1166,83062,88,2405,1338,47206,839,69636,1425,116842,California
Placer,2021-03-21,1266,185589,581,99437,675,83737,10,2415,880,47713,383,70019,890,117732,California
Placer,2021-03-22,3314,188903,2126,101563,1095,84832,93,2508,2151,48798,1159,71178,2244,119976,California
Placer,2021-03-23,3550,192453,2107,103670,1355,86187,88,2596,2533,50407,1012,72190,2621,122597,California
Placer,2021-03-24,3813,196266,1997,105667,1716,87903,100,2696,1928,50571,1865,74055,2029,124626,California
Placer,2021-03-25,3861,200127,1859,107526,1906,89809,96,2792,1729,50274,2121,76176,1824,126450,California
Placer,2021-03-26,3751,203878,1653,109179,1867,91676,231,3023,1503,49775,2233,78409,1734,128184,California
Placer,2021-03-27,1583,205461,470,109649,1094,92770,19,3042,607,49431,969,79378,625,128809,California
Placer,2021-03-28,1100,206561,533,110182,558,93328,9,3051,308,48961,787,80165,317,129126,California
Placer,2021-03-29,3568,210129,2004,112186,1527,94855,37,3088,1738,48917,1821,81986,1777,130903,California
Placer,2021-03-30,3983,214112,2106,114292,1833,96688,44,3132,2081,49153,1888,83874,2124,133027,California
Placer,2021-03-31,4114,218226,1840,116132,2198,98886,76,3208,1681,48483,2426,86300,1756,134783,California
Placer,2021-04-01,2973,221199,1437,117569,1487,100373,49,3257,1653,48871,1314,87614,1702,136485,California
Placer,2021-04-02,2839,224038,1476,119045,1298,101671,65,3322,1579,49262,1253,88867,1644,138129,California
Placer,2021-04-03,1842,225880,990,120035,724,102395,128,3450,887,49328,947,89814,1013,139142,California
Placer,2021-04-04,708,226588,360,120395,294,102689,54,3504,283,49243,422,90236,337,139479,California
Placer,2021-04-05,3014,229602,1907,122302,923,103612,184,3688,1747,49911,1262,91498,1930,141409,California
Placer,2021-04-06,4292,233894,2488,124790,1504,105116,300,3988,1513,48952,2771,94269,1812,143221,California
Placer,2021-04-07,4575,238469,2619,127409,1496,106612,460,4448,2068,48976,2500,96769,2524,145745,California
Placer,2021-04-08,4735,243204,2628,130037,1569,108181,538,4986,1582,47952,3142,99911,2118,147863,California
Placer,2021-04-09,4144,247348,2281,132318,1241,109422,622,5608,1244,46929,2892,102803,1869,149732,California
Placer,2021-04-10,2054,249402,901,133219,969,110391,184,5792,868,46797,1183,103986,1051,150783,California
Placer,2021-04-11,1371,250773,533,133752,808,111199,30,5822,459,46377,908,104894,488,151271,California
Placer,2021-04-12,4119,254892,2655,136407,1077,112276,387,6209,2465,47584,1645,106539,2852,154123,California
Placer,2021-04-13,4387,259279,3020,139427,1366,113642,1,6210,2225,47654,2157,108696,2227,156350,California
Placer,2021-04-14,4191,263470,2584,142011,1606,115248,1,6211,1877,47227,2304,111000,1877,158227,California
Placer,2021-04-15,4523,267993,2525,144536,1997,117245,1,6212,2370,47455,2143,113143,2371,160598,California
Placer,2021-04-16,3682,271675,2183,146719,1499,118744,0,6212,1435,46652,2241,115384,1438,162036,California
Placer,2021-04-17,2439,274114,846,147565,1593,120337,0,6212,1520,47258,914,116298,1520,163556,California
Placer,2021-04-18,1202,275316,262,147827,940,121277,0,6212,414,46886,786,117084,414,163970,California
Placer,2021-04-19,2957,278273,1818,149645,1139,122416,0,6212,1162,46259,1791,118875,1164,165134,California
Placer,2021-04-20,3835,282108,2481,152126,1354,123770,0,6212,2429,47292,1397,120272,2430,167564,California
Placer,2021-04-21,3668,285776,2403,154529,1264,125034,1,6213,2389,48406,1276,121548,2390,169954,California
Placer,2021-04-22,3664,289440,2275,156804,1389,126423,0,6213,1739,48223,1922,123470,1739,171693,California
Placer,2021-04-23,3512,292952,2319,159123,1192,127615,1,6214,1372,47463,2133,125603,1373,173066,California
Placer,2021-04-24,2086,295038,1267,160390,818,128433,1,6215,1211,47808,866,126469,1211,174277,California
Placer,2021-04-25,901,295939,500,160890,401,128834,0,6215,555,48017,346,126815,555,174832,California
Placer,2021-04-26,2481,298420,1325,162215,1133,129967,23,6238,1213,47994,1258,128073,1235,176067,California
Placer,2021-04-27,2730,301150,1427,163642,1254,131221,49,6287,1551,48420,1175,129248,1601,177668,California
Placer,2021-04-28,3004,304154,1886,165528,1082,132303,36,6323,1600,48663,1394,130642,1637,179305,California
Placer,2021-04-29,3368,307522,2188,167716,1126,133429,54,6377,1406,48167,1956,132598,1460,180765,California
Placer,2021-04-30,2973,310495,1800,169516,1124,134553,49,6426,1185,47619,1782,134380,1234,181999,California
Placer,2021-05-01,1326,311821,926,170442,373,134926,27,6453,597,47519,723,135103,623,182622,California
Placer,2021-05-02,733,312554,575,171017,136,135062,22,6475,333,47476,398,135501,355,182977,California
Placer,2021-05-03,1596,314150,979,171996,549,135611,68,6543,431,46812,1162,136663,498,183475,California
Placer,2021-05-04,2309,316459,1302,173298,844,136455,163,6706,867,46407,1435,138098,1030,184505,California
Placer,2021-05-05,3676,320135,2491,175789,1084,137539,101,6807,968,44775,2701,140799,1069,185574,California
Placer,2021-05-06,3081,323216,1890,177679,1113,138652,78,6885,802,43400,2255,143054,880,186454,California
Placer,2021-05-07,2810,326026,1898,179577,820,139472,92,6977,795,42283,2004,145058,887,187341,California
Placer,2021-05-08,1321,327347,709,180286,571,140043,41,7018,393,41788,927,145985,432,187773,California
Placer,2021-05-09,434,327781,203,180489,211,140254,20,7038,212,41798,222,146207,232,188005,California
Placer,2021-05-10,1920,329701,1025,181514,799,141053,96,7134,428,40835,1487,147694,524,188529,California
Placer,2021-05-11,2915,332616,2081,183595,719,141772,115,7249,615,39275,2290,149984,730,189259,California
Placer,2021-05-12,2892,335508,1997,185592,838,142610,57,7306,735,37919,2150,152134,794,190053,California
Placer,2021-05-13,2863,338371,1854,187446,961,143571,48,7354,1041,37187,1820,153954,1088,191141,California
Placer,2021-05-14,2833,341204,1869,189315,828,144399,136,7490,1403,37305,1415,155369,1533,192674,California
Placer,2021-05-15,2086,343290,1348,190663,713,145112,25,7515,924,37099,1155,156524,949,193623,California
Placer,2021-05-16,1015,344305,530,191193,466,145578,19,7534,350,36805,663,157187,369,193992,California
Placer,2021-05-17,2358,346663,1571,192764,714,146292,73,7607,1026,36576,1328,158515,1099,195091,California
Placer,2021-05-18,2490,349153,1679,194443,731,147023,80,7687,1132,36434,1354,159869,1212,196303,California
Placer,2021-05-19,2539,351692,1600,196043,894,147917,45,7732,896,35737,1638,161507,941,197244,California
Placer,2021-05-20,2526,354218,1639,197682,839,148756,48,7780,888,35043,1630,163137,936,198180,California
Placer,2021-05-21,2449,356667,1530,199212,772,149528,147,7927,1087,34920,1354,164491,1231,199411,California
Placer,2021-05-22,1600,358267,1056,200268,501,150029,43,7970,763,34894,832,165323,806,200217,California
Placer,2021-05-23,578,358845,332,200600,231,150260,15,7985,268,34869,309,165632,284,200501,California
Placer,2021-05-24,1475,360320,737,201337,604,150864,134,8119,425,34382,1046,166678,559,201060,California
Placer,2021-05-25,1780,362100,941,202278,743,151607,96,8215,648,34001,1125,167803,744,201804,California
Placer,2021-05-26,1576,363676,905,203183,630,152237,41,8256,614,33700,957,168760,656,202460,California
Placer,2021-05-27,1440,365116,713,203896,684,152921,43,8299,661,33633,771,169531,704,203164,California
Placer,2021-05-28,1700,366816,857,204753,745,153666,98,8397,736,33508,959,170490,834,203998,California
Placer,2021-05-29,742,367558,401,205154,310,153976,31,8428,382,33564,356,170846,412,204410,California
Placer,2021-05-30,337,367895,230,205384,93,154069,14,8442,217,33676,119,170965,231,204641,California
Placer,2021-05-31,145,368040,67,205451,61,154130,17,8459,28,33604,116,171081,44,204685,California
Placer,2021-06-01,1678,369718,883,206334,722,154852,73,8532,633,33270,1040,172121,706,205391,California
Placer,2021-06-02,1517,371235,765,207099,684,155536,68,8600,489,32800,1027,173148,557,205948,California
Placer,2021-06-03,1705,372940,1039,208138,608,156144,58,8658,434,32025,1266,174414,491,206439,California
Placer,2021-06-04,1879,374819,1334,209472,491,156635,54,8712,464,31135,1406,175820,516,206955,California
Placer,2021-06-05,1087,375906,772,210244,274,156909,41,8753,277,30647,806,176626,318,207273,California
Placer,2021-06-06,481,376387,343,210587,121,157030,17,8770,123,30430,357,176983,140,207413,California
Placer,2021-06-07,1052,377439,718,211305,262,157292,72,8842,228,29907,821,177804,298,207711,California
Placer,2021-06-08,1736,379175,1321,212626,366,157658,49,8891,436,29094,1297,179101,484,208195,California
Placer,2021-06-09,1177,380352,852,213478,271,157929,54,8945,265,28505,909,180010,320,208515,California
Placer,2021-06-10,1239,381591,860,214338,313,158242,66,9011,311,27955,925,180935,375,208890,California
Placer,2021-06-11,1485,383076,1069,215407,357,158599,59,9070,343,27219,1137,182072,401,209291,California
Placer,2021-06-12,1013,384089,753,216160,234,158833,26,9096,219,26672,792,182864,245,209536,California
Placer,2021-06-13,394,384483,303,216463,80,158913,11,9107,103,26496,290,183154,114,209650,California
Placer,2021-06-14,771,385254,526,216989,200,159113,45,9152,234,26242,532,183686,278,209928,California
Placer,2021-06-15,1293,386547,861,217850,370,159483,62,9214,439,25892,850,184536,500,210428,California
Placer,2021-06-16,1042,387589,753,218603,232,159715,57,9271,335,25577,706,185242,391,210819,California
Placer,2021-06-17,770,388359,519,219122,215,159930,36,9307,227,25301,539,185781,263,211082,California
Placer,2021-06-18,627,388986,376,219498,173,160103,78,9385,176,25105,450,186231,254,211336,California
Plumas,2020-12-18,4,4,4,4,0,0,0,0,4,4,0,0,4,4,California
Plumas,2020-12-19,1,5,1,5,0,0,0,0,1,5,0,0,1,5,California
Plumas,2020-12-21,45,50,45,50,0,0,0,0,45,50,0,0,45,50,California
Plumas,2020-12-22,95,145,95,145,0,0,0,0,95,145,0,0,95,145,California
Plumas,2020-12-23,50,195,50,195,0,0,0,0,50,195,0,0,50,195,California
Plumas,2020-12-24,7,202,7,202,0,0,0,0,7,202,0,0,7,202,California
Plumas,2020-12-28,9,211,1,203,8,8,0,0,9,211,0,0,9,211,California
Plumas,2020-12-29,33,244,23,226,10,18,0,0,33,244,0,0,33,244,California
Plumas,2020-12-30,24,268,2,228,22,40,0,0,24,268,0,0,24,268,California
Plumas,2020-12-31,4,272,1,229,3,43,0,0,4,272,0,0,4,272,California
Plumas,2021-01-01,1,273,0,229,1,44,0,0,1,273,0,0,1,273,California
Plumas,2021-01-02,1,274,0,229,1,45,0,0,1,274,0,0,1,274,California
Plumas,2021-01-04,10,284,3,232,7,52,0,0,10,284,0,0,10,284,California
Plumas,2021-01-05,23,307,1,233,22,74,0,0,23,307,0,0,23,307,California
Plumas,2021-01-06,120,427,4,237,116,190,0,0,120,427,0,0,120,427,California
Plumas,2021-01-07,52,479,2,239,50,240,0,0,51,477,1,1,51,478,California
Plumas,2021-01-08,12,491,5,244,7,247,0,0,8,481,4,5,8,486,California
Plumas,2021-01-09,1,492,1,245,0,247,0,0,0,480,1,6,0,486,California
Plumas,2021-01-11,58,550,50,295,8,255,0,0,11,444,47,53,11,497,California
Plumas,2021-01-12,157,707,88,383,69,324,0,0,71,429,86,139,71,568,California
Plumas,2021-01-13,56,763,51,434,5,329,0,0,9,391,47,186,9,577,California
Plumas,2021-01-14,98,861,15,449,83,412,0,0,92,477,6,192,92,669,California
Plumas,2021-01-15,61,922,7,456,54,466,0,0,59,534,2,194,59,728,California
Plumas,2021-01-16,57,979,1,457,56,522,0,0,57,591,0,194,57,785,California
Plumas,2021-01-18,2,981,1,458,1,523,0,0,2,593,0,194,2,787,California
Plumas,2021-01-19,38,1019,6,464,32,555,0,0,33,621,5,199,33,820,California
Plumas,2021-01-20,139,1158,4,468,135,690,0,0,135,752,4,203,135,955,California
Plumas,2021-01-21,113,1271,2,470,111,801,0,0,113,865,0,203,113,1068,California
Plumas,2021-01-22,4,1275,1,471,3,804,0,0,4,869,0,203,4,1072,California
Plumas,2021-01-23,96,1371,2,473,94,898,0,0,96,965,0,203,96,1168,California
Plumas,2021-01-24,1,1372,1,474,0,898,0,0,1,966,0,203,1,1169,California
Plumas,2021-01-25,9,1381,6,480,3,901,0,0,7,971,2,205,7,1176,California
Plumas,2021-01-26,62,1443,2,482,60,961,0,0,54,1017,8,213,54,1230,California
Plumas,2021-01-27,28,1471,22,504,6,967,0,0,8,1005,20,233,8,1238,California
Plumas,2021-01-28,27,1498,2,506,25,992,0,0,25,1028,2,235,25,1263,California
Plumas,2021-01-29,8,1506,2,508,6,998,0,0,7,1034,1,236,7,1270,California
Plumas,2021-01-30,7,1513,3,511,4,1002,0,0,6,1039,1,237,6,1276,California
Plumas,2021-01-31,3,1516,3,514,0,1002,0,0,3,1042,0,237,3,1279,California
Plumas,2021-02-01,19,1535,2,516,17,1019,0,0,10,1043,9,246,10,1289,California
Plumas,2021-02-02,25,1560,4,520,21,1040,0,0,5,1028,20,266,5,1294,California
Plumas,2021-02-03,126,1686,8,528,118,1158,0,0,14,931,111,377,14,1308,California
Plumas,2021-02-04,102,1788,9,537,93,1251,0,0,23,875,79,456,23,1331,California
Plumas,2021-02-05,27,1815,12,549,15,1266,0,0,12,872,15,471,12,1343,California
Plumas,2021-02-06,8,1823,1,550,7,1273,0,0,8,880,0,471,8,1351,California
Plumas,2021-02-08,14,1837,5,555,9,1282,0,0,2,870,12,483,2,1353,California
Plumas,2021-02-09,173,2010,3,558,170,1452,0,0,112,921,61,544,112,1465,California
Plumas,2021-02-10,109,2119,8,566,101,1553,0,0,103,1019,6,550,104,1569,California
Plumas,2021-02-11,343,2462,5,571,338,1891,0,0,283,1242,60,610,283,1852,California
Plumas,2021-02-12,123,2585,4,575,119,2010,0,0,118,1355,5,615,118,1970,California
Plumas,2021-02-13,76,2661,7,582,69,2079,0,0,17,1313,59,674,17,1987,California
Plumas,2021-02-14,9,2670,5,587,4,2083,0,0,9,1322,0,674,9,1996,California
Plumas,2021-02-15,28,2698,5,592,23,2106,0,0,25,1344,3,677,25,2021,California
Plumas,2021-02-16,80,2778,5,597,75,2181,0,0,16,1296,64,741,16,2037,California
Plumas,2021-02-17,152,2930,5,602,147,2328,0,0,12,1168,140,881,12,2049,California
Plumas,2021-02-18,134,3064,8,610,126,2454,0,0,22,1079,112,993,23,2072,California
Plumas,2021-02-19,42,3106,6,616,36,2490,0,0,8,1053,34,1027,8,2080,California
Plumas,2021-02-20,106,3212,7,623,99,2589,0,0,13,973,93,1120,13,2093,California
Plumas,2021-02-21,6,3218,5,628,1,2590,0,0,2,971,4,1124,2,2095,California
Plumas,2021-02-22,5,3223,2,630,3,2593,0,0,1,968,4,1128,1,2096,California
Plumas,2021-02-23,27,3250,5,635,22,2615,0,0,17,975,10,1138,17,2113,California
Plumas,2021-02-24,479,3729,8,643,471,3086,0,0,466,1428,13,1151,466,2579,California
Plumas,2021-02-25,241,3970,13,656,228,3314,0,0,174,1535,67,1218,174,2753,California
Plumas,2021-02-26,266,4236,8,664,258,3572,0,0,257,1784,9,1227,258,3011,California
Plumas,2021-02-27,42,4278,4,668,38,3610,0,0,34,1810,8,1235,34,3045,California
Plumas,2021-02-28,4,4282,0,668,4,3614,0,0,4,1814,0,1235,4,3049,California
Plumas,2021-03-01,23,4305,4,672,19,3633,0,0,13,1818,9,1244,13,3062,California
Plumas,2021-03-02,11,4316,1,673,10,3643,0,0,7,1822,3,1247,7,3069,California
Plumas,2021-03-03,177,4493,10,683,167,3810,0,0,162,1969,15,1262,162,3231,California
Plumas,2021-03-04,250,4743,7,690,243,4053,0,0,230,2179,20,1282,230,3461,California
Plumas,2021-03-05,398,5141,5,695,388,4441,5,5,388,2562,10,1292,393,3854,California
Plumas,2021-03-06,21,5162,4,699,9,4450,8,13,3,2555,18,1310,11,3865,California
Plumas,2021-03-07,13,5175,2,701,2,4452,9,22,3,2557,10,1320,12,3877,California
Plumas,2021-03-08,33,5208,3,704,5,4457,25,47,5,2560,28,1348,31,3908,California
Plumas,2021-03-09,134,5342,4,708,115,4572,15,62,18,2477,116,1464,33,3941,California
Plumas,2021-03-10,300,5642,3,711,283,4855,14,76,110,2412,189,1653,124,4065,California
Plumas,2021-03-11,189,5831,10,721,174,5029,5,81,153,2534,36,1689,158,4223,California
Plumas,2021-03-12,597,6428,7,728,303,5332,287,368,25,2274,572,2261,312,4535,California
Plumas,2021-03-13,26,6454,5,733,10,5342,11,379,5,2269,21,2282,16,4551,California
Plumas,2021-03-14,13,6467,3,736,5,5347,5,384,1,2264,11,2293,6,4557,California
Plumas,2021-03-15,36,6503,2,738,27,5374,7,391,7,2249,29,2322,14,4571,California
Plumas,2021-03-16,62,6565,3,741,58,5432,1,392,49,2287,12,2334,50,4621,California
Plumas,2021-03-17,72,6637,8,749,63,5495,1,393,56,2329,15,2349,57,4678,California
Plumas,2021-03-18,60,6697,6,755,38,5533,16,409,11,2307,49,2398,27,4705,California
Plumas,2021-03-19,162,6859,4,759,156,5689,2,411,154,2458,6,2404,157,4862,California
Plumas,2021-03-20,712,7571,4,763,707,6396,1,412,690,3129,20,2424,691,5553,California
Plumas,2021-03-21,2,7573,1,764,1,6397,0,412,1,3130,0,2424,1,5554,California
Plumas,2021-03-22,201,7774,2,766,199,6596,0,412,194,3317,7,2431,194,5748,California
Plumas,2021-03-23,29,7803,2,768,26,6622,1,413,14,3317,15,2446,15,5763,California
Plumas,2021-03-24,693,8496,6,774,686,7308,1,414,236,3098,456,2902,237,6000,California
Plumas,2021-03-25,310,8806,8,782,300,7608,2,416,166,3120,144,3046,166,6166,California
Plumas,2021-03-26,315,9121,8,790,306,7914,1,417,46,2899,268,3314,47,6213,California
Plumas,2021-03-27,12,9133,1,791,10,7924,1,418,3,2894,9,3323,4,6217,California
Plumas,2021-03-28,9,9142,3,794,5,7929,1,419,4,2894,5,3328,5,6222,California
Plumas,2021-03-29,11,9153,3,797,7,7936,1,420,3,2890,8,3336,4,6226,California
Plumas,2021-03-30,181,9334,4,801,174,8110,3,423,27,2766,154,3490,30,6256,California
Plumas,2021-03-31,293,9627,3,804,289,8399,1,424,271,3016,22,3512,272,6528,California
Plumas,2021-04-01,310,9937,13,817,294,8693,3,427,63,2837,244,3756,65,6593,California
Plumas,2021-04-02,377,10314,3,820,371,9064,3,430,29,2532,337,4093,32,6625,California
Plumas,2021-04-03,13,10327,2,822,5,9069,6,436,2,2529,11,4104,8,6633,California
Plumas,2021-04-04,3,10330,1,823,1,9070,1,437,0,2527,3,4107,1,6634,California
Plumas,2021-04-05,16,10346,6,829,8,9078,2,439,4,2522,11,4118,6,6640,California
Plumas,2021-04-06,135,10481,7,836,101,9179,27,466,16,2446,119,4237,43,6683,California
Plumas,2021-04-07,295,10776,9,845,102,9281,184,650,29,2393,266,4503,213,6896,California
Plumas,2021-04-08,157,10933,3,848,134,9415,20,670,38,2331,119,4622,57,6953,California
Plumas,2021-04-09,49,10982,8,856,24,9439,17,687,17,2332,32,4654,33,6986,California
Plumas,2021-04-10,22,11004,1,857,4,9443,17,704,3,2333,19,4673,20,7006,California
Plumas,2021-04-11,3,11007,2,859,0,9443,1,705,2,2335,1,4674,3,7009,California
Plumas,2021-04-12,12,11019,4,863,5,9448,3,708,6,2338,6,4680,9,7018,California
Plumas,2021-04-13,219,11238,5,868,214,9662,0,708,153,2425,66,4746,153,7171,California
Plumas,2021-04-14,109,11347,6,874,103,9765,0,708,55,2427,53,4799,55,7226,California
Plumas,2021-04-15,53,11400,3,877,50,9815,0,708,35,2445,17,4816,35,7261,California
Plumas,2021-04-16,144,11544,3,880,141,9956,0,708,3,2307,141,4957,3,7264,California
Plumas,2021-04-17,685,12229,2,882,683,10639,0,708,19,1663,663,5620,19,7283,California
Plumas,2021-04-18,3,12232,3,885,0,10639,0,708,0,1660,3,5623,0,7283,California
Plumas,2021-04-19,38,12270,2,887,36,10675,0,708,5,1632,33,5656,5,7288,California
Plumas,2021-04-20,45,12315,5,892,40,10715,0,708,28,1644,16,5672,28,7316,California
Plumas,2021-04-21,338,12653,5,897,332,11047,1,709,16,1338,322,5994,16,7332,California
Plumas,2021-04-22,280,12933,7,904,273,11320,0,709,133,1324,147,6141,133,7465,California
Plumas,2021-04-23,72,13005,3,907,69,11389,0,709,16,1284,56,6197,16,7481,California
Plumas,2021-04-24,170,13175,4,911,166,11555,0,709,144,1403,25,6222,144,7625,California
Plumas,2021-04-26,30,13205,3,914,27,11582,0,709,8,1390,21,6243,8,7633,California
Plumas,2021-04-27,107,13312,4,918,103,11685,0,709,68,1419,39,6282,68,7701,California
Plumas,2021-04-28,288,13600,5,923,283,11968,0,709,38,1209,248,6530,38,7739,California
Plumas,2021-04-29,173,13773,68,991,105,12073,0,709,119,1274,54,6584,119,7858,California
Plumas,2021-04-30,20,13793,9,1000,11,12084,0,709,5,1264,15,6599,5,7863,California
Plumas,2021-05-01,4,13797,1,1001,2,12086,1,710,1,1264,2,6601,2,7865,California
Plumas,2021-05-02,3,13800,3,1004,0,12086,0,710,2,1265,1,6602,2,7867,California
Plumas,2021-05-03,19,13819,5,1009,7,12093,7,717,5,1265,12,6614,12,7879,California
Plumas,2021-05-04,33,13852,5,1014,21,12114,7,724,19,1278,13,6627,26,7905,California
Plumas,2021-05-05,48,13900,3,1017,44,12158,1,725,23,1277,25,6652,24,7929,California
Plumas,2021-05-06,67,13967,1,1018,61,12219,5,730,21,1257,46,6698,26,7955,California
Plumas,2021-05-07,22,13989,5,1023,16,12235,1,731,8,1252,14,6712,9,7964,California
Plumas,2021-05-08,7,13996,0,1023,4,12239,3,734,4,1256,3,6715,7,7971,California
Plumas,2021-05-09,1,13997,0,1023,0,12239,1,735,0,1256,1,6716,1,7972,California
Plumas,2021-05-10,50,14047,0,1023,28,12267,22,757,24,1276,26,6742,46,8018,California
Plumas,2021-05-11,175,14222,2,1025,154,12421,19,776,14,1148,161,6903,33,8051,California
Plumas,2021-05-12,100,14322,1,1026,91,12512,8,784,36,1129,63,6966,44,8095,California
Plumas,2021-05-13,39,14361,3,1029,34,12546,2,786,14,1120,25,6991,16,8111,California
Plumas,2021-05-14,20,14381,3,1032,12,12558,5,791,9,1123,11,7002,14,8125,California
Plumas,2021-05-15,10,14391,4,1036,4,12562,2,793,4,1123,6,7008,6,8131,California
Plumas,2021-05-16,1,14392,1,1037,0,12562,0,793,1,1124,0,7008,1,8132,California
Plumas,2021-05-17,14,14406,0,1037,5,12567,9,802,4,1127,10,7018,13,8145,California
Plumas,2021-05-18,47,14453,8,1045,38,12605,1,803,26,1133,21,7039,27,8172,California
Plumas,2021-05-19,51,14504,4,1049,30,12635,17,820,13,1126,38,7077,31,8203,California
Plumas,2021-05-20,190,14694,134,1183,45,12680,11,831,78,1104,111,7188,89,8292,California
Plumas,2021-05-21,28,14722,7,1190,15,12695,6,837,14,1110,14,7202,20,8312,California
Plumas,2021-05-22,137,14859,2,1192,135,12830,0,837,7,989,128,7330,7,8319,California
Plumas,2021-05-23,2,14861,2,1194,0,12830,0,837,0,987,2,7332,0,8319,California
Plumas,2021-05-24,50,14911,36,1230,13,12843,1,838,41,1021,8,7340,42,8361,California
Plumas,2021-05-25,81,14992,3,1233,77,12920,1,839,17,975,64,7404,18,8379,California
Plumas,2021-05-26,42,15034,6,1239,28,12948,8,847,17,975,25,7429,25,8404,California
Plumas,2021-05-27,102,15136,26,1265,63,13011,13,860,42,971,59,7488,55,8459,California
Plumas,2021-05-28,42,15178,15,1280,25,13036,2,862,22,976,19,7507,24,8483,California
Plumas,2021-05-29,8,15186,0,1280,8,13044,0,862,6,981,2,7509,7,8490,California
Plumas,2021-05-30,1,15187,0,1280,1,13045,0,862,0,981,0,7509,0,8490,California
Plumas,2021-05-31,6,15193,0,1280,3,13048,3,865,0,979,5,7514,3,8493,California
Plumas,2021-06-01,34,15227,8,1288,20,13068,6,871,9,970,25,7539,16,8509,California
Plumas,2021-06-02,64,15291,5,1293,37,13105,22,893,12,952,52,7591,34,8543,California
Plumas,2021-06-03,67,15358,17,1310,40,13145,10,903,28,951,39,7630,38,8581,California
Plumas,2021-06-04,14,15372,3,1313,10,13155,1,904,8,955,5,7635,9,8590,California
Plumas,2021-06-05,7,15379,3,1316,4,13159,0,904,2,952,5,7640,2,8592,California
Plumas,2021-06-06,3,15382,1,1317,2,13161,0,904,0,949,3,7643,0,8592,California
Plumas,2021-06-07,38,15420,5,1322,25,13186,8,912,9,937,29,7672,17,8609,California
Plumas,2021-06-08,30,15450,9,1331,19,13205,2,914,8,925,22,7694,10,8619,California
Plumas,2021-06-09,42,15492,5,1336,34,13239,3,917,9,904,33,7727,12,8631,California
Plumas,2021-06-10,37,15529,15,1351,18,13257,4,921,14,899,23,7750,18,8649,California
Plumas,2021-06-11,25,15554,13,1364,9,13266,3,924,8,893,17,7767,11,8660,California
Plumas,2021-06-12,12,15566,4,1368,7,13273,1,925,6,894,6,7773,7,8667,California
Plumas,2021-06-13,3,15569,1,1369,2,13275,0,925,3,897,0,7773,3,8670,California
Plumas,2021-06-14,96,15665,88,1457,6,13281,2,927,13,829,83,7856,15,8685,California
Plumas,2021-06-15,30,15695,7,1464,21,13302,2,929,9,819,21,7877,11,8696,California
Plumas,2021-06-16,32,15727,11,1475,12,13314,9,938,8,812,24,7901,17,8713,California
Plumas,2021-06-17,45,15772,30,1505,11,13325,4,942,7,785,38,7939,11,8724,California
Plumas,2021-06-18,18,15790,6,1511,7,13332,5,947,4,779,14,7953,8,8732,California
Riverside,2020-12-15,7,7,7,7,0,0,0,0,7,7,0,0,7,7,California
Riverside,2020-12-16,94,101,94,101,0,0,0,0,94,101,0,0,94,101,California
Riverside,2020-12-17,833,934,833,934,0,0,0,0,833,934,0,0,833,934,California
Riverside,2020-12-18,1782,2716,1781,2715,1,1,0,0,1782,2716,0,0,1782,2716,California
Riverside,2020-12-19,1057,3773,1054,3769,3,4,0,0,1055,3770,1,1,1055,3771,California
Riverside,2020-12-20,1114,4887,1113,4882,1,5,0,0,1114,4884,0,1,1114,4885,California
Riverside,2020-12-21,2329,7216,2327,7209,2,7,0,0,2329,7213,0,1,2329,7214,California
Riverside,2020-12-22,2289,9505,2242,9451,47,54,0,0,2289,9502,0,1,2289,9503,California
Riverside,2020-12-23,2162,11667,1814,11265,348,402,0,0,2163,11665,0,1,2163,11666,California
Riverside,2020-12-24,845,12512,639,11904,206,608,0,0,845,12510,0,1,845,12511,California
Riverside,2020-12-25,42,12554,18,11922,24,632,0,0,41,12551,0,1,41,12552,California
Riverside,2020-12-26,491,13045,270,12192,221,853,0,0,491,13042,0,1,491,13043,California
Riverside,2020-12-27,399,13444,270,12462,129,982,0,0,398,13439,1,2,398,13441,California
Riverside,2020-12-28,1710,15154,1192,13654,518,1500,0,0,1710,15149,0,2,1710,15151,California
Riverside,2020-12-29,1810,16964,1028,14682,782,2282,0,0,1810,16959,0,2,1810,16961,California
Riverside,2020-12-30,2658,19622,1732,16414,926,3208,0,0,2657,19615,1,3,2657,19618,California
Riverside,2020-12-31,1073,20695,419,16833,654,3862,0,0,1074,20688,1,4,1074,20692,California
Riverside,2021-01-01,134,20829,58,16891,76,3938,0,0,134,20822,0,4,134,20826,California
Riverside,2021-01-02,893,21722,707,17598,186,4124,0,0,893,21715,0,4,893,21719,California
Riverside,2021-01-03,358,22080,304,17902,54,4178,0,0,357,22072,0,4,357,22076,California
Riverside,2021-01-04,1303,23383,810,18712,493,4671,0,0,1302,23374,0,4,1302,23378,California
Riverside,2021-01-05,2054,25437,1411,20123,643,5314,0,0,1931,25188,117,121,1931,25309,California
Riverside,2021-01-06,2577,28014,1149,21272,1428,6742,0,0,2238,27093,333,454,2238,27547,California
Riverside,2021-01-07,2882,30896,1882,23154,1000,7742,0,0,1773,27765,1102,1556,1774,29321,California
Riverside,2021-01-08,4131,35027,2984,26138,1147,8889,0,0,2272,28183,1854,3410,2272,31593,California
Riverside,2021-01-09,2138,37165,877,27015,1261,10150,0,0,1763,29573,373,3783,1763,33356,California
Riverside,2021-01-10,1697,38862,749,27764,948,11098,0,0,1081,30038,616,4399,1081,34437,California
Riverside,2021-01-11,4612,43474,3149,30913,1463,12561,0,0,2842,31112,1769,6168,2843,37280,California
Riverside,2021-01-12,3510,46984,2778,33691,732,13293,0,0,1798,31206,1707,7875,1801,39081,California
Riverside,2021-01-13,4575,51559,2994,36685,1581,14874,0,0,2939,32513,1632,9507,2939,42020,California
Riverside,2021-01-14,5736,57295,2044,38729,3692,18566,0,0,5119,37019,615,10122,5121,47141,California
Riverside,2021-01-15,6246,63541,2063,40792,4183,22749,0,0,5911,42598,333,10455,5912,53053,California
Riverside,2021-01-16,3716,67257,1038,41830,2678,25427,0,0,3453,45789,263,10718,3454,56507,California
Riverside,2021-01-17,3660,70917,605,42435,3055,28482,0,0,3450,49031,208,10926,3450,59957,California
Riverside,2021-01-18,3879,74796,2121,44556,1758,30240,0,0,2825,50803,1054,11980,2826,62783,California
Riverside,2021-01-19,7538,82334,2684,47240,4854,35094,0,0,6395,56060,1143,13123,6400,69183,California
Riverside,2021-01-20,8395,90729,3189,50429,5206,40300,0,0,6701,61087,1680,14803,6707,75890,California
Riverside,2021-01-21,8508,99237,3516,53945,4992,45292,0,0,7832,68244,676,15479,7833,83723,California
Riverside,2021-01-22,8946,108183,3034,56979,5912,51204,0,0,8472,76247,471,15950,8474,92197,California
Riverside,2021-01-23,6084,114267,2369,59348,3715,54919,0,0,5272,80711,810,16760,5274,97471,California
Riverside,2021-01-24,3127,117394,1440,60788,1687,56606,0,0,2904,83395,221,16981,2905,100376,California
Riverside,2021-01-25,8040,125434,4595,65383,3445,60051,0,0,6877,89113,1161,18142,6879,107255,California
Riverside,2021-01-26,9250,134684,5738,71121,3512,63563,0,0,7723,95313,1524,19666,7724,114979,California
Riverside,2021-01-27,11129,145813,6440,77561,4689,68252,0,0,9491,103175,1632,21298,9494,124473,California
Riverside,2021-01-28,11747,157560,6839,84400,4908,73160,0,0,10551,112540,1188,22486,10553,135026,California
Riverside,2021-01-29,12115,169675,7326,91726,4789,77949,0,0,10720,121895,1369,23855,10724,145750,California
Riverside,2021-01-30,9212,178887,4642,96368,4570,82519,0,0,8712,130111,497,24352,8713,154463,California
Riverside,2021-01-31,5219,184106,4250,100618,969,83488,0,0,5080,135058,138,24490,5085,159548,California
Riverside,2021-02-01,11161,195267,6840,107458,4321,87809,0,0,9255,142418,1899,26389,9259,168807,California
Riverside,2021-02-02,9659,204926,4874,112332,4785,92594,0,0,8161,149100,1489,27878,8171,176978,California
Riverside,2021-02-03,12386,217312,5178,117510,7208,99802,0,0,9953,156635,2424,30302,9959,186937,California
Riverside,2021-02-04,13713,231025,6040,123550,7673,107475,0,0,11570,166077,2135,32437,11577,198514,California
Riverside,2021-02-05,14576,245601,5506,129056,9070,116545,0,0,11393,174304,3174,35611,11401,209915,California
Riverside,2021-02-06,7356,252957,4284,133340,3072,119617,0,0,5688,178334,1662,37273,5692,215607,California
Riverside,2021-02-07,2234,255191,818,134158,1416,121033,0,0,1897,179902,335,37608,1903,217510,California
Riverside,2021-02-08,12613,267804,5596,139754,7017,128050,0,0,10232,187782,2366,39974,10246,227756,California
Riverside,2021-02-09,9747,277551,4539,144293,5208,133258,0,0,7748,193559,1992,41966,7769,235525,California
Riverside,2021-02-10,12234,289785,7008,151301,5226,138484,0,0,8992,199339,3231,45197,9011,244536,California
Riverside,2021-02-11,16823,306608,9079,160380,7744,146228,0,0,12232,207038,4570,49767,12269,256805,California
Riverside,2021-02-12,17920,324528,10842,171222,7078,153306,0,0,12897,214981,4982,54749,12925,269730,California
Riverside,2021-02-13,6373,330901,2138,173360,4235,157541,0,0,3099,214852,3259,58008,3130,272860,California
Riverside,2021-02-14,5001,335902,1168,174528,3833,161374,0,0,2244,214355,2753,60761,2256,275116,California
Riverside,2021-02-15,9928,345830,5062,179590,4866,166240,0,0,5486,215427,4431,65192,5503,280619,California
Riverside,2021-02-16,16283,362113,10187,189777,6096,172336,0,0,9348,217875,6926,72118,9374,289993,California
Riverside,2021-02-17,15264,377377,8364,198141,6900,179236,0,0,7584,217846,7667,79785,7638,297631,California
Riverside,2021-02-18,15706,393083,9017,207158,6689,185925,0,0,8085,218376,7599,87384,8129,305760,California
Riverside,2021-02-19,15473,408556,8290,215448,7183,193108,0,0,7308,217565,8147,95531,7336,313096,California
Riverside,2021-02-20,8426,416982,4530,219978,3896,197004,0,0,2239,213644,6170,101701,2249,315345,California
Riverside,2021-02-21,4422,421404,3901,223879,521,197525,0,0,1261,211770,3146,104847,1272,316617,California
Riverside,2021-02-22,12461,433865,7819,231698,4642,202167,0,0,5141,209617,7305,112152,5152,321769,California
Riverside,2021-02-23,11349,445214,7695,239393,3654,205821,0,0,5527,209379,5795,117947,5557,327326,California
Riverside,2021-02-24,14930,460144,8127,247520,6803,212624,0,0,6326,207195,8566,126513,6382,333708,California
Riverside,2021-02-25,17583,477727,7486,255006,10097,222721,0,0,8140,205986,9418,135931,8209,341917,California
Riverside,2021-02-26,18891,496618,6801,261807,12090,234811,0,0,9400,206021,9432,145363,9467,351384,California
Riverside,2021-02-27,12210,508828,5652,267459,6558,241369,0,0,5803,205506,6375,151738,5860,357244,California
Riverside,2021-02-28,4998,513826,3288,270747,1710,243079,0,0,2477,205505,2509,154247,2508,359752,California
Riverside,2021-03-01,14495,528321,6179,276926,8311,251390,5,5,8506,208120,5949,160196,8564,368316,California
Riverside,2021-03-02,15550,543871,7613,284539,7936,259326,1,6,9106,210857,6422,166618,9159,377475,California
Riverside,2021-03-03,17270,561141,8555,293094,8715,268041,0,6,7509,208816,9710,176328,7669,385144,California
Riverside,2021-03-04,18995,580136,7564,300658,11426,279467,5,11,9038,208144,9913,186241,9241,394385,California
Riverside,2021-03-05,19071,599207,7668,308326,11357,290824,46,57,9429,208350,9591,195832,9797,404182,California
Riverside,2021-03-06,9617,608824,5108,313434,4027,294851,482,539,4782,208840,4822,200654,5312,409494,California
Riverside,2021-03-07,4330,613154,2795,316229,1146,295997,389,928,2026,208993,2295,202949,2448,411942,California
Riverside,2021-03-08,12096,625250,4814,321043,6872,302869,410,1338,5407,208223,6667,209616,5897,417839,California
Riverside,2021-03-09,14954,640204,6988,328031,7460,310329,506,1844,5935,205823,8996,218612,6596,424435,California
Riverside,2021-03-10,16112,656316,8644,336675,6536,316865,932,2776,6257,203392,9811,228423,7380,431815,California
Riverside,2021-03-11,19528,675844,9560,346235,8099,324964,1869,4645,7640,201280,11852,240275,9740,441555,California
Riverside,2021-03-12,21294,697138,7952,354187,8571,333535,4771,9416,7059,199250,14195,254470,12165,453720,California
Riverside,2021-03-13,8610,705748,2573,356760,4804,338339,1233,10649,4390,200779,4198,258668,5727,459447,California
Riverside,2021-03-14,4803,710551,1637,358397,1795,340134,1371,12020,2103,201578,2687,261355,3486,462933,California
Riverside,2021-03-15,18794,729345,7912,366309,9214,349348,1668,13688,9225,203063,9525,270880,11010,473943,California
Riverside,2021-03-16,21079,750424,10260,376569,10006,359354,813,14501,11448,205844,9594,280474,12375,486318,California
Riverside,2021-03-17,21556,771980,11047,387616,9448,368802,1061,15562,12909,211276,8609,289083,14041,500359,California
Riverside,2021-03-18,22770,794750,11871,399487,9220,378022,1679,17241,12562,215379,10157,299240,14260,514619,California
Riverside,2021-03-19,24260,819010,12742,412229,10547,388569,971,18212,14154,220827,10047,309287,15495,530114,California
Riverside,2021-03-20,10839,829849,6916,419145,2717,391286,1206,19418,6907,225053,3900,313187,8126,538240,California
Riverside,2021-03-21,3850,833699,2995,422140,577,391863,278,19696,2576,226659,1254,314441,2860,541100,California
Riverside,2021-03-22,16717,850416,9972,432112,6191,398054,554,20250,10626,231808,6033,320474,11182,552282,California
Riverside,2021-03-23,18666,869082,10552,442664,7690,405744,424,20674,11919,237491,6686,327160,12369,564651,California
Riverside,2021-03-24,18828,887910,10505,453169,8200,413944,123,20797,12883,244630,5892,333052,13031,577682,California
Riverside,2021-03-25,21221,909131,11709,464878,9333,423277,179,20976,14162,252003,6985,340037,14358,592040,California
Riverside,2021-03-26,24221,933352,11985,476863,12084,435361,152,21128,15034,258123,9082,349119,15202,607242,California
Riverside,2021-03-27,9388,942740,4906,481769,3428,438789,1054,22182,4843,259507,4519,353638,5903,613145,California
Riverside,2021-03-28,4804,947544,3154,484923,1557,440346,93,22275,2852,260516,1939,355577,2948,616093,California
Riverside,2021-03-29,17695,965239,8454,493377,9117,449463,124,22399,10918,264850,6730,362307,11064,627157,California
Riverside,2021-03-30,18428,983667,9594,502971,8627,458090,207,22606,11729,270136,6655,368962,11941,639098,California
Riverside,2021-03-31,18235,1001902,8477,511448,9450,467540,308,22914,11401,275072,6784,375746,11720,650818,California
Riverside,2021-04-01,25687,1027589,12552,524000,12342,479882,793,23707,16514,283285,9097,384843,17310,668128,California
Riverside,2021-04-02,26244,1053833,14108,538108,11158,491040,978,24685,16408,291123,9773,394616,17611,685739,California
Riverside,2021-04-03,9436,1063269,5985,544093,2843,493883,608,25293,6073,294462,3342,397958,6681,692420,California
Riverside,2021-04-04,3420,1066689,2072,546165,1091,494974,257,25550,1723,294755,1688,399646,1981,694401,California
Riverside,2021-04-05,18537,1085226,9493,555658,7173,502147,1871,27421,9969,298076,8527,408173,11848,706249,California
Riverside,2021-04-06,23883,1109109,12403,568061,9319,511466,2161,29582,13313,303026,10518,418691,15468,721717,California
Riverside,2021-04-07,24996,1134105,13476,581537,8989,520455,2531,32113,13909,308427,11038,429729,16439,738156,California
Riverside,2021-04-08,27636,1161741,15257,596794,9353,529808,3026,35139,16877,317630,10687,440416,19890,758046,California
Riverside,2021-04-09,26477,1188218,15562,612356,8419,538227,2496,37635,16147,326023,10281,450697,18674,776720,California
Riverside,2021-04-10,12110,1200328,6778,619134,3918,542145,1414,39049,5304,325975,6761,457458,6713,783433,California
Riverside,2021-04-11,4681,1205009,2789,621923,1260,543405,632,39681,2209,326361,2460,459918,2846,786279,California
Riverside,2021-04-12,20275,1225284,9018,630941,8593,551998,2664,42345,10145,329087,10090,470008,12816,799095,California
Riverside,2021-04-13,20229,1245513,11316,642257,8885,560883,28,42373,11605,332145,8585,478593,11643,810738,California
Riverside,2021-04-14,22443,1267956,12368,654625,10060,570943,15,42388,11025,331873,11349,489942,11077,821815,California
Riverside,2021-04-15,22257,1290213,12603,667228,9646,580589,8,42396,11798,333303,10391,500333,11821,833636,California
Riverside,2021-04-16,25326,1315539,14651,681879,10669,591258,6,42402,11781,331673,13485,513818,11855,845491,California
Riverside,2021-04-17,9986,1325525,6590,688469,3396,594654,0,42402,5031,331795,4929,518747,5051,850542,California
Riverside,2021-04-18,3927,1329452,2857,691326,1063,595717,7,42409,1849,331602,2062,520809,1869,852411,California
Riverside,2021-04-19,19691,1349143,11697,703023,7991,603708,3,42412,7103,326215,12543,533352,7156,859567,California
Riverside,2021-04-20,19015,1368158,10022,713045,8984,612692,9,42421,7791,322863,11179,544531,7827,867394,California
Riverside,2021-04-21,19912,1388070,11465,724510,8437,621129,10,42431,8015,319084,11829,556360,8050,875444,California
Riverside,2021-04-22,23308,1411378,13612,738122,9692,630821,4,42435,8698,313264,14539,570899,8719,884163,California
Riverside,2021-04-23,23356,1434734,13749,751871,9593,640414,14,42449,9149,308299,14148,585047,9183,893346,California
Riverside,2021-04-24,10523,1445257,7308,759179,3212,643626,3,42452,4820,307459,5666,590713,4826,898172,California
Riverside,2021-04-25,4255,1449512,2830,762009,1424,645050,1,42453,2207,307640,2029,592742,2210,900382,California
Riverside,2021-04-26,17144,1466656,10723,772732,6375,651425,46,42499,5836,302275,11263,604005,5898,906280,California
Riverside,2021-04-27,18379,1485035,10484,783216,7696,659121,199,42698,6390,296930,11942,615947,6597,912877,California
Riverside,2021-04-28,16558,1501593,8896,792112,7402,666523,260,42958,5581,291865,10916,626863,5851,918728,California
Riverside,2021-04-29,18797,1520390,11493,803605,6958,673481,346,43304,5419,284315,13313,640176,5763,924491,California
Riverside,2021-04-30,19889,1540279,11492,815097,8015,681496,382,43686,6416,277697,13418,653594,6800,931291,California
Riverside,2021-05-01,6817,1547096,4895,819992,1750,683246,172,43858,2347,275771,4445,658039,2519,933810,California
Riverside,2021-05-02,3378,1550474,2204,822196,965,684211,209,44067,1080,274786,2281,660320,1296,935106,California
Riverside,2021-05-03,18025,1568499,11075,833271,6458,690669,492,44559,4165,265645,13797,674117,4656,939762,California
Riverside,2021-05-04,17355,1585854,10999,844270,5899,696568,457,45016,4886,258599,12401,686518,5355,945117,California
Riverside,2021-05-05,15863,1601717,8972,853242,6526,703094,365,45381,4565,252312,11237,697755,4950,950067,California
Riverside,2021-05-06,17850,1619567,9982,863224,7457,710551,411,45792,4503,243991,13274,711029,4953,955020,California
Riverside,2021-05-07,20408,1639975,11623,874847,8347,718898,438,46230,5372,234847,14957,725986,5813,960833,California
Riverside,2021-05-08,6932,1646907,4564,879411,2105,721003,263,46493,2582,233383,4317,730303,2853,963686,California
Riverside,2021-05-09,2322,1649229,1528,880939,640,721643,154,46647,852,232936,1461,731764,1014,964700,California
Riverside,2021-05-10,10081,1659310,5151,886090,4545,726188,385,47032,2856,229009,7173,738937,3246,967946,California
Riverside,2021-05-11,13913,1673223,8351,894441,5044,731232,518,47550,3812,223335,10019,748956,4345,972291,California
Riverside,2021-05-12,12680,1685903,6359,900800,5988,737220,333,47883,4007,219054,8621,757577,4340,976631,California
Riverside,2021-05-13,14696,1700599,8795,909595,5624,742844,277,48160,5336,215370,9310,766887,5626,982257,California
Riverside,2021-05-14,17787,1718386,11210,920805,5785,748629,792,48952,6933,212311,10784,777671,7725,989982,California
Riverside,2021-05-15,9694,1728080,6935,927740,2360,750989,399,49351,4955,212955,4710,782381,5354,995336,California
Riverside,2021-05-16,3507,1731587,2551,930291,839,751828,117,49468,1731,213038,1763,784144,1846,997182,California
Riverside,2021-05-17,11789,1743376,7588,937879,3854,755682,347,49815,5160,211952,6597,790741,5511,1002693,California
Riverside,2021-05-18,15078,1758454,9324,947203,5407,761089,347,50162,6123,209515,8908,799649,6471,1009164,California
Riverside,2021-05-19,12185,1770639,7720,954923,4230,765319,235,50397,6026,209669,6110,805759,6264,1015428,California
Riverside,2021-05-20,11866,1782505,7438,962361,4171,769490,257,50654,5396,208905,6421,812180,5657,1021085,California
Riverside,2021-05-21,14409,1796914,8898,971259,5186,774676,325,50979,6197,207281,8148,820328,6524,1027609,California
Riverside,2021-05-22,7176,1804090,4852,976111,2129,776805,195,51174,3843,208026,3296,823624,4041,1031650,California
Riverside,2021-05-23,2582,1806672,1670,977781,835,777640,77,51251,1263,208059,1306,824930,1339,1032989,California
Riverside,2021-05-24,8629,1815301,5570,983351,2750,780390,309,51560,3830,207434,4764,829694,4139,1037128,California
Riverside,2021-05-25,9687,1824988,5775,989126,3642,784032,270,51830,3943,205944,5707,835401,4217,1041345,California
Riverside,2021-05-26,8895,1833883,5515,994641,3052,787084,328,52158,4006,205444,4839,840240,4339,1045684,California
Riverside,2021-05-27,8530,1842413,5108,999749,3187,790271,235,52393,4029,205261,4451,844691,4268,1049952,California
Riverside,2021-05-28,10686,1853099,6502,1006251,3872,794143,312,52705,5028,205010,5597,850288,5346,1055298,California
Riverside,2021-05-29,4993,1858092,3391,1009642,1478,795621,124,52829,2838,205842,2132,852420,2964,1058262,California
Riverside,2021-05-30,1960,1860052,1412,1011054,479,796100,69,52898,1074,206106,879,853299,1143,1059405,California
Riverside,2021-05-31,872,1860924,495,1011549,344,796444,33,52931,333,205938,534,853833,366,1059771,California
Riverside,2021-06-01,9124,1870048,5641,1017190,3249,799693,234,53165,3604,204305,5469,859302,3836,1063607,California
Riverside,2021-06-02,7104,1877152,4334,1021524,2492,802185,278,53443,2875,203274,4187,863489,3156,1066763,California
Riverside,2021-06-03,7934,1885086,5296,1026820,2367,804552,271,53714,2872,201391,5023,868512,3140,1069903,California
Riverside,2021-06-04,10600,1895686,7596,1034416,2749,807301,255,53969,3890,198879,6659,875171,4147,1074050,California
Riverside,2021-06-05,6915,1902601,5099,1039515,1269,808570,547,54516,2269,197075,4623,879794,2819,1076869,California
Riverside,2021-06-06,2191,1904792,1863,1041378,277,808847,51,54567,796,196535,1388,881182,848,1077717,California
Riverside,2021-06-07,6888,1911680,5236,1046614,1423,810270,229,54796,2281,194470,4577,885759,2512,1080229,California
Riverside,2021-06-08,9011,1920691,6560,1053174,2188,812458,263,55059,3044,191868,5913,891672,3311,1083540,California
Riverside,2021-06-09,7710,1928401,5616,1058790,1797,814255,297,55356,2380,189256,5287,896959,2675,1086215,California
Riverside,2021-06-10,7563,1935964,5340,1064130,1994,816249,229,55585,2393,186738,5143,902102,2625,1088840,California
Riverside,2021-06-11,8854,1944818,6011,1070141,2555,818804,288,55873,3031,184293,5765,907867,3320,1092160,California
Riverside,2021-06-12,5297,1950115,3915,1074056,1258,820062,124,55997,1655,182466,3612,911479,1785,1093945,California
Riverside,2021-06-13,1798,1951913,1345,1075401,411,820473,42,56039,541,181804,1245,912724,583,1094528,California
Riverside,2021-06-14,6352,1958265,4556,1079957,1502,821975,294,56333,2271,180322,4044,916768,2562,1097090,California
Riverside,2021-06-15,7188,1965453,4942,1084899,1941,823916,305,56638,2794,179077,4349,921117,3104,1100194,California
Riverside,2021-06-16,6643,1972096,4565,1089464,1777,825693,301,56939,2411,177599,4190,925307,2712,1102906,California
Riverside,2021-06-17,5476,1977572,3633,1093097,1628,827321,215,57154,2027,176423,3422,928729,2246,1105152,California
Riverside,2021-06-18,4209,1981781,2989,1096086,1034,828355,186,57340,1528,175481,2662,931391,1720,1106872,California
Sacramento,2020-12-15,314,314,314,314,0,0,0,0,314,314,0,0,314,314,California
Sacramento,2020-12-16,646,960,646,960,0,0,0,0,646,960,0,0,646,960,California
Sacramento,2020-12-17,701,1661,701,1661,0,0,0,0,701,1661,0,0,701,1661,California
Sacramento,2020-12-18,1109,2770,1109,2770,0,0,0,0,1110,2771,0,0,1110,2771,California
Sacramento,2020-12-19,610,3380,610,3380,0,0,0,0,610,3381,0,0,610,3381,California
Sacramento,2020-12-20,637,4017,637,4017,0,0,0,0,637,4018,0,0,637,4018,California
Sacramento,2020-12-21,1668,5685,1668,5685,0,0,0,0,1669,5687,0,0,1669,5687,California
Sacramento,2020-12-22,2102,7787,2067,7752,35,35,0,0,2102,7789,0,0,2102,7789,California
Sacramento,2020-12-23,2250,10037,2076,9828,174,209,0,0,2250,10039,0,0,2250,10039,California
Sacramento,2020-12-24,1044,11081,830,10658,214,423,0,0,1044,11083,0,0,1044,11083,California
Sacramento,2020-12-25,2,11083,1,10659,1,424,0,0,2,11085,0,0,2,11085,California
Sacramento,2020-12-26,506,11589,288,10947,218,642,0,0,506,11591,0,0,506,11591,California
Sacramento,2020-12-27,355,11944,248,11195,107,749,0,0,355,11946,0,0,355,11946,California
Sacramento,2020-12-28,1899,13843,1320,12515,579,1328,0,0,1898,13843,1,1,1898,13844,California
Sacramento,2020-12-29,1970,15813,1205,13720,765,2093,0,0,1969,15811,1,2,1969,15813,California
Sacramento,2020-12-30,2556,18369,1459,15179,1097,3190,0,0,2557,18368,0,2,2557,18370,California
Sacramento,2020-12-31,1227,19596,689,15868,538,3728,0,0,1228,19596,0,2,1228,19598,California
Sacramento,2021-01-01,81,19677,70,15938,11,3739,0,0,81,19677,0,2,81,19679,California
Sacramento,2021-01-02,575,20252,369,16307,206,3945,0,0,575,20252,0,2,575,20254,California
Sacramento,2021-01-03,413,20665,225,16532,188,4133,0,0,413,20665,0,2,413,20667,California
Sacramento,2021-01-04,1935,22600,832,17364,1103,5236,0,0,1933,22597,1,3,1933,22600,California
Sacramento,2021-01-05,2212,24812,988,18352,1224,6460,0,0,1848,24088,364,367,1855,24455,California
Sacramento,2021-01-06,2727,27539,1617,19969,1110,7570,0,0,1932,25228,792,1159,1932,26387,California
Sacramento,2021-01-07,2835,30374,1512,21481,1323,8893,0,0,1907,26210,925,2084,1907,28294,California
Sacramento,2021-01-08,3282,33656,2081,23562,1201,10094,0,0,2168,27270,1110,3194,2170,30464,California
Sacramento,2021-01-09,1280,34936,801,24363,479,10573,0,0,886,27763,393,3587,886,31350,California
Sacramento,2021-01-10,1224,36160,714,25077,510,11083,0,0,754,28048,470,4057,755,32105,California
Sacramento,2021-01-11,4349,40509,2955,28032,1394,12477,0,0,2414,28540,1934,5991,2426,34531,California
Sacramento,2021-01-12,4595,45104,3210,31242,1385,13862,0,0,2612,29173,1983,7974,2616,37147,California
Sacramento,2021-01-13,3842,48946,2221,33463,1621,15483,0,0,2428,30189,1413,9387,2429,39576,California
Sacramento,2021-01-14,4623,53569,2326,35789,2297,17780,0,0,3713,32995,907,10294,3713,43289,California
Sacramento,2021-01-15,4439,58008,2257,38046,2182,19962,0,0,3725,36009,714,11008,3728,47017,California
Sacramento,2021-01-16,2090,60098,1288,39334,802,20764,0,0,1870,37660,219,11227,1870,48887,California
Sacramento,2021-01-17,1676,61774,984,40318,692,21456,0,0,1493,38973,183,11410,1496,50383,California
Sacramento,2021-01-18,2832,64606,1738,42056,1094,22550,0,0,2259,40662,571,11981,2260,52643,California
Sacramento,2021-01-19,4985,69591,3032,45088,1953,24503,0,0,3736,43151,1249,13230,3738,56381,California
Sacramento,2021-01-20,4838,74429,2860,47948,1978,26481,0,0,3608,45534,1232,14462,3615,59996,California
Sacramento,2021-01-21,5226,79655,3020,50968,2206,28687,0,0,4253,48822,967,15429,4255,64251,California
Sacramento,2021-01-22,5036,84691,2701,53669,2335,31022,0,0,4735,53258,300,15729,4736,68987,California
Sacramento,2021-01-23,3762,88453,1568,55237,2194,33216,0,0,3299,56094,463,16192,3299,72286,California
Sacramento,2021-01-24,1626,90079,1015,56252,611,33827,0,0,1382,57235,243,16435,1384,73670,California
Sacramento,2021-01-25,4403,94482,2158,58410,2245,36072,0,0,2936,58706,1467,17902,2938,76608,California
Sacramento,2021-01-26,4754,99236,2158,60568,2596,38668,0,0,3553,61062,1199,19101,3555,80163,California
Sacramento,2021-01-27,5859,105095,3050,63618,2809,41477,0,0,4235,63679,1620,20721,4237,84400,California
Sacramento,2021-01-28,5410,110505,2739,66357,2671,44148,0,0,4310,66891,1099,21820,4311,88711,California
Sacramento,2021-01-29,5419,115924,2938,69295,2481,46629,0,0,4397,70275,1013,22833,4397,93108,California
Sacramento,2021-01-30,4525,120449,2204,71499,2321,48950,0,0,4092,73937,430,23263,4092,97200,California
Sacramento,2021-01-31,2341,122790,2039,73538,302,49252,0,0,2060,75721,278,23541,2062,99262,California
Sacramento,2021-02-01,5952,128742,3044,76582,2908,52160,0,0,4264,78304,1684,25225,4267,103529,California
Sacramento,2021-02-02,7042,135784,3800,80382,3242,55402,0,0,4880,81048,2142,27367,4886,108415,California
Sacramento,2021-02-03,7150,142934,3609,83991,3541,58943,0,0,5286,84482,1855,29222,5289,113704,California
Sacramento,2021-02-04,7765,150699,3682,87673,4083,63026,0,0,5526,87778,2230,31452,5526,119230,California
Sacramento,2021-02-05,7861,158560,4485,92158,3376,66402,0,0,4927,89798,2911,34363,4931,124161,California
Sacramento,2021-02-06,8467,167027,3477,95635,4990,71392,0,0,7120,95575,1345,35708,7122,131283,California
Sacramento,2021-02-07,4067,171094,2203,97838,1864,73256,0,0,2890,97295,1172,36880,2892,134175,California
Sacramento,2021-02-08,6274,177368,3264,101102,3010,76266,0,0,3916,98858,2353,39233,3916,138091,California
Sacramento,2021-02-09,6785,184153,3556,104658,3229,79495,0,0,4010,100103,2766,41999,4011,142102,California
Sacramento,2021-02-10,7694,191847,4212,108870,3482,82977,0,0,4528,101481,3152,45151,4530,146632,California
Sacramento,2021-02-11,9610,201457,5743,114613,3867,86844,0,0,5513,102914,4082,49233,5515,152147,California
Sacramento,2021-02-12,10687,212144,4154,118767,6533,93377,0,0,6394,105080,4231,53464,6397,158544,California
Sacramento,2021-02-13,7690,219834,2996,121763,4694,98071,0,0,6093,109582,1592,55056,6094,164638,California
Sacramento,2021-02-14,3204,223038,1964,123727,1240,99311,0,0,2095,110575,1107,56163,2100,166738,California
Sacramento,2021-02-15,6000,229038,2053,125780,3947,103258,0,0,4170,112924,1824,57987,4173,170911,California
Sacramento,2021-02-16,9258,238296,4216,129996,5042,108300,0,0,5324,114325,3927,61914,5328,176239,California
Sacramento,2021-02-17,8851,247147,4991,134987,3860,112160,0,0,5145,115779,3695,65609,5149,181388,California
Sacramento,2021-02-18,9588,256735,5769,140756,3819,115979,0,0,5732,117669,3846,69455,5736,187124,California
Sacramento,2021-02-19,10080,266815,6184,146940,3896,119875,0,0,5979,119564,4091,73546,5986,193110,California
Sacramento,2021-02-20,7862,274677,5796,152736,2066,121941,0,0,4753,121217,3103,76649,4756,197866,California
Sacramento,2021-02-21,3071,277748,2429,155165,642,122583,0,0,1092,120336,1973,78622,1092,198958,California
Sacramento,2021-02-22,6318,284066,3817,158982,2501,125084,0,0,2783,119600,3523,82145,2787,201745,California
Sacramento,2021-02-23,7300,291366,4523,163505,2777,127861,0,0,3555,119431,3728,85873,3559,205304,California
Sacramento,2021-02-24,9845,301211,5429,168934,4416,132277,0,0,5387,120382,4442,90315,5393,210697,California
Sacramento,2021-02-25,11289,312500,6471,175405,4818,137095,0,0,6632,122374,4641,94956,6633,217330,California
Sacramento,2021-02-26,14434,326934,6808,182213,7626,144721,0,0,9899,127775,4504,99460,9905,227235,California
Sacramento,2021-02-27,11079,338013,6874,189087,4202,148923,3,3,8188,133101,2865,102325,8191,235426,California
Sacramento,2021-02-28,6192,344205,2326,191413,3866,152789,0,3,3103,133132,3075,105400,3106,238532,California
Sacramento,2021-03-01,8636,352841,3621,195034,5013,157802,2,5,4705,133932,3909,109309,4709,243241,California
Sacramento,2021-03-02,9325,362166,4054,199088,5270,163072,1,6,5716,136061,3591,112900,5720,248961,California
Sacramento,2021-03-03,11108,373274,5067,204155,6038,169110,3,9,6665,138309,4422,117322,6670,255631,California
Sacramento,2021-03-04,13491,386765,6196,210351,7291,176401,4,13,7498,139859,5959,123281,7509,263140,California
Sacramento,2021-03-05,10653,397418,4928,215279,5695,182096,30,43,7076,143409,3556,126837,7106,270246,California
Sacramento,2021-03-06,8124,405542,3117,218396,4885,186981,122,165,4121,143662,3989,130826,4242,274488,California
Sacramento,2021-03-07,7618,413160,2213,220609,5316,192297,89,254,3754,143644,3859,134685,3841,278329,California
Sacramento,2021-03-08,9136,422296,4274,224883,4638,196935,224,478,5972,146686,3152,137837,6194,284523,California
Sacramento,2021-03-09,9634,431930,4559,229442,4783,201718,292,770,5537,148435,4079,141916,5828,290351,California
Sacramento,2021-03-10,11785,443715,7528,236970,3903,205621,354,1124,6880,150806,4868,146784,7239,297590,California
Sacramento,2021-03-11,15060,458775,10008,246978,4226,209847,826,1950,8924,154456,6096,152880,9746,307336,California
Sacramento,2021-03-12,18080,476855,8360,255338,8857,218704,863,2813,8854,155005,9175,162055,9724,317060,California
Sacramento,2021-03-13,13033,489888,3583,258921,9020,227724,430,3243,7865,158138,5157,167212,8290,325350,California
Sacramento,2021-03-14,8407,498295,3479,262400,4304,232028,624,3867,4437,159252,3945,171157,5059,330409,California
Sacramento,2021-03-15,12241,510536,4883,267283,6707,238735,651,4518,7062,161813,5153,176310,7714,338123,California
Sacramento,2021-03-16,14024,524560,6218,273501,7153,245888,653,5171,8619,165710,5368,181678,9265,347388,California
Sacramento,2021-03-17,13820,538380,6648,280149,6537,252425,635,5806,8815,170183,4979,186657,9452,356840,California
Sacramento,2021-03-18,15672,554052,8211,288360,6867,259292,594,6400,9929,174996,5709,192366,10522,367362,California
Sacramento,2021-03-19,15639,569691,7999,296359,6270,265562,1370,7770,7899,176542,7714,200080,9260,376622,California
Sacramento,2021-03-20,12935,582626,7545,303904,5048,270610,342,8112,8045,180071,4860,204940,8389,385011,California
Sacramento,2021-03-21,5589,588215,2758,306662,2792,273402,39,8151,4853,184245,722,205662,4896,389907,California
Sacramento,2021-03-22,9384,597599,4806,311468,3726,277128,852,9003,6195,188131,3160,208822,7046,396953,California
Sacramento,2021-03-23,11355,608954,6753,318221,3794,280922,808,9811,7249,192123,4063,212885,8055,405008,California
Sacramento,2021-03-24,11865,620819,7261,325482,3974,284896,630,10441,6713,194397,5069,217954,7343,412351,California
Sacramento,2021-03-25,14168,634987,8340,333822,4990,289886,838,11279,8512,198131,5610,223564,9344,421695,California
Sacramento,2021-03-26,18305,653292,8936,342758,8856,298742,513,11792,9164,198737,9073,232637,9679,431374,California
Sacramento,2021-03-27,9688,662980,3579,346337,5821,304563,288,12080,5094,199553,4562,237199,5378,436752,California
Sacramento,2021-03-28,6531,669511,3222,349559,3060,307623,249,12329,2701,198687,3819,241018,2953,439705,California
Sacramento,2021-03-29,11058,680569,5899,355458,4766,312389,393,12722,4944,197939,6085,247103,5337,445042,California
Sacramento,2021-03-30,11849,692418,6064,361522,5381,317770,404,13126,5991,198500,5834,252937,6395,451437,California
Sacramento,2021-03-31,13439,705857,7854,369376,5178,322948,407,13533,5566,196622,7845,260782,5967,457404,California
Sacramento,2021-04-01,17473,723330,10476,379852,6761,329709,236,13769,7332,194100,10095,270877,7573,464977,California
Sacramento,2021-04-02,17142,740472,9698,389550,6701,336410,743,14512,9007,195746,8103,278980,9749,474726,California
Sacramento,2021-04-03,10457,750929,6244,395794,3664,340074,549,15061,6419,198702,4007,282987,6963,481689,California
Sacramento,2021-04-04,3726,754655,1535,397329,1989,342063,202,15263,1447,198073,2273,285260,1644,483333,California
Sacramento,2021-04-05,12052,766707,7567,404896,3653,345716,832,16095,5376,197637,6639,291899,6203,489536,California
Sacramento,2021-04-06,15652,782359,8859,413755,5451,351167,1342,17437,6919,197190,8701,300600,8254,497790,California
Sacramento,2021-04-07,14857,797216,8029,421784,5226,356393,1602,19039,7163,198290,7652,308252,8752,506542,California
Sacramento,2021-04-08,15062,812278,6773,428557,5307,361700,2982,22021,6010,198245,9016,317268,8971,515513,California
Sacramento,2021-04-09,18325,830603,9377,437934,6722,368422,2226,24247,7434,197043,10850,328118,9648,525161,California
Sacramento,2021-04-10,12879,843482,3839,441773,7821,376243,1219,25466,5352,196090,7497,335615,6544,531705,California
Sacramento,2021-04-11,10819,854301,4361,446134,6233,382476,225,25691,3867,193253,6928,342543,4091,535796,California
Sacramento,2021-04-12,13014,867315,5050,451184,6060,388536,1904,27595,4945,192080,8005,350548,6832,542628,California
Sacramento,2021-04-13,16271,883586,9954,461138,6312,394848,5,27600,7578,191006,8661,359209,7587,550215,California
Sacramento,2021-04-14,14983,898569,7978,469116,7003,401851,2,27602,5898,187854,9056,368265,5904,556119,California
Sacramento,2021-04-15,16413,914982,8438,477554,7972,409823,3,27605,6693,184872,9681,377946,6699,562818,California
Sacramento,2021-04-16,17532,932514,9698,487252,7834,417657,0,27605,7968,183336,9521,387467,7985,570803,California
Sacramento,2021-04-17,15339,947853,6163,493415,9176,426833,0,27605,11116,190257,4203,391670,11124,581927,California
Sacramento,2021-04-18,8453,956306,3071,496486,5382,432215,0,27605,3762,189350,4671,396341,3764,585691,California
Sacramento,2021-04-19,10606,966912,5731,502217,4870,437085,5,27610,4727,188234,5857,402198,4741,590432,California
Sacramento,2021-04-20,11118,978030,6750,508967,4365,441450,3,27613,5919,188988,5177,407375,5931,596363,California
Sacramento,2021-04-21,11501,989531,6653,515620,4846,446296,2,27615,6228,189971,5249,412624,6232,602595,California
Sacramento,2021-04-22,14831,1004362,9906,525526,4921,451217,4,27619,6821,188818,7980,420604,6827,609422,California
Sacramento,2021-04-23,15909,1020271,10011,535537,5898,457115,0,27619,7381,187708,8493,429097,7383,616805,California
Sacramento,2021-04-24,11331,1031602,7010,542547,4320,461435,1,27620,5931,188278,5363,434460,5933,622738,California
Sacramento,2021-04-25,8008,1039610,4477,547024,3531,464966,0,27620,4171,188628,3822,438282,4172,626910,California
Sacramento,2021-04-26,10596,1050206,6608,553632,3964,468930,24,27644,5005,188098,5559,443841,5029,631939,California
Sacramento,2021-04-27,12044,1062250,7909,561541,3981,472911,154,27798,5917,188077,6094,449935,6073,638012,California
Sacramento,2021-04-28,10485,1072735,5853,567394,4426,477337,206,28004,5819,189470,4636,454571,6029,644041,California
Sacramento,2021-04-29,10865,1083600,7308,574702,3254,480591,303,28307,6001,190948,4828,459399,6306,650347,California
Sacramento,2021-04-30,12466,1096066,7821,582523,4382,484973,263,28570,5872,190536,6548,465947,6136,656483,California
Sacramento,2021-05-01,7590,1103656,5476,587999,1939,486912,175,28745,2762,188678,4793,470740,2935,659418,California
Sacramento,2021-05-02,4993,1108649,4299,592298,543,487455,151,28896,2226,188311,2742,473482,2375,661793,California
Sacramento,2021-05-03,9119,1117768,7295,599593,1546,489001,278,29174,3973,187435,5123,478605,4247,666040,California
Sacramento,2021-05-04,9384,1127152,5707,605300,3366,492367,311,29485,3786,185975,5555,484160,4095,670135,California
Sacramento,2021-05-05,11064,1138216,5985,611285,4617,496984,462,29947,4513,184437,6506,490666,4968,675103,California
Sacramento,2021-05-06,11228,1149444,6214,617499,4706,501690,308,30255,4628,183099,6271,496937,4933,680036,California
Sacramento,2021-05-07,10622,1160066,6179,623678,4072,505762,371,30626,4471,181841,6101,503038,4843,684879,California
Sacramento,2021-05-08,8232,1168298,3813,627491,4190,509952,229,30855,2715,179299,5479,508517,2937,687816,California
Sacramento,2021-05-09,3145,1171443,1651,629142,1380,511332,114,30969,1175,178629,1959,510476,1289,689105,California
Sacramento,2021-05-10,8083,1179526,3736,632878,4076,515408,271,31240,1979,174808,6073,516549,2252,691357,California
Sacramento,2021-05-11,8284,1187810,5160,638038,2865,518273,259,31499,2888,172591,5364,521913,3147,694504,California
Sacramento,2021-05-12,8556,1196366,5148,643186,3154,521427,254,31753,3044,170410,5477,527390,3296,697800,California
Sacramento,2021-05-13,11673,1208039,7457,650643,3940,525367,276,32029,4461,167973,7173,534563,4736,702536,California
Sacramento,2021-05-14,12202,1220241,6911,657554,5003,530370,288,32317,5041,166196,7106,541669,5329,707865,California
Sacramento,2021-05-15,13091,1233332,7910,665464,5036,535406,145,32462,5801,164883,7255,548924,5942,713807,California
Sacramento,2021-05-16,7869,1241201,4124,669588,3632,539038,113,32575,2152,161456,5694,554618,2267,716074,California
Sacramento,2021-05-17,10387,1251588,6301,675889,3793,542831,293,32868,3971,159342,6381,560999,4267,720341,California
Sacramento,2021-05-18,9704,1261292,6088,681977,3405,546236,211,33079,3684,157264,5978,566977,3900,724241,California
Sacramento,2021-05-19,9747,1271039,6233,688210,3251,549487,263,33342,4514,156856,5191,572168,4783,729024,California
Sacramento,2021-05-20,10126,1281165,6674,694884,3191,552678,261,33603,3850,154742,6226,578394,4112,733136,California
Sacramento,2021-05-21,10668,1291833,6796,701680,3548,556226,324,33927,4556,153558,6070,584464,4886,738022,California
Sacramento,2021-05-22,7389,1299222,4582,706262,2635,558861,172,34099,3338,153051,4020,588484,3513,741535,California
Sacramento,2021-05-23,4166,1303388,2866,709128,1197,560058,103,34202,1919,152848,2228,590712,2025,743560,California
Sacramento,2021-05-24,7655,1311043,4571,713699,2754,562812,330,34532,2394,150352,5218,595930,2722,746282,California
Sacramento,2021-05-25,6663,1317706,3862,717561,2507,565319,294,34826,2385,148779,4250,600180,2677,748959,California
Sacramento,2021-05-26,8483,1326189,4697,722258,3456,568775,330,35156,2816,146304,5617,605797,3142,752101,California
Sacramento,2021-05-27,6655,1332844,3638,725896,2774,571549,243,35399,2965,145861,3651,609448,3208,755309,California
Sacramento,2021-05-28,8239,1341083,4578,730474,3290,574839,371,35770,3498,145027,4703,614151,3869,759178,California
Sacramento,2021-05-29,4380,1345463,2677,733151,1547,576386,156,35926,2233,145291,2124,616275,2388,761566,California
Sacramento,2021-05-30,1655,1347118,1041,734192,575,576961,39,35965,762,145207,886,617161,802,762368,California
Sacramento,2021-05-31,879,1347997,440,734632,426,577387,13,35978,312,144965,567,617728,325,762693,California
Sacramento,2021-06-01,6932,1354929,4174,738806,2552,579939,206,36184,2682,143641,4209,621937,2885,765578,California
Sacramento,2021-06-02,6077,1361006,3349,742155,2514,582453,214,36398,2320,142461,3712,625649,2532,768110,California
Sacramento,2021-06-03,7416,1368422,5054,747209,2180,584633,182,36580,2248,139761,5128,630777,2428,770538,California
Sacramento,2021-06-04,7013,1375435,4499,751708,2304,586937,210,36790,2278,137544,4705,635482,2488,773026,California
Sacramento,2021-06-05,6163,1381598,4534,756242,1490,588427,139,36929,1796,135139,4338,639820,1933,774959,California
Sacramento,2021-06-06,2343,1383941,1835,758077,452,588879,56,36985,794,134446,1543,641363,850,775809,California
Sacramento,2021-06-07,5546,1389487,3884,761961,1483,590362,179,37164,1602,132305,3918,645281,1777,777586,California
Sacramento,2021-06-08,5348,1394835,3664,765625,1506,591868,178,37342,1790,130744,3532,648813,1971,779557,California
Sacramento,2021-06-09,6135,1400970,4268,769893,1682,593550,185,37527,1619,128084,4463,653276,1803,781360,California
Sacramento,2021-06-10,5376,1406346,3455,773348,1724,595274,197,37724,1688,126329,3641,656917,1886,783246,California
Sacramento,2021-06-11,7525,1413871,5212,778560,2119,597393,194,37918,2063,123155,5429,662346,2255,785501,California
Sacramento,2021-06-12,4671,1418542,3037,781597,1516,598909,118,38036,1278,121177,3375,665721,1397,786898,California
Sacramento,2021-06-13,1903,1420445,1400,782997,463,599372,40,38076,416,120157,1475,667196,455,787353,California
Sacramento,2021-06-14,4282,1424727,2780,785777,1344,600716,158,38234,1392,118832,2872,670068,1547,788900,California
Sacramento,2021-06-15,4882,1429609,2952,788729,1705,602421,225,38459,1725,117640,3141,673209,1949,790849,California
Sacramento,2021-06-16,4439,1434048,2978,791707,1242,603663,219,38678,1564,116566,2850,676059,1776,792625,California
Sacramento,2021-06-17,3555,1437603,2180,793887,1205,604868,170,38848,1201,115608,2324,678383,1366,793991,California
Sacramento,2021-06-18,3101,1440704,1975,795862,933,605801,193,39041,986,114682,2104,680487,1178,795169,California
San Benito,2020-12-16,29,29,29,29,0,0,0,0,29,29,0,0,29,29,California
San Benito,2020-12-17,47,76,47,76,0,0,0,0,47,76,0,0,47,76,California
San Benito,2020-12-18,73,149,73,149,0,0,0,0,73,149,0,0,73,149,California
San Benito,2020-12-19,46,195,46,195,0,0,0,0,46,195,0,0,46,195,California
San Benito,2020-12-20,23,218,23,218,0,0,0,0,23,218,0,0,23,218,California
San Benito,2020-12-21,79,297,79,297,0,0,0,0,79,297,0,0,79,297,California
San Benito,2020-12-22,102,399,102,399,0,0,0,0,102,399,0,0,102,399,California
San Benito,2020-12-23,85,484,74,473,11,11,0,0,85,484,0,0,85,484,California
San Benito,2020-12-24,12,496,5,478,7,18,0,0,12,496,0,0,12,496,California
San Benito,2020-12-25,3,499,3,481,0,18,0,0,3,499,0,0,3,499,California
San Benito,2020-12-26,12,511,4,485,8,26,0,0,12,511,0,0,12,511,California
San Benito,2020-12-27,9,520,8,493,1,27,0,0,9,520,0,0,9,520,California
San Benito,2020-12-28,64,584,37,530,27,54,0,0,64,584,0,0,64,584,California
San Benito,2020-12-29,50,634,20,550,30,84,0,0,50,634,0,0,50,634,California
San Benito,2020-12-30,60,694,38,588,22,106,0,0,60,694,0,0,60,694,California
San Benito,2020-12-31,17,711,2,590,15,121,0,0,17,711,0,0,17,711,California
San Benito,2021-01-02,23,734,22,612,1,122,0,0,23,734,0,0,23,734,California
San Benito,2021-01-03,3,737,1,613,2,124,0,0,3,737,0,0,3,737,California
San Benito,2021-01-04,61,798,24,637,37,161,0,0,61,798,0,0,61,798,California
San Benito,2021-01-05,119,917,37,674,82,243,0,0,116,911,3,3,116,914,California
San Benito,2021-01-06,102,1019,42,716,60,303,0,0,87,983,15,18,87,1001,California
San Benito,2021-01-07,105,1124,67,783,38,341,0,0,53,984,52,70,53,1054,California
San Benito,2021-01-08,184,1308,89,872,95,436,0,0,120,1040,64,134,120,1174,California
San Benito,2021-01-09,44,1352,32,904,12,448,0,0,30,1056,14,148,30,1204,California
San Benito,2021-01-10,15,1367,13,917,2,450,0,0,5,1051,10,158,5,1209,California
San Benito,2021-01-11,174,1541,109,1026,65,515,0,0,72,1021,102,260,72,1281,California
San Benito,2021-01-12,162,1703,57,1083,105,620,0,0,122,1103,40,300,122,1403,California
San Benito,2021-01-13,243,1946,70,1153,173,793,0,0,193,1246,50,350,193,1596,California
San Benito,2021-01-14,135,2081,25,1178,110,903,0,0,115,1341,20,370,115,1711,California
San Benito,2021-01-15,218,2299,21,1199,197,1100,0,0,204,1531,14,384,204,1915,California
San Benito,2021-01-16,26,2325,8,1207,18,1118,0,0,21,1547,5,389,21,1936,California
San Benito,2021-01-17,11,2336,4,1211,7,1125,0,0,9,1554,2,391,9,1945,California
San Benito,2021-01-18,36,2372,22,1233,14,1139,0,0,21,1560,15,406,21,1966,California
San Benito,2021-01-19,153,2525,66,1299,87,1226,0,0,125,1657,28,434,125,2091,California
San Benito,2021-01-20,278,2803,96,1395,182,1408,0,0,231,1842,46,480,231,2322,California
San Benito,2021-01-21,127,2930,33,1428,94,1502,0,0,103,1921,24,504,103,2425,California
San Benito,2021-01-22,238,3168,19,1447,219,1721,0,0,228,2139,10,514,228,2653,California
San Benito,2021-01-23,28,3196,15,1462,13,1734,0,0,12,2135,16,530,12,2665,California
San Benito,2021-01-24,8,3204,3,1465,5,1739,0,0,4,2135,4,534,4,2669,California
San Benito,2021-01-25,65,3269,24,1489,41,1780,0,0,19,2108,46,580,19,2688,California
San Benito,2021-01-26,138,3407,41,1530,97,1877,0,0,85,2140,53,633,85,2773,California
San Benito,2021-01-27,232,3639,70,1600,162,2039,0,0,191,2290,41,674,191,2964,California
San Benito,2021-01-28,150,3789,31,1631,119,2158,0,0,122,2385,27,701,122,3086,California
San Benito,2021-01-29,298,4087,35,1666,263,2421,0,0,272,2632,25,726,272,3358,California
San Benito,2021-01-30,52,4139,33,1699,19,2440,0,0,28,2636,24,750,28,3386,California
San Benito,2021-01-31,15,4154,4,1703,11,2451,0,0,10,2641,5,755,10,3396,California
San Benito,2021-02-01,134,4288,28,1731,106,2557,0,0,92,2691,42,797,92,3488,California
San Benito,2021-02-02,230,4518,49,1780,181,2738,0,0,138,2737,92,889,138,3626,California
San Benito,2021-02-03,343,4861,44,1824,299,3037,0,0,273,2940,70,959,273,3899,California
San Benito,2021-02-04,168,5029,25,1849,143,3180,0,0,122,3016,46,1005,122,4021,California
San Benito,2021-02-05,302,5331,43,1892,259,3439,0,0,237,3188,65,1070,237,4258,California
San Benito,2021-02-06,49,5380,8,1900,41,3480,0,0,33,3205,16,1086,33,4291,California
San Benito,2021-02-07,18,5398,8,1908,10,3490,0,0,17,3221,1,1087,17,4308,California
San Benito,2021-02-08,139,5537,15,1923,124,3614,0,0,92,3266,47,1134,92,4400,California
San Benito,2021-02-09,326,5863,61,1984,265,3879,0,0,193,3326,133,1267,193,4593,California
San Benito,2021-02-10,323,6186,88,2072,235,4114,0,0,114,3232,208,1475,114,4707,California
San Benito,2021-02-11,301,6487,32,2104,269,4383,0,0,200,3331,101,1576,200,4907,California
San Benito,2021-02-12,421,6908,31,2135,390,4773,0,0,213,3337,207,1783,213,5120,California
San Benito,2021-02-13,58,6966,6,2141,52,4825,0,0,47,3373,11,1794,47,5167,California
San Benito,2021-02-14,41,7007,5,2146,36,4861,0,0,31,3394,10,1804,31,5198,California
San Benito,2021-02-15,110,7117,10,2156,100,4961,0,0,99,3482,11,1815,99,5297,California
San Benito,2021-02-16,211,7328,11,2167,200,5161,0,0,106,3484,105,1920,107,5404,California
San Benito,2021-02-17,335,7663,32,2199,303,5464,0,0,285,3719,50,1970,285,5689,California
San Benito,2021-02-18,294,7957,40,2239,254,5718,0,0,69,3563,225,2195,69,5758,California
San Benito,2021-02-19,354,8311,50,2289,304,6022,0,0,183,3575,171,2366,183,5941,California
San Benito,2021-02-20,47,8358,24,2313,23,6045,0,0,37,3602,10,2376,37,5978,California
San Benito,2021-02-21,24,8382,11,2324,13,6058,0,0,17,3612,7,2383,17,5995,California
San Benito,2021-02-22,131,8513,31,2355,100,6158,0,0,96,3674,34,2417,96,6091,California
San Benito,2021-02-23,376,8889,94,2449,282,6440,0,0,261,3820,115,2532,261,6352,California
San Benito,2021-02-24,388,9277,72,2521,316,6756,0,0,248,3928,140,2672,248,6600,California
San Benito,2021-02-25,397,9674,70,2591,327,7083,0,0,274,4077,125,2797,274,6874,California
San Benito,2021-02-26,663,10337,76,2667,587,7670,0,0,412,4238,251,3048,412,7286,California
San Benito,2021-02-27,114,10451,46,2713,68,7738,0,0,95,4314,19,3067,95,7381,California
San Benito,2021-02-28,255,10706,30,2743,225,7963,0,0,244,4547,11,3078,244,7625,California
San Benito,2021-03-01,232,10938,60,2803,172,8135,0,0,161,4636,72,3150,161,7786,California
San Benito,2021-03-02,286,11224,93,2896,193,8328,0,0,215,4780,71,3221,215,8001,California
San Benito,2021-03-03,409,11633,63,2959,346,8674,0,0,232,4837,175,3396,232,8233,California
San Benito,2021-03-04,622,12255,128,3087,479,9153,15,15,437,5093,185,3581,441,8674,California
San Benito,2021-03-05,595,12850,312,3399,271,9424,12,27,378,5268,215,3796,390,9064,California
San Benito,2021-03-06,205,13055,74,3473,117,9541,14,41,152,5381,53,3849,166,9230,California
San Benito,2021-03-07,644,13699,599,4072,22,9563,23,64,611,5982,33,3882,634,9864,California
San Benito,2021-03-08,291,13990,67,4139,177,9740,47,111,168,6074,123,4005,215,10079,California
San Benito,2021-03-09,431,14421,87,4226,245,9985,99,210,143,6002,287,4292,215,10294,California
San Benito,2021-03-10,412,14833,122,4348,194,10179,96,306,236,6158,176,4468,332,10626,California
San Benito,2021-03-11,477,15310,124,4472,198,10377,155,461,209,6254,268,4736,364,10990,California
San Benito,2021-03-12,527,15837,123,4595,308,10685,96,557,230,6286,295,5031,327,11317,California
San Benito,2021-03-13,201,16038,99,4694,83,10768,19,576,128,6363,70,5101,147,11464,California
San Benito,2021-03-14,231,16269,39,4733,172,10940,20,596,179,6511,51,5152,199,11663,California
San Benito,2021-03-15,325,16594,98,4831,208,11148,19,615,193,6591,132,5284,212,11875,California
San Benito,2021-03-16,508,17102,223,5054,253,11401,32,647,354,6821,154,5438,384,12259,California
San Benito,2021-03-17,805,17907,483,5537,300,11701,22,669,566,7166,235,5673,580,12839,California
San Benito,2021-03-18,790,18697,534,6071,203,11904,53,722,576,7573,213,5886,620,13459,California
San Benito,2021-03-19,778,19475,405,6476,349,12253,24,746,573,7964,205,6091,596,14055,California
San Benito,2021-03-20,247,19722,152,6628,84,12337,11,757,186,8100,61,6152,197,14252,California
San Benito,2021-03-21,111,19833,58,6686,49,12386,4,761,82,8157,29,6181,86,14338,California
San Benito,2021-03-22,357,20190,176,6862,156,12542,25,786,225,8275,132,6313,250,14588,California
San Benito,2021-03-23,482,20672,203,7065,269,12811,10,796,223,8248,259,6572,232,14820,California
San Benito,2021-03-24,586,21258,311,7376,268,13079,7,803,360,8390,225,6797,367,15187,California
San Benito,2021-03-25,752,22010,448,7824,300,13379,4,807,449,8544,299,7096,453,15640,California
San Benito,2021-03-26,1034,23044,532,8356,498,13877,4,811,342,8199,691,7787,346,15986,California
San Benito,2021-03-27,350,23394,198,8554,119,13996,33,844,223,8328,127,7914,256,16242,California
San Benito,2021-03-28,731,24125,603,9157,122,14118,6,850,132,7867,599,8513,138,16380,California
San Benito,2021-03-29,343,24468,109,9266,214,14332,20,870,142,7827,201,8714,161,16541,California
San Benito,2021-03-30,596,25064,284,9550,215,14547,97,967,303,7934,293,9007,400,16941,California
San Benito,2021-03-31,607,25671,375,9925,208,14755,24,991,344,8042,260,9267,368,17309,California
San Benito,2021-04-01,964,26635,387,10312,537,15292,40,1031,570,8253,393,9660,604,17913,California
San Benito,2021-04-02,542,27177,261,10573,145,15437,136,1167,268,8384,273,9933,404,18317,California
San Benito,2021-04-03,261,27438,87,10660,109,15546,65,1232,74,8336,187,10120,139,18456,California
San Benito,2021-04-04,142,27580,106,10766,30,15576,6,1238,104,8408,38,10158,110,18566,California
San Benito,2021-04-05,365,27945,175,10941,147,15723,43,1281,153,8391,212,10370,195,18761,California
San Benito,2021-04-06,469,28414,163,11104,125,15848,181,1462,159,8420,310,10680,339,19100,California
San Benito,2021-04-07,952,29366,528,11632,232,16080,192,1654,267,8196,683,11363,459,19559,California
San Benito,2021-04-08,867,30233,432,12064,181,16261,254,1908,226,8036,640,12003,480,20039,California
San Benito,2021-04-09,854,31087,505,12569,256,16517,93,2001,297,7871,556,12559,391,20430,California
San Benito,2021-04-10,360,31447,217,12786,80,16597,63,2064,201,7976,159,12718,264,20694,California
San Benito,2021-04-11,479,31926,275,13061,169,16766,35,2099,272,8055,207,12925,286,20980,California
San Benito,2021-04-12,543,32469,288,13349,136,16902,119,2218,282,8192,260,13185,397,21377,California
San Benito,2021-04-13,754,33223,294,13643,437,17339,23,2241,522,8507,231,13416,546,21923,California
San Benito,2021-04-14,852,34075,671,14314,181,17520,0,2241,402,8465,444,13860,402,22325,California
San Benito,2021-04-15,962,35037,748,15062,213,17733,1,2242,484,8474,477,14337,486,22811,California
San Benito,2021-04-16,712,35749,373,15435,327,18060,12,2254,300,8379,409,14746,314,23125,California
San Benito,2021-04-17,323,36072,226,15661,97,18157,0,2254,130,8314,195,14941,130,23255,California
San Benito,2021-04-18,506,36578,422,16083,84,18241,0,2254,245,8300,261,15202,247,23502,California
San Benito,2021-04-19,747,37325,599,16682,148,18389,0,2254,426,8408,320,15522,428,23930,California
San Benito,2021-04-20,790,38115,416,17098,372,18761,2,2256,499,8622,286,15808,500,24430,California
San Benito,2021-04-21,965,39080,707,17805,258,19019,0,2256,528,8727,423,16231,528,24958,California
San Benito,2021-04-22,909,39989,692,18497,217,19236,0,2256,572,8970,329,16560,572,25530,California
San Benito,2021-04-23,638,40627,401,18898,236,19472,1,2257,347,9074,243,16803,347,25877,California
San Benito,2021-04-24,363,40990,200,19098,163,19635,0,2257,169,9088,155,16958,169,26046,California
San Benito,2021-04-25,204,41194,127,19225,77,19712,0,2257,94,9090,92,17050,94,26140,California
San Benito,2021-04-26,497,41691,394,19619,103,19815,0,2257,261,9176,175,17225,261,26401,California
San Benito,2021-04-27,558,42249,283,19902,267,20082,8,2265,411,9458,137,17362,419,26820,California
San Benito,2021-04-28,557,42806,391,20293,157,20239,9,2274,395,9704,157,17519,403,27223,California
San Benito,2021-04-29,634,43440,235,20528,390,20629,9,2283,256,9608,378,17897,282,27505,California
San Benito,2021-04-30,379,43819,209,20737,162,20791,8,2291,205,9649,172,18069,213,27718,California
San Benito,2021-05-01,205,44024,149,20886,47,20838,9,2300,67,9589,136,18205,76,27794,California
San Benito,2021-05-02,193,44217,165,21051,24,20862,4,2304,58,9516,135,18340,62,27856,California
San Benito,2021-05-03,369,44586,289,21340,70,20932,10,2314,92,9343,277,18617,104,27960,California
San Benito,2021-05-04,404,44990,243,21583,153,21085,8,2322,150,9248,252,18869,157,28117,California
San Benito,2021-05-05,609,45599,426,22009,166,21251,17,2339,210,9079,396,19265,227,28344,California
San Benito,2021-05-06,623,46222,493,22502,114,21365,16,2355,224,8924,395,19660,240,28584,California
San Benito,2021-05-07,454,46676,285,22787,158,21523,11,2366,176,8836,276,19936,188,28772,California
San Benito,2021-05-08,278,46954,224,23011,48,21571,6,2372,155,8874,123,20059,161,28933,California
San Benito,2021-05-09,104,47058,78,23089,23,21594,3,2375,48,8869,56,20115,51,28984,California
San Benito,2021-05-10,422,47480,331,23420,67,21661,24,2399,54,8580,368,20483,79,29063,California
San Benito,2021-05-11,825,48305,414,23834,395,22056,16,2415,184,8142,639,21122,201,29264,California
San Benito,2021-05-12,497,48802,391,24225,93,22149,13,2428,116,7892,380,21502,130,29394,California
San Benito,2021-05-13,693,49495,591,24816,91,22240,11,2439,178,7568,512,22014,188,29582,California
San Benito,2021-05-14,597,50092,443,25259,147,22387,7,2446,231,7441,365,22379,238,29820,California
San Benito,2021-05-15,229,50321,172,25431,51,22438,6,2452,127,7472,102,22481,133,29953,California
San Benito,2021-05-16,170,50491,141,25572,27,22465,2,2454,93,7490,77,22558,95,30048,California
San Benito,2021-05-17,389,50880,313,25885,66,22531,10,2464,177,7467,210,22768,187,30235,California
San Benito,2021-05-18,683,51563,360,26245,318,22849,5,2469,213,7216,470,23238,219,30454,California
San Benito,2021-05-19,577,52140,418,26663,151,23000,8,2477,230,7107,347,23585,238,30692,California
San Benito,2021-05-20,596,52736,468,27131,117,23117,11,2488,314,7151,281,23866,325,31017,California
San Benito,2021-05-21,476,53212,280,27411,179,23296,17,2505,217,7128,257,24123,234,31251,California
San Benito,2021-05-22,299,53511,224,27635,70,23366,5,2510,182,7201,115,24238,188,31439,California
San Benito,2021-05-23,92,53603,54,27689,34,23400,4,2514,34,7180,58,24296,37,31476,California
San Benito,2021-05-24,302,53905,254,27943,41,23441,7,2521,186,7257,116,24412,193,31669,California
San Benito,2021-05-25,527,54432,242,28185,278,23719,7,2528,172,7083,353,24765,179,31848,California
San Benito,2021-05-26,313,54745,193,28378,113,23832,7,2535,131,7039,181,24946,137,31985,California
San Benito,2021-05-27,413,55158,315,28693,74,23906,24,2559,153,6959,260,25206,180,32165,California
San Benito,2021-05-28,290,55448,177,28870,106,24012,7,2566,111,6899,178,25384,118,32283,California
San Benito,2021-05-29,146,55594,124,28994,20,24032,2,2568,62,6879,84,25468,64,32347,California
San Benito,2021-05-30,268,55862,253,29247,15,24047,0,2568,93,6798,174,25642,93,32440,California
San Benito,2021-05-31,101,55963,88,29335,11,24058,2,2570,44,6788,56,25698,46,32486,California
San Benito,2021-06-01,269,56232,122,29457,121,24179,26,2596,99,6743,169,25867,124,32610,California
San Benito,2021-06-02,324,56556,245,29702,77,24256,2,2598,120,6663,203,26070,123,32733,California
San Benito,2021-06-03,341,56897,291,29993,44,24300,6,2604,134,6599,204,26274,140,32873,California
San Benito,2021-06-04,272,57169,202,30195,70,24370,0,2604,88,6504,183,26457,88,32961,California
San Benito,2021-06-05,92,57261,74,30269,17,24387,1,2605,19,6452,72,26529,20,32981,California
San Benito,2021-06-06,60,57321,49,30318,8,24395,3,2608,15,6425,45,26574,18,32999,California
San Benito,2021-06-07,337,57658,297,30615,35,24430,5,2613,87,6269,248,26822,92,33091,California
San Benito,2021-06-08,309,57967,217,30832,77,24507,15,2628,98,6172,210,27032,113,33204,California
San Benito,2021-06-09,243,58210,187,31019,48,24555,8,2636,72,6081,171,27203,80,33284,California
San Benito,2021-06-10,361,58571,330,31349,24,24579,7,2643,72,5875,285,27488,79,33363,California
San Benito,2021-06-11,258,58829,230,31579,20,24599,8,2651,91,5808,166,27654,99,33462,California
San Benito,2021-06-12,158,58987,144,31723,10,24609,4,2655,48,5765,95,27749,52,33514,California
San Benito,2021-06-13,51,59038,39,31762,10,24619,2,2657,16,5755,28,27777,18,33532,California
San Benito,2021-06-14,172,59210,146,31908,24,24643,2,2659,59,5704,112,27889,61,33593,California
San Benito,2021-06-15,221,59431,128,32036,87,24730,6,2665,76,5644,143,28032,83,33676,California
San Benito,2021-06-16,213,59644,170,32206,29,24759,14,2679,74,5594,138,28170,88,33764,California
San Benito,2021-06-17,244,59888,204,32410,18,24777,22,2701,76,5525,168,28338,99,33863,California
San Benito,2021-06-18,101,59989,52,32462,42,24819,7,2708,36,5503,65,28403,43,33906,California
San Bernardino,2020-12-15,13,13,13,13,0,0,0,0,13,13,0,0,13,13,California
San Bernardino,2020-12-16,114,127,114,127,0,0,0,0,114,127,0,0,114,127,California
San Bernardino,2020-12-17,2379,2506,2379,2506,0,0,0,0,2379,2506,0,0,2379,2506,California
San Bernardino,2020-12-18,3175,5681,3172,5678,3,3,0,0,3176,5682,0,0,3176,5682,California
San Bernardino,2020-12-19,1083,6764,1082,6760,1,4,0,0,1084,6766,0,0,1084,6766,California
San Bernardino,2020-12-20,1178,7942,1175,7935,3,7,0,0,1178,7944,0,0,1178,7944,California
San Bernardino,2020-12-21,2472,10414,2466,10401,6,13,0,0,2472,10416,0,0,2472,10416,California
San Bernardino,2020-12-22,2289,12703,2159,12560,130,143,0,0,2289,12705,0,0,2289,12705,California
San Bernardino,2020-12-23,2686,15389,1479,14039,1207,1350,0,0,2685,15390,0,0,2685,15390,California
San Bernardino,2020-12-24,1173,16562,594,14633,579,1929,0,0,1173,16562,1,1,1173,16563,California
San Bernardino,2020-12-25,75,16637,15,14648,60,1989,0,0,75,16637,0,1,75,16638,California
San Bernardino,2020-12-26,465,17102,254,14902,211,2200,0,0,465,17102,0,1,465,17103,California
San Bernardino,2020-12-27,350,17452,163,15065,187,2387,0,0,349,17450,1,2,349,17452,California
San Bernardino,2020-12-28,1589,19041,722,15787,867,3254,0,0,1590,19040,0,2,1590,19042,California
San Bernardino,2020-12-29,2229,21270,1048,16835,1181,4435,0,0,2229,21269,0,2,2229,21271,California
San Bernardino,2020-12-30,2908,24178,1462,18297,1446,5881,0,0,2908,24177,0,2,2908,24179,California
San Bernardino,2020-12-31,1378,25556,442,18739,936,6817,0,0,1376,25553,0,2,1376,25555,California
San Bernardino,2021-01-01,287,25843,152,18891,135,6952,0,0,286,25839,0,2,286,25841,California
San Bernardino,2021-01-02,486,26329,344,19235,142,7094,0,0,486,26325,0,2,486,26327,California
San Bernardino,2021-01-03,139,26468,86,19321,53,7147,0,0,139,26464,0,2,139,26466,California
San Bernardino,2021-01-04,2147,28615,1300,20621,847,7994,0,0,2146,28610,0,2,2146,28612,California
San Bernardino,2021-01-05,2347,30962,1466,22087,881,8875,0,0,2236,30736,110,112,2236,30848,California
San Bernardino,2021-01-06,3472,34434,2371,24458,1101,9976,0,0,2970,33211,496,608,2971,33819,California
San Bernardino,2021-01-07,5457,39891,4526,28984,931,10907,0,0,2498,32769,2940,3548,2498,36317,California
San Bernardino,2021-01-08,5385,45276,4459,33443,926,11833,0,0,2290,31970,3090,6638,2291,38608,California
San Bernardino,2021-01-09,1407,46683,1101,34544,306,12139,0,0,906,32375,501,7139,906,39514,California
San Bernardino,2021-01-10,1023,47706,597,35141,426,12565,0,0,575,32502,448,7587,575,40089,California
San Bernardino,2021-01-11,4998,52704,4089,39230,909,13474,0,0,2772,33052,2222,9809,2772,42861,California
San Bernardino,2021-01-12,4256,56960,3226,42456,1030,14504,0,0,2520,33840,1732,11541,2520,45381,California
San Bernardino,2021-01-13,4621,61581,2878,45334,1743,16247,0,0,3380,35991,1230,12771,3381,48762,California
San Bernardino,2021-01-14,4874,66455,2882,48216,1992,18239,0,0,4279,39679,591,13362,4279,53041,California
San Bernardino,2021-01-15,6061,72516,3020,51236,3041,21280,0,0,5659,44947,394,13756,5662,58703,California
San Bernardino,2021-01-16,2277,74793,1295,52531,982,22262,0,0,2132,46934,145,13901,2132,60835,California
San Bernardino,2021-01-17,1190,75983,507,53038,683,22945,0,0,1107,47960,82,13983,1108,61943,California
San Bernardino,2021-01-18,4281,80264,2646,55684,1635,24580,0,0,3658,50997,623,14606,3660,65603,California
San Bernardino,2021-01-19,6368,86632,3731,59415,2637,27217,0,0,5269,55171,1097,15703,5271,70874,California
San Bernardino,2021-01-20,6906,93538,3792,63207,3114,30331,0,0,4938,58152,1959,17662,4940,75814,California
San Bernardino,2021-01-21,6042,99580,3109,66316,2933,33264,0,0,4915,61955,1119,18781,4922,80736,California
San Bernardino,2021-01-22,6586,106166,3079,69395,3507,36771,0,0,5858,67088,726,19507,5859,86595,California
San Bernardino,2021-01-23,3145,109311,1909,71304,1236,38007,0,0,2747,69438,397,19904,2747,89342,California
San Bernardino,2021-01-24,1211,110522,463,71767,748,38755,0,0,1106,70439,105,20009,1106,90448,California
San Bernardino,2021-01-25,6916,117438,3418,75185,3498,42253,0,0,5062,73653,1851,21860,5065,95513,California
San Bernardino,2021-01-26,7069,124507,3497,78682,3572,45825,0,0,4954,76493,2115,23975,4955,100468,California
San Bernardino,2021-01-27,8581,133088,4173,82855,4408,50233,0,0,5752,79424,2821,26796,5752,106220,California
San Bernardino,2021-01-28,8628,141716,4085,86940,4543,54776,0,0,6288,83377,2335,29131,6288,112508,California
San Bernardino,2021-01-29,8253,149969,3786,90726,4467,59243,0,0,6261,87666,1978,31109,6267,118775,California
San Bernardino,2021-01-30,3106,153075,1893,92619,1213,60456,0,0,2811,90185,293,31402,2812,121587,California
San Bernardino,2021-01-31,939,154014,493,93112,446,60902,0,0,882,91011,56,31458,882,122469,California
San Bernardino,2021-02-01,7611,161625,4257,97369,3354,64256,0,0,4970,93344,2638,34096,4971,127440,California
San Bernardino,2021-02-02,10510,172135,3666,101035,6844,71100,0,0,8434,99710,2072,36168,8438,135878,California
San Bernardino,2021-02-03,9059,181194,4165,105200,4894,75994,0,0,6540,103740,2512,38680,6542,142420,California
San Bernardino,2021-02-04,10534,191728,5177,110377,5357,81351,0,0,7428,108074,3095,41775,7429,149849,California
San Bernardino,2021-02-05,11133,202861,5977,116354,5156,86507,0,0,7533,112020,3588,45363,7534,157383,California
San Bernardino,2021-02-06,5312,208173,2234,118588,3078,89585,0,0,3673,114081,1615,46978,3676,161059,California
San Bernardino,2021-02-07,851,209024,497,119085,354,89939,0,0,474,114182,374,47352,475,161534,California
San Bernardino,2021-02-08,7329,216353,3908,122993,3421,93360,0,0,5648,118151,1680,49032,5649,167183,California
San Bernardino,2021-02-09,10195,226548,5934,128927,4261,97621,0,0,6877,121715,3316,52348,6880,174063,California
San Bernardino,2021-02-10,12145,238693,6485,135412,5660,103281,0,0,8010,125599,4127,56475,8011,182074,California
San Bernardino,2021-02-11,12514,251207,7184,142596,5330,108611,0,0,7969,129052,4519,60994,7972,190046,California
San Bernardino,2021-02-12,10527,261734,5981,148577,4546,113157,0,0,5755,130055,4755,65749,5758,195804,California
San Bernardino,2021-02-13,6080,267814,4046,152623,2034,115191,0,0,3817,131630,2247,67996,3822,199626,California
San Bernardino,2021-02-14,1565,269379,658,153281,907,116098,0,0,885,131843,673,68669,886,200512,California
San Bernardino,2021-02-15,5496,274875,3003,156284,2493,118591,0,0,3074,132507,2410,71079,3074,203586,California
San Bernardino,2021-02-16,12607,287482,7343,163627,5264,123855,0,0,7975,135867,4619,75698,7979,211565,California
San Bernardino,2021-02-17,11855,299337,6483,170110,5372,129227,0,0,7167,138371,4668,80366,7172,218737,California
San Bernardino,2021-02-18,12516,311853,7607,177717,4909,134136,0,0,7718,141308,4783,85149,7720,226457,California
San Bernardino,2021-02-19,11644,323497,5983,183700,5661,139797,0,0,6903,143492,4721,89870,6905,233362,California
San Bernardino,2021-02-20,4542,328039,3480,187180,1062,140859,0,0,2055,143068,2482,92352,2058,235420,California
San Bernardino,2021-02-21,1160,329199,700,187880,460,141319,0,0,415,142739,745,93097,416,235836,California
San Bernardino,2021-02-22,8711,337910,5367,193247,3344,144663,0,0,4061,142162,4639,97736,4062,239898,California
San Bernardino,2021-02-23,9215,347125,5476,198723,3739,148402,0,0,4659,142296,4531,102267,4665,244563,California
San Bernardino,2021-02-24,12521,359646,7200,205923,5321,153723,0,0,6192,142185,6309,108576,6198,250761,California
San Bernardino,2021-02-25,13175,372821,6328,212251,6847,160570,0,0,7679,144390,5478,114054,7683,258444,California
San Bernardino,2021-02-26,13726,386547,6401,218652,7325,167895,0,0,7664,146064,5999,120053,7673,266117,California
San Bernardino,2021-02-27,6708,393255,3758,222410,2949,170844,1,1,4827,149026,1870,121923,4832,270949,California
San Bernardino,2021-02-28,1787,395042,747,223157,1040,171884,0,1,1142,149533,637,122560,1144,272093,California
San Bernardino,2021-03-01,8503,403545,4382,227539,4117,176001,4,5,3865,148801,4612,127172,3880,275973,California
San Bernardino,2021-03-02,13929,417474,5573,233112,8356,184357,0,5,6562,148037,7336,134508,6572,282545,California
San Bernardino,2021-03-03,13116,430590,6670,239782,6443,190800,3,8,6198,147351,6896,141404,6210,288755,California
San Bernardino,2021-03-04,14032,444622,6970,246752,7061,197861,1,9,6096,145542,7914,149318,6105,294860,California
San Bernardino,2021-03-05,14486,459108,7564,254316,6920,204781,2,11,7057,145225,7396,156714,7079,301939,California
San Bernardino,2021-03-06,9779,468887,5479,259795,4075,208856,225,236,4569,144825,5192,161906,4792,306731,California
San Bernardino,2021-03-07,1686,470573,1025,260820,590,209446,71,307,1063,145341,621,162527,1137,307868,California
San Bernardino,2021-03-08,8143,478716,3602,264422,4370,213816,171,478,3622,144627,4512,167039,3798,311666,California
San Bernardino,2021-03-09,13124,491840,7491,271913,5382,219198,251,729,5289,142350,7820,174859,5543,317209,California
San Bernardino,2021-03-10,14267,506107,7875,279788,5835,225033,557,1286,6398,141465,7842,182701,6957,324166,California
San Bernardino,2021-03-11,15691,521798,7269,287057,6818,231851,1604,2890,7414,142227,8254,190955,9016,333182,California
San Bernardino,2021-03-12,15610,537408,6965,294022,6598,238449,2047,4937,7374,143489,8205,199160,9467,342649,California
San Bernardino,2021-03-13,8448,545856,4591,298613,3329,241778,528,5465,5002,145587,3435,202595,5533,348182,California
San Bernardino,2021-03-14,3325,549181,1689,300302,1052,242830,584,6049,1853,146555,1465,204060,2433,350615,California
San Bernardino,2021-03-15,11466,560647,5403,305705,4031,246861,2032,8081,5633,148397,5818,209878,7660,358275,California
San Bernardino,2021-03-16,16295,576942,8067,313772,7287,254148,941,9022,9946,152971,6321,216199,10895,369170,California
San Bernardino,2021-03-17,17509,594451,8711,322483,8049,262197,749,9771,10616,157462,6874,223073,11365,380535,California
San Bernardino,2021-03-18,16719,611170,8281,330764,8052,270249,386,10157,9876,160907,6815,229888,10260,390795,California
San Bernardino,2021-03-19,17063,628233,8460,339224,8002,278251,601,10758,9786,164096,7249,237137,10438,401233,California
San Bernardino,2021-03-20,9531,637764,6001,345225,2931,281182,599,11357,5647,166478,3858,240995,6240,407473,California
San Bernardino,2021-03-21,2822,640586,2296,347521,474,281656,52,11409,2267,168255,542,241537,2319,409792,California
San Bernardino,2021-03-22,9666,650252,4546,352067,4682,286338,438,11847,7005,173058,2640,244177,7443,417235,California
San Bernardino,2021-03-23,15581,665833,8833,360900,6126,292464,622,12469,9637,177395,5921,250098,10258,427493,California
San Bernardino,2021-03-24,15242,681075,7852,368752,7083,299547,307,12776,10107,182711,5099,255197,10415,437908,California
San Bernardino,2021-03-25,17109,698184,8392,377144,8412,307959,305,13081,10825,187603,6232,261429,11124,449032,California
San Bernardino,2021-03-26,18267,716451,8693,385837,8804,316763,770,13851,10917,191975,7317,268746,11689,460721,California
San Bernardino,2021-03-27,10913,727364,7035,392872,3119,319882,759,14610,6217,194273,4676,273422,6974,467695,California
San Bernardino,2021-03-28,3654,731018,2568,395440,972,320854,114,14724,2532,195807,1112,274534,2646,470341,California
San Bernardino,2021-03-29,11837,742855,6147,401587,5289,326143,401,15125,7985,200360,3833,278367,8386,478727,California
San Bernardino,2021-03-30,17044,759899,9505,411092,6821,332964,718,15843,10553,205168,6454,284821,11262,489989,California
San Bernardino,2021-03-31,16660,776559,9389,420481,6631,339595,640,16483,10893,210964,5734,290555,11530,501519,California
San Bernardino,2021-04-01,19908,796467,10515,430996,7962,347557,1431,17914,12764,218053,7097,297652,14186,515705,California
San Bernardino,2021-04-02,18966,815433,9559,440555,8114,355671,1293,19207,11458,223366,7479,305131,12792,528497,California
San Bernardino,2021-04-03,11211,826644,7006,447561,3060,358731,1145,20352,6095,225502,5097,310228,7233,535730,California
San Bernardino,2021-04-04,2519,829163,1515,449076,752,359483,252,20604,1270,225783,1241,311469,1522,537252,California
San Bernardino,2021-04-05,11839,841002,5326,454402,4774,364257,1739,22343,6037,227773,5780,317249,7770,545022,California
San Bernardino,2021-04-06,19838,860840,11159,465561,6557,370814,2122,24465,10478,231049,9313,326562,12589,557611,California
San Bernardino,2021-04-07,21124,881964,11298,476859,7328,378142,2498,26963,11518,235476,9576,336138,14003,571614,California
San Bernardino,2021-04-08,22069,904033,11297,488156,8140,386282,2632,29595,12129,240316,9911,346049,14751,586365,California
San Bernardino,2021-04-09,21917,925950,11167,499323,8165,394447,2585,32180,11926,244862,9952,356001,14498,600863,California
San Bernardino,2021-04-10,15821,941771,8192,507515,3887,398334,3742,35922,7846,248484,7951,363952,11573,612436,California
San Bernardino,2021-04-11,4481,946252,2605,510120,899,399233,977,36899,2049,249077,2426,366378,3019,615455,California
San Bernardino,2021-04-12,13554,959806,6258,516378,5627,404860,1669,38568,6415,250041,7116,373494,8080,623535,California
San Bernardino,2021-04-13,19509,979315,11133,527511,8357,413217,19,38587,11191,252965,8289,381783,11213,634748,California
San Bernardino,2021-04-14,19530,998845,10450,537961,9077,422294,3,38590,11022,255528,8473,390256,11036,645784,California
San Bernardino,2021-04-15,20606,1019451,11528,549489,9072,431366,6,38596,10971,256918,9595,399851,10985,656769,California
San Bernardino,2021-04-16,18905,1038356,10730,560219,8174,439540,1,38597,9302,256686,9558,409409,9326,666095,California
San Bernardino,2021-04-17,12097,1050453,7972,568191,4125,443665,0,38597,6335,257319,5723,415132,6356,672451,California
San Bernardino,2021-04-18,2969,1053422,2044,570235,925,444590,0,38597,1320,257005,1637,416769,1323,673774,California
San Bernardino,2021-04-19,12658,1066080,6755,576990,5903,450493,0,38597,4934,254255,7699,424468,4949,678723,California
San Bernardino,2021-04-20,17747,1083827,9881,586871,7863,458356,3,38600,8111,252780,9608,434076,8133,686856,California
San Bernardino,2021-04-21,18199,1102026,10373,597244,7823,466179,3,38603,7979,250612,10158,444234,7990,694846,California
San Bernardino,2021-04-22,19291,1121317,11010,608254,8277,474456,4,38607,7841,247063,11397,455631,7848,702694,California
San Bernardino,2021-04-23,18564,1139881,10616,618870,7947,482403,1,38608,8066,244684,10448,466079,8069,710763,California
San Bernardino,2021-04-24,12913,1152794,9518,628388,3393,485796,2,38610,6937,245664,5959,472038,6939,717702,California
San Bernardino,2021-04-25,3430,1156224,2245,630633,1185,486981,0,38610,1686,245623,1729,473767,1688,719390,California
San Bernardino,2021-04-26,11174,1167398,6012,636645,5072,492053,90,38700,4781,244142,6353,480120,4872,724262,California
San Bernardino,2021-04-27,16567,1183965,9973,646618,6383,498436,211,38911,6803,241436,9720,489840,7014,731276,California
San Bernardino,2021-04-28,14770,1198735,8760,655378,5733,504169,277,39188,5298,237557,9446,499286,5567,736843,California
San Bernardino,2021-04-29,16273,1215008,9350,664728,6654,510823,269,39457,5390,232365,10847,510133,5655,742498,California
San Bernardino,2021-04-30,16607,1231615,10477,675205,5849,516672,281,39738,6111,228298,10457,520590,6390,748888,California
San Bernardino,2021-05-01,10809,1242424,8451,683656,2042,518714,316,40054,3731,225270,7071,527661,4043,752931,California
San Bernardino,2021-05-02,2944,1245368,2126,685782,687,519401,131,40185,1047,224559,1888,529549,1177,754108,California
San Bernardino,2021-05-03,10067,1255435,5769,691551,3892,523293,406,40591,2904,220720,7149,536698,3310,757418,California
San Bernardino,2021-05-04,15728,1271163,9562,701113,5711,529004,455,41046,4576,214639,11109,547807,5028,762446,California
San Bernardino,2021-05-05,15362,1286525,8839,709952,6112,535116,411,41457,4324,208379,10990,558797,4730,767176,California
San Bernardino,2021-05-06,15825,1302350,9022,718974,6390,541506,413,41870,4299,201604,11486,570283,4711,771887,California
San Bernardino,2021-05-07,15493,1317843,8698,727672,6420,547926,375,42245,4641,195821,10795,581078,5012,776899,California
San Bernardino,2021-05-08,9288,1327131,6151,733823,2869,550795,268,42513,3162,193159,6092,587170,3430,780329,California
San Bernardino,2021-05-09,1836,1328967,1135,734958,612,551407,89,42602,736,192891,1093,588263,825,781154,California
San Bernardino,2021-05-10,7478,1336445,3425,738383,3737,555144,316,42918,2289,190347,5146,593409,2602,783756,California
San Bernardino,2021-05-11,12183,1348628,6720,745103,5111,560255,352,43270,3844,186245,8299,601708,4197,787953,California
San Bernardino,2021-05-12,12687,1361315,6887,751990,5484,565739,316,43586,3755,181429,8885,610593,4069,792022,California
San Bernardino,2021-05-13,13261,1374576,7988,759978,4929,570668,344,43930,5220,178990,7998,618591,5559,797581,California
San Bernardino,2021-05-14,13668,1388244,9070,769048,4265,574933,333,44263,5700,177106,7917,626508,6033,803614,California
San Bernardino,2021-05-15,11290,1399534,8371,777419,2731,577664,188,44451,4539,175108,6719,633227,4721,808335,California
San Bernardino,2021-05-16,2795,1402329,2062,779481,670,578334,63,44514,1313,175020,1463,634690,1375,809710,California
San Bernardino,2021-05-17,10053,1412382,6772,786253,2987,581321,294,44808,4522,174335,5498,640188,4813,814523,California
San Bernardino,2021-05-18,13457,1425839,8834,795087,4374,585695,249,45057,6054,173262,7372,647560,6299,820822,California
San Bernardino,2021-05-19,11539,1437378,7214,802301,3945,589640,380,45437,5345,172825,6158,653718,5721,826543,California
San Bernardino,2021-05-20,11587,1448965,6927,809228,4344,593984,316,45753,5209,172011,6339,660057,5525,832068,California
San Bernardino,2021-05-21,12633,1461598,8370,817598,3882,597866,381,46134,5498,170804,7082,667139,5875,837943,California
San Bernardino,2021-05-22,8887,1470485,6648,824246,2030,599896,209,46343,4254,170678,4585,671724,4459,842402,California
San Bernardino,2021-05-23,2307,1472792,1426,825672,788,600684,93,46436,1097,170666,1201,672925,1189,843591,California
San Bernardino,2021-05-24,6619,1479411,4144,829816,2172,602856,303,46739,2903,170198,3674,676599,3206,846797,California
San Bernardino,2021-05-25,9296,1488707,5698,835514,3341,606197,257,46996,4142,169475,5121,681720,4398,851195,California
San Bernardino,2021-05-26,8201,1496908,5204,840718,2748,608945,249,47245,3796,169147,4370,686090,4042,855237,California
San Bernardino,2021-05-27,7625,1504533,4625,845343,2763,611708,237,47482,3496,168790,4089,690179,3732,858969,California
San Bernardino,2021-05-28,8792,1513325,5468,850811,3045,614753,279,47761,4408,169133,4342,694521,4685,863654,California
San Bernardino,2021-05-29,5031,1518356,3349,854160,1566,616319,116,47877,2639,169513,2374,696895,2754,866408,California
San Bernardino,2021-05-30,1756,1520112,1237,855397,436,616755,83,47960,905,169655,845,697740,987,867395,California
San Bernardino,2021-05-31,894,1521006,567,855964,311,617066,16,47976,322,169426,568,698308,339,867734,California
San Bernardino,2021-06-01,8606,1529612,5552,861516,2811,619877,243,48219,3520,168156,5030,703338,3760,871494,California
San Bernardino,2021-06-02,6811,1536423,4288,865804,2285,622162,238,48457,2963,167538,3815,707153,3197,874691,California
San Bernardino,2021-06-03,7922,1544345,5354,871158,2382,624544,186,48643,2775,165376,5123,712276,2961,877652,California
San Bernardino,2021-06-04,9075,1553420,6152,877310,2633,627177,290,48933,3266,163168,5763,718039,3555,881207,California
San Bernardino,2021-06-05,6517,1559937,4976,882286,1416,628593,125,49058,2347,161489,4148,722187,2469,883676,California
San Bernardino,2021-06-06,2020,1561957,1683,883969,273,628866,64,49122,847,161235,1165,723352,911,884587,California
San Bernardino,2021-06-07,6210,1568167,4838,888807,1160,630026,212,49334,1992,159242,4195,727547,2202,886789,California
San Bernardino,2021-06-08,8412,1576579,6110,894917,2085,632111,217,49551,2755,156619,5591,733138,2968,889757,California
San Bernardino,2021-06-09,6978,1583557,4985,899902,1816,633927,177,49728,2301,154468,4630,737768,2479,892236,California
San Bernardino,2021-06-10,7074,1590631,5024,904926,1855,635782,195,49923,2234,152104,4793,742561,2429,894665,California
San Bernardino,2021-06-11,8024,1598655,5663,910589,2136,637918,225,50148,2898,150140,5085,747646,3121,897786,California
San Bernardino,2021-06-12,5903,1604558,4672,915261,1116,639034,115,50263,1746,147869,4134,751780,1863,899649,California
San Bernardino,2021-06-13,1479,1606037,1050,916311,359,639393,70,50333,425,147313,1050,752830,494,900143,California
San Bernardino,2021-06-14,4823,1610860,3496,919807,1132,640525,195,50528,1875,146461,2921,755751,2069,902212,California
San Bernardino,2021-06-15,7141,1618001,5062,924869,1840,642365,239,50767,2574,144751,4518,760269,2808,905020,California
San Bernardino,2021-06-16,6253,1624254,4466,929335,1576,643941,211,50978,2293,143337,3918,764187,2504,907524,California
San Bernardino,2021-06-17,4639,1628893,3043,932378,1464,645405,132,51110,1745,142353,2859,767046,1875,909399,California
San Bernardino,2021-06-18,3598,1632491,2501,934879,937,646342,160,51270,1220,141372,2360,769406,1379,910778,California
San Diego,2020-12-15,119,119,119,119,0,0,0,0,119,119,0,0,119,119,California
San Diego,2020-12-16,1073,1192,1073,1192,0,0,0,0,1073,1192,0,0,1073,1192,California
San Diego,2020-12-17,2321,3513,2321,3513,0,0,0,0,2321,3513,0,0,2321,3513,California
San Diego,2020-12-18,3601,7114,3600,7113,1,1,0,0,3601,7114,0,0,3601,7114,California
San Diego,2020-12-19,2266,9380,2266,9379,0,1,0,0,2266,9380,0,0,2266,9380,California
San Diego,2020-12-20,1146,10526,1145,10524,1,2,0,0,1146,10526,0,0,1146,10526,California
San Diego,2020-12-21,3455,13981,3453,13977,2,4,0,0,3455,13981,0,0,3455,13981,California
San Diego,2020-12-22,4019,18000,3385,17362,634,638,0,0,4019,18000,0,0,4019,18000,California
San Diego,2020-12-23,3149,21149,1954,19316,1195,1833,0,0,3149,21149,0,0,3149,21149,California
San Diego,2020-12-24,2701,23850,2187,21503,514,2347,0,0,2701,23850,0,0,2701,23850,California
San Diego,2020-12-25,857,24707,856,22359,1,2348,0,0,857,24707,0,0,857,24707,California
San Diego,2020-12-26,3195,27902,2127,24486,1068,3416,0,0,3195,27902,0,0,3195,27902,California
San Diego,2020-12-27,2478,30380,1594,26080,884,4300,0,0,2477,30378,1,1,2477,30379,California
San Diego,2020-12-28,5829,36209,4158,30238,1671,5971,0,0,5829,36207,0,1,5829,36208,California
San Diego,2020-12-29,5494,41703,2942,33180,2552,8523,0,0,5494,41701,0,1,5494,41702,California
San Diego,2020-12-30,5845,47548,3045,36225,2800,11323,0,0,5845,47546,0,1,5845,47547,California
San Diego,2020-12-31,2958,50506,1022,37247,1936,13259,0,0,2958,50504,0,1,2958,50505,California
San Diego,2021-01-01,991,51497,442,37689,549,13808,0,0,991,51495,0,1,991,51496,California
San Diego,2021-01-02,3665,55162,1287,38976,2378,16186,0,0,3665,55160,0,1,3665,55161,California
San Diego,2021-01-03,830,55992,621,39597,209,16395,0,0,829,55989,0,1,829,55990,California
San Diego,2021-01-04,3641,59633,2021,41618,1620,18015,0,0,3635,59624,0,1,3635,59625,California
San Diego,2021-01-05,4291,63924,2139,43757,2152,20167,0,0,3711,62770,577,578,3723,63348,California
San Diego,2021-01-06,4825,68749,2245,46002,2580,22747,0,0,3630,65230,1174,1752,3634,66982,California
San Diego,2021-01-07,5537,74286,2926,48928,2611,25358,0,0,3424,66554,2108,3860,3432,70414,California
San Diego,2021-01-08,7779,82065,4879,53807,2900,28258,0,0,4051,66910,3712,7572,4068,74482,California
San Diego,2021-01-09,3415,85480,1905,55712,1510,29768,0,0,1892,67301,1512,9084,1903,76385,California
San Diego,2021-01-10,1844,87324,1276,56988,568,30336,0,0,756,66991,1076,10160,766,77151,California
San Diego,2021-01-11,10189,97513,5790,62778,4399,34735,0,0,6706,70238,3476,13636,6723,83874,California
San Diego,2021-01-12,10993,108506,5252,68030,5741,40476,0,0,7651,74666,3333,16969,7761,91635,California
San Diego,2021-01-13,11278,119784,4982,73012,6296,46772,0,0,8764,80953,2503,19472,8790,100425,California
San Diego,2021-01-14,11950,131734,4513,77525,7437,54209,0,0,9828,88700,2115,21587,9862,110287,California
San Diego,2021-01-15,14781,146515,5228,82753,9553,63762,0,0,12186,98365,2577,24164,12242,122529,California
San Diego,2021-01-16,10525,157040,3546,86299,6979,70741,0,0,9095,106066,1426,25590,9127,131656,California
San Diego,2021-01-17,8469,165509,2429,88728,6040,76781,0,0,7645,112906,824,26414,7664,139320,California
San Diego,2021-01-18,12647,178156,6212,94940,6435,83216,0,0,9839,120031,2777,29191,9902,149222,California
San Diego,2021-01-19,14403,192559,5631,100571,8772,91988,0,0,11310,128522,3083,32274,11574,160796,California
San Diego,2021-01-20,18061,210620,6327,106898,11734,103722,0,0,14761,140188,3280,35554,14946,175742,California
San Diego,2021-01-21,17014,227634,5734,112632,11280,115002,0,0,15651,154629,1354,36908,15795,191537,California
San Diego,2021-01-22,17204,244838,4591,117223,12613,127615,0,0,15210,167943,1980,38888,15294,206831,California
San Diego,2021-01-23,14060,258898,5209,122432,8851,136466,0,0,11798,177552,2251,41139,11860,218691,California
San Diego,2021-01-24,11606,270504,3289,125721,8317,144783,0,0,10645,187281,959,42098,10688,229379,California
San Diego,2021-01-25,11979,282483,5675,131396,6304,151087,0,0,9008,193482,2963,45061,9164,238543,California
San Diego,2021-01-26,14954,297437,7819,139215,7135,158222,0,0,11571,201860,3381,48442,11759,250302,California
San Diego,2021-01-27,20162,317599,7836,147051,12326,170548,0,0,17174,216202,2979,51421,17321,267623,California
San Diego,2021-01-28,20891,338490,7593,154644,13298,183846,0,0,18648,232706,2232,53653,18736,286359,California
San Diego,2021-01-29,19310,357800,6404,161048,12906,196752,0,0,16884,247226,2416,56069,16936,303295,California
San Diego,2021-01-30,15524,373324,3613,164661,11911,208663,0,0,12890,257589,2625,58694,12988,316283,California
San Diego,2021-01-31,14539,387863,5753,170414,8786,217449,0,0,14194,271475,342,59036,14228,330511,California
San Diego,2021-02-01,20653,408516,7675,178089,12978,230427,0,0,17171,285253,3469,62505,17247,347758,California
San Diego,2021-02-02,22504,431020,8295,186384,14209,244636,0,0,19274,301468,3222,65727,19437,367195,California
San Diego,2021-02-03,27224,458244,11722,198106,15502,260138,0,0,23004,320455,4201,69928,23188,390383,California
San Diego,2021-02-04,23799,482043,9805,207911,13994,274132,0,0,19253,335456,4531,74459,19532,409915,California
San Diego,2021-02-05,24224,506267,8601,216512,15623,289755,0,0,17817,347343,6382,80841,18269,428184,California
San Diego,2021-02-06,20389,526656,8447,224959,11942,301697,0,0,17186,361550,3200,84041,17407,445591,California
San Diego,2021-02-07,11903,538559,5316,230275,6587,308284,0,0,10055,370019,1837,85878,10306,455897,California
San Diego,2021-02-08,19791,558350,8426,238701,11365,319649,0,0,12439,375791,7341,93219,13113,469010,California
San Diego,2021-02-09,20157,578507,8251,246952,11906,331555,0,0,12984,382674,7152,100371,14035,483045,California
San Diego,2021-02-10,22608,601115,9274,256226,13334,344889,0,0,13634,388738,8921,109292,14985,498030,California
San Diego,2021-02-11,23477,624592,10096,266322,13381,358270,0,0,12576,392100,10874,120166,14236,512266,California
San Diego,2021-02-12,23244,647836,7269,273591,15975,374245,0,0,11538,394192,11688,131854,13780,526046,California
San Diego,2021-02-13,19705,667541,8929,282520,10776,385021,0,0,10728,397116,8971,140825,11895,537941,California
San Diego,2021-02-14,10967,678508,7277,289797,3690,388711,0,0,6124,399891,4839,145664,7614,545555,California
San Diego,2021-02-15,14944,693452,7543,297340,7401,396112,0,0,7583,403169,7339,153003,10617,556172,California
San Diego,2021-02-16,18962,712414,11068,308408,7894,404006,0,0,9028,405210,9923,162926,11964,568136,California
San Diego,2021-02-17,22929,735343,10708,319116,12221,416227,0,0,7845,400973,15071,177997,10834,578970,California
San Diego,2021-02-18,23236,758579,11875,330991,11361,427588,0,0,7621,397012,15604,193601,11643,590613,California
San Diego,2021-02-19,15565,774144,10799,341790,4766,432354,0,0,6369,396135,9178,202779,8301,598914,California
San Diego,2021-02-20,9983,784127,6223,348013,3760,436114,0,0,5618,399253,4363,207142,7481,606395,California
San Diego,2021-02-21,11421,795548,10019,358032,1402,437516,0,0,5032,399389,6383,213525,6519,612914,California
San Diego,2021-02-22,12200,807748,10399,368431,1801,439317,0,0,5587,399982,6608,220133,7201,620115,California
San Diego,2021-02-23,25195,832943,14089,382520,11106,450423,0,0,9223,399059,15963,236096,15040,635155,California
San Diego,2021-02-24,28439,861382,12579,395099,15860,466283,0,0,6623,391204,21796,257892,13941,649096,California
San Diego,2021-02-25,32485,893867,14400,409499,18085,484368,0,0,9779,386585,22684,280576,18065,667161,California
San Diego,2021-02-26,32663,926530,12123,421622,20540,504908,0,0,11661,384276,20971,301547,18662,685823,California
San Diego,2021-02-27,20689,947219,9353,430975,11336,516244,0,0,11084,389929,9599,311146,15252,701075,California
San Diego,2021-02-28,14912,962131,9746,440721,5166,521410,0,0,9252,396239,5659,316805,11969,713044,California
San Diego,2021-03-01,23875,986006,14072,454793,9802,531212,1,1,14489,405219,9306,326111,18286,731330,California
San Diego,2021-03-02,25779,1011785,13879,468672,11900,543112,0,1,12541,411140,13226,339337,19147,750477,California
San Diego,2021-03-03,33484,1045269,15758,484430,17723,560835,3,4,13813,412131,19648,358985,20639,771116,California
San Diego,2021-03-04,27825,1073094,13879,498309,13946,574781,0,4,12379,415724,15425,374410,19018,790134,California
San Diego,2021-03-05,28440,1101534,14650,512959,13710,588491,80,84,13280,420527,15132,389542,19935,810069,California
San Diego,2021-03-06,23032,1124566,9403,522362,12932,601423,697,781,10166,423135,12853,402395,15461,825530,California
San Diego,2021-03-07,17915,1142481,9122,531484,8226,609649,567,1348,6806,422972,11097,413492,10934,836464,California
San Diego,2021-03-08,22691,1165172,11035,542519,10750,620399,906,2254,11258,428486,11412,424904,16926,853390,California
San Diego,2021-03-09,25401,1190573,11694,554213,11956,632355,1751,4005,9946,428602,15439,440343,15555,868945,California
San Diego,2021-03-10,25054,1215627,10499,564712,12172,644527,2383,6388,9906,429741,15132,455475,16271,885216,California
San Diego,2021-03-11,28052,1243679,10771,575483,13763,658290,3518,9906,9784,428687,18243,473718,17189,902405,California
San Diego,2021-03-12,26860,1270539,9404,584887,14363,672653,3093,12999,9829,428193,17019,490737,16525,918930,California
San Diego,2021-03-13,25863,1296402,7189,592076,16917,689570,1757,14756,10007,428193,15850,506587,15850,934780,California
San Diego,2021-03-14,13670,1310072,5402,597478,7536,697106,732,15488,4756,427041,8905,515492,7753,942533,California
San Diego,2021-03-15,21731,1331803,10015,607493,10936,708042,780,16268,8942,427026,12774,528266,12759,955292,California
San Diego,2021-03-16,29506,1361309,15459,622952,13637,721679,410,16678,15575,432065,13909,542175,18948,974240,California
San Diego,2021-03-17,26071,1387380,12130,635082,13225,734904,716,17394,16662,442073,9392,551567,19400,993640,California
San Diego,2021-03-18,31066,1418446,17468,652550,12683,747587,915,18309,16913,447274,14118,565685,19319,1012959,California
San Diego,2021-03-19,30058,1448504,14242,666792,14769,762356,1047,19356,19266,457996,10772,576457,21494,1034453,California
San Diego,2021-03-20,27552,1476056,8379,675171,17399,779755,1774,21130,21256,475821,6285,582742,24110,1058563,California
San Diego,2021-03-21,16241,1492297,11845,687016,3701,783456,695,21825,7628,476854,8599,591341,9632,1068195,California
San Diego,2021-03-22,22356,1514653,13028,700044,9044,792500,284,22109,14242,486023,8101,599442,17270,1085465,California
San Diego,2021-03-23,25665,1540318,13446,713490,11934,804434,285,22394,17001,496676,8650,608092,19303,1104768,California
San Diego,2021-03-24,29244,1569562,19546,733036,9311,813745,387,22781,16962,503775,12269,620361,19368,1124136,California
San Diego,2021-03-25,30076,1599638,18103,751139,11292,825037,681,23462,17860,512214,12195,632556,20634,1144770,California
San Diego,2021-03-26,31807,1631445,17780,768919,13513,838550,514,23976,17367,518476,14414,646970,20676,1165446,California
San Diego,2021-03-27,25341,1656786,11035,779954,13928,852478,378,24354,15605,526982,9719,656689,18225,1183671,California
San Diego,2021-03-28,14974,1671760,9170,789124,5746,858224,58,24412,9225,531985,5742,662431,10745,1194416,California
San Diego,2021-03-29,26535,1698295,12811,801935,13094,871318,630,25042,16340,541197,10184,672615,19396,1213812,California
San Diego,2021-03-30,33019,1731314,17782,819717,14446,885764,791,25833,21868,554531,11138,683753,24472,1238284,California
San Diego,2021-03-31,30240,1761554,18655,838372,10878,896642,707,26540,20511,567138,9712,693465,22319,1260603,California
San Diego,2021-04-01,34078,1795632,19892,858264,12712,909354,1474,28014,23096,582061,10958,704423,25881,1286484,California
San Diego,2021-04-02,35549,1831181,20566,878830,12215,921569,2768,30782,23974,598670,11556,715979,28165,1314649,California
San Diego,2021-04-03,30704,1861885,14396,893226,11699,933268,4609,35391,19575,612930,11114,727093,25374,1340023,California
San Diego,2021-04-04,8977,1870862,5155,898381,2904,936172,918,36309,4772,614597,4199,731292,5866,1345889,California
San Diego,2021-04-05,29545,1900407,15308,913689,11582,947754,2655,38964,19200,628587,10328,741620,24318,1370207,California
San Diego,2021-04-06,38487,1938894,20252,933941,12341,960095,5894,44858,22132,642376,16337,757957,30126,1400333,California
San Diego,2021-04-07,35566,1974460,21824,955765,9200,969295,4542,49400,20126,652829,15416,773373,25869,1426202,California
San Diego,2021-04-08,34933,2009393,21204,976969,9603,978898,4126,53526,21100,666797,13812,787185,27780,1453982,California
San Diego,2021-04-09,38088,2047481,22722,999691,10215,989113,5151,58677,20568,678348,17454,804639,29005,1482987,California
San Diego,2021-04-10,28917,2076398,11686,1011377,13245,1002358,3986,62663,14920,686274,13986,818625,21912,1504899,California
San Diego,2021-04-11,16124,2092522,9975,1021352,3855,1006213,2294,64957,7133,689708,8987,827612,12421,1517320,California
San Diego,2021-04-12,30594,2123116,12828,1034180,13492,1019705,4274,69231,16980,701018,13599,841211,24909,1542229,California
San Diego,2021-04-13,36873,2159989,17676,1051856,19162,1038867,35,69266,24455,715935,12395,853606,27312,1569541,California
San Diego,2021-04-14,32802,2192791,18787,1070643,14002,1052869,13,69279,17651,722785,15137,868743,21987,1591528,California
San Diego,2021-04-15,39218,2232009,20310,1090953,18903,1071772,5,69284,23755,733952,15441,884184,26608,1618136,California
San Diego,2021-04-16,33493,2265502,18439,1109392,15051,1086823,3,69287,19323,741542,14109,898293,21699,1639835,California
San Diego,2021-04-17,27803,2293305,13511,1122903,14292,1101115,0,69287,12264,741418,15445,913738,15321,1655156,California
San Diego,2021-04-18,14344,2307649,8810,1131713,5531,1106646,3,69290,6644,743325,7687,921425,9594,1664750,California
San Diego,2021-04-19,26487,2334136,13547,1145260,12939,1119585,1,69291,12412,743398,14055,935480,14128,1678878,California
San Diego,2021-04-20,38908,2373044,17743,1163003,21163,1140748,2,69293,19811,747083,19075,954555,22760,1701638,California
San Diego,2021-04-21,34857,2407901,20792,1183795,14065,1154813,0,69293,16838,748936,17983,972538,19836,1721474,California
San Diego,2021-04-22,44376,2452277,22780,1206575,21592,1176405,4,69297,22220,752065,22114,994652,25243,1746717,California
San Diego,2021-04-23,42036,2494313,25882,1232457,16152,1192557,2,69299,15668,744542,26337,1020989,18814,1765531,California
San Diego,2021-04-24,34749,2529062,18773,1251230,15961,1208518,15,69314,15498,744005,19213,1040202,18676,1784207,California
San Diego,2021-04-25,12618,2541680,7661,1258891,4957,1213475,0,69314,5878,744512,6729,1046931,7236,1791443,California
San Diego,2021-04-26,33112,2574792,16555,1275446,16418,1229893,139,69453,11587,739104,21505,1068436,16097,1807540,California
San Diego,2021-04-27,44502,2619294,24402,1299848,19546,1249439,554,70007,19581,737405,24880,1093316,23181,1830721,California
San Diego,2021-04-28,38074,2657368,22441,1322289,14959,1264398,674,70681,17190,736649,20846,1114162,20090,1850811,California
San Diego,2021-04-29,37899,2695267,24108,1346397,13134,1277532,657,71338,15305,731743,22558,1136720,17652,1868463,California
San Diego,2021-04-30,37878,2733145,22914,1369311,13883,1291415,1081,72419,14787,726380,23053,1159773,17690,1886153,California
San Diego,2021-05-01,24159,2757304,10646,1379957,12875,1304290,638,73057,9484,723974,14666,1174439,12260,1898413,California
San Diego,2021-05-02,10596,2767900,7423,1387380,2592,1306882,581,73638,3229,720749,7363,1181802,4138,1902551,California
San Diego,2021-05-03,25136,2793036,12365,1399745,11622,1318504,1149,74787,9239,716060,15875,1197677,11186,1913737,California
San Diego,2021-05-04,31673,2824709,17469,1417214,12926,1331430,1278,76065,11428,709633,20217,1217894,13790,1927527,California
San Diego,2021-05-05,27481,2852190,16846,1434060,9355,1340785,1280,77345,10479,705344,16980,1234874,12691,1940218,California
San Diego,2021-05-06,28208,2880398,18670,1452730,8626,1349411,912,78257,10718,701945,17462,1252336,14063,1954281,California
San Diego,2021-05-07,29541,2909939,19311,1472041,9191,1358602,1039,79296,10963,696606,18543,1270879,13204,1967485,California
San Diego,2021-05-08,22687,2932626,10706,1482747,11238,1369840,743,80039,7199,690508,15464,1286343,9366,1976851,California
San Diego,2021-05-09,7443,2940069,5585,1488332,1452,1371292,406,80445,2621,689137,4816,1291159,3445,1980296,California
San Diego,2021-05-10,21471,2961540,8393,1496725,12261,1383553,817,81262,5859,681498,15584,1306743,7945,1988241,California
San Diego,2021-05-11,28001,2989541,11484,1508209,15702,1399255,815,82077,9811,675599,18165,1324908,12266,2000507,California
San Diego,2021-05-12,22914,3012455,12466,1520675,9581,1408836,867,82944,8554,671806,14334,1339242,10541,2011048,California
San Diego,2021-05-13,31270,3043725,18942,1539617,11708,1420544,620,83564,13127,670039,18087,1357329,16320,2027368,California
San Diego,2021-05-14,30594,3074319,19596,1559213,10166,1430710,832,84396,13969,670319,16586,1373915,16866,2044234,California
San Diego,2021-05-15,26083,3100402,16410,1575623,8852,1439562,821,85217,10845,667725,15186,1389101,12592,2056826,California
San Diego,2021-05-16,13222,3113624,9969,1585592,2691,1442253,562,85779,6615,668684,6595,1395696,7554,2064380,California
San Diego,2021-05-17,21300,3134924,12927,1598519,7631,1449884,742,86521,8892,666802,12372,1408068,10490,2074870,California
San Diego,2021-05-18,34022,3168946,19231,1617750,13929,1463813,862,87383,13252,661605,20735,1428803,15538,2090408,California
San Diego,2021-05-19,28306,3197252,17784,1635534,9741,1473554,781,88164,12075,659372,16200,1445003,13967,2104375,California
San Diego,2021-05-20,34562,3231814,19107,1654641,14638,1488192,817,88981,11700,650580,22830,1467833,14038,2118413,California
San Diego,2021-05-21,26813,3258627,17132,1671773,8697,1496889,984,89965,10937,647871,15844,1483677,13135,2131548,California
San Diego,2021-05-22,20949,3279576,11995,1683768,7813,1504702,1141,91106,8588,646355,12339,1496016,10823,2142371,California
San Diego,2021-05-23,7186,3286762,5084,1688852,1794,1506496,308,91414,3429,646738,3733,1499749,4116,2146487,California
San Diego,2021-05-24,17557,3304319,8915,1697767,6747,1513243,1895,93309,6265,644466,11272,1511021,9000,2155487,California
San Diego,2021-05-25,24122,3328441,13105,1710872,9177,1522420,1840,95149,8486,640327,15607,1526628,11468,2166955,California
San Diego,2021-05-26,19043,3347484,10542,1721414,6493,1528913,2008,97157,6594,637363,12418,1539046,9454,2176409,California
San Diego,2021-05-27,20489,3367973,11947,1733361,6153,1535066,2389,99546,6937,634235,13533,1552579,10405,2186814,California
San Diego,2021-05-28,21177,3389150,13181,1746542,7294,1542360,702,100248,8428,631748,12730,1565309,10243,2197057,California
San Diego,2021-05-29,11962,3401112,7575,1754117,3896,1546256,491,100739,5199,631187,6750,1572059,6189,2203246,California
San Diego,2021-05-30,4670,3405782,3187,1757304,1104,1547360,379,101118,2037,631205,2628,1574687,2646,2205892,California
San Diego,2021-05-31,2594,3408376,1753,1759057,670,1548030,171,101289,870,630650,1719,1576406,1164,2207056,California
San Diego,2021-06-01,21226,3429602,11333,1770390,8263,1556293,1630,102919,5992,623980,15208,1591614,8538,2215594,California
San Diego,2021-06-02,16973,3446575,8747,1779137,6156,1562449,2070,104989,5515,620845,11432,1603046,8297,2223891,California
San Diego,2021-06-03,19157,3465732,11991,1791128,5369,1567818,1797,106786,5237,615012,13898,1616944,8065,2231956,California
San Diego,2021-06-04,19763,3485495,13831,1804959,5328,1573146,604,107390,5874,609504,13859,1630803,8351,2240307,California
San Diego,2021-06-05,15750,3501245,11981,1816940,2985,1576131,784,108174,4510,604523,11223,1642026,6242,2246549,California
San Diego,2021-06-06,5537,3506782,4516,1821456,710,1576841,311,108485,1731,603571,3797,1645823,2845,2249394,California
San Diego,2021-06-07,12736,3519518,8010,1829466,3381,1580222,1345,109830,3567,600053,9152,1654975,5634,2255028,California
San Diego,2021-06-08,20409,3539927,14432,1843898,4092,1584314,1885,111715,5076,592730,15320,1670295,7997,2263025,California
San Diego,2021-06-09,16995,3556922,11321,1855219,3728,1588042,1946,113661,4378,587400,12602,1682897,7272,2270297,California
San Diego,2021-06-10,17819,3574741,11842,1867061,3907,1591949,2070,115731,4388,581525,13406,1696303,7531,2277828,California
San Diego,2021-06-11,15744,3590485,10046,1877107,4350,1596299,1348,117079,4322,576707,11393,1707696,6575,2284403,California
San Diego,2021-06-12,10941,3601426,8396,1885503,2129,1598428,416,117495,3231,573276,7692,1715388,4261,2288664,California
San Diego,2021-06-13,4146,3605572,3100,1888603,841,1599269,205,117700,1043,571820,3097,1718485,1641,2290305,California
San Diego,2021-06-14,12588,3618160,7564,1896167,2841,1602110,2183,119883,3651,569376,8923,1727408,6479,2296784,California
San Diego,2021-06-15,17781,3635941,10234,1906401,4203,1606313,3344,123227,4758,565359,13012,1740420,8995,2305779,California
San Diego,2021-06-16,13702,3649643,8832,1915233,2762,1609075,2108,125335,4502,563540,9187,1749607,7368,2313147,California
San Diego,2021-06-17,11794,3661437,7175,1922408,2293,1611368,2326,127661,3648,561954,8133,1757740,6547,2319694,California
San Diego,2021-06-18,5906,3667343,3427,1925835,1018,1612386,1461,129122,2215,562281,3688,1761428,4015,2323709,California
San Francisco,2020-12-15,8,8,8,8,0,0,0,0,8,8,0,0,8,8,California
San Francisco,2020-12-16,232,240,232,240,0,0,0,0,232,240,0,0,232,240,California
San Francisco,2020-12-17,417,657,417,657,0,0,0,0,417,657,0,0,417,657,California
San Francisco,2020-12-18,911,1568,910,1567,1,1,0,0,911,1568,0,0,911,1568,California
San Francisco,2020-12-19,609,2177,609,2176,0,1,0,0,609,2177,0,0,609,2177,California
San Francisco,2020-12-20,482,2659,482,2658,0,1,0,0,482,2659,0,0,482,2659,California
San Francisco,2020-12-21,1163,3822,1163,3821,0,1,0,0,1163,3822,0,0,1163,3822,California
San Francisco,2020-12-22,1413,5235,1378,5199,35,36,0,0,1413,5235,0,0,1413,5235,California
San Francisco,2020-12-23,1363,6598,1062,6261,301,337,0,0,1363,6598,0,0,1363,6598,California
San Francisco,2020-12-24,847,7445,505,6766,342,679,0,0,847,7445,0,0,847,7445,California
San Francisco,2020-12-25,36,7481,29,6795,7,686,0,0,36,7481,0,0,36,7481,California
San Francisco,2020-12-26,252,7733,155,6950,97,783,0,0,252,7733,0,0,252,7733,California
San Francisco,2020-12-27,273,8006,59,7009,214,997,0,0,273,8006,0,0,273,8006,California
San Francisco,2020-12-28,1284,9290,693,7702,591,1588,0,0,1284,9290,0,0,1284,9290,California
San Francisco,2020-12-29,1262,10552,630,8332,632,2220,0,0,1262,10552,0,0,1262,10552,California
San Francisco,2020-12-30,1494,12046,782,9114,712,2932,0,0,1494,12046,0,0,1494,12046,California
San Francisco,2020-12-31,984,13030,416,9530,568,3500,0,0,983,13029,0,0,983,13029,California
San Francisco,2021-01-01,104,13134,77,9607,27,3527,0,0,104,13133,0,0,104,13133,California
San Francisco,2021-01-02,342,13476,306,9913,36,3563,0,0,342,13475,0,0,342,13475,California
San Francisco,2021-01-03,300,13776,106,10019,194,3757,0,0,299,13773,1,1,299,13774,California
San Francisco,2021-01-04,1846,15622,1359,11378,487,4244,0,0,1843,15613,3,4,1843,15617,California
San Francisco,2021-01-05,2239,17861,1422,12800,817,5061,0,0,2200,17776,39,43,2202,17819,California
San Francisco,2021-01-06,1881,19742,1171,13971,710,5771,0,0,1609,19116,270,313,1610,19429,California
San Francisco,2021-01-07,2079,21821,1211,15182,868,6639,0,0,1604,20248,472,785,1604,21033,California
San Francisco,2021-01-08,2346,24167,1647,16829,699,7338,0,0,1480,20867,861,1646,1480,22513,California
San Francisco,2021-01-09,1403,25570,904,17733,499,7837,0,0,892,21250,511,2157,894,23407,California
San Francisco,2021-01-10,923,26493,542,18275,381,8218,0,0,464,21256,458,2615,464,23871,California
San Francisco,2021-01-11,2521,29014,1877,20152,644,8862,0,0,1414,21562,1108,3723,1414,25285,California
San Francisco,2021-01-12,3113,32127,2071,22223,1042,9904,0,0,1905,22261,1208,4931,1907,27192,California
San Francisco,2021-01-13,2856,34983,1622,23845,1234,11138,0,0,2010,23425,846,5777,2010,29202,California
San Francisco,2021-01-14,2461,37444,1113,24958,1348,12486,0,0,1893,24750,568,6345,1893,31095,California
San Francisco,2021-01-15,2773,40217,1164,26122,1609,14095,0,0,2371,26725,400,6745,2375,33470,California
San Francisco,2021-01-16,2277,42494,974,27096,1303,15398,0,0,2107,28664,170,6915,2109,35579,California
San Francisco,2021-01-17,1950,44444,538,27634,1412,16810,0,0,1731,30176,219,7134,1731,37310,California
San Francisco,2021-01-18,1396,45840,609,28243,787,17597,0,0,1127,31038,268,7402,1130,38440,California
San Francisco,2021-01-19,2602,48442,1481,29724,1121,18718,0,0,1847,32130,755,8157,1847,40287,California
San Francisco,2021-01-20,2792,51234,1140,30864,1652,20370,0,0,2027,33395,763,8920,2028,42315,California
San Francisco,2021-01-21,3356,54590,949,31813,2407,22777,0,0,2516,35072,839,9759,2516,44831,California
San Francisco,2021-01-22,3232,57822,652,32465,2580,25357,0,0,2782,37406,448,10207,2782,47613,California
San Francisco,2021-01-23,3111,60933,613,33078,2498,27855,0,0,2737,39771,373,10580,2738,50351,California
San Francisco,2021-01-24,2443,63376,366,33444,2077,29932,0,0,2208,41747,232,10812,2208,52559,California
San Francisco,2021-01-25,4662,68038,1841,35285,2821,32753,0,0,3064,43217,1595,12407,3065,55624,California
San Francisco,2021-01-26,4764,72802,2189,37474,2575,35328,0,0,3109,44676,1652,14059,3111,58735,California
San Francisco,2021-01-27,4402,77204,1993,39467,2409,37737,0,0,3089,46454,1311,15370,3089,61824,California
San Francisco,2021-01-28,3810,81014,1574,41041,2236,39973,0,0,2636,47923,1168,16538,2637,64461,California
San Francisco,2021-01-29,4776,85790,1696,42737,3080,43053,0,0,3478,50111,1292,17830,3480,67941,California
San Francisco,2021-01-30,3832,89622,1860,44597,1972,45025,0,0,3368,53020,463,18293,3372,71313,California
San Francisco,2021-01-31,2370,91992,828,45425,1542,46567,0,0,2217,55086,152,18445,2218,73531,California
San Francisco,2021-02-01,3994,95986,1709,47134,2285,48852,0,0,2916,56926,1078,19523,2918,76449,California
San Francisco,2021-02-02,4541,100527,1812,48946,2729,51581,0,0,2942,58275,1594,21117,2943,79392,California
San Francisco,2021-02-03,5087,105614,2390,51336,2697,54278,0,0,3769,60730,1316,22433,3771,83163,California
San Francisco,2021-02-04,5045,110659,2433,53769,2612,56890,0,0,3872,63431,1171,23604,3872,87035,California
San Francisco,2021-02-05,6031,116690,3264,57033,2767,59657,0,0,4672,66747,1357,24961,4673,91708,California
San Francisco,2021-02-06,5564,122254,3748,60781,1816,61473,0,0,4661,70511,899,25860,4663,96371,California
San Francisco,2021-02-07,4430,126684,3281,64062,1149,62622,0,0,3850,73787,577,26437,3853,100224,California
San Francisco,2021-02-08,6880,133564,4758,68820,2122,64744,0,0,5641,78208,1223,27660,5644,105868,California
San Francisco,2021-02-09,6033,139597,4079,72899,1954,66698,0,0,4464,81104,1569,29229,4465,110333,California
San Francisco,2021-02-10,6961,146558,4253,77152,2708,69406,0,0,5144,84443,1809,31038,5148,115481,California
San Francisco,2021-02-11,6805,153363,4055,81207,2750,72156,0,0,4968,87582,1832,32870,4971,120452,California
San Francisco,2021-02-12,5380,158743,2718,83925,2662,74818,0,0,3529,89259,1852,34722,3529,123981,California
San Francisco,2021-02-13,4431,163174,2603,86528,1828,76646,0,0,3082,90995,1349,36071,3085,127066,California
San Francisco,2021-02-14,3462,166636,2281,88809,1181,77827,0,0,2328,92192,1133,37204,2330,129396,California
San Francisco,2021-02-15,2784,169420,1509,90318,1275,79102,0,0,1675,92760,1107,38311,1675,131071,California
San Francisco,2021-02-16,5126,174546,2825,93143,2301,81403,0,0,2995,93638,2124,40435,3002,134073,California
San Francisco,2021-02-17,5350,179896,2613,95756,2737,84140,0,0,2966,94232,2374,42809,2968,137041,California
San Francisco,2021-02-18,5399,185295,2630,98386,2769,86909,0,0,2805,94453,2590,45399,2811,139852,California
San Francisco,2021-02-19,5695,190990,2672,101058,3023,89932,0,0,2955,94674,2735,48134,2956,142808,California
San Francisco,2021-02-20,4564,195554,2197,103255,2367,92299,0,0,1713,93546,2842,50976,1714,144522,California
San Francisco,2021-02-21,2908,198462,1535,104790,1373,93672,0,0,1291,93230,1608,52584,1292,145814,California
San Francisco,2021-02-22,5207,203669,3242,108032,1965,95637,0,0,2617,93270,2580,55164,2620,148434,California
San Francisco,2021-02-23,5633,209302,3214,111246,2419,98056,0,0,2880,93404,2746,57910,2880,151314,California
San Francisco,2021-02-24,9163,218465,5183,116429,3980,102036,0,0,4890,94036,4261,62171,4893,156207,California
San Francisco,2021-02-25,10081,228546,7043,123472,3038,105074,0,0,6473,96906,3605,65776,6475,162682,California
San Francisco,2021-02-26,12447,240993,8097,131569,4350,109424,0,0,7338,99139,5106,70882,7339,170021,California
San Francisco,2021-02-27,9483,250476,6120,137689,3361,112785,2,2,4707,99086,4762,75644,4709,174730,California
San Francisco,2021-02-28,7998,258474,5735,143424,2263,115048,0,2,3886,98865,4108,79752,3887,178617,California
San Francisco,2021-03-01,11517,269991,7794,151218,3718,118766,5,7,5581,98544,5909,85661,5588,184205,California
San Francisco,2021-03-02,10092,280083,6814,158032,3278,122044,0,7,5679,99822,4402,90063,5680,189885,California
San Francisco,2021-03-03,11460,291543,6716,164748,4743,126787,1,8,6262,100907,5181,95244,6266,196151,California
San Francisco,2021-03-04,8889,300432,5598,170346,3291,130078,0,8,4994,102020,3883,99127,4996,201147,California
San Francisco,2021-03-05,9285,309717,5705,176051,3576,133654,4,12,5794,104344,3475,102602,5799,206946,California
San Francisco,2021-03-06,7190,316907,4720,180771,2261,135915,209,221,4476,106301,2725,105327,4682,211628,California
San Francisco,2021-03-07,5455,322362,4262,185033,1133,137048,60,281,3131,107156,2336,107663,3191,214819,California
San Francisco,2021-03-08,7569,329931,5498,190531,1882,138930,189,470,5984,111712,1616,109279,6172,220991,California
San Francisco,2021-03-09,8365,338296,5540,196071,2450,141380,375,845,6102,115919,2265,111544,6472,227463,California
San Francisco,2021-03-10,11290,349586,6631,202702,4157,145537,502,1347,7078,119309,4190,115734,7580,235043,California
San Francisco,2021-03-11,10149,359735,6391,209093,2787,148324,971,2318,6661,123463,3470,119204,7624,242667,California
San Francisco,2021-03-12,10918,370653,6380,215473,3192,151516,1346,3664,6088,126083,4808,124012,7428,250095,California
San Francisco,2021-03-13,6758,377411,3951,219424,1725,153241,1082,4746,4193,128801,2555,126567,5273,255368,California
San Francisco,2021-03-14,7597,385008,4943,224367,2409,155650,245,4991,3985,129436,3594,130161,4229,259597,California
San Francisco,2021-03-15,12160,397168,9308,233675,1906,157556,946,5937,8428,135082,3715,133876,9361,268958,California
San Francisco,2021-03-16,12282,409450,8373,242048,3449,161005,460,6397,8840,140966,3419,137295,9303,278261,California
San Francisco,2021-03-17,13620,423070,8458,250506,4528,165533,634,7031,9761,147526,3829,141124,10389,288650,California
San Francisco,2021-03-18,10136,433206,6894,257400,2619,168152,623,7654,5732,149493,4380,145504,6347,294997,California
San Francisco,2021-03-19,12459,445665,9103,266503,2885,171037,471,8125,6465,150455,5967,151471,6929,301926,California
San Francisco,2021-03-20,8952,454617,6586,273089,1897,172934,469,8594,5191,152390,3729,155200,5664,307590,California
San Francisco,2021-03-21,6651,461268,6096,279185,419,173353,136,8730,3743,153377,2890,158090,3877,311467,California
San Francisco,2021-03-22,9919,471187,6889,286074,2182,175535,848,9578,5086,154495,4808,162898,5926,317393,California
San Francisco,2021-03-23,11322,482509,7511,293585,3157,178692,654,10232,6281,156413,5011,167909,6929,324322,California
San Francisco,2021-03-24,12435,494944,9530,303115,2366,181058,539,10771,6190,156931,6202,174111,6720,331042,California
San Francisco,2021-03-25,12028,506972,8789,311904,2673,183731,566,11337,5840,157217,6116,180227,6402,337444,California
San Francisco,2021-03-26,12070,519042,8375,320279,3462,187193,233,11570,5847,157105,6188,186415,6076,343520,California
San Francisco,2021-03-27,8830,527872,5925,326204,2554,189747,351,11921,3766,156179,5042,191457,4116,347636,California
San Francisco,2021-03-28,6687,534559,5336,331540,1309,191056,42,11963,2977,155511,3684,195141,3016,350652,California
San Francisco,2021-03-29,11665,546224,8043,339583,3437,194493,185,12148,4823,153706,6811,201952,5006,355658,California
San Francisco,2021-03-30,11695,557919,7331,346914,4073,198566,291,12439,5521,153369,6149,208101,5812,361470,California
San Francisco,2021-03-31,12329,570248,8213,355127,3816,202382,300,12739,4906,151180,7389,215490,5200,366670,California
San Francisco,2021-04-01,14036,584284,7453,362580,4880,207262,1703,14442,6027,150921,7969,223459,7710,374380,California
San Francisco,2021-04-02,14917,599201,6592,369172,6433,213695,1892,16334,6971,151849,7921,231380,8849,383229,California
San Francisco,2021-04-03,10630,609831,4934,374106,3863,217558,1833,18167,4869,152805,5741,237121,6697,389926,California
San Francisco,2021-04-04,9080,618911,4817,378923,2597,220155,1666,19833,3585,152575,5478,242599,5248,395174,California
San Francisco,2021-04-05,16117,635028,9876,388799,4347,224502,1894,21727,6267,150909,9819,252418,8153,403327,California
San Francisco,2021-04-06,16158,651186,9569,398368,4519,229021,2070,23797,6279,149398,9851,262269,8340,411667,California
San Francisco,2021-04-07,16939,668125,10078,408446,4615,233636,2246,26043,7016,148744,9897,272166,9243,420910,California
San Francisco,2021-04-08,14267,682392,6778,415224,3044,236680,4445,30488,4637,148203,9593,281759,9052,429962,California
San Francisco,2021-04-09,15924,698316,7695,422919,4853,241533,3376,33864,6626,148920,9265,291024,9982,439944,California
San Francisco,2021-04-10,13381,711697,5721,428640,5891,247424,1769,35633,7128,151577,6226,297250,8883,448827,California
San Francisco,2021-04-11,10086,721783,7558,436198,1349,248773,1179,36812,5224,153125,4848,302098,6396,455223,California
San Francisco,2021-04-12,10664,732447,6930,443128,2576,251349,1158,37970,4887,153410,5754,307852,6039,461262,California
San Francisco,2021-04-13,10903,743350,7396,450524,3495,254844,12,37982,5504,153557,5373,313225,5520,466782,California
San Francisco,2021-04-14,13417,756767,8092,458616,5324,260168,1,37983,6385,152954,6992,320217,6389,473171,California
San Francisco,2021-04-15,13906,770673,9638,468254,4267,264435,1,37984,8215,155516,5659,325876,8221,481392,California
San Francisco,2021-04-16,13084,783757,8796,477050,4244,268679,44,38028,7739,157992,5315,331191,7791,489183,California
San Francisco,2021-04-17,10210,793967,7379,484429,2830,271509,1,38029,7207,162221,2985,334176,7214,496397,California
San Francisco,2021-04-18,6673,800640,5109,489538,1562,273071,2,38031,4123,163816,2532,336708,4127,500524,California
San Francisco,2021-04-19,10937,811577,8215,497753,2717,275788,5,38036,7019,166951,3901,340609,7036,507560,California
San Francisco,2021-04-20,12443,824020,7291,505044,5150,280938,2,38038,8596,171734,3821,344430,8604,516164,California
San Francisco,2021-04-21,10656,834676,7620,512664,3031,283969,5,38043,6500,174116,4130,348560,6512,522676,California
San Francisco,2021-04-22,10517,845193,7782,520446,2734,286703,1,38044,6066,175768,4423,352983,6075,528751,California
San Francisco,2021-04-23,10390,855583,5955,526401,4435,291138,0,38044,6173,177762,4186,357169,6180,534931,California
San Francisco,2021-04-24,7973,863556,5488,531889,2485,293623,0,38044,4712,179243,3240,360409,4721,539652,California
San Francisco,2021-04-25,5054,868610,4349,536238,699,294322,6,38050,2956,180124,2086,362495,2967,542619,California
San Francisco,2021-04-26,8222,876832,5823,542061,2387,296709,12,38062,4088,180134,4106,366601,4116,546735,California
San Francisco,2021-04-27,8727,885559,5865,547926,2692,299401,170,38232,4353,180319,4348,370949,4533,551268,California
San Francisco,2021-04-28,9508,895067,6576,554502,2742,302143,190,38422,4977,180993,4500,375449,5174,556442,California
San Francisco,2021-04-29,9398,904465,5460,559962,3744,305887,194,38616,4614,181057,4758,380207,4822,561264,California
San Francisco,2021-04-30,10903,915368,5204,565166,5498,311385,201,38817,3984,178371,6875,387082,4189,565453,California
San Francisco,2021-05-01,6954,922322,3592,568758,3246,314631,116,38933,1703,174975,5216,392298,1820,567273,California
San Francisco,2021-05-02,5325,927647,3088,571846,2139,316770,98,39031,964,171690,4351,396649,1066,568339,California
San Francisco,2021-05-03,9706,937353,6619,578465,2923,319693,164,39195,2467,167119,7210,403859,2639,570978,California
San Francisco,2021-05-04,9397,946750,6016,584481,3130,322823,251,39446,2291,162593,7073,410932,2547,573525,California
San Francisco,2021-05-05,8786,955536,6141,590622,2334,325157,311,39757,2149,158467,6590,417522,2464,575989,California
San Francisco,2021-05-06,10766,966302,8606,599228,1687,326844,473,40230,1843,151896,8889,426411,2318,578307,California
San Francisco,2021-05-07,10133,976435,6495,605723,3366,330210,272,40502,1636,145332,8470,434881,1906,580213,California
San Francisco,2021-05-08,8393,984828,3577,609300,4686,334896,130,40632,976,139054,7385,442266,1107,581320,California
San Francisco,2021-05-09,6700,991528,5839,615139,779,335675,82,40714,1212,134877,5465,447731,1288,582608,California
San Francisco,2021-05-10,6996,998524,4967,620106,1777,337452,252,40966,1048,130255,5920,453651,1298,583906,California
San Francisco,2021-05-11,7411,1005935,5331,625437,1861,339313,219,41185,1449,125994,5928,459579,1667,585573,California
San Francisco,2021-05-12,8127,1014062,5927,631364,1743,341056,457,41642,1857,122065,6238,465817,2309,587882,California
San Francisco,2021-05-13,11086,1025148,8143,639507,2717,343773,226,41868,4192,119623,6866,472683,4424,592306,California
San Francisco,2021-05-14,9322,1034470,6599,646106,2550,346323,173,42041,3019,116553,6272,478955,3202,595508,California
San Francisco,2021-05-15,7943,1042413,6259,652365,1628,347951,56,42097,3111,114916,4816,483771,3179,598687,California
San Francisco,2021-05-16,4975,1047388,4192,656557,723,348674,60,42157,1845,113710,3111,486882,1905,600592,California
San Francisco,2021-05-17,7251,1054639,5400,661957,1686,350360,165,42322,2469,111584,4763,491645,2637,603229,California
San Francisco,2021-05-18,8713,1063352,4985,666942,3553,353913,175,42497,1974,107041,6693,498338,2150,605379,California
San Francisco,2021-05-19,7485,1070837,5544,672486,1707,355620,234,42731,2449,104714,5008,503346,2681,608060,California
San Francisco,2021-05-20,5960,1076797,4012,676498,1697,357317,251,42982,1642,102321,4282,507628,1889,609949,California
San Francisco,2021-05-21,7193,1083990,4073,680571,2934,360251,186,43168,1833,99021,5314,512942,2014,611963,California
San Francisco,2021-05-22,4789,1088779,3613,684184,1085,361336,91,43259,2178,98698,2591,515533,2268,614231,California
San Francisco,2021-05-23,1829,1090608,1392,685576,363,361699,74,43333,834,98622,985,516518,909,615140,California
San Francisco,2021-05-24,4050,1094658,2863,688439,1025,362724,162,43495,1199,97159,2825,519343,1362,616502,California
San Francisco,2021-05-25,3701,1098359,2413,690852,1066,363790,222,43717,1103,95899,2580,521923,1320,617822,California
San Francisco,2021-05-26,3940,1102299,2551,693403,1243,365033,146,43863,1145,94419,2771,524694,1291,619113,California
San Francisco,2021-05-27,3705,1106004,2138,695541,1390,366423,177,44040,1200,93301,2494,527188,1376,620489,California
San Francisco,2021-05-28,3775,1109779,2158,697699,1456,367879,161,44201,1351,92414,2398,529586,1511,622000,California
San Francisco,2021-05-29,2021,1111800,1464,699163,456,368335,101,44302,880,92269,1120,530706,975,622975,California
San Francisco,2021-05-30,962,1112762,692,699855,233,368568,37,44339,400,92148,558,531264,437,623412,California
San Francisco,2021-05-31,254,1113016,207,700062,40,368608,7,44346,85,92072,168,531432,92,623504,California
San Francisco,2021-06-01,3575,1116591,2159,702221,1228,369836,188,44534,1254,91206,2305,533737,1439,624943,California
San Francisco,2021-06-02,2431,1119022,1754,703975,554,370390,123,44657,896,90697,1523,535260,1014,625957,California
San Francisco,2021-06-03,3978,1123000,2730,706705,1043,371433,205,44862,1061,89059,2899,538159,1261,627218,California
San Francisco,2021-06-04,5720,1128720,4844,711549,740,372173,136,44998,1399,86301,4288,542447,1530,628748,California
San Francisco,2021-06-05,3692,1132412,3118,714667,426,372599,148,45146,956,84679,2722,545169,1100,629848,California
San Francisco,2021-06-06,2316,1134728,2167,716834,111,372710,38,45184,508,83423,1802,546971,546,630394,California
San Francisco,2021-06-07,3632,1138360,3008,719842,488,373198,136,45320,954,81850,2661,549632,1088,631482,California
San Francisco,2021-06-08,2829,1141189,2224,722066,437,373635,168,45488,844,80888,1968,551600,1006,632488,California
San Francisco,2021-06-09,2316,1143505,1854,723920,325,373960,137,45625,667,80057,1633,553233,802,633290,California
San Francisco,2021-06-10,2493,1145998,1906,725826,395,374355,192,45817,783,79334,1698,554931,975,634265,California
San Francisco,2021-06-11,3149,1149147,2489,728315,496,374851,164,45981,942,78253,2185,557116,1104,635369,California
San Francisco,2021-06-12,3027,1152174,2624,730939,273,375124,130,46111,716,76800,2296,559412,843,636212,California
San Francisco,2021-06-13,912,1153086,791,731730,74,375198,47,46158,233,76408,671,560083,279,636491,California
San Francisco,2021-06-14,2506,1155592,2035,733765,320,375518,151,46309,880,75822,1615,561698,1029,637520,California
San Francisco,2021-06-15,1896,1157488,1471,735236,292,375810,133,46442,674,75416,1213,562911,807,638327,California
San Francisco,2021-06-16,1811,1159299,1361,736597,258,376068,192,46634,630,75066,1165,564076,815,639142,California
San Francisco,2021-06-17,1545,1160844,1122,737719,232,376300,191,46825,476,74673,1054,565130,661,639803,California
San Francisco,2021-06-18,1632,1162476,1172,738891,328,376628,132,46957,445,74065,1180,566310,572,640375,California
San Joaquin,2020-12-15,14,14,14,14,0,0,0,0,14,14,0,0,14,14,California
San Joaquin,2020-12-16,308,322,308,322,0,0,0,0,308,322,0,0,308,322,California
San Joaquin,2020-12-17,321,643,321,643,0,0,0,0,321,643,0,0,321,643,California
San Joaquin,2020-12-18,538,1181,534,1177,4,4,0,0,538,1181,0,0,538,1181,California
San Joaquin,2020-12-19,189,1370,189,1366,0,4,0,0,189,1370,0,0,189,1370,California
San Joaquin,2020-12-20,117,1487,115,1481,2,6,0,0,117,1487,0,0,117,1487,California
San Joaquin,2020-12-21,498,1985,497,1978,1,7,0,0,498,1985,0,0,498,1985,California
San Joaquin,2020-12-22,979,2964,858,2836,121,128,0,0,978,2963,0,0,978,2963,California
San Joaquin,2020-12-23,989,3953,931,3767,58,186,0,0,987,3950,2,2,989,3952,California
San Joaquin,2020-12-24,219,4172,190,3957,29,215,0,0,218,4168,1,3,219,4171,California
San Joaquin,2020-12-25,15,4187,15,3972,0,215,0,0,15,4183,0,3,15,4186,California
San Joaquin,2020-12-26,102,4289,31,4003,71,286,0,0,102,4285,0,3,102,4288,California
San Joaquin,2020-12-27,45,4334,32,4035,13,299,0,0,45,4330,0,3,45,4333,California
San Joaquin,2020-12-28,629,4963,424,4459,205,504,0,0,629,4959,0,3,629,4962,California
San Joaquin,2020-12-29,796,5759,666,5125,130,634,0,0,796,5755,0,3,796,5758,California
San Joaquin,2020-12-30,1013,6772,717,5842,296,930,0,0,1011,6766,2,5,1013,6771,California
San Joaquin,2020-12-31,458,7230,204,6046,254,1184,0,0,458,7224,1,6,459,7230,California
San Joaquin,2021-01-01,23,7253,13,6059,10,1194,0,0,23,7247,0,6,23,7253,California
San Joaquin,2021-01-02,268,7521,245,6304,23,1217,0,0,268,7515,0,6,268,7521,California
San Joaquin,2021-01-03,37,7558,20,6324,17,1234,0,0,36,7550,1,7,36,7557,California
San Joaquin,2021-01-04,482,8040,340,6664,142,1376,0,0,480,8029,1,8,480,8037,California
San Joaquin,2021-01-05,988,9028,653,7317,335,1711,0,0,817,8712,171,179,854,8891,California
San Joaquin,2021-01-06,1228,10256,712,8029,516,2227,0,0,923,9339,300,479,927,9818,California
San Joaquin,2021-01-07,1090,11346,689,8718,401,2628,0,0,791,9835,296,775,792,10610,California
San Joaquin,2021-01-08,1215,12561,827,9545,388,3016,0,0,719,10063,495,1270,723,11333,California
San Joaquin,2021-01-09,379,12940,300,9845,79,3095,0,0,247,10179,132,1402,248,11581,California
San Joaquin,2021-01-10,224,13164,116,9961,108,3203,0,0,171,10298,52,1454,171,11752,California
San Joaquin,2021-01-11,1538,14702,1328,11289,210,3413,0,0,871,10571,666,2120,939,12691,California
San Joaquin,2021-01-12,1491,16193,1073,12362,418,3831,0,0,701,10558,786,2906,773,13464,California
San Joaquin,2021-01-13,1547,17740,909,13271,638,4469,0,0,960,10939,584,3490,965,14429,California
San Joaquin,2021-01-14,1764,19504,976,14247,788,5257,0,0,1417,12047,326,3816,1434,15863,California
San Joaquin,2021-01-15,1545,21049,551,14798,994,6251,0,0,1307,13150,223,4039,1326,17189,California
San Joaquin,2021-01-16,1140,22189,181,14979,959,7210,0,0,1108,14227,31,4070,1108,18297,California
San Joaquin,2021-01-17,1628,23817,137,15116,1491,8701,0,0,1585,15771,43,4113,1587,19884,California
San Joaquin,2021-01-18,743,24560,239,15355,504,9205,0,0,622,16276,117,4230,622,20506,California
San Joaquin,2021-01-19,1884,26444,904,16259,980,10185,0,0,1200,16805,679,4909,1208,21714,California
San Joaquin,2021-01-20,2096,28540,1286,17545,810,10995,0,0,1448,17618,641,5550,1454,23168,California
San Joaquin,2021-01-21,1986,30526,901,18446,1085,12080,0,0,1587,18822,392,5942,1596,24764,California
San Joaquin,2021-01-22,1961,32487,898,19344,1063,13143,0,0,1820,20508,136,6078,1822,26586,California
San Joaquin,2021-01-23,901,33388,400,19744,501,13644,0,0,613,20836,287,6365,615,27201,California
San Joaquin,2021-01-24,353,33741,136,19880,217,13861,0,0,330,21146,20,6385,330,27531,California
San Joaquin,2021-01-25,2006,35747,1148,21028,858,14719,0,0,1432,22010,571,6956,1435,28966,California
San Joaquin,2021-01-26,2163,37910,1116,22144,1047,15766,0,0,1541,22942,615,7571,1547,30513,California
San Joaquin,2021-01-27,1748,39658,772,22916,976,16742,0,0,1245,23696,498,8069,1252,31765,California
San Joaquin,2021-01-28,2063,41721,778,23694,1285,18027,0,0,1398,24442,661,8730,1407,33172,California
San Joaquin,2021-01-29,2170,43891,1050,24744,1120,19147,0,0,1818,25923,346,9076,1827,34999,California
San Joaquin,2021-01-30,2178,46069,358,25102,1820,20967,0,0,1999,27746,178,9254,2001,37000,California
San Joaquin,2021-01-31,1560,47629,181,25283,1379,22346,0,0,1495,29178,64,9318,1496,38496,California
San Joaquin,2021-02-01,2542,50171,1348,26631,1194,23540,0,0,1775,30189,767,10085,1778,40274,California
San Joaquin,2021-02-02,2589,52760,1155,27786,1434,24974,0,0,1978,31620,551,10636,1982,42256,California
San Joaquin,2021-02-03,3079,55839,1212,28998,1867,26841,0,0,2209,32974,863,11499,2217,44473,California
San Joaquin,2021-02-04,3551,59390,1819,30817,1732,28573,0,0,2651,34737,894,12393,2657,47130,California
San Joaquin,2021-02-05,3176,62566,1806,32623,1370,29943,0,0,2343,36272,822,13215,2357,49487,California
San Joaquin,2021-02-06,1093,63659,746,33369,347,30290,0,0,946,37075,144,13359,947,50434,California
San Joaquin,2021-02-07,622,64281,493,33862,129,30419,0,0,418,37295,199,13558,419,50853,California
San Joaquin,2021-02-08,1795,66076,1039,34901,756,31175,0,0,1449,38427,323,13881,1455,52308,California
San Joaquin,2021-02-09,2136,68212,1161,36062,975,32150,0,0,1586,39536,480,14361,1589,53897,California
San Joaquin,2021-02-10,2586,70798,1254,37316,1332,33482,0,0,1355,39683,1209,15570,1356,55253,California
San Joaquin,2021-02-11,2928,73726,1488,38804,1440,34922,0,0,1706,40206,1190,16760,1713,56966,California
San Joaquin,2021-02-12,2833,76559,1133,39937,1700,36622,0,0,1607,40613,1205,17965,1612,58578,California
San Joaquin,2021-02-13,2120,78679,397,40334,1723,38345,0,0,852,40217,1254,19219,858,59436,California
San Joaquin,2021-02-14,1916,80595,263,40597,1653,39998,0,0,698,39730,1186,20405,699,60135,California
San Joaquin,2021-02-15,1983,82578,821,41418,1162,41160,0,0,1187,40155,766,21171,1191,61326,California
San Joaquin,2021-02-16,3170,85748,1379,42797,1791,42951,0,0,1752,40515,1403,22574,1763,63089,California
San Joaquin,2021-02-17,3295,89043,1271,44068,2024,44975,0,0,1875,40989,1406,23980,1880,64969,California
San Joaquin,2021-02-18,3364,92407,1390,45458,1974,46949,0,0,1921,41510,1406,25386,1927,66896,California
San Joaquin,2021-02-19,4283,96690,2422,47880,1861,48810,0,0,2395,42071,1834,27220,2395,69291,California
San Joaquin,2021-02-20,1566,98256,665,48545,901,49711,0,0,1064,42636,499,27719,1064,70355,California
San Joaquin,2021-02-21,681,98937,515,49060,166,49877,0,0,430,42820,248,27967,432,70787,California
San Joaquin,2021-02-22,3563,102500,2513,51573,1050,50927,0,0,2546,44382,988,28955,2550,73337,California
San Joaquin,2021-02-23,4328,106828,2629,54202,1699,52626,0,0,2660,45411,1637,30592,2666,76003,California
San Joaquin,2021-02-24,5787,112615,3437,57639,2350,54976,0,0,4157,47968,1604,32196,4161,80164,California
San Joaquin,2021-02-25,6393,119008,3957,61596,2436,57412,0,0,4122,49871,2229,34425,4132,84296,California
San Joaquin,2021-02-26,5536,124544,2865,64461,2671,60083,0,0,3798,51973,1703,36128,3805,88101,California
San Joaquin,2021-02-27,5496,130040,1639,66100,3857,63940,0,0,2658,51864,2779,38907,2670,90771,California
San Joaquin,2021-02-28,3116,133156,1126,67226,1990,65930,0,0,2053,52886,1034,39941,2056,92827,California
San Joaquin,2021-03-01,4151,137307,1828,69054,2320,68250,3,3,2353,53471,1780,41721,2365,95192,California
San Joaquin,2021-03-02,4238,141545,1688,70742,2550,70800,0,3,2660,54632,1554,43275,2715,97907,California
San Joaquin,2021-03-03,5834,147379,3465,74207,2367,73167,2,5,4206,57236,1603,44878,4207,102114,California
San Joaquin,2021-03-04,5735,153114,2277,76484,3455,76622,3,8,3748,59017,1971,46849,3752,105866,California
San Joaquin,2021-03-05,4512,157626,1908,78392,2599,79221,5,13,3126,60784,1369,48218,3136,109002,California
San Joaquin,2021-03-06,3318,160944,2183,80575,1005,80226,130,143,2732,63068,582,48800,2866,111868,California
San Joaquin,2021-03-07,1225,162169,565,81140,612,80838,48,191,938,63770,269,49069,971,112839,California
San Joaquin,2021-03-08,3154,165323,1261,82401,1769,82607,124,315,2147,65045,995,50064,2270,115109,California
San Joaquin,2021-03-09,4042,169365,1833,84234,2078,84685,131,446,2683,66524,1340,51404,2819,117928,California
San Joaquin,2021-03-10,4665,174030,2479,86713,2045,86730,141,587,3431,68878,1218,52622,3572,121500,California
San Joaquin,2021-03-11,4975,179005,2366,89079,2005,88735,604,1191,2948,70421,2013,54635,3556,125056,California
San Joaquin,2021-03-12,6314,185319,3156,92235,2820,91555,338,1529,4166,72811,2121,56756,4511,129567,California
San Joaquin,2021-03-13,3076,188395,1463,93698,1489,93044,124,1653,2289,74453,779,57535,2421,131988,California
San Joaquin,2021-03-14,2176,190571,681,94379,1191,94235,304,1957,1030,74652,1139,58674,1338,133326,California
San Joaquin,2021-03-15,6103,196674,3509,97888,2190,96425,404,2361,3185,75372,2882,61556,3602,136928,California
San Joaquin,2021-03-16,6879,203553,3914,101802,2707,99132,258,2619,4049,76881,2805,64361,4314,141242,California
San Joaquin,2021-03-17,7844,211397,4701,106503,3072,102204,71,2690,4359,77878,3441,67802,4438,145680,California
San Joaquin,2021-03-18,7671,219068,4512,111015,2652,104856,507,3197,3772,78312,3853,71655,4287,149967,California
San Joaquin,2021-03-19,7966,227034,4671,115686,2752,107608,543,3740,4809,80592,3132,74787,5412,155379,California
San Joaquin,2021-03-20,3710,230744,2143,117829,1324,108932,243,3983,1836,80836,1848,76635,2092,157471,California
San Joaquin,2021-03-21,2135,232879,1516,119345,412,109344,207,4190,1168,81330,953,77588,1447,158918,California
San Joaquin,2021-03-22,4000,236879,2050,121395,1534,110878,416,4606,2363,82495,1620,79208,2785,161703,California
San Joaquin,2021-03-23,5407,242286,2656,124051,2583,113461,168,4774,3721,84728,1662,80870,3895,165598,California
San Joaquin,2021-03-24,6872,249158,4260,128311,2522,115983,90,4864,3022,84039,3809,84679,3120,168718,California
San Joaquin,2021-03-25,5591,254749,3322,131633,2221,118204,48,4912,3306,85138,2261,86940,3360,172078,California
San Joaquin,2021-03-26,6218,260967,2575,134208,3491,121695,152,5064,3245,85611,2945,89885,3418,175496,California
San Joaquin,2021-03-27,4686,265653,2630,136838,1982,123677,74,5138,1809,84652,2852,92737,1893,177389,California
San Joaquin,2021-03-28,2743,268396,1814,138652,904,124581,25,5163,1268,84604,1455,94192,1407,178796,California
San Joaquin,2021-03-29,4070,272466,2201,140853,1845,126426,24,5187,2033,84655,2021,96213,2072,180868,California
San Joaquin,2021-03-30,6249,278715,3184,144037,2973,129399,92,5279,3438,85424,2781,98994,3550,184418,California
San Joaquin,2021-03-31,6636,285351,4177,148214,2399,131798,60,5339,3350,85599,3260,102254,3435,187853,California
San Joaquin,2021-04-01,6458,291809,2999,151213,3369,135167,90,5429,2854,85027,3578,105832,3006,190859,California
San Joaquin,2021-04-02,6372,298181,2894,154107,2984,138151,494,5923,2514,84235,3831,109663,3039,193898,California
San Joaquin,2021-04-03,4164,302345,2347,156454,1491,139642,326,6249,2011,84448,2137,111800,2350,196248,California
San Joaquin,2021-04-04,2297,304642,1371,157825,718,140360,208,6457,1546,85483,740,112540,1775,198023,California
San Joaquin,2021-04-05,4813,309455,2851,160676,1718,142078,244,6701,2653,86243,2146,114686,2906,200929,California
San Joaquin,2021-04-06,7095,316550,4556,165232,2261,144339,278,6979,3359,86192,3706,118392,3655,204584,California
San Joaquin,2021-04-07,8368,324918,4556,169788,2226,146565,1586,8565,3517,86479,4829,123221,5116,209700,California
San Joaquin,2021-04-08,8798,333716,4713,174501,1947,148512,2138,10703,3322,86491,5448,128669,5460,215160,California
San Joaquin,2021-04-09,8978,342694,4364,178865,3046,151558,1568,12271,3297,85718,5656,134325,4883,220043,California
San Joaquin,2021-04-10,5265,347959,1666,180531,1686,153244,1913,14184,1799,85974,3454,137779,3710,223753,California
San Joaquin,2021-04-11,4300,352259,1770,182301,1364,154608,1166,15350,1976,86799,2311,140090,3136,226889,California
San Joaquin,2021-04-12,6083,358342,2463,184764,2070,156678,1550,16900,2413,87120,3648,143738,3969,230858,California
San Joaquin,2021-04-13,7563,365905,4376,189140,3178,159856,9,16909,4660,88915,2880,146618,4675,235533,California
San Joaquin,2021-04-14,7652,373557,3898,193038,3752,163608,2,16911,4626,90553,3003,149621,4641,240174,California
San Joaquin,2021-04-15,7928,381485,4711,197749,3217,166825,0,16911,4451,91571,3443,153064,4461,244635,California
San Joaquin,2021-04-16,7820,389305,4249,201998,3568,170393,3,16914,4744,93282,3047,156111,4758,249393,California
San Joaquin,2021-04-17,5202,394507,2818,204816,2382,172775,2,16916,3693,95498,1497,157608,3713,253106,California
San Joaquin,2021-04-18,2502,397009,1396,206212,1106,173881,0,16916,1335,95690,1151,158759,1343,254449,California
San Joaquin,2021-04-19,5215,402224,2822,209034,2393,176274,0,16916,2777,96068,2411,161170,2789,257238,California
San Joaquin,2021-04-20,6260,408484,3310,212344,2950,179224,0,16916,2959,95767,3271,164441,2970,260208,California
San Joaquin,2021-04-21,5675,414159,3147,215491,2528,181752,0,16916,2933,96020,2688,167129,2941,263149,California
San Joaquin,2021-04-22,5330,419489,3156,218647,2172,183924,2,16918,3083,96905,2218,169347,3103,266252,California
San Joaquin,2021-04-23,5955,425444,2851,221498,3103,187027,1,16919,3765,98508,2169,171516,3772,270024,California
San Joaquin,2021-04-24,5290,430734,3640,225138,1648,188675,2,16921,3448,100150,1814,173330,3456,273480,California
San Joaquin,2021-04-25,3080,433814,2594,227732,486,189161,0,16921,2045,101191,1011,174341,2052,275532,California
San Joaquin,2021-04-26,4060,437874,2660,230392,1396,190557,4,16925,2168,101490,1880,176221,2179,277711,California
San Joaquin,2021-04-27,4640,442514,2676,233068,1902,192459,62,16987,1979,100900,2639,178860,2049,279760,California
San Joaquin,2021-04-28,5589,448103,3366,236434,2143,194602,80,17067,2771,100974,2788,181648,2862,282622,California
San Joaquin,2021-04-29,4926,453029,2883,239317,1986,196588,57,17124,2530,101198,2375,184023,2599,285221,California
San Joaquin,2021-04-30,4992,458021,2442,241759,2483,199071,67,17191,2583,101468,2391,186414,2661,287882,California
San Joaquin,2021-05-01,3359,461380,1920,243679,1381,200452,58,17249,2141,102471,1209,187623,2212,290094,California
San Joaquin,2021-05-02,2308,463688,1605,245284,646,201098,57,17306,1178,102581,1126,188749,1236,291330,California
San Joaquin,2021-05-03,3335,467023,2261,247545,1000,202098,74,17380,1406,102157,1912,190661,1488,292818,California
San Joaquin,2021-05-04,4866,471889,3304,250849,1406,203504,156,17536,1789,101056,3057,193718,1956,294774,California
San Joaquin,2021-05-05,5114,477003,3552,254401,1399,204903,163,17699,2292,100726,2793,196511,2463,297237,California
San Joaquin,2021-05-06,4673,481676,3132,257533,1411,206314,130,17829,2035,100282,2621,199132,2177,299414,California
San Joaquin,2021-05-07,5124,486800,2959,260492,2012,208326,153,17982,1912,99167,3190,202322,2075,301489,California
San Joaquin,2021-05-08,3282,490082,2110,262602,1070,209396,102,18084,1212,98437,2053,204375,1323,302812,California
San Joaquin,2021-05-09,1487,491569,851,263453,566,209962,70,18154,590,98209,894,205269,666,303478,California
San Joaquin,2021-05-10,2822,494391,1484,264937,1213,211175,125,18279,933,97401,1871,207140,1063,304541,California
San Joaquin,2021-05-11,4200,498591,2214,267151,1865,213040,121,18400,1344,96058,2840,209980,1497,306038,California
San Joaquin,2021-05-12,4399,502990,2101,269252,2173,215213,125,18525,1463,94742,2919,212899,1603,307641,California
San Joaquin,2021-05-13,4762,507752,2786,272038,1888,217101,88,18613,1860,93818,2887,215786,1963,309604,California
San Joaquin,2021-05-14,5758,513510,3430,275468,2219,219320,109,18722,2431,93068,3298,219084,2548,312152,California
San Joaquin,2021-05-15,5244,518754,3118,278586,2046,221366,80,18802,1651,91240,3563,222647,1735,313887,California
San Joaquin,2021-05-16,3568,522322,2792,281378,727,222093,49,18851,1433,90608,2122,224769,1490,315377,California
San Joaquin,2021-05-17,4143,526465,2476,283854,1570,223663,97,18948,1794,90176,2333,227102,1901,317278,California
San Joaquin,2021-05-18,3949,530414,2278,286132,1552,225215,119,19067,1882,90125,2051,229153,2000,319278,California
San Joaquin,2021-05-19,4760,535174,2762,288894,1863,227078,135,19202,2103,89745,2627,231780,2247,321525,California
San Joaquin,2021-05-20,3942,539116,2357,291251,1481,228559,104,19306,1772,89476,2149,233929,1880,323405,California
San Joaquin,2021-05-21,4958,544074,2886,294137,1949,230508,123,19429,2278,89236,2651,236580,2411,325816,California
San Joaquin,2021-05-22,3985,548059,2476,296613,1415,231923,94,19523,1776,88920,2196,238776,1880,327696,California
San Joaquin,2021-05-23,2389,550448,1936,298549,409,232332,44,19567,1407,89402,973,239749,1455,329151,California
San Joaquin,2021-05-24,2952,553400,1688,300237,1171,233503,93,19660,1374,89313,1561,241310,1472,330623,California
San Joaquin,2021-05-25,3092,556492,1922,302159,1020,234523,150,19810,1467,89322,1607,242917,1616,332239,California
San Joaquin,2021-05-26,3857,560349,2372,304531,1410,235933,75,19885,1606,88771,2237,245154,1686,333925,California
San Joaquin,2021-05-27,2914,563263,1491,306022,1339,237272,84,19969,1138,88234,1762,246916,1225,335150,California
San Joaquin,2021-05-28,3087,566350,1649,307671,1348,238620,90,20059,1459,88190,1604,248520,1560,336710,California
San Joaquin,2021-05-29,2129,568479,1171,308842,922,239542,36,20095,954,88014,1171,249691,995,337705,California
San Joaquin,2021-05-30,971,569450,518,309360,427,239969,26,20121,407,87891,559,250250,436,338141,California
San Joaquin,2021-05-31,619,570069,259,309619,353,240322,7,20128,238,87759,377,250627,245,338386,California
San Joaquin,2021-06-01,2430,572499,1472,311091,863,241185,95,20223,1166,87772,1255,251882,1268,339654,California
San Joaquin,2021-06-02,2710,575209,1604,312695,1052,242237,54,20277,1150,87436,1543,253425,1207,340861,California
San Joaquin,2021-06-03,2816,578025,1740,314435,1020,243257,56,20333,1088,86872,1713,255138,1149,342010,California
San Joaquin,2021-06-04,3122,581147,1916,316351,1098,244355,108,20441,1089,86062,2006,257144,1196,343206,California
San Joaquin,2021-06-05,2331,583478,1785,318136,495,244850,51,20492,1082,86044,1156,258300,1138,344344,California
San Joaquin,2021-06-06,1067,584545,856,318992,177,245027,34,20526,434,85898,614,258914,468,344812,California
San Joaquin,2021-06-07,2797,587342,2077,321069,679,245706,41,20567,982,85123,1808,260722,1033,345845,California
San Joaquin,2021-06-08,2732,590074,2070,323139,618,246324,44,20611,865,84181,1854,262576,912,346757,California
San Joaquin,2021-06-09,2821,592895,1957,325096,821,247145,43,20654,942,83308,1861,264437,988,347745,California
San Joaquin,2021-06-10,2615,595510,1900,326996,656,247801,59,20713,992,82743,1618,266055,1053,348798,California
San Joaquin,2021-06-11,2824,598334,1934,328930,782,248583,108,20821,956,81949,1859,267914,1065,349863,California
San Joaquin,2021-06-12,1797,600131,1341,330271,429,249012,27,20848,607,81408,1184,269098,643,350506,California
San Joaquin,2021-06-13,932,601063,711,330982,192,249204,29,20877,426,81363,502,269600,457,350963,California
San Joaquin,2021-06-14,2169,603232,1458,332440,639,249843,72,20949,963,81204,1196,270796,1037,352000,California
San Joaquin,2021-06-15,2237,605469,1491,333931,668,250511,78,21027,872,80806,1353,272149,955,352955,California
San Joaquin,2021-06-16,2458,607927,1701,335632,675,251186,82,21109,887,80219,1557,273706,970,353925,California
San Joaquin,2021-06-17,2019,609946,1318,336950,657,251843,44,21153,697,79651,1310,275016,742,354667,California
San Joaquin,2021-06-18,1389,611335,913,337863,430,252273,46,21199,473,79259,911,275927,519,355186,California
San Luis Obispo,2020-12-16,4,4,4,4,0,0,0,0,4,4,0,0,4,4,California
San Luis Obispo,2020-12-17,196,200,196,200,0,0,0,0,196,200,0,0,196,200,California
San Luis Obispo,2020-12-18,225,425,225,425,0,0,0,0,225,425,0,0,225,425,California
San Luis Obispo,2020-12-19,165,590,165,590,0,0,0,0,165,590,0,0,165,590,California
San Luis Obispo,2020-12-20,216,806,216,806,0,0,0,0,216,806,0,0,216,806,California
San Luis Obispo,2020-12-21,550,1356,549,1355,1,1,0,0,550,1356,0,0,550,1356,California
San Luis Obispo,2020-12-22,310,1666,306,1661,4,5,0,0,310,1666,0,0,310,1666,California
San Luis Obispo,2020-12-23,680,2346,366,2027,314,319,0,0,680,2346,0,0,680,2346,California
San Luis Obispo,2020-12-24,194,2540,19,2046,175,494,0,0,194,2540,0,0,194,2540,California
San Luis Obispo,2020-12-25,2,2542,1,2047,1,495,0,0,2,2542,0,0,2,2542,California
San Luis Obispo,2020-12-26,91,2633,13,2060,78,573,0,0,91,2633,0,0,91,2633,California
San Luis Obispo,2020-12-27,76,2709,0,2060,76,649,0,0,76,2709,0,0,76,2709,California
San Luis Obispo,2020-12-28,881,3590,432,2492,449,1098,0,0,881,3590,0,0,881,3590,California
San Luis Obispo,2020-12-29,904,4494,503,2995,401,1499,0,0,904,4494,0,0,904,4494,California
San Luis Obispo,2020-12-30,1173,5667,680,3675,493,1992,0,0,1173,5667,0,0,1173,5667,California
San Luis Obispo,2020-12-31,108,5775,4,3679,104,2096,0,0,108,5775,0,0,108,5775,California
San Luis Obispo,2021-01-01,16,5791,9,3688,7,2103,0,0,16,5791,0,0,16,5791,California
San Luis Obispo,2021-01-02,34,5825,8,3696,26,2129,0,0,34,5825,0,0,34,5825,California
San Luis Obispo,2021-01-03,17,5842,6,3702,11,2140,0,0,17,5842,0,0,17,5842,California
San Luis Obispo,2021-01-04,681,6523,524,4226,157,2297,0,0,681,6523,0,0,681,6523,California
San Luis Obispo,2021-01-05,975,7498,753,4979,222,2519,0,0,972,7492,3,3,972,7495,California
San Luis Obispo,2021-01-06,727,8225,480,5459,247,2766,0,0,719,8204,7,10,719,8214,California
San Luis Obispo,2021-01-07,1128,9353,950,6409,178,2944,0,0,684,8444,444,454,684,8898,California
San Luis Obispo,2021-01-08,882,10235,804,7213,78,3022,0,0,512,8587,369,823,512,9410,California
San Luis Obispo,2021-01-09,206,10441,196,7409,10,3032,0,0,28,8437,178,1001,28,9438,California
San Luis Obispo,2021-01-10,12,10453,8,7417,4,3036,0,0,8,8441,4,1005,8,9446,California
San Luis Obispo,2021-01-11,561,11014,510,7927,51,3087,0,0,299,8479,261,1266,299,9745,California
San Luis Obispo,2021-01-12,598,11612,382,8309,216,3303,0,0,318,8517,280,1546,318,10063,California
San Luis Obispo,2021-01-13,886,12498,258,8567,628,3931,0,0,649,8931,235,1781,649,10712,California
San Luis Obispo,2021-01-14,728,13226,239,8806,489,4420,0,0,606,9424,113,1894,606,11318,California
San Luis Obispo,2021-01-15,734,13960,292,9098,442,4862,0,0,555,9805,174,2068,555,11873,California
San Luis Obispo,2021-01-16,100,14060,81,9179,19,4881,0,0,94,9893,6,2074,94,11967,California
San Luis Obispo,2021-01-17,64,14124,57,9236,7,4888,0,0,64,9957,0,2074,64,12031,California
San Luis Obispo,2021-01-18,1372,15496,390,9626,982,5870,0,0,1107,10799,265,2339,1107,13138,California
San Luis Obispo,2021-01-19,1575,17071,415,10041,1160,7030,0,0,1168,11561,407,2746,1169,14307,California
San Luis Obispo,2021-01-20,1893,18964,602,10643,1291,8321,0,0,1300,12271,591,3337,1301,15608,California
San Luis Obispo,2021-01-21,1577,20541,471,11114,1106,9427,0,0,1205,13109,368,3705,1206,16814,California
San Luis Obispo,2021-01-22,1523,22064,508,11622,1015,10442,0,0,1207,14002,314,4019,1207,18021,California
San Luis Obispo,2021-01-23,316,22380,297,11919,19,10461,0,0,300,14286,16,4035,300,18321,California
San Luis Obispo,2021-01-24,251,22631,243,12162,8,10469,0,0,245,14525,6,4041,245,18566,California
San Luis Obispo,2021-01-25,2077,24708,602,12764,1475,11944,0,0,1247,14942,830,4871,1247,19813,California
San Luis Obispo,2021-01-26,2006,26714,701,13465,1305,13249,0,0,1142,15220,864,5735,1142,20955,California
San Luis Obispo,2021-01-27,1619,28333,292,13757,1327,14576,0,0,1162,15925,457,6192,1162,22117,California
San Luis Obispo,2021-01-28,1501,29834,343,14100,1158,15734,0,0,1235,16896,264,6456,1235,23352,California
San Luis Obispo,2021-01-29,1751,31585,688,14788,1063,16797,0,0,1463,18071,288,6744,1463,24815,California
San Luis Obispo,2021-01-30,39,31624,18,14806,21,16818,0,0,28,18089,10,6754,28,24843,California
San Luis Obispo,2021-01-31,29,31653,19,14825,10,16828,0,0,27,18114,2,6756,27,24870,California
San Luis Obispo,2021-02-01,1713,33366,743,15568,970,17798,0,0,1406,19214,306,7062,1406,26276,California
San Luis Obispo,2021-02-02,1901,35267,680,16248,1221,19019,0,0,1526,20366,375,7437,1527,27803,California
San Luis Obispo,2021-02-03,1719,36986,730,16978,989,20008,0,0,1303,21253,416,7853,1303,29106,California
San Luis Obispo,2021-02-04,1668,38654,803,17781,865,20873,0,0,1098,21781,570,8423,1098,30204,California
San Luis Obispo,2021-02-05,1608,40262,716,18497,892,21765,0,0,1063,22299,546,8969,1064,31268,California
San Luis Obispo,2021-02-06,177,40439,107,18604,70,21835,0,0,97,22316,80,9049,97,31365,California
San Luis Obispo,2021-02-07,124,40563,79,18683,45,21880,0,0,72,22337,52,9101,73,31438,California
San Luis Obispo,2021-02-08,863,41426,473,19156,390,22270,0,0,503,22481,359,9460,503,31941,California
San Luis Obispo,2021-02-09,1131,42557,451,19607,680,22950,0,0,547,22457,578,10038,554,32495,California
San Luis Obispo,2021-02-10,1444,44001,492,20099,952,23902,0,0,528,22074,914,10952,531,33026,California
San Luis Obispo,2021-02-11,1337,45338,849,20948,488,24390,0,0,658,22055,677,11629,658,33684,California
San Luis Obispo,2021-02-12,791,46129,368,21316,423,24813,0,0,419,22102,372,12001,419,34103,California
San Luis Obispo,2021-02-13,394,46523,131,21447,263,25076,0,0,286,22281,107,12108,286,34389,California
San Luis Obispo,2021-02-14,318,46841,41,21488,277,25353,0,0,282,22528,36,12144,283,34672,California
San Luis Obispo,2021-02-15,729,47570,140,21628,589,25942,0,0,475,22750,253,12397,475,35147,California
San Luis Obispo,2021-02-16,2971,50541,1197,22825,1774,27716,0,0,1363,22505,1608,14005,1363,36510,California
San Luis Obispo,2021-02-17,2786,53327,1251,24076,1535,29251,0,0,1028,21782,1751,15756,1028,37538,California
San Luis Obispo,2021-02-18,2824,56151,1460,25536,1364,30615,0,0,1132,21232,1683,17439,1133,38671,California
San Luis Obispo,2021-02-19,1469,57620,1348,26884,121,30736,0,0,1139,22043,328,17767,1139,39810,California
San Luis Obispo,2021-02-20,256,57876,81,26965,175,30911,0,0,218,22223,38,17805,218,40028,California
San Luis Obispo,2021-02-21,57,57933,53,27018,4,30915,0,0,32,22230,25,17830,32,40060,California
San Luis Obispo,2021-02-22,2423,60356,1873,28891,550,31465,0,0,1474,22757,948,18778,1475,41535,California
San Luis Obispo,2021-02-23,1861,62217,1746,30637,115,31580,0,0,1366,23630,494,19272,1367,42902,California
San Luis Obispo,2021-02-24,2642,64859,1299,31936,1343,32923,0,0,837,22665,1802,21074,837,43739,California
San Luis Obispo,2021-02-25,2138,66997,1245,33181,893,33816,0,0,1208,22950,924,21998,1209,44948,California
San Luis Obispo,2021-02-26,2656,69653,1152,34333,1504,35320,0,0,1330,22964,1316,23314,1330,46278,California
San Luis Obispo,2021-02-27,584,70237,354,34687,230,35550,0,0,530,23440,54,23368,530,46808,California
San Luis Obispo,2021-02-28,195,70432,67,34754,128,35678,0,0,161,23568,33,23401,161,46969,California
San Luis Obispo,2021-03-01,3015,73447,1883,36637,1130,36808,2,2,2081,24718,934,24335,2084,49053,California
San Luis Obispo,2021-03-02,3043,76490,1912,38549,1131,37939,0,2,1887,25455,1151,25486,1888,50941,California
San Luis Obispo,2021-03-03,2350,78840,344,38893,2006,39945,0,2,852,24817,1491,26977,853,51794,California
San Luis Obispo,2021-03-04,2202,81042,1164,40057,1038,40983,0,2,1186,24992,1013,27990,1188,52982,California
San Luis Obispo,2021-03-05,2308,83350,1024,41081,1214,42197,70,72,1299,25366,995,28985,1369,54351,California
San Luis Obispo,2021-03-06,843,84193,311,41392,424,42621,108,180,620,25865,223,29208,722,55073,California
San Luis Obispo,2021-03-07,201,84394,31,41423,85,42706,85,265,72,25894,128,29336,157,55230,California
San Luis Obispo,2021-03-08,2740,87134,758,42181,1667,44373,315,580,1544,26562,1191,30527,1859,57089,California
San Luis Obispo,2021-03-09,2955,90089,971,43152,1736,46109,248,828,1524,26908,1427,31954,1773,58862,California
San Luis Obispo,2021-03-10,3201,93290,1240,44392,1678,47787,283,1111,1815,27625,1381,33335,2098,60960,California
San Luis Obispo,2021-03-11,3298,96588,1272,45664,1704,49491,322,1433,1804,28267,1484,34819,2126,63086,California
San Luis Obispo,2021-03-12,3258,99846,1278,46942,1640,51131,340,1773,1622,28603,1630,36449,1966,65052,California
San Luis Obispo,2021-03-13,801,100647,263,47205,430,51561,108,1881,430,28771,370,36819,538,65590,California
San Luis Obispo,2021-03-14,514,101161,53,47258,351,51912,110,1991,134,28636,379,37198,244,65834,California
San Luis Obispo,2021-03-15,3063,104224,1104,48362,1861,53773,98,2089,1529,28735,1531,38729,1630,67464,California
San Luis Obispo,2021-03-16,2860,107084,1511,49873,1238,55011,111,2200,1438,28868,1415,40144,1548,69012,California
San Luis Obispo,2021-03-17,3457,110541,1448,51321,1746,56757,263,2463,2009,29702,1437,41581,2271,71283,California
San Luis Obispo,2021-03-18,2829,113370,1452,52773,1163,57920,214,2677,1353,29799,1469,43050,1566,72849,California
San Luis Obispo,2021-03-19,2602,115972,1573,54346,707,58627,322,2999,962,29453,1632,44682,1286,74135,California
San Luis Obispo,2021-03-20,841,116813,503,54849,301,58928,37,3036,386,29422,454,45136,423,74558,California
San Luis Obispo,2021-03-21,187,117000,45,54894,139,59067,3,3039,157,29553,29,45165,160,74718,California
San Luis Obispo,2021-03-22,2706,119706,1170,56064,1488,60555,48,3087,1872,30643,830,45995,1920,76638,California
San Luis Obispo,2021-03-23,3394,123100,2216,58280,1148,61703,30,3117,2274,31832,1115,47110,2304,78942,California
San Luis Obispo,2021-03-24,3577,126677,2188,60468,1303,63006,86,3203,2663,33672,908,48018,2748,81690,California
San Luis Obispo,2021-03-25,3704,130381,2322,62790,1370,64376,12,3215,2653,35289,1047,49065,2664,84354,California
San Luis Obispo,2021-03-26,3266,133647,1808,64598,1024,65400,434,3649,1830,36122,1431,50496,2264,86618,California
San Luis Obispo,2021-03-27,992,134639,504,65102,397,65797,91,3740,451,36125,539,51035,542,87160,California
San Luis Obispo,2021-03-28,449,135088,153,65255,240,66037,56,3796,248,36229,200,51235,304,87464,California
San Luis Obispo,2021-03-29,2631,137719,1323,66578,1175,67212,133,3929,1684,37115,932,52167,1818,89282,California
San Luis Obispo,2021-03-30,3530,141249,1938,68516,1451,68663,141,4070,2343,38418,1180,53347,2483,91765,California
San Luis Obispo,2021-03-31,3895,145144,2480,70996,1268,69931,147,4217,2510,39700,1374,54721,2656,94421,California
San Luis Obispo,2021-04-01,3899,149043,2469,73465,1312,71243,118,4335,2722,41375,1163,55884,2838,97259,California
San Luis Obispo,2021-04-02,1750,150793,684,74149,751,71994,315,4650,948,41835,800,56684,1260,98519,California
San Luis Obispo,2021-04-03,1113,151906,556,74705,430,72424,127,4777,493,41839,616,57300,620,99139,California
San Luis Obispo,2021-04-04,391,152297,135,74840,216,72640,40,4817,242,41972,149,57449,282,99421,California
San Luis Obispo,2021-04-05,3609,155906,1934,76774,1564,74204,111,4928,2011,42499,1594,59043,2121,101542,California
San Luis Obispo,2021-04-06,4063,159969,2162,78936,1575,75779,326,5254,1940,42649,2115,61158,2265,103807,California
San Luis Obispo,2021-04-07,4312,164281,2351,81287,1595,77374,366,5620,2464,43643,1833,62991,2827,106634,California
San Luis Obispo,2021-04-08,4074,168355,2221,83508,1446,78820,407,6027,2169,44324,1896,64887,2577,109211,California
San Luis Obispo,2021-04-09,3691,172046,1757,85265,1174,79994,760,6787,1513,44424,2167,67054,2267,111478,California
San Luis Obispo,2021-04-10,1599,173645,571,85836,357,80351,671,7458,497,44488,1101,68155,1165,112643,California
San Luis Obispo,2021-04-11,314,173959,61,85897,186,80537,67,7525,123,44489,189,68344,190,112833,California
San Luis Obispo,2021-04-12,3420,177379,1717,87614,1540,82077,163,7688,1422,44076,1997,70341,1584,114417,California
San Luis Obispo,2021-04-13,3694,181073,2139,89753,1554,83631,1,7689,1983,44356,1707,72048,1987,116404,California
San Luis Obispo,2021-04-14,3590,184663,2040,91793,1545,85176,5,7694,1772,44331,1802,73850,1777,118181,California
San Luis Obispo,2021-04-15,3763,188426,2452,94245,1310,86486,1,7695,2018,44632,1726,75576,2027,120208,California
San Luis Obispo,2021-04-16,3697,192123,2255,96500,1438,87924,4,7699,1785,44522,1903,77479,1793,122001,California
San Luis Obispo,2021-04-17,1094,193217,432,96932,660,88584,2,7701,710,44851,383,77862,712,122713,California
San Luis Obispo,2021-04-18,323,193540,100,97032,222,88806,1,7702,114,44759,206,78068,114,122827,California
San Luis Obispo,2021-04-19,3206,196746,1354,98386,1814,90620,38,7740,1098,43798,2104,80172,1143,123970,California
San Luis Obispo,2021-04-20,3636,200382,2020,100406,1616,92236,0,7740,1331,42837,2295,82467,1334,125304,California
San Luis Obispo,2021-04-21,3987,204369,1835,102241,2152,94388,0,7740,1584,42042,2383,84850,1588,126892,California
San Luis Obispo,2021-04-22,4596,208965,2070,104311,2526,96914,0,7740,1415,40295,3164,88014,1417,128309,California
San Luis Obispo,2021-04-23,1409,210374,820,105131,585,97499,4,7744,700,40295,705,88719,705,129014,California
San Luis Obispo,2021-04-24,1084,211458,440,105571,625,98124,19,7763,509,40241,582,89301,528,129542,California
San Luis Obispo,2021-04-25,348,211806,162,105733,186,98310,0,7763,112,40120,233,89534,112,129654,California
San Luis Obispo,2021-04-26,1082,212888,396,106129,669,98979,17,7780,395,39856,675,90209,411,130065,California
San Luis Obispo,2021-04-27,3928,216816,1989,108118,1859,100838,80,7860,1544,39103,2376,92585,1623,131688,California
San Luis Obispo,2021-04-28,3814,220630,2102,110220,1640,102478,72,7932,1363,38099,2439,95024,1435,133123,California
San Luis Obispo,2021-04-29,3721,224351,2123,112343,1532,104010,66,7998,1253,36967,2452,97476,1320,134443,California
San Luis Obispo,2021-04-30,2987,227338,1672,114015,1241,105251,74,8072,925,35920,2044,99520,997,135440,California
San Luis Obispo,2021-05-01,472,227810,162,114177,275,105526,35,8107,99,35684,369,99889,133,135573,California
San Luis Obispo,2021-05-02,173,227983,53,114230,100,105626,20,8127,43,35617,130,100019,63,135636,California
San Luis Obispo,2021-05-03,896,228879,288,114518,498,106124,110,8237,226,35283,668,100687,334,135970,California
San Luis Obispo,2021-05-04,2954,231833,1907,116425,976,107100,71,8308,872,34149,2075,102762,941,136911,California
San Luis Obispo,2021-05-05,2821,234654,1862,118287,893,107993,66,8374,684,32775,2125,104887,751,137662,California
San Luis Obispo,2021-05-06,2831,237485,1909,120196,859,108852,63,8437,724,31472,2090,106977,787,138449,California
San Luis Obispo,2021-05-07,2343,239828,1765,121961,511,109363,67,8504,610,30438,1712,108689,678,139127,California
San Luis Obispo,2021-05-08,567,240395,332,122293,211,109574,24,8528,192,30297,357,109046,216,139343,California
San Luis Obispo,2021-05-09,163,240558,40,122333,104,109678,19,8547,45,30244,117,109163,64,139407,California
San Luis Obispo,2021-05-10,727,241285,155,122488,521,110199,51,8598,153,29877,569,109732,202,139609,California
San Luis Obispo,2021-05-11,1188,242473,596,123084,517,110716,75,8673,362,29494,820,110552,437,140046,California
San Luis Obispo,2021-05-12,2433,244906,1604,124688,746,111462,83,8756,672,28504,1745,112297,755,140801,California
San Luis Obispo,2021-05-13,1144,246050,714,125402,368,111830,62,8818,476,28378,663,112960,537,141338,California
San Luis Obispo,2021-05-14,2242,248292,1637,127039,554,112384,51,8869,927,28059,1296,114256,977,142315,California
San Luis Obispo,2021-05-15,986,249278,454,127493,498,112882,34,8903,463,28036,521,114777,498,142813,California
San Luis Obispo,2021-05-16,306,249584,164,127657,136,113018,6,8909,173,28083,132,114909,179,142992,California
San Luis Obispo,2021-05-17,1687,251271,976,128633,651,113669,60,8969,668,27801,1010,115919,728,143720,California
San Luis Obispo,2021-05-18,1899,253170,1161,129794,708,114377,30,8999,727,27393,1166,117085,758,144478,California
San Luis Obispo,2021-05-19,1452,254622,625,130419,765,115142,62,9061,410,26828,1036,118121,471,144949,California
San Luis Obispo,2021-05-20,1140,255762,504,130923,599,115741,37,9098,341,26418,788,118909,378,145327,California
San Luis Obispo,2021-05-21,1080,256842,574,131497,465,116206,41,9139,509,26407,561,119470,550,145877,California
San Luis Obispo,2021-05-22,669,257511,325,131822,322,116528,22,9161,331,26429,331,119801,353,146230,California
San Luis Obispo,2021-05-23,146,257657,68,131890,72,116600,6,9167,51,26392,94,119895,57,146287,California
San Luis Obispo,2021-05-24,565,258222,265,132155,266,116866,34,9201,204,26271,359,120254,238,146525,California
San Luis Obispo,2021-05-25,877,259099,433,132588,417,117283,27,9228,351,26130,518,120772,377,146902,California
San Luis Obispo,2021-05-26,2145,261244,992,133580,1098,118381,55,9283,671,25387,1468,122240,725,147627,California
San Luis Obispo,2021-05-27,1874,263118,662,134242,1179,119560,33,9316,483,24516,1386,123626,515,148142,California
San Luis Obispo,2021-05-28,883,264001,452,134694,410,119970,21,9337,464,24584,417,124043,485,148627,California
San Luis Obispo,2021-05-29,374,264375,150,134844,213,120183,11,9348,211,24645,162,124205,223,148850,California
San Luis Obispo,2021-05-30,88,264463,35,134879,45,120228,8,9356,34,24633,53,124258,41,148891,California
San Luis Obispo,2021-05-31,42,264505,5,134884,23,120251,14,9370,16,24637,25,124283,29,148920,California
San Luis Obispo,2021-06-01,751,265256,326,135210,394,120645,31,9401,270,24461,477,124760,301,149221,California
San Luis Obispo,2021-06-02,632,265888,287,135497,304,120949,41,9442,186,24247,440,125200,226,149447,California
San Luis Obispo,2021-06-03,917,266805,453,135950,432,121381,32,9474,253,23871,661,125861,285,149732,California
San Luis Obispo,2021-06-04,2470,269275,1520,137470,910,122291,40,9514,701,22853,1757,127618,739,150471,California
San Luis Obispo,2021-06-05,659,269934,286,137756,352,122643,21,9535,322,22859,337,127955,343,150814,California
San Luis Obispo,2021-06-06,185,270119,132,137888,44,122687,9,9544,46,22775,139,128094,55,150869,California
San Luis Obispo,2021-06-07,549,270668,358,138246,150,122837,41,9585,156,22581,391,128485,197,151066,California
San Luis Obispo,2021-06-08,784,271452,526,138772,217,123054,41,9626,245,22332,535,129020,286,151352,California
San Luis Obispo,2021-06-09,621,272073,353,139125,237,123291,31,9657,188,22120,431,129451,219,151571,California
San Luis Obispo,2021-06-10,758,272831,366,139491,353,123644,39,9696,236,21875,520,129971,275,151846,California
San Luis Obispo,2021-06-11,927,273758,541,140032,350,123994,36,9732,345,21679,578,130549,382,152228,California
San Luis Obispo,2021-06-12,391,274149,267,140299,121,124115,3,9735,167,21626,223,130772,170,152398,California
San Luis Obispo,2021-06-13,159,274308,91,140390,65,124180,3,9738,42,21554,117,130889,45,152443,California
San Luis Obispo,2021-06-14,457,274765,301,140691,125,124305,31,9769,132,21393,322,131211,161,152604,California
San Luis Obispo,2021-06-15,640,275405,397,141088,205,124510,38,9807,238,21270,398,131609,275,152879,California
San Luis Obispo,2021-06-16,594,275999,361,141449,206,124716,27,9834,181,21070,407,132016,207,153086,California
San Luis Obispo,2021-06-17,571,276570,332,141781,216,124932,23,9857,188,20899,382,132398,211,153297,California
San Luis Obispo,2021-06-18,199,276769,111,141892,76,125008,12,9869,70,20855,125,132523,81,153378,California
San Mateo,2020-12-15,27,27,27,27,0,0,0,0,27,27,0,0,27,27,California
San Mateo,2020-12-16,110,137,110,137,0,0,0,0,110,137,0,0,110,137,California
San Mateo,2020-12-17,172,309,172,309,0,0,0,0,172,309,0,0,172,309,California
San Mateo,2020-12-18,772,1081,770,1079,2,2,0,0,772,1081,0,0,772,1081,California
San Mateo,2020-12-19,504,1585,504,1583,0,2,0,0,504,1585,0,0,504,1585,California
San Mateo,2020-12-20,505,2090,504,2087,1,3,0,0,505,2090,0,0,505,2090,California
San Mateo,2020-12-21,1137,3227,1136,3223,1,4,0,0,1137,3227,0,0,1137,3227,California
San Mateo,2020-12-22,1516,4743,1508,4731,8,12,0,0,1515,4742,0,0,1515,4742,California
San Mateo,2020-12-23,1557,6300,1369,6100,188,200,0,0,1557,6299,0,0,1557,6299,California
San Mateo,2020-12-24,863,7163,610,6710,253,453,0,0,863,7162,0,0,863,7162,California
San Mateo,2020-12-25,117,7280,114,6824,3,456,0,0,117,7279,0,0,117,7279,California
San Mateo,2020-12-26,559,7839,416,7240,143,599,0,0,559,7838,0,0,559,7838,California
San Mateo,2020-12-27,308,8147,177,7417,131,730,0,0,308,8146,0,0,308,8146,California
San Mateo,2020-12-28,1048,9195,706,8123,342,1072,0,0,1048,9194,0,0,1048,9194,California
San Mateo,2020-12-29,1132,10327,715,8838,417,1489,0,0,1132,10326,0,0,1132,10326,California
San Mateo,2020-12-30,1262,11589,762,9600,500,1989,0,0,1262,11588,0,0,1262,11588,California
San Mateo,2020-12-31,710,12299,231,9831,479,2468,0,0,709,12296,1,1,709,12297,California
San Mateo,2021-01-01,112,12411,76,9907,36,2504,0,0,112,12408,0,1,112,12409,California
San Mateo,2021-01-02,396,12807,269,10176,127,2631,0,0,396,12804,0,1,396,12805,California
San Mateo,2021-01-03,286,13093,211,10387,75,2706,0,0,283,13084,3,4,283,13088,California
San Mateo,2021-01-04,1045,14138,674,11061,371,3077,0,0,1045,14129,0,4,1045,14133,California
San Mateo,2021-01-05,1212,15350,715,11776,497,3574,0,0,1180,15278,32,36,1181,15314,California
San Mateo,2021-01-06,1453,16803,956,12732,497,4071,0,0,1263,16355,187,223,1264,16578,California
San Mateo,2021-01-07,1457,18260,817,13549,640,4711,0,0,1149,17203,301,524,1149,17727,California
San Mateo,2021-01-08,1857,20117,1206,14755,651,5362,0,0,1147,17646,704,1228,1147,18874,California
San Mateo,2021-01-09,1170,21287,772,15527,398,5760,0,0,714,17904,456,1684,714,19588,California
San Mateo,2021-01-10,703,21990,577,16104,126,5886,0,0,262,17725,441,2125,262,19850,California
San Mateo,2021-01-11,2597,24587,1490,17594,1107,6993,0,0,1534,18197,1064,3189,1536,21386,California
San Mateo,2021-01-12,3444,28031,1931,19525,1513,8506,0,0,2221,19209,1213,4402,2225,23611,California
San Mateo,2021-01-13,3410,31441,1665,21190,1745,10251,0,0,2365,20531,1045,5447,2367,25978,California
San Mateo,2021-01-14,3794,35235,1607,22797,2187,12438,0,0,3097,22936,697,6144,3102,29080,California
San Mateo,2021-01-15,4344,39579,1735,24532,2609,15047,0,0,3794,26191,548,6692,3803,32883,California
San Mateo,2021-01-16,3094,42673,771,25303,2323,17370,0,0,2763,28625,330,7022,2764,35647,California
San Mateo,2021-01-17,1310,43983,309,25612,1001,18371,0,0,1101,29517,209,7231,1101,36748,California
San Mateo,2021-01-18,1356,45339,534,26146,822,19193,0,0,978,30120,375,7606,978,37726,California
San Mateo,2021-01-19,2798,48137,1793,27939,1005,20198,0,0,1995,31315,800,8406,1995,39721,California
San Mateo,2021-01-20,2797,50934,1546,29485,1251,21449,0,0,1951,32424,843,9249,1952,41673,California
San Mateo,2021-01-21,2857,53791,1293,30778,1564,23013,0,0,2271,34114,584,9833,2274,43947,California
San Mateo,2021-01-22,2817,56608,1147,31925,1670,24683,0,0,2522,36346,293,10126,2525,46472,California
San Mateo,2021-01-23,2871,59479,1675,33600,1196,25879,0,0,2509,38494,362,10488,2510,48982,California
San Mateo,2021-01-24,1508,60987,377,33977,1131,27010,0,0,1198,39384,309,10797,1199,50181,California
San Mateo,2021-01-25,4394,65381,3133,37110,1261,28271,0,0,3496,41989,895,11692,3500,53681,California
San Mateo,2021-01-26,4323,69704,3008,40118,1315,29586,0,0,3390,44452,931,12623,3394,57075,California
San Mateo,2021-01-27,2810,72514,1478,41596,1332,30918,0,0,1799,45247,1005,13628,1800,58875,California
San Mateo,2021-01-28,2803,75317,1359,42955,1444,32362,0,0,1946,46350,843,14471,1946,60821,California
San Mateo,2021-01-29,3009,78326,1369,44324,1640,34002,0,0,2154,47654,852,15323,2156,62977,California
San Mateo,2021-01-30,3488,81814,1489,45813,1999,36001,0,0,3030,50228,457,15780,3031,66008,California
San Mateo,2021-01-31,1674,83488,894,46707,780,36781,0,0,1513,51581,160,15940,1513,67521,California
San Mateo,2021-02-01,2929,86417,1357,48064,1572,38353,0,0,2208,53073,717,16657,2209,69730,California
San Mateo,2021-02-02,3203,89620,1730,49794,1473,39826,0,0,2171,54217,1028,17685,2172,71902,California
San Mateo,2021-02-03,5001,94621,2059,51853,2942,42768,0,0,3858,56936,1140,18825,3859,75761,California
San Mateo,2021-02-04,6185,100806,2507,54360,3678,46446,0,0,4905,60570,1275,20100,4909,80670,California
San Mateo,2021-02-05,6773,107579,2542,56902,4231,50677,0,0,4951,63717,1804,21904,4951,85621,California
San Mateo,2021-02-06,3268,110847,1912,58814,1356,52033,0,0,2609,65671,657,22561,2611,88232,California
San Mateo,2021-02-07,1888,112735,1346,60160,542,52575,0,0,1700,67183,188,22749,1700,89932,California
San Mateo,2021-02-08,5281,118016,2264,62424,3017,55592,0,0,3109,68184,2108,24857,3109,93041,California
San Mateo,2021-02-09,6151,124167,3206,65630,2945,58537,0,0,3317,68673,2828,27685,3317,96358,California
San Mateo,2021-02-10,6526,130693,3282,68912,3244,61781,0,0,3430,69018,3085,30770,3430,99788,California
San Mateo,2021-02-11,7041,137734,3579,72491,3462,65243,0,0,3795,69578,3237,34007,3797,103585,California
San Mateo,2021-02-12,6630,144364,2989,75480,3641,68884,0,0,4701,72357,1924,35931,4703,108288,California
San Mateo,2021-02-13,6108,150472,4030,79510,2078,70962,0,0,2634,71522,3469,39400,2634,110922,California
San Mateo,2021-02-14,4638,155110,3033,82543,1605,72567,0,0,1979,70849,2653,42053,1980,112902,California
San Mateo,2021-02-15,3126,158236,1440,83983,1686,74253,0,0,1763,71256,1357,43410,1764,114666,California
San Mateo,2021-02-16,7126,165362,1882,85865,5244,79497,0,0,5261,74656,1863,45273,5263,119929,California
San Mateo,2021-02-17,7055,172417,1936,87801,5119,84616,0,0,5028,77666,2020,47293,5030,124959,California
San Mateo,2021-02-18,6650,179067,4590,92391,2060,86676,0,0,4417,79857,2229,49522,4420,129379,California
San Mateo,2021-02-19,7789,186856,5599,97990,2190,88866,0,0,5768,83611,2014,51536,5768,135147,California
San Mateo,2021-02-20,3782,190638,2423,100413,1359,90225,0,0,2347,84530,1428,52964,2347,137494,California
San Mateo,2021-02-21,2620,193258,1783,102196,837,91062,0,0,1565,85048,1048,54012,1566,139060,California
San Mateo,2021-02-22,4449,197707,3241,105437,1208,92270,0,0,2817,86240,1626,55638,2818,141878,California
San Mateo,2021-02-23,4340,202047,3122,108559,1218,93488,0,0,2534,86977,1797,57435,2534,144412,California
San Mateo,2021-02-24,7361,209408,3313,111872,4048,97536,0,0,4890,89407,2462,59897,4892,149304,California
San Mateo,2021-02-25,9283,218691,4132,116004,5151,102687,0,0,6125,92392,3141,63038,6126,155430,California
San Mateo,2021-02-26,10005,228696,3857,119861,6148,108835,0,0,6939,96284,3051,66089,6943,162373,California
San Mateo,2021-02-27,6959,235655,3555,123416,3404,112239,0,0,3732,96803,3220,69309,3739,166112,California
San Mateo,2021-02-28,4434,240089,2742,126158,1692,113931,0,0,2663,97704,1763,71072,2664,168776,California
San Mateo,2021-03-01,5994,246083,3789,129947,2202,116133,3,3,2963,97656,3016,74088,2968,171744,California
San Mateo,2021-03-02,6207,252290,4417,134364,1789,117922,1,4,3568,98595,2631,76719,3570,175314,California
San Mateo,2021-03-03,8474,260764,3990,138354,4482,122404,2,6,3653,97442,4808,81527,3655,178969,California
San Mateo,2021-03-04,8511,269275,4003,142357,4505,126909,3,9,3827,96611,4663,86190,3832,182801,California
San Mateo,2021-03-05,9343,278618,6241,148598,3098,130007,4,13,6545,100385,2777,88967,6551,189352,California
San Mateo,2021-03-06,7965,286583,5560,154158,2230,132237,175,188,5841,104287,2113,91080,6015,195367,California
San Mateo,2021-03-07,3572,290155,2441,156599,1061,133298,70,258,2101,104993,1467,92547,2173,197540,California
San Mateo,2021-03-08,4498,294653,2550,159149,1730,135028,218,476,3289,107296,1202,93749,3505,201045,California
San Mateo,2021-03-09,5394,300047,2850,161999,2269,137297,275,751,3803,109792,1579,95328,4075,205120,California
San Mateo,2021-03-10,7200,307247,2908,164907,4006,141303,286,1037,4813,112518,2371,97699,5097,210217,California
San Mateo,2021-03-11,9100,316347,5727,170634,2983,144286,390,1427,3698,111232,5370,103069,4084,214301,California
San Mateo,2021-03-12,10568,326915,6682,177316,3501,147787,385,1812,3569,108207,6979,110048,3954,218255,California
San Mateo,2021-03-13,8223,335138,3490,180806,3099,150886,1634,3446,3986,109594,4224,114272,5611,223866,California
San Mateo,2021-03-14,4984,340122,3376,184182,1504,152390,104,3550,2645,110012,2331,116603,2749,226615,California
San Mateo,2021-03-15,7159,347281,4629,188811,2354,154744,176,3726,3746,110529,3406,120009,3923,230538,California
San Mateo,2021-03-16,11936,359217,4380,193191,7434,162178,122,3848,4788,108312,7129,127138,4912,235450,California
San Mateo,2021-03-17,10857,370074,4415,197606,6297,168475,145,3993,4860,107351,5967,133105,5006,240456,California
San Mateo,2021-03-18,7254,377328,4084,201690,2984,171459,186,4179,4282,108854,2964,136069,4467,244923,California
San Mateo,2021-03-19,7447,384775,4830,206520,1944,173403,673,4852,3559,109209,3877,139946,4232,249155,California
San Mateo,2021-03-20,8485,393260,6555,213075,1595,174998,335,5187,5424,111924,3043,142989,5758,254913,California
San Mateo,2021-03-21,4230,397490,3221,216296,782,175780,227,5414,2270,112469,1949,144938,2494,257407,California
San Mateo,2021-03-22,5243,402733,3582,219878,1243,177023,418,5832,2743,113145,2484,147422,3160,260567,California
San Mateo,2021-03-23,9798,412531,4481,224359,5124,182147,193,6025,4379,112329,5388,152810,4572,265139,California
San Mateo,2021-03-24,9493,422024,5467,229826,3883,186030,143,6168,4049,111147,5371,158181,4189,269328,California
San Mateo,2021-03-25,10150,432174,4952,234778,4891,190921,307,6475,4400,110212,5645,163826,4710,274038,California
San Mateo,2021-03-26,11267,443441,7771,242549,3328,194249,168,6643,4281,107718,6944,170770,4450,278488,California
San Mateo,2021-03-27,10615,454056,8153,250702,2358,196607,104,6747,4718,106661,5878,176648,4821,283309,California
San Mateo,2021-03-28,4252,458308,2766,253468,1376,197983,110,6857,1984,106499,2258,178906,2096,285405,California
San Mateo,2021-03-29,6025,464333,3750,257218,2021,200004,254,7111,2681,106110,3324,182230,2935,288340,California
San Mateo,2021-03-30,7150,471483,4069,261287,2928,202932,153,7264,3841,106812,3292,185522,3994,292334,California
San Mateo,2021-03-31,7271,478754,4590,265877,2537,205469,144,7408,3810,107323,3443,188965,3954,296288,California
San Mateo,2021-04-01,10613,489367,5245,271122,4161,209630,1207,8615,5707,109375,4857,193822,6909,303197,California
San Mateo,2021-04-02,10881,500248,5186,276308,4036,213666,1659,10274,5667,111501,5192,199014,7318,310515,California
San Mateo,2021-04-03,10022,510270,5720,282028,2467,216133,1835,12109,5080,113483,4933,203947,6915,317430,California
San Mateo,2021-04-04,5435,515705,2617,284645,1565,217698,1253,13362,1694,112702,3725,207672,2944,320374,California
San Mateo,2021-04-05,8941,524646,4762,289407,2452,220150,1727,15089,3821,113144,5102,212774,5544,325918,California
San Mateo,2021-04-06,13290,537936,8243,297650,3190,223340,1857,16946,7516,116764,5758,218532,9378,335296,California
San Mateo,2021-04-07,11382,549318,5243,302893,4452,227792,1687,18633,4824,116730,6537,225069,6503,341799,California
San Mateo,2021-04-08,10172,559490,5038,307931,2530,230322,2604,21237,4508,118184,5645,230714,7099,348898,California
San Mateo,2021-04-09,11354,570844,5537,313468,3337,233659,2480,23717,5098,119501,6253,236967,7570,356468,California
San Mateo,2021-04-10,11352,582196,5751,319219,4152,237811,1449,25166,4686,118997,6635,243602,6131,362599,California
San Mateo,2021-04-11,6682,588878,3297,322516,872,238683,2513,27679,2314,119457,4361,247963,4821,367420,California
San Mateo,2021-04-12,7330,596208,4460,326976,1891,240574,979,28658,3550,120223,3759,251722,4525,371945,California
San Mateo,2021-04-13,8241,604449,5130,332106,3100,243674,11,28669,4389,120785,3840,255562,4402,376347,California
San Mateo,2021-04-14,8395,612844,5453,337559,2941,246615,1,28670,4334,121084,4043,259605,4342,380689,California
San Mateo,2021-04-15,11245,624089,7468,345027,3775,250390,2,28672,7403,124677,3815,263420,7408,388097,California
San Mateo,2021-04-16,10025,634114,6920,351947,3089,253479,16,28688,6383,127469,3619,267039,6411,394508,California
San Mateo,2021-04-17,9892,644006,6576,358523,3314,256793,2,28690,6178,129967,3704,270743,6202,400710,California
San Mateo,2021-04-18,5491,649497,2628,361151,2863,259656,0,28690,3702,131901,1775,272518,3709,404419,California
San Mateo,2021-04-19,8370,657867,5453,366604,2917,262573,0,28690,5459,134476,2896,275414,5471,409890,California
San Mateo,2021-04-20,10341,668208,5774,372378,4566,267139,1,28691,6665,137506,3654,279068,6684,416574,California
San Mateo,2021-04-21,9035,677243,6104,378482,2929,270068,2,28693,5589,139678,3424,282492,5596,422170,California
San Mateo,2021-04-22,9688,686931,6491,384973,3196,273264,1,28694,5386,140803,4269,286761,5394,427564,California
San Mateo,2021-04-23,9480,696411,6259,391232,3221,276485,0,28694,5346,142057,4108,290869,5362,432926,California
San Mateo,2021-04-24,11305,707716,8045,399277,3260,279745,0,28694,5842,142468,5439,296308,5850,438776,California
San Mateo,2021-04-25,5539,713255,3847,403124,1690,281435,2,28696,3957,144868,1566,297874,3966,442742,California
San Mateo,2021-04-26,6649,719904,4802,407926,1839,283274,8,28704,3886,146025,2750,300624,3907,446649,California
San Mateo,2021-04-27,11364,731268,7991,415917,3218,286492,155,28859,4643,144139,6688,307312,4802,451451,California
San Mateo,2021-04-28,7867,739135,4490,420407,3172,289664,205,29064,4217,144929,3636,310948,4426,455877,California
San Mateo,2021-04-29,8099,747234,3748,424155,4179,293843,172,29236,3666,144375,4404,315352,3850,459727,California
San Mateo,2021-04-30,8052,755286,5060,429215,2839,296682,153,29389,3416,143351,4610,319962,3586,463313,California
San Mateo,2021-05-01,6167,761453,4130,433345,1919,298601,118,29507,2691,142714,3457,323419,2820,466133,California
San Mateo,2021-05-02,3187,764640,1741,435086,1376,299977,70,29577,1157,141924,2022,325441,1232,467365,California
San Mateo,2021-05-03,6015,770655,4485,439571,1386,301363,144,29721,1838,139738,4169,329610,1983,469348,California
San Mateo,2021-05-04,7337,777992,4997,444568,2168,303531,172,29893,2490,137578,4833,334443,2673,472021,California
San Mateo,2021-05-05,6906,784898,4526,449094,2222,305753,158,30051,2389,135642,4486,338929,2550,474571,California
San Mateo,2021-05-06,8654,793552,6758,455852,1720,307473,176,30227,1747,130681,6887,345816,1926,476497,California
San Mateo,2021-05-07,8208,801760,5865,461717,2056,309529,287,30514,1830,126457,6353,352169,2129,478626,California
San Mateo,2021-05-08,6643,808403,4010,465727,2393,311922,240,30754,1847,123765,4783,356952,2091,480717,California
San Mateo,2021-05-09,3136,811539,2437,468164,625,312547,74,30828,1061,122836,2065,359017,1136,481853,California
San Mateo,2021-05-10,4630,816169,3331,471495,1128,313675,171,30999,757,119909,3863,362880,936,482789,California
San Mateo,2021-05-11,6738,822907,5044,476539,1565,315240,129,31128,1743,116801,4982,367862,1874,484663,California
San Mateo,2021-05-12,6934,829841,5047,481586,1672,316912,215,31343,1799,113697,5120,372982,2016,486679,California
San Mateo,2021-05-13,9640,839481,7212,488798,2332,319244,96,31439,3570,111339,6037,379019,3679,490358,California
San Mateo,2021-05-14,8403,847884,6232,495030,2058,321302,113,31552,2715,108503,5671,384690,2835,493193,California
San Mateo,2021-05-15,10410,858294,8119,503149,2190,323492,101,31653,4566,107360,5831,390521,4688,497881,California
San Mateo,2021-05-16,7169,865463,5094,508243,2006,325498,69,31722,2186,104653,4964,395485,2257,500138,California
San Mateo,2021-05-17,7080,872543,5012,513255,1958,327456,110,31832,2151,102004,4914,400399,2265,502403,California
San Mateo,2021-05-18,8467,881010,5853,519108,2517,329973,97,31929,3111,99989,5229,405628,3214,505617,California
San Mateo,2021-05-19,7891,888901,5906,525014,1863,331836,122,32051,3708,99686,4135,409763,3832,509449,California
San Mateo,2021-05-20,5636,894537,3467,528481,2034,333870,135,32186,2265,98741,3347,413110,2402,511851,California
San Mateo,2021-05-21,6997,901534,4767,533248,2086,335956,144,32330,2047,96003,4929,418039,2191,514042,California
San Mateo,2021-05-22,6372,907906,4335,537583,1969,337925,68,32398,2635,94991,3717,421756,2705,516747,California
San Mateo,2021-05-23,3007,910913,1661,539244,1257,339182,89,32487,1164,94414,1831,423587,1254,518001,California
San Mateo,2021-05-24,3465,914378,2246,541490,1070,340252,149,32636,1126,93366,2321,425908,1273,519274,California
San Mateo,2021-05-25,4766,919144,3003,544493,1584,341836,179,32815,1597,91997,3148,429056,1779,521053,California
San Mateo,2021-05-26,5695,924839,3063,547556,2514,344350,118,32933,1807,90054,3868,432924,1925,522978,California
San Mateo,2021-05-27,3775,928614,2197,549753,1478,345828,100,33033,1244,88889,2506,435430,1341,524319,California
San Mateo,2021-05-28,3480,932094,2187,551940,1208,347036,85,33118,1325,88183,2115,437545,1409,525728,California
San Mateo,2021-05-29,3219,935313,2285,554225,882,347918,52,33170,1310,87661,1883,439428,1361,527089,California
San Mateo,2021-05-30,1634,936947,1098,555323,475,348393,61,33231,646,87389,979,440407,707,527796,California
San Mateo,2021-05-31,442,937389,277,555600,156,348549,9,33240,164,87286,276,440683,173,527969,California
San Mateo,2021-06-01,3320,940709,1969,557569,1254,349803,97,33337,1048,86171,2259,442942,1144,529113,California
San Mateo,2021-06-02,2771,943480,1839,559408,854,350657,78,33415,1122,85735,1634,444576,1198,530311,California
San Mateo,2021-06-03,3822,947302,3006,562414,702,351359,114,33529,886,83808,2923,447499,996,531307,California
San Mateo,2021-06-04,4168,951470,3221,565635,851,352210,96,33625,1240,82222,2909,450408,1323,532630,California
San Mateo,2021-06-05,5161,956631,4520,570155,543,352753,98,33723,1106,79401,4025,454433,1204,533834,California
San Mateo,2021-06-06,2500,959131,2061,572216,378,353131,61,33784,552,78083,1927,456360,609,534443,California
San Mateo,2021-06-07,3108,962239,2605,574821,420,353551,83,33867,790,76643,2311,458671,871,535314,California
San Mateo,2021-06-08,4079,966318,3445,578266,530,354081,104,33971,1008,74719,3037,461708,1113,536427,California
San Mateo,2021-06-09,4143,970461,3566,581832,507,354588,70,34041,628,71912,3503,465211,696,537123,California
San Mateo,2021-06-10,2973,973434,2407,584239,450,355038,116,34157,778,70624,2182,467393,894,538017,California
San Mateo,2021-06-11,2836,976270,2282,586521,442,355480,112,34269,917,69743,1910,469303,1029,539046,California
San Mateo,2021-06-12,3155,979425,2817,589338,258,355738,80,34349,774,68229,2368,471671,854,539900,California
San Mateo,2021-06-13,1426,980851,1077,590415,287,356025,62,34411,362,67601,1052,472723,424,540324,California
San Mateo,2021-06-14,2410,983261,2083,592498,245,356270,82,34493,777,66858,1602,474325,859,541183,California
San Mateo,2021-06-15,2250,985511,1790,594288,340,356610,120,34613,685,66116,1547,475872,805,541988,California
San Mateo,2021-06-16,2404,987915,1996,596284,256,356866,152,34765,691,65285,1669,477541,838,542826,California
San Mateo,2021-06-17,1661,989576,1336,597620,243,357109,82,34847,574,64905,1037,478578,657,543483,California
San Mateo,2021-06-18,1118,990694,945,598565,127,357236,46,34893,278,64392,836,479414,323,543806,California
Santa Barbara,2020-12-15,2,2,2,2,0,0,0,0,2,2,0,0,2,2,California
Santa Barbara,2020-12-16,2,4,2,4,0,0,0,0,2,4,0,0,2,4,California
Santa Barbara,2020-12-17,56,60,56,60,0,0,0,0,56,60,0,0,56,60,California
Santa Barbara,2020-12-18,380,440,379,439,1,1,0,0,380,440,0,0,380,440,California
Santa Barbara,2020-12-19,325,765,325,764,0,1,0,0,325,765,0,0,325,765,California
Santa Barbara,2020-12-20,235,1000,235,999,0,1,0,0,235,1000,0,0,235,1000,California
Santa Barbara,2020-12-21,653,1653,651,1650,2,3,0,0,653,1653,0,0,653,1653,California
Santa Barbara,2020-12-22,246,1899,244,1894,2,5,0,0,246,1899,0,0,246,1899,California
Santa Barbara,2020-12-23,324,2223,206,2100,118,123,0,0,324,2223,0,0,324,2223,California
Santa Barbara,2020-12-24,88,2311,40,2140,48,171,0,0,88,2311,0,0,88,2311,California
Santa Barbara,2020-12-26,325,2636,66,2206,259,430,0,0,325,2636,0,0,325,2636,California
Santa Barbara,2020-12-27,62,2698,1,2207,61,491,0,0,62,2698,0,0,62,2698,California
Santa Barbara,2020-12-28,357,3055,224,2431,133,624,0,0,357,3055,0,0,357,3055,California
Santa Barbara,2020-12-29,562,3617,359,2790,203,827,0,0,562,3617,0,0,562,3617,California
Santa Barbara,2020-12-30,581,4198,398,3188,183,1010,0,0,581,4198,0,0,581,4198,California
Santa Barbara,2020-12-31,242,4440,115,3303,127,1137,0,0,242,4440,0,0,242,4440,California
Santa Barbara,2021-01-01,117,4557,111,3414,6,1143,0,0,117,4557,0,0,117,4557,California
Santa Barbara,2021-01-02,599,5156,233,3647,366,1509,0,0,599,5156,0,0,599,5156,California
Santa Barbara,2021-01-03,23,5179,15,3662,8,1517,0,0,23,5179,0,0,23,5179,California
Santa Barbara,2021-01-04,305,5484,242,3904,63,1580,0,0,304,5483,0,0,304,5483,California
Santa Barbara,2021-01-05,754,6238,380,4284,374,1954,0,0,726,6181,28,28,726,6209,California
Santa Barbara,2021-01-06,657,6895,277,4561,380,2334,0,0,596,6717,60,88,596,6805,California
Santa Barbara,2021-01-07,1032,7927,709,5270,323,2657,0,0,528,6745,500,588,528,7333,California
Santa Barbara,2021-01-08,1203,9130,846,6116,357,3014,0,0,709,6960,494,1082,709,8042,California
Santa Barbara,2021-01-09,565,9695,293,6409,272,3286,0,0,319,7033,246,1328,319,8361,California
Santa Barbara,2021-01-10,64,9759,51,6460,13,3299,0,0,47,7063,17,1345,47,8408,California
Santa Barbara,2021-01-11,842,10601,674,7134,168,3467,0,0,616,7454,225,1570,616,9024,California
Santa Barbara,2021-01-12,1441,12042,646,7780,795,4262,0,0,1282,8577,159,1729,1282,10306,California
Santa Barbara,2021-01-13,1220,13262,269,8049,951,5213,0,0,1094,9545,126,1855,1094,11400,California
Santa Barbara,2021-01-14,1258,14520,138,8187,1120,6333,0,0,1203,10695,54,1909,1204,12604,California
Santa Barbara,2021-01-15,1814,16334,429,8616,1385,7718,0,0,1731,12345,81,1990,1731,14335,California
Santa Barbara,2021-01-16,1281,17615,203,8819,1078,8796,0,0,1241,13547,39,2029,1241,15576,California
Santa Barbara,2021-01-17,126,17741,23,8842,103,8899,0,0,123,13667,3,2032,123,15699,California
Santa Barbara,2021-01-18,1156,18897,420,9262,736,9635,0,0,970,14451,186,2218,970,16669,California
Santa Barbara,2021-01-19,1646,20543,572,9834,1074,10709,0,0,1365,15538,278,2496,1365,18034,California
Santa Barbara,2021-01-20,2115,22658,550,10384,1565,12274,0,0,1759,16942,355,2851,1759,19793,California
Santa Barbara,2021-01-21,3209,25867,1925,12309,1284,13558,0,0,3049,19832,160,3011,3050,22843,California
Santa Barbara,2021-01-22,2937,28804,1782,14091,1155,14713,0,0,2774,22447,160,3171,2775,25618,California
Santa Barbara,2021-01-23,1730,30534,1099,15190,631,15344,0,0,1213,23144,516,3687,1213,26831,California
Santa Barbara,2021-01-24,843,31377,751,15941,92,15436,0,0,833,23967,10,3697,833,27664,California
Santa Barbara,2021-01-25,1240,32617,495,16436,745,16181,0,0,1005,24737,235,3932,1005,28669,California
Santa Barbara,2021-01-26,2091,34708,506,16942,1585,17766,0,0,1707,26062,382,4314,1707,30376,California
Santa Barbara,2021-01-27,1173,35881,404,17346,769,18535,0,0,911,26714,261,4575,913,31289,California
Santa Barbara,2021-01-28,897,36778,298,17644,599,19134,0,0,683,27186,211,4786,683,31972,California
Santa Barbara,2021-01-29,1351,38129,531,18175,820,19954,0,0,988,27817,359,5145,990,32962,California
Santa Barbara,2021-01-30,1912,40041,1423,19598,489,20443,0,0,1495,28898,414,5559,1495,34457,California
Santa Barbara,2021-01-31,1458,41499,1218,20816,240,20683,0,0,1419,30278,39,5598,1419,35876,California
Santa Barbara,2021-02-01,958,42457,531,21347,427,21110,0,0,559,30438,399,5997,559,36435,California
Santa Barbara,2021-02-02,1813,44270,682,22029,1131,22241,0,0,1043,30714,768,6765,1044,37479,California
Santa Barbara,2021-02-03,1953,46223,1080,23109,873,23114,0,0,1511,31794,431,7196,1511,38990,California
Santa Barbara,2021-02-04,2786,49009,1869,24978,917,24031,0,0,2488,33990,292,7488,2488,41478,California
Santa Barbara,2021-02-05,2906,51915,2062,27040,844,24875,0,0,2259,35604,645,8133,2259,43737,California
Santa Barbara,2021-02-06,1202,53117,339,27379,863,25738,0,0,793,35988,409,8542,793,44530,California
Santa Barbara,2021-02-07,309,53426,267,27646,42,25780,0,0,271,36222,37,8579,271,44801,California
Santa Barbara,2021-02-08,956,54382,310,27956,646,26426,0,0,667,36600,289,8868,667,45468,California
Santa Barbara,2021-02-09,2435,56817,313,28269,2122,28548,0,0,1116,36406,1310,10178,1116,46584,California
Santa Barbara,2021-02-10,2762,59579,1495,29764,1267,29815,0,0,775,35203,1979,12157,776,47360,California
Santa Barbara,2021-02-11,4200,63779,2817,32581,1383,31198,0,0,632,32279,3556,15713,632,47992,California
Santa Barbara,2021-02-12,3309,67088,950,33531,2359,33557,0,0,777,30530,2526,18239,777,48769,California
Santa Barbara,2021-02-13,1232,68320,339,33870,893,34450,0,0,561,30422,669,18908,561,49330,California
Santa Barbara,2021-02-14,339,68659,43,33913,296,34746,0,0,290,30664,49,18957,291,49621,California
Santa Barbara,2021-02-15,971,69630,340,34253,631,35377,0,0,495,30687,473,19430,496,50117,California
Santa Barbara,2021-02-16,2163,71793,447,34700,1716,37093,0,0,726,29980,1433,20863,726,50843,California
Santa Barbara,2021-02-17,1441,73234,322,35022,1119,38212,0,0,521,29588,916,21779,524,51367,California
Santa Barbara,2021-02-18,3263,76497,2657,37679,606,38818,0,0,1525,29412,1702,23481,1526,52893,California
Santa Barbara,2021-02-19,3583,80080,2632,40311,951,39769,0,0,2319,30471,1261,24742,2320,55213,California
Santa Barbara,2021-02-20,2232,82312,1447,41758,785,40554,0,0,1671,31591,551,25293,1671,56884,California
Santa Barbara,2021-02-21,139,82451,110,41868,29,40583,0,0,62,31578,75,25368,62,56946,California
Santa Barbara,2021-02-22,933,83384,243,42111,690,41273,0,0,270,31187,661,26029,270,57216,California
Santa Barbara,2021-02-23,3198,86582,1050,43161,2148,43421,0,0,424,28842,2770,28799,425,57641,California
Santa Barbara,2021-02-24,3222,89804,1101,44262,2121,45542,0,0,721,27071,2492,31291,721,58362,California
Santa Barbara,2021-02-25,3468,93272,1923,46185,1545,47087,0,0,995,25605,2465,33756,999,59361,California
Santa Barbara,2021-02-26,3671,96943,2179,48364,1492,48579,0,0,1973,25889,1690,35446,1974,61335,California
Santa Barbara,2021-02-27,1541,98484,563,48927,978,49557,0,0,860,26077,677,36123,865,62200,California
Santa Barbara,2021-02-28,1087,99571,223,49150,864,50421,0,0,894,26786,187,36310,896,63096,California
Santa Barbara,2021-03-01,1658,101229,479,49629,1177,51598,2,2,1098,27344,543,36853,1101,64197,California
Santa Barbara,2021-03-02,2664,103893,422,50051,2242,53840,0,2,2161,29017,490,37343,2163,66360,California
Santa Barbara,2021-03-03,4641,108534,2103,52154,2536,56376,2,4,4041,32475,590,37933,4048,70408,California
Santa Barbara,2021-03-04,3437,111971,2288,54442,1149,57525,0,4,2874,34797,554,38487,2876,73284,California
Santa Barbara,2021-03-05,3825,115796,2167,56609,1599,59124,59,63,3094,37225,726,39213,3154,76438,California
Santa Barbara,2021-03-06,2436,118232,730,57339,1487,60611,219,282,1671,38352,760,39973,1887,78325,California
Santa Barbara,2021-03-07,567,118799,124,57463,312,60923,131,413,385,38688,181,40154,517,78842,California
Santa Barbara,2021-03-08,1578,120377,378,57841,857,61780,343,756,794,39047,778,40932,1137,79979,California
Santa Barbara,2021-03-09,2808,123185,350,58191,1684,63464,774,1530,740,38494,2065,42997,1512,81491,California
Santa Barbara,2021-03-10,2776,125961,556,58747,1165,64629,1055,2585,1048,38873,1723,44720,2102,83593,California
Santa Barbara,2021-03-11,5593,131554,3038,61785,1437,66066,1118,3703,2280,38965,3299,48019,3391,86984,California
Santa Barbara,2021-03-12,3696,135250,2105,63890,1159,67225,432,4135,2186,40078,1502,49521,2615,89599,California
Santa Barbara,2021-03-13,3500,138750,1939,65829,1353,68578,208,4343,2699,42187,798,50319,2907,92506,California
Santa Barbara,2021-03-14,809,139559,394,66223,360,68938,55,4398,487,42410,321,50640,544,93050,California
Santa Barbara,2021-03-15,2117,141676,697,66920,1128,70066,292,4690,1269,43129,840,51480,1559,94609,California
Santa Barbara,2021-03-16,3735,145411,1181,68101,2212,72278,342,5032,2742,45226,988,52468,3085,97694,California
Santa Barbara,2021-03-17,3327,148738,980,69081,1943,74221,404,5436,2334,46970,990,53458,2734,100428,California
Santa Barbara,2021-03-18,5234,153972,2800,71881,2232,76453,202,5638,4008,49970,1210,54668,4210,104638,California
Santa Barbara,2021-03-19,4447,158419,2771,74652,1343,77796,333,5971,3055,51969,1388,56056,3387,108025,California
Santa Barbara,2021-03-20,2188,160607,839,75491,1332,79128,17,5988,1335,52473,850,56906,1354,109379,California
Santa Barbara,2021-03-21,1172,161779,385,75876,756,79884,31,6019,842,53020,327,57233,874,110253,California
Santa Barbara,2021-03-22,2783,164562,1919,77795,820,80704,44,6063,2223,54737,551,57784,2268,112521,California
Santa Barbara,2021-03-23,4484,169046,2260,80055,2123,82827,101,6164,3710,57783,764,58548,3810,116331,California
Santa Barbara,2021-03-24,5425,174471,3155,83210,1514,84341,756,6920,2971,59075,2431,60979,3723,120054,California
Santa Barbara,2021-03-25,5568,180039,3273,86483,2101,86442,194,7114,2786,59290,2765,63744,2980,123034,California
Santa Barbara,2021-03-26,5098,185137,3230,89713,1568,88010,300,7414,2247,59005,2833,66577,2548,125582,California
Santa Barbara,2021-03-27,2964,188101,1227,90940,1694,89704,43,7457,1626,59338,1334,67911,1667,127249,California
Santa Barbara,2021-03-28,2784,190885,1659,92599,1097,90801,28,7485,1895,60377,885,68796,1924,129173,California
Santa Barbara,2021-03-29,4042,194927,2085,94684,1887,92688,70,7555,3231,62871,807,69603,3301,132474,California
Santa Barbara,2021-03-30,6807,201734,3511,98195,3145,95833,151,7706,4539,65305,2253,71856,4687,137161,California
Santa Barbara,2021-03-31,8705,210439,5542,103737,3097,98930,66,7772,5058,66804,3625,75481,5124,142285,California
Santa Barbara,2021-04-01,7064,217503,5222,108959,1581,100511,261,8033,4183,68387,2860,78341,4443,146728,California
Santa Barbara,2021-04-02,6660,224163,4569,113528,1497,102008,594,8627,3431,69190,3221,81562,4024,150752,California
Santa Barbara,2021-04-03,3815,227978,2115,115643,1632,103640,68,8695,2520,70488,1289,82851,2587,153339,California
Santa Barbara,2021-04-04,902,228880,444,116087,418,104058,40,8735,500,70628,400,83251,540,153879,California
Santa Barbara,2021-04-05,3471,232351,2296,118383,917,104975,258,8993,2175,71774,1287,84538,2433,156312,California
Santa Barbara,2021-04-06,5496,237847,2835,121218,2122,107097,539,9532,3366,73563,2114,86652,3903,160215,California
Santa Barbara,2021-04-07,6035,243882,3296,124514,2196,109293,543,10075,4094,76267,1932,88584,4636,164851,California
Santa Barbara,2021-04-08,7428,251310,5053,129567,646,109939,1729,11804,3433,77438,3988,92572,5159,170010,California
Santa Barbara,2021-04-09,7350,258660,4886,134453,1097,111036,1367,13171,3315,78089,4025,96597,4676,174686,California
Santa Barbara,2021-04-10,6733,265393,4673,139126,1445,112481,615,13786,4587,81153,2137,98734,5201,179887,California
Santa Barbara,2021-04-11,2687,268080,1972,141098,412,112893,303,14089,1861,82492,820,99554,2159,182046,California
Santa Barbara,2021-04-12,4425,272505,2849,143947,1022,113915,554,14643,1917,82461,2501,102055,2470,184516,California
Santa Barbara,2021-04-13,6395,278900,4196,148143,2193,116108,6,14649,2662,81400,3728,105783,2667,187183,California
Santa Barbara,2021-04-14,6828,285728,4436,152579,2390,118498,2,14651,4255,83100,2562,108345,4262,191445,California
Santa Barbara,2021-04-15,7033,292761,4129,156708,2903,121401,1,14652,3821,83727,3199,111544,3826,195271,California
Santa Barbara,2021-04-16,6442,299203,3792,160500,2639,124040,11,14663,4439,86192,1985,113529,4450,199721,California
Santa Barbara,2021-04-17,5366,304569,3896,164396,1470,125510,0,14663,4136,89117,1216,114745,4141,203862,California
Santa Barbara,2021-04-18,2174,306743,1513,165909,661,126171,0,14663,380,87723,1789,116534,395,204257,California
Santa Barbara,2021-04-19,3259,310002,2250,168159,1003,127174,6,14669,1038,86560,2215,118749,1052,205309,California
Santa Barbara,2021-04-20,5896,315898,3960,172119,1935,129109,1,14670,1666,84017,4214,122963,1671,206980,California
Santa Barbara,2021-04-21,5488,321386,3639,175758,1849,130958,0,14670,1740,82025,3734,126697,1742,208722,California
Santa Barbara,2021-04-22,5092,326478,2552,178310,2539,133497,1,14671,1454,79860,3622,130319,1457,210179,California
Santa Barbara,2021-04-23,5585,332063,3877,182187,1708,135205,0,14671,1962,78213,3609,133928,1962,212141,California
Santa Barbara,2021-04-24,4433,336496,2879,185066,1549,136754,5,14676,1636,77077,2778,136706,1642,213783,California
Santa Barbara,2021-04-25,1840,338336,1187,186253,653,137407,0,14676,498,76242,1333,138039,498,214281,California
Santa Barbara,2021-04-26,3248,341584,1978,188231,1249,138656,21,14697,560,74143,2681,140720,582,214863,California
Santa Barbara,2021-04-27,3970,345554,2172,190403,1695,140351,103,14800,1175,72636,2785,143505,1278,216141,California
Santa Barbara,2021-04-28,4921,350475,2868,193271,1936,142287,117,14917,1400,70651,3506,147011,1521,217662,California
Santa Barbara,2021-04-29,5258,355733,3804,197075,1227,143514,227,15144,1441,68516,3801,150812,1666,219328,California
Santa Barbara,2021-04-30,4953,360686,3700,200775,1089,144603,164,15308,1408,66558,3529,154341,1571,220899,California
Santa Barbara,2021-05-01,5271,365957,4079,204854,1158,145761,34,15342,894,63126,4362,158703,930,221829,California
Santa Barbara,2021-05-02,1135,367092,667,205521,340,146101,128,15470,308,62736,826,159529,436,222265,California
Santa Barbara,2021-05-03,2203,369295,1476,206997,588,146689,139,15609,439,61555,1757,161286,576,222841,California
Santa Barbara,2021-05-04,3298,372593,1671,208668,1555,148244,72,15681,1149,60639,2136,163422,1220,224061,California
Santa Barbara,2021-05-05,5439,378032,3676,212344,1616,149860,147,15828,622,56606,4804,168226,771,224832,California
Santa Barbara,2021-05-06,5056,383088,3916,216260,1036,150896,104,15932,963,53597,4076,172302,1067,225899,California
Santa Barbara,2021-05-07,4677,387765,3663,219923,834,151730,180,16112,1000,51111,3663,175965,1177,227076,California
Santa Barbara,2021-05-08,4249,392014,3165,223088,986,152716,98,16210,887,48748,3349,179314,986,228062,California
Santa Barbara,2021-05-09,700,392714,111,223199,549,153265,40,16250,466,49022,233,179547,507,228569,California
Santa Barbara,2021-05-10,1325,394039,628,223827,614,153879,83,16333,365,48511,958,180505,447,229016,California
Santa Barbara,2021-05-11,1876,395915,789,224616,793,154672,294,16627,428,47790,1440,181945,719,229735,California
Santa Barbara,2021-05-12,1660,397575,738,225354,698,155370,224,16851,480,47322,1172,183117,704,230439,California
Santa Barbara,2021-05-13,3733,401308,2786,228140,751,156121,196,17047,1235,46266,2487,185604,1431,231870,California
Santa Barbara,2021-05-14,4140,405448,2521,230661,1525,157646,94,17141,1626,45486,2499,188103,1719,233589,California
Santa Barbara,2021-05-15,3523,408971,2567,233228,937,158583,19,17160,1843,45680,1669,189772,1863,235452,California
Santa Barbara,2021-05-16,1067,410038,466,233694,486,159069,115,17275,470,45673,592,190364,585,236037,California
Santa Barbara,2021-05-17,1642,411680,935,234629,644,159713,63,17338,868,45835,768,191132,930,236967,California
Santa Barbara,2021-05-18,1843,413523,1162,235791,585,160298,96,17434,969,46043,858,191990,1066,238033,California
Santa Barbara,2021-05-19,1766,415289,974,236765,752,161050,40,17474,821,45966,937,192927,860,238893,California
Santa Barbara,2021-05-20,1721,417010,942,237707,660,161710,119,17593,866,46108,843,193770,985,239878,California
Santa Barbara,2021-05-21,3465,420475,2344,240051,1067,162777,54,17647,1275,45263,2175,195945,1330,241208,California
Santa Barbara,2021-05-22,2470,422945,1709,241760,717,163494,44,17691,1395,45636,1067,197012,1440,242648,California
Santa Barbara,2021-05-23,750,423695,327,242087,393,163887,30,17721,410,45737,339,197351,440,243088,California
Santa Barbara,2021-05-24,1001,424696,586,242673,352,164239,63,17784,482,45767,515,197866,545,243633,California
Santa Barbara,2021-05-25,1401,426097,568,243241,764,165003,69,17853,459,45359,936,198802,528,244161,California
Santa Barbara,2021-05-26,3011,429108,1712,244953,1178,166181,121,17974,836,44155,2160,200962,956,245117,California
Santa Barbara,2021-05-27,1953,431061,1210,246163,600,166781,143,18117,825,44003,1121,202083,969,246086,California
Santa Barbara,2021-05-28,1511,432572,705,246868,654,167435,152,18269,621,43890,887,202970,774,246860,California
Santa Barbara,2021-05-29,898,433470,315,247183,546,167981,37,18306,367,43766,528,203498,404,247264,California
Santa Barbara,2021-05-30,499,433969,179,247362,223,168204,97,18403,186,43737,311,203809,282,247546,California
Santa Barbara,2021-05-31,95,434064,43,247405,42,168246,10,18413,23,43698,71,203880,32,247578,California
Santa Barbara,2021-06-01,1127,435191,592,247997,477,168723,58,18471,462,43558,660,204540,520,248098,California
Santa Barbara,2021-06-02,982,436173,586,248583,313,169036,83,18554,433,43528,545,205085,515,248613,California
Santa Barbara,2021-06-03,2055,438228,1546,250129,453,169489,56,18610,617,42768,1432,206517,672,249285,California
Santa Barbara,2021-06-04,1454,439682,665,250794,648,170137,141,18751,485,42431,960,207477,623,249908,California
Santa Barbara,2021-06-05,2917,442599,2212,253006,653,170790,52,18803,499,40575,2406,209883,550,250458,California
Santa Barbara,2021-06-06,904,443503,476,253482,409,171199,19,18822,254,40201,647,210530,273,250731,California
Santa Barbara,2021-06-07,1160,444663,830,254312,282,171481,48,18870,303,39697,855,211385,351,251082,California
Santa Barbara,2021-06-08,1106,445769,714,255026,360,171841,32,18902,294,39215,807,212192,325,251407,California
Santa Barbara,2021-06-09,1024,446793,695,255721,245,172086,84,18986,337,38952,684,212876,421,251828,California
Santa Barbara,2021-06-10,2381,449174,2070,257791,239,172325,72,19058,530,37706,1848,214724,602,252430,California
Santa Barbara,2021-06-11,1303,450477,605,258396,594,172919,104,19162,394,37301,903,215627,498,252928,California
Santa Barbara,2021-06-12,879,451356,593,258989,263,173182,23,19185,230,36912,641,216268,252,253180,California
Santa Barbara,2021-06-13,481,451837,293,259282,91,173273,97,19282,124,36778,355,216623,221,253401,California
Santa Barbara,2021-06-14,1257,453094,857,260139,323,173596,77,19359,340,36287,908,217531,417,253818,California
Santa Barbara,2021-06-15,1129,454223,752,260891,342,173938,35,19394,396,35992,726,218257,431,254249,California
Santa Barbara,2021-06-16,924,455147,645,261536,232,174170,47,19441,350,35819,568,218825,395,254644,California
Santa Barbara,2021-06-17,1803,456950,1502,263038,216,174386,85,19526,587,35277,1213,220038,671,255315,California
Santa Barbara,2021-06-18,601,457551,351,263389,186,174572,64,19590,165,35073,433,220471,229,255544,California
Santa Clara,2020-12-15,69,69,69,69,0,0,0,0,69,69,0,0,69,69,California
Santa Clara,2020-12-16,154,223,154,223,0,0,0,0,154,223,0,0,154,223,California
Santa Clara,2020-12-17,411,634,411,634,0,0,0,0,411,634,0,0,411,634,California
Santa Clara,2020-12-18,1766,2400,1766,2400,0,0,0,0,1766,2400,0,0,1766,2400,California
Santa Clara,2020-12-19,2095,4495,2095,4495,0,0,0,0,2094,4494,0,0,2094,4494,California
Santa Clara,2020-12-20,1904,6399,1903,6398,1,1,0,0,1901,6395,0,0,1901,6395,California
Santa Clara,2020-12-21,2675,9074,2675,9073,0,1,0,0,2673,9067,1,1,2673,9068,California
Santa Clara,2020-12-22,3128,12202,3121,12194,7,8,0,0,3124,12191,0,1,3124,12192,California
Santa Clara,2020-12-23,3294,15496,3099,15293,195,203,0,0,3293,15484,0,1,3293,15485,California
Santa Clara,2020-12-24,1901,17397,1706,16999,195,398,0,0,1895,17377,2,3,1895,17380,California
Santa Clara,2020-12-25,349,17746,348,17347,1,399,0,0,349,17726,0,3,349,17729,California
Santa Clara,2020-12-26,1280,19026,1042,18389,238,637,0,0,1279,19005,0,3,1279,19008,California
Santa Clara,2020-12-27,652,19678,509,18898,143,780,0,0,652,19657,0,3,652,19660,California
Santa Clara,2020-12-28,2362,22040,1742,20640,620,1400,0,0,2362,22019,0,3,2362,22022,California
Santa Clara,2020-12-29,2378,24418,1505,22145,873,2273,0,0,2377,24396,0,3,2377,24399,California
Santa Clara,2020-12-30,3014,27432,1901,24046,1113,3386,0,0,3012,27406,2,5,3012,27411,California
Santa Clara,2020-12-31,1234,28666,393,24439,841,4227,0,0,1233,28638,1,6,1233,28644,California
Santa Clara,2021-01-01,149,28815,13,24452,136,4363,0,0,148,28785,1,7,148,28792,California
Santa Clara,2021-01-02,1102,29917,825,25277,277,4640,0,0,1102,29887,0,7,1102,29894,California
Santa Clara,2021-01-03,586,30503,368,25645,218,4858,0,0,581,30465,3,10,581,30475,California
Santa Clara,2021-01-04,2493,32996,1683,27328,810,5668,0,0,2490,32955,0,10,2490,32965,California
Santa Clara,2021-01-05,3107,36103,2035,29363,1072,6740,0,0,2913,35681,193,203,2919,35884,California
Santa Clara,2021-01-06,3382,39485,2002,31365,1380,8120,0,0,2765,37836,612,815,2767,38651,California
Santa Clara,2021-01-07,4255,43740,2576,33941,1679,9799,0,0,3161,39920,1083,1898,3167,41818,California
Santa Clara,2021-01-08,5897,49637,3858,37799,2039,11838,0,0,3771,41572,2119,4017,3771,45589,California
Santa Clara,2021-01-09,3032,52669,1910,39709,1122,12960,0,0,1701,41948,1328,5345,1704,47293,California
Santa Clara,2021-01-10,1982,54651,1527,41236,455,13415,0,0,760,41487,1221,6566,760,48053,California
Santa Clara,2021-01-11,5991,60642,3785,45021,2206,15621,0,0,3395,42294,2593,9159,3400,51453,California
Santa Clara,2021-01-12,6899,67541,3491,48512,3408,19029,0,0,4569,44548,2316,11475,4570,56023,California
Santa Clara,2021-01-13,7492,75033,3135,51647,4357,23386,0,0,5239,47540,2249,13724,5241,61264,California
Santa Clara,2021-01-14,8347,83380,2876,54523,5471,28857,0,0,6536,52276,1803,15527,6539,67803,California
Santa Clara,2021-01-15,9619,92999,2783,57306,6836,35693,0,0,8212,59116,1403,16930,8243,76046,California
Santa Clara,2021-01-16,4364,97363,1258,58564,3106,38799,0,0,3504,61764,856,17786,3504,79550,California
Santa Clara,2021-01-17,3247,100610,609,59173,2638,41437,0,0,2744,64008,500,18286,2744,82294,California
Santa Clara,2021-01-18,5158,105768,1188,60361,3970,45407,0,0,4591,68034,567,18853,4593,86887,California
Santa Clara,2021-01-19,8553,114321,2703,63064,5850,51257,0,0,6856,73200,1694,20547,6860,93747,California
Santa Clara,2021-01-20,8179,122500,4165,67229,4014,55271,0,0,6617,78260,1557,22104,6617,100364,California
Santa Clara,2021-01-21,8817,131317,3831,71060,4986,60257,0,0,7591,84630,1224,23328,7594,107958,California
Santa Clara,2021-01-22,8711,140028,3256,74316,5455,65712,0,0,8130,92184,579,23907,8133,116091,California
Santa Clara,2021-01-23,3841,143869,1706,76022,2135,67847,0,0,2862,94068,979,24886,2863,118954,California
Santa Clara,2021-01-24,2860,146729,1426,77448,1434,69281,0,0,2371,95953,486,25372,2371,121325,California
Santa Clara,2021-01-25,8447,155176,3814,81262,4633,73914,0,0,6351,100218,2088,27460,6353,127678,California
Santa Clara,2021-01-26,8404,163580,3843,85105,4561,78475,0,0,6247,104320,2147,29607,6249,133927,California
Santa Clara,2021-01-27,8858,172438,3904,89009,4954,83429,0,0,6908,109298,1931,31538,6909,140836,California
Santa Clara,2021-01-28,9647,182085,3896,92905,5751,89180,0,0,7647,114971,1979,33517,7652,148488,California
Santa Clara,2021-01-29,9634,191719,3964,96869,5670,94850,0,0,7435,120220,2187,35704,7436,155924,California
Santa Clara,2021-01-30,4127,195846,2078,98947,2049,96899,0,0,2902,121905,1218,36922,2903,158827,California
Santa Clara,2021-01-31,2199,198045,1307,100254,892,97791,0,0,1598,122907,596,37518,1598,160425,California
Santa Clara,2021-02-01,7916,205961,3536,103790,4380,102171,0,0,6199,127399,1709,39227,6201,166626,California
Santa Clara,2021-02-02,8683,214644,2908,106698,5775,107946,0,0,6652,132033,2024,41251,6658,173284,California
Santa Clara,2021-02-03,9274,223918,3517,110215,5757,113703,0,0,6969,136712,2297,43548,6976,180260,California
Santa Clara,2021-02-04,11056,234974,4192,114407,6864,120567,0,0,8739,143148,2306,45854,8742,189002,California
Santa Clara,2021-02-05,12023,246997,4373,118780,7650,128217,0,0,8543,148226,3466,49320,8544,197546,California
Santa Clara,2021-02-06,5271,252268,2859,121639,2412,130629,0,0,4089,151138,1179,50499,4091,201637,California
Santa Clara,2021-02-07,3517,255785,2364,124003,1153,131782,0,0,3059,153741,457,50956,3060,204697,California
Santa Clara,2021-02-08,10119,265904,3547,127550,6572,138354,0,0,7387,158412,2718,53674,7389,212086,California
Santa Clara,2021-02-09,11251,277155,3849,131399,7402,145756,0,0,7726,162631,3511,57185,7730,219816,California
Santa Clara,2021-02-10,12738,289893,4974,136373,7764,153520,0,0,6878,163665,5848,63033,6882,226698,California
Santa Clara,2021-02-11,13689,303582,4800,141173,8889,162409,0,0,7775,165543,5899,68932,7777,234475,California
Santa Clara,2021-02-12,14684,318266,4508,145681,10176,172585,0,0,7043,164968,7620,76552,7045,241520,California
Santa Clara,2021-02-13,6135,324401,1479,147160,4656,177241,0,0,2240,163322,3888,80440,2242,243762,California
Santa Clara,2021-02-14,4651,329052,1158,148318,3493,180734,0,0,1495,161665,3154,83594,1497,245259,California
Santa Clara,2021-02-15,6319,335371,2805,151123,3514,184248,0,0,2733,160819,3579,87173,2733,247992,California
Santa Clara,2021-02-16,13914,349285,4066,155189,9848,194096,0,0,6973,160868,6926,94099,6975,254967,California
Santa Clara,2021-02-17,14171,363456,5547,160736,8624,202720,0,0,7068,160856,7086,101185,7074,262041,California
Santa Clara,2021-02-18,14391,377847,8505,169241,5886,208606,0,0,7320,161150,7030,108215,7324,269365,California
Santa Clara,2021-02-19,15024,392871,9629,178870,5395,214001,0,0,8755,163660,6252,114467,8762,278127,California
Santa Clara,2021-02-20,6975,399846,5223,184093,1752,215753,0,0,3757,164211,3207,117674,3758,281885,California
Santa Clara,2021-02-21,3416,403262,2526,186619,890,216643,0,0,1270,163346,2137,119811,1272,283157,California
Santa Clara,2021-02-22,10408,413670,6228,192847,4180,220823,0,0,4850,162651,5546,125357,4851,288008,California
Santa Clara,2021-02-23,12109,425779,7841,200688,4268,225091,0,0,6849,164259,5246,130603,6854,294862,California
Santa Clara,2021-02-24,14356,440135,9263,209951,5093,230184,0,0,8871,167662,5468,136071,8871,303733,California
Santa Clara,2021-02-25,15180,455315,9688,219639,5492,235676,0,0,8269,169058,6886,142957,8282,312015,California
Santa Clara,2021-02-26,15091,470406,8743,228382,6348,242024,0,0,8234,170469,6830,149787,8241,320256,California
Santa Clara,2021-02-27,8278,478684,5758,234140,2519,244543,1,1,4661,171532,3606,153393,4669,324925,California
Santa Clara,2021-02-28,5424,484108,3704,237844,1720,246263,0,1,2688,171496,2725,156118,2689,327614,California
Santa Clara,2021-03-01,14662,498770,8439,246283,6217,252480,6,7,9101,175062,5541,161659,9107,336721,California
Santa Clara,2021-03-02,16234,515004,9608,255891,6625,259105,1,8,10353,179561,5857,167516,10356,347077,California
Santa Clara,2021-03-03,18818,533822,9345,265236,9469,268574,4,12,11719,184226,7062,174578,11727,358804,California
Santa Clara,2021-03-04,16684,550506,9100,274336,7581,276155,3,15,9711,187053,6891,181469,9718,368522,California
Santa Clara,2021-03-05,16729,567235,9313,283649,7290,283445,126,141,9294,189066,7413,188882,9426,377948,California
Santa Clara,2021-03-06,9531,576766,6357,290006,2721,286166,453,594,7139,194278,2380,191262,7592,385540,California
Santa Clara,2021-03-07,6888,583654,4499,294505,2145,288311,244,838,5472,198586,1407,192669,5715,391255,California
Santa Clara,2021-03-08,13016,596670,6780,301285,5659,293970,577,1415,8357,202878,4641,197310,8933,400188,California
Santa Clara,2021-03-09,15311,611981,6568,307853,7403,301373,1340,2755,6848,202615,8444,205754,8181,408369,California
Santa Clara,2021-03-10,15226,627207,6643,314496,6458,307831,2125,4880,6251,202018,8947,214701,8350,416719,California
Santa Clara,2021-03-11,17204,644411,7820,322316,7871,315702,1513,6393,6109,198560,11065,225766,7607,424326,California
Santa Clara,2021-03-12,17848,662259,9153,331469,7116,322818,1579,7972,5993,194298,11811,237577,7549,431875,California
Santa Clara,2021-03-13,10826,673085,6273,337742,3049,325867,1504,9476,4777,194530,6025,243602,6257,438132,California
Santa Clara,2021-03-14,6577,679662,3402,341144,1862,327729,1313,10789,3181,195633,3379,246981,4482,442614,California
Santa Clara,2021-03-15,12921,692583,6599,347743,6043,333772,279,11068,5996,195009,6900,253881,6276,448890,California
Santa Clara,2021-03-16,18345,710928,10377,358120,7760,341532,208,11276,8875,194649,9442,263323,9082,457972,California
Santa Clara,2021-03-17,20124,731052,11412,369532,8543,350075,169,11445,10380,195500,9692,273015,10543,468515,California
Santa Clara,2021-03-18,19272,750324,9011,378543,9082,359157,1179,12624,9014,195484,10202,283217,10186,478701,California
Santa Clara,2021-03-19,19476,769800,10002,388545,8464,367621,1010,13634,9918,196905,9498,292715,10919,489620,California
Santa Clara,2021-03-20,11516,781316,6372,394917,4309,371930,835,14469,6680,199613,4805,297520,7513,497133,California
Santa Clara,2021-03-21,8385,789701,3802,398719,3176,375106,1407,15876,5350,203335,3021,300541,6743,503876,California
Santa Clara,2021-03-22,16476,806177,9215,407934,6905,382011,356,16232,9051,205339,7399,307940,9403,513279,California
Santa Clara,2021-03-23,19356,825533,12311,420245,6519,388530,526,16758,11112,208778,8195,316135,11634,524913,California
Santa Clara,2021-03-24,22739,848272,14656,434901,7665,396195,418,17176,14572,215645,8123,324258,14990,539903,California
Santa Clara,2021-03-25,23060,871332,13240,448141,8862,405057,958,18134,14796,223183,8199,332457,15737,555640,California
Santa Clara,2021-03-26,22084,893416,14046,462187,7646,412703,392,18526,13535,228593,8511,340968,13921,569561,California
Santa Clara,2021-03-27,15786,909202,10484,472671,4530,417233,772,19298,8427,230474,7313,348281,9194,578755,California
Santa Clara,2021-03-28,12149,921351,8419,481090,3014,420247,716,20014,6519,232101,5603,353884,7230,585985,California
Santa Clara,2021-03-29,20717,942068,12702,493792,7287,427534,728,20742,11174,234494,9501,363385,11894,597879,California
Santa Clara,2021-03-30,25838,967906,15346,509138,8532,436066,1960,22702,16232,243109,9562,372947,18177,616056,California
Santa Clara,2021-03-31,20640,988546,12004,521142,7503,443569,1133,23835,12623,248877,7972,380919,13740,629796,California
Santa Clara,2021-04-01,32007,1020553,19960,541102,8966,452535,3081,26916,20179,260347,11757,392676,23227,653023,California
Santa Clara,2021-04-02,25368,1045921,14495,555597,8735,461270,2138,29054,16601,270349,8722,401398,18724,671747,California
Santa Clara,2021-04-03,15367,1061288,9326,564923,3554,464824,2487,31541,8576,274627,6768,408166,11046,682793,California
Santa Clara,2021-04-04,7711,1068999,4080,569003,2454,467278,1177,32718,4003,276103,3697,411863,5173,687966,California
Santa Clara,2021-04-05,22054,1091053,14682,583685,4876,472154,2496,35214,14407,285374,7620,419483,16891,704857,California
Santa Clara,2021-04-06,29731,1120784,16415,600100,7814,479968,5502,40716,17888,296942,11792,431275,23360,728217,California
Santa Clara,2021-04-07,31110,1151894,16031,616131,8530,488498,6549,47265,18985,310369,12066,443341,25493,753710,California
Santa Clara,2021-04-08,30199,1182093,16514,632645,6023,494521,7662,54927,16454,320774,13670,457011,24075,777785,California
Santa Clara,2021-04-09,28297,1210390,13998,646643,6958,501479,7341,62268,14452,328746,13776,470787,21748,799533,California
Santa Clara,2021-04-10,21613,1232003,12501,659144,3773,505252,5339,67607,11576,335607,10001,480788,16862,816395,California
Santa Clara,2021-04-11,16101,1248104,9664,668808,2685,507937,3752,71359,8365,339999,7701,488489,12093,828488,California
Santa Clara,2021-04-12,27180,1275284,19090,687898,5613,513550,2477,73836,18506,352355,8612,497101,20968,849456,California
Santa Clara,2021-04-13,34548,1309832,27136,715034,7381,520931,31,73867,26600,371134,7872,504973,26651,876107,California
Santa Clara,2021-04-14,37094,1346926,28053,743087,9037,529968,4,73871,26314,386784,10710,515683,26360,902467,California
Santa Clara,2021-04-15,44613,1391539,34544,777631,10064,540032,5,73876,34412,411145,10087,525770,34448,936915,California
Santa Clara,2021-04-16,38731,1430270,26492,804123,12235,552267,4,73880,27764,428042,10896,536666,27793,964708,California
Santa Clara,2021-04-17,22083,1452353,15078,819201,7003,559270,2,73882,15197,436432,6828,543494,15218,979926,California
Santa Clara,2021-04-18,16561,1468914,10758,829959,5803,565073,0,73882,10347,440609,6184,549678,10361,990287,California
Santa Clara,2021-04-19,28947,1497861,20922,850881,8024,573097,1,73883,17323,446410,11554,561232,17355,1007642,California
Santa Clara,2021-04-20,37204,1535065,22588,873469,14614,587711,2,73885,22751,454869,14346,575578,22805,1030447,California
Santa Clara,2021-04-21,36916,1571981,21407,894876,15507,603218,2,73887,24394,466867,12432,588010,24430,1054877,California
Santa Clara,2021-04-22,37323,1609304,24884,919760,12438,615656,1,73888,17625,464959,19601,607611,17693,1072570,California
Santa Clara,2021-04-23,32169,1641473,19559,939319,12609,628265,1,73889,15062,463072,17004,624615,15117,1087687,California
Santa Clara,2021-04-24,21192,1662665,15514,954833,5677,633942,1,73890,11992,465972,9123,633738,12023,1099710,California
Santa Clara,2021-04-25,13648,1676313,9886,964719,3756,637698,6,73896,8692,469781,4913,638651,8722,1108432,California
Santa Clara,2021-04-26,25019,1701332,19287,984006,5673,643371,59,73955,10373,465688,14549,653200,10456,1118888,California
Santa Clara,2021-04-27,27585,1728917,19594,1003600,7608,650979,383,74338,12020,462662,15473,668673,12447,1131335,California
Santa Clara,2021-04-28,26058,1754975,19304,1022904,6315,657294,439,74777,11058,459301,14918,683591,11557,1142892,California
Santa Clara,2021-04-29,23968,1778943,17550,1040454,6020,663314,398,75175,8980,453835,14912,698503,9446,1152338,California
Santa Clara,2021-04-30,23079,1802022,15794,1056248,6920,670234,365,75540,9778,450843,13213,711716,10221,1162559,California
Santa Clara,2021-05-01,17514,1819536,14547,1070795,2706,672940,261,75801,5468,444619,11996,723712,5772,1168331,California
Santa Clara,2021-05-02,11314,1830850,9389,1080184,1693,674633,232,76033,3486,440575,7784,731496,3740,1172071,California
Santa Clara,2021-05-03,22878,1853728,19410,1099594,3035,677668,433,76466,5134,428512,17666,749162,5603,1177674,California
Santa Clara,2021-05-04,30530,1884258,23855,1123449,6131,683799,544,77010,5480,409631,24950,774112,6069,1183743,California
Santa Clara,2021-05-05,32137,1916395,24373,1147822,7217,691016,547,77557,5418,388997,26624,800736,5990,1189733,California
Santa Clara,2021-05-06,35441,1951836,29538,1177360,5429,696445,474,78031,4685,363553,30625,831361,5181,1194914,California
Santa Clara,2021-05-07,32588,1984424,26201,1203561,5895,702340,492,78523,4640,340911,27815,859176,5173,1200087,California
Santa Clara,2021-05-08,16503,2000927,13421,1216982,2659,704999,423,78946,3484,331904,12930,872106,3923,1204010,California
Santa Clara,2021-05-09,10506,2011433,9137,1226119,1182,706181,187,79133,2462,326561,8005,880111,2662,1206672,California
Santa Clara,2021-05-10,20846,2032279,16687,1242806,3752,709933,407,79540,2740,311703,18025,898136,3167,1209839,California
Santa Clara,2021-05-11,22185,2054464,16631,1259437,5110,715043,444,79984,4012,298083,18083,916219,4463,1214302,California
Santa Clara,2021-05-12,21046,2075510,15389,1274826,5142,720185,515,80499,4522,286704,16432,932651,5053,1219355,California
Santa Clara,2021-05-13,28080,2103590,22743,1297569,5031,725216,306,80805,11270,281560,16726,949377,11582,1230937,California
Santa Clara,2021-05-14,27734,2131324,19352,1316921,7995,733211,387,81192,9773,273865,17869,967246,10174,1241111,California
Santa Clara,2021-05-15,20917,2152241,16786,1333707,3849,737060,282,81474,8093,269506,12741,979987,8382,1249493,California
Santa Clara,2021-05-16,16135,2168376,13133,1346840,2825,739885,177,81651,5238,264107,10817,990804,5418,1254911,California
Santa Clara,2021-05-17,20208,2188584,15889,1362729,3955,743840,364,82015,6910,258157,13226,1004030,7276,1262187,California
Santa Clara,2021-05-18,26146,2214730,16675,1379404,9055,752895,416,82431,7313,247192,18695,1022725,7730,1269917,California
Santa Clara,2021-05-19,24629,2239359,14388,1393792,9818,762713,423,82854,7512,238127,17007,1039732,7942,1277859,California
Santa Clara,2021-05-20,18374,2257733,12056,1405848,5868,768581,450,83304,6193,232670,12096,1051828,6639,1284498,California
Santa Clara,2021-05-21,22313,2280046,14824,1420672,6992,775573,497,83801,7665,226304,14542,1066370,8176,1292674,California
Santa Clara,2021-05-22,12861,2292907,9739,1430411,2773,778346,349,84150,5619,225099,7177,1073547,5972,1298646,California
Santa Clara,2021-05-23,8142,2301049,6020,1436431,1921,780267,201,84351,3258,223725,4837,1078384,3463,1302109,California
Santa Clara,2021-05-24,10282,2311331,7281,1443712,2547,782814,454,84805,3547,221053,6674,1085058,4002,1306111,California
Santa Clara,2021-05-25,11484,2322815,7965,1451677,3100,785914,419,85224,4472,219004,6938,1091996,4889,1311000,California
Santa Clara,2021-05-26,10383,2333198,6738,1458415,3311,789225,334,85558,4006,217064,6274,1098270,4334,1315334,California
Santa Clara,2021-05-27,9374,2342572,6013,1464428,2889,792114,472,86030,3603,215428,5705,1103975,4069,1319403,California
Santa Clara,2021-05-28,10874,2353446,7067,1471495,3383,795497,424,86454,4506,214055,6304,1110279,4931,1324334,California
Santa Clara,2021-05-29,6298,2359744,4304,1475799,1712,797209,282,86736,2889,213853,3369,1113648,3167,1327501,California
Santa Clara,2021-05-30,3812,2363556,2867,1478666,735,797944,210,86946,1827,213931,1958,1115606,2036,1329537,California
Santa Clara,2021-05-31,1092,2364648,627,1479293,355,798299,110,87056,439,213833,647,1116253,549,1330086,California
Santa Clara,2021-06-01,9043,2373691,6367,1485660,2294,800593,382,87438,3280,211800,5693,1121946,3660,1333746,California
Santa Clara,2021-06-02,7639,2381330,5509,1491169,1778,802371,352,87790,2965,210488,4620,1126566,3308,1337054,California
Santa Clara,2021-06-03,12233,2393563,10133,1501302,1731,804102,369,88159,2785,204252,9393,1135959,3157,1340211,California
Santa Clara,2021-06-04,13594,2407157,11406,1512708,1872,805974,316,88475,3414,197856,10119,1146078,3723,1343934,California
Santa Clara,2021-06-05,10455,2417612,9001,1521709,1196,807170,258,88733,2228,192166,8174,1154252,2484,1346418,California
Santa Clara,2021-06-06,6865,2424477,6117,1527826,595,807765,153,88886,1413,188333,5398,1159650,1565,1347983,California
Santa Clara,2021-06-07,9916,2434393,8368,1536194,1307,809072,241,89127,2410,183511,7471,1167121,2649,1350632,California
Santa Clara,2021-06-08,9162,2443555,7494,1543688,1398,810470,270,89397,2503,179680,6600,1173721,2769,1353401,California
Santa Clara,2021-06-09,9473,2453028,7915,1551603,1306,811776,252,89649,2261,175037,7151,1180872,2508,1355909,California
Santa Clara,2021-06-10,8298,2461326,6892,1558495,1079,812855,327,89976,2273,171662,5972,1186844,2597,1358506,California
Santa Clara,2021-06-11,10163,2471489,8657,1567152,1226,814081,280,90256,2513,166853,7602,1194446,2793,1361299,California
Santa Clara,2021-06-12,7123,2478612,5934,1573086,1024,815105,165,90421,1692,163322,5388,1199834,1857,1363156,California
Santa Clara,2021-06-13,3657,2482269,2953,1576039,594,815699,110,90531,873,161542,2763,1202597,983,1364139,California
Santa Clara,2021-06-14,5895,2488164,4784,1580823,884,816583,227,90758,2081,160071,3779,1206376,2308,1366447,California
Santa Clara,2021-06-15,7349,2495513,5959,1586782,1089,817672,301,91059,2091,157253,5212,1211588,2394,1368841,California
Santa Clara,2021-06-16,6314,2501827,5104,1591886,895,818567,315,91374,2073,155447,4195,1215783,2389,1371230,California
Santa Clara,2021-06-17,4493,2506320,3514,1595400,737,819304,242,91616,1471,154201,2958,1218741,1712,1372942,California
Santa Clara,2021-06-18,2801,2509121,2137,1597537,535,819839,129,91745,873,153297,1904,1220645,1000,1373942,California
Santa Cruz,2020-12-15,2,2,2,2,0,0,0,0,2,2,0,0,2,2,California
Santa Cruz,2020-12-16,55,57,55,57,0,0,0,0,55,57,0,0,55,57,California
Santa Cruz,2020-12-17,383,440,383,440,0,0,0,0,383,440,0,0,383,440,California
Santa Cruz,2020-12-18,445,885,445,885,0,0,0,0,445,885,0,0,445,885,California
Santa Cruz,2020-12-19,167,1052,166,1051,1,1,0,0,167,1052,0,0,167,1052,California
Santa Cruz,2020-12-20,90,1142,90,1141,0,1,0,0,90,1142,0,0,90,1142,California
Santa Cruz,2020-12-21,428,1570,427,1568,1,2,0,0,428,1570,0,0,428,1570,California
Santa Cruz,2020-12-22,404,1974,403,1971,1,3,0,0,404,1974,0,0,404,1974,California
Santa Cruz,2020-12-23,343,2317,305,2276,38,41,0,0,343,2317,0,0,343,2317,California
Santa Cruz,2020-12-24,118,2435,45,2321,73,114,0,0,118,2435,0,0,118,2435,California
Santa Cruz,2020-12-25,7,2442,7,2328,0,114,0,0,7,2442,0,0,7,2442,California
Santa Cruz,2020-12-26,59,2501,42,2370,17,131,0,0,59,2501,0,0,59,2501,California
Santa Cruz,2020-12-27,31,2532,26,2396,5,136,0,0,31,2532,0,0,31,2532,California
Santa Cruz,2020-12-28,464,2996,103,2499,361,497,0,0,464,2996,0,0,464,2996,California
Santa Cruz,2020-12-29,768,3764,358,2857,410,907,0,0,768,3764,0,0,768,3764,California
Santa Cruz,2020-12-30,331,4095,156,3013,175,1082,0,0,331,4095,0,0,331,4095,California
Santa Cruz,2020-12-31,304,4399,10,3023,294,1376,0,0,304,4399,0,0,304,4399,California
Santa Cruz,2021-01-01,33,4432,1,3024,32,1408,0,0,33,4432,0,0,33,4432,California
Santa Cruz,2021-01-02,62,4494,49,3073,13,1421,0,0,62,4494,0,0,62,4494,California
Santa Cruz,2021-01-03,14,4508,6,3079,8,1429,0,0,14,4508,0,0,14,4508,California
Santa Cruz,2021-01-04,271,4779,120,3199,151,1580,0,0,269,4777,0,0,269,4777,California
Santa Cruz,2021-01-05,549,5328,423,3622,126,1706,0,0,251,4730,298,298,251,5028,California
Santa Cruz,2021-01-06,777,6105,650,4272,127,1833,0,0,449,4852,327,625,449,5477,California
Santa Cruz,2021-01-07,511,6616,198,4470,313,2146,0,0,362,5066,149,774,363,5840,California
Santa Cruz,2021-01-08,894,7510,542,5012,352,2498,0,0,466,5105,428,1202,467,6307,California
Santa Cruz,2021-01-09,443,7953,114,5126,329,2827,0,0,394,5450,49,1251,394,6701,California
Santa Cruz,2021-01-10,68,8021,60,5186,8,2835,0,0,18,5418,50,1301,18,6719,California
Santa Cruz,2021-01-11,697,8718,571,5757,126,2961,0,0,178,5078,519,1820,179,6898,California
Santa Cruz,2021-01-12,696,9414,512,6269,184,3145,0,0,457,5296,239,2059,457,7355,California
Santa Cruz,2021-01-13,482,9896,221,6490,261,3406,0,0,402,5621,77,2136,402,7757,California
Santa Cruz,2021-01-14,507,10403,97,6587,410,3816,0,0,447,6008,60,2196,447,8204,California
Santa Cruz,2021-01-15,1397,11800,72,6659,1325,5141,0,0,1335,7283,62,2258,1337,9541,California
Santa Cruz,2021-01-16,405,12205,45,6704,360,5501,0,0,389,7656,16,2274,389,9930,California
Santa Cruz,2021-01-17,289,12494,40,6744,249,5750,0,0,265,7897,24,2298,265,10195,California
Santa Cruz,2021-01-18,969,13463,94,6838,875,6625,0,0,912,8752,57,2355,912,11107,California
Santa Cruz,2021-01-19,1582,15045,510,7348,1072,7697,0,0,1242,9657,338,2693,1243,12350,California
Santa Cruz,2021-01-20,1206,16251,166,7514,1040,8737,0,0,1015,10484,188,2881,1015,13365,California
Santa Cruz,2021-01-21,1637,17888,188,7702,1449,10186,0,0,1536,11921,101,2982,1538,14903,California
Santa Cruz,2021-01-22,1728,19616,506,8208,1222,11408,0,0,1626,13449,99,3081,1627,16530,California
Santa Cruz,2021-01-23,379,19995,131,8339,248,11656,0,0,326,13723,52,3133,326,16856,California
Santa Cruz,2021-01-24,104,20099,16,8355,88,11744,0,0,87,13793,17,3150,87,16943,California
Santa Cruz,2021-01-25,1007,21106,351,8706,656,12400,0,0,517,13820,490,3640,517,17460,California
Santa Cruz,2021-01-26,1622,22728,236,8942,1386,13786,0,0,1132,14462,490,4130,1132,18592,California
Santa Cruz,2021-01-27,1596,24324,430,9372,1166,14952,0,0,1225,15318,369,4499,1225,19817,California
Santa Cruz,2021-01-28,1688,26012,273,9645,1415,16367,0,0,1421,16473,267,4766,1422,21239,California
Santa Cruz,2021-01-29,1691,27703,476,10121,1215,17582,0,0,1568,17919,122,4888,1568,22807,California
Santa Cruz,2021-01-30,1046,28749,306,10427,740,18322,0,0,915,18703,131,5019,915,23722,California
Santa Cruz,2021-01-31,211,28960,108,10535,103,18425,0,0,197,18886,14,5033,197,23919,California
Santa Cruz,2021-02-01,1184,30144,730,11265,454,18879,0,0,796,19294,388,5421,796,24715,California
Santa Cruz,2021-02-02,931,31075,113,11378,818,19697,0,0,788,19941,141,5562,788,25503,California
Santa Cruz,2021-02-03,2135,33210,909,12287,1226,20923,0,0,1835,21479,297,5859,1835,27338,California
Santa Cruz,2021-02-04,1752,34962,730,13017,1022,21945,0,0,1427,22582,324,6183,1427,28765,California
Santa Cruz,2021-02-05,3030,37992,727,13744,2303,24248,0,0,2734,25021,295,6478,2734,31499,California
Santa Cruz,2021-02-06,2495,40487,139,13883,2356,26604,0,0,2162,26850,333,6811,2162,33661,California
Santa Cruz,2021-02-07,879,41366,118,14001,761,27365,0,0,862,27695,17,6828,862,34523,California
Santa Cruz,2021-02-08,652,42018,182,14183,470,27835,0,0,471,27986,180,7008,471,34994,California
Santa Cruz,2021-02-09,2271,44289,1019,15202,1252,29087,0,0,2023,29761,248,7256,2023,37017,California
Santa Cruz,2021-02-10,2067,46356,532,15734,1535,30622,0,0,1412,30530,644,7900,1413,38430,California
Santa Cruz,2021-02-11,1737,48093,286,16020,1451,32073,0,0,1264,31323,471,8371,1264,39694,California
Santa Cruz,2021-02-12,3060,51153,401,16421,2659,34732,0,0,1712,31698,1339,9710,1714,41408,California
Santa Cruz,2021-02-13,1638,52791,115,16536,1523,36255,0,0,1246,32552,392,10102,1246,42654,California
Santa Cruz,2021-02-14,1352,54143,66,16602,1286,37541,0,0,1098,33396,254,10356,1098,43752,California
Santa Cruz,2021-02-15,1509,55652,266,16868,1243,38784,0,0,525,32938,984,11340,526,44278,California
Santa Cruz,2021-02-16,1621,57273,194,17062,1427,40211,0,0,491,32321,1108,12448,491,44769,California
Santa Cruz,2021-02-17,2793,60066,927,17989,1866,42077,0,0,1137,31818,1643,14091,1140,45909,California
Santa Cruz,2021-02-18,2753,62819,595,18584,2158,44235,0,0,1176,31421,1573,15664,1176,47085,California
Santa Cruz,2021-02-19,3122,65941,1086,19670,2036,46271,0,0,1921,32144,1198,16862,1921,49006,California
Santa Cruz,2021-02-20,2268,68209,1418,21088,850,47121,0,0,1781,33438,487,17349,1781,50787,California
Santa Cruz,2021-02-21,802,69011,345,21433,457,47578,0,0,676,33990,124,17473,676,51463,California
Santa Cruz,2021-02-22,1150,70161,887,22320,263,47841,0,0,487,33816,661,18134,487,51950,California
Santa Cruz,2021-02-23,2001,72162,887,23207,1114,48955,0,0,668,33152,1332,19466,668,52618,California
Santa Cruz,2021-02-24,3064,75226,1601,24808,1463,50418,0,0,1157,32407,1902,21368,1157,53775,California
Santa Cruz,2021-02-25,3082,78308,1342,26150,1740,52158,0,0,1706,32746,1368,22736,1707,55482,California
Santa Cruz,2021-02-26,2615,80923,698,26848,1917,54075,0,0,1486,33109,1124,23860,1487,56969,California
Santa Cruz,2021-02-27,2560,83483,891,27739,1669,55744,0,0,1793,34137,765,24625,1793,58762,California
Santa Cruz,2021-02-28,1253,84736,351,28090,902,56646,0,0,1054,34995,196,24821,1054,59816,California
Santa Cruz,2021-03-01,1809,86545,1189,29279,620,57266,0,0,658,34503,1150,25971,658,60474,California
Santa Cruz,2021-03-02,1419,87964,328,29607,1091,58357,0,0,792,34672,626,26597,795,61269,California
Santa Cruz,2021-03-03,2228,90192,589,30196,1639,59996,0,0,1214,34875,1011,27608,1214,62483,California
Santa Cruz,2021-03-04,2809,93001,1352,31548,1456,61452,1,1,1882,35843,916,28524,1884,64367,California
Santa Cruz,2021-03-05,2516,95517,438,31986,2061,63513,17,18,1082,35511,1431,29955,1099,65466,California
Santa Cruz,2021-03-06,3631,99148,1203,33189,2329,65842,99,117,1981,35941,1650,31605,2080,67546,California
Santa Cruz,2021-03-07,1309,100457,115,33304,1125,66967,69,186,539,35780,769,32374,608,68154,California
Santa Cruz,2021-03-08,1038,101495,202,33506,708,67675,128,314,626,36120,412,32786,752,68906,California
Santa Cruz,2021-03-09,1661,103156,232,33738,1287,68962,142,456,645,35894,1013,33799,787,69693,California
Santa Cruz,2021-03-10,3713,106869,2045,35783,1531,70493,137,593,1934,36190,1777,35576,2073,71766,California
Santa Cruz,2021-03-11,2701,109570,1181,36964,1353,71846,167,760,1509,36678,1191,36767,1679,73445,California
Santa Cruz,2021-03-12,2611,112181,834,37798,1505,73351,272,1032,881,36104,1726,38493,1152,74597,California
Santa Cruz,2021-03-13,2168,114349,1253,39051,879,74230,36,1068,1111,36199,1054,39547,1149,75746,California
Santa Cruz,2021-03-14,844,115193,179,39230,652,74882,13,1081,410,36189,432,39979,422,76168,California
Santa Cruz,2021-03-15,1246,116439,440,39670,775,75657,31,1112,540,36059,702,40681,572,76740,California
Santa Cruz,2021-03-16,2182,118621,1031,40701,1110,76767,41,1153,1264,36450,913,41594,1304,78044,California
Santa Cruz,2021-03-17,3788,122409,2270,42971,1508,78275,10,1163,2488,37658,1294,42888,2502,80546,California
Santa Cruz,2021-03-18,3663,126072,1962,44933,1587,79862,114,1277,1944,38000,1716,44604,2058,82604,California
Santa Cruz,2021-03-19,3200,129272,1245,46178,1748,81610,207,1484,1666,38343,1530,46134,1873,84477,California
Santa Cruz,2021-03-20,2156,131428,1594,47772,497,82107,65,1549,1053,38359,1102,47236,1118,85595,California
Santa Cruz,2021-03-21,784,132212,416,48188,245,82352,123,1672,405,38511,377,47613,529,86124,California
Santa Cruz,2021-03-22,1250,133462,764,48952,464,82816,22,1694,879,39044,368,47981,901,87025,California
Santa Cruz,2021-03-23,2405,135867,1325,50277,1031,83847,49,1743,1594,39878,809,48790,1643,88668,California
Santa Cruz,2021-03-24,2908,138775,1975,52252,913,84760,20,1763,1911,40817,991,49781,1930,90598,California
Santa Cruz,2021-03-25,2495,141270,1253,53505,1210,85970,32,1795,1256,40870,1235,51016,1288,91886,California
Santa Cruz,2021-03-26,2925,144195,1692,55197,1208,87178,25,1820,2005,41986,913,51929,2029,93915,California
Santa Cruz,2021-03-27,2996,147191,1848,57045,1124,88302,24,1844,1414,41853,1572,53501,1439,95354,California
Santa Cruz,2021-03-28,876,148067,534,57579,328,88630,14,1858,449,41893,423,53924,463,95817,California
Santa Cruz,2021-03-29,1877,149944,814,58393,996,89626,67,1925,1189,42464,685,54609,1256,97073,California
Santa Cruz,2021-03-30,2514,152458,744,59137,1622,91248,148,2073,1620,43340,892,55501,1768,98841,California
Santa Cruz,2021-03-31,3967,156425,2702,61839,1222,92470,43,2116,2069,43557,1895,57396,2112,100953,California
Santa Cruz,2021-04-01,3805,160230,2057,63896,1643,94113,105,2221,1930,43723,1869,59265,2035,102988,California
Santa Cruz,2021-04-02,3116,163346,1321,65217,1630,95743,165,2386,1753,44281,1360,60625,1918,104906,California
Santa Cruz,2021-04-03,2127,165473,1175,66392,836,96579,116,2502,829,43929,1296,61921,944,105850,California
Santa Cruz,2021-04-04,885,166358,459,66851,372,96951,54,2556,519,44136,366,62287,573,106423,California
Santa Cruz,2021-04-05,2154,168512,718,67569,1277,98228,159,2715,1328,44799,825,63112,1488,107911,California
Santa Cruz,2021-04-06,3199,171711,1558,69127,1280,99508,361,3076,1866,45697,1323,64435,2221,110132,California
Santa Cruz,2021-04-07,3926,175637,1536,70663,2052,101560,338,3414,1685,45481,2238,66673,2022,112154,California
Santa Cruz,2021-04-08,4023,179660,2180,72843,1364,102924,479,3893,2367,46677,1648,68321,2844,114998,California
Santa Cruz,2021-04-09,3558,183218,1430,74273,1752,104676,376,4269,2002,47507,1549,69870,2379,117377,California
Santa Cruz,2021-04-10,2103,185321,992,75265,890,105566,221,4490,977,47582,1122,70992,1197,118574,California
Santa Cruz,2021-04-11,904,186225,453,75718,367,105933,84,4574,413,47588,491,71483,497,119071,California
Santa Cruz,2021-04-12,2169,188394,748,76466,1029,106962,392,4966,1049,47923,1106,72589,1441,120512,California
Santa Cruz,2021-04-13,2776,191170,1373,77839,1402,108364,1,4967,1580,48318,1187,73776,1582,122094,California
Santa Cruz,2021-04-14,4437,195607,2101,79940,2336,110700,0,4967,2168,48229,2259,76035,2170,124264,California
Santa Cruz,2021-04-15,4831,200438,3054,82994,1777,112477,0,4967,3088,49588,1731,77766,3090,127354,California
Santa Cruz,2021-04-16,4252,204690,2304,85298,1946,114423,2,4969,2325,49998,1919,79685,2329,129683,California
Santa Cruz,2021-04-17,2131,206821,834,86132,1297,115720,0,4969,1409,50689,719,80404,1410,131093,California
Santa Cruz,2021-04-18,989,207810,471,86603,517,116237,1,4970,562,50828,425,80829,564,131657,California
Santa Cruz,2021-04-19,2414,210224,1423,88026,990,117227,1,4971,1533,51485,878,81707,1535,133192,California
Santa Cruz,2021-04-20,2969,213193,1546,89572,1423,118650,0,4971,1733,51993,1226,82933,1734,134926,California
Santa Cruz,2021-04-21,3955,217148,2641,92213,1314,119964,0,4971,2128,52313,1809,84742,2129,137055,California
Santa Cruz,2021-04-22,4093,221241,2769,94982,1324,121288,0,4971,2308,52846,1776,86518,2309,139364,California
Santa Cruz,2021-04-23,3014,224255,1617,96599,1396,122684,1,4972,1314,52470,1690,88208,1314,140678,California
Santa Cruz,2021-04-24,2128,226383,1031,97630,1094,123778,3,4975,663,51680,1456,89664,666,141344,California
Santa Cruz,2021-04-25,1028,227411,652,98282,364,124142,12,4987,416,51503,604,90268,427,141771,California
Santa Cruz,2021-04-26,1980,229391,946,99228,1018,125160,16,5003,830,51210,1140,91408,847,142618,California
Santa Cruz,2021-04-27,2831,232222,891,100119,1860,127020,80,5083,1411,51287,1412,92820,1489,144107,California
Santa Cruz,2021-04-28,3273,235495,1808,101927,1391,128411,74,5157,1724,51544,1538,94358,1795,145902,California
Santa Cruz,2021-04-29,3565,239060,2364,104291,1141,129552,60,5217,1257,50562,2299,96657,1317,147219,California
Santa Cruz,2021-04-30,2260,241320,1134,105425,1083,130635,43,5260,967,50287,1286,97943,1011,148230,California
Santa Cruz,2021-05-01,1198,242518,950,106375,217,130852,31,5291,585,50293,610,98553,616,148846,California
Santa Cruz,2021-05-02,565,243083,394,106769,146,130998,25,5316,200,50154,365,98918,226,149072,California
Santa Cruz,2021-05-03,1819,244902,912,107681,842,131840,65,5381,632,49676,1176,100094,698,149770,California
Santa Cruz,2021-05-04,2533,247435,1457,109138,1009,132849,67,5448,837,48885,1693,101787,902,150672,California
Santa Cruz,2021-05-05,2611,250046,1277,110415,1255,134104,79,5527,688,47772,1884,103671,771,151443,California
Santa Cruz,2021-05-06,3686,253732,2336,112751,1139,135243,211,5738,832,45976,2837,106508,1041,152484,California
Santa Cruz,2021-05-07,2570,256302,1119,113870,1374,136617,77,5815,418,44326,2147,108655,497,152981,California
Santa Cruz,2021-05-08,1291,257593,632,114502,631,137248,28,5843,364,43792,927,109582,393,153374,California
Santa Cruz,2021-05-09,494,258087,311,114813,161,137409,22,5865,153,43628,339,109921,175,153549,California
Santa Cruz,2021-05-10,1966,260053,1158,115971,749,138158,59,5924,394,42517,1564,111485,453,154002,California
Santa Cruz,2021-05-11,2271,262324,1264,117235,923,139081,84,6008,620,41572,1648,113133,703,154705,California
Santa Cruz,2021-05-12,3004,265328,1245,118480,1682,140763,77,6085,542,39738,2454,115587,620,155325,California
Santa Cruz,2021-05-13,3762,269090,2519,120999,1153,141916,90,6175,1342,38756,2416,118003,1434,156759,California
Santa Cruz,2021-05-14,2823,271913,1524,122523,1262,143178,37,6212,1071,38121,1744,119747,1109,157868,California
Santa Cruz,2021-05-15,2203,274116,1278,123801,914,144092,11,6223,1080,38092,1120,120867,1091,158959,California
Santa Cruz,2021-05-16,691,274807,340,124141,332,144424,19,6242,208,37838,482,121349,228,159187,California
Santa Cruz,2021-05-17,1450,276257,730,124871,654,145078,66,6308,507,37469,942,122291,573,159760,California
Santa Cruz,2021-05-18,2186,278443,1332,126203,831,145909,23,6331,1074,37460,1106,123397,1097,160857,California
Santa Cruz,2021-05-19,2972,281415,1801,128004,1136,147045,35,6366,1299,37129,1665,125062,1334,162191,California
Santa Cruz,2021-05-20,3276,284691,2347,130351,783,147828,146,6512,1553,37111,1717,126779,1699,163890,California
Santa Cruz,2021-05-21,1692,286383,864,131215,745,148573,83,6595,594,36696,1092,127871,677,164567,California
Santa Cruz,2021-05-22,1689,288072,1305,132520,374,148947,10,6605,588,36198,1097,128968,599,165166,California
Santa Cruz,2021-05-23,444,288516,244,132764,181,149128,19,6624,140,36055,302,129270,159,165325,California
Santa Cruz,2021-05-24,1114,289630,640,133404,399,149527,75,6699,293,35610,813,130083,368,165693,California
Santa Cruz,2021-05-25,2195,291825,1262,134666,890,150417,43,6742,448,34497,1603,131686,490,166183,California
Santa Cruz,2021-05-26,1654,293479,768,135434,844,151261,42,6784,464,33824,1179,132865,506,166689,California
Santa Cruz,2021-05-27,1271,294750,692,136126,478,151739,101,6885,451,33562,814,133679,552,167241,California
Santa Cruz,2021-05-28,820,295570,362,136488,428,152167,30,6915,357,33495,455,134134,388,167629,California
Santa Cruz,2021-05-29,569,296139,323,136811,237,152404,9,6924,326,33588,242,134376,335,167964,California
Santa Cruz,2021-05-30,228,296367,113,136924,103,152507,12,6936,91,33556,134,134510,102,168066,California
Santa Cruz,2021-05-31,143,296510,62,136986,80,152587,1,6937,45,33505,97,134607,46,168112,California
Santa Cruz,2021-06-01,871,297381,534,137520,329,152916,8,6945,324,33292,545,135152,332,168444,California
Santa Cruz,2021-06-02,869,298250,514,138034,316,153232,39,6984,346,33159,518,135670,385,168829,California
Santa Cruz,2021-06-03,2200,300450,1492,139526,671,153903,37,7021,524,32054,1666,137336,561,169390,California
Santa Cruz,2021-06-04,1012,301462,687,140213,294,154197,31,7052,243,31567,762,138098,275,169665,California
Santa Cruz,2021-06-05,982,302444,797,141010,180,154377,5,7057,177,30947,802,138900,182,169847,California
Santa Cruz,2021-06-06,366,302810,261,141271,88,154465,17,7074,113,30827,250,139150,130,169977,California
Santa Cruz,2021-06-07,800,303610,589,141860,181,154646,30,7104,217,30492,582,139732,247,170224,California
Santa Cruz,2021-06-08,1403,305013,1120,142980,258,154904,25,7129,295,29709,1104,140836,321,170545,California
Santa Cruz,2021-06-09,1394,306407,1099,144079,278,155182,17,7146,274,28888,1113,141949,292,170837,California
Santa Cruz,2021-06-10,1930,308337,1587,145666,279,155461,64,7210,342,27708,1583,143532,403,171240,California
Santa Cruz,2021-06-11,794,309131,491,146157,272,155733,31,7241,276,27501,512,144044,305,171545,California
Santa Cruz,2021-06-12,956,310087,839,146996,111,155844,6,7247,161,26875,793,144837,167,171712,California
Santa Cruz,2021-06-13,189,310276,126,147122,44,155888,19,7266,28,26761,161,144998,47,171759,California
Santa Cruz,2021-06-14,544,310820,352,147474,159,156047,33,7299,163,26578,378,145376,195,171954,California
Santa Cruz,2021-06-15,888,311708,650,148124,220,156267,18,7317,321,26354,564,145940,340,172294,California
Santa Cruz,2021-06-16,758,312466,551,148675,175,156442,32,7349,227,26085,527,146467,258,172552,California
Santa Cruz,2021-06-17,720,313186,545,149220,137,156579,38,7387,266,25936,452,146919,303,172855,California
Santa Cruz,2021-06-18,321,313507,151,149371,141,156720,29,7416,134,25914,185,147104,163,173018,California
Shasta,2020-12-15,1,1,1,1,0,0,0,0,1,1,0,0,1,1,California
Shasta,2020-12-16,133,134,133,134,0,0,0,0,133,134,0,0,133,134,California
Shasta,2020-12-17,417,551,417,551,0,0,0,0,417,551,0,0,417,551,California
Shasta,2020-12-18,163,714,163,714,0,0,0,0,163,714,0,0,163,714,California
Shasta,2020-12-19,1,715,1,715,0,0,0,0,1,715,0,0,1,715,California
Shasta,2020-12-21,68,783,68,783,0,0,0,0,68,783,0,0,68,783,California
Shasta,2020-12-22,184,967,179,962,5,5,0,0,184,967,0,0,184,967,California
Shasta,2020-12-23,167,1134,163,1125,4,9,0,0,167,1134,0,0,167,1134,California
Shasta,2020-12-24,25,1159,25,1150,0,9,0,0,25,1159,0,0,25,1159,California
Shasta,2020-12-26,4,1163,1,1151,3,12,0,0,4,1163,0,0,4,1163,California
Shasta,2020-12-27,2,1165,1,1152,1,13,0,0,2,1165,0,0,2,1165,California
Shasta,2020-12-28,37,1202,28,1180,9,22,0,0,37,1202,0,0,37,1202,California
Shasta,2020-12-29,177,1379,176,1356,1,23,0,0,177,1379,0,0,177,1379,California
Shasta,2020-12-30,178,1557,170,1526,8,31,0,0,178,1557,0,0,178,1557,California
Shasta,2020-12-31,82,1639,2,1528,80,111,0,0,82,1639,0,0,82,1639,California
Shasta,2021-01-02,2,1641,0,1528,2,113,0,0,2,1641,0,0,2,1641,California
Shasta,2021-01-03,1,1642,1,1529,0,113,0,0,1,1642,0,0,1,1642,California
Shasta,2021-01-04,359,2001,300,1829,59,172,0,0,360,2002,0,0,360,2002,California
Shasta,2021-01-05,335,2336,313,2142,22,194,0,0,255,2177,80,80,255,2257,California
Shasta,2021-01-06,459,2795,389,2531,70,264,0,0,200,2118,259,339,200,2457,California
Shasta,2021-01-07,129,2924,43,2574,86,350,0,0,102,2193,27,366,102,2559,California
Shasta,2021-01-08,515,3439,440,3014,75,425,0,0,310,2298,205,571,310,2869,California
Shasta,2021-01-09,73,3512,64,3078,9,434,0,0,70,2365,3,574,70,2939,California
Shasta,2021-01-10,5,3517,0,3078,5,439,0,0,3,2368,2,576,5,2944,California
Shasta,2021-01-11,395,3912,179,3257,216,655,0,0,365,2703,30,606,365,3309,California
Shasta,2021-01-12,472,4384,315,3572,157,812,0,0,308,2847,164,770,308,3617,California
Shasta,2021-01-13,594,4978,267,3839,327,1139,0,0,427,3107,167,937,427,4044,California
Shasta,2021-01-14,492,5470,58,3897,434,1573,0,0,468,3551,24,961,468,4512,California
Shasta,2021-01-15,656,6126,136,4033,520,2093,0,0,655,4205,1,962,655,5167,California
Shasta,2021-01-16,885,7011,53,4086,832,2925,0,0,882,5084,3,965,882,6049,California
Shasta,2021-01-17,27,7038,6,4092,21,2946,0,0,23,5103,4,969,23,6072,California
Shasta,2021-01-18,596,7634,128,4220,468,3414,0,0,589,5685,7,976,589,6661,California
Shasta,2021-01-19,1050,8684,394,4614,656,4070,0,0,908,6451,142,1118,908,7569,California
Shasta,2021-01-20,665,9349,413,5027,252,4322,0,0,479,6749,181,1299,479,8048,California
Shasta,2021-01-21,618,9967,282,5309,336,4658,0,0,597,7325,21,1320,597,8645,California
Shasta,2021-01-22,430,10397,177,5486,253,4911,0,0,424,7743,6,1326,424,9069,California
Shasta,2021-01-23,58,10455,5,5491,53,4964,0,0,57,7799,1,1327,57,9126,California
Shasta,2021-01-24,23,10478,2,5493,21,4985,0,0,22,7820,1,1328,22,9148,California
Shasta,2021-01-25,736,11214,483,5976,253,5238,0,0,455,7995,280,1608,455,9603,California
Shasta,2021-01-26,693,11907,339,6315,354,5592,0,0,458,8220,233,1841,458,10061,California
Shasta,2021-01-27,448,12355,196,6511,252,5844,0,0,399,8571,48,1889,399,10460,California
Shasta,2021-01-28,862,13217,570,7081,292,6136,0,0,647,9003,215,2104,647,11107,California
Shasta,2021-01-29,804,14021,325,7406,479,6615,0,0,618,9436,186,2290,619,11726,California
Shasta,2021-01-30,603,14624,14,7420,589,7204,0,0,593,10019,10,2300,593,12319,California
Shasta,2021-01-31,27,14651,4,7424,23,7227,0,0,25,10042,2,2302,25,12344,California
Shasta,2021-02-01,533,15184,149,7573,384,7611,0,0,393,10295,140,2442,393,12737,California
Shasta,2021-02-02,979,16163,497,8070,482,8093,0,0,888,11094,89,2531,888,13625,California
Shasta,2021-02-03,695,16858,214,8284,481,8574,0,0,463,11325,232,2763,463,14088,California
Shasta,2021-02-04,1079,17937,682,8966,397,8971,0,0,890,12027,188,2951,890,14978,California
Shasta,2021-02-05,1247,19184,167,9133,1080,10051,0,0,1039,12859,207,3158,1039,16017,California
Shasta,2021-02-06,1728,20912,39,9172,1689,11740,0,0,1705,14541,23,3181,1705,17722,California
Shasta,2021-02-07,25,20937,3,9175,22,11762,0,0,23,14562,2,3183,23,17745,California
Shasta,2021-02-08,591,21528,168,9343,423,12185,0,0,307,14585,284,3467,307,18052,California
Shasta,2021-02-09,1112,22640,638,9981,474,12659,0,0,725,14924,387,3854,726,18778,California
Shasta,2021-02-10,1118,23758,795,10776,323,12982,0,0,597,15000,522,4376,598,19376,California
Shasta,2021-02-11,868,24626,184,10960,684,13666,0,0,353,14843,510,4886,353,19729,California
Shasta,2021-02-12,1750,26376,1201,12161,549,14215,0,0,1220,15533,530,5416,1220,20949,California
Shasta,2021-02-13,1348,27724,363,12524,985,15200,0,0,551,15287,798,6214,552,21501,California
Shasta,2021-02-14,146,27870,4,12528,142,15342,0,0,123,15387,23,6237,123,21624,California
Shasta,2021-02-15,377,28247,98,12626,279,15621,0,0,210,15430,167,6404,210,21834,California
Shasta,2021-02-16,1189,29436,514,13140,675,16296,0,0,422,15086,766,7170,422,22256,California
Shasta,2021-02-17,1031,30467,457,13597,574,16870,0,0,417,14889,614,7784,417,22673,California
Shasta,2021-02-18,939,31406,474,14071,465,17335,0,0,455,14861,484,8268,456,23129,California
Shasta,2021-02-19,1328,32734,947,15018,381,17716,0,0,872,15277,456,8724,872,24001,California
Shasta,2021-02-20,784,33518,88,15106,696,18412,0,0,295,15083,489,9213,295,24296,California
Shasta,2021-02-21,29,33547,3,15109,26,18438,0,0,9,15072,20,9233,9,24305,California
Shasta,2021-02-22,429,33976,80,15189,349,18787,0,0,182,15008,246,9479,182,24487,California
Shasta,2021-02-23,904,34880,466,15655,438,19225,0,0,324,14752,580,10059,324,24811,California
Shasta,2021-02-24,851,35731,498,16153,353,19578,0,0,263,14428,587,10646,263,25074,California
Shasta,2021-02-25,518,36249,187,16340,331,19909,0,0,172,14255,345,10991,172,25246,California
Shasta,2021-02-26,772,37021,103,16443,669,20578,0,0,337,14158,434,11425,337,25583,California
Shasta,2021-02-27,791,37812,26,16469,765,21343,0,0,185,13739,604,12029,185,25768,California
Shasta,2021-02-28,177,37989,4,16473,173,21516,0,0,128,13818,49,12078,128,25896,California
Shasta,2021-03-01,593,38582,58,16531,535,22051,0,0,298,13822,294,12372,298,26194,California
Shasta,2021-03-02,1020,39602,470,17001,550,22601,0,0,336,13475,683,13055,336,26530,California
Shasta,2021-03-03,679,40281,180,17181,499,23100,0,0,242,13280,437,13492,242,26772,California
Shasta,2021-03-04,2954,43235,2388,19569,566,23666,0,0,1706,13742,1245,14737,1707,28479,California
Shasta,2021-03-05,1534,44769,160,19729,1345,25011,29,29,777,13790,758,15495,806,29285,California
Shasta,2021-03-06,2697,47466,379,20108,2273,27284,45,74,845,12830,1850,17345,890,30175,California
Shasta,2021-03-07,92,47558,4,20112,56,27340,32,106,38,12846,54,17399,70,30245,California
Shasta,2021-03-08,569,48127,55,20167,376,27716,138,244,156,12729,411,17810,294,30539,California
Shasta,2021-03-09,1219,49346,590,20757,455,28171,174,418,664,13012,554,18364,837,31376,California
Shasta,2021-03-10,789,50135,254,21011,334,28505,201,619,141,12705,647,19011,340,31716,California
Shasta,2021-03-11,1508,51643,465,21476,785,29290,258,877,907,13272,598,19609,1165,32881,California
Shasta,2021-03-12,1538,53181,850,22326,447,29737,241,1118,399,12772,1138,20747,638,33519,California
Shasta,2021-03-13,751,53932,424,22750,228,29965,99,1217,474,13067,276,21023,571,34090,California
Shasta,2021-03-14,1003,54935,8,22758,973,30938,22,1239,867,13822,136,21159,891,34981,California
Shasta,2021-03-15,484,55419,39,22797,352,31290,93,1332,208,13846,276,21435,300,35281,California
Shasta,2021-03-16,1115,56534,143,22940,903,32193,69,1401,832,14464,283,21718,901,36182,California
Shasta,2021-03-17,707,57241,180,23120,468,32661,59,1460,370,14564,329,22047,429,36611,California
Shasta,2021-03-18,1515,58756,585,23705,828,33489,102,1562,1088,15331,423,22470,1190,37801,California
Shasta,2021-03-19,628,59384,204,23909,367,33856,57,1619,388,15537,239,22709,445,38246,California
Shasta,2021-03-20,729,60113,480,24389,238,34094,11,1630,588,15995,141,22850,599,38845,California
Shasta,2021-03-21,313,60426,298,24687,4,34098,11,1641,286,16266,26,22876,297,39142,California
Shasta,2021-03-22,337,60763,35,24722,267,34365,35,1676,194,16353,142,23018,229,39371,California
Shasta,2021-03-23,1306,62069,651,25373,596,34961,59,1735,760,16631,541,23559,819,40190,California
Shasta,2021-03-24,609,62678,163,25536,409,35370,37,1772,370,16800,238,23797,407,40597,California
Shasta,2021-03-25,1098,63776,414,25950,663,36033,21,1793,781,17288,315,24112,803,41400,California
Shasta,2021-03-26,1781,65557,1359,27309,392,36425,30,1823,1424,18386,357,24469,1455,42855,California
Shasta,2021-03-27,1527,67084,360,27669,307,36732,860,2683,526,18769,999,25468,1382,44237,California
Shasta,2021-03-28,398,67482,295,27964,93,36825,10,2693,297,18977,99,25567,307,44544,California
Shasta,2021-03-29,417,67899,40,28004,366,37191,11,2704,163,18898,253,25820,174,44718,California
Shasta,2021-03-30,1203,69102,743,28747,443,37634,17,2721,599,18913,601,26421,616,45334,California
Shasta,2021-03-31,609,69711,198,28945,404,38038,7,2728,367,19049,238,26659,374,45708,California
Shasta,2021-04-01,867,70578,227,29172,627,38665,13,2741,546,19289,319,26978,559,46267,California
Shasta,2021-04-02,718,71296,174,29346,491,39156,53,2794,386,19398,330,27308,439,46706,California
Shasta,2021-04-03,500,71796,358,29704,126,39282,16,2810,381,19676,119,27427,397,47103,California
Shasta,2021-04-04,286,72082,172,29876,94,39376,20,2830,213,19836,73,27500,233,47336,California
Shasta,2021-04-05,428,72510,66,29942,308,39684,54,2884,249,19960,179,27679,303,47639,California
Shasta,2021-04-06,1116,73626,481,30423,469,40153,166,3050,535,20084,576,28255,700,48339,California
Shasta,2021-04-07,624,74250,188,30611,280,40433,156,3206,235,20089,385,28640,390,48729,California
Shasta,2021-04-08,1116,75366,255,30866,705,41138,156,3362,202,19535,911,29551,357,49086,California
Shasta,2021-04-09,2551,77917,2047,32913,297,41435,207,3569,1983,21161,561,30112,2187,51273,California
Shasta,2021-04-10,860,78777,578,33491,154,41589,128,3697,257,20942,602,30714,383,51656,California
Shasta,2021-04-11,1235,80012,393,33884,822,42411,20,3717,139,20009,1092,31806,159,51815,California
Shasta,2021-04-12,333,80345,8,33892,266,42677,59,3776,95,19925,237,32043,153,51968,California
Shasta,2021-04-13,1245,81590,360,34252,883,43560,2,3778,336,19359,904,32947,338,52306,California
Shasta,2021-04-14,578,82168,150,34402,426,43986,2,3780,222,19228,355,33302,224,52530,California
Shasta,2021-04-15,1052,83220,248,34650,803,44789,1,3781,301,18783,746,34048,301,52831,California
Shasta,2021-04-16,2273,85493,1802,36452,471,45260,0,3781,931,18375,1340,35388,932,53763,California
Shasta,2021-04-17,607,86100,385,36837,222,45482,0,3781,179,18128,428,35816,181,53944,California
Shasta,2021-04-18,263,86363,237,37074,26,45508,0,3781,33,17933,228,36044,33,53977,California
Shasta,2021-04-19,370,86733,29,37103,341,45849,0,3781,157,17877,213,36257,157,54134,California
Shasta,2021-04-20,964,87697,213,37316,751,46600,0,3781,360,17635,602,36859,360,54494,California
Shasta,2021-04-21,571,88268,193,37509,378,46978,0,3781,296,17656,275,37134,296,54790,California
Shasta,2021-04-22,933,89201,259,37768,674,47652,0,3781,297,17319,634,37768,297,55087,California
Shasta,2021-04-23,619,89820,237,38005,382,48034,0,3781,316,17333,302,38070,316,55403,California
Shasta,2021-04-24,589,90409,353,38358,235,48269,1,3782,106,16958,481,38551,106,55509,California
Shasta,2021-04-25,206,90615,176,38534,29,48298,1,3783,36,16825,170,38721,37,55546,California
Shasta,2021-04-26,492,91107,52,38586,435,48733,5,3788,348,17035,142,38863,352,55898,California
Shasta,2021-04-27,526,91633,168,38754,321,49054,37,3825,296,17138,227,39090,330,56228,California
Shasta,2021-04-28,553,92186,133,38887,389,49443,31,3856,248,17111,305,39395,278,56506,California
Shasta,2021-04-29,744,92930,102,38989,620,50063,22,3878,176,16742,567,39962,198,56704,California
Shasta,2021-04-30,2221,95151,1802,40791,389,50452,30,3908,252,15056,1968,41930,282,56986,California
Shasta,2021-05-01,214,95365,19,40810,123,50575,72,3980,93,15100,121,42051,165,57151,California
Shasta,2021-05-02,44,95409,14,40824,17,50592,13,3993,19,15107,25,42076,32,57183,California
Shasta,2021-05-03,347,95756,94,40918,230,50822,23,4016,110,15004,236,42312,133,57316,California
Shasta,2021-05-04,516,96272,190,41108,289,51111,37,4053,248,15024,265,42577,285,57601,California
Shasta,2021-05-05,425,96697,138,41246,271,51382,16,4069,196,15007,229,42806,212,57813,California
Shasta,2021-05-06,676,97373,257,41503,384,51766,35,4104,285,14943,382,43188,318,58131,California
Shasta,2021-05-07,1085,98458,720,42223,327,52093,38,4142,294,14485,790,43978,332,58463,California
Shasta,2021-05-08,161,98619,79,42302,72,52165,10,4152,94,14521,67,44045,103,58566,California
Shasta,2021-05-09,63,98682,14,42316,44,52209,5,4157,33,14529,30,44075,38,58604,California
Shasta,2021-05-10,251,98933,20,42336,184,52393,47,4204,110,14545,138,44213,154,58758,California
Shasta,2021-05-11,496,99429,142,42478,209,52602,145,4349,180,14555,315,44528,325,59083,California
Shasta,2021-05-12,390,99819,139,42617,228,52830,23,4372,131,14451,258,44786,154,59237,California
Shasta,2021-05-13,575,100394,239,42856,322,53152,14,4386,222,14336,351,45137,236,59473,California
Shasta,2021-05-14,631,101025,266,43122,340,53492,25,4411,291,14314,339,45476,317,59790,California
Shasta,2021-05-15,373,101398,116,43238,158,53650,99,4510,153,14346,219,45695,251,60041,California
Shasta,2021-05-16,221,101619,155,43393,56,53706,10,4520,163,14461,58,45753,173,60214,California
Shasta,2021-05-17,523,102142,241,43634,224,53930,58,4578,278,14553,244,45997,336,60550,California
Shasta,2021-05-18,608,102750,293,43927,291,54221,24,4602,327,14623,281,46278,351,60901,California
Shasta,2021-05-19,582,103332,274,44201,241,54462,67,4669,281,14674,297,46575,348,61249,California
Shasta,2021-05-20,557,103889,249,44450,289,54751,19,4688,262,14661,293,46868,280,61529,California
Shasta,2021-05-21,632,104521,284,44734,329,55080,19,4707,339,14728,291,47159,358,61887,California
Shasta,2021-05-22,231,104752,129,44863,93,55173,9,4716,143,14794,86,47245,152,62039,California
Shasta,2021-05-23,110,104862,48,44911,55,55228,7,4723,68,14827,42,47287,75,62114,California
Shasta,2021-05-24,521,105383,161,45072,330,55558,30,4753,184,14705,336,47623,214,62328,California
Shasta,2021-05-25,459,105842,196,45268,218,55776,45,4798,159,14612,296,47919,203,62531,California
Shasta,2021-05-26,371,106213,144,45412,202,55978,25,4823,148,14563,222,48141,173,62704,California
Shasta,2021-05-27,412,106625,153,45565,250,56228,9,4832,155,14473,254,48395,164,62868,California
Shasta,2021-05-28,432,107057,196,45761,209,56437,27,4859,202,14475,227,48622,229,63097,California
Shasta,2021-05-29,222,107279,62,45823,129,56566,31,4890,92,14466,130,48752,121,63218,California
Shasta,2021-05-30,82,107361,47,45870,33,56599,2,4892,54,14494,28,48780,56,63274,California
Shasta,2021-05-31,34,107395,8,45878,25,56624,1,4893,11,14484,22,48802,12,63286,California
Shasta,2021-06-01,520,107915,152,46030,225,56849,143,5036,134,14383,379,49181,278,63564,California
Shasta,2021-06-02,290,108205,117,46147,164,57013,9,5045,120,14344,168,49349,129,63693,California
Shasta,2021-06-03,362,108567,156,46303,198,57211,8,5053,117,14225,244,49593,125,63818,California
Shasta,2021-06-04,557,109124,279,46582,252,57463,26,5079,198,14091,358,49951,224,64042,California
Shasta,2021-06-05,247,109371,142,46724,87,57550,18,5097,82,14028,164,50115,101,64143,California
Shasta,2021-06-06,160,109531,126,46850,32,57582,2,5099,47,13964,113,50228,49,64192,California
Shasta,2021-06-07,395,109926,231,47081,147,57729,17,5116,106,13799,288,50516,123,64315,California
Shasta,2021-06-08,498,110424,299,47380,155,57884,44,5160,146,13638,351,50867,190,64505,California
Shasta,2021-06-09,476,110900,269,47649,121,58005,86,5246,110,13470,363,51230,195,64700,California
Shasta,2021-06-10,405,111305,240,47889,140,58145,25,5271,126,13348,273,51503,151,64851,California
Shasta,2021-06-11,447,111752,250,48139,160,58305,37,5308,121,13181,324,51827,157,65008,California
Shasta,2021-06-12,207,111959,135,48274,66,58371,6,5314,75,13130,132,51959,81,65089,California
Shasta,2021-06-13,89,112048,55,48329,32,58403,2,5316,25,13093,64,52023,27,65116,California
Shasta,2021-06-14,277,112325,150,48479,110,58513,17,5333,80,12994,196,52219,97,65213,California
Shasta,2021-06-15,419,112744,212,48691,104,58617,103,5436,141,12959,274,52493,239,65452,California
Shasta,2021-06-16,257,113001,149,48840,96,58713,12,5448,83,12884,170,52663,95,65547,California
Shasta,2021-06-17,265,113266,118,48958,114,58827,33,5481,92,12837,172,52835,125,65672,California
Shasta,2021-06-18,165,113431,109,49067,44,58871,12,5493,72,12829,92,52927,84,65756,California
Sierra,2020-12-18,1,1,1,1,0,0,0,0,1,1,0,0,1,1,California
Sierra,2020-12-21,2,3,2,3,0,0,0,0,2,3,0,0,2,3,California
Sierra,2020-12-22,12,15,12,15,0,0,0,0,12,15,0,0,12,15,California
Sierra,2020-12-23,4,19,4,19,0,0,0,0,4,19,0,0,4,19,California
Sierra,2020-12-28,1,20,0,19,1,1,0,0,1,20,0,0,1,20,California
Sierra,2020-12-29,49,69,7,26,42,43,0,0,49,69,0,0,49,69,California
Sierra,2020-12-30,2,71,0,26,2,45,0,0,2,71,0,0,2,71,California
Sierra,2020-12-31,13,84,0,26,13,58,0,0,13,84,0,0,13,84,California
Sierra,2021-01-01,1,85,1,27,0,58,0,0,1,85,0,0,1,85,California
Sierra,2021-01-05,63,148,2,29,61,119,0,0,63,148,0,0,63,148,California
Sierra,2021-01-06,1,149,1,30,0,119,0,0,1,149,0,0,1,149,California
Sierra,2021-01-07,20,169,1,31,19,138,0,0,19,167,1,1,19,168,California
Sierra,2021-01-11,3,172,3,34,0,138,0,0,0,164,3,4,0,168,California
Sierra,2021-01-12,38,210,12,46,26,164,0,0,26,178,12,16,26,194,California
Sierra,2021-01-13,3,213,3,49,0,164,0,0,0,175,3,19,0,194,California
Sierra,2021-01-14,35,248,2,51,33,197,0,0,35,210,0,19,35,229,California
Sierra,2021-01-15,3,251,1,52,2,199,0,0,3,213,0,19,3,232,California
Sierra,2021-01-18,3,254,0,52,3,202,0,0,3,216,0,19,3,235,California
Sierra,2021-01-19,34,288,0,52,34,236,0,0,34,250,0,19,34,269,California
Sierra,2021-01-20,1,289,1,53,0,236,0,0,1,251,0,19,1,270,California
Sierra,2021-01-21,53,342,0,53,53,289,0,0,53,304,0,19,53,323,California
Sierra,2021-01-22,2,344,0,53,2,291,0,0,2,306,0,19,2,325,California
Sierra,2021-01-23,2,346,0,53,2,293,0,0,2,308,0,19,2,327,California
Sierra,2021-01-26,62,408,1,54,61,354,0,0,24,294,38,57,24,351,California
Sierra,2021-01-27,4,412,4,58,0,354,0,0,0,290,4,61,0,351,California
Sierra,2021-01-28,53,465,0,58,53,407,0,0,43,323,10,71,43,394,California
Sierra,2021-01-29,1,466,0,58,1,408,0,0,1,324,0,71,1,395,California
Sierra,2021-01-30,2,468,2,60,0,408,0,0,2,326,0,71,2,397,California
Sierra,2021-02-01,1,469,0,60,1,409,0,0,0,325,1,72,0,397,California
Sierra,2021-02-02,60,529,1,61,59,468,0,0,22,309,38,110,22,419,California
Sierra,2021-02-03,5,534,5,66,0,468,0,0,5,314,0,110,5,424,California
Sierra,2021-02-04,99,633,2,68,97,565,0,0,50,315,49,159,50,474,California
Sierra,2021-02-05,5,638,3,71,2,567,0,0,4,318,1,160,4,478,California
Sierra,2021-02-09,55,693,0,71,55,622,0,0,52,367,3,163,52,530,California
Sierra,2021-02-10,2,695,0,71,2,624,0,0,2,369,0,163,2,532,California
Sierra,2021-02-11,194,889,1,72,193,817,0,0,134,443,60,223,134,666,California
Sierra,2021-02-12,20,909,0,72,20,837,0,0,20,463,0,223,20,686,California
Sierra,2021-02-15,2,911,2,74,0,837,0,0,0,461,2,225,0,686,California
Sierra,2021-02-16,46,957,1,75,45,882,0,0,10,435,36,261,10,696,California
Sierra,2021-02-17,4,961,0,75,4,886,0,0,1,433,3,264,1,697,California
Sierra,2021-02-18,144,1105,0,75,144,1030,0,0,94,477,50,314,94,791,California
Sierra,2021-02-19,1,1106,0,75,1,1031,0,0,0,476,1,315,0,791,California
Sierra,2021-02-20,3,1109,2,77,1,1032,0,0,1,475,2,317,1,792,California
Sierra,2021-02-23,5,1114,0,77,5,1037,0,0,5,480,0,317,5,797,California
Sierra,2021-02-24,1,1115,0,77,1,1038,0,0,1,481,0,317,1,798,California
Sierra,2021-02-25,124,1239,1,78,123,1161,0,0,59,476,64,381,59,857,California
Sierra,2021-02-26,11,1250,6,84,5,1166,0,0,4,473,7,388,4,861,California
Sierra,2021-03-01,1,1251,1,85,0,1166,0,0,0,472,1,389,0,861,California
Sierra,2021-03-02,60,1311,0,85,60,1226,0,0,40,492,20,409,40,901,California
Sierra,2021-03-03,1,1312,1,86,0,1226,0,0,0,491,1,410,0,901,California
Sierra,2021-03-04,108,1420,0,86,108,1334,0,0,60,503,48,458,60,961,California
Sierra,2021-03-05,12,1432,0,86,12,1346,0,0,10,511,2,460,10,971,California
Sierra,2021-03-08,1,1433,1,87,0,1346,0,0,1,512,0,460,1,972,California
Sierra,2021-03-09,59,1492,0,87,59,1405,0,0,11,475,48,508,11,983,California
Sierra,2021-03-10,6,1498,0,87,6,1411,0,0,4,477,2,510,4,987,California
Sierra,2021-03-11,176,1674,1,88,175,1586,0,0,44,389,132,642,44,1031,California
Sierra,2021-03-12,19,1693,0,88,19,1605,0,0,0,370,19,661,0,1031,California
Sierra,2021-03-13,28,1721,0,88,28,1633,0,0,28,398,0,661,28,1059,California
Sierra,2021-03-15,2,1723,0,88,0,1633,2,2,0,398,2,663,2,1061,California
Sierra,2021-03-16,37,1760,0,88,36,1669,1,3,22,406,15,678,23,1084,California
Sierra,2021-03-17,1,1761,0,88,1,1670,0,3,0,405,1,679,0,1084,California
Sierra,2021-03-18,161,1922,0,88,161,1831,0,3,65,374,96,775,65,1149,California
Sierra,2021-03-19,3,1925,1,89,2,1833,0,3,0,371,3,778,0,1149,California
Sierra,2021-03-20,2,1927,0,89,2,1835,0,3,1,371,1,779,1,1150,California
Sierra,2021-03-23,23,1950,0,89,23,1858,0,3,13,374,10,789,13,1163,California
Sierra,2021-03-24,2,1952,0,89,2,1860,0,3,1,374,1,790,1,1164,California
Sierra,2021-03-25,99,2051,1,90,98,1958,0,3,50,375,49,839,50,1214,California
Sierra,2021-03-26,11,2062,0,90,11,1969,0,3,8,380,3,842,8,1222,California
Sierra,2021-03-27,1,2063,0,90,1,1970,0,3,0,379,1,843,0,1222,California
Sierra,2021-03-29,1,2064,1,91,0,1970,0,3,0,378,1,844,0,1222,California
Sierra,2021-03-30,60,2124,0,91,60,2030,0,3,26,370,34,878,26,1248,California
Sierra,2021-03-31,8,2132,0,91,8,2038,0,3,8,378,0,878,8,1256,California
Sierra,2021-04-01,63,2195,1,92,62,2100,0,3,5,327,56,934,5,1261,California
Sierra,2021-04-02,2,2197,1,93,1,2101,0,3,2,329,0,934,2,1263,California
Sierra,2021-04-04,1,2198,0,93,1,2102,0,3,0,329,0,934,0,1263,California
Sierra,2021-04-06,11,2209,0,93,11,2113,0,3,1,320,10,944,1,1264,California
Sierra,2021-04-07,13,2222,2,95,6,2119,5,8,2,317,10,954,7,1271,California
Sierra,2021-04-08,52,2274,2,97,50,2169,0,8,16,297,36,990,16,1287,California
Sierra,2021-04-09,1,2275,1,98,0,2169,0,8,1,298,0,990,1,1288,California
Sierra,2021-04-10,27,2302,0,98,27,2196,0,8,0,271,27,1017,0,1288,California
Sierra,2021-04-12,1,2303,0,98,0,2196,1,9,0,271,1,1018,1,1289,California
Sierra,2021-04-13,45,2348,0,98,45,2241,0,9,5,236,40,1058,5,1294,California
Sierra,2021-04-14,1,2349,0,98,1,2242,0,9,1,237,0,1058,1,1295,California
Sierra,2021-04-15,50,2399,2,100,48,2290,0,9,2,191,48,1106,2,1297,California
Sierra,2021-04-17,2,2401,1,101,1,2291,0,9,1,191,1,1107,1,1298,California
Sierra,2021-04-18,1,2402,0,101,1,2292,0,9,0,191,0,1107,0,1298,California
Sierra,2021-04-19,1,2403,0,101,1,2293,0,9,1,192,0,1107,1,1299,California
Sierra,2021-04-20,34,2437,2,103,32,2325,0,9,6,170,28,1135,6,1305,California
Sierra,2021-04-21,2,2439,1,104,1,2326,0,9,1,170,1,1136,1,1306,California
Sierra,2021-04-22,64,2503,1,105,63,2389,0,9,5,117,58,1194,5,1311,California
Sierra,2021-04-23,12,2515,0,105,12,2401,0,9,4,113,8,1202,4,1315,California
Sierra,2021-04-24,4,2519,0,105,4,2405,0,9,4,117,0,1202,4,1319,California
Sierra,2021-04-26,1,2520,0,105,1,2406,0,9,1,118,0,1202,1,1320,California
Sierra,2021-04-27,31,2551,0,105,31,2437,0,9,4,95,27,1229,4,1324,California
Sierra,2021-04-28,10,2561,2,107,8,2445,0,9,2,89,8,1237,2,1326,California
Sierra,2021-04-29,20,2581,2,109,18,2463,0,9,14,97,6,1243,14,1340,California
Sierra,2021-04-30,3,2584,1,110,2,2465,0,9,1,96,2,1245,1,1341,California
Sierra,2021-05-01,2,2586,0,110,2,2467,0,9,0,96,0,1245,0,1341,California
Sierra,2021-05-03,1,2587,1,111,0,2467,0,9,1,97,0,1245,1,1342,California
Sierra,2021-05-04,3,2590,1,112,1,2468,1,10,1,97,2,1247,2,1344,California
Sierra,2021-05-05,23,2613,1,113,22,2490,0,10,8,90,15,1262,8,1352,California
Sierra,2021-05-06,1,2614,1,114,0,2490,0,10,0,89,1,1263,0,1352,California
Sierra,2021-05-08,1,2615,0,114,0,2490,1,11,0,89,1,1264,1,1353,California
Sierra,2021-05-11,11,2626,0,114,4,2494,7,18,0,85,11,1275,7,1360,California
Sierra,2021-05-12,11,2637,1,115,10,2504,0,18,8,90,3,1278,8,1368,California
Sierra,2021-05-13,3,2640,2,117,1,2505,0,18,2,91,1,1279,2,1370,California
Sierra,2021-05-14,3,2643,1,118,2,2507,0,18,3,94,0,1279,3,1373,California
Sierra,2021-05-15,1,2644,0,118,0,2507,1,19,0,94,1,1280,1,1374,California
Sierra,2021-05-17,1,2645,1,119,0,2507,0,19,1,95,0,1280,1,1375,California
Sierra,2021-05-18,1,2646,0,119,0,2507,1,20,0,95,1,1281,1,1376,California
Sierra,2021-05-19,7,2653,3,122,4,2511,0,20,2,92,5,1286,2,1378,California
Sierra,2021-05-20,9,2662,8,130,0,2511,1,21,8,100,1,1287,9,1387,California
Sierra,2021-05-21,3,2665,1,131,2,2513,0,21,1,99,2,1289,1,1388,California
Sierra,2021-05-22,4,2669,0,131,4,2517,0,21,0,95,4,1293,0,1388,California
Sierra,2021-05-23,1,2670,0,131,1,2518,0,21,1,96,0,1293,1,1389,California
Sierra,2021-05-24,3,2673,1,132,2,2520,0,21,2,97,1,1294,2,1391,California
Sierra,2021-05-25,4,2677,1,133,3,2523,0,21,1,95,3,1297,1,1392,California
Sierra,2021-05-26,8,2685,0,133,8,2531,0,21,4,95,4,1301,4,1396,California
Sierra,2021-05-27,9,2694,1,134,7,2538,1,22,2,91,7,1308,3,1399,California
Sierra,2021-05-28,3,2697,1,135,2,2540,0,22,2,92,1,1309,2,1401,California
Sierra,2021-05-29,2,2699,0,135,2,2542,0,22,2,94,0,1309,2,1403,California
Sierra,2021-05-30,1,2700,1,136,0,2542,0,22,1,95,0,1309,1,1404,California
Sierra,2021-05-31,1,2701,0,136,1,2543,0,22,0,95,0,1309,0,1404,California
Sierra,2021-06-01,1,2702,0,136,1,2544,0,22,0,94,1,1310,0,1404,California
Sierra,2021-06-02,23,2725,0,136,21,2565,2,24,0,74,22,1332,2,1406,California
Sierra,2021-06-03,3,2728,2,138,1,2566,0,24,0,71,3,1335,0,1406,California
Sierra,2021-06-04,2,2730,2,140,0,2566,0,24,1,71,1,1336,1,1407,California
Sierra,2021-06-08,1,2731,1,141,0,2566,0,24,1,72,0,1336,1,1408,California
Sierra,2021-06-09,8,2739,1,142,5,2571,2,26,0,66,8,1344,2,1410,California
Sierra,2021-06-10,8,2747,8,150,0,2571,0,26,4,66,4,1348,4,1414,California
Sierra,2021-06-11,3,2750,1,151,2,2573,0,26,0,63,3,1351,0,1414,California
Sierra,2021-06-12,1,2751,1,152,0,2573,0,26,1,64,0,1351,1,1415,California
Sierra,2021-06-13,1,2752,1,153,0,2573,0,26,0,63,1,1352,0,1415,California
Sierra,2021-06-14,6,2758,4,157,1,2574,1,27,2,62,4,1356,3,1418,California
Sierra,2021-06-15,1,2759,0,157,1,2575,0,27,0,62,0,1356,0,1418,California
Sierra,2021-06-16,6,2765,1,158,5,2580,0,27,2,60,4,1360,2,1420,California
Sierra,2021-06-17,6,2771,3,161,1,2581,2,29,3,62,3,1363,5,1425,California
Sierra,2021-06-18,1,2772,0,161,0,2581,1,30,0,62,1,1364,1,1426,California
Siskiyou,2020-12-16,2,2,2,2,0,0,0,0,2,2,0,0,2,2,California
Siskiyou,2020-12-17,4,6,4,6,0,0,0,0,4,6,0,0,4,6,California
Siskiyou,2020-12-18,2,8,2,8,0,0,0,0,2,8,0,0,2,8,California
Siskiyou,2020-12-19,4,12,4,12,0,0,0,0,4,12,0,0,4,12,California
Siskiyou,2020-12-20,1,13,1,13,0,0,0,0,1,13,0,0,1,13,California
Siskiyou,2020-12-21,131,144,131,144,0,0,0,0,131,144,0,0,131,144,California
Siskiyou,2020-12-22,158,302,158,302,0,0,0,0,158,302,0,0,158,302,California
Siskiyou,2020-12-23,142,444,142,444,0,0,0,0,142,444,0,0,142,444,California
Siskiyou,2020-12-24,5,449,5,449,0,0,0,0,5,449,0,0,5,449,California
Siskiyou,2020-12-26,2,451,0,449,2,2,0,0,2,451,0,0,2,451,California
Siskiyou,2020-12-27,2,453,0,449,2,4,0,0,2,453,0,0,2,453,California
Siskiyou,2020-12-28,3,456,1,450,2,6,0,0,3,456,0,0,3,456,California
Siskiyou,2020-12-29,6,462,2,452,4,10,0,0,6,462,0,0,6,462,California
Siskiyou,2020-12-30,100,562,3,455,97,107,0,0,100,562,0,0,100,562,California
Siskiyou,2020-12-31,12,574,0,455,12,119,0,0,12,574,0,0,12,574,California
Siskiyou,2021-01-02,1,575,1,456,0,119,0,0,1,575,0,0,1,575,California
Siskiyou,2021-01-03,1,576,0,456,1,120,0,0,1,576,0,0,1,576,California
Siskiyou,2021-01-04,130,706,3,459,127,247,0,0,130,706,0,0,130,706,California
Siskiyou,2021-01-05,119,825,4,463,115,362,0,0,117,822,2,2,118,824,California
Siskiyou,2021-01-06,60,885,7,470,53,415,0,0,56,874,4,6,56,880,California
Siskiyou,2021-01-07,176,1061,4,474,172,587,0,0,175,1048,1,7,175,1055,California
Siskiyou,2021-01-08,39,1100,3,477,36,623,0,0,37,1083,2,9,37,1092,California
Siskiyou,2021-01-09,3,1103,3,480,0,623,0,0,1,1082,2,11,1,1093,California
Siskiyou,2021-01-11,224,1327,64,544,160,783,0,0,162,1182,62,73,162,1255,California
Siskiyou,2021-01-12,324,1651,274,818,50,833,0,0,91,1041,233,306,92,1347,California
Siskiyou,2021-01-13,158,1809,137,955,21,854,0,0,24,931,134,440,24,1371,California
Siskiyou,2021-01-14,35,1844,1,956,34,888,0,0,34,964,1,441,34,1405,California
Siskiyou,2021-01-15,55,1899,3,959,52,940,0,0,55,1019,0,441,55,1460,California
Siskiyou,2021-01-16,7,1906,2,961,5,945,0,0,7,1026,0,441,7,1467,California
Siskiyou,2021-01-17,1,1907,1,962,0,945,0,0,0,1025,1,442,0,1467,California
Siskiyou,2021-01-18,75,1982,3,965,72,1017,0,0,73,1096,2,444,73,1540,California
Siskiyou,2021-01-19,41,2023,1,966,40,1057,0,0,40,1135,1,445,40,1580,California
Siskiyou,2021-01-20,68,2091,35,1001,33,1090,0,0,64,1195,4,449,64,1644,California
Siskiyou,2021-01-21,66,2157,1,1002,65,1155,0,0,66,1261,0,449,66,1710,California
Siskiyou,2021-01-22,1340,3497,1173,2175,167,1322,0,0,1340,2601,0,449,1340,3050,California
Siskiyou,2021-01-23,6,3503,2,2177,4,1326,0,0,3,2601,3,452,3,3053,California
Siskiyou,2021-01-25,208,3711,8,2185,200,1526,0,0,204,2801,4,456,204,3257,California
Siskiyou,2021-01-26,101,3812,3,2188,98,1624,0,0,92,2884,9,465,92,3349,California
Siskiyou,2021-01-27,198,4010,2,2190,196,1820,0,0,133,2953,64,529,133,3482,California
Siskiyou,2021-01-28,260,4270,118,2308,142,1962,0,0,235,3169,19,548,235,3717,California
Siskiyou,2021-01-29,272,4542,3,2311,269,2231,0,0,253,3403,19,567,253,3970,California
Siskiyou,2021-01-30,6,4548,5,2316,1,2232,0,0,6,3409,0,567,6,3976,California
Siskiyou,2021-02-01,214,4762,3,2319,211,2443,0,0,114,3423,100,667,114,4090,California
Siskiyou,2021-02-02,310,5072,45,2364,265,2708,0,0,157,3427,153,820,157,4247,California
Siskiyou,2021-02-03,335,5407,1,2365,334,3042,0,0,264,3620,71,891,264,4511,California
Siskiyou,2021-02-04,358,5765,7,2372,351,3393,0,0,220,3702,138,1029,220,4731,California
Siskiyou,2021-02-05,543,6308,4,2376,539,3932,0,0,369,3897,174,1203,369,5100,California
Siskiyou,2021-02-06,15,6323,0,2376,15,3947,0,0,15,3912,0,1203,15,5115,California
Siskiyou,2021-02-07,2,6325,1,2377,1,3948,0,0,2,3914,0,1203,2,5117,California
Siskiyou,2021-02-08,237,6562,4,2381,233,4181,0,0,212,4101,25,1228,212,5329,California
Siskiyou,2021-02-09,243,6805,2,2383,241,4422,0,0,190,4238,53,1281,190,5519,California
Siskiyou,2021-02-10,389,7194,41,2424,348,4770,0,0,319,4488,69,1350,319,5838,California
Siskiyou,2021-02-11,215,7409,1,2425,214,4984,0,0,186,4645,29,1379,186,6024,California
Siskiyou,2021-02-12,1702,9111,1198,3623,504,5488,0,0,498,3939,1204,2583,498,6522,California
Siskiyou,2021-02-13,37,9148,2,3625,35,5523,0,0,32,3966,5,2588,32,6554,California
Siskiyou,2021-02-14,6,9154,2,3627,4,5527,0,0,6,3972,0,2588,6,6560,California
Siskiyou,2021-02-15,98,9252,1,3628,97,5624,0,0,96,4066,2,2590,96,6656,California
Siskiyou,2021-02-16,136,9388,2,3630,134,5758,0,0,100,4130,36,2626,100,6756,California
Siskiyou,2021-02-17,285,9673,4,3634,281,6039,0,0,250,4345,35,2661,250,7006,California
Siskiyou,2021-02-18,269,9942,88,3722,181,6220,0,0,127,4330,142,2803,127,7133,California
Siskiyou,2021-02-19,95,10037,34,3756,61,6281,0,0,35,4307,58,2861,35,7168,California
Siskiyou,2021-02-20,23,10060,5,3761,18,6299,0,0,16,4318,7,2868,18,7186,California
Siskiyou,2021-02-21,1,10061,1,3762,0,6299,0,0,1,4319,0,2868,1,7187,California
Siskiyou,2021-02-22,208,10269,2,3764,206,6505,0,0,76,4263,132,3000,76,7263,California
Siskiyou,2021-02-23,276,10545,15,3779,261,6766,0,0,183,4353,93,3093,183,7446,California
Siskiyou,2021-02-24,171,10716,5,3784,166,6932,0,0,49,4280,122,3215,49,7495,California
Siskiyou,2021-02-25,298,11014,14,3798,284,7216,0,0,144,4271,153,3368,144,7639,California
Siskiyou,2021-02-26,668,11682,7,3805,661,7877,0,0,364,4331,304,3672,364,8003,California
Siskiyou,2021-02-27,32,11714,5,3810,27,7904,0,0,28,4355,4,3676,28,8031,California
Siskiyou,2021-02-28,4,11718,4,3814,0,7904,0,0,3,4357,1,3677,3,8034,California
Siskiyou,2021-03-01,290,12008,5,3819,285,8189,0,0,49,4165,241,3918,49,8083,California
Siskiyou,2021-03-02,203,12211,1,3820,202,8391,0,0,69,4100,134,4052,69,8152,California
Siskiyou,2021-03-03,347,12558,11,3831,336,8727,0,0,153,4059,194,4246,153,8305,California
Siskiyou,2021-03-04,817,13375,616,4447,201,8928,0,0,641,4524,176,4422,641,8946,California
Siskiyou,2021-03-05,346,13721,5,4452,330,9258,11,11,106,4404,237,4659,117,9063,California
Siskiyou,2021-03-06,42,13763,3,4455,32,9290,7,18,27,4423,15,4674,34,9097,California
Siskiyou,2021-03-07,11,13774,3,4458,0,9290,8,26,1,4422,10,4684,9,9106,California
Siskiyou,2021-03-08,359,14133,21,4479,304,9594,34,60,68,4233,291,4975,102,9208,California
Siskiyou,2021-03-09,175,14308,2,4481,118,9712,55,115,42,4197,133,5108,97,9305,California
Siskiyou,2021-03-10,220,14528,6,4487,184,9896,30,145,24,4055,196,5304,54,9359,California
Siskiyou,2021-03-11,492,15020,205,4692,241,10137,46,191,283,4176,208,5512,329,9688,California
Siskiyou,2021-03-12,653,15673,141,4833,473,10610,39,230,184,3932,467,5979,223,9911,California
Siskiyou,2021-03-13,428,16101,379,5212,26,10636,23,253,379,4285,49,6028,402,10313,California
Siskiyou,2021-03-14,20,16121,1,5213,3,10639,16,269,2,4285,18,6046,18,10331,California
Siskiyou,2021-03-15,494,16615,258,5471,173,10812,63,332,319,4492,175,6221,382,10713,California
Siskiyou,2021-03-16,258,16873,34,5505,208,11020,16,348,141,4533,116,6337,157,10870,California
Siskiyou,2021-03-17,200,17073,8,5513,184,11204,8,356,33,4407,167,6504,41,10911,California
Siskiyou,2021-03-18,921,17994,783,6296,126,11330,12,368,805,5108,116,6620,817,11728,California
Siskiyou,2021-03-19,62,18056,5,6301,44,11374,13,381,18,5095,44,6664,31,11759,California
Siskiyou,2021-03-20,29,18085,7,6308,18,11392,4,385,6,5082,23,6687,10,11769,California
Siskiyou,2021-03-21,10,18095,4,6312,1,11393,5,390,4,5085,6,6693,9,11778,California
Siskiyou,2021-03-22,208,18303,19,6331,166,11559,23,413,145,5193,60,6753,168,11946,California
Siskiyou,2021-03-23,164,18467,19,6350,136,11695,9,422,121,5279,43,6796,129,12075,California
Siskiyou,2021-03-24,142,18609,47,6397,95,11790,0,422,115,5367,27,6823,115,12190,California
Siskiyou,2021-03-25,561,19170,313,6710,245,12035,3,425,392,5593,169,6992,395,12585,California
Siskiyou,2021-03-26,302,19472,34,6744,268,12303,0,425,103,5499,197,7189,103,12688,California
Siskiyou,2021-03-27,38,19510,6,6750,27,12330,5,430,10,5486,28,7217,15,12703,California
Siskiyou,2021-03-28,7,19517,6,6756,1,12331,0,430,5,5489,2,7219,5,12708,California
Siskiyou,2021-03-29,93,19610,10,6766,81,12412,2,432,43,5484,50,7269,45,12753,California
Siskiyou,2021-03-30,102,19712,6,6772,95,12507,1,433,41,5465,61,7330,42,12795,California
Siskiyou,2021-03-31,176,19888,8,6780,165,12672,3,436,48,5391,126,7456,52,12847,California
Siskiyou,2021-04-01,824,20712,666,7446,158,12830,0,436,213,4993,611,8067,213,13060,California
Siskiyou,2021-04-02,347,21059,197,7643,146,12976,4,440,65,4782,280,8347,69,13129,California
Siskiyou,2021-04-03,26,21085,5,7648,14,12990,7,447,5,4773,21,8368,12,13141,California
Siskiyou,2021-04-04,2,21087,1,7649,1,12991,0,447,1,4773,1,8369,1,13142,California
Siskiyou,2021-04-05,438,21525,332,7981,81,13072,25,472,28,4417,409,8778,53,13195,California
Siskiyou,2021-04-06,219,21744,36,8017,130,13202,53,525,125,4502,92,8870,177,13372,California
Siskiyou,2021-04-07,114,21858,11,8028,62,13264,41,566,64,4558,50,8920,106,13478,California
Siskiyou,2021-04-08,341,22199,173,8201,125,13389,43,609,63,4386,278,9198,106,13584,California
Siskiyou,2021-04-09,545,22744,377,8578,130,13519,38,647,84,4049,460,9658,123,13707,California
Siskiyou,2021-04-10,46,22790,6,8584,3,13522,37,684,7,4054,39,9697,44,13751,California
Siskiyou,2021-04-11,6,22796,4,8588,1,13523,1,685,1,4051,5,9702,2,13753,California
Siskiyou,2021-04-12,128,22924,23,8611,104,13627,1,686,49,4022,79,9781,50,13803,California
Siskiyou,2021-04-13,204,23128,36,8647,167,13794,1,687,81,3981,123,9904,82,13885,California
Siskiyou,2021-04-14,156,23284,64,8711,92,13886,0,687,85,3997,69,9973,85,13970,California
Siskiyou,2021-04-15,1112,24396,954,9665,158,14044,0,687,434,3754,678,10651,435,14405,California
Siskiyou,2021-04-16,301,24697,210,9875,91,14135,0,687,268,3990,32,10683,268,14673,California
Siskiyou,2021-04-17,11,24708,8,9883,3,14138,0,687,6,3991,5,10688,6,14679,California
Siskiyou,2021-04-18,5,24713,3,9886,2,14140,0,687,1,3988,4,10692,1,14680,California
Siskiyou,2021-04-19,129,24842,24,9910,105,14245,0,687,46,3951,83,10775,46,14726,California
Siskiyou,2021-04-20,210,25052,4,9914,206,14451,0,687,89,3920,120,10895,89,14815,California
Siskiyou,2021-04-21,93,25145,10,9924,83,14534,0,687,24,3875,69,10964,24,14839,California
Siskiyou,2021-04-22,404,25549,294,10218,110,14644,0,687,48,3567,356,11320,48,14887,California
Siskiyou,2021-04-23,179,25728,14,10232,165,14809,0,687,157,3703,21,11341,157,15044,California
Siskiyou,2021-04-24,27,25755,4,10236,23,14832,0,687,20,3716,7,11348,20,15064,California
Siskiyou,2021-04-25,2,25757,0,10236,2,14834,0,687,2,3718,0,11348,2,15066,California
Siskiyou,2021-04-26,99,25856,5,10241,89,14923,5,692,25,3674,74,11422,30,15096,California
Siskiyou,2021-04-27,114,25970,4,10245,108,15031,2,694,86,3736,26,11448,88,15184,California
Siskiyou,2021-04-28,110,26080,7,10252,95,15126,8,702,53,3740,57,11505,61,15245,California
Siskiyou,2021-04-29,147,26227,15,10267,131,15257,1,703,30,3654,117,11622,31,15276,California
Siskiyou,2021-04-30,102,26329,21,10288,80,15337,1,704,44,3643,55,11677,44,15320,California
Siskiyou,2021-05-01,11,26340,7,10295,1,15338,3,707,7,3649,4,11681,10,15330,California
Siskiyou,2021-05-02,10,26350,4,10299,6,15344,0,707,8,3655,2,11683,8,15338,California
Siskiyou,2021-05-03,104,26454,23,10322,79,15423,2,709,43,3639,61,11744,45,15383,California
Siskiyou,2021-05-04,120,26574,6,10328,112,15535,2,711,60,3642,59,11803,62,15445,California
Siskiyou,2021-05-05,115,26689,19,10347,87,15622,9,720,39,3615,75,11878,48,15493,California
Siskiyou,2021-05-06,364,27053,295,10642,63,15685,6,726,190,3637,174,12052,196,15689,California
Siskiyou,2021-05-07,307,27360,219,10861,83,15768,5,731,31,3398,275,12327,36,15725,California
Siskiyou,2021-05-08,24,27384,3,10864,20,15788,1,732,18,3411,6,12333,19,15744,California
Siskiyou,2021-05-09,1,27385,0,10864,1,15789,0,732,0,3410,1,12334,0,15744,California
Siskiyou,2021-05-10,99,27484,67,10931,31,15820,1,733,22,3356,77,12411,23,15767,California
Siskiyou,2021-05-11,87,27571,8,10939,74,15894,5,738,51,3376,36,12447,56,15823,California
Siskiyou,2021-05-12,57,27628,4,10943,48,15942,5,743,16,3356,41,12488,21,15844,California
Siskiyou,2021-05-13,81,27709,34,10977,38,15980,9,752,37,3358,44,12532,46,15890,California
Siskiyou,2021-05-14,174,27883,81,11058,92,16072,1,753,106,3398,67,12599,107,15997,California
Siskiyou,2021-05-15,43,27926,13,11071,28,16100,2,755,36,3430,6,12605,38,16035,California
Siskiyou,2021-05-16,6,27932,2,11073,4,16104,0,755,4,3432,2,12607,4,16039,California
Siskiyou,2021-05-17,63,27995,2,11075,38,16142,23,778,11,3414,52,12659,34,16073,California
Siskiyou,2021-05-18,215,28210,82,11157,129,16271,4,782,123,3450,91,12750,127,16200,California
Siskiyou,2021-05-19,155,28365,97,11254,57,16328,1,783,125,3546,30,12780,126,16326,California
Siskiyou,2021-05-20,526,28891,425,11679,99,16427,2,785,232,3488,292,13072,234,16560,California
Siskiyou,2021-05-21,198,29089,96,11775,102,16529,0,785,110,3511,87,13159,110,16670,California
Siskiyou,2021-05-22,40,29129,19,11794,21,16550,0,785,25,3521,15,13174,25,16695,California
Siskiyou,2021-05-23,4,29133,3,11797,1,16551,0,785,2,3521,2,13176,2,16697,California
Siskiyou,2021-05-24,18,29151,3,11800,15,16566,0,785,5,3514,12,13188,5,16702,California
Siskiyou,2021-05-25,156,29307,16,11816,120,16686,20,805,50,3480,104,13292,70,16772,California
Siskiyou,2021-05-26,76,29383,19,11835,57,16743,0,805,41,3486,35,13327,41,16813,California
Siskiyou,2021-05-27,130,29513,92,11927,37,16780,1,806,55,3467,75,13402,56,16869,California
Siskiyou,2021-05-28,151,29664,56,11983,94,16874,1,807,100,3518,50,13452,101,16970,California
Siskiyou,2021-05-29,16,29680,9,11992,4,16878,3,810,5,3515,11,13463,8,16978,California
Siskiyou,2021-05-31,2,29682,1,11993,0,16878,1,811,1,3516,1,13464,2,16980,California
Siskiyou,2021-06-01,86,29768,20,12013,66,16944,0,811,29,3489,56,13520,29,17009,California
Siskiyou,2021-06-02,118,29886,35,12048,83,17027,0,811,44,3459,74,13594,44,17053,California
Siskiyou,2021-06-03,150,30036,103,12151,42,17069,5,816,34,3382,116,13710,39,17092,California
Siskiyou,2021-06-04,98,30134,76,12227,22,17091,0,816,19,3322,79,13789,19,17111,California
Siskiyou,2021-06-05,37,30171,17,12244,19,17110,1,817,16,3318,21,13810,17,17128,California
Siskiyou,2021-06-06,3,30174,2,12246,0,17110,1,818,0,3316,3,13813,1,17129,California
Siskiyou,2021-06-07,37,30211,4,12250,30,17140,3,821,26,3334,11,13824,29,17158,California
Siskiyou,2021-06-08,209,30420,92,12342,114,17254,3,824,65,3263,139,13963,68,17226,California
Siskiyou,2021-06-09,112,30532,83,12425,28,17282,1,825,30,3212,82,14045,31,17257,California
Siskiyou,2021-06-10,174,30706,143,12568,31,17313,0,825,77,3192,97,14142,77,17334,California
Siskiyou,2021-06-11,112,30818,60,12628,45,17358,7,832,23,3154,68,14210,30,17364,California
Siskiyou,2021-06-12,29,30847,6,12634,23,17381,0,832,9,3143,20,14230,9,17373,California
Siskiyou,2021-06-13,24,30871,16,12650,8,17389,0,832,2,3123,22,14252,2,17375,California
Siskiyou,2021-06-14,23,30894,3,12653,16,17405,4,836,11,3125,12,14264,14,17389,California
Siskiyou,2021-06-15,80,30974,18,12671,54,17459,8,844,32,3117,48,14312,40,17429,California
Siskiyou,2021-06-16,100,31074,22,12693,77,17536,1,845,48,3114,52,14364,49,17478,California
Siskiyou,2021-06-17,130,31204,95,12788,29,17565,6,851,33,3057,96,14460,39,17517,California
Siskiyou,2021-06-18,56,31260,45,12833,8,17573,3,854,8,3020,48,14508,11,17528,California
Solano,2020-12-15,4,4,4,4,0,0,0,0,4,4,0,0,4,4,California
Solano,2020-12-16,70,74,70,74,0,0,0,0,70,74,0,0,70,74,California
Solano,2020-12-17,168,242,168,242,0,0,0,0,168,242,0,0,168,242,California
Solano,2020-12-18,472,714,471,713,1,1,0,0,472,714,0,0,472,714,California
Solano,2020-12-19,521,1235,521,1234,0,1,0,0,521,1235,0,0,521,1235,California
Solano,2020-12-20,350,1585,348,1582,2,3,0,0,350,1585,0,0,350,1585,California
Solano,2020-12-21,575,2160,573,2155,2,5,0,0,575,2160,0,0,575,2160,California
Solano,2020-12-22,660,2820,627,2782,33,38,0,0,660,2820,0,0,660,2820,California
Solano,2020-12-23,855,3675,762,3544,93,131,0,0,854,3673,1,1,854,3674,California
Solano,2020-12-24,413,4088,163,3707,250,381,0,0,413,4086,0,1,413,4087,California
Solano,2020-12-25,9,4097,1,3708,8,389,0,0,9,4095,0,1,9,4096,California
Solano,2020-12-26,171,4268,45,3753,126,515,0,0,171,4266,0,1,171,4267,California
Solano,2020-12-27,107,4375,29,3782,78,593,0,0,107,4373,0,1,107,4374,California
Solano,2020-12-28,874,5249,425,4207,449,1042,0,0,874,5247,0,1,874,5248,California
Solano,2020-12-29,912,6161,373,4580,539,1581,0,0,912,6159,0,1,912,6160,California
Solano,2020-12-30,1232,7393,595,5175,637,2218,0,0,1232,7391,0,1,1232,7392,California
Solano,2020-12-31,542,7935,139,5314,403,2621,0,0,542,7933,0,1,542,7934,California
Solano,2021-01-01,15,7950,14,5328,1,2622,0,0,15,7948,0,1,15,7949,California
Solano,2021-01-02,214,8164,165,5493,49,2671,0,0,214,8162,0,1,214,8163,California
Solano,2021-01-03,56,8220,40,5533,16,2687,0,0,50,8212,0,1,50,8213,California
Solano,2021-01-04,447,8667,239,5772,208,2895,0,0,438,8648,2,3,438,8651,California
Solano,2021-01-05,731,9398,378,6150,353,3248,0,0,572,9066,154,157,572,9223,California
Solano,2021-01-06,842,10240,433,6583,409,3657,0,0,574,9374,266,423,574,9797,California
Solano,2021-01-07,1063,11303,674,7257,389,4046,0,0,594,9502,467,890,595,10392,California
Solano,2021-01-08,1145,12448,778,8035,367,4413,0,0,547,9471,580,1470,549,10941,California
Solano,2021-01-09,897,13345,768,8803,129,4542,0,0,438,9453,456,1926,438,11379,California
Solano,2021-01-10,262,13607,192,8995,70,4612,0,0,162,9515,100,2026,162,11541,California
Solano,2021-01-11,1339,14946,1123,10118,216,4828,0,0,820,9816,519,2545,820,12361,California
Solano,2021-01-12,1563,16509,1163,11281,400,5228,0,0,1022,10299,540,3085,1023,13384,California
Solano,2021-01-13,1473,17982,1004,12285,469,5697,0,0,1217,11262,254,3339,1217,14601,California
Solano,2021-01-14,1900,19882,811,13096,1089,6786,0,0,1589,12541,310,3649,1589,16190,California
Solano,2021-01-15,1712,21594,1058,14154,654,7440,0,0,1415,13659,297,3946,1415,17605,California
Solano,2021-01-16,1300,22894,909,15063,391,7831,0,0,1129,14617,171,4117,1129,18734,California
Solano,2021-01-17,1053,23947,758,15821,295,8126,0,0,1033,15631,20,4137,1034,19768,California
Solano,2021-01-18,1428,25375,856,16677,572,8698,0,0,1310,16824,118,4255,1311,21079,California
Solano,2021-01-19,1662,27037,1342,18019,320,9018,0,0,1394,17951,267,4522,1394,22473,California
Solano,2021-01-20,2056,29093,1430,19449,626,9644,0,0,1567,19032,486,5008,1567,24040,California
Solano,2021-01-21,3235,32328,1027,20476,2208,11852,0,0,2884,21566,351,5359,2885,26925,California
Solano,2021-01-22,1791,34119,852,21328,939,12791,0,0,1593,22963,197,5556,1594,28519,California
Solano,2021-01-23,736,34855,241,21569,495,13286,0,0,532,23291,205,5761,533,29052,California
Solano,2021-01-24,405,35260,62,21631,343,13629,0,0,336,23558,69,5830,336,29388,California
Solano,2021-01-25,1685,36945,633,22264,1052,14681,0,0,1124,24123,560,6390,1125,30513,California
Solano,2021-01-26,1816,38761,749,23013,1067,15748,0,0,1171,24650,645,7035,1172,31685,California
Solano,2021-01-27,1819,40580,729,23742,1090,16838,0,0,1200,25235,615,7650,1200,32885,California
Solano,2021-01-28,1965,42545,709,24451,1256,18094,0,0,1374,26020,590,8240,1375,34260,California
Solano,2021-01-29,1728,44273,790,25241,938,19032,0,0,1363,27021,362,8602,1363,35623,California
Solano,2021-01-30,941,45214,435,25676,506,19538,0,0,613,27307,328,8930,614,36237,California
Solano,2021-01-31,270,45484,180,25856,90,19628,0,0,174,27385,96,9026,174,36411,California
Solano,2021-02-01,1561,47045,1035,26891,526,20154,0,0,778,27384,779,9805,778,37189,California
Solano,2021-02-02,3380,50425,1093,27984,2287,22441,0,0,2568,29144,808,10613,2568,39757,California
Solano,2021-02-03,2277,52702,1314,29298,963,23404,0,0,1177,29225,1097,11710,1178,40935,California
Solano,2021-02-04,1818,54520,906,30204,912,24316,0,0,1082,29576,731,12441,1082,42017,California
Solano,2021-02-05,3128,57648,1421,31625,1707,26023,0,0,2117,30689,1004,13445,2117,44134,California
Solano,2021-02-06,3096,60744,1176,32801,1920,27943,0,0,2268,32133,824,14269,2268,46402,California
Solano,2021-02-07,857,61601,783,33584,74,28017,0,0,237,31751,619,14888,237,46639,California
Solano,2021-02-08,1768,63369,1235,34819,533,28550,0,0,721,31427,1045,15933,721,47360,California
Solano,2021-02-09,1950,65319,1490,36309,460,29010,0,0,692,30862,1257,17190,692,48052,California
Solano,2021-02-10,2276,67595,1501,37810,775,29785,0,0,825,30237,1450,18640,825,48877,California
Solano,2021-02-11,2532,70127,1494,39304,1038,30823,0,0,1196,30108,1325,19965,1196,50073,California
Solano,2021-02-12,4277,74404,1634,40938,2643,33466,0,0,2926,31690,1344,21309,2926,52999,California
Solano,2021-02-13,2871,77275,244,41182,2627,36093,0,0,2458,33739,409,21718,2458,55457,California
Solano,2021-02-14,728,78003,204,41386,524,36617,0,0,406,33826,320,22038,407,55864,California
Solano,2021-02-15,1268,79271,264,41650,1004,37621,0,0,649,33856,619,22657,649,56513,California
Solano,2021-02-16,2566,81837,1387,43037,1179,38800,0,0,1668,34628,897,23554,1669,58182,California
Solano,2021-02-17,3255,85092,1450,44487,1805,40605,0,0,2209,35795,1043,24597,2210,60392,California
Solano,2021-02-18,2921,88013,840,45327,2081,42686,0,0,853,34587,2062,26659,854,61246,California
Solano,2021-02-19,2483,90496,1454,46781,1029,43715,0,0,1175,34462,1302,27961,1177,62423,California
Solano,2021-02-20,2751,93247,387,47168,2364,46079,0,0,2240,36190,512,28473,2240,64663,California
Solano,2021-02-21,2334,95581,2013,49181,321,46400,0,0,2011,37882,319,28792,2011,66674,California
Solano,2021-02-22,1807,97388,1060,50241,747,47147,0,0,941,37961,863,29655,942,67616,California
Solano,2021-02-23,2971,100359,1147,51388,1824,48971,0,0,2020,39033,948,30603,2020,69636,California
Solano,2021-02-24,2544,102903,1267,52655,1277,50248,0,0,1414,39321,1127,31730,1415,71051,California
Solano,2021-02-25,2570,105473,1569,54224,1001,51249,0,0,1424,39604,1141,32871,1424,72475,California
Solano,2021-02-26,3549,109022,2274,56498,1275,52524,0,0,2101,40262,1443,34314,2101,74576,California
Solano,2021-02-27,3998,113020,1541,58039,2456,54980,1,1,3231,42735,759,35073,3232,77808,California
Solano,2021-02-28,1932,114952,1561,59600,370,55350,1,2,1605,44018,323,35396,1606,79414,California
Solano,2021-03-01,2748,117700,1227,60827,1520,56870,1,3,2077,45432,664,36060,2078,81492,California
Solano,2021-03-02,2290,119990,1407,62234,883,57753,0,3,1298,45739,991,37051,1298,82790,California
Solano,2021-03-03,2262,122252,1266,63500,996,58749,0,3,1397,46281,856,37907,1398,84188,California
Solano,2021-03-04,4392,126644,3437,66937,953,59702,2,5,3156,48216,1226,39133,3161,87349,California
Solano,2021-03-05,4962,131606,1685,68622,3272,62974,5,10,3985,51239,967,40100,3990,91339,California
Solano,2021-03-06,3882,135488,831,69453,3012,65986,39,49,2664,52736,1206,41306,2703,94042,California
Solano,2021-03-07,3610,139098,763,70216,2837,68823,10,59,1973,53096,1624,42930,1984,96026,California
Solano,2021-03-08,2144,141242,1353,71569,522,69345,269,328,1613,54453,523,43453,1880,97906,California
Solano,2021-03-09,3226,144468,1565,73134,1607,70952,54,382,2329,55935,897,44350,2379,100285,California
Solano,2021-03-10,2418,146886,1757,74891,576,71528,85,467,1271,56148,1142,45492,1355,101640,California
Solano,2021-03-11,6038,152924,1756,76647,4030,75558,252,719,4996,60359,1038,46530,5249,106889,California
Solano,2021-03-12,6057,158981,1567,78214,4311,79869,179,898,3172,60830,2879,49409,3350,110239,California
Solano,2021-03-13,4606,163587,813,79027,3713,83582,80,978,2248,60809,2351,51760,2330,112569,California
Solano,2021-03-14,4029,167616,3146,82173,416,83998,467,1445,1542,60333,2482,54242,2006,114575,California
Solano,2021-03-15,4034,171650,2463,84636,1240,85238,331,1776,2513,61662,1513,55755,2842,117417,California
Solano,2021-03-16,3067,174717,1312,85948,1521,86759,234,2010,1548,61928,1515,57270,1781,119198,California
Solano,2021-03-17,6507,181224,1674,87622,4738,91497,95,2105,4953,65425,1551,58821,5048,124246,California
Solano,2021-03-18,5238,186462,1849,89471,3349,94846,40,2145,3759,67754,1471,60292,3800,128046,California
Solano,2021-03-19,3589,190051,2645,92116,868,95714,76,2221,1628,67506,1953,62245,1705,129751,California
Solano,2021-03-20,5613,195664,1684,93800,3878,99592,51,2272,2650,67253,2954,65199,2701,132452,California
Solano,2021-03-21,1678,197342,1577,95377,76,99668,25,2297,367,66336,1307,66506,390,132842,California
Solano,2021-03-22,2688,200030,2046,97423,593,100261,49,2346,1557,66815,1124,67630,1603,134445,California
Solano,2021-03-23,3589,203619,1689,99112,1855,102116,45,2391,1403,66081,2181,69811,1447,135892,California
Solano,2021-03-24,2835,206454,1774,100886,1027,103143,34,2425,1359,66004,1468,71279,1391,137283,California
Solano,2021-03-25,4884,211338,4005,104891,844,103987,35,2460,2274,65707,2605,73884,2308,139591,California
Solano,2021-03-26,3247,214585,2115,107006,1094,105081,38,2498,1744,65999,1493,75377,1785,141376,California
Solano,2021-03-27,4220,218805,1154,108160,3028,108109,38,2536,1658,65137,2556,77933,1694,143070,California
Solano,2021-03-28,1428,220233,1119,109279,292,108401,17,2553,542,64814,882,78815,559,143629,California
Solano,2021-03-29,3537,223770,2047,111326,1473,109874,17,2570,1553,64413,1972,80787,1571,145200,California
Solano,2021-03-30,3052,226822,2016,113342,935,110809,101,2671,1897,65257,1153,81940,1997,147197,California
Solano,2021-03-31,3142,229964,2138,115480,846,111655,158,2829,1837,65946,1302,83242,1991,149188,California
Solano,2021-04-01,5567,235531,2111,117591,3305,114960,151,2980,3514,67571,2040,85282,3665,152853,California
Solano,2021-04-02,6636,242167,2219,119810,4251,119211,166,3146,2544,66203,4076,89358,2708,155561,California
Solano,2021-04-03,1527,243694,969,120779,406,119617,152,3298,564,65957,961,90319,715,156276,California
Solano,2021-04-04,777,244471,286,121065,187,119804,304,3602,236,65960,537,90856,540,156816,California
Solano,2021-04-05,2991,247462,2053,123118,729,120533,209,3811,1514,66206,1475,92331,1721,158537,California
Solano,2021-04-06,6095,253557,1636,124754,3974,124507,485,4296,1648,63901,4438,96769,2133,160670,California
Solano,2021-04-07,5991,259548,4636,129390,954,125461,401,4697,3419,65167,2552,99321,3818,164488,California
Solano,2021-04-08,6490,266038,1789,131179,3829,129290,872,5569,1807,63187,4653,103974,2673,167161,California
Solano,2021-04-09,6322,272360,1663,132842,3798,133088,861,6430,1518,60787,4779,108753,2379,169540,California
Solano,2021-04-10,1757,274117,966,133808,455,133543,336,6766,810,60986,946,109699,1145,170685,California
Solano,2021-04-11,1199,275316,769,134577,325,133868,105,6871,643,61181,553,110252,748,171433,California
Solano,2021-04-12,3285,278601,1702,136279,1219,135087,364,7235,1358,60977,1923,112175,1719,173152,California
Solano,2021-04-13,2540,281141,1105,137384,1434,136521,1,7236,1326,61093,1211,113386,1327,174479,California
Solano,2021-04-14,6545,287686,1963,139347,4582,141103,0,7236,1853,58275,4684,118070,1866,176345,California
Solano,2021-04-15,5740,293426,2161,141508,3578,144681,1,7237,1745,56046,3981,122051,1752,178097,California
Solano,2021-04-16,3710,297136,2613,144121,1095,145776,2,7239,2301,56948,1401,123452,2303,180400,California
Solano,2021-04-17,3280,300416,1067,145188,2213,147989,0,7239,1118,55918,2153,125605,1123,181523,California
Solano,2021-04-18,1001,301417,613,145801,388,148377,0,7239,526,55970,474,126079,526,182049,California
Solano,2021-04-19,2144,303561,1157,146958,987,149364,0,7239,1166,56166,972,127051,1168,183217,California
Solano,2021-04-20,3018,306579,1831,148789,1187,150551,0,7239,1675,56507,1337,128388,1678,184895,California
Solano,2021-04-21,3809,310388,2322,151111,1487,152038,0,7239,2006,56719,1794,130182,2006,186901,California
Solano,2021-04-22,3005,313393,1487,152598,1518,153556,0,7239,1791,57298,1212,131394,1791,188692,California
Solano,2021-04-23,4154,317547,2092,154690,2062,155618,0,7239,2512,58175,1636,133030,2513,191205,California
Solano,2021-04-24,3889,321436,2342,157032,1545,157163,2,7241,2584,59542,1219,134249,2586,193791,California
Solano,2021-04-25,1432,322868,1115,158147,317,157480,0,7241,1134,60385,291,134540,1134,194925,California
Solano,2021-04-26,2582,325450,1665,159812,913,158393,4,7245,1424,60668,1145,135685,1428,196353,California
Solano,2021-04-27,2584,328034,1283,161095,1271,159664,30,7275,1461,61048,1112,136797,1492,197845,California
Solano,2021-04-28,6054,334088,5005,166100,1003,160667,46,7321,3785,62622,2257,139054,3831,201676,California
Solano,2021-04-29,4537,338625,1441,167541,3062,163729,34,7355,2048,62222,2482,141536,2082,203758,California
Solano,2021-04-30,4112,342737,2177,169718,1794,165523,141,7496,1896,62059,2200,143736,2037,205795,California
Solano,2021-05-01,2179,344916,1677,171395,301,165824,201,7697,1293,62672,881,144617,1494,207289,California
Solano,2021-05-02,1206,346122,950,172345,230,166054,26,7723,669,62835,532,145149,695,207984,California
Solano,2021-05-03,1463,347585,1016,173361,360,166414,87,7810,598,62658,863,146012,686,208670,California
Solano,2021-05-04,1803,349388,1044,174405,693,167107,66,7876,810,62542,992,147004,876,209546,California
Solano,2021-05-05,2282,351670,1424,175829,743,167850,115,7991,1092,62561,1186,148190,1205,210751,California
Solano,2021-05-06,2006,353676,1192,177021,603,168453,211,8202,734,62239,1260,149450,938,211689,California
Solano,2021-05-07,2829,356505,1973,178994,737,169190,119,8321,979,61493,1842,151292,1096,212785,California
Solano,2021-05-08,1447,357952,903,179897,428,169618,116,8437,548,61262,895,152187,664,213449,California
Solano,2021-05-09,441,358393,264,180161,166,169784,11,8448,177,61190,261,152448,189,213638,California
Solano,2021-05-10,1328,359721,608,180769,614,170398,106,8554,391,60754,932,153380,496,214134,California
Solano,2021-05-11,2262,361983,1139,181908,1034,171432,89,8643,637,59860,1620,155000,726,214860,California
Solano,2021-05-12,2124,364107,1202,183110,746,172178,176,8819,697,59317,1413,156413,870,215730,California
Solano,2021-05-13,3029,367136,2071,185181,746,172924,212,9031,1600,59703,1426,157839,1812,217542,California
Solano,2021-05-14,2412,369548,1628,186809,662,173586,122,9153,1007,59436,1396,159235,1129,218671,California
Solano,2021-05-15,3394,372942,2747,189556,562,174148,85,9238,1291,58720,2091,161326,1375,220046,California
Solano,2021-05-16,1492,374434,1093,190649,367,174515,32,9270,246,57754,1243,162569,277,220323,California
Solano,2021-05-17,2442,376876,1394,192043,962,175477,86,9356,868,57150,1554,164123,950,221273,California
Solano,2021-05-18,2912,379788,1615,193658,1208,176685,89,9445,1456,57252,1443,165566,1545,222818,California
Solano,2021-05-19,5195,384983,3653,197311,1435,178120,107,9552,2008,56190,3177,168743,2115,224933,California
Solano,2021-05-20,2605,387588,1566,198877,975,179095,64,9616,951,55560,1645,170388,1015,225948,California
Solano,2021-05-21,3537,391125,1857,200734,1613,180708,67,9683,1390,54881,2136,172524,1457,227405,California
Solano,2021-05-22,2599,393724,1997,202731,534,181242,68,9751,1093,54545,1497,174021,1161,228566,California
Solano,2021-05-23,1375,395099,1133,203864,219,181461,23,9774,738,54674,634,174655,763,229329,California
Solano,2021-05-24,1831,396930,1036,204900,723,182184,72,9846,612,54144,1213,175868,683,230012,California
Solano,2021-05-25,1626,398556,818,205718,748,182932,60,9906,588,53761,1030,176898,647,230659,California
Solano,2021-05-26,1884,400440,1083,206801,746,183678,55,9961,710,53358,1169,178067,766,231425,California
Solano,2021-05-27,2142,402582,948,207749,1117,184795,77,10038,890,53082,1242,179309,966,232391,California
Solano,2021-05-28,2026,404608,1033,208782,937,185732,56,10094,766,52653,1252,180561,823,233214,California
Solano,2021-05-29,650,405258,321,209103,299,186031,30,10124,322,52678,326,180887,351,233565,California
Solano,2021-05-30,321,405579,153,209256,143,186174,25,10149,118,52621,200,181087,143,233708,California
Solano,2021-05-31,127,405706,18,209274,100,186274,9,10158,24,52551,103,181190,33,233741,California
Solano,2021-06-01,1829,407535,1175,210449,576,186850,78,10236,761,52328,1063,182253,840,234581,California
Solano,2021-06-02,1826,409361,1285,211734,476,187326,65,10301,955,52480,865,183118,1017,235598,California
Solano,2021-06-03,2073,411434,1603,213337,385,187711,85,10386,612,51722,1456,184574,698,236296,California
Solano,2021-06-04,1655,413089,1150,214487,441,188152,64,10450,553,51241,1098,185672,617,236913,California
Solano,2021-06-05,1404,414493,1011,215498,342,188494,51,10501,469,50832,929,186601,520,237433,California
Solano,2021-06-06,561,415054,448,215946,87,188581,26,10527,288,50874,272,186873,314,237747,California
Solano,2021-06-07,1236,416290,944,216890,229,188810,63,10590,412,50530,819,187692,475,238222,California
Solano,2021-06-08,1830,418120,1323,218213,473,189283,34,10624,498,49735,1327,189019,532,238754,California
Solano,2021-06-09,1676,419796,1365,219578,250,189533,61,10685,530,49184,1141,190160,590,239344,California
Solano,2021-06-10,1213,421009,840,220418,305,189838,68,10753,395,48837,810,190970,463,239807,California
Solano,2021-06-11,1338,422347,1008,221426,264,190102,66,10819,487,48541,848,191818,552,240359,California
Solano,2021-06-12,1155,423502,925,222351,171,190273,59,10878,206,47864,942,192760,265,240624,California
Solano,2021-06-13,606,424108,518,222869,80,190353,8,10886,129,47524,477,193237,137,240761,California
Solano,2021-06-14,1298,425406,915,223784,349,190702,34,10920,315,46896,975,194212,347,241108,California
Solano,2021-06-15,1470,426876,931,224715,488,191190,51,10971,610,46704,853,195065,661,241769,California
Solano,2021-06-16,1144,428020,763,225478,316,191506,65,11036,399,46427,740,195805,463,242232,California
Solano,2021-06-17,1105,429125,823,226301,218,191724,64,11100,394,46189,695,196500,457,242689,California
Solano,2021-06-18,657,429782,470,226771,146,191870,41,11141,245,46066,409,196909,286,242975,California
Sonoma,2020-12-15,4,4,4,4,0,0,0,0,4,4,0,0,4,4,California
Sonoma,2020-12-16,28,32,28,32,0,0,0,0,28,32,0,0,28,32,California
Sonoma,2020-12-17,112,144,112,144,0,0,0,0,112,144,0,0,112,144,California
Sonoma,2020-12-18,439,583,439,583,0,0,0,0,439,583,0,0,439,583,California
Sonoma,2020-12-19,113,696,112,695,1,1,0,0,113,696,0,0,113,696,California
Sonoma,2020-12-20,176,872,176,871,0,1,0,0,176,872,0,0,176,872,California
Sonoma,2020-12-21,912,1784,910,1781,2,3,0,0,911,1783,0,0,911,1783,California
Sonoma,2020-12-22,1358,3142,1268,3049,90,93,0,0,1358,3141,0,0,1358,3141,California
Sonoma,2020-12-23,1607,4749,1233,4282,374,467,0,0,1608,4749,0,0,1608,4749,California
Sonoma,2020-12-24,313,5062,103,4385,210,677,0,0,313,5062,0,0,313,5062,California
Sonoma,2020-12-25,8,5070,1,4386,7,684,0,0,8,5070,0,0,8,5070,California
Sonoma,2020-12-26,265,5335,256,4642,9,693,0,0,265,5335,0,0,265,5335,California
Sonoma,2020-12-27,96,5431,81,4723,15,708,0,0,96,5431,0,0,96,5431,California
Sonoma,2020-12-28,982,6413,547,5270,435,1143,0,0,955,6386,0,0,955,6386,California
Sonoma,2020-12-29,1137,7550,783,6053,354,1497,0,0,1103,7489,0,0,1103,7489,California
Sonoma,2020-12-30,1088,8638,477,6530,611,2108,0,0,1080,8569,0,0,1080,8569,California
Sonoma,2020-12-31,522,9160,70,6600,452,2560,0,0,523,9092,0,0,523,9092,California
Sonoma,2021-01-01,117,9277,54,6654,63,2623,0,0,117,9209,0,0,117,9209,California
Sonoma,2021-01-02,135,9412,128,6782,7,2630,0,0,135,9344,0,0,135,9344,California
Sonoma,2021-01-03,25,9437,10,6792,15,2645,0,0,25,9369,0,0,25,9369,California
Sonoma,2021-01-04,340,9777,104,6896,236,2881,0,0,339,9708,0,0,339,9708,California
Sonoma,2021-01-05,430,10207,99,6995,331,3212,0,0,404,10096,16,16,404,10112,California
Sonoma,2021-01-06,947,11154,431,7426,516,3728,0,0,834,10823,107,123,834,10946,California
Sonoma,2021-01-07,1035,12189,540,7966,495,4223,0,0,858,11505,176,299,858,11804,California
Sonoma,2021-01-08,1805,13994,1243,9209,562,4785,0,0,1317,12336,486,785,1317,13121,California
Sonoma,2021-01-09,642,14636,403,9612,239,5024,0,0,595,12884,47,832,595,13716,California
Sonoma,2021-01-10,475,15111,463,10075,12,5036,0,0,277,12963,198,1030,277,13993,California
Sonoma,2021-01-11,1390,16501,1244,11319,146,5182,0,0,415,12408,970,2000,415,14408,California
Sonoma,2021-01-12,1545,18046,1291,12610,254,5436,0,0,395,11655,1148,3148,395,14803,California
Sonoma,2021-01-13,2051,20097,1372,13982,679,6115,0,0,1183,11974,865,4013,1184,15987,California
Sonoma,2021-01-14,1542,21639,808,14790,734,6849,0,0,1313,13058,229,4242,1313,17300,California
Sonoma,2021-01-15,1563,23202,627,15417,936,7785,0,0,1338,14183,215,4457,1340,18640,California
Sonoma,2021-01-16,1151,24353,618,16035,533,8318,0,0,904,14844,243,4700,904,19544,California
Sonoma,2021-01-17,676,25029,553,16588,123,8441,0,0,596,15360,80,4780,596,20140,California
Sonoma,2021-01-18,1104,26133,935,17523,169,8610,0,0,616,15489,488,5268,617,20757,California
Sonoma,2021-01-19,2098,28231,999,18522,1099,9709,0,0,1385,16165,711,5979,1387,22144,California
Sonoma,2021-01-20,2109,30340,631,19153,1478,11187,0,0,1437,16941,662,6641,1438,23582,California
Sonoma,2021-01-21,2301,32641,646,19799,1655,12842,0,0,2074,18791,225,6866,2075,25657,California
Sonoma,2021-01-22,2762,35403,1055,20854,1707,14549,0,0,2613,21256,148,7014,2613,28270,California
Sonoma,2021-01-23,766,36169,593,21447,173,14722,0,0,656,21803,109,7123,656,28926,California
Sonoma,2021-01-24,852,37021,719,22166,133,14855,0,0,834,22619,18,7141,834,29760,California
Sonoma,2021-01-25,2181,39202,517,22683,1664,16519,0,0,1690,23818,491,7632,1690,31450,California
Sonoma,2021-01-26,2063,41265,305,22988,1758,18277,0,0,1602,24960,460,8092,1602,33052,California
Sonoma,2021-01-27,3759,45024,1285,24273,2474,20751,0,0,3182,27569,575,8667,3184,36236,California
Sonoma,2021-01-28,4157,49181,1857,26130,2300,23051,0,0,3474,30365,680,9347,3476,39712,California
Sonoma,2021-01-29,3029,52210,1427,27557,1602,24653,0,0,2177,31694,850,10197,2179,41891,California
Sonoma,2021-01-30,2599,54809,2405,29962,194,24847,0,0,2251,33599,347,10544,2252,44143,California
Sonoma,2021-01-31,804,55613,689,30651,115,24962,0,0,576,33948,227,10771,576,44719,California
Sonoma,2021-02-01,2502,58115,863,31514,1639,26601,0,0,2117,35683,382,11153,2117,46836,California
Sonoma,2021-02-02,3610,61725,1402,32916,2208,28809,0,0,3028,38132,579,11732,3028,49864,California
Sonoma,2021-02-03,4061,65786,1334,34250,2727,31536,0,0,3118,40311,939,12671,3118,52982,California
Sonoma,2021-02-04,4226,70012,1727,35977,2499,34035,0,0,3427,42942,797,13468,3428,56410,California
Sonoma,2021-02-05,4834,74846,1752,37729,3082,37117,0,0,3801,45716,1028,14496,3802,60212,California
Sonoma,2021-02-06,2683,77529,2320,40049,363,37480,0,0,2147,47328,535,15031,2147,62359,California
Sonoma,2021-02-07,1559,79088,1421,41470,138,37618,0,0,1304,48377,255,15286,1304,63663,California
Sonoma,2021-02-08,3278,82366,1042,42512,2236,39854,0,0,2682,50464,595,15881,2682,66345,California
Sonoma,2021-02-09,3590,85956,1704,44216,1886,41740,0,0,3111,53099,477,16358,3112,69457,California
Sonoma,2021-02-10,4563,90519,2493,46709,2070,43810,0,0,3555,55653,1002,17360,3556,73013,California
Sonoma,2021-02-11,5612,96131,3038,49747,2574,46384,0,0,4421,58886,1188,18548,4421,77434,California
Sonoma,2021-02-12,5957,102088,3278,53025,2679,49063,0,0,4507,61951,1446,19994,4511,81945,California
Sonoma,2021-02-13,1997,104085,1159,54184,838,49901,0,0,1200,62357,794,20788,1200,83145,California
Sonoma,2021-02-14,2337,106422,1839,56023,498,50399,0,0,1592,63208,741,21529,1592,84737,California
Sonoma,2021-02-15,2140,108562,789,56812,1351,51750,0,0,1598,64264,542,22071,1598,86335,California
Sonoma,2021-02-16,4923,113485,2063,58875,2860,54610,0,0,3646,66639,1273,23344,3648,89983,California
Sonoma,2021-02-17,5638,119123,2927,61802,2711,57321,0,0,3592,68197,2037,25381,3595,93578,California
Sonoma,2021-02-18,7001,126124,3161,64963,3840,61161,0,0,4038,69289,2947,28328,4039,97617,California
Sonoma,2021-02-19,5585,131709,1683,66646,3902,65063,0,0,3454,70620,2125,30453,3456,101073,California
Sonoma,2021-02-20,3131,134840,2841,69487,290,65353,0,0,1217,69930,1907,32360,1217,102290,California
Sonoma,2021-02-21,535,135375,422,69909,113,65466,0,0,136,69673,393,32753,136,102426,California
Sonoma,2021-02-22,2962,138337,1405,71314,1557,67023,0,0,1227,69173,1727,34480,1227,103653,California
Sonoma,2021-02-23,3466,141803,2135,73449,1331,68354,0,0,1624,68960,1837,36317,1624,105277,California
Sonoma,2021-02-24,5752,147555,2598,76047,3154,71508,0,0,2953,69124,2790,39107,2954,108231,California
Sonoma,2021-02-25,6024,153579,2353,78400,3671,75179,0,0,3244,69611,2757,41864,3244,111475,California
Sonoma,2021-02-26,6670,160249,2946,81346,3724,78903,0,0,4236,71422,2425,44289,4236,115711,California
Sonoma,2021-02-27,4250,164499,1982,83328,2268,81171,0,0,2848,72871,1399,45688,2848,118559,California
Sonoma,2021-02-28,2511,167010,1859,85187,651,81822,1,1,753,71876,1749,47437,754,119313,California
Sonoma,2021-03-01,4137,171147,1314,86501,2821,84643,2,3,2168,72091,1956,49393,2171,121484,California
Sonoma,2021-03-02,4442,175589,1524,88025,2915,87558,3,6,2571,72803,1862,51255,2574,124058,California
Sonoma,2021-03-03,5086,180675,2650,90675,2436,89994,0,6,2337,72401,2739,53994,2337,126395,California
Sonoma,2021-03-04,5997,186672,2694,93369,3303,93297,0,6,2602,71622,3381,57375,2602,128997,California
Sonoma,2021-03-05,6511,193183,2879,96248,3617,96914,15,21,2738,70622,3754,61129,2754,131751,California
Sonoma,2021-03-06,2806,195989,1232,97480,1437,98351,137,158,1924,71807,875,62004,2060,133811,California
Sonoma,2021-03-07,1758,197747,1427,98907,295,98646,36,194,395,70878,1360,63364,431,134242,California
Sonoma,2021-03-08,4093,201840,662,99569,3255,101901,176,370,2404,71779,1677,65041,2578,136820,California
Sonoma,2021-03-09,5644,207484,3103,102672,2271,104172,270,640,2782,71967,2851,67892,3039,139859,California
Sonoma,2021-03-10,6048,213532,3207,105879,2491,106663,350,990,2439,71160,3594,71486,2787,142646,California
Sonoma,2021-03-11,7572,221104,3039,108918,3708,110371,825,1815,2569,69563,4989,76475,3392,146038,California
Sonoma,2021-03-12,7432,228536,2259,111177,3801,114172,1372,3187,2096,67713,5313,81788,3463,149501,California
Sonoma,2021-03-13,3442,231978,1697,112874,1501,115673,244,3431,2014,68540,1426,83214,2253,151754,California
Sonoma,2021-03-14,1379,233357,378,113252,859,116532,142,3573,843,68992,533,83747,985,152739,California
Sonoma,2021-03-15,5256,238613,1522,114774,3347,119879,387,3960,2174,68484,3067,86814,2559,155298,California
Sonoma,2021-03-16,6317,244930,2264,117038,3820,123699,233,4193,2904,68214,3405,90219,3135,158433,California
Sonoma,2021-03-17,6842,251772,3584,120622,3074,126773,184,4377,3299,68167,3529,93748,3482,161915,California
Sonoma,2021-03-18,7177,258949,2954,123576,3605,130378,618,4995,3125,67864,4042,97790,3739,165654,California
Sonoma,2021-03-19,7534,266483,3269,126845,4036,134414,229,5224,3055,66695,4457,102247,3288,168942,California
Sonoma,2021-03-20,3728,270211,1756,128601,1140,135554,832,6056,2016,67833,1705,103952,2843,171785,California
Sonoma,2021-03-21,1386,271597,597,129198,754,136308,35,6091,1204,68895,177,104129,1239,173024,California
Sonoma,2021-03-22,4590,276187,3125,132323,1363,137671,102,6193,3346,71105,1238,105367,3448,176472,California
Sonoma,2021-03-23,5878,282065,3643,135966,2163,139834,72,6265,4435,74179,1433,106800,4507,180979,California
Sonoma,2021-03-24,6864,288929,4313,140279,2477,142311,74,6339,4197,75802,2646,109446,4269,185248,California
Sonoma,2021-03-25,7156,296085,4217,144496,2827,145138,112,6451,4298,77384,2830,112276,4412,189660,California
Sonoma,2021-03-26,7478,303563,3479,147975,3907,149045,92,6543,3827,77675,3627,115903,3918,193578,California
Sonoma,2021-03-27,3915,307478,1509,149484,2037,151082,369,6912,1040,76218,2864,118767,1407,194985,California
Sonoma,2021-03-28,1511,308989,945,150429,538,151620,28,6940,799,76336,708,119475,826,195811,California
Sonoma,2021-03-29,2980,311969,1107,151536,1840,153460,33,6973,1533,76464,1438,120913,1566,197377,California
Sonoma,2021-03-30,5897,317866,3239,154775,2595,156055,63,7036,3059,76758,2828,123741,3122,200499,California
Sonoma,2021-03-31,5633,323499,3409,158184,2007,158062,217,7253,3251,77858,2368,126109,3468,203967,California
Sonoma,2021-04-01,6970,330469,4081,162265,2542,160604,347,7600,3777,78806,3166,129275,4114,208081,California
Sonoma,2021-04-02,5967,336436,3571,165836,2287,162891,109,7709,3586,80130,2370,131645,3694,211775,California
Sonoma,2021-04-03,3657,340093,1824,167660,1608,164499,225,7934,1609,79927,2035,133680,1832,213607,California
Sonoma,2021-04-04,1072,341165,697,168357,284,164783,91,8025,655,80261,412,134092,746,214353,California
Sonoma,2021-04-05,4452,345617,647,169004,3458,168241,347,8372,1669,79502,2775,136867,2016,216369,California
Sonoma,2021-04-06,6959,352576,3521,172525,3030,171271,408,8780,4046,81056,2898,139765,4452,220821,California
Sonoma,2021-04-07,6884,359460,3889,176414,2151,173422,844,9624,3353,81729,3516,143281,4189,225010,California
Sonoma,2021-04-08,7675,367135,4157,180571,2744,176166,774,10398,4212,83258,3452,146733,4981,229991,California
Sonoma,2021-04-09,6867,374002,3829,184400,2145,178311,893,11291,3538,84367,3315,150048,4424,234415,California
Sonoma,2021-04-10,3932,377934,1709,186109,1664,179975,559,11850,1159,83317,2761,152809,1711,236126,California
Sonoma,2021-04-11,1282,379216,607,186716,594,180569,81,11931,439,82995,842,153651,520,236646,California
Sonoma,2021-04-12,4984,384200,2073,188789,2424,182993,487,12418,1856,82216,3115,156766,2336,238982,California
Sonoma,2021-04-13,7940,392140,4672,193461,3264,186257,4,12422,3048,80391,4880,161646,3055,242037,California
Sonoma,2021-04-14,6676,398816,3805,197266,2850,189107,21,12443,2569,78888,4092,165738,2589,244626,California
Sonoma,2021-04-15,7514,406330,4288,201554,3226,192333,0,12443,3678,78755,3820,169558,3687,248313,California
Sonoma,2021-04-16,6886,413216,3461,205015,3423,195756,2,12445,3908,79702,2966,172524,3913,252226,California
Sonoma,2021-04-17,3429,416645,1740,206755,1689,197445,0,12445,1628,79550,1785,174309,1633,253859,California
Sonoma,2021-04-18,1293,417938,901,207656,392,197837,0,12445,459,79176,833,175142,459,254318,California
Sonoma,2021-04-19,3331,421269,1890,209546,1440,199277,1,12446,1457,78765,1869,177011,1458,255776,California
Sonoma,2021-04-20,6326,427595,3498,213044,2827,202104,1,12447,2355,77176,3958,180969,2369,258145,California
Sonoma,2021-04-21,6659,434254,4245,217289,2412,204516,2,12449,3056,76653,3581,184550,3058,261203,California
Sonoma,2021-04-22,6265,440519,4488,221777,1777,206293,0,12449,2525,75455,3723,188273,2525,263728,California
Sonoma,2021-04-23,7452,447971,4638,226415,2808,209101,6,12455,3644,75312,3794,192067,3651,267379,California
Sonoma,2021-04-24,2776,450747,1504,227919,1257,210358,15,12470,1545,75646,1226,193293,1560,268939,California
Sonoma,2021-04-25,1089,451836,793,228712,296,210654,0,12470,430,75420,656,193949,430,269369,California
Sonoma,2021-04-26,2935,454771,1405,230117,1502,212156,28,12498,1616,75753,1311,195260,1644,271013,California
Sonoma,2021-04-27,5498,460269,3733,233850,1641,213797,124,12622,2256,74902,3230,198490,2379,273392,California
Sonoma,2021-04-28,4913,465182,3237,237087,1477,215274,199,12821,2095,74390,2801,201291,2289,275681,California
Sonoma,2021-04-29,5114,470296,3600,240687,1369,216643,145,12966,1929,73292,3173,204464,2075,277756,California
Sonoma,2021-04-30,5467,475763,3631,244318,1541,218184,295,13261,1817,71769,3634,208098,2111,279867,California
Sonoma,2021-05-01,2489,478252,1790,246108,594,218778,105,13366,1238,71865,1243,209341,1339,281206,California
Sonoma,2021-05-02,871,479123,649,246757,171,218949,51,13417,555,72156,316,209657,607,281813,California
Sonoma,2021-05-03,3196,482319,1690,248447,1360,220309,146,13563,1054,71223,2131,211788,1198,283011,California
Sonoma,2021-05-04,4599,486918,2409,250856,2011,222320,179,13742,1453,69729,3122,214910,1628,284639,California
Sonoma,2021-05-05,3682,490600,2181,253037,1307,223627,194,13936,1314,68879,2356,217266,1506,286145,California
Sonoma,2021-05-06,4572,495172,2415,255452,2031,225658,126,14062,1301,67097,3207,220473,1425,287570,California
Sonoma,2021-05-07,3614,498786,2324,257776,1166,226824,124,14186,1090,65798,2512,222985,1213,288783,California
Sonoma,2021-05-08,1871,500657,1267,259043,512,227336,92,14278,701,65434,1157,224142,793,289576,California
Sonoma,2021-05-09,503,501160,289,259332,173,227509,41,14319,166,65308,333,224475,207,289783,California
Sonoma,2021-05-10,2319,503479,1041,260373,1145,228654,133,14452,291,63717,2012,226487,421,290204,California
Sonoma,2021-05-11,3558,507037,1912,262285,1522,230176,124,14576,925,62150,2616,229103,1049,291253,California
Sonoma,2021-05-12,4012,511049,2482,264767,1378,231554,152,14728,848,59997,3152,232255,999,292252,California
Sonoma,2021-05-13,4936,515985,2837,267604,1969,233523,130,14858,1662,58525,3262,235517,1790,294042,California
Sonoma,2021-05-14,5797,521782,3600,271204,2060,235583,137,14995,2203,57287,3579,239096,2341,296383,California
Sonoma,2021-05-15,2928,524710,2153,273357,713,236296,62,15057,1849,58127,1071,240167,1911,298294,California
Sonoma,2021-05-16,1308,526018,1091,274448,158,236454,59,15116,975,58832,329,240496,1034,299328,California
Sonoma,2021-05-17,2444,528462,1818,276266,531,236985,95,15211,899,58284,1540,242036,992,300320,California
Sonoma,2021-05-18,4339,532801,2863,279129,1367,238352,109,15320,1476,57024,2844,244880,1584,301904,California
Sonoma,2021-05-19,3759,536560,2417,281546,1227,239579,115,15435,1495,56386,2248,247128,1610,303514,California
Sonoma,2021-05-20,3386,539946,2252,283798,1040,240619,94,15529,1346,55794,2027,249155,1435,304949,California
Sonoma,2021-05-21,4218,544164,2399,286197,1689,242308,130,15659,1508,54729,2688,251843,1623,306572,California
Sonoma,2021-05-22,2339,546503,1283,287480,1017,243325,39,15698,669,53779,1658,253501,708,307280,California
Sonoma,2021-05-23,1483,547986,1214,288694,253,243578,16,15714,773,53864,704,254205,789,308069,California
Sonoma,2021-05-24,1967,549953,1248,289942,588,244166,131,15845,644,53345,1294,255499,775,308844,California
Sonoma,2021-05-25,2928,552881,1804,291746,1036,245202,88,15933,743,52004,2171,257670,830,309674,California
Sonoma,2021-05-26,2482,555363,1735,293481,638,245840,109,16042,999,51638,1471,259141,1105,310779,California
Sonoma,2021-05-27,2089,557452,1142,294623,850,246690,97,16139,703,51058,1378,260519,798,311577,California
Sonoma,2021-05-28,2144,559596,1127,295750,924,247614,93,16232,616,50251,1516,262035,709,312286,California
Sonoma,2021-05-29,1334,560930,913,296663,353,247967,68,16300,643,50282,680,262715,711,312997,California
Sonoma,2021-05-30,346,561276,212,296875,122,248089,12,16312,137,50226,204,262919,148,313145,California
Sonoma,2021-05-31,70,561346,26,296901,43,248132,1,16313,17,50191,53,262972,18,313163,California
Sonoma,2021-06-01,1938,563284,1114,298015,747,248879,77,16390,709,49757,1216,264188,782,313945,California
Sonoma,2021-06-02,1578,564862,969,298984,494,249373,115,16505,664,49626,909,265097,778,314723,California
Sonoma,2021-06-03,1999,566861,1391,300375,529,249902,79,16584,443,48600,1547,266644,521,315244,California
Sonoma,2021-06-04,2695,569556,2202,302577,386,250288,107,16691,521,47062,2165,268809,627,315871,California
Sonoma,2021-06-05,1816,571372,1495,304072,290,250578,31,16722,298,45877,1514,270323,329,316200,California
Sonoma,2021-06-06,1010,572382,935,305007,66,250644,9,16731,156,45191,851,271174,165,316365,California
Sonoma,2021-06-07,1473,573855,1244,306251,175,250819,54,16785,334,44445,1131,272305,385,316750,California
Sonoma,2021-06-08,1893,575748,1524,307775,323,251142,46,16831,531,43671,1350,273655,576,317326,California
Sonoma,2021-06-09,1635,577383,1355,309130,219,251361,61,16892,389,42888,1233,274888,450,317776,California
Sonoma,2021-06-10,1837,579220,1509,310639,223,251584,105,16997,563,42292,1262,276150,666,318442,California
Sonoma,2021-06-11,1977,581197,1626,312265,263,251847,88,17085,542,41494,1428,277578,630,319072,California
Sonoma,2021-06-12,1127,582324,890,313155,190,252037,47,17132,355,41132,765,278343,403,319475,California
Sonoma,2021-06-13,552,582876,464,313619,70,252107,18,17150,107,40812,445,278788,125,319600,California
Sonoma,2021-06-14,937,583813,673,314292,205,252312,59,17209,341,40623,589,279377,400,320000,California
Sonoma,2021-06-15,1829,585642,1376,315668,347,252659,106,17315,600,40108,1220,280597,705,320705,California
Sonoma,2021-06-16,1562,587204,1213,316881,253,252912,96,17411,504,39653,1053,281650,598,321303,California
Sonoma,2021-06-17,978,588182,754,317635,160,253072,64,17475,387,39516,587,282237,450,321753,California
Sonoma,2021-06-18,709,588891,499,318134,128,253200,82,17557,298,39489,406,282643,379,322132,California
Stanislaus,2020-12-15,5,5,5,5,0,0,0,0,5,5,0,0,5,5,California
Stanislaus,2020-12-16,36,41,36,41,0,0,0,0,36,41,0,0,36,41,California
Stanislaus,2020-12-17,74,115,74,115,0,0,0,0,74,115,0,0,74,115,California
Stanislaus,2020-12-18,342,457,336,451,6,6,0,0,342,457,0,0,342,457,California
Stanislaus,2020-12-19,131,588,131,582,0,6,0,0,131,588,0,0,131,588,California
Stanislaus,2020-12-20,87,675,87,669,0,6,0,0,87,675,0,0,87,675,California
Stanislaus,2020-12-21,998,1673,997,1666,1,7,0,0,997,1672,1,1,998,1673,California
Stanislaus,2020-12-22,793,2466,781,2447,12,19,0,0,793,2465,0,1,793,2466,California
Stanislaus,2020-12-23,446,2912,428,2875,18,37,0,0,445,2910,1,2,446,2912,California
Stanislaus,2020-12-24,96,3008,88,2963,8,45,0,0,96,3006,0,2,96,3008,California
Stanislaus,2020-12-26,53,3061,9,2972,44,89,0,0,53,3059,0,2,53,3061,California
Stanislaus,2020-12-27,11,3072,6,2978,5,94,0,0,11,3070,0,2,11,3072,California
Stanislaus,2020-12-28,486,3558,394,3372,92,186,0,0,486,3556,0,2,486,3558,California
Stanislaus,2020-12-29,494,4052,415,3787,79,265,0,0,494,4050,0,2,494,4052,California
Stanislaus,2020-12-30,534,4586,281,4068,253,518,0,0,533,4582,1,3,533,4585,California
Stanislaus,2020-12-31,277,4863,157,4225,120,638,0,0,277,4859,0,3,277,4862,California
Stanislaus,2021-01-01,15,4878,6,4231,9,647,0,0,15,4874,0,3,15,4877,California
Stanislaus,2021-01-02,33,4911,25,4256,8,655,0,0,33,4907,0,3,33,4910,California
Stanislaus,2021-01-03,90,5001,87,4343,3,658,0,0,90,4997,0,3,90,5000,California
Stanislaus,2021-01-04,230,5231,152,4495,78,736,0,0,230,5227,0,3,230,5230,California
Stanislaus,2021-01-05,839,6070,347,4842,492,1228,0,0,813,6023,25,28,821,6051,California
Stanislaus,2021-01-06,1003,7073,599,5441,404,1632,0,0,929,6885,71,99,933,6984,California
Stanislaus,2021-01-07,1079,8152,706,6147,373,2005,0,0,886,7586,188,287,889,7873,California
Stanislaus,2021-01-08,1272,9424,717,6864,555,2560,0,0,928,8179,341,628,934,8807,California
Stanislaus,2021-01-09,290,9714,142,7006,148,2708,0,0,201,8291,89,717,201,9008,California
Stanislaus,2021-01-10,48,9762,21,7027,27,2735,0,0,29,8301,19,736,29,9037,California
Stanislaus,2021-01-11,1498,11260,1214,8241,284,3019,0,0,573,7973,919,1655,591,9628,California
Stanislaus,2021-01-12,1476,12736,869,9110,607,3626,0,0,828,8171,644,2299,842,10470,California
Stanislaus,2021-01-13,1447,14183,688,9798,759,4385,0,0,1123,8983,323,2622,1135,11605,California
Stanislaus,2021-01-14,2246,16429,285,10083,1961,6346,0,0,2067,10951,176,2798,2144,13749,California
Stanislaus,2021-01-15,2823,19252,1156,11239,1667,8013,0,0,2662,13543,157,2955,2749,16498,California
Stanislaus,2021-01-16,473,19725,50,11289,423,8436,0,0,454,13981,18,2973,456,16954,California
Stanislaus,2021-01-17,244,19969,202,11491,42,8478,0,0,237,14212,6,2979,237,17191,California
Stanislaus,2021-01-18,2187,22156,1020,12511,1167,9645,0,0,1791,15691,391,3370,1870,19061,California
Stanislaus,2021-01-19,1254,23410,723,13234,531,10176,0,0,804,16050,446,3816,805,19866,California
Stanislaus,2021-01-20,1012,24422,489,13723,523,10699,0,0,717,16473,294,4110,717,20583,California
Stanislaus,2021-01-21,3693,28115,2978,16701,715,11414,0,0,3355,19610,334,4444,3471,24054,California
Stanislaus,2021-01-22,1099,29214,308,17009,791,12205,0,0,1055,20628,40,4484,1058,25112,California
Stanislaus,2021-01-23,355,29569,40,17049,315,12520,0,0,297,20869,57,4541,298,25410,California
Stanislaus,2021-01-24,302,29871,100,17149,202,12722,0,0,236,21041,66,4607,238,25648,California
Stanislaus,2021-01-25,3161,33032,228,17377,2933,15655,0,0,2821,23718,304,4911,2981,28629,California
Stanislaus,2021-01-26,1729,34761,747,18124,982,16637,0,0,1298,24609,424,5335,1315,29944,California
Stanislaus,2021-01-27,1894,36655,1053,19177,841,17478,0,0,1188,25140,659,5994,1190,31134,California
Stanislaus,2021-01-28,2211,38866,1515,20692,696,18174,0,0,1718,26438,484,6478,1782,32916,California
Stanislaus,2021-01-29,2455,41321,1202,21894,1253,19427,0,0,1918,27918,491,6969,1971,34887,California
Stanislaus,2021-01-30,295,41616,134,22028,161,19588,0,0,230,28094,54,7023,230,35117,California
Stanislaus,2021-01-31,369,41985,314,22342,55,19643,0,0,354,28436,12,7035,354,35471,California
Stanislaus,2021-02-01,1299,43284,587,22929,712,20355,0,0,942,29033,346,7381,943,36414,California
Stanislaus,2021-02-02,1211,44495,348,23277,863,21218,0,0,774,29385,425,7806,777,37191,California
Stanislaus,2021-02-03,2619,47114,1237,24514,1382,22600,0,0,1918,30623,696,8502,1934,39125,California
Stanislaus,2021-02-04,2091,49205,710,25224,1381,23981,0,0,1581,31716,495,8997,1588,40713,California
Stanislaus,2021-02-05,2852,52057,1469,26693,1383,25364,0,0,1593,32127,1195,10192,1606,42319,California
Stanislaus,2021-02-06,886,52943,299,26992,587,25951,0,0,693,32631,191,10383,695,43014,California
Stanislaus,2021-02-07,230,53173,205,27197,25,25976,0,0,41,32487,186,10569,42,43056,California
Stanislaus,2021-02-08,2043,55216,1339,28536,704,26680,0,0,1102,32718,898,11467,1129,44185,California
Stanislaus,2021-02-09,1845,57061,785,29321,1060,27740,0,0,1048,33006,771,12238,1059,45244,California
Stanislaus,2021-02-10,1940,59001,534,29855,1406,29146,0,0,1015,33122,901,13139,1017,46261,California
Stanislaus,2021-02-11,5402,64403,3272,33127,2130,31276,0,0,1228,30414,3943,17082,1235,47496,California
Stanislaus,2021-02-12,3304,67707,915,34042,2389,33665,0,0,1454,30113,1765,18847,1464,48960,California
Stanislaus,2021-02-13,1353,69060,650,34692,703,34368,0,0,983,30738,363,19210,988,49948,California
Stanislaus,2021-02-14,415,69475,164,34856,251,34619,0,0,348,31021,65,19275,348,50296,California
Stanislaus,2021-02-15,1816,71291,229,35085,1587,36206,0,0,578,30482,1121,20396,582,50878,California
Stanislaus,2021-02-16,1361,72652,422,35507,939,37145,0,0,578,30291,771,21167,580,51458,California
Stanislaus,2021-02-17,2766,75418,1695,37202,1071,38216,0,0,1924,31392,836,22003,1937,53395,California
Stanislaus,2021-02-18,3366,78784,1904,39106,1462,39678,0,0,1771,31704,1503,23506,1815,55210,California
Stanislaus,2021-02-19,2773,81557,1076,40182,1697,41375,0,0,1514,32031,1211,24717,1538,56748,California
Stanislaus,2021-02-20,751,82308,382,40564,369,41744,0,0,475,32251,256,24973,476,57224,California
Stanislaus,2021-02-21,907,83215,693,41257,214,41958,0,0,543,32467,339,25312,555,57779,California
Stanislaus,2021-02-22,2346,85561,1693,42950,653,42611,0,0,1629,33401,696,26008,1630,59409,California
Stanislaus,2021-02-23,3745,89306,679,43629,3066,45677,0,0,1739,33314,1837,27845,1750,61159,California
Stanislaus,2021-02-24,4186,93492,2856,46485,1330,47007,0,0,3117,35389,1045,28890,3120,64279,California
Stanislaus,2021-02-25,3957,97449,2718,49203,1239,48246,0,0,3150,37755,787,29677,3153,67432,California
Stanislaus,2021-02-26,4216,101665,1211,50414,3005,51251,0,0,2834,39276,1326,31003,2847,70279,California
Stanislaus,2021-02-27,2093,103758,712,51126,1380,52631,1,1,1860,40934,204,31207,1862,72141,California
Stanislaus,2021-02-28,825,104583,259,51385,566,53197,0,1,775,41671,39,31246,776,72917,California
Stanislaus,2021-03-01,2792,107375,1646,53031,1144,54341,2,3,1638,42213,1110,32356,1652,74569,California
Stanislaus,2021-03-02,2397,109772,1426,54457,970,55311,1,4,1660,43155,721,33077,1663,76232,California
Stanislaus,2021-03-03,3715,113487,2231,56688,1480,56791,4,8,2903,45267,794,33871,2906,79138,California
Stanislaus,2021-03-04,5443,118930,3107,59795,2320,59111,16,24,4190,48251,1218,35089,4202,83340,California
Stanislaus,2021-03-05,4084,123014,1120,60915,2948,62059,16,40,3086,50382,970,36059,3101,86441,California
Stanislaus,2021-03-06,3578,126592,2230,63145,1255,63314,93,133,2723,52349,851,36910,2818,89259,California
Stanislaus,2021-03-07,855,127447,387,63532,432,63746,36,169,667,52869,183,37093,703,89962,California
Stanislaus,2021-03-08,1994,129441,862,64394,1043,64789,89,258,1330,53644,644,37737,1419,91381,California
Stanislaus,2021-03-09,2178,131619,902,65296,1184,65973,92,350,1629,54833,537,38274,1726,93107,California
Stanislaus,2021-03-10,5073,136692,2506,67802,2341,68314,226,576,3735,57490,1317,39591,3974,97081,California
Stanislaus,2021-03-11,5714,142406,3140,70942,2098,70412,476,1052,4114,60660,1425,41016,4595,101676,California
Stanislaus,2021-03-12,5776,148182,1229,72171,2620,73032,1927,2979,2911,62658,2838,43854,4836,106512,California
Stanislaus,2021-03-13,3398,151580,2181,74352,1147,74179,70,3049,2698,64740,693,44547,2775,109287,California
Stanislaus,2021-03-14,988,152568,594,74946,342,74521,52,3101,486,64781,499,45046,540,109827,California
Stanislaus,2021-03-15,3687,156255,1973,76919,1353,75874,361,3462,1603,64765,1987,47033,1971,111798,California
Stanislaus,2021-03-16,4962,161217,2464,79383,2073,77947,425,3887,3557,67363,1382,48415,3980,115778,California
Stanislaus,2021-03-17,4722,165939,2849,82232,1695,79642,178,4065,2875,68610,1811,50226,3058,118836,California
Stanislaus,2021-03-18,5426,171365,3421,85653,1938,81580,67,4132,2930,69270,2342,52568,3002,121838,California
Stanislaus,2021-03-19,5919,177284,1540,87193,2861,84441,1518,5650,3104,71114,2774,55342,4618,126456,California
Stanislaus,2021-03-20,3866,181150,3033,90226,765,85206,68,5718,3372,74085,470,55812,3441,129897,California
Stanislaus,2021-03-21,1011,182161,905,91131,42,85248,64,5782,768,74680,237,56049,832,130729,California
Stanislaus,2021-03-22,2816,184977,1324,92455,768,86016,724,6506,1233,75086,1554,57603,1960,132689,California
Stanislaus,2021-03-23,3937,188914,2021,94476,1658,87674,258,6764,2800,77044,1119,58722,3077,135766,California
Stanislaus,2021-03-24,4573,193487,3222,97698,1273,88947,78,6842,2643,77885,1883,60605,2724,138490,California
Stanislaus,2021-03-25,4252,197739,2926,100624,1312,90259,14,6856,1818,77364,2355,62960,1834,140324,California
Stanislaus,2021-03-26,4764,202503,1336,101960,3354,93613,74,6930,2389,77499,2341,65301,2476,142800,California
Stanislaus,2021-03-27,4403,206906,2746,104706,1575,95188,82,7012,1379,75962,3006,68307,1469,144269,California
Stanislaus,2021-03-28,1105,208011,438,105144,559,95747,108,7120,318,75620,774,69081,432,144701,California
Stanislaus,2021-03-29,2973,210984,1825,106969,1109,96856,39,7159,1979,76660,984,70065,2024,146725,California
Stanislaus,2021-03-30,3677,214661,2064,109033,1587,98443,26,7185,2230,77485,1437,71502,2262,148987,California
Stanislaus,2021-03-31,5443,220104,3855,112888,1468,99911,120,7305,2784,77755,2638,74140,2908,151895,California
Stanislaus,2021-04-01,5734,225838,3842,116730,1803,101714,89,7394,2625,77396,3083,77223,2724,154619,California
Stanislaus,2021-04-02,5023,230861,1211,117941,3657,105371,155,7549,2243,77118,2687,79910,2409,157028,California
Stanislaus,2021-04-03,4544,235405,3303,121244,1205,106576,36,7585,2243,77119,2291,82201,2292,159320,California
Stanislaus,2021-04-04,1330,236735,474,121718,826,107402,30,7615,652,77136,669,82870,686,160006,California
Stanislaus,2021-04-05,3637,240372,2530,124248,858,108260,249,7864,2359,78481,1268,84138,2613,162619,California
Stanislaus,2021-04-06,5752,246124,4174,128422,1303,109563,275,8139,3076,79177,2661,86799,3357,165976,California
Stanislaus,2021-04-07,6354,252478,3599,132021,2326,111889,429,8568,2830,78938,3506,90305,3267,169243,California
Stanislaus,2021-04-08,5689,258167,3329,135350,1925,113814,435,9003,2776,79262,2889,93194,3213,172456,California
Stanislaus,2021-04-09,4820,262987,2103,137453,2342,116156,375,9378,2182,79220,2613,95807,2571,175027,California
Stanislaus,2021-04-10,6501,269488,3989,141442,874,117030,1638,11016,1999,78374,4476,100283,3630,178657,California
Stanislaus,2021-04-11,1521,271009,850,142292,539,117569,132,11148,669,78327,849,101132,802,179459,California
Stanislaus,2021-04-12,3596,274605,2048,144340,1104,118673,444,11592,1875,78956,1699,102831,2328,181787,California
Stanislaus,2021-04-13,5198,279803,3420,147760,1764,120437,14,11606,2919,79646,2237,105068,2927,184714,California
Stanislaus,2021-04-14,4690,284493,3284,151044,1404,121841,2,11608,2293,79585,2361,107429,2300,187014,California
Stanislaus,2021-04-15,5387,289880,3319,154363,2065,123906,3,11611,3230,80706,2113,109542,3234,190248,California
Stanislaus,2021-04-16,4328,294208,993,155356,3334,127240,1,11612,1819,80067,2463,112005,1824,192072,California
Stanislaus,2021-04-17,3165,297373,2128,157484,1037,128277,0,11612,1839,80596,1313,113318,1842,193914,California
Stanislaus,2021-04-18,539,297912,221,157705,316,128593,2,11614,411,80889,121,113439,414,194328,California
Stanislaus,2021-04-19,3463,301375,2449,160154,1012,129605,2,11616,1640,80747,1789,115228,1647,195975,California
Stanislaus,2021-04-20,3967,305342,2409,162563,1558,131163,0,11616,1730,80272,2207,117435,1732,197707,California
Stanislaus,2021-04-21,3831,309173,2558,165121,1272,132435,1,11617,1594,79677,2196,119631,1601,199308,California
Stanislaus,2021-04-22,3960,313133,2413,167534,1547,133982,0,11617,1580,78928,2333,121964,1584,200892,California
Stanislaus,2021-04-23,3595,316728,842,168376,2752,136734,1,11618,1467,78368,2035,123999,1475,202367,California
Stanislaus,2021-04-24,3795,320523,2941,171317,854,137588,0,11618,1798,78192,1979,125978,1803,204170,California
Stanislaus,2021-04-25,937,321460,480,171797,457,138045,0,11618,688,78641,243,126221,692,204862,California
Stanislaus,2021-04-26,3362,324822,2361,174158,995,139040,6,11624,1051,77414,2289,128510,1062,205924,California
Stanislaus,2021-04-27,4037,328859,2802,176960,1187,140227,48,11672,1174,75804,2836,131346,1226,207150,California
Stanislaus,2021-04-28,4263,333122,3026,179986,1175,141402,62,11734,1841,75314,2402,133748,1912,209062,California
Stanislaus,2021-04-29,3634,336756,2258,182244,1328,142730,48,11782,1446,74644,2174,135922,1504,210566,California
Stanislaus,2021-04-30,4508,341264,2045,184289,2378,145108,85,11867,1781,73805,2713,138635,1874,212440,California
Stanislaus,2021-05-01,2711,343975,1927,186216,743,145851,41,11908,1018,73187,1685,140320,1067,213507,California
Stanislaus,2021-05-02,1080,345055,616,186832,426,146277,38,11946,523,73203,551,140871,567,214074,California
Stanislaus,2021-05-03,2415,347470,1927,188759,415,146692,73,12019,910,72697,1492,142363,986,215060,California
Stanislaus,2021-05-04,3471,350941,2470,191229,911,147603,90,12109,1065,71468,2393,144756,1164,216224,California
Stanislaus,2021-05-05,3193,354134,2135,193364,983,148586,75,12184,1085,70543,2088,146844,1163,217387,California
Stanislaus,2021-05-06,3518,357652,2696,196060,698,149284,124,12308,1055,69288,2441,149285,1186,218573,California
Stanislaus,2021-05-07,2320,359972,885,196945,1272,150556,163,12471,944,69033,1364,150649,1109,219682,California
Stanislaus,2021-05-08,1960,361932,1344,198289,583,151139,33,12504,714,68558,1229,151878,754,220436,California
Stanislaus,2021-05-09,714,362646,343,198632,345,151484,26,12530,308,68489,404,152282,335,220771,California
Stanislaus,2021-05-10,1687,364333,1142,199774,449,151933,96,12626,455,67822,1220,153502,553,221324,California
Stanislaus,2021-05-11,2376,366709,1503,201277,714,152647,159,12785,679,66980,1685,155187,843,222167,California
Stanislaus,2021-05-12,2276,368985,1332,202609,835,153482,109,12894,904,66638,1358,156545,1016,223183,California
Stanislaus,2021-05-13,2006,370991,1155,203764,734,154216,117,13011,914,66589,1083,157628,1034,224217,California
Stanislaus,2021-05-14,2617,373608,1162,204926,1317,155533,138,13149,1206,66542,1392,159020,1345,225562,California
Stanislaus,2021-05-15,2482,376090,1768,206694,664,156197,50,13199,1205,66538,1267,160287,1263,226825,California
Stanislaus,2021-05-16,1025,377115,667,207361,350,156547,8,13207,559,66646,463,160750,571,227396,California
Stanislaus,2021-05-17,1930,379045,1295,208656,554,157101,81,13288,923,66655,1001,161751,1010,228406,California
Stanislaus,2021-05-18,2204,381249,1503,210159,587,157688,114,13402,1145,66865,1048,162799,1258,229664,California
Stanislaus,2021-05-19,3032,384281,2070,212229,808,158496,154,13556,1355,66713,1666,164465,1514,231178,California
Stanislaus,2021-05-20,2108,386389,1133,213362,871,159367,104,13660,862,66449,1235,165700,971,232149,California
Stanislaus,2021-05-21,2337,388726,1133,214495,1108,160475,96,13756,959,66145,1362,167062,1058,233207,California
Stanislaus,2021-05-22,1937,390663,1199,215694,669,161144,69,13825,864,66013,1066,168128,934,234141,California
Stanislaus,2021-05-23,1033,391696,666,216360,352,161496,15,13840,490,65980,538,168666,505,234646,California
Stanislaus,2021-05-24,1579,393275,1085,217445,419,161915,75,13915,609,65704,967,169633,691,235337,California
Stanislaus,2021-05-25,1701,394976,1167,218612,437,162352,97,14012,830,65767,867,170500,930,236267,California
Stanislaus,2021-05-26,1894,396870,1188,219800,655,163007,51,14063,907,65747,979,171479,959,237226,California
Stanislaus,2021-05-27,1715,398585,945,220745,695,163702,75,14138,642,65401,1063,172542,717,237943,California
Stanislaus,2021-05-28,1953,400538,889,221634,985,164687,79,14217,858,65248,1090,173632,937,238880,California
Stanislaus,2021-05-29,1311,401849,844,222478,426,165113,41,14258,612,65208,695,174327,655,239535,California
Stanislaus,2021-05-30,453,402302,273,222751,146,165259,34,14292,214,65220,236,174563,248,239783,California
Stanislaus,2021-05-31,259,402561,122,222873,130,165389,7,14299,97,65163,161,174724,104,239887,California
Stanislaus,2021-06-01,1542,404103,972,223845,518,165907,52,14351,617,64916,919,175643,672,240559,California
Stanislaus,2021-06-02,1713,405816,1093,224938,554,166461,66,14417,744,64768,960,176603,812,241371,California
Stanislaus,2021-06-03,1307,407123,772,225710,489,166950,46,14463,523,64569,771,177374,572,241943,California
Stanislaus,2021-06-04,1891,409014,1133,226843,688,167638,70,14533,718,64205,1162,178536,798,242741,California
Stanislaus,2021-06-05,1372,410386,1048,227891,298,167936,26,14559,473,63814,892,179428,501,243242,California
Stanislaus,2021-06-06,502,410888,412,228303,82,168018,8,14567,204,63730,298,179726,214,243456,California
Stanislaus,2021-06-07,1402,412290,1076,229379,281,168299,45,14612,545,63472,849,180575,591,244047,California
Stanislaus,2021-06-08,1807,414097,1361,230740,373,168672,73,14685,655,63062,1139,181714,729,244776,California
Stanislaus,2021-06-09,1753,415850,1237,231977,435,169107,81,14766,587,62569,1162,182876,669,245445,California
Stanislaus,2021-06-10,1356,417206,858,232835,439,169546,59,14825,565,62413,781,183657,625,246070,California
Stanislaus,2021-06-11,1427,418633,838,233673,538,170084,51,14876,539,62136,873,184530,596,246666,California
Stanislaus,2021-06-12,1007,419640,729,234402,255,170339,23,14899,373,61910,627,185157,401,247067,California
Stanislaus,2021-06-13,528,420168,387,234789,135,170474,6,14905,175,61744,350,185507,184,247251,California
Stanislaus,2021-06-14,1222,421390,886,235675,315,170789,21,14926,501,61553,714,186221,523,247774,California
Stanislaus,2021-06-15,1566,422956,1126,236801,397,171186,43,14969,539,61114,1023,187244,584,248358,California
Stanislaus,2021-06-16,1770,424726,1277,238078,427,171613,66,15035,700,60816,1067,188311,769,249127,California
Stanislaus,2021-06-17,905,425631,517,238595,349,171962,39,15074,416,60789,484,188795,457,249584,California
Stanislaus,2021-06-18,649,426280,285,238880,293,172255,71,15145,227,60671,416,189211,298,249882,California
Sutter,2020-12-15,1,1,1,1,0,0,0,0,1,1,0,0,1,1,California
Sutter,2020-12-16,4,5,4,5,0,0,0,0,4,5,0,0,4,5,California
Sutter,2020-12-17,3,8,3,8,0,0,0,0,3,8,0,0,3,8,California
Sutter,2020-12-18,21,29,21,29,0,0,0,0,21,29,0,0,21,29,California
Sutter,2020-12-19,45,74,45,74,0,0,0,0,45,74,0,0,45,74,California
Sutter,2020-12-20,43,117,43,117,0,0,0,0,43,117,0,0,43,117,California
Sutter,2020-12-21,100,217,100,217,0,0,0,0,100,217,0,0,100,217,California
Sutter,2020-12-22,171,388,171,388,0,0,0,0,171,388,0,0,171,388,California
Sutter,2020-12-23,116,504,111,499,5,5,0,0,116,504,0,0,116,504,California
Sutter,2020-12-24,17,521,11,510,6,11,0,0,17,521,0,0,17,521,California
Sutter,2020-12-26,38,559,34,544,4,15,0,0,38,559,0,0,38,559,California
Sutter,2020-12-27,24,583,23,567,1,16,0,0,24,583,0,0,24,583,California
Sutter,2020-12-28,84,667,56,623,28,44,0,0,84,667,0,0,84,667,California
Sutter,2020-12-29,103,770,14,637,89,133,0,0,103,770,0,0,103,770,California
Sutter,2020-12-30,137,907,34,671,103,236,0,0,137,907,0,0,137,907,California
Sutter,2020-12-31,68,975,6,677,62,298,0,0,68,975,0,0,68,975,California
Sutter,2021-01-01,3,978,3,680,0,298,0,0,3,978,0,0,3,978,California
Sutter,2021-01-02,131,1109,129,809,2,300,0,0,131,1109,0,0,131,1109,California
Sutter,2021-01-03,1,1110,0,809,1,301,0,0,1,1110,0,0,1,1110,California
Sutter,2021-01-04,245,1355,137,946,108,409,0,0,245,1355,0,0,245,1355,California
Sutter,2021-01-05,99,1454,56,1002,43,452,0,0,96,1448,3,3,96,1451,California
Sutter,2021-01-06,203,1657,50,1052,153,605,0,0,198,1641,5,8,198,1649,California
Sutter,2021-01-07,256,1913,152,1204,104,709,0,0,247,1879,9,17,247,1896,California
Sutter,2021-01-08,150,2063,41,1245,109,818,0,0,132,1993,18,35,132,2028,California
Sutter,2021-01-09,44,2107,43,1288,1,819,0,0,3,1955,41,76,3,2031,California
Sutter,2021-01-10,396,2503,37,1325,359,1178,0,0,358,2276,37,113,358,2389,California
Sutter,2021-01-11,132,2635,116,1441,16,1194,0,0,24,2192,108,221,24,2413,California
Sutter,2021-01-12,200,2835,163,1604,37,1231,0,0,58,2108,142,363,58,2471,California
Sutter,2021-01-13,163,2998,100,1704,63,1294,0,0,72,2090,90,453,72,2543,California
Sutter,2021-01-14,146,3144,51,1755,95,1389,0,0,127,2198,19,472,127,2670,California
Sutter,2021-01-15,438,3582,131,1886,307,1696,0,0,423,2606,15,487,423,3093,California
Sutter,2021-01-16,388,3970,42,1928,346,2042,0,0,358,2934,30,517,358,3451,California
Sutter,2021-01-17,28,3998,25,1953,3,2045,0,0,12,2930,16,533,12,3463,California
Sutter,2021-01-18,120,4118,64,2017,56,2101,0,0,71,2952,49,582,71,3534,California
Sutter,2021-01-19,107,4225,42,2059,65,2166,0,0,83,3011,24,606,83,3617,California
Sutter,2021-01-20,270,4495,208,2267,62,2228,0,0,250,3241,20,626,250,3867,California
Sutter,2021-01-21,493,4988,321,2588,172,2400,0,0,474,3696,19,645,474,4341,California
Sutter,2021-01-22,245,5233,54,2642,191,2591,0,0,235,3922,9,654,235,4576,California
Sutter,2021-01-23,398,5631,39,2681,359,2950,0,0,372,4268,26,680,372,4948,California
Sutter,2021-01-24,16,5647,14,2695,2,2952,0,0,14,4280,2,682,14,4962,California
Sutter,2021-01-25,309,5956,195,2890,114,3066,0,0,153,4279,155,837,154,5116,California
Sutter,2021-01-26,248,6204,106,2996,142,3208,0,0,143,4318,104,941,143,5259,California
Sutter,2021-01-27,388,6592,256,3252,132,3340,0,0,322,4574,66,1007,322,5581,California
Sutter,2021-01-28,585,7177,359,3611,226,3566,0,0,411,4813,172,1179,411,5992,California
Sutter,2021-01-29,365,7542,87,3698,278,3844,0,0,244,4936,121,1300,244,6236,California
Sutter,2021-01-30,784,8326,38,3736,746,4590,0,0,773,5698,11,1311,773,7009,California
Sutter,2021-01-31,27,8353,26,3762,1,4591,0,0,27,5725,0,1311,27,7036,California
Sutter,2021-02-01,169,8522,50,3812,119,4710,0,0,137,5831,31,1342,137,7173,California
Sutter,2021-02-02,241,8763,24,3836,217,4927,0,0,208,6006,33,1375,208,7381,California
Sutter,2021-02-03,446,9209,39,3875,407,5334,0,0,212,5985,233,1608,212,7593,California
Sutter,2021-02-04,679,9888,365,4240,314,5648,0,0,625,6556,54,1662,625,8218,California
Sutter,2021-02-05,291,10179,32,4272,259,5907,0,0,140,6545,151,1813,140,8358,California
Sutter,2021-02-06,742,10921,30,4302,712,6619,0,0,722,7247,20,1833,722,9080,California
Sutter,2021-02-07,23,10944,19,4321,4,6623,0,0,18,7260,5,1838,18,9098,California
Sutter,2021-02-08,132,11076,29,4350,103,6726,0,0,99,7326,33,1871,99,9197,California
Sutter,2021-02-09,246,11322,45,4395,201,6927,0,0,184,7448,62,1933,184,9381,California
Sutter,2021-02-10,822,12144,383,4778,439,7366,0,0,179,6985,642,2575,179,9560,California
Sutter,2021-02-11,603,12747,270,5048,333,7699,0,0,344,7070,259,2834,344,9904,California
Sutter,2021-02-12,643,13390,69,5117,574,8273,0,0,316,7060,326,3160,316,10220,California
Sutter,2021-02-13,908,14298,48,5165,860,9133,0,0,792,7736,116,3276,792,11012,California
Sutter,2021-02-14,98,14396,26,5191,72,9205,0,0,86,7810,12,3288,86,11098,California
Sutter,2021-02-15,203,14599,72,5263,131,9336,0,0,123,7853,80,3368,123,11221,California
Sutter,2021-02-16,291,14890,45,5308,246,9582,0,0,207,7977,83,3451,207,11428,California
Sutter,2021-02-17,826,15716,430,5738,396,9978,0,0,131,7414,694,4145,131,11559,California
Sutter,2021-02-18,711,16427,59,5797,652,10630,0,0,496,7696,214,4359,496,12055,California
Sutter,2021-02-19,668,17095,379,6176,289,10919,0,0,463,7956,203,4562,463,12518,California
Sutter,2021-02-20,621,17716,56,6232,565,11484,0,0,518,8372,102,4664,518,13036,California
Sutter,2021-02-21,29,17745,26,6258,3,11487,0,0,9,8361,20,4684,9,13045,California
Sutter,2021-02-22,209,17954,122,6380,87,11574,0,0,88,8328,121,4805,88,13133,California
Sutter,2021-02-23,221,18175,31,6411,190,11764,0,0,96,8300,124,4929,96,13229,California
Sutter,2021-02-24,976,19151,348,6759,628,12392,0,0,198,7721,777,5706,198,13427,California
Sutter,2021-02-25,790,19941,501,7260,289,12681,0,0,606,8146,181,5887,606,14033,California
Sutter,2021-02-26,380,20321,61,7321,319,13000,0,0,157,8082,221,6108,157,14190,California
Sutter,2021-02-27,879,21200,48,7369,831,13831,0,0,714,8631,165,6273,714,14904,California
Sutter,2021-02-28,87,21287,43,7412,44,13875,0,0,68,8681,18,6291,68,14972,California
Sutter,2021-03-01,250,21537,61,7473,189,14064,0,0,153,8737,97,6388,153,15125,California
Sutter,2021-03-02,339,21876,60,7533,279,14343,0,0,163,8726,174,6562,163,15288,California
Sutter,2021-03-03,1406,23282,532,8065,874,15217,0,0,661,8648,739,7301,661,15949,California
Sutter,2021-03-04,1261,24543,864,8929,397,15614,0,0,948,9287,309,7610,948,16897,California
Sutter,2021-03-05,343,24886,82,9011,260,15874,1,1,210,9365,133,7743,211,17108,California
Sutter,2021-03-06,1031,25917,49,9060,977,16851,5,6,862,10063,169,7912,867,17975,California
Sutter,2021-03-07,64,25981,22,9082,41,16892,1,7,42,10084,22,7934,43,18018,California
Sutter,2021-03-08,228,26209,79,9161,137,17029,12,19,159,10186,69,8003,171,18189,California
Sutter,2021-03-09,393,26602,142,9303,238,17267,13,32,190,10186,203,8206,203,18392,California
Sutter,2021-03-10,1585,28187,685,9988,837,18104,63,95,528,9724,1053,9259,591,18983,California
Sutter,2021-03-11,895,29082,443,10431,435,18539,17,112,647,10143,245,9504,664,19647,California
Sutter,2021-03-12,684,29766,111,10542,391,18930,182,294,200,10042,481,9985,380,20027,California
Sutter,2021-03-13,1001,30767,755,11297,228,19158,18,312,787,10634,212,10197,804,20831,California
Sutter,2021-03-14,138,30905,22,11319,105,19263,11,323,46,10599,92,10289,57,20888,California
Sutter,2021-03-15,330,31235,68,11387,213,19476,49,372,156,10632,172,10461,205,21093,California
Sutter,2021-03-16,394,31629,84,11471,263,19739,47,419,214,10712,180,10641,260,21353,California
Sutter,2021-03-17,1501,33130,562,12033,917,20656,22,441,314,9869,1178,11819,335,21688,California
Sutter,2021-03-18,973,34103,176,12209,596,21252,201,642,569,10236,401,12220,768,22456,California
Sutter,2021-03-19,461,34564,163,12372,269,21521,29,671,282,10370,177,12397,311,22767,California
Sutter,2021-03-20,949,35513,118,12490,820,22341,11,682,858,11149,90,12487,869,23636,California
Sutter,2021-03-21,71,35584,49,12539,19,22360,3,685,32,11145,39,12526,35,23671,California
Sutter,2021-03-22,288,35872,118,12657,143,22503,27,712,210,11305,77,12603,237,23908,California
Sutter,2021-03-23,375,36247,115,12772,227,22730,33,745,253,11469,121,12724,285,24193,California
Sutter,2021-03-24,1690,37937,771,13543,849,23579,70,815,316,10497,1359,14083,387,24580,California
Sutter,2021-03-25,1051,38988,684,14227,323,23902,44,859,372,10237,676,14759,416,24996,California
Sutter,2021-03-26,500,39488,179,14406,305,24207,16,875,294,10344,203,14962,310,25306,California
Sutter,2021-03-27,927,40415,62,14468,863,25070,2,877,817,11057,106,15068,819,26125,California
Sutter,2021-03-28,123,40538,70,14538,53,25123,0,877,77,11090,44,15112,77,26202,California
Sutter,2021-03-29,424,40962,141,14679,227,25350,56,933,221,11166,201,15313,277,26479,California
Sutter,2021-03-30,479,41441,161,14840,308,25658,10,943,317,11331,162,15475,327,26806,California
Sutter,2021-03-31,1260,42701,180,15020,1065,26723,15,958,443,10984,804,16279,457,27263,California
Sutter,2021-04-01,1388,44089,741,15761,459,27182,188,1146,429,10650,950,17229,616,27879,California
Sutter,2021-04-02,519,44608,102,15863,299,27481,118,1264,205,10657,312,17541,319,28198,California
Sutter,2021-04-03,919,45527,79,15942,212,27693,628,1892,124,10617,791,18332,751,28949,California
Sutter,2021-04-04,117,45644,22,15964,89,27782,6,1898,54,10614,63,18395,60,29009,California
Sutter,2021-04-05,370,46014,145,16109,189,27971,36,1934,177,10637,190,18585,213,29222,California
Sutter,2021-04-06,515,46529,200,16309,259,28230,56,1990,275,10730,238,18823,331,29553,California
Sutter,2021-04-07,1486,48015,887,17196,523,28753,76,2066,611,10551,866,19689,687,30240,California
Sutter,2021-04-08,1055,49070,582,17778,358,29111,115,2181,581,10774,470,20159,693,30933,California
Sutter,2021-04-09,573,49643,248,18026,260,29371,65,2246,241,10752,328,20487,306,31239,California
Sutter,2021-04-10,839,50482,111,18137,97,29468,631,2877,116,10772,719,21206,739,31978,California
Sutter,2021-04-11,119,50601,32,18169,41,29509,46,2923,38,10774,81,21287,83,32061,California
Sutter,2021-04-12,345,50946,93,18262,199,29708,53,2976,140,10764,203,21490,193,32254,California
Sutter,2021-04-13,436,51382,127,18389,309,30017,0,2976,215,10760,219,21709,215,32469,California
Sutter,2021-04-14,1330,52712,160,18549,1169,31186,1,2977,227,9892,1096,22805,228,32697,California
Sutter,2021-04-15,539,53251,172,18721,367,31553,0,2977,215,9786,321,23126,215,32912,California
Sutter,2021-04-16,406,53657,127,18848,279,31832,0,2977,191,9764,214,23340,192,33104,California
Sutter,2021-04-17,580,54237,84,18932,496,32328,0,2977,510,10205,69,23409,510,33614,California
Sutter,2021-04-18,72,54309,12,18944,60,32388,0,2977,44,10223,26,23435,44,33658,California
Sutter,2021-04-19,291,54600,109,19053,182,32570,0,2977,121,10176,168,23603,121,33779,California
Sutter,2021-04-20,412,55012,134,19187,278,32848,0,2977,204,10172,208,23811,204,33983,California
Sutter,2021-04-21,1241,56253,423,19610,818,33666,0,2977,480,9901,751,24562,480,34463,California
Sutter,2021-04-22,503,56756,163,19773,340,34006,0,2977,256,9912,245,24807,256,34719,California
Sutter,2021-04-23,400,57156,117,19890,283,34289,0,2977,187,9888,211,25018,187,34906,California
Sutter,2021-04-24,331,57487,108,19998,222,34511,1,2978,189,9936,141,25159,189,35095,California
Sutter,2021-04-25,158,57645,76,20074,82,34593,0,2978,87,9954,69,25228,87,35182,California
Sutter,2021-04-26,305,57950,89,20163,214,34807,2,2980,133,9919,170,25398,135,35317,California
Sutter,2021-04-27,539,58489,265,20428,270,35077,4,2984,251,9890,284,25682,255,35572,California
Sutter,2021-04-28,814,59303,341,20769,465,35542,8,2992,255,9599,554,26236,263,35835,California
Sutter,2021-04-29,777,60080,138,20907,638,36180,1,2993,311,9449,462,26698,312,36147,California
Sutter,2021-04-30,362,60442,110,21017,239,36419,13,3006,146,9394,213,26911,158,36305,California
Sutter,2021-05-01,298,60740,107,21124,151,36570,40,3046,129,9397,166,27077,169,36474,California
Sutter,2021-05-02,82,60822,54,21178,26,36596,2,3048,46,9409,36,27113,48,36522,California
Sutter,2021-05-03,221,61043,110,21288,100,36696,11,3059,89,9377,132,27245,100,36622,California
Sutter,2021-05-04,542,61585,238,21526,240,36936,64,3123,226,9353,313,27558,289,36911,California
Sutter,2021-05-05,535,62120,143,21669,384,37320,8,3131,156,9144,373,27931,164,37075,California
Sutter,2021-05-06,427,62547,229,21898,180,37500,18,3149,192,9119,234,28165,209,37284,California
Sutter,2021-05-07,414,62961,144,22042,249,37749,21,3170,153,9035,258,28423,174,37458,California
Sutter,2021-05-08,197,63158,50,22092,142,37891,5,3175,106,9055,91,28514,111,37569,California
Sutter,2021-05-09,81,63239,53,22145,23,37914,5,3180,55,9089,26,28540,60,37629,California
Sutter,2021-05-10,191,63430,43,22188,130,38044,18,3198,49,9016,140,28680,67,37696,California
Sutter,2021-05-11,450,63880,219,22407,210,38254,21,3219,185,8960,260,28940,204,37900,California
Sutter,2021-05-12,443,64323,242,22649,190,38444,11,3230,162,8856,277,29217,173,38073,California
Sutter,2021-05-13,488,64811,263,22912,203,38647,22,3252,201,8794,285,29502,223,38296,California
Sutter,2021-05-14,440,65251,188,23100,236,38883,16,3268,215,8805,220,29722,231,38527,California
Sutter,2021-05-15,843,66094,308,23408,504,39387,31,3299,306,8606,536,30258,337,38864,California
Sutter,2021-05-16,141,66235,83,23491,50,39437,8,3307,75,8624,65,30323,83,38947,California
Sutter,2021-05-17,293,66528,116,23607,163,39600,14,3321,155,8656,137,30460,169,39116,California
Sutter,2021-05-18,546,67074,314,23921,227,39827,5,3326,299,8716,244,30704,304,39420,California
Sutter,2021-05-19,465,67539,267,24188,191,40018,7,3333,246,8753,216,30920,253,39673,California
Sutter,2021-05-20,461,68000,241,24429,208,40226,12,3345,227,8761,231,31151,239,39912,California
Sutter,2021-05-21,494,68494,222,24651,260,40486,12,3357,237,8755,254,31405,248,40160,California
Sutter,2021-05-22,368,68862,202,24853,163,40649,3,3360,185,8764,178,31583,187,40347,California
Sutter,2021-05-23,181,69043,85,24938,87,40736,9,3369,92,8782,83,31666,101,40448,California
Sutter,2021-05-24,239,69282,87,25025,129,40865,23,3392,99,8766,138,31804,122,40570,California
Sutter,2021-05-25,402,69684,197,25222,192,41057,13,3405,167,8715,230,32034,179,40749,California
Sutter,2021-05-26,318,70002,156,25378,153,41210,9,3414,118,8646,196,32230,127,40876,California
Sutter,2021-05-27,434,70436,115,25493,299,41509,20,3434,125,8486,305,32535,145,41021,California
Sutter,2021-05-28,339,70775,164,25657,158,41667,17,3451,179,8527,155,32690,196,41217,California
Sutter,2021-05-29,252,71027,118,25775,119,41786,15,3466,139,8572,109,32799,154,41371,California
Sutter,2021-05-30,85,71112,61,25836,21,41807,3,3469,50,8591,34,32833,53,41424,California
Sutter,2021-05-31,19,71131,2,25838,13,41820,4,3473,5,8586,14,32847,9,41433,California
Sutter,2021-06-01,309,71440,133,25971,168,41988,8,3481,127,8540,181,33028,135,41568,California
Sutter,2021-06-02,282,71722,120,26091,156,42144,6,3487,111,8491,166,33194,117,41685,California
Sutter,2021-06-03,339,72061,225,26316,105,42249,9,3496,117,8401,216,33410,126,41811,California
Sutter,2021-06-04,339,72400,197,26513,135,42384,7,3503,120,8313,215,33625,127,41938,California
Sutter,2021-06-05,436,72836,366,26879,66,42450,4,3507,155,8196,276,33901,159,42097,California
Sutter,2021-06-06,137,72973,118,26997,16,42466,3,3510,57,8178,78,33979,60,42157,California
Sutter,2021-06-07,161,73134,104,27101,48,42514,9,3519,56,8139,104,34083,65,42222,California
Sutter,2021-06-08,368,73502,207,27308,148,42662,13,3532,159,8104,207,34290,172,42394,California
Sutter,2021-06-09,366,73868,234,27542,127,42789,5,3537,128,8001,236,34526,133,42527,California
Sutter,2021-06-10,381,74249,276,27818,96,42885,9,3546,150,7932,228,34754,159,42686,California
Sutter,2021-06-11,339,74588,218,28036,115,43000,6,3552,115,7832,220,34974,120,42806,California
Sutter,2021-06-12,238,74826,168,28204,55,43055,15,3567,67,7743,171,35145,82,42888,California
Sutter,2021-06-13,83,74909,65,28269,17,43072,1,3568,24,7710,58,35203,25,42913,California
Sutter,2021-06-14,189,75098,111,28380,68,43140,10,3578,75,7683,112,35315,85,42998,California
Sutter,2021-06-15,284,75382,152,28532,119,43259,13,3591,104,7622,178,35493,117,43115,California
Sutter,2021-06-16,219,75601,141,28673,69,43328,9,3600,105,7622,114,35607,114,43229,California
Sutter,2021-06-17,237,75838,131,28804,101,43429,5,3605,99,7589,137,35744,104,43333,California
Sutter,2021-06-18,104,75942,49,28853,45,43474,10,3615,35,7565,69,35813,45,43378,California
Tehama,2020-12-16,4,4,4,4,0,0,0,0,4,4,0,0,4,4,California
Tehama,2020-12-17,21,25,21,25,0,0,0,0,21,25,0,0,21,25,California
Tehama,2020-12-18,5,30,5,30,0,0,0,0,6,31,0,0,6,31,California
Tehama,2020-12-21,44,74,44,74,0,0,0,0,44,75,0,0,44,75,California
Tehama,2020-12-22,79,153,73,147,6,6,0,0,79,154,0,0,79,154,California
Tehama,2020-12-23,55,208,47,194,8,14,0,0,55,209,0,0,55,209,California
Tehama,2020-12-24,5,213,3,197,2,16,0,0,5,214,0,0,5,214,California
Tehama,2020-12-26,4,217,3,200,1,17,0,0,4,218,0,0,4,218,California
Tehama,2020-12-27,2,219,2,202,0,17,0,0,2,220,0,0,2,220,California
Tehama,2020-12-28,59,278,46,248,13,30,0,0,59,279,0,0,59,279,California
Tehama,2020-12-29,41,319,41,289,0,30,0,0,41,320,0,0,41,320,California
Tehama,2020-12-30,62,381,44,333,18,48,0,0,61,381,0,0,61,381,California
Tehama,2020-12-31,14,395,4,337,10,58,0,0,14,395,0,0,14,395,California
Tehama,2021-01-01,2,397,0,337,2,60,0,0,2,397,0,0,2,397,California
Tehama,2021-01-04,47,444,16,353,31,91,0,0,47,444,0,0,47,444,California
Tehama,2021-01-05,75,519,46,399,29,120,0,0,70,509,5,5,70,514,California
Tehama,2021-01-06,87,606,34,433,53,173,0,0,71,566,14,19,71,585,California
Tehama,2021-01-07,61,667,7,440,54,227,0,0,60,625,1,20,60,645,California
Tehama,2021-01-08,42,709,31,471,11,238,0,0,34,651,8,28,34,679,California
Tehama,2021-01-09,7,716,5,476,2,240,0,0,6,656,1,29,6,685,California
Tehama,2021-01-10,1,717,0,476,1,241,0,0,1,657,0,29,1,686,California
Tehama,2021-01-11,61,778,53,529,8,249,0,0,22,640,39,68,22,708,California
Tehama,2021-01-12,150,928,130,659,20,269,0,0,93,676,57,125,93,801,California
Tehama,2021-01-13,87,1015,62,721,25,294,0,0,35,659,52,177,35,836,California
Tehama,2021-01-14,243,1258,51,772,192,486,0,0,241,898,2,179,241,1077,California
Tehama,2021-01-15,291,1549,76,848,215,701,0,0,287,1181,4,183,287,1364,California
Tehama,2021-01-16,275,1824,20,868,255,956,0,0,272,1450,3,186,272,1636,California
Tehama,2021-01-17,6,1830,2,870,4,960,0,0,4,1452,2,188,4,1640,California
Tehama,2021-01-18,14,1844,7,877,7,967,0,0,8,1454,6,194,8,1648,California
Tehama,2021-01-19,311,2155,77,954,234,1201,0,0,248,1639,63,257,248,1896,California
Tehama,2021-01-20,343,2498,104,1058,239,1440,0,0,286,1869,56,313,286,2182,California
Tehama,2021-01-21,246,2744,19,1077,227,1667,0,0,231,2085,15,328,231,2413,California
Tehama,2021-01-22,247,2991,22,1099,225,1892,0,0,244,2326,3,331,244,2657,California
Tehama,2021-01-23,270,3261,7,1106,263,2155,0,0,269,2594,1,332,269,2926,California
Tehama,2021-01-24,3,3264,1,1107,2,2157,0,0,3,2597,0,332,3,2929,California
Tehama,2021-01-25,47,3311,21,1128,26,2183,0,0,23,2596,24,356,23,2952,California
Tehama,2021-01-26,359,3670,46,1174,313,2496,0,0,321,2879,38,394,321,3273,California
Tehama,2021-01-27,343,4013,24,1198,319,2815,0,0,320,3176,23,417,320,3593,California
Tehama,2021-01-28,375,4388,42,1240,333,3148,0,0,353,3507,22,439,353,3946,California
Tehama,2021-01-29,358,4746,25,1265,333,3481,0,0,338,3825,20,459,338,4284,California
Tehama,2021-01-30,114,4860,2,1267,112,3593,0,0,113,3937,1,460,113,4397,California
Tehama,2021-01-31,1,4861,0,1267,1,3594,0,0,1,3938,0,460,1,4398,California
Tehama,2021-02-01,86,4947,22,1289,64,3658,0,0,38,3928,48,508,38,4436,California
Tehama,2021-02-02,376,5323,72,1361,304,3962,0,0,277,4106,99,607,277,4713,California
Tehama,2021-02-03,441,5764,16,1377,425,4387,0,0,387,4439,54,661,387,5100,California
Tehama,2021-02-04,539,6303,106,1483,433,4820,0,0,452,4805,87,748,453,5553,California
Tehama,2021-02-05,202,6505,75,1558,127,4947,0,0,137,4877,65,813,137,5690,California
Tehama,2021-02-06,44,6549,16,1574,28,4975,0,0,32,4897,12,825,32,5722,California
Tehama,2021-02-07,5,6554,4,1578,1,4976,0,0,2,4896,3,828,2,5724,California
Tehama,2021-02-08,49,6603,14,1592,35,5011,0,0,33,4913,16,844,33,5757,California
Tehama,2021-02-09,98,6701,49,1641,49,5060,0,0,55,4925,43,887,55,5812,California
Tehama,2021-02-10,262,6963,73,1714,189,5249,0,0,168,4999,94,981,168,5980,California
Tehama,2021-02-11,245,7208,18,1732,227,5476,0,0,93,4942,150,1131,93,6073,California
Tehama,2021-02-12,419,7627,81,1813,338,5814,0,0,194,4911,225,1356,194,6267,California
Tehama,2021-02-13,410,8037,18,1831,392,6206,0,0,158,4817,252,1608,158,6425,California
Tehama,2021-02-14,38,8075,2,1833,36,6242,0,0,35,4849,3,1611,35,6460,California
Tehama,2021-02-15,62,8137,10,1843,52,6294,0,0,54,4895,8,1619,54,6514,California
Tehama,2021-02-16,261,8398,22,1865,239,6533,0,0,71,4776,190,1809,71,6585,California
Tehama,2021-02-17,326,8724,21,1886,305,6838,0,0,65,4580,261,2070,65,6650,California
Tehama,2021-02-18,393,9117,37,1923,356,7194,0,0,149,4485,244,2314,149,6799,California
Tehama,2021-02-19,241,9358,29,1952,212,7406,0,0,50,4344,191,2505,50,6849,California
Tehama,2021-02-20,289,9647,8,1960,281,7687,0,0,33,4121,256,2761,33,6882,California
Tehama,2021-02-21,4,9651,1,1961,3,7690,0,0,2,4121,2,2763,2,6884,California
Tehama,2021-02-22,49,9700,17,1978,32,7722,0,0,29,4130,20,2783,29,6913,California
Tehama,2021-02-23,60,9760,24,2002,36,7758,0,0,29,4128,31,2814,29,6942,California
Tehama,2021-02-24,351,10111,28,2030,323,8081,0,0,39,3855,312,3126,39,6981,California
Tehama,2021-02-25,404,10515,60,2090,344,8425,0,0,42,3536,361,3487,42,7023,California
Tehama,2021-02-26,503,11018,21,2111,482,8907,0,0,79,3191,424,3911,79,7102,California
Tehama,2021-02-27,331,11349,6,2117,325,9232,0,0,38,2937,292,4203,38,7140,California
Tehama,2021-02-28,22,11371,2,2119,20,9252,0,0,19,2953,3,4206,19,7159,California
Tehama,2021-03-01,67,11438,7,2126,60,9312,0,0,32,2950,35,4241,32,7191,California
Tehama,2021-03-02,167,11605,22,2148,145,9457,0,0,37,2858,129,4370,37,7228,California
Tehama,2021-03-03,171,11776,33,2181,138,9595,0,0,55,2797,116,4486,55,7283,California
Tehama,2021-03-04,729,12505,64,2245,665,10260,0,0,257,2589,465,4951,257,7540,California
Tehama,2021-03-05,440,12945,25,2270,415,10675,0,0,227,2604,212,5163,227,7767,California
Tehama,2021-03-06,344,13289,19,2289,323,10998,2,2,89,2442,254,5417,92,7859,California
Tehama,2021-03-07,6,13295,1,2290,5,11003,0,2,4,2445,1,5418,4,7863,California
Tehama,2021-03-08,68,13363,11,2301,41,11044,16,18,27,2448,40,5458,43,7906,California
Tehama,2021-03-09,408,13771,17,2318,368,11412,23,41,346,2755,62,5520,369,8275,California
Tehama,2021-03-10,378,14149,23,2341,332,11744,23,64,76,2553,301,5821,99,8374,California
Tehama,2021-03-11,552,14701,27,2368,463,12207,62,126,386,2835,166,5987,448,8822,California
Tehama,2021-03-12,344,15045,28,2396,243,12450,73,199,197,2958,147,6134,270,9092,California
Tehama,2021-03-13,58,15103,10,2406,39,12489,9,208,9,2927,49,6183,18,9110,California
Tehama,2021-03-14,63,15166,2,2408,52,12541,9,217,21,2915,42,6225,30,9140,California
Tehama,2021-03-15,172,15338,23,2431,122,12663,27,244,87,2944,85,6310,114,9254,California
Tehama,2021-03-16,449,15787,19,2450,392,13055,38,282,341,3216,107,6417,379,9633,California
Tehama,2021-03-17,471,16258,33,2483,407,13462,31,313,382,3542,87,6504,413,10046,California
Tehama,2021-03-18,534,16792,38,2521,470,13932,26,339,350,3736,182,6686,376,10422,California
Tehama,2021-03-19,347,17139,26,2547,308,14240,13,352,304,4010,43,6729,317,10739,California
Tehama,2021-03-20,57,17196,16,2563,36,14276,5,357,39,4036,18,6747,44,10783,California
Tehama,2021-03-21,12,17208,5,2568,7,14283,0,357,12,4048,0,6747,12,10795,California
Tehama,2021-03-22,105,17313,10,2578,78,14361,17,374,60,4080,45,6792,77,10872,California
Tehama,2021-03-23,104,17417,35,2613,62,14423,7,381,76,4135,28,6820,83,10955,California
Tehama,2021-03-24,97,17514,16,2629,78,14501,3,384,61,4163,36,6856,64,11019,California
Tehama,2021-03-25,568,18082,397,3026,158,14659,13,397,518,4646,48,6904,531,11550,California
Tehama,2021-03-26,577,18659,453,3479,111,14770,13,410,488,5061,86,6990,501,12051,California
Tehama,2021-03-27,523,19182,406,3885,81,14851,36,446,441,5457,81,7071,477,12528,California
Tehama,2021-03-28,41,19223,16,3901,25,14876,0,446,25,5466,16,7087,25,12553,California
Tehama,2021-03-29,130,19353,30,3931,98,14974,2,448,82,5502,47,7134,83,12636,California
Tehama,2021-03-30,428,19781,253,4184,173,15147,2,450,284,5644,144,7278,286,12922,California
Tehama,2021-03-31,424,20205,317,4501,104,15251,3,453,342,5907,81,7359,344,13266,California
Tehama,2021-04-01,565,20770,272,4773,287,15538,6,459,422,6193,142,7501,428,13694,California
Tehama,2021-04-02,497,21267,239,5012,249,15787,9,468,301,6306,196,7697,309,14003,California
Tehama,2021-04-03,77,21344,10,5022,59,15846,8,476,39,6315,38,7735,47,14050,California
Tehama,2021-04-04,41,21385,9,5031,29,15875,3,479,27,6331,14,7749,30,14080,California
Tehama,2021-04-05,130,21515,22,5053,74,15949,34,513,65,6365,65,7814,99,14179,California
Tehama,2021-04-06,550,22065,120,5173,369,16318,61,574,149,6174,401,8215,210,14389,California
Tehama,2021-04-07,457,22522,309,5482,95,16413,53,627,328,6425,128,8343,379,14768,California
Tehama,2021-04-08,662,23184,196,5678,424,16837,42,669,249,6304,412,8755,291,15059,California
Tehama,2021-04-09,489,23673,229,5907,220,17057,40,709,248,6352,240,8995,288,15347,California
Tehama,2021-04-10,102,23775,26,5933,42,17099,34,743,52,6388,50,9045,86,15433,California
Tehama,2021-04-11,47,23822,10,5943,26,17125,11,754,11,6374,36,9081,22,15455,California
Tehama,2021-04-12,120,23942,6,5949,91,17216,23,777,43,6363,77,9158,66,15521,California
Tehama,2021-04-13,424,24366,76,6025,348,17564,0,777,70,6079,354,9512,70,15591,California
Tehama,2021-04-14,433,24799,56,6081,377,17941,0,777,50,5748,381,9893,50,15641,California
Tehama,2021-04-15,558,25357,208,6289,350,18291,0,777,84,5359,474,10367,85,15726,California
Tehama,2021-04-16,680,26037,396,6685,284,18575,0,777,92,4863,588,10955,92,15818,California
Tehama,2021-04-17,391,26428,299,6984,92,18667,0,777,55,4584,335,11290,56,15874,California
Tehama,2021-04-18,21,26449,7,6991,14,18681,0,777,14,4591,7,11297,14,15888,California
Tehama,2021-04-19,109,26558,7,6998,102,18783,0,777,47,4576,62,11359,47,15935,California
Tehama,2021-04-20,585,27143,485,7483,100,18883,0,777,170,4336,412,11771,172,16107,California
Tehama,2021-04-21,538,27681,457,7940,81,18964,0,777,174,4148,362,12133,174,16281,California
Tehama,2021-04-22,554,28235,390,8330,164,19128,0,777,154,3905,397,12530,154,16435,California
Tehama,2021-04-23,487,28722,375,8705,112,19240,0,777,212,3844,274,12804,213,16648,California
Tehama,2021-04-24,116,28838,23,8728,93,19333,0,777,27,3782,89,12893,27,16675,California
Tehama,2021-04-25,31,28869,20,8748,11,19344,0,777,10,3771,21,12914,10,16685,California
Tehama,2021-04-26,94,28963,12,8760,82,19426,0,777,53,3783,41,12955,53,16738,California
Tehama,2021-04-27,278,29241,221,8981,54,19480,3,780,105,3718,173,13128,108,16846,California
Tehama,2021-04-28,426,29667,346,9327,60,19540,20,800,72,3456,353,13481,91,16937,California
Tehama,2021-04-29,396,30063,188,9515,200,19740,8,808,76,3221,319,13800,84,17021,California
Tehama,2021-04-30,379,30442,283,9798,89,19829,7,815,132,3113,247,14047,139,17160,California
Tehama,2021-05-01,79,30521,4,9802,68,19897,7,822,15,3071,64,14111,22,17182,California
Tehama,2021-05-02,46,30567,24,9826,10,19907,12,834,26,3089,20,14131,38,17220,California
Tehama,2021-05-03,128,30695,41,9867,76,19983,11,845,66,3104,62,14193,77,17297,California
Tehama,2021-05-04,172,30867,59,9926,104,20087,9,854,72,3085,100,14293,81,17378,California
Tehama,2021-05-05,94,30961,24,9950,59,20146,11,865,41,3084,53,14346,52,17430,California
Tehama,2021-05-06,182,31143,98,10048,66,20212,18,883,112,3144,70,14416,130,17560,California
Tehama,2021-05-07,197,31340,84,10132,101,20313,12,895,55,3071,140,14556,67,17627,California
Tehama,2021-05-08,56,31396,9,10141,45,20358,2,897,16,3049,40,14596,18,17645,California
Tehama,2021-05-09,19,31415,5,10146,14,20372,0,897,9,3048,10,14606,9,17654,California
Tehama,2021-05-10,84,31499,6,10152,69,20441,9,906,39,3051,44,14650,47,17701,California
Tehama,2021-05-11,191,31690,134,10286,41,20482,16,922,33,2942,158,14808,49,17750,California
Tehama,2021-05-12,216,31906,139,10425,67,20549,10,932,49,2835,166,14974,59,17809,California
Tehama,2021-05-13,256,32162,169,10594,76,20625,11,943,115,2821,140,15114,126,17935,California
Tehama,2021-05-14,259,32421,143,10737,95,20720,21,964,64,2712,194,15308,85,18020,California
Tehama,2021-05-15,245,32666,143,10880,61,20781,41,1005,170,2849,74,15382,211,18231,California
Tehama,2021-05-16,28,32694,7,10887,18,20799,3,1008,16,2856,12,15394,19,18250,California
Tehama,2021-05-17,128,32822,35,10922,76,20875,17,1025,62,2870,65,15459,79,18329,California
Tehama,2021-05-18,161,32983,83,11005,62,20937,16,1041,49,2825,110,15569,65,18394,California
Tehama,2021-05-19,137,33120,60,11065,66,21003,11,1052,49,2797,88,15657,60,18454,California
Tehama,2021-05-20,346,33466,253,11318,70,21073,23,1075,243,2961,102,15759,266,18720,California
Tehama,2021-05-21,245,33711,115,11433,117,21190,13,1088,83,2898,159,15918,96,18816,California
Tehama,2021-05-22,69,33780,35,11468,30,21220,4,1092,41,2915,28,15946,45,18861,California
Tehama,2021-05-23,51,33831,24,11492,15,21235,12,1104,14,2904,37,15983,26,18887,California
Tehama,2021-05-24,104,33935,30,11522,65,21300,9,1113,32,2873,72,16055,41,18928,California
Tehama,2021-05-25,82,34017,21,11543,53,21353,8,1121,47,2893,34,16089,54,18982,California
Tehama,2021-05-26,82,34099,32,11575,47,21400,3,1124,54,2923,27,16116,57,19039,California
Tehama,2021-05-27,166,34265,101,11676,61,21461,4,1128,55,2873,109,16225,59,19098,California
Tehama,2021-05-28,146,34411,39,11715,98,21559,9,1137,69,2875,76,16301,78,19176,California
Tehama,2021-05-29,55,34466,9,11724,41,21600,5,1142,36,2897,19,16320,41,19217,California
Tehama,2021-05-30,16,34482,5,11729,10,21610,1,1143,8,2898,8,16328,9,19226,California
Tehama,2021-05-31,18,34500,2,11731,15,21625,1,1144,5,2891,13,16341,6,19232,California
Tehama,2021-06-01,105,34605,20,11751,65,21690,20,1164,35,2876,70,16411,55,19287,California
Tehama,2021-06-02,94,34699,32,11783,57,21747,5,1169,39,2865,55,16466,44,19331,California
Tehama,2021-06-03,144,34843,103,11886,29,21776,12,1181,32,2797,112,16578,44,19375,California
Tehama,2021-06-04,154,34997,39,11925,99,21875,16,1197,65,2788,88,16666,79,19454,California
Tehama,2021-06-05,162,35159,135,12060,23,21898,4,1201,30,2691,131,16797,34,19488,California
Tehama,2021-06-06,19,35178,9,12069,2,21900,8,1209,4,2688,15,16812,12,19500,California
Tehama,2021-06-07,75,35253,29,12098,44,21944,2,1211,21,2657,54,16866,23,19523,California
Tehama,2021-06-08,108,35361,34,12132,64,22008,10,1221,45,2651,61,16927,55,19578,California
Tehama,2021-06-09,94,35455,48,12180,43,22051,3,1224,45,2650,49,16976,48,19626,California
Tehama,2021-06-10,274,35729,223,12403,41,22092,10,1234,39,2465,234,17210,49,19675,California
Tehama,2021-06-11,150,35879,69,12472,73,22165,8,1242,57,2440,90,17300,65,19740,California
Tehama,2021-06-12,64,35943,40,12512,24,22189,0,1242,25,2426,39,17339,25,19765,California
Tehama,2021-06-13,22,35965,6,12518,10,22199,6,1248,5,2420,17,17356,11,19776,California
Tehama,2021-06-14,95,36060,21,12539,70,22269,4,1252,31,2391,64,17420,35,19811,California
Tehama,2021-06-15,81,36141,31,12570,39,22308,11,1263,31,2384,49,17469,42,19853,California
Tehama,2021-06-16,94,36235,63,12633,28,22336,3,1266,48,2389,46,17515,51,19904,California
Tehama,2021-06-17,124,36359,93,12726,18,22354,13,1279,76,2431,46,17561,88,19992,California
Tehama,2021-06-18,70,36429,36,12762,25,22379,9,1288,25,2420,45,17606,34,20026,California
Trinity,2020-12-17,4,4,4,4,0,0,0,0,4,4,0,0,4,4,California
Trinity,2020-12-18,2,6,2,6,0,0,0,0,2,6,0,0,2,6,California
Trinity,2020-12-21,39,45,39,45,0,0,0,0,39,45,0,0,39,45,California
Trinity,2020-12-22,4,49,4,49,0,0,0,0,4,49,0,0,4,49,California
Trinity,2020-12-23,6,55,5,54,1,1,0,0,6,55,0,0,6,55,California
Trinity,2020-12-28,31,86,31,85,0,1,0,0,31,86,0,0,31,86,California
Trinity,2020-12-29,8,94,7,92,1,2,0,0,8,94,0,0,8,94,California
Trinity,2020-12-30,10,104,8,100,2,4,0,0,10,104,0,0,10,104,California
Trinity,2020-12-31,2,106,1,101,1,5,0,0,2,106,0,0,2,106,California
Trinity,2021-01-04,28,134,0,101,28,33,0,0,27,133,0,0,27,133,California
Trinity,2021-01-05,2,136,1,102,1,34,0,0,2,135,0,0,2,135,California
Trinity,2021-01-06,24,160,4,106,20,54,0,0,20,151,4,4,20,155,California
Trinity,2021-01-08,49,209,2,108,47,101,0,0,48,197,2,6,48,203,California
Trinity,2021-01-11,41,250,38,146,3,104,0,0,4,164,37,43,4,207,California
Trinity,2021-01-12,10,260,6,152,4,108,0,0,5,164,5,48,5,212,California
Trinity,2021-01-13,7,267,4,156,3,111,0,0,4,165,3,51,4,216,California
Trinity,2021-01-14,4,271,1,157,3,114,0,0,4,169,0,51,4,220,California
Trinity,2021-01-15,5,276,0,157,5,119,0,0,5,174,0,51,5,225,California
Trinity,2021-01-16,2,278,0,157,2,121,0,0,2,176,0,51,2,227,California
Trinity,2021-01-18,31,309,31,188,0,121,0,0,0,145,31,82,0,227,California
Trinity,2021-01-19,35,344,15,203,20,141,0,0,21,152,14,96,21,248,California
Trinity,2021-01-20,20,364,3,206,17,158,0,0,17,166,3,99,17,265,California
Trinity,2021-01-21,17,381,7,213,10,168,0,0,17,183,0,99,17,282,California
Trinity,2021-01-22,5,386,1,214,4,172,0,0,5,188,0,99,5,287,California
Trinity,2021-01-23,7,393,3,217,4,176,0,0,7,195,0,99,7,294,California
Trinity,2021-01-25,14,407,1,218,13,189,0,0,13,207,1,100,13,307,California
Trinity,2021-01-26,10,417,1,219,9,198,0,0,9,215,1,101,9,316,California
Trinity,2021-01-27,12,429,0,219,12,210,0,0,12,227,0,101,12,328,California
Trinity,2021-01-28,13,442,3,222,10,220,0,0,10,234,3,104,10,338,California
Trinity,2021-01-29,2,444,0,222,2,222,0,0,1,234,1,105,1,339,California
Trinity,2021-01-30,12,456,11,233,1,223,0,0,12,246,0,105,12,351,California
Trinity,2021-02-01,2,458,1,234,1,224,0,0,1,246,1,106,1,352,California
Trinity,2021-02-02,15,473,3,237,12,236,0,0,14,259,1,107,14,366,California
Trinity,2021-02-03,6,479,1,238,5,241,0,0,4,261,2,109,4,370,California
Trinity,2021-02-04,41,520,32,270,9,250,0,0,34,288,7,116,34,404,California
Trinity,2021-02-05,351,871,0,270,351,601,0,0,320,577,31,147,320,724,California
Trinity,2021-02-06,211,1082,5,275,206,807,0,0,204,774,7,154,204,928,California
Trinity,2021-02-07,1,1083,0,275,1,808,0,0,1,775,0,154,1,929,California
Trinity,2021-02-08,28,1111,1,276,27,835,0,0,16,779,12,166,16,945,California
Trinity,2021-02-09,27,1138,2,278,25,860,0,0,10,772,17,183,10,955,California
Trinity,2021-02-10,122,1260,10,288,112,972,0,0,102,854,20,203,102,1057,California
Trinity,2021-02-11,338,1598,2,290,336,1308,0,0,331,1178,7,210,331,1388,California
Trinity,2021-02-12,19,1617,10,300,9,1317,0,0,14,1187,5,215,14,1402,California
Trinity,2021-02-13,11,1628,6,306,5,1322,0,0,6,1188,5,220,6,1408,California
Trinity,2021-02-14,2,1630,2,308,0,1322,0,0,2,1190,0,220,2,1410,California
Trinity,2021-02-15,47,1677,0,308,47,1369,0,0,47,1237,0,220,47,1457,California
Trinity,2021-02-16,4,1681,1,309,3,1372,0,0,2,1237,2,222,2,1459,California
Trinity,2021-02-17,94,1775,2,311,92,1464,0,0,84,1311,10,232,84,1543,California
Trinity,2021-02-18,3,1778,0,311,3,1467,0,0,1,1310,2,234,1,1544,California
Trinity,2021-02-19,308,2086,2,313,306,1773,0,0,294,1590,14,248,294,1838,California
Trinity,2021-02-20,143,2229,14,327,129,1902,0,0,115,1677,28,276,115,1953,California
Trinity,2021-02-21,1,2230,1,328,0,1902,0,0,1,1678,0,276,1,1954,California
Trinity,2021-02-22,8,2238,0,328,8,1910,0,0,5,1680,3,279,5,1959,California
Trinity,2021-02-23,10,2248,3,331,7,1917,0,0,5,1680,5,284,5,1964,California
Trinity,2021-02-24,30,2278,8,339,22,1939,0,0,7,1664,23,307,7,1971,California
Trinity,2021-02-25,37,2315,23,362,14,1953,0,0,5,1637,32,339,5,1976,California
Trinity,2021-02-26,11,2326,1,363,10,1963,0,0,5,1636,6,345,5,1981,California
Trinity,2021-02-27,10,2336,8,371,2,1965,0,0,4,1634,6,351,4,1985,California
Trinity,2021-03-01,10,2346,0,371,10,1975,0,0,5,1634,5,356,5,1990,California
Trinity,2021-03-02,9,2355,3,374,6,1981,0,0,2,1629,7,363,2,1992,California
Trinity,2021-03-03,5,2360,0,374,5,1986,0,0,4,1632,1,364,4,1996,California
Trinity,2021-03-04,23,2383,19,393,4,1990,0,0,10,1629,13,377,10,2006,California
Trinity,2021-03-05,389,2772,1,394,388,2378,0,0,121,1486,264,641,121,2127,California
Trinity,2021-03-06,203,2975,7,401,196,2574,0,0,27,1337,176,817,27,2154,California
Trinity,2021-03-07,4,2979,3,404,1,2575,0,0,3,1339,1,818,3,2157,California
Trinity,2021-03-08,4,2983,0,404,3,2578,1,1,1,1338,3,821,2,2159,California
Trinity,2021-03-09,99,3082,1,405,96,2674,2,3,93,1427,6,827,95,2254,California
Trinity,2021-03-10,126,3208,3,408,120,2794,3,6,38,1380,88,915,41,2295,California
Trinity,2021-03-11,16,3224,4,412,10,2804,2,8,5,1376,11,926,7,2302,California
Trinity,2021-03-12,399,3623,5,417,388,3192,6,14,97,1177,302,1228,103,2405,California
Trinity,2021-03-13,12,3635,7,424,3,3195,2,16,7,1181,5,1233,9,2414,California
Trinity,2021-03-14,4,3639,1,425,3,3198,0,16,3,1183,1,1234,3,2417,California
Trinity,2021-03-15,68,3707,0,425,67,3265,1,17,15,1146,53,1287,16,2433,California
Trinity,2021-03-16,116,3823,7,432,109,3374,0,17,103,1236,13,1300,103,2536,California
Trinity,2021-03-17,100,3923,3,435,97,3471,0,17,26,1188,74,1374,26,2562,California
Trinity,2021-03-18,9,3932,1,436,5,3476,3,20,4,1190,5,1379,7,2569,California
Trinity,2021-03-19,463,4395,4,440,349,3825,110,130,36,909,427,1806,146,2715,California
Trinity,2021-03-20,108,4503,7,447,101,3926,0,130,72,946,35,1841,72,2787,California
Trinity,2021-03-21,4,4507,0,447,3,3929,1,131,3,949,1,1842,4,2791,California
Trinity,2021-03-22,2,4509,0,447,2,3931,0,131,2,951,0,1842,2,2793,California
Trinity,2021-03-23,95,4604,2,449,93,4024,0,131,78,1012,17,1859,78,2871,California
Trinity,2021-03-24,12,4616,1,450,11,4035,0,131,9,1018,3,1862,9,2880,California
Trinity,2021-03-25,111,4727,8,458,97,4132,6,137,85,1083,26,1888,91,2971,California
Trinity,2021-03-26,84,4811,8,466,76,4208,0,137,77,1153,7,1895,77,3048,California
Trinity,2021-03-27,20,4831,4,470,7,4215,9,146,9,1160,11,1906,18,3066,California
Trinity,2021-03-28,5,4836,3,473,2,4217,0,146,1,1157,4,1910,1,3067,California
Trinity,2021-03-29,5,4841,0,473,5,4222,0,146,2,1156,3,1913,2,3069,California
Trinity,2021-03-30,77,4918,6,479,71,4293,0,146,66,1211,11,1924,66,3135,California
Trinity,2021-03-31,56,4974,5,484,18,4311,33,179,20,1227,36,1960,52,3187,California
Trinity,2021-04-01,40,5014,10,494,19,4330,11,190,21,1240,19,1979,32,3219,California
Trinity,2021-04-02,258,5272,5,499,178,4508,75,265,85,1228,172,2151,160,3379,California
Trinity,2021-04-03,17,5289,12,511,5,4513,0,265,7,1225,10,2161,7,3386,California
Trinity,2021-04-04,10,5299,8,519,2,4515,0,265,8,1231,2,2163,8,3394,California
Trinity,2021-04-05,60,5359,6,525,51,4566,3,268,54,1282,6,2169,57,3451,California
Trinity,2021-04-06,122,5481,15,540,104,4670,3,271,29,1221,93,2262,32,3483,California
Trinity,2021-04-07,26,5507,11,551,10,4680,5,276,19,1238,7,2269,24,3507,California
Trinity,2021-04-08,90,5597,11,562,77,4757,2,278,53,1256,37,2306,55,3562,California
Trinity,2021-04-09,168,5765,18,580,146,4903,4,282,90,1272,78,2384,94,3656,California
Trinity,2021-04-10,12,5777,7,587,5,4908,0,282,11,1282,1,2385,11,3667,California
Trinity,2021-04-11,10,5787,5,592,3,4911,2,284,4,1282,6,2391,6,3673,California
Trinity,2021-04-12,78,5865,5,597,72,4983,1,285,64,1333,13,2404,64,3737,California
Trinity,2021-04-13,104,5969,5,602,99,5082,0,285,11,1251,93,2497,11,3748,California
Trinity,2021-04-14,10,5979,5,607,5,5087,0,285,6,1253,4,2501,6,3754,California
Trinity,2021-04-15,45,6024,10,617,35,5122,0,285,15,1239,29,2530,15,3769,California
Trinity,2021-04-16,158,6182,13,630,145,5267,0,285,83,1248,74,2604,83,3852,California
Trinity,2021-04-17,11,6193,5,635,6,5273,0,285,9,1255,2,2606,9,3861,California
Trinity,2021-04-18,3,6196,1,636,2,5275,0,285,0,1252,3,2609,0,3861,California
Trinity,2021-04-19,67,6263,2,638,65,5340,0,285,66,1317,1,2610,66,3927,California
Trinity,2021-04-20,93,6356,8,646,85,5425,0,285,21,1266,72,2682,21,3948,California
Trinity,2021-04-21,22,6378,9,655,13,5438,0,285,9,1262,13,2695,9,3957,California
Trinity,2021-04-22,92,6470,5,660,87,5525,0,285,14,1198,78,2773,14,3971,California
Trinity,2021-04-23,181,6651,6,666,175,5700,0,285,112,1241,69,2842,112,4083,California
Trinity,2021-04-24,24,6675,13,679,11,5711,0,285,7,1231,17,2859,7,4090,California
Trinity,2021-04-25,10,6685,9,688,1,5712,0,285,3,1228,6,2865,3,4093,California
Trinity,2021-04-26,48,6733,9,697,39,5751,0,285,40,1260,8,2873,40,4133,California
Trinity,2021-04-27,86,6819,11,708,75,5826,0,285,23,1220,63,2936,23,4156,California
Trinity,2021-04-28,33,6852,11,719,22,5848,0,285,12,1211,21,2957,12,4168,California
Trinity,2021-04-29,34,6886,13,732,21,5869,0,285,12,1201,22,2979,12,4180,California
Trinity,2021-04-30,26,6912,21,753,5,5874,0,285,10,1196,15,2994,10,4190,California
Trinity,2021-05-01,14,6926,8,761,1,5875,5,290,4,1195,10,3004,9,4199,California
Trinity,2021-05-02,8,6934,5,766,1,5876,2,292,2,1193,6,3010,4,4203,California
Trinity,2021-05-03,58,6992,13,779,44,5920,1,293,9,1155,48,3058,10,4213,California
Trinity,2021-05-04,28,7020,11,790,16,5936,1,294,8,1144,20,3078,9,4222,California
Trinity,2021-05-05,11,7031,7,797,4,5940,0,294,4,1141,7,3085,4,4226,California
Trinity,2021-05-06,76,7107,11,808,62,6002,3,297,16,1100,60,3145,19,4245,California
Trinity,2021-05-07,181,7288,12,820,135,6137,34,331,14,981,167,3312,48,4293,California
Trinity,2021-05-08,7,7295,2,822,5,6142,0,331,2,978,5,3317,2,4295,California
Trinity,2021-05-09,11,7306,8,830,3,6145,0,331,7,981,4,3321,7,4302,California
Trinity,2021-05-10,14,7320,4,834,9,6154,1,332,7,982,7,3328,8,4310,California
Trinity,2021-05-11,8,7328,4,838,4,6158,0,332,6,986,2,3330,6,4316,California
Trinity,2021-05-12,19,7347,16,854,2,6160,1,333,14,996,5,3335,15,4331,California
Trinity,2021-05-13,15,7362,10,864,4,6164,1,334,9,1000,6,3341,10,4341,California
Trinity,2021-05-14,143,7505,19,883,96,6260,28,362,39,963,104,3445,67,4408,California
Trinity,2021-05-15,16,7521,11,894,4,6264,1,363,7,963,8,3453,8,4416,California
Trinity,2021-05-16,8,7529,6,900,2,6266,0,363,6,967,2,3455,6,4422,California
Trinity,2021-05-17,108,7637,20,920,86,6352,2,365,42,945,66,3521,44,4466,California
Trinity,2021-05-18,37,7674,7,927,29,6381,1,366,11,931,26,3547,12,4478,California
Trinity,2021-05-19,149,7823,17,944,103,6484,29,395,30,872,118,3665,59,4537,California
Trinity,2021-05-20,28,7851,21,965,4,6488,3,398,17,881,11,3676,20,4557,California
Trinity,2021-05-21,22,7873,14,979,8,6496,0,398,12,883,10,3686,12,4569,California
Trinity,2021-05-22,17,7890,14,993,3,6499,0,398,13,892,4,3690,13,4582,California
Trinity,2021-05-23,6,7896,4,997,2,6501,0,398,2,890,4,3694,2,4584,California
Trinity,2021-05-24,109,8005,12,1009,96,6597,1,399,8,799,100,3794,9,4593,California
Trinity,2021-05-25,39,8044,14,1023,25,6622,0,399,17,794,22,3816,17,4610,California
Trinity,2021-05-26,12,8056,6,1029,6,6628,0,399,4,790,8,3824,4,4614,California
Trinity,2021-05-27,30,8086,13,1042,12,6640,5,404,7,779,23,3847,12,4626,California
Trinity,2021-05-28,14,8100,10,1052,3,6643,1,405,7,780,7,3854,8,4634,California
Trinity,2021-05-29,10,8110,7,1059,2,6645,1,406,7,785,3,3857,8,4642,California
Trinity,2021-05-30,6,8116,5,1064,1,6646,0,406,0,779,6,3863,0,4642,California
Trinity,2021-05-31,4,8120,3,1067,1,6647,0,406,2,779,2,3865,2,4644,California
Trinity,2021-06-01,15,8135,8,1075,5,6652,2,408,4,775,10,3875,6,4650,California
Trinity,2021-06-02,24,8159,19,1094,3,6655,2,410,9,771,15,3890,11,4661,California
Trinity,2021-06-03,39,8198,13,1107,26,6681,0,410,13,758,26,3916,13,4674,California
Trinity,2021-06-04,45,8243,21,1128,16,6697,8,418,12,745,33,3949,20,4694,California
Trinity,2021-06-05,19,8262,18,1146,1,6698,0,418,13,752,6,3955,13,4707,California
Trinity,2021-06-06,9,8271,6,1152,2,6700,1,419,2,748,7,3962,3,4710,California
Trinity,2021-06-07,28,8299,19,1171,8,6708,1,420,12,745,16,3978,13,4723,California
Trinity,2021-06-08,15,8314,13,1184,1,6709,1,421,4,739,11,3989,5,4728,California
Trinity,2021-06-09,24,8338,14,1198,1,6710,9,430,5,734,19,4008,14,4742,California
Trinity,2021-06-10,21,8359,19,1217,2,6712,0,430,6,725,15,4023,6,4748,California
Trinity,2021-06-11,45,8404,10,1227,33,6745,2,432,14,710,31,4054,16,4764,California
Trinity,2021-06-12,9,8413,9,1236,0,6745,0,432,2,705,7,4061,2,4766,California
Trinity,2021-06-13,4,8417,4,1240,0,6745,0,432,1,703,3,4064,1,4767,California
Trinity,2021-06-14,43,8460,16,1256,27,6772,0,432,11,682,32,4096,11,4778,California
Trinity,2021-06-15,43,8503,21,1277,3,6775,19,451,9,676,34,4130,28,4806,California
Trinity,2021-06-16,11,8514,6,1283,5,6780,0,451,3,671,8,4138,3,4809,California
Trinity,2021-06-17,16,8530,13,1296,0,6780,3,454,5,669,10,4148,8,4817,California
Trinity,2021-06-18,9,8539,1,1297,6,6786,2,456,0,662,9,4157,2,4819,California
Tulare,2020-12-15,1,1,1,1,0,0,0,0,1,1,0,0,1,1,California
Tulare,2020-12-16,4,5,4,5,0,0,0,0,4,5,0,0,4,5,California
Tulare,2020-12-17,110,115,110,115,0,0,0,0,110,115,0,0,110,115,California
Tulare,2020-12-18,289,404,288,403,1,1,0,0,289,404,0,0,289,404,California
Tulare,2020-12-19,325,729,325,728,0,1,0,0,325,729,0,0,325,729,California
Tulare,2020-12-20,165,894,165,893,0,1,0,0,165,894,0,0,165,894,California
Tulare,2020-12-21,423,1317,423,1316,0,1,0,0,443,1337,0,0,443,1337,California
Tulare,2020-12-22,474,1791,473,1789,1,2,0,0,473,1810,0,0,473,1810,California
Tulare,2020-12-23,326,2117,318,2107,8,10,0,0,324,2134,0,0,324,2134,California
Tulare,2020-12-24,18,2135,16,2123,2,12,0,0,18,2152,0,0,18,2152,California
Tulare,2020-12-26,7,2142,6,2129,1,13,0,0,7,2159,0,0,7,2159,California
Tulare,2020-12-27,16,2158,12,2141,4,17,0,0,16,2175,0,0,16,2175,California
Tulare,2020-12-28,483,2641,470,2611,13,30,0,0,482,2657,0,0,482,2657,California
Tulare,2020-12-29,549,3190,477,3088,72,102,0,0,549,3206,0,0,549,3206,California
Tulare,2020-12-30,469,3659,425,3513,44,146,0,0,469,3675,0,0,469,3675,California
Tulare,2020-12-31,101,3760,23,3536,78,224,0,0,101,3776,0,0,101,3776,California
Tulare,2021-01-01,4,3764,1,3537,3,227,0,0,4,3780,0,0,4,3780,California
Tulare,2021-01-02,33,3797,20,3557,13,240,0,0,33,3813,0,0,33,3813,California
Tulare,2021-01-03,23,3820,9,3566,14,254,0,0,23,3836,0,0,23,3836,California
Tulare,2021-01-04,93,3913,16,3582,77,331,0,0,93,3929,0,0,93,3929,California
Tulare,2021-01-05,469,4382,279,3861,190,521,0,0,467,4394,2,2,467,4396,California
Tulare,2021-01-06,869,5251,634,4495,235,756,0,0,859,5243,10,12,859,5255,California
Tulare,2021-01-07,788,6039,590,5085,198,954,0,0,679,5813,109,121,679,5934,California
Tulare,2021-01-08,1296,7335,573,5658,723,1677,0,0,960,6438,335,456,960,6894,California
Tulare,2021-01-09,802,8137,202,5860,600,2277,0,0,615,6866,187,643,615,7509,California
Tulare,2021-01-10,51,8188,44,5904,7,2284,0,0,13,6841,38,681,13,7522,California
Tulare,2021-01-11,1276,9464,772,6676,504,2788,0,0,838,7241,438,1119,838,8360,California
Tulare,2021-01-12,1461,10925,510,7186,951,3739,0,0,1047,7876,413,1532,1048,9408,California
Tulare,2021-01-13,430,11355,201,7387,229,3968,0,0,355,8156,75,1607,355,9763,California
Tulare,2021-01-14,498,11853,146,7533,352,4320,0,0,472,8613,15,1622,472,10235,California
Tulare,2021-01-15,1706,13559,162,7695,1544,5864,0,0,1696,10299,10,1632,1696,11931,California
Tulare,2021-01-16,1936,15495,122,7817,1814,7678,0,0,1922,12207,14,1646,1922,13853,California
Tulare,2021-01-17,142,15637,122,7939,20,7698,0,0,132,12329,10,1656,132,13985,California
Tulare,2021-01-18,700,16337,664,8603,36,7734,0,0,301,12231,399,2055,301,14286,California
Tulare,2021-01-19,1027,17364,693,9296,334,8068,0,0,601,12406,426,2481,601,14887,California
Tulare,2021-01-20,2445,19809,614,9910,1831,9899,0,0,2032,14051,387,2868,2032,16919,California
Tulare,2021-01-21,1590,21399,186,10096,1404,11303,0,0,1562,15591,22,2890,1562,18481,California
Tulare,2021-01-22,1079,22478,191,10287,888,12191,0,0,1051,16615,27,2917,1051,19532,California
Tulare,2021-01-23,441,22919,157,10444,284,12475,0,0,420,17014,21,2938,420,19952,California
Tulare,2021-01-24,30,22949,27,10471,3,12478,0,0,28,17040,2,2940,28,19980,California
Tulare,2021-01-25,1355,24304,985,11456,370,12848,0,0,1305,18295,50,2990,1305,21285,California
Tulare,2021-01-26,1516,25820,1101,12557,415,13263,0,0,1176,19132,339,3329,1176,22461,California
Tulare,2021-01-27,1505,27325,1076,13633,429,13692,0,0,924,19476,580,3909,924,23385,California
Tulare,2021-01-28,1219,28544,777,14410,442,14134,0,0,819,19895,400,4309,819,24204,California
Tulare,2021-01-29,1139,29683,724,15134,415,14549,0,0,827,20410,312,4621,827,25031,California
Tulare,2021-01-30,1687,31370,1593,16727,94,14643,0,0,1664,22052,23,4644,1665,26696,California
Tulare,2021-01-31,69,31439,64,16791,5,14648,0,0,66,22115,3,4647,66,26762,California
Tulare,2021-02-01,1197,32636,918,17709,279,14927,0,0,834,22587,362,5009,834,27596,California
Tulare,2021-02-02,706,33342,351,18060,355,15282,0,0,459,22802,245,5254,460,28056,California
Tulare,2021-02-03,576,33918,243,18303,333,15615,0,0,328,22902,228,5482,328,28384,California
Tulare,2021-02-04,577,34495,172,18475,405,16020,0,0,285,22897,291,5773,286,28670,California
Tulare,2021-02-05,1244,35739,238,18713,1006,17026,0,0,405,22465,837,6610,405,29075,California
Tulare,2021-02-06,842,36581,165,18878,677,17703,0,0,207,22039,633,7243,207,29282,California
Tulare,2021-02-07,83,36664,70,18948,13,17716,0,0,22,22000,61,7304,22,29304,California
Tulare,2021-02-08,950,37614,330,19278,620,18336,0,0,242,21536,706,8010,242,29546,California
Tulare,2021-02-09,1439,39053,338,19616,1101,19437,0,0,359,20821,1074,9084,359,29905,California
Tulare,2021-02-10,2487,41540,1995,21611,492,19929,0,0,2087,22509,399,9483,2087,31992,California
Tulare,2021-02-11,1340,42880,380,21991,960,20889,0,0,915,22999,425,9908,915,32907,California
Tulare,2021-02-12,2795,45675,574,22565,2221,23110,0,0,1192,22595,1596,11504,1192,34099,California
Tulare,2021-02-13,2487,48162,158,22723,2329,25439,0,0,648,21408,1835,13339,648,34747,California
Tulare,2021-02-14,337,48499,39,22762,298,25737,0,0,300,21671,37,13376,300,35047,California
Tulare,2021-02-15,924,49423,292,23054,632,26369,0,0,661,22070,262,13638,661,35708,California
Tulare,2021-02-16,2860,52283,1604,24658,1256,27625,0,0,1094,21400,1765,15403,1095,36803,California
Tulare,2021-02-17,2734,55017,519,25177,2215,29840,0,0,467,19607,2260,17663,467,37270,California
Tulare,2021-02-18,2342,57359,452,25629,1890,31730,0,0,641,18556,1692,19355,641,37911,California
Tulare,2021-02-19,2336,59695,881,26510,1455,33185,0,0,959,18140,1375,20730,959,38870,California
Tulare,2021-02-20,3006,62701,1898,28408,1108,34293,0,0,1269,17677,1732,22462,1269,40139,California
Tulare,2021-02-21,96,62797,93,28501,3,34296,0,0,49,17680,46,22508,49,40188,California
Tulare,2021-02-22,1114,63911,704,29205,410,34706,0,0,215,16997,898,23406,215,40403,California
Tulare,2021-02-23,1975,65886,954,30159,1021,35727,0,0,1474,17972,499,23905,1474,41877,California
Tulare,2021-02-24,2497,68383,1557,31716,940,36667,0,0,2122,19721,374,24279,2123,44000,California
Tulare,2021-02-25,3550,71933,1996,33712,1554,38221,0,0,3129,22435,417,24696,3131,47131,California
Tulare,2021-02-26,3894,75827,1913,35625,1981,40202,0,0,3420,25383,472,25168,3420,50551,California
Tulare,2021-02-27,3027,78854,1513,37138,1514,41716,0,0,2892,28152,123,25291,2892,53443,California
Tulare,2021-02-28,1315,80169,1043,38181,272,41988,0,0,1295,29430,17,25308,1295,54738,California
Tulare,2021-03-01,1803,81972,807,38988,996,42984,0,0,1605,30839,196,25504,1605,56343,California
Tulare,2021-03-02,2797,84769,1280,40268,1517,44501,0,0,2623,33291,172,25676,2624,58967,California
Tulare,2021-03-03,4123,88892,2761,43029,1361,45862,1,1,2158,33492,1962,27638,2163,61130,California
Tulare,2021-03-04,3007,91899,1355,44384,1652,47514,0,1,2661,35812,341,27979,2661,63791,California
Tulare,2021-03-05,3472,95371,1776,46160,1681,49195,15,16,2954,38270,515,28494,2973,66764,California
Tulare,2021-03-06,3108,98479,1453,47613,1595,50790,60,76,2854,40931,251,28745,2912,69676,California
Tulare,2021-03-07,1144,99623,708,48321,415,51205,21,97,1103,42015,40,28785,1124,70800,California
Tulare,2021-03-08,1728,101351,1011,49332,548,51753,169,266,1400,43260,323,29108,1568,72368,California
Tulare,2021-03-09,3291,104642,2256,51588,884,52637,151,417,2861,45842,429,29537,3011,75379,California
Tulare,2021-03-10,2995,107637,1417,53005,1403,54040,175,592,2589,48207,397,29934,2762,78141,California
Tulare,2021-03-11,4255,111892,2008,55013,1939,55979,308,900,3294,50849,961,30895,3603,81744,California
Tulare,2021-03-12,4462,116354,2441,57454,1664,57643,357,1257,3166,53084,1288,32183,3523,85267,California
Tulare,2021-03-13,4188,120542,1961,59415,2122,59765,105,1362,3231,55469,951,33134,3336,88603,California
Tulare,2021-03-14,1865,122407,990,60405,655,60420,220,1582,1336,56494,528,33662,1553,90156,California
Tulare,2021-03-15,2777,125184,1650,62055,1010,61430,117,1699,1998,57835,776,34438,2117,92273,California
Tulare,2021-03-16,3471,128655,2126,64181,1266,62696,79,1778,1901,58252,1566,36004,1983,94256,California
Tulare,2021-03-17,4102,132757,2674,66855,1353,64049,75,1853,2340,58917,1756,37760,2421,96677,California
Tulare,2021-03-18,4681,137438,3412,70267,1196,65245,73,1926,2476,59274,2197,39957,2554,99231,California
Tulare,2021-03-19,5132,142570,3372,73639,1562,66807,198,2124,2734,59830,2378,42335,2934,102165,California
Tulare,2021-03-20,4527,147097,2821,76460,1333,68140,373,2497,2081,59850,2438,44773,2458,104623,California
Tulare,2021-03-21,2001,149098,1711,78171,264,68404,26,2523,1056,59990,941,45714,1081,105704,California
Tulare,2021-03-22,2585,151683,1789,79960,683,69087,113,2636,1703,60932,876,46590,1818,107522,California
Tulare,2021-03-23,3773,155456,2168,82128,1554,70641,51,2687,2066,61360,1696,48286,2124,109646,California
Tulare,2021-03-24,3222,158678,1999,84127,1181,71822,42,2729,1726,61641,1488,49774,1769,111415,California
Tulare,2021-03-25,3507,162185,1826,85953,1516,73338,165,2894,1683,61675,1816,51590,1850,113265,California
Tulare,2021-03-26,5301,167486,3162,89115,2026,75364,113,3007,2559,61623,2724,54314,2672,115937,California
Tulare,2021-03-27,3562,171048,1826,90941,1636,77000,100,3107,997,60162,2557,56871,1096,117033,California
Tulare,2021-03-28,1479,172527,1074,92015,374,77374,31,3138,678,60082,799,57670,719,117752,California
Tulare,2021-03-29,2896,175423,1679,93694,1109,78483,108,3246,1230,59760,1662,59332,1340,119092,California
Tulare,2021-03-30,4955,180378,2806,96500,1914,80397,235,3481,1546,58134,3399,62731,1773,120865,California
Tulare,2021-03-31,4008,184386,2368,98868,1525,81922,115,3596,1569,57388,2431,65162,1685,122550,California
Tulare,2021-04-01,4558,188944,2473,101341,2020,83942,65,3661,1566,56038,2982,68144,1632,124182,California
Tulare,2021-04-02,5402,194346,3079,104420,2201,86143,122,3783,1594,53963,3792,71936,1717,125899,California
Tulare,2021-04-03,3647,197993,2110,106530,1163,87306,374,4157,841,52408,2768,74704,1213,127112,California
Tulare,2021-04-04,1636,199629,1149,107679,480,87786,7,4164,359,51501,1273,75977,366,127478,California
Tulare,2021-04-05,3379,203008,2355,110034,753,88539,271,4435,855,50118,2511,78488,1128,128606,California
Tulare,2021-04-06,3455,206463,1476,111510,1479,90018,500,4935,932,49037,2515,81003,1434,130040,California
Tulare,2021-04-07,3940,210403,1862,113372,1638,91656,440,5375,1194,47926,2736,83739,1625,131665,California
Tulare,2021-04-08,4833,215236,2643,116015,1725,93381,465,5840,1543,46653,3277,87016,2004,133669,California
Tulare,2021-04-09,4876,220112,3007,119022,1426,94807,443,6283,1835,45899,3033,90049,2279,135948,California
Tulare,2021-04-10,3878,223990,2093,121115,1463,96270,322,6605,948,44244,2921,92970,1266,137214,California
Tulare,2021-04-11,1594,225584,1055,122170,465,96735,74,6679,496,43718,1096,94066,570,137784,California
Tulare,2021-04-12,3437,229021,2142,124312,695,97430,600,7279,1077,43045,2351,96417,1678,139462,California
Tulare,2021-04-13,2426,231447,1601,125913,815,98245,10,7289,906,42455,1509,97926,919,140381,California
Tulare,2021-04-14,2903,234350,1710,127623,1193,99438,0,7289,921,41403,1977,99903,925,141306,California
Tulare,2021-04-15,3346,237696,2179,129802,1167,100605,0,7289,1503,41079,1831,101734,1507,142813,California
Tulare,2021-04-16,3724,241420,2251,132053,1473,102078,0,7289,1508,40393,2203,103937,1517,144330,California
Tulare,2021-04-17,2255,243675,1333,133386,922,103000,0,7289,1190,40527,1061,104998,1195,145525,California
Tulare,2021-04-18,1555,245230,1216,134602,339,103339,0,7289,833,40648,721,105719,842,146367,California
Tulare,2021-04-19,2162,247392,1242,135844,917,104256,3,7292,907,40315,1251,106970,918,147285,California
Tulare,2021-04-20,2350,249742,1323,137167,1027,105283,0,7292,995,39971,1341,108311,997,148282,California
Tulare,2021-04-21,2217,251959,1337,138504,880,106163,0,7292,815,39424,1363,109674,816,149098,California
Tulare,2021-04-22,2134,254093,1187,139691,947,107110,0,7292,732,38773,1383,111057,732,149830,California
Tulare,2021-04-23,2602,256695,1592,141283,1009,108119,1,7293,1023,38229,1568,112625,1024,150854,California
Tulare,2021-04-24,1651,258346,1056,142339,593,108712,2,7295,855,38295,791,113416,857,151711,California
Tulare,2021-04-25,702,259048,528,142867,174,108886,0,7295,269,38131,433,113849,269,151980,California
Tulare,2021-04-26,1530,260578,920,143787,591,109477,19,7314,642,37909,881,114730,659,152639,California
Tulare,2021-04-27,1678,262256,681,144468,958,110435,39,7353,715,37703,959,115689,753,153392,California
Tulare,2021-04-28,1717,263973,978,145446,697,111132,42,7395,674,37380,1038,116727,715,154107,California
Tulare,2021-04-29,2018,265991,1205,146651,773,111905,40,7435,783,36978,1223,117950,821,154928,California
Tulare,2021-04-30,2449,268440,1782,148433,617,112522,50,7485,903,36392,1538,119488,952,155880,California
Tulare,2021-05-01,1430,269870,1231,149664,187,112709,12,7497,730,36444,690,120178,742,156622,California
Tulare,2021-05-02,591,270461,502,150166,72,112781,17,7514,190,36252,398,120576,206,156828,California
Tulare,2021-05-03,1627,272088,1100,151266,402,113183,125,7639,350,35457,1270,121846,475,157303,California
Tulare,2021-05-04,1564,273652,837,152103,657,113840,70,7709,628,35225,927,122773,695,157998,California
Tulare,2021-05-05,1286,274938,622,152725,573,114413,91,7800,447,34935,828,123601,538,158536,California
Tulare,2021-05-06,1976,276914,1332,154057,595,115008,49,7849,593,34202,1375,124976,642,159178,California
Tulare,2021-05-07,1842,278756,1250,155307,524,115532,68,7917,526,33487,1308,126284,593,159771,California
Tulare,2021-05-08,1235,279991,809,156116,401,115933,25,7942,526,33336,702,126986,551,160322,California
Tulare,2021-05-09,595,280586,470,156586,104,116037,21,7963,117,33002,473,127459,139,160461,California
Tulare,2021-05-10,1027,281613,593,157179,369,116406,65,8028,311,32664,714,128173,376,160837,California
Tulare,2021-05-11,1260,282873,638,157817,538,116944,84,8112,525,32545,728,128901,609,161446,California
Tulare,2021-05-12,1584,284457,1019,158836,508,117452,57,8169,433,31898,1136,130037,489,161935,California
Tulare,2021-05-13,1561,286018,989,159825,533,117985,39,8208,699,31777,858,130895,737,162672,California
Tulare,2021-05-14,1935,287953,1245,161070,626,118611,64,8272,864,31646,1058,131953,927,163599,California
Tulare,2021-05-15,1570,289523,884,161954,639,119250,47,8319,670,31465,892,132845,711,164310,California
Tulare,2021-05-16,700,290223,559,162513,129,119379,12,8331,326,31431,372,133217,338,164648,California
Tulare,2021-05-17,1544,291767,958,163471,513,119892,73,8404,738,31443,799,134016,811,165459,California
Tulare,2021-05-18,1590,293357,863,164334,672,120564,55,8459,799,31509,786,134802,852,166311,California
Tulare,2021-05-19,1479,294836,954,165288,492,121056,33,8492,771,31611,702,135504,804,167115,California
Tulare,2021-05-20,1594,296430,1078,166366,429,121485,87,8579,772,31651,818,136322,858,167973,California
Tulare,2021-05-21,1952,298382,1428,167794,483,121968,41,8620,1069,31886,875,137197,1110,169083,California
Tulare,2021-05-22,1605,299987,1145,168939,437,122405,23,8643,604,31521,993,138190,628,169711,California
Tulare,2021-05-23,396,300383,313,169252,74,122479,9,8652,200,31536,194,138384,209,169920,California
Tulare,2021-05-24,914,301297,553,169805,299,122778,62,8714,406,31498,506,138890,468,170388,California
Tulare,2021-05-25,1186,302483,708,170513,446,123224,32,8746,507,31364,673,139563,539,170927,California
Tulare,2021-05-26,883,303366,489,171002,352,123576,42,8788,403,31333,475,140038,444,171371,California
Tulare,2021-05-27,1276,304642,808,171810,437,124013,31,8819,595,31283,678,140716,628,171999,California
Tulare,2021-05-28,1185,305827,660,172470,476,124489,49,8868,630,31412,549,141265,678,172677,California
Tulare,2021-05-29,870,306697,643,173113,208,124697,19,8887,500,31563,368,141633,519,173196,California
Tulare,2021-05-30,286,306983,207,173320,71,124768,8,8895,165,31617,119,141752,173,173369,California
Tulare,2021-05-31,130,307113,50,173370,69,124837,11,8906,54,31607,75,141827,65,173434,California
Tulare,2021-06-01,1054,308167,627,173997,396,125233,31,8937,405,31401,641,142468,435,173869,California
Tulare,2021-06-02,797,308964,469,174466,295,125528,33,8970,365,31376,421,142889,396,174265,California
Tulare,2021-06-03,1146,310110,813,175279,275,125803,58,9028,423,31153,703,143592,480,174745,California
Tulare,2021-06-04,1168,311278,835,176114,301,126104,32,9060,394,30809,770,144362,426,175171,California
Tulare,2021-06-05,874,312152,695,176809,164,126268,15,9075,298,30549,573,144935,313,175484,California
Tulare,2021-06-06,419,312571,354,177163,46,126314,19,9094,138,30426,280,145215,157,175641,California
Tulare,2021-06-07,887,313458,696,177859,153,126467,38,9132,288,30155,596,145811,325,175966,California
Tulare,2021-06-08,1052,314510,776,178635,213,126680,63,9195,353,29877,694,146505,416,176382,California
Tulare,2021-06-09,1078,315588,757,179392,287,126967,34,9229,344,29524,729,147234,376,176758,California
Tulare,2021-06-10,1104,316692,890,180282,179,127146,35,9264,385,29226,717,147951,419,177177,California
Tulare,2021-06-11,1232,317924,885,181167,312,127458,35,9299,384,28807,838,148789,419,177596,California
Tulare,2021-06-12,949,318873,736,181903,202,127660,11,9310,329,28533,614,149403,340,177936,California
Tulare,2021-06-13,290,319163,202,182105,85,127745,3,9313,80,28407,209,149612,83,178019,California
Tulare,2021-06-14,770,319933,565,182670,179,127924,26,9339,299,28266,466,150078,325,178344,California
Tulare,2021-06-15,979,320912,661,183331,288,128212,30,9369,432,28187,541,150619,462,178806,California
Tulare,2021-06-16,818,321730,557,183888,222,128434,39,9408,355,28122,460,151079,395,179201,California
Tulare,2021-06-17,864,322594,624,184512,220,128654,20,9428,321,27922,541,151620,341,179542,California
Tulare,2021-06-18,475,323069,331,184843,125,128779,19,9447,140,27747,333,151953,158,179700,California
Tuolumne,2020-12-16,47,47,47,47,0,0,0,0,47,47,0,0,47,47,California
Tuolumne,2020-12-17,18,65,18,65,0,0,0,0,18,65,0,0,18,65,California
Tuolumne,2020-12-18,101,166,100,165,1,1,0,0,101,166,0,0,101,166,California
Tuolumne,2020-12-19,4,170,4,169,0,1,0,0,4,170,0,0,4,170,California
Tuolumne,2020-12-20,2,172,2,171,0,1,0,0,2,172,0,0,2,172,California
Tuolumne,2020-12-21,116,288,102,273,14,15,0,0,116,288,0,0,116,288,California
Tuolumne,2020-12-22,170,458,170,443,0,15,0,0,170,458,0,0,170,458,California
Tuolumne,2020-12-23,184,642,182,625,2,17,0,0,184,642,0,0,184,642,California
Tuolumne,2020-12-25,1,643,1,626,0,17,0,0,1,643,0,0,1,643,California
Tuolumne,2020-12-26,2,645,2,628,0,17,0,0,2,645,0,0,2,645,California
Tuolumne,2020-12-28,76,721,74,702,2,19,0,0,76,721,0,0,76,721,California
Tuolumne,2020-12-29,102,823,39,741,63,82,0,0,102,823,0,0,102,823,California
Tuolumne,2020-12-30,79,902,22,763,57,139,0,0,79,902,0,0,79,902,California
Tuolumne,2020-12-31,27,929,20,783,7,146,0,0,27,929,0,0,27,929,California
Tuolumne,2021-01-01,6,935,5,788,1,147,0,0,6,935,0,0,6,935,California
Tuolumne,2021-01-02,118,1053,116,904,2,149,0,0,118,1053,0,0,118,1053,California
Tuolumne,2021-01-03,2,1055,2,906,0,149,0,0,2,1055,0,0,2,1055,California
Tuolumne,2021-01-04,69,1124,26,932,43,192,0,0,69,1124,0,0,69,1124,California
Tuolumne,2021-01-05,94,1218,27,959,67,259,0,0,91,1213,3,3,92,1216,California
Tuolumne,2021-01-06,132,1350,71,1030,61,320,0,0,68,1217,64,67,68,1284,California
Tuolumne,2021-01-07,120,1470,63,1093,57,377,0,0,65,1227,55,122,65,1349,California
Tuolumne,2021-01-08,105,1575,82,1175,23,400,0,0,26,1176,78,200,27,1376,California
Tuolumne,2021-01-09,2,1577,0,1175,2,402,0,0,2,1178,0,200,2,1378,California
Tuolumne,2021-01-10,3,1580,1,1176,2,404,0,0,3,1181,0,200,3,1381,California
Tuolumne,2021-01-11,114,1694,88,1264,26,430,0,0,34,1135,80,280,34,1415,California
Tuolumne,2021-01-12,101,1795,85,1349,16,446,0,0,18,1070,83,363,18,1433,California
Tuolumne,2021-01-13,231,2026,125,1474,106,552,0,0,182,1204,49,412,183,1616,California
Tuolumne,2021-01-14,148,2174,108,1582,40,592,0,0,43,1143,104,516,43,1659,California
Tuolumne,2021-01-15,477,2651,75,1657,402,994,0,0,414,1496,62,578,415,2074,California
Tuolumne,2021-01-16,7,2658,3,1660,4,998,0,0,6,1501,1,579,6,2080,California
Tuolumne,2021-01-17,8,2666,4,1664,4,1002,0,0,8,1509,0,579,8,2088,California
Tuolumne,2021-01-18,46,2712,38,1702,8,1010,0,0,9,1482,36,615,9,2097,California
Tuolumne,2021-01-19,480,3192,75,1777,405,1415,0,0,434,1870,46,661,434,2531,California
Tuolumne,2021-01-20,76,3268,58,1835,18,1433,0,0,24,1843,51,712,24,2555,California
Tuolumne,2021-01-21,57,3325,24,1859,33,1466,0,0,41,1868,16,728,41,2596,California
Tuolumne,2021-01-22,170,3495,17,1876,153,1619,0,0,162,2022,8,736,162,2758,California
Tuolumne,2021-01-23,653,4148,134,2010,519,2138,0,0,546,2474,107,843,559,3317,California
Tuolumne,2021-01-24,523,4671,2,2012,521,2659,0,0,520,2993,3,846,522,3839,California
Tuolumne,2021-01-25,50,4721,28,2040,22,2681,0,0,24,2992,26,872,25,3864,California
Tuolumne,2021-01-26,79,4800,68,2108,11,2692,0,0,40,2993,39,911,40,3904,California
Tuolumne,2021-01-27,61,4861,4,2112,57,2749,0,0,8,2949,52,963,8,3912,California
Tuolumne,2021-01-28,26,4887,6,2118,20,2769,0,0,17,2957,9,972,17,3929,California
Tuolumne,2021-01-29,70,4957,5,2123,65,2834,0,0,32,2951,38,1010,32,3961,California
Tuolumne,2021-01-30,711,5668,553,2676,158,2992,0,0,689,3635,22,1032,706,4667,California
Tuolumne,2021-01-31,8,5676,2,2678,6,2998,0,0,5,3637,3,1035,5,4672,California
Tuolumne,2021-02-01,27,5703,7,2685,20,3018,0,0,24,3658,3,1038,24,4696,California
Tuolumne,2021-02-02,654,6357,46,2731,608,3626,0,0,640,4287,11,1049,640,5336,California
Tuolumne,2021-02-03,244,6601,113,2844,131,3757,0,0,89,4221,155,1204,89,5425,California
Tuolumne,2021-02-04,123,6724,13,2857,110,3867,0,0,61,4220,62,1266,61,5486,California
Tuolumne,2021-02-05,101,6825,14,2871,87,3954,0,0,35,4190,65,1331,35,5521,California
Tuolumne,2021-02-06,858,7683,581,3452,277,4231,0,0,849,5036,9,1340,855,6376,California
Tuolumne,2021-02-07,8,7691,4,3456,4,4235,0,0,4,5036,4,1344,4,6380,California
Tuolumne,2021-02-08,92,7783,41,3497,51,4286,0,0,68,5080,24,1368,68,6448,California
Tuolumne,2021-02-09,865,8648,52,3549,813,5099,0,0,822,5859,43,1411,822,7270,California
Tuolumne,2021-02-10,92,8740,17,3566,75,5174,0,0,31,5830,60,1471,31,7301,California
Tuolumne,2021-02-11,143,8883,68,3634,75,5249,0,0,78,5843,65,1536,78,7379,California
Tuolumne,2021-02-12,650,9533,20,3654,630,5879,0,0,208,5610,441,1977,208,7587,California
Tuolumne,2021-02-13,152,9685,41,3695,111,5990,0,0,121,5701,30,2007,121,7708,California
Tuolumne,2021-02-14,152,9837,14,3709,138,6128,0,0,150,5849,2,2009,150,7858,California
Tuolumne,2021-02-15,189,10026,11,3720,178,6306,0,0,180,6020,9,2018,180,8038,California
Tuolumne,2021-02-16,531,10557,18,3738,513,6819,0,0,122,5739,405,2423,124,8162,California
Tuolumne,2021-02-17,110,10667,62,3800,48,6867,0,0,60,5750,49,2472,60,8222,California
Tuolumne,2021-02-18,683,11350,27,3827,656,7523,0,0,631,6330,52,2524,632,8854,California
Tuolumne,2021-02-19,142,11492,22,3849,120,7643,0,0,42,6272,100,2624,42,8896,California
Tuolumne,2021-02-20,906,12398,341,4190,565,8208,0,0,383,6150,508,3132,386,9282,California
Tuolumne,2021-02-21,981,13379,41,4231,940,9148,0,0,471,6118,507,3639,475,9757,California
Tuolumne,2021-02-22,79,13458,57,4288,22,9170,0,0,45,6130,33,3672,45,9802,California
Tuolumne,2021-02-23,48,13506,25,4313,23,9193,0,0,25,6133,22,3694,25,9827,California
Tuolumne,2021-02-24,105,13611,58,4371,47,9240,0,0,42,6114,62,3756,43,9870,California
Tuolumne,2021-02-25,1052,14663,34,4405,1018,10258,0,0,1019,7101,33,3789,1020,10890,California
Tuolumne,2021-02-26,151,14814,11,4416,140,10398,0,0,125,7201,26,3815,126,11016,California
Tuolumne,2021-02-27,957,15771,580,4996,377,10775,0,0,251,6767,688,4503,254,11270,California
Tuolumne,2021-02-28,56,15827,4,5000,52,10827,0,0,52,6816,3,4506,52,11322,California
Tuolumne,2021-03-01,115,15942,21,5021,93,10920,1,1,78,6860,36,4542,80,11402,California
Tuolumne,2021-03-02,709,16651,74,5095,635,11555,0,1,106,6363,603,5145,106,11508,California
Tuolumne,2021-03-03,94,16745,20,5115,74,11629,0,1,66,6402,27,5172,66,11574,California
Tuolumne,2021-03-04,1174,17919,76,5191,1098,12727,0,1,1108,7444,66,5238,1108,12682,California
Tuolumne,2021-03-05,91,18010,10,5201,81,12808,0,1,53,7461,37,5275,54,12736,California
Tuolumne,2021-03-06,1062,19072,606,5807,454,13262,2,3,205,6823,850,6125,212,12948,California
Tuolumne,2021-03-07,40,19112,12,5819,14,13276,14,17,18,6833,22,6147,32,12980,California
Tuolumne,2021-03-08,197,19309,90,5909,100,13376,7,24,139,6921,58,6205,146,13126,California
Tuolumne,2021-03-09,859,20168,15,5924,833,14209,11,35,66,6212,787,6992,78,13204,California
Tuolumne,2021-03-10,78,20246,11,5935,56,14265,11,46,54,6253,24,7016,65,13269,California
Tuolumne,2021-03-11,1287,21533,39,5974,1242,15507,6,52,1258,7490,29,7045,1266,14535,California
Tuolumne,2021-03-12,298,21831,34,6008,249,15756,15,67,189,7589,108,7153,207,14742,California
Tuolumne,2021-03-13,113,21944,13,6021,100,15856,0,67,82,7642,30,7183,83,14825,California
Tuolumne,2021-03-14,148,22092,10,6031,129,15985,9,76,7,7522,141,7324,21,14846,California
Tuolumne,2021-03-15,302,22394,82,6113,217,16202,3,79,104,7440,197,7521,115,14961,California
Tuolumne,2021-03-16,807,23201,41,6154,755,16957,11,90,669,7983,137,7658,680,15641,California
Tuolumne,2021-03-17,153,23354,33,6187,107,17064,13,103,79,8002,73,7731,92,15733,California
Tuolumne,2021-03-18,949,24303,28,6215,908,17972,13,116,317,7705,627,8358,330,16063,California
Tuolumne,2021-03-19,134,24437,17,6232,87,18059,30,146,73,7748,60,8418,103,16166,California
Tuolumne,2021-03-20,95,24532,8,6240,77,18136,10,156,41,7745,53,8471,50,16216,California
Tuolumne,2021-03-21,835,25367,391,6631,434,18570,10,166,41,7015,782,9253,52,16268,California
Tuolumne,2021-03-22,163,25530,73,6704,71,18641,19,185,96,7065,66,9319,116,16384,California
Tuolumne,2021-03-23,712,26242,637,7341,61,18702,14,199,674,7715,37,9356,687,17071,California
Tuolumne,2021-03-24,109,26351,20,7361,71,18773,18,217,75,7775,33,9389,93,17164,California
Tuolumne,2021-03-25,1301,27652,24,7385,1274,20047,3,220,327,7134,971,10360,330,17494,California
Tuolumne,2021-03-26,277,27929,17,7402,236,20283,24,244,115,7124,150,10510,140,17634,California
Tuolumne,2021-03-27,581,28510,54,7456,527,20810,0,244,316,7179,263,10773,318,17952,California
Tuolumne,2021-03-28,46,28556,5,7461,41,20851,0,244,7,7149,38,10811,8,17960,California
Tuolumne,2021-03-29,207,28763,83,7544,124,20975,0,244,109,7163,95,10906,109,18069,California
Tuolumne,2021-03-30,160,28923,8,7552,151,21126,1,245,117,7239,42,10948,118,18187,California
Tuolumne,2021-03-31,94,29017,13,7565,79,21205,2,247,37,7223,55,11003,39,18226,California
Tuolumne,2021-04-01,1253,30270,29,7594,1224,22429,0,247,229,6431,1021,12024,229,18455,California
Tuolumne,2021-04-02,167,30437,9,7603,132,22561,26,273,90,6473,74,12098,116,18571,California
Tuolumne,2021-04-03,428,30865,35,7638,392,22953,1,274,239,6526,186,12284,239,18810,California
Tuolumne,2021-04-04,33,30898,3,7641,30,22983,0,274,20,6535,11,12295,20,18830,California
Tuolumne,2021-04-05,132,31030,19,7660,106,23089,7,281,59,6528,73,12368,66,18896,California
Tuolumne,2021-04-06,652,31682,517,8177,108,23197,27,308,517,6939,134,12502,545,19441,California
Tuolumne,2021-04-07,128,31810,37,8214,75,23272,16,324,50,6927,78,12580,66,19507,California
Tuolumne,2021-04-08,1450,33260,35,8249,1400,24672,15,339,248,5993,1197,13777,263,19770,California
Tuolumne,2021-04-09,274,33534,42,8291,189,24861,43,382,132,6030,142,13919,179,19949,California
Tuolumne,2021-04-10,54,33588,2,8293,32,24893,20,402,22,6041,31,13950,42,19991,California
Tuolumne,2021-04-11,18,33606,3,8296,12,24905,3,405,12,6050,6,13956,15,20006,California
Tuolumne,2021-04-12,173,33779,66,8362,102,25007,5,410,90,6067,78,14034,95,20101,California
Tuolumne,2021-04-13,788,34567,35,8397,753,25760,0,410,171,5630,608,14642,171,20272,California
Tuolumne,2021-04-14,157,34724,30,8427,127,25887,0,410,79,5636,74,14716,80,20352,California
Tuolumne,2021-04-15,345,35069,21,8448,324,26211,0,410,60,5418,278,14994,60,20412,California
Tuolumne,2021-04-16,256,35325,52,8500,204,26415,0,410,143,5458,104,15098,144,20556,California
Tuolumne,2021-04-17,44,35369,5,8505,39,26454,0,410,27,5468,17,15115,27,20583,California
Tuolumne,2021-04-18,9,35378,2,8507,7,26461,0,410,5,5470,4,15119,6,20589,California
Tuolumne,2021-04-19,176,35554,78,8585,98,26559,0,410,99,5494,75,15194,99,20688,California
Tuolumne,2021-04-20,709,36263,615,9200,94,26653,0,410,74,4941,627,15821,74,20762,California
Tuolumne,2021-04-21,118,36381,25,9225,93,26746,0,410,62,4953,50,15871,62,20824,California
Tuolumne,2021-04-22,711,37092,45,9270,666,27412,0,410,430,5112,272,16143,431,21255,California
Tuolumne,2021-04-23,172,37264,29,9299,143,27555,0,410,81,5106,88,16231,82,21337,California
Tuolumne,2021-04-24,78,37342,17,9316,61,27616,0,410,49,5126,29,16260,49,21386,California
Tuolumne,2021-04-25,25,37367,9,9325,16,27632,0,410,22,5145,3,16263,22,21408,California
Tuolumne,2021-04-26,156,37523,56,9381,100,27732,0,410,73,5137,82,16345,74,21482,California
Tuolumne,2021-04-27,138,37661,21,9402,110,27842,7,417,63,5135,72,16417,70,21552,California
Tuolumne,2021-04-28,113,37774,21,9423,81,27923,11,428,60,5154,52,16469,71,21623,California
Tuolumne,2021-04-29,279,38053,15,9438,256,28179,8,436,54,4995,221,16690,62,21685,California
Tuolumne,2021-04-30,366,38419,23,9461,331,28510,12,448,71,4787,291,16981,83,21768,California
Tuolumne,2021-05-01,25,38444,7,9468,13,28523,5,453,16,4799,9,16990,21,21789,California
Tuolumne,2021-05-02,26,38470,3,9471,21,28544,2,455,19,4813,7,16997,21,21810,California
Tuolumne,2021-05-03,111,38581,14,9485,92,28636,5,460,36,4781,73,17070,41,21851,California
Tuolumne,2021-05-04,708,39289,601,10086,103,28739,4,464,215,4507,492,17562,218,22069,California
Tuolumne,2021-05-05,110,39399,27,10113,77,28816,6,470,58,4522,49,17611,64,22133,California
Tuolumne,2021-05-06,289,39688,13,10126,260,29076,16,486,42,4336,243,17854,57,22190,California
Tuolumne,2021-05-07,329,40017,26,10152,295,29371,8,494,71,4158,257,18111,79,22269,California
Tuolumne,2021-05-08,47,40064,6,10158,37,29408,4,498,32,4179,15,18126,36,22305,California
Tuolumne,2021-05-09,17,40081,2,10160,13,29421,2,500,3,4170,14,18140,5,22310,California
Tuolumne,2021-05-10,113,40194,44,10204,63,29484,6,506,32,4128,80,18220,38,22348,California
Tuolumne,2021-05-11,202,40396,62,10266,128,29612,12,518,55,4049,146,18366,67,22415,California
Tuolumne,2021-05-12,130,40526,20,10286,106,29718,4,522,49,4021,81,18447,53,22468,California
Tuolumne,2021-05-13,116,40642,18,10304,90,29808,8,530,72,4056,44,18491,79,22547,California
Tuolumne,2021-05-14,206,40848,76,10380,120,29928,10,540,107,4076,97,18588,117,22664,California
Tuolumne,2021-05-15,56,40904,14,10394,35,29963,7,547,18,4064,38,18626,26,22690,California
Tuolumne,2021-05-16,26,40930,8,10402,16,29979,2,549,13,4066,13,18639,15,22705,California
Tuolumne,2021-05-17,110,41040,30,10432,77,30056,3,552,47,4054,63,18702,51,22756,California
Tuolumne,2021-05-18,177,41217,53,10485,77,30133,47,599,58,4041,118,18820,105,22861,California
Tuolumne,2021-05-19,119,41336,20,10505,66,30199,33,632,47,4050,71,18891,80,22941,California
Tuolumne,2021-05-20,407,41743,19,10524,382,30581,6,638,53,3757,352,19243,59,23000,California
Tuolumne,2021-05-21,197,41940,91,10615,101,30682,5,643,119,3804,77,19320,124,23124,California
Tuolumne,2021-05-22,57,41997,17,10632,34,30716,6,649,24,3801,32,19352,29,23153,California
Tuolumne,2021-05-23,27,42024,7,10639,19,30735,1,650,10,3795,17,19369,11,23164,California
Tuolumne,2021-05-24,134,42158,41,10680,87,30822,6,656,51,3770,82,19451,57,23221,California
Tuolumne,2021-05-25,295,42453,220,10900,69,30891,6,662,111,3704,183,19634,117,23338,California
Tuolumne,2021-05-26,88,42541,24,10924,62,30953,2,664,37,3692,51,19685,39,23377,California
Tuolumne,2021-05-27,75,42616,13,10937,59,31012,3,667,30,3681,44,19729,33,23410,California
Tuolumne,2021-05-28,111,42727,53,10990,57,31069,1,668,65,3703,44,19773,66,23476,California
Tuolumne,2021-05-29,38,42765,7,10997,25,31094,6,674,17,3705,21,19794,23,23499,California
Tuolumne,2021-05-30,18,42783,1,10998,14,31108,3,677,4,3698,14,19808,7,23506,California
Tuolumne,2021-05-31,10,42793,2,11000,7,31115,1,678,2,3693,8,19816,3,23509,California
Tuolumne,2021-06-01,75,42868,20,11020,52,31167,3,681,22,3666,52,19868,25,23534,California
Tuolumne,2021-06-02,73,42941,7,11027,58,31225,8,689,23,3648,49,19917,31,23565,California
Tuolumne,2021-06-03,76,43017,25,11052,36,31261,15,704,23,3634,52,19969,38,23603,California
Tuolumne,2021-06-04,132,43149,62,11114,67,31328,3,707,38,3583,92,20061,41,23644,California
Tuolumne,2021-06-05,40,43189,10,11124,28,31356,2,709,16,3577,24,20085,18,23662,California
Tuolumne,2021-06-06,18,43207,4,11128,7,31363,7,716,4,3574,14,20099,11,23673,California
Tuolumne,2021-06-07,59,43266,14,11142,37,31400,8,724,26,3575,33,20132,34,23707,California
Tuolumne,2021-06-08,73,43339,22,11164,50,31450,1,725,27,3559,44,20176,28,23735,California
Tuolumne,2021-06-09,87,43426,45,11209,32,31482,10,735,40,3563,46,20222,50,23785,California
Tuolumne,2021-06-10,95,43521,14,11223,74,31556,7,742,26,3527,69,20291,33,23818,California
Tuolumne,2021-06-11,101,43622,47,11270,51,31607,3,745,25,3480,75,20366,28,23846,California
Tuolumne,2021-06-12,60,43682,19,11289,25,31632,16,761,18,3474,40,20406,34,23880,California
Tuolumne,2021-06-13,17,43699,2,11291,10,31642,5,766,3,3468,14,20420,8,23888,California
Tuolumne,2021-06-14,92,43791,30,11321,58,31700,4,770,52,3484,40,20460,56,23944,California
Tuolumne,2021-06-15,130,43921,82,11403,39,31739,9,779,21,3407,107,20567,30,23974,California
Tuolumne,2021-06-16,94,44015,45,11448,46,31785,3,782,53,3423,40,20607,56,24030,California
Tuolumne,2021-06-17,43,44058,9,11457,33,31818,1,783,16,3413,27,20634,17,24047,California
Tuolumne,2021-06-18,133,44191,84,11541,37,31855,12,795,52,3396,80,20714,63,24110,California
Ventura,2020-12-15,5,5,5,5,0,0,0,0,5,5,0,0,5,5,California
Ventura,2020-12-16,73,78,73,78,0,0,0,0,73,78,0,0,73,78,California
Ventura,2020-12-17,253,331,253,331,0,0,0,0,253,331,0,0,253,331,California
Ventura,2020-12-18,1418,1749,1418,1749,0,0,0,0,1418,1749,0,0,1418,1749,California
Ventura,2020-12-19,912,2661,911,2660,1,1,0,0,912,2661,0,0,912,2661,California
Ventura,2020-12-20,432,3093,432,3092,0,1,0,0,432,3093,0,0,432,3093,California
Ventura,2020-12-21,1460,4553,1460,4552,0,1,0,0,1460,4553,0,0,1460,4553,California
Ventura,2020-12-22,1110,5663,1105,5657,5,6,0,0,1110,5663,0,0,1110,5663,California
Ventura,2020-12-23,1035,6698,984,6641,51,57,0,0,1035,6698,0,0,1035,6698,California
Ventura,2020-12-24,476,7174,377,7018,99,156,0,0,476,7174,0,0,476,7174,California
Ventura,2020-12-25,12,7186,7,7025,5,161,0,0,12,7186,0,0,12,7186,California
Ventura,2020-12-26,115,7301,94,7119,21,182,0,0,115,7301,0,0,115,7301,California
Ventura,2020-12-27,61,7362,29,7148,32,214,0,0,61,7362,0,0,61,7362,California
Ventura,2020-12-28,1072,8434,930,8078,142,356,0,0,1072,8434,0,0,1072,8434,California
Ventura,2020-12-29,1183,9617,776,8854,407,763,0,0,1183,9617,0,0,1183,9617,California
Ventura,2020-12-30,1994,11611,1530,10384,464,1227,0,0,1994,11611,0,0,1994,11611,California
Ventura,2020-12-31,481,12092,163,10547,318,1545,0,0,476,12082,5,5,476,12087,California
Ventura,2021-01-01,38,12130,15,10562,23,1568,0,0,38,12120,0,5,38,12125,California
Ventura,2021-01-02,172,12302,78,10640,94,1662,0,0,172,12292,0,5,172,12297,California
Ventura,2021-01-03,20,12322,8,10648,12,1674,0,0,20,12312,0,5,20,12317,California
Ventura,2021-01-04,1098,13420,556,11204,542,2216,0,0,1097,13409,0,5,1097,13414,California
Ventura,2021-01-05,1380,14800,784,11988,596,2812,0,0,1334,14697,46,51,1334,14748,California
Ventura,2021-01-06,2043,16843,1168,13156,875,3687,0,0,1620,15905,414,465,1622,16370,California
Ventura,2021-01-07,2070,18913,1324,14480,746,4433,0,0,1180,16199,887,1352,1181,17551,California
Ventura,2021-01-08,2202,21115,1477,15957,725,5158,0,0,909,15818,1291,2643,910,18461,California
Ventura,2021-01-09,713,21828,494,16451,219,5377,0,0,313,15731,400,3043,313,18774,California
Ventura,2021-01-10,342,22170,325,16776,17,5394,0,0,128,15645,214,3257,128,18902,California
Ventura,2021-01-11,2442,24612,1490,18266,952,6346,0,0,1488,16183,954,4211,1492,20394,California
Ventura,2021-01-12,3042,27654,1613,19879,1429,7775,0,0,2010,17161,1032,5243,2010,22404,California
Ventura,2021-01-13,2938,30592,1442,21321,1496,9271,0,0,2043,18313,892,6135,2044,24448,California
Ventura,2021-01-14,2772,33364,1098,22419,1674,10945,0,0,2328,20199,443,6578,2329,26777,California
Ventura,2021-01-15,2885,36249,966,23385,1919,12864,0,0,2668,22651,217,6795,2669,29446,California
Ventura,2021-01-16,481,36730,187,23572,294,13158,0,0,402,22974,79,6874,402,29848,California
Ventura,2021-01-17,267,36997,143,23715,124,13282,0,0,258,23224,8,6882,258,30106,California
Ventura,2021-01-18,2220,39217,1676,25391,544,13826,0,0,1671,24348,548,7430,1672,31778,California
Ventura,2021-01-19,3054,42271,2131,27522,923,14749,0,0,2150,25598,904,8334,2154,33932,California
Ventura,2021-01-20,4105,46376,3162,30684,943,15692,0,0,3045,27587,1057,9391,3046,36978,California
Ventura,2021-01-21,3858,50234,2703,33387,1155,16847,0,0,3176,30091,674,10065,3178,40156,California
Ventura,2021-01-22,3569,53803,2458,35845,1111,17958,0,0,3402,33327,167,10232,3403,43559,California
Ventura,2021-01-23,1147,54950,633,36478,514,18472,0,0,1049,34281,97,10329,1051,44610,California
Ventura,2021-01-24,441,55391,128,36606,313,18785,0,0,428,34696,13,10342,428,45038,California
Ventura,2021-01-25,3120,58511,2016,38622,1104,19889,0,0,2564,36706,555,10897,2565,47603,California
Ventura,2021-01-26,3676,62187,2206,40828,1470,21359,0,0,2669,38371,1004,11901,2669,50272,California
Ventura,2021-01-27,3428,65615,1544,42372,1884,23243,0,0,2675,40298,750,12651,2677,52949,California
Ventura,2021-01-28,3832,69447,1983,44355,1849,25092,0,0,3212,42906,605,13256,3213,56162,California
Ventura,2021-01-29,4272,73719,2533,46888,1739,26831,0,0,3769,46185,490,13746,3769,59931,California
Ventura,2021-01-30,3038,76757,1979,48867,1059,27890,0,0,2869,48890,165,13911,2870,62801,California
Ventura,2021-01-31,802,77559,420,49287,382,28272,0,0,713,49515,88,13999,713,63514,California
Ventura,2021-02-01,3971,81530,2129,51416,1842,30114,0,0,3191,51936,772,14771,3193,66707,California
Ventura,2021-02-02,4380,85910,2338,53754,2042,32156,0,0,3351,54264,1025,15796,3353,70060,California
Ventura,2021-02-03,4423,90333,2083,55837,2340,34496,0,0,3412,56671,1006,16802,3413,73473,California
Ventura,2021-02-04,4780,95113,2288,58125,2492,36988,0,0,3503,58908,1270,18072,3507,76980,California
Ventura,2021-02-05,4883,99996,2372,60497,2511,39499,0,0,3341,60722,1529,19601,3343,80323,California
Ventura,2021-02-06,2814,102810,1506,62003,1308,40807,0,0,2413,62735,400,20001,2413,82736,California
Ventura,2021-02-07,716,103526,231,62234,485,41292,0,0,588,63196,128,20129,589,83325,California
Ventura,2021-02-08,3524,107050,1641,63875,1883,43175,0,0,2432,64542,1087,21216,2433,85758,California
Ventura,2021-02-09,4700,111750,1967,65842,2733,45908,0,0,2457,64762,2240,23456,2460,88218,California
Ventura,2021-02-10,4681,116431,2219,68061,2462,48370,0,0,2373,64840,2296,25752,2374,90592,California
Ventura,2021-02-11,4648,121079,1857,69918,2791,51161,0,0,2439,65080,2202,27954,2442,93034,California
Ventura,2021-02-12,6289,127368,2644,72562,3645,54806,0,0,3232,65262,3050,31004,3232,96266,California
Ventura,2021-02-13,3266,130634,1815,74377,1451,56257,0,0,1826,65654,1436,32440,1828,98094,California
Ventura,2021-02-14,1198,131832,117,74494,1081,57338,0,0,995,66448,203,32643,997,99091,California
Ventura,2021-02-15,3971,135803,1790,76284,2181,59519,0,0,2106,66694,1862,34505,2108,101199,California
Ventura,2021-02-16,5515,141318,2690,78974,2825,62344,0,0,2993,67176,2512,37017,2994,104193,California
Ventura,2021-02-17,5256,146574,1892,80866,3364,65708,0,0,3322,68573,1925,38942,3322,107515,California
Ventura,2021-02-18,5746,152320,1810,82676,3936,69644,0,0,3638,70117,2094,41036,3638,111153,California
Ventura,2021-02-19,6460,158780,3753,86429,2707,72351,0,0,3000,69669,3454,44490,3006,114159,California
Ventura,2021-02-20,4919,163699,3168,89597,1751,74102,0,0,2745,70253,2165,46655,2749,116908,California
Ventura,2021-02-21,1066,164765,785,90382,281,74383,0,0,445,70082,616,47271,445,117353,California
Ventura,2021-02-22,5408,170173,2416,92798,2992,77375,0,0,3468,71621,1931,49202,3470,120823,California
Ventura,2021-02-23,5919,176092,2934,95732,2985,80360,0,0,3413,72550,2488,51690,3417,124240,California
Ventura,2021-02-24,7046,183138,2608,98340,4438,84798,0,0,4256,74036,2772,54462,4258,128498,California
Ventura,2021-02-25,7536,190674,2555,100895,4981,89779,0,0,4577,75672,2946,57408,4582,133080,California
Ventura,2021-02-26,9414,200088,2767,103662,6647,96426,0,0,6170,78627,3219,60627,6174,139254,California
Ventura,2021-02-27,10550,210638,5277,108939,5273,101699,0,0,7949,84003,2583,63210,7959,147213,California
Ventura,2021-02-28,2513,213151,1611,110550,901,102600,1,1,2064,85628,440,63650,2065,149278,California
Ventura,2021-03-01,7131,220282,2837,113387,4291,106891,3,4,4731,87993,2382,66032,4747,154025,California
Ventura,2021-03-02,7705,227987,4037,117424,3666,110557,2,6,5402,91104,2292,68324,5403,159428,California
Ventura,2021-03-03,8642,236629,3908,121332,4731,115288,3,9,6101,94691,2522,70846,6109,165537,California
Ventura,2021-03-04,8283,244912,3873,125205,4410,119698,0,9,5598,97626,2668,73514,5603,171140,California
Ventura,2021-03-05,10070,254982,4816,130021,5243,124941,11,20,7182,101960,2872,76386,7206,178346,California
Ventura,2021-03-06,7728,262710,4393,134414,3182,128123,153,173,5768,105934,1951,78337,5925,184271,California
Ventura,2021-03-07,1655,264365,612,135026,941,129064,102,275,1239,106862,416,78753,1344,185615,California
Ventura,2021-03-08,6838,271203,3443,138469,3242,132306,153,428,4730,109649,2100,80853,4887,190502,California
Ventura,2021-03-09,6827,278030,3016,141485,3621,135927,190,618,3964,110958,2850,83703,4159,194661,California
Ventura,2021-03-10,7025,285055,3017,144502,3769,139696,239,857,4707,113602,2302,86005,4946,199607,California
Ventura,2021-03-11,6537,291592,2884,147386,3339,143035,314,1171,3567,114528,2954,88959,3880,203487,California
Ventura,2021-03-12,8719,300311,3043,150429,4830,147865,846,2017,4276,115225,4423,93382,5120,208607,California
Ventura,2021-03-13,7269,307580,2504,152933,3932,151797,833,2850,4337,117471,2923,96305,5169,213776,California
Ventura,2021-03-14,2098,309678,467,153400,1132,152929,499,3349,707,117288,1390,97695,1207,214983,California
Ventura,2021-03-15,7092,316770,2034,155434,3707,156636,1351,4700,3146,117859,3921,101616,4492,219475,California
Ventura,2021-03-16,8151,324921,2456,157890,4581,161217,1114,5814,4223,119279,3915,105531,5335,224810,California
Ventura,2021-03-17,7692,332613,2791,160681,4559,165776,342,6156,4691,121334,2979,108510,5034,229844,California
Ventura,2021-03-18,7404,340017,3261,163942,3996,169772,147,6303,4831,123754,2560,111070,4980,234824,California
Ventura,2021-03-19,8643,348660,3783,167725,4749,174521,111,6414,5232,125710,3385,114455,5341,240165,California
Ventura,2021-03-20,8867,357527,5923,173648,2920,177441,24,6438,4610,126112,4233,118688,4635,244800,California
Ventura,2021-03-21,2783,360310,1521,175169,890,178331,372,6810,1306,126323,1463,120151,1674,246474,California
Ventura,2021-03-22,7400,367710,3677,178846,3621,181952,102,6912,4884,128815,2496,122647,4988,251462,California
Ventura,2021-03-23,8214,375924,3907,182753,4235,186187,72,6984,4604,129908,3581,126228,4674,256136,California
Ventura,2021-03-24,8943,384867,3420,186173,5447,191634,76,7060,4482,130039,4430,130658,4561,260697,California
Ventura,2021-03-25,8811,393678,3905,190078,4805,196439,101,7161,4459,130265,4333,134991,4559,265256,California
Ventura,2021-03-26,9961,403639,3363,193441,5942,202381,656,7817,4004,128997,5926,140917,4658,269914,California
Ventura,2021-03-27,8732,412371,3920,197361,4773,207154,39,7856,2406,125157,6286,147203,2446,272360,California
Ventura,2021-03-28,2500,414871,1409,198770,1083,208237,8,7864,1349,125369,1145,148348,1357,273717,California
Ventura,2021-03-29,8616,423487,4317,203087,4253,212490,46,7910,4260,125350,4325,152673,4306,278023,California
Ventura,2021-03-30,8989,432476,4457,207544,4403,216893,129,8039,4374,125253,4600,157273,4503,282526,California
Ventura,2021-03-31,10812,443288,4857,212401,5327,222220,628,8667,4680,124453,6105,163378,5305,287831,California
Ventura,2021-04-01,10875,454163,5269,217670,4731,226951,875,9542,5479,125450,5351,168729,6348,294179,California
Ventura,2021-04-02,11809,465972,4636,222306,5837,232788,1336,10878,5659,126330,6116,174845,6996,301175,California
Ventura,2021-04-03,8083,474055,4022,226328,2886,235674,1175,12053,3411,126249,4660,179505,4579,305754,California
Ventura,2021-04-04,1710,475765,957,227285,618,236292,135,12188,1142,126964,562,180067,1277,307031,California
Ventura,2021-04-05,9415,485180,4842,232127,3460,239752,1113,13301,4802,128276,4600,184667,5912,312943,California
Ventura,2021-04-06,10970,496150,5573,237700,3906,243658,1491,14792,5656,130134,5287,189954,7145,320088,California
Ventura,2021-04-07,11470,507620,5392,243092,4580,248238,1498,16290,5250,130676,6199,196153,6741,326829,California
Ventura,2021-04-08,10452,518072,5274,248366,4197,252435,981,17271,5225,131671,5202,201355,6197,333026,California
Ventura,2021-04-09,11352,529424,4355,252721,5265,257700,1732,19003,4968,132004,6359,207714,6692,339718,California
Ventura,2021-04-10,9855,539279,4160,256881,3529,261229,2166,21169,3063,130455,6773,214487,5224,344942,California
Ventura,2021-04-11,2432,541711,850,257731,1007,262236,575,21744,680,129966,1742,216229,1253,346195,California
Ventura,2021-04-12,9069,550780,4501,262232,3733,265969,835,22579,3809,129362,5243,221472,4639,350834,California
Ventura,2021-04-13,8919,559699,4537,266769,4376,270345,6,22585,3778,128044,5102,226574,3784,354618,California
Ventura,2021-04-14,8859,568558,4125,270894,4719,275064,15,22600,3414,126075,5407,231981,3438,358056,California
Ventura,2021-04-15,9475,578033,4590,275484,4858,279922,27,22627,4162,124989,5277,237258,4191,362247,California
Ventura,2021-04-16,10243,588276,4496,279980,5745,285667,2,22629,4850,124483,5370,242628,4864,367111,California
Ventura,2021-04-17,9017,597293,5387,285367,3616,289283,14,22643,5261,126030,3739,246367,5286,372397,California
Ventura,2021-04-18,2132,599425,1012,286379,1120,290403,0,22643,917,125741,1207,247574,918,373315,California
Ventura,2021-04-19,8114,607539,4841,291220,3270,293673,3,22646,4684,127029,3405,250979,4693,378008,California
Ventura,2021-04-20,9347,616886,4931,296151,4411,298084,5,22651,4410,126551,4912,255891,4434,382442,California
Ventura,2021-04-21,8991,625877,4604,300755,4382,302466,5,22656,4315,126213,4662,260553,4324,386766,California
Ventura,2021-04-22,10072,635949,5485,306240,4587,307053,0,22656,4502,125167,5550,266103,4504,391270,California
Ventura,2021-04-23,10890,646839,5381,311621,5508,312561,1,22657,5429,125165,5433,271536,5431,396701,California
Ventura,2021-04-24,10518,657357,5880,317501,4638,317199,0,22657,6188,127042,4312,275848,6189,402890,California
Ventura,2021-04-25,2471,659828,1715,319216,756,317955,0,22657,1160,126894,1308,277156,1160,404050,California
Ventura,2021-04-26,7927,667755,4524,323740,3336,321291,67,22724,3308,125675,4589,281745,3370,407420,California
Ventura,2021-04-27,9147,676902,5094,328834,3829,325120,224,22948,3447,123662,5682,287427,3669,411089,California
Ventura,2021-04-28,8347,685249,4827,333661,3202,328322,318,23266,3273,122204,5050,292477,3592,414681,California
Ventura,2021-04-29,7872,693121,4218,337879,3390,331712,264,23530,2791,120205,5053,297530,3054,417735,California
Ventura,2021-04-30,9421,702542,5426,343305,3722,335434,273,23803,3900,118880,5487,303017,4162,421897,California
Ventura,2021-05-01,5104,707646,3615,346920,1385,336819,104,23907,2022,117948,3057,306074,2125,424022,California
Ventura,2021-05-02,2119,709765,1420,348340,609,337428,90,23997,1022,117968,1093,307167,1113,425135,California
Ventura,2021-05-03,6275,716040,3860,352200,2136,339564,279,24276,1969,115929,4286,311453,2247,427382,California
Ventura,2021-05-04,6341,722381,3294,355494,2755,342319,292,24568,2298,114492,4028,315481,2591,429973,California
Ventura,2021-05-05,5369,727750,2980,358474,2131,344450,258,24826,1932,113267,3409,318890,2184,432157,California
Ventura,2021-05-06,6216,733966,3202,361676,2747,347197,267,25093,1997,111333,4199,323089,2265,434422,California
Ventura,2021-05-07,6806,740772,3360,365036,3175,350372,271,25364,2340,109506,4437,327526,2610,437032,California
Ventura,2021-05-08,5345,746117,4147,369183,1039,351411,159,25523,1218,106769,4112,331638,1375,438407,California
Ventura,2021-05-09,1032,747149,727,369910,259,351670,46,25569,386,106561,639,332277,431,438838,California
Ventura,2021-05-10,6128,753277,4079,373989,1837,353507,212,25781,1390,103437,4725,337002,1601,440439,California
Ventura,2021-05-11,5315,758592,3273,377262,1817,355324,225,26006,1534,101426,3770,340772,1759,442198,California
Ventura,2021-05-12,4968,763560,2893,380155,1855,357179,220,26226,1540,99774,3412,344184,1760,443958,California
Ventura,2021-05-13,6252,769812,3746,383901,2296,359475,210,26436,2218,98186,4019,348203,2431,446389,California
Ventura,2021-05-14,7284,777096,4454,388355,2626,362101,204,26640,2742,96605,4524,352727,2943,449332,California
Ventura,2021-05-15,6699,783795,5352,393707,1264,363365,83,26723,2786,95585,3890,356617,2870,452202,California
Ventura,2021-05-16,2169,785964,1678,395385,438,363803,53,26776,1018,95510,1146,357763,1071,453273,California
Ventura,2021-05-17,5873,791837,3545,398930,2112,365915,216,26992,2418,94706,3437,361200,2633,455906,California
Ventura,2021-05-18,5397,797234,3163,402093,2054,367969,180,27172,2147,93801,3231,364431,2326,458232,California
Ventura,2021-05-19,5837,803071,3527,405620,2099,370068,211,27383,2389,92975,3422,367853,2596,460828,California
Ventura,2021-05-20,5458,808529,3025,408645,2277,372345,156,27539,2149,91996,3280,371133,2301,463129,California
Ventura,2021-05-21,7916,816445,4461,413106,3278,375623,177,27716,2586,89462,5298,376431,2764,465893,California
Ventura,2021-05-22,5614,822059,2859,415965,2680,378303,75,27791,1761,87454,3844,380275,1836,467729,California
Ventura,2021-05-23,1934,823993,1476,417441,387,378690,71,27862,728,87054,1199,381474,799,468528,California
Ventura,2021-05-24,4517,828510,2438,419879,1912,380602,167,28029,1437,85592,3063,384537,1601,470129,California
Ventura,2021-05-25,4282,832792,2217,422096,1913,382515,152,28181,1418,84316,2845,387382,1569,471698,California
Ventura,2021-05-26,4267,837059,2275,424371,1829,384344,163,28344,1657,83544,2592,389974,1820,473518,California
Ventura,2021-05-27,3847,840906,1893,426264,1826,386170,128,28472,1372,82581,2462,392436,1499,475017,California
Ventura,2021-05-28,4562,845468,2477,428741,1892,388062,193,28665,1986,82200,2557,394993,2176,477193,California
Ventura,2021-05-29,2136,847604,1337,430078,732,388794,67,28732,1037,82216,1088,396081,1104,478297,California
Ventura,2021-05-30,899,848503,577,430655,269,389063,53,28785,370,82112,527,396608,423,478720,California
Ventura,2021-05-31,256,848759,136,430791,110,389173,10,28795,60,81986,196,396804,70,478790,California
Ventura,2021-06-01,3983,852742,2270,433061,1549,390722,164,28959,1301,80789,2662,399466,1465,480255,California
Ventura,2021-06-02,2952,855694,1625,434686,1191,391913,136,29095,1022,80031,1916,401382,1158,481413,California
Ventura,2021-06-03,3236,858930,1997,436683,1085,392998,154,29249,919,78798,2305,403687,1072,482485,California
Ventura,2021-06-04,4573,863503,3004,439687,1409,394407,160,29409,1480,77359,3079,406766,1640,484125,California
Ventura,2021-06-05,3804,867307,3176,442863,565,394972,63,29472,1166,75962,2626,409392,1229,485354,California
Ventura,2021-06-06,1240,868547,1059,443922,136,395108,45,29517,290,75356,940,410332,334,485688,California
Ventura,2021-06-07,3158,871705,2348,446270,700,395808,110,29627,956,74234,2187,412519,1065,486753,California
Ventura,2021-06-08,3003,874708,1979,448249,894,396702,130,29757,881,73135,2110,414629,1011,487764,California
Ventura,2021-06-09,2940,877648,2039,450288,791,397493,110,29867,764,71844,2164,416793,873,488637,California
Ventura,2021-06-10,3020,880668,2114,452402,804,398297,102,29969,815,70566,2193,418986,915,489552,California
Ventura,2021-06-11,3454,884122,2374,454776,945,399242,135,30104,978,69210,2466,421452,1110,490662,California
Ventura,2021-06-12,2137,886259,1680,456456,414,399656,43,30147,509,68141,1621,423073,552,491214,California
Ventura,2021-06-13,1004,887263,768,457224,172,399828,64,30211,235,67674,768,423841,301,491515,California
Ventura,2021-06-14,2625,889888,1793,459017,709,400537,123,30334,816,66815,1797,425638,938,492453,California
Ventura,2021-06-15,2415,892303,1561,460578,747,401284,107,30441,840,66197,1563,427201,945,493398,California
Ventura,2021-06-16,2477,894780,1817,462395,557,401841,103,30544,831,65502,1628,428829,933,494331,California
Ventura,2021-06-17,2046,896826,1425,463820,534,402375,87,30631,764,65078,1275,430104,851,495182,California
Ventura,2021-06-18,1836,898662,1313,465133,434,402809,89,30720,529,64400,1295,431399,617,495799,California
Yolo,2020-12-15,39,39,39,39,0,0,0,0,39,39,0,0,39,39,California
Yolo,2020-12-16,78,117,78,117,0,0,0,0,78,117,0,0,78,117,California
Yolo,2020-12-17,107,224,107,224,0,0,0,0,107,224,0,0,107,224,California
Yolo,2020-12-18,230,454,230,454,0,0,0,0,230,454,0,0,230,454,California
Yolo,2020-12-19,87,541,87,541,0,0,0,0,87,541,0,0,87,541,California
Yolo,2020-12-20,104,645,104,645,0,0,0,0,104,645,0,0,104,645,California
Yolo,2020-12-21,253,898,253,898,0,0,0,0,253,898,0,0,253,898,California
Yolo,2020-12-22,383,1281,382,1280,1,1,0,0,383,1281,0,0,383,1281,California
Yolo,2020-12-23,437,1718,418,1698,19,20,0,0,437,1718,0,0,437,1718,California
Yolo,2020-12-24,152,1870,94,1792,58,78,0,0,152,1870,0,0,152,1870,California
Yolo,2020-12-25,1,1871,1,1793,0,78,0,0,1,1871,0,0,1,1871,California
Yolo,2020-12-26,75,1946,25,1818,50,128,0,0,75,1946,0,0,75,1946,California
Yolo,2020-12-27,47,1993,20,1838,27,155,0,0,47,1993,0,0,47,1993,California
Yolo,2020-12-28,351,2344,180,2018,171,326,0,0,351,2344,0,0,351,2344,California
Yolo,2020-12-29,491,2835,268,2286,223,549,0,0,491,2835,0,0,491,2835,California
Yolo,2020-12-30,633,3468,262,2548,371,920,0,0,633,3468,0,0,633,3468,California
Yolo,2020-12-31,187,3655,94,2642,93,1013,0,0,187,3655,0,0,187,3655,California
Yolo,2021-01-01,57,3712,55,2697,2,1015,0,0,57,3712,0,0,57,3712,California
Yolo,2021-01-02,69,3781,26,2723,43,1058,0,0,69,3781,0,0,69,3781,California
Yolo,2021-01-03,45,3826,19,2742,26,1084,0,0,45,3826,0,0,45,3826,California
Yolo,2021-01-04,192,4018,41,2783,151,1235,0,0,192,4018,0,0,192,4018,California
Yolo,2021-01-05,618,4636,238,3021,380,1615,0,0,556,4512,62,62,556,4574,California
Yolo,2021-01-06,486,5122,183,3204,303,1918,0,0,346,4718,140,202,346,4920,California
Yolo,2021-01-07,718,5840,233,3437,485,2403,0,0,527,5055,190,392,527,5447,California
Yolo,2021-01-08,633,6473,311,3748,322,2725,0,0,409,5241,223,615,409,5856,California
Yolo,2021-01-09,423,6896,69,3817,354,3079,0,0,377,5572,46,661,377,6233,California
Yolo,2021-01-10,405,7301,79,3896,326,3405,0,0,335,5837,70,731,335,6568,California
Yolo,2021-01-11,563,7864,329,4225,234,3639,0,0,287,5850,276,1007,289,6857,California
Yolo,2021-01-12,486,8350,368,4593,118,3757,0,0,176,5717,310,1317,177,7034,California
Yolo,2021-01-13,769,9119,312,4905,457,4214,0,0,518,5984,251,1568,518,7552,California
Yolo,2021-01-14,381,9500,182,5087,199,4413,0,0,278,6159,103,1671,278,7830,California
Yolo,2021-01-15,634,10134,325,5412,309,4722,0,0,552,6630,82,1753,553,8383,California
Yolo,2021-01-16,745,10879,90,5502,655,5377,0,0,714,7313,31,1784,714,9097,California
Yolo,2021-01-17,189,11068,119,5621,70,5447,0,0,182,7488,7,1791,182,9279,California
Yolo,2021-01-18,485,11553,306,5927,179,5626,0,0,380,7763,105,1896,380,9659,California
Yolo,2021-01-19,554,12107,369,6296,185,5811,0,0,380,7969,174,2070,380,10039,California
Yolo,2021-01-20,659,12766,379,6675,280,6091,0,0,471,8253,187,2257,471,10510,California
Yolo,2021-01-21,649,13415,386,7061,263,6354,0,0,464,8532,185,2442,464,10974,California
Yolo,2021-01-22,753,14168,252,7313,501,6855,0,0,637,9055,114,2556,637,11611,California
Yolo,2021-01-23,614,14782,122,7435,492,7347,0,0,567,9575,47,2603,567,12178,California
Yolo,2021-01-24,208,14990,123,7558,85,7432,0,0,167,9701,41,2644,167,12345,California
Yolo,2021-01-25,730,15720,159,7717,571,8003,0,0,506,9983,224,2868,506,12851,California
Yolo,2021-01-26,829,16549,329,8046,500,8503,0,0,434,10022,395,3263,434,13285,California
Yolo,2021-01-27,547,17096,216,8262,331,8834,0,0,371,10217,176,3439,371,13656,California
Yolo,2021-01-28,1053,18149,565,8827,488,9322,0,0,926,11016,127,3566,926,14582,California
Yolo,2021-01-29,897,19046,262,9089,635,9957,0,0,810,11740,86,3652,810,15392,California
Yolo,2021-01-30,1525,20571,928,10017,597,10554,0,0,1405,13031,114,3766,1405,16797,California
Yolo,2021-01-31,240,20811,202,10219,38,10592,0,0,211,13214,28,3794,211,17008,California
Yolo,2021-02-01,848,21659,361,10580,487,11079,0,0,613,13597,231,4025,614,17622,California
Yolo,2021-02-02,1342,23001,755,11335,587,11666,0,0,930,14116,412,4437,931,18553,California
Yolo,2021-02-03,1522,24523,398,11733,1124,12790,0,0,1180,14957,339,4776,1180,19733,California
Yolo,2021-02-04,1785,26308,282,12015,1503,14293,0,0,1229,15642,545,5321,1230,20963,California
Yolo,2021-02-05,1604,27912,912,12927,692,14985,0,0,1199,16438,404,5725,1200,22163,California
Yolo,2021-02-06,1954,29866,1269,14196,685,15670,0,0,1580,17645,374,6099,1581,23744,California
Yolo,2021-02-07,528,30394,246,14442,282,15952,0,0,168,17454,359,6458,168,23912,California
Yolo,2021-02-08,943,31337,328,14770,615,16567,0,0,604,17722,336,6794,604,24516,California
Yolo,2021-02-09,857,32194,385,15155,472,17039,0,0,573,18011,284,7078,573,25089,California
Yolo,2021-02-10,1466,33660,475,15630,991,18030,0,0,832,18211,634,7712,834,25923,California
Yolo,2021-02-11,1577,35237,812,16442,765,18795,0,0,1180,18994,397,8109,1180,27103,California
Yolo,2021-02-12,1920,37157,761,17203,1159,19954,0,0,1440,19959,476,8585,1441,28544,California
Yolo,2021-02-13,2056,39213,711,17914,1345,21299,0,0,1380,20663,676,9261,1380,29924,California
Yolo,2021-02-14,560,39773,151,18065,409,21708,0,0,436,20976,123,9384,436,30360,California
Yolo,2021-02-15,551,40324,210,18275,341,22049,0,0,280,20986,271,9655,281,30641,California
Yolo,2021-02-16,1128,41452,424,18699,704,22753,0,0,804,21467,324,9979,805,31446,California
Yolo,2021-02-17,1389,42841,703,19402,686,23439,0,0,996,22070,393,10372,996,32442,California
Yolo,2021-02-18,2483,45324,807,20209,1676,25115,0,0,1714,23017,768,11140,1715,34157,California
Yolo,2021-02-19,1750,47074,746,20955,1004,26119,0,0,1127,23523,621,11761,1127,35284,California
Yolo,2021-02-20,2464,49538,958,21913,1506,27625,0,0,1377,23819,1082,12843,1378,36662,California
Yolo,2021-02-21,288,49826,227,22140,61,27686,0,0,75,23682,212,13055,75,36737,California
Yolo,2021-02-22,1368,51194,598,22738,770,28456,0,0,697,23709,670,13725,697,37434,California
Yolo,2021-02-23,1133,52327,850,23588,283,28739,0,0,436,23449,696,14421,436,37870,California
Yolo,2021-02-24,2086,54413,594,24182,1492,30231,0,0,1383,24131,701,15122,1383,39253,California
Yolo,2021-02-25,1391,55804,488,24670,903,31134,0,0,919,24579,471,15593,919,40172,California
Yolo,2021-02-26,2623,58427,1033,25703,1590,32724,0,0,1380,24719,1240,16833,1380,41552,California
Yolo,2021-02-27,1686,60113,787,26490,899,33623,0,0,1236,25505,450,17283,1236,42788,California
Yolo,2021-02-28,1844,61957,1543,28033,301,33924,0,0,720,25104,1122,18405,721,43509,California
Yolo,2021-03-01,1136,63093,371,28404,765,34689,0,0,686,25342,448,18853,686,44195,California
Yolo,2021-03-02,1478,64571,697,29101,781,35470,0,0,946,25756,532,19385,946,45141,California
Yolo,2021-03-03,1868,66439,646,29747,1222,36692,0,0,845,25580,1021,20406,845,45986,California
Yolo,2021-03-04,2912,69351,1475,31222,1437,38129,0,0,1564,25799,1345,21751,1564,47550,California
Yolo,2021-03-05,2356,71707,1410,32632,935,39064,11,11,1465,26386,889,22640,1476,49026,California
Yolo,2021-03-06,1501,73208,1153,33785,319,39383,29,40,860,26636,639,23279,889,49915,California
Yolo,2021-03-07,913,74121,680,34465,219,39602,14,54,780,27297,133,23412,794,50709,California
Yolo,2021-03-08,1112,75233,501,34966,568,40170,43,97,763,27758,346,23758,807,51516,California
Yolo,2021-03-09,1267,76500,676,35642,528,40698,63,160,777,28110,488,24246,840,52356,California
Yolo,2021-03-10,1836,78336,1070,36712,474,41172,292,452,759,28081,1073,25319,1044,53400,California
Yolo,2021-03-11,2336,80672,1604,38316,666,41838,66,518,1603,29019,732,26051,1670,55070,California
Yolo,2021-03-12,2910,83582,1355,39671,1474,43312,81,599,1373,28945,1529,27580,1455,56525,California
Yolo,2021-03-13,1842,85424,726,40397,939,44251,177,776,996,29275,843,28423,1173,57698,California
Yolo,2021-03-14,1014,86438,206,40603,659,44910,149,925,538,29481,475,28898,681,58379,California
Yolo,2021-03-15,1325,87763,772,41375,369,45279,184,1109,712,29763,611,29509,893,59272,California
Yolo,2021-03-16,1889,89652,726,42101,1091,46370,72,1181,1123,30192,766,30275,1195,60467,California
Yolo,2021-03-17,2511,92163,988,43089,1449,47819,74,1255,1719,31228,789,31064,1825,62292,California
Yolo,2021-03-18,3028,95191,1036,44125,1770,49589,222,1477,1255,30936,1769,32833,1477,63769,California
Yolo,2021-03-19,2087,97278,865,44990,1153,50742,69,1546,1081,31087,999,33832,1150,64919,California
Yolo,2021-03-20,2775,100053,822,45812,1909,52651,44,1590,1088,30539,1682,35514,1134,66053,California
Yolo,2021-03-21,313,100366,211,46023,94,52745,8,1598,206,30647,106,35620,214,66267,California
Yolo,2021-03-22,1403,101769,485,46508,858,53603,60,1658,916,31138,484,36104,975,67242,California
Yolo,2021-03-23,1738,103507,940,47448,741,54344,57,1715,1065,31587,672,36776,1121,68363,California
Yolo,2021-03-24,2870,106377,1405,48853,1415,55759,50,1765,1395,31570,1463,38239,1446,69809,California
Yolo,2021-03-25,2549,108926,1417,50270,1104,56863,28,1793,1256,31572,1282,39521,1284,71093,California
Yolo,2021-03-26,2390,111316,1257,51527,1114,57977,19,1812,1020,31248,1362,40883,1038,72131,California
Yolo,2021-03-27,1658,112974,468,51995,1172,59149,18,1830,747,31103,910,41793,765,72896,California
Yolo,2021-03-28,1111,114085,866,52861,226,59375,19,1849,251,30517,855,42648,269,73165,California
Yolo,2021-03-29,2014,116099,814,53675,1170,60545,30,1879,960,30457,1050,43698,990,74155,California
Yolo,2021-03-30,2274,118373,1084,54759,1172,61717,18,1897,1167,30540,1102,44800,1185,75340,California
Yolo,2021-03-31,2355,120728,1231,55990,1087,62804,37,1934,1172,30567,1182,45982,1209,76549,California
Yolo,2021-04-01,3850,124578,1862,57852,1513,64317,475,2409,1611,30416,2236,48218,2085,78634,California
Yolo,2021-04-02,3387,127965,1518,59370,1723,66040,146,2555,2106,31393,1275,49493,2252,80886,California
Yolo,2021-04-03,1826,129791,1103,60473,504,66544,219,2774,816,31419,1009,50502,1035,81921,California
Yolo,2021-04-04,395,130186,156,60629,177,66721,62,2836,147,31380,248,50750,209,82130,California
Yolo,2021-04-05,1926,132112,741,61370,1085,67806,100,2936,1020,31600,901,51651,1121,83251,California
Yolo,2021-04-06,2586,134698,1327,62697,1087,68893,172,3108,1301,31799,1275,52926,1474,84725,California
Yolo,2021-04-07,2982,137680,1525,64222,1102,69995,355,3463,1920,33022,1056,53982,2279,87004,California
Yolo,2021-04-08,2418,140098,1003,65225,941,70936,474,3937,1022,33122,1393,55375,1493,88497,California
Yolo,2021-04-09,2572,142670,918,66143,1091,72027,563,4500,851,32811,1717,57092,1406,89903,California
Yolo,2021-04-10,1755,144425,822,66965,749,72776,184,4684,1038,33318,714,57806,1221,91124,California
Yolo,2021-04-11,932,145357,286,67251,576,73352,70,4754,372,33202,557,58363,441,91565,California
Yolo,2021-04-12,1776,147133,522,67773,1110,74462,144,4898,1104,33782,669,59032,1249,92814,California
Yolo,2021-04-13,1988,149121,916,68689,1072,75534,0,4898,1045,33885,942,59974,1045,93859,California
Yolo,2021-04-14,2806,151927,770,69459,2036,77570,0,4898,1387,33860,1413,61387,1388,95247,California
Yolo,2021-04-15,3351,155278,1138,70597,2213,79783,0,4898,2304,35124,1041,62428,2305,97552,California
Yolo,2021-04-16,3068,158346,1984,72581,1084,80867,0,4898,1968,36003,1093,63521,1972,99524,California
Yolo,2021-04-17,1604,159950,472,73053,1132,81999,0,4898,834,36071,767,64288,835,100359,California
Yolo,2021-04-18,632,160582,304,73357,328,82327,0,4898,351,36145,277,64565,351,100710,California
Yolo,2021-04-19,1670,162252,716,74073,953,83280,1,4899,766,36014,899,65464,768,101478,California
Yolo,2021-04-20,2010,164262,1019,75092,991,84271,0,4899,1085,36176,923,66387,1085,102563,California
Yolo,2021-04-21,1979,166241,987,76079,992,85263,0,4899,1074,36349,901,67288,1074,103637,California
Yolo,2021-04-22,1931,168172,872,76951,1059,86322,0,4899,960,36344,966,68254,961,104598,California
Yolo,2021-04-23,2611,170783,1531,78482,1080,87402,0,4899,1155,36054,1445,69699,1155,105753,California
Yolo,2021-04-24,1161,171944,643,79125,515,87917,3,4902,455,35814,698,70397,458,106211,California
Yolo,2021-04-25,949,172893,407,79532,542,88459,0,4902,726,36318,222,70619,726,106937,California
Yolo,2021-04-26,1234,174127,489,80021,742,89201,3,4905,528,36146,704,71323,532,107469,California
Yolo,2021-04-27,1543,175670,723,80744,801,90002,19,4924,603,35830,940,72263,624,108093,California
Yolo,2021-04-28,2035,177705,1005,81749,1003,91005,27,4951,732,35290,1299,73562,759,108852,California
Yolo,2021-04-29,1749,179454,814,82563,853,91858,82,5033,694,35013,1052,74614,775,109627,California
Yolo,2021-04-30,2011,181465,997,83560,957,92815,57,5090,966,34996,1039,75653,1022,110649,California
Yolo,2021-05-01,1281,182746,993,84553,268,93083,20,5110,372,34480,908,76561,392,111041,California
Yolo,2021-05-02,522,183268,430,84983,69,93152,23,5133,325,34631,197,76758,348,111389,California
Yolo,2021-05-03,1117,184385,404,85387,680,93832,33,5166,296,34140,819,77577,328,111717,California
Yolo,2021-05-04,1442,185827,665,86052,753,94585,24,5190,498,33722,940,78517,522,112239,California
Yolo,2021-05-05,1553,187380,428,86480,1060,95645,65,5255,449,33139,1097,79614,514,112753,California
Yolo,2021-05-06,1489,188869,692,87172,717,96362,80,5335,485,32712,992,80606,565,113318,California
Yolo,2021-05-07,2306,191175,1389,88561,866,97228,51,5386,460,31383,1838,82444,509,113827,California
Yolo,2021-05-08,841,192016,359,88920,426,97654,56,5442,313,31226,525,82969,368,114195,California
Yolo,2021-05-09,392,192408,161,89081,218,97872,13,5455,87,31022,304,83273,100,114295,California
Yolo,2021-05-10,904,193312,354,89435,505,98377,45,5500,152,30468,750,84023,196,114491,California
Yolo,2021-05-11,1144,194456,663,90098,459,98836,22,5522,277,29904,863,84886,299,114790,California
Yolo,2021-05-12,1572,196028,702,90800,837,99673,33,5555,315,29001,1254,86140,351,115141,California
Yolo,2021-05-13,2171,198199,849,91649,1266,100939,56,5611,644,28178,1523,87663,700,115841,California
Yolo,2021-05-14,2030,200229,1516,93165,483,101422,31,5642,1156,28494,871,88534,1187,117028,California
Yolo,2021-05-15,1247,201476,710,93875,490,101912,47,5689,648,28590,599,89133,695,117723,California
Yolo,2021-05-16,1408,202884,1200,95075,202,102114,6,5695,991,29175,412,89545,997,118720,California
Yolo,2021-05-17,1082,203966,395,95470,668,102782,19,5714,315,28746,763,90308,334,119054,California
Yolo,2021-05-18,1693,205659,1110,96580,563,103345,20,5734,916,28910,772,91080,936,119990,California
Yolo,2021-05-19,998,206657,577,97157,382,103727,39,5773,485,28923,511,91591,524,120514,California
Yolo,2021-05-20,1088,207745,691,97848,371,104098,26,5799,387,28641,695,92286,413,120927,California
Yolo,2021-05-21,1439,209184,936,98784,476,104574,27,5826,375,27982,1059,93345,400,121327,California
Yolo,2021-05-22,817,210001,538,99322,271,104845,8,5834,280,27739,532,93877,289,121616,California
Yolo,2021-05-23,618,210619,165,99487,436,105281,17,5851,108,27356,509,94386,126,121742,California
Yolo,2021-05-24,700,211319,341,99828,339,105620,20,5871,218,27115,480,94866,239,121981,California
Yolo,2021-05-25,875,212194,506,100334,347,105967,22,5893,343,26953,527,95393,365,122346,California
Yolo,2021-05-26,809,213003,269,100603,508,106475,32,5925,258,26696,547,95940,290,122636,California
Yolo,2021-05-27,757,213760,382,100985,327,106802,48,5973,306,26603,447,96387,354,122990,California
Yolo,2021-05-28,871,214631,394,101379,447,107249,30,6003,377,26519,490,96877,406,123396,California
Yolo,2021-05-29,591,215222,341,101720,213,107462,37,6040,272,26509,317,97194,307,123703,California
Yolo,2021-05-30,135,215357,70,101790,58,107520,7,6047,55,26493,78,97272,62,123765,California
Yolo,2021-05-31,70,215427,18,101808,48,107568,4,6051,16,26458,54,97326,19,123784,California
Yolo,2021-06-01,748,216175,323,102131,400,107968,25,6076,256,26253,486,97812,281,124065,California
Yolo,2021-06-02,755,216930,301,102432,433,108401,21,6097,235,25992,517,98329,256,124321,California
Yolo,2021-06-03,912,217842,587,103019,303,108704,22,6119,217,25539,692,99021,239,124560,California
Yolo,2021-06-04,1490,219332,1215,104234,252,108956,23,6142,380,24835,1106,100127,402,124962,California
Yolo,2021-06-05,724,220056,552,104786,155,109111,17,6159,166,24460,558,100685,183,125145,California
Yolo,2021-06-06,1111,221167,1047,105833,56,109167,8,6167,175,23708,935,101620,183,125328,California
Yolo,2021-06-07,520,221687,271,106104,228,109395,21,6188,175,23562,341,101961,195,125523,California
Yolo,2021-06-08,1039,222726,808,106912,212,109607,19,6207,199,22941,839,102800,218,125741,California
Yolo,2021-06-09,780,223506,484,107396,266,109873,30,6237,260,22713,517,103317,289,126030,California
Yolo,2021-06-10,570,224076,364,107760,174,110047,32,6269,168,22513,400,103717,200,126230,California
Yolo,2021-06-11,653,224729,443,108203,186,110233,24,6293,197,22280,454,104171,221,126451,California
Yolo,2021-06-12,450,225179,277,108480,147,110380,26,6319,125,22108,323,104494,151,126602,California
Yolo,2021-06-13,154,225333,115,108595,38,110418,1,6320,63,22082,90,104584,64,126666,California
Yolo,2021-06-14,409,225742,254,108849,123,110541,32,6352,139,21985,269,104853,172,126838,California
Yolo,2021-06-15,773,226515,402,109251,345,110886,26,6378,297,21835,473,105326,323,127161,California
Yolo,2021-06-16,471,226986,242,109493,187,111073,42,6420,166,21738,303,105629,206,127367,California
Yolo,2021-06-17,435,227421,260,109753,121,111194,54,6474,139,21636,295,105924,193,127560,California
Yolo,2021-06-18,347,227768,255,110008,80,111274,12,6486,122,21547,223,106147,134,127694,California
Yuba,2020-12-16,4,4,4,4,0,0,0,0,4,4,0,0,4,4,California
Yuba,2020-12-17,4,8,4,8,0,0,0,0,4,8,0,0,4,8,California
Yuba,2020-12-18,7,15,7,15,0,0,0,0,7,15,0,0,7,15,California
Yuba,2020-12-19,12,27,12,27,0,0,0,0,12,27,0,0,12,27,California
Yuba,2020-12-20,19,46,19,46,0,0,0,0,19,46,0,0,19,46,California
Yuba,2020-12-21,41,87,41,87,0,0,0,0,41,87,0,0,41,87,California
Yuba,2020-12-22,84,171,84,171,0,0,0,0,84,171,0,0,84,171,California
Yuba,2020-12-23,65,236,63,234,2,2,0,0,65,236,0,0,65,236,California
Yuba,2020-12-24,21,257,11,245,10,12,0,0,21,257,0,0,21,257,California
Yuba,2020-12-25,1,258,1,246,0,12,0,0,1,258,0,0,1,258,California
Yuba,2020-12-26,14,272,13,259,1,13,0,0,14,272,0,0,14,272,California
Yuba,2020-12-27,15,287,15,274,0,13,0,0,15,287,0,0,15,287,California
Yuba,2020-12-28,50,337,34,308,16,29,0,0,50,337,0,0,50,337,California
Yuba,2020-12-29,75,412,10,318,65,94,0,0,75,412,0,0,75,412,California
Yuba,2020-12-30,66,478,21,339,45,139,0,0,66,478,0,0,66,478,California
Yuba,2020-12-31,39,517,6,345,33,172,0,0,39,517,0,0,39,517,California
Yuba,2021-01-02,23,540,22,367,1,173,0,0,23,540,0,0,23,540,California
Yuba,2021-01-03,10,550,6,373,4,177,0,0,10,550,0,0,10,550,California
Yuba,2021-01-04,92,642,23,396,69,246,0,0,92,642,0,0,92,642,California
Yuba,2021-01-05,73,715,39,435,34,280,0,0,72,713,1,1,72,714,California
Yuba,2021-01-06,154,869,76,511,78,358,0,0,148,855,6,7,148,862,California
Yuba,2021-01-07,78,947,20,531,58,416,0,0,74,925,4,11,74,936,California
Yuba,2021-01-08,76,1023,24,555,52,468,0,0,70,989,6,17,70,1006,California
Yuba,2021-01-09,18,1041,16,571,2,470,0,0,10,991,8,25,10,1016,California
Yuba,2021-01-10,115,1156,22,593,93,563,0,0,93,1062,22,47,93,1109,California
Yuba,2021-01-11,73,1229,50,643,23,586,0,0,33,1055,40,87,33,1142,California
Yuba,2021-01-12,107,1336,77,720,30,616,0,0,44,1036,63,150,44,1186,California
Yuba,2021-01-13,121,1457,73,793,48,664,0,0,54,1024,66,216,54,1240,California
Yuba,2021-01-14,113,1570,43,836,70,734,0,0,101,1113,12,228,101,1341,California
Yuba,2021-01-15,202,1772,87,923,115,849,0,0,191,1293,11,239,191,1532,California
Yuba,2021-01-16,184,1956,20,943,164,1013,0,0,171,1451,13,252,171,1703,California
Yuba,2021-01-17,13,1969,9,952,4,1017,0,0,7,1452,6,258,7,1710,California
Yuba,2021-01-18,61,2030,31,983,30,1047,0,0,37,1465,24,282,37,1747,California
Yuba,2021-01-19,82,2112,32,1015,50,1097,0,0,66,1515,16,298,66,1813,California
Yuba,2021-01-20,137,2249,87,1102,50,1147,0,0,114,1606,23,321,114,1927,California
Yuba,2021-01-21,221,2470,99,1201,122,1269,0,0,212,1809,9,330,212,2139,California
Yuba,2021-01-22,104,2574,6,1207,98,1367,0,0,95,1895,9,339,95,2234,California
Yuba,2021-01-23,203,2777,7,1214,196,1563,0,0,201,2094,2,341,201,2435,California
Yuba,2021-01-24,10,2787,7,1221,3,1566,0,0,8,2100,2,343,8,2443,California
Yuba,2021-01-25,87,2874,31,1252,56,1622,0,0,54,2122,32,375,54,2497,California
Yuba,2021-01-26,148,3022,40,1292,108,1730,0,0,90,2154,58,433,90,2587,California
Yuba,2021-01-27,187,3209,131,1423,56,1786,0,0,117,2201,70,503,117,2704,California
Yuba,2021-01-28,227,3436,92,1515,135,1921,0,0,174,2322,53,556,174,2878,California
Yuba,2021-01-29,154,3590,47,1562,107,2028,0,0,113,2394,41,597,113,2991,California
Yuba,2021-01-30,414,4004,24,1586,390,2418,0,0,403,2786,11,608,403,3394,California
Yuba,2021-01-31,18,4022,12,1598,6,2424,0,0,16,2800,2,610,16,3410,California
Yuba,2021-02-01,155,4177,76,1674,79,2503,0,0,131,2909,23,633,132,3542,California
Yuba,2021-02-02,123,4300,21,1695,102,2605,0,0,100,2986,23,656,100,3642,California
Yuba,2021-02-03,227,4527,29,1724,198,2803,0,0,117,2994,109,765,117,3759,California
Yuba,2021-02-04,295,4822,118,1842,177,2980,0,0,249,3197,46,811,249,4008,California
Yuba,2021-02-05,151,4973,33,1875,118,3098,0,0,72,3190,79,890,72,4080,California
Yuba,2021-02-06,447,5420,23,1898,424,3522,0,0,440,3623,7,897,440,4520,California
Yuba,2021-02-07,20,5440,14,1912,6,3528,0,0,16,3635,4,901,16,4536,California
Yuba,2021-02-08,100,5540,37,1949,63,3591,0,0,69,3673,31,932,69,4605,California
Yuba,2021-02-09,161,5701,61,2010,100,3691,0,0,90,3692,71,1003,90,4695,California
Yuba,2021-02-10,358,6059,173,2183,185,3876,0,0,123,3581,234,1237,123,4818,California
Yuba,2021-02-11,400,6459,65,2248,335,4211,0,0,301,3785,97,1334,301,5119,California
Yuba,2021-02-12,265,6724,26,2274,239,4450,0,0,151,3822,114,1448,151,5270,California
Yuba,2021-02-13,437,7161,36,2310,401,4851,0,0,386,4157,51,1499,386,5656,California
Yuba,2021-02-14,52,7213,10,2320,42,4893,0,0,47,4199,5,1504,47,5703,California
Yuba,2021-02-15,91,7304,38,2358,53,4946,0,0,71,4250,20,1524,71,5774,California
Yuba,2021-02-16,202,7506,52,2410,150,5096,0,0,143,4335,58,1582,143,5917,California
Yuba,2021-02-17,383,7889,158,2568,225,5321,0,0,102,4157,280,1862,102,6019,California
Yuba,2021-02-18,320,8209,50,2618,270,5591,0,0,193,4223,127,1989,193,6212,California
Yuba,2021-02-19,221,8430,78,2696,143,5734,0,0,137,4276,84,2073,137,6349,California
Yuba,2021-02-20,394,8824,31,2727,363,6097,0,0,338,4558,56,2129,338,6687,California
Yuba,2021-02-21,17,8841,14,2741,3,6100,0,0,7,4555,10,2139,7,6694,California
Yuba,2021-02-22,129,8970,79,2820,50,6150,0,0,40,4507,88,2227,40,6734,California
Yuba,2021-02-23,119,9089,28,2848,91,6241,0,0,51,4492,67,2294,52,6786,California
Yuba,2021-02-24,485,9574,139,2987,346,6587,0,0,105,4217,380,2674,105,6891,California
Yuba,2021-02-25,343,9917,135,3122,208,6795,0,0,218,4310,125,2799,218,7109,California
Yuba,2021-02-26,264,10181,70,3192,194,6989,0,0,148,4344,114,2913,148,7257,California
Yuba,2021-02-27,466,10647,46,3238,420,7409,0,0,384,4646,82,2995,384,7641,California
Yuba,2021-02-28,73,10720,23,3261,50,7459,0,0,52,4677,21,3016,52,7693,California
Yuba,2021-03-01,162,10882,46,3307,116,7575,0,0,83,4682,78,3094,83,7776,California
Yuba,2021-03-02,166,11048,40,3347,126,7701,0,0,84,4684,82,3176,84,7860,California
Yuba,2021-03-03,632,11680,158,3505,474,8175,0,0,201,4455,430,3606,201,8061,California
Yuba,2021-03-04,477,12157,274,3779,203,8378,0,0,331,4641,145,3751,331,8392,California
Yuba,2021-03-05,324,12481,59,3838,264,8642,1,1,257,4832,67,3818,258,8650,California
Yuba,2021-03-06,474,12955,32,3870,438,9080,4,5,368,5099,105,3923,372,9022,California
Yuba,2021-03-07,53,13008,29,3899,23,9103,1,6,39,5125,14,3937,40,9062,California
Yuba,2021-03-08,164,13172,52,3951,96,9199,16,22,101,5179,63,4000,117,9179,California
Yuba,2021-03-09,181,13353,47,3998,114,9313,20,42,86,5190,95,4095,106,9285,California
Yuba,2021-03-10,742,14095,237,4235,475,9788,30,72,238,4954,504,4599,268,9553,California
Yuba,2021-03-11,445,14540,198,4433,234,10022,13,85,299,5120,146,4745,312,9865,California
Yuba,2021-03-12,468,15008,85,4518,328,10350,55,140,156,5019,312,5057,211,10076,California
Yuba,2021-03-13,464,15472,342,4860,107,10457,15,155,364,5299,99,5156,379,10455,California
Yuba,2021-03-14,108,15580,20,4880,79,10536,9,164,48,5297,59,5215,57,10512,California
Yuba,2021-03-15,195,15775,53,4933,128,10664,14,178,103,5322,92,5307,117,10629,California
Yuba,2021-03-16,312,16087,78,5011,209,10873,25,203,195,5426,116,5423,220,10849,California
Yuba,2021-03-17,749,16836,166,5177,553,11426,30,233,198,5105,549,5972,228,11077,California
Yuba,2021-03-18,588,17424,158,5335,314,11740,116,349,359,5350,229,6201,474,11551,California
Yuba,2021-03-19,330,17754,119,5454,159,11899,52,401,187,5446,142,6343,238,11789,California
Yuba,2021-03-20,561,18315,82,5536,460,12359,19,420,478,5861,82,6425,497,12286,California
Yuba,2021-03-21,65,18380,39,5575,26,12385,0,420,50,5896,15,6440,50,12336,California
Yuba,2021-03-22,199,18579,73,5648,119,12504,7,427,155,6014,44,6484,162,12498,California
Yuba,2021-03-23,275,18854,81,5729,166,12670,28,455,186,6141,87,6571,214,12712,California
Yuba,2021-03-24,768,19622,255,5984,432,13102,81,536,189,5834,577,7148,270,12982,California
Yuba,2021-03-25,520,20142,272,6256,225,13327,23,559,258,5853,262,7410,281,13263,California
Yuba,2021-03-26,401,20543,141,6397,229,13556,31,590,228,5940,172,7582,259,13522,California
Yuba,2021-03-27,460,21003,29,6426,428,13984,3,593,407,6297,52,7634,409,13931,California
Yuba,2021-03-28,104,21107,43,6469,57,14041,4,597,34,6265,70,7704,38,13969,California
Yuba,2021-03-29,304,21411,90,6559,182,14223,32,629,186,6365,118,7822,218,14187,California
Yuba,2021-03-30,282,21693,72,6631,202,14425,8,637,191,6473,91,7913,199,14386,California
Yuba,2021-03-31,685,22378,116,6747,557,14982,12,649,243,6288,440,8353,255,14641,California
Yuba,2021-04-01,633,23011,295,7042,310,15292,28,677,292,6267,341,8694,320,14961,California
Yuba,2021-04-02,515,23526,101,7143,329,15621,85,762,193,6223,321,9015,277,15238,California
Yuba,2021-04-03,663,24189,57,7200,117,15738,489,1251,88,6226,574,9589,577,15815,California
Yuba,2021-04-04,60,24249,11,7211,42,15780,7,1258,31,6235,29,9618,38,15853,California
Yuba,2021-04-05,254,24503,86,7297,146,15926,22,1280,127,6258,125,9743,148,16001,California
Yuba,2021-04-06,356,24859,116,7413,179,16105,61,1341,169,6301,186,9929,229,16230,California
Yuba,2021-04-07,795,25654,413,7826,327,16432,55,1396,360,6283,432,10361,414,16644,California
Yuba,2021-04-08,765,26419,297,8123,199,16631,269,1665,284,6355,480,10841,552,17196,California
Yuba,2021-04-09,412,26831,174,8297,170,16801,68,1733,174,6360,237,11078,242,17438,California
Yuba,2021-04-10,601,27432,72,8369,79,16880,450,2183,70,6350,529,11607,519,17957,California
Yuba,2021-04-11,107,27539,27,8396,68,16948,12,2195,46,6348,60,11667,58,18015,California
Yuba,2021-04-12,215,27754,47,8443,135,17083,33,2228,79,6325,135,11802,112,18127,California
Yuba,2021-04-13,408,28162,106,8549,302,17385,0,2228,202,6322,205,12007,202,18329,California
Yuba,2021-04-14,717,28879,109,8658,608,17993,0,2228,125,5857,590,12597,125,18454,California
Yuba,2021-04-15,347,29226,131,8789,216,18209,0,2228,152,5814,195,12792,152,18606,California
Yuba,2021-04-16,346,29572,101,8890,245,18454,0,2228,184,5838,160,12952,184,18790,California
Yuba,2021-04-17,416,29988,61,8951,355,18809,0,2228,343,6109,72,13024,343,19133,California
Yuba,2021-04-18,57,30045,10,8961,47,18856,0,2228,27,6106,30,13054,27,19160,California
Yuba,2021-04-19,253,30298,106,9067,147,19003,0,2228,103,6060,150,13204,104,19264,California
Yuba,2021-04-20,326,30624,81,9148,245,19248,0,2228,181,6099,144,13348,183,19447,California
Yuba,2021-04-21,700,31324,281,9429,419,19667,0,2228,295,5989,405,13753,295,19742,California
Yuba,2021-04-22,363,31687,138,9567,225,19892,0,2228,201,6028,162,13915,201,19943,California
Yuba,2021-04-23,358,32045,117,9684,241,20133,0,2228,167,6006,189,14104,167,20110,California
Yuba,2021-04-24,220,32265,69,9753,151,20284,0,2228,124,6034,96,14200,124,20234,California
Yuba,2021-04-25,73,32338,30,9783,43,20327,0,2228,36,6033,37,14237,36,20270,California
Yuba,2021-04-26,242,32580,58,9841,180,20507,4,2232,109,6013,133,14370,113,20383,California
Yuba,2021-04-27,483,33063,165,10006,308,20815,10,2242,243,6028,238,14608,253,20636,California
Yuba,2021-04-28,439,33502,177,10183,257,21072,5,2247,151,5902,282,14890,156,20792,California
Yuba,2021-04-29,440,33942,73,10256,366,21438,1,2248,151,5766,288,15178,152,20944,California
Yuba,2021-04-30,330,34272,92,10348,208,21646,30,2278,137,5742,191,15369,167,21111,California
Yuba,2021-05-01,210,34482,95,10443,96,21742,19,2297,96,5744,113,15482,115,21226,California
Yuba,2021-05-02,73,34555,42,10485,27,21769,4,2301,38,5751,35,15517,42,21268,California
Yuba,2021-05-03,165,34720,66,10551,91,21860,8,2309,53,5702,110,15627,61,21329,California
Yuba,2021-05-04,327,35047,94,10645,212,22072,21,2330,149,5694,178,15805,170,21499,California
Yuba,2021-05-05,315,35362,77,10722,231,22303,7,2337,114,5614,201,16006,121,21620,California
Yuba,2021-05-06,277,35639,100,10822,138,22441,39,2376,91,5561,183,16189,130,21750,California
Yuba,2021-05-07,358,35997,95,10917,235,22676,28,2404,116,5462,242,16431,143,21893,California
Yuba,2021-05-08,108,36105,31,10948,71,22747,6,2410,47,5454,61,16492,53,21946,California
Yuba,2021-05-09,54,36159,24,10972,27,22774,3,2413,39,5481,15,16507,42,21988,California
Yuba,2021-05-10,172,36331,55,11027,99,22873,18,2431,54,5436,117,16624,72,22060,California
Yuba,2021-05-11,387,36718,176,11203,198,23071,13,2444,148,5359,237,16861,160,22220,California
Yuba,2021-05-12,273,36991,142,11345,123,23194,8,2452,115,5324,158,17019,123,22343,California
Yuba,2021-05-13,366,37357,195,11540,128,23322,43,2495,120,5244,243,17262,163,22506,California
Yuba,2021-05-14,368,37725,137,11677,210,23532,21,2516,159,5214,209,17471,179,22685,California
Yuba,2021-05-15,440,38165,110,11787,308,23840,22,2538,109,5015,329,17800,130,22815,California
Yuba,2021-05-16,140,38305,44,11831,87,23927,9,2547,85,5055,54,17854,94,22909,California
Yuba,2021-05-17,218,38523,91,11922,107,24034,20,2567,94,5047,122,17976,114,23023,California
Yuba,2021-05-18,393,38916,162,12084,222,24256,9,2576,168,4999,225,18201,177,23200,California
Yuba,2021-05-19,260,39176,143,12227,111,24367,6,2582,134,5013,126,18327,140,23340,California
Yuba,2021-05-20,428,39604,299,12526,117,24484,12,2594,267,5132,160,18487,279,23619,California
Yuba,2021-05-21,514,40118,270,12796,237,24721,7,2601,315,5257,197,18684,322,23941,California
Yuba,2021-05-22,230,40348,124,12920,95,24816,11,2612,91,5220,139,18823,102,24043,California
Yuba,2021-05-23,64,40412,31,12951,31,24847,2,2614,33,5224,31,18854,35,24078,California
Yuba,2021-05-24,154,40566,47,12998,90,24937,17,2631,44,5176,109,18963,61,24139,California
Yuba,2021-05-25,318,40884,110,13108,191,25128,17,2648,115,5106,201,19164,131,24270,California
Yuba,2021-05-26,237,41121,103,13211,118,25246,16,2664,93,5072,143,19307,109,24379,California
Yuba,2021-05-27,248,41369,75,13286,161,25407,12,2676,110,5059,135,19442,122,24501,California
Yuba,2021-05-28,245,41614,110,13396,129,25536,6,2682,120,5062,123,19565,126,24627,California
Yuba,2021-05-29,165,41779,67,13463,76,25612,22,2704,94,5108,70,19635,116,24743,California
Yuba,2021-05-30,51,41830,21,13484,25,25637,5,2709,21,5104,30,19665,26,24769,California
Yuba,2021-05-31,31,41861,3,13487,21,25658,7,2716,11,5102,20,19685,18,24787,California
Yuba,2021-06-01,250,42111,107,13594,136,25794,7,2723,87,5036,159,19844,93,24880,California
Yuba,2021-06-02,202,42313,81,13675,114,25908,7,2730,64,4971,137,19981,72,24952,California
Yuba,2021-06-03,176,42489,102,13777,69,25977,5,2735,63,4927,112,20093,68,25020,California
Yuba,2021-06-04,245,42734,121,13898,115,26092,9,2744,81,4853,164,20257,90,25110,California
Yuba,2021-06-05,199,42933,150,14048,43,26135,6,2750,92,4845,106,20363,98,25208,California
Yuba,2021-06-06,106,43039,90,14138,13,26148,3,2753,23,4789,82,20445,26,25234,California
Yuba,2021-06-07,117,43156,49,14187,52,26200,16,2769,38,4764,79,20524,54,25288,California
Yuba,2021-06-08,241,43397,109,14296,123,26323,9,2778,71,4676,168,20692,80,25368,California
Yuba,2021-06-09,172,43569,103,14399,62,26385,7,2785,74,4660,97,20789,81,25449,California
Yuba,2021-06-10,378,43947,304,14703,69,26454,5,2790,96,4481,280,21069,101,25550,California
Yuba,2021-06-11,331,44278,237,14940,82,26536,12,2802,65,4293,266,21335,78,25628,California
Yuba,2021-06-12,131,44409,90,15030,35,26571,6,2808,36,4240,95,21430,42,25670,California
Yuba,2021-06-13,46,44455,22,15052,22,26593,2,2810,16,4228,30,21460,18,25688,California
Yuba,2021-06-14,112,44567,51,15103,50,26643,11,2821,35,4198,76,21536,46,25734,California
Yuba,2021-06-15,240,44807,98,15201,134,26777,8,2829,91,4151,146,21682,99,25833,California
Yuba,2021-06-16,157,44964,95,15296,51,26828,11,2840,74,4155,81,21763,85,25918,California
Yuba,2021-06-17,171,45135,95,15391,68,26896,8,2848,77,4146,94,21857,85,26003,California
Yuba,2021-06-18,139,45274,54,15445,71,26967,14,2862,37,4096,101,21958,51,26054,California
