county,administered_date,total_doses,cumulative_total_doses,pfizer_doses,cumulative_pfizer_doses,moderna_doses,cumulative_moderna_doses,jj_doses,cumulative_jj_doses,partially_vaccinated,total_partially_vaccinated,fully_vaccinated,cumulative_fully_vaccinated,at_least_one_dose,cumulative_at_least_one_dose,california_flag
All CA Counties,2020-12-15,1150,1150,1150,1150,0,0,0,0,1150,1150,0,0,1150,1150,
All CA Counties,2020-12-16,8446,9596,8446,9596,0,0,0,0,8446,9596,0,0,8446,9596,
All CA Counties,2020-12-17,26421,36017,26421,36017,0,0,0,0,26423,36019,0,0,26423,36019,
All CA Counties,2020-12-18,44951,80968,44894,80911,57,57,0,0,44951,80969,1,1,44951,80970,
All CA Counties,2020-12-19,25381,106349,25355,106266,26,83,0,0,25380,106348,1,2,25380,106350,
All CA Counties,2020-12-20,19073,125422,19044,125310,29,112,0,0,19072,125419,1,3,19072,125422,
All CA Counties,2020-12-21,49661,175083,49570,174880,91,203,0,0,49662,175079,3,6,49663,175085,
All CA Counties,2020-12-22,50058,225141,47923,222803,2135,2338,0,0,50052,225128,3,9,50052,225137,
All CA Counties,2020-12-23,50605,275746,41801,264604,8804,11142,0,0,50600,275727,4,13,50603,275740,
All CA Counties,2020-12-24,24082,299828,16340,280944,7742,18884,0,0,24077,299801,5,18,24079,299819,
All CA Counties,2020-12-25,2348,302176,2023,282967,325,19209,0,0,2348,302149,0,18,2348,302167,
All CA Counties,2020-12-26,14621,316797,9469,292436,5152,24361,0,0,14619,316766,2,20,14619,316786,
All CA Counties,2020-12-27,9454,326251,5600,298036,3854,28215,0,0,9451,326214,3,23,9451,326237,
All CA Counties,2020-12-28,46034,372285,29484,327520,16550,44765,0,0,46030,372241,3,26,46030,372267,
All CA Counties,2020-12-29,51261,423546,28572,356092,22689,67454,0,0,51255,423492,4,30,51255,423522,
All CA Counties,2020-12-30,63068,486614,35616,391708,27452,94906,0,0,63058,486545,8,38,63061,486583,
All CA Counties,2020-12-31,29535,516149,10919,402627,18616,113522,0,0,29516,516045,17,55,29517,516100,
All CA Counties,2021-01-01,4474,520623,2021,404648,2453,115975,0,0,4466,520504,7,62,4466,520566,
All CA Counties,2021-01-02,18510,539133,10240,414888,8270,124245,0,0,18508,539012,0,62,18508,539074,
All CA Counties,2021-01-03,6194,545327,3505,418393,2689,126934,0,0,6161,545160,13,75,6161,545235,
All CA Counties,2021-01-04,43652,588979,22074,440467,21578,148512,0,0,43574,588694,40,115,43574,588809,
All CA Counties,2021-01-05,56654,645633,29857,470324,26797,175309,0,0,51096,634383,5502,5617,51191,640000,
All CA Counties,2021-01-06,73510,719143,40572,510896,32938,208247,0,0,57911,676913,15418,21035,57948,697948,
All CA Counties,2021-01-07,92268,811411,52437,563333,39831,248078,0,0,61165,707202,30933,51968,61222,759170,
All CA Counties,2021-01-08,106924,918335,64210,627543,42714,290792,0,0,65202,730889,41581,93549,65268,824438,
All CA Counties,2021-01-09,44462,962797,25568,653111,18894,309686,0,0,27843,742169,16592,110141,27872,852310,
All CA Counties,2021-01-10,24350,987147,14873,667984,9477,319163,0,0,13099,744054,11234,121375,13119,865429,
All CA Counties,2021-01-11,104661,1091808,69630,737614,35031,354194,0,0,60714,761042,43901,165276,60889,926318,
All CA Counties,2021-01-12,113818,1205626,67378,804992,46440,400634,0,0,72539,792643,41175,206451,72776,999094,
All CA Counties,2021-01-13,119480,1325106,61997,866989,57483,458117,0,0,85538,844413,33854,240305,85624,1084718,
All CA Counties,2021-01-14,124163,1449269,49817,916806,74346,532463,0,0,104434,929398,19621,259926,104606,1189324,
All CA Counties,2021-01-15,142348,1591617,52067,968873,90281,622744,0,0,127104,1041614,15150,275076,127366,1316690,
All CA Counties,2021-01-16,80723,1672340,27452,996325,53271,676015,0,0,73096,1107170,7598,282674,73154,1389844,
All CA Counties,2021-01-17,48307,1720647,16896,1013221,31411,707426,0,0,44632,1148184,3664,286338,44678,1434522,
All CA Counties,2021-01-18,88322,1808969,46119,1059340,42203,749629,0,0,68970,1198050,19276,305614,69142,1503664,
All CA Counties,2021-01-19,142264,1951233,73765,1133105,68499,818128,0,0,111014,1278246,31153,336767,111349,1615013,
All CA Counties,2021-01-20,161071,2112304,82221,1215326,78850,896978,0,0,127309,1372293,33537,370304,127584,1742597,
All CA Counties,2021-01-21,174256,2286560,77239,1292565,97017,993995,0,0,155030,1508689,19004,389308,155400,1897997,
All CA Counties,2021-01-22,170285,2456845,69431,1361996,100854,1094849,0,0,155906,1650522,14238,403546,156071,2054068,
All CA Counties,2021-01-23,111636,2568481,49555,1411551,62081,1156930,0,0,99061,1737190,12517,416063,99185,2153253,
All CA Counties,2021-01-24,60987,2629468,29473,1441024,31514,1188444,0,0,56317,1788932,4639,420702,56381,2209634,
All CA Counties,2021-01-25,145468,2774936,65482,1506506,79986,1268430,0,0,110174,1864313,35161,455863,110542,2320176,
All CA Counties,2021-01-26,169631,2944567,83313,1589819,86318,1354748,0,0,131916,1958917,37576,493439,132180,2452356,
All CA Counties,2021-01-27,183258,3127825,88209,1678028,95049,1449797,0,0,143678,2063560,39251,532690,143894,2596250,
All CA Counties,2021-01-28,188825,3316650,87211,1765239,101614,1551411,0,0,154502,2184259,34029,566719,154728,2750978,
All CA Counties,2021-01-29,184511,3501161,88700,1853939,95811,1647222,0,0,149623,2299764,34305,601024,149810,2900788,
All CA Counties,2021-01-30,124137,3625298,56027,1909966,68110,1715332,0,0,108680,2393303,15285,616309,108824,3009612,
All CA Counties,2021-01-31,69539,3694837,39022,1948988,30517,1745849,0,0,64630,2453131,4859,621168,64687,3074299,
All CA Counties,2021-02-01,162141,3856978,76037,2025025,86104,1831953,0,0,121324,2533946,40644,661812,121459,3195758,
All CA Counties,2021-02-02,185639,4042617,78210,2103235,107429,1939382,0,0,141103,2631021,44251,706063,141326,3337084,
All CA Counties,2021-02-03,211139,4253756,95633,2198868,115506,2054888,0,0,156678,2733997,53959,760022,156935,3494019,
All CA Counties,2021-02-04,228131,4481887,99999,2298867,128132,2183020,0,0,167434,2841642,60154,820176,167799,3661818,
All CA Counties,2021-02-05,246494,4728381,106650,2405517,139844,2322864,0,0,167537,2931577,78148,898324,168083,3829901,
All CA Counties,2021-02-06,155310,4883691,75318,2480835,79992,2402856,0,0,120470,3017873,34669,932993,120965,3950866,
All CA Counties,2021-02-07,67301,4950992,43657,2524492,23644,2426500,0,0,50842,3052788,16377,949370,51292,4002158,
All CA Counties,2021-02-08,181897,5132889,89846,2614338,92051,2518551,0,0,120201,3112494,61252,1010622,120958,4123116,
All CA Counties,2021-02-09,211769,5344658,102512,2716850,109257,2627808,0,0,127011,3156365,84295,1094917,128166,4251282,
All CA Counties,2021-02-10,249013,5593671,120021,2836871,128992,2756800,0,0,138286,3186231,109909,1204826,139775,4391057,
All CA Counties,2021-02-11,266016,5859687,131795,2968666,134221,2891021,0,0,145421,3213999,119455,1324281,147223,4538280,
All CA Counties,2021-02-12,272662,6132349,119513,3088179,153149,3044170,0,0,147124,3238862,124648,1448929,149511,4687791,
All CA Counties,2021-02-13,166787,6299136,77419,3165598,89368,3133538,0,0,92057,3258524,74350,1523279,94012,4781803,
All CA Counties,2021-02-14,95410,6394546,47481,3213079,47929,3181467,0,0,51625,3268083,43612,1566891,53171,4834974,
All CA Counties,2021-02-15,142522,6537068,62503,3275582,80019,3261486,0,0,78761,3286590,63382,1630273,81889,4916863,
All CA Counties,2021-02-16,249475,6786543,118506,3394088,130969,3392455,0,0,133263,3307131,115827,1746100,136368,5053231,
All CA Counties,2021-02-17,259595,7046138,129265,3523353,130330,3522785,0,0,129093,3309494,129940,1876040,132303,5185534,
All CA Counties,2021-02-18,273433,7319571,142749,3666102,130684,3653469,0,0,132031,3305089,140668,2016708,136263,5321797,
All CA Counties,2021-02-19,253875,7573446,147335,3813437,106540,3760009,0,0,130777,3315437,122586,2139294,132934,5454731,
All CA Counties,2021-02-20,154134,7727580,98777,3912214,55357,3815366,0,0,84641,3332854,69213,2208507,86630,5541361,
All CA Counties,2021-02-21,83225,7810805,68962,3981176,14263,3829629,0,0,41742,3334927,41221,2249728,43294,5584655,
All CA Counties,2021-02-22,165165,7975970,110630,4091806,54535,3884164,0,0,82629,3337084,82197,2331925,84354,5669009,
All CA Counties,2021-02-23,226946,8202916,120142,4211948,106804,3990968,0,0,105664,3328077,120665,2452590,111658,5780667,
All CA Counties,2021-02-24,284488,8487404,143917,4355865,140571,4131539,0,0,135003,3321789,148844,2601434,142556,5923223,
All CA Counties,2021-02-25,323267,8810671,159544,4515409,163723,4295262,0,0,169266,3346332,153292,2754726,177835,6101058,
All CA Counties,2021-02-26,357852,9168523,166906,4682315,190946,4486208,0,0,199171,3395046,157742,2912468,206456,6307514,
All CA Counties,2021-02-27,254019,9422542,123774,4806089,130222,4616430,23,23,144205,3434523,109168,3021636,148645,6456159,
All CA Counties,2021-02-28,135477,9558019,81318,4887407,54148,4670578,11,34,79576,3461497,55452,3077088,82426,6538585,
All CA Counties,2021-03-01,244925,9802944,130862,5018269,113936,4784514,127,161,141047,3503612,103076,3180164,145191,6683776,
All CA Counties,2021-03-02,290046,10092990,146733,5165002,143285,4927799,28,189,174791,3570613,114713,3294877,181714,6865490,
All CA Counties,2021-03-03,335149,10428139,166994,5331996,168092,5095891,63,252,193499,3630538,140937,3435814,200862,7066352,
All CA Counties,2021-03-04,353250,10781389,178598,5510594,174557,5270448,95,347,207552,3700298,144923,3580737,214683,7281035,
All CA Counties,2021-03-05,340401,11121790,167440,5678034,171833,5442281,1128,1475,211804,3792735,127762,3708499,220199,7501234,
All CA Counties,2021-03-06,259942,11381732,133503,5811537,118581,5560862,7858,9333,161666,3869124,97845,3806344,174234,7675468,
All CA Counties,2021-03-07,128114,11509846,78697,5890234,45253,5606115,4164,13497,80300,3909642,47621,3853965,88139,7763607,
All CA Counties,2021-03-08,219606,11729452,106627,5996861,102462,5708577,10517,24014,143728,3993399,75459,3929424,159216,7922823,
All CA Counties,2021-03-09,292169,12021621,139718,6136579,136496,5845073,15955,39969,164013,4049757,127653,4057077,184011,8106834,
All CA Counties,2021-03-10,323226,12344847,161209,6297788,137527,5982600,24490,64459,175249,4106375,147289,4204366,203907,8310741,
All CA Counties,2021-03-11,376961,12721808,182221,6480009,161404,6144004,33336,97795,193676,4155276,182318,4386684,231219,8541960,
All CA Counties,2021-03-12,395764,13117572,176851,6656860,172584,6316588,46329,144124,194176,4199207,200743,4587427,244674,8786634,
All CA Counties,2021-03-13,283957,13401529,124994,6781854,127778,6444366,31185,175309,153395,4257931,130097,4717524,188821,8975455,
All CA Counties,2021-03-14,155141,13556670,83403,6865257,56628,6500994,15110,190419,78666,4277794,76175,4793699,96038,9071493,
All CA Counties,2021-03-15,291061,13847731,139085,7004342,131352,6632346,20624,211043,158267,4328066,132019,4925718,182291,9253784,
All CA Counties,2021-03-16,370830,14218561,174142,7178484,179380,6811726,17308,228351,214880,4408275,155183,5080901,235392,9489176,
All CA Counties,2021-03-17,385099,14603660,190866,7369350,175553,6987279,18680,247031,238451,4522154,145774,5226675,259653,9748829,
All CA Counties,2021-03-18,401139,15004799,205424,7574774,177665,7164944,18050,265081,237713,4617759,162305,5388980,257910,10006739,
All CA Counties,2021-03-19,411121,15415920,216110,7790884,173363,7338307,21648,286729,238241,4707838,171881,5560861,261960,10268699,
All CA Counties,2021-03-20,295549,15711469,155574,7946458,124060,7462367,15915,302644,186517,4803456,108317,5669178,203935,10472634,
All CA Counties,2021-03-21,143893,15855362,99470,8045928,36887,7499254,7536,310180,88309,4845501,55191,5724369,97236,10569870,
All CA Counties,2021-03-22,273643,16129005,159360,8205288,103050,7602304,11233,321413,177695,4942335,95141,5819510,191975,10761845,
All CA Counties,2021-03-23,357599,16486604,196846,8402134,149669,7751973,11084,332497,219340,5038042,137313,5956823,233020,10994865,
All CA Counties,2021-03-24,388071,16874675,222151,8624285,153389,7905362,12531,345028,225539,5116927,161276,6118099,240161,11235026,
All CA Counties,2021-03-25,418329,17293004,230486,8854771,172949,8078311,14894,359922,236770,5190535,180210,6298309,253818,11488844,
All CA Counties,2021-03-26,435393,17728397,232910,9087681,186369,8264680,16114,376036,234876,5245102,199267,6497576,253834,11742678,
All CA Counties,2021-03-27,313338,18041735,166687,9254368,134872,8399552,11779,387815,157635,5261913,154852,6652428,171663,11914341,
All CA Counties,2021-03-28,169463,18211198,109110,9363478,56763,8456315,3590,391405,88463,5275599,80535,6732963,94221,12008562,
All CA Counties,2021-03-29,310589,18521787,167190,9530668,134338,8590653,9061,400466,172644,5322663,137146,6870109,184210,12192772,
All CA Counties,2021-03-30,398868,18920655,202026,9732694,178581,8769234,18261,418727,224253,5393143,173797,7043906,244277,12437049,
All CA Counties,2021-03-31,426644,19347299,232154,9964848,172764,8941998,21726,440453,237273,5464859,188291,7232197,260007,12697056,
All CA Counties,2021-04-01,492702,19840001,252312,10217160,200020,9142018,40370,480823,271306,5557719,219940,7452137,312800,13009856,
All CA Counties,2021-04-02,474123,20314124,231187,10448347,199722,9341740,43214,524037,257510,5644707,215345,7667482,302333,13312189,
All CA Counties,2021-04-03,329852,20643976,168075,10616422,120282,9462022,41495,565532,164486,5687121,164687,7832169,207101,13519290,
All CA Counties,2021-04-04,132608,20776584,69177,10685599,44364,9506386,19067,584599,58068,5690183,74216,7906385,77278,13596568,
All CA Counties,2021-04-05,353611,21130195,182251,10867850,131576,9637962,39784,624383,174196,5727889,178694,8085079,216400,13812968,
All CA Counties,2021-04-06,457828,21588023,232029,11099879,160206,9798168,65593,689976,222010,5782525,234854,8319933,289490,14102458,
All CA Counties,2021-04-07,472653,22060676,245352,11345231,157295,9955463,70006,759982,230346,5842528,241320,8561253,301323,14403781,
All CA Counties,2021-04-08,500359,22561035,252316,11597547,163573,10119036,84470,844452,235802,5901662,263329,8824582,322463,14726244,
All CA Counties,2021-04-09,495254,23056289,246881,11844428,168459,10287495,79914,924366,228433,5947314,265706,9090288,311358,15037602,
All CA Counties,2021-04-10,368239,23424528,168599,12013027,125289,10412784,74351,998717,154565,5965967,212894,9303182,231547,15269149,
All CA Counties,2021-04-11,188021,23612549,105629,12118656,48224,10461008,34168,1032885,78048,5971393,109611,9412793,115037,15384186,
All CA Counties,2021-04-12,340671,23953220,174976,12293632,127495,10588503,38200,1071085,157949,5989358,181726,9594519,199691,15583877,
All CA Counties,2021-04-13,433983,24387203,242918,12536550,190104,10778607,961,1072046,242776,6045977,190160,9784679,246779,15830656,
All CA Counties,2021-04-14,454080,24841283,254529,12791079,199258,10977865,293,1072339,236967,6071955,215882,10000561,241860,16072516,
All CA Counties,2021-04-15,494450,25335733,288046,13079125,206115,11183980,289,1072628,277825,6137849,215135,10215696,281029,16353545,
All CA Counties,2021-04-16,478300,25814033,269222,13348347,208767,11392747,311,1072939,255739,6175329,221244,10436940,258724,16612269,
All CA Counties,2021-04-17,343775,26157808,192658,13541005,151052,11543799,65,1073004,195507,6226831,147371,10584311,198873,16811142,
All CA Counties,2021-04-18,155268,26313076,98675,13639680,56575,11600374,18,1073022,80000,6235068,74847,10659158,83084,16894226,
All CA Counties,2021-04-19,319829,26632905,183977,13823657,135756,11736130,96,1073118,151562,6221365,167334,10826492,153631,17047857,
All CA Counties,2021-04-20,407615,27040520,216875,14040532,190667,11926797,73,1073191,203157,6224436,203408,11029900,206479,17254336,
All CA Counties,2021-04-21,421519,27462039,238544,14279076,182709,12109506,266,1073457,202849,6213472,217228,11247128,206264,17460600,
All CA Counties,2021-04-22,446536,27908575,254378,14533454,192081,12301587,77,1073534,199346,6170326,245787,11492915,202641,17663241,
All CA Counties,2021-04-23,439237,28347812,249744,14783198,189404,12490991,89,1073623,199263,6134462,238548,11731463,202684,17865925,
All CA Counties,2021-04-24,325384,28673196,204891,14988089,120315,12611306,178,1073801,165320,6144135,159089,11890552,168762,18034687,
All CA Counties,2021-04-25,149732,28822928,98677,15086766,50987,12662293,68,1073869,80516,6157416,68748,11959300,82029,18116716,
All CA Counties,2021-04-26,300025,29122953,173351,15260117,125145,12787438,1529,1075398,131336,6127207,167684,12126984,137475,18254191,
All CA Counties,2021-04-27,368528,29491481,203231,15463348,158675,12946113,6622,1082020,148881,6067497,218480,12345464,158770,18412961,
All CA Counties,2021-04-28,352317,29843798,201641,15664989,142763,13088876,7913,1089933,145366,6017281,205834,12551298,155618,18568579,
All CA Counties,2021-04-29,361859,30205657,208092,15873081,145847,13234723,7920,1097853,132953,5932287,227715,12779013,142721,18711300,
All CA Counties,2021-04-30,374431,30580088,214516,16087597,150984,13385707,8931,1106784,142193,5854422,230938,13009951,153073,18864373,
All CA Counties,2021-05-01,247696,30827784,158317,16245914,83322,13469029,6057,1112841,89871,5795611,156963,13166914,98152,18962525,
All CA Counties,2021-05-02,116845,30944629,81654,16327568,31311,13500340,3880,1116721,40893,5765213,75549,13242463,45151,19007676,
All CA Counties,2021-05-03,253158,31197787,155447,16483015,88970,13589310,8741,1125462,77264,5677060,175025,13417488,86872,19094548,
All CA Counties,2021-05-04,326674,31524461,198891,16681906,117994,13707304,9789,1135251,97097,5556620,228498,13645986,108058,19202606,
All CA Counties,2021-05-05,330652,31855113,205262,16887168,115337,13822641,10053,1145304,93687,5425604,235735,13881721,104719,19307325,
All CA Counties,2021-05-06,348414,32203527,227223,17114391,110653,13933294,10538,1155842,88474,5268821,258296,14140017,101513,19408838,
All CA Counties,2021-05-07,346673,32550200,217556,17331947,119255,14052549,9862,1165704,94194,5123013,251099,14391116,105291,19514129,
All CA Counties,2021-05-08,224938,32775138,142534,17474481,75530,14128079,6874,1172578,61729,5030826,162271,14553387,70084,19584213,
All CA Counties,2021-05-09,93308,32868446,70328,17544809,20010,14148089,2970,1175548,25403,4992070,67573,14620960,28817,19613030,
All CA Counties,2021-05-10,201819,33070265,114964,17659773,79026,14227115,7829,1183377,50421,4901035,150588,14771548,59553,19672583,
All CA Counties,2021-05-11,265138,33335403,148674,17808447,107891,14335006,8573,1191950,70405,4787990,193800,14965348,80755,19753338,
All CA Counties,2021-05-12,265373,33600776,153847,17962294,102468,14437474,9058,1201008,75203,4684324,189143,15154491,85477,19838815,
All CA Counties,2021-05-13,309113,33909889,199394,18161688,102410,14539884,7309,1208317,118053,4622469,189948,15344439,128093,19966908,
All CA Counties,2021-05-14,333268,34243157,213057,18374745,111437,14651321,8774,1217091,131450,4564160,200635,15545074,142326,20109234,
All CA Counties,2021-05-15,276189,34519346,192581,18567326,77655,14728976,5953,1223044,113322,4522376,162015,15707089,120231,20229465,
All CA Counties,2021-05-16,136119,34655465,104458,18671784,28743,14757719,2918,1225962,55123,4500266,80552,15787641,58442,20287907,
All CA Counties,2021-05-17,238251,34893716,156643,18828427,74217,14831936,7391,1233353,95714,4462575,141661,15929302,103970,20391877,
All CA Counties,2021-05-18,279254,35172970,170041,18998468,101827,14933763,7386,1240739,110289,4413802,167854,16097156,119081,20510958,
All CA Counties,2021-05-19,273505,35446475,170959,19169427,95035,15028798,7511,1248250,114907,4379758,157575,16254731,123531,20634489,
All CA Counties,2021-05-20,260755,35707230,155690,19325117,96964,15125762,8101,1256351,101747,4333449,157892,16412623,111583,20746072,
All CA Counties,2021-05-21,280401,35987631,172636,19497753,99825,15225587,7940,1264291,108503,4280662,170663,16583286,117876,20863948,
All CA Counties,2021-05-22,201952,36189583,133651,19631404,62205,15287792,6096,1270387,85859,4258667,115320,16698606,93325,20957273,
All CA Counties,2021-05-23,86090,36275673,59848,19691252,23560,15311352,2682,1273069,37645,4251461,48046,16746652,40840,20998113,
All CA Counties,2021-05-24,166452,36442125,96529,19787781,61659,15373011,8264,1281333,62922,4220727,102759,16849411,72025,21070138,
All CA Counties,2021-05-25,188452,36630577,110855,19898636,69627,15442638,7970,1289303,72334,4187038,115120,16964531,81431,21151569,
All CA Counties,2021-05-26,183140,36813717,105446,20004082,69901,15512539,7793,1297096,72285,4158231,109770,17074301,80963,21232532,
All CA Counties,2021-05-27,171074,36984791,97792,20101874,64792,15577331,8490,1305586,70040,4137738,100210,17174511,79717,21312249,
All CA Counties,2021-05-28,187245,37172036,108224,20210098,71980,15649311,7041,1312627,81682,4123118,104651,17279162,90031,21402280,
All CA Counties,2021-05-29,105899,37277935,65020,20275118,37112,15686423,3767,1316394,50676,4123458,54699,17333861,55039,21457319,
All CA Counties,2021-05-30,46732,37324667,30831,20305949,13451,15699874,2450,1318844,20980,4121641,25526,17359387,23709,21481028,
All CA Counties,2021-05-31,19712,37344379,11607,20317556,7128,15707002,977,1319821,6489,4116161,13085,17372472,7605,21488633,
All CA Counties,2021-06-01,167010,37511389,97651,20415207,62362,15769364,6997,1326818,62070,4082276,103990,17476462,70105,21558738,
All CA Counties,2021-06-02,141558,37652947,83754,20498961,50745,15820109,7059,1333877,54864,4059178,85823,17562285,62725,21621463,
All CA Counties,2021-06-03,169703,37822650,116201,20615162,46541,15866650,6961,1340838,53810,4006019,115087,17677372,61928,21683391,
All CA Counties,2021-06-04,197567,38020217,139442,20754604,52036,15918686,6089,1346927,61822,3941208,134740,17812112,69929,21753320,
All CA Counties,2021-06-05,155813,38176030,117697,20872301,32595,15951281,5521,1352448,44859,3882475,110183,17922295,51450,21804770,
All CA Counties,2021-06-06,62930,38238960,53036,20925337,7714,15958995,2180,1354628,18410,3859727,44241,17966536,21493,21826263,
All CA Counties,2021-06-07,135303,38374263,99433,21024770,30039,15989034,5831,1360459,40939,3813576,93782,18060318,47631,21873894,
All CA Counties,2021-06-08,156813,38531076,114044,21138814,36097,16025131,6672,1367131,47709,3760975,108239,18168557,55638,21929532,
All CA Counties,2021-06-09,150554,38681630,109595,21248409,34266,16059397,6693,1373824,42063,3703182,107723,18276280,49930,21979462,
All CA Counties,2021-06-10,144825,38826455,104438,21352847,33243,16092640,7144,1380968,43004,3653414,101132,18377412,51364,22030826,
All CA Counties,2021-06-11,156889,38983344,110354,21463201,39913,16132553,6622,1387590,49200,3603438,106832,18484244,56856,22087682,
All CA Counties,2021-06-12,112979,39096323,85634,21548835,23697,16156250,3648,1391238,32365,3560106,80098,18564342,36766,22124448,
All CA Counties,2021-06-13,44010,39140333,32743,21581578,9260,16165510,2007,1393245,11298,3541403,32478,18596820,13775,22138223,
All CA Counties,2021-06-14,113654,39253987,80891,21662469,26147,16191657,6616,1399861,38959,3513651,74124,18670944,46372,22184595,
All CA Counties,2021-06-15,129464,39383451,87700,21750169,33415,16225072,8349,1408210,43668,3481753,84989,18755933,53091,22237686,
All CA Counties,2021-06-16,114358,39497809,80724,21830893,26788,16251860,6846,1415056,39835,3455382,73833,18829766,47462,22285148,
All CA Counties,2021-06-17,54666,39552475,37929,21868822,11731,16263591,5006,1420062,18096,3442559,36259,18866025,23436,22308584,
All CA and Non-CA Counties,2020-12-15,1158,1158,1158,1158,0,0,0,0,1158,1158,0,0,1158,1158,
All CA and Non-CA Counties,2020-12-16,8721,9879,8721,9879,0,0,0,0,8721,9879,0,0,8721,9879,
All CA and Non-CA Counties,2020-12-17,28029,37908,28029,37908,0,0,0,0,28029,37908,0,0,28029,37908,
All CA and Non-CA Counties,2020-12-18,47497,85405,47433,85341,64,64,0,0,47496,85403,1,1,47496,85404,
All CA and Non-CA Counties,2020-12-19,26421,111826,26394,111735,27,91,0,0,26420,111822,1,2,26420,111824,
All CA and Non-CA Counties,2020-12-20,19754,131580,19722,131457,32,123,0,0,19753,131574,1,3,19753,131577,
All CA and Non-CA Counties,2020-12-21,51853,183433,51759,183216,94,217,0,0,51850,183422,3,6,51851,183428,
All CA and Non-CA Counties,2020-12-22,52130,235563,49920,233136,2210,2427,0,0,52124,235543,3,9,52124,235552,
All CA and Non-CA Counties,2020-12-23,52144,287707,43196,276332,8948,11375,0,0,52138,287679,5,14,52141,287693,
All CA and Non-CA Counties,2020-12-24,24890,312597,16955,293287,7935,19310,0,0,24885,312561,5,19,24887,312580,
All CA and Non-CA Counties,2020-12-25,2383,314980,2053,295340,330,19640,0,0,2383,314944,0,19,2383,314963,
All CA and Non-CA Counties,2020-12-26,14930,329910,9676,305016,5254,24894,0,0,14928,329870,2,21,14928,329891,
All CA and Non-CA Counties,2020-12-27,9642,339552,5671,310687,3971,28865,0,0,9639,339506,3,24,9639,339530,
All CA and Non-CA Counties,2020-12-28,47448,387000,30383,341070,17065,45930,0,0,47444,386947,3,27,47444,386974,
All CA and Non-CA Counties,2020-12-29,52806,439806,29595,370665,23211,69141,0,0,52800,439743,4,31,52800,439774,
All CA and Non-CA Counties,2020-12-30,65010,504816,36901,407566,28109,97250,0,0,65000,504738,8,39,65003,504777,
All CA and Non-CA Counties,2020-12-31,30641,535457,11522,419088,19119,116369,0,0,30620,535341,18,57,30621,535398,
All CA and Non-CA Counties,2021-01-01,4588,540045,2047,421135,2541,118910,0,0,4580,539914,7,64,4580,539978,
All CA and Non-CA Counties,2021-01-02,18756,558801,10375,431510,8381,127291,0,0,18753,558666,1,65,18753,558731,
All CA and Non-CA Counties,2021-01-03,6366,565167,3596,435106,2770,130061,0,0,6333,564986,13,78,6333,565064,
All CA and Non-CA Counties,2021-01-04,44798,609965,22583,457689,22215,152276,0,0,44715,609660,41,119,44715,609779,
All CA and Non-CA Counties,2021-01-05,58208,668173,30682,488371,27526,179802,0,0,52456,656518,5694,5813,52552,662331,
All CA and Non-CA Counties,2021-01-06,76199,744372,42161,530532,34038,213840,0,0,59864,700268,16151,21964,59901,722232,
All CA and Non-CA Counties,2021-01-07,96482,840854,55038,585570,41444,255284,0,0,63721,731460,32588,54552,63780,786012,
All CA and Non-CA Counties,2021-01-08,111416,952270,67120,652690,44296,299580,0,0,67816,755895,43451,98003,67886,853898,
All CA and Non-CA Counties,2021-01-09,45765,998035,26102,678792,19663,319243,0,0,28818,767825,16919,114922,28849,882747,
All CA and Non-CA Counties,2021-01-10,24650,1022685,15058,693850,9592,328835,0,0,13276,769764,11357,126279,13296,896043,
All CA and Non-CA Counties,2021-01-11,107960,1130645,71656,765506,36304,365139,0,0,62673,787371,45241,171520,62848,958891,
All CA and Non-CA Counties,2021-01-12,117671,1248316,69693,835199,47978,413117,0,0,74839,819728,42723,214243,75080,1033971,
All CA and Non-CA Counties,2021-01-13,123155,1371471,63810,899009,59345,472462,0,0,88024,872798,35043,249286,88113,1122084,
All CA and Non-CA Counties,2021-01-14,127871,1499342,51102,950111,76769,549231,0,0,107494,960211,20256,269542,107669,1229753,
All CA and Non-CA Counties,2021-01-15,146550,1645892,53080,1003191,93470,642701,0,0,130828,1075687,15615,285157,131091,1360844,
All CA and Non-CA Counties,2021-01-16,83405,1729297,27846,1031037,55559,698260,0,0,75601,1143573,7773,292930,75659,1436503,
All CA and Non-CA Counties,2021-01-17,48814,1778111,17049,1048086,31765,730025,0,0,45090,1184996,3713,296643,45136,1481639,
All CA and Non-CA Counties,2021-01-18,89544,1867655,46900,1094986,42644,772669,0,0,69737,1235175,19730,316373,69909,1551548,
All CA and Non-CA Counties,2021-01-19,146379,2014034,75104,1170090,71275,843944,0,0,114229,1317690,32052,348425,114567,1666115,
All CA and Non-CA Counties,2021-01-20,165570,2179604,83706,1253796,81864,925808,0,0,130808,1414241,34534,382959,131085,1797200,
All CA and Non-CA Counties,2021-01-21,178510,2358114,78427,1332223,100083,1025891,0,0,158704,1553746,19569,402528,159074,1956274,
All CA and Non-CA Counties,2021-01-22,174870,2532984,70551,1402774,104319,1130210,0,0,160079,1699348,14645,417173,160247,2116521,
All CA and Non-CA Counties,2021-01-23,113860,2646844,49893,1452667,63967,1194177,0,0,101121,1787912,12681,429854,101245,2217766,
All CA and Non-CA Counties,2021-01-24,61563,2708407,29709,1482376,31854,1226031,0,0,56815,1840073,4718,434572,56879,2274645,
All CA and Non-CA Counties,2021-01-25,149909,2858316,67382,1549758,82527,1308558,0,0,113745,1918160,36027,470599,114114,2388759,
All CA and Non-CA Counties,2021-01-26,175431,3033747,86063,1635821,89368,1397926,0,0,136860,2016857,38434,509033,137131,2525890,
All CA and Non-CA Counties,2021-01-27,188031,3221778,90654,1726475,97377,1495303,0,0,147814,2125006,39883,548916,148032,2673922,
All CA and Non-CA Counties,2021-01-28,193775,3415553,89788,1816263,103987,1599290,0,0,158853,2249466,34620,583536,159080,2833002,
All CA and Non-CA Counties,2021-01-29,189200,3604753,91581,1907844,97619,1696909,0,0,153512,2368065,35102,618638,153701,2986703,
All CA and Non-CA Counties,2021-01-30,128250,3733003,58143,1965987,70107,1767016,0,0,112565,2465260,15515,634153,112710,3099413,
All CA and Non-CA Counties,2021-01-31,72243,3805246,41334,2007321,30909,1797925,0,0,67278,2527681,4915,639068,67336,3166749,
All CA and Non-CA Counties,2021-02-01,167434,3972680,78462,2085783,88972,1886897,0,0,125893,2612348,41361,680429,126028,3292777,
All CA and Non-CA Counties,2021-02-02,192129,4164809,80193,2165976,111936,1998833,0,0,146873,2714480,44964,725393,147096,3439873,
All CA and Non-CA Counties,2021-02-03,218262,4383071,97528,2263504,120734,2119567,0,0,162930,2822845,54823,780216,163188,3603061,
All CA and Non-CA Counties,2021-02-04,234704,4617775,101954,2365458,132750,2252317,0,0,173000,2935059,61152,841368,173366,3776427,
All CA and Non-CA Counties,2021-02-05,253062,4870837,108646,2474104,144416,2396733,0,0,173019,3029395,79229,920597,173565,3949992,
All CA and Non-CA Counties,2021-02-06,159340,5030177,77094,2551198,82246,2478979,0,0,124040,3118812,35121,955718,124538,4074530,
All CA and Non-CA Counties,2021-02-07,69155,5099332,45125,2596323,24030,2503009,0,0,52619,3155429,16454,972172,53071,4127601,
All CA and Non-CA Counties,2021-02-08,186508,5285840,92499,2688822,94009,2597018,0,0,123751,3217635,62302,1034474,124508,4252109,
All CA and Non-CA Counties,2021-02-09,215747,5501587,104147,2792969,111600,2708618,0,0,129689,3262908,85585,1120059,130858,4382967,
All CA and Non-CA Counties,2021-02-10,254339,5755926,121710,2914679,132629,2841247,0,0,141184,3293293,112329,1232388,142714,4525681,
All CA and Non-CA Counties,2021-02-11,270594,6026520,133821,3048500,136773,2978020,0,0,148678,3323026,120765,1353153,150498,4676179,
All CA and Non-CA Counties,2021-02-12,277794,6304314,121361,3169861,156433,3134453,0,0,150425,3349376,126466,1479619,152816,4828995,
All CA and Non-CA Counties,2021-02-13,169089,6473403,78066,3247927,91023,3225476,0,0,93806,3370247,74902,1554521,95773,4924768,
All CA and Non-CA Counties,2021-02-14,96682,6570085,47834,3295761,48848,3274324,0,0,52654,3380598,43851,1598372,54202,4978970,
All CA and Non-CA Counties,2021-02-15,144965,6715050,63944,3359705,81021,3355345,0,0,79960,3399078,64611,1662983,83091,5062061,
All CA and Non-CA Counties,2021-02-16,255639,6970689,121140,3480845,134499,3489844,0,0,135774,3418492,119469,1782452,138883,5200944,
All CA and Non-CA Counties,2021-02-17,265167,7235856,131898,3612743,133269,3623113,0,0,130854,3418816,133745,1916197,134069,5335013,
All CA and Non-CA Counties,2021-02-18,279498,7515354,146074,3758817,133424,3756537,0,0,134056,3412418,144686,2060883,138288,5473301,
All CA and Non-CA Counties,2021-02-19,259349,7774703,151064,3909881,108285,3864822,0,0,133177,3422101,125653,2186536,135336,5608637,
All CA and Non-CA Counties,2021-02-20,157135,7931838,101128,4011009,56007,3920829,0,0,85873,3438986,70978,2257514,87863,5696500,
All CA and Non-CA Counties,2021-02-21,85614,8017452,71132,4082141,14482,3935311,0,0,42562,3440316,42784,2300298,44114,5740614,
All CA and Non-CA Counties,2021-02-22,168461,8185913,112984,4195125,55477,3990788,0,0,84252,3442430,83867,2384165,85981,5826595,
All CA and Non-CA Counties,2021-02-23,232713,8418626,123306,4318431,109407,4100195,0,0,107985,3432319,124103,2508268,113992,5940587,
All CA and Non-CA Counties,2021-02-24,290651,8709277,147265,4465696,143386,4243581,0,0,137451,3424774,152552,2660820,145007,6085594,
All CA and Non-CA Counties,2021-02-25,329938,9039215,162866,4628562,167072,4410653,0,0,172341,3448830,156858,2817678,180914,6266508,
All CA and Non-CA Counties,2021-02-26,364474,9403689,170323,4798885,194151,4604804,0,0,202273,3497211,161178,2978856,209559,6476067,
All CA and Non-CA Counties,2021-02-27,259180,9662869,126240,4925125,132916,4737720,24,24,146089,3535312,112432,3091288,150533,6626600,
All CA and Non-CA Counties,2021-02-28,137613,9800482,82813,5007938,54788,4792508,12,36,80378,3561762,56781,3148069,83231,6709831,
All CA and Non-CA Counties,2021-03-01,249336,10049818,133480,5141418,115728,4908236,128,164,142405,3602200,106118,3254187,146556,6856387,
All CA and Non-CA Counties,2021-03-02,296497,10346315,148993,5290411,147476,5055712,28,192,176846,3666875,119096,3373283,183771,7040158,
All CA and Non-CA Counties,2021-03-03,342859,10689174,169905,5460316,172889,5228601,65,257,196183,3724478,145948,3519231,203551,7243709,
All CA and Non-CA Counties,2021-03-04,359857,11049031,181294,5641610,178462,5407063,101,358,209875,3792304,149188,3668419,217014,7460723,
All CA and Non-CA Counties,2021-03-05,345582,11394613,170006,5811616,174434,5581497,1142,1500,214534,3885049,130206,3798625,222951,7683674,
All CA and Non-CA Counties,2021-03-06,264490,11659103,135582,5947198,120892,5702389,8016,9516,164005,3961736,100053,3898678,176740,7860414,
All CA and Non-CA Counties,2021-03-07,129635,11788738,79663,6026861,45751,5748140,4221,13737,81245,4002683,48196,3946874,89143,7949557,
All CA and Non-CA Counties,2021-03-08,222695,12011433,108472,6135333,103479,5851619,10744,24481,145913,4087984,76334,4023208,161635,8111192,
All CA and Non-CA Counties,2021-03-09,296810,12308243,142119,6277452,138447,5990066,16244,40725,166780,4145527,129524,4152732,187067,8298259,
All CA and Non-CA Counties,2021-03-10,327532,12635775,163285,6440737,139274,6129340,24973,65698,177935,4203709,148901,4301633,207083,8505342,
All CA and Non-CA Counties,2021-03-11,383050,13018825,185325,6626062,163718,6293058,34007,99705,196964,4253776,185111,4486744,235178,8740520,
All CA and Non-CA Counties,2021-03-12,402177,13421002,180731,6806793,174415,6467473,47031,146736,197730,4299113,203593,4690337,248930,8989450,
All CA and Non-CA Counties,2021-03-13,287690,13708692,127164,6933957,128893,6596366,31633,178369,155951,4359673,131267,4821604,191827,9181277,
All CA and Non-CA Counties,2021-03-14,156906,13865598,84319,7018276,57144,6653510,15443,193812,79628,4380029,76978,4898582,97334,9278611,
All CA and Non-CA Counties,2021-03-15,295080,14160678,141202,7159478,132786,6786296,21092,214904,160415,4431056,133884,5032466,184911,9463522,
All CA and Non-CA Counties,2021-03-16,378330,14539008,178500,7337978,182130,6968426,17700,232604,219060,4512515,158501,5190967,239960,9703482,
All CA and Non-CA Counties,2021-03-17,393504,14932512,196320,7534298,178126,7146552,19058,251662,243513,4628494,149115,5340082,265094,9968576,
All CA and Non-CA Counties,2021-03-18,409439,15341951,210552,7744850,180295,7326847,18592,270254,242514,4725955,165792,5505874,263253,10231829,
All CA and Non-CA Counties,2021-03-19,418423,15760374,220449,7965299,175781,7502628,22193,292447,242606,4818016,174813,5680687,266874,10498703,
All CA and Non-CA Counties,2021-03-20,300278,16060652,158702,8124001,125572,7628200,16004,308451,190124,4916223,109425,5790112,207632,10706335,
All CA and Non-CA Counties,2021-03-21,145967,16206619,100894,8224895,37448,7665648,7625,316076,89966,4959599,55606,5845718,98982,10805317,
All CA and Non-CA Counties,2021-03-22,276918,16483537,161336,8386231,104258,7769906,11324,327400,179934,5057737,96166,5941884,194304,10999621,
All CA and Non-CA Counties,2021-03-23,363668,16847205,199927,8586158,152347,7922253,11394,338794,223452,5155923,139256,6081140,237442,11237063,
All CA and Non-CA Counties,2021-03-24,395389,17242594,225895,8812053,156518,8078771,12976,351770,230583,5238028,163543,6244683,245648,11482711,
All CA and Non-CA Counties,2021-03-25,426598,17669192,234320,9046373,176859,8255630,15419,367189,242783,5315930,182454,6427137,260356,11743067,
All CA and Non-CA Counties,2021-03-26,442061,18111253,236417,9282790,189348,8444978,16296,383485,239273,5372830,201512,6628649,258412,12001479,
All CA and Non-CA Counties,2021-03-27,318886,18430139,169794,9452584,137095,8582073,11997,395482,161117,5391279,156912,6785561,175361,12176840,
All CA and Non-CA Counties,2021-03-28,172545,18602684,110759,9563343,58035,8640108,3751,399233,90452,5406028,81622,6867183,96371,12273211,
All CA and Non-CA Counties,2021-03-29,315777,18918461,169492,9732835,136880,8776988,9405,408638,175617,5454199,139356,7006539,187527,12460738,
All CA and Non-CA Counties,2021-03-30,405750,19324211,205648,9938483,181277,8958265,18825,427463,228323,5526518,176599,7183138,248918,12709656,
All CA and Non-CA Counties,2021-03-31,432992,19757203,235934,10174417,174552,9132817,22506,449969,240643,5599409,191263,7374401,264154,12973810,
All CA and Non-CA Counties,2021-04-01,500208,20257411,256796,10431213,202396,9335213,41016,490985,275646,5694090,223097,7597498,317778,13291588,
All CA and Non-CA Counties,2021-04-02,482585,20739996,235683,10666896,202541,9537754,44361,535346,261879,5782508,219429,7816927,307847,13599435,
All CA and Non-CA Counties,2021-04-03,336109,21076105,171812,10838708,121643,9659397,42654,578000,167815,5826487,167609,7984536,211588,13811023,
All CA and Non-CA Counties,2021-04-04,134388,21210493,70049,10908757,45036,9704433,19303,597303,59043,5829954,75020,8059556,78487,13889510,
All CA and Non-CA Counties,2021-04-05,357766,21568259,184258,11093015,133056,9837489,40452,637755,176180,5868145,180859,8240415,219050,14108560,
All CA and Non-CA Counties,2021-04-06,465014,22033273,235898,11328913,161878,9999367,67238,704993,224900,5923030,239136,8479551,294021,14402581,
All CA and Non-CA Counties,2021-04-07,480880,22514153,249973,11578886,159203,10158570,71704,776697,233543,5982898,246341,8725892,306209,14708790,
All CA and Non-CA Counties,2021-04-08,508617,23022770,256658,11835544,165552,10324122,86407,863104,239094,6042294,268285,8994177,327681,15036471,
All CA and Non-CA Counties,2021-04-09,502825,23525595,250757,12086301,170190,10494312,81878,944982,231341,6088164,270357,9264534,316227,15352698,
All CA and Non-CA Counties,2021-04-10,374318,23899913,171574,12257875,126536,10620848,76208,1021190,156228,6105920,217303,9481837,235059,15587757,
All CA and Non-CA Counties,2021-04-11,190874,24090787,107191,12365066,48875,10669723,34808,1055998,79015,6111070,111493,9593330,116643,15704400,
All CA and Non-CA Counties,2021-04-12,344842,24435629,177311,12542377,128775,10798498,38756,1094754,159807,6129145,184029,9777359,202104,15906504,
All CA and Non-CA Counties,2021-04-13,439823,24875452,246638,12789015,192199,10990697,986,1095740,245794,6185990,192977,9970336,249822,16156326,
All CA and Non-CA Counties,2021-04-14,459489,25334941,257967,13046982,201225,11191922,297,1096037,239923,6212481,218329,10188665,244820,16401146,
All CA and Non-CA Counties,2021-04-15,500637,25835578,291947,13338929,208394,11400316,296,1096333,281164,6278925,217931,10406596,284375,16685521,
All CA and Non-CA Counties,2021-04-16,484210,26319788,272602,13611531,211290,11611606,318,1096651,259040,6317117,223844,10630440,262036,16947557,
All CA and Non-CA Counties,2021-04-17,349300,26669088,196130,13807661,153104,11764710,66,1096717,198718,6369531,149674,10780114,202088,17149645,
All CA and Non-CA Counties,2021-04-18,157389,26826477,99858,13907519,57512,11822222,19,1096736,81010,6377675,75953,10856067,84097,17233742,
All CA and Non-CA Counties,2021-04-19,324003,27150480,185980,14093499,137926,11960148,97,1096833,153716,6364121,169343,11025410,155789,17389531,
All CA and Non-CA Counties,2021-04-20,413020,27563500,219329,14312828,193618,12153766,73,1096906,205369,6366222,206592,11232002,208693,17598224,
All CA and Non-CA Counties,2021-04-21,427945,27991445,241231,14554059,186443,12340209,271,1097177,205155,6353478,221327,11453329,208583,17806807,
All CA and Non-CA Counties,2021-04-22,453315,28444760,257822,14811881,195412,12535621,81,1097258,201834,6308550,250063,11703392,205135,18011942,
All CA and Non-CA Counties,2021-04-23,445120,28889880,252734,15064615,192296,12727917,90,1097348,201696,6271688,241982,11945374,205120,18217062,
All CA and Non-CA Counties,2021-04-24,330043,29219923,207940,15272555,121920,12849837,183,1097531,167192,6280459,161871,12107245,170642,18387704,
All CA and Non-CA Counties,2021-04-25,151964,29371887,99932,15372487,51963,12901800,69,1097600,81701,6293886,69791,12177036,83218,18470922,
All CA and Non-CA Counties,2021-04-26,304174,29676061,175181,15547668,127436,13029236,1557,1099157,133216,6263326,169943,12346979,139383,18610305,
All CA and Non-CA Counties,2021-04-27,374234,30050295,205350,15753018,161890,13191126,6994,1106151,150879,6202296,222178,12569157,161148,18771453,
All CA and Non-CA Counties,2021-04-28,357180,30407475,203715,15956733,145156,13336282,8309,1114460,147277,6151443,208773,12777930,157920,18929373,
All CA and Non-CA Counties,2021-04-29,366716,30774191,210336,16167069,148028,13484310,8352,1122812,134787,6065710,230720,13008650,144987,19074360,
All CA and Non-CA Counties,2021-04-30,379351,31153542,216885,16383954,153111,13637421,9355,1132167,144063,5987105,233975,13242625,155370,19229730,
All CA and Non-CA Counties,2021-05-01,250874,31404416,160160,16544114,84228,13721649,6486,1138653,91178,5928172,158822,13401447,99889,19329619,
All CA and Non-CA Counties,2021-05-02,118719,31523135,82747,16626861,31969,13753618,4003,1142656,41738,5897717,76574,13478021,46119,19375738,
All CA and Non-CA Counties,2021-05-03,256058,31779193,157019,16783880,90012,13843630,9027,1151683,78390,5809206,176794,13654815,88283,19464021,
All CA and Non-CA Counties,2021-05-04,330613,32109806,200997,16984877,119383,13963013,10233,1161916,98410,5687904,231115,13885930,109813,19573834,
All CA and Non-CA Counties,2021-05-05,335075,32444881,207727,17192604,116923,14079936,10425,1172341,95315,5556103,238523,14124453,106722,19680556,
All CA and Non-CA Counties,2021-05-06,352881,32797762,229957,17422561,112042,14191978,10882,1183223,90029,5398312,261203,14385656,103412,19783968,
All CA and Non-CA Counties,2021-05-07,351305,33149067,220220,17642781,120833,14312811,10252,1193475,95789,5251463,254125,14639781,107276,19891244,
All CA and Non-CA Counties,2021-05-08,228139,33377206,144683,17787464,76329,14389140,7127,1200602,62787,5158456,164403,14804184,71396,19962640,
All CA and Non-CA Counties,2021-05-09,94681,33471887,71237,17858701,20347,14409487,3097,1203699,25992,5119635,68352,14872536,29531,19992171,
All CA and Non-CA Counties,2021-05-10,204357,33676244,116123,17974824,80072,14489559,8162,1211861,51325,5028212,152215,15024751,60792,20052963,
All CA and Non-CA Counties,2021-05-11,268091,33944335,150068,18124892,109148,14598707,8875,1220736,71511,4914731,195646,15220397,82165,20135128,
All CA and Non-CA Counties,2021-05-12,268556,34212891,155363,18280255,103808,14702515,9385,1230121,76469,4810747,191054,15411451,87070,20222198,
All CA and Non-CA Counties,2021-05-13,312226,34525117,201179,18481434,103527,14806042,7520,1237641,119423,4748735,191687,15603138,129675,20351873,
All CA and Non-CA Counties,2021-05-14,336762,34861879,215014,18696448,112735,14918777,9013,1246654,133017,4690314,202554,15805692,144133,20496006,
All CA and Non-CA Counties,2021-05-15,278815,35140694,194120,18890568,78598,14997375,6097,1252751,114448,4648308,163510,15969202,121504,20617510,
All CA and Non-CA Counties,2021-05-16,137749,35278443,105498,18996066,29263,15026638,2988,1255739,55864,4626124,81438,16050640,59254,20676764,
All CA and Non-CA Counties,2021-05-17,241300,35519743,158252,19154318,75420,15102058,7628,1263367,97031,4588259,143388,16194028,105523,20782287,
All CA and Non-CA Counties,2021-05-18,282496,35802239,171680,19325998,103115,15205173,7701,1271068,111749,4539492,169626,16363654,120859,20903146,
All CA and Non-CA Counties,2021-05-19,276828,36079067,172632,19498630,96417,15301590,7779,1278847,116370,4505325,159428,16523082,125261,21028407,
All CA and Non-CA Counties,2021-05-20,263861,36342928,157400,19656030,98125,15399715,8336,1287183,103165,4458991,159573,16682655,113239,21141646,
All CA and Non-CA Counties,2021-05-21,283608,36626536,174428,19830458,100988,15500703,8192,1295375,109894,4406041,172469,16855124,119519,21261165,
All CA and Non-CA Counties,2021-05-22,204764,36831300,135513,19965971,62953,15563656,6298,1301673,87405,4384536,116579,16971703,95074,21356239,
All CA and Non-CA Counties,2021-05-23,87617,36918917,60841,20026812,24016,15587672,2760,1304433,38403,4377399,48814,17020517,41677,21397916,
All CA and Non-CA Counties,2021-05-24,168837,37087754,97657,20124469,62568,15650240,8612,1313045,63969,4346730,104089,17124606,73420,21471336,
All CA and Non-CA Counties,2021-05-25,190828,37278582,111957,20236426,70565,15720805,8306,1321351,73354,4313049,116466,17241072,82785,21554121,
All CA and Non-CA Counties,2021-05-26,185518,37464100,106547,20342973,70826,15791631,8145,1329496,73293,4284239,111134,17352206,82324,21636445,
All CA and Non-CA Counties,2021-05-27,173257,37637357,98889,20441862,65590,15857221,8778,1338274,71059,4263893,101368,17453574,81022,21717467,
All CA and Non-CA Counties,2021-05-28,189672,37827029,109442,20551304,72837,15930058,7393,1345667,82786,4249414,105967,17559541,91488,21808955,
All CA and Non-CA Counties,2021-05-29,107589,37934618,65882,20617186,37585,15967643,4122,1349789,51415,4249901,55646,17615187,56133,21865088,
All CA and Non-CA Counties,2021-05-30,47657,37982275,31397,20648583,13685,15981328,2575,1352364,21447,4248222,25981,17641168,24302,21889390,
All CA and Non-CA Counties,2021-05-31,20132,38002407,11794,20660377,7324,15988652,1014,1353378,6669,4242732,13313,17654481,7823,21897213,
All CA and Non-CA Counties,2021-06-01,169147,38171554,98764,20759141,63079,16051731,7304,1360682,63121,4209124,105072,17759553,71464,21968677,
All CA and Non-CA Counties,2021-06-02,143651,38315205,84831,20843972,51418,16103149,7402,1368084,55873,4186303,86898,17846451,64077,22032754,
All CA and Non-CA Counties,2021-06-03,171875,38487080,117410,20961382,47193,16150342,7272,1375356,54823,4133317,116238,17962689,63252,22096006,
All CA and Non-CA Counties,2021-06-04,200128,38687208,140881,21102263,52842,16203184,6405,1381761,62959,4068540,136158,18098847,71381,22167387,
All CA and Non-CA Counties,2021-06-05,157546,38844754,118917,21221180,32946,16236130,5683,1387444,45678,4009878,111094,18209941,52432,22219819,
All CA and Non-CA Counties,2021-06-06,63874,38908628,53743,21274923,7867,16243997,2264,1389708,18870,3987192,44723,18254664,22037,22241856,
All CA and Non-CA Counties,2021-06-07,137228,39045856,100472,21375395,30594,16274591,6162,1395870,41764,3941097,94881,18349545,48786,22290642,
All CA and Non-CA Counties,2021-06-08,158881,39204737,115232,21490627,36637,16311228,7012,1402882,48518,3888391,109492,18459037,56786,22347428,
All CA and Non-CA Counties,2021-06-09,152527,39357264,110780,21601407,34774,16346002,6973,1409855,42889,3830562,108864,18567901,51035,22398463,
All CA and Non-CA Counties,2021-06-10,146740,39504004,105547,21706954,33744,16379746,7449,1417304,43830,3780843,102216,18670117,52497,22450960,
All CA and Non-CA Counties,2021-06-11,159040,39663044,111587,21818541,40507,16420253,6946,1424250,50128,3730904,108048,18778165,58109,22509069,
All CA and Non-CA Counties,2021-06-12,114560,39777604,86811,21905352,23979,16444232,3770,1428020,32990,3687368,81050,18859215,37514,22546583,
All CA and Non-CA Counties,2021-06-13,44913,39822517,33353,21938705,9461,16453693,2099,1430119,11690,3668642,32985,18892200,14259,22560842,
All CA and Non-CA Counties,2021-06-14,115518,39938035,81993,22020698,26617,16480310,6908,1437027,39835,3641074,75107,18967307,47539,22608381,
All CA and Non-CA Counties,2021-06-15,131158,40069193,88650,22109348,33904,16514214,8604,1445631,44426,3609259,85920,19053227,54105,22662486,
All CA and Non-CA Counties,2021-06-16,115983,40185176,81747,22191095,27199,16541413,7037,1452668,40682,3583157,74602,19127829,48500,22710986,
All CA and Non-CA Counties,2021-06-17,55415,40240591,38256,22229351,11957,16553370,5202,1457870,18383,3570359,36719,19164548,23921,22734907,
Outside California,2020-12-15,8,8,8,8,0,0,0,0,8,8,0,0,8,8,Not in California
Outside California,2020-12-16,275,283,275,283,0,0,0,0,275,283,0,0,275,283,Not in California
Outside California,2020-12-17,1606,1889,1606,1889,0,0,0,0,1606,1889,0,0,1606,1889,Not in California
Outside California,2020-12-18,2545,4434,2538,4427,7,7,0,0,2545,4434,0,0,2545,4434,Not in California
Outside California,2020-12-19,1040,5474,1039,5466,1,8,0,0,1040,5474,0,0,1040,5474,Not in California
Outside California,2020-12-20,681,6155,678,6144,3,11,0,0,681,6155,0,0,681,6155,Not in California
Outside California,2020-12-21,2188,8343,2185,8329,3,14,0,0,2188,8343,0,0,2188,8343,Not in California
Outside California,2020-12-22,2072,10415,1997,10326,75,89,0,0,2072,10415,0,0,2072,10415,Not in California
Outside California,2020-12-23,1539,11954,1395,11721,144,233,0,0,1538,11952,1,1,1538,11953,Not in California
Outside California,2020-12-24,808,12762,615,12336,193,426,0,0,808,12760,0,1,808,12761,Not in California
Outside California,2020-12-25,35,12797,30,12366,5,431,0,0,35,12795,0,1,35,12796,Not in California
Outside California,2020-12-26,309,13106,207,12573,102,533,0,0,309,13104,0,1,309,13105,Not in California
Outside California,2020-12-27,188,13294,71,12644,117,650,0,0,188,13292,0,1,188,13293,Not in California
Outside California,2020-12-28,1413,14707,898,13542,515,1165,0,0,1413,14705,0,1,1413,14706,Not in California
Outside California,2020-12-29,1544,16251,1022,14564,522,1687,0,0,1544,16249,0,1,1544,16250,Not in California
Outside California,2020-12-30,1888,18139,1231,15795,657,2344,0,0,1888,18137,0,1,1888,18138,Not in California
Outside California,2020-12-31,1105,19244,603,16398,502,2846,0,0,1104,19240,1,2,1104,19242,Not in California
Outside California,2021-01-01,114,19358,26,16424,88,2934,0,0,114,19354,0,2,114,19356,Not in California
Outside California,2021-01-02,245,19603,135,16559,110,3044,0,0,244,19597,1,3,244,19600,Not in California
Outside California,2021-01-03,172,19775,91,16650,81,3125,0,0,172,19769,0,3,172,19772,Not in California
Outside California,2021-01-04,1145,20920,508,17158,637,3762,0,0,1140,20908,1,4,1140,20912,Not in California
Outside California,2021-01-05,1554,22474,825,17983,729,4491,0,0,1360,22077,192,196,1361,22273,Not in California
Outside California,2021-01-06,2685,25159,1587,19570,1098,5589,0,0,1949,23293,733,929,1949,24222,Not in California
Outside California,2021-01-07,4147,29306,2534,22104,1613,7202,0,0,2490,24130,1655,2584,2492,26714,Not in California
Outside California,2021-01-08,4492,33798,2910,25014,1582,8784,0,0,2613,24877,1870,4454,2617,29331,Not in California
Outside California,2021-01-09,1302,35100,533,25547,769,9553,0,0,974,25526,327,4781,976,30307,Not in California
Outside California,2021-01-10,300,35400,185,25732,115,9668,0,0,177,25580,123,4904,177,30484,Not in California
Outside California,2021-01-11,3280,38680,2007,27739,1273,10941,0,0,1940,26180,1340,6244,1940,32424,Not in California
Outside California,2021-01-12,3846,42526,2309,30048,1537,12478,0,0,2295,26931,1547,7791,2298,34722,Not in California
Outside California,2021-01-13,3673,46199,1811,31859,1862,14340,0,0,2483,28228,1189,8980,2486,37208,Not in California
Outside California,2021-01-14,3706,49905,1283,33142,2423,16763,0,0,3058,30654,635,9615,3061,40269,Not in California
Outside California,2021-01-15,4197,54102,1009,34151,3188,19951,0,0,3719,33909,465,10080,3720,43989,Not in California
Outside California,2021-01-16,2678,56780,390,34541,2288,22239,0,0,2501,36235,175,10255,2501,46490,Not in California
Outside California,2021-01-17,505,57285,151,34692,354,22593,0,0,456,36642,49,10304,456,46946,Not in California
Outside California,2021-01-18,1212,58497,771,35463,441,23034,0,0,757,36945,454,10758,757,47703,Not in California
Outside California,2021-01-19,4108,62605,1332,36795,2776,25810,0,0,3209,39258,899,11657,3212,50915,Not in California
Outside California,2021-01-20,4444,67049,1430,38225,3014,28824,0,0,3495,41810,945,12602,3497,54412,Not in California
Outside California,2021-01-21,4234,71283,1170,39395,3064,31888,0,0,3653,44899,564,13166,3653,58065,Not in California
Outside California,2021-01-22,4573,75856,1113,40508,3460,35348,0,0,4161,48656,407,13573,4164,62229,Not in California
Outside California,2021-01-23,2215,78071,335,40843,1880,37228,0,0,2051,50543,164,13737,2051,64280,Not in California
Outside California,2021-01-24,574,78645,234,41077,340,37568,0,0,495,50959,79,13816,495,64775,Not in California
Outside California,2021-01-25,4433,83078,1894,42971,2539,40107,0,0,3565,53661,864,14680,3566,68341,Not in California
Outside California,2021-01-26,5783,88861,2733,45704,3050,43157,0,0,4924,57734,858,15538,4931,73272,Not in California
Outside California,2021-01-27,4766,93627,2438,48142,2328,45485,0,0,4131,61236,631,16169,4133,77405,Not in California
Outside California,2021-01-28,4873,98500,2502,50644,2371,47856,0,0,4330,65035,532,16701,4331,81736,Not in California
Outside California,2021-01-29,4582,103082,2774,53418,1808,49664,0,0,3778,68019,796,17497,3780,85516,Not in California
Outside California,2021-01-30,4108,107190,2113,55531,1995,51659,0,0,3877,71668,229,17726,3878,89394,Not in California
Outside California,2021-01-31,2702,109892,2310,57841,392,52051,0,0,2645,74258,56,17782,2646,92040,Not in California
Outside California,2021-02-01,5260,115152,2393,60234,2867,54918,0,0,4552,78111,699,18481,4552,96592,Not in California
Outside California,2021-02-02,6474,121626,1968,62202,4506,59424,0,0,5757,83158,710,19191,5757,102349,Not in California
Outside California,2021-02-03,7119,128745,1891,64093,5228,64652,0,0,6250,88547,862,20053,6251,108600,Not in California
Outside California,2021-02-04,6561,135306,1947,66040,4614,69266,0,0,5558,93112,994,21047,5559,114159,Not in California
Outside California,2021-02-05,6554,141860,1985,68025,4569,73835,0,0,5471,97505,1078,22125,5471,119630,Not in California
Outside California,2021-02-06,4026,145886,1772,69797,2254,76089,0,0,3568,100627,449,22574,3571,123201,Not in California
Outside California,2021-02-07,1852,147738,1466,71263,386,76475,0,0,1775,102327,77,22651,1777,124978,Not in California
Outside California,2021-02-08,4606,152344,2649,73912,1957,78432,0,0,3549,104830,1046,23697,3549,128527,Not in California
Outside California,2021-02-09,3975,156319,1632,75544,2343,80775,0,0,2678,106235,1287,24984,2692,131219,Not in California
Outside California,2021-02-10,5319,161638,1686,77230,3633,84408,0,0,2892,106749,2419,27403,2933,134152,Not in California
Outside California,2021-02-11,4560,166198,2009,79239,2551,86959,0,0,3251,108720,1298,28701,3269,137421,Not in California
Outside California,2021-02-12,5126,171324,1844,81083,3282,90241,0,0,3299,110209,1814,30515,3303,140724,Not in California
Outside California,2021-02-13,2298,173622,647,81730,1651,91892,0,0,1745,111414,552,31067,1757,142481,Not in California
Outside California,2021-02-14,1270,174892,352,82082,918,92810,0,0,1028,112206,238,31305,1030,143511,Not in California
Outside California,2021-02-15,2414,177306,1415,83497,999,93809,0,0,1175,112158,1226,32531,1178,144689,Not in California
Outside California,2021-02-16,6150,183456,2626,86123,3524,97333,0,0,2503,111029,3636,36167,2507,147196,Not in California
Outside California,2021-02-17,5569,189025,2632,88755,2937,100270,0,0,1759,108988,3805,39972,1764,148960,Not in California
Outside California,2021-02-18,6052,195077,3317,92072,2735,103005,0,0,2020,106998,4010,43982,2020,150980,Not in California
Outside California,2021-02-19,5344,200421,3604,95676,1740,104745,0,0,2368,106398,2970,46952,2370,153350,Not in California
Outside California,2021-02-20,3001,203422,2351,98027,650,105395,0,0,1232,105866,1765,48717,1233,154583,Not in California
Outside California,2021-02-21,2388,205810,2169,100196,219,105614,0,0,820,105124,1562,50279,820,155403,Not in California
Outside California,2021-02-22,3296,209106,2354,102550,942,106556,0,0,1623,105081,1670,51949,1627,157030,Not in California
Outside California,2021-02-23,5751,214857,3159,105709,2592,109148,0,0,2316,103982,3428,55377,2329,159359,Not in California
Outside California,2021-02-24,6153,221010,3345,109054,2808,111956,0,0,2440,102719,3706,59083,2443,161802,Not in California
Outside California,2021-02-25,6647,227657,3311,112365,3336,115292,0,0,3061,102229,3555,62638,3065,164867,Not in California
Outside California,2021-02-26,6600,234257,3407,115772,3193,118485,0,0,3093,101899,3424,66062,3094,167961,Not in California
Outside California,2021-02-27,5149,239406,2458,118230,2690,121175,1,1,1876,100517,3262,69324,1880,169841,Not in California
Outside California,2021-02-28,2127,241533,1488,119718,638,121813,1,2,796,99988,1328,70652,799,170640,Not in California
Outside California,2021-03-01,4398,245931,2615,122333,1782,123595,1,3,1351,98309,3037,73689,1358,171998,Not in California
Outside California,2021-03-02,6439,252370,2257,124590,4182,127777,0,3,2049,95982,4378,78067,2051,174049,Not in California
Outside California,2021-03-03,7705,260075,2910,127500,4793,132570,2,5,2680,93656,5011,83078,2685,176734,Not in California
Outside California,2021-03-04,6596,266671,2688,130188,3902,136472,6,11,2316,91718,4262,87340,2324,179058,Not in California
Outside California,2021-03-05,5169,271840,2562,132750,2593,139065,14,25,2717,92015,2442,89782,2739,181797,Not in California
Outside California,2021-03-06,4535,276375,2072,134822,2307,141372,156,181,2328,92303,2205,91987,2493,184290,Not in California
Outside California,2021-03-07,1521,277896,966,135788,498,141870,57,238,945,92732,575,92562,1004,185294,Not in California
Outside California,2021-03-08,3062,280958,1824,137612,1012,142882,226,464,2179,94290,854,93416,2412,187706,Not in California
Outside California,2021-03-09,4631,285589,2396,140008,1949,144831,286,750,2762,95473,1865,95281,3048,190754,Not in California
Outside California,2021-03-10,4301,289890,2074,142082,1746,146577,481,1231,2683,97035,1609,96890,3171,193925,Not in California
Outside California,2021-03-11,6069,295959,3100,145182,2312,148889,657,1888,3286,98201,2777,99667,3943,197868,Not in California
Outside California,2021-03-12,6375,302334,3851,149033,1827,150716,697,2585,3547,99626,2819,102486,4244,202112,Not in California
Outside California,2021-03-13,3724,306058,2170,151203,1110,151826,444,3029,2555,101465,1162,103648,3001,205113,Not in California
Outside California,2021-03-14,1762,307820,916,152119,514,152340,332,3361,961,101958,801,104449,1294,206407,Not in California
Outside California,2021-03-15,4002,311822,2113,154232,1423,153763,466,3827,2138,102708,1858,106307,2608,209015,Not in California
Outside California,2021-03-16,7477,319299,4355,158587,2734,156497,388,4215,4165,103948,3309,109616,4549,213564,Not in California
Outside California,2021-03-17,8380,327679,5447,164034,2556,159053,377,4592,5037,106024,3339,112955,5415,218979,Not in California
Outside California,2021-03-18,8278,335957,5117,169151,2619,161672,542,5134,4788,107873,3481,116436,5330,224309,Not in California
Outside California,2021-03-19,7289,343246,4332,173483,2412,164084,545,5679,4354,109847,2929,119365,4903,229212,Not in California
Outside California,2021-03-20,4716,347962,3121,176604,1506,165590,89,5768,3603,112437,1103,120468,3693,232905,Not in California
Outside California,2021-03-21,2067,350029,1422,178026,556,166146,89,5857,1651,113763,414,120882,1740,234645,Not in California
Outside California,2021-03-22,3254,353283,1970,179996,1194,167340,90,5947,2230,115065,1017,121899,2319,236964,Not in California
Outside California,2021-03-23,6055,359338,3080,183076,2670,170010,305,6252,4107,117543,1934,123833,4412,241376,Not in California
Outside California,2021-03-24,7306,366644,3743,186819,3118,173128,445,6697,5035,120757,2264,126097,5478,246854,Not in California
Outside California,2021-03-25,8253,374897,3828,190647,3900,177028,525,7222,6000,125041,2241,128338,6525,253379,Not in California
Outside California,2021-03-26,6649,381546,3501,194148,2971,179999,177,7399,4387,127367,2237,130575,4563,257942,Not in California
Outside California,2021-03-27,5526,387072,3097,197245,2214,182213,215,7614,3469,129001,2048,132623,3682,261624,Not in California
Outside California,2021-03-28,3073,390145,1646,198891,1266,183479,161,7775,1982,130059,1085,133708,2143,263767,Not in California
Outside California,2021-03-29,5169,395314,2295,201186,2530,186009,344,8119,2958,131155,2206,135914,3302,267069,Not in California
Outside California,2021-03-30,6867,402181,3616,204802,2687,188696,564,8683,4060,132989,2797,138711,4631,271700,Not in California
Outside California,2021-03-31,6327,408508,3769,208571,1778,190474,780,9463,3354,134154,2966,141677,4131,275831,Not in California
Outside California,2021-04-01,7492,416000,4474,213045,2372,192846,646,10109,4329,135966,3155,144832,4967,280798,Not in California
Outside California,2021-04-02,8434,424434,4486,217531,2810,195656,1138,11247,4359,137395,4066,148898,5495,286293,Not in California
Outside California,2021-04-03,6245,430679,3734,221265,1352,197008,1159,12406,3320,138957,2916,151814,4478,290771,Not in California
Outside California,2021-04-04,1771,432450,871,222136,664,197672,236,12642,968,139357,802,152616,1202,291973,Not in California
Outside California,2021-04-05,4140,436590,2004,224140,1469,199141,667,13309,1976,139839,2159,154775,2641,294614,Not in California
Outside California,2021-04-06,7174,443764,3863,228003,1667,200808,1644,14953,2882,140084,4277,159052,4522,299136,Not in California
Outside California,2021-04-07,8203,451967,4605,232608,1901,202709,1697,16650,3181,139939,5015,164067,4870,304006,Not in California
Outside California,2021-04-08,8234,460201,4330,236938,1972,204681,1932,18582,3279,140194,4945,169012,5200,309206,Not in California
Outside California,2021-04-09,7554,467755,3865,240803,1725,206406,1964,20546,2894,140402,4647,173659,4855,314061,Not in California
Outside California,2021-04-10,6074,473829,2972,243775,1246,207652,1856,22402,1661,139506,4405,178064,3509,317570,Not in California
Outside California,2021-04-11,2846,476675,1557,245332,649,208301,640,23042,964,139230,1879,179943,1603,319173,Not in California
Outside California,2021-04-12,4154,480829,2329,247661,1270,209571,555,23597,1851,139342,2293,182236,2405,321578,Not in California
Outside California,2021-04-13,5818,486647,3712,251373,2081,211652,25,23622,3009,139572,2804,185040,3034,324612,Not in California
Outside California,2021-04-14,5390,492037,3436,254809,1950,213602,4,23626,2953,140098,2431,187471,2957,327569,Not in California
Outside California,2021-04-15,6168,498205,3892,258701,2270,215872,6,23632,3330,140649,2786,190257,3337,330906,Not in California
Outside California,2021-04-16,5895,504100,3371,262072,2517,218389,7,23639,3293,141360,2593,192850,3304,334210,Not in California
Outside California,2021-04-17,5511,509611,3462,265534,2048,220437,1,23640,3206,142274,2295,195145,3209,337419,Not in California
Outside California,2021-04-18,2110,511721,1179,266713,930,221367,1,23641,1005,142183,1099,196244,1008,338427,Not in California
Outside California,2021-04-19,4161,515882,2000,268713,2160,223527,1,23642,2151,142338,2000,198244,2155,340582,Not in California
Outside California,2021-04-20,5393,521275,2450,271163,2943,226470,0,23642,2211,141378,3173,201417,2213,342795,Not in California
Outside California,2021-04-21,6400,527675,2677,273840,3718,230188,5,23647,2297,139606,4082,205499,2310,345105,Not in California
Outside California,2021-04-22,6767,534442,3439,277279,3324,233512,4,23651,2486,137831,4267,209766,2492,347597,Not in California
Outside California,2021-04-23,5864,540306,2983,280262,2880,236392,1,23652,2423,136831,3426,213192,2426,350023,Not in California
Outside California,2021-04-24,4635,544941,3033,283295,1597,237989,5,23657,1858,135925,2772,215964,1866,351889,Not in California
Outside California,2021-04-25,2220,547161,1251,284546,968,238957,1,23658,1179,136071,1037,217001,1183,353072,Not in California
Outside California,2021-04-26,4131,551292,1822,286368,2281,241238,28,23686,1873,135723,2249,219250,1901,354973,Not in California
Outside California,2021-04-27,5683,556975,2108,288476,3204,244442,371,24057,1990,134409,3683,222933,2369,357342,Not in California
Outside California,2021-04-28,4843,561818,2059,290535,2389,246831,395,24452,1906,133781,2924,225857,2296,359638,Not in California
Outside California,2021-04-29,4834,566652,2229,292764,2173,249004,432,24884,1822,133043,2992,228849,2254,361892,Not in California
Outside California,2021-04-30,4902,571554,2361,295125,2121,251125,420,25304,1860,132298,3028,231877,2283,364175,Not in California
Outside California,2021-05-01,3158,574712,1827,296952,902,252027,429,25733,1298,132177,1849,233726,1728,365903,Not in California
Outside California,2021-05-02,1863,576575,1088,298040,652,252679,123,25856,842,132124,1018,234744,965,366868,Not in California
Outside California,2021-05-03,2884,579459,1563,299603,1038,253717,283,26139,1120,131768,1759,236503,1403,368271,Not in California
Outside California,2021-05-04,3925,583384,2101,301704,1384,255101,440,26579,1311,130912,2605,239108,1749,370020,Not in California
Outside California,2021-05-05,4410,587794,2462,304166,1577,256678,371,26950,1621,130126,2781,241889,1995,372015,Not in California
Outside California,2021-05-06,4443,592237,2722,306888,1384,258062,337,27287,1549,129124,2888,244777,1886,373901,Not in California
Outside California,2021-05-07,4610,596847,2652,309540,1571,259633,387,27674,1586,128085,3012,247789,1973,375874,Not in California
Outside California,2021-05-08,3190,600037,2142,311682,797,260430,251,27925,1053,127263,2127,249916,1305,377179,Not in California
Outside California,2021-05-09,1358,601395,905,312587,330,260760,123,28048,582,127195,771,250687,703,377882,Not in California
Outside California,2021-05-10,2530,603925,1158,313745,1042,261802,330,28378,902,126807,1622,252309,1234,379116,Not in California
Outside California,2021-05-11,2944,606869,1390,315135,1255,263057,299,28677,1101,126367,1842,254151,1402,380518,Not in California
Outside California,2021-05-12,3174,610043,1511,316646,1337,264394,326,29003,1262,126048,1907,256058,1588,382106,Not in California
Outside California,2021-05-13,3101,613144,1779,318425,1116,265510,206,29209,1363,125885,1732,257790,1569,383675,Not in California
Outside California,2021-05-14,3482,616626,1947,320372,1297,266807,238,29447,1558,125766,1917,259707,1798,385473,Not in California
Outside California,2021-05-15,2617,619243,1532,321904,941,267748,144,29591,1119,125540,1492,261199,1266,386739,Not in California
Outside California,2021-05-16,1613,620856,1028,322932,516,268264,69,29660,729,125458,881,262080,799,387538,Not in California
Outside California,2021-05-17,3034,623890,1599,324531,1200,269464,235,29895,1311,125284,1719,263799,1545,389083,Not in California
Outside California,2021-05-18,3220,627110,1626,326157,1281,270745,313,30208,1445,125281,1764,265563,1761,390844,Not in California
Outside California,2021-05-19,3297,630407,1654,327811,1376,272121,267,30475,1450,125157,1840,267403,1716,392560,Not in California
Outside California,2021-05-20,3090,633497,1698,329509,1158,273279,234,30709,1408,125127,1675,269078,1645,394205,Not in California
Outside California,2021-05-21,3188,636685,1783,331292,1157,274436,248,30957,1382,124962,1795,270873,1630,395835,Not in California
Outside California,2021-05-22,2793,639478,1847,333139,745,275181,201,31158,1537,125451,1250,272123,1739,397574,Not in California
Outside California,2021-05-23,1518,640996,987,334126,453,275634,78,31236,752,125517,765,272888,831,398405,Not in California
Outside California,2021-05-24,2376,643372,1123,335249,906,276540,347,31583,1043,125582,1325,274213,1390,399795,Not in California
Outside California,2021-05-25,2360,645732,1096,336345,934,277474,330,31913,1013,125585,1338,275551,1341,401136,Not in California
Outside California,2021-05-26,2370,648102,1096,337441,923,278397,351,32264,1003,125580,1360,276911,1355,402491,Not in California
Outside California,2021-05-27,2167,650269,1087,338528,794,279191,286,32550,1014,125729,1149,278060,1298,403789,Not in California
Outside California,2021-05-28,2406,652675,1207,339735,852,280043,347,32897,1092,125862,1307,279367,1440,405229,Not in California
Outside California,2021-05-29,1681,654356,853,340588,473,280516,355,33252,733,126006,944,280311,1088,406317,Not in California
Outside California,2021-05-30,920,655276,562,341150,234,280750,124,33376,464,126142,453,280764,589,406906,Not in California
Outside California,2021-05-31,419,655695,186,341336,196,280946,37,33413,180,126133,227,280991,218,407124,Not in California
Outside California,2021-06-01,2116,657811,1104,342440,711,281657,301,33714,1040,126403,1072,282063,1342,408466,Not in California
Outside California,2021-06-02,2086,659897,1074,343514,669,282326,343,34057,1006,126681,1071,283134,1349,409815,Not in California
Outside California,2021-06-03,2156,662053,1193,344707,652,282978,311,34368,1004,126852,1144,284278,1315,411130,Not in California
Outside California,2021-06-04,2538,664591,1425,346132,797,283775,316,34684,1125,126885,1407,285685,1440,412570,Not in California
Outside California,2021-06-05,1723,666314,1214,347346,348,284123,161,34845,813,126953,907,286592,975,413545,Not in California
Outside California,2021-06-06,921,667235,692,348038,148,284271,81,34926,452,127019,467,287059,533,414078,Not in California
Outside California,2021-06-07,1910,669145,1032,349070,548,284819,330,35256,817,127073,1092,288151,1146,415224,Not in California
Outside California,2021-06-08,2054,671199,1180,350250,536,285355,338,35594,805,126971,1244,289395,1142,416366,Not in California
Outside California,2021-06-09,1955,673154,1174,351424,501,285856,280,35874,818,126937,1131,290526,1097,417463,Not in California
Outside California,2021-06-10,1903,675057,1100,352524,498,286354,305,36179,821,126988,1077,291603,1128,418591,Not in California
Outside California,2021-06-11,2146,677203,1230,353754,593,286947,323,36502,925,127023,1214,292817,1249,419840,Not in California
Outside California,2021-06-12,1569,678772,1169,354923,278,287225,122,36624,617,126815,948,293765,740,420580,Not in California
Outside California,2021-06-13,895,679667,606,355529,197,287422,92,36716,390,126796,501,294266,482,421062,Not in California
Outside California,2021-06-14,1719,681386,964,356493,466,287888,289,37005,740,126850,974,295240,1028,422090,Not in California
Outside California,2021-06-15,1679,683065,941,357434,483,288371,255,37260,753,126938,921,296161,1009,423099,Not in California
Outside California,2021-06-16,1532,684597,936,358370,407,288778,189,37449,760,127123,764,296925,949,424048,Not in California
Outside California,2021-06-17,748,685345,326,358696,226,289004,196,37645,287,127148,460,297385,485,424533,Not in California
Unknown,2020-12-17,2,2,2,2,0,0,0,0,0,0,0,0,0,0,Not in California
Unknown,2020-12-18,1,3,1,3,0,0,0,0,0,0,0,0,0,0,Not in California
Unknown,2020-12-21,4,7,4,7,0,0,0,0,0,0,0,0,0,0,Not in California
Unknown,2020-12-28,1,8,1,8,0,0,0,0,1,1,0,0,1,1,Not in California
Unknown,2020-12-29,1,9,1,9,0,0,0,0,1,2,0,0,1,2,Not in California
Unknown,2020-12-30,54,63,54,63,0,0,0,0,54,56,0,0,54,56,Not in California
Unknown,2020-12-31,1,64,0,63,1,1,0,0,0,56,0,0,0,56,Not in California
Unknown,2021-01-02,1,65,0,63,1,2,0,0,1,57,0,0,1,57,Not in California
Unknown,2021-01-04,1,66,1,64,0,2,0,0,1,58,0,0,1,58,Not in California
Unknown,2021-01-06,4,70,2,66,2,4,0,0,4,62,0,0,4,62,Not in California
Unknown,2021-01-07,67,137,67,133,0,4,0,0,66,128,0,0,66,128,Not in California
Unknown,2021-01-09,1,138,1,134,0,4,0,0,1,129,0,0,1,129,Not in California
Unknown,2021-01-11,19,157,19,153,0,4,0,0,19,148,0,0,19,148,Not in California
Unknown,2021-01-12,7,164,6,159,1,5,0,0,5,153,1,1,6,154,Not in California
Unknown,2021-01-13,2,166,2,161,0,5,0,0,3,156,0,1,3,157,Not in California
Unknown,2021-01-14,2,168,2,163,0,5,0,0,2,158,0,1,2,159,Not in California
Unknown,2021-01-15,5,173,4,167,1,6,0,0,5,163,0,1,5,164,Not in California
Unknown,2021-01-16,4,177,4,171,0,6,0,0,4,167,0,1,4,168,Not in California
Unknown,2021-01-17,2,179,2,173,0,6,0,0,2,169,0,1,2,170,Not in California
Unknown,2021-01-18,10,189,10,183,0,6,0,0,10,179,0,1,10,180,Not in California
Unknown,2021-01-19,7,196,7,190,0,6,0,0,6,185,0,1,6,186,Not in California
Unknown,2021-01-20,55,251,55,245,0,6,0,0,4,137,52,53,4,190,Not in California
Unknown,2021-01-21,20,271,18,263,2,8,0,0,21,157,1,54,21,211,Not in California
Unknown,2021-01-22,12,283,7,270,5,13,0,0,12,169,0,54,12,223,Not in California
Unknown,2021-01-23,9,292,3,273,6,19,0,0,9,178,0,54,9,232,Not in California
Unknown,2021-01-24,2,294,2,275,0,19,0,0,3,181,0,54,3,235,Not in California
Unknown,2021-01-25,8,302,6,281,2,21,0,0,6,185,2,56,6,241,Not in California
Unknown,2021-01-26,17,319,17,298,0,21,0,0,20,205,0,56,20,261,Not in California
Unknown,2021-01-27,7,326,7,305,0,21,0,0,5,209,1,57,5,266,Not in California
Unknown,2021-01-28,77,403,75,380,2,23,0,0,21,171,59,116,21,287,Not in California
Unknown,2021-01-29,107,510,107,487,0,23,0,0,111,281,1,117,111,398,Not in California
Unknown,2021-01-30,5,515,3,490,2,25,0,0,8,288,1,118,8,406,Not in California
Unknown,2021-01-31,2,517,2,492,0,25,0,0,3,291,0,118,3,409,Not in California
Unknown,2021-02-01,33,550,32,524,1,26,0,0,17,290,18,136,17,426,Not in California
Unknown,2021-02-02,16,566,15,539,1,27,0,0,13,300,3,139,13,439,Not in California
Unknown,2021-02-03,4,570,4,543,0,27,0,0,2,300,2,141,2,441,Not in California
Unknown,2021-02-04,12,582,8,551,4,31,0,0,8,304,4,145,8,449,Not in California
Unknown,2021-02-05,14,596,11,562,3,34,0,0,11,312,3,148,11,460,Not in California
Unknown,2021-02-06,4,600,4,566,0,34,0,0,2,311,3,151,2,462,Not in California
Unknown,2021-02-07,2,602,2,568,0,34,0,0,2,313,0,151,2,464,Not in California
Unknown,2021-02-08,5,607,4,572,1,35,0,0,1,310,4,155,1,465,Not in California
Unknown,2021-02-09,3,610,3,575,0,35,0,0,0,307,3,158,0,465,Not in California
Unknown,2021-02-10,7,617,3,578,4,39,0,0,6,312,1,159,6,471,Not in California
Unknown,2021-02-11,18,635,17,595,1,40,0,0,6,306,12,171,6,477,Not in California
Unknown,2021-02-12,6,641,4,599,2,42,0,0,2,304,4,175,2,479,Not in California
Unknown,2021-02-13,4,645,0,599,4,46,0,0,4,308,0,175,4,483,Not in California
Unknown,2021-02-14,2,647,1,600,1,47,0,0,1,308,1,176,1,484,Not in California
Unknown,2021-02-15,29,676,26,626,3,50,0,0,24,329,3,179,24,508,Not in California
Unknown,2021-02-16,14,690,8,634,6,56,0,0,8,331,6,185,8,516,Not in California
Unknown,2021-02-17,3,693,1,635,2,58,0,0,2,333,0,185,2,518,Not in California
Unknown,2021-02-18,13,706,8,643,5,63,0,0,5,330,8,193,5,523,Not in California
Unknown,2021-02-19,130,836,125,768,5,68,0,0,32,265,97,290,32,555,Not in California
Unknown,2021-02-21,1,837,1,769,0,68,0,0,0,264,1,291,0,555,Not in California
Unknown,2021-02-23,16,853,5,774,11,79,0,0,5,259,10,301,5,560,Not in California
Unknown,2021-02-24,10,863,3,777,7,86,0,0,8,265,2,303,8,568,Not in California
Unknown,2021-02-25,24,887,11,788,13,99,0,0,14,268,11,314,14,582,Not in California
Unknown,2021-02-26,22,909,10,798,12,111,0,0,9,265,12,326,9,591,Not in California
Unknown,2021-02-27,12,921,8,806,4,115,0,0,8,271,2,328,8,599,Not in California
Unknown,2021-02-28,9,930,7,813,2,117,0,0,6,276,1,329,6,605,Not in California
Unknown,2021-03-01,13,943,3,816,10,127,0,0,7,278,5,334,7,612,Not in California
Unknown,2021-03-02,12,955,3,819,9,136,0,0,6,279,5,339,6,618,Not in California
Unknown,2021-03-03,5,960,1,820,4,140,0,0,4,283,0,339,4,622,Not in California
Unknown,2021-03-04,11,971,8,828,3,143,0,0,7,287,3,342,7,629,Not in California
Unknown,2021-03-05,12,983,4,832,8,151,0,0,13,298,2,344,13,642,Not in California
Unknown,2021-03-06,13,996,7,839,4,155,2,2,11,308,3,347,13,655,Not in California
Unknown,2021-03-08,27,1023,21,860,5,160,1,3,6,294,21,368,7,662,Not in California
Unknown,2021-03-09,10,1033,5,865,2,162,3,6,5,296,6,374,8,670,Not in California
Unknown,2021-03-10,5,1038,2,867,1,163,2,8,3,298,3,377,5,675,Not in California
Unknown,2021-03-11,20,1058,4,871,2,165,14,22,2,298,16,393,16,691,Not in California
Unknown,2021-03-12,38,1096,29,900,4,169,5,27,7,279,31,424,12,703,Not in California
Unknown,2021-03-13,9,1105,0,900,5,174,4,31,1,276,8,432,5,708,Not in California
Unknown,2021-03-14,3,1108,0,900,2,176,1,32,1,276,2,434,2,710,Not in California
Unknown,2021-03-15,17,1125,4,904,11,187,2,34,10,281,7,441,12,722,Not in California
Unknown,2021-03-16,23,1148,3,907,16,203,4,38,15,291,9,450,19,741,Not in California
Unknown,2021-03-17,25,1173,7,914,17,220,1,39,25,315,2,452,26,767,Not in California
Unknown,2021-03-18,22,1195,11,925,11,231,0,39,13,322,6,458,13,780,Not in California
Unknown,2021-03-19,13,1208,7,932,6,237,0,39,11,330,3,461,11,791,Not in California
Unknown,2021-03-20,13,1221,7,939,6,243,0,39,4,329,5,466,4,795,Not in California
Unknown,2021-03-21,7,1228,2,941,5,248,0,39,6,334,1,467,6,801,Not in California
Unknown,2021-03-22,21,1249,6,947,14,262,1,40,9,336,8,475,10,811,Not in California
Unknown,2021-03-23,14,1263,1,948,8,270,5,45,5,337,9,484,10,821,Not in California
Unknown,2021-03-24,12,1275,1,949,11,281,0,45,9,343,3,487,9,830,Not in California
Unknown,2021-03-25,16,1291,6,955,10,291,0,45,13,353,3,490,13,843,Not in California
Unknown,2021-03-26,19,1310,6,961,8,299,5,50,10,360,8,498,15,858,Not in California
Unknown,2021-03-27,22,1332,10,971,9,308,3,53,13,364,12,510,16,874,Not in California
Unknown,2021-03-28,9,1341,3,974,6,314,0,53,7,369,2,512,7,881,Not in California
Unknown,2021-03-29,19,1360,7,981,12,326,0,53,15,380,4,516,15,896,Not in California
Unknown,2021-03-30,15,1375,6,987,9,335,0,53,10,385,5,521,10,906,Not in California
Unknown,2021-03-31,21,1396,11,998,10,345,0,53,16,395,6,527,16,922,Not in California
Unknown,2021-04-01,14,1410,10,1008,4,349,0,53,11,404,2,529,11,933,Not in California
Unknown,2021-04-02,28,1438,10,1018,9,358,9,62,10,405,18,547,19,952,Not in California
Unknown,2021-04-03,12,1450,3,1021,9,367,0,62,9,408,6,553,9,961,Not in California
Unknown,2021-04-04,9,1459,1,1022,8,375,0,62,7,413,2,555,7,968,Not in California
Unknown,2021-04-05,15,1474,3,1025,11,386,1,63,8,416,6,561,9,977,Not in California
Unknown,2021-04-06,12,1486,6,1031,5,391,1,64,8,420,5,566,9,986,Not in California
Unknown,2021-04-07,24,1510,16,1047,7,398,1,65,16,430,6,572,16,1002,Not in California
Unknown,2021-04-08,24,1534,12,1059,7,405,5,70,13,437,11,583,18,1020,Not in California
Unknown,2021-04-09,17,1551,11,1070,6,411,0,70,14,447,4,587,14,1034,Not in California
Unknown,2021-04-10,5,1556,3,1073,1,412,1,71,2,446,4,591,3,1037,Not in California
Unknown,2021-04-11,7,1563,5,1078,2,414,0,71,3,446,3,594,3,1040,Not in California
Unknown,2021-04-12,17,1580,6,1084,10,424,1,72,7,444,10,604,8,1048,Not in California
Unknown,2021-04-13,22,1602,8,1092,14,438,0,72,9,440,13,617,9,1057,Not in California
Unknown,2021-04-14,19,1621,2,1094,17,455,0,72,3,427,16,633,3,1060,Not in California
Unknown,2021-04-15,19,1640,9,1103,9,464,1,73,9,426,10,643,9,1069,Not in California
Unknown,2021-04-16,15,1655,9,1112,6,470,0,73,8,427,7,650,8,1077,Not in California
Unknown,2021-04-17,14,1669,10,1122,4,474,0,73,5,425,8,658,6,1083,Not in California
Unknown,2021-04-18,11,1680,4,1126,7,481,0,73,5,423,7,665,5,1088,Not in California
Unknown,2021-04-19,13,1693,3,1129,10,491,0,73,3,417,9,674,3,1091,Not in California
Unknown,2021-04-20,12,1705,4,1133,8,499,0,73,1,407,11,685,1,1092,Not in California
Unknown,2021-04-21,26,1731,10,1143,16,515,0,73,9,399,17,702,9,1101,Not in California
Unknown,2021-04-22,12,1743,5,1148,7,522,0,73,2,392,9,711,2,1103,Not in California
Unknown,2021-04-23,19,1762,7,1155,12,534,0,73,10,394,8,719,10,1113,Not in California
Unknown,2021-04-24,24,1786,16,1171,8,542,0,73,14,398,10,729,14,1127,Not in California
Unknown,2021-04-25,12,1798,4,1175,8,550,0,73,6,398,6,735,6,1133,Not in California
Unknown,2021-04-26,18,1816,8,1183,10,560,0,73,7,395,10,745,7,1140,Not in California
Unknown,2021-04-27,23,1839,11,1194,11,571,1,74,8,389,15,760,9,1149,Not in California
Unknown,2021-04-28,20,1859,15,1209,4,575,1,75,5,380,15,775,6,1155,Not in California
Unknown,2021-04-29,23,1882,15,1224,8,583,0,75,12,379,13,788,12,1167,Not in California
Unknown,2021-04-30,18,1900,8,1232,6,589,4,79,10,384,9,797,14,1181,Not in California
Unknown,2021-05-01,20,1920,16,1248,4,593,0,79,9,383,10,807,9,1190,Not in California
Unknown,2021-05-02,11,1931,5,1253,6,599,0,79,3,379,7,814,3,1193,Not in California
Unknown,2021-05-03,16,1947,9,1262,4,603,3,82,6,377,10,824,8,1201,Not in California
Unknown,2021-05-04,14,1961,5,1267,5,608,4,86,2,371,12,836,6,1207,Not in California
Unknown,2021-05-05,13,1974,3,1270,9,617,1,87,7,372,7,843,8,1215,Not in California
Unknown,2021-05-06,24,1998,12,1282,5,622,7,94,6,366,19,862,13,1228,Not in California
Unknown,2021-05-07,22,2020,12,1294,7,629,3,97,9,364,14,876,12,1240,Not in California
Unknown,2021-05-08,11,2031,7,1301,2,631,2,99,5,366,5,881,7,1247,Not in California
Unknown,2021-05-09,15,2046,4,1305,7,638,4,103,7,369,8,889,11,1258,Not in California
Unknown,2021-05-10,8,2054,1,1306,4,642,3,106,2,369,5,894,5,1263,Not in California
Unknown,2021-05-11,9,2063,4,1310,2,644,3,109,5,373,4,898,8,1271,Not in California
Unknown,2021-05-12,9,2072,5,1315,3,647,1,110,4,374,4,902,5,1276,Not in California
Unknown,2021-05-13,12,2084,6,1321,1,648,5,115,7,380,7,909,13,1289,Not in California
Unknown,2021-05-14,12,2096,10,1331,1,649,1,116,9,387,2,911,9,1298,Not in California
Unknown,2021-05-15,9,2105,7,1338,2,651,0,116,7,391,3,914,7,1305,Not in California
Unknown,2021-05-16,17,2122,12,1350,4,655,1,117,12,399,5,919,13,1318,Not in California
Unknown,2021-05-17,15,2137,10,1360,3,658,2,119,6,399,8,927,8,1326,Not in California
Unknown,2021-05-18,22,2159,13,1373,7,665,2,121,15,408,8,935,17,1343,Not in California
Unknown,2021-05-19,26,2185,19,1392,6,671,1,122,13,409,13,948,14,1357,Not in California
Unknown,2021-05-20,16,2201,12,1404,3,674,1,123,10,414,6,954,11,1368,Not in California
Unknown,2021-05-21,19,2220,9,1413,6,680,4,127,9,416,11,965,13,1381,Not in California
Unknown,2021-05-22,19,2239,15,1428,3,683,1,128,9,417,9,974,10,1391,Not in California
Unknown,2021-05-23,9,2248,6,1434,3,686,0,128,6,420,3,977,6,1397,Not in California
Unknown,2021-05-24,9,2257,5,1439,3,689,1,129,4,420,5,982,5,1402,Not in California
Unknown,2021-05-25,16,2273,6,1445,4,693,6,135,7,425,8,990,13,1415,Not in California
Unknown,2021-05-26,8,2281,5,1450,2,695,1,136,5,427,4,994,6,1421,Not in California
Unknown,2021-05-27,16,2297,10,1460,4,699,2,138,5,425,9,1003,7,1428,Not in California
Unknown,2021-05-28,21,2318,11,1471,5,704,5,143,12,433,9,1012,17,1445,Not in California
Unknown,2021-05-29,9,2327,9,1480,0,704,0,143,6,436,3,1015,6,1451,Not in California
Unknown,2021-05-30,5,2332,4,1484,0,704,1,144,3,438,2,1017,4,1455,Not in California
Unknown,2021-05-31,1,2333,1,1485,0,704,0,144,0,437,1,1018,0,1455,Not in California
Unknown,2021-06-01,21,2354,9,1494,6,710,6,150,11,444,10,1028,17,1472,Not in California
Unknown,2021-06-02,7,2361,3,1497,4,714,0,150,3,443,4,1032,3,1475,Not in California
Unknown,2021-06-03,16,2377,16,1513,0,714,0,150,9,445,7,1039,9,1484,Not in California
Unknown,2021-06-04,23,2400,14,1527,9,723,0,150,12,446,11,1050,12,1496,Not in California
Unknown,2021-06-05,10,2410,6,1533,3,726,1,151,6,449,4,1054,7,1503,Not in California
Unknown,2021-06-06,23,2433,15,1548,5,731,3,154,8,445,15,1069,11,1514,Not in California
Unknown,2021-06-07,15,2448,7,1555,7,738,1,155,8,447,7,1076,9,1523,Not in California
Unknown,2021-06-08,14,2462,8,1563,4,742,2,157,4,444,9,1085,6,1529,Not in California
Unknown,2021-06-09,18,2480,11,1574,7,749,0,157,8,442,10,1095,8,1537,Not in California
Unknown,2021-06-10,12,2492,9,1583,3,752,0,157,5,440,7,1102,5,1542,Not in California
Unknown,2021-06-11,5,2497,3,1586,1,753,1,158,3,442,2,1104,4,1546,Not in California
Unknown,2021-06-12,12,2509,8,1594,4,757,0,158,8,446,4,1108,8,1554,Not in California
Unknown,2021-06-13,8,2517,4,1598,4,761,0,158,2,442,6,1114,2,1556,Not in California
Unknown,2021-06-14,145,2662,138,1736,4,765,3,161,136,572,9,1123,139,1695,Not in California
Unknown,2021-06-15,15,2677,9,1745,6,771,0,161,5,567,10,1133,5,1700,Not in California
Unknown,2021-06-16,93,2770,87,1832,4,775,2,163,87,651,5,1138,89,1789,Not in California
Unknown,2021-06-17,1,2771,1,1833,0,775,0,163,0,651,0,1138,0,1789,Not in California
Alameda,2020-12-15,37,37,37,37,0,0,0,0,37,37,0,0,37,37,California
Alameda,2020-12-16,209,246,209,246,0,0,0,0,209,246,0,0,209,246,California
Alameda,2020-12-17,507,753,507,753,0,0,0,0,507,753,0,0,507,753,California
Alameda,2020-12-18,1891,2644,1890,2643,1,1,0,0,1891,2644,0,0,1891,2644,California
Alameda,2020-12-19,1416,4060,1416,4059,0,1,0,0,1416,4060,0,0,1416,4060,California
Alameda,2020-12-20,1167,5227,1166,5225,1,2,0,0,1166,5225,1,1,1166,5226,California
Alameda,2020-12-21,1824,7051,1822,7047,2,4,0,0,1823,7048,0,1,1823,7049,California
Alameda,2020-12-22,2074,9125,2021,9068,53,57,0,0,2073,9120,1,2,2073,9122,California
Alameda,2020-12-23,1899,11024,1646,10714,253,310,0,0,1898,11018,0,2,1898,11020,California
Alameda,2020-12-24,1204,12228,748,11462,456,766,0,0,1204,12222,0,2,1204,12224,California
Alameda,2020-12-25,159,12387,124,11586,35,801,0,0,159,12381,0,2,159,12383,California
Alameda,2020-12-26,847,13234,319,11905,528,1329,0,0,847,13228,0,2,847,13230,California
Alameda,2020-12-27,490,13724,253,12158,237,1566,0,0,490,13718,0,2,490,13720,California
Alameda,2020-12-28,1860,15584,958,13116,902,2468,0,0,1860,15578,0,2,1860,15580,California
Alameda,2020-12-29,2462,18046,1073,14189,1389,3857,0,0,2461,18039,0,2,2461,18041,California
Alameda,2020-12-30,3053,21099,1319,15508,1734,5591,0,0,3053,21092,0,2,3053,21094,California
Alameda,2020-12-31,1786,22885,446,15954,1340,6931,0,0,1784,22875,1,3,1784,22878,California
Alameda,2021-01-01,175,23060,72,16026,103,7034,0,0,173,23046,2,5,173,23051,California
Alameda,2021-01-02,724,23784,523,16549,201,7235,0,0,723,23769,0,5,723,23774,California
Alameda,2021-01-03,328,24112,213,16762,115,7350,0,0,325,24091,3,8,325,24099,California
Alameda,2021-01-04,1602,25714,908,17670,694,8044,0,0,1590,25670,11,19,1590,25689,California
Alameda,2021-01-05,2195,27909,1268,18938,927,8971,0,0,1941,27360,251,270,1941,27630,California
Alameda,2021-01-06,3242,31151,1797,20735,1445,10416,0,0,2369,28861,870,1140,2371,30001,California
Alameda,2021-01-07,3779,34930,2118,22853,1661,12077,0,0,2612,30320,1158,2298,2617,32618,California
Alameda,2021-01-08,4741,39671,2704,25557,2037,14114,0,0,3019,31628,1716,4014,3024,35642,California
Alameda,2021-01-09,2012,41683,1368,26925,644,14758,0,0,1158,31932,854,4868,1158,36800,California
Alameda,2021-01-10,1051,42734,832,27757,219,14977,0,0,423,31727,628,5496,423,37223,California
Alameda,2021-01-11,4637,47371,3508,31265,1129,16106,0,0,2845,32789,1790,7286,2852,40075,California
Alameda,2021-01-12,4837,52208,3257,34522,1580,17686,0,0,3457,34871,1378,8664,3460,43535,California
Alameda,2021-01-13,4999,57207,2641,37163,2358,20044,0,0,3812,37502,1183,9847,3814,47349,California
Alameda,2021-01-14,5630,62837,2790,39953,2840,22884,0,0,4736,41356,885,10732,4739,52088,California
Alameda,2021-01-15,5801,68638,2315,42268,3486,26370,0,0,5025,45619,769,11501,5032,57120,California
Alameda,2021-01-16,2971,71609,1396,43664,1575,27945,0,0,2705,48061,266,11767,2708,59828,California
Alameda,2021-01-17,1861,73470,1084,44748,777,28722,0,0,1656,49513,205,11972,1657,61485,California
Alameda,2021-01-18,3142,76612,2024,46772,1118,29840,0,0,2548,51475,588,12560,2550,64035,California
Alameda,2021-01-19,5480,82092,3298,50070,2182,32022,0,0,4289,54577,1189,13749,4291,68326,California
Alameda,2021-01-20,6742,88834,4080,54150,2662,34684,0,0,5454,58760,1275,15024,5458,73784,California
Alameda,2021-01-21,7790,96624,3429,57579,4361,39045,0,0,6946,64874,837,15861,6951,80735,California
Alameda,2021-01-22,6799,103423,2014,59593,4785,43830,0,0,5663,69411,1127,16988,5664,86399,California
Alameda,2021-01-23,3246,106669,945,60538,2301,46131,0,0,2701,71568,544,17532,2701,89100,California
Alameda,2021-01-24,2011,108680,655,61193,1356,47487,0,0,1742,73044,266,17798,1742,90842,California
Alameda,2021-01-25,5141,113821,1971,63164,3170,50657,0,0,3584,75080,1549,19347,3585,94427,California
Alameda,2021-01-26,7292,121113,2303,65467,4989,55646,0,0,5410,78617,1874,21221,5411,99838,California
Alameda,2021-01-27,6672,127785,2054,67521,4618,60264,0,0,4831,81619,1829,23050,4831,104669,California
Alameda,2021-01-28,7836,135621,2552,70073,5284,65548,0,0,5613,85026,2207,25257,5614,110283,California
Alameda,2021-01-29,7971,143592,3188,73261,4783,70331,0,0,6138,89343,1823,27080,6140,116423,California
Alameda,2021-01-30,3421,147013,1686,74947,1735,72066,0,0,2709,91346,706,27786,2709,119132,California
Alameda,2021-01-31,1913,148926,941,75888,972,73038,0,0,1674,92784,236,28022,1674,120806,California
Alameda,2021-02-01,6440,155366,3870,79758,2570,75608,0,0,4311,94976,2120,30142,4312,125118,California
Alameda,2021-02-02,6985,162351,3768,83526,3217,78825,0,0,4654,97306,2324,32466,4654,129772,California
Alameda,2021-02-03,6982,169333,3689,87215,3293,82118,0,0,4309,98953,2667,35133,4314,134086,California
Alameda,2021-02-04,9390,178723,4100,91315,5290,87408,0,0,6291,102163,3086,38219,6296,140382,California
Alameda,2021-02-05,10202,188925,5323,96638,4879,92287,0,0,6337,104648,3859,42078,6344,146726,California
Alameda,2021-02-06,6914,195839,4397,101035,2517,94804,0,0,5786,109306,1128,43206,5786,152512,California
Alameda,2021-02-07,3572,199411,2887,103922,685,95489,0,0,2630,110998,939,44145,2631,155143,California
Alameda,2021-02-08,8055,207466,5773,109695,2282,97771,0,0,5505,113965,2540,46685,5507,160650,California
Alameda,2021-02-09,9597,217063,5770,115465,3827,101598,0,0,5976,116332,3611,50296,5978,166628,California
Alameda,2021-02-10,11403,228466,6739,122204,4664,106262,0,0,6515,117980,4875,55171,6523,173151,California
Alameda,2021-02-11,13896,242362,8011,130215,5885,112147,0,0,8338,120783,5538,60709,8341,181492,California
Alameda,2021-02-12,12436,254798,5666,135881,6770,118917,0,0,7713,123792,4707,65416,7716,189208,California
Alameda,2021-02-13,7743,262541,4049,139930,3694,122611,0,0,5798,127651,1941,67357,5800,195008,California
Alameda,2021-02-14,4019,266560,2537,142467,1482,124093,0,0,2845,129329,1170,68527,2848,197856,California
Alameda,2021-02-15,5627,272187,3177,145644,2450,126543,0,0,3666,131038,1959,70486,3668,201524,California
Alameda,2021-02-16,12456,284643,6950,152594,5506,132049,0,0,9267,137133,3178,73664,9273,210797,California
Alameda,2021-02-17,14056,298699,8360,160954,5696,137745,0,0,10437,143969,3603,77267,10439,221236,California
Alameda,2021-02-18,15809,314508,10060,171014,5749,143494,0,0,11497,151171,4301,81568,11503,232739,California
Alameda,2021-02-19,17797,332305,11555,182569,6242,149736,0,0,11760,156921,6015,87583,11765,244504,California
Alameda,2021-02-20,11965,344270,9683,192252,2282,152018,0,0,9206,163379,2754,90337,9212,253716,California
Alameda,2021-02-21,7780,352050,6835,199087,945,152963,0,0,5283,166177,2485,92822,5283,258999,California
Alameda,2021-02-22,10899,362949,8039,207126,2860,155823,0,0,6857,169015,4028,96850,6866,265865,California
Alameda,2021-02-23,12919,375868,7880,215006,5039,160862,0,0,8050,172212,4859,101709,8056,273921,California
Alameda,2021-02-24,14759,390627,8278,223284,6481,167343,0,0,9555,176632,5141,106850,9561,283482,California
Alameda,2021-02-25,15909,406536,9225,232509,6684,174027,0,0,10063,180890,5814,112664,10072,293554,California
Alameda,2021-02-26,18538,425074,10796,243305,7742,181769,0,0,11778,185959,6713,119377,11782,305336,California
Alameda,2021-02-27,15090,440164,11141,254446,3947,185716,2,2,9336,189568,5731,125108,9340,314676,California
Alameda,2021-02-28,10056,450220,8386,262832,1669,187385,1,3,6497,192536,3531,128639,6499,321175,California
Alameda,2021-03-01,14003,464223,9676,272508,4316,191701,11,14,8555,195710,5400,134039,8574,329749,California
Alameda,2021-03-02,14939,479162,10761,283269,4177,195878,1,15,9785,200370,5133,139172,9793,339542,California
Alameda,2021-03-03,15717,494879,10303,293572,5411,201289,3,18,10767,206220,4924,144096,10774,350316,California
Alameda,2021-03-04,17340,512219,11161,304733,6177,207466,2,20,10950,210818,6354,150450,10952,361268,California
Alameda,2021-03-05,16140,528359,10607,315340,5523,212989,10,30,10918,216575,5178,155628,10935,372203,California
Alameda,2021-03-06,14490,542849,10248,325588,3976,216965,266,296,9606,221610,4837,160465,9872,382075,California
Alameda,2021-03-07,9740,552589,8510,334098,1147,218112,83,379,6958,225898,2755,163220,7043,389118,California
Alameda,2021-03-08,11892,564481,7439,341537,4076,222188,377,756,8893,232217,2949,166169,9268,398386,California
Alameda,2021-03-09,14614,579095,10295,351832,3890,226078,429,1185,7972,234008,6610,172779,8401,406787,California
Alameda,2021-03-10,17371,596466,12064,363896,4758,230836,549,1734,7832,232874,9511,182290,8377,415164,California
Alameda,2021-03-11,19679,616145,11554,375450,6421,237257,1704,3438,6665,228247,12984,195274,8357,423521,California
Alameda,2021-03-12,21274,637419,12494,387944,7083,244340,1697,5135,7310,223307,13934,209208,8994,432515,California
Alameda,2021-03-13,15992,653411,10286,398230,4705,249045,1001,6136,5034,218411,10923,220131,6027,438542,California
Alameda,2021-03-14,10844,664255,8005,406235,2060,251105,779,6915,3278,214914,7544,227675,4047,442589,California
Alameda,2021-03-15,14388,678643,9422,415657,4442,255547,524,7439,6192,213462,8165,235840,6713,449302,California
Alameda,2021-03-16,17124,695767,11145,426802,5446,260993,533,7972,7300,211522,9773,245613,7833,457135,California
Alameda,2021-03-17,17490,713257,9911,436713,6853,267846,726,8698,8099,211001,9342,254955,8821,465956,California
Alameda,2021-03-18,19098,732355,10413,447126,7796,275642,889,9587,8601,210030,10465,265420,9494,475450,California
Alameda,2021-03-19,19318,751673,10593,457719,6940,282582,1785,11372,7533,207603,11735,277155,9308,484758,California
Alameda,2021-03-20,15737,767410,10318,468037,4564,287146,855,12227,6294,205336,9410,286565,7143,491901,California
Alameda,2021-03-21,9172,776582,7206,475243,1410,288556,556,12783,3365,203461,5796,292361,3921,495822,California
Alameda,2021-03-22,14989,791571,10101,485344,3879,292435,1009,13792,6768,203039,8191,300552,7769,503591,California
Alameda,2021-03-23,19217,810788,11658,497002,6744,299179,815,14607,9716,204125,9449,310001,10535,514126,California
Alameda,2021-03-24,19222,830010,11644,508646,6554,305733,1024,15631,8367,202716,10790,320791,9381,523507,California
Alameda,2021-03-25,20482,850492,11359,520005,7713,313446,1410,17041,9330,202362,11081,331872,10727,534234,California
Alameda,2021-03-26,20895,871387,12600,532605,6728,320174,1567,18608,8383,199835,12463,344335,9936,544170,California
Alameda,2021-03-27,18303,889690,12488,545093,4862,325036,953,19561,7486,197493,10768,355103,8426,552596,California
Alameda,2021-03-28,10647,900337,8690,553783,1754,326790,203,19764,3437,193943,7193,362296,3643,556239,California
Alameda,2021-03-29,14662,914999,9395,563178,4272,331062,995,20759,5806,191924,8818,371114,6799,563038,California
Alameda,2021-03-30,18530,933529,9794,572972,7014,338076,1722,22481,9229,193600,9264,380378,10940,573978,California
Alameda,2021-03-31,19291,952820,10144,583116,7040,345116,2107,24588,8944,194322,10316,390694,11038,585016,California
Alameda,2021-04-01,23258,976078,9940,593056,7630,352746,5688,30276,10972,198720,12232,402926,16630,601646,California
Alameda,2021-04-02,24006,1000084,9830,602886,8294,361040,5882,36158,11577,203755,12392,415318,17427,619073,California
Alameda,2021-04-03,20281,1020365,9769,612655,5652,366692,4860,41018,10237,208823,10019,425337,15087,634160,California
Alameda,2021-04-04,9929,1030294,3978,616633,2251,368943,3700,44718,3445,209498,6465,431802,7140,641300,California
Alameda,2021-04-05,17780,1048074,7481,624114,5480,374423,4819,49537,7236,211030,10519,442321,12051,653351,California
Alameda,2021-04-06,22137,1070211,10616,634730,5646,380069,5875,55412,10031,214842,12069,454390,15881,669232,California
Alameda,2021-04-07,22517,1092728,11532,646262,5505,385574,5480,60892,11388,220609,11085,465475,16852,686084,California
Alameda,2021-04-08,25508,1118236,11475,657737,6013,391587,8020,68912,10890,224957,14536,480011,18884,704968,California
Alameda,2021-04-09,23338,1141574,10628,668365,7467,399054,5243,74155,12038,230969,11264,491275,17276,722244,California
Alameda,2021-04-10,19295,1160869,7489,675854,5639,404693,6167,80322,8258,234364,11011,502286,14406,736650,California
Alameda,2021-04-11,11018,1171887,4830,680684,2229,406922,3959,84281,4514,236336,6485,508771,8457,745107,California
Alameda,2021-04-12,18112,1189999,11799,692483,4342,411264,1971,86252,10290,240806,7785,516556,12255,757362,California
Alameda,2021-04-13,23123,1213122,14719,707202,8344,419608,60,86312,17114,252036,5955,522511,17185,774547,California
Alameda,2021-04-14,23257,1236379,15302,722504,7953,427561,2,86314,15704,260238,7511,530022,15713,790260,California
Alameda,2021-04-15,24199,1260578,15458,737962,8738,436299,3,86317,16155,268425,7980,538002,16167,806427,California
Alameda,2021-04-16,24514,1285092,14449,752411,10059,446358,6,86323,15860,275720,8594,546596,15889,822316,California
Alameda,2021-04-17,20983,1306075,14514,766925,6467,452825,2,86325,14552,283898,6391,552987,14569,836885,California
Alameda,2021-04-18,10045,1316120,7722,774647,2323,455148,0,86325,6989,287868,3027,556014,6997,843882,California
Alameda,2021-04-19,15639,1331759,9743,784390,5895,461043,1,86326,9108,290499,6490,562504,9121,853003,California
Alameda,2021-04-20,18114,1349873,11103,795493,7009,468052,2,86328,9995,292449,8071,570575,10021,863024,California
Alameda,2021-04-21,19076,1368949,11156,806649,7909,475961,11,86339,11187,295831,7833,578408,11215,874239,California
Alameda,2021-04-22,21347,1390296,13731,820380,7611,483572,5,86344,11405,297375,9889,588297,11433,885672,California
Alameda,2021-04-23,21752,1412048,14047,834427,7701,491273,4,86348,12258,300228,9436,597733,12289,897961,California
Alameda,2021-04-24,18915,1430963,14375,848802,4532,495805,8,86356,10051,301475,8822,606555,10069,908030,California
Alameda,2021-04-25,8976,1439939,6990,855792,1985,497790,1,86357,5889,304314,3061,609616,5900,913930,California
Alameda,2021-04-26,14389,1454328,9963,865755,4400,502190,26,86383,8975,307944,5381,614997,9011,922941,California
Alameda,2021-04-27,16242,1470570,9613,875368,6261,508451,368,86751,7710,307564,8480,623477,8100,931041,California
Alameda,2021-04-28,16388,1486958,10351,885719,5572,514023,465,87216,6666,305018,9689,633166,7143,938184,California
Alameda,2021-04-29,17133,1504091,10252,895971,6550,520573,331,87547,6396,301081,10684,643850,6747,944931,California
Alameda,2021-04-30,19970,1524061,12503,908474,7127,527700,340,87887,8275,298123,11612,655462,8654,953585,California
Alameda,2021-05-01,13952,1538013,9340,917814,4405,532105,207,88094,5231,294904,8684,664146,5465,959050,California
Alameda,2021-05-02,7056,1545069,4925,922739,1962,534067,169,88263,2878,293795,4160,668306,3051,962101,California
Alameda,2021-05-03,14549,1559618,10952,933691,3278,537345,319,88582,2844,285342,11646,679952,3193,965294,California
Alameda,2021-05-04,18365,1577983,13187,946878,4814,542159,364,88946,3678,274795,14621,694573,4074,969368,California
Alameda,2021-05-05,18333,1596316,13332,960210,4492,546651,509,89455,3716,264479,14555,709128,4239,973607,California
Alameda,2021-05-06,18676,1614992,14110,974320,3871,550522,695,90150,3674,253935,14927,724055,4383,977990,California
Alameda,2021-05-07,19166,1634158,12875,987195,5878,556400,413,90563,4390,244048,14706,738761,4819,982809,California
Alameda,2021-05-08,16464,1650622,11263,998458,4990,561390,211,90774,3100,234052,13323,752084,3327,986136,California
Alameda,2021-05-09,8527,1659149,6984,1005442,1400,562790,143,90917,1440,228574,7065,759149,1587,987723,California
Alameda,2021-05-10,10111,1669260,6926,1012368,2862,565652,323,91240,2517,223862,7561,766710,2849,990572,California
Alameda,2021-05-11,15217,1684477,8192,1020560,6711,572363,314,91554,2807,214658,12361,779071,3157,993729,California
Alameda,2021-05-12,13316,1697793,8859,1029419,4015,576378,442,91996,2977,207816,10292,789363,3450,997179,California
Alameda,2021-05-13,17651,1715444,12664,1042083,4443,580821,544,92540,5656,202100,11947,801310,6231,1003410,California
Alameda,2021-05-14,20472,1735916,13872,1055955,6136,586957,464,93004,7038,196257,13357,814667,7514,1010924,California
Alameda,2021-05-15,17039,1752955,12382,1068337,4428,591385,229,93233,5745,190988,11247,825914,5978,1016902,California
Alameda,2021-05-16,8403,1761358,7185,1075522,1126,592511,92,93325,2797,188308,5574,831488,2894,1019796,California
Alameda,2021-05-17,13403,1774761,9991,1085513,2885,595396,527,93852,4199,183882,9166,840654,4740,1024536,California
Alameda,2021-05-18,14163,1788924,10309,1095822,3433,598829,421,94273,5021,180227,9099,849753,5444,1029980,California
Alameda,2021-05-19,14426,1803350,9897,1105719,4197,603026,332,94605,6002,178189,8373,858126,6335,1036315,California
Alameda,2021-05-20,13218,1816568,8709,1114428,3974,607000,535,95140,5812,177181,7356,865482,6348,1042663,California
Alameda,2021-05-21,15247,1831815,10019,1124447,4958,611958,270,95410,5186,172649,9994,875476,5462,1048125,California
Alameda,2021-05-22,10237,1842052,7396,1131843,2675,614633,166,95576,4129,170871,6079,881555,4301,1052426,California
Alameda,2021-05-23,4910,1846962,3734,1135577,1087,615720,89,95665,1600,169271,3290,884845,1690,1054116,California
Alameda,2021-05-24,6949,1853911,3940,1139517,2756,618476,253,95918,2642,167905,4266,889111,2900,1057016,California
Alameda,2021-05-25,7978,1861889,5159,1144676,2565,621041,254,96172,3588,167386,4357,893468,3838,1060854,California
Alameda,2021-05-26,8238,1870127,5152,1149828,2788,623829,298,96470,3631,166726,4583,898051,3923,1064777,California
Alameda,2021-05-27,8089,1878216,4869,1154697,2872,626701,348,96818,3425,165872,4622,902673,3768,1068545,California
Alameda,2021-05-28,8581,1886797,5018,1159715,3338,630039,225,97043,3649,164841,4907,907580,3876,1072421,California
Alameda,2021-05-29,4896,1891693,2943,1162658,1767,631806,186,97229,2536,165225,2340,909920,2724,1075145,California
Alameda,2021-05-30,2431,1894124,1590,1164248,752,632558,89,97318,973,164837,1450,911370,1062,1076207,California
Alameda,2021-05-31,1154,1895278,854,1165102,245,632803,55,97373,345,164443,794,912164,400,1076607,California
Alameda,2021-06-01,7098,1902376,4974,1170076,1881,634684,243,97616,3090,163796,3981,916145,3334,1079941,California
Alameda,2021-06-02,5792,1908168,3604,1173680,1966,636650,222,97838,2247,162744,3514,919659,2462,1082403,California
Alameda,2021-06-03,8443,1916611,6374,1180054,1789,638439,280,98118,2940,160494,5467,925126,3217,1085620,California
Alameda,2021-06-04,10405,1927016,7658,1187712,2505,640944,242,98360,2960,156293,7404,932530,3203,1088823,California
Alameda,2021-06-05,8021,1935037,5817,1193529,2042,642986,162,98522,1904,152274,6083,938613,2064,1090887,California
Alameda,2021-06-06,3624,1938661,3268,1196797,275,643261,81,98603,1085,150909,2531,941144,1166,1092053,California
Alameda,2021-06-07,5774,1944435,4225,1201022,1374,644635,175,98778,1770,148873,3982,945126,1946,1093999,California
Alameda,2021-06-08,7237,1951672,5778,1206800,1215,645850,244,99022,2130,146164,5082,950208,2373,1096372,California
Alameda,2021-06-09,7261,1958933,5937,1212737,1129,646979,195,99217,1699,142514,5539,955747,1889,1098261,California
Alameda,2021-06-10,7968,1966901,6669,1219406,997,647976,302,99519,2148,139165,5796,961543,2447,1100708,California
Alameda,2021-06-11,8018,1974919,6136,1225542,1659,649635,223,99742,2472,136344,5520,967063,2699,1103407,California
Alameda,2021-06-12,5463,1980382,4181,1229723,1095,650730,187,99929,1355,133808,4083,971146,1547,1104954,California
Alameda,2021-06-13,2226,1982608,1681,1231404,423,651153,122,100051,627,132967,1588,972734,747,1105701,California
Alameda,2021-06-14,4522,1987130,3402,1234806,911,652064,209,100260,1669,132010,2834,975568,1877,1107578,California
Alameda,2021-06-15,5965,1993095,4339,1239145,1346,653410,280,100540,1777,129915,4152,979720,2057,1109635,California
Alameda,2021-06-16,5067,1998162,4056,1243201,819,654229,192,100732,1500,128053,3551,983271,1689,1111324,California
Alameda,2021-06-17,3567,2001729,2899,1246100,505,654734,163,100895,1069,126801,2485,985756,1233,1112557,California
Alpine,2020-12-18,2,2,2,2,0,0,0,0,2,2,0,0,2,2,California
Alpine,2020-12-19,2,4,2,4,0,0,0,0,2,4,0,0,2,4,California
Alpine,2020-12-21,1,5,1,5,0,0,0,0,1,5,0,0,1,5,California
Alpine,2020-12-30,14,19,0,5,14,14,0,0,14,19,0,0,14,19,California
Alpine,2020-12-31,1,20,0,5,1,15,0,0,1,20,0,0,1,20,California
Alpine,2021-01-01,1,21,0,5,1,16,0,0,1,21,0,0,1,21,California
Alpine,2021-01-02,1,22,1,6,0,16,0,0,1,22,0,0,1,22,California
Alpine,2021-01-04,10,32,0,6,10,26,0,0,10,32,0,0,10,32,California
Alpine,2021-01-05,8,40,0,6,8,34,0,0,8,40,0,0,8,40,California
Alpine,2021-01-06,31,71,0,6,31,65,0,0,31,71,0,0,31,71,California
Alpine,2021-01-07,8,79,0,6,8,73,0,0,8,79,0,0,8,79,California
Alpine,2021-01-08,4,83,2,8,2,75,0,0,2,79,2,2,2,81,California
Alpine,2021-01-09,2,85,2,10,0,75,0,0,0,77,2,4,0,81,California
Alpine,2021-01-11,32,117,1,11,31,106,0,0,31,107,1,5,31,112,California
Alpine,2021-01-13,35,152,0,11,35,141,0,0,35,142,0,5,35,147,California
Alpine,2021-01-14,1,153,0,11,1,142,0,0,1,143,0,5,1,148,California
Alpine,2021-01-15,1,154,0,11,1,143,0,0,1,144,0,5,1,149,California
Alpine,2021-01-20,21,175,0,11,21,164,0,0,21,165,0,5,21,170,California
Alpine,2021-01-21,1,176,0,11,1,165,0,0,1,166,0,5,1,171,California
Alpine,2021-01-22,33,209,0,11,33,198,0,0,33,199,0,5,33,204,California
Alpine,2021-01-23,1,210,1,12,0,198,0,0,0,198,1,6,0,204,California
Alpine,2021-01-25,16,226,0,12,16,214,0,0,16,214,0,6,16,220,California
Alpine,2021-01-28,1,227,0,12,1,215,0,0,0,213,1,7,0,220,California
Alpine,2021-01-29,1,228,0,12,1,216,0,0,1,214,0,7,1,221,California
Alpine,2021-02-01,25,253,0,12,25,241,0,0,7,203,18,25,7,228,California
Alpine,2021-02-03,34,287,0,12,34,275,0,0,10,189,24,49,10,238,California
Alpine,2021-02-04,8,295,0,12,8,283,0,0,3,187,5,54,3,241,California
Alpine,2021-02-05,31,326,0,12,31,314,0,0,12,180,19,73,12,253,California
Alpine,2021-02-08,32,358,0,12,32,346,0,0,4,156,28,101,4,257,California
Alpine,2021-02-10,34,392,0,12,34,380,0,0,0,122,34,135,0,257,California
Alpine,2021-02-11,6,398,0,12,6,386,0,0,3,122,3,138,3,260,California
Alpine,2021-02-12,1,399,0,12,1,387,0,0,0,121,1,139,0,260,California
Alpine,2021-02-17,23,422,0,12,23,410,0,0,3,104,20,159,3,263,California
Alpine,2021-02-18,2,424,0,12,2,412,0,0,1,104,1,160,1,264,California
Alpine,2021-02-19,34,458,1,13,33,445,0,0,2,74,32,192,2,266,California
Alpine,2021-02-22,27,485,0,13,27,472,0,0,8,63,19,211,8,274,California
Alpine,2021-02-25,5,490,0,13,5,477,0,0,5,68,0,211,5,279,California
Alpine,2021-02-26,30,520,1,14,29,506,0,0,29,96,1,212,29,308,California
Alpine,2021-02-27,1,521,0,14,1,507,0,0,1,97,0,212,1,309,California
Alpine,2021-03-01,36,557,0,14,36,543,0,0,26,113,10,222,26,335,California
Alpine,2021-03-03,29,586,0,14,29,572,0,0,18,120,11,233,18,353,California
Alpine,2021-03-04,11,597,1,15,10,582,0,0,11,131,0,233,11,364,California
Alpine,2021-03-05,30,627,0,15,30,612,0,0,22,145,8,241,22,386,California
Alpine,2021-03-08,31,658,0,15,31,643,0,0,29,172,2,243,29,415,California
Alpine,2021-03-10,73,731,0,15,73,716,0,0,73,245,0,243,73,488,California
Alpine,2021-03-11,35,766,0,15,35,751,0,0,31,272,4,247,31,519,California
Alpine,2021-03-12,19,785,0,15,19,770,0,0,17,287,2,249,17,536,California
Alpine,2021-03-15,20,805,0,15,20,790,0,0,19,305,1,250,19,555,California
Alpine,2021-03-17,23,828,0,15,22,812,1,1,19,321,4,254,20,575,California
Alpine,2021-03-18,35,863,0,15,35,847,0,1,34,354,1,255,34,609,California
Alpine,2021-03-19,2,865,1,16,1,848,0,1,1,354,1,256,1,610,California
Alpine,2021-03-22,24,889,0,16,24,872,0,1,15,360,9,265,15,625,California
Alpine,2021-03-24,19,908,0,16,19,891,0,1,8,357,11,276,8,633,California
Alpine,2021-03-25,35,943,1,17,33,924,1,2,27,378,7,283,28,661,California
Alpine,2021-03-27,1,944,0,17,1,925,0,2,0,377,1,284,0,661,California
Alpine,2021-03-28,1,945,1,18,0,925,0,2,1,378,0,284,1,662,California
Alpine,2021-03-29,19,964,0,18,18,943,1,3,2,364,17,301,3,665,California
Alpine,2021-04-01,18,982,0,18,18,961,0,3,8,362,10,311,8,673,California
Alpine,2021-04-02,100,1082,0,18,100,1061,0,3,45,353,54,365,45,718,California
Alpine,2021-04-05,3,1085,0,18,3,1064,0,3,0,350,3,368,0,718,California
Alpine,2021-04-06,2,1087,1,19,1,1065,0,3,1,350,1,369,1,719,California
Alpine,2021-04-07,117,1204,0,19,116,1181,1,4,30,295,86,455,31,750,California
Alpine,2021-04-08,35,1239,0,19,35,1216,0,4,10,280,25,480,10,760,California
Alpine,2021-04-09,2,1241,0,19,2,1218,0,4,2,282,0,480,2,762,California
Alpine,2021-04-14,47,1288,0,19,47,1265,0,4,10,255,37,517,10,772,California
Alpine,2021-04-15,35,1323,0,19,35,1300,0,4,3,226,32,549,3,775,California
Alpine,2021-04-19,1,1324,0,19,1,1301,0,4,1,227,0,549,1,776,California
Alpine,2021-04-21,31,1355,0,19,31,1332,0,4,15,226,16,565,15,791,California
Alpine,2021-04-22,24,1379,0,19,24,1356,0,4,1,204,23,588,1,792,California
Alpine,2021-04-25,1,1380,1,20,0,1356,0,4,0,203,1,589,0,792,California
Alpine,2021-04-27,1,1381,0,20,1,1357,0,4,1,204,0,589,1,793,California
Alpine,2021-04-28,36,1417,0,20,36,1393,0,4,6,180,30,619,6,799,California
Alpine,2021-04-29,6,1423,0,20,6,1399,0,4,0,174,6,625,0,799,California
Alpine,2021-04-30,2,1425,1,21,0,1399,1,5,1,175,1,626,2,801,California
Alpine,2021-05-02,1,1426,0,21,0,1399,1,6,0,175,1,627,1,802,California
Alpine,2021-05-05,17,1443,0,21,17,1416,0,6,4,166,13,640,4,806,California
Alpine,2021-05-06,8,1451,0,21,8,1424,0,6,0,158,8,648,0,806,California
Alpine,2021-05-07,1,1452,0,21,1,1425,0,6,0,157,1,649,0,806,California
Alpine,2021-05-10,1,1453,0,21,1,1426,0,6,1,158,0,649,1,807,California
Alpine,2021-05-12,1,1454,0,21,0,1426,1,7,0,158,1,650,1,808,California
Alpine,2021-05-13,3,1457,0,21,3,1429,0,7,0,155,3,653,0,808,California
Alpine,2021-05-17,2,1459,0,21,2,1431,0,7,1,155,1,654,1,809,California
Alpine,2021-05-18,1,1460,0,21,1,1432,0,7,1,156,0,654,1,810,California
Alpine,2021-05-19,15,1475,0,21,15,1447,0,7,0,141,15,669,0,810,California
Alpine,2021-05-21,1,1476,1,22,0,1447,0,7,0,140,1,670,0,810,California
Alpine,2021-05-25,1,1477,0,22,1,1448,0,7,0,139,1,671,0,810,California
Alpine,2021-05-27,1,1478,0,22,1,1449,0,7,1,140,0,671,1,811,California
Alpine,2021-05-28,2,1480,1,23,1,1450,0,7,2,142,0,671,2,813,California
Alpine,2021-05-29,1,1481,0,23,1,1451,0,7,1,143,0,671,1,814,California
Alpine,2021-06-02,8,1489,0,23,8,1459,0,7,1,137,7,678,1,815,California
Alpine,2021-06-04,1,1490,0,23,1,1460,0,7,1,138,0,678,1,816,California
Alpine,2021-06-07,1,1491,0,23,1,1461,0,7,0,137,1,679,0,816,California
Alpine,2021-06-10,1,1492,1,24,0,1461,0,7,1,138,0,679,1,817,California
Alpine,2021-06-15,1,1493,0,24,1,1462,0,7,0,137,1,680,0,817,California
Amador,2020-12-16,2,2,2,2,0,0,0,0,2,2,0,0,2,2,California
Amador,2020-12-17,5,7,5,7,0,0,0,0,5,7,0,0,5,7,California
Amador,2020-12-18,45,52,45,52,0,0,0,0,45,52,0,0,45,52,California
Amador,2020-12-19,16,68,16,68,0,0,0,0,16,68,0,0,16,68,California
Amador,2020-12-20,4,72,4,72,0,0,0,0,4,72,0,0,4,72,California
Amador,2020-12-21,30,102,30,102,0,0,0,0,30,102,0,0,30,102,California
Amador,2020-12-22,35,137,34,136,1,1,0,0,35,137,0,0,35,137,California
Amador,2020-12-23,40,177,39,175,1,2,0,0,40,177,0,0,40,177,California
Amador,2020-12-24,5,182,3,178,2,4,0,0,5,182,0,0,5,182,California
Amador,2020-12-26,5,187,4,182,1,5,0,0,5,187,0,0,5,187,California
Amador,2020-12-27,1,188,0,182,1,6,0,0,1,188,0,0,1,188,California
Amador,2020-12-28,31,219,27,209,4,10,0,0,31,219,0,0,31,219,California
Amador,2020-12-29,25,244,18,227,7,17,0,0,25,244,0,0,25,244,California
Amador,2020-12-30,122,366,76,303,46,63,0,0,122,366,0,0,122,366,California
Amador,2020-12-31,194,560,168,471,26,89,0,0,194,560,0,0,194,560,California
Amador,2021-01-01,2,562,0,471,2,91,0,0,2,562,0,0,2,562,California
Amador,2021-01-02,57,619,57,528,0,91,0,0,57,619,0,0,57,619,California
Amador,2021-01-03,66,685,17,545,49,140,0,0,66,685,0,0,66,685,California
Amador,2021-01-04,124,809,1,546,123,263,0,0,124,809,0,0,124,809,California
Amador,2021-01-05,34,843,3,549,31,294,0,0,32,840,2,2,33,842,California
Amador,2021-01-06,40,883,11,560,29,323,0,0,36,872,4,6,36,878,California
Amador,2021-01-07,228,1111,68,628,160,483,0,0,217,1078,11,17,217,1095,California
Amador,2021-01-08,85,1196,70,698,15,498,0,0,41,1076,44,61,42,1137,California
Amador,2021-01-09,11,1207,11,709,0,498,0,0,2,1069,9,70,2,1139,California
Amador,2021-01-10,6,1213,4,713,2,500,0,0,2,1067,4,74,2,1141,California
Amador,2021-01-11,124,1337,43,756,81,581,0,0,88,1120,36,110,89,1230,California
Amador,2021-01-12,66,1403,50,806,16,597,0,0,42,1138,24,134,42,1272,California
Amador,2021-01-13,40,1443,24,830,16,613,0,0,28,1154,12,146,28,1300,California
Amador,2021-01-14,149,1592,22,852,127,740,0,0,139,1284,10,156,140,1440,California
Amador,2021-01-15,61,1653,26,878,35,775,0,0,52,1327,9,165,52,1492,California
Amador,2021-01-16,17,1670,11,889,6,781,0,0,11,1333,6,171,12,1504,California
Amador,2021-01-17,26,1696,5,894,21,802,0,0,26,1359,0,171,26,1530,California
Amador,2021-01-18,30,1726,26,920,4,806,0,0,9,1347,21,192,9,1539,California
Amador,2021-01-19,124,1850,99,1019,25,831,0,0,81,1385,43,235,81,1620,California
Amador,2021-01-20,179,2029,30,1049,149,980,0,0,165,1537,13,248,165,1785,California
Amador,2021-01-21,258,2287,229,1278,29,1009,0,0,147,1574,111,359,148,1933,California
Amador,2021-01-22,135,2422,73,1351,62,1071,0,0,128,1695,7,366,128,2061,California
Amador,2021-01-23,54,2476,32,1383,22,1093,0,0,51,1743,3,369,51,2112,California
Amador,2021-01-24,28,2504,12,1395,16,1109,0,0,25,1765,3,372,25,2137,California
Amador,2021-01-25,59,2563,29,1424,30,1139,0,0,41,1788,18,390,41,2178,California
Amador,2021-01-26,242,2805,16,1440,226,1365,0,0,232,2010,10,400,232,2410,California
Amador,2021-01-27,301,3106,33,1473,268,1633,0,0,254,2220,45,445,255,2665,California
Amador,2021-01-28,369,3475,97,1570,272,1905,0,0,288,2428,81,526,289,2954,California
Amador,2021-01-29,99,3574,33,1603,66,1971,0,0,84,2497,15,541,84,3038,California
Amador,2021-01-30,168,3742,36,1639,132,2103,0,0,163,2655,5,546,163,3201,California
Amador,2021-01-31,33,3775,28,1667,5,2108,0,0,32,2686,1,547,32,3233,California
Amador,2021-02-01,66,3841,24,1691,42,2150,0,0,39,2698,27,574,39,3272,California
Amador,2021-02-02,213,4054,64,1755,149,2299,0,0,126,2740,84,658,126,3398,California
Amador,2021-02-03,139,4193,38,1793,101,2400,0,0,88,2778,50,708,88,3486,California
Amador,2021-02-04,249,4442,74,1867,175,2575,0,0,163,2857,86,794,165,3651,California
Amador,2021-02-05,334,4776,63,1930,271,2846,0,0,317,3157,17,811,317,3968,California
Amador,2021-02-06,98,4874,80,2010,18,2864,0,0,94,3247,4,815,94,4062,California
Amador,2021-02-07,39,4913,35,2045,4,2868,0,0,35,3279,4,819,36,4098,California
Amador,2021-02-08,91,5004,63,2108,28,2896,0,0,74,3336,17,836,74,4172,California
Amador,2021-02-09,173,5177,80,2188,93,2989,0,0,106,3375,67,903,106,4278,California
Amador,2021-02-10,980,6157,80,2268,900,3889,0,0,947,4289,33,936,947,5225,California
Amador,2021-02-11,306,6463,118,2386,188,4077,0,0,196,4377,108,1044,196,5421,California
Amador,2021-02-12,328,6791,120,2506,208,4285,0,0,255,4559,73,1117,255,5676,California
Amador,2021-02-13,164,6955,79,2585,85,4370,0,0,141,4677,23,1140,141,5817,California
Amador,2021-02-14,123,7078,54,2639,69,4439,0,0,105,4764,18,1158,105,5922,California
Amador,2021-02-15,188,7266,60,2699,128,4567,0,0,171,4919,16,1174,171,6093,California
Amador,2021-02-16,464,7730,51,2750,413,4980,0,0,425,5306,39,1213,426,6519,California
Amador,2021-02-17,263,7993,85,2835,178,5158,0,0,166,5375,97,1310,166,6685,California
Amador,2021-02-18,394,8387,97,2932,297,5455,0,0,332,5645,62,1372,332,7017,California
Amador,2021-02-19,192,8579,76,3008,116,5571,0,0,108,5669,84,1456,108,7125,California
Amador,2021-02-20,93,8672,31,3039,62,5633,0,0,65,5706,28,1484,65,7190,California
Amador,2021-02-21,45,8717,33,3072,12,5645,0,0,13,5688,31,1515,13,7203,California
Amador,2021-02-22,66,8783,26,3098,40,5685,0,0,32,5687,33,1548,32,7235,California
Amador,2021-02-23,321,9104,56,3154,265,5950,0,0,142,5650,179,1727,142,7377,California
Amador,2021-02-24,396,9500,59,3213,337,6287,0,0,265,5788,127,1854,265,7642,California
Amador,2021-02-25,527,10027,122,3335,405,6692,0,0,281,5824,245,2099,281,7923,California
Amador,2021-02-26,630,10657,80,3415,550,7242,0,0,514,6223,115,2214,514,8437,California
Amador,2021-02-27,294,10951,97,3512,197,7439,0,0,101,6134,192,2406,103,8540,California
Amador,2021-02-28,105,11056,54,3566,51,7490,0,0,60,6151,45,2451,62,8602,California
Amador,2021-03-01,199,11255,70,3636,129,7619,0,0,127,6207,72,2523,128,8730,California
Amador,2021-03-02,382,11637,61,3697,321,7940,0,0,335,6496,47,2570,336,9066,California
Amador,2021-03-03,242,11879,82,3779,160,8100,0,0,166,6588,75,2645,167,9233,California
Amador,2021-03-04,493,12372,113,3892,380,8480,0,0,393,6882,99,2744,393,9626,California
Amador,2021-03-05,512,12884,76,3968,436,8916,0,0,291,6956,219,2963,293,9919,California
Amador,2021-03-06,97,12981,45,4013,51,8967,1,1,56,6972,41,3004,57,9976,California
Amador,2021-03-07,66,13047,44,4057,22,8989,0,1,23,6952,43,3047,23,9999,California
Amador,2021-03-08,150,13197,69,4126,80,9069,1,2,90,6983,60,3107,91,10090,California
Amador,2021-03-09,374,13571,49,4175,325,9394,0,2,293,7200,77,3184,294,10384,California
Amador,2021-03-10,514,14085,77,4252,435,9829,2,4,111,6912,403,3587,115,10499,California
Amador,2021-03-11,471,14556,117,4369,344,10173,10,14,298,7051,172,3759,311,10810,California
Amador,2021-03-12,569,15125,67,4436,495,10668,7,21,340,7176,228,3987,353,11163,California
Amador,2021-03-13,115,15240,17,4453,91,10759,7,28,75,7222,40,4027,86,11249,California
Amador,2021-03-14,86,15326,17,4470,67,10826,2,30,21,7180,65,4092,23,11272,California
Amador,2021-03-15,181,15507,25,4495,149,10975,7,37,53,7113,128,4220,61,11333,California
Amador,2021-03-16,451,15958,53,4548,389,11364,9,46,138,6949,311,4531,147,11480,California
Amador,2021-03-17,200,16158,44,4592,153,11517,3,49,122,6996,78,4609,125,11605,California
Amador,2021-03-18,480,16638,104,4696,372,11889,4,53,251,7026,229,4838,259,11864,California
Amador,2021-03-19,540,17178,56,4752,469,12358,15,68,389,7285,149,4987,408,12272,California
Amador,2021-03-20,111,17289,47,4799,63,12421,1,69,46,7270,64,5051,49,12321,California
Amador,2021-03-21,51,17340,35,4834,15,12436,1,70,32,7287,18,5069,35,12356,California
Amador,2021-03-22,115,17455,34,4868,52,12488,29,99,49,7299,66,5135,78,12434,California
Amador,2021-03-23,435,17890,47,4915,381,12869,7,106,275,7423,159,5294,283,12717,California
Amador,2021-03-24,347,18237,39,4954,55,12924,253,359,37,7404,309,5603,290,13007,California
Amador,2021-03-25,609,18846,87,5041,515,13439,7,366,394,7591,214,5817,401,13408,California
Amador,2021-03-26,746,19592,43,5084,697,14136,6,372,284,7424,460,6277,293,13701,California
Amador,2021-03-27,87,19679,15,5099,70,14206,2,374,27,7395,60,6337,31,13732,California
Amador,2021-03-28,69,19748,15,5114,52,14258,2,376,12,7354,56,6393,15,13747,California
Amador,2021-03-29,182,19930,27,5141,154,14412,1,377,80,7341,100,6493,87,13834,California
Amador,2021-03-30,533,20463,25,5166,507,14919,1,378,291,7392,241,6734,292,14126,California
Amador,2021-03-31,201,20664,58,5224,138,15057,5,383,44,7285,156,6890,49,14175,California
Amador,2021-04-01,610,21274,85,5309,525,15582,0,383,261,7201,347,7237,263,14438,California
Amador,2021-04-02,607,21881,39,5348,555,16137,13,396,378,7366,228,7465,393,14831,California
Amador,2021-04-03,88,21969,26,5374,43,16180,19,415,22,7343,66,7531,43,14874,California
Amador,2021-04-04,38,22007,3,5377,29,16209,6,421,15,7341,23,7554,21,14895,California
Amador,2021-04-05,141,22148,50,5427,75,16284,16,437,48,7315,92,7646,66,14961,California
Amador,2021-04-06,502,22650,37,5464,447,16731,18,455,222,7277,278,7924,240,15201,California
Amador,2021-04-07,98,22748,32,5496,47,16778,19,474,42,7284,54,7978,61,15262,California
Amador,2021-04-08,495,23243,85,5581,389,17167,21,495,221,7254,273,8251,243,15505,California
Amador,2021-04-09,482,23725,22,5603,440,17607,20,515,214,7218,267,8518,231,15736,California
Amador,2021-04-10,51,23776,15,5618,27,17634,9,524,21,7218,30,8548,30,15766,California
Amador,2021-04-11,48,23824,24,5642,20,17654,4,528,22,7219,25,8573,26,15792,California
Amador,2021-04-12,99,23923,27,5669,62,17716,10,538,41,7212,58,8631,51,15843,California
Amador,2021-04-13,343,24266,47,5716,296,18012,0,538,67,7005,275,8906,68,15911,California
Amador,2021-04-14,284,24550,29,5745,255,18267,0,538,174,7072,107,9013,174,16085,California
Amador,2021-04-15,330,24880,75,5820,255,18522,0,538,69,6885,256,9269,69,16154,California
Amador,2021-04-16,483,25363,29,5849,454,18976,0,538,386,7175,96,9365,386,16540,California
Amador,2021-04-17,63,25426,36,5885,27,19003,0,538,27,7166,36,9401,27,16567,California
Amador,2021-04-18,29,25455,6,5891,23,19026,0,538,11,7160,18,9419,12,16579,California
Amador,2021-04-19,70,25525,28,5919,42,19068,0,538,30,7153,39,9458,32,16611,California
Amador,2021-04-20,435,25960,53,5972,382,19450,0,538,109,6945,319,9777,111,16722,California
Amador,2021-04-21,87,26047,32,6004,54,19504,1,539,43,6946,43,9820,44,16766,California
Amador,2021-04-22,492,26539,76,6080,415,19919,1,540,101,6664,384,10204,102,16868,California
Amador,2021-04-23,359,26898,46,6126,313,20232,0,540,286,6880,72,10276,288,17156,California
Amador,2021-04-24,49,26947,24,6150,25,20257,0,540,28,6888,20,10296,28,17184,California
Amador,2021-04-25,41,26988,19,6169,22,20279,0,540,29,6905,12,10308,29,17213,California
Amador,2021-04-26,92,27080,27,6196,64,20343,1,541,44,6905,47,10355,47,17260,California
Amador,2021-04-27,494,27574,40,6236,453,20796,1,542,87,6589,405,10760,89,17349,California
Amador,2021-04-28,68,27642,28,6264,36,20832,4,546,39,6603,29,10789,43,17392,California
Amador,2021-04-29,221,27863,69,6333,44,20876,108,654,65,6619,156,10945,172,17564,California
Amador,2021-04-30,335,28198,26,6359,305,21181,4,658,94,6476,241,11186,98,17662,California
Amador,2021-05-01,43,28241,15,6374,23,21204,5,663,22,6484,19,11205,27,17689,California
Amador,2021-05-02,28,28269,14,6388,11,21215,3,666,11,6482,17,11222,15,17704,California
Amador,2021-05-03,67,28336,33,6421,24,21239,10,676,27,6479,40,11262,37,17741,California
Amador,2021-05-04,464,28800,27,6448,430,21669,7,683,67,6156,397,11659,74,17815,California
Amador,2021-05-05,202,29002,152,6600,41,21710,9,692,161,6284,40,11699,168,17983,California
Amador,2021-05-06,109,29111,56,6656,48,21758,5,697,63,6308,44,11743,68,18051,California
Amador,2021-05-07,126,29237,28,6684,91,21849,7,704,67,6323,59,11802,74,18125,California
Amador,2021-05-08,41,29278,10,6694,28,21877,3,707,19,6323,22,11824,22,18147,California
Amador,2021-05-09,15,29293,0,6694,9,21886,6,713,4,6322,11,11835,10,18157,California
Amador,2021-05-10,59,29352,13,6707,43,21929,3,716,24,6314,35,11870,27,18184,California
Amador,2021-05-11,98,29450,32,6739,40,21969,26,742,45,6332,53,11923,71,18255,California
Amador,2021-05-12,69,29519,24,6763,42,22011,3,745,33,6332,36,11959,36,18291,California
Amador,2021-05-13,74,29593,41,6804,27,22038,6,751,37,6339,36,11995,43,18334,California
Amador,2021-05-14,395,29988,34,6838,357,22395,4,755,86,6121,309,12304,91,18425,California
Amador,2021-05-15,49,30037,19,6857,20,22415,10,765,23,6129,26,12330,34,18459,California
Amador,2021-05-16,37,30074,14,6871,23,22438,0,765,17,6126,20,12350,17,18476,California
Amador,2021-05-17,76,30150,23,6894,51,22489,2,767,35,6124,40,12390,38,18514,California
Amador,2021-05-18,246,30396,166,7060,45,22534,35,802,165,6244,80,12470,200,18714,California
Amador,2021-05-19,75,30471,25,7085,47,22581,3,805,35,6245,39,12509,40,18754,California
Amador,2021-05-20,86,30557,46,7131,36,22617,4,809,29,6222,56,12565,33,18787,California
Amador,2021-05-21,272,30829,29,7160,241,22858,2,811,40,6032,232,12797,42,18829,California
Amador,2021-05-22,46,30875,14,7174,27,22885,5,816,12,6016,34,12831,18,18847,California
Amador,2021-05-23,26,30901,4,7178,19,22904,3,819,5,6003,21,12852,8,18855,California
Amador,2021-05-24,90,30991,31,7209,47,22951,12,831,42,6009,48,12900,54,18909,California
Amador,2021-05-25,141,31132,89,7298,27,22978,25,856,82,6059,57,12957,107,19016,California
Amador,2021-05-26,205,31337,162,7460,36,23014,7,863,41,5943,163,13120,47,19063,California
Amador,2021-05-27,81,31418,36,7496,36,23050,9,872,30,5931,51,13171,39,19102,California
Amador,2021-05-28,69,31487,27,7523,38,23088,4,876,30,5926,39,13210,34,19136,California
Amador,2021-05-29,26,31513,2,7525,21,23109,3,879,10,5923,16,13226,13,19149,California
Amador,2021-05-30,19,31532,5,7530,8,23117,6,885,5,5920,14,13240,11,19160,California
Amador,2021-05-31,10,31542,0,7530,9,23126,1,886,2,5915,8,13248,3,19163,California
Amador,2021-06-01,94,31636,66,7596,23,23149,5,891,43,5913,50,13298,48,19211,California
Amador,2021-06-02,46,31682,16,7612,22,23171,8,899,16,5908,30,13328,25,19236,California
Amador,2021-06-03,58,31740,25,7637,28,23199,5,904,19,5894,38,13366,24,19260,California
Amador,2021-06-04,100,31840,20,7657,59,23258,21,925,23,5861,77,13443,44,19304,California
Amador,2021-06-05,38,31878,16,7673,19,23277,3,928,4,5834,34,13477,7,19311,California
Amador,2021-06-06,18,31896,8,7681,9,23286,1,929,8,5833,10,13487,9,19320,California
Amador,2021-06-07,45,31941,18,7699,22,23308,5,934,17,5827,28,13515,22,19342,California
Amador,2021-06-08,173,32114,138,7837,25,23333,10,944,54,5774,118,13633,65,19407,California
Amador,2021-06-09,48,32162,19,7856,20,23353,9,953,12,5759,36,13669,21,19428,California
Amador,2021-06-10,54,32216,22,7878,20,23373,12,965,19,5755,35,13704,31,19459,California
Amador,2021-06-11,57,32273,17,7895,35,23408,5,970,17,5737,40,13744,22,19481,California
Amador,2021-06-12,23,32296,10,7905,11,23419,2,972,8,5733,14,13758,10,19491,California
Amador,2021-06-13,9,32305,2,7907,6,23425,1,973,2,5729,7,13765,3,19494,California
Amador,2021-06-14,46,32351,23,7930,20,23445,3,976,13,5712,33,13798,16,19510,California
Amador,2021-06-15,43,32394,12,7942,19,23464,12,988,18,5717,25,13823,30,19540,California
Amador,2021-06-16,74,32468,33,7975,32,23496,9,997,43,5738,31,13854,52,19592,California
Amador,2021-06-17,32,32500,17,7992,13,23509,2,999,19,5747,12,13866,21,19613,California
Butte,2020-12-16,3,3,3,3,0,0,0,0,3,3,0,0,3,3,California
Butte,2020-12-17,21,24,21,24,0,0,0,0,21,24,0,0,21,24,California
Butte,2020-12-18,53,77,53,77,0,0,0,0,53,77,0,0,53,77,California
Butte,2020-12-19,7,84,7,84,0,0,0,0,7,84,0,0,7,84,California
Butte,2020-12-20,10,94,10,94,0,0,0,0,10,94,0,0,10,94,California
Butte,2020-12-21,632,726,632,726,0,0,0,0,632,726,0,0,632,726,California
Butte,2020-12-22,618,1344,616,1342,2,2,0,0,618,1344,0,0,618,1344,California
Butte,2020-12-23,874,2218,858,2200,16,18,0,0,874,2218,0,0,874,2218,California
Butte,2020-12-24,158,2376,154,2354,4,22,0,0,158,2376,0,0,158,2376,California
Butte,2020-12-26,90,2466,88,2442,2,24,0,0,90,2466,0,0,90,2466,California
Butte,2020-12-27,35,2501,34,2476,1,25,0,0,35,2501,0,0,35,2501,California
Butte,2020-12-28,278,2779,272,2748,6,31,0,0,278,2779,0,0,278,2779,California
Butte,2020-12-29,202,2981,179,2927,23,54,0,0,202,2981,0,0,202,2981,California
Butte,2020-12-30,513,3494,291,3218,222,276,0,0,513,3494,0,0,513,3494,California
Butte,2020-12-31,213,3707,18,3236,195,471,0,0,213,3707,0,0,213,3707,California
Butte,2021-01-01,11,3718,3,3239,8,479,0,0,11,3718,0,0,11,3718,California
Butte,2021-01-02,40,3758,37,3276,3,482,0,0,40,3758,0,0,40,3758,California
Butte,2021-01-03,3,3761,0,3276,3,485,0,0,3,3761,0,0,3,3761,California
Butte,2021-01-04,209,3970,176,3452,33,518,0,0,209,3970,0,0,209,3970,California
Butte,2021-01-05,195,4165,152,3604,43,561,0,0,194,4163,1,1,194,4164,California
Butte,2021-01-06,625,4790,396,4000,229,790,0,0,620,4779,5,6,621,4785,California
Butte,2021-01-07,762,5552,369,4369,393,1183,0,0,742,5501,20,26,742,5527,California
Butte,2021-01-08,674,6226,533,4902,141,1324,0,0,625,6077,49,75,625,6152,California
Butte,2021-01-09,10,6236,7,4909,3,1327,0,0,5,6077,5,80,5,6157,California
Butte,2021-01-10,19,6255,5,4914,14,1341,0,0,14,6086,5,85,14,6171,California
Butte,2021-01-11,985,7240,950,5864,35,1376,0,0,356,5816,629,714,359,6530,California
Butte,2021-01-12,697,7937,653,6517,44,1420,0,0,275,5669,422,1136,275,6805,California
Butte,2021-01-13,1564,9501,1073,7590,491,1911,0,0,724,5556,839,1975,726,7531,California
Butte,2021-01-14,1639,11140,893,8483,746,2657,0,0,1442,6802,196,2171,1442,8973,California
Butte,2021-01-15,1054,12194,813,9296,241,2898,0,0,945,7638,109,2280,945,9918,California
Butte,2021-01-16,588,12782,301,9597,287,3185,0,0,544,8138,44,2324,544,10462,California
Butte,2021-01-17,237,13019,63,9660,174,3359,0,0,199,8299,38,2362,199,10661,California
Butte,2021-01-18,345,13364,303,9963,42,3401,0,0,278,8511,66,2428,278,10939,California
Butte,2021-01-19,491,13855,430,10393,61,3462,0,0,222,8464,269,2697,222,11161,California
Butte,2021-01-20,1374,15229,690,11083,684,4146,0,0,1071,9232,303,3000,1071,12232,California
Butte,2021-01-21,1480,16709,869,11952,611,4757,0,0,1372,10497,107,3107,1372,13604,California
Butte,2021-01-22,1143,17852,483,12435,660,5417,0,0,1089,11532,54,3161,1089,14693,California
Butte,2021-01-23,124,17976,84,12519,40,5457,0,0,99,11606,25,3186,99,14792,California
Butte,2021-01-24,9,17985,7,12526,2,5459,0,0,9,11615,0,3186,9,14801,California
Butte,2021-01-25,658,18643,339,12865,319,5778,0,0,494,11945,164,3350,494,15295,California
Butte,2021-01-26,1472,20115,376,13241,1096,6874,0,0,1336,13145,136,3486,1336,16631,California
Butte,2021-01-27,2104,22219,707,13948,1397,8271,0,0,1369,13780,734,4220,1369,18000,California
Butte,2021-01-28,2261,24480,256,14204,2005,10276,0,0,1949,15418,311,4531,1949,19949,California
Butte,2021-01-29,1693,26173,492,14696,1201,11477,0,0,1312,16350,380,4911,1312,21261,California
Butte,2021-01-30,28,26201,8,14704,20,11497,0,0,26,16374,2,4913,26,21287,California
Butte,2021-01-31,15,26216,13,14717,2,11499,0,0,14,16387,1,4914,14,21301,California
Butte,2021-02-01,1756,27972,408,15125,1348,12847,0,0,1362,17359,390,5304,1362,22663,California
Butte,2021-02-02,1932,29904,362,15487,1570,14417,0,0,1631,18688,302,5606,1631,24294,California
Butte,2021-02-03,2737,32641,776,16263,1961,16378,0,0,1842,19637,893,6499,1842,26136,California
Butte,2021-02-04,2954,35595,321,16584,2633,19011,0,0,2399,21483,553,7052,2399,28535,California
Butte,2021-02-05,1271,36866,666,17250,605,19616,0,0,550,21313,721,7773,551,29086,California
Butte,2021-02-06,145,37011,103,17353,42,19658,0,0,63,21294,82,7855,63,29149,California
Butte,2021-02-07,37,37048,33,17386,4,19662,0,0,14,21285,23,7878,14,29163,California
Butte,2021-02-08,700,37748,549,17935,151,19813,0,0,242,21069,458,8336,242,29405,California
Butte,2021-02-09,950,38698,459,18394,491,20304,0,0,721,21561,229,8565,721,30126,California
Butte,2021-02-10,1701,40399,1187,19581,514,20818,0,0,671,21204,1028,9593,671,30797,California
Butte,2021-02-11,2204,42603,1349,20930,855,21673,0,0,1005,21010,1199,10792,1005,31802,California
Butte,2021-02-12,1002,43605,435,21365,567,22240,0,0,328,20665,673,11465,328,32130,California
Butte,2021-02-13,243,43848,42,21407,201,22441,0,0,142,20706,101,11566,142,32272,California
Butte,2021-02-14,162,44010,9,21416,153,22594,0,0,158,20860,4,11570,158,32430,California
Butte,2021-02-15,261,44271,47,21463,214,22808,0,0,195,20989,66,11636,195,32625,California
Butte,2021-02-16,728,44999,432,21895,296,23104,0,0,276,20812,453,12089,276,32901,California
Butte,2021-02-17,1513,46512,846,22741,667,23771,0,0,839,20979,672,12761,839,33740,California
Butte,2021-02-18,1555,48067,756,23497,799,24570,0,0,749,20922,806,13567,749,34489,California
Butte,2021-02-19,1169,49236,388,23885,781,25351,0,0,401,20562,761,14328,401,34890,California
Butte,2021-02-20,476,49712,32,23917,444,25795,0,0,126,20339,349,14677,126,35016,California
Butte,2021-02-21,17,49729,15,23932,2,25797,0,0,13,20348,4,14681,13,35029,California
Butte,2021-02-22,1499,51228,293,24225,1206,27003,0,0,373,19598,1123,15804,373,35402,California
Butte,2021-02-23,1638,52866,295,24520,1343,28346,0,0,464,18894,1168,16972,464,35866,California
Butte,2021-02-24,2129,54995,595,25115,1534,29880,0,0,720,18213,1401,18373,720,36586,California
Butte,2021-02-25,2081,57076,577,25692,1504,31384,0,0,656,17451,1419,19792,657,37243,California
Butte,2021-02-26,919,57995,308,26000,611,31995,0,0,395,17326,520,20312,395,37638,California
Butte,2021-02-27,232,58227,45,26045,187,32182,0,0,184,17464,46,20358,184,37822,California
Butte,2021-02-28,141,58368,15,26060,126,32308,0,0,134,17591,7,20365,134,37956,California
Butte,2021-03-01,1635,60003,177,26237,1457,33765,1,1,332,16625,1299,21664,333,38289,California
Butte,2021-03-02,1748,61751,198,26435,1550,35315,0,1,306,15493,1438,23102,306,38595,California
Butte,2021-03-03,2790,64541,855,27290,1935,37250,0,1,481,13669,2305,25407,481,39076,California
Butte,2021-03-04,3154,67695,682,27972,2472,39722,0,1,627,11771,2525,27932,627,39703,California
Butte,2021-03-05,1354,69049,616,28588,737,40459,1,2,735,11892,615,28547,736,40439,California
Butte,2021-03-06,245,69294,23,28611,199,40658,23,25,186,12043,58,28605,209,40648,California
Butte,2021-03-07,54,69348,3,28614,34,40692,17,42,30,12066,24,28629,47,40695,California
Butte,2021-03-08,1267,70615,128,28742,1061,41753,78,120,1101,13082,163,28792,1179,41874,California
Butte,2021-03-09,1907,72522,283,29025,1522,43275,102,222,1415,14110,489,29281,1517,43391,California
Butte,2021-03-10,2315,74837,965,29990,1250,44525,100,322,1579,15057,731,30012,1678,45069,California
Butte,2021-03-11,2812,77649,1318,31308,1368,45893,126,448,1983,16348,818,30830,2109,47178,California
Butte,2021-03-12,1146,78795,332,31640,466,46359,348,796,356,16268,784,31614,704,47882,California
Butte,2021-03-13,265,79060,67,31707,137,46496,61,857,59,16181,206,31820,119,48001,California
Butte,2021-03-14,164,79224,16,31723,106,46602,42,899,21,16102,142,31962,63,48064,California
Butte,2021-03-15,1743,80967,360,32083,1087,47689,296,1195,1146,16955,589,32551,1442,49506,California
Butte,2021-03-16,1647,82614,413,32496,1156,48845,78,1273,1110,17609,533,33084,1187,50693,California
Butte,2021-03-17,1953,84567,1353,33849,519,49364,81,1354,1136,18016,809,33893,1216,51909,California
Butte,2021-03-18,1810,86377,1466,35315,217,49581,127,1481,1062,18462,742,34635,1188,53097,California
Butte,2021-03-19,694,87071,306,35621,304,49885,84,1565,343,18548,341,34976,427,53524,California
Butte,2021-03-20,203,87274,29,35650,159,50044,15,1580,95,18550,108,35084,110,53634,California
Butte,2021-03-21,56,87330,24,35674,3,50047,29,1609,12,18548,43,35127,41,53675,California
Butte,2021-03-22,1483,88813,353,36027,1036,51083,94,1703,1221,19603,260,35387,1315,54990,California
Butte,2021-03-23,1819,90632,488,36515,1217,52300,114,1817,1471,20844,344,35731,1585,56575,California
Butte,2021-03-24,2263,92895,1266,37781,871,53171,126,1943,1713,22137,545,36276,1838,58413,California
Butte,2021-03-25,1481,94376,1197,38978,192,53363,92,2035,1016,22784,461,36737,1108,59521,California
Butte,2021-03-26,1205,95581,437,39415,521,53884,247,2282,558,22950,639,37376,805,60326,California
Butte,2021-03-27,302,95883,83,39498,195,54079,24,2306,135,22943,164,37540,157,60483,California
Butte,2021-03-28,228,96111,44,39542,176,54255,8,2314,103,22931,122,37662,110,60593,California
Butte,2021-03-29,1760,97871,379,39921,1311,55566,70,2384,1341,23928,414,38076,1411,62004,California
Butte,2021-03-30,1030,98901,469,40390,471,56037,90,2474,487,23968,537,38613,577,62581,California
Butte,2021-03-31,1775,100676,1302,41692,406,56443,67,2541,1081,24429,687,39300,1148,63729,California
Butte,2021-04-01,3329,104005,2705,44397,497,56940,127,2668,2257,25749,1064,40364,2384,66113,California
Butte,2021-04-02,1000,105005,416,44813,464,57404,120,2788,564,26003,428,40792,682,66795,California
Butte,2021-04-03,343,105348,46,44859,225,57629,72,2860,163,26058,180,40972,235,67030,California
Butte,2021-04-04,191,105539,25,44884,143,57772,23,2883,113,26118,76,41048,136,67166,California
Butte,2021-04-05,1973,107512,421,45305,1380,59152,172,3055,595,25514,1369,42417,765,67931,California
Butte,2021-04-06,2207,109719,616,45921,1169,60321,422,3477,799,25331,1402,43819,1219,69150,California
Butte,2021-04-07,3033,112752,1317,47238,1324,61645,392,3869,713,24122,2314,46133,1105,70255,California
Butte,2021-04-08,2757,115509,1201,48439,1288,62933,268,4137,459,22555,2294,48427,727,70982,California
Butte,2021-04-09,1376,116885,354,48793,540,63473,482,4619,330,22320,1042,49469,807,71789,California
Butte,2021-04-10,223,117108,47,48840,75,63548,101,4720,100,22397,123,49592,200,71989,California
Butte,2021-04-11,105,117213,42,48882,53,63601,10,4730,82,22467,22,49614,92,72081,California
Butte,2021-04-12,1415,118628,314,49196,969,64570,132,4862,239,21662,1176,50790,371,72452,California
Butte,2021-04-13,1650,120278,571,49767,1073,65643,6,4868,343,20711,1300,52090,349,72801,California
Butte,2021-04-14,2857,123135,2362,52129,495,66138,0,4868,1333,20526,1519,53609,1334,74135,California
Butte,2021-04-15,636,123771,391,52520,245,66383,0,4868,482,20857,151,53760,482,74617,California
Butte,2021-04-16,814,124585,416,52936,398,66781,0,4868,479,21003,333,54093,479,75096,California
Butte,2021-04-17,341,124926,60,52996,281,67062,0,4868,237,21138,102,54195,237,75333,California
Butte,2021-04-18,45,124971,10,53006,35,67097,0,4868,39,21171,6,54201,39,75372,California
Butte,2021-04-19,1557,126528,379,53385,1178,68275,0,4868,427,20471,1127,55328,427,75799,California
Butte,2021-04-20,1972,128500,720,54105,1252,69527,0,4868,755,20017,1209,56537,755,76554,California
Butte,2021-04-21,2041,130541,1160,55265,881,70408,0,4868,461,18904,1574,58111,461,77015,California
Butte,2021-04-22,2219,132760,1938,57203,281,70689,0,4868,614,17916,1602,59713,614,77629,California
Butte,2021-04-23,932,133692,439,57642,493,71182,0,4868,481,17946,451,60164,481,78110,California
Butte,2021-04-24,346,134038,137,57779,209,71391,0,4868,191,17983,154,60318,191,78301,California
Butte,2021-04-25,173,134211,68,57847,105,71496,0,4868,64,17938,109,60427,64,78365,California
Butte,2021-04-26,1559,135770,454,58301,1100,72596,5,4873,403,17195,1151,61578,408,78773,California
Butte,2021-04-27,1017,136787,676,58977,314,72910,27,4900,583,17376,429,62007,610,79383,California
Butte,2021-04-28,1385,138172,934,59911,426,73336,25,4925,500,17020,881,62888,525,79908,California
Butte,2021-04-29,889,139061,542,60453,322,73658,25,4950,300,16762,583,63471,325,80233,California
Butte,2021-04-30,896,139957,391,60844,484,74142,21,4971,449,16791,440,63911,469,80702,California
Butte,2021-05-01,241,140198,64,60908,158,74300,19,4990,72,16713,168,64079,90,80792,California
Butte,2021-05-02,149,140347,61,60969,75,74375,13,5003,43,16663,106,64185,56,80848,California
Butte,2021-05-03,633,140980,256,61225,346,74721,31,5034,177,16425,446,64631,208,81056,California
Butte,2021-05-04,818,141798,317,61542,469,75190,32,5066,212,16068,600,65231,243,81299,California
Butte,2021-05-05,1338,143136,1091,62633,211,75401,36,5102,273,15318,1060,66291,310,81609,California
Butte,2021-05-06,933,144069,672,63305,224,75625,37,5139,358,15141,572,66863,395,82004,California
Butte,2021-05-07,559,144628,289,63594,234,75859,36,5175,285,15190,271,67134,320,82324,California
Butte,2021-05-08,167,144795,34,63628,124,75983,9,5184,87,15207,79,67213,96,82420,California
Butte,2021-05-09,92,144887,19,63647,70,76053,3,5187,49,15216,43,67256,52,82472,California
Butte,2021-05-10,515,145402,302,63949,170,76223,43,5230,212,15171,300,67556,255,82727,California
Butte,2021-05-11,870,146272,642,64591,169,76392,59,5289,277,14917,590,68146,336,83063,California
Butte,2021-05-12,763,147035,481,65072,236,76628,46,5335,341,14886,418,68564,387,83450,California
Butte,2021-05-13,912,147947,609,65681,241,76869,62,5397,333,14711,568,69132,393,83843,California
Butte,2021-05-14,825,148772,514,66195,281,77150,30,5427,357,14632,465,69597,386,84229,California
Butte,2021-05-15,479,149251,223,66418,224,77374,32,5459,223,14632,255,69852,255,84484,California
Butte,2021-05-16,167,149418,82,66500,67,77441,18,5477,98,14680,68,69920,116,84600,California
Butte,2021-05-17,752,150170,480,66980,224,77665,48,5525,324,14626,425,70345,371,84971,California
Butte,2021-05-18,1061,151231,730,67710,283,77948,48,5573,474,14567,581,70926,522,85493,California
Butte,2021-05-19,824,152055,533,68243,247,78195,44,5617,329,14449,490,71416,372,85865,California
Butte,2021-05-20,977,153032,655,68898,214,78409,108,5725,392,14366,582,71998,499,86364,California
Butte,2021-05-21,891,153923,544,69442,320,78729,27,5752,308,14120,580,72578,334,86698,California
Butte,2021-05-22,290,154213,137,69579,146,78875,7,5759,145,14129,142,72720,151,86849,California
Butte,2021-05-23,123,154336,74,69653,48,78923,1,5760,79,14165,44,72764,80,86929,California
Butte,2021-05-24,338,154674,153,69806,135,79058,50,5810,170,14218,166,72930,219,87148,California
Butte,2021-05-25,692,155366,444,70250,212,79270,36,5846,343,14255,342,73272,379,87527,California
Butte,2021-05-26,558,155924,178,70428,357,79627,23,5869,251,14231,298,73570,274,87801,California
Butte,2021-05-27,865,156789,622,71050,226,79853,17,5886,430,14249,430,74000,448,88249,California
Butte,2021-05-28,518,157307,141,71191,298,80151,79,5965,215,14243,300,74300,294,88543,California
Butte,2021-05-29,224,157531,116,71307,96,80247,12,5977,148,14327,76,74376,160,88703,California
Butte,2021-05-30,107,157638,56,71363,51,80298,0,5977,61,14342,46,74422,61,88764,California
Butte,2021-05-31,43,157681,23,71386,18,80316,2,5979,25,14351,18,74440,27,88791,California
Butte,2021-06-01,665,158346,423,71809,210,80526,32,6011,251,14223,411,74851,283,89074,California
Butte,2021-06-02,817,159163,567,72376,206,80732,44,6055,352,14158,461,75312,396,89470,California
Butte,2021-06-03,622,159785,422,72798,185,80917,15,6070,222,13998,397,75709,237,89707,California
Butte,2021-06-04,478,160263,272,73070,178,81095,28,6098,158,13871,313,76022,186,89893,California
Butte,2021-06-05,317,160580,204,73274,93,81188,20,6118,103,13782,212,76234,123,90016,California
Butte,2021-06-06,135,160715,100,73374,33,81221,2,6120,34,13718,100,76334,36,90052,California
Butte,2021-06-07,398,161113,255,73629,114,81335,29,6149,172,13694,225,76559,201,90253,California
Butte,2021-06-08,646,161759,467,74096,163,81498,16,6165,191,13458,444,77003,208,90461,California
Butte,2021-06-09,432,162191,296,74392,118,81616,18,6183,147,13344,279,77282,165,90626,California
Butte,2021-06-10,623,162814,450,74842,144,81760,29,6212,236,13223,385,77667,264,90890,California
Butte,2021-06-11,443,163257,264,75106,159,81919,20,6232,151,13103,291,77958,171,91061,California
Butte,2021-06-12,248,163505,150,75256,88,82007,10,6242,74,13014,173,78131,84,91145,California
Butte,2021-06-13,97,163602,64,75320,30,82037,3,6245,20,12960,77,78208,23,91168,California
Butte,2021-06-14,382,163984,231,75551,132,82169,19,6264,143,12883,239,78447,162,91330,California
Butte,2021-06-15,533,164517,374,75925,136,82305,23,6287,156,12691,371,78818,179,91509,California
Butte,2021-06-16,401,164918,244,76169,114,82419,43,6330,165,12664,234,79052,207,91716,California
Butte,2021-06-17,287,165205,207,76376,64,82483,16,6346,73,12539,214,79266,89,91805,California
Calaveras,2020-12-16,5,5,5,5,0,0,0,0,5,5,0,0,5,5,California
Calaveras,2020-12-17,3,8,3,8,0,0,0,0,3,8,0,0,3,8,California
Calaveras,2020-12-18,40,48,40,48,0,0,0,0,40,48,0,0,40,48,California
Calaveras,2020-12-19,3,51,3,51,0,0,0,0,3,51,0,0,3,51,California
Calaveras,2020-12-20,4,55,4,55,0,0,0,0,4,55,0,0,4,55,California
Calaveras,2020-12-21,54,109,47,102,7,7,0,0,54,109,0,0,54,109,California
Calaveras,2020-12-22,82,191,78,180,4,11,0,0,83,192,0,0,83,192,California
Calaveras,2020-12-23,76,267,74,254,2,13,0,0,76,268,0,0,76,268,California
Calaveras,2020-12-24,2,269,2,256,0,13,0,0,2,270,0,0,2,270,California
Calaveras,2020-12-26,4,273,3,259,1,14,0,0,4,274,0,0,4,274,California
Calaveras,2020-12-27,1,274,1,260,0,14,0,0,1,275,0,0,1,275,California
Calaveras,2020-12-28,22,296,17,277,5,19,0,0,21,295,1,1,21,296,California
Calaveras,2020-12-29,160,456,138,415,22,41,0,0,160,455,0,1,160,456,California
Calaveras,2020-12-30,93,549,81,496,12,53,0,0,93,548,0,1,93,549,California
Calaveras,2020-12-31,36,585,25,521,11,64,0,0,36,584,0,1,36,585,California
Calaveras,2021-01-02,11,596,11,532,0,64,0,0,11,595,0,1,11,596,California
Calaveras,2021-01-03,10,606,4,536,6,70,0,0,10,605,0,1,10,606,California
Calaveras,2021-01-04,33,639,5,541,28,98,0,0,33,638,0,1,33,639,California
Calaveras,2021-01-05,41,680,10,551,31,129,0,0,32,666,9,10,37,676,California
Calaveras,2021-01-06,107,787,30,581,77,206,0,0,97,753,10,20,97,773,California
Calaveras,2021-01-07,107,894,27,608,80,286,0,0,93,835,12,32,94,867,California
Calaveras,2021-01-08,69,963,39,647,30,316,0,0,45,858,24,56,47,914,California
Calaveras,2021-01-09,5,968,5,652,0,316,0,0,2,857,3,59,2,916,California
Calaveras,2021-01-10,2,970,0,652,2,318,0,0,2,859,0,59,2,918,California
Calaveras,2021-01-11,66,1036,60,712,6,324,0,0,27,850,38,97,29,947,California
Calaveras,2021-01-12,84,1120,52,764,32,356,0,0,51,869,33,130,52,999,California
Calaveras,2021-01-13,108,1228,45,809,63,419,0,0,74,910,34,164,75,1074,California
Calaveras,2021-01-14,138,1366,43,852,95,514,0,0,105,984,32,196,106,1180,California
Calaveras,2021-01-15,92,1458,28,880,64,578,0,0,72,1036,20,216,72,1252,California
Calaveras,2021-01-16,13,1471,2,882,11,589,0,0,12,1047,1,217,12,1264,California
Calaveras,2021-01-17,10,1481,2,884,8,597,0,0,9,1055,1,218,9,1273,California
Calaveras,2021-01-18,131,1612,19,903,112,709,0,0,118,1163,13,231,121,1394,California
Calaveras,2021-01-19,208,1820,177,1080,31,740,0,0,70,1098,137,368,72,1466,California
Calaveras,2021-01-20,378,2198,82,1162,296,1036,0,0,287,1310,90,458,302,1768,California
Calaveras,2021-01-21,463,2661,40,1202,423,1459,0,0,425,1712,38,496,440,2208,California
Calaveras,2021-01-22,403,3064,24,1226,379,1838,0,0,390,2098,13,509,399,2607,California
Calaveras,2021-01-23,17,3081,8,1234,9,1847,0,0,16,2113,1,510,16,2623,California
Calaveras,2021-01-24,14,3095,8,1242,6,1853,0,0,12,2123,2,512,12,2635,California
Calaveras,2021-01-25,87,3182,8,1250,79,1932,0,0,81,2198,6,518,81,2716,California
Calaveras,2021-01-26,47,3229,15,1265,32,1964,0,0,38,2227,9,527,38,2754,California
Calaveras,2021-01-27,129,3358,45,1310,84,2048,0,0,100,2299,28,555,100,2854,California
Calaveras,2021-01-28,165,3523,25,1335,140,2188,0,0,139,2417,26,581,144,2998,California
Calaveras,2021-01-29,366,3889,12,1347,354,2542,0,0,333,2732,33,614,348,3346,California
Calaveras,2021-01-30,27,3916,10,1357,17,2559,0,0,25,2757,0,614,25,3371,California
Calaveras,2021-01-31,7,3923,4,1361,3,2562,0,0,6,2762,1,615,6,3377,California
Calaveras,2021-02-01,28,3951,12,1373,16,2578,0,0,19,2772,9,624,19,3396,California
Calaveras,2021-02-02,110,4061,23,1396,87,2665,0,0,71,2810,34,658,72,3468,California
Calaveras,2021-02-03,434,4495,44,1440,390,3055,0,0,349,3077,84,742,351,3819,California
Calaveras,2021-02-04,384,4879,26,1466,358,3413,0,0,299,3294,85,827,302,4121,California
Calaveras,2021-02-05,79,4958,22,1488,57,3470,0,0,41,3298,38,865,42,4163,California
Calaveras,2021-02-06,20,4978,12,1500,8,3478,0,0,20,3318,0,865,20,4183,California
Calaveras,2021-02-07,5,4983,1,1501,4,3482,0,0,2,3318,2,867,2,4185,California
Calaveras,2021-02-08,39,5022,18,1519,21,3503,0,0,31,3343,6,873,31,4216,California
Calaveras,2021-02-09,192,5214,77,1596,115,3618,0,0,130,3414,60,933,131,4347,California
Calaveras,2021-02-10,515,5729,31,1627,484,4102,0,0,441,3788,74,1007,448,4795,California
Calaveras,2021-02-11,584,6313,84,1711,500,4602,0,0,471,4158,110,1117,480,5275,California
Calaveras,2021-02-12,570,6883,325,2036,245,4847,0,0,490,4575,78,1195,495,5770,California
Calaveras,2021-02-13,200,7083,45,2081,155,5002,0,0,185,4745,15,1210,185,5955,California
Calaveras,2021-02-14,223,7306,71,2152,152,5154,0,0,207,4938,14,1224,207,6162,California
Calaveras,2021-02-15,382,7688,25,2177,357,5511,0,0,262,5083,117,1341,262,6424,California
Calaveras,2021-02-16,267,7955,143,2320,124,5635,0,0,230,5279,37,1378,233,6657,California
Calaveras,2021-02-17,511,8466,37,2357,474,6109,0,0,206,5199,290,1668,210,6867,California
Calaveras,2021-02-18,498,8964,91,2448,407,6516,0,0,95,4913,382,2050,96,6963,California
Calaveras,2021-02-19,439,9403,42,2490,397,6913,0,0,98,4682,329,2379,98,7061,California
Calaveras,2021-02-20,56,9459,15,2505,41,6954,0,0,47,4720,9,2388,47,7108,California
Calaveras,2021-02-21,25,9484,15,2520,10,6964,0,0,18,4732,6,2394,18,7126,California
Calaveras,2021-02-22,62,9546,38,2558,24,6988,0,0,33,4736,29,2423,33,7159,California
Calaveras,2021-02-23,128,9674,43,2601,85,7073,0,0,92,4793,36,2459,93,7252,California
Calaveras,2021-02-24,96,9770,47,2648,49,7122,0,0,66,4830,29,2488,66,7318,California
Calaveras,2021-02-25,551,10321,101,2749,450,7572,0,0,354,4999,191,2679,360,7678,California
Calaveras,2021-02-26,775,11096,45,2794,730,8302,0,0,411,5071,340,3019,412,8090,California
Calaveras,2021-02-27,204,11300,23,2817,181,8483,0,0,180,5227,24,3043,180,8270,California
Calaveras,2021-02-28,97,11397,15,2832,82,8565,0,0,91,5313,5,3048,91,8361,California
Calaveras,2021-03-01,239,11636,47,2879,192,8757,0,0,151,5382,83,3131,152,8513,California
Calaveras,2021-03-02,254,11890,100,2979,154,8911,0,0,206,5545,45,3176,208,8721,California
Calaveras,2021-03-03,558,12448,106,3085,452,9363,0,0,219,5431,333,3509,219,8940,California
Calaveras,2021-03-04,749,13197,72,3157,676,10039,1,1,354,5401,386,3895,356,9296,California
Calaveras,2021-03-05,455,13652,271,3428,180,10219,4,5,140,5239,306,4201,144,9440,California
Calaveras,2021-03-06,153,13805,41,3469,106,10325,6,11,114,5320,39,4240,120,9560,California
Calaveras,2021-03-07,77,13882,32,3501,38,10363,7,18,35,5320,42,4282,42,9602,California
Calaveras,2021-03-08,164,14046,28,3529,128,10491,8,26,129,5423,34,4316,137,9739,California
Calaveras,2021-03-09,361,14407,136,3665,219,10710,6,32,32,5138,323,4639,38,9777,California
Calaveras,2021-03-10,418,14825,30,3695,385,11095,3,35,59,4850,350,4989,62,9839,California
Calaveras,2021-03-11,853,15678,425,4120,415,11510,13,48,431,4885,411,5400,446,10285,California
Calaveras,2021-03-12,399,16077,212,4332,178,11688,9,57,322,5148,76,5476,339,10624,California
Calaveras,2021-03-13,178,16255,15,4347,155,11843,8,65,138,5260,39,5515,151,10775,California
Calaveras,2021-03-14,154,16409,11,4358,142,11985,1,66,16,5145,138,5653,23,10798,California
Calaveras,2021-03-15,331,16740,50,4408,256,12241,25,91,56,4956,274,5927,85,10883,California
Calaveras,2021-03-16,691,17431,554,4962,117,12358,20,111,545,5377,144,6071,565,11448,California
Calaveras,2021-03-17,277,17708,50,5012,213,12571,14,125,48,5216,224,6295,63,11511,California
Calaveras,2021-03-18,665,18373,569,5581,80,12651,16,141,548,5665,117,6412,566,12077,California
Calaveras,2021-03-19,234,18607,50,5631,110,12761,74,215,59,5625,171,6583,131,12208,California
Calaveras,2021-03-20,78,18685,22,5653,55,12816,1,216,21,5591,57,6640,23,12231,California
Calaveras,2021-03-21,46,18731,29,5682,6,12822,11,227,9,5576,36,6676,21,12252,California
Calaveras,2021-03-22,80,18811,36,5718,23,12845,21,248,25,5567,55,6731,46,12298,California
Calaveras,2021-03-23,296,19107,206,5924,80,12925,10,258,115,5523,169,6900,125,12423,California
Calaveras,2021-03-24,136,19243,52,5976,74,12999,10,268,44,5487,90,6990,54,12477,California
Calaveras,2021-03-25,744,19987,103,6079,637,13636,4,272,445,5646,290,7280,449,12926,California
Calaveras,2021-03-26,425,20412,27,6106,392,14028,6,278,87,5406,335,7615,95,13021,California
Calaveras,2021-03-27,210,20622,19,6125,187,14215,4,282,37,5279,170,7785,43,13064,California
Calaveras,2021-03-28,112,20734,12,6137,98,14313,2,284,8,5187,103,7888,11,13075,California
Calaveras,2021-03-29,178,20912,22,6159,153,14466,3,287,56,5128,119,8007,60,13135,California
Calaveras,2021-03-30,539,21451,26,6185,496,14962,17,304,360,5327,178,8185,377,13512,California
Calaveras,2021-03-31,324,21775,143,6328,171,15133,10,314,156,5326,168,8353,167,13679,California
Calaveras,2021-04-01,686,22461,445,6773,240,15373,1,315,186,5021,496,8849,191,13870,California
Calaveras,2021-04-02,392,22853,229,7002,155,15528,8,323,116,4876,270,9119,125,13995,California
Calaveras,2021-04-03,144,22997,33,7035,107,15635,4,327,40,4816,104,9223,44,14039,California
Calaveras,2021-04-04,82,23079,26,7061,56,15691,0,327,50,4834,32,9255,50,14089,California
Calaveras,2021-04-05,212,23291,81,7142,121,15812,10,337,100,4832,112,9367,110,14199,California
Calaveras,2021-04-06,655,23946,577,7719,64,15876,14,351,114,4423,537,9904,128,14327,California
Calaveras,2021-04-07,758,24704,660,8379,61,15937,37,388,620,4943,138,10042,658,14985,California
Calaveras,2021-04-08,947,25651,857,9236,69,16006,21,409,438,4897,506,10548,460,15445,California
Calaveras,2021-04-09,156,25807,59,9295,48,16054,49,458,58,4907,97,10645,107,15552,California
Calaveras,2021-04-10,193,26000,43,9338,131,16185,19,477,149,5033,43,10688,169,15721,California
Calaveras,2021-04-11,67,26067,45,9383,21,16206,1,478,49,5065,18,10706,50,15771,California
Calaveras,2021-04-12,103,26170,45,9428,40,16246,18,496,54,5089,49,10755,73,15844,California
Calaveras,2021-04-13,423,26593,368,9796,55,16301,0,496,365,5399,57,10812,367,16211,California
Calaveras,2021-04-14,182,26775,30,9826,152,16453,0,496,135,5488,47,10859,136,16347,California
Calaveras,2021-04-15,332,27107,282,10108,50,16503,0,496,246,5652,82,10941,246,16593,California
Calaveras,2021-04-16,102,27209,27,10135,75,16578,0,496,49,5653,48,10989,49,16642,California
Calaveras,2021-04-17,332,27541,127,10262,205,16783,0,496,290,5901,42,11031,290,16932,California
Calaveras,2021-04-18,18,27559,6,10268,12,16795,0,496,12,5907,6,11037,12,16944,California
Calaveras,2021-04-19,75,27634,26,10294,49,16844,0,496,45,5924,29,11066,46,16990,California
Calaveras,2021-04-20,260,27894,92,10386,168,17012,0,496,193,6052,65,11131,193,17183,California
Calaveras,2021-04-21,213,28107,143,10529,70,17082,0,496,81,6004,130,11261,82,17265,California
Calaveras,2021-04-22,544,28651,96,10625,448,17530,0,496,142,5749,399,11660,144,17409,California
Calaveras,2021-04-23,157,28808,79,10704,78,17608,0,496,64,5723,90,11750,64,17473,California
Calaveras,2021-04-24,172,28980,36,10740,136,17744,0,496,129,5811,42,11792,130,17603,California
Calaveras,2021-04-25,42,29022,28,10768,14,17758,0,496,21,5813,21,11813,23,17626,California
Calaveras,2021-04-26,116,29138,73,10841,43,17801,0,496,34,5766,82,11895,35,17661,California
Calaveras,2021-04-27,442,29580,74,10915,355,18156,13,509,57,5454,382,12277,70,17731,California
Calaveras,2021-04-28,647,30227,579,11494,37,18193,31,540,53,4953,592,12869,91,17822,California
Calaveras,2021-04-29,515,30742,443,11937,53,18246,19,559,73,4609,440,13309,96,17918,California
Calaveras,2021-04-30,150,30892,61,11998,84,18330,5,564,67,4605,82,13391,78,17996,California
Calaveras,2021-05-01,202,31094,111,12109,88,18418,3,567,134,4679,67,13458,141,18137,California
Calaveras,2021-05-02,51,31145,34,12143,16,18434,1,568,18,4668,31,13489,20,18157,California
Calaveras,2021-05-03,91,31236,67,12210,19,18453,5,573,29,4644,62,13551,38,18195,California
Calaveras,2021-05-04,416,31652,330,12540,49,18502,37,610,43,4353,372,13923,81,18276,California
Calaveras,2021-05-05,114,31766,58,12598,23,18525,33,643,50,4372,63,13986,82,18358,California
Calaveras,2021-05-06,255,32021,194,12792,37,18562,24,667,48,4239,206,14192,73,18431,California
Calaveras,2021-05-07,86,32107,22,12814,58,18620,6,673,56,4271,30,14222,62,18493,California
Calaveras,2021-05-08,290,32397,143,12957,145,18765,2,675,90,4166,197,14419,92,18585,California
Calaveras,2021-05-09,29,32426,12,12969,14,18779,3,678,13,4166,16,14435,16,18601,California
Calaveras,2021-05-10,56,32482,25,12994,30,18809,1,679,26,4166,28,14463,28,18629,California
Calaveras,2021-05-11,134,32616,88,13082,33,18842,13,692,94,4235,39,14502,108,18737,California
Calaveras,2021-05-12,168,32784,47,13129,121,18963,0,692,52,4172,115,14617,52,18789,California
Calaveras,2021-05-13,119,32903,65,13194,39,19002,15,707,63,4197,54,14671,79,18868,California
Calaveras,2021-05-14,149,33052,92,13286,54,19056,3,710,100,4252,48,14719,103,18971,California
Calaveras,2021-05-15,266,33318,93,13379,170,19226,3,713,105,4205,155,14874,108,19079,California
Calaveras,2021-05-16,29,33347,12,13391,17,19243,0,713,14,4205,15,14889,15,19094,California
Calaveras,2021-05-17,88,33435,41,13432,40,19283,7,720,46,4218,41,14930,54,19148,California
Calaveras,2021-05-18,225,33660,61,13493,142,19425,22,742,71,4158,153,15083,93,19241,California
Calaveras,2021-05-19,145,33805,59,13552,82,19507,4,746,70,4159,74,15157,75,19316,California
Calaveras,2021-05-20,203,34008,79,13631,99,19606,25,771,67,4117,133,15290,91,19407,California
Calaveras,2021-05-21,97,34105,55,13686,38,19644,4,775,58,4141,37,15327,61,19468,California
Calaveras,2021-05-22,300,34405,159,13845,141,19785,0,775,147,4136,152,15479,147,19615,California
Calaveras,2021-05-23,29,34434,14,13859,15,19800,0,775,13,4133,16,15495,13,19628,California
Calaveras,2021-05-24,74,34508,38,13897,20,19820,16,791,31,4138,43,15538,48,19676,California
Calaveras,2021-05-25,124,34632,49,13946,59,19879,16,807,58,4146,66,15604,74,19750,California
Calaveras,2021-05-26,121,34753,87,14033,30,19909,4,811,83,4195,37,15641,86,19836,California
Calaveras,2021-05-27,83,34836,43,14076,36,19945,4,815,27,4174,53,15694,32,19868,California
Calaveras,2021-05-28,82,34918,42,14118,36,19981,4,819,41,4178,41,15735,45,19913,California
Calaveras,2021-05-29,68,34986,23,14141,40,20021,5,824,33,4181,35,15770,38,19951,California
Calaveras,2021-05-30,36,35022,14,14155,17,20038,5,829,11,4172,25,15795,16,19967,California
Calaveras,2021-05-31,5,35027,0,14155,3,20041,2,831,0,4169,5,15800,2,19969,California
Calaveras,2021-06-01,144,35171,97,14252,41,20082,6,837,44,4119,100,15900,50,20019,California
Calaveras,2021-06-02,85,35256,54,14306,27,20109,4,841,36,4110,49,15949,40,20059,California
Calaveras,2021-06-03,93,35349,55,14361,31,20140,7,848,42,4112,49,15998,51,20110,California
Calaveras,2021-06-04,140,35489,94,14455,34,20174,12,860,37,4058,103,16101,49,20159,California
Calaveras,2021-06-05,84,35573,27,14482,55,20229,2,862,33,4043,50,16151,35,20194,California
Calaveras,2021-06-06,40,35613,28,14510,9,20238,3,865,21,4048,19,16170,24,20218,California
Calaveras,2021-06-07,60,35673,43,14553,9,20247,8,873,24,4045,35,16205,32,20250,California
Calaveras,2021-06-08,125,35798,79,14632,39,20286,7,880,57,4043,66,16271,64,20314,California
Calaveras,2021-06-09,93,35891,49,14681,38,20324,6,886,30,4018,63,16334,38,20352,California
Calaveras,2021-06-10,115,36006,57,14738,49,20373,9,895,41,3996,72,16406,50,20402,California
Calaveras,2021-06-11,103,36109,58,14796,40,20413,5,900,32,3962,71,16477,37,20439,California
Calaveras,2021-06-12,62,36171,36,14832,24,20437,2,902,19,3941,43,16520,22,20461,California
Calaveras,2021-06-13,31,36202,18,14850,9,20446,4,906,8,3930,23,16543,12,20473,California
Calaveras,2021-06-14,59,36261,40,14890,15,20461,4,910,23,3922,36,16579,28,20501,California
Calaveras,2021-06-15,90,36351,54,14944,27,20488,9,919,23,3889,66,16645,33,20534,California
Calaveras,2021-06-16,179,36530,139,15083,26,20514,14,933,42,3809,136,16781,56,20590,California
Calaveras,2021-06-17,35,36565,17,15100,16,20530,2,935,16,3811,16,16797,18,20608,California
Colusa,2020-12-18,1,1,1,1,0,0,0,0,1,1,0,0,1,1,California
Colusa,2020-12-21,2,3,2,3,0,0,0,0,2,3,0,0,2,3,California
Colusa,2020-12-22,10,13,10,13,0,0,0,0,10,13,0,0,10,13,California
Colusa,2020-12-23,10,23,10,23,0,0,0,0,10,23,0,0,10,23,California
Colusa,2020-12-24,2,25,1,24,1,1,0,0,2,25,0,0,2,25,California
Colusa,2020-12-27,1,26,1,25,0,1,0,0,1,26,0,0,1,26,California
Colusa,2020-12-28,7,33,3,28,4,5,0,0,7,33,0,0,7,33,California
Colusa,2020-12-29,11,44,8,36,3,8,0,0,11,44,0,0,11,44,California
Colusa,2020-12-30,51,95,14,50,37,45,0,0,51,95,0,0,51,95,California
Colusa,2020-12-31,18,113,1,51,17,62,0,0,18,113,0,0,18,113,California
Colusa,2021-01-04,4,117,0,51,4,66,0,0,4,117,0,0,4,117,California
Colusa,2021-01-05,67,184,1,52,66,132,0,0,67,184,0,0,67,184,California
Colusa,2021-01-06,15,199,9,61,6,138,0,0,15,199,0,0,15,199,California
Colusa,2021-01-07,39,238,5,66,34,172,0,0,38,236,1,1,38,237,California
Colusa,2021-01-08,9,247,7,73,2,174,0,0,8,243,1,2,8,245,California
Colusa,2021-01-09,2,249,1,74,1,175,0,0,2,245,0,2,2,247,California
Colusa,2021-01-10,1,250,0,74,1,176,0,0,1,246,0,2,1,248,California
Colusa,2021-01-11,12,262,6,80,6,182,0,0,7,248,5,7,7,255,California
Colusa,2021-01-12,11,273,9,89,2,184,0,0,6,249,5,12,6,261,California
Colusa,2021-01-13,21,294,13,102,8,192,0,0,13,254,8,20,13,274,California
Colusa,2021-01-14,34,328,28,130,6,198,0,0,32,284,2,22,32,306,California
Colusa,2021-01-15,44,372,5,135,39,237,0,0,42,324,2,24,42,348,California
Colusa,2021-01-16,12,384,1,136,11,248,0,0,11,334,1,25,11,359,California
Colusa,2021-01-17,3,387,2,138,1,249,0,0,2,335,1,26,2,361,California
Colusa,2021-01-18,4,391,0,138,4,253,0,0,4,339,0,26,4,365,California
Colusa,2021-01-19,9,400,8,146,1,254,0,0,5,340,4,30,5,370,California
Colusa,2021-01-20,113,513,101,247,12,266,0,0,99,425,14,44,99,469,California
Colusa,2021-01-21,59,572,44,291,15,281,0,0,58,482,1,45,58,527,California
Colusa,2021-01-22,34,606,17,308,17,298,0,0,29,506,5,50,29,556,California
Colusa,2021-01-23,35,641,6,314,29,327,0,0,35,541,0,50,35,591,California
Colusa,2021-01-25,7,648,0,314,7,334,0,0,7,548,0,50,7,598,California
Colusa,2021-01-26,8,656,5,319,3,337,0,0,5,550,3,53,5,603,California
Colusa,2021-01-27,109,765,31,350,78,415,0,0,107,655,2,55,107,710,California
Colusa,2021-01-28,82,847,47,397,35,450,0,0,74,721,8,63,74,784,California
Colusa,2021-01-29,39,886,7,404,32,482,0,0,38,758,1,64,38,822,California
Colusa,2021-01-30,27,913,4,408,23,505,0,0,27,785,0,64,27,849,California
Colusa,2021-01-31,7,920,7,415,0,505,0,0,7,792,0,64,7,856,California
Colusa,2021-02-01,27,947,10,425,17,522,0,0,22,809,5,69,22,878,California
Colusa,2021-02-02,44,991,9,434,35,557,0,0,37,839,7,76,37,915,California
Colusa,2021-02-03,70,1061,11,445,59,616,0,0,59,887,11,87,59,974,California
Colusa,2021-02-04,145,1206,82,527,63,679,0,0,117,976,28,115,117,1091,California
Colusa,2021-02-05,28,1234,8,535,20,699,0,0,25,998,3,118,25,1116,California
Colusa,2021-02-06,282,1516,9,544,273,972,0,0,271,1258,11,129,271,1387,California
Colusa,2021-02-07,2,1518,1,545,1,973,0,0,0,1256,2,131,0,1387,California
Colusa,2021-02-08,40,1558,5,550,35,1008,0,0,37,1290,3,134,37,1424,California
Colusa,2021-02-09,228,1786,14,564,214,1222,0,0,175,1412,53,187,175,1599,California
Colusa,2021-02-10,114,1900,41,605,73,1295,0,0,71,1440,43,230,71,1670,California
Colusa,2021-02-11,99,1999,37,642,62,1357,0,0,73,1487,26,256,73,1743,California
Colusa,2021-02-12,118,2117,9,651,109,1466,0,0,77,1522,42,298,77,1820,California
Colusa,2021-02-13,60,2177,8,659,52,1518,0,0,52,1566,8,306,52,1872,California
Colusa,2021-02-14,21,2198,8,667,13,1531,0,0,15,1575,6,312,15,1887,California
Colusa,2021-02-15,45,2243,10,677,35,1566,0,0,38,1606,7,319,38,1925,California
Colusa,2021-02-16,67,2310,4,681,63,1629,0,0,66,1671,1,320,66,1991,California
Colusa,2021-02-17,203,2513,143,824,60,1689,0,0,58,1584,145,465,58,2049,California
Colusa,2021-02-18,138,2651,36,860,102,1791,0,0,115,1676,23,488,115,2164,California
Colusa,2021-02-19,150,2801,19,879,131,1922,0,0,130,1786,20,508,130,2294,California
Colusa,2021-02-20,27,2828,5,884,22,1944,0,0,11,1781,16,524,11,2305,California
Colusa,2021-02-21,1,2829,1,885,0,1944,0,0,0,1780,1,525,0,2305,California
Colusa,2021-02-22,43,2872,26,911,17,1961,0,0,29,1795,14,539,29,2334,California
Colusa,2021-02-23,22,2894,7,918,15,1976,0,0,17,1807,5,544,17,2351,California
Colusa,2021-02-24,304,3198,55,973,249,2225,0,0,159,1821,145,689,159,2510,California
Colusa,2021-02-25,102,3300,54,1027,48,2273,0,0,66,1851,36,725,66,2576,California
Colusa,2021-02-26,95,3395,14,1041,81,2354,0,0,59,1874,36,761,59,2635,California
Colusa,2021-02-27,55,3450,4,1045,51,2405,0,0,40,1899,15,776,40,2675,California
Colusa,2021-02-28,27,3477,15,1060,12,2417,0,0,18,1908,9,785,18,2693,California
Colusa,2021-03-01,46,3523,15,1075,31,2448,0,0,29,1920,17,802,29,2722,California
Colusa,2021-03-02,47,3570,12,1087,35,2483,0,0,24,1921,23,825,24,2746,California
Colusa,2021-03-03,246,3816,46,1133,200,2683,0,0,189,2053,57,882,189,2935,California
Colusa,2021-03-04,140,3956,59,1192,81,2764,0,0,81,2075,59,941,81,3016,California
Colusa,2021-03-05,94,4050,25,1217,60,2824,9,9,53,2096,41,982,62,3078,California
Colusa,2021-03-06,272,4322,9,1226,263,3087,0,9,38,1900,234,1216,38,3116,California
Colusa,2021-03-07,8,4330,5,1231,3,3090,0,9,6,1904,2,1218,6,3122,California
Colusa,2021-03-08,89,4419,21,1252,33,3123,35,44,45,1940,44,1262,80,3202,California
Colusa,2021-03-09,274,4693,74,1326,177,3300,23,67,85,1859,189,1451,108,3310,California
Colusa,2021-03-10,289,4982,38,1364,215,3515,36,103,204,2014,85,1536,240,3550,California
Colusa,2021-03-11,417,5399,59,1423,337,3852,21,124,334,2284,83,1619,353,3903,California
Colusa,2021-03-12,109,5508,18,1441,79,3931,12,136,20,2227,89,1708,32,3935,California
Colusa,2021-03-13,59,5567,14,1455,36,3967,9,145,17,2211,42,1750,26,3961,California
Colusa,2021-03-14,21,5588,0,1455,19,3986,2,147,7,2207,13,1763,9,3970,California
Colusa,2021-03-15,71,5659,27,1482,36,4022,8,155,15,2174,56,1819,23,3993,California
Colusa,2021-03-16,296,5955,16,1498,234,4256,46,201,189,2302,107,1926,235,4228,California
Colusa,2021-03-17,192,6147,49,1547,143,4399,0,201,107,2324,85,2011,107,4335,California
Colusa,2021-03-18,324,6471,36,1583,218,4617,70,271,202,2474,122,2133,272,4607,California
Colusa,2021-03-19,79,6550,20,1603,57,4674,2,273,53,2503,26,2159,55,4662,California
Colusa,2021-03-20,49,6599,7,1610,41,4715,1,274,36,2527,13,2172,37,4699,California
Colusa,2021-03-21,6,6605,4,1614,2,4717,0,274,3,2527,3,2175,3,4702,California
Colusa,2021-03-22,62,6667,10,1624,43,4760,9,283,40,2554,22,2197,49,4751,California
Colusa,2021-03-23,81,6748,16,1640,63,4823,2,285,55,2585,26,2223,57,4808,California
Colusa,2021-03-24,342,7090,57,1697,279,5102,6,291,67,2382,275,2498,72,4880,California
Colusa,2021-03-25,107,7197,60,1757,42,5144,5,296,49,2378,58,2556,54,4934,California
Colusa,2021-03-26,298,7495,48,1805,246,5390,4,300,246,2576,52,2608,250,5184,California
Colusa,2021-03-27,63,7558,5,1810,58,5448,0,300,25,2563,38,2646,25,5209,California
Colusa,2021-03-28,16,7574,7,1817,9,5457,0,300,8,2563,8,2654,8,5217,California
Colusa,2021-03-29,73,7647,21,1838,46,5503,6,306,33,2562,40,2694,39,5256,California
Colusa,2021-03-30,149,7796,82,1920,65,5568,2,308,71,2557,78,2772,73,5329,California
Colusa,2021-03-31,234,8030,41,1961,193,5761,0,308,70,2464,163,2935,70,5399,California
Colusa,2021-04-01,435,8465,71,2032,309,6070,55,363,313,2710,121,3056,367,5766,California
Colusa,2021-04-02,82,8547,15,2047,53,6123,14,377,38,2718,44,3100,52,5818,California
Colusa,2021-04-03,60,8607,9,2056,28,6151,23,400,14,2708,46,3146,36,5854,California
Colusa,2021-04-04,18,8625,0,2056,8,6159,10,410,3,2706,15,3161,13,5867,California
Colusa,2021-04-05,97,8722,26,2082,55,6214,16,426,39,2703,58,3219,55,5922,California
Colusa,2021-04-06,130,8852,34,2116,45,6259,51,477,43,2710,87,3306,94,6016,California
Colusa,2021-04-07,358,9210,41,2157,294,6553,23,500,131,2638,227,3533,155,6171,California
Colusa,2021-04-08,423,9633,33,2190,364,6917,26,526,120,2484,300,3833,146,6317,California
Colusa,2021-04-09,77,9710,21,2211,32,6949,24,550,28,2487,49,3882,52,6369,California
Colusa,2021-04-10,46,9756,9,2220,16,6965,21,571,13,2488,33,3915,34,6403,California
Colusa,2021-04-11,17,9773,3,2223,12,6977,2,573,8,2489,9,3924,10,6413,California
Colusa,2021-04-12,31,9804,3,2226,28,7005,0,573,24,2506,7,3931,24,6437,California
Colusa,2021-04-13,278,10082,22,2248,256,7261,0,573,93,2415,184,4115,93,6530,California
Colusa,2021-04-14,93,10175,19,2267,74,7335,0,573,31,2384,62,4177,31,6561,California
Colusa,2021-04-15,327,10502,47,2314,280,7615,0,573,134,2325,193,4370,134,6695,California
Colusa,2021-04-16,81,10583,11,2325,70,7685,0,573,37,2319,43,4413,37,6732,California
Colusa,2021-04-17,51,10634,7,2332,44,7729,0,573,29,2326,22,4435,29,6761,California
Colusa,2021-04-18,9,10643,2,2334,7,7736,0,573,7,2331,2,4437,7,6768,California
Colusa,2021-04-19,61,10704,22,2356,39,7775,0,573,16,2302,45,4482,16,6784,California
Colusa,2021-04-20,179,10883,31,2387,148,7923,0,573,129,2381,50,4532,129,6913,California
Colusa,2021-04-21,171,11054,60,2447,111,8034,0,573,111,2432,60,4592,111,7024,California
Colusa,2021-04-22,418,11472,27,2474,390,8424,1,574,218,2451,199,4791,218,7242,California
Colusa,2021-04-23,93,11565,20,2494,73,8497,0,574,36,2430,57,4848,36,7278,California
Colusa,2021-04-24,239,11804,19,2513,219,8716,1,575,208,2607,31,4879,208,7486,California
Colusa,2021-04-25,12,11816,6,2519,6,8722,0,575,8,2611,4,4883,8,7494,California
Colusa,2021-04-26,25,11841,5,2524,19,8741,1,576,6,2599,18,4901,6,7500,California
Colusa,2021-04-27,94,11935,23,2547,67,8808,4,580,44,2597,50,4951,48,7548,California
Colusa,2021-04-28,189,12124,27,2574,159,8967,3,583,139,2690,49,5000,142,7690,California
Colusa,2021-04-29,320,12444,27,2601,289,9256,4,587,47,2470,271,5271,51,7741,California
Colusa,2021-04-30,63,12507,18,2619,45,9301,0,587,41,2489,22,5293,41,7782,California
Colusa,2021-05-01,19,12526,8,2627,8,9309,3,590,9,2491,10,5303,12,7794,California
Colusa,2021-05-02,4,12530,1,2628,2,9311,1,591,2,2492,2,5305,3,7797,California
Colusa,2021-05-03,31,12561,7,2635,24,9335,0,591,15,2491,16,5321,15,7812,California
Colusa,2021-05-04,94,12655,52,2687,41,9376,1,592,67,2532,27,5348,68,7880,California
Colusa,2021-05-05,79,12734,16,2703,62,9438,1,593,34,2522,45,5393,35,7915,California
Colusa,2021-05-06,253,12987,16,2719,235,9673,2,595,110,2491,143,5536,112,8027,California
Colusa,2021-05-07,66,13053,4,2723,58,9731,4,599,30,2489,36,5572,34,8061,California
Colusa,2021-05-08,19,13072,5,2728,14,9745,0,599,9,2488,10,5582,9,8070,California
Colusa,2021-05-09,13,13085,5,2733,5,9750,3,602,6,2490,7,5589,9,8079,California
Colusa,2021-05-10,15,13100,6,2739,9,9759,0,602,6,2487,9,5598,6,8085,California
Colusa,2021-05-11,92,13192,33,2772,59,9818,0,602,50,2495,42,5640,50,8135,California
Colusa,2021-05-12,72,13264,31,2803,37,9855,4,606,20,2467,52,5692,24,8159,California
Colusa,2021-05-13,241,13505,23,2826,217,10072,1,607,77,2381,164,5856,78,8237,California
Colusa,2021-05-14,86,13591,18,2844,53,10125,15,622,33,2377,52,5908,48,8285,California
Colusa,2021-05-15,37,13628,9,2853,26,10151,2,624,19,2380,18,5926,21,8306,California
Colusa,2021-05-16,22,13650,5,2858,10,10161,7,631,9,2383,13,5939,16,8322,California
Colusa,2021-05-17,24,13674,4,2862,18,10179,2,633,12,2385,12,5951,14,8336,California
Colusa,2021-05-18,99,13773,26,2888,71,10250,2,635,46,2380,53,6004,48,8384,California
Colusa,2021-05-19,218,13991,44,2932,154,10404,20,655,68,2318,150,6154,88,8472,California
Colusa,2021-05-20,283,14274,36,2968,243,10647,4,659,70,2179,213,6367,74,8546,California
Colusa,2021-05-21,69,14343,23,2991,44,10691,2,661,35,2182,34,6401,37,8583,California
Colusa,2021-05-22,219,14562,22,3013,196,10887,1,662,31,2026,188,6589,32,8615,California
Colusa,2021-05-23,18,14580,7,3020,7,10894,4,666,5,2022,13,6602,9,8624,California
Colusa,2021-05-24,26,14606,3,3023,18,10912,5,671,15,2031,11,6613,20,8644,California
Colusa,2021-05-25,134,14740,75,3098,57,10969,2,673,52,2003,82,6695,54,8698,California
Colusa,2021-05-26,72,14812,25,3123,47,11016,0,673,33,1997,39,6734,33,8731,California
Colusa,2021-05-27,170,14982,17,3140,153,11169,0,673,54,1935,116,6850,54,8785,California
Colusa,2021-05-28,79,15061,25,3165,53,11222,1,674,40,1937,39,6889,41,8826,California
Colusa,2021-05-29,37,15098,18,3183,18,11240,1,675,29,1959,8,6897,30,8856,California
Colusa,2021-05-30,8,15106,1,3184,2,11242,5,680,1,1958,7,6904,6,8862,California
Colusa,2021-05-31,4,15110,0,3184,4,11246,0,680,1,1956,3,6907,1,8863,California
Colusa,2021-06-01,50,15160,16,3200,33,11279,1,681,26,1959,24,6931,27,8890,California
Colusa,2021-06-02,146,15306,20,3220,124,11403,2,683,52,1920,93,7024,54,8944,California
Colusa,2021-06-03,61,15367,19,3239,41,11444,1,684,26,1915,32,7056,27,8971,California
Colusa,2021-06-04,59,15426,19,3258,37,11481,3,687,21,1901,38,7094,24,8995,California
Colusa,2021-06-05,35,15461,16,3274,18,11499,1,688,18,1903,17,7111,19,9014,California
Colusa,2021-06-06,9,15470,4,3278,4,11503,1,689,6,1907,3,7114,7,9021,California
Colusa,2021-06-07,22,15492,6,3284,16,11519,0,689,12,1909,10,7124,12,9033,California
Colusa,2021-06-08,74,15566,20,3304,54,11573,0,689,29,1893,45,7169,29,9062,California
Colusa,2021-06-09,69,15635,39,3343,30,11603,0,689,28,1880,41,7210,28,9090,California
Colusa,2021-06-10,56,15691,23,3366,31,11634,2,691,14,1854,42,7252,16,9106,California
Colusa,2021-06-11,60,15751,33,3399,27,11661,0,691,29,1852,31,7283,29,9135,California
Colusa,2021-06-12,36,15787,22,3421,14,11675,0,691,9,1834,27,7310,9,9144,California
Colusa,2021-06-13,10,15797,3,3424,5,11680,2,693,2,1830,8,7318,4,9148,California
Colusa,2021-06-14,19,15816,9,3433,10,11690,0,693,7,1825,12,7330,7,9155,California
Colusa,2021-06-15,77,15893,37,3470,39,11729,1,694,19,1787,58,7388,20,9175,California
Colusa,2021-06-16,55,15948,15,3485,39,11768,1,695,16,1765,39,7427,17,9192,California
Colusa,2021-06-17,47,15995,0,3485,46,11814,1,696,5,1729,42,7469,6,9198,California
Contra Costa,2020-12-15,18,18,18,18,0,0,0,0,18,18,0,0,18,18,California
Contra Costa,2020-12-16,525,543,525,543,0,0,0,0,525,543,0,0,525,543,California
Contra Costa,2020-12-17,1051,1594,1051,1594,0,0,0,0,1051,1594,0,0,1051,1594,California
Contra Costa,2020-12-18,1789,3383,1787,3381,2,2,0,0,1789,3383,0,0,1789,3383,California
Contra Costa,2020-12-19,1135,4518,1134,4515,1,3,0,0,1135,4518,0,0,1135,4518,California
Contra Costa,2020-12-20,608,5126,607,5122,1,4,0,0,608,5126,0,0,608,5126,California
Contra Costa,2020-12-21,1688,6814,1686,6808,2,6,0,0,1688,6814,0,0,1688,6814,California
Contra Costa,2020-12-22,1697,8511,1589,8397,108,114,0,0,1697,8511,0,0,1697,8511,California
Contra Costa,2020-12-23,1651,10162,1399,9796,252,366,0,0,1651,10162,0,0,1651,10162,California
Contra Costa,2020-12-24,670,10832,343,10139,327,693,0,0,670,10832,0,0,670,10832,California
Contra Costa,2020-12-25,44,10876,20,10159,24,717,0,0,44,10876,0,0,44,10876,California
Contra Costa,2020-12-26,667,11543,138,10297,529,1246,0,0,667,11543,0,0,667,11543,California
Contra Costa,2020-12-27,245,11788,87,10384,158,1404,0,0,245,11788,0,0,245,11788,California
Contra Costa,2020-12-28,1870,13658,877,11261,993,2397,0,0,1870,13658,0,0,1870,13658,California
Contra Costa,2020-12-29,1870,15528,829,12090,1041,3438,0,0,1870,15528,0,0,1870,15528,California
Contra Costa,2020-12-30,2453,17981,1227,13317,1226,4664,0,0,2451,17978,2,2,2452,17980,California
Contra Costa,2020-12-31,936,18917,310,13627,626,5290,0,0,935,18913,0,2,935,18915,California
Contra Costa,2021-01-01,68,18985,26,13653,42,5332,0,0,68,18981,0,2,68,18983,California
Contra Costa,2021-01-02,347,19332,179,13832,168,5500,0,0,347,19328,0,2,347,19330,California
Contra Costa,2021-01-03,188,19520,127,13959,61,5561,0,0,186,19514,0,2,186,19516,California
Contra Costa,2021-01-04,1923,21443,1253,15212,670,6231,0,0,1903,21399,18,20,1903,21419,California
Contra Costa,2021-01-05,2137,23580,1274,16486,863,7094,0,0,1848,22960,288,308,1849,23268,California
Contra Costa,2021-01-06,3338,26918,2288,18774,1050,8144,0,0,2508,24648,824,1132,2512,25780,California
Contra Costa,2021-01-07,3146,30064,2103,20877,1043,9187,0,0,1807,25119,1336,2468,1807,27587,California
Contra Costa,2021-01-08,3442,33506,2437,23314,1005,10192,0,0,1769,25223,1668,4136,1772,29359,California
Contra Costa,2021-01-09,1615,35121,1158,24472,457,10649,0,0,740,25091,874,5010,742,30101,California
Contra Costa,2021-01-10,373,35494,296,24768,77,10726,0,0,156,25030,217,5227,156,30257,California
Contra Costa,2021-01-11,3884,39378,3184,27952,700,11426,0,0,2234,25617,1650,6877,2237,32494,California
Contra Costa,2021-01-12,3971,43349,2980,30932,991,12417,0,0,2605,26860,1365,8242,2608,35102,California
Contra Costa,2021-01-13,4814,48163,2983,33915,1831,14248,0,0,3836,29723,974,9216,3837,38939,California
Contra Costa,2021-01-14,4386,52549,1591,35506,2795,17043,0,0,3990,33317,396,9612,3990,42929,California
Contra Costa,2021-01-15,5432,57981,2497,38003,2935,19978,0,0,5097,38086,334,9946,5103,48032,California
Contra Costa,2021-01-16,1782,59763,582,38585,1200,21178,0,0,1699,39703,83,10029,1700,49732,California
Contra Costa,2021-01-17,1684,61447,992,39577,692,21870,0,0,1562,41146,122,10151,1565,51297,California
Contra Costa,2021-01-18,3294,64741,1310,40887,1984,23854,0,0,2659,43176,630,10781,2660,53957,California
Contra Costa,2021-01-19,7146,71887,3206,44093,3940,27794,0,0,6132,48304,1009,11790,6137,60094,California
Contra Costa,2021-01-20,6817,78704,4202,48295,2615,30409,0,0,5562,52620,1251,13041,5567,65661,California
Contra Costa,2021-01-21,7110,85814,3147,51442,3963,34372,0,0,6368,58260,736,13777,6376,72037,California
Contra Costa,2021-01-22,6516,92330,2755,54197,3761,38133,0,0,5633,63022,874,14651,5636,77673,California
Contra Costa,2021-01-23,2093,94423,368,54565,1725,39858,0,0,1820,64573,271,14922,1822,79495,California
Contra Costa,2021-01-24,1628,96051,222,54787,1406,41264,0,0,1477,65903,151,15073,1481,80976,California
Contra Costa,2021-01-25,6783,102834,3066,57853,3717,44981,0,0,5176,69478,1605,16678,5180,86156,California
Contra Costa,2021-01-26,8251,111085,4756,62609,3495,48476,0,0,6362,73964,1881,18559,6367,92523,California
Contra Costa,2021-01-27,8342,119427,5478,68087,2864,51340,0,0,6452,78542,1878,20437,6456,98979,California
Contra Costa,2021-01-28,7601,127028,4125,72212,3476,54816,0,0,5952,82855,1643,22080,5956,104935,California
Contra Costa,2021-01-29,7577,134605,3940,76152,3637,58453,0,0,6234,87753,1338,23418,6236,111171,California
Contra Costa,2021-01-30,2188,136793,666,76818,1522,59975,0,0,1781,89134,400,23818,1781,112952,California
Contra Costa,2021-01-31,685,137478,454,77272,231,60206,0,0,589,89630,93,23911,589,113541,California
Contra Costa,2021-02-01,5928,143406,4117,81389,1811,62017,0,0,4007,91727,1913,25824,4010,117551,California
Contra Costa,2021-02-02,7676,151082,5136,86525,2540,64557,0,0,5960,95973,1715,27539,5961,123512,California
Contra Costa,2021-02-03,8417,159499,5549,92074,2868,67425,0,0,5713,98993,2694,30233,5714,129226,California
Contra Costa,2021-02-04,7648,167147,3633,95707,4015,71440,0,0,5866,103082,1780,32013,5869,135095,California
Contra Costa,2021-02-05,8559,175706,4872,100579,3687,75127,0,0,5843,106216,2709,34722,5843,140938,California
Contra Costa,2021-02-06,3557,179263,2195,102774,1362,76489,0,0,2895,108451,661,35383,2896,143834,California
Contra Costa,2021-02-07,1004,180267,727,103501,277,76766,0,0,612,108673,390,35773,612,144446,California
Contra Costa,2021-02-08,5975,186242,3553,107054,2422,79188,0,0,4441,111588,1527,37300,4442,148888,California
Contra Costa,2021-02-09,8823,195065,4883,111937,3940,83128,0,0,5879,114532,2936,40236,5880,154768,California
Contra Costa,2021-02-10,8785,203850,4736,116673,4049,87177,0,0,5430,116626,3340,43576,5434,160202,California
Contra Costa,2021-02-11,9487,213337,4278,120951,5209,92386,0,0,5350,117850,4131,47707,5355,165557,California
Contra Costa,2021-02-12,10225,223562,4674,125625,5551,97937,0,0,5516,118668,4701,52408,5519,171076,California
Contra Costa,2021-02-13,4957,228519,1393,127018,3564,101501,0,0,3450,120615,1504,53912,3451,174527,California
Contra Costa,2021-02-14,2129,230648,881,127899,1248,102749,0,0,1241,120970,886,54798,1241,175768,California
Contra Costa,2021-02-15,4532,235180,2494,130393,2038,104787,0,0,2364,121175,2160,56958,2365,178133,California
Contra Costa,2021-02-16,10545,245725,4967,135360,5578,110365,0,0,4702,120046,5835,62793,4706,182839,California
Contra Costa,2021-02-17,12477,258202,6256,141616,6221,116586,0,0,5737,119059,6725,69518,5738,188577,California
Contra Costa,2021-02-18,11637,269839,6048,147664,5589,122175,0,0,5379,118193,6247,75765,5381,193958,California
Contra Costa,2021-02-19,11630,281469,7257,154921,4373,126548,0,0,5275,117130,6340,82105,5277,199235,California
Contra Costa,2021-02-20,6636,288105,3010,157931,3626,130174,0,0,4673,119860,1946,84051,4676,203911,California
Contra Costa,2021-02-21,2375,290480,1774,159705,601,130775,0,0,1592,120670,782,84833,1592,205503,California
Contra Costa,2021-02-22,7873,298353,5320,165025,2553,133328,0,0,3630,120075,4228,89061,3633,209136,California
Contra Costa,2021-02-23,12379,310732,7623,172648,4756,138084,0,0,6230,120178,6135,95196,6238,215374,California
Contra Costa,2021-02-24,10910,321642,8025,180673,2885,140969,0,0,5299,119887,5592,100788,5301,220675,California
Contra Costa,2021-02-25,12077,333719,7663,188336,4414,145383,0,0,5609,119054,6447,107235,5614,226289,California
Contra Costa,2021-02-26,11288,345007,7140,195476,4148,149531,0,0,5599,118980,5674,112909,5600,231889,California
Contra Costa,2021-02-27,7032,352039,4542,200018,2490,152021,0,0,4404,120766,2620,115529,4406,236295,California
Contra Costa,2021-02-28,4425,356464,3676,203694,748,152769,1,1,3732,123810,690,116219,3734,240029,California
Contra Costa,2021-03-01,8781,365245,6657,210351,2118,154887,6,7,5422,125897,3343,119562,5430,245459,California
Contra Costa,2021-03-02,10841,376086,6954,217305,3886,158773,1,8,5805,126684,5020,124582,5807,251266,California
Contra Costa,2021-03-03,11574,387660,7294,224599,4279,163052,1,9,6541,128208,5019,129601,6543,257809,California
Contra Costa,2021-03-04,12208,399868,7294,231893,4913,167965,1,10,6333,128687,5856,135457,6335,264144,California
Contra Costa,2021-03-05,11716,411584,7018,238911,4691,172656,7,17,6731,130458,4967,140424,6738,270882,California
Contra Costa,2021-03-06,7638,419222,4274,243185,3051,175707,313,330,4979,133103,2644,143068,5289,276171,California
Contra Costa,2021-03-07,3939,423161,2506,245691,1371,177078,62,392,3236,135700,701,143769,3298,279469,California
Contra Costa,2021-03-08,8399,431560,3978,249669,4111,181189,310,702,5653,138933,2734,146503,5967,285436,California
Contra Costa,2021-03-09,11333,442893,6017,255686,5018,186207,298,1000,5936,139783,5386,151889,6236,291672,California
Contra Costa,2021-03-10,12669,455562,6371,262057,4786,190993,1512,2512,5778,140186,6878,158767,7281,298953,California
Contra Costa,2021-03-11,12710,468272,6674,268731,5466,196459,570,3082,6501,141069,6186,164953,7069,306022,California
Contra Costa,2021-03-12,12845,481117,5298,274029,6975,203434,572,3654,6402,141614,6425,171378,6970,312992,California
Contra Costa,2021-03-13,8022,489139,3233,277262,4356,207790,433,4087,3160,140360,4841,176219,3587,316579,California
Contra Costa,2021-03-14,4526,493665,2669,279931,1356,209146,501,4588,1731,139804,2787,179006,2231,318810,California
Contra Costa,2021-03-15,9641,503306,5245,285176,3626,212772,770,5358,4761,140474,4860,183866,5530,324340,California
Contra Costa,2021-03-16,14581,517887,8694,293870,5475,218247,412,5770,7191,140712,7364,191230,7602,331942,California
Contra Costa,2021-03-17,15339,533226,10612,304482,4503,222750,224,5994,8568,142765,6744,197974,8797,340739,California
Contra Costa,2021-03-18,15644,548870,8744,313226,6412,229162,488,6482,8625,144892,6984,204958,9111,349850,California
Contra Costa,2021-03-19,15903,564773,9202,322428,5267,234429,1434,7916,8217,146877,7668,212626,9653,359503,California
Contra Costa,2021-03-20,10890,575663,6539,328967,4035,238464,316,8232,5135,146596,5731,218357,5450,364953,California
Contra Costa,2021-03-21,4682,580345,4088,333055,496,238960,98,8330,1828,145678,2843,221200,1925,366878,California
Contra Costa,2021-03-22,11843,592188,8937,341992,2644,241604,262,8592,6870,147852,4956,226156,7130,374008,California
Contra Costa,2021-03-23,15918,608106,10977,352969,4769,246373,172,8764,9151,150438,6738,232894,9324,383332,California
Contra Costa,2021-03-24,15235,623341,11895,364864,3125,249498,215,8979,9192,153837,6010,238904,9409,392741,California
Contra Costa,2021-03-25,15597,638938,12183,377047,3121,252619,293,9272,9519,157603,6041,244945,9807,402548,California
Contra Costa,2021-03-26,15278,654216,10991,388038,3880,256499,407,9679,8761,160276,6489,251434,9162,411710,California
Contra Costa,2021-03-27,10734,664950,6996,395034,3220,259719,518,10197,5705,161475,5017,256451,6216,417926,California
Contra Costa,2021-03-28,4320,669270,3074,398108,1191,260910,55,10252,1657,160535,2652,259103,1712,419638,California
Contra Costa,2021-03-29,11081,680351,8645,406753,2318,263228,118,10370,7030,163654,4032,263135,7151,426789,California
Contra Costa,2021-03-30,17050,697401,9347,416100,6340,269568,1363,11733,10517,169016,6514,269649,11876,438665,California
Contra Costa,2021-03-31,18326,715727,12871,428971,3999,273567,1456,13189,11511,175207,6768,276417,12959,451624,California
Contra Costa,2021-04-01,17857,733584,12510,441481,3947,277514,1400,14589,11581,181942,6241,282658,12976,464600,California
Contra Costa,2021-04-02,17762,751346,13087,454568,3641,281155,1034,15623,11762,188746,5987,288645,12791,477391,California
Contra Costa,2021-04-03,11040,762386,6591,461159,2885,284040,1564,17187,6312,191903,4714,293359,7871,485262,California
Contra Costa,2021-04-04,3422,765808,1345,462504,1472,285512,605,17792,860,190813,2553,295912,1463,486725,California
Contra Costa,2021-04-05,12291,778099,7996,470500,3306,288818,989,18781,6648,192822,5628,301540,7637,494362,California
Contra Costa,2021-04-06,17548,795647,12172,482672,3075,291893,2301,21082,9828,197250,7698,309238,12126,506488,California
Contra Costa,2021-04-07,18803,814450,12747,495419,3220,295113,2836,23918,10663,202665,8118,317356,13533,520021,California
Contra Costa,2021-04-08,18936,833386,12619,508038,3376,298489,2941,26859,10143,206973,8766,326122,13074,533095,California
Contra Costa,2021-04-09,19137,852523,12197,520235,4416,302905,2524,29383,10240,210863,8866,334988,12756,545851,California
Contra Costa,2021-04-10,10710,863233,3862,524097,2224,305129,4624,34007,3335,211451,7355,342343,7943,553794,California
Contra Costa,2021-04-11,3435,866668,2042,526139,718,305847,675,34682,1153,211001,2276,344619,1826,555620,California
Contra Costa,2021-04-12,12162,878830,8014,534153,3059,308906,1089,35771,5704,211361,6438,351057,6798,562418,California
Contra Costa,2021-04-13,18164,896994,11159,545312,6997,315903,8,35779,12114,217466,6022,357079,12127,574545,California
Contra Costa,2021-04-14,17958,914952,11289,556601,6668,322571,1,35780,9972,219483,7960,365039,9977,584522,California
Contra Costa,2021-04-15,17749,932701,10908,567509,6840,329411,1,35781,8223,218233,9496,374535,8246,592768,California
Contra Costa,2021-04-16,17164,949865,10695,578204,6468,335879,1,35782,7735,216578,9402,383937,7747,600515,California
Contra Costa,2021-04-17,11663,961528,6438,584642,5225,341104,0,35782,6267,217477,5378,389315,6277,606792,California
Contra Costa,2021-04-18,2826,964354,2175,586817,651,341755,0,35782,1814,218289,1002,390317,1814,608606,California
Contra Costa,2021-04-19,11568,975922,8632,595449,2936,344691,0,35782,3642,214037,7897,398214,3645,612251,California
Contra Costa,2021-04-20,16984,992906,11034,606483,5950,350641,0,35782,6404,209905,10550,408764,6418,618669,California
Contra Costa,2021-04-21,17536,1010442,14307,620790,3228,353869,1,35783,6214,204845,11282,420046,6222,624891,California
Contra Costa,2021-04-22,17367,1027809,14079,634869,3286,357155,2,35785,6123,199771,11208,431254,6134,631025,California
Contra Costa,2021-04-23,17202,1045011,13681,648550,3521,360676,0,35785,5531,193677,11633,442887,5539,636564,California
Contra Costa,2021-04-24,11090,1056101,8550,657100,2539,363215,1,35786,4248,191111,6818,449705,4252,640816,California
Contra Costa,2021-04-25,3322,1059423,2226,659326,1094,364309,2,35788,2090,191976,1230,450935,2095,642911,California
Contra Costa,2021-04-26,10106,1069529,8424,667750,1658,365967,24,35812,3042,188011,7044,457979,3079,645990,California
Contra Costa,2021-04-27,14802,1084331,10794,678544,3831,369798,177,35989,4033,181488,10744,468723,4221,650211,California
Contra Costa,2021-04-28,14373,1098704,11194,689738,2891,372689,288,36277,3857,175160,10481,479204,4153,654364,California
Contra Costa,2021-04-29,13551,1112255,10494,700232,2886,375575,171,36448,3229,168272,10293,489497,3405,657769,California
Contra Costa,2021-04-30,13863,1126118,10942,711174,2661,378236,260,36708,3133,160968,10701,500198,3397,661166,California
Contra Costa,2021-05-01,8134,1134252,5911,717085,1899,380135,324,37032,1926,157040,6178,506376,2250,663416,California
Contra Costa,2021-05-02,2371,1136623,1607,718692,682,380817,82,37114,995,156752,1365,507741,1077,664493,California
Contra Costa,2021-05-03,9178,1145801,8068,726760,931,381748,179,37293,1930,151632,7232,514973,2112,666605,California
Contra Costa,2021-05-04,14208,1160009,12272,739032,1607,383355,329,37622,2286,142354,11893,526866,2615,669220,California
Contra Costa,2021-05-05,12645,1172654,10909,749941,1535,384890,201,37823,2416,134771,10201,537067,2618,671838,California
Contra Costa,2021-05-06,10374,1183028,8618,758559,1418,386308,338,38161,1944,128654,8406,545473,2289,674127,California
Contra Costa,2021-05-07,9718,1192746,7810,766369,1682,387990,226,38387,2224,123640,7460,552933,2446,676573,California
Contra Costa,2021-05-08,5359,1198105,4035,770404,1154,389144,170,38557,1247,120964,4097,557030,1421,677994,California
Contra Costa,2021-05-09,2130,1200235,1797,772201,274,389418,59,38616,458,119816,1666,558696,518,678512,California
Contra Costa,2021-05-10,4959,1205194,3970,776171,769,390187,220,38836,1338,117773,3599,562295,1556,680068,California
Contra Costa,2021-05-11,8841,1214035,4605,780776,3998,394185,238,39074,1743,112683,7077,569372,1987,682055,California
Contra Costa,2021-05-12,9321,1223356,4801,785577,4255,398440,265,39339,1674,107008,7620,576992,1945,684000,California
Contra Costa,2021-05-13,11804,1235160,7870,793447,3747,402187,187,39526,4227,103878,7549,584541,4419,688419,California
Contra Costa,2021-05-14,12249,1247409,8178,801625,3789,405976,282,39808,5060,102054,7165,591706,5341,693760,California
Contra Costa,2021-05-15,10073,1257482,7320,808945,2634,408610,119,39927,4430,100976,5629,597335,4551,698311,California
Contra Costa,2021-05-16,2458,1259940,2152,811097,260,408870,46,39973,1096,100761,1356,598691,1141,699452,California
Contra Costa,2021-05-17,7072,1267012,5704,816801,1195,410065,173,40146,3555,100994,3497,602188,3730,703182,California
Contra Costa,2021-05-18,10295,1277307,7039,823840,3037,413102,219,40365,4488,99928,5777,607965,4711,707893,California
Contra Costa,2021-05-19,8518,1285825,6889,830729,1434,414536,195,40560,3862,99351,4637,612602,4060,711953,California
Contra Costa,2021-05-20,7167,1292992,5654,836383,1327,415863,186,40746,3360,99117,3780,616382,3546,715499,California
Contra Costa,2021-05-21,7109,1300101,5447,841830,1449,417312,213,40959,3273,98790,3810,620192,3483,718982,California
Contra Costa,2021-05-22,5119,1305220,4044,845874,893,418205,182,41141,2488,98851,2607,622799,2668,721650,California
Contra Costa,2021-05-23,1219,1306439,796,846670,367,418572,56,41197,596,98886,616,623415,651,722301,California
Contra Costa,2021-05-24,4681,1311120,3876,850546,628,419200,177,41374,2199,98794,2471,625886,2379,724680,California
Contra Costa,2021-05-25,6289,1317409,5118,855664,919,420119,252,41626,2657,98087,3615,629501,2908,727588,California
Contra Costa,2021-05-26,5648,1323057,3627,859291,1831,421950,190,41816,1961,96572,3665,633166,2150,729738,California
Contra Costa,2021-05-27,3818,1326875,2697,861988,943,422893,178,41994,1634,96210,2169,635335,1807,731545,California
Contra Costa,2021-05-28,5378,1332253,3758,865746,1446,424339,174,42168,2254,95535,3101,638436,2426,733971,California
Contra Costa,2021-05-29,3261,1335514,2111,867857,1033,425372,117,42285,1632,95665,1619,640055,1749,735720,California
Contra Costa,2021-05-30,927,1336441,586,868443,313,425685,28,42313,361,95490,564,640619,389,736109,California
Contra Costa,2021-05-31,391,1336832,270,868713,109,425794,12,42325,128,95369,260,640879,139,736248,California
Contra Costa,2021-06-01,4801,1341633,3575,872288,1083,426877,143,42468,1721,94169,3064,643943,1864,738112,California
Contra Costa,2021-06-02,3431,1345064,2427,874715,858,427735,146,42614,1399,93692,2021,645964,1544,739656,California
Contra Costa,2021-06-03,5450,1350514,4544,879259,791,428526,115,42729,1459,91282,3984,649948,1574,741230,California
Contra Costa,2021-06-04,6419,1356933,5390,884649,891,429417,138,42867,1621,88256,4782,654730,1756,742986,California
Contra Costa,2021-06-05,5209,1362142,4419,889068,678,430095,112,42979,1114,85396,4084,658814,1224,744210,California
Contra Costa,2021-06-06,1355,1363497,1184,890252,142,430237,29,43008,381,84837,969,659783,410,744620,California
Contra Costa,2021-06-07,4952,1368449,4358,894610,494,430731,100,43108,1414,82825,3527,663310,1515,746135,California
Contra Costa,2021-06-08,6108,1374557,5271,899881,714,431445,123,43231,1443,79741,4651,667961,1567,747702,California
Contra Costa,2021-06-09,4861,1379418,4143,904024,570,432015,148,43379,1254,77555,3589,671550,1403,749105,California
Contra Costa,2021-06-10,4781,1384199,4017,908041,594,432609,170,43549,1238,75435,3528,675078,1408,750513,California
Contra Costa,2021-06-11,4825,1389024,3961,912002,671,433280,193,43742,1267,73351,3543,678621,1459,751972,California
Contra Costa,2021-06-12,3154,1392178,2681,914683,413,433693,60,43802,724,71712,2421,681042,782,752754,California
Contra Costa,2021-06-13,1144,1393322,854,915537,182,433875,108,43910,290,71263,847,681889,398,753152,California
Contra Costa,2021-06-14,3880,1397202,3274,918811,478,434353,128,44038,1136,69798,2727,684616,1262,754414,California
Contra Costa,2021-06-15,4117,1401319,3437,922248,518,434871,162,44200,1280,68412,2827,687443,1441,755855,California
Contra Costa,2021-06-16,3378,1404697,2775,925023,425,435296,178,44378,1157,67543,2202,689645,1333,757188,California
Contra Costa,2021-06-17,1785,1406482,1481,926504,204,435500,100,44478,624,67109,1155,690800,721,757909,California
Del Norte,2020-12-21,22,22,22,22,0,0,0,0,22,22,0,0,22,22,California
Del Norte,2020-12-22,45,67,45,67,0,0,0,0,45,67,0,0,45,67,California
Del Norte,2020-12-23,59,126,48,115,11,11,0,0,57,124,0,0,57,124,California
Del Norte,2020-12-28,35,161,35,150,0,11,0,0,35,159,0,0,35,159,California
Del Norte,2020-12-29,4,165,4,154,0,11,0,0,4,163,0,0,4,163,California
Del Norte,2020-12-30,68,233,56,210,12,23,0,0,68,231,0,0,68,231,California
Del Norte,2020-12-31,16,249,13,223,3,26,0,0,16,247,0,0,16,247,California
Del Norte,2021-01-04,103,352,50,273,53,79,0,0,103,350,0,0,103,350,California
Del Norte,2021-01-05,31,383,0,273,31,110,0,0,31,381,0,0,31,381,California
Del Norte,2021-01-06,77,460,18,291,59,169,0,0,77,458,0,0,77,458,California
Del Norte,2021-01-07,21,481,1,292,20,189,0,0,21,479,0,0,21,479,California
Del Norte,2021-01-08,78,559,7,299,71,260,0,0,78,557,0,0,78,557,California
Del Norte,2021-01-11,39,598,20,319,19,279,0,0,18,555,21,21,19,576,California
Del Norte,2021-01-12,50,648,31,350,19,298,0,0,30,565,20,41,30,606,California
Del Norte,2021-01-13,84,732,40,390,44,342,0,0,51,583,33,74,51,657,California
Del Norte,2021-01-14,53,785,14,404,39,381,0,0,47,624,6,80,47,704,California
Del Norte,2021-01-15,107,892,18,422,89,470,0,0,95,707,12,92,95,799,California
Del Norte,2021-01-17,1,893,1,423,0,470,0,0,1,708,0,92,1,800,California
Del Norte,2021-01-18,2,895,0,423,2,472,0,0,2,710,0,92,2,802,California
Del Norte,2021-01-19,120,1015,57,480,63,535,0,0,77,744,43,135,77,879,California
Del Norte,2021-01-20,159,1174,84,564,75,610,0,0,96,777,63,198,96,975,California
Del Norte,2021-01-21,43,1217,40,604,3,613,0,0,32,798,11,209,32,1007,California
Del Norte,2021-01-22,19,1236,17,621,2,615,0,0,12,803,7,216,12,1019,California
Del Norte,2021-01-23,1,1237,0,621,1,616,0,0,1,804,0,216,1,1020,California
Del Norte,2021-01-24,1,1238,0,621,1,617,0,0,1,805,0,216,1,1021,California
Del Norte,2021-01-25,101,1339,83,704,18,635,0,0,56,816,45,261,56,1077,California
Del Norte,2021-01-26,18,1357,11,715,7,642,0,0,7,812,11,272,7,1084,California
Del Norte,2021-01-27,64,1421,21,736,43,685,0,0,61,870,3,275,61,1145,California
Del Norte,2021-01-28,293,1714,20,756,273,958,0,0,288,1153,5,280,288,1433,California
Del Norte,2021-01-29,62,1776,21,777,41,999,0,0,44,1179,18,298,44,1477,California
Del Norte,2021-01-30,8,1784,1,778,7,1006,0,0,8,1187,0,298,8,1485,California
Del Norte,2021-02-01,40,1824,1,779,39,1045,0,0,25,1197,15,313,25,1510,California
Del Norte,2021-02-02,140,1964,34,813,106,1151,0,0,73,1204,66,379,73,1583,California
Del Norte,2021-02-03,129,2093,42,855,87,1238,0,0,74,1223,55,434,74,1657,California
Del Norte,2021-02-04,69,2162,27,882,42,1280,0,0,40,1234,29,463,40,1697,California
Del Norte,2021-02-05,184,2346,22,904,162,1442,0,0,118,1287,65,528,118,1815,California
Del Norte,2021-02-06,309,2655,3,907,306,1748,0,0,309,1596,0,528,309,2124,California
Del Norte,2021-02-08,36,2691,1,908,35,1783,0,0,32,1624,4,532,32,2156,California
Del Norte,2021-02-09,8,2699,5,913,3,1786,0,0,2,1620,6,538,2,2158,California
Del Norte,2021-02-10,142,2841,20,933,122,1908,0,0,86,1651,55,593,86,2244,California
Del Norte,2021-02-11,176,3017,58,991,118,2026,0,0,63,1601,113,706,63,2307,California
Del Norte,2021-02-12,121,3138,14,1005,107,2133,0,0,67,1614,54,760,67,2374,California
Del Norte,2021-02-13,2,3140,1,1006,1,2134,0,0,2,1616,0,760,2,2376,California
Del Norte,2021-02-14,3,3143,1,1007,2,2136,0,0,2,1617,1,761,2,2378,California
Del Norte,2021-02-15,5,3148,0,1007,5,2141,0,0,3,1618,2,763,3,2381,California
Del Norte,2021-02-16,132,3280,1,1008,131,2272,0,0,13,1512,119,882,13,2394,California
Del Norte,2021-02-17,92,3372,19,1027,73,2345,0,0,24,1469,67,949,24,2418,California
Del Norte,2021-02-18,76,3448,24,1051,52,2397,0,0,50,1493,26,975,50,2468,California
Del Norte,2021-02-19,43,3491,17,1068,26,2423,0,0,33,1516,10,985,33,2501,California
Del Norte,2021-02-20,9,3500,6,1074,3,2426,0,0,6,1519,3,988,6,2507,California
Del Norte,2021-02-22,2,3502,0,1074,2,2428,0,0,2,1521,0,988,2,2509,California
Del Norte,2021-02-23,105,3607,88,1162,17,2445,0,0,29,1475,76,1064,30,2539,California
Del Norte,2021-02-24,155,3762,100,1262,55,2500,0,0,80,1480,75,1139,80,2619,California
Del Norte,2021-02-25,478,4240,131,1393,347,2847,0,0,213,1430,263,1402,213,2832,California
Del Norte,2021-02-26,211,4451,175,1568,36,2883,0,0,164,1547,47,1449,164,2996,California
Del Norte,2021-02-27,147,4598,141,1709,5,2888,1,1,140,1681,7,1456,141,3137,California
Del Norte,2021-02-28,3,4601,0,1709,3,2891,0,1,3,1684,0,1456,3,3140,California
Del Norte,2021-03-01,27,4628,2,1711,25,2916,0,1,4,1666,22,1478,4,3144,California
Del Norte,2021-03-02,223,4851,143,1854,80,2996,0,1,189,1821,34,1512,189,3333,California
Del Norte,2021-03-03,176,5027,107,1961,69,3065,0,1,134,1913,42,1554,134,3467,California
Del Norte,2021-03-04,119,5146,82,2043,37,3102,0,1,91,1977,27,1581,91,3558,California
Del Norte,2021-03-05,122,5268,11,2054,111,3213,0,1,74,2003,48,1629,74,3632,California
Del Norte,2021-03-06,464,5732,77,2131,338,3551,49,50,163,1872,301,1930,170,3802,California
Del Norte,2021-03-07,1,5733,1,2132,0,3551,0,50,1,1873,0,1930,1,3803,California
Del Norte,2021-03-08,30,5763,0,2132,28,3579,2,52,6,1858,23,1953,8,3811,California
Del Norte,2021-03-09,194,5957,113,2245,78,3657,3,55,183,2033,11,1964,186,3997,California
Del Norte,2021-03-10,234,6191,95,2340,111,3768,28,83,134,2095,100,2064,162,4159,California
Del Norte,2021-03-11,150,6341,55,2395,90,3858,5,88,102,2154,48,2112,107,4266,California
Del Norte,2021-03-12,178,6519,89,2484,89,3947,0,88,125,2226,53,2165,125,4391,California
Del Norte,2021-03-13,94,6613,93,2577,1,3948,0,88,91,2314,3,2168,91,4482,California
Del Norte,2021-03-14,1,6614,0,2577,1,3949,0,88,0,2313,1,2169,0,4482,California
Del Norte,2021-03-15,38,6652,0,2577,38,3987,0,88,34,2343,4,2173,34,4516,California
Del Norte,2021-03-16,279,6931,134,2711,145,4132,0,88,259,2582,20,2193,259,4775,California
Del Norte,2021-03-17,284,7215,95,2806,187,4319,2,90,170,2640,114,2307,172,4947,California
Del Norte,2021-03-18,284,7499,107,2913,175,4494,2,92,150,2659,133,2440,152,5099,California
Del Norte,2021-03-19,267,7766,158,3071,103,4597,6,98,92,2582,175,2615,98,5197,California
Del Norte,2021-03-20,157,7923,154,3225,3,4600,0,98,15,2455,142,2757,15,5212,California
Del Norte,2021-03-21,4,7927,2,3227,2,4602,0,98,2,2455,2,2759,2,5214,California
Del Norte,2021-03-22,42,7969,2,3229,39,4641,1,99,38,2491,3,2762,39,5253,California
Del Norte,2021-03-23,334,8303,165,3394,151,4792,18,117,163,2502,169,2931,180,5433,California
Del Norte,2021-03-24,395,8698,106,3500,249,5041,40,157,227,2601,168,3099,267,5700,California
Del Norte,2021-03-25,191,8889,88,3588,103,5144,0,157,84,2579,106,3205,84,5784,California
Del Norte,2021-03-26,232,9121,113,3701,119,5263,0,157,195,2737,37,3242,195,5979,California
Del Norte,2021-03-27,107,9228,86,3787,4,5267,17,174,17,2681,90,3332,34,6013,California
Del Norte,2021-03-28,4,9232,2,3789,2,5269,0,174,1,2679,3,3335,1,6014,California
Del Norte,2021-03-29,57,9289,6,3795,34,5303,17,191,32,2703,25,3360,49,6063,California
Del Norte,2021-03-30,338,9627,119,3914,208,5511,11,202,126,2628,212,3572,137,6200,California
Del Norte,2021-03-31,356,9983,101,4015,238,5749,17,219,200,2691,154,3726,217,6417,California
Del Norte,2021-04-01,164,10147,58,4073,72,5821,34,253,69,2700,94,3820,103,6520,California
Del Norte,2021-04-02,233,10380,79,4152,105,5926,49,302,49,2615,184,4004,99,6619,California
Del Norte,2021-04-03,108,10488,83,4235,2,5928,23,325,5,2541,102,4106,28,6647,California
Del Norte,2021-04-04,4,10492,0,4235,0,5928,4,329,0,2541,4,4110,4,6651,California
Del Norte,2021-04-05,46,10538,4,4239,38,5966,4,333,40,2579,6,4116,44,6695,California
Del Norte,2021-04-06,380,10918,120,4359,223,6189,37,370,146,2533,230,4346,184,6879,California
Del Norte,2021-04-07,437,11355,115,4474,261,6450,61,431,289,2736,148,4494,351,7230,California
Del Norte,2021-04-08,229,11584,54,4528,106,6556,69,500,105,2786,124,4618,174,7404,California
Del Norte,2021-04-09,207,11791,47,4575,83,6639,77,577,100,2855,106,4724,175,7579,California
Del Norte,2021-04-10,47,11838,26,4601,4,6643,17,594,27,2879,20,4744,44,7623,California
Del Norte,2021-04-11,10,11848,3,4604,0,6643,7,601,1,2878,9,4753,8,7631,California
Del Norte,2021-04-12,27,11875,1,4605,9,6652,17,618,1,2871,25,4778,18,7649,California
Del Norte,2021-04-13,296,12171,49,4654,247,6899,0,618,155,2885,141,4919,155,7804,California
Del Norte,2021-04-14,331,12502,23,4677,308,7207,0,618,139,2837,192,5111,144,7948,California
Del Norte,2021-04-15,164,12666,30,4707,134,7341,0,618,44,2762,120,5231,45,7993,California
Del Norte,2021-04-16,161,12827,39,4746,122,7463,0,618,59,2720,102,5333,60,8053,California
Del Norte,2021-04-17,108,12935,76,4822,32,7495,0,618,102,2816,6,5339,102,8155,California
Del Norte,2021-04-18,6,12941,5,4827,1,7496,0,618,5,2820,1,5340,5,8160,California
Del Norte,2021-04-19,50,12991,6,4833,44,7540,0,618,8,2786,42,5382,8,8168,California
Del Norte,2021-04-20,206,13197,40,4873,166,7706,0,618,72,2724,134,5516,72,8240,California
Del Norte,2021-04-21,290,13487,24,4897,266,7972,0,618,66,2569,224,5740,69,8309,California
Del Norte,2021-04-22,114,13601,15,4912,99,8071,0,618,62,2579,52,5792,62,8371,California
Del Norte,2021-04-23,150,13751,22,4934,128,8199,0,618,39,2507,111,5903,39,8410,California
Del Norte,2021-04-24,26,13777,15,4949,11,8210,0,618,21,2523,5,5908,21,8431,California
Del Norte,2021-04-25,2,13779,0,4949,2,8212,0,618,2,2525,0,5908,2,8433,California
Del Norte,2021-04-26,31,13810,0,4949,31,8243,0,618,9,2512,22,5930,9,8442,California
Del Norte,2021-04-27,181,13991,21,4970,155,8398,5,623,50,2437,131,6061,56,8498,California
Del Norte,2021-04-28,351,14342,100,5070,246,8644,5,628,63,2219,287,6348,69,8567,California
Del Norte,2021-04-29,93,14435,6,5076,83,8727,4,632,26,2182,67,6415,30,8597,California
Del Norte,2021-04-30,87,14522,7,5083,70,8797,10,642,47,2199,40,6455,57,8654,California
Del Norte,2021-05-01,7,14529,2,5085,5,8802,0,642,5,2202,2,6457,5,8659,California
Del Norte,2021-05-02,8,14537,0,5085,8,8810,0,642,8,2210,0,6457,8,8667,California
Del Norte,2021-05-03,40,14577,3,5088,34,8844,3,645,2,2178,37,6494,5,8672,California
Del Norte,2021-05-04,222,14799,36,5124,181,9025,5,650,47,2055,175,6669,52,8724,California
Del Norte,2021-05-05,235,15034,20,5144,207,9232,8,658,60,1949,174,6843,68,8792,California
Del Norte,2021-05-06,111,15145,25,5169,73,9305,13,671,26,1903,85,6928,39,8831,California
Del Norte,2021-05-07,150,15295,27,5196,119,9424,4,675,31,1819,119,7047,35,8866,California
Del Norte,2021-05-08,65,15360,55,5251,8,9432,2,677,7,1770,58,7105,9,8875,California
Del Norte,2021-05-09,9,15369,4,5255,2,9434,3,680,2,1768,7,7112,5,8880,California
Del Norte,2021-05-10,24,15393,3,5258,17,9451,4,684,14,1776,10,7122,18,8898,California
Del Norte,2021-05-11,173,15566,50,5308,121,9572,2,686,34,1673,139,7261,36,8934,California
Del Norte,2021-05-12,151,15717,24,5332,117,9689,10,696,27,1587,123,7384,37,8971,California
Del Norte,2021-05-13,68,15785,30,5362,37,9726,1,697,38,1596,30,7414,39,9010,California
Del Norte,2021-05-14,76,15861,26,5388,49,9775,1,698,41,1603,35,7449,42,9052,California
Del Norte,2021-05-15,97,15958,54,5442,37,9812,6,704,53,1618,44,7493,59,9111,California
Del Norte,2021-05-16,11,15969,0,5442,11,9823,0,704,11,1629,0,7493,11,9122,California
Del Norte,2021-05-17,26,15995,3,5445,20,9843,3,707,15,1636,11,7504,18,9140,California
Del Norte,2021-05-18,130,16125,71,5516,59,9902,0,707,83,1672,47,7551,83,9223,California
Del Norte,2021-05-19,97,16222,14,5530,66,9968,17,724,39,1669,58,7609,55,9278,California
Del Norte,2021-05-20,99,16321,32,5562,64,10032,3,727,40,1654,58,7667,43,9321,California
Del Norte,2021-05-21,82,16403,34,5596,45,10077,3,730,45,1665,37,7704,48,9369,California
Del Norte,2021-05-22,24,16427,8,5604,16,10093,0,730,11,1664,12,7716,11,9380,California
Del Norte,2021-05-23,14,16441,5,5609,9,10102,0,730,7,1664,7,7723,7,9387,California
Del Norte,2021-05-24,26,16467,10,5619,16,10118,0,730,17,1672,9,7732,17,9404,California
Del Norte,2021-05-25,44,16511,5,5624,33,10151,6,736,15,1667,26,7758,21,9425,California
Del Norte,2021-05-26,116,16627,36,5660,72,10223,8,744,52,1664,63,7821,60,9485,California
Del Norte,2021-05-27,74,16701,28,5688,42,10265,4,748,35,1664,39,7860,39,9524,California
Del Norte,2021-05-28,51,16752,6,5694,37,10302,8,756,7,1635,44,7904,15,9539,California
Del Norte,2021-05-29,8,16760,0,5694,4,10306,4,760,3,1637,5,7909,7,9546,California
Del Norte,2021-05-30,7,16767,1,5695,6,10312,0,760,2,1634,5,7914,2,9548,California
Del Norte,2021-05-31,4,16771,2,5697,2,10314,0,760,3,1636,1,7915,3,9551,California
Del Norte,2021-06-01,52,16823,6,5703,39,10353,7,767,11,1613,41,7956,18,9569,California
Del Norte,2021-06-02,84,16907,11,5714,68,10421,5,772,19,1572,65,8021,24,9593,California
Del Norte,2021-06-03,61,16968,36,5750,23,10444,2,774,27,1567,34,8055,29,9622,California
Del Norte,2021-06-04,70,17038,24,5774,41,10485,5,779,20,1542,50,8105,25,9647,California
Del Norte,2021-06-05,1,17039,0,5774,1,10486,0,779,0,1541,1,8106,0,9647,California
Del Norte,2021-06-06,11,17050,5,5779,4,10490,2,781,7,1546,4,8110,9,9656,California
Del Norte,2021-06-07,40,17090,9,5788,26,10516,5,786,15,1541,25,8135,20,9676,California
Del Norte,2021-06-08,112,17202,81,5869,26,10542,5,791,33,1500,79,8214,38,9714,California
Del Norte,2021-06-09,58,17260,11,5880,40,10582,7,798,17,1483,41,8255,24,9738,California
Del Norte,2021-06-10,56,17316,26,5906,23,10605,7,805,11,1457,44,8299,18,9756,California
Del Norte,2021-06-11,59,17375,23,5929,27,10632,9,814,14,1435,45,8344,23,9779,California
Del Norte,2021-06-12,17,17392,3,5932,11,10643,3,817,2,1425,15,8359,5,9784,California
Del Norte,2021-06-13,60,17452,43,5975,13,10656,4,821,13,1395,47,8406,17,9801,California
Del Norte,2021-06-14,36,17488,14,5989,18,10674,4,825,15,1393,21,8427,19,9820,California
Del Norte,2021-06-15,37,17525,9,5998,20,10694,8,833,4,1372,33,8460,12,9832,California
Del Norte,2021-06-16,84,17609,34,6032,43,10737,7,840,15,1325,69,8529,22,9854,California
Del Norte,2021-06-17,18,17627,4,6036,12,10749,2,842,5,1319,13,8542,7,9861,California
El Dorado,2020-12-15,12,12,12,12,0,0,0,0,12,12,0,0,12,12,California
El Dorado,2020-12-16,40,52,40,52,0,0,0,0,40,52,0,0,40,52,California
El Dorado,2020-12-17,31,83,31,83,0,0,0,0,31,83,0,0,31,83,California
El Dorado,2020-12-18,259,342,259,342,0,0,0,0,259,342,0,0,259,342,California
El Dorado,2020-12-19,121,463,121,463,0,0,0,0,121,463,0,0,121,463,California
El Dorado,2020-12-20,85,548,85,548,0,0,0,0,85,548,0,0,85,548,California
El Dorado,2020-12-21,311,859,310,858,1,1,0,0,311,859,0,0,311,859,California
El Dorado,2020-12-22,243,1102,219,1077,24,25,0,0,243,1102,0,0,243,1102,California
El Dorado,2020-12-23,193,1295,143,1220,50,75,0,0,193,1295,0,0,193,1295,California
El Dorado,2020-12-24,83,1378,63,1283,20,95,0,0,83,1378,0,0,83,1378,California
El Dorado,2020-12-25,8,1386,8,1291,0,95,0,0,8,1386,0,0,8,1386,California
El Dorado,2020-12-26,45,1431,27,1318,18,113,0,0,45,1431,0,0,45,1431,California
El Dorado,2020-12-27,38,1469,34,1352,4,117,0,0,38,1469,0,0,38,1469,California
El Dorado,2020-12-28,214,1683,165,1517,49,166,0,0,214,1683,0,0,214,1683,California
El Dorado,2020-12-29,463,2146,144,1661,319,485,0,0,463,2146,0,0,463,2146,California
El Dorado,2020-12-30,509,2655,139,1800,370,855,0,0,509,2655,0,0,509,2655,California
El Dorado,2020-12-31,109,2764,68,1868,41,896,0,0,109,2764,0,0,109,2764,California
El Dorado,2021-01-01,6,2770,4,1872,2,898,0,0,6,2770,0,0,6,2770,California
El Dorado,2021-01-02,152,2922,140,2012,12,910,0,0,152,2922,0,0,152,2922,California
El Dorado,2021-01-03,93,3015,17,2029,76,986,0,0,93,3015,0,0,93,3015,California
El Dorado,2021-01-04,190,3205,62,2091,128,1114,0,0,190,3205,0,0,190,3205,California
El Dorado,2021-01-05,230,3435,74,2165,156,1270,0,0,213,3401,17,17,213,3418,California
El Dorado,2021-01-06,240,3675,166,2331,74,1344,0,0,176,3514,63,80,176,3594,California
El Dorado,2021-01-07,333,4008,137,2468,196,1540,0,0,256,3693,77,157,256,3850,California
El Dorado,2021-01-08,981,4989,505,2973,476,2016,0,0,764,4240,217,374,764,4614,California
El Dorado,2021-01-09,194,5183,159,3132,35,2051,0,0,123,4292,71,445,123,4737,California
El Dorado,2021-01-10,183,5366,132,3264,51,2102,0,0,111,4332,72,517,112,4849,California
El Dorado,2021-01-11,663,6029,296,3560,367,2469,0,0,462,4595,200,717,463,5312,California
El Dorado,2021-01-12,808,6837,427,3987,381,2850,0,0,557,4901,251,968,557,5869,California
El Dorado,2021-01-13,709,7546,303,4290,406,3256,0,0,541,5274,168,1136,541,6410,California
El Dorado,2021-01-14,799,8345,221,4511,578,3834,0,0,705,5885,94,1230,705,7115,California
El Dorado,2021-01-15,799,9144,186,4697,613,4447,0,0,725,6536,74,1304,725,7840,California
El Dorado,2021-01-16,178,9322,104,4801,74,4521,0,0,151,6660,27,1331,151,7991,California
El Dorado,2021-01-17,106,9428,49,4850,57,4578,0,0,89,6732,17,1348,89,8080,California
El Dorado,2021-01-18,432,9860,147,4997,285,4863,0,0,361,7022,71,1419,361,8441,California
El Dorado,2021-01-19,751,10611,449,5446,302,5165,0,0,600,7472,151,1570,601,9042,California
El Dorado,2021-01-20,1013,11624,688,6134,325,5490,0,0,900,8260,112,1682,900,9942,California
El Dorado,2021-01-21,1270,12894,679,6813,591,6081,0,0,1064,9159,165,1847,1064,11006,California
El Dorado,2021-01-22,1230,14124,830,7643,400,6481,0,0,1175,10280,54,1901,1175,12181,California
El Dorado,2021-01-23,733,14857,609,8252,124,6605,0,0,622,10791,111,2012,622,12803,California
El Dorado,2021-01-24,127,14984,77,8329,50,6655,0,0,107,10878,20,2032,107,12910,California
El Dorado,2021-01-25,703,15687,292,8621,411,7066,0,0,615,11405,88,2120,615,13525,California
El Dorado,2021-01-26,692,16379,377,8998,315,7381,0,0,584,11881,108,2228,584,14109,California
El Dorado,2021-01-27,1001,17380,397,9395,604,7985,0,0,659,12197,343,2571,659,14768,California
El Dorado,2021-01-28,1110,18490,454,9849,656,8641,0,0,748,12583,362,2933,748,15516,California
El Dorado,2021-01-29,1053,19543,559,10408,494,9135,0,0,760,13052,292,3225,761,16277,California
El Dorado,2021-01-30,552,20095,297,10705,255,9390,0,0,455,13411,96,3321,455,16732,California
El Dorado,2021-01-31,236,20331,212,10917,24,9414,0,0,185,13545,51,3372,185,16917,California
El Dorado,2021-02-01,802,21133,372,11289,430,9844,0,0,654,14051,148,3520,654,17571,California
El Dorado,2021-02-02,849,21982,372,11661,477,10321,0,0,683,14568,166,3686,683,18254,California
El Dorado,2021-02-03,908,22890,478,12139,430,10751,0,0,696,15052,212,3898,696,18950,California
El Dorado,2021-02-04,1260,24150,710,12849,550,11301,0,0,881,15555,378,4276,881,19831,California
El Dorado,2021-02-05,1500,25650,610,13459,890,12191,0,0,874,15840,589,4865,874,20705,California
El Dorado,2021-02-06,635,26285,333,13792,302,12493,0,0,530,16266,105,4970,531,21236,California
El Dorado,2021-02-07,260,26545,178,13970,82,12575,0,0,193,16392,67,5037,193,21429,California
El Dorado,2021-02-08,891,27436,424,14394,467,13042,0,0,612,16725,279,5316,612,22041,California
El Dorado,2021-02-09,974,28410,548,14942,426,13468,0,0,547,16845,427,5743,547,22588,California
El Dorado,2021-02-10,1265,29675,740,15682,525,13993,0,0,665,16911,599,6342,665,23253,California
El Dorado,2021-02-11,2162,31837,893,16575,1269,15262,0,0,759,16271,1400,7742,760,24013,California
El Dorado,2021-02-12,1579,33416,823,17398,756,16018,0,0,674,16042,904,8646,675,24688,California
El Dorado,2021-02-13,972,34388,661,18059,311,16329,0,0,438,15947,533,9179,438,25126,California
El Dorado,2021-02-14,493,34881,154,18213,339,16668,0,0,400,16254,93,9272,400,25526,California
El Dorado,2021-02-15,1186,36067,385,18598,801,17469,0,0,824,16720,362,9634,828,26354,California
El Dorado,2021-02-16,1215,37282,537,19135,678,18147,0,0,675,16857,539,10173,676,27030,California
El Dorado,2021-02-17,962,38244,426,19561,536,18683,0,0,467,16830,495,10668,468,27498,California
El Dorado,2021-02-18,2108,40352,1033,20594,1075,19758,0,0,1071,16865,1036,11704,1071,28569,California
El Dorado,2021-02-19,1231,41583,660,21254,571,20329,0,0,692,17019,538,12242,692,29261,California
El Dorado,2021-02-20,948,42531,451,21705,497,20826,0,0,678,17432,265,12507,678,29939,California
El Dorado,2021-02-21,291,42822,233,21938,58,20884,0,0,104,17349,187,12694,104,30043,California
El Dorado,2021-02-22,889,43711,446,22384,443,21327,0,0,278,17017,610,13304,278,30321,California
El Dorado,2021-02-23,869,44580,492,22876,377,21704,0,0,356,16862,511,13815,356,30677,California
El Dorado,2021-02-24,1039,45619,451,23327,588,22292,0,0,432,16687,607,14422,432,31109,California
El Dorado,2021-02-25,1931,47550,1162,24489,769,23061,0,0,698,16161,1226,15648,700,31809,California
El Dorado,2021-02-26,2424,49974,1510,25999,914,23975,0,0,1628,16996,793,16441,1628,33437,California
El Dorado,2021-02-27,1708,51682,444,26443,1264,25239,0,0,1259,17809,446,16887,1259,34696,California
El Dorado,2021-02-28,665,52347,226,26669,439,25678,0,0,499,18143,166,17053,500,35196,California
El Dorado,2021-03-01,1164,53511,467,27136,695,26373,2,2,643,18268,520,17573,645,35841,California
El Dorado,2021-03-02,939,54450,275,27411,663,27036,1,3,495,18322,442,18015,496,36337,California
El Dorado,2021-03-03,1714,56164,473,27884,1241,28277,0,3,1168,18953,539,18554,1170,37507,California
El Dorado,2021-03-04,2545,58709,1564,29448,981,29258,0,3,1214,18839,1328,19882,1214,38721,California
El Dorado,2021-03-05,1603,60312,439,29887,1159,30417,5,8,1063,19373,534,20416,1068,39789,California
El Dorado,2021-03-06,747,61059,220,30107,494,30911,33,41,395,19450,351,20767,428,40217,California
El Dorado,2021-03-07,417,61476,202,30309,197,31108,18,59,256,19565,159,20926,274,40491,California
El Dorado,2021-03-08,1356,62832,374,30683,909,32017,73,132,882,20048,471,21397,954,41445,California
El Dorado,2021-03-09,998,63830,235,30918,694,32711,69,201,593,20320,390,21787,662,42107,California
El Dorado,2021-03-10,964,64794,348,31266,559,33270,57,258,556,20531,401,22188,612,42719,California
El Dorado,2021-03-11,3055,67849,1852,33118,1017,34287,186,444,1298,20277,1735,23923,1481,44200,California
El Dorado,2021-03-12,1807,69656,628,33746,928,35215,251,695,747,20233,1042,24965,998,45198,California
El Dorado,2021-03-13,1079,70735,352,34098,442,35657,285,980,376,20192,699,25664,658,45856,California
El Dorado,2021-03-14,799,71534,203,34301,485,36142,111,1091,279,20062,520,26184,390,46246,California
El Dorado,2021-03-15,1419,72953,303,34604,985,37127,131,1222,614,20007,801,26985,746,46992,California
El Dorado,2021-03-16,1238,74191,424,35028,668,37795,146,1368,567,20054,667,27652,714,47706,California
El Dorado,2021-03-17,1161,75352,374,35402,686,38481,101,1469,752,20499,408,28060,853,48559,California
El Dorado,2021-03-18,3033,78385,1797,37199,1194,39675,42,1511,2002,21520,1023,29083,2044,50603,California
El Dorado,2021-03-19,1126,79511,361,37560,610,40285,155,1666,626,21801,499,29582,780,51383,California
El Dorado,2021-03-20,959,80470,267,37827,677,40962,15,1681,378,21625,569,30151,393,51776,California
El Dorado,2021-03-21,1046,81516,423,38250,618,41580,5,1686,932,22450,112,30263,937,52713,California
El Dorado,2021-03-22,1511,83027,489,38739,940,42520,82,1768,1189,23404,317,30580,1271,53984,California
El Dorado,2021-03-23,1164,84191,462,39201,606,43126,96,1864,743,23834,409,30989,839,54823,California
El Dorado,2021-03-24,1470,85661,636,39837,637,43763,197,2061,664,23916,779,31768,861,55684,California
El Dorado,2021-03-25,2538,88199,1704,41541,727,44490,107,2168,1387,24266,1145,32913,1495,57179,California
El Dorado,2021-03-26,1843,90042,712,42253,1018,45508,113,2281,932,24423,888,33801,1045,58224,California
El Dorado,2021-03-27,1343,91385,189,42442,1150,46658,4,2285,317,23724,1020,34821,321,58545,California
El Dorado,2021-03-28,646,92031,187,42629,448,47106,11,2296,166,23425,476,35297,177,58722,California
El Dorado,2021-03-29,1329,93360,439,43068,874,47980,16,2312,827,23769,499,35796,843,59565,California
El Dorado,2021-03-30,1388,94748,428,43496,861,48841,99,2411,689,23864,691,36487,786,60351,California
El Dorado,2021-03-31,1569,96317,582,44078,919,49760,68,2479,689,23741,878,37365,755,61106,California
El Dorado,2021-04-01,3255,99572,1781,45859,1391,51151,83,2562,1546,23665,1706,39071,1630,62736,California
El Dorado,2021-04-02,1904,101476,568,46427,1239,52390,97,2659,749,23362,1149,40220,846,63582,California
El Dorado,2021-04-03,758,102234,302,46729,336,52726,120,2779,230,23187,525,40745,350,63932,California
El Dorado,2021-04-04,274,102508,82,46811,145,52871,47,2826,97,23155,176,40921,144,64076,California
El Dorado,2021-04-05,1436,103944,424,47235,919,53790,93,2919,593,23003,837,41758,685,64761,California
El Dorado,2021-04-06,1426,105370,532,47767,673,54463,221,3140,452,22704,969,42727,670,65431,California
El Dorado,2021-04-07,1617,106987,573,48340,589,55052,455,3595,564,22670,1050,43777,1016,66447,California
El Dorado,2021-04-08,2722,109709,1753,50093,731,55783,238,3833,1123,22439,1591,45368,1360,67807,California
El Dorado,2021-04-09,1441,111150,452,50545,769,56552,220,4053,571,22359,867,46235,787,68594,California
El Dorado,2021-04-10,828,111978,225,50770,493,57045,110,4163,480,22603,345,46580,589,69183,California
El Dorado,2021-04-11,708,112686,455,51225,237,57282,16,4179,209,22330,498,47078,225,69408,California
El Dorado,2021-04-12,1300,113986,508,51733,643,57925,149,4328,570,22326,722,47800,718,70126,California
El Dorado,2021-04-13,1131,115117,619,52352,512,58437,0,4328,513,22225,614,48414,513,70639,California
El Dorado,2021-04-14,1100,116217,471,52823,628,59065,1,4329,382,21903,705,49119,383,71022,California
El Dorado,2021-04-15,2528,118745,1708,54531,820,59885,0,4329,961,21303,1563,50682,963,71985,California
El Dorado,2021-04-16,1486,120231,525,55056,961,60846,0,4329,610,21042,872,51554,611,72596,California
El Dorado,2021-04-17,815,121046,204,55260,611,61457,0,4329,502,21234,310,51864,502,73098,California
El Dorado,2021-04-18,1047,122093,88,55348,959,62416,0,4329,412,21015,634,52498,415,73513,California
El Dorado,2021-04-19,1733,123826,439,55787,1294,63710,0,4329,693,20675,1034,53532,694,74207,California
El Dorado,2021-04-20,1112,124938,365,56152,747,64457,0,4329,456,20480,652,54184,457,74664,California
El Dorado,2021-04-21,1159,126097,463,56615,692,65149,4,4333,591,20512,560,54744,592,75256,California
El Dorado,2021-04-22,2568,128665,1694,58309,874,66023,0,4333,1069,20085,1496,56240,1069,76325,California
El Dorado,2021-04-23,1416,130081,507,58816,909,66932,0,4333,724,20121,689,56929,725,77050,California
El Dorado,2021-04-24,972,131053,520,59336,452,67384,0,4333,738,20627,232,57161,738,77788,California
El Dorado,2021-04-25,658,131711,451,59787,207,67591,0,4333,472,20913,186,57347,472,78260,California
El Dorado,2021-04-26,1196,132907,483,60270,696,68287,17,4350,561,20859,631,57978,577,78837,California
El Dorado,2021-04-27,1128,134035,419,60689,670,68957,39,4389,502,20781,619,58597,541,79378,California
El Dorado,2021-04-28,1068,135103,357,61046,671,69628,40,4429,436,20626,631,59228,476,79854,California
El Dorado,2021-04-29,1988,137091,1365,62411,591,70219,32,4461,591,19855,1394,60622,623,80477,California
El Dorado,2021-04-30,2132,139223,1343,63754,748,70967,41,4502,1367,20509,753,61375,1407,81884,California
El Dorado,2021-05-01,614,139837,280,64034,306,71273,28,4530,276,20482,331,61706,304,82188,California
El Dorado,2021-05-02,302,140139,215,64249,58,71331,29,4559,100,20411,199,61905,128,82316,California
El Dorado,2021-05-03,826,140965,403,64652,372,71703,51,4610,277,20195,545,62450,329,82645,California
El Dorado,2021-05-04,887,141852,438,65090,389,72092,60,4670,313,19998,570,63020,373,83018,California
El Dorado,2021-05-05,882,142734,436,65526,372,72464,74,4744,421,20034,459,63479,495,83513,California
El Dorado,2021-05-06,1117,143851,485,66011,584,73048,48,4792,474,19915,637,64116,518,84031,California
El Dorado,2021-05-07,982,144833,378,66389,546,73594,58,4850,397,19784,585,64701,454,84485,California
El Dorado,2021-05-08,492,145325,155,66544,300,73894,37,4887,187,19705,303,65004,224,84709,California
El Dorado,2021-05-09,221,145546,82,66626,112,74006,27,4914,103,19718,117,65121,130,84839,California
El Dorado,2021-05-10,827,146373,269,66895,500,74506,58,4972,243,19442,575,65696,299,85138,California
El Dorado,2021-05-11,685,147058,299,67194,324,74830,62,5034,296,19415,386,66082,359,85497,California
El Dorado,2021-05-12,645,147703,340,67534,263,75093,42,5076,276,19365,369,66451,319,85816,California
El Dorado,2021-05-13,1259,148962,796,68330,423,75516,40,5116,476,19103,777,67228,515,86331,California
El Dorado,2021-05-14,1416,150378,822,69152,510,76026,84,5200,684,19144,727,67955,768,87099,California
El Dorado,2021-05-15,905,151283,557,69709,291,76317,57,5257,322,18940,583,68538,379,87478,California
El Dorado,2021-05-16,667,151950,462,70171,179,76496,26,5283,232,18763,435,68973,258,87736,California
El Dorado,2021-05-17,1582,153532,670,70841,863,77359,49,5332,567,18367,1011,69984,615,88351,California
El Dorado,2021-05-18,1029,154561,522,71363,453,77812,54,5386,447,18287,581,70565,501,88852,California
El Dorado,2021-05-19,816,155377,334,71697,429,78241,53,5439,317,18164,492,71057,369,89221,California
El Dorado,2021-05-20,1185,156562,663,72360,448,78689,74,5513,453,17961,729,71786,526,89747,California
El Dorado,2021-05-21,2338,158900,1746,74106,550,79239,42,5555,824,17317,1510,73296,866,90613,California
El Dorado,2021-05-22,704,159604,204,74310,464,79703,36,5591,227,17104,476,73772,263,90876,California
El Dorado,2021-05-23,290,159894,116,74426,145,79848,29,5620,93,17031,195,73967,122,90998,California
El Dorado,2021-05-24,886,160780,455,74881,362,80210,69,5689,313,16842,569,74536,380,91378,California
El Dorado,2021-05-25,607,161387,253,75134,318,80528,36,5725,229,16732,375,74911,265,91643,California
El Dorado,2021-05-26,807,162194,398,75532,385,80913,24,5749,285,16520,521,75432,309,91952,California
El Dorado,2021-05-27,624,162818,247,75779,343,81256,34,5783,318,16567,304,75736,351,92303,California
El Dorado,2021-05-28,728,163546,250,76029,414,81670,64,5847,307,16520,418,76154,371,92674,California
El Dorado,2021-05-29,385,163931,106,76135,263,81933,16,5863,168,16487,217,76371,184,92858,California
El Dorado,2021-05-30,173,164104,101,76236,58,81991,14,5877,84,16497,88,76459,98,92956,California
El Dorado,2021-05-31,35,164139,10,76246,14,82005,11,5888,8,16489,27,76486,19,92975,California
El Dorado,2021-06-01,680,164819,293,76539,349,82354,38,5926,235,16320,442,76928,273,93248,California
El Dorado,2021-06-02,631,165450,302,76841,279,82633,50,5976,263,16266,367,77295,313,93561,California
El Dorado,2021-06-03,728,166178,339,77180,346,82979,43,6019,183,15948,545,77840,227,93788,California
El Dorado,2021-06-04,888,167066,532,77712,322,83301,34,6053,189,15474,697,78537,223,94011,California
El Dorado,2021-06-05,388,167454,222,77934,154,83455,12,6065,84,15267,303,78840,96,94107,California
El Dorado,2021-06-06,277,167731,192,78126,69,83524,16,6081,51,15108,225,79065,66,94173,California
El Dorado,2021-06-07,787,168518,487,78613,260,83784,40,6121,173,14714,607,79672,213,94386,California
El Dorado,2021-06-08,631,169149,382,78995,215,83999,34,6155,129,14377,499,80171,162,94548,California
El Dorado,2021-06-09,463,169612,277,79272,161,84160,25,6180,110,14159,353,80524,135,94683,California
El Dorado,2021-06-10,590,170202,368,79640,191,84351,31,6211,160,13922,428,80952,191,94874,California
El Dorado,2021-06-11,659,170861,395,80035,220,84571,44,6255,131,13570,527,81479,175,95049,California
El Dorado,2021-06-12,261,171122,154,80189,88,84659,19,6274,61,13451,199,81678,80,95129,California
El Dorado,2021-06-13,162,171284,89,80278,55,84714,18,6292,35,13378,126,81804,53,95182,California
El Dorado,2021-06-14,515,171799,362,80640,123,84837,30,6322,135,13163,380,82184,165,95347,California
El Dorado,2021-06-15,443,172242,236,80876,170,85007,37,6359,122,13005,318,82502,160,95507,California
El Dorado,2021-06-16,448,172690,314,81190,104,85111,30,6389,110,12808,337,82839,140,95647,California
El Dorado,2021-06-17,181,172871,118,81308,46,85157,17,6406,55,12754,126,82965,72,95719,California
Fresno,2020-12-15,2,2,2,2,0,0,0,0,2,2,0,0,2,2,California
Fresno,2020-12-16,125,127,125,127,0,0,0,0,125,127,0,0,125,127,California
Fresno,2020-12-17,122,249,122,249,0,0,0,0,122,249,0,0,122,249,California
Fresno,2020-12-18,348,597,348,597,0,0,0,0,348,597,0,0,348,597,California
Fresno,2020-12-19,161,758,161,758,0,0,0,0,161,758,0,0,161,758,California
Fresno,2020-12-20,257,1015,255,1013,2,2,0,0,257,1015,0,0,257,1015,California
Fresno,2020-12-21,925,1940,923,1936,2,4,0,0,955,1970,0,0,955,1970,California
Fresno,2020-12-22,905,2845,874,2810,31,35,0,0,909,2879,0,0,909,2879,California
Fresno,2020-12-23,1085,3930,1045,3855,40,75,0,0,1086,3965,0,0,1086,3965,California
Fresno,2020-12-24,592,4522,566,4421,26,101,0,0,592,4557,0,0,592,4557,California
Fresno,2020-12-25,3,4525,1,4422,2,103,0,0,3,4560,0,0,3,4560,California
Fresno,2020-12-26,724,5249,715,5137,9,112,0,0,724,5284,0,0,724,5284,California
Fresno,2020-12-27,306,5555,207,5344,99,211,0,0,306,5590,0,0,306,5590,California
Fresno,2020-12-28,1097,6652,802,6146,295,506,0,0,1097,6687,0,0,1097,6687,California
Fresno,2020-12-29,1761,8413,998,7144,763,1269,0,0,1759,8445,1,1,1759,8446,California
Fresno,2020-12-30,984,9397,446,7590,538,1807,0,0,984,9429,0,1,984,9430,California
Fresno,2020-12-31,926,10323,310,7900,616,2423,0,0,925,10354,0,1,925,10355,California
Fresno,2021-01-01,9,10332,3,7903,6,2429,0,0,9,10363,0,1,9,10364,California
Fresno,2021-01-02,1028,11360,712,8615,316,2745,0,0,1028,11391,0,1,1028,11392,California
Fresno,2021-01-03,154,11514,128,8743,26,2771,0,0,154,11545,0,1,154,11546,California
Fresno,2021-01-04,625,12139,377,9120,248,3019,0,0,625,12170,0,1,625,12171,California
Fresno,2021-01-05,781,12920,310,9430,471,3490,0,0,708,12805,73,74,708,12879,California
Fresno,2021-01-06,984,13904,345,9775,639,4129,0,0,810,13441,174,248,810,13689,California
Fresno,2021-01-07,1898,15802,915,10690,983,5112,0,0,1644,14834,254,502,1647,15336,California
Fresno,2021-01-08,1788,17590,612,11302,1176,6288,0,0,1424,15897,362,864,1425,16761,California
Fresno,2021-01-09,642,18232,392,11694,250,6538,0,0,363,15981,279,1143,363,17124,California
Fresno,2021-01-10,516,18748,486,12180,30,6568,0,0,203,15871,313,1456,203,17327,California
Fresno,2021-01-11,2223,20971,1807,13987,416,6984,0,0,1529,16710,694,2150,1533,18860,California
Fresno,2021-01-12,2527,23498,1829,15816,698,7682,0,0,1674,17531,855,3005,1676,20536,California
Fresno,2021-01-13,3566,27064,2439,18255,1127,8809,0,0,2711,19389,856,3861,2714,23250,California
Fresno,2021-01-14,4140,31204,2182,20437,1958,10767,0,0,3668,22586,471,4332,3668,26918,California
Fresno,2021-01-15,3661,34865,2536,22973,1125,11892,0,0,3302,25533,359,4691,3306,30224,California
Fresno,2021-01-16,3139,38004,2308,25281,831,12723,0,0,2668,27733,470,5161,2670,32894,California
Fresno,2021-01-17,979,38983,557,25838,422,13145,0,0,779,28312,200,5361,779,33673,California
Fresno,2021-01-18,3082,42065,2375,28213,707,13852,0,0,2424,30082,656,6017,2426,36099,California
Fresno,2021-01-19,4403,46468,2623,30836,1780,15632,0,0,3684,33051,719,6736,3688,39787,California
Fresno,2021-01-20,3023,49491,1216,32052,1807,17439,0,0,2707,35447,314,7050,2710,42497,California
Fresno,2021-01-21,4395,53886,2039,34091,2356,19795,0,0,4037,39154,336,7386,4043,46540,California
Fresno,2021-01-22,3307,57193,1346,35437,1961,21756,0,0,2922,41708,369,7755,2923,49463,California
Fresno,2021-01-23,3053,60246,1978,37415,1075,22831,0,0,2330,43321,722,8477,2335,51798,California
Fresno,2021-01-24,560,60806,377,37792,183,23014,0,0,351,43465,209,8686,353,52151,California
Fresno,2021-01-25,2430,63236,861,38653,1569,24583,0,0,1854,44746,576,9262,1857,54008,California
Fresno,2021-01-26,2088,65324,598,39251,1490,26073,0,0,1326,45313,760,10022,1327,55335,California
Fresno,2021-01-27,2305,67629,1135,40386,1170,27243,0,0,1727,46466,577,10599,1730,57065,California
Fresno,2021-01-28,4554,72183,3052,43438,1502,28745,0,0,3479,48876,1072,11671,3482,60547,California
Fresno,2021-01-29,1682,73865,958,44396,724,29469,0,0,1380,49959,298,11969,1381,61928,California
Fresno,2021-01-30,1442,75307,545,44941,897,30366,0,0,1022,50561,420,12389,1022,62950,California
Fresno,2021-01-31,227,75534,216,45157,11,30377,0,0,73,50480,154,12543,73,63023,California
Fresno,2021-02-01,3338,78872,1667,46824,1671,32048,0,0,1779,50711,1558,14101,1789,64812,California
Fresno,2021-02-02,2737,81609,561,47385,2176,34224,0,0,1591,51187,1131,15232,1607,66419,California
Fresno,2021-02-03,3559,85168,2105,49490,1454,35678,0,0,1545,50728,2005,17237,1546,67965,California
Fresno,2021-02-04,4190,89358,1893,51383,2297,37975,0,0,1921,50415,2239,19476,1926,69891,California
Fresno,2021-02-05,5331,94689,2723,54106,2608,40583,0,0,2299,49691,3027,22503,2303,72194,California
Fresno,2021-02-06,2923,97612,2035,56141,888,41471,0,0,965,48707,1950,24453,966,73160,California
Fresno,2021-02-07,470,98082,288,56429,182,41653,0,0,274,48786,195,24648,274,73434,California
Fresno,2021-02-08,4272,102354,2283,58712,1989,43642,0,0,1802,48140,2457,27105,1811,75245,California
Fresno,2021-02-09,5316,107670,2088,60800,3228,46870,0,0,3105,49118,2136,29241,3114,78359,California
Fresno,2021-02-10,3882,111552,1229,62029,2653,49523,0,0,1970,49241,1860,31101,1983,80342,California
Fresno,2021-02-11,6434,117986,2081,64110,4353,53876,0,0,3337,49504,3079,34180,3342,83684,California
Fresno,2021-02-12,5386,123372,1387,65497,3999,57875,0,0,2719,49584,2648,36828,2728,86412,California
Fresno,2021-02-13,3735,127107,1560,67057,2175,60050,0,0,2079,50024,1644,38472,2084,88496,California
Fresno,2021-02-14,1563,128670,282,67339,1281,61331,0,0,837,50138,725,39197,839,89335,California
Fresno,2021-02-15,2889,131559,267,67606,2622,63953,0,0,1797,50851,1088,40285,1801,91136,California
Fresno,2021-02-16,6689,138248,2407,70013,4282,68235,0,0,4226,52637,2446,42731,4232,95368,California
Fresno,2021-02-17,5312,143560,2442,72455,2870,71105,0,0,2981,53333,2289,45020,2985,98353,California
Fresno,2021-02-18,6840,150400,2891,75346,3949,75054,0,0,2568,51680,4232,49252,2579,100932,California
Fresno,2021-02-19,3831,154231,1096,76442,2735,77789,0,0,1816,51496,2003,51255,1819,102751,California
Fresno,2021-02-20,4519,158750,2478,78920,2041,79830,0,0,3039,53067,1474,52729,3045,105796,California
Fresno,2021-02-21,187,158937,169,79089,18,79848,0,0,124,53142,49,52778,124,105920,California
Fresno,2021-02-22,2235,161172,997,80086,1238,81086,0,0,1235,53389,990,53768,1237,107157,California
Fresno,2021-02-23,4684,165856,2270,82356,2414,83500,0,0,3803,56325,869,54637,3805,110962,California
Fresno,2021-02-24,4201,170057,1505,83861,2696,86196,0,0,3440,59016,750,55387,3441,114403,California
Fresno,2021-02-25,8694,178751,3745,87606,4949,91145,0,0,7201,64798,1428,56815,7210,121613,California
Fresno,2021-02-26,9012,187763,3701,91307,5311,96456,0,0,7700,71216,1288,58103,7706,129319,California
Fresno,2021-02-27,7274,195037,3162,94469,4111,100567,1,1,6568,77097,691,58794,6572,135891,California
Fresno,2021-02-28,1643,196680,525,94994,1118,101685,0,1,1551,78570,79,58873,1552,137443,California
Fresno,2021-03-01,5099,201779,1326,96320,3773,105458,0,1,3695,80879,1390,60263,3699,141142,California
Fresno,2021-03-02,9860,211639,3389,99709,6471,111929,0,1,8471,88011,1365,61628,8497,149639,California
Fresno,2021-03-03,7017,218656,1762,101471,5254,117183,1,2,6016,93150,987,62615,6126,155765,California
Fresno,2021-03-04,10440,229096,4123,105594,6317,123500,0,2,8701,100148,1712,64327,8710,164475,California
Fresno,2021-03-05,9302,238398,3627,109221,5673,129173,2,4,8025,107104,1145,65472,8101,172576,California
Fresno,2021-03-06,7010,245408,3958,113179,2934,132107,118,122,6017,112258,985,66457,6139,178715,California
Fresno,2021-03-07,1490,246898,676,113855,776,132883,38,160,1261,113332,226,66683,1300,180015,California
Fresno,2021-03-08,5293,252191,2023,115878,3119,136002,151,311,4004,116220,1278,67961,4166,184181,California
Fresno,2021-03-09,8626,260817,3795,119673,4560,140562,271,582,4654,117231,3951,71912,4962,189143,California
Fresno,2021-03-10,6821,267638,2851,122524,3583,144145,387,969,5363,121540,1449,73361,5758,194901,California
Fresno,2021-03-11,11583,279221,4573,127097,6464,150609,546,1515,6308,123221,5249,78610,6930,201831,California
Fresno,2021-03-12,12024,291245,5129,132226,6468,157077,427,1942,9042,129865,2963,81573,9607,211438,California
Fresno,2021-03-13,8324,299569,4058,136284,3250,160327,1016,2958,4023,130701,4280,85853,5116,216554,California
Fresno,2021-03-14,1766,301335,479,136763,999,161326,288,3246,666,130567,1088,86941,954,217508,California
Fresno,2021-03-15,7134,308469,3168,139931,3789,165115,177,3423,4928,133676,2192,89133,5301,222809,California
Fresno,2021-03-16,10216,318685,4543,144474,5281,170396,392,3815,5418,134817,4766,93899,5907,228716,California
Fresno,2021-03-17,8729,327414,3987,148461,4033,174429,709,4524,5908,139043,2797,96696,7023,235739,California
Fresno,2021-03-18,12469,339883,6724,155185,5071,179500,674,5198,6989,141764,5432,102128,8153,243892,California
Fresno,2021-03-19,11172,351055,5892,161077,4667,184167,613,5811,6849,145307,4293,106421,7836,251728,California
Fresno,2021-03-20,7615,358670,4598,165675,2691,186858,326,6137,3763,145888,3826,110247,4407,256135,California
Fresno,2021-03-21,1794,360464,1204,166879,210,187068,380,6517,971,146425,815,111062,1352,257487,California
Fresno,2021-03-22,5674,366138,2901,169780,2176,189244,597,7114,3797,149197,1861,112923,4633,262120,California
Fresno,2021-03-23,10577,376715,5255,175035,4815,194059,507,7621,5055,149702,5499,118422,6004,268124,California
Fresno,2021-03-24,8863,385578,3840,178875,4192,198251,831,8452,4976,151712,3850,122272,5860,273984,California
Fresno,2021-03-25,12209,397787,5687,184562,5709,203960,813,9265,4746,149943,7411,129683,5642,279626,California
Fresno,2021-03-26,12219,410006,5458,190020,6118,210078,643,9908,4452,147349,7714,137397,5120,284746,California
Fresno,2021-03-27,10004,420010,4735,194755,4185,214263,1084,10992,2959,144392,7006,144403,4049,288795,California
Fresno,2021-03-28,3424,423434,1320,196075,1408,215671,696,11688,1110,144341,2306,146709,2255,291050,California
Fresno,2021-03-29,5986,429420,2005,198080,3445,219116,536,12224,2889,144712,3068,149777,3439,294489,California
Fresno,2021-03-30,10979,440399,4272,202352,5808,224924,899,13123,3851,142367,7097,156874,4752,299241,California
Fresno,2021-03-31,9691,450090,3372,205724,5319,230243,1000,14123,3678,141069,5969,162843,4671,303912,California
Fresno,2021-04-01,12181,462271,4201,209925,7120,237363,860,14983,4040,137889,8037,170880,4857,308769,California
Fresno,2021-04-02,12075,474346,4628,214553,6656,244019,791,15774,4280,135336,7632,178512,5079,313848,California
Fresno,2021-04-03,6412,480758,3530,218083,2624,246643,258,16032,2149,133534,4245,182757,2443,316291,California
Fresno,2021-04-04,1502,482260,535,218618,922,247565,45,16077,547,133183,944,183701,593,316884,California
Fresno,2021-04-05,8333,490593,4470,223088,3056,250621,807,16884,2446,130637,5870,189571,3324,320208,California
Fresno,2021-04-06,9634,500227,4038,227126,4409,255030,1187,18071,3553,129354,6040,195611,4757,324965,California
Fresno,2021-04-07,10611,510838,5493,232619,3905,258935,1213,19284,3555,127138,7009,202620,4793,329758,California
Fresno,2021-04-08,10958,521796,5178,237797,4614,263549,1166,20450,3436,124311,7471,210091,4644,334402,California
Fresno,2021-04-09,11270,533066,5355,243152,4512,268061,1403,21853,3617,121745,7604,217695,5038,339440,California
Fresno,2021-04-10,7885,540951,5149,248301,2213,270274,523,22376,3671,121735,4202,221897,4192,343632,California
Fresno,2021-04-11,1388,542339,933,249234,364,270638,91,22467,446,121336,937,222834,538,344170,California
Fresno,2021-04-12,7402,549741,3939,253173,2535,273173,928,23395,2406,119703,4966,227800,3333,347503,California
Fresno,2021-04-13,8998,558739,4314,257487,4615,277788,69,23464,3525,117957,5436,233236,3690,351193,California
Fresno,2021-04-14,9695,568434,5794,263281,3900,281688,1,23465,3771,115897,5881,239117,3821,355014,California
Fresno,2021-04-15,8483,576917,4226,267507,4254,285942,3,23468,3221,113893,5234,244351,3230,358244,California
Fresno,2021-04-16,9499,586416,4672,272179,4825,290767,2,23470,3927,112302,5531,249882,3940,362184,California
Fresno,2021-04-17,5630,592046,3764,275943,1866,292633,0,23470,2687,112075,2921,252803,2694,364878,California
Fresno,2021-04-18,1030,593076,561,276504,469,293102,0,23470,472,111994,553,253356,472,365350,California
Fresno,2021-04-19,5596,598672,3038,279542,2555,295657,3,23473,2268,110981,3290,256646,2277,367627,California
Fresno,2021-04-20,6939,605611,3438,282980,3492,299149,9,23482,2635,109350,4280,260926,2649,370276,California
Fresno,2021-04-21,6370,611981,3523,286503,2838,301987,9,23491,2649,108325,3686,264612,2661,372937,California
Fresno,2021-04-22,6336,618317,3154,289657,3181,305168,1,23492,2307,106667,3969,268581,2311,375248,California
Fresno,2021-04-23,7099,625416,3823,293480,3259,308427,17,23509,2717,105098,4291,272872,2722,377970,California
Fresno,2021-04-24,4162,629578,2491,295971,1671,310098,0,23509,1917,104783,2232,275104,1917,379887,California
Fresno,2021-04-25,1369,630947,551,296522,815,310913,3,23512,683,104789,680,275784,686,380573,California
Fresno,2021-04-26,4229,635176,2135,298657,2049,312962,45,23557,1798,104231,2400,278184,1842,382415,California
Fresno,2021-04-27,4819,639995,2441,301098,2253,315215,125,23682,1892,103344,2903,281087,2016,384431,California
Fresno,2021-04-28,4771,644766,2667,303765,1974,317189,130,23812,1985,102696,2764,283851,2116,386547,California
Fresno,2021-04-29,4783,649549,2658,306423,1989,319178,136,23948,1805,101689,2946,286797,1939,388486,California
Fresno,2021-04-30,5414,654963,3292,309715,1990,321168,132,24080,2163,100763,3220,290017,2294,390780,California
Fresno,2021-05-01,4181,659144,3448,313163,595,321763,138,24218,1232,99201,2930,292947,1368,392148,California
Fresno,2021-05-02,1246,660390,770,313933,425,322188,51,24269,613,99243,621,293568,663,392811,California
Fresno,2021-05-03,4023,664413,2695,316628,1137,323325,191,24460,1301,98035,2695,296263,1487,394298,California
Fresno,2021-05-04,4828,669241,2501,319129,2175,325500,152,24612,1542,96473,3258,299521,1696,395994,California
Fresno,2021-05-05,5086,674327,3140,322269,1721,327221,225,24837,1578,94792,3481,303002,1800,397794,California
Fresno,2021-05-06,4111,678438,2542,324811,1465,328686,104,24941,1403,93621,2678,305680,1507,399301,California
Fresno,2021-05-07,5007,683445,3285,328096,1555,330241,167,25108,1550,91902,3433,309113,1714,401015,California
Fresno,2021-05-08,3898,687343,2486,330582,1264,331505,148,25256,1170,90515,2706,311819,1319,402334,California
Fresno,2021-05-09,672,688015,344,330926,285,331790,43,25299,336,90564,330,312149,379,402713,California
Fresno,2021-05-10,2953,690968,1580,332506,1232,333022,141,25440,917,89596,2026,314175,1058,403771,California
Fresno,2021-05-11,3738,694706,1927,334433,1718,334740,93,25533,1202,88367,2524,316699,1295,405066,California
Fresno,2021-05-12,3983,698689,2558,336991,1261,336001,164,25697,1449,87470,2510,319209,1613,406679,California
Fresno,2021-05-13,3845,702534,2129,339120,1612,337613,104,25801,1737,87241,2070,321279,1841,408520,California
Fresno,2021-05-14,5015,707549,3010,342130,1821,339434,184,25985,2132,86706,2852,324131,2317,410837,California
Fresno,2021-05-15,3577,711126,2672,344802,776,340210,129,26114,1819,86905,1748,325879,1947,412784,California
Fresno,2021-05-16,1444,712570,947,345749,463,340673,34,26148,812,87126,626,326505,847,413631,California
Fresno,2021-05-17,4169,716739,2821,348570,1189,341862,159,26307,2245,87632,1896,328401,2402,416033,California
Fresno,2021-05-18,4095,720834,2532,351102,1410,343272,153,26460,2092,87894,1980,330381,2242,418275,California
Fresno,2021-05-19,4335,725169,2763,353865,1397,344669,175,26635,2104,87964,2208,332589,2278,420553,California
Fresno,2021-05-20,4082,729251,2437,356302,1457,346126,188,26823,1906,87896,2160,334749,2092,422645,California
Fresno,2021-05-21,4550,733801,2977,359279,1481,347607,92,26915,2063,87593,2457,337206,2154,424799,California
Fresno,2021-05-22,3940,737741,2921,362200,845,348452,174,27089,2270,88381,1654,338860,2442,427241,California
Fresno,2021-05-23,901,738642,572,362772,300,348752,29,27118,463,88445,428,339288,492,427733,California
Fresno,2021-05-24,3219,741861,2024,364796,1081,349833,114,27232,1494,88351,1702,340990,1608,429341,California
Fresno,2021-05-25,3203,745064,1925,366721,1154,350987,124,27356,1369,88024,1820,342810,1493,430834,California
Fresno,2021-05-26,3240,748304,2141,368862,993,351980,106,27462,1654,88216,1566,344376,1758,432592,California
Fresno,2021-05-27,3136,751440,1912,370774,1117,353097,107,27569,1415,88044,1695,346071,1523,434115,California
Fresno,2021-05-28,3408,754848,2204,372978,1109,354206,95,27664,1885,88521,1504,347575,1981,436096,California
Fresno,2021-05-29,2275,757123,1657,374635,547,354753,71,27735,1251,88830,1014,348589,1323,437419,California
Fresno,2021-05-30,887,758010,533,375168,319,355072,35,27770,427,88849,443,349032,462,437881,California
Fresno,2021-05-31,318,758328,160,375328,146,355218,12,27782,136,88819,176,349208,146,438027,California
Fresno,2021-06-01,3008,761336,1811,377139,1103,356321,94,27876,1219,88367,1765,350973,1313,439340,California
Fresno,2021-06-02,2649,763985,1709,378848,850,357171,90,27966,1086,88010,1534,352507,1177,440517,California
Fresno,2021-06-03,2931,766916,2014,380862,816,357987,101,28067,1191,87581,1719,354226,1290,441807,California
Fresno,2021-06-04,3227,770143,2342,383204,785,358772,100,28167,1117,86713,2086,356312,1218,443025,California
Fresno,2021-06-05,3101,773244,2290,385494,691,359463,120,28287,1249,86250,1828,358140,1365,444390,California
Fresno,2021-06-06,1165,774409,927,386421,201,359664,37,28324,412,85951,748,358888,449,444839,California
Fresno,2021-06-07,3074,777483,2424,388845,561,360225,89,28413,897,84781,2156,361044,986,445825,California
Fresno,2021-06-08,2613,780096,1949,390794,596,360821,68,28481,810,83865,1794,362838,878,446703,California
Fresno,2021-06-09,2932,783028,2193,392987,649,361470,90,28571,971,82982,1943,364781,1060,447763,California
Fresno,2021-06-10,2638,785666,1915,394902,653,362123,70,28641,923,82279,1695,366476,992,448755,California
Fresno,2021-06-11,3105,788771,2194,397096,803,362926,108,28749,1165,81650,1902,368378,1273,450028,California
Fresno,2021-06-12,2886,791657,2281,399377,440,363366,165,28914,774,80485,2099,370477,934,450962,California
Fresno,2021-06-13,711,792368,460,399837,234,363600,17,28931,201,80198,505,370982,218,451180,California
Fresno,2021-06-14,2485,794853,1807,401644,550,364150,128,29059,951,79759,1516,372498,1077,452257,California
Fresno,2021-06-15,2357,797210,1692,403336,591,364741,74,29133,935,79361,1406,373904,1008,453265,California
Fresno,2021-06-16,2478,799688,1776,405112,604,365345,98,29231,986,78965,1479,375383,1083,454348,California
Fresno,2021-06-17,1066,800754,712,405824,297,365642,57,29288,436,78833,625,376008,493,454841,California
Glenn,2020-12-17,1,1,1,1,0,0,0,0,1,1,0,0,1,1,California
Glenn,2020-12-20,1,2,1,2,0,0,0,0,1,2,0,0,1,2,California
Glenn,2020-12-21,11,13,11,13,0,0,0,0,11,13,0,0,11,13,California
Glenn,2020-12-22,58,71,58,71,0,0,0,0,58,71,0,0,58,71,California
Glenn,2020-12-23,28,99,28,99,0,0,0,0,28,99,0,0,28,99,California
Glenn,2020-12-24,9,108,9,108,0,0,0,0,9,108,0,0,9,108,California
Glenn,2020-12-26,2,110,2,110,0,0,0,0,2,110,0,0,2,110,California
Glenn,2020-12-27,4,114,4,114,0,0,0,0,4,114,0,0,4,114,California
Glenn,2020-12-28,20,134,20,134,0,0,0,0,20,134,0,0,20,134,California
Glenn,2020-12-29,81,215,81,215,0,0,0,0,81,215,0,0,81,215,California
Glenn,2020-12-30,127,342,104,319,23,23,0,0,127,342,0,0,127,342,California
Glenn,2020-12-31,38,380,9,328,29,52,0,0,38,380,0,0,38,380,California
Glenn,2021-01-02,4,384,4,332,0,52,0,0,4,384,0,0,4,384,California
Glenn,2021-01-04,7,391,5,337,2,54,0,0,7,391,0,0,7,391,California
Glenn,2021-01-05,12,403,9,346,3,57,0,0,12,403,0,0,12,403,California
Glenn,2021-01-06,59,462,8,354,51,108,0,0,59,462,0,0,59,462,California
Glenn,2021-01-07,65,527,11,365,54,162,0,0,64,525,1,1,64,526,California
Glenn,2021-01-08,12,539,9,374,3,165,0,0,12,537,0,1,12,538,California
Glenn,2021-01-10,1,540,1,375,0,165,0,0,0,536,1,2,0,538,California
Glenn,2021-01-11,29,569,29,404,0,165,0,0,12,531,17,19,12,550,California
Glenn,2021-01-12,43,612,38,442,5,170,0,0,14,516,29,48,14,564,California
Glenn,2021-01-13,218,830,156,598,62,232,0,0,175,648,43,91,175,739,California
Glenn,2021-01-14,119,949,30,628,89,321,0,0,109,747,10,101,109,848,California
Glenn,2021-01-15,41,990,34,662,7,328,0,0,36,778,5,106,36,884,California
Glenn,2021-01-16,33,1023,14,676,19,347,0,0,23,791,10,116,23,907,California
Glenn,2021-01-17,4,1027,2,678,2,349,0,0,2,791,2,118,2,909,California
Glenn,2021-01-18,17,1044,16,694,1,350,0,0,9,792,8,126,9,918,California
Glenn,2021-01-19,30,1074,20,714,10,360,0,0,13,788,17,143,13,931,California
Glenn,2021-01-20,162,1236,93,807,69,429,0,0,82,790,80,223,82,1013,California
Glenn,2021-01-21,121,1357,95,902,26,455,0,0,30,729,91,314,30,1043,California
Glenn,2021-01-22,343,1700,64,966,279,734,0,0,336,1058,7,321,336,1379,California
Glenn,2021-01-23,16,1716,10,976,6,740,0,0,12,1066,4,325,12,1391,California
Glenn,2021-01-24,2,1718,2,978,0,740,0,0,2,1068,0,325,2,1393,California
Glenn,2021-01-25,27,1745,9,987,18,758,0,0,24,1089,3,328,24,1417,California
Glenn,2021-01-26,31,1776,15,1002,16,774,0,0,24,1106,7,335,24,1441,California
Glenn,2021-01-27,189,1965,12,1014,177,951,0,0,167,1251,22,357,167,1608,California
Glenn,2021-01-28,148,2113,8,1022,140,1091,0,0,118,1339,30,387,118,1726,California
Glenn,2021-01-29,300,2413,12,1034,288,1379,0,0,286,1611,14,401,286,2012,California
Glenn,2021-01-30,3,2416,0,1034,3,1382,0,0,3,1614,0,401,3,2015,California
Glenn,2021-01-31,1,2417,0,1034,1,1383,0,0,1,1615,0,401,1,2016,California
Glenn,2021-02-01,30,2447,11,1045,19,1402,0,0,18,1621,12,413,18,2034,California
Glenn,2021-02-02,30,2477,15,1060,15,1417,0,0,20,1631,10,423,20,2054,California
Glenn,2021-02-03,274,2751,126,1186,148,1565,0,0,130,1618,144,567,131,2185,California
Glenn,2021-02-04,81,2832,14,1200,67,1632,0,0,26,1589,55,622,26,2211,California
Glenn,2021-02-05,326,3158,25,1225,301,1933,0,0,305,1873,21,643,305,2516,California
Glenn,2021-02-06,18,3176,2,1227,16,1949,0,0,17,1889,1,644,17,2533,California
Glenn,2021-02-07,2,3178,2,1229,0,1949,0,0,2,1891,0,644,2,2535,California
Glenn,2021-02-08,20,3198,17,1246,3,1952,0,0,4,1879,16,660,4,2539,California
Glenn,2021-02-09,50,3248,19,1265,31,1983,0,0,35,1899,15,675,35,2574,California
Glenn,2021-02-10,136,3384,19,1284,117,2100,0,0,66,1895,70,745,66,2640,California
Glenn,2021-02-11,235,3619,134,1418,101,2201,0,0,152,1963,84,829,152,2792,California
Glenn,2021-02-12,417,4036,98,1516,319,2520,0,0,353,2252,64,893,353,3145,California
Glenn,2021-02-13,37,4073,9,1525,28,2548,0,0,17,2249,20,913,17,3162,California
Glenn,2021-02-14,1,4074,0,1525,1,2549,0,0,1,2250,0,913,1,3163,California
Glenn,2021-02-15,8,4082,0,1525,8,2557,0,0,8,2258,0,913,8,3171,California
Glenn,2021-02-16,39,4121,9,1534,30,2587,0,0,21,2261,18,931,21,3192,California
Glenn,2021-02-17,379,4500,13,1547,366,2953,0,0,303,2488,76,1007,303,3495,California
Glenn,2021-02-18,136,4636,101,1648,35,2988,0,0,112,2576,24,1031,112,3607,California
Glenn,2021-02-19,307,4943,16,1664,291,3279,0,0,28,2325,279,1310,28,3635,California
Glenn,2021-02-20,9,4952,0,1664,9,3288,0,0,1,2318,8,1318,1,3636,California
Glenn,2021-02-21,1,4953,1,1665,0,3288,0,0,1,2319,0,1318,1,3637,California
Glenn,2021-02-22,33,4986,14,1679,19,3307,0,0,16,2318,17,1335,16,3653,California
Glenn,2021-02-23,40,5026,10,1689,30,3337,0,0,28,2334,12,1347,28,3681,California
Glenn,2021-02-24,252,5278,49,1738,203,3540,0,0,45,2172,207,1554,45,3726,California
Glenn,2021-02-25,234,5512,120,1858,114,3654,0,0,120,2178,114,1668,120,3846,California
Glenn,2021-02-26,309,5821,24,1882,285,3939,0,0,20,1910,288,1956,20,3866,California
Glenn,2021-02-27,13,5834,4,1886,9,3948,0,0,5,1908,7,1963,5,3871,California
Glenn,2021-02-28,6,5840,3,1889,3,3951,0,0,3,1909,2,1965,3,3874,California
Glenn,2021-03-01,28,5868,6,1895,22,3973,0,0,12,1905,16,1981,12,3886,California
Glenn,2021-03-02,35,5903,8,1903,27,4000,0,0,17,1904,18,1999,17,3903,California
Glenn,2021-03-03,193,6096,38,1941,155,4155,0,0,102,1917,89,2088,102,4005,California
Glenn,2021-03-04,517,6613,175,2116,342,4497,0,0,370,2140,147,2235,370,4375,California
Glenn,2021-03-05,361,6974,47,2163,314,4811,0,0,34,1847,327,2562,34,4409,California
Glenn,2021-03-06,30,7004,3,2166,26,4837,1,1,9,1836,21,2583,10,4419,California
Glenn,2021-03-07,5,7009,0,2166,5,4842,0,1,3,1838,1,2584,3,4422,California
Glenn,2021-03-08,19,7028,2,2168,16,4858,1,2,17,1854,2,2586,18,4440,California
Glenn,2021-03-09,83,7111,12,2180,68,4926,3,5,54,1881,29,2615,56,4496,California
Glenn,2021-03-10,172,7283,69,2249,101,5027,2,7,95,1901,77,2692,97,4593,California
Glenn,2021-03-11,586,7869,169,2418,394,5421,23,30,456,2250,130,2822,479,5072,California
Glenn,2021-03-12,417,8286,13,2431,341,5762,63,93,40,1976,377,3199,103,5175,California
Glenn,2021-03-13,13,8299,1,2432,4,5766,8,101,1,1973,12,3211,9,5184,California
Glenn,2021-03-14,2,8301,1,2433,1,5767,0,101,0,1971,2,3213,0,5184,California
Glenn,2021-03-15,76,8377,15,2448,56,5823,5,106,61,2022,15,3228,66,5250,California
Glenn,2021-03-16,110,8487,34,2482,65,5888,11,117,69,2061,41,3269,80,5330,California
Glenn,2021-03-17,419,8906,100,2582,312,6200,7,124,117,1881,302,3571,122,5452,California
Glenn,2021-03-18,523,9429,217,2799,49,6249,257,381,143,1900,380,3951,399,5851,California
Glenn,2021-03-19,96,9525,16,2815,74,6323,6,387,75,1961,20,3971,81,5932,California
Glenn,2021-03-20,133,9658,2,2817,130,6453,1,388,130,2089,3,3974,131,6063,California
Glenn,2021-03-21,6,9664,5,2822,0,6453,1,389,3,2091,2,3976,4,6067,California
Glenn,2021-03-22,122,9786,54,2876,61,6514,7,396,103,2184,17,3993,110,6177,California
Glenn,2021-03-23,174,9960,66,2942,60,6574,48,444,103,2266,69,4062,151,6328,California
Glenn,2021-03-24,209,10169,102,3044,102,6676,5,449,135,2333,73,4135,140,6468,California
Glenn,2021-03-25,472,10641,229,3273,149,6825,94,543,346,2648,125,4260,440,6908,California
Glenn,2021-03-26,240,10881,36,3309,168,6993,36,579,190,2824,50,4310,226,7134,California
Glenn,2021-03-27,163,11044,18,3327,139,7132,6,585,154,2975,9,4319,160,7294,California
Glenn,2021-03-28,15,11059,10,3337,5,7137,0,585,10,2980,5,4324,10,7304,California
Glenn,2021-03-29,61,11120,20,3357,38,7175,3,588,47,3016,14,4338,50,7354,California
Glenn,2021-03-30,72,11192,41,3398,30,7205,1,589,42,3031,28,4366,43,7397,California
Glenn,2021-03-31,124,11316,35,3433,88,7293,1,590,54,3017,69,4435,55,7452,California
Glenn,2021-04-01,652,11968,186,3619,457,7750,9,599,244,2864,406,4841,253,7705,California
Glenn,2021-04-02,168,12136,26,3645,131,7881,11,610,133,2973,35,4876,144,7849,California
Glenn,2021-04-03,96,12232,4,3649,85,7966,7,617,85,3054,11,4887,92,7941,California
Glenn,2021-04-04,9,12241,3,3652,4,7970,2,619,5,3057,4,4891,7,7948,California
Glenn,2021-04-05,65,12306,25,3677,27,7997,13,632,28,3061,37,4928,41,7989,California
Glenn,2021-04-06,143,12449,52,3729,52,8049,39,671,36,3029,106,5034,74,8063,California
Glenn,2021-04-07,162,12611,48,3777,60,8109,54,725,75,3071,87,5121,129,8192,California
Glenn,2021-04-08,644,13255,190,3967,420,8529,34,759,137,2737,505,5626,171,8363,California
Glenn,2021-04-09,157,13412,56,4023,85,8614,16,775,101,2798,56,5682,117,8480,California
Glenn,2021-04-10,76,13488,1,4024,61,8675,14,789,59,2855,16,5698,73,8553,California
Glenn,2021-04-11,16,13504,8,4032,3,8678,5,794,7,2858,9,5707,12,8565,California
Glenn,2021-04-12,116,13620,25,4057,62,8740,29,823,21,2813,95,5802,50,8615,California
Glenn,2021-04-13,119,13739,63,4120,56,8796,0,823,31,2756,88,5890,31,8646,California
Glenn,2021-04-14,122,13861,45,4165,77,8873,0,823,69,2772,53,5943,69,8715,California
Glenn,2021-04-15,362,14223,276,4441,86,8959,0,823,122,2654,240,6183,122,8837,California
Glenn,2021-04-16,167,14390,41,4482,126,9085,0,823,78,2643,89,6272,78,8915,California
Glenn,2021-04-17,167,14557,16,4498,151,9236,0,823,28,2540,131,6403,28,8943,California
Glenn,2021-04-18,16,14573,3,4501,13,9249,0,823,13,2550,3,6406,13,8956,California
Glenn,2021-04-19,84,14657,17,4518,67,9316,0,823,23,2513,60,6466,23,8979,California
Glenn,2021-04-20,125,14782,80,4598,45,9361,0,823,52,2492,73,6539,52,9031,California
Glenn,2021-04-21,411,15193,310,4908,101,9462,0,823,280,2641,131,6670,280,9311,California
Glenn,2021-04-22,212,15405,48,4956,164,9626,0,823,33,2496,178,6848,33,9344,California
Glenn,2021-04-23,180,15585,24,4980,156,9782,0,823,41,2399,138,6986,41,9385,California
Glenn,2021-04-24,181,15766,32,5012,149,9931,0,823,31,2280,150,7136,31,9416,California
Glenn,2021-04-25,30,15796,18,5030,12,9943,0,823,22,2294,8,7144,22,9438,California
Glenn,2021-04-26,48,15844,12,5042,36,9979,0,823,19,2284,29,7173,19,9457,California
Glenn,2021-04-27,64,15908,49,5091,10,9989,5,828,32,2289,31,7204,36,9493,California
Glenn,2021-04-28,258,16166,178,5269,69,10058,11,839,129,2301,128,7332,140,9633,California
Glenn,2021-04-29,183,16349,23,5292,158,10216,2,841,36,2192,147,7479,38,9671,California
Glenn,2021-04-30,156,16505,34,5326,120,10336,2,843,37,2112,119,7598,39,9710,California
Glenn,2021-05-01,108,16613,13,5339,94,10430,1,844,25,2055,83,7681,26,9736,California
Glenn,2021-05-02,30,16643,12,5351,9,10439,9,853,15,2064,15,7696,24,9760,California
Glenn,2021-05-03,38,16681,24,5375,13,10452,1,854,14,2055,24,7720,15,9775,California
Glenn,2021-05-04,56,16737,32,5407,19,10471,5,859,28,2060,28,7748,33,9808,California
Glenn,2021-05-05,121,16858,34,5441,77,10548,10,869,51,2051,70,7818,61,9869,California
Glenn,2021-05-06,111,16969,41,5482,65,10613,5,874,41,2027,70,7888,46,9915,California
Glenn,2021-05-07,119,17088,32,5514,78,10691,9,883,30,1978,88,7976,39,9954,California
Glenn,2021-05-08,66,17154,12,5526,50,10741,4,887,21,1959,44,8020,25,9979,California
Glenn,2021-05-09,17,17171,11,5537,6,10747,0,887,13,1968,4,8024,13,9992,California
Glenn,2021-05-10,36,17207,14,5551,17,10764,5,892,13,1963,23,8047,18,10010,California
Glenn,2021-05-11,78,17285,55,5606,14,10778,9,901,16,1926,62,8109,25,10035,California
Glenn,2021-05-12,335,17620,252,5858,69,10847,14,915,54,1713,281,8390,68,10103,California
Glenn,2021-05-13,157,17777,60,5918,79,10926,18,933,69,1712,88,8478,87,10190,California
Glenn,2021-05-14,106,17883,25,5943,76,11002,5,938,39,1689,67,8545,44,10234,California
Glenn,2021-05-15,68,17951,40,5983,25,11027,3,941,35,1694,32,8577,37,10271,California
Glenn,2021-05-16,31,17982,18,6001,13,11040,0,941,9,1681,22,8599,9,10280,California
Glenn,2021-05-17,86,18068,61,6062,21,11061,4,945,60,1719,26,8625,64,10344,California
Glenn,2021-05-18,70,18138,49,6111,16,11077,5,950,22,1698,48,8673,27,10371,California
Glenn,2021-05-19,196,18334,116,6227,68,11145,12,962,74,1662,121,8794,85,10456,California
Glenn,2021-05-20,118,18452,75,6302,41,11186,2,964,83,1712,35,8829,85,10541,California
Glenn,2021-05-21,70,18522,26,6328,43,11229,1,965,30,1703,40,8869,31,10572,California
Glenn,2021-05-22,55,18577,24,6352,31,11260,0,965,28,1704,27,8896,28,10600,California
Glenn,2021-05-23,28,18605,15,6367,13,11273,0,965,12,1701,15,8911,12,10612,California
Glenn,2021-05-24,29,18634,10,6377,15,11288,4,969,10,1697,18,8929,14,10626,California
Glenn,2021-05-25,46,18680,35,6412,9,11297,2,971,23,1699,23,8952,25,10651,California
Glenn,2021-05-26,73,18753,14,6426,55,11352,4,975,25,1680,48,9000,29,10680,California
Glenn,2021-05-27,101,18854,62,6488,38,11390,1,976,47,1676,52,9052,48,10728,California
Glenn,2021-05-28,62,18916,18,6506,37,11427,7,983,32,1685,30,9082,39,10767,California
Glenn,2021-05-29,47,18963,11,6517,32,11459,4,987,21,1684,26,9108,25,10792,California
Glenn,2021-05-30,21,18984,13,6530,8,11467,0,987,8,1680,12,9120,8,10800,California
Glenn,2021-05-31,4,18988,0,6530,4,11471,0,987,0,1676,4,9124,0,10800,California
Glenn,2021-06-01,57,19045,32,6562,22,11493,3,990,25,1672,32,9156,28,10828,California
Glenn,2021-06-02,97,19142,48,6610,46,11539,3,993,38,1654,59,9215,41,10869,California
Glenn,2021-06-03,77,19219,43,6653,27,11566,7,1000,18,1622,57,9272,25,10894,California
Glenn,2021-06-04,77,19296,36,6689,37,11603,4,1004,41,1631,36,9308,45,10939,California
Glenn,2021-06-05,55,19351,30,6719,22,11625,3,1007,17,1613,38,9346,20,10959,California
Glenn,2021-06-06,31,19382,28,6747,2,11627,1,1008,15,1614,15,9361,16,10975,California
Glenn,2021-06-07,68,19450,59,6806,7,11634,2,1010,13,1575,54,9415,15,10990,California
Glenn,2021-06-08,35,19485,19,6825,11,11645,5,1015,16,1577,19,9434,21,11011,California
Glenn,2021-06-09,62,19547,34,6859,21,11666,7,1022,31,1584,31,9465,38,11049,California
Glenn,2021-06-10,117,19664,86,6945,25,11691,6,1028,34,1541,83,9548,40,11089,California
Glenn,2021-06-11,86,19750,56,7001,27,11718,3,1031,24,1506,62,9610,27,11116,California
Glenn,2021-06-12,35,19785,19,7020,13,11731,3,1034,13,1500,22,9632,16,11132,California
Glenn,2021-06-13,11,19796,11,7031,0,11731,0,1034,5,1499,6,9638,5,11137,California
Glenn,2021-06-14,42,19838,29,7060,10,11741,3,1037,19,1499,22,9660,22,11159,California
Glenn,2021-06-15,48,19886,33,7093,14,11755,1,1038,24,1500,24,9684,25,11184,California
Glenn,2021-06-16,83,19969,49,7142,33,11788,1,1039,56,1532,25,9709,57,11241,California
Glenn,2021-06-17,43,20012,22,7164,17,11805,4,1043,5,1503,38,9747,9,11250,California
Humboldt,2020-12-15,2,2,2,2,0,0,0,0,2,2,0,0,2,2,California
Humboldt,2020-12-16,16,18,16,18,0,0,0,0,16,18,0,0,16,18,California
Humboldt,2020-12-17,117,135,117,135,0,0,0,0,117,135,0,0,117,135,California
Humboldt,2020-12-18,177,312,177,312,0,0,0,0,177,312,0,0,177,312,California
Humboldt,2020-12-19,10,322,10,322,0,0,0,0,10,322,0,0,10,322,California
Humboldt,2020-12-20,27,349,27,349,0,0,0,0,27,349,0,0,27,349,California
Humboldt,2020-12-21,166,515,166,515,0,0,0,0,166,515,0,0,166,515,California
Humboldt,2020-12-22,335,850,335,850,0,0,0,0,335,850,0,0,335,850,California
Humboldt,2020-12-23,322,1172,264,1114,58,58,0,0,324,1174,0,0,324,1174,California
Humboldt,2020-12-24,25,1197,2,1116,23,81,0,0,25,1199,0,0,25,1199,California
Humboldt,2020-12-25,2,1199,2,1118,0,81,0,0,2,1201,0,0,2,1201,California
Humboldt,2020-12-26,6,1205,5,1123,1,82,0,0,6,1207,0,0,6,1207,California
Humboldt,2020-12-28,206,1411,148,1271,58,140,0,0,206,1413,0,0,206,1413,California
Humboldt,2020-12-29,182,1593,123,1394,59,199,0,0,183,1596,0,0,183,1596,California
Humboldt,2020-12-30,231,1824,126,1520,105,304,0,0,231,1827,0,0,231,1827,California
Humboldt,2020-12-31,246,2070,81,1601,165,469,0,0,246,2073,0,0,246,2073,California
Humboldt,2021-01-01,3,2073,2,1603,1,470,0,0,3,2076,0,0,3,2076,California
Humboldt,2021-01-02,39,2112,1,1604,38,508,0,0,39,2115,0,0,39,2115,California
Humboldt,2021-01-04,218,2330,142,1746,76,584,0,0,219,2334,0,0,219,2334,California
Humboldt,2021-01-05,133,2463,21,1767,112,696,0,0,133,2466,1,1,133,2467,California
Humboldt,2021-01-06,314,2777,215,1982,99,795,0,0,241,2646,61,62,241,2708,California
Humboldt,2021-01-07,436,3213,323,2305,113,908,0,0,319,2865,100,162,319,3027,California
Humboldt,2021-01-08,426,3639,287,2592,139,1047,0,0,287,3019,133,295,287,3314,California
Humboldt,2021-01-09,67,3706,43,2635,24,1071,0,0,65,3083,2,297,66,3380,California
Humboldt,2021-01-10,84,3790,84,2719,0,1071,0,0,4,3007,80,377,4,3384,California
Humboldt,2021-01-11,291,4081,280,2999,11,1082,0,0,71,2862,216,593,71,3455,California
Humboldt,2021-01-12,502,4583,339,3338,163,1245,0,0,285,2952,195,788,285,3740,California
Humboldt,2021-01-13,499,5082,280,3618,219,1464,0,0,320,3097,176,964,321,4061,California
Humboldt,2021-01-14,550,5632,167,3785,383,1847,0,0,494,3536,56,1020,495,4556,California
Humboldt,2021-01-15,367,5999,28,3813,339,2186,0,0,350,3869,17,1037,350,4906,California
Humboldt,2021-01-16,169,6168,5,3818,164,2350,0,0,168,4036,1,1038,168,5074,California
Humboldt,2021-01-17,5,6173,4,3822,1,2351,0,0,5,4041,0,1038,5,5079,California
Humboldt,2021-01-18,304,6477,269,4091,35,2386,0,0,151,4039,153,1191,151,5230,California
Humboldt,2021-01-19,655,7132,396,4487,259,2645,0,0,526,4442,123,1314,526,5756,California
Humboldt,2021-01-20,917,8049,388,4875,529,3174,0,0,754,5043,155,1469,756,6512,California
Humboldt,2021-01-21,970,9019,261,5136,709,3883,0,0,927,5927,43,1512,927,7439,California
Humboldt,2021-01-22,689,9708,381,5517,308,4191,0,0,679,6597,10,1522,680,8119,California
Humboldt,2021-01-23,924,10632,283,5800,641,4832,0,0,915,7504,9,1531,916,9035,California
Humboldt,2021-01-24,229,10861,1,5801,228,5060,0,0,228,7731,1,1532,228,9263,California
Humboldt,2021-01-25,351,11212,234,6035,117,5177,0,0,154,7688,197,1729,154,9417,California
Humboldt,2021-01-26,544,11756,149,6184,395,5572,0,0,480,8104,64,1793,480,9897,California
Humboldt,2021-01-27,1275,13031,586,6770,689,6261,0,0,1203,9245,64,1857,1205,11102,California
Humboldt,2021-01-28,1465,14496,638,7408,827,7088,0,0,1325,10435,137,1994,1327,12429,California
Humboldt,2021-01-29,1163,15659,547,7955,616,7704,0,0,695,10662,468,2462,695,13124,California
Humboldt,2021-01-30,988,16647,468,8423,520,8224,0,0,975,11625,13,2475,976,14100,California
Humboldt,2021-01-31,316,16963,314,8737,2,8226,0,0,315,11939,1,2476,315,14415,California
Humboldt,2021-02-01,338,17301,195,8932,143,8369,0,0,189,11979,149,2625,189,14604,California
Humboldt,2021-02-02,451,17752,79,9011,372,8741,0,0,346,12225,102,2727,348,14952,California
Humboldt,2021-02-03,672,18424,266,9277,406,9147,0,0,519,12591,153,2880,519,15471,California
Humboldt,2021-02-04,653,19077,260,9537,393,9540,0,0,444,12829,206,3086,444,15915,California
Humboldt,2021-02-05,811,19888,94,9631,717,10257,0,0,624,13266,187,3273,624,16539,California
Humboldt,2021-02-06,1076,20964,466,10097,610,10867,0,0,1031,14254,44,3317,1032,17571,California
Humboldt,2021-02-07,378,21342,8,10105,370,11237,0,0,373,14624,4,3321,374,17945,California
Humboldt,2021-02-08,337,21679,146,10251,191,11428,0,0,179,14646,157,3478,179,18124,California
Humboldt,2021-02-09,503,22182,228,10479,275,11703,0,0,178,14499,325,3803,178,18302,California
Humboldt,2021-02-10,562,22744,371,10850,191,11894,0,0,232,14406,325,4128,232,18534,California
Humboldt,2021-02-11,1317,24061,396,11246,921,12815,0,0,493,14080,821,4949,495,19029,California
Humboldt,2021-02-12,1157,25218,741,11987,416,13231,0,0,708,14339,449,5398,708,19737,California
Humboldt,2021-02-13,1542,26760,596,12583,946,14177,0,0,921,14641,619,6017,921,20658,California
Humboldt,2021-02-14,110,26870,4,12587,106,14283,0,0,107,14746,2,6019,107,20765,California
Humboldt,2021-02-15,294,27164,81,12668,213,14496,0,0,193,14839,100,6119,193,20958,California
Humboldt,2021-02-16,544,27708,121,12789,423,14919,0,0,251,14798,293,6412,252,21210,California
Humboldt,2021-02-17,449,28157,277,13066,172,15091,0,0,131,14612,317,6729,131,21341,California
Humboldt,2021-02-18,1022,29179,600,13666,422,15513,0,0,272,14136,748,7477,272,21613,California
Humboldt,2021-02-19,481,29660,436,14102,45,15558,0,0,89,13836,389,7866,89,21702,California
Humboldt,2021-02-20,1722,31382,1025,15127,697,16255,0,0,483,13086,1236,9102,486,22188,California
Humboldt,2021-02-21,479,31861,471,15598,8,16263,0,0,181,12970,298,9400,182,22370,California
Humboldt,2021-02-22,138,31999,94,15692,44,16307,0,0,29,12892,107,9507,29,22399,California
Humboldt,2021-02-23,181,32180,71,15763,110,16417,0,0,44,12801,135,9642,44,22443,California
Humboldt,2021-02-24,1213,33393,741,16504,472,16889,0,0,586,12761,626,10268,586,23029,California
Humboldt,2021-02-25,833,34226,318,16822,515,17404,0,0,230,12390,601,10869,230,23259,California
Humboldt,2021-02-26,2156,36382,108,16930,2048,19452,0,0,446,11133,1704,12573,447,23706,California
Humboldt,2021-02-27,1710,38092,1090,18020,620,20072,0,0,854,11137,854,13427,858,24564,California
Humboldt,2021-02-28,123,38215,11,18031,112,20184,0,0,117,11248,6,13433,117,24681,California
Humboldt,2021-03-01,260,38475,46,18077,214,20398,0,0,186,11360,74,13507,186,24867,California
Humboldt,2021-03-02,299,38774,49,18126,250,20648,0,0,163,11387,136,13643,163,25030,California
Humboldt,2021-03-03,1668,40442,1103,19229,565,21213,0,0,1223,12172,439,14082,1224,26254,California
Humboldt,2021-03-04,923,41365,113,19342,810,22023,0,0,298,11847,625,14707,300,26554,California
Humboldt,2021-03-05,946,42311,188,19530,747,22770,11,11,386,11687,557,15264,397,26951,California
Humboldt,2021-03-06,1795,44106,939,20469,807,23577,49,60,801,11544,993,16257,850,27801,California
Humboldt,2021-03-07,364,44470,293,20762,53,23630,18,78,156,11510,208,16465,174,27975,California
Humboldt,2021-03-08,277,44747,6,20768,192,23822,79,157,181,11675,95,16560,260,28235,California
Humboldt,2021-03-09,501,45248,207,20975,146,23968,148,305,245,11813,254,16814,392,28627,California
Humboldt,2021-03-10,692,45940,468,21443,70,24038,154,459,420,12114,271,17085,572,29199,California
Humboldt,2021-03-11,1472,47412,458,21901,914,24952,100,559,645,12036,822,17907,744,29943,California
Humboldt,2021-03-12,1748,49160,1083,22984,444,25396,221,780,1053,12626,687,18594,1277,31220,California
Humboldt,2021-03-13,1586,50746,1037,24021,498,25894,51,831,671,12438,909,19503,721,31941,California
Humboldt,2021-03-14,142,50888,19,24040,115,26009,8,839,30,12364,112,19615,38,31979,California
Humboldt,2021-03-15,279,51167,51,24091,205,26214,23,862,59,12226,220,19835,82,32061,California
Humboldt,2021-03-16,635,51802,201,24292,173,26387,261,1123,259,12369,375,20210,518,32579,California
Humboldt,2021-03-17,729,52531,393,24685,228,26615,108,1231,339,12427,389,20599,447,33026,California
Humboldt,2021-03-18,1739,54270,1168,25853,528,27143,43,1274,1042,12819,693,21292,1085,34111,California
Humboldt,2021-03-19,1074,55344,61,25914,698,27841,315,1589,441,12944,630,21922,755,34866,California
Humboldt,2021-03-20,1383,56727,756,26670,613,28454,14,1603,424,12426,957,22879,439,35305,California
Humboldt,2021-03-21,250,56977,33,26703,188,28642,29,1632,205,12614,45,22924,233,35538,California
Humboldt,2021-03-22,118,57095,15,26718,53,28695,50,1682,62,12672,54,22978,112,35650,California
Humboldt,2021-03-23,413,57508,41,26759,329,29024,43,1725,319,12942,92,23070,362,36012,California
Humboldt,2021-03-24,1416,58924,389,27148,980,30004,47,1772,1038,13656,370,23440,1084,37096,California
Humboldt,2021-03-25,1841,60765,1214,28362,565,30569,62,1834,946,13771,893,24333,1008,38104,California
Humboldt,2021-03-26,2040,62805,437,28799,1545,32114,58,1892,1594,14982,440,24773,1651,39755,California
Humboldt,2021-03-27,2080,64885,1498,30297,410,32524,172,2064,1103,15284,973,25746,1275,41030,California
Humboldt,2021-03-28,267,65152,81,30378,114,32638,72,2136,83,15257,183,25929,156,41186,California
Humboldt,2021-03-29,466,65618,124,30502,246,32884,96,2232,197,15281,268,26197,292,41478,California
Humboldt,2021-03-30,943,66561,303,30805,526,33410,114,2346,557,15570,381,26578,670,42148,California
Humboldt,2021-03-31,1870,68431,522,31327,1250,34660,98,2444,1410,16624,456,27034,1510,43658,California
Humboldt,2021-04-01,2112,70543,703,32030,1316,35976,93,2537,1481,17575,623,27657,1574,45232,California
Humboldt,2021-04-02,1721,72264,1112,33142,504,36480,105,2642,617,17199,1098,28755,722,45954,California
Humboldt,2021-04-03,1666,73930,1507,34649,145,36625,14,2656,670,16897,986,29741,684,46638,California
Humboldt,2021-04-04,484,74414,371,35020,104,36729,9,2665,403,17229,80,29821,412,47050,California
Humboldt,2021-04-05,779,75193,464,35484,267,36996,48,2713,443,17387,333,30154,491,47541,California
Humboldt,2021-04-06,845,76038,318,35802,393,37389,134,2847,589,17858,250,30404,721,48262,California
Humboldt,2021-04-07,1500,77538,1068,36870,291,37680,141,2988,994,18490,503,30907,1135,49397,California
Humboldt,2021-04-08,1754,79292,1098,37968,497,38177,159,3147,742,18381,1010,31917,901,50298,California
Humboldt,2021-04-09,1440,80732,439,38407,846,39023,155,3302,1151,19392,288,32205,1299,51597,California
Humboldt,2021-04-10,936,81668,138,38545,626,39649,172,3474,739,20106,195,32400,909,52506,California
Humboldt,2021-04-11,646,82314,138,38683,36,39685,472,3946,128,20187,518,32918,599,53105,California
Humboldt,2021-04-12,439,82753,228,38911,85,39770,126,4072,279,20432,160,33078,405,53510,California
Humboldt,2021-04-13,589,83342,324,39235,261,40031,4,4076,556,20961,30,33108,559,54069,California
Humboldt,2021-04-14,1445,84787,1044,40279,401,40432,0,4076,1332,22181,112,33220,1332,55401,California
Humboldt,2021-04-15,1832,86619,1202,41481,626,41058,4,4080,1261,22892,553,33773,1264,56665,California
Humboldt,2021-04-16,1136,87755,522,42003,614,41672,0,4080,550,22859,583,34356,550,57215,California
Humboldt,2021-04-17,1859,89614,1537,43540,322,41994,0,4080,1055,23118,798,35154,1057,58272,California
Humboldt,2021-04-18,665,90279,353,43893,311,42305,1,4081,83,22626,576,35730,84,58356,California
Humboldt,2021-04-19,200,90479,83,43976,117,42422,0,4081,85,22598,113,35843,85,58441,California
Humboldt,2021-04-20,488,90967,128,44104,360,42782,0,4081,242,22596,245,36088,243,58684,California
Humboldt,2021-04-21,1093,92060,383,44487,710,43492,0,4081,432,22377,652,36740,433,59117,California
Humboldt,2021-04-22,878,92938,526,45013,351,43843,1,4082,445,22392,430,37170,445,59562,California
Humboldt,2021-04-23,2168,95106,308,45321,1860,45703,0,4082,315,20858,1849,39019,315,59877,California
Humboldt,2021-04-24,1087,96193,882,46203,200,45903,5,4087,360,20499,724,39743,365,60242,California
Humboldt,2021-04-25,376,96569,240,46443,136,46039,0,4087,193,20512,180,39923,193,60435,California
Humboldt,2021-04-26,354,96923,251,46694,99,46138,4,4091,99,20360,253,40176,101,60536,California
Humboldt,2021-04-27,761,97684,263,46957,469,46607,29,4120,153,19936,606,40782,182,60718,California
Humboldt,2021-04-28,1544,99228,794,47751,705,47312,45,4165,399,19238,1142,41924,444,61162,California
Humboldt,2021-04-29,1742,100970,593,48344,1111,48423,38,4203,292,18122,1446,43370,330,61492,California
Humboldt,2021-04-30,1251,102221,394,48738,823,49246,34,4237,193,17295,1052,44422,225,61717,California
Humboldt,2021-05-01,467,102688,385,49123,60,49306,22,4259,289,17429,177,44599,311,62028,California
Humboldt,2021-05-02,230,102918,184,49307,37,49343,9,4268,115,17439,114,44713,124,62152,California
Humboldt,2021-05-03,613,103531,375,49682,214,49557,24,4292,99,17051,512,45225,124,62276,California
Humboldt,2021-05-04,822,104353,483,50165,293,49850,46,4338,253,16783,566,45791,298,62574,California
Humboldt,2021-05-05,1688,106041,1077,51242,554,50404,57,4395,178,15513,1503,47294,233,62807,California
Humboldt,2021-05-06,1691,107732,1074,52316,364,50768,253,4648,138,14354,1550,48844,391,63198,California
Humboldt,2021-05-07,1417,109149,301,52617,1056,51824,60,4708,236,13470,1178,50022,294,63492,California
Humboldt,2021-05-08,739,109888,146,52763,570,52394,23,4731,90,12935,648,50670,113,63605,California
Humboldt,2021-05-09,909,110797,857,53620,42,52436,10,4741,48,12132,861,51531,58,63663,California
Humboldt,2021-05-10,214,111011,35,53655,141,52577,38,4779,81,12118,133,51664,119,63782,California
Humboldt,2021-05-11,500,111511,148,53803,279,52856,73,4852,187,12065,313,51977,260,64042,California
Humboldt,2021-05-12,620,112131,141,53944,433,53289,46,4898,229,11949,390,52367,274,64316,California
Humboldt,2021-05-13,584,112715,289,54233,268,53557,27,4925,271,11936,311,52678,298,64614,California
Humboldt,2021-05-14,702,113417,140,54373,458,54015,104,5029,230,11800,469,53147,333,64947,California
Humboldt,2021-05-15,780,114197,640,55013,132,54147,8,5037,209,11447,570,53717,217,65164,California
Humboldt,2021-05-16,123,114320,55,55068,64,54211,4,5041,70,11468,53,53770,74,65238,California
Humboldt,2021-05-17,407,114727,214,55282,170,54381,23,5064,227,11539,178,53948,249,65487,California
Humboldt,2021-05-18,662,115389,323,55605,310,54691,29,5093,368,11642,294,54242,397,65884,California
Humboldt,2021-05-19,985,116374,546,56151,396,55087,43,5136,353,11408,628,54870,394,66278,California
Humboldt,2021-05-20,815,117189,606,56757,197,55284,12,5148,593,11796,218,55088,606,66884,California
Humboldt,2021-05-21,873,118062,288,57045,524,55808,61,5209,370,11724,503,55591,431,67315,California
Humboldt,2021-05-22,411,118473,318,57363,85,55893,8,5217,145,11613,264,55855,153,67468,California
Humboldt,2021-05-23,388,118861,321,57684,64,55957,3,5220,72,11372,316,56171,75,67543,California
Humboldt,2021-05-24,324,119185,171,57855,124,56081,29,5249,186,11450,137,56308,215,67758,California
Humboldt,2021-05-25,529,119714,338,58193,167,56248,24,5273,290,11528,236,56544,314,68072,California
Humboldt,2021-05-26,647,120361,311,58504,312,56560,24,5297,312,11530,334,56878,336,68408,California
Humboldt,2021-05-27,464,120825,246,58750,181,56741,37,5334,280,11663,184,57062,317,68725,California
Humboldt,2021-05-28,410,121235,193,58943,170,56911,47,5381,180,11661,229,57291,227,68952,California
Humboldt,2021-05-29,170,121405,101,59044,66,56977,3,5384,97,11688,73,57364,100,69052,California
Humboldt,2021-05-30,104,121509,45,59089,54,57031,5,5389,49,11688,54,57418,54,69106,California
Humboldt,2021-05-31,72,121581,26,59115,40,57071,6,5395,48,11718,23,57441,53,69159,California
Humboldt,2021-06-01,451,122032,263,59378,173,57244,15,5410,197,11676,254,57695,212,69371,California
Humboldt,2021-06-02,533,122565,249,59627,230,57474,54,5464,243,11687,284,57979,295,69666,California
Humboldt,2021-06-03,390,122955,226,59853,142,57616,22,5486,88,11523,274,58253,110,69776,California
Humboldt,2021-06-04,504,123459,314,60167,166,57782,24,5510,133,11352,327,58580,156,69932,California
Humboldt,2021-06-05,406,123865,311,60478,50,57832,45,5555,204,11454,147,58727,249,70181,California
Humboldt,2021-06-06,169,124034,117,60595,43,57875,9,5564,70,11439,94,58821,79,70260,California
Humboldt,2021-06-07,352,124386,216,60811,112,57987,24,5588,114,11340,237,59058,138,70398,California
Humboldt,2021-06-08,524,124910,305,61116,190,58177,29,5617,157,11160,366,59424,186,70584,California
Humboldt,2021-06-09,397,125307,203,61319,147,58324,47,5664,124,11060,271,59695,171,70755,California
Humboldt,2021-06-10,561,125868,444,61763,90,58414,27,5691,98,10724,459,60154,123,70878,California
Humboldt,2021-06-11,437,126305,246,62009,163,58577,28,5719,101,10518,335,60489,129,71007,California
Humboldt,2021-06-12,176,126481,130,62139,46,58623,0,5719,48,10439,127,60616,48,71055,California
Humboldt,2021-06-13,211,126692,142,62281,43,58666,26,5745,88,10431,122,60738,114,71169,California
Humboldt,2021-06-14,412,127104,251,62532,134,58800,27,5772,113,10272,298,61036,139,71308,California
Humboldt,2021-06-15,543,127647,370,62902,145,58945,28,5800,153,10068,384,61420,180,71488,California
Humboldt,2021-06-16,464,128111,312,63214,108,59053,44,5844,129,9915,326,61746,173,71661,California
Humboldt,2021-06-17,181,128292,122,63336,30,59083,29,5873,28,9819,153,61899,57,71718,California
Imperial,2020-12-16,1,1,1,1,0,0,0,0,1,1,0,0,1,1,California
Imperial,2020-12-17,4,5,4,5,0,0,0,0,4,5,0,0,4,5,California
Imperial,2020-12-18,12,17,12,17,0,0,0,0,12,17,0,0,12,17,California
Imperial,2020-12-20,3,20,3,20,0,0,0,0,3,20,0,0,3,20,California
Imperial,2020-12-21,186,206,186,206,0,0,0,0,186,206,0,0,186,206,California
Imperial,2020-12-22,241,447,239,445,2,2,0,0,241,447,0,0,241,447,California
Imperial,2020-12-23,211,658,210,655,1,3,0,0,210,657,0,0,210,657,California
Imperial,2020-12-24,5,663,5,660,0,3,0,0,5,662,0,0,5,662,California
Imperial,2020-12-26,2,665,1,661,1,4,0,0,2,664,0,0,2,664,California
Imperial,2020-12-27,62,727,0,661,62,66,0,0,62,726,0,0,62,726,California
Imperial,2020-12-28,214,941,114,775,100,166,0,0,214,940,0,0,214,940,California
Imperial,2020-12-29,190,1131,36,811,154,320,0,0,190,1130,0,0,190,1130,California
Imperial,2020-12-30,366,1497,50,861,316,636,0,0,366,1496,0,0,366,1496,California
Imperial,2020-12-31,199,1696,28,889,171,807,0,0,199,1695,0,0,199,1695,California
Imperial,2021-01-01,47,1743,5,894,42,849,0,0,47,1742,0,0,47,1742,California
Imperial,2021-01-02,4,1747,0,894,4,853,0,0,4,1746,0,0,4,1746,California
Imperial,2021-01-03,90,1837,0,894,90,943,0,0,90,1836,0,0,90,1836,California
Imperial,2021-01-04,87,1924,7,901,80,1023,0,0,87,1923,0,0,87,1923,California
Imperial,2021-01-05,172,2096,14,915,158,1181,0,0,172,2095,0,0,172,2095,California
Imperial,2021-01-06,190,2286,26,941,164,1345,0,0,189,2283,1,1,189,2284,California
Imperial,2021-01-07,324,2610,12,953,312,1657,0,0,321,2601,3,4,321,2605,California
Imperial,2021-01-08,193,2803,53,1006,140,1797,0,0,183,2774,10,14,183,2788,California
Imperial,2021-01-09,24,2827,21,1027,3,1800,0,0,24,2798,0,14,24,2812,California
Imperial,2021-01-10,5,2832,1,1028,4,1804,0,0,4,2801,1,15,4,2816,California
Imperial,2021-01-11,403,3235,244,1272,159,1963,0,0,175,2748,228,243,175,2991,California
Imperial,2021-01-12,409,3644,306,1578,103,2066,0,0,147,2634,261,504,147,3138,California
Imperial,2021-01-13,379,4023,133,1711,246,2312,0,0,279,2813,100,604,279,3417,California
Imperial,2021-01-14,259,4282,149,1860,110,2422,0,0,253,3061,5,609,253,3670,California
Imperial,2021-01-15,238,4520,181,2041,57,2479,0,0,231,3285,7,616,231,3901,California
Imperial,2021-01-16,80,4600,74,2115,6,2485,0,0,79,3363,1,617,79,3980,California
Imperial,2021-01-17,10,4610,2,2117,8,2493,0,0,10,3373,0,617,10,3990,California
Imperial,2021-01-18,1065,5675,400,2517,665,3158,0,0,967,4243,98,715,968,4958,California
Imperial,2021-01-19,169,5844,132,2649,37,3195,0,0,122,4318,47,762,122,5080,California
Imperial,2021-01-20,299,6143,200,2849,99,3294,0,0,260,4539,39,801,260,5340,California
Imperial,2021-01-21,445,6588,209,3058,236,3530,0,0,422,4938,23,824,422,5762,California
Imperial,2021-01-22,466,7054,193,3251,273,3803,0,0,457,5386,9,833,457,6219,California
Imperial,2021-01-23,1048,8102,294,3545,754,4557,0,0,1047,6432,1,834,1047,7266,California
Imperial,2021-01-24,11,8113,5,3550,6,4563,0,0,10,6441,1,835,10,7276,California
Imperial,2021-01-25,215,8328,5,3555,210,4773,0,0,34,6296,179,1014,34,7310,California
Imperial,2021-01-26,377,8705,189,3744,188,4961,0,0,232,6384,144,1158,232,7542,California
Imperial,2021-01-27,584,9289,169,3913,415,5376,0,0,249,6298,335,1493,249,7791,California
Imperial,2021-01-28,646,9935,165,4078,481,5857,0,0,536,6724,110,1603,536,8327,California
Imperial,2021-01-29,439,10374,305,4383,134,5991,0,0,389,7063,50,1653,389,8716,California
Imperial,2021-01-30,63,10437,35,4418,28,6019,0,0,46,7092,17,1670,46,8762,California
Imperial,2021-01-31,21,10458,11,4429,10,6029,0,0,20,7111,1,1671,20,8782,California
Imperial,2021-02-01,429,10887,59,4488,370,6399,0,0,219,7121,209,1880,219,9001,California
Imperial,2021-02-02,693,11580,63,4551,630,7029,0,0,508,7444,185,2065,508,9509,California
Imperial,2021-02-03,463,12043,51,4602,412,7441,0,0,267,7516,195,2260,267,9776,California
Imperial,2021-02-04,1737,13780,1216,5818,521,7962,0,0,1425,8630,311,2571,1425,11201,California
Imperial,2021-02-05,405,14185,243,6061,162,8124,0,0,174,8572,232,2803,174,11375,California
Imperial,2021-02-06,860,15045,837,6898,23,8147,0,0,825,9360,37,2840,825,12200,California
Imperial,2021-02-07,22,15067,9,6907,13,8160,0,0,21,9380,1,2841,21,12221,California
Imperial,2021-02-08,268,15335,59,6966,209,8369,0,0,199,9510,69,2910,199,12420,California
Imperial,2021-02-09,501,15836,172,7138,329,8698,0,0,338,9685,163,3073,338,12758,California
Imperial,2021-02-10,472,16308,64,7202,408,9106,0,0,109,9432,363,3436,110,12868,California
Imperial,2021-02-11,1051,17359,375,7577,676,9782,0,0,156,8698,890,4326,156,13024,California
Imperial,2021-02-12,2183,19542,1448,9025,735,10517,0,0,1828,10169,358,4684,1829,14853,California
Imperial,2021-02-13,48,19590,17,9042,31,10548,0,0,44,10206,7,4691,44,14897,California
Imperial,2021-02-14,24,19614,12,9054,12,10560,0,0,21,10224,3,4694,21,14918,California
Imperial,2021-02-15,122,19736,33,9087,89,10649,0,0,91,10284,31,4725,91,15009,California
Imperial,2021-02-16,531,20267,274,9361,257,10906,0,0,312,10377,219,4944,312,15321,California
Imperial,2021-02-17,446,20713,290,9651,156,11062,0,0,88,10107,358,5302,88,15409,California
Imperial,2021-02-18,662,21375,321,9972,341,11403,0,0,152,9750,509,5811,152,15561,California
Imperial,2021-02-19,783,22158,389,10361,394,11797,0,0,199,9366,583,6394,199,15760,California
Imperial,2021-02-20,1052,23210,197,10558,855,12652,0,0,332,8982,718,7112,334,16094,California
Imperial,2021-02-21,593,23803,559,11117,34,12686,0,0,581,9552,11,7123,581,16675,California
Imperial,2021-02-22,820,24623,580,11697,240,12926,0,0,770,10272,50,7173,770,17445,California
Imperial,2021-02-23,987,25610,416,12113,571,13497,0,0,930,11146,57,7230,931,18376,California
Imperial,2021-02-24,748,26358,305,12418,443,13940,0,0,644,11687,103,7333,644,19020,California
Imperial,2021-02-25,891,27249,346,12764,545,14485,0,0,516,11835,374,7707,522,19542,California
Imperial,2021-02-26,2305,29554,1360,14124,945,15430,0,0,1818,13168,486,8193,1819,21361,California
Imperial,2021-02-27,870,30424,811,14935,59,15489,0,0,135,12567,736,8929,135,21496,California
Imperial,2021-02-28,35,30459,22,14957,13,15502,0,0,25,12582,10,8939,25,21521,California
Imperial,2021-03-01,538,30997,312,15269,223,15725,3,3,464,12980,70,9009,468,21989,California
Imperial,2021-03-02,697,31694,253,15522,443,16168,1,4,395,13078,300,9309,398,22387,California
Imperial,2021-03-03,941,32635,60,15582,880,17048,1,5,569,13290,369,9678,581,22968,California
Imperial,2021-03-04,781,33416,91,15673,689,17737,1,6,511,13564,267,9945,541,23509,California
Imperial,2021-03-05,3124,36540,2229,17902,895,18632,0,6,1754,13947,1373,11318,1756,25265,California
Imperial,2021-03-06,705,37245,240,18142,465,19097,0,6,660,14569,42,11360,664,25929,California
Imperial,2021-03-07,85,37330,42,18184,43,19140,0,6,60,14606,24,11384,61,25990,California
Imperial,2021-03-08,436,37766,349,18533,52,19192,35,41,369,14943,67,11451,404,26394,California
Imperial,2021-03-09,721,38487,342,18875,132,19324,247,288,418,15304,303,11754,664,27058,California
Imperial,2021-03-10,714,39201,333,19208,276,19600,105,393,337,15370,376,12130,442,27500,California
Imperial,2021-03-11,1813,41014,490,19698,1133,20733,190,583,1207,16175,602,12732,1407,28907,California
Imperial,2021-03-12,4856,45870,3487,23185,1173,21906,196,779,3109,17739,1741,14473,3305,32212,California
Imperial,2021-03-13,1161,47031,95,23280,841,22747,225,1004,864,18538,294,14767,1093,33305,California
Imperial,2021-03-14,180,47211,37,23317,127,22874,16,1020,141,18657,39,14806,158,33463,California
Imperial,2021-03-15,712,47923,243,23560,204,23078,265,1285,402,19016,308,15114,667,34130,California
Imperial,2021-03-16,1146,49069,292,23852,383,23461,471,1756,572,19486,572,15686,1042,35172,California
Imperial,2021-03-17,1626,50695,710,24562,779,24240,137,1893,1026,20058,592,16278,1164,36336,California
Imperial,2021-03-18,1846,52541,1221,25783,565,24805,60,1953,1305,20888,537,16815,1367,37703,California
Imperial,2021-03-19,3808,56349,2784,28567,1020,25825,4,1957,1926,20945,1874,18689,1931,39634,California
Imperial,2021-03-20,1775,58124,553,29120,1216,27041,6,1963,1323,21834,446,19135,1335,40969,California
Imperial,2021-03-21,218,58342,35,29155,179,27220,4,1967,160,21944,58,19193,168,41137,California
Imperial,2021-03-22,1082,59424,361,29516,712,27932,9,1976,637,22149,443,19636,648,41785,California
Imperial,2021-03-23,1476,60900,454,29970,1016,28948,6,1982,952,22588,520,20156,959,42744,California
Imperial,2021-03-24,2188,63088,581,30551,1181,30129,426,2408,1181,23190,1004,21160,1606,44350,California
Imperial,2021-03-25,3238,66326,709,31260,903,31032,1626,4034,1219,24012,2013,23173,2835,47185,California
Imperial,2021-03-26,3250,69576,1189,32449,1064,32096,997,5031,940,23649,2298,25471,1935,49120,California
Imperial,2021-03-27,623,70199,288,32737,283,32379,52,5083,452,23985,168,25639,504,49624,California
Imperial,2021-03-28,221,70420,57,32794,162,32541,2,5085,177,24122,42,25681,179,49803,California
Imperial,2021-03-29,1497,71917,372,33166,401,32942,724,5809,343,24035,1151,26832,1064,50867,California
Imperial,2021-03-30,2127,74044,705,33871,607,33549,815,6624,706,24134,1419,28251,1518,52385,California
Imperial,2021-03-31,1565,75609,743,34614,816,34365,6,6630,1036,24649,526,28777,1041,53426,California
Imperial,2021-04-01,2091,77700,439,35053,1407,35772,245,6875,889,24586,1196,29973,1133,54559,California
Imperial,2021-04-02,1971,79671,492,35545,1404,37176,75,6950,1338,25370,627,30600,1411,55970,California
Imperial,2021-04-03,1537,81208,444,35989,1014,38190,79,7029,717,25349,817,31417,796,56766,California
Imperial,2021-04-04,91,81299,47,36036,27,38217,17,7046,24,25323,67,31484,41,56807,California
Imperial,2021-04-05,3422,84721,2329,38365,928,39145,165,7211,812,23700,2600,34084,977,57784,California
Imperial,2021-04-06,1348,86069,553,38918,602,39747,193,7404,705,23961,638,34722,899,58683,California
Imperial,2021-04-07,2183,88252,565,39483,1240,40987,378,7782,1571,25291,616,35338,1946,60629,California
Imperial,2021-04-08,2236,90488,1096,40579,842,41829,298,8080,1084,25523,1148,36486,1380,62009,California
Imperial,2021-04-09,3250,93738,1673,42252,958,42787,619,8699,1531,25959,1711,38197,2147,64156,California
Imperial,2021-04-10,1313,95051,208,42460,831,43618,274,8973,247,25412,1063,39260,516,64672,California
Imperial,2021-04-11,224,95275,33,42493,159,43777,32,9005,79,25378,145,39405,111,64783,California
Imperial,2021-04-12,1479,96754,798,43291,459,44236,222,9227,842,25811,631,40036,1064,65847,California
Imperial,2021-04-13,2970,99724,1924,45215,1044,45280,2,9229,2066,26977,900,40936,2066,67913,California
Imperial,2021-04-14,2080,101804,978,46193,1102,46382,0,9229,1408,27721,665,41601,1409,69322,California
Imperial,2021-04-15,2012,103816,919,47112,1093,47475,0,9229,1373,28464,633,42234,1376,70698,California
Imperial,2021-04-16,3474,107290,1811,48923,1663,49138,0,9229,2174,29353,1286,43520,2175,72873,California
Imperial,2021-04-17,1826,109116,937,49860,887,50025,2,9231,1420,30375,401,43921,1423,74296,California
Imperial,2021-04-18,262,109378,75,49935,187,50212,0,9231,92,30300,168,44089,93,74389,California
Imperial,2021-04-19,871,110249,281,50216,590,50802,0,9231,480,30396,388,44477,484,74873,California
Imperial,2021-04-20,1349,111598,546,50762,803,51605,0,9231,755,30560,592,45069,756,75629,California
Imperial,2021-04-21,1412,113010,356,51118,1055,52660,1,9232,816,30787,589,45658,816,76445,California
Imperial,2021-04-22,2374,115384,827,51945,1547,54207,0,9232,1632,31695,726,46384,1634,78079,California
Imperial,2021-04-23,2850,118234,541,52486,2309,56516,0,9232,1102,31084,1717,48101,1106,79185,California
Imperial,2021-04-24,571,118805,341,52827,230,56746,0,9232,208,30932,360,48461,208,79393,California
Imperial,2021-04-25,274,119079,102,52929,172,56918,0,9232,139,30938,133,48594,139,79532,California
Imperial,2021-04-26,1257,120336,503,53432,750,57668,4,9236,719,31128,532,49126,722,80254,California
Imperial,2021-04-27,1162,121498,386,53818,766,58434,10,9246,575,31132,581,49707,585,80839,California
Imperial,2021-04-28,1505,123003,656,54474,820,59254,29,9275,681,31024,818,50525,710,81549,California
Imperial,2021-04-29,1856,124859,872,55346,936,60190,48,9323,818,30864,1027,51552,867,82416,California
Imperial,2021-04-30,3290,128149,1689,57035,1566,61756,35,9358,1588,30798,1689,53241,1623,84039,California
Imperial,2021-05-01,347,128496,149,57184,195,61951,3,9361,165,30786,181,53422,169,84208,California
Imperial,2021-05-02,85,128581,26,57210,57,62008,2,9363,51,30806,34,53456,54,84262,California
Imperial,2021-05-03,1671,130252,565,57775,1058,63066,48,9411,385,29964,1274,54730,432,84694,California
Imperial,2021-05-04,1778,132030,979,58754,772,63838,27,9438,545,29311,1225,55955,572,85266,California
Imperial,2021-05-05,1524,133554,905,59659,598,64436,21,9459,453,28727,1059,57014,475,85741,California
Imperial,2021-05-06,1711,135265,1119,60778,550,64986,42,9501,556,28177,1149,58163,599,86340,California
Imperial,2021-05-07,2614,137879,1462,62240,1107,66093,45,9546,863,27358,1730,59893,911,87251,California
Imperial,2021-05-08,789,138668,646,62886,135,66228,8,9554,189,26961,594,60487,197,87448,California
Imperial,2021-05-09,102,138770,68,62954,33,66261,1,9555,33,26929,66,60553,34,87482,California
Imperial,2021-05-10,1173,139943,304,63258,746,67007,123,9678,347,26579,819,61372,469,87951,California
Imperial,2021-05-11,1489,141432,480,63738,990,67997,19,9697,498,26117,983,62355,521,88472,California
Imperial,2021-05-12,864,142296,273,64011,553,68550,38,9735,305,25905,554,62909,342,88814,California
Imperial,2021-05-13,1881,144177,1255,65266,554,69104,72,9807,823,25750,1049,63958,894,89708,California
Imperial,2021-05-14,1773,145950,975,66241,738,69842,60,9867,1161,26371,600,64558,1221,90929,California
Imperial,2021-05-15,1244,147194,487,66728,736,70578,21,9888,473,26100,765,65323,494,91423,California
Imperial,2021-05-16,124,147318,84,66812,37,70615,3,9891,51,26082,72,65395,54,91477,California
Imperial,2021-05-17,1988,149306,728,67540,1211,71826,49,9940,691,25532,1290,66685,740,92217,California
Imperial,2021-05-18,1697,151003,898,68438,727,72553,72,10012,926,25765,765,67450,998,93215,California
Imperial,2021-05-19,1295,152298,606,69044,619,73172,70,10082,608,25762,680,68130,677,93892,California
Imperial,2021-05-20,1608,153906,1016,70060,525,73697,67,10149,727,25688,869,68999,795,94687,California
Imperial,2021-05-21,1932,155838,1237,71297,631,74328,64,10213,969,25769,953,69952,1034,95721,California
Imperial,2021-05-22,295,156133,191,71488,88,74416,16,10229,153,25801,137,70089,169,95890,California
Imperial,2021-05-23,93,156226,33,71521,51,74467,9,10238,34,25787,57,70146,43,95933,California
Imperial,2021-05-24,1278,157504,626,72147,593,75060,59,10297,529,25631,742,70888,586,96519,California
Imperial,2021-05-25,1466,158970,482,72629,951,76011,33,10330,523,25254,934,71822,557,97076,California
Imperial,2021-05-26,1053,160023,552,73181,451,76462,50,10380,466,25186,584,72406,516,97592,California
Imperial,2021-05-27,1320,161343,727,73908,523,76985,70,10450,645,25232,669,73075,715,98307,California
Imperial,2021-05-28,1043,162386,598,74506,373,77358,72,10522,387,25045,646,73721,459,98766,California
Imperial,2021-05-29,226,162612,126,74632,94,77452,6,10528,116,25057,110,73831,122,98888,California
Imperial,2021-05-30,94,162706,27,74659,65,77517,2,10530,63,25091,31,73862,65,98953,California
Imperial,2021-05-31,77,162783,19,74678,52,77569,6,10536,34,25088,43,73905,40,98993,California
Imperial,2021-06-01,1191,163974,552,75230,574,78143,65,10601,470,24911,713,74618,536,99529,California
Imperial,2021-06-02,1098,165072,604,75834,403,78546,91,10692,563,25032,531,75149,652,100181,California
Imperial,2021-06-03,1262,166334,743,76577,426,78972,93,10785,599,25068,656,75805,692,100873,California
Imperial,2021-06-04,2229,168563,1592,78169,532,79504,105,10890,985,24924,1234,77039,1090,101963,California
Imperial,2021-06-05,367,168930,231,78400,121,79625,15,10905,178,24932,185,77224,193,102156,California
Imperial,2021-06-06,83,169013,46,78446,25,79650,12,10917,44,24949,39,77263,56,102212,California
Imperial,2021-06-07,999,170012,649,79095,285,79935,65,10982,487,24992,509,77772,552,102764,California
Imperial,2021-06-08,1351,171363,1022,80117,270,80205,59,11041,546,24796,801,78573,605,103369,California
Imperial,2021-06-09,1060,172423,773,80890,230,80435,57,11098,491,24785,562,79135,551,103920,California
Imperial,2021-06-10,1126,173549,771,81661,311,80746,44,11142,439,24584,683,79818,482,104402,California
Imperial,2021-06-11,1626,175175,1184,82845,399,81145,43,11185,715,24443,899,80717,758,105160,California
Imperial,2021-06-12,239,175414,126,82971,102,81247,11,11196,100,24416,138,80855,111,105271,California
Imperial,2021-06-13,83,175497,22,82993,59,81306,2,11198,56,24447,27,80882,58,105329,California
Imperial,2021-06-14,865,176362,608,83601,214,81520,43,11241,373,24375,488,81370,416,105745,California
Imperial,2021-06-15,978,177340,721,84322,228,81748,29,11270,445,24322,526,81896,473,106218,California
Imperial,2021-06-16,857,178197,579,84901,239,81987,39,11309,430,24369,423,82319,470,106688,California
Imperial,2021-06-17,588,178785,451,85352,111,82098,26,11335,258,24323,329,82648,283,106971,California
Inyo,2020-12-19,85,85,85,85,0,0,0,0,85,85,0,0,85,85,California
Inyo,2020-12-20,59,144,59,144,0,0,0,0,59,144,0,0,59,144,California
Inyo,2020-12-21,88,232,85,229,3,3,0,0,88,232,0,0,88,232,California
Inyo,2020-12-22,101,333,101,330,0,3,0,0,101,333,0,0,101,333,California
Inyo,2020-12-23,68,401,65,395,3,6,0,0,68,401,0,0,68,401,California
Inyo,2020-12-24,15,416,15,410,0,6,0,0,15,416,0,0,15,416,California
Inyo,2020-12-25,1,417,0,410,1,7,0,0,1,417,0,0,1,417,California
Inyo,2020-12-26,73,490,73,483,0,7,0,0,73,490,0,0,73,490,California
Inyo,2020-12-28,49,539,37,520,12,19,0,0,49,539,0,0,49,539,California
Inyo,2020-12-29,18,557,18,538,0,19,0,0,18,557,0,0,18,557,California
Inyo,2020-12-30,56,613,54,592,2,21,0,0,56,613,0,0,56,613,California
Inyo,2020-12-31,29,642,0,592,29,50,0,0,29,642,0,0,29,642,California
Inyo,2021-01-01,1,643,0,592,1,51,0,0,1,643,0,0,1,643,California
Inyo,2021-01-03,1,644,0,592,1,52,0,0,1,644,0,0,1,644,California
Inyo,2021-01-04,2,646,1,593,1,53,0,0,2,646,0,0,2,646,California
Inyo,2021-01-05,34,680,0,593,34,87,0,0,34,680,0,0,34,680,California
Inyo,2021-01-06,60,740,0,593,60,147,0,0,60,740,0,0,60,740,California
Inyo,2021-01-07,31,771,1,594,30,177,0,0,31,771,0,0,31,771,California
Inyo,2021-01-08,8,779,8,602,0,177,0,0,3,770,5,5,4,775,California
Inyo,2021-01-09,86,865,86,688,0,177,0,0,0,684,86,91,0,775,California
Inyo,2021-01-10,53,918,53,741,0,177,0,0,0,631,53,144,0,775,California
Inyo,2021-01-11,97,1015,82,823,15,192,0,0,16,566,81,225,16,791,California
Inyo,2021-01-12,133,1148,112,935,21,213,0,0,27,487,106,331,27,818,California
Inyo,2021-01-13,85,1233,67,1002,18,231,0,0,21,445,64,395,22,840,California
Inyo,2021-01-14,58,1291,13,1015,45,276,0,0,48,483,10,405,48,888,California
Inyo,2021-01-15,158,1449,28,1043,130,406,0,0,158,641,0,405,158,1046,California
Inyo,2021-01-16,72,1521,72,1115,0,406,0,0,0,569,72,477,0,1046,California
Inyo,2021-01-18,59,1580,37,1152,22,428,0,0,19,548,40,517,19,1065,California
Inyo,2021-01-19,108,1688,67,1219,41,469,0,0,92,624,16,533,92,1157,California
Inyo,2021-01-20,145,1833,68,1287,77,546,0,0,90,659,55,588,90,1247,California
Inyo,2021-01-21,117,1950,57,1344,60,606,0,0,116,774,1,589,116,1363,California
Inyo,2021-01-22,61,2011,0,1344,61,667,0,0,60,833,1,590,60,1423,California
Inyo,2021-01-23,44,2055,43,1387,1,668,0,0,44,877,0,590,44,1467,California
Inyo,2021-01-25,48,2103,4,1391,44,712,0,0,35,899,13,603,35,1502,California
Inyo,2021-01-26,129,2232,48,1439,81,793,0,0,123,1016,6,609,123,1625,California
Inyo,2021-01-27,24,2256,2,1441,22,815,0,0,23,1038,1,610,23,1648,California
Inyo,2021-01-28,90,2346,2,1443,88,903,0,0,61,1070,29,639,61,1709,California
Inyo,2021-01-29,25,2371,3,1446,22,925,0,0,23,1091,2,641,23,1732,California
Inyo,2021-01-30,10,2381,0,1446,10,935,0,0,10,1101,0,641,10,1742,California
Inyo,2021-01-31,23,2404,3,1449,20,955,0,0,4,1085,20,661,4,1746,California
Inyo,2021-02-01,10,2414,9,1458,1,956,0,0,0,1075,10,671,0,1746,California
Inyo,2021-02-02,130,2544,14,1472,116,1072,0,0,104,1153,26,697,104,1850,California
Inyo,2021-02-03,113,2657,0,1472,113,1185,0,0,72,1184,41,738,72,1922,California
Inyo,2021-02-04,146,2803,31,1503,115,1300,0,0,88,1214,58,796,88,2010,California
Inyo,2021-02-05,107,2910,51,1554,56,1356,0,0,105,1317,2,798,105,2115,California
Inyo,2021-02-06,3,2913,2,1556,1,1357,0,0,3,1320,0,798,3,2118,California
Inyo,2021-02-07,4,2917,2,1558,2,1359,0,0,4,1324,0,798,4,2122,California
Inyo,2021-02-08,113,3030,5,1563,108,1467,0,0,95,1401,18,816,95,2217,California
Inyo,2021-02-09,192,3222,50,1613,142,1609,0,0,124,1457,68,884,124,2341,California
Inyo,2021-02-10,140,3362,14,1627,126,1735,0,0,109,1535,31,915,109,2450,California
Inyo,2021-02-11,220,3582,56,1683,164,1899,0,0,126,1567,94,1009,126,2576,California
Inyo,2021-02-12,292,3874,50,1733,242,2141,0,0,166,1607,126,1135,166,2742,California
Inyo,2021-02-13,48,3922,44,1777,4,2145,0,0,6,1571,42,1177,6,2748,California
Inyo,2021-02-14,1,3923,0,1777,1,2146,0,0,1,1572,0,1177,1,2749,California
Inyo,2021-02-15,26,3949,7,1784,19,2165,0,0,5,1556,21,1198,5,2754,California
Inyo,2021-02-16,173,4122,45,1829,128,2293,0,0,91,1566,81,1279,91,2845,California
Inyo,2021-02-17,38,4160,4,1833,34,2327,0,0,8,1544,30,1309,8,2853,California
Inyo,2021-02-18,120,4280,6,1839,114,2441,0,0,80,1584,40,1349,80,2933,California
Inyo,2021-02-19,52,4332,5,1844,47,2488,0,0,9,1550,43,1392,9,2942,California
Inyo,2021-02-20,504,4836,499,2343,5,2493,0,0,502,2050,2,1394,502,3444,California
Inyo,2021-02-21,438,5274,438,2781,0,2493,0,0,438,2488,0,1394,438,3882,California
Inyo,2021-02-22,59,5333,17,2798,42,2535,0,0,25,2479,34,1428,25,3907,California
Inyo,2021-02-23,192,5525,17,2815,175,2710,0,0,90,2468,101,1529,90,3997,California
Inyo,2021-02-24,117,5642,0,2815,117,2827,0,0,57,2465,60,1589,57,4054,California
Inyo,2021-02-25,127,5769,2,2817,125,2952,0,0,61,2460,66,1655,61,4115,California
Inyo,2021-02-26,94,5863,50,2867,44,2996,0,0,20,2406,74,1729,20,4135,California
Inyo,2021-02-27,14,5877,3,2870,11,3007,0,0,2,2396,12,1741,2,4137,California
Inyo,2021-02-28,3,5880,1,2871,2,3009,0,0,2,2397,1,1742,2,4139,California
Inyo,2021-03-01,19,5899,2,2873,17,3026,0,0,17,2412,2,1744,17,4156,California
Inyo,2021-03-02,193,6092,0,2873,193,3219,0,0,108,2435,85,1829,108,4264,California
Inyo,2021-03-03,83,6175,3,2876,80,3299,0,0,40,2432,43,1872,40,4304,California
Inyo,2021-03-04,124,6299,2,2878,122,3421,0,0,44,2396,80,1952,44,4348,California
Inyo,2021-03-05,139,6438,54,2932,85,3506,0,0,38,2333,101,2053,38,4386,California
Inyo,2021-03-06,20,6458,1,2933,19,3525,0,0,19,2351,1,2054,19,4405,California
Inyo,2021-03-07,6,6464,3,2936,3,3528,0,0,4,2353,2,2056,4,4409,California
Inyo,2021-03-08,170,6634,5,2941,165,3693,0,0,80,2343,90,2146,80,4489,California
Inyo,2021-03-09,189,6823,2,2943,187,3880,0,0,73,2300,116,2262,73,4562,California
Inyo,2021-03-10,72,6895,8,2951,63,3943,1,1,30,2289,42,2304,31,4593,California
Inyo,2021-03-11,203,7098,1,2952,197,4140,5,6,73,2237,130,2434,78,4671,California
Inyo,2021-03-12,173,7271,3,2955,165,4305,5,11,75,2219,98,2532,80,4751,California
Inyo,2021-03-13,571,7842,539,3494,23,4328,9,20,64,1786,506,3038,73,4824,California
Inyo,2021-03-14,439,8281,438,3932,1,4329,0,20,6,1360,432,3470,6,4830,California
Inyo,2021-03-15,50,8331,14,3946,34,4363,2,22,30,1372,20,3490,32,4862,California
Inyo,2021-03-16,162,8493,3,3949,153,4516,6,28,63,1343,98,3588,69,4931,California
Inyo,2021-03-17,107,8600,2,3951,98,4614,7,35,92,1427,15,3603,99,5030,California
Inyo,2021-03-18,183,8783,15,3966,161,4775,7,42,102,1455,81,3684,109,5139,California
Inyo,2021-03-19,44,8827,3,3969,37,4812,4,46,35,1485,9,3693,39,5178,California
Inyo,2021-03-20,19,8846,1,3970,9,4821,9,55,0,1475,19,3712,9,5187,California
Inyo,2021-03-22,58,8904,2,3972,51,4872,5,60,38,1498,20,3732,43,5230,California
Inyo,2021-03-23,192,9096,3,3975,185,5057,4,64,105,1520,87,3819,109,5339,California
Inyo,2021-03-24,140,9236,3,3978,133,5190,4,68,86,1556,54,3873,90,5429,California
Inyo,2021-03-25,330,9566,108,4086,219,5409,3,71,265,1759,65,3938,268,5697,California
Inyo,2021-03-26,92,9658,3,4089,85,5494,4,75,71,1813,21,3959,75,5772,California
Inyo,2021-03-27,45,9703,37,4126,5,5499,3,78,39,1849,6,3965,42,5814,California
Inyo,2021-03-28,2,9705,0,4126,2,5501,0,78,1,1849,1,3966,1,5815,California
Inyo,2021-03-29,107,9812,2,4128,100,5601,5,83,80,1908,26,3992,85,5900,California
Inyo,2021-03-30,219,10031,1,4129,213,5814,5,88,110,1914,109,4101,115,6015,California
Inyo,2021-03-31,147,10178,3,4132,138,5952,6,94,106,1985,41,4142,112,6127,California
Inyo,2021-04-01,163,10341,2,4134,160,6112,1,95,116,2055,47,4189,117,6244,California
Inyo,2021-04-02,80,10421,1,4135,77,6189,2,97,49,2075,31,4220,51,6295,California
Inyo,2021-04-03,72,10493,38,4173,21,6210,13,110,2,2021,68,4288,14,6309,California
Inyo,2021-04-04,5,10498,4,4177,0,6210,1,111,1,2019,4,4292,2,6311,California
Inyo,2021-04-05,105,10603,1,4178,100,6310,4,115,29,1976,76,4368,33,6344,California
Inyo,2021-04-06,233,10836,3,4181,167,6477,63,178,102,2010,131,4499,165,6509,California
Inyo,2021-04-07,206,11042,2,4183,76,6553,128,306,47,2026,159,4658,175,6684,California
Inyo,2021-04-08,179,11221,15,4198,148,6701,16,322,81,2025,98,4756,97,6781,California
Inyo,2021-04-09,121,11342,4,4202,94,6795,23,345,35,1998,85,4841,58,6839,California
Inyo,2021-04-10,39,11381,1,4203,21,6816,17,362,3,1982,36,4877,20,6859,California
Inyo,2021-04-11,1,11382,0,4203,1,6817,0,362,1,1983,0,4877,1,6860,California
Inyo,2021-04-12,79,11461,0,4203,74,6891,5,367,41,1991,38,4915,46,6906,California
Inyo,2021-04-13,122,11583,4,4207,115,7006,3,370,63,1999,58,4973,66,6972,California
Inyo,2021-04-14,131,11714,2,4209,129,7135,0,370,46,1960,85,5058,46,7018,California
Inyo,2021-04-15,271,11985,115,4324,156,7291,0,370,78,1845,193,5251,78,7096,California
Inyo,2021-04-16,44,12029,3,4327,41,7332,0,370,16,1833,28,5279,16,7112,California
Inyo,2021-04-17,2,12031,1,4328,1,7333,0,370,1,1833,1,5280,1,7113,California
Inyo,2021-04-19,120,12151,36,4364,84,7417,0,370,42,1798,78,5358,43,7156,California
Inyo,2021-04-20,164,12315,2,4366,162,7579,0,370,80,1794,84,5442,80,7236,California
Inyo,2021-04-21,112,12427,3,4369,109,7688,0,370,32,1746,80,5522,32,7268,California
Inyo,2021-04-22,197,12624,1,4370,196,7884,0,370,51,1651,146,5668,51,7319,California
Inyo,2021-04-23,95,12719,4,4374,91,7975,0,370,22,1600,73,5741,22,7341,California
Inyo,2021-04-24,307,13026,306,4680,1,7976,0,370,304,1901,3,5744,304,7645,California
Inyo,2021-04-25,133,13159,132,4812,1,7977,0,370,133,2034,0,5744,133,7778,California
Inyo,2021-04-26,92,13251,2,4814,89,8066,1,371,11,1966,80,5824,12,7790,California
Inyo,2021-04-27,181,13432,5,4819,172,8238,4,375,47,1883,134,5958,51,7841,California
Inyo,2021-04-28,120,13552,2,4821,116,8354,2,377,20,1805,100,6058,22,7863,California
Inyo,2021-04-29,169,13721,55,4876,114,8468,0,377,76,1788,93,6151,76,7939,California
Inyo,2021-04-30,81,13802,4,4880,76,8544,1,378,23,1754,58,6209,24,7963,California
Inyo,2021-05-01,9,13811,2,4882,7,8551,0,378,7,1759,2,6211,7,7970,California
Inyo,2021-05-02,6,13817,2,4884,2,8553,2,380,4,1763,2,6213,6,7976,California
Inyo,2021-05-03,38,13855,1,4885,33,8586,4,384,5,1739,33,6246,9,7985,California
Inyo,2021-05-04,121,13976,2,4887,116,8702,3,387,20,1661,101,6347,23,8008,California
Inyo,2021-05-05,36,14012,0,4887,34,8736,2,389,11,1649,25,6372,13,8021,California
Inyo,2021-05-06,92,14104,3,4890,81,8817,8,397,13,1591,79,6451,21,8042,California
Inyo,2021-05-07,47,14151,2,4892,37,8854,8,405,24,1601,22,6473,32,8074,California
Inyo,2021-05-08,11,14162,2,4894,4,8858,5,410,4,1603,7,6480,9,8083,California
Inyo,2021-05-09,1,14163,0,4894,1,8859,0,410,0,1602,1,6481,0,8083,California
Inyo,2021-05-10,69,14232,1,4895,66,8925,2,412,31,1597,39,6520,34,8117,California
Inyo,2021-05-11,87,14319,1,4896,83,9008,3,415,20,1553,67,6587,23,8140,California
Inyo,2021-05-12,43,14362,1,4897,40,9048,2,417,11,1534,32,6619,13,8153,California
Inyo,2021-05-13,75,14437,1,4898,73,9121,1,418,12,1484,63,6682,13,8166,California
Inyo,2021-05-14,27,14464,5,4903,17,9138,5,423,14,1490,13,6695,19,8185,California
Inyo,2021-05-15,373,14837,361,5264,10,9148,2,425,82,1283,291,6986,84,8269,California
Inyo,2021-05-16,199,15036,199,5463,0,9148,0,425,72,1228,127,7113,72,8341,California
Inyo,2021-05-17,62,15098,3,5466,55,9203,4,429,18,1207,43,7156,22,8363,California
Inyo,2021-05-18,84,15182,2,5468,81,9284,1,430,17,1158,67,7223,18,8381,California
Inyo,2021-05-19,48,15230,2,5470,41,9325,5,435,14,1143,34,7257,19,8400,California
Inyo,2021-05-20,144,15374,81,5551,62,9387,1,436,36,1071,109,7366,37,8437,California
Inyo,2021-05-21,48,15422,18,5569,25,9412,5,441,19,1066,29,7395,24,8461,California
Inyo,2021-05-22,23,15445,13,5582,7,9419,3,444,17,1080,6,7401,20,8481,California
Inyo,2021-05-23,2,15447,1,5583,0,9419,1,445,0,1079,2,7403,1,8482,California
Inyo,2021-05-24,33,15480,6,5589,24,9443,3,448,13,1075,20,7423,16,8498,California
Inyo,2021-05-25,80,15560,38,5627,40,9483,2,450,45,1087,35,7458,47,8545,California
Inyo,2021-05-26,38,15598,10,5637,26,9509,2,452,15,1082,22,7480,17,8562,California
Inyo,2021-05-27,39,15637,10,5647,21,9530,8,460,12,1076,26,7506,20,8582,California
Inyo,2021-05-28,26,15663,6,5653,15,9545,5,465,8,1071,18,7524,13,8595,California
Inyo,2021-05-29,14,15677,5,5658,9,9554,0,465,7,1071,7,7531,7,8602,California
Inyo,2021-05-30,2,15679,0,5658,2,9556,0,465,0,1069,2,7533,0,8602,California
Inyo,2021-06-01,54,15733,16,5674,32,9588,6,471,23,1067,31,7564,29,8631,California
Inyo,2021-06-02,10,15743,8,5682,1,9589,1,472,9,1076,1,7565,10,8641,California
Inyo,2021-06-03,26,15769,0,5682,18,9607,8,480,1,1060,25,7590,9,8650,California
Inyo,2021-06-04,32,15801,6,5688,22,9629,4,484,12,1056,20,7610,16,8666,California
Inyo,2021-06-05,17,15818,8,5696,8,9637,1,485,4,1048,13,7623,5,8671,California
Inyo,2021-06-06,1,15819,1,5697,0,9637,0,485,1,1049,0,7623,1,8672,California
Inyo,2021-06-07,51,15870,15,5712,33,9670,3,488,5,1011,46,7669,8,8680,California
Inyo,2021-06-08,53,15923,25,5737,25,9695,3,491,26,1014,27,7696,30,8710,California
Inyo,2021-06-09,109,16032,93,5830,14,9709,2,493,14,935,95,7791,16,8726,California
Inyo,2021-06-10,53,16085,39,5869,9,9718,5,498,15,917,38,7829,20,8746,California
Inyo,2021-06-11,43,16128,23,5892,18,9736,2,500,17,910,26,7855,19,8765,California
Inyo,2021-06-12,14,16142,7,5899,6,9742,1,501,5,907,9,7864,6,8771,California
Inyo,2021-06-13,1,16143,0,5899,1,9743,0,501,0,906,1,7865,0,8771,California
Inyo,2021-06-14,58,16201,27,5926,28,9771,3,504,8,867,50,7915,11,8782,California
Inyo,2021-06-15,48,16249,35,5961,9,9780,4,508,8,839,40,7955,12,8794,California
Inyo,2021-06-16,33,16282,19,5980,14,9794,0,508,9,824,24,7979,9,8803,California
Inyo,2021-06-17,15,16297,7,5987,4,9798,4,512,4,821,11,7990,8,8811,California
Kern,2020-12-15,1,1,1,1,0,0,0,0,1,1,0,0,1,1,California
Kern,2020-12-16,19,20,19,20,0,0,0,0,19,20,0,0,19,20,California
Kern,2020-12-17,162,182,162,182,0,0,0,0,162,182,0,0,162,182,California
Kern,2020-12-18,322,504,322,504,0,0,0,0,322,504,0,0,322,504,California
Kern,2020-12-19,99,603,99,603,0,0,0,0,99,603,0,0,99,603,California
Kern,2020-12-20,61,664,61,664,0,0,0,0,61,664,0,0,61,664,California
Kern,2020-12-21,672,1336,671,1335,1,1,0,0,672,1336,0,0,672,1336,California
Kern,2020-12-22,529,1865,527,1862,2,3,0,0,529,1865,0,0,529,1865,California
Kern,2020-12-23,554,2419,416,2278,138,141,0,0,554,2419,0,0,554,2419,California
Kern,2020-12-24,123,2542,44,2322,79,220,0,0,123,2542,0,0,123,2542,California
Kern,2020-12-25,1,2543,1,2323,0,220,0,0,1,2543,0,0,1,2543,California
Kern,2020-12-26,33,2576,1,2324,32,252,0,0,33,2576,0,0,33,2576,California
Kern,2020-12-27,35,2611,3,2327,32,284,0,0,35,2611,0,0,35,2611,California
Kern,2020-12-28,827,3438,662,2989,165,449,0,0,827,3438,0,0,827,3438,California
Kern,2020-12-29,744,4182,451,3440,293,742,0,0,743,4180,1,1,743,4181,California
Kern,2020-12-30,1205,5387,913,4353,292,1034,0,0,1205,5385,0,1,1205,5386,California
Kern,2020-12-31,278,5665,99,4452,179,1213,0,0,278,5663,0,1,278,5664,California
Kern,2021-01-01,17,5682,9,4461,8,1221,0,0,17,5680,0,1,17,5681,California
Kern,2021-01-02,79,5761,18,4479,61,1282,0,0,79,5759,0,1,79,5760,California
Kern,2021-01-03,23,5784,4,4483,19,1301,0,0,23,5782,0,1,23,5783,California
Kern,2021-01-04,555,6339,362,4845,193,1494,0,0,555,6337,0,1,555,6338,California
Kern,2021-01-05,1133,7472,738,5583,395,1889,0,0,1121,7446,12,13,1121,7459,California
Kern,2021-01-06,1162,8634,447,6030,715,2604,0,0,1132,8548,30,43,1132,8591,California
Kern,2021-01-07,1409,10043,487,6517,922,3526,0,0,1241,9622,167,210,1241,9832,California
Kern,2021-01-08,1624,11667,766,7283,858,4384,0,0,1327,10651,298,508,1327,11159,California
Kern,2021-01-09,228,11895,78,7361,150,4534,0,0,193,10809,35,543,193,11352,California
Kern,2021-01-10,194,12089,149,7510,45,4579,0,0,153,10921,41,584,153,11505,California
Kern,2021-01-11,1560,13649,988,8498,572,5151,0,0,1000,11361,560,1144,1000,12505,California
Kern,2021-01-12,1870,15519,811,9309,1059,6210,0,0,1358,12207,512,1656,1358,13863,California
Kern,2021-01-13,1857,17376,874,10183,983,7193,0,0,1435,13220,422,2078,1435,15298,California
Kern,2021-01-14,2193,19569,648,10831,1545,8738,0,0,2147,15321,46,2124,2147,17445,California
Kern,2021-01-15,2719,22288,857,11688,1862,10600,0,0,2622,17849,95,2219,2623,20068,California
Kern,2021-01-16,674,22962,213,11901,461,11061,0,0,639,18453,35,2254,639,20707,California
Kern,2021-01-17,74,23036,7,11908,67,11128,0,0,72,18523,2,2256,72,20779,California
Kern,2021-01-18,1643,24679,656,12564,987,12115,0,0,1477,19834,166,2422,1477,22256,California
Kern,2021-01-19,1857,26536,1034,13598,823,12938,0,0,1392,20762,465,2887,1393,23649,California
Kern,2021-01-20,2615,29151,1678,15276,937,13875,0,0,1912,21978,698,3585,1914,25563,California
Kern,2021-01-21,2115,31266,867,16143,1248,15123,0,0,1920,23704,194,3779,1920,27483,California
Kern,2021-01-22,2713,33979,1300,17443,1413,16536,0,0,2434,25860,278,4057,2434,29917,California
Kern,2021-01-23,1247,35226,541,17984,706,17242,0,0,1200,27014,47,4104,1201,31118,California
Kern,2021-01-24,152,35378,11,17995,141,17383,0,0,146,27154,6,4110,146,31264,California
Kern,2021-01-25,2381,37759,1082,19077,1299,18682,0,0,1897,28569,483,4593,1898,33162,California
Kern,2021-01-26,2773,40532,1127,20204,1646,20328,0,0,1913,29623,859,5452,1913,35075,California
Kern,2021-01-27,3553,44085,1895,22099,1658,21986,0,0,2856,31785,694,6146,2856,37931,California
Kern,2021-01-28,2883,46968,1359,23458,1524,23510,0,0,2453,33815,425,6571,2455,40386,California
Kern,2021-01-29,3797,50765,1804,25262,1993,25503,0,0,3245,36511,549,7120,3245,43631,California
Kern,2021-01-30,1335,52100,501,25763,834,26337,0,0,1283,37744,50,7170,1283,44914,California
Kern,2021-01-31,401,52501,275,26038,126,26463,0,0,266,37875,135,7305,266,45180,California
Kern,2021-02-01,2597,55098,989,27027,1608,28071,0,0,1885,39052,709,8014,1886,47066,California
Kern,2021-02-02,2754,57852,798,27825,1956,30027,0,0,2051,40401,703,8717,2052,49118,California
Kern,2021-02-03,3676,61528,1554,29379,2122,32149,0,0,2705,42142,964,9681,2705,51823,California
Kern,2021-02-04,3801,65329,1446,30825,2355,34504,0,0,2584,43519,1207,10888,2584,54407,California
Kern,2021-02-05,4858,70187,1988,32813,2870,37374,0,0,3096,44872,1743,12631,3096,57503,California
Kern,2021-02-06,1743,71930,770,33583,973,38347,0,0,1515,46162,225,12856,1515,59018,California
Kern,2021-02-07,282,72212,150,33733,132,38479,0,0,265,46412,15,12871,265,59283,California
Kern,2021-02-08,2562,74774,783,34516,1779,40258,0,0,1255,46379,1289,14160,1256,60539,California
Kern,2021-02-09,3037,77811,985,35501,2052,42310,0,0,1461,46272,1568,15728,1461,62000,California
Kern,2021-02-10,3798,81609,1662,37163,2136,44446,0,0,1881,46253,1901,17629,1882,63882,California
Kern,2021-02-11,4264,85873,1531,38694,2733,47179,0,0,2221,46445,2030,19659,2222,66104,California
Kern,2021-02-12,4966,90839,1889,40583,3077,50256,0,0,2471,46435,2481,22140,2471,68575,California
Kern,2021-02-13,2004,92843,726,41309,1278,51534,0,0,1156,46745,846,22986,1156,69731,California
Kern,2021-02-14,350,93193,12,41321,338,51872,0,0,268,46932,81,23067,268,69999,California
Kern,2021-02-15,2743,95936,898,42219,1845,53717,0,0,1212,46621,1523,24590,1212,71211,California
Kern,2021-02-16,2947,98883,713,42932,2234,55951,0,0,1656,46996,1282,25872,1657,72868,California
Kern,2021-02-17,4068,102951,2074,45006,1994,57945,0,0,1921,46777,2141,28013,1922,74790,California
Kern,2021-02-18,3753,106704,1484,46490,2269,60214,0,0,1624,46282,2119,30132,1624,76414,California
Kern,2021-02-19,4183,110887,1905,48395,2278,62492,0,0,1733,45572,2443,32575,1733,78147,California
Kern,2021-02-20,2580,113467,967,49362,1613,64105,0,0,1347,45690,1229,33804,1347,79494,California
Kern,2021-02-21,268,113735,162,49524,106,64211,0,0,89,45602,177,33981,89,79583,California
Kern,2021-02-22,2671,116406,1154,50678,1517,65728,0,0,1432,45801,1233,35214,1432,81015,California
Kern,2021-02-23,3578,119984,1132,51810,2446,68174,0,0,1998,46222,1578,36792,1999,83014,California
Kern,2021-02-24,5213,125197,2290,54100,2923,71097,0,0,3106,47226,2102,38894,3106,86120,California
Kern,2021-02-25,5381,130578,2460,56560,2921,74018,0,0,3196,48255,2167,41061,3196,89316,California
Kern,2021-02-26,6928,137506,3539,60099,3389,77407,0,0,4364,50063,2557,43618,4365,93681,California
Kern,2021-02-27,3946,141452,1976,62075,1970,79377,0,0,2607,51340,1330,44948,2607,96288,California
Kern,2021-02-28,915,142367,503,62578,411,79788,1,1,695,51818,218,45166,696,96984,California
Kern,2021-03-01,4013,146380,1822,64400,2187,81975,4,5,2696,53211,1307,46473,2700,99684,California
Kern,2021-03-02,4483,150863,1409,65809,3070,85045,4,9,2950,54640,1522,47995,2951,102635,California
Kern,2021-03-03,5999,156862,2842,68651,3155,88200,2,11,3886,56429,2098,50093,3887,106522,California
Kern,2021-03-04,5686,162548,2273,70924,3408,91608,5,16,3692,58144,1979,52072,3694,110216,California
Kern,2021-03-05,6637,169185,2866,73790,3752,95360,19,35,4190,59916,2437,54509,4209,114425,California
Kern,2021-03-06,4756,173941,1923,75713,2726,98086,107,142,3477,62228,1272,55781,3584,118009,California
Kern,2021-03-07,2066,176007,1598,77311,412,98498,56,198,1868,63955,197,55978,1924,119933,California
Kern,2021-03-08,2906,178913,924,78235,1759,100257,223,421,1527,64327,1376,57354,1748,121681,California
Kern,2021-03-09,3728,182641,805,79040,2537,102794,386,807,2331,65650,1389,58743,2712,124393,California
Kern,2021-03-10,6147,188788,2565,81605,2508,105302,1074,1881,3599,67789,2532,61275,4671,129064,California
Kern,2021-03-11,6331,195119,2438,84043,2866,108168,1027,2908,3771,70032,2550,63825,4793,133857,California
Kern,2021-03-12,7856,202975,3082,87125,3418,111586,1356,4264,4327,72187,3516,67341,5671,139528,California
Kern,2021-03-13,4677,207652,2534,89659,1806,113392,337,4601,3253,74354,1417,68758,3584,143112,California
Kern,2021-03-14,2310,209962,1533,91192,534,113926,243,4844,1786,75856,524,69282,2026,145138,California
Kern,2021-03-15,4267,214229,1104,92296,2451,116377,712,5556,2197,76701,2057,71339,2902,148040,California
Kern,2021-03-16,4435,218664,1012,93308,2886,119263,537,6093,2410,77630,2013,73352,2942,150982,California
Kern,2021-03-17,7456,226120,4084,97392,2822,122085,550,6643,4483,79701,2960,76312,5031,156013,California
Kern,2021-03-18,7277,233397,3681,101073,3009,125094,587,7230,4407,81842,2849,79161,4990,161003,California
Kern,2021-03-19,8989,242386,4987,106060,3344,128438,658,7888,4713,82949,4258,83419,5365,166368,California
Kern,2021-03-20,6184,248570,3829,109889,2181,130619,174,8062,3927,84807,2244,85663,4102,170470,California
Kern,2021-03-21,3055,251625,1936,111825,237,130856,882,8944,1848,86337,1199,86862,2729,173199,California
Kern,2021-03-22,3984,255609,1564,113389,2066,132922,354,9298,1933,86590,2034,88896,2287,175486,California
Kern,2021-03-23,4740,260349,1674,115063,2867,135789,199,9497,2485,87045,2226,91122,2681,178167,California
Kern,2021-03-24,7185,267534,3676,118739,3032,138821,477,9974,3651,87654,3516,94638,4125,182292,California
Kern,2021-03-25,6786,274320,3009,121748,3446,142267,331,10305,3220,87654,3548,98186,3548,185840,California
Kern,2021-03-26,9864,284184,4409,126157,4199,146466,1256,11561,4717,88499,5127,103313,5972,191812,California
Kern,2021-03-27,5703,289887,3989,130146,1586,148052,128,11689,3443,89812,2257,105570,3570,195382,California
Kern,2021-03-28,4693,294580,4203,134349,476,148528,14,11703,2956,91048,1734,107304,2970,198352,California
Kern,2021-03-29,4259,298839,1681,136030,2301,150829,277,11980,2611,92298,1635,108939,2885,201237,California
Kern,2021-03-30,5596,304435,1871,137901,3339,154168,386,12366,3063,93216,2528,111467,3446,204683,California
Kern,2021-03-31,8416,312851,4543,142444,3225,157393,648,13014,4308,94080,4091,115558,4955,209638,California
Kern,2021-04-01,7899,320750,3875,146319,3723,161116,301,13315,4220,94947,3650,119208,4517,214155,California
Kern,2021-04-02,8456,329206,4468,150787,3380,164496,608,13923,4223,95553,4216,123424,4822,218977,California
Kern,2021-04-03,6003,335209,3675,154462,2147,166643,181,14104,2659,95055,3335,126759,2837,221814,California
Kern,2021-04-04,1339,336548,872,155334,382,167025,85,14189,474,94751,862,127621,558,222372,California
Kern,2021-04-05,5371,341919,2220,157554,2376,169401,775,14964,2898,95936,2459,130080,3644,226016,California
Kern,2021-04-06,7118,349037,2467,160021,3276,172677,1375,16339,3562,97337,3533,133613,4934,230950,California
Kern,2021-04-07,9375,358412,5469,165490,2944,175621,962,17301,4567,98073,4791,138404,5527,236477,California
Kern,2021-04-08,8659,367071,4796,170286,2951,178572,912,18213,3727,97793,4908,143312,4628,241105,California
Kern,2021-04-09,10277,377348,5142,175428,4142,182714,993,19206,4354,97240,5897,149209,5344,246449,California
Kern,2021-04-10,6600,383948,3468,178896,1884,184598,1248,20454,2141,96174,4449,153658,3383,249832,California
Kern,2021-04-11,3929,387877,2919,181815,367,184965,643,21097,1273,95442,2641,156299,1909,251741,California
Kern,2021-04-12,4416,392293,992,182807,2449,187414,975,22072,1584,95190,2809,159108,2557,254298,California
Kern,2021-04-13,4301,396594,1413,184220,2862,190276,26,22098,2118,95166,2168,161276,2144,256442,California
Kern,2021-04-14,6100,402694,3007,187227,3071,193347,22,22120,3011,95128,3070,164346,3032,259474,California
Kern,2021-04-15,5313,408007,2494,189721,2816,196163,3,22123,2537,94909,2759,167105,2540,262014,California
Kern,2021-04-16,7306,415313,3465,193186,3840,200003,1,22124,2997,93630,4281,171386,3002,265016,California
Kern,2021-04-17,5985,421298,3928,197114,2057,202060,0,22124,2145,91962,3825,175211,2157,267173,California
Kern,2021-04-18,3829,425127,3586,200700,243,202303,0,22124,945,90039,2876,178087,953,268126,California
Kern,2021-04-19,3833,428960,1735,202435,2096,204399,2,22126,1426,89079,2386,180473,1426,269552,California
Kern,2021-04-20,4369,433329,1581,204016,2786,207185,2,22128,1656,88043,2696,183169,1660,271212,California
Kern,2021-04-21,5867,439196,3152,207168,2710,209895,5,22133,2140,86484,3703,186872,2144,273356,California
Kern,2021-04-22,4815,444011,2329,209497,2486,212381,0,22133,1716,85126,3075,189947,1717,275073,California
Kern,2021-04-23,6140,450151,3025,212522,3114,215495,1,22134,1915,82856,4186,194133,1916,276989,California
Kern,2021-04-24,4019,454170,2804,215326,1204,216699,11,22145,1448,81763,2552,196685,1459,278448,California
Kern,2021-04-25,1403,455573,1116,216442,287,216986,0,22145,826,82018,571,197256,826,279274,California
Kern,2021-04-26,3867,459440,1828,218270,1987,218973,52,22197,1066,80346,2792,200048,1120,280394,California
Kern,2021-04-27,4778,464218,2312,220582,2358,221331,108,22305,1461,78609,3304,203352,1567,281961,California
Kern,2021-04-28,6313,470531,3715,224297,2474,223805,124,22429,1801,76039,4492,207844,1922,283883,California
Kern,2021-04-29,5515,476046,3062,227359,2354,226159,99,22528,1625,73895,3869,211713,1725,285608,California
Kern,2021-04-30,5594,481640,3122,230481,2313,228472,159,22687,1612,71699,3966,215679,1770,287378,California
Kern,2021-05-01,2715,484355,1930,232411,726,229198,59,22746,1082,71218,1621,217300,1140,288518,California
Kern,2021-05-02,1890,486245,1602,234013,266,229464,22,22768,692,70741,1191,218491,714,289232,California
Kern,2021-05-03,2543,488788,1031,235044,1379,230843,133,22901,787,69922,1740,220231,921,290153,California
Kern,2021-05-04,3663,492451,1305,236349,2248,233091,110,23011,1289,68961,2358,222589,1397,291550,California
Kern,2021-05-05,4162,496613,2148,238497,1862,234953,152,23163,1378,67721,2768,225357,1528,293078,California
Kern,2021-05-06,3597,500210,1629,240126,1822,236775,146,23309,1136,66560,2439,227796,1278,294356,California
Kern,2021-05-07,4616,504826,2314,242440,2128,238903,174,23483,1300,64748,3285,231081,1473,295829,California
Kern,2021-05-08,2890,507716,1821,244261,954,239857,115,23598,891,63768,1984,233065,1004,296833,California
Kern,2021-05-09,1350,509066,1176,245437,145,240002,29,23627,452,63360,889,233954,481,297314,California
Kern,2021-05-10,2266,511332,884,246321,1279,241281,103,23730,672,62558,1575,235529,773,298087,California
Kern,2021-05-11,2641,513973,921,247242,1595,242876,125,23855,955,61965,1674,237203,1081,299168,California
Kern,2021-05-12,3631,517604,1464,248706,2014,244890,153,24008,1162,60824,2455,239658,1314,300482,California
Kern,2021-05-13,3491,521095,1823,250529,1514,246404,154,24162,1625,60745,1853,241511,1774,302256,California
Kern,2021-05-14,4292,525387,2533,253062,1535,247939,224,24386,1979,60654,2293,243804,2202,304458,California
Kern,2021-05-15,2917,528304,1892,254954,937,248876,88,24474,1546,60931,1356,245160,1633,306091,California
Kern,2021-05-16,1542,529846,1321,256275,182,249058,39,24513,880,61194,656,245816,919,307010,California
Kern,2021-05-17,2323,532169,1005,257280,1173,250231,145,24658,1184,61396,1126,246942,1328,308338,California
Kern,2021-05-18,3177,535346,1460,258740,1585,251816,132,24790,1625,61616,1535,248477,1755,310093,California
Kern,2021-05-19,3824,539170,2387,261127,1310,253126,127,24917,1841,61611,1970,250447,1965,312058,California
Kern,2021-05-20,3095,542265,1680,262807,1273,254399,142,25059,1424,61525,1650,252097,1564,313622,California
Kern,2021-05-21,3628,545893,2197,265004,1296,255695,135,25194,1855,61766,1749,253846,1990,315612,California
Kern,2021-05-22,2946,548839,2294,267298,604,256299,48,25242,1416,61709,1519,255365,1462,317074,California
Kern,2021-05-23,1260,550099,1066,268364,167,256466,27,25269,663,61808,590,255955,689,317763,California
Kern,2021-05-24,1847,551946,781,269145,953,257419,113,25382,868,61814,973,256928,979,318742,California
Kern,2021-05-25,2396,554342,1109,270254,1200,258619,87,25469,1123,61765,1259,258187,1210,319952,California
Kern,2021-05-26,2777,557119,1602,271856,1071,259690,104,25573,1196,61498,1565,259752,1298,321250,California
Kern,2021-05-27,2378,559497,1210,273066,1065,260755,103,25676,1243,61730,1113,260865,1345,322595,California
Kern,2021-05-28,2725,562222,1386,274452,1228,261983,111,25787,1266,61658,1447,262312,1375,323970,California
Kern,2021-05-29,1896,564118,1260,275712,590,262573,46,25833,930,61682,952,263264,976,324946,California
Kern,2021-05-30,859,564977,703,276415,137,262710,19,25852,435,61718,417,263681,453,325399,California
Kern,2021-05-31,132,565109,41,276456,80,262790,11,25863,46,61691,83,263764,56,325455,California
Kern,2021-06-01,2287,567396,950,277406,1267,264057,70,25933,1003,61495,1268,265032,1072,326527,California
Kern,2021-06-02,2239,569635,1293,278699,841,264898,105,26038,944,61260,1284,266316,1049,327576,California
Kern,2021-06-03,2368,572003,1331,280030,882,265780,155,26193,875,60807,1482,267798,1029,328605,California
Kern,2021-06-04,2863,574866,1909,281939,845,266625,109,26302,886,59840,1959,269757,992,329597,California
Kern,2021-06-05,2527,577393,2043,283982,451,267076,33,26335,809,58973,1709,271466,842,330439,California
Kern,2021-06-06,1211,578604,1106,285088,82,267158,23,26358,431,58651,776,272242,454,330893,California
Kern,2021-06-07,1792,580396,1117,286205,585,267743,90,26448,676,58312,1103,273345,764,331657,California
Kern,2021-06-08,2111,582507,1224,287429,817,268560,70,26518,672,57632,1421,274766,741,332398,California
Kern,2021-06-09,2602,585109,1827,289256,687,269247,88,26606,812,56755,1776,276542,899,333297,California
Kern,2021-06-10,2210,587319,1369,290625,746,269993,95,26701,779,56207,1421,277963,873,334170,California
Kern,2021-06-11,2811,590130,1892,292517,830,270823,89,26790,1044,55585,1755,279718,1133,335303,California
Kern,2021-06-12,1778,591908,1324,293841,407,271230,47,26837,532,54922,1242,280960,579,335882,California
Kern,2021-06-13,907,592815,790,294631,110,271340,7,26844,263,54552,641,281601,271,336153,California
Kern,2021-06-14,1789,594604,1088,295719,613,271953,88,26932,632,54123,1147,282748,718,336871,California
Kern,2021-06-15,2035,596639,1127,296846,837,272790,71,27003,777,53719,1251,283999,847,337718,California
Kern,2021-06-16,1911,598550,1231,298077,610,273400,70,27073,747,53386,1149,285148,816,338534,California
Kern,2021-06-17,995,599545,623,298700,298,273698,74,27147,521,53512,470,285618,596,339130,California
Kings,2020-12-16,1,1,1,1,0,0,0,0,1,1,0,0,1,1,California
Kings,2020-12-17,8,9,8,9,0,0,0,0,8,9,0,0,8,9,California
Kings,2020-12-18,12,21,12,21,0,0,0,0,12,21,0,0,12,21,California
Kings,2020-12-19,11,32,11,32,0,0,0,0,11,32,0,0,11,32,California
Kings,2020-12-20,13,45,13,45,0,0,0,0,13,45,0,0,13,45,California
Kings,2020-12-21,157,202,157,202,0,0,0,0,269,314,0,0,269,314,California
Kings,2020-12-22,142,344,142,344,0,0,0,0,139,453,0,0,139,453,California
Kings,2020-12-23,137,481,123,467,14,14,0,0,138,591,0,0,138,591,California
Kings,2020-12-24,11,492,9,476,2,16,0,0,11,602,0,0,11,602,California
Kings,2020-12-26,7,499,4,480,3,19,0,0,7,609,0,0,7,609,California
Kings,2020-12-27,4,503,4,484,0,19,0,0,4,613,0,0,4,613,California
Kings,2020-12-28,131,634,103,587,28,47,0,0,132,745,0,0,132,745,California
Kings,2020-12-29,83,717,55,642,28,75,0,0,84,829,0,0,84,829,California
Kings,2020-12-30,152,869,111,753,41,116,0,0,152,981,0,0,152,981,California
Kings,2020-12-31,46,915,5,758,41,157,0,0,46,1027,0,0,46,1027,California
Kings,2021-01-01,1,916,0,758,1,158,0,0,1,1028,0,0,1,1028,California
Kings,2021-01-02,11,927,10,768,1,159,0,0,11,1039,0,0,11,1039,California
Kings,2021-01-03,1,928,1,769,0,159,0,0,1,1040,0,0,1,1040,California
Kings,2021-01-04,111,1039,41,810,70,229,0,0,111,1151,0,0,111,1151,California
Kings,2021-01-05,195,1234,40,850,155,384,0,0,195,1346,0,0,195,1346,California
Kings,2021-01-06,276,1510,179,1029,97,481,0,0,273,1616,3,3,273,1619,California
Kings,2021-01-07,182,1692,84,1113,98,579,0,0,174,1782,8,11,174,1793,California
Kings,2021-01-08,249,1941,56,1169,193,772,0,0,229,1991,20,31,229,2022,California
Kings,2021-01-09,63,2004,9,1178,54,826,0,0,55,2038,8,39,55,2077,California
Kings,2021-01-10,15,2019,3,1181,12,838,0,0,12,2047,3,42,12,2089,California
Kings,2021-01-11,516,2535,352,1533,164,1002,0,0,276,2084,240,282,277,2366,California
Kings,2021-01-12,348,2883,252,1785,96,1098,0,0,215,2169,130,412,215,2581,California
Kings,2021-01-13,416,3299,270,2055,146,1244,0,0,326,2405,90,502,326,2907,California
Kings,2021-01-14,211,3510,32,2087,179,1423,0,0,201,2586,21,523,202,3109,California
Kings,2021-01-15,419,3929,31,2118,388,1811,0,0,407,2981,12,535,407,3516,California
Kings,2021-01-16,28,3957,9,2127,19,1830,0,0,27,3007,1,536,27,3543,California
Kings,2021-01-17,10,3967,7,2134,3,1833,0,0,8,3013,2,538,8,3551,California
Kings,2021-01-18,174,4141,41,2175,133,1966,0,0,148,3135,26,564,148,3699,California
Kings,2021-01-19,384,4525,162,2337,222,2188,0,0,254,3259,130,694,254,3953,California
Kings,2021-01-20,238,4763,147,2484,91,2279,0,0,127,3280,106,800,127,4080,California
Kings,2021-01-21,212,4975,56,2540,156,2435,0,0,196,3458,18,818,196,4276,California
Kings,2021-01-22,108,5083,19,2559,89,2524,0,0,107,3560,5,823,107,4383,California
Kings,2021-01-23,27,5110,14,2573,13,2537,0,0,20,3573,7,830,20,4403,California
Kings,2021-01-24,4,5114,4,2577,0,2537,0,0,2,3573,2,832,2,4405,California
Kings,2021-01-25,133,5247,27,2604,106,2643,0,0,98,3636,35,867,98,4503,California
Kings,2021-01-26,155,5402,34,2638,121,2764,0,0,114,3709,41,908,114,4617,California
Kings,2021-01-27,331,5733,36,2674,295,3059,0,0,255,3889,75,983,255,4872,California
Kings,2021-01-28,336,6069,46,2720,290,3349,0,0,279,4111,57,1040,279,5151,California
Kings,2021-01-29,110,6179,26,2746,84,3433,0,0,93,4187,17,1057,93,5244,California
Kings,2021-01-30,1562,7741,22,2768,1540,4973,0,0,1559,5745,3,1060,1561,6805,California
Kings,2021-02-01,221,7962,65,2833,156,5129,0,0,92,5710,127,1187,92,6897,California
Kings,2021-02-02,246,8208,16,2849,230,5359,0,0,95,5655,150,1337,95,6992,California
Kings,2021-02-03,403,8611,193,3042,210,5569,0,0,246,5745,156,1493,246,7238,California
Kings,2021-02-04,424,9035,98,3140,326,5895,0,0,228,5778,195,1688,228,7466,California
Kings,2021-02-05,337,9372,55,3195,282,6177,0,0,176,5796,158,1846,176,7642,California
Kings,2021-02-06,61,9433,10,3205,51,6228,0,0,28,5791,33,1879,28,7670,California
Kings,2021-02-07,5,9438,3,3208,2,6230,0,0,3,5792,2,1881,3,7673,California
Kings,2021-02-08,173,9611,29,3237,144,6374,0,0,66,5751,107,1988,66,7739,California
Kings,2021-02-09,256,9867,58,3295,198,6572,0,0,112,5721,142,2130,112,7851,California
Kings,2021-02-10,377,10244,112,3407,265,6837,0,0,260,5864,117,2247,260,8111,California
Kings,2021-02-11,483,10727,66,3473,417,7254,0,0,364,6110,118,2365,364,8475,California
Kings,2021-02-12,633,11360,38,3511,595,7849,0,0,354,6186,278,2643,354,8829,California
Kings,2021-02-13,234,11594,7,3518,227,8076,0,0,207,6366,27,2670,207,9036,California
Kings,2021-02-14,103,11697,4,3522,99,8175,0,0,95,6453,8,2678,95,9131,California
Kings,2021-02-15,252,11949,5,3527,247,8422,0,0,138,6478,113,2791,138,9269,California
Kings,2021-02-16,590,12539,35,3562,555,8977,0,0,352,6594,237,3028,353,9622,California
Kings,2021-02-17,440,12979,26,3588,414,9391,0,0,302,6760,138,3166,304,9926,California
Kings,2021-02-18,243,13222,22,3610,221,9612,0,0,185,6887,58,3224,185,10111,California
Kings,2021-02-19,175,13397,25,3635,150,9762,0,0,119,6953,53,3277,119,10230,California
Kings,2021-02-20,166,13563,32,3667,134,9896,0,0,137,7061,29,3306,137,10367,California
Kings,2021-02-21,3,13566,2,3669,1,9897,0,0,3,7064,0,3306,3,10370,California
Kings,2021-02-22,116,13682,18,3687,98,9995,0,0,48,7044,68,3374,48,10418,California
Kings,2021-02-23,430,14112,71,3758,359,10354,0,0,314,7242,116,3490,314,10732,California
Kings,2021-02-24,738,14850,155,3913,583,10937,0,0,522,7548,216,3706,522,11254,California
Kings,2021-02-25,813,15663,135,4048,678,11615,0,0,592,7921,219,3925,592,11846,California
Kings,2021-02-26,840,16503,138,4186,702,12317,0,0,767,8615,73,3998,767,12613,California
Kings,2021-02-27,1530,18033,66,4252,1464,13781,0,0,586,8258,943,4941,586,13199,California
Kings,2021-02-28,1177,19210,601,4853,576,14357,0,0,678,8440,496,5437,678,13877,California
Kings,2021-03-01,288,19498,89,4942,199,14556,0,0,222,8596,66,5503,222,14099,California
Kings,2021-03-02,593,20091,259,5201,334,14890,0,0,521,9045,72,5575,521,14620,California
Kings,2021-03-03,752,20843,328,5529,424,15314,0,0,528,9352,222,5797,529,15149,California
Kings,2021-03-04,828,21671,360,5889,468,15782,0,0,700,9925,128,5925,701,15850,California
Kings,2021-03-05,1178,22849,368,6257,801,16583,9,9,1034,10828,144,6069,1047,16897,California
Kings,2021-03-06,520,23369,189,6446,318,16901,13,22,490,11301,30,6099,503,17400,California
Kings,2021-03-07,362,23731,221,6667,137,17038,4,26,354,11651,8,6107,358,17758,California
Kings,2021-03-08,376,24107,98,6765,225,17263,53,79,265,11858,111,6218,318,18076,California
Kings,2021-03-09,683,24790,385,7150,244,17507,54,133,573,12377,109,6327,628,18704,California
Kings,2021-03-10,634,25424,160,7310,380,17887,94,227,441,12719,192,6519,534,19238,California
Kings,2021-03-11,1135,26559,378,7688,646,18533,111,338,699,13096,434,6953,811,20049,California
Kings,2021-03-12,1512,28071,459,8147,961,19494,92,430,1000,13680,510,7463,1094,21143,California
Kings,2021-03-13,671,28742,325,8472,305,19799,41,471,546,14144,125,7588,589,21732,California
Kings,2021-03-14,679,29421,105,8577,185,19984,389,860,205,14264,474,8062,594,22326,California
Kings,2021-03-15,708,30129,266,8843,325,20309,117,977,469,14614,238,8300,588,22914,California
Kings,2021-03-16,1166,31295,475,9318,630,20939,61,1038,751,15012,415,8715,813,23727,California
Kings,2021-03-17,1115,32410,425,9743,628,21567,62,1100,787,15541,328,9043,857,24584,California
Kings,2021-03-18,1137,33547,478,10221,436,22003,223,1323,775,16180,361,9404,1000,25584,California
Kings,2021-03-19,975,34522,467,10688,420,22423,88,1411,737,16783,237,9641,840,26424,California
Kings,2021-03-20,646,35168,258,10946,357,22780,31,1442,467,17112,177,9818,506,26930,California
Kings,2021-03-21,1422,36590,1090,12036,319,23099,13,1455,860,17423,562,10380,873,27803,California
Kings,2021-03-22,451,37041,201,12237,163,23262,87,1542,273,17610,177,10557,364,28167,California
Kings,2021-03-23,989,38030,511,12748,415,23677,63,1605,557,17805,430,10987,625,28792,California
Kings,2021-03-24,1102,39132,488,13236,590,24267,24,1629,510,17751,590,11577,536,29328,California
Kings,2021-03-25,1056,40188,476,13712,551,24818,29,1658,451,17627,603,12180,479,29807,California
Kings,2021-03-26,1313,41501,382,14094,846,25664,85,1743,522,17447,786,12966,606,30413,California
Kings,2021-03-27,654,42155,266,14360,376,26040,12,1755,161,17129,491,13457,173,30586,California
Kings,2021-03-28,678,42833,607,14967,64,26104,7,1762,410,17291,268,13725,430,31016,California
Kings,2021-03-29,474,43307,216,15183,197,26301,61,1823,263,17405,209,13934,323,31339,California
Kings,2021-03-30,881,44188,481,15664,359,26660,41,1864,436,17438,444,14378,477,31816,California
Kings,2021-03-31,780,44968,381,16045,327,26987,72,1936,418,17574,354,14732,490,32306,California
Kings,2021-04-01,859,45827,457,16502,313,27300,89,2025,359,17528,494,15226,448,32754,California
Kings,2021-04-02,1047,46874,456,16958,467,27767,124,2149,391,17392,650,15876,514,33268,California
Kings,2021-04-03,490,47364,343,17301,138,27905,9,2158,170,17258,314,16190,180,33448,California
Kings,2021-04-04,160,47524,86,17387,68,27973,6,2164,42,17189,117,16307,48,33496,California
Kings,2021-04-05,1068,48592,336,17723,482,28455,250,2414,242,16855,825,17132,491,33987,California
Kings,2021-04-06,1215,49807,463,18186,442,28897,310,2724,285,16522,927,18059,594,34581,California
Kings,2021-04-07,1378,51185,659,18845,531,29428,188,2912,359,16053,1016,19075,547,35128,California
Kings,2021-04-08,1631,52816,638,19483,741,30169,252,3164,377,15435,1247,20322,629,35757,California
Kings,2021-04-09,1168,53984,543,20026,442,30611,183,3347,235,14918,931,21253,414,36171,California
Kings,2021-04-10,600,54584,333,20359,163,30774,104,3451,177,14777,421,21674,280,36451,California
Kings,2021-04-11,356,54940,74,20433,275,31049,7,3458,197,14824,157,21831,204,36655,California
Kings,2021-04-12,705,55645,310,20743,192,31241,203,3661,195,14714,508,22339,398,37053,California
Kings,2021-04-13,920,56565,526,21269,394,31635,0,3661,293,14386,625,22964,297,37350,California
Kings,2021-04-14,1060,57625,582,21851,478,32113,0,3661,385,14097,675,23639,386,37736,California
Kings,2021-04-15,1066,58691,527,22378,538,32651,1,3662,457,13947,608,24247,458,38194,California
Kings,2021-04-16,792,59483,366,22744,426,33077,0,3662,264,13685,526,24773,264,38458,California
Kings,2021-04-17,472,59955,258,23002,214,33291,0,3662,195,13605,275,25048,195,38653,California
Kings,2021-04-18,572,60527,246,23248,326,33617,0,3662,43,13119,529,25577,43,38696,California
Kings,2021-04-19,541,61068,300,23548,241,33858,0,3662,292,13165,247,25824,293,38989,California
Kings,2021-04-20,751,61819,455,24003,296,34154,0,3662,240,12895,510,26334,240,39229,California
Kings,2021-04-21,646,62465,306,24309,340,34494,0,3662,221,12699,417,26751,221,39450,California
Kings,2021-04-22,559,63024,279,24588,280,34774,0,3662,205,12554,351,27102,206,39656,California
Kings,2021-04-23,676,63700,290,24878,386,35160,0,3662,329,12540,343,27445,329,39985,California
Kings,2021-04-24,248,63948,180,25058,67,35227,1,3663,120,12534,127,27572,121,40106,California
Kings,2021-04-25,200,64148,181,25239,19,35246,0,3663,164,12662,36,27608,164,40270,California
Kings,2021-04-26,315,64463,169,25408,143,35389,3,3666,198,12747,116,27724,201,40471,California
Kings,2021-04-27,426,64889,188,25596,219,35608,19,3685,180,12702,244,27968,199,40670,California
Kings,2021-04-28,518,65407,258,25854,240,35848,20,3705,271,12746,247,28215,291,40961,California
Kings,2021-04-29,292,65699,112,25966,167,36015,13,3718,134,12738,155,28370,147,41108,California
Kings,2021-04-30,368,66067,163,26129,188,36203,17,3735,153,12697,211,28581,170,41278,California
Kings,2021-05-01,229,66296,166,26295,53,36256,10,3745,73,12625,155,28736,83,41361,California
Kings,2021-05-02,168,66464,146,26441,22,36278,0,3745,126,12709,42,28778,126,41487,California
Kings,2021-05-03,475,66939,253,26694,209,36487,13,3758,122,12492,352,29130,135,41622,California
Kings,2021-05-04,519,67458,262,26956,237,36724,20,3778,159,12312,359,29489,179,41801,California
Kings,2021-05-05,551,68009,285,27241,246,36970,20,3798,135,12052,415,29904,155,41956,California
Kings,2021-05-06,550,68559,270,27511,257,37227,23,3821,124,11775,424,30328,147,42103,California
Kings,2021-05-07,365,68924,211,27722,138,37365,16,3837,147,11722,216,30544,163,42266,California
Kings,2021-05-08,232,69156,166,27888,54,37419,12,3849,73,11648,158,30702,84,42350,California
Kings,2021-05-09,191,69347,61,27949,130,37549,0,3849,40,11537,151,30853,40,42390,California
Kings,2021-05-10,341,69688,263,28212,67,37616,11,3860,114,11435,226,31079,124,42514,California
Kings,2021-05-11,385,70073,238,28450,117,37733,30,3890,119,11319,266,31345,150,42664,California
Kings,2021-05-12,399,70472,163,28613,222,37955,14,3904,170,11276,227,31572,184,42848,California
Kings,2021-05-13,393,70865,145,28758,240,38195,8,3912,154,11199,239,31811,162,43010,California
Kings,2021-05-14,462,71327,315,29073,116,38311,31,3943,240,11249,221,32032,271,43281,California
Kings,2021-05-15,354,71681,250,29323,84,38395,20,3963,196,11307,158,32190,216,43497,California
Kings,2021-05-16,248,71929,222,29545,25,38420,1,3964,76,11212,172,32362,77,43574,California
Kings,2021-05-17,404,72333,321,29866,66,38486,17,3981,215,11256,188,32550,232,43806,California
Kings,2021-05-18,396,72729,277,30143,106,38592,13,3994,225,11324,171,32721,239,44045,California
Kings,2021-05-19,579,73308,283,30426,271,38863,25,4019,230,11232,347,33068,255,44300,California
Kings,2021-05-20,448,73756,235,30661,186,39049,27,4046,266,11344,182,33250,294,44594,California
Kings,2021-05-21,517,74273,262,30923,245,39294,10,4056,264,11369,249,33499,274,44868,California
Kings,2021-05-22,304,74577,245,31168,47,39341,12,4068,216,11511,86,33585,228,45096,California
Kings,2021-05-23,231,74808,223,31391,8,39349,0,4068,108,11496,123,33708,108,45204,California
Kings,2021-05-24,250,75058,167,31558,70,39419,13,4081,121,11501,129,33837,134,45338,California
Kings,2021-05-25,406,75464,267,31825,106,39525,33,4114,239,11608,165,34002,272,45610,California
Kings,2021-05-26,306,75770,126,31951,163,39688,17,4131,130,11580,175,34177,147,45757,California
Kings,2021-05-27,328,76098,178,32129,132,39820,18,4149,179,11631,146,34323,197,45954,California
Kings,2021-05-28,287,76385,140,32269,130,39950,17,4166,139,11642,145,34468,156,46110,California
Kings,2021-05-29,173,76558,99,32368,63,40013,11,4177,91,11663,81,34549,102,46212,California
Kings,2021-05-30,130,76688,113,32481,15,40028,2,4179,71,11677,59,34608,73,46285,California
Kings,2021-05-31,42,76730,23,32504,16,40044,3,4182,15,11668,27,34635,18,46303,California
Kings,2021-06-01,316,77046,187,32691,113,40157,16,4198,121,11613,191,34826,136,46439,California
Kings,2021-06-02,272,77318,125,32816,140,40297,7,4205,85,11520,185,35011,92,46531,California
Kings,2021-06-03,228,77546,126,32942,91,40388,11,4216,85,11481,135,35146,96,46627,California
Kings,2021-06-04,427,77973,282,33224,132,40520,13,4229,157,11386,265,35411,170,46797,California
Kings,2021-06-05,254,78227,221,33445,26,40546,7,4236,63,11278,178,35589,70,46867,California
Kings,2021-06-06,161,78388,153,33598,3,40549,5,4241,80,11286,77,35666,85,46952,California
Kings,2021-06-07,291,78679,220,33818,58,40607,13,4254,95,11198,196,35862,108,47060,California
Kings,2021-06-08,312,78991,240,34058,52,40659,20,4274,85,11077,226,36088,105,47165,California
Kings,2021-06-09,394,79385,265,34323,120,40779,9,4283,114,10923,277,36365,123,47288,California
Kings,2021-06-10,342,79727,223,34546,106,40885,13,4296,85,10764,257,36622,98,47386,California
Kings,2021-06-11,370,80097,281,34827,86,40971,3,4299,142,10686,223,36845,145,47531,California
Kings,2021-06-12,267,80364,219,35046,44,41015,4,4303,69,10577,182,37027,73,47604,California
Kings,2021-06-13,127,80491,118,35164,8,41023,1,4304,35,10522,91,37118,36,47640,California
Kings,2021-06-14,238,80729,173,35337,45,41068,20,4324,99,10502,139,37257,119,47759,California
Kings,2021-06-15,255,80984,181,35518,62,41130,12,4336,90,10440,164,37421,102,47861,California
Kings,2021-06-16,246,81230,125,35643,114,41244,7,4343,86,10380,153,37574,93,47954,California
Kings,2021-06-17,85,81315,20,35663,55,41299,10,4353,24,10353,61,37635,34,47988,California
Lake,2020-12-17,4,4,4,4,0,0,0,0,4,4,0,0,4,4,California
Lake,2020-12-18,49,53,49,53,0,0,0,0,49,53,0,0,49,53,California
Lake,2020-12-19,3,56,3,56,0,0,0,0,3,56,0,0,3,56,California
Lake,2020-12-20,6,62,6,62,0,0,0,0,6,62,0,0,6,62,California
Lake,2020-12-21,87,149,87,149,0,0,0,0,87,149,0,0,87,149,California
Lake,2020-12-22,63,212,60,209,3,3,0,0,63,212,0,0,63,212,California
Lake,2020-12-23,125,337,116,325,9,12,0,0,125,337,0,0,125,337,California
Lake,2020-12-24,2,339,0,325,2,14,0,0,2,339,0,0,2,339,California
Lake,2020-12-26,2,341,2,327,0,14,0,0,2,341,0,0,2,341,California
Lake,2020-12-27,2,343,2,329,0,14,0,0,2,343,0,0,2,343,California
Lake,2020-12-28,53,396,44,373,9,23,0,0,53,396,0,0,53,396,California
Lake,2020-12-29,53,449,48,421,5,28,0,0,53,449,0,0,53,449,California
Lake,2020-12-30,132,581,125,546,7,35,0,0,132,581,0,0,132,581,California
Lake,2020-12-31,67,648,64,610,3,38,0,0,67,648,0,0,67,648,California
Lake,2021-01-01,1,649,0,610,1,39,0,0,1,649,0,0,1,649,California
Lake,2021-01-02,2,651,1,611,1,40,0,0,2,651,0,0,2,651,California
Lake,2021-01-04,90,741,21,632,69,109,0,0,90,741,0,0,90,741,California
Lake,2021-01-05,120,861,59,691,61,170,0,0,118,857,2,2,118,859,California
Lake,2021-01-06,103,964,64,755,39,209,0,0,101,956,2,4,101,960,California
Lake,2021-01-07,109,1073,85,840,24,233,0,0,100,1047,9,13,100,1060,California
Lake,2021-01-08,163,1236,134,974,29,262,0,0,112,1108,51,64,112,1172,California
Lake,2021-01-09,63,1299,61,1035,2,264,0,0,59,1163,4,68,59,1231,California
Lake,2021-01-10,3,1302,3,1038,0,264,0,0,0,1160,3,71,0,1231,California
Lake,2021-01-11,187,1489,148,1186,39,303,0,0,109,1191,78,149,109,1340,California
Lake,2021-01-12,82,1571,49,1235,33,336,0,0,58,1225,24,173,58,1398,California
Lake,2021-01-13,172,1743,116,1351,56,392,0,0,111,1275,61,234,111,1509,California
Lake,2021-01-14,147,1890,48,1399,99,491,0,0,125,1378,22,256,125,1634,California
Lake,2021-01-15,218,2108,95,1494,123,614,0,0,189,1538,29,285,189,1823,California
Lake,2021-01-16,132,2240,82,1576,50,664,0,0,130,1666,2,287,130,1953,California
Lake,2021-01-17,14,2254,6,1582,8,672,0,0,8,1668,6,293,8,1961,California
Lake,2021-01-18,245,2499,229,1811,16,688,0,0,122,1667,123,416,122,2083,California
Lake,2021-01-19,319,2818,123,1934,196,884,0,0,270,1889,49,465,271,2354,California
Lake,2021-01-20,425,3243,82,2016,343,1227,0,0,360,2185,64,529,360,2714,California
Lake,2021-01-21,437,3680,46,2062,391,1618,0,0,401,2550,36,565,401,3115,California
Lake,2021-01-22,321,4001,48,2110,273,1891,0,0,285,2799,36,601,285,3400,California
Lake,2021-01-23,122,4123,6,2116,116,2007,0,0,121,2919,1,602,121,3521,California
Lake,2021-01-24,5,4128,2,2118,3,2010,0,0,5,2924,0,602,5,3526,California
Lake,2021-01-25,255,4383,92,2210,163,2173,0,0,173,3015,82,684,173,3699,California
Lake,2021-01-26,429,4812,32,2242,397,2570,0,0,405,3396,24,708,405,4104,California
Lake,2021-01-27,363,5175,39,2281,324,2894,0,0,336,3706,27,735,337,4441,California
Lake,2021-01-28,493,5668,159,2440,334,3228,0,0,364,3941,129,864,364,4805,California
Lake,2021-01-29,661,6329,108,2548,553,3781,0,0,578,4436,83,947,578,5383,California
Lake,2021-01-30,554,6883,39,2587,515,4296,0,0,548,4978,6,953,548,5931,California
Lake,2021-01-31,12,6895,7,2594,5,4301,0,0,10,4986,2,955,10,5941,California
Lake,2021-02-01,175,7070,15,2609,160,4461,0,0,161,5133,14,969,161,6102,California
Lake,2021-02-02,561,7631,152,2761,409,4870,0,0,395,5362,166,1135,395,6497,California
Lake,2021-02-03,441,8072,32,2793,409,5279,0,0,336,5593,105,1240,336,6833,California
Lake,2021-02-04,121,8193,70,2863,51,5330,0,0,71,5614,50,1290,71,6904,California
Lake,2021-02-05,381,8574,71,2934,310,5640,0,0,288,5811,91,1381,288,7192,California
Lake,2021-02-06,274,8848,38,2972,236,5876,0,0,263,6063,11,1392,263,7455,California
Lake,2021-02-07,3,8851,2,2974,1,5877,0,0,3,6066,0,1392,3,7458,California
Lake,2021-02-08,276,9127,207,3181,69,5946,0,0,158,6106,118,1510,158,7616,California
Lake,2021-02-09,345,9472,23,3204,322,6268,0,0,301,6364,43,1553,301,7917,California
Lake,2021-02-10,351,9823,49,3253,302,6570,0,0,271,6555,80,1633,271,8188,California
Lake,2021-02-11,173,9996,17,3270,156,6726,0,0,57,6496,116,1749,57,8245,California
Lake,2021-02-12,370,10366,28,3298,342,7068,0,0,284,6695,85,1834,284,8529,California
Lake,2021-02-13,252,10618,9,3307,243,7311,0,0,243,6929,9,1843,243,8772,California
Lake,2021-02-14,15,10633,4,3311,11,7322,0,0,5,6924,10,1853,5,8777,California
Lake,2021-02-15,163,10796,7,3318,156,7478,0,0,8,6778,154,2007,8,8785,California
Lake,2021-02-16,423,11219,20,3338,403,7881,0,0,177,6709,246,2253,177,8962,California
Lake,2021-02-17,348,11567,53,3391,295,8176,0,0,70,6502,277,2530,70,9032,California
Lake,2021-02-18,458,12025,70,3461,388,8564,0,0,114,6272,344,2874,114,9146,California
Lake,2021-02-19,424,12449,24,3485,400,8964,0,0,90,6028,334,3208,90,9236,California
Lake,2021-02-20,289,12738,56,3541,233,9197,0,0,250,6240,38,3246,250,9486,California
Lake,2021-02-21,5,12743,5,3546,0,9197,0,0,0,6235,5,3251,0,9486,California
Lake,2021-02-22,133,12876,16,3562,117,9314,0,0,39,6180,94,3345,39,9525,California
Lake,2021-02-23,216,13092,17,3579,199,9513,0,0,29,6022,187,3532,29,9554,California
Lake,2021-02-24,1011,14103,431,4010,580,10093,0,0,470,5952,540,4072,470,10024,California
Lake,2021-02-25,737,14840,474,4484,263,10356,0,0,477,6172,257,4329,477,10501,California
Lake,2021-02-26,994,15834,302,4786,692,11048,0,0,346,5872,646,4975,346,10847,California
Lake,2021-02-27,408,16242,97,4883,311,11359,0,0,328,6120,80,5055,328,11175,California
Lake,2021-02-28,15,16257,8,4891,7,11366,0,0,10,6125,5,5060,10,11185,California
Lake,2021-03-01,594,16851,54,4945,540,11906,0,0,444,6419,150,5210,444,11629,California
Lake,2021-03-02,743,17594,17,4962,726,12632,0,0,288,6253,454,5664,288,11917,California
Lake,2021-03-03,364,17958,193,5155,171,12803,0,0,146,6181,218,5882,146,12063,California
Lake,2021-03-04,576,18534,504,5659,72,12875,0,0,559,6723,17,5899,559,12622,California
Lake,2021-03-05,1052,19586,52,5711,1000,13875,0,0,187,6049,861,6760,187,12809,California
Lake,2021-03-06,34,19620,9,5720,24,13899,1,1,21,6058,13,6773,22,12831,California
Lake,2021-03-07,6,19626,4,5724,2,13901,0,1,4,6060,2,6775,4,12835,California
Lake,2021-03-08,339,19965,266,5990,64,13965,9,10,299,6328,40,6815,308,13143,California
Lake,2021-03-09,927,20892,40,6030,869,14834,18,28,403,6226,523,7338,421,13564,California
Lake,2021-03-10,198,21090,55,6085,130,14964,13,41,132,6306,66,7404,146,13710,California
Lake,2021-03-11,590,21680,47,6132,65,15029,478,519,50,6294,540,7944,528,14238,California
Lake,2021-03-12,853,22533,202,6334,625,15654,26,545,361,6190,491,8435,387,14625,California
Lake,2021-03-13,275,22808,20,6354,19,15673,236,781,14,6179,260,8695,249,14874,California
Lake,2021-03-14,11,22819,2,6356,9,15682,0,781,7,6182,4,8699,7,14881,California
Lake,2021-03-15,640,23459,9,6365,613,16295,18,799,480,6520,160,8859,498,15379,California
Lake,2021-03-16,1122,24581,840,7205,265,16560,17,816,398,6214,720,9579,414,15793,California
Lake,2021-03-17,243,24824,121,7326,100,16660,22,838,87,6167,156,9735,109,15902,California
Lake,2021-03-18,745,25569,373,7699,336,16996,36,874,367,6194,375,10110,402,16304,California
Lake,2021-03-19,583,26152,312,8011,250,17246,21,895,479,6591,103,10213,500,16804,California
Lake,2021-03-20,249,26401,8,8019,238,17484,3,898,31,6409,216,10429,34,16838,California
Lake,2021-03-21,14,26415,9,8028,4,17488,1,899,10,6416,4,10433,11,16849,California
Lake,2021-03-22,337,26752,257,8285,65,17553,15,914,249,6592,88,10521,264,17113,California
Lake,2021-03-23,434,27186,22,8307,399,17952,13,927,368,6908,65,10586,381,17494,California
Lake,2021-03-24,420,27606,58,8365,354,18306,8,935,327,7152,92,10678,336,17830,California
Lake,2021-03-25,667,28273,478,8843,184,18490,5,940,171,6831,496,11174,175,18005,California
Lake,2021-03-26,64,28337,31,8874,32,18522,1,941,29,6826,35,11209,30,18035,California
Lake,2021-03-27,307,28644,6,8880,298,18820,3,944,16,6556,289,11498,19,18054,California
Lake,2021-03-28,15,28659,7,8887,8,18828,0,944,8,6557,7,11505,8,18062,California
Lake,2021-03-29,988,29647,286,9173,700,19528,2,946,205,5983,781,12286,207,18269,California
Lake,2021-03-30,467,30114,318,9491,147,19675,2,948,370,6259,96,12382,372,18641,California
Lake,2021-03-31,620,30734,59,9550,561,20236,0,948,437,6522,174,12556,437,19078,California
Lake,2021-04-01,451,31185,237,9787,202,20438,12,960,188,6463,259,12815,200,19278,California
Lake,2021-04-02,220,31405,37,9824,155,20593,28,988,95,6461,125,12940,123,19401,California
Lake,2021-04-03,31,31436,4,9828,24,20617,3,991,11,6455,20,12960,14,19415,California
Lake,2021-04-04,19,31455,11,9839,7,20624,1,992,15,6467,4,12964,16,19431,California
Lake,2021-04-05,648,32103,71,9910,557,21181,20,1012,408,6657,237,13201,427,19858,California
Lake,2021-04-06,475,32578,17,9927,433,21614,25,1037,305,6818,169,13370,330,20188,California
Lake,2021-04-07,521,33099,55,9982,415,22029,51,1088,351,7052,168,13538,402,20590,California
Lake,2021-04-08,606,33705,492,10474,48,22077,66,1154,103,6721,500,14038,169,20759,California
Lake,2021-04-09,279,33984,39,10513,172,22249,68,1222,47,6606,229,14267,114,20873,California
Lake,2021-04-10,252,34236,13,10526,12,22261,227,1449,9,6599,243,14510,236,21109,California
Lake,2021-04-11,20,34256,15,10541,3,22264,2,1451,6,6593,14,14524,8,21117,California
Lake,2021-04-12,1085,35341,234,10775,818,23082,33,1484,246,6034,838,15362,279,21396,California
Lake,2021-04-13,180,35521,109,10884,71,23153,0,1484,52,5958,128,15490,52,21448,California
Lake,2021-04-14,613,36134,34,10918,579,23732,0,1484,553,6451,60,15550,553,22001,California
Lake,2021-04-15,641,36775,190,11108,451,24183,0,1484,330,6470,311,15861,330,22331,California
Lake,2021-04-16,265,37040,25,11133,240,24423,0,1484,71,6348,193,16054,71,22402,California
Lake,2021-04-17,40,37080,9,11142,31,24454,0,1484,29,6366,11,16065,29,22431,California
Lake,2021-04-18,7,37087,4,11146,3,24457,0,1484,0,6359,7,16072,0,22431,California
Lake,2021-04-19,300,37387,41,11187,259,24716,0,1484,251,6561,49,16121,251,22682,California
Lake,2021-04-20,699,38086,281,11468,418,25134,0,1484,92,6048,606,16727,93,22775,California
Lake,2021-04-21,533,38619,62,11530,471,25605,0,1484,197,5909,336,17063,197,22972,California
Lake,2021-04-22,461,39080,46,11576,415,26020,0,1484,316,6081,144,17207,316,23288,California
Lake,2021-04-23,116,39196,58,11634,58,26078,0,1484,69,6104,46,17253,69,23357,California
Lake,2021-04-24,53,39249,8,11642,45,26123,0,1484,39,6129,14,17267,39,23396,California
Lake,2021-04-25,36,39285,19,11661,17,26140,0,1484,24,6141,12,17279,24,23420,California
Lake,2021-04-26,291,39576,81,11742,209,26349,1,1485,87,6025,204,17483,88,23508,California
Lake,2021-04-27,247,39823,22,11764,207,26556,18,1503,85,5966,162,17645,103,23611,California
Lake,2021-04-28,512,40335,47,11811,450,27006,15,1518,92,5654,418,18063,106,23717,California
Lake,2021-04-29,208,40543,81,11892,111,27117,16,1534,110,5681,98,18161,125,23842,California
Lake,2021-04-30,286,40829,43,11935,212,27329,31,1565,147,5720,139,18300,178,24020,California
Lake,2021-05-01,50,40879,28,11963,20,27349,2,1567,35,5743,14,18314,37,24057,California
Lake,2021-05-02,17,40896,8,11971,8,27357,1,1568,9,5745,8,18322,10,24067,California
Lake,2021-05-03,414,41310,27,11998,352,27709,35,1603,63,5493,350,18672,98,24165,California
Lake,2021-05-04,404,41714,216,12214,139,27848,49,1652,124,5387,279,18951,173,24338,California
Lake,2021-05-05,627,42341,42,12256,573,28421,12,1664,84,4942,540,19491,95,24433,California
Lake,2021-05-06,141,42482,19,12275,93,28514,29,1693,72,4973,69,19560,100,24533,California
Lake,2021-05-07,162,42644,25,12300,117,28631,20,1713,104,5041,56,19616,124,24657,California
Lake,2021-05-08,41,42685,5,12305,36,28667,0,1713,36,5072,5,19621,36,24693,California
Lake,2021-05-09,17,42702,2,12307,10,28677,5,1718,10,5080,7,19628,15,24708,California
Lake,2021-05-10,248,42950,12,12319,208,28885,28,1746,59,4979,188,19816,87,24795,California
Lake,2021-05-11,194,43144,25,12344,152,29037,17,1763,116,5035,78,19894,134,24929,California
Lake,2021-05-12,541,43685,32,12376,489,29526,20,1783,56,4625,485,20379,75,25004,California
Lake,2021-05-13,315,44000,68,12444,233,29759,14,1797,74,4474,239,20618,88,25092,California
Lake,2021-05-14,266,44266,81,12525,166,29925,19,1816,161,4550,103,20721,179,25271,California
Lake,2021-05-15,43,44309,17,12542,23,29948,3,1819,27,4564,16,20737,30,25301,California
Lake,2021-05-16,31,44340,18,12560,12,29960,1,1820,17,4568,14,20751,18,25319,California
Lake,2021-05-17,315,44655,41,12601,259,30219,15,1835,84,4439,228,20979,99,25418,California
Lake,2021-05-18,301,44956,65,12666,217,30436,19,1854,174,4506,126,21105,193,25611,California
Lake,2021-05-19,313,45269,57,12723,241,30677,15,1869,88,4385,224,21329,103,25714,California
Lake,2021-05-20,236,45505,60,12783,165,30842,11,1880,93,4346,143,21472,104,25818,California
Lake,2021-05-21,272,45777,51,12834,198,31040,23,1903,113,4325,157,21629,136,25954,California
Lake,2021-05-22,97,45874,55,12889,39,31079,3,1906,48,4327,49,21678,51,26005,California
Lake,2021-05-23,57,45931,28,12917,28,31107,1,1907,29,4329,28,21706,30,26035,California
Lake,2021-05-24,156,46087,36,12953,106,31213,14,1921,71,4329,85,21791,85,26120,California
Lake,2021-05-25,205,46292,56,13009,137,31350,12,1933,74,4285,130,21921,86,26206,California
Lake,2021-05-26,149,46441,42,13051,96,31446,11,1944,54,4257,93,22014,65,26271,California
Lake,2021-05-27,174,46615,47,13098,113,31559,14,1958,60,4218,113,22127,74,26345,California
Lake,2021-05-28,224,46839,20,13118,165,31724,39,1997,50,4135,171,22298,88,26433,California
Lake,2021-05-29,37,46876,10,13128,21,31745,6,2003,14,4132,23,22321,20,26453,California
Lake,2021-05-30,22,46898,6,13134,14,31759,2,2005,12,4136,10,22331,14,26467,California
Lake,2021-05-31,63,46961,21,13155,40,31799,2,2007,53,4181,10,22341,55,26522,California
Lake,2021-06-01,197,47158,37,13192,151,31950,9,2016,68,4130,128,22469,77,26599,California
Lake,2021-06-02,132,47290,45,13237,75,32025,12,2028,54,4118,78,22547,66,26665,California
Lake,2021-06-03,183,47473,55,13292,109,32134,19,2047,79,4112,104,22651,98,26763,California
Lake,2021-06-04,180,47653,51,13343,114,32248,15,2062,45,4039,133,22784,60,26823,California
Lake,2021-06-05,93,47746,57,13400,28,32276,8,2070,55,4064,38,22822,63,26886,California
Lake,2021-06-06,67,47813,37,13437,30,32306,0,2070,23,4043,44,22866,23,26909,California
Lake,2021-06-07,87,47900,28,13465,51,32357,8,2078,29,4023,57,22923,37,26946,California
Lake,2021-06-08,181,48081,68,13533,101,32458,12,2090,68,3990,113,23036,80,27026,California
Lake,2021-06-09,171,48252,43,13576,124,32582,4,2094,36,3897,133,23169,40,27066,California
Lake,2021-06-10,124,48376,60,13636,52,32634,12,2106,50,3885,74,23243,62,27128,California
Lake,2021-06-11,200,48576,67,13703,110,32744,23,2129,48,3806,150,23393,71,27199,California
Lake,2021-06-12,66,48642,38,13741,22,32766,6,2135,34,3814,32,23425,40,27239,California
Lake,2021-06-13,28,48670,15,13756,13,32779,0,2135,13,3812,15,23440,13,27252,California
Lake,2021-06-14,178,48848,86,13842,79,32858,13,2148,49,3746,128,23568,62,27314,California
Lake,2021-06-15,238,49086,65,13907,156,33014,17,2165,78,3681,160,23728,95,27409,California
Lake,2021-06-16,150,49236,56,13963,80,33094,14,2179,53,3652,96,23824,67,27476,California
Lake,2021-06-17,90,49326,46,14009,40,33134,4,2183,45,3656,45,23869,49,27525,California
Lassen,2020-12-16,3,3,3,3,0,0,0,0,3,3,0,0,3,3,California
Lassen,2020-12-17,1,4,1,4,0,0,0,0,1,4,0,0,1,4,California
Lassen,2020-12-18,1,5,1,5,0,0,0,0,1,5,0,0,1,5,California
Lassen,2020-12-19,5,10,5,10,0,0,0,0,5,10,0,0,5,10,California
Lassen,2020-12-20,2,12,2,12,0,0,0,0,2,12,0,0,2,12,California
Lassen,2020-12-21,11,23,11,23,0,0,0,0,11,23,0,0,11,23,California
Lassen,2020-12-22,18,41,18,41,0,0,0,0,18,41,0,0,18,41,California
Lassen,2020-12-23,5,46,5,46,0,0,0,0,5,46,0,0,5,46,California
Lassen,2020-12-24,3,49,3,49,0,0,0,0,3,49,0,0,3,49,California
Lassen,2020-12-28,2,51,1,50,1,1,0,0,2,51,0,0,2,51,California
Lassen,2020-12-29,34,85,34,84,0,1,0,0,34,85,0,0,34,85,California
Lassen,2020-12-30,26,111,25,109,1,2,0,0,26,111,0,0,26,111,California
Lassen,2020-12-31,49,160,42,151,7,9,0,0,49,160,0,0,49,160,California
Lassen,2021-01-02,1,161,0,151,1,10,0,0,1,161,0,0,1,161,California
Lassen,2021-01-04,14,175,2,153,12,22,0,0,14,175,0,0,14,175,California
Lassen,2021-01-05,189,364,51,204,138,160,0,0,189,364,0,0,189,364,California
Lassen,2021-01-06,86,450,35,239,51,211,0,0,82,443,4,4,83,447,California
Lassen,2021-01-07,37,487,1,240,36,247,0,0,36,478,1,5,36,483,California
Lassen,2021-01-08,49,536,2,242,47,294,0,0,49,527,0,5,49,532,California
Lassen,2021-01-09,12,548,6,248,6,300,0,0,12,539,0,5,12,544,California
Lassen,2021-01-11,27,575,5,253,22,322,0,0,27,566,0,5,27,571,California
Lassen,2021-01-12,45,620,25,278,20,342,0,0,29,579,16,21,29,600,California
Lassen,2021-01-13,156,776,14,292,142,484,0,0,144,711,12,33,144,744,California
Lassen,2021-01-14,151,927,10,302,141,625,0,0,146,852,5,38,146,890,California
Lassen,2021-01-15,20,947,2,304,18,643,0,0,20,872,0,38,20,910,California
Lassen,2021-01-16,34,981,33,337,1,644,0,0,34,906,0,38,34,944,California
Lassen,2021-01-17,1,982,0,337,1,645,0,0,1,907,0,38,1,945,California
Lassen,2021-01-18,3,985,2,339,1,646,0,0,2,908,1,39,2,947,California
Lassen,2021-01-19,180,1165,32,371,148,794,0,0,153,1034,27,66,153,1100,California
Lassen,2021-01-20,151,1316,88,459,63,857,0,0,78,1054,58,124,78,1178,California
Lassen,2021-01-21,129,1445,86,545,43,900,0,0,105,1141,18,142,105,1283,California
Lassen,2021-01-22,27,1472,14,559,13,913,0,0,17,1148,10,152,17,1300,California
Lassen,2021-01-24,1,1473,0,559,1,914,0,0,1,1149,0,152,1,1301,California
Lassen,2021-01-25,10,1483,1,560,9,923,0,0,9,1157,1,153,9,1310,California
Lassen,2021-01-26,105,1588,1,561,104,1027,0,0,104,1260,1,154,104,1414,California
Lassen,2021-01-27,57,1645,14,575,43,1070,0,0,42,1287,15,169,42,1456,California
Lassen,2021-01-28,74,1719,7,582,67,1137,0,0,73,1359,1,170,73,1529,California
Lassen,2021-01-29,11,1730,2,584,9,1146,0,0,10,1368,1,171,10,1539,California
Lassen,2021-02-01,46,1776,2,586,44,1190,0,0,23,1368,23,194,23,1562,California
Lassen,2021-02-02,165,1941,6,592,159,1349,0,0,34,1271,131,325,34,1596,California
Lassen,2021-02-03,84,2025,14,606,70,1419,0,0,41,1269,43,368,41,1637,California
Lassen,2021-02-04,100,2125,7,613,93,1512,0,0,52,1273,48,416,52,1689,California
Lassen,2021-02-05,51,2176,5,618,46,1558,0,0,14,1250,37,453,14,1703,California
Lassen,2021-02-06,69,2245,34,652,35,1593,0,0,36,1254,32,485,36,1739,California
Lassen,2021-02-07,1,2246,1,653,0,1593,0,0,1,1255,0,485,1,1740,California
Lassen,2021-02-08,38,2284,3,656,35,1628,0,0,12,1241,26,511,12,1752,California
Lassen,2021-02-09,117,2401,3,659,114,1742,0,0,43,1210,74,585,43,1795,California
Lassen,2021-02-10,148,2549,12,671,136,1878,0,0,43,1148,105,690,43,1838,California
Lassen,2021-02-11,147,2696,6,677,141,2019,0,0,53,1108,93,783,53,1891,California
Lassen,2021-02-12,24,2720,4,681,20,2039,0,0,9,1102,15,798,9,1900,California
Lassen,2021-02-13,9,2729,1,682,8,2047,0,0,7,1107,2,800,7,1907,California
Lassen,2021-02-14,12,2741,0,682,12,2059,0,0,11,1117,1,801,11,1918,California
Lassen,2021-02-15,18,2759,2,684,16,2075,0,0,15,1130,2,803,15,1933,California
Lassen,2021-02-16,180,2939,3,687,177,2252,0,0,20,992,158,961,20,1953,California
Lassen,2021-02-17,136,3075,72,759,64,2316,0,0,5,866,131,1092,5,1958,California
Lassen,2021-02-18,58,3133,9,768,49,2365,0,0,13,834,45,1137,13,1971,California
Lassen,2021-02-19,65,3198,50,818,15,2380,0,0,11,791,54,1191,11,1982,California
Lassen,2021-02-20,7,3205,0,818,7,2387,0,0,6,796,1,1192,6,1988,California
Lassen,2021-02-21,20,3225,0,818,20,2407,0,0,17,810,3,1195,17,2005,California
Lassen,2021-02-22,20,3245,10,828,10,2417,0,0,5,800,15,1210,5,2010,California
Lassen,2021-02-23,143,3388,6,834,137,2554,0,0,43,743,100,1310,43,2053,California
Lassen,2021-02-24,129,3517,8,842,121,2675,0,0,85,785,43,1353,85,2138,California
Lassen,2021-02-25,138,3655,13,855,125,2800,0,0,88,823,50,1403,88,2226,California
Lassen,2021-02-26,61,3716,11,866,50,2850,0,0,33,828,28,1431,33,2259,California
Lassen,2021-02-27,7,3723,7,873,0,2850,0,0,3,827,4,1435,3,2262,California
Lassen,2021-02-28,4,3727,1,874,3,2853,0,0,1,825,3,1438,1,2263,California
Lassen,2021-03-01,25,3752,2,876,23,2876,0,0,5,811,19,1457,5,2268,California
Lassen,2021-03-02,97,3849,5,881,92,2968,0,0,77,869,19,1476,77,2345,California
Lassen,2021-03-03,129,3978,5,886,124,3092,0,0,83,906,46,1522,83,2428,California
Lassen,2021-03-04,142,4120,13,899,129,3221,0,0,93,951,48,1570,93,2521,California
Lassen,2021-03-05,39,4159,1,900,14,3235,24,24,6,948,33,1603,30,2551,California
Lassen,2021-03-06,53,4212,2,902,29,3264,22,46,5,927,48,1651,27,2578,California
Lassen,2021-03-07,55,4267,0,902,0,3264,55,101,0,927,55,1706,55,2633,California
Lassen,2021-03-08,84,4351,2,904,4,3268,78,179,1,923,83,1789,79,2712,California
Lassen,2021-03-09,128,4479,4,908,107,3375,17,196,82,976,46,1835,99,2811,California
Lassen,2021-03-10,119,4598,5,913,113,3488,1,197,72,1003,46,1881,73,2884,California
Lassen,2021-03-11,163,4761,9,922,148,3636,6,203,95,1039,65,1946,101,2985,California
Lassen,2021-03-12,17,4778,7,929,7,3643,3,206,5,1035,12,1958,8,2993,California
Lassen,2021-03-13,48,4826,0,929,2,3645,46,252,1,1034,47,2005,46,3039,California
Lassen,2021-03-14,11,4837,0,929,10,3655,1,253,1,1026,10,2015,2,3041,California
Lassen,2021-03-15,27,4864,2,931,25,3680,0,253,12,1023,15,2030,12,3053,California
Lassen,2021-03-16,86,4950,2,933,80,3760,4,257,72,1085,14,2044,76,3129,California
Lassen,2021-03-17,1083,6033,7,940,1072,4832,4,261,1067,2140,16,2060,1071,4200,California
Lassen,2021-03-18,82,6115,6,946,75,4907,1,262,74,2207,8,2068,75,4275,California
Lassen,2021-03-19,7,6122,3,949,2,4909,2,264,2,2206,5,2073,4,4279,California
Lassen,2021-03-20,15,6137,3,952,10,4919,2,266,9,2211,6,2079,11,4290,California
Lassen,2021-03-21,33,6170,0,952,33,4952,0,266,13,2205,19,2098,13,4303,California
Lassen,2021-03-22,38,6208,1,953,37,4989,0,266,35,2237,3,2101,35,4338,California
Lassen,2021-03-23,108,6316,5,958,103,5092,0,266,57,2243,51,2152,57,4395,California
Lassen,2021-03-24,168,6484,6,964,161,5253,1,267,86,2250,80,2232,87,4482,California
Lassen,2021-03-25,140,6624,13,977,127,5380,0,267,60,2230,80,2312,60,4542,California
Lassen,2021-03-26,67,6691,4,981,26,5406,37,304,13,2226,53,2365,49,4591,California
Lassen,2021-03-27,18,6709,2,983,1,5407,15,319,2,2227,16,2381,17,4608,California
Lassen,2021-03-28,11,6720,1,984,1,5408,9,328,1,2227,10,2391,10,4618,California
Lassen,2021-03-29,52,6772,0,984,27,5435,25,353,20,2241,31,2422,45,4663,California
Lassen,2021-03-30,162,6934,3,987,135,5570,24,377,49,2201,113,2535,73,4736,California
Lassen,2021-03-31,137,7071,8,995,108,5678,21,398,55,2196,81,2616,76,4812,California
Lassen,2021-04-01,148,7219,8,1003,122,5800,18,416,42,2151,105,2721,60,4872,California
Lassen,2021-04-02,25,7244,3,1006,2,5802,20,436,1,2148,24,2745,21,4893,California
Lassen,2021-04-03,12,7256,0,1006,2,5804,10,446,0,2146,12,2757,10,4903,California
Lassen,2021-04-04,5,7261,1,1007,0,5804,4,450,1,2147,4,2761,5,4908,California
Lassen,2021-04-05,15,7276,0,1007,9,5813,6,456,8,2154,7,2768,14,4922,California
Lassen,2021-04-06,164,7440,5,1012,130,5943,29,485,49,2117,115,2883,78,5000,California
Lassen,2021-04-07,118,7558,5,1017,85,6028,28,513,32,2093,86,2969,62,5062,California
Lassen,2021-04-08,153,7711,7,1024,97,6125,49,562,25,2044,123,3092,74,5136,California
Lassen,2021-04-09,41,7752,4,1028,6,6131,31,593,8,2050,32,3124,38,5174,California
Lassen,2021-04-10,8,7760,0,1028,2,6133,6,599,0,2049,7,3131,6,5180,California
Lassen,2021-04-11,5,7765,1,1029,1,6134,3,602,2,2051,3,3134,5,5185,California
Lassen,2021-04-12,29,7794,4,1033,12,6146,13,615,4,2043,25,3159,17,5202,California
Lassen,2021-04-13,115,7909,2,1035,113,6259,0,615,26,1981,88,3247,26,5228,California
Lassen,2021-04-14,980,8889,6,1041,974,7233,0,615,47,1096,932,4179,47,5275,California
Lassen,2021-04-15,131,9020,9,1050,122,7355,0,615,13,991,118,4297,13,5288,California
Lassen,2021-04-16,9,9029,2,1052,7,7362,0,615,5,992,4,4301,5,5293,California
Lassen,2021-04-17,9,9038,2,1054,7,7369,0,615,3,989,6,4307,3,5296,California
Lassen,2021-04-18,4,9042,1,1055,3,7372,0,615,1,987,3,4310,1,5297,California
Lassen,2021-04-19,28,9070,0,1055,28,7400,0,615,14,987,14,4324,14,5311,California
Lassen,2021-04-20,124,9194,5,1060,119,7519,0,615,44,951,80,4404,44,5355,California
Lassen,2021-04-21,131,9325,5,1065,125,7644,1,616,30,883,99,4503,31,5386,California
Lassen,2021-04-22,93,9418,12,1077,81,7725,0,616,25,840,68,4571,25,5411,California
Lassen,2021-04-23,21,9439,0,1077,21,7746,0,616,18,855,3,4574,18,5429,California
Lassen,2021-04-24,9,9448,5,1082,4,7750,0,616,3,852,6,4580,3,5432,California
Lassen,2021-04-25,5,9453,0,1082,4,7754,1,617,3,854,2,4582,4,5436,California
Lassen,2021-04-26,40,9493,1,1083,35,7789,4,621,8,834,32,4614,12,5448,California
Lassen,2021-04-27,102,9595,4,1087,95,7884,3,624,51,837,51,4665,54,5502,California
Lassen,2021-04-28,78,9673,6,1093,70,7954,2,626,27,815,51,4716,29,5531,California
Lassen,2021-04-29,59,9732,5,1098,51,8005,3,629,21,802,37,4753,24,5555,California
Lassen,2021-04-30,12,9744,7,1105,2,8007,3,632,3,799,9,4762,6,5561,California
Lassen,2021-05-01,4,9748,0,1105,3,8010,1,633,3,802,1,4763,4,5565,California
Lassen,2021-05-02,8,9756,4,1109,4,8014,0,633,5,804,3,4766,5,5570,California
Lassen,2021-05-03,15,9771,2,1111,8,8022,5,638,2,798,13,4779,7,5577,California
Lassen,2021-05-04,67,9838,2,1113,58,8080,7,645,19,776,48,4827,26,5603,California
Lassen,2021-05-05,78,9916,3,1116,64,8144,11,656,24,758,53,4880,35,5638,California
Lassen,2021-05-06,65,9981,17,1133,26,8170,22,678,17,749,48,4928,39,5677,California
Lassen,2021-05-07,48,10029,32,1165,11,8181,5,683,41,788,7,4935,46,5723,California
Lassen,2021-05-08,10,10039,0,1165,5,8186,5,688,4,791,6,4941,9,5732,California
Lassen,2021-05-09,1,10040,0,1165,0,8186,1,689,0,791,1,4942,1,5733,California
Lassen,2021-05-10,11,10051,1,1166,6,8192,4,693,4,792,7,4949,8,5741,California
Lassen,2021-05-11,55,10106,0,1166,47,8239,8,701,17,779,38,4987,25,5766,California
Lassen,2021-05-12,41,10147,3,1169,33,8272,5,706,14,771,27,5014,19,5785,California
Lassen,2021-05-13,24,10171,6,1175,13,8285,5,711,7,766,17,5031,12,5797,California
Lassen,2021-05-14,19,10190,2,1177,9,8294,8,719,10,775,9,5040,18,5815,California
Lassen,2021-05-15,16,10206,2,1179,4,8298,10,729,4,777,12,5052,14,5829,California
Lassen,2021-05-16,7,10213,2,1181,3,8301,2,731,2,777,4,5056,4,5833,California
Lassen,2021-05-17,34,10247,3,1184,19,8320,12,743,10,775,24,5080,22,5855,California
Lassen,2021-05-18,80,10327,5,1189,63,8383,12,755,23,753,57,5137,35,5890,California
Lassen,2021-05-19,50,10377,1,1190,41,8424,8,763,6,723,43,5180,13,5903,California
Lassen,2021-05-20,30,10407,6,1196,15,8439,9,772,10,722,20,5200,19,5922,California
Lassen,2021-05-21,63,10470,29,1225,20,8459,14,786,34,741,29,5229,48,5970,California
Lassen,2021-05-22,16,10486,1,1226,7,8466,8,794,6,745,10,5239,14,5984,California
Lassen,2021-05-23,4,10490,2,1228,1,8467,1,795,0,742,4,5243,1,5985,California
Lassen,2021-05-24,12,10502,1,1229,9,8476,2,797,6,745,5,5248,8,5993,California
Lassen,2021-05-25,85,10587,6,1235,70,8546,9,806,31,731,54,5302,40,6033,California
Lassen,2021-05-26,55,10642,0,1235,40,8586,15,821,11,713,44,5346,26,6059,California
Lassen,2021-05-27,42,10684,17,1252,19,8605,6,827,13,704,28,5374,19,6078,California
Lassen,2021-05-28,70,10754,44,1296,18,8623,8,835,29,700,41,5415,37,6115,California
Lassen,2021-05-29,15,10769,1,1297,12,8635,2,837,9,705,6,5421,11,6126,California
Lassen,2021-05-30,2,10771,0,1297,1,8636,1,838,1,706,1,5422,2,6128,California
Lassen,2021-05-31,7,10778,0,1297,6,8642,1,839,1,702,6,5428,2,6130,California
Lassen,2021-06-01,43,10821,1,1298,36,8678,6,845,16,697,27,5455,22,6152,California
Lassen,2021-06-02,48,10869,1,1299,33,8711,14,859,10,684,37,5492,24,6176,California
Lassen,2021-06-03,18,10887,1,1300,8,8719,9,868,5,685,13,5505,14,6190,California
Lassen,2021-06-04,36,10923,1,1301,23,8742,12,880,11,683,25,5530,23,6213,California
Lassen,2021-06-05,13,10936,3,1304,7,8749,3,883,4,681,9,5539,7,6220,California
Lassen,2021-06-06,4,10940,0,1304,1,8750,3,886,1,682,3,5542,4,6224,California
Lassen,2021-06-07,17,10957,0,1304,9,8759,8,894,3,679,14,5556,11,6235,California
Lassen,2021-06-08,34,10991,3,1307,27,8786,4,898,14,677,20,5576,18,6253,California
Lassen,2021-06-09,17,11008,1,1308,14,8800,2,900,7,677,9,5585,9,6262,California
Lassen,2021-06-10,16,11024,9,1317,5,8805,2,902,8,679,8,5593,10,6272,California
Lassen,2021-06-11,39,11063,26,1343,13,8818,0,902,11,663,28,5621,12,6284,California
Lassen,2021-06-12,5,11068,1,1344,4,8822,0,902,1,660,4,5625,1,6285,California
Lassen,2021-06-13,3,11071,2,1346,1,8823,0,902,1,659,2,5627,1,6286,California
Lassen,2021-06-14,8,11079,1,1347,6,8829,1,903,3,659,4,5631,4,6290,California
Lassen,2021-06-15,45,11124,5,1352,35,8864,5,908,13,645,32,5663,18,6308,California
Lassen,2021-06-16,12,11136,2,1354,6,8870,4,912,8,653,4,5667,12,6320,California
Lassen,2021-06-17,9,11145,6,1360,2,8872,1,913,5,655,4,5671,6,6326,California
Los Angeles,2020-12-15,397,397,397,397,0,0,0,0,397,397,0,0,397,397,California
Los Angeles,2020-12-16,3586,3983,3586,3983,0,0,0,0,3586,3983,0,0,3586,3983,California
Los Angeles,2020-12-17,10409,14392,10409,14392,0,0,0,0,10410,14393,0,0,10410,14393,California
Los Angeles,2020-12-18,14755,29147,14732,29124,23,23,0,0,14754,29147,0,0,14754,29147,California
Los Angeles,2020-12-19,7279,36426,7270,36394,9,32,0,0,7282,36429,0,0,7282,36429,California
Los Angeles,2020-12-20,4665,41091,4655,41049,10,42,0,0,4667,41096,0,0,4667,41096,California
Los Angeles,2020-12-21,13747,54838,13730,54779,17,59,0,0,13747,54842,1,1,13747,54843,California
Los Angeles,2020-12-22,11576,66414,11182,65961,394,453,0,0,11576,66416,2,3,11576,66419,California
Los Angeles,2020-12-23,11993,78407,10216,76177,1777,2230,0,0,11994,78410,0,3,11994,78413,California
Los Angeles,2020-12-24,7060,85467,4280,80457,2780,5010,0,0,7063,85473,0,3,7063,85476,California
Los Angeles,2020-12-25,530,85997,423,80880,107,5117,0,0,531,86004,0,3,531,86007,California
Los Angeles,2020-12-26,2540,88537,2195,83075,345,5462,0,0,2539,88541,2,5,2539,88546,California
Los Angeles,2020-12-27,1776,90313,1037,84112,739,6201,0,0,1776,90317,0,5,1776,90322,California
Los Angeles,2020-12-28,10377,100690,6424,90536,3953,10154,0,0,10374,100690,1,6,10374,100696,California
Los Angeles,2020-12-29,11668,112358,6114,96650,5554,15708,0,0,11668,112358,0,6,11668,112364,California
Los Angeles,2020-12-30,14950,127308,8129,104779,6821,22529,0,0,14949,127307,0,6,14949,127313,California
Los Angeles,2020-12-31,8001,135309,2781,107560,5220,27749,0,0,7997,135301,3,9,7997,135310,California
Los Angeles,2021-01-01,1084,136393,317,107877,767,28516,0,0,1082,136381,2,11,1082,136392,California
Los Angeles,2021-01-02,4501,140894,1683,109560,2818,31334,0,0,4501,140882,0,11,4501,140893,California
Los Angeles,2021-01-03,969,141863,228,109788,741,32075,0,0,967,141847,2,13,967,141860,California
Los Angeles,2021-01-04,12782,154645,4901,114689,7881,39956,0,0,12767,154612,2,15,12767,154627,California
Los Angeles,2021-01-05,16141,170786,7131,121820,9010,48966,0,0,14216,166939,1896,1911,14223,168850,California
Los Angeles,2021-01-06,22810,193596,12140,133960,10670,59636,0,0,17135,178478,5606,7517,17145,185995,California
Los Angeles,2021-01-07,29531,223127,15858,149818,13673,73309,0,0,18942,186894,10542,18059,18958,204953,California
Los Angeles,2021-01-08,33288,256415,17988,167806,15300,88609,0,0,20982,195607,12279,30338,20992,225945,California
Los Angeles,2021-01-09,12460,268875,7117,174923,5343,93952,0,0,7562,198283,4895,35233,7571,233516,California
Los Angeles,2021-01-10,4710,273585,3653,178576,1057,95009,0,0,1969,197513,2741,37974,1971,235487,California
Los Angeles,2021-01-11,25935,299520,16316,194892,9619,104628,0,0,14951,201503,10972,48946,14962,250449,California
Los Angeles,2021-01-12,29465,328985,16249,211141,13216,117844,0,0,19301,210669,10148,59094,19314,269763,California
Los Angeles,2021-01-13,29434,358419,15691,226832,13743,131587,0,0,20435,222131,8980,68074,20442,290205,California
Los Angeles,2021-01-14,29409,387828,12761,239593,16648,148235,0,0,23844,240446,5542,73616,23857,314062,California
Los Angeles,2021-01-15,34024,421852,12417,252010,21607,169842,0,0,30425,267306,3574,77190,30434,344496,California
Los Angeles,2021-01-16,17705,439557,5005,257015,12700,182542,0,0,15906,281429,1790,78980,15913,360409,California
Los Angeles,2021-01-17,5241,444798,2342,259357,2899,185441,0,0,4987,286166,252,79232,4989,365398,California
Los Angeles,2021-01-18,15744,460542,10150,269507,5594,191035,0,0,10992,292421,4741,83973,10996,376394,California
Los Angeles,2021-01-19,38787,499329,20667,290174,18120,209155,0,0,30940,315571,7805,91778,30955,407349,California
Los Angeles,2021-01-20,46683,546012,24298,314472,22385,231540,0,0,39143,347223,7506,99284,39158,446507,California
Los Angeles,2021-01-21,49196,595208,22561,337033,26635,258175,0,0,44857,387829,4270,103554,44876,491383,California
Los Angeles,2021-01-22,48627,643835,22508,359541,26119,284294,0,0,45148,429568,3431,106985,45170,536553,California
Los Angeles,2021-01-23,34344,678179,15838,375379,18506,302800,0,0,32255,459781,2058,109043,32271,568824,California
Los Angeles,2021-01-24,15774,693953,12242,387621,3532,306332,0,0,15219,474457,546,109589,15222,584046,California
Los Angeles,2021-01-25,39718,733671,16788,404409,22930,329262,0,0,31025,496838,8660,118249,31041,615087,California
Los Angeles,2021-01-26,50124,783795,24930,429339,25194,354456,0,0,41842,530457,8244,126493,41863,656950,California
Los Angeles,2021-01-27,51565,835360,26254,455593,25311,379767,0,0,42095,563251,9327,135820,42121,699071,California
Los Angeles,2021-01-28,49584,884944,23843,479436,25741,405508,0,0,41072,595951,8389,144209,41089,740160,California
Los Angeles,2021-01-29,50198,935142,25979,505415,24219,429727,0,0,40039,626205,9803,154012,40057,780217,California
Los Angeles,2021-01-30,30729,965871,15941,521356,14788,444515,0,0,26396,648356,4250,158262,26401,806618,California
Los Angeles,2021-01-31,13417,979288,10685,532041,2732,447247,0,0,12523,660005,878,159140,12527,819145,California
Los Angeles,2021-02-01,38970,1018258,16734,548775,22236,469483,0,0,28366,677819,10563,169703,28377,847522,California
Los Angeles,2021-02-02,45041,1063299,18224,566999,26817,496300,0,0,32806,698440,12191,181894,32812,880334,California
Los Angeles,2021-02-03,52556,1115855,19797,586796,32759,529059,0,0,37604,721346,14705,196599,37611,917945,California
Los Angeles,2021-02-04,57514,1173369,20929,607725,36585,565644,0,0,39388,742933,17815,214414,39402,957347,California
Los Angeles,2021-02-05,61921,1235290,21375,629100,40546,606190,0,0,39791,761054,21682,236096,39803,997150,California
Los Angeles,2021-02-06,36034,1271324,13731,642831,22303,628493,0,0,27527,780176,8427,244523,27549,1024699,California
Los Angeles,2021-02-07,11212,1282536,8764,651595,2448,630941,0,0,8813,786614,2382,246905,8820,1033519,California
Los Angeles,2021-02-08,47737,1330273,22363,673958,25374,656315,0,0,31412,801845,16183,263088,31414,1064933,California
Los Angeles,2021-02-09,56217,1386490,24933,698891,31284,687599,0,0,28647,803016,27484,290572,28655,1093588,California
Los Angeles,2021-02-10,67275,1453765,29555,728446,37720,725319,0,0,30855,797850,36034,326606,30868,1124456,California
Los Angeles,2021-02-11,58644,1512409,31397,759843,27247,752566,0,0,28357,796383,29830,356436,28363,1152819,California
Los Angeles,2021-02-12,60084,1572493,30004,789847,30080,782646,0,0,26242,789178,33466,389902,26261,1179080,California
Los Angeles,2021-02-13,33911,1606404,19800,809647,14111,796757,0,0,15416,786232,18403,408305,15457,1194537,California
Los Angeles,2021-02-14,21874,1628278,14924,824571,6950,803707,0,0,8794,782013,13016,421321,8797,1203334,California
Los Angeles,2021-02-15,33143,1661421,16148,840719,16995,820702,0,0,18105,785156,14969,436290,18112,1221446,California
Los Angeles,2021-02-16,64757,1726178,33059,873778,31698,852400,0,0,29939,780394,34714,471004,29952,1251398,California
Los Angeles,2021-02-17,65453,1791631,35017,908795,30436,882836,0,0,26527,768204,38723,509727,26533,1277931,California
Los Angeles,2021-02-18,69192,1860823,35350,944145,33842,916678,0,0,28703,756620,40297,550024,28713,1306644,California
Los Angeles,2021-02-19,58980,1919803,36505,980650,22475,939153,0,0,28720,755209,30148,580172,28737,1335381,California
Los Angeles,2021-02-20,33434,1953237,24417,1005067,9017,948170,0,0,15979,753798,17400,597572,15989,1351370,California
Los Angeles,2021-02-21,22730,1975967,21041,1026108,1689,949859,0,0,11164,753466,11499,609071,11167,1362537,California
Los Angeles,2021-02-22,34947,2010914,25497,1051605,9450,959309,0,0,17937,754492,16923,625994,17949,1380486,California
Los Angeles,2021-02-23,55435,2066349,24055,1075660,31380,990689,0,0,21682,742558,33628,659622,21694,1402180,California
Los Angeles,2021-02-24,65489,2131838,29211,1104871,36278,1026967,0,0,28155,733582,37150,696772,28174,1430354,California
Los Angeles,2021-02-25,74642,2206480,34220,1139091,40422,1067389,0,0,38362,735850,36107,732879,38375,1468729,California
Los Angeles,2021-02-26,84261,2290741,39067,1178158,45194,1112583,0,0,47144,746144,36880,769759,47174,1515903,California
Los Angeles,2021-02-27,60808,2351549,26893,1205051,33908,1146491,7,7,30924,747387,29711,799470,30954,1546857,California
Los Angeles,2021-02-28,27264,2378813,18845,1223896,8416,1154907,3,10,18974,758190,8180,807650,18983,1565840,California
Los Angeles,2021-03-01,57686,2436499,32974,1256870,24674,1179581,38,48,34395,769542,23099,830749,34451,1600291,California
Los Angeles,2021-03-02,78106,2514605,38000,1294870,40100,1219681,6,54,49112,789828,28844,859593,49130,1649421,California
Los Angeles,2021-03-03,85724,2600329,43970,1338840,41738,1261419,16,70,54209,812750,31326,890919,54248,1703669,California
Los Angeles,2021-03-04,91694,2692023,46935,1385775,44744,1306163,15,85,57979,837239,33524,924443,58013,1761682,California
Los Angeles,2021-03-05,90442,2782465,44594,1430369,45815,1351978,33,118,60454,867984,29779,954222,60524,1822206,California
Los Angeles,2021-03-06,67565,2850030,34430,1464799,31303,1383281,1832,1950,43547,889497,23868,978090,45381,1867587,California
Los Angeles,2021-03-07,27334,2877364,20818,1485617,5680,1388961,836,2786,21158,905343,6142,984232,21988,1889575,California
Los Angeles,2021-03-08,52977,2930341,28002,1513619,22998,1411959,1977,4763,39982,934418,12880,997112,41955,1931530,California
Los Angeles,2021-03-09,81661,3012002,38802,1552421,39561,1451520,3298,8061,51966,960128,29540,1026652,55250,1986780,California
Los Angeles,2021-03-10,83340,3095342,40972,1593393,37478,1488998,4890,12951,52690,987195,30467,1057119,57534,2044314,California
Los Angeles,2021-03-11,92984,3188326,45412,1638805,40866,1529864,6706,19657,54408,1009888,38372,1095491,61065,2105379,California
Los Angeles,2021-03-12,99219,3287545,44703,1683508,40588,1570452,13928,33585,57785,1040320,41217,1136708,71649,2177028,California
Los Angeles,2021-03-13,75911,3363456,35869,1719377,28064,1598516,11978,45563,45334,1067117,30457,1167165,57254,2234282,California
Los Angeles,2021-03-14,39216,3402672,26347,1745724,10314,1608830,2555,48118,24062,1078629,15078,1182243,26590,2260872,California
Los Angeles,2021-03-15,75075,3477747,36666,1782390,32952,1641782,5457,53575,45447,1100073,29432,1211675,50876,2311748,California
Los Angeles,2021-03-16,100102,3577849,43818,1826208,50394,1692176,5890,59465,64779,1135571,35117,1246792,70615,2382363,California
Los Angeles,2021-03-17,97603,3675452,44337,1870545,44932,1737108,8334,67799,65291,1176964,32093,1278885,73486,2455849,California
Los Angeles,2021-03-18,102073,3777525,48797,1919342,47931,1785039,5345,73144,64761,1210040,37012,1315897,70088,2525937,California
Los Angeles,2021-03-19,109360,3886885,57044,1976386,47533,1832572,4783,77927,67372,1240433,41710,1357607,72103,2598040,California
Los Angeles,2021-03-20,76562,3963447,37848,2014234,34127,1866699,4587,82514,51931,1272497,24435,1382042,56499,2654539,California
Los Angeles,2021-03-21,34694,3998141,25795,2040029,7998,1874697,901,83415,22239,1283305,12329,1394371,23137,2677676,California
Los Angeles,2021-03-22,71059,4069200,41749,2081778,27135,1901832,2175,85590,49814,1314318,20971,1415342,51984,2729660,California
Los Angeles,2021-03-23,96605,4165805,52247,2134025,41114,1942946,3244,88834,58406,1338032,37922,1453264,61636,2791296,California
Los Angeles,2021-03-24,105172,4270977,55778,2189803,46227,1989173,3167,92001,60728,1357800,44111,1497375,63879,2855175,California
Los Angeles,2021-03-25,110927,4381904,59439,2249242,47579,2036752,3909,95910,62229,1375535,48382,1545757,66117,2921292,California
Los Angeles,2021-03-26,115521,4497425,63335,2312577,48006,2084758,4180,100090,63633,1391723,51590,1597347,67778,2989070,California
Los Angeles,2021-03-27,83707,4581132,44073,2356650,37499,2122257,2135,102225,42640,1395701,40793,1638140,44771,3033841,California
Los Angeles,2021-03-28,42296,4623428,28687,2385337,13024,2135281,585,102810,20078,1394275,22087,1660227,20661,3054502,California
Los Angeles,2021-03-29,83193,4706621,46763,2432100,34654,2169935,1776,104586,46142,1405352,36831,1697058,47908,3102410,California
Los Angeles,2021-03-30,109105,4815726,52009,2484109,51151,2221086,5945,110531,56947,1416291,51915,1748973,62854,3165264,California
Los Angeles,2021-03-31,122893,4938619,62106,2546215,51943,2273029,8844,119375,68370,1439250,54195,1803168,77154,3242418,California
Los Angeles,2021-04-01,133722,5072341,62515,2608730,55735,2328764,15472,134847,71605,1464495,61748,1864916,86993,3329411,California
Los Angeles,2021-04-02,132602,5204943,59077,2667807,57937,2386701,15588,150435,70448,1488680,61802,1926718,85987,3415398,California
Los Angeles,2021-04-03,98807,5303750,45241,2713048,39908,2426609,13658,164093,48580,1500819,50027,1976745,62166,3477564,California
Los Angeles,2021-04-04,39271,5343021,20558,2733606,12070,2438679,6643,170736,16376,1500992,22803,1999548,22976,3500540,California
Los Angeles,2021-04-05,94171,5437192,44523,2778129,39325,2478004,10323,181059,44632,1506553,49320,2048868,54881,3555421,California
Los Angeles,2021-04-06,121413,5558605,57139,2835268,43907,2521911,20367,201426,55585,1516821,65557,2114425,75825,3631246,California
Los Angeles,2021-04-07,120584,5679189,54621,2889889,44729,2566640,21234,222660,54476,1526562,65832,2180257,75573,3706819,California
Los Angeles,2021-04-08,133421,5812610,58584,2948473,50621,2617261,24216,246876,60246,1538004,72840,2253097,84282,3791101,California
Los Angeles,2021-04-09,132039,5944649,57056,3005529,50934,2668195,24049,270925,56587,1543342,75128,2328225,80466,3871567,California
Los Angeles,2021-04-10,101953,6046602,43081,3048610,34670,2702865,24202,295127,37313,1540324,64383,2392608,61365,3932932,California
Los Angeles,2021-04-11,41944,6088546,22657,3071267,9792,2712657,9495,304622,14353,1536607,27501,2420109,23784,3956716,California
Los Angeles,2021-04-12,79386,6167932,38772,3110039,34203,2746860,6411,311033,32485,1528766,46680,2466789,38839,3995555,California
Los Angeles,2021-04-13,118134,6286066,59371,3169410,58326,2805186,437,311470,62354,1536069,55512,2522301,62815,4058370,California
Los Angeles,2021-04-14,119873,6405939,59791,3229201,59948,2865134,134,311604,64910,1546461,54673,2576974,65065,4123435,California
Los Angeles,2021-04-15,131132,6537071,70744,3299945,60195,2925329,193,311797,75154,1566019,55678,2632652,75236,4198671,California
Los Angeles,2021-04-16,131283,6668354,69256,3369201,61881,2987210,146,311943,69237,1573678,61721,2694373,69380,4268051,California
Los Angeles,2021-04-17,99136,6767490,51818,3421019,47288,3034498,30,311973,56664,1588176,42234,2736607,56732,4324783,California
Los Angeles,2021-04-18,34385,6801875,22817,3443836,11567,3046065,1,311974,18863,1591616,15438,2752045,18878,4343661,California
Los Angeles,2021-04-19,76845,6878720,40250,3484086,36580,3082645,15,311989,34486,1584018,42146,2794191,34548,4378209,California
Los Angeles,2021-04-20,103235,6981955,50222,3534308,52990,3135635,23,312012,51255,1583590,51731,2845922,51303,4429512,California
Los Angeles,2021-04-21,110973,7092928,52868,3587176,57918,3193553,187,312199,49155,1571464,61473,2907395,49347,4478859,California
Los Angeles,2021-04-22,116587,7209515,59762,3646938,56792,3250345,33,312232,51366,1557980,64887,2972282,51403,4530262,California
Los Angeles,2021-04-23,116086,7325601,63000,3709938,53065,3303410,21,312253,55422,1553074,60347,3032629,55441,4585703,California
Los Angeles,2021-04-24,90319,7415920,57432,3767370,32845,3336255,42,312295,50458,1563959,39623,3072252,50508,4636211,California
Los Angeles,2021-04-25,37954,7453874,25119,3792489,12829,3349084,6,312301,20411,1566946,17429,3089681,20416,4656627,California
Los Angeles,2021-04-26,78053,7531927,40306,3832795,37240,3386324,507,312808,38551,1566720,39279,3128960,39053,4695680,California
Los Angeles,2021-04-27,94314,7626241,44982,3877777,47328,3433652,2004,314812,36428,1547546,57593,3186553,38419,4734099,California
Los Angeles,2021-04-28,86318,7712559,41172,3918949,43052,3476704,2094,316906,34074,1531804,51899,3238452,36157,4770256,California
Los Angeles,2021-04-29,93023,7805582,45856,3964805,44953,3521657,2214,319120,33569,1508518,59058,3297510,35772,4806028,California
Los Angeles,2021-04-30,100950,7906532,49658,4014463,48838,3570495,2454,321574,37002,1484455,63503,3361013,39440,4845468,California
Los Angeles,2021-05-01,75407,7981939,42154,4056617,31737,3602232,1516,323090,28359,1467589,46733,3407746,29867,4875335,California
Los Angeles,2021-05-02,28012,8009951,17980,4074597,9294,3611526,738,323828,10159,1460744,17737,3425483,10892,4886227,California
Los Angeles,2021-05-03,62277,8072228,30147,4104744,29902,3641428,2228,326056,22552,1446044,39465,3464948,24765,4910992,California
Los Angeles,2021-05-04,86878,8159106,47719,4152463,36870,3678298,2289,328345,27302,1416357,59260,3524208,29573,4940565,California
Los Angeles,2021-05-05,89843,8248949,51986,4204449,35469,3713767,2388,330733,25036,1379304,64466,3588674,27413,4967978,California
Los Angeles,2021-05-06,96537,8345486,57932,4262381,36087,3749854,2518,333251,23023,1331685,73139,3661813,25520,4993498,California
Los Angeles,2021-05-07,96310,8441796,57378,4319759,36553,3786407,2379,335630,26410,1290900,69546,3731359,28761,5022259,California
Los Angeles,2021-05-08,64411,8506207,42400,4362159,20316,3806723,1695,337325,17584,1263655,46512,3777871,19267,5041526,California
Los Angeles,2021-05-09,23681,8529888,18021,4380180,4919,3811642,741,338066,6014,1252832,17570,3795441,6747,5048273,California
Los Angeles,2021-05-10,49199,8579087,25912,4406092,21404,3833046,1883,339949,14943,1235618,34030,3829471,16816,5065089,California
Los Angeles,2021-05-11,68939,8648026,36961,4443053,29871,3862917,2107,342056,17874,1204769,50803,3880274,19954,5085043,California
Los Angeles,2021-05-12,70582,8718608,38239,4481292,30068,3892985,2275,344331,20451,1177638,49832,3930106,22701,5107744,California
Los Angeles,2021-05-13,75237,8793845,45447,4526739,28094,3921079,1696,346027,27291,1159039,47568,3977674,28969,5136713,California
Los Angeles,2021-05-14,87220,8881065,55195,4581934,30198,3951277,1827,347854,32917,1139801,53965,4031639,34727,5171440,California
Los Angeles,2021-05-15,74951,8956016,52445,4634379,21000,3972277,1506,349360,28820,1124260,45856,4077495,30315,5201755,California
Los Angeles,2021-05-16,30510,8986526,24122,4658501,5780,3978057,608,349968,12008,1118466,18405,4095900,12611,5214366,California
Los Angeles,2021-05-17,61812,9048338,40001,4698502,20030,3998087,1781,351749,25139,1108928,36430,4132330,26892,5241258,California
Los Angeles,2021-05-18,64814,9113152,38218,4736720,24758,4022845,1838,353587,25746,1097678,38799,4171129,27549,5268807,California
Los Angeles,2021-05-19,67327,9180479,40579,4777299,24915,4047760,1833,355420,29354,1091135,37712,4208841,31169,5299976,California
Los Angeles,2021-05-20,66058,9246537,36847,4814146,27135,4074895,2076,357496,25551,1078618,40137,4248978,27620,5327596,California
Los Angeles,2021-05-21,69831,9316368,42338,4856484,25425,4100320,2068,359564,27624,1066463,41834,4290812,29679,5357275,California
Los Angeles,2021-05-22,57007,9373375,37145,4893629,18213,4118533,1649,361213,23139,1057604,33635,4324447,24776,5382051,California
Los Angeles,2021-05-23,23418,9396793,16118,4909747,6461,4124994,839,362052,10471,1056084,12825,4337272,11305,5393356,California
Los Angeles,2021-05-24,48281,9445074,26448,4936195,19983,4144977,1850,363902,18276,1046412,29782,4367054,20110,5413466,California
Los Angeles,2021-05-25,49589,9494663,28713,4964908,19112,4164089,1764,365666,19281,1037385,30061,4397115,21034,5434500,California
Los Angeles,2021-05-26,46959,9541622,26528,4991436,18607,4182696,1824,367490,19944,1032451,26582,4423697,21648,5456148,California
Los Angeles,2021-05-27,45342,9586964,25281,5016717,18179,4200875,1882,369372,19030,1027244,26073,4449770,20866,5477014,California
Los Angeles,2021-05-28,52041,9639005,29511,5046228,20641,4221516,1889,371261,23297,1023957,28459,4478229,25172,5502186,California
Los Angeles,2021-05-29,30288,9669293,17495,5063723,11758,4233274,1035,372296,14219,1023320,15880,4494109,15243,5517429,California
Los Angeles,2021-05-30,12451,9681744,8164,5071887,3558,4236832,729,373025,5920,1023484,6478,4500587,6642,5524071,California
Los Angeles,2021-05-31,6026,9687770,3723,5075610,1999,4238831,304,373329,1731,1021277,4240,4504827,2033,5526104,California
Los Angeles,2021-06-01,46015,9733785,25823,5101433,18623,4257454,1569,374898,17692,1012527,27988,4532815,19238,5545342,California
Los Angeles,2021-06-02,38345,9772130,22148,5123581,14750,4272204,1447,376345,15361,1006604,22707,4555522,16784,5562126,California
Los Angeles,2021-06-03,42654,9814784,28257,5151838,12849,4285053,1548,377893,15303,996344,27093,4582615,16833,5578959,California
Los Angeles,2021-06-04,52125,9866909,35237,5187075,15219,4300272,1669,379562,17460,981130,34323,4616938,19109,5598068,California
Los Angeles,2021-06-05,42298,9909207,30339,5217414,10590,4310862,1369,380931,12812,965994,29301,4646239,14165,5612233,California
Los Angeles,2021-06-06,14602,9923809,12052,5229466,1822,4312684,728,381659,4092,960366,10442,4656681,4814,5617047,California
Los Angeles,2021-06-07,36709,9960518,26207,5255673,9059,4321743,1443,383102,11852,948981,24667,4681348,13282,5630329,California
Los Angeles,2021-06-08,38126,9998644,26261,5281934,10298,4332041,1567,384669,13004,938705,24832,4706180,14556,5644885,California
Los Angeles,2021-06-09,39520,10038164,27898,5309832,10111,4342152,1511,386180,11756,924432,27522,4733702,13249,5658134,California
Los Angeles,2021-06-10,35813,10073977,24691,5334523,9554,4351706,1568,387748,11468,913325,24129,4757831,13022,5671156,California
Los Angeles,2021-06-11,40787,10114764,27963,5362486,11180,4362886,1644,389392,13470,901403,27026,4784857,15104,5686260,California
Los Angeles,2021-06-12,32661,10147425,23422,5385908,8028,4370914,1211,390603,9888,889879,22611,4807468,11087,5697347,California
Los Angeles,2021-06-13,11425,10158850,8171,5394079,2624,4373538,630,391233,2722,884586,8638,4816106,3345,5700692,California
Los Angeles,2021-06-14,32144,10190994,23103,5417182,7697,4381235,1344,392577,11479,876911,20482,4836588,12807,5713499,California
Los Angeles,2021-06-15,33080,10224074,22196,5439378,9253,4390488,1631,394208,11554,868891,21181,4857769,13161,5726660,California
Los Angeles,2021-06-16,30155,10254229,20701,5460079,7887,4398375,1567,395775,10659,861828,19284,4877053,12221,5738881,California
Los Angeles,2021-06-17,12246,10266475,8398,5468477,3066,4401441,782,396557,4276,859037,7840,4884893,5049,5743930,California
Madera,2020-12-16,21,21,21,21,0,0,0,0,21,21,0,0,21,21,California
Madera,2020-12-17,12,33,12,33,0,0,0,0,12,33,0,0,12,33,California
Madera,2020-12-18,60,93,60,93,0,0,0,0,60,93,0,0,60,93,California
Madera,2020-12-19,5,98,5,98,0,0,0,0,5,98,0,0,5,98,California
Madera,2020-12-20,13,111,13,111,0,0,0,0,13,111,0,0,13,111,California
Madera,2020-12-21,59,170,59,170,0,0,0,0,59,170,0,0,59,170,California
Madera,2020-12-22,94,264,92,262,2,2,0,0,94,264,0,0,94,264,California
Madera,2020-12-23,67,331,67,329,0,2,0,0,67,331,0,0,67,331,California
Madera,2020-12-24,43,374,38,367,5,7,0,0,43,374,0,0,43,374,California
Madera,2020-12-26,27,401,26,393,1,8,0,0,27,401,0,0,27,401,California
Madera,2020-12-27,27,428,12,405,15,23,0,0,27,428,0,0,27,428,California
Madera,2020-12-28,107,535,36,441,71,94,0,0,107,535,0,0,107,535,California
Madera,2020-12-29,175,710,37,478,138,232,0,0,175,710,0,0,175,710,California
Madera,2020-12-30,223,933,86,564,137,369,0,0,223,933,0,0,223,933,California
Madera,2020-12-31,203,1136,80,644,123,492,0,0,203,1136,0,0,203,1136,California
Madera,2021-01-01,2,1138,1,645,1,493,0,0,2,1138,0,0,2,1138,California
Madera,2021-01-02,88,1226,33,678,55,548,0,0,88,1226,0,0,88,1226,California
Madera,2021-01-03,4,1230,4,682,0,548,0,0,4,1230,0,0,4,1230,California
Madera,2021-01-04,129,1359,66,748,63,611,0,0,129,1359,0,0,129,1359,California
Madera,2021-01-05,278,1637,143,891,135,746,0,0,274,1629,4,4,274,1633,California
Madera,2021-01-06,183,1820,26,917,157,903,0,0,164,1774,19,23,164,1797,California
Madera,2021-01-07,399,2219,117,1034,282,1185,0,0,376,2128,23,46,377,2174,California
Madera,2021-01-08,421,2640,71,1105,350,1535,0,0,366,2441,54,100,367,2541,California
Madera,2021-01-09,36,2676,14,1119,22,1557,0,0,27,2459,9,109,27,2568,California
Madera,2021-01-10,17,2693,14,1133,3,1560,0,0,5,2452,12,121,5,2573,California
Madera,2021-01-11,237,2930,190,1323,47,1607,0,0,196,2607,41,162,196,2769,California
Madera,2021-01-12,387,3317,155,1478,232,1839,0,0,285,2790,102,264,285,3054,California
Madera,2021-01-13,180,3497,90,1568,90,1929,0,0,126,2863,54,318,127,3181,California
Madera,2021-01-14,552,4049,80,1648,472,2401,0,0,520,3351,32,350,520,3701,California
Madera,2021-01-15,597,4646,156,1804,441,2842,0,0,576,3906,21,371,576,4277,California
Madera,2021-01-16,388,5034,49,1853,339,3181,0,0,360,4238,28,399,360,4637,California
Madera,2021-01-17,335,5369,15,1868,320,3501,0,0,331,4565,4,403,331,4968,California
Madera,2021-01-18,78,5447,62,1930,16,3517,0,0,59,4606,18,421,59,5027,California
Madera,2021-01-19,571,6018,134,2064,437,3954,0,0,545,5126,26,447,546,5573,California
Madera,2021-01-20,239,6257,81,2145,158,4112,0,0,211,5310,27,474,211,5784,California
Madera,2021-01-21,238,6495,128,2273,110,4222,0,0,204,5482,32,506,204,5988,California
Madera,2021-01-22,258,6753,81,2354,177,4399,0,0,243,5710,15,521,243,6231,California
Madera,2021-01-23,100,6853,54,2408,46,4445,0,0,76,5762,24,545,76,6307,California
Madera,2021-01-24,97,6950,81,2489,16,4461,0,0,78,5821,19,564,78,6385,California
Madera,2021-01-25,272,7222,126,2615,146,4607,0,0,148,5845,124,688,148,6533,California
Madera,2021-01-26,493,7715,188,2803,305,4912,0,0,301,5956,191,879,302,6835,California
Madera,2021-01-27,747,8462,63,2866,684,5596,0,0,609,6429,138,1017,611,7446,California
Madera,2021-01-28,548,9010,109,2975,439,6035,0,0,442,6766,106,1123,443,7889,California
Madera,2021-01-29,470,9480,94,3069,376,6411,0,0,415,7126,55,1178,415,8304,California
Madera,2021-01-30,505,9985,16,3085,489,6900,0,0,452,7525,53,1231,452,8756,California
Madera,2021-01-31,9,9994,6,3091,3,6903,0,0,8,7532,1,1232,8,8764,California
Madera,2021-02-01,333,10327,147,3238,186,7089,0,0,207,7613,126,1358,207,8971,California
Madera,2021-02-02,254,10581,89,3327,165,7254,0,0,161,7683,92,1450,162,9133,California
Madera,2021-02-03,597,11178,463,3790,134,7388,0,0,478,8045,117,1567,479,9612,California
Madera,2021-02-04,394,11572,126,3916,268,7656,0,0,117,7887,276,1843,118,9730,California
Madera,2021-02-05,984,12556,301,4217,683,8339,0,0,377,7664,601,2444,378,10108,California
Madera,2021-02-06,365,12921,331,4548,34,8373,0,0,325,7950,39,2483,325,10433,California
Madera,2021-02-07,34,12955,6,4554,28,8401,0,0,29,7974,5,2488,29,10462,California
Madera,2021-02-08,389,13344,313,4867,76,8477,0,0,273,8132,115,2603,273,10735,California
Madera,2021-02-09,486,13830,118,4985,368,8845,0,0,203,8056,280,2883,204,10939,California
Madera,2021-02-10,435,14265,149,5134,286,9131,0,0,332,8285,103,2986,332,11271,California
Madera,2021-02-11,936,15201,307,5441,629,9760,0,0,404,8160,530,3516,405,11676,California
Madera,2021-02-12,837,16038,114,5555,723,10483,0,0,311,7954,520,4036,314,11990,California
Madera,2021-02-13,487,16525,46,5601,441,10924,0,0,138,7747,348,4384,141,12131,California
Madera,2021-02-14,399,16924,74,5675,325,11249,0,0,136,7621,263,4647,137,12268,California
Madera,2021-02-15,245,17169,99,5774,146,11395,0,0,174,7725,70,4717,174,12442,California
Madera,2021-02-16,776,17945,179,5953,597,11992,0,0,228,7408,546,5263,229,12671,California
Madera,2021-02-17,616,18561,278,6231,338,12330,0,0,345,7491,264,5527,347,13018,California
Madera,2021-02-18,1302,19863,540,6771,762,13092,0,0,1121,8434,179,5706,1122,14140,California
Madera,2021-02-19,858,20721,540,7311,318,13410,0,0,714,9005,144,5850,715,14855,California
Madera,2021-02-20,1075,21796,987,8298,88,13498,0,0,1004,9940,70,5920,1005,15860,California
Madera,2021-02-21,964,22760,823,9121,141,13639,0,0,959,10894,5,5925,959,16819,California
Madera,2021-02-22,918,23678,839,9960,79,13718,0,0,860,11696,58,5983,860,17679,California
Madera,2021-02-23,737,24415,464,10424,273,13991,0,0,524,12008,212,6195,524,18203,California
Madera,2021-02-24,916,25331,302,10726,614,14605,0,0,384,11861,531,6726,384,18587,California
Madera,2021-02-25,1034,26365,314,11040,720,15325,0,0,599,12027,433,7159,599,19186,California
Madera,2021-02-26,1087,27452,199,11239,888,16213,0,0,702,12346,383,7542,702,19888,California
Madera,2021-02-27,934,28386,294,11533,640,16853,0,0,499,12416,432,7974,502,20390,California
Madera,2021-02-28,194,28580,28,11561,166,17019,0,0,189,12600,5,7979,189,20579,California
Madera,2021-03-01,380,28960,121,11682,259,17278,0,0,197,12616,181,8160,197,20776,California
Madera,2021-03-02,757,29717,349,12031,408,17686,0,0,643,13149,112,8272,645,21421,California
Madera,2021-03-03,1364,31081,734,12765,630,18316,0,0,955,13726,406,8678,983,22404,California
Madera,2021-03-04,1210,32291,531,13296,679,18995,0,0,955,14428,256,8934,958,23362,California
Madera,2021-03-05,1370,33661,420,13716,937,19932,13,13,1085,15254,283,9217,1109,24471,California
Madera,2021-03-06,826,34487,643,14359,151,20083,32,45,505,15472,320,9537,538,25009,California
Madera,2021-03-07,154,34641,26,14385,106,20189,22,67,105,15550,49,9586,127,25136,California
Madera,2021-03-08,603,35244,337,14722,207,20396,59,126,305,15618,298,9884,366,25502,California
Madera,2021-03-09,603,35847,297,15019,273,20669,33,159,413,15882,188,10072,452,25954,California
Madera,2021-03-10,1194,37041,559,15578,557,21226,78,237,762,16296,427,10499,841,26795,California
Madera,2021-03-11,1695,38736,875,16453,493,21719,327,564,776,16493,917,11416,1114,27909,California
Madera,2021-03-12,1582,40318,818,17271,613,22332,151,715,803,16701,776,12192,984,28893,California
Madera,2021-03-13,1892,42210,1335,18606,360,22692,197,912,820,16666,1069,13261,1034,29927,California
Madera,2021-03-14,587,42797,449,19055,105,22797,33,945,294,16703,290,13551,327,30254,California
Madera,2021-03-15,748,43545,233,19288,470,23267,45,990,516,17070,229,13780,596,30850,California
Madera,2021-03-16,939,44484,531,19819,361,23628,47,1037,747,17692,189,13969,811,31661,California
Madera,2021-03-17,1476,45960,982,20801,431,24059,63,1100,913,18208,554,14523,1070,32731,California
Madera,2021-03-18,1960,47920,684,21485,1211,25270,65,1165,977,18363,977,15500,1132,33863,California
Madera,2021-03-19,1593,49513,586,22071,925,26195,82,1247,1037,19011,552,16052,1200,35063,California
Madera,2021-03-20,1192,50705,781,22852,360,26555,51,1298,608,19153,582,16634,724,35787,California
Madera,2021-03-21,1113,51818,910,23762,155,26710,48,1346,387,18866,723,17357,436,36223,California
Madera,2021-03-22,1370,53188,863,24625,441,27151,66,1412,689,18991,678,18035,803,37026,California
Madera,2021-03-23,1415,54603,862,25487,467,27618,86,1498,674,19095,740,18775,844,37870,California
Madera,2021-03-24,956,55559,513,26000,411,28029,32,1530,613,19404,340,19115,649,38519,California
Madera,2021-03-25,1178,56737,533,26533,621,28650,24,1554,650,19573,518,19633,687,39206,California
Madera,2021-03-26,1520,58257,578,27111,808,29458,134,1688,719,19633,797,20430,857,40063,California
Madera,2021-03-27,933,59190,608,27719,302,29760,23,1711,417,19562,512,20942,441,40504,California
Madera,2021-03-28,438,59628,150,27869,228,29988,60,1771,205,19689,232,21174,359,40863,California
Madera,2021-03-29,694,60322,184,28053,480,30468,30,1801,498,20029,192,21366,532,41395,California
Madera,2021-03-30,1076,61398,606,28659,439,30907,31,1832,480,19948,593,21959,512,41907,California
Madera,2021-03-31,1394,62792,544,29203,722,31629,128,1960,424,19537,964,22923,553,42460,California
Madera,2021-04-01,1404,64196,627,29830,726,32355,51,2011,490,19172,904,23827,539,42999,California
Madera,2021-04-02,1610,65806,461,30291,1090,33445,59,2070,478,18589,1121,24948,538,43537,California
Madera,2021-04-03,963,66769,765,31056,179,33624,19,2089,393,18444,568,25516,423,43960,California
Madera,2021-04-04,186,66955,64,31120,120,33744,2,2091,85,18431,101,25617,88,44048,California
Madera,2021-04-05,735,67690,255,31375,422,34166,58,2149,340,18449,394,26011,412,44460,California
Madera,2021-04-06,1716,69406,892,32267,468,34634,356,2505,536,18163,1178,27189,892,45352,California
Madera,2021-04-07,1238,70644,388,32655,702,35336,148,2653,427,17935,808,27997,580,45932,California
Madera,2021-04-08,1733,72377,668,33323,801,36137,264,2917,557,17593,1169,29166,827,46759,California
Madera,2021-04-09,1645,74022,694,34017,805,36942,146,3063,948,17999,692,29858,1098,47857,California
Madera,2021-04-10,980,75002,687,34704,224,37166,69,3132,713,18514,268,30126,783,48640,California
Madera,2021-04-11,817,75819,663,35367,75,37241,79,3211,287,18351,527,30653,364,49004,California
Madera,2021-04-12,810,76629,287,35654,446,37687,77,3288,311,18241,499,31152,389,49393,California
Madera,2021-04-13,1248,77877,614,36268,591,38278,43,3331,727,18501,519,31671,779,50172,California
Madera,2021-04-14,1406,79283,866,37134,540,38818,0,3331,581,18264,824,32495,587,50759,California
Madera,2021-04-15,1187,80470,512,37646,674,39492,1,3332,430,17952,745,33240,433,51192,California
Madera,2021-04-16,1347,81817,541,38187,806,40298,0,3332,373,17365,962,34202,375,51567,California
Madera,2021-04-17,1298,83115,1090,39277,208,40506,0,3332,774,17620,522,34724,777,52344,California
Madera,2021-04-18,248,83363,209,39486,39,40545,0,3332,89,17552,157,34881,89,52433,California
Madera,2021-04-19,813,84176,241,39727,571,41116,1,3333,281,17307,526,35407,281,52714,California
Madera,2021-04-20,871,85047,428,40155,443,41559,0,3333,218,16877,650,36057,220,52934,California
Madera,2021-04-21,860,85907,455,40610,405,41964,0,3333,294,16607,566,36623,296,53230,California
Madera,2021-04-22,1075,86982,514,41124,561,42525,0,3333,372,16281,699,37322,373,53603,California
Madera,2021-04-23,969,87951,304,41428,665,43190,0,3333,335,15987,629,37951,335,53938,California
Madera,2021-04-24,713,88664,469,41897,244,43434,0,3333,250,15779,459,38410,251,54189,California
Madera,2021-04-25,265,88929,158,42055,104,43538,3,3336,117,15756,144,38554,121,54310,California
Madera,2021-04-26,556,89485,99,42154,451,43989,6,3342,128,15465,425,38979,134,54444,California
Madera,2021-04-27,621,90106,274,42428,322,44311,25,3367,314,15499,306,39285,340,54784,California
Madera,2021-04-28,502,90608,198,42626,285,44596,19,3386,244,15505,256,39541,262,55046,California
Madera,2021-04-29,553,91161,243,42869,282,44878,28,3414,258,15504,288,39829,287,55333,California
Madera,2021-04-30,937,92098,506,43375,414,45292,17,3431,271,15132,660,40489,288,55621,California
Madera,2021-05-01,968,93066,869,44244,85,45377,14,3445,388,14955,579,41068,402,56023,California
Madera,2021-05-02,396,93462,349,44593,43,45420,4,3449,145,14853,251,41319,149,56172,California
Madera,2021-05-03,497,93959,197,44790,260,45680,40,3489,99,14597,395,41714,139,56311,California
Madera,2021-05-04,903,94862,433,45223,426,46106,44,3533,212,14162,691,42405,256,56567,California
Madera,2021-05-05,1011,95873,479,45702,471,46577,61,3594,277,13768,732,43137,338,56905,California
Madera,2021-05-06,699,96572,246,45948,421,46998,32,3626,153,13412,541,43678,185,57090,California
Madera,2021-05-07,807,97379,277,46225,509,47507,21,3647,194,13019,607,44285,214,57304,California
Madera,2021-05-08,971,98350,758,46983,202,47709,11,3658,185,12430,785,45070,196,57500,California
Madera,2021-05-09,145,98495,20,47003,114,47823,11,3669,35,12367,109,45179,46,57546,California
Madera,2021-05-10,361,98856,74,47077,275,48098,12,3681,100,12219,260,45439,112,57658,California
Madera,2021-05-11,530,99386,180,47257,341,48439,9,3690,172,12044,356,45795,181,57839,California
Madera,2021-05-12,507,99893,230,47487,241,48680,36,3726,127,11829,378,46173,163,58002,California
Madera,2021-05-13,510,100403,308,47795,170,48850,32,3758,179,11711,329,46502,211,58213,California
Madera,2021-05-14,529,100932,266,48061,239,49089,24,3782,234,11677,292,46794,258,58471,California
Madera,2021-05-15,563,101495,478,48539,77,49166,8,3790,364,11852,197,46991,372,58843,California
Madera,2021-05-16,258,101753,187,48726,39,49205,32,3822,107,11840,151,47142,139,58982,California
Madera,2021-05-17,453,102206,191,48917,233,49438,29,3851,207,11833,243,47385,236,59218,California
Madera,2021-05-18,549,102755,367,49284,159,49597,23,3874,290,11891,255,47640,313,59531,California
Madera,2021-05-19,490,103245,224,49508,244,49841,22,3896,218,11860,271,47911,240,59771,California
Madera,2021-05-20,589,103834,269,49777,282,50123,38,3934,233,11781,350,48261,271,60042,California
Madera,2021-05-21,503,104337,192,49969,283,50406,28,3962,193,11697,305,48566,221,60263,California
Madera,2021-05-22,903,105240,818,50787,73,50479,12,3974,532,11871,370,48936,544,60807,California
Madera,2021-05-23,263,105503,236,51023,17,50496,10,3984,139,11897,123,49059,149,60956,California
Madera,2021-05-24,301,105804,135,51158,125,50621,41,4025,117,11872,183,49242,158,61114,California
Madera,2021-05-25,382,106186,168,51326,181,50802,33,4058,154,11833,226,49468,187,61301,California
Madera,2021-05-26,444,106630,259,51585,163,50965,22,4080,237,11888,204,49672,259,61560,California
Madera,2021-05-27,378,107008,136,51721,204,51169,38,4118,137,11826,237,49909,175,61735,California
Madera,2021-05-28,450,107458,173,51894,249,51418,28,4146,180,11766,268,50177,208,61943,California
Madera,2021-05-29,306,107764,215,52109,73,51491,18,4164,167,11812,139,50316,185,62128,California
Madera,2021-05-30,61,107825,27,52136,30,51521,4,4168,28,11812,32,50348,32,62160,California
Madera,2021-05-31,26,107851,9,52145,13,51534,4,4172,12,11814,14,50362,16,62176,California
Madera,2021-06-01,292,108143,148,52293,121,51655,23,4195,111,11769,179,50541,134,62310,California
Madera,2021-06-02,397,108540,127,52420,247,51902,23,4218,120,11636,276,50817,143,62453,California
Madera,2021-06-03,280,108820,149,52569,116,52018,15,4233,91,11553,189,51006,106,62559,California
Madera,2021-06-04,381,109201,244,52813,126,52144,11,4244,151,11486,229,51235,162,62721,California
Madera,2021-06-05,512,109713,385,53198,114,52258,13,4257,147,11287,360,51595,161,62882,California
Madera,2021-06-06,134,109847,114,53312,13,52271,7,4264,38,11236,96,51691,45,62927,California
Madera,2021-06-07,252,110099,157,53469,74,52345,21,4285,46,11097,206,51897,67,62994,California
Madera,2021-06-08,386,110485,273,53742,92,52437,21,4306,99,10930,287,52184,120,63114,California
Madera,2021-06-09,372,110857,236,53978,109,52546,27,4333,140,10866,231,52415,167,63281,California
Madera,2021-06-10,341,111198,196,54174,129,52675,16,4349,116,10775,223,52638,132,63413,California
Madera,2021-06-11,378,111576,220,54394,126,52801,32,4381,169,10766,208,52846,199,63612,California
Madera,2021-06-12,578,112154,508,54902,54,52855,16,4397,95,10394,483,53329,111,63723,California
Madera,2021-06-13,190,112344,156,55058,29,52884,5,4402,53,10316,136,53465,58,63781,California
Madera,2021-06-14,222,112566,159,55217,41,52925,22,4424,86,10291,133,53598,108,63889,California
Madera,2021-06-15,356,112922,245,55462,78,53003,33,4457,152,10274,202,53800,185,64074,California
Madera,2021-06-16,301,113223,226,55688,61,53064,14,4471,111,10213,186,53986,125,64199,California
Madera,2021-06-17,151,113374,56,55744,87,53151,8,4479,52,10175,98,54084,60,64259,California
Marin,2020-12-15,2,2,2,2,0,0,0,0,2,2,0,0,2,2,California
Marin,2020-12-16,109,111,109,111,0,0,0,0,109,111,0,0,109,111,California
Marin,2020-12-17,270,381,270,381,0,0,0,0,270,381,0,0,270,381,California
Marin,2020-12-18,387,768,387,768,0,0,0,0,387,768,0,0,387,768,California
Marin,2020-12-19,346,1114,345,1113,1,1,0,0,346,1114,0,0,346,1114,California
Marin,2020-12-20,166,1280,165,1278,1,2,0,0,166,1280,0,0,166,1280,California
Marin,2020-12-21,237,1517,234,1512,3,5,0,0,237,1517,0,0,237,1517,California
Marin,2020-12-22,519,2036,314,1826,205,210,0,0,519,2036,0,0,519,2036,California
Marin,2020-12-23,725,2761,314,2140,411,621,0,0,725,2761,0,0,725,2761,California
Marin,2020-12-24,355,3116,158,2298,197,818,0,0,355,3116,0,0,355,3116,California
Marin,2020-12-25,26,3142,0,2298,26,844,0,0,26,3142,0,0,26,3142,California
Marin,2020-12-26,144,3286,95,2393,49,893,0,0,144,3286,0,0,144,3286,California
Marin,2020-12-27,90,3376,54,2447,36,929,0,0,90,3376,0,0,90,3376,California
Marin,2020-12-28,407,3783,97,2544,310,1239,0,0,407,3783,0,0,407,3783,California
Marin,2020-12-29,399,4182,88,2632,311,1550,0,0,399,4182,0,0,399,4182,California
Marin,2020-12-30,629,4811,390,3022,239,1789,0,0,629,4811,0,0,629,4811,California
Marin,2020-12-31,201,5012,35,3057,166,1955,0,0,200,5010,1,1,200,5011,California
Marin,2021-01-01,29,5041,14,3071,15,1970,0,0,29,5039,0,1,29,5040,California
Marin,2021-01-02,111,5152,105,3176,6,1976,0,0,111,5150,0,1,111,5151,California
Marin,2021-01-03,49,5201,31,3207,18,1994,0,0,45,5195,0,1,45,5196,California
Marin,2021-01-04,296,5497,193,3400,103,2097,0,0,295,5489,1,2,295,5491,California
Marin,2021-01-05,365,5862,217,3617,148,2245,0,0,322,5768,43,45,322,5813,California
Marin,2021-01-06,819,6681,317,3934,502,2747,0,0,638,6225,181,226,638,6451,California
Marin,2021-01-07,883,7564,494,4428,389,3136,0,0,529,6400,354,580,529,6980,California
Marin,2021-01-08,966,8530,511,4939,455,3591,0,0,582,6599,383,963,582,7562,California
Marin,2021-01-09,622,9152,221,5160,401,3992,0,0,493,6963,129,1092,493,8055,California
Marin,2021-01-10,132,9284,103,5263,29,4021,0,0,57,6945,75,1167,57,8112,California
Marin,2021-01-11,470,9754,326,5589,144,4165,0,0,248,6973,222,1389,250,8362,California
Marin,2021-01-12,931,10685,538,6127,393,4558,0,0,565,7176,362,1751,565,8927,California
Marin,2021-01-13,1170,11855,493,6620,677,5235,0,0,937,7880,233,1984,937,9864,California
Marin,2021-01-14,1064,12919,316,6936,748,5983,0,0,914,8646,148,2132,914,10778,California
Marin,2021-01-15,1157,14076,351,7287,806,6789,0,0,1028,9548,128,2260,1030,11808,California
Marin,2021-01-16,1122,15198,915,8202,207,6996,0,0,1046,10518,76,2336,1046,12854,California
Marin,2021-01-17,1233,16431,1114,9316,119,7115,0,0,1204,11697,28,2364,1207,14061,California
Marin,2021-01-18,360,16791,158,9474,202,7317,0,0,311,11959,49,2413,311,14372,California
Marin,2021-01-19,1155,17946,911,10385,244,7561,0,0,982,12769,172,2585,982,15354,California
Marin,2021-01-20,1796,19742,1209,11594,587,8148,0,0,1065,13116,719,3304,1066,16420,California
Marin,2021-01-21,1680,21422,1063,12657,617,8765,0,0,1323,14088,354,3658,1326,17746,California
Marin,2021-01-22,1711,23133,1094,13751,617,9382,0,0,1539,15457,172,3830,1541,19287,California
Marin,2021-01-23,1851,24984,1353,15104,498,9880,0,0,1765,17136,86,3916,1765,21052,California
Marin,2021-01-24,612,25596,165,15269,447,10327,0,0,580,17684,32,3948,580,21632,California
Marin,2021-01-25,1122,26718,229,15498,893,11220,0,0,686,17935,436,4384,687,22319,California
Marin,2021-01-26,1523,28241,780,16278,743,11963,0,0,1142,18697,380,4764,1142,23461,California
Marin,2021-01-27,1719,29960,890,17168,829,12792,0,0,1354,19689,363,5127,1355,24816,California
Marin,2021-01-28,2080,32040,1068,18236,1012,13804,0,0,1816,21243,263,5390,1817,26633,California
Marin,2021-01-29,2206,34246,1436,19672,770,14574,0,0,2009,23068,185,5575,2010,28643,California
Marin,2021-01-30,1720,35966,908,20580,812,15386,0,0,1642,24633,78,5653,1643,30286,California
Marin,2021-01-31,460,36426,324,20904,136,15522,0,0,433,25039,27,5680,433,30719,California
Marin,2021-02-01,1093,37519,415,21319,678,16200,0,0,894,25736,198,5878,895,31614,California
Marin,2021-02-02,1410,38929,493,21812,917,17117,0,0,746,25829,653,6531,746,32360,California
Marin,2021-02-03,1783,40712,421,22233,1362,18479,0,0,1277,26602,504,7035,1277,33637,California
Marin,2021-02-04,1520,42232,499,22732,1021,19500,0,0,923,26931,594,7629,923,34560,California
Marin,2021-02-05,2165,44397,672,23404,1493,20993,0,0,1329,27428,832,8461,1329,35889,California
Marin,2021-02-06,1428,45825,846,24250,582,21575,0,0,603,27207,824,9285,603,36492,California
Marin,2021-02-07,1289,47114,1005,25255,284,21859,0,0,488,26895,800,10085,488,36980,California
Marin,2021-02-08,1530,48644,751,26006,779,22638,0,0,729,26826,798,10883,729,37709,California
Marin,2021-02-09,1783,50427,1125,27131,658,23296,0,0,836,26715,947,11830,836,38545,California
Marin,2021-02-10,2334,52761,1491,28622,843,24139,0,0,1214,26812,1118,12948,1215,39760,California
Marin,2021-02-11,2863,55624,1637,30259,1226,25365,0,0,1443,26843,1415,14363,1446,41206,California
Marin,2021-02-12,3053,58677,1533,31792,1520,26885,0,0,1549,26892,1501,15864,1550,42756,California
Marin,2021-02-13,2322,60999,1242,33034,1080,27965,0,0,1118,26808,1202,17066,1118,43874,California
Marin,2021-02-14,813,61812,300,33334,513,28478,0,0,720,27436,93,17159,721,44595,California
Marin,2021-02-15,1216,63028,354,33688,862,29340,0,0,838,27897,378,17537,839,45434,California
Marin,2021-02-16,2470,65498,1052,34740,1418,30758,0,0,1504,28436,965,18502,1504,46938,California
Marin,2021-02-17,2097,67595,938,35678,1159,31917,0,0,1081,28503,1014,19516,1081,48019,California
Marin,2021-02-18,2410,70005,1586,37264,824,32741,0,0,1055,28206,1352,20868,1055,49074,California
Marin,2021-02-19,2785,72790,2175,39439,610,33351,0,0,1234,27904,1537,22405,1235,50309,California
Marin,2021-02-20,2621,75411,2154,41593,467,33818,0,0,1253,27798,1360,23765,1254,51563,California
Marin,2021-02-21,1329,76740,1130,42723,199,34017,0,0,946,28365,379,24144,946,52509,California
Marin,2021-02-22,1852,78592,1423,44146,429,34446,0,0,1225,28966,624,24768,1225,53734,California
Marin,2021-02-23,2897,81489,1668,45814,1229,35675,0,0,1940,29963,944,25712,1941,55675,California
Marin,2021-02-24,3535,85024,1636,47450,1899,37574,0,0,2269,30975,1258,26970,2270,57945,California
Marin,2021-02-25,4080,89104,1926,49376,2154,39728,0,0,2883,32672,1188,28158,2885,60830,California
Marin,2021-02-26,3663,92767,1996,51372,1667,41395,0,0,2643,34308,1008,29166,2644,63474,California
Marin,2021-02-27,2735,95502,1613,52985,1122,42517,0,0,1893,35366,837,30003,1895,65369,California
Marin,2021-02-28,1646,97148,923,53908,723,43240,0,0,1302,36327,341,30344,1302,66671,California
Marin,2021-03-01,2683,99831,1668,55576,1014,44254,1,1,1809,37273,864,31208,1810,68481,California
Marin,2021-03-02,2520,102351,1691,57267,829,45083,0,1,1722,38201,794,32002,1722,70203,California
Marin,2021-03-03,4366,106717,2430,59697,1932,47015,4,5,2826,39497,1534,33536,2830,73033,California
Marin,2021-03-04,3391,110108,1661,61358,1729,48744,1,6,2377,40870,1007,34543,2380,75413,California
Marin,2021-03-05,3061,113169,1166,62524,1883,50627,12,18,1796,41418,1260,35803,1808,77221,California
Marin,2021-03-06,3233,116402,2324,64848,833,51460,76,94,2659,43584,569,36372,2735,79956,California
Marin,2021-03-07,1388,117790,1171,66019,193,51653,24,118,993,44211,390,36762,1017,80973,California
Marin,2021-03-08,1885,119675,1386,67405,383,52036,116,234,1409,45264,472,37234,1525,82498,California
Marin,2021-03-09,2223,121898,1341,68746,771,52807,111,345,1544,46241,676,37910,1653,84151,California
Marin,2021-03-10,4473,126371,2515,71261,1663,54470,295,640,3230,48529,1238,39148,3526,87677,California
Marin,2021-03-11,4592,130963,1882,73143,2576,57046,134,774,3295,50668,1290,40438,3429,91106,California
Marin,2021-03-12,3972,134935,1546,74689,2076,59122,350,1124,1562,50181,2399,42837,1912,93018,California
Marin,2021-03-13,4097,139032,2868,77557,1159,60281,70,1194,2382,50917,1711,44548,2447,95465,California
Marin,2021-03-14,2293,141325,1105,78662,1071,61352,117,1311,706,50153,1585,46133,821,96286,California
Marin,2021-03-15,3237,144562,1772,80434,1417,62769,48,1359,1200,49375,2025,48158,1247,97533,California
Marin,2021-03-16,4292,148854,2316,82750,1610,64379,366,1725,1453,48357,2835,50993,1817,99350,California
Marin,2021-03-17,4201,153055,2283,85033,1869,66248,49,1774,2046,48308,2143,53136,2094,101444,California
Marin,2021-03-18,4477,157532,2260,87293,2142,68390,75,1849,2124,48169,2335,55471,2196,103640,California
Marin,2021-03-19,4475,162007,2287,89580,1968,70358,220,2069,2328,48578,2136,57607,2545,106185,California
Marin,2021-03-20,3593,165600,1992,91572,1488,71846,113,2182,1928,48965,1655,59262,2042,108227,California
Marin,2021-03-21,1535,167135,1138,92710,375,72221,22,2204,792,49039,740,60002,814,109041,California
Marin,2021-03-22,2477,169612,2145,94855,168,72389,164,2368,894,48520,1577,61579,1058,110099,California
Marin,2021-03-23,4251,173863,2200,97055,1921,74310,130,2498,1865,48137,2378,63957,1995,112094,California
Marin,2021-03-24,4459,178322,2911,99966,1437,75747,111,2609,1806,47412,2640,66597,1915,114009,California
Marin,2021-03-25,4659,182981,2843,102809,1743,77490,73,2682,2253,47344,2392,68989,2324,116333,California
Marin,2021-03-26,4309,187290,2343,105152,1752,79242,214,2896,2400,48065,1893,70882,2614,118947,California
Marin,2021-03-27,3700,190990,2664,107816,1019,80261,17,2913,1133,46657,2557,73439,1149,120096,California
Marin,2021-03-28,2386,193376,1722,109538,658,80919,6,2919,835,45954,1544,74983,841,120937,California
Marin,2021-03-29,2684,196060,2095,111633,564,81483,25,2944,1135,45568,1546,76529,1160,122097,California
Marin,2021-03-30,4658,200718,3650,115283,975,82458,33,2977,2952,46849,1704,78233,2985,125082,California
Marin,2021-03-31,5847,206565,4145,119428,1652,84110,50,3027,2549,46162,3286,81519,2599,127681,California
Marin,2021-04-01,4452,211017,2284,121712,1915,86025,253,3280,2111,46196,2329,83848,2363,130044,California
Marin,2021-04-02,3732,214749,1859,123571,1503,87528,370,3650,1994,46822,1730,85578,2356,132400,California
Marin,2021-04-03,3855,218604,2512,126083,967,88495,376,4026,1459,46273,2384,87962,1835,134235,California
Marin,2021-04-04,1642,220246,1239,127322,202,88697,201,4227,1198,47230,442,88404,1399,135634,California
Marin,2021-04-05,2203,222449,1534,128856,295,88992,374,4601,1267,47938,931,89335,1639,137273,California
Marin,2021-04-06,3969,226418,2106,130962,1307,90299,556,5157,2206,48940,1757,91092,2759,140032,California
Marin,2021-04-07,3957,230375,1990,132952,1324,91623,643,5800,1431,48498,2516,93608,2074,142106,California
Marin,2021-04-08,5062,235437,1975,134927,2478,94101,609,6409,2308,48663,2742,96350,2907,145013,California
Marin,2021-04-09,3995,239432,1560,136487,1703,95804,732,7141,1320,48042,2670,99020,2049,147062,California
Marin,2021-04-10,3216,242648,1485,137972,1298,97102,433,7574,1449,48168,1752,100772,1878,148940,California
Marin,2021-04-11,1057,243705,807,138779,89,97191,161,7735,473,48219,582,101354,633,149573,California
Marin,2021-04-12,1726,245431,1234,140013,335,97526,157,7892,917,48488,806,102160,1075,150648,California
Marin,2021-04-13,3759,249190,2302,142315,1450,98976,7,7899,1387,47521,2361,104521,1394,152042,California
Marin,2021-04-14,4230,253420,2540,144855,1687,100663,3,7902,1730,46777,2475,106996,1731,153773,California
Marin,2021-04-15,5622,259042,3982,148837,1640,102303,0,7902,3224,47618,2384,109380,3225,156998,California
Marin,2021-04-16,4288,263330,2245,151082,2040,104343,3,7905,2088,47535,2184,111564,2101,159099,California
Marin,2021-04-17,3561,266891,2168,153250,1393,105736,0,7905,1778,47542,1777,113341,1784,160883,California
Marin,2021-04-18,3171,270062,3080,156330,91,105827,0,7905,2542,49458,626,113967,2542,163425,California
Marin,2021-04-19,2041,272103,1874,158204,167,105994,0,7905,1157,49741,879,114846,1162,164587,California
Marin,2021-04-20,3681,275784,2544,160748,1137,107131,0,7905,1459,48987,2214,117060,1460,166047,California
Marin,2021-04-21,4006,279790,2941,163689,1062,108193,3,7908,1353,47705,2636,119696,1354,167401,California
Marin,2021-04-22,4224,284014,3219,166908,1005,109198,0,7908,1485,46465,2728,122424,1488,168889,California
Marin,2021-04-23,3207,287221,1801,168709,1406,110604,0,7908,1216,45704,1978,124402,1217,170106,California
Marin,2021-04-24,2504,289725,1677,170386,827,111431,0,7908,913,45038,1579,125981,913,171019,California
Marin,2021-04-25,1375,291100,1261,171647,114,111545,0,7908,303,44278,1063,127044,303,171322,California
Marin,2021-04-26,1608,292708,1386,173033,219,111764,3,7911,383,43443,1222,128266,387,171709,California
Marin,2021-04-27,3038,295746,2196,175229,792,112556,50,7961,979,42418,2050,130316,1025,172734,California
Marin,2021-04-28,2303,298049,1583,176812,668,113224,52,8013,729,41626,1572,131888,780,173514,California
Marin,2021-04-29,2885,300934,1975,178787,848,114072,62,8075,794,40402,2080,133968,856,174370,California
Marin,2021-04-30,1952,302886,1274,180061,591,114663,87,8162,694,39934,1249,135217,781,175151,California
Marin,2021-05-01,1835,304721,1021,181082,791,115454,23,8185,543,39215,1284,136501,565,175716,California
Marin,2021-05-02,723,305444,583,181665,111,115565,29,8214,198,38922,519,137020,226,175942,California
Marin,2021-05-03,1205,306649,982,182647,166,115731,57,8271,253,38283,948,137968,309,176251,California
Marin,2021-05-04,2936,309585,1967,184614,877,116608,92,8363,479,36405,2449,140417,571,176822,California
Marin,2021-05-05,2729,312314,2004,186618,600,117208,125,8488,438,34683,2284,142701,562,177384,California
Marin,2021-05-06,3262,315576,2532,189150,642,117850,88,8576,427,32369,2826,145527,512,177896,California
Marin,2021-05-07,2032,317608,1539,190689,408,118258,85,8661,378,31182,1647,147174,460,178356,California
Marin,2021-05-08,2469,320077,1862,192551,485,118743,122,8783,341,29525,2120,149294,463,178819,California
Marin,2021-05-09,979,321056,895,193446,65,118808,19,8802,117,28803,859,150153,137,178956,California
Marin,2021-05-10,1401,322457,1147,194593,184,118992,70,8872,201,27878,1195,151348,270,179226,California
Marin,2021-05-11,2303,324760,1839,196432,408,119400,56,8928,294,26220,2007,153355,349,179575,California
Marin,2021-05-12,1427,326187,1047,197479,311,119711,69,8997,288,25441,1134,154489,355,179930,California
Marin,2021-05-13,2594,328781,2248,199727,292,120003,54,9051,1407,25721,1180,155669,1460,181390,California
Marin,2021-05-14,2199,330980,1449,201176,651,120654,99,9150,878,25382,1315,156984,976,182366,California
Marin,2021-05-15,2724,333704,2259,203435,385,121039,80,9230,1656,26051,1067,158051,1736,184102,California
Marin,2021-05-16,1643,335347,1591,205026,47,121086,5,9235,1332,27078,309,158360,1336,185438,California
Marin,2021-05-17,2130,337477,1982,207008,105,121191,43,9278,1703,28404,420,158780,1746,187184,California
Marin,2021-05-18,1525,339002,1184,208192,285,121476,56,9334,796,28531,723,159503,850,188034,California
Marin,2021-05-19,1533,340535,1240,209432,224,121700,69,9403,778,28627,749,160252,845,188879,California
Marin,2021-05-20,1809,342344,1484,210916,240,121940,85,9488,753,28417,1048,161300,838,189717,California
Marin,2021-05-21,1439,343783,839,211755,551,122491,49,9537,433,27900,999,162299,482,190199,California
Marin,2021-05-22,1420,345203,1078,212833,285,122776,57,9594,958,28456,459,162758,1015,191214,California
Marin,2021-05-23,474,345677,420,213253,42,122818,12,9606,221,28439,251,163009,234,191448,California
Marin,2021-05-24,640,346317,490,213743,109,122927,41,9647,352,28546,285,163294,392,191840,California
Marin,2021-05-25,994,347311,625,214368,323,123250,46,9693,312,28228,674,163968,356,192196,California
Marin,2021-05-26,703,348014,481,214849,174,123424,48,9741,258,28093,441,164409,306,192502,California
Marin,2021-05-27,1028,349042,662,215511,287,123711,79,9820,344,27834,682,165091,423,192925,California
Marin,2021-05-28,1096,350138,714,216225,303,124014,79,9899,324,27467,768,165859,401,193326,California
Marin,2021-05-29,373,350511,215,216440,148,124162,10,9909,213,27530,160,166019,223,193549,California
Marin,2021-05-30,100,350611,59,216499,36,124198,5,9914,58,27552,41,166060,63,193612,California
Marin,2021-05-31,27,350638,13,216512,13,124211,1,9915,14,27554,13,166073,15,193627,California
Marin,2021-06-01,751,351389,547,217059,159,124370,45,9960,324,27497,425,166498,368,193995,California
Marin,2021-06-02,623,352012,475,217534,96,124466,52,10012,216,27360,403,166901,266,194261,California
Marin,2021-06-03,1491,353503,1321,218855,112,124578,58,10070,237,26405,1251,168152,296,194557,California
Marin,2021-06-04,1010,354513,854,219709,124,124702,32,10102,181,25791,827,168979,213,194770,California
Marin,2021-06-05,1922,356435,1706,221415,168,124870,48,10150,320,24564,1595,170574,368,195138,California
Marin,2021-06-06,1403,357838,1354,222769,15,124885,34,10184,199,23594,1203,171777,233,195371,California
Marin,2021-06-07,1940,359778,1822,224591,68,124953,50,10234,249,22206,1686,173463,298,195669,California
Marin,2021-06-08,980,360758,871,225462,68,125021,41,10275,234,21742,739,174202,275,195944,California
Marin,2021-06-09,742,361500,668,226130,65,125086,9,10284,136,21282,605,174807,145,196089,California
Marin,2021-06-10,882,362382,774,226904,60,125146,48,10332,181,20814,697,175504,229,196318,California
Marin,2021-06-11,673,363055,577,227481,65,125211,31,10363,140,20452,533,176037,171,196489,California
Marin,2021-06-12,921,363976,790,228271,90,125301,41,10404,155,19885,763,176800,196,196685,California
Marin,2021-06-13,411,364387,381,228652,20,125321,10,10414,67,19621,341,177141,77,196762,California
Marin,2021-06-14,868,365255,742,229394,78,125399,48,10462,215,19233,649,177790,261,197023,California
Marin,2021-06-15,539,365794,429,229823,85,125484,25,10487,171,19062,367,178157,196,197219,California
Marin,2021-06-16,463,366257,390,230213,36,125520,37,10524,154,18948,304,178461,190,197409,California
Marin,2021-06-17,363,366620,327,230540,15,125535,21,10545,124,18854,238,178699,144,197553,California
Mariposa,2020-12-17,37,37,37,37,0,0,0,0,39,39,0,0,39,39,California
Mariposa,2020-12-18,55,92,55,92,0,0,0,0,56,95,0,0,56,95,California
Mariposa,2020-12-20,2,94,2,94,0,0,0,0,2,97,0,0,2,97,California
Mariposa,2020-12-21,48,142,48,142,0,0,0,0,52,149,0,0,52,149,California
Mariposa,2020-12-22,6,148,6,148,0,0,0,0,6,155,0,0,6,155,California
Mariposa,2020-12-23,17,165,17,165,0,0,0,0,17,172,0,0,17,172,California
Mariposa,2020-12-24,1,166,0,165,1,1,0,0,0,172,1,1,1,173,California
Mariposa,2020-12-26,1,167,1,166,0,1,0,0,1,173,0,1,1,174,California
Mariposa,2020-12-27,1,168,0,166,1,2,0,0,1,174,0,1,1,175,California
Mariposa,2020-12-28,6,174,3,169,3,5,0,0,6,180,0,1,6,181,California
Mariposa,2020-12-29,33,207,3,172,30,35,0,0,33,213,0,1,33,214,California
Mariposa,2020-12-30,26,233,4,176,22,57,0,0,26,239,0,1,26,240,California
Mariposa,2020-12-31,17,250,0,176,17,74,0,0,17,256,0,1,17,257,California
Mariposa,2021-01-02,1,251,1,177,0,74,0,0,1,257,0,1,1,258,California
Mariposa,2021-01-04,11,262,2,179,9,83,0,0,11,268,0,1,11,269,California
Mariposa,2021-01-05,25,287,15,194,10,93,0,0,15,273,10,11,15,284,California
Mariposa,2021-01-06,8,295,5,199,3,96,0,0,5,275,3,14,5,289,California
Mariposa,2021-01-07,50,345,45,244,5,101,0,0,5,235,45,59,5,294,California
Mariposa,2021-01-08,108,453,78,322,30,131,0,0,34,195,74,133,34,328,California
Mariposa,2021-01-11,32,485,10,332,22,153,0,0,24,211,8,141,24,352,California
Mariposa,2021-01-12,19,504,4,336,15,168,0,0,15,222,4,145,15,367,California
Mariposa,2021-01-13,22,526,5,341,17,185,0,0,18,236,4,149,18,385,California
Mariposa,2021-01-14,75,601,7,348,68,253,0,0,69,299,6,155,69,454,California
Mariposa,2021-01-15,68,669,27,375,41,294,0,0,58,347,10,165,58,512,California
Mariposa,2021-01-16,14,683,2,377,12,306,0,0,13,359,1,166,13,525,California
Mariposa,2021-01-17,6,689,1,378,5,311,0,0,5,363,1,167,5,530,California
Mariposa,2021-01-18,6,695,5,383,1,312,0,0,4,365,2,169,4,534,California
Mariposa,2021-01-19,7,702,4,387,3,315,0,0,4,367,2,171,4,538,California
Mariposa,2021-01-20,23,725,1,388,22,337,0,0,22,388,1,172,22,560,California
Mariposa,2021-01-21,66,791,8,396,58,395,0,0,62,446,4,176,62,622,California
Mariposa,2021-01-22,57,848,4,400,53,448,0,0,57,503,0,176,57,679,California
Mariposa,2021-01-23,116,964,2,402,114,562,0,0,114,615,2,178,114,793,California
Mariposa,2021-01-24,2,966,2,404,0,562,0,0,2,617,0,178,2,795,California
Mariposa,2021-01-25,4,970,1,405,3,565,0,0,0,613,4,182,0,795,California
Mariposa,2021-01-26,40,1010,5,410,35,600,0,0,6,590,34,216,11,806,California
Mariposa,2021-01-27,26,1036,2,412,24,624,0,0,11,587,14,230,11,817,California
Mariposa,2021-01-28,127,1163,3,415,124,748,0,0,114,689,12,242,114,931,California
Mariposa,2021-01-29,84,1247,22,437,62,810,0,0,83,771,1,243,83,1014,California
Mariposa,2021-01-30,10,1257,1,438,9,819,0,0,9,779,1,244,9,1023,California
Mariposa,2021-02-01,91,1348,32,470,59,878,0,0,69,826,22,266,69,1092,California
Mariposa,2021-02-02,15,1363,3,473,12,890,0,0,9,829,6,272,9,1101,California
Mariposa,2021-02-03,22,1385,1,474,21,911,0,0,13,834,8,280,13,1114,California
Mariposa,2021-02-04,98,1483,8,482,90,1001,0,0,93,924,4,284,94,1208,California
Mariposa,2021-02-05,192,1675,5,487,187,1188,0,0,166,1064,26,310,166,1374,California
Mariposa,2021-02-06,11,1686,4,491,7,1195,0,0,10,1073,1,311,10,1384,California
Mariposa,2021-02-07,1,1687,0,491,1,1196,0,0,1,1074,0,311,1,1385,California
Mariposa,2021-02-08,42,1729,3,494,39,1235,0,0,22,1076,20,331,22,1407,California
Mariposa,2021-02-09,41,1770,24,518,17,1252,0,0,35,1105,6,337,35,1442,California
Mariposa,2021-02-10,30,1800,4,522,26,1278,0,0,18,1118,11,348,24,1466,California
Mariposa,2021-02-11,376,2176,5,527,371,1649,0,0,361,1467,15,363,364,1830,California
Mariposa,2021-02-12,186,2362,9,536,177,1826,0,0,140,1561,46,409,140,1970,California
Mariposa,2021-02-13,11,2373,3,539,8,1834,0,0,9,1568,2,411,9,1979,California
Mariposa,2021-02-14,12,2385,4,543,8,1842,0,0,6,1568,6,417,6,1985,California
Mariposa,2021-02-15,9,2394,3,546,6,1848,0,0,7,1573,2,419,7,1992,California
Mariposa,2021-02-16,57,2451,34,580,23,1871,0,0,34,1584,23,442,34,2026,California
Mariposa,2021-02-17,35,2486,8,588,27,1898,0,0,27,1605,7,449,28,2054,California
Mariposa,2021-02-18,60,2546,7,595,53,1951,0,0,23,1591,37,486,23,2077,California
Mariposa,2021-02-19,82,2628,3,598,79,2030,0,0,76,1661,6,492,76,2153,California
Mariposa,2021-02-20,259,2887,6,604,253,2283,0,0,227,1858,30,522,227,2380,California
Mariposa,2021-02-21,244,3131,5,609,239,2522,0,0,241,2097,2,524,241,2621,California
Mariposa,2021-02-22,24,3155,9,618,15,2537,0,0,20,2113,4,528,20,2641,California
Mariposa,2021-02-23,45,3200,38,656,7,2544,0,0,26,2120,19,547,26,2667,California
Mariposa,2021-02-24,21,3221,3,659,18,2562,0,0,8,2116,12,559,8,2675,California
Mariposa,2021-02-25,18,3239,9,668,9,2571,0,0,12,2122,6,565,12,2687,California
Mariposa,2021-02-26,431,3670,7,675,424,2995,0,0,370,2432,61,626,371,3058,California
Mariposa,2021-02-27,177,3847,5,680,172,3167,0,0,165,2585,12,638,165,3223,California
Mariposa,2021-02-28,1,3848,1,681,0,3167,0,0,0,2584,1,639,0,3223,California
Mariposa,2021-03-01,82,3930,26,707,56,3223,0,0,16,2535,65,704,16,3239,California
Mariposa,2021-03-02,19,3949,12,719,7,3230,0,0,11,2539,7,711,11,3250,California
Mariposa,2021-03-03,71,4020,5,724,66,3296,0,0,66,2601,5,716,67,3317,California
Mariposa,2021-03-04,41,4061,10,734,31,3327,0,0,20,2601,21,737,21,3338,California
Mariposa,2021-03-05,57,4118,8,742,49,3376,0,0,39,2628,18,755,45,3383,California
Mariposa,2021-03-06,16,4134,7,749,9,3385,0,0,8,2628,8,763,8,3391,California
Mariposa,2021-03-07,1,4135,1,750,0,3385,0,0,0,2627,1,764,0,3391,California
Mariposa,2021-03-08,41,4176,4,754,26,3411,11,11,11,2619,30,794,22,3413,California
Mariposa,2021-03-09,43,4219,17,771,16,3427,10,21,15,2616,28,822,25,3438,California
Mariposa,2021-03-10,33,4252,9,780,14,3441,10,31,10,2613,23,845,20,3458,California
Mariposa,2021-03-11,472,4724,7,787,445,3886,20,51,228,2621,243,1088,251,3709,California
Mariposa,2021-03-12,257,4981,8,795,223,4109,26,77,119,2627,138,1226,144,3853,California
Mariposa,2021-03-13,34,5015,8,803,11,4120,15,92,11,2629,23,1249,25,3878,California
Mariposa,2021-03-14,17,5032,2,805,4,4124,11,103,2,2627,15,1264,13,3891,California
Mariposa,2021-03-15,76,5108,7,812,31,4155,38,141,31,2651,45,1309,69,3960,California
Mariposa,2021-03-16,84,5192,34,846,15,4170,35,176,25,2652,59,1368,60,4020,California
Mariposa,2021-03-17,72,5264,9,855,55,4225,8,184,52,2692,19,1387,59,4079,California
Mariposa,2021-03-18,68,5332,15,870,44,4269,9,193,40,2713,28,1415,49,4128,California
Mariposa,2021-03-19,344,5676,12,882,325,4594,7,200,304,2985,40,1455,312,4440,California
Mariposa,2021-03-20,429,6105,4,886,423,5017,2,202,46,2651,383,1838,49,4489,California
Mariposa,2021-03-21,16,6121,8,894,7,5024,1,203,9,2655,6,1844,10,4499,California
Mariposa,2021-03-22,41,6162,10,904,23,5047,8,211,28,2680,13,1857,38,4537,California
Mariposa,2021-03-23,54,6216,34,938,10,5057,10,221,33,2702,21,1878,43,4580,California
Mariposa,2021-03-24,56,6272,5,943,49,5106,2,223,51,2750,5,1883,53,4633,California
Mariposa,2021-03-25,76,6348,15,958,53,5159,8,231,53,2790,21,1904,61,4694,California
Mariposa,2021-03-26,498,6846,9,967,488,5647,1,232,253,2799,245,2149,254,4948,California
Mariposa,2021-03-27,239,7085,10,977,229,5876,0,232,98,2758,141,2290,100,5048,California
Mariposa,2021-03-28,5,7090,0,977,2,5878,3,235,1,2758,4,2294,4,5052,California
Mariposa,2021-03-29,18,7108,5,982,13,5891,0,235,11,2762,7,2301,11,5063,California
Mariposa,2021-03-30,36,7144,13,995,7,5898,16,251,13,2768,23,2324,29,5092,California
Mariposa,2021-03-31,91,7235,16,1011,68,5966,7,258,69,2822,22,2346,76,5168,California
Mariposa,2021-04-01,55,7290,12,1023,35,6001,8,266,35,2845,20,2366,43,5211,California
Mariposa,2021-04-02,353,7643,13,1036,337,6338,3,269,310,3116,42,2408,313,5524,California
Mariposa,2021-04-03,11,7654,8,1044,3,6341,0,269,6,3117,5,2413,6,5530,California
Mariposa,2021-04-04,2,7656,1,1045,0,6341,1,270,0,3116,2,2415,1,5531,California
Mariposa,2021-04-05,35,7691,22,1067,9,6350,4,274,16,3117,19,2434,20,5551,California
Mariposa,2021-04-06,45,7736,20,1087,9,6359,16,290,14,3117,30,2464,30,5581,California
Mariposa,2021-04-07,99,7835,7,1094,73,6432,19,309,29,3095,70,2534,48,5629,California
Mariposa,2021-04-08,286,8121,16,1110,251,6683,19,328,148,3127,136,2670,168,5797,California
Mariposa,2021-04-09,39,8160,9,1119,15,6698,15,343,10,3123,29,2699,25,5822,California
Mariposa,2021-04-10,204,8364,6,1125,188,6886,10,353,190,3310,12,2711,199,6021,California
Mariposa,2021-04-11,123,8487,3,1128,118,7004,2,355,58,3306,65,2776,61,6082,California
Mariposa,2021-04-12,42,8529,13,1141,27,7031,2,357,13,3292,29,2805,15,6097,California
Mariposa,2021-04-13,57,8586,49,1190,8,7039,0,357,35,3305,22,2827,35,6132,California
Mariposa,2021-04-14,114,8700,9,1199,105,7144,0,357,58,3308,55,2882,58,6190,California
Mariposa,2021-04-15,62,8762,19,1218,43,7187,0,357,47,3343,12,2894,47,6237,California
Mariposa,2021-04-16,383,9145,12,1230,371,7558,0,357,106,3172,277,3171,106,6343,California
Mariposa,2021-04-17,10,9155,6,1236,4,7562,0,357,7,3176,3,3174,7,6350,California
Mariposa,2021-04-18,7,9162,0,1236,7,7569,0,357,3,3175,4,3178,3,6353,California
Mariposa,2021-04-19,61,9223,28,1264,33,7602,0,357,33,3182,26,3204,33,6386,California
Mariposa,2021-04-20,61,9284,48,1312,13,7615,0,357,38,3199,21,3225,38,6424,California
Mariposa,2021-04-21,91,9375,14,1326,77,7692,0,357,42,3193,48,3273,42,6466,California
Mariposa,2021-04-22,50,9425,10,1336,40,7732,0,357,38,3220,11,3284,38,6504,California
Mariposa,2021-04-23,316,9741,71,1407,245,7977,0,357,144,3194,172,3456,146,6650,California
Mariposa,2021-04-24,110,9851,10,1417,100,8077,0,357,42,3169,67,3523,42,6692,California
Mariposa,2021-04-26,16,9867,11,1428,5,8082,0,357,5,3163,11,3534,5,6697,California
Mariposa,2021-04-27,33,9900,17,1445,14,8096,2,359,15,3165,15,3549,17,6714,California
Mariposa,2021-04-28,75,9975,14,1459,54,8150,7,366,27,3151,48,3597,34,6748,California
Mariposa,2021-04-29,84,10059,12,1471,71,8221,1,367,79,3226,5,3602,80,6828,California
Mariposa,2021-04-30,212,10271,4,1475,203,8424,5,372,62,3143,150,3752,67,6895,California
Mariposa,2021-05-01,5,10276,4,1479,1,8425,0,372,1,3140,4,3756,1,6896,California
Mariposa,2021-05-02,3,10279,2,1481,0,8425,1,373,0,3138,3,3759,1,6897,California
Mariposa,2021-05-03,15,10294,11,1492,3,8428,1,374,6,3136,9,3768,7,6904,California
Mariposa,2021-05-04,52,10346,32,1524,16,8444,4,378,37,3162,15,3783,41,6945,California
Mariposa,2021-05-05,57,10403,9,1533,46,8490,2,380,18,3143,39,3822,20,6965,California
Mariposa,2021-05-06,58,10461,38,1571,15,8505,5,385,39,3168,19,3841,44,7009,California
Mariposa,2021-05-07,27,10488,7,1578,17,8522,3,388,13,3170,14,3855,16,7025,California
Mariposa,2021-05-08,286,10774,9,1587,277,8799,0,388,33,2952,253,4108,35,7060,California
Mariposa,2021-05-09,3,10777,1,1588,2,8801,0,388,0,2949,3,4111,0,7060,California
Mariposa,2021-05-10,20,10797,9,1597,9,8810,2,390,4,2939,16,4127,6,7066,California
Mariposa,2021-05-11,28,10825,17,1614,10,8820,1,391,20,2953,7,4134,21,7087,California
Mariposa,2021-05-12,67,10892,4,1618,58,8878,5,396,6,2903,61,4195,11,7098,California
Mariposa,2021-05-13,49,10941,8,1626,39,8917,2,398,13,2882,36,4231,15,7113,California
Mariposa,2021-05-14,249,11190,121,1747,121,9038,7,405,117,2874,132,4363,124,7237,California
Mariposa,2021-05-15,19,11209,9,1756,8,9046,2,407,11,2880,6,4369,12,7249,California
Mariposa,2021-05-16,3,11212,1,1757,1,9047,1,408,1,2880,2,4371,2,7251,California
Mariposa,2021-05-17,18,11230,7,1764,7,9054,4,412,8,2881,10,4381,11,7262,California
Mariposa,2021-05-18,61,11291,41,1805,15,9069,5,417,44,2914,16,4397,49,7311,California
Mariposa,2021-05-19,70,11361,32,1837,37,9106,1,418,51,2948,18,4415,52,7363,California
Mariposa,2021-05-20,34,11395,18,1855,14,9120,2,420,13,2942,21,4436,15,7378,California
Mariposa,2021-05-21,92,11487,8,1863,82,9202,2,422,42,2938,48,4484,44,7422,California
Mariposa,2021-05-22,48,11535,7,1870,40,9242,1,423,18,2927,30,4514,19,7441,California
Mariposa,2021-05-23,3,11538,2,1872,0,9242,1,424,2,2929,1,4515,3,7444,California
Mariposa,2021-05-24,13,11551,7,1879,4,9246,2,426,8,2934,5,4520,10,7454,California
Mariposa,2021-05-25,27,11578,17,1896,10,9256,0,426,19,2945,8,4528,19,7473,California
Mariposa,2021-05-26,35,11613,4,1900,27,9283,4,430,28,2970,7,4535,32,7505,California
Mariposa,2021-05-27,119,11732,64,1964,55,9338,0,430,62,2975,57,4592,62,7567,California
Mariposa,2021-05-28,64,11796,4,1968,56,9394,4,434,23,2961,41,4633,27,7594,California
Mariposa,2021-05-29,8,11804,2,1970,5,9399,1,435,3,2962,3,4636,4,7598,California
Mariposa,2021-05-30,1,11805,0,1970,0,9399,1,436,0,2962,1,4637,1,7599,California
Mariposa,2021-05-31,2,11807,0,1970,1,9400,1,437,0,2961,2,4639,1,7600,California
Mariposa,2021-06-01,14,11821,3,1973,11,9411,0,437,5,2957,9,4648,5,7605,California
Mariposa,2021-06-02,26,11847,14,1987,7,9418,5,442,6,2949,19,4667,11,7616,California
Mariposa,2021-06-03,19,11866,10,1997,7,9425,2,444,7,2946,12,4679,9,7625,California
Mariposa,2021-06-04,90,11956,79,2076,9,9434,2,446,27,2913,61,4740,28,7653,California
Mariposa,2021-06-05,29,11985,3,2079,24,9458,2,448,7,2901,21,4761,9,7662,California
Mariposa,2021-06-06,4,11989,3,2082,0,9458,1,449,1,2900,3,4764,2,7664,California
Mariposa,2021-06-07,10,11999,5,2087,5,9463,0,449,4,2899,5,4769,4,7668,California
Mariposa,2021-06-08,45,12044,34,2121,10,9473,1,450,14,2883,31,4800,15,7683,California
Mariposa,2021-06-09,28,12072,21,2142,2,9475,5,455,6,2872,22,4822,11,7694,California
Mariposa,2021-06-10,16,12088,8,2150,5,9480,3,458,6,2872,10,4832,10,7704,California
Mariposa,2021-06-11,44,12132,13,2163,23,9503,8,466,10,2856,34,4866,18,7722,California
Mariposa,2021-06-12,17,12149,11,2174,5,9508,1,467,3,2845,14,4880,3,7725,California
Mariposa,2021-06-13,1,12150,0,2174,0,9508,1,468,0,2845,1,4881,1,7726,California
Mariposa,2021-06-14,11,12161,4,2178,6,9514,1,469,5,2845,6,4887,6,7732,California
Mariposa,2021-06-15,24,12185,12,2190,11,9525,1,470,6,2834,18,4905,7,7739,California
Mariposa,2021-06-16,24,12209,12,2202,12,9537,0,470,7,2824,17,4922,7,7746,California
Mariposa,2021-06-17,5,12214,1,2203,4,9541,0,470,4,2827,1,4923,4,7750,California
Mendocino,2020-12-17,70,70,70,70,0,0,0,0,70,70,0,0,70,70,California
Mendocino,2020-12-18,84,154,83,153,1,1,0,0,83,153,0,0,83,153,California
Mendocino,2020-12-19,3,157,3,156,0,1,0,0,3,156,0,0,3,156,California
Mendocino,2020-12-20,7,164,7,163,0,1,0,0,7,163,0,0,7,163,California
Mendocino,2020-12-21,239,403,239,402,0,1,0,0,77,240,0,0,77,240,California
Mendocino,2020-12-22,254,657,193,595,61,62,0,0,254,494,0,0,254,494,California
Mendocino,2020-12-23,270,927,47,642,223,285,0,0,269,763,0,0,269,763,California
Mendocino,2020-12-24,48,975,8,650,40,325,0,0,48,811,0,0,48,811,California
Mendocino,2020-12-25,1,976,0,650,1,326,0,0,1,812,0,0,1,812,California
Mendocino,2020-12-26,2,978,2,652,0,326,0,0,2,814,0,0,2,814,California
Mendocino,2020-12-27,1,979,0,652,1,327,0,0,1,815,0,0,1,815,California
Mendocino,2020-12-28,73,1052,8,660,65,392,0,0,73,888,0,0,73,888,California
Mendocino,2020-12-29,119,1171,59,719,60,452,0,0,119,1007,0,0,119,1007,California
Mendocino,2020-12-30,119,1290,66,785,53,505,0,0,119,1126,0,0,119,1126,California
Mendocino,2020-12-31,132,1422,97,882,35,540,0,0,132,1258,0,0,132,1258,California
Mendocino,2021-01-01,9,1431,6,888,3,543,0,0,9,1267,0,0,9,1267,California
Mendocino,2021-01-04,838,2269,18,906,820,1363,0,0,838,2105,0,0,838,2105,California
Mendocino,2021-01-05,73,2342,36,942,37,1400,0,0,60,2152,13,13,60,2165,California
Mendocino,2021-01-06,156,2498,134,1076,22,1422,0,0,147,2290,9,22,147,2312,California
Mendocino,2021-01-07,363,2861,240,1316,123,1545,0,0,300,2527,63,85,300,2612,California
Mendocino,2021-01-08,93,2954,80,1396,13,1558,0,0,40,2515,53,138,41,2653,California
Mendocino,2021-01-09,10,2964,6,1402,4,1562,0,0,8,2521,2,140,8,2661,California
Mendocino,2021-01-10,9,2973,8,1410,1,1563,0,0,2,2516,7,147,2,2663,California
Mendocino,2021-01-11,102,3075,92,1502,10,1573,0,0,44,2503,57,204,44,2707,California
Mendocino,2021-01-12,389,3464,379,1881,10,1583,0,0,271,2656,118,322,271,2978,California
Mendocino,2021-01-13,495,3959,149,2030,346,1929,0,0,450,3064,43,365,451,3429,California
Mendocino,2021-01-14,652,4611,20,2050,632,2561,0,0,643,3698,9,374,643,4072,California
Mendocino,2021-01-15,1872,6483,861,2911,1011,3572,0,0,1869,5565,3,377,1870,5942,California
Mendocino,2021-01-16,793,7276,49,2960,744,4316,0,0,791,6354,2,379,791,6733,California
Mendocino,2021-01-17,557,7833,1,2961,556,4872,0,0,556,6909,1,380,556,7289,California
Mendocino,2021-01-18,486,8319,461,3422,25,4897,0,0,476,7375,10,390,476,7765,California
Mendocino,2021-01-19,330,8649,145,3567,185,5082,0,0,156,7357,174,564,156,7921,California
Mendocino,2021-01-20,556,9205,407,3974,149,5231,0,0,450,7704,104,668,451,8372,California
Mendocino,2021-01-21,537,9742,226,4200,311,5542,0,0,351,7870,185,853,351,8723,California
Mendocino,2021-01-22,152,9894,58,4258,94,5636,0,0,113,7944,39,892,113,8836,California
Mendocino,2021-01-23,157,10051,85,4343,72,5708,0,0,151,8089,6,898,151,8987,California
Mendocino,2021-01-24,4,10055,2,4345,2,5710,0,0,4,8093,0,898,4,8991,California
Mendocino,2021-01-25,192,10247,18,4363,174,5884,0,0,122,8145,70,968,122,9113,California
Mendocino,2021-01-26,152,10399,53,4416,99,5983,0,0,94,8181,58,1026,94,9207,California
Mendocino,2021-01-27,444,10843,373,4789,71,6054,0,0,177,8098,260,1286,177,9384,California
Mendocino,2021-01-28,593,11436,529,5318,64,6118,0,0,497,8500,95,1381,497,9881,California
Mendocino,2021-01-29,391,11827,352,5670,39,6157,0,0,362,8834,29,1410,363,10244,California
Mendocino,2021-01-30,50,11877,32,5702,18,6175,0,0,44,8872,6,1416,44,10288,California
Mendocino,2021-01-31,276,12153,2,5704,274,6449,0,0,4,8604,272,1688,4,10292,California
Mendocino,2021-02-01,383,12536,53,5757,330,6779,0,0,60,8341,323,2011,60,10352,California
Mendocino,2021-02-02,740,13276,521,6278,219,6998,0,0,380,8361,360,2371,380,10732,California
Mendocino,2021-02-03,395,13671,208,6486,187,7185,0,0,223,8414,170,2541,223,10955,California
Mendocino,2021-02-04,628,14299,533,7019,95,7280,0,0,502,8790,126,2667,502,11457,California
Mendocino,2021-02-05,1307,15606,1216,8235,91,7371,0,0,586,8657,719,3386,586,12043,California
Mendocino,2021-02-06,552,16158,152,8387,400,7771,0,0,537,9179,15,3401,537,12580,California
Mendocino,2021-02-07,33,16191,29,8416,4,7775,0,0,33,9212,0,3401,33,12613,California
Mendocino,2021-02-08,746,16937,714,9130,32,7807,0,0,283,9032,463,3864,283,12896,California
Mendocino,2021-02-09,139,17076,58,9188,81,7888,0,0,87,9067,52,3916,87,12983,California
Mendocino,2021-02-10,1489,18565,925,10113,564,8452,0,0,742,9069,740,4656,742,13725,California
Mendocino,2021-02-11,1211,19776,207,10320,1004,9456,0,0,300,8458,911,5567,300,14025,California
Mendocino,2021-02-12,1457,21233,160,10480,1297,10753,0,0,657,8316,799,6366,657,14682,California
Mendocino,2021-02-13,500,21733,16,10496,484,11237,0,0,101,8024,398,6764,106,14788,California
Mendocino,2021-02-14,698,22431,4,10500,694,11931,0,0,136,7598,562,7326,136,14924,California
Mendocino,2021-02-15,331,22762,42,10542,289,12220,0,0,174,7615,157,7483,174,15098,California
Mendocino,2021-02-16,197,22959,50,10592,147,12367,0,0,127,7672,70,7553,127,15225,California
Mendocino,2021-02-17,1353,24312,1189,11781,164,12531,0,0,875,8071,476,8029,875,16100,California
Mendocino,2021-02-18,1788,26100,646,12427,1142,13673,0,0,1222,8729,564,8593,1222,17322,California
Mendocino,2021-02-19,756,26856,147,12574,609,14282,0,0,613,9200,143,8736,614,17936,California
Mendocino,2021-02-20,582,27438,556,13130,26,14308,0,0,549,9718,31,8767,549,18485,California
Mendocino,2021-02-21,324,27762,6,13136,318,14626,0,0,312,10019,11,8778,312,18797,California
Mendocino,2021-02-22,162,27924,29,13165,133,14759,0,0,69,9997,91,8869,69,18866,California
Mendocino,2021-02-23,862,28786,849,14014,13,14772,0,0,647,10431,213,9082,647,19513,California
Mendocino,2021-02-24,1856,30642,1772,15786,84,14856,0,0,1440,11462,411,9493,1442,20955,California
Mendocino,2021-02-25,1709,32351,535,16321,1174,16030,0,0,1286,12326,422,9915,1286,22241,California
Mendocino,2021-02-26,1412,33763,748,17069,664,16694,0,0,1050,13017,359,10274,1050,23291,California
Mendocino,2021-02-27,196,33959,144,17213,52,16746,0,0,76,12974,119,10393,76,23367,California
Mendocino,2021-02-28,34,33993,12,17225,22,16768,0,0,24,12988,10,10403,24,23391,California
Mendocino,2021-03-01,594,34587,551,17776,43,16811,0,0,554,13505,37,10440,554,23945,California
Mendocino,2021-03-02,73,34660,26,17802,47,16858,0,0,39,13511,33,10473,39,23984,California
Mendocino,2021-03-03,2040,36700,1338,19140,702,17560,0,0,1387,14248,650,11123,1387,25371,California
Mendocino,2021-03-04,1850,38550,148,19288,1702,19262,0,0,1633,15668,214,11337,1634,27005,California
Mendocino,2021-03-05,474,39024,415,19703,50,19312,9,9,371,15949,99,11436,380,27385,California
Mendocino,2021-03-06,248,39272,24,19727,197,19509,27,36,203,16135,44,11480,230,27615,California
Mendocino,2021-03-07,506,39778,8,19735,478,19987,20,56,117,15883,388,11868,136,27751,California
Mendocino,2021-03-08,123,39901,28,19763,57,20044,38,94,63,15926,58,11926,101,27852,California
Mendocino,2021-03-09,934,40835,600,20363,294,20338,40,134,830,16692,104,12030,870,28722,California
Mendocino,2021-03-10,1145,41980,983,21346,98,20436,64,198,271,16161,869,12899,338,29060,California
Mendocino,2021-03-11,844,42824,627,21973,164,20600,53,251,401,16175,440,13339,454,29514,California
Mendocino,2021-03-12,2068,44892,1056,23029,898,21498,114,365,1238,16704,823,14162,1352,30866,California
Mendocino,2021-03-13,704,45596,571,23600,75,21573,58,423,104,16270,596,14758,162,31028,California
Mendocino,2021-03-14,106,45702,4,23604,95,21668,7,430,12,16199,90,14848,19,31047,California
Mendocino,2021-03-15,609,46311,51,23655,499,22167,59,489,217,16084,390,15238,275,31322,California
Mendocino,2021-03-16,581,46892,386,24041,149,22316,46,535,118,15787,461,15699,164,31486,California
Mendocino,2021-03-17,1588,48480,1388,25429,51,22367,149,684,217,14794,1365,17064,372,31858,California
Mendocino,2021-03-18,1309,49789,248,25677,1024,23391,37,721,279,14087,1022,18086,315,32173,California
Mendocino,2021-03-19,1777,51566,854,26531,864,24255,59,780,332,13040,1440,19526,393,32566,California
Mendocino,2021-03-20,67,51633,9,26540,38,24293,20,800,11,13015,56,19582,31,32597,California
Mendocino,2021-03-21,8,51641,1,26541,2,24295,5,805,3,13018,5,19587,8,32605,California
Mendocino,2021-03-22,661,52302,617,27158,15,24310,29,834,146,12681,511,20098,174,32779,California
Mendocino,2021-03-23,164,52466,34,27192,100,24410,30,864,114,12775,50,20148,144,32923,California
Mendocino,2021-03-24,915,53381,844,28036,24,24434,47,911,107,12123,806,20954,154,33077,California
Mendocino,2021-03-25,2015,55396,53,28089,1942,26376,20,931,176,10484,1833,22787,194,33271,California
Mendocino,2021-03-26,545,55941,394,28483,125,26501,26,957,114,10193,430,23217,139,33410,California
Mendocino,2021-03-27,146,56087,14,28497,120,26621,12,969,81,10221,64,23281,92,33502,California
Mendocino,2021-03-28,25,56112,6,28503,15,26636,4,973,4,10209,20,23301,8,33510,California
Mendocino,2021-03-29,191,56303,99,28602,48,26684,44,1017,97,10256,94,23395,141,33651,California
Mendocino,2021-03-30,715,57018,631,29233,47,26731,37,1054,104,9788,609,24004,141,33792,California
Mendocino,2021-03-31,917,57935,282,29515,574,27305,61,1115,153,9241,761,24765,214,34006,California
Mendocino,2021-04-01,1750,59685,420,29935,1249,28554,81,1196,380,8342,1359,26124,460,34466,California
Mendocino,2021-04-02,1310,60995,1078,31013,159,28713,73,1269,157,7422,1150,27274,230,34696,California
Mendocino,2021-04-03,709,61704,10,31023,678,29391,21,1290,87,6913,617,27891,108,34804,California
Mendocino,2021-04-04,71,61775,35,31058,30,29421,6,1296,55,6958,16,27907,61,34865,California
Mendocino,2021-04-05,209,61984,140,31198,45,29466,24,1320,124,7018,85,27992,145,35010,California
Mendocino,2021-04-06,395,62379,124,31322,177,29643,94,1414,108,6933,287,28279,202,35212,California
Mendocino,2021-04-07,489,62868,178,31500,65,29708,246,1660,114,6920,372,28651,359,35571,California
Mendocino,2021-04-08,1503,64371,923,32423,466,30174,114,1774,1009,7557,487,29138,1124,36695,California
Mendocino,2021-04-09,764,65135,429,32852,173,30347,162,1936,400,7755,364,29502,562,37257,California
Mendocino,2021-04-10,409,65544,92,32944,272,30619,45,1981,99,7589,310,29812,144,37401,California
Mendocino,2021-04-11,121,65665,47,32991,19,30638,55,2036,59,7641,62,29874,114,37515,California
Mendocino,2021-04-12,621,66286,514,33505,48,30686,59,2095,406,7891,215,30089,465,37980,California
Mendocino,2021-04-13,294,66580,231,33736,63,30749,0,2095,224,8045,70,30159,224,38204,California
Mendocino,2021-04-14,519,67099,429,34165,90,30839,0,2095,423,8372,96,30255,423,38627,California
Mendocino,2021-04-15,666,67765,332,34497,334,31173,0,2095,389,8490,272,30527,390,39017,California
Mendocino,2021-04-16,125,67890,53,34550,71,31244,1,2096,77,8520,47,30574,77,39094,California
Mendocino,2021-04-17,194,68084,12,34562,182,31426,0,2096,67,8462,125,30699,67,39161,California
Mendocino,2021-04-18,15,68099,7,34569,8,31434,0,2096,7,8463,6,30705,7,39168,California
Mendocino,2021-04-19,537,68636,515,35084,21,31455,1,2097,425,8778,111,30816,426,39594,California
Mendocino,2021-04-20,418,69054,290,35374,128,31583,0,2097,264,8889,153,30969,264,39858,California
Mendocino,2021-04-21,191,69245,134,35508,56,31639,1,2098,116,8932,73,31042,116,39974,California
Mendocino,2021-04-22,484,69729,313,35821,170,31809,1,2099,313,9078,167,31209,313,40287,California
Mendocino,2021-04-23,850,70579,701,36522,149,31958,0,2099,695,9621,152,31361,695,40982,California
Mendocino,2021-04-24,107,70686,14,36536,93,32051,0,2099,100,9714,7,31368,100,41082,California
Mendocino,2021-04-25,57,70743,34,36570,19,32070,4,2103,19,9699,38,31406,23,41105,California
Mendocino,2021-04-26,308,71051,239,36809,64,32134,5,2108,201,9799,106,31512,206,41311,California
Mendocino,2021-04-27,209,71260,92,36901,90,32224,27,2135,95,9807,113,31625,121,41432,California
Mendocino,2021-04-28,224,71484,150,37051,55,32279,19,2154,129,9861,95,31720,149,41581,California
Mendocino,2021-04-29,1147,72631,842,37893,290,32569,15,2169,110,8954,1032,32752,125,41706,California
Mendocino,2021-04-30,606,73237,383,38276,214,32783,9,2178,227,8812,378,33130,236,41942,California
Mendocino,2021-05-01,472,73709,432,38708,33,32816,7,2185,367,9082,104,33234,374,42316,California
Mendocino,2021-05-02,55,73764,45,38753,7,32823,3,2188,8,9046,47,33281,11,42327,California
Mendocino,2021-05-03,146,73910,85,38838,40,32863,21,2209,43,9009,101,33382,64,42391,California
Mendocino,2021-05-04,378,74288,253,39091,92,32955,33,2242,141,8946,237,33619,174,42565,California
Mendocino,2021-05-05,877,75165,791,39882,71,33026,15,2257,220,8524,656,34275,234,42799,California
Mendocino,2021-05-06,632,75797,382,40264,228,33254,22,2279,154,8224,476,34751,176,42975,California
Mendocino,2021-05-07,184,75981,33,40297,127,33381,24,2303,120,8305,63,34814,144,43119,California
Mendocino,2021-05-08,126,76107,4,40301,121,33502,1,2304,110,8401,15,34829,111,43230,California
Mendocino,2021-05-09,21,76128,5,40306,15,33517,1,2305,4,8389,17,34846,5,43235,California
Mendocino,2021-05-10,240,76368,159,40465,76,33593,5,2310,149,8452,91,34937,154,43389,California
Mendocino,2021-05-11,278,76646,141,40606,119,33712,18,2328,130,8451,147,35084,146,43535,California
Mendocino,2021-05-12,141,76787,80,40686,53,33765,8,2336,44,8408,95,35179,52,43587,California
Mendocino,2021-05-13,1232,78019,1124,41810,91,33856,17,2353,322,7837,910,36089,339,43926,California
Mendocino,2021-05-14,717,78736,490,42300,163,34019,64,2417,245,7679,467,36556,309,44235,California
Mendocino,2021-05-15,83,78819,29,42329,50,34069,4,2421,40,7680,43,36599,44,44279,California
Mendocino,2021-05-16,115,78934,102,42431,11,34080,2,2423,98,7764,17,36616,101,44380,California
Mendocino,2021-05-17,170,79104,85,42516,69,34149,16,2439,95,7800,75,36691,111,44491,California
Mendocino,2021-05-18,244,79348,118,42634,98,34247,28,2467,106,7796,137,36828,133,44624,California
Mendocino,2021-05-19,329,79677,193,42827,115,34362,21,2488,242,7974,85,36913,263,44887,California
Mendocino,2021-05-20,291,79968,116,42943,133,34495,42,2530,105,7938,183,37096,147,45034,California
Mendocino,2021-05-21,646,80614,472,43415,159,34654,15,2545,504,8316,141,37237,519,45553,California
Mendocino,2021-05-22,783,81397,673,44088,102,34756,8,2553,241,8024,541,37778,249,45802,California
Mendocino,2021-05-23,28,81425,11,44099,10,34766,7,2560,15,8032,13,37791,21,45823,California
Mendocino,2021-05-24,126,81551,43,44142,62,34828,21,2581,59,8046,66,37857,80,45903,California
Mendocino,2021-05-25,292,81843,175,44317,88,34916,29,2610,134,8051,158,38015,163,46066,California
Mendocino,2021-05-26,323,82166,244,44561,67,34983,12,2622,132,8005,190,38205,144,46210,California
Mendocino,2021-05-27,244,82410,112,44673,110,35093,22,2644,102,7988,140,38345,123,46333,California
Mendocino,2021-05-28,234,82644,96,44769,126,35219,12,2656,153,8074,79,38424,165,46498,California
Mendocino,2021-05-29,47,82691,16,44785,26,35245,5,2661,27,8086,20,38444,32,46530,California
Mendocino,2021-05-30,15,82706,2,44787,12,35257,1,2662,10,8092,5,38449,11,46541,California
Mendocino,2021-05-31,6,82712,0,44787,5,35262,1,2663,2,8092,3,38452,3,46544,California
Mendocino,2021-06-01,310,83022,103,44890,198,35460,9,2672,84,7959,226,38678,93,46637,California
Mendocino,2021-06-02,155,83177,58,44948,89,35549,8,2680,54,7923,98,38776,62,46699,California
Mendocino,2021-06-03,558,83735,459,45407,90,35639,9,2689,123,7627,428,39204,132,46831,California
Mendocino,2021-06-04,319,84054,194,45601,103,35742,22,2711,88,7506,231,39435,110,46941,California
Mendocino,2021-06-05,226,84280,92,45693,116,35858,18,2729,72,7444,152,39587,90,47031,California
Mendocino,2021-06-06,64,84344,58,45751,3,35861,3,2732,2,7387,62,39649,5,47036,California
Mendocino,2021-06-07,148,84492,72,45823,64,35925,12,2744,59,7369,89,39738,71,47107,California
Mendocino,2021-06-08,230,84722,131,45954,87,36012,12,2756,100,7356,125,39863,112,47219,California
Mendocino,2021-06-09,310,85032,249,46203,51,36063,10,2766,107,7271,202,40065,117,47336,California
Mendocino,2021-06-10,121,85153,67,46270,44,36107,10,2776,55,7270,66,40131,65,47401,California
Mendocino,2021-06-11,682,85835,540,46810,122,36229,20,2796,92,6794,588,40719,112,47513,California
Mendocino,2021-06-12,62,85897,40,46850,17,36246,5,2801,17,6773,44,40763,23,47536,California
Mendocino,2021-06-13,29,85926,16,46866,11,36257,2,2803,15,6777,13,40776,17,47553,California
Mendocino,2021-06-14,111,86037,48,46914,44,36301,19,2822,46,6777,64,40840,64,47617,California
Mendocino,2021-06-15,231,86268,141,47055,73,36374,17,2839,63,6689,168,41008,80,47697,California
Mendocino,2021-06-16,255,86523,157,47212,78,36452,20,2859,63,6581,191,41199,83,47780,California
Mendocino,2021-06-17,89,86612,45,47257,37,36489,7,2866,17,6533,72,41271,24,47804,California
Merced,2020-12-16,3,3,3,3,0,0,0,0,3,3,0,0,3,3,California
Merced,2020-12-17,8,11,8,11,0,0,0,0,8,11,0,0,8,11,California
Merced,2020-12-18,144,155,144,155,0,0,0,0,144,155,0,0,144,155,California
Merced,2020-12-19,37,192,37,192,0,0,0,0,37,192,0,0,37,192,California
Merced,2020-12-20,18,210,18,210,0,0,0,0,18,210,0,0,18,210,California
Merced,2020-12-21,123,333,120,330,3,3,0,0,123,333,0,0,123,333,California
Merced,2020-12-22,154,487,154,484,0,3,0,0,154,487,0,0,154,487,California
Merced,2020-12-23,250,737,244,728,6,9,0,0,250,737,0,0,250,737,California
Merced,2020-12-24,72,809,72,800,0,9,0,0,72,809,0,0,72,809,California
Merced,2020-12-25,4,813,4,804,0,9,0,0,4,813,0,0,4,813,California
Merced,2020-12-26,6,819,3,807,3,12,0,0,6,819,0,0,6,819,California
Merced,2020-12-27,12,831,11,818,1,13,0,0,12,831,0,0,12,831,California
Merced,2020-12-28,122,953,97,915,25,38,0,0,122,953,0,0,122,953,California
Merced,2020-12-29,180,1133,123,1038,57,95,0,0,180,1133,0,0,180,1133,California
Merced,2020-12-30,215,1348,88,1126,127,222,0,0,215,1348,0,0,215,1348,California
Merced,2020-12-31,102,1450,34,1160,68,290,0,0,102,1450,0,0,102,1450,California
Merced,2021-01-01,5,1455,1,1161,4,294,0,0,5,1455,0,0,5,1455,California
Merced,2021-01-02,129,1584,118,1279,11,305,0,0,129,1584,0,0,129,1584,California
Merced,2021-01-03,9,1593,5,1284,4,309,0,0,9,1593,0,0,9,1593,California
Merced,2021-01-04,84,1677,43,1327,41,350,0,0,84,1677,0,0,84,1677,California
Merced,2021-01-05,323,2000,233,1560,90,440,0,0,317,1990,6,6,319,1996,California
Merced,2021-01-06,256,2256,105,1665,151,591,0,0,251,2236,5,11,251,2247,California
Merced,2021-01-07,186,2442,83,1748,103,694,0,0,175,2399,12,23,175,2422,California
Merced,2021-01-08,528,2970,394,2142,134,828,0,0,375,2622,152,175,375,2797,California
Merced,2021-01-09,22,2992,9,2151,13,841,0,0,17,2634,5,180,17,2814,California
Merced,2021-01-10,11,3003,7,2158,4,845,0,0,7,2637,4,184,7,2821,California
Merced,2021-01-11,229,3232,171,2329,58,903,0,0,102,2614,127,311,104,2925,California
Merced,2021-01-12,291,3523,168,2497,123,1026,0,0,243,2808,49,360,243,3168,California
Merced,2021-01-13,379,3902,175,2672,204,1230,0,0,227,2886,152,512,230,3398,California
Merced,2021-01-14,324,4226,203,2875,121,1351,0,0,158,2880,165,677,159,3557,California
Merced,2021-01-15,583,4809,129,3004,454,1805,0,0,544,3387,40,717,547,4104,California
Merced,2021-01-16,211,5020,129,3133,82,1887,0,0,194,3564,17,734,194,4298,California
Merced,2021-01-17,50,5070,12,3145,38,1925,0,0,49,3612,1,735,49,4347,California
Merced,2021-01-18,265,5335,126,3271,139,2064,0,0,243,3837,22,757,247,4594,California
Merced,2021-01-19,712,6047,588,3859,124,2188,0,0,539,4208,173,930,544,5138,California
Merced,2021-01-20,572,6619,467,4326,105,2293,0,0,515,4669,57,987,518,5656,California
Merced,2021-01-21,1011,7630,651,4977,360,2653,0,0,911,5483,100,1087,914,6570,California
Merced,2021-01-22,1313,8943,694,5671,619,3272,0,0,1285,6753,27,1114,1297,7867,California
Merced,2021-01-23,323,9266,198,5869,125,3397,0,0,216,6862,107,1221,216,8083,California
Merced,2021-01-24,37,9303,15,5884,22,3419,0,0,28,6882,8,1229,28,8111,California
Merced,2021-01-25,729,10032,241,6125,488,3907,0,0,668,7491,60,1289,669,8780,California
Merced,2021-01-26,919,10951,487,6612,432,4339,0,0,675,7951,216,1505,676,9456,California
Merced,2021-01-27,987,11938,590,7202,397,4736,0,0,815,8596,170,1675,815,10271,California
Merced,2021-01-28,1142,13080,596,7798,546,5282,0,0,1018,9493,123,1798,1020,11291,California
Merced,2021-01-29,846,13926,318,8116,528,5810,0,0,594,9851,239,2037,597,11888,California
Merced,2021-01-30,261,14187,28,8144,233,6043,0,0,243,10076,18,2055,243,12131,California
Merced,2021-01-31,47,14234,11,8155,36,6079,0,0,46,10121,1,2056,46,12177,California
Merced,2021-02-01,381,14615,55,8210,326,6405,0,0,328,10398,52,2108,329,12506,California
Merced,2021-02-02,299,14914,179,8389,120,6525,0,0,178,10459,118,2226,179,12685,California
Merced,2021-02-03,349,15263,72,8461,277,6802,0,0,170,10449,180,2406,170,12855,California
Merced,2021-02-04,371,15634,146,8607,225,7027,0,0,239,10558,131,2537,240,13095,California
Merced,2021-02-05,510,16144,170,8777,340,7367,0,0,271,10593,238,2775,273,13368,California
Merced,2021-02-06,388,16532,217,8994,171,7538,0,0,244,10697,141,2916,245,13613,California
Merced,2021-02-07,20,16552,12,9006,8,7546,0,0,13,10703,7,2923,13,13626,California
Merced,2021-02-08,282,16834,199,9205,83,7629,0,0,170,10764,110,3033,171,13797,California
Merced,2021-02-09,1215,18049,954,10159,261,7890,0,0,772,11102,435,3468,773,14570,California
Merced,2021-02-10,1859,19908,1434,11593,425,8315,0,0,1274,11801,575,4043,1274,15844,California
Merced,2021-02-11,2505,22413,2011,13604,494,8809,0,0,1815,12938,678,4721,1815,17659,California
Merced,2021-02-12,1718,24131,1019,14623,699,9508,0,0,744,12729,956,5677,747,18406,California
Merced,2021-02-13,361,24492,208,14831,153,9661,0,0,263,12900,94,5771,265,18671,California
Merced,2021-02-14,117,24609,25,14856,92,9753,0,0,95,12974,22,5793,96,18767,California
Merced,2021-02-15,274,24883,42,14898,232,9985,0,0,168,13044,99,5892,169,18936,California
Merced,2021-02-16,1218,26101,844,15742,374,10359,0,0,835,13519,364,6256,839,19775,California
Merced,2021-02-17,1889,27990,1644,17386,245,10604,0,0,1313,14281,560,6816,1322,21097,California
Merced,2021-02-18,1217,29207,824,18210,393,10997,0,0,408,13904,788,7604,411,21508,California
Merced,2021-02-19,1262,30469,413,18623,849,11846,0,0,536,13722,720,8324,538,22046,California
Merced,2021-02-20,276,30745,30,18653,246,12092,0,0,138,13724,136,8460,138,22184,California
Merced,2021-02-21,75,30820,61,18714,14,12106,0,0,29,13709,44,8504,29,22213,California
Merced,2021-02-22,832,31652,296,19010,536,12642,0,0,482,13844,348,8852,483,22696,California
Merced,2021-02-23,1082,32734,421,19431,661,13303,0,0,639,14047,437,9289,640,23336,California
Merced,2021-02-24,824,33558,306,19737,518,13821,0,0,455,14143,360,9649,456,23792,California
Merced,2021-02-25,1774,35332,882,20619,892,14713,0,0,1319,15013,452,10101,1322,25114,California
Merced,2021-02-26,2159,37491,1382,22001,777,15490,0,0,1742,16347,409,10510,1743,26857,California
Merced,2021-02-27,2610,40101,1184,23185,1426,16916,0,0,2326,18390,283,10793,2326,29183,California
Merced,2021-02-28,312,40413,73,23258,238,17154,1,1,258,18598,50,10843,258,29441,California
Merced,2021-03-01,1127,41540,282,23540,844,17998,1,2,782,19046,335,11178,783,30224,California
Merced,2021-03-02,1756,43296,910,24450,845,18843,1,3,1362,20025,386,11564,1365,31589,California
Merced,2021-03-03,2240,45536,1739,26189,500,19343,1,4,1476,20758,745,12309,1478,33067,California
Merced,2021-03-04,2901,48437,2275,28464,624,19967,2,6,1925,21728,958,13267,1928,34995,California
Merced,2021-03-05,2078,50515,1199,29663,855,20822,24,30,1534,22758,529,13796,1559,36554,California
Merced,2021-03-06,1169,51684,664,30327,483,21305,22,52,913,23438,255,14051,935,37489,California
Merced,2021-03-07,229,51913,68,30395,137,21442,24,76,201,23635,28,14079,225,37714,California
Merced,2021-03-08,1404,53317,807,31202,532,21974,65,141,1189,24674,214,14293,1253,38967,California
Merced,2021-03-09,1694,55011,1003,32205,582,22556,109,250,1095,25285,593,14886,1204,40171,California
Merced,2021-03-10,2712,57723,1876,34081,635,23191,201,451,1633,26059,1064,15950,1838,42009,California
Merced,2021-03-11,1946,59669,699,34780,1046,24237,201,652,1226,26804,704,16654,1449,43458,California
Merced,2021-03-12,2220,61889,903,35683,1042,25279,275,927,1497,27869,718,17372,1783,45241,California
Merced,2021-03-13,1006,62895,307,35990,457,25736,242,1169,703,28520,295,17667,946,46187,California
Merced,2021-03-14,250,63145,137,36127,83,25819,30,1199,149,28599,100,17767,179,46366,California
Merced,2021-03-15,1526,64671,497,36624,772,26591,257,1456,1004,29345,514,18281,1260,47626,California
Merced,2021-03-16,1473,66144,717,37341,529,27120,227,1683,978,30068,483,18764,1206,48832,California
Merced,2021-03-17,1984,68128,1081,38422,726,27846,177,1860,1525,31323,449,19213,1704,50536,California
Merced,2021-03-18,2135,70263,1259,39681,728,28574,148,2008,1394,32153,726,19939,1556,52092,California
Merced,2021-03-19,2676,72939,1458,41139,1019,29593,199,2207,1386,32458,1280,21219,1585,53677,California
Merced,2021-03-20,2455,75394,1527,42666,533,30126,395,2602,964,32336,1486,22705,1364,55041,California
Merced,2021-03-21,556,75950,343,43009,201,30327,12,2614,437,32668,119,22824,451,55492,California
Merced,2021-03-22,1264,77214,630,43639,557,30884,77,2691,886,33264,369,23193,965,56457,California
Merced,2021-03-23,1880,79094,1150,44789,665,31549,65,2756,1394,34244,478,23671,1458,57915,California
Merced,2021-03-24,1477,80571,934,45723,508,32057,35,2791,995,34799,475,24146,1030,58945,California
Merced,2021-03-25,3334,83905,2286,48009,1024,33081,24,2815,2091,35687,1230,25376,2118,61063,California
Merced,2021-03-26,1949,85854,1096,49105,818,33899,35,2850,898,35583,1037,26413,933,61996,California
Merced,2021-03-27,3569,89423,1912,51017,1239,35138,418,3268,1557,35561,1998,28411,1976,63972,California
Merced,2021-03-28,526,89949,217,51234,301,35439,8,3276,215,35476,308,28719,223,64195,California
Merced,2021-03-29,1835,91784,783,52017,884,36323,168,3444,672,35166,1154,29873,844,65039,California
Merced,2021-03-30,2151,93935,805,52822,1287,37610,59,3503,991,35064,1154,31027,1052,66091,California
Merced,2021-03-31,2156,96091,1414,54236,701,38311,41,3544,952,34873,1186,32213,995,67086,California
Merced,2021-04-01,2348,98439,1053,55289,1165,39476,130,3674,1048,34763,1288,33501,1178,68264,California
Merced,2021-04-02,2341,100780,643,55932,1292,40768,406,4080,788,34423,1535,35036,1195,69459,California
Merced,2021-04-03,1065,101845,579,56511,471,41239,15,4095,649,34681,408,35444,666,70125,California
Merced,2021-04-04,368,102213,142,56653,224,41463,2,4097,141,34600,226,35670,145,70270,California
Merced,2021-04-05,1277,103490,609,57262,454,41917,214,4311,418,34380,851,36521,631,70901,California
Merced,2021-04-06,2419,105909,898,58160,693,42610,828,5139,890,34572,1524,38045,1716,72617,California
Merced,2021-04-07,1675,107584,899,59059,668,43278,108,5247,590,34205,1067,39112,700,73317,California
Merced,2021-04-08,2446,110030,1311,60370,919,44197,216,5463,960,33925,1454,40566,1174,74491,California
Merced,2021-04-09,1706,111736,476,60846,653,44850,577,6040,567,33950,1120,41686,1145,75636,California
Merced,2021-04-10,981,112717,370,61216,424,45274,187,6227,176,33512,799,42485,361,75997,California
Merced,2021-04-11,488,113205,283,61499,71,45345,134,6361,148,33457,338,42823,283,76280,California
Merced,2021-04-12,1507,114712,988,62487,393,45738,126,6487,867,33847,603,43426,993,77273,California
Merced,2021-04-13,2045,116757,1466,63953,577,46315,2,6489,938,33776,1015,44441,944,78217,California
Merced,2021-04-14,2129,118886,1293,65246,836,47151,0,6489,956,33694,1040,45481,958,79175,California
Merced,2021-04-15,3021,121907,1976,67222,1045,48196,0,6489,952,32817,1835,47316,958,80133,California
Merced,2021-04-16,2388,124295,1168,68390,1220,49416,0,6489,975,32478,1315,48631,976,81109,California
Merced,2021-04-17,2103,126398,1444,69834,658,50074,1,6490,685,31756,1410,50041,688,81797,California
Merced,2021-04-18,472,126870,248,70082,224,50298,0,6490,191,31694,253,50294,191,81988,California
Merced,2021-04-19,1336,128206,751,70833,585,50883,0,6490,705,31865,535,50829,706,82694,California
Merced,2021-04-20,1481,129687,741,71574,740,51623,0,6490,803,32061,607,51436,803,83497,California
Merced,2021-04-21,1507,131194,914,72488,593,52216,0,6490,763,32193,632,52068,764,84261,California
Merced,2021-04-22,1622,132816,744,73232,878,53094,0,6490,785,32223,756,52824,786,85047,California
Merced,2021-04-23,1656,134472,690,73922,966,54060,0,6490,890,32395,719,53543,891,85938,California
Merced,2021-04-24,880,135352,703,74625,177,54237,0,6490,562,32644,313,53856,562,86500,California
Merced,2021-04-25,327,135679,187,74812,140,54377,0,6490,192,32705,131,53987,192,86692,California
Merced,2021-04-26,1221,136900,534,75346,687,55064,0,6490,641,32801,547,54534,643,87335,California
Merced,2021-04-27,1775,138675,895,76241,868,55932,12,6502,710,32528,996,55530,723,88058,California
Merced,2021-04-28,1369,140044,680,76921,681,56613,8,6510,782,32756,563,56093,791,88849,California
Merced,2021-04-29,1456,141500,641,77562,790,57403,25,6535,697,32730,750,56843,724,89573,California
Merced,2021-04-30,1458,142958,615,78177,799,58202,44,6579,749,32822,702,57545,794,90367,California
Merced,2021-05-01,562,143520,242,78419,315,58517,5,6584,260,32789,297,57842,264,90631,California
Merced,2021-05-02,296,143816,120,78539,161,58678,15,6599,130,32771,165,58007,147,90778,California
Merced,2021-05-03,845,144661,554,79093,221,58899,70,6669,303,32607,538,58545,374,91152,California
Merced,2021-05-04,1017,145678,545,79638,420,59319,52,6721,374,32394,639,59184,426,91578,California
Merced,2021-05-05,1386,147064,887,80525,423,59742,76,6797,658,32413,716,59900,735,92313,California
Merced,2021-05-06,915,147979,478,81003,387,60129,50,6847,301,32158,606,60506,351,92664,California
Merced,2021-05-07,1112,149091,467,81470,603,60732,42,6889,426,31949,680,61186,471,93135,California
Merced,2021-05-08,398,149489,202,81672,160,60892,36,6925,184,31956,213,61399,220,93355,California
Merced,2021-05-09,211,149700,104,81776,100,60992,7,6932,100,31953,110,61509,107,93462,California
Merced,2021-05-10,695,150395,357,82133,301,61293,37,6969,190,31678,503,62012,228,93690,California
Merced,2021-05-11,1146,151541,681,82814,408,61701,57,7026,439,31472,702,62714,496,94186,California
Merced,2021-05-12,1076,152617,609,83423,425,62126,42,7068,371,31184,702,63416,414,94600,California
Merced,2021-05-13,861,153478,454,83877,364,62490,43,7111,347,31065,509,63925,390,94990,California
Merced,2021-05-14,1028,154506,618,84495,370,62860,40,7151,537,31157,485,64410,577,95567,California
Merced,2021-05-15,760,155266,574,85069,167,63027,19,7170,449,31327,299,64709,469,96036,California
Merced,2021-05-16,348,155614,233,85302,107,63134,8,7178,199,31388,147,64856,208,96244,California
Merced,2021-05-17,1092,156706,711,86013,351,63485,30,7208,538,31410,547,65403,569,96813,California
Merced,2021-05-18,1271,157977,849,86862,391,63876,31,7239,719,31614,546,65949,750,97563,California
Merced,2021-05-19,1108,159085,759,87621,342,64218,7,7246,631,31782,474,66423,642,98205,California
Merced,2021-05-20,1054,160139,556,88177,443,64661,55,7301,404,31595,648,67071,461,98666,California
Merced,2021-05-21,1180,161319,676,88853,476,65137,28,7329,490,31435,679,67750,519,99185,California
Merced,2021-05-22,752,162071,538,89391,201,65338,13,7342,449,31600,300,68050,465,99650,California
Merced,2021-05-23,332,162403,232,89623,88,65426,12,7354,222,31725,109,68159,234,99884,California
Merced,2021-05-24,594,162997,248,89871,316,65742,30,7384,225,31617,364,68523,256,100140,California
Merced,2021-05-25,761,163758,431,90302,296,66038,34,7418,402,31697,356,68879,436,100576,California
Merced,2021-05-26,977,164735,554,90856,390,66428,33,7451,407,31569,568,69447,440,101016,California
Merced,2021-05-27,925,165660,654,91510,238,66666,33,7484,570,31822,351,69798,604,101620,California
Merced,2021-05-28,764,166424,345,91855,372,67038,47,7531,335,31784,421,70219,383,102003,California
Merced,2021-05-29,391,166815,271,92126,112,67150,8,7539,172,31749,216,70435,181,102184,California
Merced,2021-05-30,215,167030,146,92272,58,67208,11,7550,135,31816,79,70514,146,102330,California
Merced,2021-05-31,110,167140,24,92296,80,67288,6,7556,31,31777,77,70591,38,102368,California
Merced,2021-06-01,792,167932,470,92766,290,67578,32,7588,340,31702,447,71038,372,102740,California
Merced,2021-06-02,740,168672,478,93244,236,67814,26,7614,366,31727,367,71405,392,103132,California
Merced,2021-06-03,750,169422,477,93721,240,68054,33,7647,333,31681,411,71816,365,103497,California
Merced,2021-06-04,789,170211,444,94165,323,68377,22,7669,331,31583,452,72268,354,103851,California
Merced,2021-06-05,492,170703,388,94553,94,68471,10,7679,182,31470,305,72573,192,104043,California
Merced,2021-06-06,225,170928,189,94742,30,68501,6,7685,84,31419,141,72714,90,104133,California
Merced,2021-06-07,650,171578,520,95262,118,68619,12,7697,194,31171,456,73170,208,104341,California
Merced,2021-06-08,855,172433,633,95895,198,68817,24,7721,274,30892,577,73747,298,104639,California
Merced,2021-06-09,784,173217,649,96544,120,68937,15,7736,236,30604,539,74286,251,104890,California
Merced,2021-06-10,641,173858,444,96988,178,69115,19,7755,267,30523,367,74653,286,105176,California
Merced,2021-06-11,564,174422,356,97344,193,69308,15,7770,238,30455,323,74976,255,105431,California
Merced,2021-06-12,431,174853,330,97674,79,69387,22,7792,136,30319,294,75270,158,105589,California
Merced,2021-06-13,256,175109,134,97808,117,69504,5,7797,69,30206,187,75457,74,105663,California
Merced,2021-06-14,540,175649,354,98162,153,69657,33,7830,254,30209,285,75742,288,105951,California
Merced,2021-06-15,784,176433,556,98718,201,69858,27,7857,270,30000,507,76249,298,106249,California
Merced,2021-06-16,642,177075,424,99142,196,70054,22,7879,309,30008,323,76572,331,106580,California
Merced,2021-06-17,315,177390,263,99405,38,70092,14,7893,60,29827,255,76827,74,106654,California
Modoc,2020-12-16,2,2,2,2,0,0,0,0,2,2,0,0,2,2,California
Modoc,2020-12-21,99,101,99,101,0,0,0,0,99,101,0,0,99,101,California
Modoc,2020-12-22,14,115,14,115,0,0,0,0,14,115,0,0,14,115,California
Modoc,2020-12-23,4,119,4,119,0,0,0,0,4,119,0,0,4,119,California
Modoc,2020-12-24,1,120,1,120,0,0,0,0,1,120,0,0,1,120,California
Modoc,2020-12-28,2,122,2,122,0,0,0,0,2,122,0,0,2,122,California
Modoc,2020-12-29,9,131,1,123,8,8,0,0,9,131,0,0,9,131,California
Modoc,2020-12-30,9,140,2,125,7,15,0,0,9,140,0,0,9,140,California
Modoc,2021-01-02,3,143,1,126,2,17,0,0,3,143,0,0,3,143,California
Modoc,2021-01-04,8,151,0,126,8,25,0,0,8,151,0,0,8,151,California
Modoc,2021-01-05,3,154,2,128,1,26,0,0,3,154,0,0,3,154,California
Modoc,2021-01-06,4,158,3,131,1,27,0,0,2,154,2,2,2,156,California
Modoc,2021-01-07,72,230,0,131,72,99,0,0,72,226,0,2,72,228,California
Modoc,2021-01-08,107,337,0,131,107,206,0,0,107,333,0,2,107,335,California
Modoc,2021-01-10,1,338,1,132,0,206,0,0,0,332,1,3,0,335,California
Modoc,2021-01-11,91,429,81,213,10,216,0,0,20,281,71,74,20,355,California
Modoc,2021-01-12,94,523,25,238,69,285,0,0,68,323,26,100,68,423,California
Modoc,2021-01-13,24,547,4,242,20,305,0,0,22,343,2,102,22,445,California
Modoc,2021-01-14,129,676,6,248,123,428,0,0,124,462,5,107,124,569,California
Modoc,2021-01-15,6,682,1,249,5,433,0,0,6,468,0,107,6,575,California
Modoc,2021-01-16,2,684,1,250,1,434,0,0,2,470,0,107,2,577,California
Modoc,2021-01-18,3,687,1,251,2,436,0,0,3,473,0,107,3,580,California
Modoc,2021-01-19,4,691,3,254,1,437,0,0,2,473,2,109,2,582,California
Modoc,2021-01-20,15,706,4,258,11,448,0,0,13,484,2,111,13,595,California
Modoc,2021-01-21,160,866,2,260,158,606,0,0,160,644,0,111,160,755,California
Modoc,2021-01-22,4,870,2,262,2,608,0,0,4,648,0,111,4,759,California
Modoc,2021-01-25,12,882,0,262,12,620,0,0,12,660,0,111,12,771,California
Modoc,2021-01-26,117,999,2,264,115,735,0,0,117,777,0,111,117,888,California
Modoc,2021-01-27,47,1046,3,267,44,779,0,0,32,794,15,126,32,920,California
Modoc,2021-01-28,148,1194,4,271,144,923,0,0,147,940,1,127,147,1067,California
Modoc,2021-01-29,4,1198,1,272,3,926,0,0,4,944,0,127,4,1071,California
Modoc,2021-02-01,26,1224,13,285,13,939,0,0,12,942,14,141,12,1083,California
Modoc,2021-02-02,176,1400,2,287,174,1113,0,0,173,1112,3,144,173,1256,California
Modoc,2021-02-03,17,1417,12,299,5,1118,0,0,10,1115,7,151,10,1266,California
Modoc,2021-02-04,160,1577,3,302,157,1275,0,0,31,1017,129,280,31,1297,California
Modoc,2021-02-05,4,1581,2,304,2,1277,0,0,2,1017,2,282,2,1299,California
Modoc,2021-02-08,11,1592,1,305,10,1287,0,0,10,1026,1,283,10,1309,California
Modoc,2021-02-09,199,1791,11,316,188,1475,0,0,66,959,133,416,66,1375,California
Modoc,2021-02-10,6,1797,3,319,3,1478,0,0,4,961,2,418,4,1379,California
Modoc,2021-02-11,200,1997,2,321,198,1676,0,0,82,925,118,536,82,1461,California
Modoc,2021-02-12,9,2006,2,323,7,1683,0,0,3,922,6,542,3,1464,California
Modoc,2021-02-13,2,2008,0,323,2,1685,0,0,1,922,1,543,1,1465,California
Modoc,2021-02-16,147,2155,6,329,141,1826,0,0,141,1057,6,549,141,1606,California
Modoc,2021-02-17,25,2180,2,331,23,1849,0,0,11,1054,14,563,11,1617,California
Modoc,2021-02-18,191,2371,4,335,187,2036,0,0,22,910,168,731,24,1641,California
Modoc,2021-02-19,3,2374,3,338,0,2036,0,0,2,911,1,732,2,1643,California
Modoc,2021-02-20,1,2375,1,339,0,2036,0,0,0,910,1,733,0,1643,California
Modoc,2021-02-22,17,2392,9,348,8,2044,0,0,3,899,14,747,3,1646,California
Modoc,2021-02-23,83,2475,2,350,81,2125,0,0,11,838,72,819,11,1657,California
Modoc,2021-02-24,95,2570,2,352,93,2218,0,0,32,807,63,882,32,1689,California
Modoc,2021-02-25,172,2742,0,352,172,2390,0,0,13,661,159,1041,13,1702,California
Modoc,2021-02-26,2,2744,0,352,2,2392,0,0,1,661,1,1042,1,1703,California
Modoc,2021-02-27,2,2746,2,354,0,2392,0,0,2,663,0,1042,2,1705,California
Modoc,2021-03-01,5,2751,0,354,5,2397,0,0,0,659,4,1046,0,1705,California
Modoc,2021-03-02,198,2949,11,365,187,2584,0,0,26,513,172,1218,26,1731,California
Modoc,2021-03-03,12,2961,6,371,6,2590,0,0,2,505,10,1228,2,1733,California
Modoc,2021-03-04,175,3136,0,371,175,2765,0,0,147,624,28,1256,147,1880,California
Modoc,2021-03-05,2,3138,1,372,1,2766,0,0,1,624,1,1257,1,1881,California
Modoc,2021-03-06,11,3149,0,372,1,2767,10,10,1,625,10,1267,11,1892,California
Modoc,2021-03-07,8,3157,2,374,0,2767,6,16,2,627,6,1273,8,1900,California
Modoc,2021-03-08,8,3165,1,375,3,2770,4,20,1,626,6,1279,5,1905,California
Modoc,2021-03-09,127,3292,10,385,109,2879,8,28,61,629,66,1345,69,1974,California
Modoc,2021-03-10,9,3301,3,388,2,2881,4,32,4,632,5,1350,8,1982,California
Modoc,2021-03-11,209,3510,1,389,99,2980,109,141,23,578,186,1536,132,2114,California
Modoc,2021-03-12,10,3520,1,390,4,2984,5,146,4,581,6,1542,9,2123,California
Modoc,2021-03-13,4,3524,0,390,1,2985,3,149,1,582,3,1545,4,2127,California
Modoc,2021-03-15,14,3538,0,390,13,2998,1,150,12,593,2,1547,13,2140,California
Modoc,2021-03-16,173,3711,1,391,168,3166,4,154,42,507,131,1678,45,2185,California
Modoc,2021-03-17,11,3722,2,393,4,3170,5,159,2,505,9,1687,7,2192,California
Modoc,2021-03-18,67,3789,2,395,58,3228,7,166,36,517,31,1718,43,2235,California
Modoc,2021-03-19,5,3794,0,395,0,3228,5,171,0,517,5,1723,5,2240,California
Modoc,2021-03-20,5,3799,2,397,0,3228,3,174,0,515,5,1728,3,2243,California
Modoc,2021-03-21,3,3802,1,398,0,3228,2,176,1,516,2,1730,3,2246,California
Modoc,2021-03-22,17,3819,1,399,11,3239,5,181,12,528,5,1735,17,2263,California
Modoc,2021-03-23,63,3882,6,405,54,3293,3,184,44,556,19,1754,47,2310,California
Modoc,2021-03-24,29,3911,1,406,18,3311,10,194,1,539,28,1782,11,2321,California
Modoc,2021-03-25,79,3990,3,409,74,3385,2,196,47,556,32,1814,49,2370,California
Modoc,2021-03-26,7,3997,3,412,1,3386,3,199,2,556,5,1819,5,2375,California
Modoc,2021-03-27,2,3999,0,412,1,3387,1,200,1,557,1,1820,2,2377,California
Modoc,2021-03-29,15,4014,1,413,6,3393,8,208,6,562,9,1829,14,2391,California
Modoc,2021-03-30,53,4067,8,421,39,3432,6,214,20,555,33,1862,26,2417,California
Modoc,2021-03-31,10,4077,3,424,3,3435,4,218,4,557,6,1868,8,2425,California
Modoc,2021-04-01,170,4247,3,427,162,3597,5,223,34,460,136,2004,39,2464,California
Modoc,2021-04-02,5,4252,0,427,2,3599,3,226,1,461,3,2007,4,2468,California
Modoc,2021-04-03,3,4255,0,427,0,3599,3,229,0,461,2,2009,2,2470,California
Modoc,2021-04-05,10,4265,0,427,9,3608,1,230,9,470,1,2010,10,2480,California
Modoc,2021-04-06,23,4288,5,432,8,3616,10,240,5,467,18,2028,15,2495,California
Modoc,2021-04-07,12,4300,1,433,4,3620,7,247,3,468,9,2037,10,2505,California
Modoc,2021-04-08,94,4394,1,434,92,3712,1,248,26,427,68,2105,27,2532,California
Modoc,2021-04-09,11,4405,2,436,6,3718,3,251,2,422,9,2114,4,2536,California
Modoc,2021-04-10,5,4410,0,436,1,3719,4,255,0,421,5,2119,4,2540,California
Modoc,2021-04-11,2,4412,2,438,0,3719,0,255,1,421,1,2120,1,2541,California
Modoc,2021-04-12,14,4426,0,438,10,3729,4,259,1,415,11,2131,5,2546,California
Modoc,2021-04-13,33,4459,29,467,4,3733,0,259,22,426,11,2142,22,2568,California
Modoc,2021-04-14,2,4461,2,469,0,3733,0,259,1,426,1,2143,1,2569,California
Modoc,2021-04-15,102,4563,0,469,102,3835,0,259,29,382,73,2216,29,2598,California
Modoc,2021-04-16,6,4569,4,473,2,3837,0,259,5,386,1,2217,5,2603,California
Modoc,2021-04-17,2,4571,2,475,0,3837,0,259,2,388,0,2217,2,2605,California
Modoc,2021-04-18,1,4572,0,475,1,3838,0,259,1,389,0,2217,1,2606,California
Modoc,2021-04-19,7,4579,0,475,7,3845,0,259,2,386,5,2222,2,2608,California
Modoc,2021-04-20,48,4627,2,477,46,3891,0,259,11,360,37,2259,11,2619,California
Modoc,2021-04-21,3,4630,3,480,0,3891,0,259,1,359,2,2261,1,2620,California
Modoc,2021-04-22,97,4727,3,483,94,3985,0,259,38,338,59,2320,38,2658,California
Modoc,2021-04-23,3,4730,0,483,3,3988,0,259,3,341,0,2320,3,2661,California
Modoc,2021-04-24,2,4732,0,483,1,3989,1,260,1,342,1,2321,2,2663,California
Modoc,2021-04-25,1,4733,1,484,0,3989,0,260,1,343,0,2321,1,2664,California
Modoc,2021-04-26,8,4741,0,484,8,3997,0,260,2,339,6,2327,2,2666,California
Modoc,2021-04-27,6,4747,5,489,0,3997,1,261,1,336,5,2332,2,2668,California
Modoc,2021-04-28,6,4753,1,490,4,4001,1,262,2,335,4,2336,3,2671,California
Modoc,2021-04-29,65,4818,0,490,65,4066,0,262,20,310,45,2381,20,2691,California
Modoc,2021-04-30,3,4821,2,492,1,4067,0,262,1,309,2,2383,1,2692,California
Modoc,2021-05-02,4,4825,3,495,1,4068,0,262,3,311,1,2384,3,2695,California
Modoc,2021-05-03,15,4840,0,495,14,4082,1,263,5,307,10,2394,6,2701,California
Modoc,2021-05-04,8,4848,2,497,4,4086,2,265,3,307,5,2399,5,2706,California
Modoc,2021-05-05,28,4876,25,522,2,4088,1,266,8,296,20,2419,9,2715,California
Modoc,2021-05-06,55,4931,3,525,50,4138,2,268,21,285,34,2453,23,2738,California
Modoc,2021-05-07,8,4939,3,528,3,4141,2,270,2,283,6,2459,4,2742,California
Modoc,2021-05-08,3,4942,2,530,0,4141,1,271,1,283,2,2461,2,2744,California
Modoc,2021-05-09,1,4943,1,531,0,4141,0,271,0,282,1,2462,0,2744,California
Modoc,2021-05-10,2,4945,0,531,1,4142,1,272,1,283,1,2463,2,2746,California
Modoc,2021-05-11,3,4948,2,533,0,4142,1,273,0,281,3,2466,1,2747,California
Modoc,2021-05-12,3,4951,0,533,0,4142,3,276,0,281,3,2469,3,2750,California
Modoc,2021-05-13,44,4995,0,533,40,4182,4,280,14,269,30,2499,18,2768,California
Modoc,2021-05-14,8,5003,3,536,0,4182,5,285,3,272,5,2504,8,2776,California
Modoc,2021-05-15,4,5007,3,539,1,4183,0,285,4,276,0,2504,4,2780,California
Modoc,2021-05-16,2,5009,1,540,1,4184,0,285,0,274,2,2506,0,2780,California
Modoc,2021-05-17,7,5016,3,543,4,4188,0,285,4,275,3,2509,4,2784,California
Modoc,2021-05-18,27,5043,12,555,13,4201,2,287,13,276,14,2523,15,2799,California
Modoc,2021-05-19,8,5051,1,556,3,4204,4,291,4,280,4,2527,8,2807,California
Modoc,2021-05-20,57,5108,2,558,46,4250,9,300,8,248,49,2576,17,2824,California
Modoc,2021-05-21,4,5112,2,560,1,4251,1,301,1,247,3,2579,2,2826,California
Modoc,2021-05-22,2,5114,2,562,0,4251,0,301,1,247,1,2580,1,2827,California
Modoc,2021-05-23,2,5116,2,564,0,4251,0,301,0,245,2,2582,0,2827,California
Modoc,2021-05-24,4,5120,1,565,1,4252,2,303,2,247,2,2584,4,2831,California
Modoc,2021-05-25,1,5121,0,565,1,4253,0,303,1,248,0,2584,1,2832,California
Modoc,2021-05-26,34,5155,31,596,3,4256,0,303,24,263,10,2594,25,2857,California
Modoc,2021-05-27,31,5186,3,599,22,4278,6,309,8,254,23,2617,14,2871,California
Modoc,2021-05-28,8,5194,1,600,4,4282,3,312,3,255,5,2622,6,2877,California
Modoc,2021-05-29,1,5195,1,601,0,4282,0,312,0,254,1,2623,0,2877,California
Modoc,2021-06-01,7,5202,0,601,6,4288,1,313,2,252,5,2628,3,2880,California
Modoc,2021-06-02,13,5215,0,601,11,4299,2,315,5,251,8,2636,7,2887,California
Modoc,2021-06-03,24,5239,1,602,21,4320,2,317,4,237,20,2656,6,2893,California
Modoc,2021-06-04,5,5244,3,605,1,4321,1,318,0,233,5,2661,1,2894,California
Modoc,2021-06-07,4,5248,4,609,0,4321,0,318,1,231,3,2664,1,2895,California
Modoc,2021-06-08,24,5272,6,615,17,4338,1,319,18,244,6,2670,19,2914,California
Modoc,2021-06-09,3,5275,2,617,1,4339,0,319,2,245,1,2671,2,2916,California
Modoc,2021-06-10,20,5295,1,618,18,4357,1,320,7,240,13,2684,8,2924,California
Modoc,2021-06-11,2,5297,1,619,1,4358,0,320,2,242,0,2684,2,2926,California
Modoc,2021-06-12,1,5298,1,620,0,4358,0,320,0,241,1,2685,0,2926,California
Modoc,2021-06-14,4,5302,0,620,2,4360,2,322,0,239,4,2689,2,2928,California
Modoc,2021-06-15,6,5308,0,620,4,4364,2,324,3,241,3,2692,5,2933,California
Modoc,2021-06-16,37,5345,25,645,7,4371,5,329,21,251,16,2708,26,2959,California
Modoc,2021-06-17,43,5388,21,666,21,4392,1,330,24,257,19,2727,25,2984,California
Mono,2020-12-18,1,1,1,1,0,0,0,0,1,1,0,0,1,1,California
Mono,2020-12-19,5,6,5,6,0,0,0,0,5,6,0,0,5,6,California
Mono,2020-12-20,7,13,7,13,0,0,0,0,7,13,0,0,7,13,California
Mono,2020-12-21,24,37,17,30,7,7,0,0,24,37,0,0,24,37,California
Mono,2020-12-22,68,105,67,97,1,8,0,0,68,105,0,0,68,105,California
Mono,2020-12-23,73,178,45,142,28,36,0,0,73,178,0,0,73,178,California
Mono,2020-12-24,3,181,1,143,2,38,0,0,3,181,0,0,3,181,California
Mono,2020-12-26,4,185,4,147,0,38,0,0,4,185,0,0,4,185,California
Mono,2020-12-27,1,186,0,147,1,39,0,0,1,186,0,0,1,186,California
Mono,2020-12-28,93,279,62,209,31,70,0,0,93,279,0,0,93,279,California
Mono,2020-12-29,29,308,29,238,0,70,0,0,29,308,0,0,29,308,California
Mono,2020-12-30,77,385,36,274,41,111,0,0,77,385,0,0,77,385,California
Mono,2020-12-31,4,389,1,275,3,114,0,0,4,389,0,0,4,389,California
Mono,2021-01-01,4,393,4,279,0,114,0,0,4,393,0,0,4,393,California
Mono,2021-01-02,2,395,2,281,0,114,0,0,2,395,0,0,2,395,California
Mono,2021-01-04,2,397,0,281,2,116,0,0,2,397,0,0,2,397,California
Mono,2021-01-05,45,442,2,283,43,159,0,0,44,440,1,1,44,441,California
Mono,2021-01-06,52,494,0,283,52,211,0,0,52,492,0,1,52,493,California
Mono,2021-01-07,55,549,3,286,52,263,0,0,53,544,2,3,54,547,California
Mono,2021-01-08,3,552,1,287,2,265,0,0,2,545,1,4,2,549,California
Mono,2021-01-09,4,556,4,291,0,265,0,0,0,541,4,8,0,549,California
Mono,2021-01-10,5,561,5,296,0,265,0,0,0,536,5,13,0,549,California
Mono,2021-01-11,8,569,5,301,3,268,0,0,4,536,4,17,4,553,California
Mono,2021-01-12,286,855,78,379,208,476,0,0,220,691,65,82,220,773,California
Mono,2021-01-13,237,1092,74,453,163,639,0,0,181,816,56,138,181,954,California
Mono,2021-01-14,75,1167,72,525,3,642,0,0,74,889,1,139,74,1028,California
Mono,2021-01-15,68,1235,2,527,66,708,0,0,68,957,0,139,68,1096,California
Mono,2021-01-16,5,1240,4,531,1,709,0,0,1,954,4,143,1,1097,California
Mono,2021-01-18,63,1303,54,585,9,718,0,0,2,895,61,204,2,1099,California
Mono,2021-01-19,215,1518,213,798,2,720,0,0,176,1033,39,243,177,1276,California
Mono,2021-01-20,235,1753,202,1000,33,753,0,0,174,1146,61,304,174,1450,California
Mono,2021-01-21,6,1759,3,1003,3,756,0,0,6,1152,0,304,6,1456,California
Mono,2021-01-22,5,1764,0,1003,5,761,0,0,5,1157,0,304,5,1461,California
Mono,2021-01-23,599,2363,599,1602,0,761,0,0,598,1754,1,305,598,2059,California
Mono,2021-01-24,1,2364,0,1602,1,762,0,0,0,1753,1,306,0,2059,California
Mono,2021-01-25,203,2567,166,1768,37,799,0,0,165,1880,38,344,165,2224,California
Mono,2021-01-26,511,3078,509,2277,2,801,0,0,505,2379,6,350,505,2729,California
Mono,2021-01-27,5,3083,1,2278,4,805,0,0,5,2384,0,350,5,2734,California
Mono,2021-01-28,6,3089,2,2280,4,809,0,0,2,2382,4,354,2,2736,California
Mono,2021-01-30,200,3289,198,2478,2,811,0,0,199,2580,1,355,199,2935,California
Mono,2021-01-31,252,3541,139,2617,113,924,0,0,140,2608,112,467,140,3075,California
Mono,2021-02-01,27,3568,27,2644,0,924,0,0,0,2581,27,494,0,3075,California
Mono,2021-02-02,5,3573,0,2644,5,929,0,0,2,2580,3,497,2,3077,California
Mono,2021-02-03,6,3579,2,2646,4,933,0,0,3,2580,3,500,3,3080,California
Mono,2021-02-04,214,3793,158,2804,56,989,0,0,91,2550,121,621,91,3171,California
Mono,2021-02-05,624,4417,618,3422,6,995,0,0,621,3168,3,624,621,3792,California
Mono,2021-02-06,136,4553,135,3557,1,996,0,0,135,3302,1,625,135,3927,California
Mono,2021-02-07,2,4555,0,3557,2,998,0,0,2,3304,0,625,2,3929,California
Mono,2021-02-08,175,4730,174,3731,1,999,0,0,16,3162,158,783,16,3945,California
Mono,2021-02-09,229,4959,8,3739,221,1220,0,0,14,2961,215,998,14,3959,California
Mono,2021-02-10,539,5498,189,3928,350,1570,0,0,192,2807,347,1345,193,4152,California
Mono,2021-02-11,8,5506,4,3932,4,1574,0,0,2,2803,6,1351,2,4154,California
Mono,2021-02-12,92,5598,21,3953,71,1645,0,0,27,2765,65,1416,27,4181,California
Mono,2021-02-13,593,6191,593,4546,0,1645,0,0,27,2227,565,1981,27,4208,California
Mono,2021-02-15,168,6359,166,4712,2,1647,0,0,3,2067,163,2144,3,4211,California
Mono,2021-02-16,523,6882,519,5231,4,1651,0,0,46,1639,474,2618,46,4257,California
Mono,2021-02-17,6,6888,2,5233,4,1655,0,0,2,1637,4,2622,2,4259,California
Mono,2021-02-18,6,6894,2,5235,4,1659,0,0,2,1635,4,2626,2,4261,California
Mono,2021-02-19,54,6948,53,5288,1,1660,0,0,54,1689,0,2626,54,4315,California
Mono,2021-02-20,6,6954,6,5294,0,1660,0,0,6,1695,0,2626,6,4321,California
Mono,2021-02-21,9,6963,9,5303,0,1660,0,0,7,1700,2,2628,7,4328,California
Mono,2021-02-22,283,7246,282,5585,1,1661,0,0,24,1466,258,2886,24,4352,California
Mono,2021-02-23,142,7388,119,5704,23,1684,0,0,26,1376,116,3002,26,4378,California
Mono,2021-02-24,12,7400,3,5707,9,1693,0,0,4,1372,8,3010,4,4382,California
Mono,2021-02-25,5,7405,2,5709,3,1696,0,0,3,1374,1,3011,3,4385,California
Mono,2021-02-26,605,8010,603,6312,2,1698,0,0,20,810,584,3595,20,4405,California
Mono,2021-02-27,139,8149,135,6447,4,1702,0,0,4,681,133,3728,4,4409,California
Mono,2021-02-28,1,8150,0,6447,0,1702,1,1,0,681,1,3729,1,4410,California
Mono,2021-03-01,3,8153,2,6449,1,1703,0,1,2,683,0,3729,2,4412,California
Mono,2021-03-02,8,8161,4,6453,4,1707,0,1,6,687,2,3731,6,4418,California
Mono,2021-03-03,114,8275,3,6456,111,1818,0,1,110,794,3,3734,110,4528,California
Mono,2021-03-04,6,8281,1,6457,5,1823,0,1,3,794,3,3737,3,4531,California
Mono,2021-03-05,40,8321,29,6486,11,1834,0,1,14,782,26,3763,14,4545,California
Mono,2021-03-06,517,8838,18,6504,499,2333,0,1,508,1284,7,3770,509,5054,California
Mono,2021-03-07,1,8839,0,6504,1,2334,0,1,0,1283,1,3771,0,5054,California
Mono,2021-03-08,549,9388,11,6515,535,2869,3,4,538,1813,11,3782,541,5595,California
Mono,2021-03-09,6,9394,2,6517,3,2872,1,5,3,1815,2,3784,4,5599,California
Mono,2021-03-10,286,9680,91,6608,192,3064,3,8,9,1553,274,4058,12,5611,California
Mono,2021-03-11,10,9690,0,6608,1,3065,9,17,0,1552,10,4068,9,5620,California
Mono,2021-03-12,7,9697,1,6609,1,3066,5,22,0,1550,7,4075,5,5625,California
Mono,2021-03-13,838,10535,397,7006,440,3506,1,23,826,2365,12,4087,827,6452,California
Mono,2021-03-14,7,10542,7,7013,0,3506,0,23,1,2360,6,4093,1,6453,California
Mono,2021-03-15,31,10573,23,7036,3,3509,5,28,14,2363,16,4109,19,6472,California
Mono,2021-03-16,17,10590,6,7042,5,3514,6,34,8,2368,9,4118,14,6486,California
Mono,2021-03-17,32,10622,4,7046,20,3534,8,42,20,2384,12,4130,28,6514,California
Mono,2021-03-18,21,10643,2,7048,11,3545,8,50,9,2389,12,4142,17,6531,California
Mono,2021-03-19,21,10664,1,7049,17,3562,3,53,17,2406,3,4145,20,6551,California
Mono,2021-03-20,5,10669,3,7052,1,3563,1,54,4,2410,1,4146,5,6556,California
Mono,2021-03-22,11,10680,0,7052,6,3569,5,59,5,2414,6,4152,10,6566,California
Mono,2021-03-23,45,10725,6,7058,34,3603,5,64,17,2408,28,4180,22,6588,California
Mono,2021-03-24,13,10738,1,7059,7,3610,5,69,5,2410,8,4188,10,6598,California
Mono,2021-03-25,19,10757,3,7062,12,3622,4,73,13,2421,6,4194,17,6615,California
Mono,2021-03-26,19,10776,3,7065,11,3633,5,78,10,2428,8,4202,15,6630,California
Mono,2021-03-27,365,11141,362,7427,3,3636,0,78,339,2741,26,4228,339,6969,California
Mono,2021-03-29,11,11152,2,7429,8,3644,1,79,9,2749,2,4230,10,6979,California
Mono,2021-03-30,14,11166,0,7429,10,3654,4,83,7,2753,7,4237,11,6990,California
Mono,2021-03-31,136,11302,8,7437,127,3781,1,84,24,2667,111,4348,25,7015,California
Mono,2021-04-01,10,11312,0,7437,10,3791,0,84,6,2669,4,4352,6,7021,California
Mono,2021-04-02,18,11330,2,7439,16,3807,0,84,8,2667,10,4362,8,7029,California
Mono,2021-04-03,886,12216,381,7820,505,4312,0,84,50,1884,833,5195,50,7079,California
Mono,2021-04-04,1,12217,1,7821,0,4312,0,84,0,1883,1,5196,0,7079,California
Mono,2021-04-05,546,12763,19,7840,526,4838,1,85,35,1409,510,5706,36,7115,California
Mono,2021-04-06,20,12783,1,7841,6,4844,13,98,2,1406,18,5724,15,7130,California
Mono,2021-04-07,23,12806,2,7843,2,4846,19,117,2,1406,21,5745,21,7151,California
Mono,2021-04-08,24,12830,4,7847,2,4848,18,135,5,1410,19,5764,23,7174,California
Mono,2021-04-09,39,12869,6,7853,4,4852,29,164,9,1418,30,5794,38,7212,California
Mono,2021-04-10,457,13326,2,7855,448,5300,7,171,31,1030,426,6220,38,7250,California
Mono,2021-04-12,6,13332,0,7855,3,5303,3,174,3,1033,3,6223,6,7256,California
Mono,2021-04-13,20,13352,2,7857,17,5320,1,175,14,1042,6,6229,15,7271,California
Mono,2021-04-14,25,13377,1,7858,24,5344,0,175,7,1031,18,6247,7,7278,California
Mono,2021-04-15,20,13397,5,7863,15,5359,0,175,10,1031,10,6257,10,7288,California
Mono,2021-04-16,18,13415,1,7864,17,5376,0,175,7,1027,11,6268,7,7295,California
Mono,2021-04-17,52,13467,2,7866,50,5426,0,175,45,1065,7,6275,45,7340,California
Mono,2021-04-18,1,13468,0,7866,1,5427,0,175,1,1066,0,6275,1,7341,California
Mono,2021-04-19,550,14018,339,8205,211,5638,0,175,205,931,343,6618,208,7549,California
Mono,2021-04-20,14,14032,2,8207,12,5650,0,175,9,935,5,6623,9,7558,California
Mono,2021-04-21,8,14040,1,8208,7,5657,0,175,2,931,6,6629,2,7560,California
Mono,2021-04-22,25,14065,11,8219,14,5671,0,175,11,928,14,6643,11,7571,California
Mono,2021-04-23,22,14087,2,8221,20,5691,0,175,12,930,10,6653,12,7583,California
Mono,2021-04-24,37,14124,23,8244,14,5705,0,175,22,937,15,6668,22,7605,California
Mono,2021-04-25,5,14129,4,8248,1,5706,0,175,5,942,0,6668,5,7610,California
Mono,2021-04-26,14,14143,2,8250,12,5718,0,175,3,934,11,6679,3,7613,California
Mono,2021-04-27,68,14211,41,8291,19,5737,8,183,51,976,17,6696,59,7672,California
Mono,2021-04-28,64,14275,40,8331,19,5756,5,188,48,1015,14,6710,53,7725,California
Mono,2021-04-29,12,14287,3,8334,6,5762,3,191,3,1012,9,6719,6,7731,California
Mono,2021-04-30,19,14306,4,8338,12,5774,3,194,8,1012,11,6730,11,7742,California
Mono,2021-05-01,112,14418,5,8343,107,5881,0,194,99,1099,12,6742,99,7841,California
Mono,2021-05-02,2,14420,2,8345,0,5881,0,194,1,1099,1,6743,1,7842,California
Mono,2021-05-03,1,14421,0,8345,1,5882,0,194,0,1098,1,6744,0,7842,California
Mono,2021-05-04,19,14440,0,8345,14,5896,5,199,10,1104,9,6753,15,7857,California
Mono,2021-05-05,52,14492,8,8353,40,5936,4,203,45,1146,7,6760,49,7906,California
Mono,2021-05-06,13,14505,2,8355,10,5946,1,204,9,1152,4,6764,10,7916,California
Mono,2021-05-07,29,14534,22,8377,7,5953,0,204,25,1173,4,6768,25,7941,California
Mono,2021-05-08,52,14586,7,8384,45,5998,0,204,22,1165,30,6798,22,7963,California
Mono,2021-05-09,1,14587,1,8385,0,5998,0,204,0,1165,0,6798,0,7963,California
Mono,2021-05-10,17,14604,1,8386,12,6010,4,208,9,1170,8,6806,13,7976,California
Mono,2021-05-11,16,14620,2,8388,11,6021,3,211,5,1167,11,6817,8,7984,California
Mono,2021-05-12,12,14632,0,8388,11,6032,1,212,4,1164,8,6825,5,7989,California
Mono,2021-05-13,47,14679,31,8419,15,6047,1,213,38,1194,9,6834,39,8028,California
Mono,2021-05-14,10,14689,1,8420,8,6055,1,214,5,1195,5,6839,6,8034,California
Mono,2021-05-15,71,14760,29,8449,35,6090,7,221,20,1171,51,6890,27,8061,California
Mono,2021-05-16,5,14765,4,8453,1,6091,0,221,2,1170,3,6893,2,8063,California
Mono,2021-05-17,251,15016,34,8487,210,6301,7,228,54,1036,196,7089,62,8125,California
Mono,2021-05-18,132,15148,109,8596,22,6323,1,229,87,1079,45,7134,88,8213,California
Mono,2021-05-19,118,15266,112,8708,1,6324,5,234,75,1116,43,7177,80,8293,California
Mono,2021-05-20,70,15336,55,8763,10,6334,5,239,53,1157,17,7194,58,8351,California
Mono,2021-05-21,24,15360,4,8767,17,6351,3,242,10,1156,14,7208,13,8364,California
Mono,2021-05-22,21,15381,11,8778,8,6359,2,244,15,1167,6,7214,17,8381,California
Mono,2021-05-23,2,15383,0,8778,2,6361,0,244,1,1167,1,7215,1,8382,California
Mono,2021-05-24,15,15398,1,8779,13,6374,1,245,8,1170,7,7222,10,8392,California
Mono,2021-05-25,15,15413,5,8784,10,6384,0,245,8,1171,7,7229,8,8400,California
Mono,2021-05-26,18,15431,2,8786,15,6399,1,246,7,1168,11,7240,8,8408,California
Mono,2021-05-27,9,15440,0,8786,9,6408,0,246,6,1172,2,7242,6,8414,California
Mono,2021-05-28,41,15481,28,8814,13,6421,0,246,10,1151,31,7273,10,8424,California
Mono,2021-05-29,131,15612,27,8841,101,6522,3,249,31,1085,100,7373,34,8458,California
Mono,2021-06-01,15,15627,7,8848,8,6530,0,249,8,1086,7,7380,8,8466,California
Mono,2021-06-02,47,15674,3,8851,44,6574,0,249,10,1059,37,7417,10,8476,California
Mono,2021-06-03,10,15684,1,8852,7,6581,2,251,1,1053,9,7426,3,8479,California
Mono,2021-06-04,13,15697,2,8854,10,6591,1,252,4,1049,9,7435,5,8484,California
Mono,2021-06-05,43,15740,23,8877,20,6611,0,252,6,1018,37,7472,6,8490,California
Mono,2021-06-06,1,15741,0,8877,1,6612,0,252,0,1017,1,7473,0,8490,California
Mono,2021-06-07,99,15840,87,8964,8,6620,4,256,12,946,87,7560,16,8506,California
Mono,2021-06-08,110,15950,100,9064,8,6628,2,258,11,860,99,7659,13,8519,California
Mono,2021-06-09,8,15958,3,9067,5,6633,0,258,1,854,7,7666,1,8520,California
Mono,2021-06-10,6,15964,0,9067,4,6637,2,260,2,854,4,7670,4,8524,California
Mono,2021-06-11,74,16038,62,9129,7,6644,5,265,7,799,67,7737,12,8536,California
Mono,2021-06-12,1,16039,1,9130,0,6644,0,265,0,798,1,7738,0,8536,California
Mono,2021-06-14,64,16103,30,9160,28,6672,6,271,20,780,44,7782,26,8562,California
Mono,2021-06-15,8,16111,5,9165,3,6675,0,271,4,780,4,7786,4,8566,California
Mono,2021-06-16,13,16124,4,9169,9,6684,0,271,6,779,7,7793,6,8572,California
Mono,2021-06-17,1,16125,1,9170,0,6684,0,271,1,780,0,7793,1,8573,California
Monterey,2020-12-16,6,6,6,6,0,0,0,0,6,6,0,0,6,6,California
Monterey,2020-12-17,89,95,89,95,0,0,0,0,89,95,0,0,89,95,California
Monterey,2020-12-18,494,589,494,589,0,0,0,0,494,589,0,0,494,589,California
Monterey,2020-12-19,583,1172,582,1171,1,1,0,0,582,1171,0,0,582,1171,California
Monterey,2020-12-20,422,1594,422,1593,0,1,0,0,422,1593,0,0,422,1593,California
Monterey,2020-12-21,726,2320,726,2319,0,1,0,0,726,2319,0,0,726,2319,California
Monterey,2020-12-22,547,2867,534,2853,13,14,0,0,547,2866,0,0,547,2866,California
Monterey,2020-12-23,446,3313,268,3121,178,192,0,0,446,3312,0,0,446,3312,California
Monterey,2020-12-24,86,3399,10,3131,76,268,0,0,86,3398,0,0,86,3398,California
Monterey,2020-12-25,6,3405,0,3131,6,274,0,0,6,3404,0,0,6,3404,California
Monterey,2020-12-26,92,3497,5,3136,87,361,0,0,92,3496,0,0,92,3496,California
Monterey,2020-12-27,7,3504,4,3140,3,364,0,0,7,3503,0,0,7,3503,California
Monterey,2020-12-28,489,3993,26,3166,463,827,0,0,489,3992,0,0,489,3992,California
Monterey,2020-12-29,916,4909,172,3338,744,1571,0,0,916,4908,0,0,916,4908,California
Monterey,2020-12-30,575,5484,101,3439,474,2045,0,0,575,5483,0,0,575,5483,California
Monterey,2020-12-31,36,5520,11,3450,25,2070,0,0,36,5519,0,0,36,5519,California
Monterey,2021-01-01,13,5533,3,3453,10,2080,0,0,13,5532,0,0,13,5532,California
Monterey,2021-01-02,138,5671,135,3588,3,2083,0,0,138,5670,0,0,138,5670,California
Monterey,2021-01-03,31,5702,30,3618,1,2084,0,0,31,5701,0,0,31,5701,California
Monterey,2021-01-04,416,6118,20,3638,396,2480,0,0,416,6117,0,0,416,6117,California
Monterey,2021-01-05,768,6886,336,3974,432,2912,0,0,754,6857,14,14,754,6871,California
Monterey,2021-01-06,671,7557,181,4155,490,3402,0,0,647,7480,24,38,647,7518,California
Monterey,2021-01-07,764,8321,582,4737,182,3584,0,0,434,7586,328,366,434,7952,California
Monterey,2021-01-08,1116,9437,749,5486,367,3951,0,0,408,7286,708,1074,408,8360,California
Monterey,2021-01-09,977,10414,939,6425,38,3989,0,0,324,6959,651,1725,324,8684,California
Monterey,2021-01-10,275,10689,273,6698,2,3991,0,0,8,6700,267,1992,8,8692,California
Monterey,2021-01-11,1082,11771,993,7691,89,4080,0,0,374,6366,708,2700,374,9066,California
Monterey,2021-01-12,488,12259,403,8094,85,4165,0,0,222,6322,266,2966,222,9288,California
Monterey,2021-01-13,1232,13491,597,8691,635,4800,0,0,1187,7464,45,3011,1187,10475,California
Monterey,2021-01-14,1138,14629,171,8862,967,5767,0,0,1117,8564,21,3032,1121,11596,California
Monterey,2021-01-15,1082,15711,45,8907,1037,6804,0,0,1070,9622,12,3044,1070,12666,California
Monterey,2021-01-16,368,16079,303,9210,65,6869,0,0,363,9980,5,3049,363,13029,California
Monterey,2021-01-17,312,16391,293,9503,19,6888,0,0,299,10266,13,3062,299,13328,California
Monterey,2021-01-18,412,16803,51,9554,361,7249,0,0,389,10632,23,3085,389,13717,California
Monterey,2021-01-19,595,17398,402,9956,193,7442,0,0,430,10899,163,3248,430,14147,California
Monterey,2021-01-20,558,17956,273,10229,285,7727,0,0,344,11029,214,3462,344,14491,California
Monterey,2021-01-21,901,18857,95,10324,806,8533,0,0,789,11710,112,3574,793,15284,California
Monterey,2021-01-22,1091,19948,204,10528,887,9420,0,0,1050,12719,41,3615,1050,16334,California
Monterey,2021-01-23,250,20198,178,10706,72,9492,0,0,125,12722,124,3739,127,16461,California
Monterey,2021-01-24,57,20255,38,10744,19,9511,0,0,23,12711,34,3773,23,16484,California
Monterey,2021-01-25,845,21100,184,10928,661,10172,0,0,205,12283,633,4406,205,16689,California
Monterey,2021-01-26,993,22093,231,11159,762,10934,0,0,282,11854,711,5117,282,16971,California
Monterey,2021-01-27,914,23007,319,11478,595,11529,0,0,427,11794,487,5604,427,17398,California
Monterey,2021-01-28,2080,25087,748,12226,1332,12861,0,0,1730,13176,350,5954,1732,19130,California
Monterey,2021-01-29,1312,26399,720,12946,592,13453,0,0,1194,14254,117,6071,1195,20325,California
Monterey,2021-01-30,490,26889,301,13247,189,13642,0,0,230,14224,260,6331,230,20555,California
Monterey,2021-01-31,513,27402,85,13332,428,14070,0,0,502,14716,11,6342,503,21058,California
Monterey,2021-02-01,1677,29079,1162,14494,515,14585,0,0,1103,15246,573,6915,1103,22161,California
Monterey,2021-02-02,2201,31280,464,14958,1737,16322,0,0,1588,16222,612,7527,1588,23749,California
Monterey,2021-02-03,2393,33673,1086,16044,1307,17629,0,0,1608,17049,781,8308,1608,25357,California
Monterey,2021-02-04,2844,36517,2107,18151,737,18366,0,0,2527,19262,314,8622,2527,27884,California
Monterey,2021-02-05,3740,40257,2878,21029,862,19228,0,0,3292,22111,443,9065,3292,31176,California
Monterey,2021-02-06,1143,41400,383,21412,760,19988,0,0,789,22548,352,9417,789,31965,California
Monterey,2021-02-07,326,41726,268,21680,58,20046,0,0,108,22438,218,9635,108,32073,California
Monterey,2021-02-08,540,42266,292,21972,248,20294,0,0,440,22778,100,9735,440,32513,California
Monterey,2021-02-09,932,43198,714,22686,218,20512,0,0,615,23078,317,10052,617,33130,California
Monterey,2021-02-10,2147,45345,1121,23807,1026,21538,0,0,1282,23497,865,10917,1284,34414,California
Monterey,2021-02-11,2542,47887,976,24783,1566,23104,0,0,1571,24101,969,11886,1573,35987,California
Monterey,2021-02-12,2646,50533,435,25218,2211,25315,0,0,1546,24549,1099,12985,1547,37534,California
Monterey,2021-02-13,1106,51639,49,25267,1057,26372,0,0,1012,25468,93,13078,1012,38546,California
Monterey,2021-02-14,629,52268,74,25341,555,26927,0,0,557,25953,72,13150,557,39103,California
Monterey,2021-02-15,1402,53670,168,25509,1234,28161,0,0,1000,26554,400,13550,1001,40104,California
Monterey,2021-02-16,1117,54787,250,25759,867,29028,0,0,888,27213,229,13779,888,40992,California
Monterey,2021-02-17,2015,56802,1195,26954,820,29848,0,0,1682,28567,330,14109,1684,42676,California
Monterey,2021-02-18,2298,59100,1185,28139,1113,30961,0,0,929,28143,1355,15464,931,43607,California
Monterey,2021-02-19,3006,62106,1557,29696,1449,32410,0,0,1381,27901,1624,17088,1382,44989,California
Monterey,2021-02-20,1113,63219,688,30384,425,32835,0,0,1049,28887,63,17151,1049,46038,California
Monterey,2021-02-21,1288,64507,1253,31637,35,32870,0,0,1207,30015,79,17230,1207,47245,California
Monterey,2021-02-22,1065,65572,900,32537,165,33035,0,0,668,30288,395,17625,668,47913,California
Monterey,2021-02-23,1021,66593,634,33171,387,33422,0,0,317,29903,703,18328,318,48231,California
Monterey,2021-02-24,2552,69145,1358,34529,1194,34616,0,0,1871,31099,676,19004,1872,50103,California
Monterey,2021-02-25,4516,73661,2470,36999,2046,36662,0,0,1529,29649,2980,21984,1530,51633,California
Monterey,2021-02-26,5370,79031,3124,40123,2246,38908,0,0,2666,29616,2701,24685,2668,54301,California
Monterey,2021-02-27,1069,80100,202,40325,867,39775,0,0,838,30228,226,24911,838,55139,California
Monterey,2021-02-28,1561,81661,86,40411,1475,41250,0,0,1089,30850,467,25378,1089,56228,California
Monterey,2021-03-01,1340,83001,179,40590,1158,42408,3,3,770,31059,565,25943,774,57002,California
Monterey,2021-03-02,2879,85880,1750,42340,1129,43537,0,3,1994,32172,881,26824,1994,58996,California
Monterey,2021-03-03,3282,89162,1255,43595,2027,45564,0,3,1319,31532,1960,28784,1320,60316,California
Monterey,2021-03-04,4707,93869,1492,45087,3215,48779,0,3,3052,32934,1650,30434,3052,63368,California
Monterey,2021-03-05,3719,97588,1639,46726,1801,50580,279,282,3038,35571,680,31114,3317,66685,California
Monterey,2021-03-06,5235,102823,1174,47900,3752,54332,309,591,4297,39240,935,32049,4604,71289,California
Monterey,2021-03-07,534,103357,105,48005,177,54509,252,843,231,39418,303,32352,481,71770,California
Monterey,2021-03-08,1683,105040,330,48335,963,55472,390,1233,1127,40377,556,32908,1515,73285,California
Monterey,2021-03-09,2052,107092,699,49034,1078,56550,275,1508,1535,41669,516,33424,1808,75093,California
Monterey,2021-03-10,3296,110388,1052,50086,1752,58302,492,2000,1527,41923,1765,35189,2019,77112,California
Monterey,2021-03-11,4241,114629,1432,51518,2431,60733,378,2378,2430,42926,1804,36993,2807,79919,California
Monterey,2021-03-12,4497,119126,2071,53589,2271,63004,155,2533,2769,44123,1725,38718,2922,82841,California
Monterey,2021-03-13,5433,124559,1038,54627,4044,67048,351,2884,4041,47124,1391,40109,4392,87233,California
Monterey,2021-03-14,2206,126765,1363,55990,818,67866,25,2909,595,46143,1601,41710,620,87853,California
Monterey,2021-03-15,4023,130788,1284,57274,2448,70314,291,3200,2299,47012,1720,43430,2589,90442,California
Monterey,2021-03-16,3579,134367,593,57867,2610,72924,376,3576,2139,48085,1438,44868,2511,92953,California
Monterey,2021-03-17,5991,140358,2451,60318,3284,76208,256,3832,4355,51072,1629,46497,4616,97569,California
Monterey,2021-03-18,4583,144941,2238,62556,2174,78382,171,4003,3178,53058,1400,47897,3386,100955,California
Monterey,2021-03-19,5579,150520,2593,65149,2824,81206,162,4165,4253,56154,1320,49217,4416,105371,California
Monterey,2021-03-20,3402,153922,440,65589,2268,83474,694,4859,2297,58044,1101,50318,2991,108362,California
Monterey,2021-03-21,652,154574,215,65804,427,83901,10,4869,573,58550,76,50394,582,108944,California
Monterey,2021-03-22,2529,157103,1470,67274,996,84897,63,4932,2303,60692,222,50616,2364,111308,California
Monterey,2021-03-23,4101,161204,2418,69692,1640,86537,43,4975,2610,61860,1485,52101,2653,113961,California
Monterey,2021-03-24,5249,166453,2215,71907,2715,89252,319,5294,3861,64652,1385,53486,4177,118138,California
Monterey,2021-03-25,5384,171837,1250,73157,3772,93024,362,5656,2705,65051,2669,56155,3068,121206,California
Monterey,2021-03-26,5554,177391,2679,75836,2797,95821,78,5734,2865,65318,2678,58833,2945,124151,California
Monterey,2021-03-27,5039,182430,1575,77411,3206,99027,258,5992,3194,66930,1842,60675,3454,127605,California
Monterey,2021-03-28,1138,183568,356,77767,773,99800,9,6001,642,67091,490,61165,651,128256,California
Monterey,2021-03-29,3271,186839,1441,79208,1816,101616,14,6015,2033,67913,1230,62395,2052,130308,California
Monterey,2021-03-30,4608,191447,2157,81365,2396,104012,55,6070,2808,68990,1789,64184,2866,133174,California
Monterey,2021-03-31,5567,197014,2501,83866,2265,106277,801,6871,3533,71284,2031,66215,4325,137499,California
Monterey,2021-04-01,6295,203309,2108,85974,3773,110050,414,7285,3164,71741,3116,69331,3573,141072,California
Monterey,2021-04-02,4804,208113,2238,88212,2491,112541,75,7360,3213,73445,1588,70919,3292,144364,California
Monterey,2021-04-03,6021,214134,1150,89362,3812,116353,1059,8419,1253,70990,4759,75678,2304,146668,California
Monterey,2021-04-04,792,214926,177,89539,602,116955,13,8432,506,71226,286,75964,522,147190,California
Monterey,2021-04-05,4055,218981,2500,92039,1316,118271,239,8671,1504,70421,2546,78510,1741,148931,California
Monterey,2021-04-06,3545,222526,1384,93423,1678,119949,483,9154,1222,69803,2320,80830,1702,150633,California
Monterey,2021-04-07,5778,228304,1438,94861,3817,123766,523,9677,2738,70030,3029,83859,3256,153889,California
Monterey,2021-04-08,6873,235177,3619,98480,2419,126185,835,10512,3409,70818,3457,87316,4245,158134,California
Monterey,2021-04-09,5860,241037,3486,101966,1723,127908,651,11163,2341,70291,3516,90832,2989,161123,California
Monterey,2021-04-10,10367,251404,5025,106991,3139,131047,2203,13366,5058,72249,5298,96130,7256,168379,California
Monterey,2021-04-11,5601,257005,4404,111395,580,131627,617,13983,4536,76336,1059,97189,5146,173525,California
Monterey,2021-04-12,4227,261232,1914,113309,1975,133602,338,14321,975,74536,3113,100302,1313,174838,California
Monterey,2021-04-13,3292,264524,769,114078,2518,136120,5,14326,1585,74439,1689,101991,1592,176430,California
Monterey,2021-04-14,7040,271564,3283,117361,3754,139874,3,14329,1918,71262,5101,107092,1924,178354,California
Monterey,2021-04-15,6038,277602,3984,121345,2054,141928,0,14329,3928,73110,2081,109173,3929,182283,California
Monterey,2021-04-16,5082,282684,2608,123953,2464,144392,10,14339,2378,72816,2692,111865,2398,184681,California
Monterey,2021-04-17,5852,288536,1398,125351,4454,148846,0,14339,3778,74535,2060,113925,3779,188460,California
Monterey,2021-04-18,874,289410,269,125620,605,149451,0,14339,249,74163,621,114546,249,188709,California
Monterey,2021-04-19,3645,293055,1176,126796,2469,151920,0,14339,1658,73845,1978,116524,1660,190369,California
Monterey,2021-04-20,3950,297005,1653,128449,2297,154217,0,14339,1626,73177,2300,118824,1632,192001,California
Monterey,2021-04-21,6156,303161,3351,131800,2805,157022,0,14339,2992,73044,3127,121951,2994,194995,California
Monterey,2021-04-22,4922,308083,1085,132885,3837,160859,0,14339,2039,72243,2840,124791,2039,197034,California
Monterey,2021-04-23,5708,313791,2663,135548,3044,163903,1,14340,2259,71078,3430,128221,2265,199299,California
Monterey,2021-04-24,4354,318145,599,136147,3755,167658,0,14340,1561,69864,2775,130996,1561,200860,California
Monterey,2021-04-25,1267,319412,632,136779,635,168293,0,14340,805,70217,452,131448,805,201665,California
Monterey,2021-04-26,3783,323195,2231,139010,1535,169828,17,14357,1006,68488,2752,134200,1023,202688,California
Monterey,2021-04-27,2924,326119,959,139969,1826,171654,139,14496,1263,68232,1657,135857,1401,204089,California
Monterey,2021-04-28,3725,329844,1434,141403,2138,173792,153,14649,2303,69276,1407,137264,2451,206540,California
Monterey,2021-04-29,4644,334488,2519,143922,2047,175839,78,14727,1703,68129,2929,140193,1782,208322,California
Monterey,2021-04-30,3242,337730,1681,145603,1487,177326,74,14801,822,66613,2410,142603,894,209216,California
Monterey,2021-05-01,5686,343416,4286,149889,1359,178685,41,14842,694,62375,4971,147574,733,209949,California
Monterey,2021-05-02,4414,347830,3982,153871,405,179090,27,14869,311,58624,4089,151663,338,210287,California
Monterey,2021-05-03,2567,350397,1588,155459,864,179954,115,14984,600,57382,1957,153620,715,211002,California
Monterey,2021-05-04,1860,352257,649,156108,1118,181072,93,15077,657,56944,1189,154809,751,211753,California
Monterey,2021-05-05,3414,355671,1259,157367,2070,183142,85,15162,1081,55791,2320,157129,1167,212920,California
Monterey,2021-05-06,4245,359916,2787,160154,1236,184378,222,15384,1144,54072,3084,160213,1365,214285,California
Monterey,2021-05-07,2075,361991,1047,161201,926,185304,102,15486,705,53516,1362,161575,806,215091,California
Monterey,2021-05-08,2637,364628,1398,162599,918,186222,321,15807,940,53090,1686,163261,1260,216351,California
Monterey,2021-05-09,407,365035,125,162724,256,186478,26,15833,146,53002,260,163521,172,216523,California
Monterey,2021-05-10,2829,367864,2080,164804,699,187177,50,15883,527,51290,2291,165812,579,217102,California
Monterey,2021-05-11,1913,369777,986,165790,847,188024,80,15963,784,51039,1116,166928,865,217967,California
Monterey,2021-05-12,3978,373755,2090,167880,1802,189826,86,16049,881,48924,3083,170011,968,218935,California
Monterey,2021-05-13,2628,376383,1542,169422,1030,190856,56,16105,1508,49378,1108,171119,1562,220497,California
Monterey,2021-05-14,1850,378233,548,169970,1201,192057,101,16206,739,49116,1102,172221,840,221337,California
Monterey,2021-05-15,3409,381642,831,170801,2311,194368,267,16473,966,47915,2430,174651,1229,222566,California
Monterey,2021-05-16,926,382568,568,171369,284,194652,74,16547,235,47538,685,175336,308,222874,California
Monterey,2021-05-17,2225,384793,1317,172686,828,195480,80,16627,1044,47493,1169,176505,1124,223998,California
Monterey,2021-05-18,1819,386612,743,173429,1029,196509,47,16674,851,47433,960,177465,900,224898,California
Monterey,2021-05-19,3701,390313,2393,175822,1217,197726,91,16765,1965,47761,1729,179194,2057,226955,California
Monterey,2021-05-20,2854,393167,1031,176853,1713,199439,110,16875,971,46976,1869,181063,1084,228039,California
Monterey,2021-05-21,3312,396479,1341,178194,1876,201315,95,16970,1044,45860,2254,183317,1138,229177,California
Monterey,2021-05-22,2143,398622,742,178936,1120,202435,281,17251,810,45624,1325,184642,1089,230266,California
Monterey,2021-05-23,849,399471,493,179429,340,202775,16,17267,486,45769,357,184999,502,230768,California
Monterey,2021-05-24,1691,401162,511,179940,1120,203895,60,17327,544,45231,1143,186142,605,231373,California
Monterey,2021-05-25,1484,402646,571,180511,842,204737,71,17398,576,44989,890,187032,648,232021,California
Monterey,2021-05-26,2730,405376,1066,181577,1609,206346,55,17453,1036,44406,1676,188708,1093,233114,California
Monterey,2021-05-27,2522,407898,1376,182953,1088,207434,58,17511,903,43766,1602,190310,962,234076,California
Monterey,2021-05-28,1748,409646,581,183534,1107,208541,60,17571,767,43624,970,191280,828,234904,California
Monterey,2021-05-29,984,410630,632,184166,322,208863,30,17601,413,43501,566,191846,443,235347,California
Monterey,2021-05-30,385,411015,166,184332,204,209067,15,17616,148,43428,236,192082,163,235510,California
Monterey,2021-05-31,186,411201,33,184365,144,209211,9,17625,54,43359,132,192214,63,235573,California
Monterey,2021-06-01,1750,412951,943,185308,672,209883,135,17760,556,42868,1178,193392,687,236260,California
Monterey,2021-06-02,1713,414664,989,186297,674,210557,50,17810,720,42650,988,194380,770,237030,California
Monterey,2021-06-03,2257,416921,1434,187731,786,211343,37,17847,575,41588,1673,196053,611,237641,California
Monterey,2021-06-04,1346,418267,708,188439,604,211947,34,17881,564,41412,774,196827,598,238239,California
Monterey,2021-06-05,2159,420426,857,189296,692,212639,610,18491,473,40815,1672,198499,1075,239314,California
Monterey,2021-06-06,519,420945,431,189727,79,212718,9,18500,318,40941,200,198699,326,239640,California
Monterey,2021-06-07,950,421895,505,190232,400,213118,45,18545,404,40853,535,199234,447,240087,California
Monterey,2021-06-08,1220,423115,776,191008,420,213538,24,18569,432,40531,777,200011,455,240542,California
Monterey,2021-06-09,2934,426049,2206,193214,602,214140,126,18695,649,39024,2281,202292,774,241316,California
Monterey,2021-06-10,1530,427579,947,194161,520,214660,63,18758,542,38647,980,203272,603,241919,California
Monterey,2021-06-11,1424,429003,776,194937,557,215217,91,18849,516,38352,900,204172,605,242524,California
Monterey,2021-06-12,750,429753,511,195448,224,215441,15,18864,351,38322,396,204568,366,242890,California
Monterey,2021-06-13,590,430343,457,195905,122,215563,11,18875,121,37988,466,205034,132,243022,California
Monterey,2021-06-14,1399,431742,1007,196912,356,215919,36,18911,402,37434,992,206026,438,243460,California
Monterey,2021-06-15,1172,432914,601,197513,448,216367,123,19034,408,37211,755,206781,532,243992,California
Monterey,2021-06-16,1540,434454,1108,198621,407,216774,25,19059,395,36494,1136,207917,419,244411,California
Monterey,2021-06-17,637,435091,355,198976,148,216922,134,19193,201,36398,430,208347,334,244745,California
Napa,2020-12-16,11,11,11,11,0,0,0,0,11,11,0,0,11,11,California
Napa,2020-12-17,47,58,47,58,0,0,0,0,47,58,0,0,47,58,California
Napa,2020-12-18,103,161,103,161,0,0,0,0,103,161,0,0,103,161,California
Napa,2020-12-19,223,384,223,384,0,0,0,0,223,384,0,0,223,384,California
Napa,2020-12-20,191,575,191,575,0,0,0,0,191,575,0,0,191,575,California
Napa,2020-12-21,319,894,319,894,0,0,0,0,320,895,0,0,320,895,California
Napa,2020-12-22,341,1235,332,1226,9,9,0,0,341,1236,0,0,341,1236,California
Napa,2020-12-23,444,1679,331,1557,113,122,0,0,444,1680,0,0,444,1680,California
Napa,2020-12-24,141,1820,79,1636,62,184,0,0,141,1821,0,0,141,1821,California
Napa,2020-12-25,1,1821,1,1637,0,184,0,0,1,1822,0,0,1,1822,California
Napa,2020-12-26,39,1860,11,1648,28,212,0,0,39,1861,0,0,39,1861,California
Napa,2020-12-27,32,1892,16,1664,16,228,0,0,32,1893,0,0,32,1893,California
Napa,2020-12-28,253,2145,186,1850,67,295,0,0,280,2173,0,0,280,2173,California
Napa,2020-12-29,272,2417,218,2068,54,349,0,0,305,2478,0,0,305,2478,California
Napa,2020-12-30,640,3057,488,2556,152,501,0,0,648,3126,0,0,648,3126,California
Napa,2020-12-31,458,3515,370,2926,88,589,0,0,458,3584,0,0,458,3584,California
Napa,2021-01-01,1,3516,1,2927,0,589,0,0,1,3585,0,0,1,3585,California
Napa,2021-01-02,97,3613,92,3019,5,594,0,0,97,3682,0,0,97,3682,California
Napa,2021-01-03,13,3626,11,3030,2,596,0,0,9,3691,0,0,9,3691,California
Napa,2021-01-04,107,3733,64,3094,43,639,0,0,107,3798,0,0,107,3798,California
Napa,2021-01-05,164,3897,87,3181,77,716,0,0,147,3921,24,24,147,3945,California
Napa,2021-01-06,466,4363,114,3295,352,1068,0,0,401,4259,63,87,401,4346,California
Napa,2021-01-07,510,4873,246,3541,264,1332,0,0,399,4548,110,197,399,4745,California
Napa,2021-01-08,441,5314,225,3766,216,1548,0,0,259,4626,181,378,259,5004,California
Napa,2021-01-09,329,5643,303,4069,26,1574,0,0,191,4679,138,516,191,5195,California
Napa,2021-01-10,185,5828,102,4171,83,1657,0,0,108,4710,77,593,108,5303,California
Napa,2021-01-11,890,6718,431,4602,459,2116,0,0,512,4845,379,972,514,5817,California
Napa,2021-01-12,1336,8054,384,4986,952,3068,0,0,1011,5531,325,1297,1011,6828,California
Napa,2021-01-13,1318,9372,268,5254,1050,4118,0,0,1152,6519,165,1462,1153,7981,California
Napa,2021-01-14,1057,10429,170,5424,887,5005,0,0,940,7344,115,1577,940,8921,California
Napa,2021-01-15,1470,11899,389,5813,1081,6086,0,0,1323,8513,155,1732,1324,10245,California
Napa,2021-01-16,361,12260,135,5948,226,6312,0,0,343,8838,18,1750,343,10588,California
Napa,2021-01-17,339,12599,176,6124,163,6475,0,0,329,9157,10,1760,329,10917,California
Napa,2021-01-18,1082,13681,195,6319,887,7362,0,0,991,10057,91,1851,991,11908,California
Napa,2021-01-19,1013,14694,412,6731,601,7963,0,0,767,10579,245,2096,767,12675,California
Napa,2021-01-20,835,15529,191,6922,644,8607,0,0,646,11038,187,2283,646,13321,California
Napa,2021-01-21,1326,16855,361,7283,965,9572,0,0,1072,11858,253,2536,1073,14394,California
Napa,2021-01-22,1544,18399,413,7696,1131,10703,0,0,1216,12748,327,2863,1217,15611,California
Napa,2021-01-23,401,18800,319,8015,82,10785,0,0,338,13023,63,2926,338,15949,California
Napa,2021-01-24,266,19066,186,8201,80,10865,0,0,207,13171,59,2985,207,16156,California
Napa,2021-01-25,1528,20594,229,8430,1299,12164,0,0,1438,14519,90,3075,1438,17594,California
Napa,2021-01-26,874,21468,282,8712,592,12756,0,0,781,15208,93,3168,782,18376,California
Napa,2021-01-27,635,22103,221,8933,414,13170,0,0,471,15515,165,3333,472,18848,California
Napa,2021-01-28,394,22497,177,9110,217,13387,0,0,199,15521,193,3526,199,19047,California
Napa,2021-01-29,263,22760,64,9174,199,13586,0,0,167,15592,96,3622,167,19214,California
Napa,2021-01-30,825,23585,712,9886,113,13699,0,0,655,16077,170,3792,655,19869,California
Napa,2021-01-31,698,24283,666,10552,32,13731,0,0,674,16727,24,3816,674,20543,California
Napa,2021-02-01,323,24606,111,10663,212,13943,0,0,164,16732,159,3975,164,20707,California
Napa,2021-02-02,613,25219,281,10944,332,14275,0,0,299,16720,311,4286,299,21006,California
Napa,2021-02-03,740,25959,307,11251,433,14708,0,0,424,16829,315,4601,424,21430,California
Napa,2021-02-04,788,26747,372,11623,416,15124,0,0,437,16917,349,4950,437,21867,California
Napa,2021-02-05,711,27458,308,11931,403,15527,0,0,338,16882,373,5323,338,22205,California
Napa,2021-02-06,436,27894,143,12074,293,15820,0,0,328,17102,108,5431,328,22533,California
Napa,2021-02-07,174,28068,160,12234,14,15834,0,0,66,17060,108,5539,66,22599,California
Napa,2021-02-08,839,28907,191,12425,648,16482,0,0,273,16769,564,6103,273,22872,California
Napa,2021-02-09,1088,29995,450,12875,638,17120,0,0,440,16562,647,6750,440,23312,California
Napa,2021-02-10,1737,31732,192,13067,1545,18665,0,0,454,15737,1280,8030,455,23767,California
Napa,2021-02-11,1486,33218,184,13251,1302,19967,0,0,402,15068,1071,9101,402,24169,California
Napa,2021-02-12,2153,35371,836,14087,1317,21284,0,0,714,14347,1435,10536,714,24883,California
Napa,2021-02-13,513,35884,55,14142,458,21742,0,0,324,14482,189,10725,324,25207,California
Napa,2021-02-14,329,36213,66,14208,263,22005,0,0,169,14491,160,10885,169,25376,California
Napa,2021-02-15,886,37099,182,14390,704,22709,0,0,229,14065,655,11540,229,25605,California
Napa,2021-02-16,1290,38389,598,14988,692,23401,0,0,618,14013,670,12210,618,26223,California
Napa,2021-02-17,1039,39428,525,15513,514,23915,0,0,473,13923,564,12774,474,26697,California
Napa,2021-02-18,1893,41321,473,15986,1420,25335,0,0,649,13331,1241,14015,649,27346,California
Napa,2021-02-19,1495,42816,590,16576,905,26240,0,0,679,13196,814,14829,679,28025,California
Napa,2021-02-20,867,43683,635,17211,232,26472,0,0,277,12883,590,15419,277,28302,California
Napa,2021-02-21,896,44579,826,18037,70,26542,0,0,194,12375,702,16121,194,28496,California
Napa,2021-02-22,474,45053,196,18233,278,26820,0,0,145,12191,329,16450,145,28641,California
Napa,2021-02-23,1152,46205,307,18540,845,27665,0,0,326,11691,826,17276,326,28967,California
Napa,2021-02-24,1159,47364,629,19169,530,28195,0,0,563,11660,594,17870,563,29530,California
Napa,2021-02-25,2592,49956,1245,20414,1347,29542,0,0,1876,12821,715,18585,1876,31406,California
Napa,2021-02-26,1548,51504,544,20958,1004,30546,0,0,614,12503,932,19517,614,32020,California
Napa,2021-02-27,1159,52663,424,21382,735,31281,0,0,900,13146,257,19774,900,32920,California
Napa,2021-02-28,725,53388,605,21987,120,31401,0,0,613,13649,110,19884,613,33533,California
Napa,2021-03-01,1170,54558,876,22863,294,31695,0,0,895,14270,274,20158,895,34428,California
Napa,2021-03-02,1511,56069,1053,23916,458,32153,0,0,1167,15094,343,20501,1167,35595,California
Napa,2021-03-03,1560,57629,688,24604,872,33025,0,0,1377,16289,182,20683,1377,36972,California
Napa,2021-03-04,1723,59352,793,25397,930,33955,0,0,1482,17533,238,20921,1482,38454,California
Napa,2021-03-05,1911,61263,785,26182,1122,35077,4,4,1496,18621,412,21333,1500,39954,California
Napa,2021-03-06,658,61921,288,26470,339,35416,31,35,545,19086,111,21444,576,40530,California
Napa,2021-03-07,502,62423,294,26764,193,35609,15,50,381,19362,120,21564,396,40926,California
Napa,2021-03-08,714,63137,336,27100,325,35934,53,103,538,19779,174,21738,591,41517,California
Napa,2021-03-09,1696,64833,614,27714,1036,36970,46,149,1253,20639,439,22177,1299,42816,California
Napa,2021-03-10,1504,66337,923,28637,487,37457,94,243,802,20835,697,22874,893,43709,California
Napa,2021-03-11,1890,68227,1067,29704,690,38147,133,376,997,21071,893,23767,1129,44838,California
Napa,2021-03-12,1505,69732,925,30629,489,38636,91,467,806,21272,696,24463,897,45735,California
Napa,2021-03-13,1179,70911,307,30936,848,39484,24,491,832,21783,345,24808,856,46591,California
Napa,2021-03-14,621,71532,337,31273,134,39618,150,641,208,21728,412,25220,357,46948,California
Napa,2021-03-15,965,72497,413,31686,482,40100,70,711,482,21799,481,25701,552,47500,California
Napa,2021-03-16,1851,74348,388,32074,1336,41436,127,838,1378,22835,470,26171,1506,49006,California
Napa,2021-03-17,2489,76837,1827,33901,484,41920,178,1016,1590,23705,898,27069,1768,50774,California
Napa,2021-03-18,2131,78968,941,34842,1178,43098,12,1028,1277,24143,851,27920,1289,52063,California
Napa,2021-03-19,1441,80409,875,35717,542,43640,24,1052,694,24117,744,28664,718,52781,California
Napa,2021-03-20,1011,81420,534,36251,324,43964,153,1205,386,24033,623,29287,539,53320,California
Napa,2021-03-21,715,82135,692,36943,21,43985,2,1207,219,23760,494,29781,221,53541,California
Napa,2021-03-22,1300,83435,1121,38064,168,44153,11,1218,438,23352,857,30638,449,53990,California
Napa,2021-03-23,1882,85317,1192,39256,674,44827,16,1234,993,23476,885,31523,1009,54999,California
Napa,2021-03-24,1702,87019,937,40193,756,45583,9,1243,812,23407,889,32412,820,55819,California
Napa,2021-03-25,1937,88956,1059,41252,824,46407,54,1297,771,23072,1160,33572,825,56644,California
Napa,2021-03-26,1317,90273,844,42096,468,46875,5,1302,591,22947,721,34293,596,57240,California
Napa,2021-03-27,927,91200,439,42535,461,47336,27,1329,299,22645,628,34921,326,57566,California
Napa,2021-03-28,489,91689,379,42914,103,47439,7,1336,179,22523,308,35229,186,57752,California
Napa,2021-03-29,1206,92895,878,43792,323,47762,5,1341,731,22785,474,35703,736,58488,California
Napa,2021-03-30,2807,95702,933,44725,1869,49631,5,1346,1978,23939,829,36532,1983,60471,California
Napa,2021-03-31,1986,97688,970,45695,947,50578,69,1415,809,23641,1174,37706,876,61347,California
Napa,2021-04-01,1756,99444,841,46536,798,51376,117,1532,484,22976,1265,38971,600,61947,California
Napa,2021-04-02,1880,101324,846,47382,892,52268,142,1674,481,22202,1396,40367,622,62569,California
Napa,2021-04-03,638,101962,370,47752,211,52479,57,1731,211,22043,426,40793,267,62836,California
Napa,2021-04-04,357,102319,145,47897,155,52634,57,1788,123,21990,233,41026,180,63016,California
Napa,2021-04-05,1273,103592,757,48654,297,52931,219,2007,569,22076,702,41728,788,63804,California
Napa,2021-04-06,2255,105847,561,49215,1432,54363,262,2269,523,21133,1729,43457,786,64590,California
Napa,2021-04-07,1760,107607,715,49930,824,55187,221,2490,537,20672,1217,44674,756,65346,California
Napa,2021-04-08,1865,109472,1064,50994,424,55611,377,2867,958,21105,901,45575,1334,66680,California
Napa,2021-04-09,1559,111031,937,51931,316,55927,306,3173,680,21213,877,46452,985,67665,California
Napa,2021-04-10,1038,112069,342,52273,594,56521,102,3275,237,20752,800,47252,339,68004,California
Napa,2021-04-11,387,112456,303,52576,62,56583,22,3297,159,20705,228,47480,181,68185,California
Napa,2021-04-12,793,113249,300,52876,368,56951,125,3422,292,20620,498,47978,413,68598,California
Napa,2021-04-13,2589,115838,870,53746,1719,58670,0,3422,945,19928,1638,49616,946,69544,California
Napa,2021-04-14,2132,117970,1001,54747,1131,59801,0,3422,1047,19901,1077,50693,1050,70594,California
Napa,2021-04-15,2062,120032,532,55279,1530,61331,0,3422,881,19607,1175,51868,881,71475,California
Napa,2021-04-16,2998,123030,1645,56924,1353,62684,0,3422,2279,21171,716,52584,2280,73755,California
Napa,2021-04-17,1137,124167,273,57197,864,63548,0,3422,833,21702,303,52887,834,74589,California
Napa,2021-04-18,269,124436,177,57374,92,63640,0,3422,119,21671,150,53037,119,74708,California
Napa,2021-04-19,616,125052,343,57717,273,63913,0,3422,269,21594,346,53383,269,74977,California
Napa,2021-04-20,3047,128099,2075,59792,972,64885,0,3422,2099,22748,946,54329,2100,77077,California
Napa,2021-04-21,2943,131042,2178,61970,765,65650,0,3422,1877,23566,1060,55389,1878,78955,California
Napa,2021-04-22,1732,132774,1208,63178,524,66174,0,3422,840,23519,887,56276,840,79795,California
Napa,2021-04-23,1643,134417,1259,64437,382,66556,2,3424,1162,24204,477,56753,1162,80957,California
Napa,2021-04-24,564,134981,317,64754,247,66803,0,3424,283,24209,278,57031,283,81240,California
Napa,2021-04-25,251,135232,192,64946,59,66862,0,3424,129,24217,121,57152,129,81369,California
Napa,2021-04-26,533,135765,281,65227,252,67114,0,3424,270,24229,258,57410,270,81639,California
Napa,2021-04-27,1777,137542,462,65689,1303,68417,12,3436,582,23632,1191,58601,594,82233,California
Napa,2021-04-28,1009,138551,464,66153,528,68945,17,3453,335,23312,672,59273,352,82585,California
Napa,2021-04-29,701,139252,347,66500,335,69280,19,3472,240,23118,452,59725,258,82843,California
Napa,2021-04-30,609,139861,306,66806,239,69519,64,3536,252,23077,356,60081,315,83158,California
Napa,2021-05-01,321,140182,265,67071,45,69564,11,3547,121,23009,200,60281,132,83290,California
Napa,2021-05-02,237,140419,193,67264,38,69602,6,3553,99,22977,137,60418,105,83395,California
Napa,2021-05-03,616,141035,493,67757,88,69690,35,3588,99,22600,512,60930,135,83530,California
Napa,2021-05-04,1130,142165,717,68474,302,69992,111,3699,301,22187,825,61755,412,83942,California
Napa,2021-05-05,1017,143182,686,69160,294,70286,37,3736,252,21714,762,62517,289,84231,California
Napa,2021-05-06,715,143897,316,69476,376,70662,23,3759,367,21766,339,62856,391,84622,California
Napa,2021-05-07,1437,145334,1214,70690,160,70822,63,3822,293,20999,1122,63978,355,84977,California
Napa,2021-05-08,252,145586,161,70851,80,70902,11,3833,87,20933,164,64142,98,85075,California
Napa,2021-05-09,109,145695,78,70929,31,70933,0,3833,51,20926,58,64200,51,85126,California
Napa,2021-05-10,415,146110,142,71071,254,71187,19,3852,102,20735,312,64512,121,85247,California
Napa,2021-05-11,2195,148305,1807,72878,363,71550,25,3877,372,19315,1817,66329,397,85644,California
Napa,2021-05-12,2210,150515,1386,74264,768,72318,56,3933,304,17774,1901,68230,360,86004,California
Napa,2021-05-13,1893,152408,1196,75460,656,72974,41,3974,818,17566,1068,69298,860,86864,California
Napa,2021-05-14,1920,154328,1153,76613,682,73656,85,4059,506,16751,1407,70705,592,87456,California
Napa,2021-05-15,1065,155393,359,76972,694,74350,12,4071,266,16234,796,71501,279,87735,California
Napa,2021-05-16,242,155635,162,77134,78,74428,2,4073,69,16132,173,71674,71,87806,California
Napa,2021-05-17,881,156516,349,77483,502,74930,30,4103,304,15951,515,72189,334,88140,California
Napa,2021-05-18,1051,157567,549,78032,445,75375,57,4160,505,15972,541,72730,562,88702,California
Napa,2021-05-19,937,158504,558,78590,349,75724,30,4190,506,16079,428,73158,535,89237,California
Napa,2021-05-20,640,159144,430,79020,179,75903,31,4221,389,16248,251,73409,420,89657,California
Napa,2021-05-21,507,159651,270,79290,205,76108,32,4253,214,16203,292,73701,247,89904,California
Napa,2021-05-22,456,160107,271,79561,177,76285,8,4261,189,16134,267,73968,198,90102,California
Napa,2021-05-23,392,160499,347,79908,34,76319,11,4272,294,16341,98,74066,305,90407,California
Napa,2021-05-24,359,160858,179,80087,160,76479,20,4292,149,16301,209,74275,169,90576,California
Napa,2021-05-25,417,161275,173,80260,173,76652,71,4363,145,16245,271,74546,215,90791,California
Napa,2021-05-26,543,161818,353,80613,164,76816,26,4389,316,16363,224,74770,342,91133,California
Napa,2021-05-27,372,162190,163,80776,181,76997,28,4417,142,16303,230,75000,170,91303,California
Napa,2021-05-28,397,162587,208,80984,165,77162,24,4441,166,16264,227,75227,188,91491,California
Napa,2021-05-29,129,162716,79,81063,46,77208,4,4445,74,16288,54,75281,78,91569,California
Napa,2021-05-30,97,162813,60,81123,32,77240,5,4450,32,16262,63,75344,37,91606,California
Napa,2021-05-31,42,162855,16,81139,19,77259,7,4457,9,16245,33,75377,16,91622,California
Napa,2021-06-01,595,163450,307,81446,264,77523,24,4481,264,16207,325,75702,287,91909,California
Napa,2021-06-02,414,163864,245,81691,147,77670,22,4503,201,16219,211,75913,223,92132,California
Napa,2021-06-03,737,164601,448,82139,264,77934,25,4528,175,15858,559,76472,198,92330,California
Napa,2021-06-04,782,165383,604,82743,140,78074,38,4566,170,15456,610,77082,208,92538,California
Napa,2021-06-05,309,165692,250,82993,47,78121,12,4578,78,15317,229,77311,90,92628,California
Napa,2021-06-06,139,165831,121,83114,18,78139,0,4578,45,15268,94,77405,45,92673,California
Napa,2021-06-07,394,166225,288,83402,78,78217,28,4606,93,15088,301,77706,121,92794,California
Napa,2021-06-08,616,166841,488,83890,111,78328,17,4623,270,15032,343,78049,287,93081,California
Napa,2021-06-09,551,167392,449,84339,87,78415,15,4638,93,14684,456,78505,108,93189,California
Napa,2021-06-10,505,167897,414,84753,62,78477,29,4667,107,14422,398,78903,136,93325,California
Napa,2021-06-11,403,168300,264,85017,117,78594,22,4689,119,14280,283,79186,141,93466,California
Napa,2021-06-12,203,168503,171,85188,27,78621,5,4694,41,14165,161,79347,46,93512,California
Napa,2021-06-13,281,168784,268,85456,8,78629,5,4699,24,13937,257,79604,29,93541,California
Napa,2021-06-14,465,169249,330,85786,109,78738,26,4725,92,13683,369,79973,115,93656,California
Napa,2021-06-15,374,169623,276,86062,85,78823,13,4738,186,13696,186,80159,199,93855,California
Napa,2021-06-16,246,169869,160,86222,73,78896,13,4751,79,13625,163,80322,92,93947,California
Napa,2021-06-17,200,170069,154,86376,38,78934,8,4759,34,13501,166,80488,42,93989,California
Nevada,2020-12-16,2,2,2,2,0,0,0,0,2,2,0,0,2,2,California
Nevada,2020-12-17,6,8,6,8,0,0,0,0,6,8,0,0,6,8,California
Nevada,2020-12-18,58,66,58,66,0,0,0,0,58,66,0,0,58,66,California
Nevada,2020-12-19,55,121,55,121,0,0,0,0,55,121,0,0,55,121,California
Nevada,2020-12-20,16,137,16,137,0,0,0,0,16,137,0,0,16,137,California
Nevada,2020-12-21,69,206,69,206,0,0,0,0,69,206,0,0,69,206,California
Nevada,2020-12-22,93,299,91,297,2,2,0,0,93,299,0,0,93,299,California
Nevada,2020-12-23,243,542,210,507,33,35,0,0,243,542,0,0,243,542,California
Nevada,2020-12-24,14,556,11,518,3,38,0,0,14,556,0,0,14,556,California
Nevada,2020-12-25,3,559,3,521,0,38,0,0,3,559,0,0,3,559,California
Nevada,2020-12-26,7,566,5,526,2,40,0,0,7,566,0,0,7,566,California
Nevada,2020-12-27,92,658,91,617,1,41,0,0,92,658,0,0,92,658,California
Nevada,2020-12-28,172,830,92,709,80,121,0,0,172,830,0,0,172,830,California
Nevada,2020-12-29,102,932,71,780,31,152,0,0,102,932,0,0,102,932,California
Nevada,2020-12-30,87,1019,65,845,22,174,0,0,87,1019,0,0,87,1019,California
Nevada,2020-12-31,43,1062,8,853,35,209,0,0,43,1062,0,0,43,1062,California
Nevada,2021-01-01,2,1064,0,853,2,211,0,0,2,1064,0,0,2,1064,California
Nevada,2021-01-02,2,1066,1,854,1,212,0,0,2,1066,0,0,2,1066,California
Nevada,2021-01-03,132,1198,127,981,5,217,0,0,132,1198,0,0,132,1198,California
Nevada,2021-01-04,73,1271,43,1024,30,247,0,0,73,1271,0,0,73,1271,California
Nevada,2021-01-05,286,1557,131,1155,155,402,0,0,285,1555,1,1,285,1556,California
Nevada,2021-01-06,94,1651,43,1198,51,453,0,0,87,1635,7,8,87,1643,California
Nevada,2021-01-07,221,1872,44,1242,177,630,0,0,212,1840,8,16,213,1856,California
Nevada,2021-01-08,233,2105,131,1373,102,732,0,0,174,1956,59,75,175,2031,California
Nevada,2021-01-09,63,2168,56,1429,7,739,0,0,14,1921,49,124,14,2045,California
Nevada,2021-01-10,22,2190,11,1440,11,750,0,0,12,1923,10,134,12,2057,California
Nevada,2021-01-11,195,2385,134,1574,61,811,0,0,66,1860,129,263,66,2123,California
Nevada,2021-01-12,605,2990,457,2031,148,959,0,0,535,2325,70,333,535,2658,California
Nevada,2021-01-13,272,3262,153,2184,119,1078,0,0,134,2321,138,471,134,2792,California
Nevada,2021-01-14,250,3512,126,2310,124,1202,0,0,232,2536,17,488,232,3024,California
Nevada,2021-01-15,412,3924,171,2481,241,1443,0,0,310,2745,102,590,311,3335,California
Nevada,2021-01-16,333,4257,18,2499,315,1758,0,0,327,3066,6,596,327,3662,California
Nevada,2021-01-17,44,4301,39,2538,5,1763,0,0,41,3104,3,599,41,3703,California
Nevada,2021-01-18,161,4462,48,2586,113,1876,0,0,148,3239,13,612,148,3851,California
Nevada,2021-01-19,262,4724,98,2684,164,2040,0,0,239,3455,23,635,239,4090,California
Nevada,2021-01-20,280,5004,164,2848,116,2156,0,0,266,3707,14,649,266,4356,California
Nevada,2021-01-21,349,5353,204,3052,145,2301,0,0,335,4028,14,663,335,4691,California
Nevada,2021-01-22,383,5736,234,3286,149,2450,0,0,350,4345,33,696,350,5041,California
Nevada,2021-01-23,190,5926,106,3392,84,2534,0,0,190,4535,0,696,190,5231,California
Nevada,2021-01-24,116,6042,104,3496,12,2546,0,0,76,4571,40,736,76,5307,California
Nevada,2021-01-25,264,6306,130,3626,134,2680,0,0,199,4705,65,801,199,5506,California
Nevada,2021-01-26,428,6734,151,3777,277,2957,0,0,320,4917,108,909,320,5826,California
Nevada,2021-01-27,449,7183,268,4045,181,3138,0,0,421,5310,28,937,421,6247,California
Nevada,2021-01-28,497,7680,336,4381,161,3299,0,0,446,5706,50,987,446,6693,California
Nevada,2021-01-29,630,8310,405,4786,225,3524,0,0,602,6282,27,1014,603,7296,California
Nevada,2021-01-30,265,8575,127,4913,138,3662,0,0,262,6541,3,1017,262,7558,California
Nevada,2021-01-31,114,8689,95,5008,19,3681,0,0,110,6649,3,1020,111,7669,California
Nevada,2021-02-01,291,8980,74,5082,217,3898,0,0,276,6910,15,1035,276,7945,California
Nevada,2021-02-02,545,9525,196,5278,349,4247,0,0,335,7035,210,1245,335,8280,California
Nevada,2021-02-03,824,10349,562,5840,262,4509,0,0,765,7742,58,1303,765,9045,California
Nevada,2021-02-04,777,11126,401,6241,376,4885,0,0,523,8012,253,1556,523,9568,California
Nevada,2021-02-05,702,11828,390,6631,312,5197,0,0,504,8320,196,1752,504,10072,California
Nevada,2021-02-06,291,12119,99,6730,192,5389,0,0,261,8551,30,1782,261,10333,California
Nevada,2021-02-07,311,12430,249,6979,62,5451,0,0,249,8738,62,1844,249,10582,California
Nevada,2021-02-08,700,13130,424,7403,276,5727,0,0,589,9216,111,1955,589,11171,California
Nevada,2021-02-09,647,13777,370,7773,277,6004,0,0,500,9569,147,2102,500,11671,California
Nevada,2021-02-10,684,14461,343,8116,341,6345,0,0,453,9792,231,2333,454,12125,California
Nevada,2021-02-11,930,15391,529,8645,401,6746,0,0,586,10035,343,2676,586,12711,California
Nevada,2021-02-12,1002,16393,461,9106,541,7287,0,0,668,10372,331,3007,668,13379,California
Nevada,2021-02-13,674,17067,269,9375,405,7692,0,0,423,10549,247,3254,424,13803,California
Nevada,2021-02-14,252,17319,136,9511,116,7808,0,0,214,10725,38,3292,214,14017,California
Nevada,2021-02-15,742,18061,454,9965,288,8096,0,0,569,11121,173,3465,569,14586,California
Nevada,2021-02-16,675,18736,235,10200,440,8536,0,0,496,11439,178,3643,496,15082,California
Nevada,2021-02-17,1238,19974,802,11002,436,8972,0,0,891,11983,347,3990,891,15973,California
Nevada,2021-02-18,1048,21022,580,11582,468,9440,0,0,621,12180,424,4414,621,16594,California
Nevada,2021-02-19,1043,22065,656,12238,387,9827,0,0,667,12474,374,4788,668,17262,California
Nevada,2021-02-20,329,22394,127,12365,202,10029,0,0,180,12506,148,4936,180,17442,California
Nevada,2021-02-21,107,22501,96,12461,11,10040,0,0,9,12420,95,5031,9,17451,California
Nevada,2021-02-22,510,23011,342,12803,168,10208,0,0,361,12633,148,5179,361,17812,California
Nevada,2021-02-23,518,23529,249,13052,269,10477,0,0,224,12566,291,5470,224,18036,California
Nevada,2021-02-24,499,24028,255,13307,244,10721,0,0,258,12587,239,5709,260,18296,California
Nevada,2021-02-25,897,24925,494,13801,403,11124,0,0,444,12580,451,6160,444,18740,California
Nevada,2021-02-26,1294,26219,895,14696,399,11523,0,0,452,12193,839,6999,452,19192,California
Nevada,2021-02-27,408,26627,129,14825,279,11802,0,0,211,12207,197,7196,211,19403,California
Nevada,2021-02-28,345,26972,211,15036,134,11936,0,0,144,12151,200,7396,144,19547,California
Nevada,2021-03-01,871,27843,456,15492,415,12351,0,0,385,12053,483,7879,385,19932,California
Nevada,2021-03-02,777,28620,315,15807,462,12813,0,0,526,12333,246,8125,526,20458,California
Nevada,2021-03-03,1024,29644,522,16329,501,13314,1,1,530,12373,492,8617,532,20990,California
Nevada,2021-03-04,1155,30799,642,16971,513,13827,0,1,482,12186,669,9286,482,21472,California
Nevada,2021-03-05,906,31705,513,17484,383,14210,10,11,403,12098,501,9787,413,21885,California
Nevada,2021-03-06,384,32089,135,17619,222,14432,27,38,150,12040,234,10021,176,22061,California
Nevada,2021-03-07,226,32315,118,17737,88,14520,20,58,73,11980,153,10174,93,22154,California
Nevada,2021-03-08,865,33180,575,18312,242,14762,48,106,386,11937,478,10652,435,22589,California
Nevada,2021-03-09,831,34011,426,18738,349,15111,56,162,466,12096,362,11014,521,23110,California
Nevada,2021-03-10,1040,35051,669,19407,313,15424,58,220,346,11811,688,11702,403,23513,California
Nevada,2021-03-11,1147,36198,742,20149,379,15803,26,246,553,11804,586,12288,579,24092,California
Nevada,2021-03-12,1245,37443,737,20886,475,16278,33,279,508,11611,733,13021,540,24632,California
Nevada,2021-03-13,306,37749,59,20945,241,16519,6,285,116,11543,188,13209,120,24752,California
Nevada,2021-03-14,165,37914,27,20972,132,16651,6,291,37,11458,128,13337,43,24795,California
Nevada,2021-03-15,878,38792,474,21446,392,17043,12,303,367,11330,507,13844,379,25174,California
Nevada,2021-03-16,1008,39800,468,21914,477,17520,63,366,646,11678,360,14204,708,25882,California
Nevada,2021-03-17,1030,40830,454,22368,566,18086,10,376,581,11823,446,14650,591,26473,California
Nevada,2021-03-18,1007,41837,548,22916,437,18523,22,398,488,11818,515,15165,510,26983,California
Nevada,2021-03-19,770,42607,452,23368,281,18804,37,435,372,11833,394,15559,409,27392,California
Nevada,2021-03-20,838,43445,96,23464,303,19107,439,874,230,11897,601,16160,665,28057,California
Nevada,2021-03-21,67,43512,35,23499,31,19138,1,875,47,11926,19,16179,48,28105,California
Nevada,2021-03-22,825,44337,530,24029,291,19429,4,879,547,12202,275,16454,551,28656,California
Nevada,2021-03-23,867,45204,401,24430,439,19868,27,906,624,12613,240,16694,651,29307,California
Nevada,2021-03-24,1038,46242,559,24989,472,20340,7,913,649,12887,381,17075,655,29962,California
Nevada,2021-03-25,927,47169,478,25467,422,20762,27,940,502,12992,423,17498,528,30490,California
Nevada,2021-03-26,1197,48366,468,25935,688,21450,41,981,837,13511,358,17856,877,31367,California
Nevada,2021-03-27,591,48957,71,26006,504,21954,16,997,391,13718,200,18056,407,31774,California
Nevada,2021-03-28,198,49155,50,26056,135,22089,13,1010,40,13616,155,18211,53,31827,California
Nevada,2021-03-29,862,50017,516,26572,325,22414,21,1031,388,13553,471,18682,408,32235,California
Nevada,2021-03-30,1080,51097,487,27059,559,22973,34,1065,495,13505,577,19259,529,32764,California
Nevada,2021-03-31,1205,52302,669,27728,519,23492,17,1082,684,13693,512,19771,700,33464,California
Nevada,2021-04-01,1273,53575,736,28464,485,23977,52,1134,570,13620,694,20465,621,34085,California
Nevada,2021-04-02,1326,54901,666,29130,626,24603,34,1168,796,13924,526,20991,830,34915,California
Nevada,2021-04-03,305,55206,93,29223,176,24779,36,1204,89,13834,215,21206,125,35040,California
Nevada,2021-04-04,140,55346,46,29269,87,24866,7,1211,81,13863,59,21265,88,35128,California
Nevada,2021-04-05,964,56310,637,29906,305,25171,22,1233,633,14191,326,21591,654,35782,California
Nevada,2021-04-06,1096,57406,678,30584,273,25444,145,1378,456,14157,634,22225,600,36382,California
Nevada,2021-04-07,1172,58578,831,31415,253,25697,88,1466,634,14347,531,22756,721,37103,California
Nevada,2021-04-08,1317,59895,909,32324,318,26015,90,1556,721,14567,591,23347,811,37914,California
Nevada,2021-04-09,1287,61182,871,33195,341,26356,75,1631,854,15065,431,23778,929,38843,California
Nevada,2021-04-10,283,61465,82,33277,126,26482,75,1706,115,15088,167,23945,190,39033,California
Nevada,2021-04-11,103,61568,35,33312,64,26546,4,1710,38,15065,65,24010,42,39075,California
Nevada,2021-04-12,779,62347,560,33872,202,26748,17,1727,338,14984,436,24446,355,39430,California
Nevada,2021-04-13,902,63249,372,34244,530,27278,0,1727,466,15018,432,24878,466,39896,California
Nevada,2021-04-14,1082,64331,599,34843,483,27761,0,1727,543,15029,532,25410,543,40439,California
Nevada,2021-04-15,1105,65436,719,35562,386,28147,0,1727,629,15194,464,25874,629,41068,California
Nevada,2021-04-16,921,66357,711,36273,210,28357,0,1727,532,15340,387,26261,533,41601,California
Nevada,2021-04-17,195,66552,53,36326,142,28499,0,1727,82,15311,111,26372,82,41683,California
Nevada,2021-04-18,191,66743,21,36347,170,28669,0,1727,105,15330,86,26458,105,41788,California
Nevada,2021-04-19,789,67532,506,36853,283,28952,0,1727,323,15197,456,26914,323,42111,California
Nevada,2021-04-20,796,68328,315,37168,481,29433,0,1727,308,15024,481,27395,308,42419,California
Nevada,2021-04-21,925,69253,511,37679,414,29847,0,1727,288,14685,628,28023,289,42708,California
Nevada,2021-04-22,1011,70264,625,38304,386,30233,0,1727,342,14370,657,28680,342,43050,California
Nevada,2021-04-23,1234,71498,561,38865,673,30906,0,1727,399,13946,823,29503,399,43449,California
Nevada,2021-04-24,524,72022,76,38941,448,31354,0,1727,171,13766,351,29854,171,43620,California
Nevada,2021-04-25,124,72146,62,39003,57,31411,5,1732,57,13761,66,29920,61,43681,California
Nevada,2021-04-26,772,72918,586,39589,177,31588,9,1741,223,13454,539,30459,232,43913,California
Nevada,2021-04-27,842,73760,397,39986,440,32028,5,1746,423,13471,411,30870,428,44341,California
Nevada,2021-04-28,1007,74767,594,40580,408,32436,5,1751,389,13252,613,31483,394,44735,California
Nevada,2021-04-29,1038,75805,720,41300,314,32750,4,1755,297,12815,738,32221,301,45036,California
Nevada,2021-04-30,1269,77074,748,42048,511,33261,10,1765,214,11986,1053,33274,224,45260,California
Nevada,2021-05-01,153,77227,66,42114,84,33345,3,1768,69,11976,82,33356,72,45332,California
Nevada,2021-05-02,64,77291,31,42145,29,33374,4,1772,23,11962,41,33397,27,45359,California
Nevada,2021-05-03,627,77918,422,42567,187,33561,18,1790,188,11732,435,33832,205,45564,California
Nevada,2021-05-04,596,78514,176,42743,400,33961,20,1810,333,11826,259,34091,353,45917,California
Nevada,2021-05-05,755,79269,393,43136,347,34308,15,1825,325,11745,421,34512,340,46257,California
Nevada,2021-05-06,819,80088,569,43705,239,34547,11,1836,207,11360,603,35115,218,46475,California
Nevada,2021-05-07,895,80983,494,44199,365,34912,36,1872,197,10900,693,35808,233,46708,California
Nevada,2021-05-08,174,81157,21,44220,134,35046,19,1891,78,10902,95,35903,97,46805,California
Nevada,2021-05-09,43,81200,7,44227,34,35080,2,1893,19,10899,24,35927,21,46826,California
Nevada,2021-05-10,408,81608,262,44489,121,35201,25,1918,78,10673,329,36256,103,46929,California
Nevada,2021-05-11,509,82117,157,44646,335,35536,17,1935,131,10451,370,36626,148,47077,California
Nevada,2021-05-12,535,82652,242,44888,282,35818,11,1946,150,10235,377,37003,161,47238,California
Nevada,2021-05-13,847,83499,556,45444,281,36099,10,1956,432,10270,407,37410,442,47680,California
Nevada,2021-05-14,778,84277,579,46023,182,36281,17,1973,423,10359,351,37761,440,48120,California
Nevada,2021-05-15,182,84459,89,46112,87,36368,6,1979,87,10358,94,37855,93,48213,California
Nevada,2021-05-16,157,84616,51,46163,106,36474,0,1979,52,10305,105,37960,52,48265,California
Nevada,2021-05-17,503,85119,323,46486,148,36622,32,2011,214,10273,278,38238,246,48511,California
Nevada,2021-05-18,423,85542,255,46741,163,36785,5,2016,220,10296,201,38439,224,48735,California
Nevada,2021-05-19,499,86041,356,47097,138,36923,5,2021,254,10319,236,38675,259,48994,California
Nevada,2021-05-20,614,86655,358,47455,244,37167,12,2033,211,10144,398,39073,223,49217,California
Nevada,2021-05-21,518,87173,337,47792,170,37337,11,2044,226,10092,289,39362,237,49454,California
Nevada,2021-05-22,250,87423,39,47831,121,37458,90,2134,55,10042,195,39557,145,49599,California
Nevada,2021-05-23,52,87475,17,47848,35,37493,0,2134,17,10025,34,39591,17,49616,California
Nevada,2021-05-24,318,87793,222,48070,80,37573,16,2150,106,9938,209,39800,122,49738,California
Nevada,2021-05-25,348,88141,83,48153,251,37824,14,2164,86,9781,257,40057,100,49838,California
Nevada,2021-05-26,447,88588,195,48348,242,38066,10,2174,131,9613,309,40366,141,49979,California
Nevada,2021-05-27,440,89028,233,48581,186,38252,21,2195,183,9565,252,40618,204,50183,California
Nevada,2021-05-28,347,89375,218,48799,115,38367,14,2209,198,9631,146,40764,212,50395,California
Nevada,2021-05-29,66,89441,13,48812,53,38420,0,2209,41,9647,25,40789,41,50436,California
Nevada,2021-05-30,42,89483,19,48831,21,38441,2,2211,28,9663,14,40803,30,50466,California
Nevada,2021-05-31,6,89489,4,48835,0,38441,2,2213,2,9663,4,40807,4,50470,California
Nevada,2021-06-01,417,89906,127,48962,271,38712,19,2232,99,9472,309,41116,118,50588,California
Nevada,2021-06-02,402,90308,163,49125,232,38944,7,2239,104,9292,291,41407,111,50699,California
Nevada,2021-06-03,561,90869,400,49525,156,39100,5,2244,98,8937,458,41865,103,50802,California
Nevada,2021-06-04,533,91402,429,49954,100,39200,4,2248,108,8628,421,42286,112,50914,California
Nevada,2021-06-05,168,91570,67,50021,99,39299,2,2250,64,8591,103,42389,66,50980,California
Nevada,2021-06-06,55,91625,41,50062,14,39313,0,2250,14,8564,41,42430,14,50994,California
Nevada,2021-06-07,267,91892,192,50254,44,39357,31,2281,60,8453,202,42632,91,51085,California
Nevada,2021-06-08,284,92176,187,50441,85,39442,12,2293,65,8320,210,42842,77,51162,California
Nevada,2021-06-09,322,92498,215,50656,100,39542,7,2300,81,8172,236,43078,88,51250,California
Nevada,2021-06-10,280,92778,178,50834,93,39635,9,2309,75,8057,198,43276,83,51333,California
Nevada,2021-06-11,327,93105,234,51068,74,39709,19,2328,78,7907,246,43522,96,51429,California
Nevada,2021-06-12,92,93197,53,51121,34,39743,5,2333,27,7874,65,43587,32,51461,California
Nevada,2021-06-13,32,93229,17,51138,14,39757,1,2334,6,7855,26,43613,7,51468,California
Nevada,2021-06-14,191,93420,135,51273,45,39802,11,2345,51,7784,133,43746,62,51530,California
Nevada,2021-06-15,159,93579,87,51360,64,39866,8,2353,62,7760,94,43840,70,51600,California
Nevada,2021-06-16,213,93792,121,51481,85,39951,7,2360,68,7697,138,43978,75,51675,California
Nevada,2021-06-17,130,93922,71,51552,51,40002,8,2368,21,7618,108,44086,29,51704,California
Orange,2020-12-15,16,16,16,16,0,0,0,0,16,16,0,0,16,16,California
Orange,2020-12-16,392,408,392,408,0,0,0,0,392,408,0,0,392,408,California
Orange,2020-12-17,3755,4163,3755,4163,0,0,0,0,3754,4162,0,0,3754,4162,California
Orange,2020-12-18,5084,9247,5076,9239,8,8,0,0,5082,9243,1,1,5082,9244,California
Orange,2020-12-19,2236,11483,2229,11468,7,15,0,0,2235,11478,0,1,2235,11479,California
Orange,2020-12-20,1988,13471,1985,13453,3,18,0,0,1989,13467,0,1,1989,13468,California
Orange,2020-12-21,4266,17737,4260,17713,6,24,0,0,4266,17733,0,1,4266,17734,California
Orange,2020-12-22,3980,21717,3946,21659,34,58,0,0,3980,21713,0,1,3980,21714,California
Orange,2020-12-23,3591,25308,3227,24886,364,422,0,0,3592,25305,0,1,3592,25306,California
Orange,2020-12-24,1379,26687,1077,25963,302,724,0,0,1379,26684,0,1,1379,26685,California
Orange,2020-12-25,19,26706,14,25977,5,729,0,0,19,26703,0,1,19,26704,California
Orange,2020-12-26,993,27699,420,26397,573,1302,0,0,993,27696,0,1,993,27697,California
Orange,2020-12-27,584,28283,276,26673,308,1610,0,0,584,28280,0,1,584,28281,California
Orange,2020-12-28,3614,31897,2633,29306,981,2591,0,0,3614,31894,0,1,3614,31895,California
Orange,2020-12-29,3518,35415,2501,31807,1017,3608,0,0,3517,35410,1,2,3517,35412,California
Orange,2020-12-30,5110,40525,3535,35342,1575,5183,0,0,5110,40520,0,2,5110,40522,California
Orange,2020-12-31,1507,42032,808,36150,699,5882,0,0,1504,42021,3,5,1504,42026,California
Orange,2021-01-01,673,42705,369,36519,304,6186,0,0,671,42690,2,7,671,42697,California
Orange,2021-01-02,1356,44061,843,37362,513,6699,0,0,1355,44045,0,7,1355,44052,California
Orange,2021-01-03,584,44645,323,37685,261,6960,0,0,584,44629,0,7,584,44636,California
Orange,2021-01-04,2758,47403,1566,39251,1192,8152,0,0,2759,47387,1,8,2759,47395,California
Orange,2021-01-05,3539,50942,2305,41556,1234,9386,0,0,3125,50104,411,419,3128,50523,California
Orange,2021-01-06,5010,55952,3461,45017,1549,10935,0,0,3646,52398,1352,1771,3646,54169,California
Orange,2021-01-07,9294,65246,5183,50200,4111,15046,0,0,5709,54542,3571,5342,5715,59884,California
Orange,2021-01-08,9419,74665,5256,55456,4163,19209,0,0,5661,56460,3746,9088,5664,65548,California
Orange,2021-01-09,5032,79697,1751,57207,3281,22490,0,0,3747,58922,1285,10373,3747,69295,California
Orange,2021-01-10,4254,83951,1043,58250,3211,25701,0,0,3375,61423,878,11251,3379,72674,California
Orange,2021-01-11,9466,93417,4919,63169,4547,30248,0,0,5837,63631,3631,14882,5839,78513,California
Orange,2021-01-12,8964,102381,4835,68004,4129,34377,0,0,5489,65648,3473,18355,5490,84003,California
Orange,2021-01-13,10277,112658,4927,72931,5350,39727,0,0,7065,69511,3209,21564,7072,91075,California
Orange,2021-01-14,10021,122679,3793,76724,6228,45955,0,0,8426,76350,1593,23157,8432,99507,California
Orange,2021-01-15,10216,132895,2642,79366,7574,53529,0,0,9334,84801,889,24046,9340,108847,California
Orange,2021-01-16,8728,141623,2087,81453,6641,60170,0,0,8330,92740,396,24442,8335,117182,California
Orange,2021-01-17,8182,149805,1490,82943,6692,66862,0,0,8029,100626,153,24595,8039,125221,California
Orange,2021-01-18,9702,159507,4404,87347,5298,72160,0,0,7440,105808,2261,26856,7443,132664,California
Orange,2021-01-19,7543,167050,5466,92813,2077,74237,0,0,4899,108066,2643,29499,4901,137565,California
Orange,2021-01-20,8423,175473,5926,98739,2497,76734,0,0,5362,110379,3059,32558,5372,142937,California
Orange,2021-01-21,11052,186525,4921,103660,6131,82865,0,0,10220,119781,829,33387,10231,153168,California
Orange,2021-01-22,13748,200273,5169,108829,8579,91444,0,0,12875,131801,865,34252,12885,166053,California
Orange,2021-01-23,13151,213424,6192,115021,6959,98403,0,0,12215,143091,934,35186,12224,178277,California
Orange,2021-01-24,9833,223257,4288,119309,5545,103948,0,0,9498,152261,332,35518,9502,187779,California
Orange,2021-01-25,10432,233689,5844,125153,4588,108536,0,0,7692,157226,2732,38250,7697,195476,California
Orange,2021-01-26,11916,245605,7692,132845,4224,112760,0,0,9734,164786,2177,40427,9737,205213,California
Orange,2021-01-27,13498,259103,8000,140845,5498,118258,0,0,10761,172827,2725,43152,10766,215979,California
Orange,2021-01-28,13130,272233,7247,148092,5883,124141,0,0,11229,182179,1885,45037,11237,227216,California
Orange,2021-01-29,13697,285930,8491,156583,5206,129347,0,0,10775,190053,2904,47941,10778,237994,California
Orange,2021-01-30,13081,299011,4503,161086,8578,137925,0,0,12294,201580,770,48711,12297,250291,California
Orange,2021-01-31,13714,312725,4921,166007,8793,146718,0,0,13259,214398,449,49160,13267,263558,California
Orange,2021-02-01,14909,327634,6536,172543,8373,155091,0,0,12424,224370,2458,51618,12430,275988,California
Orange,2021-02-02,15063,342697,7982,180525,7081,162172,0,0,12586,234516,2444,54062,12590,288578,California
Orange,2021-02-03,16628,359325,12436,192961,4192,166364,0,0,13670,245314,2878,56940,13676,302254,California
Orange,2021-02-04,19977,379302,13086,206047,6891,173255,0,0,14867,255112,5077,62017,14875,317129,California
Orange,2021-02-05,20796,400098,12040,218087,8756,182011,0,0,14475,263318,6274,68291,14480,331609,California
Orange,2021-02-06,16414,416512,10859,228946,5555,187566,0,0,11132,269402,5267,73558,11351,342960,California
Orange,2021-02-07,11596,428108,8157,237103,3439,191005,0,0,7601,273194,3978,77536,7770,350730,California
Orange,2021-02-08,15094,443202,8698,245801,6396,197401,0,0,9045,276219,6021,83557,9046,359776,California
Orange,2021-02-09,17810,461012,12126,257927,5684,203085,0,0,10761,280011,6975,90532,10767,370543,California
Orange,2021-02-10,20958,481970,11212,269139,9746,212831,0,0,12742,284639,8123,98655,12751,383294,California
Orange,2021-02-11,22252,504222,11599,280738,10653,223484,0,0,12461,287461,9656,108311,12478,395772,California
Orange,2021-02-12,24919,529141,12017,292755,12902,236386,0,0,14649,291914,10203,118514,14656,410428,California
Orange,2021-02-13,22010,551151,11915,304670,10095,246481,0,0,11130,292965,10721,129235,11772,422200,California
Orange,2021-02-14,16192,567343,6543,311213,9649,256130,0,0,9548,295899,6615,135850,9549,431749,California
Orange,2021-02-15,17287,584630,7409,318622,9878,266008,0,0,8919,296506,8323,144173,8930,440679,California
Orange,2021-02-16,20011,604641,8999,327621,11012,277020,0,0,10779,298132,9178,153351,10804,451483,California
Orange,2021-02-17,17995,622636,9393,337014,8602,285622,0,0,9228,298681,8710,162061,9259,460742,California
Orange,2021-02-18,15091,637727,9915,346929,5176,290798,0,0,6835,297327,8199,170260,6845,467587,California
Orange,2021-02-19,18231,655958,10912,357841,7319,298117,0,0,6927,293019,11247,181507,6939,474526,California
Orange,2021-02-20,7542,663500,5630,363471,1912,300029,0,0,3787,293088,3729,185236,3798,478324,California
Orange,2021-02-21,4599,668099,3908,367379,691,300720,0,0,932,290396,3624,188860,932,479256,California
Orange,2021-02-22,9746,677845,7950,375329,1796,302516,0,0,3931,288564,5779,194639,3947,483203,California
Orange,2021-02-23,13397,691242,7342,382671,6055,308571,0,0,3506,282262,9820,204459,3518,486721,California
Orange,2021-02-24,21217,712459,12877,395548,8340,316911,0,0,5386,271903,15763,220222,5404,492125,California
Orange,2021-02-25,22797,735256,12342,407890,10455,327366,0,0,7993,265184,14728,234950,8009,500134,California
Orange,2021-02-26,27962,763218,14178,422068,13784,341150,0,0,11277,259938,16547,251497,11301,511435,California
Orange,2021-02-27,25180,788398,10237,432305,14940,356090,3,3,7316,249529,17743,269240,7334,518769,California
Orange,2021-02-28,19174,807572,7438,439743,11736,367826,0,3,4820,240144,14222,283462,4837,523606,California
Orange,2021-03-01,18770,826342,8561,448304,10194,378020,15,18,7277,236067,11385,294847,7308,530914,California
Orange,2021-03-02,19396,845738,9366,457670,10027,388047,3,21,9477,235715,9861,304708,9509,540423,California
Orange,2021-03-03,21069,866807,10036,467706,11028,399075,5,26,11342,237437,9644,314352,11366,551789,California
Orange,2021-03-04,22706,889513,13077,480783,9615,408690,14,40,11751,238314,10913,325265,11790,563579,California
Orange,2021-03-05,21165,910678,11057,491840,10060,418750,48,88,12983,243271,8135,333400,13092,576671,California
Orange,2021-03-06,24222,934900,13339,505179,10008,428758,875,963,12799,245596,11373,344773,13698,590369,California
Orange,2021-03-07,15318,950218,8594,513773,6309,435067,415,1378,8962,248677,6315,351088,9396,599765,California
Orange,2021-03-08,16850,967068,7787,521560,7738,442805,1325,2703,10800,254845,5983,357071,12151,611916,California
Orange,2021-03-09,21177,988245,9770,531330,8916,451721,2491,5194,12510,261219,8622,365693,14996,626912,California
Orange,2021-03-10,24896,1013141,12209,543539,9209,460930,3478,8672,12568,264993,12261,377954,16035,642947,California
Orange,2021-03-11,29137,1042278,15756,559295,9138,470068,4243,12915,13485,267166,15548,393502,17721,660668,California
Orange,2021-03-12,29494,1071772,14334,573629,11268,481336,3892,16807,14793,271263,14607,408109,18704,679372,California
Orange,2021-03-13,27924,1099696,10266,583895,13694,495030,3964,20771,14112,275586,13748,421857,18071,697443,California
Orange,2021-03-14,18951,1118647,8233,592128,8168,503198,2550,23321,11845,282891,7072,428929,14377,711820,California
Orange,2021-03-15,23150,1141797,10180,602308,12205,515403,765,24086,14428,289445,8629,437558,15183,727003,California
Orange,2021-03-16,26465,1168262,11183,613491,15052,530455,230,24316,17163,297626,9217,446775,17398,744401,California
Orange,2021-03-17,27463,1195725,13651,627142,13224,543679,588,24904,19524,309877,7855,454630,20106,764507,California
Orange,2021-03-18,27826,1223551,13975,641117,13574,557253,277,25181,21647,325698,6107,460737,21928,786435,California
Orange,2021-03-19,33649,1257200,18452,659569,14742,571995,455,25636,24942,342519,8588,469325,25409,811844,California
Orange,2021-03-20,25854,1283054,13612,673181,12034,584029,208,25844,22028,361003,3758,473083,22242,834086,California
Orange,2021-03-21,18559,1301613,10716,683897,7104,591133,739,26583,15755,374727,2768,475851,16492,850578,California
Orange,2021-03-22,22794,1324407,11809,695706,10665,601798,320,26903,19186,390738,3504,479355,19515,870093,California
Orange,2021-03-23,26040,1350447,13543,709249,11852,613650,645,27548,20659,406747,5298,484653,21307,891400,California
Orange,2021-03-24,29246,1379693,16355,725604,11963,625613,928,28476,22033,422592,7117,491770,22962,914362,California
Orange,2021-03-25,32512,1412205,17265,742869,14535,640148,712,29188,24230,439357,8177,499947,24942,939304,California
Orange,2021-03-26,34948,1447153,18142,761011,15935,656083,871,30059,24860,455124,9968,509915,25735,965039,California
Orange,2021-03-27,28528,1475681,13660,774671,14552,670635,316,30375,19780,466570,8651,518566,20097,985136,California
Orange,2021-03-28,24909,1500590,12941,787612,11900,682535,68,30443,18607,479028,6220,524786,18678,1003814,California
Orange,2021-03-29,26564,1527154,12162,799774,13834,696369,568,31011,17788,488718,8669,533455,18359,1022173,California
Orange,2021-03-30,30914,1558068,13974,813748,16308,712677,632,31643,20419,499368,10398,543853,21048,1043221,California
Orange,2021-03-31,37181,1595249,19526,833274,16940,729617,715,32358,23659,510348,13397,557250,24377,1067598,California
Orange,2021-04-01,40701,1635950,21359,854633,17419,747036,1923,34281,26217,524168,14305,571555,28125,1095723,California
Orange,2021-04-02,40175,1676125,20273,874906,18087,765123,1815,36096,22676,531278,17385,588940,24495,1120218,California
Orange,2021-04-03,30233,1706358,15736,890642,12751,777874,1746,37842,14268,531407,15875,604815,16004,1136222,California
Orange,2021-04-04,18477,1724835,10732,901374,6981,784855,764,38606,8155,530062,10260,615075,8915,1145137,California
Orange,2021-04-05,30055,1754890,14046,915420,12607,797462,3402,42008,13801,531084,16165,631240,17187,1162324,California
Orange,2021-04-06,33463,1788353,15649,931069,14383,811845,3431,45439,14351,529829,19015,650255,17760,1180084,California
Orange,2021-04-07,36228,1824581,20172,951241,11467,823312,4589,50028,15988,530225,20145,670400,20541,1200625,California
Orange,2021-04-08,39247,1863828,21736,972977,12040,835352,5471,55499,19041,534615,20087,690487,24477,1225102,California
Orange,2021-04-09,41112,1904940,23911,996888,11961,847313,5240,60739,18176,535173,22825,713312,23383,1248485,California
Orange,2021-04-10,34651,1939591,18327,1015215,12080,859393,4244,64983,14370,533576,20182,733494,18585,1267070,California
Orange,2021-04-11,25780,1965371,14599,1029814,7908,867301,3273,68256,9889,530884,15834,749328,13142,1280212,California
Orange,2021-04-12,30660,1996031,15507,1045321,11556,878857,3597,71853,12061,527993,18520,767848,15629,1295841,California
Orange,2021-04-13,32695,2028726,18431,1063752,14195,893052,69,71922,15224,525892,17392,785240,15291,1311132,California
Orange,2021-04-14,34891,2063617,20465,1084217,14390,907442,36,71958,15180,521514,19600,804840,15222,1326354,California
Orange,2021-04-15,40677,2104294,24773,1108990,15890,923332,14,71972,18931,518839,21625,826465,18950,1345304,California
Orange,2021-04-16,41737,2146031,24519,1133509,17190,940522,28,72000,18845,514996,22764,849229,18921,1364225,California
Orange,2021-04-17,30472,2176503,17225,1150734,13240,953762,7,72007,13343,511364,16991,866220,13359,1377584,California
Orange,2021-04-18,21561,2198064,13048,1163782,8513,962275,0,72007,8526,506922,12976,879196,8534,1386118,California
Orange,2021-04-19,32522,2230586,17967,1181749,14551,976826,4,72011,14959,504433,17463,896659,14974,1401092,California
Orange,2021-04-20,35432,2266018,18398,1200147,17028,993854,6,72017,17724,504622,17621,914280,17810,1418902,California
Orange,2021-04-21,40713,2306731,23465,1223612,17239,1011093,9,72026,19306,502653,21288,935568,19319,1438221,California
Orange,2021-04-22,39258,2345989,20730,1244342,18518,1029611,10,72036,16304,496156,22815,958383,16318,1454539,California
Orange,2021-04-23,40195,2386184,20811,1265153,19376,1048987,8,72044,17936,491966,22138,980521,17948,1472487,California
Orange,2021-04-24,31991,2418175,16728,1281881,15231,1064218,32,72076,13410,486921,18489,999010,13444,1485931,California
Orange,2021-04-25,22969,2441144,12971,1294852,9983,1074201,15,72091,9820,483677,13084,1012094,9840,1495771,California
Orange,2021-04-26,28701,2469845,14033,1308885,14472,1088673,196,72287,12454,480193,16134,1028228,12650,1508421,California
Orange,2021-04-27,31195,2501040,14632,1323517,15933,1104606,630,72917,11807,473417,19218,1047446,12442,1520863,California
Orange,2021-04-28,30875,2531915,15460,1338977,14534,1119140,881,73798,12394,468339,18348,1065794,13270,1534133,California
Orange,2021-04-29,31901,2563816,17418,1356395,13524,1132664,959,74757,11331,460162,20458,1086252,12281,1546414,California
Orange,2021-04-30,29857,2593673,17032,1373427,11881,1144545,944,75701,12706,456762,17041,1103293,13641,1560055,California
Orange,2021-05-01,22864,2616537,15684,1389111,6195,1150740,985,76686,8747,452482,14002,1117295,9722,1569777,California
Orange,2021-05-02,15388,2631925,10241,1399352,4501,1155241,646,77332,5354,448512,9965,1127260,5995,1575772,California
Orange,2021-05-03,20584,2652509,12568,1411920,7258,1162499,758,78090,6468,441711,14025,1141285,7224,1582996,California
Orange,2021-05-04,23602,2676111,13473,1425393,9221,1171720,908,78998,8157,435427,15333,1156618,9049,1592045,California
Orange,2021-05-05,24725,2700836,13805,1439198,10025,1181745,895,79893,7988,427705,16603,1173221,8881,1600926,California
Orange,2021-05-06,26395,2727231,15969,1455167,9426,1191171,1000,80893,7263,416965,18995,1192216,8255,1609181,California
Orange,2021-05-07,28845,2756076,17333,1472500,10467,1201638,1045,81938,8060,405495,20571,1212787,9101,1618282,California
Orange,2021-05-08,18503,2774579,12261,1484761,5455,1207093,787,82725,5405,398705,12974,1225761,6184,1624466,California
Orange,2021-05-09,10961,2785540,8332,1493093,2258,1209351,371,83096,2866,393895,8047,1233808,3237,1627703,California
Orange,2021-05-10,19080,2804620,11643,1504736,6663,1216014,774,83870,4283,384248,14704,1248512,5057,1632760,California
Orange,2021-05-11,21939,2826559,12145,1516881,9072,1225086,722,84592,5293,373713,16544,1265056,6009,1638769,California
Orange,2021-05-12,23750,2850309,14708,1531589,8209,1233295,833,85425,6813,364548,16809,1281865,7644,1646413,California
Orange,2021-05-13,21679,2871988,13426,1545015,7675,1240970,578,86003,8139,359834,13433,1295298,8719,1655132,California
Orange,2021-05-14,25988,2897976,17086,1562101,8101,1249071,801,86804,10430,355604,15454,1310752,11224,1666356,California
Orange,2021-05-15,19899,2917875,14356,1576457,4993,1254064,550,87354,8032,352375,11803,1322555,8574,1674930,California
Orange,2021-05-16,15162,2933037,12466,1588923,2357,1256421,339,87693,6449,350503,8658,1331213,6786,1681716,California
Orange,2021-05-17,19303,2952340,12635,1601558,5971,1262392,697,88390,6877,345702,12361,1343574,7560,1689276,California
Orange,2021-05-18,20466,2972806,11914,1613472,7886,1270278,666,89056,8060,342103,12315,1355889,8716,1697992,California
Orange,2021-05-19,22424,2995230,12824,1626296,8934,1279212,666,89722,7904,336261,14402,1370291,8560,1706552,California
Orange,2021-05-20,22279,3017509,13047,1639343,8568,1287780,664,90386,7806,330366,14363,1384654,8468,1715020,California
Orange,2021-05-21,25339,3042848,14437,1653780,10181,1297961,721,91107,8422,322696,16809,1401463,9139,1724159,California
Orange,2021-05-22,18165,3061013,12076,1665856,5550,1303511,539,91646,6890,318938,11186,1412649,7428,1731587,California
Orange,2021-05-23,9750,3070763,6689,1672545,2788,1306299,273,91919,3444,316391,6264,1418913,3717,1735304,California
Orange,2021-05-24,15317,3086080,8992,1681537,5708,1312007,617,92536,5674,313120,9555,1428468,6284,1741588,California
Orange,2021-05-25,15579,3101659,9169,1690706,5890,1317897,520,93056,5612,309391,9856,1438324,6127,1747715,California
Orange,2021-05-26,15174,3116833,8504,1699210,6177,1324074,493,93549,5680,306154,9406,1447730,6169,1753884,California
Orange,2021-05-27,14355,3131188,8625,1707835,5172,1329246,558,94107,6379,305170,7904,1455634,6920,1760804,California
Orange,2021-05-28,16744,3147932,9877,1717712,6238,1335484,629,94736,7395,303927,9258,1464892,8015,1768819,California
Orange,2021-05-29,8930,3156862,5224,1722936,3350,1338834,356,95092,4117,303638,4757,1469649,4468,1773287,California
Orange,2021-05-30,5970,3162832,3877,1726813,1820,1340654,273,95365,2159,302290,3777,1473426,2429,1775716,California
Orange,2021-05-31,1701,3164533,1047,1727860,607,1341261,47,95412,554,301759,1131,1474557,600,1776316,California
Orange,2021-06-01,13344,3177877,7742,1735602,5115,1346376,487,95899,5145,299287,8098,1482655,5626,1781942,California
Orange,2021-06-02,12963,3190840,8034,1743636,4511,1350887,418,96317,4531,295944,8286,1490941,4943,1786885,California
Orange,2021-06-03,12790,3203630,8821,1752457,3519,1354406,450,96767,4476,292613,8250,1499191,4919,1791804,California
Orange,2021-06-04,16813,3220443,11866,1764323,4372,1358778,575,97342,5272,286998,11461,1510652,5846,1797650,California
Orange,2021-06-05,12818,3233261,9660,1773983,2781,1361559,377,97719,3964,282537,8800,1519452,4339,1801989,California
Orange,2021-06-06,5295,3238556,4509,1778492,596,1362155,190,97909,1934,281320,3341,1522793,2124,1804113,California
Orange,2021-06-07,10720,3249276,7573,1786065,2686,1364841,461,98370,3452,278028,7196,1529989,3904,1808017,California
Orange,2021-06-08,12097,3261373,8711,1794776,2881,1367722,505,98875,3794,274113,8215,1538204,4300,1812317,California
Orange,2021-06-09,11617,3272990,8039,1802815,3124,1370846,454,99329,3285,269599,8248,1546452,3734,1816051,California
Orange,2021-06-10,11455,3284445,8345,1811160,2659,1373505,451,99780,3395,265442,8001,1554453,3844,1819895,California
Orange,2021-06-11,13059,3297504,9160,1820320,3406,1376911,493,100273,4275,261511,8697,1563150,4766,1824661,California
Orange,2021-06-12,9663,3307167,7384,1827704,1965,1378876,314,100587,2973,258156,6641,1569791,3286,1827947,California
Orange,2021-06-13,4008,3311175,2912,1830616,934,1379810,162,100749,1043,256432,2929,1572720,1205,1829152,California
Orange,2021-06-14,9687,3320862,7052,1837668,2191,1382001,444,101193,3334,253904,6304,1579024,3776,1832928,California
Orange,2021-06-15,10067,3330929,7237,1844905,2407,1384408,423,101616,3535,251395,6463,1585487,3954,1836882,California
Orange,2021-06-16,9152,3340081,6573,1851478,2135,1386543,444,102060,3128,249002,5965,1591452,3572,1840454,California
Orange,2021-06-17,3151,3343232,2307,1853785,699,1387242,145,102205,986,247984,2147,1593599,1129,1841583,California
Placer,2020-12-15,29,29,29,29,0,0,0,0,29,29,0,0,29,29,California
Placer,2020-12-16,55,84,55,84,0,0,0,0,55,84,0,0,55,84,California
Placer,2020-12-17,149,233,149,233,0,0,0,0,149,233,0,0,149,233,California
Placer,2020-12-18,434,667,434,667,0,0,0,0,434,667,0,0,434,667,California
Placer,2020-12-19,252,919,252,919,0,0,0,0,252,919,0,0,252,919,California
Placer,2020-12-20,230,1149,230,1149,0,0,0,0,230,1149,0,0,230,1149,California
Placer,2020-12-21,506,1655,504,1653,2,2,0,0,506,1655,0,0,506,1655,California
Placer,2020-12-22,676,2331,670,2323,6,8,0,0,676,2331,0,0,676,2331,California
Placer,2020-12-23,756,3087,668,2991,88,96,0,0,756,3087,0,0,756,3087,California
Placer,2020-12-24,411,3498,360,3351,51,147,0,0,411,3498,0,0,411,3498,California
Placer,2020-12-26,164,3662,119,3470,45,192,0,0,164,3662,0,0,164,3662,California
Placer,2020-12-27,183,3845,162,3632,21,213,0,0,183,3845,0,0,183,3845,California
Placer,2020-12-28,677,4522,553,4185,124,337,0,0,677,4522,0,0,677,4522,California
Placer,2020-12-29,771,5293,524,4709,247,584,0,0,771,5293,0,0,771,5293,California
Placer,2020-12-30,733,6026,457,5166,276,860,0,0,732,6025,0,0,732,6025,California
Placer,2020-12-31,550,6576,365,5531,185,1045,0,0,550,6575,0,0,550,6575,California
Placer,2021-01-01,16,6592,12,5543,4,1049,0,0,16,6591,0,0,16,6591,California
Placer,2021-01-02,189,6781,157,5700,32,1081,0,0,189,6780,0,0,189,6780,California
Placer,2021-01-03,154,6935,77,5777,77,1158,0,0,154,6934,0,0,154,6934,California
Placer,2021-01-04,628,7563,186,5963,442,1600,0,0,628,7562,0,0,628,7562,California
Placer,2021-01-05,724,8287,159,6122,565,2165,0,0,637,8114,86,86,638,8200,California
Placer,2021-01-06,764,9051,246,6368,518,2683,0,0,613,8576,151,237,613,8813,California
Placer,2021-01-07,987,10038,371,6739,616,3299,0,0,759,9107,228,465,759,9572,California
Placer,2021-01-08,1185,11223,532,7271,653,3952,0,0,788,9501,394,859,788,10360,California
Placer,2021-01-09,454,11677,321,7592,133,4085,0,0,237,9522,216,1075,237,10597,California
Placer,2021-01-10,334,12011,185,7777,149,4234,0,0,167,9522,167,1242,167,10764,California
Placer,2021-01-11,1436,13447,814,8591,622,4856,0,0,840,9767,596,1838,841,11605,California
Placer,2021-01-12,1655,15102,871,9462,784,5640,0,0,1057,10227,597,2435,1057,12662,California
Placer,2021-01-13,1647,16749,829,10291,818,6458,0,0,1218,11021,427,2862,1221,13883,California
Placer,2021-01-14,1812,18561,692,10983,1120,7578,0,0,1427,12067,382,3244,1428,15311,California
Placer,2021-01-15,1944,20505,735,11718,1209,8787,0,0,1584,13294,359,3603,1586,16897,California
Placer,2021-01-16,1446,21951,716,12434,730,9517,0,0,1324,14497,122,3725,1325,18222,California
Placer,2021-01-17,579,22530,399,12833,180,9697,0,0,438,14794,141,3866,438,18660,California
Placer,2021-01-18,992,23522,554,13387,438,10135,0,0,748,15299,244,4110,749,19409,California
Placer,2021-01-19,2643,26165,1979,15366,664,10799,0,0,2188,17033,455,4565,2189,21598,California
Placer,2021-01-20,2309,28474,1729,17095,580,11379,0,0,1969,18663,340,4905,1970,23568,California
Placer,2021-01-21,2605,31079,1153,18248,1452,12831,0,0,2202,20466,401,5306,2204,25772,California
Placer,2021-01-22,2371,33450,657,18905,1714,14545,0,0,2195,22488,174,5480,2196,27968,California
Placer,2021-01-23,1183,34633,385,19290,798,15343,0,0,1024,23353,159,5639,1024,28992,California
Placer,2021-01-24,498,35131,253,19543,245,15588,0,0,427,23709,71,5710,427,29419,California
Placer,2021-01-25,1695,36826,817,20360,878,16466,0,0,1400,24815,295,6005,1401,30820,California
Placer,2021-01-26,1869,38695,1037,21397,832,17298,0,0,1602,26150,267,6272,1602,32422,California
Placer,2021-01-27,1834,40529,1152,22549,682,17980,0,0,1585,27489,247,6519,1586,34008,California
Placer,2021-01-28,1808,42337,1121,23670,687,18667,0,0,1562,28807,244,6763,1562,35570,California
Placer,2021-01-29,1893,44230,1167,24837,726,19393,0,0,1698,30313,194,6957,1700,37270,California
Placer,2021-01-30,1707,45937,958,25795,749,20142,0,0,1587,31781,119,7076,1587,38857,California
Placer,2021-01-31,782,46719,622,26417,160,20302,0,0,710,32420,72,7148,711,39568,California
Placer,2021-02-01,2085,48804,1091,27508,994,21296,0,0,1765,33866,319,7467,1765,41333,California
Placer,2021-02-02,2393,51197,1544,29052,849,22145,0,0,1898,35272,492,7959,1898,43231,California
Placer,2021-02-03,2927,54124,1895,30947,1032,23177,0,0,2299,36947,624,8583,2299,45530,California
Placer,2021-02-04,2735,56859,1182,32129,1553,24730,0,0,1904,38025,827,9410,1905,47435,California
Placer,2021-02-05,2694,59553,1208,33337,1486,26216,0,0,1357,38050,1332,10742,1357,48792,California
Placer,2021-02-06,1943,61496,1310,34647,633,26849,0,0,1395,38897,548,11290,1395,50187,California
Placer,2021-02-07,1168,62664,857,35504,311,27160,0,0,881,39492,286,11576,881,51068,California
Placer,2021-02-08,3286,65950,1762,37266,1524,28684,0,0,1920,40054,1359,12935,1921,52989,California
Placer,2021-02-09,3548,69498,2181,39447,1367,30051,0,0,1615,39739,1930,14865,1615,54604,California
Placer,2021-02-10,3752,73250,2205,41652,1547,31598,0,0,1737,39466,2012,16877,1739,56343,California
Placer,2021-02-11,3695,76945,1913,43565,1782,33380,0,0,1555,38895,2127,19004,1556,57899,California
Placer,2021-02-12,2834,79779,1324,44889,1510,34890,0,0,1650,39399,1147,20151,1651,59550,California
Placer,2021-02-13,2483,82262,1448,46337,1035,35925,0,0,1861,40638,622,20773,1861,61411,California
Placer,2021-02-14,1087,83349,676,47013,411,36336,0,0,736,41025,349,21122,736,62147,California
Placer,2021-02-15,2230,85579,1023,48036,1207,37543,0,0,1518,41833,712,21834,1520,63667,California
Placer,2021-02-16,3550,89129,1767,49803,1783,39326,0,0,1556,41405,1985,23819,1557,65224,California
Placer,2021-02-17,3534,92663,1955,51758,1579,40905,0,0,1495,40865,2035,25854,1495,66719,California
Placer,2021-02-18,3811,96474,2059,53817,1752,42657,0,0,1612,40289,2189,28043,1613,68332,California
Placer,2021-02-19,3623,100097,1928,55745,1695,44352,0,0,1350,39371,2269,30312,1351,69683,California
Placer,2021-02-20,2022,102119,1264,57009,758,45110,0,0,925,39209,1090,31402,928,70611,California
Placer,2021-02-21,995,103114,733,57742,262,45372,0,0,287,38792,705,32107,288,70899,California
Placer,2021-02-22,2534,105648,1771,59513,763,46135,0,0,604,37466,1930,34037,604,71503,California
Placer,2021-02-23,2589,108237,1618,61131,971,47106,0,0,897,36672,1691,35728,897,72400,California
Placer,2021-02-24,3315,111552,1172,62303,2143,49249,0,0,1815,36997,1492,37220,1817,74217,California
Placer,2021-02-25,3722,115274,1530,63833,2192,51441,0,0,2047,37379,1667,38887,2049,76266,California
Placer,2021-02-26,4250,119524,2464,66297,1786,53227,0,0,2458,38049,1788,40675,2458,78724,California
Placer,2021-02-27,2878,122402,1524,67821,1354,54581,0,0,1486,38151,1386,42061,1488,80212,California
Placer,2021-02-28,1525,123927,829,68650,696,55277,0,0,720,38071,800,42861,720,80932,California
Placer,2021-03-01,3187,127114,2122,70772,1065,56342,0,0,1623,38138,1556,44417,1623,82555,California
Placer,2021-03-02,2886,130000,1783,72555,1103,57445,0,0,1890,39042,986,45403,1890,84445,California
Placer,2021-03-03,3374,133374,1477,74032,1897,59342,0,0,1846,39368,1521,46924,1847,86292,California
Placer,2021-03-04,3596,136970,1445,75477,2151,61493,0,0,1879,39542,1706,48630,1880,88172,California
Placer,2021-03-05,2956,139926,1012,76489,1923,63416,21,21,1788,40186,1165,49795,1809,89981,California
Placer,2021-03-06,2422,142348,1501,77990,824,64240,97,118,928,39725,1486,51281,1025,91006,California
Placer,2021-03-07,1322,143670,769,78759,514,64754,39,157,550,39545,769,52050,589,91595,California
Placer,2021-03-08,2879,146549,1815,80574,952,65706,112,269,1639,40058,1238,53288,1751,93346,California
Placer,2021-03-09,3172,149721,1699,82273,1389,67095,84,353,1844,40660,1326,54614,1928,95274,California
Placer,2021-03-10,3298,153019,1331,83604,1862,68957,105,458,1734,40941,1558,56172,1839,97113,California
Placer,2021-03-11,3638,156657,1653,85257,1856,70813,129,587,1749,40941,1880,58052,1880,98993,California
Placer,2021-03-12,3692,160349,1496,86753,1417,72230,779,1366,1261,40562,2420,60472,2041,101034,California
Placer,2021-03-13,2138,162487,751,87504,1264,73494,123,1489,1119,40788,1016,61488,1242,102276,California
Placer,2021-03-14,1656,164143,679,88183,825,74319,152,1641,901,41086,755,62243,1053,103329,California
Placer,2021-03-15,3229,167372,1556,89739,1543,75862,130,1771,1785,41562,1440,63683,1916,105245,California
Placer,2021-03-16,3597,170969,1941,91680,1521,77383,135,1906,2279,42670,1305,64988,2413,107658,California
Placer,2021-03-17,3501,174470,1770,93450,1627,79010,104,2010,2257,43791,1241,66229,2362,110020,California
Placer,2021-03-18,4110,178580,2342,95792,1729,80739,39,2049,2872,45470,1231,67460,2910,112930,California
Placer,2021-03-19,3462,182042,2077,97869,1118,81857,267,2316,2150,46581,1304,68764,2415,115345,California
Placer,2021-03-20,2178,184220,928,98797,1162,83019,88,2404,1333,47162,839,69603,1420,116765,California
Placer,2021-03-21,1266,185486,581,99378,675,83694,10,2414,880,47669,383,69986,890,117655,California
Placer,2021-03-22,3311,188797,2125,101503,1093,84787,93,2507,2149,48753,1158,71144,2242,119897,California
Placer,2021-03-23,3550,192347,2107,103610,1355,86142,88,2595,2533,50362,1012,72156,2621,122518,California
Placer,2021-03-24,3812,196159,1996,105606,1716,87858,100,2695,1928,50527,1864,74020,2029,124547,California
Placer,2021-03-25,3858,200017,1857,107463,1905,89763,96,2791,1728,50231,2119,76139,1823,126370,California
Placer,2021-03-26,3748,203765,1652,109115,1865,91628,231,3022,1501,49731,2232,78371,1732,128102,California
Placer,2021-03-27,1582,205347,470,109585,1093,92721,19,3041,608,49390,967,79338,626,128728,California
Placer,2021-03-28,1097,206444,532,110117,556,93277,9,3050,306,48919,786,80124,315,129043,California
Placer,2021-03-29,3566,210010,2002,112119,1527,94804,37,3087,1737,48875,1820,81944,1776,130819,California
Placer,2021-03-30,3979,213989,2105,114224,1830,96634,44,3131,2079,49111,1886,83830,2122,132941,California
Placer,2021-03-31,4109,218098,1838,116062,2195,98829,76,3207,1679,48442,2423,86253,1754,134695,California
Placer,2021-04-01,2972,221070,1437,117499,1487,100316,48,3255,1653,48830,1313,87566,1701,136396,California
Placer,2021-04-02,2839,223909,1476,118975,1298,101614,65,3320,1579,49221,1253,88819,1644,138040,California
Placer,2021-04-03,1840,225749,988,119963,724,102338,128,3448,887,49289,945,89764,1013,139053,California
Placer,2021-04-04,708,226457,360,120323,294,102632,54,3502,283,49204,422,90186,337,139390,California
Placer,2021-04-05,3014,229471,1907,122230,923,103555,184,3686,1747,49872,1262,91448,1930,141320,California
Placer,2021-04-06,4289,233760,2486,124716,1503,105058,300,3986,1510,48910,2771,94219,1809,143129,California
Placer,2021-04-07,4572,238332,2618,127334,1495,106553,459,4445,2066,48932,2499,96718,2521,145650,California
Placer,2021-04-08,4734,243066,2628,129962,1568,108121,538,4983,1581,47907,3142,99860,2117,147767,California
Placer,2021-04-09,4139,247205,2279,132241,1240,109361,620,5603,1243,46884,2888,102748,1865,149632,California
Placer,2021-04-10,2053,249258,900,133141,969,110330,184,5787,867,46751,1183,103931,1050,150682,California
Placer,2021-04-11,1371,250629,533,133674,808,111138,30,5817,459,46331,908,104839,488,151170,California
Placer,2021-04-12,4114,254743,2654,136328,1074,112212,386,6203,2463,47537,1642,106481,2848,154018,California
Placer,2021-04-13,4384,259127,3019,139347,1364,113576,1,6204,2223,47606,2156,108637,2225,156243,California
Placer,2021-04-14,4189,263316,2582,141929,1606,115182,1,6205,1875,47177,2304,110941,1875,158118,California
Placer,2021-04-15,4513,267829,2520,144449,1992,117174,1,6206,2361,47397,2142,113083,2362,160480,California
Placer,2021-04-16,3678,271507,2181,146630,1497,118671,0,6206,1431,46590,2241,115324,1434,161914,California
Placer,2021-04-17,2435,273942,844,147474,1591,120262,0,6206,1517,47194,913,116237,1517,163431,California
Placer,2021-04-18,1200,275142,261,147735,939,121201,0,6206,413,46822,785,117022,413,163844,California
Placer,2021-04-19,2951,278093,1814,149549,1137,122338,0,6206,1158,46192,1789,118811,1159,165003,California
Placer,2021-04-20,3831,281924,2481,152030,1350,123688,0,6206,2426,47223,1396,120207,2427,167430,California
Placer,2021-04-21,3668,285592,2403,154433,1264,124952,1,6207,2389,48337,1276,121483,2390,169820,California
Placer,2021-04-22,3661,289253,2275,156708,1386,126338,0,6207,1737,48153,1921,123404,1737,171557,California
Placer,2021-04-23,3509,292762,2318,159026,1190,127528,1,6208,1371,47394,2131,125535,1372,172929,California
Placer,2021-04-24,2085,294847,1266,160292,818,128346,1,6209,1211,47740,865,126400,1211,174140,California
Placer,2021-04-25,899,295746,499,160791,400,128746,0,6209,555,47951,344,126744,555,174695,California
Placer,2021-04-26,2478,298224,1322,162113,1133,129879,23,6232,1210,47925,1258,128002,1232,175927,California
Placer,2021-04-27,2722,300946,1420,163533,1253,131132,49,6281,1546,48348,1172,129174,1595,177522,California
Placer,2021-04-28,3002,303948,1886,165419,1080,132212,36,6317,1599,48591,1393,130567,1636,179158,California
Placer,2021-04-29,3368,307316,2188,167607,1126,133338,54,6371,1406,48095,1956,132523,1460,180618,California
Placer,2021-04-30,2971,310287,1798,169405,1124,134462,49,6420,1184,47547,1781,134304,1233,181851,California
Placer,2021-05-01,1324,311611,926,170331,371,134833,27,6447,597,47449,721,135025,623,182474,California
Placer,2021-05-02,732,312343,574,170905,136,134969,22,6469,332,47405,398,135423,354,182828,California
Placer,2021-05-03,1595,313938,978,171883,549,135518,68,6537,430,46740,1162,136585,497,183325,California
Placer,2021-05-04,2308,316246,1301,173184,844,136362,163,6700,867,46336,1434,138019,1030,184355,California
Placer,2021-05-05,3672,319918,2488,175672,1083,137445,101,6801,967,44706,2698,140717,1068,185423,California
Placer,2021-05-06,3079,322997,1888,177560,1113,138558,78,6879,802,43333,2253,142970,880,186303,California
Placer,2021-05-07,2807,325804,1896,179456,820,139378,91,6970,794,42216,2002,144972,885,187188,California
Placer,2021-05-08,1321,327125,709,180165,571,139949,41,7011,393,41721,927,145899,432,187620,California
Placer,2021-05-09,432,327557,201,180366,211,140160,20,7031,212,41732,220,146119,231,187851,California
Placer,2021-05-10,1919,329476,1024,181390,799,140959,96,7127,428,40770,1486,147605,524,188375,California
Placer,2021-05-11,2910,332386,2079,183469,716,141675,115,7242,614,39213,2286,149891,729,189104,California
Placer,2021-05-12,2891,335277,1996,185465,838,142513,57,7299,735,37857,2149,152040,793,189897,California
Placer,2021-05-13,2858,338135,1851,187316,959,143472,48,7347,1037,37122,1819,153859,1084,190981,California
Placer,2021-05-14,2832,340967,1869,189185,827,144299,136,7483,1403,37241,1414,155273,1533,192514,California
Placer,2021-05-15,2085,343052,1347,190532,713,145012,25,7508,923,37034,1155,156428,948,193462,California
Placer,2021-05-16,1012,344064,528,191060,465,145477,19,7527,347,36737,663,157091,366,193828,California
Placer,2021-05-17,2356,346420,1569,192629,714,146191,73,7600,1026,36510,1326,158417,1099,194927,California
Placer,2021-05-18,2487,348907,1677,194306,731,146922,79,7679,1132,36370,1351,159768,1211,196138,California
Placer,2021-05-19,2539,351446,1600,195906,894,147816,45,7724,896,35673,1638,161406,941,197079,California
Placer,2021-05-20,2523,353969,1637,197543,838,148654,48,7772,888,34980,1627,163033,934,198013,California
Placer,2021-05-21,2448,356417,1529,199072,772,149426,147,7919,1087,34858,1353,164386,1231,199244,California
Placer,2021-05-22,1598,358015,1054,200126,501,149927,43,7962,761,34830,832,165218,804,200048,California
Placer,2021-05-23,577,358592,331,200457,231,150158,15,7977,268,34806,308,165526,284,200332,California
Placer,2021-05-24,1475,360067,737,201194,604,150762,134,8111,425,34319,1046,166572,559,200891,California
Placer,2021-05-25,1779,361846,941,202135,742,151504,96,8207,647,33937,1125,167697,743,201634,California
Placer,2021-05-26,1575,363421,904,203039,630,152134,41,8248,614,33637,956,168653,656,202290,California
Placer,2021-05-27,1439,364860,712,203751,684,152818,43,8291,660,33569,771,169424,703,202993,California
Placer,2021-05-28,1700,366560,857,204608,745,153563,98,8389,736,33444,959,170383,834,203827,California
Placer,2021-05-29,742,367302,401,205009,310,153873,31,8420,382,33500,356,170739,412,204239,California
Placer,2021-05-30,337,367639,230,205239,93,153966,14,8434,217,33612,119,170858,231,204470,California
Placer,2021-05-31,145,367784,67,205306,61,154027,17,8451,28,33540,116,170974,44,204514,California
Placer,2021-06-01,1676,369460,881,206187,722,154749,73,8524,632,33206,1039,172013,705,205219,California
Placer,2021-06-02,1517,370977,765,206952,684,155433,68,8592,489,32736,1027,173040,557,205776,California
Placer,2021-06-03,1703,372680,1037,207989,608,156041,58,8650,434,31963,1264,174304,491,206267,California
Placer,2021-06-04,1879,374559,1334,209323,491,156532,54,8704,464,31073,1406,175710,516,206783,California
Placer,2021-06-05,1087,375646,772,210095,274,156806,41,8745,277,30585,806,176516,318,207101,California
Placer,2021-06-06,476,376122,338,210433,121,156927,17,8762,120,30367,355,176871,137,207238,California
Placer,2021-06-07,1051,377173,718,211151,261,157188,72,8834,228,29845,820,177691,298,207536,California
Placer,2021-06-08,1736,378909,1321,212472,366,157554,49,8883,436,29032,1297,178988,484,208020,California
Placer,2021-06-09,1176,380085,851,213323,271,157825,54,8937,265,28443,908,179896,319,208339,California
Placer,2021-06-10,1239,381324,860,214183,313,158138,66,9003,311,27893,925,180821,375,208714,California
Placer,2021-06-11,1484,382808,1068,215251,357,158495,59,9062,342,27156,1137,181958,400,209114,California
Placer,2021-06-12,1013,383821,753,216004,234,158729,26,9088,219,26609,792,182750,245,209359,California
Placer,2021-06-13,394,384215,303,216307,80,158809,11,9099,103,26433,290,183040,114,209473,California
Placer,2021-06-14,771,384986,526,216833,200,159009,45,9144,234,26179,532,183572,278,209751,California
Placer,2021-06-15,1289,386275,858,217691,370,159379,61,9205,439,25832,846,184418,499,210250,California
Placer,2021-06-16,1016,387291,741,218432,221,159600,54,9259,324,25518,691,185109,377,210627,California
Placer,2021-06-17,437,387728,282,218714,131,159731,24,9283,112,25330,324,185433,136,210763,California
Plumas,2020-12-18,4,4,4,4,0,0,0,0,4,4,0,0,4,4,California
Plumas,2020-12-19,1,5,1,5,0,0,0,0,1,5,0,0,1,5,California
Plumas,2020-12-21,45,50,45,50,0,0,0,0,45,50,0,0,45,50,California
Plumas,2020-12-22,95,145,95,145,0,0,0,0,95,145,0,0,95,145,California
Plumas,2020-12-23,50,195,50,195,0,0,0,0,50,195,0,0,50,195,California
Plumas,2020-12-24,7,202,7,202,0,0,0,0,7,202,0,0,7,202,California
Plumas,2020-12-28,9,211,1,203,8,8,0,0,9,211,0,0,9,211,California
Plumas,2020-12-29,33,244,23,226,10,18,0,0,33,244,0,0,33,244,California
Plumas,2020-12-30,24,268,2,228,22,40,0,0,24,268,0,0,24,268,California
Plumas,2020-12-31,4,272,1,229,3,43,0,0,4,272,0,0,4,272,California
Plumas,2021-01-01,1,273,0,229,1,44,0,0,1,273,0,0,1,273,California
Plumas,2021-01-02,1,274,0,229,1,45,0,0,1,274,0,0,1,274,California
Plumas,2021-01-04,10,284,3,232,7,52,0,0,10,284,0,0,10,284,California
Plumas,2021-01-05,23,307,1,233,22,74,0,0,23,307,0,0,23,307,California
Plumas,2021-01-06,120,427,4,237,116,190,0,0,120,427,0,0,120,427,California
Plumas,2021-01-07,52,479,2,239,50,240,0,0,51,477,1,1,51,478,California
Plumas,2021-01-08,12,491,5,244,7,247,0,0,8,481,4,5,8,486,California
Plumas,2021-01-09,1,492,1,245,0,247,0,0,0,480,1,6,0,486,California
Plumas,2021-01-11,58,550,50,295,8,255,0,0,11,444,47,53,11,497,California
Plumas,2021-01-12,157,707,88,383,69,324,0,0,71,429,86,139,71,568,California
Plumas,2021-01-13,56,763,51,434,5,329,0,0,9,391,47,186,9,577,California
Plumas,2021-01-14,98,861,15,449,83,412,0,0,92,477,6,192,92,669,California
Plumas,2021-01-15,61,922,7,456,54,466,0,0,59,534,2,194,59,728,California
Plumas,2021-01-16,57,979,1,457,56,522,0,0,57,591,0,194,57,785,California
Plumas,2021-01-18,2,981,1,458,1,523,0,0,2,593,0,194,2,787,California
Plumas,2021-01-19,38,1019,6,464,32,555,0,0,33,621,5,199,33,820,California
Plumas,2021-01-20,139,1158,4,468,135,690,0,0,135,752,4,203,135,955,California
Plumas,2021-01-21,113,1271,2,470,111,801,0,0,113,865,0,203,113,1068,California
Plumas,2021-01-22,4,1275,1,471,3,804,0,0,4,869,0,203,4,1072,California
Plumas,2021-01-23,96,1371,2,473,94,898,0,0,96,965,0,203,96,1168,California
Plumas,2021-01-24,1,1372,1,474,0,898,0,0,1,966,0,203,1,1169,California
Plumas,2021-01-25,9,1381,6,480,3,901,0,0,7,971,2,205,7,1176,California
Plumas,2021-01-26,62,1443,2,482,60,961,0,0,54,1017,8,213,54,1230,California
Plumas,2021-01-27,27,1470,22,504,5,966,0,0,7,1004,20,233,7,1237,California
Plumas,2021-01-28,26,1496,2,506,24,990,0,0,24,1026,2,235,24,1261,California
Plumas,2021-01-29,8,1504,2,508,6,996,0,0,7,1032,1,236,7,1268,California
Plumas,2021-01-30,7,1511,3,511,4,1000,0,0,6,1037,1,237,6,1274,California
Plumas,2021-01-31,3,1514,3,514,0,1000,0,0,3,1040,0,237,3,1277,California
Plumas,2021-02-01,19,1533,2,516,17,1017,0,0,10,1041,9,246,10,1287,California
Plumas,2021-02-02,23,1556,2,518,21,1038,0,0,3,1024,20,266,3,1290,California
Plumas,2021-02-03,126,1682,8,526,118,1156,0,0,14,927,111,377,14,1304,California
Plumas,2021-02-04,102,1784,9,535,93,1249,0,0,23,871,79,456,23,1327,California
Plumas,2021-02-05,27,1811,12,547,15,1264,0,0,12,868,15,471,12,1339,California
Plumas,2021-02-06,8,1819,1,548,7,1271,0,0,8,876,0,471,8,1347,California
Plumas,2021-02-08,14,1833,5,553,9,1280,0,0,2,866,12,483,2,1349,California
Plumas,2021-02-09,173,2006,3,556,170,1450,0,0,112,917,61,544,112,1461,California
Plumas,2021-02-10,109,2115,8,564,101,1551,0,0,103,1015,6,550,104,1565,California
Plumas,2021-02-11,343,2458,5,569,338,1889,0,0,283,1238,60,610,283,1848,California
Plumas,2021-02-12,123,2581,4,573,119,2008,0,0,118,1351,5,615,118,1966,California
Plumas,2021-02-13,76,2657,7,580,69,2077,0,0,17,1309,59,674,17,1983,California
Plumas,2021-02-14,9,2666,5,585,4,2081,0,0,9,1318,0,674,9,1992,California
Plumas,2021-02-15,28,2694,5,590,23,2104,0,0,25,1340,3,677,25,2017,California
Plumas,2021-02-16,80,2774,5,595,75,2179,0,0,16,1292,64,741,16,2033,California
Plumas,2021-02-17,152,2926,5,600,147,2326,0,0,12,1164,140,881,12,2045,California
Plumas,2021-02-18,134,3060,8,608,126,2452,0,0,22,1075,112,993,23,2068,California
Plumas,2021-02-19,42,3102,6,614,36,2488,0,0,8,1049,34,1027,8,2076,California
Plumas,2021-02-20,106,3208,7,621,99,2587,0,0,13,969,93,1120,13,2089,California
Plumas,2021-02-21,6,3214,5,626,1,2588,0,0,2,967,4,1124,2,2091,California
Plumas,2021-02-22,4,3218,1,627,3,2591,0,0,0,963,4,1128,0,2091,California
Plumas,2021-02-23,27,3245,5,632,22,2613,0,0,17,970,10,1138,17,2108,California
Plumas,2021-02-24,478,3723,8,640,470,3083,0,0,465,1422,13,1151,465,2573,California
Plumas,2021-02-25,237,3960,11,651,226,3309,0,0,174,1533,63,1214,174,2747,California
Plumas,2021-02-26,266,4226,8,659,258,3567,0,0,257,1782,9,1223,258,3005,California
Plumas,2021-02-27,42,4268,4,663,38,3605,0,0,34,1808,8,1231,34,3039,California
Plumas,2021-02-28,4,4272,0,663,4,3609,0,0,4,1812,0,1231,4,3043,California
Plumas,2021-03-01,23,4295,4,667,19,3628,0,0,13,1816,9,1240,13,3056,California
Plumas,2021-03-02,11,4306,1,668,10,3638,0,0,7,1820,3,1243,7,3063,California
Plumas,2021-03-03,177,4483,10,678,167,3805,0,0,162,1967,15,1258,162,3225,California
Plumas,2021-03-04,250,4733,7,685,243,4048,0,0,230,2177,20,1278,230,3455,California
Plumas,2021-03-05,398,5131,5,690,388,4436,5,5,388,2560,10,1288,393,3848,California
Plumas,2021-03-06,21,5152,4,694,9,4445,8,13,3,2553,18,1306,11,3859,California
Plumas,2021-03-07,13,5165,2,696,2,4447,9,22,3,2555,10,1316,12,3871,California
Plumas,2021-03-08,32,5197,3,699,4,4451,25,47,5,2558,27,1343,30,3901,California
Plumas,2021-03-09,134,5331,4,703,115,4566,15,62,18,2475,116,1459,33,3934,California
Plumas,2021-03-10,300,5631,3,706,283,4849,14,76,110,2410,189,1648,124,4058,California
Plumas,2021-03-11,189,5820,10,716,174,5023,5,81,153,2532,36,1684,158,4216,California
Plumas,2021-03-12,597,6417,7,723,303,5326,287,368,25,2272,572,2256,312,4528,California
Plumas,2021-03-13,26,6443,5,728,10,5336,11,379,5,2267,21,2277,16,4544,California
Plumas,2021-03-14,13,6456,3,731,5,5341,5,384,1,2262,11,2288,6,4550,California
Plumas,2021-03-15,35,6491,1,732,27,5368,7,391,7,2248,28,2316,14,4564,California
Plumas,2021-03-16,62,6553,3,735,58,5426,1,392,49,2286,12,2328,50,4614,California
Plumas,2021-03-17,72,6625,8,743,63,5489,1,393,56,2328,15,2343,57,4671,California
Plumas,2021-03-18,60,6685,6,749,38,5527,16,409,11,2306,49,2392,27,4698,California
Plumas,2021-03-19,162,6847,4,753,156,5683,2,411,154,2457,6,2398,157,4855,California
Plumas,2021-03-20,712,7559,4,757,707,6390,1,412,690,3128,20,2418,691,5546,California
Plumas,2021-03-21,2,7561,1,758,1,6391,0,412,1,3129,0,2418,1,5547,California
Plumas,2021-03-22,201,7762,2,760,199,6590,0,412,194,3316,7,2425,194,5741,California
Plumas,2021-03-23,29,7791,2,762,26,6616,1,413,14,3316,15,2440,15,5756,California
Plumas,2021-03-24,693,8484,6,768,686,7302,1,414,237,3099,455,2895,238,5994,California
Plumas,2021-03-25,310,8794,8,776,300,7602,2,416,166,3121,144,3039,166,6160,California
Plumas,2021-03-26,315,9109,8,784,306,7908,1,417,46,2900,268,3307,47,6207,California
Plumas,2021-03-27,12,9121,1,785,10,7918,1,418,3,2895,9,3316,4,6211,California
Plumas,2021-03-28,9,9130,3,788,5,7923,1,419,4,2895,5,3321,5,6216,California
Plumas,2021-03-29,11,9141,3,791,7,7930,1,420,3,2891,8,3329,4,6220,California
Plumas,2021-03-30,181,9322,4,795,174,8104,3,423,27,2767,154,3483,30,6250,California
Plumas,2021-03-31,293,9615,3,798,289,8393,1,424,271,3017,22,3505,272,6522,California
Plumas,2021-04-01,309,9924,13,811,293,8686,3,427,62,2837,244,3749,64,6586,California
Plumas,2021-04-02,377,10301,3,814,371,9057,3,430,29,2532,337,4086,32,6618,California
Plumas,2021-04-03,13,10314,2,816,5,9062,6,436,2,2529,11,4097,8,6626,California
Plumas,2021-04-04,3,10317,1,817,1,9063,1,437,0,2527,3,4100,1,6627,California
Plumas,2021-04-05,16,10333,6,823,8,9071,2,439,4,2522,11,4111,6,6633,California
Plumas,2021-04-06,135,10468,7,830,101,9172,27,466,16,2446,119,4230,43,6676,California
Plumas,2021-04-07,295,10763,9,839,102,9274,184,650,29,2393,266,4496,213,6889,California
Plumas,2021-04-08,157,10920,3,842,134,9408,20,670,38,2331,119,4615,57,6946,California
Plumas,2021-04-09,49,10969,8,850,24,9432,17,687,17,2332,32,4647,33,6979,California
Plumas,2021-04-10,22,10991,1,851,4,9436,17,704,3,2333,19,4666,20,6999,California
Plumas,2021-04-11,3,10994,2,853,0,9436,1,705,2,2335,1,4667,3,7002,California
Plumas,2021-04-12,12,11006,4,857,5,9441,3,708,6,2338,6,4673,9,7011,California
Plumas,2021-04-13,219,11225,5,862,214,9655,0,708,153,2425,66,4739,153,7164,California
Plumas,2021-04-14,109,11334,6,868,103,9758,0,708,55,2427,53,4792,55,7219,California
Plumas,2021-04-15,53,11387,3,871,50,9808,0,708,35,2445,17,4809,35,7254,California
Plumas,2021-04-16,144,11531,3,874,141,9949,0,708,3,2307,141,4950,3,7257,California
Plumas,2021-04-17,685,12216,2,876,683,10632,0,708,19,1663,663,5613,19,7276,California
Plumas,2021-04-18,3,12219,3,879,0,10632,0,708,0,1660,3,5616,0,7276,California
Plumas,2021-04-19,38,12257,2,881,36,10668,0,708,5,1632,33,5649,5,7281,California
Plumas,2021-04-20,45,12302,5,886,40,10708,0,708,28,1644,16,5665,28,7309,California
Plumas,2021-04-21,338,12640,5,891,332,11040,1,709,16,1338,322,5987,16,7325,California
Plumas,2021-04-22,280,12920,7,898,273,11313,0,709,133,1324,147,6134,133,7458,California
Plumas,2021-04-23,72,12992,3,901,69,11382,0,709,16,1284,56,6190,16,7474,California
Plumas,2021-04-24,170,13162,4,905,166,11548,0,709,144,1403,25,6215,144,7618,California
Plumas,2021-04-26,30,13192,3,908,27,11575,0,709,8,1390,21,6236,8,7626,California
Plumas,2021-04-27,107,13299,4,912,103,11678,0,709,68,1419,39,6275,68,7694,California
Plumas,2021-04-28,288,13587,5,917,283,11961,0,709,38,1209,248,6523,38,7732,California
Plumas,2021-04-29,173,13760,68,985,105,12066,0,709,119,1274,54,6577,119,7851,California
Plumas,2021-04-30,20,13780,9,994,11,12077,0,709,5,1264,15,6592,5,7856,California
Plumas,2021-05-01,4,13784,1,995,2,12079,1,710,1,1264,2,6594,2,7858,California
Plumas,2021-05-02,3,13787,3,998,0,12079,0,710,2,1265,1,6595,2,7860,California
Plumas,2021-05-03,19,13806,5,1003,7,12086,7,717,5,1265,12,6607,12,7872,California
Plumas,2021-05-04,33,13839,5,1008,21,12107,7,724,19,1278,13,6620,26,7898,California
Plumas,2021-05-05,48,13887,3,1011,44,12151,1,725,23,1277,25,6645,24,7922,California
Plumas,2021-05-06,67,13954,1,1012,61,12212,5,730,21,1257,46,6691,26,7948,California
Plumas,2021-05-07,22,13976,5,1017,16,12228,1,731,8,1252,14,6705,9,7957,California
Plumas,2021-05-08,7,13983,0,1017,4,12232,3,734,4,1256,3,6708,7,7964,California
Plumas,2021-05-09,1,13984,0,1017,0,12232,1,735,0,1256,1,6709,1,7965,California
Plumas,2021-05-10,50,14034,0,1017,28,12260,22,757,24,1276,26,6735,46,8011,California
Plumas,2021-05-11,175,14209,2,1019,154,12414,19,776,14,1148,161,6896,33,8044,California
Plumas,2021-05-12,100,14309,1,1020,91,12505,8,784,36,1129,63,6959,44,8088,California
Plumas,2021-05-13,39,14348,3,1023,34,12539,2,786,14,1120,25,6984,16,8104,California
Plumas,2021-05-14,20,14368,3,1026,12,12551,5,791,9,1123,11,6995,14,8118,California
Plumas,2021-05-15,10,14378,4,1030,4,12555,2,793,4,1123,6,7001,6,8124,California
Plumas,2021-05-16,1,14379,1,1031,0,12555,0,793,1,1124,0,7001,1,8125,California
Plumas,2021-05-17,14,14393,0,1031,5,12560,9,802,4,1127,10,7011,13,8138,California
Plumas,2021-05-18,47,14440,8,1039,38,12598,1,803,26,1133,21,7032,27,8165,California
Plumas,2021-05-19,51,14491,4,1043,30,12628,17,820,13,1126,38,7070,31,8196,California
Plumas,2021-05-20,190,14681,134,1177,45,12673,11,831,78,1104,111,7181,89,8285,California
Plumas,2021-05-21,28,14709,7,1184,15,12688,6,837,14,1110,14,7195,20,8305,California
Plumas,2021-05-22,137,14846,2,1186,135,12823,0,837,7,989,128,7323,7,8312,California
Plumas,2021-05-23,2,14848,2,1188,0,12823,0,837,0,987,2,7325,0,8312,California
Plumas,2021-05-24,50,14898,36,1224,13,12836,1,838,41,1021,8,7333,42,8354,California
Plumas,2021-05-25,81,14979,3,1227,77,12913,1,839,17,975,64,7397,18,8372,California
Plumas,2021-05-26,42,15021,6,1233,28,12941,8,847,17,975,25,7422,25,8397,California
Plumas,2021-05-27,102,15123,26,1259,63,13004,13,860,42,971,59,7481,55,8452,California
Plumas,2021-05-28,42,15165,15,1274,25,13029,2,862,22,976,19,7500,24,8476,California
Plumas,2021-05-29,8,15173,0,1274,8,13037,0,862,6,981,2,7502,7,8483,California
Plumas,2021-05-30,1,15174,0,1274,1,13038,0,862,0,981,0,7502,0,8483,California
Plumas,2021-05-31,5,15179,0,1274,2,13040,3,865,0,980,4,7506,3,8486,California
Plumas,2021-06-01,34,15213,8,1282,20,13060,6,871,9,971,25,7531,16,8502,California
Plumas,2021-06-02,64,15277,5,1287,37,13097,22,893,12,953,52,7583,34,8536,California
Plumas,2021-06-03,66,15343,17,1304,39,13136,10,903,28,953,38,7621,38,8574,California
Plumas,2021-06-04,14,15357,3,1307,10,13146,1,904,8,957,5,7626,9,8583,California
Plumas,2021-06-05,7,15364,3,1310,4,13150,0,904,2,954,5,7631,2,8585,California
Plumas,2021-06-06,3,15367,1,1311,2,13152,0,904,0,951,3,7634,0,8585,California
Plumas,2021-06-07,38,15405,5,1316,25,13177,8,912,9,939,29,7663,17,8602,California
Plumas,2021-06-08,30,15435,9,1325,19,13196,2,914,8,927,22,7685,10,8612,California
Plumas,2021-06-09,42,15477,5,1330,34,13230,3,917,9,906,33,7718,12,8624,California
Plumas,2021-06-10,37,15514,15,1345,18,13248,4,921,14,901,23,7741,18,8642,California
Plumas,2021-06-11,25,15539,13,1358,9,13257,3,924,8,895,17,7758,11,8653,California
Plumas,2021-06-12,12,15551,4,1362,7,13264,1,925,6,896,6,7764,7,8660,California
Plumas,2021-06-13,3,15554,1,1363,2,13266,0,925,3,899,0,7764,3,8663,California
Plumas,2021-06-14,96,15650,88,1451,6,13272,2,927,13,831,83,7847,15,8678,California
Plumas,2021-06-15,29,15679,7,1458,20,13292,2,929,9,822,20,7867,11,8689,California
Plumas,2021-06-16,29,15708,9,1467,12,13304,8,937,6,813,23,7890,14,8703,California
Plumas,2021-06-17,29,15737,18,1485,7,13311,4,941,5,798,24,7914,9,8712,California
Riverside,2020-12-15,5,5,5,5,0,0,0,0,5,5,0,0,5,5,California
Riverside,2020-12-16,69,74,69,74,0,0,0,0,69,74,0,0,69,74,California
Riverside,2020-12-17,810,884,810,884,0,0,0,0,810,884,0,0,810,884,California
Riverside,2020-12-18,1740,2624,1739,2623,1,1,0,0,1740,2624,0,0,1740,2624,California
Riverside,2020-12-19,1031,3655,1028,3651,3,4,0,0,1029,3652,1,1,1029,3653,California
Riverside,2020-12-20,1085,4740,1084,4735,1,5,0,0,1085,4737,0,1,1085,4738,California
Riverside,2020-12-21,2279,7019,2277,7012,2,7,0,0,2279,7016,0,1,2279,7017,California
Riverside,2020-12-22,2258,9277,2219,9231,39,46,0,0,2258,9274,0,1,2258,9275,California
Riverside,2020-12-23,2146,11423,1801,11032,345,391,0,0,2147,11421,0,1,2147,11422,California
Riverside,2020-12-24,815,12238,611,11643,204,595,0,0,815,12236,0,1,815,12237,California
Riverside,2020-12-25,30,12268,6,11649,24,619,0,0,29,12265,0,1,29,12266,California
Riverside,2020-12-26,402,12670,257,11906,145,764,0,0,402,12667,0,1,402,12668,California
Riverside,2020-12-27,369,13039,248,12154,121,885,0,0,368,13034,1,2,368,13036,California
Riverside,2020-12-28,1635,14674,1130,13284,505,1390,0,0,1635,14669,0,2,1635,14671,California
Riverside,2020-12-29,1746,16420,974,14258,772,2162,0,0,1746,16415,0,2,1746,16417,California
Riverside,2020-12-30,2587,19007,1688,15946,899,3061,0,0,2586,19000,1,3,2586,19003,California
Riverside,2020-12-31,1027,20034,397,16343,630,3691,0,0,1028,20027,1,4,1028,20031,California
Riverside,2021-01-01,128,20162,50,16393,78,3769,0,0,128,20155,0,4,128,20159,California
Riverside,2021-01-02,835,20997,694,17087,141,3910,0,0,835,20990,0,4,835,20994,California
Riverside,2021-01-03,346,21343,300,17387,46,3956,0,0,345,21335,0,4,345,21339,California
Riverside,2021-01-04,1264,22607,792,18179,472,4428,0,0,1264,22599,0,4,1264,22603,California
Riverside,2021-01-05,1995,24602,1371,19550,624,5052,0,0,1901,24411,89,93,1901,24504,California
Riverside,2021-01-06,2503,27105,1117,20667,1386,6438,0,0,2193,26298,306,399,2193,26697,California
Riverside,2021-01-07,2794,29899,1833,22500,961,7399,0,0,1727,26965,1061,1460,1728,28425,California
Riverside,2021-01-08,4081,33980,2945,25445,1136,8535,0,0,2257,27402,1820,3280,2257,30682,California
Riverside,2021-01-09,2081,36061,849,26294,1232,9767,0,0,1730,28782,350,3630,1730,32412,California
Riverside,2021-01-10,1674,37735,739,27033,935,10702,0,0,1068,29244,606,4236,1068,33480,California
Riverside,2021-01-11,4523,42258,3096,30129,1427,12129,0,0,2788,30299,1734,5970,2789,36269,California
Riverside,2021-01-12,3421,45679,2749,32878,672,12801,0,0,1723,30329,1693,7663,1723,37992,California
Riverside,2021-01-13,4462,50141,2940,35818,1522,14323,0,0,2852,31574,1607,9270,2852,40844,California
Riverside,2021-01-14,5528,55669,1912,37730,3616,17939,0,0,4953,35953,574,9844,4953,45797,California
Riverside,2021-01-15,6074,61743,1985,39715,4089,22028,0,0,5784,41448,289,10133,5784,51581,California
Riverside,2021-01-16,3626,65369,1024,40739,2602,24630,0,0,3377,44577,249,10382,3378,54959,California
Riverside,2021-01-17,3596,68965,589,41328,3007,27637,0,0,3396,47775,198,10580,3396,58355,California
Riverside,2021-01-18,3775,72740,2060,43388,1715,29352,0,0,2758,49517,1017,11597,2759,61114,California
Riverside,2021-01-19,7449,80189,2656,46044,4793,34145,0,0,6325,54719,1124,12721,6326,67440,California
Riverside,2021-01-20,8271,88460,3148,49192,5123,39268,0,0,6601,59668,1656,14377,6605,74045,California
Riverside,2021-01-21,8390,96850,3496,52688,4894,44162,0,0,7734,66747,656,15033,7735,81780,California
Riverside,2021-01-22,8774,105624,2978,55666,5796,49958,0,0,8337,74651,434,15467,8338,90118,California
Riverside,2021-01-23,5921,111545,2366,58032,3555,53513,0,0,5196,79125,723,16190,5197,95315,California
Riverside,2021-01-24,3050,114595,1437,59469,1613,55126,0,0,2834,81746,214,16404,2835,98150,California
Riverside,2021-01-25,7903,122498,4541,64010,3362,58488,0,0,6775,87396,1126,17530,6776,104926,California
Riverside,2021-01-26,9180,131678,5741,69751,3439,61927,0,0,7659,93538,1518,19048,7660,112586,California
Riverside,2021-01-27,10955,142633,6399,76150,4556,66483,0,0,9336,101264,1613,20661,9339,121925,California
Riverside,2021-01-28,11557,154190,6818,82968,4739,71222,0,0,10379,110474,1170,21831,10380,132305,California
Riverside,2021-01-29,11980,166170,7307,90275,4673,75895,0,0,10596,119716,1358,23189,10600,142905,California
Riverside,2021-01-30,9094,175264,4633,94908,4461,80356,0,0,8629,127884,462,23651,8630,151535,California
Riverside,2021-01-31,5181,180445,4263,99171,918,81274,0,0,5048,132804,132,23783,5052,156587,California
Riverside,2021-02-01,10995,191440,6791,105962,4204,85478,0,0,9140,140099,1848,25631,9143,165730,California
Riverside,2021-02-02,9499,200939,4824,110786,4675,90153,0,0,8026,146663,1465,27096,8029,173759,California
Riverside,2021-02-03,12204,213143,5152,115938,7052,97205,0,0,9831,154130,2364,29460,9831,183590,California
Riverside,2021-02-04,13523,226666,6003,121941,7520,104725,0,0,11432,163482,2083,31543,11435,195025,California
Riverside,2021-02-05,14304,240970,5374,127315,8930,113655,0,0,11268,171727,3027,34570,11272,206297,California
Riverside,2021-02-06,7242,248212,4270,131585,2972,116627,0,0,5598,175690,1638,36208,5601,211898,California
Riverside,2021-02-07,2172,250384,801,132386,1371,117998,0,0,1852,177225,318,36526,1853,213751,California
Riverside,2021-02-08,12482,262866,5560,137946,6922,124920,0,0,10156,185075,2311,38837,10161,223912,California
Riverside,2021-02-09,9626,272492,4509,142455,5117,130037,0,0,7683,190827,1936,40773,7688,231600,California
Riverside,2021-02-10,12103,284595,6985,149440,5118,135155,0,0,8922,196587,3171,43944,8931,240531,California
Riverside,2021-02-11,16691,301286,9073,158513,7618,142773,0,0,12168,204268,4502,48446,12183,252714,California
Riverside,2021-02-12,17714,319000,10779,169292,6935,149708,0,0,12819,212247,4854,53300,12833,265547,California
Riverside,2021-02-13,6298,325298,2133,171425,4165,153873,0,0,3076,212137,3207,56507,3097,268644,California
Riverside,2021-02-14,4922,330220,1115,172540,3807,157680,0,0,2178,211575,2740,59247,2178,270822,California
Riverside,2021-02-15,9818,340038,4988,177528,4830,162510,0,0,5401,212578,4406,63653,5409,276231,California
Riverside,2021-02-16,16168,356206,10130,187658,6038,168548,0,0,9271,214969,6888,70541,9279,285510,California
Riverside,2021-02-17,15041,371247,8210,195868,6831,175379,0,0,7453,214856,7575,78116,7462,292972,California
Riverside,2021-02-18,15574,386821,8982,204850,6592,181971,0,0,8031,215381,7521,85637,8046,301018,California
Riverside,2021-02-19,15345,402166,8234,213084,7111,189082,0,0,7240,214542,8087,93724,7248,308266,California
Riverside,2021-02-20,8321,410487,4505,217589,3816,192898,0,0,2156,210554,6148,99872,2160,310426,California
Riverside,2021-02-21,4419,414906,3890,221479,529,193427,0,0,1236,208622,3168,103040,1236,311662,California
Riverside,2021-02-22,12388,427294,7767,229246,4621,198048,0,0,5101,206456,7272,110312,5106,316768,California
Riverside,2021-02-23,11129,438423,7570,236816,3559,201607,0,0,5388,206134,5714,116026,5392,322160,California
Riverside,2021-02-24,14800,453223,8101,244917,6699,208306,0,0,6275,203939,8487,124513,6292,328452,California
Riverside,2021-02-25,17359,470582,7406,252323,9953,218259,0,0,8056,202741,9278,133791,8080,336532,California
Riverside,2021-02-26,18669,489251,6738,259061,11931,230190,0,0,9300,202766,9310,143101,9335,345867,California
Riverside,2021-02-27,12114,501365,5611,264672,6503,236693,0,0,5758,202227,6324,149425,5785,351652,California
Riverside,2021-02-28,4895,506260,3228,267900,1667,238360,0,0,2405,202161,2478,151903,2412,354064,California
Riverside,2021-03-01,14397,520657,6123,274023,8269,246629,5,5,8453,204743,5904,157807,8486,362550,California
Riverside,2021-03-02,15437,536094,7557,281580,7879,254508,1,6,9043,207444,6372,164179,9073,371623,California
Riverside,2021-03-03,17093,553187,8490,290070,8603,263111,0,6,7431,205393,9611,173790,7560,379183,California
Riverside,2021-03-04,18865,572052,7514,297584,11346,274457,5,11,8981,204690,9840,183630,9137,388320,California
Riverside,2021-03-05,18915,590967,7606,305190,11265,285722,44,55,9374,204895,9490,193120,9695,398015,California
Riverside,2021-03-06,9530,600497,5076,310266,3973,289695,481,536,4754,205393,4763,197883,5261,403276,California
Riverside,2021-03-07,4265,604762,2757,313023,1120,290815,388,924,2013,205555,2243,200126,2405,405681,California
Riverside,2021-03-08,11969,616731,4751,317774,6808,297623,410,1334,5346,204756,6602,206728,5803,411484,California
Riverside,2021-03-09,14794,631525,6888,324662,7405,305028,501,1835,5892,202406,8879,215607,6529,418013,California
Riverside,2021-03-10,15952,647477,8540,333202,6483,311511,929,2764,6218,200015,9690,225297,7299,425312,California
Riverside,2021-03-11,19324,666801,9476,342678,7998,319509,1850,4614,7609,198002,11679,236976,9666,434978,California
Riverside,2021-03-12,21195,687996,7920,350598,8526,328035,4749,9363,7036,195986,14119,251095,12103,447081,California
Riverside,2021-03-13,8526,696522,2546,353144,4749,332784,1231,10594,4373,197535,4131,255226,5680,452761,California
Riverside,2021-03-14,4749,701271,1618,354762,1760,334544,1371,11965,2087,198341,2649,257875,3455,456216,California
Riverside,2021-03-15,18714,719985,7868,362630,9181,343725,1665,13630,9211,199858,9459,267334,10976,467192,California
Riverside,2021-03-16,20893,740878,10136,372766,9944,353669,813,14443,11392,202691,9464,276798,12297,479489,California
Riverside,2021-03-17,21452,762330,10984,383750,9407,363076,1061,15504,12867,208129,8547,285345,13985,493474,California
Riverside,2021-03-18,22620,784950,11770,395520,9177,372253,1673,17177,12533,212307,10036,295381,14214,507688,California
Riverside,2021-03-19,24169,809119,12693,408213,10504,382757,972,18149,14104,217742,10006,305387,15441,523129,California
Riverside,2021-03-20,10708,819827,6898,415111,2625,385382,1185,19334,6877,222002,3799,309186,8059,531188,California
Riverside,2021-03-21,3754,823581,2927,418038,560,385942,267,19601,2556,223647,1178,310364,2823,534011,California
Riverside,2021-03-22,16652,840233,9928,427966,6172,392114,552,20153,10596,228792,5998,316362,11143,545154,California
Riverside,2021-03-23,18564,858797,10519,438485,7622,399736,423,20576,11880,234486,6623,322985,12317,557471,California
Riverside,2021-03-24,18718,877515,10450,448935,8146,407882,122,20698,12842,241632,5824,328809,12970,570441,California
Riverside,2021-03-25,21133,898648,11657,460592,9301,417183,175,20873,14133,249018,6926,335735,14312,584753,California
Riverside,2021-03-26,24140,922788,11945,472537,12043,429226,152,21025,15007,255152,9029,344764,15163,599916,California
Riverside,2021-03-27,9357,932145,4915,477452,3391,432617,1051,22076,4827,256527,4504,349268,5879,605795,California
Riverside,2021-03-28,4774,936919,3137,480589,1543,434160,94,22170,2838,257536,1923,351191,2932,608727,California
Riverside,2021-03-29,17651,954570,8438,489027,9094,443254,119,22289,10900,261863,6704,357895,11031,619758,California
Riverside,2021-03-30,18349,972919,9547,498574,8595,451849,207,22496,11687,267140,6619,364514,11896,631654,California
Riverside,2021-03-31,18148,991067,8445,507019,9397,461246,306,22802,11354,272064,6744,371258,11668,643322,California
Riverside,2021-04-01,25587,1016654,12502,519521,12308,473554,777,23579,16463,280254,9049,380307,17239,660561,California
Riverside,2021-04-02,26155,1042809,14078,533599,11122,484676,955,24534,16369,288077,9723,390030,17546,678107,California
Riverside,2021-04-03,9383,1052192,5962,539561,2825,487501,596,25130,6038,291382,3324,393354,6629,684736,California
Riverside,2021-04-04,3396,1055588,2065,541626,1089,488590,242,25372,1717,291672,1670,395024,1960,686696,California
Riverside,2021-04-05,18474,1074062,9458,551084,7152,495742,1864,27236,9931,294964,8502,403526,11794,698490,California
Riverside,2021-04-06,23791,1097853,12353,563437,9296,505038,2142,29378,13259,299875,10480,414006,15391,713881,California
Riverside,2021-04-07,24903,1122756,13431,576868,8947,513985,2525,31903,13854,305248,11001,425007,16374,730255,California
Riverside,2021-04-08,27484,1150240,15208,592076,9291,523276,2985,34888,16795,314389,10617,435624,19758,750013,California
Riverside,2021-04-09,26352,1176592,15492,607568,8391,531667,2469,37357,16081,322733,10222,445846,18566,768579,California
Riverside,2021-04-10,12028,1188620,6743,614311,3888,535555,1397,38754,5261,322659,6722,452568,6648,775227,California
Riverside,2021-04-11,4647,1193267,2767,617078,1259,536814,621,39375,2196,323034,2439,455007,2814,778041,California
Riverside,2021-04-12,20215,1213482,8991,626069,8571,545385,2653,42028,10118,325744,10057,465064,12767,790808,California
Riverside,2021-04-13,20090,1233572,11249,637318,8814,554199,27,42055,11493,328709,8558,473622,11523,802331,California
Riverside,2021-04-14,22324,1255896,12319,649637,9990,564189,15,42070,10947,328377,11308,484930,10976,813307,California
Riverside,2021-04-15,22131,1278027,12568,662205,9555,573744,8,42078,11689,329703,10374,495304,11700,825007,California
Riverside,2021-04-16,25158,1303185,14576,676781,10576,584320,6,42084,11662,327985,13437,508741,11719,836726,California
Riverside,2021-04-17,9939,1313124,6552,683333,3387,587707,0,42084,4986,328057,4927,513668,4999,841725,California
Riverside,2021-04-18,3868,1316992,2820,686153,1041,588748,7,42091,1816,327848,2036,515704,1827,843552,California
Riverside,2021-04-19,19615,1336607,11664,697817,7948,596696,3,42094,7063,322437,12507,528211,7096,850648,California
Riverside,2021-04-20,18904,1355511,9960,707777,8935,605631,9,42103,7751,319097,11109,539320,7769,858417,California
Riverside,2021-04-21,19842,1375353,11421,719198,8412,614043,9,42112,7979,315300,11795,551115,7998,866415,California
Riverside,2021-04-22,23217,1398570,13560,732758,9653,623696,4,42116,8648,309459,14498,565613,8657,875072,California
Riverside,2021-04-23,23290,1421860,13719,746477,9557,633253,14,42130,9128,304507,14103,579716,9151,884223,California
Riverside,2021-04-24,10461,1432321,7283,753760,3175,636428,3,42133,4807,303701,5617,585333,4811,889034,California
Riverside,2021-04-25,4243,1436564,2824,756584,1418,637846,1,42134,2200,303879,2024,587357,2202,891236,California
Riverside,2021-04-26,17098,1453662,10692,767276,6361,644207,45,42179,5820,298515,11233,598590,5869,897105,California
Riverside,2021-04-27,18285,1471947,10421,777697,7665,651872,199,42378,6356,293188,11883,610473,6556,903661,California
Riverside,2021-04-28,16474,1488421,8856,786553,7362,659234,256,42634,5542,288114,10872,621345,5798,909459,California
Riverside,2021-04-29,18719,1507140,11447,798000,6927,666161,345,42979,5374,280548,13281,634626,5715,915174,California
Riverside,2021-04-30,19786,1526926,11431,809431,7977,674138,378,43357,6372,273942,13359,647985,6753,921927,California
Riverside,2021-05-01,6767,1533693,4866,814297,1732,675870,169,43526,2334,272034,4408,652393,2500,924427,California
Riverside,2021-05-02,3355,1537048,2184,816481,962,676832,209,43735,1069,271049,2269,654662,1284,925711,California
Riverside,2021-05-03,17978,1555026,11050,827531,6440,683272,488,44223,4151,261921,13764,668426,4636,930347,California
Riverside,2021-05-04,17234,1572260,10936,838467,5882,689154,416,44639,4857,254881,12309,680735,5269,935616,California
Riverside,2021-05-05,15781,1588041,8933,847400,6488,695642,360,44999,4536,248593,11184,691919,4896,940512,California
Riverside,2021-05-06,17753,1605794,9943,857343,7401,703043,409,45408,4487,240296,13194,705113,4897,945409,California
Riverside,2021-05-07,20297,1626091,11568,868911,8299,711342,430,45838,5340,231183,14879,719992,5766,951175,California
Riverside,2021-05-08,6882,1632973,4531,873442,2091,713433,260,46098,2566,229723,4283,724275,2823,953998,California
Riverside,2021-05-09,2302,1635275,1511,874953,637,714070,154,46252,849,229282,1444,725719,1003,955001,California
Riverside,2021-05-10,10049,1645324,5139,880092,4533,718603,377,46629,2849,225360,7148,732867,3226,958227,California
Riverside,2021-05-11,13841,1659165,8323,888415,5000,723603,518,47147,3805,219730,9954,742821,4324,962551,California
Riverside,2021-05-12,12606,1671771,6332,894747,5940,729543,334,47481,3985,215478,8569,751390,4317,966868,California
Riverside,2021-05-13,14587,1686358,8758,903505,5556,735099,273,47754,5319,211857,9217,760607,5596,972464,California
Riverside,2021-05-14,17720,1704078,11192,914697,5738,740837,790,48544,6910,208814,10740,771347,7697,980161,California
Riverside,2021-05-15,9671,1713749,6924,921621,2349,743186,398,48942,4944,209455,4698,776045,5339,985500,California
Riverside,2021-05-16,3479,1717228,2531,924152,839,744025,109,49051,1714,209524,1752,777797,1821,987321,California
Riverside,2021-05-17,11752,1728980,7572,931724,3840,747865,340,49391,5142,208431,6578,784375,5485,992806,California
Riverside,2021-05-18,15029,1744009,9291,941015,5394,753259,344,49735,6109,206010,8873,793248,6452,999258,California
Riverside,2021-05-19,12111,1756120,7681,948696,4203,757462,227,49962,5995,206164,6067,799315,6221,1005479,California
Riverside,2021-05-20,11794,1767914,7389,956085,4149,761611,256,50218,5373,205426,6372,805687,5634,1011113,California
Riverside,2021-05-21,14373,1782287,8876,964961,5175,766786,322,50540,6182,203804,8127,813814,6505,1017618,California
Riverside,2021-05-22,7171,1789458,4856,969817,2119,768905,196,50736,3845,204558,3289,817103,4043,1021661,California
Riverside,2021-05-23,2557,1792015,1653,971470,829,769734,75,50811,1248,204584,1296,818399,1322,1022983,California
Riverside,2021-05-24,8605,1800620,5555,977025,2743,772477,307,51118,3819,203958,4751,823150,4125,1027108,California
Riverside,2021-05-25,9641,1810261,5745,982770,3633,776110,263,51381,3918,202453,5686,828836,4181,1031289,California
Riverside,2021-05-26,8839,1819100,5477,988247,3037,779147,325,51706,3980,201950,4809,833645,4306,1035595,California
Riverside,2021-05-27,8491,1827591,5087,993334,3172,782319,232,51938,4014,201768,4427,838072,4245,1039840,California
Riverside,2021-05-28,10618,1838209,6470,999804,3847,786166,301,52239,5013,201540,5544,843616,5316,1045156,California
Riverside,2021-05-29,4976,1843185,3385,1003189,1468,787634,123,52362,2836,202384,2117,845733,2961,1048117,California
Riverside,2021-05-30,1942,1845127,1401,1004590,477,788111,64,52426,1065,202643,870,846603,1129,1049246,California
Riverside,2021-05-31,870,1845997,493,1005083,344,788455,33,52459,333,202477,532,847135,366,1049612,California
Riverside,2021-06-01,9111,1855108,5633,1010716,3246,791701,232,52691,3593,200836,5467,852602,3826,1053438,California
Riverside,2021-06-02,7076,1862184,4310,1015026,2490,794191,276,52967,2861,199799,4173,856775,3136,1056574,California
Riverside,2021-06-03,7903,1870087,5282,1020308,2358,796549,263,53230,2868,197931,4996,861771,3128,1059702,California
Riverside,2021-06-04,10572,1880659,7581,1027889,2739,799288,252,53482,3878,195420,6643,868414,4132,1063834,California
Riverside,2021-06-05,6902,1887561,5088,1032977,1268,800556,546,54028,2264,193615,4615,873029,2810,1066644,California
Riverside,2021-06-06,2178,1889739,1851,1034828,276,800832,51,54079,791,193078,1380,874409,843,1067487,California
Riverside,2021-06-07,6866,1896605,5220,1040048,1419,802251,227,54306,2271,191013,4565,878974,2500,1069987,California
Riverside,2021-06-08,8983,1905588,6541,1046589,2180,804431,262,54568,3030,188410,5899,884873,3296,1073283,California
Riverside,2021-06-09,7678,1913266,5599,1052188,1790,806221,289,54857,2367,185796,5268,890141,2654,1075937,California
Riverside,2021-06-10,7531,1920797,5314,1057502,1994,808215,223,55080,2379,183276,5125,895266,2605,1078542,California
Riverside,2021-06-11,8803,1929600,5985,1063487,2535,810750,283,55363,3010,180836,5735,901001,3295,1081837,California
Riverside,2021-06-12,5273,1934873,3906,1067393,1244,811994,123,55486,1640,179001,3603,904604,1768,1083605,California
Riverside,2021-06-13,1786,1936659,1337,1068730,410,812404,39,55525,537,178341,1237,905841,577,1084182,California
Riverside,2021-06-14,6320,1942979,4539,1073269,1492,813896,289,55814,2258,176864,4026,909867,2549,1086731,California
Riverside,2021-06-15,7124,1950103,4900,1078169,1925,815821,299,56113,2770,175628,4309,914176,3073,1089804,California
Riverside,2021-06-16,6493,1956596,4448,1082617,1753,817574,292,56405,2359,174186,4093,918269,2651,1092455,California
Riverside,2021-06-17,3047,1959643,1997,1084614,909,818483,141,56546,913,173125,2114,920383,1053,1093508,California
Sacramento,2020-12-15,314,314,314,314,0,0,0,0,314,314,0,0,314,314,California
Sacramento,2020-12-16,646,960,646,960,0,0,0,0,646,960,0,0,646,960,California
Sacramento,2020-12-17,701,1661,701,1661,0,0,0,0,701,1661,0,0,701,1661,California
Sacramento,2020-12-18,1109,2770,1109,2770,0,0,0,0,1110,2771,0,0,1110,2771,California
Sacramento,2020-12-19,610,3380,610,3380,0,0,0,0,610,3381,0,0,610,3381,California
Sacramento,2020-12-20,637,4017,637,4017,0,0,0,0,637,4018,0,0,637,4018,California
Sacramento,2020-12-21,1669,5686,1669,5686,0,0,0,0,1670,5688,0,0,1670,5688,California
Sacramento,2020-12-22,2104,7790,2069,7755,35,35,0,0,2104,7792,0,0,2104,7792,California
Sacramento,2020-12-23,2250,10040,2076,9831,174,209,0,0,2250,10042,0,0,2250,10042,California
Sacramento,2020-12-24,1046,11086,830,10661,216,425,0,0,1046,11088,0,0,1046,11088,California
Sacramento,2020-12-25,1,11087,0,10661,1,426,0,0,1,11089,0,0,1,11089,California
Sacramento,2020-12-26,506,11593,288,10949,218,644,0,0,506,11595,0,0,506,11595,California
Sacramento,2020-12-27,355,11948,248,11197,107,751,0,0,355,11950,0,0,355,11950,California
Sacramento,2020-12-28,1900,13848,1320,12517,580,1331,0,0,1899,13848,1,1,1899,13849,California
Sacramento,2020-12-29,1970,15818,1205,13722,765,2096,0,0,1969,15816,1,2,1969,15818,California
Sacramento,2020-12-30,2555,18373,1458,15180,1097,3193,0,0,2556,18372,0,2,2556,18374,California
Sacramento,2020-12-31,1224,19597,688,15868,536,3729,0,0,1225,19597,0,2,1225,19599,California
Sacramento,2021-01-01,81,19678,70,15938,11,3740,0,0,81,19678,0,2,81,19680,California
Sacramento,2021-01-02,573,20251,369,16307,204,3944,0,0,573,20251,0,2,573,20253,California
Sacramento,2021-01-03,414,20665,225,16532,189,4133,0,0,414,20665,0,2,414,20667,California
Sacramento,2021-01-04,1935,22600,832,17364,1103,5236,0,0,1933,22597,1,3,1933,22600,California
Sacramento,2021-01-05,2211,24811,987,18351,1224,6460,0,0,1847,24087,364,367,1854,24454,California
Sacramento,2021-01-06,2727,27538,1617,19968,1110,7570,0,0,1932,25227,792,1159,1932,26386,California
Sacramento,2021-01-07,2835,30373,1512,21480,1323,8893,0,0,1907,26209,925,2084,1907,28293,California
Sacramento,2021-01-08,3282,33655,2081,23561,1201,10094,0,0,2168,27269,1110,3194,2170,30463,California
Sacramento,2021-01-09,1279,34934,801,24362,478,10572,0,0,885,27761,393,3587,885,31348,California
Sacramento,2021-01-10,1224,36158,714,25076,510,11082,0,0,754,28046,470,4057,755,32103,California
Sacramento,2021-01-11,4344,40502,2951,28027,1393,12475,0,0,2411,28537,1932,5989,2423,34526,California
Sacramento,2021-01-12,4595,45097,3211,31238,1384,13859,0,0,2611,29168,1984,7973,2615,37141,California
Sacramento,2021-01-13,3842,48939,2220,33458,1622,15481,0,0,2428,30184,1413,9386,2429,39570,California
Sacramento,2021-01-14,4623,53562,2326,35784,2297,17778,0,0,3713,32990,907,10293,3713,43283,California
Sacramento,2021-01-15,4437,57999,2256,38040,2181,19959,0,0,3723,36002,714,11007,3726,47009,California
Sacramento,2021-01-16,2089,60088,1287,39327,802,20761,0,0,1870,37653,219,11226,1870,48879,California
Sacramento,2021-01-17,1675,61763,983,40310,692,21453,0,0,1492,38965,183,11409,1495,50374,California
Sacramento,2021-01-18,2832,64595,1737,42047,1095,22548,0,0,2257,40650,573,11982,2258,52632,California
Sacramento,2021-01-19,4985,69580,3032,45079,1953,24501,0,0,3736,43139,1249,13231,3738,56370,California
Sacramento,2021-01-20,4835,74415,2859,47938,1976,26477,0,0,3606,45521,1231,14462,3613,59983,California
Sacramento,2021-01-21,5225,79640,3021,50959,2204,28681,0,0,4251,48806,968,15430,4253,64236,California
Sacramento,2021-01-22,5032,84672,2700,53659,2332,31013,0,0,4731,53238,300,15730,4732,68968,California
Sacramento,2021-01-23,3756,88428,1568,55227,2188,33201,0,0,3293,56068,463,16193,3293,72261,California
Sacramento,2021-01-24,1624,90052,1014,56241,610,33811,0,0,1380,57207,243,16436,1382,73643,California
Sacramento,2021-01-25,4402,94454,2157,58398,2245,36056,0,0,2935,58677,1467,17903,2937,76580,California
Sacramento,2021-01-26,4755,99209,2158,60556,2597,38653,0,0,3553,61032,1200,19103,3555,80135,California
Sacramento,2021-01-27,5856,105065,3050,63606,2806,41459,0,0,4233,63648,1619,20722,4235,84370,California
Sacramento,2021-01-28,5409,110474,2739,66345,2670,44129,0,0,4309,66859,1099,21821,4310,88680,California
Sacramento,2021-01-29,5416,115890,2937,69282,2479,46608,0,0,4395,70242,1012,22833,4395,93075,California
Sacramento,2021-01-30,4521,120411,2202,71484,2319,48927,0,0,4089,73901,430,23263,4089,97164,California
Sacramento,2021-01-31,2340,122751,2039,73523,301,49228,0,0,2059,75684,278,23541,2061,99225,California
Sacramento,2021-02-01,5938,128689,3037,76560,2901,52129,0,0,4255,78260,1679,25220,4255,103480,California
Sacramento,2021-02-02,7030,135719,3793,80353,3237,55366,0,0,4874,81000,2136,27356,4876,108356,California
Sacramento,2021-02-03,7144,142863,3603,83956,3541,58907,0,0,5281,84429,1854,29210,5283,113639,California
Sacramento,2021-02-04,7764,150627,3682,87638,4082,62989,0,0,5525,87724,2230,31440,5525,119164,California
Sacramento,2021-02-05,7856,158483,4483,92121,3373,66362,0,0,4922,89739,2911,34351,4926,124090,California
Sacramento,2021-02-06,8468,166951,3477,95598,4991,71353,0,0,7121,95517,1345,35696,7123,131213,California
Sacramento,2021-02-07,4067,171018,2203,97801,1864,73217,0,0,2890,97237,1172,36868,2892,134105,California
Sacramento,2021-02-08,6272,177290,3263,101064,3009,76226,0,0,3915,98800,2352,39220,3915,138020,California
Sacramento,2021-02-09,6783,184073,3556,104620,3227,79453,0,0,4009,100045,2765,41985,4010,142030,California
Sacramento,2021-02-10,7691,191764,4210,108830,3481,82934,0,0,4525,101420,3152,45137,4527,146557,California
Sacramento,2021-02-11,9609,201373,5743,114573,3866,86800,0,0,5512,102852,4082,49219,5514,152071,California
Sacramento,2021-02-12,10686,212059,4153,118726,6533,93333,0,0,6394,105019,4230,53449,6397,158468,California
Sacramento,2021-02-13,7686,219745,2993,121719,4693,98026,0,0,6089,109517,1592,55041,6090,164558,California
Sacramento,2021-02-14,3202,222947,1962,123681,1240,99266,0,0,2095,110511,1105,56146,2099,166657,California
Sacramento,2021-02-15,5998,228945,2051,125732,3947,103213,0,0,4168,112858,1824,57970,4171,170828,California
Sacramento,2021-02-16,9256,238201,4215,129947,5041,108254,0,0,5324,114261,3925,61895,5328,176156,California
Sacramento,2021-02-17,8850,247051,4992,134939,3858,112112,0,0,5145,115716,3694,65589,5149,181305,California
Sacramento,2021-02-18,9586,256637,5769,140708,3817,115929,0,0,5732,117608,3844,69433,5736,187041,California
Sacramento,2021-02-19,10077,266714,6184,146892,3893,119822,0,0,5978,119503,4089,73522,5984,193025,California
Sacramento,2021-02-20,7859,274573,5794,152686,2065,121887,0,0,4753,121157,3100,76622,4754,197779,California
Sacramento,2021-02-21,3070,277643,2428,155114,642,122529,0,0,1092,120277,1972,78594,1092,198871,California
Sacramento,2021-02-22,6314,283957,3813,158927,2501,125030,0,0,2781,119541,3521,82115,2785,201656,California
Sacramento,2021-02-23,7296,291253,4519,163446,2777,127807,0,0,3553,119372,3726,85841,3557,205213,California
Sacramento,2021-02-24,9841,301094,5428,168874,4413,132220,0,0,5384,120321,4441,90282,5390,210603,California
Sacramento,2021-02-25,11287,312381,6471,175345,4816,137036,0,0,6632,122314,4639,94921,6632,217235,California
Sacramento,2021-02-26,14429,326810,6804,182149,7625,144661,0,0,9895,127710,4503,99424,9899,227134,California
Sacramento,2021-02-27,11077,337887,6872,189021,4202,148863,3,3,8186,133034,2865,102289,8189,235323,California
Sacramento,2021-02-28,6190,344077,2326,191347,3864,152727,0,3,3103,133065,3073,105362,3104,238427,California
Sacramento,2021-03-01,8633,352710,3619,194966,5012,157739,2,5,4705,133868,3906,109268,4709,243136,California
Sacramento,2021-03-02,9323,362033,4052,199018,5270,163009,1,6,5714,135995,3591,112859,5718,248854,California
Sacramento,2021-03-03,11102,373135,5063,204081,6036,169045,3,9,6662,138243,4419,117278,6667,255521,California
Sacramento,2021-03-04,13489,386624,6195,210276,7290,176335,4,13,7498,139794,5957,123235,7508,263029,California
Sacramento,2021-03-05,10650,397274,4926,215202,5694,182029,30,43,7073,143341,3556,126791,7103,270132,California
Sacramento,2021-03-06,8124,405398,3116,218318,4886,186915,122,165,4120,143592,3990,130781,4241,274373,California
Sacramento,2021-03-07,7618,413016,2213,220531,5316,192231,89,254,3754,143574,3859,134640,3841,278214,California
Sacramento,2021-03-08,9133,422149,4274,224805,4635,196866,224,478,5970,146615,3151,137791,6192,284406,California
Sacramento,2021-03-09,9629,431778,4557,229362,4780,201646,292,770,5532,148359,4079,141870,5823,290229,California
Sacramento,2021-03-10,11783,443561,7527,236889,3902,205548,354,1124,6880,150731,4866,146736,7238,297467,California
Sacramento,2021-03-11,15058,458619,10007,246896,4225,209773,826,1950,8923,154381,6095,152831,9745,307212,California
Sacramento,2021-03-12,18078,476697,8359,255255,8855,218628,864,2814,8852,154928,9175,162006,9722,316934,California
Sacramento,2021-03-13,13033,489730,3583,258838,9020,227648,430,3244,7865,158061,5157,167163,8290,325224,California
Sacramento,2021-03-14,8407,498137,3479,262317,4304,231952,624,3868,4437,159175,3945,171108,5059,330283,California
Sacramento,2021-03-15,12239,510376,4882,267199,6706,238658,651,4519,7061,161736,5152,176260,7713,337996,California
Sacramento,2021-03-16,14021,524397,6217,273416,7152,245810,652,5171,8618,165633,5366,181626,9263,347259,California
Sacramento,2021-03-17,13818,538215,6647,280063,6536,252346,635,5806,8815,170108,4977,186603,9452,356711,California
Sacramento,2021-03-18,15669,553884,8209,288272,6867,259213,593,6399,9928,174921,5707,192310,10520,367231,California
Sacramento,2021-03-19,15635,569519,7999,296271,6266,265479,1370,7769,7897,176467,7712,200022,9258,376489,California
Sacramento,2021-03-20,12931,582450,7545,303816,5044,270523,342,8111,8043,179996,4858,204880,8387,384876,California
Sacramento,2021-03-21,5587,588037,2756,306572,2792,273315,39,8150,4853,184171,720,205600,4895,389771,California
Sacramento,2021-03-22,9383,597420,4806,311378,3726,277041,851,9001,6195,188057,3159,208759,7045,396816,California
Sacramento,2021-03-23,11354,608774,6752,318130,3794,280835,808,9809,7248,192048,4063,212822,8054,404870,California
Sacramento,2021-03-24,11860,620634,7259,325389,3972,284807,629,10438,6714,194328,5063,217885,7343,412213,California
Sacramento,2021-03-25,14165,634799,8338,333727,4989,289796,838,11276,8511,198064,5608,223493,9344,421557,California
Sacramento,2021-03-26,18300,653099,8933,342660,8854,298650,513,11789,9162,198671,9070,232563,9677,431234,California
Sacramento,2021-03-27,9685,662784,3577,346237,5820,304470,288,12077,5091,199484,4562,237125,5375,436609,California
Sacramento,2021-03-28,6528,669312,3219,349456,3060,307530,249,12326,2701,198621,3816,240941,2953,439562,California
Sacramento,2021-03-29,11054,680366,5899,355355,4762,312292,393,12719,4942,197873,6083,247024,5335,444897,California
Sacramento,2021-03-30,11846,692212,6063,361418,5379,317671,404,13123,5989,198433,5833,252857,6393,451290,California
Sacramento,2021-03-31,13435,705647,7852,369270,5177,322848,406,13529,5563,196552,7844,260701,5963,457253,California
Sacramento,2021-04-01,17473,723120,10476,379746,6761,329609,236,13765,7332,194030,10095,270796,7573,464826,California
Sacramento,2021-04-02,17137,740257,9697,389443,6697,336306,743,14508,9004,195675,8101,278897,9746,474572,California
Sacramento,2021-04-03,10457,750714,6243,395686,3664,339970,550,15058,6418,198630,4008,282905,6963,481535,California
Sacramento,2021-04-04,3726,754440,1535,397221,1989,341959,202,15260,1447,198001,2273,285178,1644,483179,California
Sacramento,2021-04-05,12047,766487,7564,404785,3651,345610,832,16092,5372,197562,6638,291816,6199,489378,California
Sacramento,2021-04-06,15649,782136,8857,413642,5450,351060,1342,17434,6919,197118,8698,300514,8254,497632,California
Sacramento,2021-04-07,14857,796993,8029,421671,5226,356286,1602,19036,7163,198218,7652,308166,8752,506384,California
Sacramento,2021-04-08,15055,812048,6770,428441,5305,361591,2980,22016,6007,198172,9012,317178,8966,515350,California
Sacramento,2021-04-09,18299,830347,9373,437814,6721,368312,2205,24221,7431,196969,10827,328005,9624,524974,California
Sacramento,2021-04-10,12877,843224,3838,441652,7820,376132,1219,25440,5351,196016,7496,335501,6543,531517,California
Sacramento,2021-04-11,10818,854042,4360,446012,6233,382365,225,25665,3866,193178,6928,342429,4090,535607,California
Sacramento,2021-04-12,13001,867043,5047,451059,6060,388425,1894,27559,4942,192002,7995,350424,6819,542426,California
Sacramento,2021-04-13,16268,883311,9950,461009,6313,394738,5,27564,7576,190927,8660,359084,7585,550011,California
Sacramento,2021-04-14,14981,898292,7978,468987,7001,401739,2,27566,5899,187778,9053,368137,5904,555915,California
Sacramento,2021-04-15,16403,914695,8431,477418,7969,409708,3,27569,6685,184789,9679,377816,6690,562605,California
Sacramento,2021-04-16,17512,932207,9682,487100,7830,417538,0,27569,7956,183243,9513,387329,7967,570572,California
Sacramento,2021-04-17,15324,947531,6156,493256,9168,426706,0,27569,11105,190155,4199,391528,11111,581683,California
Sacramento,2021-04-18,8442,955973,3066,496322,5376,432082,0,27569,3753,189240,4669,396197,3754,585437,California
Sacramento,2021-04-19,10587,966560,5723,502045,4859,436941,5,27574,4710,188107,5855,402052,4722,590159,California
Sacramento,2021-04-20,11107,977667,6742,508787,4362,441303,3,27577,5913,188856,5172,407224,5921,596080,California
Sacramento,2021-04-21,11489,989156,6644,515431,4843,446146,2,27579,6219,189832,5246,412470,6222,602302,California
Sacramento,2021-04-22,14827,1003983,9905,525336,4918,451064,4,27583,6818,188677,7979,420449,6824,609126,California
Sacramento,2021-04-23,15904,1019887,10009,535345,5895,456959,0,27583,7378,187567,8490,428939,7380,616506,California
Sacramento,2021-04-24,11327,1031214,7008,542353,4318,461277,1,27584,5928,188135,5362,434301,5930,622436,California
Sacramento,2021-04-25,8006,1039220,4476,546829,3530,464807,0,27584,4170,188485,3821,438122,4171,626607,California
Sacramento,2021-04-26,10598,1049818,6608,553437,3966,468773,24,27608,5005,187953,5561,443683,5029,631636,California
Sacramento,2021-04-27,12036,1061854,7901,561338,3981,472754,154,27762,5910,187926,6093,449776,6066,637702,California
Sacramento,2021-04-28,10479,1072333,5848,567186,4425,477179,206,27968,5816,189320,4633,454409,6027,643729,California
Sacramento,2021-04-29,10859,1083192,7306,574492,3250,480429,303,28271,6000,190801,4823,459232,6304,650033,California
Sacramento,2021-04-30,12463,1095655,7820,582312,4382,484811,261,28532,5873,190391,6545,465777,6135,656168,California
Sacramento,2021-05-01,7590,1103245,5476,587788,1939,486750,175,28707,2762,188533,4793,470570,2935,659103,California
Sacramento,2021-05-02,4993,1108238,4299,592087,543,487293,151,28858,2226,188166,2742,473312,2375,661478,California
Sacramento,2021-05-03,9117,1117355,7293,599380,1546,488839,278,29136,3972,187290,5122,478434,4246,665724,California
Sacramento,2021-05-04,9375,1126730,5701,605081,3364,492203,310,29446,3782,185830,5550,483984,4090,669814,California
Sacramento,2021-05-05,11064,1137794,5986,611067,4616,496819,462,29908,4513,184292,6506,490490,4968,674782,California
Sacramento,2021-05-06,11218,1149012,6208,617275,4702,501521,308,30216,4623,182951,6267,496757,4926,679708,California
Sacramento,2021-05-07,10617,1159629,6174,623449,4072,505593,371,30587,4470,181696,6097,502854,4842,684550,California
Sacramento,2021-05-08,8226,1167855,3810,627259,4187,509780,229,30816,2712,179154,5476,508330,2934,687484,California
Sacramento,2021-05-09,3145,1171000,1652,628911,1379,511159,114,30930,1174,178482,1960,510290,1288,688772,California
Sacramento,2021-05-10,8079,1179079,3736,632647,4074,515233,269,31199,1977,174659,6071,516361,2248,691020,California
Sacramento,2021-05-11,8281,1187360,5157,637804,2865,518098,259,31458,2886,172441,5363,521724,3145,694165,California
Sacramento,2021-05-12,8551,1195911,5145,642949,3153,521251,253,31711,3041,170258,5475,527199,3292,697457,California
Sacramento,2021-05-13,11672,1207583,7457,650406,3940,525191,275,31986,4461,167821,7172,534371,4735,702192,California
Sacramento,2021-05-14,12200,1219783,6911,657317,5001,530192,288,32274,5042,166047,7103,541474,5329,707521,California
Sacramento,2021-05-15,13088,1232871,7907,665224,5037,535229,144,32418,5799,164732,7254,548728,5939,713460,California
Sacramento,2021-05-16,7866,1240737,4121,669345,3632,538861,113,32531,2149,161302,5694,554422,2264,715724,California
Sacramento,2021-05-17,10380,1251117,6299,675644,3790,542651,291,32822,3970,159190,6376,560798,4264,719988,California
Sacramento,2021-05-18,9694,1260811,6082,681726,3403,546054,209,33031,3681,157113,5971,566769,3894,723882,California
Sacramento,2021-05-19,9745,1270556,6233,687959,3249,549303,263,33294,4514,156707,5189,571958,4783,728665,California
Sacramento,2021-05-20,10125,1280681,6673,694632,3191,552494,261,33555,3849,154592,6226,578184,4111,732776,California
Sacramento,2021-05-21,10664,1291345,6794,701426,3546,556040,324,33879,4552,153404,6070,584254,4882,737658,California
Sacramento,2021-05-22,7388,1298733,4581,706007,2636,558676,171,34050,3338,152897,4019,588273,3512,741170,California
Sacramento,2021-05-23,4160,1302893,2861,708868,1197,559873,102,34152,1916,152691,2225,590498,2019,743189,California
Sacramento,2021-05-24,7653,1310546,4569,713437,2754,562627,330,34482,2394,150197,5216,595714,2722,745911,California
Sacramento,2021-05-25,6661,1317207,3860,717297,2507,565134,294,34776,2383,148622,4250,599964,2675,748586,California
Sacramento,2021-05-26,8479,1325686,4695,721992,3454,568588,330,35106,2810,146139,5619,605583,3136,751722,California
Sacramento,2021-05-27,6652,1332338,3636,725628,2774,571362,242,35348,2965,145697,3649,609232,3207,754929,California
Sacramento,2021-05-28,8236,1340574,4575,730203,3290,574652,371,35719,3497,144864,4701,613933,3868,758797,California
Sacramento,2021-05-29,4377,1344951,2674,732877,1547,576199,156,35875,2231,145127,2123,616056,2386,761183,California
Sacramento,2021-05-30,1654,1346605,1040,733917,575,576774,39,35914,762,145043,885,616941,801,761984,California
Sacramento,2021-05-31,879,1347484,440,734357,426,577200,13,35927,312,144801,567,617508,325,762309,California
Sacramento,2021-06-01,6931,1354415,4173,738530,2552,579752,206,36133,2681,143476,4209,621717,2884,765193,California
Sacramento,2021-06-02,6075,1360490,3348,741878,2513,582265,214,36347,2319,142296,3711,625428,2531,767724,California
Sacramento,2021-06-03,7415,1367905,5053,746931,2180,584445,182,36529,2247,139596,5128,630556,2428,770152,California
Sacramento,2021-06-04,7013,1374918,4499,751430,2304,586749,210,36739,2278,137379,4705,635261,2488,772640,California
Sacramento,2021-06-05,6157,1381075,4528,755958,1490,588239,139,36878,1792,134972,4336,639597,1929,774569,California
Sacramento,2021-06-06,2338,1383413,1830,757788,452,588691,56,36934,792,134280,1540,641137,848,775417,California
Sacramento,2021-06-07,5544,1388957,3884,761672,1481,590172,179,37113,1600,132137,3918,645055,1775,777192,California
Sacramento,2021-06-08,5344,1394301,3663,765335,1503,591675,178,37291,1787,130574,3531,648586,1968,779160,California
Sacramento,2021-06-09,6134,1400435,4267,769602,1682,593357,185,37476,1619,127916,4462,653048,1804,780964,California
Sacramento,2021-06-10,5373,1405808,3453,773055,1723,595080,197,37673,1687,126162,3639,656687,1885,782849,California
Sacramento,2021-06-11,7525,1413333,5212,778267,2119,597199,194,37867,2063,122989,5429,662116,2256,785105,California
Sacramento,2021-06-12,4666,1417999,3034,781301,1514,598713,118,37985,1276,121011,3372,665488,1394,786499,California
Sacramento,2021-06-13,1903,1419902,1400,782701,463,599176,40,38025,416,119991,1475,666963,455,786954,California
Sacramento,2021-06-14,4281,1424183,2779,785480,1344,600520,158,38183,1393,118669,2870,669833,1548,788502,California
Sacramento,2021-06-15,4873,1429056,2949,788429,1700,602220,224,38407,1721,117477,3136,672969,1944,790446,California
Sacramento,2021-06-16,4316,1433372,2891,791320,1210,603430,215,38622,1520,116434,2771,675740,1728,792174,California
Sacramento,2021-06-17,2111,1435483,1242,792562,753,604183,116,38738,700,115847,1401,677141,814,792988,California
San Benito,2020-12-16,29,29,29,29,0,0,0,0,29,29,0,0,29,29,California
San Benito,2020-12-17,47,76,47,76,0,0,0,0,47,76,0,0,47,76,California
San Benito,2020-12-18,73,149,73,149,0,0,0,0,73,149,0,0,73,149,California
San Benito,2020-12-19,46,195,46,195,0,0,0,0,46,195,0,0,46,195,California
San Benito,2020-12-20,23,218,23,218,0,0,0,0,23,218,0,0,23,218,California
San Benito,2020-12-21,79,297,79,297,0,0,0,0,79,297,0,0,79,297,California
San Benito,2020-12-22,102,399,102,399,0,0,0,0,102,399,0,0,102,399,California
San Benito,2020-12-23,85,484,74,473,11,11,0,0,85,484,0,0,85,484,California
San Benito,2020-12-24,12,496,5,478,7,18,0,0,12,496,0,0,12,496,California
San Benito,2020-12-25,3,499,3,481,0,18,0,0,3,499,0,0,3,499,California
San Benito,2020-12-26,12,511,4,485,8,26,0,0,12,511,0,0,12,511,California
San Benito,2020-12-27,9,520,8,493,1,27,0,0,9,520,0,0,9,520,California
San Benito,2020-12-28,64,584,37,530,27,54,0,0,64,584,0,0,64,584,California
San Benito,2020-12-29,50,634,20,550,30,84,0,0,50,634,0,0,50,634,California
San Benito,2020-12-30,60,694,38,588,22,106,0,0,60,694,0,0,60,694,California
San Benito,2020-12-31,17,711,2,590,15,121,0,0,17,711,0,0,17,711,California
San Benito,2021-01-02,23,734,22,612,1,122,0,0,23,734,0,0,23,734,California
San Benito,2021-01-03,3,737,1,613,2,124,0,0,3,737,0,0,3,737,California
San Benito,2021-01-04,61,798,24,637,37,161,0,0,61,798,0,0,61,798,California
San Benito,2021-01-05,119,917,37,674,82,243,0,0,116,911,3,3,116,914,California
San Benito,2021-01-06,102,1019,42,716,60,303,0,0,87,983,15,18,87,1001,California
San Benito,2021-01-07,105,1124,67,783,38,341,0,0,53,984,52,70,53,1054,California
San Benito,2021-01-08,184,1308,89,872,95,436,0,0,120,1040,64,134,120,1174,California
San Benito,2021-01-09,44,1352,32,904,12,448,0,0,30,1056,14,148,30,1204,California
San Benito,2021-01-10,15,1367,13,917,2,450,0,0,5,1051,10,158,5,1209,California
San Benito,2021-01-11,174,1541,109,1026,65,515,0,0,72,1021,102,260,72,1281,California
San Benito,2021-01-12,162,1703,57,1083,105,620,0,0,122,1103,40,300,122,1403,California
San Benito,2021-01-13,243,1946,70,1153,173,793,0,0,193,1246,50,350,193,1596,California
San Benito,2021-01-14,135,2081,25,1178,110,903,0,0,115,1341,20,370,115,1711,California
San Benito,2021-01-15,218,2299,21,1199,197,1100,0,0,204,1531,14,384,204,1915,California
San Benito,2021-01-16,26,2325,8,1207,18,1118,0,0,21,1547,5,389,21,1936,California
San Benito,2021-01-17,10,2335,4,1211,6,1124,0,0,8,1553,2,391,8,1944,California
San Benito,2021-01-18,36,2371,22,1233,14,1138,0,0,21,1559,15,406,21,1965,California
San Benito,2021-01-19,153,2524,66,1299,87,1225,0,0,125,1656,28,434,125,2090,California
San Benito,2021-01-20,278,2802,96,1395,182,1407,0,0,231,1841,46,480,231,2321,California
San Benito,2021-01-21,127,2929,33,1428,94,1501,0,0,103,1920,24,504,103,2424,California
San Benito,2021-01-22,238,3167,19,1447,219,1720,0,0,228,2138,10,514,228,2652,California
San Benito,2021-01-23,28,3195,15,1462,13,1733,0,0,12,2134,16,530,12,2664,California
San Benito,2021-01-24,8,3203,3,1465,5,1738,0,0,4,2134,4,534,4,2668,California
San Benito,2021-01-25,65,3268,24,1489,41,1779,0,0,19,2107,46,580,19,2687,California
San Benito,2021-01-26,138,3406,41,1530,97,1876,0,0,85,2139,53,633,85,2772,California
San Benito,2021-01-27,232,3638,70,1600,162,2038,0,0,191,2289,41,674,191,2963,California
San Benito,2021-01-28,150,3788,31,1631,119,2157,0,0,122,2384,27,701,122,3085,California
San Benito,2021-01-29,298,4086,35,1666,263,2420,0,0,272,2631,25,726,272,3357,California
San Benito,2021-01-30,52,4138,33,1699,19,2439,0,0,28,2635,24,750,28,3385,California
San Benito,2021-01-31,15,4153,4,1703,11,2450,0,0,10,2640,5,755,10,3395,California
San Benito,2021-02-01,134,4287,28,1731,106,2556,0,0,92,2690,42,797,92,3487,California
San Benito,2021-02-02,230,4517,49,1780,181,2737,0,0,138,2736,92,889,138,3625,California
San Benito,2021-02-03,343,4860,44,1824,299,3036,0,0,273,2939,70,959,273,3898,California
San Benito,2021-02-04,168,5028,25,1849,143,3179,0,0,122,3015,46,1005,122,4020,California
San Benito,2021-02-05,302,5330,43,1892,259,3438,0,0,237,3187,65,1070,237,4257,California
San Benito,2021-02-06,49,5379,8,1900,41,3479,0,0,33,3204,16,1086,33,4290,California
San Benito,2021-02-07,18,5397,8,1908,10,3489,0,0,17,3220,1,1087,17,4307,California
San Benito,2021-02-08,139,5536,15,1923,124,3613,0,0,92,3265,47,1134,92,4399,California
San Benito,2021-02-09,326,5862,61,1984,265,3878,0,0,193,3325,133,1267,193,4592,California
San Benito,2021-02-10,323,6185,88,2072,235,4113,0,0,114,3231,208,1475,114,4706,California
San Benito,2021-02-11,301,6486,32,2104,269,4382,0,0,200,3330,101,1576,200,4906,California
San Benito,2021-02-12,421,6907,31,2135,390,4772,0,0,213,3336,207,1783,213,5119,California
San Benito,2021-02-13,58,6965,6,2141,52,4824,0,0,47,3372,11,1794,47,5166,California
San Benito,2021-02-14,41,7006,5,2146,36,4860,0,0,31,3393,10,1804,31,5197,California
San Benito,2021-02-15,110,7116,10,2156,100,4960,0,0,99,3481,11,1815,99,5296,California
San Benito,2021-02-16,211,7327,11,2167,200,5160,0,0,106,3483,105,1920,107,5403,California
San Benito,2021-02-17,335,7662,32,2199,303,5463,0,0,285,3718,50,1970,285,5688,California
San Benito,2021-02-18,294,7956,40,2239,254,5717,0,0,69,3562,225,2195,69,5757,California
San Benito,2021-02-19,354,8310,50,2289,304,6021,0,0,183,3574,171,2366,183,5940,California
San Benito,2021-02-20,47,8357,24,2313,23,6044,0,0,37,3601,10,2376,37,5977,California
San Benito,2021-02-21,24,8381,11,2324,13,6057,0,0,17,3611,7,2383,17,5994,California
San Benito,2021-02-22,131,8512,31,2355,100,6157,0,0,96,3673,34,2417,96,6090,California
San Benito,2021-02-23,376,8888,94,2449,282,6439,0,0,261,3819,115,2532,261,6351,California
San Benito,2021-02-24,388,9276,72,2521,316,6755,0,0,248,3927,140,2672,248,6599,California
San Benito,2021-02-25,397,9673,70,2591,327,7082,0,0,274,4076,125,2797,274,6873,California
San Benito,2021-02-26,663,10336,76,2667,587,7669,0,0,412,4237,251,3048,412,7285,California
San Benito,2021-02-27,114,10450,46,2713,68,7737,0,0,95,4313,19,3067,95,7380,California
San Benito,2021-02-28,255,10705,30,2743,225,7962,0,0,244,4546,11,3078,244,7624,California
San Benito,2021-03-01,232,10937,60,2803,172,8134,0,0,161,4635,72,3150,161,7785,California
San Benito,2021-03-02,286,11223,93,2896,193,8327,0,0,215,4779,71,3221,215,8000,California
San Benito,2021-03-03,409,11632,63,2959,346,8673,0,0,232,4836,175,3396,232,8232,California
San Benito,2021-03-04,622,12254,128,3087,479,9152,15,15,437,5092,185,3581,441,8673,California
San Benito,2021-03-05,595,12849,312,3399,271,9423,12,27,378,5267,215,3796,390,9063,California
San Benito,2021-03-06,205,13054,74,3473,117,9540,14,41,152,5380,53,3849,166,9229,California
San Benito,2021-03-07,644,13698,599,4072,22,9562,23,64,611,5981,33,3882,634,9863,California
San Benito,2021-03-08,291,13989,67,4139,177,9739,47,111,168,6073,123,4005,215,10078,California
San Benito,2021-03-09,431,14420,87,4226,245,9984,99,210,143,6001,287,4292,215,10293,California
San Benito,2021-03-10,411,14831,121,4347,194,10178,96,306,235,6156,176,4468,331,10624,California
San Benito,2021-03-11,477,15308,124,4471,198,10376,155,461,209,6252,268,4736,364,10988,California
San Benito,2021-03-12,525,15833,123,4594,308,10684,94,555,230,6284,293,5029,325,11313,California
San Benito,2021-03-13,201,16034,99,4693,83,10767,19,574,128,6361,70,5099,147,11460,California
San Benito,2021-03-14,231,16265,39,4732,172,10939,20,594,179,6509,51,5150,199,11659,California
San Benito,2021-03-15,325,16590,98,4830,208,11147,19,613,193,6589,132,5282,212,11871,California
San Benito,2021-03-16,508,17098,223,5053,253,11400,32,645,354,6819,154,5436,384,12255,California
San Benito,2021-03-17,805,17903,483,5536,300,11700,22,667,566,7164,235,5671,580,12835,California
San Benito,2021-03-18,789,18692,534,6070,202,11902,53,720,575,7570,213,5884,619,13454,California
San Benito,2021-03-19,778,19470,405,6475,349,12251,24,744,573,7961,205,6089,596,14050,California
San Benito,2021-03-20,247,19717,152,6627,84,12335,11,755,186,8097,61,6150,197,14247,California
San Benito,2021-03-21,111,19828,58,6685,49,12384,4,759,82,8154,29,6179,86,14333,California
San Benito,2021-03-22,357,20185,176,6861,156,12540,25,784,225,8272,132,6311,250,14583,California
San Benito,2021-03-23,482,20667,203,7064,269,12809,10,794,223,8245,259,6570,232,14815,California
San Benito,2021-03-24,586,21253,311,7375,268,13077,7,801,360,8387,225,6795,367,15182,California
San Benito,2021-03-25,752,22005,448,7823,300,13377,4,805,449,8541,299,7094,453,15635,California
San Benito,2021-03-26,1034,23039,532,8355,498,13875,4,809,342,8196,691,7785,346,15981,California
San Benito,2021-03-27,350,23389,198,8553,119,13994,33,842,223,8325,127,7912,256,16237,California
San Benito,2021-03-28,731,24120,603,9156,122,14116,6,848,132,7864,599,8511,138,16375,California
San Benito,2021-03-29,343,24463,109,9265,214,14330,20,868,142,7824,201,8712,161,16536,California
San Benito,2021-03-30,596,25059,284,9549,215,14545,97,965,303,7931,293,9005,400,16936,California
San Benito,2021-03-31,606,25665,374,9923,208,14753,24,989,344,8040,259,9264,368,17304,California
San Benito,2021-04-01,964,26629,387,10310,537,15290,40,1029,570,8251,393,9657,604,17908,California
San Benito,2021-04-02,542,27171,261,10571,145,15435,136,1165,268,8382,273,9930,404,18312,California
San Benito,2021-04-03,261,27432,87,10658,109,15544,65,1230,74,8334,187,10117,139,18451,California
San Benito,2021-04-04,142,27574,106,10764,30,15574,6,1236,104,8406,38,10155,110,18561,California
San Benito,2021-04-05,364,27938,175,10939,146,15720,43,1279,152,8388,212,10367,194,18755,California
San Benito,2021-04-06,469,28407,163,11102,125,15845,181,1460,159,8417,310,10677,339,19094,California
San Benito,2021-04-07,952,29359,528,11630,232,16077,192,1652,267,8193,683,11360,459,19553,California
San Benito,2021-04-08,866,30225,431,12061,181,16258,254,1906,225,8032,640,12000,479,20032,California
San Benito,2021-04-09,853,31078,504,12565,256,16514,93,1999,296,7866,556,12556,390,20422,California
San Benito,2021-04-10,360,31438,217,12782,80,16594,63,2062,201,7971,159,12715,264,20686,California
San Benito,2021-04-11,479,31917,275,13057,169,16763,35,2097,272,8050,207,12922,286,20972,California
San Benito,2021-04-12,543,32460,288,13345,136,16899,119,2216,282,8187,260,13182,397,21369,California
San Benito,2021-04-13,753,33213,294,13639,436,17335,23,2239,522,8503,230,13412,546,21915,California
San Benito,2021-04-14,851,34064,670,14309,181,17516,0,2239,401,8460,444,13856,401,22316,California
San Benito,2021-04-15,961,35025,748,15057,212,17728,1,2240,483,8468,477,14333,485,22801,California
San Benito,2021-04-16,710,35735,371,15428,327,18055,12,2252,299,8372,408,14741,312,23113,California
San Benito,2021-04-17,323,36058,226,15654,97,18152,0,2252,130,8307,195,14936,130,23243,California
San Benito,2021-04-18,505,36563,422,16076,83,18235,0,2252,244,8292,261,15197,246,23489,California
San Benito,2021-04-19,746,37309,598,16674,148,18383,0,2252,425,8399,320,15517,427,23916,California
San Benito,2021-04-20,788,38097,414,17088,372,18755,2,2254,497,8611,286,15803,498,24414,California
San Benito,2021-04-21,964,39061,707,17795,257,19012,0,2254,527,8715,423,16226,527,24941,California
San Benito,2021-04-22,909,39970,692,18487,217,19229,0,2254,572,8958,329,16555,572,25513,California
San Benito,2021-04-23,638,40608,401,18888,236,19465,1,2255,347,9062,243,16798,347,25860,California
San Benito,2021-04-24,363,40971,200,19088,163,19628,0,2255,169,9076,155,16953,169,26029,California
San Benito,2021-04-25,204,41175,127,19215,77,19705,0,2255,94,9078,92,17045,94,26123,California
San Benito,2021-04-26,497,41672,394,19609,103,19808,0,2255,261,9164,175,17220,261,26384,California
San Benito,2021-04-27,558,42230,283,19892,267,20075,8,2263,411,9446,137,17357,419,26803,California
San Benito,2021-04-28,557,42787,391,20283,157,20232,9,2272,395,9692,157,17514,403,27206,California
San Benito,2021-04-29,634,43421,235,20518,390,20622,9,2281,256,9596,378,17892,282,27488,California
San Benito,2021-04-30,379,43800,209,20727,162,20784,8,2289,205,9637,172,18064,213,27701,California
San Benito,2021-05-01,205,44005,149,20876,47,20831,9,2298,67,9577,136,18200,76,27777,California
San Benito,2021-05-02,193,44198,165,21041,24,20855,4,2302,58,9504,135,18335,62,27839,California
San Benito,2021-05-03,369,44567,289,21330,70,20925,10,2312,92,9331,277,18612,104,27943,California
San Benito,2021-05-04,404,44971,243,21573,153,21078,8,2320,150,9236,252,18864,157,28100,California
San Benito,2021-05-05,609,45580,426,21999,166,21244,17,2337,210,9067,396,19260,227,28327,California
San Benito,2021-05-06,623,46203,493,22492,114,21358,16,2353,224,8912,395,19655,240,28567,California
San Benito,2021-05-07,454,46657,285,22777,158,21516,11,2364,176,8824,276,19931,188,28755,California
San Benito,2021-05-08,278,46935,224,23001,48,21564,6,2370,155,8862,123,20054,161,28916,California
San Benito,2021-05-09,104,47039,78,23079,23,21587,3,2373,48,8857,56,20110,51,28967,California
San Benito,2021-05-10,421,47460,330,23409,67,21654,24,2397,53,8567,368,20478,78,29045,California
San Benito,2021-05-11,825,48285,414,23823,395,22049,16,2413,184,8129,639,21117,201,29246,California
San Benito,2021-05-12,497,48782,391,24214,93,22142,13,2426,116,7879,380,21497,130,29376,California
San Benito,2021-05-13,693,49475,591,24805,91,22233,11,2437,178,7555,512,22009,188,29564,California
San Benito,2021-05-14,597,50072,443,25248,147,22380,7,2444,231,7428,365,22374,238,29802,California
San Benito,2021-05-15,229,50301,172,25420,51,22431,6,2450,127,7459,102,22476,133,29935,California
San Benito,2021-05-16,170,50471,141,25561,27,22458,2,2452,93,7477,77,22553,95,30030,California
San Benito,2021-05-17,389,50860,313,25874,66,22524,10,2462,177,7454,210,22763,187,30217,California
San Benito,2021-05-18,683,51543,360,26234,318,22842,5,2467,213,7203,470,23233,219,30436,California
San Benito,2021-05-19,576,52119,418,26652,150,22992,8,2475,230,7095,346,23579,238,30674,California
San Benito,2021-05-20,596,52715,468,27120,117,23109,11,2486,314,7139,281,23860,325,30999,California
San Benito,2021-05-21,476,53191,280,27400,179,23288,17,2503,217,7116,257,24117,234,31233,California
San Benito,2021-05-22,299,53490,224,27624,70,23358,5,2508,182,7189,115,24232,188,31421,California
San Benito,2021-05-23,92,53582,54,27678,34,23392,4,2512,34,7168,58,24290,37,31458,California
San Benito,2021-05-24,302,53884,254,27932,41,23433,7,2519,186,7245,116,24406,193,31651,California
San Benito,2021-05-25,527,54411,242,28174,278,23711,7,2526,172,7071,353,24759,179,31830,California
San Benito,2021-05-26,313,54724,193,28367,113,23824,7,2533,131,7027,181,24940,137,31967,California
San Benito,2021-05-27,412,55136,315,28682,74,23898,23,2556,153,6947,259,25199,179,32146,California
San Benito,2021-05-28,289,55425,176,28858,106,24004,7,2563,111,6888,177,25376,118,32264,California
San Benito,2021-05-29,146,55571,124,28982,20,24024,2,2565,62,6868,84,25460,64,32328,California
San Benito,2021-05-30,268,55839,253,29235,15,24039,0,2565,93,6787,174,25634,93,32421,California
San Benito,2021-05-31,101,55940,88,29323,11,24050,2,2567,44,6777,56,25690,46,32467,California
San Benito,2021-06-01,269,56209,122,29445,121,24171,26,2593,99,6732,169,25859,124,32591,California
San Benito,2021-06-02,324,56533,245,29690,77,24248,2,2595,120,6652,203,26062,123,32714,California
San Benito,2021-06-03,341,56874,291,29981,44,24292,6,2601,134,6588,204,26266,140,32854,California
San Benito,2021-06-04,272,57146,202,30183,70,24362,0,2601,88,6493,183,26449,88,32942,California
San Benito,2021-06-05,92,57238,74,30257,17,24379,1,2602,19,6441,72,26521,20,32962,California
San Benito,2021-06-06,60,57298,49,30306,8,24387,3,2605,15,6414,45,26566,18,32980,California
San Benito,2021-06-07,337,57635,297,30603,35,24422,5,2610,87,6258,248,26814,92,33072,California
San Benito,2021-06-08,308,57943,217,30820,76,24498,15,2625,98,6162,209,27023,113,33185,California
San Benito,2021-06-09,243,58186,187,31007,48,24546,8,2633,72,6071,171,27194,80,33265,California
San Benito,2021-06-10,360,58546,330,31337,23,24569,7,2640,72,5865,285,27479,79,33344,California
San Benito,2021-06-11,258,58804,230,31567,20,24589,8,2648,91,5798,166,27645,99,33443,California
San Benito,2021-06-12,158,58962,144,31711,10,24599,4,2652,48,5755,95,27740,52,33495,California
San Benito,2021-06-13,51,59013,39,31750,10,24609,2,2654,16,5745,28,27768,18,33513,California
San Benito,2021-06-14,172,59185,146,31896,24,24633,2,2656,59,5694,112,27880,61,33574,California
San Benito,2021-06-15,219,59404,126,32022,87,24720,6,2662,76,5636,141,28021,83,33657,California
San Benito,2021-06-16,205,59609,162,32184,29,24749,14,2676,71,5588,133,28154,85,33742,California
San Benito,2021-06-17,142,59751,112,32296,11,24760,19,2695,46,5558,96,28250,66,33808,California
San Bernardino,2020-12-15,13,13,13,13,0,0,0,0,13,13,0,0,13,13,California
San Bernardino,2020-12-16,114,127,114,127,0,0,0,0,114,127,0,0,114,127,California
San Bernardino,2020-12-17,2377,2504,2377,2504,0,0,0,0,2377,2504,0,0,2377,2504,California
San Bernardino,2020-12-18,3168,5672,3165,5669,3,3,0,0,3169,5673,0,0,3169,5673,California
San Bernardino,2020-12-19,1078,6750,1077,6746,1,4,0,0,1079,6752,0,0,1079,6752,California
San Bernardino,2020-12-20,1178,7928,1175,7921,3,7,0,0,1178,7930,0,0,1178,7930,California
San Bernardino,2020-12-21,2469,10397,2463,10384,6,13,0,0,2469,10399,0,0,2469,10399,California
San Bernardino,2020-12-22,2288,12685,2158,12542,130,143,0,0,2288,12687,0,0,2288,12687,California
San Bernardino,2020-12-23,2682,15367,1477,14019,1205,1348,0,0,2681,15368,0,0,2681,15368,California
San Bernardino,2020-12-24,1172,16539,593,14612,579,1927,0,0,1172,16539,1,1,1172,16540,California
San Bernardino,2020-12-25,74,16613,14,14626,60,1987,0,0,74,16613,0,1,74,16614,California
San Bernardino,2020-12-26,461,17074,253,14879,208,2195,0,0,461,17074,0,1,461,17075,California
San Bernardino,2020-12-27,348,17422,161,15040,187,2382,0,0,347,17420,1,2,347,17422,California
San Bernardino,2020-12-28,1583,19005,717,15757,866,3248,0,0,1584,19004,0,2,1584,19006,California
San Bernardino,2020-12-29,2227,21232,1048,16805,1179,4427,0,0,2227,21231,0,2,2227,21233,California
San Bernardino,2020-12-30,2899,24131,1458,18263,1441,5868,0,0,2899,24130,0,2,2899,24132,California
San Bernardino,2020-12-31,1375,25506,441,18704,934,6802,0,0,1373,25503,0,2,1373,25505,California
San Bernardino,2021-01-01,285,25791,152,18856,133,6935,0,0,284,25787,0,2,284,25789,California
San Bernardino,2021-01-02,483,26274,342,19198,141,7076,0,0,483,26270,0,2,483,26272,California
San Bernardino,2021-01-03,137,26411,86,19284,51,7127,0,0,137,26407,0,2,137,26409,California
San Bernardino,2021-01-04,2144,28555,1299,20583,845,7972,0,0,2143,28550,0,2,2143,28552,California
San Bernardino,2021-01-05,2340,30895,1463,22046,877,8849,0,0,2231,30673,108,110,2231,30783,California
San Bernardino,2021-01-06,3463,34358,2368,24414,1095,9944,0,0,2961,33139,496,606,2962,33745,California
San Bernardino,2021-01-07,5449,39807,4523,28937,926,10870,0,0,2493,32695,2937,3543,2493,36238,California
San Bernardino,2021-01-08,5377,45184,4452,33389,925,11795,0,0,2288,31900,3084,6627,2289,38527,California
San Bernardino,2021-01-09,1405,46589,1101,34490,304,12099,0,0,904,32303,501,7128,904,39431,California
San Bernardino,2021-01-10,1022,47611,596,35086,426,12525,0,0,575,32431,447,7575,575,40006,California
San Bernardino,2021-01-11,4988,52599,4084,39170,904,13429,0,0,2763,32973,2221,9796,2763,42769,California
San Bernardino,2021-01-12,4247,56846,3220,42390,1027,14456,0,0,2515,33760,1728,11524,2515,45284,California
San Bernardino,2021-01-13,4608,61454,2871,45261,1737,16193,0,0,3369,35902,1228,12752,3370,48654,California
San Bernardino,2021-01-14,4840,66294,2851,48112,1989,18182,0,0,4248,39562,588,13340,4248,52902,California
San Bernardino,2021-01-15,6044,72338,3014,51126,3030,21212,0,0,5645,44819,391,13731,5648,58550,California
San Bernardino,2021-01-16,2263,74601,1292,52418,971,22183,0,0,2119,46794,144,13875,2119,60669,California
San Bernardino,2021-01-17,1179,75780,505,52923,674,22857,0,0,1096,47809,82,13957,1097,61766,California
San Bernardino,2021-01-18,4273,80053,2641,55564,1632,24489,0,0,3653,50844,620,14577,3655,65421,California
San Bernardino,2021-01-19,6352,86405,3729,59293,2623,27112,0,0,5254,55004,1096,15673,5256,70677,California
San Bernardino,2021-01-20,6889,93294,3788,63081,3101,30213,0,0,4924,57974,1956,17629,4926,75603,California
San Bernardino,2021-01-21,6033,99327,3106,66187,2927,33140,0,0,4907,61769,1118,18747,4913,80516,California
San Bernardino,2021-01-22,6566,105893,3073,69260,3493,36633,0,0,5839,66884,725,19472,5840,86356,California
San Bernardino,2021-01-23,3129,109022,1902,71162,1227,37860,0,0,2735,69226,393,19865,2735,89091,California
San Bernardino,2021-01-24,1201,110223,462,71624,739,38599,0,0,1097,70219,104,19969,1097,90188,California
San Bernardino,2021-01-25,6907,117130,3416,75040,3491,42090,0,0,5056,73430,1848,21817,5059,95247,California
San Bernardino,2021-01-26,7058,124188,3494,78534,3564,45654,0,0,4944,76261,2114,23931,4945,100192,California
San Bernardino,2021-01-27,8567,132755,4170,82704,4397,50051,0,0,5740,79182,2819,26750,5740,105932,California
San Bernardino,2021-01-28,8617,141372,4084,86788,4533,54584,0,0,6280,83130,2332,29082,6280,112212,California
San Bernardino,2021-01-29,8233,149605,3783,90571,4450,59034,0,0,6243,87403,1976,31058,6249,118461,California
San Bernardino,2021-01-30,3094,152699,1890,92461,1204,60238,0,0,2801,89914,291,31349,2802,121263,California
San Bernardino,2021-01-31,929,153628,491,92952,438,60676,0,0,874,90734,54,31403,874,122137,California
San Bernardino,2021-02-01,7591,161219,4252,97204,3339,64015,0,0,4952,93051,2636,34039,4953,127090,California
San Bernardino,2021-02-02,10475,171694,3659,100863,6816,70831,0,0,8408,99397,2063,36102,8409,135499,California
San Bernardino,2021-02-03,9034,180728,4161,105024,4873,75704,0,0,6525,103421,2502,38604,6526,142025,California
San Bernardino,2021-02-04,10523,191251,5173,110197,5350,81054,0,0,7419,107747,3093,41697,7419,149444,California
San Bernardino,2021-02-05,11069,202320,5943,116140,5126,86180,0,0,7500,111691,3557,45254,7501,156945,California
San Bernardino,2021-02-06,5288,207608,2219,118359,3069,89249,0,0,3652,113734,1612,46866,3655,160600,California
San Bernardino,2021-02-07,842,208450,491,118850,351,89600,0,0,466,113828,373,47239,467,161067,California
San Bernardino,2021-02-08,7321,215771,3906,122756,3415,93015,0,0,5645,117798,1675,48914,5645,166712,California
San Bernardino,2021-02-09,10186,225957,5930,128686,4256,97271,0,0,6870,121357,3314,52228,6873,173585,California
San Bernardino,2021-02-10,12126,238083,6482,135168,5644,102915,0,0,7997,125234,4121,56349,7998,181583,California
San Bernardino,2021-02-11,12497,250580,7173,142341,5324,108239,0,0,7957,128679,4515,60864,7960,189543,California
San Bernardino,2021-02-12,10436,261016,5967,148308,4469,112708,0,0,5683,129626,4736,65600,5683,195226,California
San Bernardino,2021-02-13,6056,267072,4042,152350,2014,114722,0,0,3803,131197,2237,67837,3808,199034,California
San Bernardino,2021-02-14,1558,268630,653,153003,905,115627,0,0,879,131404,672,68509,879,199913,California
San Bernardino,2021-02-15,5490,274120,3000,156003,2490,118117,0,0,3071,132068,2407,70916,3071,202984,California
San Bernardino,2021-02-16,12596,286716,7340,163343,5256,123373,0,0,7970,135426,4613,75529,7971,210955,California
San Bernardino,2021-02-17,11832,298548,6479,169822,5353,128726,0,0,7155,137926,4657,80186,7157,218112,California
San Bernardino,2021-02-18,12506,311054,7599,177421,4907,133633,0,0,7712,140859,4780,84966,7713,225825,California
San Bernardino,2021-02-19,11570,322624,5970,183391,5600,139233,0,0,6836,142981,4714,89680,6836,232661,California
San Bernardino,2021-02-20,4531,327155,3475,186866,1056,140289,0,0,2047,142551,2479,92159,2049,234710,California
San Bernardino,2021-02-21,1148,328303,689,187555,459,140748,0,0,405,142213,743,92902,405,235115,California
San Bernardino,2021-02-22,8699,337002,5356,192911,3343,144091,0,0,4053,141632,4635,97537,4054,239169,California
San Bernardino,2021-02-23,9180,346182,5454,198365,3726,147817,0,0,4638,141753,4517,102054,4638,243807,California
San Bernardino,2021-02-24,12493,358675,7190,205555,5303,153120,0,0,6183,141647,6290,108344,6184,249991,California
San Bernardino,2021-02-25,13161,371836,6322,211877,6839,159959,0,0,7673,143853,5470,113814,7676,257667,California
San Bernardino,2021-02-26,13642,385478,6396,218273,7246,167205,0,0,7598,145473,5981,119795,7601,265268,California
San Bernardino,2021-02-27,6683,392161,3740,222013,2942,170147,1,1,4819,148441,1853,121648,4821,270089,California
San Bernardino,2021-02-28,1781,393942,743,222756,1038,171185,0,1,1139,148946,634,122282,1139,271228,California
San Bernardino,2021-03-01,8489,402431,4377,227133,4108,175293,4,5,3860,148215,4603,126885,3872,275100,California
San Bernardino,2021-03-02,13909,416340,5566,232699,8343,183636,0,5,6558,147456,7320,134205,6561,281661,California
San Bernardino,2021-03-03,13094,429434,6662,239361,6429,190065,3,8,6188,146770,6884,141089,6198,287859,California
San Bernardino,2021-03-04,13984,443418,6956,246317,7027,197092,1,9,6087,144987,7875,148964,6092,293951,California
San Bernardino,2021-03-05,14462,457880,7548,253865,6913,204005,1,10,7048,144672,7382,156346,7067,301018,California
San Bernardino,2021-03-06,9769,467649,5472,259337,4072,208077,225,235,4563,144270,5188,161534,4786,305804,California
San Bernardino,2021-03-07,1675,469324,1015,260352,589,208666,71,306,1056,144780,617,162151,1127,306931,California
San Bernardino,2021-03-08,8135,477459,3600,263952,4364,213030,171,477,3618,144064,4508,166659,3792,310723,California
San Bernardino,2021-03-09,13107,490566,7482,271434,5374,218404,251,728,5283,141789,7809,174468,5534,316257,California
San Bernardino,2021-03-10,14253,504819,7865,279299,5831,224235,557,1285,6386,140894,7840,182308,6945,323202,California
San Bernardino,2021-03-11,15655,520474,7254,286553,6809,231044,1592,2877,7405,141659,8227,190535,8992,332194,California
San Bernardino,2021-03-12,15590,536064,6954,293507,6590,237634,2046,4923,7371,142931,8188,198723,9460,341654,California
San Bernardino,2021-03-13,8434,544498,4588,298095,3320,240954,526,5449,5000,145035,3423,202146,5527,347181,California
San Bernardino,2021-03-14,3311,547809,1681,299776,1047,242001,583,6032,1848,146004,1456,203602,2425,349606,California
San Bernardino,2021-03-15,11455,559264,5396,305172,4027,246028,2032,8064,5629,147846,5811,209413,7653,357259,California
San Bernardino,2021-03-16,16271,575535,8053,313225,7277,253305,941,9005,9940,152420,6303,215716,10877,368136,California
San Bernardino,2021-03-17,17497,593032,8703,321928,8045,261350,749,9754,10610,156911,6868,222584,11359,379495,California
San Bernardino,2021-03-18,16702,609734,8269,330197,8047,269397,386,10140,9868,160356,6807,229391,10252,389747,California
San Bernardino,2021-03-19,17038,626772,8447,338644,7992,277389,599,10739,9779,163554,7231,236622,10429,400176,California
San Bernardino,2021-03-20,9512,636284,5999,344643,2916,280305,597,11336,5636,165931,3850,240472,6227,406403,California
San Bernardino,2021-03-21,2814,639098,2289,346932,473,280778,52,11388,2265,167712,536,241008,2317,408720,California
San Bernardino,2021-03-22,9662,648760,4543,351475,4681,285459,438,11826,7002,172513,2639,243647,7440,416160,California
San Bernardino,2021-03-23,15563,664323,8827,360302,6114,291573,622,12448,9626,176846,5914,249561,10247,426407,California
San Bernardino,2021-03-24,15226,679549,7846,368148,7074,298647,306,12754,10095,182153,5095,254656,10402,436809,California
San Bernardino,2021-03-25,17096,696645,8385,376533,8406,307053,305,13059,10820,187048,6224,260880,11119,447928,California
San Bernardino,2021-03-26,18254,714899,8688,385221,8796,315849,770,13829,10912,191420,7309,268189,11681,459609,California
San Bernardino,2021-03-27,10897,725796,7034,392255,3104,318953,759,14588,6207,193714,4670,272859,6964,466573,California
San Bernardino,2021-03-28,3650,729446,2566,394821,970,319923,114,14702,2531,195249,1109,273968,2644,469217,California
San Bernardino,2021-03-29,11828,741274,6143,400964,5284,325207,401,15103,7980,199801,3829,277797,8381,477598,California
San Bernardino,2021-03-30,17031,758305,9501,410465,6813,332020,717,15820,10546,204607,6448,284245,11254,488852,California
San Bernardino,2021-03-31,16638,774943,9374,419839,6626,338646,638,16458,10887,210411,5718,289963,11522,500374,California
San Bernardino,2021-04-01,19897,794840,10508,430347,7959,346605,1430,17888,12756,217494,7094,297057,14177,514551,California
San Bernardino,2021-04-02,18951,813791,9547,439894,8112,354717,1292,19180,11451,222806,7471,304528,12783,527334,California
San Bernardino,2021-04-03,11201,824992,7005,446899,3057,357774,1139,20319,6092,224940,5090,309618,7224,534558,California
San Bernardino,2021-04-04,2513,827505,1510,448409,752,358526,251,20570,1269,225224,1236,310854,1520,536078,California
San Bernardino,2021-04-05,11828,839333,5318,453727,4772,363298,1738,22308,6029,227209,5776,316630,7761,543839,California
San Bernardino,2021-04-06,19823,859156,11151,464878,6550,369848,2122,24430,10466,230475,9310,325940,12576,556415,California
San Bernardino,2021-04-07,21099,880255,11283,476161,7324,377172,2492,26922,11507,234898,9562,335502,13985,570400,California
San Bernardino,2021-04-08,22050,902305,11284,487445,8137,385309,2629,29551,12123,239741,9898,345400,14741,585141,California
San Bernardino,2021-04-09,21900,924205,11154,498599,8164,393473,2582,32133,11914,244277,9947,355347,14483,599624,California
San Bernardino,2021-04-10,15806,940011,8183,506782,3882,397355,3741,35874,7835,247890,7947,363294,11560,611184,California
San Bernardino,2021-04-11,4472,944483,2600,509382,897,398252,975,36849,2043,248478,2423,365717,3011,614195,California
San Bernardino,2021-04-12,13536,958019,6256,515638,5613,403865,1667,38516,6404,249434,7109,372826,8065,622260,California
San Bernardino,2021-04-13,19489,977508,11126,526764,8344,412209,19,38535,11174,252342,8286,381112,11194,633454,California
San Bernardino,2021-04-14,19503,997011,10435,537199,9065,421274,3,38538,11002,254887,8466,389578,11011,644465,California
San Bernardino,2021-04-15,20574,1017585,11515,548714,9053,430327,6,38544,10950,256265,9584,399162,10962,655427,California
San Bernardino,2021-04-16,18860,1036445,10711,559425,8148,438475,1,38545,9273,256006,9542,408704,9283,664710,California
San Bernardino,2021-04-17,12060,1048505,7951,567376,4109,442584,0,38545,6312,256620,5709,414413,6323,671033,California
San Bernardino,2021-04-18,2950,1051455,2034,569410,916,443500,0,38545,1305,256294,1633,416046,1307,672340,California
San Bernardino,2021-04-19,12628,1064083,6734,576144,5894,449394,0,38545,4913,253526,7690,423736,4922,677262,California
San Bernardino,2021-04-20,17706,1081789,9860,586004,7843,457237,3,38548,8088,252036,9591,433327,8101,685363,California
San Bernardino,2021-04-21,18180,1099969,10363,596367,7814,465051,3,38551,7968,249859,10150,443477,7973,693336,California
San Bernardino,2021-04-22,19266,1119235,10997,607364,8265,473316,4,38555,7828,246306,11385,454862,7832,701168,California
San Bernardino,2021-04-23,18542,1137777,10604,617968,7937,481253,1,38556,8060,243936,10433,465295,8063,709231,California
San Bernardino,2021-04-24,12896,1150673,9514,627482,3380,484633,2,38558,6932,244923,5947,471242,6934,716165,California
San Bernardino,2021-04-25,3416,1154089,2234,629716,1182,485815,0,38558,1675,244873,1726,472968,1676,717841,California
San Bernardino,2021-04-26,11155,1165244,6003,635719,5062,490877,90,38648,4774,243394,6341,479309,4862,722703,California
San Bernardino,2021-04-27,16545,1181789,9960,645679,6374,497251,211,38859,6792,240686,9709,489018,7001,729704,California
San Bernardino,2021-04-28,14748,1196537,8749,654428,5722,502973,277,39136,5283,236798,9439,498457,5551,735255,California
San Bernardino,2021-04-29,16255,1212792,9339,663767,6647,509620,269,39405,5381,231606,10838,509295,5646,740901,California
San Bernardino,2021-04-30,16592,1229384,10466,674233,5846,515466,280,39685,6103,227537,10450,519745,6381,747282,California
San Bernardino,2021-05-01,10798,1240182,8447,682680,2035,517501,316,40001,3724,224504,7068,526813,4035,751317,California
San Bernardino,2021-05-02,2937,1243119,2119,684799,687,518188,131,40132,1043,223791,1885,528698,1172,752489,California
San Bernardino,2021-05-03,10054,1253173,5764,690563,3886,522074,404,40536,2897,219948,7143,535841,3300,755789,California
San Bernardino,2021-05-04,15712,1268885,9553,700116,5706,527780,453,40989,4567,213863,11102,546943,5017,760806,California
San Bernardino,2021-05-05,15348,1284233,8830,708946,6107,533887,411,41400,4318,207604,10983,557926,4724,765530,California
San Bernardino,2021-05-06,15812,1300045,9012,717958,6388,540275,412,41812,4292,200826,11480,569406,4702,770232,California
San Bernardino,2021-05-07,15477,1315522,8686,726644,6417,546692,374,42186,4634,195044,10786,580192,5004,775236,California
San Bernardino,2021-05-08,9269,1324791,6142,732786,2859,549551,268,42454,3157,192390,6078,586270,3424,778660,California
San Bernardino,2021-05-09,1826,1326617,1128,733914,609,550160,89,42543,729,192118,1090,587360,818,779478,California
San Bernardino,2021-05-10,7467,1334084,3422,737336,3729,553889,316,42859,2285,189576,5139,592499,2597,782075,California
San Bernardino,2021-05-11,12165,1346249,6717,744053,5097,558986,351,43210,3839,185481,8286,600785,4191,786266,California
San Bernardino,2021-05-12,12666,1358915,6875,750928,5476,564462,315,43525,3749,180670,8870,609655,4059,790325,California
San Bernardino,2021-05-13,13236,1372151,7972,758900,4920,569382,344,43869,5206,178228,7987,617642,5545,795870,California
San Bernardino,2021-05-14,13651,1385802,9059,767959,4261,573643,331,44200,5694,176345,7907,625549,6024,801894,California
San Bernardino,2021-05-15,11278,1397080,8361,776320,2730,576373,187,44387,4533,174346,6713,632262,4714,806608,California
San Bernardino,2021-05-16,2785,1399865,2053,778373,670,577043,62,44449,1311,174263,1455,633717,1372,807980,California
San Bernardino,2021-05-17,10041,1409906,6767,785140,2983,580026,291,44740,4517,173577,5491,639208,4805,812785,California
San Bernardino,2021-05-18,13440,1423346,8824,793964,4368,584394,248,44988,6047,172506,7362,646570,6291,819076,California
San Bernardino,2021-05-19,11518,1434864,7200,801164,3941,588335,377,45365,5333,172062,6149,652719,5705,824781,California
San Bernardino,2021-05-20,11567,1446431,6914,808078,4339,592674,314,45679,5196,171238,6332,659051,5508,830289,California
San Bernardino,2021-05-21,12616,1459047,8362,816440,3875,596549,379,46058,5488,170027,7075,666126,5864,836153,California
San Bernardino,2021-05-22,8876,1467923,6641,823081,2027,598576,208,46266,4248,169899,4580,670706,4452,840605,California
San Bernardino,2021-05-23,2295,1470218,1417,824498,786,599362,92,46358,1090,169884,1196,671902,1181,841786,California
San Bernardino,2021-05-24,6603,1476821,4136,828634,2164,601526,303,46661,2892,169410,3669,675571,3195,844981,California
San Bernardino,2021-05-25,9281,1486102,5690,834324,3335,604861,256,46917,4136,168690,5112,680683,4392,849373,California
San Bernardino,2021-05-26,8186,1494288,5195,839519,2742,607603,249,47166,3792,168368,4359,685042,4037,853410,California
San Bernardino,2021-05-27,7610,1501898,4616,844135,2759,610362,235,47401,3490,168012,4080,689122,3724,857134,California
San Bernardino,2021-05-28,8774,1510672,5460,849595,3044,613406,270,47671,4404,168356,4328,693450,4672,861806,California
San Bernardino,2021-05-29,5014,1515686,3337,852932,1562,614968,115,47786,2629,168732,2367,695817,2743,864549,California
San Bernardino,2021-05-30,1754,1517440,1236,854168,435,615403,83,47869,906,168878,842,696659,988,865537,California
San Bernardino,2021-05-31,893,1518333,566,854734,311,615714,16,47885,322,168649,567,697226,338,865875,California
San Bernardino,2021-06-01,8591,1526924,5542,860276,2807,618521,242,48127,3513,167380,5022,702248,3753,869628,California
San Bernardino,2021-06-02,6807,1533731,4286,864562,2283,620804,238,48365,2963,166768,3811,706059,3199,872827,California
San Bernardino,2021-06-03,7911,1541642,5344,869906,2382,623186,185,48550,2770,164606,5117,711176,2955,875782,California
San Bernardino,2021-06-04,9067,1550709,6146,876052,2631,625817,290,48840,3263,162399,5758,716934,3551,879333,California
San Bernardino,2021-06-05,6502,1557211,4964,881016,1413,627230,125,48965,2336,160713,4144,721078,2458,881791,California
San Bernardino,2021-06-06,2015,1559226,1679,882695,272,627502,64,49029,845,160460,1162,722240,909,882700,California
San Bernardino,2021-06-07,6200,1565426,4831,887526,1157,628659,212,49241,1987,158466,4190,726430,2196,884896,California
San Bernardino,2021-06-08,8396,1573822,6101,893627,2079,630738,216,49457,2745,155838,5585,732015,2957,887853,California
San Bernardino,2021-06-09,6964,1580786,4971,898598,1816,632554,177,49634,2294,153685,4623,736638,2470,890323,California
San Bernardino,2021-06-10,7056,1587842,5012,903610,1850,634404,194,49828,2231,151334,4778,741416,2427,892750,California
San Bernardino,2021-06-11,8013,1595855,5658,909268,2131,636535,224,50052,2894,149372,5078,746494,3116,895866,California
San Bernardino,2021-06-12,5888,1601743,4657,913925,1116,637651,115,50167,1740,147102,4125,750619,1855,897721,California
San Bernardino,2021-06-13,1471,1603214,1042,914967,359,638010,70,50237,421,146546,1046,751665,490,898211,California
San Bernardino,2021-06-14,4811,1608025,3489,918456,1128,639138,194,50431,1872,145696,2914,754579,2064,900275,California
San Bernardino,2021-06-15,7071,1615096,5006,923462,1827,640965,238,50669,2549,144004,4473,759052,2781,903056,California
San Bernardino,2021-06-16,6049,1621145,4298,927760,1545,642510,206,50875,2210,142621,3799,762851,2416,905472,California
San Bernardino,2021-06-17,2452,1623597,1709,929469,643,643153,100,50975,886,142061,1544,764395,984,906456,California
San Diego,2020-12-15,120,120,120,120,0,0,0,0,120,120,0,0,120,120,California
San Diego,2020-12-16,1106,1226,1106,1226,0,0,0,0,1106,1226,0,0,1106,1226,California
San Diego,2020-12-17,2350,3576,2350,3576,0,0,0,0,2350,3576,0,0,2350,3576,California
San Diego,2020-12-18,3674,7250,3673,7249,1,1,0,0,3674,7250,0,0,3674,7250,California
San Diego,2020-12-19,2312,9562,2312,9561,0,1,0,0,2312,9562,0,0,2312,9562,California
San Diego,2020-12-20,1193,10755,1192,10753,1,2,0,0,1193,10755,0,0,1193,10755,California
San Diego,2020-12-21,3529,14284,3527,14280,2,4,0,0,3529,14284,0,0,3529,14284,California
San Diego,2020-12-22,4071,18355,3426,17706,645,649,0,0,4071,18355,0,0,4071,18355,California
San Diego,2020-12-23,3182,21537,1979,19685,1203,1852,0,0,3182,21537,0,0,3182,21537,California
San Diego,2020-12-24,2742,24279,2224,21909,518,2370,0,0,2742,24279,0,0,2742,24279,California
San Diego,2020-12-25,877,25156,876,22785,1,2371,0,0,877,25156,0,0,877,25156,California
San Diego,2020-12-26,3296,28452,2146,24931,1150,3521,0,0,3296,28452,0,0,3296,28452,California
San Diego,2020-12-27,2516,30968,1622,26553,894,4415,0,0,2515,30966,1,1,2515,30967,California
San Diego,2020-12-28,5921,36889,4234,30787,1687,6102,0,0,5921,36887,0,1,5921,36888,California
San Diego,2020-12-29,5585,42474,3010,33797,2575,8677,0,0,5585,42472,0,1,5585,42473,California
San Diego,2020-12-30,5954,48428,3106,36903,2848,11525,0,0,5954,48426,0,1,5954,48427,California
San Diego,2020-12-31,3044,51472,1056,37959,1988,13513,0,0,3044,51470,0,1,3044,51471,California
San Diego,2021-01-01,1007,52479,454,38413,553,14066,0,0,1007,52477,0,1,1007,52478,California
San Diego,2021-01-02,3748,56227,1304,39717,2444,16510,0,0,3748,56225,0,1,3748,56226,California
San Diego,2021-01-03,858,57085,633,40350,225,16735,0,0,857,57082,0,1,857,57083,California
San Diego,2021-01-04,3711,60796,2057,42407,1654,18389,0,0,3704,60786,0,1,3704,60787,California
San Diego,2021-01-05,4384,65180,2187,44594,2197,20586,0,0,3768,63954,612,613,3780,64567,California
San Diego,2021-01-06,4946,70126,2290,46884,2656,23242,0,0,3712,66459,1211,1824,3716,68283,California
San Diego,2021-01-07,5670,75796,2986,49870,2684,25926,0,0,3506,67817,2157,3981,3515,71798,California
San Diego,2021-01-08,7868,83664,4943,54813,2925,28851,0,0,4078,68141,3773,7754,4097,75895,California
San Diego,2021-01-09,3499,87163,1941,56754,1558,30409,0,0,1948,68561,1539,9293,1959,77854,California
San Diego,2021-01-10,1882,89045,1295,58049,587,30996,0,0,775,68251,1095,10388,785,78639,California
San Diego,2021-01-11,10347,99392,5865,63914,4482,35478,0,0,6811,71552,3529,13917,6830,85469,California
San Diego,2021-01-12,11208,110600,5317,69231,5891,41369,0,0,7823,76113,3376,17293,7937,93406,California
San Diego,2021-01-13,11517,122117,5058,74289,6459,47828,0,0,8963,82560,2542,19835,8989,102395,California
San Diego,2021-01-14,12372,134489,4749,79038,7623,55451,0,0,10198,90629,2166,22001,10235,112630,California
San Diego,2021-01-15,15138,149627,5356,84394,9782,65233,0,0,12482,100531,2637,24638,12539,125169,California
San Diego,2021-01-16,10780,160407,3593,87987,7187,72420,0,0,9333,108454,1442,26080,9365,134534,California
San Diego,2021-01-17,8690,169097,2499,90486,6191,78611,0,0,7849,115482,841,26921,7869,142403,California
San Diego,2021-01-18,12885,181982,6319,96805,6566,85177,0,0,10031,122754,2822,29743,10094,152497,California
San Diego,2021-01-19,14612,196594,5678,102483,8934,94111,0,0,11491,131403,3111,32854,11760,164257,California
San Diego,2021-01-20,18337,214931,6393,108876,11944,106055,0,0,14999,143273,3318,36172,15188,179445,California
San Diego,2021-01-21,17311,232242,5784,114660,11527,117582,0,0,15920,157955,1382,37554,16064,195509,California
San Diego,2021-01-22,17585,249827,4653,119313,12932,130514,0,0,15547,171563,2024,39578,15632,211141,California
San Diego,2021-01-23,14486,264313,5271,124584,9215,139729,0,0,12123,181399,2352,41930,12188,223329,California
San Diego,2021-01-24,11862,276175,3300,127884,8562,148291,0,0,10885,191352,975,42905,10928,234257,California
San Diego,2021-01-25,12258,288433,5782,133666,6476,154767,0,0,9232,197724,3018,45923,9390,243647,California
San Diego,2021-01-26,15140,303573,7841,141507,7299,162066,0,0,11744,206263,3394,49317,11933,255580,California
San Diego,2021-01-27,20577,324150,7928,149435,12649,174715,0,0,17549,220940,3019,52336,17696,273276,California
San Diego,2021-01-28,21302,345452,7634,157069,13668,188383,0,0,19019,237778,2272,54608,19110,292386,California
San Diego,2021-01-29,19644,365096,6379,163448,13265,201648,0,0,17193,252584,2441,57049,17247,309633,California
San Diego,2021-01-30,15825,380921,3577,167025,12248,213896,0,0,13136,263142,2679,59728,13237,322870,California
San Diego,2021-01-31,14775,395696,5719,172744,9056,222952,0,0,14414,277232,358,60086,14448,337318,California
San Diego,2021-02-01,20846,416542,7542,180286,13304,236256,0,0,17284,291053,3549,63635,17370,354688,California
San Diego,2021-02-02,22921,439463,8374,188660,14547,250803,0,0,19645,307600,3267,66902,19814,374502,California
San Diego,2021-02-03,27444,466907,11533,200193,15911,266714,0,0,23123,326618,4302,71204,23320,397822,California
San Diego,2021-02-04,24162,491069,9793,209986,14369,281083,0,0,19524,341811,4621,75825,19814,417636,California
San Diego,2021-02-05,24883,515952,8839,218825,16044,297127,0,0,18179,353781,6679,82504,18649,436285,California
San Diego,2021-02-06,20761,536713,8535,227360,12226,309353,0,0,17509,368266,3249,85753,17734,454019,California
San Diego,2021-02-07,12142,548855,5377,232737,6765,316118,0,0,10257,376908,1874,87627,10516,464535,California
San Diego,2021-02-08,20121,568976,8518,241255,11603,327721,0,0,12657,382809,7453,95080,13354,477889,California
San Diego,2021-02-09,20504,589480,8327,249582,12177,339898,0,0,13188,389786,7295,102375,14272,492161,California
San Diego,2021-02-10,22971,612451,9331,258913,13640,353538,0,0,13833,395923,9083,111458,15220,507381,California
San Diego,2021-02-11,23859,636310,10185,269098,13674,367212,0,0,12765,399321,11066,122524,14464,521845,California
San Diego,2021-02-12,23828,660138,7430,276528,16398,383610,0,0,11848,401495,11962,134486,14136,535981,California
San Diego,2021-02-13,20028,680166,9018,285546,11010,394620,0,0,10890,404463,9131,143617,12099,548080,California
San Diego,2021-02-14,11192,691358,7432,292978,3760,398380,0,0,6317,407430,4871,148488,7838,555918,California
San Diego,2021-02-15,15253,706611,7740,300718,7513,405893,0,0,7800,410871,7431,155919,10872,566790,California
San Diego,2021-02-16,19305,725916,11276,311994,8029,413922,0,0,9214,413001,10079,165998,12209,578999,California
San Diego,2021-02-17,23421,749337,11002,322996,12419,426341,0,0,8111,408913,15296,181294,11208,590207,California
San Diego,2021-02-18,23581,772918,12007,335003,11574,437915,0,0,7759,404961,15811,197105,11859,602066,California
San Diego,2021-02-19,15997,788915,11000,346003,4997,442912,0,0,6631,404302,9348,206453,8689,610755,California
San Diego,2021-02-20,10272,799187,6364,352367,3908,446820,0,0,5789,407537,4480,210933,7715,618470,California
San Diego,2021-02-21,11578,810765,10164,362531,1414,448234,0,0,5177,407846,6395,217328,6704,625174,California
San Diego,2021-02-22,12462,823227,10597,373128,1865,450099,0,0,5749,408547,6707,224035,7408,632582,California
San Diego,2021-02-23,25862,849089,14479,387607,11383,461482,0,0,9599,407807,16253,240288,15513,648095,California
San Diego,2021-02-24,28955,878044,12759,400366,16196,477678,0,0,6824,399980,22111,262399,14284,662379,California
San Diego,2021-02-25,33192,911236,14708,415074,18484,496162,0,0,10081,395406,23089,285488,18515,680894,California
San Diego,2021-02-26,33495,944731,12404,427478,21091,517253,0,0,12099,393273,21366,306854,19233,700127,California
San Diego,2021-02-27,21244,965975,9681,437159,11563,528816,0,0,11424,399173,9814,316668,15714,715841,California
San Diego,2021-02-28,15281,981256,9985,447144,5296,534112,0,0,9507,405703,5773,322441,12303,728144,California
San Diego,2021-03-01,24258,1005514,14317,461461,9939,544051,2,2,14711,414834,9469,331910,18600,746744,California
San Diego,2021-03-02,26177,1031691,14088,475549,12089,556140,0,2,12729,420842,13436,345346,19444,766188,California
San Diego,2021-03-03,34045,1065736,15966,491515,18076,574216,3,5,14055,421870,19969,365315,20997,787185,California
San Diego,2021-03-04,28316,1094052,14111,505626,14205,588421,0,5,12584,425527,15710,381025,19367,806552,California
San Diego,2021-03-05,29004,1123056,14911,520537,14011,602432,82,87,13491,430354,15487,396512,20314,826866,California
San Diego,2021-03-06,23428,1146484,9585,530122,13142,615574,701,788,10320,432983,13097,409609,15726,842592,California
San Diego,2021-03-07,18233,1164717,9324,539446,8338,623912,571,1359,6905,432814,11318,420927,11149,853741,California
San Diego,2021-03-08,23120,1187837,11245,550691,10966,634878,909,2268,11448,438421,11650,432577,17257,870998,California
San Diego,2021-03-09,25889,1213726,11968,562659,12162,647040,1759,4027,10102,438453,15771,448348,15803,886801,California
San Diego,2021-03-10,25524,1239250,10778,573437,12348,659388,2398,6425,10063,439570,15446,463794,16563,903364,California
San Diego,2021-03-11,28602,1267852,10994,584431,14009,673397,3599,10024,9902,438382,18675,482469,17487,920851,California
San Diego,2021-03-12,27276,1295128,9564,593995,14573,687970,3139,13163,9959,437891,17305,499774,16814,937665,California
San Diego,2021-03-13,26217,1321345,7276,601271,17147,705117,1794,14957,10106,437870,16104,515878,16083,953748,California
San Diego,2021-03-14,13879,1335224,5497,606768,7643,712760,739,15696,4795,436672,9076,524954,7878,961626,California
San Diego,2021-03-15,22056,1357280,10185,616953,11087,723847,784,16480,9021,436574,13020,537974,12922,974548,California
San Diego,2021-03-16,30012,1387292,15796,632749,13805,737652,411,16891,15718,441510,14271,552245,19207,993755,California
San Diego,2021-03-17,26355,1413647,12271,645020,13364,751016,720,17611,16789,451530,9550,561795,19570,1013325,California
San Diego,2021-03-18,31542,1445189,17823,662843,12795,763811,924,18535,17015,456518,14491,576286,19479,1032804,California
San Diego,2021-03-19,30394,1475583,14422,677265,14922,778733,1050,19585,19419,467239,10955,587241,21676,1054480,California
San Diego,2021-03-20,27937,1503520,8477,685742,17656,796389,1804,21389,21449,485129,6477,593718,24367,1078847,California
San Diego,2021-03-21,16588,1520108,12113,697855,3758,800147,717,22106,7699,486008,8875,602593,9754,1088601,California
San Diego,2021-03-22,22583,1542691,13166,711021,9131,809278,286,22392,14344,495180,8228,610821,17400,1106001,California
San Diego,2021-03-23,26007,1568698,13643,724664,12079,821357,285,22677,17107,505738,8885,619706,19443,1125444,California
San Diego,2021-03-24,29608,1598306,19792,744456,9424,830781,392,23069,17093,512788,12501,632207,19551,1144995,California
San Diego,2021-03-25,30428,1628734,18332,762788,11405,842186,691,23760,17995,521187,12417,644624,20816,1165811,California
San Diego,2021-03-26,32193,1660927,17963,780751,13655,855841,575,24335,17501,527440,14665,659289,20918,1186729,California
San Diego,2021-03-27,25561,1686488,11086,791837,14083,869924,392,24727,15713,535977,9832,669121,18369,1205098,California
San Diego,2021-03-28,15117,1701605,9270,801107,5790,875714,57,24784,9283,540971,5826,674947,10820,1215918,California
San Diego,2021-03-29,26772,1728377,12944,814051,13191,888905,637,25421,16451,550208,10310,685257,19547,1235465,California
San Diego,2021-03-30,33307,1761684,17948,831999,14565,903470,794,26215,22037,563613,11256,696513,24661,1260126,California
San Diego,2021-03-31,30502,1792186,18809,850808,10981,914451,712,26927,20638,576224,9848,706361,22459,1282585,California
San Diego,2021-04-01,34375,1826561,20077,870885,12795,927246,1503,28430,23248,591197,11106,717467,26079,1308664,California
San Diego,2021-04-02,35848,1862409,20708,891593,12328,939574,2812,31242,24120,607862,11710,729177,28375,1337039,California
San Diego,2021-04-03,30948,1893357,14494,906087,11805,951379,4649,35891,19725,622236,11210,740387,25584,1362623,California
San Diego,2021-04-04,9099,1902456,5224,911311,2927,954306,948,36839,4817,623909,4276,744663,5949,1368572,California
San Diego,2021-04-05,29844,1932300,15455,926766,11711,966017,2678,39517,19404,638065,10425,755088,24581,1393153,California
San Diego,2021-04-06,38843,1971143,20439,947205,12457,978474,5947,45464,22340,651989,16486,771574,30410,1423563,California
San Diego,2021-04-07,35901,2007044,22019,969224,9296,987770,4586,50050,20318,662552,15561,787135,26124,1449687,California
San Diego,2021-04-08,35297,2042341,21399,990623,9715,997485,4183,54233,21302,676656,13977,801112,28081,1477768,California
San Diego,2021-04-09,38472,2080813,22954,1013577,10295,1007780,5223,59456,20784,688368,17623,818735,29335,1507103,California
San Diego,2021-04-10,29239,2110052,11803,1025380,13414,1021194,4022,63478,15099,696403,14131,832866,22166,1529269,California
San Diego,2021-04-11,16268,2126320,10081,1035461,3871,1025065,2316,65794,7226,699927,9038,841904,12562,1541831,California
San Diego,2021-04-12,30942,2157262,12936,1048397,13673,1038738,4333,70127,17190,711407,13738,855642,25218,1567049,California
San Diego,2021-04-13,37279,2194541,17832,1066229,19411,1058149,36,70163,24786,726604,12470,868112,27667,1594716,California
San Diego,2021-04-14,33153,2227694,18987,1085216,14153,1072302,13,70176,17889,733635,15254,883366,22285,1617001,California
San Diego,2021-04-15,39681,2267375,20476,1105692,19200,1091502,5,70181,24130,745131,15529,898895,27025,1644026,California
San Diego,2021-04-16,33929,2301304,18661,1124353,15265,1106767,3,70184,19636,752945,14231,913126,22045,1666071,California
San Diego,2021-04-17,27989,2329293,13616,1137969,14373,1121140,0,70184,12368,752873,15528,928654,15456,1681527,California
San Diego,2021-04-18,14500,2343793,8914,1146883,5583,1126723,3,70187,6736,754831,7750,936404,9708,1691235,California
San Diego,2021-04-19,26646,2370439,13615,1160498,13030,1139753,1,70188,12495,754934,14132,950536,14235,1705470,California
San Diego,2021-04-20,39138,2409577,17862,1178360,21274,1161027,2,70190,19906,758604,19213,969749,22883,1728353,California
San Diego,2021-04-21,35092,2444669,20942,1199302,14150,1175177,0,70190,16984,760551,18072,987821,20019,1748372,California
San Diego,2021-04-22,44746,2489415,22977,1222279,21765,1196942,4,70194,22443,763783,22266,1010087,25498,1773870,California
San Diego,2021-04-23,42340,2531755,26046,1248325,16292,1213234,2,70196,15791,756248,26518,1036605,18983,1792853,California
San Diego,2021-04-24,34990,2566745,18875,1267200,16100,1229334,15,70211,15586,755664,19367,1055972,18783,1811636,California
San Diego,2021-04-25,12712,2579457,7729,1274929,4983,1234317,0,70211,5931,756201,6771,1062743,7308,1818944,California
San Diego,2021-04-26,33364,2612821,16699,1291628,16529,1250846,136,70347,11679,750886,21665,1084408,16350,1835294,California
San Diego,2021-04-27,44872,2657693,24651,1316279,19670,1270516,551,70898,19763,749320,25067,1109475,23501,1858795,California
San Diego,2021-04-28,38369,2696062,22638,1338917,15054,1285570,677,71575,17345,748611,20989,1130464,20280,1879075,California
San Diego,2021-04-29,38183,2734245,24304,1363221,13220,1298790,659,72234,15444,743732,22701,1153165,17822,1896897,California
San Diego,2021-04-30,38227,2772472,23155,1386376,13984,1312774,1088,73322,14957,738378,23233,1176398,17879,1914776,California
San Diego,2021-05-01,24379,2796851,10742,1397118,12992,1325766,645,73967,9561,735934,14809,1191207,12365,1927141,California
San Diego,2021-05-02,10727,2807578,7538,1404656,2602,1328368,587,74554,3276,732690,7447,1198654,4203,1931344,California
San Diego,2021-05-03,25356,2832934,12476,1417132,11719,1340087,1161,75715,9314,727951,16023,1214677,11284,1942628,California
San Diego,2021-05-04,32007,2864941,17650,1434782,13023,1353110,1334,77049,11535,721491,20446,1235123,13986,1956614,California
San Diego,2021-05-05,27760,2892701,17042,1451824,9426,1362536,1292,78341,10588,717181,17151,1252274,12841,1969455,California
San Diego,2021-05-06,28476,2921177,18838,1470662,8719,1371255,919,79260,10807,713757,17643,1269917,14219,1983674,California
San Diego,2021-05-07,29816,2950993,19530,1490192,9232,1380487,1054,80314,11069,708385,18711,1288628,13339,1997013,California
San Diego,2021-05-08,22909,2973902,10811,1501003,11343,1391830,755,81069,7257,702228,15630,1304258,9473,2006486,California
San Diego,2021-05-09,7563,2981465,5688,1506691,1467,1393297,408,81477,2661,700831,4896,1309154,3499,2009985,California
San Diego,2021-05-10,21715,3003180,8474,1515165,12409,1405706,832,82309,5919,693101,15770,1324924,8040,2018025,California
San Diego,2021-05-11,28306,3031486,11623,1526788,15863,1421569,820,83129,9908,687173,18376,1343300,12448,2030473,California
San Diego,2021-05-12,23188,3054674,12632,1539420,9674,1431243,882,84011,8655,683388,14508,1357808,10723,2041196,California
San Diego,2021-05-13,31514,3086188,19114,1558534,11770,1443013,630,84641,13214,681672,18246,1376054,16530,2057726,California
San Diego,2021-05-14,30847,3117035,19741,1578275,10258,1453271,848,85489,14081,681966,16730,1392784,17024,2074750,California
San Diego,2021-05-15,26276,3143311,16498,1594773,8947,1462218,831,86320,10922,679356,15303,1408087,12693,2087443,California
San Diego,2021-05-16,13323,3156634,10053,1604826,2698,1464916,572,86892,6670,680341,6643,1414730,7628,2095071,California
San Diego,2021-05-17,21476,3178110,13034,1617860,7682,1472598,760,87652,9003,678540,12438,1427168,10637,2105708,California
San Diego,2021-05-18,34271,3212381,19386,1637246,14009,1486607,876,88528,13384,673395,20855,1448023,15710,2121418,California
San Diego,2021-05-19,28573,3240954,17946,1655192,9816,1496423,811,89339,12192,671176,16352,1464375,14133,2135551,California
San Diego,2021-05-20,34828,3275782,19278,1674470,14720,1511143,830,90169,11803,662562,22995,1487370,14381,2149932,California
San Diego,2021-05-21,26996,3302778,17282,1691752,8709,1519852,1005,91174,10996,660039,15967,1503337,13444,2163376,California
San Diego,2021-05-22,21062,3323840,12085,1703837,7824,1527676,1153,92327,8632,658776,12410,1515747,11147,2174523,California
San Diego,2021-05-23,7299,3331139,5170,1709007,1810,1529486,319,92646,3498,659327,3779,1519526,4330,2178853,California
San Diego,2021-05-24,17711,3348850,9008,1718015,6796,1536282,1907,94553,6357,657110,11335,1530861,9118,2187971,California
San Diego,2021-05-25,24318,3373168,13251,1731266,9218,1545500,1849,96402,8606,653044,15682,1546543,11616,2199587,California
San Diego,2021-05-26,19230,3392398,10671,1741937,6536,1552036,2023,98425,6665,650230,12534,1559077,9720,2209307,California
San Diego,2021-05-27,20649,3413047,12056,1753993,6194,1558230,2399,100824,7028,647320,13604,1572681,10694,2220001,California
San Diego,2021-05-28,21369,3434416,13294,1767287,7354,1565584,721,101545,8511,645038,12842,1585523,10560,2230561,California
San Diego,2021-05-29,12082,3446498,7644,1774931,3934,1569518,504,102049,5255,644598,6814,1592337,6374,2236935,California
San Diego,2021-05-30,4725,3451223,3230,1778161,1108,1570626,387,102436,2072,644701,2648,1594985,2751,2239686,California
San Diego,2021-05-31,2611,3453834,1765,1779926,674,1571300,172,102608,881,644177,1726,1596711,1202,2240888,California
San Diego,2021-06-01,21369,3475203,11430,1791356,8296,1579596,1643,104251,6070,637693,15274,1611985,8790,2249678,California
San Diego,2021-06-02,17098,3492301,8841,1800197,6179,1585775,2078,106329,5601,634766,11473,1623458,8546,2258224,California
San Diego,2021-06-03,19282,3511583,12076,1812273,5395,1591170,1811,108140,5312,629132,13950,1637408,8316,2266540,California
San Diego,2021-06-04,19875,3531458,13897,1826170,5362,1596532,616,108756,5935,623842,13911,1651319,8621,2275161,California
San Diego,2021-06-05,15857,3547315,12068,1838238,2999,1599531,790,109546,4568,619036,11272,1662591,6466,2281627,California
San Diego,2021-06-06,5589,3552904,4560,1842798,713,1600244,316,109862,1756,618196,3825,1666416,2985,2284612,California
San Diego,2021-06-07,12843,3565747,8084,1850882,3408,1603652,1351,111213,3625,614864,9202,1675618,5870,2290482,California
San Diego,2021-06-08,20530,3586277,14531,1865413,4109,1607761,1890,113103,5144,607800,15374,1690992,8310,2298792,California
San Diego,2021-06-09,17120,3603397,11408,1876821,3754,1611515,1958,115061,4446,602756,12660,1703652,7616,2306408,California
San Diego,2021-06-10,17958,3621355,11955,1888776,3929,1615444,2074,117135,4474,597092,13459,1717111,7795,2314203,California
San Diego,2021-06-11,15872,3637227,10122,1898898,4384,1619828,1366,118501,4431,592524,11413,1728524,6845,2321048,California
San Diego,2021-06-12,11009,3648236,8443,1907341,2145,1621973,421,118922,3266,589235,7728,1736252,4439,2325487,California
San Diego,2021-06-13,4211,3652447,3148,1910489,848,1622821,215,119137,1069,587858,3136,1739388,1759,2327246,California
San Diego,2021-06-14,12685,3665132,7627,1918116,2861,1625682,2197,121334,3720,585656,8952,1748340,6750,2333996,California
San Diego,2021-06-15,17770,3682902,10317,1928433,4223,1629905,3230,124564,4816,581865,12943,1761283,9152,2343148,California
San Diego,2021-06-16,13580,3696482,8865,1937298,2762,1632667,1953,126517,4594,580259,8974,1770257,7368,2350516,California
San Diego,2021-06-17,7366,3703848,4284,1941582,917,1633584,2165,128682,2252,579929,5107,1775364,4777,2355293,California
San Francisco,2020-12-15,8,8,8,8,0,0,0,0,8,8,0,0,8,8,California
San Francisco,2020-12-16,232,240,232,240,0,0,0,0,232,240,0,0,232,240,California
San Francisco,2020-12-17,417,657,417,657,0,0,0,0,417,657,0,0,417,657,California
San Francisco,2020-12-18,911,1568,910,1567,1,1,0,0,911,1568,0,0,911,1568,California
San Francisco,2020-12-19,609,2177,609,2176,0,1,0,0,609,2177,0,0,609,2177,California
San Francisco,2020-12-20,482,2659,482,2658,0,1,0,0,482,2659,0,0,482,2659,California
San Francisco,2020-12-21,1163,3822,1163,3821,0,1,0,0,1163,3822,0,0,1163,3822,California
San Francisco,2020-12-22,1413,5235,1378,5199,35,36,0,0,1413,5235,0,0,1413,5235,California
San Francisco,2020-12-23,1363,6598,1062,6261,301,337,0,0,1363,6598,0,0,1363,6598,California
San Francisco,2020-12-24,847,7445,505,6766,342,679,0,0,847,7445,0,0,847,7445,California
San Francisco,2020-12-25,36,7481,29,6795,7,686,0,0,36,7481,0,0,36,7481,California
San Francisco,2020-12-26,252,7733,155,6950,97,783,0,0,252,7733,0,0,252,7733,California
San Francisco,2020-12-27,272,8005,58,7008,214,997,0,0,272,8005,0,0,272,8005,California
San Francisco,2020-12-28,1284,9289,693,7701,591,1588,0,0,1284,9289,0,0,1284,9289,California
San Francisco,2020-12-29,1259,10548,628,8329,631,2219,0,0,1259,10548,0,0,1259,10548,California
San Francisco,2020-12-30,1494,12042,782,9111,712,2931,0,0,1494,12042,0,0,1494,12042,California
San Francisco,2020-12-31,983,13025,415,9526,568,3499,0,0,982,13024,0,0,982,13024,California
San Francisco,2021-01-01,104,13129,77,9603,27,3526,0,0,104,13128,0,0,104,13128,California
San Francisco,2021-01-02,342,13471,306,9909,36,3562,0,0,342,13470,0,0,342,13470,California
San Francisco,2021-01-03,300,13771,106,10015,194,3756,0,0,299,13768,1,1,299,13769,California
San Francisco,2021-01-04,1846,15617,1359,11374,487,4243,0,0,1843,15608,3,4,1843,15612,California
San Francisco,2021-01-05,2238,17855,1421,12795,817,5060,0,0,2199,17770,39,43,2201,17813,California
San Francisco,2021-01-06,1881,19736,1171,13966,710,5770,0,0,1609,19110,270,313,1610,19423,California
San Francisco,2021-01-07,2079,21815,1211,15177,868,6638,0,0,1604,20242,472,785,1604,21027,California
San Francisco,2021-01-08,2346,24161,1647,16824,699,7337,0,0,1480,20861,861,1646,1480,22507,California
San Francisco,2021-01-09,1402,25563,904,17728,498,7835,0,0,891,21243,511,2157,893,23400,California
San Francisco,2021-01-10,923,26486,542,18270,381,8216,0,0,464,21249,458,2615,464,23864,California
San Francisco,2021-01-11,2518,29004,1876,20146,642,8858,0,0,1411,21552,1108,3723,1411,25275,California
San Francisco,2021-01-12,3112,32116,2071,22217,1041,9899,0,0,1904,22250,1208,4931,1906,27181,California
San Francisco,2021-01-13,2853,34969,1621,23838,1232,11131,0,0,2007,23411,846,5777,2007,29188,California
San Francisco,2021-01-14,2461,37430,1113,24951,1348,12479,0,0,1893,24736,568,6345,1893,31081,California
San Francisco,2021-01-15,2770,40200,1164,26115,1606,14085,0,0,2368,26708,400,6745,2372,33453,California
San Francisco,2021-01-16,2276,42476,974,27089,1302,15387,0,0,2106,28646,170,6915,2108,35561,California
San Francisco,2021-01-17,1948,44424,536,27625,1412,16799,0,0,1731,30160,217,7132,1731,37292,California
San Francisco,2021-01-18,1392,45816,606,28231,786,17585,0,0,1125,31020,266,7398,1126,38418,California
San Francisco,2021-01-19,2600,48416,1481,29712,1119,18704,0,0,1845,32110,755,8153,1845,40263,California
San Francisco,2021-01-20,2789,51205,1139,30851,1650,20354,0,0,2025,33374,762,8915,2026,42289,California
San Francisco,2021-01-21,3355,54560,949,31800,2406,22760,0,0,2515,35050,839,9754,2515,44804,California
San Francisco,2021-01-22,3227,57787,650,32450,2577,25337,0,0,2777,37379,448,10202,2777,47581,California
San Francisco,2021-01-23,3099,60886,613,33063,2486,27823,0,0,2725,39732,373,10575,2726,50307,California
San Francisco,2021-01-24,2440,63326,366,33429,2074,29897,0,0,2205,41705,232,10807,2205,52512,California
San Francisco,2021-01-25,4662,67988,1841,35270,2821,32718,0,0,3064,43175,1595,12402,3065,55577,California
San Francisco,2021-01-26,4761,72749,2188,37458,2573,35291,0,0,3106,44631,1652,14054,3108,58685,California
San Francisco,2021-01-27,4398,77147,1991,39449,2407,37698,0,0,3086,46407,1310,15364,3086,61771,California
San Francisco,2021-01-28,3804,80951,1570,41019,2234,39932,0,0,2631,47872,1167,16531,2632,64403,California
San Francisco,2021-01-29,4774,85725,1696,42715,3078,43010,0,0,3477,50060,1291,17822,3479,67882,California
San Francisco,2021-01-30,3830,89555,1858,44573,1972,44982,0,0,3366,52967,463,18285,3370,71252,California
San Francisco,2021-01-31,2370,91925,828,45401,1542,46524,0,0,2217,55033,152,18437,2218,73470,California
San Francisco,2021-02-01,3991,95916,1708,47109,2283,48807,0,0,2914,56871,1077,19514,2915,76385,California
San Francisco,2021-02-02,4529,100445,1809,48918,2720,51527,0,0,2931,58209,1593,21107,2931,79316,California
San Francisco,2021-02-03,5082,105527,2386,51304,2696,54223,0,0,3765,60660,1315,22422,3766,83082,California
San Francisco,2021-02-04,5045,110572,2433,53737,2612,56835,0,0,3872,63361,1171,23593,3872,86954,California
San Francisco,2021-02-05,6027,116599,3264,57001,2763,59598,0,0,4669,66675,1356,24949,4670,91624,California
San Francisco,2021-02-06,5563,122162,3747,60748,1816,61414,0,0,4661,70440,898,25847,4663,96287,California
San Francisco,2021-02-07,4430,126592,3281,64029,1149,62563,0,0,3850,73716,577,26424,3853,100140,California
San Francisco,2021-02-08,6876,133468,4756,68785,2120,64683,0,0,5638,78135,1222,27646,5641,105781,California
San Francisco,2021-02-09,6032,139500,4079,72864,1953,66636,0,0,4463,81030,1569,29215,4464,110245,California
San Francisco,2021-02-10,6959,146459,4253,77117,2706,69342,0,0,5144,84370,1807,31022,5147,115392,California
San Francisco,2021-02-11,6805,153264,4055,81172,2750,72092,0,0,4968,87509,1832,32854,4971,120363,California
San Francisco,2021-02-12,5378,158642,2717,83889,2661,74753,0,0,3530,89190,1849,34703,3530,123893,California
San Francisco,2021-02-13,4427,163069,2601,86490,1826,76579,0,0,3080,90925,1347,36050,3082,126975,California
San Francisco,2021-02-14,3462,166531,2281,88771,1181,77760,0,0,2328,92122,1133,37183,2330,129305,California
San Francisco,2021-02-15,2784,169315,1509,90280,1275,79035,0,0,1675,92690,1107,38290,1675,130980,California
San Francisco,2021-02-16,5123,174438,2823,93103,2300,81335,0,0,2994,93568,2122,40412,3000,133980,California
San Francisco,2021-02-17,5346,179784,2612,95715,2734,84069,0,0,2965,94163,2371,42783,2966,136946,California
San Francisco,2021-02-18,5395,185179,2627,98342,2768,86837,0,0,2805,94385,2586,45369,2808,139754,California
San Francisco,2021-02-19,5691,190870,2668,101010,3023,89860,0,0,2951,94602,2735,48104,2952,142706,California
San Francisco,2021-02-20,4562,195432,2195,103205,2367,92227,0,0,1711,93472,2842,50946,1712,144418,California
San Francisco,2021-02-21,2907,198339,1534,104739,1373,93600,0,0,1290,93155,1608,52554,1291,145709,California
San Francisco,2021-02-22,5206,203545,3241,107980,1965,95565,0,0,2616,93194,2580,55134,2619,148328,California
San Francisco,2021-02-23,5626,209171,3207,111187,2419,97984,0,0,2873,93321,2746,57880,2873,151201,California
San Francisco,2021-02-24,9155,218326,5179,116366,3976,101960,0,0,4885,93949,4258,62138,4886,156087,California
San Francisco,2021-02-25,10069,228395,7037,123403,3032,104992,0,0,6466,96817,3600,65738,6468,162555,California
San Francisco,2021-02-26,12438,240833,8092,131495,4346,109338,0,0,7332,99047,5103,70841,7333,169888,California
San Francisco,2021-02-27,9472,250305,6112,137607,3358,112696,2,2,4697,98985,4761,75602,4699,174587,California
San Francisco,2021-02-28,7996,258301,5734,143341,2262,114958,0,2,3886,98766,4106,79708,3887,178474,California
San Francisco,2021-03-01,11512,269813,7790,151131,3717,118675,5,7,5577,98442,5908,85616,5584,184058,California
San Francisco,2021-03-02,10090,279903,6814,157945,3276,121951,0,7,5678,99720,4401,90017,5679,189737,California
San Francisco,2021-03-03,11457,291360,6715,164660,4741,126692,1,8,6260,100804,5180,95197,6264,196001,California
San Francisco,2021-03-04,8882,300242,5594,170254,3288,129980,0,8,4990,101914,3880,99077,4990,200991,California
San Francisco,2021-03-05,9283,309525,5704,175958,3575,133555,4,12,5793,104238,3474,102551,5798,206789,California
San Francisco,2021-03-06,7183,316708,4716,180674,2259,135814,208,220,4474,106197,2720,105271,4679,211468,California
San Francisco,2021-03-07,5454,322162,4261,184935,1133,136947,60,280,3130,107051,2336,107607,3190,214658,California
San Francisco,2021-03-08,7566,329728,5497,190432,1880,138827,189,469,5981,111604,1616,109223,6169,220827,California
San Francisco,2021-03-09,8363,338091,5538,195970,2450,141277,375,844,6100,115809,2265,111488,6470,227297,California
San Francisco,2021-03-10,11286,349377,6630,202600,4155,145432,501,1345,7075,119196,4189,115677,7576,234873,California
San Francisco,2021-03-11,10144,359521,6390,208990,2786,148218,968,2313,6660,123349,3467,119144,7620,242493,California
San Francisco,2021-03-12,10910,370431,6376,215366,3188,151406,1346,3659,6081,125963,4807,123951,7421,249914,California
San Francisco,2021-03-13,6755,377186,3951,219317,1722,153128,1082,4741,4192,128680,2554,126505,5271,255185,California
San Francisco,2021-03-14,7595,384781,4941,224258,2409,155537,245,4986,3984,129314,3593,130098,4227,259412,California
San Francisco,2021-03-15,12153,396934,9301,233559,1906,157443,946,5932,8422,134955,3714,133812,9355,268767,California
San Francisco,2021-03-16,12273,409207,8365,241924,3448,160891,460,6392,8837,140838,3413,137225,9296,278063,California
San Francisco,2021-03-17,13612,422819,8452,250376,4527,165418,633,7025,9759,147401,3823,141048,10386,288449,California
San Francisco,2021-03-18,10130,432949,6888,257264,2619,168037,623,7648,5731,149372,4375,145423,6346,294795,California
San Francisco,2021-03-19,12450,445399,9096,266360,2884,170921,470,8118,6461,150333,5962,151385,6923,301718,California
San Francisco,2021-03-20,8940,454339,6580,272940,1891,172812,469,8587,5183,152262,3725,155110,5654,307372,California
San Francisco,2021-03-21,6649,460988,6094,279034,419,173231,136,8723,3742,153249,2889,157999,3876,311248,California
San Francisco,2021-03-22,9916,470904,6888,285922,2180,175411,848,9571,5085,154367,4806,162805,5924,317172,California
San Francisco,2021-03-23,11320,482224,7510,293432,3156,178567,654,10225,6280,156285,5010,167815,6928,324100,California
San Francisco,2021-03-24,12430,494654,9525,302957,2366,180933,539,10764,6186,156800,6201,174016,6716,330816,California
San Francisco,2021-03-25,12022,506676,8784,311741,2672,183605,566,11330,5837,157086,6113,180129,6399,337215,California
San Francisco,2021-03-26,12063,518739,8371,320112,3459,187064,233,11563,5841,156969,6187,186316,6070,343285,California
San Francisco,2021-03-27,8827,527566,5924,326036,2552,189616,351,11914,3764,156042,5041,191357,4114,347399,California
San Francisco,2021-03-28,6681,534247,5331,331367,1308,190924,42,11956,2973,155372,3682,195039,3012,350411,California
San Francisco,2021-03-29,11656,545903,8035,339402,3436,194360,185,12141,4816,153562,6809,201848,4999,355410,California
San Francisco,2021-03-30,11691,557594,7328,346730,4072,198432,291,12432,5518,153223,6148,207996,5809,361219,California
San Francisco,2021-03-31,12324,569918,8209,354939,3815,202247,300,12732,4904,151035,7386,215382,5198,366417,California
San Francisco,2021-04-01,14029,583947,7447,362386,4880,207127,1702,14434,6022,150773,7967,223349,7705,374122,California
San Francisco,2021-04-02,14913,598860,6588,368974,6433,213560,1892,16326,6968,151699,7920,231269,8846,382968,California
San Francisco,2021-04-03,10622,609482,4932,373906,3861,217421,1829,18155,4865,152652,5737,237006,6690,389658,California
San Francisco,2021-04-04,9067,618549,4804,378710,2597,220018,1666,19821,3574,152412,5476,242482,5236,394894,California
San Francisco,2021-04-05,16106,634655,9868,388578,4344,224362,1894,21715,6259,150741,9816,252298,8145,403039,California
San Francisco,2021-04-06,16144,650799,9564,398142,4513,228875,2067,23782,6269,149221,9847,262145,8327,411366,California
San Francisco,2021-04-07,16921,667720,10064,408206,4613,233488,2244,26026,7004,148559,9891,272036,9229,420595,California
San Francisco,2021-04-08,14254,681974,6769,414975,3043,236531,4442,30468,4629,148012,9588,281624,9041,429636,California
San Francisco,2021-04-09,15916,697890,7691,422666,4850,241381,3375,33843,6624,148732,9259,290883,9979,439615,California
San Francisco,2021-04-10,13372,711262,5715,428381,5889,247270,1768,35611,7123,151386,6222,297105,8876,448491,California
San Francisco,2021-04-11,10076,721338,7549,435930,1348,248618,1179,36790,5215,152927,4847,301952,6388,454879,California
San Francisco,2021-04-12,10647,731985,6919,442849,2573,251191,1155,37945,4875,153203,5749,307701,6025,460904,California
San Francisco,2021-04-13,10893,742878,7389,450238,3492,254683,12,37957,5496,153344,5371,313072,5512,466416,California
San Francisco,2021-04-14,13405,756283,8083,458321,5321,260004,1,37958,6377,152735,6988,320060,6379,472795,California
San Francisco,2021-04-15,13895,770178,9635,467956,4259,264263,1,37959,8206,155288,5657,325717,8210,481005,California
San Francisco,2021-04-16,13060,783238,8777,476733,4239,268502,44,38003,7723,157753,5307,331024,7772,488777,California
San Francisco,2021-04-17,10198,793436,7370,484103,2827,271329,1,38004,7197,161973,2983,334007,7203,495980,California
San Francisco,2021-04-18,6669,800105,5106,489209,1561,272890,2,38006,4119,163564,2532,336539,4123,500103,California
San Francisco,2021-04-19,10928,811033,8210,497419,2713,275603,5,38011,7011,166692,3900,340439,7028,507131,California
San Francisco,2021-04-20,12405,823438,7268,504687,5135,280738,2,38013,8563,171444,3816,344255,8568,515699,California
San Francisco,2021-04-21,10626,834064,7597,512284,3024,283762,5,38018,6479,173811,4121,348376,6488,522187,California
San Francisco,2021-04-22,10504,844568,7771,520055,2732,286494,1,38019,6056,175455,4420,352796,6064,528251,California
San Francisco,2021-04-23,10372,854940,5944,525999,4428,290922,0,38019,6161,177443,4180,356976,6168,534419,California
San Francisco,2021-04-24,7967,862907,5486,531485,2481,293403,0,38019,4710,178925,3236,360212,4718,539137,California
San Francisco,2021-04-25,5053,867960,4348,535833,699,294102,6,38025,2956,179806,2085,362297,2966,542103,California
San Francisco,2021-04-26,8209,876169,5813,541646,2384,296486,12,38037,4082,179813,4099,366396,4106,546209,California
San Francisco,2021-04-27,8715,884884,5860,547506,2685,299171,170,38207,4348,180000,4341,370737,4528,550737,California
San Francisco,2021-04-28,9498,894382,6567,554073,2741,301912,190,38397,4973,180674,4494,375231,5168,555905,California
San Francisco,2021-04-29,9392,903774,5456,559529,3743,305655,193,38590,4611,180736,4755,379986,4817,560722,California
San Francisco,2021-04-30,10900,914674,5202,564731,5497,311152,201,38791,3982,178050,6874,386860,4188,564910,California
San Francisco,2021-05-01,6944,921618,3586,568317,3242,314394,116,38907,1700,174657,5209,392069,1816,566726,California
San Francisco,2021-05-02,5319,926937,3082,571399,2139,316533,98,39005,963,171376,4346,396415,1065,567791,California
San Francisco,2021-05-03,9697,936634,6611,578010,2923,319456,163,39168,2464,166806,7204,403619,2634,570425,California
San Francisco,2021-05-04,9382,946016,6008,584018,3123,322579,251,39419,2287,162287,7062,410681,2543,572968,California
San Francisco,2021-05-05,8773,954789,6130,590148,2334,324913,309,39728,2145,158162,6581,417262,2456,575424,California
San Francisco,2021-05-06,10761,965550,8603,598751,1685,326598,473,40201,1844,151597,8883,426145,2318,577742,California
San Francisco,2021-05-07,10125,975675,6488,605239,3365,329963,272,40473,1634,145037,8464,434609,1904,579646,California
San Francisco,2021-05-08,8387,984062,3573,608812,4684,334647,130,40603,974,138761,7381,441990,1105,580751,California
San Francisco,2021-05-09,6699,990761,5838,614650,779,335426,82,40685,1212,134585,5464,447454,1288,582039,California
San Francisco,2021-05-10,6990,997751,4961,619611,1777,337203,252,40937,1043,129959,5919,453373,1293,583332,California
San Francisco,2021-05-11,7404,1005155,5325,624936,1860,339063,219,41156,1444,125695,5926,459299,1662,584994,California
San Francisco,2021-05-12,8120,1013275,5922,630858,1742,340805,456,41612,1854,121766,6234,465533,2305,587299,California
San Francisco,2021-05-13,11078,1024353,8137,638995,2715,343520,226,41838,4189,119325,6861,472394,4420,591719,California
San Francisco,2021-05-14,9305,1033658,6586,645581,2547,346067,172,42010,3011,116254,6263,478657,3192,594911,California
San Francisco,2021-05-15,7938,1041596,6258,651839,1624,347691,56,42066,3111,114622,4811,483468,3179,598090,California
San Francisco,2021-05-16,4974,1046570,4192,656031,722,348413,60,42126,1845,113417,3110,486578,1905,599995,California
San Francisco,2021-05-17,7246,1053816,5398,661429,1683,350096,165,42291,2468,111294,4759,491337,2636,602631,California
San Francisco,2021-05-18,8708,1062524,4982,666411,3551,353647,175,42466,1971,106749,6691,498028,2146,604777,California
San Francisco,2021-05-19,7481,1070005,5541,671952,1707,355354,233,42699,2450,104426,5003,503031,2680,607457,California
San Francisco,2021-05-20,5955,1075960,4008,675960,1696,357050,251,42950,1641,102036,4278,507309,1888,609345,California
San Francisco,2021-05-21,7188,1083148,4070,680030,2932,359982,186,43136,1831,98737,5311,512620,2012,611357,California
San Francisco,2021-05-22,4784,1087932,3611,683641,1083,361065,90,43226,2177,98416,2587,515207,2266,613623,California
San Francisco,2021-05-23,1827,1089759,1390,685031,363,361428,74,43300,833,98339,984,516191,907,614530,California
San Francisco,2021-05-24,4037,1093796,2856,687887,1019,362447,162,43462,1194,96878,2818,519009,1357,615887,California
San Francisco,2021-05-25,3694,1097490,2407,690294,1065,363512,222,43684,1100,95619,2576,521585,1317,617204,California
San Francisco,2021-05-26,3935,1101425,2547,692841,1242,364754,146,43830,1143,94140,2768,524353,1289,618493,California
San Francisco,2021-05-27,3705,1105130,2138,694979,1390,366144,177,44007,1200,93023,2494,526847,1377,619870,California
San Francisco,2021-05-28,3770,1108900,2154,697133,1455,367599,161,44168,1346,92131,2398,529245,1506,621376,California
San Francisco,2021-05-29,2021,1110921,1464,698597,456,368055,101,44269,880,91986,1120,530365,975,622351,California
San Francisco,2021-05-30,961,1111882,691,699288,233,368288,37,44306,399,91864,558,530923,436,622787,California
San Francisco,2021-05-31,254,1112136,207,699495,40,368328,7,44313,85,91788,168,531091,92,622879,California
San Francisco,2021-06-01,3568,1115704,2153,701648,1228,369556,187,44500,1250,90920,2302,533393,1434,624313,California
San Francisco,2021-06-02,2429,1118133,1753,703401,553,370109,123,44623,894,90409,1523,534916,1012,625325,California
San Francisco,2021-06-03,3973,1122106,2726,706127,1042,371151,205,44828,1058,88770,2897,537813,1258,626583,California
San Francisco,2021-06-04,5716,1127822,4840,710967,740,371891,136,44964,1395,86008,4288,542101,1526,628109,California
San Francisco,2021-06-05,3691,1131513,3117,714084,426,372317,148,45112,955,84385,2722,544823,1099,629208,California
San Francisco,2021-06-06,2315,1133828,2166,716250,111,372428,38,45150,507,83128,1802,546625,545,629753,California
San Francisco,2021-06-07,3630,1137458,3007,719257,488,372916,135,45285,954,81555,2659,549284,1086,630839,California
San Francisco,2021-06-08,2828,1140286,2223,721480,437,373353,168,45453,843,80592,1968,551252,1005,631844,California
San Francisco,2021-06-09,2316,1142602,1854,723334,325,373678,137,45590,667,79761,1633,552885,802,632646,California
San Francisco,2021-06-10,2490,1145092,1903,725237,395,374073,192,45782,782,79038,1696,554581,973,633619,California
San Francisco,2021-06-11,3144,1148236,2484,727721,496,374569,164,45946,939,77956,2183,556764,1101,634720,California
San Francisco,2021-06-12,3026,1151262,2623,730344,273,374842,130,46076,716,76503,2296,559060,843,635563,California
San Francisco,2021-06-13,912,1152174,791,731135,74,374916,47,46123,234,76113,670,559730,280,635843,California
San Francisco,2021-06-14,2505,1154679,2034,733169,320,375236,151,46274,880,75528,1614,561344,1029,636872,California
San Francisco,2021-06-15,1883,1156562,1463,734632,287,375523,133,46407,668,75122,1207,562551,801,637673,California
San Francisco,2021-06-16,1772,1158334,1336,735968,251,375774,185,46592,616,74776,1140,563691,794,638467,California
San Francisco,2021-06-17,1257,1159591,937,736905,173,375947,147,46739,378,74427,871,564562,522,638989,California
San Joaquin,2020-12-15,14,14,14,14,0,0,0,0,14,14,0,0,14,14,California
San Joaquin,2020-12-16,308,322,308,322,0,0,0,0,308,322,0,0,308,322,California
San Joaquin,2020-12-17,321,643,321,643,0,0,0,0,321,643,0,0,321,643,California
San Joaquin,2020-12-18,536,1179,532,1175,4,4,0,0,536,1179,0,0,536,1179,California
San Joaquin,2020-12-19,189,1368,189,1364,0,4,0,0,189,1368,0,0,189,1368,California
San Joaquin,2020-12-20,117,1485,115,1479,2,6,0,0,117,1485,0,0,117,1485,California
San Joaquin,2020-12-21,498,1983,497,1976,1,7,0,0,498,1983,0,0,498,1983,California
San Joaquin,2020-12-22,977,2960,857,2833,120,127,0,0,976,2959,0,0,976,2959,California
San Joaquin,2020-12-23,989,3949,931,3764,58,185,0,0,987,3946,2,2,989,3948,California
San Joaquin,2020-12-24,219,4168,190,3954,29,214,0,0,218,4164,1,3,219,4167,California
San Joaquin,2020-12-25,15,4183,15,3969,0,214,0,0,15,4179,0,3,15,4182,California
San Joaquin,2020-12-26,102,4285,31,4000,71,285,0,0,102,4281,0,3,102,4284,California
San Joaquin,2020-12-27,45,4330,32,4032,13,298,0,0,45,4326,0,3,45,4329,California
San Joaquin,2020-12-28,629,4959,424,4456,205,503,0,0,629,4955,0,3,629,4958,California
San Joaquin,2020-12-29,795,5754,666,5122,129,632,0,0,795,5750,0,3,795,5753,California
San Joaquin,2020-12-30,1013,6767,717,5839,296,928,0,0,1011,6761,2,5,1013,6766,California
San Joaquin,2020-12-31,458,7225,204,6043,254,1182,0,0,458,7219,1,6,459,7225,California
San Joaquin,2021-01-01,23,7248,13,6056,10,1192,0,0,23,7242,0,6,23,7248,California
San Joaquin,2021-01-02,268,7516,245,6301,23,1215,0,0,268,7510,0,6,268,7516,California
San Joaquin,2021-01-03,37,7553,20,6321,17,1232,0,0,36,7545,1,7,36,7552,California
San Joaquin,2021-01-04,482,8035,340,6661,142,1374,0,0,480,8024,1,8,480,8032,California
San Joaquin,2021-01-05,988,9023,653,7314,335,1709,0,0,817,8707,171,179,854,8886,California
San Joaquin,2021-01-06,1228,10251,712,8026,516,2225,0,0,923,9334,300,479,927,9813,California
San Joaquin,2021-01-07,1089,11340,688,8714,401,2626,0,0,791,9831,295,774,792,10605,California
San Joaquin,2021-01-08,1215,12555,827,9541,388,3014,0,0,719,10059,495,1269,723,11328,California
San Joaquin,2021-01-09,379,12934,300,9841,79,3093,0,0,247,10175,132,1401,248,11576,California
San Joaquin,2021-01-10,224,13158,116,9957,108,3201,0,0,171,10294,52,1453,171,11747,California
San Joaquin,2021-01-11,1537,14695,1328,11285,209,3410,0,0,870,10566,666,2119,938,12685,California
San Joaquin,2021-01-12,1490,16185,1073,12358,417,3827,0,0,700,10552,786,2905,772,13457,California
San Joaquin,2021-01-13,1547,17732,909,13267,638,4465,0,0,960,10933,584,3489,965,14422,California
San Joaquin,2021-01-14,1763,19495,976,14243,787,5252,0,0,1416,12040,326,3815,1433,15855,California
San Joaquin,2021-01-15,1542,21037,551,14794,991,6243,0,0,1305,13142,222,4037,1324,17179,California
San Joaquin,2021-01-16,1139,22176,181,14975,958,7201,0,0,1107,14218,31,4068,1107,18286,California
San Joaquin,2021-01-17,1628,23804,137,15112,1491,8692,0,0,1585,15762,43,4111,1587,19873,California
San Joaquin,2021-01-18,741,24545,238,15350,503,9195,0,0,620,16265,117,4228,620,20493,California
San Joaquin,2021-01-19,1883,26428,903,16253,980,10175,0,0,1200,16795,678,4906,1208,21701,California
San Joaquin,2021-01-20,2095,28523,1286,17539,809,10984,0,0,1447,17607,641,5547,1453,23154,California
San Joaquin,2021-01-21,1985,30508,901,18440,1084,12068,0,0,1586,18810,392,5939,1595,24749,California
San Joaquin,2021-01-22,1960,32468,898,19338,1062,13130,0,0,1819,20495,136,6075,1821,26570,California
San Joaquin,2021-01-23,901,33369,400,19738,501,13631,0,0,613,20823,287,6362,615,27185,California
San Joaquin,2021-01-24,352,33721,136,19874,216,13847,0,0,329,21132,20,6382,329,27514,California
San Joaquin,2021-01-25,2006,35727,1148,21022,858,14705,0,0,1432,21996,571,6953,1435,28949,California
San Joaquin,2021-01-26,2162,37889,1116,22138,1046,15751,0,0,1540,22927,615,7568,1546,30495,California
San Joaquin,2021-01-27,1747,39636,772,22910,975,16726,0,0,1244,23680,498,8066,1251,31746,California
San Joaquin,2021-01-28,2062,41698,778,23688,1284,18010,0,0,1397,24425,661,8727,1406,33152,California
San Joaquin,2021-01-29,2170,43868,1050,24738,1120,19130,0,0,1818,25906,346,9073,1827,34979,California
San Joaquin,2021-01-30,2178,46046,358,25096,1820,20950,0,0,1999,27729,178,9251,2001,36980,California
San Joaquin,2021-01-31,1558,47604,180,25276,1378,22328,0,0,1493,29159,64,9315,1494,38474,California
San Joaquin,2021-02-01,2533,50137,1339,26615,1194,23522,0,0,1766,30161,767,10082,1769,40243,California
San Joaquin,2021-02-02,2587,52724,1154,27769,1433,24955,0,0,1976,31590,551,10633,1980,42223,California
San Joaquin,2021-02-03,3078,55802,1212,28981,1866,26821,0,0,2208,32943,863,11496,2216,44439,California
San Joaquin,2021-02-04,3551,59353,1819,30800,1732,28553,0,0,2651,34706,894,12390,2657,47096,California
San Joaquin,2021-02-05,3176,62529,1806,32606,1370,29923,0,0,2343,36241,822,13212,2357,49453,California
San Joaquin,2021-02-06,1093,63622,746,33352,347,30270,0,0,946,37044,144,13356,947,50400,California
San Joaquin,2021-02-07,622,64244,493,33845,129,30399,0,0,418,37264,199,13555,419,50819,California
San Joaquin,2021-02-08,1792,66036,1037,34882,755,31154,0,0,1448,38397,321,13876,1454,52273,California
San Joaquin,2021-02-09,2133,68169,1160,36042,973,32127,0,0,1585,39507,478,14354,1588,53861,California
San Joaquin,2021-02-10,2586,70755,1254,37296,1332,33459,0,0,1355,39654,1209,15563,1356,55217,California
San Joaquin,2021-02-11,2927,73682,1488,38784,1439,34898,0,0,1706,40178,1189,16752,1713,56930,California
San Joaquin,2021-02-12,2832,76514,1133,39917,1699,36597,0,0,1606,40584,1205,17957,1611,58541,California
San Joaquin,2021-02-13,2120,78634,397,40314,1723,38320,0,0,852,40188,1254,19211,858,59399,California
San Joaquin,2021-02-14,1914,80548,261,40575,1653,39973,0,0,696,39699,1186,20397,697,60096,California
San Joaquin,2021-02-15,1982,82530,821,41396,1161,41134,0,0,1187,40125,765,21162,1191,61287,California
San Joaquin,2021-02-16,3169,85699,1379,42775,1790,42924,0,0,1751,40484,1403,22565,1762,63049,California
San Joaquin,2021-02-17,3292,88991,1271,44046,2021,44945,0,0,1874,40958,1404,23969,1878,64927,California
San Joaquin,2021-02-18,3363,92354,1390,45436,1973,46918,0,0,1920,41478,1406,25375,1926,66853,California
San Joaquin,2021-02-19,4282,96636,2422,47858,1860,48778,0,0,2395,42040,1833,27208,2395,69248,California
San Joaquin,2021-02-20,1566,98202,665,48523,901,49679,0,0,1064,42605,499,27707,1064,70312,California
San Joaquin,2021-02-21,680,98882,515,49038,165,49844,0,0,429,42788,248,27955,431,70743,California
San Joaquin,2021-02-22,3562,102444,2513,51551,1049,50893,0,0,2545,44349,988,28943,2549,73292,California
San Joaquin,2021-02-23,4325,106769,2628,54179,1697,52590,0,0,2658,45377,1636,30579,2664,75956,California
San Joaquin,2021-02-24,5785,112554,3436,57615,2349,54939,0,0,4155,47932,1604,32183,4159,80115,California
San Joaquin,2021-02-25,6391,118945,3957,61572,2434,57373,0,0,4122,49837,2227,34410,4132,84247,California
San Joaquin,2021-02-26,5534,124479,2865,64437,2669,60042,0,0,3796,51937,1703,36113,3803,88050,California
San Joaquin,2021-02-27,5493,129972,1636,66073,3857,63899,0,0,2656,51827,2778,38891,2668,90718,California
San Joaquin,2021-02-28,3114,133086,1126,67199,1988,65887,0,0,2053,52849,1033,39924,2055,92773,California
San Joaquin,2021-03-01,4149,137235,1826,69025,2320,68207,3,3,2352,53434,1779,41703,2364,95137,California
San Joaquin,2021-03-02,4237,141472,1688,70713,2549,70756,0,3,2660,54596,1553,43256,2715,97852,California
San Joaquin,2021-03-03,5830,147302,3463,74176,2365,73121,2,5,4204,57200,1601,44857,4205,102057,California
San Joaquin,2021-03-04,5733,153035,2275,76451,3455,76576,3,8,3746,58979,1971,46828,3750,105807,California
San Joaquin,2021-03-05,4503,157538,1907,78358,2591,79167,5,13,3117,60737,1369,48197,3127,108934,California
San Joaquin,2021-03-06,3317,160855,2182,80540,1005,80172,130,143,2731,63020,582,48779,2865,111799,California
San Joaquin,2021-03-07,1223,162078,563,81103,612,80784,48,191,936,63720,269,49048,969,112768,California
San Joaquin,2021-03-08,3152,165230,1260,82363,1768,82552,124,315,2145,64993,995,50043,2268,115036,California
San Joaquin,2021-03-09,4042,169272,1833,84196,2078,84630,131,446,2683,66472,1340,51383,2819,117855,California
San Joaquin,2021-03-10,4663,173935,2477,86673,2045,86675,141,587,3429,68824,1218,52601,3570,121425,California
San Joaquin,2021-03-11,4972,178907,2365,89038,2005,88680,602,1189,2947,70366,2011,54612,3553,124978,California
San Joaquin,2021-03-12,6315,185222,3156,92194,2821,91501,338,1527,4167,72757,2121,56733,4512,129490,California
San Joaquin,2021-03-13,3076,188298,1463,93657,1489,92990,124,1651,2289,74399,779,57512,2421,131911,California
San Joaquin,2021-03-14,2175,190473,681,94338,1190,94180,304,1955,1029,74597,1139,58651,1337,133248,California
San Joaquin,2021-03-15,6103,196576,3509,97847,2190,96370,404,2359,3185,75317,2882,61533,3602,136850,California
San Joaquin,2021-03-16,6877,203453,3912,101759,2707,99077,258,2617,4048,76825,2804,64337,4312,141162,California
San Joaquin,2021-03-17,7840,211293,4698,106457,3071,102148,71,2688,4356,77820,3440,67777,4435,145597,California
San Joaquin,2021-03-18,7671,218964,4512,110969,2652,104800,507,3195,3773,78256,3852,71629,4288,149885,California
San Joaquin,2021-03-19,7964,226928,4669,115638,2752,107552,543,3738,4808,80535,3131,74760,5410,155295,California
San Joaquin,2021-03-20,3707,230635,2143,117781,1321,108873,243,3981,1833,80776,1848,76608,2089,157384,California
San Joaquin,2021-03-21,2133,232768,1515,119296,411,109284,207,4188,1167,81269,953,77561,1446,158830,California
San Joaquin,2021-03-22,3999,236767,2050,121346,1533,110817,416,4604,2362,82433,1620,79181,2784,161614,California
San Joaquin,2021-03-23,5404,242171,2654,124000,2582,113399,168,4772,3719,84665,1661,80842,3893,165507,California
San Joaquin,2021-03-24,6868,249039,4258,128258,2521,115920,89,4861,3022,83978,3806,84648,3119,168626,California
San Joaquin,2021-03-25,5587,254626,3320,131578,2220,118140,47,4908,3305,85079,2258,86906,3359,171985,California
San Joaquin,2021-03-26,6213,260839,2573,134151,3489,121629,151,5059,3244,85554,2941,89847,3416,175401,California
San Joaquin,2021-03-27,4684,265523,2629,136780,1981,123610,74,5133,1809,84596,2851,92698,1893,177294,California
San Joaquin,2021-03-28,2743,268266,1814,138594,904,124514,25,5158,1268,84548,1455,94153,1407,178701,California
San Joaquin,2021-03-29,4067,272333,2198,140792,1845,126359,24,5182,2031,84598,2020,96173,2070,180771,California
San Joaquin,2021-03-30,6247,278580,3183,143975,2972,129331,92,5274,3436,85365,2781,98954,3548,184319,California
San Joaquin,2021-03-31,6631,285211,4172,148147,2399,131730,60,5334,3348,85540,3257,102211,3432,187751,California
San Joaquin,2021-04-01,6454,291665,2996,151143,3368,135098,90,5424,2853,84969,3576,105787,3005,190756,California
San Joaquin,2021-04-02,6370,298035,2893,154036,2983,138081,494,5918,2519,84189,3824,109611,3044,193800,California
San Joaquin,2021-04-03,4161,302196,2346,156382,1490,139571,325,6243,2009,84400,2136,111747,2347,196147,California
San Joaquin,2021-04-04,2296,304492,1371,157753,718,140289,207,6450,1547,85436,739,112486,1775,197922,California
San Joaquin,2021-04-05,4809,309301,2848,160601,1718,142007,243,6693,2650,86194,2145,114631,2903,200825,California
San Joaquin,2021-04-06,7090,316391,4554,165155,2259,144266,277,6970,3355,86139,3705,118336,3650,204475,California
San Joaquin,2021-04-07,8364,324755,4553,169708,2225,146491,1586,8556,3514,86423,4829,123165,5113,209588,California
San Joaquin,2021-04-08,8797,333552,4713,174421,1947,148438,2137,10693,3322,86435,5447,128612,5459,215047,California
San Joaquin,2021-04-09,8974,342526,4361,178782,3045,151483,1568,12261,3293,85658,5656,134268,4879,219926,California
San Joaquin,2021-04-10,5261,347787,1663,180445,1685,153168,1913,14174,1795,85910,3454,137722,3706,223632,California
San Joaquin,2021-04-11,4294,352081,1765,182210,1364,154532,1165,15339,1975,86737,2308,140030,3135,226767,California
San Joaquin,2021-04-12,6080,358161,2461,184671,2069,156601,1550,16889,2410,87055,3648,143678,3966,230733,California
San Joaquin,2021-04-13,7560,365721,4374,189045,3177,159778,9,16898,4658,88849,2879,146557,4673,235406,California
San Joaquin,2021-04-14,7649,373370,3895,192940,3752,163530,2,16900,4625,90487,3001,149558,4639,240045,California
San Joaquin,2021-04-15,7922,381292,4709,197649,3213,166743,0,16900,4448,91505,3440,152998,4458,244503,California
San Joaquin,2021-04-16,7813,389105,4243,201892,3567,170310,3,16903,4737,93209,3047,156045,4751,249254,California
San Joaquin,2021-04-17,5197,394302,2815,204707,2380,172690,2,16905,3692,95428,1493,157538,3712,252966,California
San Joaquin,2021-04-18,2501,396803,1395,206102,1106,173796,0,16905,1334,95619,1151,158689,1342,254308,California
San Joaquin,2021-04-19,5210,402013,2818,208920,2392,176188,0,16905,2775,95997,2408,161097,2786,257094,California
San Joaquin,2021-04-20,6258,408271,3308,212228,2950,179138,0,16905,2957,95693,3272,164369,2968,260062,California
San Joaquin,2021-04-21,5671,413942,3144,215372,2527,181665,0,16905,2930,95944,2687,167056,2938,263000,California
San Joaquin,2021-04-22,5327,419269,3153,218525,2172,183837,2,16907,3082,96829,2217,169273,3102,266102,California
San Joaquin,2021-04-23,5952,425221,2849,221374,3102,186939,1,16908,3763,98431,2168,171441,3770,269872,California
San Joaquin,2021-04-24,5283,430504,3636,225010,1645,188584,2,16910,3441,100065,1815,173256,3449,273321,California
San Joaquin,2021-04-25,3076,433580,2590,227600,486,189070,0,16910,2041,101102,1011,174267,2048,275369,California
San Joaquin,2021-04-26,4059,437639,2660,230260,1395,190465,4,16914,2167,101400,1880,176147,2178,277547,California
San Joaquin,2021-04-27,4636,442275,2673,232933,1901,192366,62,16976,1978,100811,2636,178783,2047,279594,California
San Joaquin,2021-04-28,5588,447863,3365,236298,2143,194509,80,17056,2771,100886,2787,181570,2862,282456,California
San Joaquin,2021-04-29,4926,452789,2883,239181,1986,196495,57,17113,2530,101110,2375,183945,2599,285055,California
San Joaquin,2021-04-30,4990,457779,2440,241621,2483,198978,67,17180,2583,101382,2389,186334,2661,287716,California
San Joaquin,2021-05-01,3355,461134,1918,243539,1379,200357,58,17238,2140,102387,1206,187540,2211,289927,California
San Joaquin,2021-05-02,2307,463441,1604,245143,646,201003,57,17295,1178,102498,1125,188665,1236,291163,California
San Joaquin,2021-05-03,3332,466773,2260,247403,999,202002,73,17368,1405,102074,1910,190575,1486,292649,California
San Joaquin,2021-05-04,4862,471635,3304,250707,1402,203404,156,17524,1788,100975,3054,193629,1955,294604,California
San Joaquin,2021-05-05,5110,476745,3548,254255,1399,204803,163,17687,2290,100645,2791,196420,2461,297065,California
San Joaquin,2021-05-06,4671,481416,3130,257385,1411,206214,130,17817,2035,100202,2620,199040,2177,299242,California
San Joaquin,2021-05-07,5124,486540,2959,260344,2012,208226,153,17970,1912,99087,3190,202230,2075,301317,California
San Joaquin,2021-05-08,3281,489821,2110,262454,1069,209295,102,18072,1213,98360,2051,204281,1324,302641,California
San Joaquin,2021-05-09,1487,491308,851,263305,566,209861,70,18142,590,98132,894,205175,666,303307,California
San Joaquin,2021-05-10,2819,494127,1482,264787,1212,211073,125,18267,933,97326,1869,207044,1063,304370,California
San Joaquin,2021-05-11,4198,498325,2213,267000,1864,212937,121,18388,1343,95982,2840,209884,1496,305866,California
San Joaquin,2021-05-12,4395,502720,2097,269097,2173,215110,125,18513,1460,94663,2919,212803,1600,307466,California
San Joaquin,2021-05-13,4758,507478,2782,271879,1888,216998,88,18601,1857,93736,2887,215690,1960,309426,California
San Joaquin,2021-05-14,5754,513232,3428,275307,2218,219216,108,18709,2430,92985,3297,218987,2546,311972,California
San Joaquin,2021-05-15,5240,518472,3115,278422,2046,221262,79,18788,1649,91155,3562,222549,1732,313704,California
San Joaquin,2021-05-16,3568,522040,2792,281214,727,221989,49,18837,1434,90525,2121,224670,1491,315195,California
San Joaquin,2021-05-17,4141,526181,2474,283688,1570,223559,97,18934,1794,90095,2331,227001,1901,317096,California
San Joaquin,2021-05-18,3947,530128,2277,285965,1551,225110,119,19053,1881,90044,2050,229051,1999,319095,California
San Joaquin,2021-05-19,4760,534888,2763,288728,1862,226972,135,19188,2103,89664,2627,231678,2247,321342,California
San Joaquin,2021-05-20,3937,538825,2357,291085,1477,228449,103,19291,1768,89391,2148,233826,1875,323217,California
San Joaquin,2021-05-21,4952,543777,2885,293970,1944,230393,123,19414,2271,89143,2652,236478,2404,325621,California
San Joaquin,2021-05-22,3984,547761,2475,296445,1415,231808,94,19508,1777,88830,2194,238672,1881,327502,California
San Joaquin,2021-05-23,2387,550148,1934,298379,409,232217,44,19552,1406,89311,973,239645,1454,328956,California
San Joaquin,2021-05-24,2951,553099,1688,300067,1170,233387,93,19645,1374,89223,1560,241205,1472,330428,California
San Joaquin,2021-05-25,3091,556190,1921,301988,1020,234407,150,19795,1467,89233,1606,242811,1616,332044,California
San Joaquin,2021-05-26,3778,559968,2293,304281,1410,235817,75,19870,1529,88607,2235,245046,1609,333653,California
San Joaquin,2021-05-27,2914,562882,1491,305772,1339,237156,84,19954,1138,88070,1762,246808,1225,334878,California
San Joaquin,2021-05-28,3062,565944,1625,307397,1348,238504,89,20043,1435,88002,1603,248411,1535,336413,California
San Joaquin,2021-05-29,2128,568072,1171,308568,921,239425,36,20079,954,87827,1170,249581,995,337408,California
San Joaquin,2021-05-30,971,569043,518,309086,427,239852,26,20105,407,87704,559,250140,436,337844,California
San Joaquin,2021-05-31,619,569662,259,309345,353,240205,7,20112,238,87573,377,250517,246,338090,California
San Joaquin,2021-06-01,2427,572089,1470,310815,862,241067,95,20207,1164,87585,1254,251771,1266,339356,California
San Joaquin,2021-06-02,2708,574797,1603,312418,1051,242118,54,20261,1149,87249,1542,253313,1206,340562,California
San Joaquin,2021-06-03,2814,577611,1738,314156,1020,243138,56,20317,1087,86685,1712,255025,1148,341710,California
San Joaquin,2021-06-04,3119,580730,1915,316071,1097,244235,107,20424,1087,85873,2005,257030,1193,342903,California
San Joaquin,2021-06-05,2328,583058,1782,317853,495,244730,51,20475,1081,85856,1154,258184,1137,344040,California
San Joaquin,2021-06-06,1067,584125,856,318709,177,244907,34,20509,434,85710,614,258798,468,344508,California
San Joaquin,2021-06-07,2797,586922,2077,320786,679,245586,41,20550,982,84935,1808,260606,1033,345541,California
San Joaquin,2021-06-08,2730,589652,2070,322856,616,246202,44,20594,865,83995,1852,262458,912,346453,California
San Joaquin,2021-06-09,2821,592473,1957,324813,821,247023,43,20637,942,83122,1861,264319,988,347441,California
San Joaquin,2021-06-10,2614,595087,1899,326712,656,247679,59,20696,992,82558,1617,265936,1053,348494,California
San Joaquin,2021-06-11,2820,597907,1932,328644,781,248460,107,20803,955,81765,1856,267792,1063,349557,California
San Joaquin,2021-06-12,1793,599700,1338,329982,428,248888,27,20830,605,81224,1182,268974,641,350198,California
San Joaquin,2021-06-13,932,600632,711,330693,192,249080,29,20859,426,81179,502,269476,457,350655,California
San Joaquin,2021-06-14,2168,602800,1458,332151,638,249718,72,20931,963,81021,1195,270671,1037,351692,California
San Joaquin,2021-06-15,2222,605022,1481,333632,664,250382,77,21008,872,80636,1339,272010,954,352646,California
San Joaquin,2021-06-16,2435,607457,1684,335316,670,251052,81,21089,878,80053,1543,273553,960,353606,California
San Joaquin,2021-06-17,1164,608621,850,336166,290,251342,24,21113,331,79577,831,274384,355,353961,California
San Luis Obispo,2020-12-16,4,4,4,4,0,0,0,0,4,4,0,0,4,4,California
San Luis Obispo,2020-12-17,196,200,196,200,0,0,0,0,196,200,0,0,196,200,California
San Luis Obispo,2020-12-18,225,425,225,425,0,0,0,0,225,425,0,0,225,425,California
San Luis Obispo,2020-12-19,164,589,164,589,0,0,0,0,164,589,0,0,164,589,California
San Luis Obispo,2020-12-20,216,805,216,805,0,0,0,0,216,805,0,0,216,805,California
San Luis Obispo,2020-12-21,550,1355,549,1354,1,1,0,0,550,1355,0,0,550,1355,California
San Luis Obispo,2020-12-22,310,1665,306,1660,4,5,0,0,310,1665,0,0,310,1665,California
San Luis Obispo,2020-12-23,680,2345,366,2026,314,319,0,0,680,2345,0,0,680,2345,California
San Luis Obispo,2020-12-24,194,2539,19,2045,175,494,0,0,194,2539,0,0,194,2539,California
San Luis Obispo,2020-12-25,2,2541,1,2046,1,495,0,0,2,2541,0,0,2,2541,California
San Luis Obispo,2020-12-26,91,2632,13,2059,78,573,0,0,91,2632,0,0,91,2632,California
San Luis Obispo,2020-12-27,76,2708,0,2059,76,649,0,0,76,2708,0,0,76,2708,California
San Luis Obispo,2020-12-28,881,3589,432,2491,449,1098,0,0,881,3589,0,0,881,3589,California
San Luis Obispo,2020-12-29,904,4493,503,2994,401,1499,0,0,904,4493,0,0,904,4493,California
San Luis Obispo,2020-12-30,1173,5666,680,3674,493,1992,0,0,1173,5666,0,0,1173,5666,California
San Luis Obispo,2020-12-31,108,5774,4,3678,104,2096,0,0,108,5774,0,0,108,5774,California
San Luis Obispo,2021-01-01,16,5790,9,3687,7,2103,0,0,16,5790,0,0,16,5790,California
San Luis Obispo,2021-01-02,34,5824,8,3695,26,2129,0,0,34,5824,0,0,34,5824,California
San Luis Obispo,2021-01-03,17,5841,6,3701,11,2140,0,0,17,5841,0,0,17,5841,California
San Luis Obispo,2021-01-04,681,6522,524,4225,157,2297,0,0,681,6522,0,0,681,6522,California
San Luis Obispo,2021-01-05,973,7495,752,4977,221,2518,0,0,971,7491,2,2,971,7493,California
San Luis Obispo,2021-01-06,727,8222,480,5457,247,2765,0,0,719,8203,7,9,719,8212,California
San Luis Obispo,2021-01-07,1128,9350,950,6407,178,2943,0,0,684,8443,444,453,684,8896,California
San Luis Obispo,2021-01-08,882,10232,804,7211,78,3021,0,0,512,8586,369,822,512,9408,California
San Luis Obispo,2021-01-09,206,10438,196,7407,10,3031,0,0,28,8436,178,1000,28,9436,California
San Luis Obispo,2021-01-10,12,10450,8,7415,4,3035,0,0,8,8440,4,1004,8,9444,California
San Luis Obispo,2021-01-11,561,11011,510,7925,51,3086,0,0,299,8478,261,1265,299,9743,California
San Luis Obispo,2021-01-12,598,11609,382,8307,216,3302,0,0,318,8516,280,1545,318,10061,California
San Luis Obispo,2021-01-13,886,12495,258,8565,628,3930,0,0,649,8930,235,1780,649,10710,California
San Luis Obispo,2021-01-14,728,13223,239,8804,489,4419,0,0,606,9423,113,1893,606,11316,California
San Luis Obispo,2021-01-15,734,13957,292,9096,442,4861,0,0,555,9804,174,2067,555,11871,California
San Luis Obispo,2021-01-16,100,14057,81,9177,19,4880,0,0,94,9892,6,2073,94,11965,California
San Luis Obispo,2021-01-17,64,14121,57,9234,7,4887,0,0,64,9956,0,2073,64,12029,California
San Luis Obispo,2021-01-18,1372,15493,390,9624,982,5869,0,0,1107,10798,265,2338,1107,13136,California
San Luis Obispo,2021-01-19,1574,17067,415,10039,1159,7028,0,0,1167,11559,407,2745,1168,14304,California
San Luis Obispo,2021-01-20,1893,18960,602,10641,1291,8319,0,0,1300,12269,591,3336,1301,15605,California
San Luis Obispo,2021-01-21,1576,20536,471,11112,1105,9424,0,0,1204,13106,368,3704,1205,16810,California
San Luis Obispo,2021-01-22,1523,22059,508,11620,1015,10439,0,0,1207,13999,314,4018,1207,18017,California
San Luis Obispo,2021-01-23,316,22375,297,11917,19,10458,0,0,300,14283,16,4034,300,18317,California
San Luis Obispo,2021-01-24,251,22626,243,12160,8,10466,0,0,245,14522,6,4040,245,18562,California
San Luis Obispo,2021-01-25,2077,24703,602,12762,1475,11941,0,0,1247,14939,830,4870,1247,19809,California
San Luis Obispo,2021-01-26,2006,26709,701,13463,1305,13246,0,0,1142,15217,864,5734,1142,20951,California
San Luis Obispo,2021-01-27,1618,28327,291,13754,1327,14573,0,0,1161,15921,457,6191,1161,22112,California
San Luis Obispo,2021-01-28,1501,29828,343,14097,1158,15731,0,0,1235,16892,264,6455,1235,23347,California
San Luis Obispo,2021-01-29,1749,31577,686,14783,1063,16794,0,0,1461,18065,288,6743,1461,24808,California
San Luis Obispo,2021-01-30,36,31613,18,14801,18,16812,0,0,25,18080,10,6753,25,24833,California
San Luis Obispo,2021-01-31,27,31640,19,14820,8,16820,0,0,25,18103,2,6755,25,24858,California
San Luis Obispo,2021-02-01,1712,33352,743,15563,969,17789,0,0,1405,19202,306,7061,1405,26263,California
San Luis Obispo,2021-02-02,1900,35252,679,16242,1221,19010,0,0,1525,20353,375,7436,1526,27789,California
San Luis Obispo,2021-02-03,1716,36968,730,16972,986,19996,0,0,1300,21237,416,7852,1300,29089,California
San Luis Obispo,2021-02-04,1665,38633,803,17775,862,20858,0,0,1096,21764,569,8421,1096,30185,California
San Luis Obispo,2021-02-05,1607,40240,715,18490,892,21750,0,0,1062,22281,546,8967,1063,31248,California
San Luis Obispo,2021-02-06,174,40414,107,18597,67,21817,0,0,94,22295,80,9047,94,31342,California
San Luis Obispo,2021-02-07,124,40538,79,18676,45,21862,0,0,72,22316,52,9099,73,31415,California
San Luis Obispo,2021-02-08,862,41400,473,19149,389,22251,0,0,502,22459,359,9458,502,31917,California
San Luis Obispo,2021-02-09,1131,42531,451,19600,680,22931,0,0,547,22435,578,10036,554,32471,California
San Luis Obispo,2021-02-10,1444,43975,492,20092,952,23883,0,0,528,22052,914,10950,531,33002,California
San Luis Obispo,2021-02-11,1335,45310,848,20940,487,24370,0,0,656,22031,677,11627,656,33658,California
San Luis Obispo,2021-02-12,788,46098,367,21307,421,24791,0,0,416,22075,372,11999,416,34074,California
San Luis Obispo,2021-02-13,386,46484,127,21434,259,25050,0,0,278,22246,107,12106,278,34352,California
San Luis Obispo,2021-02-14,318,46802,41,21475,277,25327,0,0,282,22493,36,12142,283,34635,California
San Luis Obispo,2021-02-15,729,47531,140,21615,589,25916,0,0,475,22715,253,12395,475,35110,California
San Luis Obispo,2021-02-16,2968,50499,1196,22811,1772,27688,0,0,1361,22469,1607,14002,1361,36471,California
San Luis Obispo,2021-02-17,2785,53284,1251,24062,1534,29222,0,0,1028,21747,1750,15752,1028,37499,California
San Luis Obispo,2021-02-18,2823,56107,1459,25521,1364,30586,0,0,1132,21198,1682,17434,1133,38632,California
San Luis Obispo,2021-02-19,1467,57574,1346,26867,121,30707,0,0,1139,22011,326,17760,1139,39771,California
San Luis Obispo,2021-02-20,253,57827,78,26945,175,30882,0,0,215,22188,38,17798,215,39986,California
San Luis Obispo,2021-02-21,57,57884,53,26998,4,30886,0,0,32,22195,25,17823,32,40018,California
San Luis Obispo,2021-02-22,2419,60303,1870,28868,549,31435,0,0,1470,22718,948,18771,1471,41489,California
San Luis Obispo,2021-02-23,1860,62163,1745,30613,115,31550,0,0,1365,23590,494,19265,1366,42855,California
San Luis Obispo,2021-02-24,2642,64805,1299,31912,1343,32893,0,0,837,22625,1802,21067,837,43692,California
San Luis Obispo,2021-02-25,2138,66943,1245,33157,893,33786,0,0,1208,22910,924,21991,1209,44901,California
San Luis Obispo,2021-02-26,2654,69597,1152,34309,1502,35288,0,0,1328,22922,1316,23307,1328,46229,California
San Luis Obispo,2021-02-27,581,70178,354,34663,227,35515,0,0,530,23401,51,23358,530,46759,California
San Luis Obispo,2021-02-28,195,70373,67,34730,128,35643,0,0,161,23529,33,23391,161,46920,California
San Luis Obispo,2021-03-01,3015,73388,1883,36613,1130,36773,2,2,2081,24679,934,24325,2084,49004,California
San Luis Obispo,2021-03-02,3042,76430,1911,38524,1131,37904,0,2,1886,25415,1151,25476,1887,50891,California
San Luis Obispo,2021-03-03,2348,78778,342,38866,2006,39910,0,2,852,24779,1489,26965,853,51744,California
San Luis Obispo,2021-03-04,2201,80979,1163,40029,1038,40948,0,2,1186,24955,1012,27977,1188,52932,California
San Luis Obispo,2021-03-05,2307,83286,1023,41052,1214,42162,70,72,1299,25330,994,28971,1369,54301,California
San Luis Obispo,2021-03-06,841,84127,309,41361,424,42586,108,180,620,25831,221,29192,722,55023,California
San Luis Obispo,2021-03-07,201,84328,31,41392,85,42671,85,265,72,25860,128,29320,157,55180,California
San Luis Obispo,2021-03-08,2740,87068,758,42150,1667,44338,315,580,1544,26528,1191,30511,1859,57039,California
San Luis Obispo,2021-03-09,2950,90018,969,43119,1733,46071,248,828,1522,26874,1424,31935,1770,58809,California
San Luis Obispo,2021-03-10,3201,93219,1240,44359,1678,47749,283,1111,1815,27591,1381,33316,2098,60907,California
San Luis Obispo,2021-03-11,3297,96516,1272,45631,1703,49452,322,1433,1804,28233,1483,34799,2125,63032,California
San Luis Obispo,2021-03-12,3256,99772,1278,46909,1638,51090,340,1773,1621,28568,1629,36428,1964,64996,California
San Luis Obispo,2021-03-13,797,100569,262,47171,427,51517,108,1881,430,28739,366,36794,537,65533,California
San Luis Obispo,2021-03-14,513,101082,53,47224,350,51867,110,1991,134,28605,378,37172,244,65777,California
San Luis Obispo,2021-03-15,3059,104141,1100,48324,1861,53728,98,2089,1529,28706,1527,38699,1628,67405,California
San Luis Obispo,2021-03-16,2858,106999,1511,49835,1236,54964,111,2200,1438,28841,1413,40112,1548,68953,California
San Luis Obispo,2021-03-17,3457,110456,1448,51283,1746,56710,263,2463,2009,29675,1437,41549,2271,71224,California
San Luis Obispo,2021-03-18,2828,113284,1451,52734,1163,57873,214,2677,1352,29771,1469,43018,1565,72789,California
San Luis Obispo,2021-03-19,2601,115885,1572,54306,707,58580,322,2999,962,29426,1631,44649,1286,74075,California
San Luis Obispo,2021-03-20,840,116725,502,54808,301,58881,37,3036,385,29394,454,45103,422,74497,California
San Luis Obispo,2021-03-21,187,116912,45,54853,139,59020,3,3039,157,29525,29,45132,160,74657,California
San Luis Obispo,2021-03-22,2705,119617,1170,56023,1487,60507,48,3087,1871,30614,830,45962,1919,76576,California
San Luis Obispo,2021-03-23,3390,123007,2213,58236,1147,61654,30,3117,2271,31801,1114,47076,2301,78877,California
San Luis Obispo,2021-03-24,3576,126583,2187,60423,1303,62957,86,3203,2663,33642,907,47983,2748,81625,California
San Luis Obispo,2021-03-25,3702,130285,2320,62743,1370,64327,12,3215,2652,35259,1046,49029,2663,84288,California
San Luis Obispo,2021-03-26,3265,133550,1807,64550,1024,65351,434,3649,1829,36091,1431,50460,2263,86551,California
San Luis Obispo,2021-03-27,990,134540,504,65054,395,65746,91,3740,450,36094,538,50998,541,87092,California
San Luis Obispo,2021-03-28,447,134987,152,65206,239,65985,56,3796,246,36196,200,51198,302,87394,California
San Luis Obispo,2021-03-29,2628,137615,1322,66528,1173,67158,133,3929,1682,37081,931,52129,1816,89210,California
San Luis Obispo,2021-03-30,3529,141144,1938,68466,1450,68608,141,4070,2342,38383,1180,53309,2482,91692,California
San Luis Obispo,2021-03-31,3894,145038,2479,70945,1268,69876,147,4217,2509,39664,1374,54683,2655,94347,California
San Luis Obispo,2021-04-01,3898,148936,2468,73413,1312,71188,118,4335,2722,41340,1162,55845,2838,97185,California
San Luis Obispo,2021-04-02,1749,150685,684,74097,750,71938,315,4650,947,41799,800,56645,1259,98444,California
San Luis Obispo,2021-04-03,1113,151798,556,74653,430,72368,127,4777,493,41803,616,57261,620,99064,California
San Luis Obispo,2021-04-04,391,152189,135,74788,216,72584,40,4817,242,41936,149,57410,282,99346,California
San Luis Obispo,2021-04-05,3608,155797,1933,76721,1564,74148,111,4928,2011,42463,1593,59003,2120,101466,California
San Luis Obispo,2021-04-06,4060,159857,2162,78883,1572,75720,326,5254,1939,42614,2113,61116,2264,103730,California
San Luis Obispo,2021-04-07,4308,164165,2348,81231,1595,77315,365,5619,2461,43605,1832,62948,2823,106553,California
San Luis Obispo,2021-04-08,4068,168233,2217,83448,1445,78760,406,6025,2165,44282,1894,64842,2571,109124,California
San Luis Obispo,2021-04-09,3686,171919,1755,85203,1172,79932,759,6784,1510,44380,2165,67007,2263,111387,California
San Luis Obispo,2021-04-10,1597,173516,569,85772,357,80289,671,7455,496,44444,1100,68107,1164,112551,California
San Luis Obispo,2021-04-11,313,173829,61,85833,186,80475,66,7521,123,44445,188,68295,189,112740,California
San Luis Obispo,2021-04-12,3419,177248,1717,87550,1539,82014,163,7684,1421,44031,1997,70292,1583,114323,California
San Luis Obispo,2021-04-13,3692,180940,2137,89687,1554,83568,1,7685,1982,44310,1706,71998,1985,116308,California
San Luis Obispo,2021-04-14,3586,184526,2037,91724,1544,85112,5,7690,1772,44288,1798,73796,1776,118084,California
San Luis Obispo,2021-04-15,3759,188285,2450,94174,1308,86420,1,7691,2015,44587,1725,75521,2024,120108,California
San Luis Obispo,2021-04-16,3685,191970,2246,96420,1435,87855,4,7695,1777,44471,1899,77420,1783,121891,California
San Luis Obispo,2021-04-17,1094,193064,432,96852,660,88515,2,7697,710,44800,383,77803,712,122603,California
San Luis Obispo,2021-04-18,319,193383,97,96949,221,88736,1,7698,110,44704,206,78009,110,122713,California
San Luis Obispo,2021-04-19,3199,196582,1350,98299,1811,90547,38,7736,1096,43743,2099,80108,1138,123851,California
San Luis Obispo,2021-04-20,3631,200213,2018,100317,1613,92160,0,7736,1330,42782,2291,82399,1330,125181,California
San Luis Obispo,2021-04-21,3986,204199,1834,102151,2152,94312,0,7736,1583,41986,2383,84782,1587,126768,California
San Luis Obispo,2021-04-22,4592,208791,2068,104219,2524,96836,0,7736,1413,40238,3163,87945,1415,128183,California
San Luis Obispo,2021-04-23,1409,210200,820,105039,585,97421,4,7740,699,40237,705,88650,704,128887,California
San Luis Obispo,2021-04-24,1083,211283,440,105479,624,98045,19,7759,508,40182,582,89232,527,129414,California
San Luis Obispo,2021-04-25,347,211630,162,105641,185,98230,0,7759,112,40062,232,89464,112,129526,California
San Luis Obispo,2021-04-26,1080,212710,396,106037,667,98897,17,7776,395,39800,673,90137,411,129937,California
San Luis Obispo,2021-04-27,3925,216635,1988,108025,1857,100754,80,7856,1543,39048,2374,92511,1622,131559,California
San Luis Obispo,2021-04-28,3813,220448,2102,110127,1639,102393,72,7928,1362,38043,2439,94950,1434,132993,California
San Luis Obispo,2021-04-29,3719,224167,2123,112250,1530,103923,66,7994,1253,36913,2450,97400,1320,134313,California
San Luis Obispo,2021-04-30,2986,227153,1671,113921,1241,105164,74,8068,927,35871,2041,99441,999,135312,California
San Luis Obispo,2021-05-01,471,227624,161,114082,275,105439,35,8103,99,35636,368,99809,133,135445,California
San Luis Obispo,2021-05-02,172,227796,52,114134,100,105539,20,8123,42,35568,130,99939,62,135507,California
San Luis Obispo,2021-05-03,896,228692,288,114422,498,106037,110,8233,226,35234,668,100607,334,135841,California
San Luis Obispo,2021-05-04,2953,231645,1906,116328,976,107013,71,8304,873,34103,2073,102680,942,136783,California
San Luis Obispo,2021-05-05,2821,234466,1862,118190,893,107906,66,8370,684,32729,2125,104805,751,137534,California
San Luis Obispo,2021-05-06,2831,237297,1909,120099,859,108765,63,8433,724,31426,2090,106895,787,138321,California
San Luis Obispo,2021-05-07,2342,239639,1765,121864,510,109275,67,8500,610,30393,1711,108606,678,138999,California
San Luis Obispo,2021-05-08,567,240206,332,122196,211,109486,24,8524,192,30252,357,108963,216,139215,California
San Luis Obispo,2021-05-09,161,240367,38,122234,104,109590,19,8543,45,30201,115,109078,64,139279,California
San Luis Obispo,2021-05-10,725,241092,154,122388,521,110111,50,8593,152,29833,568,109646,200,139479,California
San Luis Obispo,2021-05-11,1186,242278,594,122982,517,110628,75,8668,360,29448,820,110466,435,139914,California
San Luis Obispo,2021-05-12,2430,244708,1602,124584,745,111373,83,8751,671,28459,1743,112209,754,140668,California
San Luis Obispo,2021-05-13,1144,245852,714,125298,368,111741,62,8813,476,28333,663,112872,537,141205,California
San Luis Obispo,2021-05-14,2241,248093,1636,126934,554,112295,51,8864,927,28014,1296,114168,977,142182,California
San Luis Obispo,2021-05-15,986,249079,454,127388,498,112793,34,8898,463,27991,521,114689,498,142680,California
San Luis Obispo,2021-05-16,305,249384,164,127552,135,112928,6,8904,173,28039,131,114820,179,142859,California
San Luis Obispo,2021-05-17,1687,251071,976,128528,651,113579,60,8964,668,27757,1010,115830,728,143587,California
San Luis Obispo,2021-05-18,1898,252969,1160,129688,708,114287,30,8994,727,27350,1165,116995,758,144345,California
San Luis Obispo,2021-05-19,1450,254419,625,130313,763,115050,62,9056,409,26785,1035,118030,470,144815,California
San Luis Obispo,2021-05-20,1139,255558,504,130817,599,115649,36,9092,341,26375,787,118817,377,145192,California
San Luis Obispo,2021-05-21,1079,256637,574,131391,464,116113,41,9133,509,26364,561,119378,550,145742,California
San Luis Obispo,2021-05-22,669,257306,325,131716,322,116435,22,9155,331,26386,331,119709,353,146095,California
San Luis Obispo,2021-05-23,145,257451,67,131783,72,116507,6,9161,51,26350,93,119802,57,146152,California
San Luis Obispo,2021-05-24,564,258015,264,132047,266,116773,34,9195,203,26228,359,120161,237,146389,California
San Luis Obispo,2021-05-25,877,258892,433,132480,417,117190,27,9222,351,26088,518,120679,378,146767,California
San Luis Obispo,2021-05-26,2143,261035,991,133471,1097,118287,55,9277,670,25345,1467,122146,724,147491,California
San Luis Obispo,2021-05-27,1873,262908,661,134132,1179,119466,33,9310,482,24473,1386,123532,514,148005,California
San Luis Obispo,2021-05-28,881,263789,451,134583,409,119875,21,9331,463,24541,416,123948,484,148489,California
San Luis Obispo,2021-05-29,374,264163,150,134733,213,120088,11,9342,211,24602,162,124110,223,148712,California
San Luis Obispo,2021-05-30,88,264251,35,134768,45,120133,8,9350,34,24590,53,124163,41,148753,California
San Luis Obispo,2021-05-31,42,264293,5,134773,23,120156,14,9364,16,24594,25,124188,29,148782,California
San Luis Obispo,2021-06-01,750,265043,325,135098,394,120550,31,9395,270,24419,476,124664,301,149083,California
San Luis Obispo,2021-06-02,631,265674,286,135384,304,120854,41,9436,186,24207,439,125103,227,149310,California
San Luis Obispo,2021-06-03,917,266591,453,135837,432,121286,32,9468,253,23831,661,125764,285,149595,California
San Luis Obispo,2021-06-04,2469,269060,1520,137357,909,122195,40,9508,700,22812,1757,127521,738,150333,California
San Luis Obispo,2021-06-05,658,269718,286,137643,351,122546,21,9529,321,22817,337,127858,342,150675,California
San Luis Obispo,2021-06-06,185,269903,132,137775,44,122590,9,9538,46,22733,139,127997,55,150730,California
San Luis Obispo,2021-06-07,549,270452,358,138133,150,122740,41,9579,156,22539,391,128388,197,150927,California
San Luis Obispo,2021-06-08,784,271236,526,138659,217,122957,41,9620,245,22290,535,128923,286,151213,California
San Luis Obispo,2021-06-09,619,271855,353,139012,237,123194,29,9649,188,22078,429,129352,217,151430,California
San Luis Obispo,2021-06-10,756,272611,365,139377,352,123546,39,9688,234,21831,520,129872,273,151703,California
San Luis Obispo,2021-06-11,927,273538,541,139918,350,123896,36,9724,345,21635,578,130450,382,152085,California
San Luis Obispo,2021-06-12,389,273927,266,140184,120,124016,3,9727,165,21580,223,130673,168,152253,California
San Luis Obispo,2021-06-13,159,274086,91,140275,65,124081,3,9730,42,21508,117,130790,45,152298,California
San Luis Obispo,2021-06-14,457,274543,301,140576,125,124206,31,9761,132,21348,322,131112,162,152460,California
San Luis Obispo,2021-06-15,638,275181,395,140971,205,124411,38,9799,237,21225,397,131509,274,152734,California
San Luis Obispo,2021-06-16,553,275734,325,141296,201,124612,27,9826,167,21038,380,131889,193,152927,California
San Luis Obispo,2021-06-17,186,275920,97,141393,73,124685,16,9842,60,20989,125,132014,76,153003,California
San Mateo,2020-12-15,27,27,27,27,0,0,0,0,27,27,0,0,27,27,California
San Mateo,2020-12-16,110,137,110,137,0,0,0,0,110,137,0,0,110,137,California
San Mateo,2020-12-17,172,309,172,309,0,0,0,0,172,309,0,0,172,309,California
San Mateo,2020-12-18,770,1079,768,1077,2,2,0,0,770,1079,0,0,770,1079,California
San Mateo,2020-12-19,504,1583,504,1581,0,2,0,0,504,1583,0,0,504,1583,California
San Mateo,2020-12-20,505,2088,504,2085,1,3,0,0,505,2088,0,0,505,2088,California
San Mateo,2020-12-21,1137,3225,1136,3221,1,4,0,0,1137,3225,0,0,1137,3225,California
San Mateo,2020-12-22,1515,4740,1507,4728,8,12,0,0,1514,4739,0,0,1514,4739,California
San Mateo,2020-12-23,1557,6297,1369,6097,188,200,0,0,1557,6296,0,0,1557,6296,California
San Mateo,2020-12-24,862,7159,609,6706,253,453,0,0,862,7158,0,0,862,7158,California
San Mateo,2020-12-25,116,7275,113,6819,3,456,0,0,116,7274,0,0,116,7274,California
San Mateo,2020-12-26,559,7834,416,7235,143,599,0,0,559,7833,0,0,559,7833,California
San Mateo,2020-12-27,307,8141,176,7411,131,730,0,0,307,8140,0,0,307,8140,California
San Mateo,2020-12-28,1047,9188,706,8117,341,1071,0,0,1047,9187,0,0,1047,9187,California
San Mateo,2020-12-29,1130,10318,713,8830,417,1488,0,0,1130,10317,0,0,1130,10317,California
San Mateo,2020-12-30,1261,11579,761,9591,500,1988,0,0,1261,11578,0,0,1261,11578,California
San Mateo,2020-12-31,710,12289,231,9822,479,2467,0,0,709,12286,1,1,709,12287,California
San Mateo,2021-01-01,112,12401,76,9898,36,2503,0,0,112,12398,0,1,112,12399,California
San Mateo,2021-01-02,396,12797,269,10167,127,2630,0,0,396,12794,0,1,396,12795,California
San Mateo,2021-01-03,286,13083,211,10378,75,2705,0,0,283,13074,3,4,283,13078,California
San Mateo,2021-01-04,1045,14128,674,11052,371,3076,0,0,1045,14119,0,4,1045,14123,California
San Mateo,2021-01-05,1212,15340,715,11767,497,3573,0,0,1180,15268,32,36,1181,15304,California
San Mateo,2021-01-06,1453,16793,956,12723,497,4070,0,0,1263,16345,187,223,1264,16568,California
San Mateo,2021-01-07,1457,18250,817,13540,640,4710,0,0,1149,17193,301,524,1149,17717,California
San Mateo,2021-01-08,1856,20106,1206,14746,650,5360,0,0,1146,17635,704,1228,1146,18863,California
San Mateo,2021-01-09,1169,21275,771,15517,398,5758,0,0,713,17892,456,1684,713,19576,California
San Mateo,2021-01-10,703,21978,577,16094,126,5884,0,0,262,17713,441,2125,262,19838,California
San Mateo,2021-01-11,2594,24572,1489,17583,1105,6989,0,0,1532,18184,1063,3188,1534,21372,California
San Mateo,2021-01-12,3440,28012,1930,19513,1510,8499,0,0,2217,19192,1213,4401,2221,23593,California
San Mateo,2021-01-13,3410,31422,1665,21178,1745,10244,0,0,2365,20514,1045,5446,2367,25960,California
San Mateo,2021-01-14,3792,35214,1606,22784,2186,12430,0,0,3095,22917,697,6143,3100,29060,California
San Mateo,2021-01-15,4339,39553,1733,24517,2606,15036,0,0,3790,26169,547,6690,3799,32859,California
San Mateo,2021-01-16,3093,42646,770,25287,2323,17359,0,0,2762,28602,330,7020,2763,35622,California
San Mateo,2021-01-17,1308,43954,307,25594,1001,18360,0,0,1100,29494,208,7228,1100,36722,California
San Mateo,2021-01-18,1355,45309,533,26127,822,19182,0,0,978,30098,374,7602,978,37700,California
San Mateo,2021-01-19,2796,48105,1793,27920,1003,20185,0,0,1993,31291,800,8402,1993,39693,California
San Mateo,2021-01-20,2795,50900,1545,29465,1250,21435,0,0,1950,32400,842,9244,1951,41644,California
San Mateo,2021-01-21,2857,53757,1293,30758,1564,22999,0,0,2271,34090,584,9828,2274,43918,California
San Mateo,2021-01-22,2815,56572,1146,31904,1669,24668,0,0,2520,36320,293,10121,2523,46441,California
San Mateo,2021-01-23,2868,59440,1674,33578,1194,25862,0,0,2506,38465,362,10483,2507,48948,California
San Mateo,2021-01-24,1506,60946,377,33955,1129,26991,0,0,1196,39353,309,10792,1197,50145,California
San Mateo,2021-01-25,4393,65339,3132,37087,1261,28252,0,0,3496,41959,894,11686,3500,53645,California
San Mateo,2021-01-26,4323,69662,3008,40095,1315,29567,0,0,3390,44422,931,12617,3394,57039,California
San Mateo,2021-01-27,2809,72471,1478,41573,1331,30898,0,0,1799,45218,1004,13621,1800,58839,California
San Mateo,2021-01-28,2802,75273,1359,42932,1443,32341,0,0,1945,46320,843,14464,1945,60784,California
San Mateo,2021-01-29,3009,78282,1369,44301,1640,33981,0,0,2154,47624,852,15316,2156,62940,California
San Mateo,2021-01-30,3485,81767,1487,45788,1998,35979,0,0,3028,50197,456,15772,3029,65969,California
San Mateo,2021-01-31,1673,83440,894,46682,779,36758,0,0,1512,51549,160,15932,1512,67481,California
San Mateo,2021-02-01,2925,86365,1354,48036,1571,38329,0,0,2204,53037,717,16649,2205,69686,California
San Mateo,2021-02-02,3197,89562,1728,49764,1469,39798,0,0,2166,54176,1027,17676,2166,71852,California
San Mateo,2021-02-03,4993,94555,2055,51819,2938,42736,0,0,3850,56887,1140,18816,3851,75703,California
San Mateo,2021-02-04,6183,100738,2506,54325,3677,46413,0,0,4903,60519,1275,20091,4907,80610,California
San Mateo,2021-02-05,6769,107507,2541,56866,4228,50641,0,0,4948,63664,1803,21894,4948,85558,California
San Mateo,2021-02-06,3266,110773,1911,58777,1355,51996,0,0,2608,65618,656,22550,2610,88168,California
San Mateo,2021-02-07,1886,112659,1346,60123,540,52536,0,0,1698,67128,188,22738,1698,89866,California
San Mateo,2021-02-08,5280,117939,2264,62387,3016,55552,0,0,3109,68130,2107,24845,3109,92975,California
San Mateo,2021-02-09,6147,124086,3205,65592,2942,58494,0,0,3314,68617,2827,27672,3314,96289,California
San Mateo,2021-02-10,6524,130610,3282,68874,3242,61736,0,0,3429,68962,3084,30756,3429,99718,California
San Mateo,2021-02-11,7040,137650,3579,72453,3461,65197,0,0,3795,69523,3236,33992,3797,103515,California
San Mateo,2021-02-12,6625,144275,2989,75442,3636,68833,0,0,4697,72299,1923,35915,4699,108214,California
San Mateo,2021-02-13,6107,150382,4030,79472,2077,70910,0,0,2634,71465,3468,39383,2634,110848,California
San Mateo,2021-02-14,4636,155018,3031,82503,1605,72515,0,0,1977,70790,2653,42036,1978,112826,California
San Mateo,2021-02-15,3126,158144,1440,83943,1686,74201,0,0,1763,71197,1357,43393,1764,114590,California
San Mateo,2021-02-16,7124,165268,1881,85824,5243,79444,0,0,5260,74597,1862,45255,5262,119852,California
San Mateo,2021-02-17,7054,172322,1935,87759,5119,84563,0,0,5027,77606,2020,47275,5029,124881,California
San Mateo,2021-02-18,6648,178970,4590,92349,2058,86621,0,0,4417,79799,2227,49502,4420,129301,California
San Mateo,2021-02-19,7785,186755,5595,97944,2190,88811,0,0,5764,83549,2014,51516,5764,135065,California
San Mateo,2021-02-20,3780,190535,2421,100365,1359,90170,0,0,2346,84468,1427,52943,2346,137411,California
San Mateo,2021-02-21,2618,193153,1781,102146,837,91007,0,0,1564,84985,1047,53990,1564,138975,California
San Mateo,2021-02-22,4446,197599,3238,105384,1208,92215,0,0,2815,86176,1625,55615,2816,141791,California
San Mateo,2021-02-23,4340,201939,3122,108506,1218,93433,0,0,2534,86913,1797,57412,2534,144325,California
San Mateo,2021-02-24,7351,209290,3306,111812,4045,97478,0,0,4886,89344,2456,59868,4887,149212,California
San Mateo,2021-02-25,9278,218568,4128,115940,5150,102628,0,0,6122,92328,3139,63007,6123,155335,California
San Mateo,2021-02-26,10002,228570,3855,119795,6147,108775,0,0,6937,96219,3050,66057,6941,162276,California
San Mateo,2021-02-27,6953,235523,3552,123347,3401,112176,0,0,3727,96733,3219,69276,3733,166009,California
San Mateo,2021-02-28,4434,239957,2742,126089,1692,113868,0,0,2663,97634,1763,71039,2664,168673,California
San Mateo,2021-03-01,5987,245944,3784,129873,2200,116068,3,3,2960,97585,3012,74051,2963,171636,California
San Mateo,2021-03-02,6205,252149,4416,134289,1788,117856,1,4,3566,98522,2631,76682,3568,175204,California
San Mateo,2021-03-03,8471,260620,3989,138278,4480,122336,2,6,3650,97366,4808,81490,3652,178856,California
San Mateo,2021-03-04,8508,269128,4001,142279,4504,126840,3,9,3825,96534,4662,86152,3830,182686,California
San Mateo,2021-03-05,9337,278465,6238,148517,3095,129935,4,13,6540,100304,2776,88928,6546,189232,California
San Mateo,2021-03-06,7962,286427,5557,154074,2230,132165,175,188,5838,104203,2113,91041,6012,195244,California
San Mateo,2021-03-07,3569,289996,2438,156512,1061,133226,70,258,2100,104908,1465,92506,2170,197414,California
San Mateo,2021-03-08,4497,294493,2549,159061,1730,134956,218,476,3288,107210,1202,93708,3504,200918,California
San Mateo,2021-03-09,5389,299882,2848,161909,2266,137222,275,751,3800,109706,1577,95285,4073,204991,California
San Mateo,2021-03-10,7197,307079,2906,164815,4006,141228,285,1036,4811,112430,2370,97655,5094,210085,California
San Mateo,2021-03-11,9098,316177,5726,170541,2982,144210,390,1426,3696,111142,5370,103025,4082,214167,California
San Mateo,2021-03-12,10565,326742,6680,177221,3500,147710,385,1811,3568,108117,6977,110002,3952,218119,California
San Mateo,2021-03-13,8220,334962,3489,180710,3097,150807,1634,3445,3985,109505,4222,114224,5610,223729,California
San Mateo,2021-03-14,4981,339943,3374,184084,1503,152310,104,3549,2645,109925,2328,116552,2748,226477,California
San Mateo,2021-03-15,7156,347099,4627,188711,2353,154663,176,3725,3745,110443,3404,119956,3922,230399,California
San Mateo,2021-03-16,11933,359032,4378,193089,7433,162096,122,3847,4786,108225,7128,127084,4910,235309,California
San Mateo,2021-03-17,10856,369888,4415,197504,6296,168392,145,3992,4860,107265,5966,133050,5006,240315,California
San Mateo,2021-03-18,7247,377135,4080,201584,2981,171373,186,4178,4279,108769,2960,136010,4464,244779,California
San Mateo,2021-03-19,7438,384573,4825,206409,1940,173313,673,4851,3551,109117,3876,139886,4224,249003,California
San Mateo,2021-03-20,8483,393056,6555,212964,1593,174906,335,5186,5422,111830,3043,142929,5756,254759,California
San Mateo,2021-03-21,4229,397285,3220,216184,782,175688,227,5413,2269,112374,1949,144878,2493,257252,California
San Mateo,2021-03-22,5239,402524,3581,219765,1240,176928,418,5831,2739,113046,2484,147362,3156,260408,California
San Mateo,2021-03-23,9792,412316,4476,224241,5123,182051,193,6024,4377,112232,5384,152746,4570,264978,California
San Mateo,2021-03-24,9492,421808,5467,229708,3882,185933,143,6167,4051,111053,5370,158116,4191,269169,California
San Mateo,2021-03-25,10146,431954,4950,234658,4889,190822,307,6474,4397,110116,5644,163760,4707,273876,California
San Mateo,2021-03-26,11262,443216,7768,242426,3326,194148,168,6642,4278,107620,6942,170702,4446,278322,California
San Mateo,2021-03-27,10609,453825,8152,250578,2355,196503,102,6744,4716,106563,5874,176576,4817,283139,California
San Mateo,2021-03-28,4250,458075,2764,253342,1376,197879,110,6854,1984,106403,2256,178832,2096,285235,California
San Mateo,2021-03-29,6025,464100,3750,257092,2021,199900,254,7108,2681,106014,3324,182156,2935,288170,California
San Mateo,2021-03-30,7146,471246,4066,261158,2927,202827,153,7261,3838,106714,3291,185447,3991,292161,California
San Mateo,2021-03-31,7264,478510,4584,265742,2536,205363,144,7405,3807,107226,3439,188886,3951,296112,California
San Mateo,2021-04-01,10607,489117,5240,270982,4160,209523,1207,8612,5704,109277,4855,193741,6906,303018,California
San Mateo,2021-04-02,10873,499990,5179,276161,4035,213558,1659,10271,5662,111401,5189,198930,7313,310331,California
San Mateo,2021-04-03,10018,510008,5719,281880,2465,216023,1834,12105,5077,113380,4932,203862,6911,317242,California
San Mateo,2021-04-04,5434,515442,2616,284496,1565,217588,1253,13358,1693,112598,3725,207587,2943,320185,California
San Mateo,2021-04-05,8931,524373,4757,289253,2447,220035,1727,15085,3812,113032,5101,212688,5535,325720,California
San Mateo,2021-04-06,13283,537656,8238,297491,3188,223223,1857,16942,7511,116648,5756,218444,9372,335092,California
San Mateo,2021-04-07,11377,549033,5240,302731,4452,227675,1685,18627,4821,116611,6535,224979,6498,341590,California
San Mateo,2021-04-08,10165,559198,5033,307764,2529,230204,2603,21230,4503,118061,5643,230622,7093,348683,California
San Mateo,2021-04-09,11348,570546,5535,313299,3336,233540,2477,23707,5096,119377,6249,236871,7565,356248,California
San Mateo,2021-04-10,11345,581891,5747,319046,4149,237689,1449,25156,4682,118871,6632,243503,6126,362374,California
San Mateo,2021-04-11,6677,588568,3292,322338,872,238561,2513,27669,2310,119328,4360,247863,4817,367191,California
San Mateo,2021-04-12,7322,595890,4460,326798,1886,240447,976,28645,3545,120089,3756,251619,4517,371708,California
San Mateo,2021-04-13,8232,604122,5126,331924,3095,243542,11,28656,4382,120646,3838,255457,4395,376103,California
San Mateo,2021-04-14,8392,612514,5451,337375,2940,246482,1,28657,4333,120946,4041,259498,4341,380444,California
San Mateo,2021-04-15,11232,623746,7461,344836,3769,250251,2,28659,7392,124528,3813,263311,7395,387839,California
San Mateo,2021-04-16,9999,633745,6906,351742,3077,253328,16,28675,6364,127304,3612,266923,6388,394227,California
San Mateo,2021-04-17,9874,643619,6561,358303,3311,256639,2,28677,6168,129792,3696,270619,6184,400411,California
San Mateo,2021-04-18,5480,649099,2623,360926,2857,259496,0,28677,3691,131715,1775,272394,3698,404109,California
San Mateo,2021-04-19,8363,657462,5450,366376,2913,262409,0,28677,5456,134289,2892,275286,5466,409575,California
San Mateo,2021-04-20,10309,667771,5763,372139,4545,266954,1,28678,6644,137301,3643,278929,6655,416230,California
San Mateo,2021-04-21,9030,676801,6099,378238,2929,269883,2,28680,5585,139470,3423,282352,5592,421822,California
San Mateo,2021-04-22,9667,686468,6474,384712,3192,273075,1,28681,5369,140582,4265,286617,5377,427199,California
San Mateo,2021-04-23,9468,695936,6248,390960,3220,276295,0,28681,5341,141837,4101,290718,5356,432555,California
San Mateo,2021-04-24,11303,707239,8044,399004,3259,279554,0,28681,5842,142250,5437,296155,5850,438405,California
San Mateo,2021-04-25,5537,712776,3845,402849,1690,281244,2,28683,3956,144650,1565,297720,3965,442370,California
San Mateo,2021-04-26,6644,719420,4799,407648,1837,283081,8,28691,3884,145807,2747,300467,3904,446274,California
San Mateo,2021-04-27,11359,730779,7986,415634,3218,286299,155,28846,4640,143920,6686,307153,4799,451073,California
San Mateo,2021-04-28,7865,738644,4488,420122,3172,289471,205,29051,4216,144710,3635,310788,4425,455498,California
San Mateo,2021-04-29,8088,746732,3739,423861,4177,293648,172,29223,3660,144155,4399,315187,3844,459342,California
San Mateo,2021-04-30,8043,754775,5054,428915,2836,296484,153,29376,3411,143126,4607,319794,3578,462920,California
San Mateo,2021-05-01,6162,760937,4128,433043,1917,298401,117,29493,2689,142488,3455,323249,2817,465737,California
San Mateo,2021-05-02,3185,764122,1739,434782,1376,299777,70,29563,1157,141700,2020,325269,1232,466969,California
San Mateo,2021-05-03,6010,770132,4483,439265,1383,301160,144,29707,1837,139517,4165,329434,1982,468951,California
San Mateo,2021-05-04,7331,777463,4994,444259,2165,303325,172,29879,2488,137359,4829,334263,2671,471622,California
San Mateo,2021-05-05,6903,784366,4524,448783,2221,305546,158,30037,2389,135425,4484,338747,2550,474172,California
San Mateo,2021-05-06,8644,793010,6748,455531,1720,307266,176,30213,1745,130468,6880,345627,1923,476095,California
San Mateo,2021-05-07,8199,801209,5857,461388,2055,309321,287,30500,1827,126247,6347,351974,2126,478221,California
San Mateo,2021-05-08,6641,807850,4009,465397,2392,311713,240,30740,1847,123557,4781,356755,2091,480312,California
San Mateo,2021-05-09,3132,810982,2434,467831,624,312337,74,30814,1060,122630,2062,358817,1135,481447,California
San Mateo,2021-05-10,4623,815605,3329,471160,1123,313460,171,30985,757,119710,3856,362673,936,482383,California
San Mateo,2021-05-11,6730,822335,5041,476201,1560,315020,129,31114,1740,116604,4977,367650,1871,484254,California
San Mateo,2021-05-12,6929,829264,5042,481243,1672,316692,215,31329,1798,113503,5116,372766,2015,486269,California
San Mateo,2021-05-13,9619,838883,7193,488436,2331,319023,95,31424,3564,111152,6022,378788,3671,489940,California
San Mateo,2021-05-14,8320,847203,6153,494589,2055,321078,112,31536,2702,108372,5601,384389,2821,492761,California
San Mateo,2021-05-15,10405,857608,8116,502705,2188,323266,101,31637,4564,107230,5828,390217,4686,497447,California
San Mateo,2021-05-16,7168,864776,5093,507798,2006,325272,69,31706,2185,104522,4964,395181,2256,499703,California
San Mateo,2021-05-17,7075,871851,5009,512807,1957,327229,109,31815,2149,101873,4911,400092,2262,501965,California
San Mateo,2021-05-18,8445,880296,5835,518642,2513,329742,97,31912,3094,99844,5224,405316,3195,505160,California
San Mateo,2021-05-19,7887,888183,5902,524544,1863,331605,122,32034,3706,99540,4133,409449,3829,508989,California
San Mateo,2021-05-20,5629,893812,3464,528008,2030,333635,135,32169,2264,98600,3341,412790,2401,511390,California
San Mateo,2021-05-21,6992,900804,4766,532774,2082,335717,144,32313,2045,95863,4926,417716,2189,513579,California
San Mateo,2021-05-22,6159,906963,4124,536898,1967,337684,68,32381,2425,94645,3714,421430,2496,516075,California
San Mateo,2021-05-23,3001,909964,1656,538554,1256,338940,89,32470,1161,94067,1828,423258,1250,517325,California
San Mateo,2021-05-24,3459,913423,2244,540798,1066,340006,149,32619,1125,93022,2316,425574,1271,518596,California
San Mateo,2021-05-25,4764,918187,3001,543799,1584,341590,179,32798,1595,91651,3148,428722,1777,520373,California
San Mateo,2021-05-26,5690,923877,3062,546861,2511,344101,117,32915,1806,89709,3865,432587,1923,522296,California
San Mateo,2021-05-27,3772,927649,2194,549055,1478,345579,100,33015,1242,88542,2505,435092,1338,523634,California
San Mateo,2021-05-28,3479,931128,2186,551241,1208,346787,85,33100,1325,87836,2114,437206,1408,525042,California
San Mateo,2021-05-29,3215,934343,2281,553522,882,347669,52,33152,1307,87312,1882,439088,1358,526400,California
San Mateo,2021-05-30,1630,935973,1094,554616,475,348144,61,33213,643,87038,978,440066,704,527104,California
San Mateo,2021-05-31,442,936415,277,554893,156,348300,9,33222,164,86935,276,440342,173,527277,California
San Mateo,2021-06-01,3320,939735,1969,556862,1254,349554,97,33319,1048,85820,2259,442601,1144,528421,California
San Mateo,2021-06-02,2768,942503,1839,558701,851,350405,78,33397,1122,85387,1631,444232,1198,529619,California
San Mateo,2021-06-03,3817,946320,3001,561702,702,351107,114,33511,885,83463,2919,447151,995,530614,California
San Mateo,2021-06-04,4165,950485,3219,564921,851,351958,95,33606,1248,81895,2898,450049,1330,531944,California
San Mateo,2021-06-05,5159,955644,4518,569439,543,352501,98,33704,1105,79074,4024,454073,1203,533147,California
San Mateo,2021-06-06,2498,958142,2059,571498,378,352879,61,33765,554,77762,1923,455996,611,533758,California
San Mateo,2021-06-07,3104,961246,2603,574101,418,353297,83,33848,790,76326,2307,458303,871,534629,California
San Mateo,2021-06-08,4077,965323,3444,577545,530,353827,103,33951,1013,74412,3030,461333,1116,535745,California
San Mateo,2021-06-09,4140,969463,3565,581110,505,354332,70,34021,630,71610,3500,464833,698,536443,California
San Mateo,2021-06-10,2972,972435,2407,583517,450,354782,115,34136,778,70322,2181,467014,893,537336,California
San Mateo,2021-06-11,2828,975263,2279,585796,437,355219,112,34248,912,69439,1907,468921,1024,538360,California
San Mateo,2021-06-12,3154,978417,2816,588612,258,355477,80,34328,964,68306,2177,471098,1044,539404,California
San Mateo,2021-06-13,1422,979839,1074,589686,286,355763,62,34390,362,67681,1048,472146,423,539827,California
San Mateo,2021-06-14,2390,982229,2066,591752,244,356007,80,34470,775,66951,1585,473731,855,540682,California
San Mateo,2021-06-15,2190,984419,1748,593500,327,356334,115,34585,669,66232,1503,475234,784,541466,California
San Mateo,2021-06-16,2216,986635,1837,595337,236,356570,143,34728,652,65500,1521,476755,789,542255,California
San Mateo,2021-06-17,1000,987635,821,596158,127,356697,52,34780,324,65206,671,477426,377,542632,California
Santa Barbara,2020-12-15,2,2,2,2,0,0,0,0,2,2,0,0,2,2,California
Santa Barbara,2020-12-16,2,4,2,4,0,0,0,0,2,4,0,0,2,4,California
Santa Barbara,2020-12-17,56,60,56,60,0,0,0,0,56,60,0,0,56,60,California
Santa Barbara,2020-12-18,380,440,379,439,1,1,0,0,380,440,0,0,380,440,California
Santa Barbara,2020-12-19,325,765,325,764,0,1,0,0,325,765,0,0,325,765,California
Santa Barbara,2020-12-20,234,999,234,998,0,1,0,0,234,999,0,0,234,999,California
Santa Barbara,2020-12-21,652,1651,650,1648,2,3,0,0,652,1651,0,0,652,1651,California
Santa Barbara,2020-12-22,246,1897,244,1892,2,5,0,0,246,1897,0,0,246,1897,California
Santa Barbara,2020-12-23,324,2221,206,2098,118,123,0,0,324,2221,0,0,324,2221,California
Santa Barbara,2020-12-24,88,2309,40,2138,48,171,0,0,88,2309,0,0,88,2309,California
Santa Barbara,2020-12-26,325,2634,66,2204,259,430,0,0,325,2634,0,0,325,2634,California
Santa Barbara,2020-12-27,62,2696,1,2205,61,491,0,0,62,2696,0,0,62,2696,California
Santa Barbara,2020-12-28,357,3053,224,2429,133,624,0,0,357,3053,0,0,357,3053,California
Santa Barbara,2020-12-29,561,3614,359,2788,202,826,0,0,561,3614,0,0,561,3614,California
Santa Barbara,2020-12-30,577,4191,396,3184,181,1007,0,0,577,4191,0,0,577,4191,California
Santa Barbara,2020-12-31,241,4432,115,3299,126,1133,0,0,241,4432,0,0,241,4432,California
Santa Barbara,2021-01-01,117,4549,111,3410,6,1139,0,0,117,4549,0,0,117,4549,California
Santa Barbara,2021-01-02,599,5148,233,3643,366,1505,0,0,599,5148,0,0,599,5148,California
Santa Barbara,2021-01-03,23,5171,15,3658,8,1513,0,0,23,5171,0,0,23,5171,California
Santa Barbara,2021-01-04,305,5476,242,3900,63,1576,0,0,304,5475,0,0,304,5475,California
Santa Barbara,2021-01-05,753,6229,380,4280,373,1949,0,0,725,6172,28,28,725,6200,California
Santa Barbara,2021-01-06,657,6886,277,4557,380,2329,0,0,596,6708,60,88,596,6796,California
Santa Barbara,2021-01-07,1032,7918,709,5266,323,2652,0,0,528,6736,500,588,528,7324,California
Santa Barbara,2021-01-08,1202,9120,845,6111,357,3009,0,0,708,6950,494,1082,708,8032,California
Santa Barbara,2021-01-09,565,9685,293,6404,272,3281,0,0,319,7023,246,1328,319,8351,California
Santa Barbara,2021-01-10,62,9747,50,6454,12,3293,0,0,46,7053,16,1344,46,8397,California
Santa Barbara,2021-01-11,840,10587,672,7126,168,3461,0,0,615,7444,224,1568,615,9012,California
Santa Barbara,2021-01-12,1440,12027,646,7772,794,4255,0,0,1281,8566,159,1727,1281,10293,California
Santa Barbara,2021-01-13,1217,13244,268,8040,949,5204,0,0,1091,9531,126,1853,1091,11384,California
Santa Barbara,2021-01-14,1254,14498,136,8176,1118,6322,0,0,1199,10677,54,1907,1200,12584,California
Santa Barbara,2021-01-15,1813,16311,429,8605,1384,7706,0,0,1730,12326,81,1988,1730,14314,California
Santa Barbara,2021-01-16,1280,17591,202,8807,1078,8784,0,0,1240,13527,39,2027,1240,15554,California
Santa Barbara,2021-01-17,125,17716,22,8829,103,8887,0,0,122,13646,3,2030,122,15676,California
Santa Barbara,2021-01-18,1155,18871,419,9248,736,9623,0,0,969,14429,186,2216,969,16645,California
Santa Barbara,2021-01-19,1642,20513,572,9820,1070,10693,0,0,1361,15512,278,2494,1361,18006,California
Santa Barbara,2021-01-20,2113,22626,549,10369,1564,12257,0,0,1758,16916,354,2848,1758,19764,California
Santa Barbara,2021-01-21,3207,25833,1924,12293,1283,13540,0,0,3047,19804,160,3008,3048,22812,California
Santa Barbara,2021-01-22,2935,28768,1782,14075,1153,14693,0,0,2772,22417,160,3168,2773,25585,California
Santa Barbara,2021-01-23,1729,30497,1099,15174,630,15323,0,0,1212,23113,516,3684,1212,26797,California
Santa Barbara,2021-01-24,843,31340,751,15925,92,15415,0,0,833,23936,10,3694,833,27630,California
Santa Barbara,2021-01-25,1239,32579,494,16419,745,16160,0,0,1004,24705,235,3929,1004,28634,California
Santa Barbara,2021-01-26,2089,34668,506,16925,1583,17743,0,0,1706,26030,381,4310,1706,30340,California
Santa Barbara,2021-01-27,1169,35837,401,17326,768,18511,0,0,907,26678,261,4571,909,31249,California
Santa Barbara,2021-01-28,893,36730,298,17624,595,19106,0,0,680,27148,210,4781,680,31929,California
Santa Barbara,2021-01-29,1343,38073,530,18154,813,19919,0,0,981,27773,358,5139,983,32912,California
Santa Barbara,2021-01-30,1908,39981,1423,19577,485,20404,0,0,1492,28852,413,5552,1492,34404,California
Santa Barbara,2021-01-31,1455,41436,1217,20794,238,20642,0,0,1416,30229,39,5591,1416,35820,California
Santa Barbara,2021-02-01,954,42390,528,21322,426,21068,0,0,556,30387,398,5989,556,36376,California
Santa Barbara,2021-02-02,1808,44198,680,22002,1128,22196,0,0,1039,30659,767,6756,1039,37415,California
Santa Barbara,2021-02-03,1947,46145,1080,23082,867,23063,0,0,1506,31735,430,7186,1506,38921,California
Santa Barbara,2021-02-04,2781,48926,1868,24950,913,23976,0,0,2484,33928,291,7477,2484,41405,California
Santa Barbara,2021-02-05,2901,51827,2060,27010,841,24817,0,0,2256,35541,643,8120,2256,43661,California
Santa Barbara,2021-02-06,1201,53028,338,27348,863,25680,0,0,792,35924,409,8529,792,44453,California
Santa Barbara,2021-02-07,303,53331,264,27612,39,25719,0,0,267,36156,35,8564,267,44720,California
Santa Barbara,2021-02-08,955,54286,309,27921,646,26365,0,0,667,36535,288,8852,667,45387,California
Santa Barbara,2021-02-09,2434,56720,313,28234,2121,28486,0,0,1116,36342,1309,10161,1116,46503,California
Santa Barbara,2021-02-10,2757,59477,1495,29729,1262,29748,0,0,774,35141,1975,12136,774,47277,California
Santa Barbara,2021-02-11,4193,63670,2812,32541,1381,31129,0,0,628,32216,3553,15689,628,47905,California
Santa Barbara,2021-02-12,3305,66975,946,33487,2359,33488,0,0,773,30463,2526,18215,773,48678,California
Santa Barbara,2021-02-13,1232,68207,339,33826,893,34381,0,0,561,30355,669,18884,561,49239,California
Santa Barbara,2021-02-14,337,68544,42,33868,295,34676,0,0,289,30596,48,18932,289,49528,California
Santa Barbara,2021-02-15,970,69514,340,34208,630,35306,0,0,495,30619,472,19404,495,50023,California
Santa Barbara,2021-02-16,2159,71673,444,34652,1715,37021,0,0,723,29910,1432,20836,723,50746,California
Santa Barbara,2021-02-17,1436,73109,319,34971,1117,38138,0,0,520,29518,912,21748,520,51266,California
Santa Barbara,2021-02-18,3261,76370,2655,37626,606,38744,0,0,1524,29341,1701,23449,1524,52790,California
Santa Barbara,2021-02-19,3582,79952,2631,40257,951,39695,0,0,2318,30399,1261,24710,2319,55109,California
Santa Barbara,2021-02-20,2231,82183,1446,41703,785,40480,0,0,1670,31518,551,25261,1670,56779,California
Santa Barbara,2021-02-21,138,82321,109,41812,29,40509,0,0,61,31504,75,25336,61,56840,California
Santa Barbara,2021-02-22,932,83253,242,42054,690,41199,0,0,269,31112,661,25997,269,57109,California
Santa Barbara,2021-02-23,3192,86445,1047,43101,2145,43344,0,0,420,28764,2768,28765,420,57529,California
Santa Barbara,2021-02-24,3221,89666,1100,44201,2121,45465,0,0,720,26992,2492,31257,720,58249,California
Santa Barbara,2021-02-25,3463,93129,1922,46123,1541,47006,0,0,993,25524,2462,33719,994,59243,California
Santa Barbara,2021-02-26,3664,96793,2179,48302,1485,48491,0,0,1973,25814,1683,35402,1973,61216,California
Santa Barbara,2021-02-27,1535,98328,560,48862,975,49466,0,0,857,25999,674,36076,859,62075,California
Santa Barbara,2021-02-28,1084,99412,221,49083,863,50329,0,0,892,26706,186,36262,893,62968,California
Santa Barbara,2021-03-01,1650,101062,472,49555,1176,51505,2,2,1090,27256,543,36805,1093,64061,California
Santa Barbara,2021-03-02,2660,103722,422,49977,2238,53743,0,2,2160,28930,487,37292,2161,66222,California
Santa Barbara,2021-03-03,4638,108360,2103,52080,2533,56276,2,4,4040,32387,588,37880,4045,70267,California
Santa Barbara,2021-03-04,3429,111789,2282,54362,1147,57423,0,4,2873,34713,547,38427,2873,73140,California
Santa Barbara,2021-03-05,3817,115606,2162,56524,1596,59019,59,63,3092,37144,720,39147,3151,76291,California
Santa Barbara,2021-03-06,2434,118040,728,57252,1487,60506,219,282,1670,38271,759,39906,1886,78177,California
Santa Barbara,2021-03-07,566,118606,124,57376,311,60817,131,413,385,38608,180,40086,517,78694,California
Santa Barbara,2021-03-08,1578,120184,378,57754,857,61674,343,756,794,38967,778,40864,1137,79831,California
Santa Barbara,2021-03-09,2804,122988,348,58102,1682,63356,774,1530,740,38416,2061,42925,1510,81341,California
Santa Barbara,2021-03-10,2772,125760,554,58656,1164,64520,1054,2584,1047,38794,1720,44645,2098,83439,California
Santa Barbara,2021-03-11,5589,131349,3035,61691,1436,65956,1118,3702,2279,38888,3296,47941,3390,86829,California
Santa Barbara,2021-03-12,3692,135041,2104,63795,1158,67114,430,4132,2186,40003,1498,49439,2613,89442,California
Santa Barbara,2021-03-13,3499,138540,1938,65733,1353,68467,208,4340,2699,42113,797,50236,2907,92349,California
Santa Barbara,2021-03-14,807,139347,392,66125,360,68827,55,4395,487,42336,319,50555,542,92891,California
Santa Barbara,2021-03-15,2116,141463,697,66822,1127,69954,292,4687,1269,43056,839,51394,1559,94450,California
Santa Barbara,2021-03-16,3728,145191,1175,67997,2211,72165,342,5029,2739,45153,984,52378,3081,97531,California
Santa Barbara,2021-03-17,3320,148511,979,68976,1937,74102,404,5433,2328,46892,989,53367,2728,100259,California
Santa Barbara,2021-03-18,5229,153740,2796,71772,2231,76333,202,5635,4006,49893,1207,54574,4208,104467,California
Santa Barbara,2021-03-19,4446,158186,2770,74542,1343,77676,333,5968,3054,51891,1388,55962,3386,107853,California
Santa Barbara,2021-03-20,2181,160367,836,75378,1329,79005,16,5984,1334,52396,844,56806,1349,109202,California
Santa Barbara,2021-03-21,1169,161536,384,75762,754,79759,31,6015,840,52941,326,57132,871,110073,California
Santa Barbara,2021-03-22,2777,164313,1915,77677,818,80577,44,6059,2221,54659,547,57679,2265,112338,California
Santa Barbara,2021-03-23,4484,168797,2260,79937,2123,82700,101,6160,3710,57705,764,58443,3810,116148,California
Santa Barbara,2021-03-24,5422,174219,3152,83089,1514,84214,756,6916,2970,58998,2429,60872,3722,119870,California
Santa Barbara,2021-03-25,5567,179786,3273,86362,2101,86315,193,7109,2786,59213,2764,63636,2979,122849,California
Santa Barbara,2021-03-26,5095,184881,3229,89591,1567,87882,299,7408,2246,58927,2831,66467,2545,125394,California
Santa Barbara,2021-03-27,2963,187844,1226,90817,1694,89576,43,7451,1625,59259,1334,67801,1666,127060,California
Santa Barbara,2021-03-28,2783,190627,1658,92475,1097,90673,28,7479,1895,60299,884,68685,1924,128984,California
Santa Barbara,2021-03-29,4041,194668,2085,94560,1886,92559,70,7549,3231,62794,806,69491,3301,132285,California
Santa Barbara,2021-03-30,6805,201473,3510,98070,3144,95703,151,7700,4537,65226,2253,71744,4685,136970,California
Santa Barbara,2021-03-31,8704,210177,5541,103611,3097,98800,66,7766,5057,66724,3625,75369,5123,142093,California
Santa Barbara,2021-04-01,7061,217238,5219,108830,1581,100381,261,8027,4182,68306,2859,78228,4441,146534,California
Santa Barbara,2021-04-02,6658,223896,4568,113398,1496,101877,594,8621,3431,69111,3219,81447,4024,150558,California
Santa Barbara,2021-04-03,3811,227707,2114,115512,1631,103508,66,8687,2518,70407,1287,82734,2583,153141,California
Santa Barbara,2021-04-04,899,228606,443,115955,416,103924,40,8727,498,70546,399,83133,538,153679,California
Santa Barbara,2021-04-05,3467,232073,2293,118248,916,104840,258,8985,2171,71688,1287,84420,2429,156108,California
Santa Barbara,2021-04-06,5492,237565,2833,121081,2120,106960,539,9524,3363,73474,2113,86533,3899,160007,California
Santa Barbara,2021-04-07,6034,243599,3296,124377,2195,109155,543,10067,4093,76177,1932,88465,4635,164642,California
Santa Barbara,2021-04-08,7426,251025,5051,129428,646,109801,1729,11796,3431,77346,3988,92453,5157,169799,California
Santa Barbara,2021-04-09,7347,258372,4885,134313,1097,110898,1365,13161,3314,77996,4023,96476,4673,174472,California
Santa Barbara,2021-04-10,6730,265102,4670,138983,1445,112343,615,13776,4585,81058,2136,98612,5198,179670,California
Santa Barbara,2021-04-11,2687,267789,1972,140955,412,112755,303,14079,1861,82397,820,99432,2159,181829,California
Santa Barbara,2021-04-12,4421,272210,2848,143803,1021,113776,552,14631,1916,82365,2498,101930,2466,184295,California
Santa Barbara,2021-04-13,6390,278600,4196,147999,2188,115964,6,14637,2659,81303,3726,105656,2664,186959,California
Santa Barbara,2021-04-14,6821,285421,4433,152432,2386,118350,2,14639,4255,83007,2555,108211,4259,191218,California
Santa Barbara,2021-04-15,7023,292444,4125,156557,2897,121247,1,14640,3812,83625,3198,111409,3816,195034,California
Santa Barbara,2021-04-16,6427,298871,3780,160337,2636,123883,11,14651,4426,86079,1983,113392,4437,199471,California
Santa Barbara,2021-04-17,5355,304226,3886,164223,1469,125352,0,14651,4128,88996,1213,114605,4130,203601,California
Santa Barbara,2021-04-18,2167,306393,1507,165730,660,126012,0,14651,379,87601,1783,116388,388,203989,California
Santa Barbara,2021-04-19,3249,309642,2242,167972,1001,127013,6,14657,1031,86432,2212,118600,1043,205032,California
Santa Barbara,2021-04-20,5875,315517,3950,171922,1924,128937,1,14658,1653,83878,4207,122807,1653,206685,California
Santa Barbara,2021-04-21,5484,321001,3637,175559,1847,130784,0,14658,1739,81886,3731,126538,1739,208424,California
Santa Barbara,2021-04-22,5086,326087,2551,178110,2534,133318,1,14659,1452,79723,3618,130156,1455,209879,California
Santa Barbara,2021-04-23,5582,331669,3875,181985,1707,135025,0,14659,1960,78074,3609,133765,1960,211839,California
Santa Barbara,2021-04-24,4432,336101,2878,184863,1549,136574,5,14664,1635,76937,2778,136543,1641,213480,California
Santa Barbara,2021-04-25,1840,337941,1187,186050,653,137227,0,14664,498,76102,1333,137876,498,213978,California
Santa Barbara,2021-04-26,3242,341183,1973,188023,1248,138475,21,14685,558,74004,2677,140553,579,214557,California
Santa Barbara,2021-04-27,3959,345142,2163,190186,1693,140168,103,14788,1167,72491,2782,143335,1269,215826,California
Santa Barbara,2021-04-28,4914,350056,2862,193048,1935,142103,117,14905,1394,70500,3505,146840,1514,217340,California
Santa Barbara,2021-04-29,5253,355309,3799,196847,1227,143330,227,15132,1437,68362,3800,150640,1662,219002,California
Santa Barbara,2021-04-30,4953,360262,3700,200547,1089,144419,164,15296,1408,66404,3529,154169,1571,220573,California
Santa Barbara,2021-05-01,5265,365527,4076,204623,1155,145574,34,15330,891,62970,4360,158529,926,221499,California
Santa Barbara,2021-05-02,1135,366662,667,205290,340,145914,128,15458,308,62580,826,159355,436,221935,California
Santa Barbara,2021-05-03,2201,368863,1475,206765,587,146501,139,15597,438,61399,1756,161111,575,222510,California
Santa Barbara,2021-05-04,3293,372156,1668,208433,1553,148054,72,15669,1146,60482,2134,163245,1217,223727,California
Santa Barbara,2021-05-05,5435,377591,3674,212107,1614,149668,147,15816,620,56449,4802,168047,769,224496,California
Santa Barbara,2021-05-06,5053,382644,3914,216021,1035,150703,104,15920,961,53439,4075,172122,1065,225561,California
Santa Barbara,2021-05-07,4672,387316,3658,219679,834,151537,180,16100,1000,50958,3658,175780,1177,226738,California
Santa Barbara,2021-05-08,4243,391559,3161,222840,984,152521,98,16198,885,48596,3345,179125,983,227721,California
Santa Barbara,2021-05-09,700,392259,111,222951,549,153070,40,16238,466,48870,233,179358,507,228228,California
Santa Barbara,2021-05-10,1324,393583,628,223579,613,153683,83,16321,365,48360,957,180315,447,228675,California
Santa Barbara,2021-05-11,1873,395456,788,224367,791,154474,294,16615,427,47640,1438,181753,718,229393,California
Santa Barbara,2021-05-12,1659,397115,737,225104,698,155172,224,16839,480,47173,1171,182924,704,230097,California
Santa Barbara,2021-05-13,3732,400847,2786,227890,750,155922,196,17035,1234,46116,2487,185411,1430,231527,California
Santa Barbara,2021-05-14,4137,404984,2518,230408,1525,157447,94,17129,1624,45335,2498,187909,1717,233244,California
Santa Barbara,2021-05-15,3517,408501,2565,232973,933,158380,19,17148,1841,45531,1665,189574,1861,235105,California
Santa Barbara,2021-05-16,1066,409567,466,233439,485,158865,115,17263,469,45523,592,190166,584,235689,California
Santa Barbara,2021-05-17,1638,411205,932,234371,643,159508,63,17326,865,45683,767,190933,927,236616,California
Santa Barbara,2021-05-18,1838,413043,1159,235530,583,160091,96,17422,968,45894,854,191787,1065,237681,California
Santa Barbara,2021-05-19,1761,414804,970,236500,751,160842,40,17462,820,45820,933,192720,859,238540,California
Santa Barbara,2021-05-20,1716,416520,939,237439,658,161500,119,17581,864,45962,840,193560,982,239522,California
Santa Barbara,2021-05-21,3461,419981,2340,239779,1067,162567,54,17635,1274,45119,2172,195732,1329,240851,California
Santa Barbara,2021-05-22,2467,422448,1708,241487,715,163282,44,17679,1392,45489,1067,196799,1437,242288,California
Santa Barbara,2021-05-23,748,423196,327,241814,393,163675,28,17707,410,45590,337,197136,438,242726,California
Santa Barbara,2021-05-24,999,424195,584,242398,352,164027,63,17770,482,45622,513,197649,545,243271,California
Santa Barbara,2021-05-25,1399,425594,566,242964,764,164791,69,17839,459,45216,934,198583,528,243799,California
Santa Barbara,2021-05-26,3008,428602,1710,244674,1178,165969,120,17959,835,44012,2158,200741,954,244753,California
Santa Barbara,2021-05-27,1952,430554,1210,245884,599,166568,143,18102,824,43859,1121,201862,968,245721,California
Santa Barbara,2021-05-28,1510,432064,704,246588,654,167222,152,18254,621,43747,886,202748,774,246495,California
Santa Barbara,2021-05-29,897,432961,315,246903,545,167767,37,18291,367,43624,527,203275,404,246899,California
Santa Barbara,2021-05-30,499,433460,179,247082,223,167990,97,18388,186,43595,311,203586,282,247181,California
Santa Barbara,2021-05-31,95,433555,43,247125,42,168032,10,18398,23,43556,71,203657,32,247213,California
Santa Barbara,2021-06-01,1126,434681,591,247716,477,168509,58,18456,461,43415,660,204317,519,247732,California
Santa Barbara,2021-06-02,979,435660,585,248301,311,168820,83,18539,432,43386,543,204860,514,248246,California
Santa Barbara,2021-06-03,2054,437714,1545,249846,453,169273,56,18595,616,42625,1432,206292,671,248917,California
Santa Barbara,2021-06-04,1449,439163,662,250508,647,169920,140,18735,483,42288,957,207249,620,249537,California
Santa Barbara,2021-06-05,2915,442078,2210,252718,653,170573,52,18787,497,40430,2406,209655,548,250085,California
Santa Barbara,2021-06-06,904,442982,476,253194,409,170982,19,18806,254,40056,647,210302,273,250358,California
Santa Barbara,2021-06-07,1157,444139,828,254022,281,171263,48,18854,302,39553,853,211155,350,250708,California
Santa Barbara,2021-06-08,1105,445244,713,254735,360,171623,32,18886,294,39072,806,211961,325,251033,California
Santa Barbara,2021-06-09,1024,446268,695,255430,245,171868,84,18970,337,38809,684,212645,421,251454,California
Santa Barbara,2021-06-10,2379,448647,2070,257500,238,172106,71,19041,529,37562,1847,214492,600,252054,California
Santa Barbara,2021-06-11,1303,449950,605,258105,594,172700,104,19145,394,37157,903,215395,498,252552,California
Santa Barbara,2021-06-12,873,450823,590,258695,260,172960,23,19168,228,36767,640,216035,250,252802,California
Santa Barbara,2021-06-13,480,451303,293,258988,90,173050,97,19265,124,36634,354,216389,221,253023,California
Santa Barbara,2021-06-14,1255,452558,857,259845,321,173371,77,19342,339,36143,907,217296,416,253439,California
Santa Barbara,2021-06-15,1122,453680,750,260595,337,173708,35,19377,391,35845,724,218020,426,253865,California
Santa Barbara,2021-06-16,900,454580,626,261221,228,173936,46,19423,342,35678,553,218573,386,254251,California
Santa Barbara,2021-06-17,1387,455967,1218,262439,91,174027,78,19501,413,35197,973,219546,492,254743,California
Santa Clara,2020-12-15,69,69,69,69,0,0,0,0,69,69,0,0,69,69,California
Santa Clara,2020-12-16,152,221,152,221,0,0,0,0,152,221,0,0,152,221,California
Santa Clara,2020-12-17,411,632,411,632,0,0,0,0,411,632,0,0,411,632,California
Santa Clara,2020-12-18,1765,2397,1765,2397,0,0,0,0,1765,2397,0,0,1765,2397,California
Santa Clara,2020-12-19,2093,4490,2093,4490,0,0,0,0,2092,4489,0,0,2092,4489,California
Santa Clara,2020-12-20,1903,6393,1902,6392,1,1,0,0,1900,6389,0,0,1900,6389,California
Santa Clara,2020-12-21,2673,9066,2673,9065,0,1,0,0,2671,9059,1,1,2671,9060,California
Santa Clara,2020-12-22,3125,12191,3118,12183,7,8,0,0,3121,12180,0,1,3121,12181,California
Santa Clara,2020-12-23,3293,15484,3098,15281,195,203,0,0,3292,15472,0,1,3292,15473,California
Santa Clara,2020-12-24,1899,17383,1705,16986,194,397,0,0,1893,17363,2,3,1893,17366,California
Santa Clara,2020-12-25,349,17732,348,17334,1,398,0,0,349,17712,0,3,349,17715,California
Santa Clara,2020-12-26,1280,19012,1042,18376,238,636,0,0,1279,18991,0,3,1279,18994,California
Santa Clara,2020-12-27,651,19663,509,18885,142,778,0,0,651,19642,0,3,651,19645,California
Santa Clara,2020-12-28,2362,22025,1742,20627,620,1398,0,0,2362,22004,0,3,2362,22007,California
Santa Clara,2020-12-29,2376,24401,1503,22130,873,2271,0,0,2375,24379,0,3,2375,24382,California
Santa Clara,2020-12-30,3011,27412,1900,24030,1111,3382,0,0,3009,27386,2,5,3009,27391,California
Santa Clara,2020-12-31,1234,28646,393,24423,841,4223,0,0,1233,28618,1,6,1233,28624,California
Santa Clara,2021-01-01,149,28795,13,24436,136,4359,0,0,148,28765,1,7,148,28772,California
Santa Clara,2021-01-02,1101,29896,825,25261,276,4635,0,0,1101,29866,0,7,1101,29873,California
Santa Clara,2021-01-03,585,30481,367,25628,218,4853,0,0,580,30443,3,10,580,30453,California
Santa Clara,2021-01-04,2490,32971,1681,27309,809,5662,0,0,2487,32930,0,10,2487,32940,California
Santa Clara,2021-01-05,3106,36077,2035,29344,1071,6733,0,0,2912,35655,193,203,2918,35858,California
Santa Clara,2021-01-06,3379,39456,1999,31343,1380,8113,0,0,2764,37811,610,813,2766,38624,California
Santa Clara,2021-01-07,4251,43707,2574,33917,1677,9790,0,0,3158,39892,1083,1896,3164,41788,California
Santa Clara,2021-01-08,5895,49602,3856,37773,2039,11829,0,0,3771,41546,2117,4013,3771,45559,California
Santa Clara,2021-01-09,3031,52633,1909,39682,1122,12951,0,0,1701,41923,1327,5340,1704,47263,California
Santa Clara,2021-01-10,1979,54612,1526,41208,453,13404,0,0,758,41461,1220,6560,758,48021,California
Santa Clara,2021-01-11,5985,60597,3782,44990,2203,15607,0,0,3391,42266,2591,9151,3396,51417,California
Santa Clara,2021-01-12,6894,67491,3488,48478,3406,19013,0,0,4567,44521,2313,11464,4568,55985,California
Santa Clara,2021-01-13,7488,74979,3132,51610,4356,23369,0,0,5237,47513,2247,13711,5239,61224,California
Santa Clara,2021-01-14,8343,83322,2875,54485,5468,28837,0,0,6532,52245,1803,15514,6535,67759,California
Santa Clara,2021-01-15,9609,92931,2780,57265,6829,35666,0,0,8202,59075,1403,16917,8233,75992,California
Santa Clara,2021-01-16,4361,97292,1258,58523,3103,38769,0,0,3501,61720,856,17773,3501,79493,California
Santa Clara,2021-01-17,3246,100538,609,59132,2637,41406,0,0,2743,63963,500,18273,2743,82236,California
Santa Clara,2021-01-18,5152,105690,1185,60317,3967,45373,0,0,4587,67986,565,18838,4588,86824,California
Santa Clara,2021-01-19,8549,114239,2701,63018,5848,51221,0,0,6853,73150,1693,20531,6857,93681,California
Santa Clara,2021-01-20,8175,122414,4165,67183,4010,55231,0,0,6613,78206,1557,22088,6613,100294,California
Santa Clara,2021-01-21,8814,131228,3828,71011,4986,60217,0,0,7588,84573,1224,23312,7591,107885,California
Santa Clara,2021-01-22,8708,139936,3256,74267,5452,65669,0,0,8127,92124,579,23891,8130,116015,California
Santa Clara,2021-01-23,3829,143765,1706,75973,2123,67792,0,0,2851,93998,978,24869,2852,118867,California
Santa Clara,2021-01-24,2855,146620,1424,77397,1431,69223,0,0,2367,95880,485,25354,2367,121234,California
Santa Clara,2021-01-25,8444,155064,3813,81210,4631,73854,0,0,6350,100146,2086,27440,6352,127586,California
Santa Clara,2021-01-26,8400,163464,3842,85052,4558,78412,0,0,6244,104246,2146,29586,6246,133832,California
Santa Clara,2021-01-27,8849,172313,3898,88950,4951,83363,0,0,6900,109217,1930,31516,6901,140733,California
Santa Clara,2021-01-28,9646,181959,3896,92846,5750,89113,0,0,7646,114889,1979,33495,7651,148384,California
Santa Clara,2021-01-29,9623,191582,3963,96809,5660,94773,0,0,7425,120129,2186,35681,7426,155810,California
Santa Clara,2021-01-30,4124,195706,2078,98887,2046,96819,0,0,2900,121813,1217,36898,2901,158711,California
Santa Clara,2021-01-31,2196,197902,1307,100194,889,97708,0,0,1595,122812,596,37494,1595,160306,California
Santa Clara,2021-02-01,7897,205799,3528,103722,4369,102077,0,0,6182,127289,1707,39201,6184,166490,California
Santa Clara,2021-02-02,8672,214471,2905,106627,5767,107844,0,0,6645,131917,2020,41221,6648,173138,California
Santa Clara,2021-02-03,9259,223730,3509,110136,5750,113594,0,0,6957,136586,2294,43515,6963,180101,California
Santa Clara,2021-02-04,11053,234783,4190,114326,6863,120457,0,0,8737,143021,2305,45820,8740,188841,California
Santa Clara,2021-02-05,12018,246801,4371,118697,7647,128104,0,0,8538,148094,3466,49286,8539,197380,California
Santa Clara,2021-02-06,5266,252067,2859,121556,2407,130511,0,0,4085,151003,1178,50464,4087,201467,California
Santa Clara,2021-02-07,3513,255580,2363,123919,1150,131661,0,0,3056,153604,456,50920,3057,204524,California
Santa Clara,2021-02-08,10111,265691,3546,127465,6565,138226,0,0,7383,158274,2714,53634,7384,211908,California
Santa Clara,2021-02-09,11245,276936,3849,131314,7396,145622,0,0,7722,162491,3509,57143,7726,219634,California
Santa Clara,2021-02-10,12736,289672,4974,136288,7762,153384,0,0,6877,163525,5847,62990,6881,226515,California
Santa Clara,2021-02-11,13683,303355,4798,141086,8885,162269,0,0,7773,165405,5895,68885,7775,234290,California
Santa Clara,2021-02-12,14680,318035,4507,145593,10173,172442,0,0,7043,164834,7616,76501,7045,241335,California
Santa Clara,2021-02-13,6128,324163,1475,147068,4653,177095,0,0,2238,163191,3883,80384,2240,243575,California
Santa Clara,2021-02-14,4649,328812,1156,148224,3493,180588,0,0,1493,161532,3154,83538,1495,245070,California
Santa Clara,2021-02-15,6317,335129,2804,151028,3513,184101,0,0,2731,160684,3579,87117,2731,247801,California
Santa Clara,2021-02-16,13910,349039,4066,155094,9844,193945,0,0,6972,160734,6923,94040,6973,254774,California
Santa Clara,2021-02-17,14165,363204,5545,160639,8620,202565,0,0,7068,160727,7080,101120,7073,261847,California
Santa Clara,2021-02-18,14386,377590,8502,169141,5884,208449,0,0,7317,161020,7028,108148,7321,269168,California
Santa Clara,2021-02-19,15017,392607,9622,178763,5395,213844,0,0,8750,163525,6250,114398,8755,277923,California
Santa Clara,2021-02-20,6974,399581,5222,183985,1752,215596,0,0,3757,164076,3206,117604,3757,281680,California
Santa Clara,2021-02-21,3412,402993,2523,186508,889,216485,0,0,1267,163209,2136,119740,1269,282949,California
Santa Clara,2021-02-22,10400,413393,6221,192729,4179,220664,0,0,4844,162510,5544,125284,4845,287794,California
Santa Clara,2021-02-23,12103,425496,7838,200567,4265,224929,0,0,6846,164118,5243,130527,6851,294645,California
Santa Clara,2021-02-24,14348,439844,9260,209827,5088,230017,0,0,8870,167527,5461,135988,8870,303515,California
Santa Clara,2021-02-25,15172,455016,9683,219510,5489,235506,0,0,8264,168919,6883,142871,8275,311790,California
Santa Clara,2021-02-26,15083,470099,8743,228253,6340,241846,0,0,8233,170332,6823,149694,8236,320026,California
Santa Clara,2021-02-27,8268,478367,5754,234007,2513,244359,1,1,4653,171389,3604,153298,4661,324687,California
Santa Clara,2021-02-28,5420,483787,3700,237707,1720,246079,0,1,2686,171353,2723,156021,2687,327374,California
Santa Clara,2021-03-01,14654,498441,8432,246139,6216,252295,6,7,9094,174914,5539,161560,9100,336474,California
Santa Clara,2021-03-02,16223,514664,9601,255740,6621,258916,1,8,10344,179405,5855,167415,10346,346820,California
Santa Clara,2021-03-03,18809,533473,9344,265084,9461,268377,4,12,11715,184071,7057,174472,11723,358543,California
Santa Clara,2021-03-04,16670,550143,9093,274177,7574,275951,3,15,9701,186890,6887,181359,9706,368249,California
Santa Clara,2021-03-05,16719,566862,9308,283485,7285,283236,126,141,9288,188900,7409,188768,9419,377668,California
Santa Clara,2021-03-06,9524,576386,6353,289838,2718,285954,453,594,7135,194109,2377,191145,7586,385254,California
Santa Clara,2021-03-07,6884,583270,4495,294333,2145,288099,244,838,5469,198415,1406,192551,5712,390966,California
Santa Clara,2021-03-08,13011,596281,6778,301111,5656,293755,577,1415,8353,202704,4640,197191,8929,399895,California
Santa Clara,2021-03-09,15300,611581,6564,307675,7396,301151,1340,2755,6841,202438,8440,205631,8174,408069,California
Santa Clara,2021-03-10,15220,626801,6641,314316,6454,307605,2125,4880,6246,201837,8946,214577,8345,416414,California
Santa Clara,2021-03-11,17186,643987,7810,322126,7864,315469,1512,6392,6094,198365,11062,225639,7590,424004,California
Santa Clara,2021-03-12,17844,661831,9151,331277,7114,322583,1579,7971,5990,194101,11810,237449,7546,431550,California
Santa Clara,2021-03-13,10821,672652,6272,337549,3046,325629,1503,9474,4775,194333,6022,243471,6254,437804,California
Santa Clara,2021-03-14,6574,679226,3399,340948,1862,327491,1313,10787,3179,195435,3378,246849,4480,442284,California
Santa Clara,2021-03-15,12914,692140,6595,347543,6041,333532,278,11065,5993,194810,6896,253745,6271,448555,California
Santa Clara,2021-03-16,18334,710474,10376,357919,7750,341282,208,11273,8866,194442,9440,263185,9072,457627,California
Santa Clara,2021-03-17,20116,730590,11412,369331,8536,349818,168,11441,10377,195294,9687,272872,10539,468166,California
Santa Clara,2021-03-18,19258,749848,9003,378334,9076,358894,1179,12620,9008,195279,10194,283066,10179,478345,California
Santa Clara,2021-03-19,19463,769311,9994,388328,8460,367354,1009,13629,9911,196697,9492,292558,10910,489255,California
Santa Clara,2021-03-20,11509,780820,6369,394697,4305,371659,835,14464,6675,199401,4803,297361,7507,496762,California
Santa Clara,2021-03-21,8377,789197,3795,398492,3175,374834,1407,15871,5347,203125,3016,300377,6740,503502,California
Santa Clara,2021-03-22,16470,805667,9212,407704,6902,381736,356,16227,9047,205127,7397,307774,9399,512901,California
Santa Clara,2021-03-23,19349,825016,12309,420013,6514,388250,526,16753,11108,208565,8192,315966,11630,524531,California
Santa Clara,2021-03-24,22724,847740,14643,434656,7664,395914,417,17170,14566,215434,8115,324081,14984,539515,California
Santa Clara,2021-03-25,23051,870791,13232,447888,8861,404775,958,18128,14788,222965,8198,332279,15729,555244,California
Santa Clara,2021-03-26,22076,892867,14041,461929,7643,412418,392,18520,13533,228376,8505,340784,13916,569160,California
Santa Clara,2021-03-27,15779,908646,10480,472409,4527,416945,772,19292,8423,230256,7310,348094,9190,578350,California
Santa Clara,2021-03-28,12147,920793,8417,480826,3014,419959,716,20008,6518,231883,5602,353696,7229,585579,California
Santa Clara,2021-03-29,20712,941505,12700,493526,7284,427243,728,20736,11170,234273,9500,363196,11890,597469,California
Santa Clara,2021-03-30,25821,967326,15340,508866,8521,435764,1960,22696,16218,242877,9559,372755,18163,615632,California
Santa Clara,2021-03-31,20629,987955,11995,520861,7501,443265,1133,23829,12619,248647,7965,380720,13735,629367,California
Santa Clara,2021-04-01,31996,1019951,19952,540813,8964,452229,3080,26909,20174,260118,11751,392471,23222,652589,California
Santa Clara,2021-04-02,25359,1045310,14488,555301,8735,460964,2136,29045,16599,270121,8715,401186,18718,671307,California
Santa Clara,2021-04-03,15361,1060671,9324,564625,3550,464514,2487,31532,8571,274395,6767,407953,11041,682348,California
Santa Clara,2021-04-04,7707,1068378,4077,568702,2453,466967,1177,32709,4000,275869,3696,411649,5170,687518,California
Santa Clara,2021-04-05,22039,1090417,14675,583377,4868,471835,2496,35205,14397,285133,7616,419265,16880,704398,California
Santa Clara,2021-04-06,29707,1120124,16407,599784,7804,479639,5496,40701,17872,296687,11784,431049,23338,727736,California
Santa Clara,2021-04-07,31090,1151214,16022,615806,8523,488162,6545,47246,18976,310112,12055,443104,25480,753216,California
Santa Clara,2021-04-08,30171,1181385,16498,632304,6015,494177,7658,54904,16437,320504,13659,456763,24051,777267,California
Santa Clara,2021-04-09,28278,1209663,13984,646288,6953,501130,7341,62245,14437,328463,13772,470535,21731,798998,California
Santa Clara,2021-04-10,21597,1231260,12496,658784,3762,504892,5339,67584,11563,335313,9998,480533,16848,815846,California
Santa Clara,2021-04-11,16098,1247358,9662,668446,2684,507576,3752,71336,8362,339702,7701,488234,12090,827936,California
Santa Clara,2021-04-12,27162,1274520,19087,687533,5600,513176,2475,73811,18491,352044,8609,496843,20951,848887,California
Santa Clara,2021-04-13,34524,1309044,27122,714655,7371,520547,31,73842,26580,370807,7868,504711,26631,875518,California
Santa Clara,2021-04-14,37064,1346108,28033,742688,9027,529574,4,73846,26291,386438,10703,515414,26334,901852,California
Santa Clara,2021-04-15,44553,1390661,34515,777203,10033,539607,5,73851,34364,410757,10076,525490,34395,936247,California
Santa Clara,2021-04-16,38688,1429349,26460,803663,12224,551831,4,73855,27725,427618,10892,536382,27753,964000,California
Santa Clara,2021-04-17,22051,1451400,15059,818722,6990,558821,2,73857,15171,435986,6822,543204,15190,979190,California
Santa Clara,2021-04-18,16520,1467920,10721,829443,5799,564620,0,73857,10308,440125,6182,549386,10321,989511,California
Santa Clara,2021-04-19,28930,1496850,20910,850353,8019,572639,1,73858,17307,445911,11553,560939,17339,1006850,California
Santa Clara,2021-04-20,37048,1533898,22504,872857,14542,587181,2,73860,22621,454249,14320,575259,22658,1029508,California
Santa Clara,2021-04-21,36898,1570796,21395,894252,15501,602682,2,73862,24381,466236,12428,587687,24415,1053923,California
Santa Clara,2021-04-22,37298,1608094,24870,919122,12427,615109,1,73863,17608,464317,19593,607280,17674,1071597,California
Santa Clara,2021-04-23,32160,1640254,19554,938676,12605,627714,1,73864,15057,462427,17001,624281,15111,1086708,California
Santa Clara,2021-04-24,21183,1661437,15507,954183,5675,633389,1,73865,11988,465328,9118,633399,12019,1098727,California
Santa Clara,2021-04-25,13644,1675081,9883,964066,3755,637144,6,73871,8691,469140,4910,638309,8722,1107449,California
Santa Clara,2021-04-26,25011,1700092,19282,983348,5670,642814,59,73930,10367,465043,14547,652856,10450,1117899,California
Santa Clara,2021-04-27,27570,1727662,19585,1002933,7602,650416,383,74313,12013,462017,15465,668321,12439,1130338,California
Santa Clara,2021-04-28,26043,1753705,19293,1022226,6311,656727,439,74752,11048,458649,14913,683234,11545,1141883,California
Santa Clara,2021-04-29,23948,1777653,17533,1039759,6017,662744,398,75150,8972,453185,14900,698134,9436,1151319,California
Santa Clara,2021-04-30,23058,1800711,15776,1055535,6917,669661,365,75515,9770,450196,13201,711335,10212,1161531,California
Santa Clara,2021-05-01,17498,1818209,14540,1070075,2697,672358,261,75776,5459,443970,11989,723324,5763,1167294,California
Santa Clara,2021-05-02,11305,1829514,9381,1079456,1692,674050,232,76008,3482,439927,7779,731103,3736,1171030,California
Santa Clara,2021-05-03,22865,1852379,19404,1098860,3028,677078,433,76441,5131,427871,17656,748759,5600,1176630,California
Santa Clara,2021-05-04,30518,1882897,23849,1122709,6126,683204,543,76984,5478,408997,24940,773699,6066,1182696,California
Santa Clara,2021-05-05,32120,1915017,24359,1147068,7214,690418,547,77531,5412,388367,26613,800312,5983,1188679,California
Santa Clara,2021-05-06,35432,1950449,29530,1176598,5428,695846,474,78005,4687,362936,30614,830926,5183,1193862,California
Santa Clara,2021-05-07,32570,1983019,26187,1202785,5891,701737,492,78497,4639,340309,27798,858724,5171,1199033,California
Santa Clara,2021-05-08,16490,1999509,13418,1216203,2649,704386,423,78920,3483,331312,12919,871643,3922,1202955,California
Santa Clara,2021-05-09,10488,2009997,9120,1225323,1181,705567,187,79107,2459,325980,7991,879634,2659,1205614,California
Santa Clara,2021-05-10,20828,2030825,16682,1242005,3739,709306,407,79514,2737,311134,18010,897644,3164,1208778,California
Santa Clara,2021-05-11,22173,2052998,16624,1258629,5105,714411,444,79958,4007,297516,18076,915720,4458,1213236,California
Santa Clara,2021-05-12,21032,2074030,15380,1274009,5137,719548,515,80473,4517,286141,16423,932143,5048,1218284,California
Santa Clara,2021-05-13,28063,2102093,22731,1296740,5027,724575,305,80778,11264,280999,16715,948858,11573,1229857,California
Santa Clara,2021-05-14,27713,2129806,19337,1316077,7990,732565,386,81164,9761,273298,17860,966718,10159,1240016,California
Santa Clara,2021-05-15,20894,2150700,16781,1332858,3833,736398,280,81444,8092,268957,12720,979438,8379,1248395,California
Santa Clara,2021-05-16,16131,2166831,13130,1345988,2824,739222,177,81621,5236,263558,10815,990253,5416,1253811,California
Santa Clara,2021-05-17,20199,2187030,15882,1361870,3953,743175,364,81985,6904,257604,13223,1003476,7269,1261080,California
Santa Clara,2021-05-18,26133,2213163,16671,1378541,9046,752221,416,82401,7309,246644,18686,1022162,7726,1268806,California
Santa Clara,2021-05-19,24620,2237783,14382,1392923,9816,762037,422,82823,7513,237589,16997,1039159,7942,1276748,California
Santa Clara,2021-05-20,18360,2256143,12048,1404971,5862,767899,450,83273,6189,232139,12085,1051244,6635,1283383,California
Santa Clara,2021-05-21,22301,2278444,14817,1419788,6988,774887,496,83769,7659,225772,14536,1065780,8169,1291552,California
Santa Clara,2021-05-22,12846,2291290,9728,1429516,2770,777657,348,84117,5611,224564,7170,1072950,5962,1297514,California
Santa Clara,2021-05-23,8129,2299419,6008,1435524,1921,779578,200,84317,3250,223184,4832,1077782,3452,1300966,California
Santa Clara,2021-05-24,10275,2309694,7278,1442802,2544,782122,453,84770,3547,220517,6667,1084449,4000,1304966,California
Santa Clara,2021-05-25,11481,2321175,7963,1450765,3099,785221,419,85189,4471,218469,6936,1091385,4888,1309854,California
Santa Clara,2021-05-26,10379,2331554,6737,1457502,3308,788529,334,85523,4004,216529,6272,1097657,4332,1314186,California
Santa Clara,2021-05-27,9361,2340915,6007,1463509,2882,791411,472,85995,3595,214889,5700,1103357,4060,1318246,California
Santa Clara,2021-05-28,10847,2351762,7061,1470570,3363,794774,423,86418,4497,213524,6286,1109643,4921,1323167,California
Santa Clara,2021-05-29,6291,2358053,4299,1474869,1710,796484,282,86700,2885,213320,3367,1113010,3163,1326330,California
Santa Clara,2021-05-30,3812,2361865,2867,1477736,735,797219,210,86910,1827,213398,1958,1114968,2036,1328366,California
Santa Clara,2021-05-31,1090,2362955,626,1478362,354,797573,110,87020,439,213302,645,1115613,549,1328915,California
Santa Clara,2021-06-01,9035,2371990,6363,1484725,2291,799864,381,87401,3276,211269,5689,1121302,3656,1332571,California
Santa Clara,2021-06-02,7634,2379624,5505,1490230,1777,801641,352,87753,2961,209954,4619,1125921,3304,1335875,California
Santa Clara,2021-06-03,12226,2391850,10127,1500357,1730,803371,369,88122,2780,203715,9391,1135312,3152,1339027,California
Santa Clara,2021-06-04,13576,2405426,11401,1511758,1861,805232,314,88436,3407,197321,10108,1145420,3714,1342741,California
Santa Clara,2021-06-05,10450,2415876,8998,1520756,1194,806426,258,88694,2227,191633,8171,1153591,2483,1345224,California
Santa Clara,2021-06-06,6855,2422731,6108,1526864,595,807021,152,88846,1408,187800,5393,1158984,1560,1346784,California
Santa Clara,2021-06-07,9889,2432620,8343,1535207,1305,808326,241,89087,2395,182974,7459,1166443,2633,1349417,California
Santa Clara,2021-06-08,9142,2441762,7483,1542690,1389,809715,270,89357,2499,179154,6585,1173028,2765,1352182,California
Santa Clara,2021-06-09,9468,2451230,7912,1550602,1305,811020,251,89608,2258,174509,7149,1180177,2504,1354686,California
Santa Clara,2021-06-10,8267,2459497,6862,1557464,1078,812098,327,89935,2252,171123,5962,1186139,2576,1357262,California
Santa Clara,2021-06-11,10142,2469639,8653,1566117,1210,813308,279,90214,2507,166322,7587,1193726,2786,1360048,California
Santa Clara,2021-06-12,7121,2476760,5933,1572050,1023,814331,165,90379,1695,162799,5383,1199109,1860,1361908,California
Santa Clara,2021-06-13,3652,2480412,2948,1574998,594,814925,110,90489,871,161020,2760,1201869,981,1362889,California
Santa Clara,2021-06-14,5888,2486300,4779,1579777,883,815808,226,90715,2079,159550,3775,1205644,2305,1365194,California
Santa Clara,2021-06-15,7340,2493640,5953,1585730,1086,816894,301,91016,2089,156736,5205,1210849,2391,1367585,California
Santa Clara,2021-06-16,6157,2499797,5053,1590783,840,817734,264,91280,2039,154967,4073,1214922,2304,1369889,California
Santa Clara,2021-06-17,3130,2502927,2513,1593296,435,818169,182,91462,1030,154092,2086,1217008,1211,1371100,California
Santa Cruz,2020-12-15,2,2,2,2,0,0,0,0,2,2,0,0,2,2,California
Santa Cruz,2020-12-16,55,57,55,57,0,0,0,0,55,57,0,0,55,57,California
Santa Cruz,2020-12-17,383,440,383,440,0,0,0,0,383,440,0,0,383,440,California
Santa Cruz,2020-12-18,445,885,445,885,0,0,0,0,445,885,0,0,445,885,California
Santa Cruz,2020-12-19,167,1052,166,1051,1,1,0,0,167,1052,0,0,167,1052,California
Santa Cruz,2020-12-20,90,1142,90,1141,0,1,0,0,90,1142,0,0,90,1142,California
Santa Cruz,2020-12-21,428,1570,427,1568,1,2,0,0,428,1570,0,0,428,1570,California
Santa Cruz,2020-12-22,403,1973,402,1970,1,3,0,0,403,1973,0,0,403,1973,California
Santa Cruz,2020-12-23,343,2316,305,2275,38,41,0,0,343,2316,0,0,343,2316,California
Santa Cruz,2020-12-24,118,2434,45,2320,73,114,0,0,118,2434,0,0,118,2434,California
Santa Cruz,2020-12-25,7,2441,7,2327,0,114,0,0,7,2441,0,0,7,2441,California
Santa Cruz,2020-12-26,59,2500,42,2369,17,131,0,0,59,2500,0,0,59,2500,California
Santa Cruz,2020-12-27,31,2531,26,2395,5,136,0,0,31,2531,0,0,31,2531,California
Santa Cruz,2020-12-28,464,2995,103,2498,361,497,0,0,464,2995,0,0,464,2995,California
Santa Cruz,2020-12-29,768,3763,358,2856,410,907,0,0,768,3763,0,0,768,3763,California
Santa Cruz,2020-12-30,330,4093,155,3011,175,1082,0,0,330,4093,0,0,330,4093,California
Santa Cruz,2020-12-31,304,4397,10,3021,294,1376,0,0,304,4397,0,0,304,4397,California
Santa Cruz,2021-01-01,33,4430,1,3022,32,1408,0,0,33,4430,0,0,33,4430,California
Santa Cruz,2021-01-02,62,4492,49,3071,13,1421,0,0,62,4492,0,0,62,4492,California
Santa Cruz,2021-01-03,14,4506,6,3077,8,1429,0,0,14,4506,0,0,14,4506,California
Santa Cruz,2021-01-04,271,4777,120,3197,151,1580,0,0,269,4775,0,0,269,4775,California
Santa Cruz,2021-01-05,549,5326,423,3620,126,1706,0,0,251,4728,298,298,251,5026,California
Santa Cruz,2021-01-06,777,6103,650,4270,127,1833,0,0,449,4850,327,625,449,5475,California
Santa Cruz,2021-01-07,511,6614,198,4468,313,2146,0,0,362,5064,149,774,363,5838,California
Santa Cruz,2021-01-08,894,7508,542,5010,352,2498,0,0,466,5103,428,1202,467,6305,California
Santa Cruz,2021-01-09,443,7951,114,5124,329,2827,0,0,394,5448,49,1251,394,6699,California
Santa Cruz,2021-01-10,68,8019,60,5184,8,2835,0,0,18,5416,50,1301,18,6717,California
Santa Cruz,2021-01-11,696,8715,571,5755,125,2960,0,0,177,5075,519,1820,178,6895,California
Santa Cruz,2021-01-12,694,9409,510,6265,184,3144,0,0,456,5293,238,2058,456,7351,California
Santa Cruz,2021-01-13,482,9891,221,6486,261,3405,0,0,402,5618,77,2135,402,7753,California
Santa Cruz,2021-01-14,507,10398,97,6583,410,3815,0,0,447,6005,60,2195,447,8200,California
Santa Cruz,2021-01-15,1397,11795,72,6655,1325,5140,0,0,1335,7280,62,2257,1337,9537,California
Santa Cruz,2021-01-16,405,12200,45,6700,360,5500,0,0,389,7653,16,2273,389,9926,California
Santa Cruz,2021-01-17,288,12488,40,6740,248,5748,0,0,264,7893,24,2297,264,10190,California
Santa Cruz,2021-01-18,968,13456,94,6834,874,6622,0,0,911,8747,57,2354,911,11101,California
Santa Cruz,2021-01-19,1581,15037,509,7343,1072,7694,0,0,1241,9651,338,2692,1242,12343,California
Santa Cruz,2021-01-20,1205,16242,165,7508,1040,8734,0,0,1015,10479,187,2879,1015,13358,California
Santa Cruz,2021-01-21,1635,17877,188,7696,1447,10181,0,0,1534,11914,101,2980,1536,14894,California
Santa Cruz,2021-01-22,1726,19603,506,8202,1220,11401,0,0,1624,13440,99,3079,1625,16519,California
Santa Cruz,2021-01-23,378,19981,131,8333,247,11648,0,0,325,13713,52,3131,325,16844,California
Santa Cruz,2021-01-24,104,20085,16,8349,88,11736,0,0,87,13783,17,3148,87,16931,California
Santa Cruz,2021-01-25,1007,21092,351,8700,656,12392,0,0,517,13810,490,3638,517,17448,California
Santa Cruz,2021-01-26,1622,22714,236,8936,1386,13778,0,0,1132,14452,490,4128,1132,18580,California
Santa Cruz,2021-01-27,1595,24309,430,9366,1165,14943,0,0,1224,15307,369,4497,1224,19804,California
Santa Cruz,2021-01-28,1687,25996,272,9638,1415,16358,0,0,1420,16461,267,4764,1421,21225,California
Santa Cruz,2021-01-29,1690,27686,475,10113,1215,17573,0,0,1567,17906,122,4886,1567,22792,California
Santa Cruz,2021-01-30,1044,28730,305,10418,739,18312,0,0,913,18688,131,5017,913,23705,California
Santa Cruz,2021-01-31,211,28941,108,10526,103,18415,0,0,197,18871,14,5031,197,23902,California
Santa Cruz,2021-02-01,1182,30123,728,11254,454,18869,0,0,795,19279,387,5418,795,24697,California
Santa Cruz,2021-02-02,931,31054,113,11367,818,19687,0,0,788,19926,141,5559,788,25485,California
Santa Cruz,2021-02-03,2134,33188,909,12276,1225,20912,0,0,1834,21463,297,5856,1834,27319,California
Santa Cruz,2021-02-04,1752,34940,730,13006,1022,21934,0,0,1427,22566,324,6180,1427,28746,California
Santa Cruz,2021-02-05,3029,37969,727,13733,2302,24236,0,0,2733,25004,295,6475,2733,31479,California
Santa Cruz,2021-02-06,2495,40464,139,13872,2356,26592,0,0,2162,26833,333,6808,2162,33641,California
Santa Cruz,2021-02-07,879,41343,118,13990,761,27353,0,0,862,27678,17,6825,862,34503,California
Santa Cruz,2021-02-08,652,41995,182,14172,470,27823,0,0,471,27969,180,7005,471,34974,California
Santa Cruz,2021-02-09,2271,44266,1019,15191,1252,29075,0,0,2023,29744,248,7253,2023,36997,California
Santa Cruz,2021-02-10,2068,46334,533,15724,1535,30610,0,0,1413,30514,644,7897,1414,38411,California
Santa Cruz,2021-02-11,1736,48070,286,16010,1450,32060,0,0,1263,31306,471,8368,1263,39674,California
Santa Cruz,2021-02-12,3060,51130,401,16411,2659,34719,0,0,1712,31681,1339,9707,1714,41388,California
Santa Cruz,2021-02-13,1637,52767,114,16525,1523,36242,0,0,1245,32534,392,10099,1245,42633,California
Santa Cruz,2021-02-14,1352,54119,66,16591,1286,37528,0,0,1098,33378,254,10353,1098,43731,California
Santa Cruz,2021-02-15,1509,55628,266,16857,1243,38771,0,0,525,32920,984,11337,526,44257,California
Santa Cruz,2021-02-16,1621,57249,194,17051,1427,40198,0,0,491,32303,1108,12445,491,44748,California
Santa Cruz,2021-02-17,2791,60040,927,17978,1864,42062,0,0,1136,31800,1642,14087,1139,45887,California
Santa Cruz,2021-02-18,2752,62792,594,18572,2158,44220,0,0,1176,31404,1572,15659,1176,47063,California
Santa Cruz,2021-02-19,3119,65911,1083,19655,2036,46256,0,0,1919,32126,1197,16856,1919,48982,California
Santa Cruz,2021-02-20,2268,68179,1418,21073,850,47106,0,0,1781,33420,487,17343,1781,50763,California
Santa Cruz,2021-02-21,801,68980,344,21417,457,47563,0,0,675,33971,124,17467,675,51438,California
Santa Cruz,2021-02-22,1150,70130,887,22304,263,47826,0,0,487,33797,661,18128,487,51925,California
Santa Cruz,2021-02-23,2001,72131,887,23191,1114,48940,0,0,668,33133,1332,19460,668,52593,California
Santa Cruz,2021-02-24,3063,75194,1601,24792,1462,50402,0,0,1157,32389,1901,21361,1157,53750,California
Santa Cruz,2021-02-25,3081,78275,1341,26133,1740,52142,0,0,1705,32727,1368,22729,1706,55456,California
Santa Cruz,2021-02-26,2614,80889,698,26831,1916,54058,0,0,1486,33091,1123,23852,1487,56943,California
Santa Cruz,2021-02-27,2558,83447,889,27720,1669,55727,0,0,1791,34117,765,24617,1791,58734,California
Santa Cruz,2021-02-28,1253,84700,351,28071,902,56629,0,0,1054,34975,196,24813,1054,59788,California
Santa Cruz,2021-03-01,1809,86509,1189,29260,620,57249,0,0,658,34483,1150,25963,658,60446,California
Santa Cruz,2021-03-02,1419,87928,328,29588,1091,58340,0,0,792,34652,626,26589,795,61241,California
Santa Cruz,2021-03-03,2226,90154,588,30176,1638,59978,0,0,1213,34855,1010,27599,1213,62454,California
Santa Cruz,2021-03-04,2808,92962,1352,31528,1455,61433,1,1,1882,35824,915,28514,1884,64338,California
Santa Cruz,2021-03-05,2514,95476,437,31965,2060,63493,17,18,1082,35494,1429,29943,1099,65437,California
Santa Cruz,2021-03-06,3631,99107,1203,33168,2329,65822,99,117,1981,35924,1650,31593,2080,67517,California
Santa Cruz,2021-03-07,1309,100416,115,33283,1125,66947,69,186,539,35763,769,32362,608,68125,California
Santa Cruz,2021-03-08,1037,101453,202,33485,707,67654,128,314,625,36102,412,32774,751,68876,California
Santa Cruz,2021-03-09,1660,103113,231,33716,1287,68941,142,456,644,35875,1013,33787,786,69662,California
Santa Cruz,2021-03-10,3712,106825,2045,35761,1530,70471,137,593,1934,36172,1776,35563,2073,71735,California
Santa Cruz,2021-03-11,2699,109524,1180,36941,1352,71823,167,760,1508,36659,1190,36753,1677,73412,California
Santa Cruz,2021-03-12,2610,112134,834,37775,1504,73327,272,1032,881,36086,1725,38478,1152,74564,California
Santa Cruz,2021-03-13,2168,114302,1253,39028,879,74206,36,1068,1111,36181,1054,39532,1149,75713,California
Santa Cruz,2021-03-14,844,115146,179,39207,652,74858,13,1081,410,36171,432,39964,422,76135,California
Santa Cruz,2021-03-15,1243,116389,437,39644,775,75633,31,1112,540,36044,699,40663,572,76707,California
Santa Cruz,2021-03-16,2181,118570,1031,40675,1109,76742,41,1153,1263,36434,913,41576,1303,78010,California
Santa Cruz,2021-03-17,3786,122356,2270,42945,1506,78248,10,1163,2486,37640,1294,42870,2500,80510,California
Santa Cruz,2021-03-18,3661,126017,1960,44905,1587,79835,114,1277,1943,37982,1715,44585,2057,82567,California
Santa Cruz,2021-03-19,3199,129216,1244,46149,1748,81583,207,1484,1666,38325,1529,46114,1872,84439,California
Santa Cruz,2021-03-20,2154,131370,1593,47742,496,82079,65,1549,1052,38341,1101,47215,1117,85556,California
Santa Cruz,2021-03-21,782,132152,415,48157,244,82323,123,1672,404,38493,376,47591,528,86084,California
Santa Cruz,2021-03-22,1248,133400,764,48921,462,82785,22,1694,877,39024,368,47959,899,86983,California
Santa Cruz,2021-03-23,2403,135803,1325,50246,1029,83814,49,1743,1592,39856,809,48768,1641,88624,California
Santa Cruz,2021-03-24,2906,138709,1973,52219,913,84727,20,1763,1910,40795,990,49758,1929,90553,California
Santa Cruz,2021-03-25,2494,141203,1252,53471,1210,85937,32,1795,1256,40849,1234,50992,1288,91841,California
Santa Cruz,2021-03-26,2925,144128,1692,55163,1208,87145,25,1820,2005,41965,913,51905,2029,93870,California
Santa Cruz,2021-03-27,2995,147123,1847,57010,1124,88269,24,1844,1413,41831,1572,53477,1438,95308,California
Santa Cruz,2021-03-28,875,147998,533,57543,328,88597,14,1858,449,41872,422,53899,463,95771,California
Santa Cruz,2021-03-29,1877,149875,814,58357,996,89593,67,1925,1189,42443,685,54584,1256,97027,California
Santa Cruz,2021-03-30,2514,152389,744,59101,1622,91215,148,2073,1620,43319,892,55476,1768,98795,California
Santa Cruz,2021-03-31,3966,156355,2701,61802,1222,92437,43,2116,2068,43535,1895,57371,2111,100906,California
Santa Cruz,2021-04-01,3804,160159,2056,63858,1643,94080,105,2221,1930,43702,1868,59239,2035,102941,California
Santa Cruz,2021-04-02,3116,163275,1321,65179,1630,95710,165,2386,1753,44260,1360,60599,1918,104859,California
Santa Cruz,2021-04-03,2126,165401,1175,66354,835,96545,116,2502,828,43907,1296,61895,943,105802,California
Santa Cruz,2021-04-04,884,166285,459,66813,371,96916,54,2556,518,44113,366,62261,572,106374,California
Santa Cruz,2021-04-05,2153,168438,718,67531,1276,98192,159,2715,1328,44777,824,63085,1488,107862,California
Santa Cruz,2021-04-06,3199,171637,1558,69089,1280,99472,361,3076,1866,45675,1323,64408,2221,110083,California
Santa Cruz,2021-04-07,3923,175560,1535,70624,2051,101523,337,3413,1683,45457,2237,66645,2019,112102,California
Santa Cruz,2021-04-08,4022,179582,2180,72804,1363,102886,479,3892,2366,46652,1648,68293,2843,114945,California
Santa Cruz,2021-04-09,3554,183136,1426,74230,1752,104638,376,4268,1998,47478,1549,69842,2375,117320,California
Santa Cruz,2021-04-10,2103,185239,992,75222,890,105528,221,4489,977,47553,1122,70964,1197,118517,California
Santa Cruz,2021-04-11,903,186142,453,75675,366,105894,84,4573,412,47558,491,71455,496,119013,California
Santa Cruz,2021-04-12,2167,188309,747,76422,1028,106922,392,4965,1047,47891,1106,72561,1439,120452,California
Santa Cruz,2021-04-13,2773,191082,1370,77792,1402,108324,1,4966,1579,48286,1185,73746,1580,122032,California
Santa Cruz,2021-04-14,4434,195516,2100,79892,2334,110658,0,4966,2166,48196,2258,76004,2168,124200,California
Santa Cruz,2021-04-15,4824,200340,3051,82943,1773,112431,0,4966,3082,49549,1730,77734,3083,127283,California
Santa Cruz,2021-04-16,4249,204589,2303,85246,1944,114375,2,4968,2322,49956,1919,79653,2326,129609,California
Santa Cruz,2021-04-17,2128,206717,832,86078,1296,115671,0,4968,1407,50645,718,80371,1407,131016,California
Santa Cruz,2021-04-18,987,207704,471,86549,515,116186,1,4969,560,50782,425,80796,562,131578,California
Santa Cruz,2021-04-19,2407,210111,1420,87969,986,117172,1,4970,1528,51435,876,81672,1529,133107,California
Santa Cruz,2021-04-20,2967,213078,1546,89515,1421,118593,0,4970,1731,51941,1226,82898,1732,134839,California
Santa Cruz,2021-04-21,3955,217033,2641,92156,1314,119907,0,4970,2128,52261,1809,84707,2129,136968,California
Santa Cruz,2021-04-22,4088,221121,2766,94922,1322,121229,0,4970,2305,52792,1774,86481,2305,139273,California
Santa Cruz,2021-04-23,3013,224134,1616,96538,1396,122625,1,4971,1313,52415,1690,88171,1313,140586,California
Santa Cruz,2021-04-24,2127,226261,1031,97569,1093,123718,3,4974,662,51624,1456,89627,665,141251,California
Santa Cruz,2021-04-25,1027,227288,651,98220,364,124082,12,4986,416,51448,603,90230,427,141678,California
Santa Cruz,2021-04-26,1979,229267,946,99166,1017,125099,16,5002,830,51156,1139,91369,847,142525,California
Santa Cruz,2021-04-27,2829,232096,890,100056,1859,126958,80,5082,1410,51233,1411,92780,1488,144013,California
Santa Cruz,2021-04-28,3272,235368,1807,101863,1391,128349,74,5156,1724,51491,1537,94317,1795,145808,California
Santa Cruz,2021-04-29,3563,238931,2362,104225,1141,129490,60,5216,1255,50507,2299,96616,1315,147123,California
Santa Cruz,2021-04-30,2257,241188,1132,105357,1082,130572,43,5259,965,50231,1285,97901,1009,148132,California
Santa Cruz,2021-05-01,1196,242384,948,106305,217,130789,31,5290,584,50237,609,98510,615,148747,California
Santa Cruz,2021-05-02,563,242947,393,106698,145,130934,25,5315,199,50098,364,98874,225,148972,California
Santa Cruz,2021-05-03,1819,244766,912,107610,842,131776,65,5380,632,49620,1176,100050,698,149670,California
Santa Cruz,2021-05-04,2532,247298,1457,109067,1009,132785,66,5446,837,48829,1692,101742,901,150571,California
Santa Cruz,2021-05-05,2609,249907,1276,110343,1254,134039,79,5525,687,47716,1883,103625,770,151341,California
Santa Cruz,2021-05-06,3684,253591,2334,112677,1139,135178,211,5736,831,45919,2836,106461,1039,152380,California
Santa Cruz,2021-05-07,2566,256157,1116,113793,1373,136551,77,5813,416,44268,2145,108606,494,152874,California
Santa Cruz,2021-05-08,1290,257447,631,114424,631,137182,28,5841,363,43733,927,109533,392,153266,California
Santa Cruz,2021-05-09,493,257940,311,114735,160,137342,22,5863,153,43570,338,109871,175,153441,California
Santa Cruz,2021-05-10,1965,259905,1158,115893,748,138090,59,5922,394,42460,1563,111434,453,153894,California
Santa Cruz,2021-05-11,2269,262174,1262,117155,923,139013,84,6006,618,41513,1648,113082,701,154595,California
Santa Cruz,2021-05-12,3001,265175,1244,118399,1680,140693,77,6083,541,39680,2452,115534,619,155214,California
Santa Cruz,2021-05-13,3757,268932,2518,120917,1150,141843,89,6172,1342,38702,2411,117945,1433,156647,California
Santa Cruz,2021-05-14,2820,271752,1521,122438,1262,143105,37,6209,1069,38066,1743,119688,1107,157754,California
Santa Cruz,2021-05-15,2203,273955,1278,123716,914,144019,11,6220,1080,38037,1120,120808,1091,158845,California
Santa Cruz,2021-05-16,690,274645,339,124055,332,144351,19,6239,207,37782,482,121290,227,159072,California
Santa Cruz,2021-05-17,1447,276092,729,124784,653,145004,65,6304,506,37413,940,122230,571,159643,California
Santa Cruz,2021-05-18,2182,278274,1331,126115,829,145833,22,6326,1073,37405,1103,123333,1095,160738,California
Santa Cruz,2021-05-19,2971,281245,1801,127916,1135,146968,35,6361,1299,37075,1664,124997,1334,162072,California
Santa Cruz,2021-05-20,3273,284518,2344,130260,783,147751,146,6507,1551,37057,1715,126712,1697,163769,California
Santa Cruz,2021-05-21,1689,286207,861,131121,745,148496,83,6590,593,36642,1091,127803,676,164445,California
Santa Cruz,2021-05-22,1689,287896,1305,132426,374,148870,10,6600,589,36146,1096,128899,600,165045,California
Santa Cruz,2021-05-23,441,288337,241,132667,181,149051,19,6619,138,36002,301,129200,157,165202,California
Santa Cruz,2021-05-24,1113,289450,640,133307,398,149449,75,6694,293,35558,812,130012,368,165570,California
Santa Cruz,2021-05-25,2195,291645,1262,134569,890,150339,43,6737,448,34445,1603,131615,490,166060,California
Santa Cruz,2021-05-26,1654,293299,768,135337,844,151183,42,6779,464,33772,1179,132794,506,166566,California
Santa Cruz,2021-05-27,1270,294569,691,136028,478,151661,101,6880,452,33513,812,133606,553,167119,California
Santa Cruz,2021-05-28,818,295387,360,136388,428,152089,30,6910,356,33446,454,134060,387,167506,California
Santa Cruz,2021-05-29,569,295956,323,136711,237,152326,9,6919,326,33540,242,134302,336,167842,California
Santa Cruz,2021-05-30,228,296184,113,136824,103,152429,12,6931,91,33508,134,134436,102,167944,California
Santa Cruz,2021-05-31,143,296327,62,136886,80,152509,1,6932,45,33457,97,134533,46,167990,California
Santa Cruz,2021-06-01,869,297196,533,137419,328,152837,8,6940,324,33246,543,135076,332,168322,California
Santa Cruz,2021-06-02,868,298064,513,137932,316,153153,39,6979,346,33114,517,135593,385,168707,California
Santa Cruz,2021-06-03,2199,300263,1491,139423,671,153824,37,7016,523,32008,1666,137259,560,169267,California
Santa Cruz,2021-06-04,1011,301274,686,140109,294,154118,31,7047,242,31520,762,138021,274,169541,California
Santa Cruz,2021-06-05,979,302253,794,140903,180,154298,5,7052,175,30899,801,138822,180,169721,California
Santa Cruz,2021-06-06,366,302619,261,141164,88,154386,17,7069,113,30779,250,139072,130,169851,California
Santa Cruz,2021-06-07,799,303418,588,141752,181,154567,30,7099,216,30443,582,139654,246,170097,California
Santa Cruz,2021-06-08,1403,304821,1120,142872,258,154825,25,7124,295,29660,1104,140758,321,170418,California
Santa Cruz,2021-06-09,1394,306215,1099,143971,278,155103,17,7141,274,28839,1113,141871,292,170710,California
Santa Cruz,2021-06-10,1925,308140,1582,145553,279,155382,64,7205,339,27658,1581,143452,400,171110,California
Santa Cruz,2021-06-11,793,308933,490,146043,272,155654,31,7236,275,27450,512,143964,304,171414,California
Santa Cruz,2021-06-12,955,309888,838,146881,111,155765,6,7242,161,26825,792,144756,167,171581,California
Santa Cruz,2021-06-13,177,310065,121,147002,37,155802,19,7261,26,26720,151,144907,46,171627,California
Santa Cruz,2021-06-14,531,310596,350,147352,150,155952,31,7292,163,26548,365,145272,193,171820,California
Santa Cruz,2021-06-15,871,311467,642,147994,213,156165,16,7308,316,26327,553,145825,332,172152,California
Santa Cruz,2021-06-16,746,312213,542,148536,175,156340,29,7337,222,26057,520,146345,250,172402,California
Santa Cruz,2021-06-17,472,312685,372,148908,71,156411,29,7366,158,25930,313,146658,186,172588,California
Shasta,2020-12-15,1,1,1,1,0,0,0,0,1,1,0,0,1,1,California
Shasta,2020-12-16,133,134,133,134,0,0,0,0,133,134,0,0,133,134,California
Shasta,2020-12-17,417,551,417,551,0,0,0,0,417,551,0,0,417,551,California
Shasta,2020-12-18,163,714,163,714,0,0,0,0,163,714,0,0,163,714,California
Shasta,2020-12-19,1,715,1,715,0,0,0,0,1,715,0,0,1,715,California
Shasta,2020-12-21,68,783,68,783,0,0,0,0,68,783,0,0,68,783,California
Shasta,2020-12-22,184,967,179,962,5,5,0,0,184,967,0,0,184,967,California
Shasta,2020-12-23,167,1134,163,1125,4,9,0,0,167,1134,0,0,167,1134,California
Shasta,2020-12-24,25,1159,25,1150,0,9,0,0,25,1159,0,0,25,1159,California
Shasta,2020-12-26,4,1163,1,1151,3,12,0,0,4,1163,0,0,4,1163,California
Shasta,2020-12-27,2,1165,1,1152,1,13,0,0,2,1165,0,0,2,1165,California
Shasta,2020-12-28,37,1202,28,1180,9,22,0,0,37,1202,0,0,37,1202,California
Shasta,2020-12-29,177,1379,176,1356,1,23,0,0,177,1379,0,0,177,1379,California
Shasta,2020-12-30,178,1557,170,1526,8,31,0,0,178,1557,0,0,178,1557,California
Shasta,2020-12-31,82,1639,2,1528,80,111,0,0,82,1639,0,0,82,1639,California
Shasta,2021-01-02,2,1641,0,1528,2,113,0,0,2,1641,0,0,2,1641,California
Shasta,2021-01-03,1,1642,1,1529,0,113,0,0,1,1642,0,0,1,1642,California
Shasta,2021-01-04,359,2001,300,1829,59,172,0,0,360,2002,0,0,360,2002,California
Shasta,2021-01-05,335,2336,313,2142,22,194,0,0,255,2177,80,80,255,2257,California
Shasta,2021-01-06,458,2794,389,2531,69,263,0,0,199,2117,259,339,199,2456,California
Shasta,2021-01-07,129,2923,43,2574,86,349,0,0,102,2192,27,366,102,2558,California
Shasta,2021-01-08,515,3438,440,3014,75,424,0,0,310,2297,205,571,310,2868,California
Shasta,2021-01-09,73,3511,64,3078,9,433,0,0,70,2364,3,574,70,2938,California
Shasta,2021-01-10,5,3516,0,3078,5,438,0,0,3,2367,2,576,5,2943,California
Shasta,2021-01-11,395,3911,179,3257,216,654,0,0,365,2702,30,606,365,3308,California
Shasta,2021-01-12,472,4383,315,3572,157,811,0,0,308,2846,164,770,308,3616,California
Shasta,2021-01-13,594,4977,267,3839,327,1138,0,0,427,3106,167,937,427,4043,California
Shasta,2021-01-14,492,5469,58,3897,434,1572,0,0,468,3550,24,961,468,4511,California
Shasta,2021-01-15,656,6125,136,4033,520,2092,0,0,655,4204,1,962,655,5166,California
Shasta,2021-01-16,885,7010,53,4086,832,2924,0,0,882,5083,3,965,882,6048,California
Shasta,2021-01-17,27,7037,6,4092,21,2945,0,0,23,5102,4,969,23,6071,California
Shasta,2021-01-18,595,7632,127,4219,468,3413,0,0,588,5683,7,976,588,6659,California
Shasta,2021-01-19,1049,8681,393,4612,656,4069,0,0,907,6448,142,1118,907,7566,California
Shasta,2021-01-20,665,9346,413,5025,252,4321,0,0,479,6746,181,1299,479,8045,California
Shasta,2021-01-21,618,9964,282,5307,336,4657,0,0,597,7322,21,1320,597,8642,California
Shasta,2021-01-22,430,10394,177,5484,253,4910,0,0,424,7740,6,1326,424,9066,California
Shasta,2021-01-23,58,10452,5,5489,53,4963,0,0,57,7796,1,1327,57,9123,California
Shasta,2021-01-24,23,10475,2,5491,21,4984,0,0,22,7817,1,1328,22,9145,California
Shasta,2021-01-25,736,11211,483,5974,253,5237,0,0,455,7992,280,1608,455,9600,California
Shasta,2021-01-26,692,11903,339,6313,353,5590,0,0,457,8216,233,1841,457,10057,California
Shasta,2021-01-27,446,12349,196,6509,250,5840,0,0,398,8566,48,1889,398,10455,California
Shasta,2021-01-28,860,13209,569,7078,291,6131,0,0,645,8996,215,2104,645,11100,California
Shasta,2021-01-29,804,14013,325,7403,479,6610,0,0,618,9429,186,2290,619,11719,California
Shasta,2021-01-30,603,14616,14,7417,589,7199,0,0,593,10012,10,2300,593,12312,California
Shasta,2021-01-31,27,14643,4,7421,23,7222,0,0,25,10035,2,2302,25,12337,California
Shasta,2021-02-01,533,15176,149,7570,384,7606,0,0,393,10288,140,2442,393,12730,California
Shasta,2021-02-02,977,16153,497,8067,480,8086,0,0,886,11085,89,2531,886,13616,California
Shasta,2021-02-03,694,16847,214,8281,480,8566,0,0,462,11315,232,2763,462,14078,California
Shasta,2021-02-04,1079,17926,682,8963,397,8963,0,0,890,12017,188,2951,890,14968,California
Shasta,2021-02-05,1247,19173,167,9130,1080,10043,0,0,1039,12849,207,3158,1039,16007,California
Shasta,2021-02-06,1728,20901,39,9169,1689,11732,0,0,1705,14531,23,3181,1705,17712,California
Shasta,2021-02-07,25,20926,3,9172,22,11754,0,0,23,14552,2,3183,23,17735,California
Shasta,2021-02-08,590,21516,168,9340,422,12176,0,0,306,14574,284,3467,306,18041,California
Shasta,2021-02-09,1112,22628,638,9978,474,12650,0,0,725,14913,387,3854,726,18767,California
Shasta,2021-02-10,1118,23746,795,10773,323,12973,0,0,597,14989,522,4376,598,19365,California
Shasta,2021-02-11,868,24614,184,10957,684,13657,0,0,353,14832,510,4886,353,19718,California
Shasta,2021-02-12,1748,26362,1200,12157,548,14205,0,0,1218,15520,530,5416,1218,20936,California
Shasta,2021-02-13,1348,27710,363,12520,985,15190,0,0,551,15274,798,6214,552,21488,California
Shasta,2021-02-14,146,27856,4,12524,142,15332,0,0,123,15374,23,6237,123,21611,California
Shasta,2021-02-15,377,28233,98,12622,279,15611,0,0,210,15417,167,6404,210,21821,California
Shasta,2021-02-16,1189,29422,514,13136,675,16286,0,0,422,15073,766,7170,422,22243,California
Shasta,2021-02-17,1031,30453,457,13593,574,16860,0,0,417,14876,614,7784,417,22660,California
Shasta,2021-02-18,938,31391,473,14066,465,17325,0,0,455,14849,483,8267,456,23116,California
Shasta,2021-02-19,1328,32719,947,15013,381,17706,0,0,872,15265,456,8723,872,23988,California
Shasta,2021-02-20,784,33503,88,15101,696,18402,0,0,295,15071,489,9212,295,24283,California
Shasta,2021-02-21,29,33532,3,15104,26,18428,0,0,9,15060,20,9232,9,24292,California
Shasta,2021-02-22,429,33961,80,15184,349,18777,0,0,182,14996,246,9478,182,24474,California
Shasta,2021-02-23,904,34865,466,15650,438,19215,0,0,324,14740,580,10058,324,24798,California
Shasta,2021-02-24,851,35716,498,16148,353,19568,0,0,263,14416,587,10645,263,25061,California
Shasta,2021-02-25,518,36234,187,16335,331,19899,0,0,172,14243,345,10990,172,25233,California
Shasta,2021-02-26,772,37006,103,16438,669,20568,0,0,337,14146,434,11424,337,25570,California
Shasta,2021-02-27,790,37796,26,16464,764,21332,0,0,184,13726,604,12028,184,25754,California
Shasta,2021-02-28,177,37973,4,16468,173,21505,0,0,128,13805,49,12077,128,25882,California
Shasta,2021-03-01,592,38565,58,16526,534,22039,0,0,297,13808,294,12371,297,26179,California
Shasta,2021-03-02,1020,39585,470,16996,550,22589,0,0,336,13461,683,13054,336,26515,California
Shasta,2021-03-03,679,40264,180,17176,499,23088,0,0,242,13266,437,13491,242,26757,California
Shasta,2021-03-04,2953,43217,2387,19563,566,23654,0,0,1706,13729,1244,14735,1707,28464,California
Shasta,2021-03-05,1532,44749,160,19723,1343,24997,29,29,776,13777,757,15492,805,29269,California
Shasta,2021-03-06,2697,47446,379,20102,2273,27270,45,74,845,12817,1850,17342,890,30159,California
Shasta,2021-03-07,92,47538,4,20106,56,27326,32,106,38,12833,54,17396,70,30229,California
Shasta,2021-03-08,569,48107,55,20161,376,27702,138,244,156,12716,411,17807,294,30523,California
Shasta,2021-03-09,1219,49326,590,20751,455,28157,174,418,664,12999,554,18361,837,31360,California
Shasta,2021-03-10,788,50114,254,21005,333,28490,201,619,141,12693,646,19007,340,31700,California
Shasta,2021-03-11,1508,51622,465,21470,785,29275,258,877,907,13260,598,19605,1165,32865,California
Shasta,2021-03-12,1538,53160,850,22320,447,29722,241,1118,399,12760,1138,20743,638,33503,California
Shasta,2021-03-13,751,53911,424,22744,228,29950,99,1217,474,13055,276,21019,571,34074,California
Shasta,2021-03-14,1002,54913,8,22752,972,30922,22,1239,867,13810,135,21154,890,34964,California
Shasta,2021-03-15,484,55397,39,22791,352,31274,93,1332,208,13834,276,21430,300,35264,California
Shasta,2021-03-16,1115,56512,143,22934,903,32177,69,1401,832,14452,283,21713,901,36165,California
Shasta,2021-03-17,707,57219,180,23114,468,32645,59,1460,370,14552,329,22042,429,36594,California
Shasta,2021-03-18,1515,58734,585,23699,828,33473,102,1562,1088,15319,423,22465,1190,37784,California
Shasta,2021-03-19,628,59362,204,23903,367,33840,57,1619,388,15525,239,22704,445,38229,California
Shasta,2021-03-20,729,60091,480,24383,238,34078,11,1630,588,15983,141,22845,599,38828,California
Shasta,2021-03-21,313,60404,298,24681,4,34082,11,1641,286,16254,26,22871,297,39125,California
Shasta,2021-03-22,337,60741,35,24716,267,34349,35,1676,194,16341,142,23013,229,39354,California
Shasta,2021-03-23,1306,62047,651,25367,596,34945,59,1735,760,16619,541,23554,819,40173,California
Shasta,2021-03-24,609,62656,163,25530,409,35354,37,1772,370,16788,238,23792,407,40580,California
Shasta,2021-03-25,1098,63754,414,25944,663,36017,21,1793,781,17276,315,24107,803,41383,California
Shasta,2021-03-26,1781,65535,1359,27303,392,36409,30,1823,1424,18374,357,24464,1455,42838,California
Shasta,2021-03-27,1526,67061,359,27662,307,36716,860,2683,525,18756,999,25463,1381,44219,California
Shasta,2021-03-28,398,67459,295,27957,93,36809,10,2693,297,18964,99,25562,307,44526,California
Shasta,2021-03-29,416,67875,40,27997,365,37174,11,2704,163,18886,252,25814,174,44700,California
Shasta,2021-03-30,1203,69078,743,28740,443,37617,17,2721,599,18901,601,26415,616,45316,California
Shasta,2021-03-31,609,69687,198,28938,404,38021,7,2728,367,19037,238,26653,374,45690,California
Shasta,2021-04-01,867,70554,227,29165,627,38648,13,2741,546,19277,319,26972,559,46249,California
Shasta,2021-04-02,717,71271,174,29339,490,39138,53,2794,386,19387,329,27301,439,46688,California
Shasta,2021-04-03,500,71771,358,29697,126,39264,16,2810,381,19665,119,27420,397,47085,California
Shasta,2021-04-04,286,72057,172,29869,94,39358,20,2830,213,19825,73,27493,233,47318,California
Shasta,2021-04-05,428,72485,66,29935,308,39666,54,2884,249,19949,179,27672,303,47621,California
Shasta,2021-04-06,1116,73601,481,30416,469,40135,166,3050,535,20073,576,28248,700,48321,California
Shasta,2021-04-07,624,74225,188,30604,280,40415,156,3206,235,20078,385,28633,390,48711,California
Shasta,2021-04-08,1116,75341,255,30859,705,41120,156,3362,202,19524,911,29544,357,49068,California
Shasta,2021-04-09,2550,77891,2046,32905,297,41417,207,3569,1982,21149,561,30105,2186,51254,California
Shasta,2021-04-10,860,78751,578,33483,154,41571,128,3697,257,20930,602,30707,383,51637,California
Shasta,2021-04-11,1235,79986,393,33876,822,42393,20,3717,139,19997,1092,31799,159,51796,California
Shasta,2021-04-12,332,80318,8,33884,266,42659,58,3775,95,19913,236,32035,152,51948,California
Shasta,2021-04-13,1244,81562,360,34244,882,43541,2,3777,336,19347,903,32938,337,52285,California
Shasta,2021-04-14,578,82140,150,34394,426,43967,2,3779,222,19216,355,33293,224,52509,California
Shasta,2021-04-15,1051,83191,248,34642,802,44769,1,3780,300,18770,746,34039,300,52809,California
Shasta,2021-04-16,2273,85464,1802,36444,471,45240,0,3780,931,18362,1340,35379,932,53741,California
Shasta,2021-04-17,605,86069,384,36828,221,45461,0,3780,177,18113,428,35807,179,53920,California
Shasta,2021-04-18,262,86331,237,37065,25,45486,0,3780,32,17917,228,36035,32,53952,California
Shasta,2021-04-19,370,86701,29,37094,341,45827,0,3780,157,17861,213,36248,157,54109,California
Shasta,2021-04-20,964,87665,213,37307,751,46578,0,3780,360,17619,602,36850,360,54469,California
Shasta,2021-04-21,571,88236,193,37500,378,46956,0,3780,296,17640,275,37125,296,54765,California
Shasta,2021-04-22,933,89169,259,37759,674,47630,0,3780,297,17303,634,37759,297,55062,California
Shasta,2021-04-23,619,89788,237,37996,382,48012,0,3780,316,17317,302,38061,316,55378,California
Shasta,2021-04-24,588,90376,352,38348,235,48247,1,3781,106,16943,480,38541,106,55484,California
Shasta,2021-04-25,206,90582,176,38524,29,48276,1,3782,36,16810,170,38711,37,55521,California
Shasta,2021-04-26,492,91074,52,38576,435,48711,5,3787,348,17020,142,38853,352,55873,California
Shasta,2021-04-27,526,91600,168,38744,321,49032,37,3824,296,17123,227,39080,330,56203,California
Shasta,2021-04-28,553,92153,133,38877,389,49421,31,3855,248,17096,305,39385,278,56481,California
Shasta,2021-04-29,744,92897,102,38979,620,50041,22,3877,176,16727,567,39952,198,56679,California
Shasta,2021-04-30,2219,95116,1800,40779,389,50430,30,3907,251,15041,1967,41919,281,56960,California
Shasta,2021-05-01,214,95330,19,40798,123,50553,72,3979,93,15085,121,42040,165,57125,California
Shasta,2021-05-02,44,95374,14,40812,17,50570,13,3992,19,15092,25,42065,32,57157,California
Shasta,2021-05-03,345,95719,92,40904,230,50800,23,4015,108,14987,236,42301,131,57288,California
Shasta,2021-05-04,516,96235,190,41094,289,51089,37,4052,248,15007,265,42566,285,57573,California
Shasta,2021-05-05,425,96660,138,41232,271,51360,16,4068,196,14990,229,42795,212,57785,California
Shasta,2021-05-06,676,97336,257,41489,384,51744,35,4103,285,14926,382,43177,318,58103,California
Shasta,2021-05-07,1085,98421,720,42209,327,52071,38,4141,294,14468,790,43967,332,58435,California
Shasta,2021-05-08,161,98582,79,42288,72,52143,10,4151,94,14504,67,44034,103,58538,California
Shasta,2021-05-09,63,98645,14,42302,44,52187,5,4156,33,14512,30,44064,38,58576,California
Shasta,2021-05-10,251,98896,20,42322,184,52371,47,4203,110,14528,138,44202,154,58730,California
Shasta,2021-05-11,496,99392,142,42464,209,52580,145,4348,180,14538,315,44517,325,59055,California
Shasta,2021-05-12,390,99782,139,42603,228,52808,23,4371,131,14434,258,44775,154,59209,California
Shasta,2021-05-13,575,100357,239,42842,322,53130,14,4385,222,14319,351,45126,236,59445,California
Shasta,2021-05-14,631,100988,266,43108,340,53470,25,4410,291,14297,339,45465,317,59762,California
Shasta,2021-05-15,373,101361,116,43224,158,53628,99,4509,153,14329,219,45684,251,60013,California
Shasta,2021-05-16,221,101582,155,43379,56,53684,10,4519,163,14444,58,45742,173,60186,California
Shasta,2021-05-17,522,102104,240,43619,224,53908,58,4577,277,14535,244,45986,335,60521,California
Shasta,2021-05-18,607,102711,293,43912,290,54198,24,4601,327,14606,280,46266,351,60872,California
Shasta,2021-05-19,582,103293,274,44186,241,54439,67,4668,281,14657,297,46563,348,61220,California
Shasta,2021-05-20,557,103850,249,44435,289,54728,19,4687,260,14642,293,46856,278,61498,California
Shasta,2021-05-21,630,104480,283,44718,328,55056,19,4706,338,14709,290,47146,357,61855,California
Shasta,2021-05-22,231,104711,129,44847,93,55149,9,4715,143,14775,86,47232,152,62007,California
Shasta,2021-05-23,110,104821,48,44895,55,55204,7,4722,68,14808,42,47274,75,62082,California
Shasta,2021-05-24,521,105342,161,45056,330,55534,30,4752,184,14686,336,47610,214,62296,California
Shasta,2021-05-25,458,105800,195,45251,218,55752,45,4797,158,14592,296,47906,202,62498,California
Shasta,2021-05-26,371,106171,144,45395,202,55954,25,4822,148,14543,222,48128,173,62671,California
Shasta,2021-05-27,412,106583,153,45548,250,56204,9,4831,155,14453,254,48382,164,62835,California
Shasta,2021-05-28,431,107014,195,45743,209,56413,27,4858,201,14454,227,48609,228,63063,California
Shasta,2021-05-29,222,107236,62,45805,129,56542,31,4889,92,14445,130,48739,121,63184,California
Shasta,2021-05-30,82,107318,47,45852,33,56575,2,4891,54,14473,28,48767,56,63240,California
Shasta,2021-05-31,34,107352,8,45860,25,56600,1,4892,11,14463,22,48789,12,63252,California
Shasta,2021-06-01,520,107872,152,46012,225,56825,143,5035,134,14362,379,49168,278,63530,California
Shasta,2021-06-02,290,108162,117,46129,164,56989,9,5044,120,14323,168,49336,129,63659,California
Shasta,2021-06-03,362,108524,156,46285,198,57187,8,5052,117,14204,244,49580,125,63784,California
Shasta,2021-06-04,556,109080,278,46563,252,57439,26,5078,197,14069,358,49938,223,64007,California
Shasta,2021-06-05,247,109327,142,46705,87,57526,18,5096,82,14006,164,50102,101,64108,California
Shasta,2021-06-06,160,109487,126,46831,32,57558,2,5098,47,13942,113,50215,49,64157,California
Shasta,2021-06-07,395,109882,231,47062,147,57705,17,5115,106,13777,288,50503,123,64280,California
Shasta,2021-06-08,498,110380,299,47361,155,57860,44,5159,146,13616,351,50854,190,64470,California
Shasta,2021-06-09,475,110855,269,47630,120,57980,86,5245,109,13447,363,51217,194,64664,California
Shasta,2021-06-10,405,111260,240,47870,140,58120,25,5270,126,13325,273,51490,151,64815,California
Shasta,2021-06-11,447,111707,250,48120,160,58280,37,5307,121,13158,324,51814,157,64972,California
Shasta,2021-06-12,207,111914,135,48255,66,58346,6,5313,75,13107,132,51946,81,65053,California
Shasta,2021-06-13,89,112003,55,48310,32,58378,2,5315,25,13070,64,52010,27,65080,California
Shasta,2021-06-14,277,112280,150,48460,110,58488,17,5332,80,12971,196,52206,97,65177,California
Shasta,2021-06-15,394,112674,208,48668,104,58592,82,5414,139,12936,251,52457,216,65393,California
Shasta,2021-06-16,251,112925,144,48812,96,58688,11,5425,81,12862,166,52623,92,65485,California
Shasta,2021-06-17,161,113086,48,48860,84,58772,29,5454,54,12839,106,52729,83,65568,California
Sierra,2020-12-18,1,1,1,1,0,0,0,0,1,1,0,0,1,1,California
Sierra,2020-12-21,2,3,2,3,0,0,0,0,2,3,0,0,2,3,California
Sierra,2020-12-22,12,15,12,15,0,0,0,0,12,15,0,0,12,15,California
Sierra,2020-12-23,4,19,4,19,0,0,0,0,4,19,0,0,4,19,California
Sierra,2020-12-28,1,20,0,19,1,1,0,0,1,20,0,0,1,20,California
Sierra,2020-12-29,49,69,7,26,42,43,0,0,49,69,0,0,49,69,California
Sierra,2020-12-30,2,71,0,26,2,45,0,0,2,71,0,0,2,71,California
Sierra,2020-12-31,13,84,0,26,13,58,0,0,13,84,0,0,13,84,California
Sierra,2021-01-01,1,85,1,27,0,58,0,0,1,85,0,0,1,85,California
Sierra,2021-01-05,63,148,2,29,61,119,0,0,63,148,0,0,63,148,California
Sierra,2021-01-06,1,149,1,30,0,119,0,0,1,149,0,0,1,149,California
Sierra,2021-01-07,20,169,1,31,19,138,0,0,19,167,1,1,19,168,California
Sierra,2021-01-11,3,172,3,34,0,138,0,0,0,164,3,4,0,168,California
Sierra,2021-01-12,38,210,12,46,26,164,0,0,26,178,12,16,26,194,California
Sierra,2021-01-13,3,213,3,49,0,164,0,0,0,175,3,19,0,194,California
Sierra,2021-01-14,35,248,2,51,33,197,0,0,35,210,0,19,35,229,California
Sierra,2021-01-15,3,251,1,52,2,199,0,0,3,213,0,19,3,232,California
Sierra,2021-01-18,3,254,0,52,3,202,0,0,3,216,0,19,3,235,California
Sierra,2021-01-19,34,288,0,52,34,236,0,0,34,250,0,19,34,269,California
Sierra,2021-01-20,1,289,1,53,0,236,0,0,1,251,0,19,1,270,California
Sierra,2021-01-21,53,342,0,53,53,289,0,0,53,304,0,19,53,323,California
Sierra,2021-01-22,2,344,0,53,2,291,0,0,2,306,0,19,2,325,California
Sierra,2021-01-23,2,346,0,53,2,293,0,0,2,308,0,19,2,327,California
Sierra,2021-01-26,61,407,0,53,61,354,0,0,23,293,38,57,23,350,California
Sierra,2021-01-27,4,411,4,57,0,354,0,0,0,289,4,61,0,350,California
Sierra,2021-01-28,53,464,0,57,53,407,0,0,43,322,10,71,43,393,California
Sierra,2021-01-29,1,465,0,57,1,408,0,0,1,323,0,71,1,394,California
Sierra,2021-01-30,2,467,2,59,0,408,0,0,2,325,0,71,2,396,California
Sierra,2021-02-01,1,468,0,59,1,409,0,0,0,324,1,72,0,396,California
Sierra,2021-02-02,60,528,1,60,59,468,0,0,22,308,38,110,22,418,California
Sierra,2021-02-03,5,533,5,65,0,468,0,0,5,313,0,110,5,423,California
Sierra,2021-02-04,99,632,2,67,97,565,0,0,50,314,49,159,50,473,California
Sierra,2021-02-05,5,637,3,70,2,567,0,0,4,317,1,160,4,477,California
Sierra,2021-02-09,55,692,0,70,55,622,0,0,52,366,3,163,52,529,California
Sierra,2021-02-10,2,694,0,70,2,624,0,0,2,368,0,163,2,531,California
Sierra,2021-02-11,194,888,1,71,193,817,0,0,134,442,60,223,134,665,California
Sierra,2021-02-12,20,908,0,71,20,837,0,0,20,462,0,223,20,685,California
Sierra,2021-02-15,2,910,2,73,0,837,0,0,0,460,2,225,0,685,California
Sierra,2021-02-16,45,955,0,73,45,882,0,0,10,435,35,260,10,695,California
Sierra,2021-02-17,4,959,0,73,4,886,0,0,1,433,3,263,1,696,California
Sierra,2021-02-18,144,1103,0,73,144,1030,0,0,94,477,50,313,94,790,California
Sierra,2021-02-19,1,1104,0,73,1,1031,0,0,0,476,1,314,0,790,California
Sierra,2021-02-20,3,1107,2,75,1,1032,0,0,1,475,2,316,1,791,California
Sierra,2021-02-23,5,1112,0,75,5,1037,0,0,5,480,0,316,5,796,California
Sierra,2021-02-24,1,1113,0,75,1,1038,0,0,1,481,0,316,1,797,California
Sierra,2021-02-25,124,1237,1,76,123,1161,0,0,59,476,64,380,59,856,California
Sierra,2021-02-26,11,1248,6,82,5,1166,0,0,4,473,7,387,4,860,California
Sierra,2021-03-01,1,1249,1,83,0,1166,0,0,0,472,1,388,0,860,California
Sierra,2021-03-02,60,1309,0,83,60,1226,0,0,40,492,20,408,40,900,California
Sierra,2021-03-03,1,1310,1,84,0,1226,0,0,0,491,1,409,0,900,California
Sierra,2021-03-04,108,1418,0,84,108,1334,0,0,60,503,48,457,60,960,California
Sierra,2021-03-05,12,1430,0,84,12,1346,0,0,10,511,2,459,10,970,California
Sierra,2021-03-08,1,1431,1,85,0,1346,0,0,1,512,0,459,1,971,California
Sierra,2021-03-09,59,1490,0,85,59,1405,0,0,11,475,48,507,11,982,California
Sierra,2021-03-10,6,1496,0,85,6,1411,0,0,4,477,2,509,4,986,California
Sierra,2021-03-11,176,1672,1,86,175,1586,0,0,44,389,132,641,44,1030,California
Sierra,2021-03-12,19,1691,0,86,19,1605,0,0,0,370,19,660,0,1030,California
Sierra,2021-03-13,28,1719,0,86,28,1633,0,0,28,398,0,660,28,1058,California
Sierra,2021-03-15,2,1721,0,86,0,1633,2,2,0,398,2,662,2,1060,California
Sierra,2021-03-16,37,1758,0,86,36,1669,1,3,22,406,15,677,23,1083,California
Sierra,2021-03-17,1,1759,0,86,1,1670,0,3,0,405,1,678,0,1083,California
Sierra,2021-03-18,161,1920,0,86,161,1831,0,3,65,374,96,774,65,1148,California
Sierra,2021-03-19,3,1923,1,87,2,1833,0,3,0,371,3,777,0,1148,California
Sierra,2021-03-20,2,1925,0,87,2,1835,0,3,1,371,1,778,1,1149,California
Sierra,2021-03-23,23,1948,0,87,23,1858,0,3,13,374,10,788,13,1162,California
Sierra,2021-03-24,2,1950,0,87,2,1860,0,3,1,374,1,789,1,1163,California
Sierra,2021-03-25,99,2049,1,88,98,1958,0,3,50,375,49,838,50,1213,California
Sierra,2021-03-26,11,2060,0,88,11,1969,0,3,8,380,3,841,8,1221,California
Sierra,2021-03-27,1,2061,0,88,1,1970,0,3,0,379,1,842,0,1221,California
Sierra,2021-03-29,1,2062,1,89,0,1970,0,3,0,378,1,843,0,1221,California
Sierra,2021-03-30,60,2122,0,89,60,2030,0,3,26,370,34,877,26,1247,California
Sierra,2021-03-31,8,2130,0,89,8,2038,0,3,8,378,0,877,8,1255,California
Sierra,2021-04-01,63,2193,1,90,62,2100,0,3,5,327,56,933,5,1260,California
Sierra,2021-04-02,2,2195,1,91,1,2101,0,3,2,329,0,933,2,1262,California
Sierra,2021-04-04,1,2196,0,91,1,2102,0,3,0,329,0,933,0,1262,California
Sierra,2021-04-06,11,2207,0,91,11,2113,0,3,1,320,10,943,1,1263,California
Sierra,2021-04-07,13,2220,2,93,6,2119,5,8,2,317,10,953,7,1270,California
Sierra,2021-04-08,52,2272,2,95,50,2169,0,8,16,297,36,989,16,1286,California
Sierra,2021-04-09,1,2273,1,96,0,2169,0,8,1,298,0,989,1,1287,California
Sierra,2021-04-10,27,2300,0,96,27,2196,0,8,0,271,27,1016,0,1287,California
Sierra,2021-04-12,1,2301,0,96,0,2196,1,9,0,271,1,1017,1,1288,California
Sierra,2021-04-13,45,2346,0,96,45,2241,0,9,5,236,40,1057,5,1293,California
Sierra,2021-04-14,1,2347,0,96,1,2242,0,9,1,237,0,1057,1,1294,California
Sierra,2021-04-15,50,2397,2,98,48,2290,0,9,2,191,48,1105,2,1296,California
Sierra,2021-04-17,2,2399,1,99,1,2291,0,9,1,191,1,1106,1,1297,California
Sierra,2021-04-18,1,2400,0,99,1,2292,0,9,0,191,0,1106,0,1297,California
Sierra,2021-04-19,1,2401,0,99,1,2293,0,9,1,192,0,1106,1,1298,California
Sierra,2021-04-20,34,2435,2,101,32,2325,0,9,6,170,28,1134,6,1304,California
Sierra,2021-04-21,2,2437,1,102,1,2326,0,9,1,170,1,1135,1,1305,California
Sierra,2021-04-22,64,2501,1,103,63,2389,0,9,5,117,58,1193,5,1310,California
Sierra,2021-04-23,12,2513,0,103,12,2401,0,9,4,113,8,1201,4,1314,California
Sierra,2021-04-24,4,2517,0,103,4,2405,0,9,4,117,0,1201,4,1318,California
Sierra,2021-04-26,1,2518,0,103,1,2406,0,9,1,118,0,1201,1,1319,California
Sierra,2021-04-27,31,2549,0,103,31,2437,0,9,4,95,27,1228,4,1323,California
Sierra,2021-04-28,10,2559,2,105,8,2445,0,9,2,89,8,1236,2,1325,California
Sierra,2021-04-29,20,2579,2,107,18,2463,0,9,14,97,6,1242,14,1339,California
Sierra,2021-04-30,3,2582,1,108,2,2465,0,9,1,96,2,1244,1,1340,California
Sierra,2021-05-01,2,2584,0,108,2,2467,0,9,0,96,0,1244,0,1340,California
Sierra,2021-05-03,1,2585,1,109,0,2467,0,9,1,97,0,1244,1,1341,California
Sierra,2021-05-04,3,2588,1,110,1,2468,1,10,1,97,2,1246,2,1343,California
Sierra,2021-05-05,23,2611,1,111,22,2490,0,10,8,90,15,1261,8,1351,California
Sierra,2021-05-06,1,2612,1,112,0,2490,0,10,0,89,1,1262,0,1351,California
Sierra,2021-05-08,1,2613,0,112,0,2490,1,11,0,89,1,1263,1,1352,California
Sierra,2021-05-11,11,2624,0,112,4,2494,7,18,0,85,11,1274,7,1359,California
Sierra,2021-05-12,11,2635,1,113,10,2504,0,18,8,90,3,1277,8,1367,California
Sierra,2021-05-13,3,2638,2,115,1,2505,0,18,2,91,1,1278,2,1369,California
Sierra,2021-05-14,3,2641,1,116,2,2507,0,18,3,94,0,1278,3,1372,California
Sierra,2021-05-15,1,2642,0,116,0,2507,1,19,0,94,1,1279,1,1373,California
Sierra,2021-05-17,1,2643,1,117,0,2507,0,19,1,95,0,1279,1,1374,California
Sierra,2021-05-18,1,2644,0,117,0,2507,1,20,0,95,1,1280,1,1375,California
Sierra,2021-05-19,7,2651,3,120,4,2511,0,20,2,92,5,1285,2,1377,California
Sierra,2021-05-20,9,2660,8,128,0,2511,1,21,8,100,1,1286,9,1386,California
Sierra,2021-05-21,3,2663,1,129,2,2513,0,21,1,99,2,1288,1,1387,California
Sierra,2021-05-22,4,2667,0,129,4,2517,0,21,0,95,4,1292,0,1387,California
Sierra,2021-05-23,1,2668,0,129,1,2518,0,21,1,96,0,1292,1,1388,California
Sierra,2021-05-24,3,2671,1,130,2,2520,0,21,2,97,1,1293,2,1390,California
Sierra,2021-05-25,4,2675,1,131,3,2523,0,21,1,95,3,1296,1,1391,California
Sierra,2021-05-26,8,2683,0,131,8,2531,0,21,4,95,4,1300,4,1395,California
Sierra,2021-05-27,9,2692,1,132,7,2538,1,22,2,91,7,1307,3,1398,California
Sierra,2021-05-28,3,2695,1,133,2,2540,0,22,2,92,1,1308,2,1400,California
Sierra,2021-05-29,2,2697,0,133,2,2542,0,22,2,94,0,1308,2,1402,California
Sierra,2021-05-30,1,2698,1,134,0,2542,0,22,1,95,0,1308,1,1403,California
Sierra,2021-05-31,1,2699,0,134,1,2543,0,22,0,95,0,1308,0,1403,California
Sierra,2021-06-01,1,2700,0,134,1,2544,0,22,0,94,1,1309,0,1403,California
Sierra,2021-06-02,23,2723,0,134,21,2565,2,24,0,74,22,1331,2,1405,California
Sierra,2021-06-03,3,2726,2,136,1,2566,0,24,0,71,3,1334,0,1405,California
Sierra,2021-06-04,2,2728,2,138,0,2566,0,24,1,71,1,1335,1,1406,California
Sierra,2021-06-08,1,2729,1,139,0,2566,0,24,1,72,0,1335,1,1407,California
Sierra,2021-06-09,8,2737,1,140,5,2571,2,26,0,66,8,1343,2,1409,California
Sierra,2021-06-10,8,2745,8,148,0,2571,0,26,4,66,4,1347,4,1413,California
Sierra,2021-06-11,3,2748,1,149,2,2573,0,26,0,63,3,1350,0,1413,California
Sierra,2021-06-12,1,2749,1,150,0,2573,0,26,1,64,0,1350,1,1414,California
Sierra,2021-06-13,1,2750,1,151,0,2573,0,26,0,63,1,1351,0,1414,California
Sierra,2021-06-14,6,2756,4,155,1,2574,1,27,2,62,4,1355,3,1417,California
Sierra,2021-06-15,1,2757,0,155,1,2575,0,27,0,62,0,1355,0,1417,California
Sierra,2021-06-16,4,2761,1,156,3,2578,0,27,0,58,4,1359,0,1417,California
Sierra,2021-06-17,3,2764,2,158,0,2578,1,28,1,58,2,1361,2,1419,California
Siskiyou,2020-12-16,2,2,2,2,0,0,0,0,2,2,0,0,2,2,California
Siskiyou,2020-12-17,4,6,4,6,0,0,0,0,4,6,0,0,4,6,California
Siskiyou,2020-12-18,2,8,2,8,0,0,0,0,2,8,0,0,2,8,California
Siskiyou,2020-12-19,4,12,4,12,0,0,0,0,4,12,0,0,4,12,California
Siskiyou,2020-12-20,1,13,1,13,0,0,0,0,1,13,0,0,1,13,California
Siskiyou,2020-12-21,131,144,131,144,0,0,0,0,131,144,0,0,131,144,California
Siskiyou,2020-12-22,158,302,158,302,0,0,0,0,158,302,0,0,158,302,California
Siskiyou,2020-12-23,142,444,142,444,0,0,0,0,142,444,0,0,142,444,California
Siskiyou,2020-12-24,5,449,5,449,0,0,0,0,5,449,0,0,5,449,California
Siskiyou,2020-12-26,2,451,0,449,2,2,0,0,2,451,0,0,2,451,California
Siskiyou,2020-12-27,2,453,0,449,2,4,0,0,2,453,0,0,2,453,California
Siskiyou,2020-12-28,3,456,1,450,2,6,0,0,3,456,0,0,3,456,California
Siskiyou,2020-12-29,6,462,2,452,4,10,0,0,6,462,0,0,6,462,California
Siskiyou,2020-12-30,100,562,3,455,97,107,0,0,100,562,0,0,100,562,California
Siskiyou,2020-12-31,12,574,0,455,12,119,0,0,12,574,0,0,12,574,California
Siskiyou,2021-01-02,1,575,1,456,0,119,0,0,1,575,0,0,1,575,California
Siskiyou,2021-01-03,1,576,0,456,1,120,0,0,1,576,0,0,1,576,California
Siskiyou,2021-01-04,130,706,3,459,127,247,0,0,130,706,0,0,130,706,California
Siskiyou,2021-01-05,119,825,4,463,115,362,0,0,117,822,2,2,118,824,California
Siskiyou,2021-01-06,60,885,7,470,53,415,0,0,56,874,4,6,56,880,California
Siskiyou,2021-01-07,176,1061,4,474,172,587,0,0,175,1048,1,7,175,1055,California
Siskiyou,2021-01-08,39,1100,3,477,36,623,0,0,37,1083,2,9,37,1092,California
Siskiyou,2021-01-09,3,1103,3,480,0,623,0,0,1,1082,2,11,1,1093,California
Siskiyou,2021-01-11,224,1327,64,544,160,783,0,0,162,1182,62,73,162,1255,California
Siskiyou,2021-01-12,324,1651,274,818,50,833,0,0,91,1041,233,306,92,1347,California
Siskiyou,2021-01-13,158,1809,137,955,21,854,0,0,24,931,134,440,24,1371,California
Siskiyou,2021-01-14,35,1844,1,956,34,888,0,0,34,964,1,441,34,1405,California
Siskiyou,2021-01-15,55,1899,3,959,52,940,0,0,55,1019,0,441,55,1460,California
Siskiyou,2021-01-16,7,1906,2,961,5,945,0,0,7,1026,0,441,7,1467,California
Siskiyou,2021-01-17,1,1907,1,962,0,945,0,0,0,1025,1,442,0,1467,California
Siskiyou,2021-01-18,75,1982,3,965,72,1017,0,0,73,1096,2,444,73,1540,California
Siskiyou,2021-01-19,41,2023,1,966,40,1057,0,0,40,1135,1,445,40,1580,California
Siskiyou,2021-01-20,68,2091,35,1001,33,1090,0,0,64,1195,4,449,64,1644,California
Siskiyou,2021-01-21,66,2157,1,1002,65,1155,0,0,66,1261,0,449,66,1710,California
Siskiyou,2021-01-22,1340,3497,1173,2175,167,1322,0,0,1340,2601,0,449,1340,3050,California
Siskiyou,2021-01-23,6,3503,2,2177,4,1326,0,0,3,2601,3,452,3,3053,California
Siskiyou,2021-01-25,208,3711,8,2185,200,1526,0,0,204,2801,4,456,204,3257,California
Siskiyou,2021-01-26,101,3812,3,2188,98,1624,0,0,92,2884,9,465,92,3349,California
Siskiyou,2021-01-27,198,4010,2,2190,196,1820,0,0,133,2953,64,529,133,3482,California
Siskiyou,2021-01-28,260,4270,118,2308,142,1962,0,0,235,3169,19,548,235,3717,California
Siskiyou,2021-01-29,272,4542,3,2311,269,2231,0,0,253,3403,19,567,253,3970,California
Siskiyou,2021-01-30,4,4546,3,2314,1,2232,0,0,4,3407,0,567,4,3974,California
Siskiyou,2021-02-01,214,4760,3,2317,211,2443,0,0,114,3421,100,667,114,4088,California
Siskiyou,2021-02-02,310,5070,45,2362,265,2708,0,0,157,3425,153,820,157,4245,California
Siskiyou,2021-02-03,335,5405,1,2363,334,3042,0,0,264,3618,71,891,264,4509,California
Siskiyou,2021-02-04,358,5763,7,2370,351,3393,0,0,220,3700,138,1029,220,4729,California
Siskiyou,2021-02-05,543,6306,4,2374,539,3932,0,0,369,3895,174,1203,369,5098,California
Siskiyou,2021-02-06,15,6321,0,2374,15,3947,0,0,15,3910,0,1203,15,5113,California
Siskiyou,2021-02-07,2,6323,1,2375,1,3948,0,0,2,3912,0,1203,2,5115,California
Siskiyou,2021-02-08,237,6560,4,2379,233,4181,0,0,212,4099,25,1228,212,5327,California
Siskiyou,2021-02-09,243,6803,2,2381,241,4422,0,0,190,4236,53,1281,190,5517,California
Siskiyou,2021-02-10,389,7192,41,2422,348,4770,0,0,319,4486,69,1350,319,5836,California
Siskiyou,2021-02-11,215,7407,1,2423,214,4984,0,0,186,4643,29,1379,186,6022,California
Siskiyou,2021-02-12,1702,9109,1198,3621,504,5488,0,0,498,3937,1204,2583,498,6520,California
Siskiyou,2021-02-13,37,9146,2,3623,35,5523,0,0,32,3964,5,2588,32,6552,California
Siskiyou,2021-02-14,6,9152,2,3625,4,5527,0,0,6,3970,0,2588,6,6558,California
Siskiyou,2021-02-15,98,9250,1,3626,97,5624,0,0,96,4064,2,2590,96,6654,California
Siskiyou,2021-02-16,136,9386,2,3628,134,5758,0,0,100,4128,36,2626,100,6754,California
Siskiyou,2021-02-17,285,9671,4,3632,281,6039,0,0,250,4343,35,2661,250,7004,California
Siskiyou,2021-02-18,269,9940,88,3720,181,6220,0,0,127,4328,142,2803,127,7131,California
Siskiyou,2021-02-19,95,10035,34,3754,61,6281,0,0,35,4305,58,2861,35,7166,California
Siskiyou,2021-02-20,21,10056,3,3757,18,6299,0,0,16,4316,5,2866,16,7182,California
Siskiyou,2021-02-21,1,10057,1,3758,0,6299,0,0,1,4317,0,2866,1,7183,California
Siskiyou,2021-02-22,208,10265,2,3760,206,6505,0,0,76,4261,132,2998,76,7259,California
Siskiyou,2021-02-23,276,10541,15,3775,261,6766,0,0,183,4351,93,3091,183,7442,California
Siskiyou,2021-02-24,171,10712,5,3780,166,6932,0,0,49,4278,122,3213,49,7491,California
Siskiyou,2021-02-25,298,11010,14,3794,284,7216,0,0,144,4269,153,3366,144,7635,California
Siskiyou,2021-02-26,668,11678,7,3801,661,7877,0,0,364,4329,304,3670,364,7999,California
Siskiyou,2021-02-27,32,11710,5,3806,27,7904,0,0,28,4353,4,3674,28,8027,California
Siskiyou,2021-02-28,4,11714,4,3810,0,7904,0,0,3,4355,1,3675,3,8030,California
Siskiyou,2021-03-01,290,12004,5,3815,285,8189,0,0,49,4163,241,3916,49,8079,California
Siskiyou,2021-03-02,203,12207,1,3816,202,8391,0,0,69,4098,134,4050,69,8148,California
Siskiyou,2021-03-03,347,12554,11,3827,336,8727,0,0,153,4057,194,4244,153,8301,California
Siskiyou,2021-03-04,817,13371,616,4443,201,8928,0,0,641,4522,176,4420,641,8942,California
Siskiyou,2021-03-05,346,13717,5,4448,330,9258,11,11,106,4402,237,4657,117,9059,California
Siskiyou,2021-03-06,42,13759,3,4451,32,9290,7,18,27,4421,15,4672,34,9093,California
Siskiyou,2021-03-07,11,13770,3,4454,0,9290,8,26,1,4420,10,4682,9,9102,California
Siskiyou,2021-03-08,359,14129,21,4475,304,9594,34,60,68,4231,291,4973,102,9204,California
Siskiyou,2021-03-09,175,14304,2,4477,118,9712,55,115,42,4195,133,5106,97,9301,California
Siskiyou,2021-03-10,220,14524,6,4483,184,9896,30,145,24,4053,196,5302,54,9355,California
Siskiyou,2021-03-11,492,15016,205,4688,241,10137,46,191,283,4174,208,5510,329,9684,California
Siskiyou,2021-03-12,653,15669,141,4829,473,10610,39,230,184,3930,467,5977,223,9907,California
Siskiyou,2021-03-13,428,16097,379,5208,26,10636,23,253,379,4283,49,6026,402,10309,California
Siskiyou,2021-03-14,20,16117,1,5209,3,10639,16,269,2,4283,18,6044,18,10327,California
Siskiyou,2021-03-15,494,16611,258,5467,173,10812,63,332,319,4490,175,6219,382,10709,California
Siskiyou,2021-03-16,258,16869,34,5501,208,11020,16,348,141,4531,116,6335,157,10866,California
Siskiyou,2021-03-17,200,17069,8,5509,184,11204,8,356,33,4405,167,6502,41,10907,California
Siskiyou,2021-03-18,921,17990,783,6292,126,11330,12,368,805,5106,116,6618,817,11724,California
Siskiyou,2021-03-19,62,18052,5,6297,44,11374,13,381,18,5093,44,6662,31,11755,California
Siskiyou,2021-03-20,29,18081,7,6304,18,11392,4,385,6,5080,23,6685,10,11765,California
Siskiyou,2021-03-21,10,18091,4,6308,1,11393,5,390,4,5083,6,6691,9,11774,California
Siskiyou,2021-03-22,208,18299,19,6327,166,11559,23,413,145,5191,60,6751,168,11942,California
Siskiyou,2021-03-23,164,18463,19,6346,136,11695,9,422,121,5277,43,6794,129,12071,California
Siskiyou,2021-03-24,142,18605,47,6393,95,11790,0,422,115,5365,27,6821,115,12186,California
Siskiyou,2021-03-25,561,19166,313,6706,245,12035,3,425,392,5591,169,6990,395,12581,California
Siskiyou,2021-03-26,302,19468,34,6740,268,12303,0,425,103,5497,197,7187,103,12684,California
Siskiyou,2021-03-27,38,19506,6,6746,27,12330,5,430,10,5484,28,7215,15,12699,California
Siskiyou,2021-03-28,7,19513,6,6752,1,12331,0,430,5,5487,2,7217,5,12704,California
Siskiyou,2021-03-29,93,19606,10,6762,81,12412,2,432,43,5482,50,7267,45,12749,California
Siskiyou,2021-03-30,102,19708,6,6768,95,12507,1,433,41,5463,61,7328,42,12791,California
Siskiyou,2021-03-31,176,19884,8,6776,165,12672,3,436,48,5389,126,7454,52,12843,California
Siskiyou,2021-04-01,824,20708,666,7442,158,12830,0,436,213,4991,611,8065,213,13056,California
Siskiyou,2021-04-02,347,21055,197,7639,146,12976,4,440,65,4780,280,8345,69,13125,California
Siskiyou,2021-04-03,26,21081,5,7644,14,12990,7,447,5,4771,21,8366,12,13137,California
Siskiyou,2021-04-04,2,21083,1,7645,1,12991,0,447,1,4771,1,8367,1,13138,California
Siskiyou,2021-04-05,438,21521,332,7977,81,13072,25,472,28,4415,409,8776,53,13191,California
Siskiyou,2021-04-06,219,21740,36,8013,130,13202,53,525,125,4500,92,8868,177,13368,California
Siskiyou,2021-04-07,113,21853,10,8023,62,13264,41,566,64,4556,49,8917,105,13473,California
Siskiyou,2021-04-08,340,22193,172,8195,125,13389,43,609,62,4383,278,9195,105,13578,California
Siskiyou,2021-04-09,545,22738,377,8572,130,13519,38,647,84,4046,460,9655,123,13701,California
Siskiyou,2021-04-10,46,22784,6,8578,3,13522,37,684,7,4051,39,9694,44,13745,California
Siskiyou,2021-04-11,6,22790,4,8582,1,13523,1,685,1,4048,5,9699,2,13747,California
Siskiyou,2021-04-12,128,22918,23,8605,104,13627,1,686,49,4019,79,9778,50,13797,California
Siskiyou,2021-04-13,204,23122,36,8641,167,13794,1,687,81,3978,123,9901,82,13879,California
Siskiyou,2021-04-14,156,23278,64,8705,92,13886,0,687,85,3994,69,9970,85,13964,California
Siskiyou,2021-04-15,1111,24389,953,9658,158,14044,0,687,434,3751,677,10647,434,14398,California
Siskiyou,2021-04-16,301,24690,210,9868,91,14135,0,687,268,3987,32,10679,268,14666,California
Siskiyou,2021-04-17,11,24701,8,9876,3,14138,0,687,6,3988,5,10684,6,14672,California
Siskiyou,2021-04-18,5,24706,3,9879,2,14140,0,687,1,3985,4,10688,1,14673,California
Siskiyou,2021-04-19,128,24834,24,9903,104,14244,0,687,45,3947,83,10771,45,14718,California
Siskiyou,2021-04-20,210,25044,4,9907,206,14450,0,687,89,3916,120,10891,89,14807,California
Siskiyou,2021-04-21,93,25137,10,9917,83,14533,0,687,24,3871,69,10960,24,14831,California
Siskiyou,2021-04-22,404,25541,294,10211,110,14643,0,687,48,3563,356,11316,48,14879,California
Siskiyou,2021-04-23,179,25720,14,10225,165,14808,0,687,157,3699,21,11337,157,15036,California
Siskiyou,2021-04-24,27,25747,4,10229,23,14831,0,687,20,3712,7,11344,20,15056,California
Siskiyou,2021-04-25,2,25749,0,10229,2,14833,0,687,2,3714,0,11344,2,15058,California
Siskiyou,2021-04-26,99,25848,5,10234,89,14922,5,692,25,3670,74,11418,30,15088,California
Siskiyou,2021-04-27,114,25962,4,10238,108,15030,2,694,86,3732,26,11444,88,15176,California
Siskiyou,2021-04-28,110,26072,7,10245,95,15125,8,702,53,3736,57,11501,61,15237,California
Siskiyou,2021-04-29,145,26217,14,10259,130,15255,1,703,29,3650,116,11617,30,15267,California
Siskiyou,2021-04-30,102,26319,21,10280,80,15335,1,704,44,3639,55,11672,44,15311,California
Siskiyou,2021-05-01,11,26330,7,10287,1,15336,3,707,7,3645,4,11676,10,15321,California
Siskiyou,2021-05-02,10,26340,4,10291,6,15342,0,707,8,3651,2,11678,8,15329,California
Siskiyou,2021-05-03,104,26444,23,10314,79,15421,2,709,43,3635,61,11739,45,15374,California
Siskiyou,2021-05-04,120,26564,6,10320,112,15533,2,711,60,3638,59,11798,62,15436,California
Siskiyou,2021-05-05,115,26679,19,10339,87,15620,9,720,39,3611,75,11873,48,15484,California
Siskiyou,2021-05-06,364,27043,295,10634,63,15683,6,726,190,3633,174,12047,196,15680,California
Siskiyou,2021-05-07,307,27350,219,10853,83,15766,5,731,31,3394,275,12322,36,15716,California
Siskiyou,2021-05-08,24,27374,3,10856,20,15786,1,732,18,3407,6,12328,19,15735,California
Siskiyou,2021-05-09,1,27375,0,10856,1,15787,0,732,0,3406,1,12329,0,15735,California
Siskiyou,2021-05-10,99,27474,67,10923,31,15818,1,733,22,3352,77,12406,23,15758,California
Siskiyou,2021-05-11,87,27561,8,10931,74,15892,5,738,51,3372,36,12442,56,15814,California
Siskiyou,2021-05-12,57,27618,4,10935,48,15940,5,743,16,3352,41,12483,21,15835,California
Siskiyou,2021-05-13,81,27699,34,10969,38,15978,9,752,37,3354,44,12527,46,15881,California
Siskiyou,2021-05-14,173,27872,81,11050,91,16069,1,753,106,3395,66,12593,107,15988,California
Siskiyou,2021-05-15,43,27915,13,11063,28,16097,2,755,36,3427,6,12599,38,16026,California
Siskiyou,2021-05-16,6,27921,2,11065,4,16101,0,755,4,3429,2,12601,4,16030,California
Siskiyou,2021-05-17,63,27984,2,11067,38,16139,23,778,11,3411,52,12653,34,16064,California
Siskiyou,2021-05-18,214,28198,81,11148,129,16268,4,782,122,3446,91,12744,126,16190,California
Siskiyou,2021-05-19,155,28353,97,11245,57,16325,1,783,125,3542,30,12774,126,16316,California
Siskiyou,2021-05-20,526,28879,425,11670,99,16424,2,785,234,3486,292,13066,236,16552,California
Siskiyou,2021-05-21,198,29077,96,11766,102,16526,0,785,110,3509,87,13153,110,16662,California
Siskiyou,2021-05-22,40,29117,19,11785,21,16547,0,785,25,3519,15,13168,25,16687,California
Siskiyou,2021-05-23,4,29121,3,11788,1,16548,0,785,2,3519,2,13170,2,16689,California
Siskiyou,2021-05-24,18,29139,3,11791,15,16563,0,785,5,3512,12,13182,5,16694,California
Siskiyou,2021-05-25,156,29295,16,11807,120,16683,20,805,50,3478,104,13286,70,16764,California
Siskiyou,2021-05-26,76,29371,19,11826,57,16740,0,805,41,3484,35,13321,41,16805,California
Siskiyou,2021-05-27,129,29500,92,11918,36,16776,1,806,55,3466,74,13395,56,16861,California
Siskiyou,2021-05-28,151,29651,56,11974,94,16870,1,807,100,3517,50,13445,101,16962,California
Siskiyou,2021-05-29,16,29667,9,11983,4,16874,3,810,5,3514,11,13456,8,16970,California
Siskiyou,2021-05-31,2,29669,1,11984,0,16874,1,811,1,3515,1,13457,2,16972,California
Siskiyou,2021-06-01,86,29755,20,12004,66,16940,0,811,29,3488,56,13513,29,17001,California
Siskiyou,2021-06-02,118,29873,35,12039,83,17023,0,811,44,3458,74,13587,44,17045,California
Siskiyou,2021-06-03,150,30023,103,12142,42,17065,5,816,34,3381,116,13703,39,17084,California
Siskiyou,2021-06-04,98,30121,76,12218,22,17087,0,816,19,3321,79,13782,19,17103,California
Siskiyou,2021-06-05,37,30158,17,12235,19,17106,1,817,16,3317,21,13803,17,17120,California
Siskiyou,2021-06-06,3,30161,2,12237,0,17106,1,818,0,3315,3,13806,1,17121,California
Siskiyou,2021-06-07,37,30198,4,12241,30,17136,3,821,26,3333,11,13817,29,17150,California
Siskiyou,2021-06-08,209,30407,92,12333,114,17250,3,824,65,3262,139,13956,68,17218,California
Siskiyou,2021-06-09,112,30519,83,12416,28,17278,1,825,30,3211,82,14038,31,17249,California
Siskiyou,2021-06-10,174,30693,143,12559,31,17309,0,825,77,3191,97,14135,77,17326,California
Siskiyou,2021-06-11,112,30805,60,12619,45,17354,7,832,23,3153,68,14203,30,17356,California
Siskiyou,2021-06-12,29,30834,6,12625,23,17377,0,832,9,3142,20,14223,9,17365,California
Siskiyou,2021-06-13,24,30858,16,12641,8,17385,0,832,2,3122,22,14245,2,17367,California
Siskiyou,2021-06-14,23,30881,3,12644,16,17401,4,836,11,3124,12,14257,14,17381,California
Siskiyou,2021-06-15,78,30959,18,12662,53,17454,7,843,31,3115,47,14304,38,17419,California
Siskiyou,2021-06-16,99,31058,21,12683,77,17531,1,844,48,3113,51,14355,49,17468,California
Siskiyou,2021-06-17,50,31108,35,12718,11,17542,4,848,15,3097,35,14390,19,17487,California
Solano,2020-12-15,4,4,4,4,0,0,0,0,4,4,0,0,4,4,California
Solano,2020-12-16,70,74,70,74,0,0,0,0,70,74,0,0,70,74,California
Solano,2020-12-17,168,242,168,242,0,0,0,0,168,242,0,0,168,242,California
Solano,2020-12-18,472,714,471,713,1,1,0,0,472,714,0,0,472,714,California
Solano,2020-12-19,521,1235,521,1234,0,1,0,0,521,1235,0,0,521,1235,California
Solano,2020-12-20,350,1585,348,1582,2,3,0,0,350,1585,0,0,350,1585,California
Solano,2020-12-21,575,2160,573,2155,2,5,0,0,575,2160,0,0,575,2160,California
Solano,2020-12-22,659,2819,626,2781,33,38,0,0,659,2819,0,0,659,2819,California
Solano,2020-12-23,855,3674,762,3543,93,131,0,0,854,3672,1,1,854,3673,California
Solano,2020-12-24,413,4087,163,3706,250,381,0,0,413,4085,0,1,413,4086,California
Solano,2020-12-25,9,4096,1,3707,8,389,0,0,9,4094,0,1,9,4095,California
Solano,2020-12-26,171,4267,45,3752,126,515,0,0,171,4265,0,1,171,4266,California
Solano,2020-12-27,107,4374,29,3781,78,593,0,0,107,4372,0,1,107,4373,California
Solano,2020-12-28,874,5248,425,4206,449,1042,0,0,874,5246,0,1,874,5247,California
Solano,2020-12-29,911,6159,372,4578,539,1581,0,0,911,6157,0,1,911,6158,California
Solano,2020-12-30,1232,7391,595,5173,637,2218,0,0,1232,7389,0,1,1232,7390,California
Solano,2020-12-31,542,7933,139,5312,403,2621,0,0,542,7931,0,1,542,7932,California
Solano,2021-01-01,15,7948,14,5326,1,2622,0,0,15,7946,0,1,15,7947,California
Solano,2021-01-02,214,8162,165,5491,49,2671,0,0,214,8160,0,1,214,8161,California
Solano,2021-01-03,56,8218,40,5531,16,2687,0,0,50,8210,0,1,50,8211,California
Solano,2021-01-04,445,8663,238,5769,207,2894,0,0,436,8644,2,3,436,8647,California
Solano,2021-01-05,731,9394,378,6147,353,3247,0,0,572,9062,154,157,572,9219,California
Solano,2021-01-06,842,10236,433,6580,409,3656,0,0,574,9370,266,423,574,9793,California
Solano,2021-01-07,1063,11299,674,7254,389,4045,0,0,594,9498,467,890,595,10388,California
Solano,2021-01-08,1145,12444,778,8032,367,4412,0,0,547,9467,580,1470,549,10937,California
Solano,2021-01-09,896,13340,767,8799,129,4541,0,0,437,9448,456,1926,437,11374,California
Solano,2021-01-10,262,13602,192,8991,70,4611,0,0,162,9510,100,2026,162,11536,California
Solano,2021-01-11,1339,14941,1123,10114,216,4827,0,0,820,9811,519,2545,820,12356,California
Solano,2021-01-12,1563,16504,1163,11277,400,5227,0,0,1022,10294,540,3085,1023,13379,California
Solano,2021-01-13,1472,17976,1003,12280,469,5696,0,0,1216,11256,254,3339,1216,14595,California
Solano,2021-01-14,1900,19876,811,13091,1089,6785,0,0,1589,12535,310,3649,1589,16184,California
Solano,2021-01-15,1712,21588,1058,14149,654,7439,0,0,1415,13653,297,3946,1415,17599,California
Solano,2021-01-16,1299,22887,909,15058,390,7829,0,0,1128,14610,171,4117,1128,18727,California
Solano,2021-01-17,1053,23940,758,15816,295,8124,0,0,1033,15624,20,4137,1034,19761,California
Solano,2021-01-18,1427,25367,855,16671,572,8696,0,0,1309,16816,118,4255,1310,21071,California
Solano,2021-01-19,1662,27029,1342,18013,320,9016,0,0,1394,17943,267,4522,1394,22465,California
Solano,2021-01-20,2056,29085,1430,19443,626,9642,0,0,1567,19024,486,5008,1567,24032,California
Solano,2021-01-21,3232,32317,1026,20469,2206,11848,0,0,2881,21555,351,5359,2882,26914,California
Solano,2021-01-22,1789,34106,852,21321,937,12785,0,0,1592,22951,196,5555,1592,28506,California
Solano,2021-01-23,736,34842,241,21562,495,13280,0,0,532,23279,205,5760,533,29039,California
Solano,2021-01-24,405,35247,62,21624,343,13623,0,0,336,23546,69,5829,336,29375,California
Solano,2021-01-25,1684,36931,632,22256,1052,14675,0,0,1124,24112,559,6388,1125,30500,California
Solano,2021-01-26,1816,38747,749,23005,1067,15742,0,0,1171,24639,645,7033,1172,31672,California
Solano,2021-01-27,1819,40566,729,23734,1090,16832,0,0,1200,25224,615,7648,1200,32872,California
Solano,2021-01-28,1964,42530,709,24443,1255,18087,0,0,1373,26008,590,8238,1374,34246,California
Solano,2021-01-29,1726,44256,790,25233,936,19023,0,0,1361,27007,362,8600,1361,35607,California
Solano,2021-01-30,941,45197,435,25668,506,19529,0,0,613,27293,328,8928,614,36221,California
Solano,2021-01-31,270,45467,180,25848,90,19619,0,0,174,27371,96,9024,174,36395,California
Solano,2021-02-01,1561,47028,1035,26883,526,20145,0,0,778,27370,779,9803,778,37173,California
Solano,2021-02-02,3380,50408,1093,27976,2287,22432,0,0,2568,29130,808,10611,2568,39741,California
Solano,2021-02-03,2274,52682,1312,29288,962,23394,0,0,1175,29209,1096,11707,1175,40916,California
Solano,2021-02-04,1818,54500,906,30194,912,24306,0,0,1082,29560,731,12438,1082,41998,California
Solano,2021-02-05,3126,57626,1421,31615,1705,26011,0,0,2116,30673,1003,13441,2116,44114,California
Solano,2021-02-06,3096,60722,1176,32791,1920,27931,0,0,2268,32117,824,14265,2268,46382,California
Solano,2021-02-07,856,61578,783,33574,73,28004,0,0,236,31734,619,14884,236,46618,California
Solano,2021-02-08,1768,63346,1235,34809,533,28537,0,0,721,31410,1045,15929,721,47339,California
Solano,2021-02-09,1950,65296,1490,36299,460,28997,0,0,692,30845,1257,17186,692,48031,California
Solano,2021-02-10,2276,67572,1501,37800,775,29772,0,0,826,30221,1450,18636,826,48857,California
Solano,2021-02-11,2531,70103,1494,39294,1037,30809,0,0,1195,30091,1325,19961,1195,50052,California
Solano,2021-02-12,4277,74380,1634,40928,2643,33452,0,0,2926,31673,1344,21305,2926,52978,California
Solano,2021-02-13,2871,77251,244,41172,2627,36079,0,0,2458,33722,409,21714,2458,55436,California
Solano,2021-02-14,727,77978,204,41376,523,36602,0,0,406,33810,319,22033,407,55843,California
Solano,2021-02-15,1268,79246,264,41640,1004,37606,0,0,649,33840,619,22652,649,56492,California
Solano,2021-02-16,2566,81812,1387,43027,1179,38785,0,0,1668,34612,897,23549,1669,58161,California
Solano,2021-02-17,3254,85066,1450,44477,1804,40589,0,0,2208,35778,1043,24592,2209,60370,California
Solano,2021-02-18,2917,87983,839,45316,2078,42667,0,0,852,34572,2059,26651,853,61223,California
Solano,2021-02-19,2483,90466,1454,46770,1029,43696,0,0,1175,34447,1302,27953,1177,62400,California
Solano,2021-02-20,2751,93217,387,47157,2364,46060,0,0,2240,36175,512,28465,2240,64640,California
Solano,2021-02-21,2333,95550,2013,49170,320,46380,0,0,2010,37866,319,28784,2010,66650,California
Solano,2021-02-22,1805,97355,1058,50228,747,47127,0,0,939,37943,863,29647,940,67590,California
Solano,2021-02-23,2970,100325,1147,51375,1823,48950,0,0,2019,39014,948,30595,2019,69609,California
Solano,2021-02-24,2543,102868,1267,52642,1276,50226,0,0,1414,39302,1127,31722,1415,71024,California
Solano,2021-02-25,2570,105438,1569,54211,1001,51227,0,0,1424,39585,1141,32863,1424,72448,California
Solano,2021-02-26,3495,108933,2245,56456,1250,52477,0,0,2048,40191,1442,34305,2048,74496,California
Solano,2021-02-27,3998,112931,1541,57997,2456,54933,1,1,3231,42664,759,35064,3232,77728,California
Solano,2021-02-28,1932,114863,1561,59558,370,55303,1,2,1605,43947,323,35387,1606,79334,California
Solano,2021-03-01,2746,117609,1227,60785,1518,56821,1,3,2075,45359,664,36051,2076,81410,California
Solano,2021-03-02,2289,119898,1407,62192,882,57703,0,3,1298,45667,990,37041,1298,82708,California
Solano,2021-03-03,2260,122158,1265,63457,995,58698,0,3,1396,46209,855,37896,1397,84105,California
Solano,2021-03-04,4391,126549,3437,66894,952,59650,2,5,3155,48143,1226,39122,3160,87265,California
Solano,2021-03-05,4960,131509,1685,68579,3270,62920,5,10,3984,51166,966,40088,3989,91254,California
Solano,2021-03-06,3881,135390,831,69410,3011,65931,39,49,2664,52664,1205,41293,2703,93957,California
Solano,2021-03-07,3608,138998,762,70172,2836,68767,10,59,1971,53022,1624,42917,1982,95939,California
Solano,2021-03-08,2144,141142,1353,71525,522,69289,269,328,1613,54379,523,43440,1880,97819,California
Solano,2021-03-09,3225,144367,1565,73090,1606,70895,54,382,2329,55862,896,44336,2379,100198,California
Solano,2021-03-10,2418,146785,1757,74847,576,71471,85,467,1271,56075,1142,45478,1355,101553,California
Solano,2021-03-11,6038,152823,1756,76603,4030,75501,252,719,4996,60286,1038,46516,5249,106802,California
Solano,2021-03-12,6056,158879,1566,78169,4311,79812,179,898,3173,60759,2878,49394,3351,110153,California
Solano,2021-03-13,4606,163485,813,78982,3713,83525,80,978,2248,60738,2351,51745,2330,112483,California
Solano,2021-03-14,4028,167513,3146,82128,415,83940,467,1445,1541,60261,2482,54227,2005,114488,California
Solano,2021-03-15,4034,171547,2463,84591,1240,85180,331,1776,2513,61590,1513,55740,2842,117330,California
Solano,2021-03-16,3067,174614,1312,85903,1521,86701,234,2010,1548,61856,1515,57255,1781,119111,California
Solano,2021-03-17,6504,181118,1674,87577,4735,91436,95,2105,4953,65356,1548,58803,5048,124159,California
Solano,2021-03-18,5236,186354,1847,89424,3349,94785,40,2145,3758,67685,1470,60273,3799,127958,California
Solano,2021-03-19,3589,189943,2645,92069,868,95653,76,2221,1650,67481,1931,62204,1727,129685,California
Solano,2021-03-20,5612,195555,1684,93753,3877,99530,51,2272,2649,67227,2954,65158,2700,132385,California
Solano,2021-03-21,1678,197233,1577,95330,76,99606,25,2297,367,66310,1307,66465,390,132775,California
Solano,2021-03-22,2687,199920,2045,97375,593,100199,49,2346,1557,66789,1123,67588,1602,134377,California
Solano,2021-03-23,3589,203509,1689,99064,1855,102054,45,2391,1403,66055,2181,69769,1447,135824,California
Solano,2021-03-24,2834,206343,1773,100837,1027,103081,34,2425,1359,65979,1467,71236,1391,137215,California
Solano,2021-03-25,4881,211224,4004,104841,842,103923,35,2460,2271,65679,2605,73841,2305,139520,California
Solano,2021-03-26,3244,214468,2113,106954,1093,105016,38,2498,1743,65971,1491,75332,1783,141303,California
Solano,2021-03-27,4220,218688,1154,108108,3028,108044,38,2536,1658,65109,2556,77888,1694,142997,California
Solano,2021-03-28,1427,220115,1119,109227,291,108335,17,2553,541,64785,882,78770,558,143555,California
Solano,2021-03-29,3536,223651,2046,111273,1473,109808,17,2570,1553,64385,1971,80741,1571,145126,California
Solano,2021-03-30,3052,226703,2016,113289,935,110743,101,2671,1897,65229,1153,81894,1997,147123,California
Solano,2021-03-31,3142,229845,2138,115427,846,111589,158,2829,1837,65918,1302,83196,1991,149114,California
Solano,2021-04-01,5566,235411,2111,117538,3304,114893,151,2980,3514,67544,2039,85235,3665,152779,California
Solano,2021-04-02,6634,242045,2218,119756,4250,119143,166,3146,2543,66176,4075,89310,2707,155486,California
Solano,2021-04-03,1527,243572,969,120725,406,119549,152,3298,564,65930,961,90271,715,156201,California
Solano,2021-04-04,777,244349,286,121011,187,119736,304,3602,236,65933,537,90808,540,156741,California
Solano,2021-04-05,2988,247337,2051,123062,728,120464,209,3811,1512,66178,1474,92282,1719,158460,California
Solano,2021-04-06,6092,253429,1636,124698,3971,124435,485,4296,1647,63872,4436,96718,2130,160590,California
Solano,2021-04-07,5989,259418,4634,129332,954,125389,401,4697,3418,65138,2551,99269,3817,164407,California
Solano,2021-04-08,6487,265905,1788,131120,3827,129216,872,5569,1805,63156,4652,103921,2670,167077,California
Solano,2021-04-09,6320,272225,1663,132783,3796,133012,861,6430,1518,60756,4777,108698,2377,169454,California
Solano,2021-04-10,1753,273978,966,133749,455,133467,332,6762,810,60955,942,109640,1141,170595,California
Solano,2021-04-11,1199,275177,769,134518,325,133792,105,6867,643,61150,553,110193,748,171343,California
Solano,2021-04-12,3282,278459,1700,136218,1218,135010,364,7231,1356,60945,1922,112115,1717,173060,California
Solano,2021-04-13,2538,280997,1105,137323,1432,136442,1,7232,1324,61059,1211,113326,1325,174385,California
Solano,2021-04-14,6536,287533,1962,139285,4574,141016,0,7232,1849,58238,4679,118005,1858,176243,California
Solano,2021-04-15,5734,293267,2157,141442,3576,144592,1,7233,1745,56010,3975,121980,1747,177990,California
Solano,2021-04-16,3704,296971,2610,144052,1092,145684,2,7235,2296,56908,1400,123380,2298,180288,California
Solano,2021-04-17,3275,300246,1065,145117,2210,147894,0,7235,1116,55877,2150,125530,1119,181407,California
Solano,2021-04-18,1001,301247,613,145730,388,148282,0,7235,526,55929,474,126004,526,181933,California
Solano,2021-04-19,2141,303388,1155,146885,986,149268,0,7235,1163,56122,972,126976,1165,183098,California
Solano,2021-04-20,3015,306403,1829,148714,1186,150454,0,7235,1673,56461,1336,128312,1675,184773,California
Solano,2021-04-21,3807,310210,2320,151034,1487,151941,0,7235,2004,56671,1794,130106,2004,186777,California
Solano,2021-04-22,2996,313206,1479,152513,1517,153458,0,7235,1790,57257,1204,131310,1790,188567,California
Solano,2021-04-23,4151,317357,2092,154605,2059,155517,0,7235,2511,58135,1634,132944,2512,191079,California
Solano,2021-04-24,3887,321244,2341,156946,1544,157061,2,7237,2582,59500,1219,134163,2584,193663,California
Solano,2021-04-25,1432,322676,1115,158061,317,157378,0,7237,1134,60343,291,134454,1134,194797,California
Solano,2021-04-26,2582,325258,1665,159726,913,158291,4,7241,1424,60626,1145,135599,1428,196225,California
Solano,2021-04-27,2582,327840,1282,161008,1270,159561,30,7271,1460,61005,1112,136711,1491,197716,California
Solano,2021-04-28,6048,333888,4999,166007,1003,160564,46,7317,3780,62574,2257,138968,3826,201542,California
Solano,2021-04-29,4534,338422,1441,167448,3062,163626,31,7348,2048,62174,2479,141447,2079,203621,California
Solano,2021-04-30,4111,342533,2177,169625,1793,165419,141,7489,1896,62012,2199,143646,2037,205658,California
Solano,2021-05-01,2179,344712,1677,171302,301,165720,201,7690,1293,62625,881,144527,1494,207152,California
Solano,2021-05-02,1206,345918,950,172252,230,165950,26,7716,669,62788,532,145059,695,207847,California
Solano,2021-05-03,1458,347376,1013,173265,358,166308,87,7803,595,62610,861,145920,683,208530,California
Solano,2021-05-04,1801,349177,1044,174309,691,166999,66,7869,808,62492,992,146912,874,209404,California
Solano,2021-05-05,2281,351458,1423,175732,743,167742,115,7984,1091,62510,1186,148098,1204,210608,California
Solano,2021-05-06,2005,353463,1191,176923,603,168345,211,8195,730,62185,1263,149361,938,211546,California
Solano,2021-05-07,2828,356291,1972,178895,737,169082,119,8314,978,61438,1842,151203,1095,212641,California
Solano,2021-05-08,1446,357737,903,179798,427,169509,116,8430,548,61208,894,152097,664,213305,California
Solano,2021-05-09,441,358178,264,180062,166,169675,11,8441,177,61136,261,152358,189,213494,California
Solano,2021-05-10,1326,359504,608,180670,612,170287,106,8547,390,60700,931,153289,495,213989,California
Solano,2021-05-11,2261,361765,1139,181809,1033,171320,89,8636,637,59807,1619,154908,726,214715,California
Solano,2021-05-12,2121,363886,1201,183010,744,172064,176,8812,697,59267,1410,156318,870,215585,California
Solano,2021-05-13,3027,366913,2069,185079,746,172810,212,9024,1599,59653,1425,157743,1811,217396,California
Solano,2021-05-14,2411,369324,1628,186707,661,173471,122,9146,1007,59387,1395,159138,1129,218525,California
Solano,2021-05-15,3392,372716,2745,189452,562,174033,85,9231,1290,58671,2090,161228,1374,219899,California
Solano,2021-05-16,1492,374208,1093,190545,367,174400,32,9263,246,57705,1243,162471,277,220176,California
Solano,2021-05-17,2442,376650,1394,191939,962,175362,86,9349,868,57101,1554,164025,950,221126,California
Solano,2021-05-18,2911,379561,1614,193553,1208,176570,89,9438,1456,57204,1442,165467,1545,222671,California
Solano,2021-05-19,5193,384754,3651,197204,1435,178005,107,9545,2008,56144,3175,168642,2115,224786,California
Solano,2021-05-20,2600,387354,1565,198769,975,178980,60,9605,950,55513,1641,170283,1010,225796,California
Solano,2021-05-21,3536,390890,1857,200626,1612,180592,67,9672,1390,54835,2135,172418,1457,227253,California
Solano,2021-05-22,2536,393426,1934,202560,534,181126,68,9740,1065,54506,1462,173880,1133,228386,California
Solano,2021-05-23,1372,394798,1130,203690,219,181345,23,9763,737,54634,632,174512,760,229146,California
Solano,2021-05-24,1831,396629,1036,204726,723,182068,72,9835,612,54104,1213,175725,683,229829,California
Solano,2021-05-25,1626,398255,818,205544,748,182816,60,9895,588,53721,1030,176755,647,230476,California
Solano,2021-05-26,1883,400138,1083,206627,745,183561,55,9950,710,53318,1168,177923,765,231241,California
Solano,2021-05-27,2140,402278,946,207573,1117,184678,77,10027,890,53044,1240,179163,966,232207,California
Solano,2021-05-28,2026,404304,1033,208606,937,185615,56,10083,766,52615,1252,180415,823,233030,California
Solano,2021-05-29,649,404953,321,208927,298,185913,30,10113,321,52639,326,180741,350,233380,California
Solano,2021-05-30,321,405274,153,209080,143,186056,25,10138,118,52582,200,180941,143,233523,California
Solano,2021-05-31,127,405401,18,209098,100,186156,9,10147,24,52512,103,181044,33,233556,California
Solano,2021-06-01,1824,407225,1175,210273,571,186727,78,10225,761,52292,1058,182102,838,234394,California
Solano,2021-06-02,1732,408957,1191,211464,476,187203,65,10290,861,52350,865,182967,923,235317,California
Solano,2021-06-03,2067,411024,1603,213067,379,187582,85,10375,612,51598,1450,184417,698,236015,California
Solano,2021-06-04,1653,412677,1149,214216,440,188022,64,10439,552,51117,1097,185514,616,236631,California
Solano,2021-06-05,1404,414081,1011,215227,342,188364,51,10490,470,50710,928,186442,521,237152,California
Solano,2021-06-06,548,414629,435,215662,87,188451,26,10516,277,50743,270,186712,303,237455,California
Solano,2021-06-07,1234,415863,943,216605,228,188679,63,10579,411,50399,818,187530,474,237929,California
Solano,2021-06-08,1829,417692,1322,217927,473,189152,34,10613,497,49603,1327,188857,531,238460,California
Solano,2021-06-09,1672,419364,1365,219292,250,189402,57,10670,530,49052,1137,189994,586,239046,California
Solano,2021-06-10,1210,420574,840,220132,302,189704,68,10738,393,48703,810,190804,461,239507,California
Solano,2021-06-11,1337,421911,1007,221139,264,189968,66,10804,486,48406,848,191652,551,240058,California
Solano,2021-06-12,1153,423064,924,222063,170,190138,59,10863,212,47742,935,192587,271,240329,California
Solano,2021-06-13,606,423670,518,222581,80,190218,8,10871,133,47410,473,193060,141,240470,California
Solano,2021-06-14,1297,424967,914,223495,349,190567,34,10905,318,46789,971,194031,350,240820,California
Solano,2021-06-15,1468,426435,930,224425,488,191055,50,10955,610,46598,851,194882,660,241480,California
Solano,2021-06-16,1134,427569,758,225183,314,191369,62,11017,397,46324,732,195614,458,241938,California
Solano,2021-06-17,667,428236,475,225658,146,191515,46,11063,205,46126,448,196062,250,242188,California
Sonoma,2020-12-15,4,4,4,4,0,0,0,0,4,4,0,0,4,4,California
Sonoma,2020-12-16,28,32,28,32,0,0,0,0,28,32,0,0,28,32,California
Sonoma,2020-12-17,111,143,111,143,0,0,0,0,111,143,0,0,111,143,California
Sonoma,2020-12-18,439,582,439,582,0,0,0,0,439,582,0,0,439,582,California
Sonoma,2020-12-19,113,695,112,694,1,1,0,0,113,695,0,0,113,695,California
Sonoma,2020-12-20,176,871,176,870,0,1,0,0,176,871,0,0,176,871,California
Sonoma,2020-12-21,912,1783,910,1780,2,3,0,0,911,1782,0,0,911,1782,California
Sonoma,2020-12-22,1358,3141,1268,3048,90,93,0,0,1358,3140,0,0,1358,3140,California
Sonoma,2020-12-23,1607,4748,1233,4281,374,467,0,0,1608,4748,0,0,1608,4748,California
Sonoma,2020-12-24,313,5061,103,4384,210,677,0,0,313,5061,0,0,313,5061,California
Sonoma,2020-12-25,8,5069,1,4385,7,684,0,0,8,5069,0,0,8,5069,California
Sonoma,2020-12-26,265,5334,256,4641,9,693,0,0,265,5334,0,0,265,5334,California
Sonoma,2020-12-27,96,5430,81,4722,15,708,0,0,96,5430,0,0,96,5430,California
Sonoma,2020-12-28,982,6412,547,5269,435,1143,0,0,955,6385,0,0,955,6385,California
Sonoma,2020-12-29,1136,7548,783,6052,353,1496,0,0,1102,7487,0,0,1102,7487,California
Sonoma,2020-12-30,1088,8636,477,6529,611,2107,0,0,1080,8567,0,0,1080,8567,California
Sonoma,2020-12-31,522,9158,70,6599,452,2559,0,0,523,9090,0,0,523,9090,California
Sonoma,2021-01-01,98,9256,44,6643,54,2613,0,0,98,9188,0,0,98,9188,California
Sonoma,2021-01-02,134,9390,128,6771,6,2619,0,0,134,9322,0,0,134,9322,California
Sonoma,2021-01-03,25,9415,10,6781,15,2634,0,0,25,9347,0,0,25,9347,California
Sonoma,2021-01-04,340,9755,104,6885,236,2870,0,0,339,9686,0,0,339,9686,California
Sonoma,2021-01-05,430,10185,99,6984,331,3201,0,0,404,10074,16,16,404,10090,California
Sonoma,2021-01-06,946,11131,431,7415,515,3716,0,0,833,10800,107,123,833,10923,California
Sonoma,2021-01-07,1034,12165,540,7955,494,4210,0,0,857,11481,176,299,857,11780,California
Sonoma,2021-01-08,1805,13970,1243,9198,562,4772,0,0,1318,12314,485,784,1318,13098,California
Sonoma,2021-01-09,642,14612,403,9601,239,5011,0,0,595,12862,47,831,595,13693,California
Sonoma,2021-01-10,475,15087,463,10064,12,5023,0,0,277,12941,198,1029,277,13970,California
Sonoma,2021-01-11,1390,16477,1244,11308,146,5169,0,0,415,12386,970,1999,415,14385,California
Sonoma,2021-01-12,1545,18022,1291,12599,254,5423,0,0,395,11633,1148,3147,395,14780,California
Sonoma,2021-01-13,2050,20072,1372,13971,678,6101,0,0,1182,11951,865,4012,1183,15963,California
Sonoma,2021-01-14,1542,21614,808,14779,734,6835,0,0,1313,13035,229,4241,1313,17276,California
Sonoma,2021-01-15,1562,23176,627,15406,935,7770,0,0,1337,14159,215,4456,1339,18615,California
Sonoma,2021-01-16,1151,24327,618,16024,533,8303,0,0,904,14820,243,4699,904,19519,California
Sonoma,2021-01-17,675,25002,553,16577,122,8425,0,0,595,15335,80,4779,595,20114,California
Sonoma,2021-01-18,1103,26105,934,17511,169,8594,0,0,615,15463,488,5267,616,20730,California
Sonoma,2021-01-19,2098,28203,999,18510,1099,9693,0,0,1385,16139,711,5978,1387,22117,California
Sonoma,2021-01-20,2109,30312,631,19141,1478,11171,0,0,1437,16915,662,6640,1438,23555,California
Sonoma,2021-01-21,2300,32612,646,19787,1654,12825,0,0,2074,18766,224,6864,2075,25630,California
Sonoma,2021-01-22,2758,35370,1055,20842,1703,14528,0,0,2610,21229,147,7011,2610,28240,California
Sonoma,2021-01-23,765,36135,593,21435,172,14700,0,0,655,21775,109,7120,655,28895,California
Sonoma,2021-01-24,852,36987,719,22154,133,14833,0,0,834,22591,18,7138,834,29729,California
Sonoma,2021-01-25,2181,39168,517,22671,1664,16497,0,0,1690,23790,491,7629,1690,31419,California
Sonoma,2021-01-26,2063,41231,305,22976,1758,18255,0,0,1602,24932,460,8089,1602,33021,California
Sonoma,2021-01-27,3758,44989,1285,24261,2473,20728,0,0,3181,27540,575,8664,3183,36204,California
Sonoma,2021-01-28,4157,49146,1857,26118,2300,23028,0,0,3475,30338,679,9343,3477,39681,California
Sonoma,2021-01-29,3029,52175,1427,27545,1602,24630,0,0,2177,31667,850,10193,2179,41860,California
Sonoma,2021-01-30,2596,54771,2404,29949,192,24822,0,0,2250,33573,345,10538,2251,44111,California
Sonoma,2021-01-31,803,55574,688,30637,115,24937,0,0,575,33921,227,10765,575,44686,California
Sonoma,2021-02-01,2497,58071,860,31497,1637,26574,0,0,2112,35651,382,11147,2112,46798,California
Sonoma,2021-02-02,3608,61679,1401,32898,2207,28781,0,0,3027,38100,578,11725,3027,49825,California
Sonoma,2021-02-03,4061,65740,1334,34232,2727,31508,0,0,3120,40283,937,12662,3120,52945,California
Sonoma,2021-02-04,4224,69964,1727,35959,2497,34005,0,0,3426,42914,796,13458,3427,56372,California
Sonoma,2021-02-05,4834,74798,1752,37711,3082,37087,0,0,3803,45692,1026,14484,3804,60176,California
Sonoma,2021-02-06,2683,77481,2320,40031,363,37450,0,0,2147,47304,535,15019,2147,62323,California
Sonoma,2021-02-07,1559,79040,1421,41452,138,37588,0,0,1304,48353,255,15274,1304,63627,California
Sonoma,2021-02-08,3278,82318,1042,42494,2236,39824,0,0,2682,50440,595,15869,2682,66309,California
Sonoma,2021-02-09,3590,85908,1704,44198,1886,41710,0,0,3111,53075,477,16346,3112,69421,California
Sonoma,2021-02-10,4562,90470,2492,46690,2070,43780,0,0,3555,55630,1001,17347,3556,72977,California
Sonoma,2021-02-11,5608,96078,3036,49726,2572,46352,0,0,4418,58861,1187,18534,4418,77395,California
Sonoma,2021-02-12,5957,102035,3278,53004,2679,49031,0,0,4508,61928,1445,19979,4512,81907,California
Sonoma,2021-02-13,1997,104032,1159,54163,838,49869,0,0,1200,62334,794,20773,1200,83107,California
Sonoma,2021-02-14,2337,106369,1839,56002,498,50367,0,0,1592,63185,741,21514,1592,84699,California
Sonoma,2021-02-15,2140,108509,789,56791,1351,51718,0,0,1598,64241,542,22056,1598,86297,California
Sonoma,2021-02-16,4922,113431,2062,58853,2860,54578,0,0,3646,66617,1272,23328,3648,89945,California
Sonoma,2021-02-17,5636,119067,2925,61778,2711,57289,0,0,3592,68177,2035,25363,3595,93540,California
Sonoma,2021-02-18,7001,126068,3161,64939,3840,61129,0,0,4038,69267,2949,28312,4039,97579,California
Sonoma,2021-02-19,5583,131651,1683,66622,3900,65029,0,0,3454,70600,2123,30435,3456,101035,California
Sonoma,2021-02-20,3129,134780,2840,69462,289,65318,0,0,1215,69907,1908,32343,1215,102250,California
Sonoma,2021-02-21,533,135313,420,69882,113,65431,0,0,134,69648,393,32736,134,102384,California
Sonoma,2021-02-22,2962,138275,1405,71287,1557,66988,0,0,1227,69148,1727,34463,1227,103611,California
Sonoma,2021-02-23,3466,141741,2135,73422,1331,68319,0,0,1624,68935,1837,36300,1624,105235,California
Sonoma,2021-02-24,5750,147491,2598,76020,3152,71471,0,0,2952,69099,2789,39089,2953,108188,California
Sonoma,2021-02-25,6024,153515,2353,78373,3671,75142,0,0,3244,69586,2757,41846,3244,111432,California
Sonoma,2021-02-26,6668,160183,2945,81318,3723,78865,0,0,4235,71397,2424,44270,4235,115667,California
Sonoma,2021-02-27,4243,164426,1981,83299,2262,81127,0,0,2841,72839,1399,45669,2841,118508,California
Sonoma,2021-02-28,2511,166937,1859,85158,651,81778,1,1,753,71844,1749,47418,754,119262,California
Sonoma,2021-03-01,4136,171073,1314,86472,2821,84599,1,2,2168,72059,1955,49373,2170,121432,California
Sonoma,2021-03-02,4442,175515,1524,87996,2915,87514,3,5,2571,72771,1862,51235,2574,124006,California
Sonoma,2021-03-03,5084,180599,2649,90645,2435,89949,0,5,2335,72365,2741,53976,2335,126341,California
Sonoma,2021-03-04,5995,186594,2693,93338,3302,93251,0,5,2601,71586,3380,57356,2601,128942,California
Sonoma,2021-03-05,6507,193101,2877,96215,3615,96866,15,20,2735,70583,3754,61110,2751,131693,California
Sonoma,2021-03-06,2805,195906,1232,97447,1437,98303,136,156,1924,71768,874,61984,2059,133752,California
Sonoma,2021-03-07,1758,197664,1427,98874,295,98598,36,192,395,70839,1360,63344,431,134183,California
Sonoma,2021-03-08,4091,201755,660,99534,3255,101853,176,368,2402,71738,1677,65021,2576,136759,California
Sonoma,2021-03-09,5643,207398,3103,102637,2271,104124,269,637,2782,71926,2850,67871,3038,139797,California
Sonoma,2021-03-10,6048,213446,3207,105844,2491,106615,350,987,2439,71118,3595,71466,2787,142584,California
Sonoma,2021-03-11,7571,221017,3038,108882,3708,110323,825,1812,2569,69522,4988,76454,3392,145976,California
Sonoma,2021-03-12,7429,228446,2258,111140,3800,114123,1371,3183,2095,67671,5312,81766,3461,149437,California
Sonoma,2021-03-13,3441,231887,1697,112837,1500,115623,244,3427,2014,68499,1425,83191,2253,151690,California
Sonoma,2021-03-14,1378,233265,377,113214,859,116482,142,3569,843,68951,532,83723,984,152674,California
Sonoma,2021-03-15,5254,238519,1520,114734,3347,119829,387,3956,2172,68440,3068,86791,2557,155231,California
Sonoma,2021-03-16,6317,244836,2264,116998,3820,123649,233,4189,2905,68172,3404,90195,3136,158367,California
Sonoma,2021-03-17,6837,251673,3582,120580,3071,126720,184,4373,3295,68121,3528,93723,3477,161844,California
Sonoma,2021-03-18,7176,258849,2953,123533,3605,130325,618,4991,3124,67817,4042,97765,3738,165582,California
Sonoma,2021-03-19,7533,266382,3269,126802,4035,134360,229,5220,3055,66649,4456,102221,3288,168870,California
Sonoma,2021-03-20,3727,270109,1755,128557,1140,135500,832,6052,2016,67788,1704,103925,2843,171713,California
Sonoma,2021-03-21,1384,271493,595,129152,754,136254,35,6087,1203,68850,176,104101,1238,172951,California
Sonoma,2021-03-22,4589,276082,3124,132276,1363,137617,102,6189,3345,71059,1238,105339,3447,176398,California
Sonoma,2021-03-23,5877,281959,3643,135919,2162,139779,72,6261,4435,74134,1432,106771,4507,180905,California
Sonoma,2021-03-24,6863,288822,4312,140231,2477,142256,74,6335,4196,75756,2646,109417,4268,185173,California
Sonoma,2021-03-25,7153,295975,4214,144445,2827,145083,112,6447,4296,77336,2829,112246,4409,189582,California
Sonoma,2021-03-26,7476,303451,3479,147924,3905,148988,92,6539,3825,77625,3627,115873,3916,193498,California
Sonoma,2021-03-27,3913,307364,1509,149433,2035,151023,369,6908,1046,76182,2856,118729,1413,194911,California
Sonoma,2021-03-28,1511,308875,945,150378,538,151561,28,6936,799,76300,708,119437,826,195737,California
Sonoma,2021-03-29,2977,311852,1105,151483,1839,153400,33,6969,1534,76433,1434,120871,1567,197304,California
Sonoma,2021-03-30,5892,317744,3236,154719,2594,155994,62,7031,3055,76723,2827,123698,3117,200421,California
Sonoma,2021-03-31,5631,323375,3408,158127,2006,158000,217,7248,3250,77823,2367,126065,3467,203888,California
Sonoma,2021-04-01,6969,330344,4080,162207,2542,160542,347,7595,3777,78772,3165,129230,4114,208002,California
Sonoma,2021-04-02,5965,336309,3569,165776,2287,162829,109,7704,3585,80096,2369,131599,3693,211695,California
Sonoma,2021-04-03,3655,339964,1822,167598,1608,164437,225,7929,1608,79893,2034,133633,1831,213526,California
Sonoma,2021-04-04,1072,341036,697,168295,284,164721,91,8020,655,80227,412,134045,746,214272,California
Sonoma,2021-04-05,4447,345483,644,168939,3457,168178,346,8366,1668,79469,2771,136816,2013,216285,California
Sonoma,2021-04-06,6954,352437,3518,172457,3029,171207,407,8773,4043,81020,2896,139712,4447,220732,California
Sonoma,2021-04-07,6880,359317,3889,176346,2150,173357,841,9614,3352,81691,3514,143226,4185,224917,California
Sonoma,2021-04-08,7673,366990,4155,180501,2744,176101,774,10388,4212,83222,3450,146676,4981,229898,California
Sonoma,2021-04-09,6865,373855,3829,184330,2144,178245,892,11280,3538,84332,3313,149989,4423,234321,California
Sonoma,2021-04-10,3927,377782,1705,186035,1663,179908,559,11839,1155,83278,2761,152750,1707,236028,California
Sonoma,2021-04-11,1281,379063,606,186641,594,180502,81,11920,439,82957,841,153591,520,236548,California
Sonoma,2021-04-12,4982,384045,2073,188714,2422,182924,487,12407,1855,82178,3114,156705,2335,238883,California
Sonoma,2021-04-13,7939,391984,4671,193385,3264,186188,4,12411,3047,80351,4881,161586,3054,241937,California
Sonoma,2021-04-14,6672,398656,3802,197187,2849,189037,21,12432,2567,78847,4090,165676,2586,244523,California
Sonoma,2021-04-15,7505,406161,4284,201471,3221,192258,0,12432,3670,78706,3819,169495,3678,248201,California
Sonoma,2021-04-16,6877,413038,3455,204926,3420,195678,2,12434,3902,79649,2963,172458,3906,252107,California
Sonoma,2021-04-17,3423,416461,1737,206663,1686,197364,0,12434,1623,79492,1784,174242,1627,253734,California
Sonoma,2021-04-18,1289,417750,898,207561,391,197755,0,12434,455,79114,833,175075,455,254189,California
Sonoma,2021-04-19,3327,421077,1886,209447,1440,199195,1,12435,1454,78700,1869,176944,1455,255644,California
Sonoma,2021-04-20,6310,427387,3489,212936,2820,202015,1,12436,2345,77101,3952,180896,2353,257997,California
Sonoma,2021-04-21,6648,434035,4238,217174,2408,204423,2,12438,3054,76585,3572,184468,3056,261053,California
Sonoma,2021-04-22,6262,440297,4486,221660,1776,206199,0,12438,2523,75386,3722,188190,2523,263576,California
Sonoma,2021-04-23,7447,447744,4635,226295,2806,209005,6,12444,3641,75242,3792,191982,3648,267224,California
Sonoma,2021-04-24,2774,450518,1503,227798,1256,210261,15,12459,1543,75574,1226,193208,1558,268782,California
Sonoma,2021-04-25,1089,451607,793,228591,296,210557,0,12459,430,75348,656,193864,430,269212,California
Sonoma,2021-04-26,2933,454540,1404,229995,1501,212058,28,12487,1616,75683,1309,195173,1644,270856,California
Sonoma,2021-04-27,5492,460032,3729,233724,1639,213697,124,12611,2254,74834,3226,198399,2377,273233,California
Sonoma,2021-04-28,4911,464943,3236,236960,1477,215174,198,12809,2094,74321,2800,201199,2287,275520,California
Sonoma,2021-04-29,5113,470056,3599,240559,1369,216543,145,12954,1929,73224,3172,204371,2075,277595,California
Sonoma,2021-04-30,5464,475520,3628,244187,1541,218084,295,13249,1814,71698,3634,208005,2108,279703,California
Sonoma,2021-05-01,2486,478006,1787,245974,594,218678,105,13354,1238,71797,1240,209245,1339,281042,California
Sonoma,2021-05-02,871,478877,649,246623,171,218849,51,13405,555,72088,316,209561,607,281649,California
Sonoma,2021-05-03,3195,482072,1690,248313,1359,220208,146,13551,1053,71154,2131,211692,1197,282846,California
Sonoma,2021-05-04,4599,486671,2409,250722,2011,222219,179,13730,1453,69660,3122,214814,1628,284474,California
Sonoma,2021-05-05,3680,490351,2180,252902,1306,223525,194,13924,1314,68812,2354,217168,1506,285980,California
Sonoma,2021-05-06,4569,494920,2412,255314,2031,225556,126,14050,1300,67030,3205,220373,1423,287403,California
Sonoma,2021-05-07,3609,498529,2321,257635,1164,226720,124,14174,1087,65729,2511,222884,1210,288613,California
Sonoma,2021-05-08,1870,500399,1267,258902,511,227231,92,14266,701,65366,1156,224040,793,289406,California
Sonoma,2021-05-09,502,500901,288,259190,173,227404,41,14307,167,65243,331,224371,208,289614,California
Sonoma,2021-05-10,2317,503218,1040,260230,1144,228548,133,14440,291,63653,2011,226382,421,290035,California
Sonoma,2021-05-11,3556,506774,1910,262140,1522,230070,124,14564,926,62090,2613,228995,1050,291085,California
Sonoma,2021-05-12,4008,510782,2479,264619,1377,231447,152,14716,846,59936,3150,232145,996,292081,California
Sonoma,2021-05-13,4936,515718,2837,267456,1969,233416,130,14846,1662,58464,3262,235407,1790,293871,California
Sonoma,2021-05-14,5795,521513,3598,271054,2060,235476,137,14983,2202,57226,3578,238985,2340,296211,California
Sonoma,2021-05-15,2924,524437,2152,273206,711,236187,61,15044,1849,58069,1067,240052,1910,298121,California
Sonoma,2021-05-16,1306,525743,1089,274295,158,236345,59,15103,973,58772,329,240381,1032,299153,California
Sonoma,2021-05-17,2443,528186,1818,276113,530,236875,95,15198,898,58223,1540,241921,991,300144,California
Sonoma,2021-05-18,4335,532521,2859,278972,1367,238242,109,15307,1475,56964,2842,244763,1583,301727,California
Sonoma,2021-05-19,3755,536276,2413,281385,1227,239469,115,15422,1494,56325,2248,247011,1609,303336,California
Sonoma,2021-05-20,3383,539659,2251,283636,1038,240507,94,15516,1346,55736,2024,249035,1435,304771,California
Sonoma,2021-05-21,4217,543876,2398,286034,1689,242196,130,15646,1508,54672,2687,251722,1623,306394,California
Sonoma,2021-05-22,2338,546214,1282,287316,1017,243213,39,15685,669,53723,1657,253379,708,307102,California
Sonoma,2021-05-23,1482,547696,1213,288529,253,243466,16,15701,772,53807,704,254083,788,307890,California
Sonoma,2021-05-24,1965,549661,1247,289776,587,244053,131,15832,643,53288,1293,255376,774,308664,California
Sonoma,2021-05-25,2928,552589,1804,291580,1036,245089,88,15920,743,51946,2172,257548,830,309494,California
Sonoma,2021-05-26,2481,555070,1734,293314,638,245727,109,16029,998,51579,1471,259019,1104,310598,California
Sonoma,2021-05-27,2087,557157,1141,294455,850,246577,96,16125,702,50998,1377,260396,796,311394,California
Sonoma,2021-05-28,2145,559302,1128,295583,924,247501,93,16218,617,50192,1516,261912,710,312104,California
Sonoma,2021-05-29,1334,560636,913,296496,353,247854,68,16286,643,50223,680,262592,711,312815,California
Sonoma,2021-05-30,345,560981,211,296707,122,247976,12,16298,137,50168,204,262796,149,312964,California
Sonoma,2021-05-31,70,561051,26,296733,43,248019,1,16299,17,50133,53,262849,18,312982,California
Sonoma,2021-06-01,1937,562988,1114,297847,746,248765,77,16376,709,49700,1215,264064,782,313764,California
Sonoma,2021-06-02,1575,564563,968,298815,493,249258,114,16490,664,49571,906,264970,777,314541,California
Sonoma,2021-06-03,1999,566562,1391,300206,529,249787,79,16569,443,48545,1547,266517,521,315062,California
Sonoma,2021-06-04,2692,569254,2201,302407,384,250171,107,16676,520,47008,2163,268680,626,315688,California
Sonoma,2021-06-05,1812,571066,1492,303899,289,250460,31,16707,296,45823,1512,270192,327,316015,California
Sonoma,2021-06-06,1009,572075,934,304833,66,250526,9,16716,156,45138,850,271042,165,316180,California
Sonoma,2021-06-07,1473,573548,1244,306077,175,250701,54,16770,334,44392,1131,272173,385,316565,California
Sonoma,2021-06-08,1890,575438,1521,307598,323,251024,46,16816,529,43617,1349,273522,574,317139,California
Sonoma,2021-06-09,1634,577072,1355,308953,219,251243,60,16876,389,42834,1232,274754,449,317588,California
Sonoma,2021-06-10,1837,578909,1509,310462,223,251466,105,16981,564,42240,1261,276015,667,318255,California
Sonoma,2021-06-11,1974,580883,1626,312088,260,251726,88,17069,541,41443,1426,277441,629,318884,California
Sonoma,2021-06-12,1124,582007,887,312975,190,251916,47,17116,353,41079,764,278205,400,319284,California
Sonoma,2021-06-13,552,582559,464,313439,70,251986,18,17134,107,40759,445,278650,125,319409,California
Sonoma,2021-06-14,936,583495,673,314112,204,252190,59,17193,342,40573,587,279237,401,319810,California
Sonoma,2021-06-15,1785,585280,1348,315460,331,252521,106,17299,588,40077,1189,280426,693,320503,California
Sonoma,2021-06-16,1505,586785,1184,316644,231,252752,90,17389,486,39634,1017,281443,574,321077,California
Sonoma,2021-06-17,627,587412,496,317140,98,252850,33,17422,246,39534,378,281821,278,321355,California
Stanislaus,2020-12-15,5,5,5,5,0,0,0,0,5,5,0,0,5,5,California
Stanislaus,2020-12-16,36,41,36,41,0,0,0,0,36,41,0,0,36,41,California
Stanislaus,2020-12-17,74,115,74,115,0,0,0,0,74,115,0,0,74,115,California
Stanislaus,2020-12-18,342,457,336,451,6,6,0,0,342,457,0,0,342,457,California
Stanislaus,2020-12-19,131,588,131,582,0,6,0,0,131,588,0,0,131,588,California
Stanislaus,2020-12-20,86,674,86,668,0,6,0,0,86,674,0,0,86,674,California
Stanislaus,2020-12-21,997,1671,996,1664,1,7,0,0,996,1670,1,1,997,1671,California
Stanislaus,2020-12-22,793,2464,781,2445,12,19,0,0,793,2463,0,1,793,2464,California
Stanislaus,2020-12-23,446,2910,428,2873,18,37,0,0,445,2908,1,2,446,2910,California
Stanislaus,2020-12-24,96,3006,88,2961,8,45,0,0,96,3004,0,2,96,3006,California
Stanislaus,2020-12-26,53,3059,9,2970,44,89,0,0,53,3057,0,2,53,3059,California
Stanislaus,2020-12-27,11,3070,6,2976,5,94,0,0,11,3068,0,2,11,3070,California
Stanislaus,2020-12-28,486,3556,394,3370,92,186,0,0,486,3554,0,2,486,3556,California
Stanislaus,2020-12-29,494,4050,415,3785,79,265,0,0,494,4048,0,2,494,4050,California
Stanislaus,2020-12-30,534,4584,281,4066,253,518,0,0,533,4580,1,3,533,4583,California
Stanislaus,2020-12-31,277,4861,157,4223,120,638,0,0,277,4857,0,3,277,4860,California
Stanislaus,2021-01-01,15,4876,6,4229,9,647,0,0,15,4872,0,3,15,4875,California
Stanislaus,2021-01-02,33,4909,25,4254,8,655,0,0,33,4905,0,3,33,4908,California
Stanislaus,2021-01-03,90,4999,87,4341,3,658,0,0,90,4995,0,3,90,4998,California
Stanislaus,2021-01-04,230,5229,152,4493,78,736,0,0,230,5225,0,3,230,5228,California
Stanislaus,2021-01-05,838,6067,347,4840,491,1227,0,0,812,6020,25,28,820,6048,California
Stanislaus,2021-01-06,1001,7068,599,5439,402,1629,0,0,927,6880,71,99,931,6979,California
Stanislaus,2021-01-07,1079,8147,706,6145,373,2002,0,0,886,7581,188,287,889,7868,California
Stanislaus,2021-01-08,1272,9419,717,6862,555,2557,0,0,928,8174,341,628,934,8802,California
Stanislaus,2021-01-09,290,9709,142,7004,148,2705,0,0,201,8286,89,717,201,9003,California
Stanislaus,2021-01-10,48,9757,21,7025,27,2732,0,0,29,8296,19,736,29,9032,California
Stanislaus,2021-01-11,1497,11254,1214,8239,283,3015,0,0,572,7967,919,1655,590,9622,California
Stanislaus,2021-01-12,1474,12728,867,9106,607,3622,0,0,828,8166,642,2297,841,10463,California
Stanislaus,2021-01-13,1447,14175,688,9794,759,4381,0,0,1123,8978,323,2620,1135,11598,California
Stanislaus,2021-01-14,2246,16421,285,10079,1961,6342,0,0,2068,10947,175,2795,2144,13742,California
Stanislaus,2021-01-15,2823,19244,1156,11235,1667,8009,0,0,2663,13540,156,2951,2749,16491,California
Stanislaus,2021-01-16,473,19717,50,11285,423,8432,0,0,454,13978,18,2969,456,16947,California
Stanislaus,2021-01-17,244,19961,202,11487,42,8474,0,0,237,14209,6,2975,237,17184,California
Stanislaus,2021-01-18,2187,22148,1020,12507,1167,9641,0,0,1791,15688,391,3366,1870,19054,California
Stanislaus,2021-01-19,1254,23402,723,13230,531,10172,0,0,804,16047,446,3812,805,19859,California
Stanislaus,2021-01-20,1012,24414,489,13719,523,10695,0,0,717,16470,294,4106,717,20576,California
Stanislaus,2021-01-21,3693,28107,2978,16697,715,11410,0,0,3355,19607,334,4440,3471,24047,California
Stanislaus,2021-01-22,1099,29206,308,17005,791,12201,0,0,1055,20625,40,4480,1058,25105,California
Stanislaus,2021-01-23,355,29561,40,17045,315,12516,0,0,297,20866,57,4537,298,25403,California
Stanislaus,2021-01-24,302,29863,100,17145,202,12718,0,0,236,21038,66,4603,238,25641,California
Stanislaus,2021-01-25,3161,33024,228,17373,2933,15651,0,0,2824,23718,301,4904,2981,28622,California
Stanislaus,2021-01-26,1729,34753,747,18120,982,16633,0,0,1298,24609,424,5328,1315,29937,California
Stanislaus,2021-01-27,1894,36647,1053,19173,841,17474,0,0,1188,25140,659,5987,1190,31127,California
Stanislaus,2021-01-28,2210,38857,1514,20687,696,18170,0,0,1717,26437,484,6471,1781,32908,California
Stanislaus,2021-01-29,2454,41311,1201,21888,1253,19423,0,0,1917,27916,491,6962,1970,34878,California
Stanislaus,2021-01-30,294,41605,134,22022,160,19583,0,0,229,28091,54,7016,229,35107,California
Stanislaus,2021-01-31,369,41974,314,22336,55,19638,0,0,354,28433,12,7028,354,35461,California
Stanislaus,2021-02-01,1296,43270,585,22921,711,20349,0,0,939,29027,346,7374,940,36401,California
Stanislaus,2021-02-02,1209,44479,347,23268,862,21211,0,0,773,29379,424,7798,776,37177,California
Stanislaus,2021-02-03,2617,47096,1236,24504,1381,22592,0,0,1917,30617,695,8493,1933,39110,California
Stanislaus,2021-02-04,2091,49187,710,25214,1381,23973,0,0,1581,31710,495,8988,1588,40698,California
Stanislaus,2021-02-05,2852,52039,1469,26683,1383,25356,0,0,1593,32121,1195,10183,1606,42304,California
Stanislaus,2021-02-06,886,52925,299,26982,587,25943,0,0,693,32625,191,10374,695,42999,California
Stanislaus,2021-02-07,230,53155,205,27187,25,25968,0,0,41,32481,186,10560,42,43041,California
Stanislaus,2021-02-08,2042,55197,1339,28526,703,26671,0,0,1103,32714,896,11456,1129,44170,California
Stanislaus,2021-02-09,1844,57041,785,29311,1059,27730,0,0,1047,33001,771,12227,1058,45228,California
Stanislaus,2021-02-10,1939,58980,534,29845,1405,29135,0,0,1014,33116,901,13128,1016,46244,California
Stanislaus,2021-02-11,5402,64382,3272,33117,2130,31265,0,0,1228,30407,3944,17072,1235,47479,California
Stanislaus,2021-02-12,3304,67686,915,34032,2389,33654,0,0,1454,30105,1766,18838,1464,48943,California
Stanislaus,2021-02-13,1352,69038,650,34682,702,34356,0,0,983,30730,362,19200,987,49930,California
Stanislaus,2021-02-14,415,69453,164,34846,251,34607,0,0,348,31013,65,19265,348,50278,California
Stanislaus,2021-02-15,1816,71269,229,35075,1587,36194,0,0,578,30474,1121,20386,582,50860,California
Stanislaus,2021-02-16,1361,72630,422,35497,939,37133,0,0,578,30283,771,21157,580,51440,California
Stanislaus,2021-02-17,2764,75394,1694,37191,1070,38203,0,0,1923,31383,835,21992,1935,53375,California
Stanislaus,2021-02-18,3366,78760,1904,39095,1462,39665,0,0,1775,31699,1499,23491,1815,55190,California
Stanislaus,2021-02-19,2773,81533,1076,40171,1697,41362,0,0,1514,32026,1211,24702,1538,56728,California
Stanislaus,2021-02-20,751,82284,382,40553,369,41731,0,0,475,32246,256,24958,476,57204,California
Stanislaus,2021-02-21,906,83190,692,41245,214,41945,0,0,543,32462,338,25296,554,57758,California
Stanislaus,2021-02-22,2346,85536,1693,42938,653,42598,0,0,1629,33396,696,25992,1630,59388,California
Stanislaus,2021-02-23,3745,89281,679,43617,3066,45664,0,0,1739,33307,1839,27831,1750,61138,California
Stanislaus,2021-02-24,4183,93464,2853,46470,1330,46994,0,0,3114,35379,1045,28876,3117,64255,California
Stanislaus,2021-02-25,3956,97420,2717,49187,1239,48233,0,0,3150,37746,786,29662,3153,67408,California
Stanislaus,2021-02-26,4215,101635,1211,50398,3004,51237,0,0,2833,39266,1326,30988,2846,70254,California
Stanislaus,2021-02-27,2092,103727,712,51110,1379,52616,1,1,1859,40923,204,31192,1861,72115,California
Stanislaus,2021-02-28,825,104552,260,51370,565,53181,0,1,775,41660,39,31231,776,72891,California
Stanislaus,2021-03-01,2791,107343,1646,53016,1143,54324,2,3,1638,42202,1110,32341,1652,74543,California
Stanislaus,2021-03-02,2396,109739,1425,54441,970,55294,1,4,1659,43143,721,33062,1662,76205,California
Stanislaus,2021-03-03,3714,113453,2231,56672,1479,56773,4,8,2902,45254,794,33856,2905,79110,California
Stanislaus,2021-03-04,5443,118896,3107,59779,2320,59093,16,24,4190,48238,1218,35074,4202,83312,California
Stanislaus,2021-03-05,4083,122979,1119,60898,2948,62041,16,40,3085,50368,970,36044,3100,86412,California
Stanislaus,2021-03-06,3577,126556,2230,63128,1254,63295,93,133,2722,52334,851,36895,2817,89229,California
Stanislaus,2021-03-07,854,127410,387,63515,431,63726,36,169,667,52855,182,37077,703,89932,California
Stanislaus,2021-03-08,1990,129400,861,64376,1040,64766,89,258,1329,53630,642,37719,1417,91349,California
Stanislaus,2021-03-09,2178,131578,902,65278,1184,65950,92,350,1629,54819,537,38256,1726,93075,California
Stanislaus,2021-03-10,5072,136650,2506,67784,2341,68291,225,575,3735,57476,1316,39572,3973,97048,California
Stanislaus,2021-03-11,5713,142363,3139,70923,2098,70389,476,1051,4113,60644,1426,40998,4594,101642,California
Stanislaus,2021-03-12,5774,148137,1229,72152,2619,73008,1926,2977,2912,62645,2835,43833,4836,106478,California
Stanislaus,2021-03-13,3398,151535,2181,74333,1147,74155,70,3047,2698,64727,693,44526,2775,109253,California
Stanislaus,2021-03-14,988,152523,594,74927,342,74497,52,3099,486,64768,499,45025,540,109793,California
Stanislaus,2021-03-15,3687,156210,1973,76900,1353,75850,361,3460,1603,64752,1987,47012,1971,111764,California
Stanislaus,2021-03-16,4956,161166,2463,79363,2072,77922,421,3881,3555,67348,1378,48390,3974,115738,California
Stanislaus,2021-03-17,4720,165886,2847,82210,1695,79617,178,4059,2875,68594,1812,50202,3058,118796,California
Stanislaus,2021-03-18,5425,171311,3421,85631,1937,81554,67,4126,2930,69255,2341,52543,3002,121798,California
Stanislaus,2021-03-19,5917,177228,1539,87170,2860,84414,1518,5644,3104,71101,2772,55315,4618,126416,California
Stanislaus,2021-03-20,3863,181091,3032,90202,763,85177,68,5712,3370,74071,469,55784,3439,129855,California
Stanislaus,2021-03-21,1011,182102,906,91108,41,85218,64,5776,768,74665,238,56022,832,130687,California
Stanislaus,2021-03-22,2816,184918,1324,92432,768,85986,724,6500,1233,75071,1554,57576,1960,132647,California
Stanislaus,2021-03-23,3936,188854,2020,94452,1658,87644,258,6758,2799,77028,1119,58695,3076,135723,California
Stanislaus,2021-03-24,4568,193422,3222,97674,1273,88917,73,6831,2643,77869,1878,60573,2719,138442,California
Stanislaus,2021-03-25,4250,197672,2926,100600,1310,90227,14,6845,1815,77344,2356,62929,1831,140273,California
Stanislaus,2021-03-26,4761,202433,1334,101934,3353,93580,74,6919,2388,77480,2339,65268,2475,142748,California
Stanislaus,2021-03-27,4403,206836,2746,104680,1575,95155,82,7001,1380,75945,3005,68273,1470,144218,California
Stanislaus,2021-03-28,1105,207941,438,105118,559,95714,108,7109,318,75603,774,69047,432,144650,California
Stanislaus,2021-03-29,2973,210914,1825,106943,1109,96823,39,7148,1979,76643,984,70031,2024,146674,California
Stanislaus,2021-03-30,3677,214591,2064,109007,1587,98410,26,7174,2230,77468,1437,71468,2262,148936,California
Stanislaus,2021-03-31,5441,220032,3854,112861,1467,99877,120,7294,2783,77738,2637,74105,2907,151843,California
Stanislaus,2021-04-01,5732,225764,3840,116701,1803,101680,89,7383,2624,77379,3082,77187,2723,154566,California
Stanislaus,2021-04-02,5022,230786,1210,117911,3657,105337,155,7538,2243,77102,2686,79873,2409,156975,California
Stanislaus,2021-04-03,4543,235329,3302,121213,1205,106542,36,7574,2242,77102,2291,82164,2291,159266,California
Stanislaus,2021-04-04,1328,236657,473,121686,825,107367,30,7604,651,77119,668,82832,685,159951,California
Stanislaus,2021-04-05,3635,240292,2530,124216,856,108223,249,7853,2357,78462,1268,84100,2611,162562,California
Stanislaus,2021-04-06,5750,246042,4173,128389,1302,109525,275,8128,3075,79158,2660,86760,3356,165918,California
Stanislaus,2021-04-07,6353,252395,3599,131988,2326,111851,428,8556,2830,78919,3505,90265,3266,169184,California
Stanislaus,2021-04-08,5686,258081,3326,135314,1925,113776,435,8991,2773,79240,2889,93154,3210,172394,California
Stanislaus,2021-04-09,4820,262901,2103,137417,2342,116118,375,9366,2182,79198,2613,95767,2571,174965,California
Stanislaus,2021-04-10,6501,269402,3988,141405,874,116992,1639,11005,1999,78353,4476,100243,3631,178596,California
Stanislaus,2021-04-11,1520,270922,850,142255,538,117530,132,11137,668,78305,849,101092,801,179397,California
Stanislaus,2021-04-12,3595,274517,2048,144303,1103,118633,444,11581,1875,78934,1698,102790,2327,181724,California
Stanislaus,2021-04-13,5195,279712,3420,147723,1762,120395,13,11594,2917,79623,2236,105026,2925,184649,California
Stanislaus,2021-04-14,4690,284402,3284,151007,1404,121799,2,11596,2293,79562,2361,107387,2300,186949,California
Stanislaus,2021-04-15,5384,289786,3317,154324,2064,123863,3,11599,3229,80683,2112,109499,3233,190182,California
Stanislaus,2021-04-16,4326,294112,992,155316,3333,127196,1,11600,1819,80045,2461,111960,1823,192005,California
Stanislaus,2021-04-17,3165,297277,2128,157444,1037,128233,0,11600,1840,80576,1312,113272,1843,193848,California
Stanislaus,2021-04-18,537,297814,220,157664,315,128548,2,11602,410,80869,120,113392,413,194261,California
Stanislaus,2021-04-19,3462,301276,2448,160112,1012,129560,2,11604,1639,80726,1789,115181,1646,195907,California
Stanislaus,2021-04-20,3967,305243,2409,162521,1558,131118,0,11604,1730,80251,2207,117388,1732,197639,California
Stanislaus,2021-04-21,3830,309073,2558,165079,1271,132389,1,11605,1593,79655,2196,119584,1600,199239,California
Stanislaus,2021-04-22,3958,313031,2413,167492,1545,133934,0,11605,1579,78906,2333,121917,1584,200823,California
Stanislaus,2021-04-23,3593,316624,841,168333,2751,136685,1,11606,1466,78346,2034,123951,1474,202297,California
Stanislaus,2021-04-24,3794,320418,2940,171273,854,137539,0,11606,1797,78169,1979,125930,1802,204099,California
Stanislaus,2021-04-25,937,321355,480,171753,457,137996,0,11606,688,78618,243,126173,692,204791,California
Stanislaus,2021-04-26,3362,324717,2361,174114,995,138991,6,11612,1051,77391,2289,128462,1062,205853,California
Stanislaus,2021-04-27,4036,328753,2801,176915,1187,140178,48,11660,1173,75780,2836,131298,1225,207078,California
Stanislaus,2021-04-28,4261,333014,3025,179940,1174,141352,62,11722,1840,75290,2401,133699,1911,208989,California
Stanislaus,2021-04-29,3634,336648,2258,182198,1328,142680,48,11770,1446,74620,2174,135873,1504,210493,California
Stanislaus,2021-04-30,4504,341152,2041,184239,2379,145059,84,11854,1780,73782,2710,138583,1872,212365,California
Stanislaus,2021-05-01,2709,343861,1926,186165,742,145801,41,11895,1017,73164,1684,140267,1066,213431,California
Stanislaus,2021-05-02,1079,344940,615,186780,426,146227,38,11933,523,73181,550,140817,567,213998,California
Stanislaus,2021-05-03,2413,347353,1927,188707,414,146641,72,12005,910,72676,1490,142307,985,214983,California
Stanislaus,2021-05-04,3469,350822,2470,191177,909,147550,90,12095,1064,71447,2392,144699,1163,216146,California
Stanislaus,2021-05-05,3193,354015,2135,193312,983,148533,75,12170,1085,70522,2088,146787,1163,217309,California
Stanislaus,2021-05-06,3518,357533,2696,196008,698,149231,124,12294,1055,69266,2442,149229,1186,218495,California
Stanislaus,2021-05-07,2318,359851,883,196891,1272,150503,163,12457,942,69009,1364,150593,1107,219602,California
Stanislaus,2021-05-08,1959,361810,1343,198234,583,151086,33,12490,713,68532,1230,151823,753,220355,California
Stanislaus,2021-05-09,713,362523,343,198577,344,151430,26,12516,308,68464,403,152226,335,220690,California
Stanislaus,2021-05-10,1686,364209,1141,199718,449,151879,96,12612,455,67798,1219,153445,553,221243,California
Stanislaus,2021-05-11,2375,366584,1503,201221,713,152592,159,12771,679,66957,1684,155129,843,222086,California
Stanislaus,2021-05-12,2275,368859,1331,202552,835,153427,109,12880,904,66616,1357,156486,1016,223102,California
Stanislaus,2021-05-13,2005,370864,1155,203707,733,154160,117,12997,913,66566,1083,157569,1033,224135,California
Stanislaus,2021-05-14,2615,373479,1161,204868,1317,155477,137,13134,1205,66517,1392,158961,1343,225478,California
Stanislaus,2021-05-15,2481,375960,1767,206635,664,156141,50,13184,1205,66514,1266,160227,1263,226741,California
Stanislaus,2021-05-16,1025,376985,667,207302,350,156491,8,13192,559,66622,463,160690,571,227312,California
Stanislaus,2021-05-17,1929,378914,1294,208596,554,157045,81,13273,922,66630,1001,161691,1009,228321,California
Stanislaus,2021-05-18,2202,381116,1502,210098,586,157631,114,13387,1145,66842,1046,162737,1258,229579,California
Stanislaus,2021-05-19,3031,384147,2069,212167,808,158439,154,13541,1355,66691,1665,164402,1514,231093,California
Stanislaus,2021-05-20,2107,386254,1133,213300,871,159310,103,13644,862,66427,1234,165636,970,232063,California
Stanislaus,2021-05-21,2333,388587,1129,214429,1108,160418,96,13740,958,66124,1360,166996,1057,233120,California
Stanislaus,2021-05-22,1934,390521,1196,215625,669,161087,69,13809,862,65991,1065,168061,932,234052,California
Stanislaus,2021-05-23,1031,391552,664,216289,352,161439,15,13824,488,65956,538,168599,503,234555,California
Stanislaus,2021-05-24,1577,393129,1083,217372,419,161858,75,13899,607,65678,967,169566,689,235244,California
Stanislaus,2021-05-25,1700,394829,1167,218539,436,162294,97,13996,829,65740,867,170433,929,236173,California
Stanislaus,2021-05-26,1890,396719,1184,219723,655,162949,51,14047,903,65716,979,171412,955,237128,California
Stanislaus,2021-05-27,1714,398433,944,220667,695,163644,75,14122,641,65369,1063,172475,716,237844,California
Stanislaus,2021-05-28,1951,400384,886,221553,986,164630,79,14201,857,65218,1087,173562,936,238780,California
Stanislaus,2021-05-29,1311,401695,844,222397,426,165056,41,14242,612,65178,695,174257,655,239435,California
Stanislaus,2021-05-30,453,402148,273,222670,146,165202,34,14276,214,65190,236,174493,248,239683,California
Stanislaus,2021-05-31,259,402407,122,222792,130,165332,7,14283,97,65133,161,174654,104,239787,California
Stanislaus,2021-06-01,1542,403949,972,223764,518,165850,52,14335,617,64886,919,175573,672,240459,California
Stanislaus,2021-06-02,1711,405660,1091,224855,554,166404,66,14401,743,64737,959,176532,810,241269,California
Stanislaus,2021-06-03,1307,406967,772,225627,489,166893,46,14447,523,64538,771,177303,572,241841,California
Stanislaus,2021-06-04,1889,408856,1133,226760,686,167579,70,14517,716,64172,1162,178465,796,242637,California
Stanislaus,2021-06-05,1371,410227,1047,227807,298,167877,26,14543,473,63781,891,179356,500,243137,California
Stanislaus,2021-06-06,501,410728,411,228218,82,167959,8,14551,204,63698,297,179653,214,243351,California
Stanislaus,2021-06-07,1402,412130,1076,229294,281,168240,45,14596,545,63440,849,180502,591,243942,California
Stanislaus,2021-06-08,1804,413934,1361,230655,373,168613,70,14666,655,63030,1136,181638,726,244668,California
Stanislaus,2021-06-09,1753,415687,1237,231892,435,169048,81,14747,587,62537,1162,182800,669,245337,California
Stanislaus,2021-06-10,1353,417040,856,232748,438,169486,59,14806,562,62378,781,183581,622,245959,California
Stanislaus,2021-06-11,1426,418466,837,233585,538,170024,51,14857,539,62102,872,184453,596,246555,California
Stanislaus,2021-06-12,994,419460,718,234303,253,170277,23,14880,362,61867,625,185078,390,246945,California
Stanislaus,2021-06-13,524,419984,383,234686,135,170412,6,14886,175,61705,346,185424,184,247129,California
Stanislaus,2021-06-14,1221,421205,885,235571,315,170727,21,14907,500,61514,714,186138,523,247652,California
Stanislaus,2021-06-15,1564,422769,1125,236696,397,171124,42,14949,540,61078,1020,187158,584,248236,California
Stanislaus,2021-06-16,1761,424530,1274,237970,425,171549,62,15011,697,60779,1061,188219,762,248998,California
Stanislaus,2021-06-17,459,424989,214,238184,225,171774,20,15031,191,60725,264,188483,210,249208,California
Sutter,2020-12-15,1,1,1,1,0,0,0,0,1,1,0,0,1,1,California
Sutter,2020-12-16,4,5,4,5,0,0,0,0,4,5,0,0,4,5,California
Sutter,2020-12-17,2,7,2,7,0,0,0,0,2,7,0,0,2,7,California
Sutter,2020-12-18,21,28,21,28,0,0,0,0,21,28,0,0,21,28,California
Sutter,2020-12-19,44,72,44,72,0,0,0,0,44,72,0,0,44,72,California
Sutter,2020-12-20,43,115,43,115,0,0,0,0,43,115,0,0,43,115,California
Sutter,2020-12-21,100,215,100,215,0,0,0,0,100,215,0,0,100,215,California
Sutter,2020-12-22,171,386,171,386,0,0,0,0,171,386,0,0,171,386,California
Sutter,2020-12-23,116,502,111,497,5,5,0,0,116,502,0,0,116,502,California
Sutter,2020-12-24,17,519,11,508,6,11,0,0,17,519,0,0,17,519,California
Sutter,2020-12-26,38,557,34,542,4,15,0,0,38,557,0,0,38,557,California
Sutter,2020-12-27,24,581,23,565,1,16,0,0,24,581,0,0,24,581,California
Sutter,2020-12-28,84,665,56,621,28,44,0,0,84,665,0,0,84,665,California
Sutter,2020-12-29,103,768,14,635,89,133,0,0,103,768,0,0,103,768,California
Sutter,2020-12-30,137,905,34,669,103,236,0,0,137,905,0,0,137,905,California
Sutter,2020-12-31,68,973,6,675,62,298,0,0,68,973,0,0,68,973,California
Sutter,2021-01-01,3,976,3,678,0,298,0,0,3,976,0,0,3,976,California
Sutter,2021-01-02,131,1107,129,807,2,300,0,0,131,1107,0,0,131,1107,California
Sutter,2021-01-03,1,1108,0,807,1,301,0,0,1,1108,0,0,1,1108,California
Sutter,2021-01-04,245,1353,137,944,108,409,0,0,245,1353,0,0,245,1353,California
Sutter,2021-01-05,99,1452,56,1000,43,452,0,0,96,1446,3,3,96,1449,California
Sutter,2021-01-06,203,1655,50,1050,153,605,0,0,198,1639,5,8,198,1647,California
Sutter,2021-01-07,254,1909,151,1201,103,708,0,0,246,1877,8,16,246,1893,California
Sutter,2021-01-08,150,2059,41,1242,109,817,0,0,132,1991,18,34,132,2025,California
Sutter,2021-01-09,44,2103,43,1285,1,818,0,0,3,1953,41,75,3,2028,California
Sutter,2021-01-10,396,2499,37,1322,359,1177,0,0,358,2274,37,112,358,2386,California
Sutter,2021-01-11,132,2631,116,1438,16,1193,0,0,24,2190,108,220,24,2410,California
Sutter,2021-01-12,200,2831,163,1601,37,1230,0,0,58,2106,142,362,58,2468,California
Sutter,2021-01-13,163,2994,100,1701,63,1293,0,0,72,2088,90,452,72,2540,California
Sutter,2021-01-14,146,3140,51,1752,95,1388,0,0,127,2196,19,471,127,2667,California
Sutter,2021-01-15,438,3578,131,1883,307,1695,0,0,423,2604,15,486,423,3090,California
Sutter,2021-01-16,388,3966,42,1925,346,2041,0,0,358,2932,30,516,358,3448,California
Sutter,2021-01-17,28,3994,25,1950,3,2044,0,0,12,2928,16,532,12,3460,California
Sutter,2021-01-18,120,4114,64,2014,56,2100,0,0,71,2950,49,581,71,3531,California
Sutter,2021-01-19,105,4219,42,2056,63,2163,0,0,81,3007,24,605,81,3612,California
Sutter,2021-01-20,270,4489,208,2264,62,2225,0,0,250,3237,20,625,250,3862,California
Sutter,2021-01-21,491,4980,319,2583,172,2397,0,0,472,3690,19,644,472,4334,California
Sutter,2021-01-22,245,5225,54,2637,191,2588,0,0,235,3916,9,653,235,4569,California
Sutter,2021-01-23,398,5623,39,2676,359,2947,0,0,372,4262,26,679,372,4941,California
Sutter,2021-01-24,16,5639,14,2690,2,2949,0,0,14,4274,2,681,14,4955,California
Sutter,2021-01-25,309,5948,195,2885,114,3063,0,0,153,4273,155,836,154,5109,California
Sutter,2021-01-26,248,6196,106,2991,142,3205,0,0,143,4312,104,940,143,5252,California
Sutter,2021-01-27,388,6584,256,3247,132,3337,0,0,322,4568,66,1006,322,5574,California
Sutter,2021-01-28,585,7169,359,3606,226,3563,0,0,411,4807,172,1178,411,5985,California
Sutter,2021-01-29,365,7534,87,3693,278,3841,0,0,244,4930,121,1299,244,6229,California
Sutter,2021-01-30,784,8318,38,3731,746,4587,0,0,773,5692,11,1310,773,7002,California
Sutter,2021-01-31,27,8345,26,3757,1,4588,0,0,27,5719,0,1310,27,7029,California
Sutter,2021-02-01,169,8514,50,3807,119,4707,0,0,137,5825,31,1341,137,7166,California
Sutter,2021-02-02,241,8755,24,3831,217,4924,0,0,208,6000,33,1374,208,7374,California
Sutter,2021-02-03,446,9201,39,3870,407,5331,0,0,212,5979,233,1607,212,7586,California
Sutter,2021-02-04,678,9879,365,4235,313,5644,0,0,625,6551,53,1660,625,8211,California
Sutter,2021-02-05,291,10170,32,4267,259,5903,0,0,140,6540,151,1811,140,8351,California
Sutter,2021-02-06,742,10912,30,4297,712,6615,0,0,722,7242,20,1831,722,9073,California
Sutter,2021-02-07,23,10935,19,4316,4,6619,0,0,18,7255,5,1836,18,9091,California
Sutter,2021-02-08,132,11067,29,4345,103,6722,0,0,99,7321,33,1869,99,9190,California
Sutter,2021-02-09,246,11313,45,4390,201,6923,0,0,184,7443,62,1931,184,9374,California
Sutter,2021-02-10,822,12135,383,4773,439,7362,0,0,179,6980,642,2573,179,9553,California
Sutter,2021-02-11,603,12738,270,5043,333,7695,0,0,344,7065,259,2832,344,9897,California
Sutter,2021-02-12,643,13381,69,5112,574,8269,0,0,316,7055,326,3158,316,10213,California
Sutter,2021-02-13,908,14289,48,5160,860,9129,0,0,792,7731,116,3274,792,11005,California
Sutter,2021-02-14,98,14387,26,5186,72,9201,0,0,86,7805,12,3286,86,11091,California
Sutter,2021-02-15,203,14590,72,5258,131,9332,0,0,123,7848,80,3366,123,11214,California
Sutter,2021-02-16,291,14881,45,5303,246,9578,0,0,207,7972,83,3449,207,11421,California
Sutter,2021-02-17,826,15707,430,5733,396,9974,0,0,131,7409,694,4143,131,11552,California
Sutter,2021-02-18,711,16418,59,5792,652,10626,0,0,496,7691,214,4357,496,12048,California
Sutter,2021-02-19,668,17086,379,6171,289,10915,0,0,463,7951,203,4560,463,12511,California
Sutter,2021-02-20,621,17707,56,6227,565,11480,0,0,518,8367,102,4662,518,13029,California
Sutter,2021-02-21,29,17736,26,6253,3,11483,0,0,9,8356,20,4682,9,13038,California
Sutter,2021-02-22,209,17945,122,6375,87,11570,0,0,88,8323,121,4803,88,13126,California
Sutter,2021-02-23,221,18166,31,6406,190,11760,0,0,96,8295,124,4927,96,13222,California
Sutter,2021-02-24,975,19141,348,6754,627,12387,0,0,198,7717,776,5703,198,13420,California
Sutter,2021-02-25,790,19931,501,7255,289,12676,0,0,606,8142,181,5884,606,14026,California
Sutter,2021-02-26,378,20309,61,7316,317,12993,0,0,155,8076,221,6105,155,14181,California
Sutter,2021-02-27,879,21188,48,7364,831,13824,0,0,714,8625,165,6270,714,14895,California
Sutter,2021-02-28,87,21275,43,7407,44,13868,0,0,68,8675,18,6288,68,14963,California
Sutter,2021-03-01,250,21525,61,7468,189,14057,0,0,153,8731,97,6385,153,15116,California
Sutter,2021-03-02,339,21864,60,7528,279,14336,0,0,163,8720,174,6559,163,15279,California
Sutter,2021-03-03,1406,23270,532,8060,874,15210,0,0,661,8642,739,7298,661,15940,California
Sutter,2021-03-04,1261,24531,864,8924,397,15607,0,0,948,9281,309,7607,948,16888,California
Sutter,2021-03-05,343,24874,82,9006,260,15867,1,1,210,9359,133,7740,211,17099,California
Sutter,2021-03-06,1030,25904,49,9055,976,16843,5,6,862,10058,168,7908,867,17966,California
Sutter,2021-03-07,64,25968,22,9077,41,16884,1,7,42,10079,22,7930,43,18009,California
Sutter,2021-03-08,228,26196,79,9156,137,17021,12,19,159,10181,69,7999,171,18180,California
Sutter,2021-03-09,392,26588,142,9298,237,17258,13,32,190,10182,202,8201,203,18383,California
Sutter,2021-03-10,1585,28173,685,9983,837,18095,63,95,528,9720,1053,9254,591,18974,California
Sutter,2021-03-11,895,29068,443,10426,435,18530,17,112,647,10139,245,9499,664,19638,California
Sutter,2021-03-12,684,29752,111,10537,391,18921,182,294,200,10038,481,9980,380,20018,California
Sutter,2021-03-13,1001,30753,755,11292,228,19149,18,312,787,10630,212,10192,804,20822,California
Sutter,2021-03-14,138,30891,22,11314,105,19254,11,323,46,10595,92,10284,57,20879,California
Sutter,2021-03-15,330,31221,68,11382,213,19467,49,372,156,10628,172,10456,205,21084,California
Sutter,2021-03-16,394,31615,84,11466,263,19730,47,419,214,10708,180,10636,260,21344,California
Sutter,2021-03-17,1501,33116,562,12028,917,20647,22,441,314,9865,1178,11814,335,21679,California
Sutter,2021-03-18,973,34089,176,12204,596,21243,201,642,569,10232,401,12215,768,22447,California
Sutter,2021-03-19,461,34550,163,12367,269,21512,29,671,282,10366,177,12392,311,22758,California
Sutter,2021-03-20,949,35499,118,12485,820,22332,11,682,858,11145,90,12482,869,23627,California
Sutter,2021-03-21,71,35570,49,12534,19,22351,3,685,32,11141,39,12521,35,23662,California
Sutter,2021-03-22,288,35858,118,12652,143,22494,27,712,210,11301,77,12598,237,23899,California
Sutter,2021-03-23,375,36233,115,12767,227,22721,33,745,253,11465,121,12719,285,24184,California
Sutter,2021-03-24,1688,37921,769,13536,849,23570,70,815,315,10492,1358,14077,385,24569,California
Sutter,2021-03-25,1051,38972,684,14220,323,23893,44,859,372,10232,676,14753,416,24985,California
Sutter,2021-03-26,498,39470,179,14399,303,24196,16,875,294,10341,201,14954,310,25295,California
Sutter,2021-03-27,927,40397,62,14461,863,25059,2,877,817,11054,106,15060,819,26114,California
Sutter,2021-03-28,123,40520,70,14531,53,25112,0,877,77,11087,44,15104,77,26191,California
Sutter,2021-03-29,424,40944,141,14672,227,25339,56,933,221,11163,201,15305,277,26468,California
Sutter,2021-03-30,479,41423,161,14833,308,25647,10,943,317,11328,162,15467,327,26795,California
Sutter,2021-03-31,1260,42683,180,15013,1065,26712,15,958,443,10981,804,16271,457,27252,California
Sutter,2021-04-01,1388,44071,741,15754,459,27171,188,1146,429,10647,950,17221,616,27868,California
Sutter,2021-04-02,519,44590,102,15856,299,27470,118,1264,205,10654,312,17533,319,28187,California
Sutter,2021-04-03,918,45508,79,15935,211,27681,628,1892,123,10613,791,18324,750,28937,California
Sutter,2021-04-04,117,45625,22,15957,89,27770,6,1898,54,10610,63,18387,60,28997,California
Sutter,2021-04-05,370,45995,145,16102,189,27959,36,1934,177,10633,190,18577,213,29210,California
Sutter,2021-04-06,515,46510,200,16302,259,28218,56,1990,275,10726,238,18815,331,29541,California
Sutter,2021-04-07,1486,47996,887,17189,523,28741,76,2066,611,10547,866,19681,687,30228,California
Sutter,2021-04-08,1055,49051,582,17771,358,29099,115,2181,581,10770,470,20151,693,30921,California
Sutter,2021-04-09,573,49624,248,18019,260,29359,65,2246,241,10748,328,20479,306,31227,California
Sutter,2021-04-10,839,50463,111,18130,97,29456,631,2877,116,10768,719,21198,739,31966,California
Sutter,2021-04-11,119,50582,32,18162,41,29497,46,2923,38,10770,81,21279,83,32049,California
Sutter,2021-04-12,345,50927,93,18255,199,29696,53,2976,140,10760,203,21482,193,32242,California
Sutter,2021-04-13,435,51362,127,18382,308,30004,0,2976,214,10755,219,21701,214,32456,California
Sutter,2021-04-14,1330,52692,160,18542,1169,31173,1,2977,227,9887,1096,22797,228,32684,California
Sutter,2021-04-15,539,53231,172,18714,367,31540,0,2977,215,9781,321,23118,215,32899,California
Sutter,2021-04-16,402,53633,125,18839,277,31817,0,2977,187,9755,214,23332,188,33087,California
Sutter,2021-04-17,580,54213,84,18923,496,32313,0,2977,510,10196,69,23401,510,33597,California
Sutter,2021-04-18,72,54285,12,18935,60,32373,0,2977,44,10214,26,23427,44,33641,California
Sutter,2021-04-19,291,54576,109,19044,182,32555,0,2977,121,10167,168,23595,121,33762,California
Sutter,2021-04-20,412,54988,134,19178,278,32833,0,2977,204,10163,208,23803,204,33966,California
Sutter,2021-04-21,1238,56226,420,19598,818,33651,0,2977,477,9889,751,24554,477,34443,California
Sutter,2021-04-22,503,56729,163,19761,340,33991,0,2977,256,9900,245,24799,256,34699,California
Sutter,2021-04-23,400,57129,117,19878,283,34274,0,2977,187,9876,211,25010,187,34886,California
Sutter,2021-04-24,331,57460,108,19986,222,34496,1,2978,189,9924,141,25151,189,35075,California
Sutter,2021-04-25,158,57618,76,20062,82,34578,0,2978,87,9942,69,25220,87,35162,California
Sutter,2021-04-26,305,57923,89,20151,214,34792,2,2980,133,9907,170,25390,135,35297,California
Sutter,2021-04-27,539,58462,265,20416,270,35062,4,2984,251,9878,284,25674,255,35552,California
Sutter,2021-04-28,814,59276,341,20757,465,35527,8,2992,255,9587,554,26228,263,35815,California
Sutter,2021-04-29,777,60053,138,20895,638,36165,1,2993,311,9437,462,26690,312,36127,California
Sutter,2021-04-30,362,60415,110,21005,239,36404,13,3006,146,9382,213,26903,158,36285,California
Sutter,2021-05-01,297,60712,107,21112,150,36554,40,3046,129,9386,165,27068,169,36454,California
Sutter,2021-05-02,82,60794,54,21166,26,36580,2,3048,46,9398,36,27104,48,36502,California
Sutter,2021-05-03,221,61015,110,21276,100,36680,11,3059,89,9366,132,27236,100,36602,California
Sutter,2021-05-04,542,61557,238,21514,240,36920,64,3123,226,9342,313,27549,289,36891,California
Sutter,2021-05-05,535,62092,143,21657,384,37304,8,3131,156,9133,373,27922,164,37055,California
Sutter,2021-05-06,427,62519,229,21886,180,37484,18,3149,192,9108,234,28156,209,37264,California
Sutter,2021-05-07,414,62933,144,22030,249,37733,21,3170,153,9024,258,28414,174,37438,California
Sutter,2021-05-08,197,63130,50,22080,142,37875,5,3175,106,9044,91,28505,111,37549,California
Sutter,2021-05-09,81,63211,53,22133,23,37898,5,3180,55,9078,26,28531,60,37609,California
Sutter,2021-05-10,191,63402,43,22176,130,38028,18,3198,49,9005,140,28671,67,37676,California
Sutter,2021-05-11,448,63850,219,22395,208,38236,21,3219,184,8949,259,28930,203,37879,California
Sutter,2021-05-12,443,64293,242,22637,190,38426,11,3230,162,8845,277,29207,173,38052,California
Sutter,2021-05-13,488,64781,263,22900,203,38629,22,3252,201,8783,285,29492,223,38275,California
Sutter,2021-05-14,440,65221,188,23088,236,38865,16,3268,215,8794,220,29712,231,38506,California
Sutter,2021-05-15,843,66064,308,23396,504,39369,31,3299,306,8595,536,30248,337,38843,California
Sutter,2021-05-16,141,66205,83,23479,50,39419,8,3307,75,8613,65,30313,83,38926,California
Sutter,2021-05-17,293,66498,116,23595,163,39582,14,3321,155,8645,137,30450,169,39095,California
Sutter,2021-05-18,546,67044,314,23909,227,39809,5,3326,299,8705,244,30694,304,39399,California
Sutter,2021-05-19,465,67509,267,24176,191,40000,7,3333,246,8742,216,30910,253,39652,California
Sutter,2021-05-20,461,67970,241,24417,208,40208,12,3345,227,8750,231,31141,239,39891,California
Sutter,2021-05-21,493,68463,221,24638,260,40468,12,3357,236,8743,254,31395,247,40138,California
Sutter,2021-05-22,368,68831,202,24840,163,40631,3,3360,185,8752,178,31573,187,40325,California
Sutter,2021-05-23,181,69012,85,24925,87,40718,9,3369,92,8770,83,31656,101,40426,California
Sutter,2021-05-24,239,69251,87,25012,129,40847,23,3392,99,8754,138,31794,122,40548,California
Sutter,2021-05-25,402,69653,197,25209,192,41039,13,3405,167,8703,230,32024,179,40727,California
Sutter,2021-05-26,318,69971,156,25365,153,41192,9,3414,118,8634,196,32220,127,40854,California
Sutter,2021-05-27,434,70405,115,25480,299,41491,20,3434,125,8474,305,32525,145,40999,California
Sutter,2021-05-28,339,70744,164,25644,158,41649,17,3451,179,8515,155,32680,196,41195,California
Sutter,2021-05-29,252,70996,118,25762,119,41768,15,3466,139,8560,109,32789,154,41349,California
Sutter,2021-05-30,85,71081,61,25823,21,41789,3,3469,50,8579,34,32823,53,41402,California
Sutter,2021-05-31,19,71100,2,25825,13,41802,4,3473,5,8574,14,32837,9,41411,California
Sutter,2021-06-01,309,71409,133,25958,168,41970,8,3481,127,8528,181,33018,135,41546,California
Sutter,2021-06-02,282,71691,120,26078,156,42126,6,3487,111,8479,166,33184,117,41663,California
Sutter,2021-06-03,339,72030,225,26303,105,42231,9,3496,117,8389,216,33400,126,41789,California
Sutter,2021-06-04,339,72369,197,26500,135,42366,7,3503,120,8301,215,33615,127,41916,California
Sutter,2021-06-05,436,72805,366,26866,66,42432,4,3507,155,8184,276,33891,159,42075,California
Sutter,2021-06-06,137,72942,118,26984,16,42448,3,3510,57,8166,78,33969,60,42135,California
Sutter,2021-06-07,161,73103,104,27088,48,42496,9,3519,56,8127,104,34073,65,42200,California
Sutter,2021-06-08,368,73471,207,27295,148,42644,13,3532,159,8092,207,34280,172,42372,California
Sutter,2021-06-09,366,73837,234,27529,127,42771,5,3537,128,7989,236,34516,133,42505,California
Sutter,2021-06-10,381,74218,276,27805,96,42867,9,3546,150,7920,228,34744,159,42664,California
Sutter,2021-06-11,339,74557,218,28023,115,42982,6,3552,115,7820,220,34964,120,42784,California
Sutter,2021-06-12,238,74795,168,28191,55,43037,15,3567,67,7731,171,35135,82,42866,California
Sutter,2021-06-13,83,74878,65,28256,17,43054,1,3568,24,7698,58,35193,25,42891,California
Sutter,2021-06-14,189,75067,111,28367,68,43122,10,3578,75,7671,112,35305,85,42976,California
Sutter,2021-06-15,284,75351,152,28519,119,43241,13,3591,104,7610,178,35483,117,43093,California
Sutter,2021-06-16,214,75565,140,28659,67,43308,7,3598,103,7609,111,35594,110,43203,California
Sutter,2021-06-17,147,75712,76,28735,66,43374,5,3603,64,7596,82,35676,69,43272,California
Tehama,2020-12-16,4,4,4,4,0,0,0,0,4,4,0,0,4,4,California
Tehama,2020-12-17,21,25,21,25,0,0,0,0,21,25,0,0,21,25,California
Tehama,2020-12-18,5,30,5,30,0,0,0,0,6,31,0,0,6,31,California
Tehama,2020-12-21,44,74,44,74,0,0,0,0,44,75,0,0,44,75,California
Tehama,2020-12-22,79,153,73,147,6,6,0,0,79,154,0,0,79,154,California
Tehama,2020-12-23,55,208,47,194,8,14,0,0,55,209,0,0,55,209,California
Tehama,2020-12-24,5,213,3,197,2,16,0,0,5,214,0,0,5,214,California
Tehama,2020-12-26,4,217,3,200,1,17,0,0,4,218,0,0,4,218,California
Tehama,2020-12-27,2,219,2,202,0,17,0,0,2,220,0,0,2,220,California
Tehama,2020-12-28,59,278,46,248,13,30,0,0,59,279,0,0,59,279,California
Tehama,2020-12-29,41,319,41,289,0,30,0,0,41,320,0,0,41,320,California
Tehama,2020-12-30,62,381,44,333,18,48,0,0,61,381,0,0,61,381,California
Tehama,2020-12-31,14,395,4,337,10,58,0,0,14,395,0,0,14,395,California
Tehama,2021-01-01,2,397,0,337,2,60,0,0,2,397,0,0,2,397,California
Tehama,2021-01-04,47,444,16,353,31,91,0,0,47,444,0,0,47,444,California
Tehama,2021-01-05,75,519,46,399,29,120,0,0,70,509,5,5,70,514,California
Tehama,2021-01-06,87,606,34,433,53,173,0,0,71,566,14,19,71,585,California
Tehama,2021-01-07,61,667,7,440,54,227,0,0,60,625,1,20,60,645,California
Tehama,2021-01-08,42,709,31,471,11,238,0,0,34,651,8,28,34,679,California
Tehama,2021-01-09,7,716,5,476,2,240,0,0,6,656,1,29,6,685,California
Tehama,2021-01-10,1,717,0,476,1,241,0,0,1,657,0,29,1,686,California
Tehama,2021-01-11,61,778,53,529,8,249,0,0,22,640,39,68,22,708,California
Tehama,2021-01-12,150,928,130,659,20,269,0,0,93,676,57,125,93,801,California
Tehama,2021-01-13,87,1015,62,721,25,294,0,0,35,659,52,177,35,836,California
Tehama,2021-01-14,243,1258,51,772,192,486,0,0,241,898,2,179,241,1077,California
Tehama,2021-01-15,291,1549,76,848,215,701,0,0,287,1181,4,183,287,1364,California
Tehama,2021-01-16,275,1824,20,868,255,956,0,0,272,1450,3,186,272,1636,California
Tehama,2021-01-17,6,1830,2,870,4,960,0,0,4,1452,2,188,4,1640,California
Tehama,2021-01-18,14,1844,7,877,7,967,0,0,8,1454,6,194,8,1648,California
Tehama,2021-01-19,311,2155,77,954,234,1201,0,0,248,1639,63,257,248,1896,California
Tehama,2021-01-20,343,2498,104,1058,239,1440,0,0,286,1869,56,313,286,2182,California
Tehama,2021-01-21,246,2744,19,1077,227,1667,0,0,231,2085,15,328,231,2413,California
Tehama,2021-01-22,247,2991,22,1099,225,1892,0,0,244,2326,3,331,244,2657,California
Tehama,2021-01-23,270,3261,7,1106,263,2155,0,0,269,2594,1,332,269,2926,California
Tehama,2021-01-24,3,3264,1,1107,2,2157,0,0,3,2597,0,332,3,2929,California
Tehama,2021-01-25,47,3311,21,1128,26,2183,0,0,23,2596,24,356,23,2952,California
Tehama,2021-01-26,359,3670,46,1174,313,2496,0,0,321,2879,38,394,321,3273,California
Tehama,2021-01-27,343,4013,24,1198,319,2815,0,0,320,3176,23,417,320,3593,California
Tehama,2021-01-28,375,4388,42,1240,333,3148,0,0,353,3507,22,439,353,3946,California
Tehama,2021-01-29,358,4746,25,1265,333,3481,0,0,338,3825,20,459,338,4284,California
Tehama,2021-01-30,114,4860,2,1267,112,3593,0,0,113,3937,1,460,113,4397,California
Tehama,2021-01-31,1,4861,0,1267,1,3594,0,0,1,3938,0,460,1,4398,California
Tehama,2021-02-01,85,4946,22,1289,63,3657,0,0,37,3927,48,508,37,4435,California
Tehama,2021-02-02,374,5320,72,1361,302,3959,0,0,275,4103,99,607,275,4710,California
Tehama,2021-02-03,441,5761,16,1377,425,4384,0,0,387,4436,54,661,387,5097,California
Tehama,2021-02-04,539,6300,106,1483,433,4817,0,0,452,4802,87,748,453,5550,California
Tehama,2021-02-05,201,6501,75,1558,126,4943,0,0,136,4873,65,813,136,5686,California
Tehama,2021-02-06,44,6545,16,1574,28,4971,0,0,32,4893,12,825,32,5718,California
Tehama,2021-02-07,5,6550,4,1578,1,4972,0,0,2,4892,3,828,2,5720,California
Tehama,2021-02-08,49,6599,14,1592,35,5007,0,0,33,4909,16,844,33,5753,California
Tehama,2021-02-09,98,6697,49,1641,49,5056,0,0,55,4921,43,887,55,5808,California
Tehama,2021-02-10,262,6959,73,1714,189,5245,0,0,168,4995,94,981,168,5976,California
Tehama,2021-02-11,245,7204,18,1732,227,5472,0,0,93,4938,150,1131,93,6069,California
Tehama,2021-02-12,419,7623,81,1813,338,5810,0,0,194,4907,225,1356,194,6263,California
Tehama,2021-02-13,410,8033,18,1831,392,6202,0,0,158,4813,252,1608,158,6421,California
Tehama,2021-02-14,38,8071,2,1833,36,6238,0,0,35,4845,3,1611,35,6456,California
Tehama,2021-02-15,62,8133,10,1843,52,6290,0,0,54,4891,8,1619,54,6510,California
Tehama,2021-02-16,261,8394,22,1865,239,6529,0,0,71,4772,190,1809,71,6581,California
Tehama,2021-02-17,324,8718,21,1886,303,6832,0,0,65,4578,259,2068,65,6646,California
Tehama,2021-02-18,393,9111,37,1923,356,7188,0,0,149,4483,244,2312,149,6795,California
Tehama,2021-02-19,241,9352,29,1952,212,7400,0,0,50,4342,191,2503,50,6845,California
Tehama,2021-02-20,289,9641,8,1960,281,7681,0,0,33,4119,256,2759,33,6878,California
Tehama,2021-02-21,4,9645,1,1961,3,7684,0,0,2,4119,2,2761,2,6880,California
Tehama,2021-02-22,49,9694,17,1978,32,7716,0,0,29,4128,20,2781,29,6909,California
Tehama,2021-02-23,60,9754,24,2002,36,7752,0,0,29,4126,31,2812,29,6938,California
Tehama,2021-02-24,351,10105,28,2030,323,8075,0,0,39,3853,312,3124,39,6977,California
Tehama,2021-02-25,404,10509,60,2090,344,8419,0,0,42,3533,362,3486,42,7019,California
Tehama,2021-02-26,496,11005,21,2111,475,8894,0,0,78,3193,418,3904,78,7097,California
Tehama,2021-02-27,331,11336,6,2117,325,9219,0,0,38,2939,292,4196,38,7135,California
Tehama,2021-02-28,22,11358,2,2119,20,9239,0,0,19,2955,3,4199,19,7154,California
Tehama,2021-03-01,67,11425,7,2126,60,9299,0,0,32,2952,35,4234,32,7186,California
Tehama,2021-03-02,166,11591,22,2148,144,9443,0,0,37,2861,128,4362,37,7223,California
Tehama,2021-03-03,171,11762,33,2181,138,9581,0,0,55,2800,116,4478,55,7278,California
Tehama,2021-03-04,729,12491,64,2245,665,10246,0,0,257,2592,465,4943,257,7535,California
Tehama,2021-03-05,439,12930,25,2270,414,10660,0,0,227,2608,211,5154,227,7762,California
Tehama,2021-03-06,344,13274,19,2289,323,10983,2,2,89,2446,254,5408,92,7854,California
Tehama,2021-03-07,6,13280,1,2290,5,10988,0,2,4,2449,1,5409,4,7858,California
Tehama,2021-03-08,68,13348,11,2301,41,11029,16,18,27,2452,40,5449,43,7901,California
Tehama,2021-03-09,408,13756,17,2318,368,11397,23,41,346,2759,62,5511,369,8270,California
Tehama,2021-03-10,378,14134,23,2341,332,11729,23,64,76,2557,301,5812,99,8369,California
Tehama,2021-03-11,552,14686,27,2368,463,12192,62,126,386,2839,166,5978,448,8817,California
Tehama,2021-03-12,344,15030,28,2396,243,12435,73,199,197,2962,147,6125,270,9087,California
Tehama,2021-03-13,58,15088,10,2406,39,12474,9,208,9,2931,49,6174,18,9105,California
Tehama,2021-03-14,63,15151,2,2408,52,12526,9,217,21,2919,42,6216,30,9135,California
Tehama,2021-03-15,172,15323,23,2431,122,12648,27,244,87,2948,85,6301,114,9249,California
Tehama,2021-03-16,449,15772,19,2450,392,13040,38,282,341,3220,107,6408,379,9628,California
Tehama,2021-03-17,471,16243,33,2483,407,13447,31,313,382,3546,87,6495,413,10041,California
Tehama,2021-03-18,534,16777,38,2521,470,13917,26,339,350,3740,182,6677,376,10417,California
Tehama,2021-03-19,347,17124,26,2547,308,14225,13,352,304,4014,43,6720,317,10734,California
Tehama,2021-03-20,57,17181,16,2563,36,14261,5,357,39,4040,18,6738,44,10778,California
Tehama,2021-03-21,12,17193,5,2568,7,14268,0,357,12,4052,0,6738,12,10790,California
Tehama,2021-03-22,105,17298,10,2578,78,14346,17,374,60,4084,45,6783,77,10867,California
Tehama,2021-03-23,104,17402,35,2613,62,14408,7,381,76,4139,28,6811,83,10950,California
Tehama,2021-03-24,97,17499,16,2629,78,14486,3,384,61,4167,36,6847,64,11014,California
Tehama,2021-03-25,568,18067,397,3026,158,14644,13,397,518,4650,48,6895,531,11545,California
Tehama,2021-03-26,577,18644,453,3479,111,14755,13,410,488,5065,86,6981,501,12046,California
Tehama,2021-03-27,523,19167,406,3885,81,14836,36,446,441,5461,81,7062,477,12523,California
Tehama,2021-03-28,41,19208,16,3901,25,14861,0,446,25,5470,16,7078,25,12548,California
Tehama,2021-03-29,130,19338,30,3931,98,14959,2,448,82,5506,47,7125,83,12631,California
Tehama,2021-03-30,428,19766,253,4184,173,15132,2,450,284,5648,144,7269,286,12917,California
Tehama,2021-03-31,424,20190,317,4501,104,15236,3,453,342,5911,81,7350,344,13261,California
Tehama,2021-04-01,565,20755,272,4773,287,15523,6,459,422,6197,142,7492,428,13689,California
Tehama,2021-04-02,497,21252,239,5012,249,15772,9,468,301,6310,196,7688,309,13998,California
Tehama,2021-04-03,77,21329,10,5022,59,15831,8,476,39,6319,38,7726,47,14045,California
Tehama,2021-04-04,40,21369,8,5030,29,15860,3,479,26,6334,14,7740,29,14074,California
Tehama,2021-04-05,130,21499,22,5052,74,15934,34,513,65,6368,65,7805,99,14173,California
Tehama,2021-04-06,550,22049,120,5172,369,16303,61,574,149,6177,401,8206,210,14383,California
Tehama,2021-04-07,457,22506,309,5481,95,16398,53,627,328,6428,128,8334,379,14762,California
Tehama,2021-04-08,662,23168,196,5677,424,16822,42,669,249,6307,412,8746,291,15053,California
Tehama,2021-04-09,489,23657,229,5906,220,17042,40,709,248,6355,240,8986,288,15341,California
Tehama,2021-04-10,102,23759,26,5932,42,17084,34,743,52,6391,50,9036,86,15427,California
Tehama,2021-04-11,47,23806,10,5942,26,17110,11,754,11,6377,36,9072,22,15449,California
Tehama,2021-04-12,120,23926,6,5948,91,17201,23,777,43,6366,77,9149,66,15515,California
Tehama,2021-04-13,424,24350,76,6024,348,17549,0,777,70,6082,354,9503,70,15585,California
Tehama,2021-04-14,433,24783,56,6080,377,17926,0,777,50,5751,381,9884,50,15635,California
Tehama,2021-04-15,557,25340,208,6288,349,18275,0,777,84,5362,473,10357,84,15719,California
Tehama,2021-04-16,680,26020,396,6684,284,18559,0,777,92,4866,588,10945,92,15811,California
Tehama,2021-04-17,391,26411,299,6983,92,18651,0,777,55,4587,335,11280,56,15867,California
Tehama,2021-04-18,21,26432,7,6990,14,18665,0,777,14,4594,7,11287,14,15881,California
Tehama,2021-04-19,109,26541,7,6997,102,18767,0,777,47,4579,62,11349,47,15928,California
Tehama,2021-04-20,585,27126,485,7482,100,18867,0,777,170,4339,412,11761,172,16100,California
Tehama,2021-04-21,538,27664,457,7939,81,18948,0,777,174,4151,362,12123,174,16274,California
Tehama,2021-04-22,554,28218,390,8329,164,19112,0,777,154,3908,397,12520,154,16428,California
Tehama,2021-04-23,487,28705,375,8704,112,19224,0,777,212,3847,274,12794,213,16641,California
Tehama,2021-04-24,116,28821,23,8727,93,19317,0,777,27,3785,89,12883,27,16668,California
Tehama,2021-04-25,30,28851,19,8746,11,19328,0,777,10,3775,20,12903,10,16678,California
Tehama,2021-04-26,94,28945,12,8758,82,19410,0,777,53,3787,41,12944,53,16731,California
Tehama,2021-04-27,278,29223,221,8979,54,19464,3,780,105,3722,173,13117,108,16839,California
Tehama,2021-04-28,425,29648,346,9325,60,19524,19,799,72,3460,353,13470,91,16930,California
Tehama,2021-04-29,396,30044,188,9513,200,19724,8,807,76,3225,319,13789,84,17014,California
Tehama,2021-04-30,379,30423,283,9796,89,19813,7,814,132,3117,247,14036,139,17153,California
Tehama,2021-05-01,79,30502,4,9800,68,19881,7,821,15,3075,64,14100,22,17175,California
Tehama,2021-05-02,46,30548,24,9824,10,19891,12,833,26,3093,20,14120,38,17213,California
Tehama,2021-05-03,128,30676,41,9865,76,19967,11,844,66,3108,62,14182,77,17290,California
Tehama,2021-05-04,172,30848,59,9924,104,20071,9,853,72,3089,100,14282,81,17371,California
Tehama,2021-05-05,94,30942,24,9948,59,20130,11,864,41,3088,53,14335,52,17423,California
Tehama,2021-05-06,182,31124,98,10046,66,20196,18,882,112,3148,70,14405,130,17553,California
Tehama,2021-05-07,197,31321,84,10130,101,20297,12,894,55,3075,140,14545,67,17620,California
Tehama,2021-05-08,56,31377,9,10139,45,20342,2,896,16,3053,40,14585,18,17638,California
Tehama,2021-05-09,18,31395,4,10143,14,20356,0,896,8,3051,10,14595,8,17646,California
Tehama,2021-05-10,84,31479,6,10149,69,20425,9,905,39,3054,44,14639,47,17693,California
Tehama,2021-05-11,191,31670,134,10283,41,20466,16,921,33,2945,158,14797,49,17742,California
Tehama,2021-05-12,216,31886,139,10422,67,20533,10,931,49,2838,166,14963,59,17801,California
Tehama,2021-05-13,256,32142,169,10591,76,20609,11,942,115,2824,140,15103,126,17927,California
Tehama,2021-05-14,259,32401,143,10734,95,20704,21,963,64,2715,194,15297,85,18012,California
Tehama,2021-05-15,245,32646,143,10877,61,20765,41,1004,170,2852,74,15371,211,18223,California
Tehama,2021-05-16,28,32674,7,10884,18,20783,3,1007,16,2859,12,15383,19,18242,California
Tehama,2021-05-17,128,32802,35,10919,76,20859,17,1024,62,2873,65,15448,79,18321,California
Tehama,2021-05-18,161,32963,83,11002,62,20921,16,1040,49,2828,110,15558,65,18386,California
Tehama,2021-05-19,137,33100,60,11062,66,20987,11,1051,49,2800,88,15646,60,18446,California
Tehama,2021-05-20,346,33446,253,11315,70,21057,23,1074,243,2964,102,15748,266,18712,California
Tehama,2021-05-21,245,33691,115,11430,117,21174,13,1087,83,2901,159,15907,96,18808,California
Tehama,2021-05-22,69,33760,35,11465,30,21204,4,1091,41,2918,28,15935,45,18853,California
Tehama,2021-05-23,50,33810,24,11489,15,21219,11,1102,14,2907,36,15971,25,18878,California
Tehama,2021-05-24,104,33914,30,11519,65,21284,9,1111,32,2876,72,16043,41,18919,California
Tehama,2021-05-25,82,33996,21,11540,53,21337,8,1119,47,2896,34,16077,54,18973,California
Tehama,2021-05-26,82,34078,32,11572,47,21384,3,1122,54,2926,27,16104,57,19030,California
Tehama,2021-05-27,164,34242,101,11673,59,21443,4,1126,53,2874,109,16213,57,19087,California
Tehama,2021-05-28,146,34388,39,11712,98,21541,9,1135,69,2876,76,16289,78,19165,California
Tehama,2021-05-29,55,34443,9,11721,41,21582,5,1140,36,2898,19,16308,41,19206,California
Tehama,2021-05-30,16,34459,5,11726,10,21592,1,1141,8,2899,8,16316,9,19215,California
Tehama,2021-05-31,18,34477,2,11728,15,21607,1,1142,5,2892,13,16329,6,19221,California
Tehama,2021-06-01,104,34581,20,11748,64,21671,20,1162,35,2878,69,16398,55,19276,California
Tehama,2021-06-02,94,34675,32,11780,57,21728,5,1167,39,2867,55,16453,44,19320,California
Tehama,2021-06-03,144,34819,103,11883,29,21757,12,1179,32,2799,112,16565,44,19364,California
Tehama,2021-06-04,154,34973,39,11922,99,21856,16,1195,65,2790,88,16653,79,19443,California
Tehama,2021-06-05,162,35135,135,12057,23,21879,4,1199,30,2693,131,16784,34,19477,California
Tehama,2021-06-06,19,35154,9,12066,2,21881,8,1207,4,2690,15,16799,12,19489,California
Tehama,2021-06-07,75,35229,29,12095,44,21925,2,1209,21,2659,54,16853,23,19512,California
Tehama,2021-06-08,108,35337,34,12129,64,21989,10,1219,45,2653,61,16914,55,19567,California
Tehama,2021-06-09,94,35431,48,12177,43,22032,3,1222,45,2652,49,16963,48,19615,California
Tehama,2021-06-10,274,35705,223,12400,41,22073,10,1232,39,2467,234,17197,49,19664,California
Tehama,2021-06-11,150,35855,69,12469,73,22146,8,1240,57,2442,90,17287,65,19729,California
Tehama,2021-06-12,63,35918,39,12508,24,22170,0,1240,24,2427,39,17326,24,19753,California
Tehama,2021-06-13,22,35940,6,12514,10,22180,6,1246,5,2421,17,17343,11,19764,California
Tehama,2021-06-14,95,36035,21,12535,70,22250,4,1250,31,2392,64,17407,35,19799,California
Tehama,2021-06-15,79,36114,31,12566,39,22289,9,1259,31,2385,47,17454,40,19839,California
Tehama,2021-06-16,88,36202,57,12623,28,22317,3,1262,43,2386,45,17499,46,19885,California
Tehama,2021-06-17,96,36298,70,12693,14,22331,12,1274,63,2428,32,17531,74,19959,California
Trinity,2020-12-17,4,4,4,4,0,0,0,0,4,4,0,0,4,4,California
Trinity,2020-12-18,2,6,2,6,0,0,0,0,2,6,0,0,2,6,California
Trinity,2020-12-21,39,45,39,45,0,0,0,0,39,45,0,0,39,45,California
Trinity,2020-12-22,4,49,4,49,0,0,0,0,4,49,0,0,4,49,California
Trinity,2020-12-23,6,55,5,54,1,1,0,0,6,55,0,0,6,55,California
Trinity,2020-12-28,31,86,31,85,0,1,0,0,31,86,0,0,31,86,California
Trinity,2020-12-29,8,94,7,92,1,2,0,0,8,94,0,0,8,94,California
Trinity,2020-12-30,10,104,8,100,2,4,0,0,10,104,0,0,10,104,California
Trinity,2020-12-31,2,106,1,101,1,5,0,0,2,106,0,0,2,106,California
Trinity,2021-01-04,28,134,0,101,28,33,0,0,27,133,0,0,27,133,California
Trinity,2021-01-05,2,136,1,102,1,34,0,0,2,135,0,0,2,135,California
Trinity,2021-01-06,24,160,4,106,20,54,0,0,20,151,4,4,20,155,California
Trinity,2021-01-08,49,209,2,108,47,101,0,0,48,197,2,6,48,203,California
Trinity,2021-01-11,41,250,38,146,3,104,0,0,4,164,37,43,4,207,California
Trinity,2021-01-12,10,260,6,152,4,108,0,0,5,164,5,48,5,212,California
Trinity,2021-01-13,7,267,4,156,3,111,0,0,4,165,3,51,4,216,California
Trinity,2021-01-14,4,271,1,157,3,114,0,0,4,169,0,51,4,220,California
Trinity,2021-01-15,5,276,0,157,5,119,0,0,5,174,0,51,5,225,California
Trinity,2021-01-16,2,278,0,157,2,121,0,0,2,176,0,51,2,227,California
Trinity,2021-01-18,31,309,31,188,0,121,0,0,0,145,31,82,0,227,California
Trinity,2021-01-19,35,344,15,203,20,141,0,0,21,152,14,96,21,248,California
Trinity,2021-01-20,20,364,3,206,17,158,0,0,17,166,3,99,17,265,California
Trinity,2021-01-21,17,381,7,213,10,168,0,0,17,183,0,99,17,282,California
Trinity,2021-01-22,5,386,1,214,4,172,0,0,5,188,0,99,5,287,California
Trinity,2021-01-23,7,393,3,217,4,176,0,0,7,195,0,99,7,294,California
Trinity,2021-01-25,14,407,1,218,13,189,0,0,13,207,1,100,13,307,California
Trinity,2021-01-26,10,417,1,219,9,198,0,0,9,215,1,101,9,316,California
Trinity,2021-01-27,12,429,0,219,12,210,0,0,12,227,0,101,12,328,California
Trinity,2021-01-28,13,442,3,222,10,220,0,0,10,234,3,104,10,338,California
Trinity,2021-01-29,2,444,0,222,2,222,0,0,1,234,1,105,1,339,California
Trinity,2021-01-30,12,456,11,233,1,223,0,0,12,246,0,105,12,351,California
Trinity,2021-02-01,2,458,1,234,1,224,0,0,1,246,1,106,1,352,California
Trinity,2021-02-02,15,473,3,237,12,236,0,0,14,259,1,107,14,366,California
Trinity,2021-02-03,6,479,1,238,5,241,0,0,4,261,2,109,4,370,California
Trinity,2021-02-04,41,520,32,270,9,250,0,0,34,288,7,116,34,404,California
Trinity,2021-02-05,351,871,0,270,351,601,0,0,320,577,31,147,320,724,California
Trinity,2021-02-06,211,1082,5,275,206,807,0,0,204,774,7,154,204,928,California
Trinity,2021-02-07,1,1083,0,275,1,808,0,0,1,775,0,154,1,929,California
Trinity,2021-02-08,28,1111,1,276,27,835,0,0,16,779,12,166,16,945,California
Trinity,2021-02-09,27,1138,2,278,25,860,0,0,10,772,17,183,10,955,California
Trinity,2021-02-10,122,1260,10,288,112,972,0,0,102,854,20,203,102,1057,California
Trinity,2021-02-11,338,1598,2,290,336,1308,0,0,331,1178,7,210,331,1388,California
Trinity,2021-02-12,19,1617,10,300,9,1317,0,0,14,1187,5,215,14,1402,California
Trinity,2021-02-13,11,1628,6,306,5,1322,0,0,6,1188,5,220,6,1408,California
Trinity,2021-02-14,2,1630,2,308,0,1322,0,0,2,1190,0,220,2,1410,California
Trinity,2021-02-15,47,1677,0,308,47,1369,0,0,47,1237,0,220,47,1457,California
Trinity,2021-02-16,4,1681,1,309,3,1372,0,0,2,1237,2,222,2,1459,California
Trinity,2021-02-17,94,1775,2,311,92,1464,0,0,84,1311,10,232,84,1543,California
Trinity,2021-02-18,3,1778,0,311,3,1467,0,0,1,1310,2,234,1,1544,California
Trinity,2021-02-19,308,2086,2,313,306,1773,0,0,294,1590,14,248,294,1838,California
Trinity,2021-02-20,143,2229,14,327,129,1902,0,0,115,1677,28,276,115,1953,California
Trinity,2021-02-21,1,2230,1,328,0,1902,0,0,1,1678,0,276,1,1954,California
Trinity,2021-02-22,8,2238,0,328,8,1910,0,0,5,1680,3,279,5,1959,California
Trinity,2021-02-23,10,2248,3,331,7,1917,0,0,5,1680,5,284,5,1964,California
Trinity,2021-02-24,30,2278,8,339,22,1939,0,0,7,1664,23,307,7,1971,California
Trinity,2021-02-25,37,2315,23,362,14,1953,0,0,5,1637,32,339,5,1976,California
Trinity,2021-02-26,11,2326,1,363,10,1963,0,0,5,1636,6,345,5,1981,California
Trinity,2021-02-27,10,2336,8,371,2,1965,0,0,4,1634,6,351,4,1985,California
Trinity,2021-03-01,10,2346,0,371,10,1975,0,0,5,1634,5,356,5,1990,California
Trinity,2021-03-02,9,2355,3,374,6,1981,0,0,2,1629,7,363,2,1992,California
Trinity,2021-03-03,5,2360,0,374,5,1986,0,0,4,1632,1,364,4,1996,California
Trinity,2021-03-04,23,2383,19,393,4,1990,0,0,10,1629,13,377,10,2006,California
Trinity,2021-03-05,389,2772,1,394,388,2378,0,0,121,1486,264,641,121,2127,California
Trinity,2021-03-06,203,2975,7,401,196,2574,0,0,27,1337,176,817,27,2154,California
Trinity,2021-03-07,4,2979,3,404,1,2575,0,0,3,1339,1,818,3,2157,California
Trinity,2021-03-08,4,2983,0,404,3,2578,1,1,1,1338,3,821,2,2159,California
Trinity,2021-03-09,99,3082,1,405,96,2674,2,3,93,1427,6,827,95,2254,California
Trinity,2021-03-10,126,3208,3,408,120,2794,3,6,38,1380,88,915,41,2295,California
Trinity,2021-03-11,16,3224,4,412,10,2804,2,8,5,1376,11,926,7,2302,California
Trinity,2021-03-12,399,3623,5,417,388,3192,6,14,97,1177,302,1228,103,2405,California
Trinity,2021-03-13,12,3635,7,424,3,3195,2,16,7,1181,5,1233,9,2414,California
Trinity,2021-03-14,4,3639,1,425,3,3198,0,16,3,1183,1,1234,3,2417,California
Trinity,2021-03-15,68,3707,0,425,67,3265,1,17,15,1146,53,1287,16,2433,California
Trinity,2021-03-16,115,3822,7,432,108,3373,0,17,102,1235,13,1300,102,2535,California
Trinity,2021-03-17,100,3922,3,435,97,3470,0,17,26,1187,74,1374,26,2561,California
Trinity,2021-03-18,9,3931,1,436,5,3475,3,20,4,1189,5,1379,7,2568,California
Trinity,2021-03-19,463,4394,4,440,349,3824,110,130,36,908,427,1806,146,2714,California
Trinity,2021-03-20,108,4502,7,447,101,3925,0,130,72,945,35,1841,72,2786,California
Trinity,2021-03-21,4,4506,0,447,3,3928,1,131,3,948,1,1842,4,2790,California
Trinity,2021-03-22,2,4508,0,447,2,3930,0,131,2,950,0,1842,2,2792,California
Trinity,2021-03-23,95,4603,2,449,93,4023,0,131,78,1011,17,1859,78,2870,California
Trinity,2021-03-24,12,4615,1,450,11,4034,0,131,9,1017,3,1862,9,2879,California
Trinity,2021-03-25,111,4726,8,458,97,4131,6,137,85,1082,26,1888,91,2970,California
Trinity,2021-03-26,84,4810,8,466,76,4207,0,137,77,1152,7,1895,77,3047,California
Trinity,2021-03-27,20,4830,4,470,7,4214,9,146,9,1159,11,1906,18,3065,California
Trinity,2021-03-28,5,4835,3,473,2,4216,0,146,1,1156,4,1910,1,3066,California
Trinity,2021-03-29,5,4840,0,473,5,4221,0,146,2,1155,3,1913,2,3068,California
Trinity,2021-03-30,77,4917,6,479,71,4292,0,146,66,1210,11,1924,66,3134,California
Trinity,2021-03-31,56,4973,5,484,18,4310,33,179,20,1226,36,1960,52,3186,California
Trinity,2021-04-01,40,5013,10,494,19,4329,11,190,21,1239,19,1979,32,3218,California
Trinity,2021-04-02,258,5271,5,499,178,4507,75,265,85,1227,172,2151,160,3378,California
Trinity,2021-04-03,17,5288,12,511,5,4512,0,265,7,1224,10,2161,7,3385,California
Trinity,2021-04-04,10,5298,8,519,2,4514,0,265,8,1230,2,2163,8,3393,California
Trinity,2021-04-05,60,5358,6,525,51,4565,3,268,54,1281,6,2169,57,3450,California
Trinity,2021-04-06,122,5480,15,540,104,4669,3,271,29,1220,93,2262,32,3482,California
Trinity,2021-04-07,26,5506,11,551,10,4679,5,276,19,1237,7,2269,24,3506,California
Trinity,2021-04-08,90,5596,11,562,77,4756,2,278,53,1255,37,2306,55,3561,California
Trinity,2021-04-09,168,5764,18,580,146,4902,4,282,90,1271,78,2384,94,3655,California
Trinity,2021-04-10,12,5776,7,587,5,4907,0,282,11,1281,1,2385,11,3666,California
Trinity,2021-04-11,10,5786,5,592,3,4910,2,284,4,1281,6,2391,6,3672,California
Trinity,2021-04-12,78,5864,5,597,72,4982,1,285,64,1332,13,2404,64,3736,California
Trinity,2021-04-13,104,5968,5,602,99,5081,0,285,11,1250,93,2497,11,3747,California
Trinity,2021-04-14,10,5978,5,607,5,5086,0,285,6,1252,4,2501,6,3753,California
Trinity,2021-04-15,44,6022,10,617,34,5120,0,285,14,1237,29,2530,14,3767,California
Trinity,2021-04-16,158,6180,13,630,145,5265,0,285,83,1246,74,2604,83,3850,California
Trinity,2021-04-17,11,6191,5,635,6,5271,0,285,9,1253,2,2606,9,3859,California
Trinity,2021-04-18,3,6194,1,636,2,5273,0,285,0,1250,3,2609,0,3859,California
Trinity,2021-04-19,67,6261,2,638,65,5338,0,285,66,1315,1,2610,66,3925,California
Trinity,2021-04-20,93,6354,8,646,85,5423,0,285,21,1264,72,2682,21,3946,California
Trinity,2021-04-21,22,6376,9,655,13,5436,0,285,9,1260,13,2695,9,3955,California
Trinity,2021-04-22,92,6468,5,660,87,5523,0,285,14,1196,78,2773,14,3969,California
Trinity,2021-04-23,181,6649,6,666,175,5698,0,285,112,1239,69,2842,112,4081,California
Trinity,2021-04-24,24,6673,13,679,11,5709,0,285,7,1229,17,2859,7,4088,California
Trinity,2021-04-25,10,6683,9,688,1,5710,0,285,3,1226,6,2865,3,4091,California
Trinity,2021-04-26,48,6731,9,697,39,5749,0,285,40,1258,8,2873,40,4131,California
Trinity,2021-04-27,86,6817,11,708,75,5824,0,285,23,1218,63,2936,23,4154,California
Trinity,2021-04-28,33,6850,11,719,22,5846,0,285,12,1209,21,2957,12,4166,California
Trinity,2021-04-29,34,6884,13,732,21,5867,0,285,12,1199,22,2979,12,4178,California
Trinity,2021-04-30,26,6910,21,753,5,5872,0,285,10,1194,15,2994,10,4188,California
Trinity,2021-05-01,14,6924,8,761,1,5873,5,290,4,1193,10,3004,9,4197,California
Trinity,2021-05-02,8,6932,5,766,1,5874,2,292,2,1191,6,3010,4,4201,California
Trinity,2021-05-03,58,6990,13,779,44,5918,1,293,9,1153,48,3058,10,4211,California
Trinity,2021-05-04,27,7017,10,789,16,5934,1,294,7,1141,20,3078,8,4219,California
Trinity,2021-05-05,11,7028,7,796,4,5938,0,294,4,1138,7,3085,4,4223,California
Trinity,2021-05-06,76,7104,11,807,62,6000,3,297,16,1097,60,3145,19,4242,California
Trinity,2021-05-07,181,7285,12,819,135,6135,34,331,14,978,167,3312,48,4290,California
Trinity,2021-05-08,7,7292,2,821,5,6140,0,331,2,975,5,3317,2,4292,California
Trinity,2021-05-09,11,7303,8,829,3,6143,0,331,7,978,4,3321,7,4299,California
Trinity,2021-05-10,14,7317,4,833,9,6152,1,332,7,979,7,3328,8,4307,California
Trinity,2021-05-11,8,7325,4,837,4,6156,0,332,6,983,2,3330,6,4313,California
Trinity,2021-05-12,19,7344,16,853,2,6158,1,333,14,993,5,3335,15,4328,California
Trinity,2021-05-13,15,7359,10,863,4,6162,1,334,9,997,6,3341,10,4338,California
Trinity,2021-05-14,143,7502,19,882,96,6258,28,362,39,960,104,3445,67,4405,California
Trinity,2021-05-15,16,7518,11,893,4,6262,1,363,7,960,8,3453,8,4413,California
Trinity,2021-05-16,8,7526,6,899,2,6264,0,363,6,964,2,3455,6,4419,California
Trinity,2021-05-17,108,7634,20,919,86,6350,2,365,42,942,66,3521,44,4463,California
Trinity,2021-05-18,37,7671,7,926,29,6379,1,366,11,928,26,3547,12,4475,California
Trinity,2021-05-19,148,7819,16,942,103,6482,29,395,29,868,118,3665,58,4533,California
Trinity,2021-05-20,28,7847,21,963,4,6486,3,398,17,877,11,3676,20,4553,California
Trinity,2021-05-21,22,7869,14,977,8,6494,0,398,12,879,10,3686,12,4565,California
Trinity,2021-05-22,17,7886,14,991,3,6497,0,398,13,888,4,3690,13,4578,California
Trinity,2021-05-23,6,7892,4,995,2,6499,0,398,2,886,4,3694,2,4580,California
Trinity,2021-05-24,109,8001,12,1007,96,6595,1,399,8,795,100,3794,9,4589,California
Trinity,2021-05-25,39,8040,14,1021,25,6620,0,399,17,790,22,3816,17,4606,California
Trinity,2021-05-26,12,8052,6,1027,6,6626,0,399,4,786,8,3824,4,4610,California
Trinity,2021-05-27,30,8082,13,1040,12,6638,5,404,7,775,23,3847,12,4622,California
Trinity,2021-05-28,14,8096,10,1050,3,6641,1,405,7,776,7,3854,8,4630,California
Trinity,2021-05-29,10,8106,7,1057,2,6643,1,406,7,781,3,3857,8,4638,California
Trinity,2021-05-30,5,8111,4,1061,1,6644,0,406,0,776,5,3862,0,4638,California
Trinity,2021-05-31,4,8115,3,1064,1,6645,0,406,2,776,2,3864,2,4640,California
Trinity,2021-06-01,15,8130,8,1072,5,6650,2,408,4,772,10,3874,6,4646,California
Trinity,2021-06-02,24,8154,19,1091,3,6653,2,410,9,768,15,3889,11,4657,California
Trinity,2021-06-03,39,8193,13,1104,26,6679,0,410,13,755,26,3915,13,4670,California
Trinity,2021-06-04,43,8236,21,1125,16,6695,6,416,12,742,31,3946,18,4688,California
Trinity,2021-06-05,19,8255,18,1143,1,6696,0,416,13,749,6,3952,13,4701,California
Trinity,2021-06-06,9,8264,6,1149,2,6698,1,417,2,745,7,3959,3,4704,California
Trinity,2021-06-07,28,8292,19,1168,8,6706,1,418,12,742,16,3975,13,4717,California
Trinity,2021-06-08,15,8307,13,1181,1,6707,1,419,4,736,11,3986,5,4722,California
Trinity,2021-06-09,24,8331,14,1195,1,6708,9,428,5,731,19,4005,14,4736,California
Trinity,2021-06-10,21,8352,19,1214,2,6710,0,428,6,722,15,4020,6,4742,California
Trinity,2021-06-11,45,8397,10,1224,33,6743,2,430,14,707,31,4051,16,4758,California
Trinity,2021-06-12,9,8406,9,1233,0,6743,0,430,2,702,7,4058,2,4760,California
Trinity,2021-06-13,4,8410,4,1237,0,6743,0,430,1,700,3,4061,1,4761,California
Trinity,2021-06-14,43,8453,16,1253,27,6770,0,430,11,679,32,4093,11,4772,California
Trinity,2021-06-15,34,8487,21,1274,3,6773,10,440,9,673,25,4118,19,4791,California
Trinity,2021-06-16,11,8498,6,1280,5,6778,0,440,3,668,8,4126,3,4794,California
Trinity,2021-06-17,5,8503,3,1283,0,6778,2,442,1,668,3,4129,3,4797,California
Tulare,2020-12-15,1,1,1,1,0,0,0,0,1,1,0,0,1,1,California
Tulare,2020-12-16,4,5,4,5,0,0,0,0,4,5,0,0,4,5,California
Tulare,2020-12-17,110,115,110,115,0,0,0,0,110,115,0,0,110,115,California
Tulare,2020-12-18,289,404,288,403,1,1,0,0,289,404,0,0,289,404,California
Tulare,2020-12-19,325,729,325,728,0,1,0,0,325,729,0,0,325,729,California
Tulare,2020-12-20,165,894,165,893,0,1,0,0,165,894,0,0,165,894,California
Tulare,2020-12-21,423,1317,423,1316,0,1,0,0,443,1337,0,0,443,1337,California
Tulare,2020-12-22,473,1790,472,1788,1,2,0,0,472,1809,0,0,472,1809,California
Tulare,2020-12-23,326,2116,318,2106,8,10,0,0,324,2133,0,0,324,2133,California
Tulare,2020-12-24,18,2134,16,2122,2,12,0,0,18,2151,0,0,18,2151,California
Tulare,2020-12-26,7,2141,6,2128,1,13,0,0,7,2158,0,0,7,2158,California
Tulare,2020-12-27,16,2157,12,2140,4,17,0,0,16,2174,0,0,16,2174,California
Tulare,2020-12-28,483,2640,470,2610,13,30,0,0,482,2656,0,0,482,2656,California
Tulare,2020-12-29,548,3188,476,3086,72,102,0,0,548,3204,0,0,548,3204,California
Tulare,2020-12-30,469,3657,425,3511,44,146,0,0,469,3673,0,0,469,3673,California
Tulare,2020-12-31,101,3758,23,3534,78,224,0,0,101,3774,0,0,101,3774,California
Tulare,2021-01-01,4,3762,1,3535,3,227,0,0,4,3778,0,0,4,3778,California
Tulare,2021-01-02,33,3795,20,3555,13,240,0,0,33,3811,0,0,33,3811,California
Tulare,2021-01-03,23,3818,9,3564,14,254,0,0,23,3834,0,0,23,3834,California
Tulare,2021-01-04,93,3911,16,3580,77,331,0,0,93,3927,0,0,93,3927,California
Tulare,2021-01-05,468,4379,279,3859,189,520,0,0,466,4391,2,2,466,4393,California
Tulare,2021-01-06,869,5248,634,4493,235,755,0,0,859,5240,10,12,859,5252,California
Tulare,2021-01-07,788,6036,590,5083,198,953,0,0,679,5810,109,121,679,5931,California
Tulare,2021-01-08,1296,7332,573,5656,723,1676,0,0,960,6435,335,456,960,6891,California
Tulare,2021-01-09,802,8134,202,5858,600,2276,0,0,615,6863,187,643,615,7506,California
Tulare,2021-01-10,51,8185,44,5902,7,2283,0,0,13,6838,38,681,13,7519,California
Tulare,2021-01-11,1276,9461,772,6674,504,2787,0,0,838,7238,438,1119,838,8357,California
Tulare,2021-01-12,1460,10921,509,7183,951,3738,0,0,1047,7874,412,1531,1048,9405,California
Tulare,2021-01-13,429,11350,201,7384,228,3966,0,0,354,8153,75,1606,354,9759,California
Tulare,2021-01-14,497,11847,146,7530,351,4317,0,0,471,8609,15,1621,471,10230,California
Tulare,2021-01-15,1705,13552,162,7692,1543,5860,0,0,1695,10294,10,1631,1695,11925,California
Tulare,2021-01-16,1936,15488,122,7814,1814,7674,0,0,1922,12202,14,1645,1922,13847,California
Tulare,2021-01-17,142,15630,122,7936,20,7694,0,0,132,12324,10,1655,132,13979,California
Tulare,2021-01-18,695,16325,662,8598,33,7727,0,0,296,12221,399,2054,296,14275,California
Tulare,2021-01-19,1027,17352,693,9291,334,8061,0,0,601,12396,426,2480,601,14876,California
Tulare,2021-01-20,2445,19797,614,9905,1831,9892,0,0,2032,14041,387,2867,2032,16908,California
Tulare,2021-01-21,1590,21387,186,10091,1404,11296,0,0,1562,15581,22,2889,1562,18470,California
Tulare,2021-01-22,1077,22464,191,10282,886,12182,0,0,1049,16603,27,2916,1049,19519,California
Tulare,2021-01-23,440,22904,156,10438,284,12466,0,0,419,17001,21,2937,419,19938,California
Tulare,2021-01-24,30,22934,27,10465,3,12469,0,0,28,17027,2,2939,28,19966,California
Tulare,2021-01-25,1355,24289,985,11450,370,12839,0,0,1305,18282,50,2989,1305,21271,California
Tulare,2021-01-26,1516,25805,1101,12551,415,13254,0,0,1176,19119,339,3328,1176,22447,California
Tulare,2021-01-27,1505,27310,1076,13627,429,13683,0,0,924,19463,580,3908,924,23371,California
Tulare,2021-01-28,1219,28529,777,14404,442,14125,0,0,819,19882,400,4308,819,24190,California
Tulare,2021-01-29,1139,29668,724,15128,415,14540,0,0,827,20397,312,4620,827,25017,California
Tulare,2021-01-30,1687,31355,1593,16721,94,14634,0,0,1664,22039,23,4643,1665,26682,California
Tulare,2021-01-31,68,31423,63,16784,5,14639,0,0,65,22101,3,4646,65,26747,California
Tulare,2021-02-01,1197,32620,918,17702,279,14918,0,0,834,22573,362,5008,834,27581,California
Tulare,2021-02-02,704,33324,350,18052,354,15272,0,0,458,22788,244,5252,459,28040,California
Tulare,2021-02-03,576,33900,243,18295,333,15605,0,0,328,22888,228,5480,328,28368,California
Tulare,2021-02-04,576,34476,171,18466,405,16010,0,0,284,22882,291,5771,285,28653,California
Tulare,2021-02-05,1242,35718,238,18704,1004,17014,0,0,403,22448,837,6608,403,29056,California
Tulare,2021-02-06,842,36560,165,18869,677,17691,0,0,207,22022,633,7241,207,29263,California
Tulare,2021-02-07,83,36643,70,18939,13,17704,0,0,22,21983,61,7302,22,29285,California
Tulare,2021-02-08,950,37593,330,19269,620,18324,0,0,242,21519,706,8008,242,29527,California
Tulare,2021-02-09,1439,39032,338,19607,1101,19425,0,0,359,20804,1074,9082,359,29886,California
Tulare,2021-02-10,2486,41518,1994,21601,492,19917,0,0,2086,22491,399,9481,2086,31972,California
Tulare,2021-02-11,1339,42857,380,21981,959,20876,0,0,915,22982,424,9905,915,32887,California
Tulare,2021-02-12,2792,45649,574,22555,2218,23094,0,0,1191,22579,1594,11499,1191,34078,California
Tulare,2021-02-13,2485,48134,156,22711,2329,25423,0,0,646,21390,1835,13334,646,34724,California
Tulare,2021-02-14,337,48471,39,22750,298,25721,0,0,300,21653,37,13371,300,35024,California
Tulare,2021-02-15,924,49395,292,23042,632,26353,0,0,661,22052,262,13633,661,35685,California
Tulare,2021-02-16,2859,52254,1604,24646,1255,27608,0,0,1094,21382,1764,15397,1094,36779,California
Tulare,2021-02-17,2734,54988,519,25165,2215,29823,0,0,467,19589,2260,17657,467,37246,California
Tulare,2021-02-18,2341,57329,452,25617,1889,31712,0,0,641,18539,1691,19348,641,37887,California
Tulare,2021-02-19,2335,59664,880,26497,1455,33167,0,0,958,18122,1375,20723,958,38845,California
Tulare,2021-02-20,3006,62670,1898,28395,1108,34275,0,0,1269,17659,1732,22455,1269,40114,California
Tulare,2021-02-21,95,62765,92,28487,3,34278,0,0,48,17661,46,22501,48,40162,California
Tulare,2021-02-22,1113,63878,703,29190,410,34688,0,0,214,16977,898,23399,214,40376,California
Tulare,2021-02-23,1974,65852,954,30144,1020,35708,0,0,1474,17953,498,23897,1474,41850,California
Tulare,2021-02-24,2496,68348,1556,31700,940,36648,0,0,2122,19703,373,24270,2123,43973,California
Tulare,2021-02-25,3547,71895,1993,33693,1554,38202,0,0,3128,22416,415,24685,3128,47101,California
Tulare,2021-02-26,3890,75785,1912,35605,1978,40180,0,0,3416,25360,472,25157,3416,50517,California
Tulare,2021-02-27,3027,78812,1513,37118,1514,41694,0,0,2892,28129,123,25280,2892,53409,California
Tulare,2021-02-28,1315,80127,1043,38161,272,41966,0,0,1295,29407,17,25297,1295,54704,California
Tulare,2021-03-01,1803,81930,807,38968,996,42962,0,0,1605,30816,196,25493,1605,56309,California
Tulare,2021-03-02,2794,84724,1278,40246,1516,44478,0,0,2620,33265,172,25665,2621,58930,California
Tulare,2021-03-03,4122,88846,2761,43007,1360,45838,1,1,2157,33465,1962,27627,2162,61092,California
Tulare,2021-03-04,3007,91853,1355,44362,1652,47490,0,1,2661,35785,341,27968,2661,63753,California
Tulare,2021-03-05,3470,95323,1776,46138,1679,49169,15,16,2952,38241,515,28483,2971,66724,California
Tulare,2021-03-06,3105,98428,1450,47588,1595,50764,60,76,2852,40901,250,28733,2910,69634,California
Tulare,2021-03-07,1142,99570,706,48294,415,51179,21,97,1102,41985,39,28772,1123,70757,California
Tulare,2021-03-08,1728,101298,1011,49305,548,51727,169,266,1400,43230,323,29095,1568,72325,California
Tulare,2021-03-09,3291,104589,2256,51561,884,52611,151,417,2861,45812,429,29524,3011,75336,California
Tulare,2021-03-10,2994,107583,1416,52977,1403,54014,175,592,2588,48176,397,29921,2761,78097,California
Tulare,2021-03-11,4251,111834,2006,54983,1939,55953,306,898,3292,50816,959,30880,3599,81696,California
Tulare,2021-03-12,4461,116295,2440,57423,1664,57617,357,1255,3166,53052,1287,32167,3523,85219,California
Tulare,2021-03-13,4188,120483,1961,59384,2122,59739,105,1360,3231,55437,951,33118,3336,88555,California
Tulare,2021-03-14,1864,122347,989,60373,655,60394,220,1580,1336,56463,527,33645,1553,90108,California
Tulare,2021-03-15,2776,125123,1649,62022,1010,61404,117,1697,1998,57804,775,34420,2116,92224,California
Tulare,2021-03-16,3471,128594,2126,64148,1266,62670,79,1776,1901,58221,1566,35986,1983,94207,California
Tulare,2021-03-17,4102,132696,2674,66822,1353,64023,75,1851,2340,58886,1756,37742,2421,96628,California
Tulare,2021-03-18,4681,137377,3412,70234,1196,65219,73,1924,2476,59243,2197,39939,2554,99182,California
Tulare,2021-03-19,5132,142509,3372,73606,1562,66781,198,2122,2735,59801,2377,42316,2935,102117,California
Tulare,2021-03-20,4525,147034,2821,76427,1331,68112,373,2495,2079,59819,2438,44754,2456,104573,California
Tulare,2021-03-21,2001,149035,1711,78138,264,68376,26,2521,1056,59959,941,45695,1081,105654,California
Tulare,2021-03-22,2584,151619,1788,79926,683,69059,113,2634,1702,60900,876,46571,1817,107471,California
Tulare,2021-03-23,3771,155390,2166,82092,1554,70613,51,2685,2066,61329,1694,48265,2123,109594,California
Tulare,2021-03-24,3222,158612,1999,84091,1181,71794,42,2727,1726,61610,1488,49753,1769,111363,California
Tulare,2021-03-25,3506,162118,1826,85917,1515,73309,165,2892,1682,61643,1816,51569,1849,113212,California
Tulare,2021-03-26,5300,167418,3162,89079,2025,75334,113,3005,2559,61592,2723,54292,2672,115884,California
Tulare,2021-03-27,3561,170979,1825,90904,1636,76970,100,3105,997,60132,2556,56848,1096,116980,California
Tulare,2021-03-28,1476,172455,1071,91975,374,77344,31,3136,678,60055,796,57644,719,117699,California
Tulare,2021-03-29,2896,175351,1679,93654,1109,78453,108,3244,1230,59733,1662,59306,1340,119039,California
Tulare,2021-03-30,4938,180289,2806,96460,1897,80350,235,3479,1546,58124,3383,62689,1774,120813,California
Tulare,2021-03-31,4006,184295,2366,98826,1525,81875,115,3594,1569,57380,2429,65118,1685,122498,California
Tulare,2021-04-01,4552,188847,2472,101298,2015,83890,65,3659,1560,56024,2982,68100,1626,124124,California
Tulare,2021-04-02,5397,194244,3079,104377,2196,86086,122,3781,1596,53958,3785,71885,1719,125843,California
Tulare,2021-04-03,3646,197890,2109,106486,1163,87249,374,4155,840,52402,2768,74653,1212,127055,California
Tulare,2021-04-04,1636,199526,1149,107635,480,87729,7,4162,359,51495,1273,75926,366,127421,California
Tulare,2021-04-05,3378,202904,2355,109990,753,88482,270,4432,855,50112,2510,78436,1127,128548,California
Tulare,2021-04-06,3455,206359,1476,111466,1479,89961,500,4932,932,49031,2515,80951,1434,129982,California
Tulare,2021-04-07,3940,210299,1862,113328,1638,91599,440,5372,1194,47920,2736,83687,1625,131607,California
Tulare,2021-04-08,4832,215131,2642,115970,1725,93324,465,5837,1542,46646,3277,86964,2003,133610,California
Tulare,2021-04-09,4876,220007,3007,118977,1426,94750,443,6280,1835,45892,3033,89997,2279,135889,California
Tulare,2021-04-10,3878,223885,2093,121070,1463,96213,322,6602,948,44237,2921,92918,1266,137155,California
Tulare,2021-04-11,1594,225479,1055,122125,465,96678,74,6676,496,43711,1096,94014,570,137725,California
Tulare,2021-04-12,3436,228915,2142,124267,694,97372,600,7276,1076,43037,2351,96365,1677,139402,California
Tulare,2021-04-13,2426,231341,1601,125868,815,98187,10,7286,906,42447,1509,97874,919,140321,California
Tulare,2021-04-14,2903,234244,1710,127578,1193,99380,0,7286,921,41395,1977,99851,925,141246,California
Tulare,2021-04-15,3345,237589,2178,129756,1167,100547,0,7286,1502,41070,1831,101682,1506,142752,California
Tulare,2021-04-16,3716,241305,2246,132002,1470,102017,0,7286,1505,40381,2198,103880,1509,144261,California
Tulare,2021-04-17,2250,243555,1329,133331,921,102938,0,7286,1190,40516,1056,104936,1191,145452,California
Tulare,2021-04-18,1541,245096,1202,134533,339,103277,0,7286,824,40628,716,105652,828,146280,California
Tulare,2021-04-19,2149,247245,1235,135768,911,104188,3,7289,898,40286,1247,106899,905,147185,California
Tulare,2021-04-20,2349,249594,1323,137091,1026,105214,0,7289,994,39941,1341,108240,996,148181,California
Tulare,2021-04-21,2215,251809,1335,138426,880,106094,0,7289,813,39392,1363,109603,814,148995,California
Tulare,2021-04-22,2132,253941,1186,139612,946,107040,0,7289,732,38743,1381,110984,732,149727,California
Tulare,2021-04-23,2601,256542,1592,141204,1008,108048,1,7290,1023,38199,1567,112551,1023,150750,California
Tulare,2021-04-24,1649,258191,1056,142260,591,108639,2,7292,853,38263,791,113342,855,151605,California
Tulare,2021-04-25,702,258893,528,142788,174,108813,0,7292,269,38099,433,113775,269,151874,California
Tulare,2021-04-26,1529,260422,920,143708,590,109403,19,7311,642,37878,880,114655,659,152533,California
Tulare,2021-04-27,1676,262098,681,144389,956,110359,39,7350,716,37676,956,115611,754,153287,California
Tulare,2021-04-28,1717,263815,978,145367,697,111056,42,7392,674,37353,1038,116649,715,154002,California
Tulare,2021-04-29,2014,265829,1203,146570,771,111827,40,7432,781,36951,1221,117870,819,154821,California
Tulare,2021-04-30,2449,268278,1782,148352,617,112444,50,7482,903,36365,1538,119408,952,155773,California
Tulare,2021-05-01,1430,269708,1231,149583,187,112631,12,7494,730,36417,690,120098,742,156515,California
Tulare,2021-05-02,591,270299,502,150085,72,112703,17,7511,190,36225,398,120496,206,156721,California
Tulare,2021-05-03,1627,271926,1100,151185,402,113105,125,7636,350,35430,1270,121766,475,157196,California
Tulare,2021-05-04,1564,273490,837,152022,657,113762,70,7706,628,35198,927,122693,695,157891,California
Tulare,2021-05-05,1286,274776,622,152644,573,114335,91,7797,447,34908,828,123521,538,158429,California
Tulare,2021-05-06,1975,276751,1331,153975,595,114930,49,7846,593,34176,1374,124895,642,159071,California
Tulare,2021-05-07,1841,278592,1249,155224,524,115454,68,7914,526,33462,1307,126202,593,159664,California
Tulare,2021-05-08,1235,279827,809,156033,401,115855,25,7939,526,33311,702,126904,551,160215,California
Tulare,2021-05-09,595,280422,470,156503,104,115959,21,7960,117,32977,473,127377,139,160354,California
Tulare,2021-05-10,1025,281447,593,157096,367,116326,65,8025,310,32639,713,128090,375,160729,California
Tulare,2021-05-11,1258,282705,636,157732,538,116864,84,8109,523,32518,728,128818,607,161336,California
Tulare,2021-05-12,1582,284287,1017,158749,508,117372,57,8166,433,31873,1134,129952,489,161825,California
Tulare,2021-05-13,1559,285846,988,159737,532,117904,39,8205,697,31750,858,130810,735,162560,California
Tulare,2021-05-14,1935,287781,1245,160982,626,118530,64,8269,864,31619,1058,131868,927,163487,California
Tulare,2021-05-15,1569,289350,884,161866,638,119168,47,8316,669,31437,892,132760,710,164197,California
Tulare,2021-05-16,700,290050,559,162425,129,119297,12,8328,326,31403,372,133132,338,164535,California
Tulare,2021-05-17,1543,291593,958,163383,512,119809,73,8401,737,31414,799,133931,810,165345,California
Tulare,2021-05-18,1590,293183,863,164246,672,120481,55,8456,799,31480,786,134717,852,166197,California
Tulare,2021-05-19,1478,294661,954,165200,491,120972,33,8489,771,31583,701,135418,804,167001,California
Tulare,2021-05-20,1592,296253,1076,166276,429,121401,87,8576,770,31622,818,136236,857,167858,California
Tulare,2021-05-21,1951,298204,1427,167703,483,121884,41,8617,1068,31856,875,137111,1109,168967,California
Tulare,2021-05-22,1603,299807,1145,168848,435,122319,23,8640,604,31493,991,138102,628,169595,California
Tulare,2021-05-23,395,300202,312,169160,74,122393,9,8649,199,31507,194,138296,208,169803,California
Tulare,2021-05-24,912,301114,551,169711,299,122692,62,8711,404,31467,506,138802,466,170269,California
Tulare,2021-05-25,1186,302300,708,170419,446,123138,32,8743,507,31333,673,139475,539,170808,California
Tulare,2021-05-26,880,303180,487,170906,352,123490,41,8784,401,31300,474,139949,441,171249,California
Tulare,2021-05-27,1275,304455,807,171713,437,123927,31,8815,594,31249,678,140627,627,171876,California
Tulare,2021-05-28,1184,305639,659,172372,476,124403,49,8864,629,31377,549,141176,677,172553,California
Tulare,2021-05-29,870,306509,643,173015,208,124611,19,8883,500,31528,368,141544,519,173072,California
Tulare,2021-05-30,286,306795,207,173222,71,124682,8,8891,165,31582,119,141663,173,173245,California
Tulare,2021-05-31,130,306925,50,173272,69,124751,11,8902,54,31572,75,141738,65,173310,California
Tulare,2021-06-01,1053,307978,626,173898,396,125147,31,8933,405,31368,640,142378,436,173746,California
Tulare,2021-06-02,795,308773,468,174366,295,125442,32,8965,364,31342,420,142798,394,174140,California
Tulare,2021-06-03,1144,309917,812,175178,274,125716,58,9023,422,31119,702,143500,479,174619,California
Tulare,2021-06-04,1165,311082,835,176013,298,126014,32,9055,393,30776,768,144268,425,175044,California
Tulare,2021-06-05,873,311955,695,176708,163,126177,15,9070,297,30515,573,144841,312,175356,California
Tulare,2021-06-06,419,312374,354,177062,46,126223,19,9089,138,30392,280,145121,157,175513,California
Tulare,2021-06-07,886,313260,696,177758,152,126375,38,9127,288,30122,595,145716,325,175838,California
Tulare,2021-06-08,1052,314312,776,178534,213,126588,63,9190,353,29844,694,146410,416,176254,California
Tulare,2021-06-09,1078,315390,757,179291,287,126875,34,9224,344,29491,729,147139,376,176630,California
Tulare,2021-06-10,1104,316494,890,180181,179,127054,35,9259,385,29193,717,147856,419,177049,California
Tulare,2021-06-11,1227,317721,884,181065,308,127362,35,9294,382,28775,835,148691,417,177466,California
Tulare,2021-06-12,947,318668,734,181799,202,127564,11,9305,329,28503,612,149303,340,177806,California
Tulare,2021-06-13,290,318958,202,182001,85,127649,3,9308,80,28377,209,149512,83,177889,California
Tulare,2021-06-14,767,319725,563,182564,178,127827,26,9334,299,28239,463,149975,325,178214,California
Tulare,2021-06-15,969,320694,653,183217,286,128113,30,9364,427,28160,536,150511,457,178671,California
Tulare,2021-06-16,808,321502,552,183769,221,128334,35,9399,352,28094,453,150964,387,179058,California
Tulare,2021-06-17,506,322008,392,184161,99,128433,15,9414,176,27956,329,151293,191,179249,California
Tuolumne,2020-12-16,47,47,47,47,0,0,0,0,47,47,0,0,47,47,California
Tuolumne,2020-12-17,18,65,18,65,0,0,0,0,18,65,0,0,18,65,California
Tuolumne,2020-12-18,101,166,100,165,1,1,0,0,101,166,0,0,101,166,California
Tuolumne,2020-12-19,4,170,4,169,0,1,0,0,4,170,0,0,4,170,California
Tuolumne,2020-12-20,2,172,2,171,0,1,0,0,2,172,0,0,2,172,California
Tuolumne,2020-12-21,116,288,102,273,14,15,0,0,116,288,0,0,116,288,California
Tuolumne,2020-12-22,170,458,170,443,0,15,0,0,170,458,0,0,170,458,California
Tuolumne,2020-12-23,184,642,182,625,2,17,0,0,184,642,0,0,184,642,California
Tuolumne,2020-12-26,2,644,2,627,0,17,0,0,2,644,0,0,2,644,California
Tuolumne,2020-12-28,77,721,75,702,2,19,0,0,77,721,0,0,77,721,California
Tuolumne,2020-12-29,102,823,39,741,63,82,0,0,102,823,0,0,102,823,California
Tuolumne,2020-12-30,79,902,22,763,57,139,0,0,79,902,0,0,79,902,California
Tuolumne,2020-12-31,27,929,20,783,7,146,0,0,27,929,0,0,27,929,California
Tuolumne,2021-01-01,6,935,5,788,1,147,0,0,6,935,0,0,6,935,California
Tuolumne,2021-01-02,118,1053,116,904,2,149,0,0,118,1053,0,0,118,1053,California
Tuolumne,2021-01-03,2,1055,2,906,0,149,0,0,2,1055,0,0,2,1055,California
Tuolumne,2021-01-04,69,1124,26,932,43,192,0,0,69,1124,0,0,69,1124,California
Tuolumne,2021-01-05,94,1218,27,959,67,259,0,0,91,1213,3,3,92,1216,California
Tuolumne,2021-01-06,132,1350,71,1030,61,320,0,0,68,1217,64,67,68,1284,California
Tuolumne,2021-01-07,120,1470,63,1093,57,377,0,0,65,1227,55,122,65,1349,California
Tuolumne,2021-01-08,105,1575,82,1175,23,400,0,0,26,1176,78,200,27,1376,California
Tuolumne,2021-01-09,2,1577,0,1175,2,402,0,0,2,1178,0,200,2,1378,California
Tuolumne,2021-01-10,3,1580,1,1176,2,404,0,0,3,1181,0,200,3,1381,California
Tuolumne,2021-01-11,114,1694,88,1264,26,430,0,0,34,1135,80,280,34,1415,California
Tuolumne,2021-01-12,101,1795,85,1349,16,446,0,0,18,1070,83,363,18,1433,California
Tuolumne,2021-01-13,231,2026,125,1474,106,552,0,0,182,1204,49,412,183,1616,California
Tuolumne,2021-01-14,148,2174,108,1582,40,592,0,0,43,1143,104,516,43,1659,California
Tuolumne,2021-01-15,477,2651,75,1657,402,994,0,0,414,1496,62,578,415,2074,California
Tuolumne,2021-01-16,7,2658,3,1660,4,998,0,0,6,1501,1,579,6,2080,California
Tuolumne,2021-01-17,8,2666,4,1664,4,1002,0,0,8,1509,0,579,8,2088,California
Tuolumne,2021-01-18,46,2712,38,1702,8,1010,0,0,9,1482,36,615,9,2097,California
Tuolumne,2021-01-19,480,3192,75,1777,405,1415,0,0,434,1870,46,661,434,2531,California
Tuolumne,2021-01-20,76,3268,58,1835,18,1433,0,0,24,1843,51,712,24,2555,California
Tuolumne,2021-01-21,57,3325,24,1859,33,1466,0,0,41,1868,16,728,41,2596,California
Tuolumne,2021-01-22,170,3495,17,1876,153,1619,0,0,162,2022,8,736,162,2758,California
Tuolumne,2021-01-23,653,4148,134,2010,519,2138,0,0,546,2474,107,843,559,3317,California
Tuolumne,2021-01-24,523,4671,2,2012,521,2659,0,0,520,2993,3,846,522,3839,California
Tuolumne,2021-01-25,50,4721,28,2040,22,2681,0,0,24,2992,26,872,25,3864,California
Tuolumne,2021-01-26,79,4800,68,2108,11,2692,0,0,40,2993,39,911,40,3904,California
Tuolumne,2021-01-27,61,4861,4,2112,57,2749,0,0,8,2949,52,963,8,3912,California
Tuolumne,2021-01-28,26,4887,6,2118,20,2769,0,0,17,2957,9,972,17,3929,California
Tuolumne,2021-01-29,70,4957,5,2123,65,2834,0,0,32,2951,38,1010,32,3961,California
Tuolumne,2021-01-30,711,5668,553,2676,158,2992,0,0,689,3635,22,1032,706,4667,California
Tuolumne,2021-01-31,7,5675,2,2678,5,2997,0,0,4,3636,3,1035,4,4671,California
Tuolumne,2021-02-01,27,5702,7,2685,20,3017,0,0,24,3657,3,1038,24,4695,California
Tuolumne,2021-02-02,653,6355,46,2731,607,3624,0,0,639,4285,11,1049,639,5334,California
Tuolumne,2021-02-03,244,6599,113,2844,131,3755,0,0,89,4219,155,1204,89,5423,California
Tuolumne,2021-02-04,123,6722,13,2857,110,3865,0,0,61,4218,62,1266,61,5484,California
Tuolumne,2021-02-05,101,6823,14,2871,87,3952,0,0,35,4188,65,1331,35,5519,California
Tuolumne,2021-02-06,857,7680,581,3452,276,4228,0,0,848,5033,9,1340,854,6373,California
Tuolumne,2021-02-07,8,7688,4,3456,4,4232,0,0,4,5033,4,1344,4,6377,California
Tuolumne,2021-02-08,92,7780,41,3497,51,4283,0,0,68,5077,24,1368,68,6445,California
Tuolumne,2021-02-09,865,8645,52,3549,813,5096,0,0,822,5856,43,1411,822,7267,California
Tuolumne,2021-02-10,92,8737,17,3566,75,5171,0,0,31,5827,60,1471,31,7298,California
Tuolumne,2021-02-11,143,8880,68,3634,75,5246,0,0,78,5840,65,1536,78,7376,California
Tuolumne,2021-02-12,650,9530,20,3654,630,5876,0,0,208,5607,441,1977,208,7584,California
Tuolumne,2021-02-13,152,9682,41,3695,111,5987,0,0,121,5698,30,2007,121,7705,California
Tuolumne,2021-02-14,152,9834,14,3709,138,6125,0,0,150,5846,2,2009,150,7855,California
Tuolumne,2021-02-15,189,10023,11,3720,178,6303,0,0,180,6017,9,2018,180,8035,California
Tuolumne,2021-02-16,531,10554,18,3738,513,6816,0,0,122,5736,405,2423,124,8159,California
Tuolumne,2021-02-17,110,10664,62,3800,48,6864,0,0,60,5747,49,2472,60,8219,California
Tuolumne,2021-02-18,683,11347,27,3827,656,7520,0,0,631,6327,52,2524,632,8851,California
Tuolumne,2021-02-19,142,11489,22,3849,120,7640,0,0,42,6269,100,2624,42,8893,California
Tuolumne,2021-02-20,906,12395,341,4190,565,8205,0,0,383,6147,508,3132,386,9279,California
Tuolumne,2021-02-21,981,13376,41,4231,940,9145,0,0,471,6115,507,3639,475,9754,California
Tuolumne,2021-02-22,78,13454,56,4287,22,9167,0,0,44,6126,33,3672,44,9798,California
Tuolumne,2021-02-23,48,13502,25,4312,23,9190,0,0,25,6129,22,3694,25,9823,California
Tuolumne,2021-02-24,104,13606,58,4370,46,9236,0,0,42,6110,61,3755,42,9865,California
Tuolumne,2021-02-25,1052,14658,34,4404,1018,10254,0,0,1019,7097,33,3788,1020,10885,California
Tuolumne,2021-02-26,151,14809,11,4415,140,10394,0,0,125,7197,26,3814,126,11011,California
Tuolumne,2021-02-27,957,15766,580,4995,377,10771,0,0,251,6763,688,4502,254,11265,California
Tuolumne,2021-02-28,56,15822,4,4999,52,10823,0,0,52,6812,3,4505,52,11317,California
Tuolumne,2021-03-01,115,15937,21,5020,93,10916,1,1,78,6856,36,4541,80,11397,California
Tuolumne,2021-03-02,708,16645,74,5094,634,11550,0,1,106,6360,602,5143,106,11503,California
Tuolumne,2021-03-03,94,16739,20,5114,74,11624,0,1,66,6399,27,5170,66,11569,California
Tuolumne,2021-03-04,1174,17913,76,5190,1098,12722,0,1,1108,7441,66,5236,1108,12677,California
Tuolumne,2021-03-05,91,18004,10,5200,81,12803,0,1,53,7458,37,5273,54,12731,California
Tuolumne,2021-03-06,1059,19063,606,5806,451,13254,2,3,204,6819,848,6121,209,12940,California
Tuolumne,2021-03-07,40,19103,12,5818,14,13268,14,17,18,6829,22,6143,32,12972,California
Tuolumne,2021-03-08,197,19300,90,5908,100,13368,7,24,139,6917,58,6201,146,13118,California
Tuolumne,2021-03-09,859,20159,15,5923,833,14201,11,35,66,6208,787,6988,78,13196,California
Tuolumne,2021-03-10,78,20237,11,5934,56,14257,11,46,54,6249,24,7012,65,13261,California
Tuolumne,2021-03-11,1287,21524,39,5973,1242,15499,6,52,1258,7486,29,7041,1266,14527,California
Tuolumne,2021-03-12,298,21822,34,6007,249,15748,15,67,189,7585,108,7149,207,14734,California
Tuolumne,2021-03-13,113,21935,13,6020,100,15848,0,67,82,7638,30,7179,83,14817,California
Tuolumne,2021-03-14,148,22083,10,6030,129,15977,9,76,7,7518,141,7320,21,14838,California
Tuolumne,2021-03-15,302,22385,82,6112,217,16194,3,79,104,7436,197,7517,115,14953,California
Tuolumne,2021-03-16,807,23192,41,6153,755,16949,11,90,669,7979,137,7654,680,15633,California
Tuolumne,2021-03-17,153,23345,33,6186,107,17056,13,103,79,7998,73,7727,92,15725,California
Tuolumne,2021-03-18,948,24293,27,6213,908,17964,13,116,317,7702,626,8353,330,16055,California
Tuolumne,2021-03-19,134,24427,17,6230,87,18051,30,146,73,7745,60,8413,103,16158,California
Tuolumne,2021-03-20,95,24522,8,6238,77,18128,10,156,41,7742,53,8466,50,16208,California
Tuolumne,2021-03-21,835,25357,391,6629,434,18562,10,166,41,7012,782,9248,52,16260,California
Tuolumne,2021-03-22,163,25520,73,6702,71,18633,19,185,96,7062,66,9314,116,16376,California
Tuolumne,2021-03-23,712,26232,637,7339,61,18694,14,199,674,7712,37,9351,687,17063,California
Tuolumne,2021-03-24,109,26341,20,7359,71,18765,18,217,75,7772,33,9384,93,17156,California
Tuolumne,2021-03-25,1301,27642,24,7383,1274,20039,3,220,327,7131,971,10355,330,17486,California
Tuolumne,2021-03-26,277,27919,17,7400,236,20275,24,244,115,7121,150,10505,140,17626,California
Tuolumne,2021-03-27,581,28500,54,7454,527,20802,0,244,316,7176,263,10768,318,17944,California
Tuolumne,2021-03-28,46,28546,5,7459,41,20843,0,244,7,7146,38,10806,8,17952,California
Tuolumne,2021-03-29,207,28753,83,7542,124,20967,0,244,109,7160,95,10901,109,18061,California
Tuolumne,2021-03-30,160,28913,8,7550,151,21118,1,245,117,7236,42,10943,118,18179,California
Tuolumne,2021-03-31,94,29007,13,7563,79,21197,2,247,37,7220,55,10998,39,18218,California
Tuolumne,2021-04-01,1252,30259,29,7592,1223,22420,0,247,229,6429,1020,12018,229,18447,California
Tuolumne,2021-04-02,167,30426,9,7601,132,22552,26,273,90,6471,74,12092,116,18563,California
Tuolumne,2021-04-03,428,30854,35,7636,392,22944,1,274,239,6524,186,12278,239,18802,California
Tuolumne,2021-04-04,33,30887,3,7639,30,22974,0,274,20,6533,11,12289,20,18822,California
Tuolumne,2021-04-05,132,31019,19,7658,106,23080,7,281,59,6526,73,12362,66,18888,California
Tuolumne,2021-04-06,651,31670,516,8174,108,23188,27,308,516,6936,134,12496,544,19432,California
Tuolumne,2021-04-07,128,31798,37,8211,75,23263,16,324,50,6924,78,12574,66,19498,California
Tuolumne,2021-04-08,1450,33248,35,8246,1400,24663,15,339,248,5990,1197,13771,263,19761,California
Tuolumne,2021-04-09,274,33522,42,8288,189,24852,43,382,132,6027,142,13913,179,19940,California
Tuolumne,2021-04-10,54,33576,2,8290,32,24884,20,402,22,6038,31,13944,42,19982,California
Tuolumne,2021-04-11,18,33594,3,8293,12,24896,3,405,12,6047,6,13950,15,19997,California
Tuolumne,2021-04-12,173,33767,66,8359,102,24998,5,410,90,6064,78,14028,95,20092,California
Tuolumne,2021-04-13,788,34555,35,8394,753,25751,0,410,171,5627,608,14636,171,20263,California
Tuolumne,2021-04-14,157,34712,30,8424,127,25878,0,410,79,5633,74,14710,80,20343,California
Tuolumne,2021-04-15,345,35057,21,8445,324,26202,0,410,60,5415,278,14988,60,20403,California
Tuolumne,2021-04-16,256,35313,52,8497,204,26406,0,410,143,5455,104,15092,144,20547,California
Tuolumne,2021-04-17,44,35357,5,8502,39,26445,0,410,27,5465,17,15109,27,20574,California
Tuolumne,2021-04-18,9,35366,2,8504,7,26452,0,410,5,5467,4,15113,6,20580,California
Tuolumne,2021-04-19,176,35542,78,8582,98,26550,0,410,99,5491,75,15188,99,20679,California
Tuolumne,2021-04-20,709,36251,615,9197,94,26644,0,410,74,4938,627,15815,74,20753,California
Tuolumne,2021-04-21,117,36368,25,9222,92,26736,0,410,62,4950,50,15865,62,20815,California
Tuolumne,2021-04-22,711,37079,45,9267,666,27402,0,410,430,5109,272,16137,431,21246,California
Tuolumne,2021-04-23,172,37251,29,9296,143,27545,0,410,81,5103,88,16225,82,21328,California
Tuolumne,2021-04-24,78,37329,17,9313,61,27606,0,410,49,5123,29,16254,49,21377,California
Tuolumne,2021-04-25,25,37354,9,9322,16,27622,0,410,22,5142,3,16257,22,21399,California
Tuolumne,2021-04-26,156,37510,56,9378,100,27722,0,410,73,5134,82,16339,74,21473,California
Tuolumne,2021-04-27,139,37649,22,9400,110,27832,7,417,64,5133,72,16411,71,21544,California
Tuolumne,2021-04-28,113,37762,21,9421,81,27913,11,428,60,5152,52,16463,71,21615,California
Tuolumne,2021-04-29,279,38041,15,9436,256,28169,8,436,54,4993,221,16684,62,21677,California
Tuolumne,2021-04-30,366,38407,23,9459,331,28500,12,448,71,4785,291,16975,83,21760,California
Tuolumne,2021-05-01,25,38432,7,9466,13,28513,5,453,16,4797,9,16984,21,21781,California
Tuolumne,2021-05-02,26,38458,3,9469,21,28534,2,455,19,4811,7,16991,21,21802,California
Tuolumne,2021-05-03,111,38569,14,9483,92,28626,5,460,36,4779,73,17064,41,21843,California
Tuolumne,2021-05-04,707,39276,600,10083,103,28729,4,464,215,4506,491,17555,218,22061,California
Tuolumne,2021-05-05,110,39386,27,10110,77,28806,6,470,58,4521,49,17604,64,22125,California
Tuolumne,2021-05-06,289,39675,13,10123,260,29066,16,486,42,4335,243,17847,57,22182,California
Tuolumne,2021-05-07,329,40004,26,10149,295,29361,8,494,71,4157,257,18104,79,22261,California
Tuolumne,2021-05-08,47,40051,6,10155,37,29398,4,498,32,4178,15,18119,36,22297,California
Tuolumne,2021-05-09,17,40068,2,10157,13,29411,2,500,3,4169,14,18133,5,22302,California
Tuolumne,2021-05-10,113,40181,44,10201,63,29474,6,506,32,4127,80,18213,38,22340,California
Tuolumne,2021-05-11,202,40383,62,10263,128,29602,12,518,55,4048,146,18359,67,22407,California
Tuolumne,2021-05-12,130,40513,20,10283,106,29708,4,522,49,4020,81,18440,53,22460,California
Tuolumne,2021-05-13,116,40629,18,10301,90,29798,8,530,72,4055,44,18484,79,22539,California
Tuolumne,2021-05-14,206,40835,76,10377,120,29918,10,540,107,4075,97,18581,117,22656,California
Tuolumne,2021-05-15,56,40891,14,10391,35,29953,7,547,18,4063,38,18619,26,22682,California
Tuolumne,2021-05-16,26,40917,8,10399,16,29969,2,549,13,4065,13,18632,15,22697,California
Tuolumne,2021-05-17,110,41027,30,10429,77,30046,3,552,47,4053,63,18695,51,22748,California
Tuolumne,2021-05-18,178,41205,54,10483,77,30123,47,599,58,4039,119,18814,105,22853,California
Tuolumne,2021-05-19,119,41324,20,10503,66,30189,33,632,47,4048,71,18885,80,22933,California
Tuolumne,2021-05-20,405,41729,18,10521,382,30571,5,637,52,3754,351,19236,57,22990,California
Tuolumne,2021-05-21,197,41926,91,10612,101,30672,5,642,119,3801,77,19313,124,23114,California
Tuolumne,2021-05-22,57,41983,17,10629,34,30706,6,648,24,3798,32,19345,29,23143,California
Tuolumne,2021-05-23,27,42010,7,10636,19,30725,1,649,10,3792,17,19362,11,23154,California
Tuolumne,2021-05-24,134,42144,41,10677,87,30812,6,655,51,3767,82,19444,57,23211,California
Tuolumne,2021-05-25,295,42439,220,10897,69,30881,6,661,111,3701,183,19627,117,23328,California
Tuolumne,2021-05-26,87,42526,23,10920,62,30943,2,663,36,3688,51,19678,38,23366,California
Tuolumne,2021-05-27,75,42601,13,10933,59,31002,3,666,30,3677,44,19722,33,23399,California
Tuolumne,2021-05-28,111,42712,53,10986,57,31059,1,667,65,3699,44,19766,66,23465,California
Tuolumne,2021-05-29,38,42750,7,10993,25,31084,6,673,17,3701,21,19787,23,23488,California
Tuolumne,2021-05-30,18,42768,1,10994,14,31098,3,676,4,3694,14,19801,7,23495,California
Tuolumne,2021-05-31,10,42778,2,10996,7,31105,1,677,2,3689,8,19809,3,23498,California
Tuolumne,2021-06-01,75,42853,20,11016,52,31157,3,680,22,3662,52,19861,25,23523,California
Tuolumne,2021-06-02,73,42926,7,11023,58,31215,8,688,23,3644,49,19910,31,23554,California
Tuolumne,2021-06-03,76,43002,25,11048,36,31251,15,703,23,3630,52,19962,38,23592,California
Tuolumne,2021-06-04,132,43134,62,11110,67,31318,3,706,38,3579,92,20054,41,23633,California
Tuolumne,2021-06-05,40,43174,10,11120,28,31346,2,708,16,3574,23,20077,18,23651,California
Tuolumne,2021-06-06,18,43192,4,11124,7,31353,7,715,4,3571,14,20091,11,23662,California
Tuolumne,2021-06-07,59,43251,14,11138,37,31390,8,723,26,3572,33,20124,34,23696,California
Tuolumne,2021-06-08,73,43324,22,11160,50,31440,1,724,27,3556,44,20168,28,23724,California
Tuolumne,2021-06-09,87,43411,45,11205,32,31472,10,734,40,3560,46,20214,50,23774,California
Tuolumne,2021-06-10,95,43506,14,11219,74,31546,7,741,26,3524,69,20283,33,23807,California
Tuolumne,2021-06-11,101,43607,47,11266,51,31597,3,744,25,3477,75,20358,28,23835,California
Tuolumne,2021-06-12,60,43667,19,11285,25,31622,16,760,18,3471,40,20398,34,23869,California
Tuolumne,2021-06-13,17,43684,2,11287,10,31632,5,765,3,3465,14,20412,8,23877,California
Tuolumne,2021-06-14,92,43776,30,11317,58,31690,4,769,52,3481,40,20452,56,23933,California
Tuolumne,2021-06-15,130,43906,82,11399,39,31729,9,778,21,3404,107,20559,30,23963,California
Tuolumne,2021-06-16,91,43997,46,11445,42,31771,3,781,53,3422,38,20597,56,24019,California
Tuolumne,2021-06-17,19,44016,6,11451,13,31784,0,781,7,3417,12,20609,7,24026,California
Ventura,2020-12-15,5,5,5,5,0,0,0,0,5,5,0,0,5,5,California
Ventura,2020-12-16,73,78,73,78,0,0,0,0,73,78,0,0,73,78,California
Ventura,2020-12-17,251,329,251,329,0,0,0,0,251,329,0,0,251,329,California
Ventura,2020-12-18,1417,1746,1417,1746,0,0,0,0,1417,1746,0,0,1417,1746,California
Ventura,2020-12-19,912,2658,911,2657,1,1,0,0,912,2658,0,0,912,2658,California
Ventura,2020-12-20,432,3090,432,3089,0,1,0,0,432,3090,0,0,432,3090,California
Ventura,2020-12-21,1460,4550,1460,4549,0,1,0,0,1460,4550,0,0,1460,4550,California
Ventura,2020-12-22,1105,5655,1101,5650,4,5,0,0,1105,5655,0,0,1105,5655,California
Ventura,2020-12-23,1035,6690,984,6634,51,56,0,0,1035,6690,0,0,1035,6690,California
Ventura,2020-12-24,473,7163,376,7010,97,153,0,0,473,7163,0,0,473,7163,California
Ventura,2020-12-25,12,7175,7,7017,5,158,0,0,12,7175,0,0,12,7175,California
Ventura,2020-12-26,115,7290,94,7111,21,179,0,0,115,7290,0,0,115,7290,California
Ventura,2020-12-27,61,7351,29,7140,32,211,0,0,61,7351,0,0,61,7351,California
Ventura,2020-12-28,1072,8423,930,8070,142,353,0,0,1072,8423,0,0,1072,8423,California
Ventura,2020-12-29,1182,9605,775,8845,407,760,0,0,1182,9605,0,0,1182,9605,California
Ventura,2020-12-30,1992,11597,1529,10374,463,1223,0,0,1992,11597,0,0,1992,11597,California
Ventura,2020-12-31,481,12078,163,10537,318,1541,0,0,476,12068,5,5,476,12073,California
Ventura,2021-01-01,37,12115,14,10551,23,1564,0,0,37,12105,0,5,37,12110,California
Ventura,2021-01-02,170,12285,77,10628,93,1657,0,0,170,12275,0,5,170,12280,California
Ventura,2021-01-03,18,12303,8,10636,10,1667,0,0,18,12293,0,5,18,12298,California
Ventura,2021-01-04,1098,13401,556,11192,542,2209,0,0,1097,13390,0,5,1097,13395,California
Ventura,2021-01-05,1377,14778,782,11974,595,2804,0,0,1332,14677,45,50,1332,14727,California
Ventura,2021-01-06,2042,16820,1168,13142,874,3678,0,0,1619,15884,414,464,1621,16348,California
Ventura,2021-01-07,2067,18887,1322,14464,745,4423,0,0,1179,16179,885,1349,1180,17528,California
Ventura,2021-01-08,2200,21087,1476,15940,724,5147,0,0,907,15796,1291,2640,908,18436,California
Ventura,2021-01-09,713,21800,494,16434,219,5366,0,0,313,15709,400,3040,313,18749,California
Ventura,2021-01-10,341,22141,324,16758,17,5383,0,0,127,15622,214,3254,127,18876,California
Ventura,2021-01-11,2440,24581,1489,18247,951,6334,0,0,1486,16158,954,4208,1490,20366,California
Ventura,2021-01-12,3037,27618,1610,19857,1427,7761,0,0,2008,17137,1029,5237,2008,22374,California
Ventura,2021-01-13,2929,30547,1440,21297,1489,9250,0,0,2034,18280,892,6129,2035,24409,California
Ventura,2021-01-14,2722,33269,1052,22349,1670,10920,0,0,2279,20118,442,6571,2280,26689,California
Ventura,2021-01-15,2880,36149,964,23313,1916,12836,0,0,2665,22569,215,6786,2666,29355,California
Ventura,2021-01-16,479,36628,187,23500,292,13128,0,0,400,22890,79,6865,400,29755,California
Ventura,2021-01-17,262,36890,143,23643,119,13247,0,0,253,23135,8,6873,253,30008,California
Ventura,2021-01-18,2216,39106,1673,25316,543,13790,0,0,1667,24255,548,7421,1668,31676,California
Ventura,2021-01-19,3048,42154,2128,27444,920,14710,0,0,2147,25504,901,8322,2150,33826,California
Ventura,2021-01-20,4101,46255,3161,30605,940,15650,0,0,3041,27489,1057,9379,3042,36868,California
Ventura,2021-01-21,3854,50109,2702,33307,1152,16802,0,0,3173,29991,673,10052,3175,40043,California
Ventura,2021-01-22,3563,53672,2457,35764,1106,17908,0,0,3396,33221,167,10219,3397,43440,California
Ventura,2021-01-23,1144,54816,631,36395,513,18421,0,0,1047,34174,96,10315,1049,44489,California
Ventura,2021-01-24,439,55255,127,36522,312,18733,0,0,426,34587,13,10328,426,44915,California
Ventura,2021-01-25,3113,58368,2011,38533,1102,19835,0,0,2557,36590,555,10883,2558,47473,California
Ventura,2021-01-26,3672,62040,2206,40739,1466,21301,0,0,2665,38251,1004,11887,2665,50138,California
Ventura,2021-01-27,3425,65465,1543,42282,1882,23183,0,0,2673,40177,749,12636,2675,52813,California
Ventura,2021-01-28,3823,69288,1981,44263,1842,25025,0,0,3204,42778,604,13240,3205,56018,California
Ventura,2021-01-29,4260,73548,2526,46789,1734,26759,0,0,3757,46045,490,13730,3757,59775,California
Ventura,2021-01-30,3033,76581,1978,48767,1055,27814,0,0,2865,48747,164,13894,2866,62641,California
Ventura,2021-01-31,797,77378,418,49185,379,28193,0,0,710,49371,86,13980,710,63351,California
Ventura,2021-02-01,3955,81333,2114,51299,1841,30034,0,0,3176,51778,771,14751,3178,66529,California
Ventura,2021-02-02,4371,85704,2336,53635,2035,32069,0,0,3343,54099,1024,15775,3345,69874,California
Ventura,2021-02-03,4415,90119,2080,55715,2335,34404,0,0,3406,56502,1004,16779,3407,73281,California
Ventura,2021-02-04,4773,94892,2286,58001,2487,36891,0,0,3496,58732,1270,18049,3500,76781,California
Ventura,2021-02-05,4833,99725,2328,60329,2505,39396,0,0,3334,60582,1486,19535,3336,80117,California
Ventura,2021-02-06,2803,102528,1502,61831,1301,40697,0,0,2403,62586,399,19934,2403,82520,California
Ventura,2021-02-07,712,103240,229,62060,483,41180,0,0,584,63043,128,20062,585,83105,California
Ventura,2021-02-08,3522,106762,1641,63701,1881,43061,0,0,2431,64389,1086,21148,2432,85537,California
Ventura,2021-02-09,4695,111457,1965,65666,2730,45791,0,0,2452,64604,2240,23388,2455,87992,California
Ventura,2021-02-10,4673,116130,2218,67884,2455,48246,0,0,2372,64688,2289,25677,2373,90365,California
Ventura,2021-02-11,4642,120772,1854,69738,2788,51034,0,0,2435,64926,2200,27877,2438,92803,California
Ventura,2021-02-12,6275,127047,2639,72377,3636,54670,0,0,3222,65102,3046,30923,3222,96025,California
Ventura,2021-02-13,3261,130308,1812,74189,1449,56119,0,0,1823,65493,1434,32357,1825,97850,California
Ventura,2021-02-14,1194,131502,115,74304,1079,57198,0,0,992,66284,202,32559,993,98843,California
Ventura,2021-02-15,3966,135468,1785,76089,2181,59379,0,0,2105,66531,1858,34417,2105,100948,California
Ventura,2021-02-16,5513,140981,2689,78778,2824,62203,0,0,2992,67012,2511,36928,2992,103940,California
Ventura,2021-02-17,5251,146232,1890,80668,3361,65564,0,0,3323,68415,1920,38848,3323,107263,California
Ventura,2021-02-18,5745,151977,1810,82478,3935,69499,0,0,3638,69960,2093,40941,3638,110901,California
Ventura,2021-02-19,6455,158432,3751,86229,2704,72203,0,0,2998,69510,3451,44392,3001,113902,California
Ventura,2021-02-20,4917,163349,3167,89396,1750,73953,0,0,2744,70094,2164,46556,2748,116650,California
Ventura,2021-02-21,1062,164411,781,90177,281,74234,0,0,441,69919,616,47172,441,117091,California
Ventura,2021-02-22,5401,169812,2410,92587,2991,77225,0,0,3465,71458,1927,49099,3466,120557,California
Ventura,2021-02-23,5908,175720,2930,95517,2978,80203,0,0,3411,72392,2479,51578,3413,123970,California
Ventura,2021-02-24,7043,182763,2607,98124,4436,84639,0,0,4255,73878,2771,54349,4257,128227,California
Ventura,2021-02-25,7521,190284,2551,100675,4970,89609,0,0,4574,75520,2934,57283,4576,132803,California
Ventura,2021-02-26,9407,199691,2764,103439,6643,96252,0,0,6170,78482,3212,60495,6174,138977,California
Ventura,2021-02-27,10544,210235,5271,108710,5273,101525,0,0,7943,83852,2583,63078,7953,146930,California
Ventura,2021-02-28,2507,212742,1606,110316,900,102425,1,1,2060,85474,438,63516,2060,148990,California
Ventura,2021-03-01,7126,219868,2834,113150,4289,106714,3,4,4728,87838,2380,65896,4744,153734,California
Ventura,2021-03-02,7698,227566,4032,117182,3664,110378,2,6,5398,90947,2289,68185,5398,159132,California
Ventura,2021-03-03,8635,236201,3906,121088,4726,115104,3,9,6097,94533,2519,70704,6105,165237,California
Ventura,2021-03-04,8273,244474,3869,124957,4404,119508,0,9,5594,97467,2662,73366,5596,170833,California
Ventura,2021-03-05,10062,254536,4812,129769,5239,124747,11,20,7179,101798,2867,76233,7198,178031,California
Ventura,2021-03-06,7720,262256,4389,134158,3178,127925,153,173,5762,105766,1949,78182,5917,183948,California
Ventura,2021-03-07,1651,263907,610,134768,939,128864,102,275,1239,106695,412,78594,1341,185289,California
Ventura,2021-03-08,6831,270738,3439,138207,3239,132103,153,428,4725,109478,2098,80692,4881,190170,California
Ventura,2021-03-09,6821,277559,3011,141218,3620,135723,190,618,3960,110784,2848,83540,4154,194324,California
Ventura,2021-03-10,7021,284580,3014,144232,3768,139491,239,857,4704,113425,2301,85841,4942,199266,California
Ventura,2021-03-11,6529,291109,2883,147115,3334,142825,312,1169,3567,114356,2946,88787,3877,203143,California
Ventura,2021-03-12,8711,299820,3042,150157,4823,147648,846,2015,4273,115055,4418,93205,5117,208260,California
Ventura,2021-03-13,7258,307078,2499,152656,3927,151575,832,2847,4332,117301,2917,96122,5163,213423,California
Ventura,2021-03-14,2097,309175,466,153122,1132,152707,499,3346,706,117117,1390,97512,1206,214629,California
Ventura,2021-03-15,7086,316261,2030,155152,3705,156412,1351,4697,3143,117687,3918,101430,4488,219117,California
Ventura,2021-03-16,8146,324407,2452,157604,4580,160992,1114,5811,4218,119102,3915,105345,5330,224447,California
Ventura,2021-03-17,7690,332097,2790,160394,4558,165550,342,6153,4689,121155,2979,108324,5032,229479,California
Ventura,2021-03-18,7398,339495,3256,163650,3995,169545,147,6300,4830,123577,2555,110879,4977,234456,California
Ventura,2021-03-19,8635,348130,3778,167428,4746,174291,111,6411,5229,125535,3380,114259,5338,239794,California
Ventura,2021-03-20,8863,356993,5922,173350,2918,177209,23,6434,4608,125936,4231,118490,4632,244426,California
Ventura,2021-03-21,2776,359769,1514,174864,890,178099,372,6806,1305,126152,1457,119947,1673,246099,California
Ventura,2021-03-22,7398,367167,3677,178541,3619,181718,102,6908,4882,128642,2496,122443,4986,251085,California
Ventura,2021-03-23,8209,375376,3905,182446,4232,185950,72,6980,4600,129732,3580,126023,4670,255755,California
Ventura,2021-03-24,8934,384310,3413,185859,5445,191395,76,7056,4477,129861,4426,130449,4555,260310,California
Ventura,2021-03-25,8800,393110,3898,189757,4802,196197,100,7156,4449,130077,4332,134781,4548,264858,California
Ventura,2021-03-26,9955,403065,3359,193116,5940,202137,656,7812,4002,128811,5922,140703,4656,269514,California
Ventura,2021-03-27,8723,411788,3914,197030,4772,206909,37,7849,2402,124970,6281,146984,2440,271954,California
Ventura,2021-03-28,2498,414286,1408,198438,1082,207991,8,7857,1347,125180,1145,148129,1355,273309,California
Ventura,2021-03-29,8610,422896,4315,202753,4249,212240,46,7903,4257,125160,4323,152452,4303,277612,California
Ventura,2021-03-30,8982,431878,4452,207205,4401,216641,129,8032,4372,125065,4595,157047,4500,282112,California
Ventura,2021-03-31,10805,442683,4852,212057,5325,221966,628,8660,4679,124270,6099,163146,5304,287416,California
Ventura,2021-04-01,10872,453555,5268,217325,4729,226695,875,9535,5476,125264,5351,168497,6345,293761,California
Ventura,2021-04-02,11804,465359,4632,221957,5836,232531,1336,10871,5656,126143,6114,174611,6993,300754,California
Ventura,2021-04-03,8075,473434,4019,225976,2882,235413,1174,12045,3407,126061,4656,179267,4574,305328,California
Ventura,2021-04-04,1708,475142,956,226932,617,236030,135,12180,1143,126780,559,179826,1278,306606,California
Ventura,2021-04-05,9407,484549,4838,231770,3457,239487,1112,13292,4797,128089,4597,184423,5906,312512,California
Ventura,2021-04-06,10958,495507,5567,237337,3903,243390,1488,14780,5651,129946,5280,189703,7137,319649,California
Ventura,2021-04-07,11465,506972,5389,242726,4579,247969,1497,16277,5248,130488,6196,195899,6738,326387,California
Ventura,2021-04-08,10444,517416,5271,247997,4194,252163,979,17256,5220,131479,5199,201098,6190,332577,California
Ventura,2021-04-09,11347,528763,4353,252350,5264,257427,1730,18986,4965,131809,6357,207455,6687,339264,California
Ventura,2021-04-10,9849,538612,4160,256510,3526,260953,2163,21149,3062,130261,6768,214223,5220,344484,California
Ventura,2021-04-11,2432,541044,850,257360,1007,261960,575,21724,680,129772,1742,215965,1253,345737,California
Ventura,2021-04-12,9060,550104,4498,261858,3728,265688,834,22558,3803,129164,5240,221205,4632,350369,California
Ventura,2021-04-13,8909,559013,4532,266390,4371,270059,6,22564,3769,127838,5101,226306,3775,354144,California
Ventura,2021-04-14,8853,567866,4122,270512,4716,274775,15,22579,3412,125870,5403,231709,3435,357579,California
Ventura,2021-04-15,9460,577326,4585,275097,4848,279623,27,22606,4151,124775,5273,236982,4178,361757,California
Ventura,2021-04-16,10212,587538,4479,279576,5731,285354,2,22608,4829,124253,5360,242342,4838,366595,California
Ventura,2021-04-17,8993,596531,5374,284950,3605,288959,14,22622,5243,125783,3733,246075,5263,371858,California
Ventura,2021-04-18,2123,598654,1007,285957,1116,290075,0,22622,910,125487,1206,247281,910,372768,California
Ventura,2021-04-19,8104,606758,4838,290795,3264,293339,2,22624,4679,126770,3400,250681,4683,377451,California
Ventura,2021-04-20,9319,616077,4915,295710,4399,297738,5,22629,4398,126285,4896,255577,4411,381862,California
Ventura,2021-04-21,8983,625060,4599,300309,4379,302117,5,22634,4313,125948,4656,260233,4319,386181,California
Ventura,2021-04-22,10061,635121,5480,305789,4581,306698,0,22634,4496,124900,5545,265778,4497,390678,California
Ventura,2021-04-23,10881,646002,5375,311164,5505,312203,1,22635,5427,124902,5426,271204,5428,396106,California
Ventura,2021-04-24,10511,656513,5878,317042,4633,316836,0,22635,6184,126778,4309,275513,6185,402291,California
Ventura,2021-04-25,2468,658981,1712,318754,756,317592,0,22635,1158,126629,1307,276820,1158,403449,California
Ventura,2021-04-26,7924,666905,4522,323276,3335,320927,67,22702,3307,125411,4587,281407,3369,406818,California
Ventura,2021-04-27,9142,676047,5092,328368,3826,324753,224,22926,3447,123403,5677,287084,3669,410487,California
Ventura,2021-04-28,8340,684387,4822,333190,3200,327953,318,23244,3268,121942,5048,292132,3587,414074,California
Ventura,2021-04-29,7868,692255,4215,337405,3389,331342,264,23508,2789,119943,5051,297183,3052,417126,California
Ventura,2021-04-30,9417,701672,5424,342829,3720,335062,273,23781,3897,118616,5486,302669,4159,421285,California
Ventura,2021-05-01,5095,706767,3613,346442,1379,336441,103,23884,2020,117688,3050,305719,2122,423407,California
Ventura,2021-05-02,2117,708884,1420,347862,609,337050,88,23972,1022,117708,1091,306810,1111,424518,California
Ventura,2021-05-03,6267,715151,3856,351718,2133,339183,278,24250,1966,115669,4281,311091,2242,426760,California
Ventura,2021-05-04,6331,721482,3287,355005,2752,341935,292,24542,2297,114239,4019,315110,2589,429349,California
Ventura,2021-05-05,5367,726849,2978,357983,2131,344066,258,24800,1931,113014,3408,318518,2183,431532,California
Ventura,2021-05-06,6212,733061,3202,361185,2743,346809,267,25067,1995,111080,4197,322715,2263,433795,California
Ventura,2021-05-07,6802,739863,3357,364542,3174,349983,271,25338,2340,109257,4433,327148,2610,436405,California
Ventura,2021-05-08,5340,745203,4143,368685,1039,351022,158,25496,1218,106524,4107,331255,1374,437779,California
Ventura,2021-05-09,1029,746232,724,369409,259,351281,46,25542,385,106317,637,331892,430,438209,California
Ventura,2021-05-10,6118,752350,4076,373485,1830,353111,212,25754,1388,103198,4718,336610,1599,439808,California
Ventura,2021-05-11,5303,757653,3263,376748,1815,354926,225,25979,1528,101187,3764,340374,1753,441561,California
Ventura,2021-05-12,4962,762615,2891,379639,1853,356779,218,26197,1538,99536,3408,343782,1757,443318,California
Ventura,2021-05-13,6248,768863,3745,383384,2293,359072,210,26407,2218,97952,4015,347797,2431,445749,California
Ventura,2021-05-14,7276,776139,4450,387834,2624,361696,202,26609,2739,96371,4519,352316,2938,448687,California
Ventura,2021-05-15,6694,782833,5350,393184,1261,362957,83,26692,2785,95354,3886,356202,2869,451556,California
Ventura,2021-05-16,2167,785000,1676,394860,438,363395,53,26745,1018,95281,1144,357346,1071,452627,California
Ventura,2021-05-17,5871,790871,3544,398404,2112,365507,215,26960,2417,94476,3436,360782,2631,455258,California
Ventura,2021-05-18,5392,796263,3162,401566,2050,367557,180,27140,2144,93570,3229,364011,2323,457581,California
Ventura,2021-05-19,5831,802094,3522,405088,2099,369656,210,27350,2386,92743,3419,367430,2592,460173,California
Ventura,2021-05-20,5452,807546,3021,408109,2275,371931,156,27506,2147,91766,3276,370706,2299,462472,California
Ventura,2021-05-21,7909,815455,4457,412566,3276,375207,176,27682,2584,89232,5293,375999,2759,465231,California
Ventura,2021-05-22,5605,821060,2852,415418,2678,377885,75,27757,1756,87223,3840,379839,1831,467062,California
Ventura,2021-05-23,1931,822991,1473,416891,387,378272,71,27828,725,86820,1199,381038,796,467858,California
Ventura,2021-05-24,4511,827502,2435,419326,1910,380182,166,27994,1434,85357,3060,384098,1597,469455,California
Ventura,2021-05-25,4279,831781,2215,421541,1912,382094,152,28146,1417,84081,2844,386942,1568,471023,California
Ventura,2021-05-26,4266,836047,2274,423815,1829,383923,163,28309,1657,83310,2591,389533,1820,472843,California
Ventura,2021-05-27,3847,839894,1893,425708,1826,385749,128,28437,1372,82347,2462,391995,1499,474342,California
Ventura,2021-05-28,4557,844451,2475,428183,1890,387639,192,28629,1984,81965,2555,394550,2173,476515,California
Ventura,2021-05-29,2131,846582,1332,429515,732,388371,67,28696,1032,81976,1088,395638,1099,477614,California
Ventura,2021-05-30,898,847480,576,430091,269,388640,53,28749,369,81871,527,396165,422,478036,California
Ventura,2021-05-31,255,847735,136,430227,109,388749,10,28759,60,81746,195,396360,70,478106,California
Ventura,2021-06-01,3981,851716,2270,432497,1548,390297,163,28922,1301,80550,2660,399020,1464,479570,California
Ventura,2021-06-02,2952,854668,1625,434122,1191,391488,136,29058,1022,79792,1916,400936,1158,480728,California
Ventura,2021-06-03,3234,857902,1995,436117,1085,392573,154,29212,917,78558,2305,403241,1071,481799,California
Ventura,2021-06-04,4571,862473,3002,439119,1409,393982,160,29372,1479,77119,3078,406319,1639,483438,California
Ventura,2021-06-05,3803,866276,3175,442294,565,394547,63,29435,1166,75723,2625,408944,1229,484667,California
Ventura,2021-06-06,1240,867516,1059,443353,136,394683,45,29480,291,75119,939,409883,335,485002,California
Ventura,2021-06-07,3159,870675,2349,445702,700,395383,110,29590,957,73998,2187,412070,1066,486068,California
Ventura,2021-06-08,2997,873672,1975,447677,894,396277,128,29718,881,72903,2104,414174,1009,487077,California
Ventura,2021-06-09,2940,876612,2039,449716,791,397068,110,29828,765,71613,2164,416338,874,487951,California
Ventura,2021-06-10,3017,879629,2111,451827,804,397872,102,29930,814,70337,2191,418529,915,488866,California
Ventura,2021-06-11,3450,883079,2372,454199,944,398816,134,30064,975,68978,2465,420994,1106,489972,California
Ventura,2021-06-12,2134,885213,1678,455877,413,399229,43,30107,509,67912,1618,422612,552,490524,California
Ventura,2021-06-13,1001,886214,765,456642,172,399401,64,30171,235,67446,765,423377,299,490823,California
Ventura,2021-06-14,2617,888831,1788,458430,706,400107,123,30294,812,66588,1793,425170,935,491758,California
Ventura,2021-06-15,2380,891211,1533,459963,741,400848,106,30400,827,65979,1541,426711,932,492690,California
Ventura,2021-06-16,2350,893561,1731,461694,520,401368,99,30499,783,65309,1551,428262,881,493571,California
Ventura,2021-06-17,1033,894594,699,462393,275,401643,59,30558,361,65060,669,428931,420,493991,California
Yolo,2020-12-15,39,39,39,39,0,0,0,0,39,39,0,0,39,39,California
Yolo,2020-12-16,78,117,78,117,0,0,0,0,78,117,0,0,78,117,California
Yolo,2020-12-17,107,224,107,224,0,0,0,0,107,224,0,0,107,224,California
Yolo,2020-12-18,230,454,230,454,0,0,0,0,230,454,0,0,230,454,California
Yolo,2020-12-19,87,541,87,541,0,0,0,0,87,541,0,0,87,541,California
Yolo,2020-12-20,104,645,104,645,0,0,0,0,104,645,0,0,104,645,California
Yolo,2020-12-21,253,898,253,898,0,0,0,0,253,898,0,0,253,898,California
Yolo,2020-12-22,383,1281,382,1280,1,1,0,0,383,1281,0,0,383,1281,California
Yolo,2020-12-23,437,1718,418,1698,19,20,0,0,437,1718,0,0,437,1718,California
Yolo,2020-12-24,152,1870,94,1792,58,78,0,0,152,1870,0,0,152,1870,California
Yolo,2020-12-25,1,1871,1,1793,0,78,0,0,1,1871,0,0,1,1871,California
Yolo,2020-12-26,75,1946,25,1818,50,128,0,0,75,1946,0,0,75,1946,California
Yolo,2020-12-27,47,1993,20,1838,27,155,0,0,47,1993,0,0,47,1993,California
Yolo,2020-12-28,351,2344,180,2018,171,326,0,0,351,2344,0,0,351,2344,California
Yolo,2020-12-29,491,2835,268,2286,223,549,0,0,491,2835,0,0,491,2835,California
Yolo,2020-12-30,633,3468,262,2548,371,920,0,0,633,3468,0,0,633,3468,California
Yolo,2020-12-31,187,3655,94,2642,93,1013,0,0,187,3655,0,0,187,3655,California
Yolo,2021-01-01,57,3712,55,2697,2,1015,0,0,57,3712,0,0,57,3712,California
Yolo,2021-01-02,69,3781,26,2723,43,1058,0,0,69,3781,0,0,69,3781,California
Yolo,2021-01-03,45,3826,19,2742,26,1084,0,0,45,3826,0,0,45,3826,California
Yolo,2021-01-04,192,4018,41,2783,151,1235,0,0,192,4018,0,0,192,4018,California
Yolo,2021-01-05,618,4636,238,3021,380,1615,0,0,556,4512,62,62,556,4574,California
Yolo,2021-01-06,486,5122,183,3204,303,1918,0,0,346,4718,140,202,346,4920,California
Yolo,2021-01-07,718,5840,233,3437,485,2403,0,0,527,5055,190,392,527,5447,California
Yolo,2021-01-08,633,6473,311,3748,322,2725,0,0,409,5241,223,615,409,5856,California
Yolo,2021-01-09,423,6896,69,3817,354,3079,0,0,377,5572,46,661,377,6233,California
Yolo,2021-01-10,404,7300,79,3896,325,3404,0,0,334,5836,70,731,334,6567,California
Yolo,2021-01-11,563,7863,329,4225,234,3638,0,0,287,5849,276,1007,289,6856,California
Yolo,2021-01-12,486,8349,368,4593,118,3756,0,0,176,5716,310,1317,177,7033,California
Yolo,2021-01-13,769,9118,312,4905,457,4213,0,0,518,5983,251,1568,518,7551,California
Yolo,2021-01-14,381,9499,182,5087,199,4412,0,0,278,6158,103,1671,278,7829,California
Yolo,2021-01-15,632,10131,325,5412,307,4719,0,0,550,6627,82,1753,551,8380,California
Yolo,2021-01-16,744,10875,90,5502,654,5373,0,0,713,7309,31,1784,713,9093,California
Yolo,2021-01-17,188,11063,118,5620,70,5443,0,0,181,7483,7,1791,181,9274,California
Yolo,2021-01-18,485,11548,306,5926,179,5622,0,0,380,7758,105,1896,380,9654,California
Yolo,2021-01-19,553,12101,369,6295,184,5806,0,0,379,7963,174,2070,379,10033,California
Yolo,2021-01-20,659,12760,379,6674,280,6086,0,0,471,8247,187,2257,471,10504,California
Yolo,2021-01-21,649,13409,386,7060,263,6349,0,0,464,8526,185,2442,464,10968,California
Yolo,2021-01-22,752,14161,252,7312,500,6849,0,0,636,9048,114,2556,636,11604,California
Yolo,2021-01-23,613,14774,122,7434,491,7340,0,0,566,9567,47,2603,566,12170,California
Yolo,2021-01-24,208,14982,123,7557,85,7425,0,0,167,9693,41,2644,167,12337,California
Yolo,2021-01-25,730,15712,159,7716,571,7996,0,0,506,9975,224,2868,506,12843,California
Yolo,2021-01-26,829,16541,329,8045,500,8496,0,0,434,10014,395,3263,434,13277,California
Yolo,2021-01-27,547,17088,216,8261,331,8827,0,0,371,10209,176,3439,371,13648,California
Yolo,2021-01-28,1053,18141,565,8826,488,9315,0,0,926,11008,127,3566,926,14574,California
Yolo,2021-01-29,897,19038,262,9088,635,9950,0,0,810,11732,86,3652,810,15384,California
Yolo,2021-01-30,1525,20563,928,10016,597,10547,0,0,1405,13023,114,3766,1405,16789,California
Yolo,2021-01-31,240,20803,202,10218,38,10585,0,0,211,13206,28,3794,211,17000,California
Yolo,2021-02-01,847,21650,361,10579,486,11071,0,0,613,13589,230,4024,613,17613,California
Yolo,2021-02-02,1341,22991,755,11334,586,11657,0,0,929,14107,412,4436,930,18543,California
Yolo,2021-02-03,1522,24513,398,11732,1124,12781,0,0,1180,14948,339,4775,1180,19723,California
Yolo,2021-02-04,1785,26298,282,12014,1503,14284,0,0,1229,15633,545,5320,1230,20953,California
Yolo,2021-02-05,1604,27902,912,12926,692,14976,0,0,1199,16429,404,5724,1200,22153,California
Yolo,2021-02-06,1954,29856,1269,14195,685,15661,0,0,1580,17636,374,6098,1581,23734,California
Yolo,2021-02-07,527,30383,246,14441,281,15942,0,0,168,17446,358,6456,168,23902,California
Yolo,2021-02-08,943,31326,328,14769,615,16557,0,0,604,17714,336,6792,604,24506,California
Yolo,2021-02-09,857,32183,385,15154,472,17029,0,0,573,18003,284,7076,573,25079,California
Yolo,2021-02-10,1465,33648,474,15628,991,18020,0,0,832,18204,633,7709,834,25913,California
Yolo,2021-02-11,1577,35225,812,16440,765,18785,0,0,1180,18987,397,8106,1180,27093,California
Yolo,2021-02-12,1917,37142,761,17201,1156,19941,0,0,1440,19954,473,8579,1440,28533,California
Yolo,2021-02-13,2056,39198,711,17912,1345,21286,0,0,1380,20658,676,9255,1380,29913,California
Yolo,2021-02-14,560,39758,151,18063,409,21695,0,0,436,20971,123,9378,436,30349,California
Yolo,2021-02-15,551,40309,210,18273,341,22036,0,0,280,20981,271,9649,281,30630,California
Yolo,2021-02-16,1127,41436,424,18697,703,22739,0,0,804,21463,323,9972,805,31435,California
Yolo,2021-02-17,1388,42824,702,19399,686,23425,0,0,995,22065,393,10365,995,32430,California
Yolo,2021-02-18,2483,45307,807,20206,1676,25101,0,0,1714,23012,768,11133,1715,34145,California
Yolo,2021-02-19,1750,47057,746,20952,1004,26105,0,0,1127,23518,621,11754,1127,35272,California
Yolo,2021-02-20,2464,49521,958,21910,1506,27611,0,0,1377,23814,1082,12836,1378,36650,California
Yolo,2021-02-21,288,49809,227,22137,61,27672,0,0,75,23677,212,13048,75,36725,California
Yolo,2021-02-22,1366,51175,597,22734,769,28441,0,0,695,23702,670,13718,695,37420,California
Yolo,2021-02-23,1133,52308,850,23584,283,28724,0,0,436,23442,696,14414,436,37856,California
Yolo,2021-02-24,2085,54393,593,24177,1492,30216,0,0,1382,24123,701,15115,1382,39238,California
Yolo,2021-02-25,1391,55784,488,24665,903,31119,0,0,919,24571,471,15586,919,40157,California
Yolo,2021-02-26,2620,58404,1030,25695,1590,32709,0,0,1377,24708,1240,16826,1377,41534,California
Yolo,2021-02-27,1686,60090,787,26482,899,33608,0,0,1236,25494,450,17276,1236,42770,California
Yolo,2021-02-28,1844,61934,1543,28025,301,33909,0,0,720,25093,1122,18398,721,43491,California
Yolo,2021-03-01,1136,63070,371,28396,765,34674,0,0,686,25331,448,18846,686,44177,California
Yolo,2021-03-02,1478,64548,697,29093,781,35455,0,0,946,25745,532,19378,946,45123,California
Yolo,2021-03-03,1868,66416,646,29739,1222,36677,0,0,845,25569,1021,20399,845,45968,California
Yolo,2021-03-04,2911,69327,1474,31213,1437,38114,0,0,1563,25787,1345,21744,1563,47531,California
Yolo,2021-03-05,2354,71681,1409,32622,934,39048,11,11,1463,26372,889,22633,1474,49005,California
Yolo,2021-03-06,1501,73182,1153,33775,319,39367,29,40,860,26622,639,23272,889,49894,California
Yolo,2021-03-07,913,74095,680,34455,219,39586,14,54,780,27283,133,23405,794,50688,California
Yolo,2021-03-08,1112,75207,501,34956,568,40154,43,97,763,27744,346,23751,807,51495,California
Yolo,2021-03-09,1267,76474,676,35632,528,40682,63,160,777,28096,488,24239,840,52335,California
Yolo,2021-03-10,1834,78308,1069,36701,474,41156,291,451,759,28068,1071,25310,1043,53378,California
Yolo,2021-03-11,2335,80643,1604,38305,665,41821,66,517,1603,29007,731,26041,1670,55048,California
Yolo,2021-03-12,2907,83550,1354,39659,1472,43293,81,598,1372,28932,1527,27568,1452,56500,California
Yolo,2021-03-13,1842,85392,726,40385,939,44232,177,775,996,29262,843,28411,1173,57673,California
Yolo,2021-03-14,1014,86406,206,40591,659,44891,149,924,538,29468,475,28886,681,58354,California
Yolo,2021-03-15,1323,87729,771,41362,368,45259,184,1108,711,29750,610,29496,892,59246,California
Yolo,2021-03-16,1889,89618,726,42088,1091,46350,72,1180,1123,30179,766,30262,1195,60441,California
Yolo,2021-03-17,2511,92129,988,43076,1449,47799,74,1254,1719,31215,789,31051,1825,62266,California
Yolo,2021-03-18,3027,95156,1036,44112,1770,49569,221,1475,1255,30923,1768,32819,1476,63742,California
Yolo,2021-03-19,2087,97243,865,44977,1153,50722,69,1544,1084,31080,996,33815,1153,64895,California
Yolo,2021-03-20,2774,100017,822,45799,1908,52630,44,1588,1087,30531,1682,35497,1133,66028,California
Yolo,2021-03-21,312,100329,211,46010,93,52723,8,1596,205,30638,106,35603,213,66241,California
Yolo,2021-03-22,1403,101732,485,46495,858,53581,60,1656,917,31131,483,36086,976,67217,California
Yolo,2021-03-23,1738,103470,940,47435,741,54322,57,1713,1065,31580,672,36758,1121,68338,California
Yolo,2021-03-24,2870,106340,1405,48840,1415,55737,50,1763,1396,31565,1462,38220,1447,69785,California
Yolo,2021-03-25,2549,108889,1417,50257,1104,56841,28,1791,1256,31567,1282,39502,1284,71069,California
Yolo,2021-03-26,2389,111278,1256,51513,1114,57955,19,1810,1019,31242,1362,40864,1037,72106,California
Yolo,2021-03-27,1658,112936,468,51981,1172,59127,18,1828,747,31097,910,41774,765,72871,California
Yolo,2021-03-28,1111,114047,866,52847,226,59353,19,1847,251,30511,855,42629,269,73140,California
Yolo,2021-03-29,2012,116059,814,53661,1168,60521,30,1877,958,30449,1050,43679,988,74128,California
Yolo,2021-03-30,2274,118333,1084,54745,1172,61693,18,1895,1167,30532,1102,44781,1185,75313,California
Yolo,2021-03-31,2355,120688,1231,55976,1087,62780,37,1932,1172,30559,1182,45963,1209,76522,California
Yolo,2021-04-01,3849,124537,1861,57837,1513,64293,475,2407,1611,30409,2235,48198,2085,78607,California
Yolo,2021-04-02,3387,127924,1518,59355,1723,66016,146,2553,2106,31386,1275,49473,2252,80859,California
Yolo,2021-04-03,1825,129749,1102,60457,504,66520,219,2772,815,31411,1009,50482,1034,81893,California
Yolo,2021-04-04,394,130143,156,60613,176,66696,62,2834,147,31373,247,50729,209,82102,California
Yolo,2021-04-05,1926,132069,741,61354,1085,67781,100,2934,1020,31593,901,51630,1121,83223,California
Yolo,2021-04-06,2584,134653,1325,62679,1087,68868,172,3106,1299,31790,1275,52905,1472,84695,California
Yolo,2021-04-07,2981,137634,1524,64203,1102,69970,355,3461,1919,33012,1056,53961,2278,86973,California
Yolo,2021-04-08,2418,140052,1003,65206,941,70911,474,3935,1022,33112,1393,55354,1493,88466,California
Yolo,2021-04-09,2572,142624,918,66124,1091,72002,563,4498,851,32801,1717,57071,1406,89872,California
Yolo,2021-04-10,1754,144378,822,66946,749,72751,183,4681,1038,33308,713,57784,1220,91092,California
Yolo,2021-04-11,931,145309,285,67231,576,73327,70,4751,371,33191,557,58341,440,91532,California
Yolo,2021-04-12,1773,147082,522,67753,1109,74436,142,4893,1104,33771,666,59007,1246,92778,California
Yolo,2021-04-13,1988,149070,916,68669,1072,75508,0,4893,1045,33874,942,59949,1045,93823,California
Yolo,2021-04-14,2805,151875,770,69439,2035,77543,0,4893,1387,33850,1412,61361,1388,95211,California
Yolo,2021-04-15,3349,155224,1138,70577,2211,79754,0,4893,2302,35112,1041,62402,2303,97514,California
Yolo,2021-04-16,3064,158288,1980,72557,1084,80838,0,4893,1967,35990,1090,63492,1968,99482,California
Yolo,2021-04-17,1600,159888,471,73028,1129,81967,0,4893,831,36055,766,64258,831,100313,California
Yolo,2021-04-18,631,160519,304,73332,327,82294,0,4893,350,36128,277,64535,350,100663,California
Yolo,2021-04-19,1666,162185,714,74046,951,83245,1,4894,763,35995,898,65433,765,101428,California
Yolo,2021-04-20,2006,164191,1015,75061,991,84236,0,4894,1081,36153,923,66356,1081,102509,California
Yolo,2021-04-21,1977,166168,986,76047,991,85227,0,4894,1072,36324,901,67257,1072,103581,California
Yolo,2021-04-22,1930,168098,871,76918,1059,86286,0,4894,959,36318,966,68223,960,104541,California
Yolo,2021-04-23,2611,170709,1531,78449,1080,87366,0,4894,1155,36028,1445,69668,1155,105696,California
Yolo,2021-04-24,1160,171869,642,79091,515,87881,3,4897,455,35789,697,70365,458,106154,California
Yolo,2021-04-25,948,172817,406,79497,542,88423,0,4897,725,36292,222,70587,725,106879,California
Yolo,2021-04-26,1234,174051,489,79986,742,89165,3,4900,528,36120,704,71291,532,107411,California
Yolo,2021-04-27,1543,175594,723,80709,801,89966,19,4919,603,35804,940,72231,624,108035,California
Yolo,2021-04-28,2032,177626,1003,81712,1002,90968,27,4946,731,35265,1297,73528,758,108793,California
Yolo,2021-04-29,1749,179375,814,82526,853,91821,82,5028,694,34988,1052,74580,775,109568,California
Yolo,2021-04-30,2010,181385,997,83523,956,92777,57,5085,965,34970,1039,75619,1021,110589,California
Yolo,2021-05-01,1281,182666,993,84516,268,93045,20,5105,372,34454,908,76527,392,110981,California
Yolo,2021-05-02,522,183188,430,84946,69,93114,23,5128,325,34605,197,76724,348,111329,California
Yolo,2021-05-03,1117,184305,404,85350,680,93794,33,5161,296,34114,819,77543,328,111657,California
Yolo,2021-05-04,1441,185746,664,86014,753,94547,24,5185,497,33695,940,78483,521,112178,California
Yolo,2021-05-05,1552,187298,427,86441,1060,95607,65,5250,448,33111,1097,79580,513,112691,California
Yolo,2021-05-06,1489,188787,692,87133,717,96324,80,5330,485,32684,992,80572,565,113256,California
Yolo,2021-05-07,2306,191093,1389,88522,866,97190,51,5381,460,31355,1838,82410,509,113765,California
Yolo,2021-05-08,841,191934,359,88881,426,97616,56,5437,313,31198,525,82935,368,114133,California
Yolo,2021-05-09,392,192326,161,89042,218,97834,13,5450,87,30994,304,83239,100,114233,California
Yolo,2021-05-10,904,193230,354,89396,505,98339,45,5495,152,30440,750,83989,196,114429,California
Yolo,2021-05-11,1144,194374,663,90059,459,98798,22,5517,277,29876,863,84852,299,114728,California
Yolo,2021-05-12,1571,195945,701,90760,837,99635,33,5550,315,28974,1253,86105,351,115079,California
Yolo,2021-05-13,2171,198116,849,91609,1266,100901,56,5606,644,28151,1523,87628,700,115779,California
Yolo,2021-05-14,2030,200146,1516,93125,483,101384,31,5637,1156,28467,871,88499,1187,116966,California
Yolo,2021-05-15,1245,201391,709,93834,489,101873,47,5684,647,28563,598,89097,694,117660,California
Yolo,2021-05-16,1407,202798,1199,95033,202,102075,6,5690,990,29147,412,89509,996,118656,California
Yolo,2021-05-17,1081,203879,395,95428,667,102742,19,5709,315,28719,762,90271,334,118990,California
Yolo,2021-05-18,1692,205571,1110,96538,563,103305,19,5728,916,28883,771,91042,935,119925,California
Yolo,2021-05-19,998,206569,577,97115,382,103687,39,5767,485,28896,511,91553,524,120449,California
Yolo,2021-05-20,1087,207656,691,97806,370,104057,26,5793,387,28615,694,92247,413,120862,California
Yolo,2021-05-21,1438,209094,935,98741,476,104533,27,5820,374,27955,1059,93306,399,121261,California
Yolo,2021-05-22,815,209909,537,99278,270,104803,8,5828,280,27713,530,93836,288,121549,California
Yolo,2021-05-23,618,210527,165,99443,436,105239,17,5845,108,27330,509,94345,126,121675,California
Yolo,2021-05-24,700,211227,341,99784,339,105578,20,5865,218,27089,480,94825,239,121914,California
Yolo,2021-05-25,875,212102,506,100290,347,105925,22,5887,343,26927,527,95352,365,122279,California
Yolo,2021-05-26,808,212910,268,100558,508,106433,32,5919,258,26671,546,95898,290,122569,California
Yolo,2021-05-27,756,213666,381,100939,327,106760,48,5967,305,26577,447,96345,353,122922,California
Yolo,2021-05-28,870,214536,394,101333,446,107206,30,5997,377,26494,489,96834,406,123328,California
Yolo,2021-05-29,591,215127,341,101674,213,107419,37,6034,272,26484,317,97151,307,123635,California
Yolo,2021-05-30,135,215262,70,101744,58,107477,7,6041,55,26468,78,97229,62,123697,California
Yolo,2021-05-31,70,215332,18,101762,48,107525,4,6045,16,26433,54,97283,19,123716,California
Yolo,2021-06-01,748,216080,323,102085,400,107925,25,6070,256,26228,486,97769,281,123997,California
Yolo,2021-06-02,754,216834,300,102385,433,108358,21,6091,234,25966,517,98286,255,124252,California
Yolo,2021-06-03,912,217746,587,102972,303,108661,22,6113,217,25513,692,98978,239,124491,California
Yolo,2021-06-04,1490,219236,1215,104187,252,108913,23,6136,380,24809,1106,100084,402,124893,California
Yolo,2021-06-05,724,219960,552,104739,155,109068,17,6153,166,24434,558,100642,183,125076,California
Yolo,2021-06-06,1110,221070,1046,105785,56,109124,8,6161,175,23683,934,101576,183,125259,California
Yolo,2021-06-07,520,221590,271,106056,228,109352,21,6182,175,23537,341,101917,195,125454,California
Yolo,2021-06-08,1039,222629,808,106864,212,109564,19,6201,199,22916,839,102756,218,125672,California
Yolo,2021-06-09,780,223409,484,107348,266,109830,30,6231,260,22688,517,103273,289,125961,California
Yolo,2021-06-10,570,223979,364,107712,174,110004,32,6263,168,22488,400,103673,200,126161,California
Yolo,2021-06-11,652,224631,442,108154,185,110189,25,6288,195,22253,455,104128,220,126381,California
Yolo,2021-06-12,449,225080,277,108431,147,110336,25,6313,125,22081,322,104450,150,126531,California
Yolo,2021-06-13,154,225234,115,108546,38,110374,1,6314,63,22055,90,104540,64,126595,California
Yolo,2021-06-14,409,225643,254,108800,123,110497,32,6346,139,21958,269,104809,172,126767,California
Yolo,2021-06-15,765,226408,395,109195,344,110841,26,6372,292,21806,470,105279,318,127085,California
Yolo,2021-06-16,459,226867,240,109435,179,111020,40,6412,163,21713,294,105573,201,127286,California
Yolo,2021-06-17,268,227135,167,109602,66,111086,35,6447,76,21632,192,105765,111,127397,California
Yuba,2020-12-16,4,4,4,4,0,0,0,0,4,4,0,0,4,4,California
Yuba,2020-12-17,4,8,4,8,0,0,0,0,4,8,0,0,4,8,California
Yuba,2020-12-18,7,15,7,15,0,0,0,0,7,15,0,0,7,15,California
Yuba,2020-12-19,12,27,12,27,0,0,0,0,12,27,0,0,12,27,California
Yuba,2020-12-20,19,46,19,46,0,0,0,0,19,46,0,0,19,46,California
Yuba,2020-12-21,41,87,41,87,0,0,0,0,41,87,0,0,41,87,California
Yuba,2020-12-22,84,171,84,171,0,0,0,0,84,171,0,0,84,171,California
Yuba,2020-12-23,65,236,63,234,2,2,0,0,65,236,0,0,65,236,California
Yuba,2020-12-24,21,257,11,245,10,12,0,0,21,257,0,0,21,257,California
Yuba,2020-12-26,14,271,13,258,1,13,0,0,14,271,0,0,14,271,California
Yuba,2020-12-27,15,286,15,273,0,13,0,0,15,286,0,0,15,286,California
Yuba,2020-12-28,50,336,34,307,16,29,0,0,50,336,0,0,50,336,California
Yuba,2020-12-29,75,411,10,317,65,94,0,0,75,411,0,0,75,411,California
Yuba,2020-12-30,66,477,21,338,45,139,0,0,66,477,0,0,66,477,California
Yuba,2020-12-31,37,514,6,344,31,170,0,0,37,514,0,0,37,514,California
Yuba,2021-01-02,23,537,22,366,1,171,0,0,23,537,0,0,23,537,California
Yuba,2021-01-03,10,547,6,372,4,175,0,0,10,547,0,0,10,547,California
Yuba,2021-01-04,92,639,23,395,69,244,0,0,92,639,0,0,92,639,California
Yuba,2021-01-05,73,712,39,434,34,278,0,0,72,710,1,1,72,711,California
Yuba,2021-01-06,154,866,76,510,78,356,0,0,148,852,6,7,148,859,California
Yuba,2021-01-07,78,944,20,530,58,414,0,0,74,922,4,11,74,933,California
Yuba,2021-01-08,76,1020,24,554,52,466,0,0,70,986,6,17,70,1003,California
Yuba,2021-01-09,18,1038,16,570,2,468,0,0,10,988,8,25,10,1013,California
Yuba,2021-01-10,115,1153,22,592,93,561,0,0,93,1059,22,47,93,1106,California
Yuba,2021-01-11,73,1226,50,642,23,584,0,0,33,1052,40,87,33,1139,California
Yuba,2021-01-12,107,1333,77,719,30,614,0,0,44,1033,63,150,44,1183,California
Yuba,2021-01-13,121,1454,73,792,48,662,0,0,54,1021,66,216,54,1237,California
Yuba,2021-01-14,113,1567,43,835,70,732,0,0,101,1110,12,228,101,1338,California
Yuba,2021-01-15,202,1769,87,922,115,847,0,0,191,1290,11,239,191,1529,California
Yuba,2021-01-16,184,1953,20,942,164,1011,0,0,171,1448,13,252,171,1700,California
Yuba,2021-01-17,13,1966,9,951,4,1015,0,0,7,1449,6,258,7,1707,California
Yuba,2021-01-18,61,2027,31,982,30,1045,0,0,37,1462,24,282,37,1744,California
Yuba,2021-01-19,82,2109,32,1014,50,1095,0,0,66,1512,16,298,66,1810,California
Yuba,2021-01-20,137,2246,87,1101,50,1145,0,0,114,1603,23,321,114,1924,California
Yuba,2021-01-21,220,2466,98,1199,122,1267,0,0,212,1807,8,329,212,2136,California
Yuba,2021-01-22,104,2570,6,1205,98,1365,0,0,95,1893,9,338,95,2231,California
Yuba,2021-01-23,203,2773,7,1212,196,1561,0,0,201,2092,2,340,201,2432,California
Yuba,2021-01-24,10,2783,7,1219,3,1564,0,0,8,2098,2,342,8,2440,California
Yuba,2021-01-25,87,2870,31,1250,56,1620,0,0,54,2120,32,374,54,2494,California
Yuba,2021-01-26,148,3018,40,1290,108,1728,0,0,90,2152,58,432,90,2584,California
Yuba,2021-01-27,186,3204,131,1421,55,1783,0,0,117,2200,69,501,117,2701,California
Yuba,2021-01-28,227,3431,92,1513,135,1918,0,0,174,2321,53,554,174,2875,California
Yuba,2021-01-29,154,3585,47,1560,107,2025,0,0,113,2393,41,595,113,2988,California
Yuba,2021-01-30,414,3999,24,1584,390,2415,0,0,403,2785,11,606,403,3391,California
Yuba,2021-01-31,18,4017,12,1596,6,2421,0,0,16,2799,2,608,16,3407,California
Yuba,2021-02-01,155,4172,76,1672,79,2500,0,0,131,2908,23,631,132,3539,California
Yuba,2021-02-02,123,4295,21,1693,102,2602,0,0,100,2985,23,654,100,3639,California
Yuba,2021-02-03,227,4522,29,1722,198,2800,0,0,117,2993,109,763,117,3756,California
Yuba,2021-02-04,295,4817,118,1840,177,2977,0,0,249,3196,46,809,249,4005,California
Yuba,2021-02-05,151,4968,33,1873,118,3095,0,0,72,3189,79,888,72,4077,California
Yuba,2021-02-06,447,5415,23,1896,424,3519,0,0,440,3622,7,895,440,4517,California
Yuba,2021-02-07,20,5435,14,1910,6,3525,0,0,16,3634,4,899,16,4533,California
Yuba,2021-02-08,100,5535,37,1947,63,3588,0,0,69,3672,31,930,69,4602,California
Yuba,2021-02-09,161,5696,61,2008,100,3688,0,0,90,3691,71,1001,90,4692,California
Yuba,2021-02-10,358,6054,173,2181,185,3873,0,0,123,3580,234,1235,123,4815,California
Yuba,2021-02-11,400,6454,65,2246,335,4208,0,0,301,3784,97,1332,301,5116,California
Yuba,2021-02-12,265,6719,26,2272,239,4447,0,0,151,3821,114,1446,151,5267,California
Yuba,2021-02-13,437,7156,36,2308,401,4848,0,0,386,4156,51,1497,386,5653,California
Yuba,2021-02-14,52,7208,10,2318,42,4890,0,0,47,4198,5,1502,47,5700,California
Yuba,2021-02-15,91,7299,38,2356,53,4943,0,0,71,4249,20,1522,71,5771,California
Yuba,2021-02-16,202,7501,52,2408,150,5093,0,0,143,4334,58,1580,143,5914,California
Yuba,2021-02-17,383,7884,158,2566,225,5318,0,0,102,4156,280,1860,102,6016,California
Yuba,2021-02-18,320,8204,50,2616,270,5588,0,0,193,4222,127,1987,193,6209,California
Yuba,2021-02-19,221,8425,78,2694,143,5731,0,0,137,4275,84,2071,137,6346,California
Yuba,2021-02-20,394,8819,31,2725,363,6094,0,0,338,4557,56,2127,338,6684,California
Yuba,2021-02-21,17,8836,14,2739,3,6097,0,0,7,4554,10,2137,7,6691,California
Yuba,2021-02-22,129,8965,79,2818,50,6147,0,0,40,4506,88,2225,40,6731,California
Yuba,2021-02-23,117,9082,28,2846,89,6236,0,0,50,4490,66,2291,50,6781,California
Yuba,2021-02-24,485,9567,139,2985,346,6582,0,0,105,4215,380,2671,105,6886,California
Yuba,2021-02-25,343,9910,135,3120,208,6790,0,0,218,4308,125,2796,218,7104,California
Yuba,2021-02-26,264,10174,70,3190,194,6984,0,0,148,4342,114,2910,148,7252,California
Yuba,2021-02-27,466,10640,46,3236,420,7404,0,0,384,4644,82,2992,384,7636,California
Yuba,2021-02-28,73,10713,23,3259,50,7454,0,0,52,4675,21,3013,52,7688,California
Yuba,2021-03-01,162,10875,46,3305,116,7570,0,0,83,4680,78,3091,83,7771,California
Yuba,2021-03-02,166,11041,40,3345,126,7696,0,0,84,4682,82,3173,84,7855,California
Yuba,2021-03-03,632,11673,158,3503,474,8170,0,0,201,4453,430,3603,201,8056,California
Yuba,2021-03-04,477,12150,274,3777,203,8373,0,0,331,4639,145,3748,331,8387,California
Yuba,2021-03-05,324,12474,59,3836,264,8637,1,1,257,4830,67,3815,258,8645,California
Yuba,2021-03-06,474,12948,32,3868,438,9075,4,5,368,5097,105,3920,372,9017,California
Yuba,2021-03-07,53,13001,29,3897,23,9098,1,6,39,5123,14,3934,40,9057,California
Yuba,2021-03-08,164,13165,52,3949,96,9194,16,22,101,5177,63,3997,117,9174,California
Yuba,2021-03-09,181,13346,47,3996,114,9308,20,42,86,5188,95,4092,106,9280,California
Yuba,2021-03-10,742,14088,237,4233,475,9783,30,72,238,4952,504,4596,268,9548,California
Yuba,2021-03-11,445,14533,198,4431,234,10017,13,85,299,5118,146,4742,312,9860,California
Yuba,2021-03-12,468,15001,85,4516,328,10345,55,140,156,5017,312,5054,211,10071,California
Yuba,2021-03-13,464,15465,342,4858,107,10452,15,155,364,5297,99,5153,379,10450,California
Yuba,2021-03-14,108,15573,20,4878,79,10531,9,164,48,5295,59,5212,57,10507,California
Yuba,2021-03-15,195,15768,53,4931,128,10659,14,178,103,5320,92,5304,117,10624,California
Yuba,2021-03-16,312,16080,78,5009,209,10868,25,203,195,5424,116,5420,220,10844,California
Yuba,2021-03-17,749,16829,166,5175,553,11421,30,233,198,5103,549,5969,228,11072,California
Yuba,2021-03-18,588,17417,158,5333,314,11735,116,349,359,5348,229,6198,474,11546,California
Yuba,2021-03-19,330,17747,119,5452,159,11894,52,401,187,5444,142,6340,238,11784,California
Yuba,2021-03-20,561,18308,82,5534,460,12354,19,420,478,5859,82,6422,497,12281,California
Yuba,2021-03-21,65,18373,39,5573,26,12380,0,420,50,5894,15,6437,50,12331,California
Yuba,2021-03-22,199,18572,73,5646,119,12499,7,427,155,6012,44,6481,162,12493,California
Yuba,2021-03-23,275,18847,81,5727,166,12665,28,455,186,6139,87,6568,214,12707,California
Yuba,2021-03-24,768,19615,255,5982,432,13097,81,536,189,5832,577,7145,270,12977,California
Yuba,2021-03-25,520,20135,272,6254,225,13322,23,559,258,5851,262,7407,281,13258,California
Yuba,2021-03-26,400,20535,141,6395,228,13550,31,590,228,5939,171,7578,259,13517,California
Yuba,2021-03-27,460,20995,29,6424,428,13978,3,593,407,6296,52,7630,409,13926,California
Yuba,2021-03-28,104,21099,43,6467,57,14035,4,597,34,6264,70,7700,38,13964,California
Yuba,2021-03-29,303,21402,90,6557,181,14216,32,629,186,6365,117,7817,218,14182,California
Yuba,2021-03-30,282,21684,72,6629,202,14418,8,637,191,6473,91,7908,199,14381,California
Yuba,2021-03-31,685,22369,116,6745,557,14975,12,649,243,6288,440,8348,255,14636,California
Yuba,2021-04-01,633,23002,295,7040,310,15285,28,677,292,6267,341,8689,320,14956,California
Yuba,2021-04-02,515,23517,101,7141,329,15614,85,762,193,6223,321,9010,277,15233,California
Yuba,2021-04-03,663,24180,57,7198,117,15731,489,1251,88,6226,574,9584,577,15810,California
Yuba,2021-04-04,60,24240,11,7209,42,15773,7,1258,31,6235,29,9613,38,15848,California
Yuba,2021-04-05,254,24494,86,7295,146,15919,22,1280,127,6258,125,9738,148,15996,California
Yuba,2021-04-06,356,24850,116,7411,179,16098,61,1341,169,6301,186,9924,229,16225,California
Yuba,2021-04-07,795,25645,413,7824,327,16425,55,1396,360,6283,432,10356,414,16639,California
Yuba,2021-04-08,765,26410,297,8121,199,16624,269,1665,284,6355,480,10836,552,17191,California
Yuba,2021-04-09,412,26822,174,8295,170,16794,68,1733,174,6360,237,11073,242,17433,California
Yuba,2021-04-10,601,27423,72,8367,79,16873,450,2183,70,6350,529,11602,519,17952,California
Yuba,2021-04-11,107,27530,27,8394,68,16941,12,2195,46,6348,60,11662,58,18010,California
Yuba,2021-04-12,215,27745,47,8441,135,17076,33,2228,79,6325,135,11797,112,18122,California
Yuba,2021-04-13,408,28153,106,8547,302,17378,0,2228,202,6322,205,12002,202,18324,California
Yuba,2021-04-14,717,28870,109,8656,608,17986,0,2228,125,5857,590,12592,125,18449,California
Yuba,2021-04-15,347,29217,131,8787,216,18202,0,2228,152,5814,195,12787,152,18601,California
Yuba,2021-04-16,346,29563,101,8888,245,18447,0,2228,184,5838,160,12947,184,18785,California
Yuba,2021-04-17,415,29978,61,8949,354,18801,0,2228,342,6108,72,13019,342,19127,California
Yuba,2021-04-18,57,30035,10,8959,47,18848,0,2228,27,6105,30,13049,27,19154,California
Yuba,2021-04-19,252,30287,106,9065,146,18994,0,2228,103,6059,149,13198,103,19257,California
Yuba,2021-04-20,326,30613,81,9146,245,19239,0,2228,181,6098,144,13342,183,19440,California
Yuba,2021-04-21,700,31313,281,9427,419,19658,0,2228,295,5988,405,13747,295,19735,California
Yuba,2021-04-22,363,31676,138,9565,225,19883,0,2228,201,6027,162,13909,201,19936,California
Yuba,2021-04-23,357,32033,117,9682,240,20123,0,2228,166,6004,189,14098,166,20102,California
Yuba,2021-04-24,220,32253,69,9751,151,20274,0,2228,124,6032,96,14194,124,20226,California
Yuba,2021-04-25,73,32326,30,9781,43,20317,0,2228,36,6031,37,14231,36,20262,California
Yuba,2021-04-26,242,32568,58,9839,180,20497,4,2232,109,6011,133,14364,113,20375,California
Yuba,2021-04-27,483,33051,165,10004,308,20805,10,2242,243,6026,238,14602,253,20628,California
Yuba,2021-04-28,439,33490,177,10181,257,21062,5,2247,151,5900,282,14884,156,20784,California
Yuba,2021-04-29,440,33930,73,10254,366,21428,1,2248,151,5764,288,15172,152,20936,California
Yuba,2021-04-30,330,34260,92,10346,208,21636,30,2278,137,5740,191,15363,167,21103,California
Yuba,2021-05-01,209,34469,94,10440,96,21732,19,2297,95,5741,113,15476,114,21217,California
Yuba,2021-05-02,73,34542,42,10482,27,21759,4,2301,38,5748,35,15511,42,21259,California
Yuba,2021-05-03,165,34707,66,10548,91,21850,8,2309,53,5699,110,15621,61,21320,California
Yuba,2021-05-04,327,35034,94,10642,212,22062,21,2330,149,5691,178,15799,170,21490,California
Yuba,2021-05-05,315,35349,77,10719,231,22293,7,2337,114,5611,201,16000,121,21611,California
Yuba,2021-05-06,277,35626,100,10819,138,22431,39,2376,91,5558,183,16183,130,21741,California
Yuba,2021-05-07,358,35984,95,10914,235,22666,28,2404,116,5459,242,16425,143,21884,California
Yuba,2021-05-08,108,36092,31,10945,71,22737,6,2410,47,5451,61,16486,53,21937,California
Yuba,2021-05-09,54,36146,24,10969,27,22764,3,2413,39,5478,15,16501,42,21979,California
Yuba,2021-05-10,172,36318,55,11024,99,22863,18,2431,54,5433,117,16618,72,22051,California
Yuba,2021-05-11,386,36704,175,11199,198,23061,13,2444,147,5355,237,16855,159,22210,California
Yuba,2021-05-12,272,36976,141,11340,123,23184,8,2452,114,5319,158,17013,122,22332,California
Yuba,2021-05-13,366,37342,195,11535,128,23312,43,2495,120,5239,243,17256,163,22495,California
Yuba,2021-05-14,368,37710,137,11672,210,23522,21,2516,159,5209,209,17465,179,22674,California
Yuba,2021-05-15,440,38150,110,11782,308,23830,22,2538,109,5010,329,17794,130,22804,California
Yuba,2021-05-16,140,38290,44,11826,87,23917,9,2547,85,5050,54,17848,94,22898,California
Yuba,2021-05-17,218,38508,91,11917,107,24024,20,2567,94,5042,122,17970,114,23012,California
Yuba,2021-05-18,393,38901,162,12079,222,24246,9,2576,168,4994,225,18195,177,23189,California
Yuba,2021-05-19,260,39161,143,12222,111,24357,6,2582,134,5008,126,18321,140,23329,California
Yuba,2021-05-20,427,39588,298,12520,117,24474,12,2594,267,5128,159,18480,279,23608,California
Yuba,2021-05-21,512,40100,270,12790,236,24710,6,2600,315,5254,195,18675,321,23929,California
Yuba,2021-05-22,230,40330,124,12914,95,24805,11,2611,91,5217,139,18814,102,24031,California
Yuba,2021-05-23,64,40394,31,12945,31,24836,2,2613,33,5221,31,18845,35,24066,California
Yuba,2021-05-24,154,40548,47,12992,90,24926,17,2630,44,5173,109,18954,61,24127,California
Yuba,2021-05-25,318,40866,110,13102,191,25117,17,2647,115,5103,201,19155,131,24258,California
Yuba,2021-05-26,237,41103,103,13205,118,25235,16,2663,93,5069,143,19298,109,24367,California
Yuba,2021-05-27,248,41351,75,13280,161,25396,12,2675,110,5056,135,19433,122,24489,California
Yuba,2021-05-28,245,41596,110,13390,129,25525,6,2681,120,5059,123,19556,126,24615,California
Yuba,2021-05-29,165,41761,67,13457,76,25601,22,2703,94,5105,70,19626,116,24731,California
Yuba,2021-05-30,51,41812,21,13478,25,25626,5,2708,21,5101,30,19656,26,24757,California
Yuba,2021-05-31,31,41843,3,13481,21,25647,7,2715,11,5099,20,19676,18,24775,California
Yuba,2021-06-01,249,42092,106,13587,136,25783,7,2722,87,5034,158,19834,93,24868,California
Yuba,2021-06-02,201,42293,80,13667,114,25897,7,2729,64,4969,136,19970,71,24939,California
Yuba,2021-06-03,176,42469,102,13769,69,25966,5,2734,63,4925,112,20082,68,25007,California
Yuba,2021-06-04,245,42714,121,13890,115,26081,9,2743,81,4851,164,20246,90,25097,California
Yuba,2021-06-05,199,42913,150,14040,43,26124,6,2749,92,4843,106,20352,98,25195,California
Yuba,2021-06-06,106,43019,90,14130,13,26137,3,2752,23,4787,82,20434,26,25221,California
Yuba,2021-06-07,117,43136,49,14179,52,26189,16,2768,38,4762,79,20513,54,25275,California
Yuba,2021-06-08,241,43377,109,14288,123,26312,9,2777,71,4674,168,20681,80,25355,California
Yuba,2021-06-09,172,43549,103,14391,62,26374,7,2784,74,4658,97,20778,81,25436,California
Yuba,2021-06-10,378,43927,304,14695,69,26443,5,2789,96,4479,280,21058,101,25537,California
Yuba,2021-06-11,331,44258,237,14932,82,26525,12,2801,65,4291,266,21324,78,25615,California
Yuba,2021-06-12,131,44389,90,15022,35,26560,6,2807,36,4238,95,21419,42,25657,California
Yuba,2021-06-13,46,44435,22,15044,22,26582,2,2809,16,4226,30,21449,18,25675,California
Yuba,2021-06-14,112,44547,51,15095,50,26632,11,2820,35,4196,76,21525,46,25721,California
Yuba,2021-06-15,239,44786,97,15192,134,26766,8,2828,91,4150,145,21670,99,25820,California
Yuba,2021-06-16,155,44941,93,15285,51,26817,11,2839,74,4155,80,21750,85,25905,California
Yuba,2021-06-17,90,45031,43,15328,39,26856,8,2847,36,4145,54,21804,44,25949,California
