county,administered_date,total_doses,cumulative_total_doses,pfizer_doses,cumulative_pfizer_doses,moderna_doses,cumulative_moderna_doses,jj_doses,cumulative_jj_doses,partially_vaccinated,total_partially_vaccinated,fully_vaccinated,cumulative_fully_vaccinated,at_least_one_dose,cumulative_at_least_one_dose,california_flag
All CA Counties,2020-12-15,1136,1136,1136,1136,0,0,0,0,1136,1136,0,0,1136,1136,
All CA Counties,2020-12-16,8370,9506,8370,9506,0,0,0,0,8370,9506,0,0,8370,9506,
All CA Counties,2020-12-17,25814,35320,25814,35320,0,0,0,0,25816,35322,0,0,25816,35322,
All CA Counties,2020-12-18,43836,79156,43780,79100,56,56,0,0,43837,79159,0,0,43837,79159,
All CA Counties,2020-12-19,25314,104470,25290,104390,24,80,0,0,25313,104471,1,1,25313,104472,
All CA Counties,2020-12-20,18991,123461,18964,123354,27,107,0,0,18990,123460,1,2,18990,123462,
All CA Counties,2020-12-21,49586,173047,49502,172856,84,191,0,0,49588,173047,1,3,49588,173050,
All CA Counties,2020-12-22,49919,222966,47795,220651,2124,2315,0,0,49917,222963,1,4,49917,222967,
All CA Counties,2020-12-23,50481,273447,41728,262379,8753,11068,0,0,50477,273440,0,4,50477,273444,
All CA Counties,2020-12-24,24037,297484,16332,278711,7705,18773,0,0,24034,297473,1,5,24034,297478,
All CA Counties,2020-12-25,2338,299822,2017,280728,321,19094,0,0,2338,299811,0,5,2338,299816,
All CA Counties,2020-12-26,14618,314440,9440,290168,5178,24272,0,0,14617,314427,1,6,14617,314433,
All CA Counties,2020-12-27,9403,323843,5573,295741,3830,28102,0,0,9402,323828,1,7,9402,323835,
All CA Counties,2020-12-28,45798,369641,29394,325135,16404,44506,0,0,45796,369621,3,10,45796,369631,
All CA Counties,2020-12-29,50969,420610,28417,353552,22552,67058,0,0,50965,420583,3,13,50965,420596,
All CA Counties,2020-12-30,62850,483460,35510,389062,27340,94398,0,0,62842,483422,3,16,62842,483438,
All CA Counties,2020-12-31,29331,512791,10853,399915,18478,112876,0,0,29322,512738,6,22,29322,512760,
All CA Counties,2021-01-01,4097,516888,1818,401733,2279,115155,0,0,4093,516828,3,25,4093,516853,
All CA Counties,2021-01-02,18425,535313,10181,411914,8244,123399,0,0,18424,535252,0,25,18424,535277,
All CA Counties,2021-01-03,6162,541475,3488,415402,2674,126073,0,0,6133,541373,12,37,6133,541410,
All CA Counties,2021-01-04,43559,585034,22074,437476,21485,147558,0,0,43480,584811,42,79,43480,584890,
All CA Counties,2021-01-05,56459,641493,29750,467226,26709,174267,0,0,51004,630507,5399,5478,51095,635985,
All CA Counties,2021-01-06,73291,714784,40445,507671,32846,207113,0,0,57914,673255,15198,20676,57946,693931,
All CA Counties,2021-01-07,91926,806710,52270,559941,39656,246769,0,0,61277,704100,30481,51157,61326,755257,
All CA Counties,2021-01-08,106556,913266,64025,623966,42531,289300,0,0,65412,728563,41011,92168,65474,820731,
All CA Counties,2021-01-09,44226,957492,25470,649436,18756,308056,0,0,27718,739823,16484,108652,27744,848475,
All CA Counties,2021-01-10,24296,981788,14842,664278,9454,317510,0,0,13064,741689,11215,119867,13081,861556,
All CA Counties,2021-01-11,104336,1086124,69423,733701,34913,352423,0,0,60573,758708,43723,163590,60742,922298,
All CA Counties,2021-01-12,113346,1199470,67061,800762,46285,398708,0,0,72362,790396,40905,204495,72593,994891,
All CA Counties,2021-01-13,118956,1318426,61675,862437,57281,455989,0,0,85299,842201,33572,238067,85377,1080268,
All CA Counties,2021-01-14,123607,1442033,49540,911977,74067,530056,0,0,104051,926960,19452,257519,104211,1184479,
All CA Counties,2021-01-15,141620,1583653,51742,963719,89878,619934,0,0,126590,1038814,14937,272456,126791,1311270,
All CA Counties,2021-01-16,80314,1663967,27304,991023,53010,672944,0,0,72779,1104134,7509,279965,72829,1384099,
All CA Counties,2021-01-17,48074,1712041,16791,1007814,31283,704227,0,0,44441,1144996,3626,283591,44488,1428587,
All CA Counties,2021-01-18,88021,1800062,45934,1053748,42087,746314,0,0,68759,1194734,19188,302779,68926,1497513,
All CA Counties,2021-01-19,141663,1941725,73545,1127293,68118,814432,0,0,110568,1274620,31003,333782,110889,1608402,
All CA Counties,2021-01-20,159905,2101630,81762,1209055,78143,892575,0,0,126389,1367963,33300,367082,126643,1735045,
All CA Counties,2021-01-21,172985,2274615,76754,1285809,96231,988806,0,0,153926,1503381,18852,385934,154270,1889315,
All CA Counties,2021-01-22,169216,2443831,69123,1354932,100093,1088899,0,0,154972,1644382,14114,400048,155115,2044430,
All CA Counties,2021-01-23,111115,2554946,49413,1404345,61702,1150601,0,0,98636,1730709,12421,412469,98748,2143178,
All CA Counties,2021-01-24,60934,2615880,29472,1433817,31462,1182063,0,0,56297,1782456,4607,417076,56354,2199532,
All CA Counties,2021-01-25,144505,2760385,65329,1499146,79176,1261239,0,0,109506,1857438,34875,451951,109857,2309389,
All CA Counties,2021-01-26,168116,2928501,82692,1581838,85424,1346663,0,0,130803,1951313,37185,489136,131060,2440449,
All CA Counties,2021-01-27,179478,3107979,87661,1669499,91817,1438480,0,0,140451,2053259,38715,527851,140661,2581110,
All CA Counties,2021-01-28,187315,3295294,86325,1755824,100990,1539470,0,0,153327,2173086,33701,561552,153528,2734638,
All CA Counties,2021-01-29,182942,3478236,88102,1843926,94840,1634310,0,0,148459,2287788,33919,595471,148621,2883259,
All CA Counties,2021-01-30,123281,3601517,55622,1899548,67659,1701969,0,0,107924,2380657,15193,610664,108062,2991321,
All CA Counties,2021-01-31,68939,3670456,38627,1938175,30312,1732281,0,0,64185,2440191,4705,615369,64239,3055560,
All CA Counties,2021-02-01,161584,3832040,75924,2014099,85660,1817941,0,0,120972,2520828,40457,655826,121094,3176654,
All CA Counties,2021-02-02,184221,4016261,77647,2091746,106574,1924515,0,0,139996,2617089,43954,699780,140215,3316869,
All CA Counties,2021-02-03,210664,4226925,95487,2187233,115177,2039692,0,0,156417,2719993,53755,753535,156659,3473528,
All CA Counties,2021-02-04,227512,4454437,99700,2286933,127812,2167504,0,0,167060,2827485,59921,813456,167413,3640941,
All CA Counties,2021-02-05,245567,4700004,106254,2393187,139313,2306817,0,0,166980,2917153,77828,891284,167496,3808437,
All CA Counties,2021-02-06,154651,4854655,74796,2467983,79855,2386672,0,0,120011,3003174,34478,925762,120499,3928936,
All CA Counties,2021-02-07,66750,4921405,43160,2511143,23590,2410262,0,0,50352,3037654,16321,942083,50801,3979737,
All CA Counties,2021-02-08,180508,5101913,88792,2599935,91716,2501978,0,0,119198,3096700,60885,1002968,119931,4099668,
All CA Counties,2021-02-09,211115,5313028,102083,2702018,109032,2611010,0,0,126683,3140532,83987,1086955,127819,4227487,
All CA Counties,2021-02-10,248079,5561107,119545,2821563,128534,2739544,0,0,137827,3170383,109445,1196400,139296,4366783,
All CA Counties,2021-02-11,264980,5826087,131237,2952800,133743,2873287,0,0,144910,3198089,118983,1315383,146689,4513472,
All CA Counties,2021-02-12,271774,6097861,119159,3071959,152615,3025902,0,0,146755,3223009,124184,1439567,149104,4662576,
All CA Counties,2021-02-13,166616,6264477,77212,3149171,89404,3115306,0,0,92135,3242972,74121,1513688,94084,4756660,
All CA Counties,2021-02-14,95173,6359650,47358,3196529,47815,3163121,0,0,51565,3252630,43448,1557136,53106,4809766,
All CA Counties,2021-02-15,142187,6501837,62380,3258909,79807,3242928,0,0,78738,3271403,63081,1620217,81854,4891620,
All CA Counties,2021-02-16,248484,6750321,117906,3376815,130578,3373506,0,0,133112,3292593,115008,1735225,136198,5027818,
All CA Counties,2021-02-17,258514,7008835,128680,3505495,129834,3503340,0,0,128933,3295669,129055,1864280,132131,5159949,
All CA Counties,2021-02-18,272151,7280986,141946,3647441,130205,3633545,0,0,131729,3291857,139737,2004017,135925,5295874,
All CA Counties,2021-02-19,252045,7533031,146222,3793663,105823,3739368,0,0,130276,3302902,121290,2125307,132335,5428209,
All CA Counties,2021-02-20,152483,7685514,97763,3891426,54720,3794088,0,0,84004,3320641,68229,2193536,85968,5514177,
All CA Counties,2021-02-21,81875,7767389,67852,3959278,14023,3808111,0,0,41270,3323067,40378,2233914,42804,5556981,
All CA Counties,2021-02-22,163432,7930821,109687,4068965,53745,3861856,0,0,82004,3325648,81122,2315036,83703,5640684,
All CA Counties,2021-02-23,224906,8155727,119218,4188183,105688,3967544,0,0,105016,3317326,119312,2434348,110990,5751674,
All CA Counties,2021-02-24,282420,8438147,142810,4330993,139610,4107154,0,0,134740,3312515,147077,2581425,142266,5893940,
All CA Counties,2021-02-25,319316,8757463,157238,4488231,162078,4269232,0,0,167873,3338131,150777,2732202,176393,6070333,
All CA Counties,2021-02-26,352669,9110132,164189,4652420,188480,4457712,0,0,197942,3389474,153846,2886048,205189,6275522,
All CA Counties,2021-02-27,250424,9360556,121898,4774318,128507,4586219,19,19,142208,3428476,107622,2993670,146624,6422146,
All CA Counties,2021-02-28,130213,9490769,77860,4852178,52348,4638567,5,24,76112,3453739,53687,3047357,78950,6501096,
All CA Counties,2021-03-01,238980,9729749,127505,4979683,111396,4749963,79,103,138059,3495631,100223,3147580,142115,6643211,
All CA Counties,2021-03-02,288252,10018001,145954,5125637,142280,4892243,18,121,174315,3563383,113447,3261027,181199,6824410,
All CA Counties,2021-03-03,331055,10349056,164346,5289983,166661,5058904,48,169,190888,3622088,139501,3400528,198206,7022616,
All CA Counties,2021-03-04,350161,10699217,177458,5467441,172616,5231520,87,256,205843,3691432,143591,3544119,212935,7235551,
All CA Counties,2021-03-05,338473,11037690,166879,5634320,170476,5401996,1118,1374,211044,3784177,126641,3670760,219386,7454937,
All CA Counties,2021-03-06,258293,11295983,132793,5767113,117704,5519700,7796,9170,160532,3859831,97357,3768117,173011,7627948,
All CA Counties,2021-03-07,127362,11423345,78402,5845515,44882,5564582,4078,13248,79865,3900127,47313,3815430,87609,7715557,
All CA Counties,2021-03-08,218189,11641534,106152,5951667,101651,5666233,10386,23634,143053,3983749,74769,3890199,158391,7873948,
All CA Counties,2021-03-09,290812,11932346,139255,6090922,135712,5801945,15845,39479,163391,4040086,126951,4017150,183288,8057236,
All CA Counties,2021-03-10,321553,12253899,160760,6251682,136412,5938357,24381,63860,174435,4096573,146486,4163636,202973,8260209,
All CA Counties,2021-03-11,375591,12629490,181699,6433381,160627,6098984,33265,97125,193131,4145621,181562,4345198,230610,8490819,
All CA Counties,2021-03-12,393763,13023253,176172,6609553,171343,6270327,46248,143373,193657,4190238,199329,4544527,243946,8734765,
All CA Counties,2021-03-13,281877,13305130,124719,6734272,126075,6396402,31083,174456,152287,4248703,129149,4673676,187614,8922379,
All CA Counties,2021-03-14,154600,13459730,83187,6817459,56433,6452835,14980,189436,78784,4269183,75542,4749218,96022,9018401,
All CA Counties,2021-03-15,289963,13749693,138630,6956089,130804,6583639,20529,209965,158067,4319949,131202,4880420,181968,9200369,
All CA Counties,2021-03-16,369525,14119218,173683,7129772,178575,6762214,17267,227232,214574,4400735,154245,5034665,235031,9435400,
All CA Counties,2021-03-17,382621,14501839,189359,7319131,174742,6936956,18520,245752,237311,4514560,144516,5179181,258341,9693741,
All CA Counties,2021-03-18,399913,14901752,204854,7523985,177102,7114058,17957,263709,238373,4612481,160475,5339656,258396,9952137,
All CA Counties,2021-03-19,410050,15311802,215738,7739723,172774,7286832,21538,285247,239369,4705628,169737,5509393,262884,10215021,
All CA Counties,2021-03-20,293845,15605647,154360,7894083,123653,7410485,15832,301079,186301,4802306,106900,5616293,203578,10418599,
All CA Counties,2021-03-21,143480,15749127,99207,7993290,36764,7447249,7509,308588,90112,4848243,53031,5669324,98968,10517567,
All CA Counties,2021-03-22,272723,16021850,158957,8152247,102595,7549844,11171,319759,178807,4948046,93180,5762504,192983,10710550,
All CA Counties,2021-03-23,356687,16378537,196382,8348629,149280,7699124,11025,330784,219646,5045128,136158,5898662,233240,10943790,
All CA Counties,2021-03-24,386806,16765343,221718,8570347,152673,7851797,12415,343199,225906,5125837,159709,6058371,240418,11184208,
All CA Counties,2021-03-25,416887,17182230,229989,8800336,172136,8023933,14762,357961,237076,5201283,178549,6236920,253995,11438203,
All CA Counties,2021-03-26,434188,17616418,232541,9032877,185610,8209543,16037,373998,235180,5257496,197838,6434758,254051,11692254,
All CA Counties,2021-03-27,311479,17927897,166103,9198980,133614,8343157,11762,385760,158024,5276849,152666,6587424,172019,11864273,
All CA Counties,2021-03-28,168864,18096761,108699,9307679,56591,8399748,3574,389334,89553,5293006,78881,6666305,95038,11959311,
All CA Counties,2021-03-29,309449,18406210,167239,9474918,133225,8532973,8985,398319,173207,5342158,135517,6801822,184669,12143980,
All CA Counties,2021-03-30,397423,18803633,201687,9676605,177580,8710553,18156,416475,223877,5413168,172803,6974625,243813,12387793,
All CA Counties,2021-03-31,425201,19228834,231627,9908232,171964,8882517,21610,438085,238000,5487557,186232,7160857,260621,12648414,
All CA Counties,2021-04-01,489462,19718296,251356,10159588,198082,9080599,40024,478109,270765,5582022,217489,7378346,311954,12960368,
All CA Counties,2021-04-02,471026,20189322,229795,10389383,198332,9278931,42899,521008,256171,5669090,213675,7592021,300743,13261111,
All CA Counties,2021-04-03,328488,20517810,167377,10556760,119841,9398772,41270,562278,163850,5711317,164032,7756053,206259,13467370,
All CA Counties,2021-04-04,132279,20650089,69022,10625782,44249,9443021,19008,581286,58152,5714771,73848,7829901,77302,13544672,
All CA Counties,2021-04-05,351910,21001999,181551,10807333,130981,9574002,39378,620664,173785,5752898,177470,8007371,215597,13760269,
All CA Counties,2021-04-06,455327,21457326,231014,11038347,159140,9733142,65173,685837,221005,5807595,233436,8240807,288133,14048402,
All CA Counties,2021-04-07,469051,21926377,243849,11282196,155700,9888842,69502,755339,228884,5867771,239276,8480083,299452,14347854,
All CA Counties,2021-04-08,494560,22420937,249672,11531868,161436,10050278,83452,838791,232974,5925909,260513,8740596,318651,14666505,
All CA Counties,2021-04-09,489275,22910212,244094,11775962,166186,10216464,78995,917786,225521,5970681,262768,9003364,307540,14974045,
All CA Counties,2021-04-10,362724,23272936,166328,11942290,123196,10339660,73200,990986,152428,5989358,209599,9212963,228276,15202321,
All CA Counties,2021-04-11,186144,23459080,104431,12046721,47754,10387414,33959,1024945,76903,5994106,108914,9321877,113662,15315983,
All CA Counties,2021-04-12,337039,23796119,173137,12219858,126158,10513572,37744,1062689,156194,6011584,179953,9501830,197431,15513414,
All CA Counties,2021-04-13,429736,24225855,240551,12460409,188256,10701828,929,1063618,240146,6066984,188656,9690486,244056,15757470,
All CA Counties,2021-04-14,447674,24673529,251344,12711753,196052,10897880,278,1063896,234358,6093843,212226,9902712,239085,15996555,
All CA Counties,2021-04-15,488592,25162121,284674,12996427,203682,11101562,236,1064132,274064,6157729,213170,10115882,277056,16273611,
All CA Counties,2021-04-16,473446,25635567,266781,13263208,206360,11307922,305,1064437,252871,6193856,219432,10335314,255559,16529170,
All CA Counties,2021-04-17,339235,25974802,190067,13453275,149126,11457048,42,1064479,193108,6244759,145357,10480671,196260,16725430,
All CA Counties,2021-04-18,153733,26128535,97592,13550867,56125,11513173,16,1064495,79129,6252650,74231,10554902,82122,16807552,
All CA Counties,2021-04-19,316571,26445106,182797,13733664,133687,11646860,87,1064582,149862,6238583,165874,10720776,151807,16959359,
All CA Counties,2021-04-20,404468,26849574,215640,13949304,188765,11835625,63,1064645,201526,6241241,201971,10922747,204629,17163988,
All CA Counties,2021-04-21,417907,27267481,237246,14186550,180405,12016030,256,1064901,200706,6229387,215885,11138632,204031,17368019,
All CA Counties,2021-04-22,443721,27711202,253382,14439932,190268,12206298,71,1064972,198012,6186215,244406,11383038,201234,17569253,
All CA Counties,2021-04-23,435765,28146967,248649,14688581,187033,12393331,83,1065055,197305,6149687,237183,11620221,200655,17769908,
All CA Counties,2021-04-24,321627,28468594,203557,14892138,117910,12511241,160,1065215,163351,6159019,157383,11777604,166715,17936623,
All CA Counties,2021-04-25,148881,28617475,98386,14990524,50430,12561671,65,1065280,80192,6172411,68269,11845873,81661,18018284,
All CA Counties,2021-04-26,278668,28896143,163832,15154356,113386,12675057,1450,1066730,120931,6142262,156856,12002729,126707,18144991,
All CA Counties,2021-04-27,347814,29243957,193954,15348310,148481,12823538,5379,1072109,140321,6084503,206453,12209182,148694,18293685,
All CA Counties,2021-04-28,345735,29589692,198435,15546745,139516,12963054,7784,1079893,140722,6031262,204030,12413212,150789,18444474,
All CA Counties,2021-04-29,354346,29944038,204524,15751269,142036,13105090,7786,1087679,127750,5943089,225527,12638739,137354,18581828,
All CA Counties,2021-04-30,369834,30313872,212620,15963889,148471,13253561,8743,1096422,139747,5864544,228935,12867674,150390,18732218,
All CA Counties,2021-05-01,245027,30558899,156838,16120727,82182,13335743,6007,1102429,89197,5806825,155121,13022795,97402,18829620,
All CA Counties,2021-05-02,115293,30674192,80244,16200971,31231,13366974,3818,1106247,40810,5777705,74115,13096910,44995,18874615,
All CA Counties,2021-05-03,250258,30924450,154616,16355587,87025,13453999,8617,1114864,75753,5689188,173731,13270641,85214,18959829,
All CA Counties,2021-05-04,323618,31248068,197428,16553015,116554,13570553,9636,1124500,95451,5568261,227153,13497794,106226,19066055,
All CA Counties,2021-05-05,326669,31574737,203114,16756129,113635,13684188,9920,1134420,91746,5437103,233787,13731581,102629,19168684,
All CA Counties,2021-05-06,345411,31920148,225793,16981922,109238,13793426,10380,1144800,87928,5281935,255961,13987542,100793,19269477,
All CA Counties,2021-05-07,341756,32261904,214482,17196404,117541,13910967,9733,1154533,92930,5138263,247564,14235106,103892,19373369,
All CA Counties,2021-05-08,222322,32484226,140965,17337369,74696,13985663,6661,1161194,61077,5047151,160234,14395340,69122,19442491,
All CA Counties,2021-05-09,92840,32577066,69790,17407159,20084,14005747,2966,1164160,25398,5008943,67000,14462340,28792,19471283,
All CA Counties,2021-05-10,198616,32775682,113642,17520801,77282,14083029,7692,1171852,49445,4919004,148325,14610665,58386,19529669,
All CA Counties,2021-05-11,256788,33032470,144450,17665251,104313,14187342,8025,1179877,67739,4808218,188183,14798848,77397,19607066,
All CA Counties,2021-05-12,250111,33282581,144220,17809471,97606,14284948,8285,1188162,68522,4705393,180663,14979511,77838,19684904,
All CA Counties,2021-05-13,287263,33569844,185013,17994484,95271,14380219,6979,1195141,107215,4643127,178958,15158469,116692,19801596,
All CA Counties,2021-05-14,328588,33898432,210672,18205156,109402,14489621,8514,1203655,129498,4585225,197981,15356450,140079,19941675,
All CA Counties,2021-05-15,269508,34167940,188632,18393788,75394,14565015,5482,1209137,111049,4545029,157672,15514122,117476,20059151,
All CA Counties,2021-05-16,130170,34298110,101076,18494864,26211,14591226,2883,1212020,53372,4525264,76398,15590520,56633,20115784,
All CA Counties,2021-05-17,233319,34531429,154441,18649305,71759,14662985,7119,1219139,97820,4496361,134690,15725210,105787,20221571,
All CA Counties,2021-05-18,273644,34805073,167590,18816895,98835,14761820,7219,1226358,112189,4456769,160382,15885592,120790,20342361,
All CA Counties,2021-05-19,267637,35072710,167385,18984280,93065,14854885,7187,1233545,114617,4427625,152049,16037641,122905,20465266,
All CA Counties,2021-05-20,213642,35286352,128379,19112659,78568,14933453,6695,1240240,85344,4393463,127432,16165073,93270,20558536,
All CA Counties,2021-05-21,229612,35515964,143227,19255886,79774,15013227,6611,1246851,89354,4351035,139361,16304434,96933,20655469,
All CA Counties,2021-05-22,155818,35671782,105636,19361522,45299,15058526,4883,1251734,68472,4338402,86831,16391265,74198,20729667,
All CA Counties,2021-05-23,41673,35713455,30283,19391805,10189,15068715,1201,1252935,15959,4330136,25542,16416807,17276,20746943,
All CA and Non-CA Counties,2020-12-15,1143,1143,1143,1143,0,0,0,0,1143,1143,0,0,1143,1143,
All CA and Non-CA Counties,2020-12-16,8641,9784,8641,9784,0,0,0,0,8641,9784,0,0,8641,9784,
All CA and Non-CA Counties,2020-12-17,27413,37197,27413,37197,0,0,0,0,27413,37197,0,0,27413,37197,
All CA and Non-CA Counties,2020-12-18,46386,83583,46323,83520,63,63,0,0,46386,83583,0,0,46386,83583,
All CA and Non-CA Counties,2020-12-19,26351,109934,26326,109846,25,88,0,0,26350,109932,1,1,26350,109933,
All CA and Non-CA Counties,2020-12-20,19670,129604,19640,129486,30,118,0,0,19669,129600,1,2,19669,129602,
All CA and Non-CA Counties,2020-12-21,51765,181369,51678,181164,87,205,0,0,51763,181362,1,3,51763,181365,
All CA and Non-CA Counties,2020-12-22,51977,233346,49780,230944,2197,2402,0,0,51975,233336,1,4,51975,233340,
All CA and Non-CA Counties,2020-12-23,51996,285342,43110,274054,8886,11288,0,0,51992,285328,0,4,51992,285332,
All CA and Non-CA Counties,2020-12-24,24840,310182,16942,290996,7898,19186,0,0,24837,310164,1,5,24837,310169,
All CA and Non-CA Counties,2020-12-25,2371,312553,2046,293042,325,19511,0,0,2371,312535,0,5,2371,312540,
All CA and Non-CA Counties,2020-12-26,14925,327478,9643,302685,5282,24793,0,0,14924,327458,1,6,14924,327464,
All CA and Non-CA Counties,2020-12-27,9592,337070,5646,308331,3946,28739,0,0,9591,337048,1,7,9591,337055,
All CA and Non-CA Counties,2020-12-28,47212,384282,30289,338620,16923,45662,0,0,47209,384254,3,10,47209,384264,
All CA and Non-CA Counties,2020-12-29,52513,436795,29431,368051,23082,68744,0,0,52509,436760,3,13,52509,436773,
All CA and Non-CA Counties,2020-12-30,64819,501614,36793,404844,28026,96770,0,0,64811,501568,3,16,64811,501584,
All CA and Non-CA Counties,2020-12-31,30448,532062,11453,416297,18995,115765,0,0,30437,531998,7,23,30437,532021,
All CA and Non-CA Counties,2021-01-01,4209,536271,1843,418140,2366,118131,0,0,4205,536200,3,26,4205,536226,
All CA and Non-CA Counties,2021-01-02,18664,554935,10313,428453,8351,126482,0,0,18662,554861,1,27,18662,554888,
All CA and Non-CA Counties,2021-01-03,6331,561266,3577,432030,2754,129236,0,0,6302,561151,12,39,6302,561190,
All CA and Non-CA Counties,2021-01-04,44708,605974,22589,454619,22119,151355,0,0,44623,605731,43,82,44623,605813,
All CA and Non-CA Counties,2021-01-05,58002,663976,30564,485183,27438,178793,0,0,52357,652593,5587,5669,52449,658262,
All CA and Non-CA Counties,2021-01-06,75995,739971,42041,527224,33954,212747,0,0,59882,696576,15931,21600,59914,718176,
All CA and Non-CA Counties,2021-01-07,96131,836102,54867,582091,41264,254011,0,0,63829,728324,32132,53732,63880,782056,
All CA and Non-CA Counties,2021-01-08,111063,947165,66938,649029,44125,298136,0,0,68050,753568,42871,96603,68115,850171,
All CA and Non-CA Counties,2021-01-09,45547,992712,26003,675032,19544,317680,0,0,28712,765497,16811,113414,28740,878911,
All CA and Non-CA Counties,2021-01-10,24600,1017312,15024,690056,9576,327256,0,0,13247,767425,11336,124750,13264,892175,
All CA and Non-CA Counties,2021-01-11,107647,1124959,71443,761499,36204,363460,0,0,62560,785108,45046,169796,62729,954904,
All CA and Non-CA Counties,2021-01-12,117224,1242183,69383,830882,47841,411301,0,0,74702,817606,42438,212234,74936,1029840,
All CA and Non-CA Counties,2021-01-13,122636,1364819,63483,894365,59153,470454,0,0,87810,870755,34742,246976,87891,1117731,
All CA and Non-CA Counties,2021-01-14,127324,1492143,50819,945184,76505,546959,0,0,107127,957964,20080,267056,107289,1225020,
All CA and Non-CA Counties,2021-01-15,145856,1637999,52734,997918,93122,640081,0,0,130359,1073133,15391,282447,130560,1355580,
All CA and Non-CA Counties,2021-01-16,83001,1721000,27693,1025611,55308,695389,0,0,75296,1140802,7677,290124,75346,1430926,
All CA and Non-CA Counties,2021-01-17,48573,1769573,16944,1042555,31629,727018,0,0,44890,1182063,3676,293800,44937,1475863,
All CA and Non-CA Counties,2021-01-18,89266,1858839,46751,1089306,42515,769533,0,0,69548,1232136,19643,313443,69716,1545579,
All CA and Non-CA Counties,2021-01-19,145714,2004553,74888,1164194,70826,840359,0,0,113728,1314295,31893,345336,114052,1659631,
All CA and Non-CA Counties,2021-01-20,164371,2168924,83246,1247440,81125,921484,0,0,129870,1410138,34282,379618,130125,1789756,
All CA and Non-CA Counties,2021-01-21,177153,2346077,77931,1325371,99222,1020706,0,0,157533,1548615,19400,399018,157877,1947633,
All CA and Non-CA Counties,2021-01-22,173874,2519951,70242,1395613,103632,1124338,0,0,159234,1693487,14506,413524,159378,2107011,
All CA and Non-CA Counties,2021-01-23,113372,2633323,49752,1445365,63620,1187958,0,0,100731,1781747,12583,426107,100843,2207854,
All CA and Non-CA Counties,2021-01-24,61542,2694865,29720,1475085,31822,1219780,0,0,56829,1833949,4684,430791,56886,2264740,
All CA and Non-CA Counties,2021-01-25,148990,2843855,67296,1542381,81694,1301474,0,0,113104,1911646,35759,466550,113456,2378196,
All CA and Non-CA Counties,2021-01-26,174111,3017966,85658,1628039,88453,1389927,0,0,135955,2009835,38030,504580,136219,2514415,
All CA and Non-CA Counties,2021-01-27,184294,3202260,90342,1718381,93952,1483879,0,0,144648,2115364,39330,543910,144859,2659274,
All CA and Non-CA Counties,2021-01-28,192709,3394969,89320,1807701,103389,1587268,0,0,158139,2239428,34276,578186,158340,2817614,
All CA and Non-CA Counties,2021-01-29,187994,3582963,91315,1899016,96679,1683947,0,0,152733,2357628,34697,612883,152897,2970511,
All CA and Non-CA Counties,2021-01-30,127770,3710733,58068,1957084,69702,1753649,0,0,112183,2454526,15424,628307,112322,3082833,
All CA and Non-CA Counties,2021-01-31,72009,3782742,41277,1998361,30732,1784381,0,0,67202,2517025,4758,633065,67257,3150090,
All CA and Non-CA Counties,2021-02-01,167103,3949845,78529,2076890,88574,1872955,0,0,125776,2601757,41166,674231,125898,3275988,
All CA and Non-CA Counties,2021-02-02,191025,4140870,79865,2156755,111160,1984115,0,0,146073,2703376,44673,718904,146292,3422280,
All CA and Non-CA Counties,2021-02-03,218008,4358878,97599,2254354,120409,2104524,0,0,162881,2811873,54627,773531,163124,3585404,
All CA and Non-CA Counties,2021-02-04,234363,4593241,101926,2356280,132437,2236961,0,0,172909,2924222,60914,834445,173263,3758667,
All CA and Non-CA Counties,2021-02-05,252384,4845625,108494,2464774,143890,2380851,0,0,172725,3018567,78896,913341,173241,3931908,
All CA and Non-CA Counties,2021-02-06,159096,5004721,76963,2541737,82133,2462984,0,0,123985,3108102,34941,948282,124476,4056384,
All CA and Non-CA Counties,2021-02-07,68990,5073711,45014,2586751,23976,2486960,0,0,52514,3144668,16399,964681,52965,4109349,
All CA and Non-CA Counties,2021-02-08,185904,5259615,92216,2678967,93688,2580648,0,0,123499,3206931,61969,1026650,124232,4233581,
All CA and Non-CA Counties,2021-02-09,215417,5475032,104023,2782990,111394,2692042,0,0,129669,3252458,85292,1111942,130819,4364400,
All CA and Non-CA Counties,2021-02-10,253715,5728747,121515,2904505,132200,2824242,0,0,141003,3283075,111897,1223839,142514,4506914,
All CA and Non-CA Counties,2021-02-11,269904,5998651,133582,3038087,136322,2960564,0,0,148490,3313044,120318,1344157,150287,4657201,
All CA and Non-CA Counties,2021-02-12,277045,6275696,121145,3159232,155900,3116464,0,0,150173,3339540,126030,1470187,152526,4809727,
All CA and Non-CA Counties,2021-02-13,169062,6444758,77940,3237172,91122,3207586,0,0,94026,3360851,74676,1544863,95987,4905714,
All CA and Non-CA Counties,2021-02-14,96523,6541281,47779,3284951,48744,3256330,0,0,52671,3371378,43687,1588550,54214,4959928,
All CA and Non-CA Counties,2021-02-15,144777,6686058,63946,3348897,80831,3337161,0,0,80001,3390106,64393,1652943,83121,5043049,
All CA and Non-CA Counties,2021-02-16,255008,6941066,120875,3469772,134133,3471294,0,0,135760,3410085,118873,1771816,138852,5181901,
All CA and Non-CA Counties,2021-02-17,264465,7205531,131663,3601435,132802,3604096,0,0,130799,3410953,133134,1904950,134002,5315903,
All CA and Non-CA Counties,2021-02-18,278652,7484183,145736,3747171,132916,3737012,0,0,133811,3404823,144138,2049088,138008,5453911,
All CA and Non-CA Counties,2021-02-19,257954,7742137,150362,3897533,107592,3844604,0,0,132754,3414923,124714,2173802,134814,5588725,
All CA and Non-CA Counties,2021-02-20,155824,7897961,100454,3997987,55370,3899974,0,0,85250,3431818,70320,2244122,87215,5675940,
All CA and Non-CA Counties,2021-02-21,84613,7982574,70373,4068360,14240,3914214,0,0,42121,3433213,42260,2286382,43655,5719595,
All CA and Non-CA Counties,2021-02-22,166908,8149482,112231,4180591,54677,3968891,0,0,83632,3435582,82967,2369349,85336,5804931,
All CA and Non-CA Counties,2021-02-23,230977,8380459,122637,4303228,108340,4077231,0,0,107395,3425969,122996,2492345,113383,5918314,
All CA and Non-CA Counties,2021-02-24,288860,8669319,146369,4449597,142491,4219722,0,0,137253,3419754,150999,2643344,144784,6063098,
All CA and Non-CA Counties,2021-02-25,326294,8995613,160797,4610394,165497,4385219,0,0,171044,3444769,154553,2797897,179568,6242666,
All CA and Non-CA Counties,2021-02-26,359522,9355135,167831,4778225,191691,4576910,0,0,201134,3495725,157426,2955323,208382,6451048,
All CA and Non-CA Counties,2021-02-27,255946,9611081,124683,4902908,131243,4708153,20,20,144110,3533025,111230,3066553,148530,6599578,
All CA and Non-CA Counties,2021-02-28,132668,9743749,79649,4982557,53013,4761166,6,26,76921,3557457,55329,3121882,79761,6679339,
All CA and Non-CA Counties,2021-03-01,243987,9987736,130689,5113246,113218,4874384,80,106,139431,3597101,103849,3225731,143493,6822832,
All CA and Non-CA Counties,2021-03-02,294998,10282734,148447,5261693,146533,5020917,18,124,176395,3662283,118099,3343830,183281,7006113,
All CA and Non-CA Counties,2021-03-03,338926,10621660,167417,5429110,171459,5192376,50,174,193530,3718420,144717,3488547,200854,7206967,
All CA and Non-CA Counties,2021-03-04,356990,10978650,180392,5609502,176507,5368883,91,265,208149,3785569,148098,3636645,215247,7422214,
All CA and Non-CA Counties,2021-03-05,343766,11322416,169566,5779068,173068,5541951,1132,1397,213780,3878520,129193,3765838,222144,7644358,
All CA and Non-CA Counties,2021-03-06,262920,11585336,134949,5914017,120018,5661969,7953,9350,162887,3954425,99626,3865464,175531,7819889,
All CA and Non-CA Counties,2021-03-07,128962,11714298,79429,5993446,45402,5707371,4131,13481,80838,3995122,47940,3913404,88637,7908526,
All CA and Non-CA Counties,2021-03-08,221323,11935621,108015,6101461,102676,5810047,10632,24113,145260,4080306,75668,3989072,160852,8069378,
All CA and Non-CA Counties,2021-03-09,295488,12231109,141642,6243103,137680,5947727,16166,40279,166134,4137777,128881,4117953,186352,8255730,
All CA and Non-CA Counties,2021-03-10,325966,12557075,162879,6405982,138192,6085919,24895,65174,177164,4195838,148162,4266115,206223,8461953,
All CA and Non-CA Counties,2021-03-11,381778,12938853,184855,6590837,162964,6248883,33959,99133,196461,4246060,184413,4450528,234635,8696588,
All CA and Non-CA Counties,2021-03-12,400290,13339143,180105,6770942,173208,6422091,46977,146110,197267,4292110,202236,4652764,248286,8944874,
All CA and Non-CA Counties,2021-03-13,285664,13624807,126910,6897852,127195,6549286,31559,177669,154881,4352463,130334,4783098,190687,9135561,
All CA and Non-CA Counties,2021-03-14,156423,13781230,84129,6981981,56974,6606260,15320,192989,79793,4373480,76355,4859453,97372,9232933,
All CA and Non-CA Counties,2021-03-15,294051,14075281,140762,7122743,132300,6738560,20989,213978,160264,4425019,133089,4992542,184628,9417561,
All CA and Non-CA Counties,2021-03-16,377069,14452350,178077,7300820,181344,6919904,17648,231626,218761,4507015,157600,5150142,239596,9657157,
All CA and Non-CA Counties,2021-03-17,391091,14843441,194827,7495647,177370,7097274,18894,250520,242416,4622960,147876,5298018,263821,9920978,
All CA and Non-CA Counties,2021-03-18,408230,15251671,209977,7705624,179758,7277032,18495,269015,243208,4722781,163948,5461966,263769,10184747,
All CA and Non-CA Counties,2021-03-19,417401,15669072,220093,7925717,175227,7452259,22081,291096,243789,4817968,172664,5634630,267851,10452598,
All CA and Non-CA Counties,2021-03-20,298648,15967720,157529,8083246,125200,7577459,15919,307015,189969,4917274,108027,5742657,207333,10659931,
All CA and Non-CA Counties,2021-03-21,145586,16113306,100655,8183901,37335,7614794,7596,314611,91799,4964569,53447,5796104,100742,10760673,
All CA and Non-CA Counties,2021-03-22,275996,16389302,160928,8344829,103808,7718602,11260,325871,181040,5065667,94207,5890311,195305,10955978,
All CA and Non-CA Counties,2021-03-23,362754,16752056,199473,8544302,151951,7870553,11330,337201,223767,5165244,138089,6028400,237666,11193644,
All CA and Non-CA Counties,2021-03-24,394138,17146194,225489,8769791,155790,8026343,12859,350060,231002,5249262,161938,6190338,245956,11439600,
All CA and Non-CA Counties,2021-03-25,425180,17571374,233860,9003651,176037,8202380,15283,365343,243122,5329044,180781,6371119,260563,11700163,
All CA and Non-CA Counties,2021-03-26,440872,18012246,236099,9239750,188559,8390939,16214,381557,239591,5387599,200083,6571202,258638,11958801,
All CA and Non-CA Counties,2021-03-27,317044,18329290,169257,9409007,135807,8526746,11980,393537,161515,5408591,154733,6725935,175725,12134526,
All CA and Non-CA Counties,2021-03-28,171953,18501243,110354,9519361,57868,8584614,3731,397268,91551,5425818,79966,6805901,97193,12231719,
All CA and Non-CA Counties,2021-03-29,314630,18815873,169573,9688934,135721,8720335,9336,406604,176157,5476046,137742,6943643,187970,12419689,
All CA and Non-CA Counties,2021-03-30,404304,19220177,205320,9894254,180265,8900600,18719,425323,227933,5548868,175617,7119260,248439,12668128,
All CA and Non-CA Counties,2021-03-31,431549,19651726,235451,10129705,173716,9074316,22382,447705,241374,5624431,189201,7308461,264764,12932892,
All CA and Non-CA Counties,2021-04-01,496944,20148670,255862,10385567,200416,9274732,40666,488371,275093,5720713,220635,7529096,316917,13249809,
All CA and Non-CA Counties,2021-04-02,479497,20628167,234322,10619889,201129,9475861,44046,532417,260551,5809222,217759,7746855,306268,13556077,
All CA and Non-CA Counties,2021-04-03,334639,20962806,171033,10790922,121173,9597034,42433,574850,167058,5852887,166966,7913821,210631,13766708,
All CA and Non-CA Counties,2021-04-04,134074,21096880,69901,10860823,44930,9641964,19243,594093,59131,5856739,74662,7988483,78514,13845222,
All CA and Non-CA Counties,2021-04-05,356019,21452899,183591,11044414,132391,9774355,40037,634130,175742,5895336,179616,8168099,218213,14063435,
All CA and Non-CA Counties,2021-04-06,462266,21915165,234752,11279166,160768,9935123,66746,700876,223802,5950270,237565,8405664,292499,14355934,
All CA and Non-CA Counties,2021-04-07,477195,22392360,248543,11527709,157472,10092595,71180,772056,232036,6010285,244260,8649924,304275,14660209,
All CA and Non-CA Counties,2021-04-08,502577,22894937,253941,11781650,163270,10255865,85366,857422,236066,6068502,265431,8915355,323648,14983857,
All CA and Non-CA Counties,2021-04-09,496697,23391634,247960,12029610,167828,10423693,80909,938331,228372,6113479,267330,9182685,312307,15296164,
All CA and Non-CA Counties,2021-04-10,368794,23760428,169400,12199010,124351,10548044,75043,1013374,154118,6131309,213973,9396658,231803,15527967,
All CA and Non-CA Counties,2021-04-11,188956,23949384,105960,12304970,48403,10596447,34593,1047967,77850,6135777,110776,9507434,115244,15643211,
All CA and Non-CA Counties,2021-04-12,341089,24290473,175399,12480369,127410,10723857,38280,1086247,157971,6153300,182220,9689654,199743,15842954,
All CA and Non-CA Counties,2021-04-13,435439,24725912,244231,12724600,190256,10914113,952,1087199,243075,6208884,191424,9881078,247008,16089962,
All CA and Non-CA Counties,2021-04-14,452882,25178794,254624,12979224,197976,11112089,282,1087481,237174,6236175,214614,10095692,241905,16331867,
All CA and Non-CA Counties,2021-04-15,494669,25673463,288491,13267715,205935,11318024,243,1087724,277303,6300523,215955,10311647,280303,16612170,
All CA and Non-CA Counties,2021-04-16,479246,26152709,270106,13537821,208828,11526852,312,1088036,256091,6337308,222003,10533650,258788,16870958,
All CA and Non-CA Counties,2021-04-17,344427,26497136,193158,13730979,151226,11678078,43,1088079,196031,6388875,147617,10681267,199184,17070142,
All CA and Non-CA Counties,2021-04-18,155810,26652946,98742,13829721,57051,11735129,17,1088096,80099,6396636,75333,10756600,83094,17153236,
All CA and Non-CA Counties,2021-04-19,320705,26973651,184808,14014529,135809,11870938,88,1088184,151994,6382713,167865,10924465,153942,17307178,
All CA and Non-CA Counties,2021-04-20,409804,27383455,218088,14232617,191653,12062591,63,1088247,203704,6384398,205122,11129587,206807,17513985,
All CA and Non-CA Counties,2021-04-21,424215,27807670,239895,14472512,184061,12246652,259,1088506,202939,6370719,219947,11349534,206268,17720253,
All CA and Non-CA Counties,2021-04-22,450407,28258077,256818,14729330,193515,12440167,74,1088580,200426,6325704,248667,11598201,203652,17923905,
All CA and Non-CA Counties,2021-04-23,441624,28699701,251597,14980927,189943,12630110,84,1088664,199727,6288181,240603,11838804,203080,18126985,
All CA and Non-CA Counties,2021-04-24,326031,29025732,206464,15187391,119403,12749513,164,1088828,165047,6296515,160084,11998888,168418,18295403,
All CA and Non-CA Counties,2021-04-25,151032,29176764,99651,15287042,51314,12800827,67,1088895,81295,6309970,69314,12068202,82769,18378172,
All CA and Non-CA Counties,2021-04-26,282311,29459075,165465,15452507,115373,12916200,1473,1090368,122574,6279494,158849,12227051,128373,18506545,
All CA and Non-CA Counties,2021-04-27,353118,29812193,195863,15648370,151584,13067784,5671,1096039,142261,6220616,209809,12436860,150931,18657476,
All CA and Non-CA Counties,2021-04-28,350612,30162805,200509,15848879,141925,13209709,8178,1104217,142683,6166824,206938,12643798,153146,18810622,
All CA and Non-CA Counties,2021-04-29,359287,30522092,206792,16055671,144277,13353986,8218,1112435,129687,6078036,228511,12872309,139723,18950345,
All CA and Non-CA Counties,2021-04-30,374853,30896945,215101,16270772,150580,13504566,9172,1121607,141742,5998902,231948,13104257,152814,19103159,
All CA and Non-CA Counties,2021-05-01,248307,31145252,158791,16429563,83080,13587646,6436,1128043,90579,5941105,157009,13261266,99212,19202371,
All CA and Non-CA Counties,2021-05-02,117178,31262430,81344,16510907,31892,13619538,3942,1131985,41679,5911964,75129,13336395,45988,19248359,
All CA and Non-CA Counties,2021-05-03,253288,31515718,156396,16667303,87993,13707531,8899,1140884,77028,5823252,175482,13511877,86770,19335129,
All CA and Non-CA Counties,2021-05-04,327875,31843593,199868,16867171,117924,13825455,10083,1150967,97106,5701828,229749,13741626,108325,19443454,
All CA and Non-CA Counties,2021-05-05,331273,32174866,205847,17073018,115138,13940593,10288,1161255,93627,5570208,236501,13978127,104881,19548335,
All CA and Non-CA Counties,2021-05-06,349916,32524782,228650,17301668,110551,14051144,10715,1171970,89679,5414377,258709,14236836,102878,19651213,
All CA and Non-CA Counties,2021-05-07,346648,32871430,217403,17519071,119133,14170277,10112,1182082,94894,5270133,250480,14487316,106236,19757449,
All CA and Non-CA Counties,2021-05-08,225896,33097326,143431,17662502,75557,14245834,6908,1188990,62607,5178818,162215,14649531,70900,19828349,
All CA and Non-CA Counties,2021-05-09,94214,33191540,70673,17733175,20447,14266281,3094,1192084,25992,5140571,67760,14717291,29513,19857862,
All CA and Non-CA Counties,2021-05-10,201288,33392828,114894,17848069,78376,14344657,8018,1200102,50518,5050452,149906,14867197,59787,19917649,
All CA and Non-CA Counties,2021-05-11,259657,33652485,145859,17993928,105492,14450149,8306,1208408,68896,4939396,189894,15057091,78838,19996487,
All CA and Non-CA Counties,2021-05-12,252978,33905463,145556,18139484,98840,14548989,8582,1216990,69653,4836267,182394,15239485,79265,20075752,
All CA and Non-CA Counties,2021-05-13,290020,34195483,186593,18326077,96248,14645237,7179,1224169,108477,4773975,180448,15419933,118156,20193908,
All CA and Non-CA Counties,2021-05-14,332095,34527578,212696,18538773,110651,14755888,8748,1232917,131139,4716089,199840,15619773,141954,20335862,
All CA and Non-CA Counties,2021-05-15,272123,34799701,190176,18728949,76338,14832226,5609,1238526,112217,4675749,159114,15778887,118774,20454636,
All CA and Non-CA Counties,2021-05-16,131803,34931504,102118,18831067,26733,14858959,2952,1241478,54158,4655996,77242,15856129,57489,20512125,
All CA and Non-CA Counties,2021-05-17,236344,35167848,156098,18987165,72909,14931868,7337,1248815,99250,4627150,136281,15992410,107435,20619560,
All CA and Non-CA Counties,2021-05-18,276876,35444724,169259,19156424,100081,15031949,7536,1256351,113752,4587783,162039,16154449,122672,20742232,
All CA and Non-CA Counties,2021-05-19,270947,35715671,169127,19325551,94383,15126332,7437,1263788,116169,4558690,153800,16308249,124707,20866939,
All CA and Non-CA Counties,2021-05-20,215876,35931547,129754,19455305,79252,15205584,6870,1270658,86512,4524815,128490,16436739,94615,20961554,
All CA and Non-CA Counties,2021-05-21,232267,36163814,144917,19600222,80522,15286106,6828,1277486,90675,4482601,140686,16577425,98472,21060026,
All CA and Non-CA Counties,2021-05-22,157958,36321772,107114,19707336,45790,15331896,5054,1282540,69760,4470581,87676,16665101,75656,21135682,
All CA and Non-CA Counties,2021-05-23,42428,36364200,30905,19738241,10289,15342185,1234,1283774,16331,4462339,25923,16691024,17681,21153363,
Outside California,2020-12-15,7,7,7,7,0,0,0,0,7,7,0,0,7,7,Not in California
Outside California,2020-12-16,271,278,271,278,0,0,0,0,271,278,0,0,271,278,Not in California
Outside California,2020-12-17,1597,1875,1597,1875,0,0,0,0,1597,1875,0,0,1597,1875,Not in California
Outside California,2020-12-18,2549,4424,2542,4417,7,7,0,0,2549,4424,0,0,2549,4424,Not in California
Outside California,2020-12-19,1037,5461,1036,5453,1,8,0,0,1037,5461,0,0,1037,5461,Not in California
Outside California,2020-12-20,679,6140,676,6129,3,11,0,0,679,6140,0,0,679,6140,Not in California
Outside California,2020-12-21,2175,8315,2172,8301,3,14,0,0,2175,8315,0,0,2175,8315,Not in California
Outside California,2020-12-22,2058,10373,1985,10286,73,87,0,0,2058,10373,0,0,2058,10373,Not in California
Outside California,2020-12-23,1515,11888,1382,11668,133,220,0,0,1515,11888,0,0,1515,11888,Not in California
Outside California,2020-12-24,803,12691,610,12278,193,413,0,0,803,12691,0,0,803,12691,Not in California
Outside California,2020-12-25,33,12724,29,12307,4,417,0,0,33,12724,0,0,33,12724,Not in California
Outside California,2020-12-26,307,13031,203,12510,104,521,0,0,307,13031,0,0,307,13031,Not in California
Outside California,2020-12-27,189,13220,73,12583,116,637,0,0,189,13220,0,0,189,13220,Not in California
Outside California,2020-12-28,1410,14630,891,13474,519,1156,0,0,1410,14630,0,0,1410,14630,Not in California
Outside California,2020-12-29,1541,16171,1011,14485,530,1686,0,0,1541,16171,0,0,1541,16171,Not in California
Outside California,2020-12-30,1915,18086,1229,15714,686,2372,0,0,1915,18086,0,0,1915,18086,Not in California
Outside California,2020-12-31,1116,19202,600,16314,516,2888,0,0,1115,19200,1,1,1115,19201,Not in California
Outside California,2021-01-01,112,19314,25,16339,87,2975,0,0,112,19312,0,1,112,19313,Not in California
Outside California,2021-01-02,238,19552,132,16471,106,3081,0,0,237,19548,1,2,237,19550,Not in California
Outside California,2021-01-03,169,19721,89,16560,80,3161,0,0,169,19717,0,2,169,19719,Not in California
Outside California,2021-01-04,1146,20867,512,17072,634,3795,0,0,1141,20857,1,3,1141,20860,Not in California
Outside California,2021-01-05,1543,22410,814,17886,729,4524,0,0,1353,22023,188,191,1354,22214,Not in California
Outside California,2021-01-06,2698,25108,1592,19478,1106,5630,0,0,1962,23252,733,924,1962,24176,Not in California
Outside California,2021-01-07,4135,29243,2528,22006,1607,7237,0,0,2482,24085,1651,2575,2484,26660,Not in California
Outside California,2021-01-08,4506,33749,2913,24919,1593,8830,0,0,2636,24864,1860,4435,2639,29299,Not in California
Outside California,2021-01-09,1319,35068,531,25450,788,9618,0,0,991,25530,327,4762,993,30292,Not in California
Outside California,2021-01-10,304,35372,182,25632,122,9740,0,0,183,25592,121,4883,183,30475,Not in California
Outside California,2021-01-11,3292,38664,2001,27633,1291,11031,0,0,1969,26238,1323,6206,1969,32444,Not in California
Outside California,2021-01-12,3868,42532,2313,29946,1555,12586,0,0,2332,27040,1532,7738,2334,34778,Not in California
Outside California,2021-01-13,3670,46202,1798,31744,1872,14458,0,0,2500,28373,1170,8908,2503,37281,Not in California
Outside California,2021-01-14,3714,49916,1276,33020,2438,16896,0,0,3073,30820,628,9536,3075,40356,Not in California
Outside California,2021-01-15,4231,54147,988,34008,3243,20139,0,0,3764,34130,454,9990,3764,44120,Not in California
Outside California,2021-01-16,2681,56828,383,34391,2298,22437,0,0,2511,36473,168,10158,2511,46631,Not in California
Outside California,2021-01-17,496,57324,150,34541,346,22783,0,0,446,36869,50,10208,446,47077,Not in California
Outside California,2021-01-18,1194,58518,766,35307,428,23211,0,0,740,37157,453,10661,741,47818,Not in California
Outside California,2021-01-19,4029,62547,1321,36628,2708,25919,0,0,3141,39413,888,11549,3144,50962,Not in California
Outside California,2021-01-20,4387,66934,1405,38033,2982,28901,0,0,3453,41937,930,12479,3454,54416,Not in California
Outside California,2021-01-21,4112,71046,1123,39156,2989,31890,0,0,3550,44940,547,13026,3550,57966,Not in California
Outside California,2021-01-22,4624,75670,1090,40246,3534,35424,0,0,4228,48777,392,13418,4229,62195,Not in California
Outside California,2021-01-23,2246,77916,334,40580,1912,37336,0,0,2084,50699,162,13580,2084,64279,Not in California
Outside California,2021-01-24,606,78522,246,40826,360,37696,0,0,529,51151,77,13657,529,64808,Not in California
Outside California,2021-01-25,4466,82988,1950,42776,2516,40212,0,0,3582,53853,881,14538,3583,68391,Not in California
Outside California,2021-01-26,5902,88890,2873,45649,3029,43241,0,0,5056,58071,845,15383,5063,73454,Not in California
Outside California,2021-01-27,4800,93690,2665,48314,2135,45376,0,0,4182,61640,614,15997,4183,77637,Not in California
Outside California,2021-01-28,5254,98944,2857,51171,2397,47773,0,0,4729,65854,515,16512,4729,82366,Not in California
Outside California,2021-01-29,4913,103857,3074,54245,1839,49612,0,0,4131,69210,777,17289,4133,86499,Not in California
Outside California,2021-01-30,4478,108335,2437,56682,2041,51653,0,0,4246,73228,229,17518,4247,90746,Not in California
Outside California,2021-01-31,3056,111391,2636,59318,420,52073,0,0,3002,76178,53,17571,3003,93749,Not in California
Outside California,2021-02-01,5482,116873,2570,61888,2912,54985,0,0,4783,80270,691,18262,4783,98532,Not in California
Outside California,2021-02-02,6740,123613,2155,64043,4585,59570,0,0,6020,85577,713,18975,6020,104552,Not in California
Outside California,2021-02-03,7308,130921,2078,66121,5230,64800,0,0,6439,91156,861,19836,6440,110992,Not in California
Outside California,2021-02-04,6795,137716,2175,68296,4620,69420,0,0,5798,95967,988,20824,5799,116791,Not in California
Outside California,2021-02-05,6799,144515,2226,70522,4573,73993,0,0,5731,100634,1064,21888,5731,122522,Not in California
Outside California,2021-02-06,4431,148946,2153,72675,2278,76271,0,0,3965,104145,457,22345,3968,126490,Not in California
Outside California,2021-02-07,2232,151178,1846,74521,386,76657,0,0,2156,106227,76,22421,2158,128648,Not in California
Outside California,2021-02-08,5345,156523,3376,77897,1969,78626,0,0,4287,109467,1047,23468,4287,132935,Not in California
Outside California,2021-02-09,4284,160807,1922,79819,2362,80988,0,0,2982,111172,1291,24759,2996,135931,Not in California
Outside California,2021-02-10,5602,166409,1940,81759,3662,84650,0,0,3167,111954,2427,27186,3209,139140,Not in California
Outside California,2021-02-11,4839,171248,2261,84020,2578,87228,0,0,3537,114217,1292,28478,3555,142695,Not in California
Outside California,2021-02-12,5235,176483,1957,85977,3278,90506,0,0,3409,115811,1819,30297,3413,146108,Not in California
Outside California,2021-02-13,2437,178920,726,86703,1711,92217,0,0,1883,117152,554,30851,1895,148003,Not in California
Outside California,2021-02-14,1343,180263,420,87123,923,93140,0,0,1101,118017,238,31089,1103,149106,Not in California
Outside California,2021-02-15,2549,182812,1531,88654,1018,94158,0,0,1236,117957,1300,32389,1240,150346,Not in California
Outside California,2021-02-16,6423,189235,2878,91532,3545,97703,0,0,2619,116789,3793,36182,2625,152971,Not in California
Outside California,2021-02-17,5941,195176,2975,94507,2966,100669,0,0,1862,114582,4074,40256,1867,154838,Not in California
Outside California,2021-02-18,6412,201588,3706,98213,2706,103375,0,0,2065,112319,4329,44585,2066,156904,Not in California
Outside California,2021-02-19,5725,207313,3961,102174,1764,105139,0,0,2425,111451,3294,47879,2426,159330,Not in California
Outside California,2021-02-20,3334,210647,2686,104860,648,105787,0,0,1244,110610,2086,49965,1245,160575,Not in California
Outside California,2021-02-21,2724,213371,2507,107367,217,106004,0,0,850,109591,1869,51834,850,161425,Not in California
Outside California,2021-02-22,3467,216838,2535,109902,932,106936,0,0,1622,109376,1842,53676,1627,163052,Not in California
Outside California,2021-02-23,6010,222848,3370,113272,2640,109576,0,0,2364,108115,3639,57315,2378,165430,Not in California
Outside California,2021-02-24,6407,229255,3533,116805,2874,112450,0,0,2499,106716,3903,61218,2504,167934,Not in California
Outside California,2021-02-25,6911,236166,3505,120310,3406,115856,0,0,3147,106134,3733,64951,3151,171085,Not in California
Outside California,2021-02-26,6814,242980,3617,123927,3197,119053,0,0,3170,105739,3566,68517,3171,174256,Not in California
Outside California,2021-02-27,5501,248481,2770,126697,2730,121783,1,1,1891,104034,3600,72117,1895,176151,Not in California
Outside California,2021-02-28,2438,250919,1776,128473,661,122444,1,2,799,103198,1637,73754,801,176952,Not in California
Outside California,2021-03-01,4962,255881,3157,131630,1804,124248,1,3,1348,100946,3606,77360,1354,178306,Not in California
Outside California,2021-03-02,6727,262608,2486,134116,4241,128489,0,3,2068,98369,4647,82007,2070,180376,Not in California
Outside California,2021-03-03,7860,270468,3065,137181,4793,133282,2,5,2635,95797,5213,87220,2641,183017,Not in California
Outside California,2021-03-04,6786,277254,2894,140075,3888,137170,4,9,2293,93619,4477,91697,2299,185316,Not in California
Outside California,2021-03-05,5270,282524,2674,142749,2582,139752,14,23,2714,93807,2548,94245,2736,188052,Not in California
Outside California,2021-03-06,4607,287131,2144,144893,2308,142060,155,178,2339,94044,2265,96510,2502,190554,Not in California
Outside California,2021-03-07,1598,288729,1026,145919,519,142579,53,231,970,94442,627,97137,1025,191579,Not in California
Outside California,2021-03-08,3103,291832,1841,147760,1018,143597,244,475,2199,96018,875,98012,2451,194030,Not in California
Outside California,2021-03-09,4641,296473,2359,150119,1965,145562,317,792,2734,97166,1903,99915,3051,197081,Not in California
Outside California,2021-03-10,4404,300877,2113,152232,1779,147341,512,1304,2724,98738,1671,101586,3243,200324,Not in California
Outside California,2021-03-11,6159,307036,3144,155376,2335,149676,680,1984,3323,99912,2830,104416,4004,204328,Not in California
Outside California,2021-03-12,6459,313495,3881,159257,1854,151530,724,2708,3599,101384,2852,107268,4324,208652,Not in California
Outside California,2021-03-13,3772,317267,2187,161444,1113,152643,472,3180,2588,103272,1175,108443,3063,211715,Not in California
Outside California,2021-03-14,1809,319076,936,162380,535,153178,338,3518,1004,103810,805,109248,1343,213058,Not in California
Outside California,2021-03-15,4057,323133,2121,164501,1478,154656,458,3976,2177,104574,1874,111122,2638,215696,Not in California
Outside California,2021-03-16,7497,330630,4374,168875,2746,157402,377,4353,4160,105773,3335,114457,4534,220230,Not in California
Outside California,2021-03-17,8432,339062,5454,174329,2605,160007,373,4726,5072,107863,3356,117813,5446,225676,Not in California
Outside California,2021-03-18,8287,347349,5106,179435,2643,162650,538,5264,4817,109756,3462,121275,5355,231031,Not in California
Outside California,2021-03-19,7322,354671,4337,183772,2442,165092,543,5807,4398,111781,2920,124195,4945,235976,Not in California
Outside California,2021-03-20,4776,359447,3154,186926,1535,166627,87,5894,3653,114405,1116,125311,3740,239716,Not in California
Outside California,2021-03-21,2088,361535,1436,188362,565,167192,87,5981,1673,115752,413,125724,1760,241476,Not in California
Outside California,2021-03-22,3237,364772,1952,190314,1197,168389,88,6069,2215,117040,1015,126739,2303,243779,Not in California
Outside California,2021-03-23,6044,370816,3082,193396,2662,171051,300,6369,4110,119530,1920,128659,4410,248189,Not in California
Outside California,2021-03-24,7309,378125,3762,197158,3103,174154,444,6813,5078,122826,2224,130883,5520,253709,Not in California
Outside California,2021-03-25,8256,386381,3847,201005,3888,178042,521,7334,6021,127146,2223,133106,6543,260252,Not in California
Outside California,2021-03-26,6648,393029,3538,204543,2938,180980,172,7506,4393,129480,2230,135336,4564,264816,Not in California
Outside California,2021-03-27,5533,398562,3139,207682,2179,183159,215,7721,3474,131116,2050,137386,3686,268502,Not in California
Outside California,2021-03-28,3073,401635,1646,209328,1270,184429,157,7878,1987,132179,1081,138467,2144,270646,Not in California
Outside California,2021-03-29,5143,406778,2316,211644,2477,186906,350,8228,2927,133243,2213,140680,3277,273923,Not in California
Outside California,2021-03-30,6840,413618,3608,215252,2669,189575,563,8791,4031,135045,2799,143479,4601,278524,Not in California
Outside California,2021-03-31,6314,419932,3803,219055,1739,191314,772,9563,3351,136207,2958,146437,4120,282644,Not in California
Outside California,2021-04-01,7463,427395,4491,223546,2330,193644,642,10205,4315,138016,3141,149578,4950,287594,Not in California
Outside California,2021-04-02,8431,435826,4511,228057,2782,196426,1138,11343,4363,139454,4061,153639,5499,293093,Not in California
Outside California,2021-04-03,6132,441958,3647,231704,1322,197748,1163,12506,3199,140893,2924,156563,4363,297456,Not in California
Outside California,2021-04-04,1778,443736,875,232579,668,198416,235,12741,969,141287,808,157371,1202,298658,Not in California
Outside California,2021-04-05,4078,447814,2023,234602,1397,199813,658,13399,1940,141752,2133,159504,2598,301256,Not in California
Outside California,2021-04-06,6918,454732,3725,238327,1621,201434,1572,14971,2785,141986,4119,163623,4353,305609,Not in California
Outside California,2021-04-07,8112,462844,4671,242998,1763,203197,1678,16649,3128,141809,4976,168599,4799,310408,Not in California
Outside California,2021-04-08,7988,470832,4250,247248,1828,205025,1910,18559,3078,141887,4901,173500,4979,315387,Not in California
Outside California,2021-04-09,7387,478219,3841,251089,1632,206657,1914,20473,2827,142079,4551,178051,4743,320130,Not in California
Outside California,2021-04-10,6061,484280,3064,254153,1154,207811,1843,22316,1686,141234,4368,182419,3523,323653,Not in California
Outside California,2021-04-11,2801,487081,1522,255675,645,208456,634,22950,942,140954,1857,184276,1577,325230,Not in California
Outside California,2021-04-12,4013,491094,2242,257917,1236,209692,535,23485,1761,141005,2244,186520,2295,327525,Not in California
Outside California,2021-04-13,5659,496753,3654,261571,1982,211674,23,23508,2912,141199,2741,189261,2935,330460,Not in California
Outside California,2021-04-14,5181,501934,3272,264843,1905,213579,4,23512,2810,141647,2366,191627,2814,333274,Not in California
Outside California,2021-04-15,6046,507980,3801,268644,2239,215818,6,23518,3231,142122,2763,194390,3238,336512,Not in California
Outside California,2021-04-16,5775,513755,3310,271954,2458,218276,7,23525,3211,142787,2555,196945,3220,339732,Not in California
Outside California,2021-04-17,5171,518926,3079,275033,2091,220367,1,23526,2917,143458,2246,199191,2917,342649,Not in California
Outside California,2021-04-18,2057,520983,1142,276175,914,221281,1,23527,961,143331,1090,200281,963,343612,Not in California
Outside California,2021-04-19,4099,525082,1990,278165,2108,223389,1,23528,2116,143477,1973,202254,2119,345731,Not in California
Outside California,2021-04-20,5311,530393,2434,280599,2877,226266,0,23528,2173,142519,3131,205385,2173,347904,Not in California
Outside California,2021-04-21,6273,536666,2634,283233,3636,229902,3,23531,2216,140701,4038,209423,2220,350124,Not in California
Outside California,2021-04-22,6663,543329,3422,286655,3238,233140,3,23534,2407,138868,4244,213667,2411,352535,Not in California
Outside California,2021-04-23,5826,549155,2932,289587,2893,236033,1,23535,2405,137870,3406,217073,2408,354943,Not in California
Outside California,2021-04-24,4379,553534,2894,292481,1481,237514,4,23539,1680,136865,2692,219765,1687,356630,Not in California
Outside California,2021-04-25,2127,555661,1255,293736,870,238384,2,23541,1089,136925,1034,220799,1094,357724,Not in California
Outside California,2021-04-26,3623,559284,1620,295356,1980,240364,23,23564,1636,136605,1979,222778,1659,359383,Not in California
Outside California,2021-04-27,5279,564563,1897,297253,3090,243454,292,23856,1933,135498,3337,226115,2230,361613,Not in California
Outside California,2021-04-28,4850,569413,2055,299308,2402,245856,393,24249,1950,134954,2889,229004,2345,363958,Not in California
Outside California,2021-04-29,4909,574322,2247,301555,2230,248086,432,24681,1925,134347,2964,231968,2357,366315,Not in California
Outside California,2021-04-30,4991,579313,2467,304022,2100,250186,424,25105,1981,133754,2998,234966,2405,368720,Not in California
Outside California,2021-05-01,3252,582565,1932,305954,891,251077,429,25534,1365,133670,1877,236843,1793,370513,Not in California
Outside California,2021-05-02,1871,584436,1093,307047,655,251732,123,25657,863,133650,1006,237849,986,371499,Not in California
Outside California,2021-05-03,3004,587440,1762,308809,963,252695,279,25936,1268,133465,1732,239581,1547,373046,Not in California
Outside California,2021-05-04,4236,591676,2429,311238,1364,254059,443,26379,1650,132975,2580,242161,2090,375136,Not in California
Outside California,2021-05-05,4574,596250,2722,313960,1485,255544,367,26746,1865,132510,2700,244861,2235,377371,Not in California
Outside California,2021-05-06,4484,600734,2845,316805,1307,256851,332,27078,1742,131847,2736,247597,2073,379444,Not in California
Outside California,2021-05-07,4866,605600,2907,319712,1582,258433,377,27455,1953,131277,2901,250498,2331,381775,Not in California
Outside California,2021-05-08,3558,609158,2456,322168,857,259290,245,27700,1523,131073,1973,252471,1769,383544,Not in California
Outside California,2021-05-09,1356,610514,878,323046,354,259644,124,27824,586,131032,750,253221,709,384253,Not in California
Outside California,2021-05-10,2654,613168,1241,324287,1088,260732,325,28149,1070,130862,1567,254788,1397,385650,Not in California
Outside California,2021-05-11,2854,616022,1400,325687,1177,261909,277,28426,1149,130587,1704,256492,1429,387079,Not in California
Outside California,2021-05-12,2853,618875,1327,327014,1230,263139,296,28722,1125,130284,1723,258215,1420,388499,Not in California
Outside California,2021-05-13,2742,621617,1570,328584,976,264115,196,28918,1253,130251,1483,259698,1450,389949,Not in California
Outside California,2021-05-14,3483,625100,2004,330588,1246,265361,233,29151,1627,130262,1850,261548,1861,391810,Not in California
Outside California,2021-05-15,2594,627694,1525,332113,942,266303,127,29278,1156,130115,1433,262981,1286,393096,Not in California
Outside California,2021-05-16,1606,629300,1024,333137,514,266817,68,29346,770,130121,833,263814,839,393935,Not in California
Outside California,2021-05-17,3001,632301,1639,334776,1146,267963,216,29562,1415,130170,1582,265396,1631,395566,Not in California
Outside California,2021-05-18,3193,635494,1641,336417,1237,269200,315,29877,1532,130370,1649,267045,1849,397415,Not in California
Outside California,2021-05-19,3273,638767,1714,338131,1310,270510,249,30126,1532,130416,1735,268780,1781,399196,Not in California
Outside California,2021-05-20,2052,640819,1202,339333,676,271186,174,30300,994,130535,1051,269831,1170,400366,Not in California
Outside California,2021-05-21,2462,643281,1504,340837,742,271928,216,30516,1136,130571,1317,271148,1353,401719,Not in California
Outside California,2021-05-22,1935,645216,1281,342118,485,272413,169,30685,1098,131007,830,271978,1266,402985,Not in California
Outside California,2021-05-23,755,645971,622,342740,100,272513,33,30718,372,131031,381,272359,405,403390,Not in California
Unknown,2020-12-17,2,2,2,2,0,0,0,0,0,0,0,0,0,0,Not in California
Unknown,2020-12-18,1,3,1,3,0,0,0,0,0,0,0,0,0,0,Not in California
Unknown,2020-12-21,4,7,4,7,0,0,0,0,0,0,0,0,0,0,Not in California
Unknown,2020-12-28,4,11,4,11,0,0,0,0,3,3,0,0,3,3,Not in California
Unknown,2020-12-29,3,14,3,14,0,0,0,0,3,6,0,0,3,6,Not in California
Unknown,2020-12-30,54,68,54,68,0,0,0,0,54,60,0,0,54,60,Not in California
Unknown,2020-12-31,1,69,0,68,1,1,0,0,0,60,0,0,0,60,Not in California
Unknown,2021-01-02,1,70,0,68,1,2,0,0,1,61,0,0,1,61,Not in California
Unknown,2021-01-04,3,73,3,71,0,2,0,0,2,63,0,0,2,63,Not in California
Unknown,2021-01-06,6,79,4,75,2,4,0,0,6,69,0,0,6,69,Not in California
Unknown,2021-01-07,70,149,69,144,1,5,0,0,70,139,0,0,70,139,Not in California
Unknown,2021-01-08,1,150,0,144,1,6,0,0,2,141,0,0,2,141,Not in California
Unknown,2021-01-09,2,152,2,146,0,6,0,0,3,144,0,0,3,144,Not in California
Unknown,2021-01-11,19,171,19,165,0,6,0,0,18,162,0,0,18,162,Not in California
Unknown,2021-01-12,10,181,9,174,1,7,0,0,8,170,1,1,9,171,Not in California
Unknown,2021-01-13,10,191,10,184,0,7,0,0,11,181,0,1,11,182,Not in California
Unknown,2021-01-14,3,194,3,187,0,7,0,0,3,184,0,1,3,185,Not in California
Unknown,2021-01-15,5,199,4,191,1,8,0,0,5,189,0,1,5,190,Not in California
Unknown,2021-01-16,6,205,6,197,0,8,0,0,6,195,0,1,6,196,Not in California
Unknown,2021-01-17,3,208,3,200,0,8,0,0,3,198,0,1,3,199,Not in California
Unknown,2021-01-18,51,259,51,251,0,8,0,0,49,245,2,3,49,248,Not in California
Unknown,2021-01-19,22,281,22,273,0,8,0,0,19,262,2,5,19,267,Not in California
Unknown,2021-01-20,79,360,79,352,0,8,0,0,28,238,52,57,28,295,Not in California
Unknown,2021-01-21,56,416,54,406,2,10,0,0,57,294,1,58,57,352,Not in California
Unknown,2021-01-22,34,450,29,435,5,15,0,0,34,328,0,58,34,386,Not in California
Unknown,2021-01-23,11,461,5,440,6,21,0,0,11,339,0,58,11,397,Not in California
Unknown,2021-01-24,2,463,2,442,0,21,0,0,3,342,0,58,3,400,Not in California
Unknown,2021-01-25,19,482,17,459,2,23,0,0,16,355,3,61,16,416,Not in California
Unknown,2021-01-26,93,575,93,552,0,23,0,0,96,451,0,61,96,512,Not in California
Unknown,2021-01-27,16,591,16,568,0,23,0,0,15,465,1,62,15,527,Not in California
Unknown,2021-01-28,140,731,138,706,2,25,0,0,83,488,60,122,83,610,Not in California
Unknown,2021-01-29,139,870,139,845,0,25,0,0,143,630,1,123,143,753,Not in California
Unknown,2021-01-30,11,881,9,854,2,27,0,0,13,641,2,125,13,766,Not in California
Unknown,2021-01-31,14,895,14,868,0,27,0,0,15,656,0,125,15,781,Not in California
Unknown,2021-02-01,37,932,35,903,2,29,0,0,21,659,18,143,21,802,Not in California
Unknown,2021-02-02,64,996,63,966,1,30,0,0,57,710,6,149,57,859,Not in California
Unknown,2021-02-03,36,1032,34,1000,2,32,0,0,25,724,11,160,25,884,Not in California
Unknown,2021-02-04,56,1088,51,1051,5,37,0,0,51,770,5,165,51,935,Not in California
Unknown,2021-02-05,18,1106,14,1065,4,41,0,0,14,780,4,169,14,949,Not in California
Unknown,2021-02-06,14,1120,14,1079,0,41,0,0,9,783,6,175,9,958,Not in California
Unknown,2021-02-07,8,1128,8,1087,0,41,0,0,6,787,2,177,6,964,Not in California
Unknown,2021-02-08,51,1179,48,1135,3,44,0,0,14,764,37,214,14,978,Not in California
Unknown,2021-02-09,18,1197,18,1153,0,44,0,0,4,754,14,228,4,982,Not in California
Unknown,2021-02-10,34,1231,30,1183,4,48,0,0,9,738,25,253,9,991,Not in California
Unknown,2021-02-11,85,1316,84,1267,1,49,0,0,43,738,43,296,43,1034,Not in California
Unknown,2021-02-12,36,1352,29,1296,7,56,0,0,9,720,27,323,9,1043,Not in California
Unknown,2021-02-13,9,1361,2,1298,7,63,0,0,8,727,1,324,8,1051,Not in California
Unknown,2021-02-14,7,1368,1,1299,6,69,0,0,5,731,1,325,5,1056,Not in California
Unknown,2021-02-15,41,1409,35,1334,6,75,0,0,27,746,12,337,27,1083,Not in California
Unknown,2021-02-16,101,1510,91,1425,10,85,0,0,29,703,72,409,29,1112,Not in California
Unknown,2021-02-17,10,1520,8,1433,2,87,0,0,4,702,5,414,4,1116,Not in California
Unknown,2021-02-18,89,1609,84,1517,5,92,0,0,17,647,72,486,17,1133,Not in California
Unknown,2021-02-19,184,1793,179,1696,5,97,0,0,53,570,130,616,53,1186,Not in California
Unknown,2021-02-20,7,1800,5,1701,2,99,0,0,2,567,5,621,2,1188,Not in California
Unknown,2021-02-21,14,1814,14,1715,0,99,0,0,1,555,13,634,1,1189,Not in California
Unknown,2021-02-22,9,1823,9,1724,0,99,0,0,6,558,3,637,6,1195,Not in California
Unknown,2021-02-23,61,1884,49,1773,12,111,0,0,15,528,45,682,15,1210,Not in California
Unknown,2021-02-24,33,1917,26,1799,7,118,0,0,14,523,19,701,14,1224,Not in California
Unknown,2021-02-25,67,1984,54,1853,13,131,0,0,24,504,43,744,24,1248,Not in California
Unknown,2021-02-26,39,2023,25,1878,14,145,0,0,22,512,14,758,22,1270,Not in California
Unknown,2021-02-27,21,2044,15,1893,6,151,0,0,11,515,8,766,11,1281,Not in California
Unknown,2021-02-28,17,2061,13,1906,4,155,0,0,10,520,5,771,10,1291,Not in California
Unknown,2021-03-01,45,2106,27,1933,18,173,0,0,24,524,20,791,24,1315,Not in California
Unknown,2021-03-02,19,2125,7,1940,12,185,0,0,12,531,5,796,12,1327,Not in California
Unknown,2021-03-03,11,2136,6,1946,5,190,0,0,7,535,3,799,7,1334,Not in California
Unknown,2021-03-04,43,2179,40,1986,3,193,0,0,13,518,30,829,13,1347,Not in California
Unknown,2021-03-05,23,2202,13,1999,10,203,0,0,22,536,4,833,22,1369,Not in California
Unknown,2021-03-06,20,2222,12,2011,6,209,2,2,16,550,4,837,18,1387,Not in California
Unknown,2021-03-07,2,2224,1,2012,1,210,0,2,3,553,0,837,3,1390,Not in California
Unknown,2021-03-08,31,2255,22,2034,7,217,2,4,8,539,24,861,10,1400,Not in California
Unknown,2021-03-09,35,2290,28,2062,3,220,4,8,9,525,27,888,13,1413,Not in California
Unknown,2021-03-10,9,2299,6,2068,1,221,2,10,5,527,5,893,7,1420,Not in California
Unknown,2021-03-11,28,2327,12,2080,2,223,14,24,7,527,21,914,21,1441,Not in California
Unknown,2021-03-12,68,2395,52,2132,11,234,5,29,11,488,55,969,16,1457,Not in California
Unknown,2021-03-13,15,2410,4,2136,7,241,4,33,6,488,10,979,10,1467,Not in California
Unknown,2021-03-14,14,2424,6,2142,6,247,2,35,5,487,8,987,7,1474,Not in California
Unknown,2021-03-15,31,2455,11,2153,18,265,2,37,20,496,13,1000,22,1496,Not in California
Unknown,2021-03-16,47,2502,20,2173,23,288,4,41,27,507,20,1020,31,1527,Not in California
Unknown,2021-03-17,38,2540,14,2187,23,311,1,42,33,537,4,1024,34,1561,Not in California
Unknown,2021-03-18,30,2570,17,2204,13,324,0,42,18,544,11,1035,18,1579,Not in California
Unknown,2021-03-19,29,2599,18,2222,11,335,0,42,22,559,7,1042,22,1601,Not in California
Unknown,2021-03-20,27,2626,15,2237,12,347,0,42,15,563,11,1053,15,1616,Not in California
Unknown,2021-03-21,18,2644,12,2249,6,353,0,42,14,574,3,1056,14,1630,Not in California
Unknown,2021-03-22,36,2680,19,2268,16,369,1,43,18,581,12,1068,19,1649,Not in California
Unknown,2021-03-23,23,2703,9,2277,9,378,5,48,11,586,11,1079,16,1665,Not in California
Unknown,2021-03-24,23,2726,9,2286,14,392,0,48,18,599,5,1084,18,1683,Not in California
Unknown,2021-03-25,37,2763,24,2310,13,405,0,48,25,615,9,1093,25,1708,Not in California
Unknown,2021-03-26,36,2799,20,2330,11,416,5,53,18,623,15,1108,23,1731,Not in California
Unknown,2021-03-27,32,2831,15,2345,14,430,3,56,17,626,17,1125,20,1751,Not in California
Unknown,2021-03-28,16,2847,9,2354,7,437,0,56,11,633,4,1129,11,1762,Not in California
Unknown,2021-03-29,38,2885,18,2372,19,456,1,57,23,645,12,1141,24,1786,Not in California
Unknown,2021-03-30,41,2926,25,2397,16,472,0,57,25,655,15,1156,25,1811,Not in California
Unknown,2021-03-31,34,2960,21,2418,13,485,0,57,23,667,11,1167,23,1834,Not in California
Unknown,2021-04-01,19,2979,15,2433,4,489,0,57,13,675,5,1172,13,1847,Not in California
Unknown,2021-04-02,40,3019,16,2449,15,504,9,66,17,678,23,1195,26,1873,Not in California
Unknown,2021-04-03,19,3038,9,2458,10,514,0,66,9,677,10,1205,9,1882,Not in California
Unknown,2021-04-04,17,3055,4,2462,13,527,0,66,10,681,6,1211,10,1892,Not in California
Unknown,2021-04-05,31,3086,17,2479,13,540,1,67,17,686,13,1224,18,1910,Not in California
Unknown,2021-04-06,21,3107,13,2492,7,547,1,68,12,689,10,1234,13,1923,Not in California
Unknown,2021-04-07,32,3139,23,2515,9,556,0,68,24,705,8,1242,24,1947,Not in California
Unknown,2021-04-08,29,3168,19,2534,6,562,4,72,14,706,17,1259,18,1965,Not in California
Unknown,2021-04-09,35,3203,25,2559,10,572,0,72,24,719,11,1270,24,1989,Not in California
Unknown,2021-04-10,9,3212,8,2567,1,573,0,72,4,717,6,1276,4,1993,Not in California
Unknown,2021-04-11,11,3223,7,2574,4,577,0,72,5,717,5,1281,5,1998,Not in California
Unknown,2021-04-12,37,3260,20,2594,16,593,1,73,16,711,23,1304,17,2015,Not in California
Unknown,2021-04-13,44,3304,26,2620,18,611,0,73,17,701,27,1331,17,2032,Not in California
Unknown,2021-04-14,27,3331,8,2628,19,630,0,73,6,685,22,1353,6,2038,Not in California
Unknown,2021-04-15,31,3362,16,2644,14,644,1,74,8,672,22,1375,9,2047,Not in California
Unknown,2021-04-16,25,3387,15,2659,10,654,0,74,9,665,16,1391,9,2056,Not in California
Unknown,2021-04-17,21,3408,12,2671,9,663,0,74,6,658,14,1405,7,2063,Not in California
Unknown,2021-04-18,20,3428,8,2679,12,675,0,74,9,655,12,1417,9,2072,Not in California
Unknown,2021-04-19,35,3463,21,2700,14,689,0,74,16,653,18,1435,16,2088,Not in California
Unknown,2021-04-20,25,3488,14,2714,11,700,0,74,5,638,20,1455,5,2093,Not in California
Unknown,2021-04-21,35,3523,15,2729,20,720,0,74,17,631,24,1479,17,2110,Not in California
Unknown,2021-04-22,23,3546,14,2743,9,729,0,74,7,621,17,1496,7,2117,Not in California
Unknown,2021-04-23,33,3579,16,2759,17,746,0,74,17,624,14,1510,17,2134,Not in California
Unknown,2021-04-24,25,3604,13,2772,12,758,0,74,16,631,9,1519,16,2150,Not in California
Unknown,2021-04-25,24,3628,10,2782,14,772,0,74,14,634,11,1530,14,2164,Not in California
Unknown,2021-04-26,20,3648,13,2795,7,779,0,74,7,627,14,1544,7,2171,Not in California
Unknown,2021-04-27,25,3673,12,2807,13,792,0,74,7,615,19,1563,7,2178,Not in California
Unknown,2021-04-28,27,3700,19,2826,7,799,1,75,11,608,19,1582,12,2190,Not in California
Unknown,2021-04-29,32,3732,21,2847,11,810,0,75,12,600,20,1602,12,2202,Not in California
Unknown,2021-04-30,28,3760,14,2861,9,819,5,80,14,604,15,1617,19,2221,Not in California
Unknown,2021-05-01,28,3788,21,2882,7,826,0,80,17,610,11,1628,17,2238,Not in California
Unknown,2021-05-02,14,3802,7,2889,6,832,1,81,6,609,8,1636,7,2245,Not in California
Unknown,2021-05-03,26,3828,18,2907,5,837,3,84,7,599,19,1655,9,2254,Not in California
Unknown,2021-05-04,21,3849,11,2918,6,843,4,88,5,592,16,1671,9,2263,Not in California
Unknown,2021-05-05,30,3879,11,2929,18,861,1,89,16,595,14,1685,17,2280,Not in California
Unknown,2021-05-06,21,3900,12,2941,6,867,3,92,9,595,12,1697,12,2292,Not in California
Unknown,2021-05-07,26,3926,14,2955,10,877,2,94,11,593,15,1712,13,2305,Not in California
Unknown,2021-05-08,16,3942,10,2965,4,881,2,96,7,594,8,1720,9,2314,Not in California
Unknown,2021-05-09,18,3960,5,2970,9,890,4,100,8,596,10,1730,12,2326,Not in California
Unknown,2021-05-10,18,3978,11,2981,6,896,1,101,3,586,14,1744,4,2330,Not in California
Unknown,2021-05-11,15,3993,9,2990,2,898,4,105,8,591,7,1751,12,2342,Not in California
Unknown,2021-05-12,14,4007,9,2999,4,902,1,106,6,590,8,1759,7,2349,Not in California
Unknown,2021-05-13,15,4022,10,3009,1,903,4,110,9,597,7,1766,14,2363,Not in California
Unknown,2021-05-14,24,4046,20,3029,3,906,1,111,14,602,9,1775,14,2377,Not in California
Unknown,2021-05-15,21,4067,19,3048,2,908,0,111,12,605,9,1784,12,2389,Not in California
Unknown,2021-05-16,27,4094,18,3066,8,916,1,112,16,611,11,1795,17,2406,Not in California
Unknown,2021-05-17,24,4118,18,3084,4,920,2,114,15,619,9,1804,17,2423,Not in California
Unknown,2021-05-18,39,4157,28,3112,9,929,2,116,31,644,8,1812,33,2456,Not in California
Unknown,2021-05-19,37,4194,28,3140,8,937,1,117,20,649,16,1828,21,2477,Not in California
Unknown,2021-05-20,182,4376,173,3313,8,945,1,118,174,817,7,1835,175,2652,Not in California
Unknown,2021-05-21,193,4569,186,3499,6,951,1,119,185,995,8,1843,186,2838,Not in California
Unknown,2021-05-22,205,4774,197,3696,6,957,2,121,190,1172,15,1858,192,3030,Not in California
Alameda,2020-12-15,36,36,36,36,0,0,0,0,36,36,0,0,36,36,California
Alameda,2020-12-16,208,244,208,244,0,0,0,0,208,244,0,0,208,244,California
Alameda,2020-12-17,397,641,397,641,0,0,0,0,397,641,0,0,397,641,California
Alameda,2020-12-18,1789,2430,1788,2429,1,1,0,0,1789,2430,0,0,1789,2430,California
Alameda,2020-12-19,1437,3867,1437,3866,0,1,0,0,1437,3867,0,0,1437,3867,California
Alameda,2020-12-20,1186,5053,1185,5051,1,2,0,0,1185,5051,1,1,1185,5052,California
Alameda,2020-12-21,1861,6914,1859,6910,2,4,0,0,1860,6911,0,1,1860,6912,California
Alameda,2020-12-22,2098,9012,2045,8955,53,57,0,0,2098,9009,0,1,2098,9010,California
Alameda,2020-12-23,1942,10954,1685,10640,257,314,0,0,1943,10952,0,1,1943,10953,California
Alameda,2020-12-24,1216,12170,759,11399,457,771,0,0,1216,12168,0,1,1216,12169,California
Alameda,2020-12-25,166,12336,129,11528,37,808,0,0,166,12334,0,1,166,12335,California
Alameda,2020-12-26,868,13204,326,11854,542,1350,0,0,868,13202,0,1,868,13203,California
Alameda,2020-12-27,499,13703,256,12110,243,1593,0,0,499,13701,0,1,499,13702,California
Alameda,2020-12-28,1878,15581,955,13065,923,2516,0,0,1878,15579,0,1,1878,15580,California
Alameda,2020-12-29,2477,18058,1071,14136,1406,3922,0,0,2476,18055,0,1,2476,18056,California
Alameda,2020-12-30,3085,21143,1316,15452,1769,5691,0,0,3085,21140,0,1,3085,21141,California
Alameda,2020-12-31,1794,22937,443,15895,1351,7042,0,0,1792,22931,1,2,1792,22933,California
Alameda,2021-01-01,171,23108,69,15964,102,7144,0,0,170,23100,1,3,170,23103,California
Alameda,2021-01-02,726,23834,526,16490,200,7344,0,0,725,23825,0,3,725,23828,California
Alameda,2021-01-03,341,24175,221,16711,120,7464,0,0,338,24160,3,6,338,24166,California
Alameda,2021-01-04,1645,25820,942,17653,703,8167,0,0,1633,25782,11,17,1633,25799,California
Alameda,2021-01-05,2216,28036,1275,18928,941,9108,0,0,1980,27529,233,250,1980,27779,California
Alameda,2021-01-06,3275,31311,1807,20735,1468,10576,0,0,2428,29115,844,1094,2430,30209,California
Alameda,2021-01-07,3809,35120,2148,22883,1661,12237,0,0,2679,30678,1121,2215,2684,32893,California
Alameda,2021-01-08,4763,39883,2728,25611,2035,14272,0,0,3109,32143,1649,3864,3114,36007,California
Alameda,2021-01-09,2032,41915,1383,26994,649,14921,0,0,1173,32457,859,4723,1173,37180,California
Alameda,2021-01-10,1068,42983,847,27841,221,15142,0,0,427,32242,642,5365,427,37607,California
Alameda,2021-01-11,4657,47640,3520,31361,1137,16279,0,0,2860,33313,1796,7161,2867,40474,California
Alameda,2021-01-12,4835,52475,3254,34615,1581,17860,0,0,3448,35378,1386,8547,3451,43925,California
Alameda,2021-01-13,5030,57505,2656,37271,2374,20234,0,0,3840,38034,1186,9733,3842,47767,California
Alameda,2021-01-14,5642,63147,2779,40050,2863,23097,0,0,4755,41914,878,10611,4758,52525,California
Alameda,2021-01-15,5831,68978,2311,42361,3520,26617,0,0,5065,46224,759,11370,5069,57594,California
Alameda,2021-01-16,3002,71980,1408,43769,1594,28211,0,0,2732,48687,270,11640,2733,60327,California
Alameda,2021-01-17,1869,73849,1084,44853,785,28996,0,0,1662,50144,206,11846,1663,61990,California
Alameda,2021-01-18,3195,77044,2053,46906,1142,30138,0,0,2602,52163,588,12434,2607,64597,California
Alameda,2021-01-19,5531,82575,3333,50239,2198,32336,0,0,4340,55316,1189,13623,4342,68939,California
Alameda,2021-01-20,6778,89353,4110,54349,2668,35004,0,0,5487,59529,1278,14901,5491,74430,California
Alameda,2021-01-21,7784,97137,3409,57758,4375,39379,0,0,6945,65646,833,15734,6950,81380,California
Alameda,2021-01-22,6846,103983,2041,59799,4805,44184,0,0,5708,70225,1131,16865,5710,87090,California
Alameda,2021-01-23,3285,107268,951,60750,2334,46518,0,0,2729,72398,556,17421,2729,89819,California
Alameda,2021-01-24,2049,109317,656,61406,1393,47911,0,0,1772,73897,273,17694,1772,91591,California
Alameda,2021-01-25,5202,114519,1974,63380,3228,51139,0,0,3618,75940,1576,19270,3619,95210,California
Alameda,2021-01-26,7250,121769,2298,65678,4952,56091,0,0,5383,79465,1859,21129,5384,100594,California
Alameda,2021-01-27,6638,128407,2060,67738,4578,60669,0,0,4795,82427,1833,22962,4795,105389,California
Alameda,2021-01-28,7892,136299,2553,70291,5339,66008,0,0,5651,85854,2225,25187,5652,111041,California
Alameda,2021-01-29,7938,144237,3192,73483,4746,70754,0,0,6117,90161,1811,26998,6118,117159,California
Alameda,2021-01-30,3429,147666,1682,75165,1747,72501,0,0,2718,92174,705,27703,2718,119877,California
Alameda,2021-01-31,1893,149559,957,76122,936,73437,0,0,1660,93604,230,27933,1660,121537,California
Alameda,2021-02-01,6494,156053,3893,80015,2601,76038,0,0,4345,95810,2140,30073,4346,125883,California
Alameda,2021-02-02,6956,163009,3749,83764,3207,79245,0,0,4655,98171,2294,32367,4655,130538,California
Alameda,2021-02-03,7092,170101,3734,87498,3358,82603,0,0,4395,99880,2691,35058,4400,134938,California
Alameda,2021-02-04,9518,179619,4143,91641,5375,87978,0,0,6407,103193,3099,38157,6412,141350,California
Alameda,2021-02-05,10329,189948,5391,97032,4938,92916,0,0,6459,105794,3864,42021,6465,147815,California
Alameda,2021-02-06,6978,196926,4426,101458,2552,95468,0,0,5853,110523,1124,43145,5853,153668,California
Alameda,2021-02-07,3589,200515,2898,104356,691,96159,0,0,2646,112230,940,44085,2647,156315,California
Alameda,2021-02-08,8080,208595,5778,110134,2302,98461,0,0,5525,115210,2547,46632,5527,161842,California
Alameda,2021-02-09,9712,218307,5855,115989,3857,102318,0,0,6049,117617,3644,50276,6051,167893,California
Alameda,2021-02-10,11461,229768,6780,122769,4681,106999,0,0,6558,119295,4888,55164,6566,174459,California
Alameda,2021-02-11,13933,243701,8003,130772,5930,112929,0,0,8372,122129,5542,60706,8376,182835,California
Alameda,2021-02-12,12548,256249,5714,136486,6834,119763,0,0,7764,125129,4767,65473,7767,190602,California
Alameda,2021-02-13,7793,264042,4050,140536,3743,123506,0,0,5830,129003,1958,67431,5832,196434,California
Alameda,2021-02-14,4038,268080,2539,143075,1499,125005,0,0,2872,130716,1162,68593,2875,199309,California
Alameda,2021-02-15,5678,273758,3190,146265,2488,127493,0,0,3696,132435,1980,70573,3699,203008,California
Alameda,2021-02-16,12527,286285,6952,153217,5575,133068,0,0,9315,138554,3202,73775,9321,212329,California
Alameda,2021-02-17,14173,300458,8421,161638,5752,138820,0,0,10540,145480,3616,77391,10542,222871,California
Alameda,2021-02-18,15901,316359,10095,171733,5806,144626,0,0,11547,152687,4346,81737,11553,234424,California
Alameda,2021-02-19,17676,334035,11469,183202,6207,150833,0,0,11707,158452,5947,87684,11712,246136,California
Alameda,2021-02-20,11890,345925,9633,192835,2257,153090,0,0,9161,164895,2724,90408,9167,255303,California
Alameda,2021-02-21,7688,353613,6757,199592,931,154021,0,0,5203,167624,2474,92882,5203,260506,California
Alameda,2021-02-22,10801,364414,8016,207608,2785,156806,0,0,6848,170541,3940,96822,6857,267363,California
Alameda,2021-02-23,12909,377323,7907,215515,5002,161808,0,0,8112,173873,4787,101609,8119,275482,California
Alameda,2021-02-24,14776,392099,8329,223844,6447,168255,0,0,9629,178422,5085,106694,9634,285116,California
Alameda,2021-02-25,15635,407734,9135,232979,6500,174755,0,0,9980,182788,5622,112316,9988,295104,California
Alameda,2021-02-26,18125,425859,10659,243638,7466,182221,0,0,11729,188168,6353,118669,11733,306837,California
Alameda,2021-02-27,14894,440753,11001,254639,3891,186112,2,2,9279,191862,5589,124258,9283,316120,California
Alameda,2021-02-28,9183,449936,7746,262385,1437,187549,0,2,6091,194887,3067,127325,6092,322212,California
Alameda,2021-03-01,13498,463434,9431,271816,4060,191609,7,9,8410,198270,5041,132366,8424,330636,California
Alameda,2021-03-02,15054,478488,10832,282648,4221,195830,1,10,9894,203032,5140,137506,9902,340538,California
Alameda,2021-03-03,15698,494186,10272,292920,5425,201255,1,11,10725,208816,4946,142452,10730,351268,California
Alameda,2021-03-04,17437,511623,11182,304102,6253,207508,2,13,10986,213386,6418,148870,10988,362256,California
Alameda,2021-03-05,16295,527918,10675,314777,5611,213119,9,22,11009,219171,5239,154109,11024,373280,California
Alameda,2021-03-06,14555,542473,10270,325047,4020,217139,265,287,9647,224223,4861,158970,9913,383193,California
Alameda,2021-03-07,9772,552245,8508,333555,1183,218322,81,368,6983,228529,2760,161730,7066,390259,California
Alameda,2021-03-08,11971,564216,7472,341027,4120,222442,379,747,8971,234929,2950,164680,9350,399609,California
Alameda,2021-03-09,14707,578923,10330,351357,3946,226388,431,1178,8045,236781,6626,171306,8478,408087,California
Alameda,2021-03-10,17538,596461,12184,363541,4795,231183,559,1737,7926,235676,9586,180892,8481,416568,California
Alameda,2021-03-11,19824,616285,11616,375157,6503,237686,1705,3442,6761,231104,13032,193924,8460,425028,California
Alameda,2021-03-12,21422,637707,12533,387690,7188,244874,1701,5143,7513,226424,13883,207807,9203,434231,California
Alameda,2021-03-13,16085,653792,10336,398026,4752,249626,997,6140,5147,221662,10902,218709,6140,440371,California
Alameda,2021-03-14,10915,664707,8027,406053,2096,251722,792,6932,3423,218394,7472,226181,4204,444575,California
Alameda,2021-03-15,14521,679228,9507,415560,4483,256205,531,7463,6323,217077,8168,234349,6851,451426,California
Alameda,2021-03-16,17304,696532,11237,426797,5528,261733,539,8002,7426,215217,9826,244175,7966,459392,California
Alameda,2021-03-17,17538,714070,9922,436719,6895,268628,721,8723,8113,214663,9385,253560,8831,468223,California
Alameda,2021-03-18,19250,733320,10492,447211,7860,276488,898,9621,8783,213913,10435,263995,9685,477908,California
Alameda,2021-03-19,19459,752779,10683,457894,6977,283465,1799,11420,7683,211660,11729,275724,9476,487384,California
Alameda,2021-03-20,15862,768641,10390,468284,4615,288080,857,12277,6443,209570,9387,285111,7297,494681,California
Alameda,2021-03-21,9259,777900,7284,475568,1420,289500,555,12832,3784,208444,5465,290576,4339,499020,California
Alameda,2021-03-22,15111,793011,10203,485771,3900,293400,1008,13840,7024,208411,8060,298636,8027,507047,California
Alameda,2021-03-23,19405,812416,11778,497549,6812,300212,815,14655,9876,209627,9481,308117,10697,517744,California
Alameda,2021-03-24,19320,831736,11723,509272,6578,306790,1019,15674,8447,208275,10810,318927,9458,527202,California
Alameda,2021-03-25,20626,852362,11482,520754,7737,314527,1407,17081,9503,208121,11054,329981,10900,538102,California
Alameda,2021-03-26,21055,873417,12712,533466,6772,321299,1571,18652,8547,205767,12462,342443,10108,548210,California
Alameda,2021-03-27,18433,891850,12570,546036,4901,326200,962,19614,7592,203509,10794,353237,8536,556746,California
Alameda,2021-03-28,10686,902536,8702,554738,1781,327981,203,19817,3530,200106,7143,360380,3740,560486,California
Alameda,2021-03-29,14785,917321,9485,564223,4304,332285,996,20813,5998,198347,8751,369131,6992,567478,California
Alameda,2021-03-30,18678,935999,9887,574110,7070,339355,1721,22534,9324,200062,9323,378454,11038,578516,California
Alameda,2021-03-31,19475,955474,10319,584429,7052,346407,2104,24638,9157,201020,10291,388745,11249,589765,California
Alameda,2021-04-01,23407,978881,10079,594508,7648,354055,5680,30318,11090,205502,12273,401018,16755,606520,California
Alameda,2021-04-02,24152,1003033,9969,604477,8326,362381,5857,36175,11679,210577,12434,413452,17509,624029,California
Alameda,2021-04-03,20403,1023436,9840,614317,5698,368079,4865,41040,10345,215744,10039,423491,15206,639235,California
Alameda,2021-04-04,9990,1033426,3990,618307,2287,370366,3713,44753,3464,216407,6509,430000,7172,646407,California
Alameda,2021-04-05,17836,1051262,7536,625843,5527,375893,4773,49526,7265,217895,10546,440546,12034,658441,California
Alameda,2021-04-06,22209,1073471,10706,636549,5665,381558,5838,55364,10071,221687,12101,452647,15893,674334,California
Alameda,2021-04-07,22544,1096015,11572,648121,5516,387074,5456,60820,11419,227472,11079,463726,16864,691198,California
Alameda,2021-04-08,25424,1121439,11491,659612,5970,393044,7963,68783,10843,231750,14509,478235,18787,709985,California
Alameda,2021-04-09,23304,1144743,10638,670250,7450,400494,5216,73999,11988,237668,11285,489520,17203,727188,California
Alameda,2021-04-10,18843,1163586,7426,677676,5595,406089,5822,79821,8136,240927,10683,500203,13942,741130,California
Alameda,2021-04-11,10991,1174577,4792,682468,2264,408353,3935,83756,4469,242813,6505,506708,8391,749521,California
Alameda,2021-04-12,18012,1192589,11719,694187,4307,412660,1986,85742,10118,247053,7859,514567,12099,761620,California
Alameda,2021-04-13,23025,1215614,14610,708797,8359,421019,56,85798,16934,258014,6039,520606,17000,778620,California
Alameda,2021-04-14,23110,1238724,15184,723981,7925,428944,1,85799,15603,266151,7474,528080,15611,794231,California
Alameda,2021-04-15,24108,1262832,15397,739378,8709,437653,2,85801,15990,274093,8058,536138,16000,810231,California
Alameda,2021-04-16,24414,1287246,14415,753793,9994,447647,5,85806,15729,281209,8629,544767,15745,825976,California
Alameda,2021-04-17,20900,1308146,14443,768236,6457,454104,0,85806,14431,289221,6434,551201,14446,840422,California
Alameda,2021-04-18,9977,1318123,7632,775868,2345,456449,0,85806,6906,293090,3042,554243,6911,847333,California
Alameda,2021-04-19,15668,1333791,9756,785624,5911,462360,1,85807,9084,295635,6549,560792,9094,856427,California
Alameda,2021-04-20,18183,1351974,11123,796747,7058,469418,2,85809,9977,297473,8161,568953,9999,866426,California
Alameda,2021-04-21,19160,1371134,11216,807963,7935,477353,9,85818,11182,300757,7926,576879,11210,877636,California
Alameda,2021-04-22,21462,1392596,13832,821795,7627,484980,3,85821,11429,302234,9980,586859,11457,889093,California
Alameda,2021-04-23,21760,1414356,14144,835939,7613,492593,3,85824,12200,304961,9502,596361,12229,901322,California
Alameda,2021-04-24,19019,1433375,14449,850388,4563,497156,7,85831,10061,306125,8914,605275,10078,911400,California
Alameda,2021-04-25,8901,1442276,6933,857321,1967,499123,1,85832,5792,308847,3081,608356,5803,917203,California
Alameda,2021-04-26,13815,1456091,9641,866962,4151,503274,23,85855,8592,312277,5194,613550,8624,925827,California
Alameda,2021-04-27,15795,1471886,9398,876360,6092,509366,305,86160,7457,311772,8291,621841,7786,933613,California
Alameda,2021-04-28,15994,1487880,10190,886550,5339,514705,465,86625,6262,308808,9703,631544,6739,940352,California
Alameda,2021-04-29,16766,1504646,10057,896607,6384,521089,325,86950,6006,304448,10711,642255,6351,946703,California
Alameda,2021-04-30,19469,1524115,12002,908609,7127,528216,340,87290,7890,301212,11504,653759,8268,954971,California
Alameda,2021-05-01,13973,1538088,9327,917936,4443,532659,203,87493,5219,297945,8719,662478,5452,960423,California
Alameda,2021-05-02,7033,1545121,4892,922828,1972,534631,169,87662,2872,296845,4146,666624,3046,963469,California
Alameda,2021-05-03,14411,1559532,10908,933736,3183,537814,320,87982,2819,288463,11549,678173,3167,966636,California
Alameda,2021-05-04,18248,1577780,13089,946825,4801,542615,358,88340,3648,277964,14536,692709,4037,970673,California
Alameda,2021-05-05,18306,1596086,13291,960116,4508,547123,507,88847,3742,267727,14501,707210,4264,974937,California
Alameda,2021-05-06,18556,1614642,14042,974158,3820,550943,694,89541,3595,257140,14889,722099,4302,979239,California
Alameda,2021-05-07,19080,1633722,12855,987013,5812,556755,413,89954,4350,247263,14662,736761,4785,984024,California
Alameda,2021-05-08,16456,1650178,11252,998265,4991,561746,213,90167,3097,237266,13321,750082,3324,987348,California
Alameda,2021-05-09,8504,1658682,6949,1005214,1412,563158,143,90310,1451,231831,7032,757114,1597,988945,California
Alameda,2021-05-10,10082,1668764,6889,1012103,2866,566024,327,90637,2484,227084,7566,764680,2819,991764,California
Alameda,2021-05-11,14966,1683730,7995,1020098,6672,572696,299,90936,2708,217907,12216,776896,3039,994803,California
Alameda,2021-05-12,12575,1696305,8253,1028351,3908,576604,414,91350,2617,211046,9918,786814,3057,997860,California
Alameda,2021-05-13,16698,1713003,11955,1040306,4226,580830,517,91867,5148,205232,11509,798323,5695,1003555,California
Alameda,2021-05-14,20397,1733400,13843,1054149,6137,586967,417,92284,7016,199374,13304,811627,7446,1011001,California
Alameda,2021-05-15,16993,1750393,12358,1066507,4409,591376,226,92510,5776,194205,11177,822804,6008,1017009,California
Alameda,2021-05-16,8336,1758729,7122,1073629,1122,592498,92,92602,2782,191560,5525,828329,2880,1019889,California
Alameda,2021-05-17,13264,1771993,9856,1083485,2881,595379,527,93129,4327,187526,8904,837233,4870,1024759,California
Alameda,2021-05-18,14036,1786029,10181,1093666,3435,598814,420,93549,5136,184224,8861,846094,5559,1030318,California
Alameda,2021-05-19,14287,1800316,9757,1103423,4199,603013,331,93880,6099,182516,8140,854234,6432,1036750,California
Alameda,2021-05-20,11269,1811585,7522,1110945,3335,606348,412,94292,5221,182142,6009,860243,5635,1042385,California
Alameda,2021-05-21,13383,1824968,8860,1119805,4302,610650,221,94513,4520,178074,8808,869051,4740,1047125,California
Alameda,2021-05-22,8677,1833645,6437,1126242,2118,612768,122,94635,3616,176777,5036,874087,3739,1050864,California
Alameda,2021-05-23,2861,1836506,2265,1128507,549,613317,47,94682,600,175169,2255,876342,647,1051511,California
Alpine,2020-12-18,2,2,2,2,0,0,0,0,2,2,0,0,2,2,California
Alpine,2020-12-19,2,4,2,4,0,0,0,0,2,4,0,0,2,4,California
Alpine,2020-12-21,2,6,2,6,0,0,0,0,2,6,0,0,2,6,California
Alpine,2020-12-30,14,20,0,6,14,14,0,0,14,20,0,0,14,20,California
Alpine,2020-12-31,1,21,0,6,1,15,0,0,1,21,0,0,1,21,California
Alpine,2021-01-01,1,22,0,6,1,16,0,0,1,22,0,0,1,22,California
Alpine,2021-01-02,1,23,1,7,0,16,0,0,1,23,0,0,1,23,California
Alpine,2021-01-04,10,33,0,7,10,26,0,0,10,33,0,0,10,33,California
Alpine,2021-01-05,9,42,1,8,8,34,0,0,9,42,0,0,9,42,California
Alpine,2021-01-06,31,73,0,8,31,65,0,0,31,73,0,0,31,73,California
Alpine,2021-01-07,8,81,0,8,8,73,0,0,8,81,0,0,8,81,California
Alpine,2021-01-08,4,85,2,10,2,75,0,0,2,81,2,2,2,83,California
Alpine,2021-01-09,2,87,2,12,0,75,0,0,0,79,2,4,0,83,California
Alpine,2021-01-11,32,119,1,13,31,106,0,0,31,109,1,5,31,114,California
Alpine,2021-01-13,35,154,0,13,35,141,0,0,35,144,0,5,35,149,California
Alpine,2021-01-14,1,155,0,13,1,142,0,0,1,145,0,5,1,150,California
Alpine,2021-01-15,1,156,0,13,1,143,0,0,1,146,0,5,1,151,California
Alpine,2021-01-20,21,177,0,13,21,164,0,0,21,167,0,5,21,172,California
Alpine,2021-01-21,1,178,0,13,1,165,0,0,1,168,0,5,1,173,California
Alpine,2021-01-22,33,211,0,13,33,198,0,0,33,201,0,5,33,206,California
Alpine,2021-01-23,1,212,1,14,0,198,0,0,0,200,1,6,0,206,California
Alpine,2021-01-25,16,228,0,14,16,214,0,0,16,216,0,6,16,222,California
Alpine,2021-01-27,1,229,1,15,0,214,0,0,0,215,1,7,0,222,California
Alpine,2021-01-28,1,230,0,15,1,215,0,0,0,214,1,8,0,222,California
Alpine,2021-01-29,1,231,0,15,1,216,0,0,1,215,0,8,1,223,California
Alpine,2021-02-01,25,256,0,15,25,241,0,0,7,204,18,26,7,230,California
Alpine,2021-02-03,34,290,0,15,34,275,0,0,10,190,24,50,10,240,California
Alpine,2021-02-04,8,298,0,15,8,283,0,0,3,188,5,55,3,243,California
Alpine,2021-02-05,31,329,0,15,31,314,0,0,12,181,19,74,12,255,California
Alpine,2021-02-08,32,361,0,15,32,346,0,0,4,157,28,102,4,259,California
Alpine,2021-02-10,34,395,0,15,34,380,0,0,0,123,34,136,0,259,California
Alpine,2021-02-11,6,401,0,15,6,386,0,0,3,123,3,139,3,262,California
Alpine,2021-02-12,1,402,0,15,1,387,0,0,0,122,1,140,0,262,California
Alpine,2021-02-17,23,425,0,15,23,410,0,0,3,105,20,160,3,265,California
Alpine,2021-02-18,2,427,0,15,2,412,0,0,1,105,1,161,1,266,California
Alpine,2021-02-19,34,461,1,16,33,445,0,0,2,75,32,193,2,268,California
Alpine,2021-02-22,27,488,0,16,27,472,0,0,8,64,19,212,8,276,California
Alpine,2021-02-24,1,489,1,17,0,472,0,0,1,65,0,212,1,277,California
Alpine,2021-02-25,6,495,1,18,5,477,0,0,6,71,0,212,6,283,California
Alpine,2021-02-26,30,525,1,19,29,506,0,0,29,99,1,213,29,312,California
Alpine,2021-02-27,1,526,0,19,1,507,0,0,1,100,0,213,1,313,California
Alpine,2021-03-01,36,562,0,19,36,543,0,0,26,116,10,223,26,339,California
Alpine,2021-03-03,29,591,0,19,29,572,0,0,18,123,11,234,18,357,California
Alpine,2021-03-04,11,602,1,20,10,582,0,0,11,134,0,234,11,368,California
Alpine,2021-03-05,30,632,0,20,30,612,0,0,22,148,8,242,22,390,California
Alpine,2021-03-08,31,663,0,20,31,643,0,0,29,175,2,244,29,419,California
Alpine,2021-03-10,73,736,0,20,73,716,0,0,73,248,0,244,73,492,California
Alpine,2021-03-11,35,771,0,20,35,751,0,0,31,275,4,248,31,523,California
Alpine,2021-03-12,19,790,0,20,19,770,0,0,17,290,2,250,17,540,California
Alpine,2021-03-15,21,811,1,21,20,790,0,0,20,309,1,251,20,560,California
Alpine,2021-03-17,23,834,0,21,22,812,1,1,19,325,4,255,20,580,California
Alpine,2021-03-18,38,872,3,24,35,847,0,1,35,357,3,258,35,615,California
Alpine,2021-03-19,2,874,1,25,1,848,0,1,1,357,1,259,1,616,California
Alpine,2021-03-22,24,898,0,25,24,872,0,1,15,363,9,268,15,631,California
Alpine,2021-03-24,19,917,0,25,19,891,0,1,8,360,11,279,8,639,California
Alpine,2021-03-25,35,952,1,26,33,924,1,2,28,382,7,286,29,668,California
Alpine,2021-03-27,1,953,0,26,1,925,0,2,0,381,1,287,0,668,California
Alpine,2021-03-28,1,954,1,27,0,925,0,2,1,382,0,287,1,669,California
Alpine,2021-03-29,19,973,0,27,18,943,1,3,2,368,17,304,3,672,California
Alpine,2021-04-01,18,991,0,27,18,961,0,3,8,366,10,314,8,680,California
Alpine,2021-04-02,101,1092,1,28,100,1061,0,3,46,358,54,368,46,726,California
Alpine,2021-04-05,4,1096,1,29,3,1064,0,3,0,354,4,372,0,726,California
Alpine,2021-04-06,3,1099,2,31,1,1065,0,3,2,355,1,373,2,728,California
Alpine,2021-04-07,117,1216,0,31,116,1181,1,4,30,300,86,459,31,759,California
Alpine,2021-04-08,36,1252,0,31,35,1216,1,5,10,285,26,485,11,770,California
Alpine,2021-04-09,2,1254,0,31,2,1218,0,5,2,287,0,485,2,772,California
Alpine,2021-04-14,47,1301,0,31,47,1265,0,5,10,260,37,522,10,782,California
Alpine,2021-04-15,35,1336,0,31,35,1300,0,5,3,231,32,554,3,785,California
Alpine,2021-04-16,1,1337,0,31,1,1301,0,5,1,232,0,554,1,786,California
Alpine,2021-04-19,1,1338,0,31,1,1302,0,5,1,233,0,554,1,787,California
Alpine,2021-04-21,31,1369,0,31,31,1333,0,5,15,232,16,570,15,802,California
Alpine,2021-04-22,24,1393,0,31,24,1357,0,5,1,210,23,593,1,803,California
Alpine,2021-04-24,2,1395,2,33,0,1357,0,5,0,209,2,595,1,804,California
Alpine,2021-04-25,1,1396,1,34,0,1357,0,5,0,208,1,596,0,804,California
Alpine,2021-04-27,2,1398,1,35,1,1358,0,5,1,208,1,597,1,805,California
Alpine,2021-04-28,36,1434,0,35,36,1394,0,5,6,184,30,627,6,811,California
Alpine,2021-04-29,7,1441,1,36,6,1400,0,5,1,179,6,633,1,812,California
Alpine,2021-04-30,2,1443,1,37,0,1400,1,6,1,180,1,634,2,814,California
Alpine,2021-05-02,1,1444,0,37,0,1400,1,7,0,180,1,635,1,815,California
Alpine,2021-05-05,17,1461,0,37,17,1417,0,7,4,171,13,648,4,819,California
Alpine,2021-05-06,8,1469,0,37,8,1425,0,7,0,163,8,656,0,819,California
Alpine,2021-05-07,1,1470,0,37,1,1426,0,7,0,162,1,657,0,819,California
Alpine,2021-05-10,1,1471,0,37,1,1427,0,7,1,163,0,657,1,820,California
Alpine,2021-05-12,1,1472,0,37,0,1427,1,8,0,163,1,658,1,821,California
Alpine,2021-05-13,3,1475,0,37,3,1430,0,8,0,160,3,661,0,821,California
Alpine,2021-05-17,2,1477,0,37,2,1432,0,8,1,160,1,662,1,822,California
Alpine,2021-05-18,1,1478,0,37,1,1433,0,8,1,161,0,662,1,823,California
Alpine,2021-05-19,15,1493,0,37,15,1448,0,8,0,146,15,677,0,823,California
Alpine,2021-05-20,1,1494,1,38,0,1448,0,8,0,145,1,678,0,823,California
Alpine,2021-05-21,1,1495,1,39,0,1448,0,8,0,144,1,679,0,823,California
Amador,2020-12-16,2,2,2,2,0,0,0,0,2,2,0,0,2,2,California
Amador,2020-12-17,5,7,5,7,0,0,0,0,5,7,0,0,5,7,California
Amador,2020-12-18,45,52,45,52,0,0,0,0,45,52,0,0,45,52,California
Amador,2020-12-19,17,69,17,69,0,0,0,0,17,69,0,0,17,69,California
Amador,2020-12-20,4,73,4,73,0,0,0,0,4,73,0,0,4,73,California
Amador,2020-12-21,31,104,31,104,0,0,0,0,31,104,0,0,31,104,California
Amador,2020-12-22,35,139,34,138,1,1,0,0,35,139,0,0,35,139,California
Amador,2020-12-23,39,178,38,176,1,2,0,0,39,178,0,0,39,178,California
Amador,2020-12-24,5,183,3,179,2,4,0,0,5,183,0,0,5,183,California
Amador,2020-12-26,5,188,4,183,1,5,0,0,5,188,0,0,5,188,California
Amador,2020-12-27,1,189,0,183,1,6,0,0,1,189,0,0,1,189,California
Amador,2020-12-28,31,220,27,210,4,10,0,0,31,220,0,0,31,220,California
Amador,2020-12-29,26,246,19,229,7,17,0,0,26,246,0,0,26,246,California
Amador,2020-12-30,124,370,78,307,46,63,0,0,124,370,0,0,124,370,California
Amador,2020-12-31,192,562,167,474,25,88,0,0,192,562,0,0,192,562,California
Amador,2021-01-01,2,564,0,474,2,90,0,0,2,564,0,0,2,564,California
Amador,2021-01-02,56,620,56,530,0,90,0,0,56,620,0,0,56,620,California
Amador,2021-01-03,65,685,17,547,48,138,0,0,65,685,0,0,65,685,California
Amador,2021-01-04,124,809,1,548,123,261,0,0,124,809,0,0,124,809,California
Amador,2021-01-05,33,842,3,551,30,291,0,0,31,839,2,2,32,841,California
Amador,2021-01-06,40,882,10,561,30,321,0,0,36,871,4,6,36,877,California
Amador,2021-01-07,230,1112,69,630,161,482,0,0,218,1077,12,18,218,1095,California
Amador,2021-01-08,85,1197,70,700,15,497,0,0,41,1075,44,62,42,1137,California
Amador,2021-01-09,11,1208,11,711,0,497,0,0,2,1068,9,71,2,1139,California
Amador,2021-01-10,6,1214,4,715,2,499,0,0,2,1066,4,75,2,1141,California
Amador,2021-01-11,125,1339,44,759,81,580,0,0,88,1118,37,112,89,1230,California
Amador,2021-01-12,64,1403,49,808,15,595,0,0,40,1134,24,136,40,1270,California
Amador,2021-01-13,40,1443,24,832,16,611,0,0,28,1150,12,148,28,1298,California
Amador,2021-01-14,149,1592,21,853,128,739,0,0,139,1280,10,158,140,1438,California
Amador,2021-01-15,60,1652,25,878,35,774,0,0,52,1324,8,166,52,1490,California
Amador,2021-01-16,18,1670,11,889,7,781,0,0,12,1331,6,172,13,1503,California
Amador,2021-01-17,25,1695,5,894,20,801,0,0,25,1356,0,172,25,1528,California
Amador,2021-01-18,31,1726,27,921,4,805,0,0,9,1343,22,194,9,1537,California
Amador,2021-01-19,125,1851,100,1021,25,830,0,0,81,1380,44,238,81,1618,California
Amador,2021-01-20,184,2035,34,1055,150,980,0,0,168,1533,15,253,168,1786,California
Amador,2021-01-21,259,2294,228,1283,31,1011,0,0,148,1571,111,364,149,1935,California
Amador,2021-01-22,136,2430,73,1356,63,1074,0,0,129,1693,7,371,129,2064,California
Amador,2021-01-23,52,2482,32,1388,20,1094,0,0,50,1741,2,373,50,2114,California
Amador,2021-01-24,29,2511,12,1400,17,1111,0,0,26,1764,3,376,26,2140,California
Amador,2021-01-25,59,2570,28,1428,31,1142,0,0,42,1789,17,393,42,2182,California
Amador,2021-01-26,245,2815,17,1445,228,1370,0,0,235,2014,10,403,235,2417,California
Amador,2021-01-27,303,3118,32,1477,271,1641,0,0,256,2226,45,448,257,2674,California
Amador,2021-01-28,369,3487,97,1574,272,1913,0,0,288,2434,81,529,289,2963,California
Amador,2021-01-29,98,3585,32,1606,66,1979,0,0,83,2502,15,544,83,3046,California
Amador,2021-01-30,169,3754,36,1642,133,2112,0,0,164,2661,5,549,164,3210,California
Amador,2021-01-31,32,3786,28,1670,4,2116,0,0,31,2691,1,550,31,3241,California
Amador,2021-02-01,63,3849,23,1693,40,2156,0,0,36,2700,27,577,36,3277,California
Amador,2021-02-02,212,4061,63,1756,149,2305,0,0,126,2743,83,660,126,3403,California
Amador,2021-02-03,142,4203,39,1795,103,2408,0,0,91,2784,50,710,91,3494,California
Amador,2021-02-04,251,4454,74,1869,177,2585,0,0,164,2863,87,797,166,3660,California
Amador,2021-02-05,332,4786,64,1933,268,2853,0,0,316,3163,16,813,316,3976,California
Amador,2021-02-06,99,4885,80,2013,19,2872,0,0,95,3254,4,817,95,4071,California
Amador,2021-02-07,39,4924,35,2048,4,2876,0,0,35,3286,4,821,36,4107,California
Amador,2021-02-08,90,5014,62,2110,28,2904,0,0,73,3342,17,838,73,4180,California
Amador,2021-02-09,175,5189,82,2192,93,2997,0,0,109,3385,66,904,109,4289,California
Amador,2021-02-10,980,6169,80,2272,900,3897,0,0,946,4297,34,938,946,5235,California
Amador,2021-02-11,309,6478,119,2391,190,4087,0,0,199,4388,108,1046,199,5434,California
Amador,2021-02-12,330,6808,121,2512,209,4296,0,0,257,4572,73,1119,257,5691,California
Amador,2021-02-13,167,6975,82,2594,85,4381,0,0,141,4687,26,1145,141,5832,California
Amador,2021-02-14,123,7098,54,2648,69,4450,0,0,106,4776,17,1162,106,5938,California
Amador,2021-02-15,188,7286,61,2709,127,4577,0,0,171,4931,16,1178,171,6109,California
Amador,2021-02-16,465,7751,53,2762,412,4989,0,0,426,5319,39,1217,427,6536,California
Amador,2021-02-17,263,8014,84,2846,179,5168,0,0,166,5388,97,1314,166,6702,California
Amador,2021-02-18,398,8412,99,2945,299,5467,0,0,333,5657,65,1379,334,7036,California
Amador,2021-02-19,195,8607,77,3022,118,5585,0,0,111,5684,84,1463,111,7147,California
Amador,2021-02-20,95,8702,33,3055,62,5647,0,0,67,5723,28,1491,67,7214,California
Amador,2021-02-21,45,8747,34,3089,11,5658,0,0,14,5706,31,1522,14,7228,California
Amador,2021-02-22,65,8812,25,3114,40,5698,0,0,32,5706,32,1554,32,7260,California
Amador,2021-02-23,320,9132,54,3168,266,5964,0,0,140,5667,180,1734,141,7401,California
Amador,2021-02-24,397,9529,58,3226,339,6303,0,0,264,5802,129,1863,264,7665,California
Amador,2021-02-25,524,10053,119,3345,405,6708,0,0,278,5835,245,2108,278,7943,California
Amador,2021-02-26,620,10673,76,3421,544,7252,0,0,505,6226,115,2223,506,8449,California
Amador,2021-02-27,291,10964,92,3513,199,7451,0,0,101,6140,189,2412,103,8552,California
Amador,2021-02-28,104,11068,53,3566,51,7502,0,0,58,6154,46,2458,60,8612,California
Amador,2021-03-01,188,11256,67,3633,121,7623,0,0,119,6205,69,2527,120,8732,California
Amador,2021-03-02,381,11637,63,3696,318,7941,0,0,332,6489,49,2576,333,9065,California
Amador,2021-03-03,243,11880,79,3775,164,8105,0,0,167,6582,75,2651,168,9233,California
Amador,2021-03-04,497,12377,116,3891,381,8486,0,0,394,6874,102,2753,394,9627,California
Amador,2021-03-05,513,12890,77,3968,436,8922,0,0,294,6952,218,2971,296,9923,California
Amador,2021-03-06,99,12989,46,4014,52,8974,1,1,54,6962,45,3016,55,9978,California
Amador,2021-03-07,64,13053,43,4057,21,8995,0,1,21,6940,43,3059,21,9999,California
Amador,2021-03-08,152,13205,71,4128,80,9075,1,2,91,6971,61,3120,92,10091,California
Amador,2021-03-09,372,13577,50,4178,322,9397,0,2,293,7188,76,3196,293,10384,California
Amador,2021-03-10,512,14089,77,4255,433,9830,2,4,111,6901,401,3597,114,10498,California
Amador,2021-03-11,474,14563,118,4373,345,10175,11,15,299,7040,174,3771,313,10811,California
Amador,2021-03-12,568,15131,66,4439,495,10670,7,22,337,7159,230,4001,349,11160,California
Amador,2021-03-13,114,15245,18,4457,89,10759,7,29,74,7204,40,4041,85,11245,California
Amador,2021-03-14,89,15334,19,4476,67,10826,3,32,21,7160,68,4109,24,11269,California
Amador,2021-03-15,180,15514,26,4502,147,10973,7,39,55,7098,125,4234,63,11332,California
Amador,2021-03-16,452,15966,54,4556,388,11361,10,49,138,6934,312,4546,148,11480,California
Amador,2021-03-17,195,16161,43,4599,149,11510,3,52,117,6977,78,4624,121,11601,California
Amador,2021-03-18,478,16639,101,4700,373,11883,4,56,252,7011,226,4850,260,11861,California
Amador,2021-03-19,541,17180,56,4756,468,12351,17,73,391,7274,148,4998,411,12272,California
Amador,2021-03-20,109,17289,45,4801,63,12414,1,74,45,7259,63,5061,48,12320,California
Amador,2021-03-21,48,17337,36,4837,11,12425,1,75,31,7277,16,5077,34,12354,California
Amador,2021-03-22,116,17453,34,4871,53,12478,29,104,52,7294,64,5141,81,12435,California
Amador,2021-03-23,434,17887,47,4918,380,12858,7,111,275,7419,158,5299,283,12718,California
Amador,2021-03-24,343,18230,36,4954,54,12912,253,364,35,7400,307,5606,288,13006,California
Amador,2021-03-25,607,18837,85,5039,516,13428,6,370,395,7590,211,5817,401,13407,California
Amador,2021-03-26,744,19581,44,5083,694,14122,6,376,280,7417,462,6279,289,13696,California
Amador,2021-03-27,90,19671,15,5098,73,14195,2,378,27,7385,63,6342,31,13727,California
Amador,2021-03-28,70,19741,16,5114,52,14247,2,380,12,7343,57,6399,15,13742,California
Amador,2021-03-29,181,19922,27,5141,153,14400,1,381,82,7334,97,6496,88,13830,California
Amador,2021-03-30,535,20457,28,5169,506,14906,1,382,294,7389,240,6736,295,14125,California
Amador,2021-03-31,199,20656,57,5226,137,15043,5,387,43,7282,155,6891,48,14173,California
Amador,2021-04-01,614,21270,87,5313,527,15570,0,387,263,7198,349,7240,265,14438,California
Amador,2021-04-02,607,21877,38,5351,557,16127,12,399,381,7368,225,7465,395,14833,California
Amador,2021-04-03,84,21961,21,5372,43,16170,20,419,21,7348,63,7528,43,14876,California
Amador,2021-04-04,38,21999,3,5375,29,16199,6,425,15,7346,23,7551,21,14897,California
Amador,2021-04-05,144,22143,52,5427,75,16274,17,442,49,7320,94,7645,68,14965,California
Amador,2021-04-06,502,22645,38,5465,445,16719,19,461,222,7283,278,7923,241,15206,California
Amador,2021-04-07,99,22744,34,5499,46,16765,19,480,43,7291,54,7977,62,15268,California
Amador,2021-04-08,496,23240,86,5585,389,17154,21,501,222,7261,273,8250,243,15511,California
Amador,2021-04-09,481,23721,20,5605,442,17596,19,520,211,7220,269,8519,228,15739,California
Amador,2021-04-10,50,23771,14,5619,27,17623,9,529,22,7223,28,8547,31,15770,California
Amador,2021-04-11,50,23821,25,5644,21,17644,4,533,23,7224,26,8573,27,15797,California
Amador,2021-04-12,98,23919,26,5670,62,17706,10,543,42,7220,56,8629,52,15849,California
Amador,2021-04-13,344,24263,50,5720,294,18000,0,543,68,7013,275,8904,68,15917,California
Amador,2021-04-14,280,24543,27,5747,253,18253,0,543,177,7088,102,9006,177,16094,California
Amador,2021-04-15,331,24874,74,5821,257,18510,0,543,72,6906,254,9260,72,16166,California
Amador,2021-04-16,482,25356,29,5850,453,18963,0,543,385,7195,96,9356,385,16551,California
Amador,2021-04-17,60,25416,34,5884,26,18989,0,543,26,7187,34,9390,26,16577,California
Amador,2021-04-18,26,25442,6,5890,20,19009,0,543,11,7184,14,9404,11,16588,California
Amador,2021-04-19,69,25511,27,5917,42,19051,0,543,30,7178,38,9442,32,16620,California
Amador,2021-04-20,436,25947,55,5972,381,19432,0,543,111,6973,318,9760,113,16733,California
Amador,2021-04-21,85,26032,33,6005,52,19484,0,543,43,6975,41,9801,43,16776,California
Amador,2021-04-22,497,26529,78,6083,418,19902,1,544,105,6696,385,10186,106,16882,California
Amador,2021-04-23,358,26887,46,6129,312,20214,0,544,286,6913,71,10257,288,17170,California
Amador,2021-04-24,47,26934,24,6153,23,20237,0,544,26,6919,20,10277,26,17196,California
Amador,2021-04-25,41,26975,19,6172,22,20259,0,544,29,6936,12,10289,29,17225,California
Amador,2021-04-26,86,27061,26,6198,59,20318,1,545,40,6932,45,10334,41,17266,California
Amador,2021-04-27,489,27550,38,6236,451,20769,0,545,87,6620,400,10734,88,17354,California
Amador,2021-04-28,67,27617,29,6265,34,20803,4,549,39,6635,28,10762,43,17397,California
Amador,2021-04-29,222,27839,69,6334,44,20847,109,658,64,6649,158,10920,172,17569,California
Amador,2021-04-30,338,28177,26,6360,308,21155,4,662,95,6505,243,11163,99,17668,California
Amador,2021-05-01,42,28219,16,6376,22,21177,4,666,22,6513,18,11181,26,17694,California
Amador,2021-05-02,26,28245,14,6390,9,21186,3,669,9,6509,17,11198,13,17707,California
Amador,2021-05-03,67,28312,33,6423,24,21210,10,679,27,6506,40,11238,37,17744,California
Amador,2021-05-04,465,28777,26,6449,432,21642,7,686,68,6184,397,11635,75,17819,California
Amador,2021-05-05,201,28978,153,6602,39,21681,9,695,162,6316,39,11674,171,17990,California
Amador,2021-05-06,108,29086,54,6656,49,21730,5,700,63,6341,43,11717,68,18058,California
Amador,2021-05-07,126,29212,29,6685,90,21820,7,707,67,6356,59,11776,74,18132,California
Amador,2021-05-08,41,29253,8,6693,30,21850,3,710,20,6358,21,11797,23,18155,California
Amador,2021-05-09,15,29268,0,6693,9,21859,6,716,4,6357,11,11808,10,18165,California
Amador,2021-05-10,62,29330,15,6708,44,21903,3,719,26,6350,36,11844,29,18194,California
Amador,2021-05-11,102,29432,34,6742,42,21945,26,745,45,6364,57,11901,71,18265,California
Amador,2021-05-12,63,29495,21,6763,41,21986,1,746,29,6360,34,11935,30,18295,California
Amador,2021-05-13,72,29567,38,6801,28,22014,6,752,36,6367,35,11970,42,18337,California
Amador,2021-05-14,394,29961,34,6835,356,22370,4,756,86,6149,308,12278,90,18427,California
Amador,2021-05-15,50,30011,20,6855,19,22389,11,767,23,6156,27,12305,34,18461,California
Amador,2021-05-16,38,30049,15,6870,23,22412,0,767,17,6152,21,12326,17,18478,California
Amador,2021-05-17,75,30124,22,6892,51,22463,2,769,36,6152,38,12364,38,18516,California
Amador,2021-05-18,246,30370,168,7060,43,22506,35,804,163,6268,82,12446,198,18714,California
Amador,2021-05-19,72,30442,22,7082,47,22553,3,807,33,6268,38,12484,38,18752,California
Amador,2021-05-20,78,30520,44,7126,31,22584,3,810,30,6254,47,12531,33,18785,California
Amador,2021-05-21,197,30717,20,7146,177,22761,0,810,23,6103,174,12705,23,18808,California
Amador,2021-05-22,39,30756,14,7160,20,22781,5,815,14,6097,25,12730,19,18827,California
Amador,2021-05-23,5,30761,3,7163,2,22783,0,815,3,6098,2,12732,3,18830,California
Butte,2020-12-16,3,3,3,3,0,0,0,0,3,3,0,0,3,3,California
Butte,2020-12-17,21,24,21,24,0,0,0,0,21,24,0,0,21,24,California
Butte,2020-12-18,50,74,50,74,0,0,0,0,50,74,0,0,50,74,California
Butte,2020-12-19,7,81,7,81,0,0,0,0,7,81,0,0,7,81,California
Butte,2020-12-20,10,91,10,91,0,0,0,0,10,91,0,0,10,91,California
Butte,2020-12-21,634,725,634,725,0,0,0,0,634,725,0,0,634,725,California
Butte,2020-12-22,619,1344,617,1342,2,2,0,0,619,1344,0,0,619,1344,California
Butte,2020-12-23,878,2222,862,2204,16,18,0,0,878,2222,0,0,878,2222,California
Butte,2020-12-24,159,2381,155,2359,4,22,0,0,159,2381,0,0,159,2381,California
Butte,2020-12-26,93,2474,91,2450,2,24,0,0,93,2474,0,0,93,2474,California
Butte,2020-12-27,35,2509,34,2484,1,25,0,0,35,2509,0,0,35,2509,California
Butte,2020-12-28,279,2788,273,2757,6,31,0,0,279,2788,0,0,279,2788,California
Butte,2020-12-29,202,2990,178,2935,24,55,0,0,202,2990,0,0,202,2990,California
Butte,2020-12-30,513,3503,291,3226,222,277,0,0,513,3503,0,0,513,3503,California
Butte,2020-12-31,211,3714,18,3244,193,470,0,0,211,3714,0,0,211,3714,California
Butte,2021-01-01,8,3722,1,3245,7,477,0,0,8,3722,0,0,8,3722,California
Butte,2021-01-02,41,3763,38,3283,3,480,0,0,41,3763,0,0,41,3763,California
Butte,2021-01-03,3,3766,0,3283,3,483,0,0,3,3766,0,0,3,3766,California
Butte,2021-01-04,208,3974,175,3458,33,516,0,0,208,3974,0,0,208,3974,California
Butte,2021-01-05,197,4171,152,3610,45,561,0,0,196,4169,1,1,196,4170,California
Butte,2021-01-06,624,4795,397,4007,227,788,0,0,619,4784,5,6,620,4790,California
Butte,2021-01-07,761,5556,369,4376,392,1180,0,0,741,5505,20,26,741,5531,California
Butte,2021-01-08,669,6225,530,4906,139,1319,0,0,623,6082,46,72,623,6154,California
Butte,2021-01-09,12,6237,7,4913,5,1324,0,0,7,6084,5,77,7,6161,California
Butte,2021-01-10,19,6256,5,4918,14,1338,0,0,14,6093,5,82,14,6175,California
Butte,2021-01-11,985,7241,949,5867,36,1374,0,0,357,5825,628,710,360,6535,California
Butte,2021-01-12,698,7939,653,6520,45,1419,0,0,274,5675,424,1134,274,6809,California
Butte,2021-01-13,1569,9508,1075,7595,494,1913,0,0,731,5570,838,1972,733,7542,California
Butte,2021-01-14,1632,11140,892,8487,740,2653,0,0,1436,6811,195,2167,1436,8978,California
Butte,2021-01-15,1054,12194,813,9300,241,2894,0,0,945,7646,110,2277,945,9923,California
Butte,2021-01-16,586,12780,300,9600,286,3180,0,0,541,8142,45,2322,541,10464,California
Butte,2021-01-17,238,13018,64,9664,174,3354,0,0,201,8306,37,2359,201,10665,California
Butte,2021-01-18,344,13362,302,9966,42,3396,0,0,276,8515,67,2426,276,10941,California
Butte,2021-01-19,495,13857,432,10398,63,3459,0,0,223,8466,272,2698,223,11164,California
Butte,2021-01-20,1368,15225,688,11086,680,4139,0,0,1065,9228,303,3001,1065,12229,California
Butte,2021-01-21,1475,16700,867,11953,608,4747,0,0,1367,10488,107,3108,1367,13596,California
Butte,2021-01-22,1137,17837,478,12431,659,5406,0,0,1084,11519,53,3161,1084,14680,California
Butte,2021-01-23,127,17964,85,12516,42,5448,0,0,101,11594,26,3187,101,14781,California
Butte,2021-01-24,9,17973,7,12523,2,5450,0,0,9,11603,0,3187,9,14790,California
Butte,2021-01-25,655,18628,335,12858,320,5770,0,0,492,11932,163,3350,492,15282,California
Butte,2021-01-26,1469,20097,377,13235,1092,6862,0,0,1332,13127,137,3487,1332,16614,California
Butte,2021-01-27,2095,22192,705,13940,1390,8252,0,0,1365,13763,729,4216,1365,17979,California
Butte,2021-01-28,2263,24455,262,14202,2001,10253,0,0,1951,15403,311,4527,1951,19930,California
Butte,2021-01-29,1685,26140,486,14688,1199,11452,0,0,1308,16335,376,4903,1308,21238,California
Butte,2021-01-30,31,26171,8,14696,23,11475,0,0,29,16362,2,4905,29,21267,California
Butte,2021-01-31,16,26187,14,14710,2,11477,0,0,15,16376,1,4906,15,21282,California
Butte,2021-02-01,1749,27936,406,15116,1343,12820,0,0,1361,17351,386,5292,1361,22643,California
Butte,2021-02-02,1931,29867,363,15479,1568,14388,0,0,1628,18675,304,5596,1628,24271,California
Butte,2021-02-03,2741,32608,777,16256,1964,16352,0,0,1849,19634,890,6486,1849,26120,California
Butte,2021-02-04,2958,35566,324,16580,2634,18986,0,0,2402,21482,554,7040,2402,28522,California
Butte,2021-02-05,1272,36838,667,17247,605,19591,0,0,552,21315,720,7760,553,29075,California
Butte,2021-02-06,145,36983,104,17351,41,19632,0,0,63,21296,82,7842,63,29138,California
Butte,2021-02-07,37,37020,33,17384,4,19636,0,0,13,21285,24,7866,13,29151,California
Butte,2021-02-08,698,37718,548,17932,150,19786,0,0,242,21071,456,8322,242,29393,California
Butte,2021-02-09,953,38671,459,18391,494,20280,0,0,723,21564,230,8552,723,30116,California
Butte,2021-02-10,1706,40377,1190,19581,516,20796,0,0,675,21210,1029,9581,675,30791,California
Butte,2021-02-11,2201,42578,1347,20928,854,21650,0,0,1005,21019,1196,10777,1005,31796,California
Butte,2021-02-12,1003,43581,436,21364,567,22217,0,0,330,20677,672,11449,330,32126,California
Butte,2021-02-13,251,43832,43,21407,208,22425,0,0,150,20726,101,11550,150,32276,California
Butte,2021-02-14,160,43992,9,21416,151,22576,0,0,156,20878,4,11554,156,32432,California
Butte,2021-02-15,263,44255,47,21463,216,22792,0,0,198,21011,65,11619,198,32630,California
Butte,2021-02-16,732,44987,432,21895,300,23092,0,0,276,20830,457,12076,276,32906,California
Butte,2021-02-17,1515,46502,849,22744,666,23758,0,0,842,21001,671,12747,842,33748,California
Butte,2021-02-18,1557,48059,763,23507,794,24552,0,0,747,20938,810,13557,747,34495,California
Butte,2021-02-19,1167,49226,388,23895,779,25331,0,0,401,20580,759,14316,401,34896,California
Butte,2021-02-20,478,49704,32,23927,446,25777,0,0,125,20353,352,14668,125,35021,California
Butte,2021-02-21,18,49722,16,23943,2,25779,0,0,13,20361,5,14673,13,35034,California
Butte,2021-02-22,1501,51223,297,24240,1204,26983,0,0,378,19619,1120,15793,378,35412,California
Butte,2021-02-23,1633,52856,296,24536,1337,28320,0,0,461,18913,1167,16960,461,35873,California
Butte,2021-02-24,2138,54994,598,25134,1540,29860,0,0,727,18237,1403,18363,727,36600,California
Butte,2021-02-25,2075,57069,577,25711,1498,31358,0,0,656,17480,1414,19777,657,37257,California
Butte,2021-02-26,920,57989,311,26022,609,31967,0,0,396,17355,521,20298,396,37653,California
Butte,2021-02-27,236,58225,49,26071,187,32154,0,0,185,17491,49,20347,185,37838,California
Butte,2021-02-28,139,58364,16,26087,123,32277,0,0,131,17614,8,20355,131,37969,California
Butte,2021-03-01,1629,59993,177,26264,1451,33728,1,1,329,16647,1297,21652,330,38299,California
Butte,2021-03-02,1748,61741,198,26462,1550,35278,0,1,312,15527,1432,23084,312,38611,California
Butte,2021-03-03,2787,64528,850,27312,1937,37215,0,1,482,13706,2303,25387,482,39093,California
Butte,2021-03-04,3152,67680,683,27995,2469,39684,0,1,628,11811,2523,27910,628,39721,California
Butte,2021-03-05,1353,69033,616,28611,736,40420,1,2,737,11937,612,28522,738,40459,California
Butte,2021-03-06,247,69280,27,28638,197,40617,23,25,186,12086,60,28582,209,40668,California
Butte,2021-03-07,54,69334,3,28641,34,40651,17,42,29,12107,25,28607,46,40714,California
Butte,2021-03-08,1267,70601,129,28770,1060,41711,78,120,1101,13123,163,28770,1179,41893,California
Butte,2021-03-09,1902,72503,284,29054,1515,43226,103,223,1412,14151,487,29257,1515,43408,California
Butte,2021-03-10,2318,74821,966,30020,1251,44477,101,324,1577,15092,736,29993,1677,45085,California
Butte,2021-03-11,2810,77631,1318,31338,1366,45843,126,450,1982,16383,817,30810,2108,47193,California
Butte,2021-03-12,1146,78777,329,31667,468,46311,349,799,356,16304,784,31594,705,47898,California
Butte,2021-03-13,254,79031,69,31736,136,46447,49,848,62,16222,192,31786,110,48008,California
Butte,2021-03-14,162,79193,16,31752,104,46551,42,890,20,16143,141,31927,62,48070,California
Butte,2021-03-15,1742,80935,359,32111,1089,47640,294,1184,1147,16996,588,32515,1441,49511,California
Butte,2021-03-16,1653,82588,416,32527,1159,48799,78,1262,1113,17649,537,33052,1190,50701,California
Butte,2021-03-17,1955,84543,1358,33885,516,49315,81,1343,1136,18054,811,33863,1216,51917,California
Butte,2021-03-18,1809,86352,1466,35351,214,49529,129,1472,1065,18509,738,34601,1193,53110,California
Butte,2021-03-19,702,87054,314,35665,304,49833,84,1556,348,18597,344,34945,432,53542,California
Butte,2021-03-20,207,87261,32,35697,159,49992,16,1572,95,18596,112,35057,111,53653,California
Butte,2021-03-21,58,87319,27,35724,2,49994,29,1601,15,18597,43,35100,44,53697,California
Butte,2021-03-22,1484,88803,352,36076,1038,51032,94,1695,1220,19649,262,35362,1314,55011,California
Butte,2021-03-23,1826,90629,493,36569,1219,52251,114,1809,1476,20892,347,35709,1590,56601,California
Butte,2021-03-24,2266,92895,1269,37838,871,53122,126,1935,1717,22189,545,36254,1842,58443,California
Butte,2021-03-25,1485,94380,1201,39039,192,53314,92,2027,1018,22836,463,36717,1110,59553,California
Butte,2021-03-26,1208,95588,441,39480,521,53835,246,2273,561,23004,639,37356,807,60360,California
Butte,2021-03-27,301,95889,84,39564,193,54028,24,2297,135,22998,163,37519,157,60517,California
Butte,2021-03-28,226,96115,44,39608,174,54202,8,2305,102,22986,121,37640,109,60626,California
Butte,2021-03-29,1759,97874,381,39989,1308,55510,70,2375,1342,23986,412,38052,1412,62038,California
Butte,2021-03-30,1040,98914,471,40460,479,55989,90,2465,493,24028,541,38593,583,62621,California
Butte,2021-03-31,1779,100693,1304,41764,408,56397,67,2532,1088,24498,685,39278,1155,63776,California
Butte,2021-04-01,3329,104022,2706,44470,496,56893,127,2659,2259,25821,1064,40342,2387,66163,California
Butte,2021-04-02,1002,105024,419,44889,463,57356,120,2779,565,26075,429,40771,683,66846,California
Butte,2021-04-03,347,105371,46,44935,226,57582,75,2854,164,26131,183,40954,239,67085,California
Butte,2021-04-04,188,105559,24,44959,141,57723,23,2877,110,26188,76,41030,133,67218,California
Butte,2021-04-05,1956,107515,420,45379,1364,59087,172,3049,591,25593,1356,42386,761,67979,California
Butte,2021-04-06,2196,109711,616,45995,1160,60247,420,3469,797,25415,1393,43779,1215,69194,California
Butte,2021-04-07,3023,112734,1312,47307,1319,61566,392,3861,703,24200,2314,46093,1099,70293,California
Butte,2021-04-08,2722,115456,1190,48497,1267,62833,265,4126,440,22626,2279,48372,705,70998,California
Butte,2021-04-09,1365,116821,349,48846,536,63369,480,4606,324,22388,1037,49409,799,71797,California
Butte,2021-04-10,223,117044,48,48894,77,63446,98,4704,99,22461,123,49532,196,71993,California
Butte,2021-04-11,106,117150,44,48938,52,63498,10,4714,82,22530,23,49555,92,72085,California
Butte,2021-04-12,1407,118557,314,49252,960,64458,133,4847,233,21722,1174,50729,366,72451,California
Butte,2021-04-13,1642,120199,572,49824,1064,65522,6,4853,336,20765,1299,52028,342,72793,California
Butte,2021-04-14,2821,123020,2335,52159,486,66008,0,4853,1306,20562,1510,53538,1307,74100,California
Butte,2021-04-15,638,123658,393,52552,245,66253,0,4853,481,20889,154,53692,481,74581,California
Butte,2021-04-16,810,124468,414,52966,396,66649,0,4853,475,21031,333,54025,475,75056,California
Butte,2021-04-17,342,124810,61,53027,281,66930,0,4853,238,21167,102,54127,238,75294,California
Butte,2021-04-18,42,124852,11,53038,31,66961,0,4853,38,21201,4,54131,38,75332,California
Butte,2021-04-19,1561,126413,381,53419,1180,68141,0,4853,428,20499,1130,55261,428,75760,California
Butte,2021-04-20,1969,128382,717,54136,1252,69393,0,4853,752,20041,1210,56471,752,76512,California
Butte,2021-04-21,2049,130431,1165,55301,884,70277,0,4853,465,18928,1578,58049,465,76977,California
Butte,2021-04-22,2219,132650,1941,57242,278,70555,0,4853,609,17931,1606,59655,609,77586,California
Butte,2021-04-23,942,133592,445,57687,497,71052,0,4853,488,17966,453,60108,488,78074,California
Butte,2021-04-24,345,133937,138,57825,207,71259,0,4853,190,18001,155,60263,190,78264,California
Butte,2021-04-25,172,134109,67,57892,105,71364,0,4853,63,17955,109,60372,63,78327,California
Butte,2021-04-26,1487,135596,428,58320,1054,72418,5,4858,383,17242,1101,61473,388,78715,California
Butte,2021-04-27,935,136531,639,58959,269,72687,27,4885,563,17465,367,61840,590,79305,California
Butte,2021-04-28,1392,137923,936,59895,431,73118,25,4910,503,17105,888,62728,528,79833,California
Butte,2021-04-29,882,138805,542,60437,315,73433,25,4935,296,16845,581,63309,321,80154,California
Butte,2021-04-30,893,139698,387,60824,485,73918,21,4956,450,16878,437,63746,470,80624,California
Butte,2021-05-01,239,139937,64,60888,156,74074,19,4975,69,16797,169,63915,88,80712,California
Butte,2021-05-02,147,140084,61,60949,73,74147,13,4988,42,16747,105,64020,55,80767,California
Butte,2021-05-03,606,140690,250,61199,325,74472,31,5019,156,16494,440,64460,187,80954,California
Butte,2021-05-04,815,141505,314,61513,469,74941,32,5051,210,16136,599,65059,241,81195,California
Butte,2021-05-05,1338,142843,1090,62603,212,75153,36,5087,276,15391,1057,66116,312,81507,California
Butte,2021-05-06,925,143768,670,63273,218,75371,37,5124,364,15234,558,66674,401,81908,California
Butte,2021-05-07,563,144331,291,63564,235,75606,37,5161,288,15287,272,66946,325,82233,California
Butte,2021-05-08,170,144501,36,63600,125,75731,9,5170,90,15307,79,67025,99,82332,California
Butte,2021-05-09,94,144595,20,63620,71,75802,3,5173,50,15316,44,67069,53,82385,California
Butte,2021-05-10,520,145115,307,63927,170,75972,43,5216,214,15270,303,67372,257,82642,California
Butte,2021-05-11,862,145977,641,64568,164,76136,57,5273,275,15018,584,67956,332,82974,California
Butte,2021-05-12,729,146706,472,65040,211,76347,46,5319,326,14991,399,68355,372,83346,California
Butte,2021-05-13,845,147551,567,65607,219,76566,59,5378,293,14800,541,68896,350,83696,California
Butte,2021-05-14,832,148383,521,66128,282,76848,29,5407,361,14722,467,69363,389,84085,California
Butte,2021-05-15,476,148859,221,66349,223,77071,32,5439,220,14719,255,69618,252,84337,California
Butte,2021-05-16,167,149026,83,66432,66,77137,18,5457,98,14767,68,69686,116,84453,California
Butte,2021-05-17,756,149782,486,66918,223,77360,47,5504,336,14732,417,70103,382,84835,California
Butte,2021-05-18,1057,150839,725,67643,284,77644,48,5552,479,14687,572,70675,527,85362,California
Butte,2021-05-19,831,151670,541,68184,246,77890,44,5596,333,14569,494,71169,376,85738,California
Butte,2021-05-20,833,152503,574,68758,158,78048,101,5697,332,14503,499,71668,433,86171,California
Butte,2021-05-21,761,153264,488,69246,249,78297,24,5721,258,14285,499,72167,281,86452,California
Butte,2021-05-22,216,153480,104,69350,107,78404,5,5726,106,14289,107,72274,111,86563,California
Butte,2021-05-23,21,153501,3,69353,16,78420,2,5728,6,14282,15,72289,8,86571,California
Calaveras,2020-12-16,5,5,5,5,0,0,0,0,5,5,0,0,5,5,California
Calaveras,2020-12-17,3,8,3,8,0,0,0,0,3,8,0,0,3,8,California
Calaveras,2020-12-18,38,46,38,46,0,0,0,0,38,46,0,0,38,46,California
Calaveras,2020-12-19,3,49,3,49,0,0,0,0,3,49,0,0,3,49,California
Calaveras,2020-12-20,4,53,4,53,0,0,0,0,4,53,0,0,4,53,California
Calaveras,2020-12-21,55,108,48,101,7,7,0,0,55,108,0,0,55,108,California
Calaveras,2020-12-22,82,190,78,179,4,11,0,0,83,191,0,0,83,191,California
Calaveras,2020-12-23,76,266,74,253,2,13,0,0,76,267,0,0,76,267,California
Calaveras,2020-12-24,2,268,2,255,0,13,0,0,2,269,0,0,2,269,California
Calaveras,2020-12-26,3,271,3,258,0,13,0,0,3,272,0,0,3,272,California
Calaveras,2020-12-28,21,292,17,275,4,17,0,0,20,291,1,1,20,292,California
Calaveras,2020-12-29,158,450,138,413,20,37,0,0,158,449,0,1,158,450,California
Calaveras,2020-12-30,94,544,82,495,12,49,0,0,94,543,0,1,94,544,California
Calaveras,2020-12-31,37,581,26,521,11,60,0,0,37,580,0,1,37,581,California
Calaveras,2021-01-02,11,592,11,532,0,60,0,0,11,591,0,1,11,592,California
Calaveras,2021-01-03,10,602,4,536,6,66,0,0,10,601,0,1,10,602,California
Calaveras,2021-01-04,33,635,5,541,28,94,0,0,33,634,0,1,33,635,California
Calaveras,2021-01-05,40,675,9,550,31,125,0,0,31,661,9,10,36,671,California
Calaveras,2021-01-06,107,782,30,580,77,202,0,0,97,748,10,20,97,768,California
Calaveras,2021-01-07,105,887,26,606,79,281,0,0,92,830,11,31,93,861,California
Calaveras,2021-01-08,68,955,38,644,30,311,0,0,45,853,23,54,46,907,California
Calaveras,2021-01-09,5,960,5,649,0,311,0,0,2,852,3,57,2,909,California
Calaveras,2021-01-10,2,962,0,649,2,313,0,0,2,854,0,57,2,911,California
Calaveras,2021-01-11,65,1027,59,708,6,319,0,0,27,846,37,94,29,940,California
Calaveras,2021-01-12,86,1113,53,761,33,352,0,0,52,865,34,128,53,993,California
Calaveras,2021-01-13,110,1223,45,806,65,417,0,0,76,908,34,162,77,1070,California
Calaveras,2021-01-14,140,1363,43,849,97,514,0,0,107,984,32,194,108,1178,California
Calaveras,2021-01-15,92,1455,28,877,64,578,0,0,72,1036,20,214,72,1250,California
Calaveras,2021-01-16,13,1468,2,879,11,589,0,0,12,1047,1,215,12,1262,California
Calaveras,2021-01-17,9,1477,1,880,8,597,0,0,9,1056,0,215,9,1271,California
Calaveras,2021-01-18,133,1610,20,900,113,710,0,0,119,1164,14,229,122,1393,California
Calaveras,2021-01-19,205,1815,175,1075,30,740,0,0,68,1097,136,365,69,1462,California
Calaveras,2021-01-20,378,2193,82,1157,296,1036,0,0,291,1313,86,451,302,1764,California
Calaveras,2021-01-21,463,2656,41,1198,422,1458,0,0,429,1719,34,485,440,2204,California
Calaveras,2021-01-22,401,3057,23,1221,378,1836,0,0,391,2107,10,495,398,2602,California
Calaveras,2021-01-23,20,3077,8,1229,12,1848,0,0,19,2125,1,496,19,2621,California
Calaveras,2021-01-24,14,3091,8,1237,6,1854,0,0,12,2135,2,498,12,2633,California
Calaveras,2021-01-25,86,3177,8,1245,78,1932,0,0,81,2211,5,503,81,2714,California
Calaveras,2021-01-26,47,3224,15,1260,32,1964,0,0,39,2242,8,511,39,2753,California
Calaveras,2021-01-27,135,3359,43,1303,92,2056,0,0,107,2322,27,538,107,2860,California
Calaveras,2021-01-28,165,3524,25,1328,140,2196,0,0,140,2441,25,563,144,3004,California
Calaveras,2021-01-29,390,3914,12,1340,378,2574,0,0,363,2788,27,590,374,3378,California
Calaveras,2021-01-30,27,3941,10,1350,17,2591,0,0,25,2813,0,590,25,3403,California
Calaveras,2021-01-31,6,3947,4,1354,2,2593,0,0,5,2817,1,591,5,3408,California
Calaveras,2021-02-01,25,3972,11,1365,14,2607,0,0,17,2826,8,599,17,3425,California
Calaveras,2021-02-02,109,4081,22,1387,87,2694,0,0,71,2865,33,632,72,3497,California
Calaveras,2021-02-03,434,4515,44,1431,390,3084,0,0,349,3132,84,716,351,3848,California
Calaveras,2021-02-04,381,4896,25,1456,356,3440,0,0,296,3346,85,801,299,4147,California
Calaveras,2021-02-05,79,4975,22,1478,57,3497,0,0,41,3350,38,839,42,4189,California
Calaveras,2021-02-06,21,4996,12,1490,9,3506,0,0,21,3371,0,839,21,4210,California
Calaveras,2021-02-07,4,5000,1,1491,3,3509,0,0,2,3371,2,841,2,4212,California
Calaveras,2021-02-08,39,5039,18,1509,21,3530,0,0,31,3396,6,847,31,4243,California
Calaveras,2021-02-09,193,5232,77,1586,116,3646,0,0,131,3468,60,907,132,4375,California
Calaveras,2021-02-10,515,5747,31,1617,484,4130,0,0,443,3844,72,979,448,4823,California
Calaveras,2021-02-11,584,6331,82,1699,502,4632,0,0,473,4213,108,1087,477,5300,California
Calaveras,2021-02-12,570,6901,325,2024,245,4877,0,0,493,4634,75,1162,496,5796,California
Calaveras,2021-02-13,201,7102,45,2069,156,5033,0,0,186,4805,15,1177,186,5982,California
Calaveras,2021-02-14,221,7323,71,2140,150,5183,0,0,206,4997,14,1191,206,6188,California
Calaveras,2021-02-15,382,7705,23,2163,359,5542,0,0,262,5142,117,1308,262,6450,California
Calaveras,2021-02-16,268,7973,144,2307,124,5666,0,0,230,5336,38,1346,232,6682,California
Calaveras,2021-02-17,512,8485,38,2345,474,6140,0,0,209,5255,293,1639,212,6894,California
Calaveras,2021-02-18,499,8984,91,2436,408,6548,0,0,96,4966,386,2025,97,6991,California
Calaveras,2021-02-19,440,9424,43,2479,397,6945,0,0,98,4731,333,2358,98,7089,California
Calaveras,2021-02-20,59,9483,15,2494,44,6989,0,0,48,4768,11,2369,48,7137,California
Calaveras,2021-02-21,24,9507,14,2508,10,6999,0,0,18,4781,5,2374,18,7155,California
Calaveras,2021-02-22,62,9569,38,2546,24,7023,0,0,33,4785,29,2403,33,7188,California
Calaveras,2021-02-23,127,9696,42,2588,85,7108,0,0,91,4841,36,2439,92,7280,California
Calaveras,2021-02-24,97,9793,48,2636,49,7157,0,0,67,4879,29,2468,67,7347,California
Calaveras,2021-02-25,550,10343,99,2735,451,7608,0,0,355,5048,190,2658,359,7706,California
Calaveras,2021-02-26,720,11063,48,2783,672,8280,0,0,371,5090,331,2989,373,8079,California
Calaveras,2021-02-27,204,11267,22,2805,182,8462,0,0,180,5246,24,3013,180,8259,California
Calaveras,2021-02-28,97,11364,15,2820,82,8544,0,0,91,5332,5,3018,91,8350,California
Calaveras,2021-03-01,229,11593,41,2861,188,8732,0,0,146,5399,80,3098,147,8497,California
Calaveras,2021-03-02,250,11843,97,2958,153,8885,0,0,204,5561,43,3141,205,8702,California
Calaveras,2021-03-03,514,12357,104,3062,410,9295,0,0,212,5477,296,3437,212,8914,California
Calaveras,2021-03-04,745,13102,69,3131,675,9970,1,1,354,5450,382,3819,355,9269,California
Calaveras,2021-03-05,455,13557,272,3403,179,10149,4,5,140,5284,310,4129,144,9413,California
Calaveras,2021-03-06,154,13711,42,3445,106,10255,6,11,114,5364,40,4169,120,9533,California
Calaveras,2021-03-07,75,13786,32,3477,36,10291,7,18,34,5364,41,4210,41,9574,California
Calaveras,2021-03-08,162,13948,27,3504,127,10418,8,26,128,5467,33,4243,136,9710,California
Calaveras,2021-03-09,360,14308,136,3640,218,10636,6,32,32,5182,323,4566,38,9748,California
Calaveras,2021-03-10,419,14727,30,3670,386,11022,3,35,57,4886,356,4922,60,9808,California
Calaveras,2021-03-11,851,15578,423,4093,415,11437,13,48,433,4921,413,5335,448,10256,California
Calaveras,2021-03-12,402,15980,213,4306,179,11616,10,58,326,5188,75,5410,342,10598,California
Calaveras,2021-03-13,177,16157,16,4322,153,11769,8,66,140,5303,36,5446,151,10749,California
Calaveras,2021-03-14,156,16313,11,4333,144,11913,1,67,18,5191,138,5584,26,10775,California
Calaveras,2021-03-15,330,16643,48,4381,256,12169,26,93,52,4996,277,5861,82,10857,California
Calaveras,2021-03-16,689,17332,553,4934,116,12285,20,113,546,5421,141,6002,566,11423,California
Calaveras,2021-03-17,281,17613,53,4987,214,12499,14,127,50,5259,227,6229,65,11488,California
Calaveras,2021-03-18,666,18279,570,5557,80,12579,16,143,549,5709,117,6346,567,12055,California
Calaveras,2021-03-19,231,18510,50,5607,107,12686,74,217,57,5668,170,6516,129,12184,California
Calaveras,2021-03-20,81,18591,22,5629,58,12744,1,218,23,5635,58,6574,25,12209,California
Calaveras,2021-03-21,47,18638,30,5659,6,12750,11,229,12,5623,35,6609,23,12232,California
Calaveras,2021-03-22,79,18717,35,5694,23,12773,21,250,25,5615,54,6663,46,12278,California
Calaveras,2021-03-23,294,19011,204,5898,80,12853,10,260,116,5573,168,6831,126,12404,California
Calaveras,2021-03-24,134,19145,51,5949,73,12926,10,270,43,5537,89,6920,53,12457,California
Calaveras,2021-03-25,743,19888,103,6052,636,13562,4,274,446,5697,290,7210,450,12907,California
Calaveras,2021-03-26,427,20315,28,6080,393,13955,6,280,88,5457,336,7546,96,13003,California
Calaveras,2021-03-27,212,20527,19,6099,189,14144,4,284,37,5328,172,7718,43,13046,California
Calaveras,2021-03-28,111,20638,12,6111,97,14241,2,286,8,5237,102,7820,11,13057,California
Calaveras,2021-03-29,178,20816,23,6134,152,14393,3,289,58,5181,118,7938,62,13119,California
Calaveras,2021-03-30,532,21348,24,6158,491,14884,17,306,356,5379,175,8113,373,13492,California
Calaveras,2021-03-31,321,21669,139,6297,172,15056,10,316,155,5379,166,8279,166,13658,California
Calaveras,2021-04-01,685,22354,443,6740,241,15297,1,317,186,5071,498,8777,190,13848,California
Calaveras,2021-04-02,393,22747,231,6971,154,15451,8,325,117,4924,273,9050,126,13974,California
Calaveras,2021-04-03,144,22891,34,7005,106,15557,4,329,40,4864,104,9154,44,14018,California
Calaveras,2021-04-04,78,22969,25,7030,53,15610,0,329,49,4884,29,9183,49,14067,California
Calaveras,2021-04-05,211,23180,81,7111,121,15731,9,338,100,4883,111,9294,110,14177,California
Calaveras,2021-04-06,650,23830,573,7684,64,15795,13,351,111,4472,535,9829,124,14301,California
Calaveras,2021-04-07,753,24583,657,8341,60,15855,36,387,617,4990,136,9965,654,14955,California
Calaveras,2021-04-08,947,25530,856,9197,70,15925,21,408,437,4942,507,10472,459,15414,California
Calaveras,2021-04-09,154,25684,58,9255,48,15973,48,456,57,4952,96,10568,106,15520,California
Calaveras,2021-04-10,190,25874,42,9297,130,16103,18,474,148,5078,41,10609,167,15687,California
Calaveras,2021-04-11,69,25943,44,9341,23,16126,2,476,48,5107,21,10630,50,15737,California
Calaveras,2021-04-12,103,26046,46,9387,38,16164,19,495,55,5134,48,10678,75,15812,California
Calaveras,2021-04-13,422,26468,367,9754,55,16219,0,495,363,5441,58,10736,365,16177,California
Calaveras,2021-04-14,181,26649,28,9782,153,16372,0,495,135,5531,46,10782,136,16313,California
Calaveras,2021-04-15,336,26985,287,10069,49,16421,0,495,253,5704,80,10862,253,16566,California
Calaveras,2021-04-16,99,27084,25,10094,74,16495,0,495,47,5703,48,10910,47,16613,California
Calaveras,2021-04-17,331,27415,127,10221,204,16699,0,495,288,5948,43,10953,288,16901,California
Calaveras,2021-04-18,17,27432,5,10226,12,16711,0,495,10,5951,7,10960,10,16911,California
Calaveras,2021-04-19,71,27503,27,10253,44,16755,0,495,44,5970,26,10986,45,16956,California
Calaveras,2021-04-20,262,27765,93,10346,169,16924,0,495,196,6102,64,11050,196,17152,California
Calaveras,2021-04-21,218,27983,147,10493,71,16995,0,495,87,6061,129,11179,88,17240,California
Calaveras,2021-04-22,541,28524,96,10589,445,17440,0,495,141,5807,398,11577,144,17384,California
Calaveras,2021-04-23,158,28682,80,10669,78,17518,0,495,65,5781,91,11668,65,17449,California
Calaveras,2021-04-24,173,28855,37,10706,136,17654,0,495,130,5870,42,11710,131,17580,California
Calaveras,2021-04-25,43,28898,28,10734,15,17669,0,495,22,5873,21,11731,24,17604,California
Calaveras,2021-04-26,96,28994,59,10793,37,17706,0,495,28,5834,68,11799,29,17633,California
Calaveras,2021-04-27,425,29419,59,10852,352,18058,14,509,58,5541,365,12164,72,17705,California
Calaveras,2021-04-28,642,30061,574,11426,37,18095,31,540,52,5043,590,12754,92,17797,California
Calaveras,2021-04-29,510,30571,440,11866,51,18146,19,559,71,4700,438,13192,95,17892,California
Calaveras,2021-04-30,147,30718,59,11925,83,18229,5,564,66,4696,81,13273,77,17969,California
Calaveras,2021-05-01,198,30916,110,12035,86,18315,2,566,131,4767,66,13339,137,18106,California
Calaveras,2021-05-02,52,30968,35,12070,16,18331,1,567,20,4758,31,13370,22,18128,California
Calaveras,2021-05-03,94,31062,70,12140,19,18350,5,572,30,4733,64,13434,39,18167,California
Calaveras,2021-05-04,413,31475,328,12468,48,18398,37,609,42,4443,370,13804,80,18247,California
Calaveras,2021-05-05,110,31585,56,12524,22,18420,32,641,48,4461,61,13865,79,18326,California
Calaveras,2021-05-06,253,31838,194,12718,36,18456,23,664,47,4327,205,14070,71,18397,California
Calaveras,2021-05-07,84,31922,24,12742,54,18510,6,670,54,4357,30,14100,60,18457,California
Calaveras,2021-05-08,289,32211,140,12882,147,18657,2,672,92,4256,195,14295,94,18551,California
Calaveras,2021-05-09,28,32239,12,12894,13,18670,3,675,12,4255,16,14311,15,18566,California
Calaveras,2021-05-10,52,32291,23,12917,28,18698,1,676,23,4252,28,14339,25,18591,California
Calaveras,2021-05-11,129,32420,86,13003,31,18729,12,688,90,4317,38,14377,103,18694,California
Calaveras,2021-05-12,158,32578,38,13041,120,18849,0,688,44,4248,113,14490,44,18738,California
Calaveras,2021-05-13,113,32691,60,13101,38,18887,15,703,59,4269,53,14543,74,18812,California
Calaveras,2021-05-14,149,32840,92,13193,54,18941,3,706,100,4324,48,14591,103,18915,California
Calaveras,2021-05-15,264,33104,93,13286,168,19109,3,709,105,4279,153,14744,108,19023,California
Calaveras,2021-05-16,26,33130,11,13297,15,19124,0,709,13,4280,13,14757,14,19037,California
Calaveras,2021-05-17,87,33217,40,13337,40,19164,7,716,47,4296,39,14796,55,19092,California
Calaveras,2021-05-18,223,33440,59,13396,142,19306,22,738,72,4239,151,14947,94,19186,California
Calaveras,2021-05-19,147,33587,58,13454,83,19389,6,744,70,4240,76,15023,77,19263,California
Calaveras,2021-05-20,160,33747,56,13510,82,19471,22,766,41,4186,116,15139,62,19325,California
Calaveras,2021-05-21,42,33789,22,13532,17,19488,3,769,23,4193,19,15158,26,19351,California
Calaveras,2021-05-22,251,34040,135,13667,116,19604,0,769,115,4173,135,15293,115,19466,California
Calaveras,2021-05-23,7,34047,6,13673,1,19605,0,769,1,4168,6,15299,1,19467,California
Colusa,2020-12-18,1,1,1,1,0,0,0,0,1,1,0,0,1,1,California
Colusa,2020-12-21,2,3,2,3,0,0,0,0,2,3,0,0,2,3,California
Colusa,2020-12-22,10,13,10,13,0,0,0,0,10,13,0,0,10,13,California
Colusa,2020-12-23,10,23,10,23,0,0,0,0,10,23,0,0,10,23,California
Colusa,2020-12-24,2,25,1,24,1,1,0,0,2,25,0,0,2,25,California
Colusa,2020-12-27,1,26,1,25,0,1,0,0,1,26,0,0,1,26,California
Colusa,2020-12-28,7,33,3,28,4,5,0,0,7,33,0,0,7,33,California
Colusa,2020-12-29,11,44,8,36,3,8,0,0,11,44,0,0,11,44,California
Colusa,2020-12-30,50,94,13,49,37,45,0,0,50,94,0,0,50,94,California
Colusa,2020-12-31,18,112,1,50,17,62,0,0,18,112,0,0,18,112,California
Colusa,2021-01-04,4,116,0,50,4,66,0,0,4,116,0,0,4,116,California
Colusa,2021-01-05,67,183,1,51,66,132,0,0,67,183,0,0,67,183,California
Colusa,2021-01-06,15,198,9,60,6,138,0,0,15,198,0,0,15,198,California
Colusa,2021-01-07,38,236,4,64,34,172,0,0,37,234,1,1,37,235,California
Colusa,2021-01-08,9,245,7,71,2,174,0,0,8,241,1,2,8,243,California
Colusa,2021-01-09,2,247,1,72,1,175,0,0,2,243,0,2,2,245,California
Colusa,2021-01-10,1,248,0,72,1,176,0,0,1,244,0,2,1,246,California
Colusa,2021-01-11,12,260,6,78,6,182,0,0,7,246,5,7,7,253,California
Colusa,2021-01-12,11,271,9,87,2,184,0,0,6,247,5,12,6,259,California
Colusa,2021-01-13,21,292,13,100,8,192,0,0,13,252,8,20,13,272,California
Colusa,2021-01-14,35,327,28,128,7,199,0,0,33,283,2,22,33,305,California
Colusa,2021-01-15,42,369,5,133,37,236,0,0,40,321,2,24,40,345,California
Colusa,2021-01-16,12,381,1,134,11,247,0,0,11,331,1,25,11,356,California
Colusa,2021-01-17,3,384,2,136,1,248,0,0,2,332,1,26,2,358,California
Colusa,2021-01-18,4,388,0,136,4,252,0,0,4,336,0,26,4,362,California
Colusa,2021-01-19,9,397,8,144,1,253,0,0,5,337,4,30,5,367,California
Colusa,2021-01-20,115,512,101,245,14,267,0,0,102,426,13,43,102,469,California
Colusa,2021-01-21,56,568,41,286,15,282,0,0,55,480,1,44,55,524,California
Colusa,2021-01-22,40,608,17,303,23,305,0,0,35,510,5,49,35,559,California
Colusa,2021-01-23,35,643,6,309,29,334,0,0,35,545,0,49,35,594,California
Colusa,2021-01-25,7,650,0,309,7,341,0,0,7,552,0,49,7,601,California
Colusa,2021-01-26,8,658,5,314,3,344,0,0,5,554,3,52,5,606,California
Colusa,2021-01-27,109,767,31,345,78,422,0,0,107,659,2,54,107,713,California
Colusa,2021-01-28,79,846,46,391,33,455,0,0,72,724,7,61,72,785,California
Colusa,2021-01-29,41,887,7,398,34,489,0,0,40,763,1,62,40,825,California
Colusa,2021-01-30,27,914,4,402,23,512,0,0,27,790,0,62,27,852,California
Colusa,2021-01-31,7,921,7,409,0,512,0,0,7,797,0,62,7,859,California
Colusa,2021-02-01,27,948,10,419,17,529,0,0,22,814,5,67,22,881,California
Colusa,2021-02-02,43,991,9,428,34,563,0,0,37,845,6,73,37,918,California
Colusa,2021-02-03,69,1060,10,438,59,622,0,0,59,894,10,83,59,977,California
Colusa,2021-02-04,143,1203,81,519,62,684,0,0,115,981,28,111,115,1092,California
Colusa,2021-02-05,32,1235,8,527,24,708,0,0,29,1007,3,114,29,1121,California
Colusa,2021-02-06,285,1520,9,536,276,984,0,0,274,1270,11,125,274,1395,California
Colusa,2021-02-07,2,1522,1,537,1,985,0,0,0,1268,2,127,0,1395,California
Colusa,2021-02-08,40,1562,5,542,35,1020,0,0,37,1302,3,130,37,1432,California
Colusa,2021-02-09,231,1793,14,556,217,1237,0,0,176,1423,55,185,176,1608,California
Colusa,2021-02-10,116,1909,41,597,75,1312,0,0,73,1453,43,228,73,1681,California
Colusa,2021-02-11,98,2007,36,633,62,1374,0,0,73,1501,25,253,73,1754,California
Colusa,2021-02-12,118,2125,9,642,109,1483,0,0,79,1540,40,293,79,1833,California
Colusa,2021-02-13,60,2185,8,650,52,1535,0,0,52,1584,8,301,52,1885,California
Colusa,2021-02-14,21,2206,8,658,13,1548,0,0,15,1593,6,307,15,1900,California
Colusa,2021-02-15,46,2252,10,668,36,1584,0,0,39,1625,7,314,39,1939,California
Colusa,2021-02-16,67,2319,4,672,63,1647,0,0,66,1690,1,315,66,2005,California
Colusa,2021-02-17,206,2525,143,815,63,1710,0,0,60,1604,146,461,60,2065,California
Colusa,2021-02-18,135,2660,35,850,100,1810,0,0,112,1693,23,484,112,2177,California
Colusa,2021-02-19,155,2815,19,869,136,1946,0,0,129,1796,26,510,129,2306,California
Colusa,2021-02-20,28,2843,6,875,22,1968,0,0,12,1792,16,526,12,2318,California
Colusa,2021-02-21,1,2844,1,876,0,1968,0,0,0,1791,1,527,0,2318,California
Colusa,2021-02-22,43,2887,26,902,17,1985,0,0,29,1806,14,541,29,2347,California
Colusa,2021-02-23,23,2910,7,909,16,2001,0,0,18,1819,5,546,18,2365,California
Colusa,2021-02-24,302,3212,54,963,248,2249,0,0,160,1837,142,688,160,2525,California
Colusa,2021-02-25,102,3314,55,1018,47,2296,0,0,66,1867,36,724,66,2591,California
Colusa,2021-02-26,99,3413,14,1032,85,2381,0,0,60,1888,39,763,60,2651,California
Colusa,2021-02-27,55,3468,4,1036,51,2432,0,0,40,1913,15,778,40,2691,California
Colusa,2021-02-28,26,3494,14,1050,12,2444,0,0,17,1921,9,787,17,2708,California
Colusa,2021-03-01,46,3540,15,1065,31,2475,0,0,29,1933,17,804,29,2737,California
Colusa,2021-03-02,49,3589,13,1078,36,2511,0,0,26,1936,23,827,26,2763,California
Colusa,2021-03-03,242,3831,43,1121,199,2710,0,0,185,2064,57,884,185,2948,California
Colusa,2021-03-04,138,3969,58,1179,80,2790,0,0,79,2084,59,943,79,3027,California
Colusa,2021-03-05,98,4067,25,1204,64,2854,9,9,53,2101,45,988,62,3089,California
Colusa,2021-03-06,274,4341,9,1213,265,3119,0,9,37,1901,237,1225,37,3126,California
Colusa,2021-03-07,8,4349,5,1218,3,3122,0,9,6,1905,2,1227,6,3132,California
Colusa,2021-03-08,89,4438,21,1239,33,3155,35,44,45,1941,44,1271,80,3212,California
Colusa,2021-03-09,277,4715,75,1314,179,3334,23,67,86,1859,191,1462,109,3321,California
Colusa,2021-03-10,289,5004,37,1351,216,3550,36,103,203,2012,86,1548,239,3560,California
Colusa,2021-03-11,420,5424,60,1411,339,3889,21,124,339,2289,81,1629,358,3918,California
Colusa,2021-03-12,109,5533,18,1429,78,3967,13,137,19,2231,90,1719,32,3950,California
Colusa,2021-03-13,61,5594,16,1445,36,4003,9,146,18,2215,43,1762,27,3977,California
Colusa,2021-03-14,20,5614,0,1445,18,4021,2,148,6,2210,13,1775,8,3985,California
Colusa,2021-03-15,71,5685,27,1472,36,4057,8,156,15,2177,56,1831,23,4008,California
Colusa,2021-03-16,297,5982,16,1488,235,4292,46,202,189,2304,108,1939,235,4243,California
Colusa,2021-03-17,194,6176,49,1537,145,4437,0,202,108,2326,86,2025,108,4351,California
Colusa,2021-03-18,324,6500,37,1574,216,4653,71,273,201,2475,123,2148,272,4623,California
Colusa,2021-03-19,78,6578,20,1594,56,4709,2,275,53,2505,25,2173,55,4678,California
Colusa,2021-03-20,49,6627,7,1601,41,4750,1,276,36,2529,13,2186,37,4715,California
Colusa,2021-03-21,6,6633,4,1605,2,4752,0,276,4,2531,2,2188,4,4719,California
Colusa,2021-03-22,62,6695,10,1615,43,4795,9,285,40,2558,22,2210,49,4768,California
Colusa,2021-03-23,82,6777,16,1631,64,4859,2,287,55,2588,27,2237,57,4825,California
Colusa,2021-03-24,340,7117,57,1688,277,5136,6,293,68,2389,272,2509,73,4898,California
Colusa,2021-03-25,108,7225,59,1747,44,5180,5,298,52,2390,56,2565,57,4955,California
Colusa,2021-03-26,300,7525,47,1794,249,5429,4,302,247,2588,53,2618,251,5206,California
Colusa,2021-03-27,63,7588,5,1799,58,5487,0,302,25,2575,38,2656,25,5231,California
Colusa,2021-03-28,16,7604,7,1806,9,5496,0,302,8,2575,8,2664,8,5239,California
Colusa,2021-03-29,72,7676,20,1826,46,5542,6,308,32,2573,40,2704,38,5277,California
Colusa,2021-03-30,152,7828,83,1909,67,5609,2,310,72,2568,80,2784,75,5352,California
Colusa,2021-03-31,234,8062,42,1951,192,5801,0,310,74,2483,159,2943,74,5426,California
Colusa,2021-04-01,429,8491,71,2022,304,6105,54,364,307,2722,121,3064,360,5786,California
Colusa,2021-04-02,81,8572,12,2034,55,6160,14,378,37,2729,44,3108,51,5837,California
Colusa,2021-04-03,61,8633,10,2044,28,6188,23,401,13,2717,48,3156,36,5873,California
Colusa,2021-04-04,18,8651,0,2044,8,6196,10,411,3,2715,15,3171,13,5886,California
Colusa,2021-04-05,96,8747,26,2070,55,6251,15,426,39,2712,57,3228,54,5940,California
Colusa,2021-04-06,129,8876,34,2104,45,6296,50,476,43,2719,86,3314,93,6033,California
Colusa,2021-04-07,355,9231,39,2143,293,6589,23,499,129,2646,226,3540,153,6186,California
Colusa,2021-04-08,427,9658,34,2177,367,6956,26,525,122,2492,302,3842,148,6334,California
Colusa,2021-04-09,76,9734,21,2198,32,6988,23,548,28,2495,48,3890,51,6385,California
Colusa,2021-04-10,44,9778,9,2207,15,7003,20,568,12,2495,32,3922,32,6417,California
Colusa,2021-04-11,16,9794,3,2210,11,7014,2,570,8,2497,8,3930,10,6427,California
Colusa,2021-04-12,31,9825,3,2213,28,7042,0,570,24,2514,7,3937,24,6451,California
Colusa,2021-04-13,279,10104,22,2235,257,7299,0,570,94,2424,184,4121,94,6545,California
Colusa,2021-04-14,95,10199,19,2254,76,7375,0,570,34,2397,61,4182,34,6579,California
Colusa,2021-04-15,324,10523,46,2300,278,7653,0,570,132,2337,192,4374,132,6711,California
Colusa,2021-04-16,79,10602,11,2311,68,7721,0,570,35,2329,43,4417,35,6746,California
Colusa,2021-04-17,51,10653,7,2318,44,7765,0,570,29,2336,22,4439,29,6775,California
Colusa,2021-04-18,9,10662,2,2320,7,7772,0,570,7,2341,2,4441,7,6782,California
Colusa,2021-04-19,61,10723,22,2342,39,7811,0,570,17,2314,44,4485,17,6799,California
Colusa,2021-04-20,176,10899,32,2374,144,7955,0,570,127,2392,49,4534,127,6926,California
Colusa,2021-04-21,170,11069,59,2433,111,8066,0,570,110,2442,60,4594,110,7036,California
Colusa,2021-04-22,419,11488,27,2460,391,8457,1,571,215,2454,203,4797,215,7251,California
Colusa,2021-04-23,91,11579,17,2477,74,8531,0,571,35,2433,56,4853,35,7286,California
Colusa,2021-04-24,237,11816,19,2496,217,8748,1,572,204,2605,33,4886,205,7491,California
Colusa,2021-04-25,12,11828,6,2502,6,8754,0,572,8,2609,4,4890,8,7499,California
Colusa,2021-04-26,23,11851,5,2507,17,8771,1,573,6,2599,16,4906,6,7505,California
Colusa,2021-04-27,94,11945,23,2530,67,8838,4,577,43,2595,51,4957,47,7552,California
Colusa,2021-04-28,187,12132,26,2556,158,8996,3,580,138,2688,48,5005,141,7693,California
Colusa,2021-04-29,317,12449,27,2583,286,9282,4,584,48,2473,267,5272,52,7745,California
Colusa,2021-04-30,65,12514,18,2601,47,9329,0,584,41,2490,24,5296,41,7786,California
Colusa,2021-05-01,19,12533,8,2609,8,9337,3,587,9,2492,10,5306,12,7798,California
Colusa,2021-05-02,3,12536,0,2609,2,9339,1,588,2,2494,1,5307,3,7801,California
Colusa,2021-05-03,21,12557,7,2616,14,9353,0,588,6,2485,15,5322,6,7807,California
Colusa,2021-05-04,85,12642,43,2659,41,9394,1,589,63,2527,22,5344,64,7871,California
Colusa,2021-05-05,67,12709,16,2675,50,9444,1,590,32,2525,35,5379,33,7904,California
Colusa,2021-05-06,253,12962,16,2691,235,9679,2,592,110,2494,143,5522,112,8016,California
Colusa,2021-05-07,66,13028,5,2696,57,9736,4,596,30,2492,36,5558,34,8050,California
Colusa,2021-05-08,18,13046,5,2701,13,9749,0,596,9,2492,9,5567,9,8059,California
Colusa,2021-05-09,13,13059,5,2706,5,9754,3,599,6,2494,7,5574,9,8068,California
Colusa,2021-05-10,16,13075,7,2713,9,9763,0,599,6,2490,10,5584,6,8074,California
Colusa,2021-05-11,93,13168,34,2747,59,9822,0,599,50,2497,43,5627,50,8124,California
Colusa,2021-05-12,73,13241,32,2779,37,9859,4,603,21,2470,52,5679,25,8149,California
Colusa,2021-05-13,233,13474,14,2793,218,10077,1,604,70,2378,163,5842,71,8220,California
Colusa,2021-05-14,85,13559,18,2811,52,10129,15,619,33,2375,51,5893,48,8268,California
Colusa,2021-05-15,38,13597,9,2820,27,10156,2,621,20,2379,18,5911,22,8290,California
Colusa,2021-05-16,23,13620,6,2826,10,10166,7,628,11,2385,12,5923,18,8308,California
Colusa,2021-05-17,19,13639,4,2830,13,10179,2,630,12,2392,7,5930,14,8322,California
Colusa,2021-05-18,98,13737,24,2854,72,10251,2,632,42,2380,56,5986,44,8366,California
Colusa,2021-05-19,188,13925,42,2896,126,10377,20,652,66,2344,122,6108,86,8452,California
Colusa,2021-05-20,154,14079,25,2921,125,10502,4,656,48,2291,106,6214,53,8505,California
Colusa,2021-05-21,60,14139,21,2942,37,10539,2,658,29,2291,31,6245,31,8536,California
Colusa,2021-05-22,36,14175,19,2961,17,10556,0,658,21,2297,15,6260,21,8557,California
Colusa,2021-05-23,9,14184,3,2964,6,10562,0,658,2,2292,7,6267,2,8559,California
Contra Costa,2020-12-15,18,18,18,18,0,0,0,0,18,18,0,0,18,18,California
Contra Costa,2020-12-16,520,538,520,538,0,0,0,0,520,538,0,0,520,538,California
Contra Costa,2020-12-17,912,1450,912,1450,0,0,0,0,912,1450,0,0,912,1450,California
Contra Costa,2020-12-18,1597,3047,1596,3046,1,1,0,0,1597,3047,0,0,1597,3047,California
Contra Costa,2020-12-19,1105,4152,1104,4150,1,2,0,0,1105,4152,0,0,1105,4152,California
Contra Costa,2020-12-20,582,4734,581,4731,1,3,0,0,582,4734,0,0,582,4734,California
Contra Costa,2020-12-21,1659,6393,1657,6388,2,5,0,0,1659,6393,0,0,1659,6393,California
Contra Costa,2020-12-22,1668,8061,1563,7951,105,110,0,0,1668,8061,0,0,1668,8061,California
Contra Costa,2020-12-23,1606,9667,1358,9309,248,358,0,0,1606,9667,0,0,1606,9667,California
Contra Costa,2020-12-24,658,10325,337,9646,321,679,0,0,658,10325,0,0,658,10325,California
Contra Costa,2020-12-25,39,10364,17,9663,22,701,0,0,39,10364,0,0,39,10364,California
Contra Costa,2020-12-26,645,11009,132,9795,513,1214,0,0,645,11009,0,0,645,11009,California
Contra Costa,2020-12-27,240,11249,86,9881,154,1368,0,0,240,11249,0,0,240,11249,California
Contra Costa,2020-12-28,1841,13090,866,10747,975,2343,0,0,1841,13090,0,0,1841,13090,California
Contra Costa,2020-12-29,1830,14920,821,11568,1009,3352,0,0,1830,14920,0,0,1830,14920,California
Contra Costa,2020-12-30,2394,17314,1213,12781,1181,4533,0,0,2393,17313,0,0,2393,17313,California
Contra Costa,2020-12-31,917,18231,307,13088,610,5143,0,0,916,18229,0,0,916,18229,California
Contra Costa,2021-01-01,61,18292,23,13111,38,5181,0,0,61,18290,0,0,61,18290,California
Contra Costa,2021-01-02,338,18630,174,13285,164,5345,0,0,338,18628,0,0,338,18628,California
Contra Costa,2021-01-03,178,18808,120,13405,58,5403,0,0,177,18805,0,0,177,18805,California
Contra Costa,2021-01-04,1908,20716,1251,14656,657,6060,0,0,1888,20675,18,18,1888,20693,California
Contra Costa,2021-01-05,2106,22822,1258,15914,848,6908,0,0,1847,22265,258,276,1848,22541,California
Contra Costa,2021-01-06,3287,26109,2252,18166,1035,7943,0,0,2525,24037,756,1032,2528,25069,California
Contra Costa,2021-01-07,3100,29209,2062,20228,1038,8981,0,0,1885,24710,1212,2244,1885,26954,California
Contra Costa,2021-01-08,3393,32602,2394,22622,999,9980,0,0,1828,24981,1560,3804,1831,28785,California
Contra Costa,2021-01-09,1587,34189,1136,23758,451,10431,0,0,747,24891,839,4643,749,29534,California
Contra Costa,2021-01-10,362,34551,285,24043,77,10508,0,0,155,24839,207,4850,155,29689,California
Contra Costa,2021-01-11,3836,38387,3145,27188,691,11199,0,0,2230,25466,1606,6456,2233,31922,California
Contra Costa,2021-01-12,3921,42308,2943,30131,978,12177,0,0,2592,26733,1329,7785,2596,34518,California
Contra Costa,2021-01-13,4734,47042,2941,33072,1793,13970,0,0,3783,29570,947,8732,3784,38302,California
Contra Costa,2021-01-14,4327,51369,1565,34637,2762,16732,0,0,3944,33131,383,9115,3944,42246,California
Contra Costa,2021-01-15,5347,56716,2463,37100,2884,19616,0,0,5021,37831,325,9440,5025,47271,California
Contra Costa,2021-01-16,1725,58441,556,37656,1169,20785,0,0,1650,39406,75,9515,1650,48921,California
Contra Costa,2021-01-17,1638,60079,974,38630,664,21449,0,0,1516,40803,122,9637,1519,50440,California
Contra Costa,2021-01-18,3212,63291,1266,39896,1946,23395,0,0,2587,42772,619,10256,2588,53028,California
Contra Costa,2021-01-19,7060,70351,3155,43051,3905,27300,0,0,6056,47832,1001,11257,6061,59089,California
Contra Costa,2021-01-20,6687,77038,4123,47174,2564,29864,0,0,5454,52062,1229,12486,5459,64548,California
Contra Costa,2021-01-21,6977,84015,3106,50280,3871,33735,0,0,6249,57597,722,13208,6257,70805,California
Contra Costa,2021-01-22,6394,90409,2718,52998,3676,37411,0,0,5533,62281,852,14060,5536,76341,California
Contra Costa,2021-01-23,2038,92447,360,53358,1678,39089,0,0,1778,63803,258,14318,1780,78121,California
Contra Costa,2021-01-24,1591,94038,218,53576,1373,40462,0,0,1444,65104,147,14465,1448,79569,California
Contra Costa,2021-01-25,6691,100729,3043,56619,3648,44110,0,0,5121,68660,1568,16033,5124,84693,California
Contra Costa,2021-01-26,8102,108831,4686,61305,3416,47526,0,0,6252,73075,1842,17875,6257,90950,California
Contra Costa,2021-01-27,8165,116996,5407,66712,2758,50284,0,0,6329,77583,1825,19700,6333,97283,California
Contra Costa,2021-01-28,7468,124464,4091,70803,3377,53661,0,0,5856,81837,1606,21306,5860,103143,California
Contra Costa,2021-01-29,7448,131912,3892,74695,3556,57217,0,0,6136,86667,1308,22614,6138,109281,California
Contra Costa,2021-01-30,2142,134054,658,75353,1484,58701,0,0,1737,88006,398,23012,1737,111018,California
Contra Costa,2021-01-31,648,134702,428,75781,220,58921,0,0,556,88473,89,23101,556,111574,California
Contra Costa,2021-02-01,5873,140575,4099,79880,1774,60695,0,0,3968,90547,1897,24998,3971,115545,California
Contra Costa,2021-02-02,7575,148150,5080,84960,2495,63190,0,0,5878,94730,1696,26694,5879,121424,California
Contra Costa,2021-02-03,8290,156440,5479,90439,2811,66001,0,0,5629,97708,2652,29346,5630,127054,California
Contra Costa,2021-02-04,7512,163952,3586,94025,3926,69927,0,0,5746,101693,1764,31110,5749,132803,California
Contra Costa,2021-02-05,8438,172390,4814,98839,3624,73551,0,0,5745,104752,2686,33796,5745,138548,California
Contra Costa,2021-02-06,3487,175877,2163,101002,1324,74875,0,0,2833,106933,653,34449,2834,141382,California
Contra Costa,2021-02-07,984,176861,713,101715,271,75146,0,0,605,107160,378,34827,605,141987,California
Contra Costa,2021-02-08,5858,182719,3468,105183,2390,77536,0,0,4372,110053,1480,36307,4373,146360,California
Contra Costa,2021-02-09,8683,191402,4793,109976,3890,81426,0,0,5790,112957,2887,39194,5791,152151,California
Contra Costa,2021-02-10,8647,200049,4656,114632,3991,85417,0,0,5360,115050,3271,42465,5364,157515,California
Contra Costa,2021-02-11,9337,209386,4217,118849,5120,90537,0,0,5269,116262,4062,46527,5274,162789,California
Contra Costa,2021-02-12,10095,219481,4627,123476,5468,96005,0,0,5462,117101,4626,51153,5465,168254,California
Contra Costa,2021-02-13,4890,224371,1368,124844,3522,99527,0,0,3405,119025,1482,52635,3406,171660,California
Contra Costa,2021-02-14,2095,226466,867,125711,1228,100755,0,0,1231,119394,862,53497,1231,172891,California
Contra Costa,2021-02-15,4468,230934,2476,128187,1992,102747,0,0,2343,119619,2119,55616,2344,175235,California
Contra Costa,2021-02-16,10429,241363,4915,133102,5514,108261,0,0,4649,118500,5772,61388,4653,179888,California
Contra Costa,2021-02-17,12307,253670,6152,139254,6155,114416,0,0,5648,117505,6644,68032,5649,185537,California
Contra Costa,2021-02-18,11490,265160,5979,145233,5511,119927,0,0,5336,116700,6143,74175,5338,190875,California
Contra Costa,2021-02-19,11421,276581,7115,152348,4306,124233,0,0,5184,115662,6223,80398,5185,196060,California
Contra Costa,2021-02-20,6469,283050,2913,155261,3556,127789,0,0,4579,118369,1874,82272,4581,200641,California
Contra Costa,2021-02-21,2275,285325,1721,156982,554,128343,0,0,1545,119185,729,83001,1545,202186,California
Contra Costa,2021-02-22,7592,292917,5143,162125,2449,130792,0,0,3500,118607,4080,87081,3502,205688,California
Contra Costa,2021-02-23,12102,305019,7438,169563,4664,135456,0,0,6105,118733,5983,93064,6109,211797,California
Contra Costa,2021-02-24,10594,315613,7775,177338,2819,138275,0,0,5122,118402,5455,98519,5124,216921,California
Contra Costa,2021-02-25,11526,327139,7253,184591,4273,142548,0,0,5234,117369,6271,104790,5238,222159,California
Contra Costa,2021-02-26,10768,337907,6797,191388,3971,146519,0,0,5339,117295,5414,110204,5340,227499,California
Contra Costa,2021-02-27,6792,344699,4368,195756,2424,148943,0,0,4256,119025,2528,112732,4258,231757,California
Contra Costa,2021-02-28,3813,348512,3136,198892,677,149620,0,0,3213,121642,597,113329,3214,234971,California
Contra Costa,2021-03-01,8239,356751,6208,205100,2026,151646,5,5,5079,123584,3144,116473,5086,240057,California
Contra Costa,2021-03-02,10649,367400,6812,211912,3836,155482,1,6,5709,124371,4924,121397,5711,245768,California
Contra Costa,2021-03-03,11308,378708,7105,219017,4202,159684,1,7,6375,125829,4919,126316,6377,252145,California
Contra Costa,2021-03-04,11971,390679,7161,226178,4810,164494,0,7,6221,126319,5731,132047,6221,258366,California
Contra Costa,2021-03-05,11489,402168,6905,233083,4578,169072,6,13,6601,128055,4871,136918,6607,264973,California
Contra Costa,2021-03-06,7502,409670,4205,237288,2987,172059,310,323,4911,130695,2579,139497,5219,270192,California
Contra Costa,2021-03-07,3827,413497,2459,239747,1308,173367,60,383,3151,133232,674,140171,3211,273403,California
Contra Costa,2021-03-08,8239,421736,3926,243673,4009,177376,304,687,5533,136378,2695,142866,5841,279244,California
Contra Costa,2021-03-09,11167,432903,5928,249601,4943,182319,296,983,5850,137219,5307,148173,6148,285392,California
Contra Costa,2021-03-10,12426,445329,6211,255812,4714,187033,1501,2484,5668,137632,6747,154920,7160,292552,California
Contra Costa,2021-03-11,12509,457838,6586,262398,5358,192391,565,3049,6382,138474,6105,161025,6947,299499,California
Contra Costa,2021-03-12,12649,470487,5220,267618,6866,199257,563,3612,6314,139029,6320,167345,6875,306374,California
Contra Costa,2021-03-13,7857,478344,3156,270774,4274,203531,427,4039,3112,137836,4726,172071,3533,309907,California
Contra Costa,2021-03-14,4448,482792,2635,273409,1325,204856,488,4527,1717,137317,2723,174794,2204,312111,California
Contra Costa,2021-03-15,9474,492266,5145,278554,3572,208428,757,5284,4759,138134,4698,179492,5515,317626,California
Contra Costa,2021-03-16,14343,506609,8548,287102,5396,213824,399,5683,7148,138507,7173,186665,7546,325172,California
Contra Costa,2021-03-17,15079,521688,10416,297518,4448,218272,215,5898,8548,140768,6508,193173,8769,333941,California
Contra Costa,2021-03-18,15467,537155,8627,306145,6356,224628,484,6382,8805,143425,6630,199803,9287,343228,California
Contra Costa,2021-03-19,15686,552841,9070,315215,5214,229842,1402,7784,8320,145804,7348,207151,9727,352955,California
Contra Costa,2021-03-20,10742,563583,6451,321666,3980,233822,311,8095,5153,145699,5570,212721,5465,358420,California
Contra Costa,2021-03-21,4560,568143,3987,325653,475,234297,98,8193,2097,145439,2454,215175,2194,360614,California
Contra Costa,2021-03-22,11648,579791,8799,334452,2594,236891,255,8448,7019,148099,4613,219788,7273,367887,California
Contra Costa,2021-03-23,15700,595491,10834,345286,4694,241585,172,8620,9121,150843,6550,226338,9294,377181,California
Contra Costa,2021-03-24,15081,610572,11769,357055,3098,244683,214,8834,9137,154286,5912,232250,9355,386536,California
Contra Costa,2021-03-25,15378,625950,12000,369055,3092,247775,286,9120,9420,158069,5921,238171,9704,396240,California
Contra Costa,2021-03-26,15111,641061,10859,379914,3851,251626,401,9521,8691,160763,6393,244564,9087,405327,California
Contra Costa,2021-03-27,10570,651631,6878,386792,3179,254805,513,10034,5622,161953,4938,249502,6128,411455,California
Contra Costa,2021-03-28,4234,655865,3026,389818,1155,255960,53,10087,1616,161015,2607,252109,1669,413124,California
Contra Costa,2021-03-29,10928,666793,8534,398352,2278,258238,116,10203,6953,164130,3956,256065,7071,420195,California
Contra Costa,2021-03-30,16816,683609,9203,407555,6259,264497,1354,11557,10375,169432,6422,262487,11724,431919,California
Contra Costa,2021-03-31,18051,701660,12649,420204,3959,268456,1443,13000,11379,175618,6632,269119,12818,444737,California
Contra Costa,2021-04-01,17611,719271,12316,432520,3907,272363,1388,14388,11438,182295,6147,275266,12824,457561,California
Contra Costa,2021-04-02,17495,736766,12893,445413,3574,275937,1028,15416,11593,189025,5890,281156,12620,470181,California
Contra Costa,2021-04-03,10870,747636,6495,451908,2822,278759,1553,16969,6213,192146,4643,285799,7764,477945,California
Contra Costa,2021-04-04,3347,750983,1327,453235,1424,280183,596,17565,847,191096,2493,288292,1443,479388,California
Contra Costa,2021-04-05,12118,763101,7909,461144,3232,283415,977,18542,6589,193149,5515,293807,7568,486956,California
Contra Costa,2021-04-06,17319,780420,12001,473145,3031,286446,2287,20829,9720,197575,7579,301386,12005,498961,California
Contra Costa,2021-04-07,18582,799002,12587,485732,3179,289625,2816,23645,10550,202964,8013,309399,13402,512363,California
Contra Costa,2021-04-08,18627,817629,12412,498144,3306,292931,2909,26554,9982,207225,8618,318017,12879,525242,California
Contra Costa,2021-04-09,18680,836309,11915,510059,4289,297220,2476,29030,9955,210954,8699,326716,12428,537670,California
Contra Costa,2021-04-10,10510,846819,3802,513861,2160,299380,4548,33578,3268,211533,7225,333941,7804,545474,California
Contra Costa,2021-04-11,3329,850148,1988,515849,685,300065,656,34234,1116,211097,2207,336148,1771,547245,California
Contra Costa,2021-04-12,11888,862036,7853,523702,2971,303036,1064,35298,5577,211447,6296,342444,6646,553891,California
Contra Costa,2021-04-13,17782,879818,10910,534612,6866,309902,6,35304,11855,217408,5906,348350,11867,565758,California
Contra Costa,2021-04-14,17577,897395,11037,545649,6539,316441,1,35305,9715,219288,7839,356189,9719,575477,California
Contra Costa,2021-04-15,17500,914895,10741,556390,6758,323199,1,35306,8096,218029,9375,365564,8116,583593,California
Contra Costa,2021-04-16,16868,931763,10530,566920,6336,329535,2,35308,7571,216335,9273,374837,7579,591172,California
Contra Costa,2021-04-17,11436,943199,6285,573205,5151,334686,0,35308,6129,217177,5294,380131,6136,597308,California
Contra Costa,2021-04-18,2743,945942,2114,575319,629,335315,0,35308,1777,217997,957,381088,1777,599085,California
Contra Costa,2021-04-19,11374,957316,8503,583822,2871,338186,0,35308,3571,213793,7777,388865,3573,602658,California
Contra Costa,2021-04-20,16650,973966,10821,594643,5829,344015,0,35308,6237,209651,10383,399248,6241,608899,California
Contra Costa,2021-04-21,17323,991289,14136,608779,3187,347202,0,35308,6150,204672,11137,410385,6158,615057,California
Contra Costa,2021-04-22,17145,1008434,13879,622658,3265,350467,1,35309,6049,199665,11066,421451,6059,621116,California
Contra Costa,2021-04-23,16970,1025404,13490,636148,3480,353947,0,35309,5468,193673,11468,432919,5476,626592,California
Contra Costa,2021-04-24,10919,1036323,8420,644568,2498,356445,1,35310,4169,191117,6729,439648,4173,630765,California
Contra Costa,2021-04-25,3237,1039560,2182,646750,1053,357498,2,35312,2047,191979,1190,440838,2052,632817,California
Contra Costa,2021-04-26,9788,1049348,8200,654950,1564,359062,24,35336,2859,187963,6911,447749,2895,635712,California
Contra Costa,2021-04-27,14454,1063802,10593,665543,3709,362771,152,35488,3873,181438,10560,458309,4035,639747,California
Contra Costa,2021-04-28,13838,1077640,10758,676301,2793,365564,287,35775,3454,174835,10350,468659,3747,643494,California
Contra Costa,2021-04-29,13025,1090665,10079,686380,2776,368340,170,35945,2836,167684,10163,478822,3012,646506,California
Contra Costa,2021-04-30,13672,1104337,10784,697164,2639,370979,249,36194,3092,160476,10553,489375,3345,649851,California
Contra Costa,2021-05-01,8016,1112353,5853,703017,1844,372823,319,36513,1914,156625,6084,495459,2233,652084,California
Contra Costa,2021-05-02,2331,1114684,1584,704601,667,373490,80,36593,992,156368,1329,496788,1072,653156,California
Contra Costa,2021-05-03,9110,1123794,8014,712615,921,374411,175,36768,1925,151300,7172,503960,2104,655260,California
Contra Costa,2021-05-04,14066,1137860,12138,724753,1600,376011,328,37096,2287,142160,11755,515715,2615,657875,California
Contra Costa,2021-05-05,12497,1150357,10780,735533,1517,377528,200,37296,2394,134679,10077,525792,2596,660471,California
Contra Costa,2021-05-06,10267,1160624,8530,744063,1408,378936,329,37625,1936,128645,8307,534099,2273,662744,California
Contra Costa,2021-05-07,9609,1170233,7725,751788,1660,380596,224,37849,2212,123713,7365,541464,2433,665177,California
Contra Costa,2021-05-08,5279,1175512,3975,755763,1137,381733,167,38016,1244,121110,4018,545482,1415,666592,California
Contra Costa,2021-05-09,2098,1177610,1768,757531,270,382003,60,38076,455,119989,1639,547121,518,667110,California
Contra Costa,2021-05-10,4925,1182535,3947,761478,760,382763,218,38294,1344,117990,3560,550681,1561,668671,California
Contra Costa,2021-05-11,8688,1191223,4518,765996,3941,386704,229,38523,1706,112968,6963,557644,1941,670612,California
Contra Costa,2021-05-12,8986,1200209,4566,770562,4174,390878,246,38769,1546,107349,7416,565060,1797,672409,California
Contra Costa,2021-05-13,11297,1211506,7465,778027,3649,394527,183,38952,3937,104134,7335,572395,4120,676529,California
Contra Costa,2021-05-14,12101,1223607,8052,786079,3770,398297,279,39231,5006,102350,7069,579464,5285,681814,California
Contra Costa,2021-05-15,9938,1233545,7208,793287,2611,400908,119,39350,4384,101315,5540,585004,4505,686319,California
Contra Costa,2021-05-16,2412,1235957,2109,795396,258,401166,45,39395,1086,101126,1320,586324,1131,687450,California
Contra Costa,2021-05-17,6988,1242945,5638,801034,1180,402346,170,39565,3591,101510,3378,589702,3762,691212,California
Contra Costa,2021-05-18,10170,1253115,6950,807984,3004,405350,216,39781,4475,100536,5668,595370,4694,695906,California
Contra Costa,2021-05-19,8409,1261524,6805,814789,1414,406764,190,39971,4072,100486,4318,599688,4268,700174,California
Contra Costa,2021-05-20,6492,1268016,5162,819951,1154,407918,176,40147,3242,100670,3234,602922,3418,703592,California
Contra Costa,2021-05-21,6265,1274281,4830,824781,1249,409167,186,40333,2857,100329,3385,606307,3044,706636,California
Contra Costa,2021-05-22,4262,1278543,3402,828183,711,409878,149,40482,2006,100245,2241,608548,2157,708793,California
Contra Costa,2021-05-23,419,1278962,268,828451,120,409998,31,40513,167,100193,251,608799,199,708992,California
Del Norte,2020-12-21,23,23,23,23,0,0,0,0,23,23,0,0,23,23,California
Del Norte,2020-12-22,45,68,45,68,0,0,0,0,45,68,0,0,45,68,California
Del Norte,2020-12-23,58,126,48,116,10,10,0,0,56,124,0,0,56,124,California
Del Norte,2020-12-28,34,160,34,150,0,10,0,0,34,158,0,0,34,158,California
Del Norte,2020-12-29,4,164,4,154,0,10,0,0,4,162,0,0,4,162,California
Del Norte,2020-12-30,67,231,55,209,12,22,0,0,68,230,0,0,68,230,California
Del Norte,2020-12-31,16,247,13,222,3,25,0,0,16,246,0,0,16,246,California
Del Norte,2021-01-04,102,349,49,271,53,78,0,0,102,348,0,0,102,348,California
Del Norte,2021-01-05,33,382,0,271,33,111,0,0,32,380,1,1,33,381,California
Del Norte,2021-01-06,77,459,18,289,59,170,0,0,77,457,0,1,77,458,California
Del Norte,2021-01-07,21,480,1,290,20,190,0,0,21,478,0,1,21,479,California
Del Norte,2021-01-08,77,557,7,297,70,260,0,0,77,555,0,1,77,556,California
Del Norte,2021-01-11,40,597,21,318,19,279,0,0,18,552,22,23,19,575,California
Del Norte,2021-01-12,50,647,31,349,19,298,0,0,30,562,20,43,30,605,California
Del Norte,2021-01-13,86,733,40,389,46,344,0,0,53,582,33,76,53,658,California
Del Norte,2021-01-14,52,785,14,403,38,382,0,0,46,622,6,82,46,704,California
Del Norte,2021-01-15,107,892,18,421,89,471,0,0,95,705,12,94,95,799,California
Del Norte,2021-01-17,1,893,1,422,0,471,0,0,1,706,0,94,1,800,California
Del Norte,2021-01-18,2,895,0,422,2,473,0,0,2,708,0,94,2,802,California
Del Norte,2021-01-19,119,1014,56,478,63,536,0,0,77,743,42,136,77,879,California
Del Norte,2021-01-20,159,1173,84,562,75,611,0,0,96,777,62,198,96,975,California
Del Norte,2021-01-21,43,1216,40,602,3,614,0,0,32,798,11,209,32,1007,California
Del Norte,2021-01-22,20,1236,17,619,3,617,0,0,13,804,7,216,13,1020,California
Del Norte,2021-01-23,1,1237,0,619,1,618,0,0,1,805,0,216,1,1021,California
Del Norte,2021-01-24,1,1238,0,619,1,619,0,0,1,806,0,216,1,1022,California
Del Norte,2021-01-25,100,1338,82,701,18,637,0,0,56,818,44,260,56,1078,California
Del Norte,2021-01-26,18,1356,11,712,7,644,0,0,7,814,11,271,7,1085,California
Del Norte,2021-01-27,64,1420,21,733,43,687,0,0,61,872,3,274,61,1146,California
Del Norte,2021-01-28,292,1712,20,753,272,959,0,0,287,1154,5,279,287,1433,California
Del Norte,2021-01-29,54,1766,21,774,33,992,0,0,43,1186,11,290,43,1476,California
Del Norte,2021-01-30,8,1774,1,775,7,999,0,0,8,1194,0,290,8,1484,California
Del Norte,2021-02-01,41,1815,1,776,40,1039,0,0,26,1205,15,305,26,1510,California
Del Norte,2021-02-02,141,1956,34,810,107,1146,0,0,73,1211,67,372,73,1583,California
Del Norte,2021-02-03,126,2082,40,850,86,1232,0,0,71,1227,55,427,71,1654,California
Del Norte,2021-02-04,71,2153,29,879,42,1274,0,0,42,1240,29,456,42,1696,California
Del Norte,2021-02-05,184,2337,22,901,162,1436,0,0,119,1295,64,520,119,1815,California
Del Norte,2021-02-06,310,2647,4,905,306,1742,0,0,310,1605,0,520,310,2125,California
Del Norte,2021-02-07,1,2648,0,905,1,1743,0,0,1,1606,0,520,1,2126,California
Del Norte,2021-02-08,36,2684,1,906,35,1778,0,0,32,1634,4,524,32,2158,California
Del Norte,2021-02-09,8,2692,5,911,3,1781,0,0,2,1630,6,530,2,2160,California
Del Norte,2021-02-10,142,2834,20,931,122,1903,0,0,85,1659,56,586,85,2245,California
Del Norte,2021-02-11,177,3011,59,990,118,2021,0,0,64,1610,113,699,64,2309,California
Del Norte,2021-02-12,121,3132,14,1004,107,2128,0,0,67,1623,54,753,67,2376,California
Del Norte,2021-02-13,2,3134,1,1005,1,2129,0,0,2,1625,0,753,2,2378,California
Del Norte,2021-02-14,3,3137,1,1006,2,2131,0,0,2,1626,1,754,2,2380,California
Del Norte,2021-02-15,4,3141,0,1006,4,2135,0,0,2,1626,2,756,2,2382,California
Del Norte,2021-02-16,132,3273,1,1007,131,2266,0,0,13,1520,119,875,13,2395,California
Del Norte,2021-02-17,91,3364,20,1027,71,2337,0,0,24,1477,67,942,24,2419,California
Del Norte,2021-02-18,77,3441,24,1051,53,2390,0,0,51,1502,26,968,51,2470,California
Del Norte,2021-02-19,43,3484,17,1068,26,2416,0,0,33,1525,10,978,33,2503,California
Del Norte,2021-02-20,8,3492,5,1073,3,2419,0,0,6,1529,2,980,6,2509,California
Del Norte,2021-02-22,2,3494,0,1073,2,2421,0,0,2,1531,0,980,2,2511,California
Del Norte,2021-02-23,107,3601,89,1162,18,2439,0,0,31,1487,76,1056,32,2543,California
Del Norte,2021-02-24,152,3753,98,1260,54,2493,0,0,79,1493,73,1129,79,2622,California
Del Norte,2021-02-25,477,4230,131,1391,346,2839,0,0,213,1444,262,1391,213,2835,California
Del Norte,2021-02-26,213,4443,176,1567,37,2876,0,0,167,1565,46,1437,167,3002,California
Del Norte,2021-02-27,149,4592,143,1710,5,2881,1,1,141,1699,8,1445,142,3144,California
Del Norte,2021-02-28,3,4595,0,1710,3,2884,0,1,3,1702,0,1445,3,3147,California
Del Norte,2021-03-01,29,4624,2,1712,27,2911,0,1,4,1682,24,1469,4,3151,California
Del Norte,2021-03-02,221,4845,141,1853,80,2991,0,1,187,1835,34,1503,187,3338,California
Del Norte,2021-03-03,167,5012,99,1952,68,3059,0,1,126,1920,41,1544,126,3464,California
Del Norte,2021-03-04,120,5132,83,2035,37,3096,0,1,91,1983,28,1572,91,3555,California
Del Norte,2021-03-05,121,5253,11,2046,110,3206,0,1,73,2008,48,1620,73,3628,California
Del Norte,2021-03-06,464,5717,77,2123,338,3544,49,50,163,1877,301,1921,170,3798,California
Del Norte,2021-03-07,2,5719,1,2124,1,3545,0,50,1,1877,1,1922,1,3799,California
Del Norte,2021-03-08,28,5747,1,2125,25,3570,2,52,5,1861,23,1945,7,3806,California
Del Norte,2021-03-09,194,5941,113,2238,78,3648,3,55,183,2036,11,1956,186,3992,California
Del Norte,2021-03-10,233,6174,96,2334,109,3757,28,83,134,2099,99,2055,162,4154,California
Del Norte,2021-03-11,151,6325,55,2389,91,3848,5,88,103,2159,48,2103,108,4262,California
Del Norte,2021-03-12,178,6503,89,2478,89,3937,0,88,125,2231,53,2156,125,4387,California
Del Norte,2021-03-13,94,6597,93,2571,1,3938,0,88,91,2319,3,2159,91,4478,California
Del Norte,2021-03-14,1,6598,0,2571,1,3939,0,88,1,2319,1,2160,1,4479,California
Del Norte,2021-03-15,39,6637,0,2571,38,3977,1,89,34,2349,5,2165,35,4514,California
Del Norte,2021-03-16,281,6918,135,2706,146,4123,0,89,260,2588,21,2186,260,4774,California
Del Norte,2021-03-17,282,7200,95,2801,185,4308,2,91,168,2644,114,2300,170,4944,California
Del Norte,2021-03-18,285,7485,107,2908,175,4483,3,94,149,2661,135,2435,152,5096,California
Del Norte,2021-03-19,267,7752,159,3067,102,4585,6,100,91,2582,176,2611,97,5193,California
Del Norte,2021-03-20,157,7909,154,3221,3,4588,0,100,15,2455,142,2753,15,5208,California
Del Norte,2021-03-21,4,7913,2,3223,2,4590,0,100,2,2455,2,2755,2,5210,California
Del Norte,2021-03-22,43,7956,3,3226,39,4629,1,101,39,2492,3,2758,40,5250,California
Del Norte,2021-03-23,335,8291,164,3390,153,4782,18,119,165,2506,168,2926,182,5432,California
Del Norte,2021-03-24,396,8687,107,3497,249,5031,40,159,235,2620,161,3087,275,5707,California
Del Norte,2021-03-25,192,8879,88,3585,104,5135,0,159,84,2597,107,3194,84,5791,California
Del Norte,2021-03-26,233,9112,113,3698,120,5255,0,159,197,2758,36,3230,197,5988,California
Del Norte,2021-03-27,107,9219,86,3784,4,5259,17,176,17,2702,90,3320,34,6022,California
Del Norte,2021-03-28,4,9223,2,3786,2,5261,0,176,1,2700,3,3323,1,6023,California
Del Norte,2021-03-29,57,9280,6,3792,34,5295,17,193,32,2724,25,3348,49,6072,California
Del Norte,2021-03-30,340,9620,119,3911,210,5505,11,204,128,2651,212,3560,139,6211,California
Del Norte,2021-03-31,353,9973,100,4011,236,5741,17,221,198,2713,153,3713,215,6426,California
Del Norte,2021-04-01,164,10137,58,4069,72,5813,34,255,69,2722,94,3807,103,6529,California
Del Norte,2021-04-02,232,10369,79,4148,104,5917,49,304,49,2638,183,3990,99,6628,California
Del Norte,2021-04-03,108,10477,83,4231,2,5919,23,327,5,2564,102,4092,28,6656,California
Del Norte,2021-04-04,4,10481,0,4231,0,5919,4,331,0,2564,4,4096,4,6660,California
Del Norte,2021-04-05,47,10528,5,4236,38,5957,4,335,40,2601,7,4103,44,6704,California
Del Norte,2021-04-06,379,10907,120,4356,222,6179,37,372,146,2556,229,4332,184,6888,California
Del Norte,2021-04-07,435,11342,114,4470,260,6439,61,433,289,2760,146,4478,350,7238,California
Del Norte,2021-04-08,227,11569,54,4524,105,6544,68,501,105,2811,122,4600,173,7411,California
Del Norte,2021-04-09,205,11774,46,4570,82,6626,77,578,98,2878,106,4706,173,7584,California
Del Norte,2021-04-10,47,11821,26,4596,4,6630,17,595,27,2902,20,4726,44,7628,California
Del Norte,2021-04-11,12,11833,3,4599,2,6632,7,602,2,2901,10,4736,9,7637,California
Del Norte,2021-04-12,27,11860,1,4600,9,6641,17,619,1,2894,25,4761,18,7655,California
Del Norte,2021-04-13,298,12158,50,4650,248,6889,0,619,155,2906,143,4904,155,7810,California
Del Norte,2021-04-14,327,12485,23,4673,304,7193,0,619,138,2860,189,5093,143,7953,California
Del Norte,2021-04-15,164,12649,31,4704,133,7326,0,619,45,2787,119,5212,46,7999,California
Del Norte,2021-04-16,161,12810,40,4744,121,7447,0,619,59,2745,102,5314,60,8059,California
Del Norte,2021-04-17,103,12913,71,4815,32,7479,0,619,98,2838,5,5319,98,8157,California
Del Norte,2021-04-18,5,12918,4,4819,1,7480,0,619,4,2841,1,5320,4,8161,California
Del Norte,2021-04-19,50,12968,6,4825,44,7524,0,619,8,2807,42,5362,8,8169,California
Del Norte,2021-04-20,208,13176,40,4865,168,7692,0,619,73,2745,135,5497,73,8242,California
Del Norte,2021-04-21,288,13464,23,4888,265,7957,0,619,63,2587,224,5721,66,8308,California
Del Norte,2021-04-22,114,13578,15,4903,99,8056,0,619,62,2597,52,5773,62,8370,California
Del Norte,2021-04-23,153,13731,22,4925,131,8187,0,619,40,2524,113,5886,40,8410,California
Del Norte,2021-04-24,25,13756,14,4939,11,8198,0,619,20,2539,5,5891,20,8430,California
Del Norte,2021-04-25,2,13758,0,4939,2,8200,0,619,2,2541,0,5891,2,8432,California
Del Norte,2021-04-26,31,13789,0,4939,31,8231,0,619,9,2528,22,5913,9,8441,California
Del Norte,2021-04-27,181,13970,19,4958,157,8388,5,624,49,2450,132,6045,54,8495,California
Del Norte,2021-04-28,351,14321,100,5058,246,8634,5,629,63,2232,287,6332,69,8564,California
Del Norte,2021-04-29,93,14414,6,5064,83,8717,4,633,26,2195,67,6399,30,8594,California
Del Norte,2021-04-30,83,14497,6,5070,67,8784,10,643,44,2210,39,6438,54,8648,California
Del Norte,2021-05-01,8,14505,3,5073,5,8789,0,643,6,2214,2,6440,6,8654,California
Del Norte,2021-05-02,8,14513,0,5073,8,8797,0,643,8,2222,0,6440,8,8662,California
Del Norte,2021-05-03,40,14553,3,5076,34,8831,3,646,2,2190,37,6477,5,8667,California
Del Norte,2021-05-04,221,14774,36,5112,180,9011,5,651,47,2068,174,6651,52,8719,California
Del Norte,2021-05-05,231,15005,19,5131,204,9215,8,659,56,1957,175,6826,64,8783,California
Del Norte,2021-05-06,111,15116,24,5155,74,9289,13,672,26,1911,85,6911,39,8822,California
Del Norte,2021-05-07,152,15268,29,5184,119,9408,4,676,32,1827,120,7031,36,8858,California
Del Norte,2021-05-08,64,15332,55,5239,7,9415,2,678,7,1779,57,7088,9,8867,California
Del Norte,2021-05-09,9,15341,3,5242,3,9418,3,681,2,1777,7,7095,5,8872,California
Del Norte,2021-05-10,25,15366,3,5245,18,9436,4,685,15,1786,10,7105,19,8891,California
Del Norte,2021-05-11,169,15535,49,5294,118,9554,2,687,32,1683,137,7242,34,8925,California
Del Norte,2021-05-12,148,15683,23,5317,115,9669,10,697,27,1600,120,7362,37,8962,California
Del Norte,2021-05-13,60,15743,29,5346,30,9699,1,698,32,1605,28,7390,33,8995,California
Del Norte,2021-05-14,77,15820,27,5373,49,9748,1,699,42,1613,35,7425,43,9038,California
Del Norte,2021-05-15,81,15901,53,5426,28,9776,0,699,53,1638,28,7453,53,9091,California
Del Norte,2021-05-16,11,15912,0,5426,11,9787,0,699,11,1649,0,7453,11,9102,California
Del Norte,2021-05-17,27,15939,3,5429,20,9807,4,703,15,1656,12,7465,19,9121,California
Del Norte,2021-05-18,126,16065,68,5497,57,9864,1,704,80,1691,46,7511,81,9202,California
Del Norte,2021-05-19,96,16161,14,5511,66,9930,16,720,38,1687,58,7569,54,9256,California
Del Norte,2021-05-20,98,16259,31,5542,64,9994,3,723,39,1671,58,7627,42,9298,California
Del Norte,2021-05-21,74,16333,32,5574,42,10036,0,723,41,1679,33,7660,41,9339,California
Del Norte,2021-05-22,21,16354,7,5581,14,10050,0,723,8,1674,13,7673,8,9347,California
Del Norte,2021-05-23,3,16357,2,5583,1,10051,0,723,1,1673,2,7675,1,9348,California
El Dorado,2020-12-15,12,12,12,12,0,0,0,0,12,12,0,0,12,12,California
El Dorado,2020-12-16,40,52,40,52,0,0,0,0,40,52,0,0,40,52,California
El Dorado,2020-12-17,31,83,31,83,0,0,0,0,31,83,0,0,31,83,California
El Dorado,2020-12-18,237,320,237,320,0,0,0,0,237,320,0,0,237,320,California
El Dorado,2020-12-19,116,436,116,436,0,0,0,0,116,436,0,0,116,436,California
El Dorado,2020-12-20,85,521,85,521,0,0,0,0,85,521,0,0,85,521,California
El Dorado,2020-12-21,309,830,308,829,1,1,0,0,309,830,0,0,309,830,California
El Dorado,2020-12-22,237,1067,213,1042,24,25,0,0,237,1067,0,0,237,1067,California
El Dorado,2020-12-23,190,1257,141,1183,49,74,0,0,190,1257,0,0,190,1257,California
El Dorado,2020-12-24,87,1344,66,1249,21,95,0,0,87,1344,0,0,87,1344,California
El Dorado,2020-12-25,8,1352,8,1257,0,95,0,0,8,1352,0,0,8,1352,California
El Dorado,2020-12-26,44,1396,26,1283,18,113,0,0,44,1396,0,0,44,1396,California
El Dorado,2020-12-27,37,1433,33,1316,4,117,0,0,37,1433,0,0,37,1433,California
El Dorado,2020-12-28,213,1646,166,1482,47,164,0,0,213,1646,0,0,213,1646,California
El Dorado,2020-12-29,460,2106,143,1625,317,481,0,0,460,2106,0,0,460,2106,California
El Dorado,2020-12-30,505,2611,136,1761,369,850,0,0,505,2611,0,0,505,2611,California
El Dorado,2020-12-31,110,2721,70,1831,40,890,0,0,110,2721,0,0,110,2721,California
El Dorado,2021-01-01,7,2728,4,1835,3,893,0,0,7,2728,0,0,7,2728,California
El Dorado,2021-01-02,153,2881,141,1976,12,905,0,0,153,2881,0,0,153,2881,California
El Dorado,2021-01-03,92,2973,17,1993,75,980,0,0,92,2973,0,0,92,2973,California
El Dorado,2021-01-04,190,3163,62,2055,128,1108,0,0,190,3163,0,0,190,3163,California
El Dorado,2021-01-05,228,3391,72,2127,156,1264,0,0,212,3359,16,16,212,3375,California
El Dorado,2021-01-06,239,3630,167,2294,72,1336,0,0,175,3470,64,80,175,3550,California
El Dorado,2021-01-07,331,3961,136,2430,195,1531,0,0,260,3659,71,151,260,3810,California
El Dorado,2021-01-08,976,4937,502,2932,474,2005,0,0,772,4228,204,355,773,4583,California
El Dorado,2021-01-09,193,5130,156,3088,37,2042,0,0,125,4285,68,423,125,4708,California
El Dorado,2021-01-10,179,5309,128,3216,51,2093,0,0,109,4325,70,493,110,4818,California
El Dorado,2021-01-11,659,5968,293,3509,366,2459,0,0,459,4586,199,692,460,5278,California
El Dorado,2021-01-12,806,6774,423,3932,383,2842,0,0,557,4894,249,941,557,5835,California
El Dorado,2021-01-13,702,7476,298,4230,404,3246,0,0,541,5274,161,1102,541,6376,California
El Dorado,2021-01-14,792,8268,220,4450,572,3818,0,0,697,5876,95,1197,697,7073,California
El Dorado,2021-01-15,790,9058,184,4634,606,4424,0,0,718,6522,72,1269,718,7791,California
El Dorado,2021-01-16,173,9231,103,4737,70,4494,0,0,146,6641,27,1296,146,7937,California
El Dorado,2021-01-17,99,9330,46,4783,53,4547,0,0,82,6706,17,1313,82,8019,California
El Dorado,2021-01-18,423,9753,140,4923,283,4830,0,0,354,6991,69,1382,354,8373,California
El Dorado,2021-01-19,753,10506,452,5375,301,5131,0,0,603,7445,150,1532,604,8977,California
El Dorado,2021-01-20,1013,11519,688,6063,325,5456,0,0,901,8235,111,1643,901,9878,California
El Dorado,2021-01-21,1265,12784,678,6741,587,6043,0,0,1057,9125,167,1810,1057,10935,California
El Dorado,2021-01-22,1228,14012,833,7574,395,6438,0,0,1174,10246,53,1863,1174,12109,California
El Dorado,2021-01-23,737,14749,615,8189,122,6560,0,0,626,10761,111,1974,626,12735,California
El Dorado,2021-01-24,126,14875,76,8265,50,6610,0,0,107,10849,19,1993,107,12842,California
El Dorado,2021-01-25,700,15575,293,8558,407,7017,0,0,613,11375,87,2080,613,13455,California
El Dorado,2021-01-26,675,16250,365,8923,310,7327,0,0,572,11845,103,2183,573,14028,California
El Dorado,2021-01-27,988,17238,389,9312,599,7926,0,0,651,12158,338,2521,651,14679,California
El Dorado,2021-01-28,1106,18344,452,9764,654,8580,0,0,745,12542,361,2882,745,15424,California
El Dorado,2021-01-29,1042,19386,556,10320,486,9066,0,0,750,13002,291,3173,751,16175,California
El Dorado,2021-01-30,542,19928,290,10610,252,9318,0,0,445,13351,96,3269,445,16620,California
El Dorado,2021-01-31,235,20163,214,10824,21,9339,0,0,183,13483,51,3320,183,16803,California
El Dorado,2021-02-01,798,20961,368,11192,430,9769,0,0,653,13991,145,3465,653,17456,California
El Dorado,2021-02-02,839,21800,367,11559,472,10241,0,0,676,14504,163,3628,676,18132,California
El Dorado,2021-02-03,901,22701,476,12035,425,10666,0,0,689,14981,212,3840,689,18821,California
El Dorado,2021-02-04,1244,23945,701,12736,543,11209,0,0,872,15481,372,4212,872,19693,California
El Dorado,2021-02-05,1485,25430,599,13335,886,12095,0,0,862,15757,586,4798,862,20555,California
El Dorado,2021-02-06,637,26067,331,13666,306,12401,0,0,531,16183,106,4904,532,21087,California
El Dorado,2021-02-07,259,26326,177,13843,82,12483,0,0,195,16314,64,4968,195,21282,California
El Dorado,2021-02-08,883,27209,418,14261,465,12948,0,0,609,16649,274,5242,609,21891,California
El Dorado,2021-02-09,970,28179,546,14807,424,13372,0,0,539,16757,431,5673,539,22430,California
El Dorado,2021-02-10,1256,29435,735,15542,521,13893,0,0,663,16828,592,6265,663,23093,California
El Dorado,2021-02-11,2151,31586,889,16431,1262,15155,0,0,757,16195,1391,7656,758,23851,California
El Dorado,2021-02-12,1573,33159,824,17255,749,15904,0,0,673,15970,899,8555,674,24525,California
El Dorado,2021-02-13,979,34138,667,17922,312,16216,0,0,435,15864,541,9096,435,24960,California
El Dorado,2021-02-14,486,34624,155,18077,331,16547,0,0,399,16176,87,9183,399,25359,California
El Dorado,2021-02-15,1180,35804,382,18459,798,17345,0,0,817,16634,363,9546,821,26180,California
El Dorado,2021-02-16,1206,37010,532,18991,674,18019,0,0,671,16772,534,10080,672,26852,California
El Dorado,2021-02-17,952,37962,419,19410,533,18552,0,0,459,16740,493,10573,461,27313,California
El Dorado,2021-02-18,2094,40056,1020,20430,1074,19626,0,0,1060,16767,1033,11606,1060,28373,California
El Dorado,2021-02-19,1210,41266,643,21073,567,20193,0,0,676,16910,533,12139,676,29049,California
El Dorado,2021-02-20,924,42190,440,21513,484,20677,0,0,671,17333,248,12387,671,29720,California
El Dorado,2021-02-21,284,42474,227,21740,57,20734,0,0,100,17249,184,12571,100,29820,California
El Dorado,2021-02-22,873,43347,438,22178,435,21169,0,0,272,16921,600,13171,272,30092,California
El Dorado,2021-02-23,846,44193,473,22651,373,21542,0,0,339,16754,506,13677,339,30431,California
El Dorado,2021-02-24,1027,45220,438,23089,589,22131,0,0,427,16582,600,14277,428,30859,California
El Dorado,2021-02-25,1891,47111,1140,24229,751,22882,0,0,674,16048,1210,15487,676,31535,California
El Dorado,2021-02-26,2356,49467,1481,25710,875,23757,0,0,1587,16869,766,16253,1587,33122,California
El Dorado,2021-02-27,1663,51130,440,26150,1223,24980,0,0,1222,17653,438,16691,1222,34344,California
El Dorado,2021-02-28,591,51721,206,26356,385,25365,0,0,434,17931,157,16848,435,34779,California
El Dorado,2021-03-01,1132,52853,448,26804,683,26048,1,1,623,18047,508,17356,624,35403,California
El Dorado,2021-03-02,923,53776,269,27073,654,26702,0,1,483,18092,438,17794,483,35886,California
El Dorado,2021-03-03,1689,55465,463,27536,1226,27928,0,1,1154,18720,528,18322,1156,37042,California
El Dorado,2021-03-04,2514,57979,1549,29085,965,28893,0,1,1195,18599,1316,19638,1195,38237,California
El Dorado,2021-03-05,1579,59558,425,29510,1149,30042,5,6,1044,19119,529,20167,1049,39286,California
El Dorado,2021-03-06,741,60299,213,29723,493,30535,35,41,393,19200,347,20514,428,39714,California
El Dorado,2021-03-07,405,60704,197,29920,190,30725,18,59,242,19299,161,20675,260,39974,California
El Dorado,2021-03-08,1329,62033,365,30285,892,31617,72,131,860,19764,466,21141,931,40905,California
El Dorado,2021-03-09,989,63022,231,30516,691,32308,67,198,587,20031,387,21528,654,41559,California
El Dorado,2021-03-10,950,63972,344,30860,550,32858,56,254,549,20240,395,21923,604,42163,California
El Dorado,2021-03-11,3019,66991,1833,32693,1004,33862,182,436,1285,19993,1713,23636,1466,43629,California
El Dorado,2021-03-12,1783,68774,620,33313,916,34778,247,683,744,19963,1021,24657,991,44620,California
El Dorado,2021-03-13,1066,69840,344,33657,440,35218,282,965,375,19930,688,25345,655,45275,California
El Dorado,2021-03-14,794,70634,208,33865,474,35692,112,1077,279,19806,515,25860,391,45666,California
El Dorado,2021-03-15,1401,72035,304,34169,971,36663,126,1203,612,19760,785,26645,739,46405,California
El Dorado,2021-03-16,1219,73254,411,34580,663,37326,145,1348,570,19832,643,27288,715,47120,California
El Dorado,2021-03-17,1109,74363,349,34929,665,37991,95,1443,723,20265,385,27673,818,47938,California
El Dorado,2021-03-18,2996,77359,1772,36701,1179,39170,45,1488,1975,21272,1013,28686,2020,49958,California
El Dorado,2021-03-19,1118,78477,365,37066,607,39777,146,1634,641,21582,477,29163,787,50745,California
El Dorado,2021-03-20,948,79425,269,37335,662,40439,17,1651,369,21400,568,29731,386,51131,California
El Dorado,2021-03-21,1025,80450,418,37753,602,41041,5,1656,934,22250,89,29820,939,52070,California
El Dorado,2021-03-22,1504,81954,488,38241,934,41975,82,1738,1194,23221,305,30125,1276,53346,California
El Dorado,2021-03-23,1146,83100,451,38692,602,42577,93,1831,732,23643,403,30528,825,54171,California
El Dorado,2021-03-24,1458,84558,623,39315,639,43216,196,2027,664,23737,766,31294,860,55031,California
El Dorado,2021-03-25,2510,87068,1685,41000,722,43938,103,2130,1380,24097,1124,32418,1484,56515,California
El Dorado,2021-03-26,1820,88888,698,41698,1012,44950,110,2240,945,24300,853,33271,1056,57571,California
El Dorado,2021-03-27,1319,90207,188,41886,1127,46077,4,2244,333,23657,980,34251,337,57908,California
El Dorado,2021-03-28,634,90841,182,42068,442,46519,10,2254,202,23441,428,34679,212,58120,California
El Dorado,2021-03-29,1320,92161,433,42501,871,47390,16,2270,830,23800,487,35166,846,58966,California
El Dorado,2021-03-30,1363,93524,412,42913,858,48248,93,2363,685,23906,670,35836,776,59742,California
El Dorado,2021-03-31,1560,95084,582,43495,915,49163,63,2426,700,23809,858,36694,761,60503,California
El Dorado,2021-04-01,3235,98319,1768,45263,1384,50547,83,2509,1539,23738,1694,38388,1623,62126,California
El Dorado,2021-04-02,1883,100202,561,45824,1227,51774,95,2604,748,23452,1129,39517,843,62969,California
El Dorado,2021-04-03,749,100951,295,46119,333,52107,121,2725,231,23287,516,40033,351,63320,California
El Dorado,2021-04-04,272,101223,85,46204,140,52247,47,2772,98,23259,173,40206,145,63465,California
El Dorado,2021-04-05,1424,102647,425,46629,905,53152,94,2866,592,23117,827,41033,685,64150,California
El Dorado,2021-04-06,1415,104062,524,47153,670,53822,221,3087,454,22832,958,41991,673,64823,California
El Dorado,2021-04-07,1580,105642,554,47707,577,54399,449,3536,554,22809,1023,43014,1000,65823,California
El Dorado,2021-04-08,2663,108305,1714,49421,715,55114,234,3770,1109,22606,1545,44559,1342,67165,California
El Dorado,2021-04-09,1424,109729,452,49873,752,55866,220,3990,569,22539,852,45411,785,67950,California
El Dorado,2021-04-10,818,110547,224,50097,484,56350,110,4100,471,22775,344,45755,580,68530,California
El Dorado,2021-04-11,703,111250,454,50551,233,56583,16,4116,208,22505,494,46249,224,68754,California
El Dorado,2021-04-12,1276,112526,498,51049,630,57213,148,4264,559,22501,710,46959,706,69460,California
El Dorado,2021-04-13,1115,113641,607,51656,508,57721,0,4264,507,22404,604,47563,507,69967,California
El Dorado,2021-04-14,1084,114725,458,52114,625,58346,1,4265,386,22106,685,48248,387,70354,California
El Dorado,2021-04-15,2489,117214,1671,53785,818,59164,0,4265,954,21529,1532,49780,955,71309,California
El Dorado,2021-04-16,1466,118680,520,54305,946,60110,0,4265,602,21272,860,50640,603,71912,California
El Dorado,2021-04-17,791,119471,202,54507,589,60699,0,4265,491,21466,297,50937,491,72403,California
El Dorado,2021-04-18,990,120461,88,54595,902,61601,0,4265,394,21265,595,51532,394,72797,California
El Dorado,2021-04-19,1715,122176,438,55033,1277,62878,0,4265,691,20938,1018,52550,691,73488,California
El Dorado,2021-04-20,1110,123286,360,55393,750,63628,0,4265,461,20755,644,53194,461,73949,California
El Dorado,2021-04-21,1156,124442,465,55858,687,64315,4,4269,589,20785,560,53754,590,74539,California
El Dorado,2021-04-22,2549,126991,1679,57537,870,65185,0,4269,1067,20373,1479,55233,1067,75606,California
El Dorado,2021-04-23,1398,128389,491,58028,907,66092,0,4269,708,20395,687,55920,709,76315,California
El Dorado,2021-04-24,968,129357,516,58544,452,66544,0,4269,733,20895,233,56153,733,77048,California
El Dorado,2021-04-25,653,130010,449,58993,204,66748,0,4269,466,21174,187,56340,466,77514,California
El Dorado,2021-04-26,1139,131149,450,59443,673,67421,16,4285,538,21128,600,56940,554,78068,California
El Dorado,2021-04-27,1050,132199,374,59817,648,68069,28,4313,471,21054,573,57513,499,78567,California
El Dorado,2021-04-28,1031,133230,346,60163,645,68714,40,4353,401,20867,628,58141,441,79008,California
El Dorado,2021-04-29,1928,135158,1303,61466,593,69307,32,4385,538,20049,1388,59529,570,79578,California
El Dorado,2021-04-30,2117,137275,1328,62794,748,70055,41,4426,1359,20702,746,60275,1399,80977,California
El Dorado,2021-05-01,615,137890,282,63076,306,70361,27,4453,277,20675,331,60606,304,81281,California
El Dorado,2021-05-02,298,138188,212,63288,57,70418,29,4482,101,20610,194,60800,129,81410,California
El Dorado,2021-05-03,820,139008,402,63690,368,70786,50,4532,275,20393,543,61343,326,81736,California
El Dorado,2021-05-04,875,139883,431,64121,386,71172,58,4590,308,20196,563,61906,366,82102,California
El Dorado,2021-05-05,872,140755,430,64551,369,71541,73,4663,414,20227,456,62362,487,82589,California
El Dorado,2021-05-06,1111,141866,480,65031,584,72125,47,4710,473,20109,634,62996,516,83105,California
El Dorado,2021-05-07,977,142843,372,65403,547,72672,58,4768,399,19987,578,63574,456,83561,California
El Dorado,2021-05-08,483,143326,148,65551,298,72970,37,4805,185,19913,296,63870,222,83783,California
El Dorado,2021-05-09,217,143543,78,65629,112,73082,27,4832,100,19924,116,63986,127,83910,California
El Dorado,2021-05-10,828,144371,274,65903,495,73577,59,4891,241,19645,577,64563,298,84208,California
El Dorado,2021-05-11,660,145031,286,66189,320,73897,54,4945,290,19623,367,64930,345,84553,California
El Dorado,2021-05-12,584,145615,306,66495,243,74140,35,4980,235,19545,349,65279,271,84824,California
El Dorado,2021-05-13,1139,146754,731,67226,373,74513,35,5015,396,19236,739,66018,430,85254,California
El Dorado,2021-05-14,1397,148151,804,68030,510,75023,83,5098,679,19285,713,66731,762,86016,California
El Dorado,2021-05-15,895,149046,553,68583,286,75309,56,5154,312,19070,583,67314,368,86384,California
El Dorado,2021-05-16,588,149634,454,69037,108,75417,26,5180,226,18960,362,67676,252,86636,California
El Dorado,2021-05-17,1545,151179,657,69694,840,76257,48,5228,561,18588,980,68656,608,87244,California
El Dorado,2021-05-18,1008,152187,505,70199,450,76707,53,5281,443,18520,564,69220,496,87740,California
El Dorado,2021-05-19,803,152990,327,70526,429,77136,47,5328,314,18397,483,69703,360,88100,California
El Dorado,2021-05-20,1020,154010,587,71113,388,77524,45,5373,440,18305,577,70280,485,88585,California
El Dorado,2021-05-21,2124,156134,1658,72771,441,77965,25,5398,734,17679,1385,71665,759,89344,California
El Dorado,2021-05-22,562,156696,155,72926,391,78356,16,5414,190,17514,371,72036,206,89550,California
El Dorado,2021-05-23,33,156729,12,72938,17,78373,4,5418,7,17500,25,72061,11,89561,California
Fresno,2020-12-15,2,2,2,2,0,0,0,0,2,2,0,0,2,2,California
Fresno,2020-12-16,125,127,125,127,0,0,0,0,125,127,0,0,125,127,California
Fresno,2020-12-17,121,248,121,248,0,0,0,0,121,248,0,0,121,248,California
Fresno,2020-12-18,345,593,345,593,0,0,0,0,345,593,0,0,345,593,California
Fresno,2020-12-19,159,752,159,752,0,0,0,0,159,752,0,0,159,752,California
Fresno,2020-12-20,258,1010,256,1008,2,2,0,0,258,1010,0,0,258,1010,California
Fresno,2020-12-21,927,1937,925,1933,2,4,0,0,958,1968,0,0,958,1968,California
Fresno,2020-12-22,904,2841,874,2807,30,34,0,0,908,2876,0,0,908,2876,California
Fresno,2020-12-23,1089,3930,1048,3855,41,75,0,0,1090,3966,0,0,1090,3966,California
Fresno,2020-12-24,586,4516,563,4418,23,98,0,0,586,4552,0,0,586,4552,California
Fresno,2020-12-25,2,4518,1,4419,1,99,0,0,2,4554,0,0,2,4554,California
Fresno,2020-12-26,722,5240,713,5132,9,108,0,0,722,5276,0,0,722,5276,California
Fresno,2020-12-27,301,5541,204,5336,97,205,0,0,301,5577,0,0,301,5577,California
Fresno,2020-12-28,1090,6631,800,6136,290,495,0,0,1091,6668,0,0,1091,6668,California
Fresno,2020-12-29,1736,8367,991,7127,745,1240,0,0,1734,8401,1,1,1734,8402,California
Fresno,2020-12-30,955,9322,444,7571,511,1751,0,0,955,9356,0,1,955,9357,California
Fresno,2020-12-31,900,10222,309,7880,591,2342,0,0,899,10255,0,1,899,10256,California
Fresno,2021-01-01,9,10231,3,7883,6,2348,0,0,9,10264,0,1,9,10265,California
Fresno,2021-01-02,1029,11260,715,8598,314,2662,0,0,1029,11293,0,1,1029,11294,California
Fresno,2021-01-03,153,11413,128,8726,25,2687,0,0,153,11446,0,1,153,11447,California
Fresno,2021-01-04,620,12033,376,9102,244,2931,0,0,620,12066,0,1,620,12067,California
Fresno,2021-01-05,781,12814,313,9415,468,3399,0,0,707,12699,74,75,707,12774,California
Fresno,2021-01-06,985,13799,348,9763,637,4036,0,0,809,13332,176,251,809,13583,California
Fresno,2021-01-07,1892,15691,916,10679,976,5012,0,0,1639,14721,253,504,1642,15225,California
Fresno,2021-01-08,1787,17478,613,11292,1174,6186,0,0,1423,15782,362,866,1423,16648,California
Fresno,2021-01-09,631,18109,388,11680,243,6429,0,0,356,15863,275,1141,356,17004,California
Fresno,2021-01-10,518,18627,488,12168,30,6459,0,0,204,15753,314,1455,204,17208,California
Fresno,2021-01-11,2218,20845,1810,13978,408,6867,0,0,1525,16588,693,2148,1528,18736,California
Fresno,2021-01-12,2528,23373,1829,15807,699,7566,0,0,1678,17416,852,3000,1680,20416,California
Fresno,2021-01-13,3553,26926,2434,18241,1119,8685,0,0,2704,19274,849,3849,2707,23123,California
Fresno,2021-01-14,4136,31062,2183,20424,1953,10638,0,0,3665,22469,470,4319,3665,26788,California
Fresno,2021-01-15,3659,34721,2530,22954,1129,11767,0,0,3301,25416,358,4677,3305,30093,California
Fresno,2021-01-16,3152,37873,2309,25263,843,12610,0,0,2687,27640,464,5141,2688,32781,California
Fresno,2021-01-17,976,38849,555,25818,421,13031,0,0,778,28220,198,5339,778,33559,California
Fresno,2021-01-18,3077,41926,2369,28187,708,13739,0,0,2421,29989,654,5993,2423,35982,California
Fresno,2021-01-19,4405,46331,2620,30807,1785,15524,0,0,3692,32972,713,6706,3696,39678,California
Fresno,2021-01-20,3018,49349,1207,32014,1811,17335,0,0,2706,35371,310,7016,2709,42387,California
Fresno,2021-01-21,4393,53742,2032,34046,2361,19696,0,0,4034,39074,337,7353,4040,46427,California
Fresno,2021-01-22,3312,57054,1348,35394,1964,21660,0,0,2921,41622,374,7727,2922,49349,California
Fresno,2021-01-23,3048,60102,1973,37367,1075,22735,0,0,2325,43230,722,8449,2330,51679,California
Fresno,2021-01-24,559,60661,377,37744,182,22917,0,0,353,43379,206,8655,355,52034,California
Fresno,2021-01-25,2392,63053,865,38609,1527,24444,0,0,1864,44718,528,9183,1867,53901,California
Fresno,2021-01-26,2028,65081,586,39195,1442,25886,0,0,1309,45311,717,9900,1310,55211,California
Fresno,2021-01-27,2276,67357,1157,40352,1119,27005,0,0,1740,46519,535,10435,1743,56954,California
Fresno,2021-01-28,4492,71849,3048,43400,1444,28449,0,0,3465,48963,1024,11459,3468,60422,California
Fresno,2021-01-29,1709,73558,983,44383,726,29175,0,0,1410,50079,295,11754,1411,61833,California
Fresno,2021-01-30,1452,75010,550,44933,902,30077,0,0,1035,50697,417,12171,1035,62868,California
Fresno,2021-01-31,228,75238,219,45152,9,30086,0,0,74,50617,154,12325,74,62942,California
Fresno,2021-02-01,3345,78583,1672,46824,1673,31759,0,0,1786,50854,1558,13883,1795,64737,California
Fresno,2021-02-02,2723,81306,552,47376,2171,33930,0,0,1581,51323,1127,15010,1596,66333,California
Fresno,2021-02-03,3554,84860,2101,49477,1453,35383,0,0,1546,50870,2000,17010,1547,67880,California
Fresno,2021-02-04,4198,89058,1897,51374,2301,37684,0,0,1931,50569,2237,19247,1936,69816,California
Fresno,2021-02-05,5341,94399,2729,54103,2612,40296,0,0,2309,49855,3027,22274,2313,72129,California
Fresno,2021-02-06,2937,97336,2047,56150,890,41186,0,0,976,48875,1957,24231,977,73106,California
Fresno,2021-02-07,466,97802,284,56434,182,41368,0,0,272,48954,193,24424,272,73378,California
Fresno,2021-02-08,4277,102079,2291,58725,1986,43354,0,0,1815,48328,2450,26874,1824,75202,California
Fresno,2021-02-09,5337,107416,2088,60813,3249,46603,0,0,3122,49318,2141,29015,3131,78333,California
Fresno,2021-02-10,3886,111302,1230,62043,2656,49259,0,0,1993,49482,1841,30856,2005,80338,California
Fresno,2021-02-11,6458,117760,2095,64138,4363,53622,0,0,3360,49766,3081,33937,3365,83703,California
Fresno,2021-02-12,5394,123154,1383,65521,4011,57633,0,0,2736,49872,2638,36575,2744,86447,California
Fresno,2021-02-13,3752,126906,1559,67080,2193,59826,0,0,2085,50307,1656,38231,2091,88538,California
Fresno,2021-02-14,1563,128469,283,67363,1280,61106,0,0,838,50422,725,38956,840,89378,California
Fresno,2021-02-15,2891,131360,267,67630,2624,63730,0,0,1787,51113,1100,40056,1791,91169,California
Fresno,2021-02-16,6698,138058,2404,70034,4294,68024,0,0,4246,52930,2435,42491,4252,95421,California
Fresno,2021-02-17,5340,143398,2452,72486,2888,70912,0,0,2991,53621,2304,44795,2995,98416,California
Fresno,2021-02-18,6853,150251,2890,75376,3963,74875,0,0,2583,51989,4226,49021,2594,101010,California
Fresno,2021-02-19,3841,154092,1100,76476,2741,77616,0,0,1825,51812,2005,51026,1828,102838,California
Fresno,2021-02-20,4537,158629,2491,78967,2046,79662,0,0,3054,53396,1476,52502,3060,105898,California
Fresno,2021-02-21,190,158819,171,79138,19,79681,0,0,127,53473,50,52552,127,106025,California
Fresno,2021-02-22,2249,161068,1003,80141,1246,80927,0,0,1236,53708,1003,53555,1238,107263,California
Fresno,2021-02-23,4689,165757,2264,82405,2425,83352,0,0,3812,56657,865,54420,3814,111077,California
Fresno,2021-02-24,4209,169966,1502,83907,2707,86059,0,0,3455,59371,742,55162,3456,114533,California
Fresno,2021-02-25,8707,178673,3733,87640,4974,91033,0,0,7217,65170,1426,56588,7225,121758,California
Fresno,2021-02-26,9012,187685,3698,91338,5314,96347,0,0,7707,71602,1281,57869,7713,129471,California
Fresno,2021-02-27,7271,194956,3154,94492,4116,100463,1,1,6559,77468,696,58565,6562,136033,California
Fresno,2021-02-28,1653,196609,534,95026,1119,101582,0,1,1564,78956,77,58642,1565,137598,California
Fresno,2021-03-01,4982,201591,1310,96336,3672,105254,0,1,3666,81321,1305,59947,3670,141268,California
Fresno,2021-03-02,9848,211439,3384,99720,6464,111718,0,1,8465,88450,1359,61306,8488,149756,California
Fresno,2021-03-03,6935,218374,1697,101417,5237,116955,1,2,5924,93491,998,62304,6039,155795,California
Fresno,2021-03-04,10263,228637,4116,105533,6147,123102,0,2,8690,100643,1546,63850,8698,164493,California
Fresno,2021-03-05,9023,237660,3632,109165,5389,128491,2,4,7988,107806,902,64752,8065,172558,California
Fresno,2021-03-06,6818,244478,3758,112923,2942,131433,118,122,5827,112771,984,65736,5949,178507,California
Fresno,2021-03-07,1488,245966,681,113604,771,132204,36,158,1258,113839,227,65963,1295,179802,California
Fresno,2021-03-08,5141,251107,2024,115628,2966,135170,151,309,3960,116789,1172,67135,4122,183924,California
Fresno,2021-03-09,8565,259672,3791,119419,4504,139674,270,579,4646,117843,3898,71033,4952,188876,California
Fresno,2021-03-10,6750,266422,2860,122279,3498,143172,392,971,5345,122193,1396,72429,5746,194622,California
Fresno,2021-03-11,11488,277910,4582,126861,6340,149512,566,1537,6236,123845,5226,77655,6878,201500,California
Fresno,2021-03-12,11978,289888,5134,131995,6392,155904,452,1989,8971,130422,2987,80642,9564,211064,California
Fresno,2021-03-13,8353,298241,4055,136050,3265,159169,1033,3022,4040,131275,4292,84934,5145,216209,California
Fresno,2021-03-14,1765,300006,477,136527,999,160168,289,3311,666,131142,1087,86021,954,217163,California
Fresno,2021-03-15,7130,307136,3180,139707,3778,163946,172,3483,4948,134281,2167,88188,5306,222469,California
Fresno,2021-03-16,10207,317343,4529,144236,5282,169228,396,3879,5420,135437,4755,92943,5911,228380,California
Fresno,2021-03-17,8662,326005,3928,148164,4043,173271,691,4570,5872,139612,2768,95711,6943,235323,California
Fresno,2021-03-18,12450,338455,6727,154891,5090,178361,633,5203,7064,142397,5337,101048,8122,243445,California
Fresno,2021-03-19,11192,349647,5881,160772,4697,183058,614,5817,6954,146051,4209,105257,7863,251308,California
Fresno,2021-03-20,7606,357253,4604,165376,2690,185748,312,6129,3805,146673,3771,109028,4393,255701,California
Fresno,2021-03-21,1777,359030,1204,166580,204,185952,369,6498,959,147188,814,109842,1329,257030,California
Fresno,2021-03-22,5668,364698,2895,169475,2178,188130,595,7093,3842,150015,1810,111652,4637,261667,California
Fresno,2021-03-23,10560,375258,5248,174723,4815,192945,497,7590,5069,150539,5470,117122,5994,267661,California
Fresno,2021-03-24,8844,384102,3813,178536,4199,197144,832,8422,4957,152532,3849,120971,5842,273503,California
Fresno,2021-03-25,12198,396300,5679,184215,5730,202874,789,9211,4763,150777,7388,128359,5633,279136,California
Fresno,2021-03-26,12236,408536,5455,189670,6136,209010,645,9856,4481,148221,7702,136061,5146,284282,California
Fresno,2021-03-27,9571,418107,4297,193967,4190,213200,1084,10940,2945,145666,6589,142650,4034,288316,California
Fresno,2021-03-28,3389,421496,1302,195269,1399,214599,688,11628,1271,145791,2110,144760,2235,290551,California
Fresno,2021-03-29,5998,427494,2008,197277,3439,218038,551,12179,2899,146180,3072,147832,3461,294012,California
Fresno,2021-03-30,10890,438384,4265,201542,5727,223765,898,13077,3850,143913,7014,154846,4747,298759,California
Fresno,2021-03-31,9642,448026,3381,204923,5274,229039,987,14064,3729,142752,5874,160720,4713,303472,California
Fresno,2021-04-01,11842,459868,4194,209117,6783,235822,865,14929,3968,139771,7772,168492,4791,308263,California
Fresno,2021-04-02,11720,471588,4558,213675,6377,242199,785,15714,4176,137355,7386,175878,4970,313233,California
Fresno,2021-04-03,6410,477998,3533,217208,2621,244820,256,15970,2160,135575,4234,180112,2454,315687,California
Fresno,2021-04-04,1489,479487,535,217743,909,245729,45,16015,547,135233,934,181046,592,316279,California
Fresno,2021-04-05,8317,487804,4455,222198,3062,248791,800,16815,2440,132680,5860,186906,3307,319586,California
Fresno,2021-04-06,9574,497378,4009,226207,4383,253174,1182,17997,3532,131408,6004,192910,4732,324318,California
Fresno,2021-04-07,10349,507727,5312,231519,3833,257007,1204,19201,3513,129362,6793,199703,4747,329065,California
Fresno,2021-04-08,10808,518535,5108,236627,4554,261561,1146,20347,3394,126578,7367,207070,4583,333648,California
Fresno,2021-04-09,11126,529661,5309,241936,4436,265997,1381,21728,3582,124061,7500,214570,4983,338631,California
Fresno,2021-04-10,7860,537521,5145,247081,2193,268190,522,22250,3655,124042,4194,218764,4175,342806,California
Fresno,2021-04-11,1385,538906,924,248005,372,268562,89,22339,445,123642,935,219699,535,343341,California
Fresno,2021-04-12,7156,546062,3765,251770,2472,271034,919,23258,2313,122054,4819,224518,3231,346572,California
Fresno,2021-04-13,8911,554973,4242,256012,4599,275633,70,23328,3462,120261,5416,229934,3623,350195,California
Fresno,2021-04-14,9441,564414,5731,261743,3709,279342,1,23329,3718,118344,5682,235616,3765,353960,California
Fresno,2021-04-15,8382,572796,4178,265921,4201,283543,3,23332,3154,116304,5200,240816,3160,357120,California
Fresno,2021-04-16,9372,582168,4628,270549,4742,288285,2,23334,3869,114713,5467,246283,3876,360996,California
Fresno,2021-04-17,5561,587729,3718,274267,1843,290128,0,23334,2643,114460,2898,249181,2645,363641,California
Fresno,2021-04-18,1028,588757,560,274827,468,290596,0,23334,472,114381,551,249732,472,364113,California
Fresno,2021-04-19,5529,594286,3017,277844,2509,293105,3,23337,2255,113404,3237,252969,2260,366373,California
Fresno,2021-04-20,6945,601231,3433,281277,3504,296609,8,23345,2618,111727,4304,257273,2627,369000,California
Fresno,2021-04-21,6375,607606,3523,284800,2844,299453,8,23353,2664,110724,3679,260952,2676,371676,California
Fresno,2021-04-22,6339,613945,3144,287944,3194,302647,1,23354,2305,109053,3980,264932,2309,373985,California
Fresno,2021-04-23,7041,620986,3771,291715,3252,305899,18,23372,2700,107459,4300,269232,2706,376691,California
Fresno,2021-04-24,4156,625142,2479,294194,1677,307576,0,23372,1911,107138,2232,271464,1911,378602,California
Fresno,2021-04-25,1370,626512,555,294749,813,308389,2,23374,688,107149,678,272142,689,379291,California
Fresno,2021-04-26,3928,630440,1971,296720,1913,310302,44,23418,1668,106630,2230,274372,1711,381002,California
Fresno,2021-04-27,4523,634963,2290,299010,2122,312424,111,23529,1789,105816,2714,277086,1900,382902,California
Fresno,2021-04-28,4704,639667,2621,301631,1956,314380,127,23656,1936,105133,2747,279833,2064,384966,California
Fresno,2021-04-29,4724,644391,2642,304273,1949,316329,133,23789,1765,104102,2929,282762,1898,386864,California
Fresno,2021-04-30,5373,649764,3276,307549,1963,318292,134,23923,2126,103146,3215,285977,2259,389123,California
Fresno,2021-05-01,4183,653947,3466,311015,580,318872,137,24060,1225,101565,2942,288919,1361,390484,California
Fresno,2021-05-02,1233,655180,769,311784,413,319285,51,24111,601,101595,621,289540,651,391135,California
Fresno,2021-05-03,3998,659178,2693,314477,1119,320404,186,24297,1290,100385,2682,292222,1472,392607,California
Fresno,2021-05-04,4818,663996,2495,316972,2171,322575,152,24449,1547,98840,3246,295468,1701,394308,California
Fresno,2021-05-05,4811,668807,2883,319855,1702,324277,226,24675,1455,97186,3332,298800,1678,395986,California
Fresno,2021-05-06,4063,672870,2484,322339,1474,325751,105,24780,1350,95955,2686,301486,1455,397441,California
Fresno,2021-05-07,4971,677841,3259,325598,1548,327299,164,24944,1529,94225,3421,304907,1691,399132,California
Fresno,2021-05-08,3864,681705,2466,328064,1253,328552,145,25089,1153,92832,2692,307599,1299,400431,California
Fresno,2021-05-09,680,682385,350,328414,287,328839,43,25132,338,92876,336,307935,380,400811,California
Fresno,2021-05-10,2945,685330,1578,329992,1226,330065,141,25273,920,91919,2018,309953,1061,401872,California
Fresno,2021-05-11,3606,688936,1841,331833,1675,331740,90,25363,1154,90723,2441,312394,1245,403117,California
Fresno,2021-05-12,3711,692647,2349,334182,1215,332955,147,25510,1339,89861,2349,314743,1487,404604,California
Fresno,2021-05-13,3600,696247,1950,336132,1543,334498,107,25617,1591,89587,1972,316715,1698,406302,California
Fresno,2021-05-14,5016,701263,3030,339162,1808,336306,178,25795,2143,89066,2842,319557,2321,408623,California
Fresno,2021-05-15,3566,704829,2667,341829,770,337076,129,25924,1816,89269,1741,321298,1944,410567,California
Fresno,2021-05-16,1427,706256,936,342765,457,337533,34,25958,797,89475,625,321923,831,411398,California
Fresno,2021-05-17,4051,710307,2718,345483,1177,338710,156,26114,2247,90101,1777,323700,2403,413801,California
Fresno,2021-05-18,3980,714287,2430,347913,1413,340123,137,26251,2109,90496,1849,325549,2244,416045,California
Fresno,2021-05-19,4121,718408,2604,350517,1386,341509,131,26382,2047,90621,2052,327601,2177,418222,California
Fresno,2021-05-20,3382,721790,1993,352510,1262,342771,127,26509,1580,90544,1783,329384,1706,419928,California
Fresno,2021-05-21,3672,725462,2370,354880,1215,343986,87,26596,1629,90239,2020,331404,1715,421643,California
Fresno,2021-05-22,3112,728574,2390,357270,626,344612,96,26692,1854,90944,1245,332649,1950,423593,California
Fresno,2021-05-23,273,728847,129,357399,119,344731,25,26717,127,90953,141,332790,150,423743,California
Glenn,2020-12-17,1,1,1,1,0,0,0,0,1,1,0,0,1,1,California
Glenn,2020-12-19,1,2,1,2,0,0,0,0,1,2,0,0,1,2,California
Glenn,2020-12-20,1,3,1,3,0,0,0,0,1,3,0,0,1,3,California
Glenn,2020-12-21,11,14,11,14,0,0,0,0,11,14,0,0,11,14,California
Glenn,2020-12-22,59,73,59,73,0,0,0,0,59,73,0,0,59,73,California
Glenn,2020-12-23,28,101,28,101,0,0,0,0,28,101,0,0,28,101,California
Glenn,2020-12-24,9,110,9,110,0,0,0,0,9,110,0,0,9,110,California
Glenn,2020-12-26,2,112,2,112,0,0,0,0,2,112,0,0,2,112,California
Glenn,2020-12-27,4,116,4,116,0,0,0,0,4,116,0,0,4,116,California
Glenn,2020-12-28,21,137,21,137,0,0,0,0,21,137,0,0,21,137,California
Glenn,2020-12-29,82,219,82,219,0,0,0,0,82,219,0,0,82,219,California
Glenn,2020-12-30,129,348,106,325,23,23,0,0,129,348,0,0,129,348,California
Glenn,2020-12-31,38,386,9,334,29,52,0,0,38,386,0,0,38,386,California
Glenn,2021-01-02,2,388,2,336,0,52,0,0,2,388,0,0,2,388,California
Glenn,2021-01-04,7,395,5,341,2,54,0,0,7,395,0,0,7,395,California
Glenn,2021-01-05,9,404,8,349,1,55,0,0,9,404,0,0,9,404,California
Glenn,2021-01-06,60,464,8,357,52,107,0,0,60,464,0,0,60,464,California
Glenn,2021-01-07,67,531,12,369,55,162,0,0,65,527,2,2,65,529,California
Glenn,2021-01-08,12,543,9,378,3,165,0,0,12,539,0,2,12,541,California
Glenn,2021-01-10,1,544,1,379,0,165,0,0,0,538,1,3,0,541,California
Glenn,2021-01-11,30,574,30,409,0,165,0,0,12,532,18,21,12,553,California
Glenn,2021-01-12,42,616,37,446,5,170,0,0,14,518,28,49,14,567,California
Glenn,2021-01-13,221,837,156,602,65,235,0,0,177,651,44,93,177,744,California
Glenn,2021-01-14,117,954,28,630,89,324,0,0,107,748,10,103,107,851,California
Glenn,2021-01-15,42,996,35,665,7,331,0,0,37,780,5,108,37,888,California
Glenn,2021-01-16,33,1029,14,679,19,350,0,0,23,793,10,118,23,911,California
Glenn,2021-01-17,4,1033,2,681,2,352,0,0,2,793,2,120,2,913,California
Glenn,2021-01-18,17,1050,16,697,1,353,0,0,9,794,8,128,9,922,California
Glenn,2021-01-19,30,1080,20,717,10,363,0,0,13,790,17,145,13,935,California
Glenn,2021-01-20,163,1243,94,811,69,432,0,0,82,791,81,226,82,1017,California
Glenn,2021-01-21,124,1367,98,909,26,458,0,0,30,727,94,320,30,1047,California
Glenn,2021-01-22,338,1705,64,973,274,732,0,0,331,1051,7,327,331,1378,California
Glenn,2021-01-23,14,1719,7,980,7,739,0,0,12,1061,2,329,12,1390,California
Glenn,2021-01-24,2,1721,2,982,0,739,0,0,2,1063,0,329,2,1392,California
Glenn,2021-01-25,27,1748,9,991,18,757,0,0,24,1084,3,332,24,1416,California
Glenn,2021-01-26,29,1777,13,1004,16,773,0,0,23,1101,6,338,23,1439,California
Glenn,2021-01-27,188,1965,13,1017,175,948,0,0,166,1245,22,360,166,1605,California
Glenn,2021-01-28,146,2111,8,1025,138,1086,0,0,116,1331,30,390,116,1721,California
Glenn,2021-01-29,296,2407,12,1037,284,1370,0,0,282,1599,14,404,282,2003,California
Glenn,2021-01-30,4,2411,0,1037,4,1374,0,0,4,1603,0,404,4,2007,California
Glenn,2021-01-31,1,2412,0,1037,1,1375,0,0,1,1604,0,404,1,2008,California
Glenn,2021-02-01,28,2440,10,1047,18,1393,0,0,16,1608,12,416,16,2024,California
Glenn,2021-02-02,28,2468,13,1060,15,1408,0,0,19,1618,9,425,19,2043,California
Glenn,2021-02-03,274,2742,125,1185,149,1557,0,0,129,1603,145,570,130,2173,California
Glenn,2021-02-04,82,2824,16,1201,66,1623,0,0,27,1575,55,625,27,2200,California
Glenn,2021-02-05,320,3144,25,1226,295,1918,0,0,299,1853,21,646,299,2499,California
Glenn,2021-02-06,14,3158,2,1228,12,1930,0,0,13,1865,1,647,13,2512,California
Glenn,2021-02-07,2,3160,2,1230,0,1930,0,0,2,1867,0,647,2,2514,California
Glenn,2021-02-08,21,3181,17,1247,4,1934,0,0,4,1854,17,664,4,2518,California
Glenn,2021-02-09,49,3230,20,1267,29,1963,0,0,36,1877,13,677,36,2554,California
Glenn,2021-02-10,138,3368,19,1286,119,2082,0,0,65,1869,73,750,65,2619,California
Glenn,2021-02-11,233,3601,133,1419,100,2182,0,0,151,1937,83,833,151,2770,California
Glenn,2021-02-12,420,4021,99,1518,321,2503,0,0,355,2227,65,898,355,3125,California
Glenn,2021-02-13,34,4055,7,1525,27,2530,0,0,16,2225,18,916,16,3141,California
Glenn,2021-02-14,1,4056,0,1525,1,2531,0,0,1,2226,0,916,1,3142,California
Glenn,2021-02-15,8,4064,0,1525,8,2539,0,0,8,2234,0,916,8,3150,California
Glenn,2021-02-16,39,4103,9,1534,30,2569,0,0,21,2237,18,934,21,3171,California
Glenn,2021-02-17,380,4483,14,1548,366,2935,0,0,302,2461,78,1012,302,3473,California
Glenn,2021-02-18,134,4617,99,1647,35,2970,0,0,110,2547,24,1036,110,3583,California
Glenn,2021-02-19,303,4920,17,1664,286,3256,0,0,29,2302,274,1310,29,3612,California
Glenn,2021-02-20,8,4928,0,1664,8,3264,0,0,0,2294,8,1318,0,3612,California
Glenn,2021-02-21,1,4929,1,1665,0,3264,0,0,1,2295,0,1318,1,3613,California
Glenn,2021-02-22,33,4962,14,1679,19,3283,0,0,17,2296,16,1334,17,3630,California
Glenn,2021-02-23,40,5002,10,1689,30,3313,0,0,28,2312,12,1346,28,3658,California
Glenn,2021-02-24,243,5245,37,1726,206,3519,0,0,47,2163,196,1542,47,3705,California
Glenn,2021-02-25,234,5479,120,1846,114,3633,0,0,118,2165,116,1658,118,3823,California
Glenn,2021-02-26,304,5783,24,1870,280,3913,0,0,20,1902,283,1941,20,3843,California
Glenn,2021-02-27,15,5798,5,1875,10,3923,0,0,5,1898,9,1950,5,3848,California
Glenn,2021-02-28,6,5804,3,1878,3,3926,0,0,3,1899,2,1952,3,3851,California
Glenn,2021-03-01,28,5832,6,1884,22,3948,0,0,12,1895,16,1968,12,3863,California
Glenn,2021-03-02,35,5867,7,1891,28,3976,0,0,17,1894,18,1986,17,3880,California
Glenn,2021-03-03,192,6059,37,1928,155,4131,0,0,101,1906,89,2075,101,3981,California
Glenn,2021-03-04,521,6580,175,2103,346,4477,0,0,375,2135,146,2221,375,4356,California
Glenn,2021-03-05,357,6937,49,2152,308,4785,0,0,35,1848,322,2543,35,4391,California
Glenn,2021-03-06,26,6963,3,2155,22,4807,1,1,9,1841,17,2560,10,4401,California
Glenn,2021-03-07,5,6968,0,2155,5,4812,0,1,3,1843,1,2561,3,4404,California
Glenn,2021-03-08,20,6988,2,2157,17,4829,1,2,18,1860,2,2563,19,4423,California
Glenn,2021-03-09,82,7070,11,2168,68,4897,3,5,54,1888,28,2591,56,4479,California
Glenn,2021-03-10,172,7242,69,2237,101,4998,2,7,95,1908,77,2668,97,4576,California
Glenn,2021-03-11,583,7825,169,2406,391,5389,23,30,454,2256,129,2797,477,5053,California
Glenn,2021-03-12,418,8243,14,2420,342,5731,62,92,41,1982,377,3174,103,5156,California
Glenn,2021-03-13,12,8255,1,2421,3,5734,8,100,1,1980,11,3185,9,5165,California
Glenn,2021-03-14,3,8258,1,2422,2,5736,0,100,1,1979,2,3187,1,5166,California
Glenn,2021-03-15,76,8334,15,2437,56,5792,5,105,61,2030,15,3202,66,5232,California
Glenn,2021-03-16,110,8444,34,2471,65,5857,11,116,69,2069,41,3243,80,5312,California
Glenn,2021-03-17,416,8860,97,2568,312,6169,7,123,115,1888,301,3544,120,5432,California
Glenn,2021-03-18,521,9381,215,2783,50,6219,256,379,145,1912,376,3920,400,5832,California
Glenn,2021-03-19,96,9477,16,2799,74,6293,6,385,75,1973,20,3940,81,5913,California
Glenn,2021-03-20,132,9609,2,2801,129,6422,1,386,130,2102,2,3942,131,6044,California
Glenn,2021-03-21,6,9615,5,2806,0,6422,1,387,3,2104,2,3944,4,6048,California
Glenn,2021-03-22,123,9738,54,2860,61,6483,8,395,103,2197,18,3962,111,6159,California
Glenn,2021-03-23,176,9914,66,2926,59,6542,51,446,103,2279,72,4034,154,6313,California
Glenn,2021-03-24,208,10122,100,3026,103,6645,5,451,136,2349,71,4105,141,6454,California
Glenn,2021-03-25,470,10592,229,3255,147,6792,94,545,342,2658,127,4232,436,6890,California
Glenn,2021-03-26,237,10829,37,3292,164,6956,36,581,186,2829,51,4283,222,7112,California
Glenn,2021-03-27,166,10995,22,3314,138,7094,6,587,155,2979,11,4294,161,7273,California
Glenn,2021-03-28,15,11010,10,3324,5,7099,0,587,10,2984,5,4299,10,7283,California
Glenn,2021-03-29,61,11071,20,3344,38,7137,3,590,47,3020,14,4313,50,7333,California
Glenn,2021-03-30,74,11145,42,3386,31,7168,1,591,42,3033,30,4343,43,7376,California
Glenn,2021-03-31,125,11270,35,3421,89,7257,1,592,54,3018,70,4413,55,7431,California
Glenn,2021-04-01,656,11926,189,3610,458,7715,9,601,244,2861,410,4823,253,7684,California
Glenn,2021-04-02,169,12095,26,3636,131,7846,12,613,133,2970,36,4859,145,7829,California
Glenn,2021-04-03,95,12190,4,3640,84,7930,7,620,84,3050,11,4870,91,7920,California
Glenn,2021-04-04,9,12199,3,3643,4,7934,2,622,5,3053,4,4874,7,7927,California
Glenn,2021-04-05,65,12264,25,3668,27,7961,13,635,28,3057,37,4911,41,7968,California
Glenn,2021-04-06,144,12408,52,3720,53,8014,39,674,37,3026,106,5017,75,8043,California
Glenn,2021-04-07,159,12567,46,3766,59,8073,54,728,73,3067,86,5103,127,8170,California
Glenn,2021-04-08,641,13208,189,3955,418,8491,34,762,139,2740,500,5603,173,8343,California
Glenn,2021-04-09,157,13365,57,4012,84,8575,16,778,101,2801,56,5659,117,8460,California
Glenn,2021-04-10,74,13439,1,4013,61,8636,12,790,60,2859,14,5673,72,8532,California
Glenn,2021-04-11,17,13456,8,4021,4,8640,5,795,7,2861,10,5683,12,8544,California
Glenn,2021-04-12,114,13570,25,4046,60,8700,29,824,19,2814,95,5778,48,8592,California
Glenn,2021-04-13,118,13688,63,4109,55,8755,0,824,29,2755,88,5866,29,8621,California
Glenn,2021-04-14,123,13811,47,4156,76,8831,0,824,69,2770,54,5920,69,8690,California
Glenn,2021-04-15,361,14172,275,4431,86,8917,0,824,124,2657,237,6157,124,8814,California
Glenn,2021-04-16,165,14337,41,4472,124,9041,0,824,77,2646,88,6245,77,8891,California
Glenn,2021-04-17,165,14502,18,4490,147,9188,0,824,26,2540,132,6377,26,8917,California
Glenn,2021-04-18,16,14518,3,4493,13,9201,0,824,13,2550,3,6380,13,8930,California
Glenn,2021-04-19,83,14601,17,4510,66,9267,0,824,22,2512,60,6440,22,8952,California
Glenn,2021-04-20,125,14726,81,4591,44,9311,0,824,53,2493,72,6512,53,9005,California
Glenn,2021-04-21,411,15137,308,4899,103,9414,0,824,279,2640,132,6644,279,9284,California
Glenn,2021-04-22,208,15345,48,4947,160,9574,0,824,33,2499,174,6818,33,9317,California
Glenn,2021-04-23,178,15523,24,4971,154,9728,0,824,41,2404,136,6954,41,9358,California
Glenn,2021-04-24,179,15702,32,5003,147,9875,0,824,30,2285,149,7103,30,9388,California
Glenn,2021-04-25,30,15732,18,5021,12,9887,0,824,22,2299,8,7111,22,9410,California
Glenn,2021-04-26,46,15778,11,5032,35,9922,0,824,18,2289,28,7139,18,9428,California
Glenn,2021-04-27,59,15837,46,5078,8,9930,5,829,30,2294,29,7168,34,9462,California
Glenn,2021-04-28,260,16097,182,5260,67,9997,11,840,127,2303,129,7297,138,9600,California
Glenn,2021-04-29,181,16278,22,5282,157,10154,2,842,35,2194,146,7443,37,9637,California
Glenn,2021-04-30,156,16434,35,5317,119,10273,2,844,38,2116,118,7561,40,9677,California
Glenn,2021-05-01,108,16542,13,5330,94,10367,1,845,26,2061,82,7643,27,9704,California
Glenn,2021-05-02,30,16572,12,5342,9,10376,9,854,15,2070,15,7658,24,9728,California
Glenn,2021-05-03,36,16608,23,5365,12,10388,1,855,14,2063,22,7680,15,9743,California
Glenn,2021-05-04,57,16665,33,5398,19,10407,5,860,28,2067,29,7709,33,9776,California
Glenn,2021-05-05,122,16787,35,5433,77,10484,10,870,51,2057,71,7780,61,9837,California
Glenn,2021-05-06,106,16893,41,5474,60,10544,5,875,40,2036,66,7846,45,9882,California
Glenn,2021-05-07,120,17013,33,5507,78,10622,9,884,31,1988,88,7934,40,9922,California
Glenn,2021-05-08,66,17079,12,5519,50,10672,4,888,21,1969,44,7978,25,9947,California
Glenn,2021-05-09,17,17096,11,5530,6,10678,0,888,13,1978,4,7982,13,9960,California
Glenn,2021-05-10,36,17132,15,5545,16,10694,5,893,15,1977,21,8003,20,9980,California
Glenn,2021-05-11,76,17208,53,5598,14,10708,9,902,16,1942,60,8063,25,10005,California
Glenn,2021-05-12,327,17535,246,5844,67,10775,14,916,46,1721,281,8344,60,10065,California
Glenn,2021-05-13,127,17662,32,5876,77,10852,18,934,44,1700,83,8427,62,10127,California
Glenn,2021-05-14,106,17768,25,5901,76,10928,5,939,42,1683,64,8491,47,10174,California
Glenn,2021-05-15,68,17836,40,5941,25,10953,3,942,35,1688,32,8523,37,10211,California
Glenn,2021-05-16,30,17866,18,5959,12,10965,0,942,9,1676,21,8544,9,10220,California
Glenn,2021-05-17,78,17944,53,6012,21,10986,4,946,53,1708,25,8569,57,10277,California
Glenn,2021-05-18,65,18009,47,6059,13,10999,5,951,21,1690,44,8613,26,10303,California
Glenn,2021-05-19,183,18192,102,6161,69,11068,12,963,65,1649,117,8730,76,10379,California
Glenn,2021-05-20,109,18301,68,6229,39,11107,2,965,78,1698,31,8761,80,10459,California
Glenn,2021-05-21,66,18367,23,6252,43,11150,0,965,29,1690,37,8798,29,10488,California
Glenn,2021-05-22,48,18415,17,6269,31,11181,0,965,23,1688,25,8823,23,10511,California
Glenn,2021-05-23,11,18426,1,6270,10,11191,0,965,4,1686,6,8829,4,10515,California
Humboldt,2020-12-15,2,2,2,2,0,0,0,0,2,2,0,0,2,2,California
Humboldt,2020-12-16,16,18,16,18,0,0,0,0,16,18,0,0,16,18,California
Humboldt,2020-12-17,117,135,117,135,0,0,0,0,117,135,0,0,117,135,California
Humboldt,2020-12-18,177,312,177,312,0,0,0,0,177,312,0,0,177,312,California
Humboldt,2020-12-19,10,322,10,322,0,0,0,0,10,322,0,0,10,322,California
Humboldt,2020-12-20,28,350,28,350,0,0,0,0,28,350,0,0,28,350,California
Humboldt,2020-12-21,166,516,166,516,0,0,0,0,166,516,0,0,166,516,California
Humboldt,2020-12-22,297,813,297,813,0,0,0,0,297,813,0,0,297,813,California
Humboldt,2020-12-23,310,1123,262,1075,48,48,0,0,312,1125,0,0,312,1125,California
Humboldt,2020-12-24,25,1148,2,1077,23,71,0,0,25,1150,0,0,25,1150,California
Humboldt,2020-12-25,2,1150,2,1079,0,71,0,0,2,1152,0,0,2,1152,California
Humboldt,2020-12-26,6,1156,5,1084,1,72,0,0,6,1158,0,0,6,1158,California
Humboldt,2020-12-28,159,1315,147,1231,12,84,0,0,159,1317,0,0,159,1317,California
Humboldt,2020-12-29,170,1485,123,1354,47,131,0,0,170,1487,0,0,170,1487,California
Humboldt,2020-12-30,224,1709,124,1478,100,231,0,0,224,1711,0,0,224,1711,California
Humboldt,2020-12-31,241,1950,79,1557,162,393,0,0,241,1952,0,0,241,1952,California
Humboldt,2021-01-01,2,1952,1,1558,1,394,0,0,2,1954,0,0,2,1954,California
Humboldt,2021-01-02,38,1990,1,1559,37,431,0,0,38,1992,0,0,38,1992,California
Humboldt,2021-01-04,218,2208,142,1701,76,507,0,0,220,2212,0,0,220,2212,California
Humboldt,2021-01-05,130,2338,18,1719,112,619,0,0,129,2340,1,1,129,2341,California
Humboldt,2021-01-06,303,2641,204,1923,99,718,0,0,230,2509,61,62,230,2571,California
Humboldt,2021-01-07,423,3064,311,2234,112,830,0,0,309,2719,99,161,309,2880,California
Humboldt,2021-01-08,420,3484,281,2515,139,969,0,0,284,2872,131,292,284,3164,California
Humboldt,2021-01-09,69,3553,45,2560,24,993,0,0,66,2936,3,295,67,3231,California
Humboldt,2021-01-10,84,3637,84,2644,0,993,0,0,4,2860,80,375,4,3235,California
Humboldt,2021-01-11,289,3926,278,2922,11,1004,0,0,72,2719,213,588,72,3307,California
Humboldt,2021-01-12,483,4409,320,3242,163,1167,0,0,299,2856,162,750,299,3606,California
Humboldt,2021-01-13,492,4901,277,3519,215,1382,0,0,315,2998,174,924,316,3922,California
Humboldt,2021-01-14,523,5424,165,3684,358,1740,0,0,467,3410,56,980,468,4390,California
Humboldt,2021-01-15,375,5799,39,3723,336,2076,0,0,358,3751,17,997,358,4748,California
Humboldt,2021-01-16,170,5969,6,3729,164,2240,0,0,169,3919,1,998,169,4917,California
Humboldt,2021-01-17,6,5975,4,3733,2,2242,0,0,6,3925,0,998,6,4923,California
Humboldt,2021-01-18,295,6270,260,3993,35,2277,0,0,145,3920,150,1148,145,5068,California
Humboldt,2021-01-19,634,6904,390,4383,244,2521,0,0,507,4306,121,1269,507,5575,California
Humboldt,2021-01-20,899,7803,387,4770,512,3033,0,0,750,4917,141,1410,752,6327,California
Humboldt,2021-01-21,959,8762,261,5031,698,3731,0,0,917,5792,42,1452,917,7244,California
Humboldt,2021-01-22,676,9438,376,5407,300,4031,0,0,667,6451,9,1461,668,7912,California
Humboldt,2021-01-23,827,10265,273,5680,554,4585,0,0,818,7261,9,1470,819,8731,California
Humboldt,2021-01-24,227,10492,1,5681,226,4811,0,0,226,7486,1,1471,226,8957,California
Humboldt,2021-01-25,305,10797,233,5914,72,4883,0,0,149,7479,156,1627,149,9106,California
Humboldt,2021-01-26,525,11322,141,6055,384,5267,0,0,475,7904,50,1677,475,9581,California
Humboldt,2021-01-27,1260,12582,587,6642,673,5940,0,0,1194,9041,59,1736,1196,10777,California
Humboldt,2021-01-28,1457,14039,634,7276,823,6763,0,0,1320,10229,134,1870,1322,12099,California
Humboldt,2021-01-29,1134,15173,547,7823,587,7350,0,0,705,10506,429,2299,706,12805,California
Humboldt,2021-01-30,973,16146,456,8279,517,7867,0,0,960,11454,13,2312,961,13766,California
Humboldt,2021-01-31,315,16461,313,8592,2,7869,0,0,314,11767,1,2313,314,14080,California
Humboldt,2021-02-01,334,16795,192,8784,142,8011,0,0,187,11808,146,2459,187,14267,California
Humboldt,2021-02-02,444,17239,74,8858,370,8381,0,0,339,12047,102,2561,341,14608,California
Humboldt,2021-02-03,662,17901,258,9116,404,8785,0,0,510,12405,152,2713,510,15118,California
Humboldt,2021-02-04,638,18539,262,9378,376,9161,0,0,440,12650,195,2908,440,15558,California
Humboldt,2021-02-05,811,19350,94,9472,717,9878,0,0,624,13087,187,3095,624,16182,California
Humboldt,2021-02-06,1058,20408,447,9919,611,10489,0,0,1015,14061,42,3137,1016,17198,California
Humboldt,2021-02-07,378,20786,9,9928,369,10858,0,0,373,14431,4,3141,374,17572,California
Humboldt,2021-02-08,324,21110,142,10070,182,11040,0,0,183,14474,140,3281,183,17755,California
Humboldt,2021-02-09,494,21604,220,10290,274,11314,0,0,179,14338,315,3596,179,17934,California
Humboldt,2021-02-10,563,22167,370,10660,193,11507,0,0,233,14246,325,3921,233,18167,California
Humboldt,2021-02-11,1300,23467,396,11056,904,12411,0,0,502,13954,795,4716,503,18670,California
Humboldt,2021-02-12,1146,24613,736,11792,410,12821,0,0,706,14220,440,5156,706,19376,California
Humboldt,2021-02-13,1506,26119,557,12349,949,13770,0,0,915,14546,589,5745,915,20291,California
Humboldt,2021-02-14,112,26231,5,12354,107,13877,0,0,109,14653,2,5747,109,20400,California
Humboldt,2021-02-15,292,26523,78,12432,214,14091,0,0,195,14752,96,5843,195,20595,California
Humboldt,2021-02-16,535,27058,119,12551,416,14507,0,0,254,14726,281,6124,255,20850,California
Humboldt,2021-02-17,450,27508,278,12829,172,14679,0,0,134,14545,315,6439,134,20984,California
Humboldt,2021-02-18,971,28479,596,13425,375,15054,0,0,230,14036,739,7178,230,21214,California
Humboldt,2021-02-19,476,28955,434,13859,42,15096,0,0,89,13741,384,7562,89,21303,California
Humboldt,2021-02-20,1611,30566,987,14846,624,15720,0,0,475,13086,1133,8695,478,21781,California
Humboldt,2021-02-21,479,31045,471,15317,8,15728,0,0,182,12972,297,8992,183,21964,California
Humboldt,2021-02-22,127,31172,92,15409,35,15763,0,0,27,12901,98,9090,27,21991,California
Humboldt,2021-02-23,173,31345,71,15480,102,15865,0,0,41,12812,130,9220,41,22032,California
Humboldt,2021-02-24,1166,32511,706,16186,460,16325,0,0,587,12821,578,9798,587,22619,California
Humboldt,2021-02-25,834,33345,318,16504,516,16841,0,0,230,12449,602,10400,230,22849,California
Humboldt,2021-02-26,2147,35492,106,16610,2041,18882,0,0,449,11207,1692,12092,450,23299,California
Humboldt,2021-02-27,1693,37185,1076,17686,617,19499,0,0,868,11256,823,12915,872,24171,California
Humboldt,2021-02-28,122,37307,10,17696,112,19611,0,0,116,11366,6,12921,116,24287,California
Humboldt,2021-03-01,259,37566,47,17743,212,19823,0,0,184,11475,75,12996,184,24471,California
Humboldt,2021-03-02,290,37856,50,17793,240,20063,0,0,160,11505,130,13126,160,24631,California
Humboldt,2021-03-03,1659,39515,1099,18892,560,20623,0,0,1220,12293,433,13559,1221,25852,California
Humboldt,2021-03-04,902,40417,112,19004,790,21413,0,0,283,11959,619,14178,285,26137,California
Humboldt,2021-03-05,949,41366,188,19192,750,22163,11,11,392,11809,553,14731,403,26540,California
Humboldt,2021-03-06,1700,43066,842,20034,809,22972,49,60,715,11589,984,15715,764,27304,California
Humboldt,2021-03-07,365,43431,296,20330,51,23023,18,78,158,11558,207,15922,176,27480,California
Humboldt,2021-03-08,275,43706,7,20337,190,23213,78,156,181,11723,94,16016,259,27739,California
Humboldt,2021-03-09,490,44196,211,20548,131,23344,148,304,239,11860,249,16265,386,28125,California
Humboldt,2021-03-10,690,44886,466,21014,70,23414,154,458,421,12165,268,16533,573,28698,California
Humboldt,2021-03-11,1463,46349,461,21475,902,24316,100,558,641,12088,817,17350,740,29438,California
Humboldt,2021-03-12,1746,48095,1083,22558,441,24757,222,780,1054,12683,684,18034,1279,30717,California
Humboldt,2021-03-13,1571,49666,1023,23581,496,25253,52,832,676,12522,889,18923,728,31445,California
Humboldt,2021-03-14,142,49808,18,23599,115,25368,9,841,28,12445,114,19037,37,31482,California
Humboldt,2021-03-15,276,50084,51,23650,204,25572,21,862,59,12308,217,19254,80,31562,California
Humboldt,2021-03-16,637,50721,201,23851,175,25747,261,1123,261,12453,375,19629,520,32082,California
Humboldt,2021-03-17,732,51453,396,24247,228,25975,108,1231,340,12510,391,20020,448,32530,California
Humboldt,2021-03-18,1734,53187,1165,25412,526,26501,43,1274,1038,12900,691,20711,1081,33611,California
Humboldt,2021-03-19,1075,54262,60,25472,701,27202,314,1588,440,13021,632,21343,753,34364,California
Humboldt,2021-03-20,1376,55638,751,26223,612,27814,13,1601,426,12513,948,22291,440,34804,California
Humboldt,2021-03-21,249,55887,32,26255,188,28002,29,1630,204,12700,45,22336,232,35036,California
Humboldt,2021-03-22,119,56006,16,26271,53,28055,50,1680,62,12757,55,22391,112,35148,California
Humboldt,2021-03-23,411,56417,41,26312,327,28382,43,1723,319,13029,90,22481,362,35510,California
Humboldt,2021-03-24,1415,57832,389,26701,978,29360,48,1771,1038,13745,369,22850,1085,36595,California
Humboldt,2021-03-25,1835,59667,1210,27911,563,29923,62,1833,947,13868,886,23736,1009,37604,California
Humboldt,2021-03-26,2040,61707,437,28348,1546,31469,57,1890,1594,15077,441,24177,1650,39254,California
Humboldt,2021-03-27,2014,63721,1439,29787,405,31874,170,2060,1141,15519,869,25046,1311,40565,California
Humboldt,2021-03-28,266,63987,81,29868,114,31988,71,2131,85,15495,181,25227,157,40722,California
Humboldt,2021-03-29,470,64457,127,29995,248,32236,95,2226,201,15522,268,25495,295,41017,California
Humboldt,2021-03-30,941,65398,304,30299,523,32759,114,2340,561,15821,375,25870,674,41691,California
Humboldt,2021-03-31,1861,67259,517,30816,1248,34007,96,2436,1408,16877,450,26320,1506,43197,California
Humboldt,2021-04-01,2108,69367,704,31520,1310,35317,94,2530,1478,17826,623,26943,1572,44769,California
Humboldt,2021-04-02,1721,71088,1110,32630,507,35824,104,2634,620,17454,1096,28039,724,45493,California
Humboldt,2021-04-03,1666,72754,1506,34136,145,35969,15,2649,671,17155,985,29024,686,46179,California
Humboldt,2021-04-04,483,73237,371,34507,103,36072,9,2658,405,17492,78,29102,415,46594,California
Humboldt,2021-04-05,774,74011,460,34967,266,36338,48,2706,440,17648,332,29434,488,47082,California
Humboldt,2021-04-06,838,74849,316,35283,388,36726,134,2840,587,18122,245,29679,719,47801,California
Humboldt,2021-04-07,1488,76337,1058,36341,291,37017,139,2979,985,18745,501,30180,1124,48925,California
Humboldt,2021-04-08,1735,78072,1085,37426,492,37509,158,3137,735,18640,998,31178,893,49818,California
Humboldt,2021-04-09,1432,79504,432,37858,846,38355,154,3291,1146,19646,286,31464,1292,51110,California
Humboldt,2021-04-10,934,80438,137,37995,621,38976,176,3467,733,20354,199,31663,907,52017,California
Humboldt,2021-04-11,639,81077,137,38132,35,39011,467,3934,127,20435,512,32175,593,52610,California
Humboldt,2021-04-12,432,81509,224,38356,83,39094,125,4059,274,20676,158,32333,399,53009,California
Humboldt,2021-04-13,584,82093,321,38677,260,39354,3,4062,550,21197,31,32364,552,53561,California
Humboldt,2021-04-14,1426,83519,1030,39707,396,39750,0,4062,1313,22399,111,32475,1313,54874,California
Humboldt,2021-04-15,1816,85335,1196,40903,616,40366,4,4066,1248,23099,550,33025,1250,56124,California
Humboldt,2021-04-16,1124,86459,520,41423,604,40970,0,4066,538,23055,582,33607,538,56662,California
Humboldt,2021-04-17,1600,88059,1277,42700,323,41293,0,4066,1010,23481,584,34191,1010,57672,California
Humboldt,2021-04-18,657,88716,344,43044,312,41605,1,4067,94,23018,557,34748,94,57766,California
Humboldt,2021-04-19,198,88914,84,43128,114,41719,0,4067,83,22988,113,34861,83,57849,California
Humboldt,2021-04-20,477,89391,129,43257,348,42067,0,4067,231,22974,245,35106,231,58080,California
Humboldt,2021-04-21,1086,90477,376,43633,710,42777,0,4067,429,22757,647,35753,430,58510,California
Humboldt,2021-04-22,876,91353,523,44156,351,43128,2,4069,442,22767,432,36185,442,58952,California
Humboldt,2021-04-23,2155,93508,304,44460,1851,44979,0,4069,312,21239,1840,38025,312,59264,California
Humboldt,2021-04-24,1083,94591,880,45340,198,45177,5,4074,362,20887,719,38744,367,59631,California
Humboldt,2021-04-25,374,94965,239,45579,135,45312,0,4074,190,20896,181,38925,190,59821,California
Humboldt,2021-04-26,305,95270,211,45790,90,45402,4,4078,87,20769,216,39141,89,59910,California
Humboldt,2021-04-27,698,95968,226,46016,454,45856,18,4096,143,20377,553,39694,161,60071,California
Humboldt,2021-04-28,1537,97505,795,46811,697,46553,45,4141,397,19681,1138,40832,442,60513,California
Humboldt,2021-04-29,1722,99227,578,47389,1106,47659,38,4179,278,18557,1440,42272,316,60829,California
Humboldt,2021-04-30,1247,100474,391,47780,822,48481,34,4213,195,17738,1046,43318,227,61056,California
Humboldt,2021-05-01,458,100932,378,48158,58,48539,22,4235,283,17869,174,43492,305,61361,California
Humboldt,2021-05-02,227,101159,182,48340,36,48575,9,4244,113,17879,113,43605,123,61484,California
Humboldt,2021-05-03,609,101768,376,48716,209,48784,24,4268,97,17491,510,44115,122,61606,California
Humboldt,2021-05-04,815,102583,480,49196,291,49075,44,4312,246,17214,566,44681,289,61895,California
Humboldt,2021-05-05,1684,104267,1074,50270,553,49628,57,4369,180,15952,1497,46178,235,62130,California
Humboldt,2021-05-06,1652,105919,1043,51313,357,49985,252,4621,134,14823,1515,47693,386,62516,California
Humboldt,2021-05-07,1421,107340,304,51617,1058,51043,59,4680,236,13933,1183,48876,293,62809,California
Humboldt,2021-05-08,699,108039,105,51722,571,51614,23,4703,88,13434,610,49486,111,62920,California
Humboldt,2021-05-09,907,108946,855,52577,42,51656,10,4713,48,12633,859,50345,58,62978,California
Humboldt,2021-05-10,213,109159,36,52613,140,51796,37,4750,81,12619,132,50477,118,63096,California
Humboldt,2021-05-11,488,109647,146,52759,271,52067,71,4821,184,12570,304,50781,255,63351,California
Humboldt,2021-05-12,575,110222,121,52880,412,52479,42,4863,203,12444,371,51152,245,63596,California
Humboldt,2021-05-13,477,110699,229,53109,223,52702,25,4888,206,12406,269,51421,231,63827,California
Humboldt,2021-05-14,688,111387,134,53243,451,53153,103,4991,227,12277,458,51879,329,64156,California
Humboldt,2021-05-15,780,112167,641,53884,131,53284,8,4999,209,11924,570,52449,217,64373,California
Humboldt,2021-05-16,126,112293,55,53939,67,53351,4,5003,72,11946,54,52503,76,64449,California
Humboldt,2021-05-17,393,112686,212,54151,159,53510,22,5025,218,12012,173,52676,239,64688,California
Humboldt,2021-05-18,654,113340,326,54477,299,53809,29,5054,363,12114,290,52966,392,65080,California
Humboldt,2021-05-19,948,114288,527,55004,378,54187,43,5097,336,11883,608,53574,377,65457,California
Humboldt,2021-05-20,681,114969,509,55513,159,54346,13,5110,511,12240,167,53741,524,65981,California
Humboldt,2021-05-21,714,115683,190,55703,473,54819,51,5161,261,12099,453,54194,312,66293,California
Humboldt,2021-05-22,324,116007,255,55958,66,54885,3,5164,86,11951,237,54431,89,66382,California
Humboldt,2021-05-23,276,116283,264,56222,12,54897,0,5164,15,11705,261,54692,15,66397,California
Imperial,2020-12-16,1,1,1,1,0,0,0,0,1,1,0,0,1,1,California
Imperial,2020-12-17,4,5,4,5,0,0,0,0,4,5,0,0,4,5,California
Imperial,2020-12-18,12,17,12,17,0,0,0,0,12,17,0,0,12,17,California
Imperial,2020-12-20,2,19,2,19,0,0,0,0,2,19,0,0,2,19,California
Imperial,2020-12-21,186,205,186,205,0,0,0,0,186,205,0,0,186,205,California
Imperial,2020-12-22,241,446,239,444,2,2,0,0,241,446,0,0,241,446,California
Imperial,2020-12-23,211,657,210,654,1,3,0,0,210,656,0,0,210,656,California
Imperial,2020-12-24,5,662,5,659,0,3,0,0,5,661,0,0,5,661,California
Imperial,2020-12-26,1,663,0,659,1,4,0,0,1,662,0,0,1,662,California
Imperial,2020-12-27,62,725,0,659,62,66,0,0,62,724,0,0,62,724,California
Imperial,2020-12-28,214,939,114,773,100,166,0,0,214,938,0,0,214,938,California
Imperial,2020-12-29,189,1128,36,809,153,319,0,0,189,1127,0,0,189,1127,California
Imperial,2020-12-30,366,1494,50,859,316,635,0,0,366,1493,0,0,366,1493,California
Imperial,2020-12-31,197,1691,26,885,171,806,0,0,197,1690,0,0,197,1690,California
Imperial,2021-01-01,47,1738,5,890,42,848,0,0,47,1737,0,0,47,1737,California
Imperial,2021-01-02,4,1742,0,890,4,852,0,0,4,1741,0,0,4,1741,California
Imperial,2021-01-03,90,1832,0,890,90,942,0,0,90,1831,0,0,90,1831,California
Imperial,2021-01-04,85,1917,5,895,80,1022,0,0,85,1916,0,0,85,1916,California
Imperial,2021-01-05,174,2091,14,909,160,1182,0,0,174,2090,0,0,174,2090,California
Imperial,2021-01-06,190,2281,25,934,165,1347,0,0,189,2278,1,1,189,2279,California
Imperial,2021-01-07,321,2602,10,944,311,1658,0,0,318,2593,3,4,318,2597,California
Imperial,2021-01-08,192,2794,52,996,140,1798,0,0,182,2765,10,14,182,2779,California
Imperial,2021-01-09,24,2818,21,1017,3,1801,0,0,24,2789,0,14,24,2803,California
Imperial,2021-01-10,1,2819,0,1017,1,1802,0,0,1,2790,0,14,1,2804,California
Imperial,2021-01-11,403,3222,244,1261,159,1961,0,0,175,2737,228,242,175,2979,California
Imperial,2021-01-12,404,3626,302,1563,102,2063,0,0,142,2618,261,503,142,3121,California
Imperial,2021-01-13,379,4005,133,1696,246,2309,0,0,280,2799,99,602,280,3401,California
Imperial,2021-01-14,261,4266,151,1847,110,2419,0,0,255,3049,5,607,255,3656,California
Imperial,2021-01-15,241,4507,182,2029,59,2478,0,0,234,3276,7,614,234,3890,California
Imperial,2021-01-16,78,4585,74,2103,4,2482,0,0,77,3352,1,615,77,3967,California
Imperial,2021-01-17,10,4595,2,2105,8,2490,0,0,10,3362,0,615,10,3977,California
Imperial,2021-01-18,1058,5653,399,2504,659,3149,0,0,960,4225,98,713,961,4938,California
Imperial,2021-01-19,165,5818,129,2633,36,3185,0,0,118,4296,47,760,118,5056,California
Imperial,2021-01-20,293,6111,196,2829,97,3282,0,0,255,4513,38,798,255,5311,California
Imperial,2021-01-21,416,6527,183,3012,233,3515,0,0,396,4889,20,818,396,5707,California
Imperial,2021-01-22,457,6984,189,3201,268,3783,0,0,448,5328,9,827,448,6155,California
Imperial,2021-01-23,1040,8024,290,3491,750,4533,0,0,1039,6366,1,828,1039,7194,California
Imperial,2021-01-24,11,8035,4,3495,7,4540,0,0,11,6377,0,828,11,7205,California
Imperial,2021-01-25,214,8249,5,3500,209,4749,0,0,34,6233,178,1006,34,7239,California
Imperial,2021-01-26,364,8613,185,3685,179,4928,0,0,221,6311,143,1149,221,7460,California
Imperial,2021-01-27,570,9183,162,3847,408,5336,0,0,237,6215,333,1482,237,7697,California
Imperial,2021-01-28,633,9816,160,4007,473,5809,0,0,525,6632,108,1590,525,8222,California
Imperial,2021-01-29,424,10240,296,4303,128,5937,0,0,374,6956,50,1640,374,8596,California
Imperial,2021-01-30,56,10296,31,4334,25,5962,0,0,39,6978,17,1657,39,8635,California
Imperial,2021-01-31,17,10313,7,4341,10,5972,0,0,16,6993,1,1658,16,8651,California
Imperial,2021-02-01,421,10734,55,4396,366,6338,0,0,210,6994,209,1867,210,8861,California
Imperial,2021-02-02,683,11417,56,4452,627,6965,0,0,502,7315,181,2048,502,9363,California
Imperial,2021-02-03,459,11876,51,4503,408,7373,0,0,263,7383,195,2243,263,9626,California
Imperial,2021-02-04,1721,13597,1200,5703,521,7894,0,0,1407,8478,312,2555,1407,11033,California
Imperial,2021-02-05,391,13988,243,5946,148,8042,0,0,157,8400,235,2790,157,11190,California
Imperial,2021-02-06,862,14850,837,6783,25,8067,0,0,826,9189,37,2827,826,12016,California
Imperial,2021-02-07,21,14871,9,6792,12,8079,0,0,20,9208,1,2828,20,12036,California
Imperial,2021-02-08,249,15120,42,6834,207,8286,0,0,181,9321,68,2896,181,12217,California
Imperial,2021-02-09,464,15584,147,6981,317,8603,0,0,306,9469,158,3054,306,12523,California
Imperial,2021-02-10,459,16043,56,7037,403,9006,0,0,96,9203,363,3417,97,12620,California
Imperial,2021-02-11,1024,17067,367,7404,657,9663,0,0,146,8476,873,4290,146,12766,California
Imperial,2021-02-12,2130,19197,1410,8814,720,10383,0,0,1781,9905,352,4642,1781,14547,California
Imperial,2021-02-13,47,19244,18,8832,29,10412,0,0,42,9940,8,4650,43,14590,California
Imperial,2021-02-14,24,19268,12,8844,12,10424,0,0,21,9958,3,4653,21,14611,California
Imperial,2021-02-15,95,19363,11,8855,84,10508,0,0,84,10031,11,4664,84,14695,California
Imperial,2021-02-16,514,19877,267,9122,247,10755,0,0,293,10103,221,4885,293,14988,California
Imperial,2021-02-17,439,20316,285,9407,154,10909,0,0,83,9830,356,5241,83,15071,California
Imperial,2021-02-18,646,20962,308,9715,338,11247,0,0,140,9465,505,5746,140,15211,California
Imperial,2021-02-19,770,21732,383,10098,387,11634,0,0,195,9086,574,6320,195,15406,California
Imperial,2021-02-20,1041,22773,191,10289,850,12484,0,0,327,8703,712,7032,329,15735,California
Imperial,2021-02-21,591,23364,557,10846,34,12518,0,0,580,9273,10,7042,580,16315,California
Imperial,2021-02-22,806,24170,567,11413,239,12757,0,0,757,9981,49,7091,757,17072,California
Imperial,2021-02-23,963,25133,395,11808,568,13325,0,0,908,10835,55,7146,909,17981,California
Imperial,2021-02-24,718,25851,302,12110,416,13741,0,0,621,11360,96,7242,621,18602,California
Imperial,2021-02-25,857,26708,341,12451,516,14257,0,0,489,11487,367,7609,494,19096,California
Imperial,2021-02-26,2277,28985,1351,13802,926,15183,0,0,1800,12812,476,8085,1801,20897,California
Imperial,2021-02-27,867,29852,812,14614,55,15238,0,0,131,12206,738,8823,132,21029,California
Imperial,2021-02-28,32,29884,20,14634,12,15250,0,0,22,12218,10,8833,22,21051,California
Imperial,2021-03-01,499,30383,296,14930,201,15451,2,2,432,12589,64,8897,435,21486,California
Imperial,2021-03-02,676,31059,246,15176,430,15881,0,2,386,12689,288,9185,388,21874,California
Imperial,2021-03-03,927,31986,49,15225,877,16758,1,3,558,12893,366,9551,570,22444,California
Imperial,2021-03-04,755,32741,85,15310,669,17427,1,4,492,13154,261,9812,522,22966,California
Imperial,2021-03-05,2951,35692,2201,17511,750,18177,0,4,1611,13424,1343,11155,1613,24579,California
Imperial,2021-03-06,704,36396,238,17749,466,18643,0,4,659,14045,42,11197,663,25242,California
Imperial,2021-03-07,85,36481,41,17790,44,18687,0,4,60,14082,24,11221,61,25303,California
Imperial,2021-03-08,415,36896,331,18121,49,18736,35,39,362,14427,52,11273,397,25700,California
Imperial,2021-03-09,682,37578,311,18432,124,18860,247,286,398,14787,284,11557,644,26344,California
Imperial,2021-03-10,685,38263,313,18745,267,19127,105,391,322,14852,362,11919,427,26771,California
Imperial,2021-03-11,1794,40057,479,19224,1123,20250,192,583,1192,15648,599,12518,1395,28166,California
Imperial,2021-03-12,4697,44754,3440,22664,1071,21321,186,769,3005,17152,1687,14205,3191,31357,California
Imperial,2021-03-13,1156,45910,94,22758,837,22158,225,994,861,17950,292,14497,1090,32447,California
Imperial,2021-03-14,176,46086,36,22794,126,22284,14,1008,140,18069,36,14533,155,32602,California
Imperial,2021-03-15,686,46772,227,23021,200,22484,259,1267,389,18422,295,14828,648,33250,California
Imperial,2021-03-16,1102,47874,275,23296,360,22844,467,1734,551,18890,549,15377,1017,34267,California
Imperial,2021-03-17,1600,49474,692,23988,771,23615,137,1871,1015,19465,578,15955,1153,35420,California
Imperial,2021-03-18,1805,51279,1193,25181,552,24167,60,1931,1271,20267,531,16486,1333,36753,California
Imperial,2021-03-19,3738,55017,2742,27923,993,25160,3,1934,1886,20313,1844,18330,1890,38643,California
Imperial,2021-03-20,1761,56778,553,28476,1203,26363,5,1939,1313,21195,442,18772,1324,39967,California
Imperial,2021-03-21,217,56995,35,28511,178,26541,4,1943,159,21304,58,18830,167,40134,California
Imperial,2021-03-22,1047,58042,339,28850,701,27242,7,1950,622,21511,424,19254,631,40765,California
Imperial,2021-03-23,1422,59464,436,29286,979,28221,7,1957,921,21943,498,19752,930,41695,California
Imperial,2021-03-24,2125,61589,562,29848,1138,29359,425,2382,1149,22543,973,20725,1573,43268,California
Imperial,2021-03-25,3192,64781,689,30537,885,30244,1618,4000,1194,23352,1993,22718,2802,46070,California
Imperial,2021-03-26,3175,67956,1173,31710,1024,31268,978,4978,905,22975,2259,24977,1882,47952,California
Imperial,2021-03-27,613,68569,284,31994,277,31545,52,5030,445,23307,165,25142,497,48449,California
Imperial,2021-03-28,210,68779,51,32045,157,31702,2,5032,172,23444,37,25179,174,48623,California
Imperial,2021-03-29,1446,70225,348,32393,393,32095,705,5737,320,23344,1124,26303,1024,49647,California
Imperial,2021-03-30,2085,72310,686,33079,593,32688,806,6543,684,23434,1401,27704,1491,51138,California
Imperial,2021-03-31,1542,73852,728,33807,808,33496,6,6549,1022,23944,517,28221,1027,52165,California
Imperial,2021-04-01,1951,75803,418,34225,1291,34787,242,6791,867,23973,1079,29300,1108,53273,California
Imperial,2021-04-02,1928,77731,475,34700,1379,36166,74,6865,1316,24754,607,29907,1388,54661,California
Imperial,2021-04-03,1519,79250,430,35130,1010,37176,79,6944,703,24723,813,30720,782,55443,California
Imperial,2021-04-04,85,79335,40,35170,28,37204,17,6961,23,24701,62,30782,40,55483,California
Imperial,2021-04-05,3394,82729,2316,37486,913,38117,165,7126,801,23084,2583,33365,966,56449,California
Imperial,2021-04-06,1306,84035,527,38013,590,38707,189,7315,683,23338,619,33984,873,57322,California
Imperial,2021-04-07,2155,86190,553,38566,1225,39932,377,7692,1554,24664,605,34589,1931,59253,California
Imperial,2021-04-08,2189,88379,1071,39637,824,40756,294,7986,1065,24900,1121,35710,1357,60610,California
Imperial,2021-04-09,3190,91569,1648,41285,926,41682,616,8602,1499,25329,1685,37395,2114,62724,California
Imperial,2021-04-10,1278,92847,184,41469,822,42504,272,8874,215,24752,1061,38456,484,63208,California
Imperial,2021-04-11,218,93065,30,41499,157,42661,31,8905,75,24715,143,38599,106,63314,California
Imperial,2021-04-12,1435,94500,767,42266,447,43108,221,9126,814,25133,617,39216,1035,64349,California
Imperial,2021-04-13,2889,97389,1891,44157,996,44104,2,9128,2026,26300,859,40075,2026,66375,California
Imperial,2021-04-14,2022,99411,943,45100,1079,45183,0,9128,1391,27067,625,40700,1392,67767,California
Imperial,2021-04-15,1976,101387,908,46008,1068,46251,0,9128,1354,27805,618,41318,1356,69123,California
Imperial,2021-04-16,3442,104829,1795,47803,1647,47898,0,9128,2152,28681,1277,42595,2153,71276,California
Imperial,2021-04-17,1815,106644,933,48736,880,48778,2,9130,1417,29708,393,42988,1420,72696,California
Imperial,2021-04-18,251,106895,69,48805,182,48960,0,9130,88,29634,162,43150,88,72784,California
Imperial,2021-04-19,835,107730,267,49072,568,49528,0,9130,467,29739,366,43516,471,73255,California
Imperial,2021-04-20,1319,109049,526,49598,793,50321,0,9130,737,29899,578,44094,738,73993,California
Imperial,2021-04-21,1370,110419,338,49936,1032,51353,0,9130,795,30124,570,44664,795,74788,California
Imperial,2021-04-22,2210,112629,806,50742,1404,52757,0,9130,1507,30940,693,45357,1509,76297,California
Imperial,2021-04-23,2798,115427,531,51273,2267,55024,0,9130,1080,30336,1688,47045,1084,77381,California
Imperial,2021-04-24,549,115976,326,51599,223,55247,0,9130,199,30188,347,47392,199,77580,California
Imperial,2021-04-25,264,116240,97,51696,167,55414,0,9130,134,30194,128,47520,134,77714,California
Imperial,2021-04-26,1131,117371,459,52155,669,56083,3,9133,681,30432,446,47966,684,78398,California
Imperial,2021-04-27,1033,118404,342,52497,682,56765,9,9142,520,30453,508,48474,529,78927,California
Imperial,2021-04-28,1478,119882,637,53134,812,57577,29,9171,668,30345,805,49279,697,79624,California
Imperial,2021-04-29,1792,121674,856,53990,890,58467,46,9217,811,30230,973,50252,858,80482,California
Imperial,2021-04-30,3208,124882,1667,55657,1508,59975,33,9250,1566,30201,1629,51881,1600,82082,California
Imperial,2021-05-01,313,125195,123,55780,187,60162,3,9253,159,30210,154,52035,163,82245,California
Imperial,2021-05-02,83,125278,25,55805,56,60218,2,9255,51,30232,32,52067,54,82299,California
Imperial,2021-05-03,1616,126894,542,56347,1027,61245,47,9302,368,29409,1239,53306,416,82715,California
Imperial,2021-05-04,1735,128629,953,57300,755,62000,27,9329,531,28770,1197,54503,558,83273,California
Imperial,2021-05-05,1501,130130,890,58190,590,62590,21,9350,439,28180,1051,55554,461,83734,California
Imperial,2021-05-06,1661,131791,1107,59297,519,63109,35,9385,530,27620,1125,56679,565,84299,California
Imperial,2021-05-07,2149,133940,1239,60536,865,63974,45,9430,794,27121,1340,58019,841,85140,California
Imperial,2021-05-08,547,134487,410,60946,129,64103,8,9438,158,26906,381,58400,166,85306,California
Imperial,2021-05-09,94,134581,63,61009,30,64133,1,9439,28,26872,63,58463,29,85335,California
Imperial,2021-05-10,657,135238,222,61231,313,64446,122,9561,225,26791,427,58890,346,85681,California
Imperial,2021-05-11,1256,136494,447,61678,790,65236,19,9580,443,26451,806,59696,466,86147,California
Imperial,2021-05-12,691,137185,257,61935,396,65632,38,9618,254,26310,433,60129,292,86439,California
Imperial,2021-05-13,1398,138583,929,62864,398,66030,71,9689,622,26236,767,60896,693,87132,California
Imperial,2021-05-14,1425,140008,830,63694,548,66578,47,9736,977,26818,442,61338,1024,88156,California
Imperial,2021-05-15,1159,141167,457,64151,682,67260,20,9756,450,26586,703,62041,471,88627,California
Imperial,2021-05-16,118,141285,80,64231,36,67296,2,9758,47,26565,70,62111,49,88676,California
Imperial,2021-05-17,1628,142913,604,64835,994,68290,30,9788,568,26108,1056,63167,599,89275,California
Imperial,2021-05-18,1256,144169,676,65511,521,68811,59,9847,718,26352,534,63701,778,90053,California
Imperial,2021-05-19,1117,145286,524,66035,528,69339,65,9912,512,26329,600,64301,577,90630,California
Imperial,2021-05-20,1023,146309,713,66748,257,69596,53,9965,462,26290,555,64856,516,91146,California
Imperial,2021-05-21,1267,147576,763,67511,455,70051,49,10014,597,26270,666,65522,646,91792,California
Imperial,2021-05-22,195,147771,122,67633,58,70109,15,10029,86,26265,106,65628,101,91893,California
Imperial,2021-05-23,53,147824,15,67648,30,70139,8,10037,11,26245,39,65667,19,91912,California
Inyo,2020-12-19,85,85,85,85,0,0,0,0,85,85,0,0,85,85,California
Inyo,2020-12-20,58,143,58,143,0,0,0,0,58,143,0,0,58,143,California
Inyo,2020-12-21,88,231,85,228,3,3,0,0,88,231,0,0,88,231,California
Inyo,2020-12-22,105,336,105,333,0,3,0,0,105,336,0,0,105,336,California
Inyo,2020-12-23,70,406,67,400,3,6,0,0,70,406,0,0,70,406,California
Inyo,2020-12-24,16,422,16,416,0,6,0,0,16,422,0,0,16,422,California
Inyo,2020-12-25,1,423,0,416,1,7,0,0,1,423,0,0,1,423,California
Inyo,2020-12-26,74,497,74,490,0,7,0,0,74,497,0,0,74,497,California
Inyo,2020-12-28,48,545,36,526,12,19,0,0,48,545,0,0,48,545,California
Inyo,2020-12-29,19,564,19,545,0,19,0,0,19,564,0,0,19,564,California
Inyo,2020-12-30,56,620,54,599,2,21,0,0,56,620,0,0,56,620,California
Inyo,2020-12-31,29,649,0,599,29,50,0,0,29,649,0,0,29,649,California
Inyo,2021-01-01,1,650,0,599,1,51,0,0,1,650,0,0,1,650,California
Inyo,2021-01-03,1,651,0,599,1,52,0,0,1,651,0,0,1,651,California
Inyo,2021-01-04,2,653,1,600,1,53,0,0,2,653,0,0,2,653,California
Inyo,2021-01-05,34,687,0,600,34,87,0,0,34,687,0,0,34,687,California
Inyo,2021-01-06,68,755,0,600,68,155,0,0,68,755,0,0,68,755,California
Inyo,2021-01-07,31,786,1,601,30,185,0,0,31,786,0,0,31,786,California
Inyo,2021-01-08,9,795,8,609,1,186,0,0,4,786,5,5,5,791,California
Inyo,2021-01-09,87,882,86,695,1,187,0,0,1,701,86,91,1,792,California
Inyo,2021-01-10,52,934,52,747,0,187,0,0,0,649,52,143,0,792,California
Inyo,2021-01-11,97,1031,82,829,15,202,0,0,16,584,81,224,16,808,California
Inyo,2021-01-12,139,1170,118,947,21,223,0,0,28,501,111,335,28,836,California
Inyo,2021-01-13,86,1256,68,1015,18,241,0,0,21,458,65,400,22,858,California
Inyo,2021-01-14,59,1315,13,1028,46,287,0,0,49,497,10,410,49,907,California
Inyo,2021-01-15,163,1478,28,1056,135,422,0,0,163,660,0,410,163,1070,California
Inyo,2021-01-16,74,1552,73,1129,1,423,0,0,1,588,73,483,1,1071,California
Inyo,2021-01-18,58,1610,36,1165,22,445,0,0,19,568,39,522,19,1090,California
Inyo,2021-01-19,114,1724,72,1237,42,487,0,0,97,648,17,539,97,1187,California
Inyo,2021-01-20,147,1871,71,1308,76,563,0,0,93,687,54,593,93,1280,California
Inyo,2021-01-21,120,1991,57,1365,63,626,0,0,119,805,1,594,119,1399,California
Inyo,2021-01-22,62,2053,0,1365,62,688,0,0,61,865,1,595,61,1460,California
Inyo,2021-01-23,52,2105,52,1417,0,688,0,0,52,917,0,595,52,1512,California
Inyo,2021-01-25,49,2154,6,1423,43,731,0,0,37,942,12,607,37,1549,California
Inyo,2021-01-26,135,2289,54,1477,81,812,0,0,129,1065,6,613,129,1678,California
Inyo,2021-01-27,24,2313,2,1479,22,834,0,0,23,1087,1,614,23,1701,California
Inyo,2021-01-28,92,2405,2,1481,90,924,0,0,63,1121,29,643,63,1764,California
Inyo,2021-01-29,25,2430,3,1484,22,946,0,0,23,1142,2,645,23,1787,California
Inyo,2021-01-30,11,2441,1,1485,10,956,0,0,11,1153,0,645,11,1798,California
Inyo,2021-01-31,32,2473,4,1489,28,984,0,0,4,1129,28,673,4,1802,California
Inyo,2021-02-01,10,2483,9,1498,1,985,0,0,0,1119,10,683,0,1802,California
Inyo,2021-02-02,130,2613,14,1512,116,1101,0,0,104,1197,26,709,104,1906,California
Inyo,2021-02-03,116,2729,0,1512,116,1217,0,0,74,1229,42,751,74,1980,California
Inyo,2021-02-04,151,2880,33,1545,118,1335,0,0,92,1262,59,810,92,2072,California
Inyo,2021-02-05,117,2997,61,1606,56,1391,0,0,115,1375,2,812,115,2187,California
Inyo,2021-02-06,4,3001,2,1608,2,1393,0,0,3,1377,1,813,3,2190,California
Inyo,2021-02-07,4,3005,2,1610,2,1395,0,0,4,1381,0,813,4,2194,California
Inyo,2021-02-08,117,3122,7,1617,110,1505,0,0,97,1458,20,833,97,2291,California
Inyo,2021-02-09,196,3318,52,1669,144,1649,0,0,125,1512,71,904,125,2416,California
Inyo,2021-02-10,141,3459,17,1686,124,1773,0,0,107,1585,34,938,107,2523,California
Inyo,2021-02-11,220,3679,56,1742,164,1937,0,0,126,1617,94,1032,126,2649,California
Inyo,2021-02-12,299,3978,51,1793,248,2185,0,0,167,1652,132,1164,167,2816,California
Inyo,2021-02-13,60,4038,55,1848,5,2190,0,0,8,1608,52,1216,8,2824,California
Inyo,2021-02-14,1,4039,0,1848,1,2191,0,0,1,1609,0,1216,1,2825,California
Inyo,2021-02-15,29,4068,9,1857,20,2211,0,0,5,1590,24,1240,5,2830,California
Inyo,2021-02-16,179,4247,50,1907,129,2340,0,0,92,1596,86,1326,92,2922,California
Inyo,2021-02-17,38,4285,4,1911,34,2374,0,0,8,1574,30,1356,8,2930,California
Inyo,2021-02-18,122,4407,6,1917,116,2490,0,0,79,1610,43,1399,79,3009,California
Inyo,2021-02-19,52,4459,4,1921,48,2538,0,0,9,1576,43,1442,9,3018,California
Inyo,2021-02-20,507,4966,503,2424,4,2542,0,0,505,2079,2,1444,505,3523,California
Inyo,2021-02-21,441,5407,441,2865,0,2542,0,0,441,2520,0,1444,441,3964,California
Inyo,2021-02-22,61,5468,19,2884,42,2584,0,0,27,2513,34,1478,27,3991,California
Inyo,2021-02-23,199,5667,20,2904,179,2763,0,0,95,2505,103,1581,95,4086,California
Inyo,2021-02-24,118,5785,0,2904,118,2881,0,0,57,2501,61,1642,57,4143,California
Inyo,2021-02-25,132,5917,5,2909,127,3008,0,0,62,2493,70,1712,62,4205,California
Inyo,2021-02-26,103,6020,60,2969,43,3051,0,0,19,2428,84,1796,19,4224,California
Inyo,2021-02-27,14,6034,3,2972,11,3062,0,0,2,2418,12,1808,2,4226,California
Inyo,2021-02-28,3,6037,1,2973,2,3064,0,0,2,2419,1,1809,2,4228,California
Inyo,2021-03-01,19,6056,2,2975,17,3081,0,0,17,2434,2,1811,17,4245,California
Inyo,2021-03-02,196,6252,1,2976,195,3276,0,0,111,2460,85,1896,111,4356,California
Inyo,2021-03-03,84,6336,3,2979,81,3357,0,0,41,2458,43,1939,41,4397,California
Inyo,2021-03-04,128,6464,4,2983,124,3481,0,0,46,2422,82,2021,46,4443,California
Inyo,2021-03-05,141,6605,56,3039,85,3566,0,0,38,2357,103,2124,38,4481,California
Inyo,2021-03-06,30,6635,1,3040,29,3595,0,0,29,2385,1,2125,29,4510,California
Inyo,2021-03-07,7,6642,4,3044,3,3598,0,0,5,2388,2,2127,5,4515,California
Inyo,2021-03-08,182,6824,5,3049,177,3775,0,0,91,2388,91,2218,91,4606,California
Inyo,2021-03-09,190,7014,3,3052,187,3962,0,0,74,2346,116,2334,74,4680,California
Inyo,2021-03-10,70,7084,8,3060,61,4023,1,1,30,2337,40,2374,31,4711,California
Inyo,2021-03-11,204,7288,1,3061,198,4221,5,6,74,2286,130,2504,79,4790,California
Inyo,2021-03-12,175,7463,4,3065,166,4387,5,11,77,2270,98,2602,82,4872,California
Inyo,2021-03-13,584,8047,549,3614,25,4412,10,21,72,1841,511,3113,82,4954,California
Inyo,2021-03-14,439,8486,438,4052,1,4413,0,21,5,1412,434,3547,5,4959,California
Inyo,2021-03-15,51,8537,15,4067,34,4447,2,23,30,1423,21,3568,32,4991,California
Inyo,2021-03-16,163,8700,4,4071,153,4600,6,29,63,1393,99,3667,69,5060,California
Inyo,2021-03-17,108,8808,3,4074,98,4698,7,36,92,1476,16,3683,99,5159,California
Inyo,2021-03-18,185,8993,16,4090,162,4860,7,43,104,1506,81,3764,111,5270,California
Inyo,2021-03-19,46,9039,4,4094,38,4898,4,47,36,1536,10,3774,40,5310,California
Inyo,2021-03-20,20,9059,1,4095,10,4908,9,56,1,1527,19,3793,10,5320,California
Inyo,2021-03-22,58,9117,2,4097,51,4959,5,61,38,1550,20,3813,43,5363,California
Inyo,2021-03-23,195,9312,4,4101,187,5146,4,65,105,1569,90,3903,109,5472,California
Inyo,2021-03-24,140,9452,3,4104,133,5279,4,69,86,1605,54,3957,90,5562,California
Inyo,2021-03-25,331,9783,110,4214,218,5497,3,72,265,1807,66,4023,268,5830,California
Inyo,2021-03-26,91,9874,3,4217,84,5581,4,76,71,1862,20,4043,75,5905,California
Inyo,2021-03-27,52,9926,44,4261,5,5586,3,79,46,1905,6,4049,49,5954,California
Inyo,2021-03-28,4,9930,1,4262,2,5588,1,80,1,1904,3,4052,2,5956,California
Inyo,2021-03-29,109,10039,2,4264,102,5690,5,85,82,1965,26,4078,87,6043,California
Inyo,2021-03-30,220,10259,2,4266,213,5903,5,90,108,1966,112,4190,113,6156,California
Inyo,2021-03-31,149,10408,4,4270,140,6043,5,95,108,2038,41,4231,113,6269,California
Inyo,2021-04-01,166,10574,4,4274,161,6204,1,96,117,2107,49,4280,118,6387,California
Inyo,2021-04-02,80,10654,1,4275,77,6281,2,98,51,2131,29,4309,53,6440,California
Inyo,2021-04-03,93,10747,47,4322,32,6313,14,112,5,2063,86,4395,18,6458,California
Inyo,2021-04-04,5,10752,4,4326,0,6313,1,113,1,2061,4,4399,2,6460,California
Inyo,2021-04-05,117,10869,1,4327,112,6425,4,117,29,2006,88,4487,33,6493,California
Inyo,2021-04-06,235,11104,5,4332,167,6592,63,180,103,2040,132,4619,166,6659,California
Inyo,2021-04-07,203,11307,2,4334,74,6666,127,307,47,2057,157,4776,174,6833,California
Inyo,2021-04-08,179,11486,15,4349,147,6813,17,324,80,2055,99,4875,97,6930,California
Inyo,2021-04-09,125,11611,7,4356,95,6908,23,347,38,2030,86,4961,61,6991,California
Inyo,2021-04-10,42,11653,1,4357,24,6932,17,364,3,2011,39,5000,20,7011,California
Inyo,2021-04-11,1,11654,0,4357,1,6933,0,364,1,2012,0,5000,1,7012,California
Inyo,2021-04-12,79,11733,0,4357,74,7007,5,369,41,2020,38,5038,46,7058,California
Inyo,2021-04-13,119,11852,4,4361,112,7119,3,372,61,2027,57,5095,64,7122,California
Inyo,2021-04-14,127,11979,2,4363,125,7244,0,372,42,1984,85,5180,42,7164,California
Inyo,2021-04-15,275,12254,117,4480,158,7402,0,372,79,1867,196,5376,79,7243,California
Inyo,2021-04-16,47,12301,5,4485,42,7444,0,372,19,1858,28,5404,19,7262,California
Inyo,2021-04-17,2,12303,1,4486,1,7445,0,372,1,1858,1,5405,1,7263,California
Inyo,2021-04-19,128,12431,43,4529,85,7530,0,372,43,1816,85,5490,43,7306,California
Inyo,2021-04-20,163,12594,2,4531,161,7691,0,372,79,1811,84,5574,79,7385,California
Inyo,2021-04-21,113,12707,4,4535,109,7800,0,372,32,1762,81,5655,32,7417,California
Inyo,2021-04-22,196,12903,1,4536,195,7995,0,372,51,1668,145,5800,51,7468,California
Inyo,2021-04-23,95,12998,4,4540,91,8086,0,372,22,1617,73,5873,22,7490,California
Inyo,2021-04-24,309,13307,308,4848,1,8087,0,372,304,1916,5,5878,304,7794,California
Inyo,2021-04-25,135,13442,134,4982,1,8088,0,372,135,2051,0,5878,135,7929,California
Inyo,2021-04-26,91,13533,0,4982,90,8178,1,373,10,1981,81,5959,11,7940,California
Inyo,2021-04-27,180,13713,6,4988,169,8347,5,378,43,1893,136,6095,48,7988,California
Inyo,2021-04-28,121,13834,2,4990,117,8464,2,380,20,1814,101,6196,22,8010,California
Inyo,2021-04-29,172,14006,56,5046,116,8580,0,380,77,1797,94,6290,77,8087,California
Inyo,2021-04-30,85,14091,5,5051,79,8659,1,381,24,1761,61,6351,25,8112,California
Inyo,2021-05-01,11,14102,3,5054,8,8667,0,381,9,1768,2,6353,9,8121,California
Inyo,2021-05-02,7,14109,3,5057,2,8669,2,383,4,1771,3,6356,6,8127,California
Inyo,2021-05-03,38,14147,1,5058,33,8702,4,387,5,1747,33,6389,9,8136,California
Inyo,2021-05-04,123,14270,2,5060,117,8819,4,391,22,1672,101,6490,26,8162,California
Inyo,2021-05-05,35,14305,0,5060,33,8852,2,393,11,1661,24,6514,13,8175,California
Inyo,2021-05-06,93,14398,5,5065,80,8932,8,401,13,1602,80,6594,21,8196,California
Inyo,2021-05-07,48,14446,4,5069,36,8968,8,409,24,1611,23,6617,32,8228,California
Inyo,2021-05-08,11,14457,2,5071,4,8972,5,414,4,1613,7,6624,9,8237,California
Inyo,2021-05-09,1,14458,0,5071,1,8973,0,414,0,1612,1,6625,0,8237,California
Inyo,2021-05-10,69,14527,1,5072,66,9039,2,416,30,1606,39,6664,33,8270,California
Inyo,2021-05-11,86,14613,1,5073,82,9121,3,419,20,1563,66,6730,23,8293,California
Inyo,2021-05-12,43,14656,1,5074,40,9161,2,421,11,1544,32,6762,13,8306,California
Inyo,2021-05-13,74,14730,1,5075,72,9233,1,422,11,1493,63,6825,12,8318,California
Inyo,2021-05-14,26,14756,3,5078,18,9251,5,427,12,1496,14,6839,17,8335,California
Inyo,2021-05-15,380,15136,367,5445,11,9262,2,429,87,1292,293,7132,89,8424,California
Inyo,2021-05-16,198,15334,198,5643,0,9262,0,429,71,1236,127,7259,71,8495,California
Inyo,2021-05-17,62,15396,2,5645,56,9318,4,433,19,1216,43,7302,23,8518,California
Inyo,2021-05-18,82,15478,2,5647,79,9397,1,434,17,1169,65,7367,18,8536,California
Inyo,2021-05-19,48,15526,2,5649,41,9438,5,439,14,1154,34,7401,19,8555,California
Inyo,2021-05-20,144,15670,81,5730,62,9500,1,440,34,1079,110,7511,35,8590,California
Inyo,2021-05-21,44,15714,16,5746,23,9523,5,445,16,1072,28,7539,21,8611,California
Inyo,2021-05-22,24,15738,14,5760,7,9530,3,448,17,1085,7,7546,20,8631,California
Inyo,2021-05-23,3,15741,2,5762,0,9530,1,449,1,1085,2,7548,2,8633,California
Kern,2020-12-15,1,1,1,1,0,0,0,0,1,1,0,0,1,1,California
Kern,2020-12-16,18,19,18,19,0,0,0,0,18,19,0,0,18,19,California
Kern,2020-12-17,164,183,164,183,0,0,0,0,164,183,0,0,164,183,California
Kern,2020-12-18,322,505,322,505,0,0,0,0,322,505,0,0,322,505,California
Kern,2020-12-19,98,603,98,603,0,0,0,0,99,604,0,0,99,604,California
Kern,2020-12-20,61,664,61,664,0,0,0,0,61,665,0,0,61,665,California
Kern,2020-12-21,671,1335,670,1334,1,1,0,0,671,1336,0,0,671,1336,California
Kern,2020-12-22,530,1865,527,1861,3,4,0,0,530,1866,0,0,530,1866,California
Kern,2020-12-23,558,2423,420,2281,138,142,0,0,558,2424,0,0,558,2424,California
Kern,2020-12-24,122,2545,43,2324,79,221,0,0,122,2546,0,0,122,2546,California
Kern,2020-12-25,1,2546,1,2325,0,221,0,0,1,2547,0,0,1,2547,California
Kern,2020-12-26,33,2579,1,2326,32,253,0,0,33,2580,0,0,33,2580,California
Kern,2020-12-27,35,2614,3,2329,32,285,0,0,35,2615,0,0,35,2615,California
Kern,2020-12-28,827,3441,663,2992,164,449,0,0,827,3442,0,0,827,3442,California
Kern,2020-12-29,745,4186,452,3444,293,742,0,0,744,4185,1,1,744,4186,California
Kern,2020-12-30,1204,5390,911,4355,293,1035,0,0,1204,5389,0,1,1204,5390,California
Kern,2020-12-31,277,5667,99,4454,178,1213,0,0,277,5666,0,1,277,5667,California
Kern,2021-01-01,14,5681,7,4461,7,1220,0,0,14,5680,0,1,14,5681,California
Kern,2021-01-02,79,5760,18,4479,61,1281,0,0,79,5759,0,1,79,5760,California
Kern,2021-01-03,23,5783,4,4483,19,1300,0,0,23,5782,0,1,23,5783,California
Kern,2021-01-04,556,6339,361,4844,195,1495,0,0,556,6338,0,1,556,6339,California
Kern,2021-01-05,1133,7472,738,5582,395,1890,0,0,1121,7447,12,13,1121,7460,California
Kern,2021-01-06,1162,8634,450,6032,712,2602,0,0,1132,8549,30,43,1132,8592,California
Kern,2021-01-07,1401,10035,488,6520,913,3515,0,0,1232,9613,168,211,1232,9824,California
Kern,2021-01-08,1627,11662,768,7288,859,4374,0,0,1329,10644,299,510,1330,11154,California
Kern,2021-01-09,227,11889,77,7365,150,4524,0,0,193,10803,34,544,193,11347,California
Kern,2021-01-10,194,12083,148,7513,46,4570,0,0,153,10915,41,585,153,11500,California
Kern,2021-01-11,1557,13640,985,8498,572,5142,0,0,1001,11360,556,1141,1001,12501,California
Kern,2021-01-12,1869,15509,811,9309,1058,6200,0,0,1358,12207,511,1652,1358,13859,California
Kern,2021-01-13,1851,17360,869,10178,982,7182,0,0,1431,13218,420,2072,1431,15290,California
Kern,2021-01-14,2187,19547,646,10824,1541,8723,0,0,2142,15314,46,2118,2142,17432,California
Kern,2021-01-15,2707,22254,857,11681,1850,10573,0,0,2610,17830,95,2213,2611,20043,California
Kern,2021-01-16,670,22924,211,11892,459,11032,0,0,635,18430,35,2248,635,20678,California
Kern,2021-01-17,73,22997,7,11899,66,11098,0,0,71,18499,2,2250,71,20749,California
Kern,2021-01-18,1647,24644,660,12559,987,12085,0,0,1480,19812,167,2417,1480,22229,California
Kern,2021-01-19,1854,26498,1034,13593,820,12905,0,0,1387,20733,467,2884,1388,23617,California
Kern,2021-01-20,2613,29111,1678,15271,935,13840,0,0,1910,21947,698,3582,1912,25529,California
Kern,2021-01-21,2115,31226,868,16139,1247,15087,0,0,1919,23671,195,3777,1919,27448,California
Kern,2021-01-22,2714,33940,1297,17436,1417,16504,0,0,2436,25830,277,4054,2436,29884,California
Kern,2021-01-23,1251,35191,542,17978,709,17213,0,0,1205,26989,46,4100,1205,31089,California
Kern,2021-01-24,154,35345,12,17990,142,17355,0,0,148,27131,6,4106,148,31237,California
Kern,2021-01-25,2386,37731,1086,19076,1300,18655,0,0,1901,28549,484,4590,1902,33139,California
Kern,2021-01-26,2769,40500,1127,20203,1642,20297,0,0,1912,29605,856,5446,1912,35051,California
Kern,2021-01-27,3562,44062,1905,22108,1657,21954,0,0,2861,31768,698,6144,2861,37912,California
Kern,2021-01-28,2869,46931,1357,23465,1512,23466,0,0,2441,33789,423,6567,2444,40356,California
Kern,2021-01-29,3783,50714,1801,25266,1982,25448,0,0,3237,36483,543,7110,3237,43593,California
Kern,2021-01-30,1329,52043,498,25764,831,26279,0,0,1280,37716,47,7157,1280,44873,California
Kern,2021-01-31,405,52448,277,26041,128,26407,0,0,270,37851,135,7292,270,45143,California
Kern,2021-02-01,2598,55046,991,27032,1607,28014,0,0,1885,39027,710,8002,1886,47029,California
Kern,2021-02-02,2750,57796,799,27831,1951,29965,0,0,2047,40372,703,8705,2048,49077,California
Kern,2021-02-03,3664,61460,1552,29383,2112,32077,0,0,2695,42105,962,9667,2695,51772,California
Kern,2021-02-04,3801,65261,1452,30835,2349,34426,0,0,2586,43486,1205,10872,2586,54358,California
Kern,2021-02-05,4852,70113,1989,32824,2863,37289,0,0,3092,44837,1741,12613,3092,57450,California
Kern,2021-02-06,1738,71851,768,33592,970,38259,0,0,1512,46126,223,12836,1512,58962,California
Kern,2021-02-07,283,72134,150,33742,133,38392,0,0,267,46379,14,12850,267,59229,California
Kern,2021-02-08,2570,74704,790,34532,1780,40172,0,0,1258,46344,1294,14144,1259,60488,California
Kern,2021-02-09,3038,77742,986,35518,2052,42224,0,0,1466,46247,1563,15707,1466,61954,California
Kern,2021-02-10,3791,81533,1660,37178,2131,44355,0,0,1873,46219,1902,17609,1874,63828,California
Kern,2021-02-11,4265,85798,1535,38713,2730,47085,0,0,2221,46410,2031,19640,2222,66050,California
Kern,2021-02-12,4955,90753,1893,40606,3062,50147,0,0,2479,46427,2462,22102,2479,68529,California
Kern,2021-02-13,2009,92762,728,41334,1281,51428,0,0,1164,46748,843,22945,1164,69693,California
Kern,2021-02-14,351,93113,12,41346,339,51767,0,0,269,46936,81,23026,269,69962,California
Kern,2021-02-15,2744,95857,896,42242,1848,53615,0,0,1211,46623,1524,24550,1211,71173,California
Kern,2021-02-16,2937,98794,712,42954,2225,55840,0,0,1648,46992,1280,25830,1649,72822,California
Kern,2021-02-17,4069,102863,2078,45032,1991,57831,0,0,1927,46784,2136,27966,1928,74750,California
Kern,2021-02-18,3762,106625,1486,46518,2276,60107,0,0,1627,46286,2125,30091,1627,76377,California
Kern,2021-02-19,4198,110823,1914,48432,2284,62391,0,0,1740,45575,2451,32542,1740,78117,California
Kern,2021-02-20,2581,113404,967,49399,1614,64005,0,0,1351,45699,1227,33769,1351,79468,California
Kern,2021-02-21,259,113663,153,49552,106,64111,0,0,90,45622,167,33936,90,79558,California
Kern,2021-02-22,2667,116330,1151,50703,1516,65627,0,0,1429,45818,1233,35169,1429,80987,California
Kern,2021-02-23,3556,119886,1128,51831,2428,68055,0,0,1981,46227,1573,36742,1982,82969,California
Kern,2021-02-24,5196,125082,2289,54120,2907,70962,0,0,3103,47241,2089,38831,3103,86072,California
Kern,2021-02-25,5369,130451,2454,56574,2915,73877,0,0,3188,48267,2162,40993,3188,89260,California
Kern,2021-02-26,6901,137352,3528,60102,3373,77250,0,0,4354,50082,2540,43533,4355,93615,California
Kern,2021-02-27,3954,141306,1986,62088,1968,79218,0,0,2614,51364,1332,44865,2614,96229,California
Kern,2021-02-28,915,142221,503,62591,411,79629,1,1,695,51842,218,45083,696,96925,California
Kern,2021-03-01,3998,146219,1816,64407,2179,81808,3,4,2683,53222,1306,46389,2686,99611,California
Kern,2021-03-02,4461,150680,1412,65819,3048,84856,1,5,2941,54654,1509,47898,2941,102552,California
Kern,2021-03-03,5926,156606,2810,68629,3116,87972,0,5,3832,56407,2080,49978,3833,106385,California
Kern,2021-03-04,5591,162197,2194,70823,3394,91366,3,8,3597,58026,1980,51958,3599,109984,California
Kern,2021-03-05,6659,168856,2854,73677,3786,95152,19,27,4227,59848,2424,54382,4246,114230,California
Kern,2021-03-06,4729,173585,1926,75603,2703,97855,100,127,3461,62147,1261,55643,3560,117790,California
Kern,2021-03-07,2054,175639,1591,77194,413,98268,50,177,1861,63866,192,55835,1911,119701,California
Kern,2021-03-08,2883,178522,922,78116,1748,100016,213,390,1521,64239,1359,57194,1732,121433,California
Kern,2021-03-09,3700,182222,806,78922,2511,102527,383,773,2300,65527,1392,58586,2680,124113,California
Kern,2021-03-10,6128,188350,2562,81484,2495,105022,1071,1844,3592,67667,2521,61107,4661,128774,California
Kern,2021-03-11,6335,194685,2444,83928,2865,107887,1026,2870,3776,69919,2548,63655,4800,133574,California
Kern,2021-03-12,7822,202507,3067,86995,3404,111291,1351,4221,4312,72075,3497,67152,5653,139227,California
Kern,2021-03-13,4658,207165,2526,89521,1797,113088,335,4556,3240,74232,1412,68564,3569,142796,California
Kern,2021-03-14,2297,209462,1522,91043,534,113622,241,4797,1776,75725,521,69085,2014,144810,California
Kern,2021-03-15,4262,213724,1098,92141,2451,116073,713,5510,2194,76569,2056,71141,2900,147710,California
Kern,2021-03-16,4341,218065,1013,93154,2797,118870,531,6041,2334,77434,1997,73138,2862,150572,California
Kern,2021-03-17,7469,225534,4044,97198,2875,121745,550,6591,4509,79543,2949,76087,5058,155630,California
Kern,2021-03-18,7272,232806,3678,100876,3009,124754,585,7176,4402,81675,2851,78938,4983,160613,California
Kern,2021-03-19,8976,241782,4978,105854,3343,128097,655,7831,4712,82787,4249,83187,5361,165974,California
Kern,2021-03-20,6173,247955,3820,109674,2179,130276,174,8005,3909,84617,2254,85441,4084,170058,California
Kern,2021-03-21,3045,251000,1929,111603,236,130512,880,8885,1846,86149,1193,86634,2725,172783,California
Kern,2021-03-22,3986,254986,1565,113168,2064,132576,357,9242,1938,86409,2035,88669,2295,175078,California
Kern,2021-03-23,4734,259720,1675,114843,2860,135436,199,9441,2487,86875,2218,90887,2684,177762,California
Kern,2021-03-24,7176,266896,3673,118516,3026,138462,477,9918,3655,87500,3505,94392,4130,181892,California
Kern,2021-03-25,6753,273649,2994,121510,3428,141890,331,10249,3277,87646,3459,97851,3605,185497,California
Kern,2021-03-26,9868,283517,4415,125925,4197,146087,1256,11505,4741,88532,5109,102960,5995,191492,California
Kern,2021-03-27,5697,289214,3996,129921,1573,147660,128,11633,3445,89854,2250,105210,3572,195064,California
Kern,2021-03-28,4682,293896,4191,134112,477,148137,14,11647,2954,91095,1727,106937,2968,198032,California
Kern,2021-03-29,4249,298145,1678,135790,2294,150431,277,11924,2610,92352,1627,108564,2884,200916,California
Kern,2021-03-30,5596,303741,1870,137660,3342,153773,384,12308,3079,93301,2513,111077,3462,204378,California
Kern,2021-03-31,8397,312138,4540,142200,3209,156982,648,12956,4344,94254,4037,115114,4990,209368,California
Kern,2021-04-01,7879,320017,3874,146074,3707,160689,298,13254,4220,95130,3638,118752,4514,213882,California
Kern,2021-04-02,8428,328445,4452,150526,3369,164058,607,13861,4210,95738,4203,122955,4811,218693,California
Kern,2021-04-03,5985,334430,3671,154197,2131,166189,183,14044,2661,95263,3316,126271,2841,221534,California
Kern,2021-04-04,1338,335768,875,155072,379,166568,84,14128,476,94964,859,127130,560,222094,California
Kern,2021-04-05,5345,341113,2203,157275,2374,168942,768,14896,2888,96152,2446,129576,3634,225728,California
Kern,2021-04-06,7085,348198,2466,159741,3255,172197,1364,16260,3565,97584,3496,133072,4928,230656,California
Kern,2021-04-07,9331,357529,5440,165181,2932,175129,959,17219,4552,98333,4761,137833,5510,236166,California
Kern,2021-04-08,8598,366127,4760,169941,2934,178063,904,18123,3686,98025,4890,142723,4582,240748,California
Kern,2021-04-09,10141,376268,5095,175036,4063,182126,983,19106,4297,97482,5820,148543,5277,246025,California
Kern,2021-04-10,6524,382792,3425,178461,1860,183986,1239,20345,2114,96428,4400,152943,3346,249371,California
Kern,2021-04-11,3830,386622,2892,181353,356,184342,582,20927,1249,95686,2569,155512,1827,251198,California
Kern,2021-04-12,4380,391002,984,182337,2425,186767,971,21898,1569,95431,2794,158306,2539,253737,California
Kern,2021-04-13,4278,395280,1409,183746,2844,189611,25,21923,2112,95412,2157,160463,2138,255875,California
Kern,2021-04-14,6035,401315,2961,186707,3052,192663,22,21945,2985,95383,3035,163498,3006,258881,California
Kern,2021-04-15,5266,406581,2467,189174,2797,195460,2,21947,2502,95140,2747,166245,2504,261385,California
Kern,2021-04-16,7242,413823,3435,192609,3806,199266,1,21948,2953,93830,4265,170510,2955,264340,California
Kern,2021-04-17,5887,419710,3853,196462,2034,201300,0,21948,2091,92140,3782,174292,2092,266432,California
Kern,2021-04-18,3726,423436,3489,199951,237,201537,0,21948,904,90230,2814,177106,904,267336,California
Kern,2021-04-19,3811,427247,1724,201675,2085,203622,2,21950,1410,89259,2381,179487,1410,268746,California
Kern,2021-04-20,4327,431574,1555,203230,2771,206393,1,21951,1626,88199,2688,182175,1628,270374,California
Kern,2021-04-21,5855,437429,3125,206355,2725,209118,5,21956,2129,86627,3705,185880,2133,272507,California
Kern,2021-04-22,4777,442206,2307,208662,2470,211588,0,21956,1687,85246,3069,188949,1688,274195,California
Kern,2021-04-23,6046,448252,2935,211597,3110,214698,1,21957,1888,83012,4124,193073,1890,276085,California
Kern,2021-04-24,3936,452188,2732,214329,1194,215892,10,21967,1384,81871,2535,195608,1394,277479,California
Kern,2021-04-25,1339,453527,1061,215390,278,216170,0,21967,764,82066,569,196177,764,278243,California
Kern,2021-04-26,3784,457311,1819,217209,1913,218083,52,22019,1035,80417,2738,198915,1089,279332,California
Kern,2021-04-27,4635,461946,2275,219484,2259,220342,101,22120,1405,78702,3218,202133,1503,280835,California
Kern,2021-04-28,6246,468192,3675,223159,2448,222790,123,22243,1774,76139,4457,206590,1894,282729,California
Kern,2021-04-29,5507,473699,3062,226221,2345,225135,100,22343,1621,73995,3866,210456,1722,284451,California
Kern,2021-04-30,5593,479292,3128,229349,2306,227441,159,22502,1618,71809,3962,214418,1776,286227,California
Kern,2021-05-01,2580,481872,1804,231153,717,228158,59,22561,955,71207,1615,216033,1013,287240,California
Kern,2021-05-02,1885,483757,1601,232754,263,228421,21,22582,692,70732,1188,217221,713,287953,California
Kern,2021-05-03,2482,486239,987,233741,1363,229784,132,22714,760,69917,1708,218929,893,288846,California
Kern,2021-05-04,3607,489846,1283,235024,2215,231999,109,22823,1255,68942,2337,221266,1362,290208,California
Kern,2021-05-05,4135,493981,2130,237154,1855,233854,150,22973,1367,67703,2755,224021,1516,291724,California
Kern,2021-05-06,3521,497502,1565,238719,1813,235667,143,23116,1078,66497,2424,226445,1218,292942,California
Kern,2021-05-07,4554,502056,2284,241003,2095,237762,175,23291,1272,64686,3256,229701,1445,294387,California
Kern,2021-05-08,2876,504932,1821,242824,941,238703,114,23405,899,63734,1964,231665,1012,295399,California
Kern,2021-05-09,1297,506229,1122,243946,145,238848,30,23435,448,63370,842,232507,478,295877,California
Kern,2021-05-10,2204,508433,841,244787,1264,240112,99,23534,641,62562,1546,234053,738,296615,California
Kern,2021-05-11,2599,511032,909,245696,1567,241679,123,23657,942,61980,1648,235701,1066,297681,California
Kern,2021-05-12,3484,514516,1394,247090,1941,243620,149,23806,1099,60855,2373,238074,1248,298929,California
Kern,2021-05-13,3261,517777,1690,248780,1429,245049,142,23948,1513,60770,1736,239810,1651,300580,California
Kern,2021-05-14,4250,522027,2519,251299,1514,246563,217,24165,1963,60680,2269,242079,2179,302759,California
Kern,2021-05-15,2903,524930,1897,253196,920,247483,86,24251,1545,60966,1345,243424,1631,304390,California
Kern,2021-05-16,1539,526469,1319,254515,182,247665,38,24289,885,61240,649,244073,923,305313,California
Kern,2021-05-17,2285,528754,988,255503,1153,248818,144,24433,1177,61463,1097,245170,1320,306633,California
Kern,2021-05-18,3118,531872,1417,256920,1573,250391,128,24561,1603,61693,1500,246670,1730,308363,California
Kern,2021-05-19,3724,535596,2340,259260,1272,251663,112,24673,1800,61691,1913,248583,1911,310274,California
Kern,2021-05-20,2859,538455,1553,260813,1178,252841,128,24801,1322,61621,1518,250101,1448,311722,California
Kern,2021-05-21,3267,541722,2018,262831,1133,253974,116,24917,1638,61772,1603,251704,1754,313476,California
Kern,2021-05-22,2552,544274,2001,264832,516,254490,35,24952,1207,61677,1336,253040,1241,314717,California
Kern,2021-05-23,949,545223,848,265680,90,254580,11,24963,469,61682,474,253514,479,315196,California
Kings,2020-12-16,1,1,1,1,0,0,0,0,1,1,0,0,1,1,California
Kings,2020-12-17,8,9,8,9,0,0,0,0,8,9,0,0,8,9,California
Kings,2020-12-18,12,21,12,21,0,0,0,0,12,21,0,0,12,21,California
Kings,2020-12-19,11,32,11,32,0,0,0,0,11,32,0,0,11,32,California
Kings,2020-12-20,13,45,13,45,0,0,0,0,13,45,0,0,13,45,California
Kings,2020-12-21,156,201,156,201,0,0,0,0,269,314,0,0,269,314,California
Kings,2020-12-22,143,344,143,344,0,0,0,0,140,454,0,0,140,454,California
Kings,2020-12-23,136,480,123,467,13,13,0,0,137,591,0,0,137,591,California
Kings,2020-12-24,11,491,9,476,2,15,0,0,11,602,0,0,11,602,California
Kings,2020-12-26,7,498,4,480,3,18,0,0,7,609,0,0,7,609,California
Kings,2020-12-27,4,502,4,484,0,18,0,0,4,613,0,0,4,613,California
Kings,2020-12-28,131,633,103,587,28,46,0,0,132,745,0,0,132,745,California
Kings,2020-12-29,77,710,50,637,27,73,0,0,78,823,0,0,78,823,California
Kings,2020-12-30,149,859,109,746,40,113,0,0,149,972,0,0,149,972,California
Kings,2020-12-31,45,904,6,752,39,152,0,0,45,1017,0,0,45,1017,California
Kings,2021-01-01,1,905,0,752,1,153,0,0,1,1018,0,0,1,1018,California
Kings,2021-01-02,10,915,9,761,1,154,0,0,10,1028,0,0,10,1028,California
Kings,2021-01-04,111,1026,41,802,70,224,0,0,111,1139,0,0,111,1139,California
Kings,2021-01-05,195,1221,39,841,156,380,0,0,195,1334,0,0,195,1334,California
Kings,2021-01-06,277,1498,178,1019,99,479,0,0,274,1605,3,3,274,1608,California
Kings,2021-01-07,179,1677,81,1100,98,577,0,0,171,1768,8,11,171,1779,California
Kings,2021-01-08,248,1925,54,1154,194,771,0,0,229,1978,19,30,229,2008,California
Kings,2021-01-09,63,1988,9,1163,54,825,0,0,55,2025,8,38,55,2063,California
Kings,2021-01-10,15,2003,3,1166,12,837,0,0,12,2034,3,41,12,2075,California
Kings,2021-01-11,518,2521,354,1520,164,1001,0,0,276,2069,242,283,277,2352,California
Kings,2021-01-12,349,2870,252,1772,97,1098,0,0,215,2153,131,414,215,2567,California
Kings,2021-01-13,422,3292,275,2047,147,1245,0,0,330,2391,92,506,330,2897,California
Kings,2021-01-14,208,3500,30,2077,178,1423,0,0,198,2569,21,527,199,3096,California
Kings,2021-01-15,418,3918,30,2107,388,1811,0,0,406,2963,12,539,406,3502,California
Kings,2021-01-16,28,3946,9,2116,19,1830,0,0,27,2989,1,540,27,3529,California
Kings,2021-01-17,9,3955,6,2122,3,1833,0,0,7,2994,2,542,7,3536,California
Kings,2021-01-18,172,4127,40,2162,132,1965,0,0,146,3114,26,568,146,3682,California
Kings,2021-01-19,379,4506,160,2322,219,2184,0,0,251,3237,128,696,251,3933,California
Kings,2021-01-20,237,4743,146,2468,91,2275,0,0,127,3259,105,801,127,4060,California
Kings,2021-01-21,212,4955,57,2525,155,2430,0,0,197,3439,17,818,197,4257,California
Kings,2021-01-22,102,5057,16,2541,86,2516,0,0,102,3536,5,823,102,4359,California
Kings,2021-01-23,26,5083,14,2555,12,2528,0,0,20,3550,6,829,20,4379,California
Kings,2021-01-24,4,5087,4,2559,0,2528,0,0,2,3550,2,831,2,4381,California
Kings,2021-01-25,126,5213,27,2586,99,2627,0,0,91,3606,35,866,91,4472,California
Kings,2021-01-26,153,5366,34,2620,119,2746,0,0,114,3681,39,905,114,4586,California
Kings,2021-01-27,319,5685,34,2654,285,3031,0,0,248,3859,70,975,248,4834,California
Kings,2021-01-28,327,6012,46,2700,281,3312,0,0,272,4076,55,1030,272,5106,California
Kings,2021-01-29,86,6098,26,2726,60,3372,0,0,69,4128,17,1047,69,5175,California
Kings,2021-01-30,1557,7655,31,2757,1526,4898,0,0,1554,5681,3,1050,1556,6731,California
Kings,2021-02-01,199,7854,64,2821,135,5033,0,0,72,5628,125,1175,72,6803,California
Kings,2021-02-02,232,8086,14,2835,218,5251,0,0,82,5561,149,1324,82,6885,California
Kings,2021-02-03,357,8443,191,3026,166,5417,0,0,201,5607,155,1479,201,7086,California
Kings,2021-02-04,397,8840,99,3125,298,5715,0,0,199,5609,197,1676,199,7285,California
Kings,2021-02-05,260,9100,15,3140,245,5960,0,0,101,5553,157,1833,101,7386,California
Kings,2021-02-06,61,9161,10,3150,51,6011,0,0,28,5548,33,1866,28,7414,California
Kings,2021-02-07,5,9166,3,3153,2,6013,0,0,3,5549,2,1868,3,7417,California
Kings,2021-02-08,172,9338,29,3182,143,6156,0,0,68,5513,104,1972,68,7485,California
Kings,2021-02-09,254,9592,57,3239,197,6353,0,0,110,5481,142,2114,110,7595,California
Kings,2021-02-10,286,9878,113,3352,173,6526,0,0,169,5533,117,2231,169,7764,California
Kings,2021-02-11,432,10310,65,3417,367,6893,0,0,316,5734,115,2346,316,8080,California
Kings,2021-02-12,622,10932,36,3453,586,7479,0,0,346,5805,275,2621,346,8426,California
Kings,2021-02-13,104,11036,6,3459,98,7577,0,0,78,5857,26,2647,78,8504,California
Kings,2021-02-14,102,11138,4,3463,98,7675,0,0,94,5943,8,2655,94,8598,California
Kings,2021-02-15,246,11384,5,3468,241,7916,0,0,137,5972,108,2763,137,8735,California
Kings,2021-02-16,486,11870,33,3501,453,8369,0,0,251,5989,234,2997,251,8986,California
Kings,2021-02-17,380,12250,23,3524,357,8726,0,0,243,6096,137,3134,244,9230,California
Kings,2021-02-18,155,12405,23,3547,132,8858,0,0,98,6137,57,3191,98,9328,California
Kings,2021-02-19,159,12564,24,3571,135,8993,0,0,103,6187,53,3244,103,9431,California
Kings,2021-02-20,171,12735,40,3611,131,9124,0,0,134,6284,37,3281,134,9565,California
Kings,2021-02-21,3,12738,2,3613,1,9125,0,0,3,6287,0,3281,3,9568,California
Kings,2021-02-22,110,12848,19,3632,91,9216,0,0,51,6279,59,3340,51,9619,California
Kings,2021-02-23,297,13145,70,3702,227,9443,0,0,180,6342,117,3457,180,9799,California
Kings,2021-02-24,597,13742,154,3856,443,9886,0,0,385,6515,212,3669,385,10184,California
Kings,2021-02-25,685,14427,131,3987,554,10440,0,0,466,6764,217,3886,466,10650,California
Kings,2021-02-26,667,15094,137,4124,530,10970,0,0,605,7307,62,3948,605,11255,California
Kings,2021-02-27,1516,16610,65,4189,1451,12421,0,0,580,6952,935,4883,580,11835,California
Kings,2021-02-28,1171,17781,597,4786,574,12995,0,0,674,7132,494,5377,674,12509,California
Kings,2021-03-01,261,18042,79,4865,182,13177,0,0,215,7301,46,5423,215,12724,California
Kings,2021-03-02,508,18550,242,5107,266,13443,0,0,458,7710,50,5473,459,13183,California
Kings,2021-03-03,640,19190,314,5421,326,13769,0,0,449,7970,189,5662,449,13632,California
Kings,2021-03-04,726,19916,352,5773,374,14143,0,0,630,8505,96,5758,631,14263,California
Kings,2021-03-05,1080,20996,368,6141,703,14846,9,9,963,9361,117,5875,973,15236,California
Kings,2021-03-06,514,21510,187,6328,314,15160,13,22,484,9828,30,5905,497,15733,California
Kings,2021-03-07,366,21876,224,6552,138,15298,4,26,358,10182,8,5913,362,16095,California
Kings,2021-03-08,371,22247,96,6648,222,15520,53,79,263,10389,108,6021,315,16410,California
Kings,2021-03-09,551,22798,252,6900,244,15764,55,134,443,10781,107,6128,499,16909,California
Kings,2021-03-10,572,23370,128,7028,353,16117,91,225,387,11074,184,6312,477,17386,California
Kings,2021-03-11,1033,24403,307,7335,616,16733,110,335,627,11407,404,6716,737,18123,California
Kings,2021-03-12,1374,25777,445,7780,835,17568,94,429,972,12075,400,7116,1068,19191,California
Kings,2021-03-13,681,26458,333,8113,304,17872,44,473,556,12551,125,7241,601,19792,California
Kings,2021-03-14,671,27129,101,8214,184,18056,386,859,200,12666,471,7712,586,20378,California
Kings,2021-03-15,703,27832,266,8480,322,18378,115,974,466,13013,236,7948,583,20961,California
Kings,2021-03-16,1057,28889,445,8925,550,18928,62,1036,719,13456,338,8286,781,21742,California
Kings,2021-03-17,1097,29986,417,9342,619,19547,61,1097,778,13983,319,8605,846,22588,California
Kings,2021-03-18,1123,31109,474,9816,426,19973,223,1320,773,14633,349,8954,999,23587,California
Kings,2021-03-19,963,32072,469,10285,409,20382,85,1405,737,15243,225,9179,835,24422,California
Kings,2021-03-20,640,32712,255,10540,354,20736,31,1436,465,15573,173,9352,503,24925,California
Kings,2021-03-21,1417,34129,1087,11627,319,21055,11,1447,863,15893,554,9906,874,25799,California
Kings,2021-03-22,447,34576,199,11826,164,21219,84,1531,273,16080,174,10080,361,26160,California
Kings,2021-03-23,916,35492,508,12334,345,21564,63,1594,556,16344,358,10438,622,26782,California
Kings,2021-03-24,957,36449,487,12821,447,22011,23,1617,506,16425,450,10888,531,27313,California
Kings,2021-03-25,917,37366,465,13286,426,22437,26,1643,446,16428,469,11357,472,27785,California
Kings,2021-03-26,1293,38659,379,13665,829,23266,85,1728,515,16254,773,12130,599,28384,California
Kings,2021-03-27,641,39300,258,13923,371,23637,12,1740,158,15943,481,12611,170,28554,California
Kings,2021-03-28,569,39869,498,14421,64,23701,7,1747,362,16113,207,12818,377,28931,California
Kings,2021-03-29,467,40336,210,14631,196,23897,61,1808,259,16226,206,13024,319,29250,California
Kings,2021-03-30,858,41194,473,15104,347,24244,38,1846,425,16257,432,13456,463,29713,California
Kings,2021-03-31,766,41960,378,15482,315,24559,73,1919,422,16416,336,13792,495,30208,California
Kings,2021-04-01,771,42731,387,15869,295,24854,89,2008,349,16438,416,14208,438,30646,California
Kings,2021-04-02,1004,43735,447,16316,433,25287,124,2132,389,16340,610,14818,512,31158,California
Kings,2021-04-03,489,44224,345,16661,135,25422,9,2141,166,16199,317,15135,176,31334,California
Kings,2021-04-04,156,44380,82,16743,68,25490,6,2147,42,16134,113,15248,48,31382,California
Kings,2021-04-05,1050,45430,325,17068,473,25963,252,2399,232,15800,817,16065,483,31865,California
Kings,2021-04-06,1200,46630,450,17518,439,26402,311,2710,281,15475,916,16981,591,32456,California
Kings,2021-04-07,1350,47980,643,18161,522,26924,185,2895,356,15027,991,17972,543,32999,California
Kings,2021-04-08,1591,49571,627,18788,714,27638,250,3145,354,14401,1230,19202,604,33603,California
Kings,2021-04-09,1146,50717,539,19327,430,28068,177,3322,231,13892,913,20115,404,34007,California
Kings,2021-04-10,588,51305,327,19654,159,28227,102,3424,167,13742,419,20534,269,34276,California
Kings,2021-04-11,351,51656,74,19728,271,28498,6,3430,195,13788,155,20689,201,34477,California
Kings,2021-04-12,698,52354,311,20039,187,28685,200,3630,193,13677,504,21193,393,34870,California
Kings,2021-04-13,903,53257,515,20554,388,29073,0,3630,287,13354,615,21808,292,35162,California
Kings,2021-04-14,1039,54296,575,21129,464,29537,0,3630,376,13068,663,22471,377,35539,California
Kings,2021-04-15,1048,55344,520,21649,527,30064,1,3631,450,12922,597,23068,451,35990,California
Kings,2021-04-16,768,56112,360,22009,408,30472,0,3631,257,12669,510,23578,257,36247,California
Kings,2021-04-17,458,56570,244,22253,214,30686,0,3631,186,12584,271,23849,186,36433,California
Kings,2021-04-18,562,57132,239,22492,323,31009,0,3631,43,12108,519,24368,43,36476,California
Kings,2021-04-19,531,57663,294,22786,237,31246,0,3631,285,12149,244,24612,285,36761,California
Kings,2021-04-20,737,58400,446,23232,291,31537,0,3631,235,11883,501,25113,235,36996,California
Kings,2021-04-21,641,59041,308,23540,333,31870,0,3631,221,11691,413,25526,221,37217,California
Kings,2021-04-22,553,59594,276,23816,277,32147,0,3631,202,11546,348,25874,203,37420,California
Kings,2021-04-23,663,60257,289,24105,374,32521,0,3631,327,11539,334,26208,327,37747,California
Kings,2021-04-24,246,60503,178,24283,67,32588,1,3632,118,11531,127,26335,119,37866,California
Kings,2021-04-25,199,60702,180,24463,19,32607,0,3632,163,11658,36,26371,163,38029,California
Kings,2021-04-26,299,61001,157,24620,139,32746,3,3635,188,11739,110,26481,191,38220,California
Kings,2021-04-27,405,61406,178,24798,208,32954,19,3654,168,11690,236,26717,187,38407,California
Kings,2021-04-28,510,61916,253,25051,237,33191,20,3674,263,11726,247,26964,283,38690,California
Kings,2021-04-29,287,62203,112,25163,164,33355,11,3685,135,11722,150,27114,146,38836,California
Kings,2021-04-30,366,62569,164,25327,185,33540,17,3702,153,11683,209,27323,170,39006,California
Kings,2021-05-01,230,62799,167,25494,53,33593,10,3712,74,11613,154,27477,84,39090,California
Kings,2021-05-02,168,62967,146,25640,22,33615,0,3712,126,11697,42,27519,126,39216,California
Kings,2021-05-03,470,63437,255,25895,202,33817,13,3725,122,11485,347,27866,135,39351,California
Kings,2021-05-04,518,63955,260,26155,238,34055,20,3745,160,11307,358,28224,180,39531,California
Kings,2021-05-05,550,64505,285,26440,245,34300,20,3765,137,11051,413,28637,157,39688,California
Kings,2021-05-06,538,65043,267,26707,248,34548,23,3788,122,10782,414,29051,145,39833,California
Kings,2021-05-07,365,65408,209,26916,142,34690,14,3802,147,10727,216,29267,161,39994,California
Kings,2021-05-08,229,65637,166,27082,52,34742,11,3813,74,10657,155,29422,85,40079,California
Kings,2021-05-09,192,65829,64,27146,128,34870,0,3813,40,10545,152,29574,40,40119,California
Kings,2021-05-10,339,66168,263,27409,66,34936,10,3823,115,10446,223,29797,124,40243,California
Kings,2021-05-11,373,66541,230,27639,115,35051,28,3851,117,10336,256,30053,146,40389,California
Kings,2021-05-12,372,66913,140,27779,219,35270,13,3864,160,10299,210,30263,173,40562,California
Kings,2021-05-13,385,67298,135,27914,232,35502,18,3882,149,10230,236,30499,167,40729,California
Kings,2021-05-14,463,67761,316,28230,116,35618,31,3913,241,10281,221,30720,272,41001,California
Kings,2021-05-15,348,68109,249,28479,82,35700,17,3930,194,10338,154,30874,211,41212,California
Kings,2021-05-16,250,68359,222,28701,27,35727,1,3931,80,10249,170,31044,81,41293,California
Kings,2021-05-17,403,68762,321,29022,65,35792,17,3948,217,10299,184,31228,234,41527,California
Kings,2021-05-18,387,69149,272,29294,102,35894,13,3961,224,10374,163,31391,238,41765,California
Kings,2021-05-19,571,69720,282,29576,267,36161,22,3983,231,10289,338,31729,253,42018,California
Kings,2021-05-20,390,70110,193,29769,170,36331,27,4010,239,10405,151,31880,267,42285,California
Kings,2021-05-21,447,70557,217,29986,220,36551,10,4020,225,10422,218,32098,235,42520,California
Kings,2021-05-22,251,70808,202,30188,38,36589,11,4031,190,10563,60,32158,201,42721,California
Kings,2021-05-23,158,70966,156,30344,2,36591,0,4031,70,10545,88,32246,70,42791,California
Lake,2020-12-17,4,4,4,4,0,0,0,0,4,4,0,0,4,4,California
Lake,2020-12-18,51,55,51,55,0,0,0,0,51,55,0,0,51,55,California
Lake,2020-12-19,3,58,3,58,0,0,0,0,3,58,0,0,3,58,California
Lake,2020-12-20,6,64,6,64,0,0,0,0,6,64,0,0,6,64,California
Lake,2020-12-21,86,150,86,150,0,0,0,0,86,150,0,0,86,150,California
Lake,2020-12-22,63,213,60,210,3,3,0,0,63,213,0,0,63,213,California
Lake,2020-12-23,123,336,114,324,9,12,0,0,123,336,0,0,123,336,California
Lake,2020-12-24,2,338,0,324,2,14,0,0,2,338,0,0,2,338,California
Lake,2020-12-26,2,340,2,326,0,14,0,0,2,340,0,0,2,340,California
Lake,2020-12-27,2,342,2,328,0,14,0,0,2,342,0,0,2,342,California
Lake,2020-12-28,52,394,43,371,9,23,0,0,52,394,0,0,52,394,California
Lake,2020-12-29,50,444,45,416,5,28,0,0,50,444,0,0,50,444,California
Lake,2020-12-30,126,570,119,535,7,35,0,0,126,570,0,0,126,570,California
Lake,2020-12-31,67,637,64,599,3,38,0,0,67,637,0,0,67,637,California
Lake,2021-01-01,1,638,0,599,1,39,0,0,1,638,0,0,1,638,California
Lake,2021-01-02,2,640,1,600,1,40,0,0,2,640,0,0,2,640,California
Lake,2021-01-04,88,728,21,621,67,107,0,0,88,728,0,0,88,728,California
Lake,2021-01-05,120,848,59,680,61,168,0,0,118,844,2,2,118,846,California
Lake,2021-01-06,105,953,65,745,40,208,0,0,103,945,2,4,103,949,California
Lake,2021-01-07,108,1061,85,830,23,231,0,0,99,1035,9,13,99,1048,California
Lake,2021-01-08,152,1213,124,954,28,259,0,0,100,1083,52,65,100,1148,California
Lake,2021-01-09,63,1276,61,1015,2,261,0,0,59,1138,4,69,59,1207,California
Lake,2021-01-10,3,1279,3,1018,0,261,0,0,0,1135,3,72,0,1207,California
Lake,2021-01-11,192,1471,151,1169,41,302,0,0,112,1167,80,152,112,1319,California
Lake,2021-01-12,81,1552,48,1217,33,335,0,0,57,1200,24,176,57,1376,California
Lake,2021-01-13,165,1717,112,1329,53,388,0,0,108,1251,57,233,108,1484,California
Lake,2021-01-14,147,1864,46,1375,101,489,0,0,125,1354,22,255,125,1609,California
Lake,2021-01-15,218,2082,92,1467,126,615,0,0,191,1518,27,282,191,1800,California
Lake,2021-01-16,134,2216,81,1548,53,668,0,0,132,1648,2,284,132,1932,California
Lake,2021-01-17,18,2234,6,1554,12,680,0,0,12,1654,6,290,12,1944,California
Lake,2021-01-18,246,2480,227,1781,19,699,0,0,125,1658,121,411,125,2069,California
Lake,2021-01-19,312,2792,118,1899,194,893,0,0,267,1881,45,456,268,2337,California
Lake,2021-01-20,422,3214,80,1979,342,1235,0,0,358,2176,63,519,358,2695,California
Lake,2021-01-21,434,3648,49,2028,385,1620,0,0,399,2540,35,554,399,3094,California
Lake,2021-01-22,318,3966,46,2074,272,1892,0,0,282,2786,36,590,282,3376,California
Lake,2021-01-23,122,4088,5,2079,117,2009,0,0,121,2906,1,591,121,3497,California
Lake,2021-01-24,5,4093,2,2081,3,2012,0,0,5,2911,0,591,5,3502,California
Lake,2021-01-25,258,4351,95,2176,163,2175,0,0,177,3007,81,672,177,3679,California
Lake,2021-01-26,429,4780,36,2212,393,2568,0,0,406,3390,23,695,406,4085,California
Lake,2021-01-27,359,5139,41,2253,318,2886,0,0,331,3694,28,723,332,4417,California
Lake,2021-01-28,498,5637,161,2414,337,3223,0,0,368,3932,130,853,368,4785,California
Lake,2021-01-29,639,6276,86,2500,553,3776,0,0,579,4451,60,913,579,5364,California
Lake,2021-01-30,553,6829,44,2544,509,4285,0,0,547,4992,6,919,547,5911,California
Lake,2021-01-31,14,6843,8,2552,6,4291,0,0,12,5002,2,921,12,5923,California
Lake,2021-02-01,180,7023,18,2570,162,4453,0,0,166,5154,14,935,166,6089,California
Lake,2021-02-02,564,7587,152,2722,412,4865,0,0,398,5386,166,1101,398,6487,California
Lake,2021-02-03,445,8032,33,2755,412,5277,0,0,340,5621,105,1206,340,6827,California
Lake,2021-02-04,119,8151,68,2823,51,5328,0,0,72,5646,47,1253,72,6899,California
Lake,2021-02-05,379,8530,70,2893,309,5637,0,0,288,5845,89,1342,288,7187,California
Lake,2021-02-06,275,8805,40,2933,235,5872,0,0,264,6098,11,1353,264,7451,California
Lake,2021-02-07,2,8807,1,2934,1,5873,0,0,2,6100,0,1353,2,7453,California
Lake,2021-02-08,279,9086,207,3141,72,5945,0,0,159,6139,120,1473,159,7612,California
Lake,2021-02-09,345,9431,24,3165,321,6266,0,0,301,6397,43,1516,301,7913,California
Lake,2021-02-10,352,9783,54,3219,298,6564,0,0,274,6593,78,1594,274,8187,California
Lake,2021-02-11,175,9958,18,3237,157,6721,0,0,57,6532,118,1712,57,8244,California
Lake,2021-02-12,374,10332,29,3266,345,7066,0,0,286,6731,87,1799,286,8530,California
Lake,2021-02-13,247,10579,7,3273,240,7306,0,0,236,6956,11,1810,236,8766,California
Lake,2021-02-14,20,10599,5,3278,15,7321,0,0,6,6948,14,1824,6,8772,California
Lake,2021-02-15,171,10770,13,3291,158,7479,0,0,8,6794,162,1986,8,8780,California
Lake,2021-02-16,424,11194,23,3314,401,7880,0,0,176,6722,248,2234,176,8956,California
Lake,2021-02-17,351,11545,54,3368,297,8177,0,0,70,6512,280,2514,70,9026,California
Lake,2021-02-18,459,12004,70,3438,389,8566,0,0,115,6283,344,2858,115,9141,California
Lake,2021-02-19,420,12424,27,3465,393,8959,0,0,94,6051,326,3184,94,9235,California
Lake,2021-02-20,295,12719,61,3526,234,9193,0,0,252,6261,42,3226,252,9487,California
Lake,2021-02-21,6,12725,6,3532,0,9193,0,0,0,6255,6,3232,0,9487,California
Lake,2021-02-22,141,12866,24,3556,117,9310,0,0,43,6200,98,3330,43,9530,California
Lake,2021-02-23,214,13080,14,3570,200,9510,0,0,28,6042,186,3516,28,9558,California
Lake,2021-02-24,956,14036,377,3947,579,10089,0,0,416,5919,539,4055,416,9974,California
Lake,2021-02-25,731,14767,466,4413,265,10354,0,0,471,6133,257,4312,471,10445,California
Lake,2021-02-26,995,15762,304,4717,691,11045,0,0,350,5841,642,4954,350,10795,California
Lake,2021-02-27,410,16172,98,4815,312,11357,0,0,328,6087,82,5036,328,11123,California
Lake,2021-02-28,17,16189,11,4826,6,11363,0,0,10,6090,7,5043,10,11133,California
Lake,2021-03-01,596,16785,53,4879,543,11906,0,0,443,6380,153,5196,443,11576,California
Lake,2021-03-02,744,17529,17,4896,727,12633,0,0,289,6214,455,5651,289,11865,California
Lake,2021-03-03,369,17898,196,5092,173,12806,0,0,146,6137,223,5874,146,12011,California
Lake,2021-03-04,579,18477,507,5599,72,12878,0,0,562,6682,17,5891,562,12573,California
Lake,2021-03-05,1048,19525,52,5651,996,13874,0,0,186,6010,858,6749,186,12759,California
Lake,2021-03-06,34,19559,9,5660,24,13898,1,1,21,6019,13,6762,22,12781,California
Lake,2021-03-07,7,19566,5,5665,2,13900,0,1,4,6020,3,6765,4,12785,California
Lake,2021-03-08,339,19905,267,5932,63,13963,9,10,299,6288,40,6805,308,13093,California
Lake,2021-03-09,929,20834,42,5974,870,14833,17,27,406,6189,522,7327,423,13516,California
Lake,2021-03-10,204,21038,60,6034,131,14964,13,40,135,6269,69,7396,149,13665,California
Lake,2021-03-11,585,21623,48,6082,62,15026,475,515,48,6255,537,7933,523,14188,California
Lake,2021-03-12,851,22474,203,6285,623,15649,25,540,362,6154,488,8421,387,14575,California
Lake,2021-03-13,278,22752,22,6307,20,15669,236,776,16,6144,261,8682,251,14826,California
Lake,2021-03-14,11,22763,2,6309,9,15678,0,776,7,6147,4,8686,7,14833,California
Lake,2021-03-15,642,23405,14,6323,611,16289,17,793,482,6486,160,8846,499,15332,California
Lake,2021-03-16,1113,24518,834,7157,262,16551,17,810,445,6283,664,9510,461,15793,California
Lake,2021-03-17,248,24766,121,7278,105,16656,22,832,92,6241,156,9666,114,15907,California
Lake,2021-03-18,748,25514,373,7651,338,16994,37,869,372,6274,375,10041,408,16315,California
Lake,2021-03-19,582,26096,315,7966,247,17241,20,889,475,6663,106,10147,495,16810,California
Lake,2021-03-20,249,26345,8,7974,238,17479,3,892,30,6479,217,10364,33,16843,California
Lake,2021-03-21,16,26361,11,7985,4,17483,1,893,11,6486,5,10369,12,16855,California
Lake,2021-03-22,337,26698,256,8241,67,17550,14,907,251,6665,86,10455,265,17120,California
Lake,2021-03-23,429,27127,21,8262,395,17945,13,920,364,6978,64,10519,377,17497,California
Lake,2021-03-24,423,27550,62,8324,353,18298,8,928,326,7217,96,10615,335,17832,California
Lake,2021-03-25,676,28226,485,8809,185,18483,6,934,177,6901,499,11114,183,18015,California
Lake,2021-03-26,68,28294,33,8842,34,18517,1,935,32,6898,36,11150,33,18048,California
Lake,2021-03-27,309,28603,7,8849,299,18816,3,938,17,6628,290,11440,20,18068,California
Lake,2021-03-28,17,28620,8,8857,9,18825,0,938,11,6633,6,11446,11,18079,California
Lake,2021-03-29,989,29609,286,9143,701,19526,2,940,205,6058,782,12228,207,18286,California
Lake,2021-03-30,464,30073,315,9458,147,19673,2,942,366,6329,97,12325,368,18654,California
Lake,2021-03-31,616,30689,60,9518,556,20229,0,942,434,6590,173,12498,434,19088,California
Lake,2021-04-01,447,31136,234,9752,201,20430,12,954,186,6531,257,12755,198,19286,California
Lake,2021-04-02,222,31358,41,9793,153,20583,28,982,97,6531,125,12880,125,19411,California
Lake,2021-04-03,32,31390,6,9799,23,20606,3,985,13,6528,19,12899,16,19427,California
Lake,2021-04-04,20,31410,11,9810,7,20613,2,987,15,6540,5,12904,17,19444,California
Lake,2021-04-05,639,32049,70,9880,550,21163,19,1006,400,6722,236,13140,418,19862,California
Lake,2021-04-06,475,32524,16,9896,433,21596,26,1032,302,6878,172,13312,328,20190,California
Lake,2021-04-07,517,33041,56,9952,410,22006,51,1083,349,7112,166,13478,400,20590,California
Lake,2021-04-08,596,33637,486,10438,45,22051,65,1148,100,6784,493,13971,165,20755,California
Lake,2021-04-09,281,33918,39,10477,173,22224,69,1217,48,6670,230,14201,116,20871,California
Lake,2021-04-10,252,34170,14,10491,14,22238,224,1441,10,6662,242,14443,234,21105,California
Lake,2021-04-11,22,34192,17,10508,3,22241,2,1443,7,6656,15,14458,9,21114,California
Lake,2021-04-12,1068,35260,232,10740,803,23044,33,1476,237,6096,830,15288,270,21384,California
Lake,2021-04-13,180,35440,109,10849,71,23115,0,1476,54,6024,126,15414,54,21438,California
Lake,2021-04-14,614,36054,38,10887,576,23691,0,1476,549,6509,64,15478,549,21987,California
Lake,2021-04-15,640,36694,192,11079,448,24139,0,1476,331,6531,309,15787,331,22318,California
Lake,2021-04-16,265,36959,30,11109,234,24373,1,1477,74,6416,190,15977,75,22393,California
Lake,2021-04-17,43,37002,12,11121,31,24404,0,1477,33,6439,10,15987,33,22426,California
Lake,2021-04-18,8,37010,5,11126,3,24407,0,1477,0,6431,8,15995,0,22426,California
Lake,2021-04-19,297,37307,38,11164,259,24666,0,1477,246,6626,51,16046,246,22672,California
Lake,2021-04-20,691,37998,277,11441,414,25080,0,1477,91,6119,599,16645,92,22764,California
Lake,2021-04-21,533,38531,64,11505,469,25549,0,1477,199,5984,334,16979,199,22963,California
Lake,2021-04-22,464,38995,50,11555,414,25963,0,1477,316,6153,147,17126,316,23279,California
Lake,2021-04-23,115,39110,60,11615,55,26018,0,1477,69,6176,46,17172,69,23348,California
Lake,2021-04-24,53,39163,9,11624,44,26062,0,1477,39,6201,14,17186,39,23387,California
Lake,2021-04-25,36,39199,19,11643,17,26079,0,1477,24,6213,12,17198,24,23411,California
Lake,2021-04-26,288,39487,80,11723,207,26286,1,1478,84,6094,204,17402,85,23496,California
Lake,2021-04-27,244,39731,22,11745,204,26490,18,1496,81,6030,163,17565,99,23595,California
Lake,2021-04-28,508,40239,48,11793,445,26935,15,1511,89,5716,417,17982,103,23698,California
Lake,2021-04-29,212,40451,83,11876,113,27048,16,1527,113,5746,99,18081,129,23827,California
Lake,2021-04-30,289,40740,46,11922,212,27260,31,1558,149,5786,140,18221,180,24007,California
Lake,2021-05-01,47,40787,26,11948,19,27279,2,1560,32,5805,15,18236,34,24041,California
Lake,2021-05-02,18,40805,9,11957,8,27287,1,1561,9,5806,9,18245,10,24051,California
Lake,2021-05-03,411,41216,27,11984,349,27636,35,1596,64,5559,346,18591,99,24150,California
Lake,2021-05-04,404,41620,216,12200,140,27776,48,1644,124,5452,279,18870,172,24322,California
Lake,2021-05-05,630,42250,45,12245,573,28349,12,1656,87,5010,540,19410,98,24420,California
Lake,2021-05-06,142,42392,19,12264,94,28443,29,1685,73,5042,69,19479,101,24521,California
Lake,2021-05-07,164,42556,28,12292,116,28559,20,1705,102,5104,60,19539,122,24643,California
Lake,2021-05-08,43,42599,8,12300,35,28594,0,1705,36,5133,7,19546,36,24679,California
Lake,2021-05-09,17,42616,2,12302,10,28604,5,1710,10,5141,7,19553,15,24694,California
Lake,2021-05-10,244,42860,12,12314,205,28809,27,1737,59,5043,184,19737,86,24780,California
Lake,2021-05-11,193,43053,27,12341,151,28960,15,1752,117,5100,76,19813,133,24913,California
Lake,2021-05-12,540,43593,31,12372,489,29449,20,1772,54,4687,486,20299,73,24986,California
Lake,2021-05-13,301,43894,58,12430,230,29679,13,1785,65,4531,234,20533,78,25064,California
Lake,2021-05-14,264,44158,81,12511,164,29843,19,1804,161,4609,101,20634,179,25243,California
Lake,2021-05-15,45,44203,18,12529,24,29867,3,1807,27,4621,18,20652,30,25273,California
Lake,2021-05-16,30,44233,17,12546,12,29879,1,1808,16,4624,14,20666,17,25290,California
Lake,2021-05-17,315,44548,44,12590,256,30135,15,1823,84,4495,228,20894,99,25389,California
Lake,2021-05-18,302,44850,67,12657,217,30352,18,1841,175,4562,126,21020,193,25582,California
Lake,2021-05-19,300,45150,57,12714,229,30581,14,1855,78,4433,221,21241,92,25674,California
Lake,2021-05-20,221,45371,59,12773,152,30733,10,1865,88,4398,133,21374,98,25772,California
Lake,2021-05-21,247,45618,49,12822,175,30908,23,1888,95,4366,150,21524,118,25890,California
Lake,2021-05-22,59,45677,33,12855,26,30934,0,1888,36,4379,23,21547,36,25926,California
Lake,2021-05-23,11,45688,2,12857,8,30942,1,1889,0,4369,11,21558,1,25927,California
Lassen,2020-12-16,8,8,8,8,0,0,0,0,8,8,0,0,8,8,California
Lassen,2020-12-17,6,14,6,14,0,0,0,0,6,14,0,0,6,14,California
Lassen,2020-12-18,1,15,1,15,0,0,0,0,1,15,0,0,1,15,California
Lassen,2020-12-19,5,20,5,20,0,0,0,0,5,20,0,0,5,20,California
Lassen,2020-12-20,2,22,2,22,0,0,0,0,2,22,0,0,2,22,California
Lassen,2020-12-21,11,33,11,33,0,0,0,0,11,33,0,0,11,33,California
Lassen,2020-12-22,22,55,22,55,0,0,0,0,22,55,0,0,22,55,California
Lassen,2020-12-23,6,61,6,61,0,0,0,0,6,61,0,0,6,61,California
Lassen,2020-12-24,11,72,11,72,0,0,0,0,11,72,0,0,11,72,California
Lassen,2020-12-28,3,75,2,74,1,1,0,0,3,75,0,0,3,75,California
Lassen,2020-12-29,35,110,35,109,0,1,0,0,35,110,0,0,35,110,California
Lassen,2020-12-30,36,146,35,144,1,2,0,0,36,146,0,0,36,146,California
Lassen,2020-12-31,49,195,42,186,7,9,0,0,49,195,0,0,49,195,California
Lassen,2021-01-02,1,196,0,186,1,10,0,0,1,196,0,0,1,196,California
Lassen,2021-01-04,15,211,2,188,13,23,0,0,15,211,0,0,15,211,California
Lassen,2021-01-05,193,404,52,240,141,164,0,0,193,404,0,0,193,404,California
Lassen,2021-01-06,95,499,44,284,51,215,0,0,87,484,8,8,88,492,California
Lassen,2021-01-07,43,542,7,291,36,251,0,0,37,515,6,14,37,529,California
Lassen,2021-01-08,50,592,2,293,48,299,0,0,50,565,0,14,50,579,California
Lassen,2021-01-09,12,604,6,299,6,305,0,0,12,577,0,14,12,591,California
Lassen,2021-01-11,27,631,5,304,22,327,0,0,27,604,0,14,27,618,California
Lassen,2021-01-12,48,679,28,332,20,347,0,0,30,616,18,32,30,648,California
Lassen,2021-01-13,161,840,18,350,143,490,0,0,146,747,15,47,146,794,California
Lassen,2021-01-14,162,1002,18,368,144,634,0,0,150,885,12,59,150,944,California
Lassen,2021-01-15,32,1034,6,374,26,660,0,0,32,917,0,59,32,976,California
Lassen,2021-01-16,34,1068,33,407,1,661,0,0,34,951,0,59,34,1010,California
Lassen,2021-01-17,1,1069,0,407,1,662,0,0,1,952,0,59,1,1011,California
Lassen,2021-01-18,5,1074,2,409,3,665,0,0,4,955,1,60,4,1015,California
Lassen,2021-01-19,185,1259,36,445,149,814,0,0,157,1084,28,88,157,1172,California
Lassen,2021-01-20,188,1447,100,545,88,902,0,0,105,1121,68,156,105,1277,California
Lassen,2021-01-21,145,1592,93,638,52,954,0,0,121,1224,18,174,121,1398,California
Lassen,2021-01-22,31,1623,18,656,13,967,0,0,21,1235,10,184,21,1419,California
Lassen,2021-01-23,2,1625,0,656,2,969,0,0,2,1237,0,184,2,1421,California
Lassen,2021-01-24,1,1626,0,656,1,970,0,0,1,1238,0,184,1,1422,California
Lassen,2021-01-25,12,1638,1,657,11,981,0,0,11,1248,1,185,11,1433,California
Lassen,2021-01-26,126,1764,12,669,114,1095,0,0,122,1366,4,189,122,1555,California
Lassen,2021-01-27,87,1851,35,704,52,1147,0,0,69,1417,18,207,69,1624,California
Lassen,2021-01-28,85,1936,15,719,70,1217,0,0,84,1500,1,208,84,1708,California
Lassen,2021-01-29,23,1959,7,726,16,1233,0,0,22,1521,1,209,22,1730,California
Lassen,2021-02-01,61,2020,4,730,57,1290,0,0,36,1532,25,234,36,1766,California
Lassen,2021-02-02,177,2197,12,742,165,1455,0,0,44,1443,133,367,44,1810,California
Lassen,2021-02-03,96,2293,21,763,75,1530,0,0,51,1449,45,412,51,1861,California
Lassen,2021-02-04,112,2405,15,778,97,1627,0,0,63,1463,49,461,63,1924,California
Lassen,2021-02-05,66,2471,12,790,54,1681,0,0,24,1445,42,503,24,1948,California
Lassen,2021-02-06,69,2540,34,824,35,1716,0,0,36,1449,32,535,36,1984,California
Lassen,2021-02-07,1,2541,1,825,0,1716,0,0,1,1450,0,535,1,1985,California
Lassen,2021-02-08,44,2585,4,829,40,1756,0,0,18,1442,26,561,18,2003,California
Lassen,2021-02-09,128,2713,7,836,121,1877,0,0,49,1412,79,640,49,2052,California
Lassen,2021-02-10,182,2895,21,857,161,2038,0,0,74,1378,108,748,74,2126,California
Lassen,2021-02-11,183,3078,16,873,167,2205,0,0,80,1356,102,850,80,2206,California
Lassen,2021-02-12,41,3119,11,884,30,2235,0,0,14,1343,27,877,14,2220,California
Lassen,2021-02-13,11,3130,3,887,8,2243,0,0,9,1350,2,879,9,2229,California
Lassen,2021-02-14,13,3143,0,887,13,2256,0,0,12,1361,1,880,12,2241,California
Lassen,2021-02-15,21,3164,2,889,19,2275,0,0,17,1374,4,884,17,2258,California
Lassen,2021-02-16,192,3356,4,893,188,2463,0,0,31,1246,159,1043,31,2289,California
Lassen,2021-02-17,183,3539,94,987,89,2552,0,0,10,1083,173,1216,10,2299,California
Lassen,2021-02-18,79,3618,22,1009,57,2609,0,0,19,1042,60,1276,19,2318,California
Lassen,2021-02-19,80,3698,60,1069,20,2629,0,0,17,996,63,1339,17,2335,California
Lassen,2021-02-20,8,3706,0,1069,8,2637,0,0,6,1000,2,1341,6,2341,California
Lassen,2021-02-21,22,3728,2,1071,20,2657,0,0,18,1014,4,1345,18,2359,California
Lassen,2021-02-22,24,3752,10,1081,14,2671,0,0,6,1002,18,1363,6,2365,California
Lassen,2021-02-23,155,3907,11,1092,144,2815,0,0,43,933,112,1475,43,2408,California
Lassen,2021-02-24,164,4071,16,1108,148,2963,0,0,106,982,57,1532,106,2514,California
Lassen,2021-02-25,158,4229,21,1129,137,3100,0,0,99,1022,59,1591,99,2613,California
Lassen,2021-02-26,73,4302,16,1145,57,3157,0,0,36,1021,37,1628,36,2649,California
Lassen,2021-02-27,8,4310,7,1152,1,3158,0,0,3,1019,5,1633,3,2652,California
Lassen,2021-02-28,5,4315,0,1152,5,3163,0,0,3,1020,2,1635,3,2655,California
Lassen,2021-03-01,42,4357,4,1156,38,3201,0,0,8,995,33,1668,8,2663,California
Lassen,2021-03-02,106,4463,7,1163,99,3300,0,0,80,1050,25,1693,80,2743,California
Lassen,2021-03-03,167,4630,12,1175,155,3455,0,0,110,1103,57,1750,110,2853,California
Lassen,2021-03-04,149,4779,17,1192,132,3587,0,0,99,1153,49,1799,99,2952,California
Lassen,2021-03-05,49,4828,7,1199,18,3605,24,24,11,1150,38,1837,35,2987,California
Lassen,2021-03-06,55,4883,4,1203,29,3634,22,46,5,1127,50,1887,27,3014,California
Lassen,2021-03-07,57,4940,2,1205,0,3634,55,101,2,1129,55,1942,57,3071,California
Lassen,2021-03-08,89,5029,2,1207,7,3641,80,181,3,1126,86,2028,83,3154,California
Lassen,2021-03-09,137,5166,11,1218,109,3750,17,198,89,1184,48,2076,106,3260,California
Lassen,2021-03-10,173,5339,10,1228,161,3911,2,200,79,1172,93,2169,81,3341,California
Lassen,2021-03-11,183,5522,15,1243,161,4072,7,207,111,1221,69,2238,118,3459,California
Lassen,2021-03-12,34,5556,17,1260,13,4085,4,211,12,1215,22,2260,16,3475,California
Lassen,2021-03-13,48,5604,0,1260,2,4087,46,257,1,1214,47,2307,46,3521,California
Lassen,2021-03-14,14,5618,2,1262,11,4098,1,258,2,1205,12,2319,3,3524,California
Lassen,2021-03-15,34,5652,3,1265,31,4129,0,258,16,1203,18,2337,16,3540,California
Lassen,2021-03-16,93,5745,2,1267,85,4214,6,264,74,1264,19,2356,80,3620,California
Lassen,2021-03-17,1083,6828,9,1276,1069,5283,5,269,1064,2314,19,2375,1069,4689,California
Lassen,2021-03-18,93,6921,9,1285,83,5366,1,270,80,2382,13,2388,81,4770,California
Lassen,2021-03-19,17,6938,11,1296,2,5368,4,274,7,2383,10,2398,11,4781,California
Lassen,2021-03-20,28,6966,3,1299,22,5390,3,277,21,2400,7,2405,24,4805,California
Lassen,2021-03-21,34,7000,0,1299,34,5424,0,277,14,2395,19,2424,14,4819,California
Lassen,2021-03-22,58,7058,1,1300,57,5481,0,277,55,2447,3,2427,55,4874,California
Lassen,2021-03-23,120,7178,11,1311,108,5589,1,278,67,2462,53,2480,68,4942,California
Lassen,2021-03-24,213,7391,13,1324,199,5788,1,279,107,2466,104,2584,108,5050,California
Lassen,2021-03-25,152,7543,21,1345,131,5919,0,279,69,2452,83,2667,69,5119,California
Lassen,2021-03-26,78,7621,13,1358,26,5945,39,318,19,2451,58,2725,57,5176,California
Lassen,2021-03-27,19,7640,3,1361,1,5946,15,333,2,2451,17,2742,17,5193,California
Lassen,2021-03-28,18,7658,3,1364,5,5951,10,343,3,2449,15,2757,13,5206,California
Lassen,2021-03-29,52,7710,0,1364,27,5978,25,368,20,2463,31,2788,45,5251,California
Lassen,2021-03-30,196,7906,10,1374,161,6139,25,393,52,2396,144,2932,77,5328,California
Lassen,2021-03-31,146,8052,12,1386,112,6251,22,415,62,2396,84,3016,84,5412,California
Lassen,2021-04-01,165,8217,15,1401,131,6382,19,434,48,2347,116,3132,67,5479,California
Lassen,2021-04-02,30,8247,4,1405,3,6385,23,457,2,2344,28,3160,25,5504,California
Lassen,2021-04-03,12,8259,0,1405,2,6387,10,467,0,2342,12,3172,10,5514,California
Lassen,2021-04-04,7,8266,2,1407,0,6387,5,472,1,2342,6,3178,6,5520,California
Lassen,2021-04-05,22,8288,4,1411,11,6398,7,479,11,2349,11,3189,18,5538,California
Lassen,2021-04-06,183,8471,9,1420,144,6542,30,509,52,2300,131,3320,82,5620,California
Lassen,2021-04-07,134,8605,6,1426,91,6633,37,546,32,2269,102,3422,71,5691,California
Lassen,2021-04-08,166,8771,8,1434,102,6735,56,602,31,2225,131,3553,87,5778,California
Lassen,2021-04-09,51,8822,6,1440,10,6745,35,637,8,2225,42,3595,42,5820,California
Lassen,2021-04-10,9,8831,0,1440,2,6747,7,644,0,2224,8,3603,7,5827,California
Lassen,2021-04-11,5,8836,2,1442,0,6747,3,647,2,2226,3,3606,5,5832,California
Lassen,2021-04-12,31,8867,3,1445,15,6762,13,660,3,2214,28,3634,16,5848,California
Lassen,2021-04-13,129,8996,6,1451,123,6885,0,660,40,2166,88,3722,40,5888,California
Lassen,2021-04-14,987,9983,16,1467,971,7856,0,660,50,1280,936,4658,50,5938,California
Lassen,2021-04-15,147,10130,14,1481,133,7989,0,660,19,1171,128,4786,19,5957,California
Lassen,2021-04-16,11,10141,4,1485,7,7996,0,660,5,1170,6,4792,5,5962,California
Lassen,2021-04-17,22,10163,2,1487,20,8016,0,660,4,1156,18,4810,4,5966,California
Lassen,2021-04-18,5,10168,2,1489,3,8019,0,660,2,1155,3,4813,2,5968,California
Lassen,2021-04-19,32,10200,0,1489,32,8051,0,660,16,1155,16,4829,16,5984,California
Lassen,2021-04-20,137,10337,7,1496,130,8181,0,660,51,1120,86,4915,51,6035,California
Lassen,2021-04-21,164,10501,10,1506,154,8335,0,660,32,1022,130,5045,32,6067,California
Lassen,2021-04-22,103,10604,17,1523,86,8421,0,660,33,985,70,5115,33,6100,California
Lassen,2021-04-23,26,10630,1,1524,25,8446,0,660,20,999,6,5121,20,6120,California
Lassen,2021-04-24,9,10639,5,1529,4,8450,0,660,3,996,6,5127,3,6123,California
Lassen,2021-04-25,5,10644,0,1529,4,8454,1,661,3,998,2,5129,4,6127,California
Lassen,2021-04-26,40,10684,0,1529,36,8490,4,665,7,976,33,5162,11,6138,California
Lassen,2021-04-27,122,10806,9,1538,110,8600,3,668,69,995,53,5215,72,6210,California
Lassen,2021-04-28,84,10890,8,1546,74,8674,2,670,31,975,53,5268,33,6243,California
Lassen,2021-04-29,65,10955,6,1552,56,8730,3,673,22,958,42,5310,25,6268,California
Lassen,2021-04-30,13,10968,8,1560,2,8732,3,676,4,956,9,5319,7,6275,California
Lassen,2021-05-01,4,10972,0,1560,3,8735,1,677,3,959,1,5320,4,6279,California
Lassen,2021-05-02,11,10983,7,1567,4,8739,0,677,7,962,4,5324,7,6286,California
Lassen,2021-05-03,18,11001,1,1568,10,8749,7,684,3,957,15,5339,10,6296,California
Lassen,2021-05-04,71,11072,4,1572,59,8808,8,692,20,934,51,5390,28,6324,California
Lassen,2021-05-05,81,11153,4,1576,67,8875,10,702,26,916,54,5444,36,6360,California
Lassen,2021-05-06,83,11236,21,1597,40,8915,22,724,24,903,59,5503,46,6406,California
Lassen,2021-05-07,47,11283,32,1629,10,8925,5,729,39,939,8,5511,44,6450,California
Lassen,2021-05-08,11,11294,0,1629,5,8930,6,735,4,942,7,5518,10,6460,California
Lassen,2021-05-09,3,11297,1,1630,0,8930,2,737,0,941,3,5521,2,6462,California
Lassen,2021-05-10,13,11310,1,1631,9,8939,3,740,7,945,6,5527,10,6472,California
Lassen,2021-05-11,70,11380,1,1632,60,8999,9,749,19,922,51,5578,28,6500,California
Lassen,2021-05-12,41,11421,4,1636,32,9031,5,754,12,910,29,5607,17,6517,California
Lassen,2021-05-13,37,11458,11,1647,21,9052,5,759,12,902,25,5632,17,6534,California
Lassen,2021-05-14,23,11481,5,1652,10,9062,8,767,12,911,11,5643,20,6554,California
Lassen,2021-05-15,16,11497,2,1654,4,9066,10,777,4,913,12,5655,14,6568,California
Lassen,2021-05-16,7,11504,2,1656,3,9069,2,779,2,913,4,5659,4,6572,California
Lassen,2021-05-17,35,11539,3,1659,20,9089,12,791,11,912,24,5683,23,6595,California
Lassen,2021-05-18,95,11634,12,1671,70,9159,13,804,31,892,64,5747,44,6639,California
Lassen,2021-05-19,64,11698,6,1677,47,9206,11,815,11,861,52,5799,21,6660,California
Lassen,2021-05-20,30,11728,5,1682,16,9222,9,824,9,858,21,5820,18,6678,California
Lassen,2021-05-21,65,11793,31,1713,21,9243,13,837,35,876,30,5850,48,6726,California
Lassen,2021-05-22,16,11809,1,1714,7,9250,8,845,6,880,10,5860,14,6740,California
Lassen,2021-05-23,4,11813,3,1717,1,9251,0,845,1,878,3,5863,1,6741,California
Los Angeles,2020-12-15,394,394,394,394,0,0,0,0,394,394,0,0,394,394,California
Los Angeles,2020-12-16,3538,3932,3538,3932,0,0,0,0,3538,3932,0,0,3538,3932,California
Los Angeles,2020-12-17,10255,14187,10255,14187,0,0,0,0,10256,14188,0,0,10256,14188,California
Los Angeles,2020-12-18,14547,28734,14524,28711,23,23,0,0,14547,28735,0,0,14547,28735,California
Los Angeles,2020-12-19,7233,35967,7225,35936,8,31,0,0,7234,35969,0,0,7234,35969,California
Los Angeles,2020-12-20,4602,40569,4594,40530,8,39,0,0,4604,40573,0,0,4604,40573,California
Los Angeles,2020-12-21,13713,54282,13698,54228,15,54,0,0,13713,54285,1,1,13713,54286,California
Los Angeles,2020-12-22,11541,65823,11151,65379,390,444,0,0,11542,65826,1,2,11542,65828,California
Los Angeles,2020-12-23,11952,77775,10186,75565,1766,2210,0,0,11952,77778,0,2,11952,77780,California
Los Angeles,2020-12-24,7025,84800,4258,79823,2767,4977,0,0,7027,84805,0,2,7027,84807,California
Los Angeles,2020-12-25,527,85327,421,80244,106,5083,0,0,527,85332,0,2,527,85334,California
Los Angeles,2020-12-26,2531,87858,2183,82427,348,5431,0,0,2531,87862,1,3,2531,87865,California
Los Angeles,2020-12-27,1765,89623,1030,83457,735,6166,0,0,1765,89627,0,3,1765,89630,California
Los Angeles,2020-12-28,10311,99934,6399,89856,3912,10078,0,0,10309,99935,1,4,10309,99939,California
Los Angeles,2020-12-29,11608,111542,6083,95939,5525,15603,0,0,11609,111544,0,4,11609,111548,California
Los Angeles,2020-12-30,14880,126422,8093,104032,6787,22390,0,0,14879,126423,0,4,14879,126427,California
Los Angeles,2020-12-31,7949,134371,2758,106790,5191,27581,0,0,7946,134367,2,6,7946,134373,California
Los Angeles,2021-01-01,1018,135389,279,107069,739,28320,0,0,1018,135385,0,6,1018,135391,California
Los Angeles,2021-01-02,4480,139869,1667,108736,2813,31133,0,0,4480,139865,0,6,4480,139871,California
Los Angeles,2021-01-03,955,140824,218,108954,737,31870,0,0,954,140818,1,7,954,140825,California
Los Angeles,2021-01-04,12727,153551,4896,113850,7831,39701,0,0,12712,153527,3,10,12712,153537,California
Los Angeles,2021-01-05,16074,169625,7104,120954,8970,48671,0,0,14163,165810,1884,1894,14167,167704,California
Los Angeles,2021-01-06,22706,192331,12087,133041,10619,59290,0,0,17083,177348,5554,7448,17092,184796,California
Los Angeles,2021-01-07,29404,221735,15826,148867,13578,72868,0,0,18854,185715,10502,17950,18869,203665,California
Los Angeles,2021-01-08,33170,254905,17926,166793,15244,88112,0,0,20908,194397,12236,30186,20918,224583,California
Los Angeles,2021-01-09,12389,267294,7088,173881,5301,93413,0,0,7510,197038,4876,35062,7517,232100,California
Los Angeles,2021-01-10,4693,271987,3640,177521,1053,94466,0,0,1959,196264,2734,37796,1960,234060,California
Los Angeles,2021-01-11,25837,297824,16273,193794,9564,104030,0,0,14886,200219,10941,48737,14896,248956,California
Los Angeles,2021-01-12,29366,327190,16199,209993,13167,117197,0,0,19223,209329,10125,58862,19235,268191,California
Los Angeles,2021-01-13,29301,356491,15646,225639,13655,130852,0,0,20345,220741,8938,67800,20350,288541,California
Los Angeles,2021-01-14,29251,385742,12688,238327,16563,147415,0,0,23728,238977,5504,73304,23740,312281,California
Los Angeles,2021-01-15,33829,419571,12362,250689,21467,168882,0,0,30247,265676,3556,76860,30255,342536,California
Los Angeles,2021-01-16,17568,437139,4961,255650,12607,181489,0,0,15787,279695,1773,78633,15792,358328,California
Los Angeles,2021-01-17,5199,442338,2313,257963,2886,184375,0,0,4951,284401,247,78880,4953,363281,California
Los Angeles,2021-01-18,15633,457971,10098,268061,5535,189910,0,0,10907,290596,4714,83594,10909,374190,California
Los Angeles,2021-01-19,38522,496493,20612,288673,17910,207820,0,0,30712,313551,7769,91363,30724,404914,California
Los Angeles,2021-01-20,46148,542641,24122,312795,22026,229846,0,0,38664,344771,7454,98817,38674,443588,California
Los Angeles,2021-01-21,48679,591320,22366,335161,26313,256159,0,0,44396,384963,4219,103036,44411,487999,California
Los Angeles,2021-01-22,48059,639379,22325,357486,25734,281893,0,0,44620,426201,3394,106430,44632,532631,California
Los Angeles,2021-01-23,34002,673381,15719,373205,18283,300176,0,0,31943,456131,2026,108456,31956,564587,California
Los Angeles,2021-01-24,15737,689118,12212,385417,3525,303701,0,0,15187,470779,542,108998,15190,579777,California
Los Angeles,2021-01-25,38965,728083,16612,402029,22353,326054,0,0,30338,492536,8597,117595,30354,610131,California
Los Angeles,2021-01-26,49411,777494,24549,426578,24862,350916,0,0,41192,525562,8185,125780,41211,651342,California
Los Angeles,2021-01-27,48663,826157,25883,452461,22780,373696,0,0,39390,555839,9135,134915,39412,690754,California
Los Angeles,2021-01-28,48735,874892,23188,475649,25547,399243,0,0,40292,587826,8320,143235,40307,731061,California
Los Angeles,2021-01-29,49406,924298,25509,501158,23897,423140,0,0,39318,617426,9734,152969,39334,770395,California
Los Angeles,2021-01-30,30188,954486,15576,516734,14612,437752,0,0,25896,639113,4214,157183,25901,796296,California
Los Angeles,2021-01-31,12975,967461,10328,527062,2647,440399,0,0,12160,650476,801,157984,12164,808460,California
Los Angeles,2021-02-01,38574,1006035,16525,543587,22049,462448,0,0,28033,668013,10506,168490,28043,836503,California
Los Angeles,2021-02-02,44432,1050467,17897,561484,26535,488983,0,0,32254,688135,12137,180627,32259,868762,California
Los Angeles,2021-02-03,52168,1102635,19559,581043,32609,521592,0,0,37285,710786,14640,195267,37291,906053,California
Los Angeles,2021-02-04,57174,1159809,20659,601702,36515,558107,0,0,39117,732169,17748,213015,39131,945184,California
Los Angeles,2021-02-05,61347,1221156,21118,622820,40229,598336,0,0,39378,750006,21550,234565,39387,984571,California
Los Angeles,2021-02-06,35621,1256777,13390,636210,22231,620567,0,0,27162,768808,8382,242947,27184,1011755,California
Los Angeles,2021-02-07,10891,1267668,8460,644670,2431,622998,0,0,8496,774931,2380,245327,8503,1020258,California
Los Angeles,2021-02-08,46970,1314638,21719,666389,25251,648249,0,0,30741,789579,16095,261422,30743,1051001,California
Los Angeles,2021-02-09,55979,1370617,24743,691132,31236,679485,0,0,28538,790763,27361,288783,28545,1079546,California
Los Angeles,2021-02-10,66899,1437516,29368,720500,37531,717016,0,0,30736,785729,35780,324563,30746,1110292,California
Los Angeles,2021-02-11,58374,1495890,31206,751706,27168,744184,0,0,28237,784278,29692,354255,28241,1138533,California
Los Angeles,2021-02-12,59654,1555544,29874,781580,29780,773964,0,0,26017,777021,33290,387545,26033,1164566,California
Los Angeles,2021-02-13,33932,1589476,19747,801327,14185,788149,0,0,15535,774282,18312,405857,15573,1180139,California
Los Angeles,2021-02-14,21808,1611284,14888,816215,6920,795069,0,0,8764,770068,12981,418838,8767,1188906,California
Los Angeles,2021-02-15,32864,1644148,15961,832176,16903,811972,0,0,18060,773396,14738,433576,18066,1206972,California
Los Angeles,2021-02-16,64305,1708453,32660,864836,31645,843617,0,0,29980,769158,34231,467807,29993,1236965,California
Los Angeles,2021-02-17,64910,1773363,34580,899416,30330,873947,0,0,26591,757623,38132,505939,26597,1263562,California
Los Angeles,2021-02-18,68604,1841967,34841,934257,33763,907710,0,0,28713,746642,39705,545644,28724,1292286,California
Los Angeles,2021-02-19,58353,1900320,36052,970309,22301,930011,0,0,28632,745671,29619,575263,28648,1320934,California
Los Angeles,2021-02-20,32914,1933234,23959,994268,8955,938966,0,0,15865,744541,17003,592266,15873,1336807,California
Los Angeles,2021-02-21,22182,1955416,20517,1014785,1665,940631,0,0,11081,744577,11048,603314,11084,1347891,California
Los Angeles,2021-02-22,34566,1989982,25185,1039970,9381,950012,0,0,17886,745872,16602,619916,17897,1365788,California
Los Angeles,2021-02-23,54871,2044853,23699,1063669,31172,981184,0,0,21702,734538,33048,652964,21714,1387502,California
Los Angeles,2021-02-24,65017,2109870,28947,1092616,36070,1017254,0,0,28583,726878,36262,689226,28602,1416104,California
Los Angeles,2021-02-25,74135,2184005,33938,1126554,40197,1057451,0,0,39019,730958,34952,724178,39032,1455136,California
Los Angeles,2021-02-26,83682,2267687,38736,1165290,44946,1102397,0,0,48113,743762,35340,759518,48144,1503280,California
Los Angeles,2021-02-27,60240,2327927,26497,1191787,33739,1136136,4,4,31018,745741,29066,788584,31045,1534325,California
Los Angeles,2021-02-28,26864,2354791,18536,1210323,8325,1144461,3,7,18873,756735,7888,796472,18882,1553207,California
Los Angeles,2021-03-01,56812,2411603,32284,1242607,24503,1168964,25,32,34159,768447,22487,818959,34199,1587406,California
Los Angeles,2021-03-02,77517,2489120,37693,1280300,39821,1208785,3,35,48960,788992,28430,847389,48975,1636381,California
Los Angeles,2021-03-03,84474,2573594,43065,1323365,41397,1250182,12,47,53424,811566,30885,878274,53459,1689840,California
Los Angeles,2021-03-04,90590,2664184,46519,1369884,44060,1294242,11,58,57183,835550,33229,911503,57213,1747053,California
Los Angeles,2021-03-05,89888,2754072,44378,1414262,45481,1339723,29,87,60270,866453,29430,940933,60333,1807386,California
Los Angeles,2021-03-06,67257,2821329,34280,1448542,31159,1370882,1818,1905,43376,887912,23738,964671,45197,1852583,California
Los Angeles,2021-03-07,27183,2848512,20754,1469296,5616,1376498,813,2718,21043,903651,6111,970782,21850,1874433,California
Los Angeles,2021-03-08,52716,2901228,27887,1497183,22879,1399377,1950,4668,39860,932700,12756,983538,41805,1916238,California
Los Angeles,2021-03-09,81353,2982581,38653,1535836,39423,1438800,3277,7945,51841,958445,29363,1012901,55108,1971346,California
Los Angeles,2021-03-10,82989,3065570,40860,1576696,37252,1476052,4877,12822,52549,985559,30273,1043174,57387,2028733,California
Los Angeles,2021-03-11,92712,3158282,45255,1621951,40774,1516826,6683,19505,54324,1008316,38206,1081380,60963,2089696,California
Los Angeles,2021-03-12,98782,3257064,44473,1666424,40400,1557226,13909,33414,57605,1038806,40980,1122360,71470,2161166,California
Los Angeles,2021-03-13,75469,3332533,35761,1702185,27743,1584969,11965,45379,45085,1065531,30276,1152636,57001,2218167,California
Los Angeles,2021-03-14,39045,3371578,26281,1728466,10228,1595197,2536,47915,23981,1077028,14999,1167635,26496,2244663,California
Los Angeles,2021-03-15,74870,3446448,36489,1764955,32932,1628129,5449,53364,45373,1098502,29323,1196958,50797,2295460,California
Los Angeles,2021-03-16,99807,3546255,43645,1808600,50286,1678415,5876,59240,64665,1134044,34955,1231913,70497,2365957,California
Los Angeles,2021-03-17,97057,3643312,43954,1852554,44794,1723209,8309,67549,64933,1175230,31923,1263836,73109,2439066,California
Los Angeles,2021-03-18,101639,3744951,48519,1901073,47798,1771007,5322,72871,64467,1208115,36890,1300726,69775,2508841,California
Los Angeles,2021-03-19,109090,3854041,56901,1957974,47423,1818430,4766,77637,67287,1238580,41537,1342263,72002,2580843,California
Los Angeles,2021-03-20,76277,3930318,37674,1995648,34018,1852448,4585,82222,51776,1270604,24320,1366583,56344,2637187,California
Los Angeles,2021-03-21,34590,3964908,25731,2021379,7958,1860406,901,83123,22209,1281446,12266,1378849,23108,2660295,California
Los Angeles,2021-03-22,70740,4035648,41537,2062916,27053,1887459,2150,85273,49672,1312453,20812,1399661,51819,2712114,California
Los Angeles,2021-03-23,96285,4131933,52073,2114989,40987,1928446,3225,88498,58344,1336325,37685,1437346,61557,2773671,California
Los Angeles,2021-03-24,104780,4236713,55691,2170680,45946,1974392,3143,91641,60777,1356542,43691,1481037,63908,2837579,California
Los Angeles,2021-03-25,110466,4347179,59261,2229941,47319,2021711,3886,95527,62128,1374487,48052,1529089,65997,2903576,California
Los Angeles,2021-03-26,115105,4462284,63245,2293186,47685,2069396,4175,99702,63527,1390860,51302,1580391,67675,2971251,California
Los Angeles,2021-03-27,83458,4545742,44250,2337436,37077,2106473,2131,101833,42668,1395125,40535,1620926,44800,3016051,California
Los Angeles,2021-03-28,42131,4587873,28576,2366012,12971,2119444,584,102417,20038,1393778,21969,1642895,20622,3036673,California
Los Angeles,2021-03-29,82866,4670739,47073,2413085,34022,2153466,1771,104188,46057,1404987,36610,1679505,47819,3084492,California
Los Angeles,2021-03-30,108796,4779535,51973,2465058,50893,2204359,5930,110118,56882,1416090,51682,1731187,62785,3147277,California
Los Angeles,2021-03-31,122371,4901906,61953,2527011,51589,2255948,8829,118947,68459,1439709,53617,1784804,77236,3224513,California
Los Angeles,2021-04-01,132887,5034793,62329,2589340,55214,2311162,15344,134291,71687,1465774,60898,1845702,86963,3311476,California
Los Angeles,2021-04-02,131034,5165827,58202,2647542,57412,2368574,15420,149711,69611,1489684,61095,1906797,85005,3396481,California
Los Angeles,2021-04-03,98140,5263967,44952,2692494,39638,2408212,13550,163261,48195,1501604,49763,1956560,61683,3458164,California
Los Angeles,2021-04-04,39150,5303117,20494,2712988,12029,2420241,6627,169888,16358,1501835,22718,1979278,22949,3481113,California
Los Angeles,2021-04-05,93522,5396639,44256,2757244,39092,2459333,10174,180062,44355,1507334,48971,2028249,54470,3535583,California
Los Angeles,2021-04-06,120690,5517329,56838,2814082,43608,2502941,20244,200306,55280,1517596,65166,2093415,75428,3611011,California
Los Angeles,2021-04-07,119554,5636883,54396,2868478,44117,2547058,21041,221347,54047,1527318,65259,2158674,74981,3685992,California
Los Angeles,2021-04-08,131864,5768747,58048,2926526,49878,2596936,23938,245285,59592,1538712,71995,2230669,83389,3769381,California
Los Angeles,2021-04-09,130354,5899101,56390,2982916,50168,2647104,23796,269081,55779,1543853,74293,2304962,79434,3848815,California
Los Angeles,2021-04-10,100738,5999839,42751,3025667,34086,2681190,23901,292982,36851,1540825,63659,2368621,60631,3909446,California
Los Angeles,2021-04-11,41621,6041460,22492,3048159,9607,2690797,9522,302504,14087,1536927,27454,2396075,23556,3933002,California
Los Angeles,2021-04-12,78526,6119986,38418,3086577,33839,2724636,6269,308773,32098,1529006,46233,2442308,38312,3971314,California
Los Angeles,2021-04-13,116919,6236905,58887,3145464,57609,2782245,423,309196,61587,1535920,55103,2497411,62017,4033331,California
Los Angeles,2021-04-14,118460,6355365,59406,3204870,58923,2841168,131,309327,64227,1546297,53975,2551386,64352,4097683,California
Los Angeles,2021-04-15,129461,6484826,69970,3274840,59320,2900488,171,309498,74054,1565243,55144,2606530,74090,4171773,California
Los Angeles,2021-04-16,129885,6614711,68709,3343549,61035,2961523,141,309639,68353,1572410,61259,2667789,68426,4240199,California
Los Angeles,2021-04-17,97989,6712700,51266,3394815,46698,3008221,25,309664,55869,1586388,41915,2709704,55893,4296092,California
Los Angeles,2021-04-18,33822,6746522,22437,3417252,11384,3019605,1,309665,18438,1589520,15312,2725016,18444,4314536,California
Los Angeles,2021-04-19,74747,6821269,39579,3456831,35156,3054761,12,309677,33173,1581313,41401,2766417,33194,4347730,California
Los Angeles,2021-04-20,101567,6922836,49890,3506721,51655,3106416,22,309699,50298,1580595,51040,2817457,50322,4398052,California
Los Angeles,2021-04-21,109116,7031952,52546,3559267,56382,3162798,188,309887,48117,1568210,60690,2878147,48305,4446357,California
Los Angeles,2021-04-22,114983,7146935,59343,3618610,55608,3218406,32,309919,50436,1554429,64254,2942401,50473,4496830,California
Los Angeles,2021-04-23,113754,7260689,62456,3681066,51280,3269686,18,309937,53931,1548845,59533,3001934,53949,4550779,California
Los Angeles,2021-04-24,88104,7348793,56799,3737865,31279,3300965,26,309963,49070,1559133,38815,3040749,49103,4599882,California
Los Angeles,2021-04-25,37796,7386589,25128,3762993,12663,3313628,5,309968,20430,1562302,17266,3058015,20435,4620317,California
Los Angeles,2021-04-26,69151,7455740,37111,3800104,31591,3345219,449,310417,34036,1561851,34930,3092945,34479,4654796,California
Los Angeles,2021-04-27,86251,7541991,41768,3841872,42793,3388012,1690,312107,32891,1543316,53105,3146050,34570,4689366,California
Los Angeles,2021-04-28,84507,7626498,40864,3882736,41615,3429627,2028,314135,32944,1527001,51277,3197327,34962,4724328,California
Los Angeles,2021-04-29,90858,7717356,45400,3928136,43331,3472958,2127,316262,32178,1502986,58318,3255645,34303,4758631,California
Los Angeles,2021-04-30,98740,7816096,49108,3977244,47240,3520198,2392,318654,35807,1478615,62555,3318200,38184,4796815,California
Los Angeles,2021-05-01,74762,7890858,42094,4019338,31174,3551372,1494,320148,28254,1462120,46237,3364437,29742,4826557,California
Los Angeles,2021-05-02,27884,7918742,17890,4037228,9261,3560633,733,320881,10096,1455269,17677,3382114,10826,4837383,California
Los Angeles,2021-05-03,60323,7979065,29651,4066879,28519,3589152,2153,323034,21251,1439809,38851,3420965,23391,4860774,California
Los Angeles,2021-05-04,85010,8064075,46866,4113745,35935,3625087,2209,325243,25940,1409169,58775,3479740,28135,4888909,California
Los Angeles,2021-05-05,87918,8151993,51305,4165050,34288,3659375,2325,327568,23947,1371759,63670,3543410,26260,4915169,California
Los Angeles,2021-05-06,95405,8247398,57604,4222654,35317,3694692,2484,330052,22662,1324513,72378,3615788,25132,4940301,California
Los Angeles,2021-05-07,94850,8342248,56589,4279243,35939,3730631,2322,332374,25728,1283741,68803,3684591,28031,4968332,California
Los Angeles,2021-05-08,63205,8405453,41673,4320916,19923,3750554,1609,333983,17062,1256732,45672,3730263,18663,4986995,California
Los Angeles,2021-05-09,23619,8429072,17856,4338772,5036,3755590,727,334710,6016,1246077,17394,3747657,6739,4993734,California
Los Angeles,2021-05-10,48144,8477216,25283,4364055,21033,3776623,1828,336538,14402,1228854,33445,3781102,16222,5009956,California
Los Angeles,2021-05-11,66487,8543703,35749,4399804,28771,3805394,1967,338505,16962,1198477,49285,3830387,18908,5028864,California
Los Angeles,2021-05-12,66572,8610275,35938,4435742,28533,3833927,2101,340606,18690,1171644,47609,3877996,20776,5049640,California
Los Angeles,2021-05-13,69076,8679351,41786,4477528,25671,3859598,1619,342225,24182,1152962,44472,3922468,25790,5075430,California
Los Angeles,2021-05-14,86339,8765690,55096,4532624,29465,3889063,1778,344003,32642,1133980,53396,3975864,34414,5109844,California
Los Angeles,2021-05-15,72966,8838656,51678,4584302,19998,3909061,1290,345293,28349,1119241,44367,4020231,29628,5139472,California
Los Angeles,2021-05-16,30205,8868861,23902,4608204,5702,3914763,601,345894,12047,1113814,18071,4038302,12644,5152116,California
Los Angeles,2021-05-17,60362,8929223,39610,4647814,19083,3933846,1669,347563,25944,1107203,34207,4072509,27596,5179712,California
Los Angeles,2021-05-18,63065,8992288,37988,4685802,23317,3957163,1760,349323,26800,1099732,36000,4108509,28529,5208241,California
Los Angeles,2021-05-19,66278,9058566,40227,4726029,24274,3981437,1777,351100,29222,1093906,36807,4145316,30981,5239222,California
Los Angeles,2021-05-20,48886,9107452,27732,4753761,19505,4000942,1649,352749,19311,1085551,29312,4174628,20957,5260179,California
Los Angeles,2021-05-21,52508,9159960,33265,4787026,17592,4018534,1651,354400,21923,1078778,30343,4204971,23570,5283749,California
Los Angeles,2021-05-22,40599,9200559,27137,4814163,12108,4030642,1354,355754,17145,1073965,23306,4228277,18493,5302242,California
Los Angeles,2021-05-23,10061,9210620,7696,4821859,2038,4032680,327,356081,4431,1073132,5589,4233866,4756,5306998,California
Madera,2020-12-16,21,21,21,21,0,0,0,0,21,21,0,0,21,21,California
Madera,2020-12-17,13,34,13,34,0,0,0,0,13,34,0,0,13,34,California
Madera,2020-12-18,60,94,60,94,0,0,0,0,60,94,0,0,60,94,California
Madera,2020-12-19,5,99,5,99,0,0,0,0,5,99,0,0,5,99,California
Madera,2020-12-20,14,113,14,113,0,0,0,0,14,113,0,0,14,113,California
Madera,2020-12-21,59,172,59,172,0,0,0,0,59,172,0,0,59,172,California
Madera,2020-12-22,97,269,95,267,2,2,0,0,97,269,0,0,97,269,California
Madera,2020-12-23,67,336,67,334,0,2,0,0,67,336,0,0,67,336,California
Madera,2020-12-24,45,381,40,374,5,7,0,0,45,381,0,0,45,381,California
Madera,2020-12-26,28,409,26,400,2,9,0,0,28,409,0,0,28,409,California
Madera,2020-12-27,29,438,12,412,17,26,0,0,29,438,0,0,29,438,California
Madera,2020-12-28,106,544,36,448,70,96,0,0,106,544,0,0,106,544,California
Madera,2020-12-29,172,716,37,485,135,231,0,0,172,716,0,0,172,716,California
Madera,2020-12-30,219,935,86,571,133,364,0,0,219,935,0,0,219,935,California
Madera,2020-12-31,201,1136,80,651,121,485,0,0,201,1136,0,0,201,1136,California
Madera,2021-01-01,1,1137,1,652,0,485,0,0,1,1137,0,0,1,1137,California
Madera,2021-01-02,89,1226,33,685,56,541,0,0,89,1226,0,0,89,1226,California
Madera,2021-01-03,5,1231,5,690,0,541,0,0,5,1231,0,0,5,1231,California
Madera,2021-01-04,129,1360,65,755,64,605,0,0,129,1360,0,0,129,1360,California
Madera,2021-01-05,279,1639,143,898,136,741,0,0,275,1631,4,4,275,1635,California
Madera,2021-01-06,183,1822,26,924,157,898,0,0,164,1776,19,23,164,1799,California
Madera,2021-01-07,399,2221,116,1040,283,1181,0,0,377,2131,22,45,377,2176,California
Madera,2021-01-08,418,2639,72,1112,346,1527,0,0,363,2441,54,99,364,2540,California
Madera,2021-01-09,36,2675,14,1126,22,1549,0,0,27,2459,9,108,27,2567,California
Madera,2021-01-10,17,2692,14,1140,3,1552,0,0,5,2452,12,120,5,2572,California
Madera,2021-01-11,238,2930,190,1330,48,1600,0,0,197,2608,41,161,197,2769,California
Madera,2021-01-12,392,3322,159,1489,233,1833,0,0,287,2790,105,266,287,3056,California
Madera,2021-01-13,184,3506,91,1580,93,1926,0,0,128,2863,56,322,129,3185,California
Madera,2021-01-14,553,4059,81,1661,472,2398,0,0,519,3348,34,356,519,3704,California
Madera,2021-01-15,599,4658,160,1821,439,2837,0,0,578,3905,21,377,578,4282,California
Madera,2021-01-16,381,5039,47,1868,334,3171,0,0,353,4230,28,405,353,4635,California
Madera,2021-01-17,335,5374,15,1883,320,3491,0,0,331,4557,4,409,331,4966,California
Madera,2021-01-18,77,5451,60,1943,17,3508,0,0,58,4597,18,427,58,5024,California
Madera,2021-01-19,572,6023,136,2079,436,3944,0,0,544,5114,28,455,545,5569,California
Madera,2021-01-20,235,6258,80,2159,155,4099,0,0,207,5294,27,482,207,5776,California
Madera,2021-01-21,238,6496,131,2290,107,4206,0,0,205,5468,31,513,205,5981,California
Madera,2021-01-22,257,6753,83,2373,174,4380,0,0,243,5697,14,527,243,6224,California
Madera,2021-01-23,100,6853,52,2425,48,4428,0,0,76,5749,24,551,76,6300,California
Madera,2021-01-24,100,6953,82,2507,18,4446,0,0,78,5805,22,573,78,6378,California
Madera,2021-01-25,262,7215,126,2633,136,4582,0,0,144,5831,118,691,144,6522,California
Madera,2021-01-26,484,7699,189,2822,295,4877,0,0,295,5939,188,879,296,6818,California
Madera,2021-01-27,737,8436,63,2885,674,5551,0,0,600,6404,137,1016,602,7420,California
Madera,2021-01-28,544,8980,108,2993,436,5987,0,0,441,6742,103,1119,441,7861,California
Madera,2021-01-29,466,9446,94,3087,372,6359,0,0,411,7098,55,1174,411,8272,California
Madera,2021-01-30,505,9951,16,3103,489,6848,0,0,451,7495,54,1228,451,8723,California
Madera,2021-01-31,9,9960,6,3109,3,6851,0,0,8,7502,1,1229,8,8731,California
Madera,2021-02-01,332,10292,148,3257,184,7035,0,0,206,7582,126,1355,206,8937,California
Madera,2021-02-02,252,10544,88,3345,164,7199,0,0,161,7654,90,1445,162,9099,California
Madera,2021-02-03,595,11139,461,3806,134,7333,0,0,475,8012,118,1563,476,9575,California
Madera,2021-02-04,392,11531,124,3930,268,7601,0,0,114,7850,277,1840,115,9690,California
Madera,2021-02-05,975,12506,297,4227,678,8279,0,0,369,7619,601,2441,370,10060,California
Madera,2021-02-06,359,12865,325,4552,34,8313,0,0,320,7901,38,2479,320,10380,California
Madera,2021-02-07,34,12899,6,4558,28,8341,0,0,29,7925,5,2484,29,10409,California
Madera,2021-02-08,383,13282,307,4865,76,8417,0,0,269,8081,113,2597,269,10678,California
Madera,2021-02-09,479,13761,118,4983,361,8778,0,0,197,8000,279,2876,198,10876,California
Madera,2021-02-10,431,14192,149,5132,282,9060,0,0,325,8219,106,2982,325,11201,California
Madera,2021-02-11,938,15130,307,5439,631,9691,0,0,407,8097,530,3512,408,11609,California
Madera,2021-02-12,842,15972,120,5559,722,10413,0,0,311,7886,525,4037,314,11923,California
Madera,2021-02-13,484,16456,43,5602,441,10854,0,0,138,7682,345,4382,141,12064,California
Madera,2021-02-14,399,16855,75,5677,324,11178,0,0,135,7554,264,4646,136,12200,California
Madera,2021-02-15,246,17101,100,5777,146,11324,0,0,175,7659,70,4716,175,12375,California
Madera,2021-02-16,774,17875,183,5960,591,11915,0,0,228,7344,544,5260,229,12604,California
Madera,2021-02-17,610,18485,274,6234,336,12251,0,0,340,7421,265,5525,342,12946,California
Madera,2021-02-18,1299,19784,540,6774,759,13010,0,0,1120,8363,179,5704,1121,14067,California
Madera,2021-02-19,858,20642,543,7317,315,13325,0,0,716,8938,142,5846,717,14784,California
Madera,2021-02-20,1070,21712,979,8296,91,13416,0,0,998,9866,71,5917,999,15783,California
Madera,2021-02-21,962,22674,819,9115,143,13559,0,0,957,10818,5,5922,957,16740,California
Madera,2021-02-22,910,23584,834,9949,76,13635,0,0,855,11618,55,5977,855,17595,California
Madera,2021-02-23,774,24358,501,10450,273,13908,0,0,546,11939,225,6202,546,18141,California
Madera,2021-02-24,908,25266,299,10749,609,14517,0,0,378,11788,529,6731,378,18519,California
Madera,2021-02-25,1032,26298,317,11066,715,15232,0,0,599,11956,431,7162,599,19118,California
Madera,2021-02-26,1087,27385,197,11263,890,16122,0,0,711,12293,374,7536,711,19829,California
Madera,2021-02-27,893,28278,261,11524,632,16754,0,0,469,12344,421,7957,472,20301,California
Madera,2021-02-28,188,28466,28,11552,160,16914,0,0,183,12522,5,7962,183,20484,California
Madera,2021-03-01,373,28839,118,11670,255,17169,0,0,193,12537,178,8140,193,20677,California
Madera,2021-03-02,744,29583,351,12021,393,17562,0,0,631,13057,112,8252,632,21309,California
Madera,2021-03-03,1346,30929,719,12740,627,18189,0,0,942,13624,401,8653,968,22277,California
Madera,2021-03-04,1200,32129,527,13267,673,18862,0,0,953,14332,248,8901,956,23233,California
Madera,2021-03-05,1344,33473,421,13688,910,19772,13,13,1079,15172,263,9164,1103,24336,California
Madera,2021-03-06,810,34283,629,14317,149,19921,32,45,492,15380,317,9481,525,24861,California
Madera,2021-03-07,154,34437,28,14345,104,20025,22,67,104,15456,50,9531,126,24987,California
Madera,2021-03-08,595,35032,335,14680,201,20226,59,126,303,15528,292,9823,364,25351,California
Madera,2021-03-09,593,35625,296,14976,263,20489,34,160,407,15793,184,10007,449,25800,California
Madera,2021-03-10,1184,36809,560,15536,546,21035,78,238,755,16202,425,10432,834,26634,California
Madera,2021-03-11,1681,38490,865,16401,484,21519,332,570,768,16403,911,11343,1112,27746,California
Madera,2021-03-12,1565,40055,809,17210,601,22120,155,725,790,16600,773,12116,970,28716,California
Madera,2021-03-13,1875,41930,1329,18539,348,22468,198,923,808,16559,1063,13179,1022,29738,California
Madera,2021-03-14,583,42513,449,18988,102,22570,32,955,294,16599,286,13465,326,30064,California
Madera,2021-03-15,738,43251,222,19210,469,23039,47,1002,513,16962,222,13687,585,30649,California
Madera,2021-03-16,928,44179,524,19734,357,23396,47,1049,739,17579,186,13873,803,31452,California
Madera,2021-03-17,1463,45642,979,20713,421,23817,63,1112,909,18095,546,14419,1062,32514,California
Madera,2021-03-18,1945,47587,683,21396,1202,25019,60,1172,974,18247,966,15385,1118,33632,California
Madera,2021-03-19,1583,49170,589,21985,910,25929,84,1256,1041,18899,539,15924,1191,34823,California
Madera,2021-03-20,1181,50351,775,22760,355,26284,51,1307,619,19056,561,16485,718,35541,California
Madera,2021-03-21,1100,51451,898,23658,156,26440,46,1353,382,18770,715,17200,429,35970,California
Madera,2021-03-22,1360,52811,852,24510,440,26880,68,1421,686,18895,671,17871,796,36766,California
Madera,2021-03-23,1417,54228,861,25371,466,27346,90,1511,675,19002,740,18611,847,37613,California
Madera,2021-03-24,945,55173,506,25877,408,27754,31,1542,616,19327,326,18937,651,38264,California
Madera,2021-03-25,1167,56340,528,26405,615,28369,24,1566,645,19497,512,19449,682,38946,California
Madera,2021-03-26,1518,57858,578,26983,808,29177,132,1698,711,19540,803,20252,846,39792,California
Madera,2021-03-27,919,58777,599,27582,296,29473,24,1722,416,19482,499,20751,441,40233,California
Madera,2021-03-28,434,59211,151,27733,222,29695,61,1783,242,19647,191,20942,356,40589,California
Madera,2021-03-29,685,59896,179,27912,477,30172,29,1812,491,19981,190,21132,524,41113,California
Madera,2021-03-30,1070,60966,604,28516,434,30606,32,1844,480,19907,587,21719,513,41626,California
Madera,2021-03-31,1394,62360,544,29060,716,31322,134,1978,428,19511,960,22679,564,42190,California
Madera,2021-04-01,1340,63700,620,29680,669,31991,51,2029,470,19166,864,23543,519,42709,California
Madera,2021-04-02,1598,65298,459,30139,1081,33072,58,2087,476,18590,1111,24654,535,43244,California
Madera,2021-04-03,958,66256,761,30900,177,33249,20,2107,395,18453,561,25215,424,43668,California
Madera,2021-04-04,187,66443,65,30965,120,33369,2,2109,88,18444,99,25314,90,43758,California
Madera,2021-04-05,736,67179,255,31220,423,33792,58,2167,343,18467,392,25706,415,44173,California
Madera,2021-04-06,1701,68880,887,32107,464,34256,350,2517,531,18180,1169,26875,882,45055,California
Madera,2021-04-07,1197,70077,370,32477,678,34934,149,2666,410,17960,784,27659,564,45619,California
Madera,2021-04-08,1699,71776,656,33133,786,35720,257,2923,542,17614,1151,28810,805,46424,California
Madera,2021-04-09,1620,73396,682,33815,790,36510,148,3071,936,18022,679,29489,1087,47511,California
Madera,2021-04-10,956,74352,679,34494,210,36720,67,3138,705,18543,252,29741,773,48284,California
Madera,2021-04-11,800,75152,648,35142,74,36794,78,3216,282,18386,515,30256,358,48642,California
Madera,2021-04-12,781,75933,268,35410,436,37230,77,3293,302,18287,479,30735,380,49022,California
Madera,2021-04-13,1233,77166,607,36017,585,37815,41,3334,717,18541,514,31249,768,49790,California
Madera,2021-04-14,1379,78545,853,36870,526,38341,0,3334,568,18303,812,32061,574,50364,California
Madera,2021-04-15,1153,79698,499,37369,653,38994,1,3335,421,18006,720,32781,423,50787,California
Madera,2021-04-16,1307,81005,535,37904,772,39766,0,3335,365,17441,931,33712,366,51153,California
Madera,2021-04-17,1266,82271,1068,38972,198,39964,0,3335,757,17689,509,34221,757,51910,California
Madera,2021-04-18,244,82515,207,39179,37,40001,0,3335,88,17622,155,34376,88,51998,California
Madera,2021-04-19,804,83319,236,39415,567,40568,1,3336,277,17378,521,34897,277,52275,California
Madera,2021-04-20,871,84190,427,39842,444,41012,0,3336,215,16942,653,35550,217,52492,California
Madera,2021-04-21,856,85046,452,40294,404,41416,0,3336,289,16666,567,36117,291,52783,California
Madera,2021-04-22,1059,86105,510,40804,549,41965,0,3336,372,16356,683,36800,373,53156,California
Madera,2021-04-23,960,87065,306,41110,654,42619,0,3336,334,16069,621,37421,334,53490,California
Madera,2021-04-24,704,87769,463,41573,241,42860,0,3336,245,15860,455,37876,246,53736,California
Madera,2021-04-25,265,88034,161,41734,101,42961,3,3339,118,15839,143,38019,122,53858,California
Madera,2021-04-26,518,88552,97,41831,415,43376,6,3345,111,15552,404,38423,117,53975,California
Madera,2021-04-27,564,89116,265,42096,278,43654,21,3366,297,15605,266,38689,319,54294,California
Madera,2021-04-28,489,89605,196,42292,274,43928,19,3385,240,15616,247,38936,258,54552,California
Madera,2021-04-29,531,90136,240,42532,264,44192,27,3412,250,15619,274,39210,277,54829,California
Madera,2021-04-30,919,91055,501,43033,402,44594,16,3428,255,15231,659,39869,271,55100,California
Madera,2021-05-01,958,92013,864,43897,81,44675,13,3441,384,15055,573,40442,397,55497,California
Madera,2021-05-02,400,92413,351,44248,45,44720,4,3445,148,14955,252,40694,152,55649,California
Madera,2021-05-03,503,92916,201,44449,262,44982,40,3485,101,14697,399,41093,141,55790,California
Madera,2021-05-04,882,93798,433,44882,409,45391,40,3525,211,14277,671,41764,251,56041,California
Madera,2021-05-05,994,94792,473,45355,462,45853,59,3584,273,13890,719,42483,332,56373,California
Madera,2021-05-06,696,95488,248,45603,417,46270,31,3615,154,13538,537,43020,185,56558,California
Madera,2021-05-07,806,96294,279,45882,506,46776,21,3636,194,13145,607,43627,214,56772,California
Madera,2021-05-08,968,97262,756,46638,202,46978,10,3646,186,12560,781,44408,196,56968,California
Madera,2021-05-09,145,97407,19,46657,115,47093,11,3657,34,12495,110,44518,45,57013,California
Madera,2021-05-10,343,97750,73,46730,258,47351,12,3669,99,12363,243,44761,111,57124,California
Madera,2021-05-11,525,98275,174,46904,343,47694,8,3677,172,12192,351,45112,180,57304,California
Madera,2021-05-12,491,98766,222,47126,233,47927,36,3713,119,11977,370,45482,155,57459,California
Madera,2021-05-13,475,99241,286,47412,157,48084,32,3745,154,11844,319,45801,186,57645,California
Madera,2021-05-14,503,99744,261,47673,229,48313,13,3758,223,11803,277,46078,236,57881,California
Madera,2021-05-15,560,100304,475,48148,77,48390,8,3766,363,11979,195,46273,371,58252,California
Madera,2021-05-16,253,100557,186,48334,37,48427,30,3796,103,11962,150,46423,133,58385,California
Madera,2021-05-17,450,101007,186,48520,235,48662,29,3825,206,11956,241,46664,235,58620,California
Madera,2021-05-18,542,101549,363,48883,158,48820,21,3846,286,12011,252,46916,307,58927,California
Madera,2021-05-19,481,102030,222,49105,237,49057,22,3868,215,11983,265,47181,237,59164,California
Madera,2021-05-20,535,102565,239,49344,258,49315,38,3906,202,11896,327,47508,240,59404,California
Madera,2021-05-21,440,103005,163,49507,254,49569,23,3929,159,11802,276,47784,182,59586,California
Madera,2021-05-22,701,103706,628,50135,59,49628,14,3943,395,11906,305,48089,409,59995,California
Madera,2021-05-23,214,103920,205,50340,2,49630,7,3950,114,11928,99,48188,121,60116,California
Marin,2020-12-15,2,2,2,2,0,0,0,0,2,2,0,0,2,2,California
Marin,2020-12-16,109,111,109,111,0,0,0,0,109,111,0,0,109,111,California
Marin,2020-12-17,261,372,261,372,0,0,0,0,261,372,0,0,261,372,California
Marin,2020-12-18,374,746,374,746,0,0,0,0,374,746,0,0,374,746,California
Marin,2020-12-19,346,1092,345,1091,1,1,0,0,346,1092,0,0,346,1092,California
Marin,2020-12-20,166,1258,165,1256,1,2,0,0,166,1258,0,0,166,1258,California
Marin,2020-12-21,238,1496,235,1491,3,5,0,0,238,1496,0,0,238,1496,California
Marin,2020-12-22,522,2018,318,1809,204,209,0,0,522,2018,0,0,522,2018,California
Marin,2020-12-23,733,2751,321,2130,412,621,0,0,733,2751,0,0,733,2751,California
Marin,2020-12-24,357,3108,159,2289,198,819,0,0,357,3108,0,0,357,3108,California
Marin,2020-12-25,27,3135,0,2289,27,846,0,0,27,3135,0,0,27,3135,California
Marin,2020-12-26,143,3278,93,2382,50,896,0,0,143,3278,0,0,143,3278,California
Marin,2020-12-27,92,3370,55,2437,37,933,0,0,92,3370,0,0,92,3370,California
Marin,2020-12-28,408,3778,99,2536,309,1242,0,0,408,3778,0,0,408,3778,California
Marin,2020-12-29,403,4181,88,2624,315,1557,0,0,403,4181,0,0,403,4181,California
Marin,2020-12-30,626,4807,389,3013,237,1794,0,0,626,4807,0,0,626,4807,California
Marin,2020-12-31,198,5005,34,3047,164,1958,0,0,198,5005,0,0,198,5005,California
Marin,2021-01-01,19,5024,9,3056,10,1968,0,0,19,5024,0,0,19,5024,California
Marin,2021-01-02,113,5137,107,3163,6,1974,0,0,113,5137,0,0,113,5137,California
Marin,2021-01-03,49,5186,31,3194,18,1992,0,0,46,5183,0,0,46,5183,California
Marin,2021-01-04,295,5481,192,3386,103,2095,0,0,294,5476,1,1,294,5477,California
Marin,2021-01-05,369,5850,222,3608,147,2242,0,0,326,5759,43,44,326,5803,California
Marin,2021-01-06,818,6668,318,3926,500,2742,0,0,638,6217,180,224,638,6441,California
Marin,2021-01-07,886,7554,500,4426,386,3128,0,0,542,6415,344,568,542,6983,California
Marin,2021-01-08,970,8524,515,4941,455,3583,0,0,593,6632,376,944,593,7576,California
Marin,2021-01-09,620,9144,223,5164,397,3980,0,0,488,6988,132,1076,488,8064,California
Marin,2021-01-10,128,9272,99,5263,29,4009,0,0,55,6970,73,1149,55,8119,California
Marin,2021-01-11,469,9741,327,5590,142,4151,0,0,248,6999,221,1370,250,8369,California
Marin,2021-01-12,938,10679,543,6133,395,4546,0,0,570,7204,365,1735,570,8939,California
Marin,2021-01-13,1177,11856,497,6630,680,5226,0,0,939,7905,238,1973,939,9878,California
Marin,2021-01-14,1069,12925,318,6948,751,5977,0,0,919,8676,148,2121,919,10797,California
Marin,2021-01-15,1156,14081,353,7301,803,6780,0,0,1026,9574,129,2250,1027,11824,California
Marin,2021-01-16,1123,15204,914,8215,209,6989,0,0,1049,10549,74,2324,1049,12873,California
Marin,2021-01-17,1231,16435,1113,9328,118,7107,0,0,1202,11726,28,2352,1205,14078,California
Marin,2021-01-18,360,16795,158,9486,202,7309,0,0,309,11984,51,2403,309,14387,California
Marin,2021-01-19,1156,17951,913,10399,243,7552,0,0,983,12795,172,2575,983,15370,California
Marin,2021-01-20,1794,19745,1210,11609,584,8136,0,0,1064,13140,719,3294,1064,16434,California
Marin,2021-01-21,1683,21428,1061,12670,622,8758,0,0,1329,14120,351,3645,1331,17765,California
Marin,2021-01-22,1703,23131,1091,13761,612,9370,0,0,1531,15480,172,3817,1532,19297,California
Marin,2021-01-23,1847,24978,1344,15105,503,9873,0,0,1758,17150,88,3905,1758,21055,California
Marin,2021-01-24,614,25592,165,15270,449,10322,0,0,582,17700,32,3937,582,21637,California
Marin,2021-01-25,1132,26724,231,15501,901,11223,0,0,694,17957,438,4375,695,22332,California
Marin,2021-01-26,1507,28231,783,16284,724,11947,0,0,1132,18715,374,4749,1132,23464,California
Marin,2021-01-27,1713,29944,886,17170,827,12774,0,0,1353,19711,358,5107,1354,24818,California
Marin,2021-01-28,2083,32027,1070,18240,1013,13787,0,0,1819,21268,263,5370,1820,26638,California
Marin,2021-01-29,2191,34218,1444,19684,747,14534,0,0,1987,23064,192,5562,1988,28626,California
Marin,2021-01-30,1721,35939,906,20590,815,15349,0,0,1642,24628,79,5641,1643,30269,California
Marin,2021-01-31,458,36397,321,20911,137,15486,0,0,432,25034,26,5667,432,30701,California
Marin,2021-02-01,1092,37489,418,21329,674,16160,0,0,894,25732,197,5864,895,31596,California
Marin,2021-02-02,1377,38866,487,21816,890,17050,0,0,723,25812,643,6507,723,32319,California
Marin,2021-02-03,1774,40640,421,22237,1353,18403,0,0,1272,26583,501,7008,1272,33591,California
Marin,2021-02-04,1524,42164,498,22735,1026,19429,0,0,922,26906,599,7607,922,34513,California
Marin,2021-02-05,2172,44336,679,23414,1493,20922,0,0,1336,27410,832,8439,1336,35849,California
Marin,2021-02-06,1428,45764,850,24264,578,21500,0,0,607,27197,820,9259,607,36456,California
Marin,2021-02-07,1290,47054,1009,25273,281,21781,0,0,489,26886,800,10059,489,36945,California
Marin,2021-02-08,1521,48575,751,26024,770,22551,0,0,723,26813,796,10855,723,37668,California
Marin,2021-02-09,1778,50353,1121,27145,657,23208,0,0,832,26699,946,11801,832,38500,California
Marin,2021-02-10,2337,52690,1489,28634,848,24056,0,0,1214,26793,1121,12922,1215,39715,California
Marin,2021-02-11,2865,55555,1639,30273,1226,25282,0,0,1448,26832,1412,14334,1451,41166,California
Marin,2021-02-12,3064,58619,1540,31813,1524,26806,0,0,1559,26890,1502,15836,1560,42726,California
Marin,2021-02-13,2342,60961,1244,33057,1098,27904,0,0,1132,26814,1208,17044,1132,43858,California
Marin,2021-02-14,813,61774,302,33359,511,28415,0,0,720,27442,93,17137,721,44579,California
Marin,2021-02-15,1214,62988,355,33714,859,29274,0,0,834,27898,379,17516,835,45414,California
Marin,2021-02-16,2469,65457,1058,34772,1411,30685,0,0,1506,28442,962,18478,1506,46920,California
Marin,2021-02-17,2107,67564,946,35718,1161,31846,0,0,1090,28518,1015,19493,1091,48011,California
Marin,2021-02-18,2417,69981,1583,37301,834,32680,0,0,1058,28218,1358,20851,1058,49069,California
Marin,2021-02-19,2762,72743,2157,39458,605,33285,0,0,1221,27912,1528,22379,1222,50291,California
Marin,2021-02-20,2565,75308,2111,41569,454,33739,0,0,1216,27788,1341,23720,1217,51508,California
Marin,2021-02-21,1308,76616,1114,42683,194,33933,0,0,930,28344,374,24094,930,52438,California
Marin,2021-02-22,1833,78449,1411,44094,422,34355,0,0,1220,28953,611,24705,1220,53658,California
Marin,2021-02-23,2858,81307,1638,45732,1220,35575,0,0,1924,29955,923,25628,1925,55583,California
Marin,2021-02-24,3514,84821,1615,47347,1899,37474,0,0,2253,30955,1254,26882,2254,57837,California
Marin,2021-02-25,3938,88759,1814,49161,2124,39598,0,0,2779,32583,1152,28034,2780,60617,California
Marin,2021-02-26,3493,92252,1891,51052,1602,41200,0,0,2538,34179,943,28977,2539,63156,California
Marin,2021-02-27,2627,94879,1510,52562,1117,42317,0,0,1788,35133,836,29813,1790,64946,California
Marin,2021-02-28,1377,96256,916,53478,461,42778,0,0,1042,35843,332,30145,1042,65988,California
Marin,2021-03-01,2506,98762,1557,55035,949,43727,0,0,1684,36712,815,30960,1684,67672,California
Marin,2021-03-02,2523,101285,1681,56716,841,44568,1,1,1752,37698,767,31727,1753,69425,California
Marin,2021-03-03,4336,105621,2410,59126,1922,46490,4,5,2808,38988,1522,33249,2812,72237,California
Marin,2021-03-04,3386,109007,1664,60790,1721,48211,1,6,2367,40347,1012,34261,2371,74608,California
Marin,2021-03-05,3074,112081,1176,61966,1886,50097,12,18,1803,40895,1267,35528,1815,76423,California
Marin,2021-03-06,3241,115322,2326,64292,837,50934,78,96,2666,43068,570,36098,2743,79166,California
Marin,2021-03-07,1388,116710,1169,65461,195,51129,24,120,998,43705,385,36483,1022,80188,California
Marin,2021-03-08,1895,118605,1390,66851,388,51517,117,237,1425,44780,467,36950,1542,81730,California
Marin,2021-03-09,2225,120830,1343,68194,774,52291,108,345,1549,45762,674,37624,1656,83386,California
Marin,2021-03-10,4448,125278,2504,70698,1661,53952,283,628,3212,48028,1231,38855,3497,86883,California
Marin,2021-03-11,4570,129848,1880,72578,2554,56506,136,764,3274,50149,1289,40144,3410,90293,California
Marin,2021-03-12,3984,133832,1546,74124,2082,58588,356,1120,1572,49676,2401,42545,1928,92221,California
Marin,2021-03-13,4095,137927,2856,76980,1167,59755,72,1192,2418,50486,1675,44220,2485,94706,California
Marin,2021-03-14,2281,140208,1104,78084,1060,60815,117,1309,710,49743,1569,45789,826,95532,California
Marin,2021-03-15,3244,143452,1777,79861,1418,62233,49,1358,1229,49016,2004,47793,1277,96809,California
Marin,2021-03-16,4306,147758,2320,82181,1622,63855,364,1722,1501,48077,2802,50595,1863,98672,California
Marin,2021-03-17,4193,151951,2278,84459,1868,65723,47,1769,2060,48062,2121,52716,2106,100778,California
Marin,2021-03-18,4495,156446,2270,86729,2150,67873,75,1844,2250,48155,2229,54945,2322,103100,California
Marin,2021-03-19,4479,160925,2296,89025,1964,69837,219,2063,2432,48767,2037,56982,2649,105749,California
Marin,2021-03-20,3593,164518,1994,91019,1485,71322,114,2177,2032,49362,1552,58534,2147,107896,California
Marin,2021-03-21,1546,166064,1141,92160,381,71703,24,2201,805,49452,739,59273,829,108725,California
Marin,2021-03-22,2484,168548,2146,94306,171,71874,167,2368,996,49131,1484,60757,1163,109888,California
Marin,2021-03-23,4248,172796,2204,96510,1914,73788,130,2498,1876,48771,2366,63123,2006,111894,California
Marin,2021-03-24,4447,177243,2906,99416,1436,75224,105,2603,1817,48074,2617,65740,1920,113814,California
Marin,2021-03-25,4647,181890,2842,102258,1737,76961,68,2671,2257,48021,2376,68116,2323,116137,California
Marin,2021-03-26,4306,186196,2343,104601,1749,78710,214,2885,2411,48767,1879,69995,2625,118762,California
Marin,2021-03-27,3720,189916,2673,107274,1028,79738,19,2904,1141,47357,2569,72564,1159,119921,California
Marin,2021-03-28,2386,192302,1726,109000,654,80392,6,2910,1088,47160,1291,73855,1094,121015,California
Marin,2021-03-29,2694,194996,2099,111099,570,80962,25,2935,1165,46824,1527,75382,1191,122206,California
Marin,2021-03-30,4670,199666,3656,114755,980,81942,34,2969,2953,48097,1714,77096,2987,125193,California
Marin,2021-03-31,5825,205491,4128,118883,1648,83590,49,3018,2546,47424,3268,80364,2595,127788,California
Marin,2021-04-01,4442,209933,2283,121166,1903,85493,256,3274,2112,47473,2318,82682,2367,130155,California
Marin,2021-04-02,3738,213671,1858,123024,1509,87002,371,3645,1999,48105,1731,84413,2363,132518,California
Marin,2021-04-03,3895,217566,2547,125571,970,87972,378,4023,1485,47573,2397,86810,1865,134383,California
Marin,2021-04-04,1651,219217,1241,126812,207,88179,203,4226,1202,48531,447,87257,1405,135788,California
Marin,2021-04-05,2205,221422,1528,128340,303,88482,374,4600,1262,49227,938,88195,1634,137422,California
Marin,2021-04-06,3958,225380,2114,130454,1293,89775,551,5151,2197,50217,1756,89951,2746,140168,California
Marin,2021-04-07,3944,229324,1997,132451,1307,91082,640,5791,1444,49811,2492,92443,2086,142254,California
Marin,2021-04-08,4997,234321,1958,134409,2432,93514,607,6398,2279,49978,2709,95152,2876,145130,California
Marin,2021-04-09,3956,238277,1543,135952,1688,95202,725,7123,1297,49343,2654,97806,2019,147149,California
Marin,2021-04-10,3188,241465,1461,137413,1296,96498,431,7554,1428,49453,1747,99553,1857,149006,California
Marin,2021-04-11,1057,242522,803,138216,92,96590,162,7716,470,49499,585,100138,631,149637,California
Marin,2021-04-12,1734,244256,1234,139450,340,96930,160,7876,914,49758,816,100954,1075,150712,California
Marin,2021-04-13,3712,247968,2273,141723,1432,98362,7,7883,1347,48757,2355,103309,1354,152066,California
Marin,2021-04-14,4155,252123,2478,144201,1674,100036,3,7886,1706,48025,2439,105748,1707,153773,California
Marin,2021-04-15,5567,257690,3944,148145,1623,101659,0,7886,3190,48851,2365,108113,3191,156964,California
Marin,2021-04-16,4249,261939,2235,150380,2011,103670,3,7889,2066,48751,2170,110283,2070,159034,California
Marin,2021-04-17,3528,265467,2154,152534,1374,105044,0,7889,1760,48748,1763,112046,1760,160794,California
Marin,2021-04-18,3170,268637,3068,155602,102,105146,0,7889,2535,50651,632,112678,2535,163329,California
Marin,2021-04-19,2042,270679,1870,157472,172,105318,0,7889,1160,50935,878,113556,1162,164491,California
Marin,2021-04-20,3688,274367,2549,160021,1139,106457,0,7889,1467,50188,2215,115771,1468,165959,California
Marin,2021-04-21,4005,278372,2942,162963,1060,107517,3,7892,1355,48909,2635,118406,1356,167315,California
Marin,2021-04-22,4212,282584,3212,166175,1000,108517,0,7892,1484,47675,2721,121127,1487,168802,California
Marin,2021-04-23,3223,285807,1818,167993,1405,109922,0,7892,1226,46912,1990,123117,1227,170029,California
Marin,2021-04-24,2518,288325,1683,169676,834,110756,1,7893,918,46237,1594,124711,919,170948,California
Marin,2021-04-25,1382,289707,1265,170941,117,110873,0,7893,306,45473,1070,125781,306,171254,California
Marin,2021-04-26,1549,291256,1352,172293,194,111067,3,7896,352,44636,1193,126974,356,171610,California
Marin,2021-04-27,2976,294232,2175,174468,763,111830,38,7934,970,43643,1997,128971,1004,172614,California
Marin,2021-04-28,2299,296531,1585,176053,664,112494,50,7984,721,42838,1574,130545,769,173383,California
Marin,2021-04-29,2873,299404,1969,178022,842,113336,62,8046,786,41606,2080,132625,848,174231,California
Marin,2021-04-30,1952,301356,1277,179299,587,113923,88,8134,700,41148,1246,133871,788,175019,California
Marin,2021-05-01,1814,303170,1006,180305,785,114708,23,8157,526,40415,1281,135152,548,175567,California
Marin,2021-05-02,723,303893,586,180891,108,114816,29,8186,200,40124,519,135671,228,175795,California
Marin,2021-05-03,1210,305103,988,181879,167,114983,55,8241,260,39491,947,136618,314,176109,California
Marin,2021-05-04,2916,308019,1961,183840,865,115848,90,8331,470,37612,2439,139057,560,176669,California
Marin,2021-05-05,2718,310737,1995,185835,601,116449,122,8453,442,35906,2270,141327,564,177233,California
Marin,2021-05-06,3256,313993,2530,188365,637,117086,89,8542,425,33595,2823,144150,512,177745,California
Marin,2021-05-07,2030,316023,1543,189908,401,117487,86,8628,379,32414,1644,145794,463,178208,California
Marin,2021-05-08,2465,318488,1859,191767,484,117971,122,8750,338,30755,2119,147913,460,178668,California
Marin,2021-05-09,983,319471,898,192665,65,118036,20,8770,118,30033,861,148774,139,178807,California
Marin,2021-05-10,1401,320872,1148,193813,183,118219,70,8840,199,29103,1198,149972,268,179075,California
Marin,2021-05-11,2283,323155,1833,195646,397,118616,53,8893,295,27464,1986,151958,347,179422,California
Marin,2021-05-12,1388,324543,1029,196675,292,118908,67,8960,273,26692,1111,153069,339,179761,California
Marin,2021-05-13,2496,327039,2164,198839,277,119185,55,9015,1345,26946,1145,154214,1399,181160,California
Marin,2021-05-14,2201,329240,1452,200291,649,119834,100,9115,883,26617,1312,155526,983,182143,California
Marin,2021-05-15,2709,331949,2244,202535,385,120219,80,9195,1640,27269,1068,156594,1720,183863,California
Marin,2021-05-16,1643,333592,1588,204123,50,120269,5,9200,1328,28288,313,156907,1332,185195,California
Marin,2021-05-17,2128,335720,1980,206103,105,120374,43,9243,1716,29642,405,157312,1759,186954,California
Marin,2021-05-18,1515,337235,1182,207285,279,120653,54,9297,800,29785,710,158022,853,187807,California
Marin,2021-05-19,1503,338738,1215,208500,227,120880,61,9358,775,29898,722,158744,835,188642,California
Marin,2021-05-20,1557,340295,1310,209810,189,121069,58,9416,611,29628,939,159683,669,189311,California
Marin,2021-05-21,1302,341597,755,210565,508,121577,39,9455,368,29107,928,160611,407,189718,California
Marin,2021-05-22,1226,342823,907,211472,266,121843,53,9508,819,29575,404,161015,872,190590,California
Marin,2021-05-23,331,343154,327,211799,3,121846,1,9509,147,29540,183,161198,148,190738,California
Mariposa,2020-12-17,37,37,37,37,0,0,0,0,39,39,0,0,39,39,California
Mariposa,2020-12-18,55,92,55,92,0,0,0,0,56,95,0,0,56,95,California
Mariposa,2020-12-20,2,94,2,94,0,0,0,0,2,97,0,0,2,97,California
Mariposa,2020-12-21,49,143,49,143,0,0,0,0,53,150,0,0,53,150,California
Mariposa,2020-12-22,5,148,5,148,0,0,0,0,5,155,0,0,5,155,California
Mariposa,2020-12-23,16,164,16,164,0,0,0,0,16,171,0,0,16,171,California
Mariposa,2020-12-24,1,165,0,164,1,1,0,0,0,171,0,0,0,171,California
Mariposa,2020-12-26,1,166,1,165,0,1,0,0,1,172,0,0,1,172,California
Mariposa,2020-12-27,1,167,0,165,1,2,0,0,1,173,0,0,1,173,California
Mariposa,2020-12-28,6,173,3,168,3,5,0,0,6,179,0,0,6,179,California
Mariposa,2020-12-29,33,206,3,171,30,35,0,0,33,212,0,0,33,212,California
Mariposa,2020-12-30,25,231,4,175,21,56,0,0,25,237,0,0,25,237,California
Mariposa,2020-12-31,16,247,0,175,16,72,0,0,16,253,0,0,16,253,California
Mariposa,2021-01-02,1,248,1,176,0,72,0,0,1,254,0,0,1,254,California
Mariposa,2021-01-04,8,256,1,177,7,79,0,0,8,262,0,0,8,262,California
Mariposa,2021-01-05,24,280,14,191,10,89,0,0,14,266,10,10,14,276,California
Mariposa,2021-01-06,6,286,3,194,3,92,0,0,3,266,3,13,3,279,California
Mariposa,2021-01-07,51,337,46,240,5,97,0,0,5,225,46,59,5,284,California
Mariposa,2021-01-08,108,445,79,319,29,126,0,0,33,183,75,134,33,317,California
Mariposa,2021-01-09,1,446,0,319,1,127,0,0,1,184,0,134,1,318,California
Mariposa,2021-01-11,31,477,10,329,21,148,0,0,23,199,8,142,23,341,California
Mariposa,2021-01-12,19,496,4,333,15,163,0,0,15,210,4,146,15,356,California
Mariposa,2021-01-13,21,517,4,337,17,180,0,0,18,225,3,149,18,374,California
Mariposa,2021-01-14,73,590,7,344,66,246,0,0,67,286,6,155,67,441,California
Mariposa,2021-01-15,68,658,27,371,41,287,0,0,58,334,10,165,58,499,California
Mariposa,2021-01-16,14,672,2,373,12,299,0,0,13,346,1,166,13,512,California
Mariposa,2021-01-17,2,674,0,373,2,301,0,0,2,348,0,166,2,514,California
Mariposa,2021-01-18,3,677,3,376,0,301,0,0,1,347,2,168,1,515,California
Mariposa,2021-01-19,8,685,4,380,4,305,0,0,5,350,2,170,5,520,California
Mariposa,2021-01-20,23,708,1,381,22,327,0,0,22,371,1,171,22,542,California
Mariposa,2021-01-21,65,773,7,388,58,385,0,0,61,428,4,175,61,603,California
Mariposa,2021-01-22,56,829,2,390,54,439,0,0,56,484,0,175,56,659,California
Mariposa,2021-01-23,116,945,2,392,114,553,0,0,115,598,1,176,115,774,California
Mariposa,2021-01-24,2,947,2,394,0,553,0,0,2,600,0,176,2,776,California
Mariposa,2021-01-25,4,951,1,395,3,556,0,0,0,596,4,180,0,776,California
Mariposa,2021-01-26,36,987,4,399,32,588,0,0,4,572,32,212,8,784,California
Mariposa,2021-01-27,23,1010,1,400,22,610,0,0,13,575,10,222,13,797,California
Mariposa,2021-01-28,126,1136,3,403,123,733,0,0,113,676,12,234,113,910,California
Mariposa,2021-01-29,84,1220,22,425,62,795,0,0,83,758,1,235,83,993,California
Mariposa,2021-01-30,9,1229,1,426,8,803,0,0,8,765,1,236,8,1001,California
Mariposa,2021-01-31,1,1230,0,426,1,804,0,0,1,766,0,236,1,1002,California
Mariposa,2021-02-01,87,1317,30,456,57,861,0,0,66,811,21,257,66,1068,California
Mariposa,2021-02-02,15,1332,3,459,12,873,0,0,9,814,6,263,9,1077,California
Mariposa,2021-02-03,20,1352,1,460,19,892,0,0,14,822,6,269,14,1091,California
Mariposa,2021-02-04,98,1450,8,468,90,982,0,0,93,912,4,273,94,1185,California
Mariposa,2021-02-05,191,1641,5,473,186,1168,0,0,165,1051,26,299,165,1350,California
Mariposa,2021-02-06,11,1652,4,477,7,1175,0,0,10,1060,1,300,10,1360,California
Mariposa,2021-02-07,1,1653,0,477,1,1176,0,0,1,1061,0,300,1,1361,California
Mariposa,2021-02-08,40,1693,2,479,38,1214,0,0,21,1063,19,319,21,1382,California
Mariposa,2021-02-09,42,1735,24,503,18,1232,0,0,36,1093,6,325,36,1418,California
Mariposa,2021-02-10,28,1763,5,508,23,1255,0,0,17,1106,10,335,23,1441,California
Mariposa,2021-02-11,374,2137,5,513,369,1624,0,0,360,1455,14,349,363,1804,California
Mariposa,2021-02-12,185,2322,8,521,177,1801,0,0,141,1552,44,393,141,1945,California
Mariposa,2021-02-13,11,2333,3,524,8,1809,0,0,9,1559,2,395,9,1954,California
Mariposa,2021-02-14,8,2341,4,528,4,1813,0,0,5,1561,3,398,5,1959,California
Mariposa,2021-02-15,9,2350,3,531,6,1819,0,0,7,1566,2,400,7,1966,California
Mariposa,2021-02-16,57,2407,34,565,23,1842,0,0,34,1577,23,423,34,2000,California
Mariposa,2021-02-17,36,2443,8,573,28,1870,0,0,27,1597,8,431,28,2028,California
Mariposa,2021-02-18,57,2500,7,580,50,1920,0,0,20,1580,37,468,20,2048,California
Mariposa,2021-02-19,82,2582,3,583,79,1999,0,0,76,1650,6,474,76,2124,California
Mariposa,2021-02-20,253,2835,4,587,249,2248,0,0,223,1844,29,503,223,2347,California
Mariposa,2021-02-21,236,3071,3,590,233,2481,0,0,235,2078,1,504,235,2582,California
Mariposa,2021-02-22,23,3094,7,597,16,2497,0,0,21,2097,2,506,21,2603,California
Mariposa,2021-02-23,43,3137,37,634,6,2503,0,0,26,2106,17,523,26,2629,California
Mariposa,2021-02-24,20,3157,3,637,17,2520,0,0,8,2103,11,534,8,2637,California
Mariposa,2021-02-25,17,3174,8,645,9,2529,0,0,11,2108,6,540,11,2648,California
Mariposa,2021-02-26,424,3598,7,652,417,2946,0,0,363,2411,61,601,364,3012,California
Mariposa,2021-02-27,169,3767,5,657,164,3110,0,0,158,2558,11,612,158,3170,California
Mariposa,2021-02-28,2,3769,1,658,1,3111,0,0,0,2556,2,614,0,3170,California
Mariposa,2021-03-01,81,3850,26,684,55,3166,0,0,16,2508,64,678,16,3186,California
Mariposa,2021-03-02,20,3870,13,697,7,3173,0,0,11,2511,8,686,11,3197,California
Mariposa,2021-03-03,71,3941,5,702,66,3239,0,0,65,2571,6,692,66,3263,California
Mariposa,2021-03-04,38,3979,9,711,29,3268,0,0,20,2574,18,710,21,3284,California
Mariposa,2021-03-05,56,4035,9,720,47,3315,0,0,39,2601,17,727,44,3328,California
Mariposa,2021-03-06,15,4050,6,726,9,3324,0,0,7,2600,8,735,7,3335,California
Mariposa,2021-03-07,1,4051,1,727,0,3324,0,0,0,2599,1,736,0,3335,California
Mariposa,2021-03-08,38,4089,4,731,23,3347,11,11,9,2590,29,765,20,3355,California
Mariposa,2021-03-09,45,4134,18,749,17,3364,10,21,14,2583,31,796,24,3379,California
Mariposa,2021-03-10,31,4165,9,758,12,3376,10,31,10,2582,21,817,20,3399,California
Mariposa,2021-03-11,467,4632,6,764,442,3818,19,50,226,2590,240,1057,248,3647,California
Mariposa,2021-03-12,255,4887,8,772,220,4038,27,77,115,2591,140,1197,141,3788,California
Mariposa,2021-03-13,32,4919,6,778,11,4049,15,92,11,2595,21,1218,25,3813,California
Mariposa,2021-03-14,17,4936,2,780,4,4053,11,103,3,2595,14,1232,14,3827,California
Mariposa,2021-03-15,76,5012,7,787,31,4084,38,141,31,2619,45,1277,69,3896,California
Mariposa,2021-03-16,82,5094,33,820,14,4098,35,176,23,2618,59,1336,58,3954,California
Mariposa,2021-03-17,71,5165,10,830,53,4151,8,184,51,2658,19,1355,59,4013,California
Mariposa,2021-03-18,65,5230,14,844,41,4192,10,194,40,2683,25,1380,50,4063,California
Mariposa,2021-03-19,338,5568,11,855,322,4514,5,199,303,2956,35,1415,308,4371,California
Mariposa,2021-03-20,426,5994,5,860,419,4933,2,201,46,2625,380,1795,49,4420,California
Mariposa,2021-03-21,15,6009,9,869,5,4938,1,202,10,2632,4,1799,11,4431,California
Mariposa,2021-03-22,38,6047,7,876,23,4961,8,210,26,2655,12,1811,35,4466,California
Mariposa,2021-03-23,53,6100,33,909,10,4971,10,220,32,2676,21,1832,42,4508,California
Mariposa,2021-03-24,55,6155,5,914,48,5019,2,222,50,2723,5,1837,52,4560,California
Mariposa,2021-03-25,76,6231,15,929,53,5072,8,230,54,2765,20,1857,62,4622,California
Mariposa,2021-03-26,488,6719,9,938,478,5550,1,231,252,2782,236,2093,253,4875,California
Mariposa,2021-03-27,224,6943,8,946,216,5766,0,231,90,2740,134,2227,92,4967,California
Mariposa,2021-03-28,5,6948,0,946,2,5768,3,234,1,2740,4,2231,4,4971,California
Mariposa,2021-03-29,19,6967,6,952,13,5781,0,234,12,2745,7,2238,12,4983,California
Mariposa,2021-03-30,36,7003,13,965,7,5788,16,250,13,2751,23,2261,29,5012,California
Mariposa,2021-03-31,88,7091,15,980,66,5854,7,257,68,2806,20,2281,75,5087,California
Mariposa,2021-04-01,54,7145,10,990,36,5890,8,265,34,2828,20,2301,42,5129,California
Mariposa,2021-04-02,347,7492,11,1001,334,6224,2,267,306,3096,40,2341,308,5437,California
Mariposa,2021-04-03,10,7502,7,1008,3,6227,0,267,5,3096,5,2346,5,5442,California
Mariposa,2021-04-04,2,7504,1,1009,0,6227,1,268,0,3095,2,2348,1,5443,California
Mariposa,2021-04-05,33,7537,22,1031,7,6234,4,272,16,3098,17,2365,20,5463,California
Mariposa,2021-04-06,43,7580,20,1051,7,6241,16,288,13,3098,29,2394,29,5492,California
Mariposa,2021-04-07,98,7678,6,1057,73,6314,19,307,28,3075,70,2464,47,5539,California
Mariposa,2021-04-08,278,7956,13,1070,246,6560,19,326,142,3103,134,2598,162,5701,California
Mariposa,2021-04-09,38,7994,9,1079,14,6574,15,341,11,3102,27,2625,26,5727,California
Mariposa,2021-04-10,201,8195,3,1082,188,6762,10,351,186,3284,13,2638,195,5922,California
Mariposa,2021-04-11,124,8319,4,1086,118,6880,2,353,57,3277,67,2705,60,5982,California
Mariposa,2021-04-12,42,8361,13,1099,27,6907,2,355,13,3263,29,2734,15,5997,California
Mariposa,2021-04-13,52,8413,45,1144,7,6914,0,355,34,3279,18,2752,34,6031,California
Mariposa,2021-04-14,111,8524,7,1151,104,7018,0,355,57,3283,53,2805,57,6088,California
Mariposa,2021-04-15,57,8581,15,1166,42,7060,0,355,43,3315,11,2816,43,6131,California
Mariposa,2021-04-16,382,8963,11,1177,371,7431,0,355,106,3145,276,3092,106,6237,California
Mariposa,2021-04-17,9,8972,5,1182,4,7435,0,355,6,3148,3,3095,6,6243,California
Mariposa,2021-04-18,7,8979,0,1182,7,7442,0,355,3,3147,4,3099,3,6246,California
Mariposa,2021-04-19,57,9036,25,1207,32,7474,0,355,29,3150,26,3125,29,6275,California
Mariposa,2021-04-20,62,9098,49,1256,13,7487,0,355,39,3168,21,3146,39,6314,California
Mariposa,2021-04-21,90,9188,13,1269,77,7564,0,355,42,3163,47,3193,42,6356,California
Mariposa,2021-04-22,47,9235,8,1277,39,7603,0,355,37,3191,9,3202,37,6393,California
Mariposa,2021-04-23,314,9549,69,1346,245,7848,0,355,143,3165,171,3373,145,6538,California
Mariposa,2021-04-24,105,9654,10,1356,95,7943,0,355,42,3145,62,3435,42,6580,California
Mariposa,2021-04-26,14,9668,10,1366,4,7947,0,355,4,3139,10,3445,4,6584,California
Mariposa,2021-04-27,31,9699,16,1382,14,7961,1,356,15,3142,13,3458,16,6600,California
Mariposa,2021-04-28,74,9773,13,1395,54,8015,7,363,29,3133,45,3503,36,6636,California
Mariposa,2021-04-29,84,9857,12,1407,71,8086,1,364,79,3208,5,3508,80,6716,California
Mariposa,2021-04-30,209,10066,5,1412,199,8285,5,369,63,3130,146,3654,68,6784,California
Mariposa,2021-05-01,2,10068,2,1414,0,8285,0,369,0,3128,2,3656,0,6784,California
Mariposa,2021-05-02,3,10071,2,1416,0,8285,1,370,0,3126,3,3659,1,6785,California
Mariposa,2021-05-03,16,10087,12,1428,3,8288,1,371,7,3126,8,3667,8,6793,California
Mariposa,2021-05-04,50,10137,31,1459,15,8303,4,375,36,3152,14,3681,40,6833,California
Mariposa,2021-05-05,56,10193,8,1467,46,8349,2,377,17,3132,39,3720,19,6852,California
Mariposa,2021-05-06,54,10247,35,1502,14,8363,5,382,38,3159,16,3736,43,6895,California
Mariposa,2021-05-07,27,10274,7,1509,17,8380,3,385,13,3161,14,3750,16,6911,California
Mariposa,2021-05-08,281,10555,4,1513,277,8657,0,385,34,2950,247,3997,36,6947,California
Mariposa,2021-05-09,2,10557,1,1514,1,8658,0,385,0,2948,2,3999,0,6947,California
Mariposa,2021-05-10,19,10576,8,1522,9,8667,2,387,4,2939,15,4014,6,6953,California
Mariposa,2021-05-11,28,10604,19,1541,9,8676,0,387,20,2952,7,4021,20,6973,California
Mariposa,2021-05-12,65,10669,4,1545,58,8734,3,390,6,2902,59,4080,9,6982,California
Mariposa,2021-05-13,48,10717,8,1553,38,8772,2,392,14,2884,34,4114,16,6998,California
Mariposa,2021-05-14,250,10967,122,1675,121,8893,7,399,118,2877,132,4246,125,7123,California
Mariposa,2021-05-15,17,10984,8,1683,8,8901,1,400,10,2881,7,4253,11,7134,California
Mariposa,2021-05-16,3,10987,1,1684,1,8902,1,401,1,2881,2,4255,2,7136,California
Mariposa,2021-05-17,15,11002,6,1690,6,8908,3,404,7,2883,8,4263,10,7146,California
Mariposa,2021-05-18,61,11063,41,1731,15,8923,5,409,45,2918,15,4278,50,7196,California
Mariposa,2021-05-19,68,11131,32,1763,35,8958,1,410,50,2952,17,4295,51,7247,California
Mariposa,2021-05-20,34,11165,19,1782,13,8971,2,412,13,2946,21,4316,15,7262,California
Mariposa,2021-05-21,89,11254,5,1787,82,9053,2,414,39,2938,49,4365,41,7303,California
Mariposa,2021-05-22,36,11290,4,1791,31,9084,1,415,15,2933,21,4386,16,7319,California
Mariposa,2021-05-23,2,11292,1,1792,0,9084,1,416,1,2934,1,4387,2,7321,California
Mendocino,2020-12-17,70,70,70,70,0,0,0,0,70,70,0,0,70,70,California
Mendocino,2020-12-18,85,155,84,154,1,1,0,0,84,154,0,0,84,154,California
Mendocino,2020-12-19,4,159,4,158,0,1,0,0,4,158,0,0,4,158,California
Mendocino,2020-12-20,7,166,7,165,0,1,0,0,7,165,0,0,7,165,California
Mendocino,2020-12-21,241,407,241,406,0,1,0,0,77,242,0,0,77,242,California
Mendocino,2020-12-22,252,659,191,597,61,62,0,0,252,494,0,0,252,494,California
Mendocino,2020-12-23,270,929,47,644,223,285,0,0,269,763,0,0,269,763,California
Mendocino,2020-12-24,49,978,8,652,41,326,0,0,49,812,0,0,49,812,California
Mendocino,2020-12-25,1,979,0,652,1,327,0,0,1,813,0,0,1,813,California
Mendocino,2020-12-26,2,981,2,654,0,327,0,0,2,815,0,0,2,815,California
Mendocino,2020-12-27,1,982,0,654,1,328,0,0,1,816,0,0,1,816,California
Mendocino,2020-12-28,74,1056,9,663,65,393,0,0,74,890,0,0,74,890,California
Mendocino,2020-12-29,122,1178,61,724,61,454,0,0,122,1012,0,0,122,1012,California
Mendocino,2020-12-30,121,1299,67,791,54,508,0,0,121,1133,0,0,121,1133,California
Mendocino,2020-12-31,132,1431,97,888,35,543,0,0,132,1265,0,0,132,1265,California
Mendocino,2021-01-01,8,1439,6,894,2,545,0,0,8,1273,0,0,8,1273,California
Mendocino,2021-01-04,838,2277,18,912,820,1365,0,0,838,2111,0,0,838,2111,California
Mendocino,2021-01-05,74,2351,36,948,38,1403,0,0,61,2159,13,13,61,2172,California
Mendocino,2021-01-06,155,2506,133,1081,22,1425,0,0,145,2294,10,23,145,2317,California
Mendocino,2021-01-07,361,2867,238,1319,123,1548,0,0,298,2529,63,86,298,2615,California
Mendocino,2021-01-08,95,2962,82,1401,13,1561,0,0,41,2517,54,140,42,2657,California
Mendocino,2021-01-09,10,2972,6,1407,4,1565,0,0,8,2523,2,142,8,2665,California
Mendocino,2021-01-10,9,2981,8,1415,1,1566,0,0,2,2518,7,149,2,2667,California
Mendocino,2021-01-11,101,3082,92,1507,9,1575,0,0,43,2504,57,206,43,2710,California
Mendocino,2021-01-12,387,3469,377,1884,10,1585,0,0,270,2657,117,323,270,2980,California
Mendocino,2021-01-13,491,3960,145,2029,346,1931,0,0,449,3067,40,363,450,3430,California
Mendocino,2021-01-14,652,4612,20,2049,632,2563,0,0,643,3701,9,372,643,4073,California
Mendocino,2021-01-15,1872,6484,861,2910,1011,3574,0,0,1867,5564,5,377,1868,5941,California
Mendocino,2021-01-16,792,7276,50,2960,742,4316,0,0,790,6352,2,379,790,6731,California
Mendocino,2021-01-17,553,7829,1,2961,552,4868,0,0,552,6903,1,380,552,7283,California
Mendocino,2021-01-18,487,8316,462,3423,25,4893,0,0,476,7368,11,391,476,7759,California
Mendocino,2021-01-19,334,8650,148,3571,186,5079,0,0,158,7350,176,567,158,7917,California
Mendocino,2021-01-20,555,9205,407,3978,148,5227,0,0,449,7696,104,671,450,8367,California
Mendocino,2021-01-21,538,9743,225,4203,313,5540,0,0,352,7863,185,856,352,8719,California
Mendocino,2021-01-22,149,9892,58,4261,91,5631,0,0,110,7934,39,895,110,8829,California
Mendocino,2021-01-23,156,10048,84,4345,72,5703,0,0,150,8078,6,901,150,8979,California
Mendocino,2021-01-24,5,10053,3,4348,2,5705,0,0,5,8083,0,901,5,8984,California
Mendocino,2021-01-25,192,10245,18,4366,174,5879,0,0,122,8135,70,971,122,9106,California
Mendocino,2021-01-26,153,10398,53,4419,100,5979,0,0,94,8170,59,1030,94,9200,California
Mendocino,2021-01-27,440,10838,371,4790,69,6048,0,0,175,8087,258,1288,175,9375,California
Mendocino,2021-01-28,592,11430,528,5318,64,6112,0,0,497,8490,94,1382,497,9872,California
Mendocino,2021-01-29,392,11822,351,5669,41,6153,0,0,363,8825,29,1411,364,10236,California
Mendocino,2021-01-30,50,11872,31,5700,19,6172,0,0,43,8861,7,1418,43,10279,California
Mendocino,2021-01-31,274,12146,2,5702,272,6444,0,0,4,8595,270,1688,4,10283,California
Mendocino,2021-02-01,381,12527,52,5754,329,6773,0,0,59,8332,322,2010,59,10342,California
Mendocino,2021-02-02,736,13263,515,6269,221,6994,0,0,376,8348,360,2370,376,10718,California
Mendocino,2021-02-03,392,13655,207,6476,185,7179,0,0,222,8402,168,2538,222,10940,California
Mendocino,2021-02-04,625,14280,530,7006,95,7274,0,0,500,8777,125,2663,500,11440,California
Mendocino,2021-02-05,1304,15584,1214,8220,90,7364,0,0,584,8643,718,3381,584,12024,California
Mendocino,2021-02-06,558,16142,157,8377,401,7765,0,0,543,9171,15,3396,543,12567,California
Mendocino,2021-02-07,32,16174,28,8405,4,7769,0,0,32,9203,0,3396,32,12599,California
Mendocino,2021-02-08,747,16921,716,9121,31,7800,0,0,284,9024,463,3859,284,12883,California
Mendocino,2021-02-09,141,17062,58,9179,83,7883,0,0,89,9061,52,3911,89,12972,California
Mendocino,2021-02-10,1490,18552,924,10103,566,8449,0,0,744,9066,739,4650,744,13716,California
Mendocino,2021-02-11,1210,19762,208,10311,1002,9451,0,0,299,8454,911,5561,299,14015,California
Mendocino,2021-02-12,1454,21216,163,10474,1291,10742,0,0,655,8311,798,6359,655,14670,California
Mendocino,2021-02-13,500,21716,15,10489,485,11227,0,0,106,8029,393,6752,111,14781,California
Mendocino,2021-02-14,694,22410,3,10492,691,11918,0,0,134,7603,560,7312,134,14915,California
Mendocino,2021-02-15,330,22740,42,10534,288,12206,0,0,175,7623,155,7467,175,15090,California
Mendocino,2021-02-16,201,22941,51,10585,150,12356,0,0,130,7682,71,7538,130,15220,California
Mendocino,2021-02-17,1354,24295,1191,11776,163,12519,0,0,877,8084,475,8013,877,16097,California
Mendocino,2021-02-18,1790,26085,645,12421,1145,13664,0,0,1224,8743,565,8578,1224,17321,California
Mendocino,2021-02-19,755,26840,147,12568,608,14272,0,0,616,9220,139,8717,616,17937,California
Mendocino,2021-02-20,575,27415,549,13117,26,14298,0,0,544,9735,29,8746,544,18481,California
Mendocino,2021-02-21,325,27740,6,13123,319,14617,0,0,313,10037,11,8757,313,18794,California
Mendocino,2021-02-22,161,27901,29,13152,132,14749,0,0,69,10016,90,8847,69,18863,California
Mendocino,2021-02-23,857,28758,843,13995,14,14763,0,0,645,10451,210,9057,645,19508,California
Mendocino,2021-02-24,1846,30604,1766,15761,80,14843,0,0,1435,11482,406,9463,1437,20945,California
Mendocino,2021-02-25,1709,32313,533,16294,1176,16019,0,0,1287,12348,421,9884,1287,22232,California
Mendocino,2021-02-26,1416,33729,748,17042,668,16687,0,0,1050,13035,363,10247,1050,23282,California
Mendocino,2021-02-27,200,33929,151,17193,49,16736,0,0,77,12990,122,10369,77,23359,California
Mendocino,2021-02-28,36,33965,14,17207,22,16758,0,0,24,13002,12,10381,24,23383,California
Mendocino,2021-03-01,588,34553,546,17753,42,16800,0,0,548,13513,37,10418,548,23931,California
Mendocino,2021-03-02,75,34628,27,17780,48,16848,0,0,41,13521,33,10451,41,23972,California
Mendocino,2021-03-03,2034,36662,1333,19113,701,17549,0,0,1384,14257,648,11099,1384,25356,California
Mendocino,2021-03-04,1849,38511,148,19261,1701,19250,0,0,1631,15674,215,11314,1632,26988,California
Mendocino,2021-03-05,475,38986,416,19677,50,19300,9,9,372,15956,99,11413,381,27369,California
Mendocino,2021-03-06,246,39232,23,19700,198,19498,25,34,203,16142,42,11455,228,27597,California
Mendocino,2021-03-07,506,39738,8,19708,478,19976,20,54,118,15892,387,11842,137,27734,California
Mendocino,2021-03-08,123,39861,28,19736,57,20033,38,92,63,15935,58,11900,101,27835,California
Mendocino,2021-03-09,941,40802,601,20337,299,20332,41,133,834,16703,107,12007,875,28710,California
Mendocino,2021-03-10,1147,41949,984,21321,98,20430,65,198,272,16172,871,12878,340,29050,California
Mendocino,2021-03-11,840,42789,626,21947,160,20590,54,252,398,16185,439,13317,452,29502,California
Mendocino,2021-03-12,2062,44851,1051,22998,899,21489,112,364,1233,16708,822,14139,1345,30847,California
Mendocino,2021-03-13,701,45552,570,23568,73,21562,58,422,107,16283,590,14729,165,31012,California
Mendocino,2021-03-14,106,45658,4,23572,95,21657,7,429,12,16212,90,14819,19,31031,California
Mendocino,2021-03-15,599,46257,50,23622,491,22148,58,487,210,16091,388,15207,267,31298,California
Mendocino,2021-03-16,582,46839,385,24007,151,22299,46,533,121,15799,459,15666,167,31465,California
Mendocino,2021-03-17,1582,48421,1378,25385,55,22354,149,682,217,14810,1361,17027,372,31837,California
Mendocino,2021-03-18,1313,49734,248,25633,1027,23381,38,720,284,14110,1021,18048,321,32158,California
Mendocino,2021-03-19,1781,51515,855,26488,865,24246,61,781,333,13062,1444,19492,396,32554,California
Mendocino,2021-03-20,69,51584,10,26498,38,24284,21,802,12,13038,57,19549,33,32587,California
Mendocino,2021-03-21,8,51592,1,26499,2,24286,5,807,3,13041,5,19554,8,32595,California
Mendocino,2021-03-22,657,52249,613,27112,15,24301,29,836,147,12710,506,20060,175,32770,California
Mendocino,2021-03-23,165,52414,33,27145,102,24403,30,866,115,12805,50,20110,145,32915,California
Mendocino,2021-03-24,914,53328,841,27986,26,24429,47,913,112,12164,800,20910,159,33074,California
Mendocino,2021-03-25,2017,55345,52,28038,1945,26374,20,933,176,10523,1835,22745,194,33268,California
Mendocino,2021-03-26,546,55891,395,28433,126,26500,25,958,114,10230,432,23177,139,33407,California
Mendocino,2021-03-27,142,56033,13,28446,117,26617,12,970,80,10260,61,23238,91,33498,California
Mendocino,2021-03-28,25,56058,5,28451,16,26633,4,974,3,10246,21,23259,7,33505,California
Mendocino,2021-03-29,188,56246,100,28551,45,26678,43,1017,95,10291,93,23352,138,33643,California
Mendocino,2021-03-30,717,56963,632,29183,48,26726,37,1054,106,9825,609,23961,143,33786,California
Mendocino,2021-03-31,915,57878,280,29463,574,27300,61,1115,153,9279,760,24721,214,34000,California
Mendocino,2021-04-01,1733,59611,414,29877,1238,28538,81,1196,375,8384,1350,26071,455,34455,California
Mendocino,2021-04-02,1303,60914,1072,30949,158,28696,73,1269,158,7473,1142,27213,231,34686,California
Mendocino,2021-04-03,707,61621,10,30959,676,29372,21,1290,85,6961,618,27831,106,34792,California
Mendocino,2021-04-04,70,61691,34,30993,30,29402,6,1296,54,7005,16,27847,60,34852,California
Mendocino,2021-04-05,211,61902,141,31134,46,29448,24,1320,126,7067,85,27932,147,34999,California
Mendocino,2021-04-06,397,62299,123,31257,179,29627,95,1415,106,6977,291,28223,201,35200,California
Mendocino,2021-04-07,486,62785,176,31433,65,29692,245,1660,114,6966,369,28592,358,35558,California
Mendocino,2021-04-08,1490,64275,913,32346,462,30154,115,1775,999,7596,485,29077,1115,36673,California
Mendocino,2021-04-09,757,65032,425,32771,171,30325,161,1936,395,7791,361,29438,556,37229,California
Mendocino,2021-04-10,405,65437,91,32862,268,30593,46,1982,99,7630,306,29744,145,37374,California
Mendocino,2021-04-11,122,65559,47,32909,19,30612,56,2038,59,7682,63,29807,115,37489,California
Mendocino,2021-04-12,621,66180,513,33422,48,30660,60,2098,407,7935,214,30021,467,37956,California
Mendocino,2021-04-13,290,66470,227,33649,63,30723,0,2098,222,8089,68,30089,222,38178,California
Mendocino,2021-04-14,518,66988,426,34075,92,30815,0,2098,415,8401,103,30192,415,38593,California
Mendocino,2021-04-15,657,67645,327,34402,330,31145,0,2098,387,8522,266,30458,387,38980,California
Mendocino,2021-04-16,125,67770,52,34454,72,31217,1,2099,77,8552,47,30505,77,39057,California
Mendocino,2021-04-17,196,67966,12,34466,184,31401,0,2099,67,8492,127,30632,67,39124,California
Mendocino,2021-04-18,13,67979,6,34472,7,31408,0,2099,8,8496,4,30636,8,39132,California
Mendocino,2021-04-19,539,68518,515,34987,23,31431,1,2100,427,8813,111,30747,428,39560,California
Mendocino,2021-04-20,418,68936,291,35278,127,31558,0,2100,262,8919,156,30903,262,39822,California
Mendocino,2021-04-21,192,69128,133,35411,58,31616,1,2101,113,8955,77,30980,113,39935,California
Mendocino,2021-04-22,487,69615,312,35723,174,31790,1,2102,317,9104,168,31148,317,40252,California
Mendocino,2021-04-23,846,70461,704,36427,142,31932,0,2102,688,9637,155,31303,688,40940,California
Mendocino,2021-04-24,109,70570,15,36442,94,32026,0,2102,102,9732,7,31310,102,41042,California
Mendocino,2021-04-25,56,70626,32,36474,20,32046,4,2106,18,9716,38,31348,22,41064,California
Mendocino,2021-04-26,303,70929,237,36711,61,32107,5,2111,196,9811,106,31454,201,41265,California
Mendocino,2021-04-27,201,71130,89,36800,85,32192,27,2138,92,9821,108,31562,118,41383,California
Mendocino,2021-04-28,220,71350,148,36948,53,32245,19,2157,125,9871,95,31657,145,41528,California
Mendocino,2021-04-29,1141,72491,844,37792,282,32527,15,2172,106,8960,1032,32689,121,41649,California
Mendocino,2021-04-30,607,73098,385,38177,212,32739,10,2182,228,8820,378,33067,238,41887,California
Mendocino,2021-05-01,472,73570,434,38611,32,32771,6,2188,367,9089,104,33171,373,42260,California
Mendocino,2021-05-02,55,73625,46,38657,6,32777,3,2191,8,9054,46,33217,11,42271,California
Mendocino,2021-05-03,147,73772,86,38743,39,32816,22,2213,43,9017,102,33319,65,42336,California
Mendocino,2021-05-04,378,74150,253,38996,92,32908,33,2246,140,8952,238,33557,173,42509,California
Mendocino,2021-05-05,870,75020,786,39782,69,32977,15,2261,219,8536,650,34207,234,42743,California
Mendocino,2021-05-06,627,75647,380,40162,225,33202,22,2283,151,8235,474,34681,173,42916,California
Mendocino,2021-05-07,179,75826,35,40197,120,33322,24,2307,115,8311,63,34744,139,43055,California
Mendocino,2021-05-08,125,75951,4,40201,120,33442,1,2308,109,8406,15,34759,110,43165,California
Mendocino,2021-05-09,20,75971,5,40206,14,33456,1,2309,3,8393,17,34776,4,43169,California
Mendocino,2021-05-10,244,76215,161,40367,78,33534,5,2314,150,8454,94,34870,155,43324,California
Mendocino,2021-05-11,275,76490,143,40510,115,33649,17,2331,127,8449,148,35018,143,43467,California
Mendocino,2021-05-12,129,76619,79,40589,42,33691,8,2339,37,8404,90,35108,45,43512,California
Mendocino,2021-05-13,1205,77824,1106,41695,83,33774,16,2355,307,7829,898,36006,323,43835,California
Mendocino,2021-05-14,705,78529,485,42180,157,33931,63,2418,237,7667,463,36469,301,44136,California
Mendocino,2021-05-15,85,78614,29,42209,52,33983,4,2422,40,7666,45,36514,44,44180,California
Mendocino,2021-05-16,114,78728,101,42310,11,33994,2,2424,98,7750,16,36530,100,44280,California
Mendocino,2021-05-17,171,78899,83,42393,72,34066,16,2440,96,7787,75,36605,112,44392,California
Mendocino,2021-05-18,241,79140,116,42509,97,34163,28,2468,108,7790,132,36737,135,44527,California
Mendocino,2021-05-19,319,79459,189,42698,112,34275,18,2486,239,7969,78,36815,257,44784,California
Mendocino,2021-05-20,275,79734,105,42803,128,34403,42,2528,96,7931,176,36991,138,44922,California
Mendocino,2021-05-21,527,80261,441,43244,76,34479,10,2538,421,8257,105,37096,431,45353,California
Mendocino,2021-05-22,565,80826,519,43763,40,34519,6,2544,193,8084,372,37468,199,45552,California
Mendocino,2021-05-23,2,80828,2,43765,0,34519,0,2544,0,8083,1,37469,0,45552,California
Merced,2020-12-16,3,3,3,3,0,0,0,0,3,3,0,0,3,3,California
Merced,2020-12-17,5,8,5,8,0,0,0,0,5,8,0,0,5,8,California
Merced,2020-12-18,143,151,143,151,0,0,0,0,143,151,0,0,143,151,California
Merced,2020-12-19,39,190,39,190,0,0,0,0,39,190,0,0,39,190,California
Merced,2020-12-20,18,208,18,208,0,0,0,0,18,208,0,0,18,208,California
Merced,2020-12-21,125,333,122,330,3,3,0,0,125,333,0,0,125,333,California
Merced,2020-12-22,152,485,152,482,0,3,0,0,152,485,0,0,152,485,California
Merced,2020-12-23,247,732,241,723,6,9,0,0,247,732,0,0,247,732,California
Merced,2020-12-24,72,804,72,795,0,9,0,0,72,804,0,0,72,804,California
Merced,2020-12-25,4,808,4,799,0,9,0,0,4,808,0,0,4,808,California
Merced,2020-12-26,6,814,3,802,3,12,0,0,6,814,0,0,6,814,California
Merced,2020-12-27,12,826,11,813,1,13,0,0,12,826,0,0,12,826,California
Merced,2020-12-28,123,949,98,911,25,38,0,0,123,949,0,0,123,949,California
Merced,2020-12-29,179,1128,123,1034,56,94,0,0,179,1128,0,0,179,1128,California
Merced,2020-12-30,214,1342,89,1123,125,219,0,0,214,1342,0,0,214,1342,California
Merced,2020-12-31,103,1445,34,1157,69,288,0,0,103,1445,0,0,103,1445,California
Merced,2021-01-01,5,1450,1,1158,4,292,0,0,5,1450,0,0,5,1450,California
Merced,2021-01-02,129,1579,118,1276,11,303,0,0,129,1579,0,0,129,1579,California
Merced,2021-01-03,9,1588,5,1281,4,307,0,0,9,1588,0,0,9,1588,California
Merced,2021-01-04,80,1668,42,1323,38,345,0,0,80,1668,0,0,80,1668,California
Merced,2021-01-05,319,1987,231,1554,88,433,0,0,313,1977,6,6,315,1983,California
Merced,2021-01-06,255,2242,105,1659,150,583,0,0,249,2220,6,12,249,2232,California
Merced,2021-01-07,185,2427,81,1740,104,687,0,0,175,2384,11,23,175,2407,California
Merced,2021-01-08,526,2953,392,2132,134,821,0,0,375,2609,150,173,375,2782,California
Merced,2021-01-09,23,2976,10,2142,13,834,0,0,17,2620,6,179,17,2799,California
Merced,2021-01-10,11,2987,7,2149,4,838,0,0,7,2623,4,183,7,2806,California
Merced,2021-01-11,227,3214,168,2317,59,897,0,0,102,2602,125,308,104,2910,California
Merced,2021-01-12,294,3508,171,2488,123,1020,0,0,244,2795,51,359,244,3154,California
Merced,2021-01-13,373,3881,174,2662,199,1219,0,0,222,2869,151,510,225,3379,California
Merced,2021-01-14,323,4204,200,2862,123,1342,0,0,158,2864,164,674,159,3538,California
Merced,2021-01-15,581,4785,129,2991,452,1794,0,0,543,3370,39,713,545,4083,California
Merced,2021-01-16,203,4988,122,3113,81,1875,0,0,198,3563,5,718,198,4281,California
Merced,2021-01-17,50,5038,12,3125,38,1913,0,0,49,3611,1,719,49,4330,California
Merced,2021-01-18,261,5299,126,3251,135,2048,0,0,239,3831,22,741,242,4572,California
Merced,2021-01-19,710,6009,586,3837,124,2172,0,0,539,4203,171,912,543,5115,California
Merced,2021-01-20,571,6580,466,4303,105,2277,0,0,514,4663,57,969,517,5632,California
Merced,2021-01-21,1010,7590,649,4952,361,2638,0,0,910,5476,100,1069,913,6545,California
Merced,2021-01-22,1312,8902,693,5645,619,3257,0,0,1285,6746,27,1096,1297,7842,California
Merced,2021-01-23,324,9226,197,5842,127,3384,0,0,217,6856,107,1203,217,8059,California
Merced,2021-01-24,37,9263,15,5857,22,3406,0,0,28,6876,8,1211,28,8087,California
Merced,2021-01-25,729,9992,241,6098,488,3894,0,0,670,7489,58,1269,671,8758,California
Merced,2021-01-26,917,10909,487,6585,430,4324,0,0,676,7952,214,1483,677,9435,California
Merced,2021-01-27,981,11890,584,7169,397,4721,0,0,813,8599,166,1649,813,10248,California
Merced,2021-01-28,1140,13030,594,7763,546,5267,0,0,1016,9493,123,1772,1017,11265,California
Merced,2021-01-29,846,13876,321,8084,525,5792,0,0,602,9861,237,2009,605,11870,California
Merced,2021-01-30,261,14137,28,8112,233,6025,0,0,244,10088,17,2026,244,12114,California
Merced,2021-01-31,47,14184,11,8123,36,6061,0,0,46,10133,1,2027,46,12160,California
Merced,2021-02-01,376,14560,53,8176,323,6384,0,0,326,10411,49,2076,327,12487,California
Merced,2021-02-02,296,14856,181,8357,115,6499,0,0,176,10470,118,2194,177,12664,California
Merced,2021-02-03,348,15204,72,8429,276,6775,0,0,168,10458,180,2374,168,12832,California
Merced,2021-02-04,371,15575,145,8574,226,7001,0,0,240,10569,130,2504,241,13073,California
Merced,2021-02-05,511,16086,171,8745,340,7341,0,0,270,10601,240,2744,272,13345,California
Merced,2021-02-06,388,16474,218,8963,170,7511,0,0,245,10705,142,2886,246,13591,California
Merced,2021-02-07,21,16495,13,8976,8,7519,0,0,14,10712,7,2893,14,13605,California
Merced,2021-02-08,281,16776,198,9174,83,7602,0,0,171,10775,109,3002,172,13777,California
Merced,2021-02-09,1214,17990,954,10128,260,7862,0,0,772,11114,434,3436,773,14550,California
Merced,2021-02-10,1853,19843,1431,11559,422,8284,0,0,1274,11819,569,4005,1274,15824,California
Merced,2021-02-11,2502,22345,2006,13565,496,8780,0,0,1812,12951,680,4685,1812,17636,California
Merced,2021-02-12,1717,24062,1015,14580,702,9482,0,0,745,12735,963,5648,747,18383,California
Merced,2021-02-13,361,24423,206,14786,155,9637,0,0,262,12901,98,5746,264,18647,California
Merced,2021-02-14,117,24540,26,14812,91,9728,0,0,95,12975,22,5768,96,18743,California
Merced,2021-02-15,273,24813,41,14853,232,9960,0,0,168,13045,99,5867,169,18912,California
Merced,2021-02-16,1216,26029,844,15697,372,10332,0,0,835,13521,363,6230,839,19751,California
Merced,2021-02-17,1879,27908,1634,17331,245,10577,0,0,1310,14285,555,6785,1319,21070,California
Merced,2021-02-18,1212,29120,822,18153,390,10967,0,0,403,13903,788,7573,406,21476,California
Merced,2021-02-19,1265,30385,414,18567,851,11818,0,0,538,13722,721,8294,540,22016,California
Merced,2021-02-20,277,30662,31,18598,246,12064,0,0,139,13725,136,8430,139,22155,California
Merced,2021-02-21,77,30739,62,18660,15,12079,0,0,31,13711,45,8475,31,22186,California
Merced,2021-02-22,832,31571,294,18954,538,12617,0,0,482,13845,348,8823,482,22668,California
Merced,2021-02-23,1084,32655,422,19376,662,13279,0,0,639,14046,439,9262,640,23308,California
Merced,2021-02-24,818,33473,302,19678,516,13795,0,0,446,14130,363,9625,447,23755,California
Merced,2021-02-25,1763,35236,870,20548,893,14688,0,0,1312,14996,448,10073,1314,25069,California
Merced,2021-02-26,2150,37386,1377,21925,773,15461,0,0,1739,16327,409,10482,1740,26809,California
Merced,2021-02-27,2531,39917,1105,23030,1426,16887,0,0,2246,18290,283,10765,2246,29055,California
Merced,2021-02-28,307,40224,72,23102,235,17122,0,0,252,18491,51,10816,252,29307,California
Merced,2021-03-01,1118,41342,280,23382,837,17959,1,1,778,18939,331,11147,779,30086,California
Merced,2021-03-02,1752,43094,909,24291,842,18801,1,2,1362,19921,381,11528,1363,31449,California
Merced,2021-03-03,2220,45314,1728,26019,491,19292,1,3,1462,20646,739,12267,1464,32913,California
Merced,2021-03-04,2890,48204,2273,28292,615,19907,2,5,1919,21615,953,13220,1922,34835,California
Merced,2021-03-05,2064,50268,1193,29485,847,20754,24,29,1525,22640,525,13745,1550,36385,California
Merced,2021-03-06,1166,51434,662,30147,482,21236,22,51,910,23317,255,14000,932,37317,California
Merced,2021-03-07,229,51663,65,30212,139,21375,25,76,200,23513,29,14029,225,37542,California
Merced,2021-03-08,1406,53069,808,31020,533,21908,65,141,1192,24555,214,14243,1256,38798,California
Merced,2021-03-09,1697,54766,1002,32022,588,22496,107,248,1099,25170,592,14835,1207,40005,California
Merced,2021-03-10,2696,57462,1868,33890,628,23124,200,448,1620,25933,1061,15896,1824,41829,California
Merced,2021-03-11,1942,59404,692,34582,1046,24170,204,652,1224,26680,703,16599,1450,43279,California
Merced,2021-03-12,2212,61616,903,35485,1041,25211,268,920,1497,27747,710,17309,1777,45056,California
Merced,2021-03-13,725,62341,309,35794,174,25385,242,1162,418,28109,299,17608,661,45717,California
Merced,2021-03-14,249,62590,136,35930,83,25468,30,1192,149,28190,99,17707,180,45897,California
Merced,2021-03-15,1515,64105,494,36424,766,26234,255,1447,998,28932,510,18217,1252,47149,California
Merced,2021-03-16,1464,65569,713,37137,525,26759,226,1673,975,29654,478,18695,1200,48349,California
Merced,2021-03-17,1967,67536,1061,38198,727,27486,179,1852,1514,30905,444,19139,1695,50044,California
Merced,2021-03-18,2047,69583,1178,39376,722,28208,147,1999,1394,31819,640,19779,1554,51598,California
Merced,2021-03-19,2664,72247,1452,40828,1019,29227,193,2192,1385,32130,1268,21047,1579,53177,California
Merced,2021-03-20,2420,74667,1491,42319,534,29761,395,2587,958,32029,1458,22505,1357,54534,California
Merced,2021-03-21,557,75224,343,42662,201,29962,13,2600,437,32361,120,22625,452,54986,California
Merced,2021-03-22,1263,76487,630,43292,557,30519,76,2676,886,32955,370,22995,964,55950,California
Merced,2021-03-23,1832,78319,1105,44397,663,31182,64,2740,1350,33893,477,23472,1415,57365,California
Merced,2021-03-24,1459,79778,923,45320,501,31683,35,2775,982,34438,472,23944,1017,58382,California
Merced,2021-03-25,3316,83094,2277,47597,1016,32699,23,2798,2078,35315,1227,25171,2104,60486,California
Merced,2021-03-26,1933,85027,1086,48683,812,33511,35,2833,889,35204,1034,26205,923,61409,California
Merced,2021-03-27,3536,88563,1897,50580,1224,34735,415,3248,1532,35160,1992,28197,1948,63357,California
Merced,2021-03-28,520,89083,215,50795,297,35032,8,3256,215,35080,303,28500,223,63580,California
Merced,2021-03-29,1825,90908,776,51571,882,35914,167,3423,668,34770,1149,29649,839,64419,California
Merced,2021-03-30,2145,93053,800,52371,1286,37200,59,3482,990,34669,1151,30800,1050,65469,California
Merced,2021-03-31,2132,95185,1403,53774,691,37891,38,3520,951,34493,1166,31966,990,66459,California
Merced,2021-04-01,2190,97375,1025,54799,1039,38930,126,3646,998,34433,1186,33152,1126,67585,California
Merced,2021-04-02,2335,99710,638,55437,1293,40223,404,4050,783,34086,1535,34687,1188,68773,California
Merced,2021-04-03,910,100620,430,55867,465,40688,15,4065,499,34195,407,35094,516,69289,California
Merced,2021-04-04,369,100989,143,56010,222,40910,4,4069,140,34113,228,35322,146,69435,California
Merced,2021-04-05,1269,102258,604,56614,453,41363,212,4281,418,33898,844,36166,629,70064,California
Merced,2021-04-06,2421,104679,897,57511,697,42060,827,5108,891,34089,1526,37692,1717,71781,California
Merced,2021-04-07,1653,106332,888,58399,658,42718,107,5215,586,33732,1052,38744,695,72476,California
Merced,2021-04-08,2296,108628,1170,59569,911,43629,215,5430,812,33304,1453,40197,1025,73501,California
Merced,2021-04-09,1688,110316,472,60041,641,44270,575,6005,562,33333,1110,41307,1139,74640,California
Merced,2021-04-10,698,111014,364,60405,146,44416,188,6193,176,33178,517,41824,362,75002,California
Merced,2021-04-11,488,111502,281,60686,72,44488,135,6328,147,33122,339,42163,283,75285,California
Merced,2021-04-12,1436,112938,931,61617,383,44871,122,6450,818,33480,582,42745,940,76225,California
Merced,2021-04-13,2030,114968,1453,63070,574,45445,3,6453,936,33420,1003,43748,943,77168,California
Merced,2021-04-14,2042,117010,1209,64279,833,46278,0,6453,901,33313,1010,44758,903,78071,California
Merced,2021-04-15,3017,120027,1977,66256,1040,47318,0,6453,955,32439,1834,46592,960,79031,California
Merced,2021-04-16,2364,122391,1149,67405,1215,48533,0,6453,969,32110,1298,47890,969,80000,California
Merced,2021-04-17,1542,123933,891,68296,650,49183,1,6454,396,31368,1139,49029,397,80397,California
Merced,2021-04-18,468,124401,246,68542,222,49405,0,6454,191,31309,250,49279,191,80588,California
Merced,2021-04-19,1329,125730,744,69286,585,49990,0,6454,706,31487,528,49807,706,81294,California
Merced,2021-04-20,1461,127191,734,70020,727,50717,0,6454,797,31690,594,50401,797,82091,California
Merced,2021-04-21,1467,128658,881,70901,586,51303,0,6454,752,31838,604,51005,752,82843,California
Merced,2021-04-22,1609,130267,740,71641,869,52172,0,6454,779,31868,749,51754,779,83622,California
Merced,2021-04-23,1630,131897,670,72311,960,53132,0,6454,887,32059,697,52451,888,84510,California
Merced,2021-04-24,571,132468,402,72713,169,53301,0,6454,391,32274,177,52628,392,84902,California
Merced,2021-04-25,327,132795,187,72900,140,53441,0,6454,193,32335,132,52760,193,85095,California
Merced,2021-04-26,1180,133975,514,73414,666,54107,0,6454,614,32418,533,53293,616,85711,California
Merced,2021-04-27,1719,135694,862,74276,847,54954,10,6464,683,32142,970,54263,694,86405,California
Merced,2021-04-28,1364,137058,676,74952,679,55633,9,6473,780,32370,562,54825,790,87195,California
Merced,2021-04-29,1390,138448,586,75538,779,56412,25,6498,645,32307,735,55560,672,87867,California
Merced,2021-04-30,1447,139895,608,76146,795,57207,44,6542,746,32401,697,56257,791,88658,California
Merced,2021-05-01,556,140451,240,76386,311,57518,5,6547,257,32367,295,56552,261,88919,California
Merced,2021-05-02,291,140742,117,76503,159,57677,15,6562,128,32348,163,56715,144,89063,California
Merced,2021-05-03,814,141556,545,77048,222,57899,47,6609,300,32185,511,57226,348,89411,California
Merced,2021-05-04,1013,142569,541,77589,420,58319,52,6661,371,31970,638,57864,423,89834,California
Merced,2021-05-05,1199,143768,715,78304,408,58727,76,6737,530,31917,659,58523,606,90440,California
Merced,2021-05-06,903,144671,470,78774,384,59111,49,6786,303,31675,594,59117,352,90792,California
Merced,2021-05-07,904,145575,285,79059,578,59689,41,6827,389,31596,511,59628,432,91224,California
Merced,2021-05-08,396,145971,201,79260,159,59848,36,6863,181,31599,214,59842,217,91441,California
Merced,2021-05-09,213,146184,107,79367,99,59947,7,6870,102,31598,110,59952,109,91550,California
Merced,2021-05-10,688,146872,351,79718,301,60248,36,6906,188,31323,499,60451,224,91774,California
Merced,2021-05-11,1095,147967,648,80366,400,60648,47,6953,422,31124,668,61119,469,92243,California
Merced,2021-05-12,842,148809,501,80867,302,60950,39,6992,238,30800,601,61720,277,92520,California
Merced,2021-05-13,716,149525,369,81236,305,61255,42,7034,258,30645,456,62176,301,92821,California
Merced,2021-05-14,935,150460,615,81851,280,61535,40,7074,503,30763,425,62601,543,93364,California
Merced,2021-05-15,714,151174,533,82384,162,61697,19,7093,410,30895,298,62899,430,93794,California
Merced,2021-05-16,343,151517,228,82612,107,61804,8,7101,201,30966,139,63038,210,94004,California
Merced,2021-05-17,1014,152531,635,83247,350,62154,29,7130,477,30939,534,63572,507,94511,California
Merced,2021-05-18,1229,153760,812,84059,386,62540,31,7161,691,31131,530,64102,722,95233,California
Merced,2021-05-19,1011,154771,697,84756,307,62847,7,7168,548,31231,459,64561,559,95792,California
Merced,2021-05-20,808,155579,426,85182,327,63174,55,7223,284,31048,522,65083,339,96131,California
Merced,2021-05-21,879,156458,512,85694,345,63519,22,7245,312,30823,559,65642,334,96465,California
Merced,2021-05-22,353,156811,237,85931,104,63623,12,7257,202,30888,149,65791,214,96679,California
Merced,2021-05-23,125,156936,62,85993,56,63679,7,7264,78,30926,47,65838,85,96764,California
Modoc,2020-12-16,1,1,1,1,0,0,0,0,1,1,0,0,1,1,California
Modoc,2020-12-21,99,100,99,100,0,0,0,0,99,100,0,0,99,100,California
Modoc,2020-12-22,14,114,14,114,0,0,0,0,14,114,0,0,14,114,California
Modoc,2020-12-23,4,118,4,118,0,0,0,0,4,118,0,0,4,118,California
Modoc,2020-12-24,1,119,1,119,0,0,0,0,1,119,0,0,1,119,California
Modoc,2020-12-28,2,121,2,121,0,0,0,0,2,121,0,0,2,121,California
Modoc,2020-12-29,10,131,1,122,9,9,0,0,10,131,0,0,10,131,California
Modoc,2020-12-30,7,138,0,122,7,16,0,0,7,138,0,0,7,138,California
Modoc,2021-01-02,3,141,1,123,2,18,0,0,3,141,0,0,3,141,California
Modoc,2021-01-04,8,149,0,123,8,26,0,0,8,149,0,0,8,149,California
Modoc,2021-01-05,3,152,2,125,1,27,0,0,3,152,0,0,3,152,California
Modoc,2021-01-06,3,155,2,127,1,28,0,0,2,153,1,1,2,154,California
Modoc,2021-01-07,72,227,0,127,72,100,0,0,72,225,0,1,72,226,California
Modoc,2021-01-08,105,332,0,127,105,205,0,0,105,330,0,1,105,331,California
Modoc,2021-01-10,1,333,1,128,0,205,0,0,0,329,1,2,0,331,California
Modoc,2021-01-11,90,423,81,209,9,214,0,0,19,277,71,73,19,350,California
Modoc,2021-01-12,94,517,25,234,69,283,0,0,68,319,26,99,68,418,California
Modoc,2021-01-13,24,541,4,238,20,303,0,0,22,339,2,101,22,440,California
Modoc,2021-01-14,129,670,6,244,123,426,0,0,124,458,5,106,124,564,California
Modoc,2021-01-15,6,676,1,245,5,431,0,0,6,464,0,106,6,570,California
Modoc,2021-01-16,1,677,1,246,0,431,0,0,1,465,0,106,1,571,California
Modoc,2021-01-18,1,678,1,247,0,431,0,0,1,466,0,106,1,572,California
Modoc,2021-01-19,5,683,3,250,2,433,0,0,3,467,2,108,3,575,California
Modoc,2021-01-20,11,694,1,251,10,443,0,0,11,478,0,108,11,586,California
Modoc,2021-01-21,157,851,2,253,155,598,0,0,157,635,0,108,157,743,California
Modoc,2021-01-22,2,853,0,253,2,600,0,0,2,637,0,108,2,745,California
Modoc,2021-01-25,11,864,0,253,11,611,0,0,11,648,0,108,11,756,California
Modoc,2021-01-26,65,929,1,254,64,675,0,0,65,713,0,108,65,821,California
Modoc,2021-01-27,41,970,2,256,39,714,0,0,25,722,16,124,25,846,California
Modoc,2021-01-28,146,1116,2,258,144,858,0,0,145,866,1,125,145,991,California
Modoc,2021-01-29,3,1119,1,259,2,860,0,0,3,869,0,125,3,994,California
Modoc,2021-02-01,26,1145,13,272,13,873,0,0,12,867,14,139,12,1006,California
Modoc,2021-02-02,170,1315,2,274,168,1041,0,0,167,1031,3,142,167,1173,California
Modoc,2021-02-03,18,1333,13,287,5,1046,0,0,11,1035,7,149,11,1184,California
Modoc,2021-02-04,154,1487,3,290,151,1197,0,0,26,933,128,277,26,1210,California
Modoc,2021-02-05,3,1490,2,292,1,1198,0,0,2,934,1,278,2,1212,California
Modoc,2021-02-08,9,1499,2,294,7,1205,0,0,8,941,1,279,8,1220,California
Modoc,2021-02-09,197,1696,13,307,184,1389,0,0,65,874,132,411,65,1285,California
Modoc,2021-02-10,5,1701,2,309,3,1392,0,0,4,877,1,412,4,1289,California
Modoc,2021-02-11,201,1902,3,312,198,1590,0,0,83,842,118,530,83,1372,California
Modoc,2021-02-12,4,1906,0,312,4,1594,0,0,2,842,2,532,2,1374,California
Modoc,2021-02-13,1,1907,0,312,1,1595,0,0,1,843,0,532,1,1375,California
Modoc,2021-02-16,147,2054,6,318,141,1736,0,0,143,982,4,536,143,1518,California
Modoc,2021-02-17,24,2078,1,319,23,1759,0,0,12,982,12,548,12,1530,California
Modoc,2021-02-18,188,2266,2,321,186,1945,0,0,25,846,162,710,26,1556,California
Modoc,2021-02-19,4,2270,4,325,0,1945,0,0,3,848,1,711,3,1559,California
Modoc,2021-02-20,1,2271,1,326,0,1945,0,0,0,847,1,712,0,1559,California
Modoc,2021-02-22,17,2288,9,335,8,1953,0,0,3,836,14,726,3,1562,California
Modoc,2021-02-23,20,2308,2,337,18,1971,0,0,1,818,19,745,1,1563,California
Modoc,2021-02-24,91,2399,1,338,90,2061,0,0,31,789,60,805,31,1594,California
Modoc,2021-02-25,170,2569,1,339,169,2230,0,0,13,645,157,962,13,1607,California
Modoc,2021-02-26,3,2572,0,339,3,2233,0,0,1,644,2,964,1,1608,California
Modoc,2021-02-27,3,2575,3,342,0,2233,0,0,2,645,1,965,2,1610,California
Modoc,2021-03-01,5,2580,0,342,5,2238,0,0,0,641,4,969,0,1610,California
Modoc,2021-03-02,193,2773,12,354,181,2419,0,0,26,500,167,1136,26,1636,California
Modoc,2021-03-03,12,2785,6,360,6,2425,0,0,2,492,10,1146,2,1638,California
Modoc,2021-03-04,174,2959,2,362,172,2597,0,0,147,612,27,1173,147,1785,California
Modoc,2021-03-05,4,2963,3,365,1,2598,0,0,2,612,2,1175,2,1787,California
Modoc,2021-03-06,11,2974,0,365,1,2599,10,10,1,613,10,1185,11,1798,California
Modoc,2021-03-07,8,2982,2,367,0,2599,6,16,2,615,6,1191,8,1806,California
Modoc,2021-03-08,8,2990,1,368,3,2602,4,20,1,614,6,1197,5,1811,California
Modoc,2021-03-09,126,3116,10,378,108,2710,8,28,61,618,65,1262,69,1880,California
Modoc,2021-03-10,9,3125,3,381,2,2712,4,32,4,621,5,1267,8,1888,California
Modoc,2021-03-11,207,3332,0,381,99,2811,108,140,22,566,185,1452,130,2018,California
Modoc,2021-03-12,11,3343,2,383,4,2815,5,145,4,568,7,1459,9,2027,California
Modoc,2021-03-13,4,3347,0,383,1,2816,3,148,1,569,3,1462,4,2031,California
Modoc,2021-03-15,12,3359,1,384,10,2826,1,149,10,578,2,1464,11,2042,California
Modoc,2021-03-16,173,3532,1,385,168,2994,4,153,42,492,131,1595,45,2087,California
Modoc,2021-03-17,10,3542,1,386,4,2998,5,158,2,491,8,1603,7,2094,California
Modoc,2021-03-18,68,3610,2,388,59,3057,7,165,36,502,32,1635,43,2137,California
Modoc,2021-03-19,5,3615,0,388,0,3057,5,170,0,502,5,1640,5,2142,California
Modoc,2021-03-20,5,3620,2,390,0,3057,3,173,0,500,5,1645,3,2145,California
Modoc,2021-03-21,4,3624,1,391,1,3058,2,175,2,502,2,1647,4,2149,California
Modoc,2021-03-22,17,3641,1,392,11,3069,5,180,12,514,5,1652,17,2166,California
Modoc,2021-03-23,37,3678,7,399,27,3096,3,183,28,536,9,1661,31,2197,California
Modoc,2021-03-24,29,3707,1,400,18,3114,10,193,1,519,28,1689,11,2208,California
Modoc,2021-03-25,77,3784,1,401,74,3188,2,195,45,534,32,1721,47,2255,California
Modoc,2021-03-26,7,3791,2,403,2,3190,3,198,2,534,5,1726,5,2260,California
Modoc,2021-03-27,2,3793,0,403,1,3191,1,199,1,535,1,1727,2,2262,California
Modoc,2021-03-28,2,3795,1,404,0,3191,1,200,0,534,2,1729,1,2263,California
Modoc,2021-03-29,14,3809,1,405,5,3196,8,208,5,538,9,1738,13,2276,California
Modoc,2021-03-30,55,3864,10,415,38,3234,7,215,21,532,34,1772,28,2304,California
Modoc,2021-03-31,9,3873,3,418,2,3236,4,219,3,533,6,1778,7,2311,California
Modoc,2021-04-01,167,4040,2,420,160,3396,5,224,32,435,135,1913,37,2348,California
Modoc,2021-04-02,5,4045,0,420,2,3398,3,227,1,436,3,1916,4,2352,California
Modoc,2021-04-03,5,4050,2,422,0,3398,3,230,2,438,2,1918,4,2356,California
Modoc,2021-04-05,9,4059,0,422,9,3407,0,230,9,447,0,1918,9,2365,California
Modoc,2021-04-06,24,4083,5,427,9,3416,10,240,6,445,18,1936,16,2381,California
Modoc,2021-04-07,12,4095,1,428,4,3420,7,247,3,446,9,1945,10,2391,California
Modoc,2021-04-08,96,4191,1,429,92,3512,3,250,26,405,70,2015,29,2420,California
Modoc,2021-04-09,11,4202,2,431,6,3518,3,253,2,400,9,2024,4,2424,California
Modoc,2021-04-10,5,4207,0,431,1,3519,4,257,0,399,5,2029,4,2428,California
Modoc,2021-04-11,2,4209,2,433,0,3519,0,257,1,399,1,2030,1,2429,California
Modoc,2021-04-12,14,4223,0,433,10,3529,4,261,1,393,11,2041,5,2434,California
Modoc,2021-04-13,30,4253,29,462,1,3530,0,261,21,405,9,2050,21,2455,California
Modoc,2021-04-14,2,4255,2,464,0,3530,0,261,1,405,1,2051,1,2456,California
Modoc,2021-04-15,100,4355,0,464,100,3630,0,261,27,359,73,2124,27,2483,California
Modoc,2021-04-16,4,4359,4,468,0,3630,0,261,3,361,1,2125,3,2486,California
Modoc,2021-04-17,2,4361,2,470,0,3630,0,261,2,363,0,2125,2,2488,California
Modoc,2021-04-18,1,4362,0,470,1,3631,0,261,1,364,0,2125,1,2489,California
Modoc,2021-04-19,6,4368,0,470,6,3637,0,261,1,360,5,2130,1,2490,California
Modoc,2021-04-20,26,4394,2,472,24,3661,0,261,8,350,18,2148,8,2498,California
Modoc,2021-04-21,3,4397,3,475,0,3661,0,261,0,347,3,2151,0,2498,California
Modoc,2021-04-22,97,4494,3,478,94,3755,0,261,40,330,57,2208,40,2538,California
Modoc,2021-04-23,4,4498,0,478,4,3759,0,261,3,332,1,2209,3,2541,California
Modoc,2021-04-24,3,4501,1,479,1,3760,1,262,2,334,1,2210,3,2544,California
Modoc,2021-04-25,1,4502,1,480,0,3760,0,262,1,335,0,2210,1,2545,California
Modoc,2021-04-26,8,4510,1,481,7,3767,0,262,3,333,5,2215,3,2548,California
Modoc,2021-04-27,6,4516,4,485,1,3768,1,263,1,330,5,2220,2,2550,California
Modoc,2021-04-28,5,4521,1,486,3,3771,1,264,1,328,4,2224,2,2552,California
Modoc,2021-04-29,66,4587,2,488,64,3835,0,264,24,310,42,2266,24,2576,California
Modoc,2021-04-30,5,4592,4,492,1,3836,0,264,3,311,2,2268,3,2579,California
Modoc,2021-05-01,1,4593,1,493,0,3836,0,264,0,310,1,2269,0,2579,California
Modoc,2021-05-02,4,4597,3,496,1,3837,0,264,3,312,1,2270,3,2582,California
Modoc,2021-05-03,10,4607,0,496,9,3846,1,265,0,303,10,2280,1,2583,California
Modoc,2021-05-04,11,4618,3,499,6,3852,2,267,5,304,6,2286,7,2590,California
Modoc,2021-05-05,27,4645,24,523,2,3854,1,268,8,294,19,2305,9,2599,California
Modoc,2021-05-06,54,4699,3,526,49,3903,2,270,21,284,33,2338,23,2622,California
Modoc,2021-05-07,8,4707,3,529,3,3906,2,272,2,282,6,2344,4,2626,California
Modoc,2021-05-08,3,4710,2,531,0,3906,1,273,1,282,2,2346,2,2628,California
Modoc,2021-05-09,2,4712,2,533,0,3906,0,273,1,282,1,2347,1,2629,California
Modoc,2021-05-10,2,4714,0,533,1,3907,1,274,1,283,1,2348,2,2631,California
Modoc,2021-05-11,3,4717,2,535,0,3907,1,275,0,281,3,2351,1,2632,California
Modoc,2021-05-12,2,4719,0,535,0,3907,2,277,0,281,2,2353,2,2634,California
Modoc,2021-05-13,43,4762,1,536,38,3945,4,281,14,270,29,2382,18,2652,California
Modoc,2021-05-14,10,4772,4,540,1,3946,5,286,4,273,6,2388,9,2661,California
Modoc,2021-05-15,4,4776,3,543,1,3947,0,286,4,277,0,2388,4,2665,California
Modoc,2021-05-16,2,4778,1,544,1,3948,0,286,0,275,2,2390,0,2665,California
Modoc,2021-05-17,5,4783,3,547,2,3950,0,286,4,278,1,2391,4,2669,California
Modoc,2021-05-18,22,4805,11,558,9,3959,2,288,13,284,9,2400,15,2684,California
Modoc,2021-05-19,9,4814,2,560,3,3962,4,292,5,289,4,2404,9,2693,California
Modoc,2021-05-20,58,4872,2,562,47,4009,9,301,7,254,51,2455,16,2709,California
Modoc,2021-05-21,7,4879,5,567,1,4010,1,302,1,250,6,2461,2,2711,California
Modoc,2021-05-22,1,4880,1,568,0,4010,0,302,0,249,1,2462,0,2711,California
Modoc,2021-05-23,2,4882,2,570,0,4010,0,302,0,247,2,2464,0,2711,California
Mono,2020-12-18,1,1,1,1,0,0,0,0,1,1,0,0,1,1,California
Mono,2020-12-19,5,6,5,6,0,0,0,0,5,6,0,0,5,6,California
Mono,2020-12-20,7,13,7,13,0,0,0,0,7,13,0,0,7,13,California
Mono,2020-12-21,24,37,17,30,7,7,0,0,24,37,0,0,24,37,California
Mono,2020-12-22,66,103,65,95,1,8,0,0,66,103,0,0,66,103,California
Mono,2020-12-23,70,173,42,137,28,36,0,0,70,173,0,0,70,173,California
Mono,2020-12-24,3,176,1,138,2,38,0,0,3,176,0,0,3,176,California
Mono,2020-12-26,3,179,3,141,0,38,0,0,3,179,0,0,3,179,California
Mono,2020-12-28,94,273,63,204,31,69,0,0,94,273,0,0,94,273,California
Mono,2020-12-29,29,302,29,233,0,69,0,0,29,302,0,0,29,302,California
Mono,2020-12-30,77,379,36,269,41,110,0,0,77,379,0,0,77,379,California
Mono,2020-12-31,4,383,1,270,3,113,0,0,4,383,0,0,4,383,California
Mono,2021-01-01,4,387,4,274,0,113,0,0,4,387,0,0,4,387,California
Mono,2021-01-02,2,389,2,276,0,113,0,0,2,389,0,0,2,389,California
Mono,2021-01-04,2,391,0,276,2,115,0,0,2,391,0,0,2,391,California
Mono,2021-01-05,45,436,2,278,43,158,0,0,44,434,1,1,44,435,California
Mono,2021-01-06,44,480,0,278,44,202,0,0,44,478,0,1,44,479,California
Mono,2021-01-07,55,535,3,281,52,254,0,0,54,531,1,2,54,533,California
Mono,2021-01-08,2,537,1,282,1,255,0,0,1,531,1,3,1,534,California
Mono,2021-01-09,4,541,4,286,0,255,0,0,0,527,4,7,0,534,California
Mono,2021-01-10,5,546,5,291,0,255,0,0,0,522,5,12,0,534,California
Mono,2021-01-11,8,554,5,296,3,258,0,0,4,522,4,16,4,538,California
Mono,2021-01-12,283,837,75,371,208,466,0,0,219,678,63,79,219,757,California
Mono,2021-01-13,233,1070,73,444,160,626,0,0,178,801,55,134,178,935,California
Mono,2021-01-14,73,1143,71,515,2,628,0,0,73,874,0,134,73,1008,California
Mono,2021-01-15,62,1205,2,517,60,688,0,0,62,936,0,134,62,1070,California
Mono,2021-01-16,4,1209,3,520,1,689,0,0,1,934,3,137,1,1071,California
Mono,2021-01-18,64,1273,55,575,9,698,0,0,2,874,62,199,2,1073,California
Mono,2021-01-19,210,1483,208,783,2,700,0,0,172,1009,38,237,173,1246,California
Mono,2021-01-20,230,1713,198,981,32,732,0,0,169,1117,61,298,169,1415,California
Mono,2021-01-21,3,1716,3,984,0,732,0,0,3,1120,0,298,3,1418,California
Mono,2021-01-22,4,1720,0,984,4,736,0,0,4,1124,0,298,4,1422,California
Mono,2021-01-23,594,2314,594,1578,0,736,0,0,593,1716,1,299,593,2015,California
Mono,2021-01-25,201,2515,163,1741,38,774,0,0,162,1839,39,338,162,2177,California
Mono,2021-01-26,505,3020,503,2244,2,776,0,0,499,2332,6,344,499,2676,California
Mono,2021-01-27,5,3025,1,2245,4,780,0,0,5,2337,0,344,5,2681,California
Mono,2021-01-28,6,3031,2,2247,4,784,0,0,2,2335,4,348,2,2683,California
Mono,2021-01-30,200,3231,198,2445,2,786,0,0,199,2533,1,349,199,2882,California
Mono,2021-01-31,242,3473,137,2582,105,891,0,0,138,2567,104,453,138,3020,California
Mono,2021-02-01,27,3500,27,2609,0,891,0,0,0,2540,27,480,0,3020,California
Mono,2021-02-02,5,3505,0,2609,5,896,0,0,2,2539,3,483,2,3022,California
Mono,2021-02-03,4,3509,2,2611,2,898,0,0,2,2539,2,485,2,3024,California
Mono,2021-02-04,211,3720,158,2769,53,951,0,0,90,2508,121,606,90,3114,California
Mono,2021-02-05,617,4337,611,3380,6,957,0,0,614,3119,3,609,614,3728,California
Mono,2021-02-06,138,4475,137,3517,1,958,0,0,137,3255,1,610,137,3865,California
Mono,2021-02-07,2,4477,0,3517,2,960,0,0,2,3257,0,610,2,3867,California
Mono,2021-02-08,172,4649,172,3689,0,960,0,0,15,3116,156,766,15,3882,California
Mono,2021-02-09,226,4875,6,3695,220,1180,0,0,13,2916,213,979,13,3895,California
Mono,2021-02-10,536,5411,186,3881,350,1530,0,0,193,2767,343,1322,194,4089,California
Mono,2021-02-11,7,5418,4,3885,3,1533,0,0,2,2764,5,1327,2,4091,California
Mono,2021-02-12,84,5502,20,3905,64,1597,0,0,26,2732,58,1385,26,4117,California
Mono,2021-02-13,585,6087,585,4490,0,1597,0,0,25,2198,559,1944,25,4142,California
Mono,2021-02-15,165,6252,163,4653,2,1599,0,0,3,2041,160,2104,3,4145,California
Mono,2021-02-16,517,6769,514,5167,3,1602,0,0,45,1617,469,2573,45,4190,California
Mono,2021-02-17,7,6776,2,5169,5,1607,0,0,2,1614,5,2578,2,4192,California
Mono,2021-02-18,3,6779,2,5171,1,1608,0,0,2,1615,1,2579,2,4194,California
Mono,2021-02-19,54,6833,53,5224,1,1609,0,0,54,1669,0,2579,54,4248,California
Mono,2021-02-20,4,6837,4,5228,0,1609,0,0,4,1673,0,2579,4,4252,California
Mono,2021-02-21,6,6843,6,5234,0,1609,0,0,4,1675,2,2581,4,4256,California
Mono,2021-02-22,283,7126,282,5516,1,1610,0,0,24,1441,258,2839,24,4280,California
Mono,2021-02-23,137,7263,117,5633,20,1630,0,0,22,1348,115,2954,22,4302,California
Mono,2021-02-24,10,7273,3,5636,7,1637,0,0,4,1346,6,2960,4,4306,California
Mono,2021-02-25,5,7278,2,5638,3,1640,0,0,3,1348,1,2961,3,4309,California
Mono,2021-02-26,598,7876,596,6234,2,1642,0,0,21,793,576,3537,21,4330,California
Mono,2021-02-27,140,8016,136,6370,4,1646,0,0,4,663,134,3671,4,4334,California
Mono,2021-03-01,2,8018,2,6372,0,1646,0,0,1,664,0,3671,1,4335,California
Mono,2021-03-02,6,8024,4,6376,2,1648,0,0,4,666,2,3673,4,4339,California
Mono,2021-03-03,112,8136,2,6378,110,1758,0,0,109,773,2,3675,109,4448,California
Mono,2021-03-04,5,8141,1,6379,4,1762,0,0,3,774,2,3677,3,4451,California
Mono,2021-03-05,37,8178,27,6406,10,1772,0,0,14,765,23,3700,14,4465,California
Mono,2021-03-06,507,8685,17,6423,490,2262,0,0,499,1259,6,3706,500,4965,California
Mono,2021-03-07,1,8686,0,6423,1,2263,0,0,0,1258,1,3707,0,4965,California
Mono,2021-03-08,536,9222,11,6434,522,2785,3,3,527,1779,9,3716,530,5495,California
Mono,2021-03-09,6,9228,2,6436,3,2788,1,4,3,1781,2,3718,4,5499,California
Mono,2021-03-10,286,9514,90,6526,193,2981,3,7,9,1519,274,3992,12,5511,California
Mono,2021-03-11,10,9524,0,6526,1,2982,9,16,0,1518,10,4002,9,5520,California
Mono,2021-03-12,7,9531,1,6527,1,2983,5,21,0,1516,7,4009,5,5525,California
Mono,2021-03-13,823,10354,386,6913,437,3420,0,21,815,2323,8,4017,815,6340,California
Mono,2021-03-14,4,10358,4,6917,0,3420,0,21,0,2319,4,4021,0,6340,California
Mono,2021-03-15,31,10389,23,6940,3,3423,5,26,14,2322,16,4037,19,6359,California
Mono,2021-03-16,16,10405,6,6946,4,3427,6,32,8,2328,8,4045,14,6373,California
Mono,2021-03-17,33,10438,5,6951,20,3447,8,40,21,2345,12,4057,29,6402,California
Mono,2021-03-18,21,10459,2,6953,11,3458,8,48,9,2350,12,4069,17,6419,California
Mono,2021-03-19,21,10480,1,6954,17,3475,3,51,17,2367,3,4072,20,6439,California
Mono,2021-03-20,5,10485,3,6957,1,3476,1,52,4,2371,1,4073,5,6444,California
Mono,2021-03-21,1,10486,1,6958,0,3476,0,52,1,2372,0,4073,1,6445,California
Mono,2021-03-22,11,10497,0,6958,6,3482,5,57,5,2376,6,4079,10,6455,California
Mono,2021-03-23,43,10540,6,6964,32,3514,5,62,17,2372,26,4105,22,6477,California
Mono,2021-03-24,13,10553,1,6965,7,3521,5,67,5,2374,8,4113,10,6487,California
Mono,2021-03-25,19,10572,3,6968,12,3533,4,71,12,2383,7,4120,16,6503,California
Mono,2021-03-26,19,10591,3,6971,11,3544,5,76,10,2390,8,4128,15,6518,California
Mono,2021-03-27,351,10942,348,7319,3,3547,0,76,324,2687,27,4155,324,6842,California
Mono,2021-03-29,10,10952,3,7322,6,3553,1,77,8,2694,2,4157,9,6851,California
Mono,2021-03-30,12,10964,0,7322,8,3561,4,81,7,2700,5,4162,11,6862,California
Mono,2021-03-31,132,11096,7,7329,124,3685,1,82,22,2614,109,4271,23,6885,California
Mono,2021-04-01,8,11104,0,7329,7,3692,1,83,3,2613,5,4276,4,6889,California
Mono,2021-04-02,18,11122,2,7331,16,3708,0,83,7,2609,11,4287,7,6896,California
Mono,2021-04-03,867,11989,372,7703,495,4203,0,83,50,1844,815,5102,50,6946,California
Mono,2021-04-05,529,12518,18,7721,510,4713,1,84,32,1381,496,5598,33,6979,California
Mono,2021-04-06,19,12537,1,7722,5,4718,13,97,1,1377,18,5616,14,6993,California
Mono,2021-04-07,25,12562,3,7725,3,4721,19,116,4,1379,21,5637,23,7016,California
Mono,2021-04-08,22,12584,3,7728,2,4723,17,133,4,1382,18,5655,21,7037,California
Mono,2021-04-09,37,12621,4,7732,4,4727,29,162,7,1388,30,5685,36,7073,California
Mono,2021-04-10,446,13067,2,7734,437,5164,7,169,28,1005,418,6103,35,7108,California
Mono,2021-04-11,1,13068,1,7735,0,5164,0,169,0,1004,1,6104,0,7108,California
Mono,2021-04-12,6,13074,0,7735,3,5167,3,172,3,1007,3,6107,6,7114,California
Mono,2021-04-13,20,13094,2,7737,17,5184,1,173,14,1016,6,6113,15,7129,California
Mono,2021-04-14,24,13118,0,7737,24,5208,0,173,6,1004,18,6131,6,7135,California
Mono,2021-04-15,18,13136,3,7740,15,5223,0,173,9,1004,9,6140,9,7144,California
Mono,2021-04-16,17,13153,1,7741,16,5239,0,173,6,999,11,6151,6,7150,California
Mono,2021-04-17,51,13204,2,7743,49,5288,0,173,44,1036,7,6158,44,7194,California
Mono,2021-04-18,1,13205,0,7743,1,5289,0,173,1,1037,0,6158,1,7195,California
Mono,2021-04-19,526,13731,319,8062,207,5496,0,173,201,915,323,6481,201,7396,California
Mono,2021-04-20,16,13747,2,8064,14,5510,0,173,11,921,5,6486,11,7407,California
Mono,2021-04-21,8,13755,1,8065,7,5517,0,173,3,919,5,6491,3,7410,California
Mono,2021-04-22,25,13780,11,8076,14,5531,0,173,11,916,14,6505,11,7421,California
Mono,2021-04-23,22,13802,2,8078,20,5551,0,173,12,918,10,6515,12,7433,California
Mono,2021-04-24,35,13837,22,8100,13,5564,0,173,20,923,15,6530,20,7453,California
Mono,2021-04-25,3,13840,2,8102,1,5565,0,173,3,926,0,6530,3,7456,California
Mono,2021-04-26,10,13850,1,8103,9,5574,0,173,2,920,8,6538,2,7458,California
Mono,2021-04-27,66,13916,40,8143,19,5593,7,180,50,961,16,6554,57,7515,California
Mono,2021-04-28,63,13979,41,8184,18,5611,4,184,48,1000,13,6567,52,7567,California
Mono,2021-04-29,8,13987,1,8185,4,5615,3,187,2,999,6,6573,5,7572,California
Mono,2021-04-30,16,14003,3,8188,10,5625,3,190,8,1002,8,6581,11,7583,California
Mono,2021-05-01,110,14113,4,8192,106,5731,0,190,98,1088,12,6593,98,7681,California
Mono,2021-05-03,1,14114,0,8192,1,5732,0,190,0,1087,1,6594,0,7681,California
Mono,2021-05-04,19,14133,0,8192,13,5745,6,196,10,1094,9,6603,16,7697,California
Mono,2021-05-05,53,14186,8,8200,41,5786,4,200,45,1135,8,6611,49,7746,California
Mono,2021-05-06,13,14199,3,8203,9,5795,1,201,9,1141,4,6615,10,7756,California
Mono,2021-05-07,29,14228,22,8225,7,5802,0,201,25,1162,4,6619,25,7781,California
Mono,2021-05-08,50,14278,5,8230,45,5847,0,201,22,1156,28,6647,22,7803,California
Mono,2021-05-10,17,14295,1,8231,12,5859,4,205,9,1161,8,6655,13,7816,California
Mono,2021-05-11,16,14311,2,8233,11,5870,3,208,5,1158,11,6666,8,7824,California
Mono,2021-05-12,12,14323,0,8233,11,5881,1,209,4,1155,8,6674,5,7829,California
Mono,2021-05-13,45,14368,32,8265,13,5894,0,209,36,1182,9,6683,36,7865,California
Mono,2021-05-14,9,14377,1,8266,7,5901,1,210,4,1182,5,6688,5,7870,California
Mono,2021-05-15,66,14443,25,8291,34,5935,7,217,18,1159,48,6736,25,7895,California
Mono,2021-05-16,6,14449,5,8296,1,5936,0,217,3,1159,3,6739,3,7898,California
Mono,2021-05-17,246,14695,33,8329,206,6142,7,224,54,1030,191,6930,62,7960,California
Mono,2021-05-18,133,14828,109,8438,23,6165,1,225,87,1072,46,6976,88,8048,California
Mono,2021-05-19,118,14946,112,8550,1,6166,5,230,75,1109,43,7019,80,8128,California
Mono,2021-05-20,70,15016,54,8604,10,6176,6,236,53,1151,17,7036,59,8187,California
Mono,2021-05-21,25,15041,5,8609,18,6194,2,238,11,1150,14,7050,13,8200,California
Mono,2021-05-22,19,15060,10,8619,7,6201,2,240,13,1159,6,7056,15,8215,California
Mono,2021-05-23,2,15062,1,8620,1,6202,0,240,2,1161,0,7056,2,8217,California
Monterey,2020-12-16,5,5,5,5,0,0,0,0,5,5,0,0,5,5,California
Monterey,2020-12-17,87,92,87,92,0,0,0,0,87,92,0,0,87,92,California
Monterey,2020-12-18,484,576,484,576,0,0,0,0,484,576,0,0,484,576,California
Monterey,2020-12-19,582,1158,581,1157,1,1,0,0,582,1158,0,0,582,1158,California
Monterey,2020-12-20,422,1580,422,1579,0,1,0,0,422,1580,0,0,422,1580,California
Monterey,2020-12-21,718,2298,718,2297,0,1,0,0,718,2298,0,0,718,2298,California
Monterey,2020-12-22,537,2835,524,2821,13,14,0,0,537,2835,0,0,537,2835,California
Monterey,2020-12-23,437,3272,262,3083,175,189,0,0,437,3272,0,0,437,3272,California
Monterey,2020-12-24,84,3356,10,3093,74,263,0,0,84,3356,0,0,84,3356,California
Monterey,2020-12-25,6,3362,0,3093,6,269,0,0,6,3362,0,0,6,3362,California
Monterey,2020-12-26,92,3454,5,3098,87,356,0,0,92,3454,0,0,92,3454,California
Monterey,2020-12-27,7,3461,4,3102,3,359,0,0,7,3461,0,0,7,3461,California
Monterey,2020-12-28,477,3938,25,3127,452,811,0,0,477,3938,0,0,477,3938,California
Monterey,2020-12-29,902,4840,168,3295,734,1545,0,0,902,4840,0,0,902,4840,California
Monterey,2020-12-30,566,5406,97,3392,469,2014,0,0,566,5406,0,0,566,5406,California
Monterey,2020-12-31,33,5439,11,3403,22,2036,0,0,33,5439,0,0,33,5439,California
Monterey,2021-01-01,12,5451,2,3405,10,2046,0,0,12,5451,0,0,12,5451,California
Monterey,2021-01-02,137,5588,134,3539,3,2049,0,0,137,5588,0,0,137,5588,California
Monterey,2021-01-03,30,5618,29,3568,1,2050,0,0,30,5618,0,0,30,5618,California
Monterey,2021-01-04,411,6029,18,3586,393,2443,0,0,411,6029,0,0,411,6029,California
Monterey,2021-01-05,753,6782,327,3913,426,2869,0,0,739,6754,14,14,739,6768,California
Monterey,2021-01-06,660,7442,175,4088,485,3354,0,0,637,7368,23,37,637,7405,California
Monterey,2021-01-07,747,8189,571,4659,176,3530,0,0,424,7471,321,358,424,7829,California
Monterey,2021-01-08,1093,9282,736,5395,357,3887,0,0,399,7176,694,1052,399,8228,California
Monterey,2021-01-09,967,10249,935,6330,32,3919,0,0,314,6838,652,1704,314,8542,California
Monterey,2021-01-10,274,10523,271,6601,3,3922,0,0,9,6582,265,1969,9,8551,California
Monterey,2021-01-11,1069,11592,986,7587,83,4005,0,0,366,6245,703,2672,366,8917,California
Monterey,2021-01-12,474,12066,395,7982,79,4084,0,0,211,6193,263,2935,211,9128,California
Monterey,2021-01-13,1218,13284,593,8575,625,4709,0,0,1172,7319,46,2981,1172,10300,California
Monterey,2021-01-14,1129,14413,169,8744,960,5669,0,0,1110,8414,19,3000,1114,11414,California
Monterey,2021-01-15,1049,15462,45,8789,1004,6673,0,0,1036,9437,13,3013,1036,12450,California
Monterey,2021-01-16,366,15828,301,9090,65,6738,0,0,361,9793,5,3018,361,12811,California
Monterey,2021-01-17,314,16142,293,9383,21,6759,0,0,301,10081,13,3031,301,13112,California
Monterey,2021-01-18,403,16545,46,9429,357,7116,0,0,381,10440,22,3053,381,13493,California
Monterey,2021-01-19,578,17123,395,9824,183,7299,0,0,419,10702,157,3210,419,13912,California
Monterey,2021-01-20,538,17661,268,10092,270,7569,0,0,332,10828,206,3416,332,14244,California
Monterey,2021-01-21,851,18512,93,10185,758,8327,0,0,741,11463,110,3526,745,14989,California
Monterey,2021-01-22,1057,19569,195,10380,862,9189,0,0,1018,12442,39,3565,1018,16007,California
Monterey,2021-01-23,243,19812,175,10555,68,9257,0,0,119,12440,123,3688,121,16128,California
Monterey,2021-01-24,57,19869,38,10593,19,9276,0,0,23,12429,34,3722,23,16151,California
Monterey,2021-01-25,803,20672,175,10768,628,9904,0,0,176,11985,620,4342,176,16327,California
Monterey,2021-01-26,945,21617,225,10993,720,10624,0,0,248,11536,697,5039,248,16575,California
Monterey,2021-01-27,868,22485,314,11307,554,11178,0,0,389,11446,479,5518,389,16964,California
Monterey,2021-01-28,2031,24516,739,12046,1292,12470,0,0,1690,12797,341,5859,1692,18656,California
Monterey,2021-01-29,1237,25753,709,12755,528,12998,0,0,1119,13800,117,5976,1120,19776,California
Monterey,2021-01-30,465,26218,295,13050,170,13168,0,0,209,13753,256,6232,209,19985,California
Monterey,2021-01-31,496,26714,72,13122,424,13592,0,0,485,14228,11,6243,486,20471,California
Monterey,2021-02-01,1659,28373,1148,14270,511,14103,0,0,1091,14752,567,6810,1091,21562,California
Monterey,2021-02-02,2174,30547,462,14732,1712,15815,0,0,1566,15711,607,7417,1566,23128,California
Monterey,2021-02-03,2343,32890,1052,15784,1291,17106,0,0,1565,16502,774,8191,1565,24693,California
Monterey,2021-02-04,2793,35683,2088,17872,705,17811,0,0,2483,18677,308,8499,2483,27176,California
Monterey,2021-02-05,3674,39357,2832,20704,842,18653,0,0,3233,21474,436,8935,3233,30409,California
Monterey,2021-02-06,1109,40466,380,21084,729,19382,0,0,763,21893,344,9279,763,31172,California
Monterey,2021-02-07,317,40783,268,21352,49,19431,0,0,99,21774,218,9497,99,31271,California
Monterey,2021-02-08,521,41304,291,21643,230,19661,0,0,430,22113,91,9588,430,31701,California
Monterey,2021-02-09,882,42186,684,22327,198,19859,0,0,570,22373,312,9900,572,32273,California
Monterey,2021-02-10,2093,44279,1110,23437,983,20842,0,0,1248,22777,845,10745,1249,33522,California
Monterey,2021-02-11,2513,46792,975,24412,1538,22380,0,0,1550,23368,961,11706,1552,35074,California
Monterey,2021-02-12,2604,49396,432,24844,2172,24552,0,0,1530,23826,1073,12779,1531,36605,California
Monterey,2021-02-13,1079,50475,49,24893,1030,25582,0,0,988,24724,90,12869,988,37593,California
Monterey,2021-02-14,600,51075,73,24966,527,26109,0,0,527,25178,73,12942,527,38120,California
Monterey,2021-02-15,1375,52450,161,25127,1214,27323,0,0,984,25774,389,13331,985,39105,California
Monterey,2021-02-16,1097,53547,244,25371,853,28176,0,0,873,26423,224,13555,873,39978,California
Monterey,2021-02-17,1954,55501,1167,26538,787,28963,0,0,1649,27770,304,13859,1651,41629,California
Monterey,2021-02-18,2238,57739,1179,27717,1059,30022,0,0,914,27376,1310,15169,916,42545,California
Monterey,2021-02-19,2951,60690,1539,29256,1412,31434,0,0,1352,27131,1598,16767,1353,43898,California
Monterey,2021-02-20,1022,61712,617,29873,405,31839,0,0,963,28036,58,16825,963,44861,California
Monterey,2021-02-21,1254,62966,1225,31098,29,31868,0,0,1183,29150,69,16894,1183,46044,California
Monterey,2021-02-22,1003,63969,854,31952,149,32017,0,0,652,29453,349,17243,652,46696,California
Monterey,2021-02-23,971,64940,624,32576,347,32364,0,0,306,29096,664,17907,307,47003,California
Monterey,2021-02-24,2482,67422,1326,33902,1156,33520,0,0,1857,30334,620,18527,1858,48861,California
Monterey,2021-02-25,4432,71854,2429,36331,2003,35523,0,0,1486,28882,2939,21466,1487,50348,California
Monterey,2021-02-26,5263,77117,3087,39418,2176,37699,0,0,2635,28893,2625,24091,2636,52984,California
Monterey,2021-02-27,1029,78146,186,39604,843,38542,0,0,813,29495,211,24302,813,53797,California
Monterey,2021-02-28,1539,79685,82,39686,1457,39999,0,0,1076,30113,458,24760,1076,54873,California
Monterey,2021-03-01,1289,80974,145,39831,1141,41140,3,3,747,30327,537,25297,751,55624,California
Monterey,2021-03-02,2804,83778,1732,41563,1072,42212,0,3,1936,31399,864,26161,1936,57560,California
Monterey,2021-03-03,3222,87000,1245,42808,1977,44189,0,3,1277,30734,1943,28104,1278,58838,California
Monterey,2021-03-04,4584,91584,1474,44282,3110,47299,0,3,2959,32072,1621,29725,2959,61797,California
Monterey,2021-03-05,3677,95261,1626,45908,1774,49073,277,280,3007,34687,669,30394,3284,65081,California
Monterey,2021-03-06,5083,100344,1081,46989,3696,52769,306,586,4168,38247,912,31306,4472,69553,California
Monterey,2021-03-07,524,100868,107,47096,170,52939,247,833,234,38436,290,31596,479,70032,California
Monterey,2021-03-08,1669,102537,327,47423,953,53892,389,1222,1120,39394,549,32145,1507,71539,California
Monterey,2021-03-09,1993,104530,695,48118,1023,54915,275,1497,1491,40657,501,32646,1764,73303,California
Monterey,2021-03-10,3190,107720,1037,49155,1663,56578,490,1987,1464,40888,1722,34368,1953,75256,California
Monterey,2021-03-11,4171,111891,1415,50570,2381,58959,375,2362,2401,41901,1763,36131,2776,78032,California
Monterey,2021-03-12,4401,116292,2053,52623,2208,61167,140,2502,2702,43046,1696,37827,2841,80873,California
Monterey,2021-03-13,5287,121579,970,53593,3970,65137,347,2849,3968,46043,1318,39145,4315,85188,California
Monterey,2021-03-14,2159,123738,1335,54928,799,65936,25,2874,577,45073,1572,40717,602,85790,California
Monterey,2021-03-15,3972,127710,1274,56202,2408,68344,290,3164,2278,45950,1690,42407,2567,88357,California
Monterey,2021-03-16,3534,131244,579,56781,2578,70922,377,3541,2113,47015,1420,43827,2485,90842,California
Monterey,2021-03-17,5835,137079,2363,59144,3215,74137,257,3798,4223,49894,1606,45433,4485,95327,California
Monterey,2021-03-18,4470,141549,2169,61313,2132,76269,169,3967,3106,51848,1358,46791,3312,98639,California
Monterey,2021-03-19,5485,147034,2564,63877,2775,79044,146,4113,4198,54911,1282,48073,4345,102984,California
Monterey,2021-03-20,3366,150400,420,64297,2251,81295,695,4808,2281,56805,1082,49155,2976,105960,California
Monterey,2021-03-21,634,151034,206,64503,419,81714,9,4817,561,57303,71,49226,569,106529,California
Monterey,2021-03-22,2498,153532,1443,65946,993,82707,62,4879,2285,59439,209,49435,2345,108874,California
Monterey,2021-03-23,4027,157559,2361,68307,1623,84330,43,4922,2563,60585,1459,50894,2605,111479,California
Monterey,2021-03-24,5124,162683,2126,70433,2686,87016,312,5234,3759,63292,1361,52255,4068,115547,California
Monterey,2021-03-25,5323,168006,1226,71659,3739,90755,358,5592,2683,63702,2632,54887,3042,118589,California
Monterey,2021-03-26,5454,173460,2620,74279,2756,93511,78,5670,2791,63920,2653,57540,2871,121460,California
Monterey,2021-03-27,4861,178321,1458,75737,3147,96658,256,5926,3124,65566,1734,59274,3380,124840,California
Monterey,2021-03-28,1120,179441,346,76083,765,97423,9,5935,626,65712,489,59763,635,125475,California
Monterey,2021-03-29,3228,182669,1413,77496,1801,99224,14,5949,2006,66522,1214,60977,2024,127499,California
Monterey,2021-03-30,4529,187198,2135,79631,2346,101570,48,5997,2789,67633,1730,62707,2841,130340,California
Monterey,2021-03-31,5440,192638,2425,82056,2219,103789,796,6793,3456,69895,1981,64688,4243,134583,California
Monterey,2021-04-01,6147,198785,2065,84121,3669,107458,413,7206,3110,70391,3022,67710,3518,138101,California
Monterey,2021-04-02,4792,203577,2268,86389,2459,109917,65,7271,3239,72148,1551,69261,3308,141409,California
Monterey,2021-04-03,5937,209514,1120,87509,3786,113703,1031,8302,1238,69723,4687,73948,2262,143671,California
Monterey,2021-04-04,774,210288,162,87671,597,114300,15,8317,498,69962,276,74224,515,144186,California
Monterey,2021-04-05,4010,214298,2477,90148,1303,115603,230,8547,1490,69167,2514,76738,1719,145905,California
Monterey,2021-04-06,3423,217721,1339,91487,1611,117214,473,9020,1161,68539,2260,78998,1632,147537,California
Monterey,2021-04-07,5622,223343,1378,92865,3731,120945,513,9533,2699,68835,2912,81910,3208,150745,California
Monterey,2021-04-08,6593,229936,3468,96333,2322,123267,803,10336,3239,69530,3348,85258,4043,154788,California
Monterey,2021-04-09,5625,235561,3364,99697,1625,124892,636,10972,2261,69063,3361,88619,2894,157682,California
Monterey,2021-04-10,10106,245667,4885,104582,3068,127960,2153,13125,4907,70932,5189,93808,7058,164740,California
Monterey,2021-04-11,5418,251085,4248,108830,567,128527,603,13728,4372,74862,1040,94848,4970,169710,California
Monterey,2021-04-12,4103,255188,1849,110679,1935,130462,319,14047,927,73070,3038,97886,1246,170956,California
Monterey,2021-04-13,3185,258373,730,111409,2450,132912,5,14052,1518,72947,1648,99534,1525,172481,California
Monterey,2021-04-14,6734,265107,3138,114547,3593,136505,3,14055,1834,69901,4883,104417,1837,174318,California
Monterey,2021-04-15,5891,270998,3904,118451,1987,138492,0,14055,3868,71777,1993,106410,3869,178187,California
Monterey,2021-04-16,4843,275841,2442,120893,2387,140879,14,14069,2250,71461,2581,108991,2265,180452,California
Monterey,2021-04-17,5558,281399,1356,122249,4202,145081,0,14069,3693,73303,1851,110842,3693,184145,California
Monterey,2021-04-18,843,282242,256,122505,587,145668,0,14069,237,72938,602,111444,237,184382,California
Monterey,2021-04-19,3734,285976,1290,123795,2444,148112,0,14069,1773,72758,1953,113397,1773,186155,California
Monterey,2021-04-20,3851,289827,1582,125377,2269,150381,0,14069,1591,72112,2238,115635,1592,187747,California
Monterey,2021-04-21,5931,295758,3178,128555,2753,153134,0,14069,2860,71938,3036,118671,2862,190609,California
Monterey,2021-04-22,4831,300589,1029,129584,3802,156936,0,14069,1987,71121,2804,121475,1987,192596,California
Monterey,2021-04-23,5770,306359,2634,132218,3135,160071,1,14070,2236,69848,3514,124989,2241,194837,California
Monterey,2021-04-24,4175,310534,587,132805,3588,163659,0,14070,1540,68769,2619,127608,1540,196377,California
Monterey,2021-04-25,1243,311777,610,133415,633,164292,0,14070,793,69122,440,128048,793,197170,California
Monterey,2021-04-26,3501,315278,2178,135593,1306,165598,17,14087,881,67425,2595,130643,898,198068,California
Monterey,2021-04-27,2626,317904,898,136491,1610,167208,118,14205,1147,67214,1475,132118,1264,199332,California
Monterey,2021-04-28,3609,321513,1372,137863,2084,169292,153,14358,2227,68222,1369,133487,2377,201709,California
Monterey,2021-04-29,4516,326029,2423,140286,2017,171309,76,14434,1653,67100,2852,136339,1730,203439,California
Monterey,2021-04-30,3184,329213,1657,141943,1452,172761,75,14509,786,65570,2389,138728,859,204298,California
Monterey,2021-05-01,5615,334828,4239,146182,1336,174097,40,14549,681,61372,4917,143645,719,205017,California
Monterey,2021-05-02,4361,339189,3934,150116,400,174497,27,14576,326,57703,4022,147667,353,205370,California
Monterey,2021-05-03,2549,341738,1567,151683,866,175363,116,14692,599,56478,1940,149607,715,206085,California
Monterey,2021-05-04,1789,343527,600,152283,1099,176462,90,14782,646,56085,1130,150737,737,206822,California
Monterey,2021-05-05,3315,346842,1195,153478,2035,178497,85,14867,1044,54955,2260,152997,1130,207952,California
Monterey,2021-05-06,4175,351017,2749,156227,1209,179706,217,15084,1126,53265,3033,156030,1343,209295,California
Monterey,2021-05-07,1990,353007,973,157200,918,180624,99,15183,703,52787,1279,157309,801,210096,California
Monterey,2021-05-08,2578,355585,1367,158567,887,181511,324,15507,912,52364,1655,158964,1232,211328,California
Monterey,2021-05-09,398,355983,116,158683,256,181767,26,15533,145,52283,252,159216,171,211499,California
Monterey,2021-05-10,2591,358574,1859,160542,685,182452,47,15580,330,50409,2252,161468,378,211877,California
Monterey,2021-05-11,1760,360334,906,161448,791,183243,63,15643,729,50186,1016,162484,793,212670,California
Monterey,2021-05-12,3665,363999,1965,163413,1627,184870,73,15716,783,48171,2872,165356,857,213527,California
Monterey,2021-05-13,2285,366284,1310,164723,919,185789,56,15772,1261,48472,1014,166370,1315,214842,California
Monterey,2021-05-14,1736,368020,497,165220,1165,186954,74,15846,695,48207,1033,167403,768,215610,California
Monterey,2021-05-15,2982,371002,526,165746,2221,189175,235,16081,644,46759,2326,169729,878,216488,California
Monterey,2021-05-16,877,371879,530,166276,280,189455,67,16148,223,46400,648,170377,289,216777,California
Monterey,2021-05-17,2184,374063,1286,167562,824,190279,74,16222,1037,46376,1135,171512,1111,217888,California
Monterey,2021-05-18,1728,375791,664,168226,1021,191300,43,16265,797,46295,923,172435,842,218730,California
Monterey,2021-05-19,3554,379345,2343,170569,1125,192425,86,16351,1932,46699,1615,174050,2019,220749,California
Monterey,2021-05-20,2270,381615,803,171372,1387,193812,80,16431,734,45995,1521,175571,817,221566,California
Monterey,2021-05-21,2753,384368,1201,172573,1468,195280,84,16515,852,45035,1895,177466,935,222501,California
Monterey,2021-05-22,1485,385853,595,173168,769,196049,121,16636,624,44921,858,178324,744,223245,California
Monterey,2021-05-23,409,386262,328,173496,74,196123,7,16643,318,45157,89,178413,325,223570,California
Napa,2020-12-16,12,12,12,12,0,0,0,0,12,12,0,0,12,12,California
Napa,2020-12-17,44,56,44,56,0,0,0,0,44,56,0,0,44,56,California
Napa,2020-12-18,102,158,102,158,0,0,0,0,102,158,0,0,102,158,California
Napa,2020-12-19,221,379,221,379,0,0,0,0,221,379,0,0,221,379,California
Napa,2020-12-20,190,569,190,569,0,0,0,0,190,569,0,0,190,569,California
Napa,2020-12-21,314,883,314,883,0,0,0,0,315,884,0,0,315,884,California
Napa,2020-12-22,341,1224,332,1215,9,9,0,0,341,1225,0,0,341,1225,California
Napa,2020-12-23,430,1654,320,1535,110,119,0,0,430,1655,0,0,430,1655,California
Napa,2020-12-24,139,1793,78,1613,61,180,0,0,139,1794,0,0,139,1794,California
Napa,2020-12-25,1,1794,1,1614,0,180,0,0,1,1795,0,0,1,1795,California
Napa,2020-12-26,39,1833,11,1625,28,208,0,0,39,1834,0,0,39,1834,California
Napa,2020-12-27,32,1865,16,1641,16,224,0,0,32,1866,0,0,32,1866,California
Napa,2020-12-28,252,2117,186,1827,66,290,0,0,281,2147,0,0,281,2147,California
Napa,2020-12-29,271,2388,214,2041,57,347,0,0,304,2451,0,0,304,2451,California
Napa,2020-12-30,631,3019,486,2527,145,492,0,0,639,3090,0,0,639,3090,California
Napa,2020-12-31,460,3479,371,2898,89,581,0,0,460,3550,0,0,460,3550,California
Napa,2021-01-01,1,3480,1,2899,0,581,0,0,1,3551,0,0,1,3551,California
Napa,2021-01-02,98,3578,93,2992,5,586,0,0,98,3649,0,0,98,3649,California
Napa,2021-01-03,13,3591,11,3003,2,588,0,0,9,3658,0,0,9,3658,California
Napa,2021-01-04,106,3697,63,3066,43,631,0,0,106,3764,0,0,106,3764,California
Napa,2021-01-05,162,3859,85,3151,77,708,0,0,145,3885,24,24,145,3909,California
Napa,2021-01-06,459,4318,113,3264,346,1054,0,0,396,4220,61,85,396,4305,California
Napa,2021-01-07,499,4817,235,3499,264,1318,0,0,398,4518,100,185,398,4703,California
Napa,2021-01-08,445,5262,230,3729,215,1533,0,0,261,4596,183,368,261,4964,California
Napa,2021-01-09,327,5589,302,4031,25,1558,0,0,190,4649,137,505,190,5154,California
Napa,2021-01-10,185,5774,102,4133,83,1641,0,0,108,4680,77,582,108,5262,California
Napa,2021-01-11,881,6655,427,4560,454,2095,0,0,507,4814,375,957,509,5771,California
Napa,2021-01-12,1318,7973,373,4933,945,3040,0,0,1000,5496,318,1275,1000,6771,California
Napa,2021-01-13,1313,9286,265,5198,1048,4088,0,0,1150,6485,162,1437,1151,7922,California
Napa,2021-01-14,1051,10337,171,5369,880,4968,0,0,933,7302,116,1553,933,8855,California
Napa,2021-01-15,1457,11794,384,5753,1073,6041,0,0,1308,8454,157,1710,1309,10164,California
Napa,2021-01-16,357,12151,133,5886,224,6265,0,0,340,8777,17,1727,340,10504,California
Napa,2021-01-17,338,12489,173,6059,165,6430,0,0,328,9095,10,1737,328,10832,California
Napa,2021-01-18,1079,13568,197,6256,882,7312,0,0,988,9992,91,1828,988,11820,California
Napa,2021-01-19,1009,14577,405,6661,604,7916,0,0,766,10516,242,2070,766,12586,California
Napa,2021-01-20,827,15404,187,6848,640,8556,0,0,643,10977,182,2252,643,13229,California
Napa,2021-01-21,1335,16739,373,7221,962,9518,0,0,1080,11804,254,2506,1081,14310,California
Napa,2021-01-22,1544,18283,414,7635,1130,10648,0,0,1217,12696,326,2832,1218,15528,California
Napa,2021-01-23,398,18681,318,7953,80,10728,0,0,336,12970,62,2894,336,15864,California
Napa,2021-01-24,264,18945,187,8140,77,10805,0,0,207,13120,57,2951,207,16071,California
Napa,2021-01-25,1521,20466,229,8369,1292,12097,0,0,1431,14461,90,3041,1431,17502,California
Napa,2021-01-26,877,21343,285,8654,592,12689,0,0,785,15155,92,3133,786,18288,California
Napa,2021-01-27,628,21971,220,8874,408,13097,0,0,471,15469,158,3291,472,18760,California
Napa,2021-01-28,387,22358,175,9049,212,13309,0,0,196,15476,189,3480,196,18956,California
Napa,2021-01-29,254,22612,63,9112,191,13500,0,0,159,15540,95,3575,159,19115,California
Napa,2021-01-30,807,23419,697,9809,110,13610,0,0,640,16013,167,3742,640,19755,California
Napa,2021-01-31,652,24071,621,10430,31,13641,0,0,629,16619,23,3765,629,20384,California
Napa,2021-02-01,320,24391,112,10542,208,13849,0,0,164,16627,156,3921,164,20548,California
Napa,2021-02-02,606,24997,279,10821,327,14176,0,0,297,16618,306,4227,297,20845,California
Napa,2021-02-03,744,25741,308,11129,436,14612,0,0,429,16733,314,4541,429,21274,California
Napa,2021-02-04,787,26528,370,11499,417,15029,0,0,438,16824,347,4888,438,21712,California
Napa,2021-02-05,709,27237,308,11807,401,15430,0,0,342,16799,367,5255,342,22054,California
Napa,2021-02-06,434,27671,146,11953,288,15718,0,0,328,17021,106,5361,328,22382,California
Napa,2021-02-07,173,27844,160,12113,13,15731,0,0,71,16990,102,5463,71,22453,California
Napa,2021-02-08,835,28679,191,12304,644,16375,0,0,274,16706,558,6021,274,22727,California
Napa,2021-02-09,1083,29762,448,12752,635,17010,0,0,440,16504,642,6663,440,23167,California
Napa,2021-02-10,1724,31486,193,12945,1531,18541,0,0,451,15686,1270,7933,452,23619,California
Napa,2021-02-11,1492,32978,192,13137,1300,19841,0,0,405,15017,1074,9007,405,24024,California
Napa,2021-02-12,2170,35148,844,13981,1326,21167,0,0,729,14309,1437,10444,729,24753,California
Napa,2021-02-13,503,35651,53,14034,450,21617,0,0,317,14440,186,10630,317,25070,California
Napa,2021-02-14,354,36005,86,14120,268,21885,0,0,192,14470,162,10792,192,25262,California
Napa,2021-02-15,876,36881,182,14302,694,22579,0,0,223,14042,651,11443,223,25485,California
Napa,2021-02-16,1287,38168,596,14898,691,23270,0,0,613,13983,672,12115,613,26098,California
Napa,2021-02-17,1048,39216,531,15429,517,23787,0,0,477,13892,569,12684,478,26576,California
Napa,2021-02-18,1902,41118,485,15914,1417,25204,0,0,660,13313,1239,13923,660,27236,California
Napa,2021-02-19,1479,42597,585,16499,894,26098,0,0,675,13185,803,14726,675,27911,California
Napa,2021-02-20,821,43418,596,17095,225,26323,0,0,274,12912,547,15273,274,28185,California
Napa,2021-02-21,816,44234,752,17847,64,26387,0,0,212,12520,604,15877,212,28397,California
Napa,2021-02-22,445,44679,189,18036,256,26643,0,0,140,12355,305,16182,140,28537,California
Napa,2021-02-23,1130,45809,306,18342,824,27467,0,0,315,11855,815,16997,315,28852,California
Napa,2021-02-24,1165,46974,644,18986,521,27988,0,0,577,11846,586,17583,577,29429,California
Napa,2021-02-25,2560,49534,1224,20210,1336,29324,0,0,1848,12983,711,18294,1848,31277,California
Napa,2021-02-26,1506,51040,527,20737,979,30303,0,0,596,12671,908,19202,596,31873,California
Napa,2021-02-27,1117,52157,386,21123,731,31034,0,0,865,13286,250,19452,865,32738,California
Napa,2021-02-28,563,52720,461,21584,102,31136,0,0,463,13651,98,19550,463,33201,California
Napa,2021-03-01,1105,53825,817,22401,288,31424,0,0,832,14212,271,19821,832,34033,California
Napa,2021-03-02,1506,55331,1047,23448,459,31883,0,0,1165,15037,340,20161,1165,35198,California
Napa,2021-03-03,1562,56893,694,24142,868,32751,0,0,1375,16226,186,20347,1375,36573,California
Napa,2021-03-04,1713,58606,787,24929,926,33677,0,0,1474,17464,236,20583,1474,38047,California
Napa,2021-03-05,1897,60503,790,25719,1103,34780,4,4,1479,18531,416,20999,1483,39530,California
Napa,2021-03-06,653,61156,286,26005,336,35116,31,35,541,18993,110,21109,572,40102,California
Napa,2021-03-07,519,61675,316,26321,188,35304,15,50,375,19239,144,21253,390,40492,California
Napa,2021-03-08,712,62387,335,26656,324,35628,53,103,535,19652,175,21428,588,41080,California
Napa,2021-03-09,1682,64069,603,27259,1033,36661,46,149,1248,20515,431,21859,1294,42374,California
Napa,2021-03-10,1494,65563,921,28180,479,37140,94,243,795,20707,695,22554,887,43261,California
Napa,2021-03-11,1877,67440,1059,29239,688,37828,130,373,985,20930,892,23446,1115,44376,California
Napa,2021-03-12,1515,68955,917,30156,502,38330,96,469,808,21128,705,24151,903,45279,California
Napa,2021-03-13,1170,70125,304,30460,841,39171,25,494,830,21645,338,24489,855,46134,California
Napa,2021-03-14,618,70743,335,30795,135,39306,148,642,217,21609,400,24889,364,46498,California
Napa,2021-03-15,953,71696,410,31205,473,39779,70,712,480,21688,471,25360,550,47048,California
Napa,2021-03-16,1846,73542,392,31597,1327,41106,127,839,1378,22729,465,25825,1506,48554,California
Napa,2021-03-17,2507,76049,1849,33446,479,41585,179,1018,1595,23592,911,26736,1774,50328,California
Napa,2021-03-18,2130,78179,939,34385,1181,42766,10,1028,1301,24077,826,27562,1311,51639,California
Napa,2021-03-19,1450,79629,878,35263,544,43310,28,1056,709,24076,738,28300,737,52376,California
Napa,2021-03-20,1008,80637,530,35793,325,43635,153,1209,426,24074,581,28881,579,52955,California
Napa,2021-03-21,704,81341,681,36474,20,43655,3,1212,348,24070,355,29236,351,53306,California
Napa,2021-03-22,1298,82639,1122,37596,165,43820,11,1223,496,23780,797,30033,507,53813,California
Napa,2021-03-23,1873,84512,1180,38776,676,44496,17,1240,1003,23934,866,30899,1020,54833,California
Napa,2021-03-24,1708,86220,945,39721,755,45251,8,1248,818,23871,889,31788,826,55659,California
Napa,2021-03-25,1924,88144,1053,40774,817,46068,54,1302,767,23541,1151,32939,821,56480,California
Napa,2021-03-26,1306,89450,838,41612,462,46530,6,1308,591,23428,710,33649,597,57077,California
Napa,2021-03-27,941,90391,433,42045,481,47011,27,1335,313,23140,628,34277,340,57417,California
Napa,2021-03-28,488,90879,377,42422,104,47115,7,1342,181,23022,306,34583,188,57605,California
Napa,2021-03-29,1199,92078,874,43296,320,47435,5,1347,728,23285,470,35053,733,58338,California
Napa,2021-03-30,2559,94637,933,44229,1622,49057,4,1351,1745,24220,814,35867,1749,60087,California
Napa,2021-03-31,1972,96609,963,45192,940,49997,69,1420,803,23924,1166,37033,870,60957,California
Napa,2021-04-01,1747,98356,841,46033,788,50785,118,1538,479,23259,1262,38295,597,61554,California
Napa,2021-04-02,1862,100218,835,46868,885,51670,142,1680,477,22496,1382,39677,619,62173,California
Napa,2021-04-03,632,100850,367,47235,206,51876,59,1739,212,22346,420,40097,270,62443,California
Napa,2021-04-04,357,101207,144,47379,155,52031,58,1797,124,22296,232,40329,182,62625,California
Napa,2021-04-05,1271,102478,758,48137,294,52325,219,2016,573,22391,697,41026,792,63417,California
Napa,2021-04-06,2235,104713,559,48696,1421,53746,255,2271,512,21438,1720,42746,767,64184,California
Napa,2021-04-07,1725,106438,702,49398,802,54548,221,2492,517,20972,1203,43949,737,64921,California
Napa,2021-04-08,1852,108290,1062,50460,418,54966,372,2864,958,21411,890,44839,1329,66250,California
Napa,2021-04-09,1533,109823,920,51380,311,55277,302,3166,673,21527,858,45697,974,67224,California
Napa,2021-04-10,1028,110851,345,51725,583,55860,100,3266,238,21075,789,46486,337,67561,California
Napa,2021-04-11,384,111235,298,52023,63,55923,23,3289,156,21026,228,46714,179,67740,California
Napa,2021-04-12,788,112023,304,52327,360,56283,124,3413,290,20940,497,47211,411,68151,California
Napa,2021-04-13,2537,114560,845,53172,1692,57975,0,3413,928,20264,1604,48815,928,69079,California
Napa,2021-04-14,2069,116629,981,54153,1088,59063,0,3413,1001,20205,1060,49875,1001,70080,California
Napa,2021-04-15,2055,118684,528,54681,1527,60590,0,3413,874,19904,1175,51050,874,70954,California
Napa,2021-04-16,2899,121583,1576,56257,1323,61913,0,3413,2185,21377,712,51762,2185,73139,California
Napa,2021-04-17,1130,122713,267,56524,863,62776,0,3413,831,21910,298,52060,831,73970,California
Napa,2021-04-18,265,122978,172,56696,93,62869,0,3413,119,21883,146,52206,119,74089,California
Napa,2021-04-19,609,123587,338,57034,271,63140,0,3413,265,21805,343,52549,265,74354,California
Napa,2021-04-20,3033,126620,2060,59094,973,64113,0,3413,2081,22936,951,53500,2082,76436,California
Napa,2021-04-21,2916,129536,2155,61249,761,64874,0,3413,1851,23729,1059,54559,1852,78288,California
Napa,2021-04-22,1634,131170,1127,62376,507,65381,0,3413,836,23772,793,55352,836,79124,California
Napa,2021-04-23,1623,132793,1246,63622,375,65756,2,3415,1147,24447,472,55824,1147,80271,California
Napa,2021-04-24,558,133351,316,63938,242,65998,0,3415,284,24460,271,56095,284,80555,California
Napa,2021-04-25,250,133601,192,64130,58,66056,0,3415,130,24471,119,56214,130,80685,California
Napa,2021-04-26,507,134108,263,64393,244,66300,0,3415,263,24494,240,56454,263,80948,California
Napa,2021-04-27,1677,135785,436,64829,1230,67530,11,3426,698,24227,976,57430,709,81657,California
Napa,2021-04-28,970,136755,426,65255,527,68057,17,3443,316,23907,653,58083,333,81990,California
Napa,2021-04-29,646,137401,325,65580,302,68359,19,3462,199,23683,441,58524,217,82207,California
Napa,2021-04-30,603,138004,303,65883,236,68595,64,3526,250,23644,352,58876,313,82520,California
Napa,2021-05-01,323,138327,266,66149,46,68641,11,3537,119,23570,204,59080,130,82650,California
Napa,2021-05-02,237,138564,193,66342,38,68679,6,3543,99,23538,137,59217,105,82755,California
Napa,2021-05-03,623,139187,498,66840,90,68769,35,3578,103,23161,516,59733,139,82894,California
Napa,2021-05-04,1124,140311,716,67556,298,69067,110,3688,294,22739,826,60559,404,83298,California
Napa,2021-05-05,1017,141328,686,68242,295,69362,36,3724,256,22273,758,61317,292,83590,California
Napa,2021-05-06,711,142039,313,68555,375,69737,23,3747,367,22328,335,61652,390,83980,California
Napa,2021-05-07,559,142598,357,68912,158,69895,44,3791,174,22164,381,62033,217,84197,California
Napa,2021-05-08,254,142852,163,69075,80,69975,11,3802,89,22100,164,62197,100,84297,California
Napa,2021-05-09,108,142960,77,69152,31,70006,0,3802,50,22092,58,62255,50,84347,California
Napa,2021-05-10,417,143377,140,69292,258,70264,19,3821,108,21911,308,62563,127,84474,California
Napa,2021-05-11,2151,145528,1772,71064,353,70617,26,3847,368,20528,1777,64340,394,84868,California
Napa,2021-05-12,2153,147681,1346,72410,754,71371,53,3900,309,19051,1839,66179,362,85230,California
Napa,2021-05-13,1820,149501,1129,73539,653,72024,38,3938,766,18808,1047,67226,804,86034,California
Napa,2021-05-14,1864,151365,1100,74639,681,72705,83,4021,512,18058,1346,68572,596,86630,California
Napa,2021-05-15,1053,152418,347,74986,695,73400,11,4032,261,17543,788,69360,273,86903,California
Napa,2021-05-16,238,152656,159,75145,77,73477,2,4034,67,17441,171,69531,69,86972,California
Napa,2021-05-17,877,153533,346,75491,501,73978,30,4064,311,17273,509,70040,341,87313,California
Napa,2021-05-18,1032,154565,540,76031,435,74413,57,4121,496,17295,531,70571,553,87866,California
Napa,2021-05-19,915,155480,534,76565,351,74764,30,4151,513,17437,400,70971,542,88408,California
Napa,2021-05-20,570,156050,378,76943,166,74930,26,4177,374,17641,196,71167,400,88808,California
Napa,2021-05-21,422,156472,205,77148,186,75116,31,4208,183,17616,239,71406,214,89022,California
Napa,2021-05-22,385,156857,213,77361,166,75282,6,4214,155,17547,230,71636,161,89183,California
Napa,2021-05-23,241,157098,214,77575,18,75300,9,4223,179,17674,61,71697,188,89371,California
Nevada,2020-12-16,3,3,3,3,0,0,0,0,3,3,0,0,3,3,California
Nevada,2020-12-17,6,9,6,9,0,0,0,0,6,9,0,0,6,9,California
Nevada,2020-12-18,52,61,52,61,0,0,0,0,52,61,0,0,52,61,California
Nevada,2020-12-19,55,116,55,116,0,0,0,0,55,116,0,0,55,116,California
Nevada,2020-12-20,12,128,12,128,0,0,0,0,12,128,0,0,12,128,California
Nevada,2020-12-21,69,197,69,197,0,0,0,0,69,197,0,0,69,197,California
Nevada,2020-12-22,90,287,88,285,2,2,0,0,90,287,0,0,90,287,California
Nevada,2020-12-23,233,520,202,487,31,33,0,0,233,520,0,0,233,520,California
Nevada,2020-12-24,13,533,11,498,2,35,0,0,13,533,0,0,13,533,California
Nevada,2020-12-25,3,536,3,501,0,35,0,0,3,536,0,0,3,536,California
Nevada,2020-12-26,6,542,4,505,2,37,0,0,6,542,0,0,6,542,California
Nevada,2020-12-27,88,630,88,593,0,37,0,0,88,630,0,0,88,630,California
Nevada,2020-12-28,169,799,92,685,77,114,0,0,169,799,0,0,169,799,California
Nevada,2020-12-29,99,898,73,758,26,140,0,0,99,898,0,0,99,898,California
Nevada,2020-12-30,86,984,66,824,20,160,0,0,86,984,0,0,86,984,California
Nevada,2020-12-31,39,1023,9,833,30,190,0,0,39,1023,0,0,39,1023,California
Nevada,2021-01-01,2,1025,0,833,2,192,0,0,2,1025,0,0,2,1025,California
Nevada,2021-01-02,1,1026,1,834,0,192,0,0,1,1026,0,0,1,1026,California
Nevada,2021-01-03,129,1155,126,960,3,195,0,0,129,1155,0,0,129,1155,California
Nevada,2021-01-04,71,1226,47,1007,24,219,0,0,71,1226,0,0,71,1226,California
Nevada,2021-01-05,273,1499,132,1139,141,360,0,0,272,1497,1,1,272,1498,California
Nevada,2021-01-06,91,1590,43,1182,48,408,0,0,83,1572,8,9,83,1581,California
Nevada,2021-01-07,215,1805,43,1225,172,580,0,0,208,1775,6,15,209,1790,California
Nevada,2021-01-08,223,2028,129,1354,94,674,0,0,170,1893,53,68,171,1961,California
Nevada,2021-01-09,63,2091,56,1410,7,681,0,0,15,1860,48,116,15,1976,California
Nevada,2021-01-10,18,2109,9,1419,9,690,0,0,10,1862,8,124,10,1986,California
Nevada,2021-01-11,185,2294,131,1550,54,744,0,0,57,1791,128,252,57,2043,California
Nevada,2021-01-12,595,2889,449,1999,146,890,0,0,529,2254,66,318,529,2572,California
Nevada,2021-01-13,258,3147,145,2144,113,1003,0,0,125,2246,133,451,125,2697,California
Nevada,2021-01-14,237,3384,127,2271,110,1113,0,0,219,2448,17,468,219,2916,California
Nevada,2021-01-15,395,3779,170,2441,225,1338,0,0,297,2647,98,566,297,3213,California
Nevada,2021-01-16,297,4076,15,2456,282,1620,0,0,293,2936,4,570,293,3506,California
Nevada,2021-01-17,36,4112,32,2488,4,1624,0,0,34,2968,2,572,34,3540,California
Nevada,2021-01-18,155,4267,45,2533,110,1734,0,0,143,3099,12,584,143,3683,California
Nevada,2021-01-19,243,4510,85,2618,158,1892,0,0,223,3302,20,604,223,3906,California
Nevada,2021-01-20,269,4779,164,2782,105,1997,0,0,256,3545,13,617,256,4162,California
Nevada,2021-01-21,339,5118,207,2989,132,2129,0,0,326,3858,13,630,326,4488,California
Nevada,2021-01-22,368,5486,231,3220,137,2266,0,0,338,4166,30,660,338,4826,California
Nevada,2021-01-23,178,5664,105,3325,73,2339,0,0,178,4344,0,660,178,5004,California
Nevada,2021-01-24,105,5769,98,3423,7,2346,0,0,66,4371,39,699,66,5070,California
Nevada,2021-01-25,265,6034,136,3559,129,2475,0,0,204,4514,61,760,204,5274,California
Nevada,2021-01-26,402,6436,141,3700,261,2736,0,0,298,4708,104,864,298,5572,California
Nevada,2021-01-27,419,6855,247,3947,172,2908,0,0,395,5079,24,888,395,5967,California
Nevada,2021-01-28,470,7325,319,4266,151,3059,0,0,426,5462,43,931,426,6393,California
Nevada,2021-01-29,605,7930,394,4660,211,3270,0,0,578,6015,26,957,579,6972,California
Nevada,2021-01-30,232,8162,105,4765,127,3397,0,0,229,6241,3,960,229,7201,California
Nevada,2021-01-31,104,8266,87,4852,17,3414,0,0,102,6343,1,961,103,7304,California
Nevada,2021-02-01,291,8557,71,4923,220,3634,0,0,277,6606,14,975,277,7581,California
Nevada,2021-02-02,520,9077,182,5105,338,3972,0,0,321,6728,199,1174,321,7902,California
Nevada,2021-02-03,814,9891,573,5678,241,4213,0,0,760,7435,53,1227,760,8662,California
Nevada,2021-02-04,737,10628,388,6066,349,4562,0,0,487,7673,249,1476,487,9149,California
Nevada,2021-02-05,648,11276,368,6434,280,4842,0,0,458,7943,188,1664,458,9607,California
Nevada,2021-02-06,269,11545,82,6516,187,5029,0,0,242,8158,27,1691,242,9849,California
Nevada,2021-02-07,247,11792,194,6710,53,5082,0,0,193,8297,54,1745,193,10042,California
Nevada,2021-02-08,652,12444,407,7117,245,5327,0,0,551,8747,101,1846,551,10593,California
Nevada,2021-02-09,602,13046,337,7454,265,5592,0,0,464,9073,138,1984,464,11057,California
Nevada,2021-02-10,650,13696,325,7779,325,5917,0,0,419,9262,231,2215,420,11477,California
Nevada,2021-02-11,872,14568,505,8284,367,6284,0,0,544,9479,327,2542,544,12021,California
Nevada,2021-02-12,941,15509,438,8722,503,6787,0,0,621,9783,317,2859,621,12642,California
Nevada,2021-02-13,601,16110,236,8958,365,7152,0,0,387,9962,209,3068,388,13030,California
Nevada,2021-02-14,231,16341,120,9078,111,7263,0,0,203,10137,28,3096,203,13233,California
Nevada,2021-02-15,713,17054,438,9516,275,7538,0,0,539,10502,174,3270,539,13772,California
Nevada,2021-02-16,622,17676,199,9715,423,7961,0,0,455,10791,166,3436,455,14227,California
Nevada,2021-02-17,1184,18860,763,10478,421,8382,0,0,856,11319,328,3764,856,15083,California
Nevada,2021-02-18,1013,19873,550,11028,463,8845,0,0,604,11516,407,4171,604,15687,California
Nevada,2021-02-19,1013,20886,631,11659,382,9227,0,0,650,11805,362,4533,651,16338,California
Nevada,2021-02-20,296,21182,106,11765,190,9417,0,0,171,11852,124,4657,171,16509,California
Nevada,2021-02-21,95,21277,89,11854,6,9423,0,0,8,11774,86,4743,8,16517,California
Nevada,2021-02-22,497,21774,331,12185,166,9589,0,0,350,11978,146,4889,350,16867,California
Nevada,2021-02-23,484,22258,235,12420,249,9838,0,0,220,11937,261,5150,220,17087,California
Nevada,2021-02-24,478,22736,242,12662,236,10074,0,0,254,11969,224,5374,256,17343,California
Nevada,2021-02-25,860,23596,467,13129,393,10467,0,0,432,11975,426,5800,432,17775,California
Nevada,2021-02-26,1240,24836,883,14012,357,10824,0,0,411,11560,826,6626,411,18186,California
Nevada,2021-02-27,355,25191,111,14123,244,11068,0,0,186,11577,169,6795,186,18372,California
Nevada,2021-02-28,273,25464,159,14282,114,11182,0,0,125,11555,147,6942,125,18497,California
Nevada,2021-03-01,830,26294,434,14716,396,11578,0,0,362,11451,466,7408,362,18859,California
Nevada,2021-03-02,739,27033,292,15008,447,12025,0,0,508,11732,227,7635,508,19367,California
Nevada,2021-03-03,979,28012,502,15510,476,12501,1,1,508,11771,470,8105,509,19876,California
Nevada,2021-03-04,1107,29119,617,16127,490,12991,0,1,466,11600,637,8742,466,20342,California
Nevada,2021-03-05,836,29955,474,16601,352,13343,10,11,374,11524,460,9202,384,20726,California
Nevada,2021-03-06,360,30315,121,16722,212,13555,27,38,143,11477,217,9419,170,20896,California
Nevada,2021-03-07,212,30527,110,16832,83,13638,19,57,70,11424,142,9561,89,20985,California
Nevada,2021-03-08,825,31352,555,17387,224,13862,46,103,376,11399,448,10009,423,21408,California
Nevada,2021-03-09,790,32142,404,17791,337,14199,49,152,464,11587,324,10333,512,21920,California
Nevada,2021-03-10,1002,33144,646,18437,300,14499,56,208,340,11325,657,10990,395,22315,California
Nevada,2021-03-11,1106,34250,727,19164,354,14853,25,233,550,11352,548,11538,575,22890,California
Nevada,2021-03-12,1201,35451,729,19893,442,15295,30,263,509,11200,690,12228,538,23428,California
Nevada,2021-03-13,276,35727,55,19948,216,15511,5,268,104,11137,171,12399,108,23536,California
Nevada,2021-03-14,155,35882,21,19969,128,15639,6,274,32,11052,123,12522,38,23574,California
Nevada,2021-03-15,850,36732,459,20428,379,16018,12,286,359,10935,488,13010,371,23945,California
Nevada,2021-03-16,999,37731,469,20897,468,16486,62,348,640,11279,357,13367,701,24646,California
Nevada,2021-03-17,1021,38752,453,21350,558,17044,10,358,583,11437,435,13802,593,25239,California
Nevada,2021-03-18,982,39734,532,21882,427,17471,23,381,479,11440,499,14301,502,25741,California
Nevada,2021-03-19,759,40493,441,22323,281,17752,37,418,355,11432,400,14701,392,26133,California
Nevada,2021-03-20,821,41314,92,22415,301,18053,428,846,229,11499,586,15287,653,26786,California
Nevada,2021-03-21,58,41372,32,22447,25,18078,1,847,40,11523,17,15304,41,26827,California
Nevada,2021-03-22,800,42172,518,22965,277,18355,5,852,534,11798,264,15568,539,27366,California
Nevada,2021-03-23,858,43030,390,23355,442,18797,26,878,616,12201,239,15807,642,28008,California
Nevada,2021-03-24,1023,44053,543,23898,473,19270,7,885,641,12472,376,16183,647,28655,California
Nevada,2021-03-25,907,44960,458,24356,424,19694,25,910,496,12582,410,16593,520,29175,California
Nevada,2021-03-26,1142,46102,437,24793,666,20360,39,949,818,13117,321,16914,856,30031,California
Nevada,2021-03-27,567,46669,70,24863,481,20841,16,965,385,13336,182,17096,401,30432,California
Nevada,2021-03-28,176,46845,50,24913,113,20954,13,978,38,13252,135,17231,51,30483,California
Nevada,2021-03-29,821,47666,502,25415,297,21251,22,1000,376,13207,442,17673,397,30880,California
Nevada,2021-03-30,1054,48720,482,25897,538,21789,34,1034,487,13169,559,18232,521,31401,California
Nevada,2021-03-31,1181,49901,661,26558,503,22292,17,1051,678,13369,494,18726,694,32095,California
Nevada,2021-04-01,1238,51139,721,27279,464,22756,53,1104,545,13283,684,19410,598,32693,California
Nevada,2021-04-02,1288,52427,660,27939,592,23348,36,1140,761,13557,523,19933,797,33490,California
Nevada,2021-04-03,292,52719,92,28031,161,23509,39,1179,85,13475,206,20139,124,33614,California
Nevada,2021-04-04,129,52848,43,28074,79,23588,7,1186,78,13509,51,20190,85,33699,California
Nevada,2021-04-05,931,53779,613,28687,298,23886,20,1206,620,13840,308,20498,639,34338,California
Nevada,2021-04-06,1074,54853,665,29352,266,24152,143,1349,435,13786,632,21130,578,34916,California
Nevada,2021-04-07,1145,55998,818,30170,245,24397,82,1431,610,13949,528,21658,691,35607,California
Nevada,2021-04-08,1275,57273,887,31057,305,24702,83,1514,701,14162,571,22229,784,36391,California
Nevada,2021-04-09,1243,58516,847,31904,327,25029,69,1583,841,14672,400,22629,910,37301,California
Nevada,2021-04-10,264,58780,77,31981,111,25140,76,1659,108,14701,155,22784,184,37485,California
Nevada,2021-04-11,100,58880,32,32013,64,25204,4,1663,40,14685,60,22844,44,37529,California
Nevada,2021-04-12,744,59624,539,32552,189,25393,16,1679,315,14591,425,23269,331,37860,California
Nevada,2021-04-13,881,60505,350,32902,531,25924,0,1679,466,14644,413,23682,466,38326,California
Nevada,2021-04-14,1048,61553,568,33470,480,26404,0,1679,531,14666,509,24191,531,38857,California
Nevada,2021-04-15,1069,62622,702,34172,367,26771,0,1679,615,14839,442,24633,615,39472,California
Nevada,2021-04-16,891,63513,691,34863,200,26971,0,1679,515,14979,375,25008,515,39987,California
Nevada,2021-04-17,193,63706,49,34912,144,27115,0,1679,84,14955,108,25116,84,40071,California
Nevada,2021-04-18,185,63891,20,34932,165,27280,0,1679,103,14976,82,25198,103,40174,California
Nevada,2021-04-19,749,64640,480,35412,269,27549,0,1679,304,14843,437,25635,304,40478,California
Nevada,2021-04-20,798,65438,310,35722,488,28037,0,1679,301,14653,491,26126,301,40779,California
Nevada,2021-04-21,907,66345,495,36217,412,28449,0,1679,273,14301,625,26751,273,41052,California
Nevada,2021-04-22,996,67341,621,36838,375,28824,0,1679,342,14001,642,27393,342,41394,California
Nevada,2021-04-23,1219,68560,540,37378,679,29503,0,1679,396,13585,812,28205,396,41790,California
Nevada,2021-04-24,521,69081,72,37450,449,29952,0,1679,168,13402,351,28556,168,41958,California
Nevada,2021-04-25,116,69197,60,37510,51,30003,5,1684,51,13394,64,28620,56,42014,California
Nevada,2021-04-26,711,69908,533,38043,170,30173,8,1692,203,13107,498,29118,211,42225,California
Nevada,2021-04-27,773,70681,348,38391,420,30593,5,1697,398,13144,366,29484,403,42628,California
Nevada,2021-04-28,985,71666,579,38970,401,30994,5,1702,383,12935,597,30081,388,43016,California
Nevada,2021-04-29,1010,72676,707,39677,299,31293,4,1706,274,12480,733,30814,278,43294,California
Nevada,2021-04-30,1223,73899,724,40401,490,31783,9,1715,201,11670,1020,31834,210,43504,California
Nevada,2021-05-01,143,74042,65,40466,74,31857,4,1719,63,11659,78,31912,67,43571,California
Nevada,2021-05-02,54,74096,30,40496,20,31877,4,1723,19,11647,35,31947,23,43594,California
Nevada,2021-05-03,606,74702,404,40900,183,32060,19,1742,177,11417,425,32372,195,43789,California
Nevada,2021-05-04,584,75286,169,41069,397,32457,18,1760,331,11517,249,32621,349,44138,California
Nevada,2021-05-05,731,76017,380,41449,337,32794,14,1774,318,11445,404,33025,332,44470,California
Nevada,2021-05-06,798,76815,560,42009,227,33021,11,1785,196,11058,594,33619,207,44677,California
Nevada,2021-05-07,880,77695,488,42497,357,33378,35,1820,193,10602,684,34303,228,44905,California
Nevada,2021-05-08,172,77867,20,42517,132,33510,20,1840,81,10613,90,34393,101,45006,California
Nevada,2021-05-09,41,77908,7,42524,32,33542,2,1842,18,10610,23,34416,20,45026,California
Nevada,2021-05-10,387,78295,246,42770,117,33659,24,1866,75,10397,312,34728,99,45125,California
Nevada,2021-05-11,510,78805,150,42920,347,34006,13,1879,127,10162,375,35103,140,45265,California
Nevada,2021-05-12,531,79336,228,43148,292,34298,11,1890,149,9948,374,35477,160,45425,California
Nevada,2021-05-13,797,80133,533,43681,257,34555,7,1897,410,9987,378,35855,417,45842,California
Nevada,2021-05-14,767,80900,579,44260,171,34726,17,1914,428,10096,336,36191,445,46287,California
Nevada,2021-05-15,180,81080,82,44342,90,34816,8,1922,83,10091,96,36287,91,46378,California
Nevada,2021-05-16,154,81234,51,44393,103,34919,0,1922,53,10043,101,36388,53,46431,California
Nevada,2021-05-17,491,81725,313,44706,148,35067,30,1952,216,10024,265,36653,246,46677,California
Nevada,2021-05-18,410,82135,253,44959,153,35220,4,1956,220,10059,189,36842,224,46901,California
Nevada,2021-05-19,488,82623,356,45315,129,35349,3,1959,255,10093,224,37066,258,47159,California
Nevada,2021-05-20,559,83182,319,45634,230,35579,10,1969,198,9945,356,37422,208,47367,California
Nevada,2021-05-21,434,83616,274,45908,152,35731,8,1977,191,9904,240,37662,199,47566,California
Nevada,2021-05-22,197,83813,16,45924,92,35823,89,2066,25,9846,172,37834,114,47680,California
Nevada,2021-05-23,5,83818,4,45928,1,35824,0,2066,3,9847,2,37836,3,47683,California
Orange,2020-12-15,16,16,16,16,0,0,0,0,16,16,0,0,16,16,California
Orange,2020-12-16,387,403,387,403,0,0,0,0,387,403,0,0,387,403,California
Orange,2020-12-17,3734,4137,3734,4137,0,0,0,0,3733,4136,0,0,3733,4136,California
Orange,2020-12-18,5065,9202,5057,9194,8,8,0,0,5064,9200,0,0,5064,9200,California
Orange,2020-12-19,2233,11435,2226,11420,7,15,0,0,2232,11432,0,0,2232,11432,California
Orange,2020-12-20,1988,13423,1985,13405,3,18,0,0,1989,13421,0,0,1989,13421,California
Orange,2020-12-21,4258,17681,4252,17657,6,24,0,0,4258,17679,0,0,4258,17679,California
Orange,2020-12-22,3988,21669,3953,21610,35,59,0,0,3988,21667,0,0,3988,21667,California
Orange,2020-12-23,3584,25253,3220,24830,364,423,0,0,3586,25253,0,0,3586,25253,California
Orange,2020-12-24,1381,26634,1078,25908,303,726,0,0,1381,26634,0,0,1381,26634,California
Orange,2020-12-25,17,26651,12,25920,5,731,0,0,17,26651,0,0,17,26651,California
Orange,2020-12-26,1024,27675,422,26342,602,1333,0,0,1024,27675,0,0,1024,27675,California
Orange,2020-12-27,581,28256,275,26617,306,1639,0,0,581,28256,0,0,581,28256,California
Orange,2020-12-28,3612,31868,2637,29254,975,2614,0,0,3612,31868,0,0,3612,31868,California
Orange,2020-12-29,3501,35369,2488,31742,1013,3627,0,0,3500,35367,1,1,3500,35368,California
Orange,2020-12-30,5120,40489,3544,35286,1576,5203,0,0,5120,40487,0,1,5120,40488,California
Orange,2020-12-31,1500,41989,802,36088,698,5901,0,0,1499,41985,1,2,1499,41987,California
Orange,2021-01-01,561,42550,305,36393,256,6157,0,0,560,42544,1,3,560,42547,California
Orange,2021-01-02,1354,43904,840,37233,514,6671,0,0,1354,43898,0,3,1354,43901,California
Orange,2021-01-03,583,44487,323,37556,260,6931,0,0,583,44481,0,3,583,44484,California
Orange,2021-01-04,2752,47239,1562,39118,1190,8121,0,0,2753,47233,1,4,2753,47237,California
Orange,2021-01-05,3537,50776,2302,41420,1235,9356,0,0,3129,49961,404,408,3132,50369,California
Orange,2021-01-06,5005,55781,3459,44879,1546,10902,0,0,3638,52244,1355,1763,3638,54007,California
Orange,2021-01-07,9287,65068,5177,50056,4110,15012,0,0,5708,54390,3566,5329,5712,59719,California
Orange,2021-01-08,9433,74501,5275,55331,4158,19170,0,0,5661,56292,3762,9091,5664,65383,California
Orange,2021-01-09,5016,79517,1745,57076,3271,22441,0,0,3733,58742,1283,10374,3733,69116,California
Orange,2021-01-10,4244,83761,1044,58120,3200,25641,0,0,3363,61229,880,11254,3367,72483,California
Orange,2021-01-11,9452,93213,4910,63030,4542,30183,0,0,5827,63429,3628,14882,5828,78311,California
Orange,2021-01-12,8932,102145,4832,67862,4100,34283,0,0,5462,65424,3468,18350,5463,83774,California
Orange,2021-01-13,10271,112416,4927,72789,5344,39627,0,0,7062,69288,3205,21555,7069,90843,California
Orange,2021-01-14,9983,122399,3784,76573,6199,45826,0,0,8393,76099,1588,23143,8399,99242,California
Orange,2021-01-15,10191,132590,2628,79201,7563,53389,0,0,9311,84528,888,24031,9317,108559,California
Orange,2021-01-16,8712,141302,2093,81294,6619,60008,0,0,8316,92454,395,24426,8321,116880,California
Orange,2021-01-17,8163,149465,1485,82779,6678,66686,0,0,8016,100333,147,24573,8026,124906,California
Orange,2021-01-18,9701,159166,4405,87184,5296,71982,0,0,7440,105513,2263,26836,7443,132349,California
Orange,2021-01-19,7533,166699,5450,92634,2083,74065,0,0,4902,107785,2631,29467,4903,137252,California
Orange,2021-01-20,8372,175071,5899,98533,2473,76538,0,0,5323,110065,3050,32517,5330,142582,California
Orange,2021-01-21,11016,186087,4902,103435,6114,82652,0,0,10196,119453,819,33336,10207,152789,California
Orange,2021-01-22,13690,199777,5156,108591,8534,91186,0,0,12832,131442,851,34187,12840,165629,California
Orange,2021-01-23,13152,212929,6191,114782,6961,98147,0,0,12225,142750,925,35112,12233,177862,California
Orange,2021-01-24,9822,222751,4294,119076,5528,103675,0,0,9490,151915,329,35441,9494,187356,California
Orange,2021-01-25,10461,233212,5869,124945,4592,108267,0,0,7727,156919,2728,38169,7732,195088,California
Orange,2021-01-26,11903,245115,7717,132662,4186,112453,0,0,9731,164485,2168,40337,9734,204822,California
Orange,2021-01-27,13443,258558,8013,140675,5430,117883,0,0,10734,172526,2698,43035,10739,215561,California
Orange,2021-01-28,13056,271614,7220,147895,5836,123719,0,0,11173,181839,1868,44903,11181,226742,California
Orange,2021-01-29,13650,285264,8455,156350,5195,128914,0,0,10750,189708,2884,47787,10753,237495,California
Orange,2021-01-30,12974,298238,4477,160827,8497,137411,0,0,12199,201150,760,48547,12202,249697,California
Orange,2021-01-31,13704,311942,4925,165752,8779,146190,0,0,13261,213981,437,48984,13268,262965,California
Orange,2021-02-01,14805,326747,6501,172253,8304,154494,0,0,12338,223880,2445,51429,12344,275309,California
Orange,2021-02-02,15028,341775,7958,180211,7070,161564,0,0,12555,233997,2442,53871,12559,287868,California
Orange,2021-02-03,16586,358361,12402,192613,4184,165748,0,0,13630,244754,2878,56749,13635,301503,California
Orange,2021-02-04,19943,378304,13049,205662,6894,172642,0,0,14837,254523,5076,61825,14845,316348,California
Orange,2021-02-05,20746,399050,11992,217654,8754,181396,0,0,14440,262703,6265,68090,14445,330793,California
Orange,2021-02-06,16373,415423,10823,228477,5550,186946,0,0,11103,268769,5255,73345,11321,342114,California
Orange,2021-02-07,11529,426952,8101,236578,3428,190374,0,0,7550,272525,3963,77308,7719,349833,California
Orange,2021-02-08,15018,441970,8641,245219,6377,196751,0,0,8993,275520,5999,83307,8994,358827,California
Orange,2021-02-09,17740,459710,12083,257302,5657,202408,0,0,10708,279274,6959,90266,10713,369540,California
Orange,2021-02-10,20906,480616,11162,268464,9744,212152,0,0,12692,283854,8121,98387,12701,382241,California
Orange,2021-02-11,22148,502764,11522,279986,10626,222778,0,0,12401,286658,9615,108002,12419,394660,California
Orange,2021-02-12,24870,527634,11982,291968,12888,235666,0,0,14638,291133,10169,118171,14644,409304,California
Orange,2021-02-13,22009,549643,11900,303868,10109,245775,0,0,11160,292237,10698,128869,11802,421106,California
Orange,2021-02-14,16168,565811,6535,310403,9633,255408,0,0,9538,295172,6604,135473,9539,430645,California
Orange,2021-02-15,17264,583075,7400,317803,9864,265272,0,0,8899,295757,8323,143796,8908,439553,California
Orange,2021-02-16,19972,603047,9002,326805,10970,276242,0,0,10749,297357,9173,152969,10773,450326,California
Orange,2021-02-17,17950,620997,9363,336168,8587,284829,0,0,9216,297921,8683,161652,9247,459573,California
Orange,2021-02-18,15061,636058,9887,346055,5174,290003,0,0,6807,296537,8201,169853,6817,466390,California
Orange,2021-02-19,18195,654253,10877,356932,7318,297321,0,0,6933,292272,11210,181063,6945,473335,California
Orange,2021-02-20,7531,661784,5621,362553,1910,299231,0,0,3783,292339,3726,184789,3793,477128,California
Orange,2021-02-21,4576,666360,3888,366441,688,299919,0,0,934,289670,3603,188392,934,478062,California
Orange,2021-02-22,9688,676048,7904,374345,1784,301703,0,0,3913,287853,5745,194137,3928,481990,California
Orange,2021-02-23,13350,689398,7318,381663,6032,307735,0,0,3518,281615,9769,203906,3531,485521,California
Orange,2021-02-24,21167,710565,12830,394493,8337,316072,0,0,5400,271332,15701,219607,5418,490939,California
Orange,2021-02-25,22712,733277,12316,406809,10396,326468,0,0,8002,264712,14638,234245,8018,498957,California
Orange,2021-02-26,27839,761116,14087,420896,13752,340220,0,0,11258,259546,16449,250694,11283,510240,California
Orange,2021-02-27,25106,786222,10197,431093,14907,355127,2,2,7325,249214,17674,268368,7342,517582,California
Orange,2021-02-28,19116,805338,7420,438513,11696,366823,0,2,4827,239891,14167,282535,4844,522426,California
Orange,2021-03-01,18563,823901,8485,446998,10070,376893,8,10,7197,235830,11279,293814,7218,529644,California
Orange,2021-03-02,19277,843178,9298,456296,9976,386869,3,13,9442,235522,9781,303595,9473,539117,California
Orange,2021-03-03,20650,863828,9751,466047,10895,397764,4,17,11090,237160,9478,313073,11116,550233,California
Orange,2021-03-04,22446,886274,12941,478988,9491,407255,14,31,11616,238024,10792,323865,11656,561889,California
Orange,2021-03-05,21081,907355,11004,489992,10030,417285,47,78,12951,242999,8085,331950,13060,574949,California
Orange,2021-03-06,24131,931486,13290,503282,9976,427261,865,943,12760,245318,11329,343279,13648,588597,California
Orange,2021-03-07,15059,946545,8484,511766,6171,433432,404,1347,8790,248302,6230,349509,9214,597811,California
Orange,2021-03-08,16429,962974,7588,519354,7576,441008,1265,2612,10613,254438,5767,355276,11903,609714,California
Orange,2021-03-09,20896,983870,9681,529035,8773,449781,2442,5054,12369,260760,8485,363761,14807,624521,California
Orange,2021-03-10,24752,1008622,12148,541183,9154,458935,3450,8504,12509,264529,12184,375945,15953,640474,California
Orange,2021-03-11,29043,1037665,15725,556908,9102,468037,4216,12720,13467,266727,15482,391427,17680,658154,California
Orange,2021-03-12,29390,1067055,14323,571231,11203,479240,3864,16584,14787,270879,14521,405948,18673,676827,California
Orange,2021-03-13,27828,1094883,10254,581485,13638,492878,3936,20520,14095,275238,13670,419618,18029,694856,California
Orange,2021-03-14,18879,1113762,8217,589702,8134,501012,2528,23048,11793,282492,7055,426673,14309,709165,California
Orange,2021-03-15,23066,1136828,10165,599867,12138,513150,763,23811,14381,289024,8605,435278,15137,724302,California
Orange,2021-03-16,26429,1163257,11175,611042,15023,528173,231,24042,17157,297222,9195,444473,17393,741695,California
Orange,2021-03-17,27379,1190636,13584,624626,13201,541374,594,24636,19464,309437,7841,452314,20056,761751,California
Orange,2021-03-18,27811,1218447,13990,638616,13541,554915,280,24916,21626,325229,6117,458431,21909,783660,California
Orange,2021-03-19,33639,1252086,18488,657104,14704,569619,447,25363,24968,342096,8559,466990,25426,809086,California
Orange,2021-03-20,25815,1277901,13596,670700,12012,581631,207,25570,22010,360578,3741,470731,22223,831309,California
Orange,2021-03-21,18518,1296419,10700,681400,7085,588716,733,26303,15731,374284,2758,473489,16464,847773,California
Orange,2021-03-22,22762,1319181,11781,693181,10659,599375,322,26625,19196,390333,3478,476967,19527,867300,California
Orange,2021-03-23,26056,1345237,13545,706726,11869,611244,642,27267,20690,406385,5284,482251,21336,888636,California
Orange,2021-03-24,29147,1374384,16269,722995,11956,623200,922,28189,21988,422229,7069,489320,22913,911549,California
Orange,2021-03-25,32475,1406859,17272,740267,14493,637693,710,28899,24286,439128,8096,497416,24995,936544,California
Orange,2021-03-26,34920,1441779,18124,758391,15933,653626,863,29762,24879,454942,9932,507348,25746,962290,California
Orange,2021-03-27,28524,1470303,13669,772060,14540,668166,315,30077,19804,466438,8625,515973,20121,982411,California
Orange,2021-03-28,24792,1495095,12873,784933,11851,680017,68,30145,18549,478891,6167,522140,18620,1001031,California
Orange,2021-03-29,26543,1521638,12153,797086,13823,693840,567,30712,17824,488653,8633,530773,18395,1019426,California
Orange,2021-03-30,30895,1552533,13960,811046,16299,710139,636,31348,20456,499386,10358,541131,21091,1040517,California
Orange,2021-03-31,37165,1589698,19510,830556,16943,727082,712,32060,23841,510728,13216,554347,24558,1065075,California
Orange,2021-04-01,40422,1630120,21217,851773,17333,744415,1872,33932,26144,524588,14145,568492,28005,1093080,California
Orange,2021-04-02,40092,1670212,20218,871991,18064,762479,1810,35742,22664,531747,17324,585816,24483,1117563,California
Orange,2021-04-03,30183,1700395,15723,887714,12712,775191,1748,37490,14251,531882,15858,601674,15993,1133556,California
Orange,2021-04-04,18468,1718863,10730,898444,6972,782163,766,38256,8211,530654,10202,611876,8974,1142530,California
Orange,2021-04-05,30008,1748871,14006,912450,12600,794763,3402,41658,13921,531954,16009,627885,17309,1159839,California
Orange,2021-04-06,33311,1782182,15592,928042,14286,809049,3433,45091,14361,530871,18858,646743,17775,1177614,California
Orange,2021-04-07,36022,1818204,20087,948129,11355,820404,4580,49671,15830,531143,20111,666854,20383,1197997,California
Orange,2021-04-08,38820,1857024,21456,969585,11920,832324,5444,55115,18826,535493,19889,686743,24239,1222236,California
Orange,2021-04-09,40585,1897609,23616,993201,11818,844142,5151,60266,17949,536017,22547,709290,23071,1245307,California
Orange,2021-04-10,34197,1931806,18098,1011299,11897,856039,4202,64468,14181,534443,19929,729219,18355,1263662,California
Orange,2021-04-11,25460,1957266,14389,1025688,7812,863851,3259,67727,9775,531824,15637,744856,13018,1276680,California
Orange,2021-04-12,30377,1987643,15369,1041057,11464,875315,3544,71271,11951,528925,18367,763223,15468,1292148,California
Orange,2021-04-13,32294,2019937,18170,1059227,14057,889372,67,71338,15037,526838,17189,780412,15102,1307250,California
Orange,2021-04-14,34377,2054314,20115,1079342,14229,903601,33,71371,15080,522747,19207,799619,15116,1322366,California
Orange,2021-04-15,40139,2094453,24452,1103794,15674,919275,13,71384,18677,520076,21358,820977,18687,1341053,California
Orange,2021-04-16,41251,2135704,24243,1128037,16979,936254,29,71413,18619,516202,22528,843505,18654,1359707,California
Orange,2021-04-17,30372,2166076,17263,1145300,13106,949360,3,71416,13354,512660,16904,860409,13362,1373069,California
Orange,2021-04-18,21414,2187490,12954,1158254,8460,957820,0,71416,8472,508244,12891,873300,8475,1381544,California
Orange,2021-04-19,32447,2219937,17922,1176176,14523,972343,2,71418,14907,505709,17449,890749,14914,1396458,California
Orange,2021-04-20,35160,2255097,18261,1194437,16895,989238,4,71422,17581,505792,17502,908251,17585,1414043,California
Orange,2021-04-21,40616,2295713,23397,1217834,17210,1006448,9,71431,19239,503764,21277,929528,19249,1433292,California
Orange,2021-04-22,39221,2334934,20724,1238558,18488,1024936,9,71440,16309,497296,22788,952316,16320,1449612,California
Orange,2021-04-23,40126,2375060,20749,1259307,19371,1044307,6,71446,17903,493090,22118,974434,17912,1467524,California
Orange,2021-04-24,31829,2406889,16682,1275989,15112,1059419,35,71481,13379,488135,18372,992806,13417,1480941,California
Orange,2021-04-25,22978,2429867,12985,1288974,9980,1069399,13,71494,9876,484983,13046,1005852,9894,1490835,California
Orange,2021-04-26,26081,2455948,12744,1301718,13144,1082543,193,71687,11491,482170,14496,1020348,11683,1502518,California
Orange,2021-04-27,28588,2484536,13363,1315081,14724,1097267,501,72188,10979,476192,17462,1037810,11484,1514002,California
Orange,2021-04-28,30769,2515305,15404,1330485,14490,1111757,875,73063,12323,471045,18342,1056152,13195,1527197,California
Orange,2021-04-29,31419,2546724,17172,1347657,13288,1125045,959,74022,11236,463140,20093,1076245,12188,1539385,California
Orange,2021-04-30,29425,2576149,16736,1364393,11752,1136797,937,74959,12401,459538,16935,1093180,13333,1552718,California
Orange,2021-05-01,21765,2597914,14653,1379046,6126,1142923,986,75945,8665,456149,13030,1106210,9641,1562359,California
Orange,2021-05-02,15383,2613297,10229,1389275,4511,1147434,643,76588,5372,452213,9947,1116157,6011,1568370,California
Orange,2021-05-03,20535,2633832,12529,1401804,7248,1154682,758,77346,6459,445421,14007,1130164,7215,1575585,California
Orange,2021-05-04,23570,2657402,13441,1415245,9224,1163906,905,78251,8157,439157,15313,1145477,9049,1584634,California
Orange,2021-05-05,24703,2682105,13788,1429033,10021,1173927,894,79145,8081,431631,16501,1161978,8975,1593609,California
Orange,2021-05-06,26351,2708456,15941,1444974,9412,1183339,998,80143,7285,420968,18939,1180917,8276,1601885,California
Orange,2021-05-07,28096,2736552,16668,1461642,10380,1193719,1048,81191,7971,410054,19929,1200846,9015,1610900,California
Orange,2021-05-08,18353,2754905,12118,1473760,5463,1199182,772,81963,5392,403324,12889,1213735,6159,1617059,California
Orange,2021-05-09,10960,2765865,8328,1482088,2257,1201439,375,82338,2887,398563,8023,1221758,3262,1620321,California
Orange,2021-05-10,18960,2784825,11542,1493630,6643,1208082,775,83113,4258,388983,14613,1236371,5033,1625354,California
Orange,2021-05-11,21214,2806039,11703,1505333,8844,1216926,667,83780,5038,378601,16083,1252454,5701,1631055,California
Orange,2021-05-12,22531,2828570,13868,1519201,7911,1224837,752,84532,6295,369528,16119,1268573,7046,1638101,California
Orange,2021-05-13,19845,2848415,12100,1531301,7213,1232050,532,85064,7207,364724,12545,1281118,7741,1645842,California
Orange,2021-05-14,25315,2873730,16437,1547738,8075,1240125,803,85867,10245,360791,14974,1296092,11041,1656883,California
Orange,2021-05-15,19423,2893153,14120,1561858,4777,1244902,526,86393,7907,357765,11458,1307550,8432,1665315,California
Orange,2021-05-16,15080,2908233,12398,1574256,2340,1247242,342,86735,6501,356076,8533,1316083,6844,1672159,California
Orange,2021-05-17,19197,2927430,12591,1586847,5914,1253156,692,87427,7256,352127,11888,1327971,7939,1680098,California
Orange,2021-05-18,20316,2947746,11887,1598734,7778,1260934,651,88078,8435,349406,11800,1339771,9079,1689177,California
Orange,2021-05-19,22239,2969985,12699,1611433,8890,1269824,650,88728,8003,343922,14129,1353900,8645,1697822,California
Orange,2021-05-20,17762,2987747,10115,1621548,7084,1276908,563,89291,5996,338795,11686,1365586,6559,1704381,California
Orange,2021-05-21,20045,3007792,11032,1632580,8434,1285342,579,89870,6408,332229,13556,1379142,6990,1711371,California
Orange,2021-05-22,13814,3021606,9453,1642033,3915,1289257,446,90316,5325,329566,8429,1387571,5766,1717137,California
Orange,2021-05-23,5056,3026662,3266,1645299,1653,1290910,137,90453,1127,326927,3902,1391473,1263,1718400,California
Placer,2020-12-15,29,29,29,29,0,0,0,0,29,29,0,0,29,29,California
Placer,2020-12-16,56,85,56,85,0,0,0,0,56,85,0,0,56,85,California
Placer,2020-12-17,140,225,140,225,0,0,0,0,140,225,0,0,140,225,California
Placer,2020-12-18,332,557,332,557,0,0,0,0,332,557,0,0,332,557,California
Placer,2020-12-19,252,809,252,809,0,0,0,0,252,809,0,0,252,809,California
Placer,2020-12-20,233,1042,233,1042,0,0,0,0,233,1042,0,0,233,1042,California
Placer,2020-12-21,495,1537,493,1535,2,2,0,0,495,1537,0,0,495,1537,California
Placer,2020-12-22,675,2212,668,2203,7,9,0,0,675,2212,0,0,675,2212,California
Placer,2020-12-23,753,2965,665,2868,88,97,0,0,753,2965,0,0,753,2965,California
Placer,2020-12-24,397,3362,346,3214,51,148,0,0,397,3362,0,0,397,3362,California
Placer,2020-12-26,156,3518,112,3326,44,192,0,0,156,3518,0,0,156,3518,California
Placer,2020-12-27,186,3704,163,3489,23,215,0,0,186,3704,0,0,186,3704,California
Placer,2020-12-28,668,4372,541,4030,127,342,0,0,668,4372,0,0,668,4372,California
Placer,2020-12-29,763,5135,514,4544,249,591,0,0,763,5135,0,0,763,5135,California
Placer,2020-12-30,729,5864,456,5000,273,864,0,0,727,5862,0,0,727,5862,California
Placer,2020-12-31,530,6394,344,5344,186,1050,0,0,530,6392,0,0,530,6392,California
Placer,2021-01-01,15,6409,11,5355,4,1054,0,0,15,6407,0,0,15,6407,California
Placer,2021-01-02,185,6594,153,5508,32,1086,0,0,185,6592,0,0,185,6592,California
Placer,2021-01-03,153,6747,78,5586,75,1161,0,0,153,6745,0,0,153,6745,California
Placer,2021-01-04,620,7367,181,5767,439,1600,0,0,620,7365,0,0,620,7365,California
Placer,2021-01-05,725,8092,159,5926,566,2166,0,0,642,7926,82,82,643,8008,California
Placer,2021-01-06,761,8853,247,6173,514,2680,0,0,617,8399,144,226,617,8625,California
Placer,2021-01-07,986,9839,368,6541,618,3298,0,0,781,8975,205,431,781,9406,California
Placer,2021-01-08,1181,11020,528,7069,653,3951,0,0,852,9501,326,757,852,10258,California
Placer,2021-01-09,450,11470,321,7390,129,4080,0,0,234,9520,215,972,234,10492,California
Placer,2021-01-10,329,11799,186,7576,143,4223,0,0,164,9519,165,1137,164,10656,California
Placer,2021-01-11,1428,13227,808,8384,620,4843,0,0,838,9768,590,1727,839,11495,California
Placer,2021-01-12,1653,14880,878,9262,775,5618,0,0,1052,10219,601,2328,1052,12547,California
Placer,2021-01-13,1636,16516,822,10084,814,6432,0,0,1211,11010,423,2751,1214,13761,California
Placer,2021-01-14,1788,18304,657,10741,1131,7563,0,0,1430,12086,355,3106,1431,15192,California
Placer,2021-01-15,1932,20236,717,11458,1215,8778,0,0,1581,13318,350,3456,1582,16774,California
Placer,2021-01-16,1467,21703,716,12174,751,9529,0,0,1346,14544,121,3577,1347,18121,California
Placer,2021-01-17,562,22265,395,12569,167,9696,0,0,429,14840,133,3710,429,18550,California
Placer,2021-01-18,991,23256,553,13122,438,10134,0,0,750,15350,241,3951,751,19301,California
Placer,2021-01-19,2626,25882,1962,15084,664,10798,0,0,2172,17068,454,4405,2172,21473,California
Placer,2021-01-20,2279,28161,1707,16791,572,11370,0,0,1948,18686,331,4736,1949,23422,California
Placer,2021-01-21,2560,30721,1120,17911,1440,12810,0,0,2168,20464,391,5127,2169,25591,California
Placer,2021-01-22,2351,33072,644,18555,1707,14517,0,0,2177,22470,172,5299,2178,27769,California
Placer,2021-01-23,1189,34261,380,18935,809,15326,0,0,1034,23349,155,5454,1034,28803,California
Placer,2021-01-24,503,34764,259,19194,244,15570,0,0,431,23709,72,5526,432,29235,California
Placer,2021-01-25,1680,36444,809,20003,871,16441,0,0,1387,24804,293,5819,1388,30623,California
Placer,2021-01-26,1860,38304,1035,21038,825,17266,0,0,1595,26134,265,6084,1595,32218,California
Placer,2021-01-27,1842,40146,1156,22194,686,17952,0,0,1598,27491,242,6326,1599,33817,California
Placer,2021-01-28,1808,41954,1119,23313,689,18641,0,0,1559,28803,247,6573,1559,35376,California
Placer,2021-01-29,1898,43852,1172,24485,726,19367,0,0,1706,30320,191,6764,1708,37084,California
Placer,2021-01-30,1727,45579,972,25457,755,20122,0,0,1606,31806,120,6884,1606,38690,California
Placer,2021-01-31,783,46362,626,26083,157,20279,0,0,715,32454,68,6952,716,39406,California
Placer,2021-02-01,2073,48435,1093,27176,980,21259,0,0,1759,33899,314,7266,1759,41165,California
Placer,2021-02-02,2385,50820,1545,28721,840,22099,0,0,1892,35301,490,7756,1892,43057,California
Placer,2021-02-03,2920,53740,1879,30600,1041,23140,0,0,2294,36973,622,8378,2294,45351,California
Placer,2021-02-04,2761,56501,1191,31791,1570,24710,0,0,1936,38089,821,9199,1937,47288,California
Placer,2021-02-05,2734,59235,1215,33006,1519,26229,0,0,1403,38166,1326,10525,1403,48691,California
Placer,2021-02-06,1959,61194,1319,34325,640,26869,0,0,1412,39031,547,11072,1412,50103,California
Placer,2021-02-07,1222,62416,911,35236,311,27180,0,0,938,39686,283,11355,938,51041,California
Placer,2021-02-08,3298,65714,1764,37000,1534,28714,0,0,1942,40280,1349,12704,1943,52984,California
Placer,2021-02-09,3551,69265,2179,39179,1372,30086,0,0,1646,40023,1903,14607,1646,54630,California
Placer,2021-02-10,3766,73031,2205,41384,1561,31647,0,0,1758,39778,2005,16612,1760,56390,California
Placer,2021-02-11,3701,76732,1912,43296,1789,33436,0,0,1575,39241,2113,18725,1576,57966,California
Placer,2021-02-12,2855,79587,1330,44626,1525,34961,0,0,1667,39758,1151,19876,1668,59634,California
Placer,2021-02-13,2530,82117,1474,46100,1056,36017,0,0,1889,41006,641,20517,1889,61523,California
Placer,2021-02-14,1086,83203,678,46778,408,36425,0,0,738,41398,346,20863,738,62261,California
Placer,2021-02-15,2251,85454,1049,47827,1202,37627,0,0,1534,42216,717,21580,1535,63796,California
Placer,2021-02-16,3582,89036,1785,49612,1797,39424,0,0,1591,41826,1982,23562,1592,65388,California
Placer,2021-02-17,3546,92582,1967,51579,1579,41003,0,0,1512,41308,2030,25592,1512,66900,California
Placer,2021-02-18,3799,96381,2050,53629,1749,42752,0,0,1616,40751,2174,27766,1617,68517,California
Placer,2021-02-19,3598,99979,1919,55548,1679,44431,0,0,1337,39833,2256,30022,1338,69855,California
Placer,2021-02-20,2009,101988,1262,56810,747,45178,0,0,917,39667,1086,31108,920,70775,California
Placer,2021-02-21,975,102963,729,57539,246,45424,0,0,279,39254,693,31801,280,71055,California
Placer,2021-02-22,2526,105489,1775,59314,751,46175,0,0,604,37937,1921,33722,604,71659,California
Placer,2021-02-23,2566,108055,1590,60904,976,47151,0,0,885,37142,1680,35402,885,72544,California
Placer,2021-02-24,3298,111353,1182,62086,2116,49267,0,0,1797,37450,1491,36893,1799,74343,California
Placer,2021-02-25,3640,114993,1525,63611,2115,51382,0,0,1969,37758,1663,38556,1971,76314,California
Placer,2021-02-26,4099,119092,2372,65983,1727,53109,0,0,2352,38367,1743,40299,2352,78666,California
Placer,2021-02-27,2821,121913,1495,67478,1326,54435,0,0,1449,38453,1366,41665,1452,80118,California
Placer,2021-02-28,1405,123318,799,68277,606,55041,0,0,588,38229,812,42477,588,80706,California
Placer,2021-03-01,3003,126321,1990,70267,1013,56054,0,0,1557,38345,1441,43918,1557,82263,California
Placer,2021-03-02,2887,129208,1779,72046,1108,57162,0,0,1889,39241,993,44911,1889,84152,California
Placer,2021-03-03,3330,132538,1428,73474,1902,59064,0,0,1817,39552,1507,46418,1818,85970,California
Placer,2021-03-04,3630,136168,1457,74931,2173,61237,0,0,1894,39723,1724,48142,1895,87865,California
Placer,2021-03-05,3015,139183,1038,75969,1956,63193,21,21,1813,40358,1199,49341,1834,89699,California
Placer,2021-03-06,2433,141616,1504,77473,833,64026,96,117,937,39903,1488,50829,1033,90732,California
Placer,2021-03-07,1306,142922,759,78232,509,64535,38,155,537,39712,766,51595,575,91307,California
Placer,2021-03-08,2914,145836,1832,80064,969,65504,113,268,1651,40215,1261,52856,1764,93071,California
Placer,2021-03-09,3191,149027,1696,81760,1403,66907,92,360,1825,40769,1363,54219,1917,94988,California
Placer,2021-03-10,3297,152324,1332,83092,1858,68765,107,467,1715,41014,1577,55796,1822,96810,California
Placer,2021-03-11,3643,155967,1650,84742,1867,70632,126,593,1747,41004,1886,57682,1876,98686,California
Placer,2021-03-12,3687,159654,1492,86234,1413,72045,782,1375,1259,40624,2422,60104,2042,100728,California
Placer,2021-03-13,2114,161768,744,86978,1251,73296,119,1494,1117,40866,994,61098,1236,101964,California
Placer,2021-03-14,1641,163409,672,87650,820,74116,149,1643,892,41158,749,61847,1041,103005,California
Placer,2021-03-15,3180,166589,1534,89184,1514,75630,132,1775,1762,41636,1417,63264,1895,104900,California
Placer,2021-03-16,3570,170159,1917,91101,1520,77150,133,1908,2285,42781,1274,64538,2419,107319,California
Placer,2021-03-17,3436,173595,1736,92837,1601,78751,99,2007,2214,43877,1219,65757,2315,109634,California
Placer,2021-03-18,4099,177694,2327,95164,1733,80484,39,2046,2865,45553,1227,66984,2903,112537,California
Placer,2021-03-19,3447,181141,2074,97238,1109,81593,264,2310,2201,46779,1238,68222,2464,115001,California
Placer,2021-03-20,2143,183284,898,98136,1148,82741,97,2407,1304,47345,834,69056,1400,116401,California
Placer,2021-03-21,1257,184541,577,98713,671,83412,9,2416,948,47996,306,69362,957,117358,California
Placer,2021-03-22,3272,187813,2106,100819,1076,84488,90,2506,2188,49194,1080,70442,2278,119636,California
Placer,2021-03-23,3534,191347,2103,102922,1340,85828,91,2597,2521,50799,1008,71450,2613,122249,California
Placer,2021-03-24,3793,195140,2002,104924,1694,87522,97,2694,1949,51024,1822,73272,2047,124296,California
Placer,2021-03-25,3855,198995,1865,106789,1892,89414,98,2792,1788,50853,2056,75328,1885,126181,California
Placer,2021-03-26,3777,202772,1671,108460,1875,91289,231,3023,1590,50502,2172,77500,1821,128002,California
Placer,2021-03-27,1592,204364,470,108930,1103,92392,19,3042,648,50232,937,78437,667,128669,California
Placer,2021-03-28,1109,205473,529,109459,570,92962,10,3052,364,49866,740,79177,374,129043,California
Placer,2021-03-29,3565,209038,1992,111451,1539,94501,34,3086,1725,49795,1831,81008,1760,130803,California
Placer,2021-03-30,3974,213012,2096,113547,1835,96336,43,3129,2082,50041,1878,82886,2124,132927,California
Placer,2021-03-31,4093,217105,1831,115378,2187,98523,75,3204,1688,49405,2398,85284,1762,134689,California
Placer,2021-04-01,2983,220088,1436,116814,1500,100023,47,3251,1665,49801,1316,86600,1712,136401,California
Placer,2021-04-02,2850,222938,1459,118273,1327,101350,64,3315,1597,50215,1246,87846,1660,138061,California
Placer,2021-04-03,1850,224788,983,119256,739,102089,128,3443,888,50276,955,88801,1016,139077,California
Placer,2021-04-04,712,225500,362,119618,297,102386,53,3496,286,50193,422,89223,339,139416,California
Placer,2021-04-05,3009,228509,1904,121522,921,103307,184,3680,1752,50878,1251,90474,1936,141352,California
Placer,2021-04-06,4289,232798,2477,123999,1512,104819,300,3980,1530,49955,2753,93227,1830,143182,California
Placer,2021-04-07,4521,237319,2577,126576,1483,106302,461,4441,2066,50030,2449,95676,2524,145706,California
Placer,2021-04-08,4695,242014,2596,129172,1553,107855,546,4987,1573,49037,3111,98787,2118,147824,California
Placer,2021-04-09,4111,246125,2264,131436,1229,109084,618,5605,1225,48004,2878,101665,1845,149669,California
Placer,2021-04-10,2023,248148,877,132313,962,110046,184,5789,863,47893,1157,102822,1046,150715,California
Placer,2021-04-11,1355,249503,532,132845,790,110836,33,5822,455,47484,896,103718,487,151202,California
Placer,2021-04-12,4096,253599,2644,135489,1072,111908,380,6202,2463,48702,1624,105342,2842,154044,California
Placer,2021-04-13,4343,257942,2993,138482,1349,113257,1,6203,2188,48740,2151,107493,2189,156233,California
Placer,2021-04-14,4130,262072,2567,141049,1562,114819,1,6204,1849,48317,2272,109765,1849,158082,California
Placer,2021-04-15,4492,266564,2507,143556,1984,116803,1,6205,2346,48528,2136,111901,2347,160429,California
Placer,2021-04-16,3680,270244,2189,145745,1491,118294,0,6205,1435,47724,2239,114140,1435,161864,California
Placer,2021-04-17,2425,272669,842,146587,1583,119877,0,6205,1517,48338,903,115043,1517,163381,California
Placer,2021-04-18,1183,273852,255,146842,928,120805,0,6205,409,47975,772,115815,409,163790,California
Placer,2021-04-19,2940,276792,1810,148652,1130,121935,0,6205,1170,47379,1767,117582,1171,164961,California
Placer,2021-04-20,3796,280588,2463,151115,1333,123268,0,6205,2421,48433,1367,118949,2421,167382,California
Placer,2021-04-21,3661,284249,2399,153514,1261,124529,1,6206,2387,49550,1271,120220,2388,169770,California
Placer,2021-04-22,3655,287904,2261,155775,1394,125923,0,6206,1741,49381,1910,122130,1741,171511,California
Placer,2021-04-23,3508,291412,2329,158104,1178,127101,1,6207,1373,48627,2128,124258,1374,172885,California
Placer,2021-04-24,2086,293498,1266,159370,819,127920,1,6208,1223,48995,855,125113,1223,174108,California
Placer,2021-04-25,908,294406,501,159871,407,128327,0,6208,560,49207,348,125461,560,174668,California
Placer,2021-04-26,2352,296758,1248,161119,1081,129408,23,6231,1153,49193,1189,126650,1175,175843,California
Placer,2021-04-27,2644,299402,1376,162495,1233,130641,35,6266,1526,49643,1112,127762,1562,177405,California
Placer,2021-04-28,2915,302317,1809,164304,1069,131710,37,6303,1522,49817,1385,129147,1559,178964,California
Placer,2021-04-29,3258,305575,2069,166373,1136,132846,53,6356,1310,49238,1942,131089,1363,180327,California
Placer,2021-04-30,2984,308559,1802,168175,1133,133979,49,6405,1190,48689,1788,132877,1239,181566,California
Placer,2021-05-01,1333,309892,935,169110,374,134353,24,6429,611,48607,716,133593,634,182200,California
Placer,2021-05-02,713,310605,551,169661,141,134494,21,6450,331,48579,380,133973,352,182552,California
Placer,2021-05-03,1608,312213,992,170653,550,135044,66,6516,437,47914,1167,135140,502,183054,California
Placer,2021-05-04,2296,314509,1295,171948,834,135878,167,6683,862,47514,1429,136569,1029,184083,California
Placer,2021-05-05,3668,318177,2474,174422,1088,136966,106,6789,969,45896,2693,139262,1075,185158,California
Placer,2021-05-06,3092,321269,1893,176315,1123,138089,76,6865,812,44530,2254,141516,888,186046,California
Placer,2021-05-07,2802,324071,1885,178200,825,138914,92,6957,786,43402,2006,143522,878,186924,California
Placer,2021-05-08,1330,325401,706,178906,582,139496,42,6999,391,42896,937,144459,431,187355,California
Placer,2021-05-09,439,325840,202,179108,216,139712,21,7020,217,42911,222,144681,237,187592,California
Placer,2021-05-10,1927,327767,1030,180138,800,140512,97,7117,433,41951,1490,146171,530,188122,California
Placer,2021-05-11,2812,330579,2033,182171,675,141187,104,7221,582,40417,2220,148391,686,188808,California
Placer,2021-05-12,2761,333340,1923,184094,790,141977,48,7269,655,39021,2100,150491,704,189512,California
Placer,2021-05-13,2683,336023,1745,185839,892,142869,46,7315,951,38288,1730,152221,997,190509,California
Placer,2021-05-14,2736,338759,1805,187644,801,143670,130,7445,1333,38357,1391,153612,1460,191969,California
Placer,2021-05-15,2048,340807,1347,188991,680,144350,21,7466,907,38150,1135,154747,928,192897,California
Placer,2021-05-16,727,341534,500,189491,209,144559,18,7484,316,38074,410,155157,334,193231,California
Placer,2021-05-17,2299,343833,1545,191036,691,145250,63,7547,1025,37894,1269,156426,1089,194320,California
Placer,2021-05-18,2425,346258,1633,192669,714,145964,78,7625,1097,37745,1323,157749,1174,195494,California
Placer,2021-05-19,2466,348724,1566,194235,856,146820,44,7669,908,37144,1553,159302,952,196446,California
Placer,2021-05-20,2174,350898,1450,195685,696,147516,28,7697,824,36651,1344,160646,851,197297,California
Placer,2021-05-21,2044,352942,1284,196969,624,148140,136,7833,894,36536,1143,161789,1028,198325,California
Placer,2021-05-22,1315,354257,927,197896,355,148495,33,7866,675,36606,638,162427,708,199033,California
Placer,2021-05-23,91,354348,40,197936,46,148541,5,7871,33,36587,57,162484,38,199071,California
Plumas,2020-12-18,4,4,4,4,0,0,0,0,4,4,0,0,4,4,California
Plumas,2020-12-19,1,5,1,5,0,0,0,0,1,5,0,0,1,5,California
Plumas,2020-12-21,45,50,45,50,0,0,0,0,45,50,0,0,45,50,California
Plumas,2020-12-22,93,143,93,143,0,0,0,0,93,143,0,0,93,143,California
Plumas,2020-12-23,50,193,50,193,0,0,0,0,50,193,0,0,50,193,California
Plumas,2020-12-24,6,199,6,199,0,0,0,0,6,199,0,0,6,199,California
Plumas,2020-12-28,8,207,0,199,8,8,0,0,8,207,0,0,8,207,California
Plumas,2020-12-29,32,239,22,221,10,18,0,0,32,239,0,0,32,239,California
Plumas,2020-12-30,23,262,1,222,22,40,0,0,23,262,0,0,23,262,California
Plumas,2020-12-31,4,266,1,223,3,43,0,0,4,266,0,0,4,266,California
Plumas,2021-01-04,10,276,4,227,6,49,0,0,10,276,0,0,10,276,California
Plumas,2021-01-05,22,298,2,229,20,69,0,0,22,298,0,0,22,298,California
Plumas,2021-01-06,123,421,5,234,118,187,0,0,123,421,0,0,123,421,California
Plumas,2021-01-07,53,474,2,236,51,238,0,0,52,472,1,1,52,473,California
Plumas,2021-01-08,12,486,5,241,7,245,0,0,8,476,4,5,8,481,California
Plumas,2021-01-09,2,488,2,243,0,245,0,0,1,476,1,6,1,482,California
Plumas,2021-01-11,58,546,50,293,8,253,0,0,11,440,47,53,11,493,California
Plumas,2021-01-12,156,702,87,380,69,322,0,0,71,426,85,138,71,564,California
Plumas,2021-01-13,56,758,50,430,6,328,0,0,10,390,46,184,10,574,California
Plumas,2021-01-14,98,856,14,444,84,412,0,0,93,478,5,189,93,667,California
Plumas,2021-01-15,63,919,7,451,56,468,0,0,61,537,2,191,61,728,California
Plumas,2021-01-16,58,977,1,452,57,525,0,0,58,595,0,191,58,786,California
Plumas,2021-01-18,2,979,1,453,1,526,0,0,2,597,0,191,2,788,California
Plumas,2021-01-19,36,1015,5,458,31,557,0,0,32,625,4,195,32,820,California
Plumas,2021-01-20,121,1136,3,461,118,675,0,0,119,742,2,197,119,939,California
Plumas,2021-01-21,112,1248,2,463,110,785,0,0,112,854,0,197,112,1051,California
Plumas,2021-01-22,5,1253,1,464,4,789,0,0,5,859,0,197,5,1056,California
Plumas,2021-01-23,93,1346,2,466,91,880,0,0,93,952,0,197,93,1149,California
Plumas,2021-01-24,1,1347,1,467,0,880,0,0,1,953,0,197,1,1150,California
Plumas,2021-01-25,10,1357,7,474,3,883,0,0,7,957,3,200,7,1157,California
Plumas,2021-01-26,60,1417,2,476,58,941,0,0,52,1001,8,208,52,1209,California
Plumas,2021-01-27,25,1442,20,496,5,946,0,0,5,986,20,228,5,1214,California
Plumas,2021-01-28,23,1465,0,496,23,969,0,0,21,1005,2,230,21,1235,California
Plumas,2021-01-29,8,1473,2,498,6,975,0,0,7,1011,1,231,7,1242,California
Plumas,2021-01-30,8,1481,4,502,4,979,0,0,7,1017,1,232,7,1249,California
Plumas,2021-01-31,3,1484,3,505,0,979,0,0,3,1020,0,232,3,1252,California
Plumas,2021-02-01,16,1500,2,507,14,993,0,0,8,1020,8,240,8,1260,California
Plumas,2021-02-02,21,1521,2,509,19,1012,0,0,2,1003,19,259,2,1262,California
Plumas,2021-02-03,127,1648,8,517,119,1131,0,0,13,903,113,372,13,1275,California
Plumas,2021-02-04,102,1750,8,525,94,1225,0,0,23,847,79,451,23,1298,California
Plumas,2021-02-05,24,1774,11,536,13,1238,0,0,9,841,15,466,9,1307,California
Plumas,2021-02-06,7,1781,0,536,7,1245,0,0,7,848,0,466,7,1314,California
Plumas,2021-02-08,15,1796,6,542,9,1254,0,0,3,839,12,478,3,1317,California
Plumas,2021-02-09,172,1968,2,544,170,1424,0,0,112,891,60,538,112,1429,California
Plumas,2021-02-10,91,2059,9,553,82,1506,0,0,82,965,9,547,83,1512,California
Plumas,2021-02-11,323,2382,7,560,316,1822,0,0,263,1168,60,607,263,1775,California
Plumas,2021-02-12,124,2506,4,564,120,1942,0,0,118,1280,6,613,118,1893,California
Plumas,2021-02-13,75,2581,5,569,70,2012,0,0,15,1235,60,673,15,1908,California
Plumas,2021-02-14,8,2589,5,574,3,2015,0,0,8,1243,0,673,8,1916,California
Plumas,2021-02-15,26,2615,5,579,21,2036,0,0,23,1263,3,676,23,1939,California
Plumas,2021-02-16,77,2692,4,583,73,2109,0,0,14,1214,63,739,14,1953,California
Plumas,2021-02-17,136,2828,5,588,131,2240,0,0,12,1102,124,863,12,1965,California
Plumas,2021-02-18,129,2957,6,594,123,2363,0,0,20,1014,109,972,21,1986,California
Plumas,2021-02-19,42,2999,5,599,37,2400,0,0,7,986,35,1007,7,1993,California
Plumas,2021-02-20,105,3104,7,606,98,2498,0,0,13,907,92,1099,13,2006,California
Plumas,2021-02-21,6,3110,5,611,1,2499,0,0,2,905,4,1103,2,2008,California
Plumas,2021-02-22,3,3113,1,612,2,2501,0,0,0,902,3,1106,0,2008,California
Plumas,2021-02-23,25,3138,5,617,20,2521,0,0,17,911,8,1114,17,2025,California
Plumas,2021-02-24,458,3596,7,624,451,2972,0,0,445,1343,13,1127,445,2470,California
Plumas,2021-02-25,230,3826,10,634,220,3192,0,0,169,1451,61,1188,169,2639,California
Plumas,2021-02-26,267,4093,8,642,259,3451,0,0,259,1703,8,1196,260,2899,California
Plumas,2021-02-27,40,4133,4,646,36,3487,0,0,33,1729,7,1203,33,2932,California
Plumas,2021-02-28,1,4134,0,646,1,3488,0,0,1,1730,0,1203,1,2933,California
Plumas,2021-03-01,14,4148,3,649,11,3499,0,0,8,1733,5,1208,8,2941,California
Plumas,2021-03-02,10,4158,1,650,9,3508,0,0,7,1737,3,1211,7,2948,California
Plumas,2021-03-03,152,4310,8,658,144,3652,0,0,137,1859,15,1226,137,3085,California
Plumas,2021-03-04,252,4562,9,667,243,3895,0,0,230,2067,22,1248,230,3315,California
Plumas,2021-03-05,400,4962,7,674,388,4283,5,5,389,2450,11,1259,394,3709,California
Plumas,2021-03-06,19,4981,2,676,9,4292,8,13,3,2445,16,1275,11,3720,California
Plumas,2021-03-07,14,4995,3,679,2,4294,9,22,4,2448,10,1285,13,3733,California
Plumas,2021-03-08,29,5024,3,682,2,4296,24,46,3,2449,26,1311,27,3760,California
Plumas,2021-03-09,133,5157,2,684,116,4412,15,61,18,2367,115,1426,33,3793,California
Plumas,2021-03-10,255,5412,3,687,239,4651,13,74,107,2340,147,1573,120,3913,California
Plumas,2021-03-11,179,5591,8,695,166,4817,5,79,144,2454,35,1608,149,4062,California
Plumas,2021-03-12,594,6185,4,699,303,5120,287,366,23,2193,571,2179,310,4372,California
Plumas,2021-03-13,25,6210,4,703,10,5130,11,377,4,2187,21,2200,15,4387,California
Plumas,2021-03-14,12,6222,3,706,4,5134,5,382,1,2183,10,2210,6,4393,California
Plumas,2021-03-15,30,6252,0,706,23,5157,7,389,5,2170,25,2235,12,4405,California
Plumas,2021-03-16,60,6312,3,709,56,5213,1,390,49,2209,11,2246,50,4455,California
Plumas,2021-03-17,73,6385,9,718,63,5276,1,391,58,2254,14,2260,59,4514,California
Plumas,2021-03-18,61,6446,6,724,39,5315,16,407,12,2233,49,2309,28,4542,California
Plumas,2021-03-19,164,6610,6,730,156,5471,2,409,155,2384,7,2316,158,4700,California
Plumas,2021-03-20,695,7305,4,734,690,6161,1,410,674,3040,19,2335,675,5375,California
Plumas,2021-03-21,2,7307,1,735,1,6162,0,410,1,3041,0,2335,1,5376,California
Plumas,2021-03-22,182,7489,2,737,180,6342,0,410,175,3209,7,2342,175,5551,California
Plumas,2021-03-23,27,7516,2,739,25,6367,0,410,13,3208,14,2356,13,5564,California
Plumas,2021-03-24,655,8171,6,745,648,7015,1,411,224,3003,430,2786,225,5789,California
Plumas,2021-03-25,302,8473,7,752,293,7308,2,413,158,3017,144,2930,158,5947,California
Plumas,2021-03-26,315,8788,9,761,306,7614,0,413,46,2795,268,3198,46,5993,California
Plumas,2021-03-27,13,8801,1,762,11,7625,1,414,3,2789,10,3208,4,5997,California
Plumas,2021-03-28,6,8807,4,766,1,7626,1,415,3,2790,3,3211,4,6001,California
Plumas,2021-03-29,12,8819,4,770,7,7633,1,416,4,2787,8,3219,5,6006,California
Plumas,2021-03-30,154,8973,3,773,150,7783,1,417,24,2682,130,3349,25,6031,California
Plumas,2021-03-31,288,9261,3,776,284,8067,1,418,267,2929,21,3370,268,6299,California
Plumas,2021-04-01,298,9559,10,786,287,8354,1,419,60,2753,236,3606,60,6359,California
Plumas,2021-04-02,375,9934,4,790,370,8724,1,420,29,2448,335,3941,30,6389,California
Plumas,2021-04-03,16,9950,3,793,5,8729,8,428,4,2448,12,3953,12,6401,California
Plumas,2021-04-04,3,9953,1,794,1,8730,1,429,0,2446,3,3956,1,6402,California
Plumas,2021-04-05,11,9964,4,798,6,8736,1,430,4,2444,7,3963,5,6407,California
Plumas,2021-04-06,121,10085,6,804,89,8825,26,456,14,2377,107,4070,40,6447,California
Plumas,2021-04-07,282,10367,7,811,99,8924,176,632,28,2327,254,4324,204,6651,California
Plumas,2021-04-08,150,10517,3,814,132,9056,15,647,34,2260,115,4439,48,6699,California
Plumas,2021-04-09,51,10568,10,824,25,9081,16,663,19,2262,32,4471,34,6733,California
Plumas,2021-04-10,23,10591,2,826,5,9086,16,679,5,2265,18,4489,21,6754,California
Plumas,2021-04-11,3,10594,2,828,0,9086,1,680,2,2267,1,4490,3,6757,California
Plumas,2021-04-12,11,10605,5,833,3,9089,3,683,7,2273,4,4494,10,6767,California
Plumas,2021-04-13,207,10812,5,838,202,9291,0,683,139,2344,68,4562,139,6906,California
Plumas,2021-04-14,109,10921,8,846,101,9392,0,683,55,2345,54,4616,55,6961,California
Plumas,2021-04-15,50,10971,2,848,48,9440,0,683,32,2359,18,4634,32,6993,California
Plumas,2021-04-16,142,11113,2,850,140,9580,0,683,2,2221,140,4774,2,6995,California
Plumas,2021-04-17,668,11781,2,852,666,10246,0,683,20,1595,646,5420,20,7015,California
Plumas,2021-04-18,4,11785,3,855,1,10247,0,683,1,1593,3,5423,1,7016,California
Plumas,2021-04-19,38,11823,3,858,35,10282,0,683,5,1565,33,5456,5,7021,California
Plumas,2021-04-20,42,11865,5,863,37,10319,0,683,26,1576,15,5471,26,7047,California
Plumas,2021-04-21,310,12175,5,868,304,10623,1,684,17,1300,293,5764,17,7064,California
Plumas,2021-04-22,273,12448,7,875,266,10889,0,684,131,1289,142,5906,131,7195,California
Plumas,2021-04-23,72,12520,5,880,67,10956,0,684,16,1249,56,5962,16,7211,California
Plumas,2021-04-24,172,12692,5,885,167,11123,0,684,146,1370,25,5987,146,7357,California
Plumas,2021-04-26,29,12721,4,889,25,11148,0,684,8,1358,20,6007,8,7365,California
Plumas,2021-04-27,87,12808,3,892,84,11232,0,684,51,1373,36,6043,51,7416,California
Plumas,2021-04-28,283,13091,4,896,279,11511,0,684,37,1165,245,6288,37,7453,California
Plumas,2021-04-29,172,13263,69,965,103,11614,0,684,119,1231,53,6341,119,7572,California
Plumas,2021-04-30,23,13286,11,976,12,11626,0,684,7,1222,16,6357,7,7579,California
Plumas,2021-05-01,2,13288,1,977,0,11626,1,685,0,1221,2,6359,1,7580,California
Plumas,2021-05-02,2,13290,2,979,0,11626,0,685,1,1221,1,6360,1,7581,California
Plumas,2021-05-03,17,13307,7,986,4,11630,6,691,6,1222,11,6371,12,7593,California
Plumas,2021-05-04,28,13335,3,989,19,11649,6,697,16,1232,12,6383,22,7615,California
Plumas,2021-05-05,49,13384,6,995,42,11691,1,698,22,1228,27,6410,23,7638,California
Plumas,2021-05-06,56,13440,2,997,49,11740,5,703,15,1207,41,6451,20,7658,California
Plumas,2021-05-07,22,13462,5,1002,16,11756,1,704,8,1202,14,6465,9,7667,California
Plumas,2021-05-08,6,13468,0,1002,4,11760,2,706,4,1206,2,6467,6,7673,California
Plumas,2021-05-10,49,13517,1,1003,25,11785,23,729,22,1224,27,6494,45,7718,California
Plumas,2021-05-11,163,13680,3,1006,141,11926,19,748,14,1108,149,6643,33,7751,California
Plumas,2021-05-12,98,13778,2,1008,89,12015,7,755,37,1092,60,6703,44,7795,California
Plumas,2021-05-13,34,13812,3,1011,29,12044,2,757,12,1084,22,6725,14,7809,California
Plumas,2021-05-14,19,13831,3,1014,11,12055,5,762,9,1088,10,6735,14,7823,California
Plumas,2021-05-15,10,13841,4,1018,4,12059,2,764,4,1088,6,6741,6,7829,California
Plumas,2021-05-16,2,13843,1,1019,1,12060,0,764,1,1088,1,6742,1,7830,California
Plumas,2021-05-17,13,13856,0,1019,4,12064,9,773,4,1092,9,6751,13,7843,California
Plumas,2021-05-18,42,13898,7,1026,34,12098,1,774,22,1095,20,6771,23,7866,California
Plumas,2021-05-19,45,13943,3,1029,28,12126,14,788,11,1087,34,6805,26,7892,California
Plumas,2021-05-20,185,14128,133,1162,41,12167,11,799,77,1067,108,6913,88,7980,California
Plumas,2021-05-21,27,14155,8,1170,14,12181,5,804,14,1073,13,6926,19,7999,California
Plumas,2021-05-22,136,14291,1,1171,135,12316,0,804,5,948,130,7056,5,8004,California
Riverside,2020-12-15,5,5,5,5,0,0,0,0,5,5,0,0,5,5,California
Riverside,2020-12-16,67,72,67,72,0,0,0,0,67,72,0,0,67,72,California
Riverside,2020-12-17,810,882,810,882,0,0,0,0,810,882,0,0,810,882,California
Riverside,2020-12-18,1728,2610,1727,2609,1,1,0,0,1728,2610,0,0,1728,2610,California
Riverside,2020-12-19,1027,3637,1024,3633,3,4,0,0,1025,3634,1,1,1025,3635,California
Riverside,2020-12-20,1084,4721,1083,4716,1,5,0,0,1084,4718,0,1,1084,4719,California
Riverside,2020-12-21,2276,6997,2274,6990,2,7,0,0,2276,6994,0,1,2276,6995,California
Riverside,2020-12-22,2259,9256,2220,9210,39,46,0,0,2258,9252,0,1,2258,9253,California
Riverside,2020-12-23,2145,11401,1805,11015,340,386,0,0,2146,11398,0,1,2146,11399,California
Riverside,2020-12-24,828,12229,626,11641,202,588,0,0,828,12226,0,1,828,12227,California
Riverside,2020-12-25,28,12257,5,11646,23,611,0,0,28,12254,0,1,28,12255,California
Riverside,2020-12-26,401,12658,257,11903,144,755,0,0,401,12655,0,1,401,12656,California
Riverside,2020-12-27,363,13021,244,12147,119,874,0,0,363,13018,0,1,363,13019,California
Riverside,2020-12-28,1631,14652,1130,13277,501,1375,0,0,1631,14649,0,1,1631,14650,California
Riverside,2020-12-29,1733,16385,967,14244,766,2141,0,0,1733,16382,0,1,1733,16383,California
Riverside,2020-12-30,2574,18959,1679,15923,895,3036,0,0,2573,18955,0,1,2573,18956,California
Riverside,2020-12-31,1022,19981,395,16318,627,3663,0,0,1024,19979,0,1,1024,19980,California
Riverside,2021-01-01,117,20098,46,16364,71,3734,0,0,117,20096,0,1,117,20097,California
Riverside,2021-01-02,833,20931,693,17057,140,3874,0,0,833,20929,0,1,833,20930,California
Riverside,2021-01-03,343,21274,298,17355,45,3919,0,0,342,21271,0,1,342,21272,California
Riverside,2021-01-04,1263,22537,793,18148,470,4389,0,0,1263,22534,0,1,1263,22535,California
Riverside,2021-01-05,1988,24525,1366,19514,622,5011,0,0,1892,24336,90,91,1892,24427,California
Riverside,2021-01-06,2502,27027,1117,20631,1385,6396,0,0,2192,26222,306,397,2192,26619,California
Riverside,2021-01-07,2779,29806,1825,22456,954,7350,0,0,1714,26878,1060,1457,1716,28335,California
Riverside,2021-01-08,4054,33860,2929,25385,1125,8475,0,0,2242,27312,1808,3265,2242,30577,California
Riverside,2021-01-09,2074,35934,844,26229,1230,9705,0,0,1726,28691,347,3612,1726,32303,California
Riverside,2021-01-10,1669,37603,737,26966,932,10637,0,0,1065,29152,604,4216,1065,33368,California
Riverside,2021-01-11,4518,42121,3093,30059,1425,12062,0,0,2783,30203,1733,5949,2784,36152,California
Riverside,2021-01-12,3420,45541,2740,32799,680,12742,0,0,1726,30240,1689,7638,1726,37878,California
Riverside,2021-01-13,4457,49998,2937,35736,1520,14262,0,0,2848,31482,1606,9244,2848,40726,California
Riverside,2021-01-14,5514,55512,1911,37647,3603,17865,0,0,4925,35819,588,9832,4925,45651,California
Riverside,2021-01-15,6089,61601,2021,39668,4068,21933,0,0,5800,41331,288,10120,5800,51451,California
Riverside,2021-01-16,3612,65213,1016,40684,2596,24529,0,0,3366,44452,246,10366,3367,54818,California
Riverside,2021-01-17,3596,68809,585,41269,3011,27540,0,0,3399,47656,195,10561,3399,58217,California
Riverside,2021-01-18,3749,72558,2040,43309,1709,29249,0,0,2741,49389,1008,11569,2741,60958,California
Riverside,2021-01-19,7413,79971,2645,45954,4768,34017,0,0,6294,54565,1119,12688,6295,67253,California
Riverside,2021-01-20,8215,88186,3131,49085,5084,39101,0,0,6557,59480,1646,14334,6561,73814,California
Riverside,2021-01-21,8349,96535,3505,52590,4844,43945,0,0,7697,66525,653,14987,7698,81512,California
Riverside,2021-01-22,8715,105250,2965,55555,5750,49695,0,0,8286,74385,427,15414,8287,89799,California
Riverside,2021-01-23,5892,111142,2360,57915,3532,53227,0,0,5172,78838,720,16134,5173,94972,California
Riverside,2021-01-24,3037,114179,1433,59348,1604,54831,0,0,2822,81448,213,16347,2823,97795,California
Riverside,2021-01-25,7874,122053,4529,63877,3345,58176,0,0,6755,87086,1118,17465,6756,104551,California
Riverside,2021-01-26,9112,131165,5717,69594,3395,61571,0,0,7603,93184,1506,18971,7604,112155,California
Riverside,2021-01-27,10912,142077,6394,75988,4518,66089,0,0,9300,100879,1608,20579,9303,121458,California
Riverside,2021-01-28,11499,153576,6788,82776,4711,70800,0,0,10338,110065,1153,21732,10339,131797,California
Riverside,2021-01-29,11936,165512,7283,90059,4653,75453,0,0,10562,119283,1348,23080,10566,142363,California
Riverside,2021-01-30,9060,174572,4611,94670,4449,79902,0,0,8596,127419,461,23541,8597,150960,California
Riverside,2021-01-31,5165,179737,4252,98922,913,80815,0,0,5035,132329,129,23670,5039,155999,California
Riverside,2021-02-01,10955,190692,6779,105701,4176,84991,0,0,9110,139604,1838,25508,9113,165112,California
Riverside,2021-02-02,9476,200168,4813,110514,4663,89654,0,0,8011,146160,1458,26966,8014,173126,California
Riverside,2021-02-03,12176,212344,5142,115656,7034,96688,0,0,9809,153612,2357,29323,9809,182935,California
Riverside,2021-02-04,13507,225851,5999,121655,7508,104196,0,0,11433,162981,2067,31390,11436,194371,California
Riverside,2021-02-05,14350,240201,5407,127062,8943,113139,0,0,11286,171214,3057,34447,11290,205661,California
Riverside,2021-02-06,7236,247437,4263,131325,2973,116112,0,0,5597,175182,1632,36079,5600,211261,California
Riverside,2021-02-07,2167,249604,798,132123,1369,117481,0,0,1848,176714,317,36396,1849,213110,California
Riverside,2021-02-08,12475,262079,5553,137676,6922,124403,0,0,10168,184594,2292,38688,10172,223282,California
Riverside,2021-02-09,9647,271726,4521,142197,5126,129529,0,0,7700,190361,1938,40626,7705,230987,California
Riverside,2021-02-10,12064,283790,6965,149162,5099,134628,0,0,8894,196104,3159,43785,8902,239889,California
Riverside,2021-02-11,16602,300392,9051,158213,7551,142179,0,0,12089,203717,4491,48276,12104,251993,California
Riverside,2021-02-12,17679,318071,10803,169016,6876,149055,0,0,12798,211691,4837,53113,12811,264804,California
Riverside,2021-02-13,6324,324395,2127,171143,4197,153252,0,0,3103,211610,3205,56318,3124,267928,California
Riverside,2021-02-14,4922,329317,1116,172259,3806,157058,0,0,2179,211050,2739,59057,2179,270107,California
Riverside,2021-02-15,9824,339141,5003,177262,4821,161879,0,0,5402,212046,4413,63470,5409,275516,California
Riverside,2021-02-16,16113,355254,10108,187370,6005,167884,0,0,9249,214446,6857,70327,9257,284773,California
Riverside,2021-02-17,15029,370283,8212,195582,6817,174701,0,0,7449,214338,7567,77894,7459,292232,California
Riverside,2021-02-18,15544,385827,8985,204567,6559,181260,0,0,8022,214874,7500,85394,8036,300268,California
Riverside,2021-02-19,15292,401119,8222,212789,7070,188330,0,0,7222,214053,8051,93445,7230,307498,California
Riverside,2021-02-20,8310,409429,4496,217285,3814,192144,0,0,2166,210095,6127,99572,2169,309667,California
Riverside,2021-02-21,4394,413823,3875,221160,519,192663,0,0,1231,208177,3149,102721,1231,310898,California
Riverside,2021-02-22,12370,426193,7768,228928,4602,197265,0,0,5113,206054,7241,109962,5118,316016,California
Riverside,2021-02-23,11118,437311,7575,236503,3543,200808,0,0,5399,205766,5691,115653,5403,321419,California
Riverside,2021-02-24,14805,452116,8101,244604,6704,207512,0,0,6298,203612,8469,124122,6315,327734,California
Riverside,2021-02-25,17357,469473,7405,252009,9952,217464,0,0,8069,202440,9266,133388,8094,335828,California
Riverside,2021-02-26,18637,488110,6733,258742,11904,229368,0,0,9311,202516,9269,142657,9345,345173,California
Riverside,2021-02-27,12078,500188,5607,264349,6471,235839,0,0,5764,202026,6281,148938,5791,350964,California
Riverside,2021-02-28,4882,505070,3219,267568,1663,237502,0,0,2408,201979,2462,151400,2415,353379,California
Riverside,2021-03-01,14349,519419,6104,273672,8243,245745,2,2,8453,204601,5861,157261,8483,361862,California
Riverside,2021-03-02,15365,534784,7509,281181,7855,253600,1,3,9018,207322,6325,163586,9046,370908,California
Riverside,2021-03-03,16910,551694,8376,289557,8534,262134,0,3,7315,205219,9545,173131,7442,378350,California
Riverside,2021-03-04,18755,570449,7465,297022,11285,273419,5,8,8913,204489,9798,182929,9068,387418,California
Riverside,2021-03-05,18902,589351,7612,304634,11246,284665,44,52,9401,204761,9451,192380,9723,397141,California
Riverside,2021-03-06,9527,598878,5073,309707,3973,288638,481,533,4748,205254,4765,197145,5258,402399,California
Riverside,2021-03-07,4250,603128,2751,312458,1110,289748,389,922,2000,205407,2240,199385,2393,404792,California
Riverside,2021-03-08,11958,615086,4757,317215,6790,296538,411,1333,5332,204589,6606,205991,5788,410580,California
Riverside,2021-03-09,14811,629897,6907,324122,7404,303942,500,1833,5912,202258,8878,214869,6547,417127,California
Riverside,2021-03-10,15913,645810,8521,332643,6466,310408,926,2759,6214,199894,9656,224525,7292,424419,California
Riverside,2021-03-11,19256,665066,9460,342103,7948,318356,1848,4607,7605,197940,11616,236141,9662,434081,California
Riverside,2021-03-12,21197,686263,7947,350050,8510,326866,4740,9347,7127,196102,14032,250173,12194,446275,California
Riverside,2021-03-13,8475,694738,2540,352590,4710,331576,1225,10572,4361,197672,4092,254265,5662,451937,California
Riverside,2021-03-14,4675,699413,1616,354206,1752,333328,1307,11879,2082,198476,2582,256847,3386,455323,California
Riverside,2021-03-15,18696,718109,7865,362071,9161,342489,1670,13549,9208,200008,9446,266293,10978,466301,California
Riverside,2021-03-16,20904,739013,10146,372217,9943,352432,815,14364,11387,202824,9479,275772,12295,478596,California
Riverside,2021-03-17,21335,760348,10957,383174,9319,361751,1059,15423,12821,208285,8478,284250,13939,492535,California
Riverside,2021-03-18,22628,782976,11786,394960,9176,370927,1666,17089,12565,212509,10015,294265,14239,506774,California
Riverside,2021-03-19,24149,807125,12682,407642,10495,381422,972,18061,14103,217963,9989,304254,15443,522217,California
Riverside,2021-03-20,10691,817816,6903,414545,2608,384030,1180,19241,6881,222244,3779,308033,8060,530277,California
Riverside,2021-03-21,3737,821553,2917,417462,554,384584,266,19507,2553,223896,1168,309201,2820,533097,California
Riverside,2021-03-22,16653,838206,9935,427397,6165,390749,553,20060,10598,229043,6002,315203,11149,544246,California
Riverside,2021-03-23,18576,856782,10521,437918,7634,398383,421,20481,11947,234854,6571,321774,12382,556628,California
Riverside,2021-03-24,18760,875542,10465,448383,8175,406558,120,20601,12879,242027,5832,327606,13005,569633,California
Riverside,2021-03-25,21168,896710,11675,460058,9312,415870,181,20782,14194,249503,6905,334511,14381,584014,California
Riverside,2021-03-26,24170,920880,11941,471999,12054,427924,175,20957,15031,255674,9037,343548,15208,599222,California
Riverside,2021-03-27,9332,930212,4904,476903,3375,431299,1053,22010,4817,257053,4492,348040,5871,605093,California
Riverside,2021-03-28,4774,934986,3139,480042,1543,432842,92,22102,2844,258074,1917,349957,2938,608031,California
Riverside,2021-03-29,17680,952666,8454,488496,9105,441947,121,22223,10948,262462,6692,356649,11080,619111,California
Riverside,2021-03-30,18367,971033,9562,498058,8598,450545,207,22430,11717,267777,6611,363260,11926,631037,California
Riverside,2021-03-31,18118,989151,8429,506487,9384,459929,305,22735,11437,272892,6637,369897,11752,642789,California
Riverside,2021-04-01,25556,1014707,12492,518979,12287,472216,777,23512,16505,281183,8990,378887,17281,660070,California
Riverside,2021-04-02,26127,1040834,14062,533041,11117,483333,948,24460,16366,289020,9705,388592,17542,677612,California
Riverside,2021-04-03,9369,1050203,5963,539004,2819,486152,587,25047,6040,292333,3312,391904,6625,684237,California
Riverside,2021-04-04,3397,1053600,2068,541072,1085,487237,244,25291,1721,292632,1667,393571,1966,686203,California
Riverside,2021-04-05,18449,1072049,9450,550522,7145,494382,1854,27145,9931,295937,8480,402051,11785,697988,California
Riverside,2021-04-06,23750,1095799,12345,562867,9275,503657,2130,29275,13238,300836,10462,412513,15361,713349,California
Riverside,2021-04-07,24689,1120488,13280,576147,8907,512564,2502,31777,13684,306065,10961,423474,16190,729539,California
Riverside,2021-04-08,26958,1147446,14796,590943,9216,521780,2946,34723,16389,314871,10509,433983,19315,748854,California
Riverside,2021-04-09,26062,1173508,15323,606266,8305,530085,2434,37157,15883,323072,10135,444118,18336,767190,California
Riverside,2021-04-10,11949,1185457,6709,612975,3852,533937,1388,38545,5214,322973,6692,450810,6593,773783,California
Riverside,2021-04-11,4603,1190060,2732,615707,1249,535186,622,39167,2164,323329,2428,453238,2784,776567,California
Riverside,2021-04-12,20063,1210123,8910,624617,8515,543701,2638,41805,10049,326037,9976,463214,12684,789251,California
Riverside,2021-04-13,19895,1230018,11127,635744,8742,552443,26,41831,11353,328915,8503,471717,11381,800632,California
Riverside,2021-04-14,22025,1252043,12102,647846,9909,562352,14,41845,10764,328502,11195,482912,10782,811414,California
Riverside,2021-04-15,21669,1273712,12172,660018,9489,571841,8,41853,11317,329542,10286,493198,11326,822740,California
Riverside,2021-04-16,24912,1298624,14420,674438,10486,582327,6,41859,11533,327758,13330,506528,11546,834286,California
Riverside,2021-04-17,9859,1308483,6496,680934,3363,585690,0,41859,4956,327832,4889,511417,4963,839249,California
Riverside,2021-04-18,3853,1312336,2806,683740,1040,586730,7,41866,1813,327627,2027,513444,1822,841071,California
Riverside,2021-04-19,19466,1331802,11586,695326,7877,594607,3,41869,6957,322124,12468,525912,6965,848036,California
Riverside,2021-04-20,18859,1350661,9948,705274,8901,603508,10,41879,7725,318767,11094,537006,7737,855773,California
Riverside,2021-04-21,19497,1370158,11079,716353,8410,611918,8,41887,7661,314669,11774,548780,7676,863449,California
Riverside,2021-04-22,23240,1393398,13554,729907,9683,621601,3,41890,8651,308806,14521,563301,8658,872107,California
Riverside,2021-04-23,23324,1416722,13725,743632,9585,631186,14,41904,9149,303859,14118,577419,9171,881278,California
Riverside,2021-04-24,10474,1427196,7310,750942,3162,634348,2,41906,4828,303077,5612,583031,4830,886108,California
Riverside,2021-04-25,4203,1431399,2817,753759,1385,635733,1,41907,2178,303248,2009,585040,2180,888288,California
Riverside,2021-04-26,16468,1447867,10352,764111,6071,641804,45,41952,5512,297889,10920,595960,5561,893849,California
Riverside,2021-04-27,17678,1465545,10139,774250,7378,649182,161,42113,6105,292624,11531,607491,6266,900115,California
Riverside,2021-04-28,16411,1481956,8853,783103,7301,656483,257,42370,5525,287576,10830,618321,5782,905897,California
Riverside,2021-04-29,18676,1500632,11422,794525,6906,663389,348,42718,5375,280057,13240,631561,5721,911618,California
Riverside,2021-04-30,19665,1520297,11330,805855,7957,671346,378,43096,6283,273388,13332,644893,6663,918281,California
Riverside,2021-05-01,6758,1527055,4872,810727,1718,673064,168,43264,2324,271468,4410,649303,2490,920771,California
Riverside,2021-05-02,3346,1530401,2179,812906,959,674023,208,43472,1069,270491,2260,651563,1283,922054,California
Riverside,2021-05-03,17959,1548360,11025,823931,6448,680471,486,43958,4137,261348,13764,665327,4621,926675,California
Riverside,2021-05-04,17232,1565592,10941,834872,5876,686347,415,44373,4863,254317,12308,677635,5277,931952,California
Riverside,2021-05-05,15737,1581329,8913,843785,6471,692818,353,44726,4540,248068,11142,688777,4893,936845,California
Riverside,2021-05-06,17750,1599079,9947,853732,7394,700212,409,45135,4519,239833,13164,701941,4929,941774,California
Riverside,2021-05-07,20265,1619344,11567,865299,8269,708481,429,45564,5334,230741,14855,716796,5763,947537,California
Riverside,2021-05-08,6809,1626153,4528,869827,2053,710534,228,45792,2554,229296,4226,721022,2781,950318,California
Riverside,2021-05-09,2307,1628460,1509,871336,643,711177,155,45947,853,228861,1443,722465,1008,951326,California
Riverside,2021-05-10,10005,1638465,5131,876467,4503,715680,371,46318,2851,224979,7104,729569,3222,954548,California
Riverside,2021-05-11,13483,1651948,8120,884587,4872,720552,491,46809,3683,219432,9722,739291,4175,958723,California
Riverside,2021-05-12,11896,1663844,5809,890396,5813,726365,274,47083,3602,215062,8245,747536,3875,962598,California
Riverside,2021-05-13,13660,1677504,8111,898507,5285,731650,264,47347,4824,211367,8787,756323,5092,967690,California
Riverside,2021-05-14,17635,1695139,11135,909642,5716,737366,784,48131,6910,208401,10659,766982,7693,975383,California
Riverside,2021-05-15,9602,1704741,6913,916555,2336,739702,353,48484,4922,209029,4648,771630,5276,980659,California
Riverside,2021-05-16,3442,1708183,2495,919050,837,740539,110,48594,1688,209084,1741,773371,1796,982455,California
Riverside,2021-05-17,11671,1719854,7540,926590,3795,744334,336,48930,5252,208289,6387,779758,5592,988047,California
Riverside,2021-05-18,14980,1734834,9297,935887,5345,749679,338,49268,6250,206194,8684,788442,6589,994636,California
Riverside,2021-05-19,11996,1746830,7573,943460,4207,753886,216,49484,5904,206270,6045,794487,6121,1000757,California
Riverside,2021-05-20,10057,1756887,6153,949613,3653,757539,251,49735,4410,205325,5609,800096,4664,1005421,California
Riverside,2021-05-21,12094,1768981,7395,957008,4409,761948,290,50025,5079,203721,6974,807070,5370,1010791,California
Riverside,2021-05-22,5385,1774366,3721,960729,1498,763446,166,50191,3003,204536,2356,809426,3171,1013962,California
Riverside,2021-05-23,658,1775024,337,961066,298,763744,23,50214,270,204446,383,809809,293,1014255,California
Sacramento,2020-12-15,315,315,315,315,0,0,0,0,315,315,0,0,315,315,California
Sacramento,2020-12-16,646,961,646,961,0,0,0,0,646,961,0,0,646,961,California
Sacramento,2020-12-17,649,1610,649,1610,0,0,0,0,649,1610,0,0,649,1610,California
Sacramento,2020-12-18,970,2580,970,2580,0,0,0,0,970,2580,0,0,970,2580,California
Sacramento,2020-12-19,610,3190,610,3190,0,0,0,0,610,3190,0,0,610,3190,California
Sacramento,2020-12-20,634,3824,634,3824,0,0,0,0,634,3824,0,0,634,3824,California
Sacramento,2020-12-21,1676,5500,1676,5500,0,0,0,0,1677,5501,0,0,1677,5501,California
Sacramento,2020-12-22,2103,7603,2070,7570,33,33,0,0,2103,7604,0,0,2103,7604,California
Sacramento,2020-12-23,2262,9865,2091,9661,171,204,0,0,2262,9866,0,0,2262,9866,California
Sacramento,2020-12-24,1045,10910,833,10494,212,416,0,0,1045,10911,0,0,1045,10911,California
Sacramento,2020-12-25,1,10911,0,10494,1,417,0,0,1,10912,0,0,1,10912,California
Sacramento,2020-12-26,509,11420,291,10785,218,635,0,0,509,11421,0,0,509,11421,California
Sacramento,2020-12-27,352,11772,248,11033,104,739,0,0,352,11773,0,0,352,11773,California
Sacramento,2020-12-28,1903,13675,1323,12356,580,1319,0,0,1902,13674,1,1,1902,13675,California
Sacramento,2020-12-29,1959,15634,1193,13549,766,2085,0,0,1959,15633,0,1,1959,15634,California
Sacramento,2020-12-30,2561,18195,1454,15003,1107,3192,0,0,2562,18195,0,1,2562,18196,California
Sacramento,2020-12-31,1233,19428,696,15699,537,3729,0,0,1234,19429,0,1,1234,19430,California
Sacramento,2021-01-01,81,19509,70,15769,11,3740,0,0,81,19510,0,1,81,19511,California
Sacramento,2021-01-02,567,20076,365,16134,202,3942,0,0,567,20077,0,1,567,20078,California
Sacramento,2021-01-03,412,20488,223,16357,189,4131,0,0,412,20489,0,1,412,20490,California
Sacramento,2021-01-04,1960,22448,847,17204,1113,5244,0,0,1958,22446,1,2,1958,22448,California
Sacramento,2021-01-05,2215,24663,989,18193,1226,6470,0,0,1861,23960,354,356,1868,24316,California
Sacramento,2021-01-06,2727,27390,1617,19810,1110,7580,0,0,1952,25140,772,1128,1952,26268,California
Sacramento,2021-01-07,2839,30229,1508,21318,1331,8911,0,0,1976,26256,860,1988,1976,28244,California
Sacramento,2021-01-08,3302,33531,2095,23413,1207,10118,0,0,2267,27493,1031,3019,2268,30512,California
Sacramento,2021-01-09,1290,34821,796,24209,494,10612,0,0,902,28009,386,3405,902,31414,California
Sacramento,2021-01-10,1247,36068,710,24919,537,11149,0,0,776,28316,470,3875,777,32191,California
Sacramento,2021-01-11,4348,40416,2959,27878,1389,12538,0,0,2409,28799,1938,5813,2421,34612,California
Sacramento,2021-01-12,4581,44997,3198,31076,1383,13921,0,0,2609,29441,1971,7784,2613,37225,California
Sacramento,2021-01-13,3833,48830,2212,33288,1621,15542,0,0,2417,30444,1415,9199,2418,39643,California
Sacramento,2021-01-14,4624,53454,2337,35625,2287,17829,0,0,3703,33230,917,10116,3703,43346,California
Sacramento,2021-01-15,4447,57901,2263,37888,2184,20013,0,0,3726,36236,721,10837,3727,47073,California
Sacramento,2021-01-16,2079,59980,1275,39163,804,20817,0,0,1862,37881,217,11054,1862,48935,California
Sacramento,2021-01-17,1670,61650,977,40140,693,21510,0,0,1491,39196,179,11233,1494,50429,California
Sacramento,2021-01-18,2818,64468,1722,41862,1096,22606,0,0,2243,40866,574,11807,2244,52673,California
Sacramento,2021-01-19,4971,69439,3023,44885,1948,24554,0,0,3737,43371,1234,13041,3739,56412,California
Sacramento,2021-01-20,4809,74248,2849,47734,1960,26514,0,0,3589,45743,1222,14263,3594,60006,California
Sacramento,2021-01-21,5206,79454,3003,50737,2203,28717,0,0,4237,49019,963,15226,4239,64245,California
Sacramento,2021-01-22,5004,84458,2672,53409,2332,31049,0,0,4702,53421,301,15527,4703,68948,California
Sacramento,2021-01-23,3741,88199,1563,54972,2178,33227,0,0,3281,56242,460,15987,3281,72229,California
Sacramento,2021-01-24,1610,89809,1003,55975,607,33834,0,0,1369,57371,241,16228,1370,73599,California
Sacramento,2021-01-25,4418,94227,2166,58141,2252,36086,0,0,2946,58847,1472,17700,2948,76547,California
Sacramento,2021-01-26,4730,98957,2143,60284,2587,38673,0,0,3529,61179,1199,18899,3531,80078,California
Sacramento,2021-01-27,5807,104764,3046,63330,2761,41434,0,0,4198,63773,1606,20505,4200,84278,California
Sacramento,2021-01-28,5381,110145,2728,66058,2653,44087,0,0,4281,66956,1099,21604,4282,88560,California
Sacramento,2021-01-29,5399,115544,2939,68997,2460,46547,0,0,4375,70316,1015,22619,4375,92935,California
Sacramento,2021-01-30,4505,120049,2197,71194,2308,48855,0,0,4076,73965,427,23046,4076,97011,California
Sacramento,2021-01-31,2316,122365,2022,73216,294,49149,0,0,2041,75735,273,23319,2043,99054,California
Sacramento,2021-02-01,5938,128303,3035,76251,2903,52052,0,0,4255,78311,1679,24998,4255,103309,California
Sacramento,2021-02-02,6926,135229,3757,80008,3169,55221,0,0,4796,80997,2112,27110,4798,108107,California
Sacramento,2021-02-03,7147,142376,3602,83610,3545,58766,0,0,5283,84427,1855,28965,5285,113392,California
Sacramento,2021-02-04,7749,150125,3667,87277,4082,62848,0,0,5505,87697,2235,31200,5505,118897,California
Sacramento,2021-02-05,7849,157974,4482,91759,3367,66215,0,0,4914,89702,2912,34112,4917,123814,California
Sacramento,2021-02-06,8478,166452,3486,95245,4992,71207,0,0,7123,95473,1353,35465,7124,130938,California
Sacramento,2021-02-07,4063,170515,2176,97421,1887,73094,0,0,2857,97131,1201,36666,2859,133797,California
Sacramento,2021-02-08,6232,176747,3241,100662,2991,76085,0,0,3898,98699,2330,38996,3898,137695,California
Sacramento,2021-02-09,6771,183518,3554,104216,3217,79302,0,0,3993,99924,2769,41765,3994,141689,California
Sacramento,2021-02-10,7698,191216,4209,108425,3489,82791,0,0,4541,101323,3144,44909,4543,146232,California
Sacramento,2021-02-11,9592,200808,5724,114149,3868,86659,0,0,5504,102756,4073,48982,5506,151738,California
Sacramento,2021-02-12,10677,211485,4142,118291,6535,93194,0,0,6406,104955,4210,53192,6409,158147,California
Sacramento,2021-02-13,7670,219155,2980,121271,4690,97884,0,0,6086,109461,1581,54773,6087,164234,California
Sacramento,2021-02-14,3170,222325,1951,123222,1219,99103,0,0,2087,110471,1081,55854,2091,166325,California
Sacramento,2021-02-15,5992,228317,2046,125268,3946,103049,0,0,4165,112817,1821,57675,4167,170492,California
Sacramento,2021-02-16,9235,237552,4206,129474,5029,108078,0,0,5318,114229,3910,61585,5322,175814,California
Sacramento,2021-02-17,8841,246393,4988,134462,3853,111931,0,0,5144,115689,3686,65271,5146,180960,California
Sacramento,2021-02-18,9556,255949,5718,140180,3838,115769,0,0,5704,117552,3844,69115,5707,186667,California
Sacramento,2021-02-19,10010,265959,6139,146319,3871,119640,0,0,5914,119387,4085,73200,5920,192587,California
Sacramento,2021-02-20,7752,273711,5726,152045,2026,121666,0,0,4693,121028,3053,76253,4694,197281,California
Sacramento,2021-02-21,2969,276680,2359,154404,610,122276,0,0,1040,120145,1923,78176,1040,198321,California
Sacramento,2021-02-22,6195,282875,3753,158157,2442,124718,0,0,2688,119341,3496,81672,2692,201013,California
Sacramento,2021-02-23,7147,290022,4443,162600,2704,127422,0,0,3469,119152,3662,85334,3473,204486,California
Sacramento,2021-02-24,9669,299691,5305,167905,4364,131786,0,0,5263,120029,4390,89724,5267,209753,California
Sacramento,2021-02-25,10931,310622,6235,174140,4696,136482,0,0,6410,121932,4507,94231,6410,216163,California
Sacramento,2021-02-26,13928,324550,6477,180617,7451,143933,0,0,9591,127219,4307,98538,9594,225757,California
Sacramento,2021-02-27,10832,335382,6733,187350,4096,148029,3,3,7961,132335,2848,101386,7964,233721,California
Sacramento,2021-02-28,5634,341016,2236,189586,3398,151427,0,3,2599,131914,3021,104407,2600,236321,California
Sacramento,2021-03-01,8069,349085,3487,193073,4581,156008,1,4,4361,132591,3687,108094,4364,240685,California
Sacramento,2021-03-02,9286,358371,4045,197118,5240,161248,1,5,5713,134752,3556,111650,5717,246402,California
Sacramento,2021-03-03,10960,369331,5016,202134,5941,167189,3,8,6541,136900,4398,116048,6546,252948,California
Sacramento,2021-03-04,13433,382764,6186,208320,7243,174432,4,12,7472,138452,5930,121978,7482,260430,California
Sacramento,2021-03-05,10609,393373,4902,213222,5677,180109,30,42,7052,141998,3536,125514,7082,267512,California
Sacramento,2021-03-06,8112,401485,3116,216338,4874,184983,122,164,4114,142250,3983,129497,4235,271747,California
Sacramento,2021-03-07,7604,409089,2210,218548,5307,190290,87,251,3744,142224,3855,133352,3829,275576,California
Sacramento,2021-03-08,9119,418208,4258,222806,4636,194926,225,476,5976,145293,3130,136482,6199,281775,California
Sacramento,2021-03-09,9595,427803,4562,227368,4743,199669,290,766,5523,147051,4056,140538,5814,287589,California
Sacramento,2021-03-10,11753,439556,7500,234868,3897,203566,356,1122,6870,149429,4849,145387,7227,294816,California
Sacramento,2021-03-11,15027,454583,9972,244840,4243,207809,812,1934,8935,153123,6052,151439,9746,304562,California
Sacramento,2021-03-12,18004,472587,8316,253156,8828,216637,860,2794,8845,153728,9109,160548,9714,314276,California
Sacramento,2021-03-13,12963,485550,3570,256726,8968,225605,425,3219,7867,156931,5085,165633,8288,322564,California
Sacramento,2021-03-14,8382,493932,3466,260192,4286,229891,630,3849,4466,158134,3892,169525,5095,327659,California
Sacramento,2021-03-15,12197,506129,4829,265021,6706,236597,662,4511,7092,160805,5084,174609,7755,335414,California
Sacramento,2021-03-16,13990,520119,6210,271231,7133,243730,647,5158,8642,164774,5315,179924,9284,344698,California
Sacramento,2021-03-17,13681,533800,6580,277811,6466,250196,635,5793,8824,169404,4833,184757,9463,354161,California
Sacramento,2021-03-18,15682,549482,8229,286040,6865,257061,588,6381,10119,174579,5532,190289,10707,364868,California
Sacramento,2021-03-19,15601,565083,7969,294009,6259,263320,1373,7754,8130,176635,7444,197733,9500,374368,California
Sacramento,2021-03-20,12899,577982,7541,301550,5018,268338,340,8094,8153,180413,4717,202450,8495,382863,California
Sacramento,2021-03-21,5597,583579,2753,304303,2805,271143,39,8133,4942,184753,643,203093,4983,387846,California
Sacramento,2021-03-22,9391,592970,4813,309116,3724,274867,854,8987,6295,188833,3069,206162,7149,394995,California
Sacramento,2021-03-23,11341,604311,6757,315873,3776,278643,808,9795,7313,192964,3988,210150,8119,403114,California
Sacramento,2021-03-24,11873,616184,7273,323146,3969,282612,631,10426,6763,195330,5029,215179,7395,410509,California
Sacramento,2021-03-25,14159,630343,8361,331507,4972,287584,826,11252,8576,199191,5538,220717,9399,419908,California
Sacramento,2021-03-26,18261,648604,8942,340449,8831,296415,488,11740,9232,199952,8961,229678,9722,429630,California
Sacramento,2021-03-27,9696,658300,3573,344022,5833,302248,290,12030,5214,201002,4450,234128,5500,435130,California
Sacramento,2021-03-28,6531,664831,3219,347241,3064,305312,248,12278,3122,200976,3399,237527,3373,438503,California
Sacramento,2021-03-29,11010,675841,5897,353138,4742,310054,371,12649,5207,200781,5775,243302,5580,444083,California
Sacramento,2021-03-30,11847,687688,6084,359222,5372,315426,391,13040,6033,201413,5792,249094,6424,450507,California
Sacramento,2021-03-31,13438,701126,7854,367076,5189,320615,395,13435,5680,199751,7730,256824,6068,456575,California
Sacramento,2021-04-01,17377,718503,10448,377524,6706,327321,223,13658,7338,197317,10001,266825,7567,464142,California
Sacramento,2021-04-02,17080,735583,9674,387198,6672,333993,734,14392,8988,198982,8061,274886,9726,473868,California
Sacramento,2021-04-03,10411,745994,6205,393403,3655,337648,551,14943,6402,201952,3981,278867,6951,480819,California
Sacramento,2021-04-04,3703,749697,1527,394930,1985,339633,191,15134,1457,201357,2241,281108,1646,482465,California
Sacramento,2021-04-05,12042,761739,7558,402488,3652,343285,832,15966,5389,200954,6618,287726,6215,488680,California
Sacramento,2021-04-06,15584,777323,8851,411339,5405,348690,1328,17294,6896,200520,8655,296381,8221,496901,California
Sacramento,2021-04-07,14752,792075,7988,419327,5185,353875,1579,18873,7138,201656,7579,303960,8715,505616,California
Sacramento,2021-04-08,14925,807000,6698,426025,5275,359150,2952,21825,5929,201560,8964,312924,8868,514484,California
Sacramento,2021-04-09,18107,825107,9260,435285,6661,365811,2186,24011,7323,200314,10747,323671,9501,523985,California
Sacramento,2021-04-10,12569,837676,3821,439106,7542,373353,1206,25217,5098,199148,7445,331116,6279,530264,California
Sacramento,2021-04-11,10719,848395,4320,443426,6175,379528,224,25441,3792,196261,6902,338018,4015,534279,California
Sacramento,2021-04-12,12897,861292,5015,448441,6020,385548,1862,27303,4930,195130,7908,345926,6777,541056,California
Sacramento,2021-04-13,16224,877516,9930,458371,6290,391838,4,27307,7550,194040,8647,354573,7557,548613,California
Sacramento,2021-04-14,14894,892410,7942,466313,6950,398788,2,27309,5892,190963,8974,363547,5897,554510,California
Sacramento,2021-04-15,16304,908714,8390,474703,7912,406700,2,27311,6610,187921,9656,373203,6614,561124,California
Sacramento,2021-04-16,17366,926080,9601,484304,7765,414465,0,27311,7867,186328,9462,382665,7869,568993,California
Sacramento,2021-04-17,15251,941331,6136,490440,9115,423580,0,27311,11039,193180,4192,386857,11044,580037,California
Sacramento,2021-04-18,8432,949763,3067,493507,5365,428945,0,27311,3735,192235,4681,391538,3736,583773,California
Sacramento,2021-04-19,10570,960333,5710,499217,4855,433800,5,27316,4691,191074,5859,397397,4698,588471,California
Sacramento,2021-04-20,11099,971432,6744,505961,4352,438152,3,27319,5909,191818,5172,402569,5916,594387,California
Sacramento,2021-04-21,11463,982895,6624,512585,4837,442989,2,27321,6210,192800,5231,407800,6213,600600,California
Sacramento,2021-04-22,14799,997694,9889,522474,4906,447895,4,27325,6813,191663,7956,415756,6819,607419,California
Sacramento,2021-04-23,15809,1013503,9991,532465,5818,453713,0,27325,7331,190552,8443,424199,7332,614751,California
Sacramento,2021-04-24,11307,1024810,7002,539467,4304,458017,1,27326,5924,191132,5346,429545,5926,620677,California
Sacramento,2021-04-25,7981,1032791,4483,543950,3498,461515,0,27326,4161,191487,3807,433352,4162,624839,California
Sacramento,2021-04-26,10222,1043013,6424,550374,3773,465288,25,27351,4692,190701,5504,438856,4718,629557,California
Sacramento,2021-04-27,11622,1054635,7634,558008,3868,469156,120,27471,5626,190481,5967,444823,5747,635304,California
Sacramento,2021-04-28,10009,1064644,5712,563720,4095,473251,202,27673,5359,191426,4622,449445,5567,640871,California
Sacramento,2021-04-29,10180,1074824,6809,570529,3067,476318,304,27977,5356,192296,4790,454235,5660,646531,California
Sacramento,2021-04-30,12416,1087240,7796,578325,4358,480676,262,28239,5862,191911,6510,460745,6125,652656,California
Sacramento,2021-05-01,7560,1094800,5467,583792,1919,482595,174,28413,2749,190057,4777,465522,2923,655579,California
Sacramento,2021-05-02,3821,1098621,3167,586959,546,483141,108,28521,2165,190690,1638,467160,2271,657850,California
Sacramento,2021-05-03,9087,1107708,7269,594228,1537,484678,281,28802,3939,189781,5124,472284,4215,662065,California
Sacramento,2021-05-04,9357,1117065,5686,599914,3360,488038,311,29113,3781,188338,5534,477818,4091,666156,California
Sacramento,2021-05-05,10953,1128018,5910,605824,4592,492630,451,29564,4417,186705,6496,484314,4863,671019,California
Sacramento,2021-05-06,11159,1139177,6188,612012,4669,497299,302,29866,4628,185410,6223,490537,4928,675947,California
Sacramento,2021-05-07,10595,1149772,6160,618172,4060,501359,375,30241,4469,184178,6077,496614,4845,680792,California
Sacramento,2021-05-08,8157,1157929,3815,621987,4113,505472,229,30470,2702,181685,5419,502033,2926,683718,California
Sacramento,2021-05-09,3164,1161093,1653,623640,1399,506871,112,30582,1189,181025,1961,503994,1301,685019,California
Sacramento,2021-05-10,8057,1169150,3727,627367,4063,510934,267,30849,1981,177227,6047,510041,2249,687268,California
Sacramento,2021-05-11,8057,1177207,5028,632395,2786,513720,243,31092,2783,175007,5244,515285,3024,690292,California
Sacramento,2021-05-12,8017,1185224,4763,637158,3017,516737,237,31329,2738,172733,5248,520533,2974,693266,California
Sacramento,2021-05-13,10849,1196073,6919,644077,3689,520426,241,31570,4093,170351,6722,527255,4340,697606,California
Sacramento,2021-05-14,12131,1208204,6859,650936,4986,525412,286,31856,5011,168581,7066,534321,5296,702902,California
Sacramento,2021-05-15,13037,1221241,7887,658823,5010,530422,140,31996,5794,167305,7207,541528,5931,708833,California
Sacramento,2021-05-16,5863,1227104,4056,662879,1701,532123,106,32102,2053,165677,3788,545316,2160,710993,California
Sacramento,2021-05-17,10251,1237355,6261,669140,3710,535833,280,32382,4034,163808,6187,551503,4318,715311,California
Sacramento,2021-05-18,9616,1246971,6063,675203,3346,539179,207,32589,3812,162064,5767,557270,4023,719334,California
Sacramento,2021-05-19,9508,1256479,6025,681228,3227,542406,256,32845,4405,161668,5061,562331,4665,723999,California
Sacramento,2021-05-20,8790,1265269,5998,687226,2593,544999,199,33044,3926,160973,4821,567152,4126,728125,California
Sacramento,2021-05-21,9189,1274458,6048,693274,2890,547889,251,33295,4191,160458,4967,572119,4452,732577,California
Sacramento,2021-05-22,5426,1279884,3587,696861,1715,549604,124,33419,2735,160642,2676,574795,2860,735437,California
Sacramento,2021-05-23,2248,1282132,1656,698517,542,550146,50,33469,1072,160603,1162,575957,1123,736560,California
San Benito,2020-12-16,29,29,29,29,0,0,0,0,29,29,0,0,29,29,California
San Benito,2020-12-17,31,60,31,60,0,0,0,0,31,60,0,0,31,60,California
San Benito,2020-12-18,32,92,32,92,0,0,0,0,32,92,0,0,32,92,California
San Benito,2020-12-19,47,139,47,139,0,0,0,0,47,139,0,0,47,139,California
San Benito,2020-12-20,23,162,23,162,0,0,0,0,23,162,0,0,23,162,California
San Benito,2020-12-21,48,210,48,210,0,0,0,0,48,210,0,0,48,210,California
San Benito,2020-12-22,65,275,65,275,0,0,0,0,65,275,0,0,65,275,California
San Benito,2020-12-23,48,323,36,311,12,12,0,0,48,323,0,0,48,323,California
San Benito,2020-12-24,12,335,4,315,8,20,0,0,12,335,0,0,12,335,California
San Benito,2020-12-25,4,339,4,319,0,20,0,0,4,339,0,0,4,339,California
San Benito,2020-12-26,13,352,4,323,9,29,0,0,13,352,0,0,13,352,California
San Benito,2020-12-27,8,360,7,330,1,30,0,0,8,360,0,0,8,360,California
San Benito,2020-12-28,63,423,36,366,27,57,0,0,63,423,0,0,63,423,California
San Benito,2020-12-29,50,473,21,387,29,86,0,0,50,473,0,0,50,473,California
San Benito,2020-12-30,59,532,37,424,22,108,0,0,59,532,0,0,59,532,California
San Benito,2020-12-31,19,551,2,426,17,125,0,0,19,551,0,0,19,551,California
San Benito,2021-01-02,25,576,24,450,1,126,0,0,25,576,0,0,25,576,California
San Benito,2021-01-03,3,579,1,451,2,128,0,0,3,579,0,0,3,579,California
San Benito,2021-01-04,62,641,23,474,39,167,0,0,62,641,0,0,62,641,California
San Benito,2021-01-05,119,760,37,511,82,249,0,0,116,754,3,3,116,757,California
San Benito,2021-01-06,98,858,42,553,56,305,0,0,84,824,14,17,84,841,California
San Benito,2021-01-07,80,938,43,596,37,342,0,0,52,848,28,45,52,893,California
San Benito,2021-01-08,132,1070,68,664,64,406,0,0,88,892,44,89,88,981,California
San Benito,2021-01-09,43,1113,30,694,13,419,0,0,30,909,13,102,30,1011,California
San Benito,2021-01-10,16,1129,14,708,2,421,0,0,5,903,11,113,5,1016,California
San Benito,2021-01-11,100,1229,59,767,41,462,0,0,47,897,53,166,47,1063,California
San Benito,2021-01-12,156,1385,53,820,103,565,0,0,120,981,36,202,120,1183,California
San Benito,2021-01-13,191,1576,35,855,156,721,0,0,164,1118,27,229,164,1347,California
San Benito,2021-01-14,116,1692,23,878,93,814,0,0,99,1200,17,246,99,1446,California
San Benito,2021-01-15,216,1908,21,899,195,1009,0,0,202,1388,14,260,202,1648,California
San Benito,2021-01-16,27,1935,9,908,18,1027,0,0,21,1403,6,266,21,1669,California
San Benito,2021-01-17,11,1946,5,913,6,1033,0,0,8,1408,3,269,8,1677,California
San Benito,2021-01-18,36,1982,23,936,13,1046,0,0,21,1414,15,284,21,1698,California
San Benito,2021-01-19,152,2134,65,1001,87,1133,0,0,125,1512,27,311,125,1823,California
San Benito,2021-01-20,275,2409,94,1095,181,1314,0,0,229,1696,45,356,229,2052,California
San Benito,2021-01-21,125,2534,32,1127,93,1407,0,0,100,1771,25,381,100,2152,California
San Benito,2021-01-22,233,2767,19,1146,214,1621,0,0,223,1984,10,391,223,2375,California
San Benito,2021-01-23,31,2798,17,1163,14,1635,0,0,13,1979,18,409,13,2388,California
San Benito,2021-01-24,11,2809,3,1166,8,1643,0,0,7,1982,4,413,7,2395,California
San Benito,2021-01-25,66,2875,25,1191,41,1684,0,0,20,1956,46,459,20,2415,California
San Benito,2021-01-26,138,3013,41,1232,97,1781,0,0,85,1988,53,512,85,2500,California
San Benito,2021-01-27,229,3242,69,1301,160,1941,0,0,189,2137,40,552,189,2689,California
San Benito,2021-01-28,155,3397,32,1333,123,2064,0,0,123,2229,31,583,123,2812,California
San Benito,2021-01-29,286,3683,31,1364,255,2319,0,0,263,2470,22,605,263,3075,California
San Benito,2021-01-30,50,3733,32,1396,18,2337,0,0,27,2474,23,628,27,3102,California
San Benito,2021-01-31,16,3749,5,1401,11,2348,0,0,11,2480,5,633,11,3113,California
San Benito,2021-02-01,133,3882,28,1429,105,2453,0,0,89,2525,44,677,89,3202,California
San Benito,2021-02-02,227,4109,49,1478,178,2631,0,0,137,2572,90,767,137,3339,California
San Benito,2021-02-03,339,4448,42,1520,297,2928,0,0,274,2781,65,832,274,3613,California
San Benito,2021-02-04,164,4612,24,1544,140,3068,0,0,120,2857,44,876,120,3733,California
San Benito,2021-02-05,292,4904,40,1584,252,3320,0,0,229,3023,63,939,229,3962,California
San Benito,2021-02-06,48,4952,8,1592,40,3360,0,0,31,3037,17,956,31,3993,California
San Benito,2021-02-07,16,4968,8,1600,8,3368,0,0,15,3051,1,957,15,4008,California
San Benito,2021-02-08,139,5107,16,1616,123,3491,0,0,93,3098,46,1003,93,4101,California
San Benito,2021-02-09,326,5433,63,1679,263,3754,0,0,194,3160,132,1135,194,4295,California
San Benito,2021-02-10,322,5755,89,1768,233,3987,0,0,113,3065,208,1343,113,4408,California
San Benito,2021-02-11,299,6054,33,1801,266,4253,0,0,201,3168,98,1441,201,4609,California
San Benito,2021-02-12,414,6468,31,1832,383,4636,0,0,208,3171,205,1646,208,4817,California
San Benito,2021-02-13,56,6524,7,1839,49,4685,0,0,43,3201,13,1659,43,4860,California
San Benito,2021-02-14,40,6564,5,1844,35,4720,0,0,30,3221,10,1669,30,4890,California
San Benito,2021-02-15,106,6670,10,1854,96,4816,0,0,95,3305,11,1680,95,4985,California
San Benito,2021-02-16,207,6877,11,1865,196,5012,0,0,102,3302,105,1785,102,5087,California
San Benito,2021-02-17,328,7205,29,1894,299,5311,0,0,279,3532,49,1834,279,5366,California
San Benito,2021-02-18,293,7498,37,1931,256,5567,0,0,71,3381,222,2056,71,5437,California
San Benito,2021-02-19,346,7844,47,1978,299,5866,0,0,180,3395,166,2222,180,5617,California
San Benito,2021-02-20,45,7889,26,2004,19,5885,0,0,36,3422,9,2231,36,5653,California
San Benito,2021-02-21,24,7913,8,2012,16,5901,0,0,14,3426,10,2241,14,5667,California
San Benito,2021-02-22,135,8048,36,2048,99,6000,0,0,101,3494,33,2274,101,5768,California
San Benito,2021-02-23,379,8427,94,2142,285,6285,0,0,263,3641,116,2390,263,6031,California
San Benito,2021-02-24,378,8805,65,2207,313,6598,0,0,239,3741,139,2529,239,6270,California
San Benito,2021-02-25,394,9199,64,2271,330,6928,0,0,273,3891,123,2652,273,6543,California
San Benito,2021-02-26,642,9841,72,2343,570,7498,0,0,398,4045,244,2896,398,6941,California
San Benito,2021-02-27,100,9941,39,2382,61,7559,0,0,86,4117,14,2910,86,7027,California
San Benito,2021-02-28,247,10188,23,2405,224,7783,0,0,238,4346,9,2919,238,7265,California
San Benito,2021-03-01,225,10413,58,2463,167,7950,0,0,155,4430,71,2990,155,7420,California
San Benito,2021-03-02,279,10692,93,2556,186,8136,0,0,209,4569,70,3060,209,7629,California
San Benito,2021-03-03,402,11094,59,2615,343,8479,0,0,224,4617,176,3236,224,7853,California
San Benito,2021-03-04,616,11710,127,2742,474,8953,15,15,432,4869,184,3420,436,8289,California
San Benito,2021-03-05,585,12295,306,3048,267,9220,12,27,375,5047,209,3629,387,8676,California
San Benito,2021-03-06,194,12489,70,3118,110,9330,14,41,142,5151,52,3681,156,8832,California
San Benito,2021-03-07,649,13138,605,3723,22,9352,22,63,617,5758,32,3713,639,9471,California
San Benito,2021-03-08,289,13427,67,3790,176,9528,46,109,167,5849,122,3835,213,9684,California
San Benito,2021-03-09,425,13852,84,3874,242,9770,99,208,139,5775,285,4120,211,9895,California
San Benito,2021-03-10,403,14255,113,3987,194,9964,96,304,231,5930,172,4292,327,10222,California
San Benito,2021-03-11,472,14727,120,4107,198,10162,154,458,208,6028,264,4556,362,10584,California
San Benito,2021-03-12,514,15241,118,4225,302,10464,94,552,229,6069,283,4839,324,10908,California
San Benito,2021-03-13,203,15444,102,4327,83,10547,18,570,129,6145,71,4910,147,11055,California
San Benito,2021-03-14,232,15676,40,4367,172,10719,20,590,180,6294,51,4961,200,11255,California
San Benito,2021-03-15,324,16000,100,4467,205,10924,19,609,190,6369,134,5095,209,11464,California
San Benito,2021-03-16,500,16500,220,4687,249,11173,31,640,351,6601,149,5244,381,11845,California
San Benito,2021-03-17,791,17291,477,5164,292,11465,22,662,561,6950,226,5470,575,12420,California
San Benito,2021-03-18,789,18080,527,5691,207,11672,55,717,573,7355,214,5684,619,13039,California
San Benito,2021-03-19,781,18861,404,6095,354,12026,23,740,580,7757,201,5885,603,13642,California
San Benito,2021-03-20,246,19107,152,6247,82,12108,12,752,187,7897,59,5944,199,13841,California
San Benito,2021-03-21,109,19216,56,6303,48,12156,5,757,82,7957,27,5971,87,13928,California
San Benito,2021-03-22,351,19567,171,6474,155,12311,25,782,224,8079,127,6098,249,14177,California
San Benito,2021-03-23,480,20047,202,6676,268,12579,10,792,218,8044,262,6360,227,14404,California
San Benito,2021-03-24,575,20622,305,6981,263,12842,7,799,361,8199,213,6573,368,14772,California
San Benito,2021-03-25,743,21365,441,7422,298,13140,4,803,441,8346,298,6871,445,15217,California
San Benito,2021-03-26,1020,22385,518,7940,498,13638,4,807,340,8011,679,7550,344,15561,California
San Benito,2021-03-27,335,22720,186,8126,116,13754,33,840,215,8140,119,7669,248,15809,California
San Benito,2021-03-28,732,23452,608,8734,119,13873,5,845,128,7669,604,8273,133,15942,California
San Benito,2021-03-29,344,23796,109,8843,215,14088,20,865,149,7642,195,8468,168,16110,California
San Benito,2021-03-30,577,24373,273,9116,210,14298,94,959,292,7743,285,8753,386,16496,California
San Benito,2021-03-31,596,24969,366,9482,206,14504,24,983,342,7858,251,9004,366,16862,California
San Benito,2021-04-01,945,25914,382,9864,525,15029,38,1021,566,8078,378,9382,598,17460,California
San Benito,2021-04-02,542,26456,263,10127,144,15173,135,1156,267,8206,275,9657,403,17863,California
San Benito,2021-04-03,254,26710,88,10215,104,15277,62,1218,75,8164,179,9836,137,18000,California
San Benito,2021-04-04,143,26853,108,10323,30,15307,5,1223,106,8238,37,9873,111,18111,California
San Benito,2021-04-05,352,27205,170,10493,140,15447,42,1265,143,8213,209,10082,184,18295,California
San Benito,2021-04-06,467,27672,163,10656,126,15573,178,1443,159,8242,308,10390,337,18632,California
San Benito,2021-04-07,941,28613,527,11183,225,15798,189,1632,266,8025,673,11063,456,19088,California
San Benito,2021-04-08,859,29472,430,11613,177,15975,252,1884,224,7867,634,11697,476,19564,California
San Benito,2021-04-09,837,30309,495,12108,252,16227,90,1974,289,7698,548,12245,379,19943,California
San Benito,2021-04-10,329,30638,199,12307,72,16299,58,2032,181,7789,148,12393,239,20182,California
San Benito,2021-04-11,469,31107,269,12576,166,16465,34,2066,262,7858,207,12600,276,20458,California
San Benito,2021-04-12,530,31637,285,12861,133,16598,112,2178,278,7993,251,12851,386,20844,California
San Benito,2021-04-13,754,32391,292,13153,439,17037,23,2201,522,8308,231,13082,546,21390,California
San Benito,2021-04-14,832,33223,654,13807,178,17215,0,2201,395,8271,432,13514,395,21785,California
San Benito,2021-04-15,941,34164,733,14540,207,17422,1,2202,469,8270,471,13985,470,22255,California
San Benito,2021-04-16,703,34867,367,14907,327,17749,9,2211,295,8170,405,14390,305,22560,California
San Benito,2021-04-17,319,35186,226,15133,93,17842,0,2211,130,8109,191,14581,130,22690,California
San Benito,2021-04-18,490,35676,409,15542,81,17923,0,2211,236,8093,254,14835,238,22928,California
San Benito,2021-04-19,736,36412,590,16132,146,18069,0,2211,416,8191,319,15154,417,23345,California
San Benito,2021-04-20,768,37180,398,16530,368,18437,2,2213,486,8401,277,15431,487,23832,California
San Benito,2021-04-21,953,38133,702,17232,251,18688,0,2213,513,8488,426,15857,513,24345,California
San Benito,2021-04-22,896,39029,691,17923,205,18893,0,2213,565,8730,323,16180,565,24910,California
San Benito,2021-04-23,635,39664,397,18320,237,19130,1,2214,342,8828,244,16424,342,25252,California
San Benito,2021-04-24,359,40023,203,18523,156,19286,0,2214,168,8844,152,16576,168,25420,California
San Benito,2021-04-25,205,40228,127,18650,78,19364,0,2214,95,8847,92,16668,95,25515,California
San Benito,2021-04-26,479,40707,383,19033,96,19460,0,2214,253,8934,166,16834,253,25768,California
San Benito,2021-04-27,536,41243,277,19310,252,19712,7,2221,401,9217,125,16959,408,26176,California
San Benito,2021-04-28,540,41783,384,19694,147,19859,9,2230,378,9446,157,17116,386,26562,California
San Benito,2021-04-29,623,42406,230,19924,383,20242,10,2240,245,9341,377,17493,272,26834,California
San Benito,2021-04-30,376,42782,208,20132,161,20403,7,2247,202,9378,172,17665,209,27043,California
San Benito,2021-05-01,195,42977,143,20275,44,20447,8,2255,65,9323,128,17793,73,27116,California
San Benito,2021-05-02,189,43166,161,20436,24,20471,4,2259,58,9254,131,17924,62,27178,California
San Benito,2021-05-03,354,43520,280,20716,65,20536,9,2268,84,9079,270,18194,95,27273,California
San Benito,2021-05-04,403,43923,243,20959,152,20688,8,2276,148,8981,253,18447,155,27428,California
San Benito,2021-05-05,600,44523,422,21381,162,20850,16,2292,209,8817,389,18836,225,27653,California
San Benito,2021-05-06,611,45134,484,21865,112,20962,15,2307,221,8666,387,19223,236,27889,California
San Benito,2021-05-07,446,45580,283,22148,153,21115,10,2317,171,8577,273,19496,184,28073,California
San Benito,2021-05-08,276,45856,225,22373,46,21161,5,2322,158,8622,118,19614,163,28236,California
San Benito,2021-05-09,100,45956,75,22448,22,21183,3,2325,48,8621,52,19666,51,28287,California
San Benito,2021-05-10,409,46365,323,22771,62,21245,24,2349,51,8339,358,20024,76,28363,California
San Benito,2021-05-11,801,47166,401,23172,387,21632,13,2362,177,7908,622,20646,191,28554,California
San Benito,2021-05-12,480,47646,386,23558,82,21714,12,2374,111,7665,367,21013,124,28678,California
San Benito,2021-05-13,658,48304,564,24122,84,21798,10,2384,166,7351,489,21502,175,28853,California
San Benito,2021-05-14,594,48898,438,24560,149,21947,7,2391,231,7227,362,21864,238,29091,California
San Benito,2021-05-15,221,49119,164,24724,50,21997,7,2398,125,7263,96,21960,132,29223,California
San Benito,2021-05-16,158,49277,130,24854,26,22023,2,2400,91,7289,67,22027,93,29316,California
San Benito,2021-05-17,377,49654,307,25161,61,22084,9,2409,175,7272,201,22228,184,29500,California
San Benito,2021-05-18,662,50316,345,25506,312,22396,5,2414,206,7028,456,22684,212,29712,California
San Benito,2021-05-19,560,50876,413,25919,139,22535,8,2422,233,6943,326,23010,241,29953,California
San Benito,2021-05-20,561,51437,453,26372,97,22632,11,2433,309,7012,251,23261,320,30273,California
San Benito,2021-05-21,420,51857,255,26627,151,22783,14,2447,201,7009,218,23479,215,30488,California
San Benito,2021-05-22,183,52040,157,26784,23,22806,3,2450,121,7071,62,23541,124,30612,California
San Benito,2021-05-23,31,52071,12,26796,14,22820,5,2455,7,7058,24,23565,11,30623,California
San Bernardino,2020-12-15,13,13,13,13,0,0,0,0,13,13,0,0,13,13,California
San Bernardino,2020-12-16,112,125,112,125,0,0,0,0,112,125,0,0,112,125,California
San Bernardino,2020-12-17,2367,2492,2367,2492,0,0,0,0,2367,2492,0,0,2367,2492,California
San Bernardino,2020-12-18,3150,5642,3147,5639,3,3,0,0,3151,5643,0,0,3151,5643,California
San Bernardino,2020-12-19,1070,6712,1069,6708,1,4,0,0,1071,6714,0,0,1071,6714,California
San Bernardino,2020-12-20,1178,7890,1175,7883,3,7,0,0,1178,7892,0,0,1178,7892,California
San Bernardino,2020-12-21,2456,10346,2451,10334,5,12,0,0,2456,10348,0,0,2456,10348,California
San Bernardino,2020-12-22,2276,12622,2148,12482,128,140,0,0,2277,12625,0,0,2277,12625,California
San Bernardino,2020-12-23,2664,15286,1462,13944,1202,1342,0,0,2662,15287,0,0,2662,15287,California
San Bernardino,2020-12-24,1159,16445,582,14526,577,1919,0,0,1161,16448,0,0,1161,16448,California
San Bernardino,2020-12-25,75,16520,14,14540,61,1980,0,0,75,16523,0,0,75,16523,California
San Bernardino,2020-12-26,462,16982,254,14794,208,2188,0,0,462,16985,0,0,462,16985,California
San Bernardino,2020-12-27,344,17326,161,14955,183,2371,0,0,344,17329,0,0,344,17329,California
San Bernardino,2020-12-28,1570,18896,712,15667,858,3229,0,0,1571,18900,0,0,1571,18900,California
San Bernardino,2020-12-29,2212,21108,1042,16709,1170,4399,0,0,2212,21112,0,0,2212,21112,California
San Bernardino,2020-12-30,2893,24001,1458,18167,1435,5834,0,0,2894,24006,0,0,2894,24006,California
San Bernardino,2020-12-31,1357,25358,439,18606,918,6752,0,0,1355,25361,0,0,1355,25361,California
San Bernardino,2021-01-01,284,25642,151,18757,133,6885,0,0,283,25644,0,0,283,25644,California
San Bernardino,2021-01-02,475,26117,338,19095,137,7022,0,0,475,26119,0,0,475,26119,California
San Bernardino,2021-01-03,136,26253,86,19181,50,7072,0,0,136,26255,0,0,136,26255,California
San Bernardino,2021-01-04,2122,28375,1285,20466,837,7909,0,0,2121,28376,0,0,2121,28376,California
San Bernardino,2021-01-05,2334,30709,1459,21925,875,8784,0,0,2224,30491,109,109,2224,30600,California
San Bernardino,2021-01-06,3436,34145,2348,24273,1088,9872,0,0,2938,32938,492,601,2939,33539,California
San Bernardino,2021-01-07,5417,39562,4503,28776,914,10786,0,0,2467,32474,2931,3532,2467,36006,California
San Bernardino,2021-01-08,5367,44929,4446,33222,921,11707,0,0,2287,31686,3076,6608,2288,38294,California
San Bernardino,2021-01-09,1403,46332,1100,34322,303,12010,0,0,905,32093,498,7106,905,39199,California
San Bernardino,2021-01-10,1025,47357,597,34919,428,12438,0,0,576,32220,449,7555,576,39775,California
San Bernardino,2021-01-11,4985,52342,4077,38996,908,13346,0,0,2768,32775,2213,9768,2768,42543,California
San Bernardino,2021-01-12,4225,56567,3210,42206,1015,14361,0,0,2510,33571,1714,11482,2510,45053,California
San Bernardino,2021-01-13,4570,61137,2848,45054,1722,16083,0,0,3348,35710,1210,12692,3349,48402,California
San Bernardino,2021-01-14,4816,65953,2839,47893,1977,18060,0,0,4235,39368,577,13269,4235,52637,California
San Bernardino,2021-01-15,5965,71918,2952,50845,3013,21073,0,0,5567,44550,388,13657,5570,58207,California
San Bernardino,2021-01-16,2255,74173,1287,52132,968,22041,0,0,2113,46521,142,13799,2113,60320,California
San Bernardino,2021-01-17,1183,75356,508,52640,675,22716,0,0,1100,47541,82,13881,1102,61422,California
San Bernardino,2021-01-18,4266,79622,2635,55275,1631,24347,0,0,3642,50563,623,14504,3645,65067,California
San Bernardino,2021-01-19,6311,85933,3705,58980,2606,26953,0,0,5225,54706,1084,15588,5227,70294,California
San Bernardino,2021-01-20,6839,92772,3764,62744,3075,30028,0,0,4891,57659,1940,17528,4893,75187,California
San Bernardino,2021-01-21,5988,98760,3076,65820,2912,32940,0,0,4869,61421,1110,18638,4872,80059,California
San Bernardino,2021-01-22,6526,105286,3051,68871,3475,36415,0,0,5802,66502,722,19360,5803,85862,California
San Bernardino,2021-01-23,3116,108402,1894,70765,1222,37637,0,0,2726,68839,389,19749,2726,88588,California
San Bernardino,2021-01-24,1195,109597,461,71226,734,38371,0,0,1094,69832,101,19850,1094,89682,California
San Bernardino,2021-01-25,6886,116483,3407,74633,3479,41850,0,0,5049,73050,1834,21684,5052,94734,California
San Bernardino,2021-01-26,7074,123557,3533,78166,3541,45391,0,0,4976,75930,2097,23781,4977,99711,California
San Bernardino,2021-01-27,8494,132051,4143,82309,4351,49742,0,0,5701,78846,2785,26566,5701,105412,California
San Bernardino,2021-01-28,8591,140642,4078,86387,4513,54255,0,0,6271,82802,2315,28881,6271,111683,California
San Bernardino,2021-01-29,8194,148836,3769,90156,4425,58680,0,0,6222,87067,1958,30839,6223,117906,California
San Bernardino,2021-01-30,3092,151928,1900,92056,1192,59872,0,0,2803,89582,288,31127,2803,120709,California
San Bernardino,2021-01-31,923,152851,493,92549,430,60302,0,0,869,90398,53,31180,869,121578,California
San Bernardino,2021-02-01,7575,160426,4251,96800,3324,63626,0,0,4945,92717,2627,33807,4946,126524,California
San Bernardino,2021-02-02,10443,170869,3655,100455,6788,70414,0,0,8385,99049,2054,35861,8386,134910,California
San Bernardino,2021-02-03,9005,179874,4148,104603,4857,75271,0,0,6506,103065,2491,38352,6507,141417,California
San Bernardino,2021-02-04,10517,190391,5184,109787,5333,80604,0,0,7416,107391,3090,41442,7416,148833,California
San Bernardino,2021-02-05,11005,201396,5908,115695,5097,85701,0,0,7485,111368,3509,44951,7486,156319,California
San Bernardino,2021-02-06,5264,206660,2213,117908,3051,88752,0,0,3634,113399,1606,46557,3637,159956,California
San Bernardino,2021-02-07,842,207502,488,118396,354,89106,0,0,467,113495,372,46929,468,160424,California
San Bernardino,2021-02-08,7278,214780,3878,122274,3400,92506,0,0,5611,117441,1665,48594,5611,166035,California
San Bernardino,2021-02-09,10139,224919,5904,128178,4235,96741,0,0,6844,120995,3293,51887,6847,172882,California
San Bernardino,2021-02-10,12076,236995,6450,134628,5626,102367,0,0,7958,124847,4107,55994,7959,180841,California
San Bernardino,2021-02-11,12439,249434,7136,141764,5303,107670,0,0,7930,128294,4486,60480,7933,188774,California
San Bernardino,2021-02-12,10423,259857,5945,147709,4478,112148,0,0,5687,129262,4719,65199,5687,194461,California
San Bernardino,2021-02-13,6043,265900,4018,151727,2025,114173,0,0,3803,130846,2224,67423,3808,198269,California
San Bernardino,2021-02-14,1552,267452,649,152376,903,115076,0,0,874,131049,671,68094,874,199143,California
San Bernardino,2021-02-15,5475,272927,2995,155371,2480,117556,0,0,3060,131708,2401,70495,3060,202203,California
San Bernardino,2021-02-16,12611,285538,7379,162750,5232,122788,0,0,7971,135052,4628,75123,7972,210175,California
San Bernardino,2021-02-17,11798,297336,6460,169210,5338,128126,0,0,7145,137563,4636,79759,7147,217322,California
San Bernardino,2021-02-18,12476,309812,7583,176793,4893,133019,0,0,7702,140506,4760,84519,7703,225025,California
San Bernardino,2021-02-19,11512,321324,5933,182726,5579,138598,0,0,6815,142644,4677,89196,6815,231840,California
San Bernardino,2021-02-20,4522,325846,3470,186196,1052,139650,0,0,2041,142209,2478,91674,2043,233883,California
San Bernardino,2021-02-21,1128,326974,670,186866,458,140108,0,0,391,141863,737,92411,391,234274,California
San Bernardino,2021-02-22,8659,335633,5341,192207,3318,143426,0,0,4038,141292,4610,97021,4039,238313,California
San Bernardino,2021-02-23,9124,344757,5444,197651,3680,147106,0,0,4596,141384,4504,101525,4596,242909,California
San Bernardino,2021-02-24,12431,357188,7172,204823,5259,152365,0,0,6155,141284,6256,107781,6156,249065,California
San Bernardino,2021-02-25,13064,370252,6279,211102,6785,159150,0,0,7612,143464,5435,113216,7615,256680,California
San Bernardino,2021-02-26,13614,383866,6379,217481,7235,166385,0,0,7585,145084,5967,119183,7587,264267,California
San Bernardino,2021-02-27,6665,390531,3725,221206,2939,169324,1,1,4814,148057,1842,121025,4815,269082,California
San Bernardino,2021-02-28,1765,392296,732,221938,1033,170357,0,1,1138,148573,622,121647,1138,270220,California
San Bernardino,2021-03-01,8435,400731,4357,226295,4075,174432,3,4,3840,147851,4573,126220,3851,274071,California
San Bernardino,2021-03-02,13849,414580,5536,231831,8313,182745,0,4,6544,147123,7275,133495,6547,280618,California
San Bernardino,2021-03-03,12870,427450,6520,238351,6347,189092,3,7,6012,146307,6837,140332,6021,286639,California
San Bernardino,2021-03-04,13754,441204,6909,245260,6845,195937,0,7,5976,144530,7757,148089,5980,292619,California
San Bernardino,2021-03-05,14402,455606,7537,252797,6864,202801,1,8,7034,144246,7337,155426,7053,299672,California
San Bernardino,2021-03-06,9713,465319,5452,258249,4046,206847,215,223,4545,143853,5151,160577,4758,304430,California
San Bernardino,2021-03-07,1649,466968,1002,259251,590,207437,57,280,1047,144357,600,161177,1104,305534,California
San Bernardino,2021-03-08,8073,475041,3572,262823,4342,211779,159,439,3593,143640,4472,165649,3755,309289,California
San Bernardino,2021-03-09,13074,488115,7485,270308,5345,217124,244,683,5275,141375,7785,173434,5520,314809,California
San Bernardino,2021-03-10,14202,502317,7845,278153,5801,222925,556,1239,6355,140468,7821,181255,6914,321723,California
San Bernardino,2021-03-11,15569,517886,7195,285348,6787,229712,1587,2826,7384,141270,8164,189419,8966,330689,California
San Bernardino,2021-03-12,15489,533375,6876,292224,6565,236277,2048,4874,7343,142591,8116,197535,9437,340126,California
San Bernardino,2021-03-13,8373,541748,4580,296804,3281,239558,512,5386,4972,144687,3390,200925,5486,345612,California
San Bernardino,2021-03-14,3275,545023,1659,298463,1040,240598,576,5962,1830,145648,1439,202364,2400,348012,California
San Bernardino,2021-03-15,11374,556397,5368,303831,3972,244570,2034,7996,5570,147454,5790,208154,7596,355608,California
San Bernardino,2021-03-16,16198,572595,8032,311863,7221,251791,945,8941,9914,152051,6258,214412,10855,366463,California
San Bernardino,2021-03-17,17353,589948,8629,320492,7976,259767,748,9689,10526,156518,6808,221220,11275,377738,California
San Bernardino,2021-03-18,16621,606569,8227,328719,8007,267774,387,10076,9847,160002,6748,227968,10232,387970,California
San Bernardino,2021-03-19,16972,623541,8425,337144,7958,275732,589,10665,9752,163200,7195,235163,10393,398363,California
San Bernardino,2021-03-20,9441,632982,5961,343105,2891,278623,589,11254,5588,165544,3829,238992,6173,404536,California
San Bernardino,2021-03-21,2793,635775,2273,345378,470,279093,50,11304,2251,167315,530,239522,2301,406837,California
San Bernardino,2021-03-22,9619,645394,4525,349903,4657,283750,437,11741,6969,172092,2629,242151,7406,414243,California
San Bernardino,2021-03-23,15500,660894,8799,358702,6082,289832,619,12360,9597,176425,5882,248033,10215,424458,California
San Bernardino,2021-03-24,15162,676056,7835,366537,7022,296854,305,12665,10073,181750,5054,253087,10379,434837,California
San Bernardino,2021-03-25,17036,693092,8364,374901,8372,305226,300,12965,10799,186658,6187,259274,11095,445932,California
San Bernardino,2021-03-26,18204,711296,8683,383584,8751,313977,770,13735,10896,191046,7278,266552,11666,457598,California
San Bernardino,2021-03-27,10849,722145,7012,390596,3086,317063,751,14486,6194,193355,4635,271187,6944,464542,California
San Bernardino,2021-03-28,3620,725765,2550,393146,957,318020,113,14599,2510,194876,1101,272288,2622,467164,California
San Bernardino,2021-03-29,11775,737540,6121,399267,5255,323275,399,14998,7960,199437,3798,276086,8359,475523,California
San Bernardino,2021-03-30,16982,754522,9478,408745,6787,330062,717,15715,10528,204254,6419,282505,11236,486759,California
San Bernardino,2021-03-31,16576,771098,9323,418068,6615,336677,638,16353,10909,210160,5639,288144,11545,498304,California
San Bernardino,2021-04-01,19680,790778,10413,428481,7899,344576,1368,17721,12684,217249,6955,295099,14044,512348,California
San Bernardino,2021-04-02,18859,809637,9506,437987,8068,352644,1285,19006,11396,222535,7437,302536,12723,525071,California
San Bernardino,2021-04-03,11142,820779,6976,444963,3035,355679,1131,20137,6055,224647,5069,307605,7181,532252,California
San Bernardino,2021-04-04,2494,823273,1501,446464,744,356423,249,20386,1257,224921,1232,308837,1506,533758,California
San Bernardino,2021-04-05,11762,835035,5277,451741,4752,361175,1733,22119,5998,226902,5744,314581,7725,541483,California
San Bernardino,2021-04-06,19696,854731,11079,462820,6509,367684,2108,24227,10418,230184,9235,323816,12517,554000,California
San Bernardino,2021-04-07,20892,875623,11174,473994,7246,374930,2472,26699,11397,234575,9466,333282,13857,567857,California
San Bernardino,2021-04-08,21721,897344,11089,485083,8039,382969,2593,29292,11949,239362,9746,343028,14533,582390,California
San Bernardino,2021-04-09,21614,918958,10991,496074,8075,391044,2548,31840,11756,243830,9824,352852,14292,596682,California
San Bernardino,2021-04-10,15573,934531,8064,504138,3812,394856,3697,35537,7710,247380,7842,360694,11392,608074,California
San Bernardino,2021-04-11,4405,938936,2567,506705,884,395740,954,36491,2024,247978,2376,363070,2974,611048,California
San Bernardino,2021-04-12,13350,952286,6178,512883,5528,401268,1644,38135,6313,248913,7016,370086,7951,618999,California
San Bernardino,2021-04-13,19223,971509,10947,523830,8257,409525,19,38154,10997,251730,8200,378286,11017,630016,California
San Bernardino,2021-04-14,19192,990701,10259,534089,8930,418455,3,38157,10837,254248,8323,386609,10841,640857,California
San Bernardino,2021-04-15,20241,1010942,11316,545405,8919,427374,6,38163,10736,255521,9469,396078,10742,651599,California
San Bernardino,2021-04-16,18566,1029508,10534,555939,8031,435405,1,38164,9120,255239,9402,405480,9120,660719,California
San Bernardino,2021-04-17,11916,1041424,7844,563783,4072,439477,0,38164,6227,255809,5657,411137,6227,666946,California
San Bernardino,2021-04-18,2883,1044307,1978,565761,905,440382,0,38164,1264,255466,1607,412744,1264,668210,California
San Bernardino,2021-04-19,12529,1056836,6680,572441,5849,446231,0,38164,4862,252687,7645,420389,4866,673076,California
San Bernardino,2021-04-20,17592,1074428,9810,582251,7779,454010,3,38167,8034,251192,9533,429922,8038,681114,California
San Bernardino,2021-04-21,18047,1092475,10310,592561,7734,461744,3,38170,7908,249022,10081,440003,7911,689025,California
San Bernardino,2021-04-22,19127,1111602,10925,603486,8198,469942,4,38174,7784,245519,11291,451294,7788,696813,California
San Bernardino,2021-04-23,18406,1130008,10535,614021,7870,477812,1,38175,8019,243199,10342,461636,8022,704835,California
San Bernardino,2021-04-24,12805,1142813,9459,623480,3344,481156,2,38177,6888,244186,5903,467539,6890,711725,California
San Bernardino,2021-04-25,3391,1146204,2220,625700,1171,482327,0,38177,1675,244160,1702,469241,1676,713401,California
San Bernardino,2021-04-26,10476,1156680,5614,631314,4773,487100,89,38266,4432,242671,6009,475250,4520,717921,California
San Bernardino,2021-04-27,15861,1172541,9576,640890,6116,493216,169,38435,6473,239965,9347,484597,6641,724562,California
San Bernardino,2021-04-28,14645,1187186,8694,649584,5681,498897,270,38705,5250,236108,9368,493965,5511,730073,California
San Bernardino,2021-04-29,16093,1203279,9279,658863,6545,505442,269,38974,5334,230977,10731,504696,5600,735673,California
San Bernardino,2021-04-30,16455,1219734,10376,669239,5800,511242,279,39253,6025,226883,10395,515091,6301,741974,California
San Bernardino,2021-05-01,10704,1230438,8400,677639,1995,513237,309,39562,3679,223849,7019,522110,3985,745959,California
San Bernardino,2021-05-02,2923,1233361,2114,679753,677,513914,132,39694,1041,223146,1875,523985,1172,747131,California
San Bernardino,2021-05-03,10022,1243383,5763,685516,3855,517769,404,40098,2884,219321,7112,531097,3287,750418,California
San Bernardino,2021-05-04,15638,1259021,9506,695022,5680,523449,452,40550,4526,213229,11068,542165,4976,755394,California
San Bernardino,2021-05-05,15311,1274332,8801,703823,6097,529546,413,40963,4319,207016,10941,553106,4728,760122,California
San Bernardino,2021-05-06,15722,1290054,8954,712777,6356,535902,412,41375,4269,200286,11410,564516,4680,764802,California
San Bernardino,2021-05-07,15411,1305465,8662,721439,6375,542277,374,41749,4606,194517,10745,575261,4976,769778,California
San Bernardino,2021-05-08,9180,1314645,6108,727547,2828,545105,244,41993,3130,191875,6015,581276,3373,773151,California
San Bernardino,2021-05-09,1806,1316451,1109,728656,607,545712,90,42083,728,191624,1069,582345,818,773969,California
San Bernardino,2021-05-10,7405,1323856,3413,732069,3679,549391,313,42396,2268,189111,5091,587436,2578,776547,California
San Bernardino,2021-05-11,11862,1335718,6542,738611,4999,554390,321,42717,3721,185049,8105,595541,4043,780590,California
San Bernardino,2021-05-12,11983,1347701,6388,744999,5307,559697,288,43005,3422,180238,8517,604058,3706,784296,California
San Bernardino,2021-05-13,12437,1360138,7386,752385,4713,564410,338,43343,4767,177710,7628,611686,5100,789396,California
San Bernardino,2021-05-14,13542,1373680,9014,761399,4195,568605,333,43676,5629,175815,7856,619542,5961,795357,California
San Bernardino,2021-05-15,11166,1384846,8303,769702,2703,571308,160,43836,4483,173802,6651,626193,4638,799995,California
San Bernardino,2021-05-16,2761,1387607,2035,771737,665,571973,61,43897,1309,173736,1435,627628,1369,801364,California
San Bernardino,2021-05-17,9813,1397420,6690,778427,2859,574832,264,44161,4570,173361,5206,632834,4831,806195,California
San Bernardino,2021-05-18,13237,1410657,8760,787187,4226,579058,251,44412,6169,172745,7033,639867,6417,812612,California
San Bernardino,2021-05-19,11373,1422030,7174,794361,3838,582896,361,44773,5305,172378,6030,645897,5663,818275,California
San Bernardino,2021-05-20,9838,1431868,5837,800198,3716,586612,285,45058,4450,171755,5355,651252,4732,823007,California
San Bernardino,2021-05-21,10409,1442277,6946,807144,3121,589733,342,45400,4452,170631,5917,657169,4793,827800,California
San Bernardino,2021-05-22,6730,1449007,5170,812314,1388,591121,172,45572,3240,170580,3461,660630,3410,831210,California
San Bernardino,2021-05-23,509,1449516,235,812549,257,591378,17,45589,185,170460,322,660952,202,831412,California
San Diego,2020-12-15,119,119,119,119,0,0,0,0,119,119,0,0,119,119,California
San Diego,2020-12-16,1103,1222,1103,1222,0,0,0,0,1103,1222,0,0,1103,1222,California
San Diego,2020-12-17,2350,3572,2350,3572,0,0,0,0,2350,3572,0,0,2350,3572,California
San Diego,2020-12-18,3670,7242,3669,7241,1,1,0,0,3670,7242,0,0,3670,7242,California
San Diego,2020-12-19,2313,9555,2313,9554,0,1,0,0,2313,9555,0,0,2313,9555,California
San Diego,2020-12-20,1184,10739,1183,10737,1,2,0,0,1184,10739,0,0,1184,10739,California
San Diego,2020-12-21,3522,14261,3521,14258,1,3,0,0,3522,14261,0,0,3522,14261,California
San Diego,2020-12-22,4059,18320,3416,17674,643,646,0,0,4059,18320,0,0,4059,18320,California
San Diego,2020-12-23,3180,21500,1977,19651,1203,1849,0,0,3180,21500,0,0,3180,21500,California
San Diego,2020-12-24,2737,24237,2219,21870,518,2367,0,0,2737,24237,0,0,2737,24237,California
San Diego,2020-12-25,876,25113,875,22745,1,2368,0,0,876,25113,0,0,876,25113,California
San Diego,2020-12-26,3293,28406,2143,24888,1150,3518,0,0,3293,28406,0,0,3293,28406,California
San Diego,2020-12-27,2509,30915,1619,26507,890,4408,0,0,2508,30913,1,1,2508,30914,California
San Diego,2020-12-28,5913,36828,4226,30733,1687,6095,0,0,5913,36826,0,1,5913,36827,California
San Diego,2020-12-29,5572,42400,2999,33732,2573,8668,0,0,5572,42398,0,1,5572,42399,California
San Diego,2020-12-30,5943,48343,3099,36831,2844,11512,0,0,5943,48341,0,1,5943,48342,California
San Diego,2020-12-31,3039,51382,1055,37886,1984,13496,0,0,3039,51380,0,1,3039,51381,California
San Diego,2021-01-01,1006,52388,452,38338,554,14050,0,0,1006,52386,0,1,1006,52387,California
San Diego,2021-01-02,3745,56133,1302,39640,2443,16493,0,0,3745,56131,0,1,3745,56132,California
San Diego,2021-01-03,859,56992,632,40272,227,16720,0,0,858,56989,0,1,858,56990,California
San Diego,2021-01-04,3703,60695,2050,42322,1653,18373,0,0,3696,60685,0,1,3696,60686,California
San Diego,2021-01-05,4373,65068,2182,44504,2191,20564,0,0,3757,63842,612,613,3769,64455,California
San Diego,2021-01-06,4948,70016,2292,46796,2656,23220,0,0,3714,66349,1211,1824,3718,68173,California
San Diego,2021-01-07,5665,75681,2983,49779,2682,25902,0,0,3506,67709,2152,3976,3512,71685,California
San Diego,2021-01-08,7867,83548,4940,54719,2927,28829,0,0,4082,68039,3768,7744,4098,75783,California
San Diego,2021-01-09,3500,87048,1940,56659,1560,30389,0,0,1950,68462,1538,9282,1961,77744,California
San Diego,2021-01-10,1881,88929,1293,57952,588,30977,0,0,777,68156,1092,10374,786,78530,California
San Diego,2021-01-11,10333,99262,5860,63812,4473,35450,0,0,6804,71456,3522,13896,6822,85352,California
San Diego,2021-01-12,11199,110461,5312,69124,5887,41337,0,0,7822,76024,3368,17264,7936,93288,California
San Diego,2021-01-13,11509,121970,5053,74177,6456,47793,0,0,8965,82481,2532,19796,8989,102277,California
San Diego,2021-01-14,12367,134337,4746,78923,7621,55414,0,0,10198,90554,2161,21957,10234,112511,California
San Diego,2021-01-15,15133,149470,5354,84277,9779,65193,0,0,12488,100470,2626,24583,12542,125053,California
San Diego,2021-01-16,10770,160240,3593,87870,7177,72370,0,0,9325,108386,1440,26023,9356,134409,California
San Diego,2021-01-17,8681,168921,2497,90367,6184,78554,0,0,7840,115405,841,26864,7860,142269,California
San Diego,2021-01-18,12881,181802,6319,96686,6562,85116,0,0,10031,122678,2818,29682,10091,152360,California
San Diego,2021-01-19,14597,196399,5669,102355,8928,94044,0,0,11487,131332,3099,32781,11753,164113,California
San Diego,2021-01-20,18329,214728,6388,108743,11941,105985,0,0,15006,143220,3301,36082,15189,179302,California
San Diego,2021-01-21,17300,232028,5785,114528,11515,117500,0,0,15909,157891,1382,37464,16053,195355,California
San Diego,2021-01-22,17584,249612,4663,119191,12921,130421,0,0,15552,171505,2018,39482,15632,210987,California
San Diego,2021-01-23,14493,264105,5280,124471,9213,139634,0,0,12136,181354,2346,41828,12195,223182,California
San Diego,2021-01-24,11906,276011,3345,127816,8561,148195,0,0,10934,191355,970,42798,10971,234153,California
San Diego,2021-01-25,12271,288282,5800,133616,6471,154666,0,0,9252,197751,3012,45810,9408,243561,California
San Diego,2021-01-26,15156,303438,7857,141473,7299,161965,0,0,11769,206322,3385,49195,11956,255517,California
San Diego,2021-01-27,20578,324016,7938,149411,12640,174605,0,0,17558,221015,3011,52206,17704,273221,California
San Diego,2021-01-28,21307,345323,7650,157061,13657,188262,0,0,19038,237876,2259,54465,19120,292341,California
San Diego,2021-01-29,19725,365048,6478,163539,13247,201509,0,0,17284,252776,2431,56896,17331,309672,California
San Diego,2021-01-30,15907,380955,3668,167207,12239,213748,0,0,13225,263426,2672,59568,13322,322994,California
San Diego,2021-01-31,14811,395766,5763,172970,9048,222796,0,0,14449,277549,358,59926,14481,337475,California
San Diego,2021-02-01,21037,416803,7735,180705,13302,236098,0,0,17488,291578,3535,63461,17564,355039,California
San Diego,2021-02-02,22896,439699,8375,189080,14521,250619,0,0,19628,308116,3259,66720,19797,374836,California
San Diego,2021-02-03,27667,467366,11769,200849,15898,266517,0,0,23354,327366,4294,71014,23544,398380,California
San Diego,2021-02-04,24253,491619,9896,210745,14357,280874,0,0,19625,342661,4611,75625,19906,418286,California
San Diego,2021-02-05,24935,516554,8891,219636,16044,296918,0,0,18250,354699,6661,82286,18699,436985,California
San Diego,2021-02-06,20781,537335,8555,228191,12226,309144,0,0,17531,369204,3247,85533,17752,454737,California
San Diego,2021-02-07,12137,549472,5377,233568,6760,315904,0,0,10254,377844,1872,87405,10512,465249,California
San Diego,2021-02-08,20124,569596,8532,242100,11592,327496,0,0,12681,383776,7432,94837,13364,478613,California
San Diego,2021-02-09,20489,590085,8326,250426,12163,339659,0,0,13192,390764,7276,102113,14264,492877,California
San Diego,2021-02-10,22972,613057,9337,259763,13635,353294,0,0,13849,396925,9066,111179,15227,508104,California
San Diego,2021-02-11,23848,636905,10186,269949,13662,366956,0,0,12770,400333,11049,122228,14457,522561,California
San Diego,2021-02-12,23843,660748,7449,277398,16394,383350,0,0,11890,402553,11935,134163,14155,536716,California
San Diego,2021-02-13,20033,680781,9025,286423,11008,394358,0,0,10902,405534,9125,143288,12106,548822,California
San Diego,2021-02-14,11187,691968,7433,293856,3754,398112,0,0,6320,408507,4863,148151,7836,556658,California
San Diego,2021-02-15,15271,707239,7761,301617,7510,405622,0,0,7831,411985,7418,155569,10896,567554,California
San Diego,2021-02-16,19294,726533,11267,312884,8027,413649,0,0,9225,414137,10057,165626,12209,579763,California
San Diego,2021-02-17,23413,749946,10999,323883,12414,426063,0,0,8123,410074,15275,180901,11212,590975,California
San Diego,2021-02-18,23575,773521,12010,335893,11565,437628,0,0,7782,406154,15782,196683,11862,602837,California
San Diego,2021-02-19,15901,789422,10909,346802,4992,442620,0,0,6635,405516,9248,205931,8610,611447,California
San Diego,2021-02-20,10265,799687,6367,353169,3898,446518,0,0,5809,408778,4454,210385,7716,619163,California
San Diego,2021-02-21,11567,811254,10153,363322,1414,447932,0,0,5186,409100,6375,216760,6697,625860,California
San Diego,2021-02-22,12445,823699,10587,373909,1858,449790,0,0,5756,409809,6685,223445,7394,633254,California
San Diego,2021-02-23,25871,849570,14495,388404,11376,461166,0,0,9632,409107,16231,239676,15529,648783,California
San Diego,2021-02-24,28960,878530,12766,401170,16194,477360,0,0,6860,401325,22080,261756,14298,663081,California
San Diego,2021-02-25,33208,911738,14732,415902,18476,495836,0,0,10136,396809,23052,284808,18536,681617,California
San Diego,2021-02-26,33476,945214,12403,428305,21073,516909,0,0,12122,394707,21324,306132,19222,700839,California
San Diego,2021-02-27,21247,966461,9687,437992,11560,528469,0,0,11446,400627,9796,315928,15716,716555,California
San Diego,2021-02-28,15286,981747,9989,447981,5297,533766,0,0,9526,407184,5759,321687,12316,728871,California
San Diego,2021-03-01,24255,1006002,14316,462297,9937,543703,2,2,14733,416332,9446,331133,18594,747465,California
San Diego,2021-03-02,26182,1032184,14095,476392,12087,555790,0,2,12770,422393,13402,344535,19463,766928,California
San Diego,2021-03-03,34029,1066213,15949,492341,18077,573867,3,5,14086,423470,19921,364456,20998,787926,California
San Diego,2021-03-04,28322,1094535,14111,506452,14211,588078,0,5,12631,427183,15669,380125,19382,807308,California
San Diego,2021-03-05,29017,1123552,14914,521366,14021,602099,82,87,13537,432051,15455,395580,20323,827631,California
San Diego,2021-03-06,23435,1146987,9596,530962,13138,615237,701,788,10353,434712,13068,408648,15729,843360,California
San Diego,2021-03-07,18247,1165234,9338,540300,8338,623575,571,1359,6931,434571,11307,419955,11166,854526,California
San Diego,2021-03-08,23107,1188341,11227,551527,10973,634548,907,2266,11451,440173,11636,431591,17238,871764,California
San Diego,2021-03-09,25913,1214254,11997,563524,12157,646705,1759,4025,10145,440248,15754,447345,15829,887593,California
San Diego,2021-03-10,25566,1239820,10816,574340,12353,659058,2397,6422,10138,441441,15411,462756,16604,904197,California
San Diego,2021-03-11,28687,1268507,11029,585369,14060,673118,3598,10020,10015,440359,18649,481405,17567,921764,California
San Diego,2021-03-12,27106,1295613,9465,594834,14501,687619,3140,13160,9978,439897,17115,498520,16653,938417,California
San Diego,2021-03-13,26235,1321848,7308,602142,17138,704757,1789,14949,10144,439914,16087,514607,16104,954521,California
San Diego,2021-03-14,13882,1335730,5501,607643,7643,712400,738,15687,4824,438749,9050,523657,7885,962406,California
San Diego,2021-03-15,22033,1357763,10175,617818,11078,723478,780,16467,9024,438655,12996,536653,12902,975308,California
San Diego,2021-03-16,30009,1387772,15794,633612,13803,737281,412,16879,15744,443617,14242,550895,19204,994512,California
San Diego,2021-03-17,26351,1414123,12241,645853,13390,750671,720,17599,16796,453645,9539,560434,19567,1014079,California
San Diego,2021-03-18,31534,1445657,17815,663668,12803,763474,916,18515,17037,458661,14465,574899,19481,1033560,California
San Diego,2021-03-19,30333,1475990,14403,678071,14905,778379,1025,19540,19398,469365,10913,585812,21617,1055177,California
San Diego,2021-03-20,27883,1503873,8455,686526,17634,796013,1794,21334,21425,487244,6447,592259,24326,1079503,California
San Diego,2021-03-21,16584,1520457,12107,698633,3760,799773,717,22051,7718,488143,8852,601111,9751,1089254,California
San Diego,2021-03-22,22535,1542992,13151,711784,9118,808891,266,22317,14328,497303,8194,609305,17354,1106608,California
San Diego,2021-03-23,25993,1568985,13645,725429,12084,820975,264,22581,17139,507892,8838,618143,19427,1126035,California
San Diego,2021-03-24,29564,1598549,19782,745211,9420,830395,362,22943,17100,514953,12455,630598,19516,1145551,California
San Diego,2021-03-25,30357,1628906,18311,763522,11387,841782,659,23602,17992,523370,12348,642946,20765,1166316,California
San Diego,2021-03-26,32136,1661042,17941,781463,13637,855419,558,24160,17504,529647,14606,657552,20883,1187199,California
San Diego,2021-03-27,25508,1686550,11046,792509,14069,869488,393,24553,15692,538172,9800,667352,18325,1205524,California
San Diego,2021-03-28,15079,1701629,9235,801744,5787,875275,57,24610,9264,543152,5809,673161,10789,1216313,California
San Diego,2021-03-29,26693,1728322,12918,814662,13177,888452,598,25208,16445,552391,10239,683400,19478,1235791,California
San Diego,2021-03-30,33226,1761548,17901,832563,14551,903003,774,25982,22019,565802,11195,694595,24606,1260397,California
San Diego,2021-03-31,30445,1791993,18796,851359,10972,913975,677,26659,20639,578418,9789,704384,22405,1282802,California
San Diego,2021-04-01,34326,1826319,20059,871418,12794,926769,1473,28132,23246,593390,11055,715439,26027,1308829,California
San Diego,2021-04-02,35772,1862091,20673,892091,12325,939094,2774,30906,24118,610065,11635,727074,28310,1337139,California
San Diego,2021-04-03,30846,1892937,14453,906544,11791,950885,4602,35508,19710,624445,11123,738197,25503,1362642,California
San Diego,2021-04-04,9058,1901995,5204,911748,2926,953811,928,36436,4821,626136,4232,742429,5923,1368565,California
San Diego,2021-04-05,29729,1931724,15405,927153,11705,965516,2619,39055,19385,640294,10327,752756,24485,1393050,California
San Diego,2021-04-06,38735,1970459,20398,947551,12448,977964,5889,44944,22338,654240,16381,769137,30327,1423377,California
San Diego,2021-04-07,35808,2006267,21979,969530,9286,987250,4543,49487,20318,664824,15465,784602,26049,1449426,California
San Diego,2021-04-08,35214,2041481,21369,990899,9708,996958,4137,53624,21312,678940,13883,798485,27999,1477425,California
San Diego,2021-04-09,38288,2079769,22825,1013724,10287,1007245,5176,58800,20808,690779,17411,815896,29250,1506675,California
San Diego,2021-04-10,29178,2108947,11782,1025506,13395,1020640,4001,62801,15116,698843,14051,829947,22115,1528790,California
San Diego,2021-04-11,16258,2125205,10078,1035584,3868,1024508,2312,65113,7276,702417,8978,838925,12552,1541342,California
San Diego,2021-04-12,30815,2156020,12862,1048446,13654,1038162,4299,69412,17188,713927,13612,852537,25122,1566464,California
San Diego,2021-04-13,37202,2193222,17788,1066234,19377,1057539,37,69449,24772,729140,12409,864946,27622,1594086,California
San Diego,2021-04-14,33074,2226296,18928,1085162,14134,1071673,12,69461,17904,736227,15155,880101,22242,1616328,California
San Diego,2021-04-15,39530,2265826,20372,1105534,19154,1090827,4,69465,24107,747748,15404,895505,26925,1643253,California
San Diego,2021-04-16,33828,2299654,18587,1124121,15239,1106066,2,69467,19631,755604,14137,909642,21993,1665246,California
San Diego,2021-04-17,27884,2327538,13538,1137659,14346,1120412,0,69467,12381,755597,15408,925050,15401,1680647,California
San Diego,2021-04-18,14500,2342038,8915,1146574,5582,1125994,3,69470,6784,757612,7703,932753,9718,1690365,California
San Diego,2021-04-19,26550,2368588,13564,1160138,12985,1138979,1,69471,12485,757791,14047,946800,14226,1704591,California
San Diego,2021-04-20,39077,2407665,17778,1177916,21299,1160278,0,69471,19998,761669,19058,965858,22936,1727527,California
San Diego,2021-04-21,35038,2442703,20932,1198848,14106,1174384,0,69471,16991,763619,18012,983870,19962,1747489,California
San Diego,2021-04-22,44664,2487367,22942,1221790,21718,1196102,4,69475,22438,766868,22183,1006053,25432,1772921,California
San Diego,2021-04-23,42230,2529597,26022,1247812,16206,1212308,2,69477,15780,759355,26419,1032472,18906,1791827,California
San Diego,2021-04-24,34818,2564415,18863,1266675,15940,1228248,15,69492,15657,759020,19128,1051600,18793,1810620,California
San Diego,2021-04-25,12488,2576903,7706,1274381,4782,1233030,0,69492,5887,759651,6593,1058193,7224,1817844,California
San Diego,2021-04-26,30935,2607838,15521,1289902,15283,1248313,131,69623,10566,754245,20357,1078550,14951,1832795,California
San Diego,2021-04-27,42485,2650323,23512,1313414,18572,1266885,401,70024,18745,752599,23707,1102257,22061,1854856,California
San Diego,2021-04-28,38250,2688573,22631,1336045,14973,1281858,646,70670,17377,751981,20840,1123097,20222,1875078,California
San Diego,2021-04-29,38030,2726603,24268,1360313,13140,1294998,622,71292,15407,747104,22589,1145686,17712,1892790,California
San Diego,2021-04-30,37986,2764589,23144,1383457,13849,1308847,993,72285,14863,741661,23086,1168772,17643,1910433,California
San Diego,2021-05-01,24297,2788886,10732,1394189,12920,1321767,645,72930,9545,739226,14743,1183515,12308,1922741,California
San Diego,2021-05-02,10730,2799616,7540,1401729,2603,1324370,587,73517,3297,736005,7428,1190943,4207,1926948,California
San Diego,2021-05-03,25314,2824930,12460,1414189,11699,1336069,1155,74672,9344,731344,15944,1206887,11283,1938231,California
San Diego,2021-05-04,31828,2856758,17555,1431744,12973,1349042,1300,75972,11519,724968,20276,1227163,13900,1952131,California
San Diego,2021-05-05,27642,2884400,17021,1448765,9345,1358387,1276,77248,10592,720744,17028,1244191,12804,1964935,California
San Diego,2021-05-06,28321,2912721,18836,1467601,8587,1366974,898,78146,10831,717471,17459,1261650,14186,1979121,California
San Diego,2021-05-07,29521,2942242,19538,1487139,8941,1375915,1042,79188,11046,712305,18437,1280087,13271,1992392,California
San Diego,2021-05-08,22626,2964868,10736,1497875,11177,1387092,713,79901,7310,706388,15293,1295380,9376,2001768,California
San Diego,2021-05-09,7494,2972362,5678,1503553,1407,1388499,409,80310,2615,704952,4872,1300252,3436,2005204,California
San Diego,2021-05-10,21621,2993983,8457,1512010,12354,1400853,810,81120,5972,697344,15619,1315871,8011,2013215,California
San Diego,2021-05-11,27599,3021582,11220,1523230,15616,1416469,763,81883,9602,691315,17970,1333841,11941,2025156,California
San Diego,2021-05-12,21914,3043496,11675,1534905,9454,1425923,785,82668,8020,687246,13869,1347710,9800,2034956,California
San Diego,2021-05-13,29605,3073101,17691,1552596,11304,1437227,610,83278,12309,685371,17244,1364954,15369,2050325,California
San Diego,2021-05-14,30716,3103817,19692,1572288,10182,1447409,842,84120,14027,685629,16653,1381607,16911,2067236,California
San Diego,2021-05-15,25994,3129811,16454,1588742,8772,1456181,768,84888,10914,683185,15029,1396636,12585,2079821,California
San Diego,2021-05-16,12978,3142789,9705,1598447,2697,1458878,576,85464,6494,684145,6472,1403108,7432,2087253,California
San Diego,2021-05-17,21424,3164213,13024,1611471,7651,1466529,749,86213,9447,683235,11941,1415049,11031,2098284,California
San Diego,2021-05-18,34205,3198418,19371,1630842,13960,1480489,874,87087,13916,679186,20253,1435302,16204,2114488,California
San Diego,2021-05-19,28406,3226824,17913,1648755,9688,1490177,805,87892,12317,677348,16061,1451363,14223,2128711,California
San Diego,2021-05-20,29802,3256626,15711,1664466,13367,1503544,724,88616,9886,669310,19888,1471251,11850,2140561,California
San Diego,2021-05-21,22152,3278778,14075,1678541,7217,1510761,860,89476,9120,667239,13009,1484260,10938,2151499,California
San Diego,2021-05-22,16831,3295609,9306,1687847,6472,1517233,1053,90529,7153,666622,9662,1493922,9045,2160544,California
San Diego,2021-05-23,3203,3298812,2357,1690204,689,1517922,157,90686,1542,666778,1660,1495582,1816,2162360,California
San Francisco,2020-12-15,7,7,7,7,0,0,0,0,7,7,0,0,7,7,California
San Francisco,2020-12-16,229,236,229,236,0,0,0,0,229,236,0,0,229,236,California
San Francisco,2020-12-17,394,630,394,630,0,0,0,0,394,630,0,0,394,630,California
San Francisco,2020-12-18,878,1508,877,1507,1,1,0,0,878,1508,0,0,878,1508,California
San Francisco,2020-12-19,603,2111,603,2110,0,1,0,0,603,2111,0,0,603,2111,California
San Francisco,2020-12-20,483,2594,483,2593,0,1,0,0,483,2594,0,0,483,2594,California
San Francisco,2020-12-21,1162,3756,1162,3755,0,1,0,0,1162,3756,0,0,1162,3756,California
San Francisco,2020-12-22,1404,5160,1370,5125,34,35,0,0,1404,5160,0,0,1404,5160,California
San Francisco,2020-12-23,1344,6504,1052,6177,292,327,0,0,1344,6504,0,0,1344,6504,California
San Francisco,2020-12-24,842,7346,504,6681,338,665,0,0,842,7346,0,0,842,7346,California
San Francisco,2020-12-25,34,7380,29,6710,5,670,0,0,34,7380,0,0,34,7380,California
San Francisco,2020-12-26,245,7625,151,6861,94,764,0,0,245,7625,0,0,245,7625,California
San Francisco,2020-12-27,274,7899,60,6921,214,978,0,0,274,7899,0,0,274,7899,California
San Francisco,2020-12-28,1270,9169,686,7607,584,1562,0,0,1270,9169,0,0,1270,9169,California
San Francisco,2020-12-29,1252,10421,627,8234,625,2187,0,0,1252,10421,0,0,1252,10421,California
San Francisco,2020-12-30,1489,11910,780,9014,709,2896,0,0,1489,11910,0,0,1489,11910,California
San Francisco,2020-12-31,962,12872,410,9424,552,3448,0,0,961,12871,0,0,961,12871,California
San Francisco,2021-01-01,91,12963,72,9496,19,3467,0,0,91,12962,0,0,91,12962,California
San Francisco,2021-01-02,336,13299,303,9799,33,3500,0,0,336,13298,0,0,336,13298,California
San Francisco,2021-01-03,298,13597,105,9904,193,3693,0,0,297,13594,1,1,297,13595,California
San Francisco,2021-01-04,1839,15436,1355,11259,484,4177,0,0,1836,15427,3,4,1836,15431,California
San Francisco,2021-01-05,2235,17671,1420,12679,815,4992,0,0,2200,17594,35,39,2202,17633,California
San Francisco,2021-01-06,1870,19541,1158,13837,712,5704,0,0,1606,18939,262,301,1607,19240,California
San Francisco,2021-01-07,2065,21606,1206,15043,859,6563,0,0,1606,20089,456,757,1606,20846,California
San Francisco,2021-01-08,2331,23937,1635,16678,696,7259,0,0,1493,20749,833,1590,1493,22339,California
San Francisco,2021-01-09,1389,25326,894,17572,495,7754,0,0,884,21130,505,2095,886,23225,California
San Francisco,2021-01-10,919,26245,541,18113,378,8132,0,0,460,21132,458,2553,460,23685,California
San Francisco,2021-01-11,2503,28748,1868,19981,635,8767,0,0,1402,21432,1102,3655,1402,25087,California
San Francisco,2021-01-12,3093,31841,2057,22038,1036,9803,0,0,1898,22137,1195,4850,1900,26987,California
San Francisco,2021-01-13,2829,34670,1604,23642,1225,11028,0,0,1997,23302,832,5682,1997,28984,California
San Francisco,2021-01-14,2445,37115,1103,24745,1342,12370,0,0,1884,24625,561,6243,1884,30868,California
San Francisco,2021-01-15,2748,39863,1148,25893,1600,13970,0,0,2357,26595,389,6632,2359,33227,California
San Francisco,2021-01-16,2257,42120,964,26857,1293,15263,0,0,2090,28519,167,6799,2091,35318,California
San Francisco,2021-01-17,1923,44043,532,27389,1391,16654,0,0,1707,30010,216,7015,1707,37025,California
San Francisco,2021-01-18,1380,45423,595,27984,785,17439,0,0,1115,30863,264,7279,1117,38142,California
San Francisco,2021-01-19,2579,48002,1475,29459,1104,18543,0,0,1831,31946,748,8027,1831,39973,California
San Francisco,2021-01-20,2758,50760,1128,30587,1630,20173,0,0,2006,33204,749,8776,2007,41980,California
San Francisco,2021-01-21,3322,54082,946,31533,2376,22549,0,0,2486,34856,834,9610,2486,44466,California
San Francisco,2021-01-22,3190,57272,644,32177,2546,25095,0,0,2748,37164,440,10050,2748,47214,California
San Francisco,2021-01-23,3093,60365,611,32788,2482,27577,0,0,2725,39523,367,10417,2726,49940,California
San Francisco,2021-01-24,2429,62794,363,33151,2066,29643,0,0,2199,41495,227,10644,2199,52139,California
San Francisco,2021-01-25,4636,67430,1833,34984,2803,32446,0,0,3048,42958,1586,12230,3049,55188,California
San Francisco,2021-01-26,4705,72135,2169,37153,2536,34982,0,0,3079,44416,1623,13853,3081,58269,California
San Francisco,2021-01-27,4359,76494,2001,39154,2358,37340,0,0,3074,46207,1283,15136,3074,61343,California
San Francisco,2021-01-28,3757,80251,1553,40707,2204,39544,0,0,2597,47649,1155,16291,2597,63940,California
San Francisco,2021-01-29,4721,84972,1680,42387,3041,42585,0,0,3449,49833,1265,17556,3449,67389,California
San Francisco,2021-01-30,3781,88753,1844,44231,1937,44522,0,0,3328,52713,452,18008,3332,70721,California
San Francisco,2021-01-31,2352,91105,825,45056,1527,46049,0,0,2201,54765,150,18158,2202,72923,California
San Francisco,2021-02-01,3970,95075,1696,46752,2274,48323,0,0,2899,56594,1071,19229,2900,75823,California
San Francisco,2021-02-02,4486,99561,1795,48547,2691,51014,0,0,2893,57900,1587,20816,2893,78716,California
San Francisco,2021-02-03,5069,104630,2376,50923,2693,53707,0,0,3755,60344,1312,22128,3756,82472,California
San Francisco,2021-02-04,5023,109653,2426,53349,2597,56304,0,0,3861,63045,1160,23288,3861,86333,California
San Francisco,2021-02-05,5956,115609,3212,56561,2744,59048,0,0,4613,66318,1341,24629,4614,90947,California
San Francisco,2021-02-06,5488,121097,3667,60228,1821,60869,0,0,4589,70012,897,25526,4591,95538,California
San Francisco,2021-02-07,4341,125438,3193,63421,1148,62017,0,0,3765,73207,573,26099,3768,99306,California
San Francisco,2021-02-08,6735,132173,4641,68062,2094,64111,0,0,5513,77516,1206,27305,5515,104821,California
San Francisco,2021-02-09,5939,138112,3995,72057,1944,66055,0,0,4387,80343,1561,28866,4388,109209,California
San Francisco,2021-02-10,6884,144996,4190,76247,2694,68749,0,0,5079,83625,1800,30666,5082,114291,California
San Francisco,2021-02-11,6720,151716,3985,80232,2735,71484,0,0,4899,86709,1816,32482,4900,119191,California
San Francisco,2021-02-12,5328,157044,2674,82906,2654,74138,0,0,3494,88367,1836,34318,3494,122685,California
San Francisco,2021-02-13,4380,161424,2562,85468,1818,75956,0,0,3047,90083,1333,35651,3049,125734,California
San Francisco,2021-02-14,3428,164852,2249,87717,1179,77135,0,0,2301,91260,1126,36777,2303,128037,California
San Francisco,2021-02-15,2774,167626,1506,89223,1268,78403,0,0,1680,91848,1092,37869,1680,129717,California
San Francisco,2021-02-16,5065,172691,2791,92014,2274,80677,0,0,2974,92744,2084,39953,2980,132697,California
San Francisco,2021-02-17,5341,178032,2614,94628,2727,83404,0,0,2957,93328,2374,42327,2958,135655,California
San Francisco,2021-02-18,5368,183400,2626,97254,2742,86146,0,0,2787,93538,2580,44907,2790,138445,California
San Francisco,2021-02-19,5642,189042,2647,99901,2995,89141,0,0,2930,93764,2706,47613,2932,141377,California
San Francisco,2021-02-20,4526,193568,2180,102081,2346,91487,0,0,1700,92648,2817,50430,1701,143078,California
San Francisco,2021-02-21,2887,196455,1517,103598,1370,92857,0,0,1280,92329,1600,52030,1281,144359,California
San Francisco,2021-02-22,5118,201573,3188,106786,1930,94787,0,0,2577,92375,2533,54563,2579,146938,California
San Francisco,2021-02-23,5535,207108,3157,109943,2378,97165,0,0,2836,92518,2693,57256,2836,149774,California
San Francisco,2021-02-24,9025,216133,5116,115059,3909,101074,0,0,4823,93150,4192,61448,4824,154598,California
San Francisco,2021-02-25,9793,225926,6881,121940,2912,103986,0,0,6331,96024,3459,64907,6333,160931,California
San Francisco,2021-02-26,11968,237894,7773,129713,4195,108181,0,0,7092,98240,4877,69784,7093,168024,California
San Francisco,2021-02-27,9245,247139,5994,135707,3250,111431,1,1,4642,98294,4590,74374,4644,172668,California
San Francisco,2021-02-28,7761,254900,5578,141285,2183,113614,0,1,3858,98251,3902,78276,3859,176527,California
San Francisco,2021-03-01,11017,265917,7488,148773,3525,117139,4,5,5322,97909,5670,83946,5328,181855,California
San Francisco,2021-03-02,9959,275876,6724,155497,3235,120374,0,5,5644,99248,4306,88252,5645,187500,California
San Francisco,2021-03-03,11259,287135,6546,162043,4712,125086,1,6,6142,100290,5104,93356,6146,193646,California
San Francisco,2021-03-04,8741,295876,5504,167547,3237,128323,0,6,4926,101409,3807,97163,4926,198572,California
San Francisco,2021-03-05,9207,305083,5652,173199,3551,131874,4,10,5770,103759,3425,100588,5775,204347,California
San Francisco,2021-03-06,7114,312197,4655,177854,2250,134124,209,219,4439,105715,2689,103277,4645,208992,California
San Francisco,2021-03-07,5387,317584,4216,182070,1113,135237,58,277,3105,106583,2295,105572,3163,212155,California
San Francisco,2021-03-08,7459,325043,5467,187537,1806,137043,186,463,5888,111054,1603,107175,6074,218229,California
San Francisco,2021-03-09,8324,333367,5534,193071,2415,139458,375,838,6096,115285,2235,109410,6466,224695,California
San Francisco,2021-03-10,11130,344497,6600,199671,4030,143488,500,1338,7036,118751,4072,113482,7538,232233,California
San Francisco,2021-03-11,10082,354579,6385,206056,2732,146220,965,2303,6623,122889,3442,116924,7580,239813,California
San Francisco,2021-03-12,10862,365441,6354,212410,3168,149388,1340,3643,6050,125485,4790,121714,7386,247199,California
San Francisco,2021-03-13,6700,372141,3941,216351,1698,151086,1061,4704,4168,128189,2523,124237,5227,252426,California
San Francisco,2021-03-14,7578,379719,4929,221280,2405,153491,244,4948,3985,128838,3578,127815,4227,256653,California
San Francisco,2021-03-15,12087,391806,9247,230527,1895,155386,945,5893,8384,134467,3690,131505,9319,265972,California
San Francisco,2021-03-16,12216,404022,8330,238857,3426,158812,460,6353,8835,140400,3361,134866,9294,275266,California
San Francisco,2021-03-17,13346,417368,8284,247141,4501,163313,561,6914,9619,146878,3698,138564,10176,285442,California
San Francisco,2021-03-18,10084,427452,6862,254003,2600,165913,622,7536,5748,148931,4312,142876,6365,291807,California
San Francisco,2021-03-19,12407,439859,9073,263076,2866,168779,468,8004,6575,150165,5804,148680,7038,298845,California
San Francisco,2021-03-20,8887,448746,6544,269620,1879,170658,464,8468,5173,152121,3683,152363,5639,304484,California
San Francisco,2021-03-21,6613,455359,6056,275676,420,171078,137,8605,3736,153134,2859,155222,3872,308356,California
San Francisco,2021-03-22,9854,465213,6934,282610,2074,173152,846,9451,5113,154370,4716,159938,5952,314308,California
San Francisco,2021-03-23,11267,476480,7474,290084,3143,176295,650,10101,6313,156405,4924,164862,6959,321267,California
San Francisco,2021-03-24,12386,488866,9493,299577,2357,178652,536,10637,6281,157152,6064,170926,6811,328078,California
San Francisco,2021-03-25,11922,500788,8740,308317,2619,181271,563,11200,5891,157639,5963,176889,6450,334528,California
San Francisco,2021-03-26,12016,512804,8338,316655,3444,184715,234,11434,5898,157683,6086,182975,6130,340658,California
San Francisco,2021-03-27,8778,521582,5891,322546,2538,187253,349,11783,3758,156790,4999,187974,4106,344764,California
San Francisco,2021-03-28,6685,528267,5341,327887,1302,188555,42,11825,3003,156175,3657,191631,3042,347806,California
San Francisco,2021-03-29,11502,539769,7993,335880,3322,191877,187,12012,4855,154596,6619,198250,5040,352846,California
San Francisco,2021-03-30,11656,551425,7320,343200,4044,195921,292,12304,5516,154289,6115,204365,5808,358654,California
San Francisco,2021-03-31,12271,563696,8178,351378,3794,199715,299,12603,4952,152249,7285,211650,5245,363899,California
San Francisco,2021-04-01,13974,577670,7428,358806,4846,204561,1700,14303,6026,152047,7915,219565,7713,371612,California
San Francisco,2021-04-02,14847,592517,6552,365358,6410,210971,1885,16188,6950,153000,7875,227440,8828,380440,California
San Francisco,2021-04-03,10561,603078,4887,370245,3850,214821,1824,18012,4833,153940,5712,233152,6652,387092,California
San Francisco,2021-04-04,9043,612121,4790,375035,2595,217416,1658,19670,3569,153704,5460,238612,5224,392316,California
San Francisco,2021-04-05,15989,628110,9786,384821,4324,221740,1879,21549,6283,152181,9677,248289,8154,400470,California
San Francisco,2021-04-06,16020,644130,9496,394317,4460,226200,2064,23613,6204,150651,9792,258081,8262,408732,California
San Francisco,2021-04-07,16808,660938,10002,404319,4576,230776,2230,25843,6965,150011,9820,267901,9180,417912,California
San Francisco,2021-04-08,14140,675078,6730,411049,3009,233785,4401,30244,4598,149476,9510,277411,8975,426887,California
San Francisco,2021-04-09,15719,690797,7605,418654,4782,238567,3332,33576,6516,150136,9171,286582,9831,436718,California
San Francisco,2021-04-10,13218,704015,5660,424314,5823,244390,1735,35311,7029,152725,6163,292745,8752,445470,California
San Francisco,2021-04-11,9980,713995,7474,431788,1332,245722,1174,36485,5143,154213,4824,297569,6312,451782,California
San Francisco,2021-04-12,10588,724583,6876,438664,2564,248286,1148,37633,4843,154476,5723,303292,5986,457768,California
San Francisco,2021-04-13,10730,735313,7283,445947,3434,251720,13,37646,5394,154572,5315,308607,5411,463179,California
San Francisco,2021-04-14,13265,748578,7989,453936,5275,256995,1,37647,6378,154100,6851,315458,6379,469558,California
San Francisco,2021-04-15,13706,762284,9505,463441,4200,261195,1,37648,8051,156531,5624,321082,8055,477613,California
San Francisco,2021-04-16,12907,775191,8688,472129,4175,265370,44,37692,7618,158938,5259,326341,7666,485279,California
San Francisco,2021-04-17,10050,785241,7299,479428,2750,268120,1,37693,7085,163080,2948,329289,7090,492369,California
San Francisco,2021-04-18,6604,791845,5043,484471,1559,269679,2,37695,4085,164667,2502,331791,4089,496458,California
San Francisco,2021-04-19,10860,802705,8162,492633,2694,272373,4,37699,6986,167810,3857,335648,7000,503458,California
San Francisco,2021-04-20,12316,815021,7200,499833,5114,277487,2,37701,8494,172510,3797,339445,8497,511955,California
San Francisco,2021-04-21,10543,825564,7533,507366,3005,280492,5,37706,6424,174850,4093,343538,6433,518388,California
San Francisco,2021-04-22,10421,835985,7717,515083,2703,283195,1,37707,6015,176491,4381,347919,6022,524410,California
San Francisco,2021-04-23,10316,846301,5919,521002,4397,287592,0,37707,6129,178469,4158,352077,6136,530546,California
San Francisco,2021-04-24,7942,854243,5466,526468,2476,290068,0,37707,4704,179964,3217,355294,4712,535258,California
San Francisco,2021-04-25,5025,859268,4325,530793,694,290762,6,37713,2937,180837,2073,357367,2946,538204,California
San Francisco,2021-04-26,7898,867166,5618,536411,2268,293030,12,37725,3895,180778,3978,361345,3919,542123,California
San Francisco,2021-04-27,8430,875596,5693,542104,2609,295639,128,37853,4195,180901,4210,365555,4333,546456,California
San Francisco,2021-04-28,9230,884826,6511,548615,2528,298167,191,38044,4748,181393,4452,370007,4944,551400,California
San Francisco,2021-04-29,9096,893922,5382,553997,3521,301688,193,38237,4367,181261,4704,374711,4572,555972,California
San Francisco,2021-04-30,10836,904758,5180,559177,5456,307144,200,38437,3963,178594,6835,381546,4168,560140,California
San Francisco,2021-05-01,6928,911686,3582,562759,3232,310376,114,38551,1704,175215,5199,386745,1820,561960,California
San Francisco,2021-05-02,5315,917001,3084,565843,2133,312509,98,38649,972,171952,4336,391081,1073,563033,California
San Francisco,2021-05-03,9633,926634,6576,572419,2896,315405,161,38810,2449,167415,7155,398236,2618,565651,California
San Francisco,2021-05-04,9305,935939,5976,578395,3080,318485,249,39059,2279,162952,6996,405232,2533,568184,California
San Francisco,2021-05-05,8724,944663,6114,584509,2301,320786,309,39368,2133,158850,6548,411780,2446,570630,California
San Francisco,2021-05-06,10704,955367,8562,593071,1673,322459,469,39837,1855,152361,8816,420596,2327,572957,California
San Francisco,2021-05-07,10074,965441,6447,599518,3359,325818,268,40105,1630,145841,8418,429014,1898,574855,California
San Francisco,2021-05-08,8349,973790,3539,603057,4680,330498,130,40235,983,139619,7336,436350,1114,575969,California
San Francisco,2021-05-09,6685,980475,5826,608883,777,331275,82,40317,1219,135471,5443,441793,1295,577264,California
San Francisco,2021-05-10,6927,987402,4929,613812,1749,333024,249,40566,1037,130893,5863,447656,1285,578549,California
San Francisco,2021-05-11,7097,994499,5101,618913,1793,334817,203,40769,1367,126766,5698,453354,1571,580120,California
San Francisco,2021-05-12,7393,1001892,5323,624236,1636,336453,434,41203,1499,122826,5865,459219,1925,582045,California
San Francisco,2021-05-13,10330,1012222,7539,631775,2578,339031,213,41416,3819,120380,6484,465703,4038,586083,California
San Francisco,2021-05-14,9248,1021470,6562,638337,2521,341552,165,41581,2995,117326,6224,471927,3170,589253,California
San Francisco,2021-05-15,7711,1029181,6240,644577,1415,342967,56,41637,2994,115687,4701,476628,3062,592315,California
San Francisco,2021-05-16,4942,1034123,4169,648746,715,343682,58,41695,1838,114498,3085,479713,1896,594211,California
San Francisco,2021-05-17,7212,1041335,5380,654126,1666,345348,166,41861,2546,112566,4647,484360,2715,596926,California
San Francisco,2021-05-18,8605,1049940,4939,659065,3495,348843,171,42032,2009,108194,6553,490913,2181,599107,California
San Francisco,2021-05-19,7421,1057361,5517,664582,1674,350517,230,42262,2468,105964,4927,495840,2697,601804,California
San Francisco,2021-05-20,5285,1062646,3615,668197,1483,352000,187,42449,1529,103953,3724,499564,1713,603517,California
San Francisco,2021-05-21,6580,1069226,3739,671936,2700,354700,141,42590,1718,100987,4823,504387,1857,605374,California
San Francisco,2021-05-22,4260,1073486,3334,675270,884,355584,42,42632,2069,100925,2174,506561,2112,607486,California
San Francisco,2021-05-23,850,1074336,670,675940,161,355745,19,42651,370,100841,474,507035,390,607876,California
San Joaquin,2020-12-15,12,12,12,12,0,0,0,0,12,12,0,0,12,12,California
San Joaquin,2020-12-16,307,319,307,319,0,0,0,0,307,319,0,0,307,319,California
San Joaquin,2020-12-17,312,631,312,631,0,0,0,0,312,631,0,0,312,631,California
San Joaquin,2020-12-18,523,1154,519,1150,4,4,0,0,523,1154,0,0,523,1154,California
San Joaquin,2020-12-19,188,1342,188,1338,0,4,0,0,188,1342,0,0,188,1342,California
San Joaquin,2020-12-20,113,1455,112,1450,1,5,0,0,113,1455,0,0,113,1455,California
San Joaquin,2020-12-21,492,1947,492,1942,0,5,0,0,492,1947,0,0,492,1947,California
San Joaquin,2020-12-22,967,2914,847,2789,120,125,0,0,966,2913,0,0,966,2913,California
San Joaquin,2020-12-23,978,3892,919,3708,59,184,0,0,976,3889,0,0,976,3889,California
San Joaquin,2020-12-24,215,4107,187,3895,28,212,0,0,214,4103,0,0,214,4103,California
San Joaquin,2020-12-25,14,4121,14,3909,0,212,0,0,14,4117,0,0,14,4117,California
San Joaquin,2020-12-26,102,4223,30,3939,72,284,0,0,102,4219,0,0,102,4219,California
San Joaquin,2020-12-27,42,4265,29,3968,13,297,0,0,42,4261,0,0,42,4261,California
San Joaquin,2020-12-28,622,4887,420,4388,202,499,0,0,622,4883,0,0,622,4883,California
San Joaquin,2020-12-29,792,5679,665,5053,127,626,0,0,792,5675,0,0,792,5675,California
San Joaquin,2020-12-30,1009,6688,717,5770,292,918,0,0,1007,6682,0,0,1007,6682,California
San Joaquin,2020-12-31,452,7140,202,5972,250,1168,0,0,452,7134,0,0,452,7134,California
San Joaquin,2021-01-01,23,7163,13,5985,10,1178,0,0,23,7157,0,0,23,7157,California
San Joaquin,2021-01-02,263,7426,241,6226,22,1200,0,0,263,7420,0,0,263,7420,California
San Joaquin,2021-01-03,38,7464,20,6246,18,1218,0,0,37,7456,1,1,37,7457,California
San Joaquin,2021-01-04,476,7940,337,6583,139,1357,0,0,474,7929,1,2,474,7931,California
San Joaquin,2021-01-05,979,8919,646,7229,333,1690,0,0,809,8605,170,172,846,8777,California
San Joaquin,2021-01-06,1220,10139,707,7936,513,2203,0,0,917,9227,298,470,920,9697,California
San Joaquin,2021-01-07,1079,11218,682,8618,397,2600,0,0,790,9732,286,756,791,10488,California
San Joaquin,2021-01-08,1196,12414,820,9438,376,2976,0,0,711,9963,484,1240,715,11203,California
San Joaquin,2021-01-09,377,12791,300,9738,77,3053,0,0,248,10082,129,1369,248,11451,California
San Joaquin,2021-01-10,224,13015,116,9854,108,3161,0,0,171,10201,52,1421,171,11622,California
San Joaquin,2021-01-11,1528,14543,1321,11175,207,3368,0,0,863,10467,664,2085,930,12552,California
San Joaquin,2021-01-12,1463,16006,1053,12228,410,3778,0,0,694,10466,765,2850,764,13316,California
San Joaquin,2021-01-13,1530,17536,895,13123,635,4413,0,0,957,10857,571,3421,962,14278,California
San Joaquin,2021-01-14,1745,19281,969,14092,776,5189,0,0,1405,11959,319,3740,1421,15699,California
San Joaquin,2021-01-15,1523,20804,539,14631,984,6173,0,0,1300,13066,208,3948,1315,17014,California
San Joaquin,2021-01-16,1128,21932,179,14810,949,7122,0,0,1100,14139,27,3975,1100,18114,California
San Joaquin,2021-01-17,1618,23550,135,14945,1483,8605,0,0,1578,15679,40,4015,1580,19694,California
San Joaquin,2021-01-18,738,24288,237,15182,501,9106,0,0,618,16181,116,4131,618,20312,California
San Joaquin,2021-01-19,1871,26159,898,16080,973,10079,0,0,1189,16700,677,4808,1196,21508,California
San Joaquin,2021-01-20,2085,28244,1284,17364,801,10880,0,0,1439,17504,641,5449,1445,22953,California
San Joaquin,2021-01-21,1973,30217,896,18260,1077,11957,0,0,1577,18700,389,5838,1585,24538,California
San Joaquin,2021-01-22,1952,32169,896,19156,1056,13013,0,0,1810,20375,137,5975,1812,26350,California
San Joaquin,2021-01-23,899,33068,398,19554,501,13514,0,0,615,20709,283,6258,617,26967,California
San Joaquin,2021-01-24,351,33419,135,19689,216,13730,0,0,328,21017,20,6278,328,27295,California
San Joaquin,2021-01-25,1995,35414,1141,20830,854,14584,0,0,1430,21888,562,6840,1433,28728,California
San Joaquin,2021-01-26,2148,37562,1116,21946,1032,15616,0,0,1538,22826,605,7445,1543,30271,California
San Joaquin,2021-01-27,1729,39291,768,22714,961,16577,0,0,1233,23574,492,7937,1240,31511,California
San Joaquin,2021-01-28,2034,41325,767,23481,1267,17844,0,0,1382,24314,648,8585,1388,32899,California
San Joaquin,2021-01-29,2149,43474,1046,24527,1103,18947,0,0,1803,25784,341,8926,1811,34710,California
San Joaquin,2021-01-30,2168,45642,351,24878,1817,20764,0,0,1991,27602,175,9101,1993,36703,California
San Joaquin,2021-01-31,1559,47201,181,25059,1378,22142,0,0,1495,29035,63,9164,1496,38199,California
San Joaquin,2021-02-01,2520,49721,1337,26396,1183,23325,0,0,1764,30046,756,9920,1767,39966,California
San Joaquin,2021-02-02,2576,52297,1154,27550,1422,24747,0,0,1966,31465,551,10471,1970,41936,California
San Joaquin,2021-02-03,3073,55370,1214,28764,1859,26606,0,0,2208,32821,858,11329,2214,44150,California
San Joaquin,2021-02-04,3531,58901,1808,30572,1723,28329,0,0,2641,34583,885,12214,2647,46797,California
San Joaquin,2021-02-05,3159,62060,1799,32371,1360,29689,0,0,2340,36121,812,13026,2350,49147,California
San Joaquin,2021-02-06,1086,63146,749,33120,337,30026,0,0,944,36926,140,13166,945,50092,California
San Joaquin,2021-02-07,615,63761,486,33606,129,30155,0,0,412,37141,198,13364,413,50505,California
San Joaquin,2021-02-08,1782,65543,1034,34640,748,30903,0,0,1442,38272,317,13681,1448,51953,California
San Joaquin,2021-02-09,2116,67659,1152,35792,964,31867,0,0,1580,39388,466,14147,1582,53535,California
San Joaquin,2021-02-10,2558,70217,1247,37039,1311,33178,0,0,1340,39532,1196,15343,1340,54875,California
San Joaquin,2021-02-11,2922,73139,1495,38534,1427,34605,0,0,1708,40063,1182,16525,1713,56588,California
San Joaquin,2021-02-12,2814,75953,1126,39660,1688,36293,0,0,1592,40457,1203,17728,1597,58185,California
San Joaquin,2021-02-13,2115,78068,396,40056,1719,38012,0,0,853,40068,1248,18976,859,59044,California
San Joaquin,2021-02-14,1902,79970,260,40316,1642,39654,0,0,690,39574,1185,20161,691,59735,California
San Joaquin,2021-02-15,1985,81955,835,41151,1150,40804,0,0,1193,40009,762,20923,1197,60932,California
San Joaquin,2021-02-16,3155,85110,1372,42523,1783,42587,0,0,1746,40370,1394,22317,1755,62687,California
San Joaquin,2021-02-17,3273,88383,1265,43788,2008,44595,0,0,1865,40844,1395,23712,1869,64556,California
San Joaquin,2021-02-18,3332,91715,1370,45158,1962,46557,0,0,1898,41346,1401,25113,1903,66459,California
San Joaquin,2021-02-19,4256,95971,2406,47564,1850,48407,0,0,2382,41909,1819,26932,2382,68841,California
San Joaquin,2021-02-20,1548,97519,657,48221,891,49298,0,0,1054,42470,493,27425,1054,69895,California
San Joaquin,2021-02-21,661,98180,502,48723,159,49457,0,0,414,42642,244,27669,416,70311,California
San Joaquin,2021-02-22,3535,101715,2494,51217,1041,50498,0,0,2529,44198,977,28646,2533,72844,California
San Joaquin,2021-02-23,4296,106011,2612,53829,1684,52182,0,0,2644,45224,1622,30268,2648,75492,California
San Joaquin,2021-02-24,5726,111737,3405,57234,2321,54503,0,0,4115,47755,1586,31854,4117,79609,California
San Joaquin,2021-02-25,6321,118058,3907,61141,2414,56917,0,0,4078,49633,2210,34064,4088,83697,California
San Joaquin,2021-02-26,5458,123516,2841,63982,2617,59534,0,0,3757,51726,1670,35734,3763,87460,California
San Joaquin,2021-02-27,5452,128968,1618,65600,3834,63368,0,0,2624,51585,2777,38511,2636,90096,California
San Joaquin,2021-02-28,3081,132049,1105,66705,1976,65344,0,0,2035,52600,1022,39533,2037,92133,California
San Joaquin,2021-03-01,4097,136146,1802,68507,2294,67638,1,1,2324,53175,1757,41290,2332,94465,California
San Joaquin,2021-03-02,4197,140343,1678,70185,2519,70157,0,1,2638,54330,1538,42828,2693,97158,California
San Joaquin,2021-03-03,5767,146110,3426,73611,2339,72496,2,3,4160,56908,1583,44411,4161,101319,California
San Joaquin,2021-03-04,5706,151816,2265,75876,3438,75934,3,6,3730,58681,1961,46372,3734,105053,California
San Joaquin,2021-03-05,4431,156247,1879,77755,2547,78481,5,11,3054,60383,1361,47733,3063,108116,California
San Joaquin,2021-03-06,3290,159537,2170,79925,990,79471,130,141,2708,62645,579,48312,2841,110957,California
San Joaquin,2021-03-07,1215,160752,563,80488,605,80076,47,188,932,63344,265,48577,964,111921,California
San Joaquin,2021-03-08,3142,163894,1261,81749,1756,81832,125,313,2131,64600,999,49576,2255,114176,California
San Joaquin,2021-03-09,4016,167910,1821,83570,2067,83899,128,441,2666,66063,1335,50911,2798,116974,California
San Joaquin,2021-03-10,4638,172548,2466,86036,2034,85933,138,579,3414,68406,1210,52121,3553,120527,California
San Joaquin,2021-03-11,4934,177482,2343,88379,1991,87924,600,1179,2933,69952,1991,54112,3537,124064,California
San Joaquin,2021-03-12,6273,183755,3131,91510,2807,90731,335,1514,4154,72354,2094,56206,4496,128560,California
San Joaquin,2021-03-13,3065,186820,1454,92964,1484,92215,127,1641,2289,74008,768,56974,2422,130982,California
San Joaquin,2021-03-14,2156,188976,669,93633,1184,93399,303,1944,1026,74218,1124,58098,1334,132316,California
San Joaquin,2021-03-15,6066,195042,3493,97126,2169,95568,404,2348,3174,74947,2862,60960,3591,135907,California
San Joaquin,2021-03-16,6840,201882,3893,101019,2690,98258,257,2605,4031,76451,2791,63751,4295,140202,California
San Joaquin,2021-03-17,7786,209668,4666,105685,3050,101308,70,2675,4328,77437,3421,67172,4407,144609,California
San Joaquin,2021-03-18,7632,217300,4487,110172,2639,103947,506,3181,3774,77908,3816,70988,4287,148896,California
San Joaquin,2021-03-19,7923,225223,4644,114816,2737,106684,542,3723,4801,80199,3099,74087,5390,154286,California
San Joaquin,2021-03-20,3677,228900,2125,116941,1308,107992,244,3967,1826,80445,1836,75923,2082,156368,California
San Joaquin,2021-03-21,2105,231005,1494,118435,404,108396,207,4174,1182,80965,913,76836,1433,157801,California
San Joaquin,2021-03-22,3961,234966,2028,120463,1517,109913,416,4590,2340,82119,1607,78443,2761,160562,California
San Joaquin,2021-03-23,5375,240341,2639,123102,2569,112482,167,4757,3710,84356,1647,80090,3884,164446,California
San Joaquin,2021-03-24,6825,247166,4235,127337,2503,114985,87,4844,3020,83698,3773,83863,3115,167561,California
San Joaquin,2021-03-25,5544,252710,3290,130627,2212,117197,42,4886,3292,84808,2231,86094,3341,170902,California
San Joaquin,2021-03-26,6158,258868,2554,133181,3454,120651,150,5036,3239,85322,2894,88988,3408,174310,California
San Joaquin,2021-03-27,4658,263526,2621,135802,1965,122616,72,5108,1807,84383,2828,91816,1889,176199,California
San Joaquin,2021-03-28,2719,266245,1804,137606,890,123506,25,5133,1291,84369,1409,93225,1395,177594,California
San Joaquin,2021-03-29,4028,270273,2175,139781,1830,125336,23,5156,2015,84425,1997,95222,2053,179647,California
San Joaquin,2021-03-30,6207,276480,3158,142939,2957,128293,92,5248,3424,85203,2758,97980,3536,183183,California
San Joaquin,2021-03-31,6583,283063,4148,147087,2374,130667,61,5309,3336,85393,3230,101210,3420,186603,California
San Joaquin,2021-04-01,6397,289460,2970,150057,3341,134008,86,5395,2826,84812,3549,104759,2968,189571,California
San Joaquin,2021-04-02,6322,295782,2876,152933,2955,136963,491,5886,2526,84090,3771,108530,3049,192620,California
San Joaquin,2021-04-03,4133,299915,2329,155262,1479,138442,325,6211,1994,84295,2122,110652,2327,194947,California
San Joaquin,2021-04-04,2278,302193,1363,156625,713,139155,202,6413,1547,85337,722,111374,1764,196711,California
San Joaquin,2021-04-05,4701,306894,2821,159446,1698,140853,182,6595,2633,86103,2059,113433,2825,199536,California
San Joaquin,2021-04-06,7024,313918,4517,163963,2245,143098,262,6857,3327,86035,3671,117104,3603,203139,California
San Joaquin,2021-04-07,8312,322230,4520,168483,2210,145308,1582,8439,3492,86319,4805,121909,5089,208228,California
San Joaquin,2021-04-08,8650,330880,4694,173177,1934,147242,2022,10461,3306,86329,5318,127227,5328,213556,California
San Joaquin,2021-04-09,8848,339728,4266,177443,3026,150268,1556,12017,3208,85495,5617,132844,4783,218339,California
San Joaquin,2021-04-10,5207,344935,1625,179068,1676,151944,1906,13923,1759,85718,3438,136282,3661,222000,California
San Joaquin,2021-04-11,4073,349008,1547,180615,1360,153304,1166,15089,1767,86350,2296,138578,2928,224928,California
San Joaquin,2021-04-12,5963,354971,2375,182990,2052,155356,1536,16625,2328,86603,3616,142194,3869,228797,California
San Joaquin,2021-04-13,7451,362422,4294,187284,3150,158506,7,16632,4567,88322,2863,145057,4582,233379,California
San Joaquin,2021-04-14,7436,369858,3714,190998,3722,162228,0,16632,4452,89817,2966,148023,4461,237840,California
San Joaquin,2021-04-15,7784,377642,4589,195587,3195,165423,0,16632,4349,90770,3402,151425,4355,242195,California
San Joaquin,2021-04-16,7623,385265,4069,199656,3551,168974,3,16635,4572,92330,3025,154450,4585,246780,California
San Joaquin,2021-04-17,5139,390404,2776,202432,2361,171335,2,16637,3648,94515,1481,155931,3666,250446,California
San Joaquin,2021-04-18,2458,392862,1360,203792,1098,172433,0,16637,1307,94694,1136,157067,1315,251761,California
San Joaquin,2021-04-19,5145,398007,2788,206580,2357,174790,0,16637,2756,95095,2365,159432,2766,254527,California
San Joaquin,2021-04-20,6213,404220,3269,209849,2944,177734,0,16637,2944,94808,3242,162674,2955,257482,California
San Joaquin,2021-04-21,5637,409857,3122,212971,2515,180249,0,16637,2918,95060,2673,165347,2925,260407,California
San Joaquin,2021-04-22,5271,415128,3117,216088,2153,182402,1,16638,3051,95933,2195,167542,3068,263475,California
San Joaquin,2021-04-23,5895,421023,2832,218920,3062,185464,1,16639,3749,97560,2128,169670,3755,267230,California
San Joaquin,2021-04-24,5224,426247,3600,222520,1623,187087,1,16640,3407,99179,1795,171465,3414,270644,California
San Joaquin,2021-04-25,3039,429286,2559,225079,480,187567,0,16640,2009,100184,1011,172476,2016,272660,California
San Joaquin,2021-04-26,3901,433187,2588,227667,1311,188878,2,16642,2045,100392,1843,174319,2051,274711,California
San Joaquin,2021-04-27,4486,437673,2602,230269,1835,190713,49,16691,1887,99758,2578,176897,1944,276655,California
San Joaquin,2021-04-28,5508,443181,3316,233585,2117,192830,75,16766,2717,99799,2759,179656,2800,279455,California
San Joaquin,2021-04-29,4810,447991,2811,236396,1943,194773,56,16822,2432,99934,2359,182015,2494,281949,California
San Joaquin,2021-04-30,4899,452890,2398,238794,2434,197207,67,16889,2520,100168,2361,184376,2595,284544,California
San Joaquin,2021-05-01,3298,456188,1895,240689,1344,198551,59,16948,2091,101130,1201,185577,2163,286707,California
San Joaquin,2021-05-02,2281,458469,1588,242277,638,199189,55,17003,1162,101236,1114,186691,1220,287927,California
San Joaquin,2021-05-03,3275,461744,2208,244485,992,200181,75,17078,1364,100784,1898,188589,1446,289373,California
San Joaquin,2021-05-04,4817,466561,3279,247764,1386,201567,152,17230,1771,99691,3026,191615,1933,291306,California
San Joaquin,2021-05-05,4554,471115,3007,250771,1385,202952,162,17392,1799,98926,2733,194348,1968,293274,California
San Joaquin,2021-05-06,4610,475725,3077,253848,1405,204357,128,17520,2036,98541,2558,196906,2173,295447,California
San Joaquin,2021-05-07,5048,480773,2919,256767,1977,206334,152,17672,1871,97416,3157,200063,2032,297479,California
San Joaquin,2021-05-08,3252,484025,2091,258858,1060,207394,101,17773,1204,96696,2033,202096,1313,298792,California
San Joaquin,2021-05-09,1473,485498,835,259693,568,207962,70,17843,592,96485,878,202974,667,299459,California
San Joaquin,2021-05-10,2773,488271,1462,261155,1189,209151,122,17965,911,95674,1850,204824,1039,300498,California
San Joaquin,2021-05-11,4058,492329,2153,263308,1791,210942,114,18079,1300,94371,2744,207568,1441,301939,California
San Joaquin,2021-05-12,3953,496282,1833,265141,2007,212949,113,18192,1228,93012,2712,210280,1353,303292,California
San Joaquin,2021-05-13,4195,500477,2387,267528,1723,214672,85,18277,1565,92057,2617,212897,1662,304954,California
San Joaquin,2021-05-14,5534,506011,3280,270808,2147,216819,107,18384,2271,91203,3240,216137,2386,307340,California
San Joaquin,2021-05-15,5068,511079,3025,273833,1965,218784,78,18462,1608,89461,3431,219568,1689,309029,California
San Joaquin,2021-05-16,3474,514553,2713,276546,714,219498,47,18509,1428,88911,2033,221601,1483,310512,California
San Joaquin,2021-05-17,3736,518289,2134,278680,1507,221005,95,18604,1755,88805,1966,223567,1860,312372,California
San Joaquin,2021-05-18,3790,522079,2167,280847,1512,222517,111,18715,1786,88714,1989,225556,1898,314270,California
San Joaquin,2021-05-19,4478,526557,2561,283408,1797,224314,120,18835,2025,88442,2426,227982,2154,316424,California
San Joaquin,2021-05-20,3419,529976,2141,285549,1195,225509,83,18918,1578,88278,1825,229807,1661,318085,California
San Joaquin,2021-05-21,3922,533898,2267,287816,1555,227064,100,19018,1764,88014,2137,231944,1873,319958,California
San Joaquin,2021-05-22,3238,537136,2020,289836,1142,228206,76,19094,1523,87915,1706,233650,1607,321565,California
San Joaquin,2021-05-23,1311,538447,1106,290942,174,228380,31,19125,833,88305,475,234125,865,322430,California
San Luis Obispo,2020-12-16,4,4,4,4,0,0,0,0,4,4,0,0,4,4,California
San Luis Obispo,2020-12-17,196,200,196,200,0,0,0,0,196,200,0,0,196,200,California
San Luis Obispo,2020-12-18,224,424,224,424,0,0,0,0,224,424,0,0,224,424,California
San Luis Obispo,2020-12-19,162,586,162,586,0,0,0,0,162,586,0,0,162,586,California
San Luis Obispo,2020-12-20,215,801,215,801,0,0,0,0,215,801,0,0,215,801,California
San Luis Obispo,2020-12-21,549,1350,548,1349,1,1,0,0,549,1350,0,0,549,1350,California
San Luis Obispo,2020-12-22,311,1661,307,1656,4,5,0,0,311,1661,0,0,311,1661,California
San Luis Obispo,2020-12-23,680,2341,366,2022,314,319,0,0,680,2341,0,0,680,2341,California
San Luis Obispo,2020-12-24,194,2535,19,2041,175,494,0,0,194,2535,0,0,194,2535,California
San Luis Obispo,2020-12-25,2,2537,1,2042,1,495,0,0,2,2537,0,0,2,2537,California
San Luis Obispo,2020-12-26,89,2626,12,2054,77,572,0,0,89,2626,0,0,89,2626,California
San Luis Obispo,2020-12-27,76,2702,0,2054,76,648,0,0,76,2702,0,0,76,2702,California
San Luis Obispo,2020-12-28,878,3580,428,2482,450,1098,0,0,878,3580,0,0,878,3580,California
San Luis Obispo,2020-12-29,901,4481,502,2984,399,1497,0,0,901,4481,0,0,901,4481,California
San Luis Obispo,2020-12-30,1169,5650,678,3662,491,1988,0,0,1169,5650,0,0,1169,5650,California
San Luis Obispo,2020-12-31,107,5757,4,3666,103,2091,0,0,107,5757,0,0,107,5757,California
San Luis Obispo,2021-01-01,13,5770,8,3674,5,2096,0,0,13,5770,0,0,13,5770,California
San Luis Obispo,2021-01-02,34,5804,8,3682,26,2122,0,0,34,5804,0,0,34,5804,California
San Luis Obispo,2021-01-03,16,5820,6,3688,10,2132,0,0,16,5820,0,0,16,5820,California
San Luis Obispo,2021-01-04,681,6501,525,4213,156,2288,0,0,681,6501,0,0,681,6501,California
San Luis Obispo,2021-01-05,972,7473,754,4967,218,2506,0,0,970,7469,2,2,970,7471,California
San Luis Obispo,2021-01-06,727,8200,480,5447,247,2753,0,0,719,8181,7,9,719,8190,California
San Luis Obispo,2021-01-07,1127,9327,949,6396,178,2931,0,0,684,8422,443,452,684,8874,California
San Luis Obispo,2021-01-08,882,10209,804,7200,78,3009,0,0,513,8567,368,820,513,9387,California
San Luis Obispo,2021-01-09,205,10414,195,7395,10,3019,0,0,28,8418,177,997,28,9415,California
San Luis Obispo,2021-01-10,12,10426,8,7403,4,3023,0,0,8,8422,4,1001,8,9423,California
San Luis Obispo,2021-01-11,559,10985,508,7911,51,3074,0,0,298,8460,260,1261,298,9721,California
San Luis Obispo,2021-01-12,598,11583,381,8292,217,3291,0,0,318,8498,280,1541,318,10039,California
San Luis Obispo,2021-01-13,883,12466,256,8548,627,3918,0,0,647,8911,234,1775,647,10686,California
San Luis Obispo,2021-01-14,727,13193,242,8790,485,4403,0,0,601,9399,113,1888,601,11287,California
San Luis Obispo,2021-01-15,727,13920,286,9076,441,4844,0,0,554,9785,168,2056,554,11841,California
San Luis Obispo,2021-01-16,100,14020,81,9157,19,4863,0,0,95,9875,5,2061,95,11936,California
San Luis Obispo,2021-01-17,64,14084,58,9215,6,4869,0,0,64,9939,0,2061,64,12000,California
San Luis Obispo,2021-01-18,1370,15454,387,9602,983,5852,0,0,1108,10785,262,2323,1108,13108,California
San Luis Obispo,2021-01-19,1583,17037,417,10019,1166,7018,0,0,1175,11552,408,2731,1175,14283,California
San Luis Obispo,2021-01-20,1885,18922,597,10616,1288,8306,0,0,1296,12262,587,3318,1297,15580,California
San Luis Obispo,2021-01-21,1571,20493,466,11082,1105,9411,0,0,1200,13096,367,3685,1201,16781,California
San Luis Obispo,2021-01-22,1519,22012,505,11587,1014,10425,0,0,1204,13987,313,3998,1204,17985,California
San Luis Obispo,2021-01-23,311,22323,293,11880,18,10443,0,0,295,14266,16,4014,295,18280,California
San Luis Obispo,2021-01-24,244,22567,236,12116,8,10451,0,0,238,14498,6,4020,238,18518,California
San Luis Obispo,2021-01-25,2072,24639,599,12715,1473,11924,0,0,1244,14914,828,4848,1244,19762,California
San Luis Obispo,2021-01-26,2000,26639,699,13414,1301,13225,0,0,1139,15192,861,5709,1139,20901,California
San Luis Obispo,2021-01-27,1609,28248,283,13697,1326,14551,0,0,1151,15885,458,6167,1151,22052,California
San Luis Obispo,2021-01-28,1493,29741,343,14040,1150,15701,0,0,1231,16856,260,6427,1231,23283,California
San Luis Obispo,2021-01-29,1736,31477,681,14721,1055,16756,0,0,1451,18022,285,6712,1451,24734,California
San Luis Obispo,2021-01-30,38,31515,19,14740,19,16775,0,0,26,18037,11,6723,26,24760,California
San Luis Obispo,2021-01-31,27,31542,19,14759,8,16783,0,0,25,18060,2,6725,25,24785,California
San Luis Obispo,2021-02-01,1707,33249,739,15498,968,17751,0,0,1404,19162,302,7027,1404,26189,California
San Luis Obispo,2021-02-02,1896,35145,678,16176,1218,18969,0,0,1522,20310,374,7401,1522,27711,California
San Luis Obispo,2021-02-03,1707,36852,728,16904,979,19948,0,0,1293,21189,414,7815,1293,29004,California
San Luis Obispo,2021-02-04,1659,38511,802,17706,857,20805,0,0,1093,21716,566,8381,1093,30097,California
San Luis Obispo,2021-02-05,1602,40113,715,18421,887,21692,0,0,1058,22230,545,8926,1059,31156,California
San Luis Obispo,2021-02-06,175,40288,108,18529,67,21759,0,0,95,22245,80,9006,95,31251,California
San Luis Obispo,2021-02-07,125,40413,80,18609,45,21804,0,0,72,22265,53,9059,73,31324,California
San Luis Obispo,2021-02-08,857,41270,469,19078,388,22192,0,0,499,22407,357,9416,499,31823,California
San Luis Obispo,2021-02-09,1122,42392,448,19526,674,22866,0,0,541,22380,575,9991,548,32371,California
San Luis Obispo,2021-02-10,1438,43830,489,20015,949,23815,0,0,531,22008,906,10897,534,32905,California
San Luis Obispo,2021-02-11,1330,45160,843,20858,487,24302,0,0,656,21992,672,11569,656,33561,California
San Luis Obispo,2021-02-12,786,45946,362,21220,424,24726,0,0,421,22048,365,11934,421,33982,California
San Luis Obispo,2021-02-13,394,46340,127,21347,267,24993,0,0,286,22227,107,12041,286,34268,California
San Luis Obispo,2021-02-14,318,46658,41,21388,277,25270,0,0,282,22474,36,12077,283,34551,California
San Luis Obispo,2021-02-15,727,47385,137,21525,590,25860,0,0,473,22694,253,12330,473,35024,California
San Luis Obispo,2021-02-16,2964,50349,1198,22723,1766,27626,0,0,1361,22452,1603,13933,1361,36385,California
San Luis Obispo,2021-02-17,2777,53126,1238,23961,1539,29165,0,0,1030,21744,1738,15671,1030,37415,California
San Luis Obispo,2021-02-18,2825,55951,1458,25419,1367,30532,0,0,1132,21192,1685,17356,1133,38548,California
San Luis Obispo,2021-02-19,1459,57410,1338,26757,121,30653,0,0,1135,22004,323,17679,1135,39683,California
San Luis Obispo,2021-02-20,254,57664,81,26838,173,30826,0,0,216,22182,38,17717,216,39899,California
San Luis Obispo,2021-02-21,57,57721,53,26891,4,30830,0,0,32,22189,25,17742,32,39931,California
San Luis Obispo,2021-02-22,2412,60133,1865,28756,547,31377,0,0,1466,22710,946,18688,1467,41398,California
San Luis Obispo,2021-02-23,1861,61994,1746,30502,115,31492,0,0,1368,23587,492,19180,1369,42767,California
San Luis Obispo,2021-02-24,2645,64639,1301,31803,1344,32836,0,0,835,22615,1807,20987,835,43602,California
San Luis Obispo,2021-02-25,2132,66771,1243,33046,889,33725,0,0,1206,22902,920,21907,1207,44809,California
San Luis Obispo,2021-02-26,2648,69419,1150,34196,1498,35223,0,0,1327,22916,1313,23220,1327,46136,California
San Luis Obispo,2021-02-27,575,69994,349,34545,226,35449,0,0,525,23391,50,23270,525,46661,California
San Luis Obispo,2021-02-28,196,70190,69,34614,127,35576,0,0,161,23518,34,23304,161,46822,California
San Luis Obispo,2021-03-01,2975,73165,1850,36464,1123,36699,2,2,2048,24641,928,24232,2051,48873,California
San Luis Obispo,2021-03-02,3009,76174,1894,38358,1115,37814,0,2,1861,25359,1144,25376,1862,50735,California
San Luis Obispo,2021-03-03,2286,78460,338,38696,1948,39762,0,2,837,24754,1443,26819,838,51573,California
San Luis Obispo,2021-03-04,2193,80653,1160,39856,1033,40795,0,2,1179,24923,1012,27831,1181,52754,California
San Luis Obispo,2021-03-05,2299,82952,1021,40877,1208,42003,70,72,1296,25300,989,28820,1366,54120,California
San Luis Obispo,2021-03-06,837,83789,310,41187,420,42423,107,179,617,25798,220,29040,718,54838,California
San Luis Obispo,2021-03-07,201,83990,33,41220,84,42507,84,263,73,25828,127,29167,157,54995,California
San Luis Obispo,2021-03-08,2736,86726,760,41980,1660,44167,316,579,1543,26497,1190,30357,1859,56854,California
San Luis Obispo,2021-03-09,2948,89674,968,42948,1732,45899,248,827,1524,26849,1420,31777,1772,58626,California
San Luis Obispo,2021-03-10,3195,92869,1241,44189,1672,47571,282,1109,1814,27568,1377,33154,2096,60722,California
San Luis Obispo,2021-03-11,3295,96164,1271,45460,1701,49272,323,1432,1806,28217,1479,34633,2128,62850,California
San Luis Obispo,2021-03-12,3249,99413,1282,46742,1629,50901,338,1770,1616,28549,1625,36258,1957,64807,California
San Luis Obispo,2021-03-13,794,100207,262,47004,423,51324,109,1879,431,28726,362,36620,539,65346,California
San Luis Obispo,2021-03-14,514,100721,53,47057,350,51674,111,1990,134,28592,379,36999,245,65591,California
San Luis Obispo,2021-03-15,3058,103779,1098,48155,1862,53536,98,2088,1529,28695,1525,38524,1628,67219,California
San Luis Obispo,2021-03-16,2848,106627,1510,49665,1228,54764,110,2198,1434,28830,1408,39932,1543,68762,California
San Luis Obispo,2021-03-17,3425,110052,1449,51114,1715,56479,261,2459,1978,29632,1436,41368,2238,71000,California
San Luis Obispo,2021-03-18,2810,112862,1447,52561,1149,57628,214,2673,1337,29714,1468,42836,1550,72550,California
San Luis Obispo,2021-03-19,2588,115450,1566,54127,701,58329,321,2994,956,29369,1624,44460,1279,73829,California
San Luis Obispo,2021-03-20,839,116289,501,54628,301,58630,37,3031,385,29338,453,44913,422,74251,California
San Luis Obispo,2021-03-21,187,116476,45,54673,139,58769,3,3034,157,29469,29,44942,160,74411,California
San Luis Obispo,2021-03-22,2689,119165,1170,55843,1471,60240,48,3082,1869,30570,816,45758,1917,76328,California
San Luis Obispo,2021-03-23,3375,122540,2209,58052,1135,61375,31,3113,2265,31761,1105,46863,2296,78624,California
San Luis Obispo,2021-03-24,3517,126057,2138,60190,1294,62669,85,3198,2620,33573,892,47755,2704,81328,California
San Luis Obispo,2021-03-25,3677,129734,2296,62486,1369,64038,12,3210,2636,35183,1037,48792,2647,83975,California
San Luis Obispo,2021-03-26,3181,132915,1759,64245,990,65028,432,3642,1782,36003,1394,50186,2214,86189,California
San Luis Obispo,2021-03-27,993,133908,507,64752,394,65422,92,3734,452,36008,539,50725,544,86733,California
San Luis Obispo,2021-03-28,446,134354,153,64905,237,65659,56,3790,245,36109,200,50925,301,87034,California
San Luis Obispo,2021-03-29,2578,136932,1280,66185,1165,66824,133,3923,1642,36962,922,51847,1775,88809,California
San Luis Obispo,2021-03-30,3501,140433,1910,68095,1448,68272,143,4066,2330,38268,1165,53012,2471,91280,California
San Luis Obispo,2021-03-31,3873,144306,2463,70558,1264,69536,146,4212,2500,39550,1363,54375,2645,93925,California
San Luis Obispo,2021-04-01,3846,148152,2426,72984,1301,70837,119,4331,2692,41220,1141,55516,2811,96736,California
San Luis Obispo,2021-04-02,1746,149898,688,73672,745,71582,313,4644,946,41679,798,56314,1257,97993,California
San Luis Obispo,2021-04-03,1108,151006,556,74228,425,72007,127,4771,491,41684,613,56927,618,98611,California
San Luis Obispo,2021-04-04,383,151389,131,74359,212,72219,40,4811,236,41813,147,57074,276,98887,California
San Luis Obispo,2021-04-05,3613,155002,1949,76308,1553,73772,111,4922,2026,42365,1584,58658,2136,101023,California
San Luis Obispo,2021-04-06,4031,159033,2149,78457,1559,75331,323,5245,1933,42532,2089,60747,2256,103279,California
San Luis Obispo,2021-04-07,4285,163318,2339,80796,1582,76913,364,5609,2449,43520,1822,62569,2810,106089,California
San Luis Obispo,2021-04-08,4025,167343,2191,82987,1433,78346,401,6010,2147,44197,1871,64440,2548,108637,California
San Luis Obispo,2021-04-09,3654,170997,1739,84726,1160,79506,755,6765,1500,44302,2145,66585,2250,110887,California
San Luis Obispo,2021-04-10,1572,172569,557,85283,351,79857,664,7429,483,44358,1089,67674,1145,112032,California
San Luis Obispo,2021-04-11,312,172881,63,85346,186,80043,63,7492,125,44361,185,67859,188,112220,California
San Luis Obispo,2021-04-12,3373,176254,1695,87041,1515,81558,163,7655,1409,43968,1964,69823,1571,113791,California
San Luis Obispo,2021-04-13,3641,179895,2098,89139,1542,83100,1,7656,1967,44265,1672,71495,1969,115760,California
San Luis Obispo,2021-04-14,2863,182758,1692,90831,1168,84268,3,7659,1669,44752,1182,72677,1669,117429,California
San Luis Obispo,2021-04-15,3690,186448,2402,93233,1287,85555,1,7660,1974,45030,1698,74375,1976,119405,California
San Luis Obispo,2021-04-16,3620,190068,2202,95435,1414,86969,4,7664,1797,45010,1819,76194,1799,121204,California
San Luis Obispo,2021-04-17,1090,191158,431,95866,657,87626,2,7666,708,45339,381,76575,710,121914,California
San Luis Obispo,2021-04-18,321,191479,99,95965,221,87847,1,7667,111,45243,207,76782,111,122025,California
San Luis Obispo,2021-04-19,3135,194614,1288,97253,1809,89656,38,7705,1135,44422,1996,78778,1175,123200,California
San Luis Obispo,2021-04-20,3523,198137,1937,99190,1586,91242,0,7705,1331,43573,2180,80958,1331,124531,California
San Luis Obispo,2021-04-21,3911,202048,1801,100991,2110,93352,0,7705,1596,42873,2296,83254,1596,126127,California
San Luis Obispo,2021-04-22,4574,206622,2054,103045,2520,95872,0,7705,1447,41212,3110,86364,1449,127576,California
San Luis Obispo,2021-04-23,1458,208080,842,103887,612,96484,4,7709,697,41164,756,87120,708,128284,California
San Luis Obispo,2021-04-24,1077,209157,439,104326,619,97103,19,7728,491,41093,581,87701,510,128794,California
San Luis Obispo,2021-04-25,345,209502,161,104487,184,97287,0,7728,112,40973,232,87933,112,128906,California
San Luis Obispo,2021-04-26,963,210465,336,104823,610,97897,17,7745,356,40750,595,88528,372,129278,California
San Luis Obispo,2021-04-27,3698,214163,1916,106739,1713,99610,69,7814,1430,39987,2261,90789,1498,130776,California
San Luis Obispo,2021-04-28,3727,217890,2087,108826,1568,101178,72,7886,1282,38909,2432,93221,1354,132130,California
San Luis Obispo,2021-04-29,3658,221548,2112,110938,1477,102655,69,7955,1212,37759,2432,95653,1282,133412,California
San Luis Obispo,2021-04-30,2969,224517,1665,112603,1231,103886,73,8028,929,36733,2026,97679,1000,134412,California
San Luis Obispo,2021-05-01,471,224988,160,112763,275,104161,36,8064,100,36501,367,98046,135,134547,California
San Luis Obispo,2021-05-02,170,225158,52,112815,98,104259,20,8084,42,36435,128,98174,62,134609,California
San Luis Obispo,2021-05-03,886,226044,289,113104,494,104753,103,8187,225,36101,660,98834,326,134935,California
San Luis Obispo,2021-05-04,2923,228967,1897,115001,963,105716,63,8250,865,34976,2051,100885,926,135861,California
San Luis Obispo,2021-05-05,2802,231769,1850,116851,886,106602,66,8316,692,33636,2099,102984,759,136620,California
San Luis Obispo,2021-05-06,2786,234555,1885,118736,849,107451,52,8368,730,32377,2041,105025,782,137402,California
San Luis Obispo,2021-05-07,2308,236863,1751,120487,496,107947,61,8429,608,31367,1680,106705,670,138072,California
San Luis Obispo,2021-05-08,566,237429,333,120820,209,108156,24,8453,191,31225,357,107062,215,138287,California
San Luis Obispo,2021-05-09,164,237593,41,120861,104,108260,19,8472,46,31173,117,107179,65,138352,California
San Luis Obispo,2021-05-10,718,238311,151,121012,519,108779,48,8520,154,30815,559,107738,201,138553,California
San Luis Obispo,2021-05-11,1165,239476,596,121608,499,109278,70,8590,359,30442,802,108540,429,138982,California
San Luis Obispo,2021-05-12,2358,241834,1576,123184,700,109978,82,8672,682,29545,1661,110201,764,139746,California
San Luis Obispo,2021-05-13,1033,242867,650,123834,324,110302,59,8731,442,29458,587,110788,500,140246,California
San Luis Obispo,2021-05-14,2187,245054,1617,125451,529,110831,41,8772,928,29184,1243,112031,969,141215,California
San Luis Obispo,2021-05-15,988,246042,457,125908,497,111328,34,8806,469,29171,517,112548,504,141719,California
San Luis Obispo,2021-05-16,303,246345,162,126070,135,111463,6,8812,171,29217,131,112679,177,141896,California
San Luis Obispo,2021-05-17,1655,248000,963,127033,641,112104,51,8863,670,28962,976,113655,721,142617,California
San Luis Obispo,2021-05-18,1885,249885,1150,128183,703,112807,32,8895,730,28575,1150,114805,763,143380,California
San Luis Obispo,2021-05-19,1440,251325,621,128804,757,113564,62,8957,417,28035,1018,115823,478,143858,California
San Luis Obispo,2021-05-20,965,252290,442,129246,493,114057,30,8987,271,27652,684,116507,301,144159,California
San Luis Obispo,2021-05-21,841,253131,484,129730,325,114382,32,9019,400,27650,434,116941,432,144591,California
San Luis Obispo,2021-05-22,518,253649,276,130006,221,114603,21,9040,280,27718,232,117173,300,144891,California
San Luis Obispo,2021-05-23,28,253677,10,130016,18,114621,0,9040,12,27714,16,117189,12,144903,California
San Mateo,2020-12-15,26,26,26,26,0,0,0,0,26,26,0,0,26,26,California
San Mateo,2020-12-16,110,136,110,136,0,0,0,0,110,136,0,0,110,136,California
San Mateo,2020-12-17,164,300,164,300,0,0,0,0,164,300,0,0,164,300,California
San Mateo,2020-12-18,740,1040,738,1038,2,2,0,0,740,1040,0,0,740,1040,California
San Mateo,2020-12-19,514,1554,514,1552,0,2,0,0,514,1554,0,0,514,1554,California
San Mateo,2020-12-20,510,2064,509,2061,1,3,0,0,510,2064,0,0,510,2064,California
San Mateo,2020-12-21,1154,3218,1154,3215,0,3,0,0,1154,3218,0,0,1154,3218,California
San Mateo,2020-12-22,1526,4744,1519,4734,7,10,0,0,1526,4744,0,0,1526,4744,California
San Mateo,2020-12-23,1581,6325,1391,6125,190,200,0,0,1581,6325,0,0,1581,6325,California
San Mateo,2020-12-24,867,7192,611,6736,256,456,0,0,867,7192,0,0,867,7192,California
San Mateo,2020-12-25,116,7308,112,6848,4,460,0,0,116,7308,0,0,116,7308,California
San Mateo,2020-12-26,562,7870,419,7267,143,603,0,0,562,7870,0,0,562,7870,California
San Mateo,2020-12-27,305,8175,175,7442,130,733,0,0,305,8175,0,0,305,8175,California
San Mateo,2020-12-28,1051,9226,705,8147,346,1079,0,0,1051,9226,0,0,1051,9226,California
San Mateo,2020-12-29,1129,10355,704,8851,425,1504,0,0,1129,10355,0,0,1129,10355,California
San Mateo,2020-12-30,1264,11619,759,9610,505,2009,0,0,1264,11619,0,0,1264,11619,California
San Mateo,2020-12-31,717,12336,230,9840,487,2496,0,0,716,12334,1,1,716,12335,California
San Mateo,2021-01-01,83,12419,55,9895,28,2524,0,0,83,12417,0,1,83,12418,California
San Mateo,2021-01-02,398,12817,268,10163,130,2654,0,0,398,12815,0,1,398,12816,California
San Mateo,2021-01-03,284,13101,209,10372,75,2729,0,0,281,13093,3,4,281,13097,California
San Mateo,2021-01-04,1048,14149,677,11049,371,3100,0,0,1048,14141,0,4,1048,14145,California
San Mateo,2021-01-05,1203,15352,707,11756,496,3596,0,0,1174,15287,29,33,1175,15320,California
San Mateo,2021-01-06,1452,16804,954,12710,498,4094,0,0,1268,16375,181,214,1269,16589,California
San Mateo,2021-01-07,1457,18261,810,13520,647,4741,0,0,1168,17262,282,496,1169,17758,California
San Mateo,2021-01-08,1843,20104,1193,14713,650,5391,0,0,1147,17721,689,1185,1148,18906,California
San Mateo,2021-01-09,1178,21282,776,15489,402,5793,0,0,720,17983,458,1643,720,19626,California
San Mateo,2021-01-10,706,21988,577,16066,129,5922,0,0,266,17809,440,2083,266,19892,California
San Mateo,2021-01-11,2597,24585,1489,17555,1108,7030,0,0,1527,18267,1071,3154,1529,21421,California
San Mateo,2021-01-12,3403,27988,1894,19449,1509,8539,0,0,2215,19300,1186,4340,2219,23640,California
San Mateo,2021-01-13,3390,31378,1652,21101,1738,10277,0,0,2356,20624,1034,5374,2358,25998,California
San Mateo,2021-01-14,3782,35160,1587,22688,2195,12472,0,0,3095,23037,687,6061,3100,29098,California
San Mateo,2021-01-15,4324,39484,1708,24396,2616,15088,0,0,3793,26303,529,6590,3795,32893,California
San Mateo,2021-01-16,3072,42556,763,25159,2309,17397,0,0,2751,28734,321,6911,2752,35645,California
San Mateo,2021-01-17,1314,43870,308,25467,1006,18403,0,0,1106,29632,208,7119,1106,36751,California
San Mateo,2021-01-18,1367,45237,534,26001,833,19236,0,0,994,30259,370,7489,997,37748,California
San Mateo,2021-01-19,2801,48038,1796,27797,1005,20241,0,0,2006,31473,792,8281,2006,39754,California
San Mateo,2021-01-20,2803,50841,1546,29343,1257,21498,0,0,1960,32594,840,9121,1961,41715,California
San Mateo,2021-01-21,2858,53699,1302,30645,1556,23054,0,0,2265,34271,591,9712,2268,43983,California
San Mateo,2021-01-22,2799,56498,1138,31783,1661,24715,0,0,2500,36475,297,10009,2501,46484,California
San Mateo,2021-01-23,2881,59379,1689,33472,1192,25907,0,0,2518,38631,363,10372,2519,49003,California
San Mateo,2021-01-24,1519,60898,375,33847,1144,27051,0,0,1208,39530,310,10682,1209,50212,California
San Mateo,2021-01-25,4433,65331,3154,37001,1279,28330,0,0,3533,42169,898,11580,3537,53749,California
San Mateo,2021-01-26,4293,69624,2979,39980,1314,29644,0,0,3381,44640,911,12491,3382,57131,California
San Mateo,2021-01-27,2784,72408,1466,41446,1318,30962,0,0,1792,45447,986,13477,1793,58924,California
San Mateo,2021-01-28,2800,75208,1355,42801,1445,32407,0,0,1947,46556,838,14315,1947,60871,California
San Mateo,2021-01-29,2985,78193,1345,44146,1640,34047,0,0,2148,47872,835,15150,2151,63022,California
San Mateo,2021-01-30,3410,81603,1482,45628,1928,35975,0,0,2951,50366,458,15608,2952,65974,California
San Mateo,2021-01-31,1679,83282,896,46524,783,36758,0,0,1517,51722,161,15769,1517,67491,California
San Mateo,2021-02-01,2935,86217,1352,47876,1583,38341,0,0,2219,53230,712,16481,2220,69711,California
San Mateo,2021-02-02,3171,89388,1730,49606,1441,39782,0,0,2157,54376,1011,17492,2157,71868,California
San Mateo,2021-02-03,4993,94381,2058,51664,2935,42717,0,0,3849,57085,1141,18633,3850,75718,California
San Mateo,2021-02-04,6195,100576,2493,54157,3702,46419,0,0,4918,60735,1272,19905,4922,80640,California
San Mateo,2021-02-05,6799,107375,2553,56710,4246,50665,0,0,4973,63899,1809,21714,4973,85613,California
San Mateo,2021-02-06,3278,110653,1913,58623,1365,52030,0,0,2623,65870,654,22368,2625,88238,California
San Mateo,2021-02-07,1905,112558,1352,59975,553,52583,0,0,1713,67391,192,22560,1713,89951,California
San Mateo,2021-02-08,5287,117845,2255,62230,3032,55615,0,0,3111,68391,2111,24671,3111,93062,California
San Mateo,2021-02-09,6188,124033,3226,65456,2962,58577,0,0,3340,68889,2842,27513,3340,96402,California
San Mateo,2021-02-10,6511,130544,3279,68735,3232,61809,0,0,3424,69236,3077,30590,3424,99826,California
San Mateo,2021-02-11,7047,137591,3573,72308,3474,65283,0,0,3788,69777,3250,33840,3791,103617,California
San Mateo,2021-02-12,6625,144216,2956,75264,3669,68952,0,0,4698,72552,1925,35765,4700,108317,California
San Mateo,2021-02-13,6118,150334,4019,79283,2099,71051,0,0,2640,71719,3473,39238,2640,110957,California
San Mateo,2021-02-14,4641,154975,3024,82307,1617,72668,0,0,1986,71058,2648,41886,1987,112944,California
San Mateo,2021-02-15,3165,158140,1456,83763,1709,74377,0,0,1790,71480,1369,43255,1791,114735,California
San Mateo,2021-02-16,7148,165288,1882,85645,5266,79643,0,0,5275,74886,1871,45126,5277,120012,California
San Mateo,2021-02-17,7076,172364,1951,87596,5125,84768,0,0,5061,77938,2011,47137,5063,125075,California
San Mateo,2021-02-18,6661,179025,4597,92193,2064,86832,0,0,4435,80154,2222,49359,4438,129513,California
San Mateo,2021-02-19,7776,186801,5583,97776,2193,89025,0,0,5778,83940,1992,51351,5778,135291,California
San Mateo,2021-02-20,3735,190536,2421,100197,1314,90339,0,0,2305,84822,1423,52774,2305,137596,California
San Mateo,2021-02-21,2609,193145,1769,101966,840,91179,0,0,1562,85344,1040,53814,1562,139158,California
San Mateo,2021-02-22,4430,197575,3213,105179,1217,92396,0,0,2799,86519,1625,55439,2800,141958,California
San Mateo,2021-02-23,4347,201922,3105,108284,1242,93638,0,0,2539,87258,1800,57239,2539,144497,California
San Mateo,2021-02-24,7307,209229,3285,111569,4022,97660,0,0,4880,89718,2421,59660,4881,149378,California
San Mateo,2021-02-25,9109,218338,4027,115596,5082,102742,0,0,6032,92691,3060,62720,6033,155411,California
San Mateo,2021-02-26,9770,228108,3721,119317,6049,108791,0,0,6847,96633,2909,65629,6851,162262,California
San Mateo,2021-02-27,6789,234897,3496,122813,3292,112083,1,1,3683,97222,3100,68729,3689,165951,California
San Mateo,2021-02-28,4133,239030,2518,125331,1615,113698,0,1,2556,98208,1571,70300,2557,168508,California
San Mateo,2021-03-01,5734,244764,3614,128945,2118,115816,2,3,2855,98199,2866,73166,2857,171365,California
San Mateo,2021-03-02,6260,251024,4450,133395,1809,117625,1,4,3632,99213,2620,75786,3634,174999,California
San Mateo,2021-03-03,8456,259480,3986,137381,4468,122093,2,6,3655,98081,4789,80575,3657,178656,California
San Mateo,2021-03-04,8492,267972,3998,141379,4491,126584,3,9,3841,97296,4631,85206,3846,182502,California
San Mateo,2021-03-05,9344,277316,6235,147614,3105,129689,4,13,6570,101119,2754,87960,6577,189079,California
San Mateo,2021-03-06,7962,285278,5550,153164,2237,131926,175,188,5846,105032,2107,90067,6020,195099,California
San Mateo,2021-03-07,3602,288880,2447,155611,1087,133013,68,256,2132,105766,1466,91533,2200,197299,California
San Mateo,2021-03-08,4543,293423,2578,158189,1748,134761,217,473,3318,108081,1218,92751,3533,200832,California
San Mateo,2021-03-09,5327,298750,2866,161055,2184,136945,277,750,3737,110511,1581,94332,4011,204843,California
San Mateo,2021-03-10,7193,305943,2910,163965,3998,140943,285,1035,4810,113235,2370,96702,5094,209937,California
San Mateo,2021-03-11,9143,315086,5753,169718,2997,143940,393,1428,3727,111968,5386,102088,4119,214056,California
San Mateo,2021-03-12,10584,325670,6676,176394,3522,147462,386,1814,3575,108938,6991,109079,3961,218017,California
San Mateo,2021-03-13,8207,333877,3506,179900,3072,150534,1629,3443,3977,110317,4218,113297,5597,223614,California
San Mateo,2021-03-14,5001,338878,3373,183273,1521,152055,107,3550,2667,110763,2327,115624,2773,226387,California
San Mateo,2021-03-15,7214,346092,4664,187937,2374,154429,176,3726,3803,111338,3405,119029,3980,230367,California
San Mateo,2021-03-16,11952,358044,4402,192339,7428,161857,122,3848,4830,109188,7105,126134,4955,235322,California
San Mateo,2021-03-17,10862,368906,4429,196768,6307,168164,126,3974,4905,108293,5930,132064,5035,240357,California
San Mateo,2021-03-18,7300,376206,4104,200872,3013,171177,183,4157,4333,109847,2961,135025,4515,244872,California
San Mateo,2021-03-19,7473,383679,4838,205710,1968,173145,667,4824,3650,110351,3813,138838,4317,249189,California
San Mateo,2021-03-20,8416,392095,6529,212239,1546,174691,341,5165,5426,113142,2975,141813,5766,254955,California
San Mateo,2021-03-21,4248,396343,3217,215456,797,175488,234,5399,2379,113894,1858,143671,2610,257565,California
San Mateo,2021-03-22,5280,401623,3599,219055,1264,176752,417,5816,2836,114717,2431,146102,3254,260819,California
San Mateo,2021-03-23,9833,411456,4499,223554,5138,181890,196,6012,4418,113945,5385,151487,4613,265432,California
San Mateo,2021-03-24,9519,420975,5514,229068,3862,185752,143,6155,4093,112824,5355,156842,4234,269666,California
San Mateo,2021-03-25,10132,431107,4973,234041,4879,190631,280,6435,4453,111984,5576,162418,4736,274402,California
San Mateo,2021-03-26,11272,442379,7775,241816,3331,193962,166,6601,4353,109625,6880,169298,4521,278923,California
San Mateo,2021-03-27,10575,452954,8099,249915,2370,196332,106,6707,4670,108512,5886,175184,4773,283696,California
San Mateo,2021-03-28,4304,457258,2792,252707,1400,197732,112,6819,2015,108360,2280,177464,2128,285824,California
San Mateo,2021-03-29,6066,463324,3786,256493,2028,199760,252,7071,2760,108085,3287,180751,3012,288836,California
San Mateo,2021-03-30,7155,470479,4089,260582,2913,202673,153,7224,3838,108776,3301,184052,3992,292828,California
San Mateo,2021-03-31,7302,477781,4624,265206,2536,205209,142,7366,3857,109348,3427,187479,3999,296827,California
San Mateo,2021-04-01,10595,488376,5235,270441,4152,209361,1208,8574,5682,111365,4869,192348,6886,303713,California
San Mateo,2021-04-02,10873,499249,5215,275656,4047,213408,1611,10185,5700,113521,5153,197501,7309,311022,California
San Mateo,2021-04-03,9992,509241,5744,281400,2471,215879,1777,11962,5109,115532,4875,202376,6886,317908,California
San Mateo,2021-04-04,5448,514689,2623,284023,1571,217450,1254,13216,1705,114761,3728,206104,2957,320865,California
San Mateo,2021-04-05,8975,523664,4787,288810,2454,219904,1734,14950,3824,115182,5135,211239,5556,326421,California
San Mateo,2021-04-06,13209,536873,8245,297055,3108,223012,1856,16806,7514,118875,5682,216921,9375,335796,California
San Mateo,2021-04-07,11400,548273,5266,302321,4448,227460,1686,18492,4834,118843,6545,223466,6513,342309,California
San Mateo,2021-04-08,10121,558394,5040,307361,2494,229954,2587,21079,4484,120281,5621,229087,7059,349368,California
San Mateo,2021-04-09,11265,569659,5482,312843,3307,233261,2476,23555,5037,121561,6226,235313,7506,356874,California
San Mateo,2021-04-10,11191,580850,5675,318518,4081,237342,1435,24990,4616,121058,6549,241862,6046,362920,California
San Mateo,2021-04-11,6620,587470,3288,321806,873,238215,2459,27449,2298,121496,4314,246176,4752,367672,California
San Mateo,2021-04-12,7310,594780,4466,326272,1883,240098,961,28410,3528,122224,3761,249937,4489,372161,California
San Mateo,2021-04-13,8155,602935,5085,331357,3061,243159,9,28419,4314,122716,3833,253770,4325,376486,California
San Mateo,2021-04-14,8306,611241,5367,336724,2938,246097,1,28420,4252,122939,4037,257807,4260,380746,California
San Mateo,2021-04-15,11095,622336,7374,344098,3719,249816,2,28422,7256,126384,3814,261621,7259,388005,California
San Mateo,2021-04-16,9972,632308,6867,350965,3089,252905,16,28438,6323,129097,3631,265252,6344,394349,California
San Mateo,2021-04-17,9754,642062,6471,357436,3280,256185,3,28441,6159,131677,3586,268838,6166,400515,California
San Mateo,2021-04-18,5426,647488,2591,360027,2835,259020,0,28441,3658,133583,1758,270596,3664,404179,California
San Mateo,2021-04-19,8380,655868,5449,365476,2931,261951,0,28441,5447,136118,2921,273517,5456,409635,California
San Mateo,2021-04-20,10272,666140,5707,371183,4564,266515,1,28442,6607,139090,3646,277163,6618,416253,California
San Mateo,2021-04-21,9001,675141,6078,377261,2923,269438,0,28442,5561,141232,3426,280589,5568,421821,California
San Mateo,2021-04-22,9584,684725,6406,383667,3177,272615,1,28443,5321,142327,4232,284821,5327,427148,California
San Mateo,2021-04-23,9439,694164,6208,389875,3231,275846,0,28443,5288,143504,4126,288947,5303,432451,California
San Mateo,2021-04-24,11259,705423,8030,397905,3229,279075,0,28443,5804,143882,5434,294381,5812,438263,California
San Mateo,2021-04-25,5530,710953,3864,401769,1664,280739,2,28445,3929,146234,1588,295969,3940,442203,California
San Mateo,2021-04-26,6318,717271,4619,406388,1691,282430,8,28453,3643,147231,2665,298634,3662,445865,California
San Mateo,2021-04-27,10993,728264,7821,414209,3067,285497,105,28558,4433,145241,6533,305167,4543,450408,California
San Mateo,2021-04-28,7667,735931,4427,418636,3036,288533,204,28762,4015,145820,3644,308811,4223,454631,California
San Mateo,2021-04-29,7921,743852,3712,422348,4035,292568,174,28936,3506,145124,4388,313199,3692,458323,California
San Mateo,2021-04-30,8071,751923,5065,427413,2853,295421,153,29089,3414,144069,4636,317835,3581,461904,California
San Mateo,2021-05-01,6148,758071,4121,431534,1909,297330,118,29207,2660,143385,3473,321308,2789,464693,California
San Mateo,2021-05-02,3176,761247,1740,433274,1365,298695,71,29278,1146,142584,2022,323330,1221,465914,California
San Mateo,2021-05-03,5981,767228,4463,437737,1374,300069,144,29422,1847,140448,4127,327457,1991,467905,California
San Mateo,2021-05-04,7226,774454,4893,442630,2162,302231,171,29593,2456,138331,4756,332213,2639,470544,California
San Mateo,2021-05-05,6762,781216,4393,447023,2208,304439,161,29754,2370,136499,4365,336578,2533,473077,California
San Mateo,2021-05-06,8513,789729,6643,453666,1696,306135,174,29928,1737,131656,6759,343337,1916,474993,California
San Mateo,2021-05-07,8185,797914,5852,459518,2048,308183,285,30213,1833,127459,6326,349663,2129,477122,California
San Mateo,2021-05-08,6644,804558,4022,463540,2383,310566,239,30452,1832,124735,4800,354463,2076,479198,California
San Mateo,2021-05-09,3112,807670,2426,465966,612,311178,74,30526,1058,123820,2047,356510,1132,480330,California
San Mateo,2021-05-10,4602,812272,3314,469280,1118,312296,170,30696,767,120939,3826,360336,945,481275,California
San Mateo,2021-05-11,6476,818748,4857,474137,1506,313802,113,30809,1659,117910,4802,365138,1773,483048,California
San Mateo,2021-05-12,6384,825132,4609,478746,1585,315387,190,30999,1530,114788,4845,369983,1723,484771,California
San Mateo,2021-05-13,8906,834038,6677,485423,2143,317530,86,31085,3280,112568,5595,375578,3375,488146,California
San Mateo,2021-05-14,8326,842364,6145,491568,2072,319602,109,31194,2699,109769,5614,381192,2815,490961,California
San Mateo,2021-05-15,10307,852671,8026,499594,2180,321782,101,31295,4488,108574,5806,386998,4611,495572,California
San Mateo,2021-05-16,7086,859757,5033,504627,1985,323767,68,31363,2136,105846,4933,391931,2205,497777,California
San Mateo,2021-05-17,7010,866767,4974,509601,1928,325695,108,31471,2192,103345,4804,396735,2303,500080,California
San Mateo,2021-05-18,8257,875024,5643,515244,2518,328213,96,31567,2997,101307,5135,401870,3097,503177,California
San Mateo,2021-05-19,7568,882592,5583,520827,1864,330077,121,31688,3442,100793,4078,405948,3564,506741,California
San Mateo,2021-05-20,4726,887318,3051,523878,1595,331672,80,31768,2025,100215,2682,408630,2104,508845,California
San Mateo,2021-05-21,5880,893198,4162,528040,1639,333311,79,31847,1593,97617,4272,412902,1674,510519,California
San Mateo,2021-05-22,5062,898260,3506,531546,1518,334829,38,31885,2037,96682,3011,415913,2076,512595,California
San Mateo,2021-05-23,1842,900102,917,532463,879,335708,46,31931,635,96160,1203,417116,681,513276,California
Santa Barbara,2020-12-15,2,2,2,2,0,0,0,0,2,2,0,0,2,2,California
Santa Barbara,2020-12-16,2,4,2,4,0,0,0,0,2,4,0,0,2,4,California
Santa Barbara,2020-12-17,56,60,56,60,0,0,0,0,56,60,0,0,56,60,California
Santa Barbara,2020-12-18,379,439,378,438,1,1,0,0,379,439,0,0,379,439,California
Santa Barbara,2020-12-19,325,764,325,763,0,1,0,0,325,764,0,0,325,764,California
Santa Barbara,2020-12-20,235,999,235,998,0,1,0,0,235,999,0,0,235,999,California
Santa Barbara,2020-12-21,652,1651,650,1648,2,3,0,0,652,1651,0,0,652,1651,California
Santa Barbara,2020-12-22,244,1895,242,1890,2,5,0,0,244,1895,0,0,244,1895,California
Santa Barbara,2020-12-23,322,2217,204,2094,118,123,0,0,322,2217,0,0,322,2217,California
Santa Barbara,2020-12-24,88,2305,40,2134,48,171,0,0,88,2305,0,0,88,2305,California
Santa Barbara,2020-12-26,326,2631,66,2200,260,431,0,0,326,2631,0,0,326,2631,California
Santa Barbara,2020-12-27,62,2693,1,2201,61,492,0,0,62,2693,0,0,62,2693,California
Santa Barbara,2020-12-28,356,3049,223,2424,133,625,0,0,356,3049,0,0,356,3049,California
Santa Barbara,2020-12-29,553,3602,358,2782,195,820,0,0,553,3602,0,0,553,3602,California
Santa Barbara,2020-12-30,577,4179,395,3177,182,1002,0,0,577,4179,0,0,577,4179,California
Santa Barbara,2020-12-31,240,4419,114,3291,126,1128,0,0,240,4419,0,0,240,4419,California
Santa Barbara,2021-01-01,115,4534,110,3401,5,1133,0,0,115,4534,0,0,115,4534,California
Santa Barbara,2021-01-02,588,5122,222,3623,366,1499,0,0,588,5122,0,0,588,5122,California
Santa Barbara,2021-01-03,23,5145,15,3638,8,1507,0,0,23,5145,0,0,23,5145,California
Santa Barbara,2021-01-04,305,5450,242,3880,63,1570,0,0,304,5449,0,0,304,5449,California
Santa Barbara,2021-01-05,751,6201,378,4258,373,1943,0,0,724,6146,27,27,724,6173,California
Santa Barbara,2021-01-06,656,6857,276,4534,380,2323,0,0,595,6681,60,87,595,6768,California
Santa Barbara,2021-01-07,1033,7890,710,5244,323,2646,0,0,528,6708,501,588,528,7296,California
Santa Barbara,2021-01-08,1205,9095,845,6089,360,3006,0,0,711,6925,494,1082,711,8007,California
Santa Barbara,2021-01-09,566,9661,293,6382,273,3279,0,0,320,6999,246,1328,320,8327,California
Santa Barbara,2021-01-10,62,9723,50,6432,12,3291,0,0,46,7029,16,1344,46,8373,California
Santa Barbara,2021-01-11,839,10562,670,7102,169,3460,0,0,615,7421,223,1567,615,8988,California
Santa Barbara,2021-01-12,1433,11995,640,7742,793,4253,0,0,1277,8542,156,1723,1277,10265,California
Santa Barbara,2021-01-13,1219,13214,271,8013,948,5201,0,0,1092,9507,127,1850,1092,11357,California
Santa Barbara,2021-01-14,1252,14466,135,8148,1117,6318,0,0,1197,10651,54,1904,1198,12555,California
Santa Barbara,2021-01-15,1800,16266,419,8567,1381,7699,0,0,1719,12290,80,1984,1719,14274,California
Santa Barbara,2021-01-16,1270,17536,200,8767,1070,8769,0,0,1231,13483,38,2022,1231,15505,California
Santa Barbara,2021-01-17,123,17659,20,8787,103,8872,0,0,120,13600,3,2025,120,15625,California
Santa Barbara,2021-01-18,1152,18811,418,9205,734,9606,0,0,967,14382,185,2210,967,16592,California
Santa Barbara,2021-01-19,1639,20450,570,9775,1069,10675,0,0,1361,15466,277,2487,1361,17953,California
Santa Barbara,2021-01-20,2096,22546,545,10320,1551,12226,0,0,1741,16853,354,2841,1741,19694,California
Santa Barbara,2021-01-21,3180,25726,1910,12230,1270,13496,0,0,3021,19716,159,3000,3022,22716,California
Santa Barbara,2021-01-22,2926,28652,1772,14002,1154,14650,0,0,2762,22318,161,3161,2763,25479,California
Santa Barbara,2021-01-23,1733,30385,1105,15107,628,15278,0,0,1224,23034,508,3669,1224,26703,California
Santa Barbara,2021-01-24,843,31228,751,15858,92,15370,0,0,834,23859,9,3678,834,27537,California
Santa Barbara,2021-01-25,1242,32470,498,16356,744,16114,0,0,1005,24627,237,3915,1005,28542,California
Santa Barbara,2021-01-26,2045,34515,463,16819,1582,17696,0,0,1661,25906,382,4297,1661,30203,California
Santa Barbara,2021-01-27,1163,35678,400,17219,763,18459,0,0,901,26548,261,4558,903,31106,California
Santa Barbara,2021-01-28,892,36570,294,17513,598,19057,0,0,678,27015,211,4769,678,31784,California
Santa Barbara,2021-01-29,1333,37903,536,18049,797,19854,0,0,979,27645,351,5120,981,32765,California
Santa Barbara,2021-01-30,1892,39795,1420,19469,472,20326,0,0,1488,28732,401,5521,1488,34253,California
Santa Barbara,2021-01-31,1453,41248,1215,20684,238,20564,0,0,1414,30107,39,5560,1414,35667,California
Santa Barbara,2021-02-01,953,42201,529,21213,424,20988,0,0,556,30266,397,5957,556,36223,California
Santa Barbara,2021-02-02,1808,44009,679,21892,1129,22117,0,0,1044,30549,761,6718,1044,37267,California
Santa Barbara,2021-02-03,1940,45949,1077,22969,863,22980,0,0,1500,31619,430,7148,1500,38767,California
Santa Barbara,2021-02-04,2779,48728,1865,24834,914,23894,0,0,2482,33810,291,7439,2482,41249,California
Santa Barbara,2021-02-05,2900,51628,2056,26890,844,24738,0,0,2259,35430,639,8078,2259,43508,California
Santa Barbara,2021-02-06,1204,52832,339,27229,865,25603,0,0,794,35814,410,8488,794,44302,California
Santa Barbara,2021-02-07,301,53133,263,27492,38,25641,0,0,266,36046,34,8522,266,44568,California
Santa Barbara,2021-02-08,955,54088,311,27803,644,26285,0,0,665,36421,290,8812,665,45233,California
Santa Barbara,2021-02-09,2437,56525,313,28116,2124,28409,0,0,1119,36231,1309,10121,1119,46352,California
Santa Barbara,2021-02-10,2763,59288,1496,29612,1267,29676,0,0,781,35037,1975,12096,781,47133,California
Santa Barbara,2021-02-11,4186,63474,2808,32420,1378,31054,0,0,624,32108,3553,15649,624,47757,California
Santa Barbara,2021-02-12,3308,66782,948,33368,2360,33414,0,0,774,30354,2528,18177,774,48531,California
Santa Barbara,2021-02-13,1233,68015,340,33708,893,34307,0,0,561,30245,670,18847,561,49092,California
Santa Barbara,2021-02-14,332,68347,35,33743,297,34604,0,0,287,30487,45,18892,287,49379,California
Santa Barbara,2021-02-15,967,69314,337,34080,630,35234,0,0,494,30511,470,19362,494,49873,California
Santa Barbara,2021-02-16,2108,71422,395,34475,1713,36947,0,0,719,29845,1385,20747,719,50592,California
Santa Barbara,2021-02-17,1436,72858,321,34796,1115,38062,0,0,523,29459,909,21656,523,51115,California
Santa Barbara,2021-02-18,3256,76114,2648,37444,608,38670,0,0,1519,29277,1701,23357,1519,52634,California
Santa Barbara,2021-02-19,3596,79710,2641,40085,955,39625,0,0,2329,30342,1264,24621,2329,54963,California
Santa Barbara,2021-02-20,2225,81935,1439,41524,786,40411,0,0,1669,31464,547,25168,1669,56632,California
Santa Barbara,2021-02-21,135,82070,106,41630,29,40440,0,0,60,31451,73,25241,60,56692,California
Santa Barbara,2021-02-22,939,83009,247,41877,692,41132,0,0,271,31057,665,25906,271,56963,California
Santa Barbara,2021-02-23,3189,86198,1046,42923,2143,43275,0,0,422,28716,2763,28669,422,57385,California
Santa Barbara,2021-02-24,3204,89402,1092,44015,2112,45387,0,0,722,26966,2472,31141,722,58107,California
Santa Barbara,2021-02-25,3454,92856,1921,45936,1533,46920,0,0,990,25500,2457,33598,991,59098,California
Santa Barbara,2021-02-26,3667,96523,2177,48113,1490,48410,0,0,1980,25801,1679,35277,1980,61078,California
Santa Barbara,2021-02-27,1527,98050,562,48675,965,49375,0,0,847,25974,676,35953,849,61927,California
Santa Barbara,2021-02-28,1084,99134,220,48895,864,50239,0,0,892,26680,187,36140,893,62820,California
Santa Barbara,2021-03-01,1642,100776,469,49364,1173,51412,0,0,1088,27230,539,36679,1089,63909,California
Santa Barbara,2021-03-02,2648,103424,423,49787,2225,53637,0,0,2147,28890,488,37167,2148,66057,California
Santa Barbara,2021-03-03,4627,108051,2099,51886,2526,56163,2,2,4034,32346,583,37750,4039,70096,California
Santa Barbara,2021-03-04,3421,111472,2283,54169,1138,57301,0,2,2865,34663,548,38298,2865,72961,California
Santa Barbara,2021-03-05,3818,115290,2164,56333,1595,58896,59,61,3094,37097,719,39017,3153,76114,California
Santa Barbara,2021-03-06,2431,117721,726,57059,1486,60382,219,280,1669,38226,758,39775,1887,78001,California
Santa Barbara,2021-03-07,564,118285,123,57182,310,60692,131,411,384,38563,179,39954,516,78517,California
Santa Barbara,2021-03-08,1577,119862,380,57562,856,61548,341,752,796,38925,775,40729,1137,79654,California
Santa Barbara,2021-03-09,2795,122657,344,57906,1677,63225,774,1526,738,38379,2054,42783,1508,81162,California
Santa Barbara,2021-03-10,2760,125417,553,58459,1161,64386,1046,2572,1040,38749,1715,44498,2085,83247,California
Santa Barbara,2021-03-11,5580,130997,3028,61487,1437,65823,1115,3687,2282,38855,3284,47782,3390,86637,California
Santa Barbara,2021-03-12,3676,134673,2096,63583,1150,66973,430,4117,2179,39972,1489,49271,2606,89243,California
Santa Barbara,2021-03-13,3484,138157,1930,65513,1346,68319,208,4325,2695,42089,787,50058,2904,92147,California
Santa Barbara,2021-03-14,791,138948,376,65889,358,68677,57,4382,469,42294,321,50379,526,92673,California
Santa Barbara,2021-03-15,2112,141060,697,66586,1124,69801,291,4673,1267,43012,838,51217,1556,94229,California
Santa Barbara,2021-03-16,3724,144784,1173,67759,2209,72010,342,5015,2735,45104,985,52202,3077,97306,California
Santa Barbara,2021-03-17,3307,148091,970,68729,1932,73942,405,5420,2316,46832,989,53191,2717,100023,California
Santa Barbara,2021-03-18,5229,153320,2799,71528,2228,76170,202,5622,4004,49829,1209,54400,4206,104229,California
Santa Barbara,2021-03-19,4446,157766,2769,74297,1344,77514,333,5955,3056,51831,1386,55786,3388,107617,California
Santa Barbara,2021-03-20,2179,159945,836,75133,1329,78843,14,5969,1334,52336,842,56628,1347,108964,California
Santa Barbara,2021-03-21,1164,161109,383,75516,751,79594,30,5999,837,52878,325,56953,867,109831,California
Santa Barbara,2021-03-22,2779,163888,1912,77428,823,80417,44,6043,2223,54597,548,57501,2267,112098,California
Santa Barbara,2021-03-23,4479,168367,2251,79679,2127,82544,101,6144,3706,57640,764,58265,3807,115905,California
Santa Barbara,2021-03-24,5418,173785,3157,82836,1513,84057,748,6892,2972,58934,2423,60688,3717,119622,California
Santa Barbara,2021-03-25,5559,179344,3275,86111,2095,86152,189,7081,2784,59148,2759,63447,2973,122595,California
Santa Barbara,2021-03-26,5092,184436,3227,89338,1567,87719,298,7379,2245,58860,2831,66278,2543,125138,California
Santa Barbara,2021-03-27,2949,187385,1225,90563,1681,89400,43,7422,1617,59190,1328,67606,1658,126796,California
Santa Barbara,2021-03-28,2774,190159,1652,92215,1094,90494,28,7450,1888,60226,881,68487,1917,128713,California
Santa Barbara,2021-03-29,4044,194203,2087,94302,1886,92380,71,7521,3228,62713,812,69299,3299,132012,California
Santa Barbara,2021-03-30,6800,201003,3513,97815,3137,95517,150,7671,4541,65157,2244,71543,4688,136700,California
Santa Barbara,2021-03-31,8669,209672,5522,103337,3080,98597,67,7738,5053,66681,3596,75139,5120,141820,California
Santa Barbara,2021-04-01,7032,216704,5202,108539,1570,100167,260,7998,4170,68265,2844,77983,4428,146248,California
Santa Barbara,2021-04-02,6626,223330,4543,113082,1488,101655,595,8593,3403,69048,3215,81198,3998,150246,California
Santa Barbara,2021-04-03,3808,227138,2114,115196,1626,103281,68,8661,2517,70345,1287,82485,2584,152830,California
Santa Barbara,2021-04-04,900,228038,444,115640,416,103697,40,8701,501,70489,397,82882,541,153371,California
Santa Barbara,2021-04-05,3459,231497,2286,117926,915,104612,258,8959,2164,71623,1288,84170,2422,155793,California
Santa Barbara,2021-04-06,5453,236950,2819,120745,2099,106711,535,9494,3332,73383,2105,86275,3865,159658,California
Santa Barbara,2021-04-07,5967,242917,3281,124026,2147,108858,539,10033,4063,76090,1894,88169,4601,164259,California
Santa Barbara,2021-04-08,7355,250272,5001,129027,642,109500,1712,11745,3383,77213,3969,92138,5092,169351,California
Santa Barbara,2021-04-09,7251,257523,4822,133849,1083,110583,1346,13091,3253,77818,3989,96127,4594,173945,California
Santa Barbara,2021-04-10,6628,264151,4587,138436,1425,112008,616,13707,4498,80807,2123,98250,5112,179057,California
Santa Barbara,2021-04-11,2639,266790,1931,140367,409,112417,299,14006,1819,82106,814,99064,2113,181170,California
Santa Barbara,2021-04-12,4425,271215,2847,143214,1024,113441,554,14560,1923,82086,2495,101559,2475,183645,California
Santa Barbara,2021-04-13,6307,277522,4149,147363,2152,115593,6,14566,2624,81036,3679,105238,2629,186274,California
Santa Barbara,2021-04-14,6721,284243,4395,151758,2324,117917,2,14568,4200,82727,2511,107749,4202,190476,California
Santa Barbara,2021-04-15,6937,291180,4077,155835,2859,120776,1,14569,3750,83302,3177,110926,3752,194228,California
Santa Barbara,2021-04-16,6371,297551,3742,159577,2618,123394,11,14580,4380,85716,1976,112902,4390,198618,California
Santa Barbara,2021-04-17,5302,302853,3855,163432,1447,124841,0,14580,4086,88597,1205,114107,4086,202704,California
Santa Barbara,2021-04-18,2129,304982,1476,164908,653,125494,0,14580,374,87221,1751,115858,375,203079,California
Santa Barbara,2021-04-19,3231,308213,2224,167132,1001,126495,6,14586,1029,86060,2197,118055,1036,204115,California
Santa Barbara,2021-04-20,5861,314074,3944,171076,1916,128411,1,14587,1649,83509,4200,122255,1649,205764,California
Santa Barbara,2021-04-21,5466,319540,3628,174704,1838,130249,0,14587,1731,81517,3723,125978,1731,207495,California
Santa Barbara,2021-04-22,5084,324624,2554,177258,2529,132778,1,14588,1451,79354,3617,129595,1454,208949,California
Santa Barbara,2021-04-23,5525,330149,3872,181130,1653,134431,0,14588,1944,77728,3570,133165,1944,210893,California
Santa Barbara,2021-04-24,4421,334570,2877,184007,1539,135970,5,14593,1647,76613,2767,135932,1652,212545,California
Santa Barbara,2021-04-25,1831,336401,1184,185191,647,136617,0,14593,499,75788,1324,137256,499,213044,California
Santa Barbara,2021-04-26,2929,339330,1805,186996,1103,137720,21,14614,463,73812,2460,139716,484,213528,California
Santa Barbara,2021-04-27,3678,343008,2027,189023,1564,139284,87,14701,1105,72439,2564,142280,1191,214719,California
Santa Barbara,2021-04-28,4902,347910,2861,191884,1924,141208,117,14818,1402,70474,3487,145767,1522,216241,California
Santa Barbara,2021-04-29,5243,353153,3795,195679,1221,142429,227,15045,1446,68364,3781,149548,1671,217912,California
Santa Barbara,2021-04-30,4943,358096,3694,199373,1085,143514,164,15209,1423,66444,3506,153054,1586,219498,California
Santa Barbara,2021-05-01,5233,363329,4055,203428,1145,144659,33,15242,900,63054,4325,157379,935,220433,California
Santa Barbara,2021-05-02,1130,364459,665,204093,337,144996,128,15370,308,62668,822,158201,436,220869,California
Santa Barbara,2021-05-03,2206,366665,1481,205574,586,145582,139,15509,443,61492,1757,159958,581,221450,California
Santa Barbara,2021-05-04,3278,369943,1661,207235,1546,147128,71,15580,1139,60575,2126,162084,1209,222659,California
Santa Barbara,2021-05-05,5417,375360,3669,210904,1602,148730,146,15726,627,56571,4778,166862,774,223433,California
Santa Barbara,2021-05-06,5041,380401,3904,214808,1033,149763,104,15830,960,53570,4065,170927,1064,224497,California
Santa Barbara,2021-05-07,4656,385057,3650,218458,829,150592,177,16007,1001,51101,3645,174572,1176,225673,California
Santa Barbara,2021-05-08,4210,389267,3151,221609,961,151553,98,16105,871,48744,3326,177898,969,226642,California
Santa Barbara,2021-05-09,700,389967,109,221718,551,152104,40,16145,467,49020,232,178130,508,227150,California
Santa Barbara,2021-05-10,1299,391266,620,222338,595,152699,84,16229,350,48506,947,179077,433,227583,California
Santa Barbara,2021-05-11,1788,393054,769,223107,728,153427,291,16520,382,47778,1399,180476,671,228254,California
Santa Barbara,2021-05-12,1512,394566,686,223793,624,154051,202,16722,417,47310,1087,181563,619,228873,California
Santa Barbara,2021-05-13,3536,398102,2709,226502,634,154685,193,16915,1151,46277,2376,183939,1343,230216,California
Santa Barbara,2021-05-14,4087,402189,2531,229033,1484,156169,72,16987,1612,45495,2464,186403,1682,231898,California
Santa Barbara,2021-05-15,3491,405680,2561,231594,911,157080,19,17006,1840,45714,1641,188044,1860,233758,California
Santa Barbara,2021-05-16,1060,406740,463,232057,482,157562,115,17121,468,45708,589,188633,583,234341,California
Santa Barbara,2021-05-17,1621,408361,932,232989,627,158189,62,17183,904,45963,710,189343,965,235306,California
Santa Barbara,2021-05-18,1794,410155,1146,234135,554,158743,94,17277,990,46260,788,190131,1085,236391,California
Santa Barbara,2021-05-19,1732,411887,970,235105,721,159464,41,17318,800,46176,924,191055,840,237231,California
Santa Barbara,2021-05-20,1179,413066,584,235689,484,159948,111,17429,597,46312,571,191626,707,237938,California
Santa Barbara,2021-05-21,2929,415995,1993,237682,888,160836,48,17477,1082,45609,1834,193460,1131,239069,California
Santa Barbara,2021-05-22,1824,417819,1507,239189,298,161134,19,17496,1189,46186,632,194092,1209,240278,California
Santa Barbara,2021-05-23,209,418028,154,239343,52,161186,3,17499,162,46304,47,194139,165,240443,California
Santa Clara,2020-12-15,65,65,65,65,0,0,0,0,65,65,0,0,65,65,California
Santa Clara,2020-12-16,141,206,141,206,0,0,0,0,141,206,0,0,141,206,California
Santa Clara,2020-12-17,395,601,395,601,0,0,0,0,395,601,0,0,395,601,California
Santa Clara,2020-12-18,1677,2278,1677,2278,0,0,0,0,1677,2278,0,0,1677,2278,California
Santa Clara,2020-12-19,2080,4358,2080,4358,0,0,0,0,2079,4357,0,0,2079,4357,California
Santa Clara,2020-12-20,1896,6254,1895,6253,1,1,0,0,1893,6250,0,0,1893,6250,California
Santa Clara,2020-12-21,2673,8927,2673,8926,0,1,0,0,2672,8922,0,0,2672,8922,California
Santa Clara,2020-12-22,3128,12055,3121,12047,7,8,0,0,3125,12047,0,0,3125,12047,California
Santa Clara,2020-12-23,3278,15333,3089,15136,189,197,0,0,3277,15324,0,0,3277,15324,California
Santa Clara,2020-12-24,1898,17231,1711,16847,187,384,0,0,1893,17216,1,1,1893,17217,California
Santa Clara,2020-12-25,342,17573,341,17188,1,385,0,0,342,17558,0,1,342,17559,California
Santa Clara,2020-12-26,1264,18837,1031,18219,233,618,0,0,1263,18821,0,1,1263,18822,California
Santa Clara,2020-12-27,649,19486,508,18727,141,759,0,0,649,19470,0,1,649,19471,California
Santa Clara,2020-12-28,2335,21821,1728,20455,607,1366,0,0,2335,21805,0,1,2335,21806,California
Santa Clara,2020-12-29,2346,24167,1486,21941,860,2226,0,0,2345,24150,0,1,2345,24151,California
Santa Clara,2020-12-30,2984,27151,1889,23830,1095,3321,0,0,2982,27130,2,3,2982,27133,California
Santa Clara,2020-12-31,1215,28366,392,24222,823,4144,0,0,1214,28343,1,4,1214,28347,California
Santa Clara,2021-01-01,145,28511,12,24234,133,4277,0,0,144,28486,1,5,144,28491,California
Santa Clara,2021-01-02,1085,29596,815,25049,270,4547,0,0,1085,29571,0,5,1085,29576,California
Santa Clara,2021-01-03,584,30180,367,25416,217,4764,0,0,579,30147,3,8,579,30155,California
Santa Clara,2021-01-04,2470,32650,1669,27085,801,5565,0,0,2467,32614,0,8,2467,32622,California
Santa Clara,2021-01-05,3067,35717,2009,29094,1058,6623,0,0,2880,35314,186,194,2886,35508,California
Santa Clara,2021-01-06,3332,39049,1965,31059,1367,7990,0,0,2756,37500,572,766,2758,38266,California
Santa Clara,2021-01-07,4218,43267,2559,33618,1659,9649,0,0,3149,39596,1059,1825,3155,41421,California
Santa Clara,2021-01-08,5848,49115,3820,37438,2028,11677,0,0,3791,41334,2053,3878,3791,45212,California
Santa Clara,2021-01-09,2977,52092,1868,39306,1109,12786,0,0,1688,41736,1289,5167,1691,46903,California
Santa Clara,2021-01-10,1957,54049,1511,40817,446,13232,0,0,747,41274,1209,6376,747,47650,California
Santa Clara,2021-01-11,5954,60003,3751,44568,2203,15435,0,0,3383,42092,2570,8946,3388,51038,California
Santa Clara,2021-01-12,6810,66813,3409,47977,3401,18836,0,0,4565,44414,2244,11190,4566,55604,California
Santa Clara,2021-01-13,7374,74187,3051,51028,4323,23159,0,0,5204,47451,2168,13358,5205,60809,California
Santa Clara,2021-01-14,8230,82417,2797,53825,5433,28592,0,0,6489,52206,1736,15094,6491,67300,California
Santa Clara,2021-01-15,9457,91874,2681,56506,6776,35368,0,0,8137,59032,1316,16410,8142,75442,California
Santa Clara,2021-01-16,4294,96168,1229,57735,3065,38433,0,0,3459,61660,831,17241,3459,78901,California
Santa Clara,2021-01-17,3212,99380,603,58338,2609,41042,0,0,2715,63878,497,17738,2715,81616,California
Santa Clara,2021-01-18,5095,104475,1157,59495,3938,44980,0,0,4541,67866,554,18292,4542,86158,California
Santa Clara,2021-01-19,8500,112975,2685,62180,5815,50795,0,0,6816,73004,1681,19973,6819,92977,California
Santa Clara,2021-01-20,8081,121056,4107,66287,3974,54769,0,0,6537,78002,1539,21512,6537,99514,California
Santa Clara,2021-01-21,8698,129754,3775,70062,4923,59692,0,0,7495,84298,1201,22713,7497,107011,California
Santa Clara,2021-01-22,8636,138390,3250,73312,5386,65078,0,0,8068,91802,567,23280,8071,115082,California
Santa Clara,2021-01-23,3781,142171,1686,74998,2095,67173,0,0,2822,93666,959,24239,2823,117905,California
Santa Clara,2021-01-24,2828,144999,1423,76421,1405,68578,0,0,2343,95527,482,24721,2343,120248,California
Santa Clara,2021-01-25,8395,153394,3798,80219,4597,73175,0,0,6324,99790,2063,26784,6326,126574,California
Santa Clara,2021-01-26,8248,161642,3777,83996,4471,77646,0,0,6132,103818,2106,28890,6134,132708,California
Santa Clara,2021-01-27,8717,170359,3830,87826,4887,82533,0,0,6797,108715,1901,30791,6798,139506,California
Santa Clara,2021-01-28,9492,179851,3815,91641,5677,88210,0,0,7532,114312,1939,32730,7536,147042,California
Santa Clara,2021-01-29,9517,189368,3947,95588,5570,93780,0,0,7344,119493,2164,34894,7345,154387,California
Santa Clara,2021-01-30,4155,193523,2071,97659,2084,95864,0,0,2948,121242,1200,36094,2949,157336,California
Santa Clara,2021-01-31,2174,195697,1304,98963,870,96734,0,0,1580,122232,590,36684,1580,158916,California
Santa Clara,2021-02-01,7854,203551,3510,102473,4344,101078,0,0,6147,126682,1699,38383,6149,165065,California
Santa Clara,2021-02-02,8546,212097,2878,105351,5668,106746,0,0,6549,131243,1991,40374,6552,171617,California
Santa Clara,2021-02-03,9208,221305,3489,108840,5719,112465,0,0,6923,135894,2278,42652,6929,178546,California
Santa Clara,2021-02-04,10946,232251,4141,112981,6805,119270,0,0,8658,142277,2278,44930,8661,187207,California
Santa Clara,2021-02-05,11938,244189,4351,117332,7587,126857,0,0,8480,147314,3444,48374,8481,195688,California
Santa Clara,2021-02-06,5203,249392,2823,120155,2380,129237,0,0,4035,150187,1164,49538,4037,199725,California
Santa Clara,2021-02-07,3479,252871,2347,122502,1132,130369,0,0,3025,152760,453,49991,3026,202751,California
Santa Clara,2021-02-08,10017,262888,3482,125984,6535,136904,0,0,7306,157369,2698,52689,7307,210058,California
Santa Clara,2021-02-09,11165,274053,3818,129802,7347,144251,0,0,7669,161557,3485,56174,7673,217731,California
Santa Clara,2021-02-10,12644,286697,4911,134713,7733,151984,0,0,6837,162599,5797,61971,6839,224570,California
Santa Clara,2021-02-11,13541,300238,4731,139444,8810,160794,0,0,7693,164460,5833,67804,7694,232264,California
Santa Clara,2021-02-12,14565,314803,4501,143945,10064,170858,0,0,6994,163905,7551,75355,6996,239260,California
Santa Clara,2021-02-13,6079,320882,1459,145404,4620,175478,0,0,2222,162279,3850,79205,2224,241484,California
Santa Clara,2021-02-14,4607,325489,1140,146544,3467,178945,0,0,1467,160610,3138,82343,1469,242953,California
Santa Clara,2021-02-15,6253,331742,2788,149332,3465,182410,0,0,2699,159762,3547,85890,2699,245652,California
Santa Clara,2021-02-16,13790,345532,4011,153343,9779,192189,0,0,6939,159867,6834,92724,6939,252591,California
Santa Clara,2021-02-17,14087,359619,5504,158847,8583,200772,0,0,7054,159911,7015,99739,7059,259650,California
Santa Clara,2021-02-18,14225,373844,8385,167232,5840,206612,0,0,7238,160205,6947,106686,7241,266891,California
Santa Clara,2021-02-19,14832,388676,9524,176756,5308,211920,0,0,8630,162653,6187,112873,8635,275526,California
Santa Clara,2021-02-20,6826,395502,5107,181863,1719,213639,0,0,3677,163191,3139,116012,3677,279203,California
Santa Clara,2021-02-21,3303,398805,2477,184340,826,214465,0,0,1215,162328,2080,118092,1217,280420,California
Santa Clara,2021-02-22,10175,408980,6092,190432,4083,218548,0,0,4727,161618,5438,123530,4728,285148,California
Santa Clara,2021-02-23,11918,420898,7736,198168,4182,222730,0,0,6766,163249,5139,128669,6770,291918,California
Santa Clara,2021-02-24,14164,435062,9121,207289,5043,227773,0,0,8762,166625,5386,134055,8762,300680,California
Santa Clara,2021-02-25,14638,449700,9266,216555,5372,233145,0,0,7897,167806,6720,140775,7901,308581,California
Santa Clara,2021-02-26,14586,464286,8448,225003,6138,239283,0,0,8014,169273,6550,147325,8017,316598,California
Santa Clara,2021-02-27,8056,472342,5518,230521,2537,241820,1,1,4477,170189,3569,150894,4485,321083,California
Santa Clara,2021-02-28,4732,477074,3078,233599,1654,243474,0,1,2210,169886,2513,153407,2210,323293,California
Santa Clara,2021-03-01,14097,491171,8004,241603,6090,249564,3,4,8731,173274,5346,158753,8734,332027,California
Santa Clara,2021-03-02,16037,507208,9525,251128,6511,256075,1,5,10255,177775,5756,164509,10257,342284,California
Santa Clara,2021-03-03,18457,525665,9068,260196,9387,265462,2,7,11463,182288,6956,171465,11469,353753,California
Santa Clara,2021-03-04,16466,542131,8968,269164,7495,272957,3,10,9578,185063,6808,178273,9583,363336,California
Santa Clara,2021-03-05,16582,558713,9221,278385,7236,280193,125,135,9203,187039,7357,185630,9333,372669,California
Santa Clara,2021-03-06,9418,568131,6308,284693,2673,282866,437,572,7084,192238,2321,187951,7520,380189,California
Santa Clara,2021-03-07,6797,574928,4470,289163,2095,284961,232,804,5421,196521,1368,189319,5651,385840,California
Santa Clara,2021-03-08,12891,587819,6730,295893,5598,290559,563,1367,8280,200771,4593,193912,8843,394683,California
Santa Clara,2021-03-09,15219,603038,6510,302403,7375,297934,1334,2701,6850,200600,8350,202262,8179,402862,California
Santa Clara,2021-03-10,15101,618139,6577,308980,6415,304349,2109,4810,6196,200004,8878,211140,8282,411144,California
Santa Clara,2021-03-11,17050,635189,7758,316738,7784,312133,1508,6318,6042,196560,10980,222120,7536,418680,California
Santa Clara,2021-03-12,17677,652866,9093,325831,7011,319144,1573,7891,5968,192415,11670,233790,7525,426205,California
Santa Clara,2021-03-13,10737,663603,6222,332053,3020,322164,1495,9386,4813,192801,5901,239691,6287,432492,California
Santa Clara,2021-03-14,6506,670109,3368,335421,1832,323996,1306,10692,3173,193953,3316,243007,4468,436960,California
Santa Clara,2021-03-15,12773,682882,6531,341952,5972,329968,270,10962,5989,193451,6761,249768,6259,443219,California
Santa Clara,2021-03-16,18185,701067,10292,352244,7684,337652,209,11171,8812,193125,9344,259112,9018,452237,California
Santa Clara,2021-03-17,19894,720961,11273,363517,8452,346104,169,11340,10278,194002,9565,268677,10442,462679,California
Santa Clara,2021-03-18,19061,740022,8928,372445,8969,355073,1164,12504,9085,194322,9921,278598,10241,472920,California
Santa Clara,2021-03-19,19267,759289,9922,382367,8343,363416,1002,13506,10002,196110,9206,287804,10994,483914,California
Santa Clara,2021-03-20,11505,770794,6342,388709,4337,367753,826,14332,6765,198987,4711,292515,7588,491502,California
Santa Clara,2021-03-21,8304,779098,3770,392479,3135,370888,1399,15731,5569,203220,2723,295238,6956,498458,California
Santa Clara,2021-03-22,16306,795404,9106,401585,6852,377740,348,16079,9297,205881,6983,302221,9644,508102,California
Santa Clara,2021-03-23,19221,814625,12229,413814,6477,384217,515,16594,11170,209562,8004,310225,11685,519787,California
Santa Clara,2021-03-24,22588,837213,14558,428372,7618,391835,412,17006,14656,216742,7890,318115,15070,534857,California
Santa Clara,2021-03-25,22908,860121,13138,441510,8790,400625,980,17986,14771,224404,8075,326190,15737,550594,California
Santa Clara,2021-03-26,21918,882039,13966,455476,7566,408191,386,18372,13510,229922,8371,334561,13889,564483,California
Santa Clara,2021-03-27,15686,897725,10447,465923,4471,412662,768,19140,8414,231871,7230,341791,9179,573662,California
Santa Clara,2021-03-28,12046,909771,8348,474271,2985,415647,713,19853,6466,233491,5555,347346,7175,580837,California
Santa Clara,2021-03-29,20572,930343,12618,486889,7227,422874,727,20580,11157,235992,9374,356720,11875,592712,California
Santa Clara,2021-03-30,25604,955947,15243,502132,8423,431297,1938,22518,16144,244643,9425,366145,18076,610788,California
Santa Clara,2021-03-31,20462,976409,11889,514021,7445,438742,1128,23646,12598,250530,7824,373969,13711,624499,California
Santa Clara,2021-04-01,31776,1008185,19837,533858,8897,447639,3042,26688,20108,262055,11602,385571,23127,647626,California
Santa Clara,2021-04-02,25077,1033262,14272,548130,8644,456283,2161,28849,16358,271881,8680,394251,18506,666132,California
Santa Clara,2021-04-03,15257,1048519,9253,557383,3498,459781,2506,31355,8486,276108,6751,401002,10978,677110,California
Santa Clara,2021-04-04,7640,1056159,4037,561420,2436,462217,1167,32522,3976,277593,3652,404654,5137,682247,California
Santa Clara,2021-04-05,21847,1078006,14561,575981,4816,467033,2470,34992,14269,286769,7553,412207,16729,698976,California
Santa Clara,2021-04-06,29398,1107404,16222,592203,7762,474795,5414,40406,17647,298103,11709,423916,23043,722019,California
Santa Clara,2021-04-07,30800,1138204,15905,608108,8420,483215,6475,46881,18812,311428,11936,435852,25261,747280,California
Santa Clara,2021-04-08,29699,1167903,16251,624359,5938,489153,7510,54391,16188,321645,13442,449294,23659,770939,California
Santa Clara,2021-04-09,27753,1195656,13757,638116,6829,495982,7167,61558,14169,329418,13529,462823,21302,792241,California
Santa Clara,2021-04-10,21247,1216903,12314,650430,3738,499720,5195,66753,11381,336114,9835,472658,16531,808772,California
Santa Clara,2021-04-11,15951,1232854,9566,659996,2642,502362,3743,70496,8276,340468,7645,480303,11999,820771,California
Santa Clara,2021-04-12,26783,1259637,18849,678845,5512,507874,2422,72918,18265,352674,8467,488770,20673,841444,California
Santa Clara,2021-04-13,34230,1293867,26947,705792,7255,515129,28,72946,26416,371399,7739,496509,26464,867908,California
Santa Clara,2021-04-14,36735,1330602,27848,733640,8883,524012,4,72950,26132,387020,10541,507050,26162,894070,California
Santa Clara,2021-04-15,43988,1374590,34130,767770,9856,533868,2,72952,33924,411007,9961,517011,33948,928018,California
Santa Clara,2021-04-16,38318,1412908,26261,794031,12055,545923,2,72954,27505,427786,10752,527763,27531,955549,California
Santa Clara,2021-04-17,21936,1434844,15004,809035,6930,552853,2,72956,15057,436026,6834,534597,15074,970623,California
Santa Clara,2021-04-18,16380,1451224,10655,819690,5725,558578,0,72956,10244,440171,6110,540707,10255,980878,California
Santa Clara,2021-04-19,28802,1480026,20858,840548,7943,566521,1,72957,17245,445958,11489,552196,17276,998154,California
Santa Clara,2021-04-20,36880,1516906,22446,862994,14434,580955,0,72957,22534,454282,14240,566436,22564,1020718,California
Santa Clara,2021-04-21,36773,1553679,21336,884330,15435,596390,2,72959,24354,466338,12331,578767,24387,1045105,California
Santa Clara,2021-04-22,37194,1590873,24814,909144,12379,608769,1,72960,17598,464501,19501,598268,17664,1062769,California
Santa Clara,2021-04-23,31970,1622843,19452,928596,12518,621287,0,72960,15052,462781,16823,615091,15103,1077872,California
Santa Clara,2021-04-24,21085,1643928,15441,944037,5643,626930,1,72961,11978,465748,9039,624130,12006,1089878,California
Santa Clara,2021-04-25,13550,1657478,9808,953845,3735,630665,7,72968,8647,469562,4862,628992,8676,1098554,California
Santa Clara,2021-04-26,24223,1681701,18942,972787,5223,635888,58,73026,10110,465733,14021,643013,10192,1108746,California
Santa Clara,2021-04-27,26653,1708354,19251,992038,7114,643002,288,73314,11696,462889,14865,657878,12021,1120767,California
Santa Clara,2021-04-28,25272,1733626,18642,1010680,6193,649195,437,73751,10396,458984,14795,672673,10890,1131657,California
Santa Clara,2021-04-29,23142,1756768,16812,1027492,5933,655128,397,74148,8342,453054,14732,687405,8802,1140459,California
Santa Clara,2021-04-30,22911,1779679,15698,1043190,6850,661978,363,74511,9739,450143,13085,700490,10174,1150633,California
Santa Clara,2021-05-01,17426,1797105,14495,1057685,2671,664649,260,74771,5487,444040,11891,712381,5788,1156421,California
Santa Clara,2021-05-02,11278,1808383,9357,1067042,1691,666340,230,75001,3495,440046,7741,720122,3747,1160168,California
Santa Clara,2021-05-03,22784,1831167,19362,1086404,2990,669330,432,75433,5141,428081,17572,737694,5607,1165775,California
Santa Clara,2021-05-04,30518,1861685,23896,1110300,6082,675412,540,75973,5479,409195,24943,762637,6057,1171832,California
Santa Clara,2021-05-05,32156,1893841,24446,1134746,7168,682580,542,76515,5435,388571,26624,789261,6000,1177832,California
Santa Clara,2021-05-06,35345,1929186,29461,1164207,5410,687990,474,76989,4673,363193,30545,819806,5167,1182999,California
Santa Clara,2021-05-07,32482,1961668,26136,1190343,5857,693847,489,77478,4636,340640,27718,847524,5165,1188164,California
Santa Clara,2021-05-08,16435,1978103,13369,1203712,2644,696491,422,77900,3474,331676,12876,860400,3912,1192076,California
Santa Clara,2021-05-09,10311,1988414,8944,1212656,1180,697671,187,78087,2447,326494,7829,868229,2647,1194723,California
Santa Clara,2021-05-10,20724,2009138,16629,1229285,3695,701366,400,78487,2732,311733,17913,886142,3152,1197875,California
Santa Clara,2021-05-11,21604,2030742,16261,1245546,4927,706293,416,78903,3895,298431,17620,903762,4318,1202193,California
Santa Clara,2021-05-12,20105,2050847,14766,1260312,4876,711169,463,79366,4169,287221,15856,919618,4646,1206839,California
Santa Clara,2021-05-13,26856,2077703,21886,1282198,4679,715848,291,79657,10681,282103,16096,935714,10978,1217817,California
Santa Clara,2021-05-14,26928,2104631,18690,1300888,7869,723717,369,80026,9109,273862,17728,953442,9487,1227304,California
Santa Clara,2021-05-15,19342,2123973,15283,1316171,3784,727501,275,80301,7312,269501,11956,965398,7595,1234899,California
Santa Clara,2021-05-16,14213,2138186,11222,1327393,2814,730315,177,80478,4196,263924,9952,975350,4375,1239274,California
Santa Clara,2021-05-17,19550,2157736,15279,1342672,3910,734225,361,80839,6744,258299,12734,988084,7109,1246383,California
Santa Clara,2021-05-18,25104,2182840,15863,1358535,8823,743048,418,81257,7064,247869,17909,1005993,7479,1253862,California
Santa Clara,2021-05-19,23672,2206512,13785,1372320,9520,752568,367,81624,7769,240213,15799,1021792,8143,1262005,California
Santa Clara,2021-05-20,16180,2222692,10951,1383271,4886,757454,343,81967,5841,236124,10270,1032062,6181,1268186,California
Santa Clara,2021-05-21,19967,2242659,13375,1396646,6165,763619,427,82394,6802,230273,13091,1045153,7240,1275426,California
Santa Clara,2021-05-22,10499,2253158,8198,1404844,2023,765642,278,82672,4674,229452,5777,1050930,4956,1280382,California
Santa Clara,2021-05-23,5442,2258600,4060,1408904,1251,766893,131,82803,1712,227595,3703,1054633,1846,1282228,California
Santa Cruz,2020-12-15,2,2,2,2,0,0,0,0,2,2,0,0,2,2,California
Santa Cruz,2020-12-16,58,60,58,60,0,0,0,0,58,60,0,0,58,60,California
Santa Cruz,2020-12-17,390,450,390,450,0,0,0,0,390,450,0,0,390,450,California
Santa Cruz,2020-12-18,461,911,461,911,0,0,0,0,461,911,0,0,461,911,California
Santa Cruz,2020-12-19,179,1090,178,1089,1,1,0,0,179,1090,0,0,179,1090,California
Santa Cruz,2020-12-20,95,1185,95,1184,0,1,0,0,95,1185,0,0,95,1185,California
Santa Cruz,2020-12-21,437,1622,437,1621,0,1,0,0,437,1622,0,0,437,1622,California
Santa Cruz,2020-12-22,416,2038,415,2036,1,2,0,0,416,2038,0,0,416,2038,California
Santa Cruz,2020-12-23,369,2407,326,2362,43,45,0,0,369,2407,0,0,369,2407,California
Santa Cruz,2020-12-24,126,2533,50,2412,76,121,0,0,126,2533,0,0,126,2533,California
Santa Cruz,2020-12-25,11,2544,11,2423,0,121,0,0,11,2544,0,0,11,2544,California
Santa Cruz,2020-12-26,65,2609,46,2469,19,140,0,0,65,2609,0,0,65,2609,California
Santa Cruz,2020-12-27,32,2641,27,2496,5,145,0,0,32,2641,0,0,32,2641,California
Santa Cruz,2020-12-28,480,3121,108,2604,372,517,0,0,480,3121,0,0,480,3121,California
Santa Cruz,2020-12-29,790,3911,366,2970,424,941,0,0,790,3911,0,0,790,3911,California
Santa Cruz,2020-12-30,354,4265,163,3133,191,1132,0,0,354,4265,0,0,354,4265,California
Santa Cruz,2020-12-31,312,4577,11,3144,301,1433,0,0,312,4577,0,0,312,4577,California
Santa Cruz,2021-01-01,33,4610,1,3145,32,1465,0,0,33,4610,0,0,33,4610,California
Santa Cruz,2021-01-02,68,4678,54,3199,14,1479,0,0,68,4678,0,0,68,4678,California
Santa Cruz,2021-01-03,15,4693,7,3206,8,1487,0,0,15,4693,0,0,15,4693,California
Santa Cruz,2021-01-04,281,4974,124,3330,157,1644,0,0,279,4972,0,0,279,4972,California
Santa Cruz,2021-01-05,564,5538,428,3758,136,1780,0,0,262,4932,302,302,262,5234,California
Santa Cruz,2021-01-06,799,6337,667,4425,132,1912,0,0,460,5054,338,640,460,5694,California
Santa Cruz,2021-01-07,537,6874,213,4638,324,2236,0,0,382,5282,155,795,383,6077,California
Santa Cruz,2021-01-08,930,7804,559,5197,371,2607,0,0,484,5321,446,1241,485,6562,California
Santa Cruz,2021-01-09,462,8266,123,5320,339,2946,0,0,408,5675,54,1295,408,6970,California
Santa Cruz,2021-01-10,78,8344,69,5389,9,2955,0,0,20,5637,58,1353,20,6990,California
Santa Cruz,2021-01-11,716,9060,585,5974,131,3086,0,0,186,5294,530,1883,187,7177,California
Santa Cruz,2021-01-12,718,9778,518,6492,200,3286,0,0,479,5534,239,2122,479,7656,California
Santa Cruz,2021-01-13,520,10298,227,6719,293,3579,0,0,438,5893,79,2201,438,8094,California
Santa Cruz,2021-01-14,549,10847,103,6822,446,4025,0,0,483,6310,66,2267,483,8577,California
Santa Cruz,2021-01-15,1452,12299,75,6897,1377,5402,0,0,1388,7636,64,2331,1390,9967,California
Santa Cruz,2021-01-16,424,12723,52,6949,372,5774,0,0,405,8022,19,2350,405,10372,California
Santa Cruz,2021-01-17,296,13019,41,6990,255,6029,0,0,271,8268,25,2375,271,10643,California
Santa Cruz,2021-01-18,1004,14023,104,7094,900,6929,0,0,943,9150,61,2436,943,11586,California
Santa Cruz,2021-01-19,1610,15633,520,7614,1090,8019,0,0,1261,10065,347,2783,1262,12848,California
Santa Cruz,2021-01-20,1234,16867,181,7795,1053,9072,0,0,1037,10908,194,2977,1037,13885,California
Santa Cruz,2021-01-21,1691,18558,198,7993,1493,10565,0,0,1582,12383,109,3086,1584,15469,California
Santa Cruz,2021-01-22,1782,20340,525,8518,1257,11822,0,0,1681,13967,98,3184,1682,17151,California
Santa Cruz,2021-01-23,396,20736,144,8662,252,12074,0,0,338,14248,57,3241,338,17489,California
Santa Cruz,2021-01-24,115,20851,19,8681,96,12170,0,0,97,14327,18,3259,97,17586,California
Santa Cruz,2021-01-25,1058,21909,359,9040,699,12869,0,0,552,14373,506,3765,552,18138,California
Santa Cruz,2021-01-26,1688,23597,247,9287,1441,14310,0,0,1180,15045,508,4273,1180,19318,California
Santa Cruz,2021-01-27,1643,25240,445,9732,1198,15508,0,0,1260,15924,381,4654,1260,20578,California
Santa Cruz,2021-01-28,1739,26979,289,10021,1450,16958,0,0,1462,17110,277,4931,1463,22041,California
Santa Cruz,2021-01-29,1724,28703,487,10508,1237,18195,0,0,1595,18577,128,5059,1595,23636,California
Santa Cruz,2021-01-30,1054,29757,310,10818,744,18939,0,0,920,19363,134,5193,920,24556,California
Santa Cruz,2021-01-31,221,29978,113,10931,108,19047,0,0,207,19556,14,5207,207,24763,California
Santa Cruz,2021-02-01,1219,31197,748,11679,471,19518,0,0,824,19985,395,5602,824,25587,California
Santa Cruz,2021-02-02,992,32189,125,11804,867,20385,0,0,840,20674,151,5753,840,26427,California
Santa Cruz,2021-02-03,2214,34403,955,12759,1259,21644,0,0,1902,22267,309,6062,1902,28329,California
Santa Cruz,2021-02-04,1840,36243,767,13526,1073,22717,0,0,1502,23432,337,6399,1502,29831,California
Santa Cruz,2021-02-05,3139,39382,778,14304,2361,25078,0,0,2822,25938,316,6715,2822,32653,California
Santa Cruz,2021-02-06,2567,41949,160,14464,2407,27485,0,0,2223,27817,344,7059,2223,34876,California
Santa Cruz,2021-02-07,904,42853,122,14586,782,28267,0,0,887,28687,17,7076,887,35763,California
Santa Cruz,2021-02-08,701,43554,201,14787,500,28767,0,0,506,28999,194,7270,506,36269,California
Santa Cruz,2021-02-09,2357,45911,1050,15837,1307,30074,0,0,2091,30824,266,7536,2091,38360,California
Santa Cruz,2021-02-10,2180,48091,575,16412,1605,31679,0,0,1481,31616,690,8226,1482,39842,California
Santa Cruz,2021-02-11,1825,49916,309,16721,1516,33195,0,0,1312,32417,511,8737,1312,41154,California
Santa Cruz,2021-02-12,3199,53115,415,17136,2784,35979,0,0,1795,32819,1395,10132,1797,42951,California
Santa Cruz,2021-02-13,1698,54813,123,17259,1575,37554,0,0,1286,33693,412,10544,1286,44237,California
Santa Cruz,2021-02-14,1400,56213,71,17330,1329,38883,0,0,1136,34565,264,10808,1136,45373,California
Santa Cruz,2021-02-15,1568,57781,280,17610,1288,40171,0,0,562,34122,1006,11814,563,45936,California
Santa Cruz,2021-02-16,1679,59460,204,17814,1475,41646,0,0,525,33515,1132,12946,525,46461,California
Santa Cruz,2021-02-17,2901,62361,970,18784,1931,43577,0,0,1206,33042,1682,14628,1209,47670,California
Santa Cruz,2021-02-18,2861,65222,631,19415,2230,45807,0,0,1231,32647,1626,16254,1231,48901,California
Santa Cruz,2021-02-19,3239,68461,1133,20548,2106,47913,0,0,1995,33401,1241,17495,1995,50896,California
Santa Cruz,2021-02-20,2373,70834,1490,22038,883,48796,0,0,1878,34784,495,17990,1878,52774,California
Santa Cruz,2021-02-21,834,71668,368,22406,466,49262,0,0,706,35364,126,18116,706,53480,California
Santa Cruz,2021-02-22,1243,72911,955,23361,288,49550,0,0,529,35181,712,18828,529,54009,California
Santa Cruz,2021-02-23,2093,75004,933,24294,1160,50710,0,0,706,34501,1386,20214,706,54715,California
Santa Cruz,2021-02-24,3168,78172,1655,25949,1513,52223,0,0,1202,33742,1961,22175,1202,55917,California
Santa Cruz,2021-02-25,3205,81377,1413,27362,1792,54015,0,0,1763,34072,1434,23609,1764,57681,California
Santa Cruz,2021-02-26,2706,84083,759,28121,1947,55962,0,0,1541,34454,1161,24770,1543,59224,California
Santa Cruz,2021-02-27,2620,86703,930,29051,1690,57652,0,0,1825,35486,793,25563,1825,61049,California
Santa Cruz,2021-02-28,1286,87989,358,29409,928,58580,0,0,1075,36353,208,25771,1075,62124,California
Santa Cruz,2021-03-01,1819,89808,1248,30657,571,59151,0,0,686,35908,1131,26902,686,62810,California
Santa Cruz,2021-03-02,1536,91344,364,31021,1172,60323,0,0,873,36123,661,27563,876,63686,California
Santa Cruz,2021-03-03,2347,93691,633,31654,1714,62037,0,0,1286,36351,1058,28621,1286,64972,California
Santa Cruz,2021-03-04,2994,96685,1409,33063,1584,63621,1,1,2024,37418,959,29580,2026,66998,California
Santa Cruz,2021-03-05,2611,99296,489,33552,2104,65725,18,19,1138,37104,1470,31050,1156,68154,California
Santa Cruz,2021-03-06,3836,103132,1335,34887,2399,68124,102,121,2139,37647,1697,32747,2240,70394,California
Santa Cruz,2021-03-07,1341,104473,128,35015,1142,69266,71,192,556,37490,784,33531,627,71021,California
Santa Cruz,2021-03-08,1086,105559,222,35237,735,70001,129,321,655,37843,431,33962,784,71805,California
Santa Cruz,2021-03-09,1777,107336,262,35499,1367,71368,148,469,708,37633,1066,35028,856,72661,California
Santa Cruz,2021-03-10,3846,111182,2086,37585,1614,72982,146,615,2000,37937,1844,36872,2148,74809,California
Santa Cruz,2021-03-11,2787,113969,1213,38798,1402,74384,172,787,1539,38403,1247,38119,1713,76522,California
Santa Cruz,2021-03-12,2740,116709,882,39680,1567,75951,291,1078,911,37779,1825,39944,1201,77723,California
Santa Cruz,2021-03-13,2301,119010,1325,41005,934,76885,42,1120,1175,37875,1123,41067,1219,78942,California
Santa Cruz,2021-03-14,897,119907,212,41217,671,77556,14,1134,428,37849,467,41534,441,79383,California
Santa Cruz,2021-03-15,1332,121239,474,41691,823,78379,35,1169,573,37702,756,42290,609,79992,California
Santa Cruz,2021-03-16,2306,123545,1089,42780,1177,79556,40,1209,1337,38113,965,43255,1376,81368,California
Santa Cruz,2021-03-17,3941,127486,2322,45102,1609,81165,10,1219,2599,39388,1337,44592,2612,83980,California
Santa Cruz,2021-03-18,3848,131334,2072,47174,1658,82823,118,1337,2059,39779,1786,46378,2177,86157,California
Santa Cruz,2021-03-19,3369,134703,1318,48492,1828,84651,223,1560,1757,40151,1607,47985,1979,88136,California
Santa Cruz,2021-03-20,2159,136862,1612,50104,511,85162,36,1596,1086,40202,1071,49056,1122,89258,California
Santa Cruz,2021-03-21,819,137681,439,50543,258,85420,122,1718,437,40382,380,49436,560,89818,California
Santa Cruz,2021-03-22,1363,139044,844,51387,497,85917,22,1740,940,40925,420,49856,963,90781,California
Santa Cruz,2021-03-23,2546,141590,1429,52816,1067,86984,50,1790,1682,41796,861,50717,1732,92513,California
Santa Cruz,2021-03-24,3099,144689,2111,54927,967,87951,21,1811,2066,42855,1027,51744,2086,94599,California
Santa Cruz,2021-03-25,2637,147326,1323,56250,1277,89228,37,1848,1347,42956,1283,53027,1384,95983,California
Santa Cruz,2021-03-26,3119,150445,1811,58061,1281,90509,27,1875,2144,44159,968,53995,2171,98154,California
Santa Cruz,2021-03-27,3207,153652,2001,60062,1181,91690,25,1900,1507,44002,1690,55685,1533,99687,California
Santa Cruz,2021-03-28,935,154587,577,60639,344,92034,14,1914,493,44071,438,56123,507,100194,California
Santa Cruz,2021-03-29,1985,156572,877,61516,1040,93074,68,1982,1286,44729,696,56819,1354,101548,California
Santa Cruz,2021-03-30,2690,159262,812,62328,1721,94795,157,2139,1711,45620,976,57795,1867,103415,California
Santa Cruz,2021-03-31,4172,163434,2831,65159,1293,96088,48,2187,2197,45895,1970,59765,2245,105660,California
Santa Cruz,2021-04-01,4046,167480,2165,67324,1773,97861,108,2295,2048,46060,1991,61756,2156,107816,California
Santa Cruz,2021-04-02,3282,170762,1421,68745,1683,99544,178,2473,1881,46721,1398,63154,2059,109875,California
Santa Cruz,2021-04-03,2248,173010,1226,69971,889,100433,133,2606,888,46383,1358,64512,1020,110895,California
Santa Cruz,2021-04-04,937,173947,489,70460,392,100825,56,2662,552,46606,385,64897,608,111503,California
Santa Cruz,2021-04-05,2266,176213,786,71246,1312,102137,168,2830,1402,47314,863,65760,1571,113074,California
Santa Cruz,2021-04-06,3395,179608,1650,72896,1365,103502,380,3210,1966,48237,1418,67178,2341,115415,California
Santa Cruz,2021-04-07,4161,183769,1632,74528,2168,105670,361,3571,1805,48055,2353,69531,2171,117586,California
Santa Cruz,2021-04-08,4250,188019,2331,76859,1404,107074,515,4086,2505,49337,1736,71267,3018,120604,California
Santa Cruz,2021-04-09,3679,191698,1500,78359,1782,108856,397,4483,2075,50212,1598,72865,2473,123077,California
Santa Cruz,2021-04-10,2241,193939,1079,79438,913,109769,249,4732,1048,50319,1189,74054,1296,124373,California
Santa Cruz,2021-04-11,990,194929,515,79953,383,110152,92,4824,476,50373,514,74568,568,124941,California
Santa Cruz,2021-04-12,2291,197220,821,80774,1046,111198,424,5248,1098,50716,1178,75746,1521,126462,California
Santa Cruz,2021-04-13,2883,200103,1446,82220,1435,112633,2,5250,1623,51088,1253,76999,1625,128087,California
Santa Cruz,2021-04-14,4602,204705,2242,84462,2360,114993,0,5250,2245,50985,2350,79349,2247,130334,California
Santa Cruz,2021-04-15,5001,209706,3192,87654,1809,116802,0,5250,3159,52313,1831,81180,3159,133493,California
Santa Cruz,2021-04-16,4483,214189,2484,90138,1997,118799,2,5252,2437,52714,2039,83219,2440,135933,California
Santa Cruz,2021-04-17,2246,216435,889,91027,1357,120156,0,5252,1496,53462,748,83967,1496,137429,California
Santa Cruz,2021-04-18,1056,217491,509,91536,546,120702,1,5253,585,53579,469,84436,586,138015,California
Santa Cruz,2021-04-19,2529,220020,1510,93046,1018,121720,1,5254,1605,54263,921,85357,1605,139620,California
Santa Cruz,2021-04-20,3131,223151,1667,94713,1464,123184,0,5254,1793,54728,1329,86686,1794,141414,California
Santa Cruz,2021-04-21,4257,227408,2848,97561,1409,124593,0,5254,2310,55109,1929,88615,2310,143724,California
Santa Cruz,2021-04-22,4308,231716,2905,100466,1403,125996,0,5254,2420,55651,1878,90493,2420,146144,California
Santa Cruz,2021-04-23,3196,234912,1733,102199,1462,127458,1,5255,1388,55241,1799,92292,1389,147533,California
Santa Cruz,2021-04-24,2241,237153,1086,103285,1152,128610,3,5258,701,54416,1529,93821,704,148237,California
Santa Cruz,2021-04-25,1090,238243,696,103981,382,128992,12,5270,451,54247,631,94452,462,148699,California
Santa Cruz,2021-04-26,1894,240137,930,104911,950,129942,14,5284,750,53878,1134,95586,765,149464,California
Santa Cruz,2021-04-27,2807,242944,881,105792,1859,131801,67,5351,1402,53948,1399,96985,1469,150933,California
Santa Cruz,2021-04-28,3409,246353,1886,107678,1446,133247,77,5428,1790,54204,1608,98593,1864,152797,California
Santa Cruz,2021-04-29,3706,250059,2459,110137,1184,134431,63,5491,1279,53131,2416,101009,1343,154140,California
Santa Cruz,2021-04-30,2381,252440,1208,111345,1129,135560,44,5535,1018,52838,1355,102364,1062,155202,California
Santa Cruz,2021-05-01,1285,253725,1019,112364,233,135793,33,5568,598,52784,685,103049,631,155833,California
Santa Cruz,2021-05-02,640,254365,455,112819,160,135953,25,5593,213,52596,427,103476,239,156072,California
Santa Cruz,2021-05-03,1922,256287,991,113810,864,136817,67,5660,659,52071,1252,104728,727,156799,California
Santa Cruz,2021-05-04,2685,258972,1562,115372,1053,137870,70,5730,867,51193,1814,106542,936,157735,California
Santa Cruz,2021-05-05,2740,261712,1365,116737,1313,139183,62,5792,719,49998,1980,108522,785,158520,California
Santa Cruz,2021-05-06,3834,265546,2442,119179,1174,140357,218,6010,854,48105,2962,111484,1069,159589,California
Santa Cruz,2021-05-07,2745,268291,1242,120421,1421,141778,82,6092,432,46312,2308,113792,515,160104,California
Santa Cruz,2021-05-08,1364,269655,687,121108,649,142427,28,6120,384,45746,980,114772,414,160518,California
Santa Cruz,2021-05-09,508,270163,327,121435,158,142585,23,6143,151,45566,354,115126,174,160692,California
Santa Cruz,2021-05-10,1575,271738,1213,122648,297,142882,65,6208,406,44873,1164,116290,471,161163,California
Santa Cruz,2021-05-11,1810,273548,1299,123947,432,143314,79,6287,634,44412,1173,117463,712,161875,California
Santa Cruz,2021-05-12,2558,276106,1253,125200,1231,144545,74,6361,513,42963,2037,119500,588,162463,California
Santa Cruz,2021-05-13,3195,279301,2458,127658,650,145195,87,6448,1291,42440,1902,121402,1379,163842,California
Santa Cruz,2021-05-14,2576,281877,1524,129182,1013,146208,39,6487,1069,42052,1499,122901,1111,164953,California
Santa Cruz,2021-05-15,2294,284171,1329,130511,953,147161,12,6499,1119,42011,1172,124073,1131,166084,California
Santa Cruz,2021-05-16,718,284889,371,130882,326,147487,21,6520,206,41728,511,124584,228,166312,California
Santa Cruz,2021-05-17,1272,286161,795,131677,437,147924,40,6560,581,41659,690,125274,621,166933,California
Santa Cruz,2021-05-18,2089,288250,1411,133088,655,148579,23,6583,1148,41897,933,126207,1171,168104,California
Santa Cruz,2021-05-19,2652,290902,1486,134574,1136,149715,30,6613,977,41237,1667,127874,1007,169111,California
Santa Cruz,2021-05-20,2380,293282,1861,136435,381,150096,138,6751,1140,41282,1233,129107,1278,170389,California
Santa Cruz,2021-05-21,1176,294458,720,137155,375,150471,81,6832,512,41215,660,129767,593,170982,California
Santa Cruz,2021-05-22,1398,295856,1187,138342,205,150676,6,6838,532,40890,863,130630,538,171520,California
Santa Cruz,2021-05-23,87,295943,71,138413,14,150690,2,6840,27,40861,58,130688,29,171549,California
Shasta,2020-12-16,131,131,131,131,0,0,0,0,131,131,0,0,131,131,California
Shasta,2020-12-17,420,551,420,551,0,0,0,0,420,551,0,0,420,551,California
Shasta,2020-12-18,166,717,166,717,0,0,0,0,166,717,0,0,166,717,California
Shasta,2020-12-19,1,718,1,718,0,0,0,0,1,718,0,0,1,718,California
Shasta,2020-12-21,79,797,79,797,0,0,0,0,79,797,0,0,79,797,California
Shasta,2020-12-22,192,989,187,984,5,5,0,0,192,989,0,0,192,989,California
Shasta,2020-12-23,174,1163,170,1154,4,9,0,0,174,1163,0,0,174,1163,California
Shasta,2020-12-24,18,1181,18,1172,0,9,0,0,18,1181,0,0,18,1181,California
Shasta,2020-12-26,4,1185,1,1173,3,12,0,0,4,1185,0,0,4,1185,California
Shasta,2020-12-27,1,1186,0,1173,1,13,0,0,1,1186,0,0,1,1186,California
Shasta,2020-12-28,40,1226,31,1204,9,22,0,0,40,1226,0,0,40,1226,California
Shasta,2020-12-29,186,1412,185,1389,1,23,0,0,186,1412,0,0,186,1412,California
Shasta,2020-12-30,178,1590,168,1557,10,33,0,0,178,1590,0,0,178,1590,California
Shasta,2020-12-31,83,1673,2,1559,81,114,0,0,83,1673,0,0,83,1673,California
Shasta,2021-01-02,2,1675,0,1559,2,116,0,0,2,1675,0,0,2,1675,California
Shasta,2021-01-03,1,1676,1,1560,0,116,0,0,1,1676,0,0,1,1676,California
Shasta,2021-01-04,372,2048,306,1866,66,182,0,0,373,2049,0,0,373,2049,California
Shasta,2021-01-05,335,2383,314,2180,21,203,0,0,253,2220,82,82,253,2302,California
Shasta,2021-01-06,466,2849,395,2575,71,274,0,0,203,2161,262,344,203,2505,California
Shasta,2021-01-07,125,2974,36,2611,89,363,0,0,104,2244,21,365,104,2609,California
Shasta,2021-01-08,525,3499,448,3059,77,440,0,0,317,2353,208,573,317,2926,California
Shasta,2021-01-09,73,3572,64,3123,9,449,0,0,71,2422,2,575,71,2997,California
Shasta,2021-01-10,5,3577,0,3123,5,454,0,0,4,2426,1,576,5,3002,California
Shasta,2021-01-11,405,3982,184,3307,221,675,0,0,370,2761,35,611,370,3372,California
Shasta,2021-01-12,487,4469,330,3637,157,832,0,0,312,2898,175,786,312,3684,California
Shasta,2021-01-13,599,5068,267,3904,332,1164,0,0,430,3159,169,955,430,4114,California
Shasta,2021-01-14,501,5569,52,3956,449,1613,0,0,483,3624,18,973,483,4597,California
Shasta,2021-01-15,686,6255,134,4090,552,2165,0,0,684,4306,2,975,684,5281,California
Shasta,2021-01-16,897,7152,54,4144,843,3008,0,0,894,5197,3,978,894,6175,California
Shasta,2021-01-17,27,7179,6,4150,21,3029,0,0,23,5216,4,982,23,6198,California
Shasta,2021-01-18,598,7777,128,4278,470,3499,0,0,590,5798,8,990,590,6788,California
Shasta,2021-01-19,1058,8835,398,4676,660,4159,0,0,910,6560,148,1138,910,7698,California
Shasta,2021-01-20,681,9516,413,5089,268,4427,0,0,494,6872,182,1320,494,8192,California
Shasta,2021-01-21,632,10148,280,5369,352,4779,0,0,609,7458,23,1343,609,8801,California
Shasta,2021-01-22,447,10595,173,5542,274,5053,0,0,441,7893,6,1349,441,9242,California
Shasta,2021-01-23,68,10663,5,5547,63,5116,0,0,67,7959,1,1350,67,9309,California
Shasta,2021-01-24,25,10688,2,5549,23,5139,0,0,24,7982,1,1351,24,9333,California
Shasta,2021-01-25,750,11438,491,6040,259,5398,0,0,464,8161,285,1636,464,9797,California
Shasta,2021-01-26,709,12147,333,6373,376,5774,0,0,475,8404,232,1868,475,10272,California
Shasta,2021-01-27,459,12606,179,6552,280,6054,0,0,410,8765,49,1917,410,10682,California
Shasta,2021-01-28,887,13493,576,7128,311,6365,0,0,665,9208,222,2139,665,11347,California
Shasta,2021-01-29,833,14326,332,7460,501,6866,0,0,643,9662,190,2329,644,11991,California
Shasta,2021-01-30,616,14942,15,7475,601,7467,0,0,606,10258,10,2339,606,12597,California
Shasta,2021-01-31,27,14969,3,7478,24,7491,0,0,26,10283,1,2340,26,12623,California
Shasta,2021-02-01,530,15499,148,7626,382,7873,0,0,386,10525,144,2484,386,13009,California
Shasta,2021-02-02,988,16487,500,8126,488,8361,0,0,896,11331,90,2574,896,13905,California
Shasta,2021-02-03,722,17209,211,8337,511,8872,0,0,487,11583,235,2809,487,14392,California
Shasta,2021-02-04,1098,18307,675,9012,423,9295,0,0,905,12296,192,3001,905,15297,California
Shasta,2021-02-05,1253,19560,165,9177,1088,10383,0,0,1046,13136,206,3207,1046,16343,California
Shasta,2021-02-06,1745,21305,41,9218,1704,12087,0,0,1722,14835,23,3230,1722,18065,California
Shasta,2021-02-07,25,21330,3,9221,22,12109,0,0,23,14856,2,3232,23,18088,California
Shasta,2021-02-08,596,21926,168,9389,428,12537,0,0,306,14872,290,3522,306,18394,California
Shasta,2021-02-09,1124,23050,654,10043,470,13007,0,0,731,15211,393,3915,732,19126,California
Shasta,2021-02-10,1124,24174,788,10831,336,13343,0,0,599,15285,526,4441,600,19726,California
Shasta,2021-02-11,891,25065,186,11017,705,14048,0,0,369,15137,517,4958,369,20095,California
Shasta,2021-02-12,1739,26804,1160,12177,579,14627,0,0,1188,15774,551,5509,1188,21283,California
Shasta,2021-02-13,1381,28185,368,12545,1013,15640,0,0,570,15533,812,6321,571,21854,California
Shasta,2021-02-14,150,28335,4,12549,146,15786,0,0,126,15635,24,6345,126,21980,California
Shasta,2021-02-15,377,28712,89,12638,288,16074,0,0,208,15674,169,6514,208,22188,California
Shasta,2021-02-16,1196,29908,521,13159,675,16749,0,0,422,15323,773,7287,422,22610,California
Shasta,2021-02-17,1034,30942,438,13597,596,17345,0,0,414,15117,620,7907,414,23024,California
Shasta,2021-02-18,949,31891,468,14065,481,17826,0,0,460,15089,489,8396,461,23485,California
Shasta,2021-02-19,1327,33218,935,15000,392,18218,0,0,860,15482,467,8863,860,24345,California
Shasta,2021-02-20,802,34020,89,15089,713,18931,0,0,303,15286,499,9362,303,24648,California
Shasta,2021-02-21,32,34052,3,15092,29,18960,0,0,10,15274,22,9384,10,24658,California
Shasta,2021-02-22,430,34482,77,15169,353,19313,0,0,178,15201,251,9635,178,24836,California
Shasta,2021-02-23,910,35392,469,15638,441,19754,0,0,327,14945,583,10218,327,25163,California
Shasta,2021-02-24,891,36283,509,16147,382,20136,0,0,274,14603,616,10834,274,25437,California
Shasta,2021-02-25,519,36802,163,16310,356,20492,0,0,162,14409,356,11190,162,25599,California
Shasta,2021-02-26,790,37592,94,16404,696,21188,0,0,331,14282,458,11648,331,25930,California
Shasta,2021-02-27,827,38419,27,16431,800,21988,0,0,188,13833,637,12285,188,26118,California
Shasta,2021-02-28,176,38595,4,16435,172,22160,0,0,126,13909,50,12335,126,26244,California
Shasta,2021-03-01,583,39178,58,16493,525,22685,0,0,295,13917,287,12622,295,26539,California
Shasta,2021-03-02,1027,40205,472,16965,555,23240,0,0,336,13564,689,13311,336,26875,California
Shasta,2021-03-03,668,40873,168,17133,500,23740,0,0,244,13384,424,13735,244,27119,California
Shasta,2021-03-04,3026,43899,2411,19544,615,24355,0,0,1780,13920,1245,14980,1781,28900,California
Shasta,2021-03-05,1556,45455,161,19705,1366,25721,29,29,790,13972,767,15747,819,29719,California
Shasta,2021-03-06,2742,48197,385,20090,2310,28031,47,76,855,12989,1885,17632,902,30621,California
Shasta,2021-03-07,92,48289,4,20094,56,28087,32,108,38,13005,54,17686,70,30691,California
Shasta,2021-03-08,570,48859,46,20140,385,28472,139,247,157,12890,411,18097,296,30987,California
Shasta,2021-03-09,1254,50113,595,20735,481,28953,178,425,699,13211,555,18652,876,31863,California
Shasta,2021-03-10,799,50912,257,20992,340,29293,202,627,136,12885,662,19314,336,32199,California
Shasta,2021-03-11,1558,52470,471,21463,815,30108,272,899,940,13482,615,19929,1212,33411,California
Shasta,2021-03-12,1529,53999,834,22297,446,30554,249,1148,395,12991,1133,21062,642,34053,California
Shasta,2021-03-13,758,54757,425,22722,232,30786,101,1249,475,13283,282,21344,574,34627,California
Shasta,2021-03-14,1018,55775,8,22730,988,31774,22,1271,879,14046,139,21483,902,35529,California
Shasta,2021-03-15,496,56271,35,22765,361,32135,100,1371,210,14069,286,21769,309,35838,California
Shasta,2021-03-16,1133,57404,148,22913,918,33053,67,1438,849,14701,284,22053,916,36754,California
Shasta,2021-03-17,733,58137,191,23104,484,33537,58,1496,394,14820,333,22386,452,37206,California
Shasta,2021-03-18,1542,59679,586,23690,852,34389,104,1600,1115,15616,423,22809,1219,38425,California
Shasta,2021-03-19,648,60327,196,23886,396,34785,56,1656,414,15853,233,23042,470,38895,California
Shasta,2021-03-20,747,61074,489,24375,244,35029,14,1670,599,16318,148,23190,613,39508,California
Shasta,2021-03-21,313,61387,298,24673,4,35033,11,1681,286,16589,26,23216,297,39805,California
Shasta,2021-03-22,347,61734,37,24710,274,35307,36,1717,199,16677,147,23363,235,40040,California
Shasta,2021-03-23,1311,63045,652,25362,599,35906,60,1777,757,16945,549,23912,817,40857,California
Shasta,2021-03-24,609,63654,156,25518,415,36321,38,1815,365,17105,243,24155,403,41260,California
Shasta,2021-03-25,1133,64787,449,25967,663,36984,21,1836,820,17637,310,24465,842,42102,California
Shasta,2021-03-26,1836,66623,1404,27371,402,37386,30,1866,1477,18786,359,24824,1508,43610,California
Shasta,2021-03-27,1594,68217,405,27776,317,37703,872,2738,575,19213,1017,25841,1444,45054,California
Shasta,2021-03-28,405,68622,299,28075,96,37799,10,2748,301,19422,102,25943,311,45365,California
Shasta,2021-03-29,420,69042,40,28115,368,38167,12,2760,166,19347,253,26196,178,45543,California
Shasta,2021-03-30,1245,70287,766,28881,462,38629,17,2777,625,19372,617,26813,642,46185,California
Shasta,2021-03-31,619,70906,206,29087,407,39036,6,2783,383,19530,231,27044,389,46574,California
Shasta,2021-04-01,896,71802,248,29335,636,39672,12,2795,575,19798,319,27363,587,47161,California
Shasta,2021-04-02,754,72556,200,29535,500,40172,54,2849,414,19928,338,27701,468,47629,California
Shasta,2021-04-03,514,73070,362,29897,133,40305,19,2868,389,20211,125,27826,408,48037,California
Shasta,2021-04-04,293,73363,176,30073,96,40401,21,2889,218,20375,75,27901,239,48276,California
Shasta,2021-04-05,444,73807,68,30141,312,40713,64,2953,254,20503,190,28091,318,48594,California
Shasta,2021-04-06,1161,74968,486,30627,501,41214,174,3127,538,20596,618,28709,711,49305,California
Shasta,2021-04-07,655,75623,213,30840,279,41493,163,3290,258,20623,393,29102,420,49725,California
Shasta,2021-04-08,1141,76764,260,31100,726,42219,155,3445,231,20100,908,30010,385,50110,California
Shasta,2021-04-09,2579,79343,2063,33163,307,42526,209,3654,2006,21747,566,30576,2213,52323,California
Shasta,2021-04-10,879,80222,592,33755,158,42684,129,3783,266,21528,613,31189,394,52717,California
Shasta,2021-04-11,1250,81472,396,34151,834,43518,20,3803,144,20590,1102,32291,164,52881,California
Shasta,2021-04-12,338,81810,7,34158,269,43787,62,3865,97,20508,240,32531,158,53039,California
Shasta,2021-04-13,1268,83078,366,34524,900,44687,2,3867,341,19927,923,33454,342,53381,California
Shasta,2021-04-14,592,83670,143,34667,447,45134,2,3869,221,19780,370,33824,223,53604,California
Shasta,2021-04-15,1066,84736,256,34923,810,45944,0,3869,302,19321,761,34585,302,53906,California
Shasta,2021-04-16,2340,87076,1845,36768,495,46439,0,3869,935,18853,1403,35988,935,54841,California
Shasta,2021-04-17,642,87718,411,37179,231,46670,0,3869,189,18590,453,36441,190,55031,California
Shasta,2021-04-18,265,87983,240,37419,25,46695,0,3869,32,18391,231,36672,32,55063,California
Shasta,2021-04-19,381,88364,27,37446,354,47049,0,3869,162,18334,219,36891,162,55225,California
Shasta,2021-04-20,1011,89375,256,37702,755,47804,0,3869,377,18078,633,37524,377,55602,California
Shasta,2021-04-21,605,89980,220,37922,385,48189,0,3869,304,18081,301,37825,304,55906,California
Shasta,2021-04-22,964,90944,283,38205,681,48870,0,3869,300,17719,662,38487,300,56206,California
Shasta,2021-04-23,659,91603,264,38469,395,49265,0,3869,328,17717,330,38817,328,56534,California
Shasta,2021-04-24,600,92203,357,38826,242,49507,1,3870,108,17334,491,39308,108,56642,California
Shasta,2021-04-25,211,92414,182,39008,28,49535,1,3871,37,17198,174,39482,38,56680,California
Shasta,2021-04-26,485,92899,52,39060,428,49963,5,3876,337,17393,146,39628,341,57021,California
Shasta,2021-04-27,535,93434,177,39237,322,50285,36,3912,296,17487,236,39864,330,57351,California
Shasta,2021-04-28,578,94012,158,39395,387,50672,33,3945,253,17447,325,40189,285,57636,California
Shasta,2021-04-29,782,94794,120,39515,639,51311,23,3968,183,17055,598,40787,206,57842,California
Shasta,2021-04-30,2266,97060,1840,41355,395,51706,31,3999,269,15358,1997,42784,300,58142,California
Shasta,2021-05-01,224,97284,20,41375,128,51834,76,4075,96,15402,128,42912,172,58314,California
Shasta,2021-05-02,46,97330,16,41391,17,51851,13,4088,19,15407,27,42939,32,58346,California
Shasta,2021-05-03,351,97681,94,41485,231,52082,26,4114,112,15307,238,43177,138,58484,California
Shasta,2021-05-04,506,98187,173,41658,296,52378,37,4151,244,15329,259,43436,281,58765,California
Shasta,2021-05-05,432,98619,140,41798,275,52653,17,4168,200,15314,232,43668,217,58982,California
Shasta,2021-05-06,692,99311,262,42060,390,53043,40,4208,296,15263,387,44055,336,59318,California
Shasta,2021-05-07,1112,100423,731,42791,342,53385,39,4247,302,14795,809,44864,341,59659,California
Shasta,2021-05-08,167,100590,83,42874,74,53459,10,4257,98,14834,68,44932,107,59766,California
Shasta,2021-05-09,66,100656,15,42889,46,53505,5,4262,35,14843,31,44963,40,59806,California
Shasta,2021-05-10,259,100915,21,42910,189,53694,49,4311,113,14859,144,45107,160,59966,California
Shasta,2021-05-11,505,101420,160,43070,196,53890,149,4460,174,14852,330,45437,323,60289,California
Shasta,2021-05-12,365,101785,142,43212,201,54091,22,4482,119,14748,245,45682,141,60430,California
Shasta,2021-05-13,531,102316,223,43435,292,54383,16,4498,195,14625,334,46016,211,60641,California
Shasta,2021-05-14,602,102918,258,43693,318,54701,26,4524,271,14593,330,46346,298,60939,California
Shasta,2021-05-15,394,103312,125,43818,164,54865,105,4629,163,14630,230,46576,267,61206,California
Shasta,2021-05-16,222,103534,155,43973,57,54922,10,4639,164,14746,58,46634,174,61380,California
Shasta,2021-05-17,536,104070,240,44213,236,55158,60,4699,284,14839,251,46885,344,61724,California
Shasta,2021-05-18,604,104674,288,44501,292,55450,24,4723,323,14905,281,47166,347,62071,California
Shasta,2021-05-19,578,105252,280,44781,230,55680,68,4791,285,14968,290,47456,353,62424,California
Shasta,2021-05-20,502,105754,230,45011,256,55936,16,4807,237,14959,262,47718,253,62677,California
Shasta,2021-05-21,490,106244,255,45266,219,56155,16,4823,259,15005,229,47947,275,62952,California
Shasta,2021-05-22,179,106423,111,45377,61,56216,7,4830,119,15072,59,48006,126,63078,California
Shasta,2021-05-23,22,106445,5,45382,16,56232,1,4831,16,15083,6,48012,17,63095,California
Sierra,2020-12-18,1,1,1,1,0,0,0,0,1,1,0,0,1,1,California
Sierra,2020-12-21,2,3,2,3,0,0,0,0,2,3,0,0,2,3,California
Sierra,2020-12-22,12,15,12,15,0,0,0,0,12,15,0,0,12,15,California
Sierra,2020-12-23,4,19,4,19,0,0,0,0,4,19,0,0,4,19,California
Sierra,2020-12-28,1,20,0,19,1,1,0,0,1,20,0,0,1,20,California
Sierra,2020-12-29,49,69,7,26,42,43,0,0,49,69,0,0,49,69,California
Sierra,2020-12-30,2,71,0,26,2,45,0,0,2,71,0,0,2,71,California
Sierra,2020-12-31,13,84,0,26,13,58,0,0,13,84,0,0,13,84,California
Sierra,2021-01-01,1,85,1,27,0,58,0,0,1,85,0,0,1,85,California
Sierra,2021-01-05,64,149,2,29,62,120,0,0,64,149,0,0,64,149,California
Sierra,2021-01-06,1,150,1,30,0,120,0,0,1,150,0,0,1,150,California
Sierra,2021-01-07,21,171,1,31,20,140,0,0,20,169,1,1,20,170,California
Sierra,2021-01-08,1,172,1,32,0,140,0,0,1,170,0,1,1,171,California
Sierra,2021-01-11,3,175,3,35,0,140,0,0,0,167,3,4,0,171,California
Sierra,2021-01-12,39,214,12,47,27,167,0,0,27,182,12,16,27,198,California
Sierra,2021-01-13,3,217,3,50,0,167,0,0,0,179,3,19,0,198,California
Sierra,2021-01-14,35,252,2,52,33,200,0,0,35,214,0,19,35,233,California
Sierra,2021-01-15,3,255,1,53,2,202,0,0,3,217,0,19,3,236,California
Sierra,2021-01-18,2,257,0,53,2,204,0,0,2,219,0,19,2,238,California
Sierra,2021-01-19,32,289,0,53,32,236,0,0,32,251,0,19,32,270,California
Sierra,2021-01-20,1,290,1,54,0,236,0,0,1,252,0,19,1,271,California
Sierra,2021-01-21,52,342,0,54,52,288,0,0,52,304,0,19,52,323,California
Sierra,2021-01-22,2,344,0,54,2,290,0,0,2,306,0,19,2,325,California
Sierra,2021-01-23,2,346,0,54,2,292,0,0,2,308,0,19,2,327,California
Sierra,2021-01-26,62,408,0,54,62,354,0,0,24,294,38,57,24,351,California
Sierra,2021-01-27,4,412,4,58,0,354,0,0,0,290,4,61,0,351,California
Sierra,2021-01-28,53,465,0,58,53,407,0,0,43,323,10,71,43,394,California
Sierra,2021-01-29,2,467,0,58,2,409,0,0,2,325,0,71,2,396,California
Sierra,2021-01-30,3,470,3,61,0,409,0,0,2,326,1,72,2,398,California
Sierra,2021-02-01,1,471,0,61,1,410,0,0,0,325,1,73,0,398,California
Sierra,2021-02-02,58,529,1,62,57,467,0,0,19,305,39,112,19,417,California
Sierra,2021-02-03,6,535,5,67,1,468,0,0,5,309,1,113,5,422,California
Sierra,2021-02-04,102,637,5,72,97,565,0,0,53,313,49,162,53,475,California
Sierra,2021-02-05,6,643,4,76,2,567,0,0,5,317,1,163,5,480,California
Sierra,2021-02-09,51,694,0,76,51,618,0,0,48,362,3,166,48,528,California
Sierra,2021-02-10,4,698,2,78,2,620,0,0,4,366,0,166,4,532,California
Sierra,2021-02-11,195,893,1,79,194,814,0,0,134,439,61,227,134,666,California
Sierra,2021-02-12,20,913,0,79,20,834,0,0,20,459,0,227,20,686,California
Sierra,2021-02-13,1,914,1,80,0,834,0,0,1,460,0,227,1,687,California
Sierra,2021-02-15,2,916,2,82,0,834,0,0,0,458,2,229,0,687,California
Sierra,2021-02-16,43,959,0,82,43,877,0,0,10,435,33,262,10,697,California
Sierra,2021-02-17,4,963,0,82,4,881,0,0,1,433,3,265,1,698,California
Sierra,2021-02-18,140,1103,0,82,140,1021,0,0,91,475,49,314,91,789,California
Sierra,2021-02-19,2,1105,1,83,1,1022,0,0,1,475,1,315,1,790,California
Sierra,2021-02-20,2,1107,2,85,0,1022,0,0,0,473,2,317,0,790,California
Sierra,2021-02-22,1,1108,1,86,0,1022,0,0,1,474,0,317,1,791,California
Sierra,2021-02-23,4,1112,0,86,4,1026,0,0,4,478,0,317,4,795,California
Sierra,2021-02-24,3,1115,2,88,1,1027,0,0,3,481,0,317,3,798,California
Sierra,2021-02-25,126,1241,2,90,124,1151,0,0,59,474,66,383,59,857,California
Sierra,2021-02-26,11,1252,6,96,5,1156,0,0,4,471,7,390,4,861,California
Sierra,2021-02-27,2,1254,2,98,0,1156,0,0,0,469,2,392,0,861,California
Sierra,2021-03-01,2,1256,2,100,0,1156,0,0,0,467,2,394,0,861,California
Sierra,2021-03-02,56,1312,0,100,56,1212,0,0,38,487,18,412,38,899,California
Sierra,2021-03-03,2,1314,2,102,0,1212,0,0,1,487,1,413,1,900,California
Sierra,2021-03-04,108,1422,0,102,108,1320,0,0,60,499,48,461,60,960,California
Sierra,2021-03-05,13,1435,1,103,12,1332,0,0,11,508,2,463,11,971,California
Sierra,2021-03-07,1,1436,1,104,0,1332,0,0,0,507,1,464,0,971,California
Sierra,2021-03-08,2,1438,2,106,0,1332,0,0,2,509,0,464,2,973,California
Sierra,2021-03-09,56,1494,0,106,56,1388,0,0,12,477,44,508,12,985,California
Sierra,2021-03-10,6,1500,0,106,6,1394,0,0,4,479,2,510,4,989,California
Sierra,2021-03-11,176,1676,0,106,176,1570,0,0,44,391,132,642,44,1033,California
Sierra,2021-03-12,20,1696,1,107,19,1589,0,0,0,371,20,662,0,1033,California
Sierra,2021-03-13,28,1724,0,107,28,1617,0,0,28,399,0,662,28,1061,California
Sierra,2021-03-14,1,1725,0,107,0,1617,1,1,0,399,1,663,1,1062,California
Sierra,2021-03-15,1,1726,1,108,0,1617,0,1,0,398,1,664,0,1062,California
Sierra,2021-03-16,35,1761,0,108,34,1651,1,2,22,408,13,677,23,1085,California
Sierra,2021-03-17,3,1764,2,110,1,1652,0,2,0,405,3,680,0,1085,California
Sierra,2021-03-18,158,1922,0,110,158,1810,0,2,65,377,93,773,65,1150,California
Sierra,2021-03-19,4,1926,2,112,2,1812,0,2,1,375,3,776,1,1151,California
Sierra,2021-03-20,1,1927,0,112,1,1813,0,2,1,376,0,776,1,1152,California
Sierra,2021-03-23,22,1949,0,112,22,1835,0,2,13,380,9,785,13,1165,California
Sierra,2021-03-24,3,1952,1,113,2,1837,0,2,1,379,2,787,1,1166,California
Sierra,2021-03-25,99,2051,1,114,98,1935,0,2,50,380,49,836,50,1216,California
Sierra,2021-03-26,12,2063,1,115,11,1946,0,2,8,384,4,840,8,1224,California
Sierra,2021-03-27,1,2064,0,115,1,1947,0,2,0,383,1,841,0,1224,California
Sierra,2021-03-29,1,2065,1,116,0,1947,0,2,0,382,1,842,0,1224,California
Sierra,2021-03-30,55,2120,1,117,54,2001,0,2,22,371,33,875,22,1246,California
Sierra,2021-03-31,8,2128,0,117,8,2009,0,2,8,379,0,875,8,1254,California
Sierra,2021-04-01,63,2191,1,118,62,2071,0,2,5,328,56,931,5,1259,California
Sierra,2021-04-02,3,2194,2,120,1,2072,0,2,2,329,1,932,2,1261,California
Sierra,2021-04-04,1,2195,0,120,1,2073,0,2,0,329,0,932,0,1261,California
Sierra,2021-04-06,11,2206,0,120,11,2084,0,2,1,320,10,942,1,1262,California
Sierra,2021-04-07,14,2220,3,123,6,2090,5,7,3,318,10,952,8,1270,California
Sierra,2021-04-08,54,2274,2,125,52,2142,0,7,16,296,38,990,16,1286,California
Sierra,2021-04-09,2,2276,2,127,0,2142,0,7,1,296,1,991,1,1287,California
Sierra,2021-04-10,27,2303,0,127,27,2169,0,7,0,269,27,1018,0,1287,California
Sierra,2021-04-12,1,2304,0,127,0,2169,1,8,0,269,1,1019,1,1288,California
Sierra,2021-04-13,45,2349,0,127,45,2214,0,8,5,234,40,1059,5,1293,California
Sierra,2021-04-14,1,2350,0,127,1,2215,0,8,1,235,0,1059,1,1294,California
Sierra,2021-04-15,49,2399,1,128,48,2263,0,8,2,190,47,1106,2,1296,California
Sierra,2021-04-17,2,2401,1,129,1,2264,0,8,1,190,1,1107,1,1297,California
Sierra,2021-04-19,1,2402,1,130,0,2264,0,8,0,189,1,1108,0,1297,California
Sierra,2021-04-20,34,2436,1,131,33,2297,0,8,7,169,27,1135,7,1304,California
Sierra,2021-04-21,2,2438,1,132,1,2298,0,8,1,169,1,1136,1,1305,California
Sierra,2021-04-22,64,2502,1,133,63,2361,0,8,5,116,58,1194,5,1310,California
Sierra,2021-04-23,11,2513,0,133,11,2372,0,8,3,111,8,1202,3,1313,California
Sierra,2021-04-24,4,2517,0,133,4,2376,0,8,4,115,0,1202,4,1317,California
Sierra,2021-04-27,28,2545,1,134,27,2403,0,8,5,97,23,1225,5,1322,California
Sierra,2021-04-28,10,2555,2,136,8,2411,0,8,1,89,9,1234,1,1323,California
Sierra,2021-04-29,20,2575,2,138,18,2429,0,8,14,97,6,1240,14,1337,California
Sierra,2021-04-30,4,2579,2,140,2,2431,0,8,2,97,2,1242,2,1339,California
Sierra,2021-05-03,1,2580,1,141,0,2431,0,8,1,98,0,1242,1,1340,California
Sierra,2021-05-04,1,2581,0,141,1,2432,0,8,0,97,1,1243,0,1340,California
Sierra,2021-05-05,22,2603,0,141,22,2454,0,8,7,89,15,1258,7,1347,California
Sierra,2021-05-06,1,2604,1,142,0,2454,0,8,0,88,1,1259,0,1347,California
Sierra,2021-05-07,1,2605,1,143,0,2454,0,8,1,89,0,1259,1,1348,California
Sierra,2021-05-08,1,2606,0,143,0,2454,1,9,0,89,1,1260,1,1349,California
Sierra,2021-05-11,11,2617,0,143,4,2458,7,16,0,85,11,1271,7,1356,California
Sierra,2021-05-12,10,2627,1,144,9,2467,0,16,7,89,3,1274,7,1363,California
Sierra,2021-05-13,3,2630,2,146,1,2468,0,16,2,90,1,1275,2,1365,California
Sierra,2021-05-14,3,2633,1,147,2,2470,0,16,3,93,0,1275,3,1368,California
Sierra,2021-05-17,1,2634,1,148,0,2470,0,16,1,94,0,1275,1,1369,California
Sierra,2021-05-18,3,2637,1,149,1,2471,1,17,0,92,3,1278,1,1370,California
Sierra,2021-05-19,6,2643,3,152,3,2474,0,17,2,90,4,1282,2,1372,California
Sierra,2021-05-20,9,2652,8,160,0,2474,1,18,8,98,1,1283,9,1381,California
Sierra,2021-05-21,4,2656,2,162,2,2476,0,18,1,96,3,1286,1,1382,California
Sierra,2021-05-22,4,2660,0,162,4,2480,0,18,0,92,4,1290,0,1382,California
Sierra,2021-05-23,1,2661,0,162,1,2481,0,18,1,93,0,1290,1,1383,California
Siskiyou,2020-12-16,2,2,2,2,0,0,0,0,2,2,0,0,2,2,California
Siskiyou,2020-12-17,4,6,4,6,0,0,0,0,4,6,0,0,4,6,California
Siskiyou,2020-12-18,2,8,2,8,0,0,0,0,2,8,0,0,2,8,California
Siskiyou,2020-12-19,4,12,4,12,0,0,0,0,4,12,0,0,4,12,California
Siskiyou,2020-12-20,1,13,1,13,0,0,0,0,1,13,0,0,1,13,California
Siskiyou,2020-12-21,132,145,132,145,0,0,0,0,132,145,0,0,132,145,California
Siskiyou,2020-12-22,158,303,158,303,0,0,0,0,158,303,0,0,158,303,California
Siskiyou,2020-12-23,142,445,142,445,0,0,0,0,142,445,0,0,142,445,California
Siskiyou,2020-12-24,5,450,5,450,0,0,0,0,5,450,0,0,5,450,California
Siskiyou,2020-12-26,2,452,0,450,2,2,0,0,2,452,0,0,2,452,California
Siskiyou,2020-12-27,2,454,0,450,2,4,0,0,2,454,0,0,2,454,California
Siskiyou,2020-12-28,3,457,1,451,2,6,0,0,3,457,0,0,3,457,California
Siskiyou,2020-12-29,6,463,2,453,4,10,0,0,6,463,0,0,6,463,California
Siskiyou,2020-12-30,98,561,3,456,95,105,0,0,98,561,0,0,98,561,California
Siskiyou,2020-12-31,12,573,0,456,12,117,0,0,12,573,0,0,12,573,California
Siskiyou,2021-01-02,1,574,1,457,0,117,0,0,1,574,0,0,1,574,California
Siskiyou,2021-01-03,1,575,0,457,1,118,0,0,1,575,0,0,1,575,California
Siskiyou,2021-01-04,130,705,3,460,127,245,0,0,130,705,0,0,130,705,California
Siskiyou,2021-01-05,116,821,4,464,112,357,0,0,115,819,1,1,115,820,California
Siskiyou,2021-01-06,59,880,6,470,53,410,0,0,55,870,4,5,55,875,California
Siskiyou,2021-01-07,175,1055,4,474,171,581,0,0,174,1043,1,6,174,1049,California
Siskiyou,2021-01-08,41,1096,3,477,38,619,0,0,39,1080,2,8,39,1088,California
Siskiyou,2021-01-09,2,1098,2,479,0,619,0,0,0,1078,2,10,0,1088,California
Siskiyou,2021-01-11,226,1324,65,544,161,780,0,0,163,1178,63,73,163,1251,California
Siskiyou,2021-01-12,322,1646,274,818,48,828,0,0,89,1035,233,306,90,1341,California
Siskiyou,2021-01-13,157,1803,137,955,20,848,0,0,23,924,134,440,23,1364,California
Siskiyou,2021-01-14,25,1828,1,956,24,872,0,0,24,947,1,441,24,1388,California
Siskiyou,2021-01-15,35,1863,3,959,32,904,0,0,35,982,0,441,35,1423,California
Siskiyou,2021-01-16,7,1870,2,961,5,909,0,0,7,989,0,441,7,1430,California
Siskiyou,2021-01-17,1,1871,1,962,0,909,0,0,0,988,1,442,0,1430,California
Siskiyou,2021-01-18,77,1948,4,966,73,982,0,0,75,1061,2,444,75,1505,California
Siskiyou,2021-01-19,21,1969,1,967,20,1002,0,0,20,1080,1,445,20,1525,California
Siskiyou,2021-01-20,47,2016,35,1002,12,1014,0,0,43,1119,4,449,43,1568,California
Siskiyou,2021-01-21,42,2058,1,1003,41,1055,0,0,42,1161,0,449,42,1610,California
Siskiyou,2021-01-22,1327,3385,1175,2178,152,1207,0,0,1327,2488,0,449,1327,2937,California
Siskiyou,2021-01-23,5,3390,1,2179,4,1211,0,0,2,2487,3,452,2,2939,California
Siskiyou,2021-01-25,182,3572,8,2187,174,1385,0,0,178,2661,4,456,178,3117,California
Siskiyou,2021-01-26,148,3720,3,2190,145,1530,0,0,140,2793,8,464,140,3257,California
Siskiyou,2021-01-27,181,3901,1,2191,180,1710,0,0,126,2864,55,519,126,3383,California
Siskiyou,2021-01-28,231,4132,117,2308,114,1824,0,0,225,3083,6,525,225,3608,California
Siskiyou,2021-01-29,249,4381,3,2311,246,2070,0,0,247,3328,2,527,247,3855,California
Siskiyou,2021-01-30,4,4385,3,2314,1,2071,0,0,4,3332,0,527,4,3859,California
Siskiyou,2021-02-01,195,4580,3,2317,192,2263,0,0,105,3347,90,617,105,3964,California
Siskiyou,2021-02-02,289,4869,45,2362,244,2507,0,0,147,3352,142,759,147,4111,California
Siskiyou,2021-02-03,314,5183,1,2363,313,2820,0,0,264,3566,50,809,264,4375,California
Siskiyou,2021-02-04,322,5505,7,2370,315,3135,0,0,200,3644,122,931,200,4575,California
Siskiyou,2021-02-05,511,6016,4,2374,507,3642,0,0,349,3831,162,1093,349,4924,California
Siskiyou,2021-02-06,15,6031,0,2374,15,3657,0,0,15,3846,0,1093,15,4939,California
Siskiyou,2021-02-07,4,6035,3,2377,1,3658,0,0,4,3850,0,1093,4,4943,California
Siskiyou,2021-02-08,221,6256,5,2382,216,3874,0,0,216,4061,5,1098,216,5159,California
Siskiyou,2021-02-09,196,6452,4,2386,192,4066,0,0,163,4191,33,1131,163,5322,California
Siskiyou,2021-02-10,370,6822,40,2426,330,4396,0,0,317,4456,52,1183,317,5639,California
Siskiyou,2021-02-11,189,7011,1,2427,188,4584,0,0,174,4615,15,1198,174,5813,California
Siskiyou,2021-02-12,1689,8700,1197,3624,492,5076,0,0,500,3926,1189,2387,500,6313,California
Siskiyou,2021-02-13,36,8736,2,3626,34,5110,0,0,32,3954,4,2391,32,6345,California
Siskiyou,2021-02-14,5,8741,1,3627,4,5114,0,0,5,3959,0,2391,5,6350,California
Siskiyou,2021-02-15,108,8849,10,3637,98,5212,0,0,106,4063,2,2393,106,6456,California
Siskiyou,2021-02-16,114,8963,2,3639,112,5324,0,0,99,4147,15,2408,99,6555,California
Siskiyou,2021-02-17,184,9147,15,3654,169,5493,0,0,170,4303,14,2422,170,6725,California
Siskiyou,2021-02-18,221,9368,88,3742,133,5626,0,0,98,4278,123,2545,98,6823,California
Siskiyou,2021-02-19,71,9439,34,3776,37,5663,0,0,34,4275,37,2582,34,6857,California
Siskiyou,2021-02-20,21,9460,3,3779,18,5681,0,0,16,4286,5,2587,16,6873,California
Siskiyou,2021-02-21,1,9461,1,3780,0,5681,0,0,1,4287,0,2587,1,6874,California
Siskiyou,2021-02-22,125,9586,2,3782,123,5804,0,0,19,4200,106,2693,19,6893,California
Siskiyou,2021-02-23,197,9783,15,3797,182,5986,0,0,53,4109,144,2837,53,6946,California
Siskiyou,2021-02-24,148,9931,5,3802,143,6129,0,0,36,4033,112,2949,36,6982,California
Siskiyou,2021-02-25,301,10232,24,3826,277,6406,0,0,155,4042,146,3095,155,7137,California
Siskiyou,2021-02-26,670,10902,11,3837,659,7065,0,0,368,4108,302,3397,368,7505,California
Siskiyou,2021-02-27,33,10935,5,3842,28,7093,0,0,28,4131,5,3402,28,7533,California
Siskiyou,2021-02-28,6,10941,5,3847,1,7094,0,0,4,4133,2,3404,4,7537,California
Siskiyou,2021-03-01,280,11221,6,3853,274,7368,0,0,50,3953,230,3634,50,7587,California
Siskiyou,2021-03-02,190,11411,1,3854,189,7557,0,0,70,3903,120,3754,70,7657,California
Siskiyou,2021-03-03,345,11756,7,3861,338,7895,0,0,155,3868,190,3944,155,7812,California
Siskiyou,2021-03-04,793,12549,620,4481,173,8068,0,0,636,4347,157,4101,636,8448,California
Siskiyou,2021-03-05,326,12875,6,4487,309,8377,11,11,105,4245,218,4319,116,8564,California
Siskiyou,2021-03-06,43,12918,3,4490,33,8410,7,18,28,4265,15,4334,35,8599,California
Siskiyou,2021-03-07,12,12930,4,4494,0,8410,8,26,3,4267,9,4343,11,8610,California
Siskiyou,2021-03-08,360,13290,30,4524,295,8705,35,61,59,4060,301,4644,94,8704,California
Siskiyou,2021-03-09,164,13454,2,4526,108,8813,54,115,57,4064,107,4751,111,8815,California
Siskiyou,2021-03-10,222,13676,7,4533,185,8998,30,145,31,3934,191,4942,61,8876,California
Siskiyou,2021-03-11,476,14152,206,4739,223,9221,47,192,276,4058,199,5141,323,9199,California
Siskiyou,2021-03-12,648,14800,141,4880,468,9689,39,231,184,3819,462,5603,223,9422,California
Siskiyou,2021-03-13,427,15227,380,5260,24,9713,23,254,381,4177,46,5649,404,9826,California
Siskiyou,2021-03-14,20,15247,1,5261,3,9716,16,270,2,4177,18,5667,18,9844,California
Siskiyou,2021-03-15,457,15704,258,5519,177,9893,22,292,322,4386,135,5802,344,10188,California
Siskiyou,2021-03-16,257,15961,34,5553,206,10099,17,309,140,4427,116,5918,157,10345,California
Siskiyou,2021-03-17,201,16162,9,5562,184,10283,8,317,34,4302,167,6085,42,10387,California
Siskiyou,2021-03-18,927,17089,789,6351,126,10409,12,329,811,5009,116,6201,823,11210,California
Siskiyou,2021-03-19,68,17157,10,6361,45,10454,13,342,20,4994,48,6249,33,11243,California
Siskiyou,2021-03-20,30,17187,7,6368,18,10472,5,347,6,4981,24,6273,11,11254,California
Siskiyou,2021-03-21,10,17197,4,6372,1,10473,5,352,4,4984,6,6279,9,11263,California
Siskiyou,2021-03-22,208,17405,21,6393,165,10638,22,374,145,5091,60,6339,167,11430,California
Siskiyou,2021-03-23,196,17601,19,6412,167,10805,10,384,141,5187,55,6394,151,11581,California
Siskiyou,2021-03-24,140,17741,47,6459,93,10898,0,384,115,5277,25,6419,115,11696,California
Siskiyou,2021-03-25,571,18312,319,6778,249,11147,3,387,400,5509,171,6590,403,12099,California
Siskiyou,2021-03-26,305,18617,35,6813,270,11417,0,387,104,5414,199,6789,104,12203,California
Siskiyou,2021-03-27,37,18654,4,6817,28,11445,5,392,9,5400,28,6817,14,12217,California
Siskiyou,2021-03-28,9,18663,8,6825,1,11446,0,392,5,5401,4,6821,5,12222,California
Siskiyou,2021-03-29,96,18759,10,6835,84,11530,2,394,46,5399,50,6871,48,12270,California
Siskiyou,2021-03-30,102,18861,7,6842,94,11624,1,395,41,5380,61,6932,42,12312,California
Siskiyou,2021-03-31,190,19051,20,6862,167,11791,3,398,48,5291,141,7073,52,12364,California
Siskiyou,2021-04-01,831,19882,673,7535,158,11949,0,398,214,4888,617,7690,214,12578,California
Siskiyou,2021-04-02,347,20229,197,7732,146,12095,4,402,66,4679,279,7969,70,12648,California
Siskiyou,2021-04-03,26,20255,5,7737,14,12109,7,409,5,4670,21,7990,12,12660,California
Siskiyou,2021-04-04,2,20257,1,7738,1,12110,0,409,1,4670,1,7991,1,12661,California
Siskiyou,2021-04-05,438,20695,332,8070,80,12190,26,435,27,4313,410,8401,53,12714,California
Siskiyou,2021-04-06,219,20914,36,8106,130,12320,53,488,125,4397,93,8494,177,12891,California
Siskiyou,2021-04-07,116,21030,11,8117,63,12383,42,530,66,4455,50,8544,108,12999,California
Siskiyou,2021-04-08,349,21379,183,8300,125,12508,41,571,62,4271,287,8831,103,13102,California
Siskiyou,2021-04-09,547,21926,379,8679,131,12639,37,608,84,3931,462,9293,122,13224,California
Siskiyou,2021-04-10,45,21971,6,8685,2,12641,37,645,6,3935,39,9332,43,13267,California
Siskiyou,2021-04-11,8,21979,5,8690,1,12642,2,647,2,3933,6,9338,4,13271,California
Siskiyou,2021-04-12,129,22108,25,8715,103,12745,1,648,49,3903,80,9418,50,13321,California
Siskiyou,2021-04-13,206,22314,36,8751,169,12914,1,649,80,3858,126,9544,81,13402,California
Siskiyou,2021-04-14,156,22470,65,8816,91,13005,0,649,85,3874,69,9613,85,13487,California
Siskiyou,2021-04-15,1118,23588,959,9775,159,13164,0,649,438,3632,680,10293,438,13925,California
Siskiyou,2021-04-16,300,23888,207,9982,93,13257,0,649,269,3871,30,10323,269,14194,California
Siskiyou,2021-04-17,11,23899,8,9990,3,13260,0,649,7,3874,4,10327,7,14201,California
Siskiyou,2021-04-18,6,23905,3,9993,3,13263,0,649,2,3872,4,10331,2,14203,California
Siskiyou,2021-04-19,128,24033,25,10018,103,13366,0,649,45,3834,83,10414,45,14248,California
Siskiyou,2021-04-20,237,24270,5,10023,232,13598,0,649,94,3785,143,10557,94,14342,California
Siskiyou,2021-04-21,94,24364,10,10033,84,13682,0,649,25,3741,69,10626,25,14367,California
Siskiyou,2021-04-22,416,24780,302,10335,114,13796,0,649,51,3427,365,10991,51,14418,California
Siskiyou,2021-04-23,180,24960,14,10349,166,13962,0,649,158,3564,21,11012,158,14576,California
Siskiyou,2021-04-24,27,24987,4,10353,23,13985,0,649,19,3575,8,11020,19,14595,California
Siskiyou,2021-04-25,2,24989,0,10353,2,13987,0,649,2,3577,0,11020,2,14597,California
Siskiyou,2021-04-26,100,25089,6,10359,89,14076,5,654,25,3532,75,11095,30,14627,California
Siskiyou,2021-04-27,101,25190,4,10363,95,14171,2,656,82,3599,17,11112,84,14711,California
Siskiyou,2021-04-28,110,25300,8,10371,94,14265,8,664,52,3601,58,11170,60,14771,California
Siskiyou,2021-04-29,105,25405,14,10385,91,14356,0,664,25,3546,80,11250,25,14796,California
Siskiyou,2021-04-30,101,25506,20,10405,80,14436,1,665,44,3536,54,11304,44,14840,California
Siskiyou,2021-05-01,11,25517,7,10412,1,14437,3,668,7,3542,4,11308,10,14850,California
Siskiyou,2021-05-02,11,25528,5,10417,6,14443,0,668,9,3549,2,11310,9,14859,California
Siskiyou,2021-05-03,110,25638,23,10440,85,14528,2,670,47,3535,63,11373,49,14908,California
Siskiyou,2021-05-04,115,25753,6,10446,107,14635,2,672,62,3547,52,11425,64,14972,California
Siskiyou,2021-05-05,117,25870,21,10467,87,14722,9,681,39,3518,77,11502,48,15020,California
Siskiyou,2021-05-06,367,26237,296,10763,65,14787,6,687,190,3537,177,11679,196,15216,California
Siskiyou,2021-05-07,309,26546,219,10982,85,14872,5,692,33,3300,275,11954,38,15254,California
Siskiyou,2021-05-08,24,26570,4,10986,19,14891,1,693,18,3313,6,11960,19,15273,California
Siskiyou,2021-05-09,1,26571,0,10986,1,14892,0,693,0,3312,1,11961,0,15273,California
Siskiyou,2021-05-10,68,26639,37,11023,30,14922,1,694,20,3285,48,12009,21,15294,California
Siskiyou,2021-05-11,82,26721,4,11027,73,14995,5,699,47,3302,35,12044,52,15346,California
Siskiyou,2021-05-12,52,26773,3,11030,45,15040,4,703,15,3284,37,12081,19,15365,California
Siskiyou,2021-05-13,76,26849,31,11061,36,15076,9,712,33,3283,43,12124,42,15407,California
Siskiyou,2021-05-14,169,27018,81,11142,87,15163,1,713,103,3322,65,12189,104,15511,California
Siskiyou,2021-05-15,45,27063,14,11156,29,15192,2,715,38,3356,6,12195,40,15551,California
Siskiyou,2021-05-16,6,27069,2,11158,4,15196,0,715,4,3358,2,12197,4,15555,California
Siskiyou,2021-05-17,66,27135,2,11160,41,15237,23,738,12,3339,54,12251,35,15590,California
Siskiyou,2021-05-18,220,27355,82,11242,134,15371,4,742,123,3370,96,12347,127,15717,California
Siskiyou,2021-05-19,156,27511,96,11338,59,15430,1,743,124,3463,32,12379,125,15842,California
Siskiyou,2021-05-20,496,28007,425,11763,69,15499,2,745,228,3425,268,12647,230,16072,California
Siskiyou,2021-05-21,170,28177,86,11849,83,15582,1,746,97,3451,72,12719,98,16170,California
Siskiyou,2021-05-22,40,28217,19,11868,21,15603,0,746,24,3459,16,12735,24,16194,California
Siskiyou,2021-05-23,3,28220,3,11871,0,15603,0,746,1,3458,2,12737,1,16195,California
Solano,2020-12-15,4,4,4,4,0,0,0,0,4,4,0,0,4,4,California
Solano,2020-12-16,71,75,71,75,0,0,0,0,71,75,0,0,71,75,California
Solano,2020-12-17,154,229,154,229,0,0,0,0,154,229,0,0,154,229,California
Solano,2020-12-18,445,674,444,673,1,1,0,0,445,674,0,0,445,674,California
Solano,2020-12-19,521,1195,521,1194,0,1,0,0,521,1195,0,0,521,1195,California
Solano,2020-12-20,355,1550,353,1547,2,3,0,0,355,1550,0,0,355,1550,California
Solano,2020-12-21,571,2121,569,2116,2,5,0,0,571,2121,0,0,571,2121,California
Solano,2020-12-22,662,2783,629,2745,33,38,0,0,662,2783,0,0,662,2783,California
Solano,2020-12-23,865,3648,775,3520,90,128,0,0,864,3647,0,0,864,3647,California
Solano,2020-12-24,423,4071,171,3691,252,380,0,0,423,4070,0,0,423,4070,California
Solano,2020-12-25,10,4081,2,3693,8,388,0,0,10,4080,0,0,10,4080,California
Solano,2020-12-26,173,4254,47,3740,126,514,0,0,173,4253,0,0,173,4253,California
Solano,2020-12-27,104,4358,29,3769,75,589,0,0,104,4357,0,0,104,4357,California
Solano,2020-12-28,862,5220,420,4189,442,1031,0,0,862,5219,0,0,862,5219,California
Solano,2020-12-29,900,6120,375,4564,525,1556,0,0,900,6119,0,0,900,6119,California
Solano,2020-12-30,1235,7355,599,5163,636,2192,0,0,1235,7354,0,0,1235,7354,California
Solano,2020-12-31,537,7892,137,5300,400,2592,0,0,537,7891,0,0,537,7891,California
Solano,2021-01-01,14,7906,13,5313,1,2593,0,0,14,7905,0,0,14,7905,California
Solano,2021-01-02,213,8119,165,5478,48,2641,0,0,213,8118,0,0,213,8118,California
Solano,2021-01-03,57,8176,40,5518,17,2658,0,0,52,8170,0,0,52,8170,California
Solano,2021-01-04,452,8628,246,5764,206,2864,0,0,442,8609,3,3,442,8612,California
Solano,2021-01-05,729,9357,376,6140,353,3217,0,0,575,9035,149,152,575,9187,California
Solano,2021-01-06,846,10203,439,6579,407,3624,0,0,581,9353,263,415,581,9768,California
Solano,2021-01-07,1068,11271,685,7264,383,4007,0,0,610,9508,456,871,611,10379,California
Solano,2021-01-08,1143,12414,778,8042,365,4372,0,0,553,9491,572,1443,555,10934,California
Solano,2021-01-09,887,13301,764,8806,123,4495,0,0,429,9465,455,1898,429,11363,California
Solano,2021-01-10,254,13555,194,9000,60,4555,0,0,152,9515,102,2000,152,11515,California
Solano,2021-01-11,1333,14888,1119,10119,214,4769,0,0,816,9814,517,2517,816,12331,California
Solano,2021-01-12,1571,16459,1172,11291,399,5168,0,0,1020,10285,550,3067,1021,13352,California
Solano,2021-01-13,1463,17922,1005,12296,458,5626,0,0,1205,11234,256,3323,1205,14557,California
Solano,2021-01-14,1892,19814,814,13110,1078,6704,0,0,1577,12496,315,3638,1577,16134,California
Solano,2021-01-15,1697,21511,1059,14169,638,7342,0,0,1400,13599,297,3935,1400,17534,California
Solano,2021-01-16,1292,22803,904,15073,388,7730,0,0,1117,14541,175,4110,1117,18651,California
Solano,2021-01-17,1042,23845,758,15831,284,8014,0,0,1022,15544,20,4130,1023,19674,California
Solano,2021-01-18,1409,25254,853,16684,556,8570,0,0,1293,16723,116,4246,1295,20969,California
Solano,2021-01-19,1652,26906,1338,18022,314,8884,0,0,1381,17834,270,4516,1381,22350,California
Solano,2021-01-20,2033,28939,1421,19443,612,9496,0,0,1546,18896,484,5000,1546,23896,California
Solano,2021-01-21,3185,32124,1015,20458,2170,11666,0,0,2833,21378,352,5352,2834,26730,California
Solano,2021-01-22,1771,33895,844,21302,927,12593,0,0,1581,22769,190,5542,1581,28311,California
Solano,2021-01-23,736,34631,242,21544,494,13087,0,0,531,23095,206,5748,532,28843,California
Solano,2021-01-24,403,35034,61,21605,342,13429,0,0,336,23364,67,5815,336,29179,California
Solano,2021-01-25,1669,36703,631,22236,1038,14467,0,0,1114,23925,554,6369,1115,30294,California
Solano,2021-01-26,1781,38484,740,22976,1041,15508,0,0,1147,24440,633,7002,1148,31442,California
Solano,2021-01-27,1784,40268,717,23693,1067,16575,0,0,1182,25024,598,7600,1182,32624,California
Solano,2021-01-28,1962,42230,708,24401,1254,17829,0,0,1370,25804,591,8191,1371,33995,California
Solano,2021-01-29,1702,43932,784,25185,918,18747,0,0,1344,26792,356,8547,1344,35339,California
Solano,2021-01-30,950,44882,456,25641,494,19241,0,0,606,27055,344,8891,607,35946,California
Solano,2021-01-31,244,45126,153,25794,91,19332,0,0,173,27157,71,8962,173,36119,California
Solano,2021-02-01,1558,46684,1036,26830,522,19854,0,0,778,27158,777,9739,778,36897,California
Solano,2021-02-02,3341,50025,1094,27924,2247,22101,0,0,2532,28885,805,10544,2532,39429,California
Solano,2021-02-03,2265,52290,1308,29232,957,23058,0,0,1165,28953,1097,11641,1165,40594,California
Solano,2021-02-04,1796,54086,900,30132,896,23954,0,0,1072,29306,719,12360,1072,41666,California
Solano,2021-02-05,3095,57181,1417,31549,1678,25632,0,0,2092,30403,995,13355,2092,43758,California
Solano,2021-02-06,3056,60237,1169,32718,1887,27519,0,0,2239,31829,813,14168,2239,45997,California
Solano,2021-02-07,847,61084,783,33501,64,27583,0,0,236,31455,610,14778,236,46233,California
Solano,2021-02-08,1756,62840,1235,34736,521,28104,0,0,714,31129,1040,15818,714,46947,California
Solano,2021-02-09,1949,64789,1484,36220,465,28569,0,0,697,30575,1251,17069,697,47644,California
Solano,2021-02-10,2264,67053,1496,37716,768,29337,0,0,823,29957,1441,18510,823,48467,California
Solano,2021-02-11,2510,69563,1491,39207,1019,30356,0,0,1198,29853,1302,19812,1198,49665,California
Solano,2021-02-12,4223,73786,1629,40836,2594,32950,0,0,2875,31387,1341,21153,2875,52540,California
Solano,2021-02-13,2868,76654,249,41085,2619,35569,0,0,2453,33428,412,21565,2453,54993,California
Solano,2021-02-14,705,77359,204,41289,501,36070,0,0,413,33552,290,21855,414,55407,California
Solano,2021-02-15,1313,78672,324,41613,989,37059,0,0,680,33600,632,22487,680,56087,California
Solano,2021-02-16,2561,81233,1387,43000,1174,38233,0,0,1664,34369,896,23383,1665,57752,California
Solano,2021-02-17,3210,84443,1455,44455,1755,39988,0,0,2169,35501,1038,24421,2170,59922,California
Solano,2021-02-18,2870,87313,842,45297,2028,42016,0,0,861,34360,2003,26424,862,60784,California
Solano,2021-02-19,2399,89712,1446,46743,953,42969,0,0,1170,34308,1224,27648,1172,61956,California
Solano,2021-02-20,2571,92283,380,47123,2191,45160,0,0,2103,35942,469,28117,2103,64059,California
Solano,2021-02-21,2191,94474,1878,49001,313,45473,0,0,1881,37517,306,28423,1881,65940,California
Solano,2021-02-22,1726,96200,1051,50052,675,46148,0,0,910,37614,814,29237,911,66851,California
Solano,2021-02-23,2857,99057,1088,51140,1769,47917,0,0,1951,38662,903,30140,1951,68802,California
Solano,2021-02-24,2484,101541,1244,52384,1240,49157,0,0,1389,38958,1093,31233,1389,70191,California
Solano,2021-02-25,2408,103949,1448,53832,960,50117,0,0,1317,39189,1086,32319,1317,71508,California
Solano,2021-02-26,3187,107136,2031,55863,1156,51273,0,0,1868,39743,1314,33633,1868,73376,California
Solano,2021-02-27,3661,110797,1381,57244,2279,53552,1,1,2961,42013,692,34325,2962,76338,California
Solano,2021-02-28,1369,112166,1038,58282,331,53883,0,1,1087,42822,279,34604,1088,77426,California
Solano,2021-03-01,2452,114618,1057,59339,1394,55277,1,2,1851,44078,596,35200,1852,79278,California
Solano,2021-03-02,2236,116854,1401,60740,835,56112,0,2,1293,44429,942,36142,1293,80571,California
Solano,2021-03-03,2232,119086,1260,62000,972,57084,0,2,1387,44980,837,36979,1388,81959,California
Solano,2021-03-04,4373,123459,3428,65428,943,58027,2,4,3151,46924,1212,38191,3156,85115,California
Solano,2021-03-05,4921,128380,1683,67111,3233,61260,5,9,3950,49918,961,39152,3955,89070,California
Solano,2021-03-06,3841,132221,833,67944,2969,64229,39,48,2643,51413,1187,40339,2682,91752,California
Solano,2021-03-07,3571,135792,760,68704,2801,67030,10,58,1968,51801,1591,41930,1979,93731,California
Solano,2021-03-08,2132,137924,1337,70041,525,67555,270,328,1611,53164,516,42446,1879,95610,California
Solano,2021-03-09,3216,141140,1568,71609,1594,69149,54,382,2317,54634,898,43344,2368,97978,California
Solano,2021-03-10,2421,143561,1762,73371,574,69723,85,467,1270,54841,1147,44491,1354,99332,California
Solano,2021-03-11,6016,149577,1754,75125,4008,73731,254,721,4964,59012,1048,45539,5219,104551,California
Solano,2021-03-12,6000,155577,1565,76690,4257,77988,178,899,3173,59541,2823,48362,3352,107903,California
Solano,2021-03-13,4572,160149,802,77492,3686,81674,84,983,2230,59523,2335,50697,2317,110220,California
Solano,2021-03-14,3999,164148,3121,80613,423,82097,455,1438,1641,59263,2353,53050,2093,112313,California
Solano,2021-03-15,4013,168161,2451,83064,1243,83340,319,1757,2515,60606,1490,54540,2833,115146,California
Solano,2021-03-16,3088,171249,1321,84385,1531,84871,236,1993,1573,60904,1511,56051,1809,116955,California
Solano,2021-03-17,6381,177630,1672,86057,4618,89489,91,2084,4905,64427,1473,57524,4996,121951,California
Solano,2021-03-18,5196,182826,1846,87903,3313,92802,37,2121,3822,66921,1366,58890,3860,125811,California
Solano,2021-03-19,3557,186383,2632,90535,851,93653,74,2195,1809,67065,1740,60630,1884,127695,California
Solano,2021-03-20,5537,191920,1672,92207,3811,97464,54,2249,2837,67265,2691,63321,2891,130586,California
Solano,2021-03-21,1681,193601,1575,93782,81,97545,25,2274,858,67326,820,64141,881,131467,California
Solano,2021-03-22,2668,196269,2038,95820,580,98125,50,2324,1666,68042,996,65137,1712,133179,California
Solano,2021-03-23,3518,199787,1667,97487,1808,99933,43,2367,1410,67390,2104,67241,1452,134631,California
Solano,2021-03-24,2827,202614,1773,99260,1019,100952,35,2402,1372,67347,1449,68690,1406,136037,California
Solano,2021-03-25,4869,207483,3991,103251,843,101795,35,2437,2280,67077,2585,71275,2315,138352,California
Solano,2021-03-26,3225,210708,2097,105348,1091,102886,37,2474,1739,67376,1477,72752,1776,140128,California
Solano,2021-03-27,4196,214904,1155,106503,3004,105890,37,2511,1792,66806,2398,75150,1828,141956,California
Solano,2021-03-28,1419,216323,1111,107614,290,106180,18,2529,551,66511,864,76014,569,142525,California
Solano,2021-03-29,3498,219821,2044,109658,1437,107617,17,2546,1580,66203,1905,77919,1597,144122,California
Solano,2021-03-30,3008,222829,2013,111671,904,108521,91,2637,1866,67019,1141,79060,1957,146079,California
Solano,2021-03-31,3136,225965,2136,113807,842,109363,158,2795,1840,67720,1293,80353,1994,148073,California
Solano,2021-04-01,5546,231511,2111,115918,3284,112647,151,2946,3506,69350,2027,82380,3657,151730,California
Solano,2021-04-02,6589,238100,2225,118143,4197,116844,167,3113,2553,68050,4021,86401,2721,154451,California
Solano,2021-04-03,1528,239628,963,119106,411,117255,154,3267,569,67816,957,87358,723,155174,California
Solano,2021-04-04,781,240409,288,119394,191,117446,302,3569,241,67823,536,87894,543,155717,California
Solano,2021-04-05,2982,243391,2038,121432,737,118183,207,3776,1513,68074,1467,89361,1718,157435,California
Solano,2021-04-06,6003,249394,1630,123062,3883,122066,490,4266,1636,65841,4360,93721,2127,159562,California
Solano,2021-04-07,5888,255282,4558,127620,937,123003,393,4659,3346,67056,2524,96245,3739,163301,California
Solano,2021-04-08,6416,261698,1782,129402,3774,126777,860,5519,1800,65120,4588,100833,2652,165953,California
Solano,2021-04-09,6251,267949,1658,131060,3749,130526,844,6363,1514,62758,4714,105547,2352,168305,California
Solano,2021-04-10,1724,269673,952,132012,448,130974,324,6687,793,62944,930,106477,1116,169421,California
Solano,2021-04-11,1230,270903,764,132776,337,131311,129,6816,637,63120,590,107067,766,170187,California
Solano,2021-04-12,3248,274151,1670,134446,1219,132530,359,7175,1339,62911,1904,108971,1695,171882,California
Solano,2021-04-13,2529,276680,1092,135538,1436,133966,1,7176,1319,63024,1207,110178,1320,173202,California
Solano,2021-04-14,6446,283126,1946,137484,4500,138466,0,7176,1849,60285,4589,114767,1850,175052,California
Solano,2021-04-15,5665,288791,2137,139621,3528,141994,0,7176,1718,58069,3934,118701,1718,176770,California
Solano,2021-04-16,3668,292459,2576,142197,1090,143084,2,7178,2278,58965,1384,120085,2280,179050,California
Solano,2021-04-17,3249,295708,1058,143255,2191,145275,0,7178,1123,57971,2118,122203,1124,180174,California
Solano,2021-04-18,1004,296712,610,143865,394,145669,0,7178,529,58026,474,122677,529,180703,California
Solano,2021-04-19,2107,298819,1158,145023,949,146618,0,7178,1173,58272,929,123606,1175,181878,California
Solano,2021-04-20,3019,301838,1842,146865,1177,147795,0,7178,1681,58619,1334,124940,1681,183559,California
Solano,2021-04-21,3562,305400,2333,149198,1229,149024,0,7178,1787,58635,1771,126711,1787,185346,California
Solano,2021-04-22,2928,308328,1479,150677,1449,150473,0,7178,1777,59263,1149,127860,1777,187123,California
Solano,2021-04-23,4144,312472,2083,152760,2061,152534,0,7178,2494,60113,1645,129505,2495,189618,California
Solano,2021-04-24,3821,316293,2290,155050,1529,154063,2,7180,2529,61438,1206,130711,2531,192149,California
Solano,2021-04-25,1427,317720,1113,156163,314,154377,0,7180,1128,62274,292,131003,1128,193277,California
Solano,2021-04-26,2464,320184,1597,157760,863,155240,4,7184,1321,62468,1131,132134,1325,194602,California
Solano,2021-04-27,2500,322684,1246,159006,1230,156470,24,7208,1434,62868,1060,133194,1460,196062,California
Solano,2021-04-28,5179,327863,4200,163206,933,157403,46,7254,3200,64145,1969,135163,3246,199308,California
Solano,2021-04-29,4153,332016,1265,164471,2857,160260,31,7285,1693,63417,2452,137615,1724,201032,California
Solano,2021-04-30,4027,336043,2187,166658,1708,161968,132,7417,1869,63275,2143,139758,2001,203033,California
Solano,2021-05-01,2173,338216,1676,168334,297,162265,200,7617,1295,63896,874,140632,1495,204528,California
Solano,2021-05-02,1195,339411,935,169269,236,162501,24,7641,668,64066,522,141154,692,205220,California
Solano,2021-05-03,1448,340859,1006,170275,355,162856,87,7728,590,63887,857,142011,678,205898,California
Solano,2021-05-04,1787,342646,1042,171317,680,163536,65,7793,801,63769,984,142995,866,206764,California
Solano,2021-05-05,2246,344892,1407,172724,728,164264,111,7904,1080,63797,1161,144156,1189,207953,California
Solano,2021-05-06,1934,346826,1172,173896,589,164853,173,8077,710,63464,1216,145372,883,208836,California
Solano,2021-05-07,2732,349558,1881,175777,736,165589,115,8192,948,62747,1778,147150,1061,209897,California
Solano,2021-05-08,1367,350925,827,176604,425,166014,115,8307,475,62448,889,148039,590,210487,California
Solano,2021-05-09,416,351341,240,176844,165,166179,11,8318,155,62357,258,148297,167,210654,California
Solano,2021-05-10,1315,352656,603,177447,609,166788,103,8421,381,61911,931,149228,485,211139,California
Solano,2021-05-11,2224,354880,1116,178563,1024,167812,84,8505,617,61010,1602,150830,701,211840,California
Solano,2021-05-12,2046,356926,1151,179714,725,168537,170,8675,683,60508,1353,152183,851,212691,California
Solano,2021-05-13,2851,359777,1955,181669,688,169225,208,8883,1499,60865,1350,153533,1707,214398,California
Solano,2021-05-14,2369,362146,1587,183256,667,169892,115,8998,996,60612,1364,154897,1111,215509,California
Solano,2021-05-15,2828,364974,2198,185454,569,170461,61,9059,1164,60184,1653,156550,1225,216734,California
Solano,2021-05-16,1476,366450,1090,186544,353,170814,33,9092,241,59225,1232,157782,273,217007,California
Solano,2021-05-17,2431,368881,1404,187948,943,171757,84,9176,933,58759,1479,159261,1013,218020,California
Solano,2021-05-18,2746,371627,1474,189422,1186,172943,86,9262,1352,58814,1382,160643,1437,219457,California
Solano,2021-05-19,4723,376350,3200,192622,1418,174361,105,9367,2210,58627,2503,163146,2316,221773,California
Solano,2021-05-20,2191,378541,1315,193937,831,175192,45,9412,946,58379,1239,164385,991,222764,California
Solano,2021-05-21,2957,381498,1437,195374,1460,176652,60,9472,1138,57769,1808,166193,1198,223962,California
Solano,2021-05-22,2087,383585,1642,197016,391,177043,54,9526,895,57533,1185,167378,949,224911,California
Solano,2021-05-23,749,384334,651,197667,92,177135,6,9532,306,57404,441,167819,312,225223,California
Sonoma,2020-12-15,4,4,4,4,0,0,0,0,4,4,0,0,4,4,California
Sonoma,2020-12-16,27,31,27,31,0,0,0,0,27,31,0,0,27,31,California
Sonoma,2020-12-17,103,134,103,134,0,0,0,0,103,134,0,0,103,134,California
Sonoma,2020-12-18,423,557,423,557,0,0,0,0,423,557,0,0,423,557,California
Sonoma,2020-12-19,111,668,110,667,1,1,0,0,111,668,0,0,111,668,California
Sonoma,2020-12-20,175,843,175,842,0,1,0,0,175,843,0,0,175,843,California
Sonoma,2020-12-21,910,1753,908,1750,2,3,0,0,909,1752,0,0,909,1752,California
Sonoma,2020-12-22,1354,3107,1263,3013,91,94,0,0,1354,3106,0,0,1354,3106,California
Sonoma,2020-12-23,1608,4715,1233,4246,375,469,0,0,1609,4715,0,0,1609,4715,California
Sonoma,2020-12-24,305,5020,101,4347,204,673,0,0,305,5020,0,0,305,5020,California
Sonoma,2020-12-25,8,5028,2,4349,6,679,0,0,8,5028,0,0,8,5028,California
Sonoma,2020-12-26,268,5296,257,4606,11,690,0,0,268,5296,0,0,268,5296,California
Sonoma,2020-12-27,93,5389,80,4686,13,703,0,0,93,5389,0,0,93,5389,California
Sonoma,2020-12-28,985,6374,552,5238,433,1136,0,0,956,6345,0,0,956,6345,California
Sonoma,2020-12-29,1129,7503,777,6015,352,1488,0,0,1096,7441,0,0,1096,7441,California
Sonoma,2020-12-30,1094,8597,479,6494,615,2103,0,0,1086,8527,0,0,1086,8527,California
Sonoma,2020-12-31,517,9114,71,6565,446,2549,0,0,518,9045,0,0,518,9045,California
Sonoma,2021-01-01,12,9126,6,6571,6,2555,0,0,12,9057,0,0,12,9057,California
Sonoma,2021-01-02,131,9257,125,6696,6,2561,0,0,131,9188,0,0,131,9188,California
Sonoma,2021-01-03,24,9281,10,6706,14,2575,0,0,24,9212,0,0,24,9212,California
Sonoma,2021-01-04,343,9624,106,6812,237,2812,0,0,342,9554,0,0,342,9554,California
Sonoma,2021-01-05,435,10059,102,6914,333,3145,0,0,411,9950,15,15,411,9965,California
Sonoma,2021-01-06,950,11009,434,7348,516,3661,0,0,838,10682,106,121,838,10803,California
Sonoma,2021-01-07,1030,12039,535,7883,495,4156,0,0,860,11373,169,290,860,11663,California
Sonoma,2021-01-08,1792,13831,1234,9117,558,4714,0,0,1319,12221,471,761,1319,12982,California
Sonoma,2021-01-09,639,14470,403,9520,236,4950,0,0,591,12764,48,809,591,13573,California
Sonoma,2021-01-10,472,14942,461,9981,11,4961,0,0,277,12846,195,1004,277,13850,California
Sonoma,2021-01-11,1385,16327,1238,11219,147,5108,0,0,414,12294,966,1970,414,14264,California
Sonoma,2021-01-12,1545,17872,1292,12511,253,5361,0,0,395,11541,1148,3118,395,14659,California
Sonoma,2021-01-13,2047,19919,1368,13879,679,6040,0,0,1180,11858,864,3982,1181,15840,California
Sonoma,2021-01-14,1540,21459,808,14687,732,6772,0,0,1310,12938,230,4212,1310,17150,California
Sonoma,2021-01-15,1560,23019,628,15315,932,7704,0,0,1339,14066,212,4424,1340,18490,California
Sonoma,2021-01-16,1145,24164,618,15933,527,8231,0,0,897,14719,244,4668,897,19387,California
Sonoma,2021-01-17,668,24832,547,16480,121,8352,0,0,588,15227,80,4748,588,19975,California
Sonoma,2021-01-18,1112,25944,936,17416,176,8528,0,0,622,15360,490,5238,623,20598,California
Sonoma,2021-01-19,2100,28044,1005,18421,1095,9623,0,0,1388,16039,710,5948,1389,21987,California
Sonoma,2021-01-20,2086,30130,628,19049,1458,11081,0,0,1423,16810,653,6601,1424,23411,California
Sonoma,2021-01-21,2267,32397,646,19695,1621,12702,0,0,2047,18640,218,6819,2048,25459,California
Sonoma,2021-01-22,2742,35139,1044,20739,1698,14400,0,0,2593,21085,148,6967,2593,28052,California
Sonoma,2021-01-23,764,35903,592,21331,172,14572,0,0,657,21636,106,7073,657,28709,California
Sonoma,2021-01-24,847,36750,716,22047,131,14703,0,0,831,22451,16,7089,831,29540,California
Sonoma,2021-01-25,2174,38924,519,22566,1655,16358,0,0,1688,23653,486,7575,1688,31228,California
Sonoma,2021-01-26,2016,40940,302,22868,1714,18072,0,0,1561,24760,454,8029,1561,32789,California
Sonoma,2021-01-27,3705,44645,1278,24146,2427,20499,0,0,3133,27326,570,8599,3136,35925,California
Sonoma,2021-01-28,4121,48766,1849,25995,2272,22771,0,0,3448,30105,670,9269,3449,39374,California
Sonoma,2021-01-29,2968,51734,1410,27405,1558,24329,0,0,2131,31402,835,10104,2132,41506,California
Sonoma,2021-01-30,2591,54325,2402,29807,189,24518,0,0,2248,33308,343,10447,2249,43755,California
Sonoma,2021-01-31,809,55134,697,30504,112,24630,0,0,580,33660,228,10675,580,44335,California
Sonoma,2021-02-01,2473,57607,850,31354,1623,26253,0,0,2096,35382,374,11049,2096,46431,California
Sonoma,2021-02-02,3524,61131,1371,32725,2153,28406,0,0,2957,37774,565,11614,2957,49388,California
Sonoma,2021-02-03,4044,65175,1324,34049,2720,31126,0,0,3116,39965,925,12539,3116,52504,California
Sonoma,2021-02-04,4215,69390,1727,35776,2488,33614,0,0,3425,42603,788,13327,3426,55930,California
Sonoma,2021-02-05,4819,74209,1739,37515,3080,36694,0,0,3798,45385,1017,14344,3799,59729,California
Sonoma,2021-02-06,2638,76847,2278,39793,360,37054,0,0,2108,46964,529,14873,2108,61837,California
Sonoma,2021-02-07,1538,78385,1402,41195,136,37190,0,0,1287,48000,251,15124,1287,63124,California
Sonoma,2021-02-08,3265,81650,1038,42233,2227,39417,0,0,2680,50096,584,15708,2680,65804,California
Sonoma,2021-02-09,3573,85223,1701,43934,1872,41289,0,0,3094,52714,477,16185,3095,68899,California
Sonoma,2021-02-10,4549,89772,2483,46417,2066,43355,0,0,3543,55257,1001,17186,3544,72443,California
Sonoma,2021-02-11,5587,95359,3024,49441,2563,45918,0,0,4400,58472,1185,18371,4400,76843,California
Sonoma,2021-02-12,5904,101263,3244,52685,2660,48578,0,0,4478,61531,1422,19793,4481,81324,California
Sonoma,2021-02-13,1989,103252,1151,53836,838,49416,0,0,1205,61955,781,20574,1205,82529,California
Sonoma,2021-02-14,2312,105564,1819,55655,493,49909,0,0,1568,62780,743,21317,1568,84097,California
Sonoma,2021-02-15,2144,107708,791,56446,1353,51262,0,0,1607,63850,537,21854,1607,85704,California
Sonoma,2021-02-16,4903,112611,2054,58500,2849,54111,0,0,3643,66238,1256,23110,3644,89348,California
Sonoma,2021-02-17,5604,118215,2900,61400,2704,56815,0,0,3577,67798,2019,25129,3579,92927,California
Sonoma,2021-02-18,6933,125148,3134,64534,3799,60614,0,0,4000,68875,2924,28053,4001,96928,California
Sonoma,2021-02-19,5517,130665,1664,66198,3853,64467,0,0,3419,70202,2093,30146,3420,100348,California
Sonoma,2021-02-20,3106,133771,2829,69027,277,64744,0,0,1205,69511,1896,32042,1205,101553,California
Sonoma,2021-02-21,531,134302,426,69453,105,64849,0,0,140,69263,388,32430,140,101693,California
Sonoma,2021-02-22,2874,137176,1354,70807,1520,66369,0,0,1194,68782,1675,34105,1194,102887,California
Sonoma,2021-02-23,3375,140551,2080,72887,1295,67664,0,0,1625,68661,1746,35851,1625,104512,California
Sonoma,2021-02-24,5649,146200,2550,75437,3099,70763,0,0,2921,68860,2723,38574,2922,107434,California
Sonoma,2021-02-25,5803,152003,2240,77677,3563,74326,0,0,3113,69305,2668,41242,3113,110547,California
Sonoma,2021-02-26,6266,158269,2760,80437,3506,77832,0,0,3974,70993,2286,43528,3974,114521,California
Sonoma,2021-02-27,4059,162328,1921,82358,2138,79970,0,0,2709,72354,1348,44876,2709,117230,California
Sonoma,2021-02-28,2323,164651,1837,84195,486,80456,0,0,609,71263,1700,46576,609,117839,California
Sonoma,2021-03-01,3755,168406,1144,85339,2611,83067,0,0,1891,71301,1854,48430,1892,119731,California
Sonoma,2021-03-02,4382,172788,1509,86848,2873,85940,0,0,2560,72046,1815,50245,2560,122291,California
Sonoma,2021-03-03,5057,177845,2638,89486,2419,88359,0,0,2331,71658,2719,52964,2331,124622,California
Sonoma,2021-03-04,5941,183786,2680,92166,3261,91620,0,0,2583,70897,3344,56308,2583,127205,California
Sonoma,2021-03-05,6486,190272,2860,95026,3611,95231,15,15,2745,69931,3727,60035,2761,129966,California
Sonoma,2021-03-06,2790,193062,1219,96245,1436,96667,135,150,1919,71120,864,60899,2053,132019,California
Sonoma,2021-03-07,1711,194773,1399,97644,277,96944,35,185,381,70208,1328,62227,416,132435,California
Sonoma,2021-03-08,4064,198837,662,98306,3227,100171,175,360,2391,71110,1662,63889,2564,134999,California
Sonoma,2021-03-09,5576,204413,3085,101391,2248,102419,243,603,2750,71284,2819,66708,2993,137992,California
Sonoma,2021-03-10,5996,210409,3205,104596,2463,104882,328,931,2428,70485,3554,70262,2755,140747,California
Sonoma,2021-03-11,7543,217952,3010,107606,3713,108595,820,1751,2572,68917,4961,75223,3393,144140,California
Sonoma,2021-03-12,7397,225349,2268,109874,3767,112362,1362,3113,2108,67112,5270,80493,3465,147605,California
Sonoma,2021-03-13,3403,228752,1690,111564,1477,113839,236,3349,1998,67939,1404,81897,2231,149836,California
Sonoma,2021-03-14,1383,230135,385,111949,857,114696,141,3490,846,68391,534,82431,986,150822,California
Sonoma,2021-03-15,5241,235376,1514,113463,3342,118038,385,3875,2196,67934,3036,85467,2579,153401,California
Sonoma,2021-03-16,6287,241663,2248,115711,3808,121846,231,4106,2903,67689,3377,88844,3132,156533,California
Sonoma,2021-03-17,6756,248419,3531,119242,3045,124891,180,4286,3282,67688,3462,92306,3461,159994,California
Sonoma,2021-03-18,7132,255551,2940,122182,3577,128468,615,4901,3181,67540,3941,96247,3793,163787,California
Sonoma,2021-03-19,7500,263051,3249,125431,4020,132488,231,5132,3199,66693,4282,100529,3435,167222,California
Sonoma,2021-03-20,3712,266763,1752,127183,1130,133618,830,5962,2034,67882,1671,102200,2860,170082,California
Sonoma,2021-03-21,1384,268147,603,127786,748,134366,33,5995,1212,68959,168,102368,1245,171327,California
Sonoma,2021-03-22,4538,272685,3105,130891,1330,135696,103,6098,3426,71381,1107,103475,3529,174856,California
Sonoma,2021-03-23,5834,278519,3633,134524,2126,137822,75,6173,4410,74452,1414,104889,4485,179341,California
Sonoma,2021-03-24,6795,285314,4276,138800,2453,140275,66,6239,4163,76066,2614,107503,4228,183569,California
Sonoma,2021-03-25,7025,292339,4199,142999,2718,142993,108,6347,4250,77673,2752,110255,4359,187928,California
Sonoma,2021-03-26,7440,299779,3459,146458,3887,146880,94,6441,3915,78173,3508,113763,4008,191936,California
Sonoma,2021-03-27,3861,303640,1508,147966,1991,148871,362,6803,1121,76924,2732,116495,1483,193419,California
Sonoma,2021-03-28,1511,305151,950,148916,534,149405,27,6830,944,77331,564,117059,971,194390,California
Sonoma,2021-03-29,2903,308054,1102,150018,1768,151173,33,6863,1612,77690,1286,118345,1645,196035,California
Sonoma,2021-03-30,5820,313874,3213,153231,2545,153718,62,6925,3029,77997,2784,121129,3091,199126,California
Sonoma,2021-03-31,5604,319478,3403,156634,1987,155705,214,7139,3232,79085,2359,123488,3447,202573,California
Sonoma,2021-04-01,6763,326241,4029,160663,2394,158099,340,7479,3619,79913,3122,126610,3950,206523,California
Sonoma,2021-04-02,5949,332190,3569,164232,2271,160370,109,7588,3571,81222,2371,128981,3680,210203,California
Sonoma,2021-04-03,3654,335844,1827,166059,1602,161972,225,7813,1611,81025,2031,131012,1834,212037,California
Sonoma,2021-04-04,1063,336907,692,166751,280,162252,91,7904,658,81373,401,131413,749,212786,California
Sonoma,2021-04-05,4400,341307,621,167372,3437,165689,342,8246,1655,80631,2738,134151,1996,214782,California
Sonoma,2021-04-06,6877,348184,3482,170854,2990,168679,405,8651,3991,82154,2872,137023,4395,219177,California
Sonoma,2021-04-07,6788,354972,3835,174689,2117,170796,836,9487,3299,82805,3480,140503,4131,223308,California
Sonoma,2021-04-08,7510,362482,4104,178793,2636,173432,770,10257,4089,84248,3412,143915,4855,228163,California
Sonoma,2021-04-09,6780,369262,3772,182565,2126,175558,882,11139,3482,85322,3285,147200,4359,232522,California
Sonoma,2021-04-10,3871,373133,1683,184248,1633,177191,555,11694,1125,84260,2737,149937,1675,234197,California
Sonoma,2021-04-11,1281,374414,604,184852,595,177786,82,11776,437,83936,843,150780,519,234716,California
Sonoma,2021-04-12,4927,379341,2049,186901,2397,180183,481,12257,1839,83172,3077,153857,2313,237029,California
Sonoma,2021-04-13,7800,387141,4620,191521,3178,183361,2,12259,2958,81301,4831,158688,2960,239989,California
Sonoma,2021-04-14,6546,393687,3728,195249,2798,186159,20,12279,2527,79841,4006,162694,2546,242535,California
Sonoma,2021-04-15,7216,400903,4094,199343,3122,189281,0,12279,3562,79760,3644,166338,3563,246098,California
Sonoma,2021-04-16,6781,407684,3408,202751,3371,192652,2,12281,3839,80665,2936,169274,3841,249939,California
Sonoma,2021-04-17,3174,410858,1537,204288,1637,194289,0,12281,1529,80562,1633,170907,1530,251469,California
Sonoma,2021-04-18,1273,412131,876,205164,397,194686,0,12281,436,80162,836,171743,436,251905,California
Sonoma,2021-04-19,3307,415438,1872,207036,1434,196120,1,12282,1448,79756,1855,173598,1449,253354,California
Sonoma,2021-04-20,6258,421696,3459,210495,2799,198919,0,12282,2346,78202,3901,177499,2347,255701,California
Sonoma,2021-04-21,6502,428198,4207,214702,2293,201212,2,12284,2944,77606,3541,181040,2945,258646,California
Sonoma,2021-04-22,6188,434386,4463,219165,1725,202937,0,12284,2509,76451,3664,184704,2509,261155,California
Sonoma,2021-04-23,7415,441801,4621,223786,2788,205725,6,12290,3629,76314,3773,188477,3636,264791,California
Sonoma,2021-04-24,2766,444567,1506,225292,1246,206971,14,12304,1548,76663,1213,189690,1562,266353,California
Sonoma,2021-04-25,1085,445652,787,226079,298,207269,0,12304,435,76450,648,190338,435,266788,California
Sonoma,2021-04-26,2763,448415,1293,227372,1442,208711,28,12332,1560,76841,1197,191535,1588,268376,California
Sonoma,2021-04-27,5318,453733,3634,231006,1585,210296,99,12431,2179,75993,3126,194661,2278,270654,California
Sonoma,2021-04-28,4858,458591,3195,234201,1468,211764,195,12626,2093,75527,2749,197410,2283,272937,California
Sonoma,2021-04-29,4809,463400,3427,237628,1237,213001,145,12771,1758,74387,3043,200453,1903,274840,California
Sonoma,2021-04-30,5435,468835,3619,241247,1523,214524,293,13064,1813,72883,3609,204062,2105,276945,California
Sonoma,2021-05-01,2473,471308,1777,243024,590,215114,106,13170,1235,72990,1231,205293,1338,278283,California
Sonoma,2021-05-02,864,472172,644,243668,169,215283,51,13221,553,73284,311,205604,605,278888,California
Sonoma,2021-05-03,3178,475350,1679,245347,1354,216637,145,13366,1054,72366,2115,207719,1197,280085,California
Sonoma,2021-05-04,4575,479925,2404,247751,1994,218631,177,13543,1474,70932,3081,210800,1647,281732,California
Sonoma,2021-05-05,3662,483587,2181,249932,1288,219919,193,13736,1310,70091,2342,213142,1501,283233,California
Sonoma,2021-05-06,4502,488089,2406,252338,1969,221888,127,13863,1371,68469,3118,216260,1496,284729,California
Sonoma,2021-05-07,3585,491674,2310,254648,1153,223041,122,13985,1080,67176,2496,218756,1203,285932,California
Sonoma,2021-05-08,1844,493518,1254,255902,498,223539,92,14077,754,66936,1086,219842,846,286778,California
Sonoma,2021-05-09,510,494028,294,256196,175,223714,41,14118,182,66834,325,220167,223,287001,California
Sonoma,2021-05-10,2295,496323,1034,257230,1128,224842,133,14251,281,65244,2001,222168,411,287412,California
Sonoma,2021-05-11,3497,499820,1893,259123,1489,226331,115,14366,952,63778,2533,224701,1067,288479,California
Sonoma,2021-05-12,3907,503727,2440,261563,1330,227661,137,14503,868,61753,3030,227731,1005,289484,California
Sonoma,2021-05-13,4713,508440,2711,264274,1888,229549,114,14617,1565,60293,3137,230868,1677,291161,California
Sonoma,2021-05-14,5794,514234,3596,267870,2061,231610,137,14754,2219,59089,3561,234429,2357,293518,California
Sonoma,2021-05-15,2904,517138,2132,270002,710,232320,62,14816,1844,59942,1052,235481,1905,295423,California
Sonoma,2021-05-16,962,518100,760,270762,155,232475,47,14863,645,60320,314,235795,692,296115,California
Sonoma,2021-05-17,2440,520540,1818,272580,528,233003,94,14957,961,59900,1474,237269,1054,297169,California
Sonoma,2021-05-18,4303,524843,2844,275424,1352,234355,107,15064,1514,58749,2771,240040,1620,298789,California
Sonoma,2021-05-19,3694,528537,2382,277806,1199,235554,113,15177,1557,58294,2125,242165,1670,300459,California
Sonoma,2021-05-20,2903,531440,1971,279777,843,236397,89,15266,1264,58012,1630,243795,1348,301807,California
Sonoma,2021-05-21,3662,535102,2111,281888,1426,237823,125,15391,1313,57105,2332,246127,1425,303232,California
Sonoma,2021-05-22,1949,537051,1068,282956,843,238666,38,15429,537,56278,1402,247529,575,303807,California
Sonoma,2021-05-23,539,537590,473,283429,57,238723,9,15438,142,56034,395,247924,151,303958,California
Stanislaus,2020-12-15,3,3,3,3,0,0,0,0,3,3,0,0,3,3,California
Stanislaus,2020-12-16,37,40,37,40,0,0,0,0,37,40,0,0,37,40,California
Stanislaus,2020-12-17,75,115,75,115,0,0,0,0,75,115,0,0,75,115,California
Stanislaus,2020-12-18,338,453,332,447,6,6,0,0,338,453,0,0,338,453,California
Stanislaus,2020-12-19,134,587,134,581,0,6,0,0,134,587,0,0,134,587,California
Stanislaus,2020-12-20,86,673,86,667,0,6,0,0,86,673,0,0,86,673,California
Stanislaus,2020-12-21,999,1672,998,1665,1,7,0,0,998,1671,0,0,998,1671,California
Stanislaus,2020-12-22,795,2467,783,2448,12,19,0,0,795,2466,0,0,795,2466,California
Stanislaus,2020-12-23,448,2915,430,2878,18,37,0,0,447,2913,0,0,447,2913,California
Stanislaus,2020-12-24,97,3012,88,2966,9,46,0,0,97,3010,0,0,97,3010,California
Stanislaus,2020-12-26,51,3063,8,2974,43,89,0,0,51,3061,0,0,51,3061,California
Stanislaus,2020-12-27,11,3074,6,2980,5,94,0,0,11,3072,0,0,11,3072,California
Stanislaus,2020-12-28,488,3562,395,3375,93,187,0,0,488,3560,0,0,488,3560,California
Stanislaus,2020-12-29,494,4056,415,3790,79,266,0,0,494,4054,0,0,494,4054,California
Stanislaus,2020-12-30,534,4590,279,4069,255,521,0,0,533,4586,1,1,533,4587,California
Stanislaus,2020-12-31,276,4866,157,4226,119,640,0,0,276,4862,0,1,276,4863,California
Stanislaus,2021-01-01,12,4878,4,4230,8,648,0,0,12,4874,0,1,12,4875,California
Stanislaus,2021-01-02,33,4911,26,4256,7,655,0,0,33,4907,0,1,33,4908,California
Stanislaus,2021-01-03,90,5001,87,4343,3,658,0,0,90,4997,0,1,90,4998,California
Stanislaus,2021-01-04,232,5233,152,4495,80,738,0,0,232,5229,0,1,232,5230,California
Stanislaus,2021-01-05,834,6067,343,4838,491,1229,0,0,810,6023,23,24,817,6047,California
Stanislaus,2021-01-06,1004,7071,600,5438,404,1633,0,0,931,6886,70,94,933,6980,California
Stanislaus,2021-01-07,1079,8150,703,6141,376,2009,0,0,888,7591,185,279,890,7870,California
Stanislaus,2021-01-08,1274,9424,719,6860,555,2564,0,0,932,8189,339,618,937,8807,California
Stanislaus,2021-01-09,288,9712,142,7002,146,2710,0,0,198,8297,90,708,198,9005,California
Stanislaus,2021-01-10,48,9760,21,7023,27,2737,0,0,29,8307,19,727,29,9034,California
Stanislaus,2021-01-11,1496,11256,1217,8240,279,3016,0,0,569,7972,922,1649,587,9621,California
Stanislaus,2021-01-12,1470,12726,864,9104,606,3622,0,0,831,8177,635,2284,840,10461,California
Stanislaus,2021-01-13,1443,14169,687,9791,756,4378,0,0,1121,8985,322,2606,1130,11591,California
Stanislaus,2021-01-14,2236,16405,283,10074,1953,6331,0,0,2066,10952,167,2773,2134,13725,California
Stanislaus,2021-01-15,2823,19228,1157,11231,1666,7997,0,0,2670,13553,149,2922,2750,16475,California
Stanislaus,2021-01-16,472,19700,50,11281,422,8419,0,0,455,13994,16,2938,457,16932,California
Stanislaus,2021-01-17,244,19944,202,11483,42,8461,0,0,237,14225,6,2944,237,17169,California
Stanislaus,2021-01-18,2185,22129,1022,12505,1163,9624,0,0,1797,15711,383,3327,1869,19038,California
Stanislaus,2021-01-19,1253,23382,724,13229,529,10153,0,0,806,16075,443,3770,807,19845,California
Stanislaus,2021-01-20,1010,24392,489,13718,521,10674,0,0,716,16498,293,4063,716,20561,California
Stanislaus,2021-01-21,3687,28079,2973,16691,714,11388,0,0,3363,19645,321,4384,3468,24029,California
Stanislaus,2021-01-22,1093,29172,307,16998,786,12174,0,0,1049,20657,40,4424,1052,25081,California
Stanislaus,2021-01-23,358,29530,44,17042,314,12488,0,0,300,20901,57,4481,301,25382,California
Stanislaus,2021-01-24,301,29831,100,17142,201,12689,0,0,235,21072,66,4547,237,25619,California
Stanislaus,2021-01-25,3156,32987,227,17369,2929,15618,0,0,2835,23766,285,4832,2979,28598,California
Stanislaus,2021-01-26,1724,34711,744,18113,980,16598,0,0,1299,24662,419,5251,1315,29913,California
Stanislaus,2021-01-27,1890,36601,1051,19164,839,17437,0,0,1185,25188,660,5911,1186,31099,California
Stanislaus,2021-01-28,2209,38810,1511,20675,698,18135,0,0,1722,26489,479,6390,1780,32879,California
Stanislaus,2021-01-29,2437,41247,1192,21867,1245,19380,0,0,1908,27962,484,6874,1957,34836,California
Stanislaus,2021-01-30,293,41540,132,21999,161,19541,0,0,229,28138,53,6927,229,35065,California
Stanislaus,2021-01-31,369,41909,315,22314,54,19595,0,0,354,28480,12,6939,354,35419,California
Stanislaus,2021-02-01,1295,43204,585,22899,710,20305,0,0,940,29076,344,7283,940,36359,California
Stanislaus,2021-02-02,1210,44414,348,23247,862,21167,0,0,776,29431,423,7706,778,37137,California
Stanislaus,2021-02-03,2609,47023,1227,24474,1382,22549,0,0,1915,30670,688,8394,1927,39064,California
Stanislaus,2021-02-04,2087,49110,709,25183,1378,23927,0,0,1579,31760,494,8888,1584,40648,California
Stanislaus,2021-02-05,2847,51957,1468,26651,1379,25306,0,0,1591,32168,1196,10084,1604,42252,California
Stanislaus,2021-02-06,886,52843,300,26951,586,25892,0,0,694,32674,190,10274,696,42948,California
Stanislaus,2021-02-07,233,53076,208,27159,25,25917,0,0,43,32531,187,10461,44,42992,California
Stanislaus,2021-02-08,2032,55108,1332,28491,700,26617,0,0,1101,32759,892,11353,1120,44112,California
Stanislaus,2021-02-09,1840,56948,783,29274,1057,27674,0,0,1046,33039,773,12126,1053,45165,California
Stanislaus,2021-02-10,1931,58879,532,29806,1399,29073,0,0,1010,33151,900,13026,1012,46177,California
Stanislaus,2021-02-11,5385,64264,3267,33073,2118,31191,0,0,1228,30430,3955,16981,1234,47411,California
Stanislaus,2021-02-12,3296,67560,913,33986,2383,33574,0,0,1450,30117,1769,18750,1456,48867,California
Stanislaus,2021-02-13,1352,68912,652,34638,700,34274,0,0,981,30736,366,19116,985,49852,California
Stanislaus,2021-02-14,421,69333,167,34805,254,34528,0,0,353,31023,66,19182,353,50205,California
Stanislaus,2021-02-15,1813,71146,229,35034,1584,36112,0,0,581,30489,1119,20301,585,50790,California
Stanislaus,2021-02-16,1360,72506,421,35455,939,37051,0,0,580,30301,770,21071,582,51372,California
Stanislaus,2021-02-17,2753,75259,1686,37141,1067,38118,0,0,1923,31409,825,21896,1933,53305,California
Stanislaus,2021-02-18,3357,78616,1898,39039,1459,39577,0,0,1783,31728,1491,23387,1810,55115,California
Stanislaus,2021-02-19,2756,81372,1063,40102,1693,41270,0,0,1523,32073,1192,24579,1537,56652,California
Stanislaus,2021-02-20,747,82119,379,40481,368,41638,0,0,472,32290,257,24836,474,57126,California
Stanislaus,2021-02-21,906,83025,691,41172,215,41853,0,0,545,32509,337,25173,556,57682,California
Stanislaus,2021-02-22,2343,85368,1691,42863,652,42505,0,0,1626,33438,698,25871,1627,59309,California
Stanislaus,2021-02-23,3691,89059,677,43540,3014,45519,0,0,1716,33343,1823,27694,1728,61037,California
Stanislaus,2021-02-24,4171,93230,2847,46387,1324,46843,0,0,3115,35423,1038,28732,3118,64155,California
Stanislaus,2021-02-25,3882,97112,2646,49033,1236,48079,0,0,3080,37722,784,29516,3083,67238,California
Stanislaus,2021-02-26,4189,101301,1217,50250,2972,51051,0,0,2829,39253,1308,30824,2839,70077,California
Stanislaus,2021-02-27,2089,103390,708,50958,1380,52431,1,1,1856,40906,205,31029,1858,71935,California
Stanislaus,2021-02-28,818,104208,262,51220,556,52987,0,1,769,41637,39,31068,770,72705,California
Stanislaus,2021-03-01,2769,106977,1629,52849,1139,54126,1,2,1630,42172,1105,32173,1640,74345,California
Stanislaus,2021-03-02,2390,109367,1422,54271,967,55093,1,3,1658,43111,722,32895,1661,76006,California
Stanislaus,2021-03-03,3708,113075,2227,56498,1479,56572,2,5,2904,45229,787,33682,2905,78911,California
Stanislaus,2021-03-04,5437,118512,3103,59601,2318,58890,16,21,4191,48216,1216,34898,4203,83114,California
Stanislaus,2021-03-05,4023,122535,1115,60716,2892,61782,16,37,3053,50341,944,35842,3069,86183,California
Stanislaus,2021-03-06,3573,126108,2226,62942,1254,63036,93,130,2721,52309,848,36690,2816,88999,California
Stanislaus,2021-03-07,850,126958,389,63331,425,63461,36,166,661,52823,183,36873,697,89696,California
Stanislaus,2021-03-08,1992,128950,862,64193,1041,64502,89,255,1332,53602,641,37514,1420,91116,California
Stanislaus,2021-03-09,2182,131132,905,65098,1185,65687,92,347,1639,54806,531,38045,1735,92851,California
Stanislaus,2021-03-10,5063,136195,2498,67596,2343,68030,222,569,3742,57479,1304,39349,3977,96828,California
Stanislaus,2021-03-11,5715,141910,3140,70736,2099,70129,476,1045,4124,60658,1427,40776,4606,101434,California
Stanislaus,2021-03-12,5765,147675,1229,71965,2614,72743,1922,2967,2912,62660,2828,43604,4830,106264,California
Stanislaus,2021-03-13,3380,151055,2181,74146,1131,73874,68,3035,2689,64739,683,44287,2762,109026,California
Stanislaus,2021-03-14,996,152051,595,74741,350,74224,51,3086,490,64780,503,44790,544,109570,California
Stanislaus,2021-03-15,3689,155740,1973,76714,1355,75579,361,3447,1605,64763,1989,46779,1972,111542,California
Stanislaus,2021-03-16,4920,160660,2451,79165,2058,77637,411,3858,3544,67361,1357,48136,3955,115497,California
Stanislaus,2021-03-17,4719,165379,2856,82021,1685,79322,178,4036,2884,68621,1808,49944,3068,118565,California
Stanislaus,2021-03-18,5419,170798,3419,85440,1934,81256,66,4102,2974,69372,2293,52237,3044,121609,California
Stanislaus,2021-03-19,5917,176715,1532,86972,2861,84117,1524,5626,3099,71203,2789,55026,4620,126229,California
Stanislaus,2021-03-20,3839,180554,3004,89976,767,84884,68,5694,3363,74166,469,55495,3432,129661,California
Stanislaus,2021-03-21,983,181537,883,90859,35,84919,65,5759,745,74740,236,55731,810,130471,California
Stanislaus,2021-03-22,2814,184351,1323,92182,766,85685,725,6484,1241,75158,1549,57280,1967,132438,California
Stanislaus,2021-03-23,3942,188293,2017,94199,1665,87350,260,6744,2809,77129,1117,58397,3088,135526,California
Stanislaus,2021-03-24,4545,192838,3216,97415,1261,88611,68,6812,2643,77987,1856,60253,2714,138240,California
Stanislaus,2021-03-25,4238,197076,2909,100324,1312,89923,17,6829,1814,77473,2346,62599,1832,140072,California
Stanislaus,2021-03-26,4716,201792,1334,101658,3307,93230,75,6904,2370,77618,2313,64912,2458,142530,California
Stanislaus,2021-03-27,4386,206178,2720,104378,1584,94814,82,6986,1384,76106,2986,67898,1474,144004,California
Stanislaus,2021-03-28,1104,207282,441,104819,557,95371,106,7092,321,75768,771,68669,433,144437,California
Stanislaus,2021-03-29,2977,210259,1826,106645,1112,96483,39,7131,1985,76816,982,69651,2030,146467,California
Stanislaus,2021-03-30,3665,213924,2052,108697,1586,98069,27,7158,2228,77648,1429,71080,2261,148728,California
Stanislaus,2021-03-31,5405,219329,3833,112530,1454,99523,118,7276,2767,77917,2619,73699,2888,151616,California
Stanislaus,2021-04-01,5733,225062,3833,116363,1809,101332,91,7367,2625,77554,3090,76789,2727,154343,California
Stanislaus,2021-04-02,4998,230060,1209,117572,3635,104967,154,7521,2246,77299,2666,79455,2411,156754,California
Stanislaus,2021-04-03,4544,234604,3301,120873,1206,106173,37,7558,2241,77295,2294,81749,2290,159044,California
Stanislaus,2021-04-04,1319,235923,471,121344,818,106991,30,7588,651,77318,662,82411,685,159729,California
Stanislaus,2021-04-05,3634,239557,2530,123874,855,107846,249,7837,2354,78654,1271,83682,2607,162336,California
Stanislaus,2021-04-06,5743,245300,4165,128039,1304,109150,274,8111,3073,79350,2657,86339,3353,165689,California
Stanislaus,2021-04-07,6346,251646,3599,131638,2327,111477,420,8531,2828,79102,3502,89841,3254,168943,California
Stanislaus,2021-04-08,5672,257318,3319,134957,1922,113399,431,8962,2768,79423,2883,92724,3204,172147,California
Stanislaus,2021-04-09,4816,262134,2104,137061,2341,115740,371,9333,2184,79381,2609,95333,2567,174714,California
Stanislaus,2021-04-10,6481,268615,3983,141044,859,116599,1639,10972,1998,78552,4459,99792,3630,178344,California
Stanislaus,2021-04-11,1522,270137,850,141894,539,117138,133,11105,667,78500,853,100645,801,179145,California
Stanislaus,2021-04-12,3590,273727,2042,143936,1102,118240,446,11551,1872,79124,1702,102347,2326,181471,California
Stanislaus,2021-04-13,5193,278920,3417,147353,1763,120003,13,11564,2922,79819,2233,104580,2928,184399,California
Stanislaus,2021-04-14,4647,283567,3251,150604,1395,121398,1,11565,2258,79725,2357,106937,2263,186662,California
Stanislaus,2021-04-15,5382,288949,3312,153916,2068,123466,2,11567,3237,80856,2109,109046,3240,189902,California
Stanislaus,2021-04-16,4303,293252,993,154909,3309,126775,1,11568,1827,80252,2434,111480,1830,191732,California
Stanislaus,2021-04-17,3145,296397,2110,157019,1035,127810,0,11568,1838,80798,1296,112776,1842,193574,California
Stanislaus,2021-04-18,533,296930,220,157239,313,128123,0,11568,408,81090,118,112894,410,193984,California
Stanislaus,2021-04-19,3450,300380,2446,159685,1003,129126,1,11569,1636,80952,1783,114677,1645,195629,California
Stanislaus,2021-04-20,3975,304355,2416,162101,1559,130685,0,11569,1744,80495,2203,116880,1746,197375,California
Stanislaus,2021-04-21,3819,308174,2554,164655,1264,131949,1,11570,1605,79928,2179,119059,1612,198987,California
Stanislaus,2021-04-22,3943,312117,2401,167056,1542,133491,0,11570,1571,79177,2328,121387,1577,200564,California
Stanislaus,2021-04-23,3588,315705,843,167899,2744,136235,1,11571,1475,78638,2022,123409,1483,202047,California
Stanislaus,2021-04-24,3781,319486,2927,170826,854,137089,0,11571,1788,78457,1976,125385,1795,203842,California
Stanislaus,2021-04-25,934,320420,478,171304,456,137545,0,11571,685,78902,244,125629,689,204531,California
Stanislaus,2021-04-26,3247,323667,2284,173588,957,138502,6,11577,964,77615,2265,127894,978,205509,California
Stanislaus,2021-04-27,3938,327605,2748,176336,1148,139650,42,11619,1113,75967,2804,130698,1156,206665,California
Stanislaus,2021-04-28,4132,331737,2911,179247,1159,140809,62,11681,1811,75547,2305,133003,1885,208550,California
Stanislaus,2021-04-29,3596,335333,2246,181493,1302,142111,48,11729,1417,74857,2164,135167,1474,210024,California
Stanislaus,2021-04-30,4489,339822,2045,183538,2360,144471,84,11813,1775,74020,2704,137871,1867,211891,California
Stanislaus,2021-05-01,2701,342523,1921,185459,740,145211,40,11853,1010,73396,1682,139553,1058,212949,California
Stanislaus,2021-05-02,1073,343596,613,186072,424,145635,36,11889,519,73409,548,140101,561,213510,California
Stanislaus,2021-05-03,2407,346003,1922,187994,415,146050,70,11959,907,72902,1487,141588,980,214490,California
Stanislaus,2021-05-04,3463,349466,2469,190463,906,146956,88,12047,1067,71679,2385,143973,1162,215652,California
Stanislaus,2021-05-05,3162,352628,2119,192582,969,147925,74,12121,1072,70759,2070,146043,1150,216802,California
Stanislaus,2021-05-06,3088,355716,2296,194878,686,148611,106,12227,1013,69827,2058,148101,1126,217928,California
Stanislaus,2021-05-07,2284,358000,886,195764,1255,149866,143,12370,939,69574,1337,149438,1084,219012,California
Stanislaus,2021-05-08,1956,359956,1337,197101,586,150452,33,12403,712,69095,1231,150669,752,219764,California
Stanislaus,2021-05-09,703,360659,336,197437,341,150793,26,12429,304,69027,398,151067,330,220094,California
Stanislaus,2021-05-10,1655,362314,1134,198571,443,151236,78,12507,447,68356,1197,152264,526,220620,California
Stanislaus,2021-05-11,2329,364643,1470,200041,704,151940,155,12662,656,67508,1663,153927,815,221435,California
Stanislaus,2021-05-12,2128,366771,1214,201255,814,152754,100,12762,819,67132,1297,155224,921,222356,California
Stanislaus,2021-05-13,1846,368617,1023,202278,708,153462,115,12877,839,67085,1002,156226,955,223311,California
Stanislaus,2021-05-14,2574,371191,1141,203419,1300,154762,133,13010,1180,67020,1379,157605,1314,224625,California
Stanislaus,2021-05-15,2470,373661,1770,205189,650,155412,50,13060,1202,67021,1259,158864,1260,225885,California
Stanislaus,2021-05-16,1010,374671,660,205849,342,155754,8,13068,553,67135,451,159315,565,226450,California
Stanislaus,2021-05-17,1879,376550,1252,207101,546,156300,81,13149,935,67214,939,160254,1018,227468,California
Stanislaus,2021-05-18,2192,378742,1499,208600,580,156880,113,13262,1182,67508,1001,161255,1295,228763,California
Stanislaus,2021-05-19,2971,381713,2061,210661,771,157651,139,13401,1341,67372,1621,162876,1485,230248,California
Stanislaus,2021-05-20,1772,383485,907,211568,768,158419,97,13498,719,67145,1047,163923,820,231068,California
Stanislaus,2021-05-21,1979,385464,950,212518,948,159367,81,13579,821,66894,1154,165077,903,231971,California
Stanislaus,2021-05-22,1527,386991,922,213440,546,159913,59,13638,661,66751,862,165939,719,232690,California
Stanislaus,2021-05-23,604,387595,327,213767,267,160180,10,13648,222,66603,380,166319,232,232922,California
Sutter,2020-12-15,1,1,1,1,0,0,0,0,1,1,0,0,1,1,California
Sutter,2020-12-16,4,5,4,5,0,0,0,0,4,5,0,0,4,5,California
Sutter,2020-12-17,2,7,2,7,0,0,0,0,2,7,0,0,2,7,California
Sutter,2020-12-18,20,27,20,27,0,0,0,0,20,27,0,0,20,27,California
Sutter,2020-12-19,44,71,44,71,0,0,0,0,44,71,0,0,44,71,California
Sutter,2020-12-20,42,113,42,113,0,0,0,0,42,113,0,0,42,113,California
Sutter,2020-12-21,100,213,100,213,0,0,0,0,100,213,0,0,100,213,California
Sutter,2020-12-22,172,385,172,385,0,0,0,0,172,385,0,0,172,385,California
Sutter,2020-12-23,116,501,111,496,5,5,0,0,116,501,0,0,116,501,California
Sutter,2020-12-24,17,518,11,507,6,11,0,0,17,518,0,0,17,518,California
Sutter,2020-12-26,38,556,34,541,4,15,0,0,38,556,0,0,38,556,California
Sutter,2020-12-27,24,580,23,564,1,16,0,0,24,580,0,0,24,580,California
Sutter,2020-12-28,83,663,55,619,28,44,0,0,83,663,0,0,83,663,California
Sutter,2020-12-29,101,764,14,633,87,131,0,0,101,764,0,0,101,764,California
Sutter,2020-12-30,137,901,34,667,103,234,0,0,137,901,0,0,137,901,California
Sutter,2020-12-31,70,971,6,673,64,298,0,0,70,971,0,0,70,971,California
Sutter,2021-01-01,3,974,3,676,0,298,0,0,3,974,0,0,3,974,California
Sutter,2021-01-02,131,1105,129,805,2,300,0,0,131,1105,0,0,131,1105,California
Sutter,2021-01-03,1,1106,0,805,1,301,0,0,1,1106,0,0,1,1106,California
Sutter,2021-01-04,247,1353,139,944,108,409,0,0,247,1353,0,0,247,1353,California
Sutter,2021-01-05,101,1454,57,1001,44,453,0,0,99,1450,2,2,99,1452,California
Sutter,2021-01-06,204,1658,50,1051,154,607,0,0,199,1644,5,7,199,1651,California
Sutter,2021-01-07,251,1909,151,1202,100,707,0,0,242,1878,8,15,242,1893,California
Sutter,2021-01-08,149,2058,40,1242,109,816,0,0,132,1993,17,32,132,2025,California
Sutter,2021-01-09,46,2104,43,1285,3,819,0,0,5,1957,41,73,5,2030,California
Sutter,2021-01-10,397,2501,37,1322,360,1179,0,0,359,2279,37,110,359,2389,California
Sutter,2021-01-11,132,2633,114,1436,18,1197,0,0,26,2199,106,216,26,2415,California
Sutter,2021-01-12,201,2834,164,1600,37,1234,0,0,58,2114,143,359,58,2473,California
Sutter,2021-01-13,162,2996,99,1699,63,1297,0,0,72,2097,89,448,72,2545,California
Sutter,2021-01-14,145,3141,49,1748,96,1393,0,0,126,2204,19,467,126,2671,California
Sutter,2021-01-15,438,3579,133,1881,305,1698,0,0,423,2612,15,482,423,3094,California
Sutter,2021-01-16,384,3963,41,1922,343,2041,0,0,353,2935,30,512,353,3447,California
Sutter,2021-01-17,26,3989,24,1946,2,2043,0,0,10,2929,16,528,10,3457,California
Sutter,2021-01-18,118,4107,63,2009,55,2098,0,0,70,2951,48,576,70,3527,California
Sutter,2021-01-19,103,4210,42,2051,61,2159,0,0,79,3006,24,600,79,3606,California
Sutter,2021-01-20,270,4480,206,2257,64,2223,0,0,250,3236,20,620,250,3856,California
Sutter,2021-01-21,486,4966,317,2574,169,2392,0,0,467,3684,19,639,467,4323,California
Sutter,2021-01-22,239,5205,52,2626,187,2579,0,0,230,3905,9,648,230,4553,California
Sutter,2021-01-23,396,5601,39,2665,357,2936,0,0,370,4249,26,674,370,4923,California
Sutter,2021-01-24,17,5618,14,2679,3,2939,0,0,15,4262,2,676,15,4938,California
Sutter,2021-01-25,306,5924,196,2875,110,3049,0,0,151,4259,154,830,151,5089,California
Sutter,2021-01-26,248,6172,108,2983,140,3189,0,0,144,4300,103,933,144,5233,California
Sutter,2021-01-27,386,6558,255,3238,131,3320,0,0,320,4554,66,999,320,5553,California
Sutter,2021-01-28,584,7142,361,3599,223,3543,0,0,409,4789,174,1173,409,5962,California
Sutter,2021-01-29,359,7501,86,3685,273,3816,0,0,239,4908,120,1293,239,6201,California
Sutter,2021-01-30,775,8276,38,3723,737,4553,0,0,764,5661,11,1304,764,6965,California
Sutter,2021-01-31,28,8304,27,3750,1,4554,0,0,28,5689,0,1304,28,6993,California
Sutter,2021-02-01,166,8470,50,3800,116,4670,0,0,135,5793,31,1335,135,7128,California
Sutter,2021-02-02,243,8713,26,3826,217,4887,0,0,211,5972,32,1367,211,7339,California
Sutter,2021-02-03,444,9157,39,3865,405,5292,0,0,210,5948,234,1601,210,7549,California
Sutter,2021-02-04,669,9826,365,4230,304,5596,0,0,619,6517,50,1651,619,8168,California
Sutter,2021-02-05,287,10113,32,4262,255,5851,0,0,136,6502,151,1802,136,8304,California
Sutter,2021-02-06,736,10849,29,4291,707,6558,0,0,714,7194,22,1824,714,9018,California
Sutter,2021-02-07,23,10872,20,4311,3,6561,0,0,19,7209,4,1828,19,9037,California
Sutter,2021-02-08,134,11006,29,4340,105,6666,0,0,98,7271,36,1864,98,9135,California
Sutter,2021-02-09,246,11252,45,4385,201,6867,0,0,184,7393,62,1926,184,9319,California
Sutter,2021-02-10,819,12071,380,4765,439,7306,0,0,177,6929,641,2567,177,9496,California
Sutter,2021-02-11,603,12674,275,5040,328,7634,0,0,345,7016,258,2825,345,9841,California
Sutter,2021-02-12,633,13307,67,5107,566,8200,0,0,310,7004,322,3147,310,10151,California
Sutter,2021-02-13,897,14204,48,5155,849,9049,0,0,781,7669,116,3263,781,10932,California
Sutter,2021-02-14,90,14294,25,5180,65,9114,0,0,79,7737,11,3274,79,11011,California
Sutter,2021-02-15,197,14491,72,5252,125,9239,0,0,119,7778,78,3352,119,11130,California
Sutter,2021-02-16,288,14779,45,5297,243,9482,0,0,204,7899,83,3435,204,11334,California
Sutter,2021-02-17,823,15602,428,5725,395,9877,0,0,129,7334,694,4129,129,11463,California
Sutter,2021-02-18,701,16303,55,5780,646,10523,0,0,490,7614,210,4339,490,11953,California
Sutter,2021-02-19,662,16965,377,6157,285,10808,0,0,460,7874,200,4539,460,12413,California
Sutter,2021-02-20,619,17584,55,6212,564,11372,0,0,516,8288,102,4641,516,12929,California
Sutter,2021-02-21,30,17614,27,6239,3,11375,0,0,7,8272,23,4664,7,12936,California
Sutter,2021-02-22,207,17821,122,6361,85,11460,0,0,87,8239,120,4784,87,13023,California
Sutter,2021-02-23,223,18044,33,6394,190,11650,0,0,97,8210,126,4910,97,13120,California
Sutter,2021-02-24,964,19008,349,6743,615,12265,0,0,194,7635,769,5679,194,13314,California
Sutter,2021-02-25,785,19793,498,7241,287,12552,0,0,604,8061,178,5857,604,13918,California
Sutter,2021-02-26,371,20164,60,7301,311,12863,0,0,154,8000,215,6072,154,14072,California
Sutter,2021-02-27,865,21029,45,7346,820,13683,0,0,710,8553,157,6229,710,14782,California
Sutter,2021-02-28,84,21113,38,7384,46,13729,0,0,64,8598,19,6248,64,14846,California
Sutter,2021-03-01,247,21360,61,7445,186,13915,0,0,150,8651,97,6345,150,14996,California
Sutter,2021-03-02,334,21694,57,7502,277,14192,0,0,160,8638,173,6518,160,15156,California
Sutter,2021-03-03,1384,23078,514,8016,870,15062,0,0,646,8552,732,7250,646,15802,California
Sutter,2021-03-04,1256,24334,867,8883,389,15451,0,0,948,9196,304,7554,948,16750,California
Sutter,2021-03-05,338,24672,79,8962,258,15709,1,1,206,9271,132,7686,207,16957,California
Sutter,2021-03-06,1022,25694,46,9008,971,16680,5,6,860,9974,162,7848,865,17822,California
Sutter,2021-03-07,64,25758,23,9031,40,16720,1,7,44,9999,20,7868,45,17867,California
Sutter,2021-03-08,226,25984,79,9110,135,16855,12,19,157,10099,69,7937,169,18036,California
Sutter,2021-03-09,386,26370,138,9248,235,17090,13,32,184,10094,202,8139,197,18233,California
Sutter,2021-03-10,1569,27939,681,9929,827,17917,61,93,525,9639,1041,9180,586,18819,California
Sutter,2021-03-11,894,28833,441,10370,434,18351,19,112,648,10063,243,9423,667,19486,California
Sutter,2021-03-12,673,29506,110,10480,381,18732,182,294,199,9971,471,9894,379,19865,California
Sutter,2021-03-13,985,30491,749,11229,218,18950,18,312,781,10567,202,10096,798,20663,California
Sutter,2021-03-14,130,30621,22,11251,97,19047,11,323,44,10536,86,10182,55,20718,California
Sutter,2021-03-15,320,30941,66,11317,205,19252,49,372,153,10572,166,10348,202,20920,California
Sutter,2021-03-16,392,31333,86,11403,259,19511,47,419,213,10652,179,10527,259,21179,California
Sutter,2021-03-17,1496,32829,563,11966,913,20424,20,439,313,9809,1175,11702,332,21511,California
Sutter,2021-03-18,973,33802,182,12148,589,21013,202,641,571,10181,400,12102,772,22283,California
Sutter,2021-03-19,463,34265,165,12313,269,21282,29,670,284,10317,177,12279,313,22596,California
Sutter,2021-03-20,949,35214,116,12429,822,22104,11,681,860,11099,89,12368,871,23467,California
Sutter,2021-03-21,67,35281,47,12476,17,22121,3,684,37,11109,30,12398,40,23507,California
Sutter,2021-03-22,288,35569,120,12596,142,22263,26,710,213,11274,74,12472,239,23746,California
Sutter,2021-03-23,376,35945,115,12711,229,22492,32,742,255,11439,121,12593,286,24032,California
Sutter,2021-03-24,1685,37630,772,13483,843,23335,70,812,314,10466,1357,13950,384,24416,California
Sutter,2021-03-25,1043,38673,681,14164,319,23654,43,855,370,10209,670,14620,413,24829,California
Sutter,2021-03-26,488,39161,174,14338,297,23951,17,872,295,10331,190,14810,312,25141,California
Sutter,2021-03-27,927,40088,63,14401,862,24813,2,874,820,11049,104,14914,822,25963,California
Sutter,2021-03-28,125,40213,71,14472,54,24867,0,874,77,11080,46,14960,77,26040,California
Sutter,2021-03-29,427,40640,144,14616,228,25095,55,929,225,11160,200,15160,280,26320,California
Sutter,2021-03-30,479,41119,160,14776,309,25404,10,939,317,11325,162,15322,327,26647,California
Sutter,2021-03-31,1249,42368,177,14953,1056,26460,16,955,448,10998,790,16112,463,27110,California
Sutter,2021-04-01,1378,43746,733,15686,458,26918,187,1142,424,10661,947,17059,610,27720,California
Sutter,2021-04-02,511,44257,99,15785,294,27212,118,1260,200,10667,309,17368,315,28035,California
Sutter,2021-04-03,910,45167,77,15862,210,27422,623,1883,121,10624,787,18155,744,28779,California
Sutter,2021-04-04,118,45285,22,15884,90,27512,6,1889,55,10622,63,18218,61,28840,California
Sutter,2021-04-05,369,45654,146,16030,187,27699,36,1925,178,10648,188,18406,214,29054,California
Sutter,2021-04-06,509,46163,197,16227,256,27955,56,1981,272,10741,236,18642,329,29383,California
Sutter,2021-04-07,1466,47629,868,17095,523,28478,75,2056,603,10563,856,19498,678,30061,California
Sutter,2021-04-08,1041,48670,580,17675,352,28830,109,2165,574,10782,462,19960,681,30742,California
Sutter,2021-04-09,560,49230,247,17922,249,29079,64,2229,233,10755,325,20285,298,31040,California
Sutter,2021-04-10,819,50049,106,18028,88,29167,625,2854,106,10768,710,20995,723,31763,California
Sutter,2021-04-11,112,50161,28,18056,40,29207,44,2898,33,10765,79,21074,76,31839,California
Sutter,2021-04-12,336,50497,91,18147,191,29398,54,2952,134,10751,202,21276,188,32027,California
Sutter,2021-04-13,429,50926,127,18274,302,29700,0,2952,211,10746,216,21492,211,32238,California
Sutter,2021-04-14,1291,52217,160,18434,1130,30830,1,2953,213,9888,1072,22564,214,32452,California
Sutter,2021-04-15,535,52752,174,18608,361,31191,0,2953,213,9781,320,22884,213,32665,California
Sutter,2021-04-16,394,53146,125,18733,269,31460,0,2953,181,9750,212,23096,181,32846,California
Sutter,2021-04-17,578,53724,84,18817,494,31954,0,2953,507,10187,70,23166,507,33353,California
Sutter,2021-04-18,70,53794,11,18828,59,32013,0,2953,43,10204,26,23192,43,33396,California
Sutter,2021-04-19,288,54082,110,18938,178,32191,0,2953,119,10156,167,23359,119,33515,California
Sutter,2021-04-20,413,54495,134,19072,279,32470,0,2953,200,10144,212,23571,200,33715,California
Sutter,2021-04-21,1232,55727,420,19492,812,33282,0,2953,476,9873,747,24318,476,34191,California
Sutter,2021-04-22,481,56208,165,19657,316,33598,0,2953,248,9890,231,24549,248,34439,California
Sutter,2021-04-23,399,56607,115,19772,284,33882,0,2953,187,9866,211,24760,187,34626,California
Sutter,2021-04-24,325,56932,105,19877,219,34101,1,2954,184,9911,140,24900,185,34811,California
Sutter,2021-04-25,157,57089,75,19952,82,34183,0,2954,86,9929,68,24968,86,34897,California
Sutter,2021-04-26,287,57376,87,20039,198,34381,2,2956,121,9888,164,25132,123,35020,California
Sutter,2021-04-27,527,57903,266,20305,257,34638,4,2960,243,9854,281,25413,247,35267,California
Sutter,2021-04-28,815,58718,339,20644,468,35106,8,2968,259,9570,551,25964,267,35534,California
Sutter,2021-04-29,773,59491,135,20779,637,35743,1,2969,309,9419,461,26425,310,35844,California
Sutter,2021-04-30,357,59848,109,20888,235,35978,13,2982,146,9369,208,26633,158,36002,California
Sutter,2021-05-01,295,60143,106,20994,148,36126,41,3023,125,9368,167,26800,166,36168,California
Sutter,2021-05-02,80,60223,52,21046,26,36152,2,3025,46,9382,34,26834,48,36216,California
Sutter,2021-05-03,169,60392,107,21153,53,36205,9,3034,69,9360,100,26934,78,36294,California
Sutter,2021-05-04,518,60910,236,21389,218,36423,64,3098,218,9344,297,27231,281,36575,California
Sutter,2021-05-05,534,61444,141,21530,385,36808,8,3106,158,9141,369,27600,166,36741,California
Sutter,2021-05-06,426,61870,231,21761,175,36983,20,3126,192,9119,234,27834,212,36953,California
Sutter,2021-05-07,407,62277,146,21907,239,37222,22,3148,153,9042,252,28086,175,37128,California
Sutter,2021-05-08,196,62473,49,21956,141,37363,6,3154,106,9064,90,28176,112,37240,California
Sutter,2021-05-09,81,62554,52,22008,24,37387,5,3159,56,9100,25,28201,61,37301,California
Sutter,2021-05-10,188,62742,42,22050,129,37516,17,3176,47,9025,139,28340,64,37365,California
Sutter,2021-05-11,433,63175,212,22262,203,37719,18,3194,180,8972,250,28590,197,37562,California
Sutter,2021-05-12,397,63572,211,22473,177,37896,9,3203,134,8856,259,28849,143,37705,California
Sutter,2021-05-13,441,64013,228,22701,191,38087,22,3225,170,8780,268,29117,192,37897,California
Sutter,2021-05-14,434,64447,184,22885,235,38322,15,3240,214,8794,215,29332,229,38126,California
Sutter,2021-05-15,838,65285,308,23193,499,38821,31,3271,305,8598,532,29864,336,38462,California
Sutter,2021-05-16,136,65421,82,23275,46,38867,8,3279,75,8621,60,29924,83,38545,California
Sutter,2021-05-17,287,65708,114,23389,159,39026,14,3293,153,8655,133,30057,167,38712,California
Sutter,2021-05-18,532,66240,311,23700,217,39243,4,3297,293,8716,236,30293,297,39009,California
Sutter,2021-05-19,463,66703,265,23965,191,39434,7,3304,246,8755,214,30507,253,39262,California
Sutter,2021-05-20,386,67089,215,24180,159,39593,12,3316,200,8783,184,30691,212,39474,California
Sutter,2021-05-21,447,67536,210,24390,225,39818,12,3328,216,8781,229,30920,227,39701,California
Sutter,2021-05-22,301,67837,172,24562,126,39944,3,3331,149,8783,149,31069,151,39852,California
Sutter,2021-05-23,30,67867,2,24564,23,39967,5,3336,13,8784,17,31086,18,39870,California
Tehama,2020-12-15,1,1,1,1,0,0,0,0,1,1,0,0,1,1,California
Tehama,2020-12-16,2,3,2,3,0,0,0,0,2,3,0,0,2,3,California
Tehama,2020-12-17,12,15,12,15,0,0,0,0,12,15,0,0,12,15,California
Tehama,2020-12-18,2,17,2,17,0,0,0,0,3,18,0,0,3,18,California
Tehama,2020-12-21,33,50,33,50,0,0,0,0,33,51,0,0,33,51,California
Tehama,2020-12-22,68,118,62,112,6,6,0,0,68,119,0,0,68,119,California
Tehama,2020-12-23,49,167,41,153,8,14,0,0,49,168,0,0,49,168,California
Tehama,2020-12-24,5,172,3,156,2,16,0,0,5,173,0,0,5,173,California
Tehama,2020-12-26,3,175,2,158,1,17,0,0,3,176,0,0,3,176,California
Tehama,2020-12-27,2,177,2,160,0,17,0,0,2,178,0,0,2,178,California
Tehama,2020-12-28,56,233,43,203,13,30,0,0,56,234,0,0,56,234,California
Tehama,2020-12-29,31,264,31,234,0,30,0,0,31,265,0,0,31,265,California
Tehama,2020-12-30,54,318,38,272,16,46,0,0,53,318,0,0,53,318,California
Tehama,2020-12-31,14,332,4,276,10,56,0,0,14,332,0,0,14,332,California
Tehama,2021-01-01,2,334,0,276,2,58,0,0,2,334,0,0,2,334,California
Tehama,2021-01-04,32,366,9,285,23,81,0,0,32,366,0,0,32,366,California
Tehama,2021-01-05,70,436,43,328,27,108,0,0,67,430,3,3,67,433,California
Tehama,2021-01-06,71,507,21,349,50,158,0,0,62,484,8,11,62,495,California
Tehama,2021-01-07,57,564,7,356,50,208,0,0,56,539,1,12,56,551,California
Tehama,2021-01-08,33,597,24,380,9,217,0,0,28,562,5,17,28,579,California
Tehama,2021-01-09,7,604,5,385,2,219,0,0,5,565,2,19,5,584,California
Tehama,2021-01-10,1,605,0,385,1,220,0,0,1,566,0,19,1,585,California
Tehama,2021-01-11,48,653,46,431,2,222,0,0,15,548,33,52,15,600,California
Tehama,2021-01-12,131,784,111,542,20,242,0,0,86,589,45,97,86,686,California
Tehama,2021-01-13,73,857,55,597,18,260,0,0,27,570,46,143,27,713,California
Tehama,2021-01-14,224,1081,50,647,174,434,0,0,222,790,2,145,222,935,California
Tehama,2021-01-15,249,1330,74,721,175,609,0,0,245,1031,4,149,245,1180,California
Tehama,2021-01-16,263,1593,19,740,244,853,0,0,260,1288,3,152,260,1440,California
Tehama,2021-01-17,6,1599,2,742,4,857,0,0,4,1290,2,154,4,1444,California
Tehama,2021-01-18,10,1609,6,748,4,861,0,0,5,1290,5,159,5,1449,California
Tehama,2021-01-19,291,1900,65,813,226,1087,0,0,236,1471,55,214,236,1685,California
Tehama,2021-01-20,301,2201,87,900,214,1301,0,0,251,1673,49,263,251,1936,California
Tehama,2021-01-21,215,2416,11,911,204,1505,0,0,205,1868,10,273,205,2141,California
Tehama,2021-01-22,223,2639,21,932,202,1707,0,0,220,2085,3,276,220,2361,California
Tehama,2021-01-23,258,2897,7,939,251,1958,0,0,257,2341,1,277,257,2618,California
Tehama,2021-01-24,1,2898,1,940,0,1958,0,0,1,2342,0,277,1,2619,California
Tehama,2021-01-25,32,2930,14,954,18,1976,0,0,14,2338,18,295,14,2633,California
Tehama,2021-01-26,324,3254,42,996,282,2258,0,0,287,2588,37,332,287,2920,California
Tehama,2021-01-27,299,3553,21,1017,278,2536,0,0,279,2847,20,352,279,3199,California
Tehama,2021-01-28,339,3892,29,1046,310,2846,0,0,324,3156,15,367,324,3523,California
Tehama,2021-01-29,321,4213,19,1065,302,3148,0,0,304,3443,17,384,304,3827,California
Tehama,2021-01-30,103,4316,2,1067,101,3249,0,0,102,3544,1,385,102,3929,California
Tehama,2021-01-31,1,4317,0,1067,1,3250,0,0,1,3545,0,385,1,3930,California
Tehama,2021-02-01,78,4395,22,1089,56,3306,0,0,36,3539,42,427,36,3966,California
Tehama,2021-02-02,349,4744,63,1152,286,3592,0,0,252,3694,97,524,252,4218,California
Tehama,2021-02-03,388,5132,12,1164,376,3968,0,0,344,3994,44,568,344,4562,California
Tehama,2021-02-04,482,5614,99,1263,383,4351,0,0,401,4315,81,649,402,4964,California
Tehama,2021-02-05,177,5791,73,1336,104,4455,0,0,115,4368,62,711,115,5079,California
Tehama,2021-02-06,28,5819,13,1349,15,4470,0,0,16,4372,12,723,16,5095,California
Tehama,2021-02-07,5,5824,4,1353,1,4471,0,0,2,4371,3,726,2,5097,California
Tehama,2021-02-08,36,5860,14,1367,22,4493,0,0,27,4389,9,735,27,5124,California
Tehama,2021-02-09,78,5938,34,1401,44,4537,0,0,44,4399,34,769,44,5168,California
Tehama,2021-02-10,233,6171,62,1463,171,4708,0,0,157,4480,76,845,157,5325,California
Tehama,2021-02-11,221,6392,16,1479,205,4913,0,0,82,4425,137,982,82,5407,California
Tehama,2021-02-12,366,6758,65,1544,301,5214,0,0,174,4407,192,1174,174,5581,California
Tehama,2021-02-13,385,7143,13,1557,372,5586,0,0,147,4316,238,1412,147,5728,California
Tehama,2021-02-14,34,7177,1,1558,33,5619,0,0,32,4346,2,1414,32,5760,California
Tehama,2021-02-15,53,7230,10,1568,43,5662,0,0,47,4387,6,1420,47,5807,California
Tehama,2021-02-16,242,7472,16,1584,226,5888,0,0,60,4265,182,1602,60,5867,California
Tehama,2021-02-17,280,7752,12,1596,268,6156,0,0,54,4093,226,1828,54,5921,California
Tehama,2021-02-18,369,8121,32,1628,337,6493,0,0,144,4012,225,2053,144,6065,California
Tehama,2021-02-19,214,8335,18,1646,196,6689,0,0,43,3884,171,2224,43,6108,California
Tehama,2021-02-20,271,8606,6,1652,265,6954,0,0,26,3665,245,2469,26,6134,California
Tehama,2021-02-21,1,8607,1,1653,0,6954,0,0,1,3666,0,2469,1,6135,California
Tehama,2021-02-22,39,8646,15,1668,24,6978,0,0,26,3679,13,2482,26,6161,California
Tehama,2021-02-23,46,8692,19,1687,27,7005,0,0,26,3685,20,2502,26,6187,California
Tehama,2021-02-24,300,8992,13,1700,287,7292,0,0,27,3439,273,2775,27,6214,California
Tehama,2021-02-25,375,9367,60,1760,315,7607,0,0,39,3142,336,3111,39,6253,California
Tehama,2021-02-26,455,9822,19,1779,436,8043,0,0,70,2827,385,3496,70,6323,California
Tehama,2021-02-27,295,10117,5,1784,290,8333,0,0,34,2600,261,3757,34,6357,California
Tehama,2021-02-28,23,10140,2,1786,21,8354,0,0,20,2617,3,3760,20,6377,California
Tehama,2021-03-01,67,10207,8,1794,59,8413,0,0,33,2616,34,3794,33,6410,California
Tehama,2021-03-02,135,10342,18,1812,117,8530,0,0,30,2541,105,3899,30,6440,California
Tehama,2021-03-03,150,10492,33,1845,117,8647,0,0,48,2487,102,4001,48,6488,California
Tehama,2021-03-04,627,11119,36,1881,591,9238,0,0,222,2311,398,4399,222,6710,California
Tehama,2021-03-05,401,11520,19,1900,382,9620,0,0,216,2343,184,4583,216,6926,California
Tehama,2021-03-06,296,11816,14,1914,282,9902,0,0,80,2209,215,4798,81,7007,California
Tehama,2021-03-07,5,11821,1,1915,4,9906,0,0,3,2211,1,4799,3,7010,California
Tehama,2021-03-08,58,11879,12,1927,31,9937,15,15,27,2223,30,4829,42,7052,California
Tehama,2021-03-09,367,12246,9,1936,339,10276,19,34,311,2497,56,4885,330,7382,California
Tehama,2021-03-10,354,12600,14,1950,319,10595,21,55,71,2307,282,5167,92,7474,California
Tehama,2021-03-11,488,13088,17,1967,425,11020,46,101,345,2555,143,5310,391,7865,California
Tehama,2021-03-12,306,13394,19,1986,222,11242,65,166,181,2676,125,5435,246,8111,California
Tehama,2021-03-13,45,13439,8,1994,31,11273,6,172,6,2649,39,5474,12,8123,California
Tehama,2021-03-14,51,13490,3,1997,37,11310,11,183,9,2627,42,5516,20,8143,California
Tehama,2021-03-15,154,13644,21,2018,113,11423,20,203,84,2661,70,5586,104,8247,California
Tehama,2021-03-16,418,14062,14,2032,366,11789,38,241,315,2912,102,5688,353,8600,California
Tehama,2021-03-17,417,14479,22,2054,363,12152,32,273,334,3197,81,5769,366,8966,California
Tehama,2021-03-18,490,14969,26,2080,440,12592,24,297,311,3355,177,5946,335,9301,California
Tehama,2021-03-19,321,15290,23,2103,285,12877,13,310,278,3603,43,5989,291,9592,California
Tehama,2021-03-20,42,15332,9,2112,31,12908,2,312,30,3623,12,6001,32,9624,California
Tehama,2021-03-21,12,15344,5,2117,7,12915,0,312,12,3635,0,6001,12,9636,California
Tehama,2021-03-22,91,15435,7,2124,67,12982,17,329,50,3661,41,6042,67,9703,California
Tehama,2021-03-23,88,15523,27,2151,54,13036,7,336,69,3718,19,6061,76,9779,California
Tehama,2021-03-24,86,15609,16,2167,68,13104,2,338,55,3744,31,6092,57,9836,California
Tehama,2021-03-25,521,16130,355,2522,153,13257,13,351,471,4179,49,6141,484,10320,California
Tehama,2021-03-26,514,16644,403,2925,99,13356,12,363,438,4554,75,6216,450,10770,California
Tehama,2021-03-27,457,17101,361,3286,71,13427,25,388,389,4901,67,6283,414,11184,California
Tehama,2021-03-28,34,17135,13,3299,21,13448,0,388,22,4911,12,6295,22,11206,California
Tehama,2021-03-29,124,17259,31,3330,92,13540,1,389,78,4943,46,6341,78,11284,California
Tehama,2021-03-30,372,17631,222,3552,148,13688,2,391,254,5081,118,6459,256,11540,California
Tehama,2021-03-31,398,18029,296,3848,99,13787,3,394,326,5338,71,6530,328,11868,California
Tehama,2021-04-01,526,18555,246,4094,274,14061,6,400,392,5603,133,6663,398,12266,California
Tehama,2021-04-02,456,19011,215,4309,235,14296,6,406,271,5694,185,6848,276,12542,California
Tehama,2021-04-03,60,19071,3,4312,52,14348,5,411,30,5699,30,6878,35,12577,California
Tehama,2021-04-04,34,19105,6,4318,27,14375,1,412,22,5710,12,6890,23,12600,California
Tehama,2021-04-05,116,19221,21,4339,69,14444,26,438,61,5742,55,6945,87,12687,California
Tehama,2021-04-06,495,19716,110,4449,333,14777,52,490,141,5581,354,7299,193,12880,California
Tehama,2021-04-07,418,20134,282,4731,92,14869,44,534,303,5813,114,7413,346,13226,California
Tehama,2021-04-08,602,20736,174,4905,390,15259,38,572,230,5710,371,7784,268,13494,California
Tehama,2021-04-09,432,21168,193,5098,206,15465,33,605,215,5742,216,8000,248,13742,California
Tehama,2021-04-10,72,21240,9,5107,37,15502,26,631,39,5774,33,8033,65,13807,California
Tehama,2021-04-11,33,21273,7,5114,15,15517,11,642,8,5768,25,8058,19,13826,California
Tehama,2021-04-12,112,21385,6,5120,87,15604,19,661,40,5755,72,8130,59,13885,California
Tehama,2021-04-13,388,21773,64,5184,324,15928,0,661,67,5501,321,8451,67,13952,California
Tehama,2021-04-14,407,22180,52,5236,355,16283,0,661,53,5202,352,8803,53,14005,California
Tehama,2021-04-15,497,22677,192,5428,305,16588,0,661,84,4873,413,9216,84,14089,California
Tehama,2021-04-16,590,23267,338,5766,252,16840,0,661,74,4431,516,9732,74,14163,California
Tehama,2021-04-17,348,23615,268,6034,80,16920,0,661,41,4167,306,10038,42,14205,California
Tehama,2021-04-18,17,23632,3,6037,14,16934,0,661,13,4176,4,10042,13,14218,California
Tehama,2021-04-19,93,23725,7,6044,86,17020,0,661,39,4161,54,10096,39,14257,California
Tehama,2021-04-20,504,24229,414,6458,90,17110,0,661,148,3957,354,10450,150,14407,California
Tehama,2021-04-21,518,24747,445,6903,73,17183,0,661,167,3774,350,10800,167,14574,California
Tehama,2021-04-22,515,25262,364,7267,151,17334,0,661,149,3559,364,11164,149,14723,California
Tehama,2021-04-23,445,25707,346,7613,99,17433,0,661,198,3511,247,11411,199,14922,California
Tehama,2021-04-24,103,25810,17,7630,86,17519,0,661,27,3462,76,11487,27,14949,California
Tehama,2021-04-25,28,25838,17,7647,11,17530,0,661,10,3454,18,11505,10,14959,California
Tehama,2021-04-26,73,25911,9,7656,64,17594,0,661,41,3463,32,11537,41,15000,California
Tehama,2021-04-27,252,26163,206,7862,46,17640,0,661,93,3397,159,11696,93,15093,California
Tehama,2021-04-28,395,26558,318,8180,60,17700,17,678,65,3149,330,12026,82,15175,California
Tehama,2021-04-29,352,26910,171,8351,175,17875,6,684,68,2940,283,12309,74,15249,California
Tehama,2021-04-30,325,27235,241,8592,78,17953,6,690,112,2845,213,12522,118,15367,California
Tehama,2021-05-01,72,27307,4,8596,65,18018,3,693,14,2804,58,12580,17,15384,California
Tehama,2021-05-02,47,27354,24,8620,11,18029,12,705,27,2823,20,12600,39,15423,California
Tehama,2021-05-03,117,27471,41,8661,68,18097,8,713,62,2838,55,12655,70,15493,California
Tehama,2021-05-04,157,27628,55,8716,95,18192,7,720,67,2822,90,12745,74,15567,California
Tehama,2021-05-05,86,27714,21,8737,55,18247,10,730,38,2822,48,12793,48,15615,California
Tehama,2021-05-06,162,27876,90,8827,57,18304,15,745,98,2871,64,12857,113,15728,California
Tehama,2021-05-07,171,28047,71,8898,89,18393,11,756,48,2809,121,12978,59,15787,California
Tehama,2021-05-08,49,28096,6,8904,42,18435,1,757,13,2787,36,13014,14,15801,California
Tehama,2021-05-09,15,28111,3,8907,12,18447,0,757,6,2784,9,13023,6,15807,California
Tehama,2021-05-10,77,28188,7,8914,64,18511,6,763,36,2786,40,13063,42,15849,California
Tehama,2021-05-11,162,28350,115,9029,36,18547,11,774,31,2697,131,13194,42,15891,California
Tehama,2021-05-12,202,28552,134,9163,58,18605,10,784,42,2590,159,13353,52,15943,California
Tehama,2021-05-13,231,28783,159,9322,64,18669,8,792,102,2572,128,13481,110,16053,California
Tehama,2021-05-14,240,29023,128,9450,91,18760,21,813,56,2466,183,13664,77,16130,California
Tehama,2021-05-15,223,29246,132,9582,56,18816,35,848,160,2599,62,13726,195,16325,California
Tehama,2021-05-16,26,29272,6,9588,17,18833,3,851,14,2604,12,13738,17,16342,California
Tehama,2021-05-17,110,29382,29,9617,66,18899,15,866,53,2616,56,13794,68,16410,California
Tehama,2021-05-18,148,29530,76,9693,57,18956,15,881,45,2575,101,13895,60,16470,California
Tehama,2021-05-19,123,29653,52,9745,61,19017,10,891,42,2546,81,13976,52,16522,California
Tehama,2021-05-20,299,29952,217,9962,59,19076,23,914,209,2688,90,14066,232,16754,California
Tehama,2021-05-21,195,30147,94,10056,91,19167,10,924,69,2643,124,14190,79,16833,California
Tehama,2021-05-22,57,30204,31,10087,22,19189,4,928,35,2660,22,14212,39,16872,California
Tehama,2021-05-23,33,30237,17,10104,7,19196,9,937,6,2648,27,14239,15,16887,California
Trinity,2020-12-17,4,4,4,4,0,0,0,0,4,4,0,0,4,4,California
Trinity,2020-12-18,2,6,2,6,0,0,0,0,2,6,0,0,2,6,California
Trinity,2020-12-21,39,45,39,45,0,0,0,0,39,45,0,0,39,45,California
Trinity,2020-12-22,5,50,5,50,0,0,0,0,5,50,0,0,5,50,California
Trinity,2020-12-23,5,55,5,55,0,0,0,0,5,55,0,0,5,55,California
Trinity,2020-12-28,30,85,30,85,0,0,0,0,30,85,0,0,30,85,California
Trinity,2020-12-29,8,93,7,92,1,1,0,0,8,93,0,0,8,93,California
Trinity,2020-12-30,10,103,8,100,2,3,0,0,10,103,0,0,10,103,California
Trinity,2020-12-31,2,105,1,101,1,4,0,0,2,105,0,0,2,105,California
Trinity,2021-01-04,28,133,0,101,28,32,0,0,26,131,0,0,26,131,California
Trinity,2021-01-05,3,136,1,102,2,34,0,0,3,134,0,0,3,134,California
Trinity,2021-01-06,24,160,4,106,20,54,0,0,20,150,4,4,20,154,California
Trinity,2021-01-08,49,209,2,108,47,101,0,0,48,196,2,6,48,202,California
Trinity,2021-01-11,42,251,39,147,3,104,0,0,4,162,38,44,4,206,California
Trinity,2021-01-12,8,259,6,153,2,106,0,0,3,160,5,49,3,209,California
Trinity,2021-01-13,7,266,4,157,3,109,0,0,4,161,3,52,4,213,California
Trinity,2021-01-14,4,270,1,158,3,112,0,0,4,165,0,52,4,217,California
Trinity,2021-01-15,4,274,0,158,4,116,0,0,4,169,0,52,4,221,California
Trinity,2021-01-16,4,278,0,158,4,120,0,0,4,173,0,52,4,225,California
Trinity,2021-01-18,31,309,31,189,0,120,0,0,1,144,30,82,1,226,California
Trinity,2021-01-19,34,343,14,203,20,140,0,0,20,150,14,96,20,246,California
Trinity,2021-01-20,19,362,3,206,16,156,0,0,17,165,2,98,17,263,California
Trinity,2021-01-21,17,379,7,213,10,166,0,0,17,182,0,98,17,280,California
Trinity,2021-01-22,5,384,1,214,4,170,0,0,5,187,0,98,5,285,California
Trinity,2021-01-23,7,391,3,217,4,174,0,0,7,194,0,98,7,292,California
Trinity,2021-01-25,14,405,1,218,13,187,0,0,13,206,1,99,13,305,California
Trinity,2021-01-26,10,415,1,219,9,196,0,0,9,214,1,100,9,314,California
Trinity,2021-01-27,12,427,0,219,12,208,0,0,12,226,0,100,12,326,California
Trinity,2021-01-28,13,440,3,222,10,218,0,0,10,233,3,103,10,336,California
Trinity,2021-01-29,2,442,0,222,2,220,0,0,1,233,1,104,1,337,California
Trinity,2021-01-30,12,454,11,233,1,221,0,0,12,245,0,104,12,349,California
Trinity,2021-02-01,2,456,1,234,1,222,0,0,1,245,1,105,1,350,California
Trinity,2021-02-02,15,471,3,237,12,234,0,0,14,258,1,106,14,364,California
Trinity,2021-02-03,6,477,1,238,5,239,0,0,3,258,3,109,3,367,California
Trinity,2021-02-04,42,519,32,270,10,249,0,0,35,286,7,116,35,402,California
Trinity,2021-02-05,350,869,0,270,350,599,0,0,320,576,30,146,320,722,California
Trinity,2021-02-06,210,1079,5,275,205,804,0,0,203,772,7,153,203,925,California
Trinity,2021-02-07,1,1080,0,275,1,805,0,0,1,773,0,153,1,926,California
Trinity,2021-02-08,25,1105,0,275,25,830,0,0,15,778,10,163,15,941,California
Trinity,2021-02-09,27,1132,2,277,25,855,0,0,11,773,16,179,11,952,California
Trinity,2021-02-10,122,1254,10,287,112,967,0,0,102,855,20,199,102,1054,California
Trinity,2021-02-11,338,1592,2,289,336,1303,0,0,331,1179,7,206,331,1385,California
Trinity,2021-02-12,16,1608,8,297,8,1311,0,0,12,1187,4,210,12,1397,California
Trinity,2021-02-13,12,1620,5,302,7,1318,0,0,5,1185,7,217,5,1402,California
Trinity,2021-02-14,2,1622,2,304,0,1318,0,0,2,1187,0,217,2,1404,California
Trinity,2021-02-15,47,1669,0,304,47,1365,0,0,47,1234,0,217,47,1451,California
Trinity,2021-02-16,4,1673,1,305,3,1368,0,0,2,1234,2,219,2,1453,California
Trinity,2021-02-17,94,1767,2,307,92,1460,0,0,84,1308,10,229,84,1537,California
Trinity,2021-02-18,4,1771,0,307,4,1464,0,0,1,1306,3,232,1,1538,California
Trinity,2021-02-19,305,2076,2,309,303,1767,0,0,291,1583,14,246,291,1829,California
Trinity,2021-02-20,141,2217,14,323,127,1894,0,0,113,1668,28,274,113,1942,California
Trinity,2021-02-21,1,2218,1,324,0,1894,0,0,1,1669,0,274,1,1943,California
Trinity,2021-02-22,8,2226,0,324,8,1902,0,0,5,1671,3,277,5,1948,California
Trinity,2021-02-23,11,2237,4,328,7,1909,0,0,6,1672,5,282,6,1954,California
Trinity,2021-02-24,30,2267,8,336,22,1931,0,0,7,1656,23,305,7,1961,California
Trinity,2021-02-25,36,2303,23,359,13,1944,0,0,5,1630,31,336,5,1966,California
Trinity,2021-02-26,11,2314,1,360,10,1954,0,0,5,1629,6,342,5,1971,California
Trinity,2021-02-27,9,2323,7,367,2,1956,0,0,4,1628,5,347,4,1975,California
Trinity,2021-03-01,9,2332,0,367,9,1965,0,0,5,1629,4,351,5,1980,California
Trinity,2021-03-02,9,2341,3,370,6,1971,0,0,2,1624,7,358,2,1982,California
Trinity,2021-03-03,5,2346,0,370,5,1976,0,0,4,1627,1,359,4,1986,California
Trinity,2021-03-04,24,2370,19,389,5,1981,0,0,12,1627,12,371,12,1998,California
Trinity,2021-03-05,388,2758,1,390,387,2368,0,0,121,1485,263,634,121,2119,California
Trinity,2021-03-06,202,2960,7,397,195,2563,0,0,27,1337,175,809,27,2146,California
Trinity,2021-03-07,4,2964,3,400,1,2564,0,0,3,1339,1,810,3,2149,California
Trinity,2021-03-08,3,2967,0,400,2,2566,1,1,1,1339,2,812,2,2151,California
Trinity,2021-03-09,94,3061,0,400,92,2658,2,3,89,1425,5,817,91,2242,California
Trinity,2021-03-10,126,3187,3,403,120,2778,3,6,38,1378,88,905,41,2283,California
Trinity,2021-03-11,16,3203,4,407,10,2788,2,8,5,1374,11,916,7,2290,California
Trinity,2021-03-12,397,3600,5,412,386,3174,6,14,96,1175,301,1217,102,2392,California
Trinity,2021-03-13,13,3613,8,420,3,3177,2,16,8,1180,5,1222,10,2402,California
Trinity,2021-03-14,3,3616,1,421,2,3179,0,16,2,1181,1,1223,2,2404,California
Trinity,2021-03-15,67,3683,0,421,66,3245,1,17,14,1143,53,1276,15,2419,California
Trinity,2021-03-16,115,3798,7,428,108,3353,0,17,102,1232,13,1289,102,2521,California
Trinity,2021-03-17,100,3898,3,431,97,3450,0,17,26,1184,74,1363,26,2547,California
Trinity,2021-03-18,10,3908,2,433,5,3455,3,20,5,1187,5,1368,8,2555,California
Trinity,2021-03-19,459,4367,4,437,345,3800,110,130,36,910,423,1791,146,2701,California
Trinity,2021-03-20,105,4472,7,444,98,3898,0,130,70,946,34,1825,70,2771,California
Trinity,2021-03-21,4,4476,0,444,3,3901,1,131,3,949,1,1826,4,2775,California
Trinity,2021-03-22,2,4478,0,444,2,3903,0,131,2,951,0,1826,2,2777,California
Trinity,2021-03-23,96,4574,2,446,94,3997,0,131,78,1011,18,1844,78,2855,California
Trinity,2021-03-24,12,4586,1,447,11,4008,0,131,9,1017,3,1847,9,2864,California
Trinity,2021-03-25,110,4696,8,455,96,4104,6,137,84,1081,26,1873,90,2954,California
Trinity,2021-03-26,85,4781,8,463,77,4181,0,137,78,1152,7,1880,78,3032,California
Trinity,2021-03-27,20,4801,4,467,7,4188,9,146,9,1159,11,1891,18,3050,California
Trinity,2021-03-28,5,4806,3,470,2,4190,0,146,1,1156,4,1895,1,3051,California
Trinity,2021-03-29,6,4812,0,470,5,4195,1,147,2,1155,4,1899,3,3054,California
Trinity,2021-03-30,77,4889,5,475,72,4267,0,147,67,1212,10,1909,67,3121,California
Trinity,2021-03-31,56,4945,5,480,19,4286,32,179,21,1229,35,1944,52,3173,California
Trinity,2021-04-01,41,4986,11,491,19,4305,11,190,21,1241,20,1964,32,3205,California
Trinity,2021-04-02,247,5233,5,496,168,4473,74,264,75,1219,171,2135,149,3354,California
Trinity,2021-04-03,17,5250,12,508,5,4478,0,264,7,1216,10,2145,7,3361,California
Trinity,2021-04-04,10,5260,8,516,2,4480,0,264,8,1222,2,2147,8,3369,California
Trinity,2021-04-05,59,5319,6,522,52,4532,1,265,55,1274,4,2151,56,3425,California
Trinity,2021-04-06,116,5435,15,537,98,4630,3,268,28,1217,88,2239,31,3456,California
Trinity,2021-04-07,24,5459,12,549,7,4637,5,273,16,1230,8,2247,21,3477,California
Trinity,2021-04-08,87,5546,10,559,75,4712,2,275,50,1245,37,2284,52,3529,California
Trinity,2021-04-09,168,5714,20,579,144,4856,4,279,90,1261,78,2362,94,3623,California
Trinity,2021-04-10,11,5725,7,586,4,4860,0,279,10,1270,1,2363,10,3633,California
Trinity,2021-04-11,9,5734,5,591,2,4862,2,281,4,1271,5,2368,6,3639,California
Trinity,2021-04-12,77,5811,5,596,71,4933,1,282,64,1323,12,2380,64,3703,California
Trinity,2021-04-13,97,5908,5,601,92,5025,0,282,9,1244,88,2468,9,3712,California
Trinity,2021-04-14,10,5918,5,606,5,5030,0,282,6,1246,4,2472,6,3718,California
Trinity,2021-04-15,43,5961,10,616,33,5063,0,282,14,1231,29,2501,14,3732,California
Trinity,2021-04-16,146,6107,13,629,133,5196,0,282,73,1232,72,2573,73,3805,California
Trinity,2021-04-17,11,6118,5,634,6,5202,0,282,9,1239,2,2575,9,3814,California
Trinity,2021-04-18,3,6121,1,635,2,5204,0,282,0,1236,3,2578,0,3814,California
Trinity,2021-04-19,69,6190,2,637,67,5271,0,282,68,1303,1,2579,68,3882,California
Trinity,2021-04-20,92,6282,8,645,84,5355,0,282,20,1251,72,2651,20,3902,California
Trinity,2021-04-21,22,6304,9,654,13,5368,0,282,9,1247,13,2664,9,3911,California
Trinity,2021-04-22,91,6395,5,659,86,5454,0,282,14,1184,77,2741,14,3925,California
Trinity,2021-04-23,182,6577,6,665,176,5630,0,282,113,1228,69,2810,113,4038,California
Trinity,2021-04-24,23,6600,13,678,10,5640,0,282,6,1217,17,2827,6,4044,California
Trinity,2021-04-25,10,6610,9,687,1,5641,0,282,3,1214,6,2833,3,4047,California
Trinity,2021-04-26,45,6655,6,693,39,5680,0,282,40,1249,5,2838,40,4087,California
Trinity,2021-04-27,85,6740,7,700,78,5758,0,282,22,1208,63,2901,22,4109,California
Trinity,2021-04-28,33,6773,11,711,22,5780,0,282,12,1199,21,2922,12,4121,California
Trinity,2021-04-29,34,6807,13,724,21,5801,0,282,12,1189,22,2944,12,4133,California
Trinity,2021-04-30,27,6834,21,745,6,5807,0,282,8,1179,18,2962,8,4141,California
Trinity,2021-05-01,14,6848,8,753,1,5808,5,287,4,1178,10,2972,9,4150,California
Trinity,2021-05-02,8,6856,5,758,1,5809,2,289,2,1176,6,2978,4,4154,California
Trinity,2021-05-03,58,6914,13,771,44,5853,1,290,9,1138,48,3026,10,4164,California
Trinity,2021-05-04,23,6937,11,782,11,5864,1,291,8,1132,15,3041,9,4173,California
Trinity,2021-05-05,10,6947,6,788,4,5868,0,291,3,1128,7,3048,3,4176,California
Trinity,2021-05-06,72,7019,10,798,60,5928,2,293,15,1088,57,3105,17,4193,California
Trinity,2021-05-07,175,7194,12,810,129,6057,34,327,14,975,161,3266,48,4241,California
Trinity,2021-05-08,6,7200,2,812,4,6061,0,327,2,973,4,3270,2,4243,California
Trinity,2021-05-09,11,7211,8,820,3,6064,0,327,7,976,4,3274,7,4250,California
Trinity,2021-05-10,15,7226,5,825,9,6073,1,328,8,978,7,3281,9,4259,California
Trinity,2021-05-11,7,7233,3,828,4,6077,0,328,5,981,2,3283,5,4264,California
Trinity,2021-05-12,17,7250,14,842,2,6079,1,329,13,991,4,3287,14,4278,California
Trinity,2021-05-13,10,7260,7,849,2,6081,1,330,7,996,3,3290,8,4286,California
Trinity,2021-05-14,129,7389,19,868,82,6163,28,358,37,969,92,3382,65,4351,California
Trinity,2021-05-15,13,7402,9,877,3,6166,1,359,7,971,6,3388,8,4359,California
Trinity,2021-05-16,7,7409,6,883,1,6167,0,359,5,974,2,3390,5,4364,California
Trinity,2021-05-17,108,7517,20,903,86,6253,2,361,42,952,66,3456,44,4408,California
Trinity,2021-05-18,37,7554,7,910,29,6282,1,362,11,938,26,3482,12,4420,California
Trinity,2021-05-19,143,7697,16,926,98,6380,29,391,28,881,114,3596,57,4477,California
Trinity,2021-05-20,12,7709,6,932,3,6383,3,394,6,884,6,3602,9,4486,California
Trinity,2021-05-21,6,7715,1,933,5,6388,0,394,3,884,3,3605,3,4489,California
Trinity,2021-05-22,2,7717,1,934,1,6389,0,394,1,884,1,3606,1,4490,California
Trinity,2021-05-23,2,7719,2,936,0,6389,0,394,0,882,2,3608,0,4490,California
Tulare,2020-12-15,1,1,1,1,0,0,0,0,1,1,0,0,1,1,California
Tulare,2020-12-16,4,5,4,5,0,0,0,0,4,5,0,0,4,5,California
Tulare,2020-12-17,109,114,109,114,0,0,0,0,109,114,0,0,109,114,California
Tulare,2020-12-18,290,404,289,403,1,1,0,0,290,404,0,0,290,404,California
Tulare,2020-12-19,327,731,327,730,0,1,0,0,327,731,0,0,327,731,California
Tulare,2020-12-20,167,898,166,896,1,2,0,0,167,898,0,0,167,898,California
Tulare,2020-12-21,422,1320,422,1318,0,2,0,0,442,1340,0,0,442,1340,California
Tulare,2020-12-22,469,1789,467,1785,2,4,0,0,468,1808,0,0,468,1808,California
Tulare,2020-12-23,327,2116,319,2104,8,12,0,0,325,2133,0,0,325,2133,California
Tulare,2020-12-24,18,2134,16,2120,2,14,0,0,18,2151,0,0,18,2151,California
Tulare,2020-12-26,8,2142,7,2127,1,15,0,0,8,2159,0,0,8,2159,California
Tulare,2020-12-27,16,2158,12,2139,4,19,0,0,16,2175,0,0,16,2175,California
Tulare,2020-12-28,478,2636,466,2605,12,31,0,0,477,2652,0,0,477,2652,California
Tulare,2020-12-29,548,3184,478,3083,70,101,0,0,548,3200,0,0,548,3200,California
Tulare,2020-12-30,465,3649,425,3508,40,141,0,0,465,3665,0,0,465,3665,California
Tulare,2020-12-31,95,3744,22,3530,73,214,0,0,95,3760,0,0,95,3760,California
Tulare,2021-01-01,2,3746,1,3531,1,215,0,0,2,3762,0,0,2,3762,California
Tulare,2021-01-02,30,3776,17,3548,13,228,0,0,30,3792,0,0,30,3792,California
Tulare,2021-01-03,23,3799,9,3557,14,242,0,0,23,3815,0,0,23,3815,California
Tulare,2021-01-04,91,3890,15,3572,76,318,0,0,91,3906,0,0,91,3906,California
Tulare,2021-01-05,462,4352,278,3850,184,502,0,0,460,4364,2,2,460,4366,California
Tulare,2021-01-06,863,5215,633,4483,230,732,0,0,853,5207,10,12,853,5219,California
Tulare,2021-01-07,782,5997,583,5066,199,931,0,0,675,5775,107,119,675,5894,California
Tulare,2021-01-08,1266,7263,574,5640,692,1623,0,0,928,6366,337,456,928,6822,California
Tulare,2021-01-09,741,8004,203,5843,538,2161,0,0,554,6733,187,643,554,7376,California
Tulare,2021-01-10,50,8054,44,5887,6,2167,0,0,11,6705,39,682,11,7387,California
Tulare,2021-01-11,1272,9326,769,6656,503,2670,0,0,836,7105,436,1118,836,8223,California
Tulare,2021-01-12,1415,10741,501,7157,914,3584,0,0,1006,7704,408,1526,1007,9230,California
Tulare,2021-01-13,428,11169,199,7356,229,3813,0,0,353,7982,75,1601,353,9583,California
Tulare,2021-01-14,491,11660,141,7497,350,4163,0,0,465,8432,15,1616,465,10048,California
Tulare,2021-01-15,1622,13282,154,7651,1468,5631,0,0,1613,10036,9,1625,1613,11661,California
Tulare,2021-01-16,1899,15181,112,7763,1787,7418,0,0,1885,11907,14,1639,1885,13546,California
Tulare,2021-01-17,141,15322,122,7885,19,7437,0,0,131,12028,10,1649,131,13677,California
Tulare,2021-01-18,694,16016,661,8546,33,7470,0,0,297,11928,397,2046,297,13974,California
Tulare,2021-01-19,1011,17027,688,9234,323,7793,0,0,584,12085,427,2473,584,14558,California
Tulare,2021-01-20,2425,19452,612,9846,1813,9606,0,0,2013,13712,386,2859,2013,16571,California
Tulare,2021-01-21,1549,21001,182,10028,1367,10973,0,0,1523,15214,21,2880,1523,18094,California
Tulare,2021-01-22,1058,22059,189,10217,869,11842,0,0,1033,16223,24,2904,1033,19127,California
Tulare,2021-01-23,437,22496,155,10372,282,12124,0,0,417,16620,20,2924,417,19544,California
Tulare,2021-01-24,30,22526,27,10399,3,12127,0,0,28,16646,2,2926,28,19572,California
Tulare,2021-01-25,1335,23861,981,11380,354,12481,0,0,1297,17905,38,2964,1297,20869,California
Tulare,2021-01-26,1495,25356,1097,12477,398,12879,0,0,1169,18749,325,3289,1169,22038,California
Tulare,2021-01-27,1499,26855,1070,13547,429,13308,0,0,921,19093,577,3866,921,22959,California
Tulare,2021-01-28,1214,28069,777,14324,437,13745,0,0,818,19515,396,4262,818,23777,California
Tulare,2021-01-29,1129,29198,719,15043,410,14155,0,0,820,20026,309,4571,820,24597,California
Tulare,2021-01-30,1675,30873,1581,16624,94,14249,0,0,1651,21654,24,4595,1652,26249,California
Tulare,2021-01-31,67,30940,62,16686,5,14254,0,0,64,21715,3,4598,64,26313,California
Tulare,2021-02-01,1185,32125,915,17601,270,14524,0,0,829,22189,355,4953,829,27142,California
Tulare,2021-02-02,696,32821,347,17948,349,14873,0,0,455,22406,239,5192,456,27598,California
Tulare,2021-02-03,566,33387,240,18188,326,15199,0,0,325,22510,221,5413,325,27923,California
Tulare,2021-02-04,556,33943,169,18357,387,15586,0,0,267,22490,288,5701,268,28191,California
Tulare,2021-02-05,1237,35180,238,18595,999,16585,0,0,416,22087,819,6520,416,28607,California
Tulare,2021-02-06,832,36012,156,18751,676,17261,0,0,265,21787,565,7085,265,28872,California
Tulare,2021-02-07,83,36095,71,18822,12,17273,0,0,23,21750,60,7145,23,28895,California
Tulare,2021-02-08,941,37036,325,19147,616,17889,0,0,241,21293,698,7843,241,29136,California
Tulare,2021-02-09,1415,38451,335,19482,1080,18969,0,0,369,20621,1041,8884,369,29505,California
Tulare,2021-02-10,2472,40923,1986,21468,486,19455,0,0,2071,22292,400,9284,2071,31576,California
Tulare,2021-02-11,1325,42248,377,21845,948,20403,0,0,906,22779,419,9703,906,32482,California
Tulare,2021-02-12,2784,45032,575,22420,2209,22612,0,0,1212,22426,1565,11268,1212,33694,California
Tulare,2021-02-13,2479,47511,157,22577,2322,24934,0,0,665,21281,1810,13078,665,34359,California
Tulare,2021-02-14,337,47848,40,22617,297,25231,0,0,300,21544,37,13115,300,34659,California
Tulare,2021-02-15,920,48768,294,22911,626,25857,0,0,663,21951,256,13371,663,35322,California
Tulare,2021-02-16,2832,51600,1593,24504,1239,27096,0,0,1079,21278,1752,15123,1079,36401,California
Tulare,2021-02-17,2698,54298,511,25015,2187,29283,0,0,461,19508,2231,17354,461,36862,California
Tulare,2021-02-18,2310,56608,456,25471,1854,31137,0,0,629,18464,1673,19027,629,37491,California
Tulare,2021-02-19,2311,58919,871,26342,1440,32577,0,0,954,18062,1356,20383,954,38445,California
Tulare,2021-02-20,2979,61898,1881,28223,1098,33675,0,0,1257,17602,1717,22100,1257,39702,California
Tulare,2021-02-21,94,61992,90,28313,4,33679,0,0,48,17605,45,22145,48,39750,California
Tulare,2021-02-22,1105,63097,699,29012,406,34085,0,0,210,16921,894,23039,210,39960,California
Tulare,2021-02-23,1959,65056,949,29961,1010,35095,0,0,1466,17895,492,23531,1466,41426,California
Tulare,2021-02-24,2483,67539,1548,31509,935,36030,0,0,2108,19630,374,23905,2109,43535,California
Tulare,2021-02-25,3508,71047,1978,33487,1530,37560,0,0,3092,22310,412,24317,3092,46627,California
Tulare,2021-02-26,3853,74900,1887,35374,1966,39526,0,0,3386,25232,465,24782,3387,50014,California
Tulare,2021-02-27,2998,77898,1490,36864,1508,41034,0,0,2865,27976,121,24903,2865,52879,California
Tulare,2021-02-28,1308,79206,1036,37900,272,41306,0,0,1288,29247,17,24920,1288,54167,California
Tulare,2021-03-01,1768,80974,798,38698,970,42276,0,0,1582,30645,184,25104,1582,55749,California
Tulare,2021-03-02,2769,83743,1267,39965,1502,43778,0,0,2595,33069,172,25276,2596,58345,California
Tulare,2021-03-03,3953,87696,2618,42583,1335,45113,0,0,2005,33131,1945,27221,2007,60352,California
Tulare,2021-03-04,2942,90638,1332,43915,1610,46723,0,0,2619,35430,320,27541,2619,62971,California
Tulare,2021-03-05,3429,94067,1760,45675,1654,48377,15,15,2920,37861,506,28047,2937,65908,California
Tulare,2021-03-06,3083,97150,1440,47115,1584,49961,59,74,2835,40508,245,28292,2892,68800,California
Tulare,2021-03-07,1137,98287,703,47818,413,50374,21,95,1096,41585,40,28332,1117,69917,California
Tulare,2021-03-08,1712,99999,1007,48825,536,50910,169,264,1390,42826,317,28649,1558,71475,California
Tulare,2021-03-09,3255,103254,2246,51071,862,51772,147,411,2847,45412,407,29056,2993,74468,California
Tulare,2021-03-10,2829,106083,1398,52469,1256,53028,175,586,2430,47625,390,29446,2603,77071,California
Tulare,2021-03-11,4167,110250,1979,54448,1887,54915,301,887,3230,50219,937,30383,3531,80602,California
Tulare,2021-03-12,4401,114651,2432,56880,1620,56535,349,1236,3128,52433,1265,31648,3479,84081,California
Tulare,2021-03-13,4134,118785,1942,58822,2087,58622,105,1341,3191,54792,937,32585,3296,87377,California
Tulare,2021-03-14,1859,120644,985,59807,655,59277,219,1560,1334,55818,524,33109,1550,88927,California
Tulare,2021-03-15,2746,123390,1627,61434,1004,60281,115,1675,1972,57134,772,33881,2088,91015,California
Tulare,2021-03-16,3436,126826,2124,63558,1234,61515,78,1753,1879,57541,1553,35434,1960,92975,California
Tulare,2021-03-17,4048,130874,2636,66194,1335,62850,77,1830,2306,58195,1736,37170,2390,95365,California
Tulare,2021-03-18,4633,135507,3380,69574,1181,64031,72,1902,2458,58559,2168,39338,2532,97897,California
Tulare,2021-03-19,5097,140604,3352,72926,1550,65581,195,2097,2730,59138,2348,41686,2927,100824,California
Tulare,2021-03-20,4479,145083,2786,75712,1321,66902,372,2469,2060,59162,2411,44097,2435,103259,California
Tulare,2021-03-21,1996,147079,1706,77418,264,67166,26,2495,1055,59305,937,45034,1080,104339,California
Tulare,2021-03-22,2564,149643,1775,79193,677,67843,112,2607,1693,60247,865,45899,1807,106146,California
Tulare,2021-03-23,3756,153399,2157,81350,1547,69390,52,2659,2062,60683,1684,47583,2120,108266,California
Tulare,2021-03-24,3204,156603,1989,83339,1173,70563,42,2701,1811,61151,1385,48968,1853,110119,California
Tulare,2021-03-25,3479,160082,1813,85152,1494,72057,172,2873,1691,61235,1781,50749,1865,111984,California
Tulare,2021-03-26,5252,165334,3135,88287,2008,74065,109,2982,2545,61201,2689,53438,2655,114639,California
Tulare,2021-03-27,3537,168871,1814,90101,1625,75690,98,3080,990,59749,2539,55977,1087,115726,California
Tulare,2021-03-28,1462,170333,1057,91158,374,76064,31,3111,675,59676,785,56762,712,116438,California
Tulare,2021-03-29,2894,173227,1675,92833,1107,77171,112,3223,1228,59357,1661,58423,1342,117780,California
Tulare,2021-03-30,4830,178057,2785,95618,1815,78986,230,3453,1531,57824,3290,61713,1757,119537,California
Tulare,2021-03-31,3950,182007,2339,97957,1498,80484,113,3566,1578,57153,2364,64077,1693,121230,California
Tulare,2021-04-01,4518,186525,2451,100408,2000,82484,67,3633,1560,55833,2948,67025,1628,122858,California
Tulare,2021-04-02,5327,191852,3052,103460,2157,84641,118,3751,1574,53790,3737,70762,1694,124552,California
Tulare,2021-04-03,3624,195476,2096,105556,1157,85798,371,4122,835,52244,2751,73513,1205,125757,California
Tulare,2021-04-04,1633,197109,1146,106702,480,86278,7,4129,359,51340,1270,74783,366,126123,California
Tulare,2021-04-05,3336,200445,2339,109041,730,87008,267,4396,847,49979,2477,77260,1116,127239,California
Tulare,2021-04-06,3420,203865,1468,110509,1459,88467,493,4889,918,48898,2495,79755,1414,128653,California
Tulare,2021-04-07,3855,207720,1818,112327,1607,90074,430,5319,1277,48030,2569,82324,1701,130354,California
Tulare,2021-04-08,4714,212434,2592,114919,1665,91739,457,5776,1505,46791,3197,85521,1958,132312,California
Tulare,2021-04-09,4777,217211,2944,117863,1403,93142,430,6206,1804,46061,2965,88486,2235,134547,California
Tulare,2021-04-10,3807,221018,2058,119921,1432,94574,317,6523,924,44425,2875,91361,1239,135786,California
Tulare,2021-04-11,1573,222591,1036,120957,466,95040,71,6594,482,43890,1088,92449,553,136339,California
Tulare,2021-04-12,3361,225952,2105,123062,663,95703,593,7187,1050,43231,2303,94752,1644,137983,California
Tulare,2021-04-13,2412,228364,1586,124648,816,96519,10,7197,901,42644,1500,96252,913,138896,California
Tulare,2021-04-14,2846,231210,1681,126329,1165,97684,0,7197,908,41617,1935,98187,908,139804,California
Tulare,2021-04-15,3270,234480,2131,128460,1139,98823,0,7197,1467,41292,1792,99979,1467,141271,California
Tulare,2021-04-16,3651,238131,2216,130676,1435,100258,0,7197,1478,40607,2163,102142,1478,142749,California
Tulare,2021-04-17,2210,240341,1297,131973,913,101171,0,7197,1175,40753,1030,103172,1176,143925,California
Tulare,2021-04-18,1521,241862,1190,133163,331,101502,0,7197,814,40861,706,103878,814,144739,California
Tulare,2021-04-19,2119,243981,1220,134383,897,102399,2,7199,895,40538,1220,105098,897,145636,California
Tulare,2021-04-20,2339,246320,1313,135696,1026,103425,0,7199,995,40202,1331,106429,995,146631,California
Tulare,2021-04-21,2204,248524,1325,137021,879,104304,0,7199,806,39650,1359,107788,807,147438,California
Tulare,2021-04-22,2103,250627,1171,138192,932,105236,0,7199,724,39015,1359,109147,724,148162,California
Tulare,2021-04-23,2575,253202,1579,139771,995,106231,1,7200,1016,38483,1548,110695,1016,149178,California
Tulare,2021-04-24,1636,254838,1051,140822,583,106814,2,7202,848,38550,783,111478,850,150028,California
Tulare,2021-04-25,693,255531,520,141342,173,106987,0,7202,264,38385,429,111907,264,150292,California
Tulare,2021-04-26,1463,256994,874,142216,570,107557,19,7221,611,38169,844,112751,628,150920,California
Tulare,2021-04-27,1593,258587,633,142849,924,108481,36,7257,671,37957,918,113669,706,151626,California
Tulare,2021-04-28,1701,260288,970,143819,690,109171,41,7298,667,37636,1029,114698,708,152334,California
Tulare,2021-04-29,1989,262277,1193,145012,759,109930,37,7335,768,37228,1211,115909,803,153137,California
Tulare,2021-04-30,2428,264705,1768,146780,610,110540,50,7385,892,36640,1529,117438,941,154078,California
Tulare,2021-05-01,1407,266112,1209,147989,186,110726,12,7397,720,36692,680,118118,732,154810,California
Tulare,2021-05-02,584,266696,496,148485,72,110798,16,7413,188,36503,393,118511,204,155014,California
Tulare,2021-05-03,1608,268304,1092,149577,391,111189,125,7538,347,35721,1254,119765,472,155486,California
Tulare,2021-05-04,1540,269844,823,150400,648,111837,69,7607,622,35499,911,120676,689,156175,California
Tulare,2021-05-05,1265,271109,610,151010,567,112404,88,7695,435,35203,819,121495,523,156698,California
Tulare,2021-05-06,1950,273059,1325,152335,576,112980,49,7744,589,34487,1354,122849,638,157336,California
Tulare,2021-05-07,1841,274900,1250,153585,523,113503,68,7812,526,33772,1308,124157,593,157929,California
Tulare,2021-05-08,1233,276133,803,154388,405,113908,25,7837,526,33623,700,124857,551,158480,California
Tulare,2021-05-09,590,276723,468,154856,101,114009,21,7858,117,33293,469,125326,139,158619,California
Tulare,2021-05-10,1014,277737,587,155443,362,114371,65,7923,307,32960,705,126031,372,158991,California
Tulare,2021-05-11,1210,278947,614,156057,520,114891,76,7999,503,32838,701,126732,579,159570,California
Tulare,2021-05-12,1500,280447,967,157024,481,115372,52,8051,397,32197,1089,127821,448,160018,California
Tulare,2021-05-13,1445,281892,902,157926,505,115877,38,8089,646,32086,795,128616,684,160702,California
Tulare,2021-05-14,1927,283819,1240,159166,625,116502,62,8151,859,31950,1057,129673,921,161623,California
Tulare,2021-05-15,1558,285377,875,160041,638,117140,45,8196,660,31763,891,130564,704,162327,California
Tulare,2021-05-16,693,286070,552,160593,129,117269,12,8208,323,31729,369,130933,335,162662,California
Tulare,2021-05-17,1530,287600,950,161543,507,117776,73,8281,741,31761,782,131715,814,163476,California
Tulare,2021-05-18,1566,289166,842,162385,672,118448,52,8333,798,31846,763,132478,848,164324,California
Tulare,2021-05-19,1448,290614,938,163323,480,118928,30,8363,762,31957,681,133159,792,165116,California
Tulare,2021-05-20,1303,291917,907,164230,335,119263,61,8424,647,32011,654,133813,708,165824,California
Tulare,2021-05-21,1437,293354,1058,165288,338,119601,41,8465,870,32363,559,134372,911,166735,California
Tulare,2021-05-22,1381,294735,1007,166295,352,119953,22,8487,523,32055,854,135226,546,167281,California
Tulare,2021-05-23,220,294955,187,166482,31,119984,2,8489,103,32044,116,135342,105,167386,California
Tuolumne,2020-12-16,47,47,47,47,0,0,0,0,47,47,0,0,47,47,California
Tuolumne,2020-12-17,17,64,17,64,0,0,0,0,17,64,0,0,17,64,California
Tuolumne,2020-12-18,101,165,100,164,1,1,0,0,101,165,0,0,101,165,California
Tuolumne,2020-12-19,5,170,5,169,0,1,0,0,5,170,0,0,5,170,California
Tuolumne,2020-12-20,2,172,2,171,0,1,0,0,2,172,0,0,2,172,California
Tuolumne,2020-12-21,115,287,101,272,14,15,0,0,115,287,0,0,115,287,California
Tuolumne,2020-12-22,172,459,172,444,0,15,0,0,172,459,0,0,172,459,California
Tuolumne,2020-12-23,185,644,183,627,2,17,0,0,185,644,0,0,185,644,California
Tuolumne,2020-12-26,2,646,2,629,0,17,0,0,2,646,0,0,2,646,California
Tuolumne,2020-12-28,77,723,75,704,2,19,0,0,77,723,0,0,77,723,California
Tuolumne,2020-12-29,102,825,39,743,63,82,0,0,102,825,0,0,102,825,California
Tuolumne,2020-12-30,78,903,22,765,56,138,0,0,78,903,0,0,78,903,California
Tuolumne,2020-12-31,27,930,20,785,7,145,0,0,27,930,0,0,27,930,California
Tuolumne,2021-01-01,6,936,5,790,1,146,0,0,6,936,0,0,6,936,California
Tuolumne,2021-01-02,118,1054,115,905,3,149,0,0,118,1054,0,0,118,1054,California
Tuolumne,2021-01-03,2,1056,2,907,0,149,0,0,2,1056,0,0,2,1056,California
Tuolumne,2021-01-04,69,1125,26,933,43,192,0,0,69,1125,0,0,69,1125,California
Tuolumne,2021-01-05,93,1218,27,960,66,258,0,0,90,1213,3,3,91,1216,California
Tuolumne,2021-01-06,132,1350,72,1032,60,318,0,0,68,1217,64,67,68,1284,California
Tuolumne,2021-01-07,119,1469,63,1095,56,374,0,0,64,1226,55,122,64,1348,California
Tuolumne,2021-01-08,105,1574,81,1176,24,398,0,0,27,1177,77,199,28,1376,California
Tuolumne,2021-01-09,2,1576,0,1176,2,400,0,0,2,1179,0,199,2,1378,California
Tuolumne,2021-01-10,3,1579,1,1177,2,402,0,0,3,1182,0,199,3,1381,California
Tuolumne,2021-01-11,116,1695,90,1267,26,428,0,0,34,1134,82,281,34,1415,California
Tuolumne,2021-01-12,102,1797,86,1353,16,444,0,0,18,1068,84,365,18,1433,California
Tuolumne,2021-01-13,231,2028,125,1478,106,550,0,0,182,1202,49,414,183,1616,California
Tuolumne,2021-01-14,148,2176,108,1586,40,590,0,0,43,1141,104,518,43,1659,California
Tuolumne,2021-01-15,474,2650,72,1658,402,992,0,0,412,1493,61,579,413,2072,California
Tuolumne,2021-01-16,7,2657,3,1661,4,996,0,0,6,1498,1,580,6,2078,California
Tuolumne,2021-01-17,7,2664,4,1665,3,999,0,0,7,1505,0,580,7,2085,California
Tuolumne,2021-01-18,46,2710,38,1703,8,1007,0,0,9,1478,36,616,9,2094,California
Tuolumne,2021-01-19,477,3187,73,1776,404,1411,0,0,431,1863,46,662,431,2525,California
Tuolumne,2021-01-20,76,3263,58,1834,18,1429,0,0,24,1836,51,713,24,2549,California
Tuolumne,2021-01-21,56,3319,23,1857,33,1462,0,0,40,1860,16,729,40,2589,California
Tuolumne,2021-01-22,169,3488,16,1873,153,1615,0,0,162,2015,7,736,162,2751,California
Tuolumne,2021-01-23,652,4140,133,2006,519,2134,0,0,547,2469,105,841,559,3310,California
Tuolumne,2021-01-24,522,4662,1,2007,521,2655,0,0,520,2988,2,843,521,3831,California
Tuolumne,2021-01-25,48,4710,28,2035,20,2675,0,0,22,2985,26,869,23,3854,California
Tuolumne,2021-01-26,80,4790,68,2103,12,2687,0,0,40,2986,40,909,41,3895,California
Tuolumne,2021-01-27,61,4851,4,2107,57,2744,0,0,8,2942,52,961,8,3903,California
Tuolumne,2021-01-28,27,4878,7,2114,20,2764,0,0,18,2951,9,970,18,3921,California
Tuolumne,2021-01-29,74,4952,6,2120,68,2832,0,0,35,2947,39,1009,35,3956,California
Tuolumne,2021-01-30,711,5663,553,2673,158,2990,0,0,689,3630,22,1031,705,4661,California
Tuolumne,2021-01-31,8,5671,2,2675,6,2996,0,0,5,3632,3,1034,5,4666,California
Tuolumne,2021-02-01,25,5696,6,2681,19,3015,0,0,22,3651,3,1037,22,4688,California
Tuolumne,2021-02-02,648,6344,40,2721,608,3623,0,0,636,4277,10,1047,636,5324,California
Tuolumne,2021-02-03,240,6584,111,2832,129,3752,0,0,88,4213,152,1199,88,5412,California
Tuolumne,2021-02-04,123,6707,13,2845,110,3862,0,0,60,4210,63,1262,60,5472,California
Tuolumne,2021-02-05,99,6806,13,2858,86,3948,0,0,35,4182,63,1325,35,5507,California
Tuolumne,2021-02-06,855,7661,581,3439,274,4222,0,0,847,5026,8,1333,852,6359,California
Tuolumne,2021-02-07,8,7669,4,3443,4,4226,0,0,4,5026,4,1337,4,6363,California
Tuolumne,2021-02-08,91,7760,40,3483,51,4277,0,0,67,5069,24,1361,67,6430,California
Tuolumne,2021-02-09,863,8623,53,3536,810,5087,0,0,822,5850,41,1402,822,7252,California
Tuolumne,2021-02-10,92,8715,17,3553,75,5162,0,0,31,5821,60,1462,31,7283,California
Tuolumne,2021-02-11,143,8858,67,3620,76,5238,0,0,77,5832,66,1528,77,7360,California
Tuolumne,2021-02-12,646,9504,19,3639,627,5865,0,0,205,5597,440,1968,205,7565,California
Tuolumne,2021-02-13,150,9654,42,3681,108,5973,0,0,119,5686,30,1998,119,7684,California
Tuolumne,2021-02-14,149,9803,13,3694,136,6109,0,0,148,5833,1,1999,148,7832,California
Tuolumne,2021-02-15,186,9989,10,3704,176,6285,0,0,177,6001,9,2008,177,8009,California
Tuolumne,2021-02-16,530,10519,18,3722,512,6797,0,0,122,5721,404,2412,124,8133,California
Tuolumne,2021-02-17,111,10630,63,3785,48,6845,0,0,61,5733,49,2461,61,8194,California
Tuolumne,2021-02-18,680,11310,25,3810,655,7500,0,0,629,6312,51,2512,630,8824,California
Tuolumne,2021-02-19,143,11453,23,3833,120,7620,0,0,43,6255,100,2612,43,8867,California
Tuolumne,2021-02-20,904,12357,341,4174,563,8183,0,0,385,6136,505,3117,386,9253,California
Tuolumne,2021-02-21,975,13332,38,4212,937,9120,0,0,470,6104,504,3621,472,9725,California
Tuolumne,2021-02-22,79,13411,58,4270,21,9141,0,0,47,6120,31,3652,47,9772,California
Tuolumne,2021-02-23,48,13459,24,4294,24,9165,0,0,26,6125,21,3673,26,9798,California
Tuolumne,2021-02-24,103,13562,58,4352,45,9210,0,0,42,6107,60,3733,42,9840,California
Tuolumne,2021-02-25,1050,14612,34,4386,1016,10226,0,0,1019,7095,31,3764,1019,10859,California
Tuolumne,2021-02-26,146,14758,10,4396,136,10362,0,0,121,7191,25,3789,121,10980,California
Tuolumne,2021-02-27,953,15711,578,4974,375,10737,0,0,249,6756,687,4476,252,11232,California
Tuolumne,2021-02-28,56,15767,4,4978,52,10789,0,0,52,6805,3,4479,52,11284,California
Tuolumne,2021-03-01,112,15879,21,4999,91,10880,0,0,77,6849,34,4513,78,11362,California
Tuolumne,2021-03-02,705,16584,73,5072,632,11512,0,0,106,6356,599,5112,106,11468,California
Tuolumne,2021-03-03,90,16674,22,5094,68,11580,0,0,65,6396,25,5137,65,11533,California
Tuolumne,2021-03-04,1168,17842,74,5168,1094,12674,0,0,1105,7438,63,5200,1105,12638,California
Tuolumne,2021-03-05,86,17928,10,5178,76,12750,0,0,49,7452,36,5236,50,12688,California
Tuolumne,2021-03-06,1056,18984,605,5783,449,13199,2,2,204,6812,847,6083,207,12895,California
Tuolumne,2021-03-07,41,19025,12,5795,14,13213,15,17,18,6822,23,6106,33,12928,California
Tuolumne,2021-03-08,196,19221,90,5885,99,13312,7,24,139,6911,57,6163,146,13074,California
Tuolumne,2021-03-09,858,20079,16,5901,831,14143,11,35,68,6206,785,6948,80,13154,California
Tuolumne,2021-03-10,78,20157,12,5913,55,14198,11,46,53,6245,25,6973,64,13218,California
Tuolumne,2021-03-11,1281,21438,36,5949,1240,15438,5,51,1255,7481,26,6999,1262,14480,California
Tuolumne,2021-03-12,299,21737,36,5985,248,15686,15,66,190,7581,108,7107,208,14688,California
Tuolumne,2021-03-13,113,21850,12,5997,101,15787,0,66,84,7638,28,7135,85,14773,California
Tuolumne,2021-03-14,142,21992,8,6005,125,15912,9,75,7,7523,135,7270,20,14793,California
Tuolumne,2021-03-15,296,22288,80,6085,213,16125,3,78,101,7439,194,7464,110,14903,California
Tuolumne,2021-03-16,802,23090,40,6125,751,16876,11,89,665,7979,136,7600,676,15579,California
Tuolumne,2021-03-17,152,23242,30,6155,109,16985,13,102,79,7999,72,7672,92,15671,California
Tuolumne,2021-03-18,948,24190,27,6182,908,17893,13,115,318,7703,627,8299,331,16002,California
Tuolumne,2021-03-19,134,24324,17,6199,87,17980,30,145,74,7748,59,8358,104,16106,California
Tuolumne,2021-03-20,89,24413,7,6206,72,18052,10,155,37,7743,51,8409,46,16152,California
Tuolumne,2021-03-21,834,25247,390,6596,434,18486,10,165,41,7009,786,9195,52,16204,California
Tuolumne,2021-03-22,164,25411,73,6669,72,18558,19,184,97,7059,66,9261,116,16320,California
Tuolumne,2021-03-23,708,26119,637,7306,57,18615,14,198,671,7706,37,9298,684,17004,California
Tuolumne,2021-03-24,110,26229,20,7326,72,18687,18,216,77,7769,32,9330,95,17099,California
Tuolumne,2021-03-25,1298,27527,23,7349,1272,19959,3,219,326,7128,970,10300,329,17428,California
Tuolumne,2021-03-26,275,27802,16,7365,236,20195,23,242,117,7121,148,10448,141,17569,California
Tuolumne,2021-03-27,580,28382,53,7418,527,20722,0,242,318,7180,260,10708,319,17888,California
Tuolumne,2021-03-28,48,28430,7,7425,41,20763,0,242,8,7150,39,10747,9,17897,California
Tuolumne,2021-03-29,206,28636,83,7508,123,20886,0,242,109,7165,94,10841,109,18006,California
Tuolumne,2021-03-30,162,28798,11,7519,150,21036,1,243,120,7245,41,10882,121,18127,California
Tuolumne,2021-03-31,95,28893,14,7533,79,21115,2,245,38,7230,55,10937,40,18167,California
Tuolumne,2021-04-01,1249,30142,30,7563,1219,22334,0,245,228,6439,1019,11956,228,18395,California
Tuolumne,2021-04-02,165,30307,11,7574,128,22462,26,271,91,6484,72,12028,117,18512,California
Tuolumne,2021-04-03,426,30733,35,7609,390,22852,1,272,239,6539,187,12215,242,18754,California
Tuolumne,2021-04-04,33,30766,3,7612,30,22882,0,272,21,6549,11,12226,21,18775,California
Tuolumne,2021-04-05,130,30896,19,7631,104,22986,7,279,59,6544,71,12297,66,18841,California
Tuolumne,2021-04-06,648,31544,517,8148,104,23090,27,306,513,6951,135,12432,542,19383,California
Tuolumne,2021-04-07,128,31672,37,8185,75,23165,16,322,50,6939,78,12510,66,19449,California
Tuolumne,2021-04-08,1445,33117,32,8217,1399,24564,14,336,247,6006,1194,13704,261,19710,California
Tuolumne,2021-04-09,274,33391,41,8258,189,24753,44,380,131,6042,143,13847,179,19889,California
Tuolumne,2021-04-10,56,33447,2,8260,34,24787,20,400,23,6053,32,13879,43,19932,California
Tuolumne,2021-04-11,18,33465,3,8263,12,24799,3,403,12,6062,6,13885,15,19947,California
Tuolumne,2021-04-12,164,33629,66,8329,93,24892,5,408,90,6089,68,13953,95,20042,California
Tuolumne,2021-04-13,783,34412,35,8364,748,25640,0,408,169,5652,606,14559,169,20211,California
Tuolumne,2021-04-14,154,34566,27,8391,127,25767,0,408,78,5658,73,14632,79,20290,California
Tuolumne,2021-04-15,341,34907,20,8411,321,26088,0,408,59,5441,276,14908,59,20349,California
Tuolumne,2021-04-16,251,35158,50,8461,201,26289,0,408,141,5480,103,15011,142,20491,California
Tuolumne,2021-04-17,43,35201,6,8467,37,26326,0,408,27,5491,16,15027,27,20518,California
Tuolumne,2021-04-18,8,35209,3,8470,5,26331,0,408,4,5491,4,15031,4,20522,California
Tuolumne,2021-04-19,170,35379,79,8549,91,26422,0,408,92,5507,76,15107,92,20614,California
Tuolumne,2021-04-20,712,36091,615,9164,97,26519,0,408,76,4954,629,15736,76,20690,California
Tuolumne,2021-04-21,119,36210,26,9190,93,26612,0,408,63,4966,51,15787,63,20753,California
Tuolumne,2021-04-22,709,36919,46,9236,663,27275,0,408,430,5126,270,16057,430,21183,California
Tuolumne,2021-04-23,177,37096,31,9267,146,27421,0,408,86,5123,89,16146,86,21269,California
Tuolumne,2021-04-24,80,37176,18,9285,62,27483,0,408,52,5147,28,16174,52,21321,California
Tuolumne,2021-04-25,27,37203,10,9295,17,27500,0,408,24,5168,3,16177,24,21345,California
Tuolumne,2021-04-26,153,37356,56,9351,97,27597,0,408,70,5157,82,16259,71,21416,California
Tuolumne,2021-04-27,136,37492,23,9374,106,27703,7,415,63,5156,71,16330,70,21486,California
Tuolumne,2021-04-28,116,37608,25,9399,80,27783,11,426,65,5182,50,16380,76,21562,California
Tuolumne,2021-04-29,277,37885,16,9415,253,28036,8,434,53,5021,222,16602,61,21623,California
Tuolumne,2021-04-30,351,38236,21,9436,318,28354,12,446,67,4819,281,16883,79,21702,California
Tuolumne,2021-05-01,24,38260,7,9443,13,28367,4,450,16,4831,8,16891,20,21722,California
Tuolumne,2021-05-02,26,38286,3,9446,21,28388,2,452,19,4845,7,16898,21,21743,California
Tuolumne,2021-05-03,98,38384,14,9460,79,28467,5,457,28,4809,69,16967,33,21776,California
Tuolumne,2021-05-04,692,39076,603,10063,84,28551,5,462,205,4532,486,17453,209,21985,California
Tuolumne,2021-05-05,107,39183,25,10088,76,28627,6,468,55,4544,50,17503,62,22047,California
Tuolumne,2021-05-06,286,39469,13,10101,259,28886,14,482,40,4356,241,17744,53,22100,California
Tuolumne,2021-05-07,323,39792,25,10126,290,29176,8,490,65,4172,257,18001,73,22173,California
Tuolumne,2021-05-08,47,39839,7,10133,36,29212,4,494,29,4187,18,18019,33,22206,California
Tuolumne,2021-05-09,15,39854,2,10135,11,29223,2,496,2,4178,13,18032,4,22210,California
Tuolumne,2021-05-10,109,39963,44,10179,60,29283,5,501,30,4135,78,18110,35,22245,California
Tuolumne,2021-05-11,196,40159,63,10242,121,29404,12,513,55,4062,140,18250,67,22312,California
Tuolumne,2021-05-12,128,40287,20,10262,105,29509,3,516,50,4037,78,18328,53,22365,California
Tuolumne,2021-05-13,109,40396,18,10280,83,29592,8,524,68,4073,41,18369,77,22442,California
Tuolumne,2021-05-14,206,40602,75,10355,119,29711,12,536,106,4093,98,18467,118,22560,California
Tuolumne,2021-05-15,56,40658,14,10369,35,29746,7,543,19,4083,37,18504,27,22587,California
Tuolumne,2021-05-16,26,40684,8,10377,16,29762,2,545,12,4083,14,18518,14,22601,California
Tuolumne,2021-05-17,109,40793,29,10406,77,29839,3,548,46,4070,63,18581,50,22651,California
Tuolumne,2021-05-18,175,40968,54,10460,74,29913,47,595,58,4058,117,18698,105,22756,California
Tuolumne,2021-05-19,115,41083,21,10481,65,29978,29,624,47,4067,67,18765,76,22832,California
Tuolumne,2021-05-20,390,41473,19,10500,366,30344,5,629,56,3795,333,19098,61,22893,California
Tuolumne,2021-05-21,172,41645,79,10579,89,30433,4,633,99,3826,72,19170,103,22996,California
Tuolumne,2021-05-22,46,41691,14,10593,28,30461,4,637,19,3822,27,19197,23,23019,California
Tuolumne,2021-05-23,4,41695,1,10594,3,30464,0,637,3,3824,1,19198,3,23022,California
Ventura,2020-12-15,5,5,5,5,0,0,0,0,5,5,0,0,5,5,California
Ventura,2020-12-16,73,78,73,78,0,0,0,0,73,78,0,0,73,78,California
Ventura,2020-12-17,249,327,249,327,0,0,0,0,249,327,0,0,249,327,California
Ventura,2020-12-18,1414,1741,1414,1741,0,0,0,0,1414,1741,0,0,1414,1741,California
Ventura,2020-12-19,914,2655,914,2655,0,0,0,0,914,2655,0,0,914,2655,California
Ventura,2020-12-20,432,3087,432,3087,0,0,0,0,432,3087,0,0,432,3087,California
Ventura,2020-12-21,1468,4555,1468,4555,0,0,0,0,1468,4555,0,0,1468,4555,California
Ventura,2020-12-22,1104,5659,1099,5654,5,5,0,0,1104,5659,0,0,1104,5659,California
Ventura,2020-12-23,1034,6693,985,6639,49,54,0,0,1034,6693,0,0,1034,6693,California
Ventura,2020-12-24,477,7170,379,7018,98,152,0,0,477,7170,0,0,477,7170,California
Ventura,2020-12-25,11,7181,7,7025,4,156,0,0,11,7181,0,0,11,7181,California
Ventura,2020-12-26,112,7293,92,7117,20,176,0,0,112,7293,0,0,112,7293,California
Ventura,2020-12-27,58,7351,27,7144,31,207,0,0,58,7351,0,0,58,7351,California
Ventura,2020-12-28,1066,8417,926,8070,140,347,0,0,1066,8417,0,0,1066,8417,California
Ventura,2020-12-29,1168,9585,761,8831,407,754,0,0,1168,9585,0,0,1168,9585,California
Ventura,2020-12-30,1987,11572,1522,10353,465,1219,0,0,1987,11572,0,0,1987,11572,California
Ventura,2020-12-31,479,12051,160,10513,319,1538,0,0,479,12051,0,0,479,12051,California
Ventura,2021-01-01,25,12076,7,10520,18,1556,0,0,25,12076,0,0,25,12076,California
Ventura,2021-01-02,174,12250,79,10599,95,1651,0,0,174,12250,0,0,174,12250,California
Ventura,2021-01-03,16,12266,8,10607,8,1659,0,0,16,12266,0,0,16,12266,California
Ventura,2021-01-04,1085,13351,552,11159,533,2192,0,0,1084,13350,0,0,1084,13350,California
Ventura,2021-01-05,1375,14726,779,11938,596,2788,0,0,1332,14639,43,43,1332,14682,California
Ventura,2021-01-06,2058,16784,1180,13118,878,3666,0,0,1625,15842,424,467,1627,16309,California
Ventura,2021-01-07,2070,18854,1327,14445,743,4409,0,0,1179,16133,888,1355,1179,17488,California
Ventura,2021-01-08,2194,21048,1472,15917,722,5131,0,0,902,15746,1290,2645,903,18391,California
Ventura,2021-01-09,721,21769,500,16417,221,5352,0,0,318,15661,403,3048,318,18709,California
Ventura,2021-01-10,341,22110,325,16742,16,5368,0,0,127,15574,214,3262,127,18836,California
Ventura,2021-01-11,2448,24558,1490,18232,958,6326,0,0,1495,16119,953,4215,1498,20334,California
Ventura,2021-01-12,3047,27605,1612,19844,1435,7761,0,0,2022,17116,1025,5240,2022,22356,California
Ventura,2021-01-13,2934,30539,1431,21275,1503,9264,0,0,2050,18286,881,6121,2051,24407,California
Ventura,2021-01-14,2733,33272,1058,22333,1675,10939,0,0,2286,20127,446,6567,2287,26694,California
Ventura,2021-01-15,2881,36153,962,23295,1919,12858,0,0,2671,22589,210,6777,2672,29366,California
Ventura,2021-01-16,485,36638,187,23482,298,13156,0,0,405,22914,80,6857,405,29771,California
Ventura,2021-01-17,259,36897,137,23619,122,13278,0,0,253,23161,6,6863,253,30024,California
Ventura,2021-01-18,2206,39103,1658,25277,548,13826,0,0,1662,24281,543,7406,1663,31687,California
Ventura,2021-01-19,3048,42151,2124,27401,924,14750,0,0,2151,25538,897,8303,2154,33841,California
Ventura,2021-01-20,4098,46249,3146,30547,952,15702,0,0,3047,27538,1048,9351,3048,36889,California
Ventura,2021-01-21,3844,50093,2674,33221,1170,16872,0,0,3170,30039,671,10022,3172,40061,California
Ventura,2021-01-22,3618,53711,2497,35718,1121,17993,0,0,3457,33335,161,10183,3457,43518,California
Ventura,2021-01-23,1180,54891,646,36364,534,18527,0,0,1080,34318,99,10282,1082,44600,California
Ventura,2021-01-24,453,55344,137,36501,316,18843,0,0,440,34745,13,10295,440,45040,California
Ventura,2021-01-25,3156,58500,2031,38532,1125,19968,0,0,2599,36789,556,10851,2600,47640,California
Ventura,2021-01-26,3716,62216,2210,40742,1506,21474,0,0,2717,38509,998,11849,2718,50358,California
Ventura,2021-01-27,3462,65678,1560,42302,1902,23376,0,0,2719,40490,739,12588,2720,53078,California
Ventura,2021-01-28,3876,69554,1995,44297,1881,25257,0,0,3260,43152,599,13187,3261,56339,California
Ventura,2021-01-29,4267,73821,2522,46819,1745,27002,0,0,3766,46429,489,13676,3766,60105,California
Ventura,2021-01-30,3038,76859,1964,48783,1074,28076,0,0,2867,49130,167,13843,2868,62973,California
Ventura,2021-01-31,835,77694,447,49230,388,28464,0,0,749,49794,85,13928,749,63722,California
Ventura,2021-02-01,3948,81642,2114,51344,1834,30298,0,0,3173,52198,771,14699,3175,66897,California
Ventura,2021-02-02,4404,86046,2373,53717,2031,32329,0,0,3382,54564,1018,15717,3384,70281,California
Ventura,2021-02-03,4456,90502,2090,55807,2366,34695,0,0,3444,57002,1007,16724,3445,73726,California
Ventura,2021-02-04,4790,95292,2299,58106,2491,37186,0,0,3524,59271,1258,17982,3527,77253,California
Ventura,2021-02-05,4844,100136,2323,60429,2521,39707,0,0,3353,61148,1478,19460,3355,80608,California
Ventura,2021-02-06,2836,102972,1514,61943,1322,41029,0,0,2434,63181,401,19861,2434,83042,California
Ventura,2021-02-07,713,103685,241,62184,472,41501,0,0,588,63645,125,19986,589,83631,California
Ventura,2021-02-08,3510,107195,1630,63814,1880,43381,0,0,2436,65012,1069,21055,2436,86067,California
Ventura,2021-02-09,4727,111922,1973,65787,2754,46135,0,0,2468,65226,2257,23312,2471,88538,California
Ventura,2021-02-10,4712,116634,2233,68020,2479,48614,0,0,2387,65299,2315,25627,2388,90926,California
Ventura,2021-02-11,4668,121302,1864,69884,2804,51418,0,0,2448,65537,2213,27840,2451,93377,California
Ventura,2021-02-12,6308,127610,2662,72546,3646,55064,0,0,3225,65684,3078,30918,3225,96602,California
Ventura,2021-02-13,3305,130915,1829,74375,1476,56540,0,0,1849,66083,1452,32370,1851,98453,California
Ventura,2021-02-14,1226,132141,123,74498,1103,57643,0,0,1009,66876,217,32587,1010,99463,California
Ventura,2021-02-15,3988,136129,1799,76297,2189,59832,0,0,2120,67131,1865,34452,2120,101583,California
Ventura,2021-02-16,5558,141687,2710,79007,2848,62680,0,0,3018,67617,2532,36984,3018,104601,California
Ventura,2021-02-17,5237,146924,1923,80930,3314,65994,0,0,3268,68925,1960,38944,3268,107869,California
Ventura,2021-02-18,5783,152707,1833,82763,3950,69944,0,0,3637,70427,2135,41079,3637,111506,California
Ventura,2021-02-19,6454,159161,3770,86533,2684,72628,0,0,3013,70008,3434,44513,3015,114521,California
Ventura,2021-02-20,4941,164102,3172,89705,1769,74397,0,0,2773,70623,2162,46675,2777,117298,California
Ventura,2021-02-21,1099,165201,809,90514,290,74687,0,0,449,70427,645,47320,449,117747,California
Ventura,2021-02-22,5377,170578,2412,92926,2965,77652,0,0,3461,71981,1908,49228,3462,121209,California
Ventura,2021-02-23,5938,176516,2974,95900,2964,80616,0,0,3416,72894,2505,51733,3418,124627,California
Ventura,2021-02-24,7012,183528,2616,98516,4396,85012,0,0,4256,74409,2743,54476,4258,128885,California
Ventura,2021-02-25,7498,191026,2573,101089,4925,89937,0,0,4573,76071,2913,57389,4575,133460,California
Ventura,2021-02-26,9358,200384,2774,103863,6584,96521,0,0,6167,79076,3165,60554,6170,139630,California
Ventura,2021-02-27,10009,210393,5283,109146,4726,101247,0,0,7387,83867,2606,63160,7397,147027,California
Ventura,2021-02-28,2570,212963,1637,110783,932,102179,1,1,2096,85496,467,63627,2096,149123,California
Ventura,2021-03-01,6965,219928,2829,113612,4135,106314,1,2,4640,87837,2313,65940,4654,153777,California
Ventura,2021-03-02,7587,227515,4036,117648,3549,109863,2,4,5352,90965,2224,68164,5352,159129,California
Ventura,2021-03-03,8540,236055,3918,121566,4620,114483,2,6,6088,94622,2437,70601,6094,165223,California
Ventura,2021-03-04,8119,244174,3875,125441,4244,118727,0,6,5484,97489,2620,73221,5487,170710,California
Ventura,2021-03-05,9985,254159,4810,130251,5165,123892,10,16,7090,101717,2880,76101,7108,177818,California
Ventura,2021-03-06,7240,261399,4402,134653,2685,126577,153,169,5323,105285,1910,78011,5478,183296,California
Ventura,2021-03-07,1659,263058,613,135266,946,127523,100,269,1244,106214,415,78426,1344,184640,California
Ventura,2021-03-08,6763,269821,3436,138702,3173,130696,154,423,4653,108921,2103,80529,4810,189450,California
Ventura,2021-03-09,6763,276584,3025,141727,3538,134234,200,623,3882,110140,2867,83396,4086,193536,California
Ventura,2021-03-10,6863,283447,3017,144744,3607,137841,239,862,4540,112609,2310,85706,4779,198315,California
Ventura,2021-03-11,6382,289829,2892,147636,3176,141017,314,1176,3426,113404,2943,88649,3738,202053,California
Ventura,2021-03-12,8554,298383,3050,150686,4659,145676,845,2021,4134,113978,4404,93053,4978,207031,California
Ventura,2021-03-13,6704,305087,2510,153196,3350,149026,844,2865,3771,115667,2924,95977,4613,211644,California
Ventura,2021-03-14,2141,307228,486,153682,1158,150184,497,3362,722,115469,1418,97395,1220,212864,California
Ventura,2021-03-15,6930,314158,2050,155732,3533,153717,1347,4709,2984,115875,3922,101317,4328,217192,California
Ventura,2021-03-16,7951,322109,2462,158194,4375,158092,1114,5823,4012,117073,3926,105243,5124,222316,California
Ventura,2021-03-17,7599,329708,2776,160970,4475,162567,348,6171,4587,119020,2989,108232,4936,227252,California
Ventura,2021-03-18,7262,336970,3279,164249,3831,166398,152,6323,4740,121402,2508,110740,4890,232142,California
Ventura,2021-03-19,8478,345448,3802,168051,4563,170961,113,6436,5087,123232,3369,114109,5199,237341,California
Ventura,2021-03-20,8204,353652,5250,173301,2932,173893,22,6458,3943,122959,4239,118348,3966,241307,California
Ventura,2021-03-21,2799,356451,1523,174824,904,174797,372,6830,1323,123188,1463,119811,1692,242999,California
Ventura,2021-03-22,7370,363821,3703,178527,3564,178361,103,6933,4857,125654,2496,122307,4962,247961,California
Ventura,2021-03-23,8211,372032,3885,182412,4254,182615,72,7005,4596,126733,3588,125895,4667,252628,California
Ventura,2021-03-24,8908,380940,3420,185832,5411,188026,77,7082,4448,126828,4431,130326,4526,257154,California
Ventura,2021-03-25,8826,389766,3923,189755,4801,192827,102,7184,4462,127045,4347,134673,4564,261718,California
Ventura,2021-03-26,9878,399644,3373,193128,5851,198678,654,7838,3938,125725,5910,140583,4590,266308,California
Ventura,2021-03-27,8178,407822,3938,197066,4200,202878,40,7878,2426,122467,5730,146313,2472,268780,California
Ventura,2021-03-28,2542,410364,1424,198490,1109,203987,9,7887,1375,122693,1161,147474,1387,270167,California
Ventura,2021-03-29,8492,418856,4297,202787,4151,208138,44,7931,4230,122733,4234,151708,4274,274441,California
Ventura,2021-03-30,8998,427854,4470,207257,4398,212536,130,8061,4399,122676,4585,156293,4528,278969,California
Ventura,2021-03-31,10745,438599,4865,212122,5253,217789,627,8688,4639,121856,6084,162377,5264,284233,California
Ventura,2021-04-01,10777,449376,5274,217396,4621,222410,882,9570,5456,122895,5294,167671,6333,290566,California
Ventura,2021-04-02,11751,461127,4653,222049,5758,228168,1340,10910,5601,123723,6119,173790,6947,297513,California
Ventura,2021-04-03,8131,469258,4026,226075,2930,231098,1175,12085,3425,123621,4695,178485,4593,302106,California
Ventura,2021-04-04,1717,470975,960,227035,622,231720,135,12220,1148,124342,562,179047,1283,303389,California
Ventura,2021-04-05,9350,480325,4885,231920,3355,235075,1110,13330,4744,125601,4594,183641,5853,309242,California
Ventura,2021-04-06,10884,491209,5567,237487,3829,238904,1488,14818,5577,127388,5280,188921,7067,316309,California
Ventura,2021-04-07,11330,502539,5422,242909,4409,243313,1499,16317,5163,127896,6150,195071,6658,322967,California
Ventura,2021-04-08,10260,512799,5306,248215,4008,247321,946,17263,5115,128822,5127,200198,6053,329020,California
Ventura,2021-04-09,11105,523904,4346,252561,5044,252365,1715,18978,4823,129095,6259,206457,6532,335552,California
Ventura,2021-04-10,9142,533046,3509,256070,3477,255842,2156,21134,2998,128118,6127,212584,5150,340702,California
Ventura,2021-04-11,2418,535464,860,256930,989,256831,569,21703,680,127634,1731,214315,1247,341949,California
Ventura,2021-04-12,8886,544350,4471,261401,3605,260436,810,22513,3721,127010,5147,219462,4523,346472,California
Ventura,2021-04-13,8775,553125,4439,265840,4330,264766,6,22519,3738,125750,5004,224466,3744,350216,California
Ventura,2021-04-14,8680,561805,4073,269913,4592,269358,15,22534,3323,123769,5322,229788,3341,353557,California
Ventura,2021-04-15,9312,571117,4536,274449,4769,274127,7,22541,4062,122614,5225,235013,4070,357627,California
Ventura,2021-04-16,10122,581239,4490,278939,5631,279758,1,22542,4783,122078,5324,240337,4788,362415,California
Ventura,2021-04-17,8574,589813,5321,284260,3252,283010,1,22543,4987,123491,3575,243912,4988,367403,California
Ventura,2021-04-18,2136,591949,1014,285274,1122,284132,0,22543,908,123176,1223,245135,908,368311,California
Ventura,2021-04-19,8034,599983,4847,290121,3186,287318,1,22544,4604,124369,3413,248548,4606,372917,California
Ventura,2021-04-20,9267,609250,4916,295037,4347,291665,4,22548,4332,123789,4917,253465,4337,377254,California
Ventura,2021-04-21,8860,618110,4539,299576,4317,295982,4,22552,4188,123324,4658,258123,4193,381447,California
Ventura,2021-04-22,10038,628148,5488,305064,4550,300532,0,22552,4442,122187,5580,263703,4443,385890,California
Ventura,2021-04-23,10809,638957,5398,310462,5410,305942,1,22553,5379,122160,5407,269110,5380,391270,California
Ventura,2021-04-24,10322,649279,5893,316355,4429,310371,0,22553,6044,123939,4266,273376,6045,397315,California
Ventura,2021-04-25,2469,651748,1698,318053,771,311142,0,22553,1144,123762,1321,274697,1144,398459,California
Ventura,2021-04-26,7192,658940,4123,322176,3003,314145,66,22619,2989,122631,4181,278878,3050,401509,California
Ventura,2021-04-27,8380,667320,4639,326815,3571,317716,170,22789,3166,120765,5200,284078,3334,404843,California
Ventura,2021-04-28,8254,675574,4821,331636,3117,320833,316,23105,3232,119310,5003,289081,3548,408391,California
Ventura,2021-04-29,7758,683332,4216,335852,3278,324111,264,23369,2750,117339,4983,294064,3012,411403,California
Ventura,2021-04-30,9324,692656,5443,341295,3607,327718,274,23643,3852,116017,5440,299504,4118,415521,California
Ventura,2021-05-01,4940,697596,3626,344921,1212,328930,102,23745,1861,114923,3057,302561,1963,417484,California
Ventura,2021-05-02,2129,699725,1426,346347,614,329544,89,23834,1038,114963,1088,303649,1128,418612,California
Ventura,2021-05-03,6219,705944,3911,350258,2030,331574,278,24112,1957,112954,4242,307891,2233,420845,California
Ventura,2021-05-04,6269,712213,3317,353575,2653,334227,299,24411,2269,111535,3986,311877,2567,423412,California
Ventura,2021-05-05,5255,717468,3010,356585,1985,336212,260,24671,1895,110348,3336,315213,2149,425561,California
Ventura,2021-05-06,6113,723581,3211,359796,2632,338844,270,24941,1972,108468,4123,319336,2243,427804,California
Ventura,2021-05-07,6745,730326,3415,363211,3057,341901,273,25214,2318,106659,4400,323736,2591,430395,California
Ventura,2021-05-08,5294,735620,4112,367323,1029,342930,153,25367,1211,103953,4070,327806,1364,431759,California
Ventura,2021-05-09,1047,736667,733,368056,268,343198,46,25413,398,103756,641,328447,444,432203,California
Ventura,2021-05-10,6016,742683,4071,372127,1741,344939,204,25617,1363,100679,4643,333090,1566,433769,California
Ventura,2021-05-11,5105,747788,3205,375332,1693,346632,207,25824,1479,98747,3617,336707,1685,435454,California
Ventura,2021-05-12,4719,752507,2711,378043,1809,348441,199,26023,1453,97149,3250,339957,1652,437106,California
Ventura,2021-05-13,5648,758155,3342,381385,2106,350547,200,26223,1903,95520,3732,343689,2103,439209,California
Ventura,2021-05-14,7170,765325,4441,385826,2533,353080,196,26419,2715,93993,4435,348124,2908,442117,California
Ventura,2021-05-15,6464,771789,5326,391152,1065,354145,73,26492,2770,93160,3677,351801,2844,444961,California
Ventura,2021-05-16,2154,773943,1665,392817,437,354582,52,26544,1024,93111,1125,352926,1076,446037,California
Ventura,2021-05-17,5754,779697,3554,396371,1995,356577,205,26749,2532,92643,3204,356130,2736,448773,California
Ventura,2021-05-18,5318,785015,3167,399538,1972,358549,179,26928,2283,92088,3015,359145,2460,451233,California
Ventura,2021-05-19,5734,790749,3511,403049,2019,360568,204,27132,2408,91395,3302,362447,2609,453842,California
Ventura,2021-05-20,4277,795026,2276,405325,1847,362415,154,27286,1752,90800,2500,364947,1905,455747,California
Ventura,2021-05-21,6622,801648,3629,408954,2828,365243,165,27451,2160,88688,4436,369383,2324,458071,California
Ventura,2021-05-22,4569,806217,2150,411104,2347,367590,72,27523,1444,87084,3120,372503,1516,459587,California
Ventura,2021-05-23,931,807148,825,411929,75,367665,31,27554,332,86849,598,373101,363,459950,California
Yolo,2020-12-15,39,39,39,39,0,0,0,0,39,39,0,0,39,39,California
Yolo,2020-12-16,78,117,78,117,0,0,0,0,78,117,0,0,78,117,California
Yolo,2020-12-17,101,218,101,218,0,0,0,0,101,218,0,0,101,218,California
Yolo,2020-12-18,209,427,209,427,0,0,0,0,209,427,0,0,209,427,California
Yolo,2020-12-19,88,515,88,515,0,0,0,0,88,515,0,0,88,515,California
Yolo,2020-12-20,100,615,100,615,0,0,0,0,100,615,0,0,100,615,California
Yolo,2020-12-21,254,869,254,869,0,0,0,0,254,869,0,0,254,869,California
Yolo,2020-12-22,381,1250,380,1249,1,1,0,0,381,1250,0,0,381,1250,California
Yolo,2020-12-23,433,1683,413,1662,20,21,0,0,433,1683,0,0,433,1683,California
Yolo,2020-12-24,152,1835,95,1757,57,78,0,0,152,1835,0,0,152,1835,California
Yolo,2020-12-25,1,1836,1,1758,0,78,0,0,1,1836,0,0,1,1836,California
Yolo,2020-12-26,75,1911,25,1783,50,128,0,0,75,1911,0,0,75,1911,California
Yolo,2020-12-27,46,1957,19,1802,27,155,0,0,46,1957,0,0,46,1957,California
Yolo,2020-12-28,347,2304,180,1982,167,322,0,0,347,2304,0,0,347,2304,California
Yolo,2020-12-29,488,2792,267,2249,221,543,0,0,488,2792,0,0,488,2792,California
Yolo,2020-12-30,623,3415,255,2504,368,911,0,0,623,3415,0,0,623,3415,California
Yolo,2020-12-31,185,3600,95,2599,90,1001,0,0,185,3600,0,0,185,3600,California
Yolo,2021-01-01,58,3658,56,2655,2,1003,0,0,58,3658,0,0,58,3658,California
Yolo,2021-01-02,69,3727,26,2681,43,1046,0,0,69,3727,0,0,69,3727,California
Yolo,2021-01-03,44,3771,19,2700,25,1071,0,0,44,3771,0,0,44,3771,California
Yolo,2021-01-04,194,3965,43,2743,151,1222,0,0,194,3965,0,0,194,3965,California
Yolo,2021-01-05,615,4580,238,2981,377,1599,0,0,554,4458,61,61,554,4519,California
Yolo,2021-01-06,483,5063,183,3164,300,1899,0,0,352,4679,131,192,352,4871,California
Yolo,2021-01-07,710,5773,233,3397,477,2376,0,0,521,5012,188,380,521,5392,California
Yolo,2021-01-08,633,6406,312,3709,321,2697,0,0,417,5214,215,595,417,5809,California
Yolo,2021-01-09,409,6815,69,3778,340,3037,0,0,363,5531,46,641,363,6172,California
Yolo,2021-01-10,393,7208,80,3858,313,3350,0,0,323,5784,70,711,323,6495,California
Yolo,2021-01-11,562,7770,324,4182,238,3588,0,0,293,5810,269,980,295,6790,California
Yolo,2021-01-12,486,8256,367,4549,119,3707,0,0,178,5681,308,1288,179,6969,California
Yolo,2021-01-13,771,9027,312,4861,459,4166,0,0,521,5952,250,1538,521,7490,California
Yolo,2021-01-14,377,9404,183,5044,194,4360,0,0,273,6121,104,1642,273,7763,California
Yolo,2021-01-15,624,10028,319,5363,305,4665,0,0,545,6588,79,1721,546,8309,California
Yolo,2021-01-16,741,10769,95,5458,646,5311,0,0,710,7267,31,1752,710,9019,California
Yolo,2021-01-17,187,10956,119,5577,68,5379,0,0,180,7440,7,1759,180,9199,California
Yolo,2021-01-18,481,11437,304,5881,177,5556,0,0,378,7715,103,1862,378,9577,California
Yolo,2021-01-19,558,11995,373,6254,185,5741,0,0,385,7927,173,2035,385,9962,California
Yolo,2021-01-20,660,12655,380,6634,280,6021,0,0,474,8216,185,2220,474,10436,California
Yolo,2021-01-21,652,13307,385,7019,267,6288,0,0,464,8492,188,2408,464,10900,California
Yolo,2021-01-22,750,14057,251,7270,499,6787,0,0,632,9008,116,2524,632,11532,California
Yolo,2021-01-23,615,14672,122,7392,493,7280,0,0,567,9527,48,2572,567,12099,California
Yolo,2021-01-24,208,14880,124,7516,84,7364,0,0,167,9653,41,2613,167,12266,California
Yolo,2021-01-25,730,15610,156,7672,574,7938,0,0,513,9949,217,2830,513,12779,California
Yolo,2021-01-26,821,16431,328,8000,493,8431,0,0,427,9982,394,3224,427,13206,California
Yolo,2021-01-27,557,16988,223,8223,334,8765,0,0,381,10187,176,3400,381,13587,California
Yolo,2021-01-28,1051,18039,567,8790,484,9249,0,0,926,10989,124,3524,926,14513,California
Yolo,2021-01-29,890,18929,266,9056,624,9873,0,0,805,11710,84,3608,805,15318,California
Yolo,2021-01-30,1531,20460,928,9984,603,10476,0,0,1410,13005,115,3723,1410,16728,California
Yolo,2021-01-31,240,20700,202,10186,38,10514,0,0,213,13192,26,3749,213,16941,California
Yolo,2021-02-01,847,21547,361,10547,486,11000,0,0,614,13576,230,3979,614,17555,California
Yolo,2021-02-02,1336,22883,751,11298,585,11585,0,0,929,14099,407,4386,930,18485,California
Yolo,2021-02-03,1531,24414,400,11698,1131,12716,0,0,1190,14951,338,4724,1190,19675,California
Yolo,2021-02-04,1794,26208,283,11981,1511,14227,0,0,1243,15655,540,5264,1244,20919,California
Yolo,2021-02-05,1597,27805,906,12887,691,14918,0,0,1197,16454,399,5663,1198,22117,California
Yolo,2021-02-06,1923,29728,1253,14140,670,15588,0,0,1562,17656,361,6024,1563,23680,California
Yolo,2021-02-07,520,30248,250,14390,270,15858,0,0,171,17479,348,6372,171,23851,California
Yolo,2021-02-08,952,31200,334,14724,618,16476,0,0,605,17740,344,6716,605,24456,California
Yolo,2021-02-09,860,32060,387,15111,473,16949,0,0,577,18034,283,6999,577,25033,California
Yolo,2021-02-10,1458,33518,476,15587,982,17931,0,0,818,18214,640,7639,820,25853,California
Yolo,2021-02-11,1572,35090,804,16391,768,18699,0,0,1186,19014,386,8025,1186,27039,California
Yolo,2021-02-12,1917,37007,754,17145,1163,19862,0,0,1445,19991,468,8493,1445,28484,California
Yolo,2021-02-13,2056,39063,712,17857,1344,21206,0,0,1390,20715,666,9159,1390,29874,California
Yolo,2021-02-14,569,39632,154,18011,415,21621,0,0,445,21037,123,9282,445,30319,California
Yolo,2021-02-15,533,40165,190,18201,343,21964,0,0,267,21039,266,9548,268,30587,California
Yolo,2021-02-16,1132,41297,427,18628,705,22669,0,0,811,21530,321,9869,812,31399,California
Yolo,2021-02-17,1392,42689,700,19328,692,23361,0,0,997,22132,395,10264,997,32396,California
Yolo,2021-02-18,2499,45188,815,20143,1684,25045,0,0,1722,23079,776,11040,1723,34119,California
Yolo,2021-02-19,1747,46935,750,20893,997,26042,0,0,1126,23586,619,11659,1126,35245,California
Yolo,2021-02-20,2454,49389,957,21850,1497,27539,0,0,1371,23880,1078,12737,1372,36617,California
Yolo,2021-02-21,284,49673,227,22077,57,27596,0,0,75,23747,208,12945,75,36692,California
Yolo,2021-02-22,1363,51036,600,22677,763,28359,0,0,694,23773,668,13613,694,37386,California
Yolo,2021-02-23,1132,52168,849,23526,283,28642,0,0,437,23517,693,14306,437,37823,California
Yolo,2021-02-24,2095,54263,592,24118,1503,30145,0,0,1386,24196,707,15013,1386,39209,California
Yolo,2021-02-25,1381,55644,486,24604,895,31040,0,0,915,24646,465,15478,915,40124,California
Yolo,2021-02-26,2608,58252,1016,25620,1592,32632,0,0,1386,24813,1219,16697,1386,41510,California
Yolo,2021-02-27,1662,59914,769,26389,893,33525,0,0,1212,25575,450,17147,1212,42722,California
Yolo,2021-02-28,1776,61690,1498,27887,278,33803,0,0,675,25151,1099,18246,675,43397,California
Yolo,2021-03-01,1102,62792,366,28253,736,34539,0,0,672,25395,428,18674,672,44069,California
Yolo,2021-03-02,1473,64265,693,28946,780,35319,0,0,943,25808,530,19204,943,45012,California
Yolo,2021-03-03,1852,66117,636,29582,1216,36535,0,0,830,25618,1020,20224,830,45842,California
Yolo,2021-03-04,2925,69042,1466,31048,1459,37994,0,0,1565,25826,1357,21581,1565,47407,California
Yolo,2021-03-05,2360,71402,1408,32456,941,38935,11,11,1474,26426,885,22466,1485,48892,California
Yolo,2021-03-06,1482,72884,1133,33589,320,39255,29,40,842,26659,638,23104,871,49763,California
Yolo,2021-03-07,914,73798,678,34267,222,39477,14,54,779,27317,135,23239,793,50556,California
Yolo,2021-03-08,1094,74892,490,34757,561,40038,43,97,765,27798,328,23567,809,51365,California
Yolo,2021-03-09,1274,76166,688,35445,524,40562,62,159,779,28146,493,24060,841,52206,California
Yolo,2021-03-10,1807,77973,1057,36502,460,41022,290,449,751,28128,1052,25112,1034,53240,California
Yolo,2021-03-11,2351,80324,1603,38105,680,41702,68,517,1605,29057,745,25857,1674,54914,California
Yolo,2021-03-12,2905,83229,1354,39459,1471,43173,80,597,1371,28981,1526,27383,1450,56364,California
Yolo,2021-03-13,1846,85075,733,40192,936,44109,177,774,1001,29317,842,28225,1178,57542,California
Yolo,2021-03-14,1008,86083,213,40405,645,44754,150,924,527,29509,480,28705,672,58214,California
Yolo,2021-03-15,1322,87405,773,41178,373,45127,176,1100,707,29777,613,29318,881,59095,California
Yolo,2021-03-16,1869,89274,717,41895,1080,46207,72,1172,1104,30188,765,30083,1176,60271,California
Yolo,2021-03-17,2506,91780,977,42872,1457,47664,72,1244,1720,31228,783,30866,1823,62094,California
Yolo,2021-03-18,3031,94811,1032,43904,1775,49439,224,1468,1259,30943,1768,32634,1483,63577,California
Yolo,2021-03-19,2094,96905,871,44775,1155,50594,68,1536,1099,31121,989,33623,1167,64744,California
Yolo,2021-03-20,2771,99676,818,45593,1912,52506,41,1577,1108,30615,1657,35280,1151,65895,California
Yolo,2021-03-21,314,99990,214,45807,92,52598,8,1585,228,30766,85,35365,236,66131,California
Yolo,2021-03-22,1401,101391,488,46295,855,53453,58,1643,921,31267,477,35842,978,67109,California
Yolo,2021-03-23,1740,103131,938,47233,746,54199,56,1699,1071,31725,668,36510,1126,68235,California
Yolo,2021-03-24,2875,106006,1408,48641,1418,55617,49,1748,1407,31726,1456,37966,1457,69692,California
Yolo,2021-03-25,2552,108558,1417,50058,1106,56723,29,1777,1255,31724,1286,39252,1284,70976,California
Yolo,2021-03-26,2400,110958,1257,51315,1124,57847,19,1796,1024,31397,1369,40621,1042,72018,California
Yolo,2021-03-27,1653,112611,455,51770,1181,59028,17,1813,760,31282,892,41513,777,72795,California
Yolo,2021-03-28,1109,113720,866,52636,225,59253,18,1831,270,30735,835,42348,288,73083,California
Yolo,2021-03-29,2024,115744,822,53458,1172,60425,30,1861,979,30703,1041,43389,1009,74092,California
Yolo,2021-03-30,2278,118022,1080,54538,1176,61601,22,1883,1167,30788,1106,44495,1191,75283,California
Yolo,2021-03-31,2351,120373,1222,55760,1093,62694,36,1919,1193,30860,1157,45652,1229,76512,California
Yolo,2021-04-01,3836,124209,1851,57611,1511,64205,474,2393,1611,30723,2222,47874,2085,78597,California
Yolo,2021-04-02,3395,127604,1515,59126,1735,65940,145,2538,2104,31689,1285,49159,2251,80848,California
Yolo,2021-04-03,1803,129407,1087,60213,498,66438,218,2756,803,31711,999,50158,1021,81869,California
Yolo,2021-04-04,393,129800,156,60369,175,66613,62,2818,148,31676,245,50403,210,82079,California
Yolo,2021-04-05,1911,131711,732,61101,1079,67692,100,2918,1013,31897,893,51296,1114,83193,California
Yolo,2021-04-06,2575,134286,1307,62408,1097,68789,171,3089,1302,32107,1264,52560,1474,84667,California
Yolo,2021-04-07,2977,137263,1511,63919,1113,69902,353,3442,1920,33333,1051,53611,2277,86944,California
Yolo,2021-04-08,2413,139676,1000,64919,940,70842,473,3915,1018,33428,1392,55003,1487,88431,California
Yolo,2021-04-09,2563,142239,908,65827,1079,71921,576,4491,837,33111,1723,56726,1406,89837,California
Yolo,2021-04-10,1732,143971,818,66645,737,72658,177,4668,1022,33603,706,57432,1198,91035,California
Yolo,2021-04-11,888,144859,281,66926,563,73221,44,4712,364,33489,521,57953,407,91442,California
Yolo,2021-04-12,1758,146617,518,67444,1096,74317,144,4856,1086,34051,669,58622,1231,92673,California
Yolo,2021-04-13,1971,148588,912,68356,1059,75376,0,4856,1039,34159,931,59553,1039,93712,California
Yolo,2021-04-14,2764,151352,760,69116,2004,77380,0,4856,1367,34133,1393,60946,1367,95079,California
Yolo,2021-04-15,3315,154667,1135,70251,2180,79560,0,4856,2274,35372,1035,61981,2274,97353,California
Yolo,2021-04-16,3041,157708,1958,72209,1083,80643,0,4856,1937,36211,1098,63079,1937,99290,California
Yolo,2021-04-17,1605,159313,471,72680,1134,81777,0,4856,832,36273,770,63849,832,100122,California
Yolo,2021-04-18,630,159943,306,72986,324,82101,0,4856,351,36348,276,64125,351,100473,California
Yolo,2021-04-19,1663,161606,716,73702,946,83047,1,4857,763,36217,895,65020,764,101237,California
Yolo,2021-04-20,1996,163602,1013,74715,983,84030,0,4857,1070,36363,924,65944,1070,102307,California
Yolo,2021-04-21,1977,165579,984,75699,993,85023,0,4857,1075,36541,897,66841,1075,103382,California
Yolo,2021-04-22,1946,167525,883,76582,1063,86086,0,4857,970,36541,971,67812,971,104353,California
Yolo,2021-04-23,2617,170142,1526,78108,1091,87177,0,4857,1163,36261,1443,69255,1163,105516,California
Yolo,2021-04-24,1167,171309,641,78749,524,87701,2,4859,462,36028,697,69952,464,105980,California
Yolo,2021-04-25,949,172258,406,79155,543,88244,0,4859,728,36536,220,70172,728,106708,California
Yolo,2021-04-26,1176,173434,450,79605,723,88967,3,4862,484,36334,690,70862,488,107196,California
Yolo,2021-04-27,1489,174923,698,80303,782,89749,9,4871,574,36004,915,71777,585,107781,California
Yolo,2021-04-28,2017,176940,1000,81303,990,90739,27,4898,710,35437,1304,73081,737,108518,California
Yolo,2021-04-29,1710,178650,792,82095,836,91575,82,4980,651,35112,1058,74139,733,109251,California
Yolo,2021-04-30,2009,180659,993,83088,959,92534,57,5037,960,35086,1043,75182,1017,110268,California
Yolo,2021-05-01,1284,181943,998,84086,266,92800,20,5057,381,34585,902,76084,401,110669,California
Yolo,2021-05-02,496,182439,403,84489,70,92870,23,5080,322,34756,174,76258,345,111014,California
Yolo,2021-05-03,1122,183561,408,84897,680,93550,34,5114,303,34275,817,77075,336,111350,California
Yolo,2021-05-04,1438,184999,657,85554,757,94307,24,5138,486,33837,948,78023,510,111860,California
Yolo,2021-05-05,1551,186550,421,85975,1064,95371,66,5204,437,33233,1107,79130,503,112363,California
Yolo,2021-05-06,1505,188055,701,86676,724,96095,80,5284,497,32815,995,80125,577,112940,California
Yolo,2021-05-07,2298,190353,1373,88049,874,96969,51,5335,458,31491,1832,81957,508,113448,California
Yolo,2021-05-08,834,191187,358,88407,419,97388,57,5392,311,31338,520,82477,367,113815,California
Yolo,2021-05-09,393,191580,163,88570,217,97605,13,5405,90,31139,302,82779,103,113918,California
Yolo,2021-05-10,898,192478,355,88925,498,98103,45,5450,153,30593,743,83522,197,114115,California
Yolo,2021-05-11,1122,193600,651,89576,450,98553,21,5471,274,30043,845,84367,295,114410,California
Yolo,2021-05-12,1498,195098,663,90239,806,99359,29,5500,277,29134,1218,85585,309,114719,California
Yolo,2021-05-13,2068,197166,783,91022,1233,100592,52,5552,589,28300,1475,87060,641,115360,California
Yolo,2021-05-14,2020,199186,1503,92525,486,101078,31,5583,1151,28616,866,87926,1182,116542,California
Yolo,2021-05-15,1244,200430,704,93229,493,101571,47,5630,639,28697,605,88531,686,117228,California
Yolo,2021-05-16,1347,201777,1194,94423,147,101718,6,5636,984,29328,359,88890,990,118218,California
Yolo,2021-05-17,799,202576,392,94815,388,102106,19,5655,292,29137,502,89392,311,118529,California
Yolo,2021-05-18,1521,204097,1095,95910,405,102511,21,5676,914,29470,602,89994,935,119464,California
Yolo,2021-05-19,994,205091,584,96494,375,102886,35,5711,495,29503,497,90491,530,119994,California
Yolo,2021-05-20,853,205944,541,97035,291,103177,21,5732,361,29398,487,90978,382,120376,California
Yolo,2021-05-21,1240,207184,838,97873,385,103562,17,5749,310,28800,924,91902,326,120702,California
Yolo,2021-05-22,652,207836,466,98339,178,103740,8,5757,254,28667,395,92297,262,120964,California
Yolo,2021-05-23,465,208301,72,98411,380,104120,13,5770,59,28334,404,92701,71,121035,California
Yuba,2020-12-16,4,4,4,4,0,0,0,0,4,4,0,0,4,4,California
Yuba,2020-12-17,4,8,4,8,0,0,0,0,4,8,0,0,4,8,California
Yuba,2020-12-18,8,16,8,16,0,0,0,0,8,16,0,0,8,16,California
Yuba,2020-12-19,12,28,12,28,0,0,0,0,12,28,0,0,12,28,California
Yuba,2020-12-20,20,48,20,48,0,0,0,0,20,48,0,0,20,48,California
Yuba,2020-12-21,40,88,40,88,0,0,0,0,40,88,0,0,40,88,California
Yuba,2020-12-22,86,174,86,174,0,0,0,0,86,174,0,0,86,174,California
Yuba,2020-12-23,64,238,62,236,2,2,0,0,64,238,0,0,64,238,California
Yuba,2020-12-24,20,258,10,246,10,12,0,0,20,258,0,0,20,258,California
Yuba,2020-12-26,15,273,13,259,2,14,0,0,15,273,0,0,15,273,California
Yuba,2020-12-27,15,288,15,274,0,14,0,0,15,288,0,0,15,288,California
Yuba,2020-12-28,51,339,35,309,16,30,0,0,51,339,0,0,51,339,California
Yuba,2020-12-29,75,414,10,319,65,95,0,0,75,414,0,0,75,414,California
Yuba,2020-12-30,64,478,20,339,44,139,0,0,64,478,0,0,64,478,California
Yuba,2020-12-31,38,516,7,346,31,170,0,0,38,516,0,0,38,516,California
Yuba,2021-01-02,23,539,22,368,1,171,0,0,23,539,0,0,23,539,California
Yuba,2021-01-03,10,549,6,374,4,175,0,0,10,549,0,0,10,549,California
Yuba,2021-01-04,91,640,22,396,69,244,0,0,91,640,0,0,91,640,California
Yuba,2021-01-05,70,710,38,434,32,276,0,0,69,708,1,1,69,709,California
Yuba,2021-01-06,154,864,76,510,78,354,0,0,148,850,6,7,148,857,California
Yuba,2021-01-07,75,939,19,529,56,410,0,0,72,918,4,11,72,929,California
Yuba,2021-01-08,72,1011,24,553,48,458,0,0,65,976,7,18,65,994,California
Yuba,2021-01-09,19,1030,16,569,3,461,0,0,11,979,8,26,11,1005,California
Yuba,2021-01-10,117,1147,22,591,95,556,0,0,95,1052,22,48,95,1100,California
Yuba,2021-01-11,72,1219,50,641,22,578,0,0,32,1044,40,88,32,1132,California
Yuba,2021-01-12,108,1327,78,719,30,608,0,0,43,1022,65,153,43,1175,California
Yuba,2021-01-13,120,1447,72,791,48,656,0,0,55,1013,64,217,55,1230,California
Yuba,2021-01-14,110,1557,43,834,67,723,0,0,98,1099,12,229,98,1328,California
Yuba,2021-01-15,204,1761,87,921,117,840,0,0,193,1281,11,240,193,1521,California
Yuba,2021-01-16,185,1946,21,942,164,1004,0,0,173,1441,13,253,173,1694,California
Yuba,2021-01-17,13,1959,9,951,4,1008,0,0,7,1442,6,259,7,1701,California
Yuba,2021-01-18,60,2019,32,983,28,1036,0,0,35,1452,25,284,35,1736,California
Yuba,2021-01-19,81,2100,30,1013,51,1087,0,0,66,1503,15,299,66,1802,California
Yuba,2021-01-20,133,2233,87,1100,46,1133,0,0,110,1590,23,322,110,1912,California
Yuba,2021-01-21,213,2446,97,1197,116,1249,0,0,205,1787,8,330,205,2117,California
Yuba,2021-01-22,104,2550,6,1203,98,1347,0,0,95,1873,9,339,95,2212,California
Yuba,2021-01-23,200,2750,7,1210,193,1540,0,0,197,2067,3,342,197,2409,California
Yuba,2021-01-24,10,2760,7,1217,3,1543,0,0,8,2073,2,344,8,2417,California
Yuba,2021-01-25,86,2846,30,1247,56,1599,0,0,53,2094,32,376,53,2470,California
Yuba,2021-01-26,148,2994,39,1286,109,1708,0,0,90,2126,58,434,90,2560,California
Yuba,2021-01-27,184,3178,129,1415,55,1763,0,0,115,2172,69,503,115,2675,California
Yuba,2021-01-28,227,3405,89,1504,138,1901,0,0,175,2295,52,555,175,2850,California
Yuba,2021-01-29,148,3553,45,1549,103,2004,0,0,111,2369,37,592,111,2961,California
Yuba,2021-01-30,410,3963,23,1572,387,2391,0,0,399,2757,11,603,399,3360,California
Yuba,2021-01-31,18,3981,12,1584,6,2397,0,0,16,2771,2,605,16,3376,California
Yuba,2021-02-01,155,4136,75,1659,80,2477,0,0,131,2880,23,628,132,3508,California
Yuba,2021-02-02,123,4259,23,1682,100,2577,0,0,101,2959,22,650,101,3609,California
Yuba,2021-02-03,226,4485,29,1711,197,2774,0,0,114,2962,111,761,114,3723,California
Yuba,2021-02-04,296,4781,121,1832,175,2949,0,0,253,3172,43,804,253,3976,California
Yuba,2021-02-05,147,4928,32,1864,115,3064,0,0,71,3167,76,880,71,4047,California
Yuba,2021-02-06,449,5377,26,1890,423,3487,0,0,441,3600,8,888,441,4488,California
Yuba,2021-02-07,19,5396,12,1902,7,3494,0,0,15,3611,4,892,15,4503,California
Yuba,2021-02-08,96,5492,35,1937,61,3555,0,0,66,3647,30,922,66,4569,California
Yuba,2021-02-09,154,5646,56,1993,98,3653,0,0,84,3661,70,992,84,4653,California
Yuba,2021-02-10,355,6001,172,2165,183,3836,0,0,116,3539,238,1230,116,4769,California
Yuba,2021-02-11,396,6397,64,2229,332,4168,0,0,298,3741,96,1326,298,5067,California
Yuba,2021-02-12,264,6661,26,2255,238,4406,0,0,150,3777,114,1440,150,5217,California
Yuba,2021-02-13,436,7097,36,2291,400,4806,0,0,387,4115,49,1489,387,5604,California
Yuba,2021-02-14,54,7151,11,2302,43,4849,0,0,49,4159,5,1494,49,5653,California
Yuba,2021-02-15,87,7238,36,2338,51,4900,0,0,68,4208,19,1513,68,5721,California
Yuba,2021-02-16,199,7437,53,2391,146,5046,0,0,140,4290,58,1571,140,5861,California
Yuba,2021-02-17,373,7810,156,2547,217,5263,0,0,99,4116,273,1844,99,5960,California
Yuba,2021-02-18,317,8127,47,2594,270,5533,0,0,193,4185,124,1968,193,6153,California
Yuba,2021-02-19,225,8352,82,2676,143,5676,0,0,142,4244,83,2051,142,6295,California
Yuba,2021-02-20,391,8743,31,2707,360,6036,0,0,337,4527,54,2105,337,6632,California
Yuba,2021-02-21,17,8760,14,2721,3,6039,0,0,7,4524,10,2115,7,6639,California
Yuba,2021-02-22,128,8888,79,2800,49,6088,0,0,38,4473,89,2204,38,6677,California
Yuba,2021-02-23,114,9002,25,2825,89,6177,0,0,47,4454,66,2270,47,6724,California
Yuba,2021-02-24,482,9484,136,2961,346,6523,0,0,107,4186,375,2645,107,6831,California
Yuba,2021-02-25,342,9826,137,3098,205,6728,0,0,212,4268,130,2775,212,7043,California
Yuba,2021-02-26,257,10083,67,3165,190,6918,0,0,144,4301,111,2886,144,7187,California
Yuba,2021-02-27,472,10555,47,3212,425,7343,0,0,383,4597,87,2973,383,7570,California
Yuba,2021-02-28,66,10621,21,3233,45,7388,0,0,45,4621,21,2994,45,7615,California
Yuba,2021-03-01,156,10777,40,3273,116,7504,0,0,80,4626,75,3069,80,7695,California
Yuba,2021-03-02,160,10937,36,3309,124,7628,0,0,80,4626,80,3149,80,7775,California
Yuba,2021-03-03,623,11560,159,3468,464,8092,0,0,200,4404,422,3571,200,7975,California
Yuba,2021-03-04,466,12026,270,3738,196,8288,0,0,325,4589,140,3711,325,8300,California
Yuba,2021-03-05,316,12342,59,3797,256,8544,1,1,249,4772,67,3778,250,8550,California
Yuba,2021-03-06,476,12818,35,3832,437,8981,4,5,370,5040,106,3884,374,8924,California
Yuba,2021-03-07,50,12868,28,3860,21,9002,1,6,34,5059,16,3900,35,8959,California
Yuba,2021-03-08,159,13027,48,3908,95,9097,16,22,100,5116,59,3959,116,9075,California
Yuba,2021-03-09,178,13205,47,3955,111,9208,20,42,84,5126,94,4053,104,9179,California
Yuba,2021-03-10,738,13943,235,4190,473,9681,30,72,233,4885,504,4557,263,9442,California
Yuba,2021-03-11,437,14380,196,4386,229,9910,12,84,294,5048,143,4700,306,9748,California
Yuba,2021-03-12,461,14841,86,4472,321,10231,54,138,150,4941,311,5011,204,9952,California
Yuba,2021-03-13,459,15300,340,4812,104,10335,15,153,360,5218,98,5109,375,10327,California
Yuba,2021-03-14,108,15408,21,4833,77,10412,10,163,46,5214,60,5169,56,10383,California
Yuba,2021-03-15,190,15598,49,4882,124,10536,17,180,96,5233,94,5263,113,10496,California
Yuba,2021-03-16,293,15891,71,4953,197,10733,25,205,179,5324,113,5376,204,10700,California
Yuba,2021-03-17,740,16631,162,5115,549,11282,29,234,193,5001,545,5921,222,10922,California
Yuba,2021-03-18,584,17215,159,5274,312,11594,113,347,356,5241,228,6149,468,11390,California
Yuba,2021-03-19,327,17542,120,5394,158,11752,49,396,188,5340,138,6287,237,11627,California
Yuba,2021-03-20,554,18096,81,5475,455,12207,18,414,474,5753,79,6366,492,12119,California
Yuba,2021-03-21,61,18157,36,5511,25,12232,0,414,49,5790,12,6378,49,12168,California
Yuba,2021-03-22,191,18348,70,5581,114,12346,7,421,149,5904,42,6420,156,12324,California
Yuba,2021-03-23,263,18611,79,5660,157,12503,27,448,176,6022,85,6505,203,12527,California
Yuba,2021-03-24,771,19382,255,5915,435,12938,81,529,189,5711,580,7085,269,12796,California
Yuba,2021-03-25,502,19884,268,6183,212,13150,22,551,248,5727,254,7339,270,13066,California
Yuba,2021-03-26,395,20279,143,6326,225,13375,27,578,227,5814,167,7506,254,13320,California
Yuba,2021-03-27,458,20737,27,6353,428,13803,3,581,403,6165,54,7560,405,13725,California
Yuba,2021-03-28,100,20837,41,6394,55,13858,4,585,37,6143,63,7623,41,13766,California
Yuba,2021-03-29,295,21132,86,6480,177,14035,32,617,179,6238,116,7739,211,13977,California
Yuba,2021-03-30,274,21406,68,6548,198,14233,8,625,189,6350,85,7824,197,14174,California
Yuba,2021-03-31,669,22075,115,6663,542,14775,12,637,239,6172,429,8253,251,14425,California
Yuba,2021-04-01,622,22697,288,6951,305,15080,29,666,288,6155,334,8587,317,14742,California
Yuba,2021-04-02,496,23193,95,7046,318,15398,83,749,187,6116,308,8895,269,15011,California
Yuba,2021-04-03,653,23846,54,7100,117,15515,482,1231,86,6118,566,9461,568,15579,California
Yuba,2021-04-04,59,23905,11,7111,42,15557,6,1237,34,6133,25,9486,40,15619,California
Yuba,2021-04-05,244,24149,78,7189,145,15702,21,1258,123,6157,119,9605,143,15762,California
Yuba,2021-04-06,356,24505,113,7302,182,15884,61,1319,172,6206,183,9788,232,15994,California
Yuba,2021-04-07,771,25276,396,7698,322,16206,53,1372,348,6186,420,10208,400,16394,California
Yuba,2021-04-08,740,26016,288,7986,190,16396,262,1634,274,6256,465,10673,535,16929,California
Yuba,2021-04-09,395,26411,173,8159,156,16552,66,1700,161,6250,233,10906,227,17156,California
Yuba,2021-04-10,592,27003,71,8230,74,16626,447,2147,70,6246,520,11426,516,17672,California
Yuba,2021-04-11,104,27107,26,8256,66,16692,12,2159,44,6243,59,11485,56,17728,California
Yuba,2021-04-12,210,27317,45,8301,136,16828,29,2188,80,6223,129,11614,109,17837,California
Yuba,2021-04-13,394,27711,102,8403,292,17120,0,2188,201,6232,192,11806,201,18038,California
Yuba,2021-04-14,695,28406,109,8512,586,17706,0,2188,121,5780,573,12379,121,18159,California
Yuba,2021-04-15,335,28741,128,8640,207,17913,0,2188,145,5735,190,12569,145,18304,California
Yuba,2021-04-16,335,29076,99,8739,236,18149,0,2188,179,5759,155,12724,179,18483,California
Yuba,2021-04-17,401,29477,58,8797,343,18492,0,2188,330,6019,70,12794,330,18813,California
Yuba,2021-04-18,53,29530,10,8807,43,18535,0,2188,24,6014,29,12823,24,18837,California
Yuba,2021-04-19,247,29777,103,8910,144,18679,0,2188,105,5977,142,12965,105,18942,California
Yuba,2021-04-20,316,30093,78,8988,238,18917,0,2188,179,6021,136,13101,180,19122,California
Yuba,2021-04-21,699,30792,280,9268,419,19336,0,2188,297,5916,402,13503,297,19419,California
Yuba,2021-04-22,348,31140,136,9404,212,19548,0,2188,192,5952,156,13659,192,19611,California
Yuba,2021-04-23,343,31483,113,9517,230,19778,0,2188,164,5938,178,13837,164,19775,California
Yuba,2021-04-24,215,31698,68,9585,147,19925,0,2188,122,5967,93,13930,122,19897,California
Yuba,2021-04-25,72,31770,29,9614,43,19968,0,2188,35,5965,37,13967,35,19932,California
Yuba,2021-04-26,223,31993,53,9667,166,20134,4,2192,101,5948,122,14089,105,20037,California
Yuba,2021-04-27,472,32465,162,9829,300,20434,10,2202,234,5956,236,14325,244,20281,California
Yuba,2021-04-28,429,32894,175,10004,249,20683,5,2207,144,5826,279,14604,149,20430,California
Yuba,2021-04-29,426,33320,63,10067,362,21045,1,2208,144,5690,281,14885,145,20575,California
Yuba,2021-04-30,330,33650,94,10161,206,21251,30,2238,141,5674,187,15072,171,20746,California
Yuba,2021-05-01,206,33856,91,10252,96,21347,19,2257,93,5674,112,15184,112,20858,California
Yuba,2021-05-02,64,33920,34,10286,26,21373,4,2261,37,5688,27,15211,41,20899,California
Yuba,2021-05-03,140,34060,66,10352,65,21438,9,2270,45,5648,94,15305,54,20953,California
Yuba,2021-05-04,318,34378,94,10446,203,21641,21,2291,140,5631,178,15483,161,21114,California
Yuba,2021-05-05,316,34694,77,10523,232,21873,7,2298,113,5548,203,15686,120,21234,California
Yuba,2021-05-06,275,34969,103,10626,134,22007,38,2336,90,5494,182,15868,128,21362,California
Yuba,2021-05-07,358,35327,94,10720,236,22243,28,2364,122,5407,236,16104,149,21511,California
Yuba,2021-05-08,104,35431,32,10752,69,22312,3,2367,46,5398,58,16162,49,21560,California
Yuba,2021-05-09,52,35483,23,10775,26,22338,3,2370,37,5423,15,16177,40,21600,California
Yuba,2021-05-10,172,35655,56,10831,98,22436,18,2388,54,5378,117,16294,72,21672,California
Yuba,2021-05-11,367,36022,162,10993,191,22627,14,2402,135,5296,230,16524,148,21820,California
Yuba,2021-05-12,248,36270,123,11116,118,22745,7,2409,96,5247,152,16676,103,21923,California
Yuba,2021-05-13,343,36613,186,11302,114,22859,43,2452,108,5165,233,16909,151,22074,California
Yuba,2021-05-14,365,36978,140,11442,205,23064,20,2472,160,5139,205,17114,179,22253,California
Yuba,2021-05-15,433,37411,109,11551,303,23367,21,2493,110,4948,321,17435,130,22383,California
Yuba,2021-05-16,134,37545,44,11595,81,23448,9,2502,85,4994,48,17483,94,22477,California
Yuba,2021-05-17,212,37757,89,11684,103,23551,20,2522,92,4988,118,17601,112,22589,California
Yuba,2021-05-18,390,38147,160,11844,221,23772,9,2531,167,4941,223,17824,176,22765,California
Yuba,2021-05-19,265,38412,148,11992,111,23883,6,2537,138,4958,127,17951,144,22909,California
Yuba,2021-05-20,380,38792,284,12276,85,23968,11,2548,253,5096,126,18077,264,23173,California
Yuba,2021-05-21,474,39266,254,12530,214,24182,6,2554,298,5226,174,18251,304,23477,California
Yuba,2021-05-22,193,39459,108,12638,76,24258,9,2563,83,5208,110,18361,92,23569,California
Yuba,2021-05-23,15,39474,3,12641,12,24270,0,2563,10,5213,5,18366,10,23579,California
