county,administered_date,total_doses,cumulative_total_doses,pfizer_doses,cumulative_pfizer_doses,moderna_doses,cumulative_moderna_doses,jj_doses,cumulative_jj_doses,partially_vaccinated,total_partially_vaccinated,fully_vaccinated,cumulative_fully_vaccinated,at_least_one_dose,cumulative_at_least_one_dose,california_flag
All CA Counties,2020-12-15,1139,1139,1139,1139,0,0,0,0,1139,1139,0,0,1139,1139,
All CA Counties,2020-12-16,8432,9571,8432,9571,0,0,0,0,8432,9571,0,0,8432,9571,
All CA Counties,2020-12-17,25878,35449,25878,35449,0,0,0,0,25880,35451,0,0,25880,35451,
All CA Counties,2020-12-18,43908,79357,43852,79301,56,56,0,0,43909,79360,0,0,43909,79360,
All CA Counties,2020-12-19,25321,104678,25296,104597,25,81,0,0,25320,104679,1,1,25320,104680,
All CA Counties,2020-12-20,19023,123701,18996,123593,27,108,0,0,19022,123700,1,2,19022,123702,
All CA Counties,2020-12-21,49717,173418,49631,173224,86,194,0,0,49719,173418,2,4,49720,173422,
All CA Counties,2020-12-22,50090,223508,47963,221187,2127,2321,0,0,50088,223505,1,5,50088,223510,
All CA Counties,2020-12-23,50720,274228,41946,263133,8774,11095,0,0,50716,274220,4,9,50719,274229,
All CA Counties,2020-12-24,24118,298346,16397,279530,7721,18816,0,0,24115,298334,3,12,24117,298346,
All CA Counties,2020-12-25,2352,300698,2029,281559,323,19139,0,0,2352,300686,0,12,2352,300698,
All CA Counties,2020-12-26,14711,315409,9465,291024,5246,24385,0,0,14709,315394,1,13,14709,315407,
All CA Counties,2020-12-27,9440,324849,5590,296614,3850,28235,0,0,9439,324832,1,14,9439,324846,
All CA Counties,2020-12-28,45879,370728,29431,326045,16448,44683,0,0,45877,370706,3,17,45877,370723,
All CA Counties,2020-12-29,50998,421726,28435,354480,22563,67246,0,0,50994,421697,3,20,50994,421717,
All CA Counties,2020-12-30,62878,484604,35523,390003,27355,94601,0,0,62870,484564,6,26,62873,484590,
All CA Counties,2020-12-31,29350,513954,10859,400862,18491,113092,0,0,29341,513899,7,33,29342,513932,
All CA Counties,2021-01-01,4188,518142,1867,402729,2321,115413,0,0,4184,518080,3,36,4184,518116,
All CA Counties,2021-01-02,18435,536577,10360,413089,8075,123488,0,0,18434,536514,0,36,18434,536550,
All CA Counties,2021-01-03,6167,542744,3654,416743,2513,126001,0,0,6138,542640,12,48,6138,542688,
All CA Counties,2021-01-04,43580,586324,22210,438953,21370,147371,0,0,43501,586099,42,90,43501,586189,
All CA Counties,2021-01-05,56491,642815,30095,469048,26396,173767,0,0,51033,631822,5402,5492,51125,637314,
All CA Counties,2021-01-06,73334,716149,40635,509683,32699,206466,0,0,57942,674583,15213,20705,57974,695288,
All CA Counties,2021-01-07,92000,808149,52440,562123,39560,246026,0,0,61313,705426,30519,51224,61362,756650,
All CA Counties,2021-01-08,106674,914823,64171,626294,42503,288529,0,0,65484,729918,41056,92280,65548,822198,
All CA Counties,2021-01-09,44308,959131,25557,651851,18751,307280,0,0,27786,741233,16498,108778,27813,850011,
All CA Counties,2021-01-10,24305,983436,15015,666866,9290,316570,0,0,13074,743110,11214,119992,13091,863102,
All CA Counties,2021-01-11,104456,1087892,69501,736367,34955,351525,0,0,60622,760109,43792,163784,60791,923893,
All CA Counties,2021-01-12,113383,1201275,67129,803496,46254,397779,0,0,72382,791801,40922,204706,72614,996507,
All CA Counties,2021-01-13,119044,1320319,61776,865272,57268,455047,0,0,85346,843614,33612,238318,85425,1081932,
All CA Counties,2021-01-14,123691,1444010,49591,914863,74100,529147,0,0,104122,928434,19464,257782,104284,1186216,
All CA Counties,2021-01-15,141707,1585717,51799,966662,89908,619055,0,0,126669,1040364,14945,272727,126875,1313091,
All CA Counties,2021-01-16,80363,1666080,27324,993986,53039,672094,0,0,72807,1105691,7530,280257,72857,1385948,
All CA Counties,2021-01-17,48097,1714177,16797,1010783,31300,703394,0,0,44461,1146570,3629,283886,44508,1430456,
All CA Counties,2021-01-18,88063,1802240,45956,1056739,42107,745501,0,0,68782,1196307,19206,303092,68943,1499399,
All CA Counties,2021-01-19,141834,1944074,73576,1130315,68258,813759,0,0,110718,1276323,31024,334116,111040,1610439,
All CA Counties,2021-01-20,160141,2104215,81881,1212196,78260,892019,0,0,126599,1369854,33324,367440,126855,1737294,
All CA Counties,2021-01-21,173173,2277388,76874,1289070,96299,988318,0,0,154101,1505440,18862,386302,154448,1891742,
All CA Counties,2021-01-22,169357,2446745,69169,1358239,100188,1088506,0,0,155093,1646545,14132,400434,155237,2046979,
All CA Counties,2021-01-23,111220,2557965,49430,1407669,61790,1150296,0,0,98731,1732958,12431,412865,98844,2145823,
All CA Counties,2021-01-24,60960,2618925,29483,1437152,31477,1181773,0,0,56317,1784722,4613,417478,56377,2202200,
All CA Counties,2021-01-25,145031,2763956,65361,1502513,79670,1261443,0,0,109968,1860107,34938,452416,110323,2312523,
All CA Counties,2021-01-26,168383,2932339,82737,1585250,85646,1347089,0,0,130987,1954086,37265,489681,131244,2443767,
All CA Counties,2021-01-27,181917,3114256,87700,1672950,94217,1441306,0,0,142683,2058061,38918,528599,142893,2586660,
All CA Counties,2021-01-28,187542,3301798,86535,1759485,101007,1542313,0,0,153485,2177983,33772,562371,153694,2740354,
All CA Counties,2021-01-29,183285,3485083,88224,1847709,95061,1637374,0,0,148735,2292904,33980,596351,148901,2889255,
All CA Counties,2021-01-30,123370,3608453,55644,1903353,67726,1705100,0,0,107996,2385828,15211,611562,108135,2997390,
All CA Counties,2021-01-31,68962,3677415,38641,1941994,30321,1735421,0,0,64199,2445367,4714,616276,64253,3061643,
All CA Counties,2021-02-01,161782,3839197,75984,2017978,85798,1821219,0,0,121130,2526128,40495,656771,121256,3182899,
All CA Counties,2021-02-02,184420,4023617,77701,2095679,106719,1927938,0,0,140162,2622529,43982,700753,140383,3323282,
All CA Counties,2021-02-03,210754,4234371,95512,2191191,115242,2043180,0,0,156467,2725448,53791,754544,156710,3479992,
All CA Counties,2021-02-04,227608,4461979,99734,2290925,127874,2171054,0,0,167113,2832955,59961,814505,167468,3647460,
All CA Counties,2021-02-05,245698,4707677,106308,2397233,139390,2310444,0,0,167033,2922607,77901,892406,167553,3815013,
All CA Counties,2021-02-06,154720,4862397,74825,2472058,79895,2390339,0,0,119996,3008533,34560,926966,120486,3935499,
All CA Counties,2021-02-07,66799,4929196,43192,2515250,23607,2413946,0,0,50391,3043043,16331,943297,50841,3986340,
All CA Counties,2021-02-08,180577,5109773,88824,2604074,91753,2505699,0,0,119218,3102068,60931,1004228,119956,4106296,
All CA Counties,2021-02-09,211201,5320974,102122,2706196,109079,2614778,0,0,126695,3145842,84058,1088286,127832,4234128,
All CA Counties,2021-02-10,248228,5569202,119598,2825794,128630,2743408,0,0,137839,3175575,109579,1197865,139312,4373440,
All CA Counties,2021-02-11,265098,5834300,131284,2957078,133814,2877222,0,0,144926,3203213,119068,1316933,146706,4520146,
All CA Counties,2021-02-12,272026,6106326,119250,3076328,152776,3029998,0,0,146898,3228189,124278,1441211,149254,4669400,
All CA Counties,2021-02-13,166685,6273011,77240,3153568,89445,3119443,0,0,92165,3248150,74153,1515364,94114,4763514,
All CA Counties,2021-02-14,95244,6368255,47373,3200941,47871,3167314,0,0,51589,3257788,43491,1558855,53129,4816643,
All CA Counties,2021-02-15,142271,6510526,62402,3263343,79869,3247183,0,0,78769,3276547,63130,1621985,81889,4898532,
All CA Counties,2021-02-16,248599,6759125,117952,3381295,130647,3377830,0,0,133065,3297543,115161,1737146,136157,5034689,
All CA Counties,2021-02-17,258720,7017845,128740,3510035,129980,3507810,0,0,128946,3300449,129240,1866386,132146,5166835,
All CA Counties,2021-02-18,272317,7290162,142016,3652051,130301,3638111,0,0,131720,3296473,139903,2006289,135927,5302762,
All CA Counties,2021-02-19,252228,7542390,146294,3798345,105934,3744045,0,0,130296,3307392,121447,2127736,132366,5435128,
All CA Counties,2021-02-20,152565,7694955,97815,3896160,54750,3798795,0,0,84039,3325130,68268,2196004,86006,5521134,
All CA Counties,2021-02-21,81967,7776922,67930,3964090,14037,3812832,0,0,41298,3327560,40434,2236438,42864,5563998,
All CA Counties,2021-02-22,163623,7940545,109771,4073861,53852,3866684,0,0,82028,3330034,81280,2317718,83754,5647752,
All CA Counties,2021-02-23,225155,8165700,119280,4193141,105875,3972559,0,0,104978,3321405,119585,2437303,110956,5758708,
All CA Counties,2021-02-24,282682,8448382,142880,4336021,139802,4112361,0,0,134322,3315518,147741,2585044,141854,5900562,
All CA Counties,2021-02-25,319684,8768066,157396,4493417,162288,4274649,0,0,167287,3339623,151713,2736757,175818,6076380,
All CA Counties,2021-02-26,353078,9121144,164287,4657704,188791,4463440,0,0,196935,3388571,155243,2892000,204191,6280571,
All CA Counties,2021-02-27,251235,9372379,122025,4779729,129190,4592630,20,20,142708,3427786,107914,2999914,147129,6427700,
All CA Counties,2021-02-28,130302,9502681,77917,4857646,52380,4645010,5,25,76131,3453008,53751,3053665,78973,6506673,
All CA Counties,2021-03-01,239576,9742257,127651,4985297,111834,4756844,91,116,138325,3494900,100513,3154178,142405,6649078,
All CA Counties,2021-03-02,288678,10030935,146083,5131380,142576,4899420,19,135,174452,3562525,113720,3267898,181345,6830423,
All CA Counties,2021-03-03,331662,10362597,164560,5295940,167049,5066469,53,188,191123,3621136,139861,3407759,198472,7028895,
All CA Counties,2021-03-04,350888,10713485,177635,5473575,173164,5239633,89,277,206102,3690302,144043,3551802,213209,7242104,
All CA Counties,2021-03-05,339220,11052705,167037,5640612,171061,5410694,1122,1399,211416,3783090,126996,3678798,219784,7461888,
All CA Counties,2021-03-06,259195,11311900,133069,5773681,118327,5529021,7799,9198,161296,3859385,97488,3776286,173783,7635671,
All CA Counties,2021-03-07,127443,11439343,78430,5852111,44924,5573945,4089,13287,79902,3899689,47355,3823641,87659,7723330,
All CA Counties,2021-03-08,218576,11657919,106216,5958327,101968,5675913,10392,23679,143242,3983321,74959,3898600,158591,7881921,
All CA Counties,2021-03-09,291153,11949072,139329,6097656,135972,5811885,15852,39531,163588,4039725,127089,4025689,183493,8065414,
All CA Counties,2021-03-10,322150,12271222,160847,6258503,136905,5948790,24398,63929,174830,4096429,146676,4172365,203380,8268794,
All CA Counties,2021-03-11,376192,12647414,181855,6440358,161045,6109835,33292,97221,193435,4145528,181842,4354207,230941,8499735,
All CA Counties,2021-03-12,394559,13041973,176471,6616829,171820,6281655,46268,143489,194190,4190536,199583,4553790,244591,8744326,
All CA Counties,2021-03-13,282904,13324877,124799,6741628,127004,6408659,31101,174590,153090,4249739,129368,4683158,188571,8932897,
All CA Counties,2021-03-14,154801,13479678,83231,6824859,56490,6465149,15080,189670,78841,4270248,75681,4758839,96190,9029087,
All CA Counties,2021-03-15,290276,13769954,138702,6963561,131036,6596185,20538,210208,158278,4321157,131282,4890121,182191,9211278,
All CA Counties,2021-03-16,369926,14139880,173757,7137318,178889,6775074,17280,227488,214829,4402096,154372,5044493,235311,9446589,
All CA Counties,2021-03-17,383060,14522940,189502,7326820,175030,6950104,18528,246016,237621,4516125,144632,5189125,258661,9705250,
All CA Counties,2021-03-18,400499,14923439,205184,7532004,177344,7127448,17971,263987,238682,4614103,160738,5349863,258716,9963966,
All CA Counties,2021-03-19,410434,15333873,215829,7747833,173041,7300489,21564,285551,239612,4707398,169860,5519723,263155,10227121,
All CA Counties,2021-03-20,294572,15628445,154977,7902810,123746,7424235,15849,301400,186912,4804594,107005,5626728,204201,10431322,
All CA Counties,2021-03-21,143558,15772003,99257,8002067,36787,7461022,7514,308914,90143,4850531,53067,5679795,99004,10530326,
All CA Counties,2021-03-22,272944,16044947,159036,8161103,102720,7563742,11188,320102,178914,4950362,93275,5773070,193106,10723432,
All CA Counties,2021-03-23,356923,16401870,196519,8357622,149352,7713094,11052,331154,219719,5047403,136306,5909376,233347,10956779,
All CA Counties,2021-03-24,387099,16788969,221860,8579482,152791,7865885,12448,343602,225989,5128045,159892,6069268,240534,11197313,
All CA Counties,2021-03-25,417282,17206251,230120,8809602,172367,8038252,14795,358397,237235,5203480,178755,6248023,254190,11451503,
All CA Counties,2021-03-26,434573,17640824,232685,9042287,185827,8224079,16061,374458,235301,5259619,198078,6446101,254217,11705720,
All CA Counties,2021-03-27,312101,17952925,166279,9208566,134048,8358127,11774,386232,158125,5278598,153168,6599269,172147,11877867,
All CA Counties,2021-03-28,169080,18122005,108881,9317447,56623,8414750,3576,389808,89642,5294739,78992,6678261,95133,11973000,
All CA Counties,2021-03-29,309884,18431889,167376,9484823,133471,8548221,9037,398845,173372,5343891,135768,6814029,184920,12157920,
All CA Counties,2021-03-30,397843,18829732,201839,9686662,177819,8726040,18185,417030,224081,5414958,172993,6987022,244060,12401980,
All CA Counties,2021-03-31,425894,19255626,231921,9918583,172316,8898356,21657,438687,238340,5489458,186568,7173590,261068,12663048,
All CA Counties,2021-04-01,490637,19746263,251810,10170393,198663,9097019,40164,478851,271251,5583989,218120,7391710,312651,12975699,
All CA Counties,2021-04-02,472849,20219112,230782,10401175,199014,9296033,43053,521904,257319,5671817,214327,7606037,302155,13277854,
All CA Counties,2021-04-03,329159,20548271,167677,10568852,120105,9416138,41377,563281,164318,5714429,164222,7770259,206834,13484688,
All CA Counties,2021-04-04,132351,20680622,69065,10637917,44273,9460411,19013,582294,58170,5717864,73895,7844154,77330,13562018,
All CA Counties,2021-04-05,352846,21033468,182002,10819919,131249,9591660,39595,621889,174261,5756349,177904,8022058,216389,13778407,
All CA Counties,2021-04-06,456514,21489982,231508,11051427,159633,9751293,65373,687262,221633,5811516,233976,8256034,289143,14067550,
All CA Counties,2021-04-07,470627,21960609,244573,11296000,156327,9907620,69727,756989,229623,5872130,240096,8496130,300710,14368260,
All CA Counties,2021-04-08,497560,22458169,251259,11547259,162356,10069976,83945,840934,234529,5931506,261943,8758073,321319,14689579,
All CA Counties,2021-04-09,492723,22950892,245975,11793234,167372,10237348,79376,920310,227405,5977759,264319,9022392,310572,15000151,
All CA Counties,2021-04-10,365457,23316349,167447,11960681,124127,10361475,73883,994193,153583,5997132,211167,9233559,230540,15230691,
All CA Counties,2021-04-11,186499,23502848,104641,12065322,47860,10409335,33998,1028191,77013,6001949,109155,9342714,113972,15344663,
All CA Counties,2021-04-12,337305,23840153,173222,12238544,126275,10535610,37808,1065999,156267,6019387,180133,9522847,197571,15542234,
All CA Counties,2021-04-13,430068,24270221,240719,12479263,188416,10724026,933,1066932,240220,6074624,188896,9711743,244133,15786367,
All CA Counties,2021-04-14,448110,24718331,251498,12730761,196330,10920356,282,1067214,234496,6101350,212501,9924244,239227,16025594,
All CA Counties,2021-04-15,489136,25207467,285020,13015781,203877,11124233,239,1067453,274404,6165410,213344,10137588,277404,16302998,
All CA Counties,2021-04-16,473862,25681329,266924,13282705,206631,11330864,307,1067760,253028,6201465,219665,10357253,255720,16558718,
All CA Counties,2021-04-17,340028,26021357,190479,13473184,149508,11480372,41,1067801,193495,6252374,145741,10502994,196650,16755368,
All CA Counties,2021-04-18,153907,26175264,97734,13570918,56157,11536529,16,1067817,79190,6260228,74334,10577328,82188,16837556,
All CA Counties,2021-04-19,316900,26492164,182913,13753831,133900,11670429,87,1067904,150013,6246158,166030,10743358,151960,16989516,
All CA Counties,2021-04-20,406060,26898224,216130,13969961,189865,11860294,65,1067969,202443,6249090,202621,10945979,205553,17195069,
All CA Counties,2021-04-21,418531,27316755,237526,14207487,180745,12041039,260,1068229,200959,6237169,216213,11162192,204292,17399361,
All CA Counties,2021-04-22,445339,27762094,253951,14461438,191313,12232352,75,1068304,198962,6194306,245051,11407243,202188,17601549,
All CA Counties,2021-04-23,436725,28198819,248943,14710381,187695,12420047,87,1068391,197697,6157683,237676,11644919,201053,17802602,
All CA Counties,2021-04-24,322633,28521452,204064,14914445,118406,12538453,163,1068554,163681,6166698,158036,11802955,167051,17969653,
All CA Counties,2021-04-25,149247,28670699,98499,15012944,50682,12589135,66,1068620,80388,6180131,68427,11871382,81860,18051513,
All CA Counties,2021-04-26,279470,28950169,164044,15176988,113970,12703105,1456,1070076,121269,6149885,157288,12028670,127042,18178555,
All CA Counties,2021-04-27,348421,29298590,194145,15371133,148863,12851968,5413,1075489,140546,6092030,206808,12235478,148953,18327508,
All CA Counties,2021-04-28,346910,29645500,199133,15570266,139955,12991923,7822,1083311,141293,6038809,204613,12440091,151392,18478900,
All CA Counties,2021-04-29,355660,30001160,204954,15775220,142884,13134807,7822,1091133,128206,5950291,226359,12666450,137841,18616741,
All CA Counties,2021-04-30,370950,30372110,213121,15988341,149044,13283851,8785,1099918,140271,5871761,229487,12895937,150957,18767698,
All CA Counties,2021-05-01,246000,30618110,157335,16145676,82646,13366497,6019,1105937,89422,5813563,155837,13051774,97639,18865337,
All CA Counties,2021-05-02,115374,30733484,80303,16225979,31252,13397749,3819,1109756,40842,5784433,74156,13125930,45026,18910363,
All CA Counties,2021-05-03,250637,30984121,154787,16380766,87197,13484946,8653,1118409,75929,5695933,173926,13299856,85426,18995789,
All CA Counties,2021-05-04,324210,31308331,197761,16578527,116759,13601705,9690,1128099,95716,5575020,227459,13527315,106546,19102335,
All CA Counties,2021-05-05,327499,31635830,203658,16782185,113887,13715592,9954,1138053,92146,5443889,234196,13761511,103065,19205400,
All CA Counties,2021-05-06,346377,31982207,226198,17008383,109758,13825350,10421,1148474,88187,5288340,256644,14018155,101095,19306495,
All CA Counties,2021-05-07,343241,32325448,215290,17223673,118162,13943512,9789,1158263,93323,5144054,248620,14266775,104334,19410829,
All CA Counties,2021-05-08,222813,32548261,141264,17364937,74879,14018391,6670,1164933,61245,5052845,160542,14427317,69333,19480162,
All CA Counties,2021-05-09,92978,32641239,69899,17434836,20107,14038498,2972,1167905,25457,5014622,67073,14494390,28850,19509012,
All CA Counties,2021-05-10,200034,32841273,113873,17548709,78447,14116945,7714,1175619,49699,4923826,149466,14643856,58670,19567682,
All CA Counties,2021-05-11,258165,33099438,144629,17693338,105444,14222389,8092,1183711,67997,4812276,189284,14833140,77734,19645416,
All CA Counties,2021-05-12,251815,33351253,144636,17837974,98865,14321254,8314,1192025,68929,4708612,181942,15015082,78278,19723694,
All CA Counties,2021-05-13,289075,33640328,185654,18023628,96398,14417652,7023,1199048,107756,4645695,180198,15195280,117281,19840975,
All CA Counties,2021-05-14,331294,33971622,212173,18235801,110430,14528082,8691,1207739,130792,4587886,199365,15394645,141556,19982531,
All CA Counties,2021-05-15,272666,34244288,190780,18426581,76053,14604135,5833,1213572,112339,4547489,159524,15554169,119127,20101658,
All CA Counties,2021-05-16,134382,34378670,102857,18529438,28611,14632746,2914,1216486,54725,4526275,79232,15633401,58018,20159676,
All CA Counties,2021-05-17,236425,34615095,155921,18685359,73244,14705990,7260,1223746,98816,4496509,136774,15770175,107008,20266684,
All CA Counties,2021-05-18,276734,34891829,169121,18854480,100311,14806301,7302,1231048,113357,4456272,162272,15932447,122035,20388719,
All CA Counties,2021-05-19,270608,35162437,169098,19023578,94150,14900451,7360,1238408,116175,4427454,153435,16085882,124617,20513336,
All CA Counties,2021-05-20,221772,35384209,132748,19156326,81811,14982262,7213,1245621,88649,4392377,132192,16218074,97115,20610451,
All CA Counties,2021-05-21,238851,35623060,147891,19304217,83923,15066185,7037,1252658,93364,4349278,144482,16362556,101383,20711834,
All CA Counties,2021-05-22,166243,35789303,111810,19416027,48984,15115169,5449,1258107,73361,4336657,92297,16454853,79676,20791510,
All CA Counties,2021-05-23,61046,35850349,45893,19461920,13030,15128199,2123,1260230,28310,4334839,32467,16487320,30649,20822159,
All CA Counties,2021-05-24,164027,36014376,95203,19557123,60721,15188920,8103,1268333,64432,4309351,98848,16586168,73360,20895519,
All CA Counties,2021-05-25,185112,36199488,108876,19665999,68463,15257383,7773,1276106,73230,4280512,110933,16697101,82094,20977613,
All CA Counties,2021-05-26,177691,36377179,102191,19768190,68005,15325388,7495,1283601,71453,4254876,105253,16802354,79617,21057230,
All CA Counties,2021-05-27,166434,36543613,95445,19863635,62942,15388330,8047,1291648,69446,4237155,96217,16898571,78496,21135726,
All CA Counties,2021-05-28,179867,36723480,104301,19967936,68944,15457274,6622,1298270,78329,4222431,100729,16999300,86005,21221731,
All CA Counties,2021-05-29,100333,36823813,62104,20030040,34676,15491950,3553,1301823,47608,4221823,52246,17051546,51638,21273369,
All CA Counties,2021-05-30,16481,36840294,9741,20039781,5681,15497631,1059,1302882,5621,4217813,10783,17062329,6773,21280142,
All CA and Non-CA Counties,2020-12-15,1146,1146,1146,1146,0,0,0,0,1146,1146,0,0,1146,1146,
All CA and Non-CA Counties,2020-12-16,8704,9850,8704,9850,0,0,0,0,8704,9850,0,0,8704,9850,
All CA and Non-CA Counties,2020-12-17,27478,37328,27478,37328,0,0,0,0,27478,37328,0,0,27478,37328,
All CA and Non-CA Counties,2020-12-18,46460,83788,46397,83725,63,63,0,0,46460,83788,0,0,46460,83788,
All CA and Non-CA Counties,2020-12-19,26358,110146,26332,110057,26,89,0,0,26357,110144,1,1,26357,110145,
All CA and Non-CA Counties,2020-12-20,19705,129851,19675,129732,30,119,0,0,19704,129847,1,2,19704,129849,
All CA and Non-CA Counties,2020-12-21,51906,181757,51817,181549,89,208,0,0,51904,181750,2,4,51905,181754,
All CA and Non-CA Counties,2020-12-22,52175,233932,49974,231523,2201,2409,0,0,52173,233922,1,5,52173,233927,
All CA and Non-CA Counties,2020-12-23,52252,286184,43338,274861,8914,11323,0,0,52247,286168,4,9,52250,286177,
All CA and Non-CA Counties,2020-12-24,24923,311107,17009,291870,7914,19237,0,0,24920,311087,3,12,24922,311099,
All CA and Non-CA Counties,2020-12-25,2386,313493,2058,293928,328,19565,0,0,2386,313473,0,12,2386,313485,
All CA and Non-CA Counties,2020-12-26,15018,328511,9668,303596,5350,24915,0,0,15016,328488,1,13,15016,328501,
All CA and Non-CA Counties,2020-12-27,9630,338141,5664,309260,3966,28881,0,0,9629,338116,1,14,9629,338130,
All CA and Non-CA Counties,2020-12-28,47293,385434,30326,339586,16967,45848,0,0,47290,385403,3,17,47290,385420,
All CA and Non-CA Counties,2020-12-29,52543,437977,29450,369036,23093,68941,0,0,52539,437939,3,20,52539,437959,
All CA and Non-CA Counties,2020-12-30,64848,502825,36806,405842,28042,96983,0,0,64840,502776,6,26,64843,502802,
All CA and Non-CA Counties,2020-12-31,30469,533294,11460,417302,19009,115992,0,0,30458,533227,8,34,30459,533261,
All CA and Non-CA Counties,2021-01-01,4300,537594,1892,419194,2408,118400,0,0,4296,537520,3,37,4296,537557,
All CA and Non-CA Counties,2021-01-02,18675,556269,10492,429686,8183,126583,0,0,18673,556192,1,38,18673,556230,
All CA and Non-CA Counties,2021-01-03,6337,562606,3745,433431,2592,129175,0,0,6308,562488,12,50,6308,562538,
All CA and Non-CA Counties,2021-01-04,44733,607339,22727,456158,22006,151181,0,0,44648,607093,43,93,44648,607186,
All CA and Non-CA Counties,2021-01-05,58037,665376,30912,487070,27125,178306,0,0,52387,653981,5592,5685,52480,659666,
All CA and Non-CA Counties,2021-01-06,76041,741417,42234,529304,33807,212113,0,0,59911,697977,15947,21632,59943,719609,
All CA and Non-CA Counties,2021-01-07,96207,837624,55041,584345,41166,253279,0,0,63866,729723,32171,53803,63917,783526,
All CA and Non-CA Counties,2021-01-08,111184,948808,67088,651433,44096,297375,0,0,68123,754995,42918,96721,68190,851716,
All CA and Non-CA Counties,2021-01-09,45630,994438,26091,677524,19539,316914,0,0,28781,766980,16825,113546,28810,880526,
All CA and Non-CA Counties,2021-01-10,24609,1019047,15197,692721,9412,326326,0,0,13257,768919,11335,124881,13274,893800,
All CA and Non-CA Counties,2021-01-11,107773,1126820,71526,764247,36247,362573,0,0,62611,786580,45119,170000,62780,956580,
All CA and Non-CA Counties,2021-01-12,117265,1244085,69454,833701,47811,410384,0,0,74723,819081,42458,212458,74959,1031539,
All CA and Non-CA Counties,2021-01-13,122729,1366814,63586,897287,59143,469527,0,0,87861,872241,34783,247241,87943,1119482,
All CA and Non-CA Counties,2021-01-14,127414,1494228,50870,948157,76544,546071,0,0,107205,959519,20091,267332,107369,1226851,
All CA and Non-CA Counties,2021-01-15,145950,1640178,52795,1000952,93155,639226,0,0,130445,1074771,15399,282731,130651,1357502,
All CA and Non-CA Counties,2021-01-16,83063,1723241,27716,1028668,55347,694573,0,0,75331,1142448,7704,290435,75381,1432883,
All CA and Non-CA Counties,2021-01-17,48600,1771841,16954,1045622,31646,726219,0,0,44913,1183728,3680,294115,44960,1477843,
All CA and Non-CA Counties,2021-01-18,89310,1861151,46774,1092396,42536,768755,0,0,69573,1233801,19661,313776,69734,1547577,
All CA and Non-CA Counties,2021-01-19,145929,2007080,74919,1167315,71010,839765,0,0,113922,1316134,31914,345690,114247,1661824,
All CA and Non-CA Counties,2021-01-20,164647,2171727,83365,1250680,81282,921047,0,0,130118,1412201,34308,379998,130375,1792199,
All CA and Non-CA Counties,2021-01-21,177366,2349093,78053,1328733,99313,1020360,0,0,157732,1550869,19411,399409,158079,1950278,
All CA and Non-CA Counties,2021-01-22,174034,2523127,70288,1399021,103746,1124106,0,0,159368,1695852,14530,413939,159513,2109791,
All CA and Non-CA Counties,2021-01-23,113506,2636633,49770,1448791,63736,1187842,0,0,100855,1784227,12593,426532,100968,2210759,
All CA and Non-CA Counties,2021-01-24,61570,2698203,29731,1478522,31839,1219681,0,0,56851,1836448,4690,431222,56911,2267670,
All CA and Non-CA Counties,2021-01-25,149580,2847783,67329,1545851,82251,1301932,0,0,113613,1914578,35839,467061,113969,2381639,
All CA and Non-CA Counties,2021-01-26,174423,3022206,85706,1631557,88717,1390649,0,0,136161,2012870,38133,505194,136425,2518064,
All CA and Non-CA Counties,2021-01-27,186963,3209169,90383,1721940,96580,1487229,0,0,147091,2120621,39551,544745,147302,2665366,
All CA and Non-CA Counties,2021-01-28,192989,3402158,89532,1811472,103457,1590686,0,0,158330,2244793,34367,579112,158539,2823905,
All CA and Non-CA Counties,2021-01-29,188349,3590507,91439,1902911,96910,1687596,0,0,153013,2363209,34765,613877,153181,2977086,
All CA and Non-CA Counties,2021-01-30,127870,3718377,58092,1961003,69778,1757374,0,0,112264,2460169,15444,629321,112404,3089490,
All CA and Non-CA Counties,2021-01-31,72032,3790409,41291,2002294,30741,1788115,0,0,67216,2522673,4767,634088,67271,3156761,
All CA and Non-CA Counties,2021-02-01,167333,3957742,78591,2080885,88742,1876857,0,0,125965,2607559,41205,675293,126091,3282852,
All CA and Non-CA Counties,2021-02-02,191272,4149014,79923,2160808,111349,1988206,0,0,146285,2709362,44703,719996,146506,3429358,
All CA and Non-CA Counties,2021-02-03,218106,4367120,97624,2258432,120482,2108688,0,0,162937,2817878,54665,774661,163181,3592539,
All CA and Non-CA Counties,2021-02-04,234463,4601583,101962,2360394,132501,2241189,0,0,172964,2930242,60956,835617,173320,3765859,
All CA and Non-CA Counties,2021-02-05,252521,4854104,108554,2468948,143967,2385156,0,0,172782,3024573,78971,914588,173302,3939161,
All CA and Non-CA Counties,2021-02-06,159171,5013275,76998,2545946,82173,2467329,0,0,123974,3114015,35025,949613,124467,4063628,
All CA and Non-CA Counties,2021-02-07,69042,5082317,45047,2590993,23995,2491324,0,0,52552,3150606,16413,966026,53004,4116632,
All CA and Non-CA Counties,2021-02-08,185976,5268293,92250,2683243,93726,2585050,0,0,123520,3212847,62017,1028043,124258,4240890,
All CA and Non-CA Counties,2021-02-09,215506,5483799,104064,2787307,111442,2696492,0,0,129679,3258309,85368,1113411,130830,4371720,
All CA and Non-CA Counties,2021-02-10,253871,5737670,121570,2908877,132301,2828793,0,0,141021,3288813,112031,1225442,142535,4514255,
All CA and Non-CA Counties,2021-02-11,270032,6007702,133635,3042512,136397,2965190,0,0,148515,3318722,120404,1345846,150313,4664568,
All CA and Non-CA Counties,2021-02-12,277315,6285017,121235,3163747,156080,3121270,0,0,150333,3345295,126120,1471966,152693,4817261,
All CA and Non-CA Counties,2021-02-13,169133,6454150,77968,3241715,91165,3212435,0,0,94057,3366605,74708,1546674,96018,4913279,
All CA and Non-CA Counties,2021-02-14,96595,6550745,47795,3289510,48800,3261235,0,0,52695,3377111,43731,1590405,54237,4967516,
All CA and Non-CA Counties,2021-02-15,144861,6695606,63968,3353478,80893,3342128,0,0,80030,3395821,64444,1654849,83154,5050670,
All CA and Non-CA Counties,2021-02-16,255127,6950733,120920,3474398,134207,3476335,0,0,135679,3415533,119064,1773913,138776,5189446,
All CA and Non-CA Counties,2021-02-17,264674,7215407,131725,3606123,132949,3609284,0,0,130800,3416205,133333,1907246,134005,5323451,
All CA and Non-CA Counties,2021-02-18,278821,7494228,145809,3751932,133012,3742296,0,0,133791,3409887,144317,2051563,137999,5461450,
All CA and Non-CA Counties,2021-02-19,258142,7752370,150438,3902370,107704,3850000,0,0,132776,3419861,124874,2176437,134848,5596298,
All CA and Non-CA Counties,2021-02-20,155907,7908277,100506,4002876,55401,3905401,0,0,85285,3436754,70360,2246797,87253,5683551,
All CA and Non-CA Counties,2021-02-21,84710,7992987,70456,4073332,14254,3919655,0,0,42151,3438155,42319,2289116,43720,5727271,
All CA and Non-CA Counties,2021-02-22,167104,8160091,112319,4185651,54785,3974440,0,0,83659,3440418,83127,2372243,85390,5812661,
All CA and Non-CA Counties,2021-02-23,231225,8391316,122700,4308351,108525,4082965,0,0,107340,3430465,123285,2495528,113332,5925993,
All CA and Non-CA Counties,2021-02-24,289125,8680441,146440,4454791,142685,4225650,0,0,136793,3423087,151708,2647236,144330,6070323,
All CA and Non-CA Counties,2021-02-25,326663,9007104,160956,4615747,165707,4391357,0,0,170383,3446439,155566,2802802,178918,6249241,
All CA and Non-CA Counties,2021-02-26,359965,9367069,167936,4783683,192029,4583386,0,0,200051,3494816,158931,2961733,207308,6456549,
All CA and Non-CA Counties,2021-02-27,256752,9623821,124802,4908485,131929,4715315,21,21,144589,3532293,111537,3073270,149014,6605563,
All CA and Non-CA Counties,2021-02-28,132759,9756580,79707,4988192,53046,4768361,6,27,76940,3556682,55395,3128665,79784,6685347,
All CA and Non-CA Counties,2021-03-01,244590,10001170,130840,5119032,113658,4882019,92,119,139698,3596321,104145,3232810,143784,6829131,
All CA and Non-CA Counties,2021-03-02,295435,10296605,148580,5267612,146836,5028855,19,138,176517,3661336,118397,3351207,183412,7012543,
All CA and Non-CA Counties,2021-03-03,339544,10636149,167636,5435248,171853,5200708,55,193,193765,3717370,145086,3496293,201120,7213663,
All CA and Non-CA Counties,2021-03-04,357730,10993879,180577,5615825,177060,5377768,93,286,208416,3784344,148555,3644848,215529,7429192,
All CA and Non-CA Counties,2021-03-05,344524,11338403,169726,5785551,173662,5551430,1136,1422,214163,3877352,129545,3774393,222553,7651745,
All CA and Non-CA Counties,2021-03-06,263827,11602230,135227,5920778,120644,5672074,7956,9378,163654,3953899,99759,3874152,176306,7828051,
All CA and Non-CA Counties,2021-03-07,129048,11731278,79460,6000238,45445,5717519,4143,13521,80879,3994608,47983,3922135,88692,7916743,
All CA and Non-CA Counties,2021-03-08,221714,11952992,108080,6108318,102996,5820515,10638,24159,145453,4079805,75858,3997993,161055,8077798,
All CA and Non-CA Counties,2021-03-09,295835,12248827,141722,6250040,137941,5958456,16172,40331,166338,4137350,129018,4127011,186563,8264361,
All CA and Non-CA Counties,2021-03-10,326571,12575398,162969,6413009,138690,6097146,24912,65243,177561,4195624,148358,4275369,206632,8470993,
All CA and Non-CA Counties,2021-03-11,382387,12957785,185014,6598023,163386,6260532,33987,99230,196770,4245900,184696,4460065,234972,8705965,
All CA and Non-CA Counties,2021-03-12,401103,13358888,180409,6778432,173695,6434227,46999,146229,197806,4292342,202501,4662566,248943,8954908,
All CA and Non-CA Counties,2021-03-13,286709,13645597,126992,6905424,128140,6562367,31577,177806,155694,4353443,130561,4793127,191662,9146570,
All CA and Non-CA Counties,2021-03-14,156632,13802229,84175,6989599,57035,6619402,15422,193228,79853,4374491,76499,4869626,97547,9244117,
All CA and Non-CA Counties,2021-03-15,294374,14096603,140837,7130436,132537,6751939,21000,214228,160481,4426178,133172,5002798,184859,9428976,
All CA and Non-CA Counties,2021-03-16,377487,14474090,178154,7308590,181667,6933606,17666,231894,219027,4508338,157732,5160530,239892,9668868,
All CA and Non-CA Counties,2021-03-17,391539,14865629,194973,7503563,177661,7111267,18905,250799,242732,4624493,147995,5308525,264150,9933018,
All CA and Non-CA Counties,2021-03-18,408851,15274480,210337,7713900,180004,7291271,18510,269309,243531,4724365,164232,5472757,264104,10197122,
All CA and Non-CA Counties,2021-03-19,417796,15692276,220189,7934089,175499,7466770,22108,291417,244040,4819707,172789,5645546,268131,10465253,
All CA and Non-CA Counties,2021-03-20,299364,15991640,158136,8092225,125292,7592062,15936,307353,190582,4919546,108119,5753665,207958,10673211,
All CA and Non-CA Counties,2021-03-21,145667,16137307,100705,8192930,37361,7629423,7601,314954,91833,4966844,53483,5807148,100781,10773992,
All CA and Non-CA Counties,2021-03-22,276222,16413529,161009,8353939,103936,7733359,11277,326231,181154,5067978,94301,5901449,195435,10969427,
All CA and Non-CA Counties,2021-03-23,363008,16776537,199620,8553559,152031,7885390,11357,337588,223857,5167530,138238,6039687,237790,11207217,
All CA and Non-CA Counties,2021-03-24,394445,17170982,225638,8779197,155910,8041300,12897,350485,231091,5251484,162129,6201816,246083,11453300,
All CA and Non-CA Counties,2021-03-25,425593,17596575,234000,9013197,176274,8217574,15319,365804,243293,5331265,180993,6382809,260774,11714074,
All CA and Non-CA Counties,2021-03-26,441271,18037846,236254,9249451,188778,8406352,16239,382043,239718,5389745,200331,6583140,258811,11972885,
All CA and Non-CA Counties,2021-03-27,317675,18355521,169430,9418881,136254,8542606,11991,394034,161626,5410372,155235,6738375,175862,12148747,
All CA and Non-CA Counties,2021-03-28,172179,18527700,110541,9529422,57901,8600507,3737,397771,91645,5427587,80082,6818457,97297,12246044,
All CA and Non-CA Counties,2021-03-29,315080,18842780,169724,9699146,135968,8736475,9388,407159,176330,5477817,138000,6956457,188230,12434274,
All CA and Non-CA Counties,2021-03-30,404741,19247521,205481,9904627,180510,8916985,18750,425909,228143,5550695,175817,7132274,248695,12682969,
All CA and Non-CA Counties,2021-03-31,432259,19679780,235757,10140384,174070,9091055,22432,448341,241725,5626377,189543,7321817,265225,12948194,
All CA and Non-CA Counties,2021-04-01,498146,20177926,256332,10396716,201005,9292060,40809,489150,275597,5722740,221275,7543092,317638,13265832,
All CA and Non-CA Counties,2021-04-02,481380,20659306,235336,10632052,201836,9493896,44208,533358,261743,5812046,218427,7761519,307733,13573565,
All CA and Non-CA Counties,2021-04-03,335338,20994644,171343,10803395,121453,9615349,42542,575900,167552,5856121,167158,7928677,211233,13784798,
All CA and Non-CA Counties,2021-04-04,134147,21128791,69945,10873340,44954,9660303,19248,595148,59149,5859953,74710,8003387,78542,13863340,
All CA and Non-CA Counties,2021-04-05,356973,21485764,184053,11057393,132664,9792967,40256,635404,176228,5898912,180058,8183445,219017,14082357,
All CA and Non-CA Counties,2021-04-06,463522,21949286,235285,11292678,161269,9954236,66968,702372,224467,5954346,238137,8421582,293571,14375928,
All CA and Non-CA Counties,2021-04-07,478824,22428110,249292,11541970,158113,10112349,71419,773791,232804,6014824,245104,8666686,305582,14681510,
All CA and Non-CA Counties,2021-04-08,505671,22933781,255570,11797540,164215,10276564,85886,859677,237676,6074331,266900,8933586,326407,15007917,
All CA and Non-CA Counties,2021-04-09,500177,23433958,249848,12047388,169034,10445598,81295,940972,230274,6120803,268896,9202482,315368,15323285,
All CA and Non-CA Counties,2021-04-10,371581,23805539,170538,12217926,125297,10570895,75746,1016718,155295,6139346,215573,9418055,234116,15557401,
All CA and Non-CA Counties,2021-04-11,189322,23994861,106175,12324101,48514,10619409,34633,1051351,77966,6143888,111022,9529077,115564,15672965,
All CA and Non-CA Counties,2021-04-12,341390,24336251,175510,12499611,127532,10746941,38348,1089699,158069,6161390,182410,9711487,199912,15872877,
All CA and Non-CA Counties,2021-04-13,435787,24772038,244409,12744020,190422,10937363,956,1090655,243149,6216795,191680,9903167,247085,16119962,
All CA and Non-CA Counties,2021-04-14,453381,25225419,254834,12998854,198261,11135624,286,1090941,237343,6243950,214923,10118090,242078,16362040,
All CA and Non-CA Counties,2021-04-15,495263,25720682,288884,13287738,206133,11341757,246,1091187,277670,6308476,216152,10334242,280678,16642718,
All CA and Non-CA Counties,2021-04-16,479730,26200412,270310,13558048,209106,11550863,314,1091501,256282,6345188,222270,10556512,258982,16901700,
All CA and Non-CA Counties,2021-04-17,345379,26545791,193721,13751769,151616,11702479,42,1091543,196534,6396832,148046,10704558,199690,17101390,
All CA and Non-CA Counties,2021-04-18,155993,26701784,98890,13850659,57086,11759565,17,1091560,80165,6404556,75441,10779999,83165,17184555,
All CA and Non-CA Counties,2021-04-19,321046,27022830,184938,14035597,136020,11895585,88,1091648,152147,6390623,168031,10948030,154098,17338653,
All CA and Non-CA Counties,2021-04-20,411425,27434255,218584,14254181,192776,12088361,65,1091713,204636,6392578,205791,11153821,207746,17546399,
All CA and Non-CA Counties,2021-04-21,424910,27859165,240241,14494422,184405,12272766,264,1091977,203228,6378830,220313,11374134,206565,17752964,
All CA and Non-CA Counties,2021-04-22,452092,28311257,257437,14751859,194577,12467343,78,1092055,201411,6334126,249345,11623479,204641,17957605,
All CA and Non-CA Counties,2021-04-23,442672,28753929,251964,15003823,190620,12657963,88,1092143,200157,6296493,241148,11864627,203515,18161120,
All CA and Non-CA Counties,2021-04-24,327120,29081049,207047,15210870,119906,12777869,167,1092310,165422,6304515,160777,12025404,168799,18329919,
All CA and Non-CA Counties,2021-04-25,151471,29232520,99777,15310647,51626,12829495,68,1092378,81562,6318079,69475,12094879,83039,18412958,
All CA and Non-CA Counties,2021-04-26,283135,29515655,165695,15476342,115959,12945454,1481,1093859,122914,6287488,159303,12254182,128712,18541670,
All CA and Non-CA Counties,2021-04-27,353751,29869406,196078,15672420,151968,13097422,5705,1099564,142499,6228506,210186,12464368,151204,18692874,
All CA and Non-CA Counties,2021-04-28,351853,30221259,201269,15873689,142367,13239789,8217,1107781,143287,6174733,207555,12671923,153782,18846656,
All CA and Non-CA Counties,2021-04-29,360644,30581903,207268,16080957,145122,13384911,8254,1116035,130163,6085593,229370,12901293,140230,18986886,
All CA and Non-CA Counties,2021-04-30,375987,30957890,215618,16296575,151155,13536066,9214,1125249,142257,6006433,232533,13133826,153373,19140259,
All CA and Non-CA Counties,2021-05-01,249301,31207191,159301,16455876,83552,13619618,6448,1131697,90813,5948148,157743,13291569,99458,19239717,
All CA and Non-CA Counties,2021-05-02,117261,31324452,81404,16537280,31914,13651532,3943,1135640,41711,5918995,75172,13366741,46019,19285736,
All CA and Non-CA Counties,2021-05-03,253682,31578134,156578,16693858,88169,13739701,8935,1144575,77215,5830304,175684,13542425,86993,19372729,
All CA and Non-CA Counties,2021-05-04,328479,31906613,200210,16894068,118132,13857833,10137,1154712,97377,5708888,230065,13772490,108649,19481378,
All CA and Non-CA Counties,2021-05-05,332126,32238739,206403,17100471,115397,13973230,10326,1165038,94015,5577250,236947,14009437,105309,19586687,
All CA and Non-CA Counties,2021-05-06,350899,32589638,229067,17329538,111075,14084305,10757,1175795,89926,5420996,259423,14268860,103169,19689856,
All CA and Non-CA Counties,2021-05-07,348150,32937788,218219,17547757,119758,14204063,10173,1185968,95275,5276097,251568,14520428,106669,19796525,
All CA and Non-CA Counties,2021-05-08,226402,33164190,143740,17691497,75745,14279808,6917,1192885,62738,5184593,162578,14683006,71074,19867599,
All CA and Non-CA Counties,2021-05-09,94360,33258550,70787,17762284,20472,14300280,3101,1195986,26054,5146330,67838,14750844,29575,19897174,
All CA and Non-CA Counties,2021-05-10,202723,33461273,115133,17877417,79550,14379830,8040,1204026,50778,5055349,151058,14901902,60077,19957251,
All CA and Non-CA Counties,2021-05-11,261070,33722343,146049,18023466,106643,14486473,8378,1212404,69162,4943514,191023,15092925,79188,20036439,
All CA and Non-CA Counties,2021-05-12,254700,33977043,145979,18169445,100110,14586583,8611,1221015,70044,4839496,183707,15276632,79689,20116128,
All CA and Non-CA Counties,2021-05-13,291864,34268907,187254,18356699,97387,14683970,7223,1228238,109023,4776531,181715,15458347,118750,20234878,
All CA and Non-CA Counties,2021-05-14,334842,34603749,214218,18570917,111698,14795668,8926,1237164,132441,4718715,201257,15659604,143441,20378319,
All CA and Non-CA Counties,2021-05-15,275321,34879070,192343,18763260,77001,14872669,5977,1243141,113508,4678153,161005,15820609,120443,20498762,
All CA and Non-CA Counties,2021-05-16,136029,35015099,103906,18867166,29139,14901808,2984,1246125,55511,4656938,80090,15900699,58875,20557637,
All CA and Non-CA Counties,2021-05-17,239504,35254603,157600,19024766,74407,14976215,7497,1253622,100259,4627226,138406,16039105,108694,20666331,
All CA and Non-CA Counties,2021-05-18,280007,35534610,170821,19195587,101566,15077781,7620,1261242,114937,4587208,163953,16203058,123935,20790266,
All CA and Non-CA Counties,2021-05-19,273973,35808583,170867,19366454,95474,15173255,7632,1268874,117716,4558386,155252,16358310,126430,20916696,
All CA and Non-CA Counties,2021-05-20,224109,36032692,134169,19500623,82521,15255776,7419,1276293,89849,4523588,133321,16491631,98523,21015219,
All CA and Non-CA Counties,2021-05-21,241626,36274318,149639,19650262,84724,15340500,7263,1283556,94740,4480702,145872,16637503,102986,21118205,
All CA and Non-CA Counties,2021-05-22,168696,36443014,113489,19763751,49573,15390073,5634,1289190,74919,4468936,93184,16730687,81418,21199623,
All CA and Non-CA Counties,2021-05-23,62216,36505230,46849,19810600,13182,15403255,2185,1291375,28991,4467376,32953,16763640,31393,21231016,
All CA and Non-CA Counties,2021-05-24,166972,36672202,96782,19907382,61719,15464974,8471,1299846,66008,4442471,100210,16863850,75305,21306321,
All CA and Non-CA Counties,2021-05-25,188338,36860540,110632,20018014,69572,15534546,8134,1307980,74805,4413928,112573,16976423,84030,21390351,
All CA and Non-CA Counties,2021-05-26,180843,37041383,103885,20121899,69112,15603658,7846,1315826,72911,4388415,106939,17083362,81426,21471777,
All CA and Non-CA Counties,2021-05-27,169390,37210773,97088,20218987,63942,15667600,8360,1324186,70874,4370913,97737,17181099,80235,21552012,
All CA and Non-CA Counties,2021-05-28,183156,37393929,106211,20325198,69965,15737565,6980,1331166,79896,4356404,102440,17283539,87931,21639943,
All CA and Non-CA Counties,2021-05-29,102360,37496289,63239,20388437,35214,15772779,3907,1335073,48614,4356140,53266,17336805,53002,21692945,
All CA and Non-CA Counties,2021-05-30,16778,37513067,9912,20398349,5735,15778514,1131,1336204,5724,4352111,10977,17347782,6948,21699893,
Outside California,2020-12-15,7,7,7,7,0,0,0,0,7,7,0,0,7,7,Not in California
Outside California,2020-12-16,272,279,272,279,0,0,0,0,272,279,0,0,272,279,Not in California
Outside California,2020-12-17,1598,1877,1598,1877,0,0,0,0,1598,1877,0,0,1598,1877,Not in California
Outside California,2020-12-18,2551,4428,2544,4421,7,7,0,0,2551,4428,0,0,2551,4428,Not in California
Outside California,2020-12-19,1037,5465,1036,5457,1,8,0,0,1037,5465,0,0,1037,5465,Not in California
Outside California,2020-12-20,682,6147,679,6136,3,11,0,0,682,6147,0,0,682,6147,Not in California
Outside California,2020-12-21,2185,8332,2182,8318,3,14,0,0,2185,8332,0,0,2185,8332,Not in California
Outside California,2020-12-22,2085,10417,2011,10329,74,88,0,0,2085,10417,0,0,2085,10417,Not in California
Outside California,2020-12-23,1532,11949,1392,11721,140,228,0,0,1531,11948,0,0,1531,11948,Not in California
Outside California,2020-12-24,805,12754,612,12333,193,421,0,0,805,12753,0,0,805,12753,Not in California
Outside California,2020-12-25,34,12788,29,12362,5,426,0,0,34,12787,0,0,34,12787,Not in California
Outside California,2020-12-26,307,13095,203,12565,104,530,0,0,307,13094,0,0,307,13094,Not in California
Outside California,2020-12-27,190,13285,74,12639,116,646,0,0,190,13284,0,0,190,13284,Not in California
Outside California,2020-12-28,1410,14695,891,13530,519,1165,0,0,1410,14694,0,0,1410,14694,Not in California
Outside California,2020-12-29,1542,16237,1012,14542,530,1695,0,0,1542,16236,0,0,1542,16236,Not in California
Outside California,2020-12-30,1916,18153,1229,15771,687,2382,0,0,1916,18152,0,0,1916,18152,Not in California
Outside California,2020-12-31,1118,19271,601,16372,517,2899,0,0,1117,19268,1,1,1117,19269,Not in California
Outside California,2021-01-01,112,19383,25,16397,87,2986,0,0,112,19380,0,1,112,19381,Not in California
Outside California,2021-01-02,239,19622,132,16529,107,3093,0,0,238,19617,1,2,238,19619,Not in California
Outside California,2021-01-03,170,19792,91,16620,79,3172,0,0,170,19787,0,2,170,19789,Not in California
Outside California,2021-01-04,1150,20942,514,17134,636,3808,0,0,1145,20931,1,3,1145,20934,Not in California
Outside California,2021-01-05,1546,22488,817,17951,729,4537,0,0,1354,22096,190,193,1355,22289,Not in California
Outside California,2021-01-06,2701,25189,1595,19546,1106,5643,0,0,1963,23325,734,927,1963,24252,Not in California
Outside California,2021-01-07,4137,29326,2531,22077,1606,7249,0,0,2483,24158,1652,2579,2485,26737,Not in California
Outside California,2021-01-08,4509,33835,2916,24993,1593,8842,0,0,2637,24936,1862,4441,2640,29377,Not in California
Outside California,2021-01-09,1320,35155,532,25525,788,9630,0,0,992,25603,327,4768,994,30371,Not in California
Outside California,2021-01-10,304,35459,182,25707,122,9752,0,0,183,25665,121,4889,183,30554,Not in California
Outside California,2021-01-11,3298,38757,2006,27713,1292,11044,0,0,1971,26309,1327,6216,1971,32525,Not in California
Outside California,2021-01-12,3872,42629,2316,30029,1556,12600,0,0,2333,27110,1535,7751,2336,34861,Not in California
Outside California,2021-01-13,3675,46304,1800,31829,1875,14475,0,0,2504,28446,1171,8922,2507,37368,Not in California
Outside California,2021-01-14,3720,50024,1276,33105,2444,16919,0,0,3080,30901,627,9549,3082,40450,Not in California
Outside California,2021-01-15,4238,54262,992,34097,3246,20165,0,0,3771,34218,454,10003,3771,44221,Not in California
Outside California,2021-01-16,2694,56956,386,34483,2308,22473,0,0,2518,36562,174,10177,2518,46739,Not in California
Outside California,2021-01-17,500,57456,154,34637,346,22819,0,0,449,36960,51,10228,449,47188,Not in California
Outside California,2021-01-18,1196,58652,767,35404,429,23248,0,0,742,37249,453,10681,742,47930,Not in California
Outside California,2021-01-19,4073,62725,1321,36725,2752,26000,0,0,3185,39549,888,11569,3188,51118,Not in California
Outside California,2021-01-20,4427,67152,1405,38130,3022,29022,0,0,3491,42109,932,12501,3492,54610,Not in California
Outside California,2021-01-21,4137,71289,1125,39255,3012,32034,0,0,3574,45135,548,13049,3574,58184,Not in California
Outside California,2021-01-22,4643,75932,1090,40345,3553,35587,0,0,4241,48979,398,13447,4242,62426,Not in California
Outside California,2021-01-23,2275,78207,335,40680,1940,37527,0,0,2113,50930,162,13609,2113,64539,Not in California
Outside California,2021-01-24,608,78815,246,40926,362,37889,0,0,531,51384,77,13686,531,65070,Not in California
Outside California,2021-01-25,4530,83345,1951,42877,2579,40468,0,0,3629,54116,898,14584,3630,68700,Not in California
Outside California,2021-01-26,5947,89292,2876,45753,3071,43539,0,0,5078,58333,868,15452,5085,73785,Not in California
Outside California,2021-01-27,5030,94322,2667,48420,2363,45902,0,0,4394,62096,632,16084,4395,78180,Not in California
Outside California,2021-01-28,5307,99629,2859,51279,2448,48350,0,0,4762,66323,535,16619,4762,82942,Not in California
Outside California,2021-01-29,4925,104554,3076,54355,1849,50199,0,0,4135,69676,784,17403,4137,87079,Not in California
Outside California,2021-01-30,4489,109043,2439,56794,2050,52249,0,0,4255,73701,231,17634,4256,91335,Not in California
Outside California,2021-01-31,3056,112099,2636,59430,420,52669,0,0,3002,76651,53,17687,3003,94338,Not in California
Outside California,2021-02-01,5514,117613,2571,62001,2943,55612,0,0,4814,80773,692,18379,4814,99152,Not in California
Outside California,2021-02-02,6788,124401,2159,64160,4629,60241,0,0,6066,86124,715,19094,6066,105218,Not in California
Outside California,2021-02-03,7316,131717,2078,66238,5238,65479,0,0,6445,91707,863,19957,6446,111664,Not in California
Outside California,2021-02-04,6799,138516,2177,68415,4622,70101,0,0,5800,96518,990,20947,5801,117465,Not in California
Outside California,2021-02-05,6805,145321,2232,70647,4573,74674,0,0,5735,101187,1066,22013,5735,123200,Not in California
Outside California,2021-02-06,4437,149758,2159,72806,2278,76952,0,0,3969,104700,459,22472,3972,127172,Not in California
Outside California,2021-02-07,2235,151993,1847,74653,388,77340,0,0,2155,106777,80,22552,2157,129329,Not in California
Outside California,2021-02-08,5348,157341,3378,78031,1970,79310,0,0,4288,110016,1049,23601,4288,133617,Not in California
Outside California,2021-02-09,4287,161628,1924,79955,2363,81673,0,0,2980,111714,1296,24897,2994,136611,Not in California
Outside California,2021-02-10,5609,167237,1942,81897,3667,85340,0,0,3173,112501,2427,27324,3214,139825,Not in California
Outside California,2021-02-11,4849,172086,2267,84164,2582,87922,0,0,3546,114772,1293,28617,3564,143389,Not in California
Outside California,2021-02-12,5253,177339,1956,86120,3297,91219,0,0,3426,116387,1815,30432,3430,146819,Not in California
Outside California,2021-02-13,2439,179778,726,86846,1713,92932,0,0,1884,117729,554,30986,1896,148715,Not in California
Outside California,2021-02-14,1344,181122,421,87267,923,93855,0,0,1101,118593,239,31225,1103,149818,Not in California
Outside California,2021-02-15,2549,183671,1531,88798,1018,94873,0,0,1234,118529,1302,32527,1238,151056,Not in California
Outside California,2021-02-16,6427,190098,2877,91675,3550,98423,0,0,2585,117288,3831,36358,2590,153646,Not in California
Outside California,2021-02-17,5944,196042,2977,94652,2967,101390,0,0,1850,115055,4088,40446,1855,155501,Not in California
Outside California,2021-02-18,6415,202457,3709,98361,2706,104096,0,0,2055,112769,4342,44788,2056,157557,Not in California
Outside California,2021-02-19,5730,208187,3965,102326,1765,105861,0,0,2427,111901,3297,48085,2429,159986,Not in California
Outside California,2021-02-20,3335,211522,2686,105012,649,106510,0,0,1244,111059,2087,50172,1245,161231,Not in California
Outside California,2021-02-21,2729,214251,2512,107524,217,106727,0,0,852,110042,1872,52044,855,162086,Not in California
Outside California,2021-02-22,3472,217723,2539,110063,933,107660,0,0,1625,109828,1844,53888,1630,163716,Not in California
Outside California,2021-02-23,6009,223732,3371,113434,2638,110298,0,0,2347,108534,3655,57543,2361,166077,Not in California
Outside California,2021-02-24,6410,230142,3534,116968,2876,113174,0,0,2457,107048,3948,61491,2462,168539,Not in California
Outside California,2021-02-25,6912,237054,3506,120474,3406,116580,0,0,3071,106313,3810,65301,3075,171614,Not in California
Outside California,2021-02-26,6848,243902,3624,124098,3224,119804,0,0,3094,105734,3674,68975,3095,174709,Not in California
Outside California,2021-02-27,5496,249398,2762,126860,2733,122537,1,1,1870,103993,3615,72590,1874,176583,Not in California
Outside California,2021-02-28,2440,251838,1777,128637,662,123199,1,2,799,103155,1639,74229,801,177384,Not in California
Outside California,2021-03-01,4969,256807,3162,131799,1806,125005,1,3,1349,100898,3612,77841,1355,178739,Not in California
Outside California,2021-03-02,6738,263545,2490,134289,4248,129253,0,3,2053,98281,4672,82513,2055,180794,Not in California
Outside California,2021-03-03,7871,271416,3070,137359,4799,134052,2,5,2635,95700,5222,87735,2641,183435,Not in California
Outside California,2021-03-04,6799,278215,2902,140261,3893,137945,4,9,2301,93525,4482,92217,2307,185742,Not in California
Outside California,2021-03-05,5281,283496,2676,142937,2591,140536,14,23,2725,93727,2545,94762,2747,188489,Not in California
Outside California,2021-03-06,4612,288108,2146,145083,2311,142847,155,178,2342,93965,2267,97029,2505,190994,Not in California
Outside California,2021-03-07,1603,289711,1029,146112,520,143367,54,232,974,94367,628,97657,1030,192024,Not in California
Outside California,2021-03-08,3107,292818,1842,147954,1021,144388,244,476,2203,95946,875,98532,2454,194478,Not in California
Outside California,2021-03-09,4647,297465,2365,150319,1966,146354,316,792,2741,97101,1902,100434,3057,197535,Not in California
Outside California,2021-03-10,4412,301877,2116,152435,1784,148138,512,1304,2726,98669,1677,102111,3245,200780,Not in California
Outside California,2021-03-11,6167,308044,3147,155582,2339,150477,681,1985,3328,99846,2833,104944,4010,204790,Not in California
Outside California,2021-03-12,6476,314520,3886,159468,1864,152341,726,2711,3605,101319,2863,107807,4336,209126,Not in California
Outside California,2021-03-13,3789,318309,2189,161657,1128,153469,472,3183,2597,103216,1183,108990,3080,212206,Not in California
Outside California,2021-03-14,1817,320126,938,162595,539,154008,340,3523,1007,103756,810,109800,1350,213556,Not in California
Outside California,2021-03-15,4067,324193,2124,164719,1483,155491,460,3983,2183,104525,1877,111677,2646,216202,Not in California
Outside California,2021-03-16,7514,331707,4377,169096,2755,158246,382,4365,4171,105735,3340,115017,4550,220752,Not in California
Outside California,2021-03-17,8441,340148,5457,174553,2608,160854,376,4741,5078,107831,3359,118376,5455,226207,Not in California
Outside California,2021-03-18,8321,348469,5135,179688,2647,163501,539,5280,4831,109719,3482,121858,5370,231577,Not in California
Outside California,2021-03-19,7333,355802,4342,184030,2447,165948,544,5824,4406,111751,2922,124780,4954,236531,Not in California
Outside California,2021-03-20,4765,360567,3144,187174,1534,167482,87,5911,3655,114390,1103,125883,3742,240273,Not in California
Outside California,2021-03-21,2091,362658,1436,188610,568,168050,87,5998,1676,115740,413,126296,1763,242036,Not in California
Outside California,2021-03-22,3242,365900,1954,190564,1200,169250,88,6086,2221,117035,1014,127310,2309,244345,Not in California
Outside California,2021-03-23,6062,371962,3092,193656,2670,171920,300,6386,4127,119541,1921,129231,4427,248772,Not in California
Outside California,2021-03-24,7323,379285,3769,197425,3105,175025,449,6835,5084,122840,2232,131463,5531,254303,Not in California
Outside California,2021-03-25,8274,387559,3856,201281,3894,178919,524,7359,6033,127170,2229,133692,6559,260862,Not in California
Outside California,2021-03-26,6662,394221,3549,204830,2940,181859,173,7532,4399,129503,2238,135930,4571,265433,Not in California
Outside California,2021-03-27,5542,399763,3136,207966,2192,184051,214,7746,3483,131147,2050,137980,3694,269127,Not in California
Outside California,2021-03-28,3083,402846,1651,209617,1271,185322,161,7907,1992,132214,1086,139066,2153,271280,Not in California
Outside California,2021-03-29,5158,408004,2330,211947,2478,187800,350,8257,2935,133280,2220,141286,3286,274566,Not in California
Outside California,2021-03-30,6857,414861,3617,215564,2675,190475,565,8822,4037,135081,2809,144095,4610,279176,Not in California
Outside California,2021-03-31,6331,421192,3815,219379,1741,192216,775,9597,3362,136251,2964,147059,4134,283310,Not in California
Outside California,2021-04-01,7490,428682,4507,223886,2338,194554,645,10242,4333,138075,3150,150209,4974,288284,Not in California
Outside California,2021-04-02,8490,437172,4537,228423,2807,197361,1146,11388,4406,139549,4077,154286,5551,293835,Not in California
Outside California,2021-04-03,6160,443332,3657,232080,1338,198699,1165,12553,3225,141013,2926,157212,4390,298225,Not in California
Outside California,2021-04-04,1779,445111,876,232956,668,199367,235,12788,969,141406,809,158021,1202,299427,Not in California
Outside California,2021-04-05,4096,449207,2034,234990,1402,200769,660,13448,1950,141875,2141,160162,2610,302037,Not in California
Outside California,2021-04-06,6987,456194,3764,238754,1629,202398,1594,15042,2821,142138,4151,164313,4414,306451,Not in California
Outside California,2021-04-07,8165,464359,4696,243450,1777,204175,1692,16734,3157,141986,5000,169313,4848,311299,Not in California
Outside California,2021-04-08,8081,472440,4291,247741,1853,206028,1937,18671,3132,142115,4940,174253,5069,316368,Not in California
Outside California,2021-04-09,7419,479859,3848,251589,1652,207680,1919,20590,2844,142320,4566,178819,4771,321139,Not in California
Outside California,2021-04-10,6115,485974,3083,254672,1169,208849,1863,22453,1708,141492,4400,183219,3572,324711,Not in California
Outside California,2021-04-11,2812,488786,1527,256199,650,209499,635,23088,948,141217,1862,185081,1587,326298,Not in California
Outside California,2021-04-12,4048,492834,2268,258467,1241,210740,539,23627,1786,141287,2254,187335,2324,328622,Not in California
Outside California,2021-04-13,5675,498509,3664,262131,1988,212728,23,23650,2912,141465,2757,190092,2935,331557,Not in California
Outside California,2021-04-14,5244,503753,3328,265459,1912,214640,4,23654,2839,141908,2400,192492,2843,334400,Not in California
Outside California,2021-04-15,6096,509849,3848,269307,2242,216882,6,23660,3258,142387,2786,195278,3265,337665,Not in California
Outside California,2021-04-16,5843,515692,3371,272678,2465,219347,7,23667,3245,143051,2589,197867,3253,340918,Not in California
Outside California,2021-04-17,5329,521021,3229,275907,2099,221446,1,23668,3031,143792,2290,200157,3031,343949,Not in California
Outside California,2021-04-18,2066,523087,1148,277055,917,222363,1,23669,965,143664,1095,201252,967,344916,Not in California
Outside California,2021-04-19,4111,527198,2004,279059,2106,224469,1,23670,2118,143803,1983,203235,2122,347038,Not in California
Outside California,2021-04-20,5340,532538,2440,281499,2900,227369,0,23670,2183,142836,3150,206385,2183,349221,Not in California
Outside California,2021-04-21,6344,538882,2700,284199,3640,231009,4,23674,2248,141012,4076,210461,2252,351473,Not in California
Outside California,2021-04-22,6730,545612,3472,287671,3255,234264,3,23677,2441,139180,4277,214738,2445,353918,Not in California
Outside California,2021-04-23,5914,551526,3005,290676,2908,237172,1,23678,2441,138165,3458,218196,2443,356361,Not in California
Outside California,2021-04-24,4462,555988,2970,293646,1488,238660,4,23682,1723,137163,2732,220928,1730,358091,Not in California
Outside California,2021-04-25,2200,558188,1268,294914,930,239590,2,23684,1159,137290,1037,221965,1164,359255,Not in California
Outside California,2021-04-26,3645,561833,1638,296552,1982,241572,25,23709,1636,136950,2001,223966,1661,360916,Not in California
Outside California,2021-04-27,5305,567138,1921,298473,3092,244664,292,24001,1937,135826,3359,227325,2235,363151,Not in California
Outside California,2021-04-28,4916,572054,2117,300590,2405,247069,394,24395,1981,135279,2923,230248,2376,365527,Not in California
Outside California,2021-04-29,4951,577005,2292,302882,2227,249296,432,24827,1939,134659,2991,233239,2371,367898,Not in California
Outside California,2021-04-30,5008,582013,2483,305365,2101,251397,424,25251,1965,134018,3031,236270,2390,370288,Not in California
Outside California,2021-05-01,3273,585286,1945,307310,899,252296,429,25680,1367,133918,1895,238165,1795,372083,Not in California
Outside California,2021-05-02,1873,587159,1094,308404,656,252952,123,25803,863,133896,1008,239173,986,373069,Not in California
Outside California,2021-05-03,3019,590178,1773,310177,967,253919,279,26082,1276,133712,1739,240912,1555,374624,Not in California
Outside California,2021-05-04,4248,594426,2438,312615,1367,255286,443,26525,1652,133212,2590,243502,2090,376714,Not in California
Outside California,2021-05-05,4597,599023,2734,315349,1492,256778,371,26896,1851,132700,2737,246239,2225,378939,Not in California
Outside California,2021-05-06,4501,603524,2857,318206,1311,258089,333,27229,1728,131993,2767,249006,2060,380999,Not in California
Outside California,2021-05-07,4882,608406,2915,321121,1586,259675,381,27610,1937,131378,2932,251938,2317,383316,Not in California
Outside California,2021-05-08,3573,611979,2466,323587,862,260537,245,27855,1482,131078,2028,253966,1728,385044,Not in California
Outside California,2021-05-09,1364,613343,883,324470,356,260893,125,27980,589,131036,755,254721,713,385757,Not in California
Outside California,2021-05-10,2671,616014,1249,325719,1097,261990,325,28305,1076,130861,1578,256299,1403,387160,Not in California
Outside California,2021-05-11,2890,618904,1411,327130,1197,263187,282,28587,1157,130571,1732,258031,1442,388602,Not in California
Outside California,2021-05-12,2871,621775,1334,328464,1241,264428,296,28883,1109,130218,1757,259788,1404,390006,Not in California
Outside California,2021-05-13,2774,624549,1590,330054,988,265416,196,29079,1258,130163,1510,261298,1455,391461,Not in California
Outside California,2021-05-14,3524,628073,2025,332079,1265,266681,234,29313,1635,130151,1883,263181,1871,393332,Not in California
Outside California,2021-05-15,2634,630707,1544,333623,946,267627,144,29457,1157,129983,1472,264653,1304,394636,Not in California
Outside California,2021-05-16,1620,632327,1031,334654,520,268147,69,29526,770,129976,847,265500,840,395476,Not in California
Outside California,2021-05-17,3053,635380,1659,336313,1159,269306,235,29761,1426,130020,1623,267123,1667,397143,Not in California
Outside California,2021-05-18,3234,638614,1672,337985,1246,270552,316,30077,1549,130214,1673,268796,1867,399010,Not in California
Outside California,2021-05-19,3328,641942,1741,339726,1316,271868,271,30348,1521,130205,1801,270597,1792,400802,Not in California
Outside California,2021-05-20,2153,644095,1246,340972,702,272570,205,30553,1025,130316,1121,271718,1232,402034,Not in California
Outside California,2021-05-21,2581,646676,1561,342533,795,273365,225,30778,1190,130350,1382,273100,1416,403450,Not in California
Outside California,2021-05-22,2245,648921,1479,344012,583,273948,183,30961,1365,131025,872,273972,1547,404997,Not in California
Outside California,2021-05-23,1049,649970,836,344848,152,274100,61,31022,562,131164,485,274457,624,405621,Not in California
Outside California,2021-05-24,2568,652538,1306,346154,905,275005,357,31379,1223,131406,1339,275796,1581,407202,Not in California
Outside California,2021-05-25,2799,655337,1451,347605,1004,276009,344,31723,1187,131336,1601,277397,1531,408733,Not in California
Outside California,2021-05-26,2780,658117,1390,348995,1044,277053,346,32069,1113,131135,1660,279057,1459,410192,Not in California
Outside California,2021-05-27,2592,660709,1343,350338,945,277998,304,32373,1099,131050,1485,280542,1400,411592,Not in California
Outside California,2021-05-28,2900,663609,1595,351933,961,278959,344,32717,1212,130929,1678,282220,1557,413149,Not in California
Outside California,2021-05-29,1719,665328,877,352810,493,279452,349,33066,717,130998,1001,283221,1070,414219,Not in California
Outside California,2021-05-30,297,665625,171,352981,54,279506,72,33138,103,130979,194,283415,175,414394,Not in California
Unknown,2020-12-17,2,2,2,2,0,0,0,0,0,0,0,0,0,0,Not in California
Unknown,2020-12-18,1,3,1,3,0,0,0,0,0,0,0,0,0,0,Not in California
Unknown,2020-12-21,4,7,4,7,0,0,0,0,0,0,0,0,0,0,Not in California
Unknown,2020-12-28,4,11,4,11,0,0,0,0,3,3,0,0,3,3,Not in California
Unknown,2020-12-29,3,14,3,14,0,0,0,0,3,6,0,0,3,6,Not in California
Unknown,2020-12-30,54,68,54,68,0,0,0,0,54,60,0,0,54,60,Not in California
Unknown,2020-12-31,1,69,0,68,1,1,0,0,0,60,0,0,0,60,Not in California
Unknown,2021-01-02,1,70,0,68,1,2,0,0,1,61,0,0,1,61,Not in California
Unknown,2021-01-04,3,73,3,71,0,2,0,0,2,63,0,0,2,63,Not in California
Unknown,2021-01-06,6,79,4,75,2,4,0,0,6,69,0,0,6,69,Not in California
Unknown,2021-01-07,70,149,70,145,0,4,0,0,70,139,0,0,70,139,Not in California
Unknown,2021-01-08,1,150,1,146,0,4,0,0,2,141,0,0,2,141,Not in California
Unknown,2021-01-09,2,152,2,148,0,4,0,0,3,144,0,0,3,144,Not in California
Unknown,2021-01-11,19,171,19,167,0,4,0,0,18,162,0,0,18,162,Not in California
Unknown,2021-01-12,10,181,9,176,1,5,0,0,8,170,1,1,9,171,Not in California
Unknown,2021-01-13,10,191,10,186,0,5,0,0,11,181,0,1,11,182,Not in California
Unknown,2021-01-14,3,194,3,189,0,5,0,0,3,184,0,1,3,185,Not in California
Unknown,2021-01-15,5,199,4,193,1,6,0,0,5,189,0,1,5,190,Not in California
Unknown,2021-01-16,6,205,6,199,0,6,0,0,6,195,0,1,6,196,Not in California
Unknown,2021-01-17,3,208,3,202,0,6,0,0,3,198,0,1,3,199,Not in California
Unknown,2021-01-18,51,259,51,253,0,6,0,0,49,245,2,3,49,248,Not in California
Unknown,2021-01-19,22,281,22,275,0,6,0,0,19,262,2,5,19,267,Not in California
Unknown,2021-01-20,79,360,79,354,0,6,0,0,28,238,52,57,28,295,Not in California
Unknown,2021-01-21,56,416,54,408,2,8,0,0,57,294,1,58,57,352,Not in California
Unknown,2021-01-22,34,450,29,437,5,13,0,0,34,328,0,58,34,386,Not in California
Unknown,2021-01-23,11,461,5,442,6,19,0,0,11,339,0,58,11,397,Not in California
Unknown,2021-01-24,2,463,2,444,0,19,0,0,3,342,0,58,3,400,Not in California
Unknown,2021-01-25,19,482,17,461,2,21,0,0,16,355,3,61,16,416,Not in California
Unknown,2021-01-26,93,575,93,554,0,21,0,0,96,451,0,61,96,512,Not in California
Unknown,2021-01-27,16,591,16,570,0,21,0,0,14,464,1,62,14,526,Not in California
Unknown,2021-01-28,140,731,138,708,2,23,0,0,83,487,60,122,83,609,Not in California
Unknown,2021-01-29,139,870,139,847,0,23,0,0,143,629,1,123,143,752,Not in California
Unknown,2021-01-30,11,881,9,856,2,25,0,0,13,640,2,125,13,765,Not in California
Unknown,2021-01-31,14,895,14,870,0,25,0,0,15,655,0,125,15,780,Not in California
Unknown,2021-02-01,37,932,36,906,1,26,0,0,21,658,18,143,21,801,Not in California
Unknown,2021-02-02,64,996,63,969,1,27,0,0,57,709,6,149,57,858,Not in California
Unknown,2021-02-03,36,1032,34,1003,2,29,0,0,25,723,11,160,25,883,Not in California
Unknown,2021-02-04,56,1088,51,1054,5,34,0,0,51,769,5,165,51,934,Not in California
Unknown,2021-02-05,18,1106,14,1068,4,38,0,0,14,779,4,169,14,948,Not in California
Unknown,2021-02-06,14,1120,14,1082,0,38,0,0,9,782,6,175,9,957,Not in California
Unknown,2021-02-07,8,1128,8,1090,0,38,0,0,6,786,2,177,6,963,Not in California
Unknown,2021-02-08,51,1179,48,1138,3,41,0,0,14,763,37,214,14,977,Not in California
Unknown,2021-02-09,18,1197,18,1156,0,41,0,0,4,753,14,228,4,981,Not in California
Unknown,2021-02-10,34,1231,30,1186,4,45,0,0,9,737,25,253,9,990,Not in California
Unknown,2021-02-11,85,1316,84,1270,1,46,0,0,43,737,43,296,43,1033,Not in California
Unknown,2021-02-12,36,1352,29,1299,7,53,0,0,9,719,27,323,9,1042,Not in California
Unknown,2021-02-13,9,1361,2,1301,7,60,0,0,8,726,1,324,8,1050,Not in California
Unknown,2021-02-14,7,1368,1,1302,6,66,0,0,5,730,1,325,5,1055,Not in California
Unknown,2021-02-15,41,1409,35,1337,6,72,0,0,27,745,12,337,27,1082,Not in California
Unknown,2021-02-16,101,1510,91,1428,10,82,0,0,29,702,72,409,29,1111,Not in California
Unknown,2021-02-17,10,1520,8,1436,2,84,0,0,4,701,5,414,4,1115,Not in California
Unknown,2021-02-18,89,1609,84,1520,5,89,0,0,16,645,72,486,16,1131,Not in California
Unknown,2021-02-19,184,1793,179,1699,5,94,0,0,53,568,130,616,53,1184,Not in California
Unknown,2021-02-20,7,1800,5,1704,2,96,0,0,2,565,5,621,2,1186,Not in California
Unknown,2021-02-21,14,1814,14,1718,0,96,0,0,1,553,13,634,1,1187,Not in California
Unknown,2021-02-22,9,1823,9,1727,0,96,0,0,6,556,3,637,6,1193,Not in California
Unknown,2021-02-23,61,1884,49,1776,12,108,0,0,15,526,45,682,15,1208,Not in California
Unknown,2021-02-24,33,1917,26,1802,7,115,0,0,14,521,19,701,14,1222,Not in California
Unknown,2021-02-25,67,1984,54,1856,13,128,0,0,25,503,43,744,25,1247,Not in California
Unknown,2021-02-26,39,2023,25,1881,14,142,0,0,22,511,14,758,22,1269,Not in California
Unknown,2021-02-27,21,2044,15,1896,6,148,0,0,11,514,8,766,11,1280,Not in California
Unknown,2021-02-28,17,2061,13,1909,4,152,0,0,10,519,5,771,10,1290,Not in California
Unknown,2021-03-01,45,2106,27,1936,18,170,0,0,24,523,20,791,24,1314,Not in California
Unknown,2021-03-02,19,2125,7,1943,12,182,0,0,12,530,5,796,12,1326,Not in California
Unknown,2021-03-03,11,2136,6,1949,5,187,0,0,7,534,3,799,7,1333,Not in California
Unknown,2021-03-04,43,2179,40,1989,3,190,0,0,13,517,30,829,13,1346,Not in California
Unknown,2021-03-05,23,2202,13,2002,10,200,0,0,22,535,4,833,22,1368,Not in California
Unknown,2021-03-06,20,2222,12,2014,6,206,2,2,16,549,4,837,18,1386,Not in California
Unknown,2021-03-07,2,2224,1,2015,1,207,0,2,3,552,0,837,3,1389,Not in California
Unknown,2021-03-08,31,2255,22,2037,7,214,2,4,8,538,24,861,10,1399,Not in California
Unknown,2021-03-09,35,2290,28,2065,3,217,4,8,9,524,27,888,13,1412,Not in California
Unknown,2021-03-10,9,2299,6,2071,1,218,2,10,5,526,5,893,7,1419,Not in California
Unknown,2021-03-11,28,2327,12,2083,2,220,14,24,7,526,21,914,21,1440,Not in California
Unknown,2021-03-12,68,2395,52,2135,11,231,5,29,11,487,55,969,16,1456,Not in California
Unknown,2021-03-13,16,2411,4,2139,8,239,4,33,7,488,10,979,11,1467,Not in California
Unknown,2021-03-14,14,2425,6,2145,6,245,2,35,5,487,8,987,7,1474,Not in California
Unknown,2021-03-15,31,2456,11,2156,18,263,2,37,20,496,13,1000,22,1496,Not in California
Unknown,2021-03-16,47,2503,20,2176,23,286,4,41,27,507,20,1020,31,1527,Not in California
Unknown,2021-03-17,38,2541,14,2190,23,309,1,42,33,537,4,1024,34,1561,Not in California
Unknown,2021-03-18,31,2572,18,2208,13,322,0,42,18,543,12,1036,18,1579,Not in California
Unknown,2021-03-19,29,2601,18,2226,11,333,0,42,22,558,7,1043,22,1601,Not in California
Unknown,2021-03-20,27,2628,15,2241,12,345,0,42,15,562,11,1054,15,1616,Not in California
Unknown,2021-03-21,18,2646,12,2253,6,351,0,42,14,573,3,1057,14,1630,Not in California
Unknown,2021-03-22,36,2682,19,2272,16,367,1,43,19,581,12,1069,20,1650,Not in California
Unknown,2021-03-23,23,2705,9,2281,9,376,5,48,11,586,11,1080,16,1666,Not in California
Unknown,2021-03-24,23,2728,9,2290,14,390,0,48,18,599,5,1085,18,1684,Not in California
Unknown,2021-03-25,37,2765,24,2314,13,403,0,48,25,615,9,1094,25,1709,Not in California
Unknown,2021-03-26,36,2801,20,2334,11,414,5,53,18,623,15,1109,23,1732,Not in California
Unknown,2021-03-27,32,2833,15,2349,14,428,3,56,18,627,17,1126,21,1753,Not in California
Unknown,2021-03-28,16,2849,9,2358,7,435,0,56,11,634,4,1130,11,1764,Not in California
Unknown,2021-03-29,38,2887,18,2376,19,454,1,57,23,646,12,1142,24,1788,Not in California
Unknown,2021-03-30,41,2928,25,2401,16,470,0,57,25,656,15,1157,25,1813,Not in California
Unknown,2021-03-31,34,2962,21,2422,13,483,0,57,23,668,11,1168,23,1836,Not in California
Unknown,2021-04-01,19,2981,15,2437,4,487,0,57,13,676,5,1173,13,1849,Not in California
Unknown,2021-04-02,41,3022,17,2454,15,502,9,66,18,680,23,1196,27,1876,Not in California
Unknown,2021-04-03,19,3041,9,2463,10,512,0,66,9,679,10,1206,9,1885,Not in California
Unknown,2021-04-04,17,3058,4,2467,13,525,0,66,10,683,6,1212,10,1895,Not in California
Unknown,2021-04-05,31,3089,17,2484,13,538,1,67,17,688,13,1225,18,1913,Not in California
Unknown,2021-04-06,21,3110,13,2497,7,545,1,68,13,692,10,1235,14,1927,Not in California
Unknown,2021-04-07,32,3142,23,2520,9,554,0,68,24,708,8,1243,24,1951,Not in California
Unknown,2021-04-08,30,3172,20,2540,6,560,4,72,15,710,17,1260,19,1970,Not in California
Unknown,2021-04-09,35,3207,25,2565,10,570,0,72,25,724,11,1271,25,1995,Not in California
Unknown,2021-04-10,9,3216,8,2573,1,571,0,72,4,722,6,1277,4,1999,Not in California
Unknown,2021-04-11,11,3227,7,2580,4,575,0,72,5,722,5,1282,5,2004,Not in California
Unknown,2021-04-12,37,3264,20,2600,16,591,1,73,16,716,23,1305,17,2021,Not in California
Unknown,2021-04-13,44,3308,26,2626,18,609,0,73,17,706,27,1332,17,2038,Not in California
Unknown,2021-04-14,27,3335,8,2634,19,628,0,73,8,692,22,1354,8,2046,Not in California
Unknown,2021-04-15,31,3366,16,2650,14,642,1,74,8,679,22,1376,9,2055,Not in California
Unknown,2021-04-16,25,3391,15,2665,10,652,0,74,9,672,16,1392,9,2064,Not in California
Unknown,2021-04-17,22,3413,13,2678,9,661,0,74,8,666,15,1407,9,2073,Not in California
Unknown,2021-04-18,20,3433,8,2686,12,673,0,74,10,664,12,1419,10,2083,Not in California
Unknown,2021-04-19,35,3468,21,2707,14,687,0,74,16,662,18,1437,16,2099,Not in California
Unknown,2021-04-20,25,3493,14,2721,11,698,0,74,10,652,20,1457,10,2109,Not in California
Unknown,2021-04-21,35,3528,15,2736,20,718,0,74,21,649,24,1481,21,2130,Not in California
Unknown,2021-04-22,23,3551,14,2750,9,727,0,74,8,640,17,1498,8,2138,Not in California
Unknown,2021-04-23,33,3584,16,2766,17,744,0,74,19,645,14,1512,19,2157,Not in California
Unknown,2021-04-24,25,3609,13,2779,12,756,0,74,18,654,9,1521,18,2175,Not in California
Unknown,2021-04-25,24,3633,10,2789,14,770,0,74,15,658,11,1532,15,2190,Not in California
Unknown,2021-04-26,20,3653,13,2802,7,777,0,74,9,653,14,1546,9,2199,Not in California
Unknown,2021-04-27,25,3678,12,2814,13,790,0,74,16,650,19,1565,16,2215,Not in California
Unknown,2021-04-28,27,3705,19,2833,7,797,1,75,13,645,19,1584,14,2229,Not in California
Unknown,2021-04-29,33,3738,22,2855,11,808,0,75,18,643,20,1604,18,2247,Not in California
Unknown,2021-04-30,29,3767,14,2869,10,818,5,80,21,654,15,1619,26,2273,Not in California
Unknown,2021-05-01,28,3795,21,2890,7,825,0,80,24,667,11,1630,24,2297,Not in California
Unknown,2021-05-02,14,3809,7,2897,6,831,1,81,6,666,8,1638,7,2304,Not in California
Unknown,2021-05-03,26,3835,18,2915,5,836,3,84,10,659,19,1657,12,2316,Not in California
Unknown,2021-05-04,21,3856,11,2926,6,842,4,88,9,656,16,1673,13,2329,Not in California
Unknown,2021-05-05,30,3886,11,2937,18,860,1,89,18,661,14,1687,19,2348,Not in California
Unknown,2021-05-06,21,3907,12,2949,6,866,3,92,11,663,12,1699,14,2362,Not in California
Unknown,2021-05-07,27,3934,14,2963,10,876,3,95,15,665,16,1715,18,2380,Not in California
Unknown,2021-05-08,16,3950,10,2973,4,880,2,97,11,670,8,1723,13,2393,Not in California
Unknown,2021-05-09,18,3968,5,2978,9,889,4,101,8,672,10,1733,12,2405,Not in California
Unknown,2021-05-10,18,3986,11,2989,6,895,1,102,3,662,14,1747,4,2409,Not in California
Unknown,2021-05-11,15,4001,9,2998,2,897,4,106,8,667,7,1754,12,2421,Not in California
Unknown,2021-05-12,14,4015,9,3007,4,901,1,107,6,666,8,1762,7,2428,Not in California
Unknown,2021-05-13,15,4030,10,3017,1,902,4,111,9,673,7,1769,14,2442,Not in California
Unknown,2021-05-14,24,4054,20,3037,3,905,1,112,14,678,9,1778,14,2456,Not in California
Unknown,2021-05-15,21,4075,19,3056,2,907,0,112,12,681,9,1787,12,2468,Not in California
Unknown,2021-05-16,27,4102,18,3074,8,915,1,113,16,687,11,1798,17,2485,Not in California
Unknown,2021-05-17,26,4128,20,3094,4,919,2,115,17,697,9,1807,19,2504,Not in California
Unknown,2021-05-18,39,4167,28,3122,9,928,2,117,31,722,8,1815,33,2537,Not in California
Unknown,2021-05-19,37,4204,28,3150,8,936,1,118,20,727,16,1831,21,2558,Not in California
Unknown,2021-05-20,184,4388,175,3325,8,944,1,119,175,895,8,1839,176,2734,Not in California
Unknown,2021-05-21,194,4582,187,3512,6,950,1,120,186,1074,8,1847,187,2921,Not in California
Unknown,2021-05-22,208,4790,200,3712,6,956,2,122,193,1254,15,1862,195,3116,Not in California
Unknown,2021-05-23,121,4911,120,3832,0,956,1,123,119,1373,1,1863,120,3236,Not in California
Unknown,2021-05-24,377,5288,273,4105,93,1049,11,134,353,1714,23,1886,364,3600,Not in California
Unknown,2021-05-25,427,5715,305,4410,105,1154,17,151,388,2080,39,1925,405,4005,Not in California
Unknown,2021-05-26,372,6087,304,4714,63,1217,5,156,345,2404,26,1951,350,4355,Not in California
Unknown,2021-05-27,364,6451,300,5014,55,1272,9,165,329,2708,35,1986,339,4694,Not in California
Unknown,2021-05-28,389,6840,315,5329,60,1332,14,179,355,3044,33,2019,369,5063,Not in California
Unknown,2021-05-29,308,7148,258,5587,45,1377,5,184,289,3319,19,2038,294,5357,Not in California
Alameda,2020-12-15,37,37,37,37,0,0,0,0,37,37,0,0,37,37,California
Alameda,2020-12-16,208,245,208,245,0,0,0,0,208,245,0,0,208,245,California
Alameda,2020-12-17,398,643,398,643,0,0,0,0,398,643,0,0,398,643,California
Alameda,2020-12-18,1791,2434,1790,2433,1,1,0,0,1791,2434,0,0,1791,2434,California
Alameda,2020-12-19,1437,3871,1437,3870,0,1,0,0,1437,3871,0,0,1437,3871,California
Alameda,2020-12-20,1191,5062,1190,5060,1,2,0,0,1190,5060,1,1,1190,5061,California
Alameda,2020-12-21,1869,6931,1867,6927,2,4,0,0,1868,6928,0,1,1868,6929,California
Alameda,2020-12-22,2111,9042,2058,8985,53,57,0,0,2111,9039,0,1,2111,9040,California
Alameda,2020-12-23,1973,11015,1715,10700,258,315,0,0,1974,11013,0,1,1974,11014,California
Alameda,2020-12-24,1220,12235,763,11463,457,772,0,0,1220,12233,0,1,1220,12234,California
Alameda,2020-12-25,167,12402,130,11593,37,809,0,0,167,12400,0,1,167,12401,California
Alameda,2020-12-26,870,13272,327,11920,543,1352,0,0,870,13270,0,1,870,13271,California
Alameda,2020-12-27,502,13774,258,12178,244,1596,0,0,502,13772,0,1,502,13773,California
Alameda,2020-12-28,1883,15657,960,13138,923,2519,0,0,1883,15655,0,1,1883,15656,California
Alameda,2020-12-29,2478,18135,1072,14210,1406,3925,0,0,2477,18132,0,1,2477,18133,California
Alameda,2020-12-30,3087,21222,1316,15526,1771,5696,0,0,3087,21219,0,1,3087,21220,California
Alameda,2020-12-31,1794,23016,443,15969,1351,7047,0,0,1792,23010,1,2,1792,23012,California
Alameda,2021-01-01,172,23188,69,16038,103,7150,0,0,171,23180,1,3,171,23183,California
Alameda,2021-01-02,726,23914,526,16564,200,7350,0,0,725,23905,0,3,725,23908,California
Alameda,2021-01-03,341,24255,221,16785,120,7470,0,0,338,24240,3,6,338,24246,California
Alameda,2021-01-04,1646,25901,943,17728,703,8173,0,0,1634,25863,11,17,1634,25880,California
Alameda,2021-01-05,2217,28118,1276,19004,941,9114,0,0,1981,27611,233,250,1981,27861,California
Alameda,2021-01-06,3276,31394,1808,20812,1468,10582,0,0,2429,29198,844,1094,2431,30292,California
Alameda,2021-01-07,3813,35207,2149,22961,1664,12246,0,0,2683,30765,1121,2215,2688,32980,California
Alameda,2021-01-08,4766,39973,2729,25690,2037,14283,0,0,3111,32231,1650,3865,3116,36096,California
Alameda,2021-01-09,2032,42005,1383,27073,649,14932,0,0,1173,32545,859,4724,1173,37269,California
Alameda,2021-01-10,1068,43073,886,27959,182,15114,0,0,427,32330,642,5366,427,37696,California
Alameda,2021-01-11,4660,47733,3522,31481,1138,16252,0,0,2861,33400,1798,7164,2868,40564,California
Alameda,2021-01-12,4837,52570,3260,34741,1577,17829,0,0,3449,35465,1387,8551,3452,44016,California
Alameda,2021-01-13,5031,57601,2658,37399,2373,20202,0,0,3840,38120,1187,9738,3842,47858,California
Alameda,2021-01-14,5643,63244,2780,40179,2863,23065,0,0,4755,41999,879,10617,4758,52616,California
Alameda,2021-01-15,5831,69075,2311,42490,3520,26585,0,0,5065,46309,759,11376,5069,57685,California
Alameda,2021-01-16,3004,72079,1410,43900,1594,28179,0,0,2734,48774,270,11646,2735,60420,California
Alameda,2021-01-17,1870,73949,1085,44985,785,28964,0,0,1663,50232,206,11852,1664,62084,California
Alameda,2021-01-18,3197,77146,2055,47040,1142,30106,0,0,2603,52248,589,12441,2605,64689,California
Alameda,2021-01-19,5534,82680,3334,50374,2200,32306,0,0,4342,55402,1190,13631,4344,69033,California
Alameda,2021-01-20,6784,89464,4111,54485,2673,34979,0,0,5492,59619,1279,14910,5496,74529,California
Alameda,2021-01-21,7790,97254,3411,57896,4379,39358,0,0,6951,65742,833,15743,6956,81485,California
Alameda,2021-01-22,6850,104104,2045,59941,4805,44163,0,0,5711,70323,1132,16875,5713,87198,California
Alameda,2021-01-23,3285,107389,951,60892,2334,46497,0,0,2729,72496,556,17431,2729,89927,California
Alameda,2021-01-24,2049,109438,656,61548,1393,47890,0,0,1772,73995,273,17704,1772,91699,California
Alameda,2021-01-25,5204,114642,1975,63523,3229,51119,0,0,3619,76038,1577,19281,3620,95319,California
Alameda,2021-01-26,7254,121896,2299,65822,4955,56074,0,0,5386,79565,1860,21141,5387,100706,California
Alameda,2021-01-27,6647,128543,2062,67884,4585,60659,0,0,4802,82532,1835,22976,4802,105508,California
Alameda,2021-01-28,7895,136438,2554,70438,5341,66000,0,0,5654,85962,2225,25201,5655,111163,California
Alameda,2021-01-29,7940,144378,3193,73631,4747,70747,0,0,6119,90271,1811,27012,6120,117283,California
Alameda,2021-01-30,3430,147808,1683,75314,1747,72494,0,0,2719,92285,705,27717,2719,120002,California
Alameda,2021-01-31,1893,149701,957,76271,936,73430,0,0,1660,93715,230,27947,1660,121662,California
Alameda,2021-02-01,6498,156199,3896,80167,2602,76032,0,0,4349,95925,2140,30087,4350,126012,California
Alameda,2021-02-02,6959,163158,3751,83918,3208,79240,0,0,4657,98287,2295,32382,4657,130669,California
Alameda,2021-02-03,7096,170254,3736,87654,3360,82600,0,0,4398,99998,2692,35074,4403,135072,California
Alameda,2021-02-04,9523,179777,4144,91798,5379,87979,0,0,6410,103313,3100,38174,6415,141487,California
Alameda,2021-02-05,10330,190107,5392,97190,4938,92917,0,0,6456,105907,3868,42042,6462,147949,California
Alameda,2021-02-06,6982,197089,4428,101618,2554,95471,0,0,5853,110632,1128,43170,5853,153802,California
Alameda,2021-02-07,3597,200686,2906,104524,691,96162,0,0,2653,112345,941,44111,2654,156456,California
Alameda,2021-02-08,8083,208769,5781,110305,2302,98464,0,0,5527,115326,2548,46659,5529,161985,California
Alameda,2021-02-09,9720,218489,5858,116163,3862,102326,0,0,6057,117741,3644,50303,6059,168044,California
Alameda,2021-02-10,11465,229954,6782,122945,4683,107009,0,0,6560,119420,4889,55192,6568,174612,California
Alameda,2021-02-11,13939,243893,8005,130950,5934,112943,0,0,8373,122251,5546,60738,8377,182989,California
Alameda,2021-02-12,12553,256446,5718,136668,6835,119778,0,0,7765,125248,4771,65509,7768,190757,California
Alameda,2021-02-13,7796,264242,4052,140720,3744,123522,0,0,5833,129125,1958,67467,5835,196592,California
Alameda,2021-02-14,4041,268283,2540,143260,1501,125023,0,0,2873,130837,1164,68631,2876,199468,California
Alameda,2021-02-15,5680,273963,3190,146450,2490,127513,0,0,3697,132556,1981,70612,3700,203168,California
Alameda,2021-02-16,12534,286497,6956,153406,5578,133091,0,0,9318,138674,3206,73818,9324,212492,California
Alameda,2021-02-17,14176,300673,8424,161830,5752,138843,0,0,10542,145601,3617,77435,10544,223036,California
Alameda,2021-02-18,15910,316583,10099,171929,5811,144654,0,0,11553,152811,4349,81784,11559,234595,California
Alameda,2021-02-19,17683,334266,11476,183405,6207,150861,0,0,11712,158580,5949,87733,11718,246313,California
Alameda,2021-02-20,11892,346158,9635,193040,2257,153118,0,0,9163,165025,2724,90457,9169,255482,California
Alameda,2021-02-21,7695,353853,6764,199804,931,154049,0,0,5206,167754,2478,92935,5207,260689,California
Alameda,2021-02-22,10809,364662,8020,207824,2789,156838,0,0,6851,170669,3945,96880,6860,267549,California
Alameda,2021-02-23,12921,377583,7912,215736,5009,161847,0,0,8119,174003,4792,101672,8126,275675,California
Alameda,2021-02-24,14790,392373,8333,224069,6457,168304,0,0,9635,178552,5092,106764,9641,285316,California
Alameda,2021-02-25,15648,408021,9141,233210,6507,174811,0,0,9981,182911,5632,112396,9991,295307,California
Alameda,2021-02-26,18130,426151,10662,243872,7468,182279,0,0,11726,188280,6361,118757,11730,307037,California
Alameda,2021-02-27,14903,441054,11006,254878,3895,186174,2,2,9281,191969,5596,124353,9285,316322,California
Alameda,2021-02-28,9186,450240,7749,262627,1437,187611,0,2,6087,194983,3074,127427,6088,322410,California
Alameda,2021-03-01,13514,463754,9440,272067,4065,191676,9,11,8419,198371,5047,132474,8435,330845,California
Alameda,2021-03-02,15068,478822,10842,282909,4225,195901,1,12,9904,203140,5143,137617,9912,340757,California
Alameda,2021-03-03,15740,494562,10298,293207,5441,201342,1,13,10753,208939,4959,142576,10758,351515,California
Alameda,2021-03-04,17468,512030,11199,304406,6267,207609,2,15,11005,213517,6429,149005,11007,362522,California
Alameda,2021-03-05,16320,528350,10688,315094,5623,213232,9,24,11028,219315,5245,154250,11043,373565,California
Alameda,2021-03-06,14569,542919,10277,325371,4027,217259,265,289,9656,224371,4866,159116,9922,383487,California
Alameda,2021-03-07,9777,552696,8510,333881,1185,218444,82,371,6983,228674,2765,161881,7068,390555,California
Alameda,2021-03-08,11989,564685,7477,341358,4131,222575,381,752,8976,235070,2961,164842,9357,399912,California
Alameda,2021-03-09,14722,579407,10335,351693,3955,226530,432,1184,8050,236920,6636,171478,8486,408398,California
Alameda,2021-03-10,17558,596965,12194,363887,4803,231333,561,1745,7936,235818,9595,181073,8493,416891,California
Alameda,2021-03-11,19836,616801,11623,375510,6507,237840,1706,3451,6767,231245,13038,194111,8465,425356,California
Alameda,2021-03-12,21436,638237,12538,388048,7193,245033,1705,5156,7517,226565,13893,208004,9213,434569,California
Alameda,2021-03-13,16103,654340,10343,398391,4762,249795,998,6154,5152,221802,10915,218919,6152,440721,California
Alameda,2021-03-14,10920,665260,8032,406423,2096,251891,792,6946,3424,218531,7476,226395,4205,444926,California
Alameda,2021-03-15,14528,679788,9511,415934,4486,256377,531,7477,6326,217214,8171,234566,6854,451780,California
Alameda,2021-03-16,17310,697098,11240,427174,5530,261907,540,8017,7428,215353,9830,244396,7969,459749,California
Alameda,2021-03-17,17547,714645,9928,437102,6897,268804,722,8739,8117,214799,9390,253786,8836,468585,California
Alameda,2021-03-18,19258,733903,10496,447598,7864,276668,898,9637,8786,214047,10440,264226,9688,478273,California
Alameda,2021-03-19,19464,753367,10686,458284,6978,283646,1800,11437,7684,211792,11733,275959,9478,487751,California
Alameda,2021-03-20,15864,769231,10392,468676,4615,288261,857,12294,6444,209703,9386,285345,7297,495048,California
Alameda,2021-03-21,9265,778496,7285,475961,1423,289684,557,12851,3788,208581,5467,290812,4345,499393,California
Alameda,2021-03-22,15124,793620,10208,486169,3907,293591,1009,13860,7029,208545,8068,298880,8032,507425,California
Alameda,2021-03-23,19411,813031,11781,497950,6815,300406,815,14675,9875,209753,9488,308368,10696,518121,California
Alameda,2021-03-24,19329,832360,11728,509678,6581,306987,1020,15695,8438,208376,10828,319196,9451,527572,California
Alameda,2021-03-25,20633,852993,11487,521165,7738,314725,1408,17103,9498,208207,11065,330261,10896,538468,California
Alameda,2021-03-26,21065,874058,12720,533885,6773,321498,1572,18675,8545,205841,12473,342734,10107,548575,California
Alameda,2021-03-27,18440,892498,12575,546460,4903,326401,962,19637,7594,203580,10799,353533,8538,557113,California
Alameda,2021-03-28,10689,903187,8704,555164,1782,328183,203,19840,3532,200178,7144,360677,3742,560855,California
Alameda,2021-03-29,14793,917980,9491,564655,4305,332488,997,20837,6000,198416,8757,369434,6995,567850,California
Alameda,2021-03-30,18694,936674,9893,574548,7079,339567,1722,22559,9329,200128,9332,378766,11044,578894,California
Alameda,2021-03-31,19499,956173,10328,584876,7065,346632,2106,24665,9166,201083,10306,389072,11261,590155,California
Alameda,2021-04-01,23441,979614,10092,594968,7661,354293,5688,30353,11102,205565,12291,401363,16773,606928,California
Alameda,2021-04-02,24209,1003823,9996,604964,8346,362639,5867,36220,11717,210668,12453,413816,17556,624484,California
Alameda,2021-04-03,20422,1024245,9848,614812,5709,368348,4865,41085,10360,215843,10042,423858,15217,639701,California
Alameda,2021-04-04,9994,1034239,3993,618805,2288,370636,3713,44798,3466,216507,6510,430368,7174,646875,California
Alameda,2021-04-05,17898,1052137,7549,626354,5539,376175,4810,49608,7282,218007,10591,440959,12091,658966,California
Alameda,2021-04-06,22279,1074416,10733,637087,5689,381864,5857,55465,10110,221831,12132,453091,15956,674922,California
Alameda,2021-04-07,22608,1097024,11606,648693,5528,387392,5474,60939,11451,227637,11111,464202,16917,691839,California
Alameda,2021-04-08,25528,1122552,11545,660238,5997,393389,7986,68925,10908,231977,14547,478749,18887,710726,California
Alameda,2021-04-09,23449,1146001,10720,670958,7497,400886,5232,74157,12094,237992,11323,490072,17338,728064,California
Alameda,2021-04-10,19285,1165286,7448,678406,5642,406528,6195,80352,8186,241299,11075,501147,14382,742446,California
Alameda,2021-04-11,10992,1176278,4793,683199,2264,408792,3935,84287,4468,243182,6507,507654,8390,750836,California
Alameda,2021-04-12,18018,1194296,11723,694922,4309,413101,1986,86273,10123,247425,7860,515514,12103,762939,California
Alameda,2021-04-13,23029,1217325,14610,709532,8363,421464,56,86329,16937,258389,6039,521553,17003,779942,California
Alameda,2021-04-14,23120,1240445,15186,724718,7933,429397,1,86330,15605,266522,7480,529033,15613,795555,California
Alameda,2021-04-15,24117,1264562,15401,740119,8714,438111,2,86332,15995,274465,8062,537095,16005,811560,California
Alameda,2021-04-16,24429,1288991,14426,754545,9998,448109,5,86337,15739,281587,8633,545728,15755,827315,California
Alameda,2021-04-17,20911,1309902,14451,768996,6460,454569,0,86337,14440,289605,6436,552164,14454,841769,California
Alameda,2021-04-18,9985,1319887,7639,776635,2346,456915,0,86337,6907,293468,3049,555213,6912,848681,California
Alameda,2021-04-19,15676,1335563,9759,786394,5916,462831,1,86338,9086,296013,6551,561764,9096,857777,California
Alameda,2021-04-20,18197,1353760,11132,797526,7063,469894,2,86340,9982,297847,8170,569934,10004,867781,California
Alameda,2021-04-21,19168,1372928,11223,808749,7935,477829,10,86350,11182,301125,7932,577866,11210,878991,California
Alameda,2021-04-22,21475,1394403,13839,822588,7632,485461,4,86354,11434,302601,9986,587852,11462,890453,California
Alameda,2021-04-23,21881,1416284,14152,836740,7726,493187,3,86357,12247,305305,9572,597424,12276,902729,California
Alameda,2021-04-24,19033,1435317,14459,851199,4566,497753,8,86365,10072,306478,8916,606340,10089,912818,California
Alameda,2021-04-25,8946,1444263,6936,858135,2009,499762,1,86366,5835,309241,3083,609423,5846,918664,California
Alameda,2021-04-26,13830,1458093,9653,867788,4153,503915,24,86390,8599,312674,5198,614621,8631,927295,California
Alameda,2021-04-27,15809,1473902,9406,877194,6098,510013,305,86695,7459,312162,8300,622921,7788,935083,California
Alameda,2021-04-28,16009,1489911,10200,887394,5342,515355,467,87162,6266,309192,9713,632634,6743,941826,California
Alameda,2021-04-29,16791,1506702,10062,897456,6405,521760,324,87486,6020,304835,10721,643355,6364,948190,California
Alameda,2021-04-30,19501,1526203,12016,909472,7144,528904,341,87827,7904,301598,11521,654876,8284,956474,California
Alameda,2021-05-01,13987,1540190,9337,918809,4446,533350,204,88031,5220,298323,8728,663604,5453,961927,California
Alameda,2021-05-02,7042,1547232,4898,923707,1975,535325,169,88200,2875,297221,4151,667755,3049,964976,California
Alameda,2021-05-03,14423,1561655,10914,934621,3189,538514,320,88520,2821,288830,11560,679315,3169,968145,California
Alameda,2021-05-04,18261,1579916,13097,947718,4806,543320,358,88878,3641,278315,14545,693860,4030,972175,California
Alameda,2021-05-05,18321,1598237,13306,961024,4508,547828,507,89385,3752,268083,14506,708366,4274,976449,California
Alameda,2021-05-06,18613,1616850,14051,975075,3866,551694,696,90081,3608,257471,14929,723295,4317,980766,California
Alameda,2021-05-07,19117,1635967,12863,987938,5840,557534,414,90495,4363,247581,14685,737980,4795,985561,California
Alameda,2021-05-08,16466,1652433,11261,999199,4992,562526,213,90708,3103,237587,13325,751305,3331,988892,California
Alameda,2021-05-09,8516,1660949,6960,1006159,1413,563939,143,90851,1454,232146,7041,758346,1600,990492,California
Alameda,2021-05-10,10097,1671046,6892,1013051,2878,566817,327,91178,2483,227382,7582,765928,2818,993310,California
Alameda,2021-05-11,14984,1686030,8007,1021058,6678,573495,299,91477,2710,218191,12232,778160,3041,996351,California
Alameda,2021-05-12,12614,1698644,8266,1029324,3934,577429,414,91891,2623,211303,9950,788110,3062,999413,California
Alameda,2021-05-13,16756,1715400,11969,1041293,4268,581697,519,92410,5161,205460,11553,799663,5710,1005123,California
Alameda,2021-05-14,20493,1735893,13869,1055162,6148,587845,476,92886,7039,199611,13377,813040,7528,1012651,California
Alameda,2021-05-15,17066,1752959,12422,1067584,4417,592262,227,93113,5792,194403,11234,824274,6026,1018677,California
Alameda,2021-05-16,8381,1761340,7157,1074741,1132,593394,92,93205,2796,191742,5555,829829,2894,1021571,California
Alameda,2021-05-17,13381,1774721,9962,1084703,2890,596284,529,93734,4334,187606,9013,838842,4877,1026448,California
Alameda,2021-05-18,14115,1788836,10238,1094941,3453,599737,424,94158,5170,184298,8905,847747,5597,1032045,California
Alameda,2021-05-19,14341,1803177,9796,1104737,4213,603950,332,94490,6117,182576,8173,855920,6451,1038496,California
Alameda,2021-05-20,11495,1814672,7664,1112401,3400,607350,431,94921,5372,182298,6083,862003,5805,1044301,California
Alameda,2021-05-21,13527,1828199,8909,1121310,4390,611740,228,95149,4568,178192,8901,870904,4795,1049096,California
Alameda,2021-05-22,8932,1837131,6587,1127897,2201,613941,144,95293,3718,176866,5189,876093,3863,1052959,California
Alameda,2021-05-23,3778,1840909,3077,1130974,632,614573,69,95362,1176,175520,2592,878685,1246,1054205,California
Alameda,2021-05-24,6993,1847902,3985,1134959,2747,617320,261,95623,2807,174435,4156,882841,3071,1057276,California
Alameda,2021-05-25,7841,1855743,5026,1139985,2561,619881,254,95877,3534,173943,4279,887120,3787,1061063,California
Alameda,2021-05-26,8133,1863876,5077,1145062,2763,622644,293,96170,3779,173675,4336,891456,4068,1065131,California
Alameda,2021-05-27,7947,1871823,4765,1149827,2840,625484,342,96512,3525,173147,4392,895848,3864,1068995,California
Alameda,2021-05-28,8577,1880400,5037,1154864,3326,628810,214,96726,3651,172118,4895,900743,3866,1072861,California
Alameda,2021-05-29,4784,1885184,2865,1157729,1743,630553,176,96902,2484,172496,2282,903025,2660,1075521,California
Alameda,2021-05-30,1030,1886214,505,1158234,469,631022,56,96958,271,172065,758,903783,327,1075848,California
Alpine,2020-12-18,2,2,2,2,0,0,0,0,2,2,0,0,2,2,California
Alpine,2020-12-19,2,4,2,4,0,0,0,0,2,4,0,0,2,4,California
Alpine,2020-12-21,2,6,2,6,0,0,0,0,2,6,0,0,2,6,California
Alpine,2020-12-30,14,20,0,6,14,14,0,0,14,20,0,0,14,20,California
Alpine,2020-12-31,1,21,0,6,1,15,0,0,1,21,0,0,1,21,California
Alpine,2021-01-01,1,22,0,6,1,16,0,0,1,22,0,0,1,22,California
Alpine,2021-01-02,1,23,1,7,0,16,0,0,1,23,0,0,1,23,California
Alpine,2021-01-04,10,33,0,7,10,26,0,0,10,33,0,0,10,33,California
Alpine,2021-01-05,9,42,1,8,8,34,0,0,9,42,0,0,9,42,California
Alpine,2021-01-06,31,73,0,8,31,65,0,0,31,73,0,0,31,73,California
Alpine,2021-01-07,8,81,0,8,8,73,0,0,8,81,0,0,8,81,California
Alpine,2021-01-08,4,85,2,10,2,75,0,0,2,81,2,2,2,83,California
Alpine,2021-01-09,2,87,2,12,0,75,0,0,0,79,2,4,0,83,California
Alpine,2021-01-11,32,119,1,13,31,106,0,0,31,109,1,5,31,114,California
Alpine,2021-01-13,35,154,0,13,35,141,0,0,35,144,0,5,35,149,California
Alpine,2021-01-14,1,155,0,13,1,142,0,0,1,145,0,5,1,150,California
Alpine,2021-01-15,1,156,0,13,1,143,0,0,1,146,0,5,1,151,California
Alpine,2021-01-20,21,177,0,13,21,164,0,0,21,167,0,5,21,172,California
Alpine,2021-01-21,1,178,0,13,1,165,0,0,1,168,0,5,1,173,California
Alpine,2021-01-22,33,211,0,13,33,198,0,0,33,201,0,5,33,206,California
Alpine,2021-01-23,1,212,1,14,0,198,0,0,0,200,1,6,0,206,California
Alpine,2021-01-25,16,228,0,14,16,214,0,0,16,216,0,6,16,222,California
Alpine,2021-01-27,1,229,1,15,0,214,0,0,0,215,1,7,0,222,California
Alpine,2021-01-28,1,230,0,15,1,215,0,0,0,214,1,8,0,222,California
Alpine,2021-01-29,1,231,0,15,1,216,0,0,1,215,0,8,1,223,California
Alpine,2021-02-01,25,256,0,15,25,241,0,0,7,204,18,26,7,230,California
Alpine,2021-02-03,34,290,0,15,34,275,0,0,10,190,24,50,10,240,California
Alpine,2021-02-04,8,298,0,15,8,283,0,0,3,188,5,55,3,243,California
Alpine,2021-02-05,31,329,0,15,31,314,0,0,12,181,19,74,12,255,California
Alpine,2021-02-08,32,361,0,15,32,346,0,0,4,157,28,102,4,259,California
Alpine,2021-02-10,34,395,0,15,34,380,0,0,0,123,34,136,0,259,California
Alpine,2021-02-11,6,401,0,15,6,386,0,0,3,123,3,139,3,262,California
Alpine,2021-02-12,1,402,0,15,1,387,0,0,0,122,1,140,0,262,California
Alpine,2021-02-17,23,425,0,15,23,410,0,0,3,105,20,160,3,265,California
Alpine,2021-02-18,2,427,0,15,2,412,0,0,1,105,1,161,1,266,California
Alpine,2021-02-19,34,461,1,16,33,445,0,0,2,75,32,193,2,268,California
Alpine,2021-02-22,27,488,0,16,27,472,0,0,8,64,19,212,8,276,California
Alpine,2021-02-24,1,489,1,17,0,472,0,0,1,65,0,212,1,277,California
Alpine,2021-02-25,6,495,1,18,5,477,0,0,6,71,0,212,6,283,California
Alpine,2021-02-26,30,525,1,19,29,506,0,0,29,99,1,213,29,312,California
Alpine,2021-02-27,1,526,0,19,1,507,0,0,1,100,0,213,1,313,California
Alpine,2021-03-01,36,562,0,19,36,543,0,0,26,116,10,223,26,339,California
Alpine,2021-03-03,29,591,0,19,29,572,0,0,18,123,11,234,18,357,California
Alpine,2021-03-04,11,602,1,20,10,582,0,0,11,134,0,234,11,368,California
Alpine,2021-03-05,30,632,0,20,30,612,0,0,22,148,8,242,22,390,California
Alpine,2021-03-08,31,663,0,20,31,643,0,0,29,175,2,244,29,419,California
Alpine,2021-03-10,73,736,0,20,73,716,0,0,73,248,0,244,73,492,California
Alpine,2021-03-11,35,771,0,20,35,751,0,0,31,275,4,248,31,523,California
Alpine,2021-03-12,19,790,0,20,19,770,0,0,17,290,2,250,17,540,California
Alpine,2021-03-15,21,811,1,21,20,790,0,0,20,309,1,251,20,560,California
Alpine,2021-03-17,23,834,0,21,22,812,1,1,19,325,4,255,20,580,California
Alpine,2021-03-18,38,872,3,24,35,847,0,1,35,357,3,258,35,615,California
Alpine,2021-03-19,2,874,1,25,1,848,0,1,1,357,1,259,1,616,California
Alpine,2021-03-22,24,898,0,25,24,872,0,1,15,363,9,268,15,631,California
Alpine,2021-03-24,19,917,0,25,19,891,0,1,8,360,11,279,8,639,California
Alpine,2021-03-25,35,952,1,26,33,924,1,2,28,382,7,286,29,668,California
Alpine,2021-03-27,1,953,0,26,1,925,0,2,0,381,1,287,0,668,California
Alpine,2021-03-28,1,954,1,27,0,925,0,2,1,382,0,287,1,669,California
Alpine,2021-03-29,19,973,0,27,18,943,1,3,2,368,17,304,3,672,California
Alpine,2021-04-01,18,991,0,27,18,961,0,3,8,366,10,314,8,680,California
Alpine,2021-04-02,101,1092,1,28,100,1061,0,3,46,358,54,368,46,726,California
Alpine,2021-04-05,4,1096,1,29,3,1064,0,3,0,354,4,372,0,726,California
Alpine,2021-04-06,3,1099,2,31,1,1065,0,3,2,355,1,373,2,728,California
Alpine,2021-04-07,117,1216,0,31,116,1181,1,4,30,300,86,459,31,759,California
Alpine,2021-04-08,36,1252,0,31,35,1216,1,5,10,285,26,485,11,770,California
Alpine,2021-04-09,2,1254,0,31,2,1218,0,5,2,287,0,485,2,772,California
Alpine,2021-04-14,47,1301,0,31,47,1265,0,5,10,260,37,522,10,782,California
Alpine,2021-04-15,35,1336,0,31,35,1300,0,5,3,231,32,554,3,785,California
Alpine,2021-04-16,1,1337,0,31,1,1301,0,5,1,232,0,554,1,786,California
Alpine,2021-04-19,1,1338,0,31,1,1302,0,5,1,233,0,554,1,787,California
Alpine,2021-04-21,31,1369,0,31,31,1333,0,5,15,232,16,570,15,802,California
Alpine,2021-04-22,24,1393,0,31,24,1357,0,5,1,210,23,593,1,803,California
Alpine,2021-04-24,2,1395,2,33,0,1357,0,5,0,209,2,595,1,804,California
Alpine,2021-04-25,1,1396,1,34,0,1357,0,5,0,208,1,596,0,804,California
Alpine,2021-04-27,2,1398,1,35,1,1358,0,5,1,208,1,597,1,805,California
Alpine,2021-04-28,36,1434,0,35,36,1394,0,5,6,184,30,627,6,811,California
Alpine,2021-04-29,7,1441,1,36,6,1400,0,5,1,179,6,633,1,812,California
Alpine,2021-04-30,2,1443,1,37,0,1400,1,6,1,180,1,634,2,814,California
Alpine,2021-05-02,1,1444,0,37,0,1400,1,7,0,180,1,635,1,815,California
Alpine,2021-05-05,17,1461,0,37,17,1417,0,7,4,171,13,648,4,819,California
Alpine,2021-05-06,8,1469,0,37,8,1425,0,7,0,163,8,656,0,819,California
Alpine,2021-05-07,1,1470,0,37,1,1426,0,7,0,162,1,657,0,819,California
Alpine,2021-05-10,1,1471,0,37,1,1427,0,7,1,163,0,657,1,820,California
Alpine,2021-05-12,1,1472,0,37,0,1427,1,8,0,163,1,658,1,821,California
Alpine,2021-05-13,3,1475,0,37,3,1430,0,8,0,160,3,661,0,821,California
Alpine,2021-05-17,2,1477,0,37,2,1432,0,8,1,160,1,662,1,822,California
Alpine,2021-05-18,1,1478,0,37,1,1433,0,8,1,161,0,662,1,823,California
Alpine,2021-05-19,15,1493,0,37,15,1448,0,8,0,146,15,677,0,823,California
Alpine,2021-05-20,1,1494,1,38,0,1448,0,8,0,145,1,678,0,823,California
Alpine,2021-05-21,1,1495,1,39,0,1448,0,8,0,144,1,679,0,823,California
Alpine,2021-05-25,2,1497,0,39,2,1450,0,8,0,142,2,681,0,823,California
Alpine,2021-05-27,1,1498,0,39,1,1451,0,8,1,143,0,681,1,824,California
Alpine,2021-05-28,1,1499,1,40,0,1451,0,8,1,144,0,681,1,825,California
Alpine,2021-05-29,1,1500,0,40,1,1452,0,8,1,145,0,681,1,826,California
Amador,2020-12-16,2,2,2,2,0,0,0,0,2,2,0,0,2,2,California
Amador,2020-12-17,5,7,5,7,0,0,0,0,5,7,0,0,5,7,California
Amador,2020-12-18,45,52,45,52,0,0,0,0,45,52,0,0,45,52,California
Amador,2020-12-19,17,69,17,69,0,0,0,0,17,69,0,0,17,69,California
Amador,2020-12-20,4,73,4,73,0,0,0,0,4,73,0,0,4,73,California
Amador,2020-12-21,31,104,31,104,0,0,0,0,31,104,0,0,31,104,California
Amador,2020-12-22,35,139,34,138,1,1,0,0,35,139,0,0,35,139,California
Amador,2020-12-23,39,178,38,176,1,2,0,0,39,178,0,0,39,178,California
Amador,2020-12-24,5,183,3,179,2,4,0,0,5,183,0,0,5,183,California
Amador,2020-12-26,5,188,4,183,1,5,0,0,5,188,0,0,5,188,California
Amador,2020-12-27,1,189,0,183,1,6,0,0,1,189,0,0,1,189,California
Amador,2020-12-28,31,220,27,210,4,10,0,0,31,220,0,0,31,220,California
Amador,2020-12-29,26,246,19,229,7,17,0,0,26,246,0,0,26,246,California
Amador,2020-12-30,124,370,78,307,46,63,0,0,124,370,0,0,124,370,California
Amador,2020-12-31,192,562,167,474,25,88,0,0,192,562,0,0,192,562,California
Amador,2021-01-01,2,564,0,474,2,90,0,0,2,564,0,0,2,564,California
Amador,2021-01-02,56,620,56,530,0,90,0,0,56,620,0,0,56,620,California
Amador,2021-01-03,65,685,17,547,48,138,0,0,65,685,0,0,65,685,California
Amador,2021-01-04,124,809,1,548,123,261,0,0,124,809,0,0,124,809,California
Amador,2021-01-05,33,842,3,551,30,291,0,0,31,839,2,2,32,841,California
Amador,2021-01-06,40,882,10,561,30,321,0,0,36,871,4,6,36,877,California
Amador,2021-01-07,230,1112,69,630,161,482,0,0,218,1077,12,18,218,1095,California
Amador,2021-01-08,85,1197,70,700,15,497,0,0,41,1075,44,62,42,1137,California
Amador,2021-01-09,11,1208,11,711,0,497,0,0,2,1068,9,71,2,1139,California
Amador,2021-01-10,6,1214,4,715,2,499,0,0,2,1066,4,75,2,1141,California
Amador,2021-01-11,125,1339,44,759,81,580,0,0,88,1118,37,112,89,1230,California
Amador,2021-01-12,64,1403,49,808,15,595,0,0,40,1134,24,136,40,1270,California
Amador,2021-01-13,40,1443,24,832,16,611,0,0,28,1150,12,148,28,1298,California
Amador,2021-01-14,150,1593,22,854,128,739,0,0,140,1281,10,158,141,1439,California
Amador,2021-01-15,60,1653,25,879,35,774,0,0,52,1325,8,166,52,1491,California
Amador,2021-01-16,18,1671,11,890,7,781,0,0,12,1332,6,172,13,1504,California
Amador,2021-01-17,25,1696,5,895,20,801,0,0,25,1357,0,172,25,1529,California
Amador,2021-01-18,31,1727,27,922,4,805,0,0,9,1344,22,194,9,1538,California
Amador,2021-01-19,125,1852,100,1022,25,830,0,0,81,1381,44,238,81,1619,California
Amador,2021-01-20,184,2036,34,1056,150,980,0,0,168,1534,15,253,168,1787,California
Amador,2021-01-21,259,2295,228,1284,31,1011,0,0,148,1572,111,364,149,1936,California
Amador,2021-01-22,137,2432,74,1358,63,1074,0,0,130,1695,7,371,130,2066,California
Amador,2021-01-23,52,2484,32,1390,20,1094,0,0,50,1743,2,373,50,2116,California
Amador,2021-01-24,29,2513,12,1402,17,1111,0,0,26,1766,3,376,26,2142,California
Amador,2021-01-25,59,2572,28,1430,31,1142,0,0,42,1791,17,393,42,2184,California
Amador,2021-01-26,245,2817,17,1447,228,1370,0,0,235,2016,10,403,235,2419,California
Amador,2021-01-27,301,3118,32,1479,269,1639,0,0,254,2226,45,448,255,2674,California
Amador,2021-01-28,369,3487,97,1576,272,1911,0,0,288,2434,81,529,289,2963,California
Amador,2021-01-29,97,3584,32,1608,65,1976,0,0,82,2501,15,544,82,3045,California
Amador,2021-01-30,169,3753,37,1645,132,2108,0,0,164,2660,5,549,164,3209,California
Amador,2021-01-31,32,3785,28,1673,4,2112,0,0,31,2690,1,550,31,3240,California
Amador,2021-02-01,63,3848,23,1696,40,2152,0,0,36,2699,27,577,36,3276,California
Amador,2021-02-02,213,4061,64,1760,149,2301,0,0,127,2743,83,660,127,3403,California
Amador,2021-02-03,142,4203,39,1799,103,2404,0,0,91,2784,50,710,91,3494,California
Amador,2021-02-04,251,4454,74,1873,177,2581,0,0,164,2863,87,797,166,3660,California
Amador,2021-02-05,332,4786,64,1937,268,2849,0,0,316,3163,16,813,316,3976,California
Amador,2021-02-06,99,4885,80,2017,19,2868,0,0,95,3254,4,817,95,4071,California
Amador,2021-02-07,39,4924,35,2052,4,2872,0,0,35,3286,4,821,36,4107,California
Amador,2021-02-08,90,5014,62,2114,28,2900,0,0,73,3342,17,838,73,4180,California
Amador,2021-02-09,175,5189,82,2196,93,2993,0,0,109,3385,66,904,109,4289,California
Amador,2021-02-10,980,6169,80,2276,900,3893,0,0,946,4297,34,938,946,5235,California
Amador,2021-02-11,310,6479,120,2396,190,4083,0,0,199,4387,109,1047,199,5434,California
Amador,2021-02-12,331,6810,122,2518,209,4292,0,0,257,4570,74,1121,257,5691,California
Amador,2021-02-13,168,6978,82,2600,86,4378,0,0,142,4686,26,1147,142,5833,California
Amador,2021-02-14,123,7101,54,2654,69,4447,0,0,106,4775,17,1164,106,5939,California
Amador,2021-02-15,188,7289,61,2715,127,4574,0,0,171,4930,16,1180,171,6110,California
Amador,2021-02-16,465,7754,53,2768,412,4986,0,0,426,5318,39,1219,427,6537,California
Amador,2021-02-17,263,8017,84,2852,179,5165,0,0,166,5387,97,1316,166,6703,California
Amador,2021-02-18,397,8414,99,2951,298,5463,0,0,333,5656,64,1380,333,7036,California
Amador,2021-02-19,195,8609,77,3028,118,5581,0,0,111,5683,84,1464,111,7147,California
Amador,2021-02-20,95,8704,33,3061,62,5643,0,0,67,5722,28,1492,67,7214,California
Amador,2021-02-21,45,8749,34,3095,11,5654,0,0,14,5705,31,1523,14,7228,California
Amador,2021-02-22,65,8814,25,3120,40,5694,0,0,32,5705,32,1555,32,7260,California
Amador,2021-02-23,320,9134,54,3174,266,5960,0,0,140,5665,180,1735,140,7400,California
Amador,2021-02-24,397,9531,58,3232,339,6299,0,0,264,5800,129,1864,264,7664,California
Amador,2021-02-25,524,10055,119,3351,405,6704,0,0,278,5833,245,2109,278,7942,California
Amador,2021-02-26,623,10678,76,3427,547,7251,0,0,509,6228,114,2223,509,8451,California
Amador,2021-02-27,292,10970,93,3520,199,7450,0,0,101,6141,190,2413,103,8554,California
Amador,2021-02-28,104,11074,53,3573,51,7501,0,0,58,6155,46,2459,60,8614,California
Amador,2021-03-01,190,11264,67,3640,123,7624,0,0,121,6208,69,2528,122,8736,California
Amador,2021-03-02,381,11645,63,3703,318,7942,0,0,332,6492,49,2577,333,9069,California
Amador,2021-03-03,243,11888,79,3782,164,8106,0,0,167,6585,75,2652,168,9237,California
Amador,2021-03-04,497,12385,116,3898,381,8487,0,0,394,6877,102,2754,394,9631,California
Amador,2021-03-05,513,12898,77,3975,436,8923,0,0,294,6955,218,2972,296,9927,California
Amador,2021-03-06,99,12997,46,4021,52,8975,1,1,54,6965,45,3017,55,9982,California
Amador,2021-03-07,65,13062,44,4065,21,8996,0,1,22,6944,43,3060,22,10004,California
Amador,2021-03-08,153,13215,71,4136,81,9077,1,2,92,6976,61,3121,93,10097,California
Amador,2021-03-09,373,13588,50,4186,323,9400,0,2,293,7192,77,3198,293,10390,California
Amador,2021-03-10,516,14104,77,4263,437,9837,2,4,112,6904,404,3602,116,10506,California
Amador,2021-03-11,475,14579,118,4381,346,10183,11,15,300,7044,174,3776,314,10820,California
Amador,2021-03-12,568,15147,66,4447,495,10678,7,22,337,7163,230,4006,349,11169,California
Amador,2021-03-13,115,15262,18,4465,90,10768,7,29,74,7207,41,4047,85,11254,California
Amador,2021-03-14,89,15351,19,4484,67,10835,3,32,21,7163,68,4115,24,11278,California
Amador,2021-03-15,180,15531,26,4510,147,10982,7,39,55,7101,125,4240,63,11341,California
Amador,2021-03-16,453,15984,54,4564,389,11371,10,49,139,6938,312,4552,149,11490,California
Amador,2021-03-17,196,16180,43,4607,150,11521,3,52,117,6980,79,4631,121,11611,California
Amador,2021-03-18,478,16658,101,4708,373,11894,4,56,252,7014,226,4857,260,11871,California
Amador,2021-03-19,541,17199,56,4764,468,12362,17,73,391,7277,148,5005,411,12282,California
Amador,2021-03-20,110,17309,46,4810,63,12425,1,74,46,7263,63,5068,49,12331,California
Amador,2021-03-21,48,17357,36,4846,11,12436,1,75,31,7281,16,5084,34,12365,California
Amador,2021-03-22,116,17473,34,4880,53,12489,29,104,52,7298,64,5148,81,12446,California
Amador,2021-03-23,434,17907,47,4927,380,12869,7,111,275,7423,158,5306,283,12729,California
Amador,2021-03-24,343,18250,36,4963,54,12923,253,364,35,7404,307,5613,288,13017,California
Amador,2021-03-25,607,18857,85,5048,516,13439,6,370,395,7594,211,5824,401,13418,California
Amador,2021-03-26,745,19602,44,5092,695,14134,6,376,281,7422,462,6286,290,13708,California
Amador,2021-03-27,90,19692,15,5107,73,14207,2,378,27,7390,63,6349,31,13739,California
Amador,2021-03-28,70,19762,16,5123,52,14259,2,380,12,7348,57,6406,15,13754,California
Amador,2021-03-29,182,19944,27,5150,154,14413,1,381,81,7336,99,6505,87,13841,California
Amador,2021-03-30,535,20479,28,5178,506,14919,1,382,294,7391,240,6745,295,14136,California
Amador,2021-03-31,199,20678,57,5235,137,15056,5,387,43,7284,155,6900,48,14184,California
Amador,2021-04-01,614,21292,87,5322,527,15583,0,387,263,7200,349,7249,265,14449,California
Amador,2021-04-02,607,21899,38,5360,557,16140,12,399,381,7370,225,7474,395,14844,California
Amador,2021-04-03,84,21983,21,5381,43,16183,20,419,21,7350,63,7537,43,14887,California
Amador,2021-04-04,38,22021,3,5384,29,16212,6,425,15,7348,23,7560,21,14908,California
Amador,2021-04-05,145,22166,52,5436,76,16288,17,442,49,7321,95,7655,68,14976,California
Amador,2021-04-06,502,22668,38,5474,446,16734,18,460,222,7283,278,7933,240,15216,California
Amador,2021-04-07,98,22766,34,5508,45,16779,19,479,41,7288,55,7988,60,15276,California
Amador,2021-04-08,496,23262,86,5594,389,17168,21,500,222,7258,273,8261,243,15519,California
Amador,2021-04-09,481,23743,20,5614,442,17610,19,519,211,7217,269,8530,228,15747,California
Amador,2021-04-10,50,23793,14,5628,27,17637,9,528,22,7220,28,8558,31,15778,California
Amador,2021-04-11,50,23843,25,5653,21,17658,4,532,23,7221,26,8584,27,15805,California
Amador,2021-04-12,98,23941,26,5679,62,17720,10,542,42,7217,56,8640,52,15857,California
Amador,2021-04-13,344,24285,50,5729,294,18014,0,542,67,7008,276,8916,67,15924,California
Amador,2021-04-14,281,24566,27,5756,254,18268,0,542,176,7082,102,9018,176,16100,California
Amador,2021-04-15,332,24898,74,5830,258,18526,0,542,72,6899,255,9273,72,16172,California
Amador,2021-04-16,482,25380,29,5859,453,18979,0,542,385,7188,96,9369,385,16557,California
Amador,2021-04-17,60,25440,34,5893,26,19005,0,542,25,7178,35,9404,25,16582,California
Amador,2021-04-18,26,25466,6,5899,20,19025,0,542,11,7175,14,9418,11,16593,California
Amador,2021-04-19,69,25535,27,5926,42,19067,0,542,30,7169,38,9456,32,16625,California
Amador,2021-04-20,436,25971,55,5981,381,19448,0,542,111,6964,318,9774,113,16738,California
Amador,2021-04-21,85,26056,33,6014,52,19500,0,542,43,6966,41,9815,43,16781,California
Amador,2021-04-22,497,26553,78,6092,418,19918,1,543,104,6685,386,10201,105,16886,California
Amador,2021-04-23,358,26911,46,6138,312,20230,0,543,286,6902,71,10272,288,17174,California
Amador,2021-04-24,48,26959,24,6162,24,20254,0,543,27,6909,20,10292,27,17201,California
Amador,2021-04-25,41,27000,19,6181,22,20276,0,543,29,6926,12,10304,29,17230,California
Amador,2021-04-26,86,27086,26,6207,59,20335,1,544,40,6922,45,10349,41,17271,California
Amador,2021-04-27,490,27576,38,6245,451,20786,1,545,87,6610,401,10750,89,17360,California
Amador,2021-04-28,67,27643,29,6274,34,20820,4,549,39,6625,28,10778,43,17403,California
Amador,2021-04-29,222,27865,69,6343,44,20864,109,658,64,6639,158,10936,172,17575,California
Amador,2021-04-30,338,28203,26,6369,308,21172,4,662,95,6495,243,11179,99,17674,California
Amador,2021-05-01,42,28245,16,6385,22,21194,4,666,22,6503,18,11197,26,17700,California
Amador,2021-05-02,26,28271,14,6399,9,21203,3,669,9,6499,17,11214,13,17713,California
Amador,2021-05-03,67,28338,33,6432,24,21227,10,679,27,6496,40,11254,37,17750,California
Amador,2021-05-04,465,28803,26,6458,432,21659,7,686,68,6174,397,11651,75,17825,California
Amador,2021-05-05,201,29004,153,6611,39,21698,9,695,162,6306,39,11690,171,17996,California
Amador,2021-05-06,108,29112,54,6665,49,21747,5,700,63,6331,43,11733,68,18064,California
Amador,2021-05-07,126,29238,29,6694,90,21837,7,707,66,6344,60,11793,73,18137,California
Amador,2021-05-08,41,29279,8,6702,30,21867,3,710,20,6346,21,11814,23,18160,California
Amador,2021-05-09,15,29294,0,6702,9,21876,6,716,4,6345,11,11825,10,18170,California
Amador,2021-05-10,62,29356,15,6717,44,21920,3,719,26,6338,36,11861,29,18199,California
Amador,2021-05-11,102,29458,34,6751,42,21962,26,745,45,6352,57,11918,71,18270,California
Amador,2021-05-12,63,29521,21,6772,41,22003,1,746,29,6348,34,11952,30,18300,California
Amador,2021-05-13,73,29594,39,6811,28,22031,6,752,36,6355,35,11987,42,18342,California
Amador,2021-05-14,395,29989,35,6846,356,22387,4,756,87,6138,308,12295,91,18433,California
Amador,2021-05-15,51,30040,20,6866,20,22407,11,767,23,6145,28,12323,35,18468,California
Amador,2021-05-16,38,30078,15,6881,23,22430,0,767,17,6141,21,12344,17,18485,California
Amador,2021-05-17,75,30153,22,6903,51,22481,2,769,36,6141,38,12382,38,18523,California
Amador,2021-05-18,247,30400,169,7072,43,22524,35,804,163,6256,83,12465,198,18721,California
Amador,2021-05-19,73,30473,22,7094,47,22571,4,808,33,6256,39,12504,39,18760,California
Amador,2021-05-20,79,30552,45,7139,31,22602,3,811,31,6243,47,12551,34,18794,California
Amador,2021-05-21,266,30818,29,7168,235,22837,2,813,40,6059,226,12777,42,18836,California
Amador,2021-05-22,41,30859,16,7184,20,22857,5,818,16,6055,25,12802,21,18857,California
Amador,2021-05-23,23,30882,7,7191,15,22872,1,819,8,6049,15,12817,9,18866,California
Amador,2021-05-24,86,30968,28,7219,46,22918,12,831,40,6056,45,12862,52,18918,California
Amador,2021-05-25,140,31108,88,7307,27,22945,25,856,82,6107,56,12918,107,19025,California
Amador,2021-05-26,204,31312,161,7468,37,22982,6,862,42,5993,161,13079,47,19072,California
Amador,2021-05-27,77,31389,35,7503,34,23016,8,870,28,5980,49,13128,36,19108,California
Amador,2021-05-28,59,31448,17,7520,39,23055,3,873,20,5964,39,13167,23,19131,California
Amador,2021-05-29,25,31473,1,7521,21,23076,3,876,11,5964,14,13181,14,19145,California
Amador,2021-05-30,7,31480,2,7523,5,23081,0,876,3,5963,4,13185,3,19148,California
Butte,2020-12-16,3,3,3,3,0,0,0,0,3,3,0,0,3,3,California
Butte,2020-12-17,21,24,21,24,0,0,0,0,21,24,0,0,21,24,California
Butte,2020-12-18,50,74,50,74,0,0,0,0,50,74,0,0,50,74,California
Butte,2020-12-19,7,81,7,81,0,0,0,0,7,81,0,0,7,81,California
Butte,2020-12-20,10,91,10,91,0,0,0,0,10,91,0,0,10,91,California
Butte,2020-12-21,634,725,634,725,0,0,0,0,634,725,0,0,634,725,California
Butte,2020-12-22,619,1344,617,1342,2,2,0,0,619,1344,0,0,619,1344,California
Butte,2020-12-23,878,2222,862,2204,16,18,0,0,878,2222,0,0,878,2222,California
Butte,2020-12-24,159,2381,155,2359,4,22,0,0,159,2381,0,0,159,2381,California
Butte,2020-12-26,93,2474,91,2450,2,24,0,0,93,2474,0,0,93,2474,California
Butte,2020-12-27,35,2509,34,2484,1,25,0,0,35,2509,0,0,35,2509,California
Butte,2020-12-28,279,2788,273,2757,6,31,0,0,279,2788,0,0,279,2788,California
Butte,2020-12-29,202,2990,178,2935,24,55,0,0,202,2990,0,0,202,2990,California
Butte,2020-12-30,514,3504,291,3226,223,278,0,0,514,3504,0,0,514,3504,California
Butte,2020-12-31,211,3715,18,3244,193,471,0,0,211,3715,0,0,211,3715,California
Butte,2021-01-01,8,3723,1,3245,7,478,0,0,8,3723,0,0,8,3723,California
Butte,2021-01-02,41,3764,38,3283,3,481,0,0,41,3764,0,0,41,3764,California
Butte,2021-01-03,3,3767,0,3283,3,484,0,0,3,3767,0,0,3,3767,California
Butte,2021-01-04,208,3975,175,3458,33,517,0,0,208,3975,0,0,208,3975,California
Butte,2021-01-05,197,4172,152,3610,45,562,0,0,196,4170,1,1,196,4171,California
Butte,2021-01-06,624,4796,397,4007,227,789,0,0,619,4785,5,6,620,4791,California
Butte,2021-01-07,761,5557,369,4376,392,1181,0,0,741,5506,20,26,741,5532,California
Butte,2021-01-08,670,6227,530,4906,140,1321,0,0,624,6084,46,72,624,6156,California
Butte,2021-01-09,12,6239,7,4913,5,1326,0,0,7,6086,5,77,7,6163,California
Butte,2021-01-10,19,6258,5,4918,14,1340,0,0,14,6095,5,82,14,6177,California
Butte,2021-01-11,985,7243,949,5867,36,1376,0,0,357,5827,628,710,360,6537,California
Butte,2021-01-12,698,7941,653,6520,45,1421,0,0,274,5677,424,1134,274,6811,California
Butte,2021-01-13,1569,9510,1075,7595,494,1915,0,0,731,5572,838,1972,733,7544,California
Butte,2021-01-14,1633,11143,892,8487,741,2656,0,0,1437,6814,195,2167,1437,8981,California
Butte,2021-01-15,1054,12197,813,9300,241,2897,0,0,945,7649,110,2277,945,9926,California
Butte,2021-01-16,586,12783,300,9600,286,3183,0,0,541,8145,45,2322,541,10467,California
Butte,2021-01-17,238,13021,64,9664,174,3357,0,0,201,8309,37,2359,201,10668,California
Butte,2021-01-18,344,13365,302,9966,42,3399,0,0,276,8518,67,2426,276,10944,California
Butte,2021-01-19,495,13860,432,10398,63,3462,0,0,223,8469,272,2698,223,11167,California
Butte,2021-01-20,1368,15228,688,11086,680,4142,0,0,1065,9231,303,3001,1065,12232,California
Butte,2021-01-21,1475,16703,867,11953,608,4750,0,0,1367,10491,107,3108,1367,13599,California
Butte,2021-01-22,1137,17840,478,12431,659,5409,0,0,1084,11522,53,3161,1084,14683,California
Butte,2021-01-23,127,17967,85,12516,42,5451,0,0,101,11597,26,3187,101,14784,California
Butte,2021-01-24,9,17976,7,12523,2,5453,0,0,9,11606,0,3187,9,14793,California
Butte,2021-01-25,655,18631,335,12858,320,5773,0,0,492,11935,163,3350,492,15285,California
Butte,2021-01-26,1469,20100,377,13235,1092,6865,0,0,1332,13130,137,3487,1332,16617,California
Butte,2021-01-27,2097,22197,705,13940,1392,8257,0,0,1366,13766,730,4217,1366,17983,California
Butte,2021-01-28,2263,24460,262,14202,2001,10258,0,0,1951,15406,311,4528,1951,19934,California
Butte,2021-01-29,1685,26145,486,14688,1199,11457,0,0,1308,16338,376,4904,1308,21242,California
Butte,2021-01-30,31,26176,8,14696,23,11480,0,0,29,16365,2,4906,29,21271,California
Butte,2021-01-31,16,26192,14,14710,2,11482,0,0,15,16379,1,4907,15,21286,California
Butte,2021-02-01,1749,27941,406,15116,1343,12825,0,0,1361,17354,386,5293,1361,22647,California
Butte,2021-02-02,1931,29872,363,15479,1568,14393,0,0,1628,18678,304,5597,1628,24275,California
Butte,2021-02-03,2741,32613,777,16256,1964,16357,0,0,1849,19637,890,6487,1849,26124,California
Butte,2021-02-04,2958,35571,324,16580,2634,18991,0,0,2402,21485,554,7041,2402,28526,California
Butte,2021-02-05,1274,36845,667,17247,607,19598,0,0,553,21318,721,7762,554,29080,California
Butte,2021-02-06,145,36990,104,17351,41,19639,0,0,63,21299,82,7844,63,29143,California
Butte,2021-02-07,37,37027,33,17384,4,19643,0,0,13,21288,24,7868,13,29156,California
Butte,2021-02-08,699,37726,548,17932,151,19794,0,0,242,21073,457,8325,242,29398,California
Butte,2021-02-09,953,38679,459,18391,494,20288,0,0,723,21566,230,8555,723,30121,California
Butte,2021-02-10,1706,40385,1190,19581,516,20804,0,0,675,21212,1029,9584,675,30796,California
Butte,2021-02-11,2202,42587,1347,20928,855,21659,0,0,1005,21020,1197,10781,1005,31801,California
Butte,2021-02-12,1003,43590,436,21364,567,22226,0,0,330,20678,672,11453,330,32131,California
Butte,2021-02-13,251,43841,43,21407,208,22434,0,0,150,20727,101,11554,150,32281,California
Butte,2021-02-14,160,44001,9,21416,151,22585,0,0,156,20879,4,11558,156,32437,California
Butte,2021-02-15,263,44264,47,21463,216,22801,0,0,198,21012,65,11623,198,32635,California
Butte,2021-02-16,733,44997,432,21895,301,23102,0,0,277,20832,457,12080,277,32912,California
Butte,2021-02-17,1516,46513,849,22744,667,23769,0,0,842,21002,672,12752,842,33754,California
Butte,2021-02-18,1559,48072,763,23507,796,24565,0,0,749,20941,810,13562,749,34503,California
Butte,2021-02-19,1169,49241,389,23896,780,25345,0,0,402,20583,760,14322,402,34905,California
Butte,2021-02-20,479,49720,32,23928,447,25792,0,0,126,20357,352,14674,126,35031,California
Butte,2021-02-21,18,49738,16,23944,2,25794,0,0,13,20365,5,14679,13,35044,California
Butte,2021-02-22,1501,51239,297,24241,1204,26998,0,0,378,19623,1120,15799,378,35422,California
Butte,2021-02-23,1635,52874,297,24538,1338,28336,0,0,463,18919,1167,16966,463,35885,California
Butte,2021-02-24,2138,55012,598,25136,1540,29876,0,0,726,18241,1404,18370,726,36611,California
Butte,2021-02-25,2076,57088,577,25713,1499,31375,0,0,656,17483,1415,19785,657,37268,California
Butte,2021-02-26,920,58008,311,26024,609,31984,0,0,396,17358,521,20306,396,37664,California
Butte,2021-02-27,237,58245,50,26074,187,32171,0,0,186,17495,49,20355,186,37850,California
Butte,2021-02-28,139,58384,16,26090,123,32294,0,0,131,17618,8,20363,131,37981,California
Butte,2021-03-01,1629,60013,177,26267,1451,33745,1,1,329,16651,1297,21660,330,38311,California
Butte,2021-03-02,1749,61762,198,26465,1551,35296,0,1,312,15530,1433,23093,312,38623,California
Butte,2021-03-03,2788,64550,851,27316,1937,37233,0,1,482,13709,2304,25397,483,39106,California
Butte,2021-03-04,3152,67702,683,27999,2469,39702,0,1,628,11814,2523,27920,628,39734,California
Butte,2021-03-05,1354,69056,616,28615,737,40439,1,2,737,11939,613,28533,738,40472,California
Butte,2021-03-06,247,69303,27,28642,197,40636,23,25,186,12088,60,28593,209,40681,California
Butte,2021-03-07,54,69357,3,28645,34,40670,17,42,29,12109,25,28618,46,40727,California
Butte,2021-03-08,1267,70624,129,28774,1060,41730,78,120,1101,13125,163,28781,1179,41906,California
Butte,2021-03-09,1902,72526,284,29058,1515,43245,103,223,1412,14153,487,29268,1515,43421,California
Butte,2021-03-10,2318,74844,966,30024,1251,44496,101,324,1577,15094,736,30004,1677,45098,California
Butte,2021-03-11,2812,77656,1319,31343,1367,45863,126,450,1982,16383,819,30823,2108,47206,California
Butte,2021-03-12,1147,78803,330,31673,468,46331,349,799,356,16304,785,31608,706,47912,California
Butte,2021-03-13,255,79058,69,31742,137,46468,49,848,62,16222,193,31801,111,48023,California
Butte,2021-03-14,162,79220,16,31758,104,46572,42,890,20,16143,141,31942,62,48085,California
Butte,2021-03-15,1742,80962,359,32117,1089,47661,294,1184,1147,16996,588,32530,1441,49526,California
Butte,2021-03-16,1654,82616,416,32533,1160,48821,78,1262,1113,17648,538,33068,1190,50716,California
Butte,2021-03-17,1957,84573,1358,33891,518,49339,81,1343,1138,18055,811,33879,1218,51934,California
Butte,2021-03-18,1811,86384,1466,35357,216,49555,129,1472,1065,18508,740,34619,1193,53127,California
Butte,2021-03-19,702,87086,314,35671,304,49859,84,1556,348,18596,344,34963,432,53559,California
Butte,2021-03-20,208,87294,32,35703,160,50019,16,1572,96,18596,112,35075,112,53671,California
Butte,2021-03-21,58,87352,27,35730,2,50021,29,1601,15,18597,43,35118,44,53715,California
Butte,2021-03-22,1484,88836,352,36082,1038,51059,94,1695,1220,19649,262,35380,1314,55029,California
Butte,2021-03-23,1827,90663,493,36575,1220,52279,114,1809,1476,20891,348,35728,1590,56619,California
Butte,2021-03-24,2266,92929,1269,37844,871,53150,126,1935,1717,22188,545,36273,1842,58461,California
Butte,2021-03-25,1485,94414,1201,39045,192,53342,92,2027,1018,22835,463,36736,1110,59571,California
Butte,2021-03-26,1208,95622,441,39486,521,53863,246,2273,560,23001,640,37376,806,60377,California
Butte,2021-03-27,302,95924,85,39571,193,54056,24,2297,136,22996,163,37539,158,60535,California
Butte,2021-03-28,227,96151,44,39615,175,54231,8,2305,103,22985,121,37660,110,60645,California
Butte,2021-03-29,1759,97910,381,39996,1308,55539,70,2375,1342,23985,412,38072,1412,62057,California
Butte,2021-03-30,1040,98950,471,40467,479,56018,90,2465,493,24027,541,38613,583,62640,California
Butte,2021-03-31,1779,100729,1304,41771,408,56426,67,2532,1088,24497,685,39298,1155,63795,California
Butte,2021-04-01,3329,104058,2706,44477,496,56922,127,2659,2259,25820,1064,40362,2387,66182,California
Butte,2021-04-02,1003,105061,419,44896,464,57386,120,2779,566,26075,429,40791,684,66866,California
Butte,2021-04-03,347,105408,46,44942,226,57612,75,2854,164,26131,183,40974,239,67105,California
Butte,2021-04-04,188,105596,24,44966,141,57753,23,2877,110,26188,76,41050,133,67238,California
Butte,2021-04-05,1971,107567,420,45386,1379,59132,172,3049,594,25596,1368,42418,776,68014,California
Butte,2021-04-06,2200,109767,616,46002,1161,60293,423,3472,798,25419,1396,43814,1219,69233,California
Butte,2021-04-07,3031,112798,1313,47315,1325,61618,393,3865,706,24207,2319,46133,1107,70340,California
Butte,2021-04-08,2732,115530,1190,48505,1276,62894,266,4131,443,22634,2286,48419,713,71053,California
Butte,2021-04-09,1373,116903,352,48857,541,63435,480,4611,328,22399,1041,49460,806,71859,California
Butte,2021-04-10,223,117126,48,48905,77,63512,98,4709,100,22473,123,49583,197,72056,California
Butte,2021-04-11,106,117232,44,48949,52,63564,10,4719,82,22542,23,49606,92,72148,California
Butte,2021-04-12,1407,118639,314,49263,960,64524,133,4852,233,21734,1174,50780,366,72514,California
Butte,2021-04-13,1642,120281,572,49835,1064,65588,6,4858,336,20777,1299,52079,342,72856,California
Butte,2021-04-14,2822,123103,2335,52170,487,66075,0,4858,1305,20572,1511,53590,1306,74162,California
Butte,2021-04-15,642,123745,397,52567,245,66320,0,4858,485,20903,154,53744,485,74647,California
Butte,2021-04-16,810,124555,414,52981,396,66716,0,4858,475,21045,333,54077,475,75122,California
Butte,2021-04-17,342,124897,61,53042,281,66997,0,4858,238,21181,102,54179,238,75360,California
Butte,2021-04-18,42,124939,11,53053,31,67028,0,4858,38,21215,4,54183,38,75398,California
Butte,2021-04-19,1561,126500,381,53434,1180,68208,0,4858,428,20513,1130,55313,428,75826,California
Butte,2021-04-20,1969,128469,717,54151,1252,69460,0,4858,750,20052,1211,56524,750,76576,California
Butte,2021-04-21,2049,130518,1165,55316,884,70344,0,4858,465,18939,1578,58102,465,77041,California
Butte,2021-04-22,2219,132737,1941,57257,278,70622,0,4858,609,17942,1606,59708,609,77650,California
Butte,2021-04-23,942,133679,445,57702,497,71119,0,4858,490,17979,453,60161,490,78140,California
Butte,2021-04-24,345,134024,138,57840,207,71326,0,4858,190,18014,155,60316,190,78330,California
Butte,2021-04-25,172,134196,67,57907,105,71431,0,4858,63,17968,109,60425,63,78393,California
Butte,2021-04-26,1488,135684,428,58335,1055,72486,5,4863,383,17254,1102,61527,388,78781,California
Butte,2021-04-27,935,136619,639,58974,269,72755,27,4890,563,17477,367,61894,590,79371,California
Butte,2021-04-28,1393,138012,937,59911,431,73186,25,4915,504,17118,888,62782,529,79900,California
Butte,2021-04-29,885,138897,543,60454,317,73503,25,4940,298,16860,581,63363,323,80223,California
Butte,2021-04-30,894,139791,387,60841,486,73989,21,4961,451,16894,437,63800,471,80694,California
Butte,2021-05-01,239,140030,64,60905,156,74145,19,4980,69,16813,169,63969,88,80782,California
Butte,2021-05-02,147,140177,61,60966,73,74218,13,4993,42,16763,105,64074,55,80837,California
Butte,2021-05-03,606,140783,250,61216,325,74543,31,5024,155,16509,440,64514,186,81023,California
Butte,2021-05-04,816,141599,315,61531,469,75012,32,5056,211,16152,599,65113,242,81265,California
Butte,2021-05-05,1338,142937,1090,62621,212,75224,36,5092,275,15406,1057,66170,311,81576,California
Butte,2021-05-06,928,143865,670,63291,221,75445,37,5129,359,15236,566,66736,396,81972,California
Butte,2021-05-07,563,144428,291,63582,235,75680,37,5166,288,15289,272,67008,325,82297,California
Butte,2021-05-08,170,144598,36,63618,125,75805,9,5175,90,15309,79,67087,99,82396,California
Butte,2021-05-09,94,144692,20,63638,71,75876,3,5178,50,15318,44,67131,53,82449,California
Butte,2021-05-10,520,145212,307,63945,170,76046,43,5221,214,15272,303,67434,257,82706,California
Butte,2021-05-11,862,146074,641,64586,164,76210,57,5278,275,15020,584,68018,332,83038,California
Butte,2021-05-12,732,146806,472,65058,214,76424,46,5324,328,14994,400,68418,374,83412,California
Butte,2021-05-13,847,147653,569,65627,219,76643,59,5383,295,14805,541,68959,352,83764,California
Butte,2021-05-14,834,148487,522,66149,282,76925,30,5413,361,14726,469,69428,390,84154,California
Butte,2021-05-15,480,148967,223,66372,225,77150,32,5445,223,14725,256,69684,255,84409,California
Butte,2021-05-16,169,149136,83,66455,68,77218,18,5463,98,14771,70,69754,116,84525,California
Butte,2021-05-17,758,149894,486,66941,225,77443,47,5510,338,14738,417,70171,384,84909,California
Butte,2021-05-18,1058,150952,726,67667,284,77727,48,5558,480,14694,572,70743,528,85437,California
Butte,2021-05-19,833,151785,543,68210,246,77973,44,5602,335,14578,494,71237,378,85815,California
Butte,2021-05-20,836,152621,574,68784,160,78133,102,5704,333,14512,501,71738,435,86250,California
Butte,2021-05-21,780,153401,490,69274,263,78396,27,5731,261,14284,515,72253,287,86537,California
Butte,2021-05-22,217,153618,104,69378,108,78504,5,5736,107,14289,107,72360,112,86649,California
Butte,2021-05-23,75,153693,46,69424,26,78530,3,5739,43,14303,32,72392,46,86695,California
Butte,2021-05-24,327,154020,138,69562,145,78675,44,5783,168,14357,158,72550,212,86907,California
Butte,2021-05-25,673,154693,426,69988,213,78888,34,5817,334,14392,332,72882,367,87274,California
Butte,2021-05-26,549,155242,178,70166,352,79240,19,5836,246,14362,295,73177,265,87539,California
Butte,2021-05-27,818,156060,596,70762,205,79445,17,5853,391,14349,422,73599,409,87948,California
Butte,2021-05-28,494,156554,129,70891,292,79737,73,5926,198,14327,293,73892,271,88219,California
Butte,2021-05-29,201,156755,102,70993,88,79825,11,5937,128,14393,73,73965,139,88358,California
Butte,2021-05-30,18,156773,5,70998,13,79838,0,5937,7,14389,11,73976,7,88365,California
Calaveras,2020-12-16,5,5,5,5,0,0,0,0,5,5,0,0,5,5,California
Calaveras,2020-12-17,3,8,3,8,0,0,0,0,3,8,0,0,3,8,California
Calaveras,2020-12-18,39,47,39,47,0,0,0,0,39,47,0,0,39,47,California
Calaveras,2020-12-19,3,50,3,50,0,0,0,0,3,50,0,0,3,50,California
Calaveras,2020-12-20,4,54,4,54,0,0,0,0,4,54,0,0,4,54,California
Calaveras,2020-12-21,55,109,48,102,7,7,0,0,55,109,0,0,55,109,California
Calaveras,2020-12-22,82,191,78,180,4,11,0,0,83,192,0,0,83,192,California
Calaveras,2020-12-23,76,267,74,254,2,13,0,0,76,268,0,0,76,268,California
Calaveras,2020-12-24,2,269,2,256,0,13,0,0,2,270,0,0,2,270,California
Calaveras,2020-12-26,3,272,3,259,0,13,0,0,3,273,0,0,3,273,California
Calaveras,2020-12-28,21,293,17,276,4,17,0,0,20,292,1,1,20,293,California
Calaveras,2020-12-29,158,451,138,414,20,37,0,0,158,450,0,1,158,451,California
Calaveras,2020-12-30,94,545,82,496,12,49,0,0,94,544,0,1,94,545,California
Calaveras,2020-12-31,37,582,26,522,11,60,0,0,37,581,0,1,37,582,California
Calaveras,2021-01-02,11,593,11,533,0,60,0,0,11,592,0,1,11,593,California
Calaveras,2021-01-03,10,603,4,537,6,66,0,0,10,602,0,1,10,603,California
Calaveras,2021-01-04,33,636,5,542,28,94,0,0,33,635,0,1,33,636,California
Calaveras,2021-01-05,40,676,9,551,31,125,0,0,31,662,9,10,36,672,California
Calaveras,2021-01-06,107,783,30,581,77,202,0,0,97,749,10,20,97,769,California
Calaveras,2021-01-07,105,888,26,607,79,281,0,0,92,831,11,31,93,862,California
Calaveras,2021-01-08,69,957,39,646,30,311,0,0,45,853,24,55,46,908,California
Calaveras,2021-01-09,5,962,5,651,0,311,0,0,2,852,3,58,2,910,California
Calaveras,2021-01-10,2,964,0,651,2,313,0,0,2,854,0,58,2,912,California
Calaveras,2021-01-11,65,1029,59,710,6,319,0,0,27,846,37,95,29,941,California
Calaveras,2021-01-12,86,1115,53,763,33,352,0,0,52,865,34,129,53,994,California
Calaveras,2021-01-13,111,1226,45,808,66,418,0,0,77,909,34,163,78,1072,California
Calaveras,2021-01-14,140,1366,43,851,97,515,0,0,107,985,32,195,108,1180,California
Calaveras,2021-01-15,92,1458,28,879,64,579,0,0,72,1037,20,215,72,1252,California
Calaveras,2021-01-16,13,1471,2,881,11,590,0,0,12,1048,1,216,12,1264,California
Calaveras,2021-01-17,9,1480,1,882,8,598,0,0,9,1057,0,216,9,1273,California
Calaveras,2021-01-18,133,1613,20,902,113,711,0,0,119,1165,14,230,122,1395,California
Calaveras,2021-01-19,206,1819,175,1077,31,742,0,0,69,1099,136,366,70,1465,California
Calaveras,2021-01-20,378,2197,82,1159,296,1038,0,0,291,1315,86,452,302,1767,California
Calaveras,2021-01-21,464,2661,41,1200,423,1461,0,0,428,1719,36,488,440,2207,California
Calaveras,2021-01-22,402,3063,23,1223,379,1840,0,0,392,2108,10,498,399,2606,California
Calaveras,2021-01-23,20,3083,8,1231,12,1852,0,0,19,2126,1,499,19,2625,California
Calaveras,2021-01-24,14,3097,8,1239,6,1858,0,0,12,2136,2,501,12,2637,California
Calaveras,2021-01-25,86,3183,8,1247,78,1936,0,0,81,2212,5,506,81,2718,California
Calaveras,2021-01-26,47,3230,15,1262,32,1968,0,0,39,2243,8,514,39,2757,California
Calaveras,2021-01-27,131,3361,44,1306,87,2055,0,0,102,2317,28,542,102,2859,California
Calaveras,2021-01-28,165,3526,25,1331,140,2195,0,0,140,2436,25,567,144,3003,California
Calaveras,2021-01-29,375,3901,12,1343,363,2558,0,0,346,2766,29,596,359,3362,California
Calaveras,2021-01-30,27,3928,10,1353,17,2575,0,0,25,2791,0,596,25,3387,California
Calaveras,2021-01-31,6,3934,4,1357,2,2577,0,0,5,2795,1,597,5,3392,California
Calaveras,2021-02-01,26,3960,11,1368,15,2592,0,0,17,2803,9,606,17,3409,California
Calaveras,2021-02-02,109,4069,22,1390,87,2679,0,0,71,2842,33,639,72,3481,California
Calaveras,2021-02-03,434,4503,44,1434,390,3069,0,0,349,3109,84,723,351,3832,California
Calaveras,2021-02-04,381,4884,25,1459,356,3425,0,0,296,3323,85,808,299,4131,California
Calaveras,2021-02-05,79,4963,22,1481,57,3482,0,0,41,3327,38,846,42,4173,California
Calaveras,2021-02-06,21,4984,12,1493,9,3491,0,0,21,3348,0,846,21,4194,California
Calaveras,2021-02-07,4,4988,1,1494,3,3494,0,0,2,3348,2,848,2,4196,California
Calaveras,2021-02-08,39,5027,18,1512,21,3515,0,0,31,3373,6,854,31,4227,California
Calaveras,2021-02-09,193,5220,77,1589,116,3631,0,0,131,3445,60,914,132,4359,California
Calaveras,2021-02-10,515,5735,31,1620,484,4115,0,0,442,3819,73,987,447,4806,California
Calaveras,2021-02-11,584,6319,81,1701,503,4618,0,0,473,4188,108,1095,477,5283,California
Calaveras,2021-02-12,569,6888,324,2025,245,4863,0,0,492,4608,75,1170,495,5778,California
Calaveras,2021-02-13,201,7089,45,2070,156,5019,0,0,186,4779,15,1185,186,5964,California
Calaveras,2021-02-14,221,7310,71,2141,150,5169,0,0,206,4971,14,1199,206,6170,California
Calaveras,2021-02-15,382,7692,23,2164,359,5528,0,0,262,5116,117,1316,262,6432,California
Calaveras,2021-02-16,269,7961,145,2309,124,5652,0,0,230,5310,39,1355,233,6665,California
Calaveras,2021-02-17,512,8473,38,2347,474,6126,0,0,209,5230,292,1647,212,6877,California
Calaveras,2021-02-18,498,8971,91,2438,407,6533,0,0,95,4941,385,2032,96,6973,California
Calaveras,2021-02-19,440,9411,43,2481,397,6930,0,0,98,4707,332,2364,98,7071,California
Calaveras,2021-02-20,59,9470,15,2496,44,6974,0,0,48,4744,11,2375,48,7119,California
Calaveras,2021-02-21,24,9494,14,2510,10,6984,0,0,18,4757,5,2380,18,7137,California
Calaveras,2021-02-22,62,9556,38,2548,24,7008,0,0,33,4761,29,2409,33,7170,California
Calaveras,2021-02-23,127,9683,42,2590,85,7093,0,0,91,4817,36,2445,92,7262,California
Calaveras,2021-02-24,97,9780,48,2638,49,7142,0,0,67,4855,29,2474,67,7329,California
Calaveras,2021-02-25,550,10330,100,2738,450,7592,0,0,354,5023,191,2665,359,7688,California
Calaveras,2021-02-26,750,11080,46,2784,704,8296,0,0,397,5088,333,2998,398,8086,California
Calaveras,2021-02-27,204,11284,22,2806,182,8478,0,0,180,5244,24,3022,180,8266,California
Calaveras,2021-02-28,97,11381,15,2821,82,8560,0,0,91,5330,5,3027,91,8357,California
Calaveras,2021-03-01,230,11611,41,2862,189,8749,0,0,146,5397,80,3107,147,8504,California
Calaveras,2021-03-02,250,11861,97,2959,153,8902,0,0,204,5559,43,3150,205,8709,California
Calaveras,2021-03-03,514,12375,104,3063,410,9312,0,0,212,5475,296,3446,212,8921,California
Calaveras,2021-03-04,746,13121,69,3132,676,9988,1,1,354,5448,383,3829,356,9277,California
Calaveras,2021-03-05,454,13575,271,3403,179,10167,4,5,140,5283,309,4138,144,9421,California
Calaveras,2021-03-06,154,13729,42,3445,106,10273,6,11,114,5363,40,4178,120,9541,California
Calaveras,2021-03-07,75,13804,32,3477,36,10309,7,18,34,5363,41,4219,41,9582,California
Calaveras,2021-03-08,164,13968,28,3505,128,10437,8,26,130,5468,33,4252,138,9720,California
Calaveras,2021-03-09,361,14329,137,3642,218,10655,6,32,32,5183,323,4575,38,9758,California
Calaveras,2021-03-10,419,14748,31,3673,385,11040,3,35,58,4889,355,4930,61,9819,California
Calaveras,2021-03-11,852,15600,423,4096,416,11456,13,48,433,4923,414,5344,448,10267,California
Calaveras,2021-03-12,402,16002,213,4309,179,11635,10,58,326,5190,75,5419,342,10609,California
Calaveras,2021-03-13,177,16179,16,4325,153,11788,8,66,139,5303,37,5456,150,10759,California
Calaveras,2021-03-14,156,16335,11,4336,144,11932,1,67,18,5191,138,5594,26,10785,California
Calaveras,2021-03-15,330,16665,48,4384,256,12188,26,93,52,4996,277,5871,82,10867,California
Calaveras,2021-03-16,689,17354,553,4937,116,12304,20,113,546,5421,141,6012,566,11433,California
Calaveras,2021-03-17,281,17635,53,4990,214,12518,14,127,50,5259,227,6239,65,11498,California
Calaveras,2021-03-18,665,18300,570,5560,79,12597,16,143,549,5710,116,6355,567,12065,California
Calaveras,2021-03-19,232,18532,51,5611,107,12704,74,217,58,5670,170,6525,130,12195,California
Calaveras,2021-03-20,81,18613,22,5633,58,12762,1,218,23,5637,58,6583,25,12220,California
Calaveras,2021-03-21,47,18660,30,5663,6,12768,11,229,12,5625,35,6618,23,12243,California
Calaveras,2021-03-22,79,18739,35,5698,23,12791,21,250,25,5617,54,6672,46,12289,California
Calaveras,2021-03-23,295,19034,204,5902,81,12872,10,260,117,5576,168,6840,127,12416,California
Calaveras,2021-03-24,134,19168,51,5953,73,12945,10,270,43,5540,89,6929,53,12469,California
Calaveras,2021-03-25,743,19911,103,6056,636,13581,4,274,446,5701,289,7218,450,12919,California
Calaveras,2021-03-26,428,20339,28,6084,394,13975,6,280,88,5460,337,7555,96,13015,California
Calaveras,2021-03-27,212,20551,19,6103,189,14164,4,284,37,5331,172,7727,43,13058,California
Calaveras,2021-03-28,111,20662,12,6115,97,14261,2,286,8,5240,102,7829,11,13069,California
Calaveras,2021-03-29,178,20840,24,6139,151,14412,3,289,58,5184,118,7947,62,13131,California
Calaveras,2021-03-30,539,21379,25,6164,497,14909,17,306,361,5385,177,8124,378,13509,California
Calaveras,2021-03-31,323,21702,141,6305,172,15081,10,316,156,5385,167,8291,167,13676,California
Calaveras,2021-04-01,685,22387,443,6748,241,15322,1,317,187,5080,496,8787,191,13867,California
Calaveras,2021-04-02,394,22781,231,6979,155,15477,8,325,117,4932,274,9061,126,13993,California
Calaveras,2021-04-03,144,22925,34,7013,106,15583,4,329,40,4872,104,9165,44,14037,California
Calaveras,2021-04-04,78,23003,25,7038,53,15636,0,329,49,4892,29,9194,49,14086,California
Calaveras,2021-04-05,212,23215,81,7119,121,15757,10,339,100,4890,112,9306,110,14196,California
Calaveras,2021-04-06,651,23866,573,7692,64,15821,14,353,111,4479,536,9842,125,14321,California
Calaveras,2021-04-07,754,24620,658,8350,60,15881,36,389,617,4996,137,9979,654,14975,California
Calaveras,2021-04-08,946,25566,855,9205,70,15951,21,410,436,4947,507,10486,458,15433,California
Calaveras,2021-04-09,154,25720,58,9263,48,15999,48,458,57,4957,96,10582,106,15539,California
Calaveras,2021-04-10,192,25912,44,9307,130,16129,18,476,150,5085,41,10623,169,15708,California
Calaveras,2021-04-11,69,25981,44,9351,23,16152,2,478,48,5114,21,10644,50,15758,California
Calaveras,2021-04-12,104,26085,47,9398,38,16190,19,497,55,5140,49,10693,75,15833,California
Calaveras,2021-04-13,423,26508,368,9766,55,16245,0,497,364,5448,58,10751,366,16199,California
Calaveras,2021-04-14,181,26689,28,9794,153,16398,0,497,135,5538,46,10797,136,16335,California
Calaveras,2021-04-15,336,27025,287,10081,49,16447,0,497,253,5711,80,10877,253,16588,California
Calaveras,2021-04-16,99,27124,25,10106,74,16521,0,497,47,5710,48,10925,47,16635,California
Calaveras,2021-04-17,332,27456,127,10233,205,16726,0,497,289,5956,43,10968,289,16924,California
Calaveras,2021-04-18,17,27473,5,10238,12,16738,0,497,10,5959,7,10975,10,16934,California
Calaveras,2021-04-19,72,27545,27,10265,45,16783,0,497,45,5979,26,11001,46,16980,California
Calaveras,2021-04-20,263,27808,93,10358,170,16953,0,497,196,6110,65,11066,196,17176,California
Calaveras,2021-04-21,217,28025,146,10504,71,17024,0,497,85,6066,130,11196,86,17262,California
Calaveras,2021-04-22,542,28567,96,10600,446,17470,0,497,141,5810,399,11595,143,17405,California
Calaveras,2021-04-23,159,28726,81,10681,78,17548,0,497,65,5784,91,11686,65,17470,California
Calaveras,2021-04-24,173,28899,37,10718,136,17684,0,497,130,5873,42,11728,131,17601,California
Calaveras,2021-04-25,43,28942,28,10746,15,17699,0,497,22,5876,21,11749,24,17625,California
Calaveras,2021-04-26,96,29038,59,10805,37,17736,0,497,28,5837,68,11817,29,17654,California
Calaveras,2021-04-27,425,29463,59,10864,353,18089,13,510,53,5534,369,12186,66,17720,California
Calaveras,2021-04-28,642,30105,574,11438,37,18126,31,541,52,5034,590,12776,90,17810,California
Calaveras,2021-04-29,511,30616,440,11878,52,18178,19,560,72,4692,438,13214,96,17906,California
Calaveras,2021-04-30,148,30764,59,11937,84,18262,5,565,66,4688,81,13295,77,17983,California
Calaveras,2021-05-01,198,30962,110,12047,86,18348,2,567,131,4759,66,13361,137,18120,California
Calaveras,2021-05-02,52,31014,35,12082,16,18364,1,568,20,4750,31,13392,22,18142,California
Calaveras,2021-05-03,93,31107,69,12151,19,18383,5,573,29,4724,64,13456,38,18180,California
Calaveras,2021-05-04,414,31521,329,12480,48,18431,37,610,42,4433,371,13827,80,18260,California
Calaveras,2021-05-05,110,31631,57,12537,21,18452,32,642,48,4451,61,13888,79,18339,California
Calaveras,2021-05-06,253,31884,194,12731,36,18488,23,665,47,4316,206,14094,71,18410,California
Calaveras,2021-05-07,84,31968,24,12755,54,18542,6,671,54,4346,30,14124,60,18470,California
Calaveras,2021-05-08,290,32258,141,12896,147,18689,2,673,92,4244,196,14320,94,18564,California
Calaveras,2021-05-09,28,32286,12,12908,13,18702,3,676,12,4243,16,14336,15,18579,California
Calaveras,2021-05-10,54,32340,24,12932,29,18731,1,677,23,4239,29,14365,25,18604,California
Calaveras,2021-05-11,128,32468,85,13017,31,18762,12,689,89,4303,38,14403,102,18706,California
Calaveras,2021-05-12,157,32625,37,13054,120,18882,0,689,44,4235,112,14515,44,18750,California
Calaveras,2021-05-13,113,32738,60,13114,38,18920,15,704,59,4256,53,14568,74,18824,California
Calaveras,2021-05-14,150,32888,93,13207,54,18974,3,707,101,4312,48,14616,104,18928,California
Calaveras,2021-05-15,266,33154,93,13300,170,19144,3,710,105,4265,155,14771,108,19036,California
Calaveras,2021-05-16,28,33182,11,13311,17,19161,0,710,13,4264,15,14786,14,19050,California
Calaveras,2021-05-17,88,33270,41,13352,40,19201,7,717,48,4281,39,14825,56,19106,California
Calaveras,2021-05-18,224,33494,60,13412,142,19343,22,739,72,4224,151,14976,94,19200,California
Calaveras,2021-05-19,147,33641,59,13471,83,19426,5,744,71,4226,75,15051,77,19277,California
Calaveras,2021-05-20,180,33821,71,13542,87,19513,22,766,60,4190,117,15168,81,19358,California
Calaveras,2021-05-21,77,33898,48,13590,26,19539,3,769,49,4215,27,15195,52,19410,California
Calaveras,2021-05-22,275,34173,149,13739,126,19665,0,769,134,4210,139,15334,134,19544,California
Calaveras,2021-05-23,18,34191,15,13754,3,19668,0,769,10,4212,8,15342,10,19554,California
Calaveras,2021-05-24,67,34258,32,13786,20,19688,15,784,28,4217,39,15381,44,19598,California
Calaveras,2021-05-25,117,34375,46,13832,55,19743,16,800,56,4228,61,15442,72,19670,California
Calaveras,2021-05-26,120,34495,87,13919,29,19772,4,804,82,4276,37,15479,85,19755,California
Calaveras,2021-05-27,82,34577,43,13962,35,19807,4,808,26,4254,53,15532,31,19786,California
Calaveras,2021-05-28,70,34647,33,13995,33,19840,4,812,29,4246,41,15573,33,19819,California
Calaveras,2021-05-29,64,34711,20,14015,39,19879,5,817,29,4246,34,15607,34,19853,California
Calaveras,2021-05-30,3,34714,0,14015,2,19881,1,818,1,4246,2,15609,2,19855,California
Colusa,2020-12-18,1,1,1,1,0,0,0,0,1,1,0,0,1,1,California
Colusa,2020-12-21,2,3,2,3,0,0,0,0,2,3,0,0,2,3,California
Colusa,2020-12-22,10,13,10,13,0,0,0,0,10,13,0,0,10,13,California
Colusa,2020-12-23,10,23,10,23,0,0,0,0,10,23,0,0,10,23,California
Colusa,2020-12-24,2,25,1,24,1,1,0,0,2,25,0,0,2,25,California
Colusa,2020-12-27,1,26,1,25,0,1,0,0,1,26,0,0,1,26,California
Colusa,2020-12-28,7,33,3,28,4,5,0,0,7,33,0,0,7,33,California
Colusa,2020-12-29,11,44,8,36,3,8,0,0,11,44,0,0,11,44,California
Colusa,2020-12-30,50,94,13,49,37,45,0,0,50,94,0,0,50,94,California
Colusa,2020-12-31,18,112,1,50,17,62,0,0,18,112,0,0,18,112,California
Colusa,2021-01-04,4,116,0,50,4,66,0,0,4,116,0,0,4,116,California
Colusa,2021-01-05,67,183,1,51,66,132,0,0,67,183,0,0,67,183,California
Colusa,2021-01-06,15,198,9,60,6,138,0,0,15,198,0,0,15,198,California
Colusa,2021-01-07,38,236,4,64,34,172,0,0,37,234,1,1,37,235,California
Colusa,2021-01-08,9,245,7,71,2,174,0,0,8,241,1,2,8,243,California
Colusa,2021-01-09,2,247,1,72,1,175,0,0,2,243,0,2,2,245,California
Colusa,2021-01-10,1,248,0,72,1,176,0,0,1,244,0,2,1,246,California
Colusa,2021-01-11,12,260,6,78,6,182,0,0,7,246,5,7,7,253,California
Colusa,2021-01-12,11,271,9,87,2,184,0,0,6,247,5,12,6,259,California
Colusa,2021-01-13,21,292,13,100,8,192,0,0,13,252,8,20,13,272,California
Colusa,2021-01-14,35,327,28,128,7,199,0,0,33,283,2,22,33,305,California
Colusa,2021-01-15,42,369,5,133,37,236,0,0,40,321,2,24,40,345,California
Colusa,2021-01-16,12,381,1,134,11,247,0,0,11,331,1,25,11,356,California
Colusa,2021-01-17,3,384,2,136,1,248,0,0,2,332,1,26,2,358,California
Colusa,2021-01-18,4,388,0,136,4,252,0,0,4,336,0,26,4,362,California
Colusa,2021-01-19,9,397,8,144,1,253,0,0,5,337,4,30,5,367,California
Colusa,2021-01-20,115,512,101,245,14,267,0,0,102,426,13,43,102,469,California
Colusa,2021-01-21,56,568,41,286,15,282,0,0,55,480,1,44,55,524,California
Colusa,2021-01-22,40,608,17,303,23,305,0,0,35,510,5,49,35,559,California
Colusa,2021-01-23,35,643,6,309,29,334,0,0,35,545,0,49,35,594,California
Colusa,2021-01-25,7,650,0,309,7,341,0,0,7,552,0,49,7,601,California
Colusa,2021-01-26,8,658,5,314,3,344,0,0,5,554,3,52,5,606,California
Colusa,2021-01-27,109,767,31,345,78,422,0,0,107,659,2,54,107,713,California
Colusa,2021-01-28,79,846,46,391,33,455,0,0,72,724,7,61,72,785,California
Colusa,2021-01-29,42,888,7,398,35,490,0,0,41,764,1,62,41,826,California
Colusa,2021-01-30,27,915,4,402,23,513,0,0,27,791,0,62,27,853,California
Colusa,2021-01-31,7,922,7,409,0,513,0,0,7,798,0,62,7,860,California
Colusa,2021-02-01,27,949,10,419,17,530,0,0,22,815,5,67,22,882,California
Colusa,2021-02-02,43,992,9,428,34,564,0,0,37,846,6,73,37,919,California
Colusa,2021-02-03,69,1061,10,438,59,623,0,0,59,895,10,83,59,978,California
Colusa,2021-02-04,143,1204,81,519,62,685,0,0,115,982,28,111,115,1093,California
Colusa,2021-02-05,32,1236,8,527,24,709,0,0,29,1008,3,114,29,1122,California
Colusa,2021-02-06,285,1521,9,536,276,985,0,0,274,1271,11,125,274,1396,California
Colusa,2021-02-07,2,1523,1,537,1,986,0,0,0,1269,2,127,0,1396,California
Colusa,2021-02-08,40,1563,5,542,35,1021,0,0,37,1303,3,130,37,1433,California
Colusa,2021-02-09,231,1794,14,556,217,1238,0,0,176,1424,55,185,176,1609,California
Colusa,2021-02-10,116,1910,41,597,75,1313,0,0,73,1454,43,228,73,1682,California
Colusa,2021-02-11,98,2008,36,633,62,1375,0,0,73,1502,25,253,73,1755,California
Colusa,2021-02-12,118,2126,9,642,109,1484,0,0,79,1541,40,293,79,1834,California
Colusa,2021-02-13,60,2186,8,650,52,1536,0,0,52,1585,8,301,52,1886,California
Colusa,2021-02-14,21,2207,8,658,13,1549,0,0,15,1594,6,307,15,1901,California
Colusa,2021-02-15,46,2253,10,668,36,1585,0,0,39,1626,7,314,39,1940,California
Colusa,2021-02-16,67,2320,4,672,63,1648,0,0,66,1691,1,315,66,2006,California
Colusa,2021-02-17,206,2526,143,815,63,1711,0,0,60,1605,146,461,60,2066,California
Colusa,2021-02-18,135,2661,35,850,100,1811,0,0,112,1694,23,484,112,2178,California
Colusa,2021-02-19,155,2816,19,869,136,1947,0,0,129,1797,26,510,129,2307,California
Colusa,2021-02-20,28,2844,6,875,22,1969,0,0,12,1793,16,526,12,2319,California
Colusa,2021-02-21,1,2845,1,876,0,1969,0,0,0,1792,1,527,0,2319,California
Colusa,2021-02-22,43,2888,26,902,17,1986,0,0,29,1807,14,541,29,2348,California
Colusa,2021-02-23,23,2911,7,909,16,2002,0,0,18,1820,5,546,18,2366,California
Colusa,2021-02-24,302,3213,54,963,248,2250,0,0,160,1838,142,688,160,2526,California
Colusa,2021-02-25,102,3315,55,1018,47,2297,0,0,66,1868,36,724,66,2592,California
Colusa,2021-02-26,100,3415,14,1032,86,2383,0,0,60,1888,40,764,60,2652,California
Colusa,2021-02-27,55,3470,4,1036,51,2434,0,0,40,1913,15,779,40,2692,California
Colusa,2021-02-28,26,3496,14,1050,12,2446,0,0,17,1921,9,788,17,2709,California
Colusa,2021-03-01,46,3542,15,1065,31,2477,0,0,29,1933,17,805,29,2738,California
Colusa,2021-03-02,49,3591,13,1078,36,2513,0,0,26,1936,23,828,26,2764,California
Colusa,2021-03-03,242,3833,43,1121,199,2712,0,0,185,2064,57,885,185,2949,California
Colusa,2021-03-04,138,3971,58,1179,80,2792,0,0,79,2084,59,944,79,3028,California
Colusa,2021-03-05,98,4069,25,1204,64,2856,9,9,53,2101,45,989,62,3090,California
Colusa,2021-03-06,274,4343,9,1213,265,3121,0,9,37,1901,237,1226,37,3127,California
Colusa,2021-03-07,8,4351,5,1218,3,3124,0,9,6,1905,2,1228,6,3133,California
Colusa,2021-03-08,89,4440,21,1239,33,3157,35,44,45,1941,44,1272,80,3213,California
Colusa,2021-03-09,277,4717,75,1314,179,3336,23,67,86,1859,191,1463,109,3322,California
Colusa,2021-03-10,289,5006,37,1351,216,3552,36,103,203,2012,86,1549,239,3561,California
Colusa,2021-03-11,420,5426,60,1411,339,3891,21,124,339,2289,81,1630,358,3919,California
Colusa,2021-03-12,109,5535,18,1429,78,3969,13,137,19,2231,90,1720,32,3951,California
Colusa,2021-03-13,61,5596,16,1445,36,4005,9,146,18,2215,43,1763,27,3978,California
Colusa,2021-03-14,20,5616,0,1445,18,4023,2,148,6,2210,13,1776,8,3986,California
Colusa,2021-03-15,71,5687,27,1472,36,4059,8,156,15,2177,56,1832,23,4009,California
Colusa,2021-03-16,297,5984,16,1488,235,4294,46,202,189,2304,108,1940,235,4244,California
Colusa,2021-03-17,194,6178,49,1537,145,4439,0,202,108,2326,86,2026,108,4352,California
Colusa,2021-03-18,324,6502,37,1574,216,4655,71,273,201,2475,123,2149,272,4624,California
Colusa,2021-03-19,78,6580,20,1594,56,4711,2,275,53,2505,25,2174,55,4679,California
Colusa,2021-03-20,49,6629,7,1601,41,4752,1,276,36,2529,13,2187,37,4716,California
Colusa,2021-03-21,6,6635,4,1605,2,4754,0,276,4,2531,2,2189,4,4720,California
Colusa,2021-03-22,62,6697,10,1615,43,4797,9,285,40,2558,22,2211,49,4769,California
Colusa,2021-03-23,82,6779,16,1631,64,4861,2,287,55,2588,27,2238,57,4826,California
Colusa,2021-03-24,340,7119,57,1688,277,5138,6,293,68,2389,272,2510,73,4899,California
Colusa,2021-03-25,107,7226,58,1746,44,5182,5,298,51,2389,56,2566,56,4955,California
Colusa,2021-03-26,300,7526,47,1793,249,5431,4,302,247,2587,53,2619,251,5206,California
Colusa,2021-03-27,63,7589,5,1798,58,5489,0,302,25,2574,38,2657,25,5231,California
Colusa,2021-03-28,16,7605,7,1805,9,5498,0,302,8,2574,8,2665,8,5239,California
Colusa,2021-03-29,72,7677,20,1825,46,5544,6,308,32,2572,40,2705,38,5277,California
Colusa,2021-03-30,152,7829,83,1908,67,5611,2,310,72,2567,80,2785,75,5352,California
Colusa,2021-03-31,234,8063,42,1950,192,5803,0,310,74,2482,159,2944,74,5426,California
Colusa,2021-04-01,430,8493,72,2022,304,6107,54,364,308,2722,121,3065,361,5787,California
Colusa,2021-04-02,82,8575,13,2035,55,6162,14,378,38,2730,44,3109,52,5839,California
Colusa,2021-04-03,61,8636,10,2045,28,6190,23,401,14,2719,47,3156,36,5875,California
Colusa,2021-04-04,18,8654,0,2045,8,6198,10,411,3,2717,15,3171,13,5888,California
Colusa,2021-04-05,96,8750,26,2071,55,6253,15,426,39,2714,57,3228,54,5942,California
Colusa,2021-04-06,130,8880,35,2106,45,6298,50,476,43,2721,87,3315,94,6036,California
Colusa,2021-04-07,356,9236,39,2145,294,6592,23,499,130,2649,226,3541,154,6190,California
Colusa,2021-04-08,430,9666,34,2179,369,6961,27,526,123,2496,304,3845,151,6341,California
Colusa,2021-04-09,77,9743,21,2200,32,6993,24,550,28,2499,49,3894,52,6393,California
Colusa,2021-04-10,45,9788,9,2209,15,7008,21,571,12,2499,33,3927,33,6426,California
Colusa,2021-04-11,16,9804,3,2212,11,7019,2,573,8,2501,8,3935,10,6436,California
Colusa,2021-04-12,31,9835,3,2215,28,7047,0,573,24,2518,7,3942,24,6460,California
Colusa,2021-04-13,279,10114,22,2237,257,7304,0,573,94,2428,184,4126,94,6554,California
Colusa,2021-04-14,95,10209,19,2256,76,7380,0,573,35,2402,61,4187,35,6589,California
Colusa,2021-04-15,323,10532,45,2301,278,7658,0,573,132,2343,191,4378,132,6721,California
Colusa,2021-04-16,79,10611,11,2312,68,7726,0,573,35,2335,43,4421,35,6756,California
Colusa,2021-04-17,51,10662,7,2319,44,7770,0,573,29,2342,22,4443,29,6785,California
Colusa,2021-04-18,9,10671,2,2321,7,7777,0,573,7,2347,2,4445,7,6792,California
Colusa,2021-04-19,61,10732,22,2343,39,7816,0,573,17,2320,44,4489,17,6809,California
Colusa,2021-04-20,176,10908,32,2375,144,7960,0,573,129,2400,49,4538,129,6938,California
Colusa,2021-04-21,170,11078,59,2434,111,8071,0,573,110,2450,60,4598,110,7048,California
Colusa,2021-04-22,420,11498,27,2461,392,8463,1,574,216,2463,203,4801,216,7264,California
Colusa,2021-04-23,91,11589,17,2478,74,8537,0,574,35,2442,56,4857,35,7299,California
Colusa,2021-04-24,237,11826,19,2497,217,8754,1,575,205,2615,32,4889,205,7504,California
Colusa,2021-04-25,12,11838,6,2503,6,8760,0,575,8,2619,4,4893,8,7512,California
Colusa,2021-04-26,23,11861,5,2508,17,8777,1,576,6,2609,16,4909,6,7518,California
Colusa,2021-04-27,94,11955,23,2531,67,8844,4,580,43,2605,51,4960,47,7565,California
Colusa,2021-04-28,188,12143,26,2557,159,9003,3,583,139,2699,48,5008,142,7707,California
Colusa,2021-04-29,317,12460,27,2584,286,9289,4,587,48,2484,267,5275,52,7759,California
Colusa,2021-04-30,65,12525,18,2602,47,9336,0,587,41,2501,24,5299,41,7800,California
Colusa,2021-05-01,19,12544,8,2610,8,9344,3,590,9,2503,10,5309,12,7812,California
Colusa,2021-05-02,3,12547,0,2610,2,9346,1,591,2,2505,1,5310,3,7815,California
Colusa,2021-05-03,21,12568,7,2617,14,9360,0,591,6,2496,15,5325,6,7821,California
Colusa,2021-05-04,86,12654,51,2668,34,9394,1,592,64,2539,22,5347,65,7886,California
Colusa,2021-05-05,68,12722,16,2684,51,9445,1,593,33,2538,35,5382,34,7920,California
Colusa,2021-05-06,253,12975,16,2700,235,9680,2,595,110,2507,143,5525,112,8032,California
Colusa,2021-05-07,67,13042,5,2705,58,9738,4,599,31,2506,36,5561,35,8067,California
Colusa,2021-05-08,18,13060,5,2710,13,9751,0,599,9,2506,9,5570,9,8076,California
Colusa,2021-05-09,13,13073,5,2715,5,9756,3,602,6,2508,7,5577,9,8085,California
Colusa,2021-05-10,16,13089,7,2722,9,9765,0,602,6,2504,10,5587,6,8091,California
Colusa,2021-05-11,93,13182,34,2756,59,9824,0,602,50,2511,43,5630,50,8141,California
Colusa,2021-05-12,73,13255,32,2788,37,9861,4,606,21,2484,52,5682,25,8166,California
Colusa,2021-05-13,241,13496,22,2810,218,10079,1,607,76,2396,165,5847,77,8243,California
Colusa,2021-05-14,85,13581,18,2828,52,10131,15,622,33,2393,51,5898,48,8291,California
Colusa,2021-05-15,38,13619,9,2837,27,10158,2,624,20,2397,18,5916,22,8313,California
Colusa,2021-05-16,23,13642,6,2843,10,10168,7,631,11,2403,12,5928,18,8331,California
Colusa,2021-05-17,24,13666,4,2847,18,10186,2,633,12,2405,12,5940,14,8345,California
Colusa,2021-05-18,99,13765,24,2871,73,10259,2,635,43,2394,56,5996,45,8390,California
Colusa,2021-05-19,217,13982,44,2915,153,10412,20,655,68,2333,149,6145,88,8478,California
Colusa,2021-05-20,277,14259,32,2947,241,10653,4,659,68,2197,209,6354,73,8551,California
Colusa,2021-05-21,62,14321,21,2968,39,10692,2,661,31,2199,31,6385,33,8584,California
Colusa,2021-05-22,209,14530,19,2987,190,10882,0,661,27,2044,182,6567,27,8611,California
Colusa,2021-05-23,18,14548,8,2995,6,10888,4,665,6,2042,12,6579,10,8621,California
Colusa,2021-05-24,28,14576,4,2999,19,10907,5,670,17,2053,11,6590,22,8643,California
Colusa,2021-05-25,132,14708,74,3073,55,10962,3,673,50,2024,82,6672,53,8696,California
Colusa,2021-05-26,69,14777,25,3098,44,11006,0,673,31,2017,38,6710,31,8727,California
Colusa,2021-05-27,167,14944,14,3112,153,11159,0,673,50,1950,117,6827,50,8777,California
Colusa,2021-05-28,77,15021,26,3138,50,11209,1,674,39,1952,38,6865,40,8817,California
Colusa,2021-05-29,38,15059,21,3159,16,11225,1,675,30,1976,7,6872,31,8848,California
Colusa,2021-05-30,2,15061,0,3159,2,11227,0,675,0,1974,2,6874,0,8848,California
Contra Costa,2020-12-15,18,18,18,18,0,0,0,0,18,18,0,0,18,18,California
Contra Costa,2020-12-16,521,539,521,539,0,0,0,0,521,539,0,0,521,539,California
Contra Costa,2020-12-17,913,1452,913,1452,0,0,0,0,913,1452,0,0,913,1452,California
Contra Costa,2020-12-18,1597,3049,1596,3048,1,1,0,0,1597,3049,0,0,1597,3049,California
Contra Costa,2020-12-19,1105,4154,1104,4152,1,2,0,0,1105,4154,0,0,1105,4154,California
Contra Costa,2020-12-20,583,4737,582,4734,1,3,0,0,583,4737,0,0,583,4737,California
Contra Costa,2020-12-21,1659,6396,1657,6391,2,5,0,0,1659,6396,0,0,1659,6396,California
Contra Costa,2020-12-22,1676,8072,1570,7961,106,111,0,0,1676,8072,0,0,1676,8072,California
Contra Costa,2020-12-23,1618,9690,1370,9331,248,359,0,0,1618,9690,0,0,1618,9690,California
Contra Costa,2020-12-24,660,10350,338,9669,322,681,0,0,660,10350,0,0,660,10350,California
Contra Costa,2020-12-25,40,10390,18,9687,22,703,0,0,40,10390,0,0,40,10390,California
Contra Costa,2020-12-26,646,11036,133,9820,513,1216,0,0,646,11036,0,0,646,11036,California
Contra Costa,2020-12-27,240,11276,86,9906,154,1370,0,0,240,11276,0,0,240,11276,California
Contra Costa,2020-12-28,1842,13118,867,10773,975,2345,0,0,1842,13118,0,0,1842,13118,California
Contra Costa,2020-12-29,1832,14950,822,11595,1010,3355,0,0,1832,14950,0,0,1832,14950,California
Contra Costa,2020-12-30,2394,17344,1213,12808,1181,4536,0,0,2393,17343,1,1,2394,17344,California
Contra Costa,2020-12-31,917,18261,307,13115,610,5146,0,0,916,18259,0,1,916,18260,California
Contra Costa,2021-01-01,62,18323,24,13139,38,5184,0,0,62,18321,0,1,62,18322,California
Contra Costa,2021-01-02,339,18662,174,13313,165,5349,0,0,339,18660,0,1,339,18661,California
Contra Costa,2021-01-03,179,18841,121,13434,58,5407,0,0,178,18838,0,1,178,18839,California
Contra Costa,2021-01-04,1908,20749,1251,14685,657,6064,0,0,1888,20708,18,19,1888,20727,California
Contra Costa,2021-01-05,2106,22855,1258,15943,848,6912,0,0,1847,22298,258,277,1848,22575,California
Contra Costa,2021-01-06,3290,26145,2254,18197,1036,7948,0,0,2527,24071,757,1034,2530,25105,California
Contra Costa,2021-01-07,3102,29247,2062,20259,1040,8988,0,0,1887,24746,1212,2246,1887,26992,California
Contra Costa,2021-01-08,3394,32641,2394,22653,1000,9988,0,0,1829,25018,1560,3806,1832,28824,California
Contra Costa,2021-01-09,1587,34228,1136,23789,451,10439,0,0,747,24928,839,4645,749,29573,California
Contra Costa,2021-01-10,362,34590,291,24080,71,10510,0,0,155,24876,207,4852,155,29728,California
Contra Costa,2021-01-11,3837,38427,3146,27226,691,11201,0,0,2231,25504,1606,6458,2234,31962,California
Contra Costa,2021-01-12,3922,42349,2944,30170,978,12179,0,0,2592,26770,1330,7788,2596,34558,California
Contra Costa,2021-01-13,4735,47084,2942,33112,1793,13972,0,0,3783,29606,948,8736,3784,38342,California
Contra Costa,2021-01-14,4327,51411,1565,34677,2762,16734,0,0,3944,33167,383,9119,3944,42286,California
Contra Costa,2021-01-15,5348,56759,2463,37140,2885,19619,0,0,5022,37868,325,9444,5026,47312,California
Contra Costa,2021-01-16,1726,58485,557,37697,1169,20788,0,0,1651,39444,75,9519,1651,48963,California
Contra Costa,2021-01-17,1639,60124,975,38672,664,21452,0,0,1517,40842,122,9641,1520,50483,California
Contra Costa,2021-01-18,3214,63338,1266,39938,1948,23400,0,0,2589,42813,619,10260,2590,53073,California
Contra Costa,2021-01-19,7063,70401,3156,43094,3907,27307,0,0,6058,47874,1002,11262,6063,59136,California
Contra Costa,2021-01-20,6690,77091,4124,47218,2566,29873,0,0,5456,52105,1230,12492,5461,64597,California
Contra Costa,2021-01-21,6979,84070,3107,50325,3872,33745,0,0,6251,57642,722,13214,6259,70856,California
Contra Costa,2021-01-22,6395,90465,2719,53044,3676,37421,0,0,5534,62327,852,14066,5537,76393,California
Contra Costa,2021-01-23,2038,92503,360,53404,1678,39099,0,0,1778,63849,258,14324,1780,78173,California
Contra Costa,2021-01-24,1591,94094,218,53622,1373,40472,0,0,1444,65150,147,14471,1448,79621,California
Contra Costa,2021-01-25,6692,100786,3043,56665,3649,44121,0,0,5122,68707,1568,16039,5125,84746,California
Contra Costa,2021-01-26,8103,108889,4687,61352,3416,47537,0,0,6253,73123,1842,17881,6258,91004,California
Contra Costa,2021-01-27,8168,117057,5409,66761,2759,50296,0,0,6328,77627,1828,19709,6332,97336,California
Contra Costa,2021-01-28,7472,124529,4091,70852,3381,53677,0,0,5860,81885,1606,21315,5864,103200,California
Contra Costa,2021-01-29,7449,131978,3892,74744,3557,57234,0,0,6137,86716,1308,22623,6139,109339,California
Contra Costa,2021-01-30,2144,134122,660,75404,1484,58718,0,0,1738,88055,399,23022,1738,111077,California
Contra Costa,2021-01-31,648,134770,428,75832,220,58938,0,0,556,88522,89,23111,556,111633,California
Contra Costa,2021-02-01,5874,140644,4099,79931,1775,60713,0,0,3968,90595,1898,25009,3971,115604,California
Contra Costa,2021-02-02,7575,148219,5080,85011,2495,63208,0,0,5878,94778,1696,26705,5879,121483,California
Contra Costa,2021-02-03,8291,156510,5479,90490,2812,66020,0,0,5629,97755,2653,29358,5630,127113,California
Contra Costa,2021-02-04,7515,164025,3587,94077,3928,69948,0,0,5747,101739,1766,31124,5750,132863,California
Contra Costa,2021-02-05,8441,172466,4816,98893,3625,73573,0,0,5747,104799,2687,33811,5747,138610,California
Contra Costa,2021-02-06,3488,175954,2164,101057,1324,74897,0,0,2834,106981,653,34464,2835,141445,California
Contra Costa,2021-02-07,984,176938,713,101770,271,75168,0,0,605,107208,378,34842,605,142050,California
Contra Costa,2021-02-08,5860,182798,3470,105240,2390,77558,0,0,4373,110101,1481,36323,4374,146424,California
Contra Costa,2021-02-09,8687,191485,4795,110035,3892,81450,0,0,5794,113009,2887,39210,5795,152219,California
Contra Costa,2021-02-10,8653,200138,4660,114695,3993,85443,0,0,5365,115106,3272,42482,5369,157588,California
Contra Costa,2021-02-11,9340,209478,4218,118913,5122,90565,0,0,5270,116317,4064,46546,5275,162863,California
Contra Costa,2021-02-12,10099,219577,4628,123541,5471,96036,0,0,5465,117158,4627,51173,5468,168331,California
Contra Costa,2021-02-13,4893,224470,1370,124911,3523,99559,0,0,3407,119083,1483,52656,3408,171739,California
Contra Costa,2021-02-14,2099,226569,867,125778,1232,100791,0,0,1233,119452,864,53520,1233,172972,California
Contra Costa,2021-02-15,4470,231039,2476,128254,1994,102785,0,0,2342,119673,2122,55642,2343,175315,California
Contra Costa,2021-02-16,10430,241469,4915,133169,5515,108300,0,0,4649,118553,5773,61415,4653,179968,California
Contra Costa,2021-02-17,12308,253777,6153,139322,6155,114455,0,0,5646,117553,6647,68062,5647,185615,California
Contra Costa,2021-02-18,11492,265269,5979,145301,5513,119968,0,0,5335,116744,6146,74208,5337,190952,California
Contra Costa,2021-02-19,11424,276693,7117,152418,4307,124275,0,0,5186,115707,6224,80432,5187,196139,California
Contra Costa,2021-02-20,6471,283164,2915,155333,3556,127831,0,0,4580,118414,1875,82307,4582,200721,California
Contra Costa,2021-02-21,2277,285441,1723,157056,554,128385,0,0,1547,119232,729,83036,1547,202268,California
Contra Costa,2021-02-22,7598,293039,5147,162203,2451,130836,0,0,3504,118658,4080,87116,3506,205774,California
Contra Costa,2021-02-23,12106,305145,7439,169642,4667,135503,0,0,6105,118781,5987,93103,6110,211884,California
Contra Costa,2021-02-24,10596,315741,7776,177418,2820,138323,0,0,5122,118448,5457,98560,5124,217008,California
Contra Costa,2021-02-25,11531,327272,7256,184674,4275,142598,0,0,5238,117418,6272,104832,5242,222250,California
Contra Costa,2021-02-26,10774,338046,6801,191475,3973,146571,0,0,5342,117344,5417,110249,5343,227593,California
Contra Costa,2021-02-27,6797,344843,4371,195846,2426,148997,0,0,4261,119079,2528,112777,4263,231856,California
Contra Costa,2021-02-28,3816,348659,3138,198984,678,149675,0,0,3216,121699,597,113374,3217,235073,California
Contra Costa,2021-03-01,8246,356905,6211,205195,2030,151705,5,5,5084,123644,3146,116520,5091,240164,California
Contra Costa,2021-03-02,10654,367559,6816,212011,3837,155542,1,6,5711,124430,4927,121447,5713,245877,California
Contra Costa,2021-03-03,11328,378887,7117,219128,4210,159752,1,7,6388,125896,4925,126372,6391,252268,California
Contra Costa,2021-03-04,11988,390875,7168,226296,4819,164571,1,8,6233,126395,5735,132107,6234,258502,California
Contra Costa,2021-03-05,11507,402382,6917,233213,4583,169154,7,15,6616,128145,4873,136980,6623,265125,California
Contra Costa,2021-03-06,7504,409886,4206,237419,2988,172142,310,325,4911,130784,2580,139560,5219,270344,California
Contra Costa,2021-03-07,3831,413717,2459,239878,1310,173452,62,387,3151,133319,678,140238,3213,273557,California
Contra Costa,2021-03-08,8240,421957,3926,243804,4010,177462,304,691,5533,136464,2696,142934,5841,279398,California
Contra Costa,2021-03-09,11177,433134,5934,249738,4947,182409,296,987,5856,137307,5311,148245,6154,285552,California
Contra Costa,2021-03-10,12440,445574,6216,255954,4721,187130,1503,2490,5675,137721,6753,154998,7167,292719,California
Contra Costa,2021-03-11,12518,458092,6589,262543,5363,192493,566,3056,6386,138564,6109,161107,6952,299671,California
Contra Costa,2021-03-12,12658,470750,5226,267769,6869,199362,563,3619,6319,139120,6324,167431,6880,306551,California
Contra Costa,2021-03-13,7866,478616,3158,270927,4281,203643,427,4046,3117,137931,4730,172161,3541,310092,California
Contra Costa,2021-03-14,4451,483067,2638,273565,1325,204968,488,4534,1718,137411,2725,174886,2205,312297,California
Contra Costa,2021-03-15,9479,492546,5149,278714,3573,208541,757,5291,4760,138225,4702,179588,5516,317813,California
Contra Costa,2021-03-16,14351,506897,8552,287266,5398,213939,401,5692,7154,138605,7174,186762,7554,325367,California
Contra Costa,2021-03-17,15084,521981,10418,297684,4451,218390,215,5907,8549,140864,6512,193274,8771,334138,California
Contra Costa,2021-03-18,15475,537456,8633,306317,6358,224748,484,6391,8809,143523,6632,199906,9291,343429,California
Contra Costa,2021-03-19,15694,553150,9075,315392,5217,229965,1402,7793,8325,145904,7350,207256,9731,353160,California
Contra Costa,2021-03-20,10747,563897,6452,321844,3983,233948,312,8105,5155,145799,5573,212829,5468,358628,California
Contra Costa,2021-03-21,4563,568460,3989,325833,476,234424,98,8203,2098,145539,2455,215284,2195,360823,California
Contra Costa,2021-03-22,11651,580111,8799,334632,2597,237021,255,8458,7017,148192,4618,219902,7271,368094,California
Contra Costa,2021-03-23,15703,595814,10835,345467,4696,241717,172,8630,9121,150933,6553,226455,9294,377388,California
Contra Costa,2021-03-24,15082,610896,11770,357237,3098,244815,214,8844,9134,154369,5916,232371,9352,386740,California
Contra Costa,2021-03-25,15388,626284,12008,369245,3093,247908,287,9131,9424,158151,5927,238298,9709,396449,California
Contra Costa,2021-03-26,15116,641400,10863,380108,3851,251759,402,9533,8688,160835,6401,244699,9085,405534,California
Contra Costa,2021-03-27,10574,651974,6881,386989,3180,254939,513,10046,5625,162027,4939,249638,6131,411665,California
Contra Costa,2021-03-28,4238,656212,3027,390016,1158,256097,53,10099,1618,161090,2608,252246,1671,413336,California
Contra Costa,2021-03-29,10932,667144,8537,398553,2279,258376,116,10215,6955,164205,3958,256204,7073,420409,California
Contra Costa,2021-03-30,16826,683970,9209,407762,6263,264639,1354,11569,10379,169508,6427,262631,11730,432139,California
Contra Costa,2021-03-31,18067,702037,12655,420417,3969,268608,1443,13012,11385,175694,6639,269270,12825,444964,California
Contra Costa,2021-04-01,17626,719663,12320,432737,3916,272524,1390,14402,11442,182370,6154,275424,12830,457794,California
Contra Costa,2021-04-02,17542,737205,12931,445668,3583,276107,1028,15430,11630,189128,5900,281324,12658,470452,California
Contra Costa,2021-04-03,10887,748092,6502,452170,2830,278937,1555,16985,6224,192257,4649,285973,7778,478230,California
Contra Costa,2021-04-04,3348,751440,1327,453497,1425,280362,596,17581,847,191207,2493,288466,1443,479673,California
Contra Costa,2021-04-05,12135,763575,7921,461418,3235,283597,979,18560,6600,193267,5521,293987,7581,487254,California
Contra Costa,2021-04-06,17340,780915,12008,473426,3039,286636,2293,20853,9733,197707,7586,301573,12026,499280,California
Contra Costa,2021-04-07,18609,799524,12600,486026,3186,289822,2823,23676,10568,203114,8020,309593,13427,512707,California
Contra Costa,2021-04-08,18726,818250,12486,498512,3319,293141,2921,26597,10056,207445,8643,318236,12974,525681,California
Contra Costa,2021-04-09,18873,837123,12051,510563,4324,297465,2498,29095,10118,211333,8729,326965,12617,538298,California
Contra Costa,2021-04-10,10552,847675,3813,514376,2171,299636,4568,33663,3288,211931,7247,334212,7845,546143,California
Contra Costa,2021-04-11,3330,851005,1988,516364,686,300322,656,34319,1116,211494,2208,336420,1771,547914,California
Contra Costa,2021-04-12,11892,862897,7854,524218,2974,303296,1064,35383,5578,211842,6299,342719,6647,554561,California
Contra Costa,2021-04-13,17788,880685,10913,535131,6868,310164,7,35390,11852,217794,5912,348631,11864,566425,California
Contra Costa,2021-04-14,17580,898265,11040,546171,6539,316703,1,35391,9715,219673,7840,356471,9719,576144,California
Contra Costa,2021-04-15,17504,915769,10744,556915,6759,323462,1,35392,8096,218411,9378,365849,8116,584260,California
Contra Costa,2021-04-16,16870,932639,10531,567446,6337,329799,2,35394,7570,216714,9276,375125,7579,591839,California
Contra Costa,2021-04-17,11440,944079,6289,573735,5151,334950,0,35394,6130,217556,5295,380420,6137,597976,California
Contra Costa,2021-04-18,2748,946827,2119,575854,629,335579,0,35394,1780,218377,959,381379,1780,599756,California
Contra Costa,2021-04-19,11383,958210,8508,584362,2875,338454,0,35394,3574,214170,7783,389162,3576,603332,California
Contra Costa,2021-04-20,16660,974870,10826,595188,5834,344288,0,35394,6240,210025,10389,399551,6244,609576,California
Contra Costa,2021-04-21,17333,992203,14140,609328,3192,347480,1,35395,6158,205054,11137,410688,6166,615742,California
Contra Costa,2021-04-22,17152,1009355,13882,623210,3268,350748,2,35397,6053,200050,11068,421756,6064,621806,California
Contra Costa,2021-04-23,16997,1026352,13501,636711,3496,354244,0,35397,5483,194061,11480,433236,5491,627297,California
Contra Costa,2021-04-24,10931,1037283,8429,645140,2501,356745,1,35398,4181,191517,6729,439965,4185,631482,California
Contra Costa,2021-04-25,3249,1040532,2191,647331,1056,357801,2,35400,2056,192385,1193,441158,2061,633543,California
Contra Costa,2021-04-26,9796,1050328,8204,655535,1568,359369,24,35424,2866,188375,6912,448070,2902,636445,California
Contra Costa,2021-04-27,14473,1064801,10598,666133,3717,363086,158,35582,3882,181856,10569,458639,4050,640495,California
Contra Costa,2021-04-28,13849,1078650,10765,676898,2797,365883,287,35869,3459,175253,10356,468995,3753,644248,California
Contra Costa,2021-04-29,13033,1091683,10084,686982,2779,368662,170,36039,2841,168103,10167,479162,3017,647265,California
Contra Costa,2021-04-30,13695,1105378,10792,697774,2646,371308,257,36296,3099,160900,10563,489725,3360,650625,California
Contra Costa,2021-05-01,8028,1113406,5854,703628,1850,373158,324,36620,1917,157050,6091,495816,2241,652866,California
Contra Costa,2021-05-02,2334,1115740,1586,705214,668,373826,80,36700,994,156795,1329,497145,1074,653940,California
Contra Costa,2021-05-03,9114,1124854,8017,713231,922,374748,175,36875,1926,151727,7173,504318,2105,656045,California
Contra Costa,2021-05-04,14073,1138927,12141,725372,1602,376350,330,37205,2289,142586,11760,516078,2619,658664,California
Contra Costa,2021-05-05,12508,1151435,10785,736157,1523,377873,200,37405,2401,135107,10081,526159,2602,661266,California
Contra Costa,2021-05-06,10291,1161726,8540,744697,1416,379289,335,37740,1948,129080,8318,534477,2291,663557,California
Contra Costa,2021-05-07,9623,1171349,7736,752433,1663,380952,224,37964,2219,124149,7371,541848,2440,665997,California
Contra Costa,2021-05-08,5285,1176634,3979,756412,1138,382090,168,38132,1248,121549,4020,545868,1420,667417,California
Contra Costa,2021-05-09,2103,1178737,1773,758185,270,382360,60,38192,456,120424,1643,547511,518,667935,California
Contra Costa,2021-05-10,4927,1183664,3947,762132,762,383122,218,38410,1344,118424,3561,551072,1561,669496,California
Contra Costa,2021-05-11,8695,1192359,4523,766655,3943,387065,229,38639,1709,113402,6966,558038,1944,671440,California
Contra Costa,2021-05-12,9002,1201361,4570,771225,4186,391251,246,38885,1551,107777,7427,565465,1802,673242,California
Contra Costa,2021-05-13,11307,1212668,7469,778694,3655,394906,183,39068,3938,104555,7343,572808,4121,677363,California
Contra Costa,2021-05-14,12109,1224777,8058,786752,3772,398678,279,39347,5012,102776,7070,579878,5291,682654,California
Contra Costa,2021-05-15,9946,1234723,7215,793967,2612,401290,119,39466,4388,101741,5544,585422,4509,687163,California
Contra Costa,2021-05-16,2428,1237151,2119,796086,264,401554,45,39511,1088,101540,1334,586756,1133,688296,California
Contra Costa,2021-05-17,7011,1244162,5659,801745,1182,402736,170,39681,3594,101908,3397,590153,3765,692061,California
Contra Costa,2021-05-18,10184,1254346,6959,808704,3009,405745,216,39897,4486,100943,5670,595823,4705,696766,California
Contra Costa,2021-05-19,8426,1262772,6817,815521,1418,407163,191,40088,4081,100895,4326,600149,4278,701044,California
Contra Costa,2021-05-20,6555,1269327,5192,820713,1186,408349,177,40265,3268,101071,3268,603417,3444,704488,California
Contra Costa,2021-05-21,6419,1275746,4896,825609,1331,409680,192,40457,2917,100706,3475,606892,3110,707598,California
Contra Costa,2021-05-22,4497,1280243,3550,829159,791,410471,156,40613,2135,100653,2347,609239,2294,709892,California
Contra Costa,2021-05-23,921,1281164,608,829767,267,410738,46,40659,431,100644,487,609726,478,710370,California
Contra Costa,2021-05-24,4607,1285771,3802,833569,627,411365,178,40837,2169,100566,2428,612154,2350,712720,California
Contra Costa,2021-05-25,6205,1291976,5054,838623,904,412269,247,41084,2655,99933,3534,615688,2901,715621,California
Contra Costa,2021-05-26,5562,1297538,3559,842182,1819,414088,184,41268,1959,98498,3579,619267,2144,717765,California
Contra Costa,2021-05-27,3764,1301302,2640,844822,943,415031,181,41449,1661,98251,2086,621353,1839,719604,California
Contra Costa,2021-05-28,5225,1306527,3634,848456,1425,416456,166,41615,2146,97501,3060,624413,2310,721914,California
Contra Costa,2021-05-29,3112,1309639,1988,850444,1010,417466,114,41729,1520,97554,1582,625995,1635,723549,California
Contra Costa,2021-05-30,369,1310008,180,850624,175,417641,14,41743,75,97350,293,626288,89,723638,California
Del Norte,2020-12-21,23,23,23,23,0,0,0,0,23,23,0,0,23,23,California
Del Norte,2020-12-22,45,68,45,68,0,0,0,0,45,68,0,0,45,68,California
Del Norte,2020-12-23,58,126,48,116,10,10,0,0,56,124,0,0,56,124,California
Del Norte,2020-12-28,34,160,34,150,0,10,0,0,34,158,0,0,34,158,California
Del Norte,2020-12-29,4,164,4,154,0,10,0,0,4,162,0,0,4,162,California
Del Norte,2020-12-30,67,231,55,209,12,22,0,0,68,230,0,0,68,230,California
Del Norte,2020-12-31,16,247,13,222,3,25,0,0,16,246,0,0,16,246,California
Del Norte,2021-01-04,102,349,49,271,53,78,0,0,102,348,0,0,102,348,California
Del Norte,2021-01-05,33,382,0,271,33,111,0,0,32,380,1,1,33,381,California
Del Norte,2021-01-06,77,459,18,289,59,170,0,0,77,457,0,1,77,458,California
Del Norte,2021-01-07,21,480,1,290,20,190,0,0,21,478,0,1,21,479,California
Del Norte,2021-01-08,77,557,7,297,70,260,0,0,77,555,0,1,77,556,California
Del Norte,2021-01-11,40,597,21,318,19,279,0,0,18,552,22,23,19,575,California
Del Norte,2021-01-12,50,647,31,349,19,298,0,0,30,562,20,43,30,605,California
Del Norte,2021-01-13,86,733,40,389,46,344,0,0,53,582,33,76,53,658,California
Del Norte,2021-01-14,52,785,14,403,38,382,0,0,46,622,6,82,46,704,California
Del Norte,2021-01-15,107,892,18,421,89,471,0,0,95,705,12,94,95,799,California
Del Norte,2021-01-17,1,893,1,422,0,471,0,0,1,706,0,94,1,800,California
Del Norte,2021-01-18,2,895,0,422,2,473,0,0,2,708,0,94,2,802,California
Del Norte,2021-01-19,119,1014,56,478,63,536,0,0,77,743,42,136,77,879,California
Del Norte,2021-01-20,159,1173,84,562,75,611,0,0,96,777,62,198,96,975,California
Del Norte,2021-01-21,43,1216,40,602,3,614,0,0,32,798,11,209,32,1007,California
Del Norte,2021-01-22,20,1236,17,619,3,617,0,0,13,804,7,216,13,1020,California
Del Norte,2021-01-23,1,1237,0,619,1,618,0,0,1,805,0,216,1,1021,California
Del Norte,2021-01-24,1,1238,0,619,1,619,0,0,1,806,0,216,1,1022,California
Del Norte,2021-01-25,100,1338,82,701,18,637,0,0,56,818,44,260,56,1078,California
Del Norte,2021-01-26,18,1356,11,712,7,644,0,0,7,814,11,271,7,1085,California
Del Norte,2021-01-27,64,1420,21,733,43,687,0,0,61,872,3,274,61,1146,California
Del Norte,2021-01-28,292,1712,20,753,272,959,0,0,287,1154,5,279,287,1433,California
Del Norte,2021-01-29,61,1773,21,774,40,999,0,0,43,1179,18,297,43,1476,California
Del Norte,2021-01-30,8,1781,1,775,7,1006,0,0,8,1187,0,297,8,1484,California
Del Norte,2021-02-01,41,1822,1,776,40,1046,0,0,26,1198,15,312,26,1510,California
Del Norte,2021-02-02,141,1963,34,810,107,1153,0,0,73,1204,67,379,73,1583,California
Del Norte,2021-02-03,126,2089,40,850,86,1239,0,0,71,1220,55,434,71,1654,California
Del Norte,2021-02-04,71,2160,29,879,42,1281,0,0,42,1233,29,463,42,1696,California
Del Norte,2021-02-05,184,2344,22,901,162,1443,0,0,119,1288,64,527,119,1815,California
Del Norte,2021-02-06,310,2654,4,905,306,1749,0,0,310,1598,0,527,310,2125,California
Del Norte,2021-02-07,1,2655,0,905,1,1750,0,0,1,1599,0,527,1,2126,California
Del Norte,2021-02-08,36,2691,1,906,35,1785,0,0,32,1627,4,531,32,2158,California
Del Norte,2021-02-09,8,2699,5,911,3,1788,0,0,2,1623,6,537,2,2160,California
Del Norte,2021-02-10,142,2841,20,931,122,1910,0,0,85,1652,56,593,85,2245,California
Del Norte,2021-02-11,177,3018,59,990,118,2028,0,0,64,1603,113,706,64,2309,California
Del Norte,2021-02-12,121,3139,14,1004,107,2135,0,0,67,1616,54,760,67,2376,California
Del Norte,2021-02-13,2,3141,1,1005,1,2136,0,0,2,1618,0,760,2,2378,California
Del Norte,2021-02-14,3,3144,1,1006,2,2138,0,0,2,1619,1,761,2,2380,California
Del Norte,2021-02-15,4,3148,0,1006,4,2142,0,0,2,1619,2,763,2,2382,California
Del Norte,2021-02-16,132,3280,1,1007,131,2273,0,0,13,1513,119,882,13,2395,California
Del Norte,2021-02-17,92,3372,20,1027,72,2345,0,0,25,1471,67,949,25,2420,California
Del Norte,2021-02-18,77,3449,24,1051,53,2398,0,0,51,1496,26,975,51,2471,California
Del Norte,2021-02-19,43,3492,17,1068,26,2424,0,0,33,1519,10,985,33,2504,California
Del Norte,2021-02-20,8,3500,5,1073,3,2427,0,0,6,1523,2,987,6,2510,California
Del Norte,2021-02-22,2,3502,0,1073,2,2429,0,0,2,1525,0,987,2,2512,California
Del Norte,2021-02-23,107,3609,89,1162,18,2447,0,0,31,1481,76,1063,32,2544,California
Del Norte,2021-02-24,152,3761,98,1260,54,2501,0,0,79,1487,73,1136,79,2623,California
Del Norte,2021-02-25,477,4238,131,1391,346,2847,0,0,213,1438,262,1398,213,2836,California
Del Norte,2021-02-26,214,4452,177,1568,37,2884,0,0,168,1560,46,1444,168,3004,California
Del Norte,2021-02-27,149,4601,143,1711,5,2889,1,1,141,1694,8,1452,142,3146,California
Del Norte,2021-02-28,3,4604,0,1711,3,2892,0,1,3,1697,0,1452,3,3149,California
Del Norte,2021-03-01,29,4633,2,1713,27,2919,0,1,4,1677,24,1476,4,3153,California
Del Norte,2021-03-02,222,4855,142,1855,80,2999,0,1,188,1831,34,1510,188,3341,California
Del Norte,2021-03-03,167,5022,99,1954,68,3067,0,1,126,1916,41,1551,126,3467,California
Del Norte,2021-03-04,120,5142,83,2037,37,3104,0,1,91,1979,28,1579,91,3558,California
Del Norte,2021-03-05,121,5263,11,2048,110,3214,0,1,73,2004,48,1627,73,3631,California
Del Norte,2021-03-06,464,5727,77,2125,338,3552,49,50,163,1873,301,1928,170,3801,California
Del Norte,2021-03-07,2,5729,1,2126,1,3553,0,50,1,1873,1,1929,1,3802,California
Del Norte,2021-03-08,28,5757,1,2127,25,3578,2,52,5,1857,23,1952,7,3809,California
Del Norte,2021-03-09,194,5951,113,2240,78,3656,3,55,183,2032,11,1963,186,3995,California
Del Norte,2021-03-10,233,6184,96,2336,109,3765,28,83,134,2095,99,2062,162,4157,California
Del Norte,2021-03-11,151,6335,55,2391,91,3856,5,88,103,2155,48,2110,108,4265,California
Del Norte,2021-03-12,178,6513,89,2480,89,3945,0,88,125,2227,53,2163,125,4390,California
Del Norte,2021-03-13,94,6607,93,2573,1,3946,0,88,91,2315,3,2166,91,4481,California
Del Norte,2021-03-14,1,6608,0,2573,1,3947,0,88,1,2315,1,2167,1,4482,California
Del Norte,2021-03-15,39,6647,0,2573,38,3985,1,89,34,2345,5,2172,35,4517,California
Del Norte,2021-03-16,281,6928,135,2708,146,4131,0,89,260,2584,21,2193,260,4777,California
Del Norte,2021-03-17,282,7210,95,2803,185,4316,2,91,168,2640,114,2307,170,4947,California
Del Norte,2021-03-18,285,7495,107,2910,175,4491,3,94,149,2657,135,2442,152,5099,California
Del Norte,2021-03-19,268,7763,160,3070,102,4593,6,100,91,2577,177,2619,97,5196,California
Del Norte,2021-03-20,157,7920,154,3224,3,4596,0,100,15,2450,142,2761,15,5211,California
Del Norte,2021-03-21,4,7924,2,3226,2,4598,0,100,2,2450,2,2763,2,5213,California
Del Norte,2021-03-22,43,7967,3,3229,39,4637,1,101,39,2487,3,2766,40,5253,California
Del Norte,2021-03-23,335,8302,164,3393,153,4790,18,119,164,2499,169,2935,181,5434,California
Del Norte,2021-03-24,396,8698,107,3500,249,5039,40,159,235,2613,161,3096,275,5709,California
Del Norte,2021-03-25,192,8890,88,3588,104,5143,0,159,84,2590,107,3203,84,5793,California
Del Norte,2021-03-26,234,9124,113,3701,121,5264,0,159,197,2750,37,3240,197,5990,California
Del Norte,2021-03-27,107,9231,86,3787,4,5268,17,176,17,2694,90,3330,34,6024,California
Del Norte,2021-03-28,4,9235,2,3789,2,5270,0,176,1,2692,3,3333,1,6025,California
Del Norte,2021-03-29,57,9292,6,3795,34,5304,17,193,32,2716,25,3358,49,6074,California
Del Norte,2021-03-30,340,9632,119,3914,210,5514,11,204,128,2643,212,3570,139,6213,California
Del Norte,2021-03-31,353,9985,100,4014,236,5750,17,221,198,2705,153,3723,215,6428,California
Del Norte,2021-04-01,164,10149,58,4072,72,5822,34,255,69,2714,94,3817,103,6531,California
Del Norte,2021-04-02,232,10381,79,4151,104,5926,49,304,49,2630,183,4000,99,6630,California
Del Norte,2021-04-03,108,10489,83,4234,2,5928,23,327,5,2556,102,4102,28,6658,California
Del Norte,2021-04-04,4,10493,0,4234,0,5928,4,331,0,2556,4,4106,4,6662,California
Del Norte,2021-04-05,47,10540,5,4239,38,5966,4,335,40,2593,7,4113,44,6706,California
Del Norte,2021-04-06,379,10919,120,4359,222,6188,37,372,146,2548,229,4342,184,6890,California
Del Norte,2021-04-07,436,11355,115,4474,260,6448,61,433,290,2753,146,4488,351,7241,California
Del Norte,2021-04-08,228,11583,54,4528,106,6554,68,501,105,2804,123,4611,174,7415,California
Del Norte,2021-04-09,206,11789,46,4574,83,6637,77,578,99,2872,106,4717,174,7589,California
Del Norte,2021-04-10,47,11836,26,4600,4,6641,17,595,27,2896,20,4737,44,7633,California
Del Norte,2021-04-11,12,11848,3,4603,2,6643,7,602,2,2895,10,4747,9,7642,California
Del Norte,2021-04-12,27,11875,1,4604,9,6652,17,619,1,2888,25,4772,18,7660,California
Del Norte,2021-04-13,298,12173,50,4654,248,6900,0,619,155,2900,143,4915,155,7815,California
Del Norte,2021-04-14,327,12500,23,4677,304,7204,0,619,138,2854,189,5104,143,7958,California
Del Norte,2021-04-15,164,12664,31,4708,133,7337,0,619,45,2781,119,5223,46,8004,California
Del Norte,2021-04-16,161,12825,40,4748,121,7458,0,619,59,2739,102,5325,60,8064,California
Del Norte,2021-04-17,104,12929,72,4820,32,7490,0,619,99,2833,5,5330,99,8163,California
Del Norte,2021-04-18,5,12934,4,4824,1,7491,0,619,4,2836,1,5331,4,8167,California
Del Norte,2021-04-19,50,12984,6,4830,44,7535,0,619,8,2802,42,5373,8,8175,California
Del Norte,2021-04-20,208,13192,40,4870,168,7703,0,619,73,2740,135,5508,73,8248,California
Del Norte,2021-04-21,288,13480,23,4893,265,7968,0,619,63,2582,224,5732,66,8314,California
Del Norte,2021-04-22,114,13594,15,4908,99,8067,0,619,62,2592,52,5784,62,8376,California
Del Norte,2021-04-23,153,13747,22,4930,131,8198,0,619,40,2519,113,5897,40,8416,California
Del Norte,2021-04-24,25,13772,14,4944,11,8209,0,619,20,2534,5,5902,20,8436,California
Del Norte,2021-04-25,2,13774,0,4944,2,8211,0,619,2,2536,0,5902,2,8438,California
Del Norte,2021-04-26,31,13805,0,4944,31,8242,0,619,9,2523,22,5924,9,8447,California
Del Norte,2021-04-27,181,13986,19,4963,157,8399,5,624,49,2445,132,6056,54,8501,California
Del Norte,2021-04-28,351,14337,100,5063,246,8645,5,629,63,2227,287,6343,69,8570,California
Del Norte,2021-04-29,93,14430,6,5069,83,8728,4,633,26,2190,67,6410,30,8600,California
Del Norte,2021-04-30,83,14513,6,5075,67,8795,10,643,44,2205,39,6449,54,8654,California
Del Norte,2021-05-01,8,14521,3,5078,5,8800,0,643,6,2209,2,6451,6,8660,California
Del Norte,2021-05-02,8,14529,0,5078,8,8808,0,643,8,2217,0,6451,8,8668,California
Del Norte,2021-05-03,40,14569,3,5081,34,8842,3,646,2,2185,37,6488,5,8673,California
Del Norte,2021-05-04,221,14790,36,5117,180,9022,5,651,46,2062,174,6662,51,8724,California
Del Norte,2021-05-05,231,15021,19,5136,204,9226,8,659,56,1951,175,6837,64,8788,California
Del Norte,2021-05-06,111,15132,24,5160,74,9300,13,672,26,1905,85,6922,39,8827,California
Del Norte,2021-05-07,152,15284,29,5189,119,9419,4,676,32,1821,120,7042,36,8863,California
Del Norte,2021-05-08,64,15348,55,5244,7,9426,2,678,6,1771,58,7100,8,8871,California
Del Norte,2021-05-09,9,15357,3,5247,3,9429,3,681,2,1769,7,7107,5,8876,California
Del Norte,2021-05-10,25,15382,3,5250,18,9447,4,685,15,1778,10,7117,19,8895,California
Del Norte,2021-05-11,170,15552,49,5299,119,9566,2,687,33,1676,137,7254,35,8930,California
Del Norte,2021-05-12,148,15700,23,5322,115,9681,10,697,27,1593,120,7374,37,8967,California
Del Norte,2021-05-13,60,15760,29,5351,30,9711,1,698,32,1598,28,7402,33,9000,California
Del Norte,2021-05-14,77,15837,27,5378,49,9760,1,699,42,1606,35,7437,43,9043,California
Del Norte,2021-05-15,81,15918,53,5431,28,9788,0,699,53,1631,28,7465,53,9096,California
Del Norte,2021-05-16,11,15929,0,5431,11,9799,0,699,11,1642,0,7465,11,9107,California
Del Norte,2021-05-17,27,15956,3,5434,20,9819,4,703,15,1649,12,7477,19,9126,California
Del Norte,2021-05-18,126,16082,68,5502,57,9876,1,704,80,1684,46,7523,81,9207,California
Del Norte,2021-05-19,96,16178,14,5516,66,9942,16,720,38,1680,58,7581,54,9261,California
Del Norte,2021-05-20,98,16276,31,5547,64,10006,3,723,39,1664,58,7639,42,9303,California
Del Norte,2021-05-21,78,16354,32,5579,42,10048,4,727,41,1672,37,7676,45,9348,California
Del Norte,2021-05-22,21,16375,7,5586,14,10062,0,727,8,1667,13,7689,8,9356,California
Del Norte,2021-05-23,11,16386,4,5590,7,10069,0,727,4,1664,7,7696,4,9360,California
Del Norte,2021-05-24,29,16415,11,5601,17,10086,1,728,18,1673,10,7706,19,9379,California
Del Norte,2021-05-25,45,16460,7,5608,30,10116,8,736,14,1666,29,7735,22,9401,California
Del Norte,2021-05-26,113,16573,36,5644,71,10187,6,742,52,1664,60,7795,58,9459,California
Del Norte,2021-05-27,64,16637,22,5666,38,10225,4,746,30,1664,34,7829,34,9493,California
Del Norte,2021-05-28,51,16688,10,5676,37,10262,4,750,11,1639,40,7869,15,9508,California
Del Norte,2021-05-29,9,16697,0,5676,4,10266,5,755,3,1641,6,7875,8,9516,California
Del Norte,2021-05-30,5,16702,0,5676,5,10271,0,755,0,1636,5,7880,0,9516,California
El Dorado,2020-12-15,12,12,12,12,0,0,0,0,12,12,0,0,12,12,California
El Dorado,2020-12-16,40,52,40,52,0,0,0,0,40,52,0,0,40,52,California
El Dorado,2020-12-17,31,83,31,83,0,0,0,0,31,83,0,0,31,83,California
El Dorado,2020-12-18,239,322,239,322,0,0,0,0,239,322,0,0,239,322,California
El Dorado,2020-12-19,116,438,116,438,0,0,0,0,116,438,0,0,116,438,California
El Dorado,2020-12-20,85,523,85,523,0,0,0,0,85,523,0,0,85,523,California
El Dorado,2020-12-21,309,832,308,831,1,1,0,0,309,832,0,0,309,832,California
El Dorado,2020-12-22,238,1070,214,1045,24,25,0,0,238,1070,0,0,238,1070,California
El Dorado,2020-12-23,190,1260,141,1186,49,74,0,0,190,1260,0,0,190,1260,California
El Dorado,2020-12-24,88,1348,67,1253,21,95,0,0,88,1348,0,0,88,1348,California
El Dorado,2020-12-25,8,1356,8,1261,0,95,0,0,8,1356,0,0,8,1356,California
El Dorado,2020-12-26,45,1401,27,1288,18,113,0,0,45,1401,0,0,45,1401,California
El Dorado,2020-12-27,37,1438,33,1321,4,117,0,0,37,1438,0,0,37,1438,California
El Dorado,2020-12-28,213,1651,166,1487,47,164,0,0,213,1651,0,0,213,1651,California
El Dorado,2020-12-29,460,2111,143,1630,317,481,0,0,460,2111,0,0,460,2111,California
El Dorado,2020-12-30,505,2616,136,1766,369,850,0,0,505,2616,0,0,505,2616,California
El Dorado,2020-12-31,110,2726,70,1836,40,890,0,0,110,2726,0,0,110,2726,California
El Dorado,2021-01-01,7,2733,4,1840,3,893,0,0,7,2733,0,0,7,2733,California
El Dorado,2021-01-02,153,2886,141,1981,12,905,0,0,153,2886,0,0,153,2886,California
El Dorado,2021-01-03,92,2978,17,1998,75,980,0,0,92,2978,0,0,92,2978,California
El Dorado,2021-01-04,190,3168,62,2060,128,1108,0,0,190,3168,0,0,190,3168,California
El Dorado,2021-01-05,228,3396,72,2132,156,1264,0,0,212,3364,16,16,212,3380,California
El Dorado,2021-01-06,239,3635,167,2299,72,1336,0,0,175,3475,64,80,175,3555,California
El Dorado,2021-01-07,332,3967,137,2436,195,1531,0,0,261,3665,71,151,261,3816,California
El Dorado,2021-01-08,977,4944,503,2939,474,2005,0,0,771,4231,206,357,772,4588,California
El Dorado,2021-01-09,193,5137,156,3095,37,2042,0,0,125,4288,68,425,125,4713,California
El Dorado,2021-01-10,179,5316,128,3223,51,2093,0,0,109,4328,70,495,110,4823,California
El Dorado,2021-01-11,659,5975,293,3516,366,2459,0,0,459,4589,199,694,460,5283,California
El Dorado,2021-01-12,806,6781,423,3939,383,2842,0,0,557,4897,249,943,557,5840,California
El Dorado,2021-01-13,702,7483,298,4237,404,3246,0,0,541,5277,161,1104,541,6381,California
El Dorado,2021-01-14,792,8275,220,4457,572,3818,0,0,697,5879,95,1199,697,7078,California
El Dorado,2021-01-15,790,9065,184,4641,606,4424,0,0,718,6525,72,1271,718,7796,California
El Dorado,2021-01-16,173,9238,103,4744,70,4494,0,0,146,6644,27,1298,146,7942,California
El Dorado,2021-01-17,99,9337,46,4790,53,4547,0,0,82,6709,17,1315,82,8024,California
El Dorado,2021-01-18,423,9760,140,4930,283,4830,0,0,354,6994,69,1384,354,8378,California
El Dorado,2021-01-19,754,10514,453,5383,301,5131,0,0,604,7449,150,1534,605,8983,California
El Dorado,2021-01-20,1014,11528,689,6072,325,5456,0,0,901,8238,112,1646,901,9884,California
El Dorado,2021-01-21,1265,12793,678,6750,587,6043,0,0,1057,9128,167,1813,1057,10941,California
El Dorado,2021-01-22,1229,14022,834,7584,395,6438,0,0,1175,10250,53,1866,1175,12116,California
El Dorado,2021-01-23,737,14759,615,8199,122,6560,0,0,626,10765,111,1977,626,12742,California
El Dorado,2021-01-24,126,14885,76,8275,50,6610,0,0,107,10853,19,1996,107,12849,California
El Dorado,2021-01-25,700,15585,293,8568,407,7017,0,0,613,11379,87,2083,613,13462,California
El Dorado,2021-01-26,676,16261,365,8933,311,7328,0,0,573,11849,103,2186,573,14035,California
El Dorado,2021-01-27,991,17252,389,9322,602,7930,0,0,653,12163,339,2525,653,14688,California
El Dorado,2021-01-28,1106,18358,452,9774,654,8584,0,0,745,12547,361,2886,745,15433,California
El Dorado,2021-01-29,1044,19402,556,10330,488,9072,0,0,752,13009,291,3177,753,16186,California
El Dorado,2021-01-30,543,19945,291,10621,252,9324,0,0,446,13359,96,3273,446,16632,California
El Dorado,2021-01-31,236,20181,215,10836,21,9345,0,0,184,13492,51,3324,184,16816,California
El Dorado,2021-02-01,798,20979,368,11204,430,9775,0,0,653,14000,145,3469,653,17469,California
El Dorado,2021-02-02,839,21818,367,11571,472,10247,0,0,676,14513,163,3632,676,18145,California
El Dorado,2021-02-03,902,22720,476,12047,426,10673,0,0,690,14991,212,3844,690,18835,California
El Dorado,2021-02-04,1244,23964,701,12748,543,11216,0,0,872,15491,372,4216,872,19707,California
El Dorado,2021-02-05,1485,25449,599,13347,886,12102,0,0,862,15767,586,4802,862,20569,California
El Dorado,2021-02-06,637,26086,331,13678,306,12408,0,0,531,16193,106,4908,532,21101,California
El Dorado,2021-02-07,259,26345,177,13855,82,12490,0,0,195,16324,64,4972,195,21296,California
El Dorado,2021-02-08,884,27229,418,14273,466,12956,0,0,610,16660,274,5246,610,21906,California
El Dorado,2021-02-09,970,28199,546,14819,424,13380,0,0,539,16768,431,5677,539,22445,California
El Dorado,2021-02-10,1257,29456,735,15554,522,13902,0,0,664,16840,592,6269,664,23109,California
El Dorado,2021-02-11,2151,31607,889,16443,1262,15164,0,0,757,16207,1391,7660,758,23867,California
El Dorado,2021-02-12,1576,33183,825,17268,751,15915,0,0,675,15983,900,8560,676,24543,California
El Dorado,2021-02-13,979,34162,667,17935,312,16227,0,0,435,15877,541,9101,435,24978,California
El Dorado,2021-02-14,486,34648,155,18090,331,16558,0,0,399,16189,87,9188,399,25377,California
El Dorado,2021-02-15,1181,35829,383,18473,798,17356,0,0,818,16648,363,9551,822,26199,California
El Dorado,2021-02-16,1206,37035,532,19005,674,18030,0,0,671,16786,534,10085,672,26871,California
El Dorado,2021-02-17,952,37987,419,19424,533,18563,0,0,459,16754,493,10578,461,27332,California
El Dorado,2021-02-18,2094,40081,1020,20444,1074,19637,0,0,1059,16779,1034,11612,1059,28391,California
El Dorado,2021-02-19,1210,41291,643,21087,567,20204,0,0,676,16922,533,12145,676,29067,California
El Dorado,2021-02-20,925,42216,441,21528,484,20688,0,0,671,17344,249,12394,671,29738,California
El Dorado,2021-02-21,286,42502,229,21757,57,20745,0,0,101,17260,185,12579,101,29839,California
El Dorado,2021-02-22,875,43377,439,22196,436,21181,0,0,273,16932,601,13180,273,30112,California
El Dorado,2021-02-23,846,44223,473,22669,373,21554,0,0,338,16763,507,13687,338,30450,California
El Dorado,2021-02-24,1027,45250,438,23107,589,22143,0,0,425,16587,602,14289,426,30876,California
El Dorado,2021-02-25,1891,47141,1140,24247,751,22894,0,0,674,16053,1210,15499,676,31552,California
El Dorado,2021-02-26,2357,49498,1481,25728,876,23770,0,0,1586,16871,768,16267,1586,33138,California
El Dorado,2021-02-27,1663,51161,440,26168,1223,24993,0,0,1222,17655,438,16705,1222,34360,California
El Dorado,2021-02-28,594,51755,207,26375,387,25380,0,0,436,17934,158,16863,437,34797,California
El Dorado,2021-03-01,1134,52889,448,26823,684,26064,2,2,624,18051,509,17372,626,35423,California
El Dorado,2021-03-02,924,53813,269,27092,655,26719,0,2,484,18097,438,17810,484,35907,California
El Dorado,2021-03-03,1695,55508,466,27558,1229,27948,0,2,1158,18728,530,18340,1161,37068,California
El Dorado,2021-03-04,2516,58024,1549,29107,967,28915,0,2,1197,18609,1316,19656,1197,38265,California
El Dorado,2021-03-05,1585,59609,429,29536,1151,30066,5,7,1048,19131,531,20187,1053,39318,California
El Dorado,2021-03-06,741,60350,213,29749,493,30559,35,42,393,19212,347,20534,428,39746,California
El Dorado,2021-03-07,406,60756,197,29946,191,30750,18,60,242,19310,162,20696,260,40006,California
El Dorado,2021-03-08,1329,62085,365,30311,892,31642,72,132,860,19775,466,21162,931,40937,California
El Dorado,2021-03-09,989,63074,231,30542,691,32333,67,199,587,20042,387,21549,654,41591,California
El Dorado,2021-03-10,951,64025,345,30887,550,32883,56,255,548,20249,396,21945,603,42194,California
El Dorado,2021-03-11,3019,67044,1833,32720,1004,33887,182,437,1285,20002,1713,23658,1466,43660,California
El Dorado,2021-03-12,1787,68831,620,33340,920,34807,247,684,745,19972,1024,24682,994,44654,California
El Dorado,2021-03-13,1067,69898,344,33684,441,35248,282,966,375,19938,689,25371,655,45309,California
El Dorado,2021-03-14,794,70692,208,33892,474,35722,112,1078,279,19814,515,25886,391,45700,California
El Dorado,2021-03-15,1401,72093,304,34196,971,36693,126,1204,612,19768,785,26671,739,46439,California
El Dorado,2021-03-16,1221,73314,412,34608,664,37357,145,1349,571,19840,644,27315,716,47155,California
El Dorado,2021-03-17,1109,74423,349,34957,665,38022,95,1444,723,20273,385,27700,818,47973,California
El Dorado,2021-03-18,2998,77421,1774,36731,1179,39201,45,1489,1976,21280,1014,28714,2021,49994,California
El Dorado,2021-03-19,1119,78540,365,37096,607,39808,147,1636,641,21590,478,29192,788,50782,California
El Dorado,2021-03-20,949,79489,269,37365,663,40471,17,1653,369,21408,568,29760,386,51168,California
El Dorado,2021-03-21,1026,80515,419,37784,602,41073,5,1658,934,22257,90,29850,939,52107,California
El Dorado,2021-03-22,1507,82022,489,38273,936,42009,82,1740,1196,23229,306,30156,1278,53385,California
El Dorado,2021-03-23,1149,83171,452,38725,602,42611,95,1835,733,23652,405,30561,828,54213,California
El Dorado,2021-03-24,1459,84630,624,39349,639,43250,196,2031,664,23745,767,31328,860,55073,California
El Dorado,2021-03-25,2511,87141,1685,41034,723,43973,103,2134,1381,24106,1124,32452,1485,56558,California
El Dorado,2021-03-26,1821,88962,698,41732,1013,44986,110,2244,945,24309,853,33305,1056,57614,California
El Dorado,2021-03-27,1320,90282,188,41920,1128,46114,4,2248,334,23667,980,34285,338,57952,California
El Dorado,2021-03-28,636,90918,182,42102,444,46558,10,2258,203,23451,429,34714,213,58165,California
El Dorado,2021-03-29,1320,92238,433,42535,871,47429,16,2274,830,23810,487,35201,846,59011,California
El Dorado,2021-03-30,1364,93602,413,42948,858,48287,93,2367,684,23913,672,35873,775,59786,California
El Dorado,2021-03-31,1561,95163,582,43530,916,49203,63,2430,698,23812,861,36734,760,60546,California
El Dorado,2021-04-01,3239,98402,1769,45299,1387,50590,83,2513,1540,23740,1697,38431,1625,62171,California
El Dorado,2021-04-02,1891,100293,563,45862,1233,51823,95,2608,750,23452,1135,39566,847,63018,California
El Dorado,2021-04-03,752,101045,295,46157,335,52158,122,2730,231,23287,518,40084,353,63371,California
El Dorado,2021-04-04,272,101317,85,46242,140,52298,47,2777,98,23259,173,40257,145,63516,California
El Dorado,2021-04-05,1425,102742,425,46667,906,53204,94,2871,593,23118,827,41084,686,64202,California
El Dorado,2021-04-06,1415,104157,524,47191,670,53874,221,3092,454,22833,958,42042,673,64875,California
El Dorado,2021-04-07,1589,105746,559,47750,577,54451,453,3545,559,22815,1027,43069,1009,65884,California
El Dorado,2021-04-08,2682,108428,1730,49480,717,55168,235,3780,1119,22622,1554,44623,1361,67245,California
El Dorado,2021-04-09,1436,109864,454,49934,761,55929,221,4001,574,22559,859,45482,796,68041,California
El Dorado,2021-04-10,819,110683,224,50158,485,56414,110,4111,471,22795,345,45827,581,68622,California
El Dorado,2021-04-11,702,111385,454,50612,232,56646,16,4127,207,22524,494,46321,223,68845,California
El Dorado,2021-04-12,1277,112662,498,51110,630,57276,149,4276,559,22520,711,47032,707,69552,California
El Dorado,2021-04-13,1118,113780,609,51719,509,57785,0,4276,507,22420,607,47639,507,70059,California
El Dorado,2021-04-14,1086,114866,460,52179,625,58410,1,4277,387,22122,686,48325,388,70447,California
El Dorado,2021-04-15,2489,117355,1671,53850,818,59228,0,4277,953,21543,1533,49858,954,71401,California
El Dorado,2021-04-16,1467,118822,521,54371,946,60174,0,4277,603,21287,860,50718,604,72005,California
El Dorado,2021-04-17,792,119614,202,54573,590,60764,0,4277,492,21482,297,51015,492,72497,California
El Dorado,2021-04-18,991,120605,89,54662,902,61666,0,4277,395,21282,595,51610,395,72892,California
El Dorado,2021-04-19,1715,122320,438,55100,1277,62943,0,4277,690,20953,1019,52629,690,73582,California
El Dorado,2021-04-20,1110,123430,360,55460,750,63693,0,4277,461,20770,644,53273,461,74043,California
El Dorado,2021-04-21,1159,124589,466,55926,689,64382,4,4281,591,20802,560,53833,592,74635,California
El Dorado,2021-04-22,2549,127138,1679,57605,870,65252,0,4281,1067,20390,1479,55312,1067,75702,California
El Dorado,2021-04-23,1398,128536,491,58096,907,66159,0,4281,708,20412,687,55999,709,76411,California
El Dorado,2021-04-24,969,129505,516,58612,453,66612,0,4281,734,20913,233,56232,734,77145,California
El Dorado,2021-04-25,653,130158,449,59061,204,66816,0,4281,466,21192,187,56419,466,77611,California
El Dorado,2021-04-26,1140,131298,450,59511,673,67489,17,4298,537,21145,600,57019,553,78164,California
El Dorado,2021-04-27,1052,132350,375,59886,649,68138,28,4326,472,21071,574,57593,500,78664,California
El Dorado,2021-04-28,1033,133383,346,60232,647,68785,40,4366,403,20885,629,58222,443,79107,California
El Dorado,2021-04-29,1929,135312,1303,61535,594,69379,32,4398,538,20066,1389,59611,570,79677,California
El Dorado,2021-04-30,2120,137432,1331,62866,748,70127,41,4439,1359,20716,749,60360,1399,81076,California
El Dorado,2021-05-01,617,138049,282,63148,308,70435,27,4466,279,20691,331,60691,306,81382,California
El Dorado,2021-05-02,298,138347,212,63360,57,70492,29,4495,101,20626,194,60885,129,81511,California
El Dorado,2021-05-03,821,139168,402,63762,369,70861,50,4545,276,20410,543,61428,327,81838,California
El Dorado,2021-05-04,875,140043,431,64193,386,71247,58,4603,308,20213,563,61991,366,82204,California
El Dorado,2021-05-05,874,140917,432,64625,369,71616,73,4676,414,20242,458,62449,487,82691,California
El Dorado,2021-05-06,1113,142030,482,65107,584,72200,47,4723,473,20124,634,63083,516,83207,California
El Dorado,2021-05-07,978,143008,373,65480,547,72747,58,4781,399,20001,579,63662,456,83663,California
El Dorado,2021-05-08,484,143492,149,65629,298,73045,37,4818,186,19928,296,63958,223,83886,California
El Dorado,2021-05-09,218,143710,79,65708,112,73157,27,4845,100,19938,117,64075,127,84013,California
El Dorado,2021-05-10,828,144538,274,65982,495,73652,59,4904,241,19659,577,64652,298,84311,California
El Dorado,2021-05-11,660,145198,286,66268,320,73972,54,4958,290,19637,367,65019,345,84656,California
El Dorado,2021-05-12,585,145783,307,66575,243,74215,35,4993,235,19558,350,65369,271,84927,California
El Dorado,2021-05-13,1141,146924,732,67307,373,74588,36,5029,395,19247,741,66110,430,85357,California
El Dorado,2021-05-14,1400,148324,806,68113,510,75098,84,5113,681,19298,714,66824,765,86122,California
El Dorado,2021-05-15,896,149220,553,68666,287,75385,56,5169,313,19084,583,67407,369,86491,California
El Dorado,2021-05-16,654,149874,456,69122,172,75557,26,5195,228,18912,426,67833,254,86745,California
El Dorado,2021-05-17,1565,151439,662,69784,855,76412,48,5243,568,18534,993,68826,615,87360,California
El Dorado,2021-05-18,1012,152451,507,70291,451,76863,54,5297,445,18467,566,69392,499,87859,California
El Dorado,2021-05-19,810,153261,328,70619,430,77293,52,5349,315,18344,489,69881,366,88225,California
El Dorado,2021-05-20,1041,154302,602,71221,390,77683,49,5398,448,18251,590,70471,497,88722,California
El Dorado,2021-05-21,2170,156472,1662,72883,483,78166,25,5423,743,17597,1422,71893,768,89490,California
El Dorado,2021-05-22,569,157041,156,73039,396,78562,17,5440,191,17428,377,72270,208,89698,California
El Dorado,2021-05-23,190,157231,87,73126,84,78646,19,5459,61,17380,128,72398,80,89778,California
El Dorado,2021-05-24,867,158098,437,73563,363,79009,67,5526,305,17191,558,72956,369,90147,California
El Dorado,2021-05-25,584,158682,236,73799,315,79324,33,5559,223,17088,359,73315,256,90403,California
El Dorado,2021-05-26,773,159455,377,74176,376,79700,20,5579,291,16919,480,73795,311,90714,California
El Dorado,2021-05-27,604,160059,240,74416,330,80030,34,5613,298,16946,304,74099,331,91045,California
El Dorado,2021-05-28,701,160760,238,74654,406,80436,57,5670,294,16892,405,74504,351,91396,California
El Dorado,2021-05-29,372,161132,99,74753,257,80693,16,5686,156,16848,216,74720,172,91568,California
El Dorado,2021-05-30,14,161146,3,74756,9,80702,2,5688,2,16840,12,74732,4,91572,California
Fresno,2020-12-15,2,2,2,2,0,0,0,0,2,2,0,0,2,2,California
Fresno,2020-12-16,125,127,125,127,0,0,0,0,125,127,0,0,125,127,California
Fresno,2020-12-17,121,248,121,248,0,0,0,0,121,248,0,0,121,248,California
Fresno,2020-12-18,346,594,346,594,0,0,0,0,346,594,0,0,346,594,California
Fresno,2020-12-19,159,753,159,753,0,0,0,0,159,753,0,0,159,753,California
Fresno,2020-12-20,258,1011,256,1009,2,2,0,0,258,1011,0,0,258,1011,California
Fresno,2020-12-21,928,1939,926,1935,2,4,0,0,959,1970,0,0,959,1970,California
Fresno,2020-12-22,905,2844,875,2810,30,34,0,0,909,2879,0,0,909,2879,California
Fresno,2020-12-23,1091,3935,1049,3859,42,76,0,0,1092,3971,0,0,1092,3971,California
Fresno,2020-12-24,589,4524,563,4422,26,102,0,0,589,4560,0,0,589,4560,California
Fresno,2020-12-25,2,4526,1,4423,1,103,0,0,2,4562,0,0,2,4562,California
Fresno,2020-12-26,724,5250,715,5138,9,112,0,0,724,5286,0,0,724,5286,California
Fresno,2020-12-27,307,5557,208,5346,99,211,0,0,307,5593,0,0,307,5593,California
Fresno,2020-12-28,1090,6647,800,6146,290,501,0,0,1091,6684,0,0,1091,6684,California
Fresno,2020-12-29,1736,8383,991,7137,745,1246,0,0,1734,8417,1,1,1734,8418,California
Fresno,2020-12-30,955,9338,444,7581,511,1757,0,0,955,9372,0,1,955,9373,California
Fresno,2020-12-31,901,10239,309,7890,592,2349,0,0,900,10272,0,1,900,10273,California
Fresno,2021-01-01,9,10248,3,7893,6,2355,0,0,9,10281,0,1,9,10282,California
Fresno,2021-01-02,1029,11277,715,8608,314,2669,0,0,1029,11310,0,1,1029,11311,California
Fresno,2021-01-03,153,11430,128,8736,25,2694,0,0,153,11463,0,1,153,11464,California
Fresno,2021-01-04,620,12050,376,9112,244,2938,0,0,620,12083,0,1,620,12084,California
Fresno,2021-01-05,782,12832,313,9425,469,3407,0,0,708,12717,74,75,708,12792,California
Fresno,2021-01-06,986,13818,348,9773,638,4045,0,0,810,13351,176,251,810,13602,California
Fresno,2021-01-07,1895,15713,917,10690,978,5023,0,0,1642,14743,253,504,1645,15247,California
Fresno,2021-01-08,1788,17501,613,11303,1175,6198,0,0,1424,15805,362,866,1424,16671,California
Fresno,2021-01-09,634,18135,388,11691,246,6444,0,0,359,15889,275,1141,359,17030,California
Fresno,2021-01-10,518,18653,488,12179,30,6474,0,0,204,15779,314,1455,204,17234,California
Fresno,2021-01-11,2220,20873,1812,13991,408,6882,0,0,1526,16614,694,2149,1529,18763,California
Fresno,2021-01-12,2529,23402,1830,15821,699,7581,0,0,1678,17441,853,3002,1680,20443,California
Fresno,2021-01-13,3556,26958,2436,18257,1120,8701,0,0,2706,19300,850,3852,2709,23152,California
Fresno,2021-01-14,4137,31095,2183,20440,1954,10655,0,0,3666,22496,470,4322,3666,26818,California
Fresno,2021-01-15,3662,34757,2530,22970,1132,11787,0,0,3304,25446,358,4680,3308,30126,California
Fresno,2021-01-16,3152,37909,2309,25279,843,12630,0,0,2687,27670,464,5144,2688,32814,California
Fresno,2021-01-17,976,38885,555,25834,421,13051,0,0,778,28250,198,5342,778,33592,California
Fresno,2021-01-18,3077,41962,2369,28203,708,13759,0,0,2421,30019,654,5996,2423,36015,California
Fresno,2021-01-19,4406,46368,2620,30823,1786,15545,0,0,3692,33001,714,6710,3696,39711,California
Fresno,2021-01-20,3020,49388,1208,32031,1812,17357,0,0,2707,35400,311,7021,2710,42421,California
Fresno,2021-01-21,4395,53783,2033,34064,2362,19719,0,0,4034,39102,338,7359,4040,46461,California
Fresno,2021-01-22,3313,57096,1349,35413,1964,21683,0,0,2922,41651,374,7733,2923,49384,California
Fresno,2021-01-23,3049,60145,1974,37387,1075,22758,0,0,2326,43260,722,8455,2331,51715,California
Fresno,2021-01-24,559,60704,377,37764,182,22940,0,0,353,43409,206,8661,355,52070,California
Fresno,2021-01-25,2425,63129,866,38630,1559,24499,0,0,1873,44733,552,9213,1876,53946,California
Fresno,2021-01-26,2065,65194,586,39216,1479,25978,0,0,1319,45309,744,9957,1320,55266,California
Fresno,2021-01-27,2319,67513,1158,40374,1161,27139,0,0,1755,46504,563,10520,1758,57024,California
Fresno,2021-01-28,4527,72040,3049,43423,1478,28617,0,0,3475,48933,1049,11569,3478,60502,California
Fresno,2021-01-29,1710,73750,983,44406,727,29344,0,0,1410,50048,296,11865,1411,61913,California
Fresno,2021-01-30,1452,75202,550,44956,902,30246,0,0,1035,50666,417,12282,1035,62948,California
Fresno,2021-01-31,228,75430,219,45175,9,30255,0,0,74,50586,154,12436,74,63022,California
Fresno,2021-02-01,3347,78777,1673,46848,1674,31929,0,0,1787,50823,1559,13995,1796,64818,California
Fresno,2021-02-02,2723,81500,552,47400,2171,34100,0,0,1580,51290,1128,15123,1595,66413,California
Fresno,2021-02-03,3556,85056,2101,49501,1455,35555,0,0,1547,50837,2001,17124,1548,67961,California
Fresno,2021-02-04,4198,89254,1897,51398,2301,37856,0,0,1930,50534,2238,19362,1935,69896,California
Fresno,2021-02-05,5345,94599,2730,54128,2615,40471,0,0,2310,49818,3030,22392,2314,72210,California
Fresno,2021-02-06,2939,97538,2048,56176,891,41362,0,0,974,48833,1960,24352,975,73185,California
Fresno,2021-02-07,466,98004,284,56460,182,41544,0,0,272,48912,193,24545,272,73457,California
Fresno,2021-02-08,4278,102282,2291,58751,1987,43531,0,0,1815,48285,2451,26996,1824,75281,California
Fresno,2021-02-09,5342,107624,2090,60841,3252,46783,0,0,3126,49278,2142,29138,3135,78416,California
Fresno,2021-02-10,3893,111517,1233,62074,2660,49443,0,0,1995,49442,1846,30984,2010,80426,California
Fresno,2021-02-11,6459,117976,2095,64169,4364,53807,0,0,3360,49726,3081,34065,3365,83791,California
Fresno,2021-02-12,5399,123375,1383,65552,4016,57823,0,0,2737,49828,2643,36708,2745,86536,California
Fresno,2021-02-13,3756,127131,1561,67113,2195,60018,0,0,2086,50261,1659,38367,2092,88628,California
Fresno,2021-02-14,1563,128694,283,67396,1280,61298,0,0,838,50376,725,39092,840,89468,California
Fresno,2021-02-15,2895,131589,267,67663,2628,63926,0,0,1791,51071,1100,40192,1795,91263,California
Fresno,2021-02-16,6700,138289,2406,70069,4294,68220,0,0,4248,52890,2435,42627,4254,95517,California
Fresno,2021-02-17,5340,143629,2452,72521,2888,71108,0,0,2991,53581,2304,44931,2995,98512,California
Fresno,2021-02-18,6859,150488,2895,75416,3964,75072,0,0,2586,51949,4229,49160,2597,101109,California
Fresno,2021-02-19,3842,154330,1100,76516,2742,77814,0,0,1825,51771,2006,51166,1828,102937,California
Fresno,2021-02-20,4538,158868,2492,79008,2046,79860,0,0,3054,53353,1478,52644,3060,105997,California
Fresno,2021-02-21,191,159059,172,79180,19,79879,0,0,127,53430,50,52694,127,106124,California
Fresno,2021-02-22,2253,161312,1004,80184,1249,81128,0,0,1238,53665,1005,53699,1240,107364,California
Fresno,2021-02-23,4691,166003,2265,82449,2426,83554,0,0,3814,56616,865,54564,3816,111180,California
Fresno,2021-02-24,4212,170215,1503,83952,2709,86263,0,0,3457,59331,743,55307,3458,114638,California
Fresno,2021-02-25,8710,178925,3735,87687,4975,91238,0,0,7220,65133,1426,56733,7228,121866,California
Fresno,2021-02-26,9019,187944,3702,91389,5317,96555,0,0,7701,71546,1294,58027,7707,129573,California
Fresno,2021-02-27,7291,195235,3159,94548,4131,100686,1,1,6579,77432,696,58723,6582,136155,California
Fresno,2021-02-28,1655,196890,535,95083,1120,101806,0,1,1566,78922,77,58800,1567,137722,California
Fresno,2021-03-01,5079,201969,1310,96393,3769,105575,0,1,3677,81214,1389,60189,3681,141403,California
Fresno,2021-03-02,9858,211827,3384,99777,6474,112049,0,1,8474,88351,1360,61549,8497,149900,California
Fresno,2021-03-03,6948,218775,1701,101478,5246,117295,1,2,5934,93399,1001,62550,6049,155949,California
Fresno,2021-03-04,10450,229225,4119,105597,6331,123626,0,2,8711,100407,1711,64261,8719,164668,California
Fresno,2021-03-05,9174,238399,3633,109230,5539,129165,2,4,8012,107467,1029,65290,8089,172757,California
Fresno,2021-03-06,7005,245404,3944,113174,2943,132108,118,122,6013,112617,985,66275,6135,178892,California
Fresno,2021-03-07,1489,246893,681,113855,772,132880,36,158,1259,113686,227,66502,1296,180188,California
Fresno,2021-03-08,5276,252169,2026,115881,3099,135979,151,309,3987,116557,1278,67780,4149,184337,California
Fresno,2021-03-09,8605,260774,3793,119674,4541,140520,271,580,4648,117576,3936,71716,4955,189292,California
Fresno,2021-03-10,6836,267610,2862,122536,3582,144102,392,972,5373,121896,1454,73170,5774,195066,California
Fresno,2021-03-11,11628,279238,4584,127120,6478,150580,566,1538,6317,123570,5285,78455,6959,202025,California
Fresno,2021-03-12,12081,291319,5137,132257,6491,157071,453,1991,9066,130238,2994,81449,9662,211687,California
Fresno,2021-03-13,8361,299680,4059,136316,3269,160340,1033,3024,4043,131090,4297,85746,5149,216836,California
Fresno,2021-03-14,1770,301450,477,136793,1004,161344,289,3313,670,130960,1088,86834,958,217794,California
Fresno,2021-03-15,7134,308584,3180,139973,3781,165125,173,3486,4947,134094,2172,89006,5306,223100,California
Fresno,2021-03-16,10215,318799,4530,144503,5289,170414,396,3882,5423,135248,4760,93766,5914,229014,California
Fresno,2021-03-17,8667,327466,3929,148432,4047,174461,691,4573,5875,139424,2770,96536,6946,235960,California
Fresno,2021-03-18,12459,339925,6733,155165,5092,179553,634,5207,7070,142213,5340,101876,8129,244089,California
Fresno,2021-03-19,11195,351120,5882,161047,4699,184252,614,5821,6952,145860,4214,106090,7861,251950,California
Fresno,2021-03-20,7610,358730,4606,165653,2692,186944,312,6133,3805,146478,3775,109865,4393,256343,California
Fresno,2021-03-21,1777,360507,1204,166857,204,187148,369,6502,958,146991,815,110680,1328,257671,California
Fresno,2021-03-22,5670,366177,2895,169752,2179,189327,596,7098,3842,149817,1812,112492,4638,262309,California
Fresno,2021-03-23,10564,376741,5249,175001,4818,194145,497,7595,5069,150338,5474,117966,5995,268304,California
Fresno,2021-03-24,8872,385613,3837,178838,4203,198348,832,8427,4980,152349,3854,121820,5865,274169,California
Fresno,2021-03-25,12208,397821,5682,184520,5737,204085,789,9216,4766,150591,7395,129215,5637,279806,California
Fresno,2021-03-26,12246,410067,5457,189977,6142,210227,647,9863,4482,148030,7711,136926,5150,284956,California
Fresno,2021-03-27,9614,419681,4333,194310,4192,214419,1089,10952,2940,145426,6637,143563,4033,288989,California
Fresno,2021-03-28,3404,423085,1316,195626,1400,215819,688,11640,1279,145552,2117,145680,2243,291232,California
Fresno,2021-03-29,6001,429086,2008,197634,3442,219261,551,12191,2897,145936,3075,148755,3459,294691,California
Fresno,2021-03-30,10897,439983,4266,201900,5733,224994,898,13089,3847,143659,7022,155777,4745,299436,California
Fresno,2021-03-31,9699,449682,3386,205286,5325,230319,988,14077,3741,142473,5916,161693,4730,304166,California
Fresno,2021-04-01,12003,461685,4203,209489,6935,237254,865,14942,4011,139424,7889,169582,4840,309006,California
Fresno,2021-04-02,11783,473468,4567,214056,6430,243684,786,15728,4185,136981,7440,177022,4997,314003,California
Fresno,2021-04-03,6417,479885,3538,217594,2622,246306,257,15985,2164,135203,4236,181258,2458,316461,California
Fresno,2021-04-04,1491,481376,536,218130,910,247216,45,16030,548,134861,935,182193,593,317054,California
Fresno,2021-04-05,8341,489717,4473,222603,3066,250282,802,16832,2450,132314,5874,188067,3327,320381,California
Fresno,2021-04-06,9601,499318,4023,226626,4393,254675,1185,18017,3544,131051,6018,194085,4755,325136,California
Fresno,2021-04-07,10385,509703,5335,231961,3844,258519,1206,19223,3528,129015,6814,200899,4778,329914,California
Fresno,2021-04-08,10893,520596,5139,237100,4591,263110,1163,20386,3431,126252,7414,208313,4651,334565,California
Fresno,2021-04-09,11182,531778,5332,242432,4464,267574,1386,21772,3601,123744,7536,215849,5028,339593,California
Fresno,2021-04-10,7884,539662,5158,247590,2204,269778,522,22294,3673,123739,4199,220048,4194,343787,California
Fresno,2021-04-11,1387,541049,926,248516,372,270150,89,22383,446,123339,936,220984,536,344323,California
Fresno,2021-04-12,7163,548212,3766,252282,2476,272626,921,23304,2315,121750,4824,225808,3235,347558,California
Fresno,2021-04-13,8911,557123,4242,256524,4599,277225,70,23374,3460,119954,5417,231225,3621,351179,California
Fresno,2021-04-14,9448,566571,5736,262260,3711,280936,1,23375,3718,118031,5688,236913,3765,354944,California
Fresno,2021-04-15,8388,574959,4181,266441,4204,285140,3,23378,3154,115985,5206,242119,3160,358104,California
Fresno,2021-04-16,9375,584334,4629,271070,4744,289884,2,23380,3870,114394,5468,247587,3877,361981,California
Fresno,2021-04-17,5563,589897,3719,274789,1844,291728,0,23380,2643,114139,2900,250487,2645,364626,California
Fresno,2021-04-18,1029,590926,561,275350,468,292196,0,23380,473,114061,551,251038,473,365099,California
Fresno,2021-04-19,5532,596458,3018,278368,2511,294707,3,23383,2255,113081,3240,254278,2260,367359,California
Fresno,2021-04-20,6950,603408,3436,281804,3506,298213,8,23391,2621,111404,4307,258585,2630,369989,California
Fresno,2021-04-21,6384,609792,3529,285333,2847,301060,8,23399,2666,110397,3685,262270,2678,372667,California
Fresno,2021-04-22,6355,616147,3156,288489,3198,304258,1,23400,2313,108727,3987,266257,2317,374984,California
Fresno,2021-04-23,7097,623244,3822,292311,3257,307515,18,23418,2711,107141,4303,270560,2717,377701,California
Fresno,2021-04-24,4168,627412,2490,294801,1678,309193,0,23418,1923,106832,2232,272792,1923,379624,California
Fresno,2021-04-25,1372,628784,557,295358,813,310006,2,23420,689,106844,678,273470,690,380314,California
Fresno,2021-04-26,3935,632719,1974,297332,1917,311923,44,23464,1673,106329,2231,275701,1716,382030,California
Fresno,2021-04-27,4529,637248,2294,299626,2124,314047,111,23575,1792,105514,2718,278419,1903,383933,California
Fresno,2021-04-28,4711,641959,2623,302249,1961,316008,127,23702,1940,104832,2750,281169,2068,386001,California
Fresno,2021-04-29,4727,646686,2644,304893,1950,317958,133,23835,1766,103799,2932,284101,1899,387900,California
Fresno,2021-04-30,5387,652073,3282,308175,1970,319928,135,23970,2137,102852,3218,287319,2271,390171,California
Fresno,2021-05-01,4188,656261,3469,311644,580,320508,139,24109,1224,101266,2947,290266,1361,391532,California
Fresno,2021-05-02,1234,657495,770,312414,413,320921,51,24160,601,101296,621,290887,651,392183,California
Fresno,2021-05-03,4001,661496,2695,315109,1120,322041,186,24346,1288,100079,2687,293574,1470,393653,California
Fresno,2021-05-04,4825,666321,2501,317610,2172,324213,152,24498,1552,98537,3248,296822,1706,395359,California
Fresno,2021-05-05,4917,671238,2988,320598,1703,325916,226,24724,1543,96954,3349,300171,1766,397125,California
Fresno,2021-05-06,4111,675349,2528,323126,1478,327394,105,24829,1396,95767,2688,302859,1501,398626,California
Fresno,2021-05-07,4996,680345,3283,326409,1548,328942,165,24994,1554,94061,3421,306280,1715,400341,California
Fresno,2021-05-08,3884,684229,2484,328893,1253,330195,147,25141,1171,92686,2694,308974,1319,401660,California
Fresno,2021-05-09,680,684909,350,329243,287,330482,43,25184,338,92730,336,309310,380,402040,California
Fresno,2021-05-10,2948,687857,1580,330823,1227,331709,141,25325,920,91770,2021,311331,1061,403101,California
Fresno,2021-05-11,3608,691465,1842,332665,1676,333385,90,25415,1155,90574,2442,313773,1246,404347,California
Fresno,2021-05-12,3718,695183,2354,335019,1217,334602,147,25562,1343,89713,2352,316125,1491,405838,California
Fresno,2021-05-13,3605,698788,1953,336972,1545,336147,107,25669,1591,89435,1976,318101,1698,407536,California
Fresno,2021-05-14,5030,703818,3030,340002,1812,337959,188,25857,2142,88908,2857,320958,2330,409866,California
Fresno,2021-05-15,3571,707389,2669,342671,773,338732,129,25986,1818,89110,1744,322702,1946,411812,California
Fresno,2021-05-16,1430,708819,938,343609,458,339190,34,26020,797,89313,628,323330,831,412643,California
Fresno,2021-05-17,4099,712918,2755,346364,1182,340372,162,26182,2279,89964,1793,325123,2444,415087,California
Fresno,2021-05-18,4078,716996,2515,348879,1415,341787,148,26330,2134,90323,1921,327044,2280,417367,California
Fresno,2021-05-19,4187,721183,2631,351510,1401,343188,155,26485,2085,90482,2080,329124,2239,419606,California
Fresno,2021-05-20,3487,724670,2008,353518,1296,344484,183,26668,1608,90412,1860,330984,1790,421396,California
Fresno,2021-05-21,3804,728474,2455,355973,1254,345738,95,26763,1701,90129,2078,333062,1795,423191,California
Fresno,2021-05-22,3255,731729,2444,358417,644,346382,167,26930,1909,90871,1333,334395,2075,425266,California
Fresno,2021-05-23,539,732268,352,358769,157,346539,30,26960,298,90965,232,334627,326,425592,California
Fresno,2021-05-24,3163,735431,1987,360756,1059,347598,117,27077,1482,90908,1656,336283,1599,427191,California
Fresno,2021-05-25,3156,738587,1900,362656,1135,348733,121,27198,1364,90614,1780,338063,1486,428677,California
Fresno,2021-05-26,3203,741790,2121,364777,975,349708,107,27305,1636,90810,1544,339607,1740,430417,California
Fresno,2021-05-27,3053,744843,1871,366648,1086,350794,96,27401,1401,90674,1633,341240,1497,431914,California
Fresno,2021-05-28,3276,748119,2111,368759,1077,351871,88,27489,1795,91100,1458,342698,1884,433798,California
Fresno,2021-05-29,2178,750297,1585,370344,524,352395,69,27558,1158,91321,1006,343704,1227,435025,California
Fresno,2021-05-30,255,750552,106,370450,127,352522,22,27580,123,91340,126,343830,145,435170,California
Glenn,2020-12-17,1,1,1,1,0,0,0,0,1,1,0,0,1,1,California
Glenn,2020-12-19,1,2,1,2,0,0,0,0,1,2,0,0,1,2,California
Glenn,2020-12-20,1,3,1,3,0,0,0,0,1,3,0,0,1,3,California
Glenn,2020-12-21,11,14,11,14,0,0,0,0,11,14,0,0,11,14,California
Glenn,2020-12-22,59,73,59,73,0,0,0,0,59,73,0,0,59,73,California
Glenn,2020-12-23,28,101,28,101,0,0,0,0,28,101,0,0,28,101,California
Glenn,2020-12-24,9,110,9,110,0,0,0,0,9,110,0,0,9,110,California
Glenn,2020-12-26,2,112,2,112,0,0,0,0,2,112,0,0,2,112,California
Glenn,2020-12-27,4,116,4,116,0,0,0,0,4,116,0,0,4,116,California
Glenn,2020-12-28,21,137,21,137,0,0,0,0,21,137,0,0,21,137,California
Glenn,2020-12-29,82,219,82,219,0,0,0,0,82,219,0,0,82,219,California
Glenn,2020-12-30,129,348,106,325,23,23,0,0,129,348,0,0,129,348,California
Glenn,2020-12-31,38,386,9,334,29,52,0,0,38,386,0,0,38,386,California
Glenn,2021-01-02,2,388,2,336,0,52,0,0,2,388,0,0,2,388,California
Glenn,2021-01-04,7,395,5,341,2,54,0,0,7,395,0,0,7,395,California
Glenn,2021-01-05,9,404,8,349,1,55,0,0,9,404,0,0,9,404,California
Glenn,2021-01-06,60,464,8,357,52,107,0,0,60,464,0,0,60,464,California
Glenn,2021-01-07,67,531,12,369,55,162,0,0,65,527,2,2,65,529,California
Glenn,2021-01-08,12,543,9,378,3,165,0,0,12,539,0,2,12,541,California
Glenn,2021-01-10,1,544,1,379,0,165,0,0,0,538,1,3,0,541,California
Glenn,2021-01-11,30,574,30,409,0,165,0,0,12,532,18,21,12,553,California
Glenn,2021-01-12,42,616,37,446,5,170,0,0,14,518,28,49,14,567,California
Glenn,2021-01-13,221,837,156,602,65,235,0,0,177,651,44,93,177,744,California
Glenn,2021-01-14,117,954,28,630,89,324,0,0,107,748,10,103,107,851,California
Glenn,2021-01-15,42,996,35,665,7,331,0,0,37,780,5,108,37,888,California
Glenn,2021-01-16,33,1029,14,679,19,350,0,0,23,793,10,118,23,911,California
Glenn,2021-01-17,4,1033,2,681,2,352,0,0,2,793,2,120,2,913,California
Glenn,2021-01-18,17,1050,16,697,1,353,0,0,9,794,8,128,9,922,California
Glenn,2021-01-19,30,1080,20,717,10,363,0,0,13,790,17,145,13,935,California
Glenn,2021-01-20,163,1243,94,811,69,432,0,0,82,791,81,226,82,1017,California
Glenn,2021-01-21,124,1367,98,909,26,458,0,0,30,727,94,320,30,1047,California
Glenn,2021-01-22,338,1705,64,973,274,732,0,0,331,1051,7,327,331,1378,California
Glenn,2021-01-23,14,1719,7,980,7,739,0,0,12,1061,2,329,12,1390,California
Glenn,2021-01-24,2,1721,2,982,0,739,0,0,2,1063,0,329,2,1392,California
Glenn,2021-01-25,27,1748,9,991,18,757,0,0,24,1084,3,332,24,1416,California
Glenn,2021-01-26,29,1777,13,1004,16,773,0,0,23,1101,6,338,23,1439,California
Glenn,2021-01-27,188,1965,13,1017,175,948,0,0,166,1245,22,360,166,1605,California
Glenn,2021-01-28,146,2111,8,1025,138,1086,0,0,116,1331,30,390,116,1721,California
Glenn,2021-01-29,296,2407,12,1037,284,1370,0,0,282,1599,14,404,282,2003,California
Glenn,2021-01-30,4,2411,0,1037,4,1374,0,0,4,1603,0,404,4,2007,California
Glenn,2021-01-31,1,2412,0,1037,1,1375,0,0,1,1604,0,404,1,2008,California
Glenn,2021-02-01,28,2440,10,1047,18,1393,0,0,16,1608,12,416,16,2024,California
Glenn,2021-02-02,28,2468,13,1060,15,1408,0,0,19,1618,9,425,19,2043,California
Glenn,2021-02-03,274,2742,125,1185,149,1557,0,0,129,1603,145,570,130,2173,California
Glenn,2021-02-04,82,2824,16,1201,66,1623,0,0,27,1575,55,625,27,2200,California
Glenn,2021-02-05,320,3144,25,1226,295,1918,0,0,299,1853,21,646,299,2499,California
Glenn,2021-02-06,14,3158,2,1228,12,1930,0,0,13,1865,1,647,13,2512,California
Glenn,2021-02-07,2,3160,2,1230,0,1930,0,0,2,1867,0,647,2,2514,California
Glenn,2021-02-08,21,3181,17,1247,4,1934,0,0,4,1854,17,664,4,2518,California
Glenn,2021-02-09,49,3230,20,1267,29,1963,0,0,36,1877,13,677,36,2554,California
Glenn,2021-02-10,138,3368,19,1286,119,2082,0,0,65,1869,73,750,65,2619,California
Glenn,2021-02-11,233,3601,133,1419,100,2182,0,0,151,1937,83,833,151,2770,California
Glenn,2021-02-12,420,4021,99,1518,321,2503,0,0,355,2227,65,898,355,3125,California
Glenn,2021-02-13,34,4055,7,1525,27,2530,0,0,16,2225,18,916,16,3141,California
Glenn,2021-02-14,1,4056,0,1525,1,2531,0,0,1,2226,0,916,1,3142,California
Glenn,2021-02-15,8,4064,0,1525,8,2539,0,0,8,2234,0,916,8,3150,California
Glenn,2021-02-16,39,4103,9,1534,30,2569,0,0,21,2237,18,934,21,3171,California
Glenn,2021-02-17,380,4483,14,1548,366,2935,0,0,302,2461,78,1012,302,3473,California
Glenn,2021-02-18,134,4617,99,1647,35,2970,0,0,110,2547,24,1036,110,3583,California
Glenn,2021-02-19,303,4920,17,1664,286,3256,0,0,29,2302,274,1310,29,3612,California
Glenn,2021-02-20,8,4928,0,1664,8,3264,0,0,0,2294,8,1318,0,3612,California
Glenn,2021-02-21,1,4929,1,1665,0,3264,0,0,1,2295,0,1318,1,3613,California
Glenn,2021-02-22,33,4962,14,1679,19,3283,0,0,17,2296,16,1334,17,3630,California
Glenn,2021-02-23,40,5002,10,1689,30,3313,0,0,28,2312,12,1346,28,3658,California
Glenn,2021-02-24,243,5245,37,1726,206,3519,0,0,47,2163,196,1542,47,3705,California
Glenn,2021-02-25,234,5479,120,1846,114,3633,0,0,118,2165,116,1658,118,3823,California
Glenn,2021-02-26,304,5783,24,1870,280,3913,0,0,20,1902,283,1941,20,3843,California
Glenn,2021-02-27,15,5798,5,1875,10,3923,0,0,5,1898,9,1950,5,3848,California
Glenn,2021-02-28,6,5804,3,1878,3,3926,0,0,3,1899,2,1952,3,3851,California
Glenn,2021-03-01,28,5832,6,1884,22,3948,0,0,12,1895,16,1968,12,3863,California
Glenn,2021-03-02,35,5867,7,1891,28,3976,0,0,17,1894,18,1986,17,3880,California
Glenn,2021-03-03,192,6059,37,1928,155,4131,0,0,101,1906,89,2075,101,3981,California
Glenn,2021-03-04,521,6580,175,2103,346,4477,0,0,375,2135,146,2221,375,4356,California
Glenn,2021-03-05,357,6937,49,2152,308,4785,0,0,35,1848,322,2543,35,4391,California
Glenn,2021-03-06,26,6963,3,2155,22,4807,1,1,9,1841,17,2560,10,4401,California
Glenn,2021-03-07,5,6968,0,2155,5,4812,0,1,3,1843,1,2561,3,4404,California
Glenn,2021-03-08,20,6988,2,2157,17,4829,1,2,18,1860,2,2563,19,4423,California
Glenn,2021-03-09,82,7070,11,2168,68,4897,3,5,54,1888,28,2591,56,4479,California
Glenn,2021-03-10,172,7242,69,2237,101,4998,2,7,95,1908,77,2668,97,4576,California
Glenn,2021-03-11,583,7825,169,2406,391,5389,23,30,454,2256,129,2797,477,5053,California
Glenn,2021-03-12,418,8243,14,2420,342,5731,62,92,41,1982,377,3174,103,5156,California
Glenn,2021-03-13,12,8255,1,2421,3,5734,8,100,1,1980,11,3185,9,5165,California
Glenn,2021-03-14,3,8258,1,2422,2,5736,0,100,1,1979,2,3187,1,5166,California
Glenn,2021-03-15,76,8334,15,2437,56,5792,5,105,61,2030,15,3202,66,5232,California
Glenn,2021-03-16,110,8444,34,2471,65,5857,11,116,69,2069,41,3243,80,5312,California
Glenn,2021-03-17,417,8861,97,2568,313,6170,7,123,116,1889,301,3544,121,5433,California
Glenn,2021-03-18,521,9382,215,2783,50,6220,256,379,145,1913,376,3920,400,5833,California
Glenn,2021-03-19,96,9478,16,2799,74,6294,6,385,75,1974,20,3940,81,5914,California
Glenn,2021-03-20,132,9610,2,2801,129,6423,1,386,130,2103,2,3942,131,6045,California
Glenn,2021-03-21,6,9616,5,2806,0,6423,1,387,3,2105,2,3944,4,6049,California
Glenn,2021-03-22,123,9739,54,2860,61,6484,8,395,103,2198,18,3962,111,6160,California
Glenn,2021-03-23,176,9915,66,2926,59,6543,51,446,103,2280,72,4034,154,6314,California
Glenn,2021-03-24,208,10123,100,3026,103,6646,5,451,136,2350,71,4105,141,6455,California
Glenn,2021-03-25,470,10593,229,3255,147,6793,94,545,342,2659,127,4232,436,6891,California
Glenn,2021-03-26,237,10830,37,3292,164,6957,36,581,186,2830,51,4283,222,7113,California
Glenn,2021-03-27,166,10996,22,3314,138,7095,6,587,155,2980,11,4294,161,7274,California
Glenn,2021-03-28,15,11011,10,3324,5,7100,0,587,10,2985,5,4299,10,7284,California
Glenn,2021-03-29,61,11072,20,3344,38,7138,3,590,47,3021,14,4313,50,7334,California
Glenn,2021-03-30,75,11147,43,3387,31,7169,1,591,43,3035,30,4343,44,7378,California
Glenn,2021-03-31,125,11272,35,3422,89,7258,1,592,54,3020,70,4413,55,7433,California
Glenn,2021-04-01,656,11928,189,3611,458,7716,9,601,244,2863,410,4823,253,7686,California
Glenn,2021-04-02,169,12097,26,3637,131,7847,12,613,133,2972,36,4859,145,7831,California
Glenn,2021-04-03,95,12192,4,3641,84,7931,7,620,84,3052,11,4870,91,7922,California
Glenn,2021-04-04,9,12201,3,3644,4,7935,2,622,5,3055,4,4874,7,7929,California
Glenn,2021-04-05,65,12266,25,3669,27,7962,13,635,28,3059,37,4911,41,7970,California
Glenn,2021-04-06,144,12410,52,3721,53,8015,39,674,37,3028,106,5017,75,8045,California
Glenn,2021-04-07,160,12570,46,3767,60,8075,54,728,74,3070,86,5103,128,8173,California
Glenn,2021-04-08,641,13211,189,3956,418,8493,34,762,139,2743,500,5603,173,8346,California
Glenn,2021-04-09,158,13369,57,4013,85,8578,16,778,101,2804,57,5660,118,8464,California
Glenn,2021-04-10,74,13443,1,4014,61,8639,12,790,59,2861,14,5674,71,8535,California
Glenn,2021-04-11,17,13460,8,4022,4,8643,5,795,7,2863,10,5684,12,8547,California
Glenn,2021-04-12,114,13574,25,4047,60,8703,29,824,19,2816,95,5779,48,8595,California
Glenn,2021-04-13,118,13692,63,4110,55,8758,0,824,29,2757,88,5867,29,8624,California
Glenn,2021-04-14,123,13815,47,4157,76,8834,0,824,68,2770,55,5922,68,8692,California
Glenn,2021-04-15,362,14177,275,4432,87,8921,0,824,124,2656,238,6160,124,8816,California
Glenn,2021-04-16,166,14343,42,4474,124,9045,0,824,77,2644,89,6249,77,8893,California
Glenn,2021-04-17,165,14508,18,4492,147,9192,0,824,26,2538,132,6381,26,8919,California
Glenn,2021-04-18,16,14524,3,4495,13,9205,0,824,13,2548,3,6384,13,8932,California
Glenn,2021-04-19,83,14607,17,4512,66,9271,0,824,22,2510,60,6444,22,8954,California
Glenn,2021-04-20,126,14733,82,4594,44,9315,0,824,53,2490,73,6517,53,9007,California
Glenn,2021-04-21,412,15145,309,4903,103,9418,0,824,280,2638,132,6649,280,9287,California
Glenn,2021-04-22,208,15353,48,4951,160,9578,0,824,33,2497,174,6823,33,9320,California
Glenn,2021-04-23,178,15531,24,4975,154,9732,0,824,40,2401,136,6959,40,9360,California
Glenn,2021-04-24,179,15710,32,5007,147,9879,0,824,30,2282,149,7108,30,9390,California
Glenn,2021-04-25,30,15740,18,5025,12,9891,0,824,22,2296,8,7116,22,9412,California
Glenn,2021-04-26,46,15786,11,5036,35,9926,0,824,18,2286,28,7144,18,9430,California
Glenn,2021-04-27,59,15845,46,5082,8,9934,5,829,30,2291,29,7173,34,9464,California
Glenn,2021-04-28,260,16105,182,5264,67,10001,11,840,127,2300,129,7302,138,9602,California
Glenn,2021-04-29,181,16286,22,5286,157,10158,2,842,35,2191,146,7448,37,9639,California
Glenn,2021-04-30,156,16442,35,5321,119,10277,2,844,38,2113,118,7566,40,9679,California
Glenn,2021-05-01,108,16550,13,5334,94,10371,1,845,26,2058,82,7648,27,9706,California
Glenn,2021-05-02,30,16580,12,5346,9,10380,9,854,15,2067,15,7663,24,9730,California
Glenn,2021-05-03,36,16616,23,5369,12,10392,1,855,14,2060,22,7685,15,9745,California
Glenn,2021-05-04,57,16673,33,5402,19,10411,5,860,28,2064,29,7714,33,9778,California
Glenn,2021-05-05,122,16795,35,5437,77,10488,10,870,51,2054,71,7785,61,9839,California
Glenn,2021-05-06,106,16901,41,5478,60,10548,5,875,40,2033,66,7851,45,9884,California
Glenn,2021-05-07,120,17021,33,5511,78,10626,9,884,31,1985,88,7939,40,9924,California
Glenn,2021-05-08,66,17087,12,5523,50,10676,4,888,21,1966,44,7983,25,9949,California
Glenn,2021-05-09,17,17104,11,5534,6,10682,0,888,13,1975,4,7987,13,9962,California
Glenn,2021-05-10,37,17141,15,5549,17,10699,5,893,15,1973,22,8009,20,9982,California
Glenn,2021-05-11,76,17217,53,5602,14,10713,9,902,16,1938,60,8069,25,10007,California
Glenn,2021-05-12,327,17544,246,5848,67,10780,14,916,45,1715,282,8351,59,10066,California
Glenn,2021-05-13,151,17695,56,5904,77,10857,18,934,65,1712,86,8437,83,10149,California
Glenn,2021-05-14,106,17801,25,5929,76,10933,5,939,42,1695,64,8501,47,10196,California
Glenn,2021-05-15,68,17869,40,5969,25,10958,3,942,35,1700,32,8533,37,10233,California
Glenn,2021-05-16,30,17899,18,5987,12,10970,0,942,9,1688,21,8554,9,10242,California
Glenn,2021-05-17,78,17977,53,6040,21,10991,4,946,53,1720,25,8579,57,10299,California
Glenn,2021-05-18,65,18042,47,6087,13,11004,5,951,21,1702,44,8623,26,10325,California
Glenn,2021-05-19,193,18235,112,6199,69,11073,12,963,71,1663,121,8744,82,10407,California
Glenn,2021-05-20,111,18346,70,6269,39,11112,2,965,79,1712,32,8776,81,10488,California
Glenn,2021-05-21,66,18412,23,6292,43,11155,0,965,29,1704,37,8813,29,10517,California
Glenn,2021-05-22,48,18460,17,6309,31,11186,0,965,23,1702,25,8838,23,10540,California
Glenn,2021-05-23,25,18485,14,6323,11,11197,0,965,11,1700,13,8851,11,10551,California
Glenn,2021-05-24,34,18519,12,6335,17,11214,5,970,13,1698,20,8871,18,10569,California
Glenn,2021-05-25,48,18567,37,6372,9,11223,2,972,25,1702,23,8894,27,10596,California
Glenn,2021-05-26,75,18642,14,6386,57,11280,4,976,26,1683,49,8943,30,10626,California
Glenn,2021-05-27,97,18739,62,6448,34,11314,1,977,44,1677,51,8994,45,10671,California
Glenn,2021-05-28,59,18798,19,6467,34,11348,6,983,30,1685,28,9022,36,10707,California
Glenn,2021-05-29,46,18844,10,6477,32,11380,4,987,19,1681,27,9049,23,10730,California
Glenn,2021-05-30,9,18853,0,6477,9,11389,0,987,2,1676,7,9056,2,10732,California
Humboldt,2020-12-15,2,2,2,2,0,0,0,0,2,2,0,0,2,2,California
Humboldt,2020-12-16,16,18,16,18,0,0,0,0,16,18,0,0,16,18,California
Humboldt,2020-12-17,117,135,117,135,0,0,0,0,117,135,0,0,117,135,California
Humboldt,2020-12-18,177,312,177,312,0,0,0,0,177,312,0,0,177,312,California
Humboldt,2020-12-19,10,322,10,322,0,0,0,0,10,322,0,0,10,322,California
Humboldt,2020-12-20,28,350,28,350,0,0,0,0,28,350,0,0,28,350,California
Humboldt,2020-12-21,166,516,166,516,0,0,0,0,166,516,0,0,166,516,California
Humboldt,2020-12-22,297,813,297,813,0,0,0,0,297,813,0,0,297,813,California
Humboldt,2020-12-23,311,1124,263,1076,48,48,0,0,313,1126,0,0,313,1126,California
Humboldt,2020-12-24,25,1149,2,1078,23,71,0,0,25,1151,0,0,25,1151,California
Humboldt,2020-12-25,2,1151,2,1080,0,71,0,0,2,1153,0,0,2,1153,California
Humboldt,2020-12-26,6,1157,5,1085,1,72,0,0,6,1159,0,0,6,1159,California
Humboldt,2020-12-28,160,1317,148,1233,12,84,0,0,160,1319,0,0,160,1319,California
Humboldt,2020-12-29,171,1488,123,1356,48,132,0,0,171,1490,0,0,171,1490,California
Humboldt,2020-12-30,226,1714,124,1480,102,234,0,0,226,1716,0,0,226,1716,California
Humboldt,2020-12-31,241,1955,79,1559,162,396,0,0,241,1957,0,0,241,1957,California
Humboldt,2021-01-01,2,1957,1,1560,1,397,0,0,2,1959,0,0,2,1959,California
Humboldt,2021-01-02,38,1995,1,1561,37,434,0,0,38,1997,0,0,38,1997,California
Humboldt,2021-01-04,218,2213,142,1703,76,510,0,0,220,2217,0,0,220,2217,California
Humboldt,2021-01-05,130,2343,18,1721,112,622,0,0,130,2346,1,1,130,2347,California
Humboldt,2021-01-06,304,2647,205,1926,99,721,0,0,231,2516,61,62,231,2578,California
Humboldt,2021-01-07,423,3070,311,2237,112,833,0,0,309,2726,99,161,309,2887,California
Humboldt,2021-01-08,420,3490,281,2518,139,972,0,0,283,2878,131,292,283,3170,California
Humboldt,2021-01-09,69,3559,45,2563,24,996,0,0,66,2942,3,295,67,3237,California
Humboldt,2021-01-10,84,3643,84,2647,0,996,0,0,4,2866,80,375,4,3241,California
Humboldt,2021-01-11,289,3932,278,2925,11,1007,0,0,72,2725,213,588,72,3313,California
Humboldt,2021-01-12,483,4415,320,3245,163,1170,0,0,299,2862,162,750,299,3612,California
Humboldt,2021-01-13,493,4908,278,3523,215,1385,0,0,315,3003,175,925,316,3928,California
Humboldt,2021-01-14,525,5433,166,3689,359,1744,0,0,469,3417,56,981,470,4398,California
Humboldt,2021-01-15,375,5808,39,3728,336,2080,0,0,358,3758,17,998,358,4756,California
Humboldt,2021-01-16,170,5978,6,3734,164,2244,0,0,169,3926,1,999,169,4925,California
Humboldt,2021-01-17,6,5984,4,3738,2,2246,0,0,6,3932,0,999,6,4931,California
Humboldt,2021-01-18,295,6279,260,3998,35,2281,0,0,145,3927,150,1149,145,5076,California
Humboldt,2021-01-19,634,6913,390,4388,244,2525,0,0,507,4313,121,1270,507,5583,California
Humboldt,2021-01-20,899,7812,387,4775,512,3037,0,0,750,4924,141,1411,752,6335,California
Humboldt,2021-01-21,959,8771,261,5036,698,3735,0,0,917,5799,42,1453,917,7252,California
Humboldt,2021-01-22,676,9447,376,5412,300,4035,0,0,667,6458,9,1462,668,7920,California
Humboldt,2021-01-23,827,10274,273,5685,554,4589,0,0,818,7268,9,1471,819,8739,California
Humboldt,2021-01-24,229,10503,1,5686,228,4817,0,0,228,7495,1,1472,228,8967,California
Humboldt,2021-01-25,305,10808,233,5919,72,4889,0,0,149,7488,156,1628,149,9116,California
Humboldt,2021-01-26,527,11335,142,6061,385,5274,0,0,476,7913,51,1679,476,9592,California
Humboldt,2021-01-27,1260,12595,587,6648,673,5947,0,0,1193,9048,60,1739,1195,10787,California
Humboldt,2021-01-28,1457,14052,634,7282,823,6770,0,0,1320,10236,134,1873,1322,12109,California
Humboldt,2021-01-29,1148,15200,547,7829,601,7371,0,0,705,10499,443,2316,706,12815,California
Humboldt,2021-01-30,974,16174,456,8285,518,7889,0,0,961,11448,13,2329,962,13777,California
Humboldt,2021-01-31,315,16489,313,8598,2,7891,0,0,314,11761,1,2330,314,14091,California
Humboldt,2021-02-01,334,16823,192,8790,142,8033,0,0,187,11802,146,2476,187,14278,California
Humboldt,2021-02-02,445,17268,74,8864,371,8404,0,0,340,12042,102,2578,342,14620,California
Humboldt,2021-02-03,664,17932,258,9122,406,8810,0,0,512,12402,152,2730,512,15132,California
Humboldt,2021-02-04,639,18571,263,9385,376,9186,0,0,441,12648,195,2925,441,15573,California
Humboldt,2021-02-05,812,19383,94,9479,718,9904,0,0,625,13086,187,3112,625,16198,California
Humboldt,2021-02-06,1058,20441,447,9926,611,10515,0,0,1015,14060,42,3154,1016,17214,California
Humboldt,2021-02-07,379,20820,9,9935,370,10885,0,0,374,14431,4,3158,375,17589,California
Humboldt,2021-02-08,325,21145,142,10077,183,11068,0,0,184,14475,140,3298,184,17773,California
Humboldt,2021-02-09,494,21639,220,10297,274,11342,0,0,179,14339,315,3613,179,17952,California
Humboldt,2021-02-10,563,22202,370,10667,193,11535,0,0,233,14247,325,3938,233,18185,California
Humboldt,2021-02-11,1300,23502,396,11063,904,12439,0,0,502,13955,795,4733,503,18688,California
Humboldt,2021-02-12,1148,24650,737,11800,411,12850,0,0,707,14221,441,5174,707,19395,California
Humboldt,2021-02-13,1506,26156,557,12357,949,13799,0,0,915,14547,589,5763,915,20310,California
Humboldt,2021-02-14,112,26268,5,12362,107,13906,0,0,109,14654,2,5765,109,20419,California
Humboldt,2021-02-15,293,26561,78,12440,215,14121,0,0,196,14754,96,5861,196,20615,California
Humboldt,2021-02-16,535,27096,119,12559,416,14537,0,0,254,14728,281,6142,255,20870,California
Humboldt,2021-02-17,450,27546,278,12837,172,14709,0,0,134,14547,315,6457,134,21004,California
Humboldt,2021-02-18,971,28517,596,13433,375,15084,0,0,230,14038,739,7196,230,21234,California
Humboldt,2021-02-19,476,28993,434,13867,42,15126,0,0,89,13743,384,7580,89,21323,California
Humboldt,2021-02-20,1612,30605,988,14855,624,15750,0,0,475,13087,1134,8714,478,21801,California
Humboldt,2021-02-21,479,31084,471,15326,8,15758,0,0,182,12973,297,9011,183,21984,California
Humboldt,2021-02-22,129,31213,92,15418,37,15795,0,0,29,12904,98,9109,29,22013,California
Humboldt,2021-02-23,176,31389,71,15489,105,15900,0,0,41,12812,133,9242,41,22054,California
Humboldt,2021-02-24,1166,32555,706,16195,460,16360,0,0,587,12821,578,9820,587,22641,California
Humboldt,2021-02-25,834,33389,318,16513,516,16876,0,0,230,12449,602,10422,230,22871,California
Humboldt,2021-02-26,2147,35536,106,16619,2041,18917,0,0,448,11205,1693,12115,449,23320,California
Humboldt,2021-02-27,1696,37232,1078,17697,618,19535,0,0,870,11255,824,12939,874,24194,California
Humboldt,2021-02-28,122,37354,10,17707,112,19647,0,0,116,11365,6,12945,116,24310,California
Humboldt,2021-03-01,259,37613,47,17754,212,19859,0,0,184,11474,75,13020,184,24494,California
Humboldt,2021-03-02,293,37906,50,17804,243,20102,0,0,162,11505,131,13151,162,24656,California
Humboldt,2021-03-03,1664,39570,1100,18904,564,20666,0,0,1221,12290,437,13588,1222,25878,California
Humboldt,2021-03-04,904,40474,112,19016,792,21458,0,0,284,11956,620,14208,286,26164,California
Humboldt,2021-03-05,949,41423,188,19204,750,22208,11,11,392,11806,553,14761,403,26567,California
Humboldt,2021-03-06,1700,43123,842,20046,809,23017,49,60,715,11586,984,15745,764,27331,California
Humboldt,2021-03-07,365,43488,296,20342,51,23068,18,78,157,11553,208,15953,175,27506,California
Humboldt,2021-03-08,277,43765,7,20349,192,23260,78,156,183,11720,94,16047,261,27767,California
Humboldt,2021-03-09,493,44258,211,20560,134,23394,148,304,240,11856,251,16298,387,28154,California
Humboldt,2021-03-10,690,44948,466,21026,70,23464,154,458,421,12161,268,16566,573,28727,California
Humboldt,2021-03-11,1465,46413,461,21487,904,24368,100,558,642,12084,818,17384,741,29468,California
Humboldt,2021-03-12,1748,48161,1084,22571,442,24810,222,780,1055,12680,685,18069,1281,30749,California
Humboldt,2021-03-13,1572,49733,1024,23595,496,25306,52,832,676,12518,890,18959,728,31477,California
Humboldt,2021-03-14,143,49876,19,23614,115,25421,9,841,29,12442,114,19073,38,31515,California
Humboldt,2021-03-15,278,50154,51,23665,206,25627,21,862,59,12303,219,19292,80,31595,California
Humboldt,2021-03-16,638,50792,201,23866,176,25803,261,1123,262,12449,375,19667,521,32116,California
Humboldt,2021-03-17,732,51524,396,24262,228,26031,108,1231,340,12506,391,20058,448,32564,California
Humboldt,2021-03-18,1735,53259,1165,25427,527,26558,43,1274,1039,12897,691,20749,1082,33646,California
Humboldt,2021-03-19,1075,54334,60,25487,701,27259,314,1588,440,13018,632,21381,753,34399,California
Humboldt,2021-03-20,1379,55713,753,26240,612,27871,14,1602,425,12506,952,22333,440,34839,California
Humboldt,2021-03-21,249,55962,32,26272,188,28059,29,1631,204,12693,45,22378,232,35071,California
Humboldt,2021-03-22,119,56081,16,26288,53,28112,50,1681,62,12750,55,22433,112,35183,California
Humboldt,2021-03-23,412,56493,42,26330,327,28439,43,1724,319,13021,91,22524,362,35545,California
Humboldt,2021-03-24,1415,57908,389,26719,978,29417,48,1772,1038,13737,369,22893,1085,36630,California
Humboldt,2021-03-25,1836,59744,1210,27929,564,29981,62,1834,947,13859,887,23780,1009,37639,California
Humboldt,2021-03-26,2041,61785,437,28366,1547,31528,57,1891,1594,15068,441,24221,1650,39289,California
Humboldt,2021-03-27,2023,63808,1447,29813,405,31933,171,2062,1148,15517,871,25092,1320,40609,California
Humboldt,2021-03-28,266,64074,81,29894,114,32047,71,2133,85,15493,181,25273,157,40766,California
Humboldt,2021-03-29,472,64546,127,30021,249,32296,96,2229,202,15521,269,25542,297,41063,California
Humboldt,2021-03-30,942,65488,304,30325,524,32820,114,2343,561,15819,376,25918,674,41737,California
Humboldt,2021-03-31,1865,67353,521,30846,1248,34068,96,2439,1411,16877,451,26369,1509,43246,California
Humboldt,2021-04-01,2110,69463,705,31551,1311,35379,94,2533,1479,17827,624,26993,1574,44820,California
Humboldt,2021-04-02,1726,71189,1111,32662,510,35889,105,2638,622,17455,1099,28092,727,45547,California
Humboldt,2021-04-03,1668,72857,1508,34170,145,36034,15,2653,672,17156,986,29078,687,46234,California
Humboldt,2021-04-04,484,73341,371,34541,104,36138,9,2662,405,17492,79,29157,415,46649,California
Humboldt,2021-04-05,775,74116,461,35002,266,36404,48,2710,441,17649,332,29489,489,47138,California
Humboldt,2021-04-06,843,74959,319,35321,390,36794,134,2844,588,18122,249,29738,722,47860,California
Humboldt,2021-04-07,1492,76451,1061,36382,291,37085,140,2984,988,18748,502,30240,1128,48988,California
Humboldt,2021-04-08,1742,78193,1091,37473,493,37578,158,3142,739,18647,1001,31241,900,49888,California
Humboldt,2021-04-09,1440,79633,438,37911,847,38425,155,3297,1152,19659,288,31529,1300,51188,California
Humboldt,2021-04-10,935,80568,138,38049,621,39046,176,3473,734,20368,199,31728,908,52096,California
Humboldt,2021-04-11,640,81208,138,38187,35,39081,467,3940,127,20449,513,32241,594,52690,California
Humboldt,2021-04-12,432,81640,224,38411,83,39164,125,4065,274,20690,158,32399,399,53089,California
Humboldt,2021-04-13,584,82224,321,38732,260,39424,3,4068,550,21211,31,32430,552,53641,California
Humboldt,2021-04-14,1428,83652,1032,39764,396,39820,0,4068,1315,22415,111,32541,1315,54956,California
Humboldt,2021-04-15,1817,85469,1196,40960,617,40437,4,4072,1249,23116,550,33091,1251,56207,California
Humboldt,2021-04-16,1124,86593,520,41480,604,41041,0,4072,538,23072,582,33673,538,56745,California
Humboldt,2021-04-17,1602,88195,1279,42759,323,41364,0,4072,1009,23494,587,34260,1009,57754,California
Humboldt,2021-04-18,657,88852,344,43103,312,41676,1,4073,94,23031,557,34817,94,57848,California
Humboldt,2021-04-19,198,89050,84,43187,114,41790,0,4073,83,23001,113,34930,83,57931,California
Humboldt,2021-04-20,477,89527,129,43316,348,42138,0,4073,231,22987,245,35175,231,58162,California
Humboldt,2021-04-21,1090,90617,380,43696,710,42848,0,4073,429,22766,651,35826,430,58592,California
Humboldt,2021-04-22,877,91494,524,44220,351,43199,2,4075,442,22775,433,36259,442,59034,California
Humboldt,2021-04-23,2157,93651,304,44524,1853,45052,0,4075,312,21246,1841,38100,312,59346,California
Humboldt,2021-04-24,1085,94736,880,45404,200,45252,5,4080,362,20892,721,38821,367,59713,California
Humboldt,2021-04-25,374,95110,239,45643,135,45387,0,4080,190,20901,181,39002,190,59903,California
Humboldt,2021-04-26,307,95417,213,45856,90,45477,4,4084,87,20772,218,39220,89,59992,California
Humboldt,2021-04-27,705,96122,227,46083,460,45937,18,4102,144,20375,559,39779,162,60154,California
Humboldt,2021-04-28,1540,97662,796,46879,699,46636,45,4147,399,19680,1139,40918,444,60598,California
Humboldt,2021-04-29,1723,99385,578,47457,1107,47743,38,4185,279,18557,1440,42358,317,60915,California
Humboldt,2021-04-30,1252,100637,395,47852,823,48566,34,4219,197,17737,1049,43407,229,61144,California
Humboldt,2021-05-01,460,101097,379,48231,59,48625,22,4241,283,17866,176,43583,305,61449,California
Humboldt,2021-05-02,227,101324,182,48413,36,48661,9,4250,113,17876,113,43696,123,61572,California
Humboldt,2021-05-03,609,101933,376,48789,209,48870,24,4274,97,17488,510,44206,122,61694,California
Humboldt,2021-05-04,820,102753,482,49271,292,49162,46,4320,248,17212,569,44775,293,61987,California
Humboldt,2021-05-05,1685,104438,1075,50346,553,49715,57,4377,179,15947,1499,46274,234,62221,California
Humboldt,2021-05-06,1689,106127,1073,51419,364,50079,252,4629,138,14790,1548,47822,391,62612,California
Humboldt,2021-05-07,1422,107549,305,51724,1058,51137,59,4688,237,13901,1183,49005,294,62906,California
Humboldt,2021-05-08,740,108289,146,51870,571,51708,23,4711,91,13368,647,49652,114,63020,California
Humboldt,2021-05-09,907,109196,855,52725,42,51750,10,4721,48,12567,859,50511,58,63078,California
Humboldt,2021-05-10,214,109410,36,52761,140,51890,38,4759,81,12553,133,50644,119,63197,California
Humboldt,2021-05-11,490,109900,147,52908,272,52162,71,4830,184,12502,306,50950,255,63452,California
Humboldt,2021-05-12,577,110477,122,53030,413,52575,42,4872,203,12374,373,51323,245,63697,California
Humboldt,2021-05-13,500,110977,239,53269,236,52811,25,4897,209,12319,289,51612,234,63931,California
Humboldt,2021-05-14,688,111665,134,53403,451,53262,103,5000,227,12190,458,52070,329,64260,California
Humboldt,2021-05-15,780,112445,641,54044,131,53393,8,5008,209,11837,570,52640,217,64477,California
Humboldt,2021-05-16,128,112573,57,54101,67,53460,4,5012,73,11859,55,52695,77,64554,California
Humboldt,2021-05-17,395,112968,213,54314,160,53620,22,5034,220,11927,173,52868,241,64795,California
Humboldt,2021-05-18,659,113627,327,54641,303,53923,29,5063,367,12032,291,53159,396,65191,California
Humboldt,2021-05-19,949,114576,528,55169,378,54301,43,5106,336,11800,609,53768,377,65568,California
Humboldt,2021-05-20,691,115267,517,55686,161,54462,13,5119,516,12158,172,53940,530,66098,California
Humboldt,2021-05-21,763,116030,218,55904,484,54946,61,5180,296,12048,467,54407,357,66455,California
Humboldt,2021-05-22,350,116380,268,56172,74,55020,8,5188,101,11909,248,54655,109,66564,California
Humboldt,2021-05-23,344,116724,297,56469,44,55064,3,5191,58,11684,286,54941,61,66625,California
Humboldt,2021-05-24,309,117033,167,56636,113,55177,29,5220,181,11768,126,55067,210,66835,California
Humboldt,2021-05-25,536,117569,354,56990,158,55335,24,5244,310,11879,223,55290,334,67169,California
Humboldt,2021-05-26,628,118197,312,57302,293,55628,23,5267,303,11880,325,55615,326,67495,California
Humboldt,2021-05-27,446,118643,237,57539,176,55804,33,5300,276,12019,170,55785,309,67804,California
Humboldt,2021-05-28,383,119026,181,57720,158,55962,44,5344,163,12006,220,56005,207,68011,California
Humboldt,2021-05-29,159,119185,96,57816,61,56023,2,5346,93,12035,66,56071,95,68106,California
Humboldt,2021-05-30,11,119196,1,57817,9,56032,1,5347,6,12037,5,56076,7,68113,California
Imperial,2020-12-16,1,1,1,1,0,0,0,0,1,1,0,0,1,1,California
Imperial,2020-12-17,5,6,5,6,0,0,0,0,5,6,0,0,5,6,California
Imperial,2020-12-18,12,18,12,18,0,0,0,0,12,18,0,0,12,18,California
Imperial,2020-12-20,2,20,2,20,0,0,0,0,2,20,0,0,2,20,California
Imperial,2020-12-21,186,206,186,206,0,0,0,0,186,206,0,0,186,206,California
Imperial,2020-12-22,241,447,239,445,2,2,0,0,241,447,0,0,241,447,California
Imperial,2020-12-23,211,658,210,655,1,3,0,0,210,657,0,0,210,657,California
Imperial,2020-12-24,5,663,5,660,0,3,0,0,5,662,0,0,5,662,California
Imperial,2020-12-26,1,664,0,660,1,4,0,0,1,663,0,0,1,663,California
Imperial,2020-12-27,62,726,0,660,62,66,0,0,62,725,0,0,62,725,California
Imperial,2020-12-28,214,940,114,774,100,166,0,0,214,939,0,0,214,939,California
Imperial,2020-12-29,189,1129,36,810,153,319,0,0,189,1128,0,0,189,1128,California
Imperial,2020-12-30,366,1495,50,860,316,635,0,0,366,1494,0,0,366,1494,California
Imperial,2020-12-31,197,1692,26,886,171,806,0,0,197,1691,0,0,197,1691,California
Imperial,2021-01-01,47,1739,5,891,42,848,0,0,47,1738,0,0,47,1738,California
Imperial,2021-01-02,4,1743,0,891,4,852,0,0,4,1742,0,0,4,1742,California
Imperial,2021-01-03,90,1833,0,891,90,942,0,0,90,1832,0,0,90,1832,California
Imperial,2021-01-04,85,1918,5,896,80,1022,0,0,85,1917,0,0,85,1917,California
Imperial,2021-01-05,174,2092,14,910,160,1182,0,0,174,2091,0,0,174,2091,California
Imperial,2021-01-06,190,2282,25,935,165,1347,0,0,189,2279,1,1,189,2280,California
Imperial,2021-01-07,323,2605,11,946,312,1659,0,0,319,2594,4,5,319,2599,California
Imperial,2021-01-08,192,2797,52,998,140,1799,0,0,182,2766,10,15,182,2781,California
Imperial,2021-01-09,24,2821,21,1019,3,1802,0,0,24,2790,0,15,24,2805,California
Imperial,2021-01-10,1,2822,0,1019,1,1803,0,0,1,2791,0,15,1,2806,California
Imperial,2021-01-11,403,3225,244,1263,159,1962,0,0,175,2738,228,243,175,2981,California
Imperial,2021-01-12,404,3629,302,1565,102,2064,0,0,142,2619,261,504,142,3123,California
Imperial,2021-01-13,379,4008,133,1698,246,2310,0,0,280,2800,99,603,280,3403,California
Imperial,2021-01-14,261,4269,151,1849,110,2420,0,0,255,3050,5,608,255,3658,California
Imperial,2021-01-15,241,4510,182,2031,59,2479,0,0,234,3277,7,615,234,3892,California
Imperial,2021-01-16,78,4588,74,2105,4,2483,0,0,77,3353,1,616,77,3969,California
Imperial,2021-01-17,10,4598,2,2107,8,2491,0,0,10,3363,0,616,10,3979,California
Imperial,2021-01-18,1058,5656,399,2506,659,3150,0,0,960,4226,98,714,961,4940,California
Imperial,2021-01-19,165,5821,129,2635,36,3186,0,0,118,4297,47,761,118,5058,California
Imperial,2021-01-20,293,6114,196,2831,97,3283,0,0,255,4514,38,799,255,5313,California
Imperial,2021-01-21,416,6530,183,3014,233,3516,0,0,396,4890,20,819,396,5709,California
Imperial,2021-01-22,457,6987,189,3203,268,3784,0,0,448,5329,9,828,448,6157,California
Imperial,2021-01-23,1040,8027,290,3493,750,4534,0,0,1039,6367,1,829,1039,7196,California
Imperial,2021-01-24,11,8038,4,3497,7,4541,0,0,11,6378,0,829,11,7207,California
Imperial,2021-01-25,214,8252,5,3502,209,4750,0,0,34,6234,178,1007,34,7241,California
Imperial,2021-01-26,364,8616,185,3687,179,4929,0,0,221,6312,143,1150,221,7462,California
Imperial,2021-01-27,570,9186,162,3849,408,5337,0,0,237,6216,333,1483,237,7699,California
Imperial,2021-01-28,635,9821,160,4009,475,5812,0,0,527,6635,108,1591,527,8226,California
Imperial,2021-01-29,425,10246,296,4305,129,5941,0,0,375,6960,50,1641,375,8601,California
Imperial,2021-01-30,56,10302,31,4336,25,5966,0,0,39,6982,17,1658,39,8640,California
Imperial,2021-01-31,17,10319,7,4343,10,5976,0,0,16,6997,1,1659,16,8656,California
Imperial,2021-02-01,422,10741,55,4398,367,6343,0,0,211,6999,209,1868,211,8867,California
Imperial,2021-02-02,684,11425,56,4454,628,6971,0,0,503,7321,181,2049,503,9370,California
Imperial,2021-02-03,459,11884,51,4505,408,7379,0,0,263,7389,195,2244,263,9633,California
Imperial,2021-02-04,1722,13606,1200,5705,522,7901,0,0,1407,8483,313,2557,1407,11040,California
Imperial,2021-02-05,391,13997,243,5948,148,8049,0,0,157,8405,235,2792,157,11197,California
Imperial,2021-02-06,862,14859,837,6785,25,8074,0,0,826,9194,37,2829,826,12023,California
Imperial,2021-02-07,21,14880,9,6794,12,8086,0,0,20,9213,1,2830,20,12043,California
Imperial,2021-02-08,249,15129,42,6836,207,8293,0,0,181,9326,68,2898,181,12224,California
Imperial,2021-02-09,464,15593,147,6983,317,8610,0,0,306,9474,158,3056,306,12530,California
Imperial,2021-02-10,459,16052,56,7039,403,9013,0,0,96,9208,363,3419,97,12627,California
Imperial,2021-02-11,1024,17076,367,7406,657,9670,0,0,146,8481,873,4292,146,12773,California
Imperial,2021-02-12,2131,19207,1410,8816,721,10391,0,0,1781,9910,353,4645,1782,14555,California
Imperial,2021-02-13,47,19254,18,8834,29,10420,0,0,42,9945,8,4653,43,14598,California
Imperial,2021-02-14,24,19278,12,8846,12,10432,0,0,21,9963,3,4656,21,14619,California
Imperial,2021-02-15,95,19373,11,8857,84,10516,0,0,84,10036,11,4667,84,14703,California
Imperial,2021-02-16,514,19887,267,9124,247,10763,0,0,293,10108,221,4888,293,14996,California
Imperial,2021-02-17,439,20326,285,9409,154,10917,0,0,83,9835,356,5244,83,15079,California
Imperial,2021-02-18,646,20972,308,9717,338,11255,0,0,140,9470,505,5749,140,15219,California
Imperial,2021-02-19,770,21742,383,10100,387,11642,0,0,195,9091,574,6323,195,15414,California
Imperial,2021-02-20,1041,22783,191,10291,850,12492,0,0,327,8708,712,7035,329,15743,California
Imperial,2021-02-21,591,23374,557,10848,34,12526,0,0,580,9278,10,7045,580,16323,California
Imperial,2021-02-22,806,24180,567,11415,239,12765,0,0,757,9986,49,7094,757,17080,California
Imperial,2021-02-23,963,25143,395,11810,568,13333,0,0,908,10840,55,7149,909,17989,California
Imperial,2021-02-24,719,25862,302,12112,417,13750,0,0,622,11366,96,7245,622,18611,California
Imperial,2021-02-25,857,26719,341,12453,516,14266,0,0,487,11489,369,7614,492,19103,California
Imperial,2021-02-26,2277,28996,1351,13804,926,15192,0,0,1800,12814,476,8090,1801,20904,California
Imperial,2021-02-27,867,29863,812,14616,55,15247,0,0,131,12208,738,8828,132,21036,California
Imperial,2021-02-28,32,29895,20,14636,12,15259,0,0,22,12220,10,8838,22,21058,California
Imperial,2021-03-01,503,30398,297,14933,203,15462,3,3,434,12592,66,8904,438,21496,California
Imperial,2021-03-02,678,31076,246,15179,432,15894,0,3,387,12692,289,9193,389,21885,California
Imperial,2021-03-03,927,32003,49,15228,877,16771,1,4,558,12896,366,9559,570,22455,California
Imperial,2021-03-04,756,32759,85,15313,670,17441,1,5,493,13158,261,9820,523,22978,California
Imperial,2021-03-05,3028,35787,2201,17514,827,18268,0,5,1688,13505,1343,11163,1690,24668,California
Imperial,2021-03-06,704,36491,238,17752,466,18734,0,5,659,14126,42,11205,663,25331,California
Imperial,2021-03-07,85,36576,41,17793,44,18778,0,5,60,14163,24,11229,61,25392,California
Imperial,2021-03-08,415,36991,331,18124,49,18827,35,40,362,14508,52,11281,397,25789,California
Imperial,2021-03-09,682,37673,311,18435,124,18951,247,287,398,14868,284,11565,644,26433,California
Imperial,2021-03-10,685,38358,313,18748,267,19218,105,392,322,14933,362,11927,427,26860,California
Imperial,2021-03-11,1794,40152,479,19227,1123,20341,192,584,1192,15729,599,12526,1395,28255,California
Imperial,2021-03-12,4736,44888,3441,22668,1108,21449,187,771,3043,17271,1688,14214,3230,31485,California
Imperial,2021-03-13,1157,46045,94,22762,838,22287,225,996,861,18069,293,14507,1091,32576,California
Imperial,2021-03-14,176,46221,36,22798,126,22413,14,1010,140,18188,36,14543,155,32731,California
Imperial,2021-03-15,687,46908,227,23025,201,22614,259,1269,390,18542,295,14838,649,33380,California
Imperial,2021-03-16,1102,48010,275,23300,360,22974,467,1736,551,19010,549,15387,1017,34397,California
Imperial,2021-03-17,1600,49610,692,23992,771,23745,137,1873,1014,19584,578,15965,1152,35549,California
Imperial,2021-03-18,1805,51415,1193,25185,552,24297,60,1933,1271,20386,531,16496,1333,36882,California
Imperial,2021-03-19,3743,55158,2745,27930,994,25291,4,1937,1887,20430,1848,18344,1892,38774,California
Imperial,2021-03-20,1762,56920,553,28483,1204,26495,5,1942,1314,21313,442,18786,1325,40099,California
Imperial,2021-03-21,217,57137,35,28518,178,26673,4,1946,159,21422,58,18844,167,40266,California
Imperial,2021-03-22,1047,58184,339,28857,701,27374,7,1953,622,21629,424,19268,631,40897,California
Imperial,2021-03-23,1422,59606,436,29293,979,28353,7,1960,921,22061,497,19765,929,41826,California
Imperial,2021-03-24,2128,61734,565,29858,1138,29491,425,2385,1152,22664,973,20738,1576,43402,California
Imperial,2021-03-25,3198,64932,690,30548,889,30380,1619,4004,1198,23477,1994,22732,2807,46209,California
Imperial,2021-03-26,3175,68107,1173,31721,1024,31404,978,4982,905,23100,2259,24991,1882,48091,California
Imperial,2021-03-27,614,68721,284,32005,278,31682,52,5034,446,23433,165,25156,498,48589,California
Imperial,2021-03-28,210,68931,51,32056,157,31839,2,5036,172,23570,37,25193,174,48763,California
Imperial,2021-03-29,1456,70387,348,32404,393,32232,715,5751,320,23470,1134,26327,1034,49797,California
Imperial,2021-03-30,2085,72472,686,33090,593,32825,806,6557,683,23558,1402,27729,1490,51287,California
Imperial,2021-03-31,1542,74014,728,33818,808,33633,6,6563,1022,24068,517,28246,1027,52314,California
Imperial,2021-04-01,2026,76040,421,34239,1362,34995,243,6806,871,24031,1149,29395,1112,53426,California
Imperial,2021-04-02,1930,77970,475,34714,1381,36376,74,6880,1318,24814,607,30002,1390,54816,California
Imperial,2021-04-03,1519,79489,430,35144,1010,37386,79,6959,702,24781,814,30816,781,55597,California
Imperial,2021-04-04,85,79574,40,35184,28,37414,17,6976,23,24759,62,30878,40,55637,California
Imperial,2021-04-05,3399,82973,2319,37503,915,38329,165,7141,805,23145,2584,33462,970,56607,California
Imperial,2021-04-06,1309,84282,527,38030,592,38921,190,7331,682,23395,623,34085,873,57480,California
Imperial,2021-04-07,2159,86441,555,38585,1227,40148,377,7708,1558,24725,606,34691,1936,59416,California
Imperial,2021-04-08,2202,88643,1077,39662,828,40976,297,8005,1068,24963,1131,35822,1369,60785,California
Imperial,2021-04-09,3202,91845,1657,41319,928,41904,617,8622,1500,25393,1696,37518,2126,62911,California
Imperial,2021-04-10,1279,93124,184,41503,822,42726,273,8895,215,24816,1062,38580,485,63396,California
Imperial,2021-04-11,219,93343,30,41533,157,42883,32,8927,75,24779,144,38724,107,63503,California
Imperial,2021-04-12,1436,94779,767,42300,448,43331,221,9148,814,25197,617,39341,1035,64538,California
Imperial,2021-04-13,2903,97682,1891,44191,1010,44341,2,9150,2026,26350,873,40214,2026,66564,California
Imperial,2021-04-14,2023,99705,944,45135,1079,45420,0,9150,1391,27116,626,40840,1392,67956,California
Imperial,2021-04-15,1977,101682,908,46043,1069,46489,0,9150,1354,27853,619,41459,1356,69312,California
Imperial,2021-04-16,3442,105124,1795,47838,1647,48136,0,9150,2150,28726,1278,42737,2151,71463,California
Imperial,2021-04-17,1816,106940,933,48771,881,49017,2,9152,1417,29752,394,43131,1420,72883,California
Imperial,2021-04-18,253,107193,71,48842,182,49199,0,9152,88,29677,163,43294,88,72971,California
Imperial,2021-04-19,837,108030,267,49109,570,49769,0,9152,467,29781,367,43661,471,73442,California
Imperial,2021-04-20,1321,109351,528,49637,793,50562,0,9152,738,29940,580,44241,739,74181,California
Imperial,2021-04-21,1372,110723,338,49975,1034,51596,0,9152,797,30167,570,44811,797,74978,California
Imperial,2021-04-22,2212,112935,806,50781,1406,53002,0,9152,1509,30985,693,45504,1511,76489,California
Imperial,2021-04-23,2802,115737,533,51314,2269,55271,0,9152,1083,30382,1690,47194,1087,77576,California
Imperial,2021-04-24,549,116286,326,51640,223,55494,0,9152,199,30234,347,47541,199,77775,California
Imperial,2021-04-25,264,116550,97,51737,167,55661,0,9152,134,30240,128,47669,134,77909,California
Imperial,2021-04-26,1159,117709,460,52197,695,56356,4,9156,685,30460,468,48137,688,78597,California
Imperial,2021-04-27,1047,118756,342,52539,695,57051,10,9166,530,30487,512,48649,539,79136,California
Imperial,2021-04-28,1486,120242,645,53184,812,57863,29,9195,673,30381,808,49457,702,79838,California
Imperial,2021-04-29,1810,122052,857,54041,907,58770,46,9241,810,30247,991,50448,857,80695,California
Imperial,2021-04-30,3214,125266,1672,55713,1509,60279,33,9274,1568,30215,1634,52082,1602,82297,California
Imperial,2021-05-01,316,125582,124,55837,189,60468,3,9277,160,30223,156,52238,164,82461,California
Imperial,2021-05-02,83,125665,25,55862,56,60524,2,9279,51,30245,32,52270,54,82515,California
Imperial,2021-05-03,1621,127286,542,56404,1032,61556,47,9326,372,29426,1239,53509,420,82935,California
Imperial,2021-05-04,1746,129032,954,57358,765,62321,27,9353,531,28779,1205,54714,558,83493,California
Imperial,2021-05-05,1504,130536,891,58249,592,62913,21,9374,440,28189,1052,55766,462,83955,California
Imperial,2021-05-06,1673,132209,1107,59356,529,63442,37,9411,536,27631,1131,56897,573,84528,California
Imperial,2021-05-07,2373,134582,1344,60700,984,64426,45,9456,833,26987,1525,58422,881,85409,California
Imperial,2021-05-08,555,135137,416,61116,131,64557,8,9464,160,26767,388,58810,168,85577,California
Imperial,2021-05-09,94,135231,63,61179,30,64587,1,9465,28,26733,63,58873,29,85606,California
Imperial,2021-05-10,1086,136317,278,61457,685,65272,123,9588,322,26420,757,59630,444,86050,California
Imperial,2021-05-11,1397,137714,456,61913,922,66194,19,9607,473,26001,915,60545,496,86546,California
Imperial,2021-05-12,832,138546,265,62178,529,66723,38,9645,283,25780,542,61087,321,86867,California
Imperial,2021-05-13,1497,140043,945,63123,481,67204,71,9716,636,25635,852,61939,707,87574,California
Imperial,2021-05-14,1723,141766,955,64078,716,67920,52,9768,1133,26240,580,62519,1185,88759,California
Imperial,2021-05-15,1212,142978,463,64541,729,68649,20,9788,458,25971,748,63267,479,89238,California
Imperial,2021-05-16,118,143096,80,64621,36,68685,2,9790,47,25950,70,63337,49,89287,California
Imperial,2021-05-17,1878,144974,689,65310,1147,69832,42,9832,668,25456,1205,64542,711,89998,California
Imperial,2021-05-18,1539,146513,788,66098,680,70512,71,9903,861,25716,672,65214,932,90930,California
Imperial,2021-05-19,1262,147775,592,66690,602,71114,68,9971,598,25724,658,65872,666,91596,California
Imperial,2021-05-20,1364,149139,902,67592,396,71510,66,10037,643,25723,711,66583,710,92306,California
Imperial,2021-05-21,1712,150851,1082,68674,569,72079,61,10098,874,25826,832,67415,935,93241,California
Imperial,2021-05-22,244,151095,163,68837,64,72143,17,10115,129,25861,111,67526,146,93387,California
Imperial,2021-05-23,68,151163,21,68858,39,72182,8,10123,23,25850,42,67568,31,93418,California
Imperial,2021-05-24,1214,152377,592,69450,569,72751,53,10176,495,25686,712,68280,548,93966,California
Imperial,2021-05-25,1276,153653,423,69873,821,73572,32,10208,464,25377,805,69085,496,94462,California
Imperial,2021-05-26,925,154578,486,70359,398,73970,41,10249,397,25291,523,69608,437,94899,California
Imperial,2021-05-27,1244,155822,694,71053,486,74456,64,10313,613,25343,625,70233,677,95576,California
Imperial,2021-05-28,920,156742,525,71578,346,74802,49,10362,346,25170,568,70801,395,95971,California
Imperial,2021-05-29,205,156947,111,71689,87,74889,7,10369,97,25167,107,70908,104,96075,California
Imperial,2021-05-30,34,156981,2,71691,30,74919,2,10371,13,25161,21,70929,15,96090,California
Inyo,2020-12-19,85,85,85,85,0,0,0,0,85,85,0,0,85,85,California
Inyo,2020-12-20,58,143,58,143,0,0,0,0,58,143,0,0,58,143,California
Inyo,2020-12-21,88,231,85,228,3,3,0,0,88,231,0,0,88,231,California
Inyo,2020-12-22,105,336,105,333,0,3,0,0,105,336,0,0,105,336,California
Inyo,2020-12-23,70,406,67,400,3,6,0,0,70,406,0,0,70,406,California
Inyo,2020-12-24,16,422,16,416,0,6,0,0,16,422,0,0,16,422,California
Inyo,2020-12-25,1,423,0,416,1,7,0,0,1,423,0,0,1,423,California
Inyo,2020-12-26,74,497,74,490,0,7,0,0,74,497,0,0,74,497,California
Inyo,2020-12-28,48,545,36,526,12,19,0,0,48,545,0,0,48,545,California
Inyo,2020-12-29,19,564,19,545,0,19,0,0,19,564,0,0,19,564,California
Inyo,2020-12-30,56,620,54,599,2,21,0,0,56,620,0,0,56,620,California
Inyo,2020-12-31,29,649,0,599,29,50,0,0,29,649,0,0,29,649,California
Inyo,2021-01-01,1,650,0,599,1,51,0,0,1,650,0,0,1,650,California
Inyo,2021-01-03,1,651,0,599,1,52,0,0,1,651,0,0,1,651,California
Inyo,2021-01-04,2,653,1,600,1,53,0,0,2,653,0,0,2,653,California
Inyo,2021-01-05,34,687,0,600,34,87,0,0,34,687,0,0,34,687,California
Inyo,2021-01-06,68,755,0,600,68,155,0,0,68,755,0,0,68,755,California
Inyo,2021-01-07,31,786,1,601,30,185,0,0,31,786,0,0,31,786,California
Inyo,2021-01-08,9,795,8,609,1,186,0,0,4,786,5,5,5,791,California
Inyo,2021-01-09,87,882,86,695,1,187,0,0,1,701,86,91,1,792,California
Inyo,2021-01-10,52,934,52,747,0,187,0,0,0,649,52,143,0,792,California
Inyo,2021-01-11,97,1031,82,829,15,202,0,0,16,584,81,224,16,808,California
Inyo,2021-01-12,139,1170,118,947,21,223,0,0,28,501,111,335,28,836,California
Inyo,2021-01-13,86,1256,68,1015,18,241,0,0,21,458,65,400,22,858,California
Inyo,2021-01-14,59,1315,13,1028,46,287,0,0,49,497,10,410,49,907,California
Inyo,2021-01-15,163,1478,28,1056,135,422,0,0,163,660,0,410,163,1070,California
Inyo,2021-01-16,74,1552,73,1129,1,423,0,0,1,588,73,483,1,1071,California
Inyo,2021-01-18,58,1610,36,1165,22,445,0,0,19,568,39,522,19,1090,California
Inyo,2021-01-19,114,1724,72,1237,42,487,0,0,97,648,17,539,97,1187,California
Inyo,2021-01-20,147,1871,71,1308,76,563,0,0,93,687,54,593,93,1280,California
Inyo,2021-01-21,120,1991,57,1365,63,626,0,0,119,805,1,594,119,1399,California
Inyo,2021-01-22,62,2053,0,1365,62,688,0,0,61,865,1,595,61,1460,California
Inyo,2021-01-23,52,2105,52,1417,0,688,0,0,52,917,0,595,52,1512,California
Inyo,2021-01-25,49,2154,6,1423,43,731,0,0,37,942,12,607,37,1549,California
Inyo,2021-01-26,135,2289,54,1477,81,812,0,0,129,1065,6,613,129,1678,California
Inyo,2021-01-27,24,2313,2,1479,22,834,0,0,23,1087,1,614,23,1701,California
Inyo,2021-01-28,92,2405,2,1481,90,924,0,0,63,1121,29,643,63,1764,California
Inyo,2021-01-29,25,2430,3,1484,22,946,0,0,23,1142,2,645,23,1787,California
Inyo,2021-01-30,11,2441,1,1485,10,956,0,0,11,1153,0,645,11,1798,California
Inyo,2021-01-31,32,2473,4,1489,28,984,0,0,4,1129,28,673,4,1802,California
Inyo,2021-02-01,10,2483,9,1498,1,985,0,0,0,1119,10,683,0,1802,California
Inyo,2021-02-02,130,2613,14,1512,116,1101,0,0,104,1197,26,709,104,1906,California
Inyo,2021-02-03,116,2729,0,1512,116,1217,0,0,74,1229,42,751,74,1980,California
Inyo,2021-02-04,151,2880,33,1545,118,1335,0,0,92,1262,59,810,92,2072,California
Inyo,2021-02-05,117,2997,61,1606,56,1391,0,0,115,1375,2,812,115,2187,California
Inyo,2021-02-06,4,3001,2,1608,2,1393,0,0,3,1377,1,813,3,2190,California
Inyo,2021-02-07,4,3005,2,1610,2,1395,0,0,4,1381,0,813,4,2194,California
Inyo,2021-02-08,117,3122,7,1617,110,1505,0,0,97,1458,20,833,97,2291,California
Inyo,2021-02-09,196,3318,52,1669,144,1649,0,0,125,1512,71,904,125,2416,California
Inyo,2021-02-10,141,3459,17,1686,124,1773,0,0,107,1585,34,938,107,2523,California
Inyo,2021-02-11,220,3679,56,1742,164,1937,0,0,126,1617,94,1032,126,2649,California
Inyo,2021-02-12,299,3978,51,1793,248,2185,0,0,167,1652,132,1164,167,2816,California
Inyo,2021-02-13,60,4038,55,1848,5,2190,0,0,8,1608,52,1216,8,2824,California
Inyo,2021-02-14,1,4039,0,1848,1,2191,0,0,1,1609,0,1216,1,2825,California
Inyo,2021-02-15,29,4068,9,1857,20,2211,0,0,5,1590,24,1240,5,2830,California
Inyo,2021-02-16,179,4247,50,1907,129,2340,0,0,92,1596,86,1326,92,2922,California
Inyo,2021-02-17,38,4285,4,1911,34,2374,0,0,8,1574,30,1356,8,2930,California
Inyo,2021-02-18,122,4407,6,1917,116,2490,0,0,79,1610,43,1399,79,3009,California
Inyo,2021-02-19,52,4459,4,1921,48,2538,0,0,9,1576,43,1442,9,3018,California
Inyo,2021-02-20,507,4966,503,2424,4,2542,0,0,505,2079,2,1444,505,3523,California
Inyo,2021-02-21,441,5407,441,2865,0,2542,0,0,441,2520,0,1444,441,3964,California
Inyo,2021-02-22,61,5468,19,2884,42,2584,0,0,27,2513,34,1478,27,3991,California
Inyo,2021-02-23,199,5667,20,2904,179,2763,0,0,95,2505,103,1581,95,4086,California
Inyo,2021-02-24,118,5785,0,2904,118,2881,0,0,57,2501,61,1642,57,4143,California
Inyo,2021-02-25,132,5917,5,2909,127,3008,0,0,62,2493,70,1712,62,4205,California
Inyo,2021-02-26,103,6020,60,2969,43,3051,0,0,19,2428,84,1796,19,4224,California
Inyo,2021-02-27,14,6034,3,2972,11,3062,0,0,2,2418,12,1808,2,4226,California
Inyo,2021-02-28,3,6037,1,2973,2,3064,0,0,2,2419,1,1809,2,4228,California
Inyo,2021-03-01,19,6056,2,2975,17,3081,0,0,17,2434,2,1811,17,4245,California
Inyo,2021-03-02,196,6252,1,2976,195,3276,0,0,111,2460,85,1896,111,4356,California
Inyo,2021-03-03,84,6336,3,2979,81,3357,0,0,41,2458,43,1939,41,4397,California
Inyo,2021-03-04,128,6464,4,2983,124,3481,0,0,46,2422,82,2021,46,4443,California
Inyo,2021-03-05,141,6605,56,3039,85,3566,0,0,38,2357,103,2124,38,4481,California
Inyo,2021-03-06,30,6635,1,3040,29,3595,0,0,29,2385,1,2125,29,4510,California
Inyo,2021-03-07,7,6642,4,3044,3,3598,0,0,5,2388,2,2127,5,4515,California
Inyo,2021-03-08,182,6824,5,3049,177,3775,0,0,91,2388,91,2218,91,4606,California
Inyo,2021-03-09,190,7014,3,3052,187,3962,0,0,74,2346,116,2334,74,4680,California
Inyo,2021-03-10,70,7084,8,3060,61,4023,1,1,30,2337,40,2374,31,4711,California
Inyo,2021-03-11,204,7288,1,3061,198,4221,5,6,74,2286,130,2504,79,4790,California
Inyo,2021-03-12,175,7463,4,3065,166,4387,5,11,77,2270,98,2602,82,4872,California
Inyo,2021-03-13,584,8047,549,3614,25,4412,10,21,72,1841,511,3113,82,4954,California
Inyo,2021-03-14,439,8486,438,4052,1,4413,0,21,5,1412,434,3547,5,4959,California
Inyo,2021-03-15,51,8537,15,4067,34,4447,2,23,30,1423,21,3568,32,4991,California
Inyo,2021-03-16,164,8701,4,4071,154,4601,6,29,64,1394,99,3667,70,5061,California
Inyo,2021-03-17,108,8809,3,4074,98,4699,7,36,92,1477,16,3683,99,5160,California
Inyo,2021-03-18,185,8994,16,4090,162,4861,7,43,104,1507,81,3764,111,5271,California
Inyo,2021-03-19,46,9040,4,4094,38,4899,4,47,36,1537,10,3774,40,5311,California
Inyo,2021-03-20,20,9060,1,4095,10,4909,9,56,1,1528,19,3793,10,5321,California
Inyo,2021-03-22,58,9118,2,4097,51,4960,5,61,38,1551,20,3813,43,5364,California
Inyo,2021-03-23,195,9313,4,4101,187,5147,4,65,105,1570,90,3903,109,5473,California
Inyo,2021-03-24,140,9453,3,4104,133,5280,4,69,86,1606,54,3957,90,5563,California
Inyo,2021-03-25,331,9784,110,4214,218,5498,3,72,265,1808,66,4023,268,5831,California
Inyo,2021-03-26,91,9875,3,4217,84,5582,4,76,71,1863,20,4043,75,5906,California
Inyo,2021-03-27,53,9928,45,4262,5,5587,3,79,47,1907,6,4049,50,5956,California
Inyo,2021-03-28,4,9932,1,4263,2,5589,1,80,1,1906,3,4052,2,5958,California
Inyo,2021-03-29,109,10041,2,4265,102,5691,5,85,82,1967,26,4078,87,6045,California
Inyo,2021-03-30,220,10261,2,4267,213,5904,5,90,108,1968,112,4190,113,6158,California
Inyo,2021-03-31,149,10410,4,4271,140,6044,5,95,108,2040,41,4231,113,6271,California
Inyo,2021-04-01,166,10576,4,4275,161,6205,1,96,117,2109,49,4280,118,6389,California
Inyo,2021-04-02,80,10656,1,4276,77,6282,2,98,51,2133,29,4309,53,6442,California
Inyo,2021-04-03,93,10749,47,4323,32,6314,14,112,5,2065,86,4395,18,6460,California
Inyo,2021-04-04,5,10754,4,4327,0,6314,1,113,1,2063,4,4399,2,6462,California
Inyo,2021-04-05,117,10871,1,4328,112,6426,4,117,29,2008,88,4487,33,6495,California
Inyo,2021-04-06,235,11106,5,4333,167,6593,63,180,103,2042,132,4619,166,6661,California
Inyo,2021-04-07,203,11309,2,4335,74,6667,127,307,47,2059,157,4776,174,6835,California
Inyo,2021-04-08,180,11489,15,4350,148,6815,17,324,80,2056,100,4876,97,6932,California
Inyo,2021-04-09,126,11615,7,4357,96,6911,23,347,38,2031,87,4963,62,6994,California
Inyo,2021-04-10,42,11657,1,4358,24,6935,17,364,3,2012,39,5002,20,7014,California
Inyo,2021-04-11,1,11658,0,4358,1,6936,0,364,1,2013,0,5002,1,7015,California
Inyo,2021-04-12,79,11737,0,4358,74,7010,5,369,41,2021,38,5040,46,7061,California
Inyo,2021-04-13,120,11857,4,4362,113,7123,3,372,61,2027,58,5098,64,7125,California
Inyo,2021-04-14,127,11984,2,4364,125,7248,0,372,42,1984,85,5183,42,7167,California
Inyo,2021-04-15,275,12259,117,4481,158,7406,0,372,79,1867,196,5379,79,7246,California
Inyo,2021-04-16,47,12306,5,4486,42,7448,0,372,19,1858,28,5407,19,7265,California
Inyo,2021-04-17,2,12308,1,4487,1,7449,0,372,1,1858,1,5408,1,7266,California
Inyo,2021-04-19,128,12436,43,4530,85,7534,0,372,43,1816,85,5493,43,7309,California
Inyo,2021-04-20,163,12599,2,4532,161,7695,0,372,79,1811,84,5577,79,7388,California
Inyo,2021-04-21,113,12712,4,4536,109,7804,0,372,32,1762,81,5658,32,7420,California
Inyo,2021-04-22,196,12908,1,4537,195,7999,0,372,51,1668,145,5803,51,7471,California
Inyo,2021-04-23,95,13003,4,4541,91,8090,0,372,22,1617,73,5876,22,7493,California
Inyo,2021-04-24,309,13312,308,4849,1,8091,0,372,304,1916,5,5881,304,7797,California
Inyo,2021-04-25,135,13447,134,4983,1,8092,0,372,135,2051,0,5881,135,7932,California
Inyo,2021-04-26,91,13538,0,4983,90,8182,1,373,10,1981,81,5962,11,7943,California
Inyo,2021-04-27,181,13719,6,4989,170,8352,5,378,44,1894,136,6098,49,7992,California
Inyo,2021-04-28,121,13840,2,4991,117,8469,2,380,20,1815,101,6199,22,8014,California
Inyo,2021-04-29,172,14012,56,5047,116,8585,0,380,77,1798,94,6293,77,8091,California
Inyo,2021-04-30,85,14097,5,5052,79,8664,1,381,24,1762,61,6354,25,8116,California
Inyo,2021-05-01,11,14108,3,5055,8,8672,0,381,9,1769,2,6356,9,8125,California
Inyo,2021-05-02,7,14115,3,5058,2,8674,2,383,4,1772,3,6359,6,8131,California
Inyo,2021-05-03,38,14153,1,5059,33,8707,4,387,5,1748,33,6392,9,8140,California
Inyo,2021-05-04,123,14276,2,5061,117,8824,4,391,22,1673,101,6493,26,8166,California
Inyo,2021-05-05,35,14311,0,5061,33,8857,2,393,11,1662,24,6517,13,8179,California
Inyo,2021-05-06,93,14404,5,5066,80,8937,8,401,13,1603,80,6597,21,8200,California
Inyo,2021-05-07,49,14453,4,5070,37,8974,8,409,24,1611,24,6621,32,8232,California
Inyo,2021-05-08,11,14464,2,5072,4,8978,5,414,4,1613,7,6628,9,8241,California
Inyo,2021-05-09,1,14465,0,5072,1,8979,0,414,0,1612,1,6629,0,8241,California
Inyo,2021-05-10,69,14534,1,5073,66,9045,2,416,30,1606,39,6668,33,8274,California
Inyo,2021-05-11,87,14621,1,5074,83,9128,3,419,20,1562,67,6735,23,8297,California
Inyo,2021-05-12,43,14664,1,5075,40,9168,2,421,11,1543,32,6767,13,8310,California
Inyo,2021-05-13,74,14738,1,5076,72,9240,1,422,11,1492,63,6830,12,8322,California
Inyo,2021-05-14,26,14764,3,5079,18,9258,5,427,12,1495,14,6844,17,8339,California
Inyo,2021-05-15,380,15144,367,5446,11,9269,2,429,87,1291,293,7137,89,8428,California
Inyo,2021-05-16,198,15342,198,5644,0,9269,0,429,71,1235,127,7264,71,8499,California
Inyo,2021-05-17,62,15404,2,5646,56,9325,4,433,19,1215,43,7307,23,8522,California
Inyo,2021-05-18,83,15487,2,5648,80,9405,1,434,17,1167,66,7373,18,8540,California
Inyo,2021-05-19,48,15535,2,5650,41,9446,5,439,14,1152,34,7407,19,8559,California
Inyo,2021-05-20,144,15679,81,5731,62,9508,1,440,34,1077,110,7517,35,8594,California
Inyo,2021-05-21,46,15725,17,5748,24,9532,5,445,17,1070,29,7546,22,8616,California
Inyo,2021-05-22,24,15749,14,5762,7,9539,3,448,17,1083,7,7553,20,8636,California
Inyo,2021-05-23,4,15753,3,5765,0,9539,1,449,2,1084,2,7555,3,8639,California
Inyo,2021-05-24,33,15786,5,5770,25,9564,3,452,13,1080,20,7575,16,8655,California
Inyo,2021-05-25,83,15869,40,5810,42,9606,1,453,49,1096,34,7609,50,8705,California
Inyo,2021-05-26,35,15904,7,5817,25,9631,3,456,11,1086,23,7632,13,8718,California
Inyo,2021-05-27,36,15940,8,5825,20,9651,8,464,10,1078,26,7658,18,8736,California
Inyo,2021-05-28,25,15965,6,5831,14,9665,5,469,8,1074,17,7675,13,8749,California
Inyo,2021-05-29,16,15981,5,5836,11,9676,0,469,8,1074,8,7683,8,8757,California
Inyo,2021-05-30,2,15983,0,5836,2,9678,0,469,0,1072,2,7685,0,8757,California
Kern,2020-12-15,1,1,1,1,0,0,0,0,1,1,0,0,1,1,California
Kern,2020-12-16,18,19,18,19,0,0,0,0,18,19,0,0,18,19,California
Kern,2020-12-17,164,183,164,183,0,0,0,0,164,183,0,0,164,183,California
Kern,2020-12-18,322,505,322,505,0,0,0,0,322,505,0,0,322,505,California
Kern,2020-12-19,98,603,98,603,0,0,0,0,99,604,0,0,99,604,California
Kern,2020-12-20,61,664,61,664,0,0,0,0,61,665,0,0,61,665,California
Kern,2020-12-21,671,1335,670,1334,1,1,0,0,671,1336,0,0,671,1336,California
Kern,2020-12-22,530,1865,527,1861,3,4,0,0,530,1866,0,0,530,1866,California
Kern,2020-12-23,558,2423,420,2281,138,142,0,0,558,2424,0,0,558,2424,California
Kern,2020-12-24,123,2546,44,2325,79,221,0,0,123,2547,0,0,123,2547,California
Kern,2020-12-25,1,2547,1,2326,0,221,0,0,1,2548,0,0,1,2548,California
Kern,2020-12-26,33,2580,1,2327,32,253,0,0,33,2581,0,0,33,2581,California
Kern,2020-12-27,35,2615,3,2330,32,285,0,0,35,2616,0,0,35,2616,California
Kern,2020-12-28,828,3443,664,2994,164,449,0,0,828,3444,0,0,828,3444,California
Kern,2020-12-29,745,4188,452,3446,293,742,0,0,744,4187,1,1,744,4188,California
Kern,2020-12-30,1204,5392,911,4357,293,1035,0,0,1204,5391,0,1,1204,5392,California
Kern,2020-12-31,277,5669,99,4456,178,1213,0,0,277,5668,0,1,277,5669,California
Kern,2021-01-01,16,5685,9,4465,7,1220,0,0,16,5684,0,1,16,5685,California
Kern,2021-01-02,79,5764,18,4483,61,1281,0,0,79,5763,0,1,79,5764,California
Kern,2021-01-03,23,5787,4,4487,19,1300,0,0,23,5786,0,1,23,5787,California
Kern,2021-01-04,556,6343,361,4848,195,1495,0,0,556,6342,0,1,556,6343,California
Kern,2021-01-05,1133,7476,738,5586,395,1890,0,0,1121,7451,12,13,1121,7464,California
Kern,2021-01-06,1162,8638,451,6037,711,2601,0,0,1132,8553,30,43,1132,8596,California
Kern,2021-01-07,1401,10039,489,6526,912,3513,0,0,1232,9617,168,211,1232,9828,California
Kern,2021-01-08,1627,11666,768,7294,859,4372,0,0,1329,10648,299,510,1330,11158,California
Kern,2021-01-09,227,11893,77,7371,150,4522,0,0,193,10807,34,544,193,11351,California
Kern,2021-01-10,194,12087,148,7519,46,4568,0,0,153,10919,41,585,153,11504,California
Kern,2021-01-11,1557,13644,985,8504,572,5140,0,0,1001,11364,556,1141,1001,12505,California
Kern,2021-01-12,1869,15513,811,9315,1058,6198,0,0,1358,12211,511,1652,1358,13863,California
Kern,2021-01-13,1851,17364,869,10184,982,7180,0,0,1431,13222,420,2072,1431,15294,California
Kern,2021-01-14,2187,19551,646,10830,1541,8721,0,0,2142,15318,46,2118,2142,17436,California
Kern,2021-01-15,2708,22259,857,11687,1851,10572,0,0,2611,17835,95,2213,2612,20048,California
Kern,2021-01-16,670,22929,211,11898,459,11031,0,0,635,18435,35,2248,635,20683,California
Kern,2021-01-17,73,23002,7,11905,66,11097,0,0,71,18504,2,2250,71,20754,California
Kern,2021-01-18,1647,24649,660,12565,987,12084,0,0,1480,19817,167,2417,1480,22234,California
Kern,2021-01-19,1855,26504,1034,13599,821,12905,0,0,1388,20739,467,2884,1389,23623,California
Kern,2021-01-20,2614,29118,1679,15278,935,13840,0,0,1911,21954,698,3582,1913,25536,California
Kern,2021-01-21,2116,31234,869,16147,1247,15087,0,0,1920,23679,195,3777,1920,27456,California
Kern,2021-01-22,2716,33950,1299,17446,1417,16504,0,0,2438,25840,277,4054,2438,29894,California
Kern,2021-01-23,1251,35201,542,17988,709,17213,0,0,1205,26999,46,4100,1205,31099,California
Kern,2021-01-24,154,35355,12,18000,142,17355,0,0,148,27141,6,4106,148,31247,California
Kern,2021-01-25,2386,37741,1086,19086,1300,18655,0,0,1901,28559,484,4590,1902,33149,California
Kern,2021-01-26,2773,40514,1128,20214,1645,20300,0,0,1913,29613,859,5449,1913,35062,California
Kern,2021-01-27,3562,44076,1905,22119,1657,21957,0,0,2861,31776,698,6147,2861,37923,California
Kern,2021-01-28,2874,46950,1358,23477,1516,23473,0,0,2443,33796,426,6573,2446,40369,California
Kern,2021-01-29,3783,50733,1801,25278,1982,25455,0,0,3237,36490,543,7116,3237,43606,California
Kern,2021-01-30,1329,52062,498,25776,831,26286,0,0,1279,37721,48,7164,1279,44885,California
Kern,2021-01-31,405,52467,277,26053,128,26414,0,0,270,37856,135,7299,270,45155,California
Kern,2021-02-01,2599,55066,991,27044,1608,28022,0,0,1885,39031,711,8010,1886,47041,California
Kern,2021-02-02,2752,57818,798,27842,1954,29976,0,0,2049,40378,703,8713,2050,49091,California
Kern,2021-02-03,3665,61483,1552,29394,2113,32089,0,0,2696,42112,962,9675,2696,51787,California
Kern,2021-02-04,3802,65285,1452,30846,2350,34439,0,0,2586,43492,1206,10881,2586,54373,California
Kern,2021-02-05,4856,70141,1990,32836,2866,37305,0,0,3095,44845,1742,12623,3095,57468,California
Kern,2021-02-06,1738,71879,768,33604,970,38275,0,0,1512,46134,223,12846,1512,58980,California
Kern,2021-02-07,283,72162,150,33754,133,38408,0,0,267,46387,14,12860,267,59247,California
Kern,2021-02-08,2572,74734,790,34544,1782,40190,0,0,1258,46351,1296,14156,1260,60507,California
Kern,2021-02-09,3038,77772,986,35530,2052,42242,0,0,1466,46254,1563,15719,1466,61973,California
Kern,2021-02-10,3793,81565,1661,37191,2132,44374,0,0,1874,46226,1903,17622,1875,63848,California
Kern,2021-02-11,4267,85832,1536,38727,2731,47105,0,0,2223,46419,2031,19653,2224,66072,California
Kern,2021-02-12,4957,90789,1893,40620,3064,50169,0,0,2477,46430,2466,22119,2477,68549,California
Kern,2021-02-13,2012,92801,729,41349,1283,51452,0,0,1165,46750,845,22964,1165,69714,California
Kern,2021-02-14,351,93152,12,41361,339,51791,0,0,269,46938,81,23045,269,69983,California
Kern,2021-02-15,2744,95896,896,42257,1848,53639,0,0,1211,46625,1524,24569,1211,71194,California
Kern,2021-02-16,2938,98834,712,42969,2226,55865,0,0,1649,46995,1280,25849,1650,72844,California
Kern,2021-02-17,4070,102904,2078,45047,1992,57857,0,0,1926,46784,2138,27987,1927,74771,California
Kern,2021-02-18,3765,106669,1488,46535,2277,60134,0,0,1627,46283,2128,30115,1627,76398,California
Kern,2021-02-19,4199,110868,1915,48450,2284,62418,0,0,1740,45571,2452,32567,1740,78138,California
Kern,2021-02-20,2581,113449,967,49417,1614,64032,0,0,1351,45696,1226,33793,1351,79489,California
Kern,2021-02-21,259,113708,153,49570,106,64138,0,0,90,45619,167,33960,90,79579,California
Kern,2021-02-22,2669,116377,1153,50723,1516,65654,0,0,1429,45815,1235,35195,1431,81010,California
Kern,2021-02-23,3557,119934,1128,51851,2429,68083,0,0,1982,46225,1573,36768,1983,82993,California
Kern,2021-02-24,5197,125131,2289,54140,2908,70991,0,0,3102,47236,2091,38859,3102,86095,California
Kern,2021-02-25,5373,130504,2456,56596,2917,73908,0,0,3191,48264,2163,41022,3191,89286,California
Kern,2021-02-26,6904,137408,3531,60127,3373,77281,0,0,4357,50082,2540,43562,4358,93644,California
Kern,2021-02-27,3960,141368,1986,62113,1974,79255,0,0,2618,51366,1334,44896,2618,96262,California
Kern,2021-02-28,916,142284,503,62616,412,79667,1,1,696,51845,218,45114,697,96959,California
Kern,2021-03-01,4002,146286,1819,64435,2180,81847,3,4,2686,53227,1307,46421,2689,99648,California
Kern,2021-03-02,4472,150758,1414,65849,3057,84904,1,5,2951,54668,1510,47931,2951,102599,California
Kern,2021-03-03,5928,156686,2811,68660,3117,88021,0,5,3832,56419,2082,50013,3833,106432,California
Kern,2021-03-04,5596,162282,2196,70856,3397,91418,3,8,3600,58039,1982,51995,3602,110034,California
Kern,2021-03-05,6667,168949,2860,73716,3788,95206,19,27,4231,59862,2427,54422,4250,114284,California
Kern,2021-03-06,4734,173683,1926,75642,2708,97914,100,127,3466,62166,1261,55683,3565,117849,California
Kern,2021-03-07,2055,175738,1591,77233,413,98327,51,178,1861,63885,193,55876,1912,119761,California
Kern,2021-03-08,2888,178626,922,78155,1753,100080,213,391,1524,64259,1361,57237,1735,121496,California
Kern,2021-03-09,3717,182343,808,78963,2526,102606,383,774,2317,65564,1392,58629,2697,124193,California
Kern,2021-03-10,6136,188479,2564,81527,2498,105104,1074,1848,3594,67703,2527,61156,4666,128859,California
Kern,2021-03-11,6339,194818,2444,83971,2869,107973,1026,2874,3779,69956,2549,63705,4802,133661,California
Kern,2021-03-12,7830,202648,3070,87041,3408,111381,1352,4226,4315,72111,3502,67207,5657,139318,California
Kern,2021-03-13,4662,207310,2526,89567,1801,113182,335,4561,3242,74271,1413,68620,3573,142891,California
Kern,2021-03-14,2297,209607,1522,91089,534,113716,241,4802,1776,75764,521,69141,2014,144905,California
Kern,2021-03-15,4267,213874,1100,92189,2454,116170,713,5515,2199,76613,2056,71197,2905,147810,California
Kern,2021-03-16,4345,218219,1014,93203,2799,118969,532,6047,2336,77479,1999,73196,2865,150675,California
Kern,2021-03-17,7482,225701,4052,97255,2880,121849,550,6597,4521,79600,2949,76145,5070,155745,California
Kern,2021-03-18,7274,232975,3680,100935,3009,124858,585,7182,4402,81731,2852,78997,4983,160728,California
Kern,2021-03-19,8982,241957,4983,105918,3344,128202,655,7837,4715,82843,4252,83249,5364,166092,California
Kern,2021-03-20,6182,248139,3827,109745,2181,130383,174,8011,3917,84681,2254,85503,4092,170184,California
Kern,2021-03-21,3046,251185,1929,111674,236,130619,881,8892,1846,86213,1194,86697,2726,172910,California
Kern,2021-03-22,3991,255176,1567,113241,2067,132686,357,9249,1939,86472,2037,88734,2296,175206,California
Kern,2021-03-23,4735,259911,1676,114917,2860,135546,199,9448,2485,86933,2221,90955,2682,177888,California
Kern,2021-03-24,7182,267093,3674,118591,3031,138577,477,9925,3657,87559,3507,94462,4133,182021,California
Kern,2021-03-25,6757,273850,2996,121587,3430,142007,331,10256,3278,87703,3462,97924,3606,185627,California
Kern,2021-03-26,9872,283722,4416,126003,4200,146207,1256,11512,4741,88585,5113,103037,5995,191622,California
Kern,2021-03-27,5702,289424,3996,129999,1578,147785,128,11640,3445,89902,2255,105292,3572,195194,California
Kern,2021-03-28,4683,294107,4192,134191,477,148262,14,11654,2954,91142,1728,107020,2968,198162,California
Kern,2021-03-29,4253,298360,1680,135871,2294,150556,279,11933,2610,92397,1631,108651,2886,201048,California
Kern,2021-03-30,5602,303962,1873,137744,3344,153900,385,12318,3074,93331,2524,111175,3458,204506,California
Kern,2021-03-31,8408,312370,4545,142289,3214,157114,649,12967,4351,94289,4041,115216,4999,209505,California
Kern,2021-04-01,7885,320255,3874,146163,3713,160827,298,13265,4224,95168,3640,118856,4519,214024,California
Kern,2021-04-02,8436,328691,4454,150617,3375,164202,607,13872,4216,95781,4204,123060,4817,218841,California
Kern,2021-04-03,5989,334680,3671,154288,2135,166337,183,14055,2662,95305,3318,126378,2842,221683,California
Kern,2021-04-04,1338,336018,875,155163,379,166716,84,14139,476,95006,859,127237,560,222243,California
Kern,2021-04-05,5373,341391,2224,157387,2379,169095,770,14909,2908,96210,2453,129690,3657,225900,California
Kern,2021-04-06,7104,348495,2470,159857,3263,172358,1371,16280,3566,97632,3514,133204,4936,230836,California
Kern,2021-04-07,9365,357860,5462,165319,2941,175299,962,17242,4569,98394,4777,137981,5539,236375,California
Kern,2021-04-08,8635,366495,4782,170101,2948,178247,905,18147,3709,98106,4904,142885,4616,240991,California
Kern,2021-04-09,10201,376696,5123,175224,4091,182338,987,19134,4333,97594,5843,148728,5331,246322,California
Kern,2021-04-10,6544,383240,3433,178657,1870,184208,1241,20375,2123,96544,4411,153139,3361,249683,California
Kern,2021-04-11,3833,387073,2892,181549,356,184564,585,20960,1249,95802,2572,155711,1830,251513,California
Kern,2021-04-12,4382,391455,984,182533,2427,186991,971,21931,1569,95545,2796,158507,2539,254052,California
Kern,2021-04-13,4280,395735,1409,183942,2846,189837,25,21956,2111,95524,2158,160665,2137,256189,California
Kern,2021-04-14,6040,401775,2964,186906,3054,192891,22,21978,2988,95496,3037,163702,3009,259198,California
Kern,2021-04-15,5268,407043,2469,189375,2797,195688,2,21980,2502,95251,2749,166451,2504,261702,California
Kern,2021-04-16,7244,414287,3435,192810,3808,199496,1,21981,2954,93941,4266,170717,2956,264658,California
Kern,2021-04-17,5888,420175,3854,196664,2034,201530,0,21981,2091,92251,3782,174499,2092,266750,California
Kern,2021-04-18,3776,423951,3539,200203,237,201767,0,21981,913,90309,2855,177354,913,267663,California
Kern,2021-04-19,3816,427767,1726,201929,2088,203855,2,21983,1411,89335,2385,179739,1411,269074,California
Kern,2021-04-20,4333,432100,1557,203486,2775,206630,1,21984,1629,88276,2690,182429,1631,270705,California
Kern,2021-04-21,5857,437957,3126,206612,2726,209356,5,21989,2131,86705,3705,186134,2134,272839,California
Kern,2021-04-22,4779,442736,2308,208920,2471,211827,0,21989,1689,85325,3070,189204,1690,274529,California
Kern,2021-04-23,6054,448790,2936,211856,3117,214944,1,21990,1893,83094,4125,193329,1894,276423,California
Kern,2021-04-24,4010,452800,2804,214660,1195,216139,11,22001,1443,81998,2549,195878,1453,277876,California
Kern,2021-04-25,1393,454193,1115,215775,278,216417,0,22001,817,82245,570,196448,817,278693,California
Kern,2021-04-26,3787,457980,1820,217595,1915,218332,52,22053,1035,80592,2742,199190,1089,279782,California
Kern,2021-04-27,4637,462617,2275,219870,2261,220593,101,22154,1406,78877,3219,202409,1504,281286,California
Kern,2021-04-28,6250,468867,3676,223546,2451,223044,123,22277,1775,76313,4459,206868,1895,283181,California
Kern,2021-04-29,5513,474380,3063,226609,2350,225394,100,22377,1622,74165,3871,210739,1723,284904,California
Kern,2021-04-30,5597,479977,3130,229739,2307,227701,160,22537,1620,71979,3965,214704,1779,286683,California
Kern,2021-05-01,2580,482557,1803,231542,718,228419,59,22596,955,71377,1615,216319,1013,287696,California
Kern,2021-05-02,1885,484442,1601,233143,263,228682,21,22617,692,70903,1187,217506,713,288409,California
Kern,2021-05-03,2486,486928,987,234130,1367,230049,132,22749,761,70086,1711,219217,894,289303,California
Kern,2021-05-04,3610,490538,1284,235414,2217,232266,109,22858,1257,69112,2338,221555,1364,290667,California
Kern,2021-05-05,4138,494676,2133,237547,1855,234121,150,23008,1368,67872,2756,224311,1516,292183,California
Kern,2021-05-06,3528,498204,1569,239116,1816,235937,143,23151,1083,66668,2427,226738,1223,293406,California
Kern,2021-05-07,4569,502773,2298,241414,2096,238033,175,23326,1278,64854,3265,230003,1451,294857,California
Kern,2021-05-08,2893,505666,1822,243236,956,238989,115,23441,900,63888,1979,231982,1013,295870,California
Kern,2021-05-09,1297,506963,1122,244358,145,239134,30,23471,448,63524,842,232824,478,296348,California
Kern,2021-05-10,2207,509170,844,245202,1264,240398,99,23570,641,62713,1549,234373,738,297086,California
Kern,2021-05-11,2600,511770,909,246111,1568,241966,123,23693,942,62131,1648,236021,1066,298152,California
Kern,2021-05-12,3519,515289,1394,247505,1976,243942,149,23842,1110,60993,2397,238418,1259,299411,California
Kern,2021-05-13,3335,518624,1733,249238,1460,245402,142,23984,1552,60912,1771,240189,1690,301101,California
Kern,2021-05-14,4261,522885,2525,251763,1519,246921,217,24201,1971,60827,2272,242461,2187,303288,California
Kern,2021-05-15,2905,525790,1898,253661,920,247841,87,24288,1545,61112,1347,243808,1632,304920,California
Kern,2021-05-16,1540,527330,1319,254980,183,248024,38,24326,885,61385,650,244458,923,305843,California
Kern,2021-05-17,2295,529625,989,255969,1162,249186,144,24470,1174,61593,1109,245567,1317,307160,California
Kern,2021-05-18,3122,532747,1419,257388,1575,250761,128,24598,1599,61812,1507,247074,1726,308886,California
Kern,2021-05-19,3797,536544,2370,259758,1301,252062,126,24724,1834,61820,1951,249025,1959,310845,California
Kern,2021-05-20,2909,539453,1580,261338,1200,253262,129,24853,1329,61717,1559,250584,1456,312301,California
Kern,2021-05-21,3366,542819,2066,263404,1183,254445,117,24970,1700,61894,1640,252224,1817,314118,California
Kern,2021-05-22,2587,545406,2011,265415,539,254984,37,25007,1218,61788,1360,253584,1254,315372,California
Kern,2021-05-23,1153,546559,1004,266419,131,255115,18,25025,608,61874,539,254123,625,315997,California
Kern,2021-05-24,1811,548370,763,267182,933,256048,115,25140,866,61915,937,255060,978,316975,California
Kern,2021-05-25,2335,550705,1075,268257,1180,257228,80,25220,1120,61912,1203,256263,1200,318175,California
Kern,2021-05-26,2708,553413,1557,269814,1057,258285,94,25314,1174,61657,1521,257784,1266,319441,California
Kern,2021-05-27,2203,555616,1075,270889,1031,259316,97,25411,1102,61776,1079,258863,1198,320639,California
Kern,2021-05-28,2604,558220,1337,272226,1179,260495,88,25499,1217,61706,1375,260238,1305,321944,California
Kern,2021-05-29,1825,560045,1219,273445,562,261057,44,25543,893,61729,913,261151,936,322880,California
Kern,2021-05-30,628,560673,541,273986,79,261136,8,25551,311,61734,313,261464,318,323198,California
Kings,2020-12-16,1,1,1,1,0,0,0,0,1,1,0,0,1,1,California
Kings,2020-12-17,8,9,8,9,0,0,0,0,8,9,0,0,8,9,California
Kings,2020-12-18,12,21,12,21,0,0,0,0,12,21,0,0,12,21,California
Kings,2020-12-19,11,32,11,32,0,0,0,0,11,32,0,0,11,32,California
Kings,2020-12-20,13,45,13,45,0,0,0,0,13,45,0,0,13,45,California
Kings,2020-12-21,156,201,156,201,0,0,0,0,269,314,0,0,269,314,California
Kings,2020-12-22,143,344,143,344,0,0,0,0,140,454,0,0,140,454,California
Kings,2020-12-23,136,480,123,467,13,13,0,0,137,591,0,0,137,591,California
Kings,2020-12-24,11,491,9,476,2,15,0,0,11,602,0,0,11,602,California
Kings,2020-12-26,7,498,4,480,3,18,0,0,7,609,0,0,7,609,California
Kings,2020-12-27,4,502,4,484,0,18,0,0,4,613,0,0,4,613,California
Kings,2020-12-28,131,633,103,587,28,46,0,0,132,745,0,0,132,745,California
Kings,2020-12-29,77,710,50,637,27,73,0,0,78,823,0,0,78,823,California
Kings,2020-12-30,149,859,109,746,40,113,0,0,149,972,0,0,149,972,California
Kings,2020-12-31,45,904,6,752,39,152,0,0,45,1017,0,0,45,1017,California
Kings,2021-01-01,1,905,0,752,1,153,0,0,1,1018,0,0,1,1018,California
Kings,2021-01-02,10,915,9,761,1,154,0,0,10,1028,0,0,10,1028,California
Kings,2021-01-04,111,1026,41,802,70,224,0,0,111,1139,0,0,111,1139,California
Kings,2021-01-05,195,1221,39,841,156,380,0,0,195,1334,0,0,195,1334,California
Kings,2021-01-06,277,1498,178,1019,99,479,0,0,274,1605,3,3,274,1608,California
Kings,2021-01-07,181,1679,82,1101,99,578,0,0,173,1770,8,11,173,1781,California
Kings,2021-01-08,248,1927,54,1155,194,772,0,0,229,1980,19,30,229,2010,California
Kings,2021-01-09,63,1990,9,1164,54,826,0,0,55,2027,8,38,55,2065,California
Kings,2021-01-10,15,2005,3,1167,12,838,0,0,12,2036,3,41,12,2077,California
Kings,2021-01-11,518,2523,354,1521,164,1002,0,0,276,2071,242,283,277,2354,California
Kings,2021-01-12,349,2872,252,1773,97,1099,0,0,215,2155,131,414,215,2569,California
Kings,2021-01-13,422,3294,275,2048,147,1246,0,0,330,2393,92,506,330,2899,California
Kings,2021-01-14,208,3502,30,2078,178,1424,0,0,198,2571,21,527,199,3098,California
Kings,2021-01-15,418,3920,30,2108,388,1812,0,0,406,2965,12,539,406,3504,California
Kings,2021-01-16,28,3948,9,2117,19,1831,0,0,27,2991,1,540,27,3531,California
Kings,2021-01-17,9,3957,6,2123,3,1834,0,0,7,2996,2,542,7,3538,California
Kings,2021-01-18,172,4129,40,2163,132,1966,0,0,146,3116,26,568,146,3684,California
Kings,2021-01-19,379,4508,160,2323,219,2185,0,0,251,3239,128,696,251,3935,California
Kings,2021-01-20,237,4745,146,2469,91,2276,0,0,127,3261,105,801,127,4062,California
Kings,2021-01-21,212,4957,57,2526,155,2431,0,0,197,3441,17,818,197,4259,California
Kings,2021-01-22,102,5059,16,2542,86,2517,0,0,102,3538,5,823,102,4361,California
Kings,2021-01-23,26,5085,14,2556,12,2529,0,0,20,3552,6,829,20,4381,California
Kings,2021-01-24,4,5089,4,2560,0,2529,0,0,2,3552,2,831,2,4383,California
Kings,2021-01-25,126,5215,27,2587,99,2628,0,0,91,3608,35,866,91,4474,California
Kings,2021-01-26,153,5368,34,2621,119,2747,0,0,114,3683,39,905,114,4588,California
Kings,2021-01-27,322,5690,34,2655,288,3035,0,0,248,3858,73,978,248,4836,California
Kings,2021-01-28,329,6019,46,2701,283,3318,0,0,273,4075,56,1034,273,5109,California
Kings,2021-01-29,86,6105,26,2727,60,3378,0,0,69,4127,17,1051,69,5178,California
Kings,2021-01-30,1558,7663,31,2758,1527,4905,0,0,1555,5681,3,1054,1557,6735,California
Kings,2021-02-01,199,7862,64,2822,135,5040,0,0,72,5628,125,1179,72,6807,California
Kings,2021-02-02,232,8094,14,2836,218,5258,0,0,82,5561,149,1328,82,6889,California
Kings,2021-02-03,357,8451,191,3027,166,5424,0,0,201,5607,155,1483,201,7090,California
Kings,2021-02-04,398,8849,99,3126,299,5723,0,0,200,5610,197,1680,200,7290,California
Kings,2021-02-05,260,9109,15,3141,245,5968,0,0,101,5554,157,1837,101,7391,California
Kings,2021-02-06,61,9170,10,3151,51,6019,0,0,28,5549,33,1870,28,7419,California
Kings,2021-02-07,5,9175,3,3154,2,6021,0,0,3,5550,2,1872,3,7422,California
Kings,2021-02-08,174,9349,29,3183,145,6166,0,0,68,5512,106,1978,68,7490,California
Kings,2021-02-09,254,9603,57,3240,197,6363,0,0,110,5480,142,2120,110,7600,California
Kings,2021-02-10,286,9889,113,3353,173,6536,0,0,169,5532,117,2237,169,7769,California
Kings,2021-02-11,432,10321,65,3418,367,6903,0,0,316,5733,115,2352,316,8085,California
Kings,2021-02-12,622,10943,36,3454,586,7489,0,0,346,5804,275,2627,346,8431,California
Kings,2021-02-13,104,11047,6,3460,98,7587,0,0,78,5856,26,2653,78,8509,California
Kings,2021-02-14,102,11149,4,3464,98,7685,0,0,94,5942,8,2661,94,8603,California
Kings,2021-02-15,246,11395,5,3469,241,7926,0,0,137,5971,108,2769,137,8740,California
Kings,2021-02-16,488,11883,33,3502,455,8381,0,0,251,5986,236,3005,251,8991,California
Kings,2021-02-17,380,12263,23,3525,357,8738,0,0,243,6093,137,3142,244,9235,California
Kings,2021-02-18,156,12419,23,3548,133,8871,0,0,98,6133,58,3200,98,9333,California
Kings,2021-02-19,159,12578,24,3572,135,9006,0,0,103,6183,53,3253,103,9436,California
Kings,2021-02-20,171,12749,40,3612,131,9137,0,0,134,6280,37,3290,134,9570,California
Kings,2021-02-21,3,12752,2,3614,1,9138,0,0,3,6283,0,3290,3,9573,California
Kings,2021-02-22,110,12862,19,3633,91,9229,0,0,50,6273,60,3350,50,9623,California
Kings,2021-02-23,297,13159,70,3703,227,9456,0,0,180,6336,117,3467,180,9803,California
Kings,2021-02-24,597,13756,154,3857,443,9899,0,0,385,6509,212,3679,385,10188,California
Kings,2021-02-25,685,14441,131,3988,554,10453,0,0,466,6758,217,3896,466,10654,California
Kings,2021-02-26,667,15108,137,4125,530,10983,0,0,605,7301,62,3958,605,11259,California
Kings,2021-02-27,1516,16624,65,4190,1451,12434,0,0,580,6946,935,4893,580,11839,California
Kings,2021-02-28,1171,17795,597,4787,574,13008,0,0,674,7126,494,5387,674,12513,California
Kings,2021-03-01,262,18057,79,4866,183,13191,0,0,215,7294,47,5434,215,12728,California
Kings,2021-03-02,508,18565,242,5108,266,13457,0,0,458,7703,50,5484,459,13187,California
Kings,2021-03-03,640,19205,314,5422,326,13783,0,0,449,7963,189,5673,449,13636,California
Kings,2021-03-04,732,19937,352,5774,380,14163,0,0,632,8496,100,5773,633,14269,California
Kings,2021-03-05,1086,21023,368,6142,709,14872,9,9,966,9352,120,5893,976,15245,California
Kings,2021-03-06,514,21537,187,6329,314,15186,13,22,484,9819,30,5923,497,15742,California
Kings,2021-03-07,366,21903,224,6553,138,15324,4,26,358,10173,8,5931,362,16104,California
Kings,2021-03-08,374,22277,96,6649,225,15549,53,79,263,10377,111,6042,315,16419,California
Kings,2021-03-09,551,22828,252,6901,244,15793,55,134,443,10769,107,6149,499,16918,California
Kings,2021-03-10,574,23402,128,7029,355,16148,91,225,389,11064,184,6333,479,17397,California
Kings,2021-03-11,1035,24437,307,7336,618,16766,110,335,629,11399,404,6737,739,18136,California
Kings,2021-03-12,1379,25816,445,7781,840,17606,94,429,976,12071,401,7138,1073,19209,California
Kings,2021-03-13,681,26497,333,8114,304,17910,44,473,556,12547,125,7263,601,19810,California
Kings,2021-03-14,675,27172,101,8215,185,18095,389,862,201,12663,474,7737,590,20400,California
Kings,2021-03-15,703,27875,266,8481,322,18417,115,977,466,13010,236,7973,583,20983,California
Kings,2021-03-16,1058,28933,446,8927,550,18967,62,1039,720,13454,338,8311,782,21765,California
Kings,2021-03-17,1098,30031,418,9345,619,19586,61,1100,780,13983,319,8630,848,22613,California
Kings,2021-03-18,1124,31155,474,9819,427,20013,223,1323,774,14634,349,8979,1000,23613,California
Kings,2021-03-19,964,32119,469,10288,410,20423,85,1408,738,15245,225,9204,836,24449,California
Kings,2021-03-20,640,32759,255,10543,354,20777,31,1439,465,15575,173,9377,503,24952,California
Kings,2021-03-21,1417,34176,1087,11630,319,21096,11,1450,863,15895,554,9931,874,25826,California
Kings,2021-03-22,447,34623,199,11829,164,21260,84,1534,273,16082,174,10105,361,26187,California
Kings,2021-03-23,916,35539,508,12337,345,21605,63,1597,556,16346,358,10463,622,26809,California
Kings,2021-03-24,957,36496,487,12824,447,22052,23,1620,506,16428,449,10912,531,27340,California
Kings,2021-03-25,918,37414,465,13289,427,22479,26,1646,447,16432,469,11381,473,27813,California
Kings,2021-03-26,1294,38708,379,13668,830,23309,85,1731,515,16257,774,12155,599,28412,California
Kings,2021-03-27,641,39349,258,13926,371,23680,12,1743,158,15946,481,12636,170,28582,California
Kings,2021-03-28,672,40021,601,14527,64,23744,7,1750,405,16099,267,12903,420,29002,California
Kings,2021-03-29,467,40488,210,14737,196,23940,61,1811,259,16212,206,13109,319,29321,California
Kings,2021-03-30,858,41346,473,15210,347,24287,38,1849,425,16243,432,13541,463,29784,California
Kings,2021-03-31,767,42113,378,15588,316,24603,73,1922,423,16403,336,13877,496,30280,California
Kings,2021-04-01,778,42891,388,15976,300,24903,90,2012,352,16425,420,14297,442,30722,California
Kings,2021-04-02,1009,43900,448,16424,437,25340,124,2136,391,16327,613,14910,515,31237,California
Kings,2021-04-03,489,44389,345,16769,135,25475,9,2145,166,16186,317,15227,176,31413,California
Kings,2021-04-04,156,44545,82,16851,68,25543,6,2151,42,16121,113,15340,48,31461,California
Kings,2021-04-05,1053,45598,325,17176,476,26019,252,2403,235,15790,817,16157,486,31947,California
Kings,2021-04-06,1202,46800,450,17626,440,26459,312,2715,280,15463,919,17076,592,32539,California
Kings,2021-04-07,1357,48157,647,18273,524,26983,186,2901,357,15015,997,18073,549,33088,California
Kings,2021-04-08,1609,49766,631,18904,726,27709,252,3153,362,14396,1240,19313,621,33709,California
Kings,2021-04-09,1152,50918,544,19448,430,28139,178,3331,232,13886,918,20231,408,34117,California
Kings,2021-04-10,589,51507,328,19776,159,28298,102,3433,167,13736,420,20651,270,34387,California
Kings,2021-04-11,352,51859,74,19850,271,28569,7,3440,194,13780,157,20808,201,34588,California
Kings,2021-04-12,698,52557,311,20161,187,28756,200,3640,193,13669,504,21312,393,34981,California
Kings,2021-04-13,903,53460,515,20676,388,29144,0,3640,287,13346,615,21927,292,35273,California
Kings,2021-04-14,1039,54499,575,21251,464,29608,0,3640,376,13060,663,22590,377,35650,California
Kings,2021-04-15,1048,55547,520,21771,527,30135,1,3641,450,12914,597,23187,451,36101,California
Kings,2021-04-16,770,56317,360,22131,410,30545,0,3641,257,12659,512,23699,257,36358,California
Kings,2021-04-17,458,56775,244,22375,214,30759,0,3641,186,12574,271,23970,186,36544,California
Kings,2021-04-18,562,57337,239,22614,323,31082,0,3641,43,12098,519,24489,43,36587,California
Kings,2021-04-19,531,57868,294,22908,237,31319,0,3641,285,12139,244,24733,285,36872,California
Kings,2021-04-20,738,58606,447,23355,291,31610,0,3641,236,11874,501,25234,236,37108,California
Kings,2021-04-21,642,59248,308,23663,334,31944,0,3641,222,11683,413,25647,222,37330,California
Kings,2021-04-22,553,59801,276,23939,277,32221,0,3641,202,11538,348,25995,203,37533,California
Kings,2021-04-23,664,60465,289,24228,375,32596,0,3641,327,11530,335,26330,327,37860,California
Kings,2021-04-24,246,60711,178,24406,67,32663,1,3642,118,11522,127,26457,119,37979,California
Kings,2021-04-25,200,60911,181,24587,19,32682,0,3642,164,11650,36,26493,164,38143,California
Kings,2021-04-26,300,61211,158,24745,139,32821,3,3645,189,11732,110,26603,192,38335,California
Kings,2021-04-27,408,61619,178,24923,211,33032,19,3664,170,11684,237,26840,189,38524,California
Kings,2021-04-28,510,62129,253,25176,237,33269,20,3684,263,11720,247,27087,283,38807,California
Kings,2021-04-29,288,62417,112,25288,165,33434,11,3695,135,11715,151,27238,146,38953,California
Kings,2021-04-30,366,62783,164,25452,185,33619,17,3712,153,11676,209,27447,170,39123,California
Kings,2021-05-01,230,63013,167,25619,53,33672,10,3722,74,11606,154,27601,84,39207,California
Kings,2021-05-02,168,63181,146,25765,22,33694,0,3722,126,11690,42,27643,126,39333,California
Kings,2021-05-03,473,63654,256,26021,204,33898,13,3735,123,11477,349,27992,136,39469,California
Kings,2021-05-04,519,64173,260,26281,239,34137,20,3755,161,11300,358,28350,181,39650,California
Kings,2021-05-05,551,64724,286,26567,245,34382,20,3775,137,11043,414,28764,157,39807,California
Kings,2021-05-06,541,65265,270,26837,248,34630,23,3798,121,10769,418,29182,144,39951,California
Kings,2021-05-07,365,65630,209,27046,142,34772,14,3812,147,10714,216,29398,161,40112,California
Kings,2021-05-08,229,65859,166,27212,52,34824,11,3823,74,10644,155,29553,85,40197,California
Kings,2021-05-09,192,66051,64,27276,128,34952,0,3823,40,10532,152,29705,40,40237,California
Kings,2021-05-10,339,66390,263,27539,66,35018,10,3833,115,10433,223,29928,124,40361,California
Kings,2021-05-11,373,66763,230,27769,115,35133,28,3861,117,10323,256,30184,146,40507,California
Kings,2021-05-12,372,67135,140,27909,219,35352,13,3874,160,10286,210,30394,173,40680,California
Kings,2021-05-13,385,67520,135,28044,232,35584,18,3892,149,10217,236,30630,167,40847,California
Kings,2021-05-14,463,67983,316,28360,116,35700,31,3923,241,10268,221,30851,272,41119,California
Kings,2021-05-15,348,68331,249,28609,82,35782,17,3940,194,10325,154,31005,211,41330,California
Kings,2021-05-16,250,68581,222,28831,27,35809,1,3941,79,10234,171,31176,80,41410,California
Kings,2021-05-17,405,68986,323,29154,65,35874,17,3958,218,10284,185,31361,235,41645,California
Kings,2021-05-18,390,69376,274,29428,103,35977,13,3971,226,10360,164,31525,240,41885,California
Kings,2021-05-19,574,69950,282,29710,270,36247,22,3993,231,10272,341,31866,253,42138,California
Kings,2021-05-20,398,70348,193,29903,178,36425,27,4020,241,10384,157,32023,269,42407,California
Kings,2021-05-21,450,70798,218,30121,222,36647,10,4030,225,10398,221,32244,235,42642,California
Kings,2021-05-22,254,71052,204,30325,39,36686,11,4041,192,10541,60,32304,203,42845,California
Kings,2021-05-23,200,71252,198,30523,2,36688,0,4041,97,10535,103,32407,97,42942,California
Kings,2021-05-24,248,71500,163,30686,71,36759,14,4055,122,10545,126,32533,136,43078,California
Kings,2021-05-25,383,71883,260,30946,102,36861,21,4076,237,10658,145,32678,258,43336,California
Kings,2021-05-26,305,72188,124,31070,163,37024,18,4094,132,10635,173,32851,150,43486,California
Kings,2021-05-27,328,72516,183,31253,127,37151,18,4112,184,10696,141,32992,202,43688,California
Kings,2021-05-28,289,72805,141,31394,130,37281,18,4130,140,10707,146,33138,157,43845,California
Kings,2021-05-29,168,72973,97,31491,59,37340,12,4142,86,10724,81,33219,98,43943,California
Kings,2021-05-30,77,73050,72,31563,3,37343,2,4144,34,10717,43,33262,36,43979,California
Lake,2020-12-17,4,4,4,4,0,0,0,0,4,4,0,0,4,4,California
Lake,2020-12-18,51,55,51,55,0,0,0,0,51,55,0,0,51,55,California
Lake,2020-12-19,3,58,3,58,0,0,0,0,3,58,0,0,3,58,California
Lake,2020-12-20,6,64,6,64,0,0,0,0,6,64,0,0,6,64,California
Lake,2020-12-21,86,150,86,150,0,0,0,0,86,150,0,0,86,150,California
Lake,2020-12-22,63,213,60,210,3,3,0,0,63,213,0,0,63,213,California
Lake,2020-12-23,123,336,114,324,9,12,0,0,123,336,0,0,123,336,California
Lake,2020-12-24,2,338,0,324,2,14,0,0,2,338,0,0,2,338,California
Lake,2020-12-26,2,340,2,326,0,14,0,0,2,340,0,0,2,340,California
Lake,2020-12-27,2,342,2,328,0,14,0,0,2,342,0,0,2,342,California
Lake,2020-12-28,52,394,43,371,9,23,0,0,52,394,0,0,52,394,California
Lake,2020-12-29,50,444,45,416,5,28,0,0,50,444,0,0,50,444,California
Lake,2020-12-30,126,570,119,535,7,35,0,0,126,570,0,0,126,570,California
Lake,2020-12-31,67,637,64,599,3,38,0,0,67,637,0,0,67,637,California
Lake,2021-01-01,1,638,0,599,1,39,0,0,1,638,0,0,1,638,California
Lake,2021-01-02,2,640,1,600,1,40,0,0,2,640,0,0,2,640,California
Lake,2021-01-04,88,728,21,621,67,107,0,0,88,728,0,0,88,728,California
Lake,2021-01-05,120,848,59,680,61,168,0,0,118,844,2,2,118,846,California
Lake,2021-01-06,105,953,65,745,40,208,0,0,103,945,2,4,103,949,California
Lake,2021-01-07,108,1061,85,830,23,231,0,0,99,1035,9,13,99,1048,California
Lake,2021-01-08,152,1213,124,954,28,259,0,0,100,1083,52,65,100,1148,California
Lake,2021-01-09,63,1276,61,1015,2,261,0,0,59,1138,4,69,59,1207,California
Lake,2021-01-10,3,1279,3,1018,0,261,0,0,0,1135,3,72,0,1207,California
Lake,2021-01-11,192,1471,151,1169,41,302,0,0,112,1167,80,152,112,1319,California
Lake,2021-01-12,81,1552,48,1217,33,335,0,0,57,1200,24,176,57,1376,California
Lake,2021-01-13,165,1717,112,1329,53,388,0,0,108,1251,57,233,108,1484,California
Lake,2021-01-14,147,1864,46,1375,101,489,0,0,125,1354,22,255,125,1609,California
Lake,2021-01-15,218,2082,92,1467,126,615,0,0,191,1518,27,282,191,1800,California
Lake,2021-01-16,134,2216,81,1548,53,668,0,0,132,1648,2,284,132,1932,California
Lake,2021-01-17,18,2234,6,1554,12,680,0,0,12,1654,6,290,12,1944,California
Lake,2021-01-18,246,2480,227,1781,19,699,0,0,125,1658,121,411,125,2069,California
Lake,2021-01-19,312,2792,118,1899,194,893,0,0,267,1881,45,456,268,2337,California
Lake,2021-01-20,422,3214,80,1979,342,1235,0,0,358,2176,63,519,358,2695,California
Lake,2021-01-21,434,3648,49,2028,385,1620,0,0,399,2540,35,554,399,3094,California
Lake,2021-01-22,318,3966,46,2074,272,1892,0,0,282,2786,36,590,282,3376,California
Lake,2021-01-23,122,4088,5,2079,117,2009,0,0,121,2906,1,591,121,3497,California
Lake,2021-01-24,5,4093,2,2081,3,2012,0,0,5,2911,0,591,5,3502,California
Lake,2021-01-25,258,4351,95,2176,163,2175,0,0,177,3007,81,672,177,3679,California
Lake,2021-01-26,430,4781,36,2212,394,2569,0,0,407,3391,23,695,407,4086,California
Lake,2021-01-27,359,5140,41,2253,318,2887,0,0,331,3695,28,723,332,4418,California
Lake,2021-01-28,498,5638,161,2414,337,3224,0,0,368,3933,130,853,368,4786,California
Lake,2021-01-29,639,6277,86,2500,553,3777,0,0,579,4452,60,913,579,5365,California
Lake,2021-01-30,553,6830,44,2544,509,4286,0,0,547,4993,6,919,547,5912,California
Lake,2021-01-31,14,6844,8,2552,6,4292,0,0,12,5003,2,921,12,5924,California
Lake,2021-02-01,180,7024,18,2570,162,4454,0,0,166,5155,14,935,166,6090,California
Lake,2021-02-02,564,7588,152,2722,412,4866,0,0,398,5387,166,1101,398,6488,California
Lake,2021-02-03,445,8033,33,2755,412,5278,0,0,340,5622,105,1206,340,6828,California
Lake,2021-02-04,119,8152,68,2823,51,5329,0,0,72,5647,47,1253,72,6900,California
Lake,2021-02-05,379,8531,70,2893,309,5638,0,0,288,5846,89,1342,288,7188,California
Lake,2021-02-06,275,8806,40,2933,235,5873,0,0,264,6099,11,1353,264,7452,California
Lake,2021-02-07,2,8808,1,2934,1,5874,0,0,2,6101,0,1353,2,7454,California
Lake,2021-02-08,279,9087,207,3141,72,5946,0,0,159,6140,120,1473,159,7613,California
Lake,2021-02-09,345,9432,24,3165,321,6267,0,0,301,6398,43,1516,301,7914,California
Lake,2021-02-10,352,9784,54,3219,298,6565,0,0,274,6594,78,1594,274,8188,California
Lake,2021-02-11,176,9960,18,3237,158,6723,0,0,58,6534,118,1712,58,8246,California
Lake,2021-02-12,374,10334,29,3266,345,7068,0,0,286,6733,87,1799,286,8532,California
Lake,2021-02-13,247,10581,7,3273,240,7308,0,0,236,6958,11,1810,236,8768,California
Lake,2021-02-14,20,10601,5,3278,15,7323,0,0,6,6950,14,1824,6,8774,California
Lake,2021-02-15,171,10772,13,3291,158,7481,0,0,8,6796,162,1986,8,8782,California
Lake,2021-02-16,424,11196,23,3314,401,7882,0,0,176,6724,248,2234,176,8958,California
Lake,2021-02-17,351,11547,54,3368,297,8179,0,0,70,6514,280,2514,70,9028,California
Lake,2021-02-18,459,12006,70,3438,389,8568,0,0,115,6285,344,2858,115,9143,California
Lake,2021-02-19,421,12427,28,3466,393,8961,0,0,94,6052,327,3185,94,9237,California
Lake,2021-02-20,295,12722,61,3527,234,9195,0,0,252,6262,42,3227,252,9489,California
Lake,2021-02-21,6,12728,6,3533,0,9195,0,0,0,6256,6,3233,0,9489,California
Lake,2021-02-22,141,12869,24,3557,117,9312,0,0,43,6201,98,3331,43,9532,California
Lake,2021-02-23,214,13083,14,3571,200,9512,0,0,28,6043,186,3517,28,9560,California
Lake,2021-02-24,957,14040,378,3949,579,10091,0,0,417,5921,539,4056,417,9977,California
Lake,2021-02-25,732,14772,467,4416,265,10356,0,0,472,6136,257,4313,472,10449,California
Lake,2021-02-26,995,15767,304,4720,691,11047,0,0,350,5844,642,4955,350,10799,California
Lake,2021-02-27,410,16177,98,4818,312,11359,0,0,328,6090,82,5037,328,11127,California
Lake,2021-02-28,17,16194,11,4829,6,11365,0,0,10,6093,7,5044,10,11137,California
Lake,2021-03-01,596,16790,53,4882,543,11908,0,0,443,6383,153,5197,443,11580,California
Lake,2021-03-02,744,17534,17,4899,727,12635,0,0,289,6217,455,5652,289,11869,California
Lake,2021-03-03,369,17903,196,5095,173,12808,0,0,146,6140,223,5875,146,12015,California
Lake,2021-03-04,579,18482,507,5602,72,12880,0,0,562,6685,17,5892,562,12577,California
Lake,2021-03-05,1048,19530,52,5654,996,13876,0,0,186,6013,858,6750,186,12763,California
Lake,2021-03-06,34,19564,9,5663,24,13900,1,1,21,6022,13,6763,22,12785,California
Lake,2021-03-07,7,19571,5,5668,2,13902,0,1,4,6023,3,6766,4,12789,California
Lake,2021-03-08,339,19910,267,5935,63,13965,9,10,299,6291,40,6806,308,13097,California
Lake,2021-03-09,930,20840,42,5977,871,14836,17,27,406,6191,523,7329,423,13520,California
Lake,2021-03-10,204,21044,60,6037,131,14967,13,40,135,6271,69,7398,149,13669,California
Lake,2021-03-11,585,21629,48,6085,62,15029,475,515,47,6255,538,7936,522,14191,California
Lake,2021-03-12,851,22480,203,6288,623,15652,25,540,362,6154,488,8424,387,14578,California
Lake,2021-03-13,278,22758,22,6310,20,15672,236,776,16,6144,261,8685,251,14829,California
Lake,2021-03-14,11,22769,2,6312,9,15681,0,776,7,6147,4,8689,7,14836,California
Lake,2021-03-15,642,23411,14,6326,611,16292,17,793,482,6486,160,8849,499,15335,California
Lake,2021-03-16,1113,24524,834,7160,262,16554,17,810,444,6281,665,9514,460,15795,California
Lake,2021-03-17,248,24772,121,7281,105,16659,22,832,92,6239,156,9670,114,15909,California
Lake,2021-03-18,748,25520,373,7654,338,16997,37,869,371,6270,376,10046,407,16316,California
Lake,2021-03-19,582,26102,315,7969,247,17244,20,889,475,6659,106,10152,495,16811,California
Lake,2021-03-20,250,26352,9,7978,238,17482,3,892,31,6476,217,10369,34,16845,California
Lake,2021-03-21,16,26368,11,7989,4,17486,1,893,11,6483,5,10374,12,16857,California
Lake,2021-03-22,337,26705,256,8245,67,17553,14,907,251,6662,86,10460,265,17122,California
Lake,2021-03-23,429,27134,21,8266,395,17948,13,920,364,6975,64,10524,377,17499,California
Lake,2021-03-24,423,27557,62,8328,353,18301,8,928,326,7214,96,10620,335,17834,California
Lake,2021-03-25,676,28233,485,8813,185,18486,6,934,178,6899,498,11118,183,18017,California
Lake,2021-03-26,68,28301,33,8846,34,18520,1,935,32,6896,36,11154,33,18050,California
Lake,2021-03-27,309,28610,7,8853,299,18819,3,938,17,6626,290,11444,20,18070,California
Lake,2021-03-28,17,28627,8,8861,9,18828,0,938,11,6631,6,11450,11,18081,California
Lake,2021-03-29,989,29616,286,9147,701,19529,2,940,205,6056,782,12232,207,18288,California
Lake,2021-03-30,464,30080,315,9462,147,19676,2,942,366,6327,97,12329,368,18656,California
Lake,2021-03-31,616,30696,60,9522,556,20232,0,942,434,6588,173,12502,434,19090,California
Lake,2021-04-01,447,31143,234,9756,201,20433,12,954,186,6529,257,12759,198,19288,California
Lake,2021-04-02,222,31365,41,9797,153,20586,28,982,97,6529,125,12884,125,19413,California
Lake,2021-04-03,32,31397,6,9803,23,20609,3,985,13,6526,19,12903,16,19429,California
Lake,2021-04-04,20,31417,11,9814,7,20616,2,987,15,6538,5,12908,17,19446,California
Lake,2021-04-05,642,32059,70,9884,553,21169,19,1006,402,6722,237,13145,421,19867,California
Lake,2021-04-06,477,32536,17,9901,434,21603,26,1032,304,6880,172,13317,330,20197,California
Lake,2021-04-07,522,33058,57,9958,414,22017,51,1083,353,7118,167,13484,405,20602,California
Lake,2021-04-08,602,33660,492,10450,45,22062,65,1148,102,6792,497,13981,171,20773,California
Lake,2021-04-09,281,33941,39,10489,173,22235,69,1217,48,6678,230,14211,116,20889,California
Lake,2021-04-10,254,34195,15,10504,14,22249,225,1442,10,6669,244,14455,235,21124,California
Lake,2021-04-11,22,34217,17,10521,3,22252,2,1444,7,6663,15,14470,9,21133,California
Lake,2021-04-12,1068,35285,232,10753,803,23055,33,1477,237,6103,830,15300,270,21403,California
Lake,2021-04-13,180,35465,109,10862,71,23126,0,1477,54,6031,126,15426,54,21457,California
Lake,2021-04-14,614,36079,38,10900,576,23702,0,1477,549,6516,64,15490,549,22006,California
Lake,2021-04-15,640,36719,192,11092,448,24150,0,1477,331,6538,309,15799,331,22337,California
Lake,2021-04-16,265,36984,30,11122,234,24384,1,1478,74,6423,190,15989,75,22412,California
Lake,2021-04-17,43,37027,12,11134,31,24415,0,1478,33,6446,10,15999,33,22445,California
Lake,2021-04-18,8,37035,5,11139,3,24418,0,1478,0,6438,8,16007,0,22445,California
Lake,2021-04-19,297,37332,38,11177,259,24677,0,1478,246,6633,51,16058,246,22691,California
Lake,2021-04-20,691,38023,277,11454,414,25091,0,1478,91,6126,599,16657,92,22783,California
Lake,2021-04-21,533,38556,64,11518,469,25560,0,1478,199,5991,334,16991,199,22982,California
Lake,2021-04-22,467,39023,50,11568,417,25977,0,1478,318,6161,148,17139,318,23300,California
Lake,2021-04-23,115,39138,60,11628,55,26032,0,1478,69,6184,46,17185,69,23369,California
Lake,2021-04-24,53,39191,9,11637,44,26076,0,1478,39,6209,14,17199,39,23408,California
Lake,2021-04-25,36,39227,19,11656,17,26093,0,1478,24,6221,12,17211,24,23432,California
Lake,2021-04-26,289,39516,80,11736,208,26301,1,1479,85,6103,204,17415,86,23518,California
Lake,2021-04-27,244,39760,22,11758,204,26505,18,1497,81,6039,163,17578,99,23617,California
Lake,2021-04-28,508,40268,48,11806,445,26950,15,1512,89,5725,417,17995,103,23720,California
Lake,2021-04-29,213,40481,84,11890,113,27063,16,1528,113,5754,100,18095,129,23849,California
Lake,2021-04-30,289,40770,46,11936,212,27275,31,1559,149,5794,140,18235,180,24029,California
Lake,2021-05-01,47,40817,26,11962,19,27294,2,1561,32,5813,15,18250,34,24063,California
Lake,2021-05-02,18,40835,9,11971,8,27302,1,1562,9,5814,9,18259,10,24073,California
Lake,2021-05-03,411,41246,27,11998,349,27651,35,1597,64,5567,346,18605,99,24172,California
Lake,2021-05-04,404,41650,216,12214,140,27791,48,1645,124,5460,279,18884,172,24344,California
Lake,2021-05-05,630,42280,45,12259,573,28364,12,1657,87,5018,540,19424,98,24442,California
Lake,2021-05-06,142,42422,19,12278,94,28458,29,1686,73,5050,69,19493,101,24543,California
Lake,2021-05-07,166,42588,30,12308,116,28574,20,1706,102,5110,62,19555,122,24665,California
Lake,2021-05-08,43,42631,8,12316,35,28609,0,1706,36,5139,7,19562,36,24701,California
Lake,2021-05-09,17,42648,2,12318,10,28619,5,1711,10,5147,7,19569,15,24716,California
Lake,2021-05-10,244,42892,12,12330,205,28824,27,1738,59,5049,184,19753,86,24802,California
Lake,2021-05-11,193,43085,27,12357,151,28975,15,1753,117,5106,76,19829,133,24935,California
Lake,2021-05-12,540,43625,31,12388,489,29464,20,1773,54,4693,486,20315,73,25008,California
Lake,2021-05-13,301,43926,58,12446,230,29694,13,1786,65,4537,234,20549,78,25086,California
Lake,2021-05-14,264,44190,81,12527,164,29858,19,1805,161,4615,101,20650,179,25265,California
Lake,2021-05-15,45,44235,18,12545,24,29882,3,1808,27,4627,18,20668,30,25295,California
Lake,2021-05-16,32,44267,18,12563,13,29895,1,1809,17,4630,15,20683,18,25313,California
Lake,2021-05-17,315,44582,44,12607,256,30151,15,1824,84,4501,228,20911,99,25412,California
Lake,2021-05-18,303,44885,67,12674,217,30368,19,1843,175,4568,127,21038,194,25606,California
Lake,2021-05-19,302,45187,57,12731,230,30598,15,1858,78,4438,223,21261,93,25699,California
Lake,2021-05-20,227,45414,60,12791,156,30754,11,1869,90,4402,137,21398,101,25800,California
Lake,2021-05-21,251,45665,53,12844,175,30929,23,1892,98,4372,151,21549,121,25921,California
Lake,2021-05-22,87,45752,51,12895,34,30963,2,1894,45,4377,42,21591,47,25968,California
Lake,2021-05-23,51,45803,27,12922,23,30986,1,1895,27,4381,24,21615,28,25996,California
Lake,2021-05-24,151,45954,36,12958,102,31088,13,1908,69,4381,82,21697,82,26078,California
Lake,2021-05-25,194,46148,51,13009,129,31217,14,1922,69,4340,124,21821,83,26161,California
Lake,2021-05-26,150,46298,45,13054,93,31310,12,1934,53,4310,95,21916,65,26226,California
Lake,2021-05-27,159,46457,45,13099,100,31410,14,1948,63,4292,95,22011,77,26303,California
Lake,2021-05-28,180,46637,22,13121,128,31538,30,1978,45,4232,135,22146,75,26378,California
Lake,2021-05-29,30,46667,7,13128,18,31556,5,1983,11,4229,19,22165,16,26394,California
Lake,2021-05-30,11,46678,0,13128,9,31565,2,1985,4,4228,7,22172,6,26400,California
Lassen,2020-12-16,8,8,8,8,0,0,0,0,8,8,0,0,8,8,California
Lassen,2020-12-17,6,14,6,14,0,0,0,0,6,14,0,0,6,14,California
Lassen,2020-12-18,1,15,1,15,0,0,0,0,1,15,0,0,1,15,California
Lassen,2020-12-19,5,20,5,20,0,0,0,0,5,20,0,0,5,20,California
Lassen,2020-12-20,2,22,2,22,0,0,0,0,2,22,0,0,2,22,California
Lassen,2020-12-21,11,33,11,33,0,0,0,0,11,33,0,0,11,33,California
Lassen,2020-12-22,22,55,22,55,0,0,0,0,22,55,0,0,22,55,California
Lassen,2020-12-23,6,61,6,61,0,0,0,0,6,61,0,0,6,61,California
Lassen,2020-12-24,11,72,11,72,0,0,0,0,11,72,0,0,11,72,California
Lassen,2020-12-28,3,75,2,74,1,1,0,0,3,75,0,0,3,75,California
Lassen,2020-12-29,35,110,35,109,0,1,0,0,35,110,0,0,35,110,California
Lassen,2020-12-30,36,146,35,144,1,2,0,0,36,146,0,0,36,146,California
Lassen,2020-12-31,49,195,42,186,7,9,0,0,49,195,0,0,49,195,California
Lassen,2021-01-02,1,196,0,186,1,10,0,0,1,196,0,0,1,196,California
Lassen,2021-01-04,15,211,2,188,13,23,0,0,15,211,0,0,15,211,California
Lassen,2021-01-05,193,404,52,240,141,164,0,0,193,404,0,0,193,404,California
Lassen,2021-01-06,95,499,44,284,51,215,0,0,87,484,8,8,88,492,California
Lassen,2021-01-07,43,542,7,291,36,251,0,0,37,515,6,14,37,529,California
Lassen,2021-01-08,50,592,2,293,48,299,0,0,50,565,0,14,50,579,California
Lassen,2021-01-09,12,604,6,299,6,305,0,0,12,577,0,14,12,591,California
Lassen,2021-01-11,27,631,5,304,22,327,0,0,27,604,0,14,27,618,California
Lassen,2021-01-12,48,679,28,332,20,347,0,0,30,616,18,32,30,648,California
Lassen,2021-01-13,162,841,19,351,143,490,0,0,147,748,15,47,147,795,California
Lassen,2021-01-14,162,1003,18,369,144,634,0,0,150,886,12,59,150,945,California
Lassen,2021-01-15,32,1035,6,375,26,660,0,0,32,918,0,59,32,977,California
Lassen,2021-01-16,34,1069,33,408,1,661,0,0,34,952,0,59,34,1011,California
Lassen,2021-01-17,1,1070,0,408,1,662,0,0,1,953,0,59,1,1012,California
Lassen,2021-01-18,5,1075,2,410,3,665,0,0,4,956,1,60,4,1016,California
Lassen,2021-01-19,186,1261,36,446,150,815,0,0,158,1086,28,88,158,1174,California
Lassen,2021-01-20,188,1449,100,546,88,903,0,0,105,1123,68,156,105,1279,California
Lassen,2021-01-21,145,1594,93,639,52,955,0,0,121,1226,18,174,121,1400,California
Lassen,2021-01-22,31,1625,18,657,13,968,0,0,21,1237,10,184,21,1421,California
Lassen,2021-01-23,2,1627,0,657,2,970,0,0,2,1239,0,184,2,1423,California
Lassen,2021-01-24,1,1628,0,657,1,971,0,0,1,1240,0,184,1,1424,California
Lassen,2021-01-25,12,1640,1,658,11,982,0,0,11,1250,1,185,11,1435,California
Lassen,2021-01-26,126,1766,12,670,114,1096,0,0,122,1368,4,189,122,1557,California
Lassen,2021-01-27,87,1853,35,705,52,1148,0,0,69,1419,18,207,69,1626,California
Lassen,2021-01-28,85,1938,15,720,70,1218,0,0,84,1502,1,208,84,1710,California
Lassen,2021-01-29,23,1961,7,727,16,1234,0,0,22,1523,1,209,22,1732,California
Lassen,2021-02-01,61,2022,4,731,57,1291,0,0,36,1534,25,234,36,1768,California
Lassen,2021-02-02,177,2199,12,743,165,1456,0,0,44,1445,133,367,44,1812,California
Lassen,2021-02-03,96,2295,21,764,75,1531,0,0,50,1449,46,413,50,1862,California
Lassen,2021-02-04,112,2407,15,779,97,1628,0,0,63,1463,49,462,63,1925,California
Lassen,2021-02-05,66,2473,12,791,54,1682,0,0,24,1445,42,504,24,1949,California
Lassen,2021-02-06,69,2542,34,825,35,1717,0,0,36,1449,32,536,36,1985,California
Lassen,2021-02-07,1,2543,1,826,0,1717,0,0,1,1450,0,536,1,1986,California
Lassen,2021-02-08,44,2587,4,830,40,1757,0,0,18,1442,26,562,18,2004,California
Lassen,2021-02-09,128,2715,7,837,121,1878,0,0,49,1412,79,641,49,2053,California
Lassen,2021-02-10,182,2897,21,858,161,2039,0,0,74,1378,108,749,74,2127,California
Lassen,2021-02-11,183,3080,16,874,167,2206,0,0,80,1356,102,851,80,2207,California
Lassen,2021-02-12,42,3122,11,885,31,2237,0,0,15,1344,27,878,15,2222,California
Lassen,2021-02-13,11,3133,3,888,8,2245,0,0,9,1351,2,880,9,2231,California
Lassen,2021-02-14,13,3146,0,888,13,2258,0,0,12,1362,1,881,12,2243,California
Lassen,2021-02-15,22,3168,3,891,19,2277,0,0,17,1375,4,885,17,2260,California
Lassen,2021-02-16,192,3360,4,895,188,2465,0,0,30,1245,160,1045,30,2290,California
Lassen,2021-02-17,183,3543,94,989,89,2554,0,0,10,1082,173,1218,10,2300,California
Lassen,2021-02-18,79,3622,22,1011,57,2611,0,0,19,1041,60,1278,19,2319,California
Lassen,2021-02-19,80,3702,60,1071,20,2631,0,0,17,995,63,1341,17,2336,California
Lassen,2021-02-20,8,3710,0,1071,8,2639,0,0,6,999,2,1343,6,2342,California
Lassen,2021-02-21,22,3732,2,1073,20,2659,0,0,18,1013,4,1347,18,2360,California
Lassen,2021-02-22,24,3756,10,1083,14,2673,0,0,6,1001,18,1365,6,2366,California
Lassen,2021-02-23,155,3911,11,1094,144,2817,0,0,43,932,112,1477,43,2409,California
Lassen,2021-02-24,164,4075,16,1110,148,2965,0,0,106,981,57,1534,106,2515,California
Lassen,2021-02-25,158,4233,21,1131,137,3102,0,0,99,1021,59,1593,99,2614,California
Lassen,2021-02-26,73,4306,16,1147,57,3159,0,0,36,1020,37,1630,36,2650,California
Lassen,2021-02-27,8,4314,7,1154,1,3160,0,0,3,1018,5,1635,3,2653,California
Lassen,2021-02-28,5,4319,0,1154,5,3165,0,0,3,1019,2,1637,3,2656,California
Lassen,2021-03-01,42,4361,4,1158,38,3203,0,0,8,994,33,1670,8,2664,California
Lassen,2021-03-02,106,4467,7,1165,99,3302,0,0,80,1049,25,1695,80,2744,California
Lassen,2021-03-03,167,4634,12,1177,155,3457,0,0,110,1102,57,1752,110,2854,California
Lassen,2021-03-04,149,4783,17,1194,132,3589,0,0,98,1150,50,1802,98,2952,California
Lassen,2021-03-05,49,4832,7,1201,18,3607,24,24,11,1147,38,1840,35,2987,California
Lassen,2021-03-06,55,4887,4,1205,29,3636,22,46,5,1124,50,1890,27,3014,California
Lassen,2021-03-07,57,4944,2,1207,0,3636,55,101,2,1126,55,1945,57,3071,California
Lassen,2021-03-08,89,5033,2,1209,7,3643,80,181,3,1123,86,2031,83,3154,California
Lassen,2021-03-09,137,5170,11,1220,109,3752,17,198,89,1181,48,2079,106,3260,California
Lassen,2021-03-10,173,5343,10,1230,161,3913,2,200,79,1169,93,2172,81,3341,California
Lassen,2021-03-11,183,5526,15,1245,161,4074,7,207,111,1218,69,2241,118,3459,California
Lassen,2021-03-12,34,5560,17,1262,13,4087,4,211,12,1212,22,2263,16,3475,California
Lassen,2021-03-13,48,5608,0,1262,2,4089,46,257,1,1211,47,2310,46,3521,California
Lassen,2021-03-14,14,5622,2,1264,11,4100,1,258,2,1202,12,2322,3,3524,California
Lassen,2021-03-15,34,5656,3,1267,31,4131,0,258,16,1200,18,2340,16,3540,California
Lassen,2021-03-16,93,5749,2,1269,85,4216,6,264,74,1261,19,2359,80,3620,California
Lassen,2021-03-17,1083,6832,9,1278,1069,5285,5,269,1064,2311,19,2378,1069,4689,California
Lassen,2021-03-18,93,6925,9,1287,83,5368,1,270,80,2379,13,2391,81,4770,California
Lassen,2021-03-19,17,6942,11,1298,2,5370,4,274,7,2380,10,2401,11,4781,California
Lassen,2021-03-20,28,6970,3,1301,22,5392,3,277,21,2397,7,2408,24,4805,California
Lassen,2021-03-21,34,7004,0,1301,34,5426,0,277,14,2392,19,2427,14,4819,California
Lassen,2021-03-22,58,7062,1,1302,57,5483,0,277,55,2444,3,2430,55,4874,California
Lassen,2021-03-23,120,7182,11,1313,108,5591,1,278,67,2459,53,2483,68,4942,California
Lassen,2021-03-24,213,7395,13,1326,199,5790,1,279,107,2463,104,2587,108,5050,California
Lassen,2021-03-25,152,7547,21,1347,131,5921,0,279,69,2449,83,2670,69,5119,California
Lassen,2021-03-26,78,7625,13,1360,26,5947,39,318,19,2448,58,2728,57,5176,California
Lassen,2021-03-27,19,7644,3,1363,1,5948,15,333,2,2448,17,2745,17,5193,California
Lassen,2021-03-28,18,7662,3,1366,5,5953,10,343,3,2446,15,2760,13,5206,California
Lassen,2021-03-29,52,7714,0,1366,27,5980,25,368,20,2460,31,2791,45,5251,California
Lassen,2021-03-30,197,7911,10,1376,161,6141,26,394,52,2393,145,2936,78,5329,California
Lassen,2021-03-31,147,8058,12,1388,113,6254,22,416,62,2393,84,3020,84,5413,California
Lassen,2021-04-01,165,8223,15,1403,131,6385,19,435,48,2344,116,3136,67,5480,California
Lassen,2021-04-02,30,8253,4,1407,3,6388,23,458,2,2341,28,3164,25,5505,California
Lassen,2021-04-03,12,8265,0,1407,2,6390,10,468,0,2339,12,3176,10,5515,California
Lassen,2021-04-04,7,8272,2,1409,0,6390,5,473,1,2339,6,3182,6,5521,California
Lassen,2021-04-05,22,8294,4,1413,11,6401,7,480,11,2346,11,3193,18,5539,California
Lassen,2021-04-06,183,8477,9,1422,144,6545,30,510,52,2297,131,3324,82,5621,California
Lassen,2021-04-07,134,8611,6,1428,91,6636,37,547,32,2266,102,3426,71,5692,California
Lassen,2021-04-08,166,8777,8,1436,102,6738,56,603,31,2222,131,3557,87,5779,California
Lassen,2021-04-09,51,8828,6,1442,10,6748,35,638,8,2222,42,3599,42,5821,California
Lassen,2021-04-10,9,8837,0,1442,2,6750,7,645,0,2221,8,3607,7,5828,California
Lassen,2021-04-11,5,8842,2,1444,0,6750,3,648,2,2223,3,3610,5,5833,California
Lassen,2021-04-12,31,8873,3,1447,15,6765,13,661,3,2211,28,3638,16,5849,California
Lassen,2021-04-13,129,9002,6,1453,123,6888,0,661,40,2163,88,3726,40,5889,California
Lassen,2021-04-14,987,9989,16,1469,971,7859,0,661,50,1277,936,4662,50,5939,California
Lassen,2021-04-15,147,10136,14,1483,133,7992,0,661,19,1168,128,4790,19,5958,California
Lassen,2021-04-16,12,10148,4,1487,8,8000,0,661,5,1166,7,4797,5,5963,California
Lassen,2021-04-17,22,10170,2,1489,20,8020,0,661,4,1152,18,4815,4,5967,California
Lassen,2021-04-18,5,10175,2,1491,3,8023,0,661,2,1151,3,4818,2,5969,California
Lassen,2021-04-19,32,10207,0,1491,32,8055,0,661,16,1151,16,4834,16,5985,California
Lassen,2021-04-20,138,10345,7,1498,131,8186,0,661,52,1117,86,4920,52,6037,California
Lassen,2021-04-21,164,10509,10,1508,154,8340,0,661,32,1019,130,5050,32,6069,California
Lassen,2021-04-22,103,10612,17,1525,86,8426,0,661,33,982,70,5120,33,6102,California
Lassen,2021-04-23,26,10638,1,1526,25,8451,0,661,20,996,6,5126,20,6122,California
Lassen,2021-04-24,9,10647,5,1531,4,8455,0,661,3,993,6,5132,3,6125,California
Lassen,2021-04-25,5,10652,0,1531,4,8459,1,662,3,995,2,5134,4,6129,California
Lassen,2021-04-26,40,10692,0,1531,36,8495,4,666,7,973,33,5167,11,6140,California
Lassen,2021-04-27,123,10815,9,1540,111,8606,3,669,70,993,53,5220,73,6213,California
Lassen,2021-04-28,84,10899,8,1548,74,8680,2,671,31,973,53,5273,33,6246,California
Lassen,2021-04-29,65,10964,6,1554,56,8736,3,674,22,956,42,5315,25,6271,California
Lassen,2021-04-30,13,10977,8,1562,2,8738,3,677,4,954,9,5324,7,6278,California
Lassen,2021-05-01,4,10981,0,1562,3,8741,1,678,3,957,1,5325,4,6282,California
Lassen,2021-05-02,11,10992,7,1569,4,8745,0,678,7,960,4,5329,7,6289,California
Lassen,2021-05-03,18,11010,1,1570,10,8755,7,685,3,955,15,5344,10,6299,California
Lassen,2021-05-04,71,11081,4,1574,59,8814,8,693,20,932,51,5395,28,6327,California
Lassen,2021-05-05,81,11162,4,1578,67,8881,10,703,26,914,54,5449,36,6363,California
Lassen,2021-05-06,83,11245,21,1599,40,8921,22,725,24,901,59,5508,46,6409,California
Lassen,2021-05-07,47,11292,32,1631,10,8931,5,730,39,937,8,5516,44,6453,California
Lassen,2021-05-08,11,11303,0,1631,5,8936,6,736,4,940,7,5523,10,6463,California
Lassen,2021-05-09,3,11306,1,1632,0,8936,2,738,0,939,3,5526,2,6465,California
Lassen,2021-05-10,13,11319,1,1633,9,8945,3,741,7,943,6,5532,10,6475,California
Lassen,2021-05-11,70,11389,1,1634,60,9005,9,750,19,920,51,5583,28,6503,California
Lassen,2021-05-12,41,11430,4,1638,32,9037,5,755,12,908,29,5612,17,6520,California
Lassen,2021-05-13,37,11467,11,1649,21,9058,5,760,12,900,25,5637,17,6537,California
Lassen,2021-05-14,23,11490,5,1654,10,9068,8,768,12,909,11,5648,20,6557,California
Lassen,2021-05-15,16,11506,2,1656,4,9072,10,778,4,911,12,5660,14,6571,California
Lassen,2021-05-16,7,11513,2,1658,3,9075,2,780,2,911,4,5664,4,6575,California
Lassen,2021-05-17,35,11548,3,1661,20,9095,12,792,11,910,24,5688,23,6598,California
Lassen,2021-05-18,95,11643,12,1673,70,9165,13,805,31,890,64,5752,44,6642,California
Lassen,2021-05-19,64,11707,6,1679,47,9212,11,816,11,859,52,5804,21,6663,California
Lassen,2021-05-20,30,11737,5,1684,16,9228,9,825,9,856,21,5825,18,6681,California
Lassen,2021-05-21,65,11802,31,1715,21,9249,13,838,35,874,30,5855,48,6729,California
Lassen,2021-05-22,16,11818,1,1716,7,9256,8,846,6,878,10,5865,14,6743,California
Lassen,2021-05-23,7,11825,4,1720,2,9258,1,847,1,874,6,5871,2,6745,California
Lassen,2021-05-24,13,11838,1,1721,9,9267,3,850,6,877,6,5877,9,6754,California
Lassen,2021-05-25,98,11936,5,1726,86,9353,7,857,32,850,66,5943,39,6793,California
Lassen,2021-05-26,59,11995,2,1728,43,9396,14,871,12,829,47,5990,26,6819,California
Lassen,2021-05-27,42,12037,17,1745,17,9413,8,879,10,816,31,6021,18,6837,California
Lassen,2021-05-28,71,12108,44,1789,19,9432,8,887,30,813,41,6062,38,6875,California
Lassen,2021-05-29,15,12123,1,1790,12,9444,2,889,9,818,6,6068,11,6886,California
Los Angeles,2020-12-15,395,395,395,395,0,0,0,0,395,395,0,0,395,395,California
Los Angeles,2020-12-16,3586,3981,3586,3981,0,0,0,0,3586,3981,0,0,3586,3981,California
Los Angeles,2020-12-17,10290,14271,10290,14271,0,0,0,0,10291,14272,0,0,10291,14272,California
Los Angeles,2020-12-18,14557,28828,14534,28805,23,23,0,0,14557,28829,0,0,14557,28829,California
Los Angeles,2020-12-19,7234,36062,7225,36030,9,32,0,0,7235,36064,0,0,7235,36064,California
Los Angeles,2020-12-20,4604,40666,4596,40626,8,40,0,0,4606,40670,0,0,4606,40670,California
Los Angeles,2020-12-21,13731,54397,13714,54340,17,57,0,0,13731,54400,1,1,13731,54401,California
Los Angeles,2020-12-22,11550,65947,11160,65500,390,447,0,0,11551,65950,1,2,11551,65952,California
Los Angeles,2020-12-23,11972,77919,10202,75702,1770,2217,0,0,11972,77922,0,2,11972,77924,California
Los Angeles,2020-12-24,7040,84959,4267,79969,2773,4990,0,0,7042,84964,0,2,7042,84966,California
Los Angeles,2020-12-25,529,85488,422,80391,107,5097,0,0,529,85493,0,2,529,85495,California
Los Angeles,2020-12-26,2543,88031,2191,82582,352,5449,0,0,2542,88034,1,3,2542,88037,California
Los Angeles,2020-12-27,1773,89804,1036,83618,737,6186,0,0,1773,89807,0,3,1773,89810,California
Los Angeles,2020-12-28,10331,100135,6404,90022,3927,10113,0,0,10328,100134,1,4,10328,100138,California
Los Angeles,2020-12-29,11614,111749,6086,96108,5528,15641,0,0,11615,111749,0,4,11615,111753,California
Los Angeles,2020-12-30,14886,126635,8098,104206,6788,22429,0,0,14885,126634,0,4,14885,126638,California
Los Angeles,2020-12-31,7957,134592,2763,106969,5194,27623,0,0,7954,134586,2,6,7954,134592,California
Los Angeles,2021-01-01,1031,135623,287,107256,744,28367,0,0,1031,135617,0,6,1031,135623,California
Los Angeles,2021-01-02,4481,140104,1825,109081,2656,31023,0,0,4481,140098,0,6,4481,140104,California
Los Angeles,2021-01-03,957,141061,377,109458,580,31603,0,0,956,141053,1,7,956,141060,California
Los Angeles,2021-01-04,12734,153795,5014,114472,7720,39323,0,0,12719,153769,3,10,12719,153779,California
Los Angeles,2021-01-05,16084,169879,7406,121878,8678,48001,0,0,14172,166060,1885,1895,14176,167955,California
Los Angeles,2021-01-06,22720,192599,12241,134119,10479,58480,0,0,17087,177592,5564,7459,17096,185051,California
Los Angeles,2021-01-07,29417,222016,15947,150066,13470,71950,0,0,18863,185964,10506,17965,18878,203929,California
Los Angeles,2021-01-08,33187,255203,18021,168087,15166,87116,0,0,20918,194649,12243,30208,20928,224857,California
Los Angeles,2021-01-09,12396,267599,7159,175246,5237,92353,0,0,7511,197285,4882,35090,7518,232375,California
Los Angeles,2021-01-10,4696,272295,3731,178977,965,93318,0,0,1962,196514,2734,37824,1963,234338,California
Los Angeles,2021-01-11,25848,298143,16277,195254,9571,102889,0,0,14895,200477,10942,48766,14905,249243,California
Los Angeles,2021-01-12,29378,327521,16231,211485,13147,116036,0,0,19231,209591,10129,58895,19243,268486,California
Los Angeles,2021-01-13,29319,356840,15675,227160,13644,129680,0,0,20359,221013,8942,67837,20364,288850,California
Los Angeles,2021-01-14,29295,386135,12723,239883,16572,146252,0,0,23767,239283,5509,73346,23779,312629,California
Los Angeles,2021-01-15,33862,419997,12399,252282,21463,167715,0,0,30279,266013,3557,76903,30287,342916,California
Los Angeles,2021-01-16,17591,437588,4965,257247,12626,180341,0,0,15808,280051,1775,78678,15813,358729,California
Los Angeles,2021-01-17,5205,442793,2315,259562,2890,183231,0,0,4957,284763,247,78925,4959,363688,California
Los Angeles,2021-01-18,15646,458439,10103,269665,5543,188774,0,0,10919,290969,4715,83640,10921,374609,California
Los Angeles,2021-01-19,38644,497083,20623,290288,18021,206795,0,0,30829,314036,7774,91414,30841,405450,California
Los Angeles,2021-01-20,46304,543387,24193,314481,22111,228906,0,0,38815,345402,7459,98873,38825,444275,California
Los Angeles,2021-01-21,48809,592196,22455,336936,26354,255260,0,0,44524,385721,4220,103093,44539,488814,California
Los Angeles,2021-01-22,48161,640357,22351,359287,25810,281070,0,0,44721,427060,3394,106487,44733,533547,California
Los Angeles,2021-01-23,34087,674444,15728,375015,18359,299429,0,0,32027,457073,2027,108514,32040,565587,California
Los Angeles,2021-01-24,15744,690188,12216,387231,3528,302957,0,0,15195,471729,542,109056,15198,580785,California
Los Angeles,2021-01-25,39381,729569,16622,403853,22759,325716,0,0,30745,493884,8606,117662,30761,611546,California
Los Angeles,2021-01-26,49542,779111,24567,428420,24975,350691,0,0,41308,527012,8199,125861,41327,652873,California
Los Angeles,2021-01-27,50907,830018,25899,454319,25008,375699,0,0,41497,559263,9269,135130,41520,694393,California
Los Angeles,2021-01-28,48847,878865,23375,477694,25472,401171,0,0,40393,591340,8331,143461,40408,734801,California
Los Angeles,2021-01-29,49634,928499,25594,503288,24040,425211,0,0,39527,621129,9754,153215,39543,774344,California
Los Angeles,2021-01-30,30244,958743,15582,518870,14662,439873,0,0,25948,642864,4218,157433,25953,800297,California
Los Angeles,2021-01-31,12982,971725,10332,529202,2650,442523,0,0,12161,654222,807,158240,12165,812462,California
Los Angeles,2021-02-01,38681,1010406,16544,545746,22137,464660,0,0,28127,671841,10518,168758,28137,840599,California
Los Angeles,2021-02-02,44564,1054970,17927,563673,26637,491297,0,0,32370,692065,12153,180911,32377,872976,California
Los Angeles,2021-02-03,52208,1107178,19568,583241,32640,523937,0,0,37311,714731,14651,195562,37317,910293,California
Los Angeles,2021-02-04,57203,1164381,20672,603913,36531,560468,0,0,39132,736115,17762,213324,39146,949439,California
Los Angeles,2021-02-05,61392,1225773,21137,625050,40255,600723,0,0,39405,753963,21566,234890,39414,988853,California
Los Angeles,2021-02-06,35642,1261415,13398,638448,22244,622967,0,0,27176,772772,8389,243279,27198,1016051,California
Los Angeles,2021-02-07,10896,1272311,8463,646911,2433,625400,0,0,8499,778896,2382,245661,8506,1024557,California
Los Angeles,2021-02-08,46990,1319301,21727,668638,25263,650663,0,0,30752,793546,16104,261765,30754,1055311,California
Los Angeles,2021-02-09,56008,1375309,24757,693395,31251,681914,0,0,28527,794680,27400,289165,28534,1083845,California
Los Angeles,2021-02-10,66968,1442277,29389,722784,37579,719493,0,0,30716,789536,35870,325035,30726,1114571,California
Los Angeles,2021-02-11,58404,1500681,31224,754008,27180,746673,0,0,28230,788045,29725,354760,28234,1142805,California
Los Angeles,2021-02-12,59768,1560449,29890,783898,29878,776551,0,0,26093,780829,33326,388086,26110,1168915,California
Los Angeles,2021-02-13,33949,1594398,19758,803656,14191,790742,0,0,15540,778084,18323,406409,15578,1184493,California
Los Angeles,2021-02-14,21816,1616214,14892,818548,6924,797666,0,0,8765,773864,12988,419397,8768,1193261,California
Los Angeles,2021-02-15,32880,1649094,15967,834515,16913,814579,0,0,18060,777177,14753,434150,18066,1211327,California
Los Angeles,2021-02-16,64348,1713442,32679,867194,31669,846248,0,0,29918,772776,34332,468482,29931,1241258,California
Los Angeles,2021-02-17,64972,1778414,34610,901804,30362,876610,0,0,26530,761062,38250,506732,26536,1267794,California
Los Angeles,2021-02-18,68655,1847069,34861,936665,33794,910404,0,0,28665,749935,39803,546535,28676,1296470,California
Los Angeles,2021-02-19,58403,1905472,36069,972734,22334,932738,0,0,28627,748905,29673,576208,28643,1325113,California
Los Angeles,2021-02-20,32944,1938416,23979,996713,8965,941703,0,0,15875,747767,17021,593229,15883,1340996,California
Los Angeles,2021-02-21,22211,1960627,20545,1017258,1666,943369,0,0,11089,747810,11065,604294,11108,1352104,California
Los Angeles,2021-02-22,34615,1995242,25214,1042472,9401,952770,0,0,17878,749053,16656,620950,17899,1370003,California
Los Angeles,2021-02-23,54936,2050178,23719,1066191,31217,983987,0,0,21605,737462,33208,654158,21617,1391620,California
Los Angeles,2021-02-24,65064,2115242,28963,1095154,36101,1020088,0,0,28128,728851,36758,690916,28147,1419767,California
Los Angeles,2021-02-25,74202,2189444,33968,1129122,40234,1060322,0,0,38322,731474,35712,726628,38335,1458102,California
Los Angeles,2021-02-26,83756,2273200,38769,1167891,44987,1105309,0,0,47048,742077,36475,763103,47078,1505180,California
Los Angeles,2021-02-27,60289,2333489,26514,1194405,33771,1139080,4,4,30838,743656,29286,792389,30865,1536045,California
Los Angeles,2021-02-28,26888,2360377,18553,1212958,8332,1147412,3,7,18883,754649,7899,800288,18892,1554937,California
Los Angeles,2021-03-01,56909,2417286,32326,1245284,24557,1171969,26,33,34207,766372,22526,822814,34249,1589186,California
Los Angeles,2021-03-02,77611,2494897,37724,1283008,39884,1211853,3,36,48930,786773,28544,851358,48945,1638131,California
Los Angeles,2021-03-03,84574,2579471,43122,1326130,41438,1253291,14,50,53438,809288,30964,882322,53479,1691610,California
Los Angeles,2021-03-04,90671,2670142,46554,1372684,44105,1297396,12,62,57215,833263,33271,915593,57246,1748856,California
Los Angeles,2021-03-05,89962,2760104,44417,1417101,45515,1342911,30,92,60287,864139,29478,945071,60354,1809210,California
Los Angeles,2021-03-06,67298,2827402,34306,1451407,31173,1374084,1819,1911,43393,885595,23761,968832,45217,1854427,California
Los Angeles,2021-03-07,27202,2854604,20763,1472170,5624,1379708,815,2726,21057,901345,6116,974948,21866,1876293,California
Los Angeles,2021-03-08,52758,2907362,27910,1500080,22899,1402607,1949,4675,39885,930404,12771,987719,41830,1918123,California
Los Angeles,2021-03-09,81417,2988779,38682,1538762,39458,1442065,3277,7952,51871,956145,29396,1017115,55137,1973260,California
Los Angeles,2021-03-10,83055,3071834,40881,1579643,37293,1479358,4881,12833,52576,983252,30311,1047426,57418,2030678,California
Los Angeles,2021-03-11,92797,3164631,45307,1624950,40800,1520158,6690,19523,54353,1005993,38257,1085683,60998,2091676,California
Los Angeles,2021-03-12,98933,3263564,44553,1669503,40467,1560625,13913,33436,57683,1036537,41049,1126732,71593,2163269,California
Los Angeles,2021-03-13,75691,3339255,35784,1705287,27935,1588560,11972,45408,45228,1063395,30352,1157084,57210,2220479,California
Los Angeles,2021-03-14,39078,3378333,26287,1731574,10245,1598805,2546,47954,23996,1074904,15016,1172100,26525,2247004,California
Los Angeles,2021-03-15,74912,3453245,36511,1768085,32950,1631755,5451,53405,45390,1096375,29344,1201444,50815,2297819,California
Los Angeles,2021-03-16,99874,3553119,43668,1811753,50326,1682081,5880,59285,64693,1131921,34990,1236434,70536,2368355,California
Los Angeles,2021-03-17,97142,3650261,44018,1855771,44813,1726894,8311,67596,64997,1173154,31941,1268375,73174,2441529,California
Los Angeles,2021-03-18,101858,3752119,48711,1904482,47822,1774716,5325,72921,64652,1206195,36919,1305294,69960,2511489,California
Los Angeles,2021-03-19,109153,3861272,56930,1961412,47454,1822170,4769,77690,67309,1236645,41576,1346870,72026,2583515,California
Los Angeles,2021-03-20,76335,3937607,37716,1999128,34033,1856203,4586,82276,51814,1268690,24337,1371207,56382,2639897,California
Los Angeles,2021-03-21,34612,3972219,25748,2024876,7963,1864166,901,83177,22214,1279525,12278,1383485,23113,2663010,California
Los Angeles,2021-03-22,70779,4042998,41562,2066438,27065,1891231,2152,85329,49687,1310527,20833,1404318,51835,2714845,California
Los Angeles,2021-03-23,96344,4139342,52102,2118540,41014,1932245,3228,88557,58356,1334377,37722,1442040,61572,2776417,California
Los Angeles,2021-03-24,104859,4244201,55741,2174281,45971,1978216,3147,91704,60809,1354589,43731,1485771,63943,2840360,California
Los Angeles,2021-03-25,110541,4354742,59300,2233581,47354,2025570,3887,95591,62150,1372517,48092,1533863,66020,2906380,California
Los Angeles,2021-03-26,115194,4469936,63299,2296880,47719,2073289,4176,99767,63567,1388895,51342,1585205,67720,2974100,California
Los Angeles,2021-03-27,83524,4553460,44287,2341167,37105,2110394,2132,101899,42683,1393137,40579,1625784,44821,3018921,California
Los Angeles,2021-03-28,42163,4595623,28597,2369764,12981,2123375,585,102484,20051,1391793,21980,1647764,20636,3039557,California
Los Angeles,2021-03-29,82952,4678575,47128,2416892,34053,2157428,1771,104255,46077,1402980,36671,1684435,47858,3087415,California
Los Angeles,2021-03-30,108880,4787455,52012,2468904,50937,2208365,5931,110186,56918,1414080,51727,1736162,62827,3150242,California
Los Angeles,2021-03-31,122582,4910037,62076,2530980,51672,2260037,8834,119020,68602,1437807,53680,1789842,77407,3227649,California
Los Angeles,2021-04-01,133194,5043231,62530,2593510,55296,2315333,15368,134388,71863,1463992,61010,1850852,87195,3314844,California
Los Angeles,2021-04-02,132029,5175260,58788,2652298,57751,2373084,15490,149878,70273,1488356,61423,1912275,85787,3400631,California
Los Angeles,2021-04-03,98504,5273764,45108,2697406,39792,2412876,13604,163482,48472,1500522,49849,1962124,62015,3462646,California
Los Angeles,2021-04-04,39177,5312941,20509,2717915,12038,2424914,6630,170112,16362,1500740,22739,1984863,22957,3485603,California
Los Angeles,2021-04-05,93803,5406744,44426,2762341,39161,2464075,10216,180328,44529,1506389,49068,2033931,54717,3540320,California
Los Angeles,2021-04-06,120939,5527683,56955,2819296,43690,2507765,20294,200622,55402,1516732,65289,2099220,75632,3615952,California
Los Angeles,2021-04-07,120016,5647699,54608,2873904,44304,2552069,21104,221726,54269,1526591,65495,2164715,75354,3691306,California
Los Angeles,2021-04-08,132619,5780318,58488,2932392,50096,2602165,24035,245761,59909,1538107,72427,2237142,83943,3775249,California
Los Angeles,2021-04-09,131251,5911569,56868,2989260,50515,2652680,23868,269629,56216,1543492,74746,2311888,80131,3855380,California
Los Angeles,2021-04-10,101223,6012792,42928,3032188,34329,2687009,23966,293595,37003,1540473,63990,2375878,60971,3916351,California
Los Angeles,2021-04-11,41668,6054460,22518,3054706,9616,2696625,9534,303129,14109,1536588,27478,2403356,23593,3939944,California
Los Angeles,2021-04-12,78578,6133038,38439,3093145,33865,2730490,6274,309403,32118,1528665,46260,2449616,38337,3978281,California
Los Angeles,2021-04-13,117022,6250060,58914,3152059,57683,2788173,425,309828,61619,1535544,55172,2504788,62051,4040332,California
Los Angeles,2021-04-14,118635,6368695,59445,3211504,59059,2847232,131,309959,64283,1545862,54090,2558878,64408,4104740,California
Los Angeles,2021-04-15,129716,6498411,70194,3281698,59350,2906582,172,310131,74255,1564964,55190,2614068,74292,4179032,California
Los Angeles,2021-04-16,130058,6628469,68746,3350444,61170,2967752,142,310273,68423,1572103,61356,2675424,68495,4247527,California
Los Angeles,2021-04-17,98065,6726534,51286,3401730,46754,3014506,25,310298,55898,1586069,41956,2717380,55922,4303449,California
Los Angeles,2021-04-18,33850,6760384,22451,3424181,11398,3025904,1,310299,18451,1589203,15324,2732704,18458,4321907,California
Los Angeles,2021-04-19,74833,6835217,39601,3463782,35220,3061124,12,310311,33229,1581027,41426,2774130,33250,4355157,California
Los Angeles,2021-04-20,102851,6938068,50196,3513978,52633,3113757,22,310333,51094,1580626,51519,2825649,51118,4406275,California
Los Angeles,2021-04-21,109391,7047459,52656,3566634,56547,3170304,188,310521,48204,1568148,60870,2886519,48392,4454667,California
Los Angeles,2021-04-22,116212,7163671,59715,3626349,56464,3226768,33,310554,51242,1554760,64667,2951186,51279,4505946,California
Los Angeles,2021-04-23,114148,7277819,62567,3688916,51561,3278329,20,310574,54108,1549146,59741,3010927,54127,4560073,California
Los Angeles,2021-04-24,88473,7366292,57119,3746035,31328,3309657,26,310600,49161,1559253,39087,3050014,49194,4609267,California
Los Angeles,2021-04-25,37815,7404107,25140,3771175,12670,3322327,5,310605,20425,1562395,17288,3067302,20430,4629697,California
Los Angeles,2021-04-26,69420,7473527,37206,3808381,31765,3354092,449,311054,34123,1561864,35096,3102398,34565,4664262,California
Los Angeles,2021-04-27,86385,7559912,41833,3850214,42862,3396954,1690,312744,32950,1543322,53170,3155568,34628,4698890,California
Los Angeles,2021-04-28,84736,7644648,40909,3891123,41796,3438750,2031,314775,33045,1526992,51394,3206962,35064,4733954,California
Los Angeles,2021-04-29,91252,7735900,45445,3936568,43677,3482427,2130,316905,32330,1502895,58549,3265511,34452,4768406,California
Los Angeles,2021-04-30,98920,7834820,49160,3985728,47365,3529792,2395,319300,35678,1478108,62844,3328355,38057,4806463,California
Los Angeles,2021-05-01,75061,7909881,42164,4027892,31400,3561192,1497,320797,28248,1461320,46528,3374883,29740,4836203,California
Los Angeles,2021-05-02,27898,7937779,17899,4045791,9266,3570458,733,321530,10096,1454455,17691,3392574,10826,4847029,California
Los Angeles,2021-05-03,60407,7998186,29683,4075474,28567,3599025,2157,323687,21267,1438963,38902,3431476,23410,4870439,California
Los Angeles,2021-05-04,85135,8083321,46956,4122430,35963,3634988,2216,325903,25994,1408324,58830,3490306,28191,4898630,California
Los Angeles,2021-05-05,88029,8171350,51380,4173810,34319,3669307,2330,328233,23943,1370815,63770,3554076,26261,4924891,California
Los Angeles,2021-05-06,95807,8267157,57768,4231578,35552,3704859,2487,330720,22772,1323401,72655,3626731,25241,4950132,California
Los Angeles,2021-05-07,95056,8362213,56660,4288238,36071,3740930,2325,333045,25781,1282545,68941,3695672,28085,4978217,California
Los Angeles,2021-05-08,63426,8425639,41758,4329996,20058,3760988,1610,334655,17130,1255457,45818,3741490,18730,4996947,California
Los Angeles,2021-05-09,23705,8449344,17920,4347916,5054,3766042,731,335386,6062,1244812,17433,3758923,6788,5003735,California
Los Angeles,2021-05-10,48283,8497627,25362,4373278,21083,3787125,1838,337224,14465,1227588,33519,3792442,16295,5020030,California
Los Angeles,2021-05-11,66722,8564349,35785,4409063,28939,3816064,1998,339222,17001,1197089,49478,3841920,18979,5039009,California
Los Angeles,2021-05-12,66876,8631225,36047,4445110,28714,3844778,2115,341337,18776,1170145,47821,3889741,20877,5059886,California
Los Angeles,2021-05-13,69448,8700673,42016,4487126,25803,3870581,1629,342966,24393,1151527,44628,3934369,26010,5085896,California
Los Angeles,2021-05-14,86678,8787351,55230,4542356,29654,3900235,1794,344760,32725,1132396,53644,3988013,34513,5120409,California
Los Angeles,2021-05-15,73510,8860861,52011,4594367,20030,3920265,1469,346229,28503,1117605,44752,4032765,29961,5150370,California
Los Angeles,2021-05-16,30334,8891195,23997,4618364,5734,3925999,603,346832,12129,1112216,18117,4050882,12728,5163098,California
Los Angeles,2021-05-17,60976,8952171,39820,4658184,19434,3945433,1722,348554,26227,1105649,34531,4085413,27964,5191062,California
Los Angeles,2021-05-18,63635,9015806,38155,4696339,23712,3969145,1768,350322,26943,1097909,36419,4121832,28679,5219741,California
Los Angeles,2021-05-19,66675,9082481,40427,4736766,24440,3993585,1808,352130,29407,1092094,37012,4158844,31197,5250938,California
Los Angeles,2021-05-20,52702,9135183,29720,4766486,21179,4014764,1803,353933,20668,1082820,31741,4190585,22467,5273405,California
Los Angeles,2021-05-21,55272,9190455,34372,4800858,19121,4033885,1779,355712,23022,1075641,31977,4222562,24798,5298203,California
Los Angeles,2021-05-22,44208,9234663,29522,4830380,13220,4047105,1466,357178,19097,1071254,24942,4247504,20555,5318758,California
Los Angeles,2021-05-23,14451,9249114,11336,4841716,2458,4049563,657,357835,7449,1072416,6942,4254446,8104,5326862,California
Los Angeles,2021-05-24,47105,9296219,25813,4867529,19488,4069051,1804,359639,18775,1064856,28126,4282572,20566,5347428,California
Los Angeles,2021-05-25,48618,9344837,28234,4895763,18624,4087675,1760,361399,19864,1057945,28515,4311087,21604,5369032,California
Los Angeles,2021-05-26,45588,9390425,25663,4921426,18156,4105831,1769,363168,19699,1053812,25484,4336571,21351,5390383,California
Los Angeles,2021-05-27,43953,9434378,24650,4946076,17596,4123427,1707,364875,18755,1049289,24966,4361537,20443,5410826,California
Los Angeles,2021-05-28,49357,9483735,28044,4974120,19536,4142963,1777,366652,22228,1046411,26869,4388406,23991,5434817,California
Los Angeles,2021-05-29,28101,9511836,16661,4990781,10460,4153423,980,367632,13101,1045639,14841,4403247,14069,5448886,California
Los Angeles,2021-05-30,2869,9514705,1601,4992382,1029,4154452,239,367871,929,1044873,1932,4405179,1166,5450052,California
Madera,2020-12-16,21,21,21,21,0,0,0,0,21,21,0,0,21,21,California
Madera,2020-12-17,13,34,13,34,0,0,0,0,13,34,0,0,13,34,California
Madera,2020-12-18,60,94,60,94,0,0,0,0,60,94,0,0,60,94,California
Madera,2020-12-19,5,99,5,99,0,0,0,0,5,99,0,0,5,99,California
Madera,2020-12-20,14,113,14,113,0,0,0,0,14,113,0,0,14,113,California
Madera,2020-12-21,59,172,59,172,0,0,0,0,59,172,0,0,59,172,California
Madera,2020-12-22,97,269,95,267,2,2,0,0,97,269,0,0,97,269,California
Madera,2020-12-23,68,337,68,335,0,2,0,0,68,337,0,0,68,337,California
Madera,2020-12-24,45,382,40,375,5,7,0,0,45,382,0,0,45,382,California
Madera,2020-12-26,28,410,26,401,2,9,0,0,28,410,0,0,28,410,California
Madera,2020-12-27,29,439,12,413,17,26,0,0,29,439,0,0,29,439,California
Madera,2020-12-28,106,545,36,449,70,96,0,0,106,545,0,0,106,545,California
Madera,2020-12-29,172,717,37,486,135,231,0,0,172,717,0,0,172,717,California
Madera,2020-12-30,221,938,87,573,134,365,0,0,221,938,0,0,221,938,California
Madera,2020-12-31,201,1139,80,653,121,486,0,0,201,1139,0,0,201,1139,California
Madera,2021-01-01,1,1140,1,654,0,486,0,0,1,1140,0,0,1,1140,California
Madera,2021-01-02,89,1229,33,687,56,542,0,0,89,1229,0,0,89,1229,California
Madera,2021-01-03,5,1234,5,692,0,542,0,0,5,1234,0,0,5,1234,California
Madera,2021-01-04,129,1363,65,757,64,606,0,0,129,1363,0,0,129,1363,California
Madera,2021-01-05,279,1642,143,900,136,742,0,0,275,1634,4,4,275,1638,California
Madera,2021-01-06,183,1825,26,926,157,899,0,0,164,1779,19,23,164,1802,California
Madera,2021-01-07,399,2224,116,1042,283,1182,0,0,377,2134,22,45,377,2179,California
Madera,2021-01-08,418,2642,72,1114,346,1528,0,0,363,2444,54,99,364,2543,California
Madera,2021-01-09,36,2678,14,1128,22,1550,0,0,27,2462,9,108,27,2570,California
Madera,2021-01-10,17,2695,14,1142,3,1553,0,0,5,2455,12,120,5,2575,California
Madera,2021-01-11,238,2933,190,1332,48,1601,0,0,197,2611,41,161,197,2772,California
Madera,2021-01-12,392,3325,159,1491,233,1834,0,0,287,2793,105,266,287,3059,California
Madera,2021-01-13,184,3509,92,1583,92,1926,0,0,127,2864,57,323,128,3187,California
Madera,2021-01-14,554,4063,81,1664,473,2399,0,0,520,3350,34,357,520,3707,California
Madera,2021-01-15,599,4662,160,1824,439,2838,0,0,578,3907,21,378,578,4285,California
Madera,2021-01-16,382,5044,48,1872,334,3172,0,0,354,4233,28,406,354,4639,California
Madera,2021-01-17,335,5379,15,1887,320,3492,0,0,331,4560,4,410,331,4970,California
Madera,2021-01-18,77,5456,60,1947,17,3509,0,0,58,4600,18,428,58,5028,California
Madera,2021-01-19,572,6028,136,2083,436,3945,0,0,544,5117,28,456,545,5573,California
Madera,2021-01-20,235,6263,80,2163,155,4100,0,0,207,5297,27,483,207,5780,California
Madera,2021-01-21,239,6502,131,2294,108,4208,0,0,206,5472,31,514,206,5986,California
Madera,2021-01-22,257,6759,83,2377,174,4382,0,0,242,5699,15,529,242,6228,California
Madera,2021-01-23,100,6859,52,2429,48,4430,0,0,76,5751,24,553,76,6304,California
Madera,2021-01-24,100,6959,82,2511,18,4448,0,0,78,5807,22,575,78,6382,California
Madera,2021-01-25,264,7223,126,2637,138,4586,0,0,145,5833,119,694,145,6527,California
Madera,2021-01-26,486,7709,189,2826,297,4883,0,0,295,5939,190,884,296,6823,California
Madera,2021-01-27,738,8447,63,2889,675,5558,0,0,601,6405,137,1021,603,7426,California
Madera,2021-01-28,545,8992,108,2997,437,5995,0,0,441,6742,104,1125,441,7867,California
Madera,2021-01-29,466,9458,94,3091,372,6367,0,0,411,7098,55,1180,411,8278,California
Madera,2021-01-30,505,9963,16,3107,489,6856,0,0,451,7495,54,1234,451,8729,California
Madera,2021-01-31,9,9972,6,3113,3,6859,0,0,8,7502,1,1235,8,8737,California
Madera,2021-02-01,332,10304,148,3261,184,7043,0,0,206,7582,126,1361,206,8943,California
Madera,2021-02-02,252,10556,88,3349,164,7207,0,0,161,7654,90,1451,162,9105,California
Madera,2021-02-03,595,11151,461,3810,134,7341,0,0,475,8012,118,1569,476,9581,California
Madera,2021-02-04,392,11543,124,3934,268,7609,0,0,114,7850,277,1846,115,9696,California
Madera,2021-02-05,976,12519,297,4231,679,8288,0,0,370,7620,601,2447,371,10067,California
Madera,2021-02-06,360,12879,326,4557,34,8322,0,0,320,7901,39,2486,320,10387,California
Madera,2021-02-07,34,12913,6,4563,28,8350,0,0,29,7925,5,2491,29,10416,California
Madera,2021-02-08,383,13296,307,4870,76,8426,0,0,269,8081,113,2604,269,10685,California
Madera,2021-02-09,479,13775,118,4988,361,8787,0,0,197,8000,279,2883,198,10883,California
Madera,2021-02-10,430,14205,149,5137,281,9068,0,0,325,8220,105,2988,325,11208,California
Madera,2021-02-11,939,15144,308,5445,631,9699,0,0,408,8099,530,3518,409,11617,California
Madera,2021-02-12,842,15986,120,5565,722,10421,0,0,311,7888,525,4043,314,11931,California
Madera,2021-02-13,484,16470,43,5608,441,10862,0,0,138,7684,345,4388,141,12072,California
Madera,2021-02-14,399,16869,75,5683,324,11186,0,0,135,7556,264,4652,136,12208,California
Madera,2021-02-15,246,17115,100,5783,146,11332,0,0,175,7661,70,4722,175,12383,California
Madera,2021-02-16,774,17889,183,5966,591,11923,0,0,228,7346,544,5266,229,12612,California
Madera,2021-02-17,610,18499,274,6240,336,12259,0,0,340,7423,265,5531,342,12954,California
Madera,2021-02-18,1300,19799,540,6780,760,13019,0,0,1121,8366,179,5710,1122,14076,California
Madera,2021-02-19,858,20657,543,7323,315,13334,0,0,716,8941,142,5852,717,14793,California
Madera,2021-02-20,1071,21728,979,8302,92,13426,0,0,998,9868,72,5924,999,15792,California
Madera,2021-02-21,962,22690,819,9121,143,13569,0,0,957,10820,5,5929,957,16749,California
Madera,2021-02-22,912,23602,834,9955,78,13647,0,0,856,11620,56,5985,856,17605,California
Madera,2021-02-23,774,24376,501,10456,273,13920,0,0,546,11941,225,6210,546,18151,California
Madera,2021-02-24,909,25285,299,10755,610,14530,0,0,379,11791,529,6739,379,18530,California
Madera,2021-02-25,1032,26317,317,11072,715,15245,0,0,599,11959,431,7170,599,19129,California
Madera,2021-02-26,1087,27404,197,11269,890,16135,0,0,710,12294,375,7545,710,19839,California
Madera,2021-02-27,893,28297,261,11530,632,16767,0,0,469,12345,421,7966,472,20311,California
Madera,2021-02-28,189,28486,29,11559,160,16927,0,0,184,12524,5,7971,184,20495,California
Madera,2021-03-01,378,28864,119,11678,259,17186,0,0,196,12540,180,8151,196,20691,California
Madera,2021-03-02,744,29608,351,12029,393,17579,0,0,631,13060,112,8263,632,21323,California
Madera,2021-03-03,1347,30955,720,12749,627,18206,0,0,943,13628,401,8664,969,22292,California
Madera,2021-03-04,1205,32160,527,13276,678,18884,0,0,954,14333,252,8916,957,23249,California
Madera,2021-03-05,1355,33515,421,13697,921,19805,13,13,1080,15164,273,9189,1104,24353,California
Madera,2021-03-06,814,34329,633,14330,149,19954,32,45,496,15376,317,9506,529,24882,California
Madera,2021-03-07,154,34483,28,14358,104,20058,22,67,104,15452,50,9556,126,25008,California
Madera,2021-03-08,600,35083,335,14693,206,20264,59,126,306,15525,294,9850,367,25375,California
Madera,2021-03-09,594,35677,296,14989,264,20528,34,160,407,15789,185,10035,449,25824,California
Madera,2021-03-10,1187,36864,560,15549,549,21077,78,238,757,16199,426,10461,836,26660,California
Madera,2021-03-11,1687,38551,865,16414,490,21567,332,570,768,16394,917,11378,1112,27772,California
Madera,2021-03-12,1569,40120,811,17225,603,22170,155,725,794,16595,773,12151,974,28746,California
Madera,2021-03-13,1876,41996,1329,18554,349,22519,198,923,809,16555,1063,13214,1023,29769,California
Madera,2021-03-14,584,42580,449,19003,103,22622,32,955,294,16595,287,13501,327,30096,California
Madera,2021-03-15,738,43318,222,19225,469,23091,47,1002,513,16958,222,13723,585,30681,California
Madera,2021-03-16,930,44248,525,19750,358,23449,47,1049,740,17575,187,13910,804,31485,California
Madera,2021-03-17,1463,45711,979,20729,421,23870,63,1112,909,18091,546,14456,1062,32547,California
Madera,2021-03-18,1945,47656,683,21412,1202,25072,60,1172,973,18241,967,15423,1117,33664,California
Madera,2021-03-19,1583,49239,589,22001,910,25982,84,1256,1041,18893,539,15962,1191,34855,California
Madera,2021-03-20,1181,50420,775,22776,355,26337,51,1307,619,19050,561,16523,718,35573,California
Madera,2021-03-21,1100,51520,898,23674,156,26493,46,1353,382,18764,715,17238,429,36002,California
Madera,2021-03-22,1361,52881,852,24526,441,26934,68,1421,686,18888,672,17910,796,36798,California
Madera,2021-03-23,1419,54300,862,25388,467,27401,90,1511,677,18997,740,18650,849,37647,California
Madera,2021-03-24,947,55247,508,25896,408,27809,31,1542,618,19324,326,18976,653,38300,California
Madera,2021-03-25,1167,56414,528,26424,615,28424,24,1566,645,19494,512,19488,682,38982,California
Madera,2021-03-26,1519,57933,579,27003,808,29232,132,1698,710,19534,805,20293,845,39827,California
Madera,2021-03-27,920,58853,600,27603,296,29528,24,1722,416,19475,500,20793,441,40268,California
Madera,2021-03-28,435,59288,152,27755,222,29750,61,1783,242,19639,192,20985,356,40624,California
Madera,2021-03-29,685,59973,179,27934,477,30227,29,1812,491,19973,190,21175,524,41148,California
Madera,2021-03-30,1072,61045,605,28539,435,30662,32,1844,480,19898,589,21764,514,41662,California
Madera,2021-03-31,1395,62440,544,29083,717,31379,134,1978,428,19501,961,22725,564,42226,California
Madera,2021-04-01,1352,63792,620,29703,681,32060,51,2029,474,19153,871,23596,523,42749,California
Madera,2021-04-02,1599,65391,459,30162,1082,33142,58,2087,475,18575,1113,24709,535,43284,California
Madera,2021-04-03,958,66349,761,30923,177,33319,20,2107,395,18438,561,25270,424,43708,California
Madera,2021-04-04,187,66536,65,30988,120,33439,2,2109,88,18429,99,25369,90,43798,California
Madera,2021-04-05,737,67273,255,31243,424,33863,58,2167,343,18451,393,25762,415,44213,California
Madera,2021-04-06,1706,68979,891,32134,464,34327,351,2518,533,18165,1172,26934,886,45099,California
Madera,2021-04-07,1211,70190,376,32510,685,35012,150,2668,420,17955,788,27722,578,45677,California
Madera,2021-04-08,1704,71894,660,33170,787,35799,257,2925,546,17613,1152,28874,810,46487,California
Madera,2021-04-09,1627,73521,684,33854,795,36594,148,3073,941,18025,681,29555,1093,47580,California
Madera,2021-04-10,957,74478,679,34533,210,36804,68,3141,705,18546,253,29808,774,48354,California
Madera,2021-04-11,800,75278,648,35181,74,36878,78,3219,282,18389,515,30323,358,48712,California
Madera,2021-04-12,781,76059,268,35449,436,37314,77,3296,302,18290,479,30802,380,49092,California
Madera,2021-04-13,1234,77293,607,36056,586,37900,41,3337,717,18543,515,31317,768,49860,California
Madera,2021-04-14,1380,78673,854,36910,526,38426,0,3337,568,18305,812,32129,574,50434,California
Madera,2021-04-15,1154,79827,500,37410,653,39079,1,3338,419,18003,723,32852,421,50855,California
Madera,2021-04-16,1307,81134,535,37945,772,39851,0,3338,365,17439,930,33782,366,51221,California
Madera,2021-04-17,1268,82402,1070,39015,198,40049,0,3338,757,17685,511,34293,757,51978,California
Madera,2021-04-18,245,82647,207,39222,38,40087,0,3338,88,17618,155,34448,88,52066,California
Madera,2021-04-19,804,83451,236,39458,567,40654,1,3339,277,17374,521,34969,277,52343,California
Madera,2021-04-20,871,84322,427,39885,444,41098,0,3339,215,16938,653,35622,217,52560,California
Madera,2021-04-21,857,85179,452,40337,405,41503,0,3339,289,16661,568,36190,291,52851,California
Madera,2021-04-22,1059,86238,510,40847,549,42052,0,3339,372,16351,683,36873,373,53224,California
Madera,2021-04-23,960,87198,306,41153,654,42706,0,3339,334,16064,621,37494,334,53558,California
Madera,2021-04-24,705,87903,463,41616,242,42948,0,3339,246,15856,455,37949,247,53805,California
Madera,2021-04-25,265,88168,161,41777,101,43049,3,3342,118,15835,143,38092,122,53927,California
Madera,2021-04-26,519,88687,97,41874,416,43465,6,3348,112,15549,404,38496,118,54045,California
Madera,2021-04-27,567,89254,265,42139,280,43745,22,3370,299,15604,267,38763,322,54367,California
Madera,2021-04-28,490,89744,196,42335,275,44020,19,3389,241,15616,247,39010,259,54626,California
Madera,2021-04-29,538,90282,241,42576,270,44290,27,3416,251,15614,280,39290,278,54904,California
Madera,2021-04-30,924,91206,501,43077,407,44697,16,3432,259,15230,659,39949,275,55179,California
Madera,2021-05-01,959,92165,865,43942,81,44778,13,3445,384,15054,573,40522,397,55576,California
Madera,2021-05-02,400,92565,351,44293,45,44823,4,3449,148,14954,252,40774,152,55728,California
Madera,2021-05-03,503,93068,201,44494,262,45085,40,3489,101,14696,399,41173,141,55869,California
Madera,2021-05-04,882,93950,433,44927,409,45494,40,3529,211,14276,671,41844,251,56120,California
Madera,2021-05-05,995,94945,474,45401,462,45956,59,3588,274,13890,719,42563,333,56453,California
Madera,2021-05-06,696,95641,248,45649,417,46373,31,3619,154,13538,537,43100,185,56638,California
Madera,2021-05-07,806,96447,279,45928,506,46879,21,3640,194,13145,607,43707,214,56852,California
Madera,2021-05-08,969,97416,756,46684,202,47081,11,3651,186,12560,782,44489,197,57049,California
Madera,2021-05-09,145,97561,19,46703,115,47196,11,3662,34,12495,110,44599,45,57094,California
Madera,2021-05-10,343,97904,73,46776,258,47454,12,3674,99,12363,243,44842,111,57205,California
Madera,2021-05-11,525,98429,174,46950,343,47797,8,3682,172,12192,351,45193,180,57385,California
Madera,2021-05-12,491,98920,222,47172,233,48030,36,3718,119,11977,370,45563,155,57540,California
Madera,2021-05-13,477,99397,287,47459,158,48188,32,3750,155,11844,320,45883,187,57727,California
Madera,2021-05-14,523,99920,261,47720,239,48427,23,3773,230,11807,290,46173,253,57980,California
Madera,2021-05-15,560,100480,475,48195,77,48504,8,3781,363,11983,195,46368,371,58351,California
Madera,2021-05-16,255,100735,186,48381,37,48541,32,3813,103,11966,152,46520,135,58486,California
Madera,2021-05-17,451,101186,186,48567,236,48777,29,3842,206,11960,242,46762,236,58722,California
Madera,2021-05-18,543,101729,364,48931,158,48935,21,3863,287,12016,252,47014,308,59030,California
Madera,2021-05-19,482,102211,223,49154,237,49172,22,3885,215,11987,266,47280,237,59267,California
Madera,2021-05-20,541,102752,241,49395,262,49434,38,3923,204,11898,331,47611,242,59509,California
Madera,2021-05-21,451,103203,166,49561,260,49694,25,3948,165,11807,281,47892,190,59699,California
Madera,2021-05-22,852,104055,777,50338,61,49755,14,3962,499,11968,352,48244,513,60212,California
Madera,2021-05-23,242,104297,227,50565,6,49761,9,3971,128,11992,113,48357,137,60349,California
Madera,2021-05-24,292,104589,140,50705,113,49874,39,4010,125,11989,167,48524,164,60513,California
Madera,2021-05-25,370,104959,167,50872,176,50050,27,4037,149,11948,217,48741,176,60689,California
Madera,2021-05-26,424,105383,257,51129,145,50195,22,4059,234,12015,189,48930,256,60945,California
Madera,2021-05-27,342,105725,131,51260,178,50373,33,4092,120,11949,219,49149,153,61098,California
Madera,2021-05-28,427,106152,168,51428,231,50604,28,4120,170,11892,255,49404,198,61296,California
Madera,2021-05-29,290,106442,216,51644,58,50662,16,4136,162,11942,128,49532,178,61474,California
Madera,2021-05-30,14,106456,4,51648,6,50668,4,4140,3,11939,10,49542,7,61481,California
Marin,2020-12-15,2,2,2,2,0,0,0,0,2,2,0,0,2,2,California
Marin,2020-12-16,109,111,109,111,0,0,0,0,109,111,0,0,109,111,California
Marin,2020-12-17,262,373,262,373,0,0,0,0,262,373,0,0,262,373,California
Marin,2020-12-18,376,749,376,749,0,0,0,0,376,749,0,0,376,749,California
Marin,2020-12-19,349,1098,348,1097,1,1,0,0,349,1098,0,0,349,1098,California
Marin,2020-12-20,166,1264,165,1262,1,2,0,0,166,1264,0,0,166,1264,California
Marin,2020-12-21,238,1502,235,1497,3,5,0,0,238,1502,0,0,238,1502,California
Marin,2020-12-22,523,2025,319,1816,204,209,0,0,523,2025,0,0,523,2025,California
Marin,2020-12-23,735,2760,321,2137,414,623,0,0,735,2760,0,0,735,2760,California
Marin,2020-12-24,357,3117,159,2296,198,821,0,0,357,3117,0,0,357,3117,California
Marin,2020-12-25,27,3144,0,2296,27,848,0,0,27,3144,0,0,27,3144,California
Marin,2020-12-26,144,3288,94,2390,50,898,0,0,144,3288,0,0,144,3288,California
Marin,2020-12-27,92,3380,55,2445,37,935,0,0,92,3380,0,0,92,3380,California
Marin,2020-12-28,408,3788,99,2544,309,1244,0,0,408,3788,0,0,408,3788,California
Marin,2020-12-29,403,4191,88,2632,315,1559,0,0,403,4191,0,0,403,4191,California
Marin,2020-12-30,626,4817,389,3021,237,1796,0,0,626,4817,0,0,626,4817,California
Marin,2020-12-31,198,5015,34,3055,164,1960,0,0,198,5015,0,0,198,5015,California
Marin,2021-01-01,20,5035,9,3064,11,1971,0,0,20,5035,0,0,20,5035,California
Marin,2021-01-02,113,5148,107,3171,6,1977,0,0,113,5148,0,0,113,5148,California
Marin,2021-01-03,49,5197,31,3202,18,1995,0,0,46,5194,0,0,46,5194,California
Marin,2021-01-04,295,5492,192,3394,103,2098,0,0,294,5487,1,1,294,5488,California
Marin,2021-01-05,369,5861,222,3616,147,2245,0,0,326,5770,43,44,326,5814,California
Marin,2021-01-06,818,6679,318,3934,500,2745,0,0,638,6228,180,224,638,6452,California
Marin,2021-01-07,887,7566,500,4434,387,3132,0,0,542,6425,345,569,542,6994,California
Marin,2021-01-08,971,8537,516,4950,455,3587,0,0,593,6641,377,946,593,7587,California
Marin,2021-01-09,620,9157,223,5173,397,3984,0,0,488,6997,132,1078,488,8075,California
Marin,2021-01-10,128,9285,99,5272,29,4013,0,0,55,6979,73,1151,55,8130,California
Marin,2021-01-11,469,9754,327,5599,142,4155,0,0,248,7008,221,1372,250,8380,California
Marin,2021-01-12,938,10692,543,6142,395,4550,0,0,570,7213,365,1737,570,8950,California
Marin,2021-01-13,1177,11869,497,6639,680,5230,0,0,939,7914,238,1975,939,9889,California
Marin,2021-01-14,1071,12940,318,6957,753,5983,0,0,921,8687,148,2123,921,10810,California
Marin,2021-01-15,1156,14096,353,7310,803,6786,0,0,1026,9585,129,2252,1027,11837,California
Marin,2021-01-16,1123,15219,914,8224,209,6995,0,0,1049,10560,74,2326,1049,12886,California
Marin,2021-01-17,1231,16450,1113,9337,118,7113,0,0,1202,11737,28,2354,1205,14091,California
Marin,2021-01-18,360,16810,158,9495,202,7315,0,0,309,11995,51,2405,309,14400,California
Marin,2021-01-19,1156,17966,913,10408,243,7558,0,0,983,12806,172,2577,983,15383,California
Marin,2021-01-20,1794,19760,1210,11618,584,8142,0,0,1064,13151,719,3296,1064,16447,California
Marin,2021-01-21,1683,21443,1061,12679,622,8764,0,0,1329,14131,351,3647,1331,17778,California
Marin,2021-01-22,1703,23146,1091,13770,612,9376,0,0,1531,15491,172,3819,1532,19310,California
Marin,2021-01-23,1847,24993,1344,15114,503,9879,0,0,1758,17161,88,3907,1758,21068,California
Marin,2021-01-24,614,25607,165,15279,449,10328,0,0,582,17711,32,3939,582,21650,California
Marin,2021-01-25,1134,26741,232,15511,902,11230,0,0,696,17970,438,4377,697,22347,California
Marin,2021-01-26,1508,28249,784,16295,724,11954,0,0,1132,18727,375,4752,1132,23479,California
Marin,2021-01-27,1716,29965,888,17183,828,12782,0,0,1356,19726,358,5110,1357,24836,California
Marin,2021-01-28,2085,32050,1071,18254,1014,13796,0,0,1821,21285,263,5373,1822,26658,California
Marin,2021-01-29,2193,34243,1445,19699,748,14544,0,0,1989,23083,192,5565,1990,28648,California
Marin,2021-01-30,1721,35964,906,20605,815,15359,0,0,1642,24647,79,5644,1643,30291,California
Marin,2021-01-31,458,36422,321,20926,137,15496,0,0,432,25053,26,5670,432,30723,California
Marin,2021-02-01,1092,37514,418,21344,674,16170,0,0,894,25751,197,5867,895,31618,California
Marin,2021-02-02,1378,38892,487,21831,891,17061,0,0,723,25830,644,6511,723,32341,California
Marin,2021-02-03,1774,40666,421,22252,1353,18414,0,0,1272,26601,501,7012,1272,33613,California
Marin,2021-02-04,1524,42190,498,22750,1026,19440,0,0,922,26924,599,7611,922,34535,California
Marin,2021-02-05,2172,44362,679,23429,1493,20933,0,0,1336,27428,832,8443,1336,35871,California
Marin,2021-02-06,1430,45792,851,24280,579,21512,0,0,608,27215,821,9264,608,36479,California
Marin,2021-02-07,1291,47083,1009,25289,282,21794,0,0,489,26903,801,10065,489,36968,California
Marin,2021-02-08,1521,48604,751,26040,770,22564,0,0,723,26830,796,10861,723,37691,California
Marin,2021-02-09,1779,50383,1121,27161,658,23222,0,0,833,26717,946,11807,833,38524,California
Marin,2021-02-10,2337,52720,1489,28650,848,24070,0,0,1214,26811,1121,12928,1215,39739,California
Marin,2021-02-11,2866,55586,1640,30290,1226,25296,0,0,1448,26849,1413,14341,1451,41190,California
Marin,2021-02-12,3065,58651,1540,31830,1525,26821,0,0,1560,26908,1502,15843,1561,42751,California
Marin,2021-02-13,2342,60993,1244,33074,1098,27919,0,0,1132,26832,1208,17051,1132,43883,California
Marin,2021-02-14,814,61807,302,33376,512,28431,0,0,721,27461,93,17144,722,44605,California
Marin,2021-02-15,1214,63021,355,33731,859,29290,0,0,834,27917,379,17523,835,45440,California
Marin,2021-02-16,2469,65490,1058,34789,1411,30701,0,0,1506,28461,962,18485,1506,46946,California
Marin,2021-02-17,2108,67598,947,35736,1161,31862,0,0,1090,28536,1016,19501,1091,48037,California
Marin,2021-02-18,2418,70016,1584,37320,834,32696,0,0,1058,28236,1358,20859,1058,49095,California
Marin,2021-02-19,2765,72781,2159,39479,606,33302,0,0,1221,27927,1531,22390,1222,50317,California
Marin,2021-02-20,2565,75346,2111,41590,454,33756,0,0,1216,27803,1341,23731,1217,51534,California
Marin,2021-02-21,1309,76655,1115,42705,194,33950,0,0,930,28358,375,24106,930,52464,California
Marin,2021-02-22,1834,78489,1412,44117,422,34372,0,0,1219,28965,613,24719,1220,53684,California
Marin,2021-02-23,2862,81351,1640,45757,1222,35594,0,0,1928,29972,922,25641,1929,55613,California
Marin,2021-02-24,3514,84865,1615,47372,1899,37493,0,0,2253,30972,1254,26895,2254,57867,California
Marin,2021-02-25,3941,88806,1814,49186,2127,39620,0,0,2779,32597,1155,28050,2780,60647,California
Marin,2021-02-26,3495,92301,1892,51078,1603,41223,0,0,2537,34189,946,28996,2538,63185,California
Marin,2021-02-27,2627,94928,1510,52588,1117,42340,0,0,1788,35143,836,29832,1790,64975,California
Marin,2021-02-28,1377,96305,916,53504,461,42801,0,0,1042,35853,332,30164,1042,66017,California
Marin,2021-03-01,2511,98816,1558,55062,952,43753,1,1,1688,36726,816,30980,1689,67706,California
Marin,2021-03-02,2524,101340,1682,56744,841,44594,1,2,1753,37713,767,31747,1754,69460,California
Marin,2021-03-03,4342,105682,2414,59158,1924,46518,4,6,2812,39005,1524,33271,2816,72276,California
Marin,2021-03-04,3389,109071,1665,60823,1723,48241,1,7,2369,40365,1013,34284,2373,74649,California
Marin,2021-03-05,3078,112149,1177,62000,1889,50130,12,19,1804,40912,1269,35553,1816,76465,California
Marin,2021-03-06,3243,115392,2327,64327,838,50968,78,97,2667,43085,571,36124,2744,79209,California
Marin,2021-03-07,1389,116781,1169,65496,196,51164,24,121,998,43721,386,36510,1022,80231,California
Marin,2021-03-08,1896,118677,1391,66887,388,51552,117,238,1425,44795,468,36978,1542,81773,California
Marin,2021-03-09,2225,120902,1343,68230,774,52326,108,346,1549,45777,674,37652,1656,83429,California
Marin,2021-03-10,4448,125350,2504,70734,1661,53987,283,629,3212,48043,1231,38883,3497,86926,California
Marin,2021-03-11,4570,129920,1880,72614,2554,56541,136,765,3274,50164,1289,40172,3410,90336,California
Marin,2021-03-12,3986,133906,1546,74160,2084,58625,356,1121,1573,49691,2402,42574,1929,92265,California
Marin,2021-03-13,4099,138005,2857,77017,1170,59795,72,1193,2421,50504,1676,44250,2489,94754,California
Marin,2021-03-14,2283,140288,1104,78121,1061,60856,118,1311,710,49760,1571,45821,827,95581,California
Marin,2021-03-15,3244,143532,1777,79898,1418,62274,49,1360,1229,49033,2004,47825,1277,96858,California
Marin,2021-03-16,4308,147840,2321,82219,1623,63897,364,1724,1500,48090,2805,50630,1862,98720,California
Marin,2021-03-17,4193,152033,2278,84497,1868,65765,47,1771,2060,48075,2121,52751,2106,100826,California
Marin,2021-03-18,4496,156529,2270,86767,2151,67916,75,1846,2251,48169,2229,54980,2323,103149,California
Marin,2021-03-19,4481,161010,2298,89065,1964,69880,219,2065,2433,48780,2038,57018,2649,105798,California
Marin,2021-03-20,3593,164603,1994,91059,1485,71365,114,2179,2032,49375,1552,58570,2147,107945,California
Marin,2021-03-21,1546,166149,1141,92200,381,71746,24,2203,805,49465,739,59309,829,108774,California
Marin,2021-03-22,2484,168633,2146,94346,171,71917,167,2370,995,49142,1485,60794,1162,109936,California
Marin,2021-03-23,4249,172882,2204,96550,1915,73832,130,2500,1874,48777,2369,63163,2004,111940,California
Marin,2021-03-24,4447,177329,2906,99456,1436,75268,105,2605,1814,48074,2620,65783,1917,113857,California
Marin,2021-03-25,4649,181978,2842,102298,1739,77007,68,2673,2258,48021,2377,68160,2324,116181,California
Marin,2021-03-26,4308,186286,2345,104643,1749,78756,214,2887,2413,48769,1879,70039,2627,118808,California
Marin,2021-03-27,3720,190006,2673,107316,1028,79784,19,2906,1141,47359,2569,72608,1159,119967,California
Marin,2021-03-28,2386,192392,1726,109042,654,80438,6,2912,1088,47162,1291,73899,1094,121061,California
Marin,2021-03-29,2695,195087,2099,111141,571,81009,25,2937,1165,46826,1527,75426,1191,122252,California
Marin,2021-03-30,4674,199761,3656,114797,984,81993,34,2971,2956,48101,1715,77141,2990,125242,California
Marin,2021-03-31,5832,205593,4132,118929,1651,83644,49,3020,2550,47429,3271,80412,2599,127841,California
Marin,2021-04-01,4445,210038,2283,121212,1906,85550,256,3276,2113,47477,2320,82732,2368,130209,California
Marin,2021-04-02,3743,213781,1862,123074,1510,87060,371,3647,2004,48114,1731,84463,2368,132577,California
Marin,2021-04-03,3901,217682,2551,125625,972,88032,378,4025,1488,47583,2399,86862,1868,134445,California
Marin,2021-04-04,1651,219333,1241,126866,207,88239,203,4228,1202,48541,447,87309,1405,135850,California
Marin,2021-04-05,2208,221541,1528,128394,304,88543,376,4604,1262,49237,940,88249,1636,137486,California
Marin,2021-04-06,3976,225517,2118,130512,1306,89849,552,5156,2211,50240,1760,90009,2763,140249,California
Marin,2021-04-07,3963,229480,2003,132515,1319,91168,641,5797,1456,49846,2499,92508,2105,142354,California
Marin,2021-04-08,5032,234512,1966,134481,2458,93626,608,6405,2301,50033,2722,95230,2909,145263,California
Marin,2021-04-09,3993,238505,1556,136037,1706,95332,731,7136,1319,49417,2669,97899,2053,147316,California
Marin,2021-04-10,3210,241715,1474,137511,1302,96634,434,7570,1445,49543,1750,99649,1876,149192,California
Marin,2021-04-11,1057,242772,803,138314,92,96726,162,7732,470,49589,585,100234,631,149823,California
Marin,2021-04-12,1735,244507,1235,139549,340,97066,160,7892,915,49849,816,101050,1076,150899,California
Marin,2021-04-13,3714,248221,2275,141824,1432,98498,7,7899,1349,48851,2354,103404,1356,152255,California
Marin,2021-04-14,4156,252377,2478,144302,1675,100173,3,7902,1707,48120,2439,105843,1708,153963,California
Marin,2021-04-15,5568,257945,3945,148247,1623,101796,0,7902,3191,48947,2365,108208,3192,157155,California
Marin,2021-04-16,4250,262195,2236,150483,2011,103807,3,7905,2067,48849,2169,110377,2071,159226,California
Marin,2021-04-17,3528,265723,2154,152637,1374,105181,0,7905,1760,48846,1763,112140,1760,160986,California
Marin,2021-04-18,3172,268895,3070,155707,102,105283,0,7905,2537,50751,632,112772,2537,163523,California
Marin,2021-04-19,2043,270938,1871,157578,172,105455,0,7905,1160,51035,878,113650,1162,164685,California
Marin,2021-04-20,3691,274629,2550,160128,1141,106596,0,7905,1467,50286,2217,115867,1468,166153,California
Marin,2021-04-21,4007,278636,2943,163071,1061,107657,3,7908,1355,49006,2636,118503,1356,167509,California
Marin,2021-04-22,4224,282860,3223,166294,1001,108658,0,7908,1492,47777,2724,121227,1495,169004,California
Marin,2021-04-23,3223,286083,1818,168112,1405,110063,0,7908,1226,47014,1990,123217,1227,170231,California
Marin,2021-04-24,2518,288601,1683,169795,834,110897,1,7909,918,46339,1594,124811,919,171150,California
Marin,2021-04-25,1383,289984,1265,171060,118,111015,0,7909,306,45575,1070,125881,306,171456,California
Marin,2021-04-26,1549,291533,1352,172412,194,111209,3,7912,353,44739,1193,127074,357,171813,California
Marin,2021-04-27,2979,294512,2177,174589,764,111973,38,7950,969,43741,2001,129075,1003,172816,California
Marin,2021-04-28,2300,296812,1586,176175,664,112637,50,8000,722,42937,1574,130649,770,173586,California
Marin,2021-04-29,2880,299692,1973,178148,845,113482,62,8062,789,41706,2082,132731,851,174437,California
Marin,2021-04-30,1955,301647,1278,179426,589,114071,88,8150,700,41247,1247,133978,788,175225,California
Marin,2021-05-01,1821,303468,1012,180438,786,114857,23,8173,531,40518,1282,135260,553,175778,California
Marin,2021-05-02,723,304191,586,181024,108,114965,29,8202,200,40227,519,135779,228,176006,California
Marin,2021-05-03,1211,305402,988,182012,167,115132,56,8258,261,39595,948,136727,316,176322,California
Marin,2021-05-04,2920,308322,1965,183977,865,115997,90,8348,470,37713,2442,139169,560,176882,California
Marin,2021-05-05,2720,311042,1996,185973,602,116599,122,8470,442,36005,2272,141441,564,177446,California
Marin,2021-05-06,3259,314301,2532,188505,638,117237,89,8559,426,33693,2825,144266,513,177959,California
Marin,2021-05-07,2033,316334,1546,190051,401,117638,86,8645,381,32512,1645,145911,464,178423,California
Marin,2021-05-08,2468,318802,1862,191913,484,118122,122,8767,340,30854,2120,148031,462,178885,California
Marin,2021-05-09,985,319787,900,192813,65,118187,20,8787,118,30130,863,148894,139,179024,California
Marin,2021-05-10,1405,321192,1150,193963,185,118372,70,8857,200,29198,1201,150095,269,179293,California
Marin,2021-05-11,2285,323477,1833,195796,399,118771,53,8910,295,27557,1988,152083,347,179640,California
Marin,2021-05-12,1393,324870,1029,196825,297,119068,67,8977,273,26780,1116,153199,339,179979,California
Marin,2021-05-13,2502,327372,2166,198991,280,119348,56,9033,1342,27024,1153,154352,1397,181376,California
Marin,2021-05-14,2202,329574,1453,200444,649,119997,100,9133,883,26694,1313,155665,983,182359,California
Marin,2021-05-15,2712,332286,2246,202690,386,120383,80,9213,1641,27345,1070,156735,1721,184080,California
Marin,2021-05-16,1645,333931,1590,204280,50,120433,5,9218,1329,28365,313,157048,1333,185413,California
Marin,2021-05-17,2129,336060,1981,206261,105,120538,43,9261,1717,29720,405,157453,1760,187173,California
Marin,2021-05-18,1520,337580,1185,207446,280,120818,55,9316,801,29862,713,158166,855,188028,California
Marin,2021-05-19,1536,339116,1239,208685,228,121046,69,9385,782,29964,748,158914,850,188878,California
Marin,2021-05-20,1710,340826,1414,210099,212,121258,84,9469,713,29771,990,159904,797,189675,California
Marin,2021-05-21,1357,342183,777,210876,533,121791,47,9516,391,29250,960,160864,439,190114,California
Marin,2021-05-22,1334,343517,1010,211886,268,122059,56,9572,918,29811,413,161277,974,191088,California
Marin,2021-05-23,420,343937,381,212267,29,122088,10,9582,196,29796,221,161498,206,191294,California
Marin,2021-05-24,650,344587,497,212764,110,122198,43,9625,361,29914,285,161783,403,191697,California
Marin,2021-05-25,1003,345590,625,213389,331,122529,47,9672,320,29604,674,162457,364,192061,California
Marin,2021-05-26,723,346313,490,213879,181,122710,52,9724,268,29473,451,162908,320,192381,California
Marin,2021-05-27,1037,347350,664,214543,295,123005,78,9802,353,29222,682,163590,431,192812,California
Marin,2021-05-28,1085,348435,723,215266,298,123303,64,9866,333,28871,746,164336,395,193207,California
Marin,2021-05-29,372,348807,216,215482,147,123450,9,9875,214,28936,158,164494,223,193430,California
Marin,2021-05-30,6,348813,1,215483,3,123453,2,9877,1,28934,5,164499,3,193433,California
Mariposa,2020-12-17,36,36,36,36,0,0,0,0,38,38,0,0,38,38,California
Mariposa,2020-12-18,55,91,55,91,0,0,0,0,56,94,0,0,56,94,California
Mariposa,2020-12-20,2,93,2,93,0,0,0,0,2,96,0,0,2,96,California
Mariposa,2020-12-21,49,142,49,142,0,0,0,0,53,149,0,0,53,149,California
Mariposa,2020-12-22,5,147,5,147,0,0,0,0,5,154,0,0,5,154,California
Mariposa,2020-12-23,16,163,16,163,0,0,0,0,16,170,0,0,16,170,California
Mariposa,2020-12-24,1,164,0,163,1,1,0,0,0,170,1,1,1,171,California
Mariposa,2020-12-26,1,165,1,164,0,1,0,0,1,171,0,1,1,172,California
Mariposa,2020-12-27,1,166,0,164,1,2,0,0,1,172,0,1,1,173,California
Mariposa,2020-12-28,6,172,3,167,3,5,0,0,6,178,0,1,6,179,California
Mariposa,2020-12-29,33,205,3,170,30,35,0,0,33,211,0,1,33,212,California
Mariposa,2020-12-30,25,230,4,174,21,56,0,0,25,236,0,1,25,237,California
Mariposa,2020-12-31,16,246,0,174,16,72,0,0,16,252,0,1,16,253,California
Mariposa,2021-01-02,1,247,1,175,0,72,0,0,1,253,0,1,1,254,California
Mariposa,2021-01-04,8,255,1,176,7,79,0,0,8,261,0,1,8,262,California
Mariposa,2021-01-05,24,279,14,190,10,89,0,0,14,265,10,11,14,276,California
Mariposa,2021-01-06,6,285,3,193,3,92,0,0,3,265,3,14,3,279,California
Mariposa,2021-01-07,50,335,45,238,5,97,0,0,5,225,45,59,5,284,California
Mariposa,2021-01-08,108,443,79,317,29,126,0,0,33,183,75,134,33,317,California
Mariposa,2021-01-09,1,444,0,317,1,127,0,0,1,184,0,134,1,318,California
Mariposa,2021-01-11,31,475,10,327,21,148,0,0,23,199,8,142,23,341,California
Mariposa,2021-01-12,19,494,4,331,15,163,0,0,15,210,4,146,15,356,California
Mariposa,2021-01-13,21,515,4,335,17,180,0,0,18,225,3,149,18,374,California
Mariposa,2021-01-14,73,588,7,342,66,246,0,0,67,286,6,155,67,441,California
Mariposa,2021-01-15,68,656,27,369,41,287,0,0,58,334,10,165,58,499,California
Mariposa,2021-01-16,14,670,2,371,12,299,0,0,13,346,1,166,13,512,California
Mariposa,2021-01-17,2,672,0,371,2,301,0,0,2,348,0,166,2,514,California
Mariposa,2021-01-18,3,675,3,374,0,301,0,0,1,347,2,168,1,515,California
Mariposa,2021-01-19,8,683,4,378,4,305,0,0,5,350,2,170,5,520,California
Mariposa,2021-01-20,23,706,1,379,22,327,0,0,22,371,1,171,22,542,California
Mariposa,2021-01-21,66,772,8,387,58,385,0,0,62,429,4,175,62,604,California
Mariposa,2021-01-22,56,828,2,389,54,439,0,0,56,485,0,175,56,660,California
Mariposa,2021-01-23,116,944,2,391,114,553,0,0,114,597,2,177,114,774,California
Mariposa,2021-01-24,2,946,2,393,0,553,0,0,2,599,0,177,2,776,California
Mariposa,2021-01-25,4,950,1,394,3,556,0,0,0,595,4,181,0,776,California
Mariposa,2021-01-26,36,986,4,398,32,588,0,0,4,571,32,213,8,784,California
Mariposa,2021-01-27,23,1009,1,399,22,610,0,0,12,573,10,223,12,796,California
Mariposa,2021-01-28,126,1135,3,402,123,733,0,0,113,674,12,235,113,909,California
Mariposa,2021-01-29,84,1219,22,424,62,795,0,0,83,756,1,236,83,992,California
Mariposa,2021-01-30,9,1228,1,425,8,803,0,0,8,763,1,237,8,1000,California
Mariposa,2021-01-31,1,1229,0,425,1,804,0,0,1,764,0,237,1,1001,California
Mariposa,2021-02-01,87,1316,30,455,57,861,0,0,66,809,21,258,66,1067,California
Mariposa,2021-02-02,15,1331,3,458,12,873,0,0,9,812,6,264,9,1076,California
Mariposa,2021-02-03,20,1351,1,459,19,892,0,0,14,820,6,270,14,1090,California
Mariposa,2021-02-04,99,1450,8,467,91,983,0,0,94,911,4,274,95,1185,California
Mariposa,2021-02-05,192,1642,5,472,187,1170,0,0,166,1051,26,300,166,1351,California
Mariposa,2021-02-06,11,1653,4,476,7,1177,0,0,10,1060,1,301,10,1361,California
Mariposa,2021-02-07,1,1654,0,476,1,1178,0,0,1,1061,0,301,1,1362,California
Mariposa,2021-02-08,40,1694,2,478,38,1216,0,0,21,1063,19,320,21,1383,California
Mariposa,2021-02-09,42,1736,24,502,18,1234,0,0,36,1093,6,326,36,1419,California
Mariposa,2021-02-10,28,1764,5,507,23,1257,0,0,17,1106,10,336,23,1442,California
Mariposa,2021-02-11,374,2138,5,512,369,1626,0,0,360,1455,14,350,363,1805,California
Mariposa,2021-02-12,185,2323,8,520,177,1803,0,0,141,1552,44,394,141,1946,California
Mariposa,2021-02-13,11,2334,3,523,8,1811,0,0,9,1559,2,396,9,1955,California
Mariposa,2021-02-14,8,2342,4,527,4,1815,0,0,5,1561,3,399,5,1960,California
Mariposa,2021-02-15,9,2351,3,530,6,1821,0,0,7,1566,2,401,7,1967,California
Mariposa,2021-02-16,57,2408,34,564,23,1844,0,0,34,1577,23,424,34,2001,California
Mariposa,2021-02-17,37,2445,9,573,28,1872,0,0,27,1596,9,433,28,2029,California
Mariposa,2021-02-18,58,2503,7,580,51,1923,0,0,21,1580,37,470,21,2050,California
Mariposa,2021-02-19,82,2585,3,583,79,2002,0,0,76,1650,6,476,76,2126,California
Mariposa,2021-02-20,253,2838,4,587,249,2251,0,0,223,1844,29,505,223,2349,California
Mariposa,2021-02-21,237,3075,4,591,233,2484,0,0,235,2078,1,506,235,2584,California
Mariposa,2021-02-22,23,3098,7,598,16,2500,0,0,21,2097,2,508,21,2605,California
Mariposa,2021-02-23,43,3141,37,635,6,2506,0,0,26,2106,17,525,26,2631,California
Mariposa,2021-02-24,20,3161,3,638,17,2523,0,0,8,2103,11,536,8,2639,California
Mariposa,2021-02-25,18,3179,9,647,9,2532,0,0,12,2109,6,542,12,2651,California
Mariposa,2021-02-26,424,3603,7,654,417,2949,0,0,363,2412,61,603,364,3015,California
Mariposa,2021-02-27,169,3772,5,659,164,3113,0,0,158,2559,11,614,158,3173,California
Mariposa,2021-02-28,2,3774,1,660,1,3114,0,0,0,2557,2,616,0,3173,California
Mariposa,2021-03-01,81,3855,26,686,55,3169,0,0,16,2509,64,680,16,3189,California
Mariposa,2021-03-02,20,3875,13,699,7,3176,0,0,11,2512,8,688,11,3200,California
Mariposa,2021-03-03,71,3946,5,704,66,3242,0,0,65,2572,6,694,66,3266,California
Mariposa,2021-03-04,39,3985,9,713,30,3272,0,0,20,2574,19,713,21,3287,California
Mariposa,2021-03-05,57,4042,9,722,48,3320,0,0,40,2602,17,730,45,3332,California
Mariposa,2021-03-06,15,4057,6,728,9,3329,0,0,7,2601,8,738,7,3339,California
Mariposa,2021-03-07,1,4058,1,729,0,3329,0,0,0,2600,1,739,0,3339,California
Mariposa,2021-03-08,38,4096,4,733,23,3352,11,11,9,2591,29,768,20,3359,California
Mariposa,2021-03-09,46,4142,18,751,18,3370,10,21,15,2585,31,799,25,3384,California
Mariposa,2021-03-10,31,4173,9,760,12,3382,10,31,10,2584,21,820,20,3404,California
Mariposa,2021-03-11,467,4640,6,766,442,3824,19,50,226,2592,240,1060,248,3652,California
Mariposa,2021-03-12,255,4895,8,774,220,4044,27,77,115,2593,140,1200,141,3793,California
Mariposa,2021-03-13,32,4927,6,780,11,4055,15,92,11,2597,21,1221,25,3818,California
Mariposa,2021-03-14,17,4944,2,782,4,4059,11,103,3,2597,14,1235,14,3832,California
Mariposa,2021-03-15,76,5020,7,789,31,4090,38,141,31,2621,45,1280,69,3901,California
Mariposa,2021-03-16,82,5102,33,822,14,4104,35,176,23,2620,59,1339,58,3959,California
Mariposa,2021-03-17,72,5174,10,832,54,4158,8,184,51,2659,20,1359,59,4018,California
Mariposa,2021-03-18,66,5240,15,847,41,4199,10,194,40,2683,26,1385,50,4068,California
Mariposa,2021-03-19,338,5578,11,858,322,4521,5,199,303,2956,35,1420,308,4376,California
Mariposa,2021-03-20,426,6004,5,863,419,4940,2,201,46,2625,380,1800,49,4425,California
Mariposa,2021-03-21,15,6019,9,872,5,4945,1,202,10,2632,4,1804,11,4436,California
Mariposa,2021-03-22,38,6057,7,879,23,4968,8,210,26,2655,12,1816,35,4471,California
Mariposa,2021-03-23,53,6110,33,912,10,4978,10,220,32,2676,21,1837,42,4513,California
Mariposa,2021-03-24,55,6165,5,917,48,5026,2,222,50,2723,5,1842,52,4565,California
Mariposa,2021-03-25,76,6241,15,932,53,5079,8,230,54,2765,20,1862,62,4627,California
Mariposa,2021-03-26,488,6729,9,941,478,5557,1,231,252,2782,236,2098,253,4880,California
Mariposa,2021-03-27,224,6953,8,949,216,5773,0,231,90,2740,134,2232,92,4972,California
Mariposa,2021-03-28,5,6958,0,949,2,5775,3,234,1,2740,4,2236,4,4976,California
Mariposa,2021-03-29,19,6977,6,955,13,5788,0,234,12,2745,7,2243,12,4988,California
Mariposa,2021-03-30,36,7013,13,968,7,5795,16,250,13,2751,23,2266,29,5017,California
Mariposa,2021-03-31,88,7101,15,983,66,5861,7,257,68,2806,20,2286,75,5092,California
Mariposa,2021-04-01,54,7155,10,993,36,5897,8,265,34,2828,20,2306,42,5134,California
Mariposa,2021-04-02,347,7502,11,1004,334,6231,2,267,305,3094,41,2347,307,5441,California
Mariposa,2021-04-03,10,7512,7,1011,3,6234,0,267,5,3094,5,2352,5,5446,California
Mariposa,2021-04-04,2,7514,1,1012,0,6234,1,268,0,3093,2,2354,1,5447,California
Mariposa,2021-04-05,33,7547,22,1034,7,6241,4,272,16,3096,17,2371,20,5467,California
Mariposa,2021-04-06,43,7590,20,1054,7,6248,16,288,13,3096,29,2400,29,5496,California
Mariposa,2021-04-07,98,7688,6,1060,73,6321,19,307,28,3073,70,2470,47,5543,California
Mariposa,2021-04-08,279,7967,14,1074,246,6567,19,326,143,3102,134,2604,163,5706,California
Mariposa,2021-04-09,38,8005,9,1083,14,6581,15,341,11,3101,27,2631,26,5732,California
Mariposa,2021-04-10,201,8206,3,1086,188,6769,10,351,186,3283,13,2644,195,5927,California
Mariposa,2021-04-11,124,8330,4,1090,118,6887,2,353,57,3276,67,2711,60,5987,California
Mariposa,2021-04-12,42,8372,13,1103,27,6914,2,355,13,3262,29,2740,15,6002,California
Mariposa,2021-04-13,52,8424,45,1148,7,6921,0,355,34,3278,18,2758,34,6036,California
Mariposa,2021-04-14,112,8536,7,1155,105,7026,0,355,58,3283,53,2811,58,6094,California
Mariposa,2021-04-15,57,8593,15,1170,42,7068,0,355,43,3315,11,2822,43,6137,California
Mariposa,2021-04-16,382,8975,11,1181,371,7439,0,355,106,3145,276,3098,106,6243,California
Mariposa,2021-04-17,10,8985,6,1187,4,7443,0,355,7,3149,3,3101,7,6250,California
Mariposa,2021-04-18,7,8992,0,1187,7,7450,0,355,3,3148,4,3105,3,6253,California
Mariposa,2021-04-19,57,9049,25,1212,32,7482,0,355,29,3151,26,3131,29,6282,California
Mariposa,2021-04-20,62,9111,49,1261,13,7495,0,355,39,3169,21,3152,39,6321,California
Mariposa,2021-04-21,90,9201,13,1274,77,7572,0,355,42,3164,47,3199,42,6363,California
Mariposa,2021-04-22,47,9248,8,1282,39,7611,0,355,37,3192,9,3208,37,6400,California
Mariposa,2021-04-23,315,9563,70,1352,245,7856,0,355,144,3167,171,3379,146,6546,California
Mariposa,2021-04-24,105,9668,10,1362,95,7951,0,355,42,3147,62,3441,42,6588,California
Mariposa,2021-04-26,14,9682,10,1372,4,7955,0,355,4,3141,10,3451,4,6592,California
Mariposa,2021-04-27,31,9713,16,1388,14,7969,1,356,15,3144,13,3464,16,6608,California
Mariposa,2021-04-28,74,9787,13,1401,54,8023,7,363,29,3135,45,3509,36,6644,California
Mariposa,2021-04-29,84,9871,12,1413,71,8094,1,364,79,3210,5,3514,80,6724,California
Mariposa,2021-04-30,209,10080,5,1418,199,8293,5,369,63,3132,146,3660,68,6792,California
Mariposa,2021-05-01,2,10082,2,1420,0,8293,0,369,0,3130,2,3662,0,6792,California
Mariposa,2021-05-02,3,10085,2,1422,0,8293,1,370,0,3128,3,3665,1,6793,California
Mariposa,2021-05-03,16,10101,12,1434,3,8296,1,371,7,3128,8,3673,8,6801,California
Mariposa,2021-05-04,50,10151,31,1465,15,8311,4,375,36,3154,14,3687,40,6841,California
Mariposa,2021-05-05,56,10207,8,1473,46,8357,2,377,17,3134,39,3726,19,6860,California
Mariposa,2021-05-06,55,10262,36,1509,14,8371,5,382,39,3162,16,3742,44,6904,California
Mariposa,2021-05-07,27,10289,7,1516,17,8388,3,385,13,3164,14,3756,16,6920,California
Mariposa,2021-05-08,281,10570,5,1521,276,8664,0,385,34,2953,247,4003,36,6956,California
Mariposa,2021-05-09,2,10572,1,1522,1,8665,0,385,0,2951,2,4005,0,6956,California
Mariposa,2021-05-10,19,10591,8,1530,9,8674,2,387,4,2942,15,4020,6,6962,California
Mariposa,2021-05-11,28,10619,19,1549,9,8683,0,387,20,2955,7,4027,20,6982,California
Mariposa,2021-05-12,66,10685,4,1553,59,8742,3,390,6,2904,60,4087,9,6991,California
Mariposa,2021-05-13,48,10733,8,1561,38,8780,2,392,14,2886,34,4121,16,7007,California
Mariposa,2021-05-14,251,10984,123,1684,121,8901,7,399,119,2880,132,4253,126,7133,California
Mariposa,2021-05-15,17,11001,8,1692,8,8909,1,400,10,2884,7,4260,11,7144,California
Mariposa,2021-05-16,3,11004,1,1693,1,8910,1,401,1,2884,2,4262,2,7146,California
Mariposa,2021-05-17,16,11020,7,1700,6,8916,3,404,7,2885,9,4271,10,7156,California
Mariposa,2021-05-18,61,11081,41,1741,15,8931,5,409,44,2918,16,4287,49,7205,California
Mariposa,2021-05-19,70,11151,32,1773,37,8968,1,410,51,2952,18,4305,52,7257,California
Mariposa,2021-05-20,34,11185,19,1792,13,8981,2,412,13,2946,21,4326,15,7272,California
Mariposa,2021-05-21,92,11277,8,1800,82,9063,2,414,42,2941,49,4375,44,7316,California
Mariposa,2021-05-22,47,11324,6,1806,40,9103,1,415,17,2929,30,4405,18,7334,California
Mariposa,2021-05-23,3,11327,2,1808,0,9103,1,416,2,2931,1,4406,3,7337,California
Mariposa,2021-05-24,12,11339,7,1815,3,9106,2,418,8,2937,4,4410,10,7347,California
Mariposa,2021-05-25,26,11365,17,1832,9,9115,0,418,18,2947,8,4418,18,7365,California
Mariposa,2021-05-26,36,11401,3,1835,29,9144,4,422,28,2971,8,4426,32,7397,California
Mariposa,2021-05-27,117,11518,63,1898,53,9197,1,423,60,2975,57,4483,61,7458,California
Mariposa,2021-05-28,65,11583,5,1903,55,9252,5,428,22,2959,43,4526,27,7485,California
Mariposa,2021-05-29,7,11590,2,1905,4,9256,1,429,2,2959,3,4529,3,7488,California
Mendocino,2020-12-17,70,70,70,70,0,0,0,0,70,70,0,0,70,70,California
Mendocino,2020-12-18,85,155,84,154,1,1,0,0,84,154,0,0,84,154,California
Mendocino,2020-12-19,4,159,4,158,0,1,0,0,4,158,0,0,4,158,California
Mendocino,2020-12-20,7,166,7,165,0,1,0,0,7,165,0,0,7,165,California
Mendocino,2020-12-21,241,407,241,406,0,1,0,0,77,242,0,0,77,242,California
Mendocino,2020-12-22,252,659,191,597,61,62,0,0,252,494,0,0,252,494,California
Mendocino,2020-12-23,270,929,47,644,223,285,0,0,269,763,0,0,269,763,California
Mendocino,2020-12-24,49,978,8,652,41,326,0,0,49,812,0,0,49,812,California
Mendocino,2020-12-25,1,979,0,652,1,327,0,0,1,813,0,0,1,813,California
Mendocino,2020-12-26,2,981,2,654,0,327,0,0,2,815,0,0,2,815,California
Mendocino,2020-12-27,1,982,0,654,1,328,0,0,1,816,0,0,1,816,California
Mendocino,2020-12-28,74,1056,9,663,65,393,0,0,74,890,0,0,74,890,California
Mendocino,2020-12-29,122,1178,61,724,61,454,0,0,122,1012,0,0,122,1012,California
Mendocino,2020-12-30,121,1299,67,791,54,508,0,0,121,1133,0,0,121,1133,California
Mendocino,2020-12-31,132,1431,97,888,35,543,0,0,132,1265,0,0,132,1265,California
Mendocino,2021-01-01,8,1439,6,894,2,545,0,0,8,1273,0,0,8,1273,California
Mendocino,2021-01-04,838,2277,18,912,820,1365,0,0,838,2111,0,0,838,2111,California
Mendocino,2021-01-05,74,2351,36,948,38,1403,0,0,61,2159,13,13,61,2172,California
Mendocino,2021-01-06,155,2506,133,1081,22,1425,0,0,145,2294,10,23,145,2317,California
Mendocino,2021-01-07,361,2867,238,1319,123,1548,0,0,298,2529,63,86,298,2615,California
Mendocino,2021-01-08,95,2962,82,1401,13,1561,0,0,41,2517,54,140,42,2657,California
Mendocino,2021-01-09,10,2972,6,1407,4,1565,0,0,8,2523,2,142,8,2665,California
Mendocino,2021-01-10,9,2981,8,1415,1,1566,0,0,2,2518,7,149,2,2667,California
Mendocino,2021-01-11,101,3082,92,1507,9,1575,0,0,43,2504,57,206,43,2710,California
Mendocino,2021-01-12,387,3469,377,1884,10,1585,0,0,270,2657,117,323,270,2980,California
Mendocino,2021-01-13,491,3960,145,2029,346,1931,0,0,449,3067,40,363,450,3430,California
Mendocino,2021-01-14,652,4612,20,2049,632,2563,0,0,643,3701,9,372,643,4073,California
Mendocino,2021-01-15,1872,6484,861,2910,1011,3574,0,0,1867,5564,5,377,1868,5941,California
Mendocino,2021-01-16,792,7276,50,2960,742,4316,0,0,790,6352,2,379,790,6731,California
Mendocino,2021-01-17,554,7830,1,2961,553,4869,0,0,553,6904,1,380,553,7284,California
Mendocino,2021-01-18,487,8317,462,3423,25,4894,0,0,476,7369,11,391,476,7760,California
Mendocino,2021-01-19,334,8651,148,3571,186,5080,0,0,158,7351,176,567,158,7918,California
Mendocino,2021-01-20,555,9206,407,3978,148,5228,0,0,449,7697,104,671,450,8368,California
Mendocino,2021-01-21,538,9744,225,4203,313,5541,0,0,352,7864,185,856,352,8720,California
Mendocino,2021-01-22,149,9893,58,4261,91,5632,0,0,110,7935,39,895,110,8830,California
Mendocino,2021-01-23,156,10049,84,4345,72,5704,0,0,150,8079,6,901,150,8980,California
Mendocino,2021-01-24,5,10054,3,4348,2,5706,0,0,5,8084,0,901,5,8985,California
Mendocino,2021-01-25,192,10246,18,4366,174,5880,0,0,122,8136,70,971,122,9107,California
Mendocino,2021-01-26,153,10399,53,4419,100,5980,0,0,94,8171,59,1030,94,9201,California
Mendocino,2021-01-27,441,10840,371,4790,70,6050,0,0,176,8089,258,1288,176,9377,California
Mendocino,2021-01-28,593,11433,529,5319,64,6114,0,0,498,8493,94,1382,498,9875,California
Mendocino,2021-01-29,394,11827,352,5671,42,6156,0,0,365,8830,29,1411,366,10241,California
Mendocino,2021-01-30,50,11877,31,5702,19,6175,0,0,43,8866,7,1418,43,10284,California
Mendocino,2021-01-31,275,12152,2,5704,273,6448,0,0,4,8599,271,1689,4,10288,California
Mendocino,2021-02-01,381,12533,52,5756,329,6777,0,0,59,8336,322,2011,59,10347,California
Mendocino,2021-02-02,737,13270,516,6272,221,6998,0,0,377,8353,360,2371,377,10724,California
Mendocino,2021-02-03,392,13662,207,6479,185,7183,0,0,222,8407,168,2539,222,10946,California
Mendocino,2021-02-04,625,14287,530,7009,95,7278,0,0,500,8782,125,2664,500,11446,California
Mendocino,2021-02-05,1304,15591,1214,8223,90,7368,0,0,584,8648,718,3382,584,12030,California
Mendocino,2021-02-06,558,16149,157,8380,401,7769,0,0,543,9176,15,3397,543,12573,California
Mendocino,2021-02-07,32,16181,28,8408,4,7773,0,0,32,9208,0,3397,32,12605,California
Mendocino,2021-02-08,747,16928,716,9124,31,7804,0,0,284,9029,463,3860,284,12889,California
Mendocino,2021-02-09,141,17069,58,9182,83,7887,0,0,89,9066,52,3912,89,12978,California
Mendocino,2021-02-10,1490,18559,924,10106,566,8453,0,0,743,9069,740,4652,743,13721,California
Mendocino,2021-02-11,1210,19769,208,10314,1002,9455,0,0,299,8457,911,5563,299,14020,California
Mendocino,2021-02-12,1455,21224,163,10477,1292,10747,0,0,656,8315,798,6361,656,14676,California
Mendocino,2021-02-13,502,21726,15,10492,487,11234,0,0,106,8031,395,6756,111,14787,California
Mendocino,2021-02-14,695,22421,3,10495,692,11926,0,0,135,7606,560,7316,135,14922,California
Mendocino,2021-02-15,331,22752,42,10537,289,12215,0,0,176,7627,155,7471,176,15098,California
Mendocino,2021-02-16,201,22953,51,10588,150,12365,0,0,130,7686,71,7542,130,15228,California
Mendocino,2021-02-17,1354,24307,1191,11779,163,12528,0,0,877,8088,475,8017,877,16105,California
Mendocino,2021-02-18,1791,26098,646,12425,1145,13673,0,0,1224,8746,566,8583,1224,17329,California
Mendocino,2021-02-19,756,26854,148,12573,608,14281,0,0,616,9222,140,8723,616,17945,California
Mendocino,2021-02-20,575,27429,549,13122,26,14307,0,0,544,9737,29,8752,544,18489,California
Mendocino,2021-02-21,326,27755,6,13128,320,14627,0,0,314,10040,11,8763,314,18803,California
Mendocino,2021-02-22,161,27916,29,13157,132,14759,0,0,69,10019,90,8853,69,18872,California
Mendocino,2021-02-23,857,28773,843,14000,14,14773,0,0,645,10454,210,9063,645,19517,California
Mendocino,2021-02-24,1848,30621,1766,15766,82,14855,0,0,1436,11485,407,9470,1438,20955,California
Mendocino,2021-02-25,1709,32330,533,16299,1176,16031,0,0,1287,12351,421,9891,1287,22242,California
Mendocino,2021-02-26,1416,33746,748,17047,668,16699,0,0,1050,13038,363,10254,1050,23292,California
Mendocino,2021-02-27,200,33946,151,17198,49,16748,0,0,77,12993,122,10376,77,23369,California
Mendocino,2021-02-28,36,33982,14,17212,22,16770,0,0,24,13005,12,10388,24,23393,California
Mendocino,2021-03-01,589,34571,547,17759,42,16812,0,0,549,13517,37,10425,549,23942,California
Mendocino,2021-03-02,75,34646,27,17786,48,16860,0,0,41,13525,33,10458,41,23983,California
Mendocino,2021-03-03,2034,36680,1333,19119,701,17561,0,0,1384,14261,648,11106,1384,25367,California
Mendocino,2021-03-04,1850,38530,148,19267,1702,19263,0,0,1632,15679,215,11321,1633,27000,California
Mendocino,2021-03-05,475,39005,416,19683,50,19313,9,9,372,15961,99,11420,381,27381,California
Mendocino,2021-03-06,246,39251,23,19706,198,19511,25,34,203,16147,42,11462,228,27609,California
Mendocino,2021-03-07,506,39757,8,19714,478,19989,20,54,118,15897,387,11849,137,27746,California
Mendocino,2021-03-08,123,39880,28,19742,57,20046,38,92,63,15940,58,11907,101,27847,California
Mendocino,2021-03-09,941,40821,601,20343,299,20345,41,133,834,16708,107,12014,875,28722,California
Mendocino,2021-03-10,1147,41968,984,21327,98,20443,65,198,272,16177,871,12885,340,29062,California
Mendocino,2021-03-11,842,42810,626,21953,162,20605,54,252,400,16192,439,13324,454,29516,California
Mendocino,2021-03-12,2063,44873,1051,23004,899,21504,113,365,1232,16713,824,14148,1345,30861,California
Mendocino,2021-03-13,702,45575,570,23574,74,21578,58,423,106,16286,592,14740,165,31026,California
Mendocino,2021-03-14,106,45681,4,23578,95,21673,7,430,12,16215,90,14830,19,31045,California
Mendocino,2021-03-15,599,46280,50,23628,491,22164,58,488,210,16094,388,15218,267,31312,California
Mendocino,2021-03-16,583,46863,386,24014,151,22315,46,534,121,15801,460,15678,167,31479,California
Mendocino,2021-03-17,1583,48446,1379,25393,55,22370,149,683,218,14813,1361,17039,373,31852,California
Mendocino,2021-03-18,1313,49759,248,25641,1027,23397,38,721,284,14113,1021,18060,321,32173,California
Mendocino,2021-03-19,1781,51540,855,26496,865,24262,61,782,333,13065,1444,19504,396,32569,California
Mendocino,2021-03-20,69,51609,10,26506,38,24300,21,803,12,13041,57,19561,33,32602,California
Mendocino,2021-03-21,8,51617,1,26507,2,24302,5,808,3,13044,5,19566,8,32610,California
Mendocino,2021-03-22,657,52274,613,27120,15,24317,29,837,146,12711,507,20073,174,32784,California
Mendocino,2021-03-23,165,52439,33,27153,102,24419,30,867,114,12804,51,20124,144,32928,California
Mendocino,2021-03-24,916,53355,841,27994,28,24447,47,914,113,12163,801,20925,160,33088,California
Mendocino,2021-03-25,2018,55373,52,28046,1946,26393,20,934,176,10521,1836,22761,194,33282,California
Mendocino,2021-03-26,546,55919,395,28441,126,26519,25,959,114,10228,432,23193,139,33421,California
Mendocino,2021-03-27,142,56061,13,28454,117,26636,12,971,80,10258,61,23254,91,33512,California
Mendocino,2021-03-28,25,56086,5,28459,16,26652,4,975,3,10244,21,23275,7,33519,California
Mendocino,2021-03-29,189,56275,100,28559,45,26697,44,1019,95,10289,94,23369,139,33658,California
Mendocino,2021-03-30,719,56994,634,29193,48,26745,37,1056,106,9821,611,23980,143,33801,California
Mendocino,2021-03-31,915,57909,280,29473,574,27319,61,1117,153,9275,760,24740,214,34015,California
Mendocino,2021-04-01,1744,59653,417,29890,1246,28565,81,1198,378,8382,1356,26096,463,34478,California
Mendocino,2021-04-02,1303,60956,1072,30962,158,28723,73,1271,158,7471,1142,27238,231,34709,California
Mendocino,2021-04-03,710,61666,10,30972,679,29402,21,1292,87,6961,619,27857,109,34818,California
Mendocino,2021-04-04,70,61736,34,31006,30,29432,6,1298,54,7005,16,27873,60,34878,California
Mendocino,2021-04-05,211,61947,141,31147,46,29478,24,1322,125,7065,86,27959,146,35024,California
Mendocino,2021-04-06,398,62345,123,31270,180,29658,95,1417,106,6975,292,28251,202,35226,California
Mendocino,2021-04-07,488,62833,178,31448,65,29723,245,1662,115,6965,370,28621,360,35586,California
Mendocino,2021-04-08,1499,64332,920,32368,464,30187,115,1777,1007,7602,486,29107,1123,36709,California
Mendocino,2021-04-09,758,65090,426,32794,171,30358,161,1938,396,7798,361,29468,557,37266,California
Mendocino,2021-04-10,405,65495,91,32885,268,30626,46,1984,99,7637,306,29774,145,37411,California
Mendocino,2021-04-11,122,65617,47,32932,19,30645,56,2040,59,7689,63,29837,115,37526,California
Mendocino,2021-04-12,621,66238,513,33445,48,30693,60,2100,407,7942,214,30051,467,37993,California
Mendocino,2021-04-13,291,66529,227,33672,64,30757,0,2100,222,8095,69,30120,222,38215,California
Mendocino,2021-04-14,520,67049,428,34100,92,30849,0,2100,417,8409,103,30223,417,38632,California
Mendocino,2021-04-15,659,67708,329,34429,330,31179,0,2100,388,8531,266,30489,388,39020,California
Mendocino,2021-04-16,126,67834,53,34482,72,31251,1,2101,78,8562,47,30536,78,39098,California
Mendocino,2021-04-17,196,68030,12,34494,184,31435,0,2101,67,8502,127,30663,67,39165,California
Mendocino,2021-04-18,13,68043,6,34500,7,31442,0,2101,8,8506,4,30667,8,39173,California
Mendocino,2021-04-19,539,68582,515,35015,23,31465,1,2102,427,8823,111,30778,428,39601,California
Mendocino,2021-04-20,419,69001,292,35307,127,31592,0,2102,262,8929,156,30934,262,39863,California
Mendocino,2021-04-21,193,69194,133,35440,59,31651,1,2103,114,8966,77,31011,114,39977,California
Mendocino,2021-04-22,490,69684,314,35754,175,31826,1,2104,318,9115,169,31180,318,40295,California
Mendocino,2021-04-23,846,70530,704,36458,142,31968,0,2104,688,9648,155,31335,688,40983,California
Mendocino,2021-04-24,109,70639,15,36473,94,32062,0,2104,102,9743,7,31342,102,41085,California
Mendocino,2021-04-25,56,70695,32,36505,20,32082,4,2108,18,9727,38,31380,22,41107,California
Mendocino,2021-04-26,303,70998,237,36742,61,32143,5,2113,196,9822,106,31486,201,41308,California
Mendocino,2021-04-27,201,71199,89,36831,85,32228,27,2140,92,9832,108,31594,118,41426,California
Mendocino,2021-04-28,220,71419,148,36979,53,32281,19,2159,125,9882,95,31689,145,41571,California
Mendocino,2021-04-29,1141,72560,844,37823,282,32563,15,2174,105,8969,1033,32722,120,41691,California
Mendocino,2021-04-30,607,73167,385,38208,212,32775,10,2184,228,8829,378,33100,238,41929,California
Mendocino,2021-05-01,472,73639,434,38642,32,32807,6,2190,367,9098,104,33204,373,42302,California
Mendocino,2021-05-02,55,73694,46,38688,6,32813,3,2193,8,9063,46,33250,11,42313,California
Mendocino,2021-05-03,147,73841,86,38774,39,32852,22,2215,43,9026,102,33352,65,42378,California
Mendocino,2021-05-04,378,74219,253,39027,92,32944,33,2248,140,8961,238,33590,173,42551,California
Mendocino,2021-05-05,871,75090,787,39814,69,33013,15,2263,219,8544,651,34241,234,42785,California
Mendocino,2021-05-06,631,75721,381,40195,228,33241,22,2285,154,8245,475,34716,176,42961,California
Mendocino,2021-05-07,187,75908,35,40230,128,33369,24,2309,123,8329,63,34779,147,43108,California
Mendocino,2021-05-08,125,76033,4,40234,120,33489,1,2310,109,8424,15,34794,110,43218,California
Mendocino,2021-05-09,20,76053,5,40239,14,33503,1,2311,3,8411,17,34811,4,43222,California
Mendocino,2021-05-10,244,76297,161,40400,78,33581,5,2316,150,8472,94,34905,155,43377,California
Mendocino,2021-05-11,277,76574,143,40543,117,33698,17,2333,128,8467,149,35054,144,43521,California
Mendocino,2021-05-12,135,76709,80,40623,47,33745,8,2341,42,8426,91,35145,50,43571,California
Mendocino,2021-05-13,1209,77918,1108,41731,85,33830,16,2357,307,7848,901,36046,323,43894,California
Mendocino,2021-05-14,718,78636,491,42222,164,33994,63,2420,244,7687,469,36515,308,44202,California
Mendocino,2021-05-15,85,78721,29,42251,52,34046,4,2424,40,7686,45,36560,44,44246,California
Mendocino,2021-05-16,115,78836,102,42353,11,34057,2,2426,99,7771,16,36576,101,44347,California
Mendocino,2021-05-17,172,79008,83,42436,73,34130,16,2442,97,7809,75,36651,113,44460,California
Mendocino,2021-05-18,243,79251,117,42553,98,34228,28,2470,109,7812,133,36784,136,44596,California
Mendocino,2021-05-19,326,79577,193,42746,112,34340,21,2491,242,7993,82,36866,263,44859,California
Mendocino,2021-05-20,285,79862,112,42858,131,34471,42,2533,103,7959,179,37045,145,45004,California
Mendocino,2021-05-21,613,80475,459,43317,142,34613,12,2545,486,8331,126,37171,498,45502,California
Mendocino,2021-05-22,595,81070,522,43839,65,34678,8,2553,196,8137,398,37569,204,45706,California
Mendocino,2021-05-23,18,81088,11,43850,1,34679,6,2559,10,8146,7,37576,16,45722,California
Mendocino,2021-05-24,120,81208,46,43896,56,34735,18,2577,58,8161,61,37637,76,45798,California
Mendocino,2021-05-25,293,81501,174,44070,90,34825,29,2606,132,8161,161,37798,161,45959,California
Mendocino,2021-05-26,301,81802,229,44299,61,34886,11,2617,117,8106,183,37981,128,46087,California
Mendocino,2021-05-27,221,82023,113,44412,89,34975,19,2636,90,8085,130,38111,109,46196,California
Mendocino,2021-05-28,171,82194,83,44495,81,35056,7,2643,99,8121,70,38181,106,46302,California
Mendocino,2021-05-29,40,82234,13,44508,22,35078,5,2648,23,8132,17,38198,28,46330,California
Mendocino,2021-05-30,3,82237,2,44510,1,35079,0,2648,2,8133,1,38199,2,46332,California
Merced,2020-12-16,3,3,3,3,0,0,0,0,3,3,0,0,3,3,California
Merced,2020-12-17,6,9,6,9,0,0,0,0,6,9,0,0,6,9,California
Merced,2020-12-18,143,152,143,152,0,0,0,0,143,152,0,0,143,152,California
Merced,2020-12-19,39,191,39,191,0,0,0,0,39,191,0,0,39,191,California
Merced,2020-12-20,18,209,18,209,0,0,0,0,18,209,0,0,18,209,California
Merced,2020-12-21,125,334,122,331,3,3,0,0,125,334,0,0,125,334,California
Merced,2020-12-22,152,486,152,483,0,3,0,0,152,486,0,0,152,486,California
Merced,2020-12-23,249,735,243,726,6,9,0,0,249,735,0,0,249,735,California
Merced,2020-12-24,72,807,72,798,0,9,0,0,72,807,0,0,72,807,California
Merced,2020-12-25,4,811,4,802,0,9,0,0,4,811,0,0,4,811,California
Merced,2020-12-26,6,817,3,805,3,12,0,0,6,817,0,0,6,817,California
Merced,2020-12-27,12,829,11,816,1,13,0,0,12,829,0,0,12,829,California
Merced,2020-12-28,123,952,98,914,25,38,0,0,123,952,0,0,123,952,California
Merced,2020-12-29,179,1131,123,1037,56,94,0,0,179,1131,0,0,179,1131,California
Merced,2020-12-30,215,1346,89,1126,126,220,0,0,215,1346,0,0,215,1346,California
Merced,2020-12-31,103,1449,34,1160,69,289,0,0,103,1449,0,0,103,1449,California
Merced,2021-01-01,5,1454,1,1161,4,293,0,0,5,1454,0,0,5,1454,California
Merced,2021-01-02,129,1583,118,1279,11,304,0,0,129,1583,0,0,129,1583,California
Merced,2021-01-03,9,1592,5,1284,4,308,0,0,9,1592,0,0,9,1592,California
Merced,2021-01-04,80,1672,42,1326,38,346,0,0,80,1672,0,0,80,1672,California
Merced,2021-01-05,321,1993,232,1558,89,435,0,0,315,1983,6,6,317,1989,California
Merced,2021-01-06,256,2249,105,1663,151,586,0,0,250,2227,6,12,250,2239,California
Merced,2021-01-07,187,2436,83,1746,104,690,0,0,176,2391,12,24,176,2415,California
Merced,2021-01-08,526,2962,392,2138,134,824,0,0,375,2616,150,174,375,2790,California
Merced,2021-01-09,23,2985,10,2148,13,837,0,0,17,2627,6,180,17,2807,California
Merced,2021-01-10,11,2996,7,2155,4,841,0,0,7,2630,4,184,7,2814,California
Merced,2021-01-11,228,3224,169,2324,59,900,0,0,102,2608,126,310,104,2918,California
Merced,2021-01-12,294,3518,171,2495,123,1023,0,0,244,2801,51,361,244,3162,California
Merced,2021-01-13,377,3895,175,2670,202,1225,0,0,225,2877,152,513,228,3390,California
Merced,2021-01-14,323,4218,200,2870,123,1348,0,0,158,2872,164,677,159,3549,California
Merced,2021-01-15,587,4805,131,3001,456,1804,0,0,548,3383,40,717,551,4100,California
Merced,2021-01-16,213,5018,130,3131,83,1887,0,0,196,3562,17,734,196,4296,California
Merced,2021-01-17,50,5068,12,3143,38,1925,0,0,49,3610,1,735,49,4345,California
Merced,2021-01-18,261,5329,126,3269,135,2060,0,0,239,3830,22,757,242,4587,California
Merced,2021-01-19,711,6040,587,3856,124,2184,0,0,540,4203,171,928,544,5131,California
Merced,2021-01-20,572,6612,467,4323,105,2289,0,0,515,4664,57,985,518,5649,California
Merced,2021-01-21,1011,7623,650,4973,361,2650,0,0,911,5478,100,1085,914,6563,California
Merced,2021-01-22,1311,8934,692,5665,619,3269,0,0,1283,6746,27,1112,1295,7858,California
Merced,2021-01-23,324,9258,197,5862,127,3396,0,0,217,6856,107,1219,217,8075,California
Merced,2021-01-24,37,9295,15,5877,22,3418,0,0,28,6876,8,1227,28,8103,California
Merced,2021-01-25,729,10024,241,6118,488,3906,0,0,670,7489,58,1285,671,8774,California
Merced,2021-01-26,917,10941,487,6605,430,4336,0,0,675,7950,215,1500,676,9450,California
Merced,2021-01-27,981,11922,584,7189,397,4733,0,0,813,8597,166,1666,813,10263,California
Merced,2021-01-28,1140,13062,594,7783,546,5279,0,0,1016,9491,123,1789,1017,11280,California
Merced,2021-01-29,851,13913,324,8107,527,5806,0,0,599,9853,240,2029,602,11882,California
Merced,2021-01-30,262,14175,28,8135,234,6040,0,0,245,10081,17,2046,245,12127,California
Merced,2021-01-31,47,14222,11,8146,36,6076,0,0,46,10126,1,2047,46,12173,California
Merced,2021-02-01,377,14599,54,8200,323,6399,0,0,327,10405,49,2096,328,12501,California
Merced,2021-02-02,298,14897,181,8381,117,6516,0,0,176,10463,119,2215,177,12678,California
Merced,2021-02-03,349,15246,72,8453,277,6793,0,0,168,10450,181,2396,168,12846,California
Merced,2021-02-04,371,15617,145,8598,226,7019,0,0,240,10561,130,2526,241,13087,California
Merced,2021-02-05,511,16128,171,8769,340,7359,0,0,270,10593,240,2766,272,13359,California
Merced,2021-02-06,388,16516,218,8987,170,7529,0,0,245,10698,141,2907,246,13605,California
Merced,2021-02-07,21,16537,13,9000,8,7537,0,0,14,10705,7,2914,14,13619,California
Merced,2021-02-08,281,16818,198,9198,83,7620,0,0,171,10768,109,3023,172,13791,California
Merced,2021-02-09,1215,18033,955,10153,260,7880,0,0,772,11106,435,3458,773,14564,California
Merced,2021-02-10,1857,19890,1433,11586,424,8304,0,0,1274,11807,573,4031,1274,15838,California
Merced,2021-02-11,2509,22399,2010,13596,499,8803,0,0,1816,12942,681,4712,1816,17654,California
Merced,2021-02-12,1716,24115,1014,14610,702,9505,0,0,745,12735,954,5666,747,18401,California
Merced,2021-02-13,361,24476,206,14816,155,9660,0,0,262,12904,95,5761,264,18665,California
Merced,2021-02-14,117,24593,26,14842,91,9751,0,0,95,12978,22,5783,96,18761,California
Merced,2021-02-15,273,24866,41,14883,232,9983,0,0,168,13048,99,5882,169,18930,California
Merced,2021-02-16,1216,26082,844,15727,372,10355,0,0,835,13524,363,6245,839,19769,California
Merced,2021-02-17,1880,27962,1635,17362,245,10600,0,0,1310,14287,556,6801,1319,21088,California
Merced,2021-02-18,1213,29175,823,18185,390,10990,0,0,404,13906,788,7589,407,21495,California
Merced,2021-02-19,1265,30440,415,18600,850,11840,0,0,539,13727,720,8309,541,22036,California
Merced,2021-02-20,278,30718,32,18632,246,12086,0,0,140,13731,136,8445,140,22176,California
Merced,2021-02-21,77,30795,62,18694,15,12101,0,0,31,13717,45,8490,31,22207,California
Merced,2021-02-22,832,31627,294,18988,538,12639,0,0,482,13851,348,8838,482,22689,California
Merced,2021-02-23,1084,32711,423,19411,661,13300,0,0,640,14054,438,9276,641,23330,California
Merced,2021-02-24,818,33529,302,19713,516,13816,0,0,446,14138,363,9639,447,23777,California
Merced,2021-02-25,1768,35297,875,20588,893,14709,0,0,1315,15006,450,10089,1318,25095,California
Merced,2021-02-26,2153,37450,1378,21966,775,15484,0,0,1741,16342,406,10495,1742,26837,California
Merced,2021-02-27,2578,40028,1151,23117,1427,16911,0,0,2292,18350,284,10779,2292,29129,California
Merced,2021-02-28,308,40336,73,23190,235,17146,0,0,253,18552,51,10830,253,29382,California
Merced,2021-03-01,1121,41457,281,23471,839,17985,1,1,778,18997,334,11164,779,30161,California
Merced,2021-03-02,1755,43212,910,24381,844,18829,1,2,1364,19980,384,11548,1367,31528,California
Merced,2021-03-03,2227,45439,1731,26112,495,19324,1,3,1468,20710,740,12288,1470,32998,California
Merced,2021-03-04,2896,48335,2276,28388,618,19942,2,5,1922,21679,956,13244,1925,34923,California
Merced,2021-03-05,2068,50403,1193,29581,851,20793,24,29,1528,22706,526,13770,1553,36476,California
Merced,2021-03-06,1166,51569,662,30243,482,21275,22,51,910,23383,255,14025,932,37408,California
Merced,2021-03-07,230,51799,66,30309,139,21414,25,76,201,23580,29,14054,226,37634,California
Merced,2021-03-08,1407,53206,808,31117,534,21948,65,141,1192,24621,215,14269,1256,38890,California
Merced,2021-03-09,1700,54906,1003,32120,589,22537,108,249,1100,25235,594,14863,1208,40098,California
Merced,2021-03-10,2702,57608,1870,33990,632,23169,200,449,1626,26003,1061,15924,1829,41927,California
Merced,2021-03-11,1946,59554,694,34684,1047,24216,205,654,1226,26751,705,16629,1453,43380,California
Merced,2021-03-12,2211,61765,902,35586,1041,25257,268,922,1496,27817,710,17339,1776,45156,California
Merced,2021-03-13,730,62495,310,35896,178,25435,242,1164,423,28184,299,17638,666,45822,California
Merced,2021-03-14,249,62744,136,36032,83,25518,30,1194,149,28265,99,17737,180,46002,California
Merced,2021-03-15,1517,64261,495,36527,767,26285,255,1449,1000,29009,510,18247,1254,47256,California
Merced,2021-03-16,1467,65728,714,37241,527,26812,226,1675,978,29734,478,18725,1203,48459,California
Merced,2021-03-17,1972,67700,1063,38304,729,27541,180,1855,1515,30983,448,19173,1697,50156,California
Merced,2021-03-18,2110,69810,1240,39544,723,28264,147,2002,1395,31837,701,19874,1555,51711,California
Merced,2021-03-19,2668,72478,1455,40999,1020,29284,193,2195,1387,32148,1270,21144,1581,53292,California
Merced,2021-03-20,2443,74921,1514,42513,534,29818,395,2590,958,32024,1481,22625,1357,54649,California
Merced,2021-03-21,557,75478,343,42856,201,30019,13,2603,437,32356,120,22745,452,55101,California
Merced,2021-03-22,1263,76741,630,43486,557,30576,76,2679,885,32948,371,23116,963,56064,California
Merced,2021-03-23,1834,78575,1107,44593,663,31239,64,2743,1352,33887,477,23593,1416,57480,California
Merced,2021-03-24,1467,80042,927,45520,505,31744,35,2778,989,34438,473,24066,1024,58504,California
Merced,2021-03-25,3321,83363,2279,47799,1019,32763,23,2801,2081,35317,1228,25294,2107,60611,California
Merced,2021-03-26,1938,85301,1089,48888,814,33577,35,2836,891,35205,1037,26331,925,61536,California
Merced,2021-03-27,3561,88862,1906,50794,1238,34815,417,3253,1552,35179,1996,28327,1970,63506,California
Merced,2021-03-28,521,89383,215,51009,298,35113,8,3261,215,35098,304,28631,223,63729,California
Merced,2021-03-29,1828,91211,780,51789,881,35994,167,3428,670,34789,1150,29781,841,64570,California
Merced,2021-03-30,2150,93361,803,52592,1288,37282,59,3487,991,34688,1153,30934,1052,65622,California
Merced,2021-03-31,2142,95503,1409,54001,695,37977,38,3525,954,34508,1173,32107,993,66615,California
Merced,2021-04-01,2219,97722,1024,55025,1069,39046,126,3651,1007,34437,1206,33313,1135,67750,California
Merced,2021-04-02,2341,100063,640,55665,1296,40342,405,4056,786,34091,1538,34851,1192,68942,California
Merced,2021-04-03,913,100976,434,56099,464,40806,15,4071,503,34205,406,35257,520,69462,California
Merced,2021-04-04,371,101347,143,56242,224,41030,4,4075,142,34125,228,35485,148,69610,California
Merced,2021-04-05,1271,102618,606,56848,453,41483,212,4287,419,33910,845,36330,630,70240,California
Merced,2021-04-06,2426,105044,898,57746,700,42183,828,5115,891,34098,1530,37860,1718,71958,California
Merced,2021-04-07,1658,106702,889,58635,662,42845,107,5222,586,33739,1054,38914,695,72653,California
Merced,2021-04-08,2308,109010,1180,59815,913,43758,215,5437,822,33319,1455,40369,1035,73688,California
Merced,2021-04-09,1692,110702,471,60286,645,44403,576,6013,565,33352,1111,41480,1144,74832,California
Merced,2021-04-10,698,111400,364,60650,146,44549,188,6201,176,33198,516,41996,362,75194,California
Merced,2021-04-11,488,111888,281,60931,72,44621,135,6336,147,33142,339,42335,283,75477,California
Merced,2021-04-12,1453,113341,944,61875,387,45008,122,6458,827,33501,590,42925,949,76426,California
Merced,2021-04-13,2039,115380,1460,63335,576,45584,3,6461,935,33430,1013,43938,942,77368,California
Merced,2021-04-14,2048,117428,1214,64549,834,46418,0,6461,901,33318,1015,44953,903,78271,California
Merced,2021-04-15,3021,120449,1980,66529,1041,47459,0,6461,957,32446,1834,46787,962,79233,California
Merced,2021-04-16,2381,122830,1165,67694,1216,48675,0,6461,971,32106,1311,48098,971,80204,California
Merced,2021-04-17,1851,124681,1196,68890,654,49329,1,6462,541,31347,1302,49400,543,80747,California
Merced,2021-04-18,469,125150,247,69137,222,49551,0,6462,191,31287,251,49651,191,80938,California
Merced,2021-04-19,1338,126488,752,69889,586,50137,0,6462,708,31461,535,50186,709,81647,California
Merced,2021-04-20,1469,127957,737,70626,732,50869,0,6462,800,31662,599,50785,800,82447,California
Merced,2021-04-21,1479,129436,891,71517,588,51457,0,6462,753,31800,615,51400,753,83200,California
Merced,2021-04-22,1612,131048,741,72258,871,52328,0,6462,780,31830,751,52151,781,83981,California
Merced,2021-04-23,1647,132695,684,72942,963,53291,0,6462,889,32008,712,52863,890,84871,California
Merced,2021-04-24,574,133269,405,73347,169,53460,0,6462,391,32220,179,53042,391,85262,California
Merced,2021-04-25,327,133596,187,73534,140,53600,0,6462,193,32282,131,53173,193,85455,California
Merced,2021-04-26,1191,134787,523,74057,668,54268,0,6462,620,32366,538,53711,622,86077,California
Merced,2021-04-27,1742,136529,882,74939,850,55118,10,6472,696,32094,979,54690,707,86784,California
Merced,2021-04-28,1372,137901,681,75620,682,55800,9,6481,784,32322,566,55256,794,87578,California
Merced,2021-04-29,1408,139309,600,76220,783,56583,25,6506,654,32258,745,56001,681,88259,California
Merced,2021-04-30,1453,140762,613,76833,796,57379,44,6550,746,32346,703,56704,791,89050,California
Merced,2021-05-01,557,141319,241,77074,311,57690,5,6555,259,32314,295,56999,263,89313,California
Merced,2021-05-02,293,141612,118,77192,160,57850,15,6570,129,32296,163,57162,145,89458,California
Merced,2021-05-03,840,142452,546,77738,223,58073,71,6641,299,32128,539,57701,371,89829,California
Merced,2021-05-04,1014,143466,541,78279,421,58494,52,6693,372,31914,638,58339,424,90253,California
Merced,2021-05-05,1208,144674,715,78994,417,58911,76,6769,532,31856,666,59005,608,90861,California
Merced,2021-05-06,904,145578,471,79465,384,59295,49,6818,303,31614,594,59599,352,91213,California
Merced,2021-05-07,927,146505,290,79755,595,59890,42,6860,393,31521,530,60129,437,91650,California
Merced,2021-05-08,396,146901,201,79956,159,60049,36,6896,180,31522,215,60344,216,91866,California
Merced,2021-05-09,213,147114,107,80063,99,60148,7,6903,102,31521,110,60454,109,91975,California
Merced,2021-05-10,690,147804,353,80416,301,60449,36,6939,189,31246,500,60954,225,92200,California
Merced,2021-05-11,1106,148910,651,81067,402,60851,53,6992,424,31047,676,61630,477,92677,California
Merced,2021-05-12,984,149894,525,81592,420,61271,39,7031,312,30729,669,62299,351,93028,California
Merced,2021-05-13,799,150693,399,81991,358,61629,42,7073,296,30568,500,62799,339,93367,California
Merced,2021-05-14,1004,151697,616,82607,348,61977,40,7113,524,30660,472,63271,564,93931,California
Merced,2021-05-15,747,152444,565,83172,163,62140,19,7132,442,30824,298,63569,462,94393,California
Merced,2021-05-16,346,152790,231,83403,107,62247,8,7140,199,30888,144,63713,208,94601,California
Merced,2021-05-17,1047,153837,667,84070,351,62598,29,7169,505,30885,538,64251,535,95136,California
Merced,2021-05-18,1264,155101,845,84915,388,62986,31,7200,720,31099,537,64788,751,95887,California
Merced,2021-05-19,1085,156186,737,85652,341,63327,7,7207,608,31245,473,65261,619,96506,California
Merced,2021-05-20,906,157092,466,86118,385,63712,55,7262,339,31074,565,65826,394,96900,California
Merced,2021-05-21,1051,158143,599,86717,426,64138,26,7288,426,30910,616,66442,452,97352,California
Merced,2021-05-22,592,158735,409,87126,171,64309,12,7300,342,31016,248,66690,354,97706,California
Merced,2021-05-23,271,159006,200,87326,60,64369,11,7311,194,31144,77,66767,205,97911,California
Merced,2021-05-24,510,159516,224,87550,255,64624,31,7342,207,31082,300,67067,238,98149,California
Merced,2021-05-25,749,160265,420,87970,296,64920,33,7375,400,31170,345,67412,433,98582,California
Merced,2021-05-26,823,161088,499,88469,291,65211,33,7408,311,31003,511,67923,344,98926,California
Merced,2021-05-27,852,161940,606,89075,214,65425,32,7440,549,31285,299,68222,581,99507,California
Merced,2021-05-28,668,162608,317,89392,307,65732,44,7484,302,31271,362,68584,348,99855,California
Merced,2021-05-29,358,162966,244,89636,106,65838,8,7492,150,31223,206,68790,158,100013,California
Merced,2021-05-30,74,163040,28,89664,40,65878,6,7498,37,31229,37,68827,43,100056,California
Modoc,2020-12-16,1,1,1,1,0,0,0,0,1,1,0,0,1,1,California
Modoc,2020-12-21,99,100,99,100,0,0,0,0,99,100,0,0,99,100,California
Modoc,2020-12-22,14,114,14,114,0,0,0,0,14,114,0,0,14,114,California
Modoc,2020-12-23,4,118,4,118,0,0,0,0,4,118,0,0,4,118,California
Modoc,2020-12-24,1,119,1,119,0,0,0,0,1,119,0,0,1,119,California
Modoc,2020-12-28,2,121,2,121,0,0,0,0,2,121,0,0,2,121,California
Modoc,2020-12-29,10,131,1,122,9,9,0,0,10,131,0,0,10,131,California
Modoc,2020-12-30,7,138,0,122,7,16,0,0,7,138,0,0,7,138,California
Modoc,2021-01-02,3,141,1,123,2,18,0,0,3,141,0,0,3,141,California
Modoc,2021-01-04,8,149,0,123,8,26,0,0,8,149,0,0,8,149,California
Modoc,2021-01-05,3,152,2,125,1,27,0,0,3,152,0,0,3,152,California
Modoc,2021-01-06,3,155,2,127,1,28,0,0,2,153,1,1,2,154,California
Modoc,2021-01-07,72,227,0,127,72,100,0,0,72,225,0,1,72,226,California
Modoc,2021-01-08,105,332,0,127,105,205,0,0,105,330,0,1,105,331,California
Modoc,2021-01-10,1,333,1,128,0,205,0,0,0,329,1,2,0,331,California
Modoc,2021-01-11,90,423,81,209,9,214,0,0,19,277,71,73,19,350,California
Modoc,2021-01-12,94,517,25,234,69,283,0,0,68,319,26,99,68,418,California
Modoc,2021-01-13,24,541,4,238,20,303,0,0,22,339,2,101,22,440,California
Modoc,2021-01-14,129,670,6,244,123,426,0,0,124,458,5,106,124,564,California
Modoc,2021-01-15,6,676,1,245,5,431,0,0,6,464,0,106,6,570,California
Modoc,2021-01-16,1,677,1,246,0,431,0,0,1,465,0,106,1,571,California
Modoc,2021-01-18,1,678,1,247,0,431,0,0,1,466,0,106,1,572,California
Modoc,2021-01-19,5,683,3,250,2,433,0,0,3,467,2,108,3,575,California
Modoc,2021-01-20,11,694,1,251,10,443,0,0,11,478,0,108,11,586,California
Modoc,2021-01-21,157,851,2,253,155,598,0,0,157,635,0,108,157,743,California
Modoc,2021-01-22,2,853,0,253,2,600,0,0,2,637,0,108,2,745,California
Modoc,2021-01-25,11,864,0,253,11,611,0,0,11,648,0,108,11,756,California
Modoc,2021-01-26,65,929,1,254,64,675,0,0,65,713,0,108,65,821,California
Modoc,2021-01-27,41,970,2,256,39,714,0,0,25,722,16,124,25,846,California
Modoc,2021-01-28,146,1116,2,258,144,858,0,0,145,866,1,125,145,991,California
Modoc,2021-01-29,3,1119,1,259,2,860,0,0,3,869,0,125,3,994,California
Modoc,2021-02-01,26,1145,13,272,13,873,0,0,12,867,14,139,12,1006,California
Modoc,2021-02-02,170,1315,2,274,168,1041,0,0,167,1031,3,142,167,1173,California
Modoc,2021-02-03,18,1333,13,287,5,1046,0,0,11,1035,7,149,11,1184,California
Modoc,2021-02-04,154,1487,3,290,151,1197,0,0,26,933,128,277,26,1210,California
Modoc,2021-02-05,3,1490,2,292,1,1198,0,0,2,934,1,278,2,1212,California
Modoc,2021-02-08,9,1499,2,294,7,1205,0,0,8,941,1,279,8,1220,California
Modoc,2021-02-09,197,1696,13,307,184,1389,0,0,65,874,132,411,65,1285,California
Modoc,2021-02-10,5,1701,2,309,3,1392,0,0,4,877,1,412,4,1289,California
Modoc,2021-02-11,201,1902,3,312,198,1590,0,0,83,842,118,530,83,1372,California
Modoc,2021-02-12,4,1906,0,312,4,1594,0,0,2,842,2,532,2,1374,California
Modoc,2021-02-13,1,1907,0,312,1,1595,0,0,1,843,0,532,1,1375,California
Modoc,2021-02-16,147,2054,6,318,141,1736,0,0,143,982,4,536,143,1518,California
Modoc,2021-02-17,24,2078,1,319,23,1759,0,0,12,982,12,548,12,1530,California
Modoc,2021-02-18,188,2266,2,321,186,1945,0,0,25,846,162,710,26,1556,California
Modoc,2021-02-19,4,2270,4,325,0,1945,0,0,3,848,1,711,3,1559,California
Modoc,2021-02-20,1,2271,1,326,0,1945,0,0,0,847,1,712,0,1559,California
Modoc,2021-02-22,17,2288,9,335,8,1953,0,0,3,836,14,726,3,1562,California
Modoc,2021-02-23,20,2308,2,337,18,1971,0,0,1,818,19,745,1,1563,California
Modoc,2021-02-24,91,2399,1,338,90,2061,0,0,31,789,60,805,31,1594,California
Modoc,2021-02-25,169,2568,0,338,169,2230,0,0,12,644,157,962,12,1606,California
Modoc,2021-02-26,3,2571,0,338,3,2233,0,0,1,643,2,964,1,1607,California
Modoc,2021-02-27,3,2574,3,341,0,2233,0,0,2,644,1,965,2,1609,California
Modoc,2021-03-01,5,2579,0,341,5,2238,0,0,0,640,4,969,0,1609,California
Modoc,2021-03-02,193,2772,12,353,181,2419,0,0,26,499,167,1136,26,1635,California
Modoc,2021-03-03,12,2784,6,359,6,2425,0,0,2,491,10,1146,2,1637,California
Modoc,2021-03-04,174,2958,2,361,172,2597,0,0,147,611,27,1173,147,1784,California
Modoc,2021-03-05,4,2962,3,364,1,2598,0,0,2,611,2,1175,2,1786,California
Modoc,2021-03-06,11,2973,0,364,1,2599,10,10,1,612,10,1185,11,1797,California
Modoc,2021-03-07,8,2981,2,366,0,2599,6,16,2,614,6,1191,8,1805,California
Modoc,2021-03-08,8,2989,1,367,3,2602,4,20,1,613,6,1197,5,1810,California
Modoc,2021-03-09,126,3115,10,377,108,2710,8,28,61,617,65,1262,69,1879,California
Modoc,2021-03-10,9,3124,3,380,2,2712,4,32,4,620,5,1267,8,1887,California
Modoc,2021-03-11,207,3331,0,380,99,2811,108,140,22,565,185,1452,130,2017,California
Modoc,2021-03-12,11,3342,2,382,4,2815,5,145,4,567,7,1459,9,2026,California
Modoc,2021-03-13,4,3346,0,382,1,2816,3,148,1,568,3,1462,4,2030,California
Modoc,2021-03-15,12,3358,1,383,10,2826,1,149,10,577,2,1464,11,2041,California
Modoc,2021-03-16,173,3531,1,384,168,2994,4,153,42,491,131,1595,45,2086,California
Modoc,2021-03-17,10,3541,1,385,4,2998,5,158,2,490,8,1603,7,2093,California
Modoc,2021-03-18,68,3609,2,387,59,3057,7,165,36,501,32,1635,43,2136,California
Modoc,2021-03-19,5,3614,0,387,0,3057,5,170,0,501,5,1640,5,2141,California
Modoc,2021-03-20,5,3619,2,389,0,3057,3,173,0,499,5,1645,3,2144,California
Modoc,2021-03-21,4,3623,1,390,1,3058,2,175,2,501,2,1647,4,2148,California
Modoc,2021-03-22,17,3640,1,391,11,3069,5,180,12,513,5,1652,17,2165,California
Modoc,2021-03-23,37,3677,7,398,27,3096,3,183,28,535,9,1661,31,2196,California
Modoc,2021-03-24,29,3706,1,399,18,3114,10,193,1,518,28,1689,11,2207,California
Modoc,2021-03-25,77,3783,1,400,74,3188,2,195,45,533,32,1721,47,2254,California
Modoc,2021-03-26,7,3790,2,402,2,3190,3,198,2,533,5,1726,5,2259,California
Modoc,2021-03-27,2,3792,0,402,1,3191,1,199,1,534,1,1727,2,2261,California
Modoc,2021-03-28,2,3794,1,403,0,3191,1,200,0,533,2,1729,1,2262,California
Modoc,2021-03-29,14,3808,1,404,5,3196,8,208,5,537,9,1738,13,2275,California
Modoc,2021-03-30,55,3863,10,414,38,3234,7,215,21,531,34,1772,28,2303,California
Modoc,2021-03-31,9,3872,3,417,2,3236,4,219,3,532,6,1778,7,2310,California
Modoc,2021-04-01,167,4039,2,419,160,3396,5,224,32,434,135,1913,37,2347,California
Modoc,2021-04-02,5,4044,0,419,2,3398,3,227,1,435,3,1916,4,2351,California
Modoc,2021-04-03,5,4049,2,421,0,3398,3,230,2,437,2,1918,4,2355,California
Modoc,2021-04-05,9,4058,0,421,9,3407,0,230,9,446,0,1918,9,2364,California
Modoc,2021-04-06,24,4082,5,426,9,3416,10,240,6,444,18,1936,16,2380,California
Modoc,2021-04-07,12,4094,1,427,4,3420,7,247,3,445,9,1945,10,2390,California
Modoc,2021-04-08,96,4190,1,428,92,3512,3,250,26,404,70,2015,29,2419,California
Modoc,2021-04-09,11,4201,2,430,6,3518,3,253,2,399,9,2024,4,2423,California
Modoc,2021-04-10,5,4206,0,430,1,3519,4,257,0,398,5,2029,4,2427,California
Modoc,2021-04-11,2,4208,2,432,0,3519,0,257,1,398,1,2030,1,2428,California
Modoc,2021-04-12,14,4222,0,432,10,3529,4,261,1,392,11,2041,5,2433,California
Modoc,2021-04-13,30,4252,29,461,1,3530,0,261,21,404,9,2050,21,2454,California
Modoc,2021-04-14,2,4254,2,463,0,3530,0,261,1,404,1,2051,1,2455,California
Modoc,2021-04-15,100,4354,0,463,100,3630,0,261,27,358,73,2124,27,2482,California
Modoc,2021-04-16,4,4358,4,467,0,3630,0,261,3,360,1,2125,3,2485,California
Modoc,2021-04-17,2,4360,2,469,0,3630,0,261,2,362,0,2125,2,2487,California
Modoc,2021-04-18,1,4361,0,469,1,3631,0,261,1,363,0,2125,1,2488,California
Modoc,2021-04-19,6,4367,0,469,6,3637,0,261,1,359,5,2130,1,2489,California
Modoc,2021-04-20,26,4393,2,471,24,3661,0,261,8,349,18,2148,8,2497,California
Modoc,2021-04-21,4,4397,4,475,0,3661,0,261,1,347,3,2151,1,2498,California
Modoc,2021-04-22,97,4494,3,478,94,3755,0,261,40,330,57,2208,40,2538,California
Modoc,2021-04-23,4,4498,0,478,4,3759,0,261,3,332,1,2209,3,2541,California
Modoc,2021-04-24,3,4501,1,479,1,3760,1,262,2,334,1,2210,3,2544,California
Modoc,2021-04-25,1,4502,1,480,0,3760,0,262,1,335,0,2210,1,2545,California
Modoc,2021-04-26,8,4510,1,481,7,3767,0,262,3,333,5,2215,3,2548,California
Modoc,2021-04-27,6,4516,4,485,1,3768,1,263,1,330,5,2220,2,2550,California
Modoc,2021-04-28,6,4522,1,486,4,3772,1,264,2,329,4,2224,3,2553,California
Modoc,2021-04-29,66,4588,2,488,64,3836,0,264,24,311,42,2266,24,2577,California
Modoc,2021-04-30,5,4593,4,492,1,3837,0,264,3,312,2,2268,3,2580,California
Modoc,2021-05-01,1,4594,1,493,0,3837,0,264,0,311,1,2269,0,2580,California
Modoc,2021-05-02,4,4598,3,496,1,3838,0,264,3,313,1,2270,3,2583,California
Modoc,2021-05-03,10,4608,0,496,9,3847,1,265,0,304,10,2280,1,2584,California
Modoc,2021-05-04,11,4619,3,499,6,3853,2,267,5,305,6,2286,7,2591,California
Modoc,2021-05-05,27,4646,24,523,2,3855,1,268,8,295,19,2305,9,2600,California
Modoc,2021-05-06,54,4700,3,526,49,3904,2,270,21,285,33,2338,23,2623,California
Modoc,2021-05-07,8,4708,3,529,3,3907,2,272,2,283,6,2344,4,2627,California
Modoc,2021-05-08,3,4711,2,531,0,3907,1,273,1,283,2,2346,2,2629,California
Modoc,2021-05-09,2,4713,2,533,0,3907,0,273,1,283,1,2347,1,2630,California
Modoc,2021-05-10,2,4715,0,533,1,3908,1,274,1,284,1,2348,2,2632,California
Modoc,2021-05-11,3,4718,2,535,0,3908,1,275,0,282,3,2351,1,2633,California
Modoc,2021-05-12,2,4720,0,535,0,3908,2,277,0,282,2,2353,2,2635,California
Modoc,2021-05-13,43,4763,1,536,38,3946,4,281,14,271,29,2382,18,2653,California
Modoc,2021-05-14,10,4773,4,540,1,3947,5,286,4,274,6,2388,9,2662,California
Modoc,2021-05-15,4,4777,3,543,1,3948,0,286,4,278,0,2388,4,2666,California
Modoc,2021-05-16,3,4780,2,545,1,3949,0,286,0,275,3,2391,0,2666,California
Modoc,2021-05-17,5,4785,3,548,2,3951,0,286,4,278,1,2392,4,2670,California
Modoc,2021-05-18,22,4807,11,559,9,3960,2,288,13,284,9,2401,15,2685,California
Modoc,2021-05-19,9,4816,2,561,3,3963,4,292,5,289,4,2405,9,2694,California
Modoc,2021-05-20,58,4874,2,563,47,4010,9,301,7,254,51,2456,16,2710,California
Modoc,2021-05-21,8,4882,6,569,1,4011,1,302,1,249,7,2463,2,2712,California
Modoc,2021-05-22,1,4883,1,570,0,4011,0,302,0,248,1,2464,0,2712,California
Modoc,2021-05-23,2,4885,2,572,0,4011,0,302,0,246,2,2466,0,2712,California
Modoc,2021-05-24,3,4888,1,573,0,4011,2,304,1,247,2,2468,3,2715,California
Modoc,2021-05-25,3,4891,1,574,2,4013,0,304,1,246,2,2470,1,2716,California
Modoc,2021-05-26,32,4923,29,603,3,4016,0,304,22,259,10,2480,23,2739,California
Modoc,2021-05-27,30,4953,2,605,23,4039,5,309,7,248,23,2503,12,2751,California
Modoc,2021-05-28,8,4961,1,606,4,4043,3,312,3,249,5,2508,6,2757,California
Modoc,2021-05-29,2,4963,1,607,1,4044,0,312,0,247,2,2510,0,2757,California
Mono,2020-12-18,1,1,1,1,0,0,0,0,1,1,0,0,1,1,California
Mono,2020-12-19,5,6,5,6,0,0,0,0,5,6,0,0,5,6,California
Mono,2020-12-20,7,13,7,13,0,0,0,0,7,13,0,0,7,13,California
Mono,2020-12-21,24,37,17,30,7,7,0,0,24,37,0,0,24,37,California
Mono,2020-12-22,66,103,65,95,1,8,0,0,66,103,0,0,66,103,California
Mono,2020-12-23,70,173,42,137,28,36,0,0,70,173,0,0,70,173,California
Mono,2020-12-24,3,176,1,138,2,38,0,0,3,176,0,0,3,176,California
Mono,2020-12-26,3,179,3,141,0,38,0,0,3,179,0,0,3,179,California
Mono,2020-12-27,1,180,0,141,1,39,0,0,1,180,0,0,1,180,California
Mono,2020-12-28,94,274,63,204,31,70,0,0,94,274,0,0,94,274,California
Mono,2020-12-29,29,303,29,233,0,70,0,0,29,303,0,0,29,303,California
Mono,2020-12-30,77,380,36,269,41,111,0,0,77,380,0,0,77,380,California
Mono,2020-12-31,4,384,1,270,3,114,0,0,4,384,0,0,4,384,California
Mono,2021-01-01,4,388,4,274,0,114,0,0,4,388,0,0,4,388,California
Mono,2021-01-02,2,390,2,276,0,114,0,0,2,390,0,0,2,390,California
Mono,2021-01-04,2,392,0,276,2,116,0,0,2,392,0,0,2,392,California
Mono,2021-01-05,45,437,2,278,43,159,0,0,44,435,1,1,44,436,California
Mono,2021-01-06,44,481,0,278,44,203,0,0,44,479,0,1,44,480,California
Mono,2021-01-07,55,536,3,281,52,255,0,0,54,532,1,2,54,534,California
Mono,2021-01-08,2,538,1,282,1,256,0,0,1,532,1,3,1,535,California
Mono,2021-01-09,4,542,4,286,0,256,0,0,0,528,4,7,0,535,California
Mono,2021-01-10,5,547,5,291,0,256,0,0,0,523,5,12,0,535,California
Mono,2021-01-11,8,555,5,296,3,259,0,0,4,523,4,16,4,539,California
Mono,2021-01-12,283,838,75,371,208,467,0,0,219,679,63,79,219,758,California
Mono,2021-01-13,233,1071,73,444,160,627,0,0,178,802,55,134,178,936,California
Mono,2021-01-14,73,1144,71,515,2,629,0,0,73,875,0,134,73,1009,California
Mono,2021-01-15,62,1206,2,517,60,689,0,0,62,937,0,134,62,1071,California
Mono,2021-01-16,4,1210,3,520,1,690,0,0,1,935,3,137,1,1072,California
Mono,2021-01-18,64,1274,55,575,9,699,0,0,2,875,62,199,2,1074,California
Mono,2021-01-19,210,1484,208,783,2,701,0,0,172,1010,38,237,173,1247,California
Mono,2021-01-20,230,1714,198,981,32,733,0,0,169,1118,61,298,169,1416,California
Mono,2021-01-21,3,1717,3,984,0,733,0,0,3,1121,0,298,3,1419,California
Mono,2021-01-22,4,1721,0,984,4,737,0,0,4,1125,0,298,4,1423,California
Mono,2021-01-23,594,2315,594,1578,0,737,0,0,593,1717,1,299,593,2016,California
Mono,2021-01-24,1,2316,0,1578,1,738,0,0,0,1716,1,300,0,2016,California
Mono,2021-01-25,201,2517,163,1741,38,776,0,0,162,1839,39,339,162,2178,California
Mono,2021-01-26,505,3022,503,2244,2,778,0,0,499,2332,6,345,499,2677,California
Mono,2021-01-27,5,3027,1,2245,4,782,0,0,5,2337,0,345,5,2682,California
Mono,2021-01-28,6,3033,2,2247,4,786,0,0,2,2335,4,349,2,2684,California
Mono,2021-01-30,200,3233,198,2445,2,788,0,0,199,2533,1,350,199,2883,California
Mono,2021-01-31,242,3475,137,2582,105,893,0,0,138,2567,104,454,138,3021,California
Mono,2021-02-01,27,3502,27,2609,0,893,0,0,0,2540,27,481,0,3021,California
Mono,2021-02-02,5,3507,0,2609,5,898,0,0,2,2539,3,484,2,3023,California
Mono,2021-02-03,4,3511,2,2611,2,900,0,0,2,2539,2,486,2,3025,California
Mono,2021-02-04,211,3722,158,2769,53,953,0,0,90,2508,121,607,90,3115,California
Mono,2021-02-05,617,4339,611,3380,6,959,0,0,614,3119,3,610,614,3729,California
Mono,2021-02-06,138,4477,137,3517,1,960,0,0,137,3255,1,611,137,3866,California
Mono,2021-02-07,2,4479,0,3517,2,962,0,0,2,3257,0,611,2,3868,California
Mono,2021-02-08,172,4651,172,3689,0,962,0,0,15,3116,156,767,15,3883,California
Mono,2021-02-09,226,4877,6,3695,220,1182,0,0,13,2916,213,980,13,3896,California
Mono,2021-02-10,536,5413,186,3881,350,1532,0,0,193,2767,343,1323,194,4090,California
Mono,2021-02-11,7,5420,4,3885,3,1535,0,0,2,2764,5,1328,2,4092,California
Mono,2021-02-12,84,5504,20,3905,64,1599,0,0,26,2732,58,1386,26,4118,California
Mono,2021-02-13,585,6089,585,4490,0,1599,0,0,25,2198,559,1945,25,4143,California
Mono,2021-02-15,165,6254,163,4653,2,1601,0,0,3,2041,160,2105,3,4146,California
Mono,2021-02-16,517,6771,514,5167,3,1604,0,0,45,1617,469,2574,45,4191,California
Mono,2021-02-17,7,6778,2,5169,5,1609,0,0,2,1614,5,2579,2,4193,California
Mono,2021-02-18,3,6781,2,5171,1,1610,0,0,2,1615,1,2580,2,4195,California
Mono,2021-02-19,54,6835,53,5224,1,1611,0,0,54,1669,0,2580,54,4249,California
Mono,2021-02-20,4,6839,4,5228,0,1611,0,0,4,1673,0,2580,4,4253,California
Mono,2021-02-21,6,6845,6,5234,0,1611,0,0,4,1675,2,2582,4,4257,California
Mono,2021-02-22,283,7128,282,5516,1,1612,0,0,24,1441,258,2840,24,4281,California
Mono,2021-02-23,137,7265,117,5633,20,1632,0,0,22,1348,115,2955,22,4303,California
Mono,2021-02-24,10,7275,3,5636,7,1639,0,0,4,1346,6,2961,4,4307,California
Mono,2021-02-25,5,7280,2,5638,3,1642,0,0,3,1348,1,2962,3,4310,California
Mono,2021-02-26,598,7878,596,6234,2,1644,0,0,21,793,576,3538,21,4331,California
Mono,2021-02-27,141,8019,137,6371,4,1648,0,0,4,662,135,3673,4,4335,California
Mono,2021-03-01,2,8021,2,6373,0,1648,0,0,1,663,0,3673,1,4336,California
Mono,2021-03-02,6,8027,4,6377,2,1650,0,0,4,665,2,3675,4,4340,California
Mono,2021-03-03,112,8139,2,6379,110,1760,0,0,109,772,2,3677,109,4449,California
Mono,2021-03-04,5,8144,1,6380,4,1764,0,0,3,773,2,3679,3,4452,California
Mono,2021-03-05,37,8181,27,6407,10,1774,0,0,14,764,23,3702,14,4466,California
Mono,2021-03-06,507,8688,17,6424,490,2264,0,0,499,1258,6,3708,500,4966,California
Mono,2021-03-07,1,8689,0,6424,1,2265,0,0,0,1257,1,3709,0,4966,California
Mono,2021-03-08,536,9225,11,6435,522,2787,3,3,527,1778,9,3718,530,5496,California
Mono,2021-03-09,6,9231,2,6437,3,2790,1,4,3,1780,2,3720,4,5500,California
Mono,2021-03-10,286,9517,90,6527,193,2983,3,7,9,1518,274,3994,12,5512,California
Mono,2021-03-11,10,9527,0,6527,1,2984,9,16,0,1517,10,4004,9,5521,California
Mono,2021-03-12,7,9534,1,6528,1,2985,5,21,0,1515,7,4011,5,5526,California
Mono,2021-03-13,823,10357,386,6914,437,3422,0,21,815,2322,8,4019,815,6341,California
Mono,2021-03-14,4,10361,4,6918,0,3422,0,21,0,2318,4,4023,0,6341,California
Mono,2021-03-15,31,10392,23,6941,3,3425,5,26,14,2321,16,4039,19,6360,California
Mono,2021-03-16,16,10408,6,6947,4,3429,6,32,8,2327,8,4047,14,6374,California
Mono,2021-03-17,33,10441,5,6952,20,3449,8,40,21,2344,12,4059,29,6403,California
Mono,2021-03-18,21,10462,2,6954,11,3460,8,48,9,2349,12,4071,17,6420,California
Mono,2021-03-19,21,10483,1,6955,17,3477,3,51,17,2366,3,4074,20,6440,California
Mono,2021-03-20,5,10488,3,6958,1,3478,1,52,4,2370,1,4075,5,6445,California
Mono,2021-03-21,1,10489,1,6959,0,3478,0,52,1,2371,0,4075,1,6446,California
Mono,2021-03-22,11,10500,0,6959,6,3484,5,57,5,2375,6,4081,10,6456,California
Mono,2021-03-23,43,10543,6,6965,32,3516,5,62,17,2371,26,4107,22,6478,California
Mono,2021-03-24,13,10556,1,6966,7,3523,5,67,5,2373,8,4115,10,6488,California
Mono,2021-03-25,19,10575,3,6969,12,3535,4,71,12,2382,7,4122,16,6504,California
Mono,2021-03-26,19,10594,3,6972,11,3546,5,76,10,2389,8,4130,15,6519,California
Mono,2021-03-27,356,10950,353,7325,3,3549,0,76,329,2691,27,4157,329,6848,California
Mono,2021-03-29,10,10960,3,7328,6,3555,1,77,8,2698,2,4159,9,6857,California
Mono,2021-03-30,12,10972,0,7328,8,3563,4,81,7,2704,5,4164,11,6868,California
Mono,2021-03-31,132,11104,7,7335,124,3687,1,82,22,2618,109,4273,23,6891,California
Mono,2021-04-01,8,11112,0,7335,7,3694,1,83,3,2617,5,4278,4,6895,California
Mono,2021-04-02,18,11130,2,7337,16,3710,0,83,7,2613,11,4289,7,6902,California
Mono,2021-04-03,867,11997,372,7709,495,4205,0,83,50,1848,815,5104,50,6952,California
Mono,2021-04-05,533,12530,18,7727,514,4719,1,84,34,1387,498,5602,37,6989,California
Mono,2021-04-06,19,12549,1,7728,5,4724,13,97,1,1383,18,5620,14,7003,California
Mono,2021-04-07,26,12575,3,7731,3,4727,20,117,4,1385,22,5642,24,7027,California
Mono,2021-04-08,22,12597,3,7734,2,4729,17,134,4,1388,18,5660,21,7048,California
Mono,2021-04-09,37,12634,4,7738,4,4733,29,163,7,1394,30,5690,36,7084,California
Mono,2021-04-10,451,13085,2,7740,442,5175,7,170,30,1013,421,6111,40,7124,California
Mono,2021-04-11,1,13086,1,7741,0,5175,0,170,0,1012,1,6112,0,7124,California
Mono,2021-04-12,6,13092,0,7741,3,5178,3,173,3,1015,3,6115,6,7130,California
Mono,2021-04-13,20,13112,2,7743,17,5195,1,174,14,1024,6,6121,15,7145,California
Mono,2021-04-14,25,13137,1,7744,24,5219,0,174,7,1013,18,6139,7,7152,California
Mono,2021-04-15,20,13157,5,7749,15,5234,0,174,11,1015,9,6148,11,7163,California
Mono,2021-04-16,17,13174,1,7750,16,5250,0,174,6,1010,11,6159,6,7169,California
Mono,2021-04-17,51,13225,2,7752,49,5299,0,174,44,1047,7,6166,44,7213,California
Mono,2021-04-18,1,13226,0,7752,1,5300,0,174,1,1048,0,6166,1,7214,California
Mono,2021-04-19,526,13752,319,8071,207,5507,0,174,201,926,323,6489,201,7415,California
Mono,2021-04-20,16,13768,2,8073,14,5521,0,174,11,932,5,6494,11,7426,California
Mono,2021-04-21,8,13776,1,8074,7,5528,0,174,3,930,5,6499,3,7429,California
Mono,2021-04-22,25,13801,11,8085,14,5542,0,174,11,927,14,6513,11,7440,California
Mono,2021-04-23,22,13823,2,8087,20,5562,0,174,12,929,10,6523,12,7452,California
Mono,2021-04-24,36,13859,22,8109,14,5576,0,174,21,935,15,6538,21,7473,California
Mono,2021-04-25,3,13862,2,8111,1,5577,0,174,3,938,0,6538,3,7476,California
Mono,2021-04-26,10,13872,1,8112,9,5586,0,174,2,932,8,6546,2,7478,California
Mono,2021-04-27,66,13938,40,8152,19,5605,7,181,50,973,16,6562,57,7535,California
Mono,2021-04-28,63,14001,41,8193,18,5623,4,185,48,1012,13,6575,52,7587,California
Mono,2021-04-29,8,14009,1,8194,4,5627,3,188,2,1011,6,6581,5,7592,California
Mono,2021-04-30,16,14025,3,8197,10,5637,3,191,8,1014,8,6589,11,7603,California
Mono,2021-05-01,110,14135,4,8201,106,5743,0,191,97,1099,12,6601,97,7700,California
Mono,2021-05-03,1,14136,0,8201,1,5744,0,191,0,1098,1,6602,0,7700,California
Mono,2021-05-04,19,14155,0,8201,13,5757,6,197,10,1105,9,6611,16,7716,California
Mono,2021-05-05,54,14209,8,8209,42,5799,4,201,46,1147,8,6619,50,7766,California
Mono,2021-05-06,13,14222,3,8212,9,5808,1,202,9,1153,4,6623,10,7776,California
Mono,2021-05-07,29,14251,22,8234,7,5815,0,202,25,1174,4,6627,25,7801,California
Mono,2021-05-08,50,14301,5,8239,45,5860,0,202,22,1168,28,6655,22,7823,California
Mono,2021-05-10,17,14318,1,8240,12,5872,4,206,9,1173,8,6663,13,7836,California
Mono,2021-05-11,16,14334,2,8242,11,5883,3,209,5,1170,11,6674,8,7844,California
Mono,2021-05-12,12,14346,0,8242,11,5894,1,210,4,1167,8,6682,5,7849,California
Mono,2021-05-13,45,14391,32,8274,13,5907,0,210,36,1194,9,6691,36,7885,California
Mono,2021-05-14,10,14401,1,8275,8,5915,1,211,5,1195,5,6696,6,7891,California
Mono,2021-05-15,66,14467,25,8300,34,5949,7,218,18,1172,48,6744,25,7916,California
Mono,2021-05-16,6,14473,5,8305,1,5950,0,218,3,1172,3,6747,3,7919,California
Mono,2021-05-17,246,14719,33,8338,206,6156,7,225,54,1043,191,6938,62,7981,California
Mono,2021-05-18,133,14852,109,8447,23,6179,1,226,87,1085,46,6984,88,8069,California
Mono,2021-05-19,118,14970,112,8559,1,6180,5,231,75,1122,43,7027,80,8149,California
Mono,2021-05-20,70,15040,54,8613,10,6190,6,237,53,1164,17,7044,59,8208,California
Mono,2021-05-21,26,15066,5,8618,19,6209,2,239,12,1164,14,7058,14,8222,California
Mono,2021-05-22,19,15085,10,8628,7,6216,2,241,13,1173,6,7064,15,8237,California
Mono,2021-05-23,4,15089,1,8629,3,6219,0,241,3,1175,1,7065,3,8240,California
Mono,2021-05-24,10,15099,1,8630,9,6228,0,241,7,1179,3,7068,7,8247,California
Mono,2021-05-25,15,15114,6,8636,9,6237,0,241,8,1180,7,7075,8,8255,California
Mono,2021-05-26,18,15132,3,8639,14,6251,1,242,8,1179,10,7085,9,8264,California
Mono,2021-05-27,6,15138,2,8641,4,6255,0,242,5,1183,1,7086,5,8269,California
Mono,2021-05-28,42,15180,27,8668,14,6269,1,243,10,1162,32,7118,11,8280,California
Mono,2021-05-29,125,15305,26,8694,97,6366,2,245,31,1101,94,7212,33,8313,California
Monterey,2020-12-16,5,5,5,5,0,0,0,0,5,5,0,0,5,5,California
Monterey,2020-12-17,89,94,89,94,0,0,0,0,89,94,0,0,89,94,California
Monterey,2020-12-18,486,580,486,580,0,0,0,0,486,580,0,0,486,580,California
Monterey,2020-12-19,582,1162,581,1161,1,1,0,0,582,1162,0,0,582,1162,California
Monterey,2020-12-20,422,1584,422,1583,0,1,0,0,422,1584,0,0,422,1584,California
Monterey,2020-12-21,723,2307,723,2306,0,1,0,0,723,2307,0,0,723,2307,California
Monterey,2020-12-22,538,2845,525,2831,13,14,0,0,538,2845,0,0,538,2845,California
Monterey,2020-12-23,441,3286,266,3097,175,189,0,0,441,3286,0,0,441,3286,California
Monterey,2020-12-24,84,3370,10,3107,74,263,0,0,84,3370,0,0,84,3370,California
Monterey,2020-12-25,6,3376,0,3107,6,269,0,0,6,3376,0,0,6,3376,California
Monterey,2020-12-26,92,3468,5,3112,87,356,0,0,92,3468,0,0,92,3468,California
Monterey,2020-12-27,7,3475,4,3116,3,359,0,0,7,3475,0,0,7,3475,California
Monterey,2020-12-28,480,3955,25,3141,455,814,0,0,480,3955,0,0,480,3955,California
Monterey,2020-12-29,902,4857,168,3309,734,1548,0,0,902,4857,0,0,902,4857,California
Monterey,2020-12-30,568,5425,97,3406,471,2019,0,0,568,5425,0,0,568,5425,California
Monterey,2020-12-31,33,5458,11,3417,22,2041,0,0,33,5458,0,0,33,5458,California
Monterey,2021-01-01,13,5471,3,3420,10,2051,0,0,13,5471,0,0,13,5471,California
Monterey,2021-01-02,137,5608,134,3554,3,2054,0,0,137,5608,0,0,137,5608,California
Monterey,2021-01-03,30,5638,29,3583,1,2055,0,0,30,5638,0,0,30,5638,California
Monterey,2021-01-04,411,6049,18,3601,393,2448,0,0,411,6049,0,0,411,6049,California
Monterey,2021-01-05,753,6802,327,3928,426,2874,0,0,739,6774,14,14,739,6788,California
Monterey,2021-01-06,660,7462,175,4103,485,3359,0,0,637,7388,23,37,637,7425,California
Monterey,2021-01-07,750,8212,574,4677,176,3535,0,0,424,7488,324,361,424,7849,California
Monterey,2021-01-08,1095,9307,737,5414,358,3893,0,0,400,7193,695,1056,400,8249,California
Monterey,2021-01-09,967,10274,935,6349,32,3925,0,0,314,6855,652,1708,314,8563,California
Monterey,2021-01-10,274,10548,271,6620,3,3928,0,0,9,6599,265,1973,9,8572,California
Monterey,2021-01-11,1074,11622,988,7608,86,4014,0,0,369,6263,705,2678,369,8941,California
Monterey,2021-01-12,474,12096,395,8003,79,4093,0,0,211,6211,263,2941,211,9152,California
Monterey,2021-01-13,1218,13314,593,8596,625,4718,0,0,1172,7337,46,2987,1172,10324,California
Monterey,2021-01-14,1129,14443,169,8765,960,5678,0,0,1110,8432,19,3006,1114,11438,California
Monterey,2021-01-15,1049,15492,45,8810,1004,6682,0,0,1036,9455,13,3019,1036,12474,California
Monterey,2021-01-16,366,15858,301,9111,65,6747,0,0,361,9811,5,3024,361,12835,California
Monterey,2021-01-17,314,16172,293,9404,21,6768,0,0,301,10099,13,3037,301,13136,California
Monterey,2021-01-18,403,16575,46,9450,357,7125,0,0,381,10458,22,3059,381,13517,California
Monterey,2021-01-19,578,17153,395,9845,183,7308,0,0,419,10720,157,3216,419,13936,California
Monterey,2021-01-20,539,17692,268,10113,271,7579,0,0,333,10847,206,3422,333,14269,California
Monterey,2021-01-21,851,18543,93,10206,758,8337,0,0,741,11482,110,3532,745,15014,California
Monterey,2021-01-22,1057,19600,195,10401,862,9199,0,0,1018,12461,39,3571,1018,16032,California
Monterey,2021-01-23,243,19843,175,10576,68,9267,0,0,119,12459,123,3694,121,16153,California
Monterey,2021-01-24,57,19900,38,10614,19,9286,0,0,23,12448,34,3728,23,16176,California
Monterey,2021-01-25,804,20704,175,10789,629,9915,0,0,177,12005,620,4348,177,16353,California
Monterey,2021-01-26,946,21650,225,11014,721,10636,0,0,249,11557,697,5045,249,16602,California
Monterey,2021-01-27,872,22522,315,11329,557,11193,0,0,390,11465,482,5527,390,16992,California
Monterey,2021-01-28,2031,24553,739,12068,1292,12485,0,0,1690,12816,341,5868,1692,18684,California
Monterey,2021-01-29,1278,25831,709,12777,569,13054,0,0,1160,13860,117,5985,1161,19845,California
Monterey,2021-01-30,467,26298,295,13072,172,13226,0,0,211,13815,256,6241,211,20056,California
Monterey,2021-01-31,496,26794,72,13144,424,13650,0,0,485,14290,11,6252,486,20542,California
Monterey,2021-02-01,1660,28454,1149,14293,511,14161,0,0,1092,14815,567,6819,1092,21634,California
Monterey,2021-02-02,2174,30628,462,14755,1712,15873,0,0,1566,15774,607,7426,1566,23200,California
Monterey,2021-02-03,2343,32971,1052,15807,1291,17164,0,0,1565,16565,774,8200,1565,24765,California
Monterey,2021-02-04,2794,35765,2088,17895,706,17870,0,0,2484,18741,308,8508,2484,27249,California
Monterey,2021-02-05,3675,39440,2832,20727,843,18713,0,0,3234,21539,436,8944,3234,30483,California
Monterey,2021-02-06,1109,40549,380,21107,729,19442,0,0,762,21956,345,9289,762,31245,California
Monterey,2021-02-07,317,40866,268,21375,49,19491,0,0,99,21837,218,9507,99,31344,California
Monterey,2021-02-08,521,41387,291,21666,230,19721,0,0,430,22176,91,9598,430,31774,California
Monterey,2021-02-09,882,42269,684,22350,198,19919,0,0,570,22436,312,9910,572,32346,California
Monterey,2021-02-10,2093,44362,1110,23460,983,20902,0,0,1247,22838,846,10756,1248,33594,California
Monterey,2021-02-11,2513,46875,975,24435,1538,22440,0,0,1550,23429,961,11717,1552,35146,California
Monterey,2021-02-12,2604,49479,432,24867,2172,24612,0,0,1530,23887,1073,12790,1531,36677,California
Monterey,2021-02-13,1079,50558,49,24916,1030,25642,0,0,988,24785,90,12880,988,37665,California
Monterey,2021-02-14,600,51158,73,24989,527,26169,0,0,527,25239,73,12953,527,38192,California
Monterey,2021-02-15,1375,52533,161,25150,1214,27383,0,0,984,25835,389,13342,985,39177,California
Monterey,2021-02-16,1097,53630,244,25394,853,28236,0,0,873,26484,224,13566,873,40050,California
Monterey,2021-02-17,1957,55587,1167,26561,790,29026,0,0,1652,27834,304,13870,1654,41704,California
Monterey,2021-02-18,2238,57825,1179,27740,1059,30085,0,0,913,27438,1311,15181,915,42619,California
Monterey,2021-02-19,2952,60777,1539,29279,1413,31498,0,0,1353,27194,1598,16779,1354,43973,California
Monterey,2021-02-20,1023,61800,617,29896,406,31904,0,0,964,28100,58,16837,964,44937,California
Monterey,2021-02-21,1254,63054,1225,31121,29,31933,0,0,1183,29214,69,16906,1183,46120,California
Monterey,2021-02-22,1004,64058,855,31976,149,32082,0,0,652,29516,350,17256,652,46772,California
Monterey,2021-02-23,971,65029,624,32600,347,32429,0,0,305,29157,665,17921,306,47078,California
Monterey,2021-02-24,2482,67511,1326,33926,1156,33585,0,0,1857,30395,620,18541,1858,48936,California
Monterey,2021-02-25,4433,71944,2429,36355,2004,35589,0,0,1486,28942,2940,21481,1487,50423,California
Monterey,2021-02-26,5304,77248,3088,39443,2216,37805,0,0,2635,28912,2666,24147,2636,53059,California
Monterey,2021-02-27,1030,78278,186,39629,844,38649,0,0,813,29513,212,24359,813,53872,California
Monterey,2021-02-28,1539,79817,82,39711,1457,40106,0,0,1076,30131,458,24817,1076,54948,California
Monterey,2021-03-01,1291,81108,146,39857,1142,41248,3,3,748,30345,538,25355,752,55700,California
Monterey,2021-03-02,2808,83916,1735,41592,1073,42321,0,3,1940,31421,864,26219,1940,57640,California
Monterey,2021-03-03,3223,87139,1246,42838,1977,44298,0,3,1278,30757,1943,28162,1279,58919,California
Monterey,2021-03-04,4584,91723,1474,44312,3110,47408,0,3,2957,32091,1623,29785,2957,61876,California
Monterey,2021-03-05,3678,95401,1626,45938,1775,49183,277,280,3008,34707,669,30454,3285,65161,California
Monterey,2021-03-06,5089,100490,1081,47019,3702,52885,306,586,4174,38273,912,31366,4478,69639,California
Monterey,2021-03-07,524,101014,107,47126,170,53055,247,833,234,38462,290,31656,479,70118,California
Monterey,2021-03-08,1670,102684,327,47453,954,54009,389,1222,1121,39421,549,32205,1508,71626,California
Monterey,2021-03-09,1995,104679,696,48149,1024,55033,275,1497,1493,40686,501,32706,1766,73392,California
Monterey,2021-03-10,3194,107873,1037,49186,1667,56700,490,1987,1466,40918,1724,34430,1956,75348,California
Monterey,2021-03-11,4174,112047,1415,50601,2384,59084,375,2362,2402,41930,1765,36195,2777,78125,California
Monterey,2021-03-12,4423,116470,2053,52654,2230,61314,140,2502,2723,43096,1697,37892,2863,80988,California
Monterey,2021-03-13,5309,121779,970,53624,3992,65306,347,2849,3987,46110,1321,39213,4335,85323,California
Monterey,2021-03-14,2162,123941,1336,54960,801,66107,25,2874,579,45141,1573,40786,604,85927,California
Monterey,2021-03-15,3975,127916,1274,56234,2411,68518,290,3164,2278,46015,1693,42479,2567,88494,California
Monterey,2021-03-16,3534,131450,579,56813,2578,71096,377,3541,2113,47080,1420,43899,2485,90979,California
Monterey,2021-03-17,5835,137285,2363,59176,3215,74311,257,3798,4223,49959,1606,45505,4485,95464,California
Monterey,2021-03-18,4473,141758,2170,61346,2134,76445,169,3967,3109,51916,1358,46863,3315,98779,California
Monterey,2021-03-19,5496,147254,2564,63910,2785,79230,147,4114,4207,54987,1284,48147,4355,103134,California
Monterey,2021-03-20,3370,150624,421,64331,2254,81484,695,4809,2285,56885,1081,49228,2979,106113,California
Monterey,2021-03-21,634,151258,206,64537,419,81903,9,4818,561,57383,71,49299,569,106682,California
Monterey,2021-03-22,2498,153756,1443,65980,993,82896,62,4880,2285,59519,209,49508,2345,109027,California
Monterey,2021-03-23,4030,157786,2364,68344,1623,84519,43,4923,2562,60660,1463,50971,2604,111631,California
Monterey,2021-03-24,5128,162914,2126,70470,2686,87205,316,5239,3759,63367,1365,52336,4072,115703,California
Monterey,2021-03-25,5324,168238,1226,71696,3739,90944,359,5598,2683,63777,2633,54969,3043,118746,California
Monterey,2021-03-26,5455,173693,2620,74316,2757,93701,78,5676,2790,63993,2654,57623,2870,121616,California
Monterey,2021-03-27,4868,178561,1458,75774,3154,96855,256,5932,3130,65644,1735,59358,3386,125002,California
Monterey,2021-03-28,1120,179681,346,76120,765,97620,9,5941,626,65790,489,59847,635,125637,California
Monterey,2021-03-29,3230,182911,1414,77534,1802,99422,14,5955,2008,66602,1214,61061,2026,127663,California
Monterey,2021-03-30,4531,187442,2136,79670,2347,101769,48,6003,2790,67713,1731,62792,2842,130505,California
Monterey,2021-03-31,5447,192889,2426,82096,2222,103991,799,6802,3459,69978,1985,64777,4250,134755,California
Monterey,2021-04-01,6152,199041,2065,84161,3674,107665,413,7215,3114,70478,3023,67800,3523,138278,California
Monterey,2021-04-02,4806,203847,2276,86437,2465,110130,65,7280,3251,72246,1552,69352,3320,141598,California
Monterey,2021-04-03,5951,209798,1121,87558,3788,113918,1042,8322,1239,69819,4700,74052,2273,143871,California
Monterey,2021-04-04,774,210572,162,87720,597,114515,15,8337,498,70058,276,74328,515,144386,California
Monterey,2021-04-05,4020,214592,2482,90202,1306,115821,232,8569,1495,69268,2519,76847,1729,146115,California
Monterey,2021-04-06,3444,218036,1348,91550,1621,117442,475,9044,1179,68658,2263,79110,1653,147768,California
Monterey,2021-04-07,5698,223734,1388,92938,3795,121237,515,9559,2765,69019,2921,82031,3282,151050,California
Monterey,2021-04-08,6679,230413,3514,96452,2358,123595,807,10366,3296,69769,3377,85408,4127,155177,California
Monterey,2021-04-09,5775,236188,3456,99908,1680,125275,639,11005,2330,69354,3442,88850,3027,158204,California
Monterey,2021-04-10,10207,246395,4960,104868,3088,128363,2159,13164,4981,71279,5215,94065,7140,165344,California
Monterey,2021-04-11,5422,251817,4251,109119,567,128930,604,13768,4375,75212,1041,95106,4974,170318,California
Monterey,2021-04-12,4104,255921,1850,110969,1935,130865,319,14087,927,73419,3039,98145,1246,171564,California
Monterey,2021-04-13,3186,259107,730,111699,2451,133316,5,14092,1519,73297,1648,99793,1526,173090,California
Monterey,2021-04-14,6736,265843,3139,114838,3594,136910,3,14095,1835,70252,4883,104676,1838,174928,California
Monterey,2021-04-15,5894,271737,3904,118742,1990,138900,0,14095,3869,72127,1995,106671,3870,178798,California
Monterey,2021-04-16,4854,276591,2442,121184,2398,141298,14,14109,2249,71798,2593,109264,2264,181062,California
Monterey,2021-04-17,5623,282214,1359,122543,4264,145562,0,14109,3723,73636,1885,111149,3723,184785,California
Monterey,2021-04-18,843,283057,256,122799,587,146149,0,14109,237,73271,602,111751,237,185022,California
Monterey,2021-04-19,3734,286791,1290,124089,2444,148593,0,14109,1772,73089,1954,113705,1772,186794,California
Monterey,2021-04-20,3852,290643,1583,125672,2269,150862,0,14109,1590,72441,2239,115944,1591,188385,California
Monterey,2021-04-21,5932,296575,3179,128851,2753,153615,0,14109,2859,72265,3037,118981,2861,191246,California
Monterey,2021-04-22,4833,301408,1029,129880,3804,157419,0,14109,1988,71449,2804,121785,1988,193234,California
Monterey,2021-04-23,5771,307179,2634,132514,3136,160555,1,14110,2237,70177,3514,125299,2242,195476,California
Monterey,2021-04-24,4177,311356,587,133101,3590,164145,0,14110,1540,69097,2620,127919,1540,197016,California
Monterey,2021-04-25,1243,312599,610,133711,633,164778,0,14110,793,69450,440,128359,793,197809,California
Monterey,2021-04-26,3501,316100,2178,135889,1306,166084,17,14127,881,67753,2595,130954,898,198707,California
Monterey,2021-04-27,2627,318727,898,136787,1611,167695,118,14245,1147,67541,1476,132430,1264,199971,California
Monterey,2021-04-28,3614,322341,1373,138160,2088,169783,153,14398,2234,68555,1367,133797,2381,202352,California
Monterey,2021-04-29,4516,326857,2423,140583,2017,171800,76,14474,1653,67433,2852,136649,1730,204082,California
Monterey,2021-04-30,3193,330050,1657,142240,1461,173261,75,14549,795,65912,2389,139038,868,204950,California
Monterey,2021-05-01,5616,335666,4240,146480,1336,174597,40,14589,681,61714,4917,143955,719,205669,California
Monterey,2021-05-02,4362,340028,3935,150415,400,174997,27,14616,325,58042,4024,147979,352,206021,California
Monterey,2021-05-03,2550,342578,1567,151982,867,175864,116,14732,599,56816,1941,149920,715,206736,California
Monterey,2021-05-04,1789,344367,600,152582,1099,176963,90,14822,645,56421,1131,151051,736,207472,California
Monterey,2021-05-05,3316,347683,1196,153778,2035,178998,85,14907,1044,55290,2261,153312,1130,208602,California
Monterey,2021-05-06,4177,351860,2749,156527,1211,180209,217,15124,1126,53598,3035,156347,1343,209945,California
Monterey,2021-05-07,1991,353851,973,157500,919,181128,99,15223,704,53121,1279,157626,802,210747,California
Monterey,2021-05-08,2586,356437,1368,158868,894,182022,324,15547,919,52704,1656,159282,1239,211986,California
Monterey,2021-05-09,398,356835,116,158984,256,182278,26,15573,145,52623,252,159534,171,212157,California
Monterey,2021-05-10,2596,359431,1859,160843,690,182968,47,15620,330,50745,2256,161790,378,212535,California
Monterey,2021-05-11,1769,361200,907,161750,798,183766,64,15684,732,50520,1022,162812,797,213332,California
Monterey,2021-05-12,3677,364877,1965,163715,1639,185405,73,15757,787,48501,2880,165692,861,214193,California
Monterey,2021-05-13,2299,367176,1314,165029,928,186333,57,15814,1266,48799,1023,166715,1321,215514,California
Monterey,2021-05-14,1755,368931,501,165530,1177,187510,77,15891,695,48519,1051,167766,771,216285,California
Monterey,2021-05-15,3007,371938,527,166057,2245,189755,235,16126,647,47052,2348,170114,881,217166,California
Monterey,2021-05-16,883,372821,530,166587,281,190036,72,16198,223,46692,654,170768,294,217460,California
Monterey,2021-05-17,2194,375015,1290,167877,829,190865,75,16273,1038,46663,1143,171911,1114,218574,California
Monterey,2021-05-18,1734,376749,667,168544,1023,191888,44,16317,798,46580,927,172838,844,219418,California
Monterey,2021-05-19,3584,380333,2346,170890,1151,193039,87,16404,1939,46969,1638,174476,2027,221445,California
Monterey,2021-05-20,2319,382652,817,171707,1396,194435,106,16510,747,46267,1557,176033,855,222300,California
Monterey,2021-05-21,2844,385496,1214,172921,1539,195974,91,16601,888,45297,1949,177982,979,223279,California
Monterey,2021-05-22,1701,387197,609,173530,814,196788,278,16879,639,45153,1059,179041,915,224194,California
Monterey,2021-05-23,552,387749,410,173940,127,196915,15,16894,389,45399,158,179199,404,224598,California
Monterey,2021-05-24,1655,389404,495,174435,1096,198011,64,16958,591,44996,1058,180257,655,225253,California
Monterey,2021-05-25,1395,390799,524,174959,803,198814,68,17026,590,44865,789,181046,658,225911,California
Monterey,2021-05-26,2369,393168,989,175948,1327,200141,53,17079,964,44488,1394,182440,1017,226928,California
Monterey,2021-05-27,2437,395605,1339,177287,1040,201181,58,17137,883,43889,1540,183980,941,227869,California
Monterey,2021-05-28,1643,397248,568,177855,1020,202201,55,17192,750,43808,887,184867,806,228675,California
Monterey,2021-05-29,941,398189,609,178464,305,202506,27,17219,401,43697,539,185406,428,229103,California
Monterey,2021-05-30,55,398244,22,178486,27,202533,6,17225,17,43682,38,185444,23,229126,California
Napa,2020-12-16,12,12,12,12,0,0,0,0,12,12,0,0,12,12,California
Napa,2020-12-17,44,56,44,56,0,0,0,0,44,56,0,0,44,56,California
Napa,2020-12-18,102,158,102,158,0,0,0,0,102,158,0,0,102,158,California
Napa,2020-12-19,221,379,221,379,0,0,0,0,221,379,0,0,221,379,California
Napa,2020-12-20,190,569,190,569,0,0,0,0,190,569,0,0,190,569,California
Napa,2020-12-21,314,883,314,883,0,0,0,0,315,884,0,0,315,884,California
Napa,2020-12-22,341,1224,332,1215,9,9,0,0,341,1225,0,0,341,1225,California
Napa,2020-12-23,431,1655,321,1536,110,119,0,0,431,1656,0,0,431,1656,California
Napa,2020-12-24,139,1794,78,1614,61,180,0,0,139,1795,0,0,139,1795,California
Napa,2020-12-25,1,1795,1,1615,0,180,0,0,1,1796,0,0,1,1796,California
Napa,2020-12-26,39,1834,11,1626,28,208,0,0,39,1835,0,0,39,1835,California
Napa,2020-12-27,32,1866,16,1642,16,224,0,0,32,1867,0,0,32,1867,California
Napa,2020-12-28,252,2118,186,1828,66,290,0,0,281,2148,0,0,281,2148,California
Napa,2020-12-29,271,2389,214,2042,57,347,0,0,304,2452,0,0,304,2452,California
Napa,2020-12-30,631,3020,486,2528,145,492,0,0,639,3091,0,0,639,3091,California
Napa,2020-12-31,460,3480,371,2899,89,581,0,0,460,3551,0,0,460,3551,California
Napa,2021-01-01,1,3481,1,2900,0,581,0,0,1,3552,0,0,1,3552,California
Napa,2021-01-02,98,3579,93,2993,5,586,0,0,98,3650,0,0,98,3650,California
Napa,2021-01-03,13,3592,11,3004,2,588,0,0,9,3659,0,0,9,3659,California
Napa,2021-01-04,106,3698,63,3067,43,631,0,0,106,3765,0,0,106,3765,California
Napa,2021-01-05,162,3860,85,3152,77,708,0,0,145,3886,24,24,145,3910,California
Napa,2021-01-06,459,4319,113,3265,346,1054,0,0,396,4221,61,85,396,4306,California
Napa,2021-01-07,499,4818,235,3500,264,1318,0,0,398,4519,100,185,398,4704,California
Napa,2021-01-08,445,5263,230,3730,215,1533,0,0,261,4597,183,368,261,4965,California
Napa,2021-01-09,327,5590,302,4032,25,1558,0,0,190,4650,137,505,190,5155,California
Napa,2021-01-10,185,5775,102,4134,83,1641,0,0,108,4681,77,582,108,5263,California
Napa,2021-01-11,881,6656,427,4561,454,2095,0,0,507,4815,375,957,509,5772,California
Napa,2021-01-12,1319,7975,373,4934,946,3041,0,0,1001,5498,318,1275,1001,6773,California
Napa,2021-01-13,1313,9288,265,5199,1048,4089,0,0,1150,6487,162,1437,1151,7924,California
Napa,2021-01-14,1051,10339,171,5370,880,4969,0,0,933,7304,116,1553,933,8857,California
Napa,2021-01-15,1457,11796,384,5754,1073,6042,0,0,1308,8456,157,1710,1309,10166,California
Napa,2021-01-16,357,12153,133,5887,224,6266,0,0,340,8779,17,1727,340,10506,California
Napa,2021-01-17,338,12491,173,6060,165,6431,0,0,328,9097,10,1737,328,10834,California
Napa,2021-01-18,1080,13571,197,6257,883,7314,0,0,989,9995,91,1828,989,11823,California
Napa,2021-01-19,1009,14580,405,6662,604,7918,0,0,766,10519,242,2070,766,12589,California
Napa,2021-01-20,827,15407,187,6849,640,8558,0,0,643,10980,182,2252,643,13232,California
Napa,2021-01-21,1336,16743,374,7223,962,9520,0,0,1081,11808,254,2506,1082,14314,California
Napa,2021-01-22,1544,18287,414,7637,1130,10650,0,0,1217,12700,326,2832,1218,15532,California
Napa,2021-01-23,398,18685,318,7955,80,10730,0,0,336,12974,62,2894,336,15868,California
Napa,2021-01-24,264,18949,187,8142,77,10807,0,0,207,13124,57,2951,207,16075,California
Napa,2021-01-25,1521,20470,229,8371,1292,12099,0,0,1431,14465,90,3041,1431,17506,California
Napa,2021-01-26,877,21347,285,8656,592,12691,0,0,785,15159,92,3133,786,18292,California
Napa,2021-01-27,628,21975,220,8876,408,13099,0,0,471,15473,158,3291,472,18764,California
Napa,2021-01-28,387,22362,175,9051,212,13311,0,0,196,15480,189,3480,196,18960,California
Napa,2021-01-29,255,22617,63,9114,192,13503,0,0,160,15545,95,3575,160,19120,California
Napa,2021-01-30,807,23424,697,9811,110,13613,0,0,640,16018,167,3742,640,19760,California
Napa,2021-01-31,652,24076,621,10432,31,13644,0,0,629,16624,23,3765,629,20389,California
Napa,2021-02-01,320,24396,112,10544,208,13852,0,0,164,16632,156,3921,164,20553,California
Napa,2021-02-02,606,25002,279,10823,327,14179,0,0,297,16623,306,4227,297,20850,California
Napa,2021-02-03,744,25746,308,11131,436,14615,0,0,429,16738,314,4541,429,21279,California
Napa,2021-02-04,787,26533,370,11501,417,15032,0,0,438,16829,347,4888,438,21717,California
Napa,2021-02-05,709,27242,308,11809,401,15433,0,0,342,16804,367,5255,342,22059,California
Napa,2021-02-06,434,27676,146,11955,288,15721,0,0,328,17026,106,5361,328,22387,California
Napa,2021-02-07,173,27849,160,12115,13,15734,0,0,71,16995,102,5463,71,22458,California
Napa,2021-02-08,835,28684,191,12306,644,16378,0,0,274,16711,558,6021,274,22732,California
Napa,2021-02-09,1083,29767,448,12754,635,17013,0,0,440,16509,642,6663,440,23172,California
Napa,2021-02-10,1725,31492,193,12947,1532,18545,0,0,451,15690,1271,7934,452,23624,California
Napa,2021-02-11,1492,32984,192,13139,1300,19845,0,0,404,15019,1075,9009,404,24028,California
Napa,2021-02-12,2170,35154,844,13983,1326,21171,0,0,729,14311,1437,10446,729,24757,California
Napa,2021-02-13,503,35657,53,14036,450,21621,0,0,317,14442,186,10632,317,25074,California
Napa,2021-02-14,355,36012,86,14122,269,21890,0,0,193,14473,162,10794,193,25267,California
Napa,2021-02-15,876,36888,182,14304,694,22584,0,0,223,14045,651,11445,223,25490,California
Napa,2021-02-16,1287,38175,596,14900,691,23275,0,0,613,13986,672,12117,613,26103,California
Napa,2021-02-17,1048,39223,531,15431,517,23792,0,0,477,13895,569,12686,478,26581,California
Napa,2021-02-18,1903,41126,485,15916,1418,25210,0,0,661,13317,1239,13925,661,27242,California
Napa,2021-02-19,1480,42606,585,16501,895,26105,0,0,675,13188,804,14729,675,27917,California
Napa,2021-02-20,822,43428,597,17098,225,26330,0,0,275,12916,547,15276,275,28192,California
Napa,2021-02-21,816,44244,752,17850,64,26394,0,0,212,12524,604,15880,212,28404,California
Napa,2021-02-22,447,44691,190,18040,257,26651,0,0,141,12359,306,16186,141,28545,California
Napa,2021-02-23,1132,45823,306,18346,826,27477,0,0,316,11859,816,17002,316,28861,California
Napa,2021-02-24,1165,46988,644,18990,521,27998,0,0,577,11850,586,17588,577,29438,California
Napa,2021-02-25,2560,49548,1224,20214,1336,29334,0,0,1848,12987,711,18299,1848,31286,California
Napa,2021-02-26,1507,51055,527,20741,980,30314,0,0,596,12674,909,19208,596,31882,California
Napa,2021-02-27,1117,52172,386,21127,731,31045,0,0,865,13289,250,19458,865,32747,California
Napa,2021-02-28,563,52735,461,21588,102,31147,0,0,463,13654,98,19556,463,33210,California
Napa,2021-03-01,1107,53842,817,22405,290,31437,0,0,832,14214,272,19828,832,34042,California
Napa,2021-03-02,1507,55349,1048,23453,459,31896,0,0,1166,15040,340,20168,1166,35208,California
Napa,2021-03-03,1565,56914,694,24147,871,32767,0,0,1377,16230,187,20355,1377,36585,California
Napa,2021-03-04,1715,58629,787,24934,928,33695,0,0,1476,17470,236,20591,1476,38061,California
Napa,2021-03-05,1900,60529,790,25724,1106,34801,4,4,1482,18540,416,21007,1486,39547,California
Napa,2021-03-06,653,61182,286,26010,336,35137,31,35,541,19002,110,21117,572,40119,California
Napa,2021-03-07,519,61701,316,26326,188,35325,15,50,375,19248,144,21261,390,40509,California
Napa,2021-03-08,713,62414,335,26661,325,35650,53,103,536,19662,175,21436,589,41098,California
Napa,2021-03-09,1683,64097,603,27264,1034,36684,46,149,1249,20526,431,21867,1295,42393,California
Napa,2021-03-10,1496,65593,921,28185,481,37165,94,243,796,20717,696,22563,887,43280,California
Napa,2021-03-11,1878,67471,1060,29245,688,37853,130,373,987,20942,891,23454,1116,44396,California
Napa,2021-03-12,1515,68986,917,30162,502,38355,96,469,809,21141,704,24158,903,45299,California
Napa,2021-03-13,1171,70157,305,30467,841,39196,25,494,830,21657,339,24497,855,46154,California
Napa,2021-03-14,619,70776,336,30803,135,39331,148,642,218,21622,400,24897,365,46519,California
Napa,2021-03-15,954,71730,411,31214,473,39804,70,712,480,21700,472,25369,550,47069,California
Napa,2021-03-16,1846,73576,392,31606,1327,41131,127,839,1378,22741,465,25834,1506,48575,California
Napa,2021-03-17,2510,76086,1851,33457,480,41611,179,1018,1598,23607,911,26745,1777,50352,California
Napa,2021-03-18,2131,78217,939,34396,1182,42793,10,1028,1301,24091,827,27572,1311,51663,California
Napa,2021-03-19,1450,79667,878,35274,544,43337,28,1056,709,24090,738,28310,737,52400,California
Napa,2021-03-20,1010,80677,530,35804,327,43664,153,1209,427,24088,582,28892,580,52980,California
Napa,2021-03-21,704,81381,681,36485,20,43684,3,1212,348,24084,355,29247,351,53331,California
Napa,2021-03-22,1298,82679,1122,37607,165,43849,11,1223,495,23792,798,30045,506,53837,California
Napa,2021-03-23,1873,84552,1180,38787,676,44525,17,1240,1002,23944,867,30912,1019,54856,California
Napa,2021-03-24,1709,86261,945,39732,756,45281,8,1248,818,23880,890,31802,826,55682,California
Napa,2021-03-25,1925,88186,1053,40785,818,46099,54,1302,768,23551,1151,32953,822,56504,California
Napa,2021-03-26,1306,89492,838,41623,462,46561,6,1308,591,23438,710,33663,597,57101,California
Napa,2021-03-27,942,90434,434,42057,481,47042,27,1335,314,23151,628,34291,341,57442,California
Napa,2021-03-28,489,90923,378,42435,104,47146,7,1342,181,23033,306,34597,188,57630,California
Napa,2021-03-29,1201,92124,874,43309,322,47468,5,1347,729,23297,470,35067,734,58364,California
Napa,2021-03-30,2635,94759,933,44242,1698,49166,4,1351,1819,24305,816,35883,1824,60188,California
Napa,2021-03-31,1976,96735,963,45205,944,50110,69,1420,807,24013,1166,37049,874,61062,California
Napa,2021-04-01,1752,98487,843,46048,791,50901,118,1538,479,23344,1267,38316,598,61660,California
Napa,2021-04-02,1866,100353,836,46884,888,51789,142,1680,477,22579,1386,39702,621,62281,California
Napa,2021-04-03,634,100987,369,47253,206,51995,59,1739,214,22431,420,40122,272,62553,California
Napa,2021-04-04,358,101345,144,47397,156,52151,58,1797,124,22380,233,40355,182,62735,California
Napa,2021-04-05,1274,102619,758,48155,297,52448,219,2016,575,22476,698,41053,794,63529,California
Napa,2021-04-06,2244,104863,559,48714,1429,53877,256,2272,516,21526,1725,42778,775,64304,California
Napa,2021-04-07,1734,106597,703,49417,810,54687,221,2493,523,21066,1206,43984,746,65050,California
Napa,2021-04-08,1862,108459,1068,50485,420,55107,374,2867,963,21510,895,44879,1339,66389,California
Napa,2021-04-09,1546,110005,928,51413,314,55421,304,3171,679,21632,865,45744,987,67376,California
Napa,2021-04-10,1043,111048,348,51761,594,56015,101,3272,243,21185,799,46543,352,67728,California
Napa,2021-04-11,384,111432,298,52059,63,56078,23,3295,156,21136,228,46771,179,67907,California
Napa,2021-04-12,788,112220,304,52363,360,56438,124,3419,290,21050,497,47268,411,68318,California
Napa,2021-04-13,2537,114757,845,53208,1692,58130,0,3419,928,20374,1604,48872,928,69246,California
Napa,2021-04-14,2083,116840,982,54190,1101,59231,0,3419,1013,20325,1062,49934,1013,70259,California
Napa,2021-04-15,2057,118897,528,54718,1529,60760,0,3419,876,20026,1175,51109,876,71135,California
Napa,2021-04-16,2903,121800,1577,56295,1326,62086,0,3419,2189,21503,712,51821,2189,73324,California
Napa,2021-04-17,1131,122931,267,56562,864,62950,0,3419,832,22037,298,52119,832,74156,California
Napa,2021-04-18,265,123196,172,56734,93,63043,0,3419,119,22010,146,52265,119,74275,California
Napa,2021-04-19,609,123805,338,57072,271,63314,0,3419,265,21932,343,52608,265,74540,California
Napa,2021-04-20,3034,126839,2061,59133,973,64287,0,3419,2082,23064,951,53559,2083,76623,California
Napa,2021-04-21,2919,129758,2157,61290,762,65049,0,3419,1853,23858,1060,54619,1854,78477,California
Napa,2021-04-22,1659,131417,1151,62441,508,65557,0,3419,838,23880,816,55435,838,79315,California
Napa,2021-04-23,1625,133042,1248,63689,375,65932,2,3421,1148,24555,473,55908,1148,80463,California
Napa,2021-04-24,559,133601,317,64006,242,66174,0,3421,285,24569,271,56179,285,80748,California
Napa,2021-04-25,250,133851,192,64198,58,66232,0,3421,130,24580,119,56298,130,80878,California
Napa,2021-04-26,507,134358,263,64461,244,66476,0,3421,263,24603,240,56538,263,81141,California
Napa,2021-04-27,1678,136036,436,64897,1231,67707,11,3432,649,24237,1026,57564,660,81801,California
Napa,2021-04-28,982,137018,438,65335,527,68234,17,3449,324,23921,657,58221,341,82142,California
Napa,2021-04-29,649,137667,326,65661,304,68538,19,3468,200,23696,443,58664,218,82360,California
Napa,2021-04-30,603,138270,303,65964,236,68774,64,3532,249,23655,353,59017,312,82672,California
Napa,2021-05-01,323,138593,266,66230,46,68820,11,3543,119,23581,204,59221,130,82802,California
Napa,2021-05-02,237,138830,193,66423,38,68858,6,3549,99,23549,137,59358,105,82907,California
Napa,2021-05-03,624,139454,499,66922,90,68948,35,3584,103,23172,516,59874,139,83046,California
Napa,2021-05-04,1125,140579,717,67639,298,69246,110,3694,294,22749,827,60701,404,83450,California
Napa,2021-05-05,1018,141597,687,68326,295,69541,36,3730,256,22282,759,61460,292,83742,California
Napa,2021-05-06,716,142313,318,68644,375,69916,23,3753,372,22342,335,61795,395,84137,California
Napa,2021-05-07,787,143100,573,69217,158,70074,56,3809,188,22002,583,62378,243,84380,California
Napa,2021-05-08,255,143355,164,69381,80,70154,11,3820,90,21939,164,62542,101,84481,California
Napa,2021-05-09,108,143463,77,69458,31,70185,0,3820,50,21931,58,62600,50,84531,California
Napa,2021-05-10,418,143881,141,69599,258,70443,19,3839,108,21749,309,62909,127,84658,California
Napa,2021-05-11,2157,146038,1776,71375,355,70798,26,3865,371,20366,1780,64689,397,85055,California
Napa,2021-05-12,2154,148192,1346,72721,754,71552,54,3919,295,18861,1854,66543,349,85404,California
Napa,2021-05-13,1822,150014,1130,73851,654,72206,38,3957,765,18614,1050,67593,803,86207,California
Napa,2021-05-14,1906,151920,1138,74989,681,72887,87,4044,518,17838,1382,68975,606,86813,California
Napa,2021-05-15,1053,152973,347,75336,695,73582,11,4055,261,17323,788,69763,273,87086,California
Napa,2021-05-16,239,153212,159,75495,78,73660,2,4057,67,17220,172,69935,69,87155,California
Napa,2021-05-17,878,154090,347,75842,501,74161,30,4087,311,17051,510,70445,341,87496,California
Napa,2021-05-18,1035,155125,541,76383,436,74597,58,4145,498,17075,532,70977,556,88052,California
Napa,2021-05-19,923,156048,542,76925,351,74948,30,4175,520,17223,401,71378,549,88601,California
Napa,2021-05-20,577,156625,381,77306,169,75117,27,4202,375,17423,202,71580,402,89003,California
Napa,2021-05-21,430,157055,212,77518,187,75304,31,4233,187,17398,243,71823,218,89221,California
Napa,2021-05-22,392,157447,215,77733,170,75474,7,4240,158,17329,234,72057,165,89386,California
Napa,2021-05-23,351,157798,320,78053,21,75495,10,4250,272,17533,78,72135,282,89668,California
Napa,2021-05-24,363,158161,174,78227,169,75664,20,4270,148,17489,213,72348,169,89837,California
Napa,2021-05-25,394,158555,164,78391,168,75832,62,4332,136,17431,256,72604,198,90035,California
Napa,2021-05-26,542,159097,354,78745,164,75996,24,4356,320,17556,219,72823,344,90379,California
Napa,2021-05-27,369,159466,161,78906,183,76179,25,4381,158,17528,211,73034,183,90562,California
Napa,2021-05-28,391,159857,202,79108,165,76344,24,4405,162,17487,225,73259,184,90746,California
Napa,2021-05-29,130,159987,78,79186,46,76390,6,4411,76,17515,54,73313,82,90828,California
Napa,2021-05-30,30,160017,11,79197,14,76404,5,4416,8,17506,22,73335,13,90841,California
Nevada,2020-12-16,3,3,3,3,0,0,0,0,3,3,0,0,3,3,California
Nevada,2020-12-17,6,9,6,9,0,0,0,0,6,9,0,0,6,9,California
Nevada,2020-12-18,52,61,52,61,0,0,0,0,52,61,0,0,52,61,California
Nevada,2020-12-19,55,116,55,116,0,0,0,0,55,116,0,0,55,116,California
Nevada,2020-12-20,12,128,12,128,0,0,0,0,12,128,0,0,12,128,California
Nevada,2020-12-21,69,197,69,197,0,0,0,0,69,197,0,0,69,197,California
Nevada,2020-12-22,91,288,89,286,2,2,0,0,91,288,0,0,91,288,California
Nevada,2020-12-23,234,522,203,489,31,33,0,0,234,522,0,0,234,522,California
Nevada,2020-12-24,13,535,11,500,2,35,0,0,13,535,0,0,13,535,California
Nevada,2020-12-25,3,538,3,503,0,35,0,0,3,538,0,0,3,538,California
Nevada,2020-12-26,6,544,4,507,2,37,0,0,6,544,0,0,6,544,California
Nevada,2020-12-27,88,632,88,595,0,37,0,0,88,632,0,0,88,632,California
Nevada,2020-12-28,169,801,92,687,77,114,0,0,169,801,0,0,169,801,California
Nevada,2020-12-29,99,900,73,760,26,140,0,0,99,900,0,0,99,900,California
Nevada,2020-12-30,86,986,66,826,20,160,0,0,86,986,0,0,86,986,California
Nevada,2020-12-31,39,1025,9,835,30,190,0,0,39,1025,0,0,39,1025,California
Nevada,2021-01-01,2,1027,0,835,2,192,0,0,2,1027,0,0,2,1027,California
Nevada,2021-01-02,1,1028,1,836,0,192,0,0,1,1028,0,0,1,1028,California
Nevada,2021-01-03,129,1157,126,962,3,195,0,0,129,1157,0,0,129,1157,California
Nevada,2021-01-04,71,1228,47,1009,24,219,0,0,71,1228,0,0,71,1228,California
Nevada,2021-01-05,273,1501,132,1141,141,360,0,0,272,1499,1,1,272,1500,California
Nevada,2021-01-06,91,1592,43,1184,48,408,0,0,83,1574,8,9,83,1583,California
Nevada,2021-01-07,215,1807,43,1227,172,580,0,0,208,1777,6,15,209,1792,California
Nevada,2021-01-08,223,2030,129,1356,94,674,0,0,170,1895,53,68,171,1963,California
Nevada,2021-01-09,63,2093,56,1412,7,681,0,0,15,1862,48,116,15,1978,California
Nevada,2021-01-10,18,2111,9,1421,9,690,0,0,10,1864,8,124,10,1988,California
Nevada,2021-01-11,185,2296,131,1552,54,744,0,0,57,1793,128,252,57,2045,California
Nevada,2021-01-12,595,2891,449,2001,146,890,0,0,529,2256,66,318,529,2574,California
Nevada,2021-01-13,259,3150,146,2147,113,1003,0,0,125,2247,134,452,125,2699,California
Nevada,2021-01-14,237,3387,127,2274,110,1113,0,0,219,2449,17,469,219,2918,California
Nevada,2021-01-15,396,3783,170,2444,226,1339,0,0,298,2649,98,567,298,3216,California
Nevada,2021-01-16,297,4080,15,2459,282,1621,0,0,293,2938,4,571,293,3509,California
Nevada,2021-01-17,36,4116,32,2491,4,1625,0,0,34,2970,2,573,34,3543,California
Nevada,2021-01-18,155,4271,45,2536,110,1735,0,0,143,3101,12,585,143,3686,California
Nevada,2021-01-19,243,4514,85,2621,158,1893,0,0,223,3304,20,605,223,3909,California
Nevada,2021-01-20,269,4783,164,2785,105,1998,0,0,256,3547,13,618,256,4165,California
Nevada,2021-01-21,339,5122,207,2992,132,2130,0,0,326,3860,13,631,326,4491,California
Nevada,2021-01-22,368,5490,231,3223,137,2267,0,0,338,4168,30,661,338,4829,California
Nevada,2021-01-23,178,5668,105,3328,73,2340,0,0,178,4346,0,661,178,5007,California
Nevada,2021-01-24,105,5773,98,3426,7,2347,0,0,66,4373,39,700,66,5073,California
Nevada,2021-01-25,265,6038,136,3562,129,2476,0,0,204,4516,61,761,204,5277,California
Nevada,2021-01-26,402,6440,141,3703,261,2737,0,0,298,4710,104,865,298,5575,California
Nevada,2021-01-27,421,6861,248,3951,173,2910,0,0,397,5083,24,889,397,5972,California
Nevada,2021-01-28,470,7331,319,4270,151,3061,0,0,426,5466,43,932,426,6398,California
Nevada,2021-01-29,605,7936,394,4664,211,3272,0,0,578,6019,26,958,579,6977,California
Nevada,2021-01-30,232,8168,105,4769,127,3399,0,0,229,6245,3,961,229,7206,California
Nevada,2021-01-31,104,8272,87,4856,17,3416,0,0,102,6347,1,962,103,7309,California
Nevada,2021-02-01,291,8563,71,4927,220,3636,0,0,277,6610,14,976,277,7586,California
Nevada,2021-02-02,520,9083,182,5109,338,3974,0,0,321,6732,199,1175,321,7907,California
Nevada,2021-02-03,814,9897,573,5682,241,4215,0,0,760,7439,53,1228,760,8667,California
Nevada,2021-02-04,737,10634,388,6070,349,4564,0,0,487,7677,249,1477,487,9154,California
Nevada,2021-02-05,649,11283,369,6439,280,4844,0,0,459,7948,188,1665,459,9613,California
Nevada,2021-02-06,269,11552,82,6521,187,5031,0,0,242,8163,27,1692,242,9855,California
Nevada,2021-02-07,247,11799,194,6715,53,5084,0,0,193,8302,54,1746,193,10048,California
Nevada,2021-02-08,653,12452,407,7122,246,5330,0,0,552,8753,101,1847,552,10600,California
Nevada,2021-02-09,603,13055,337,7459,266,5596,0,0,464,9078,139,1986,464,11064,California
Nevada,2021-02-10,650,13705,325,7784,325,5921,0,0,419,9267,231,2217,420,11484,California
Nevada,2021-02-11,873,14578,505,8289,368,6289,0,0,544,9483,328,2545,544,12028,California
Nevada,2021-02-12,942,15520,438,8727,504,6793,0,0,621,9786,318,2863,621,12649,California
Nevada,2021-02-13,601,16121,236,8963,365,7158,0,0,387,9965,209,3072,388,13037,California
Nevada,2021-02-14,231,16352,120,9083,111,7269,0,0,203,10140,28,3100,203,13240,California
Nevada,2021-02-15,713,17065,438,9521,275,7544,0,0,539,10505,174,3274,539,13779,California
Nevada,2021-02-16,622,17687,199,9720,423,7967,0,0,455,10794,166,3440,455,14234,California
Nevada,2021-02-17,1184,18871,763,10483,421,8388,0,0,856,11322,328,3768,856,15090,California
Nevada,2021-02-18,1014,19885,551,11034,463,8851,0,0,604,11518,408,4176,604,15694,California
Nevada,2021-02-19,1013,20898,631,11665,382,9233,0,0,650,11807,362,4538,651,16345,California
Nevada,2021-02-20,298,21196,107,11772,191,9424,0,0,173,11856,124,4662,173,16518,California
Nevada,2021-02-21,95,21291,89,11861,6,9430,0,0,8,11778,86,4748,8,16526,California
Nevada,2021-02-22,498,21789,332,12193,166,9596,0,0,351,11983,146,4894,351,16877,California
Nevada,2021-02-23,484,22273,235,12428,249,9845,0,0,220,11942,261,5155,220,17097,California
Nevada,2021-02-24,478,22751,242,12670,236,10081,0,0,253,11972,225,5380,255,17352,California
Nevada,2021-02-25,860,23611,467,13137,393,10474,0,0,432,11978,426,5806,432,17784,California
Nevada,2021-02-26,1240,24851,883,14020,357,10831,0,0,411,11563,826,6632,411,18195,California
Nevada,2021-02-27,356,25207,111,14131,245,11076,0,0,187,11581,169,6801,187,18382,California
Nevada,2021-02-28,274,25481,160,14291,114,11190,0,0,125,11559,148,6949,126,18508,California
Nevada,2021-03-01,832,26313,435,14726,397,11587,0,0,363,11455,467,7416,363,18871,California
Nevada,2021-03-02,743,27056,293,15019,450,12037,0,0,510,11737,228,7644,510,19381,California
Nevada,2021-03-03,979,28035,502,15521,476,12513,1,1,508,11776,470,8114,509,19890,California
Nevada,2021-03-04,1107,29142,617,16138,490,13003,0,1,466,11605,637,8751,466,20356,California
Nevada,2021-03-05,836,29978,474,16612,352,13355,10,11,374,11529,460,9211,384,20740,California
Nevada,2021-03-06,360,30338,121,16733,212,13567,27,38,144,11483,216,9427,170,20910,California
Nevada,2021-03-07,212,30550,110,16843,83,13650,19,57,70,11430,142,9569,89,20999,California
Nevada,2021-03-08,826,31376,556,17399,224,13874,46,103,376,11404,449,10018,423,21422,California
Nevada,2021-03-09,791,32167,404,17803,338,14212,49,152,465,11593,324,10342,513,21935,California
Nevada,2021-03-10,1002,33169,646,18449,300,14512,56,208,340,11331,657,10999,395,22330,California
Nevada,2021-03-11,1106,34275,727,19176,354,14866,25,233,550,11358,548,11547,575,22905,California
Nevada,2021-03-12,1202,35477,729,19905,443,15309,30,263,509,11206,690,12237,538,23443,California
Nevada,2021-03-13,283,35760,56,19961,222,15531,5,268,109,11147,172,12409,113,23556,California
Nevada,2021-03-14,155,35915,21,19982,128,15659,6,274,32,11062,123,12532,38,23594,California
Nevada,2021-03-15,852,36767,460,20442,380,16039,12,286,360,10945,489,13021,372,23966,California
Nevada,2021-03-16,999,37766,469,20911,468,16507,62,348,640,11289,357,13378,701,24667,California
Nevada,2021-03-17,1021,38787,453,21364,558,17065,10,358,583,11447,435,13813,593,25260,California
Nevada,2021-03-18,983,39770,533,21897,427,17492,23,381,479,11449,500,14313,502,25762,California
Nevada,2021-03-19,760,40530,441,22338,282,17774,37,418,356,11442,400,14713,393,26155,California
Nevada,2021-03-20,822,41352,92,22430,302,18076,428,846,229,11508,587,15300,653,26808,California
Nevada,2021-03-21,58,41410,32,22462,25,18101,1,847,40,11532,17,15317,41,26849,California
Nevada,2021-03-22,800,42210,518,22980,277,18378,5,852,533,11805,265,15582,538,27387,California
Nevada,2021-03-23,858,43068,390,23370,442,18820,26,878,616,12208,239,15821,642,28029,California
Nevada,2021-03-24,1023,44091,543,23913,473,19293,7,885,641,12479,376,16197,647,28676,California
Nevada,2021-03-25,907,44998,458,24371,424,19717,25,910,496,12589,410,16607,520,29196,California
Nevada,2021-03-26,1142,46140,437,24808,666,20383,39,949,818,13124,321,16928,856,30052,California
Nevada,2021-03-27,567,46707,70,24878,481,20864,16,965,385,13343,182,17110,401,30453,California
Nevada,2021-03-28,176,46883,50,24928,113,20977,13,978,38,13259,135,17245,51,30504,California
Nevada,2021-03-29,821,47704,502,25430,297,21274,22,1000,375,13212,443,17688,396,30900,California
Nevada,2021-03-30,1055,48759,482,25912,539,21813,34,1034,486,13171,561,18249,520,31420,California
Nevada,2021-03-31,1181,49940,661,26573,503,22316,17,1051,678,13371,494,18743,694,32114,California
Nevada,2021-04-01,1239,51179,722,27295,464,22780,53,1104,546,13286,684,19427,599,32713,California
Nevada,2021-04-02,1289,52468,661,27956,592,23372,36,1140,761,13560,524,19951,798,33511,California
Nevada,2021-04-03,292,52760,92,28048,161,23533,39,1179,85,13478,206,20157,124,33635,California
Nevada,2021-04-04,129,52889,43,28091,79,23612,7,1186,78,13512,51,20208,85,33720,California
Nevada,2021-04-05,935,53824,616,28707,299,23911,20,1206,622,13845,309,20517,642,34362,California
Nevada,2021-04-06,1077,54901,668,29375,266,24177,143,1349,436,13792,634,21151,581,34943,California
Nevada,2021-04-07,1147,56048,819,30194,245,24422,83,1432,611,13956,529,21680,693,35636,California
Nevada,2021-04-08,1280,57328,892,31086,305,24727,83,1515,705,14172,572,22252,788,36424,California
Nevada,2021-04-09,1247,58575,847,31933,331,25058,69,1584,844,14684,401,22653,913,37337,California
Nevada,2021-04-10,268,58843,77,32010,115,25173,76,1660,108,14709,159,22812,184,37521,California
Nevada,2021-04-11,100,58943,32,32042,64,25237,4,1664,39,14691,61,22873,43,37564,California
Nevada,2021-04-12,745,59688,539,32581,190,25427,16,1680,315,14596,426,23299,331,37895,California
Nevada,2021-04-13,882,60570,351,32932,531,25958,0,1680,467,14650,413,23712,467,38362,California
Nevada,2021-04-14,1048,61618,568,33500,480,26438,0,1680,531,14672,509,24221,531,38893,California
Nevada,2021-04-15,1069,62687,702,34202,367,26805,0,1680,615,14845,442,24663,615,39508,California
Nevada,2021-04-16,891,63578,691,34893,200,27005,0,1680,515,14985,375,25038,515,40023,California
Nevada,2021-04-17,194,63772,49,34942,145,27150,0,1680,84,14961,108,25146,84,40107,California
Nevada,2021-04-18,185,63957,20,34962,165,27315,0,1680,102,14980,83,25229,102,40209,California
Nevada,2021-04-19,749,64706,480,35442,269,27584,0,1680,304,14848,436,25665,304,40513,California
Nevada,2021-04-20,798,65504,310,35752,488,28072,0,1680,301,14658,491,26156,301,40814,California
Nevada,2021-04-21,907,66411,495,36247,412,28484,0,1680,273,14306,625,26781,273,41087,California
Nevada,2021-04-22,996,67407,621,36868,375,28859,0,1680,342,14005,643,27424,342,41429,California
Nevada,2021-04-23,1220,68627,540,37408,680,29539,0,1680,396,13588,813,28237,396,41825,California
Nevada,2021-04-24,521,69148,72,37480,449,29988,0,1680,168,13405,351,28588,168,41993,California
Nevada,2021-04-25,116,69264,60,37540,51,30039,5,1685,52,13398,63,28651,56,42049,California
Nevada,2021-04-26,712,69976,533,38073,171,30210,8,1693,204,13112,498,29149,212,42261,California
Nevada,2021-04-27,773,70749,348,38421,420,30630,5,1698,398,13149,366,29515,403,42664,California
Nevada,2021-04-28,985,71734,579,39000,401,31031,5,1703,383,12940,597,30112,388,43052,California
Nevada,2021-04-29,1010,72744,707,39707,299,31330,4,1707,274,12485,733,30845,278,43330,California
Nevada,2021-04-30,1223,73967,724,40431,490,31820,9,1716,201,11675,1020,31865,210,43540,California
Nevada,2021-05-01,144,74111,65,40496,75,31895,4,1720,64,11665,78,31943,68,43608,California
Nevada,2021-05-02,54,74165,30,40526,20,31915,4,1724,19,11653,35,31978,23,43631,California
Nevada,2021-05-03,606,74771,404,40930,183,32098,19,1743,177,11423,425,32403,195,43826,California
Nevada,2021-05-04,584,75355,169,41099,397,32495,18,1761,331,11523,249,32652,349,44175,California
Nevada,2021-05-05,731,76086,380,41479,337,32832,14,1775,318,11451,404,33056,332,44507,California
Nevada,2021-05-06,800,76886,561,42040,228,33060,11,1786,196,11063,595,33651,207,44714,California
Nevada,2021-05-07,881,77767,488,42528,358,33418,35,1821,193,10607,684,34335,228,44942,California
Nevada,2021-05-08,172,77939,20,42548,132,33550,20,1841,81,10618,90,34425,101,45043,California
Nevada,2021-05-09,41,77980,7,42555,32,33582,2,1843,18,10615,23,34448,20,45063,California
Nevada,2021-05-10,389,78369,247,42802,118,33700,24,1867,75,10401,313,34761,99,45162,California
Nevada,2021-05-11,510,78879,150,42952,347,34047,13,1880,127,10166,375,35136,140,45302,California
Nevada,2021-05-12,531,79410,228,43180,292,34339,11,1891,149,9952,374,35510,160,45462,California
Nevada,2021-05-13,799,80209,534,43714,257,34596,8,1899,411,9992,379,35889,419,45881,California
Nevada,2021-05-14,769,80978,580,44294,171,34767,18,1917,429,10102,337,36226,447,46328,California
Nevada,2021-05-15,181,81159,82,44376,91,34858,8,1925,83,10096,97,36323,91,46419,California
Nevada,2021-05-16,155,81314,51,44427,104,34962,0,1925,53,10047,102,36425,53,46472,California
Nevada,2021-05-17,492,81806,313,44740,149,35111,30,1955,216,10028,265,36690,246,46718,California
Nevada,2021-05-18,412,82218,253,44993,155,35266,4,1959,219,10060,191,36881,223,46941,California
Nevada,2021-05-19,489,82707,356,45349,129,35395,4,1963,255,10094,225,37106,259,47200,California
Nevada,2021-05-20,564,83271,321,45670,232,35627,11,1974,198,9942,361,37467,209,47409,California
Nevada,2021-05-21,447,83718,284,45954,155,35782,8,1982,197,9901,246,37713,205,47614,California
Nevada,2021-05-22,201,83919,16,45970,96,35878,89,2071,27,9843,174,37887,116,47730,California
Nevada,2021-05-23,25,83944,5,45975,20,35898,0,2071,7,9832,18,37905,7,47737,California
Nevada,2021-05-24,303,84247,213,46188,77,35975,13,2084,103,9751,197,38102,116,47853,California
Nevada,2021-05-25,334,84581,80,46268,243,36218,11,2095,83,9599,246,38348,94,47947,California
Nevada,2021-05-26,429,85010,180,46448,240,36458,9,2104,114,9414,308,38656,123,48070,California
Nevada,2021-05-27,420,85430,227,46675,177,36635,16,2120,187,9388,229,38885,203,48273,California
Nevada,2021-05-28,325,85755,209,46884,105,36740,11,2131,195,9465,129,39014,206,48479,California
Nevada,2021-05-29,59,85814,11,46895,48,36788,0,2131,41,9488,18,39032,41,48520,California
Nevada,2021-05-30,2,85816,0,46895,2,36790,0,2131,0,9486,2,39034,0,48520,California
Orange,2020-12-15,16,16,16,16,0,0,0,0,16,16,0,0,16,16,California
Orange,2020-12-16,392,408,392,408,0,0,0,0,392,408,0,0,392,408,California
Orange,2020-12-17,3739,4147,3739,4147,0,0,0,0,3738,4146,0,0,3738,4146,California
Orange,2020-12-18,5067,9214,5059,9206,8,8,0,0,5066,9212,0,0,5066,9212,California
Orange,2020-12-19,2233,11447,2226,11432,7,15,0,0,2232,11444,0,0,2232,11444,California
Orange,2020-12-20,1989,13436,1986,13418,3,18,0,0,1990,13434,0,0,1990,13434,California
Orange,2020-12-21,4261,17697,4255,17673,6,24,0,0,4261,17695,0,0,4261,17695,California
Orange,2020-12-22,3993,21690,3958,21631,35,59,0,0,3993,21688,0,0,3993,21688,California
Orange,2020-12-23,3591,25281,3225,24856,366,425,0,0,3593,25281,0,0,3593,25281,California
Orange,2020-12-24,1382,26663,1078,25934,304,729,0,0,1382,26663,0,0,1382,26663,California
Orange,2020-12-25,17,26680,12,25946,5,734,0,0,17,26680,0,0,17,26680,California
Orange,2020-12-26,1081,27761,424,26370,657,1391,0,0,1081,27761,0,0,1081,27761,California
Orange,2020-12-27,583,28344,276,26646,307,1698,0,0,583,28344,0,0,583,28344,California
Orange,2020-12-28,3616,31960,2638,29284,978,2676,0,0,3616,31960,0,0,3616,31960,California
Orange,2020-12-29,3503,35463,2490,31774,1013,3689,0,0,3502,35461,1,1,3502,35462,California
Orange,2020-12-30,5123,40586,3546,35320,1577,5266,0,0,5123,40584,0,1,5123,40585,California
Orange,2020-12-31,1501,42087,803,36123,698,5964,0,0,1500,42083,1,2,1500,42085,California
Orange,2021-01-01,614,42701,330,36453,284,6248,0,0,613,42695,1,3,613,42698,California
Orange,2021-01-02,1355,44056,850,37303,505,6753,0,0,1355,44050,0,3,1355,44053,California
Orange,2021-01-03,584,44640,325,37628,259,7012,0,0,584,44634,0,3,584,44637,California
Orange,2021-01-04,2757,47397,1574,39202,1183,8195,0,0,2758,47391,1,4,2758,47395,California
Orange,2021-01-05,3539,50936,2318,41520,1221,9416,0,0,3131,50121,404,408,3134,50529,California
Orange,2021-01-06,5009,55945,3477,44997,1532,10948,0,0,3641,52406,1356,1764,3641,54170,California
Orange,2021-01-07,9293,65238,5186,50183,4107,15055,0,0,5711,54552,3569,5333,5715,59885,California
Orange,2021-01-08,9442,74680,5286,55469,4156,19211,0,0,5668,56459,3764,9097,5671,65556,California
Orange,2021-01-09,5021,79701,1757,57226,3264,22475,0,0,3736,58910,1285,10382,3736,69292,California
Orange,2021-01-10,4248,83949,1049,58275,3199,25674,0,0,3367,61401,880,11262,3371,72663,California
Orange,2021-01-11,9455,93404,4910,63185,4545,30219,0,0,5829,63602,3629,14891,5830,78493,California
Orange,2021-01-12,8933,102337,4835,68020,4098,34317,0,0,5461,65594,3470,18361,5462,83955,California
Orange,2021-01-13,10274,112611,4932,72952,5342,39659,0,0,7065,69461,3205,21566,7072,91027,California
Orange,2021-01-14,9990,122601,3786,76738,6204,45863,0,0,8399,76277,1589,23155,8405,99432,California
Orange,2021-01-15,10198,132799,2633,79371,7565,53428,0,0,9317,84711,889,24044,9323,108755,California
Orange,2021-01-16,8715,141514,2092,81463,6623,60051,0,0,8318,92638,396,24440,8323,117078,California
Orange,2021-01-17,8165,149679,1485,82948,6680,66731,0,0,8016,100515,149,24589,8026,125104,California
Orange,2021-01-18,9709,159388,4411,87359,5298,72029,0,0,7445,105698,2265,26854,7448,132552,California
Orange,2021-01-19,7538,166926,5454,92813,2084,74113,0,0,4905,107971,2633,29487,4906,137458,California
Orange,2021-01-20,8400,175326,5922,98735,2478,76591,0,0,5348,110274,3052,32539,5355,142813,California
Orange,2021-01-21,11024,186350,4909,103644,6115,82706,0,0,10202,119666,821,33360,10213,153026,California
Orange,2021-01-22,13693,200043,5158,108802,8535,91241,0,0,12833,131654,853,34213,12841,165867,California
Orange,2021-01-23,13157,213200,6192,114994,6965,98206,0,0,12225,142957,930,35143,12233,178100,California
Orange,2021-01-24,9825,223025,4296,119290,5529,103735,0,0,9491,152122,330,35473,9495,187595,California
Orange,2021-01-25,10472,233497,5874,125164,4598,108333,0,0,7734,157130,2731,38204,7739,195334,California
Orange,2021-01-26,11910,245407,7719,132883,4191,112524,0,0,9737,164701,2169,40373,9740,205074,California
Orange,2021-01-27,13481,258888,8016,140899,5465,117989,0,0,10767,172770,2703,43076,10772,215846,California
Orange,2021-01-28,13065,271953,7225,148124,5840,123829,0,0,11180,182088,1870,44946,11188,227034,California
Orange,2021-01-29,13658,285611,8469,156593,5189,129018,0,0,10757,189963,2885,47831,10760,237794,California
Orange,2021-01-30,12978,298589,4478,161071,8500,137518,0,0,12200,201403,763,48594,12203,249997,California
Orange,2021-01-31,13707,312296,4928,165999,8779,146297,0,0,13263,214235,438,49032,13270,263267,California
Orange,2021-02-01,14828,327124,6511,172510,8317,154614,0,0,12356,224147,2450,51482,12362,275629,California
Orange,2021-02-02,15037,342161,7964,180474,7073,161687,0,0,12563,234271,2443,53925,12567,288196,California
Orange,2021-02-03,16590,358751,12403,192877,4187,165874,0,0,13632,245028,2880,56805,13637,301833,California
Orange,2021-02-04,19948,378699,13053,205930,6895,172769,0,0,14835,254788,5083,61888,14843,316676,California
Orange,2021-02-05,20761,399460,11998,217928,8763,181532,0,0,14443,262960,6276,68164,14448,331124,California
Orange,2021-02-06,16379,415839,10826,228754,5553,187085,0,0,11106,269026,5258,73422,11324,342448,California
Orange,2021-02-07,11533,427372,8103,236857,3430,190515,0,0,7552,272782,3965,77387,7721,350169,California
Orange,2021-02-08,15025,442397,8644,245501,6381,196896,0,0,8990,275765,6008,83395,8991,359160,California
Orange,2021-02-09,17747,460144,12087,257588,5660,202556,0,0,10707,279510,6967,90362,10712,369872,California
Orange,2021-02-10,20913,481057,11167,268755,9746,212302,0,0,12689,284077,8131,98493,12698,382570,California
Orange,2021-02-11,22157,503214,11527,280282,10630,222932,0,0,12403,286875,9623,108116,12421,394991,California
Orange,2021-02-12,24881,528095,11986,292268,12895,235827,0,0,14641,291346,10176,118292,14647,409638,California
Orange,2021-02-13,22015,550110,11903,304171,10112,245939,0,0,11163,292453,10698,128990,11805,421443,California
Orange,2021-02-14,16172,566282,6537,310708,9635,255574,0,0,9539,295388,6605,135595,9540,430983,California
Orange,2021-02-15,17272,583554,7402,318110,9870,265444,0,0,8899,295966,8330,143925,8908,439891,California
Orange,2021-02-16,19984,603538,9007,327117,10977,276421,0,0,10755,297567,9179,153104,10780,450671,California
Orange,2021-02-17,17958,621496,9369,336486,8589,285010,0,0,9212,298116,8694,161798,9243,459914,California
Orange,2021-02-18,15070,636566,9893,346379,5177,290187,0,0,6812,296734,8204,170002,6822,466736,California
Orange,2021-02-19,18209,654775,10883,357262,7326,297513,0,0,6929,292448,11227,181229,6941,473677,California
Orange,2021-02-20,7538,662313,5625,362887,1913,299426,0,0,3786,292517,3728,184957,3797,477474,California
Orange,2021-02-21,4587,666900,3895,366782,692,300118,0,0,935,289843,3613,188570,939,478413,California
Orange,2021-02-22,9706,676606,7913,374695,1793,301911,0,0,3914,288015,5761,194331,3933,482346,California
Orange,2021-02-23,13358,689964,7321,382016,6037,307948,0,0,3514,281765,9778,204109,3528,485874,California
Orange,2021-02-24,21183,711147,12838,394854,8345,316293,0,0,5395,271459,15719,219828,5413,491287,California
Orange,2021-02-25,22726,733873,12319,407173,10407,326700,0,0,8001,264827,14649,234477,8017,499304,California
Orange,2021-02-26,27851,761724,14095,421268,13756,340456,0,0,11248,259630,16470,250947,11273,510577,California
Orange,2021-02-27,25122,786846,10203,431471,14916,355372,3,3,7328,249292,17684,268631,7346,517923,California
Orange,2021-02-28,19128,805974,7424,438895,11704,367076,0,3,4829,239962,14176,282807,4846,522769,California
Orange,2021-03-01,18612,824586,8510,447405,10093,377169,9,12,7218,235906,11297,294104,7241,530010,California
Orange,2021-03-02,19314,843900,9318,456723,9993,387162,3,15,9455,235587,9805,303909,9486,539496,California
Orange,2021-03-03,20674,864574,9761,466484,10909,398071,4,19,11105,237233,9485,313394,11131,550627,California
Orange,2021-03-04,22480,887054,12960,479444,9506,407577,14,33,11635,238103,10805,324199,11675,562302,California
Orange,2021-03-05,21108,908162,11017,490461,10043,417620,48,81,12962,243075,8099,332298,13071,575373,California
Orange,2021-03-06,24158,932320,13305,503766,9987,427607,866,947,12767,245384,11347,343645,13656,589029,California
Orange,2021-03-07,15071,947391,8491,512257,6176,433783,404,1351,8799,248376,6231,349876,9223,598252,California
Orange,2021-03-08,16449,963840,7599,519856,7582,441365,1268,2619,10621,254513,5777,355653,11914,610166,California
Orange,2021-03-09,20923,984763,9695,529551,8784,450149,2444,5063,12378,260828,8502,364155,14817,624983,California
Orange,2021-03-10,24766,1009529,12155,541706,9161,459310,3450,8513,12515,264599,12188,376343,15959,640942,California
Orange,2021-03-11,29063,1038592,15732,557438,9110,468420,4221,12734,13471,266792,15496,391839,17689,658631,California
Orange,2021-03-12,29450,1068042,14358,571796,11227,479647,3865,16599,14821,270973,14545,406384,18726,677357,California
Orange,2021-03-13,27871,1095913,10262,582058,13672,493319,3937,20536,14118,275351,13690,420074,18068,695425,California
Orange,2021-03-14,18909,1114822,8225,590283,8139,501458,2545,23081,11809,282621,7068,427142,14338,709763,California
Orange,2021-03-15,23081,1137903,10175,600458,12143,513601,763,23844,14389,289159,8606,435748,15144,724907,California
Orange,2021-03-16,26441,1164344,11178,611636,15032,528633,231,24075,17159,297353,9201,444949,17395,742302,California
Orange,2021-03-17,27393,1191737,13594,625230,13205,541838,594,24669,19475,309577,7843,452792,20067,762369,California
Orange,2021-03-18,27836,1219573,14001,639231,13554,555392,281,24950,21644,325381,6124,458916,21928,784297,California
Orange,2021-03-19,33654,1253227,18499,657730,14708,570100,447,25397,24970,342240,8569,467485,25428,809725,California
Orange,2021-03-20,25827,1279054,13600,671330,12019,582119,208,25605,22015,360722,3748,471233,22230,831955,California
Orange,2021-03-21,18525,1297579,10702,682032,7089,589208,734,26339,15733,374427,2762,473995,16467,848422,California
Orange,2021-03-22,22781,1320360,11791,693823,10668,599876,322,26661,19198,390467,3490,477485,19530,867952,California
Orange,2021-03-23,26065,1346425,13550,707373,11873,611749,642,27303,20692,406515,5291,482776,21339,889291,California
Orange,2021-03-24,29163,1375588,16276,723649,11965,623714,922,28225,21993,422356,7077,489853,22918,912209,California
Orange,2021-03-25,32490,1408078,17277,740926,14503,638217,710,28935,24281,439232,8114,497967,24990,937199,California
Orange,2021-03-26,34937,1443015,18135,759061,15938,654155,864,29799,24881,455039,9943,507910,25750,962949,California
Orange,2021-03-27,28546,1471561,13678,772739,14553,668708,315,30114,19812,466532,8638,516548,20131,983080,California
Orange,2021-03-28,24805,1496366,12878,785617,11859,680567,68,30182,18552,478981,6174,522722,18623,1001703,California
Orange,2021-03-29,26564,1522930,12162,797779,13835,694402,567,30749,17827,488733,8646,531368,18398,1020101,California
Orange,2021-03-30,30915,1553845,13971,811750,16307,710709,637,31386,20456,499457,10369,541737,21093,1041194,California
Orange,2021-03-31,37211,1591056,19535,831285,16964,727673,712,32098,23860,510799,13242,554979,24584,1065778,California
Orange,2021-04-01,40509,1631565,21277,852562,17355,745028,1877,33975,26192,524688,14175,569154,28064,1093842,California
Orange,2021-04-02,40203,1671768,20296,872858,18088,763116,1819,35794,22728,531892,17368,586522,24572,1118414,California
Orange,2021-04-03,30229,1701997,15736,888594,12742,775858,1751,37545,14284,532052,15869,602391,16029,1134443,California
Orange,2021-04-04,18479,1720476,10737,899331,6975,782833,767,38312,8215,530824,10207,612598,8979,1143422,California
Orange,2021-04-05,30064,1750540,14039,913370,12617,795450,3408,41720,13945,532134,16038,628636,17348,1160770,California
Orange,2021-04-06,33438,1783978,15646,929016,14354,809804,3438,45158,14433,531112,18912,647548,17890,1178660,California
Orange,2021-04-07,36091,1820069,20131,949147,11371,821175,4589,49747,15868,531412,20140,667688,20440,1199100,California
Orange,2021-04-08,39143,1859212,21651,970798,12021,833196,5471,55218,18971,535898,20066,687754,24552,1223652,California
Orange,2021-04-09,41012,1900224,23898,994696,11931,845127,5183,60401,18144,536607,22777,710531,23486,1247138,California
Orange,2021-04-10,34507,1934731,18260,1012956,12019,857146,4228,64629,14312,535157,20107,730638,18657,1265795,California
Orange,2021-04-11,25691,1960422,14534,1027490,7887,865033,3270,67899,9848,532608,15793,746431,13244,1279039,California
Orange,2021-04-12,30392,1990814,15379,1042869,11467,876500,3546,71445,11953,529702,18377,764808,15471,1294510,California
Orange,2021-04-13,32347,2023161,18218,1061087,14062,890562,67,71512,15049,527587,17228,782036,15113,1309623,California
Orange,2021-04-14,34425,2057586,20159,1081246,14233,904795,33,71545,15107,523505,19225,801261,15143,1324766,California
Orange,2021-04-15,40185,2097771,24485,1105731,15686,920481,14,71559,18705,520848,21373,822634,18716,1343482,California
Orange,2021-04-16,41272,2139043,24252,1129983,16991,937472,29,71588,18628,516976,22535,845169,18663,1362145,California
Orange,2021-04-17,30400,2169443,17267,1147250,13130,950602,3,71591,13371,513442,16913,862082,13379,1375524,California
Orange,2021-04-18,21431,2190874,12966,1160216,8465,959067,0,71591,8477,509021,12901,874983,8480,1384004,California
Orange,2021-04-19,32471,2223345,17935,1178151,14534,973601,2,71593,14917,506484,17461,892444,14924,1398928,California
Orange,2021-04-20,35194,2258539,18277,1196428,16913,990514,4,71597,17595,506564,17519,909963,17599,1416527,California
Orange,2021-04-21,40656,2299195,23421,1219849,17226,1007740,9,71606,19255,504535,21294,931257,19265,1435792,California
Orange,2021-04-22,39266,2338461,20751,1240600,18506,1026246,9,71615,16331,498071,22806,954063,16342,1452134,California
Orange,2021-04-23,40161,2378622,20768,1261368,19386,1045632,7,71622,17919,493869,22132,976195,17930,1470064,California
Orange,2021-04-24,31977,2410599,16709,1278077,15233,1060865,35,71657,13389,488790,18506,994701,13427,1483491,California
Orange,2021-04-25,22985,2433584,12989,1291066,9982,1070847,14,71671,9871,485627,13053,1007754,9890,1493381,California
Orange,2021-04-26,26118,2459702,12763,1303829,13161,1084008,194,71865,11509,482814,14515,1022269,11702,1505083,California
Orange,2021-04-27,28633,2488335,13372,1317201,14759,1098767,502,72367,11005,476848,17475,1039744,11509,1516592,California
Orange,2021-04-28,30812,2519147,15425,1332626,14512,1113279,875,73242,12359,471731,18346,1058090,13229,1529821,California
Orange,2021-04-29,31859,2551006,17406,1350032,13494,1126773,959,74201,11328,463574,20437,1078527,12280,1542101,California
Orange,2021-04-30,29764,2580770,16984,1367016,11842,1138615,938,75139,12670,460172,17004,1095531,13602,1555703,California
Orange,2021-05-01,22150,2602920,15006,1382022,6158,1144773,986,76125,8695,456463,13380,1108911,9671,1565374,California
Orange,2021-05-02,15393,2618313,10237,1392259,4513,1149286,643,76768,5375,452525,9952,1118863,6014,1571388,California
Orange,2021-05-03,20550,2638863,12537,1404796,7255,1156541,758,77526,6465,445732,14014,1132877,7221,1578609,California
Orange,2021-05-04,23604,2662467,13458,1418254,9237,1165778,909,78435,8172,439467,15333,1148210,9068,1587677,California
Orange,2021-05-05,24725,2687192,13802,1432056,10028,1175806,895,79330,8086,431934,16514,1164724,8981,1596658,California
Orange,2021-05-06,26393,2713585,15971,1448027,9422,1185228,1000,80330,7293,421246,18974,1183698,8286,1604944,California
Orange,2021-05-07,28388,2741973,16863,1464890,10473,1195701,1052,81382,8035,410176,20151,1203849,9081,1614025,California
Orange,2021-05-08,18403,2760376,12161,1477051,5468,1201169,774,82156,5432,403482,12895,1216744,6201,1620226,California
Orange,2021-05-09,10962,2771338,8329,1485380,2257,1203426,376,82532,2889,398722,8023,1224767,3263,1623489,California
Orange,2021-05-10,18988,2790326,11561,1496941,6652,1210078,775,83307,4264,389127,14634,1239401,5039,1628528,California
Orange,2021-05-11,21241,2811567,11718,1508659,8850,1218928,673,83980,5037,378726,16106,1255507,5705,1634233,California
Orange,2021-05-12,22553,2834120,13877,1522536,7923,1226851,753,84733,6299,369640,16137,1271644,7051,1641284,California
Orange,2021-05-13,19878,2853998,12119,1534655,7227,1234078,532,85265,7208,364809,12573,1284217,7742,1649026,California
Orange,2021-05-14,25646,2879644,16730,1551385,8113,1242191,803,86068,10408,360873,15140,1299357,11204,1660230,California
Orange,2021-05-15,19801,2899445,14332,1565717,4922,1247113,547,86615,8023,357723,11718,1311075,8568,1668798,California
Orange,2021-05-16,15090,2914535,12403,1578120,2345,1249458,342,86957,6502,356028,8540,1319615,6845,1675643,California
Orange,2021-05-17,19278,2933813,12626,1590746,5959,1255417,693,87650,7299,352100,11922,1331537,7994,1683637,California
Orange,2021-05-18,20404,2954217,11928,1602674,7811,1263228,665,88315,8470,349374,11852,1343389,9126,1692763,California
Orange,2021-05-19,22320,2976537,12721,1615395,8934,1272162,665,88980,8035,343892,14174,1357563,8692,1701455,California
Orange,2021-05-20,18048,2994585,10310,1625705,7162,1279324,576,89556,6107,338716,11858,1369421,6682,1708137,California
Orange,2021-05-21,21049,3015634,11741,1637446,8702,1288026,606,90162,6739,331845,14220,1383641,7349,1715486,California
Orange,2021-05-22,14307,3029941,9677,1647123,4160,1292186,470,90632,5550,329169,8690,1392331,6014,1721500,California
Orange,2021-05-23,6732,3036673,4788,1651911,1734,1293920,210,90842,2265,327206,4437,1396768,2474,1723974,California
Orange,2021-05-24,15091,3051764,8848,1660759,5639,1299559,604,91446,5724,324244,9287,1406055,6325,1730299,California
Orange,2021-05-25,15329,3067093,8994,1669753,5846,1305405,489,91935,5756,321004,9478,1415533,6238,1736537,California
Orange,2021-05-26,14951,3082044,8318,1678071,6140,1311545,493,92428,5575,317770,9296,1424829,6062,1742599,California
Orange,2021-05-27,14151,3096195,8513,1686584,5113,1316658,525,92953,6300,316811,7780,1432609,6821,1749420,California
Orange,2021-05-28,15907,3112102,9356,1695940,5968,1322626,583,93536,6948,315461,8873,1441482,7523,1756943,California
Orange,2021-05-29,8508,3120610,5043,1700983,3125,1325751,340,93876,3866,315067,4595,1446077,4201,1761144,California
Orange,2021-05-30,2587,3123197,1489,1702472,978,1326729,120,93996,473,313557,2100,1448177,590,1761734,California
Placer,2020-12-15,29,29,29,29,0,0,0,0,29,29,0,0,29,29,California
Placer,2020-12-16,56,85,56,85,0,0,0,0,56,85,0,0,56,85,California
Placer,2020-12-17,140,225,140,225,0,0,0,0,140,225,0,0,140,225,California
Placer,2020-12-18,332,557,332,557,0,0,0,0,332,557,0,0,332,557,California
Placer,2020-12-19,252,809,252,809,0,0,0,0,252,809,0,0,252,809,California
Placer,2020-12-20,235,1044,235,1044,0,0,0,0,235,1044,0,0,235,1044,California
Placer,2020-12-21,495,1539,493,1537,2,2,0,0,495,1539,0,0,495,1539,California
Placer,2020-12-22,676,2215,669,2206,7,9,0,0,676,2215,0,0,676,2215,California
Placer,2020-12-23,753,2968,665,2871,88,97,0,0,753,2968,0,0,753,2968,California
Placer,2020-12-24,398,3366,347,3218,51,148,0,0,398,3366,0,0,398,3366,California
Placer,2020-12-26,156,3522,112,3330,44,192,0,0,156,3522,0,0,156,3522,California
Placer,2020-12-27,187,3709,164,3494,23,215,0,0,187,3709,0,0,187,3709,California
Placer,2020-12-28,670,4379,543,4037,127,342,0,0,670,4379,0,0,670,4379,California
Placer,2020-12-29,763,5142,514,4551,249,591,0,0,763,5142,0,0,763,5142,California
Placer,2020-12-30,729,5871,456,5007,273,864,0,0,727,5869,0,0,727,5869,California
Placer,2020-12-31,530,6401,344,5351,186,1050,0,0,530,6399,0,0,530,6399,California
Placer,2021-01-01,15,6416,11,5362,4,1054,0,0,15,6414,0,0,15,6414,California
Placer,2021-01-02,185,6601,153,5515,32,1086,0,0,185,6599,0,0,185,6599,California
Placer,2021-01-03,153,6754,78,5593,75,1161,0,0,153,6752,0,0,153,6752,California
Placer,2021-01-04,620,7374,181,5774,439,1600,0,0,620,7372,0,0,620,7372,California
Placer,2021-01-05,725,8099,159,5933,566,2166,0,0,642,7933,82,82,643,8015,California
Placer,2021-01-06,761,8860,247,6180,514,2680,0,0,617,8406,144,226,617,8632,California
Placer,2021-01-07,986,9846,368,6548,618,3298,0,0,781,8982,205,431,781,9413,California
Placer,2021-01-08,1181,11027,528,7076,653,3951,0,0,852,9508,326,757,852,10265,California
Placer,2021-01-09,450,11477,321,7397,129,4080,0,0,234,9527,215,972,234,10499,California
Placer,2021-01-10,329,11806,186,7583,143,4223,0,0,164,9526,165,1137,164,10663,California
Placer,2021-01-11,1428,13234,808,8391,620,4843,0,0,838,9775,590,1727,839,11502,California
Placer,2021-01-12,1655,14889,878,9269,777,5620,0,0,1054,10228,601,2328,1054,12556,California
Placer,2021-01-13,1636,16525,822,10091,814,6434,0,0,1211,11019,423,2751,1214,13770,California
Placer,2021-01-14,1791,18316,658,10749,1133,7567,0,0,1433,12098,355,3106,1434,15204,California
Placer,2021-01-15,1933,20249,717,11466,1216,8783,0,0,1582,13331,350,3456,1583,16787,California
Placer,2021-01-16,1467,21716,716,12182,751,9534,0,0,1346,14557,121,3577,1347,18134,California
Placer,2021-01-17,562,22278,395,12577,167,9701,0,0,429,14853,133,3710,429,18563,California
Placer,2021-01-18,992,23270,554,13131,438,10139,0,0,751,15364,241,3951,752,19315,California
Placer,2021-01-19,2626,25896,1962,15093,664,10803,0,0,2172,17082,454,4405,2172,21487,California
Placer,2021-01-20,2279,28175,1707,16800,572,11375,0,0,1948,18700,331,4736,1949,23436,California
Placer,2021-01-21,2561,30736,1120,17920,1441,12816,0,0,2169,20479,391,5127,2170,25606,California
Placer,2021-01-22,2352,33088,645,18565,1707,14523,0,0,2178,22486,172,5299,2179,27785,California
Placer,2021-01-23,1189,34277,380,18945,809,15332,0,0,1034,23365,155,5454,1034,28819,California
Placer,2021-01-24,503,34780,259,19204,244,15576,0,0,431,23725,72,5526,432,29251,California
Placer,2021-01-25,1680,36460,809,20013,871,16447,0,0,1387,24820,293,5819,1388,30639,California
Placer,2021-01-26,1860,38320,1035,21048,825,17272,0,0,1595,26150,265,6084,1595,32234,California
Placer,2021-01-27,1843,40163,1157,22205,686,17958,0,0,1599,27508,242,6326,1600,33834,California
Placer,2021-01-28,1808,41971,1119,23324,689,18647,0,0,1559,28820,247,6573,1559,35393,California
Placer,2021-01-29,1898,43869,1172,24496,726,19373,0,0,1706,30337,191,6764,1708,37101,California
Placer,2021-01-30,1727,45596,972,25468,755,20128,0,0,1606,31823,120,6884,1606,38707,California
Placer,2021-01-31,783,46379,626,26094,157,20285,0,0,715,32471,68,6952,716,39423,California
Placer,2021-02-01,2074,48453,1094,27188,980,21265,0,0,1760,33917,314,7266,1760,41183,California
Placer,2021-02-02,2388,50841,1547,28735,841,22106,0,0,1895,35322,490,7756,1895,43078,California
Placer,2021-02-03,2922,53763,1881,30616,1041,23147,0,0,2296,36996,622,8378,2296,45374,California
Placer,2021-02-04,2761,56524,1191,31807,1570,24717,0,0,1936,38112,821,9199,1937,47311,California
Placer,2021-02-05,2734,59258,1215,33022,1519,26236,0,0,1403,38189,1326,10525,1403,48714,California
Placer,2021-02-06,1964,61222,1323,34345,641,26877,0,0,1417,39059,547,11072,1417,50131,California
Placer,2021-02-07,1222,62444,911,35256,311,27188,0,0,938,39714,283,11355,938,51069,California
Placer,2021-02-08,3300,65744,1766,37022,1534,28722,0,0,1943,40308,1350,12705,1944,53013,California
Placer,2021-02-09,3553,69297,2179,39201,1374,30096,0,0,1646,40049,1905,14610,1646,54659,California
Placer,2021-02-10,3766,73063,2205,41406,1561,31657,0,0,1758,39804,2005,16615,1760,56419,California
Placer,2021-02-11,3706,76769,1913,43319,1793,33450,0,0,1576,39264,2117,18732,1577,57996,California
Placer,2021-02-12,2856,79625,1330,44649,1526,34976,0,0,1666,39778,1153,19885,1667,59663,California
Placer,2021-02-13,2531,82156,1474,46123,1057,36033,0,0,1890,41027,641,20526,1890,61553,California
Placer,2021-02-14,1087,83243,679,46802,408,36441,0,0,739,41420,346,20872,739,62292,California
Placer,2021-02-15,2254,85497,1049,47851,1205,37646,0,0,1537,42241,717,21589,1538,63830,California
Placer,2021-02-16,3583,89080,1786,49637,1797,39443,0,0,1592,41852,1982,23571,1593,65423,California
Placer,2021-02-17,3547,92627,1968,51605,1579,41022,0,0,1513,41335,2030,25601,1513,66936,California
Placer,2021-02-18,3802,96429,2052,53657,1750,42772,0,0,1617,40777,2176,27777,1618,68554,California
Placer,2021-02-19,3601,100030,1920,55577,1681,44453,0,0,1339,39860,2257,30034,1340,69894,California
Placer,2021-02-20,2010,102040,1263,56840,747,45200,0,0,917,39693,1087,31121,920,70814,California
Placer,2021-02-21,975,103015,729,57569,246,45446,0,0,279,39280,693,31814,280,71094,California
Placer,2021-02-22,2528,105543,1777,59346,751,46197,0,0,605,37963,1922,33736,605,71699,California
Placer,2021-02-23,2570,108113,1593,60939,977,47174,0,0,885,37164,1684,35420,885,72584,California
Placer,2021-02-24,3299,111412,1182,62121,2117,49291,0,0,1797,37471,1492,36912,1799,74383,California
Placer,2021-02-25,3641,115053,1525,63646,2116,51407,0,0,1970,37780,1663,38575,1972,76355,California
Placer,2021-02-26,4101,119154,2374,66020,1727,53134,0,0,2352,38387,1745,40320,2352,78707,California
Placer,2021-02-27,2823,121977,1496,67516,1327,54461,0,0,1448,38469,1369,41689,1451,80158,California
Placer,2021-02-28,1405,123382,799,68315,606,55067,0,0,588,38245,812,42501,588,80746,California
Placer,2021-03-01,3007,126389,1993,70308,1014,56081,0,0,1561,38365,1441,43942,1561,82307,California
Placer,2021-03-02,2889,129278,1780,72088,1109,57190,0,0,1890,39261,994,44936,1890,84197,California
Placer,2021-03-03,3333,132611,1430,73518,1903,59093,0,0,1819,39573,1508,46444,1820,86017,California
Placer,2021-03-04,3638,136249,1461,74979,2177,61270,0,0,1899,39746,1727,48171,1900,87917,California
Placer,2021-03-05,3016,139265,1039,76018,1956,63226,21,21,1813,40380,1200,49371,1834,89751,California
Placer,2021-03-06,2438,141703,1508,77526,834,64060,96,117,938,39923,1491,50862,1034,90785,California
Placer,2021-03-07,1306,143009,759,78285,509,64569,38,155,536,39730,767,51629,574,91359,California
Placer,2021-03-08,2914,145923,1832,80117,969,65538,113,268,1651,40233,1261,52890,1764,93123,California
Placer,2021-03-09,3191,149114,1696,81813,1403,66941,92,360,1825,40787,1363,54253,1917,95040,California
Placer,2021-03-10,3302,152416,1336,83149,1859,68800,107,467,1718,41033,1579,55832,1825,96865,California
Placer,2021-03-11,3645,156061,1652,84801,1867,70667,126,593,1748,41023,1887,57719,1877,98742,California
Placer,2021-03-12,3688,159749,1492,86293,1414,72081,782,1375,1259,40643,2423,60142,2043,100785,California
Placer,2021-03-13,2117,161866,744,87037,1254,73335,119,1494,1118,40886,996,61138,1239,102024,California
Placer,2021-03-14,1643,163509,674,87711,820,74155,149,1643,894,41180,749,61887,1043,103067,California
Placer,2021-03-15,3188,166697,1537,89248,1519,75674,132,1775,1765,41657,1421,63308,1898,104965,California
Placer,2021-03-16,3571,170268,1917,91165,1521,77195,133,1908,2284,42799,1276,64584,2418,107383,California
Placer,2021-03-17,3440,173708,1738,92903,1603,78798,99,2007,2218,43899,1219,65803,2319,109702,California
Placer,2021-03-18,4100,177808,2328,95231,1733,80531,39,2046,2866,45576,1227,67030,2904,112606,California
Placer,2021-03-19,3448,181256,2074,97305,1110,81641,264,2310,2200,46799,1240,68270,2463,115069,California
Placer,2021-03-20,2147,183403,900,98205,1150,82791,97,2407,1305,47363,837,69107,1401,116470,California
Placer,2021-03-21,1259,184662,578,98783,671,83462,10,2417,949,48015,307,69414,959,117429,California
Placer,2021-03-22,3274,187936,2107,100890,1077,84539,90,2507,2188,49211,1082,70496,2278,119707,California
Placer,2021-03-23,3534,191470,2103,102993,1340,85879,91,2598,2521,50816,1008,71504,2613,122320,California
Placer,2021-03-24,3794,195264,2002,104995,1695,87574,97,2695,1950,51042,1822,73326,2048,124368,California
Placer,2021-03-25,3856,199120,1865,106860,1893,89467,98,2793,1789,50872,2056,75382,1886,126254,California
Placer,2021-03-26,3779,202899,1673,108533,1875,91342,231,3024,1589,50517,2175,77557,1820,128074,California
Placer,2021-03-27,1593,204492,471,109004,1103,92445,19,3043,647,50244,939,78496,666,128740,California
Placer,2021-03-28,1110,205602,530,109534,570,93015,10,3053,364,49877,741,79237,374,129114,California
Placer,2021-03-29,3581,209183,2000,111534,1547,94562,34,3087,1737,49818,1835,81072,1776,130890,California
Placer,2021-03-30,3976,213159,2096,113630,1837,96399,43,3130,2083,50064,1879,82951,2125,133015,California
Placer,2021-03-31,4098,217257,1831,115461,2192,98591,75,3205,1691,49429,2400,85351,1765,134780,California
Placer,2021-04-01,2984,220241,1437,116898,1500,100091,47,3252,1664,49822,1318,86669,1711,136491,California
Placer,2021-04-02,2855,223096,1463,118361,1328,101419,64,3316,1601,50239,1247,87916,1664,138155,California
Placer,2021-04-03,1856,224952,988,119349,739,102158,129,3445,892,50304,956,88872,1021,139176,California
Placer,2021-04-04,712,225664,362,119711,297,102455,53,3498,286,50221,422,89294,339,139515,California
Placer,2021-04-05,3012,228676,1904,121615,924,103379,184,3682,1754,50908,1252,90546,1939,141454,California
Placer,2021-04-06,4295,232971,2480,124095,1514,104893,301,3983,1532,49985,2756,93302,1833,143287,California
Placer,2021-04-07,4544,237515,2592,126687,1491,106384,461,4444,2082,50073,2456,95758,2544,145831,California
Placer,2021-04-08,4715,242230,2603,129290,1566,107950,546,4990,1584,49092,3119,98877,2138,147969,California
Placer,2021-04-09,4133,246363,2274,131564,1239,109189,620,5610,1238,48071,2887,101764,1866,149835,California
Placer,2021-04-10,2027,248390,880,132444,963,110152,184,5794,866,47962,1158,102922,1049,150884,California
Placer,2021-04-11,1356,249746,533,132977,790,110942,33,5827,455,47552,897,103819,487,151371,California
Placer,2021-04-12,4097,253843,2645,135622,1072,112014,380,6207,2461,48764,1627,105446,2839,154210,California
Placer,2021-04-13,4343,258186,2993,138615,1349,113363,1,6208,2188,48802,2151,107597,2189,156399,California
Placer,2021-04-14,4133,262319,2569,141184,1563,114926,1,6209,1848,48374,2276,109873,1848,158247,California
Placer,2021-04-15,4493,266812,2507,143691,1985,116911,1,6210,2347,48586,2136,112009,2348,160595,California
Placer,2021-04-16,3684,270496,2191,145882,1493,118404,0,6210,1439,47786,2239,114248,1439,162034,California
Placer,2021-04-17,2427,272923,842,146724,1585,119989,0,6210,1519,48402,903,115151,1519,163553,California
Placer,2021-04-18,1183,274106,255,146979,928,120917,0,6210,409,48039,772,115923,409,163962,California
Placer,2021-04-19,2941,277047,1810,148789,1131,122048,0,6210,1171,47444,1767,117690,1172,165134,California
Placer,2021-04-20,3798,280845,2465,151254,1333,123381,0,6210,2422,48498,1368,119058,2422,167556,California
Placer,2021-04-21,3664,284509,2402,153656,1261,124642,1,6211,2389,49616,1272,120330,2390,169946,California
Placer,2021-04-22,3659,288168,2262,155918,1397,126039,0,6211,1743,49447,1912,122242,1743,171689,California
Placer,2021-04-23,3512,291680,2329,158247,1182,127221,1,6212,1374,48691,2131,124373,1375,173064,California
Placer,2021-04-24,2087,293767,1267,159514,819,128040,1,6213,1224,49060,855,125228,1224,174288,California
Placer,2021-04-25,910,294677,501,160015,409,128449,0,6213,562,49274,348,125576,562,174850,California
Placer,2021-04-26,2354,297031,1248,161263,1083,129532,23,6236,1155,49262,1189,126765,1177,176027,California
Placer,2021-04-27,2644,299675,1376,162639,1233,130765,35,6271,1526,49710,1114,127879,1562,177589,California
Placer,2021-04-28,2919,302594,1811,164450,1071,131836,37,6308,1522,49881,1388,129267,1559,179148,California
Placer,2021-04-29,3261,305855,2070,166520,1138,132974,53,6361,1310,49299,1945,131212,1363,180511,California
Placer,2021-04-30,2987,308842,1804,168324,1134,134108,49,6410,1191,48749,1790,133002,1240,181751,California
Placer,2021-05-01,1334,310176,936,169260,374,134482,24,6434,611,48666,717,133719,634,182385,California
Placer,2021-05-02,714,310890,552,169812,141,134623,21,6455,331,48637,381,134100,352,182737,California
Placer,2021-05-03,1608,312498,992,170804,550,135173,66,6521,436,47970,1168,135268,501,183238,California
Placer,2021-05-04,2297,314795,1296,172100,834,136007,167,6688,862,47570,1429,136697,1029,184267,California
Placer,2021-05-05,3669,318464,2475,174575,1088,137095,106,6794,970,45953,2693,139390,1076,185343,California
Placer,2021-05-06,3092,321556,1893,176468,1123,138218,76,6870,812,44587,2254,141644,888,186231,California
Placer,2021-05-07,2805,324361,1887,178355,826,139044,92,6962,787,43458,2008,143652,879,187110,California
Placer,2021-05-08,1330,325691,706,179061,582,139626,42,7004,391,42952,937,144589,431,187541,California
Placer,2021-05-09,439,326130,202,179263,216,139842,21,7025,217,42967,222,144811,237,187778,California
Placer,2021-05-10,1930,328060,1031,180294,802,140644,97,7122,434,42006,1492,146303,531,188309,California
Placer,2021-05-11,2821,330881,2033,182327,684,141328,104,7226,584,40467,2227,148530,688,188997,California
Placer,2021-05-12,2774,333655,1925,184252,801,142129,48,7274,659,39067,2108,150638,708,189705,California
Placer,2021-05-13,2701,336356,1748,186000,905,143034,48,7322,954,38323,1745,152383,1001,190706,California
Placer,2021-05-14,2745,339101,1808,187808,807,143841,130,7452,1335,38387,1398,153781,1462,192168,California
Placer,2021-05-15,2054,341155,1347,189155,684,144525,23,7475,908,38178,1140,154921,931,193099,California
Placer,2021-05-16,1003,342158,520,189675,465,144990,18,7493,338,37871,663,155584,356,193455,California
Placer,2021-05-17,2334,344492,1552,191227,715,145705,67,7560,1031,37671,1298,156882,1098,194553,California
Placer,2021-05-18,2484,346976,1661,192888,743,146448,80,7640,1127,37525,1352,158234,1206,195759,California
Placer,2021-05-19,2503,349479,1584,194472,874,147322,45,7685,929,36930,1569,159803,974,196733,California
Placer,2021-05-20,2254,351733,1486,195958,735,148057,33,7718,857,36427,1391,161194,888,197621,California
Placer,2021-05-21,2167,353900,1368,197326,661,148718,138,7856,955,36314,1204,162398,1091,198712,California
Placer,2021-05-22,1378,355278,962,198288,379,149097,37,7893,691,36359,683,163081,728,199440,California
Placer,2021-05-23,370,355648,223,198511,133,149230,14,7907,206,36417,162,163243,220,199660,California
Placer,2021-05-24,1463,357111,734,199245,613,149843,116,8023,467,36009,991,164234,583,200243,California
Placer,2021-05-25,1779,358890,944,200189,735,150578,100,8123,659,35652,1116,165350,759,201002,California
Placer,2021-05-26,1524,360414,877,201066,615,151193,32,8155,590,35346,929,166279,623,201625,California
Placer,2021-05-27,1418,361832,713,201779,666,151859,39,8194,643,35261,767,167046,682,202307,California
Placer,2021-05-28,1571,363403,783,202562,704,152563,84,8278,635,35048,932,167978,719,203026,California
Placer,2021-05-29,678,364081,382,202944,272,152835,24,8302,343,35083,332,168310,367,203393,California
Placer,2021-05-30,44,364125,13,202957,30,152865,1,8303,16,35072,28,168338,17,203410,California
Plumas,2020-12-18,4,4,4,4,0,0,0,0,4,4,0,0,4,4,California
Plumas,2020-12-19,1,5,1,5,0,0,0,0,1,5,0,0,1,5,California
Plumas,2020-12-21,45,50,45,50,0,0,0,0,45,50,0,0,45,50,California
Plumas,2020-12-22,93,143,93,143,0,0,0,0,93,143,0,0,93,143,California
Plumas,2020-12-23,50,193,50,193,0,0,0,0,50,193,0,0,50,193,California
Plumas,2020-12-24,6,199,6,199,0,0,0,0,6,199,0,0,6,199,California
Plumas,2020-12-28,8,207,0,199,8,8,0,0,8,207,0,0,8,207,California
Plumas,2020-12-29,32,239,22,221,10,18,0,0,32,239,0,0,32,239,California
Plumas,2020-12-30,23,262,1,222,22,40,0,0,23,262,0,0,23,262,California
Plumas,2020-12-31,4,266,1,223,3,43,0,0,4,266,0,0,4,266,California
Plumas,2021-01-04,10,276,4,227,6,49,0,0,10,276,0,0,10,276,California
Plumas,2021-01-05,22,298,2,229,20,69,0,0,22,298,0,0,22,298,California
Plumas,2021-01-06,123,421,5,234,118,187,0,0,123,421,0,0,123,421,California
Plumas,2021-01-07,53,474,2,236,51,238,0,0,52,472,1,1,52,473,California
Plumas,2021-01-08,12,486,5,241,7,245,0,0,8,476,4,5,8,481,California
Plumas,2021-01-09,2,488,2,243,0,245,0,0,1,476,1,6,1,482,California
Plumas,2021-01-11,58,546,50,293,8,253,0,0,11,440,47,53,11,493,California
Plumas,2021-01-12,156,702,87,380,69,322,0,0,71,426,85,138,71,564,California
Plumas,2021-01-13,56,758,50,430,6,328,0,0,10,390,46,184,10,574,California
Plumas,2021-01-14,98,856,14,444,84,412,0,0,93,478,5,189,93,667,California
Plumas,2021-01-15,63,919,7,451,56,468,0,0,61,537,2,191,61,728,California
Plumas,2021-01-16,58,977,1,452,57,525,0,0,58,595,0,191,58,786,California
Plumas,2021-01-18,2,979,1,453,1,526,0,0,2,597,0,191,2,788,California
Plumas,2021-01-19,36,1015,5,458,31,557,0,0,32,625,4,195,32,820,California
Plumas,2021-01-20,121,1136,3,461,118,675,0,0,119,742,2,197,119,939,California
Plumas,2021-01-21,112,1248,2,463,110,785,0,0,112,854,0,197,112,1051,California
Plumas,2021-01-22,5,1253,1,464,4,789,0,0,5,859,0,197,5,1056,California
Plumas,2021-01-23,93,1346,2,466,91,880,0,0,93,952,0,197,93,1149,California
Plumas,2021-01-24,1,1347,1,467,0,880,0,0,1,953,0,197,1,1150,California
Plumas,2021-01-25,10,1357,7,474,3,883,0,0,7,957,3,200,7,1157,California
Plumas,2021-01-26,60,1417,2,476,58,941,0,0,52,1001,8,208,52,1209,California
Plumas,2021-01-27,25,1442,20,496,5,946,0,0,5,986,20,228,5,1214,California
Plumas,2021-01-28,23,1465,0,496,23,969,0,0,21,1005,2,230,21,1235,California
Plumas,2021-01-29,8,1473,2,498,6,975,0,0,7,1011,1,231,7,1242,California
Plumas,2021-01-30,8,1481,4,502,4,979,0,0,7,1017,1,232,7,1249,California
Plumas,2021-01-31,3,1484,3,505,0,979,0,0,3,1020,0,232,3,1252,California
Plumas,2021-02-01,16,1500,2,507,14,993,0,0,8,1020,8,240,8,1260,California
Plumas,2021-02-02,21,1521,2,509,19,1012,0,0,2,1003,19,259,2,1262,California
Plumas,2021-02-03,128,1649,8,517,120,1132,0,0,13,902,114,373,13,1275,California
Plumas,2021-02-04,102,1751,8,525,94,1226,0,0,23,846,79,452,23,1298,California
Plumas,2021-02-05,24,1775,11,536,13,1239,0,0,9,840,15,467,9,1307,California
Plumas,2021-02-06,7,1782,0,536,7,1246,0,0,7,847,0,467,7,1314,California
Plumas,2021-02-08,15,1797,6,542,9,1255,0,0,3,838,12,479,3,1317,California
Plumas,2021-02-09,172,1969,2,544,170,1425,0,0,112,890,60,539,112,1429,California
Plumas,2021-02-10,91,2060,9,553,82,1507,0,0,82,964,9,548,83,1512,California
Plumas,2021-02-11,323,2383,7,560,316,1823,0,0,263,1167,60,608,263,1775,California
Plumas,2021-02-12,124,2507,4,564,120,1943,0,0,118,1279,6,614,118,1893,California
Plumas,2021-02-13,75,2582,5,569,70,2013,0,0,15,1234,60,674,15,1908,California
Plumas,2021-02-14,8,2590,5,574,3,2016,0,0,8,1242,0,674,8,1916,California
Plumas,2021-02-15,26,2616,5,579,21,2037,0,0,23,1262,3,677,23,1939,California
Plumas,2021-02-16,77,2693,4,583,73,2110,0,0,14,1213,63,740,14,1953,California
Plumas,2021-02-17,136,2829,5,588,131,2241,0,0,12,1101,124,864,12,1965,California
Plumas,2021-02-18,129,2958,6,594,123,2364,0,0,20,1013,109,973,21,1986,California
Plumas,2021-02-19,42,3000,5,599,37,2401,0,0,7,985,35,1008,7,1993,California
Plumas,2021-02-20,105,3105,7,606,98,2499,0,0,13,906,92,1100,13,2006,California
Plumas,2021-02-21,6,3111,5,611,1,2500,0,0,2,904,4,1104,2,2008,California
Plumas,2021-02-22,3,3114,1,612,2,2502,0,0,0,901,3,1107,0,2008,California
Plumas,2021-02-23,25,3139,5,617,20,2522,0,0,17,910,8,1115,17,2025,California
Plumas,2021-02-24,458,3597,7,624,451,2973,0,0,445,1342,13,1128,445,2470,California
Plumas,2021-02-25,230,3827,10,634,220,3193,0,0,169,1450,61,1189,169,2639,California
Plumas,2021-02-26,267,4094,8,642,259,3452,0,0,259,1702,8,1197,260,2899,California
Plumas,2021-02-27,40,4134,4,646,36,3488,0,0,33,1728,7,1204,33,2932,California
Plumas,2021-02-28,1,4135,0,646,1,3489,0,0,1,1729,0,1204,1,2933,California
Plumas,2021-03-01,14,4149,3,649,11,3500,0,0,8,1732,5,1209,8,2941,California
Plumas,2021-03-02,10,4159,1,650,9,3509,0,0,7,1736,3,1212,7,2948,California
Plumas,2021-03-03,152,4311,8,658,144,3653,0,0,137,1858,15,1227,137,3085,California
Plumas,2021-03-04,252,4563,9,667,243,3896,0,0,230,2066,22,1249,230,3315,California
Plumas,2021-03-05,400,4963,7,674,388,4284,5,5,389,2449,11,1260,394,3709,California
Plumas,2021-03-06,19,4982,2,676,9,4293,8,13,3,2444,16,1276,11,3720,California
Plumas,2021-03-07,14,4996,3,679,2,4295,9,22,4,2447,10,1286,13,3733,California
Plumas,2021-03-08,29,5025,3,682,2,4297,24,46,3,2448,26,1312,27,3760,California
Plumas,2021-03-09,133,5158,2,684,116,4413,15,61,18,2366,115,1427,33,3793,California
Plumas,2021-03-10,255,5413,3,687,239,4652,13,74,107,2339,147,1574,120,3913,California
Plumas,2021-03-11,179,5592,8,695,166,4818,5,79,144,2453,35,1609,149,4062,California
Plumas,2021-03-12,594,6186,4,699,303,5121,287,366,23,2192,571,2180,310,4372,California
Plumas,2021-03-13,25,6211,4,703,10,5131,11,377,4,2186,21,2201,15,4387,California
Plumas,2021-03-14,12,6223,3,706,4,5135,5,382,1,2182,10,2211,6,4393,California
Plumas,2021-03-15,30,6253,0,706,23,5158,7,389,5,2169,25,2236,12,4405,California
Plumas,2021-03-16,60,6313,3,709,56,5214,1,390,49,2208,11,2247,50,4455,California
Plumas,2021-03-17,73,6386,9,718,63,5277,1,391,58,2253,14,2261,59,4514,California
Plumas,2021-03-18,61,6447,6,724,39,5316,16,407,12,2232,49,2310,28,4542,California
Plumas,2021-03-19,164,6611,6,730,156,5472,2,409,155,2383,7,2317,158,4700,California
Plumas,2021-03-20,695,7306,4,734,690,6162,1,410,674,3039,19,2336,675,5375,California
Plumas,2021-03-21,2,7308,1,735,1,6163,0,410,1,3040,0,2336,1,5376,California
Plumas,2021-03-22,182,7490,2,737,180,6343,0,410,175,3208,7,2343,175,5551,California
Plumas,2021-03-23,27,7517,2,739,25,6368,0,410,13,3207,14,2357,13,5564,California
Plumas,2021-03-24,655,8172,6,745,648,7016,1,411,224,3002,430,2787,225,5789,California
Plumas,2021-03-25,302,8474,7,752,293,7309,2,413,158,3016,144,2931,158,5947,California
Plumas,2021-03-26,315,8789,9,761,306,7615,0,413,46,2794,268,3199,46,5993,California
Plumas,2021-03-27,13,8802,1,762,11,7626,1,414,3,2788,10,3209,4,5997,California
Plumas,2021-03-28,6,8808,4,766,1,7627,1,415,3,2789,3,3212,4,6001,California
Plumas,2021-03-29,12,8820,4,770,7,7634,1,416,4,2786,8,3220,5,6006,California
Plumas,2021-03-30,154,8974,3,773,150,7784,1,417,24,2681,130,3350,25,6031,California
Plumas,2021-03-31,289,9263,3,776,285,8069,1,418,268,2929,21,3371,269,6300,California
Plumas,2021-04-01,298,9561,10,786,287,8356,1,419,60,2753,236,3607,60,6360,California
Plumas,2021-04-02,375,9936,4,790,370,8726,1,420,29,2448,335,3942,30,6390,California
Plumas,2021-04-03,16,9952,3,793,5,8731,8,428,4,2448,12,3954,12,6402,California
Plumas,2021-04-04,3,9955,1,794,1,8732,1,429,0,2446,3,3957,1,6403,California
Plumas,2021-04-05,11,9966,4,798,6,8738,1,430,4,2444,7,3964,5,6408,California
Plumas,2021-04-06,121,10087,6,804,89,8827,26,456,14,2377,107,4071,40,6448,California
Plumas,2021-04-07,282,10369,7,811,99,8926,176,632,28,2327,254,4325,204,6652,California
Plumas,2021-04-08,150,10519,3,814,132,9058,15,647,34,2260,115,4440,48,6700,California
Plumas,2021-04-09,51,10570,10,824,25,9083,16,663,19,2262,32,4472,34,6734,California
Plumas,2021-04-10,24,10594,2,826,5,9088,17,680,5,2265,19,4491,22,6756,California
Plumas,2021-04-11,3,10597,2,828,0,9088,1,681,2,2267,1,4492,3,6759,California
Plumas,2021-04-12,11,10608,5,833,3,9091,3,684,7,2273,4,4496,10,6769,California
Plumas,2021-04-13,207,10815,5,838,202,9293,0,684,139,2344,68,4564,139,6908,California
Plumas,2021-04-14,109,10924,8,846,101,9394,0,684,55,2345,54,4618,55,6963,California
Plumas,2021-04-15,50,10974,2,848,48,9442,0,684,32,2359,18,4636,32,6995,California
Plumas,2021-04-16,142,11116,2,850,140,9582,0,684,2,2221,140,4776,2,6997,California
Plumas,2021-04-17,668,11784,2,852,666,10248,0,684,20,1595,646,5422,20,7017,California
Plumas,2021-04-18,4,11788,3,855,1,10249,0,684,1,1593,3,5425,1,7018,California
Plumas,2021-04-19,38,11826,3,858,35,10284,0,684,5,1565,33,5458,5,7023,California
Plumas,2021-04-20,42,11868,5,863,37,10321,0,684,26,1576,15,5473,26,7049,California
Plumas,2021-04-21,310,12178,5,868,304,10625,1,685,17,1300,293,5766,17,7066,California
Plumas,2021-04-22,273,12451,7,875,266,10891,0,685,131,1289,142,5908,131,7197,California
Plumas,2021-04-23,72,12523,5,880,67,10958,0,685,16,1249,56,5964,16,7213,California
Plumas,2021-04-24,172,12695,5,885,167,11125,0,685,146,1370,25,5989,146,7359,California
Plumas,2021-04-26,29,12724,4,889,25,11150,0,685,8,1358,20,6009,8,7367,California
Plumas,2021-04-27,87,12811,3,892,84,11234,0,685,51,1373,36,6045,51,7418,California
Plumas,2021-04-28,284,13095,4,896,280,11514,0,685,38,1166,245,6290,38,7456,California
Plumas,2021-04-29,172,13267,69,965,103,11617,0,685,118,1230,54,6344,118,7574,California
Plumas,2021-04-30,23,13290,11,976,12,11629,0,685,7,1221,16,6360,7,7581,California
Plumas,2021-05-01,2,13292,1,977,0,11629,1,686,0,1220,2,6362,1,7582,California
Plumas,2021-05-02,2,13294,2,979,0,11629,0,686,1,1220,1,6363,1,7583,California
Plumas,2021-05-03,17,13311,7,986,4,11633,6,692,6,1221,11,6374,12,7595,California
Plumas,2021-05-04,29,13340,3,989,20,11653,6,698,16,1231,12,6386,22,7617,California
Plumas,2021-05-05,49,13389,6,995,42,11695,1,699,22,1227,27,6413,23,7640,California
Plumas,2021-05-06,56,13445,2,997,49,11744,5,704,15,1206,41,6454,20,7660,California
Plumas,2021-05-07,22,13467,5,1002,16,11760,1,705,8,1201,14,6468,9,7669,California
Plumas,2021-05-08,6,13473,0,1002,4,11764,2,707,4,1205,2,6470,6,7675,California
Plumas,2021-05-10,50,13523,1,1003,26,11790,23,730,22,1222,28,6498,45,7720,California
Plumas,2021-05-11,163,13686,3,1006,141,11931,19,749,14,1106,149,6647,33,7753,California
Plumas,2021-05-12,98,13784,2,1008,89,12020,7,756,37,1090,60,6707,44,7797,California
Plumas,2021-05-13,35,13819,4,1012,29,12049,2,758,13,1083,22,6729,15,7812,California
Plumas,2021-05-14,19,13838,3,1015,11,12060,5,763,9,1087,10,6739,14,7826,California
Plumas,2021-05-15,10,13848,4,1019,4,12064,2,765,4,1087,6,6745,6,7832,California
Plumas,2021-05-16,2,13850,1,1020,1,12065,0,765,1,1087,1,6746,1,7833,California
Plumas,2021-05-17,13,13863,0,1020,4,12069,9,774,4,1091,9,6755,13,7846,California
Plumas,2021-05-18,42,13905,7,1027,34,12103,1,775,22,1094,20,6775,23,7869,California
Plumas,2021-05-19,45,13950,3,1030,28,12131,14,789,11,1086,34,6809,26,7895,California
Plumas,2021-05-20,189,14139,133,1163,45,12176,11,800,78,1064,111,6920,89,7984,California
Plumas,2021-05-21,28,14167,8,1171,15,12191,5,805,15,1071,13,6933,20,8004,California
Plumas,2021-05-22,136,14303,1,1172,135,12326,0,805,5,946,130,7063,5,8009,California
Plumas,2021-05-23,2,14305,2,1174,0,12326,0,805,1,946,1,7064,1,8010,California
Plumas,2021-05-24,52,14357,39,1213,12,12338,1,806,42,979,10,7074,43,8053,California
Plumas,2021-05-25,63,14420,4,1217,58,12396,1,807,16,949,47,7121,17,8070,California
Plumas,2021-05-26,38,14458,5,1222,26,12422,7,814,16,950,22,7143,23,8093,California
Plumas,2021-05-27,99,14557,28,1250,61,12483,10,824,42,947,56,7199,53,8146,California
Plumas,2021-05-28,37,14594,11,1261,25,12508,1,825,19,949,18,7217,20,8166,California
Plumas,2021-05-29,10,14604,1,1262,9,12517,0,825,7,954,3,7220,8,8174,California
Riverside,2020-12-15,5,5,5,5,0,0,0,0,5,5,0,0,5,5,California
Riverside,2020-12-16,69,74,69,74,0,0,0,0,69,74,0,0,69,74,California
Riverside,2020-12-17,810,884,810,884,0,0,0,0,810,884,0,0,810,884,California
Riverside,2020-12-18,1729,2613,1728,2612,1,1,0,0,1729,2613,0,0,1729,2613,California
Riverside,2020-12-19,1027,3640,1024,3636,3,4,0,0,1025,3637,1,1,1025,3638,California
Riverside,2020-12-20,1084,4724,1083,4719,1,5,0,0,1084,4721,0,1,1084,4722,California
Riverside,2020-12-21,2278,7002,2276,6995,2,7,0,0,2278,6999,0,1,2278,7000,California
Riverside,2020-12-22,2260,9262,2221,9216,39,46,0,0,2259,9258,0,1,2259,9259,California
Riverside,2020-12-23,2150,11412,1808,11024,342,388,0,0,2151,11409,0,1,2151,11410,California
Riverside,2020-12-24,828,12240,626,11650,202,590,0,0,828,12237,0,1,828,12238,California
Riverside,2020-12-25,28,12268,5,11655,23,613,0,0,28,12265,0,1,28,12266,California
Riverside,2020-12-26,404,12672,257,11912,147,760,0,0,404,12669,0,1,404,12670,California
Riverside,2020-12-27,367,13039,245,12157,122,882,0,0,367,13036,0,1,367,13037,California
Riverside,2020-12-28,1635,14674,1130,13287,505,1387,0,0,1636,14672,0,1,1636,14673,California
Riverside,2020-12-29,1735,16409,968,14255,767,2154,0,0,1735,16407,0,1,1735,16408,California
Riverside,2020-12-30,2574,18983,1679,15934,895,3049,0,0,2573,18980,0,1,2573,18981,California
Riverside,2020-12-31,1022,20005,395,16329,627,3676,0,0,1024,20004,0,1,1024,20005,California
Riverside,2021-01-01,118,20123,46,16375,72,3748,0,0,118,20122,0,1,118,20123,California
Riverside,2021-01-02,833,20956,693,17068,140,3888,0,0,833,20955,0,1,833,20956,California
Riverside,2021-01-03,344,21300,299,17367,45,3933,0,0,343,21298,0,1,343,21299,California
Riverside,2021-01-04,1264,22564,794,18161,470,4403,0,0,1264,22562,0,1,1264,22563,California
Riverside,2021-01-05,1988,24552,1367,19528,621,5024,0,0,1892,24364,90,91,1892,24455,California
Riverside,2021-01-06,2502,27054,1120,20648,1382,6406,0,0,2192,26250,306,397,2192,26647,California
Riverside,2021-01-07,2779,29833,1825,22473,954,7360,0,0,1714,26906,1060,1457,1716,28363,California
Riverside,2021-01-08,4057,33890,2931,25404,1126,8486,0,0,2244,27341,1809,3266,2244,30607,California
Riverside,2021-01-09,2076,35966,845,26249,1231,9717,0,0,1727,28720,348,3614,1727,32334,California
Riverside,2021-01-10,1669,37635,740,26989,929,10646,0,0,1065,29181,604,4218,1065,33399,California
Riverside,2021-01-11,4522,42157,3097,30086,1425,12071,0,0,2786,30234,1734,5952,2787,36186,California
Riverside,2021-01-12,3420,45577,2740,32826,680,12751,0,0,1726,30271,1689,7641,1726,37912,California
Riverside,2021-01-13,4458,50035,2937,35763,1521,14272,0,0,2847,31510,1608,9249,2847,40759,California
Riverside,2021-01-14,5518,55553,1913,37676,3605,17877,0,0,4928,35849,589,9838,4928,45687,California
Riverside,2021-01-15,6094,61647,2023,39699,4071,21948,0,0,5805,41366,288,10126,5805,51492,California
Riverside,2021-01-16,3613,65260,1017,40716,2596,24544,0,0,3367,44488,246,10372,3368,54860,California
Riverside,2021-01-17,3597,68857,585,41301,3012,27556,0,0,3400,47693,195,10567,3400,58260,California
Riverside,2021-01-18,3749,72606,2040,43341,1709,29265,0,0,2741,49426,1008,11575,2741,61001,California
Riverside,2021-01-19,7418,80024,2647,45988,4771,34036,0,0,6298,54605,1120,12695,6299,67300,California
Riverside,2021-01-20,8219,88243,3132,49120,5087,39123,0,0,6560,59522,1647,14342,6564,73864,California
Riverside,2021-01-21,8354,96597,3508,52628,4846,43969,0,0,7702,66572,653,14995,7703,81567,California
Riverside,2021-01-22,8717,105314,2966,55594,5751,49720,0,0,8287,74432,428,15423,8288,89855,California
Riverside,2021-01-23,5895,111209,2360,57954,3535,53255,0,0,5175,78888,720,16143,5176,95031,California
Riverside,2021-01-24,3038,114247,1433,59387,1605,54860,0,0,2823,81499,213,16356,2824,97855,California
Riverside,2021-01-25,7879,122126,4530,63917,3349,58209,0,0,6759,87140,1119,17475,6760,104615,California
Riverside,2021-01-26,9138,131264,5717,69634,3421,61630,0,0,7628,93262,1507,18982,7629,112244,California
Riverside,2021-01-27,10929,142193,6395,76029,4534,66164,0,0,9313,100966,1612,20594,9316,121560,California
Riverside,2021-01-28,11504,153697,6788,82817,4716,70880,0,0,10339,110149,1157,21751,10340,131900,California
Riverside,2021-01-29,11940,165637,7283,90100,4657,75537,0,0,10566,119371,1348,23099,10570,142470,California
Riverside,2021-01-30,9062,174699,4612,94712,4450,79987,0,0,8598,127509,461,23560,8599,151069,California
Riverside,2021-01-31,5165,179864,4252,98964,913,80900,0,0,5035,132419,129,23689,5039,156108,California
Riverside,2021-02-01,10965,190829,6781,105745,4184,85084,0,0,9116,139696,1842,25531,9119,165227,California
Riverside,2021-02-02,9478,200307,4815,110560,4663,89747,0,0,8010,146249,1460,26991,8013,173240,California
Riverside,2021-02-03,12179,212486,5142,115702,7037,96784,0,0,9812,153704,2357,29348,9812,183052,California
Riverside,2021-02-04,13510,225996,5999,121701,7511,104295,0,0,11435,163076,2066,31414,11438,194490,California
Riverside,2021-02-05,14351,240347,5407,127108,8944,113239,0,0,11286,171308,3058,34472,11290,205780,California
Riverside,2021-02-06,7238,247585,4264,131372,2974,116213,0,0,5598,175276,1633,36105,5601,211381,California
Riverside,2021-02-07,2167,249752,798,132170,1369,117582,0,0,1848,176808,317,36422,1849,213230,California
Riverside,2021-02-08,12480,262232,5555,137725,6925,124507,0,0,10173,184693,2292,38714,10177,223407,California
Riverside,2021-02-09,9650,271882,4522,142247,5128,129635,0,0,7700,190457,1941,40655,7705,231112,California
Riverside,2021-02-10,12075,283957,6971,149218,5104,134739,0,0,8904,196209,3160,43815,8912,240024,California
Riverside,2021-02-11,16610,300567,9053,158271,7557,142296,0,0,12089,203814,4499,48314,12104,252128,California
Riverside,2021-02-12,17686,318253,10805,169076,6881,149177,0,0,12800,211784,4842,53156,12812,264940,California
Riverside,2021-02-13,6328,324581,2127,171203,4201,153378,0,0,3106,211705,3206,56362,3127,268067,California
Riverside,2021-02-14,4923,329504,1116,172319,3807,157185,0,0,2179,211144,2740,59102,2179,270246,California
Riverside,2021-02-15,9828,339332,5006,177325,4822,162007,0,0,5404,212140,4415,63517,5411,275657,California
Riverside,2021-02-16,16118,355450,10110,187435,6008,168015,0,0,9251,214540,6859,70376,9259,284916,California
Riverside,2021-02-17,15034,370484,8212,195647,6822,174837,0,0,7448,214425,7573,77949,7458,292374,California
Riverside,2021-02-18,15548,386032,8986,204633,6562,181399,0,0,8020,214953,7506,85455,8034,300408,California
Riverside,2021-02-19,15298,401330,8223,212856,7075,188474,0,0,7223,214128,8056,93511,7231,307639,California
Riverside,2021-02-20,8314,409644,4497,217353,3817,192291,0,0,2167,210168,6130,99641,2170,309809,California
Riverside,2021-02-21,4397,414041,3876,221229,521,192812,0,0,1232,208251,3150,102791,1233,311042,California
Riverside,2021-02-22,12376,426417,7771,229000,4605,197417,0,0,5114,206125,7246,110037,5120,316162,California
Riverside,2021-02-23,11122,437539,7577,236577,3545,200962,0,0,5402,205839,5692,115729,5406,321568,California
Riverside,2021-02-24,14813,452352,8103,244680,6710,207672,0,0,6299,203679,8476,124205,6316,327884,California
Riverside,2021-02-25,17366,469718,7405,252085,9961,217633,0,0,8069,202500,9273,133478,8094,335978,California
Riverside,2021-02-26,18643,488361,6734,258819,11909,229542,0,0,9308,202565,9277,142755,9342,345320,California
Riverside,2021-02-27,12087,500448,5611,264430,6476,236018,0,0,5766,202070,6288,149043,5793,351113,California
Riverside,2021-02-28,4885,505333,3221,267651,1664,237682,0,0,2408,202021,2464,151507,2415,353528,California
Riverside,2021-03-01,14367,519700,6110,273761,8255,245937,2,2,8463,204647,5867,157374,8493,362021,California
Riverside,2021-03-02,15379,535079,7514,281275,7864,253801,1,3,9022,207363,6334,163708,9050,371071,California
Riverside,2021-03-03,16932,552011,8390,289665,8542,262343,0,3,7322,205258,9559,173267,7454,378525,California
Riverside,2021-03-04,18763,570774,7467,297132,11291,273634,5,8,8917,204529,9801,183068,9072,387597,California
Riverside,2021-03-05,18941,589715,7617,304749,11280,284914,44,52,9393,204747,9497,192565,9715,397312,California
Riverside,2021-03-06,9531,599246,5075,309824,3975,288889,481,533,4750,205240,4767,197332,5260,402572,California
Riverside,2021-03-07,4253,603499,2752,312576,1112,290001,389,922,2003,205396,2240,199572,2396,404968,California
Riverside,2021-03-08,11967,615466,4761,317337,6795,296796,411,1333,5336,204579,6611,206183,5794,410762,California
Riverside,2021-03-09,14815,630281,6908,324245,7407,304203,500,1833,5911,202242,8883,215066,6546,417308,California
Riverside,2021-03-10,15921,646202,8522,332767,6472,310675,927,2760,6217,199877,9661,224727,7296,424604,California
Riverside,2021-03-11,19308,665510,9469,342236,7990,318665,1849,4609,7613,197889,11659,236386,9671,434275,California
Riverside,2021-03-12,21217,686727,7954,350190,8523,327188,4740,9349,7129,196042,14050,250436,12203,446478,California
Riverside,2021-03-13,8499,695226,2544,352734,4727,331915,1228,10577,4367,197615,4110,254546,5683,452161,California
Riverside,2021-03-14,4742,699968,1617,354351,1757,333672,1368,11945,2084,198418,2647,257193,3450,455611,California
Riverside,2021-03-15,18703,718671,7867,362218,9166,342838,1670,13615,9212,199952,9448,266641,10982,466593,California
Riverside,2021-03-16,20913,739584,10148,372366,9950,352788,815,14430,11391,202768,9483,276124,12299,478892,California
Riverside,2021-03-17,21345,760929,10961,383327,9325,362113,1059,15489,12826,208230,8482,284606,13944,492836,California
Riverside,2021-03-18,22633,783562,11789,395116,9178,371291,1666,17155,12566,212452,10019,294625,14241,507077,California
Riverside,2021-03-19,24155,807717,12684,407800,10498,381789,973,18128,14105,217906,9992,304617,15446,522523,California
Riverside,2021-03-20,10695,818412,6907,414707,2608,384397,1180,19308,6882,222185,3782,308399,8061,530584,California
Riverside,2021-03-21,3745,822157,2920,417627,559,384956,266,19574,2555,223834,1173,309572,2822,533406,California
Riverside,2021-03-22,16657,838814,9936,427563,6168,391124,553,20127,10599,228980,6004,315576,11150,544556,California
Riverside,2021-03-23,18584,857398,10527,438090,7636,398760,421,20548,11949,234789,6575,322151,12384,556940,California
Riverside,2021-03-24,18771,876169,10472,448562,8179,406939,120,20668,12882,241958,5839,327990,13008,569948,California
Riverside,2021-03-25,21182,897351,11683,460245,9318,416257,181,20849,14200,249435,6910,334900,14387,584335,California
Riverside,2021-03-26,24177,921528,11946,472191,12056,428313,175,21024,15034,255607,9039,343939,15211,599546,California
Riverside,2021-03-27,9337,930865,4907,477098,3377,431690,1053,22077,4820,256987,4494,348433,5874,605420,California
Riverside,2021-03-28,4775,935640,3139,480237,1544,433234,92,22169,2843,258005,1919,350352,2937,608357,California
Riverside,2021-03-29,17690,953330,8458,488695,9111,442345,121,22290,10949,262387,6699,357051,11081,619438,California
Riverside,2021-03-30,18375,971705,9570,498265,8598,450943,207,22497,11720,267701,6615,363666,11929,631367,California
Riverside,2021-03-31,18137,989842,8440,506705,9392,460335,305,22802,11455,272834,6637,370303,11770,643137,California
Riverside,2021-04-01,25579,1015421,12501,519206,12301,472636,777,23579,16516,281127,9000,379303,17293,660430,California
Riverside,2021-04-02,26158,1041579,14081,533287,11126,483762,951,24530,16382,288973,9716,389019,17562,677992,California
Riverside,2021-04-03,9382,1050961,5972,539259,2822,486584,588,25118,6049,292293,3314,392333,6634,684626,California
Riverside,2021-04-04,3398,1054359,2069,541328,1085,487669,244,25362,1720,292590,1668,394001,1965,686591,California
Riverside,2021-04-05,18478,1072837,9464,550792,7154,494823,1860,27222,9948,295911,8490,402491,11811,698402,California
Riverside,2021-04-06,23785,1096622,12364,563156,9288,504111,2133,29355,13261,300830,10473,412964,15392,713794,California
Riverside,2021-04-07,24739,1121361,13299,576455,8929,513040,2511,31866,13716,306088,10979,423943,16237,730031,California
Riverside,2021-04-08,27211,1148572,14968,591423,9275,522315,2968,34834,16581,315083,10569,434512,19564,749595,California
Riverside,2021-04-09,26223,1174795,15423,606846,8352,530667,2448,37282,15991,323391,10188,444700,18496,768091,California
Riverside,2021-04-10,11988,1186783,6733,613579,3862,534529,1393,38675,5236,323312,6709,451409,6630,774721,California
Riverside,2021-04-11,4610,1191393,2736,616315,1252,535781,622,39297,2168,323672,2431,453840,2791,777512,California
Riverside,2021-04-12,20065,1211458,8913,625228,8514,544295,2638,41935,10051,326381,9976,463816,12685,790197,California
Riverside,2021-04-13,19899,1231357,11128,636356,8744,553039,27,41962,11353,329257,8506,472322,11382,801579,California
Riverside,2021-04-14,22035,1253392,12103,648459,9917,562956,15,41977,10762,328832,11205,483527,10780,812359,California
Riverside,2021-04-15,21681,1275073,12179,660638,9494,572450,8,41985,11321,329870,10292,493819,11330,823689,California
Riverside,2021-04-16,24919,1299992,14424,675062,10489,582939,6,41991,11535,328086,13332,507151,11548,835237,California
Riverside,2021-04-17,9863,1309855,6498,681560,3365,586304,0,41991,4959,328162,4890,512041,4966,840203,California
Riverside,2021-04-18,3856,1313711,2808,684368,1041,587345,7,41998,1813,327955,2030,514071,1823,842026,California
Riverside,2021-04-19,19473,1333184,11589,695957,7881,595226,3,42001,6958,322447,12474,526545,6966,848992,California
Riverside,2021-04-20,18875,1352059,9950,705907,8915,604141,10,42011,7728,319083,11104,537649,7740,856732,California
Riverside,2021-04-21,19513,1371572,11086,716993,8418,612559,9,42020,7664,314980,11783,549432,7680,864412,California
Riverside,2021-04-22,23256,1394828,13562,730555,9691,622250,3,42023,8657,309112,14532,563964,8664,873076,California
Riverside,2021-04-23,23335,1418163,13729,744284,9592,631842,14,42037,9150,304158,14126,578090,9172,882248,California
Riverside,2021-04-24,10483,1428646,7313,751597,3167,635009,3,42040,4829,303372,5618,583708,4832,887080,California
Riverside,2021-04-25,4209,1432855,2817,754414,1391,636400,1,42041,2183,303548,2009,585717,2185,889265,California
Riverside,2021-04-26,16487,1449342,10356,764770,6086,642486,45,42086,5523,298194,10926,596643,5572,894837,California
Riverside,2021-04-27,17686,1467028,10145,774915,7379,649865,162,42248,6107,292927,11536,608179,6269,901106,California
Riverside,2021-04-28,16427,1483455,8857,783772,7313,657178,257,42505,5539,287890,10833,619012,5796,906902,California
Riverside,2021-04-29,18697,1502152,11437,795209,6912,664090,348,42853,5386,280372,13249,632261,5731,912633,California
Riverside,2021-04-30,19702,1521854,11357,806566,7966,672056,379,43232,6312,273727,13338,645599,6693,919326,California
Riverside,2021-05-01,6765,1528619,4875,811441,1722,673778,168,43400,2326,271805,4414,650013,2492,921818,California
Riverside,2021-05-02,3346,1531965,2179,813620,959,674737,208,43608,1069,270828,2260,652273,1283,923101,California
Riverside,2021-05-03,17980,1549945,11041,824661,6452,681189,487,44095,4153,261697,13769,666042,4638,927739,California
Riverside,2021-05-04,17250,1567195,10957,835618,5878,687067,415,44510,4880,254684,12307,678349,5294,933033,California
Riverside,2021-05-05,15748,1582943,8917,844535,6478,693545,353,44863,4544,248436,11145,689494,4897,937930,California
Riverside,2021-05-06,17769,1600712,9953,854488,7407,700952,409,45272,4521,240188,13179,702673,4931,942861,California
Riverside,2021-05-07,20301,1621013,11593,866081,8278,709230,430,45702,5357,231104,14868,717541,5784,948645,California
Riverside,2021-05-08,6811,1627824,4529,870610,2054,711284,228,45930,2554,229657,4227,721768,2780,951425,California
Riverside,2021-05-09,2308,1630132,1509,872119,644,711928,155,46085,852,229219,1445,723213,1007,952432,California
Riverside,2021-05-10,10014,1640146,5133,877252,4510,716438,371,46456,2856,225337,7108,730321,3226,955658,California
Riverside,2021-05-11,13540,1653686,8123,885375,4924,721362,493,46949,3690,219749,9772,740093,4184,959842,California
Riverside,2021-05-12,11916,1665602,5811,891186,5829,727191,276,47225,3609,215376,8256,748349,3883,963725,California
Riverside,2021-05-13,13714,1679316,8138,899324,5312,732503,264,47489,4862,211704,8802,757151,5130,968855,California
Riverside,2021-05-14,17714,1697030,11190,910514,5734,738237,790,48279,6920,208684,10728,767879,7708,976563,California
Riverside,2021-05-15,9671,1706701,6925,917439,2351,740588,395,48674,4933,209306,4706,772585,5328,981891,California
Riverside,2021-05-16,3445,1710146,2497,919936,838,741426,110,48784,1689,209360,1743,774328,1797,983688,California
Riverside,2021-05-17,11725,1721871,7567,927503,3820,745246,338,49122,5280,208578,6412,780740,5630,989318,California
Riverside,2021-05-18,15018,1736889,9300,936803,5376,750622,342,49464,6263,206474,8708,789448,6604,995922,California
Riverside,2021-05-19,12118,1749007,7675,944478,4227,754849,216,49680,6013,206647,6057,795505,6230,1002152,California
Riverside,2021-05-20,10155,1759162,6211,950689,3687,758536,257,49937,4463,205719,5651,801156,4723,1006875,California
Riverside,2021-05-21,12374,1771536,7501,958190,4571,763107,302,50239,5221,204136,7107,808263,5524,1012399,California
Riverside,2021-05-22,5502,1777038,3792,961982,1534,764641,176,50415,3068,204976,2405,810668,3245,1015644,California
Riverside,2021-05-23,1478,1778516,1034,963016,372,765013,72,50487,815,205209,654,811322,887,1016531,California
Riverside,2021-05-24,8397,1786913,5423,968439,2666,767679,308,50795,3769,204686,4599,815921,4076,1020607,California
Riverside,2021-05-25,9438,1796351,5639,974078,3545,771224,254,51049,3841,203223,5557,821478,4094,1024701,California
Riverside,2021-05-26,8472,1804823,5205,979283,2963,774187,304,51353,3722,202550,4704,826182,4031,1028732,California
Riverside,2021-05-27,8180,1813003,4893,984176,3073,777260,214,51567,3804,202231,4334,830516,4015,1032747,California
Riverside,2021-05-28,10158,1823161,6252,990428,3642,780902,264,51831,4774,201934,5336,835852,5039,1037786,California
Riverside,2021-05-29,4533,1827694,3064,993492,1348,782250,121,51952,2557,202657,1957,837809,2680,1040466,California
Riverside,2021-05-30,462,1828156,206,993698,231,782481,25,51977,193,202610,265,838074,218,1040684,California
Sacramento,2020-12-15,315,315,315,315,0,0,0,0,315,315,0,0,315,315,California
Sacramento,2020-12-16,646,961,646,961,0,0,0,0,646,961,0,0,646,961,California
Sacramento,2020-12-17,649,1610,649,1610,0,0,0,0,649,1610,0,0,649,1610,California
Sacramento,2020-12-18,970,2580,970,2580,0,0,0,0,970,2580,0,0,970,2580,California
Sacramento,2020-12-19,610,3190,610,3190,0,0,0,0,610,3190,0,0,610,3190,California
Sacramento,2020-12-20,634,3824,634,3824,0,0,0,0,634,3824,0,0,634,3824,California
Sacramento,2020-12-21,1677,5501,1677,5501,0,0,0,0,1678,5502,0,0,1678,5502,California
Sacramento,2020-12-22,2104,7605,2071,7572,33,33,0,0,2104,7606,0,0,2104,7606,California
Sacramento,2020-12-23,2263,9868,2092,9664,171,204,0,0,2263,9869,0,0,2263,9869,California
Sacramento,2020-12-24,1046,10914,834,10498,212,416,0,0,1046,10915,0,0,1046,10915,California
Sacramento,2020-12-25,1,10915,0,10498,1,417,0,0,1,10916,0,0,1,10916,California
Sacramento,2020-12-26,510,11425,291,10789,219,636,0,0,510,11426,0,0,510,11426,California
Sacramento,2020-12-27,355,11780,249,11038,106,742,0,0,355,11781,0,0,355,11781,California
Sacramento,2020-12-28,1910,13690,1328,12366,582,1324,0,0,1909,13689,1,1,1909,13690,California
Sacramento,2020-12-29,1959,15649,1193,13559,766,2090,0,0,1959,15648,0,1,1959,15649,California
Sacramento,2020-12-30,2563,18212,1456,15015,1107,3197,0,0,2564,18212,0,1,2564,18213,California
Sacramento,2020-12-31,1233,19445,696,15711,537,3734,0,0,1234,19446,0,1,1234,19447,California
Sacramento,2021-01-01,81,19526,70,15781,11,3745,0,0,81,19527,0,1,81,19528,California
Sacramento,2021-01-02,568,20094,366,16147,202,3947,0,0,568,20095,0,1,568,20096,California
Sacramento,2021-01-03,412,20506,223,16370,189,4136,0,0,412,20507,0,1,412,20508,California
Sacramento,2021-01-04,1960,22466,847,17217,1113,5249,0,0,1958,22464,1,2,1958,22466,California
Sacramento,2021-01-05,2215,24681,989,18206,1226,6475,0,0,1861,23978,354,356,1868,24334,California
Sacramento,2021-01-06,2727,27408,1617,19823,1110,7585,0,0,1952,25158,772,1128,1952,26286,California
Sacramento,2021-01-07,2841,30249,1508,21331,1333,8918,0,0,1978,26276,860,1988,1978,28264,California
Sacramento,2021-01-08,3303,33552,2095,23426,1208,10126,0,0,2268,27514,1031,3019,2269,30533,California
Sacramento,2021-01-09,1291,34843,796,24222,495,10621,0,0,903,28031,386,3405,903,31436,California
Sacramento,2021-01-10,1247,36090,711,24933,536,11157,0,0,776,28338,470,3875,777,32213,California
Sacramento,2021-01-11,4350,40440,2960,27893,1390,12547,0,0,2410,28821,1939,5814,2422,34635,California
Sacramento,2021-01-12,4583,45023,3199,31092,1384,13931,0,0,2610,29463,1972,7786,2614,37249,California
Sacramento,2021-01-13,3833,48856,2212,33304,1621,15552,0,0,2417,30466,1415,9201,2418,39667,California
Sacramento,2021-01-14,4627,53483,2337,35641,2290,17842,0,0,3706,33255,917,10118,3706,43373,California
Sacramento,2021-01-15,4450,57933,2263,37904,2187,20029,0,0,3729,36264,721,10839,3730,47103,California
Sacramento,2021-01-16,2080,60013,1276,39180,804,20833,0,0,1862,37908,218,11057,1862,48965,California
Sacramento,2021-01-17,1671,61684,977,40157,694,21527,0,0,1492,39224,179,11236,1495,50460,California
Sacramento,2021-01-18,2818,64502,1722,41879,1096,22623,0,0,2243,40894,574,11810,2244,52704,California
Sacramento,2021-01-19,4972,69474,3024,44903,1948,24571,0,0,3738,43400,1234,13044,3740,56444,California
Sacramento,2021-01-20,4812,74286,2849,47752,1963,26534,0,0,3590,45772,1224,14268,3596,60040,California
Sacramento,2021-01-21,5208,79494,3003,50755,2205,28739,0,0,4239,49050,963,15231,4241,64281,California
Sacramento,2021-01-22,5006,84500,2673,53428,2333,31072,0,0,4703,53452,302,15533,4704,68985,California
Sacramento,2021-01-23,3742,88242,1563,54991,2179,33251,0,0,3282,56274,460,15993,3282,72267,California
Sacramento,2021-01-24,1615,89857,1006,55997,609,33860,0,0,1374,57408,241,16234,1375,73642,California
Sacramento,2021-01-25,4423,94280,2167,58164,2256,36116,0,0,2949,58885,1474,17708,2951,76593,California
Sacramento,2021-01-26,4733,99013,2145,60309,2588,38704,0,0,3532,61220,1199,18907,3534,80127,California
Sacramento,2021-01-27,5811,104824,3046,63355,2765,41469,0,0,4200,63814,1608,20515,4202,84329,California
Sacramento,2021-01-28,5386,110210,2729,66084,2657,44126,0,0,4284,66998,1101,21616,4285,88614,California
Sacramento,2021-01-29,5403,115613,2939,69023,2464,46590,0,0,4379,70362,1015,22631,4379,92993,California
Sacramento,2021-01-30,4508,120121,2199,71222,2309,48899,0,0,4079,74014,427,23058,4079,97072,California
Sacramento,2021-01-31,2319,122440,2025,73247,294,49193,0,0,2044,75787,273,23331,2046,99118,California
Sacramento,2021-02-01,5941,128381,3036,76283,2905,52098,0,0,4257,78364,1680,25011,4257,103375,California
Sacramento,2021-02-02,6930,135311,3760,80043,3170,55268,0,0,4800,81054,2112,27123,4802,108177,California
Sacramento,2021-02-03,7148,142459,3603,83646,3545,58813,0,0,5284,84485,1855,28978,5286,113463,California
Sacramento,2021-02-04,7756,150215,3668,87314,4088,62901,0,0,5511,87760,2236,31214,5511,118974,California
Sacramento,2021-02-05,7856,158071,4486,91800,3370,66271,0,0,4918,89766,2915,34129,4921,123895,California
Sacramento,2021-02-06,8483,166554,3487,95287,4996,71267,0,0,7127,95540,1354,35483,7128,131023,California
Sacramento,2021-02-07,4072,170626,2185,97472,1887,73154,0,0,2866,97207,1201,36684,2868,133891,California
Sacramento,2021-02-08,6233,176859,3241,100713,2992,76146,0,0,3897,98772,2332,39016,3897,137788,California
Sacramento,2021-02-09,6773,183632,3556,104269,3217,79363,0,0,3994,99997,2770,41786,3995,141783,California
Sacramento,2021-02-10,7700,191332,4210,108479,3490,82853,0,0,4542,101397,3144,44930,4544,146327,California
Sacramento,2021-02-11,9600,200932,5727,114206,3873,86726,0,0,5509,102832,4076,49006,5511,151838,California
Sacramento,2021-02-12,10684,211616,4144,118350,6540,93266,0,0,6410,105032,4213,53219,6413,158251,California
Sacramento,2021-02-13,7671,219287,2980,121330,4691,97957,0,0,6087,109539,1581,54800,6088,164339,California
Sacramento,2021-02-14,3192,222479,1957,123287,1235,99192,0,0,2100,110553,1090,55890,2104,166443,California
Sacramento,2021-02-15,5994,228473,2046,125333,3948,103140,0,0,4165,112898,1823,57713,4168,170611,California
Sacramento,2021-02-16,9237,237710,4206,129539,5031,108171,0,0,5319,114310,3911,61624,5323,175934,California
Sacramento,2021-02-17,8845,246555,4991,134530,3854,112025,0,0,5146,115770,3688,65312,5148,181082,California
Sacramento,2021-02-18,9562,256117,5723,140253,3839,115864,0,0,5708,117635,3846,69158,5711,186793,California
Sacramento,2021-02-19,10012,266129,6140,146393,3872,119736,0,0,5916,119472,4085,73243,5922,192715,California
Sacramento,2021-02-20,7758,273887,5730,152123,2028,121764,0,0,4696,121114,3056,76299,4698,197413,California
Sacramento,2021-02-21,2979,276866,2367,154490,612,122376,0,0,1043,120227,1930,78229,1043,198456,California
Sacramento,2021-02-22,6199,283065,3754,158244,2445,124821,0,0,2690,119423,3498,81727,2694,201150,California
Sacramento,2021-02-23,7157,290222,4447,162691,2710,127531,0,0,3471,119228,3670,85397,3475,204625,California
Sacramento,2021-02-24,9678,299900,5310,168001,4368,131899,0,0,5268,120106,4394,89791,5272,209897,California
Sacramento,2021-02-25,10937,310837,6239,174240,4698,136597,0,0,6411,122005,4512,94303,6411,216308,California
Sacramento,2021-02-26,13934,324771,6481,180721,7453,144050,0,0,9592,127288,4312,98615,9595,225903,California
Sacramento,2021-02-27,10842,335613,6741,187462,4098,148148,3,3,7970,132412,2849,101464,7973,233876,California
Sacramento,2021-02-28,5645,341258,2246,189708,3399,151547,0,3,2600,131982,3031,104495,2601,236477,California
Sacramento,2021-03-01,8074,349332,3489,193197,4584,156131,1,4,4365,132662,3688,108183,4368,240845,California
Sacramento,2021-03-02,9295,358627,4047,197244,5247,161378,1,5,5720,134828,3558,111741,5724,246569,California
Sacramento,2021-03-03,10988,369615,5025,202269,5960,167338,3,8,6565,136996,4402,116143,6570,253139,California
Sacramento,2021-03-04,13472,383087,6200,208469,7268,174606,4,12,7498,138562,5942,122085,7508,260647,California
Sacramento,2021-03-05,10622,393709,4907,213376,5685,180291,30,42,7061,142114,3540,125625,7092,267739,California
Sacramento,2021-03-06,8119,401828,3118,216494,4879,185170,122,164,4118,142367,3986,129611,4239,271978,California
Sacramento,2021-03-07,7608,409436,2211,218705,5308,190478,89,253,3744,142339,3859,133470,3831,275809,California
Sacramento,2021-03-08,9123,418559,4260,222965,4638,195116,225,478,5978,145407,3133,136603,6201,282010,California
Sacramento,2021-03-09,9602,428161,4563,227528,4747,199863,292,770,5526,147167,4059,140662,5819,287829,California
Sacramento,2021-03-10,11766,439927,7502,235030,3908,203771,356,1126,6878,149548,4854,145516,7235,295064,California
Sacramento,2021-03-11,15046,454973,9983,245013,4246,208017,817,1943,8939,153237,6067,151583,9756,304820,California
Sacramento,2021-03-12,18019,472992,8320,253333,8838,216855,861,2804,8853,153844,9116,160699,9723,314543,California
Sacramento,2021-03-13,12982,485974,3572,256905,8983,225838,427,3231,7879,157057,5092,165791,8305,322848,California
Sacramento,2021-03-14,8386,494360,3468,260373,4287,230125,631,3862,4466,158257,3896,169687,5096,327944,California
Sacramento,2021-03-15,12203,506563,4832,265205,6709,236834,662,4524,7090,160918,5092,174779,7753,335697,California
Sacramento,2021-03-16,14002,520565,6211,271416,7142,243976,649,5173,8645,164883,5323,180102,9288,344985,California
Sacramento,2021-03-17,13693,534258,6585,278001,6473,250449,635,5808,8830,169514,4838,184940,9469,354454,California
Sacramento,2021-03-18,15687,549945,8233,286234,6866,257315,588,6396,10120,174686,5536,190476,10708,365162,California
Sacramento,2021-03-19,15605,565550,7970,294204,6261,263576,1374,7770,8133,176745,7445,197921,9504,374666,California
Sacramento,2021-03-20,12929,578479,7546,301750,5043,268619,340,8110,8178,180543,4722,202643,8520,383186,California
Sacramento,2021-03-21,5598,584077,2753,304503,2806,271425,39,8149,4943,184884,643,203286,4984,388170,California
Sacramento,2021-03-22,9399,593476,4814,309317,3731,275156,854,9003,6299,188964,3073,206359,7153,395323,California
Sacramento,2021-03-23,11350,604826,6762,316079,3780,278936,808,9811,7318,193097,3991,210350,8124,403447,California
Sacramento,2021-03-24,11877,616703,7275,323354,3970,282906,632,10443,6758,195450,5038,215388,7391,410838,California
Sacramento,2021-03-25,14162,630865,8361,331715,4975,287881,826,11269,8574,199303,5543,220931,9396,420234,California
Sacramento,2021-03-26,18269,649134,8944,340659,8837,296718,488,11757,9231,200055,8969,229900,9721,429955,California
Sacramento,2021-03-27,9706,658840,3576,344235,5839,302557,291,12048,5219,201106,4455,234355,5506,435461,California
Sacramento,2021-03-28,6534,665374,3221,347456,3065,305622,248,12296,3122,201077,3402,237757,3373,438834,California
Sacramento,2021-03-29,11016,676390,5899,353355,4745,310367,372,12668,5210,200884,5778,243535,5585,444419,California
Sacramento,2021-03-30,11851,688241,6084,359439,5375,315742,392,13060,6030,201507,5799,249334,6422,450841,California
Sacramento,2021-03-31,13452,701693,7863,367302,5194,320936,395,13455,5672,199815,7752,257086,6060,456901,California
Sacramento,2021-04-01,17395,719088,10457,377759,6714,327650,224,13679,7330,197350,10027,267113,7562,464463,California
Sacramento,2021-04-02,17123,736211,9698,387457,6688,334338,737,14416,9019,199038,8074,275187,9762,474225,California
Sacramento,2021-04-03,10432,746643,6220,393677,3660,337998,552,14968,6417,202018,3987,279174,6967,481192,California
Sacramento,2021-04-04,3706,750349,1528,395205,1987,339985,191,15159,1458,201422,2243,281417,1647,482839,California
Sacramento,2021-04-05,12059,762408,7567,402772,3660,343645,832,15991,5400,201025,6624,288041,6227,489066,California
Sacramento,2021-04-06,15622,778030,8874,411646,5417,349062,1331,17322,6926,200620,8663,296704,8258,497324,California
Sacramento,2021-04-07,14809,792839,8018,419664,5206,354268,1585,18907,7169,201778,7605,304309,8763,506087,California
Sacramento,2021-04-08,15005,807844,6743,426407,5302,359570,2960,21867,5974,201725,8999,313308,8946,515033,California
Sacramento,2021-04-09,18223,826067,9323,435730,6709,366279,2191,24058,7407,200560,10779,324087,9614,524647,California
Sacramento,2021-04-10,12816,838883,3834,439564,7767,374046,1215,25273,5323,199616,7467,331554,6523,531170,California
Sacramento,2021-04-11,10734,849617,4329,443893,6181,380227,224,25497,3802,196734,6907,338461,4025,535195,California
Sacramento,2021-04-12,12899,862516,5016,448909,6021,386248,1862,27359,4927,195595,7913,346374,6774,541969,California
Sacramento,2021-04-13,16230,878746,9933,458842,6293,392541,4,27363,7552,194503,8652,355026,7560,549529,California
Sacramento,2021-04-14,14906,893652,7942,466784,6962,399503,2,27365,5898,191425,8980,364006,5902,555431,California
Sacramento,2021-04-15,16308,909960,8391,475175,7914,407417,3,27368,6613,188386,9657,373663,6618,562049,California
Sacramento,2021-04-16,17375,927335,9605,484780,7770,415187,0,27368,7868,186786,9470,383133,7870,569919,California
Sacramento,2021-04-17,15256,942591,6138,490918,9118,424305,0,27368,11041,193637,4195,387328,11046,580965,California
Sacramento,2021-04-18,8436,951027,3069,493987,5367,429672,0,27368,3733,192685,4686,392014,3734,584699,California
Sacramento,2021-04-19,10573,961600,5711,499698,4857,434529,5,27373,4693,191525,5859,397873,4699,589398,California
Sacramento,2021-04-20,11111,972711,6750,506448,4358,438887,3,27376,5911,192263,5180,403053,5918,595316,California
Sacramento,2021-04-21,11472,984183,6628,513076,4842,443729,2,27378,6214,193244,5236,408289,6217,601533,California
Sacramento,2021-04-22,14809,998992,9895,522971,4910,448639,4,27382,6819,192109,7960,416249,6825,608358,California
Sacramento,2021-04-23,15813,1014805,9992,532963,5821,454460,0,27382,7329,190991,8448,424697,7330,615688,California
Sacramento,2021-04-24,11320,1026125,7003,539966,4316,458776,1,27383,5936,191582,5347,430044,5938,621626,California
Sacramento,2021-04-25,7987,1034112,4484,544450,3503,462279,0,27383,4162,191932,3813,433857,4163,625789,California
Sacramento,2021-04-26,10231,1044343,6430,550880,3776,466055,25,27408,4697,191147,5507,439364,4722,630511,California
Sacramento,2021-04-27,11641,1055984,7639,558519,3881,469936,121,27529,5642,190940,5971,445335,5764,636275,California
Sacramento,2021-04-28,10028,1066012,5715,564234,4111,474047,202,27731,5377,191902,4623,449958,5585,641860,California
Sacramento,2021-04-29,10190,1076202,6814,571048,3071,477118,305,28036,5359,192768,4798,454756,5664,647524,California
Sacramento,2021-04-30,12428,1088630,7803,578851,4363,481481,262,28298,5871,192386,6515,461271,6133,653657,California
Sacramento,2021-05-01,7567,1096197,5470,584321,1923,483404,174,28472,2756,190536,4778,466049,2928,656585,California
Sacramento,2021-05-02,3831,1100028,3176,587497,547,483951,108,28580,2168,191166,1644,467693,2274,658859,California
Sacramento,2021-05-03,9096,1109124,7276,594773,1538,485489,282,28862,3944,190259,5128,472821,4221,663080,California
Sacramento,2021-05-04,9361,1118485,5690,600463,3360,488849,311,29173,3784,188818,5535,478356,4094,667174,California
Sacramento,2021-05-05,10963,1129448,5917,606380,4594,493443,452,29625,4422,187186,6501,484857,4869,672043,California
Sacramento,2021-05-06,11166,1140614,6192,612572,4672,498115,302,29927,4626,185883,6229,491086,4926,676969,California
Sacramento,2021-05-07,10599,1151213,6163,618735,4061,502176,375,30302,4471,184651,6079,497165,4847,681816,California
Sacramento,2021-05-08,8162,1159375,3816,622551,4117,506293,229,30531,2703,182154,5424,502589,2927,684743,California
Sacramento,2021-05-09,3165,1162540,1653,624204,1399,507692,113,30644,1188,181492,1963,504552,1301,686044,California
Sacramento,2021-05-10,8071,1170611,3734,627938,4070,511762,267,30911,1982,177684,6059,510611,2251,688295,California
Sacramento,2021-05-11,8066,1178677,5028,632966,2794,514556,244,31155,2778,175446,5258,515869,3020,691315,California
Sacramento,2021-05-12,8067,1186744,4793,637759,3036,517592,238,31393,2764,173175,5272,521141,3001,694316,California
Sacramento,2021-05-13,10887,1197631,6931,644690,3699,521291,257,31650,4089,170764,6763,527904,4352,698668,California
Sacramento,2021-05-14,12156,1209787,6870,651560,4998,526289,288,31938,5018,168986,7083,534987,5305,703973,California
Sacramento,2021-05-15,13057,1222844,7890,659450,5024,531313,143,32081,5796,167698,7225,542212,5937,709910,California
Sacramento,2021-05-16,7781,1230625,4064,663514,3604,534917,113,32194,2093,164241,5664,547876,2207,712117,California
Sacramento,2021-05-17,10376,1241001,6315,669829,3779,538696,282,32476,4111,162405,6235,554111,4399,716516,California
Sacramento,2021-05-18,9691,1250692,6088,675917,3394,542090,209,32685,3845,160657,5806,559917,4058,720574,California
Sacramento,2021-05-19,9762,1260454,6260,682177,3239,545329,263,32948,4631,160466,5089,565006,4898,725472,California
Sacramento,2021-05-20,8920,1269374,6079,688256,2620,547949,221,33169,3972,159757,4902,569908,4193,729665,California
Sacramento,2021-05-21,9329,1278703,6084,694340,2981,550930,264,33433,4239,159210,5058,574966,4511,734176,California
Sacramento,2021-05-22,6257,1284960,3986,698326,2138,553068,133,33566,3148,159399,3091,578057,3280,737456,California
Sacramento,2021-05-23,3322,1288282,2464,700790,785,553853,73,33639,1737,159639,1569,579626,1809,739265,California
Sacramento,2021-05-24,7563,1295845,4533,705323,2722,556575,308,33947,2471,157371,5045,584671,2777,742042,California
Sacramento,2021-05-25,6567,1302412,3814,709137,2465,559040,288,34235,2421,155957,4121,588792,2707,744749,California
Sacramento,2021-05-26,8321,1310733,4614,713751,3403,562443,304,34539,2999,153982,5275,594067,3300,748049,California
Sacramento,2021-05-27,6498,1317231,3550,717301,2720,565163,228,34767,3021,153787,3441,597508,3246,751295,California
Sacramento,2021-05-28,8075,1325306,4492,721793,3217,568380,366,35133,3407,152917,4639,602147,3769,755064,California
Sacramento,2021-05-29,4196,1329502,2616,724409,1434,569814,146,35279,2130,153147,2045,604192,2275,757339,California
Sacramento,2021-05-30,569,1330071,287,724696,263,570077,19,35298,196,152992,371,604563,216,757555,California
San Benito,2020-12-16,30,30,30,30,0,0,0,0,30,30,0,0,30,30,California
San Benito,2020-12-17,38,68,38,68,0,0,0,0,38,68,0,0,38,68,California
San Benito,2020-12-18,72,140,72,140,0,0,0,0,72,140,0,0,72,140,California
San Benito,2020-12-19,47,187,47,187,0,0,0,0,47,187,0,0,47,187,California
San Benito,2020-12-20,23,210,23,210,0,0,0,0,23,210,0,0,23,210,California
San Benito,2020-12-21,76,286,76,286,0,0,0,0,76,286,0,0,76,286,California
San Benito,2020-12-22,100,386,100,386,0,0,0,0,100,386,0,0,100,386,California
San Benito,2020-12-23,85,471,73,459,12,12,0,0,85,471,0,0,85,471,California
San Benito,2020-12-24,13,484,5,464,8,20,0,0,13,484,0,0,13,484,California
San Benito,2020-12-25,4,488,4,468,0,20,0,0,4,488,0,0,4,488,California
San Benito,2020-12-26,13,501,4,472,9,29,0,0,13,501,0,0,13,501,California
San Benito,2020-12-27,8,509,7,479,1,30,0,0,8,509,0,0,8,509,California
San Benito,2020-12-28,65,574,36,515,29,59,0,0,65,574,0,0,65,574,California
San Benito,2020-12-29,50,624,21,536,29,88,0,0,50,624,0,0,50,624,California
San Benito,2020-12-30,59,683,37,573,22,110,0,0,59,683,0,0,59,683,California
San Benito,2020-12-31,19,702,2,575,17,127,0,0,19,702,0,0,19,702,California
San Benito,2021-01-02,25,727,24,599,1,128,0,0,25,727,0,0,25,727,California
San Benito,2021-01-03,3,730,1,600,2,130,0,0,3,730,0,0,3,730,California
San Benito,2021-01-04,62,792,23,623,39,169,0,0,62,792,0,0,62,792,California
San Benito,2021-01-05,119,911,37,660,82,251,0,0,116,905,3,3,116,908,California
San Benito,2021-01-06,100,1011,43,703,57,308,0,0,85,975,15,18,85,993,California
San Benito,2021-01-07,97,1108,60,763,37,345,0,0,52,982,45,63,52,1045,California
San Benito,2021-01-08,173,1281,88,851,85,430,0,0,108,1025,65,128,108,1153,California
San Benito,2021-01-09,43,1324,30,881,13,443,0,0,30,1042,13,141,30,1183,California
San Benito,2021-01-10,16,1340,14,895,2,445,0,0,5,1036,11,152,5,1188,California
San Benito,2021-01-11,169,1509,107,1002,62,507,0,0,69,1005,100,252,69,1257,California
San Benito,2021-01-12,158,1667,55,1057,103,610,0,0,120,1087,38,290,120,1377,California
San Benito,2021-01-13,216,1883,60,1117,156,766,0,0,172,1215,44,334,172,1549,California
San Benito,2021-01-14,116,1999,23,1140,93,859,0,0,98,1295,18,352,98,1647,California
San Benito,2021-01-15,216,2215,21,1161,195,1054,0,0,202,1483,14,366,202,1849,California
San Benito,2021-01-16,27,2242,9,1170,18,1072,0,0,21,1498,6,372,21,1870,California
San Benito,2021-01-17,11,2253,5,1175,6,1078,0,0,8,1503,3,375,8,1878,California
San Benito,2021-01-18,36,2289,23,1198,13,1091,0,0,21,1509,15,390,21,1899,California
San Benito,2021-01-19,152,2441,65,1263,87,1178,0,0,125,1607,27,417,125,2024,California
San Benito,2021-01-20,275,2716,94,1357,181,1359,0,0,229,1791,45,462,229,2253,California
San Benito,2021-01-21,125,2841,32,1389,93,1452,0,0,100,1866,25,487,100,2353,California
San Benito,2021-01-22,233,3074,19,1408,214,1666,0,0,223,2079,10,497,223,2576,California
San Benito,2021-01-23,31,3105,17,1425,14,1680,0,0,13,2074,18,515,13,2589,California
San Benito,2021-01-24,11,3116,3,1428,8,1688,0,0,7,2077,4,519,7,2596,California
San Benito,2021-01-25,67,3183,25,1453,42,1730,0,0,20,2050,47,566,20,2616,California
San Benito,2021-01-26,138,3321,41,1494,97,1827,0,0,85,2082,53,619,85,2701,California
San Benito,2021-01-27,229,3550,69,1563,160,1987,0,0,189,2231,40,659,189,2890,California
San Benito,2021-01-28,155,3705,32,1595,123,2110,0,0,123,2323,31,690,123,3013,California
San Benito,2021-01-29,289,3994,31,1626,258,2368,0,0,266,2567,22,712,266,3279,California
San Benito,2021-01-30,50,4044,32,1658,18,2386,0,0,27,2571,23,735,27,3306,California
San Benito,2021-01-31,16,4060,5,1663,11,2397,0,0,11,2577,5,740,11,3317,California
San Benito,2021-02-01,133,4193,28,1691,105,2502,0,0,89,2622,44,784,89,3406,California
San Benito,2021-02-02,227,4420,49,1740,178,2680,0,0,137,2669,90,874,137,3543,California
San Benito,2021-02-03,340,4760,42,1782,298,2978,0,0,274,2877,66,940,274,3817,California
San Benito,2021-02-04,164,4924,24,1806,140,3118,0,0,120,2953,44,984,120,3937,California
San Benito,2021-02-05,292,5216,40,1846,252,3370,0,0,229,3119,63,1047,229,4166,California
San Benito,2021-02-06,48,5264,8,1854,40,3410,0,0,31,3133,17,1064,31,4197,California
San Benito,2021-02-07,16,5280,8,1862,8,3418,0,0,15,3147,1,1065,15,4212,California
San Benito,2021-02-08,139,5419,16,1878,123,3541,0,0,93,3194,46,1111,93,4305,California
San Benito,2021-02-09,326,5745,63,1941,263,3804,0,0,194,3256,132,1243,194,4499,California
San Benito,2021-02-10,322,6067,89,2030,233,4037,0,0,113,3161,208,1451,113,4612,California
San Benito,2021-02-11,299,6366,33,2063,266,4303,0,0,201,3264,98,1549,201,4813,California
San Benito,2021-02-12,414,6780,31,2094,383,4686,0,0,208,3267,205,1754,208,5021,California
San Benito,2021-02-13,56,6836,7,2101,49,4735,0,0,43,3297,13,1767,43,5064,California
San Benito,2021-02-14,41,6877,5,2106,36,4771,0,0,31,3318,10,1777,31,5095,California
San Benito,2021-02-15,106,6983,10,2116,96,4867,0,0,95,3402,11,1788,95,5190,California
San Benito,2021-02-16,207,7190,11,2127,196,5063,0,0,102,3399,105,1893,102,5292,California
San Benito,2021-02-17,328,7518,29,2156,299,5362,0,0,279,3629,49,1942,279,5571,California
San Benito,2021-02-18,293,7811,37,2193,256,5618,0,0,71,3478,222,2164,71,5642,California
San Benito,2021-02-19,346,8157,47,2240,299,5917,0,0,180,3492,166,2330,180,5822,California
San Benito,2021-02-20,45,8202,26,2266,19,5936,0,0,36,3519,9,2339,36,5858,California
San Benito,2021-02-21,24,8226,8,2274,16,5952,0,0,14,3523,10,2349,14,5872,California
San Benito,2021-02-22,135,8361,36,2310,99,6051,0,0,101,3591,33,2382,101,5973,California
San Benito,2021-02-23,379,8740,94,2404,285,6336,0,0,263,3738,116,2498,263,6236,California
San Benito,2021-02-24,378,9118,65,2469,313,6649,0,0,239,3838,139,2637,239,6475,California
San Benito,2021-02-25,394,9512,64,2533,330,6979,0,0,273,3988,123,2760,273,6748,California
San Benito,2021-02-26,646,10158,72,2605,574,7553,0,0,399,4140,247,3007,399,7147,California
San Benito,2021-02-27,100,10258,39,2644,61,7614,0,0,86,4212,14,3021,86,7233,California
San Benito,2021-02-28,247,10505,23,2667,224,7838,0,0,238,4441,9,3030,238,7471,California
San Benito,2021-03-01,226,10731,58,2725,168,8006,0,0,156,4526,71,3101,156,7627,California
San Benito,2021-03-02,279,11010,93,2818,186,8192,0,0,209,4665,70,3171,209,7836,California
San Benito,2021-03-03,403,11413,60,2878,343,8535,0,0,224,4712,177,3348,224,8060,California
San Benito,2021-03-04,616,12029,127,3005,474,9009,15,15,431,4962,185,3533,435,8495,California
San Benito,2021-03-05,586,12615,306,3311,268,9277,12,27,375,5140,209,3742,387,8882,California
San Benito,2021-03-06,194,12809,70,3381,110,9387,14,41,142,5244,52,3794,156,9038,California
San Benito,2021-03-07,649,13458,605,3986,22,9409,22,63,617,5851,32,3826,639,9677,California
San Benito,2021-03-08,289,13747,67,4053,176,9585,46,109,167,5942,122,3948,213,9890,California
San Benito,2021-03-09,426,14173,84,4137,243,9828,99,208,139,5867,286,4234,211,10101,California
San Benito,2021-03-10,404,14577,113,4250,194,10022,97,305,231,6022,173,4407,328,10429,California
San Benito,2021-03-11,472,15049,120,4370,198,10220,154,459,208,6120,264,4671,362,10791,California
San Benito,2021-03-12,516,15565,119,4489,303,10523,94,553,231,6163,283,4954,326,11117,California
San Benito,2021-03-13,202,15767,101,4590,83,10606,18,571,128,6238,71,5025,146,11263,California
San Benito,2021-03-14,232,15999,40,4630,172,10778,20,591,179,6385,52,5077,199,11462,California
San Benito,2021-03-15,324,16323,100,4730,205,10983,19,610,190,6460,134,5211,209,11671,California
San Benito,2021-03-16,500,16823,220,4950,249,11232,31,641,351,6692,149,5360,381,12052,California
San Benito,2021-03-17,791,17614,477,5427,292,11524,22,663,561,7041,226,5586,575,12627,California
San Benito,2021-03-18,790,18404,527,5954,207,11731,56,719,573,7446,215,5801,620,13247,California
San Benito,2021-03-19,781,19185,404,6358,354,12085,23,742,580,7848,201,6002,603,13850,California
San Benito,2021-03-20,247,19432,152,6510,83,12168,12,754,188,7989,59,6061,200,14050,California
San Benito,2021-03-21,109,19541,56,6566,48,12216,5,759,82,8049,27,6088,87,14137,California
San Benito,2021-03-22,351,19892,171,6737,155,12371,25,784,224,8171,127,6215,249,14386,California
San Benito,2021-03-23,480,20372,202,6939,268,12639,10,794,218,8136,262,6477,227,14613,California
San Benito,2021-03-24,575,20947,305,7244,263,12902,7,801,361,8291,213,6690,368,14981,California
San Benito,2021-03-25,743,21690,441,7685,298,13200,4,805,441,8438,298,6988,445,15426,California
San Benito,2021-03-26,1020,22710,518,8203,498,13698,4,809,339,8101,680,7668,343,15769,California
San Benito,2021-03-27,336,23046,187,8390,116,13814,33,842,215,8230,120,7788,249,16018,California
San Benito,2021-03-28,732,23778,608,8998,119,13933,5,847,128,7759,604,8392,133,16151,California
San Benito,2021-03-29,344,24122,109,9107,215,14148,20,867,148,7730,196,8588,167,16318,California
San Benito,2021-03-30,577,24699,273,9380,210,14358,94,961,292,7831,285,8873,386,16704,California
San Benito,2021-03-31,596,25295,366,9746,206,14564,24,985,342,7946,251,9124,366,17070,California
San Benito,2021-04-01,947,26242,383,10129,526,15090,38,1023,567,8167,379,9503,600,17670,California
San Benito,2021-04-02,542,26784,263,10392,144,15234,135,1158,267,8295,275,9778,403,18073,California
San Benito,2021-04-03,255,27039,88,10480,104,15338,63,1221,75,8253,180,9958,138,18211,California
San Benito,2021-04-04,143,27182,108,10588,30,15368,5,1226,106,8327,37,9995,111,18322,California
San Benito,2021-04-05,352,27534,170,10758,140,15508,42,1268,143,8302,209,10204,184,18506,California
San Benito,2021-04-06,471,28005,164,10922,128,15636,179,1447,160,8330,311,10515,339,18845,California
San Benito,2021-04-07,946,28951,530,11452,227,15863,189,1636,268,8114,676,11191,460,19305,California
San Benito,2021-04-08,862,29813,432,11884,178,16041,252,1888,227,7959,634,11825,479,19784,California
San Benito,2021-04-09,840,30653,498,12382,252,16293,90,1978,290,7791,550,12375,382,20166,California
San Benito,2021-04-10,337,30990,202,12584,77,16370,58,2036,189,7890,148,12523,247,20413,California
San Benito,2021-04-11,473,31463,269,12853,170,16540,34,2070,263,7960,210,12733,280,20693,California
San Benito,2021-04-12,530,31993,285,13138,133,16673,112,2182,278,8095,251,12984,386,21079,California
San Benito,2021-04-13,754,32747,292,13430,439,17112,23,2205,522,8410,231,13215,546,21625,California
San Benito,2021-04-14,832,33579,654,14084,178,17290,0,2205,395,8373,432,13647,395,22020,California
San Benito,2021-04-15,941,34520,733,14817,207,17497,1,2206,469,8372,471,14118,470,22490,California
San Benito,2021-04-16,704,35224,368,15185,327,17824,9,2215,296,8273,405,14523,306,22796,California
San Benito,2021-04-17,321,35545,226,15411,95,17919,0,2215,130,8210,193,14716,130,22926,California
San Benito,2021-04-18,491,36036,410,15821,81,18000,0,2215,235,8192,255,14971,237,23163,California
San Benito,2021-04-19,736,36772,590,16411,146,18146,0,2215,416,8290,319,15290,417,23580,California
San Benito,2021-04-20,768,37540,398,16809,368,18514,2,2217,486,8500,277,15567,487,24067,California
San Benito,2021-04-21,953,38493,702,17511,251,18765,0,2217,513,8587,426,15993,513,24580,California
San Benito,2021-04-22,896,39389,691,18202,205,18970,0,2217,565,8829,323,16316,565,25145,California
San Benito,2021-04-23,635,40024,397,18599,237,19207,1,2218,342,8927,244,16560,342,25487,California
San Benito,2021-04-24,359,40383,203,18802,156,19363,0,2218,168,8943,152,16712,168,25655,California
San Benito,2021-04-25,205,40588,127,18929,78,19441,0,2218,95,8946,92,16804,95,25750,California
San Benito,2021-04-26,479,41067,383,19312,96,19537,0,2218,253,9033,166,16970,253,26003,California
San Benito,2021-04-27,538,41605,277,19589,254,19791,7,2225,402,9317,125,17095,409,26412,California
San Benito,2021-04-28,541,42146,384,19973,148,19939,9,2234,379,9547,157,17252,387,26799,California
San Benito,2021-04-29,628,42774,231,20204,387,20326,10,2244,249,9444,379,17631,276,27075,California
San Benito,2021-04-30,376,43150,208,20412,161,20487,7,2251,202,9481,172,17803,209,27284,California
San Benito,2021-05-01,196,43346,143,20555,45,20532,8,2259,66,9427,128,17931,74,27358,California
San Benito,2021-05-02,189,43535,161,20716,24,20556,4,2263,58,9358,131,18062,62,27420,California
San Benito,2021-05-03,355,43890,281,20997,65,20621,9,2272,85,9184,270,18332,96,27516,California
San Benito,2021-05-04,403,44293,243,21240,152,20773,8,2280,148,9086,253,18585,155,27671,California
San Benito,2021-05-05,600,44893,422,21662,162,20935,16,2296,209,8922,389,18974,225,27896,California
San Benito,2021-05-06,611,45504,484,22146,112,21047,15,2311,221,8772,386,19360,236,28132,California
San Benito,2021-05-07,446,45950,283,22429,153,21200,10,2321,171,8683,273,19633,184,28316,California
San Benito,2021-05-08,276,46226,225,22654,46,21246,5,2326,158,8728,118,19751,163,28479,California
San Benito,2021-05-09,101,46327,76,22730,22,21268,3,2329,48,8727,52,19803,51,28530,California
San Benito,2021-05-10,410,46737,323,23053,63,21331,24,2353,51,8444,359,20162,76,28606,California
San Benito,2021-05-11,806,47543,401,23454,392,21723,13,2366,177,8008,627,20789,191,28797,California
San Benito,2021-05-12,482,48025,386,23840,84,21807,12,2378,111,7763,369,21158,124,28921,California
San Benito,2021-05-13,660,48685,564,24404,86,21893,10,2388,166,7447,491,21649,175,29096,California
San Benito,2021-05-14,595,49280,439,24843,149,22042,7,2395,230,7320,364,22013,237,29333,California
San Benito,2021-05-15,229,49509,172,25015,50,22092,7,2402,127,7352,102,22115,134,29467,California
San Benito,2021-05-16,160,49669,132,25147,26,22118,2,2404,91,7376,69,22184,93,29560,California
San Benito,2021-05-17,377,50046,307,25454,61,22179,9,2413,175,7359,201,22385,184,29744,California
San Benito,2021-05-18,664,50710,345,25799,314,22493,5,2418,207,7115,457,22842,213,29957,California
San Benito,2021-05-19,565,51275,415,26214,142,22635,8,2426,234,7027,330,23172,242,30199,California
San Benito,2021-05-20,563,51838,454,26668,98,22733,11,2437,309,7094,253,23425,320,30519,California
San Benito,2021-05-21,433,52271,257,26925,162,22895,14,2451,201,7079,231,23656,216,30735,California
San Benito,2021-05-22,273,52544,214,27139,55,22950,4,2455,176,7164,96,23752,181,30916,California
San Benito,2021-05-23,68,52612,46,27185,17,22967,5,2460,24,7148,44,23796,28,30944,California
San Benito,2021-05-24,279,52891,236,27421,39,23006,4,2464,172,7217,107,23903,176,31120,California
San Benito,2021-05-25,518,53409,232,27653,279,23285,7,2471,166,7040,350,24253,173,31293,California
San Benito,2021-05-26,274,53683,176,27829,92,23377,6,2477,111,6994,162,24415,116,31409,California
San Benito,2021-05-27,399,54082,302,28131,72,23449,25,2502,147,6918,251,24666,175,31584,California
San Benito,2021-05-28,272,54354,165,28296,101,23550,6,2508,102,6857,169,24835,108,31692,California
San Benito,2021-05-29,145,54499,122,28418,21,23571,2,2510,61,6836,84,24919,63,31755,California
San Benito,2021-05-30,7,54506,4,28422,3,23574,0,2510,3,6835,4,24923,3,31758,California
San Bernardino,2020-12-15,13,13,13,13,0,0,0,0,13,13,0,0,13,13,California
San Bernardino,2020-12-16,113,126,113,126,0,0,0,0,113,126,0,0,113,126,California
San Bernardino,2020-12-17,2369,2495,2369,2495,0,0,0,0,2369,2495,0,0,2369,2495,California
San Bernardino,2020-12-18,3150,5645,3147,5642,3,3,0,0,3151,5646,0,0,3151,5646,California
San Bernardino,2020-12-19,1070,6715,1069,6711,1,4,0,0,1071,6717,0,0,1071,6717,California
San Bernardino,2020-12-20,1178,7893,1175,7886,3,7,0,0,1178,7895,0,0,1178,7895,California
San Bernardino,2020-12-21,2457,10350,2452,10338,5,12,0,0,2457,10352,0,0,2457,10352,California
San Bernardino,2020-12-22,2278,12628,2149,12487,129,141,0,0,2279,12631,0,0,2279,12631,California
San Bernardino,2020-12-23,2669,15297,1464,13951,1205,1346,0,0,2667,15298,0,0,2667,15298,California
San Bernardino,2020-12-24,1163,16460,583,14534,580,1926,0,0,1165,16463,0,0,1165,16463,California
San Bernardino,2020-12-25,75,16535,14,14548,61,1987,0,0,75,16538,0,0,75,16538,California
San Bernardino,2020-12-26,462,16997,254,14802,208,2195,0,0,462,17000,0,0,462,17000,California
San Bernardino,2020-12-27,348,17345,162,14964,186,2381,0,0,348,17348,0,0,348,17348,California
San Bernardino,2020-12-28,1572,18917,712,15676,860,3241,0,0,1573,18921,0,0,1573,18921,California
San Bernardino,2020-12-29,2213,21130,1042,16718,1171,4412,0,0,2213,21134,0,0,2213,21134,California
San Bernardino,2020-12-30,2894,24024,1458,18176,1436,5848,0,0,2895,24029,0,0,2895,24029,California
San Bernardino,2020-12-31,1359,25383,439,18615,920,6768,0,0,1357,25386,0,0,1357,25386,California
San Bernardino,2021-01-01,284,25667,151,18766,133,6901,0,0,283,25669,0,0,283,25669,California
San Bernardino,2021-01-02,477,26144,340,19106,137,7038,0,0,477,26146,0,0,477,26146,California
San Bernardino,2021-01-03,136,26280,88,19194,48,7086,0,0,136,26282,0,0,136,26282,California
San Bernardino,2021-01-04,2125,28405,1287,20481,838,7924,0,0,2124,28406,0,0,2124,28406,California
San Bernardino,2021-01-05,2334,30739,1463,21944,871,8795,0,0,2224,30521,109,109,2224,30630,California
San Bernardino,2021-01-06,3437,34176,2350,24294,1087,9882,0,0,2939,32969,492,601,2940,33570,California
San Bernardino,2021-01-07,5418,39594,4506,28800,912,10794,0,0,2468,32506,2931,3532,2468,36038,California
San Bernardino,2021-01-08,5368,44962,4448,33248,920,11714,0,0,2288,31719,3076,6608,2289,38327,California
San Bernardino,2021-01-09,1403,46365,1100,34348,303,12017,0,0,905,32126,498,7106,905,39232,California
San Bernardino,2021-01-10,1026,47391,610,34958,416,12433,0,0,577,32254,449,7555,577,39809,California
San Bernardino,2021-01-11,4985,52376,4077,39035,908,13341,0,0,2768,32809,2213,9768,2768,42577,California
San Bernardino,2021-01-12,4228,56604,3211,42246,1017,14358,0,0,2513,33608,1714,11482,2513,45090,California
San Bernardino,2021-01-13,4571,61175,2849,45095,1722,16080,0,0,3349,35748,1210,12692,3350,48440,California
San Bernardino,2021-01-14,4817,65992,2840,47935,1977,18057,0,0,4236,39407,577,13269,4236,52676,California
San Bernardino,2021-01-15,5967,71959,2954,50889,3013,21070,0,0,5569,44591,388,13657,5572,58248,California
San Bernardino,2021-01-16,2255,74214,1287,52176,968,22038,0,0,2113,46562,142,13799,2113,60361,California
San Bernardino,2021-01-17,1184,75398,508,52684,676,22714,0,0,1101,47583,82,13881,1103,61464,California
San Bernardino,2021-01-18,4268,79666,2637,55321,1631,24345,0,0,3644,50607,623,14504,3647,65111,California
San Bernardino,2021-01-19,6319,85985,3706,59027,2613,26958,0,0,5233,54758,1084,15588,5235,70346,California
San Bernardino,2021-01-20,6844,92829,3768,62795,3076,30034,0,0,4895,57714,1941,17529,4897,75243,California
San Bernardino,2021-01-21,5989,98818,3079,65874,2910,32944,0,0,4870,61477,1110,18639,4873,80116,California
San Bernardino,2021-01-22,6530,105348,3052,68926,3478,36422,0,0,5805,66560,723,19362,5806,85922,California
San Bernardino,2021-01-23,3120,108468,1896,70822,1224,37646,0,0,2729,68899,390,19752,2729,88651,California
San Bernardino,2021-01-24,1195,109663,461,71283,734,38380,0,0,1094,69892,101,19853,1094,89745,California
San Bernardino,2021-01-25,6890,116553,3407,74690,3483,41863,0,0,5052,73112,1835,21688,5055,94800,California
San Bernardino,2021-01-26,7077,123630,3534,78224,3543,45406,0,0,4978,75993,2098,23786,4979,99779,California
San Bernardino,2021-01-27,8518,132148,4143,82367,4375,49781,0,0,5719,78921,2791,26577,5719,105498,California
San Bernardino,2021-01-28,8595,140743,4078,86445,4517,54298,0,0,6273,82877,2317,28894,6273,111771,California
San Bernardino,2021-01-29,8198,148941,3771,90216,4427,58725,0,0,6223,87140,1961,30855,6224,117995,California
San Bernardino,2021-01-30,3094,152035,1900,92116,1194,59919,0,0,2805,89657,288,31143,2805,120800,California
San Bernardino,2021-01-31,925,152960,493,92609,432,60351,0,0,871,90475,53,31196,871,121671,California
San Bernardino,2021-02-01,7580,160540,4252,96861,3328,63679,0,0,4948,92795,2629,33825,4949,126620,California
San Bernardino,2021-02-02,10448,170988,3656,100517,6792,70471,0,0,8389,99130,2055,35880,8390,135010,California
San Bernardino,2021-02-03,9007,179995,4148,104665,4859,75330,0,0,6506,103144,2493,38373,6507,141517,California
San Bernardino,2021-02-04,10524,190519,5186,109851,5338,80668,0,0,7423,107477,3090,41463,7423,148940,California
San Bernardino,2021-02-05,11010,201529,5908,115759,5102,85770,0,0,7489,111457,3510,44973,7490,156430,California
San Bernardino,2021-02-06,5265,206794,2213,117972,3052,88822,0,0,3635,113489,1606,46579,3638,160068,California
San Bernardino,2021-02-07,843,207637,489,118461,354,89176,0,0,468,113586,372,46951,469,160537,California
San Bernardino,2021-02-08,7282,214919,3882,122343,3400,92576,0,0,5614,117534,1666,48617,5614,166151,California
San Bernardino,2021-02-09,10142,225061,5906,128249,4236,96812,0,0,6843,121083,3297,51914,6846,172997,California
San Bernardino,2021-02-10,12084,237145,6453,134702,5631,102443,0,0,7964,124939,4109,56023,7965,180962,California
San Bernardino,2021-02-11,12447,249592,7139,141841,5308,107751,0,0,7936,128390,4488,60511,7939,188901,California
San Bernardino,2021-02-12,10428,260020,5945,147786,4483,112234,0,0,5689,129357,4722,65233,5689,194590,California
San Bernardino,2021-02-13,6049,266069,4021,151807,2028,114262,0,0,3809,130947,2224,67457,3814,198404,California
San Bernardino,2021-02-14,1552,267621,649,152456,903,115165,0,0,873,131148,672,68129,873,199277,California
San Bernardino,2021-02-15,5477,273098,2995,155451,2482,117647,0,0,3061,131807,2402,70531,3061,202338,California
San Bernardino,2021-02-16,12625,285723,7381,162832,5244,122891,0,0,7972,135139,4641,75172,7973,210311,California
San Bernardino,2021-02-17,11812,297535,6463,169295,5349,128240,0,0,7147,137640,4648,79820,7149,217460,California
San Bernardino,2021-02-18,12488,310023,7584,176879,4904,133144,0,0,7702,140571,4772,84592,7703,225163,California
San Bernardino,2021-02-19,11531,321554,5933,182812,5598,138742,0,0,6815,142690,4696,89288,6815,231978,California
San Bernardino,2021-02-20,4523,326077,3470,186282,1053,139795,0,0,2041,142255,2478,91766,2043,234021,California
San Bernardino,2021-02-21,1131,327208,673,186955,458,140253,0,0,392,141910,739,92505,394,234415,California
San Bernardino,2021-02-22,8675,335883,5343,192298,3332,143585,0,0,4043,141334,4621,97126,4045,238460,California
San Bernardino,2021-02-23,9131,345014,5449,197747,3682,147267,0,0,4597,141422,4509,101635,4597,243057,California
San Bernardino,2021-02-24,12450,357464,7177,204924,5273,152540,0,0,6149,141291,6281,107916,6150,249207,California
San Bernardino,2021-02-25,13080,370544,6281,211205,6799,159339,0,0,7612,143455,5451,113367,7615,256822,California
San Bernardino,2021-02-26,13617,384161,6381,217586,7236,166575,0,0,7582,145066,5973,119340,7584,264406,California
San Bernardino,2021-02-27,6667,390828,3726,221312,2940,169515,1,1,4813,148035,1845,121185,4814,269220,California
San Bernardino,2021-02-28,1765,392593,732,222044,1033,170548,0,1,1137,148549,623,121808,1137,270357,California
San Bernardino,2021-03-01,8453,401046,4359,226403,4091,174639,3,4,3838,147805,4593,126401,3849,274206,California
San Bernardino,2021-03-02,13857,414903,5539,231942,8318,182957,0,4,6547,147075,7280,133681,6550,280756,California
San Bernardino,2021-03-03,12887,427790,6530,238472,6354,189311,3,7,6021,146261,6845,140526,6031,286787,California
San Bernardino,2021-03-04,13765,441555,6913,245385,6852,196163,0,7,5981,144483,7763,148289,5985,292772,California
San Bernardino,2021-03-05,14415,455970,7540,252925,6874,203037,1,8,7042,144203,7341,155630,7061,299833,California
San Bernardino,2021-03-06,9718,465688,5456,258381,4047,207084,215,223,4546,143808,5154,160784,4759,304592,California
San Bernardino,2021-03-07,1651,467339,1002,259383,592,207676,57,280,1048,144312,601,161385,1105,305697,California
San Bernardino,2021-03-08,8077,475416,3575,262958,4343,212019,159,439,3593,143591,4476,165861,3755,309452,California
San Bernardino,2021-03-09,13077,488493,7486,270444,5347,217366,244,683,5273,141319,7790,173651,5518,314970,California
San Bernardino,2021-03-10,14209,502702,7848,278292,5805,223171,556,1239,6359,140414,7823,181474,6918,321888,California
San Bernardino,2021-03-11,15622,518324,7240,285532,6793,229964,1589,2828,7395,141187,8206,189680,8979,330867,California
San Bernardino,2021-03-12,15515,533839,6893,292425,6574,236538,2048,4876,7350,142500,8135,197815,9448,340315,California
San Bernardino,2021-03-13,8387,542226,4582,297007,3293,239831,512,5388,4978,144600,3398,201213,5498,345813,California
San Bernardino,2021-03-14,3283,545509,1660,298667,1042,240873,581,5969,1832,145563,1444,202657,2407,348220,California
San Bernardino,2021-03-15,11390,556899,5372,304039,3984,244857,2034,8003,5580,147373,5796,208453,7606,355826,California
San Bernardino,2021-03-16,16224,573123,8033,312072,7245,252102,946,8949,9918,151953,6280,214733,10860,366686,California
San Bernardino,2021-03-17,17384,590507,8645,320717,7990,260092,749,9698,10539,156416,6826,221559,11289,377975,California
San Bernardino,2021-03-18,16627,607134,8230,328947,8010,268102,387,10085,9849,159898,6752,228311,10234,388209,California
San Bernardino,2021-03-19,16976,624110,8427,337374,7960,276062,589,10674,9754,163096,7197,235508,10395,398604,California
San Bernardino,2021-03-20,9444,633554,5961,343335,2893,278955,590,11264,5588,165439,3831,239339,6174,404778,California
San Bernardino,2021-03-21,2794,636348,2274,345609,470,279425,50,11314,2250,167208,531,239870,2300,407078,California
San Bernardino,2021-03-22,9625,645973,4527,350136,4660,284085,438,11752,6972,171986,2632,242502,7410,414488,California
San Bernardino,2021-03-23,15500,661473,8799,358935,6082,290167,619,12371,9596,176317,5883,248385,10214,424702,California
San Bernardino,2021-03-24,15169,676642,7841,366776,7023,297190,305,12676,10077,181643,5057,253442,10383,435085,California
San Bernardino,2021-03-25,17039,693681,8366,375142,8373,305563,300,12976,10798,186546,6191,259633,11094,446179,California
San Bernardino,2021-03-26,18210,711891,8685,383827,8754,314317,771,13747,10898,190934,7282,266915,11670,457849,California
San Bernardino,2021-03-27,10853,722744,7015,390842,3086,317403,752,14499,6191,193234,4642,271557,6942,464791,California
San Bernardino,2021-03-28,3621,726365,2550,393392,958,318361,113,14612,2510,194755,1101,272658,2622,467413,California
San Bernardino,2021-03-29,11777,738142,6121,399513,5257,323618,399,15011,7961,199317,3798,276456,8360,475773,California
San Bernardino,2021-03-30,16996,755138,9486,408999,6793,330411,717,15728,10537,204140,6422,282878,11245,487018,California
San Bernardino,2021-03-31,16604,771742,9339,418338,6627,337038,638,16366,10928,210060,5647,288525,11567,498585,California
San Bernardino,2021-04-01,19790,791532,10458,428796,7918,344956,1414,17780,12740,217198,7008,295533,14146,512731,California
San Bernardino,2021-04-02,18914,810446,9538,438334,8082,353038,1294,19074,11428,222506,7457,302990,12765,525496,California
San Bernardino,2021-04-03,11165,821611,6985,445319,3041,356079,1139,20213,6067,224628,5080,308070,7202,532698,California
San Bernardino,2021-04-04,2499,824110,1505,446824,745,356824,249,20462,1260,224904,1233,309303,1509,534207,California
San Bernardino,2021-04-05,11787,835897,5295,452119,4757,361581,1735,22197,6015,226898,5752,315055,7746,541953,California
San Bernardino,2021-04-06,19749,855646,11119,463238,6516,368097,2114,24311,10438,230188,9266,324321,12556,554509,California
San Bernardino,2021-04-07,20975,876621,11228,474466,7269,375366,2478,26789,11443,234608,9503,333824,13923,568432,California
San Bernardino,2021-04-08,21895,898516,11211,485677,8079,383445,2605,29394,12047,239485,9823,343647,14700,583132,California
San Bernardino,2021-04-09,21764,920280,11080,496757,8123,391568,2561,31955,11849,244041,9881,353528,14437,597569,California
San Bernardino,2021-04-10,15665,935945,8115,504872,3827,395395,3723,35678,7752,247632,7893,361421,11484,609053,California
San Bernardino,2021-04-11,4419,940364,2576,507448,885,396280,958,36636,2024,248221,2389,363810,2978,612031,California
San Bernardino,2021-04-12,13385,953749,6185,513633,5544,401824,1656,38292,6321,249150,7043,370853,7972,620003,California
San Bernardino,2021-04-13,19229,972978,10948,524581,8262,410086,19,38311,10998,251963,8205,379058,11018,631021,California
San Bernardino,2021-04-14,19198,992176,10262,534843,8933,419019,3,38314,10836,254474,8330,387388,10841,641862,California
San Bernardino,2021-04-15,20256,1012432,11318,546161,8932,427951,6,38320,10741,255743,9478,396866,10747,652609,California
San Bernardino,2021-04-16,18575,1031007,10538,556699,8036,435987,1,38321,9124,255460,9407,406273,9124,661733,California
San Bernardino,2021-04-17,11920,1042927,7846,564545,4074,440061,0,38321,6229,256032,5657,411930,6229,667962,California
San Bernardino,2021-04-18,2885,1045812,1980,566525,905,440966,0,38321,1265,255689,1608,413538,1265,669227,California
San Bernardino,2021-04-19,12532,1058344,6681,573206,5851,446817,0,38321,4860,252903,7650,421188,4864,674091,California
San Bernardino,2021-04-20,17603,1075947,9813,583019,7787,454604,3,38324,8039,251408,9538,430726,8043,682134,California
San Bernardino,2021-04-21,18089,1094036,10322,593341,7764,462368,3,38327,7916,249213,10114,440840,7919,690053,California
San Bernardino,2021-04-22,19184,1113220,10966,604307,8214,470582,4,38331,7793,245675,11335,452175,7797,697850,California
San Bernardino,2021-04-23,18469,1131689,10569,614876,7899,478481,1,38332,8048,243351,10375,462550,8051,705901,California
San Bernardino,2021-04-24,12824,1144513,9476,624352,3346,481827,2,38334,6890,244324,5919,468469,6892,712793,California
San Bernardino,2021-04-25,3397,1147910,2226,626578,1171,482998,0,38334,1679,244300,1704,470173,1680,714473,California
San Bernardino,2021-04-26,10505,1158415,5629,632207,4787,487785,89,38423,4447,242812,6023,476196,4535,719008,California
San Bernardino,2021-04-27,15895,1174310,9594,641801,6132,493917,169,38592,6486,240099,9367,485563,6654,725662,California
San Bernardino,2021-04-28,14681,1188991,8716,650517,5690,499607,275,38867,5269,236249,9385,494948,5535,731197,California
San Bernardino,2021-04-29,16172,1205163,9313,659830,6590,506197,269,39136,5367,231108,10773,505721,5632,736829,California
San Bernardino,2021-04-30,16536,1221699,10442,670272,5814,512011,280,39416,6095,227076,10404,516125,6372,743201,California
San Bernardino,2021-05-01,10711,1232410,8404,678676,1998,514009,309,39725,3689,224050,7020,523145,3994,747195,California
San Bernardino,2021-05-02,2925,1235335,2115,680791,678,514687,132,39857,1043,223349,1874,525019,1173,748368,California
San Bernardino,2021-05-03,10026,1245361,5765,686556,3856,518543,405,40262,2898,219535,7115,532134,3301,751669,California
San Bernardino,2021-05-04,15651,1261012,9514,696070,5683,524226,454,40716,4541,213457,11070,543204,4992,756661,California
San Bernardino,2021-05-05,15316,1276328,8804,704874,6099,530325,413,41129,4328,207251,10943,554147,4737,761398,California
San Bernardino,2021-05-06,15740,1292068,8967,713841,6358,536683,415,41544,4281,200522,11424,565571,4695,766093,California
San Bernardino,2021-05-07,15435,1307503,8669,722510,6391,543074,375,41919,4624,194760,10757,576328,4995,771088,California
San Bernardino,2021-05-08,9180,1316683,6108,728618,2828,545902,244,42163,3130,192118,6015,582343,3373,774461,California
San Bernardino,2021-05-09,1808,1318491,1111,729729,607,546509,90,42253,726,191862,1072,583415,816,775277,California
San Bernardino,2021-05-10,7412,1325903,3413,733142,3684,550193,315,42568,2270,189349,5095,588510,2582,777859,California
San Bernardino,2021-05-11,11874,1337777,6543,739685,5005,555198,326,42894,3721,185281,8116,596626,4048,781907,California
San Bernardino,2021-05-12,12001,1349778,6390,746075,5322,560520,289,43183,3432,180474,8524,605150,3717,785624,California
San Bernardino,2021-05-13,12455,1362233,7390,753465,4724,565244,341,43524,4769,177936,7643,612793,5105,790729,California
San Bernardino,2021-05-14,13578,1375811,9027,762492,4217,569461,334,43858,5652,176053,7868,620661,5985,796714,California
San Bernardino,2021-05-15,11218,1387029,8319,770811,2711,572172,188,44046,4501,174052,6685,627346,4684,801398,California
San Bernardino,2021-05-16,2764,1389793,2038,772849,665,572837,61,44107,1310,173985,1437,628783,1370,802768,California
San Bernardino,2021-05-17,9894,1399687,6731,779580,2891,575728,272,44379,4620,173643,5237,634020,4895,807663,California
San Bernardino,2021-05-18,13292,1412979,8767,788347,4270,579998,255,44634,6179,172995,7078,641098,6430,814093,California
San Bernardino,2021-05-19,11463,1424442,7181,795528,3909,583907,373,45007,5342,172626,6081,647179,5712,819805,California
San Bernardino,2021-05-20,9938,1434380,5857,801385,3784,587691,297,45304,4477,171971,5426,652605,4771,824576,California
San Bernardino,2021-05-21,10785,1445165,7141,808526,3293,590984,351,45655,4719,171018,6022,658627,5069,829645,California
San Bernardino,2021-05-22,7301,1452466,5560,814086,1549,592533,192,45847,3646,171234,3620,662247,3836,833481,California
San Bernardino,2021-05-23,1285,1453751,827,814913,385,592918,73,45920,650,171328,629,662876,723,834204,California
San Bernardino,2021-05-24,6568,1460319,4123,819036,2153,595071,292,46212,2970,171033,3556,666432,3261,837465,California
San Bernardino,2021-05-25,9178,1469497,5623,824659,3295,598366,260,46472,4143,170429,5007,671439,4403,841868,California
San Bernardino,2021-05-26,7983,1477480,5073,829732,2683,601049,227,46699,3706,170112,4243,675682,3926,845794,California
San Bernardino,2021-05-27,7417,1484897,4526,834258,2668,603717,223,46922,3400,169757,3975,679657,3620,849414,California
San Bernardino,2021-05-28,8410,1493307,5283,839541,2854,606571,273,47195,4181,170024,4188,683845,4455,853869,California
San Bernardino,2021-05-29,4710,1498017,3163,842704,1441,608012,106,47301,2430,170295,2264,686109,2535,856404,California
San Bernardino,2021-05-30,407,1498424,202,842906,192,608204,13,47314,151,170205,254,686363,164,856568,California
San Diego,2020-12-15,119,119,119,119,0,0,0,0,119,119,0,0,119,119,California
San Diego,2020-12-16,1103,1222,1103,1222,0,0,0,0,1103,1222,0,0,1103,1222,California
San Diego,2020-12-17,2350,3572,2350,3572,0,0,0,0,2350,3572,0,0,2350,3572,California
San Diego,2020-12-18,3670,7242,3669,7241,1,1,0,0,3670,7242,0,0,3670,7242,California
San Diego,2020-12-19,2313,9555,2313,9554,0,1,0,0,2313,9555,0,0,2313,9555,California
San Diego,2020-12-20,1184,10739,1183,10737,1,2,0,0,1184,10739,0,0,1184,10739,California
San Diego,2020-12-21,3522,14261,3521,14258,1,3,0,0,3522,14261,0,0,3522,14261,California
San Diego,2020-12-22,4060,18321,3417,17675,643,646,0,0,4060,18321,0,0,4060,18321,California
San Diego,2020-12-23,3182,21503,1978,19653,1204,1850,0,0,3182,21503,0,0,3182,21503,California
San Diego,2020-12-24,2736,24239,2219,21872,517,2367,0,0,2736,24239,0,0,2736,24239,California
San Diego,2020-12-25,876,25115,875,22747,1,2368,0,0,876,25115,0,0,876,25115,California
San Diego,2020-12-26,3294,28409,2143,24890,1151,3519,0,0,3294,28409,0,0,3294,28409,California
San Diego,2020-12-27,2510,30919,1619,26509,891,4410,0,0,2509,30917,1,1,2509,30918,California
San Diego,2020-12-28,5912,36831,4225,30734,1687,6097,0,0,5912,36829,0,1,5912,36830,California
San Diego,2020-12-29,5572,42403,2999,33733,2573,8670,0,0,5572,42401,0,1,5572,42402,California
San Diego,2020-12-30,5944,48347,3099,36832,2845,11515,0,0,5944,48345,0,1,5944,48346,California
San Diego,2020-12-31,3040,51387,1055,37887,1985,13500,0,0,3040,51385,0,1,3040,51386,California
San Diego,2021-01-01,1006,52393,452,38339,554,14054,0,0,1006,52391,0,1,1006,52392,California
San Diego,2021-01-02,3745,56138,1303,39642,2442,16496,0,0,3745,56136,0,1,3745,56137,California
San Diego,2021-01-03,859,56997,633,40275,226,16722,0,0,858,56994,0,1,858,56995,California
San Diego,2021-01-04,3702,60699,2049,42324,1653,18375,0,0,3695,60689,0,1,3695,60690,California
San Diego,2021-01-05,4376,65075,2185,44509,2191,20566,0,0,3759,63847,613,614,3771,64461,California
San Diego,2021-01-06,4947,70022,2290,46799,2657,23223,0,0,3713,66353,1211,1825,3717,68178,California
San Diego,2021-01-07,5665,75687,2983,49782,2682,25905,0,0,3506,67713,2152,3977,3512,71690,California
San Diego,2021-01-08,7868,83555,4941,54723,2927,28832,0,0,4082,68043,3769,7746,4099,75789,California
San Diego,2021-01-09,3500,87055,1940,56663,1560,30392,0,0,1950,68466,1538,9284,1961,77750,California
San Diego,2021-01-10,1881,88936,1293,57956,588,30980,0,0,778,68162,1091,10375,787,78537,California
San Diego,2021-01-11,10333,99269,5860,63816,4473,35453,0,0,6803,71460,3523,13898,6821,85358,California
San Diego,2021-01-12,11200,110469,5313,69129,5887,41340,0,0,7822,76027,3369,17267,7936,93294,California
San Diego,2021-01-13,11511,121980,5053,74182,6458,47798,0,0,8967,82486,2532,19799,8991,102285,California
San Diego,2021-01-14,12365,134345,4746,78928,7619,55417,0,0,10196,90557,2161,21960,10232,112517,California
San Diego,2021-01-15,15133,149478,5355,84283,9778,65195,0,0,12487,100472,2627,24587,12542,125059,California
San Diego,2021-01-16,10771,160249,3593,87876,7178,72373,0,0,9325,108387,1441,26028,9356,134415,California
San Diego,2021-01-17,8682,168931,2497,90373,6185,78558,0,0,7841,115407,841,26869,7861,142276,California
San Diego,2021-01-18,12880,181811,6317,96690,6563,85121,0,0,10030,122679,2818,29687,10090,152366,California
San Diego,2021-01-19,14598,196409,5669,102359,8929,94050,0,0,11488,131334,3099,32786,11754,164120,California
San Diego,2021-01-20,18330,214739,6388,108747,11942,105992,0,0,15008,143225,3301,36087,15192,179312,California
San Diego,2021-01-21,17300,232039,5785,114532,11515,117507,0,0,15911,157899,1380,37467,16054,195366,California
San Diego,2021-01-22,17584,249623,4662,119194,12922,130429,0,0,15551,171512,2019,39486,15632,210998,California
San Diego,2021-01-23,14491,264114,5280,124474,9211,139640,0,0,12133,181358,2347,41833,12193,223191,California
San Diego,2021-01-24,11905,276019,3345,127819,8560,148200,0,0,10931,191357,972,42805,10971,234162,California
San Diego,2021-01-25,12273,288292,5802,133621,6471,154671,0,0,9253,197752,3013,45818,9408,243570,California
San Diego,2021-01-26,15157,303449,7858,141479,7299,161970,0,0,11770,206324,3385,49203,11957,255527,California
San Diego,2021-01-27,20580,324029,7939,149418,12641,174611,0,0,17560,221018,3011,52214,17705,273232,California
San Diego,2021-01-28,21310,345339,7651,157069,13659,188270,0,0,19037,237878,2263,54477,19123,292355,California
San Diego,2021-01-29,19728,365067,6480,163549,13248,201518,0,0,17285,252779,2433,56910,17334,309689,California
San Diego,2021-01-30,15906,380973,3668,167217,12238,213756,0,0,13223,263427,2673,59583,13321,323010,California
San Diego,2021-01-31,14812,395785,5764,172981,9048,222804,0,0,14450,277551,358,59941,14482,337492,California
San Diego,2021-02-01,21037,416822,7735,180716,13302,236106,0,0,17484,291575,3539,63480,17563,355055,California
San Diego,2021-02-02,22899,439721,8375,189091,14524,250630,0,0,19630,308114,3260,66740,19799,374854,California
San Diego,2021-02-03,27669,467390,11770,200861,15899,266529,0,0,23356,327366,4294,71034,23546,398400,California
San Diego,2021-02-04,24253,491643,9896,210757,14357,280886,0,0,19623,342659,4613,75647,19906,418306,California
San Diego,2021-02-05,24934,516577,8890,219647,16044,296930,0,0,18246,354692,6664,82311,18697,437003,California
San Diego,2021-02-06,20782,537359,8555,228202,12227,309157,0,0,17531,369198,3248,85559,17754,454757,California
San Diego,2021-02-07,12137,549496,5377,233579,6760,315917,0,0,10253,377837,1873,87432,10512,465269,California
San Diego,2021-02-08,20123,569619,8532,242111,11591,327508,0,0,12678,383766,7434,94866,13363,478632,California
San Diego,2021-02-09,20493,590112,8327,250438,12166,339674,0,0,13196,390757,7276,102142,14267,492899,California
San Diego,2021-02-10,22975,613087,9338,259776,13637,353311,0,0,13848,396913,9070,111212,15226,508125,California
San Diego,2021-02-11,23846,636933,10186,269962,13660,366971,0,0,12770,400321,11049,122261,14457,522582,California
San Diego,2021-02-12,23840,660773,7447,277409,16393,383364,0,0,11885,402537,11938,134199,14154,536736,California
San Diego,2021-02-13,20033,680806,9026,286435,11007,394371,0,0,10901,405516,9126,143325,12105,548841,California
San Diego,2021-02-14,11187,691993,7433,293868,3754,398125,0,0,6320,408488,4863,148188,7835,556676,California
San Diego,2021-02-15,15272,707265,7761,301629,7511,405636,0,0,7829,411964,7421,155609,10897,567573,California
San Diego,2021-02-16,19294,726559,11268,312897,8026,413662,0,0,9221,414110,10061,165670,12207,579780,California
San Diego,2021-02-17,23414,749973,10999,323896,12415,426077,0,0,8121,410043,15278,180948,11211,590991,California
San Diego,2021-02-18,23575,773548,12010,335906,11565,437642,0,0,7777,406119,15786,196734,11862,602853,California
San Diego,2021-02-19,15905,789453,10910,346816,4995,442637,0,0,6635,405477,9252,205986,8610,611463,California
San Diego,2021-02-20,10265,799718,6367,353183,3898,446535,0,0,5808,408738,4455,210441,7716,619179,California
San Diego,2021-02-21,11570,811288,10156,363339,1414,447949,0,0,5185,409058,6379,216820,6699,625878,California
San Diego,2021-02-22,12451,823739,10592,373931,1859,449808,0,0,5758,409770,6688,223508,7400,633278,California
San Diego,2021-02-23,25871,849610,14494,388425,11377,461185,0,0,9629,409065,16234,239742,15529,648807,California
San Diego,2021-02-24,28961,878571,12766,401191,16195,477380,0,0,6857,401278,22084,261826,14297,663104,California
San Diego,2021-02-25,33210,911781,14732,415923,18478,495858,0,0,10132,396759,23058,284884,18539,681643,California
San Diego,2021-02-26,33479,945260,12403,428326,21076,516934,0,0,12113,394647,21336,306220,19224,700867,California
San Diego,2021-02-27,21249,966509,9689,438015,11560,528494,0,0,11443,400563,9801,316021,15717,716584,California
San Diego,2021-02-28,15287,981796,9989,448004,5298,533792,0,0,9523,407116,5763,321784,12316,728900,California
San Diego,2021-03-01,24259,1006055,14319,462323,9938,543730,2,2,14729,416262,9452,331236,18598,747498,California
San Diego,2021-03-02,26184,1032239,14095,476418,12089,555819,0,2,12765,422317,13409,344645,19464,766962,California
San Diego,2021-03-03,34025,1066264,15950,492368,18072,573891,3,5,14071,423378,19933,364578,20994,787956,California
San Diego,2021-03-04,28319,1094583,14111,506479,14208,588099,0,5,12616,427076,15681,380259,19379,807335,California
San Diego,2021-03-05,29018,1123601,14919,521398,14017,602116,82,87,13518,431925,15475,395734,20324,827659,California
San Diego,2021-03-06,23439,1147040,9598,530996,13140,615256,701,788,10353,434586,13072,408806,15733,843392,California
San Diego,2021-03-07,18247,1165287,9338,540334,8338,623594,571,1359,6930,434444,11308,420114,11166,854558,California
San Diego,2021-03-08,23107,1188394,11227,551561,10973,634567,907,2266,11449,440044,11638,431752,17238,871796,California
San Diego,2021-03-09,25915,1214309,11998,563559,12158,646725,1759,4025,10142,440115,15758,447510,15829,887625,California
San Diego,2021-03-10,25566,1239875,10815,574374,12353,659078,2398,6423,10137,441304,15413,462923,16602,904227,California
San Diego,2021-03-11,28663,1268538,11024,585398,14041,673119,3598,10021,9987,440196,18653,481576,17545,921772,California
San Diego,2021-03-12,27162,1295700,9554,594952,14468,687587,3140,13161,10030,439787,17119,498695,16710,938482,California
San Diego,2021-03-13,26234,1321934,7308,602260,17137,704724,1789,14950,10140,439801,16090,514785,16104,954586,California
San Diego,2021-03-14,13882,1335816,5500,607760,7643,712367,739,15689,4820,438633,9053,523838,7885,962471,California
San Diego,2021-03-15,22034,1357850,10176,617936,11078,723445,780,16469,9018,438533,13003,536841,12903,975374,California
San Diego,2021-03-16,30012,1387862,15796,633732,13804,737249,412,16881,15737,443487,14252,551093,19206,994580,California
San Diego,2021-03-17,26352,1414214,12241,645973,13391,750640,720,17601,16793,453511,9542,560635,19566,1014146,California
San Diego,2021-03-18,31539,1445753,17816,663789,12803,763443,920,18521,17039,458529,14467,575102,19485,1033631,California
San Diego,2021-03-19,30354,1476107,14405,678194,14909,778352,1040,19561,19400,469235,10932,586034,21638,1055269,California
San Diego,2021-03-20,27897,1504004,8457,686651,17637,795989,1803,21364,21429,487117,6456,592490,24338,1079607,California
San Diego,2021-03-21,16583,1520587,12106,698757,3760,799749,717,22081,7715,488013,8854,601344,9750,1089357,California
San Diego,2021-03-22,22546,1543133,13151,711908,9118,808867,277,22358,14330,497175,8203,609547,17365,1106722,California
San Diego,2021-03-23,26006,1569139,13643,725551,12084,820951,279,22637,17132,507756,8859,618406,19440,1126162,California
San Diego,2021-03-24,29588,1598727,19783,745334,9423,830374,382,23019,17101,514817,12476,630882,19537,1145699,California
San Diego,2021-03-25,30385,1629112,18313,763647,11388,841762,684,23703,17991,523234,12375,643257,20792,1166491,California
San Diego,2021-03-26,32155,1661267,17944,781591,13638,855400,573,24276,17503,529507,14627,657884,20900,1187391,California
San Diego,2021-03-27,25514,1686781,11049,792640,14072,869472,393,24669,15692,538032,9804,667688,18329,1205720,California
San Diego,2021-03-28,15083,1701864,9238,801878,5788,875260,57,24726,9264,543009,5813,673501,10790,1216510,California
San Diego,2021-03-29,26734,1728598,12921,814799,13180,888440,633,25359,16447,552249,10277,683778,19517,1236027,California
San Diego,2021-03-30,33245,1761843,17901,832700,14555,902995,789,26148,22020,565660,11213,694991,24624,1260651,California
San Diego,2021-03-31,30482,1792325,18801,851501,10975,913970,706,26854,20639,578272,9826,704817,22438,1283089,California
San Diego,2021-04-01,34357,1826682,20062,871563,12795,926765,1500,28354,23244,593241,11089,715906,26058,1309147,California
San Diego,2021-04-02,35807,1862489,20674,892237,12326,939091,2807,31161,24117,609915,11671,727577,28345,1337492,California
San Diego,2021-04-03,30861,1893350,14458,906695,11795,950886,4608,35769,19718,624303,11130,738707,25518,1363010,California
San Diego,2021-04-04,9058,1902408,5204,911899,2926,953812,928,36697,4819,625992,4234,742941,5923,1368933,California
San Diego,2021-04-05,29763,1932171,15406,927305,11705,965517,2652,39349,19382,640147,10363,753304,24518,1393451,California
San Diego,2021-04-06,38760,1970931,20397,947702,12449,977966,5914,45263,22331,654084,16413,769717,30350,1423801,California
San Diego,2021-04-07,35843,2006774,21981,969683,9287,987253,4575,49838,20320,664668,15499,785216,26083,1449884,California
San Diego,2021-04-08,35254,2042028,21371,991054,9711,996964,4172,54010,21313,678785,13922,799138,28039,1477923,California
San Diego,2021-04-09,38431,2080459,22925,1013979,10290,1007254,5216,59226,20813,690537,17552,816690,29304,1507227,California
San Diego,2021-04-10,29191,2109650,11785,1025764,13396,1020650,4010,63236,15099,698581,14082,830772,22126,1529353,California
San Diego,2021-04-11,16261,2125911,10079,1035843,3868,1024518,2314,65550,7266,702145,8991,839763,12555,1541908,California
San Diego,2021-04-12,30854,2156765,12863,1048706,13660,1038178,4331,69881,17186,713651,13653,853416,25159,1567067,California
San Diego,2021-04-13,37217,2193982,17790,1066496,19391,1057569,36,69917,24789,728882,12407,865823,27638,1594705,California
San Diego,2021-04-14,33090,2227072,18929,1085425,14148,1071717,13,69930,17916,735978,15160,880983,22256,1616961,California
San Diego,2021-04-15,39565,2266637,20376,1105801,19185,1090902,4,69934,24137,747529,15409,896392,26960,1643921,California
San Diego,2021-04-16,33850,2300487,18590,1124391,15257,1106159,3,69937,19647,755399,14142,910534,22012,1665933,California
San Diego,2021-04-17,27897,2328384,13543,1137934,14354,1120513,0,69937,12386,755392,15417,925951,15410,1681343,California
San Diego,2021-04-18,14502,2342886,8915,1146849,5584,1126097,3,69940,6784,757407,7705,933656,9720,1691063,California
San Diego,2021-04-19,26599,2369485,13570,1160419,13028,1139125,1,69941,12524,757620,14056,947712,14269,1705332,California
San Diego,2021-04-20,39057,2408542,17780,1178199,21276,1160401,1,69942,19970,761467,19067,966779,22914,1728246,California
San Diego,2021-04-21,35046,2443588,20933,1199132,14113,1174514,0,69942,16991,763417,18020,984799,19970,1748216,California
San Diego,2021-04-22,44668,2488256,22946,1222078,21718,1196232,4,69946,22438,766665,22187,1006986,25435,1773651,California
San Diego,2021-04-23,42247,2530503,26024,1248102,16221,1212453,2,69948,15788,759156,26429,1033415,18920,1792571,California
San Diego,2021-04-24,34978,2565481,18870,1266972,16093,1228546,15,69963,15667,758689,19278,1052693,18811,1811382,California
San Diego,2021-04-25,12648,2578129,7708,1274680,4940,1233486,0,69963,5938,759265,6702,1059395,7278,1818660,California
San Diego,2021-04-26,31130,2609259,15530,1290210,15469,1248955,131,70094,10696,753923,20422,1079817,15080,1833740,California
San Diego,2021-04-27,42639,2651898,23522,1313732,18697,1267652,420,70514,18825,752309,23782,1103599,22168,1855908,California
San Diego,2021-04-28,38339,2690237,22631,1336363,15034,1282686,674,71188,17387,751659,20919,1124518,20269,1876177,California
San Diego,2021-04-29,38117,2728354,24280,1360643,13183,1295869,654,71842,15427,746771,22655,1147173,17767,1893944,California
San Diego,2021-04-30,38122,2766476,23143,1383786,13964,1309833,1015,72857,14969,741434,23116,1170289,17779,1911723,California
San Diego,2021-05-01,24349,2790825,10735,1394521,12969,1322802,645,73502,9585,739032,14755,1185044,12353,1924076,California
San Diego,2021-05-02,10733,2801558,7541,1402062,2605,1325407,587,74089,3300,735814,7428,1192472,4210,1928286,California
San Diego,2021-05-03,25348,2826906,12489,1414551,11701,1337108,1158,75247,9372,731179,15952,1208424,11317,1939603,California
San Diego,2021-05-04,31972,2858878,17645,1432196,12998,1350106,1329,76576,11568,724790,20375,1228799,13986,1953589,California
San Diego,2021-05-05,27743,2886621,17043,1449239,9411,1359517,1289,77865,10620,720537,17103,1245902,12850,1966439,California
San Diego,2021-05-06,28465,2915086,18842,1468081,8709,1368226,914,78779,10862,717205,17574,1263476,14242,1980681,California
San Diego,2021-05-07,29656,2944742,19546,1487627,9060,1377286,1050,79829,11070,711967,18547,1282023,13309,1993990,California
San Diego,2021-05-08,22664,2967406,10774,1498401,11177,1388463,713,80542,7306,706042,15335,1297358,9410,2003400,California
San Diego,2021-05-09,7495,2974901,5679,1504080,1407,1389870,409,80951,2617,704607,4872,1302230,3437,2006837,California
San Diego,2021-05-10,21677,2996578,8457,1512537,12406,1402276,814,81765,5969,696951,15677,1317907,8021,2014858,California
San Diego,2021-05-11,27705,3024283,11254,1523791,15675,1417951,776,82541,9671,690976,18010,1335917,12035,2026893,California
San Diego,2021-05-12,21962,3046245,11696,1535487,9475,1427426,791,83332,8040,686909,13897,1349814,9830,2036723,California
San Diego,2021-05-13,29647,3075892,17696,1553183,11340,1438766,611,83943,12310,685001,17283,1367097,15375,2052098,California
San Diego,2021-05-14,30741,3106633,19697,1572880,10197,1448963,847,84790,14028,685248,16677,1383774,16924,2069022,California
San Diego,2021-05-15,26164,3132797,16498,1589378,8844,1457807,822,85612,10935,682740,15178,1398952,12670,2081692,California
San Diego,2021-05-16,12985,3145782,9711,1599089,2698,1460505,576,86188,6495,683695,6479,1405431,7434,2089126,California
San Diego,2021-05-17,21463,3167245,13034,1612123,7671,1468176,758,86946,9449,682774,11977,1417408,11056,2100182,California
San Diego,2021-05-18,34242,3201487,19396,1631519,13970,1482146,876,87822,13928,678716,20279,1437687,16221,2116403,California
San Diego,2021-05-19,28508,3229995,17938,1649457,9762,1491908,808,88630,12359,676846,16120,1453807,14250,2130653,California
San Diego,2021-05-20,30566,3260561,16340,1665797,13460,1505368,766,89396,10315,668969,20219,1474026,12342,2142995,California
San Diego,2021-05-21,22838,3283399,14370,1680167,7533,1512901,935,90331,9440,666948,13369,1487395,11348,2154343,California
San Diego,2021-05-22,17436,3300835,9657,1689824,6685,1519586,1094,91425,7443,666379,9976,1497371,9407,2163750,California
San Diego,2021-05-23,4826,3305661,3601,1693425,941,1520527,284,91709,2590,667254,2215,1499586,3090,2166840,California
San Diego,2021-05-24,17637,3323298,8989,1702414,6759,1527286,1889,93598,6528,665414,11092,1510678,9252,2176092,California
San Diego,2021-05-25,24197,3347495,13232,1715646,9136,1536422,1829,95427,8752,661718,15413,1526091,11717,2187809,California
San Diego,2021-05-26,19157,3366652,10645,1726291,6503,1542925,2009,97436,6743,658902,12381,1538472,9565,2197374,California
San Diego,2021-05-27,20414,3387066,12002,1738293,6032,1548957,2380,99816,7006,655933,13392,1551864,10423,2207797,California
San Diego,2021-05-28,20934,3408000,13202,1751495,7026,1555983,706,100522,8384,653566,12532,1564396,10165,2217962,California
San Diego,2021-05-29,11584,3419584,7338,1758833,3771,1559754,475,100997,4981,652931,6587,1570983,5952,2223914,California
San Diego,2021-05-30,2087,3421671,1401,1760234,476,1560230,210,101207,741,652639,1343,1572326,1051,2224965,California
San Francisco,2020-12-15,7,7,7,7,0,0,0,0,7,7,0,0,7,7,California
San Francisco,2020-12-16,230,237,230,237,0,0,0,0,230,237,0,0,230,237,California
San Francisco,2020-12-17,394,631,394,631,0,0,0,0,394,631,0,0,394,631,California
San Francisco,2020-12-18,879,1510,878,1509,1,1,0,0,879,1510,0,0,879,1510,California
San Francisco,2020-12-19,603,2113,603,2112,0,1,0,0,603,2113,0,0,603,2113,California
San Francisco,2020-12-20,484,2597,484,2596,0,1,0,0,484,2597,0,0,484,2597,California
San Francisco,2020-12-21,1163,3760,1163,3759,0,1,0,0,1163,3760,0,0,1163,3760,California
San Francisco,2020-12-22,1406,5166,1372,5131,34,35,0,0,1406,5166,0,0,1406,5166,California
San Francisco,2020-12-23,1355,6521,1059,6190,296,331,0,0,1355,6521,0,0,1355,6521,California
San Francisco,2020-12-24,844,7365,505,6695,339,670,0,0,844,7365,0,0,844,7365,California
San Francisco,2020-12-25,34,7399,29,6724,5,675,0,0,34,7399,0,0,34,7399,California
San Francisco,2020-12-26,247,7646,152,6876,95,770,0,0,247,7646,0,0,247,7646,California
San Francisco,2020-12-27,274,7920,60,6936,214,984,0,0,274,7920,0,0,274,7920,California
San Francisco,2020-12-28,1273,9193,689,7625,584,1568,0,0,1273,9193,0,0,1273,9193,California
San Francisco,2020-12-29,1253,10446,628,8253,625,2193,0,0,1253,10446,0,0,1253,10446,California
San Francisco,2020-12-30,1489,11935,780,9033,709,2902,0,0,1489,11935,0,0,1489,11935,California
San Francisco,2020-12-31,964,12899,410,9443,554,3456,0,0,963,12898,0,0,963,12898,California
San Francisco,2021-01-01,92,12991,72,9515,20,3476,0,0,92,12990,0,0,92,12990,California
San Francisco,2021-01-02,336,13327,303,9818,33,3509,0,0,336,13326,0,0,336,13326,California
San Francisco,2021-01-03,298,13625,105,9923,193,3702,0,0,297,13622,1,1,297,13623,California
San Francisco,2021-01-04,1839,15464,1355,11278,484,4186,0,0,1836,15455,3,4,1836,15459,California
San Francisco,2021-01-05,2236,17700,1420,12698,816,5002,0,0,2201,17623,35,39,2203,17662,California
San Francisco,2021-01-06,1872,19572,1160,13858,712,5714,0,0,1608,18970,262,301,1609,19271,California
San Francisco,2021-01-07,2067,21639,1207,15065,860,6574,0,0,1607,20120,457,758,1607,20878,California
San Francisco,2021-01-08,2335,23974,1638,16703,697,7271,0,0,1496,20782,834,1592,1496,22374,California
San Francisco,2021-01-09,1389,25363,894,17597,495,7766,0,0,884,21163,505,2097,886,23260,California
San Francisco,2021-01-10,919,26282,541,18138,378,8144,0,0,460,21165,458,2555,460,23720,California
San Francisco,2021-01-11,2505,28787,1870,20008,635,8779,0,0,1403,21465,1103,3658,1403,25123,California
San Francisco,2021-01-12,3093,31880,2071,22079,1022,9801,0,0,1898,22170,1195,4853,1900,27023,California
San Francisco,2021-01-13,2833,34713,1618,23697,1215,11016,0,0,1999,23335,834,5687,1999,29022,California
San Francisco,2021-01-14,2445,37158,1103,24800,1342,12358,0,0,1884,24658,561,6248,1884,30906,California
San Francisco,2021-01-15,2749,39907,1148,25948,1601,13959,0,0,2358,26629,389,6637,2360,33266,California
San Francisco,2021-01-16,2258,42165,965,26913,1293,15252,0,0,2091,28554,167,6804,2092,35358,California
San Francisco,2021-01-17,1926,44091,533,27446,1393,16645,0,0,1710,30048,216,7020,1710,37068,California
San Francisco,2021-01-18,1380,45471,595,28041,785,17430,0,0,1114,30898,265,7285,1115,38183,California
San Francisco,2021-01-19,2582,48053,1476,29517,1106,18536,0,0,1831,31978,751,8036,1831,40014,California
San Francisco,2021-01-20,2762,50815,1129,30646,1633,20169,0,0,2008,33236,751,8787,2009,42023,California
San Francisco,2021-01-21,3322,54137,946,31592,2376,22545,0,0,2486,34888,834,9621,2486,44509,California
San Francisco,2021-01-22,3190,57327,644,32236,2546,25091,0,0,2748,37196,440,10061,2748,47257,California
San Francisco,2021-01-23,3093,60420,611,32847,2482,27573,0,0,2725,39555,367,10428,2726,49983,California
San Francisco,2021-01-24,2430,62850,364,33211,2066,29639,0,0,2199,41526,228,10656,2199,52182,California
San Francisco,2021-01-25,4638,67488,1833,35044,2805,32444,0,0,3050,42991,1586,12242,3051,55233,California
San Francisco,2021-01-26,4710,72198,2172,37216,2538,34982,0,0,3080,44446,1627,13869,3082,58315,California
San Francisco,2021-01-27,4359,76557,2001,39217,2358,37340,0,0,3073,46235,1284,15153,3073,61388,California
San Francisco,2021-01-28,3759,80316,1554,40771,2205,39545,0,0,2598,47677,1156,16309,2598,63986,California
San Francisco,2021-01-29,4723,85039,1682,42453,3041,42586,0,0,3450,49861,1266,17575,3450,67436,California
San Francisco,2021-01-30,3784,88823,1846,44299,1938,44524,0,0,3329,52740,454,18029,3333,70769,California
San Francisco,2021-01-31,2352,91175,825,45124,1527,46051,0,0,2201,54792,150,18179,2202,72971,California
San Francisco,2021-02-01,3975,95150,1700,46824,2275,48326,0,0,2904,56626,1071,19250,2905,75876,California
San Francisco,2021-02-02,4487,99637,1795,48619,2692,51018,0,0,2892,57929,1589,20839,2892,78768,California
San Francisco,2021-02-03,5070,104707,2377,50996,2693,53711,0,0,3754,60371,1313,22152,3755,82523,California
San Francisco,2021-02-04,5025,109732,2427,53423,2598,56309,0,0,3863,63074,1160,23312,3863,86386,California
San Francisco,2021-02-05,5960,115692,3215,56638,2745,59054,0,0,4617,66351,1341,24653,4618,91004,California
San Francisco,2021-02-06,5491,121183,3670,60308,1821,60875,0,0,4591,70046,898,25551,4593,95597,California
San Francisco,2021-02-07,4344,125527,3195,63503,1149,62024,0,0,3767,73242,574,26125,3770,99367,California
San Francisco,2021-02-08,6736,132263,4642,68145,2094,64118,0,0,5514,77552,1206,27331,5516,104883,California
San Francisco,2021-02-09,5939,138202,3995,72140,1944,66062,0,0,4387,80379,1561,28892,4388,109271,California
San Francisco,2021-02-10,6886,145088,4191,76331,2695,68757,0,0,5079,83659,1802,30694,5082,114353,California
San Francisco,2021-02-11,6722,151810,3987,80318,2735,71492,0,0,4900,86743,1817,32511,4901,119254,California
San Francisco,2021-02-12,5333,157143,2674,82992,2659,74151,0,0,3496,88400,1839,34350,3496,122750,California
San Francisco,2021-02-13,4384,161527,2563,85555,1821,75972,0,0,3048,90114,1336,35686,3050,125800,California
San Francisco,2021-02-14,3428,164955,2249,87804,1179,77151,0,0,2299,91287,1128,36814,2301,128101,California
San Francisco,2021-02-15,2775,167730,1507,89311,1268,78419,0,0,1681,91876,1092,37906,1681,129782,California
San Francisco,2021-02-16,5066,172796,2791,92102,2275,80694,0,0,2973,92769,2086,39992,2979,132761,California
San Francisco,2021-02-17,5342,178138,2615,94717,2727,83421,0,0,2956,93350,2376,42368,2957,135718,California
San Francisco,2021-02-18,5369,183507,2626,97343,2743,86164,0,0,2787,93559,2581,44949,2790,138508,California
San Francisco,2021-02-19,5644,189151,2648,99991,2996,89160,0,0,2930,93783,2708,47657,2932,141440,California
San Francisco,2021-02-20,4527,193678,2180,102171,2347,91507,0,0,1698,92662,2820,50477,1699,143139,California
San Francisco,2021-02-21,2889,196567,1518,103689,1371,92878,0,0,1280,92342,1601,52078,1281,144420,California
San Francisco,2021-02-22,5122,201689,3191,106880,1931,94809,0,0,2578,92386,2536,54614,2580,147000,California
San Francisco,2021-02-23,5537,207226,3158,110038,2379,97188,0,0,2837,92529,2694,57308,2837,149837,California
San Francisco,2021-02-24,9033,216259,5120,115158,3913,101101,0,0,4830,93167,4193,61501,4831,154668,California
San Francisco,2021-02-25,9798,226057,6883,122041,2915,104016,0,0,6334,96042,3461,64962,6336,161004,California
San Francisco,2021-02-26,11983,238040,7780,129821,4203,108219,0,0,7100,98260,4883,69845,7101,168105,California
San Francisco,2021-02-27,9256,247296,6000,135821,3255,111474,1,1,4648,98315,4595,74440,4650,172755,California
San Francisco,2021-02-28,7770,255066,5583,141404,2187,113661,0,1,3860,98267,3909,78349,3861,176616,California
San Francisco,2021-03-01,11026,266092,7495,148899,3527,117188,4,5,5326,97924,5675,84024,5332,181948,California
San Francisco,2021-03-02,9966,276058,6728,155627,3238,120426,0,5,5648,99265,4308,88332,5649,187597,California
San Francisco,2021-03-03,11275,287333,6552,162179,4722,125148,1,6,6153,100313,5109,93441,6157,193754,California
San Francisco,2021-03-04,8756,296089,5509,167688,3247,128395,0,6,4936,101437,3812,97253,4936,198690,California
San Francisco,2021-03-05,9217,305306,5655,173343,3558,131953,4,10,5777,103791,3428,100681,5782,204472,California
San Francisco,2021-03-06,7118,312424,4658,178001,2251,134204,209,219,4442,105749,2690,103371,4648,209120,California
San Francisco,2021-03-07,5391,317815,4218,182219,1115,135319,58,277,3105,106613,2299,105670,3163,212283,California
San Francisco,2021-03-08,7471,325286,5473,187692,1812,137131,186,463,5896,111088,1607,107277,6082,218365,California
San Francisco,2021-03-09,8328,333614,5537,193229,2416,139547,375,838,6099,115322,2235,109512,6469,224834,California
San Francisco,2021-03-10,11146,344760,6606,199835,4040,143587,500,1338,7040,118780,4084,113596,7542,232376,California
San Francisco,2021-03-11,10088,354848,6387,206222,2736,146323,965,2303,6626,122920,3444,117040,7584,239960,California
San Francisco,2021-03-12,10870,365718,6355,212577,3173,149496,1342,3645,6053,125516,4795,121835,7391,247351,California
San Francisco,2021-03-13,6707,372425,3942,216519,1704,151200,1061,4706,4173,128225,2525,124360,5234,252585,California
San Francisco,2021-03-14,7579,380004,4929,221448,2406,153606,244,4950,3986,128875,3578,127938,4228,256813,California
San Francisco,2021-03-15,12090,392094,9250,230698,1895,155501,945,5895,8387,134506,3689,131627,9320,266133,California
San Francisco,2021-03-16,12224,404318,8337,239035,3427,158928,460,6355,8838,140440,3363,134990,9297,275430,California
San Francisco,2021-03-17,13353,417671,8286,247321,4504,163432,563,6918,9620,146915,3704,138694,10179,285609,California
San Francisco,2021-03-18,10090,427761,6864,254185,2603,166035,623,7541,5753,148972,4313,143007,6370,291979,California
San Francisco,2021-03-19,12410,440171,9074,263259,2868,168903,468,8009,6575,150203,5807,148814,7038,299017,California
San Francisco,2021-03-20,8891,449062,6545,269804,1880,170783,466,8475,5174,152159,3686,152500,5642,304659,California
San Francisco,2021-03-21,6615,455677,6058,275862,420,171203,137,8612,3735,153168,2862,155362,3871,308530,California
San Francisco,2021-03-22,9857,465534,6937,282799,2074,173277,846,9458,5113,154401,4719,160081,5952,314482,California
San Francisco,2021-03-23,11275,476809,7480,290279,3145,176422,650,10108,6315,156433,4930,165011,6962,321444,California
San Francisco,2021-03-24,12392,489201,9496,299775,2360,178782,536,10644,6279,157172,6070,171081,6809,328253,California
San Francisco,2021-03-25,11927,501128,8744,308519,2620,181402,563,11207,5891,157655,5967,177048,6450,334703,California
San Francisco,2021-03-26,12022,513150,8340,316859,3448,184850,234,11441,5896,157691,6092,183140,6128,340831,California
San Francisco,2021-03-27,8787,521937,5894,322753,2544,187394,349,11790,3762,156797,5004,188144,4110,344941,California
San Francisco,2021-03-28,6687,528624,5343,328096,1302,188696,42,11832,3003,156180,3659,191803,3042,347983,California
San Francisco,2021-03-29,11512,540136,7996,336092,3329,192025,187,12019,4859,154599,6625,198428,5044,353027,California
San Francisco,2021-03-30,11666,551802,7326,343418,4047,196072,293,12312,5525,154300,6116,204544,5817,358844,California
San Francisco,2021-03-31,12286,564088,8183,351601,3803,199875,300,12612,4957,152257,7294,211838,5251,364095,California
San Francisco,2021-04-01,13991,578079,7436,359037,4853,204728,1702,14314,6027,152046,7927,219765,7716,371811,California
San Francisco,2021-04-02,14865,592944,6564,365601,6415,211143,1886,16200,6958,152999,7884,227649,8837,380648,California
San Francisco,2021-04-03,10591,603535,4910,370511,3857,215000,1824,18024,4862,153967,5713,233362,6681,387329,California
San Francisco,2021-04-04,9045,612580,4792,375303,2595,217595,1658,19682,3572,153734,5459,238821,5226,392555,California
San Francisco,2021-04-05,16036,628616,9822,385125,4328,221923,1886,21568,6314,152236,9693,248514,8195,400750,California
San Francisco,2021-04-06,16062,644678,9511,394636,4484,226407,2067,23635,6235,150733,9801,258315,8298,409048,California
San Francisco,2021-04-07,16850,661528,10026,404662,4592,230999,2232,25867,6992,150115,9834,268149,9216,418264,California
San Francisco,2021-04-08,14187,675715,6748,411410,3022,234021,4417,30284,4624,149605,9530,277679,9020,427284,California
San Francisco,2021-04-09,15808,691523,7644,419054,4811,238832,3353,33637,6578,150326,9198,286877,9919,437203,California
San Francisco,2021-04-10,13301,704824,5690,424744,5867,244699,1744,35381,7096,152979,6179,293056,8832,446035,California
San Francisco,2021-04-11,9984,714808,7477,432221,1333,246032,1174,36555,5145,154468,4826,297882,6315,452350,California
San Francisco,2021-04-12,10591,725399,6877,439098,2565,248597,1149,37704,4843,154729,5726,303608,5987,458337,California
San Francisco,2021-04-13,10742,736141,7286,446384,3443,252040,13,37717,5392,154810,5328,308936,5409,463746,California
San Francisco,2021-04-14,13269,749410,7990,454374,5278,257318,1,37718,6378,154334,6855,315791,6379,470125,California
San Francisco,2021-04-15,13709,763119,9507,463881,4201,261519,1,37719,8052,156764,5626,321417,8056,478181,California
San Francisco,2021-04-16,12911,776030,8689,472570,4178,265697,44,37763,7621,159173,5260,326677,7669,485850,California
San Francisco,2021-04-17,10055,786085,7299,479869,2755,268452,1,37764,7088,163316,2950,329627,7093,492943,California
San Francisco,2021-04-18,6605,792690,5044,484913,1559,270011,2,37766,4086,164904,2502,332129,4090,497033,California
San Francisco,2021-04-19,10866,803556,8168,493081,2694,272705,4,37770,6987,168043,3862,335991,7001,504034,California
San Francisco,2021-04-20,12330,815886,7211,500292,5117,277822,2,37772,8503,172749,3800,339791,8506,512540,California
San Francisco,2021-04-21,10554,826440,7540,507832,3009,280831,5,37777,6430,175091,4097,343888,6439,518979,California
San Francisco,2021-04-22,10434,836874,7719,515551,2714,283545,1,37778,6021,176729,4390,348278,6028,525007,California
San Francisco,2021-04-23,10325,847199,5921,521472,4404,287949,0,37778,6133,178706,4163,352441,6140,531147,California
San Francisco,2021-04-24,7944,855143,5466,526938,2478,290427,0,37778,4705,180201,3218,355659,4713,535860,California
San Francisco,2021-04-25,5026,860169,4326,531264,694,291121,6,37784,2937,181073,2074,357733,2946,538806,California
San Francisco,2021-04-26,7939,868108,5622,536886,2305,293426,12,37796,3910,181003,4004,361737,3934,542740,California
San Francisco,2021-04-27,8441,876549,5701,542587,2612,296038,128,37924,4200,181124,4217,365954,4338,547078,California
San Francisco,2021-04-28,9247,885796,6521,549108,2535,298573,191,38115,4754,181612,4461,370415,4949,552027,California
San Francisco,2021-04-29,9106,894902,5385,554493,3528,302101,193,38308,4370,181477,4710,375125,4575,556602,California
San Francisco,2021-04-30,10865,905767,5181,559674,5484,307585,200,38508,3976,178807,6851,381976,4181,560783,California
San Francisco,2021-05-01,6933,912700,3584,563258,3235,310820,114,38622,1704,175423,5204,387180,1820,562603,California
San Francisco,2021-05-02,5318,918018,3087,566345,2133,312953,98,38720,973,172159,4338,391518,1074,563677,California
San Francisco,2021-05-03,9660,927678,6579,572924,2920,315873,161,38881,2462,167621,7168,398686,2630,566307,California
San Francisco,2021-05-04,9343,937021,5980,578904,3114,318987,249,39130,2290,163143,7022,405708,2544,568851,California
San Francisco,2021-05-05,8759,945780,6120,585024,2330,321317,309,39439,2147,159034,6569,412277,2460,571311,California
San Francisco,2021-05-06,10710,956490,8563,593587,1677,322994,470,39909,1857,152542,8820,421097,2328,573639,California
San Francisco,2021-05-07,10090,966580,6457,600044,3364,326358,269,40178,1639,146025,8425,429522,1908,575547,California
San Francisco,2021-05-08,8356,974936,3545,603589,4681,331039,130,40308,984,139799,7341,436863,1115,576662,California
San Francisco,2021-05-09,6687,981623,5828,609417,777,331816,82,40390,1220,135652,5443,442306,1296,577958,California
San Francisco,2021-05-10,6969,988592,4930,614347,1789,333605,250,40640,1043,131045,5899,448205,1292,579250,California
San Francisco,2021-05-11,7136,995728,5112,619459,1821,335426,203,40843,1378,126902,5725,453930,1582,580832,California
San Francisco,2021-05-12,7417,1003145,5329,624788,1654,337080,434,41277,1503,122947,5884,459814,1929,582761,California
San Francisco,2021-05-13,10361,1013506,7544,632332,2604,339684,213,41490,3832,120497,6502,466316,4052,586813,California
San Francisco,2021-05-14,9267,1022773,6569,638901,2528,342212,170,41660,2998,117435,6240,472556,3178,589991,California
San Francisco,2021-05-15,7782,1030555,6248,645149,1477,343689,57,41717,3001,115741,4764,477320,3070,593061,California
San Francisco,2021-05-16,4955,1035510,4174,649323,723,344412,58,41775,1841,114546,3094,480414,1899,594960,California
San Francisco,2021-05-17,7230,1042740,5385,654708,1679,346091,166,41941,2551,112607,4659,485073,2720,597680,California
San Francisco,2021-05-18,8642,1051382,4968,659676,3500,349591,174,42115,2034,108251,6565,491638,2209,599889,California
San Francisco,2021-05-19,7436,1058818,5524,665200,1680,351271,232,42347,2472,106017,4937,496575,2703,602592,California
San Francisco,2021-05-20,5328,1064146,3623,668823,1510,352781,195,42542,1546,104005,3750,500325,1738,604330,California
San Francisco,2021-05-21,6640,1070786,3758,672581,2733,355514,149,42691,1738,101029,4860,505185,1884,606214,California
San Francisco,2021-05-22,4343,1075129,3371,675952,924,356438,48,42739,2104,100960,2222,507407,2153,608367,California
San Francisco,2021-05-23,1540,1076669,1253,677205,255,356693,32,42771,785,101034,745,508152,819,609186,California
San Francisco,2021-05-24,4067,1080736,2871,680076,1029,357722,167,42938,1263,99684,2780,510932,1430,610616,California
San Francisco,2021-05-25,3731,1084467,2415,682491,1086,358808,230,43168,1162,98521,2550,513482,1387,612003,California
San Francisco,2021-05-26,3967,1088434,2577,685068,1239,360047,151,43319,1267,97264,2675,516157,1418,613421,California
San Francisco,2021-05-27,3717,1092151,2167,687235,1367,361414,183,43502,1429,96594,2280,518437,1610,615031,California
San Francisco,2021-05-28,3750,1095901,2152,689387,1439,362853,159,43661,1413,95852,2313,520750,1571,616602,California
San Francisco,2021-05-29,2010,1097911,1459,690846,469,363322,82,43743,894,95725,1098,521848,971,617573,California
San Francisco,2021-05-30,316,1098227,230,691076,79,363401,7,43750,126,95672,186,522034,133,617706,California
San Joaquin,2020-12-15,12,12,12,12,0,0,0,0,12,12,0,0,12,12,California
San Joaquin,2020-12-16,309,321,309,321,0,0,0,0,309,321,0,0,309,321,California
San Joaquin,2020-12-17,312,633,312,633,0,0,0,0,312,633,0,0,312,633,California
San Joaquin,2020-12-18,523,1156,519,1152,4,4,0,0,523,1156,0,0,523,1156,California
San Joaquin,2020-12-19,188,1344,188,1340,0,4,0,0,188,1344,0,0,188,1344,California
San Joaquin,2020-12-20,114,1458,113,1453,1,5,0,0,114,1458,0,0,114,1458,California
San Joaquin,2020-12-21,492,1950,492,1945,0,5,0,0,492,1950,0,0,492,1950,California
San Joaquin,2020-12-22,970,2920,850,2795,120,125,0,0,969,2919,0,0,969,2919,California
San Joaquin,2020-12-23,985,3905,926,3721,59,184,0,0,983,3902,2,2,985,3904,California
San Joaquin,2020-12-24,215,4120,187,3908,28,212,0,0,214,4116,1,3,215,4119,California
San Joaquin,2020-12-25,14,4134,14,3922,0,212,0,0,14,4130,0,3,14,4133,California
San Joaquin,2020-12-26,102,4236,30,3952,72,284,0,0,102,4232,0,3,102,4235,California
San Joaquin,2020-12-27,42,4278,29,3981,13,297,0,0,42,4274,0,3,42,4277,California
San Joaquin,2020-12-28,624,4902,421,4402,203,500,0,0,624,4898,0,3,624,4901,California
San Joaquin,2020-12-29,792,5694,665,5067,127,627,0,0,792,5690,0,3,792,5693,California
San Joaquin,2020-12-30,1009,6703,717,5784,292,919,0,0,1007,6697,2,5,1009,6702,California
San Joaquin,2020-12-31,453,7156,202,5986,251,1170,0,0,453,7150,1,6,454,7156,California
San Joaquin,2021-01-01,23,7179,13,5999,10,1180,0,0,23,7173,0,6,23,7179,California
San Joaquin,2021-01-02,265,7444,243,6242,22,1202,0,0,265,7438,0,6,265,7444,California
San Joaquin,2021-01-03,38,7482,20,6262,18,1220,0,0,37,7474,1,7,37,7481,California
San Joaquin,2021-01-04,477,7959,338,6600,139,1359,0,0,475,7948,1,8,475,7956,California
San Joaquin,2021-01-05,980,8939,647,7247,333,1692,0,0,810,8625,170,178,847,8803,California
San Joaquin,2021-01-06,1221,10160,708,7955,513,2205,0,0,917,9246,299,477,920,9723,California
San Joaquin,2021-01-07,1080,11240,683,8638,397,2602,0,0,790,9750,287,764,791,10514,California
San Joaquin,2021-01-08,1198,12438,820,9458,378,2980,0,0,713,9983,484,1248,717,11231,California
San Joaquin,2021-01-09,379,12817,300,9758,79,3059,0,0,249,10103,130,1378,250,11481,California
San Joaquin,2021-01-10,224,13041,118,9876,106,3165,0,0,171,10222,52,1430,171,11652,California
San Joaquin,2021-01-11,1529,14570,1322,11198,207,3372,0,0,863,10487,665,2095,930,12582,California
San Joaquin,2021-01-12,1465,16035,1053,12251,412,3784,0,0,696,10488,765,2860,766,13348,California
San Joaquin,2021-01-13,1529,17564,896,13147,633,4417,0,0,956,10878,571,3431,961,14309,California
San Joaquin,2021-01-14,1748,19312,971,14118,777,5194,0,0,1406,11979,321,3752,1422,15731,California
San Joaquin,2021-01-15,1528,20840,540,14658,988,6182,0,0,1303,13089,210,3962,1320,17051,California
San Joaquin,2021-01-16,1128,21968,179,14837,949,7131,0,0,1099,14160,28,3990,1099,18150,California
San Joaquin,2021-01-17,1619,23587,135,14972,1484,8615,0,0,1578,15699,41,4031,1580,19730,California
San Joaquin,2021-01-18,740,24327,238,15210,502,9117,0,0,619,16201,117,4148,619,20349,California
San Joaquin,2021-01-19,1872,26199,898,16108,974,10091,0,0,1190,16722,677,4825,1198,21547,California
San Joaquin,2021-01-20,2087,28286,1284,17392,803,10894,0,0,1439,17526,641,5466,1445,22992,California
San Joaquin,2021-01-21,1973,30259,894,18286,1079,11973,0,0,1577,18722,389,5855,1585,24577,California
San Joaquin,2021-01-22,1954,32213,896,19182,1058,13031,0,0,1812,20399,137,5992,1814,26391,California
San Joaquin,2021-01-23,899,33112,398,19580,501,13532,0,0,615,20733,283,6275,617,27008,California
San Joaquin,2021-01-24,351,33463,135,19715,216,13748,0,0,328,21041,20,6295,328,27336,California
San Joaquin,2021-01-25,1998,35461,1144,20859,854,14602,0,0,1433,21914,562,6857,1435,28771,California
San Joaquin,2021-01-26,2151,37612,1116,21975,1035,15637,0,0,1538,22850,607,7464,1543,30314,California
San Joaquin,2021-01-27,1730,39342,768,22743,962,16599,0,0,1234,23599,492,7956,1241,31555,California
San Joaquin,2021-01-28,2039,41381,767,23510,1272,17871,0,0,1385,24341,650,8606,1392,32947,California
San Joaquin,2021-01-29,2152,43533,1047,24557,1105,18976,0,0,1805,25813,341,8947,1813,34760,California
San Joaquin,2021-01-30,2170,45703,352,24909,1818,20794,0,0,1992,27630,177,9124,1994,36754,California
San Joaquin,2021-01-31,1559,47262,181,25090,1378,22172,0,0,1494,29061,64,9188,1495,38249,California
San Joaquin,2021-02-01,2524,49786,1339,26429,1185,23357,0,0,1767,30074,757,9945,1770,40019,California
San Joaquin,2021-02-02,2580,52366,1154,27583,1426,24783,0,0,1970,31498,550,10495,1974,41993,California
San Joaquin,2021-02-03,3074,55440,1213,28796,1861,26644,0,0,2209,32855,858,11353,2215,44208,California
San Joaquin,2021-02-04,3537,58977,1812,30608,1725,28369,0,0,2645,34619,887,12240,2651,46859,California
San Joaquin,2021-02-05,3164,62141,1802,32410,1362,29731,0,0,2342,36160,813,13053,2354,49213,California
San Joaquin,2021-02-06,1085,63226,746,33156,339,30070,0,0,942,36962,141,13194,943,50156,California
San Joaquin,2021-02-07,618,63844,489,33645,129,30199,0,0,414,37178,199,13393,415,50571,California
San Joaquin,2021-02-08,1784,65628,1034,34679,750,30949,0,0,1444,38311,317,13710,1450,52021,California
San Joaquin,2021-02-09,2121,67749,1153,35832,968,31917,0,0,1580,39423,471,14181,1583,53604,California
San Joaquin,2021-02-10,2557,70306,1246,37078,1311,33228,0,0,1339,39567,1196,15377,1340,54944,California
San Joaquin,2021-02-11,2910,73216,1482,38560,1428,34656,0,0,1697,40089,1181,16558,1703,56647,California
San Joaquin,2021-02-12,2816,76032,1127,39687,1689,36345,0,0,1594,40487,1201,17759,1599,58246,California
San Joaquin,2021-02-13,2117,78149,396,40083,1721,38066,0,0,855,40100,1248,19007,861,59107,California
San Joaquin,2021-02-14,1902,80051,260,40343,1642,39708,0,0,690,39608,1183,20190,691,59798,California
San Joaquin,2021-02-15,1989,82040,837,41180,1152,40860,0,0,1196,40045,763,20953,1200,60998,California
San Joaquin,2021-02-16,3157,85197,1372,42552,1785,42645,0,0,1745,40404,1397,22350,1756,62754,California
San Joaquin,2021-02-17,3276,88473,1265,43817,2011,44656,0,0,1866,40877,1397,23747,1870,64624,California
San Joaquin,2021-02-18,3335,91808,1370,45187,1965,46621,0,0,1897,41374,1405,25152,1902,66526,California
San Joaquin,2021-02-19,4263,96071,2407,47594,1856,48477,0,0,2386,41938,1822,26974,2386,68912,California
San Joaquin,2021-02-20,1550,97621,658,48252,892,49369,0,0,1055,42499,494,27468,1055,69967,California
San Joaquin,2021-02-21,664,98285,504,48756,160,49529,0,0,416,42673,245,27713,419,70386,California
San Joaquin,2021-02-22,3535,101820,2494,51250,1041,50570,0,0,2527,44225,979,28692,2531,72917,California
San Joaquin,2021-02-23,4302,106122,2617,53867,1685,52255,0,0,2648,45252,1626,30318,2653,75570,California
San Joaquin,2021-02-24,5745,111867,3413,57280,2332,54587,0,0,4126,47789,1594,31912,4131,79701,California
San Joaquin,2021-02-25,6330,118197,3912,61192,2418,57005,0,0,4084,49673,2210,34122,4094,83795,California
San Joaquin,2021-02-26,5475,123672,2848,64040,2627,59632,0,0,3768,51772,1675,35797,3774,87569,California
San Joaquin,2021-02-27,5459,129131,1620,65660,3839,63471,0,0,2629,51638,2775,38572,2641,90210,California
San Joaquin,2021-02-28,3082,132213,1106,66766,1976,65447,0,0,2035,52653,1022,39594,2037,92247,California
San Joaquin,2021-03-01,4106,136319,1804,68570,2300,67747,2,2,2328,53229,1761,41355,2337,94584,California
San Joaquin,2021-03-02,4205,140524,1680,70250,2525,70272,0,2,2642,54385,1541,42896,2697,97281,California
San Joaquin,2021-03-03,5780,146304,3433,73683,2345,72617,2,4,4169,56968,1587,44483,4170,101451,California
San Joaquin,2021-03-04,5712,152016,2267,75950,3442,76059,3,7,3734,58743,1963,46446,3738,105189,California
San Joaquin,2021-03-05,4451,156467,1896,77846,2550,78609,5,12,3069,60455,1366,47812,3078,108267,California
San Joaquin,2021-03-06,3301,159768,2173,80019,998,79607,130,142,2718,62727,579,48391,2851,111118,California
San Joaquin,2021-03-07,1221,160989,563,80582,610,80217,48,190,936,63429,267,48658,969,112087,California
San Joaquin,2021-03-08,3146,164135,1262,81844,1759,81976,125,315,2132,64683,1002,49660,2256,114343,California
San Joaquin,2021-03-09,4020,168155,1821,83665,2071,84047,128,443,2667,66144,1339,50999,2800,117143,California
San Joaquin,2021-03-10,4640,172795,2465,86130,2036,86083,139,582,3414,68487,1211,52210,3554,120697,California
San Joaquin,2021-03-11,4938,177733,2343,88473,1992,88075,603,1185,2936,70037,1992,54202,3542,124239,California
San Joaquin,2021-03-12,6279,184012,3134,91607,2810,90885,335,1520,4157,72440,2096,56298,4499,128738,California
San Joaquin,2021-03-13,3068,187080,1455,93062,1487,92372,126,1646,2289,74092,771,57069,2423,131161,California
San Joaquin,2021-03-14,2161,189241,671,93733,1187,93559,303,1949,1028,74302,1126,58195,1336,132497,California
San Joaquin,2021-03-15,6071,195312,3495,97228,2171,95730,405,2354,3176,75034,2862,61057,3594,136091,California
San Joaquin,2021-03-16,6850,202162,3897,101125,2695,98425,258,2612,4035,76539,2794,63851,4299,140390,California
San Joaquin,2021-03-17,7803,209965,4675,105800,3058,101483,70,2682,4338,77529,3427,67278,4417,144807,California
San Joaquin,2021-03-18,7635,217600,4491,110291,2639,104122,505,3187,3773,77996,3819,71097,4286,149093,California
San Joaquin,2021-03-19,7933,225533,4650,114941,2741,106863,542,3729,4804,80283,3106,74203,5393,154486,California
San Joaquin,2021-03-20,3681,229214,2126,117067,1311,108174,244,3973,1830,80532,1836,76039,2085,156571,California
San Joaquin,2021-03-21,2107,231321,1494,118561,406,108580,207,4180,1184,81054,913,76952,1435,158006,California
San Joaquin,2021-03-22,3967,235288,2032,120593,1519,110099,416,4596,2343,82211,1608,78560,2765,160771,California
San Joaquin,2021-03-23,5379,240667,2642,123235,2570,112669,167,4763,3710,84445,1650,80210,3884,164655,California
San Joaquin,2021-03-24,6833,247500,4241,127476,2505,115174,87,4850,3018,83780,3778,83988,3113,167768,California
San Joaquin,2021-03-25,5557,253057,3301,130777,2214,117388,42,4892,3294,84882,2241,86229,3343,171111,California
San Joaquin,2021-03-26,6171,259228,2558,133335,3463,120851,150,5042,3232,85369,2914,89143,3401,174512,California
San Joaquin,2021-03-27,4662,263890,2624,135959,1966,122817,72,5114,1807,84427,2832,91975,1890,176402,California
San Joaquin,2021-03-28,2722,266612,1807,137766,890,123707,25,5139,1294,84417,1408,93383,1398,177800,California
San Joaquin,2021-03-29,4039,270651,2180,139946,1836,125543,23,5162,2018,84468,2005,95388,2056,179856,California
San Joaquin,2021-03-30,6218,276869,3163,143109,2963,128506,92,5254,3428,85245,2763,98151,3540,183396,California
San Joaquin,2021-03-31,6588,283457,4150,147259,2377,130883,61,5315,3339,85436,3232,101383,3423,186819,California
San Joaquin,2021-04-01,6408,289865,2972,150231,3349,134232,87,5402,2830,84855,3555,104938,2974,189793,California
San Joaquin,2021-04-02,6332,296197,2880,153111,2961,137193,491,5893,2531,84133,3776,108714,3054,192847,California
San Joaquin,2021-04-03,4138,300335,2330,155441,1483,138676,325,6218,1996,84338,2125,110839,2330,195177,California
San Joaquin,2021-04-04,2281,302616,1365,156806,714,139390,202,6420,1548,85380,725,111564,1767,196944,California
San Joaquin,2021-04-05,4760,307376,2828,159634,1700,141090,232,6652,2632,86138,2116,113680,2874,199818,California
San Joaquin,2021-04-06,7038,314414,4524,164158,2248,143338,266,6918,3329,86068,3681,117361,3611,203429,California
San Joaquin,2021-04-07,8324,322738,4524,168682,2213,145551,1587,8505,3493,86348,4815,122176,5095,208524,California
San Joaquin,2021-04-08,8739,331477,4700,173382,1936,147487,2103,10608,3306,86351,5406,127582,5409,213933,California
San Joaquin,2021-04-09,8858,340335,4272,177654,3028,150515,1558,12166,3208,85510,5627,133209,4786,218719,California
San Joaquin,2021-04-10,5211,345546,1626,179280,1678,152193,1907,14073,1759,85731,3441,136650,3662,222381,California
San Joaquin,2021-04-11,4074,349620,1546,180826,1362,153555,1166,15239,1767,86362,2297,138947,2928,225309,California
San Joaquin,2021-04-12,5968,355588,2378,183204,2054,155609,1536,16775,2332,86619,3616,142563,3873,229182,California
San Joaquin,2021-04-13,7456,363044,4296,187500,3153,158762,7,16782,4568,88337,2865,145428,4583,233765,California
San Joaquin,2021-04-14,7453,370497,3722,191222,3730,162492,1,16783,4464,89840,2971,148399,4474,238239,California
San Joaquin,2021-04-15,7799,378296,4599,195821,3200,165692,0,16783,4354,90789,3411,151810,4360,242599,California
San Joaquin,2021-04-16,7627,385923,4072,199893,3552,169244,3,16786,4571,92345,3029,154839,4585,247184,California
San Joaquin,2021-04-17,5149,391072,2782,202675,2365,171609,2,16788,3655,94534,1484,156323,3673,250857,California
San Joaquin,2021-04-18,2464,393536,1365,204040,1099,172708,0,16788,1307,94707,1142,157465,1315,252172,California
San Joaquin,2021-04-19,5175,398711,2798,206838,2377,175085,0,16788,2766,95099,2384,159849,2776,254948,California
San Joaquin,2021-04-20,6223,404934,3277,210115,2946,178031,0,16788,2951,94814,3246,163095,2961,257909,California
San Joaquin,2021-04-21,5645,410579,3129,213244,2516,180547,0,16788,2918,95059,2680,165775,2925,260834,California
San Joaquin,2021-04-22,5291,415870,3131,216375,2158,182705,2,16790,3067,95947,2198,167973,3086,263920,California
San Joaquin,2021-04-23,5903,421773,2837,219212,3065,185770,1,16791,3748,97565,2135,170108,3753,267673,California
San Joaquin,2021-04-24,5231,427004,3606,222818,1624,187394,1,16792,3411,99188,1796,171904,3419,271092,California
San Joaquin,2021-04-25,3044,430048,2561,225379,483,187877,0,16792,2013,100197,1011,172915,2020,273112,California
San Joaquin,2021-04-26,3919,433967,2593,227972,1322,189199,4,16796,2060,100419,1846,174761,2068,275180,California
San Joaquin,2021-04-27,4500,438467,2607,230579,1843,191042,50,16846,1897,99791,2581,177342,1953,277133,California
San Joaquin,2021-04-28,5526,443993,3329,233908,2122,193164,75,16921,2727,99833,2768,180110,2810,279943,California
San Joaquin,2021-04-29,4823,448816,2819,236727,1948,195112,56,16977,2442,99974,2363,182473,2504,282447,California
San Joaquin,2021-04-30,4946,453762,2409,239136,2470,197582,67,17044,2563,100245,2367,184840,2638,285085,California
San Joaquin,2021-05-01,3327,457089,1907,241043,1361,198943,59,17103,2119,101235,1201,186041,2191,287276,California
San Joaquin,2021-05-02,2290,459379,1593,242636,641,199584,56,17159,1170,101347,1116,187157,1228,288504,California
San Joaquin,2021-05-03,3309,462688,2242,244878,992,200576,75,17234,1396,100925,1900,189057,1478,289982,California
San Joaquin,2021-05-04,4834,467522,3292,248170,1386,201962,156,17390,1782,99841,3032,192089,1948,291930,California
San Joaquin,2021-05-05,4723,472245,3170,251340,1391,203353,162,17552,1947,99206,2751,194840,2116,294046,California
San Joaquin,2021-05-06,4619,476864,3085,254425,1406,204759,128,17680,2037,98816,2565,197405,2175,296221,California
San Joaquin,2021-05-07,5073,481937,2941,257366,1979,206738,153,17833,1888,97703,3162,200567,2049,298270,California
San Joaquin,2021-05-08,3260,485197,2097,259463,1062,207800,101,17934,1204,96974,2042,202609,1313,299583,California
San Joaquin,2021-05-09,1473,486670,836,260299,567,208367,70,18004,592,96763,878,203487,667,300250,California
San Joaquin,2021-05-10,2796,489466,1465,261764,1208,209575,123,18127,917,95944,1865,205352,1046,301296,California
San Joaquin,2021-05-11,4073,493539,2153,263917,1805,211380,115,18242,1300,94628,2758,208110,1442,302738,California
San Joaquin,2021-05-12,4086,497625,1891,265808,2081,213461,114,18356,1295,93273,2777,210887,1422,304160,California
San Joaquin,2021-05-13,4263,501888,2401,268209,1777,215238,85,18441,1577,92275,2672,213559,1674,305834,California
San Joaquin,2021-05-14,5715,507603,3399,271608,2208,217446,108,18549,2402,91506,3287,216846,2518,308352,California
San Joaquin,2021-05-15,5207,512810,3089,274697,2040,219486,78,18627,1628,89667,3548,220394,1709,310061,California
San Joaquin,2021-05-16,3535,516345,2762,277459,724,220210,49,18676,1432,89066,2090,222484,1489,311550,California
San Joaquin,2021-05-17,4106,520451,2454,279913,1555,221765,97,18773,1798,88681,2293,224777,1908,313458,California
San Joaquin,2021-05-18,3914,524365,2262,282175,1539,223304,113,18886,1894,88685,2003,226780,2007,315465,California
San Joaquin,2021-05-19,4700,529065,2719,284894,1849,225153,132,19018,2069,88295,2600,229380,2210,317675,California
San Joaquin,2021-05-20,3493,532558,2155,287049,1252,226405,86,19104,1605,88116,1870,231250,1691,319366,California
San Joaquin,2021-05-21,4309,536867,2538,289587,1667,228072,104,19208,1969,87885,2312,233562,2081,321447,California
San Joaquin,2021-05-22,3423,540290,2157,291744,1187,229259,79,19287,1616,87794,1794,235356,1703,323150,California
San Joaquin,2021-05-23,2083,542373,1804,293548,248,229507,31,19318,1295,88339,782,236138,1327,324477,California
San Joaquin,2021-05-24,2926,545299,1674,295222,1164,230671,88,19406,1395,88315,1514,237652,1490,325967,California
San Joaquin,2021-05-25,2993,548292,1892,297114,1002,231673,99,19505,1463,88369,1509,239161,1563,327530,California
San Joaquin,2021-05-26,3047,551339,1581,298695,1394,233067,72,19577,1255,87917,1784,240945,1332,328862,California
San Joaquin,2021-05-27,2873,554212,1466,300161,1331,234398,76,19653,1135,87413,1724,242669,1220,330082,California
San Joaquin,2021-05-28,2948,557160,1533,301694,1330,235728,85,19738,1348,87279,1578,244247,1444,331526,California
San Joaquin,2021-05-29,1993,559153,1063,302757,901,236629,29,19767,855,87033,1136,245383,890,332416,California
San Joaquin,2021-05-30,366,559519,109,302866,248,236877,9,19776,102,86881,263,245646,111,332527,California
San Luis Obispo,2020-12-16,4,4,4,4,0,0,0,0,4,4,0,0,4,4,California
San Luis Obispo,2020-12-17,196,200,196,200,0,0,0,0,196,200,0,0,196,200,California
San Luis Obispo,2020-12-18,224,424,224,424,0,0,0,0,224,424,0,0,224,424,California
San Luis Obispo,2020-12-19,162,586,162,586,0,0,0,0,162,586,0,0,162,586,California
San Luis Obispo,2020-12-20,215,801,215,801,0,0,0,0,215,801,0,0,215,801,California
San Luis Obispo,2020-12-21,550,1351,549,1350,1,1,0,0,550,1351,0,0,550,1351,California
San Luis Obispo,2020-12-22,311,1662,307,1657,4,5,0,0,311,1662,0,0,311,1662,California
San Luis Obispo,2020-12-23,680,2342,366,2023,314,319,0,0,680,2342,0,0,680,2342,California
San Luis Obispo,2020-12-24,195,2537,19,2042,176,495,0,0,195,2537,0,0,195,2537,California
San Luis Obispo,2020-12-25,2,2539,1,2043,1,496,0,0,2,2539,0,0,2,2539,California
San Luis Obispo,2020-12-26,90,2629,12,2055,78,574,0,0,90,2629,0,0,90,2629,California
San Luis Obispo,2020-12-27,76,2705,0,2055,76,650,0,0,76,2705,0,0,76,2705,California
San Luis Obispo,2020-12-28,879,3584,429,2484,450,1100,0,0,879,3584,0,0,879,3584,California
San Luis Obispo,2020-12-29,903,4487,504,2988,399,1499,0,0,903,4487,0,0,903,4487,California
San Luis Obispo,2020-12-30,1170,5657,679,3667,491,1990,0,0,1170,5657,0,0,1170,5657,California
San Luis Obispo,2020-12-31,107,5764,4,3671,103,2093,0,0,107,5764,0,0,107,5764,California
San Luis Obispo,2021-01-01,13,5777,8,3679,5,2098,0,0,13,5777,0,0,13,5777,California
San Luis Obispo,2021-01-02,34,5811,8,3687,26,2124,0,0,34,5811,0,0,34,5811,California
San Luis Obispo,2021-01-03,16,5827,6,3693,10,2134,0,0,16,5827,0,0,16,5827,California
San Luis Obispo,2021-01-04,681,6508,525,4218,156,2290,0,0,681,6508,0,0,681,6508,California
San Luis Obispo,2021-01-05,972,7480,754,4972,218,2508,0,0,970,7476,2,2,970,7478,California
San Luis Obispo,2021-01-06,727,8207,480,5452,247,2755,0,0,719,8188,7,9,719,8197,California
San Luis Obispo,2021-01-07,1127,9334,949,6401,178,2933,0,0,684,8429,443,452,684,8881,California
San Luis Obispo,2021-01-08,882,10216,804,7205,78,3011,0,0,513,8574,368,820,513,9394,California
San Luis Obispo,2021-01-09,205,10421,195,7400,10,3021,0,0,28,8425,177,997,28,9422,California
San Luis Obispo,2021-01-10,12,10433,8,7408,4,3025,0,0,8,8429,4,1001,8,9430,California
San Luis Obispo,2021-01-11,560,10993,509,7917,51,3076,0,0,298,8466,261,1262,298,9728,California
San Luis Obispo,2021-01-12,598,11591,381,8298,217,3293,0,0,318,8504,280,1542,318,10046,California
San Luis Obispo,2021-01-13,884,12475,256,8554,628,3921,0,0,648,8918,234,1776,648,10694,California
San Luis Obispo,2021-01-14,728,13203,242,8796,486,4407,0,0,602,9407,113,1889,602,11296,California
San Luis Obispo,2021-01-15,727,13930,286,9082,441,4848,0,0,554,9793,168,2057,554,11850,California
San Luis Obispo,2021-01-16,100,14030,81,9163,19,4867,0,0,95,9883,5,2062,95,11945,California
San Luis Obispo,2021-01-17,64,14094,58,9221,6,4873,0,0,64,9947,0,2062,64,12009,California
San Luis Obispo,2021-01-18,1371,15465,388,9609,983,5856,0,0,1108,10792,263,2325,1108,13117,California
San Luis Obispo,2021-01-19,1583,17048,417,10026,1166,7022,0,0,1175,11559,408,2733,1175,14292,California
San Luis Obispo,2021-01-20,1887,18935,598,10624,1289,8311,0,0,1297,12269,588,3321,1298,15590,California
San Luis Obispo,2021-01-21,1572,20507,467,11091,1105,9416,0,0,1200,13102,368,3689,1201,16791,California
San Luis Obispo,2021-01-22,1519,22026,505,11596,1014,10430,0,0,1204,13993,313,4002,1204,17995,California
San Luis Obispo,2021-01-23,311,22337,293,11889,18,10448,0,0,295,14272,16,4018,295,18290,California
San Luis Obispo,2021-01-24,244,22581,236,12125,8,10456,0,0,238,14504,6,4024,238,18528,California
San Luis Obispo,2021-01-25,2075,24656,600,12725,1475,11931,0,0,1246,14921,829,4853,1246,19774,California
San Luis Obispo,2021-01-26,2000,26656,699,13424,1301,13232,0,0,1139,15199,861,5714,1139,20913,California
San Luis Obispo,2021-01-27,1609,28265,283,13707,1326,14558,0,0,1151,15892,458,6172,1151,22064,California
San Luis Obispo,2021-01-28,1496,29761,344,14051,1152,15710,0,0,1234,16866,260,6432,1234,23298,California
San Luis Obispo,2021-01-29,1737,31498,681,14732,1056,16766,0,0,1452,18033,285,6717,1452,24750,California
San Luis Obispo,2021-01-30,38,31536,19,14751,19,16785,0,0,26,18048,11,6728,26,24776,California
San Luis Obispo,2021-01-31,27,31563,19,14770,8,16793,0,0,25,18071,2,6730,25,24801,California
San Luis Obispo,2021-02-01,1708,33271,739,15509,969,17762,0,0,1405,19174,302,7032,1405,26206,California
San Luis Obispo,2021-02-02,1897,35168,679,16188,1218,18980,0,0,1522,20321,375,7407,1522,27728,California
San Luis Obispo,2021-02-03,1708,36876,729,16917,979,19959,0,0,1294,21201,414,7821,1294,29022,California
San Luis Obispo,2021-02-04,1659,38535,802,17719,857,20816,0,0,1093,21728,566,8387,1093,30115,California
San Luis Obispo,2021-02-05,1604,40139,715,18434,889,21705,0,0,1060,22244,545,8932,1061,31176,California
San Luis Obispo,2021-02-06,175,40314,108,18542,67,21772,0,0,95,22259,80,9012,95,31271,California
San Luis Obispo,2021-02-07,125,40439,80,18622,45,21817,0,0,72,22279,53,9065,73,31344,California
San Luis Obispo,2021-02-08,857,41296,469,19091,388,22205,0,0,499,22421,357,9422,499,31843,California
San Luis Obispo,2021-02-09,1123,42419,448,19539,675,22880,0,0,542,22395,575,9997,549,32392,California
San Luis Obispo,2021-02-10,1438,43857,489,20028,949,23829,0,0,530,22021,907,10904,533,32925,California
San Luis Obispo,2021-02-11,1330,45187,843,20871,487,24316,0,0,656,22005,672,11576,656,33581,California
San Luis Obispo,2021-02-12,786,45973,362,21233,424,24740,0,0,421,22061,365,11941,421,34002,California
San Luis Obispo,2021-02-13,394,46367,127,21360,267,25007,0,0,286,22240,107,12048,286,34288,California
San Luis Obispo,2021-02-14,318,46685,41,21401,277,25284,0,0,282,22487,36,12084,283,34571,California
San Luis Obispo,2021-02-15,728,47413,138,21539,590,25874,0,0,474,22708,253,12337,474,35045,California
San Luis Obispo,2021-02-16,2965,50378,1198,22737,1767,27641,0,0,1359,22461,1606,13943,1359,36404,California
San Luis Obispo,2021-02-17,2779,53157,1238,23975,1541,29182,0,0,1029,21749,1741,15684,1029,37433,California
San Luis Obispo,2021-02-18,2828,55985,1461,25436,1367,30549,0,0,1135,21200,1685,17369,1136,38569,California
San Luis Obispo,2021-02-19,1459,57444,1338,26774,121,30670,0,0,1135,22012,323,17692,1135,39704,California
San Luis Obispo,2021-02-20,254,57698,81,26855,173,30843,0,0,216,22190,38,17730,216,39920,California
San Luis Obispo,2021-02-21,57,57755,53,26908,4,30847,0,0,32,22197,25,17755,32,39952,California
San Luis Obispo,2021-02-22,2412,60167,1865,28773,547,31394,0,0,1466,22718,946,18701,1467,41419,California
San Luis Obispo,2021-02-23,1861,62028,1746,30519,115,31509,0,0,1367,23593,493,19194,1368,42787,California
San Luis Obispo,2021-02-24,2645,64673,1301,31820,1344,32853,0,0,835,22621,1807,21001,835,43622,California
San Luis Obispo,2021-02-25,2132,66805,1243,33063,889,33742,0,0,1206,22908,920,21921,1207,44829,California
San Luis Obispo,2021-02-26,2649,69454,1150,34213,1499,35241,0,0,1326,22920,1314,23235,1326,46155,California
San Luis Obispo,2021-02-27,575,70029,349,34562,226,35467,0,0,525,23395,50,23285,525,46680,California
San Luis Obispo,2021-02-28,196,70225,69,34631,127,35594,0,0,161,23522,34,23319,161,46841,California
San Luis Obispo,2021-03-01,2977,73202,1850,36481,1125,36719,2,2,2048,24643,930,24249,2051,48892,California
San Luis Obispo,2021-03-02,3026,76228,1909,38390,1117,37836,0,2,1874,25371,1147,25396,1875,50767,California
San Luis Obispo,2021-03-03,2341,78569,338,38728,2003,39839,0,2,848,24733,1487,26883,849,51616,California
San Luis Obispo,2021-03-04,2196,80765,1160,39888,1036,40875,0,2,1181,24903,1013,27896,1183,52799,California
San Luis Obispo,2021-03-05,2300,83065,1021,40909,1209,42084,70,72,1296,25279,990,28886,1366,54165,California
San Luis Obispo,2021-03-06,837,83902,310,41219,420,42504,107,179,617,25777,220,29106,718,54883,California
San Luis Obispo,2021-03-07,201,84103,33,41252,84,42588,84,263,73,25807,127,29233,157,55040,California
San Luis Obispo,2021-03-08,2738,86841,760,42012,1662,44250,316,579,1543,26475,1191,30424,1859,56899,California
San Luis Obispo,2021-03-09,2950,89791,968,42980,1734,45984,248,827,1526,26829,1420,31844,1774,58673,California
San Luis Obispo,2021-03-10,3196,92987,1241,44221,1673,47657,282,1109,1814,27547,1378,33222,2096,60769,California
San Luis Obispo,2021-03-11,3296,96283,1271,45492,1702,49359,323,1432,1804,28191,1482,34704,2126,62895,California
San Luis Obispo,2021-03-12,3250,99533,1282,46774,1630,50989,338,1770,1616,28522,1626,36330,1957,64852,California
San Luis Obispo,2021-03-13,797,100330,262,47036,426,51415,109,1879,431,28699,365,36695,542,65394,California
San Luis Obispo,2021-03-14,514,100844,53,47089,350,51765,111,1990,134,28565,379,37074,245,65639,California
San Luis Obispo,2021-03-15,3058,103902,1098,48187,1862,53627,98,2088,1529,28668,1525,38599,1628,67267,California
San Luis Obispo,2021-03-16,2849,106751,1510,49697,1229,54856,110,2198,1435,28804,1408,40007,1544,68811,California
San Luis Obispo,2021-03-17,3436,110187,1449,51146,1726,56582,261,2459,1989,29617,1436,41443,2249,71060,California
San Luis Obispo,2021-03-18,2810,112997,1447,52593,1149,57731,214,2673,1337,29699,1468,42911,1550,72610,California
San Luis Obispo,2021-03-19,2590,115587,1567,54160,702,58433,321,2994,958,29356,1624,44535,1281,73891,California
San Luis Obispo,2021-03-20,840,116427,502,54662,301,58734,37,3031,386,29326,453,44988,423,74314,California
San Luis Obispo,2021-03-21,187,116614,45,54707,139,58873,3,3034,157,29457,29,45017,160,74474,California
San Luis Obispo,2021-03-22,2697,119311,1171,55878,1478,60351,48,3082,1877,30566,816,45833,1925,76399,California
San Luis Obispo,2021-03-23,3380,122691,2211,58089,1137,61488,32,3114,2268,31759,1107,46940,2300,78699,California
San Luis Obispo,2021-03-24,3522,126213,2143,60232,1294,62782,85,3199,2623,33572,894,47834,2707,81406,California
San Luis Obispo,2021-03-25,3682,129895,2299,62531,1371,64153,12,3211,2636,35177,1042,48876,2647,84053,California
San Luis Obispo,2021-03-26,3202,133097,1772,64303,997,65150,433,3644,1796,36008,1401,50277,2232,86285,California
San Luis Obispo,2021-03-27,993,134090,507,64810,394,65544,92,3736,452,36013,539,50816,544,86829,California
San Luis Obispo,2021-03-28,446,134536,153,64963,237,65781,56,3792,245,36114,200,51016,301,87130,California
San Luis Obispo,2021-03-29,2596,137132,1295,66258,1168,66949,133,3925,1657,36979,925,51941,1790,88920,California
San Luis Obispo,2021-03-30,3512,140644,1921,68179,1448,68397,143,4068,2336,38287,1170,53111,2478,91398,California
San Luis Obispo,2021-03-31,3878,144522,2467,70646,1265,69662,146,4214,2501,39566,1367,54478,2646,94044,California
San Luis Obispo,2021-04-01,3861,148383,2438,73084,1304,70966,119,4333,2702,41242,1146,55624,2822,96866,California
San Luis Obispo,2021-04-02,1750,150133,689,73773,748,71714,313,4646,950,41705,798,56422,1261,98127,California
San Luis Obispo,2021-04-03,1110,151243,557,74330,426,72140,127,4773,493,41712,613,57035,620,98747,California
San Luis Obispo,2021-04-04,383,151626,131,74461,212,72352,40,4813,236,41841,147,57182,276,99023,California
San Luis Obispo,2021-04-05,3617,155243,1949,76410,1557,73909,111,4924,2025,42391,1589,58771,2139,101162,California
San Luis Obispo,2021-04-06,4054,159297,2158,78568,1573,75482,323,5247,1938,42558,2107,60878,2274,103436,California
San Luis Obispo,2021-04-07,4305,163602,2345,80913,1595,77077,365,5612,2457,43553,1833,62711,2828,106264,California
San Luis Obispo,2021-04-08,4044,167646,2200,83113,1440,78517,404,6016,2155,44237,1882,64593,2566,108830,California
San Luis Obispo,2021-04-09,3664,171310,1746,84859,1162,79679,756,6772,1507,44348,2146,66739,2257,111087,California
San Luis Obispo,2021-04-10,1582,172892,563,85422,355,80034,664,7436,493,44414,1089,67828,1155,112242,California
San Luis Obispo,2021-04-11,312,173204,63,85485,186,80220,63,7499,125,44417,185,68013,188,112430,California
San Luis Obispo,2021-04-12,3374,176578,1696,87181,1515,81735,163,7662,1410,44025,1964,69977,1572,114002,California
San Luis Obispo,2021-04-13,3642,180220,2101,89282,1540,83275,1,7663,1965,44317,1675,71652,1967,115969,California
San Luis Obispo,2021-04-14,2880,183100,1702,90984,1175,84450,3,7666,1677,44803,1191,72843,1677,117646,California
San Luis Obispo,2021-04-15,3697,186797,2407,93391,1289,85739,1,7667,1978,45082,1701,74544,1980,119626,California
San Luis Obispo,2021-04-16,3632,190429,2212,95603,1416,87155,4,7671,1788,45032,1840,76384,1790,121416,California
San Luis Obispo,2021-04-17,1091,191520,431,96034,658,87813,2,7673,709,45362,381,76765,711,122127,California
San Luis Obispo,2021-04-18,321,191841,99,96133,221,88034,1,7674,111,45266,207,76972,111,122238,California
San Luis Obispo,2021-04-19,3154,194995,1306,97439,1810,89844,38,7712,1124,44404,2026,78998,1164,123402,California
San Luis Obispo,2021-04-20,3571,198566,1977,99416,1594,91438,0,7712,1339,43524,2220,81218,1340,124742,California
San Luis Obispo,2021-04-21,3911,202477,1801,101217,2110,93548,0,7712,1589,42811,2302,83520,1589,126331,California
San Luis Obispo,2021-04-22,4576,207053,2054,103271,2522,96070,0,7712,1427,41108,3132,86652,1429,127760,California
San Luis Obispo,2021-04-23,1460,208513,843,104114,613,96683,4,7716,699,41062,756,87408,710,128470,California
San Luis Obispo,2021-04-24,1079,209592,439,104553,621,97304,19,7735,505,41005,581,87989,524,128994,California
San Luis Obispo,2021-04-25,346,209938,161,104714,185,97489,0,7735,113,40886,232,88221,113,129107,California
San Luis Obispo,2021-04-26,963,210901,336,105050,610,98099,17,7752,356,40663,595,88816,372,129479,California
San Luis Obispo,2021-04-27,3699,214600,1916,106966,1714,99813,69,7821,1429,39898,2262,91078,1497,130976,California
San Luis Obispo,2021-04-28,3729,218329,2089,109055,1568,101381,72,7893,1282,38818,2434,93512,1354,132330,California
San Luis Obispo,2021-04-29,3661,221990,2112,111167,1480,102861,69,7962,1215,37671,2432,95944,1285,133615,California
San Luis Obispo,2021-04-30,2971,224961,1667,112834,1231,104092,73,8035,929,36644,2027,97971,1000,134615,California
San Luis Obispo,2021-05-01,472,225433,160,112994,276,104368,36,8071,100,36411,368,98339,135,134750,California
San Luis Obispo,2021-05-02,170,225603,52,113046,98,104466,20,8091,42,36345,128,98467,62,134812,California
San Luis Obispo,2021-05-03,887,226490,290,113336,494,104960,103,8194,225,36010,661,99128,326,135138,California
San Luis Obispo,2021-05-04,2923,229413,1897,115233,963,105923,63,8257,865,34885,2051,101179,926,136064,California
San Luis Obispo,2021-05-05,2805,232218,1851,117084,888,106811,66,8323,693,33544,2101,103280,760,136824,California
San Luis Obispo,2021-05-06,2788,235006,1887,118971,849,107660,52,8375,730,32283,2043,105323,782,137606,California
San Luis Obispo,2021-05-07,2312,237318,1755,120726,496,108156,61,8436,608,31271,1684,107007,672,138278,California
San Luis Obispo,2021-05-08,566,237884,333,121059,209,108365,24,8460,191,31129,357,107364,215,138493,California
San Luis Obispo,2021-05-09,164,238048,41,121100,104,108469,19,8479,46,31077,117,107481,65,138558,California
San Luis Obispo,2021-05-10,720,238768,151,121251,521,108990,48,8527,154,30717,561,108042,201,138759,California
San Luis Obispo,2021-05-11,1165,239933,596,121847,499,109489,70,8597,359,30344,802,108844,429,139188,California
San Luis Obispo,2021-05-12,2365,242298,1576,123423,707,110196,82,8679,675,29426,1675,110519,757,139945,California
San Luis Obispo,2021-05-13,1038,243336,650,124073,329,110525,59,8738,445,29340,589,111108,503,140448,California
San Luis Obispo,2021-05-14,2190,245526,1618,125691,531,111056,41,8779,919,29046,1254,112362,960,141408,California
San Luis Obispo,2021-05-15,992,246518,459,126150,499,111555,34,8813,471,29033,519,112881,506,141914,California
San Luis Obispo,2021-05-16,305,246823,163,126313,136,111691,6,8819,172,29079,132,113013,178,142092,California
San Luis Obispo,2021-05-17,1658,248481,964,127277,642,112333,52,8871,669,28821,980,113993,722,142814,California
San Luis Obispo,2021-05-18,1888,250369,1150,128427,706,113039,32,8903,730,28431,1153,115146,763,143577,California
San Luis Obispo,2021-05-19,1444,251813,623,129050,759,113798,62,8965,418,27889,1021,116167,479,144056,California
San Luis Obispo,2021-05-20,970,252783,442,129492,497,114295,31,8996,272,27505,687,116854,303,144359,California
San Luis Obispo,2021-05-21,854,253637,487,129979,333,114628,34,9030,404,27502,441,117295,438,144797,California
San Luis Obispo,2021-05-22,531,254168,281,130260,225,114853,25,9055,282,27566,242,117537,306,145103,California
San Luis Obispo,2021-05-23,74,254242,43,130303,27,114880,4,9059,33,27562,41,117578,37,145140,California
San Luis Obispo,2021-05-24,562,254804,261,130564,266,115146,35,9094,220,27477,340,117918,255,145395,California
San Luis Obispo,2021-05-25,849,255653,425,130989,402,115548,22,9116,357,27370,486,118404,379,145774,California
San Luis Obispo,2021-05-26,2028,257681,959,131948,1015,116563,54,9170,661,26720,1363,119767,713,146487,California
San Luis Obispo,2021-05-27,1789,259470,640,132588,1116,117679,33,9203,472,25913,1312,121079,505,146992,California
San Luis Obispo,2021-05-28,746,260216,347,132935,382,118061,17,9220,351,25888,393,121472,368,147360,California
San Luis Obispo,2021-05-29,364,260580,152,133087,201,118262,11,9231,203,25943,160,121632,215,147575,California
San Luis Obispo,2021-05-30,22,260602,1,133088,17,118279,4,9235,2,25929,19,121651,5,147580,California
San Mateo,2020-12-15,26,26,26,26,0,0,0,0,26,26,0,0,26,26,California
San Mateo,2020-12-16,110,136,110,136,0,0,0,0,110,136,0,0,110,136,California
San Mateo,2020-12-17,164,300,164,300,0,0,0,0,164,300,0,0,164,300,California
San Mateo,2020-12-18,741,1041,739,1039,2,2,0,0,741,1041,0,0,741,1041,California
San Mateo,2020-12-19,514,1555,514,1553,0,2,0,0,514,1555,0,0,514,1555,California
San Mateo,2020-12-20,513,2068,512,2065,1,3,0,0,513,2068,0,0,513,2068,California
San Mateo,2020-12-21,1168,3236,1168,3233,0,3,0,0,1168,3236,0,0,1168,3236,California
San Mateo,2020-12-22,1544,4780,1536,4769,8,11,0,0,1544,4780,0,0,1544,4780,California
San Mateo,2020-12-23,1600,6380,1410,6179,190,201,0,0,1600,6380,0,0,1600,6380,California
San Mateo,2020-12-24,874,7254,617,6796,257,458,0,0,874,7254,0,0,874,7254,California
San Mateo,2020-12-25,118,7372,114,6910,4,462,0,0,118,7372,0,0,118,7372,California
San Mateo,2020-12-26,562,7934,419,7329,143,605,0,0,562,7934,0,0,562,7934,California
San Mateo,2020-12-27,305,8239,175,7504,130,735,0,0,305,8239,0,0,305,8239,California
San Mateo,2020-12-28,1057,9296,711,8215,346,1081,0,0,1057,9296,0,0,1057,9296,California
San Mateo,2020-12-29,1131,10427,705,8920,426,1507,0,0,1131,10427,0,0,1131,10427,California
San Mateo,2020-12-30,1264,11691,759,9679,505,2012,0,0,1264,11691,0,0,1264,11691,California
San Mateo,2020-12-31,718,12409,231,9910,487,2499,0,0,717,12407,1,1,717,12408,California
San Mateo,2021-01-01,88,12497,59,9969,29,2528,0,0,88,12495,0,1,88,12496,California
San Mateo,2021-01-02,398,12895,268,10237,130,2658,0,0,398,12893,0,1,398,12894,California
San Mateo,2021-01-03,284,13179,209,10446,75,2733,0,0,281,13171,3,4,281,13175,California
San Mateo,2021-01-04,1051,14230,678,11124,373,3106,0,0,1051,14222,0,4,1051,14226,California
San Mateo,2021-01-05,1207,15437,711,11835,496,3602,0,0,1178,15372,29,33,1179,15405,California
San Mateo,2021-01-06,1453,16890,954,12789,499,4101,0,0,1269,16461,181,214,1270,16675,California
San Mateo,2021-01-07,1458,18348,810,13599,648,4749,0,0,1169,17349,282,496,1170,17845,California
San Mateo,2021-01-08,1846,20194,1195,14794,651,5400,0,0,1149,17809,690,1186,1150,18995,California
San Mateo,2021-01-09,1178,21372,776,15570,402,5802,0,0,720,18071,458,1644,720,19715,California
San Mateo,2021-01-10,706,22078,580,16150,126,5928,0,0,266,17897,440,2084,266,19981,California
San Mateo,2021-01-11,2601,24679,1493,17643,1108,7036,0,0,1528,18353,1074,3158,1530,21511,California
San Mateo,2021-01-12,3404,28083,1896,19539,1508,8544,0,0,2215,19385,1187,4345,2219,23730,California
San Mateo,2021-01-13,3392,31475,1658,21197,1734,10278,0,0,2356,20707,1036,5381,2358,26088,California
San Mateo,2021-01-14,3782,35257,1587,22784,2195,12473,0,0,3095,23120,687,6068,3100,29188,California
San Mateo,2021-01-15,4326,39583,1708,24492,2618,15091,0,0,3795,26388,529,6597,3797,32985,California
San Mateo,2021-01-16,3073,42656,764,25256,2309,17400,0,0,2751,28818,322,6919,2752,35737,California
San Mateo,2021-01-17,1315,43971,308,25564,1007,18407,0,0,1107,29717,208,7127,1107,36844,California
San Mateo,2021-01-18,1372,45343,538,26102,834,19241,0,0,994,30336,375,7502,994,37838,California
San Mateo,2021-01-19,2803,48146,1798,27900,1005,20246,0,0,2006,31548,794,8296,2006,39844,California
San Mateo,2021-01-20,2804,50950,1547,29447,1257,21503,0,0,1960,32668,841,9137,1961,41805,California
San Mateo,2021-01-21,2859,53809,1302,30749,1557,23060,0,0,2266,34346,591,9728,2269,44074,California
San Mateo,2021-01-22,2802,56611,1138,31887,1664,24724,0,0,2502,36551,298,10026,2503,46577,California
San Mateo,2021-01-23,2882,59493,1689,33576,1193,25917,0,0,2519,38708,363,10389,2520,49097,California
San Mateo,2021-01-24,1519,61012,375,33951,1144,27061,0,0,1208,39607,310,10699,1209,50306,California
San Mateo,2021-01-25,4435,65447,3156,37107,1279,28340,0,0,3534,42246,899,11598,3538,53844,California
San Mateo,2021-01-26,4297,69744,2983,40090,1314,29654,0,0,3379,44709,917,12515,3380,57224,California
San Mateo,2021-01-27,2787,72531,1466,41556,1321,30975,0,0,1794,45517,987,13502,1795,59019,California
San Mateo,2021-01-28,2802,75333,1355,42911,1447,32422,0,0,1947,46624,840,14342,1947,60966,California
San Mateo,2021-01-29,2989,78322,1347,44258,1642,34064,0,0,2150,47940,837,15179,2153,63119,California
San Mateo,2021-01-30,3410,81732,1482,45740,1928,35992,0,0,2951,50434,458,15637,2952,66071,California
San Mateo,2021-01-31,1679,83411,896,46636,783,36775,0,0,1517,51790,161,15798,1517,67588,California
San Mateo,2021-02-01,2940,86351,1356,47992,1584,38359,0,0,2222,53299,714,16512,2223,69811,California
San Mateo,2021-02-02,3174,89525,1733,49725,1441,39800,0,0,2160,54448,1011,17523,2160,71971,California
San Mateo,2021-02-03,4995,94520,2059,51784,2936,42736,0,0,3851,57158,1142,18665,3852,75823,California
San Mateo,2021-02-04,6199,100719,2495,54279,3704,46440,0,0,4921,60810,1273,19938,4925,80748,California
San Mateo,2021-02-05,6802,107521,2556,56835,4246,50686,0,0,4974,63973,1811,21749,4974,85722,California
San Mateo,2021-02-06,3280,110801,1914,58749,1366,52052,0,0,2625,65946,654,22403,2627,88349,California
San Mateo,2021-02-07,1905,112706,1352,60101,553,52605,0,0,1713,67467,192,22595,1713,90062,California
San Mateo,2021-02-08,5287,117993,2255,62356,3032,55637,0,0,3111,68467,2111,24706,3111,93173,California
San Mateo,2021-02-09,6188,124181,3226,65582,2962,58599,0,0,3340,68965,2842,27548,3340,96513,California
San Mateo,2021-02-10,6513,130694,3279,68861,3234,61833,0,0,3424,69311,3078,30626,3424,99937,California
San Mateo,2021-02-11,7048,137742,3574,72435,3474,65307,0,0,3789,69853,3250,33876,3792,103729,California
San Mateo,2021-02-12,6634,144376,2962,75397,3672,68979,0,0,4703,72629,1929,35805,4705,108434,California
San Mateo,2021-02-13,6118,150494,4019,79416,2099,71078,0,0,2639,71794,3474,39279,2639,111073,California
San Mateo,2021-02-14,4642,155136,3024,82440,1618,72696,0,0,1985,71130,2650,41929,1986,113059,California
San Mateo,2021-02-15,3166,158302,1456,83896,1710,74406,0,0,1790,71551,1370,43299,1791,114850,California
San Mateo,2021-02-16,7151,165453,1882,85778,5269,79675,0,0,5278,74960,1871,45170,5280,120130,California
San Mateo,2021-02-17,7079,172532,1951,87729,5128,84803,0,0,5062,78011,2013,47183,5064,125194,California
San Mateo,2021-02-18,6665,179197,4600,92329,2065,86868,0,0,4439,80231,2222,49405,4442,129636,California
San Mateo,2021-02-19,7779,186976,5585,97914,2194,89062,0,0,5777,84013,1995,51400,5777,135413,California
San Mateo,2021-02-20,3737,190713,2423,100337,1314,90376,0,0,2307,84897,1423,52823,2307,137720,California
San Mateo,2021-02-21,2610,193323,1770,102107,840,91216,0,0,1563,85420,1040,53863,1563,139283,California
San Mateo,2021-02-22,4431,197754,3214,105321,1217,92433,0,0,2799,86594,1626,55489,2800,142083,California
San Mateo,2021-02-23,4351,202105,3108,108429,1243,93676,0,0,2539,87329,1804,57293,2539,144622,California
San Mateo,2021-02-24,7310,209415,3286,111715,4024,97700,0,0,4881,89790,2421,59714,4882,149504,California
San Mateo,2021-02-25,9115,218530,4030,115745,5085,102785,0,0,6036,92764,3063,62777,6037,155541,California
San Mateo,2021-02-26,9779,228309,3725,119470,6054,108839,0,0,6851,96705,2914,65691,6855,162396,California
San Mateo,2021-02-27,6793,235102,3498,122968,3294,112133,1,1,3685,97294,3102,68793,3691,166087,California
San Mateo,2021-02-28,4135,239237,2520,125488,1615,113748,0,1,2557,98280,1572,70365,2558,168645,California
San Mateo,2021-03-01,5747,244984,3624,129112,2121,115869,2,3,2865,98279,2868,73233,2867,171512,California
San Mateo,2021-03-02,6266,251250,4456,133568,1809,117678,1,4,3635,99293,2623,75856,3637,175149,California
San Mateo,2021-03-03,8471,259721,3991,137559,4478,122156,2,6,3665,98166,4794,80650,3667,178816,California
San Mateo,2021-03-04,8515,268236,4005,141564,4507,126663,3,9,3854,97384,4641,85291,3859,182675,California
San Mateo,2021-03-05,9359,277595,6243,147807,3112,129775,4,13,6580,101212,2759,88050,6587,189262,California
San Mateo,2021-03-06,7964,285559,5551,153358,2238,132013,175,188,5845,105121,2110,90160,6019,195281,California
San Mateo,2021-03-07,3604,289163,2447,155805,1088,133101,69,257,2132,105854,1468,91628,2201,197482,California
San Mateo,2021-03-08,4543,293706,2578,158383,1748,134849,217,474,3318,108169,1218,92846,3533,201015,California
San Mateo,2021-03-09,5332,299038,2868,161251,2187,137036,277,751,3743,110606,1579,94425,4016,205031,California
San Mateo,2021-03-10,7197,306235,2911,164162,4001,141037,285,1036,4811,113328,2373,96798,5095,210126,California
San Mateo,2021-03-11,9148,315383,5756,169918,2999,144036,393,1429,3729,112061,5388,102186,4121,214247,California
San Mateo,2021-03-12,10600,325983,6686,176604,3528,147564,386,1815,3584,109036,6998,109184,3973,218220,California
San Mateo,2021-03-13,8214,334197,3508,180112,3074,150638,1632,3447,3977,110413,4225,113409,5602,223822,California
San Mateo,2021-03-14,5004,339201,3375,183487,1522,152160,107,3554,2668,110859,2329,115738,2775,226597,California
San Mateo,2021-03-15,7215,346416,4664,188151,2375,154535,176,3730,3804,111435,3405,119143,3981,230578,California
San Mateo,2021-03-16,11960,358376,4404,192555,7434,161969,122,3852,4833,109283,7110,126253,4958,235536,California
San Mateo,2021-03-17,10869,369245,4430,196985,6312,168281,127,3979,4909,108390,5933,132186,5040,240576,California
San Mateo,2021-03-18,7309,376554,4109,201094,3017,171298,183,4162,4337,109944,2965,135151,4519,245095,California
San Mateo,2021-03-19,7475,384029,4840,205934,1968,173266,667,4829,3652,110450,3813,138964,4319,249414,California
San Mateo,2021-03-20,8418,392447,6532,212466,1545,174811,341,5170,5428,113242,2976,141940,5768,255182,California
San Mateo,2021-03-21,4250,396697,3219,215685,797,175608,234,5404,2379,113992,1860,143800,2610,257792,California
San Mateo,2021-03-22,5285,401982,3604,219289,1264,176872,417,5821,2838,114814,2434,146234,3256,261048,California
San Mateo,2021-03-23,9841,411823,4504,223793,5141,182013,196,6017,4422,114042,5389,151623,4617,265665,California
San Mateo,2021-03-24,9524,421347,5517,229310,3864,185877,143,6160,4093,112916,5360,156983,4234,269899,California
San Mateo,2021-03-25,10139,431486,4976,234286,4883,190760,280,6440,4455,112074,5580,162563,4738,274637,California
San Mateo,2021-03-26,11289,442775,7779,242065,3344,194104,166,6606,4352,109702,6898,169461,4526,279163,California
San Mateo,2021-03-27,10579,453354,8102,250167,2370,196474,107,6713,4673,108592,5887,175348,4777,283940,California
San Mateo,2021-03-28,4306,457660,2794,252961,1400,197874,112,6825,2017,108443,2279,177627,2130,286070,California
San Mateo,2021-03-29,6069,463729,3787,256748,2030,199904,252,7077,2762,108170,3288,180915,3015,289085,California
San Mateo,2021-03-30,7163,470892,4093,260841,2917,202821,153,7230,3845,108867,3302,184217,3999,293084,California
San Mateo,2021-03-31,7307,478199,4626,265467,2539,205360,142,7372,3857,109435,3432,187649,4000,297084,California
San Mateo,2021-04-01,10614,488813,5244,270711,4161,209521,1209,8581,5688,111449,4880,192529,6894,303978,California
San Mateo,2021-04-02,10898,499711,5223,275934,4060,213581,1615,10196,5711,113610,5166,197695,7327,311305,California
San Mateo,2021-04-03,10004,509715,5751,281685,2474,216055,1779,11975,5119,115631,4877,202572,6898,318203,California
San Mateo,2021-04-04,5453,515168,2627,284312,1572,217627,1254,13229,1707,114860,3731,206303,2960,321163,California
San Mateo,2021-04-05,8995,524163,4799,289111,2458,220085,1738,14967,3839,115294,5139,211442,5573,326736,California
San Mateo,2021-04-06,13229,537392,8252,297363,3116,223201,1861,16828,7520,118984,5696,217138,9386,336122,California
San Mateo,2021-04-07,11432,548824,5280,302643,4459,227660,1693,18521,4849,118962,6562,223700,6540,342662,California
San Mateo,2021-04-08,10173,558997,5067,307710,2506,230166,2600,21121,4515,120426,5641,229341,7105,349767,California
San Mateo,2021-04-09,11337,570334,5518,313228,3339,233505,2480,23601,5089,121756,6246,235587,7576,357343,California
San Mateo,2021-04-10,11254,581588,5707,318935,4105,237610,1442,25043,4656,121287,6571,242158,6102,363445,California
San Mateo,2021-04-11,6624,588212,3290,322225,873,238483,2461,27504,2301,121728,4315,246473,4756,368201,California
San Mateo,2021-04-12,7311,595523,4467,326692,1883,240366,961,28465,3529,122456,3761,250234,4489,372690,California
San Mateo,2021-04-13,8163,603686,5092,331784,3062,243428,9,28474,4318,122948,3837,254071,4329,377019,California
San Mateo,2021-04-14,8311,611997,5369,337153,2941,246369,1,28475,4252,123166,4042,258113,4260,381279,California
San Mateo,2021-04-15,11106,623103,7383,344536,3721,250090,2,28477,7260,126609,3820,261933,7263,388542,California
San Mateo,2021-04-16,9976,633079,6870,351406,3090,253180,16,28493,6322,129316,3636,265569,6343,394885,California
San Mateo,2021-04-17,9761,642840,6477,357883,3282,256462,2,28495,6162,131896,3589,269158,6169,401054,California
San Mateo,2021-04-18,5431,648271,2595,360478,2836,259298,0,28495,3661,133803,1760,270918,3667,404721,California
San Mateo,2021-04-19,8383,656654,5451,365929,2932,262230,0,28495,5449,136340,2921,273839,5458,410179,California
San Mateo,2021-04-20,10313,666967,5744,371673,4568,266798,1,28496,6638,139335,3654,277493,6649,416828,California
San Mateo,2021-04-21,9013,675980,6087,377760,2926,269724,0,28496,5566,141478,3429,280922,5572,422400,California
San Mateo,2021-04-22,9594,685574,6410,384170,3183,272907,1,28497,5326,142572,4237,285159,5331,427731,California
San Mateo,2021-04-23,9454,695028,6211,390381,3243,276150,0,28497,5300,143758,4129,289288,5315,433046,California
San Mateo,2021-04-24,11274,706302,8037,398418,3237,279387,0,28497,5813,144140,5439,294727,5821,438867,California
San Mateo,2021-04-25,5532,711834,3865,402283,1665,281052,2,28499,3931,146495,1587,296314,3942,442809,California
San Mateo,2021-04-26,6326,718160,4623,406906,1695,282747,8,28507,3646,147492,2669,298983,3666,446475,California
San Mateo,2021-04-27,11009,729169,7831,414737,3072,285819,106,28613,4438,145500,6541,305524,4549,451024,California
San Mateo,2021-04-28,7680,736849,4434,419171,3042,288861,204,28817,4022,146082,3648,309172,4230,455254,California
San Mateo,2021-04-29,7933,744782,3718,422889,4041,292902,174,28991,3513,145389,4392,313564,3699,458953,California
San Mateo,2021-04-30,8078,752860,5067,427956,2857,295759,154,29145,3412,144326,4643,318207,3580,462533,California
San Mateo,2021-05-01,6154,759014,4125,432081,1911,297670,118,29263,2662,143641,3476,321683,2791,465324,California
San Mateo,2021-05-02,3177,762191,1741,433822,1365,299035,71,29334,1147,142841,2022,323705,1222,466546,California
San Mateo,2021-05-03,5983,768174,4464,438286,1375,300410,144,29478,1846,140702,4129,327834,1990,468536,California
San Mateo,2021-05-04,7236,775410,4900,443186,2164,302574,172,29650,2469,138593,4762,332596,2653,471189,California
San Mateo,2021-05-05,6828,782238,4453,447639,2214,304788,161,29811,2377,136710,4423,337019,2540,473729,California
San Mateo,2021-05-06,8535,790773,6659,454298,1701,306489,175,29986,1741,131855,6775,343794,1920,475649,California
San Mateo,2021-05-07,8192,798965,5859,460157,2048,308537,285,30271,1833,127650,6334,350128,2129,477778,California
San Mateo,2021-05-08,6647,805612,4025,464182,2383,310920,239,30510,1833,124925,4802,354930,2077,479855,California
San Mateo,2021-05-09,3115,808727,2429,466611,612,311532,74,30584,1056,124004,2051,356981,1130,480985,California
San Mateo,2021-05-10,4616,813343,3317,469928,1129,312661,170,30754,767,121110,3839,360820,945,481930,California
San Mateo,2021-05-11,6493,819836,4863,474791,1517,314178,113,30867,1663,118072,4815,365635,1777,483707,California
San Mateo,2021-05-12,6400,826236,4612,479403,1598,315776,190,31057,1533,114940,4858,370493,1726,485433,California
San Mateo,2021-05-13,8929,835165,6682,486085,2161,317937,86,31143,3285,112708,5612,376105,3380,488813,California
San Mateo,2021-05-14,8336,843501,6149,492234,2076,320013,111,31254,2702,109907,5621,381726,2820,491633,California
San Mateo,2021-05-15,10393,853894,8102,500336,2190,322203,101,31355,4553,108757,5826,387552,4676,496309,California
San Mateo,2021-05-16,7157,861051,5098,505434,1990,324193,69,31424,2199,106086,4940,392492,2269,498578,California
San Mateo,2021-05-17,7038,868089,4978,510412,1951,326144,109,31533,2210,103595,4813,397305,2322,500900,California
San Mateo,2021-05-18,8453,876542,5824,516236,2531,328675,98,31631,3167,101703,5161,402466,3269,504169,California
San Mateo,2021-05-19,7654,884196,5668,521904,1865,330540,121,31752,3523,101265,4083,406549,3645,507814,California
San Mateo,2021-05-20,4767,888963,3063,524967,1612,332152,92,31844,2029,100666,2719,409268,2120,509934,California
San Mateo,2021-05-21,6139,895102,4363,529330,1678,333830,98,31942,1803,98245,4320,413588,1899,511833,California
San Mateo,2021-05-22,5369,900471,3754,533084,1577,335407,38,31980,2187,97304,3167,416755,2226,514059,California
San Mateo,2021-05-23,2402,902873,1406,534490,940,336347,56,32036,969,96903,1426,418181,1025,515084,California
San Mateo,2021-05-24,3408,906281,2232,536722,1031,337378,145,32181,1192,96044,2194,420375,1335,516419,California
San Mateo,2021-05-25,4689,910970,2972,539694,1559,338937,158,32339,1693,94923,2974,423349,1853,518272,California
San Mateo,2021-05-26,5531,916501,2947,542641,2478,341415,106,32445,1817,93151,3695,427044,1923,520195,California
San Mateo,2021-05-27,3748,920249,2205,544846,1455,342870,88,32533,1391,92292,2334,429378,1475,521670,California
San Mateo,2021-05-28,3401,923650,2148,546994,1168,344038,85,32618,1344,91682,2038,431416,1428,523098,California
San Mateo,2021-05-29,2976,926626,2069,549063,861,344899,46,32664,1224,91217,1734,433150,1269,524367,California
San Mateo,2021-05-30,797,927423,497,549560,276,345175,24,32688,334,91116,459,433609,358,524725,California
Santa Barbara,2020-12-15,2,2,2,2,0,0,0,0,2,2,0,0,2,2,California
Santa Barbara,2020-12-16,2,4,2,4,0,0,0,0,2,4,0,0,2,4,California
Santa Barbara,2020-12-17,56,60,56,60,0,0,0,0,56,60,0,0,56,60,California
Santa Barbara,2020-12-18,379,439,378,438,1,1,0,0,379,439,0,0,379,439,California
Santa Barbara,2020-12-19,325,764,325,763,0,1,0,0,325,764,0,0,325,764,California
Santa Barbara,2020-12-20,235,999,235,998,0,1,0,0,235,999,0,0,235,999,California
Santa Barbara,2020-12-21,653,1652,651,1649,2,3,0,0,653,1652,0,0,653,1652,California
Santa Barbara,2020-12-22,245,1897,243,1892,2,5,0,0,245,1897,0,0,245,1897,California
Santa Barbara,2020-12-23,322,2219,204,2096,118,123,0,0,322,2219,0,0,322,2219,California
Santa Barbara,2020-12-24,88,2307,40,2136,48,171,0,0,88,2307,0,0,88,2307,California
Santa Barbara,2020-12-26,326,2633,66,2202,260,431,0,0,326,2633,0,0,326,2633,California
Santa Barbara,2020-12-27,62,2695,1,2203,61,492,0,0,62,2695,0,0,62,2695,California
Santa Barbara,2020-12-28,356,3051,223,2426,133,625,0,0,356,3051,0,0,356,3051,California
Santa Barbara,2020-12-29,553,3604,358,2784,195,820,0,0,553,3604,0,0,553,3604,California
Santa Barbara,2020-12-30,578,4182,395,3179,183,1003,0,0,578,4182,0,0,578,4182,California
Santa Barbara,2020-12-31,240,4422,114,3293,126,1129,0,0,240,4422,0,0,240,4422,California
Santa Barbara,2021-01-01,116,4538,110,3403,6,1135,0,0,116,4538,0,0,116,4538,California
Santa Barbara,2021-01-02,588,5126,223,3626,365,1500,0,0,588,5126,0,0,588,5126,California
Santa Barbara,2021-01-03,23,5149,15,3641,8,1508,0,0,23,5149,0,0,23,5149,California
Santa Barbara,2021-01-04,305,5454,242,3883,63,1571,0,0,304,5453,0,0,304,5453,California
Santa Barbara,2021-01-05,751,6205,378,4261,373,1944,0,0,724,6150,27,27,724,6177,California
Santa Barbara,2021-01-06,656,6861,276,4537,380,2324,0,0,595,6685,60,87,595,6772,California
Santa Barbara,2021-01-07,1034,7895,710,5247,324,2648,0,0,529,6713,501,588,529,7301,California
Santa Barbara,2021-01-08,1205,9100,845,6092,360,3008,0,0,711,6930,494,1082,711,8012,California
Santa Barbara,2021-01-09,566,9666,293,6385,273,3281,0,0,320,7004,246,1328,320,8332,California
Santa Barbara,2021-01-10,62,9728,50,6435,12,3293,0,0,46,7034,16,1344,46,8378,California
Santa Barbara,2021-01-11,839,10567,670,7105,169,3462,0,0,615,7426,223,1567,615,8993,California
Santa Barbara,2021-01-12,1434,12001,640,7745,794,4256,0,0,1278,8548,156,1723,1278,10271,California
Santa Barbara,2021-01-13,1220,13221,271,8016,949,5205,0,0,1093,9514,127,1850,1093,11364,California
Santa Barbara,2021-01-14,1253,14474,135,8151,1118,6323,0,0,1198,10659,54,1904,1199,12563,California
Santa Barbara,2021-01-15,1801,16275,419,8570,1382,7705,0,0,1720,12299,80,1984,1720,14283,California
Santa Barbara,2021-01-16,1270,17545,200,8770,1070,8775,0,0,1231,13492,38,2022,1231,15514,California
Santa Barbara,2021-01-17,123,17668,20,8790,103,8878,0,0,120,13609,3,2025,120,15634,California
Santa Barbara,2021-01-18,1152,18820,418,9208,734,9612,0,0,967,14391,185,2210,967,16601,California
Santa Barbara,2021-01-19,1639,20459,570,9778,1069,10681,0,0,1361,15475,277,2487,1361,17962,California
Santa Barbara,2021-01-20,2096,22555,545,10323,1551,12232,0,0,1741,16862,354,2841,1741,19703,California
Santa Barbara,2021-01-21,3182,25737,1910,12233,1272,13504,0,0,3023,19727,159,3000,3024,22727,California
Santa Barbara,2021-01-22,2926,28663,1772,14005,1154,14658,0,0,2762,22329,161,3161,2763,25490,California
Santa Barbara,2021-01-23,1734,30397,1106,15111,628,15286,0,0,1225,23046,508,3669,1225,26715,California
Santa Barbara,2021-01-24,843,31240,751,15862,92,15378,0,0,834,23871,9,3678,834,27549,California
Santa Barbara,2021-01-25,1243,32483,498,16360,745,16123,0,0,1006,24640,237,3915,1006,28555,California
Santa Barbara,2021-01-26,2045,34528,463,16823,1582,17705,0,0,1661,25919,382,4297,1661,30216,California
Santa Barbara,2021-01-27,1165,35693,400,17223,765,18470,0,0,903,26563,261,4558,905,31121,California
Santa Barbara,2021-01-28,892,36585,295,17518,597,19067,0,0,678,27030,211,4769,678,31799,California
Santa Barbara,2021-01-29,1333,37918,536,18054,797,19864,0,0,979,27660,351,5120,981,32780,California
Santa Barbara,2021-01-30,1893,39811,1420,19474,473,20337,0,0,1488,28746,402,5522,1488,34268,California
Santa Barbara,2021-01-31,1453,41264,1215,20689,238,20575,0,0,1414,30121,39,5561,1414,35682,California
Santa Barbara,2021-02-01,954,42218,529,21218,425,21000,0,0,556,30279,398,5959,556,36238,California
Santa Barbara,2021-02-02,1808,44026,679,21897,1129,22129,0,0,1044,30562,761,6720,1044,37282,California
Santa Barbara,2021-02-03,1940,45966,1077,22974,863,22992,0,0,1500,31632,430,7150,1500,38782,California
Santa Barbara,2021-02-04,2780,48746,1865,24839,915,23907,0,0,2482,33822,292,7442,2482,41264,California
Santa Barbara,2021-02-05,2900,51646,2057,26896,843,24750,0,0,2259,35442,639,8081,2259,43523,California
Santa Barbara,2021-02-06,1204,52850,339,27235,865,25615,0,0,794,35826,410,8491,794,44317,California
Santa Barbara,2021-02-07,302,53152,263,27498,39,25654,0,0,267,36059,34,8525,267,44584,California
Santa Barbara,2021-02-08,955,54107,311,27809,644,26298,0,0,665,36434,290,8815,665,45249,California
Santa Barbara,2021-02-09,2438,56545,313,28122,2125,28423,0,0,1119,36243,1310,10125,1119,46368,California
Santa Barbara,2021-02-10,2763,59308,1496,29618,1267,29690,0,0,780,35047,1976,12101,780,47148,California
Santa Barbara,2021-02-11,4187,63495,2808,32426,1379,31069,0,0,623,32116,3554,15655,623,47771,California
Santa Barbara,2021-02-12,3308,66803,948,33374,2360,33429,0,0,774,30362,2528,18183,774,48545,California
Santa Barbara,2021-02-13,1234,68037,341,33715,893,34322,0,0,561,30252,671,18854,561,49106,California
Santa Barbara,2021-02-14,332,68369,35,33750,297,34619,0,0,287,30494,45,18899,287,49393,California
Santa Barbara,2021-02-15,968,69337,337,34087,631,35250,0,0,494,30517,471,19370,494,49887,California
Santa Barbara,2021-02-16,2108,71445,395,34482,1713,36963,0,0,719,29851,1385,20755,719,50606,California
Santa Barbara,2021-02-17,1436,72881,321,34803,1115,38078,0,0,523,29465,909,21664,523,51129,California
Santa Barbara,2021-02-18,3257,76138,2649,37452,608,38686,0,0,1519,29282,1702,23366,1519,52648,California
Santa Barbara,2021-02-19,3596,79734,2641,40093,955,39641,0,0,2329,30347,1264,24630,2329,54977,California
Santa Barbara,2021-02-20,2225,81959,1439,41532,786,40427,0,0,1669,31470,546,25176,1669,56646,California
Santa Barbara,2021-02-21,135,82094,106,41638,29,40456,0,0,60,31457,73,25249,60,56706,California
Santa Barbara,2021-02-22,940,83034,248,41886,692,41148,0,0,271,31063,666,25915,272,56978,California
Santa Barbara,2021-02-23,3189,86223,1046,42932,2143,43291,0,0,422,28722,2763,28678,422,57400,California
Santa Barbara,2021-02-24,3207,89430,1093,44025,2114,45405,0,0,722,26969,2475,31153,722,58122,California
Santa Barbara,2021-02-25,3455,92885,1921,45946,1534,46939,0,0,990,25503,2457,33610,991,59113,California
Santa Barbara,2021-02-26,3668,96553,2177,48123,1491,48430,0,0,1979,25801,1681,35291,1979,61092,California
Santa Barbara,2021-02-27,1532,98085,562,48685,970,49400,0,0,852,25979,676,35967,854,61946,California
Santa Barbara,2021-02-28,1085,99170,220,48905,865,50265,0,0,893,26686,187,36154,894,62840,California
Santa Barbara,2021-03-01,1644,100814,470,49375,1173,51438,1,1,1088,27236,540,36694,1090,63930,California
Santa Barbara,2021-03-02,2650,103464,424,49799,2226,53664,0,1,2149,28898,488,37182,2150,66080,California
Santa Barbara,2021-03-03,4630,108094,2101,51900,2527,56191,2,3,4034,32353,585,37767,4040,70120,California
Santa Barbara,2021-03-04,3421,111515,2283,54183,1138,57329,0,3,2865,34670,548,38315,2865,72985,California
Santa Barbara,2021-03-05,3819,115334,2164,56347,1596,58925,59,62,3095,37105,719,39034,3154,76139,California
Santa Barbara,2021-03-06,2432,117766,726,57073,1487,60412,219,281,1670,38234,758,39792,1887,78026,California
Santa Barbara,2021-03-07,564,118330,123,57196,310,60722,131,412,384,38571,179,39971,516,78542,California
Santa Barbara,2021-03-08,1580,119910,381,57577,856,61578,343,755,797,38934,777,40748,1140,79682,California
Santa Barbara,2021-03-09,2797,122707,344,57921,1679,63257,774,1529,738,38386,2056,42804,1508,81190,California
Santa Barbara,2021-03-10,2762,125469,553,58474,1162,64419,1047,2576,1042,38757,1715,44519,2086,83276,California
Santa Barbara,2021-03-11,5580,131049,3028,61502,1437,65856,1115,3691,2282,38863,3284,47803,3390,86666,California
Santa Barbara,2021-03-12,3679,134728,2098,63600,1151,67007,430,4121,2182,39983,1489,49292,2609,89275,California
Santa Barbara,2021-03-13,3494,138222,1935,65535,1351,68358,208,4329,2700,42100,792,50084,2909,92184,California
Santa Barbara,2021-03-14,794,139016,379,65914,358,68716,57,4386,472,42308,321,50405,529,92713,California
Santa Barbara,2021-03-15,2115,141131,697,66611,1127,69843,291,4677,1270,43029,838,51243,1559,94272,California
Santa Barbara,2021-03-16,3724,144855,1173,67784,2209,72052,342,5019,2735,45121,985,52228,3077,97349,California
Santa Barbara,2021-03-17,3309,148164,971,68755,1933,73985,405,5424,2318,46851,989,53217,2719,100068,California
Santa Barbara,2021-03-18,5230,153394,2800,71555,2228,76213,202,5626,4005,49849,1209,54426,4207,104275,California
Santa Barbara,2021-03-19,4448,157842,2769,74324,1346,77559,333,5959,3057,51851,1387,55813,3389,107664,California
Santa Barbara,2021-03-20,2179,160021,836,75160,1329,78888,14,5973,1334,52356,842,56655,1347,109011,California
Santa Barbara,2021-03-21,1165,161186,383,75543,752,79640,30,6003,838,52899,325,56980,868,109879,California
Santa Barbara,2021-03-22,2779,163965,1912,77455,823,80463,44,6047,2223,54618,548,57528,2267,112146,California
Santa Barbara,2021-03-23,4482,168447,2254,79709,2127,82590,101,6148,3708,57661,765,58293,3808,115954,California
Santa Barbara,2021-03-24,5420,173867,3157,82866,1514,84104,749,6897,2973,58956,2423,60716,3718,119672,California
Santa Barbara,2021-03-25,5563,179430,3276,86142,2097,86201,190,7087,2787,59173,2760,63476,2977,122649,California
Santa Barbara,2021-03-26,5093,184523,3227,89369,1568,87769,298,7385,2244,58882,2833,66309,2542,125191,California
Santa Barbara,2021-03-27,2957,187480,1225,90594,1689,89458,43,7428,1621,59212,1332,67641,1662,126853,California
Santa Barbara,2021-03-28,2779,190259,1657,92251,1094,90552,28,7456,1893,60253,881,68522,1922,128775,California
Santa Barbara,2021-03-29,4044,194303,2087,94338,1886,92438,71,7527,3228,62740,812,69334,3299,132074,California
Santa Barbara,2021-03-30,6801,201104,3513,97851,3137,95575,151,7678,4540,65182,2246,71580,4688,136762,California
Santa Barbara,2021-03-31,8678,209782,5524,103375,3087,98662,67,7745,5058,66708,3599,75179,5125,141887,California
Santa Barbara,2021-04-01,7043,216825,5208,108583,1574,100236,261,8006,4177,68296,2848,78027,4436,146323,California
Santa Barbara,2021-04-02,6649,223474,4560,113143,1494,101730,595,8601,3423,69098,3218,81245,4020,150343,California
Santa Barbara,2021-04-03,3811,227285,2114,115257,1629,103359,68,8669,2518,70394,1289,82534,2585,152928,California
Santa Barbara,2021-04-04,900,228185,444,115701,416,103775,40,8709,501,70538,397,82931,541,153469,California
Santa Barbara,2021-04-05,3466,231651,2290,117991,917,104692,259,8968,2168,71675,1291,84222,2428,155897,California
Santa Barbara,2021-04-06,5484,237135,2831,120822,2115,106807,538,9506,3357,73459,2111,86333,3895,159792,California
Santa Barbara,2021-04-07,5997,243132,3284,124106,2171,108978,542,10048,4077,76180,1910,88243,4631,164423,California
Santa Barbara,2021-04-08,7405,250537,5032,129138,645,109623,1728,11776,3414,77333,3987,92230,5140,169563,California
Santa Barbara,2021-04-09,7296,257833,4852,133990,1093,110716,1351,13127,3286,77970,4001,96231,4638,174201,California
Santa Barbara,2021-04-10,6707,264540,4645,138635,1441,112157,621,13748,4560,81021,2140,98371,5191,179392,California
Santa Barbara,2021-04-11,2639,267179,1931,140566,409,112566,299,14047,1819,82320,814,99185,2113,181505,California
Santa Barbara,2021-04-12,4427,271606,2848,143414,1025,113591,554,14601,1924,82300,2496,101681,2476,183981,California
Santa Barbara,2021-04-13,6310,277916,4151,147565,2153,115744,6,14607,2624,81248,3681,105362,2629,186610,California
Santa Barbara,2021-04-14,6723,284639,4396,151961,2325,118069,2,14609,4201,82940,2511,107873,4203,190813,California
Santa Barbara,2021-04-15,6939,291578,4077,156038,2861,120930,1,14610,3751,83515,3178,111051,3753,194566,California
Santa Barbara,2021-04-16,6371,297949,3742,159780,2618,123548,11,14621,4380,85929,1976,113027,4390,198956,California
Santa Barbara,2021-04-17,5315,303264,3855,163635,1460,125008,0,14621,4096,88818,1207,114234,4096,203052,California
Santa Barbara,2021-04-18,2133,305397,1480,165115,653,125661,0,14621,373,87436,1756,115990,374,203426,California
Santa Barbara,2021-04-19,3236,308633,2225,167340,1005,126666,6,14627,1031,86274,2200,118190,1038,204464,California
Santa Barbara,2021-04-20,5865,314498,3946,171286,1918,128584,1,14628,1652,83726,4201,122391,1653,206117,California
Santa Barbara,2021-04-21,5469,319967,3629,174915,1840,130424,0,14628,1734,81736,3724,126115,1734,207851,California
Santa Barbara,2021-04-22,5091,325058,2560,177475,2530,132954,1,14629,1453,79570,3622,129737,1456,209307,California
Santa Barbara,2021-04-23,5582,330640,3873,181348,1709,134663,0,14629,1963,77927,3606,133343,1963,211270,California
Santa Barbara,2021-04-24,4424,335064,2877,184225,1542,136205,5,14634,1637,76801,2768,136111,1642,212912,California
Santa Barbara,2021-04-25,1831,336895,1184,185409,647,136852,0,14634,499,75976,1324,137435,499,213411,California
Santa Barbara,2021-04-26,2931,339826,1805,187214,1105,137957,21,14655,463,73998,2462,139897,484,213895,California
Santa Barbara,2021-04-27,3678,343504,2027,189241,1564,139521,87,14742,1104,72624,2564,142461,1190,215085,California
Santa Barbara,2021-04-28,4904,348408,2861,192102,1926,141447,117,14859,1402,70657,3489,145950,1522,216607,California
Santa Barbara,2021-04-29,5246,353654,3797,195899,1222,142669,227,15086,1445,68542,3785,149735,1670,218277,California
Santa Barbara,2021-04-30,4948,358602,3696,199595,1088,143757,164,15250,1424,66619,3510,153245,1587,219864,California
Santa Barbara,2021-05-01,5234,363836,4055,203650,1146,144903,33,15283,901,63230,4325,157570,936,220800,California
Santa Barbara,2021-05-02,1130,364966,665,204315,337,145240,128,15411,308,62844,822,158392,436,221236,California
Santa Barbara,2021-05-03,2206,367172,1481,205796,586,145826,139,15550,444,61669,1756,160148,581,221817,California
Santa Barbara,2021-05-04,3280,370452,1661,207457,1548,147374,71,15621,1140,60752,2127,162275,1210,223027,California
Santa Barbara,2021-05-05,5420,375872,3669,211126,1605,148979,146,15767,629,56749,4779,167054,776,223803,California
Santa Barbara,2021-05-06,5044,380916,3907,215033,1033,150012,104,15871,962,53749,4066,171120,1066,224869,California
Santa Barbara,2021-05-07,4660,385576,3650,218683,832,150844,178,16049,1001,51277,3649,174769,1177,226046,California
Santa Barbara,2021-05-08,4212,389788,3151,221834,963,151807,98,16147,873,48922,3326,178095,971,227017,California
Santa Barbara,2021-05-09,700,390488,109,221943,551,152358,40,16187,467,49198,232,178327,508,227525,California
Santa Barbara,2021-05-10,1322,391810,621,222564,617,152975,84,16271,367,48695,953,179280,450,227975,California
Santa Barbara,2021-05-11,1829,393639,769,223333,769,153744,291,16562,412,47986,1410,180690,701,228676,California
Santa Barbara,2021-05-12,1545,395184,686,224019,657,154401,202,16764,442,47535,1095,181785,644,229320,California
Santa Barbara,2021-05-13,3568,398752,2711,226730,664,155065,193,16957,1175,46520,2382,184167,1367,230687,California
Santa Barbara,2021-05-14,4148,402900,2532,229262,1522,156587,94,17051,1638,45754,2496,186663,1730,232417,California
Santa Barbara,2021-05-15,3510,406410,2568,231830,923,157510,19,17070,1843,45961,1656,188319,1863,234280,California
Santa Barbara,2021-05-16,1063,407473,465,232295,483,157993,115,17185,468,45953,591,188910,583,234863,California
Santa Barbara,2021-05-17,1637,409110,933,233228,642,158635,62,17247,913,46213,717,189627,977,235840,California
Santa Barbara,2021-05-18,1839,410949,1158,234386,587,159222,94,17341,1014,46513,809,190436,1109,236949,California
Santa Barbara,2021-05-19,1758,412707,972,235358,745,159967,41,17382,821,46445,929,191365,861,237810,California
Santa Barbara,2021-05-20,1266,413973,650,236008,499,160466,117,17499,667,46641,587,191952,783,238593,California
Santa Barbara,2021-05-21,2969,416942,2001,238009,915,161381,53,17552,1095,45930,1860,193812,1149,239742,California
Santa Barbara,2021-05-22,2176,419118,1534,239543,597,161978,45,17597,1289,46382,883,194695,1335,241077,California
Santa Barbara,2021-05-23,565,419683,214,239757,324,162302,27,17624,324,46492,241,194936,351,241428,California
Santa Barbara,2021-05-24,1007,420690,593,240350,356,162658,58,17682,513,46576,488,195424,572,242000,California
Santa Barbara,2021-05-25,1400,422090,579,240929,752,163410,69,17751,473,46194,921,196345,539,242539,California
Santa Barbara,2021-05-26,2960,425050,1682,242611,1167,164577,111,17862,822,45003,2123,198468,932,243471,California
Santa Barbara,2021-05-27,1910,426960,1191,243802,601,165178,118,17980,820,44858,1084,199552,939,244410,California
Santa Barbara,2021-05-28,1455,428415,699,244501,604,165782,152,18132,616,44791,834,200386,767,245177,California
Santa Barbara,2021-05-29,860,429275,288,244789,536,166318,36,18168,341,44652,516,200902,377,245554,California
Santa Barbara,2021-05-30,282,429557,71,244860,149,166467,62,18230,99,44631,182,201084,161,245715,California
Santa Clara,2020-12-15,66,66,66,66,0,0,0,0,66,66,0,0,66,66,California
Santa Clara,2020-12-16,142,208,142,208,0,0,0,0,142,208,0,0,142,208,California
Santa Clara,2020-12-17,400,608,400,608,0,0,0,0,400,608,0,0,400,608,California
Santa Clara,2020-12-18,1680,2288,1680,2288,0,0,0,0,1680,2288,0,0,1680,2288,California
Santa Clara,2020-12-19,2081,4369,2081,4369,0,0,0,0,2080,4368,0,0,2080,4368,California
Santa Clara,2020-12-20,1910,6279,1909,6278,1,1,0,0,1907,6275,0,0,1907,6275,California
Santa Clara,2020-12-21,2718,8997,2718,8996,0,1,0,0,2717,8992,0,0,2717,8992,California
Santa Clara,2020-12-22,3188,12185,3181,12177,7,8,0,0,3185,12177,0,0,3185,12177,California
Santa Clara,2020-12-23,3337,15522,3148,15325,189,197,0,0,3336,15513,0,0,3336,15513,California
Santa Clara,2020-12-24,1933,17455,1746,17071,187,384,0,0,1928,17440,1,1,1928,17441,California
Santa Clara,2020-12-25,348,17803,347,17418,1,385,0,0,348,17788,0,1,348,17789,California
Santa Clara,2020-12-26,1269,19072,1036,18454,233,618,0,0,1268,19056,0,1,1268,19057,California
Santa Clara,2020-12-27,650,19722,508,18962,142,760,0,0,650,19706,0,1,650,19707,California
Santa Clara,2020-12-28,2336,22058,1729,20691,607,1367,0,0,2336,22042,0,1,2336,22043,California
Santa Clara,2020-12-29,2351,24409,1491,22182,860,2227,0,0,2350,24392,0,1,2350,24393,California
Santa Clara,2020-12-30,2985,27394,1890,24072,1095,3322,0,0,2983,27373,2,3,2983,27376,California
Santa Clara,2020-12-31,1217,28611,392,24464,825,4147,0,0,1216,28588,1,4,1216,28592,California
Santa Clara,2021-01-01,145,28756,12,24476,133,4280,0,0,144,28731,1,5,144,28736,California
Santa Clara,2021-01-02,1085,29841,815,25291,270,4550,0,0,1085,29816,0,5,1085,29821,California
Santa Clara,2021-01-03,584,30425,367,25658,217,4767,0,0,579,30392,3,8,579,30400,California
Santa Clara,2021-01-04,2471,32896,1670,27328,801,5568,0,0,2468,32860,0,8,2468,32868,California
Santa Clara,2021-01-05,3069,35965,2011,29339,1058,6626,0,0,2882,35562,186,194,2888,35756,California
Santa Clara,2021-01-06,3336,39301,1968,31307,1368,7994,0,0,2759,37750,573,767,2761,38517,California
Santa Clara,2021-01-07,4222,43523,2562,33869,1660,9654,0,0,3150,39844,1062,1829,3156,41673,California
Santa Clara,2021-01-08,5854,49377,3824,37693,2030,11684,0,0,3794,41582,2056,3885,3794,45467,California
Santa Clara,2021-01-09,2980,52357,1869,39562,1111,12795,0,0,1690,41985,1290,5175,1693,47160,California
Santa Clara,2021-01-10,1958,54315,1514,41076,444,13239,0,0,748,41524,1209,6384,748,47908,California
Santa Clara,2021-01-11,5960,60275,3754,44830,2206,15445,0,0,3385,42340,2574,8958,3390,51298,California
Santa Clara,2021-01-12,6812,67087,3411,48241,3401,18846,0,0,4566,44662,2245,11203,4567,55865,California
Santa Clara,2021-01-13,7381,74468,3058,51299,4323,23169,0,0,5207,47698,2172,13375,5208,61073,California
Santa Clara,2021-01-14,8233,82701,2799,54098,5434,28603,0,0,6492,52456,1736,15111,6494,67567,California
Santa Clara,2021-01-15,9458,92159,2681,56779,6777,35380,0,0,8137,59281,1317,16428,8142,75709,California
Santa Clara,2021-01-16,4295,96454,1230,58009,3065,38445,0,0,3459,61908,832,17260,3459,79168,California
Santa Clara,2021-01-17,3213,99667,603,58612,2610,41055,0,0,2716,64127,497,17757,2716,81884,California
Santa Clara,2021-01-18,5096,104763,1157,59769,3939,44994,0,0,4541,68114,555,18312,4542,86426,California
Santa Clara,2021-01-19,8504,113267,2688,62457,5816,50810,0,0,6817,73250,1684,19996,6820,93246,California
Santa Clara,2021-01-20,8087,121354,4112,66569,3975,54785,0,0,6540,78248,1542,21538,6540,99786,California
Santa Clara,2021-01-21,8699,130053,3776,70345,4923,59708,0,0,7495,84543,1202,22740,7497,107283,California
Santa Clara,2021-01-22,8637,138690,3251,73596,5386,65094,0,0,8069,92048,567,23307,8072,115355,California
Santa Clara,2021-01-23,3781,142471,1686,75282,2095,67189,0,0,2822,93912,959,24266,2823,118178,California
Santa Clara,2021-01-24,2830,145301,1423,76705,1407,68596,0,0,2345,95775,482,24748,2345,120523,California
Santa Clara,2021-01-25,8399,153700,3800,80505,4599,73195,0,0,6326,100038,2065,26813,6328,126851,California
Santa Clara,2021-01-26,8253,161953,3779,84284,4474,77669,0,0,6136,104069,2107,28920,6138,132989,California
Santa Clara,2021-01-27,8719,170672,3831,88115,4888,82557,0,0,6799,108967,1902,30822,6800,139789,California
Santa Clara,2021-01-28,9498,180170,3817,91932,5681,88238,0,0,7536,114566,1941,32763,7540,147329,California
Santa Clara,2021-01-29,9521,189691,3949,95881,5572,93810,0,0,7347,119749,2165,34928,7348,154677,California
Santa Clara,2021-01-30,4157,193848,2071,97952,2086,95896,0,0,2949,121498,1201,36129,2950,157627,California
Santa Clara,2021-01-31,2176,196024,1306,99258,870,96766,0,0,1582,122490,590,36719,1582,159209,California
Santa Clara,2021-02-01,7857,203881,3513,102771,4344,101110,0,0,6150,126943,1699,38418,6152,165361,California
Santa Clara,2021-02-02,8548,212429,2879,105650,5669,106779,0,0,6549,131503,1992,40410,6552,171913,California
Santa Clara,2021-02-03,9210,221639,3490,109140,5720,112499,0,0,6923,136152,2280,42690,6929,178842,California
Santa Clara,2021-02-04,10950,232589,4143,113283,6807,119306,0,0,8659,142533,2281,44971,8662,187504,California
Santa Clara,2021-02-05,11942,244531,4352,117635,7590,126896,0,0,8483,147572,3445,48416,8484,195988,California
Santa Clara,2021-02-06,5206,249737,2826,120461,2380,129276,0,0,4035,150442,1167,49583,4037,200025,California
Santa Clara,2021-02-07,3481,253218,2349,122810,1132,130408,0,0,3027,153017,453,50036,3028,203053,California
Santa Clara,2021-02-08,10020,263238,3483,126293,6537,136945,0,0,7306,157623,2701,52737,7307,210360,California
Santa Clara,2021-02-09,11166,274404,3819,130112,7347,144292,0,0,7669,161810,3486,56223,7673,218033,California
Santa Clara,2021-02-10,12644,287048,4911,135023,7733,152025,0,0,6835,162848,5799,62022,6837,224870,California
Santa Clara,2021-02-11,13545,300593,4732,139755,8813,160838,0,0,7693,164705,5837,67859,7694,232564,California
Santa Clara,2021-02-12,14566,315159,4502,144257,10064,170902,0,0,6993,164147,7553,75412,6995,239559,California
Santa Clara,2021-02-13,6079,321238,1459,145716,4620,175522,0,0,2222,162521,3850,79262,2224,241783,California
Santa Clara,2021-02-14,4607,325845,1140,146856,3467,178989,0,0,1467,160852,3138,82400,1469,243252,California
Santa Clara,2021-02-15,6256,332101,2788,149644,3468,182457,0,0,2701,160005,3548,85948,2701,245953,California
Santa Clara,2021-02-16,13795,345896,4013,153657,9782,192239,0,0,6940,160107,6838,92786,6940,252893,California
Santa Clara,2021-02-17,14091,359987,5507,159164,8584,200823,0,0,7055,160149,7018,99804,7060,259953,California
Santa Clara,2021-02-18,14232,374219,8388,167552,5844,206667,0,0,7245,160450,6947,106751,7248,267201,California
Santa Clara,2021-02-19,14836,389055,9528,177080,5308,211975,0,0,8633,162900,6188,112939,8638,275839,California
Santa Clara,2021-02-20,6826,395881,5107,182187,1719,213694,0,0,3677,163438,3139,116078,3677,279516,California
Santa Clara,2021-02-21,3306,399187,2480,184667,826,214520,0,0,1216,162574,2082,118160,1218,280734,California
Santa Clara,2021-02-22,10179,409366,6096,190763,4083,218603,0,0,4728,161862,5441,123601,4729,285463,California
Santa Clara,2021-02-23,11922,421288,7738,198501,4184,222787,0,0,6769,163495,5140,128741,6773,292236,California
Santa Clara,2021-02-24,14173,435461,9129,207630,5044,227831,0,0,8769,166876,5388,134129,8769,301005,California
Santa Clara,2021-02-25,14649,450110,9274,216904,5375,233206,0,0,7904,168061,6723,140852,7908,308913,California
Santa Clara,2021-02-26,14592,464702,8453,225357,6139,239345,0,0,8019,169532,6551,147403,8022,316935,California
Santa Clara,2021-02-27,8061,472763,5522,230879,2538,241883,1,1,4479,170448,3571,150974,4487,321422,California
Santa Clara,2021-02-28,4736,477499,3081,233960,1655,243538,0,1,2210,170141,2517,153491,2210,323632,California
Santa Clara,2021-03-01,14109,491608,8009,241969,6097,249635,3,4,8738,173531,5351,158842,8741,332373,California
Santa Clara,2021-03-02,16045,507653,9528,251497,6516,256151,1,5,10262,178038,5757,164599,10264,342637,California
Santa Clara,2021-03-03,18479,526132,9081,260578,9395,265546,3,8,11475,182555,6966,171565,11483,354120,California
Santa Clara,2021-03-04,16495,542627,8984,269562,7508,273054,3,11,9601,185347,6814,178379,9606,363726,California
Santa Clara,2021-03-05,16597,559224,9230,278792,7241,280295,126,137,9213,187329,7362,185741,9344,373070,California
Santa Clara,2021-03-06,9426,568650,6315,285107,2673,282968,438,575,7089,192531,2324,188065,7526,380596,California
Santa Clara,2021-03-07,6802,575452,4471,289578,2098,285066,233,808,5424,196816,1370,189435,5655,386251,California
Santa Clara,2021-03-08,12895,588347,6732,296310,5600,290666,563,1371,8283,201068,4594,194029,8846,395097,California
Santa Clara,2021-03-09,15224,603571,6512,302822,7378,298044,1334,2705,6853,200897,8352,202381,8181,403278,California
Santa Clara,2021-03-10,15104,618675,6580,309402,6415,304459,2109,4814,6199,200304,8878,211259,8285,411563,California
Santa Clara,2021-03-11,17054,635729,7759,317161,7786,312245,1509,6323,6045,196862,10981,222240,7539,419102,California
Santa Clara,2021-03-12,17690,653419,9101,326262,7015,319260,1574,7897,5978,192722,11673,233913,7533,426635,California
Santa Clara,2021-03-13,10750,664169,6230,332492,3025,322285,1495,9392,4826,193119,5901,239814,6298,432933,California
Santa Clara,2021-03-14,6512,670681,3373,335865,1833,324118,1306,10698,3176,194270,3319,243133,4470,437403,California
Santa Clara,2021-03-15,12778,683459,6532,342397,5975,330093,271,10969,5992,193770,6763,249896,6263,443666,California
Santa Clara,2021-03-16,18192,701651,10295,352692,7688,337781,209,11178,8813,193439,9350,259246,9019,452685,California
Santa Clara,2021-03-17,19904,721555,11274,363966,8461,346242,169,11347,10287,194323,9566,268812,10450,463135,California
Santa Clara,2021-03-18,19075,740630,8936,372902,8975,355217,1164,12511,9092,194643,9928,278740,10248,473383,California
Santa Clara,2021-03-19,19275,759905,9928,382830,8344,363561,1003,13514,10005,196431,9210,287950,10998,484381,California
Santa Clara,2021-03-20,11511,771416,6346,389176,4338,367899,827,14341,6767,199308,4714,292664,7591,491972,California
Santa Clara,2021-03-21,8304,779720,3770,392946,3135,371034,1399,15740,5570,203541,2722,295386,6955,498927,California
Santa Clara,2021-03-22,16316,796036,9113,402059,6854,377888,349,16089,9303,206207,6985,302371,9651,508578,California
Santa Clara,2021-03-23,19234,815270,12232,414291,6481,384369,521,16610,11174,209890,8013,310384,11696,520274,California
Santa Clara,2021-03-24,22594,837864,14560,428851,7621,391990,413,17023,14657,217066,7896,318280,15072,535346,California
Santa Clara,2021-03-25,22935,860799,13150,442001,8805,400795,980,18003,14784,224727,8089,326369,15750,551096,California
Santa Clara,2021-03-26,21930,882729,13975,455976,7569,408364,386,18389,13514,230242,8379,334748,13894,564990,California
Santa Clara,2021-03-27,15699,898428,10453,466429,4478,412842,768,19157,8418,232187,7239,341987,9184,574174,California
Santa Clara,2021-03-28,12052,910480,8353,474782,2986,415828,713,19870,6471,233811,5556,347543,7180,581354,California
Santa Clara,2021-03-29,20581,931061,12624,487406,7230,423058,727,20597,11162,236314,9378,356921,11881,593235,California
Santa Clara,2021-03-30,25623,956684,15254,502660,8426,431484,1943,22540,16149,244962,9438,366359,18086,611321,California
Santa Clara,2021-03-31,20492,977176,11904,514564,7458,438942,1130,23670,12610,250849,7842,374201,13729,625050,California
Santa Clara,2021-04-01,31821,1008997,19851,534415,8911,447853,3059,26729,20124,262380,11631,385832,23162,648212,California
Santa Clara,2021-04-02,25186,1034183,14344,548759,8674,456527,2168,28897,16455,272301,8691,394523,18612,666824,California
Santa Clara,2021-04-03,15285,1049468,9263,558022,3505,460032,2517,31414,8498,276536,6767,401290,11002,677826,California
Santa Clara,2021-04-04,7644,1057112,4040,562062,2436,462468,1168,32582,3976,278018,3656,404946,5138,682964,California
Santa Clara,2021-04-05,21874,1078986,14572,576634,4826,467294,2476,35058,14284,287204,7564,412510,16750,699714,California
Santa Clara,2021-04-06,29548,1108534,16282,592916,7816,475110,5450,40508,17751,298637,11753,424263,23186,722900,California
Santa Clara,2021-04-07,30860,1139394,15932,608848,8436,483546,6492,47000,18844,311991,11963,436226,25317,748217,California
Santa Clara,2021-04-08,29893,1169287,16337,625185,5974,489520,7582,54582,16298,322313,13527,449753,23849,772066,California
Santa Clara,2021-04-09,27996,1197283,13865,639050,6881,496401,7250,61832,14317,330229,13623,463376,21539,793605,California
Santa Clara,2021-04-10,21378,1218661,12343,651393,3751,500152,5284,67116,11420,336961,9926,473302,16658,810263,California
Santa Clara,2021-04-11,15957,1234618,9567,660960,2645,502797,3745,70861,8280,341317,7647,480949,12003,822266,California
Santa Clara,2021-04-12,26787,1261405,18852,679812,5512,508309,2423,73284,18267,353524,8469,489418,20676,842942,California
Santa Clara,2021-04-13,34241,1295646,26950,706762,7262,515571,29,73313,26421,372249,7745,497163,26470,869412,California
Santa Clara,2021-04-14,36746,1332392,27854,734616,8888,524459,4,73317,26133,387863,10549,507712,26163,895575,California
Santa Clara,2021-04-15,44005,1376397,34137,768753,9866,534325,2,73319,33934,411855,9966,517678,33958,929533,California
Santa Clara,2021-04-16,38334,1414731,26273,795026,12059,546384,2,73321,27509,428626,10764,528442,27535,957068,California
Santa Clara,2021-04-17,21945,1436676,15006,810032,6937,553321,2,73323,15058,436860,6841,535283,15075,972143,California
Santa Clara,2021-04-18,16386,1453062,10661,820693,5725,559046,0,73323,10248,441007,6112,541395,10259,982402,California
Santa Clara,2021-04-19,28811,1481873,20860,841553,7950,566996,1,73324,17250,446796,11491,552886,17280,999682,California
Santa Clara,2021-04-20,36891,1518764,22453,864006,14437,581433,1,73325,22541,455123,14245,567131,22572,1022254,California
Santa Clara,2021-04-21,36785,1555549,21342,885348,15441,596874,2,73327,24361,467182,12335,579466,24394,1046648,California
Santa Clara,2021-04-22,37214,1592763,24820,910168,12393,609267,1,73328,17611,465352,19507,598973,17677,1064325,California
Santa Clara,2021-04-23,31994,1624757,19459,929627,12534,621801,1,73329,15062,463630,16835,615808,15113,1079438,California
Santa Clara,2021-04-24,21091,1645848,15443,945070,5647,627448,1,73330,11978,466594,9042,624850,12006,1091444,California
Santa Clara,2021-04-25,13581,1659429,9818,954888,3756,631204,7,73337,8673,470429,4867,629717,8702,1100146,California
Santa Clara,2021-04-26,24241,1683670,18951,973839,5232,636436,58,73395,10120,466602,14029,643746,10202,1110348,California
Santa Clara,2021-04-27,26676,1710346,19258,993097,7129,643565,289,73684,11710,463763,14875,658621,12036,1122384,California
Santa Clara,2021-04-28,25297,1735643,18658,1011755,6202,649767,437,74121,10414,459867,14804,673425,10908,1133292,California
Santa Clara,2021-04-29,23164,1758807,16823,1028578,5944,655711,397,74518,8356,453942,14740,688165,8815,1142107,California
Santa Clara,2021-04-30,22942,1781749,15716,1044294,6862,662573,364,74882,9756,451032,13101,701266,10191,1152298,California
Santa Clara,2021-05-01,17439,1799188,14505,1058799,2674,665247,260,75142,5493,444927,11899,713165,5794,1158092,California
Santa Clara,2021-05-02,11283,1810471,9360,1068159,1693,666940,230,75372,3497,440932,7744,720909,3749,1161841,California
Santa Clara,2021-05-03,22797,1833268,19374,1087533,2991,669931,432,75804,5147,428964,17581,738490,5613,1167454,California
Santa Clara,2021-05-04,30540,1863808,23911,1111444,6089,676020,540,76344,5492,410085,24951,763441,6072,1173526,California
Santa Clara,2021-05-05,32171,1895979,24458,1135902,7170,683190,543,76887,5440,389457,26634,790075,6006,1179532,California
Santa Clara,2021-05-06,35363,1931342,29476,1165378,5412,688602,475,77362,4678,364073,30556,820631,5172,1184704,California
Santa Clara,2021-05-07,32498,1963840,26149,1191527,5859,694461,490,77852,4642,341518,27727,848358,5172,1189876,California
Santa Clara,2021-05-08,16449,1980289,13381,1204908,2645,697106,423,78275,3483,332558,12882,861240,3922,1193798,California
Santa Clara,2021-05-09,10323,1990612,8955,1213863,1181,698287,187,78462,2454,327379,7833,869073,2654,1196452,California
Santa Clara,2021-05-10,20752,2011364,16632,1230495,3720,702007,400,78862,2734,312595,17938,887011,3154,1199606,California
Santa Clara,2021-05-11,21638,2033002,16273,1246768,4949,706956,416,79278,3902,299273,17647,904658,4325,1203931,California
Santa Clara,2021-05-12,20151,2053153,14777,1261545,4911,711867,463,79741,4170,288019,15901,920559,4647,1208578,California
Santa Clara,2021-05-13,26905,2080058,21905,1283450,4708,716575,292,80033,10696,282885,16128,936687,10994,1219572,California
Santa Clara,2021-05-14,27418,2107476,19118,1302568,7918,724493,382,80415,9549,275047,17778,954465,9940,1229512,California
Santa Clara,2021-05-15,20488,2127964,16421,1318989,3787,728280,280,80695,8027,270976,12385,966850,8314,1237826,California
Santa Clara,2021-05-16,15345,2143309,12346,1331335,2822,731102,177,80872,4986,265861,10280,977130,5165,1242991,California
Santa Clara,2021-05-17,19960,2163269,15670,1347005,3927,735029,363,81235,6847,260036,13040,990170,7215,1250206,California
Santa Clara,2021-05-18,25800,2189069,16378,1363383,9004,744033,418,81653,7260,249308,18403,1008573,7675,1257881,California
Santa Clara,2021-05-19,23974,2213043,13874,1377257,9732,753765,368,82021,7867,241547,16003,1024576,8242,1266123,California
Santa Clara,2021-05-20,16624,2229667,11125,1388382,5111,758876,388,82409,5974,237328,10578,1035154,6359,1272482,California
Santa Clara,2021-05-21,20423,2250090,13748,1402130,6238,765114,437,82846,6947,231328,13396,1048550,7396,1279878,California
Santa Clara,2021-05-22,11296,2261386,8794,1410924,2214,767328,288,83134,4809,229995,6433,1054983,5100,1284978,California
Santa Clara,2021-05-23,6724,2268110,5201,1416125,1375,768703,148,83282,2451,228357,4241,1059224,2603,1287581,California
Santa Clara,2021-05-24,10147,2278257,7156,1423281,2544,771247,447,83729,3655,226028,6430,1065654,4101,1291682,California
Santa Clara,2021-05-25,10911,2289168,7430,1430711,3066,774313,415,84144,4321,224238,6528,1072182,4738,1296420,California
Santa Clara,2021-05-26,9838,2299006,6569,1437280,2973,777286,296,84440,3946,222642,5833,1078015,4237,1300657,California
Santa Clara,2021-05-27,8884,2307890,5667,1442947,2780,780066,437,84877,3456,221166,5364,1083379,3888,1304545,California
Santa Clara,2021-05-28,10421,2318311,6664,1449611,3343,783409,414,85291,4232,219683,6130,1089509,4647,1309192,California
Santa Clara,2021-05-29,6140,2324451,4188,1453799,1692,785101,260,85551,2823,219488,3275,1092784,3080,1312272,California
Santa Clara,2021-05-30,2109,2326560,1610,1455409,353,785454,146,85697,973,219481,1126,1093910,1119,1313391,California
Santa Cruz,2020-12-15,2,2,2,2,0,0,0,0,2,2,0,0,2,2,California
Santa Cruz,2020-12-16,58,60,58,60,0,0,0,0,58,60,0,0,58,60,California
Santa Cruz,2020-12-17,391,451,391,451,0,0,0,0,391,451,0,0,391,451,California
Santa Cruz,2020-12-18,463,914,463,914,0,0,0,0,463,914,0,0,463,914,California
Santa Cruz,2020-12-19,179,1093,178,1092,1,1,0,0,179,1093,0,0,179,1093,California
Santa Cruz,2020-12-20,96,1189,96,1188,0,1,0,0,96,1189,0,0,96,1189,California
Santa Cruz,2020-12-21,437,1626,437,1625,0,1,0,0,437,1626,0,0,437,1626,California
Santa Cruz,2020-12-22,416,2042,415,2040,1,2,0,0,416,2042,0,0,416,2042,California
Santa Cruz,2020-12-23,369,2411,326,2366,43,45,0,0,369,2411,0,0,369,2411,California
Santa Cruz,2020-12-24,126,2537,50,2416,76,121,0,0,126,2537,0,0,126,2537,California
Santa Cruz,2020-12-25,12,2549,12,2428,0,121,0,0,12,2549,0,0,12,2549,California
Santa Cruz,2020-12-26,66,2615,47,2475,19,140,0,0,66,2615,0,0,66,2615,California
Santa Cruz,2020-12-27,32,2647,27,2502,5,145,0,0,32,2647,0,0,32,2647,California
Santa Cruz,2020-12-28,487,3134,108,2610,379,524,0,0,487,3134,0,0,487,3134,California
Santa Cruz,2020-12-29,790,3924,366,2976,424,948,0,0,790,3924,0,0,790,3924,California
Santa Cruz,2020-12-30,354,4278,163,3139,191,1139,0,0,354,4278,0,0,354,4278,California
Santa Cruz,2020-12-31,312,4590,11,3150,301,1440,0,0,312,4590,0,0,312,4590,California
Santa Cruz,2021-01-01,33,4623,1,3151,32,1472,0,0,33,4623,0,0,33,4623,California
Santa Cruz,2021-01-02,68,4691,54,3205,14,1486,0,0,68,4691,0,0,68,4691,California
Santa Cruz,2021-01-03,15,4706,7,3212,8,1494,0,0,15,4706,0,0,15,4706,California
Santa Cruz,2021-01-04,281,4987,124,3336,157,1651,0,0,279,4985,0,0,279,4985,California
Santa Cruz,2021-01-05,565,5552,429,3765,136,1787,0,0,263,4946,302,302,263,5248,California
Santa Cruz,2021-01-06,799,6351,667,4432,132,1919,0,0,460,5068,338,640,460,5708,California
Santa Cruz,2021-01-07,538,6889,214,4646,324,2243,0,0,382,5295,156,796,383,6091,California
Santa Cruz,2021-01-08,931,7820,559,5205,372,2615,0,0,485,5335,446,1242,486,6577,California
Santa Cruz,2021-01-09,462,8282,123,5328,339,2954,0,0,408,5689,54,1296,408,6985,California
Santa Cruz,2021-01-10,78,8360,70,5398,8,2962,0,0,20,5651,58,1354,20,7005,California
Santa Cruz,2021-01-11,716,9076,585,5983,131,3093,0,0,186,5308,530,1884,187,7192,California
Santa Cruz,2021-01-12,718,9794,518,6501,200,3293,0,0,479,5548,239,2123,479,7671,California
Santa Cruz,2021-01-13,520,10314,227,6728,293,3586,0,0,438,5907,79,2202,438,8109,California
Santa Cruz,2021-01-14,549,10863,103,6831,446,4032,0,0,483,6324,66,2268,483,8592,California
Santa Cruz,2021-01-15,1452,12315,75,6906,1377,5409,0,0,1388,7650,64,2332,1390,9982,California
Santa Cruz,2021-01-16,424,12739,52,6958,372,5781,0,0,405,8036,19,2351,405,10387,California
Santa Cruz,2021-01-17,296,13035,41,6999,255,6036,0,0,271,8282,25,2376,271,10658,California
Santa Cruz,2021-01-18,1004,14039,104,7103,900,6936,0,0,943,9164,61,2437,943,11601,California
Santa Cruz,2021-01-19,1610,15649,520,7623,1090,8026,0,0,1261,10079,347,2784,1262,12863,California
Santa Cruz,2021-01-20,1234,16883,181,7804,1053,9079,0,0,1037,10922,194,2978,1037,13900,California
Santa Cruz,2021-01-21,1691,18574,198,8002,1493,10572,0,0,1582,12397,109,3087,1584,15484,California
Santa Cruz,2021-01-22,1783,20357,525,8527,1258,11830,0,0,1680,13978,100,3187,1681,17165,California
Santa Cruz,2021-01-23,396,20753,144,8671,252,12082,0,0,338,14259,57,3244,338,17503,California
Santa Cruz,2021-01-24,115,20868,19,8690,96,12178,0,0,97,14338,18,3262,97,17600,California
Santa Cruz,2021-01-25,1059,21927,359,9049,700,12878,0,0,553,14385,506,3768,553,18153,California
Santa Cruz,2021-01-26,1688,23615,247,9296,1441,14319,0,0,1180,15057,508,4276,1180,19333,California
Santa Cruz,2021-01-27,1644,25259,445,9741,1199,15518,0,0,1261,15937,381,4657,1261,20594,California
Santa Cruz,2021-01-28,1739,26998,289,10030,1450,16968,0,0,1462,17123,277,4934,1463,22057,California
Santa Cruz,2021-01-29,1725,28723,487,10517,1238,18206,0,0,1596,18591,128,5062,1596,23653,California
Santa Cruz,2021-01-30,1054,29777,310,10827,744,18950,0,0,920,19377,134,5196,920,24573,California
Santa Cruz,2021-01-31,222,29999,113,10940,109,19059,0,0,208,19571,14,5210,208,24781,California
Santa Cruz,2021-02-01,1219,31218,748,11688,471,19530,0,0,824,20000,395,5605,824,25605,California
Santa Cruz,2021-02-02,992,32210,125,11813,867,20397,0,0,840,20689,151,5756,840,26445,California
Santa Cruz,2021-02-03,2215,34425,956,12769,1259,21656,0,0,1903,22283,309,6065,1903,28348,California
Santa Cruz,2021-02-04,1840,36265,767,13536,1073,22729,0,0,1502,23448,337,6402,1502,29850,California
Santa Cruz,2021-02-05,3140,39405,778,14314,2362,25091,0,0,2822,25953,317,6719,2822,32672,California
Santa Cruz,2021-02-06,2567,41972,160,14474,2407,27498,0,0,2223,27832,344,7063,2223,34895,California
Santa Cruz,2021-02-07,904,42876,122,14596,782,28280,0,0,887,28702,17,7080,887,35782,California
Santa Cruz,2021-02-08,702,43578,201,14797,501,28781,0,0,507,29015,194,7274,507,36289,California
Santa Cruz,2021-02-09,2357,45935,1050,15847,1307,30088,0,0,2091,30840,266,7540,2091,38380,California
Santa Cruz,2021-02-10,2180,48115,575,16422,1605,31693,0,0,1481,31633,689,8229,1482,39862,California
Santa Cruz,2021-02-11,1826,49941,309,16731,1517,33210,0,0,1312,32433,512,8741,1312,41174,California
Santa Cruz,2021-02-12,3199,53140,415,17146,2784,35994,0,0,1795,32835,1395,10136,1797,42971,California
Santa Cruz,2021-02-13,1699,54839,123,17269,1576,37570,0,0,1287,33710,412,10548,1287,44258,California
Santa Cruz,2021-02-14,1400,56239,71,17340,1329,38899,0,0,1136,34582,264,10812,1136,45394,California
Santa Cruz,2021-02-15,1568,57807,280,17620,1288,40187,0,0,562,34139,1006,11818,563,45957,California
Santa Cruz,2021-02-16,1680,59487,204,17824,1476,41663,0,0,525,33531,1133,12951,525,46482,California
Santa Cruz,2021-02-17,2901,62388,970,18794,1931,43594,0,0,1206,33058,1682,14633,1209,47691,California
Santa Cruz,2021-02-18,2861,65249,631,19425,2230,45824,0,0,1231,32663,1626,16259,1231,48922,California
Santa Cruz,2021-02-19,3239,68488,1133,20558,2106,47930,0,0,1995,33417,1241,17500,1995,50917,California
Santa Cruz,2021-02-20,2372,70860,1490,22048,882,48812,0,0,1877,34799,495,17995,1877,52794,California
Santa Cruz,2021-02-21,836,71696,369,22417,467,49279,0,0,707,35380,127,18122,708,53502,California
Santa Cruz,2021-02-22,1243,72939,955,23372,288,49567,0,0,528,35195,713,18835,528,54030,California
Santa Cruz,2021-02-23,2093,75032,933,24305,1160,50727,0,0,706,34515,1386,20221,706,54736,California
Santa Cruz,2021-02-24,3168,78200,1655,25960,1513,52240,0,0,1202,33756,1961,22182,1202,55938,California
Santa Cruz,2021-02-25,3208,81408,1416,27376,1792,54032,0,0,1765,34087,1435,23617,1766,57704,California
Santa Cruz,2021-02-26,2707,84115,759,28135,1948,55980,0,0,1541,34468,1162,24779,1543,59247,California
Santa Cruz,2021-02-27,2621,86736,931,29066,1690,57670,0,0,1826,35501,793,25572,1826,61073,California
Santa Cruz,2021-02-28,1286,88022,358,29424,928,58598,0,0,1074,36366,209,25781,1074,62147,California
Santa Cruz,2021-03-01,1820,89842,1249,30673,571,59169,0,0,687,35922,1131,26912,687,62834,California
Santa Cruz,2021-03-02,1536,91378,364,31037,1172,60341,0,0,873,36137,661,27573,876,63710,California
Santa Cruz,2021-03-03,2349,93727,633,31670,1716,62057,0,0,1288,36367,1058,28631,1288,64998,California
Santa Cruz,2021-03-04,2998,96725,1412,33082,1585,63642,1,1,2027,37436,960,29591,2029,67027,California
Santa Cruz,2021-03-05,2613,99338,489,33571,2106,65748,18,19,1139,37122,1471,31062,1157,68184,California
Santa Cruz,2021-03-06,3838,103176,1336,34907,2400,68148,102,121,2141,37667,1697,32759,2242,70426,California
Santa Cruz,2021-03-07,1341,104517,128,35035,1142,69290,71,192,556,37510,784,33543,627,71053,California
Santa Cruz,2021-03-08,1089,105606,222,35257,738,70028,129,321,657,37864,432,33975,786,71839,California
Santa Cruz,2021-03-09,1777,107383,262,35519,1367,71395,148,469,708,37654,1066,35041,856,72695,California
Santa Cruz,2021-03-10,3847,111230,2086,37605,1615,73010,146,615,2001,37959,1844,36885,2149,74844,California
Santa Cruz,2021-03-11,2787,114017,1213,38818,1402,74412,172,787,1539,38425,1247,38132,1713,76557,California
Santa Cruz,2021-03-12,2744,116761,882,39700,1570,75982,292,1079,915,37805,1825,39957,1205,77762,California
Santa Cruz,2021-03-13,2304,119065,1326,41026,936,76918,42,1121,1177,37902,1124,41081,1221,78983,California
Santa Cruz,2021-03-14,897,119962,212,41238,671,77589,14,1135,428,37876,467,41548,441,79424,California
Santa Cruz,2021-03-15,1333,121295,474,41712,824,78413,35,1170,573,37729,756,42304,609,80033,California
Santa Cruz,2021-03-16,2307,123602,1090,42802,1177,79590,40,1210,1337,38139,966,43270,1376,81409,California
Santa Cruz,2021-03-17,3942,127544,2322,45124,1610,81200,10,1220,2599,39413,1338,44608,2612,84021,California
Santa Cruz,2021-03-18,3848,131392,2072,47196,1658,82858,118,1338,2059,39804,1786,46394,2177,86198,California
Santa Cruz,2021-03-19,3372,134764,1318,48514,1830,84688,224,1562,1759,40178,1608,48002,1982,88180,California
Santa Cruz,2021-03-20,2161,136925,1613,50127,512,85200,36,1598,1086,40227,1073,49075,1122,89302,California
Santa Cruz,2021-03-21,820,137745,440,50567,258,85458,122,1720,438,40408,380,49455,561,89863,California
Santa Cruz,2021-03-22,1364,139109,845,51412,497,85955,22,1742,941,40952,420,49875,964,90827,California
Santa Cruz,2021-03-23,2549,141658,1432,52844,1067,87022,50,1792,1685,41826,861,50736,1735,92562,California
Santa Cruz,2021-03-24,3099,144757,2111,54955,967,87989,21,1813,2066,42885,1027,51763,2086,94648,California
Santa Cruz,2021-03-25,2637,147394,1323,56278,1277,89266,37,1850,1344,42980,1286,53049,1381,96029,California
Santa Cruz,2021-03-26,3120,150514,1812,58090,1281,90547,27,1877,2146,44185,967,54016,2172,98201,California
Santa Cruz,2021-03-27,3208,153722,2002,60092,1181,91728,25,1902,1508,44029,1690,55706,1534,99735,California
Santa Cruz,2021-03-28,935,154657,577,60669,344,92072,14,1916,493,44098,438,56144,507,100242,California
Santa Cruz,2021-03-29,1986,156643,878,61547,1040,93112,68,1984,1286,44755,697,56841,1354,101596,California
Santa Cruz,2021-03-30,2692,159335,812,62359,1723,94835,157,2141,1712,45647,977,57818,1869,103465,California
Santa Cruz,2021-03-31,4174,163509,2833,65192,1293,96128,48,2189,2198,45922,1971,59789,2246,105711,California
Santa Cruz,2021-04-01,4049,167558,2166,67358,1775,97903,108,2297,2050,46088,1992,61781,2158,107869,California
Santa Cruz,2021-04-02,3290,170848,1425,68783,1687,99590,178,2475,1887,46753,1400,63181,2065,109934,California
Santa Cruz,2021-04-03,2249,173097,1226,70009,889,100479,134,2609,887,46413,1360,64541,1020,110954,California
Santa Cruz,2021-04-04,937,174034,489,70498,392,100871,56,2665,551,46634,386,64927,607,111561,California
Santa Cruz,2021-04-05,2270,176304,790,71288,1312,102183,168,2833,1405,47344,864,65791,1574,113135,California
Santa Cruz,2021-04-06,3398,179702,1650,72938,1368,103551,380,3213,1969,48270,1418,67209,2344,115479,California
Santa Cruz,2021-04-07,4173,183875,1635,74573,2176,105727,362,3575,1812,48093,2358,69567,2181,117660,California
Santa Cruz,2021-04-08,4273,188148,2347,76920,1411,107138,515,4090,2526,49396,1738,71305,3041,120701,California
Santa Cruz,2021-04-09,3705,191853,1510,78430,1795,108933,400,4490,2093,50287,1606,72911,2497,123198,California
Santa Cruz,2021-04-10,2254,194107,1082,79512,921,109854,251,4741,1056,50400,1194,74105,1307,124505,California
Santa Cruz,2021-04-11,990,195097,515,80027,383,110237,92,4833,476,50454,514,74619,568,125073,California
Santa Cruz,2021-04-12,2291,197388,821,80848,1046,111283,424,5257,1098,50796,1179,75798,1521,126594,California
Santa Cruz,2021-04-13,2883,200271,1446,82294,1435,112718,2,5259,1623,51167,1254,77052,1625,128219,California
Santa Cruz,2021-04-14,4602,204873,2242,84536,2360,115078,0,5259,2245,51064,2350,79402,2247,130466,California
Santa Cruz,2021-04-15,5003,209876,3192,87728,1811,116889,0,5259,3159,52390,1833,81235,3159,133625,California
Santa Cruz,2021-04-16,4486,214362,2485,90213,1999,118888,2,5261,2438,52791,2040,83275,2441,136066,California
Santa Cruz,2021-04-17,2247,216609,889,91102,1358,120246,0,5261,1495,53536,750,84025,1495,137561,California
Santa Cruz,2021-04-18,1057,217666,510,91612,546,120792,1,5262,586,53654,469,84494,587,138148,California
Santa Cruz,2021-04-19,2536,220202,1516,93128,1019,121811,1,5263,1609,54339,924,85418,1609,139757,California
Santa Cruz,2021-04-20,3133,223335,1668,94796,1465,123276,0,5263,1794,54804,1330,86748,1795,141552,California
Santa Cruz,2021-04-21,4258,227593,2848,97644,1410,124686,0,5263,2311,55186,1929,88677,2311,143863,California
Santa Cruz,2021-04-22,4308,231901,2905,100549,1403,126089,0,5263,2420,55727,1879,90556,2420,146283,California
Santa Cruz,2021-04-23,3197,235098,1734,102283,1462,127551,1,5264,1390,55319,1798,92354,1390,147673,California
Santa Cruz,2021-04-24,2242,237340,1086,103369,1153,128704,3,5267,702,54495,1529,93883,705,148378,California
Santa Cruz,2021-04-25,1090,238430,696,104065,382,129086,12,5279,450,54324,632,94515,461,148839,California
Santa Cruz,2021-04-26,1895,240325,931,104996,950,130036,14,5293,751,53956,1134,95649,766,149605,California
Santa Cruz,2021-04-27,2807,243132,881,105877,1859,131895,67,5360,1402,54026,1399,97048,1469,151074,California
Santa Cruz,2021-04-28,3414,246546,1888,107765,1449,133344,77,5437,1794,54285,1609,98657,1868,152942,California
Santa Cruz,2021-04-29,3707,250253,2459,110224,1185,134529,63,5500,1278,53211,2416,101073,1342,154284,California
Santa Cruz,2021-04-30,2383,252636,1209,111433,1130,135659,44,5544,1020,52920,1355,102428,1064,155348,California
Santa Cruz,2021-05-01,1285,253921,1019,112452,233,135892,33,5577,598,52866,685,103113,631,155979,California
Santa Cruz,2021-05-02,640,254561,455,112907,160,136052,25,5602,213,52678,427,103540,239,156218,California
Santa Cruz,2021-05-03,1926,256487,993,113900,866,136918,67,5669,659,52150,1255,104795,727,156945,California
Santa Cruz,2021-05-04,2687,259174,1563,115463,1054,137972,70,5739,869,51273,1814,106609,937,157882,California
Santa Cruz,2021-05-05,2766,261940,1378,116841,1316,139288,72,5811,732,50088,1993,108602,808,158690,California
Santa Cruz,2021-05-06,3838,265778,2445,119286,1174,140462,219,6030,855,48194,2965,111567,1071,159761,California
Santa Cruz,2021-05-07,2751,268529,1247,120533,1422,141884,82,6112,433,46397,2313,113880,516,160277,California
Santa Cruz,2021-05-08,1367,269896,687,121220,652,142536,28,6140,387,45834,980,114860,417,160694,California
Santa Cruz,2021-05-09,509,270405,327,121547,159,142695,23,6163,152,45655,354,115214,175,160869,California
Santa Cruz,2021-05-10,2029,272434,1220,122767,744,143439,65,6228,412,44524,1608,116822,477,161346,California
Santa Cruz,2021-05-11,2300,274734,1304,124071,917,144356,79,6307,643,43593,1652,118474,721,162067,California
Santa Cruz,2021-05-12,3021,277755,1294,125365,1653,146009,74,6381,526,41707,2487,120961,601,162668,California
Santa Cruz,2021-05-13,3696,281451,2538,127903,1069,147078,89,6470,1311,40728,2381,123342,1402,164070,California
Santa Cruz,2021-05-14,2893,284344,1646,129549,1207,148285,40,6510,1153,40192,1732,125074,1196,165266,California
Santa Cruz,2021-05-15,2298,286642,1332,130881,954,149239,12,6522,1122,40153,1173,126247,1134,166400,California
Santa Cruz,2021-05-16,723,287365,374,131255,328,149567,21,6543,206,39865,516,126763,228,166628,California
Santa Cruz,2021-05-17,1528,288893,808,132063,649,150216,71,6614,591,39591,936,127699,662,167290,California
Santa Cruz,2021-05-18,2302,291195,1429,133492,850,151066,23,6637,1168,39656,1126,128825,1191,168481,California
Santa Cruz,2021-05-19,2988,294183,1773,135265,1182,152248,33,6670,1257,39223,1723,130548,1290,169771,California
Santa Cruz,2021-05-20,2744,296927,2016,137281,588,152836,140,6810,1283,39198,1454,132002,1429,171200,California
Santa Cruz,2021-05-21,1380,298307,733,138014,558,153394,89,6899,527,38966,849,132851,617,171817,California
Santa Cruz,2021-05-22,1422,299729,1199,139213,215,153609,8,6907,537,38629,882,133733,545,172362,California
Santa Cruz,2021-05-23,215,299944,167,139380,33,153642,15,6922,91,38614,121,133854,106,172468,California
Santa Cruz,2021-05-24,1171,301115,670,140050,422,154064,79,7001,357,38245,803,134657,434,172902,California
Santa Cruz,2021-05-25,2275,303390,1301,141351,932,154996,42,7043,511,37184,1613,136270,552,173454,California
Santa Cruz,2021-05-26,1652,305042,735,142086,875,155871,42,7085,497,36583,1141,137411,540,173994,California
Santa Cruz,2021-05-27,1229,306271,658,142744,489,156360,82,7167,472,36386,751,138162,554,174548,California
Santa Cruz,2021-05-28,849,307120,389,143133,438,156798,22,7189,388,36344,453,138615,411,174959,California
Santa Cruz,2021-05-29,556,307676,329,143462,218,157016,9,7198,301,36402,252,138867,310,175269,California
Santa Cruz,2021-05-30,41,307717,35,143497,6,157022,0,7198,15,36393,24,138891,15,175284,California
Shasta,2020-12-16,131,131,131,131,0,0,0,0,131,131,0,0,131,131,California
Shasta,2020-12-17,420,551,420,551,0,0,0,0,420,551,0,0,420,551,California
Shasta,2020-12-18,166,717,166,717,0,0,0,0,166,717,0,0,166,717,California
Shasta,2020-12-19,1,718,1,718,0,0,0,0,1,718,0,0,1,718,California
Shasta,2020-12-21,79,797,79,797,0,0,0,0,79,797,0,0,79,797,California
Shasta,2020-12-22,192,989,187,984,5,5,0,0,192,989,0,0,192,989,California
Shasta,2020-12-23,174,1163,170,1154,4,9,0,0,174,1163,0,0,174,1163,California
Shasta,2020-12-24,18,1181,18,1172,0,9,0,0,18,1181,0,0,18,1181,California
Shasta,2020-12-26,4,1185,1,1173,3,12,0,0,4,1185,0,0,4,1185,California
Shasta,2020-12-27,1,1186,0,1173,1,13,0,0,1,1186,0,0,1,1186,California
Shasta,2020-12-28,40,1226,31,1204,9,22,0,0,40,1226,0,0,40,1226,California
Shasta,2020-12-29,186,1412,185,1389,1,23,0,0,186,1412,0,0,186,1412,California
Shasta,2020-12-30,178,1590,168,1557,10,33,0,0,178,1590,0,0,178,1590,California
Shasta,2020-12-31,83,1673,2,1559,81,114,0,0,83,1673,0,0,83,1673,California
Shasta,2021-01-02,2,1675,0,1559,2,116,0,0,2,1675,0,0,2,1675,California
Shasta,2021-01-03,1,1676,1,1560,0,116,0,0,1,1676,0,0,1,1676,California
Shasta,2021-01-04,372,2048,306,1866,66,182,0,0,373,2049,0,0,373,2049,California
Shasta,2021-01-05,335,2383,314,2180,21,203,0,0,253,2220,82,82,253,2302,California
Shasta,2021-01-06,466,2849,395,2575,71,274,0,0,203,2161,262,344,203,2505,California
Shasta,2021-01-07,125,2974,36,2611,89,363,0,0,104,2244,21,365,104,2609,California
Shasta,2021-01-08,525,3499,448,3059,77,440,0,0,317,2353,208,573,317,2926,California
Shasta,2021-01-09,73,3572,64,3123,9,449,0,0,71,2422,2,575,71,2997,California
Shasta,2021-01-10,5,3577,0,3123,5,454,0,0,4,2426,1,576,5,3002,California
Shasta,2021-01-11,405,3982,184,3307,221,675,0,0,370,2761,35,611,370,3372,California
Shasta,2021-01-12,487,4469,330,3637,157,832,0,0,312,2898,175,786,312,3684,California
Shasta,2021-01-13,599,5068,267,3904,332,1164,0,0,430,3159,169,955,430,4114,California
Shasta,2021-01-14,501,5569,52,3956,449,1613,0,0,483,3624,18,973,483,4597,California
Shasta,2021-01-15,686,6255,134,4090,552,2165,0,0,684,4306,2,975,684,5281,California
Shasta,2021-01-16,897,7152,54,4144,843,3008,0,0,894,5197,3,978,894,6175,California
Shasta,2021-01-17,27,7179,6,4150,21,3029,0,0,23,5216,4,982,23,6198,California
Shasta,2021-01-18,598,7777,128,4278,470,3499,0,0,590,5798,8,990,590,6788,California
Shasta,2021-01-19,1058,8835,398,4676,660,4159,0,0,910,6560,148,1138,910,7698,California
Shasta,2021-01-20,681,9516,413,5089,268,4427,0,0,494,6872,182,1320,494,8192,California
Shasta,2021-01-21,633,10149,280,5369,353,4780,0,0,610,7459,23,1343,610,8802,California
Shasta,2021-01-22,447,10596,173,5542,274,5054,0,0,441,7894,6,1349,441,9243,California
Shasta,2021-01-23,68,10664,5,5547,63,5117,0,0,67,7960,1,1350,67,9310,California
Shasta,2021-01-24,25,10689,2,5549,23,5140,0,0,24,7983,1,1351,24,9334,California
Shasta,2021-01-25,750,11439,491,6040,259,5399,0,0,464,8162,285,1636,464,9798,California
Shasta,2021-01-26,709,12148,333,6373,376,5775,0,0,475,8405,232,1868,475,10273,California
Shasta,2021-01-27,459,12607,179,6552,280,6055,0,0,410,8766,49,1917,410,10683,California
Shasta,2021-01-28,887,13494,576,7128,311,6366,0,0,665,9209,222,2139,665,11348,California
Shasta,2021-01-29,833,14327,332,7460,501,6867,0,0,643,9663,190,2329,644,11992,California
Shasta,2021-01-30,616,14943,15,7475,601,7468,0,0,606,10259,10,2339,606,12598,California
Shasta,2021-01-31,27,14970,3,7478,24,7492,0,0,26,10284,1,2340,26,12624,California
Shasta,2021-02-01,530,15500,148,7626,382,7874,0,0,386,10526,144,2484,386,13010,California
Shasta,2021-02-02,988,16488,500,8126,488,8362,0,0,896,11332,90,2574,896,13906,California
Shasta,2021-02-03,723,17211,211,8337,512,8874,0,0,488,11585,235,2809,488,14394,California
Shasta,2021-02-04,1098,18309,675,9012,423,9297,0,0,905,12298,192,3001,905,15299,California
Shasta,2021-02-05,1254,19563,165,9177,1089,10386,0,0,1047,13139,206,3207,1047,16346,California
Shasta,2021-02-06,1746,21309,41,9218,1705,12091,0,0,1723,14839,23,3230,1723,18069,California
Shasta,2021-02-07,25,21334,3,9221,22,12113,0,0,23,14860,2,3232,23,18092,California
Shasta,2021-02-08,596,21930,168,9389,428,12541,0,0,306,14876,290,3522,306,18398,California
Shasta,2021-02-09,1124,23054,654,10043,470,13011,0,0,731,15215,393,3915,732,19130,California
Shasta,2021-02-10,1124,24178,788,10831,336,13347,0,0,599,15289,526,4441,600,19730,California
Shasta,2021-02-11,891,25069,186,11017,705,14052,0,0,369,15141,517,4958,369,20099,California
Shasta,2021-02-12,1778,26847,1199,12216,579,14631,0,0,1227,15817,551,5509,1227,21326,California
Shasta,2021-02-13,1381,28228,368,12584,1013,15644,0,0,570,15576,812,6321,571,21897,California
Shasta,2021-02-14,150,28378,4,12588,146,15790,0,0,126,15678,24,6345,126,22023,California
Shasta,2021-02-15,377,28755,89,12677,288,16078,0,0,208,15717,169,6514,208,22231,California
Shasta,2021-02-16,1196,29951,521,13198,675,16753,0,0,422,15366,773,7287,422,22653,California
Shasta,2021-02-17,1034,30985,438,13636,596,17349,0,0,414,15160,620,7907,414,23067,California
Shasta,2021-02-18,949,31934,468,14104,481,17830,0,0,459,15130,490,8397,460,23527,California
Shasta,2021-02-19,1338,33272,946,15050,392,18222,0,0,871,15534,467,8864,871,24398,California
Shasta,2021-02-20,803,34075,90,15140,713,18935,0,0,304,15339,499,9363,304,24702,California
Shasta,2021-02-21,32,34107,3,15143,29,18964,0,0,10,15327,22,9385,10,24712,California
Shasta,2021-02-22,430,34537,77,15220,353,19317,0,0,178,15254,251,9636,178,24890,California
Shasta,2021-02-23,910,35447,469,15689,441,19758,0,0,327,14998,583,10219,327,25217,California
Shasta,2021-02-24,891,36338,509,16198,382,20140,0,0,274,14656,616,10835,274,25491,California
Shasta,2021-02-25,519,36857,163,16361,356,20496,0,0,162,14462,356,11191,162,25653,California
Shasta,2021-02-26,791,37648,94,16455,697,21193,0,0,332,14336,458,11649,332,25985,California
Shasta,2021-02-27,827,38475,27,16482,800,21993,0,0,188,13887,637,12286,188,26173,California
Shasta,2021-02-28,176,38651,4,16486,172,22165,0,0,126,13963,50,12336,126,26299,California
Shasta,2021-03-01,583,39234,58,16544,525,22690,0,0,295,13971,287,12623,295,26594,California
Shasta,2021-03-02,1030,40264,474,17018,556,23246,0,0,339,13621,689,13312,339,26933,California
Shasta,2021-03-03,674,40938,172,17190,502,23748,0,0,245,13437,429,13741,245,27178,California
Shasta,2021-03-04,3034,43972,2419,19609,615,24363,0,0,1749,13903,1284,15025,1750,28928,California
Shasta,2021-03-05,1558,45530,161,19770,1368,25731,29,29,789,13951,770,15795,818,29746,California
Shasta,2021-03-06,2743,48273,385,20155,2311,28042,47,76,855,12967,1886,17681,902,30648,California
Shasta,2021-03-07,92,48365,4,20159,56,28098,32,108,38,12983,54,17735,70,30718,California
Shasta,2021-03-08,570,48935,46,20205,385,28483,139,247,157,12868,411,18146,296,31014,California
Shasta,2021-03-09,1254,50189,595,20800,481,28964,178,425,699,13189,555,18701,876,31890,California
Shasta,2021-03-10,799,50988,257,21057,340,29304,202,627,136,12863,662,19363,336,32226,California
Shasta,2021-03-11,1558,52546,471,21528,815,30119,272,899,940,13460,615,19978,1212,33438,California
Shasta,2021-03-12,1560,54106,848,22376,463,30582,249,1148,412,12972,1147,21125,659,34097,California
Shasta,2021-03-13,758,54864,425,22801,232,30814,101,1249,474,13262,283,21408,573,34670,California
Shasta,2021-03-14,1019,55883,8,22809,989,31803,22,1271,880,14026,139,21547,903,35573,California
Shasta,2021-03-15,496,56379,35,22844,361,32164,100,1371,210,14049,286,21833,309,35882,California
Shasta,2021-03-16,1135,57514,149,22993,919,33083,67,1438,851,14683,284,22117,918,36800,California
Shasta,2021-03-17,734,58248,191,23184,485,33568,58,1496,394,14802,333,22450,452,37252,California
Shasta,2021-03-18,1545,59793,586,23770,855,34423,104,1600,1118,15601,423,22873,1222,38474,California
Shasta,2021-03-19,648,60441,196,23966,396,34819,56,1656,414,15838,233,23106,470,38944,California
Shasta,2021-03-20,747,61188,489,24455,244,35063,14,1670,599,16303,148,23254,613,39557,California
Shasta,2021-03-21,313,61501,298,24753,4,35067,11,1681,286,16574,26,23280,297,39854,California
Shasta,2021-03-22,347,61848,37,24790,274,35341,36,1717,199,16662,147,23427,235,40089,California
Shasta,2021-03-23,1312,63160,653,25443,599,35940,60,1777,757,16929,550,23977,817,40906,California
Shasta,2021-03-24,611,63771,156,25599,417,36357,38,1815,367,17091,243,24220,405,41311,California
Shasta,2021-03-25,1134,64905,449,26048,664,37021,21,1836,820,17622,311,24531,842,42153,California
Shasta,2021-03-26,1836,66741,1404,27452,402,37423,30,1866,1477,18771,359,24890,1508,43661,California
Shasta,2021-03-27,1594,68335,405,27857,317,37740,872,2738,576,19199,1016,25906,1444,45105,California
Shasta,2021-03-28,405,68740,299,28156,96,37836,10,2748,300,19406,103,26009,310,45415,California
Shasta,2021-03-29,420,69160,40,28196,368,38204,12,2760,166,19331,253,26262,178,45593,California
Shasta,2021-03-30,1247,70407,766,28962,464,38668,17,2777,625,19354,619,26881,642,46235,California
Shasta,2021-03-31,620,71027,206,29168,408,39076,6,2783,384,19513,231,27112,390,46625,California
Shasta,2021-04-01,897,71924,248,29416,637,39713,12,2795,576,19782,319,27431,588,47213,California
Shasta,2021-04-02,755,72679,200,29616,501,40214,54,2849,415,19913,338,27769,469,47682,California
Shasta,2021-04-03,514,73193,362,29978,133,40347,19,2868,389,20196,125,27894,408,48090,California
Shasta,2021-04-04,293,73486,176,30154,96,40443,21,2889,218,20360,75,27969,239,48329,California
Shasta,2021-04-05,445,73931,69,30223,312,40755,64,2953,254,20487,191,28160,318,48647,California
Shasta,2021-04-06,1164,75095,487,30710,503,41258,174,3127,539,20580,620,28780,713,49360,California
Shasta,2021-04-07,656,75751,213,30923,280,41538,163,3290,258,20607,394,29174,421,49781,California
Shasta,2021-04-08,1154,76905,263,31186,735,42273,156,3446,223,20060,929,30103,382,50163,California
Shasta,2021-04-09,2589,79494,2071,33257,307,42580,211,3657,2008,21703,574,30677,2217,52380,California
Shasta,2021-04-10,881,80375,594,33851,158,42738,129,3786,267,21484,614,31291,395,52775,California
Shasta,2021-04-11,1251,81626,397,34248,834,43572,20,3806,144,20545,1103,32394,164,52939,California
Shasta,2021-04-12,338,81964,7,34255,269,43841,62,3868,97,20463,240,32634,158,53097,California
Shasta,2021-04-13,1268,83232,366,34621,900,44741,2,3870,338,19876,926,33560,339,53436,California
Shasta,2021-04-14,593,83825,143,34764,448,45189,2,3872,222,19730,370,33930,224,53660,California
Shasta,2021-04-15,1072,84897,258,35022,814,46003,0,3872,299,19259,770,34700,299,53959,California
Shasta,2021-04-16,2340,87237,1845,36867,495,46498,0,3872,935,18791,1403,36103,935,54894,California
Shasta,2021-04-17,642,87879,411,37278,231,46729,0,3872,189,18528,453,36556,190,55084,California
Shasta,2021-04-18,265,88144,240,37518,25,46754,0,3872,32,18329,231,36787,32,55116,California
Shasta,2021-04-19,381,88525,27,37545,354,47108,0,3872,162,18272,219,37006,162,55278,California
Shasta,2021-04-20,1011,89536,256,37801,755,47863,0,3872,377,18016,633,37639,377,55655,California
Shasta,2021-04-21,605,90141,220,38021,385,48248,0,3872,304,18019,301,37940,304,55959,California
Shasta,2021-04-22,965,91106,283,38304,682,48930,0,3872,299,17654,664,38604,299,56258,California
Shasta,2021-04-23,659,91765,264,38568,395,49325,0,3872,328,17652,330,38934,328,56586,California
Shasta,2021-04-24,600,92365,357,38925,242,49567,1,3873,108,17270,490,39424,108,56694,California
Shasta,2021-04-25,211,92576,182,39107,28,49595,1,3874,37,17134,174,39598,38,56732,California
Shasta,2021-04-26,485,93061,52,39159,428,50023,5,3879,337,17329,146,39744,341,57073,California
Shasta,2021-04-27,536,93597,178,39337,322,50345,36,3915,296,17422,237,39981,330,57403,California
Shasta,2021-04-28,578,94175,158,39495,387,50732,33,3948,253,17382,325,40306,285,57688,California
Shasta,2021-04-29,783,94958,120,39615,640,51372,23,3971,182,16987,600,40906,205,57893,California
Shasta,2021-04-30,2268,97226,1842,41457,395,51767,31,4002,270,15291,1997,42903,301,58194,California
Shasta,2021-05-01,224,97450,20,41477,128,51895,76,4078,96,15335,128,43031,172,58366,California
Shasta,2021-05-02,46,97496,16,41493,17,51912,13,4091,19,15340,27,43058,32,58398,California
Shasta,2021-05-03,351,97847,94,41587,231,52143,26,4117,112,15240,238,43296,138,58536,California
Shasta,2021-05-04,528,98375,193,41780,296,52439,39,4156,254,15262,271,43567,293,58829,California
Shasta,2021-05-05,432,98807,140,41920,275,52714,17,4173,200,15247,232,43799,217,59046,California
Shasta,2021-05-06,696,99503,266,42186,390,53104,40,4213,297,15194,390,44189,337,59383,California
Shasta,2021-05-07,1116,100619,735,42921,342,53446,39,4252,304,14726,811,45000,343,59726,California
Shasta,2021-05-08,167,100786,83,43004,74,53520,10,4262,98,14765,68,45068,107,59833,California
Shasta,2021-05-09,66,100852,15,43019,46,53566,5,4267,35,14774,31,45099,40,59873,California
Shasta,2021-05-10,260,101112,21,43040,189,53755,50,4317,113,14790,144,45243,160,60033,California
Shasta,2021-05-11,507,101619,160,43200,198,53953,149,4466,174,14781,332,45575,323,60356,California
Shasta,2021-05-12,369,101988,142,43342,205,54158,22,4488,119,14673,249,45824,141,60497,California
Shasta,2021-05-13,534,102522,224,43566,294,54452,16,4504,197,14551,335,46159,213,60710,California
Shasta,2021-05-14,630,103152,260,43826,344,54796,26,4530,281,14511,348,46507,308,61018,California
Shasta,2021-05-15,396,103548,127,43953,164,54960,105,4635,165,14550,230,46737,269,61287,California
Shasta,2021-05-16,223,103771,155,44108,58,55018,10,4645,164,14665,59,46796,174,61461,California
Shasta,2021-05-17,539,104310,243,44351,236,55254,60,4705,286,14759,252,47048,346,61807,California
Shasta,2021-05-18,609,104919,293,44644,292,55546,24,4729,326,14826,283,47331,350,62157,California
Shasta,2021-05-19,578,105497,280,44924,230,55776,68,4797,285,14889,290,47621,353,62510,California
Shasta,2021-05-20,512,106009,235,45159,260,56036,17,4814,244,14885,265,47886,261,62771,California
Shasta,2021-05-21,537,106546,258,45417,260,56296,19,4833,274,14917,261,48147,293,63064,California
Shasta,2021-05-22,190,106736,112,45529,71,56367,7,4840,121,14978,67,48214,128,63192,California
Shasta,2021-05-23,95,106831,43,45572,41,56408,11,4851,59,15012,36,48250,70,63262,California
Shasta,2021-05-24,522,107353,159,45731,332,56740,31,4882,186,14894,335,48585,217,63479,California
Shasta,2021-05-25,421,107774,170,45901,208,56948,43,4925,155,14828,263,48848,197,63676,California
Shasta,2021-05-26,352,108126,139,46040,187,57135,26,4951,148,14798,204,49052,174,63850,California
Shasta,2021-05-27,433,108559,161,46201,263,57398,9,4960,162,14702,267,49319,171,64021,California
Shasta,2021-05-28,444,109003,203,46404,214,57612,27,4987,210,14707,232,49551,237,64258,California
Shasta,2021-05-29,219,109222,64,46468,125,57737,30,5017,92,14701,127,49678,121,64379,California
Shasta,2021-05-30,14,109236,6,46474,8,57745,0,5017,9,14705,5,49683,9,64388,California
Sierra,2020-12-18,1,1,1,1,0,0,0,0,1,1,0,0,1,1,California
Sierra,2020-12-21,2,3,2,3,0,0,0,0,2,3,0,0,2,3,California
Sierra,2020-12-22,12,15,12,15,0,0,0,0,12,15,0,0,12,15,California
Sierra,2020-12-23,4,19,4,19,0,0,0,0,4,19,0,0,4,19,California
Sierra,2020-12-28,1,20,0,19,1,1,0,0,1,20,0,0,1,20,California
Sierra,2020-12-29,49,69,7,26,42,43,0,0,49,69,0,0,49,69,California
Sierra,2020-12-30,2,71,0,26,2,45,0,0,2,71,0,0,2,71,California
Sierra,2020-12-31,13,84,0,26,13,58,0,0,13,84,0,0,13,84,California
Sierra,2021-01-01,1,85,1,27,0,58,0,0,1,85,0,0,1,85,California
Sierra,2021-01-05,64,149,2,29,62,120,0,0,64,149,0,0,64,149,California
Sierra,2021-01-06,1,150,1,30,0,120,0,0,1,150,0,0,1,150,California
Sierra,2021-01-07,21,171,1,31,20,140,0,0,20,169,1,1,20,170,California
Sierra,2021-01-08,1,172,1,32,0,140,0,0,1,170,0,1,1,171,California
Sierra,2021-01-11,3,175,3,35,0,140,0,0,0,167,3,4,0,171,California
Sierra,2021-01-12,39,214,12,47,27,167,0,0,27,182,12,16,27,198,California
Sierra,2021-01-13,3,217,3,50,0,167,0,0,0,179,3,19,0,198,California
Sierra,2021-01-14,35,252,2,52,33,200,0,0,35,214,0,19,35,233,California
Sierra,2021-01-15,3,255,1,53,2,202,0,0,3,217,0,19,3,236,California
Sierra,2021-01-18,2,257,0,53,2,204,0,0,2,219,0,19,2,238,California
Sierra,2021-01-19,32,289,0,53,32,236,0,0,32,251,0,19,32,270,California
Sierra,2021-01-20,1,290,1,54,0,236,0,0,1,252,0,19,1,271,California
Sierra,2021-01-21,52,342,0,54,52,288,0,0,52,304,0,19,52,323,California
Sierra,2021-01-22,2,344,0,54,2,290,0,0,2,306,0,19,2,325,California
Sierra,2021-01-23,2,346,0,54,2,292,0,0,2,308,0,19,2,327,California
Sierra,2021-01-26,62,408,0,54,62,354,0,0,24,294,38,57,24,351,California
Sierra,2021-01-27,4,412,4,58,0,354,0,0,0,290,4,61,0,351,California
Sierra,2021-01-28,53,465,0,58,53,407,0,0,43,323,10,71,43,394,California
Sierra,2021-01-29,2,467,0,58,2,409,0,0,2,325,0,71,2,396,California
Sierra,2021-01-30,3,470,3,61,0,409,0,0,2,326,1,72,2,398,California
Sierra,2021-02-01,1,471,0,61,1,410,0,0,0,325,1,73,0,398,California
Sierra,2021-02-02,58,529,1,62,57,467,0,0,19,305,39,112,19,417,California
Sierra,2021-02-03,6,535,5,67,1,468,0,0,5,309,1,113,5,422,California
Sierra,2021-02-04,102,637,5,72,97,565,0,0,53,313,49,162,53,475,California
Sierra,2021-02-05,6,643,4,76,2,567,0,0,5,317,1,163,5,480,California
Sierra,2021-02-09,51,694,0,76,51,618,0,0,48,362,3,166,48,528,California
Sierra,2021-02-10,4,698,2,78,2,620,0,0,4,366,0,166,4,532,California
Sierra,2021-02-11,195,893,1,79,194,814,0,0,134,439,61,227,134,666,California
Sierra,2021-02-12,20,913,0,79,20,834,0,0,20,459,0,227,20,686,California
Sierra,2021-02-13,1,914,1,80,0,834,0,0,1,460,0,227,1,687,California
Sierra,2021-02-15,2,916,2,82,0,834,0,0,0,458,2,229,0,687,California
Sierra,2021-02-16,43,959,0,82,43,877,0,0,10,435,33,262,10,697,California
Sierra,2021-02-17,4,963,0,82,4,881,0,0,1,433,3,265,1,698,California
Sierra,2021-02-18,140,1103,0,82,140,1021,0,0,91,475,49,314,91,789,California
Sierra,2021-02-19,2,1105,1,83,1,1022,0,0,1,475,1,315,1,790,California
Sierra,2021-02-20,2,1107,2,85,0,1022,0,0,0,473,2,317,0,790,California
Sierra,2021-02-22,1,1108,1,86,0,1022,0,0,1,474,0,317,1,791,California
Sierra,2021-02-23,4,1112,0,86,4,1026,0,0,4,478,0,317,4,795,California
Sierra,2021-02-24,3,1115,2,88,1,1027,0,0,3,481,0,317,3,798,California
Sierra,2021-02-25,126,1241,2,90,124,1151,0,0,59,474,66,383,59,857,California
Sierra,2021-02-26,11,1252,6,96,5,1156,0,0,4,471,7,390,4,861,California
Sierra,2021-02-27,2,1254,2,98,0,1156,0,0,0,469,2,392,0,861,California
Sierra,2021-03-01,2,1256,2,100,0,1156,0,0,0,467,2,394,0,861,California
Sierra,2021-03-02,56,1312,0,100,56,1212,0,0,38,487,18,412,38,899,California
Sierra,2021-03-03,2,1314,2,102,0,1212,0,0,1,487,1,413,1,900,California
Sierra,2021-03-04,108,1422,0,102,108,1320,0,0,60,499,48,461,60,960,California
Sierra,2021-03-05,13,1435,1,103,12,1332,0,0,11,508,2,463,11,971,California
Sierra,2021-03-07,1,1436,1,104,0,1332,0,0,0,507,1,464,0,971,California
Sierra,2021-03-08,2,1438,2,106,0,1332,0,0,2,509,0,464,2,973,California
Sierra,2021-03-09,56,1494,0,106,56,1388,0,0,12,477,44,508,12,985,California
Sierra,2021-03-10,6,1500,0,106,6,1394,0,0,4,479,2,510,4,989,California
Sierra,2021-03-11,176,1676,0,106,176,1570,0,0,44,391,132,642,44,1033,California
Sierra,2021-03-12,20,1696,1,107,19,1589,0,0,0,371,20,662,0,1033,California
Sierra,2021-03-13,28,1724,0,107,28,1617,0,0,28,399,0,662,28,1061,California
Sierra,2021-03-14,1,1725,0,107,0,1617,1,1,0,399,1,663,1,1062,California
Sierra,2021-03-15,2,1727,1,108,0,1617,1,2,0,398,2,665,1,1063,California
Sierra,2021-03-16,35,1762,0,108,34,1651,1,3,22,408,13,678,23,1086,California
Sierra,2021-03-17,3,1765,2,110,1,1652,0,3,0,405,3,681,0,1086,California
Sierra,2021-03-18,158,1923,0,110,158,1810,0,3,65,377,93,774,65,1151,California
Sierra,2021-03-19,4,1927,2,112,2,1812,0,3,1,375,3,777,1,1152,California
Sierra,2021-03-20,1,1928,0,112,1,1813,0,3,1,376,0,777,1,1153,California
Sierra,2021-03-23,22,1950,0,112,22,1835,0,3,13,380,9,786,13,1166,California
Sierra,2021-03-24,3,1953,1,113,2,1837,0,3,1,379,2,788,1,1167,California
Sierra,2021-03-25,99,2052,1,114,98,1935,0,3,50,380,49,837,50,1217,California
Sierra,2021-03-26,12,2064,1,115,11,1946,0,3,8,384,4,841,8,1225,California
Sierra,2021-03-27,1,2065,0,115,1,1947,0,3,0,383,1,842,0,1225,California
Sierra,2021-03-29,1,2066,1,116,0,1947,0,3,0,382,1,843,0,1225,California
Sierra,2021-03-30,55,2121,1,117,54,2001,0,3,22,371,33,876,22,1247,California
Sierra,2021-03-31,8,2129,0,117,8,2009,0,3,8,379,0,876,8,1255,California
Sierra,2021-04-01,63,2192,1,118,62,2071,0,3,5,328,56,932,5,1260,California
Sierra,2021-04-02,3,2195,2,120,1,2072,0,3,2,329,1,933,2,1262,California
Sierra,2021-04-04,1,2196,0,120,1,2073,0,3,0,329,0,933,0,1262,California
Sierra,2021-04-06,11,2207,0,120,11,2084,0,3,1,320,10,943,1,1263,California
Sierra,2021-04-07,14,2221,3,123,6,2090,5,8,3,318,10,953,8,1271,California
Sierra,2021-04-08,54,2275,2,125,52,2142,0,8,16,296,38,991,16,1287,California
Sierra,2021-04-09,2,2277,2,127,0,2142,0,8,1,296,1,992,1,1288,California
Sierra,2021-04-10,27,2304,0,127,27,2169,0,8,0,269,27,1019,0,1288,California
Sierra,2021-04-12,1,2305,0,127,0,2169,1,9,0,269,1,1020,1,1289,California
Sierra,2021-04-13,45,2350,0,127,45,2214,0,9,5,234,40,1060,5,1294,California
Sierra,2021-04-14,1,2351,0,127,1,2215,0,9,1,235,0,1060,1,1295,California
Sierra,2021-04-15,49,2400,1,128,48,2263,0,9,2,190,47,1107,2,1297,California
Sierra,2021-04-17,2,2402,1,129,1,2264,0,9,1,190,1,1108,1,1298,California
Sierra,2021-04-18,1,2403,0,129,1,2265,0,9,0,190,0,1108,0,1298,California
Sierra,2021-04-19,1,2404,1,130,0,2265,0,9,0,189,1,1109,0,1298,California
Sierra,2021-04-20,34,2438,1,131,33,2298,0,9,7,169,27,1136,7,1305,California
Sierra,2021-04-21,2,2440,1,132,1,2299,0,9,1,169,1,1137,1,1306,California
Sierra,2021-04-22,64,2504,1,133,63,2362,0,9,5,116,58,1195,5,1311,California
Sierra,2021-04-23,11,2515,0,133,11,2373,0,9,3,111,8,1203,3,1314,California
Sierra,2021-04-24,4,2519,0,133,4,2377,0,9,4,115,0,1203,4,1318,California
Sierra,2021-04-27,28,2547,1,134,27,2404,0,9,5,97,23,1226,5,1323,California
Sierra,2021-04-28,10,2557,2,136,8,2412,0,9,1,89,9,1235,1,1324,California
Sierra,2021-04-29,20,2577,2,138,18,2430,0,9,14,97,6,1241,14,1338,California
Sierra,2021-04-30,4,2581,2,140,2,2432,0,9,2,97,2,1243,2,1340,California
Sierra,2021-05-03,1,2582,1,141,0,2432,0,9,1,98,0,1243,1,1341,California
Sierra,2021-05-04,1,2583,0,141,1,2433,0,9,0,97,1,1244,0,1341,California
Sierra,2021-05-05,22,2605,0,141,22,2455,0,9,7,89,15,1259,7,1348,California
Sierra,2021-05-06,1,2606,1,142,0,2455,0,9,0,88,1,1260,0,1348,California
Sierra,2021-05-07,1,2607,1,143,0,2455,0,9,1,89,0,1260,1,1349,California
Sierra,2021-05-08,1,2608,0,143,0,2455,1,10,0,89,1,1261,1,1350,California
Sierra,2021-05-11,11,2619,0,143,4,2459,7,17,0,85,11,1272,7,1357,California
Sierra,2021-05-12,10,2629,1,144,9,2468,0,17,7,89,3,1275,7,1364,California
Sierra,2021-05-13,3,2632,2,146,1,2469,0,17,2,90,1,1276,2,1366,California
Sierra,2021-05-14,3,2635,1,147,2,2471,0,17,3,93,0,1276,3,1369,California
Sierra,2021-05-17,1,2636,1,148,0,2471,0,17,1,94,0,1276,1,1370,California
Sierra,2021-05-18,3,2639,1,149,1,2472,1,18,0,92,3,1279,1,1371,California
Sierra,2021-05-19,6,2645,3,152,3,2475,0,18,2,90,4,1283,2,1373,California
Sierra,2021-05-20,9,2654,8,160,0,2475,1,19,8,98,1,1284,9,1382,California
Sierra,2021-05-21,4,2658,2,162,2,2477,0,19,1,96,3,1287,1,1383,California
Sierra,2021-05-22,4,2662,0,162,4,2481,0,19,0,92,4,1291,0,1383,California
Sierra,2021-05-23,1,2663,0,162,1,2482,0,19,1,93,0,1291,1,1384,California
Sierra,2021-05-24,2,2665,1,163,1,2483,0,19,1,93,1,1292,1,1385,California
Sierra,2021-05-25,2,2667,0,163,2,2485,0,19,0,91,2,1294,0,1385,California
Sierra,2021-05-26,8,2675,0,163,8,2493,0,19,4,91,4,1298,4,1389,California
Sierra,2021-05-27,9,2684,2,165,6,2499,1,20,3,89,6,1304,4,1393,California
Sierra,2021-05-28,4,2688,2,167,2,2501,0,20,2,89,2,1306,2,1395,California
Sierra,2021-05-29,2,2690,0,167,2,2503,0,20,2,91,0,1306,2,1397,California
Sierra,2021-05-30,1,2691,1,168,0,2503,0,20,1,92,0,1306,1,1398,California
Siskiyou,2020-12-16,2,2,2,2,0,0,0,0,2,2,0,0,2,2,California
Siskiyou,2020-12-17,4,6,4,6,0,0,0,0,4,6,0,0,4,6,California
Siskiyou,2020-12-18,2,8,2,8,0,0,0,0,2,8,0,0,2,8,California
Siskiyou,2020-12-19,4,12,4,12,0,0,0,0,4,12,0,0,4,12,California
Siskiyou,2020-12-20,1,13,1,13,0,0,0,0,1,13,0,0,1,13,California
Siskiyou,2020-12-21,132,145,132,145,0,0,0,0,132,145,0,0,132,145,California
Siskiyou,2020-12-22,158,303,158,303,0,0,0,0,158,303,0,0,158,303,California
Siskiyou,2020-12-23,142,445,142,445,0,0,0,0,142,445,0,0,142,445,California
Siskiyou,2020-12-24,5,450,5,450,0,0,0,0,5,450,0,0,5,450,California
Siskiyou,2020-12-26,2,452,0,450,2,2,0,0,2,452,0,0,2,452,California
Siskiyou,2020-12-27,2,454,0,450,2,4,0,0,2,454,0,0,2,454,California
Siskiyou,2020-12-28,3,457,1,451,2,6,0,0,3,457,0,0,3,457,California
Siskiyou,2020-12-29,6,463,2,453,4,10,0,0,6,463,0,0,6,463,California
Siskiyou,2020-12-30,98,561,3,456,95,105,0,0,98,561,0,0,98,561,California
Siskiyou,2020-12-31,12,573,0,456,12,117,0,0,12,573,0,0,12,573,California
Siskiyou,2021-01-02,1,574,1,457,0,117,0,0,1,574,0,0,1,574,California
Siskiyou,2021-01-03,1,575,0,457,1,118,0,0,1,575,0,0,1,575,California
Siskiyou,2021-01-04,130,705,3,460,127,245,0,0,130,705,0,0,130,705,California
Siskiyou,2021-01-05,116,821,4,464,112,357,0,0,115,819,1,1,115,820,California
Siskiyou,2021-01-06,59,880,6,470,53,410,0,0,55,870,4,5,55,875,California
Siskiyou,2021-01-07,175,1055,4,474,171,581,0,0,174,1043,1,6,174,1049,California
Siskiyou,2021-01-08,41,1096,3,477,38,619,0,0,39,1080,2,8,39,1088,California
Siskiyou,2021-01-09,2,1098,2,479,0,619,0,0,0,1078,2,10,0,1088,California
Siskiyou,2021-01-11,226,1324,65,544,161,780,0,0,163,1178,63,73,163,1251,California
Siskiyou,2021-01-12,322,1646,274,818,48,828,0,0,89,1035,233,306,90,1341,California
Siskiyou,2021-01-13,157,1803,137,955,20,848,0,0,23,924,134,440,23,1364,California
Siskiyou,2021-01-14,25,1828,1,956,24,872,0,0,24,947,1,441,24,1388,California
Siskiyou,2021-01-15,35,1863,3,959,32,904,0,0,35,982,0,441,35,1423,California
Siskiyou,2021-01-16,7,1870,2,961,5,909,0,0,7,989,0,441,7,1430,California
Siskiyou,2021-01-17,1,1871,1,962,0,909,0,0,0,988,1,442,0,1430,California
Siskiyou,2021-01-18,77,1948,4,966,73,982,0,0,75,1061,2,444,75,1505,California
Siskiyou,2021-01-19,21,1969,1,967,20,1002,0,0,20,1080,1,445,20,1525,California
Siskiyou,2021-01-20,47,2016,35,1002,12,1014,0,0,43,1119,4,449,43,1568,California
Siskiyou,2021-01-21,42,2058,1,1003,41,1055,0,0,42,1161,0,449,42,1610,California
Siskiyou,2021-01-22,1327,3385,1175,2178,152,1207,0,0,1327,2488,0,449,1327,2937,California
Siskiyou,2021-01-23,5,3390,1,2179,4,1211,0,0,2,2487,3,452,2,2939,California
Siskiyou,2021-01-25,182,3572,8,2187,174,1385,0,0,178,2661,4,456,178,3117,California
Siskiyou,2021-01-26,148,3720,3,2190,145,1530,0,0,140,2793,8,464,140,3257,California
Siskiyou,2021-01-27,181,3901,1,2191,180,1710,0,0,126,2864,55,519,126,3383,California
Siskiyou,2021-01-28,231,4132,117,2308,114,1824,0,0,225,3083,6,525,225,3608,California
Siskiyou,2021-01-29,249,4381,3,2311,246,2070,0,0,247,3328,2,527,247,3855,California
Siskiyou,2021-01-30,4,4385,3,2314,1,2071,0,0,4,3332,0,527,4,3859,California
Siskiyou,2021-02-01,195,4580,3,2317,192,2263,0,0,105,3347,90,617,105,3964,California
Siskiyou,2021-02-02,289,4869,45,2362,244,2507,0,0,147,3352,142,759,147,4111,California
Siskiyou,2021-02-03,314,5183,1,2363,313,2820,0,0,264,3566,50,809,264,4375,California
Siskiyou,2021-02-04,322,5505,7,2370,315,3135,0,0,200,3644,122,931,200,4575,California
Siskiyou,2021-02-05,511,6016,4,2374,507,3642,0,0,349,3831,162,1093,349,4924,California
Siskiyou,2021-02-06,15,6031,0,2374,15,3657,0,0,15,3846,0,1093,15,4939,California
Siskiyou,2021-02-07,3,6034,2,2376,1,3658,0,0,3,3849,0,1093,3,4942,California
Siskiyou,2021-02-08,221,6255,5,2381,216,3874,0,0,216,4060,5,1098,216,5158,California
Siskiyou,2021-02-09,197,6452,4,2385,193,4067,0,0,164,4191,33,1131,164,5322,California
Siskiyou,2021-02-10,370,6822,40,2425,330,4397,0,0,317,4456,52,1183,317,5639,California
Siskiyou,2021-02-11,189,7011,1,2426,188,4585,0,0,174,4615,15,1198,174,5813,California
Siskiyou,2021-02-12,1690,8701,1198,3624,492,5077,0,0,501,3927,1189,2387,501,6314,California
Siskiyou,2021-02-13,36,8737,2,3626,34,5111,0,0,32,3955,4,2391,32,6346,California
Siskiyou,2021-02-14,5,8742,1,3627,4,5115,0,0,5,3960,0,2391,5,6351,California
Siskiyou,2021-02-15,108,8850,10,3637,98,5213,0,0,106,4064,2,2393,106,6457,California
Siskiyou,2021-02-16,114,8964,2,3639,112,5325,0,0,99,4148,15,2408,99,6556,California
Siskiyou,2021-02-17,184,9148,15,3654,169,5494,0,0,170,4304,14,2422,170,6726,California
Siskiyou,2021-02-18,221,9369,88,3742,133,5627,0,0,98,4279,123,2545,98,6824,California
Siskiyou,2021-02-19,71,9440,34,3776,37,5664,0,0,34,4276,37,2582,34,6858,California
Siskiyou,2021-02-20,21,9461,3,3779,18,5682,0,0,16,4287,5,2587,16,6874,California
Siskiyou,2021-02-21,1,9462,1,3780,0,5682,0,0,1,4288,0,2587,1,6875,California
Siskiyou,2021-02-22,125,9587,2,3782,123,5805,0,0,19,4201,106,2693,19,6894,California
Siskiyou,2021-02-23,197,9784,15,3797,182,5987,0,0,53,4110,144,2837,53,6947,California
Siskiyou,2021-02-24,149,9933,5,3802,144,6131,0,0,37,4035,112,2949,37,6984,California
Siskiyou,2021-02-25,301,10234,24,3826,277,6408,0,0,155,4044,146,3095,155,7139,California
Siskiyou,2021-02-26,671,10905,11,3837,660,7068,0,0,369,4111,302,3397,369,7508,California
Siskiyou,2021-02-27,32,10937,5,3842,27,7095,0,0,28,4135,4,3401,28,7536,California
Siskiyou,2021-02-28,6,10943,5,3847,1,7096,0,0,4,4137,2,3403,4,7540,California
Siskiyou,2021-03-01,280,11223,6,3853,274,7370,0,0,50,3957,230,3633,50,7590,California
Siskiyou,2021-03-02,190,11413,1,3854,189,7559,0,0,70,3907,120,3753,70,7660,California
Siskiyou,2021-03-03,348,11761,10,3864,338,7897,0,0,155,3869,193,3946,155,7815,California
Siskiyou,2021-03-04,793,12554,620,4484,173,8070,0,0,635,4346,158,4104,635,8450,California
Siskiyou,2021-03-05,326,12880,6,4490,309,8379,11,11,105,4244,218,4322,116,8566,California
Siskiyou,2021-03-06,43,12923,3,4493,33,8412,7,18,28,4264,15,4337,35,8601,California
Siskiyou,2021-03-07,12,12935,4,4497,0,8412,8,26,3,4266,9,4346,11,8612,California
Siskiyou,2021-03-08,360,13295,30,4527,295,8707,35,61,59,4059,301,4647,94,8706,California
Siskiyou,2021-03-09,164,13459,2,4529,108,8815,54,115,57,4063,107,4754,111,8817,California
Siskiyou,2021-03-10,222,13681,7,4536,185,9000,30,145,30,3931,192,4946,60,8877,California
Siskiyou,2021-03-11,476,14157,206,4742,223,9223,47,192,276,4055,199,5145,323,9200,California
Siskiyou,2021-03-12,650,14807,141,4883,470,9693,39,231,184,3816,464,5609,225,9425,California
Siskiyou,2021-03-13,428,15235,380,5263,25,9718,23,254,381,4174,47,5656,405,9830,California
Siskiyou,2021-03-14,20,15255,1,5264,3,9721,16,270,2,4174,18,5674,18,9848,California
Siskiyou,2021-03-15,457,15712,258,5522,177,9898,22,292,322,4383,135,5809,344,10192,California
Siskiyou,2021-03-16,257,15969,34,5556,206,10104,17,309,140,4424,116,5925,157,10349,California
Siskiyou,2021-03-17,201,16170,9,5565,184,10288,8,317,34,4299,167,6092,42,10391,California
Siskiyou,2021-03-18,929,17099,791,6356,126,10414,12,329,813,5008,116,6208,825,11216,California
Siskiyou,2021-03-19,68,17167,10,6366,45,10459,13,342,20,4993,48,6256,33,11249,California
Siskiyou,2021-03-20,30,17197,7,6373,18,10477,5,347,6,4980,24,6280,11,11260,California
Siskiyou,2021-03-21,10,17207,4,6377,1,10478,5,352,4,4983,6,6286,9,11269,California
Siskiyou,2021-03-22,208,17415,21,6398,165,10643,22,374,145,5090,60,6346,167,11436,California
Siskiyou,2021-03-23,196,17611,19,6417,167,10810,10,384,141,5186,55,6401,151,11587,California
Siskiyou,2021-03-24,141,17752,47,6464,94,10904,0,384,115,5275,26,6427,115,11702,California
Siskiyou,2021-03-25,571,18323,319,6783,249,11153,3,387,400,5507,171,6598,403,12105,California
Siskiyou,2021-03-26,305,18628,35,6818,270,11423,0,387,104,5412,199,6797,104,12209,California
Siskiyou,2021-03-27,37,18665,4,6822,28,11451,5,392,9,5398,28,6825,14,12223,California
Siskiyou,2021-03-28,9,18674,8,6830,1,11452,0,392,5,5399,4,6829,5,12228,California
Siskiyou,2021-03-29,96,18770,10,6840,84,11536,2,394,46,5397,50,6879,48,12276,California
Siskiyou,2021-03-30,102,18872,7,6847,94,11630,1,395,41,5378,61,6940,42,12318,California
Siskiyou,2021-03-31,190,19062,20,6867,167,11797,3,398,48,5289,141,7081,52,12370,California
Siskiyou,2021-04-01,831,19893,673,7540,158,11955,0,398,214,4886,617,7698,214,12584,California
Siskiyou,2021-04-02,347,20240,197,7737,146,12101,4,402,66,4677,279,7977,70,12654,California
Siskiyou,2021-04-03,26,20266,5,7742,14,12115,7,409,5,4668,21,7998,12,12666,California
Siskiyou,2021-04-04,2,20268,1,7743,1,12116,0,409,1,4668,1,7999,1,12667,California
Siskiyou,2021-04-05,439,20707,332,8075,81,12197,26,435,27,4310,411,8410,53,12720,California
Siskiyou,2021-04-06,219,20926,36,8111,130,12327,53,488,125,4394,93,8503,177,12897,California
Siskiyou,2021-04-07,116,21042,11,8122,63,12390,42,530,66,4452,50,8553,108,13005,California
Siskiyou,2021-04-08,354,21396,186,8308,127,12517,41,571,64,4267,290,8843,105,13110,California
Siskiyou,2021-04-09,548,21944,379,8687,131,12648,38,609,84,3927,463,9306,123,13233,California
Siskiyou,2021-04-10,45,21989,6,8693,2,12650,37,646,6,3931,39,9345,43,13276,California
Siskiyou,2021-04-11,8,21997,5,8698,1,12651,2,648,2,3929,6,9351,4,13280,California
Siskiyou,2021-04-12,129,22126,25,8723,103,12754,1,649,49,3899,80,9431,50,13330,California
Siskiyou,2021-04-13,207,22333,37,8760,169,12923,1,650,81,3855,126,9557,82,13412,California
Siskiyou,2021-04-14,156,22489,65,8825,91,13014,0,650,85,3871,69,9626,85,13497,California
Siskiyou,2021-04-15,1118,23607,959,9784,159,13173,0,650,438,3629,680,10306,438,13935,California
Siskiyou,2021-04-16,301,23908,207,9991,94,13267,0,650,270,3869,30,10336,270,14205,California
Siskiyou,2021-04-17,11,23919,8,9999,3,13270,0,650,7,3872,4,10340,7,14212,California
Siskiyou,2021-04-18,6,23925,3,10002,3,13273,0,650,2,3870,4,10344,2,14214,California
Siskiyou,2021-04-19,128,24053,25,10027,103,13376,0,650,45,3832,83,10427,45,14259,California
Siskiyou,2021-04-20,237,24290,5,10032,232,13608,0,650,94,3783,143,10570,94,14353,California
Siskiyou,2021-04-21,94,24384,10,10042,84,13692,0,650,25,3739,69,10639,25,14378,California
Siskiyou,2021-04-22,416,24800,302,10344,114,13806,0,650,51,3425,365,11004,51,14429,California
Siskiyou,2021-04-23,181,24981,15,10359,166,13972,0,650,159,3563,21,11025,159,14588,California
Siskiyou,2021-04-24,27,25008,4,10363,23,13995,0,650,19,3574,8,11033,19,14607,California
Siskiyou,2021-04-25,2,25010,0,10363,2,13997,0,650,2,3576,0,11033,2,14609,California
Siskiyou,2021-04-26,100,25110,6,10369,89,14086,5,655,25,3531,75,11108,30,14639,California
Siskiyou,2021-04-27,102,25212,4,10373,96,14182,2,657,83,3599,17,11125,85,14724,California
Siskiyou,2021-04-28,110,25322,8,10381,94,14276,8,665,52,3601,58,11183,60,14784,California
Siskiyou,2021-04-29,105,25427,14,10395,91,14367,0,665,25,3546,80,11263,25,14809,California
Siskiyou,2021-04-30,101,25528,20,10415,80,14447,1,666,44,3536,54,11317,44,14853,California
Siskiyou,2021-05-01,11,25539,7,10422,1,14448,3,669,7,3542,4,11321,10,14863,California
Siskiyou,2021-05-02,11,25550,5,10427,6,14454,0,669,9,3549,2,11323,9,14872,California
Siskiyou,2021-05-03,110,25660,23,10450,85,14539,2,671,47,3535,63,11386,49,14921,California
Siskiyou,2021-05-04,123,25783,6,10456,115,14654,2,673,62,3539,60,11446,64,14985,California
Siskiyou,2021-05-05,117,25900,21,10477,87,14741,9,682,39,3510,77,11523,48,15033,California
Siskiyou,2021-05-06,367,26267,296,10773,65,14806,6,688,190,3529,177,11700,196,15229,California
Siskiyou,2021-05-07,309,26576,219,10992,85,14891,5,693,33,3292,275,11975,38,15267,California
Siskiyou,2021-05-08,24,26600,4,10996,19,14910,1,694,18,3305,6,11981,19,15286,California
Siskiyou,2021-05-09,1,26601,0,10996,1,14911,0,694,0,3304,1,11982,0,15286,California
Siskiyou,2021-05-10,98,26699,67,11063,30,14941,1,695,20,3247,78,12060,21,15307,California
Siskiyou,2021-05-11,82,26781,4,11067,73,15014,5,700,47,3264,35,12095,52,15359,California
Siskiyou,2021-05-12,52,26833,3,11070,45,15059,4,704,15,3246,37,12132,19,15378,California
Siskiyou,2021-05-13,76,26909,31,11101,36,15095,9,713,33,3245,43,12175,42,15420,California
Siskiyou,2021-05-14,170,27079,82,11183,87,15182,1,714,103,3283,66,12241,104,15524,California
Siskiyou,2021-05-15,45,27124,14,11197,29,15211,2,716,38,3317,6,12247,40,15564,California
Siskiyou,2021-05-16,6,27130,2,11199,4,15215,0,716,4,3319,2,12249,4,15568,California
Siskiyou,2021-05-17,66,27196,2,11201,41,15256,23,739,12,3300,54,12303,35,15603,California
Siskiyou,2021-05-18,220,27416,82,11283,134,15390,4,743,123,3331,96,12399,127,15730,California
Siskiyou,2021-05-19,156,27572,96,11379,59,15449,1,744,124,3424,32,12431,125,15855,California
Siskiyou,2021-05-20,496,28068,425,11804,69,15518,2,746,228,3386,268,12699,230,16085,California
Siskiyou,2021-05-21,172,28240,86,11890,85,15603,1,747,98,3412,73,12772,99,16184,California
Siskiyou,2021-05-22,40,28280,19,11909,21,15624,0,747,24,3420,16,12788,24,16208,California
Siskiyou,2021-05-23,3,28283,3,11912,0,15624,0,747,1,3419,2,12790,1,16209,California
Siskiyou,2021-05-24,22,28305,5,11917,17,15641,0,747,10,3418,11,12801,10,16219,California
Siskiyou,2021-05-25,143,28448,13,11930,114,15755,16,763,43,3378,99,12900,59,16278,California
Siskiyou,2021-05-26,75,28523,20,11950,55,15810,0,763,42,3387,33,12933,42,16320,California
Siskiyou,2021-05-27,135,28658,96,12046,36,15846,3,766,61,3378,74,13007,65,16385,California
Siskiyou,2021-05-28,121,28779,53,12099,67,15913,1,767,79,3416,42,13049,80,16465,California
Siskiyou,2021-05-29,16,28795,9,12108,6,15919,1,768,8,3417,8,13057,9,16474,California
Solano,2020-12-15,4,4,4,4,0,0,0,0,4,4,0,0,4,4,California
Solano,2020-12-16,71,75,71,75,0,0,0,0,71,75,0,0,71,75,California
Solano,2020-12-17,154,229,154,229,0,0,0,0,154,229,0,0,154,229,California
Solano,2020-12-18,446,675,445,674,1,1,0,0,446,675,0,0,446,675,California
Solano,2020-12-19,522,1197,522,1196,0,1,0,0,522,1197,0,0,522,1197,California
Solano,2020-12-20,356,1553,354,1550,2,3,0,0,356,1553,0,0,356,1553,California
Solano,2020-12-21,572,2125,570,2120,2,5,0,0,572,2125,0,0,572,2125,California
Solano,2020-12-22,663,2788,630,2750,33,38,0,0,663,2788,0,0,663,2788,California
Solano,2020-12-23,870,3658,779,3529,91,129,0,0,869,3656,1,1,869,3657,California
Solano,2020-12-24,423,4081,171,3700,252,381,0,0,423,4079,0,1,423,4080,California
Solano,2020-12-25,10,4091,2,3702,8,389,0,0,10,4089,0,1,10,4090,California
Solano,2020-12-26,173,4264,47,3749,126,515,0,0,173,4262,0,1,173,4263,California
Solano,2020-12-27,105,4369,29,3778,76,591,0,0,105,4367,0,1,105,4368,California
Solano,2020-12-28,866,5235,422,4200,444,1035,0,0,866,5233,0,1,866,5234,California
Solano,2020-12-29,902,6137,375,4575,527,1562,0,0,902,6135,0,1,902,6136,California
Solano,2020-12-30,1235,7372,599,5174,636,2198,0,0,1235,7370,0,1,1235,7371,California
Solano,2020-12-31,538,7910,137,5311,401,2599,0,0,538,7908,0,1,538,7909,California
Solano,2021-01-01,14,7924,13,5324,1,2600,0,0,14,7922,0,1,14,7923,California
Solano,2021-01-02,213,8137,165,5489,48,2648,0,0,213,8135,0,1,213,8136,California
Solano,2021-01-03,57,8194,40,5529,17,2665,0,0,52,8187,0,1,52,8188,California
Solano,2021-01-04,452,8646,246,5775,206,2871,0,0,442,8626,3,4,442,8630,California
Solano,2021-01-05,729,9375,376,6151,353,3224,0,0,575,9052,149,153,575,9205,California
Solano,2021-01-06,846,10221,439,6590,407,3631,0,0,581,9370,263,416,581,9786,California
Solano,2021-01-07,1068,11289,685,7275,383,4014,0,0,609,9523,457,873,610,10396,California
Solano,2021-01-08,1144,12433,778,8053,366,4380,0,0,554,9507,572,1445,556,10952,California
Solano,2021-01-09,888,13321,765,8818,123,4503,0,0,428,9478,457,1902,428,11380,California
Solano,2021-01-10,254,13575,194,9012,60,4563,0,0,152,9528,102,2004,152,11532,California
Solano,2021-01-11,1334,14909,1120,10132,214,4777,0,0,817,9828,517,2521,817,12349,California
Solano,2021-01-12,1571,16480,1173,11305,398,5175,0,0,1020,10299,550,3071,1021,13370,California
Solano,2021-01-13,1464,17944,1006,12311,458,5633,0,0,1205,11247,257,3328,1205,14575,California
Solano,2021-01-14,1892,19836,814,13125,1078,6711,0,0,1577,12510,314,3642,1577,16152,California
Solano,2021-01-15,1698,21534,1059,14184,639,7350,0,0,1401,13614,297,3939,1401,17553,California
Solano,2021-01-16,1293,22827,904,15088,389,7739,0,0,1118,14557,175,4114,1118,18671,California
Solano,2021-01-17,1042,23869,758,15846,284,8023,0,0,1022,15560,20,4134,1023,19694,California
Solano,2021-01-18,1409,25278,853,16699,556,8579,0,0,1292,16736,117,4251,1293,20987,California
Solano,2021-01-19,1652,26930,1338,18037,314,8893,0,0,1381,17847,270,4521,1381,22368,California
Solano,2021-01-20,2034,28964,1421,19458,613,9506,0,0,1547,18910,484,5005,1547,23915,California
Solano,2021-01-21,3187,32151,1016,20474,2171,11677,0,0,2835,21394,352,5357,2836,26751,California
Solano,2021-01-22,1772,33923,845,21319,927,12604,0,0,1579,22780,193,5550,1579,28330,California
Solano,2021-01-23,737,34660,242,21561,495,13099,0,0,532,23107,206,5756,533,28863,California
Solano,2021-01-24,403,35063,61,21622,342,13441,0,0,336,23376,67,5823,336,29199,California
Solano,2021-01-25,1670,36733,631,22253,1039,14480,0,0,1114,23936,555,6378,1115,30314,California
Solano,2021-01-26,1783,38516,741,22994,1042,15522,0,0,1149,24453,633,7011,1150,31464,California
Solano,2021-01-27,1787,40303,719,23713,1068,16590,0,0,1183,25036,600,7611,1183,32647,California
Solano,2021-01-28,1964,42267,709,24422,1255,17845,0,0,1372,25818,591,8202,1373,34020,California
Solano,2021-01-29,1702,43969,784,25206,918,18763,0,0,1342,26802,358,8560,1342,35362,California
Solano,2021-01-30,952,44921,457,25663,495,19258,0,0,608,27067,344,8904,609,35971,California
Solano,2021-01-31,245,45166,153,25816,92,19350,0,0,174,27170,71,8975,174,36145,California
Solano,2021-02-01,1558,46724,1036,26852,522,19872,0,0,777,27169,778,9753,777,36922,California
Solano,2021-02-02,3347,50071,1095,27947,2252,22124,0,0,2538,28902,805,10558,2538,39460,California
Solano,2021-02-03,2266,52337,1308,29255,958,23082,0,0,1166,28971,1097,11655,1166,40626,California
Solano,2021-02-04,1796,54133,900,30155,896,23978,0,0,1072,29324,719,12374,1072,41698,California
Solano,2021-02-05,3098,57231,1417,31572,1681,25659,0,0,2093,30420,997,13371,2093,43791,California
Solano,2021-02-06,3061,60292,1169,32741,1892,27551,0,0,2244,31851,813,14184,2244,46035,California
Solano,2021-02-07,848,61140,784,33525,64,27615,0,0,237,31478,610,14794,237,46272,California
Solano,2021-02-08,1757,62897,1235,34760,522,28137,0,0,715,31153,1040,15834,715,46987,California
Solano,2021-02-09,1950,64847,1484,36244,466,28603,0,0,698,30600,1251,17085,698,47685,California
Solano,2021-02-10,2266,67113,1496,37740,770,29373,0,0,824,29982,1442,18527,824,48509,California
Solano,2021-02-11,2517,69630,1492,39232,1025,30398,0,0,1198,29872,1308,19835,1198,49707,California
Solano,2021-02-12,4229,73859,1630,40862,2599,32997,0,0,2879,31408,1343,21178,2879,52586,California
Solano,2021-02-13,2869,76728,250,41112,2619,35616,0,0,2454,33450,412,21590,2454,55040,California
Solano,2021-02-14,726,77454,204,41316,522,36138,0,0,416,33559,308,21898,417,55457,California
Solano,2021-02-15,1328,78782,324,41640,1004,37142,0,0,694,33620,633,22531,694,56151,California
Solano,2021-02-16,2561,81343,1387,43027,1174,38316,0,0,1664,34389,896,23427,1665,57816,California
Solano,2021-02-17,3218,84561,1455,44482,1763,40079,0,0,2175,35525,1040,24467,2176,59992,California
Solano,2021-02-18,2880,87441,843,45325,2037,42116,0,0,865,34382,2009,26476,866,60858,California
Solano,2021-02-19,2400,89841,1446,46771,954,43070,0,0,1170,34329,1225,27701,1172,62030,California
Solano,2021-02-20,2576,92417,383,47154,2193,45263,0,0,2106,35964,471,28172,2106,64136,California
Solano,2021-02-21,2191,94608,1878,49032,313,45576,0,0,1881,37539,306,28478,1881,66017,California
Solano,2021-02-22,1736,96344,1053,50085,683,46259,0,0,913,37633,821,29299,915,66932,California
Solano,2021-02-23,2864,99208,1088,51173,1776,48035,0,0,1957,38687,903,30202,1957,68889,California
Solano,2021-02-24,2486,101694,1244,52417,1242,49277,0,0,1391,38985,1093,31295,1391,70280,California
Solano,2021-02-25,2413,104107,1450,53867,963,50240,0,0,1319,39215,1089,32384,1319,71599,California
Solano,2021-02-26,3190,107297,2033,55900,1157,51397,0,0,1871,39772,1314,33698,1871,73470,California
Solano,2021-02-27,3663,110960,1382,57282,2280,53677,1,1,2962,42042,693,34391,2963,76433,California
Solano,2021-02-28,1369,112329,1038,58320,331,54008,0,1,1087,42851,279,34670,1088,77521,California
Solano,2021-03-01,2457,114786,1057,59377,1399,55407,1,2,1856,44112,596,35266,1857,79378,California
Solano,2021-03-02,2245,117031,1401,60778,844,56251,0,2,1294,44456,950,36216,1294,80672,California
Solano,2021-03-03,2241,119272,1261,62039,980,57231,0,2,1390,45004,843,37059,1391,82063,California
Solano,2021-03-04,4387,123659,3437,65476,948,58179,2,4,3164,46960,1213,38272,3169,85232,California
Solano,2021-03-05,4927,128586,1685,67161,3237,61416,5,9,3956,49960,961,39233,3961,89193,California
Solano,2021-03-06,3844,132430,833,67994,2972,64388,39,48,2642,51450,1191,40424,2681,91874,California
Solano,2021-03-07,3574,136004,760,68754,2804,67192,10,58,1965,51829,1597,42021,1976,93850,California
Solano,2021-03-08,2134,138138,1337,70091,527,67719,270,328,1612,53192,517,42538,1880,95730,California
Solano,2021-03-09,3222,141360,1569,71660,1599,69318,54,382,2323,54668,898,43436,2374,98104,California
Solano,2021-03-10,2428,143788,1764,73424,579,69897,85,467,1273,54876,1150,44586,1358,99462,California
Solano,2021-03-11,6021,149809,1756,75180,4011,73908,254,721,4967,59048,1050,45636,5222,104684,California
Solano,2021-03-12,6015,155824,1567,76747,4270,78178,178,899,3180,59576,2831,48467,3359,108043,California
Solano,2021-03-13,4578,160402,803,77550,3691,81869,84,983,2234,59561,2337,50804,2322,110365,California
Solano,2021-03-14,3999,164401,3121,80671,423,82292,455,1438,1640,59299,2354,53158,2092,112457,California
Solano,2021-03-15,4017,168418,2453,83124,1244,83536,320,1758,2517,60643,1492,54650,2836,115293,California
Solano,2021-03-16,3090,171508,1323,84447,1531,85067,236,1994,1575,60943,1511,56161,1811,117104,California
Solano,2021-03-17,6428,177936,1674,86121,4663,89730,91,2085,4937,64483,1488,57649,5028,122132,California
Solano,2021-03-18,5201,183137,1847,87968,3315,93045,39,2124,3825,66980,1368,59017,3865,125997,California
Solano,2021-03-19,3562,186699,2633,90601,855,93900,74,2198,1810,67121,1744,60761,1885,127882,California
Solano,2021-03-20,5552,192251,1672,92273,3826,97726,54,2252,2843,67318,2700,63461,2897,130779,California
Solano,2021-03-21,1681,193932,1575,93848,81,97807,25,2277,858,67379,820,64281,881,131660,California
Solano,2021-03-22,2671,196603,2039,95887,582,98389,50,2327,1666,68092,999,65280,1712,133372,California
Solano,2021-03-23,3522,200125,1668,97555,1811,100200,43,2370,1410,67436,2108,67388,1452,134824,California
Solano,2021-03-24,2830,202955,1773,99328,1022,101222,35,2405,1370,67386,1454,68842,1404,136228,California
Solano,2021-03-25,4871,207826,3991,103319,845,102067,35,2440,2274,67103,2593,71435,2310,138538,California
Solano,2021-03-26,3228,211054,2097,105416,1094,103161,37,2477,1741,67403,1478,72913,1778,140316,California
Solano,2021-03-27,4200,215254,1157,106573,3006,106167,37,2514,1793,66832,2401,75314,1830,142146,California
Solano,2021-03-28,1419,216673,1111,107684,290,106457,18,2532,551,66537,864,76178,569,142715,California
Solano,2021-03-29,3511,220184,2044,109728,1450,107907,17,2549,1583,66226,1915,78093,1604,144319,California
Solano,2021-03-30,3014,223198,2014,111742,909,108816,91,2640,1871,67046,1142,79235,1962,146281,California
Solano,2021-03-31,3142,226340,2139,113881,843,109659,160,2800,1842,67748,1297,80532,1999,148280,California
Solano,2021-04-01,5551,231891,2112,115993,3288,112947,151,2951,3511,69383,2027,82559,3662,151942,California
Solano,2021-04-02,6612,238503,2232,118225,4213,117160,167,3118,2565,68090,4032,86591,2739,154681,California
Solano,2021-04-03,1532,240035,966,119191,411,117571,155,3273,571,67857,959,87550,726,155407,California
Solano,2021-04-04,781,240816,288,119479,191,117762,302,3575,241,67864,536,88086,543,155950,California
Solano,2021-04-05,2991,243807,2044,121523,740,118502,207,3782,1516,68113,1473,89559,1722,157672,California
Solano,2021-04-06,6044,249851,1638,123161,3915,122417,491,4273,1646,65880,4391,93950,2158,159830,California
Solano,2021-04-07,5922,255773,4582,127743,942,123359,398,4671,3364,67110,2539,96489,3769,163599,California
Solano,2021-04-08,6455,262228,1794,129537,3797,127156,864,5535,1818,65190,4608,101097,2688,166287,California
Solano,2021-04-09,6281,268509,1664,131201,3768,130924,849,6384,1522,62828,4735,105832,2373,168660,California
Solano,2021-04-10,1733,270242,955,132156,453,131377,325,6709,801,63022,931,106763,1125,169785,California
Solano,2021-04-11,1231,271473,765,132921,337,131714,129,6838,638,63199,590,107353,767,170552,California
Solano,2021-04-12,3251,274724,1673,134594,1219,132933,359,7197,1337,62983,1909,109262,1693,172245,California
Solano,2021-04-13,2531,277255,1092,135686,1438,134371,1,7198,1319,63095,1208,110470,1320,173565,California
Solano,2021-04-14,6451,283706,1946,137632,4505,138876,0,7198,1825,60303,4618,115088,1826,175391,California
Solano,2021-04-15,5667,289373,2138,139770,3529,142405,0,7198,1718,58086,3935,119023,1718,177109,California
Solano,2021-04-16,3671,293044,2577,142347,1092,143497,2,7200,2280,58982,1386,120409,2282,179391,California
Solano,2021-04-17,3252,296296,1061,143408,2191,145688,0,7200,1119,57977,2125,122534,1120,180511,California
Solano,2021-04-18,1004,297300,610,144018,394,146082,0,7200,529,58032,474,123008,529,181040,California
Solano,2021-04-19,2107,299407,1158,145176,949,147031,0,7200,1173,58278,929,123937,1175,182215,California
Solano,2021-04-20,3023,302430,1845,147021,1178,148209,0,7200,1683,58625,1336,125273,1683,183898,California
Solano,2021-04-21,3565,305995,2333,149354,1232,149441,0,7200,1790,58645,1770,127043,1790,185688,California
Solano,2021-04-22,2935,308930,1484,150838,1451,150892,0,7200,1780,59272,1153,128196,1780,187468,California
Solano,2021-04-23,4151,313081,2086,152924,2065,152957,0,7200,2498,60124,1647,129843,2499,189967,California
Solano,2021-04-24,3823,316904,2292,155216,1529,154486,2,7202,2530,61449,1207,131050,2532,192499,California
Solano,2021-04-25,1427,318331,1113,156329,314,154800,0,7202,1128,62285,292,131342,1128,193627,California
Solano,2021-04-26,2469,320800,1598,157927,867,155667,4,7206,1323,62478,1134,132476,1327,194954,California
Solano,2021-04-27,2500,323300,1246,159173,1230,156897,24,7230,1432,62874,1061,133537,1457,196411,California
Solano,2021-04-28,5572,328872,4589,163762,937,157834,46,7276,3429,64216,2133,135670,3475,199886,California
Solano,2021-04-29,4157,333029,1265,165027,2860,160694,32,7308,1692,63483,2457,138127,1724,201610,California
Solano,2021-04-30,4030,337059,2189,167216,1709,162403,132,7440,1869,63338,2146,140273,2001,203611,California
Solano,2021-05-01,2174,339233,1676,168892,298,162701,200,7640,1295,63959,874,141147,1495,205106,California
Solano,2021-05-02,1196,340429,936,169828,236,162937,24,7664,667,64126,524,141671,691,205797,California
Solano,2021-05-03,1450,341879,1008,170836,355,163292,87,7751,592,63949,857,142528,680,206477,California
Solano,2021-05-04,1793,343672,1047,171883,681,163973,65,7816,806,63835,985,143513,871,207348,California
Solano,2021-05-05,2251,345923,1409,173292,729,164702,113,7929,1082,63863,1165,144678,1193,208541,California
Solano,2021-05-06,1947,347870,1183,174475,591,165293,173,8102,722,63541,1217,145895,895,209436,California
Solano,2021-05-07,2761,350631,1908,176383,736,166029,117,8219,959,62820,1795,147690,1074,210510,California
Solano,2021-05-08,1370,352001,830,177213,425,166454,115,8334,476,62521,890,148580,591,211101,California
Solano,2021-05-09,417,352418,241,177454,165,166619,11,8345,155,62429,259,148839,167,211268,California
Solano,2021-05-10,1316,353734,604,178058,609,167228,103,8448,382,61984,931,149770,486,211754,California
Solano,2021-05-11,2241,355975,1132,179190,1025,168253,84,8532,629,61090,1607,151377,713,212467,California
Solano,2021-05-12,2047,358022,1152,180342,725,168978,170,8702,680,60581,1357,152734,848,213315,California
Solano,2021-05-13,2875,360897,1976,182318,691,169669,208,8910,1521,60959,1351,154085,1729,215044,California
Solano,2021-05-14,2410,363307,1622,183940,668,170337,120,9030,1009,60696,1392,155477,1129,216173,California
Solano,2021-05-15,2864,366171,2233,186173,569,170906,62,9092,1178,60261,1675,157152,1240,217413,California
Solano,2021-05-16,1486,367657,1090,187263,363,171269,33,9125,241,59292,1242,158394,273,217686,California
Solano,2021-05-17,2453,370110,1405,188668,963,172232,85,9210,935,58810,1498,159892,1016,218702,California
Solano,2021-05-18,2801,372911,1513,190181,1199,173431,89,9299,1389,58887,1400,161292,1477,220179,California
Solano,2021-05-19,4892,377803,3363,193544,1423,174854,106,9405,2277,58667,2604,163896,2384,222563,California
Solano,2021-05-20,2232,380035,1340,194884,842,175696,50,9455,963,58418,1262,165158,1013,223576,California
Solano,2021-05-21,3134,383169,1586,196470,1488,177184,60,9515,1248,57851,1875,167033,1308,224884,California
Solano,2021-05-22,2133,385302,1649,198119,426,177610,58,9573,909,57601,1217,168250,967,225851,California
Solano,2021-05-23,1198,386500,1037,199156,151,177761,10,9583,663,57742,532,168782,673,226524,California
Solano,2021-05-24,1822,388322,1030,200186,722,178483,70,9653,634,57262,1183,169965,703,227227,California
Solano,2021-05-25,1607,389929,813,200999,738,179221,56,9709,589,56897,1010,170975,645,227872,California
Solano,2021-05-26,1857,391786,1068,202067,737,179958,52,9761,762,56624,1087,172062,814,228686,California
Solano,2021-05-27,1805,393591,790,202857,943,180901,72,9833,813,56521,987,173049,884,229570,California
Solano,2021-05-28,1889,395480,912,203769,926,181827,51,9884,678,56048,1203,174252,730,230300,California
Solano,2021-05-29,622,396102,302,204071,291,182118,29,9913,315,56086,305,174557,343,230643,California
Solano,2021-05-30,107,396209,21,204092,77,182195,9,9922,31,56051,75,174632,40,230683,California
Sonoma,2020-12-15,4,4,4,4,0,0,0,0,4,4,0,0,4,4,California
Sonoma,2020-12-16,27,31,27,31,0,0,0,0,27,31,0,0,27,31,California
Sonoma,2020-12-17,105,136,105,136,0,0,0,0,105,136,0,0,105,136,California
Sonoma,2020-12-18,423,559,423,559,0,0,0,0,423,559,0,0,423,559,California
Sonoma,2020-12-19,112,671,111,670,1,1,0,0,112,671,0,0,112,671,California
Sonoma,2020-12-20,175,846,175,845,0,1,0,0,175,846,0,0,175,846,California
Sonoma,2020-12-21,910,1756,908,1753,2,3,0,0,909,1755,0,0,909,1755,California
Sonoma,2020-12-22,1354,3110,1263,3016,91,94,0,0,1354,3109,0,0,1354,3109,California
Sonoma,2020-12-23,1608,4718,1233,4249,375,469,0,0,1609,4718,0,0,1609,4718,California
Sonoma,2020-12-24,305,5023,101,4350,204,673,0,0,305,5023,0,0,305,5023,California
Sonoma,2020-12-25,8,5031,2,4352,6,679,0,0,8,5031,0,0,8,5031,California
Sonoma,2020-12-26,268,5299,257,4609,11,690,0,0,268,5299,0,0,268,5299,California
Sonoma,2020-12-27,94,5393,80,4689,14,704,0,0,94,5393,0,0,94,5393,California
Sonoma,2020-12-28,985,6378,552,5241,433,1137,0,0,956,6349,0,0,956,6349,California
Sonoma,2020-12-29,1129,7507,777,6018,352,1489,0,0,1096,7445,0,0,1096,7445,California
Sonoma,2020-12-30,1094,8601,479,6497,615,2104,0,0,1086,8531,0,0,1086,8531,California
Sonoma,2020-12-31,517,9118,71,6568,446,2550,0,0,518,9049,0,0,518,9049,California
Sonoma,2021-01-01,15,9133,8,6576,7,2557,0,0,15,9064,0,0,15,9064,California
Sonoma,2021-01-02,132,9265,125,6701,7,2564,0,0,132,9196,0,0,132,9196,California
Sonoma,2021-01-03,24,9289,10,6711,14,2578,0,0,24,9220,0,0,24,9220,California
Sonoma,2021-01-04,343,9632,106,6817,237,2815,0,0,342,9562,0,0,342,9562,California
Sonoma,2021-01-05,435,10067,102,6919,333,3148,0,0,410,9957,15,15,410,9972,California
Sonoma,2021-01-06,952,11019,435,7354,517,3665,0,0,840,10691,106,121,840,10812,California
Sonoma,2021-01-07,1032,12051,537,7891,495,4160,0,0,861,11382,170,291,861,11673,California
Sonoma,2021-01-08,1794,13845,1234,9125,560,4720,0,0,1321,12232,471,762,1321,12994,California
Sonoma,2021-01-09,640,14485,404,9529,236,4956,0,0,591,12774,49,811,591,13585,California
Sonoma,2021-01-10,472,14957,461,9990,11,4967,0,0,277,12856,195,1006,277,13862,California
Sonoma,2021-01-11,1385,16342,1238,11228,147,5114,0,0,414,12304,966,1972,414,14276,California
Sonoma,2021-01-12,1545,17887,1292,12520,253,5367,0,0,395,11551,1148,3120,395,14671,California
Sonoma,2021-01-13,2048,19935,1368,13888,680,6047,0,0,1181,11869,864,3984,1182,15853,California
Sonoma,2021-01-14,1541,21476,808,14696,733,6780,0,0,1311,12950,230,4214,1311,17164,California
Sonoma,2021-01-15,1560,23036,628,15324,932,7712,0,0,1339,14078,212,4426,1340,18504,California
Sonoma,2021-01-16,1146,24182,618,15942,528,8240,0,0,898,14732,244,4670,898,19402,California
Sonoma,2021-01-17,669,24851,548,16490,121,8361,0,0,589,15241,80,4750,589,19991,California
Sonoma,2021-01-18,1114,25965,938,17428,176,8537,0,0,624,15376,490,5240,625,20616,California
Sonoma,2021-01-19,2100,28065,1005,18433,1095,9632,0,0,1388,16055,710,5950,1389,22005,California
Sonoma,2021-01-20,2088,30153,629,19062,1459,11091,0,0,1424,16826,654,6604,1425,23430,California
Sonoma,2021-01-21,2269,32422,647,19709,1622,12713,0,0,2048,18656,219,6823,2049,25479,California
Sonoma,2021-01-22,2743,35165,1045,20754,1698,14411,0,0,2594,21102,148,6971,2594,28073,California
Sonoma,2021-01-23,765,35930,593,21347,172,14583,0,0,658,21654,106,7077,658,28731,California
Sonoma,2021-01-24,848,36778,717,22064,131,14714,0,0,831,22468,17,7094,831,29562,California
Sonoma,2021-01-25,2178,38956,520,22584,1658,16372,0,0,1692,23674,486,7580,1692,31254,California
Sonoma,2021-01-26,2016,40972,302,22886,1714,18086,0,0,1561,24781,454,8034,1561,32815,California
Sonoma,2021-01-27,3708,44680,1279,24165,2429,20515,0,0,3134,27346,572,8606,3137,35952,California
Sonoma,2021-01-28,4122,48802,1850,26015,2272,22787,0,0,3448,30124,671,9277,3449,39401,California
Sonoma,2021-01-29,2970,51772,1411,27426,1559,24346,0,0,2133,31423,835,10112,2134,41535,California
Sonoma,2021-01-30,2591,54363,2402,29828,189,24535,0,0,2248,33329,343,10455,2249,43784,California
Sonoma,2021-01-31,809,55172,697,30525,112,24647,0,0,580,33681,228,10683,580,44364,California
Sonoma,2021-02-01,2475,57647,852,31377,1623,26270,0,0,2098,35405,374,11057,2098,46462,California
Sonoma,2021-02-02,3526,61173,1372,32749,2154,28424,0,0,2958,37798,565,11622,2958,49420,California
Sonoma,2021-02-03,4048,65221,1325,34074,2723,31147,0,0,3116,39986,928,12550,3116,52536,California
Sonoma,2021-02-04,4216,69437,1728,35802,2488,33635,0,0,3426,42625,788,13338,3427,55963,California
Sonoma,2021-02-05,4822,74259,1741,37543,3081,36716,0,0,3800,45408,1018,14356,3801,59764,California
Sonoma,2021-02-06,2639,76898,2278,39821,361,37077,0,0,2108,46986,530,14886,2108,61872,California
Sonoma,2021-02-07,1539,78437,1403,41224,136,37213,0,0,1287,48021,252,15138,1287,63159,California
Sonoma,2021-02-08,3267,81704,1039,42263,2228,39441,0,0,2678,50111,588,15726,2678,65837,California
Sonoma,2021-02-09,3576,85280,1704,43967,1872,41313,0,0,3097,52732,477,16203,3098,68935,California
Sonoma,2021-02-10,4552,89832,2484,46451,2068,43381,0,0,3545,55276,1002,17205,3546,72481,California
Sonoma,2021-02-11,5592,95424,3027,49478,2565,45946,0,0,4402,58490,1188,18393,4402,76883,California
Sonoma,2021-02-12,5909,101333,3247,52725,2662,48608,0,0,4480,61548,1425,19818,4483,81366,California
Sonoma,2021-02-13,1992,103325,1151,53876,841,49449,0,0,1205,61969,784,20602,1205,82571,California
Sonoma,2021-02-14,2312,105637,1819,55695,493,49942,0,0,1568,62794,743,21345,1568,84139,California
Sonoma,2021-02-15,2148,107785,793,56488,1355,51297,0,0,1608,63862,540,21885,1608,85747,California
Sonoma,2021-02-16,4907,112692,2057,58545,2850,54147,0,0,3646,66252,1257,23142,3647,89394,California
Sonoma,2021-02-17,5608,118300,2904,61449,2704,56851,0,0,3578,67811,2021,25163,3580,92974,California
Sonoma,2021-02-18,6938,125238,3138,64587,3800,60651,0,0,4001,68887,2927,28090,4003,96977,California
Sonoma,2021-02-19,5520,130758,1665,66252,3855,64506,0,0,3421,70215,2094,30184,3422,100399,California
Sonoma,2021-02-20,3107,133865,2830,69082,277,64783,0,0,1206,69525,1896,32080,1206,101605,California
Sonoma,2021-02-21,533,134398,428,69510,105,64888,0,0,141,69277,389,32469,141,101746,California
Sonoma,2021-02-22,2875,137273,1355,70865,1520,66408,0,0,1193,68794,1677,34146,1194,102940,California
Sonoma,2021-02-23,3378,140651,2082,72947,1296,67704,0,0,1627,68674,1747,35893,1627,104567,California
Sonoma,2021-02-24,5651,146302,2550,75497,3101,70805,0,0,2921,68871,2725,38618,2922,107489,California
Sonoma,2021-02-25,5808,152110,2241,77738,3567,74372,0,0,3116,69318,2669,41287,3116,110605,California
Sonoma,2021-02-26,6271,158381,2763,80501,3508,77880,0,0,3976,71005,2289,43576,3976,114581,California
Sonoma,2021-02-27,4062,162443,1923,82424,2139,80019,0,0,2711,72367,1349,44925,2711,117292,California
Sonoma,2021-02-28,2325,164768,1838,84262,487,80506,0,0,610,71276,1701,46626,610,117902,California
Sonoma,2021-03-01,3762,168530,1149,85411,2612,83118,1,1,1895,71316,1857,48483,1897,119799,California
Sonoma,2021-03-02,4388,172918,1514,86925,2874,85992,0,1,2565,72065,1816,50299,2565,122364,California
Sonoma,2021-03-03,5067,177985,2643,89568,2424,88416,0,1,2334,71673,2726,53025,2334,124698,California
Sonoma,2021-03-04,5962,183947,2686,92254,3276,91692,0,1,2596,70917,3352,56377,2596,127294,California
Sonoma,2021-03-05,6500,190447,2865,95119,3620,95312,15,16,2754,69955,3732,60109,2770,130064,California
Sonoma,2021-03-06,2793,193240,1220,96339,1438,96750,135,151,1920,71143,866,60975,2054,132118,California
Sonoma,2021-03-07,1712,194952,1399,97738,278,97028,35,186,382,70232,1328,62303,417,132535,California
Sonoma,2021-03-08,4064,199016,662,98400,3227,100255,175,361,2391,71134,1662,63965,2564,135099,California
Sonoma,2021-03-09,5577,204593,3086,101486,2248,102503,243,604,2748,71303,2822,66787,2991,138090,California
Sonoma,2021-03-10,6000,210593,3207,104693,2465,104968,328,932,2428,70500,3558,70345,2755,140845,California
Sonoma,2021-03-11,7546,218139,3013,107706,3713,108681,820,1752,2571,68927,4965,75310,3392,144237,California
Sonoma,2021-03-12,7404,225543,2269,109975,3772,112453,1363,3115,2108,67117,5277,80587,3467,147704,California
Sonoma,2021-03-13,3408,228951,1690,111665,1482,113935,236,3351,1999,67943,1408,81995,2234,149938,California
Sonoma,2021-03-14,1385,230336,386,112051,858,114793,141,3492,848,68397,534,82529,988,150926,California
Sonoma,2021-03-15,5246,235582,1515,113566,3345,118138,386,3878,2196,67938,3039,85568,2580,153506,California
Sonoma,2021-03-16,6288,241870,2248,115814,3809,121947,231,4109,2904,67694,3377,88945,3133,156639,California
Sonoma,2021-03-17,6759,248629,3531,119345,3048,124995,180,4289,3281,67688,3466,92411,3460,160099,California
Sonoma,2021-03-18,7133,255762,2940,122285,3578,128573,615,4904,3181,67540,3941,96352,3793,163892,California
Sonoma,2021-03-19,7504,263266,3251,125536,4022,132595,231,5135,3200,66691,4285,100637,3436,167328,California
Sonoma,2021-03-20,3713,266979,1753,127289,1130,133725,830,5965,2035,67881,1670,102307,2860,170188,California
Sonoma,2021-03-21,1384,268363,603,127892,748,134473,33,5998,1212,68958,168,102475,1245,171433,California
Sonoma,2021-03-22,4549,272912,3110,131002,1336,135809,103,6101,3433,71384,1110,103585,3536,174969,California
Sonoma,2021-03-23,5838,278750,3635,134637,2128,137937,75,6176,4412,74455,1416,105001,4487,179456,California
Sonoma,2021-03-24,6801,285551,4277,138914,2457,140394,67,6243,4160,76060,2621,107622,4226,183682,California
Sonoma,2021-03-25,7116,292667,4201,143115,2805,143199,110,6353,4327,77734,2764,110386,4438,188120,California
Sonoma,2021-03-26,7453,300120,3466,146581,3892,147091,95,6448,3922,78239,3512,113898,4017,192137,California
Sonoma,2021-03-27,3863,303983,1510,148091,1991,149082,362,6810,1123,76993,2731,116629,1485,193622,California
Sonoma,2021-03-28,1511,305494,950,149041,534,149616,27,6837,944,77400,564,117193,971,194593,California
Sonoma,2021-03-29,2959,308453,1104,150145,1822,151438,33,6870,1666,77812,1287,118480,1699,196292,California
Sonoma,2021-03-30,5840,314293,3216,153361,2562,154000,62,6932,3047,78136,2786,121266,3110,199402,California
Sonoma,2021-03-31,5620,319913,3406,156767,2000,156000,214,7146,3245,79236,2362,123628,3462,202864,California
Sonoma,2021-04-01,6776,326689,4038,160805,2398,158398,340,7486,3620,80056,3132,126760,3952,206816,California
Sonoma,2021-04-02,5962,332651,3572,164377,2281,160679,109,7595,3577,81365,2377,129137,3686,210502,California
Sonoma,2021-04-03,3655,336306,1827,166204,1603,162282,225,7820,1611,81167,2032,131169,1834,212336,California
Sonoma,2021-04-04,1063,337369,692,166896,280,162562,91,7911,658,81515,401,131570,749,213085,California
Sonoma,2021-04-05,4406,341775,625,167521,3438,166000,343,8254,1657,80772,2742,134312,1999,215084,California
Sonoma,2021-04-06,6890,348665,3491,171012,2993,168993,406,8660,4004,82309,2872,137184,4409,219493,California
Sonoma,2021-04-07,6831,355496,3856,174868,2135,171128,840,9500,3332,82993,3490,140674,4174,223667,California
Sonoma,2021-04-08,7587,363083,4128,178996,2686,173814,773,10273,4159,84506,3419,144093,4932,228599,California
Sonoma,2021-04-09,6816,369899,3795,182791,2137,175951,884,11157,3513,85609,3290,147383,4393,232992,California
Sonoma,2021-04-10,3880,373779,1688,184479,1635,177586,557,11714,1131,84553,2740,150123,1684,234676,California
Sonoma,2021-04-11,1282,375061,605,185084,595,178181,82,11796,437,84228,844,150967,519,235195,California
Sonoma,2021-04-12,4930,379991,2050,187134,2398,180579,482,12278,1839,83462,3080,154047,2314,237509,California
Sonoma,2021-04-13,7806,387797,4622,191756,3182,183761,2,12280,2964,81597,4831,158878,2966,240475,California
Sonoma,2021-04-14,6549,394346,3728,195484,2801,186562,20,12300,2529,80138,4007,162885,2548,243023,California
Sonoma,2021-04-15,7226,401572,4098,199582,3128,189690,0,12300,3566,80057,3648,166533,3567,246590,California
Sonoma,2021-04-16,6786,408358,3409,202991,3375,193065,2,12302,3841,80962,2938,169471,3843,250433,California
Sonoma,2021-04-17,3191,411549,1554,204545,1637,194702,0,12302,1543,80871,1635,171106,1544,251977,California
Sonoma,2021-04-18,1290,412839,893,205438,397,195099,0,12302,453,80488,836,171942,453,252430,California
Sonoma,2021-04-19,3308,416147,1872,207310,1435,196534,1,12303,1447,80079,1857,173799,1448,253878,California
Sonoma,2021-04-20,6259,422406,3459,210769,2800,199334,0,12303,2346,78524,3902,177701,2347,256225,California
Sonoma,2021-04-21,6543,428949,4214,214983,2327,201661,2,12305,2979,77959,3545,181246,2980,259205,California
Sonoma,2021-04-22,6218,435167,4468,219451,1750,203411,0,12305,2509,76774,3694,184940,2509,261714,California
Sonoma,2021-04-23,7419,442586,4623,224074,2790,206201,6,12311,3626,76627,3780,188720,3633,265347,California
Sonoma,2021-04-24,2776,445362,1512,225586,1250,207451,14,12325,1546,76962,1225,189945,1560,266907,California
Sonoma,2021-04-25,1086,446448,788,226374,298,207749,0,12325,435,76749,648,190593,435,267342,California
Sonoma,2021-04-26,2777,449225,1293,227667,1456,209205,28,12353,1517,77041,1253,191846,1545,268887,California
Sonoma,2021-04-27,5321,454546,3634,231301,1588,210793,99,12452,2164,76159,3144,194990,2262,271149,California
Sonoma,2021-04-28,4867,459413,3199,234500,1473,212266,195,12647,2094,75686,2757,197747,2284,273433,California
Sonoma,2021-04-29,4822,464235,3436,237936,1241,213507,145,12792,1766,74550,3047,200794,1911,275344,California
Sonoma,2021-04-30,5441,469676,3622,241558,1526,215033,293,13085,1816,73046,3612,204406,2108,277452,California
Sonoma,2021-05-01,2478,472154,1779,243337,593,215626,106,13191,1235,73148,1235,205641,1337,278789,California
Sonoma,2021-05-02,864,473018,644,243981,169,215795,51,13242,553,73442,311,205952,605,279394,California
Sonoma,2021-05-03,3179,476197,1680,245661,1354,217149,145,13387,1054,72523,2116,208068,1197,280591,California
Sonoma,2021-05-04,4581,480778,2410,248071,1994,219143,177,13564,1478,71090,3083,211151,1650,282241,California
Sonoma,2021-05-05,3666,484444,2184,250255,1289,220432,193,13757,1310,70245,2346,213497,1501,283742,California
Sonoma,2021-05-06,4504,488948,2407,252662,1970,222402,127,13884,1345,68569,3146,216643,1470,285212,California
Sonoma,2021-05-07,3592,492540,2315,254977,1155,223557,122,14006,1087,67283,2495,219138,1209,286421,California
Sonoma,2021-05-08,1847,494387,1256,256233,499,224056,92,14098,752,67036,1091,220229,844,287265,California
Sonoma,2021-05-09,510,494897,294,256527,175,224231,41,14139,182,66934,325,220554,223,287488,California
Sonoma,2021-05-10,2307,497204,1034,257561,1139,225370,134,14273,289,65350,2004,222558,420,287908,California
Sonoma,2021-05-11,3505,500709,1897,259458,1493,226863,115,14388,956,63885,2536,225094,1071,288979,California
Sonoma,2021-05-12,3919,504628,2446,261904,1335,228198,138,14526,854,61822,3055,228149,992,289971,California
Sonoma,2021-05-13,4731,509359,2723,264627,1893,230091,115,14641,1571,60357,3149,231298,1684,291655,California
Sonoma,2021-05-14,5815,515174,3614,268241,2064,232155,137,14778,2233,59160,3568,234866,2371,294026,California
Sonoma,2021-05-15,2926,518100,2154,270395,710,232865,62,14840,1847,59997,1071,235937,1908,295934,California
Sonoma,2021-05-16,1305,519405,1089,271484,157,233022,59,14899,969,60693,332,236269,1028,296962,California
Sonoma,2021-05-17,2447,521852,1821,273305,531,233553,95,14994,965,60275,1477,237746,1059,298021,California
Sonoma,2021-05-18,4314,526166,2849,276154,1356,234909,109,15103,1518,59123,2778,240524,1626,299647,California
Sonoma,2021-05-19,3716,529882,2394,278548,1208,236117,114,15217,1539,58611,2165,242689,1653,301300,California
Sonoma,2021-05-20,3028,532910,2070,280618,866,236983,92,15309,1365,58409,1654,244343,1452,302752,California
Sonoma,2021-05-21,3789,536699,2144,282762,1517,238500,128,15437,1350,57455,2419,246762,1465,304217,California
Sonoma,2021-05-22,2027,538726,1084,283846,904,239404,39,15476,555,56589,1460,248222,594,304811,California
Sonoma,2021-05-23,1113,539839,964,284810,136,239540,13,15489,576,56647,531,248753,589,305400,California
Sonoma,2021-05-24,1927,541766,1210,286020,585,240125,132,15621,645,56172,1251,250004,776,306176,California
Sonoma,2021-05-25,2904,544670,1793,287813,1024,241149,87,15708,778,54922,2112,252116,862,307038,California
Sonoma,2021-05-26,2452,547122,1725,289538,627,241776,100,15808,1008,54594,1433,253549,1105,308143,California
Sonoma,2021-05-27,2050,549172,1130,290668,823,242599,97,15905,765,54179,1276,254825,861,309004,California
Sonoma,2021-05-28,2124,551296,1118,291786,914,243513,92,15997,609,53376,1503,256328,700,309704,California
Sonoma,2021-05-29,1235,552531,833,292619,338,243851,64,16061,621,53454,607,256935,685,310389,California
Sonoma,2021-05-30,133,552664,96,292715,33,243884,4,16065,58,53443,73,257008,62,310451,California
Stanislaus,2020-12-15,3,3,3,3,0,0,0,0,3,3,0,0,3,3,California
Stanislaus,2020-12-16,37,40,37,40,0,0,0,0,37,40,0,0,37,40,California
Stanislaus,2020-12-17,75,115,75,115,0,0,0,0,75,115,0,0,75,115,California
Stanislaus,2020-12-18,338,453,332,447,6,6,0,0,338,453,0,0,338,453,California
Stanislaus,2020-12-19,134,587,134,581,0,6,0,0,134,587,0,0,134,587,California
Stanislaus,2020-12-20,86,673,86,667,0,6,0,0,86,673,0,0,86,673,California
Stanislaus,2020-12-21,1000,1673,999,1666,1,7,0,0,999,1672,1,1,1000,1673,California
Stanislaus,2020-12-22,795,2468,783,2449,12,19,0,0,795,2467,0,1,795,2468,California
Stanislaus,2020-12-23,450,2918,432,2881,18,37,0,0,449,2916,1,2,450,2918,California
Stanislaus,2020-12-24,98,3016,89,2970,9,46,0,0,98,3014,0,2,98,3016,California
Stanislaus,2020-12-26,52,3068,9,2979,43,89,0,0,52,3066,0,2,52,3068,California
Stanislaus,2020-12-27,11,3079,6,2985,5,94,0,0,11,3077,0,2,11,3079,California
Stanislaus,2020-12-28,488,3567,395,3380,93,187,0,0,488,3565,0,2,488,3567,California
Stanislaus,2020-12-29,494,4061,415,3795,79,266,0,0,494,4059,0,2,494,4061,California
Stanislaus,2020-12-30,535,4596,280,4075,255,521,0,0,534,4592,1,3,534,4595,California
Stanislaus,2020-12-31,275,4871,156,4231,119,640,0,0,275,4867,0,3,275,4870,California
Stanislaus,2021-01-01,13,4884,5,4236,8,648,0,0,13,4880,0,3,13,4883,California
Stanislaus,2021-01-02,34,4918,26,4262,8,656,0,0,34,4914,0,3,34,4917,California
Stanislaus,2021-01-03,90,5008,87,4349,3,659,0,0,90,5004,0,3,90,5007,California
Stanislaus,2021-01-04,232,5240,152,4501,80,739,0,0,232,5236,0,3,232,5239,California
Stanislaus,2021-01-05,837,6077,345,4846,492,1231,0,0,812,6032,24,27,820,6059,California
Stanislaus,2021-01-06,1004,7081,600,5446,404,1635,0,0,931,6895,70,97,933,6992,California
Stanislaus,2021-01-07,1079,8160,703,6149,376,2011,0,0,888,7600,185,282,890,7882,California
Stanislaus,2021-01-08,1276,9436,720,6869,556,2567,0,0,932,8197,341,623,938,8820,California
Stanislaus,2021-01-09,288,9724,142,7011,146,2713,0,0,198,8305,90,713,198,9018,California
Stanislaus,2021-01-10,48,9772,22,7033,26,2739,0,0,29,8315,19,732,29,9047,California
Stanislaus,2021-01-11,1499,11271,1218,8251,281,3020,0,0,570,7980,923,1655,588,9635,California
Stanislaus,2021-01-12,1470,12741,864,9115,606,3626,0,0,830,8184,636,2291,840,10475,California
Stanislaus,2021-01-13,1448,14189,689,9804,759,4385,0,0,1124,8995,323,2614,1134,11609,California
Stanislaus,2021-01-14,2238,16427,283,10087,1955,6340,0,0,2066,10962,169,2783,2136,13745,California
Stanislaus,2021-01-15,2829,19256,1162,11249,1667,8007,0,0,2675,13568,150,2933,2756,16501,California
Stanislaus,2021-01-16,473,19729,50,11299,423,8430,0,0,455,14008,17,2950,457,16958,California
Stanislaus,2021-01-17,244,19973,202,11501,42,8472,0,0,237,14239,6,2956,237,17195,California
Stanislaus,2021-01-18,2187,22160,1022,12523,1165,9637,0,0,1797,15725,385,3341,1871,19066,California
Stanislaus,2021-01-19,1255,23415,724,13247,531,10168,0,0,806,16087,445,3786,807,19873,California
Stanislaus,2021-01-20,1012,24427,490,13737,522,10690,0,0,717,16510,294,4080,717,20590,California
Stanislaus,2021-01-21,3693,28120,2977,16714,716,11406,0,0,3366,19661,323,4403,3474,24064,California
Stanislaus,2021-01-22,1095,29215,308,17022,787,12193,0,0,1050,20673,41,4444,1053,25117,California
Stanislaus,2021-01-23,358,29573,44,17066,314,12507,0,0,299,20915,58,4502,300,25417,California
Stanislaus,2021-01-24,302,29875,100,17166,202,12709,0,0,236,21087,66,4568,238,25655,California
Stanislaus,2021-01-25,3158,33033,227,17393,2931,15640,0,0,2829,23773,293,4861,2979,28634,California
Stanislaus,2021-01-26,1729,34762,747,18140,982,16622,0,0,1300,24668,422,5283,1317,29951,California
Stanislaus,2021-01-27,1894,36656,1054,19194,840,17462,0,0,1189,25198,660,5943,1190,31141,California
Stanislaus,2021-01-28,2209,38865,1511,20705,698,18160,0,0,1719,26496,482,6425,1780,32921,California
Stanislaus,2021-01-29,2443,41308,1196,21901,1247,19407,0,0,1911,27970,486,6911,1960,34881,California
Stanislaus,2021-01-30,294,41602,133,22034,161,19568,0,0,230,28147,53,6964,230,35111,California
Stanislaus,2021-01-31,369,41971,315,22349,54,19622,0,0,354,28489,12,6976,354,35465,California
Stanislaus,2021-02-01,1297,43268,586,22935,711,20333,0,0,942,29087,345,7321,943,36408,California
Stanislaus,2021-02-02,1211,44479,348,23283,863,21196,0,0,777,29443,423,7744,779,37187,California
Stanislaus,2021-02-03,2611,47090,1229,24512,1382,22578,0,0,1914,30679,691,8435,1927,39114,California
Stanislaus,2021-02-04,2090,49180,709,25221,1381,23959,0,0,1581,31770,495,8930,1586,40700,California
Stanislaus,2021-02-05,2856,52036,1473,26694,1383,25342,0,0,1592,32171,1204,10134,1605,42305,California
Stanislaus,2021-02-06,886,52922,300,26994,586,25928,0,0,694,32677,190,10324,696,43001,California
Stanislaus,2021-02-07,233,53155,208,27202,25,25953,0,0,43,32534,187,10511,44,43045,California
Stanislaus,2021-02-08,2036,55191,1335,28537,701,26654,0,0,1100,32760,895,11406,1121,44166,California
Stanislaus,2021-02-09,1841,57032,783,29320,1058,27712,0,0,1044,33038,774,12180,1052,45218,California
Stanislaus,2021-02-10,1934,58966,533,29853,1401,29113,0,0,1011,33149,902,13082,1013,46231,California
Stanislaus,2021-02-11,5397,64363,3275,33128,2122,31235,0,0,1233,30435,3953,17035,1239,47470,California
Stanislaus,2021-02-12,3303,67666,916,34044,2387,33622,0,0,1452,30124,1771,18806,1460,48930,California
Stanislaus,2021-02-13,1353,69019,652,34696,701,34323,0,0,982,30744,366,19172,986,49916,California
Stanislaus,2021-02-14,421,69440,167,34863,254,34577,0,0,353,31031,66,19238,353,50269,California
Stanislaus,2021-02-15,1817,71257,230,35093,1587,36164,0,0,582,30496,1121,20359,586,50855,California
Stanislaus,2021-02-16,1363,72620,423,35516,940,37104,0,0,580,30307,771,21130,582,51437,California
Stanislaus,2021-02-17,2756,75376,1688,37204,1068,38172,0,0,1922,31411,829,21959,1933,53370,California
Stanislaus,2021-02-18,3360,78736,1900,39104,1460,39632,0,0,1779,31728,1495,23454,1812,55182,California
Stanislaus,2021-02-19,2765,81501,1069,40173,1696,41328,0,0,1516,32062,1206,24660,1540,56722,California
Stanislaus,2021-02-20,751,82252,382,40555,369,41697,0,0,474,32281,257,24917,476,57198,California
Stanislaus,2021-02-21,905,83157,691,41246,214,41911,0,0,544,32499,337,25254,555,57753,California
Stanislaus,2021-02-22,2349,85506,1696,42942,653,42564,0,0,1631,33434,698,25952,1633,59386,California
Stanislaus,2021-02-23,3745,89251,678,43620,3067,45631,0,0,1739,33338,1846,27798,1750,61136,California
Stanislaus,2021-02-24,4183,93434,2849,46469,1334,46965,0,0,3123,35423,1041,28839,3126,64262,California
Stanislaus,2021-02-25,3953,97387,2716,49185,1237,48202,0,0,3149,37790,785,29624,3152,67414,California
Stanislaus,2021-02-26,4208,101595,1219,50404,2989,51191,0,0,2840,39328,1312,30936,2850,70264,California
Stanislaus,2021-02-27,2091,103686,710,51114,1380,52571,1,1,1858,40984,204,31140,1860,72124,California
Stanislaus,2021-02-28,819,104505,262,51376,557,53128,0,1,769,41714,40,31180,770,72894,California
Stanislaus,2021-03-01,2775,107280,1632,53008,1141,54269,2,3,1630,42251,1106,32286,1643,74537,California
Stanislaus,2021-03-02,2397,109677,1425,54433,971,55240,1,4,1662,43193,723,33009,1665,76202,California
Stanislaus,2021-03-03,3715,113392,2229,56662,1482,56722,4,8,2909,45316,789,33798,2912,79114,California
Stanislaus,2021-03-04,5447,118839,3107,59769,2324,59046,16,24,4196,48304,1220,35018,4208,83322,California
Stanislaus,2021-03-05,4085,122924,1119,60888,2950,61996,16,40,3089,50441,967,35985,3104,86426,California
Stanislaus,2021-03-06,3578,126502,2230,63118,1255,63251,93,133,2723,52408,851,36836,2818,89244,California
Stanislaus,2021-03-07,852,127354,390,63508,426,63677,36,169,663,52924,183,37019,699,89943,California
Stanislaus,2021-03-08,1993,129347,862,64370,1042,64719,89,258,1332,53702,642,37661,1420,91363,California
Stanislaus,2021-03-09,2179,131526,903,65273,1184,65903,92,350,1637,54905,530,38191,1733,93096,California
Stanislaus,2021-03-10,5073,136599,2508,67781,2342,68245,223,573,3744,57575,1310,39501,3980,97076,California
Stanislaus,2021-03-11,5721,142320,3143,70924,2102,70347,476,1049,4127,60757,1425,40926,4607,101683,California
Stanislaus,2021-03-12,5769,148089,1231,72155,2616,72963,1922,2971,2913,62758,2831,43757,4832,106515,California
Stanislaus,2021-03-13,3384,151473,2182,74337,1132,74095,70,3041,2689,64836,687,44444,2765,109280,California
Stanislaus,2021-03-14,997,152470,596,74933,350,74445,51,3092,491,64878,503,44947,545,109825,California
Stanislaus,2021-03-15,3695,156165,1977,76910,1357,75802,361,3453,1606,64858,1993,46940,1973,111798,California
Stanislaus,2021-03-16,4927,161092,2455,79365,2060,77862,412,3865,3548,67459,1358,48298,3959,115757,California
Stanislaus,2021-03-17,4721,165813,2855,82220,1688,79550,178,4043,2884,68718,1809,50107,3068,118825,California
Stanislaus,2021-03-18,5427,171240,3425,85645,1936,81486,66,4109,2932,69379,2342,52449,3003,121828,California
Stanislaus,2021-03-19,5919,177159,1532,87177,2863,84349,1524,5633,3098,71216,2782,55231,4619,126447,California
Stanislaus,2021-03-20,3841,181000,3007,90184,766,85115,68,5701,3364,74179,470,55701,3433,129880,California
Stanislaus,2021-03-21,1003,182003,902,91086,36,85151,65,5766,761,74766,239,55940,826,130706,California
Stanislaus,2021-03-22,2816,184819,1323,92409,768,85919,725,6491,1241,75185,1549,57489,1968,132674,California
Stanislaus,2021-03-23,3949,188768,2022,94431,1667,87586,260,6751,2806,77144,1127,58616,3086,135760,California
Stanislaus,2021-03-24,4555,193323,3223,97654,1264,88850,68,6819,2639,77985,1869,60485,2710,138470,California
Stanislaus,2021-03-25,4253,197576,2924,100578,1312,90162,17,6836,1818,77464,2357,62842,1836,140306,California
Stanislaus,2021-03-26,4752,202328,1336,101914,3341,93503,75,6911,2380,77593,2339,65181,2468,142774,California
Stanislaus,2021-03-27,4414,206742,2743,104657,1589,95092,82,6993,1392,76071,3004,68185,1482,144256,California
Stanislaus,2021-03-28,1106,207848,442,105099,557,95649,107,7100,322,75734,772,68957,435,144691,California
Stanislaus,2021-03-29,2982,210830,1829,106928,1114,96763,39,7139,1987,76781,985,69942,2032,146723,California
Stanislaus,2021-03-30,3681,214511,2067,108995,1587,98350,27,7166,2237,77616,1435,71377,2270,148993,California
Stanislaus,2021-03-31,5423,219934,3850,112845,1455,99805,118,7284,2771,77876,2633,74010,2893,151886,California
Stanislaus,2021-04-01,5742,225676,3836,116681,1815,101620,91,7375,2628,77510,3096,77106,2730,154616,California
Stanislaus,2021-04-02,5004,230680,1211,117892,3639,105259,154,7529,2232,77223,2684,79790,2397,157013,California
Stanislaus,2021-04-03,4546,235226,3303,121195,1206,106465,37,7566,2242,77220,2294,82084,2291,159304,California
Stanislaus,2021-04-04,1319,236545,471,121666,818,107283,30,7596,651,77243,662,82746,685,159989,California
Stanislaus,2021-04-05,3639,240184,2533,124199,856,108139,250,7846,2356,78580,1273,84019,2610,162599,California
Stanislaus,2021-04-06,5750,245934,4169,128368,1305,109444,276,8122,3074,79273,2663,86682,3356,165955,California
Stanislaus,2021-04-07,6350,252284,3601,131969,2327,111771,422,8544,2830,79027,3504,90186,3258,169213,California
Stanislaus,2021-04-08,5676,257960,3319,135288,1926,113697,431,8975,2769,79346,2885,93071,3204,172417,California
Stanislaus,2021-04-09,4820,262780,2107,137395,2341,116038,372,9347,2185,79304,2612,95683,2570,174987,California
Stanislaus,2021-04-10,6481,269261,3983,141378,859,116897,1639,10986,1998,78476,4458,100141,3630,178617,California
Stanislaus,2021-04-11,1523,270784,850,142228,540,117437,133,11119,668,78425,853,100994,802,179419,California
Stanislaus,2021-04-12,3594,274378,2045,144273,1102,118539,447,11566,1870,79045,1705,102699,2325,181744,California
Stanislaus,2021-04-13,5195,279573,3419,147692,1763,120302,13,11579,2919,79734,2236,104935,2925,184669,California
Stanislaus,2021-04-14,4653,284226,3253,150945,1398,121700,2,11581,2257,79633,2364,107299,2263,186932,California
Stanislaus,2021-04-15,5388,289614,3315,154260,2071,123771,2,11583,3239,80765,2110,109409,3242,190174,California
Stanislaus,2021-04-16,4311,293925,998,155258,3312,127083,1,11584,1827,80153,2442,111851,1830,192004,California
Stanislaus,2021-04-17,3156,297081,2120,157378,1036,128119,0,11584,1837,80685,1308,113159,1840,193844,California
Stanislaus,2021-04-18,535,297616,221,157599,314,128433,0,11584,410,80979,118,113277,412,194256,California
Stanislaus,2021-04-19,3455,301071,2449,160048,1005,129438,1,11585,1636,80835,1788,115065,1644,195900,California
Stanislaus,2021-04-20,3977,305048,2417,162465,1560,130998,0,11585,1734,80357,2214,117279,1736,197636,California
Stanislaus,2021-04-21,3826,308874,2558,165023,1267,132265,1,11586,1600,79776,2188,119467,1607,199243,California
Stanislaus,2021-04-22,3945,312819,2401,167424,1544,133809,0,11586,1570,79020,2331,121798,1575,200818,California
Stanislaus,2021-04-23,3591,316410,844,168268,2746,136555,1,11587,1461,78450,2039,123837,1469,202287,California
Stanislaus,2021-04-24,3782,320192,2928,171196,854,137409,0,11587,1788,78266,1977,125814,1793,204080,California
Stanislaus,2021-04-25,934,321126,478,171674,456,137865,0,11587,685,78711,244,126058,689,204769,California
Stanislaus,2021-04-26,3252,324378,2288,173962,958,138823,6,11593,964,77417,2268,128326,974,205743,California
Stanislaus,2021-04-27,3950,328328,2754,176716,1154,139977,42,11635,1118,75771,2807,131133,1161,206904,California
Stanislaus,2021-04-28,4241,332569,3011,179727,1168,141145,62,11697,1822,75263,2400,133533,1892,208796,California
Stanislaus,2021-04-29,3609,336178,2249,181976,1312,142457,48,11745,1424,74574,2170,135703,1481,210277,California
Stanislaus,2021-04-30,4490,340668,2045,184021,2361,144818,84,11829,1774,73736,2704,138407,1866,212143,California
Stanislaus,2021-05-01,2704,343372,1922,185943,742,145560,40,11869,1012,73112,1684,140091,1060,213203,California
Stanislaus,2021-05-02,1078,344450,618,186561,424,145984,36,11905,524,73130,548,140639,566,213769,California
Stanislaus,2021-05-03,2412,346862,1926,188487,416,146400,70,11975,910,72626,1488,142127,984,214753,California
Stanislaus,2021-05-04,3463,350325,2467,190954,907,147307,89,12064,1066,71402,2385,144512,1161,215914,California
Stanislaus,2021-05-05,3175,353500,2129,193083,971,148278,75,12139,1080,70485,2076,146588,1159,217073,California
Stanislaus,2021-05-06,3094,356594,2297,195380,688,148966,109,12248,1013,69551,2063,148651,1129,218202,California
Stanislaus,2021-05-07,2302,358896,886,196266,1255,150221,161,12409,939,69297,1356,150007,1102,219304,California
Stanislaus,2021-05-08,1961,360857,1341,197607,587,150808,33,12442,712,68815,1234,151241,752,220056,California
Stanislaus,2021-05-09,707,361564,338,197945,343,151151,26,12468,305,68746,400,151641,331,220387,California
Stanislaus,2021-05-10,1657,363221,1135,199080,444,151595,78,12546,447,68073,1199,152840,526,220913,California
Stanislaus,2021-05-11,2332,365553,1471,200551,705,152300,156,12702,658,67228,1663,154503,818,221731,California
Stanislaus,2021-05-12,2140,367693,1215,201766,825,153125,100,12802,824,66851,1303,155806,926,222657,California
Stanislaus,2021-05-13,1850,369543,1023,202789,712,153837,115,12917,842,66806,1003,156809,958,223615,California
Stanislaus,2021-05-14,2594,372137,1157,203946,1303,155140,134,13051,1196,66756,1381,158190,1331,224946,California
Stanislaus,2021-05-15,2478,374615,1773,205719,655,155795,50,13101,1203,66751,1266,159456,1261,226207,California
Stanislaus,2021-05-16,1015,375630,661,206380,346,156141,8,13109,553,66860,456,159912,565,226772,California
Stanislaus,2021-05-17,1928,377558,1294,207674,553,156694,81,13190,976,66974,946,160858,1060,227832,California
Stanislaus,2021-05-18,2199,379757,1502,209176,583,157277,114,13304,1182,67264,1005,161863,1295,229127,California
Stanislaus,2021-05-19,3016,382773,2065,211241,801,158078,150,13454,1350,67111,1657,163520,1504,230631,California
Stanislaus,2021-05-20,1839,384612,963,212204,776,158854,100,13554,764,66911,1068,164588,868,231499,California
Stanislaus,2021-05-21,2067,386679,966,213170,1009,159863,92,13646,850,66652,1202,165790,943,232442,California
Stanislaus,2021-05-22,1668,388347,1004,214174,597,160460,67,13713,742,66541,919,166709,808,233250,California
Stanislaus,2021-05-23,863,389210,560,214734,291,160751,12,13725,403,66499,457,167166,415,233665,California
Stanislaus,2021-05-24,1550,390760,1063,215797,411,161162,76,13801,600,66236,947,168113,684,234349,California
Stanislaus,2021-05-25,1683,392443,1154,216951,433,161595,96,13897,825,66301,856,168969,921,235270,California
Stanislaus,2021-05-26,1855,394298,1173,218124,637,162232,45,13942,886,66272,960,169929,931,236201,California
Stanislaus,2021-05-27,1695,395993,931,219055,694,162926,70,14012,637,65930,1049,170978,707,236908,California
Stanislaus,2021-05-28,1888,397881,860,219915,951,163877,77,14089,826,65778,1056,172034,904,237812,California
Stanislaus,2021-05-29,1280,399161,823,220738,416,164293,41,14130,589,65724,687,172721,633,238445,California
Stanislaus,2021-05-30,165,399326,78,220816,61,164354,26,14156,74,65735,88,172809,99,238544,California
Sutter,2020-12-15,1,1,1,1,0,0,0,0,1,1,0,0,1,1,California
Sutter,2020-12-16,4,5,4,5,0,0,0,0,4,5,0,0,4,5,California
Sutter,2020-12-17,2,7,2,7,0,0,0,0,2,7,0,0,2,7,California
Sutter,2020-12-18,20,27,20,27,0,0,0,0,20,27,0,0,20,27,California
Sutter,2020-12-19,44,71,44,71,0,0,0,0,44,71,0,0,44,71,California
Sutter,2020-12-20,42,113,42,113,0,0,0,0,42,113,0,0,42,113,California
Sutter,2020-12-21,100,213,100,213,0,0,0,0,100,213,0,0,100,213,California
Sutter,2020-12-22,172,385,172,385,0,0,0,0,172,385,0,0,172,385,California
Sutter,2020-12-23,116,501,111,496,5,5,0,0,116,501,0,0,116,501,California
Sutter,2020-12-24,17,518,11,507,6,11,0,0,17,518,0,0,17,518,California
Sutter,2020-12-26,38,556,34,541,4,15,0,0,38,556,0,0,38,556,California
Sutter,2020-12-27,24,580,23,564,1,16,0,0,24,580,0,0,24,580,California
Sutter,2020-12-28,83,663,55,619,28,44,0,0,83,663,0,0,83,663,California
Sutter,2020-12-29,101,764,14,633,87,131,0,0,101,764,0,0,101,764,California
Sutter,2020-12-30,137,901,34,667,103,234,0,0,137,901,0,0,137,901,California
Sutter,2020-12-31,70,971,6,673,64,298,0,0,70,971,0,0,70,971,California
Sutter,2021-01-01,3,974,3,676,0,298,0,0,3,974,0,0,3,974,California
Sutter,2021-01-02,131,1105,129,805,2,300,0,0,131,1105,0,0,131,1105,California
Sutter,2021-01-03,1,1106,0,805,1,301,0,0,1,1106,0,0,1,1106,California
Sutter,2021-01-04,247,1353,139,944,108,409,0,0,247,1353,0,0,247,1353,California
Sutter,2021-01-05,101,1454,57,1001,44,453,0,0,99,1450,2,2,99,1452,California
Sutter,2021-01-06,204,1658,50,1051,154,607,0,0,199,1644,5,7,199,1651,California
Sutter,2021-01-07,251,1909,151,1202,100,707,0,0,242,1878,8,15,242,1893,California
Sutter,2021-01-08,149,2058,40,1242,109,816,0,0,132,1993,17,32,132,2025,California
Sutter,2021-01-09,46,2104,43,1285,3,819,0,0,5,1957,41,73,5,2030,California
Sutter,2021-01-10,397,2501,37,1322,360,1179,0,0,359,2279,37,110,359,2389,California
Sutter,2021-01-11,132,2633,114,1436,18,1197,0,0,26,2199,106,216,26,2415,California
Sutter,2021-01-12,201,2834,164,1600,37,1234,0,0,58,2114,143,359,58,2473,California
Sutter,2021-01-13,162,2996,99,1699,63,1297,0,0,72,2097,89,448,72,2545,California
Sutter,2021-01-14,147,3143,51,1750,96,1393,0,0,128,2206,19,467,128,2673,California
Sutter,2021-01-15,438,3581,133,1883,305,1698,0,0,423,2614,15,482,423,3096,California
Sutter,2021-01-16,384,3965,41,1924,343,2041,0,0,353,2937,30,512,353,3449,California
Sutter,2021-01-17,26,3991,24,1948,2,2043,0,0,10,2931,16,528,10,3459,California
Sutter,2021-01-18,118,4109,63,2011,55,2098,0,0,70,2953,48,576,70,3529,California
Sutter,2021-01-19,103,4212,42,2053,61,2159,0,0,79,3008,24,600,79,3608,California
Sutter,2021-01-20,270,4482,206,2259,64,2223,0,0,250,3238,20,620,250,3858,California
Sutter,2021-01-21,486,4968,317,2576,169,2392,0,0,467,3686,19,639,467,4325,California
Sutter,2021-01-22,239,5207,52,2628,187,2579,0,0,230,3907,9,648,230,4555,California
Sutter,2021-01-23,396,5603,39,2667,357,2936,0,0,370,4251,26,674,370,4925,California
Sutter,2021-01-24,17,5620,14,2681,3,2939,0,0,15,4264,2,676,15,4940,California
Sutter,2021-01-25,306,5926,196,2877,110,3049,0,0,151,4261,154,830,151,5091,California
Sutter,2021-01-26,248,6174,108,2985,140,3189,0,0,144,4302,103,933,144,5235,California
Sutter,2021-01-27,386,6560,255,3240,131,3320,0,0,320,4556,66,999,320,5555,California
Sutter,2021-01-28,584,7144,361,3601,223,3543,0,0,409,4791,174,1173,409,5964,California
Sutter,2021-01-29,360,7504,86,3687,274,3817,0,0,240,4911,120,1293,240,6204,California
Sutter,2021-01-30,775,8279,38,3725,737,4554,0,0,764,5664,11,1304,764,6968,California
Sutter,2021-01-31,28,8307,27,3752,1,4555,0,0,28,5692,0,1304,28,6996,California
Sutter,2021-02-01,166,8473,50,3802,116,4671,0,0,135,5796,31,1335,135,7131,California
Sutter,2021-02-02,243,8716,26,3828,217,4888,0,0,211,5975,32,1367,211,7342,California
Sutter,2021-02-03,444,9160,39,3867,405,5293,0,0,210,5951,234,1601,210,7552,California
Sutter,2021-02-04,669,9829,365,4232,304,5597,0,0,619,6520,50,1651,619,8171,California
Sutter,2021-02-05,287,10116,32,4264,255,5852,0,0,136,6505,151,1802,136,8307,California
Sutter,2021-02-06,736,10852,29,4293,707,6559,0,0,714,7197,22,1824,714,9021,California
Sutter,2021-02-07,23,10875,20,4313,3,6562,0,0,19,7212,4,1828,19,9040,California
Sutter,2021-02-08,134,11009,29,4342,105,6667,0,0,98,7274,36,1864,98,9138,California
Sutter,2021-02-09,246,11255,45,4387,201,6868,0,0,184,7396,62,1926,184,9322,California
Sutter,2021-02-10,819,12074,380,4767,439,7307,0,0,177,6932,641,2567,177,9499,California
Sutter,2021-02-11,603,12677,275,5042,328,7635,0,0,345,7019,258,2825,345,9844,California
Sutter,2021-02-12,633,13310,67,5109,566,8201,0,0,310,7007,322,3147,310,10154,California
Sutter,2021-02-13,897,14207,48,5157,849,9050,0,0,781,7672,116,3263,781,10935,California
Sutter,2021-02-14,90,14297,25,5182,65,9115,0,0,79,7740,11,3274,79,11014,California
Sutter,2021-02-15,197,14494,72,5254,125,9240,0,0,118,7779,79,3353,118,11132,California
Sutter,2021-02-16,288,14782,45,5299,243,9483,0,0,204,7900,83,3436,204,11336,California
Sutter,2021-02-17,823,15605,428,5727,395,9878,0,0,129,7335,694,4130,129,11465,California
Sutter,2021-02-18,701,16306,55,5782,646,10524,0,0,489,7613,211,4341,489,11954,California
Sutter,2021-02-19,662,16968,377,6159,285,10809,0,0,460,7873,200,4541,460,12414,California
Sutter,2021-02-20,620,17588,55,6214,565,11374,0,0,517,8288,102,4643,517,12931,California
Sutter,2021-02-21,30,17618,27,6241,3,11377,0,0,7,8272,23,4666,7,12938,California
Sutter,2021-02-22,207,17825,122,6363,85,11462,0,0,87,8239,120,4786,87,13025,California
Sutter,2021-02-23,223,18048,33,6396,190,11652,0,0,97,8210,126,4912,97,13122,California
Sutter,2021-02-24,965,19013,349,6745,616,12268,0,0,194,7634,770,5682,194,13316,California
Sutter,2021-02-25,785,19798,498,7243,287,12555,0,0,604,8060,178,5860,604,13920,California
Sutter,2021-02-26,373,20171,60,7303,313,12868,0,0,155,7999,216,6076,155,14075,California
Sutter,2021-02-27,865,21036,45,7348,820,13688,0,0,710,8552,157,6233,710,14785,California
Sutter,2021-02-28,84,21120,38,7386,46,13734,0,0,64,8597,19,6252,64,14849,California
Sutter,2021-03-01,247,21367,61,7447,186,13920,0,0,150,8650,97,6349,150,14999,California
Sutter,2021-03-02,334,21701,57,7504,277,14197,0,0,160,8637,173,6522,160,15159,California
Sutter,2021-03-03,1385,23086,514,8018,871,15068,0,0,646,8550,733,7255,646,15805,California
Sutter,2021-03-04,1256,24342,867,8885,389,15457,0,0,948,9194,304,7559,948,16753,California
Sutter,2021-03-05,338,24680,79,8964,258,15715,1,1,206,9269,132,7691,207,16960,California
Sutter,2021-03-06,1023,25703,46,9010,972,16687,5,6,860,9971,163,7854,865,17825,California
Sutter,2021-03-07,64,25767,23,9033,40,16727,1,7,44,9996,20,7874,45,17870,California
Sutter,2021-03-08,226,25993,79,9112,135,16862,12,19,157,10096,69,7943,169,18039,California
Sutter,2021-03-09,386,26379,138,9250,235,17097,13,32,184,10091,202,8145,197,18236,California
Sutter,2021-03-10,1569,27948,681,9931,827,17924,61,93,525,9636,1041,9186,586,18822,California
Sutter,2021-03-11,894,28842,441,10372,434,18358,19,112,648,10060,243,9429,667,19489,California
Sutter,2021-03-12,673,29515,110,10482,381,18739,182,294,199,9968,471,9900,379,19868,California
Sutter,2021-03-13,985,30500,749,11231,218,18957,18,312,781,10564,202,10102,798,20666,California
Sutter,2021-03-14,130,30630,22,11253,97,19054,11,323,44,10533,86,10188,55,20721,California
Sutter,2021-03-15,320,30950,66,11319,205,19259,49,372,153,10570,165,10353,202,20923,California
Sutter,2021-03-16,392,31342,86,11405,259,19518,47,419,213,10650,179,10532,259,21182,California
Sutter,2021-03-17,1497,32839,563,11968,914,20432,20,439,313,9807,1175,11707,332,21514,California
Sutter,2021-03-18,973,33812,182,12150,589,21021,202,641,571,10179,400,12107,772,22286,California
Sutter,2021-03-19,463,34275,165,12315,269,21290,29,670,284,10315,177,12284,313,22599,California
Sutter,2021-03-20,949,35224,116,12431,822,22112,11,681,860,11097,89,12373,871,23470,California
Sutter,2021-03-21,67,35291,47,12478,17,22129,3,684,37,11107,30,12403,40,23510,California
Sutter,2021-03-22,288,35579,120,12598,142,22271,26,710,213,11272,74,12477,239,23749,California
Sutter,2021-03-23,377,35956,115,12713,230,22501,32,742,256,11438,121,12598,287,24036,California
Sutter,2021-03-24,1685,37641,772,13485,843,23344,70,812,314,10465,1357,13955,384,24420,California
Sutter,2021-03-25,1042,38683,680,14165,319,23663,43,855,370,10209,669,14624,413,24833,California
Sutter,2021-03-26,491,39174,174,14339,300,23963,17,872,296,10330,192,14816,313,25146,California
Sutter,2021-03-27,928,40102,63,14402,863,24826,2,874,821,11049,104,14920,823,25969,California
Sutter,2021-03-28,125,40227,71,14473,54,24880,0,874,77,11080,46,14966,77,26046,California
Sutter,2021-03-29,428,40655,145,14618,228,25108,55,929,226,11161,200,15166,281,26327,California
Sutter,2021-03-30,479,41134,160,14778,309,25417,10,939,317,11326,162,15328,327,26654,California
Sutter,2021-03-31,1250,42384,177,14955,1057,26474,16,955,447,10997,792,16120,463,27117,California
Sutter,2021-04-01,1382,43766,737,15692,458,26932,187,1142,426,10662,949,17069,614,27731,California
Sutter,2021-04-02,511,44277,99,15791,294,27226,118,1260,201,10669,308,17377,315,28046,California
Sutter,2021-04-03,910,45187,77,15868,210,27436,623,1883,121,10626,787,18164,744,28790,California
Sutter,2021-04-04,118,45305,22,15890,90,27526,6,1889,55,10624,63,18227,61,28851,California
Sutter,2021-04-05,369,45674,146,16036,187,27713,36,1925,178,10650,188,18415,214,29065,California
Sutter,2021-04-06,510,46184,198,16234,256,27969,56,1981,273,10744,236,18651,330,29395,California
Sutter,2021-04-07,1484,47668,884,17118,525,28494,75,2056,615,10578,862,19513,696,30091,California
Sutter,2021-04-08,1051,48719,583,17701,355,28849,113,2169,577,10799,470,19983,691,30782,California
Sutter,2021-04-09,567,49286,250,17951,252,29101,65,2234,238,10777,327,20310,305,31087,California
Sutter,2021-04-10,825,50111,108,18059,88,29189,629,2863,108,10792,714,21024,729,31816,California
Sutter,2021-04-11,112,50223,28,18087,40,29229,44,2907,33,10789,79,21103,76,31892,California
Sutter,2021-04-12,336,50559,91,18178,191,29420,54,2961,134,10775,202,21305,188,32080,California
Sutter,2021-04-13,429,50988,127,18305,302,29722,0,2961,211,10770,216,21521,211,32291,California
Sutter,2021-04-14,1291,52279,160,18465,1130,30852,1,2962,213,9912,1072,22593,214,32505,California
Sutter,2021-04-15,535,52814,174,18639,361,31213,0,2962,213,9805,320,22913,213,32718,California
Sutter,2021-04-16,394,53208,125,18764,269,31482,0,2962,181,9774,212,23125,181,32899,California
Sutter,2021-04-17,578,53786,84,18848,494,31976,0,2962,507,10211,70,23195,507,33406,California
Sutter,2021-04-18,70,53856,11,18859,59,32035,0,2962,43,10228,26,23221,43,33449,California
Sutter,2021-04-19,289,54145,111,18970,178,32213,0,2962,119,10179,168,23389,119,33568,California
Sutter,2021-04-20,413,54558,134,19104,279,32492,0,2962,200,10167,212,23601,200,33768,California
Sutter,2021-04-21,1233,55791,420,19524,813,33305,0,2962,477,9897,747,24348,477,34245,California
Sutter,2021-04-22,483,56274,165,19689,318,33623,0,2962,250,9916,231,24579,250,34495,California
Sutter,2021-04-23,399,56673,115,19804,284,33907,0,2962,187,9892,211,24790,187,34682,California
Sutter,2021-04-24,326,56999,105,19909,220,34127,1,2963,185,9937,140,24930,185,34867,California
Sutter,2021-04-25,157,57156,75,19984,82,34209,0,2963,86,9954,69,24999,86,34953,California
Sutter,2021-04-26,287,57443,87,20071,198,34407,2,2965,121,9913,164,25163,123,35076,California
Sutter,2021-04-27,527,57970,266,20337,257,34664,4,2969,242,9877,282,25445,246,35322,California
Sutter,2021-04-28,819,58789,342,20679,469,35133,8,2977,261,9593,553,25998,269,35591,California
Sutter,2021-04-29,774,59563,136,20815,637,35770,1,2978,310,9443,461,26459,311,35902,California
Sutter,2021-04-30,358,59921,109,20924,236,36006,13,2991,146,9392,209,26668,158,36060,California
Sutter,2021-05-01,295,60216,106,21030,148,36154,41,3032,125,9391,167,26835,166,36226,California
Sutter,2021-05-02,80,60296,52,21082,26,36180,2,3034,46,9405,34,26869,48,36274,California
Sutter,2021-05-03,170,60466,108,21190,53,36233,9,3043,70,9384,100,26969,79,36353,California
Sutter,2021-05-04,518,60984,236,21426,218,36451,64,3107,218,9368,297,27266,281,36634,California
Sutter,2021-05-05,536,61520,143,21569,385,36836,8,3115,158,9163,371,27637,166,36800,California
Sutter,2021-05-06,426,61946,231,21800,175,37011,20,3135,192,9141,234,27871,212,37012,California
Sutter,2021-05-07,407,62353,146,21946,239,37250,22,3157,153,9064,252,28123,175,37187,California
Sutter,2021-05-08,196,62549,49,21995,141,37391,6,3163,106,9086,90,28213,112,37299,California
Sutter,2021-05-09,81,62630,52,22047,24,37415,5,3168,56,9122,25,28238,61,37360,California
Sutter,2021-05-10,188,62818,42,22089,129,37544,17,3185,47,9047,139,28377,64,37424,California
Sutter,2021-05-11,433,63251,212,22301,203,37747,18,3203,180,8994,250,28627,197,37621,California
Sutter,2021-05-12,397,63648,211,22512,177,37924,9,3212,134,8878,259,28886,143,37764,California
Sutter,2021-05-13,442,64090,228,22740,192,38116,22,3234,170,8801,269,29155,192,37956,California
Sutter,2021-05-14,435,64525,184,22924,235,38351,16,3250,214,8815,216,29371,230,38186,California
Sutter,2021-05-15,840,65365,308,23232,501,38852,31,3281,305,8617,534,29905,336,38522,California
Sutter,2021-05-16,137,65502,82,23314,47,38899,8,3289,75,8639,61,29966,83,38605,California
Sutter,2021-05-17,289,65791,114,23428,161,39060,14,3303,154,8673,134,30100,168,38773,California
Sutter,2021-05-18,537,66328,311,23739,222,39282,4,3307,294,8731,240,30340,298,39071,California
Sutter,2021-05-19,463,66791,265,24004,191,39473,7,3314,246,8770,214,30554,253,39324,California
Sutter,2021-05-20,405,67196,220,24224,173,39646,12,3326,201,8781,202,30756,213,39537,California
Sutter,2021-05-21,455,67651,211,24435,232,39878,12,3338,221,8781,232,30988,232,39769,California
Sutter,2021-05-22,308,67959,175,24610,130,40008,3,3341,151,8780,154,31142,153,39922,California
Sutter,2021-05-23,154,68113,73,24683,74,40082,7,3348,77,8793,71,31213,84,40006,California
Sutter,2021-05-24,233,68346,89,24772,123,40205,21,3369,103,8791,126,31339,124,40130,California
Sutter,2021-05-25,402,68748,195,24967,192,40397,15,3384,171,8751,226,31565,186,40316,California
Sutter,2021-05-26,339,69087,173,25140,155,40552,11,3395,134,8696,200,31765,145,40461,California
Sutter,2021-05-27,441,69528,119,25259,303,40855,19,3414,131,8540,306,32071,150,40611,California
Sutter,2021-05-28,325,69853,161,25420,154,41009,10,3424,173,8577,146,32217,183,40794,California
Sutter,2021-05-29,248,70101,117,25537,116,41125,15,3439,136,8621,107,32324,151,40945,California
Sutter,2021-05-30,12,70113,4,25541,8,41133,0,3439,4,8617,8,32332,4,40949,California
Tehama,2020-12-15,1,1,1,1,0,0,0,0,1,1,0,0,1,1,California
Tehama,2020-12-16,2,3,2,3,0,0,0,0,2,3,0,0,2,3,California
Tehama,2020-12-17,12,15,12,15,0,0,0,0,12,15,0,0,12,15,California
Tehama,2020-12-18,2,17,2,17,0,0,0,0,3,18,0,0,3,18,California
Tehama,2020-12-21,33,50,33,50,0,0,0,0,33,51,0,0,33,51,California
Tehama,2020-12-22,68,118,62,112,6,6,0,0,68,119,0,0,68,119,California
Tehama,2020-12-23,49,167,41,153,8,14,0,0,49,168,0,0,49,168,California
Tehama,2020-12-24,5,172,3,156,2,16,0,0,5,173,0,0,5,173,California
Tehama,2020-12-26,3,175,2,158,1,17,0,0,3,176,0,0,3,176,California
Tehama,2020-12-27,2,177,2,160,0,17,0,0,2,178,0,0,2,178,California
Tehama,2020-12-28,56,233,43,203,13,30,0,0,56,234,0,0,56,234,California
Tehama,2020-12-29,31,264,31,234,0,30,0,0,31,265,0,0,31,265,California
Tehama,2020-12-30,54,318,38,272,16,46,0,0,53,318,0,0,53,318,California
Tehama,2020-12-31,14,332,4,276,10,56,0,0,14,332,0,0,14,332,California
Tehama,2021-01-01,2,334,0,276,2,58,0,0,2,334,0,0,2,334,California
Tehama,2021-01-04,32,366,9,285,23,81,0,0,32,366,0,0,32,366,California
Tehama,2021-01-05,70,436,43,328,27,108,0,0,67,430,3,3,67,433,California
Tehama,2021-01-06,71,507,21,349,50,158,0,0,62,484,8,11,62,495,California
Tehama,2021-01-07,57,564,7,356,50,208,0,0,56,539,1,12,56,551,California
Tehama,2021-01-08,33,597,24,380,9,217,0,0,28,562,5,17,28,579,California
Tehama,2021-01-09,7,604,5,385,2,219,0,0,5,565,2,19,5,584,California
Tehama,2021-01-10,1,605,0,385,1,220,0,0,1,566,0,19,1,585,California
Tehama,2021-01-11,48,653,46,431,2,222,0,0,15,548,33,52,15,600,California
Tehama,2021-01-12,131,784,111,542,20,242,0,0,86,589,45,97,86,686,California
Tehama,2021-01-13,73,857,55,597,18,260,0,0,27,570,46,143,27,713,California
Tehama,2021-01-14,224,1081,50,647,174,434,0,0,222,790,2,145,222,935,California
Tehama,2021-01-15,249,1330,74,721,175,609,0,0,245,1031,4,149,245,1180,California
Tehama,2021-01-16,263,1593,19,740,244,853,0,0,260,1288,3,152,260,1440,California
Tehama,2021-01-17,6,1599,2,742,4,857,0,0,4,1290,2,154,4,1444,California
Tehama,2021-01-18,10,1609,6,748,4,861,0,0,5,1290,5,159,5,1449,California
Tehama,2021-01-19,291,1900,65,813,226,1087,0,0,236,1471,55,214,236,1685,California
Tehama,2021-01-20,301,2201,87,900,214,1301,0,0,251,1673,49,263,251,1936,California
Tehama,2021-01-21,215,2416,11,911,204,1505,0,0,205,1868,10,273,205,2141,California
Tehama,2021-01-22,223,2639,21,932,202,1707,0,0,220,2085,3,276,220,2361,California
Tehama,2021-01-23,258,2897,7,939,251,1958,0,0,257,2341,1,277,257,2618,California
Tehama,2021-01-24,1,2898,1,940,0,1958,0,0,1,2342,0,277,1,2619,California
Tehama,2021-01-25,32,2930,14,954,18,1976,0,0,14,2338,18,295,14,2633,California
Tehama,2021-01-26,324,3254,42,996,282,2258,0,0,287,2588,37,332,287,2920,California
Tehama,2021-01-27,299,3553,21,1017,278,2536,0,0,279,2847,20,352,279,3199,California
Tehama,2021-01-28,339,3892,29,1046,310,2846,0,0,324,3156,15,367,324,3523,California
Tehama,2021-01-29,321,4213,19,1065,302,3148,0,0,304,3443,17,384,304,3827,California
Tehama,2021-01-30,103,4316,2,1067,101,3249,0,0,102,3544,1,385,102,3929,California
Tehama,2021-01-31,1,4317,0,1067,1,3250,0,0,1,3545,0,385,1,3930,California
Tehama,2021-02-01,78,4395,22,1089,56,3306,0,0,36,3539,42,427,36,3966,California
Tehama,2021-02-02,351,4746,63,1152,288,3594,0,0,254,3696,97,524,254,4220,California
Tehama,2021-02-03,389,5135,12,1164,377,3971,0,0,345,3997,44,568,345,4565,California
Tehama,2021-02-04,485,5620,99,1263,386,4357,0,0,404,4321,81,649,405,4970,California
Tehama,2021-02-05,177,5797,73,1336,104,4461,0,0,115,4374,62,711,115,5085,California
Tehama,2021-02-06,28,5825,13,1349,15,4476,0,0,16,4378,12,723,16,5101,California
Tehama,2021-02-07,5,5830,4,1353,1,4477,0,0,2,4377,3,726,2,5103,California
Tehama,2021-02-08,36,5866,14,1367,22,4499,0,0,27,4395,9,735,27,5130,California
Tehama,2021-02-09,78,5944,34,1401,44,4543,0,0,44,4405,34,769,44,5174,California
Tehama,2021-02-10,233,6177,62,1463,171,4714,0,0,157,4486,76,845,157,5331,California
Tehama,2021-02-11,221,6398,16,1479,205,4919,0,0,82,4431,137,982,82,5413,California
Tehama,2021-02-12,367,6765,66,1545,301,5220,0,0,175,4414,192,1174,175,5588,California
Tehama,2021-02-13,385,7150,13,1558,372,5592,0,0,147,4323,238,1412,147,5735,California
Tehama,2021-02-14,35,7185,2,1560,33,5625,0,0,33,4354,2,1414,33,5768,California
Tehama,2021-02-15,53,7238,10,1570,43,5668,0,0,47,4395,6,1420,47,5815,California
Tehama,2021-02-16,242,7480,16,1586,226,5894,0,0,60,4273,182,1602,60,5875,California
Tehama,2021-02-17,280,7760,12,1598,268,6162,0,0,54,4101,226,1828,54,5929,California
Tehama,2021-02-18,370,8130,32,1630,338,6500,0,0,145,4021,225,2053,145,6074,California
Tehama,2021-02-19,214,8344,18,1648,196,6696,0,0,43,3893,171,2224,43,6117,California
Tehama,2021-02-20,272,8616,7,1655,265,6961,0,0,27,3675,245,2469,27,6144,California
Tehama,2021-02-21,1,8617,1,1656,0,6961,0,0,1,3676,0,2469,1,6145,California
Tehama,2021-02-22,39,8656,15,1671,24,6985,0,0,26,3689,13,2482,26,6171,California
Tehama,2021-02-23,46,8702,19,1690,27,7012,0,0,26,3695,20,2502,26,6197,California
Tehama,2021-02-24,300,9002,13,1703,287,7299,0,0,27,3449,273,2775,27,6224,California
Tehama,2021-02-25,375,9377,60,1763,315,7614,0,0,39,3152,336,3111,39,6263,California
Tehama,2021-02-26,455,9832,19,1782,436,8050,0,0,70,2837,385,3496,70,6333,California
Tehama,2021-02-27,295,10127,5,1787,290,8340,0,0,34,2610,261,3757,34,6367,California
Tehama,2021-02-28,23,10150,2,1789,21,8361,0,0,20,2627,3,3760,20,6387,California
Tehama,2021-03-01,67,10217,8,1797,59,8420,0,0,33,2626,34,3794,33,6420,California
Tehama,2021-03-02,139,10356,18,1815,121,8541,0,0,30,2547,109,3903,30,6450,California
Tehama,2021-03-03,151,10507,33,1848,118,8659,0,0,48,2492,103,4006,48,6498,California
Tehama,2021-03-04,632,11139,36,1884,596,9255,0,0,221,2309,404,4410,221,6719,California
Tehama,2021-03-05,401,11540,19,1903,382,9637,0,0,216,2341,184,4594,216,6935,California
Tehama,2021-03-06,297,11837,15,1918,282,9919,0,0,80,2206,216,4810,81,7016,California
Tehama,2021-03-07,5,11842,1,1919,4,9923,0,0,3,2208,1,4811,3,7019,California
Tehama,2021-03-08,58,11900,12,1931,31,9954,15,15,27,2220,30,4841,42,7061,California
Tehama,2021-03-09,369,12269,9,1940,341,10295,19,34,313,2496,56,4897,332,7393,California
Tehama,2021-03-10,354,12623,14,1954,319,10614,21,55,71,2306,282,5179,92,7485,California
Tehama,2021-03-11,488,13111,17,1971,425,11039,46,101,345,2554,143,5322,391,7876,California
Tehama,2021-03-12,306,13417,19,1990,222,11261,65,166,181,2675,125,5447,246,8122,California
Tehama,2021-03-13,45,13462,8,1998,31,11292,6,172,5,2646,40,5487,11,8133,California
Tehama,2021-03-14,51,13513,3,2001,37,11329,11,183,9,2624,42,5529,20,8153,California
Tehama,2021-03-15,154,13667,21,2022,113,11442,20,203,84,2658,70,5599,104,8257,California
Tehama,2021-03-16,418,14085,14,2036,366,11808,38,241,315,2909,102,5701,353,8610,California
Tehama,2021-03-17,423,14508,22,2058,369,12177,32,273,340,3200,81,5782,372,8982,California
Tehama,2021-03-18,499,15007,26,2084,449,12626,24,297,320,3367,177,5959,344,9326,California
Tehama,2021-03-19,321,15328,23,2107,285,12911,13,310,278,3615,43,6002,291,9617,California
Tehama,2021-03-20,42,15370,9,2116,31,12942,2,312,30,3635,12,6014,32,9649,California
Tehama,2021-03-21,12,15382,5,2121,7,12949,0,312,12,3647,0,6014,12,9661,California
Tehama,2021-03-22,91,15473,7,2128,67,13016,17,329,50,3673,41,6055,67,9728,California
Tehama,2021-03-23,88,15561,27,2155,54,13070,7,336,69,3730,19,6074,76,9804,California
Tehama,2021-03-24,86,15647,16,2171,68,13138,2,338,55,3756,31,6105,57,9861,California
Tehama,2021-03-25,521,16168,355,2526,153,13291,13,351,470,4189,50,6155,483,10344,California
Tehama,2021-03-26,515,16683,403,2929,100,13391,12,363,439,4565,75,6230,451,10795,California
Tehama,2021-03-27,457,17140,361,3290,71,13462,25,388,389,4912,67,6297,414,11209,California
Tehama,2021-03-28,34,17174,13,3303,21,13483,0,388,22,4922,12,6309,22,11231,California
Tehama,2021-03-29,124,17298,31,3334,92,13575,1,389,78,4954,46,6355,78,11309,California
Tehama,2021-03-30,372,17670,222,3556,148,13723,2,391,254,5092,118,6473,256,11565,California
Tehama,2021-03-31,398,18068,296,3852,99,13822,3,394,326,5349,71,6544,328,11893,California
Tehama,2021-04-01,526,18594,246,4098,274,14096,6,400,392,5614,133,6677,398,12291,California
Tehama,2021-04-02,459,19053,215,4313,238,14334,6,406,272,5704,187,6864,277,12568,California
Tehama,2021-04-03,60,19113,3,4316,52,14386,5,411,30,5709,30,6894,35,12603,California
Tehama,2021-04-04,34,19147,6,4322,27,14413,1,412,22,5720,12,6906,23,12626,California
Tehama,2021-04-05,117,19264,21,4343,69,14482,27,439,61,5752,56,6962,88,12714,California
Tehama,2021-04-06,495,19759,110,4453,333,14815,52,491,140,5589,355,7317,192,12906,California
Tehama,2021-04-07,418,20177,282,4735,92,14907,44,535,303,5821,114,7431,346,13252,California
Tehama,2021-04-08,604,20781,175,4910,390,15297,39,574,230,5717,373,7804,269,13521,California
Tehama,2021-04-09,432,21213,193,5103,206,15503,33,607,215,5749,216,8020,248,13769,California
Tehama,2021-04-10,72,21285,9,5112,37,15540,26,633,39,5781,33,8053,65,13834,California
Tehama,2021-04-11,33,21318,7,5119,15,15555,11,644,8,5775,25,8078,19,13853,California
Tehama,2021-04-12,112,21430,6,5125,87,15642,19,663,40,5762,72,8150,59,13912,California
Tehama,2021-04-13,388,21818,64,5189,324,15966,0,663,67,5508,321,8471,67,13979,California
Tehama,2021-04-14,407,22225,52,5241,355,16321,0,663,48,5199,357,8828,48,14027,California
Tehama,2021-04-15,513,22738,193,5434,320,16641,0,663,79,4844,434,9262,79,14106,California
Tehama,2021-04-16,598,23336,343,5777,255,16896,0,663,75,4396,523,9785,75,14181,California
Tehama,2021-04-17,348,23684,268,6045,80,16976,0,663,41,4132,306,10091,42,14223,California
Tehama,2021-04-18,17,23701,3,6048,14,16990,0,663,13,4141,4,10095,13,14236,California
Tehama,2021-04-19,93,23794,7,6055,86,17076,0,663,39,4126,54,10149,39,14275,California
Tehama,2021-04-20,514,24308,423,6478,91,17167,0,663,150,3917,361,10510,152,14427,California
Tehama,2021-04-21,518,24826,445,6923,73,17240,0,663,167,3735,349,10859,167,14594,California
Tehama,2021-04-22,515,25341,364,7287,151,17391,0,663,148,3519,364,11223,148,14742,California
Tehama,2021-04-23,445,25786,346,7633,99,17490,0,663,197,3470,247,11470,198,14940,California
Tehama,2021-04-24,103,25889,17,7650,86,17576,0,663,27,3421,76,11546,27,14967,California
Tehama,2021-04-25,28,25917,17,7667,11,17587,0,663,10,3413,18,11564,10,14977,California
Tehama,2021-04-26,74,25991,9,7676,65,17652,0,663,42,3423,32,11596,42,15019,California
Tehama,2021-04-27,251,26242,206,7882,45,17697,0,663,93,3357,159,11755,93,15112,California
Tehama,2021-04-28,395,26637,318,8200,60,17757,17,680,65,3109,330,12085,82,15194,California
Tehama,2021-04-29,353,26990,171,8371,176,17933,6,686,69,2901,283,12368,75,15269,California
Tehama,2021-04-30,325,27315,241,8612,78,18011,6,692,112,2806,213,12581,118,15387,California
Tehama,2021-05-01,72,27387,4,8616,65,18076,3,695,14,2765,58,12639,17,15404,California
Tehama,2021-05-02,47,27434,24,8640,11,18087,12,707,27,2784,20,12659,39,15443,California
Tehama,2021-05-03,117,27551,41,8681,68,18155,8,715,62,2799,55,12714,70,15513,California
Tehama,2021-05-04,158,27709,56,8737,95,18250,7,722,67,2782,91,12805,74,15587,California
Tehama,2021-05-05,86,27795,21,8758,55,18305,10,732,38,2782,48,12853,48,15635,California
Tehama,2021-05-06,163,27958,91,8849,57,18362,15,747,99,2832,64,12917,114,15749,California
Tehama,2021-05-07,171,28129,71,8920,89,18451,11,758,47,2768,122,13039,58,15807,California
Tehama,2021-05-08,49,28178,6,8926,42,18493,1,759,13,2746,36,13075,14,15821,California
Tehama,2021-05-09,15,28193,3,8929,12,18505,0,759,6,2743,9,13084,6,15827,California
Tehama,2021-05-10,77,28270,7,8936,64,18569,6,765,36,2745,40,13124,42,15869,California
Tehama,2021-05-11,164,28434,116,9052,37,18606,11,776,30,2652,134,13258,41,15910,California
Tehama,2021-05-12,203,28637,134,9186,59,18665,10,786,42,2544,160,13418,52,15962,California
Tehama,2021-05-13,234,28871,162,9348,64,18729,8,794,105,2529,128,13546,113,16075,California
Tehama,2021-05-14,242,29113,130,9478,91,18820,21,815,57,2423,184,13730,78,16153,California
Tehama,2021-05-15,224,29337,133,9611,56,18876,35,850,161,2557,62,13792,196,16349,California
Tehama,2021-05-16,26,29363,6,9617,17,18893,3,853,14,2562,12,13804,17,16366,California
Tehama,2021-05-17,111,29474,29,9646,67,18960,15,868,53,2574,56,13860,68,16434,California
Tehama,2021-05-18,148,29622,76,9722,57,19017,15,883,45,2533,101,13961,60,16494,California
Tehama,2021-05-19,123,29745,52,9774,61,19078,10,893,42,2504,81,14042,52,16546,California
Tehama,2021-05-20,302,30047,220,9994,59,19137,23,916,212,2649,90,14132,235,16781,California
Tehama,2021-05-21,195,30242,94,10088,91,19228,10,926,69,2604,124,14256,79,16860,California
Tehama,2021-05-22,57,30299,31,10119,22,19250,4,930,35,2621,22,14278,39,16899,California
Tehama,2021-05-23,40,30339,23,10142,8,19258,9,939,12,2614,28,14306,21,16920,California
Tehama,2021-05-24,96,30435,30,10172,59,19317,7,946,35,2595,61,14367,42,16962,California
Tehama,2021-05-25,76,30511,20,10192,48,19365,8,954,47,2621,29,14396,55,17017,California
Tehama,2021-05-26,74,30585,28,10220,42,19407,4,958,47,2646,26,14422,51,17068,California
Tehama,2021-05-27,149,30734,95,10315,48,19455,6,964,48,2600,100,14522,54,17122,California
Tehama,2021-05-28,127,30861,40,10355,80,19535,7,971,60,2601,66,14588,67,17189,California
Tehama,2021-05-29,56,30917,9,10364,41,19576,6,977,37,2625,19,14607,43,17232,California
Tehama,2021-05-30,1,30918,0,10364,1,19577,0,977,0,2624,1,14608,0,17232,California
Trinity,2020-12-17,4,4,4,4,0,0,0,0,4,4,0,0,4,4,California
Trinity,2020-12-18,2,6,2,6,0,0,0,0,2,6,0,0,2,6,California
Trinity,2020-12-21,39,45,39,45,0,0,0,0,39,45,0,0,39,45,California
Trinity,2020-12-22,5,50,5,50,0,0,0,0,5,50,0,0,5,50,California
Trinity,2020-12-23,5,55,5,55,0,0,0,0,5,55,0,0,5,55,California
Trinity,2020-12-28,31,86,31,86,0,0,0,0,31,86,0,0,31,86,California
Trinity,2020-12-29,8,94,7,93,1,1,0,0,8,94,0,0,8,94,California
Trinity,2020-12-30,10,104,8,101,2,3,0,0,10,104,0,0,10,104,California
Trinity,2020-12-31,2,106,1,102,1,4,0,0,2,106,0,0,2,106,California
Trinity,2021-01-04,28,134,0,102,28,32,0,0,26,132,0,0,26,132,California
Trinity,2021-01-05,3,137,1,103,2,34,0,0,3,135,0,0,3,135,California
Trinity,2021-01-06,24,161,4,107,20,54,0,0,20,151,4,4,20,155,California
Trinity,2021-01-08,49,210,2,109,47,101,0,0,48,197,2,6,48,203,California
Trinity,2021-01-11,42,252,39,148,3,104,0,0,4,163,38,44,4,207,California
Trinity,2021-01-12,9,261,6,154,3,107,0,0,4,162,5,49,4,211,California
Trinity,2021-01-13,7,268,4,158,3,110,0,0,4,163,3,52,4,215,California
Trinity,2021-01-14,4,272,1,159,3,113,0,0,4,167,0,52,4,219,California
Trinity,2021-01-15,4,276,0,159,4,117,0,0,4,171,0,52,4,223,California
Trinity,2021-01-16,4,280,0,159,4,121,0,0,4,175,0,52,4,227,California
Trinity,2021-01-18,31,311,31,190,0,121,0,0,0,144,31,83,0,227,California
Trinity,2021-01-19,34,345,14,204,20,141,0,0,20,150,14,97,20,247,California
Trinity,2021-01-20,19,364,3,207,16,157,0,0,17,165,2,99,17,264,California
Trinity,2021-01-21,17,381,7,214,10,167,0,0,17,182,0,99,17,281,California
Trinity,2021-01-22,5,386,1,215,4,171,0,0,5,187,0,99,5,286,California
Trinity,2021-01-23,7,393,3,218,4,175,0,0,7,194,0,99,7,293,California
Trinity,2021-01-25,14,407,1,219,13,188,0,0,13,206,1,100,13,306,California
Trinity,2021-01-26,10,417,1,220,9,197,0,0,9,214,1,101,9,315,California
Trinity,2021-01-27,12,429,0,220,12,209,0,0,12,226,0,101,12,327,California
Trinity,2021-01-28,13,442,3,223,10,219,0,0,10,233,3,104,10,337,California
Trinity,2021-01-29,2,444,0,223,2,221,0,0,1,233,1,105,1,338,California
Trinity,2021-01-30,12,456,11,234,1,222,0,0,12,245,0,105,12,350,California
Trinity,2021-02-01,2,458,1,235,1,223,0,0,1,245,1,106,1,351,California
Trinity,2021-02-02,15,473,3,238,12,235,0,0,14,258,1,107,14,365,California
Trinity,2021-02-03,6,479,1,239,5,240,0,0,3,258,3,110,3,368,California
Trinity,2021-02-04,42,521,32,271,10,250,0,0,35,286,7,117,35,403,California
Trinity,2021-02-05,350,871,0,271,350,600,0,0,320,576,30,147,320,723,California
Trinity,2021-02-06,210,1081,5,276,205,805,0,0,203,772,7,154,203,926,California
Trinity,2021-02-07,1,1082,0,276,1,806,0,0,1,773,0,154,1,927,California
Trinity,2021-02-08,26,1108,0,276,26,832,0,0,15,777,11,165,15,942,California
Trinity,2021-02-09,27,1135,2,278,25,857,0,0,11,772,16,181,11,953,California
Trinity,2021-02-10,122,1257,10,288,112,969,0,0,102,854,20,201,102,1055,California
Trinity,2021-02-11,338,1595,2,290,336,1305,0,0,331,1178,7,208,331,1386,California
Trinity,2021-02-12,18,1613,10,300,8,1313,0,0,14,1188,4,212,14,1400,California
Trinity,2021-02-13,12,1625,5,305,7,1320,0,0,5,1186,7,219,5,1405,California
Trinity,2021-02-14,2,1627,2,307,0,1320,0,0,2,1188,0,219,2,1407,California
Trinity,2021-02-15,47,1674,0,307,47,1367,0,0,47,1235,0,219,47,1454,California
Trinity,2021-02-16,4,1678,1,308,3,1370,0,0,2,1235,2,221,2,1456,California
Trinity,2021-02-17,94,1772,2,310,92,1462,0,0,84,1309,10,231,84,1540,California
Trinity,2021-02-18,4,1776,0,310,4,1466,0,0,1,1307,3,234,1,1541,California
Trinity,2021-02-19,305,2081,2,312,303,1769,0,0,291,1584,14,248,291,1832,California
Trinity,2021-02-20,141,2222,14,326,127,1896,0,0,113,1669,28,276,113,1945,California
Trinity,2021-02-21,1,2223,1,327,0,1896,0,0,1,1670,0,276,1,1946,California
Trinity,2021-02-22,8,2231,0,327,8,1904,0,0,5,1672,3,279,5,1951,California
Trinity,2021-02-23,11,2242,4,331,7,1911,0,0,6,1673,5,284,6,1957,California
Trinity,2021-02-24,30,2272,8,339,22,1933,0,0,7,1657,23,307,7,1964,California
Trinity,2021-02-25,36,2308,23,362,13,1946,0,0,5,1631,31,338,5,1969,California
Trinity,2021-02-26,11,2319,1,363,10,1956,0,0,5,1630,6,344,5,1974,California
Trinity,2021-02-27,9,2328,7,370,2,1958,0,0,4,1629,5,349,4,1978,California
Trinity,2021-03-01,9,2337,0,370,9,1967,0,0,5,1630,4,353,5,1983,California
Trinity,2021-03-02,9,2346,3,373,6,1973,0,0,2,1625,7,360,2,1985,California
Trinity,2021-03-03,5,2351,0,373,5,1978,0,0,4,1628,1,361,4,1989,California
Trinity,2021-03-04,24,2375,19,392,5,1983,0,0,10,1624,14,375,10,1999,California
Trinity,2021-03-05,388,2763,1,393,387,2370,0,0,121,1482,263,638,121,2120,California
Trinity,2021-03-06,202,2965,7,400,195,2565,0,0,27,1334,175,813,27,2147,California
Trinity,2021-03-07,4,2969,3,403,1,2566,0,0,3,1336,1,814,3,2150,California
Trinity,2021-03-08,3,2972,0,403,2,2568,1,1,1,1336,2,816,2,2152,California
Trinity,2021-03-09,94,3066,0,403,92,2660,2,3,89,1422,5,821,91,2243,California
Trinity,2021-03-10,126,3192,3,406,120,2780,3,6,38,1375,88,909,41,2284,California
Trinity,2021-03-11,16,3208,4,410,10,2790,2,8,5,1371,11,920,7,2291,California
Trinity,2021-03-12,397,3605,5,415,386,3176,6,14,96,1172,301,1221,102,2393,California
Trinity,2021-03-13,13,3618,8,423,3,3179,2,16,8,1177,5,1226,10,2403,California
Trinity,2021-03-14,3,3621,1,424,2,3181,0,16,2,1178,1,1227,2,2405,California
Trinity,2021-03-15,67,3688,0,424,66,3247,1,17,14,1140,53,1280,15,2420,California
Trinity,2021-03-16,115,3803,7,431,108,3355,0,17,102,1229,13,1293,102,2522,California
Trinity,2021-03-17,100,3903,3,434,97,3452,0,17,26,1181,74,1367,26,2548,California
Trinity,2021-03-18,10,3913,2,436,5,3457,3,20,5,1184,5,1372,8,2556,California
Trinity,2021-03-19,459,4372,4,440,345,3802,110,130,36,907,423,1795,146,2702,California
Trinity,2021-03-20,105,4477,7,447,98,3900,0,130,70,943,34,1829,70,2772,California
Trinity,2021-03-21,4,4481,0,447,3,3903,1,131,3,946,1,1830,4,2776,California
Trinity,2021-03-22,2,4483,0,447,2,3905,0,131,2,948,0,1830,2,2778,California
Trinity,2021-03-23,96,4579,2,449,94,3999,0,131,78,1008,18,1848,78,2856,California
Trinity,2021-03-24,12,4591,1,450,11,4010,0,131,9,1014,3,1851,9,2865,California
Trinity,2021-03-25,110,4701,8,458,96,4106,6,137,84,1078,26,1877,90,2955,California
Trinity,2021-03-26,85,4786,8,466,77,4183,0,137,78,1149,7,1884,78,3033,California
Trinity,2021-03-27,20,4806,4,470,7,4190,9,146,9,1156,11,1895,18,3051,California
Trinity,2021-03-28,5,4811,3,473,2,4192,0,146,1,1153,4,1899,1,3052,California
Trinity,2021-03-29,6,4817,0,473,5,4197,1,147,2,1152,4,1903,3,3055,California
Trinity,2021-03-30,77,4894,5,478,72,4269,0,147,67,1209,10,1913,67,3122,California
Trinity,2021-03-31,56,4950,5,483,19,4288,32,179,21,1226,35,1948,52,3174,California
Trinity,2021-04-01,41,4991,11,494,19,4307,11,190,21,1238,20,1968,32,3206,California
Trinity,2021-04-02,247,5238,5,499,168,4475,74,264,75,1216,171,2139,149,3355,California
Trinity,2021-04-03,17,5255,12,511,5,4480,0,264,7,1213,10,2149,7,3362,California
Trinity,2021-04-04,10,5265,8,519,2,4482,0,264,8,1219,2,2151,8,3370,California
Trinity,2021-04-05,59,5324,6,525,52,4534,1,265,55,1271,4,2155,56,3426,California
Trinity,2021-04-06,117,5441,15,540,99,4633,3,268,28,1214,89,2244,32,3458,California
Trinity,2021-04-07,24,5465,12,552,7,4640,5,273,16,1227,8,2252,21,3479,California
Trinity,2021-04-08,89,5554,10,562,77,4717,2,275,52,1244,37,2289,54,3533,California
Trinity,2021-04-09,168,5722,20,582,144,4861,4,279,90,1260,78,2367,94,3627,California
Trinity,2021-04-10,11,5733,7,589,4,4865,0,279,10,1269,1,2368,10,3637,California
Trinity,2021-04-11,9,5742,5,594,2,4867,2,281,4,1270,5,2373,6,3643,California
Trinity,2021-04-12,77,5819,5,599,71,4938,1,282,64,1322,12,2385,64,3707,California
Trinity,2021-04-13,97,5916,5,604,92,5030,0,282,9,1243,88,2473,9,3716,California
Trinity,2021-04-14,10,5926,5,609,5,5035,0,282,6,1245,4,2477,6,3722,California
Trinity,2021-04-15,43,5969,10,619,33,5068,0,282,14,1230,29,2506,14,3736,California
Trinity,2021-04-16,146,6115,13,632,133,5201,0,282,73,1231,72,2578,73,3809,California
Trinity,2021-04-17,11,6126,5,637,6,5207,0,282,9,1238,2,2580,9,3818,California
Trinity,2021-04-18,3,6129,1,638,2,5209,0,282,0,1235,3,2583,0,3818,California
Trinity,2021-04-19,69,6198,2,640,67,5276,0,282,68,1302,1,2584,68,3886,California
Trinity,2021-04-20,92,6290,8,648,84,5360,0,282,20,1250,72,2656,20,3906,California
Trinity,2021-04-21,22,6312,9,657,13,5373,0,282,9,1246,13,2669,9,3915,California
Trinity,2021-04-22,91,6403,5,662,86,5459,0,282,14,1183,77,2746,14,3929,California
Trinity,2021-04-23,182,6585,6,668,176,5635,0,282,113,1227,69,2815,113,4042,California
Trinity,2021-04-24,23,6608,13,681,10,5645,0,282,6,1216,17,2832,6,4048,California
Trinity,2021-04-25,10,6618,9,690,1,5646,0,282,3,1213,6,2838,3,4051,California
Trinity,2021-04-26,45,6663,6,696,39,5685,0,282,40,1248,5,2843,40,4091,California
Trinity,2021-04-27,85,6748,7,703,78,5763,0,282,22,1207,63,2906,22,4113,California
Trinity,2021-04-28,33,6781,11,714,22,5785,0,282,12,1198,21,2927,12,4125,California
Trinity,2021-04-29,34,6815,13,727,21,5806,0,282,12,1188,22,2949,12,4137,California
Trinity,2021-04-30,27,6842,21,748,6,5812,0,282,8,1178,18,2967,8,4145,California
Trinity,2021-05-01,14,6856,8,756,1,5813,5,287,4,1177,10,2977,9,4154,California
Trinity,2021-05-02,8,6864,5,761,1,5814,2,289,2,1175,6,2983,4,4158,California
Trinity,2021-05-03,58,6922,13,774,44,5858,1,290,9,1137,48,3031,10,4168,California
Trinity,2021-05-04,23,6945,11,785,11,5869,1,291,8,1131,15,3046,9,4177,California
Trinity,2021-05-05,10,6955,6,791,4,5873,0,291,3,1127,7,3053,3,4180,California
Trinity,2021-05-06,72,7027,10,801,60,5933,2,293,15,1087,57,3110,17,4197,California
Trinity,2021-05-07,175,7202,12,813,129,6062,34,327,14,974,161,3271,48,4245,California
Trinity,2021-05-08,6,7208,2,815,4,6066,0,327,2,972,4,3275,2,4247,California
Trinity,2021-05-09,11,7219,8,823,3,6069,0,327,7,975,4,3279,7,4254,California
Trinity,2021-05-10,15,7234,5,828,9,6078,1,328,8,977,7,3286,9,4263,California
Trinity,2021-05-11,7,7241,3,831,4,6082,0,328,5,980,2,3288,5,4268,California
Trinity,2021-05-12,17,7258,14,845,2,6084,1,329,13,990,4,3292,14,4282,California
Trinity,2021-05-13,10,7268,7,852,2,6086,1,330,7,995,3,3295,8,4290,California
Trinity,2021-05-14,129,7397,19,871,82,6168,28,358,37,968,92,3387,65,4355,California
Trinity,2021-05-15,13,7410,9,880,3,6171,1,359,7,970,6,3393,8,4363,California
Trinity,2021-05-16,7,7417,6,886,1,6172,0,359,5,973,2,3395,5,4368,California
Trinity,2021-05-17,108,7525,20,906,86,6258,2,361,42,951,66,3461,44,4412,California
Trinity,2021-05-18,37,7562,7,913,29,6287,1,362,11,937,26,3487,12,4424,California
Trinity,2021-05-19,143,7705,16,929,98,6385,29,391,28,880,114,3601,57,4481,California
Trinity,2021-05-20,12,7717,6,935,3,6388,3,394,6,883,6,3607,9,4490,California
Trinity,2021-05-21,7,7724,2,937,5,6393,0,394,4,884,3,3610,4,4494,California
Trinity,2021-05-22,3,7727,2,939,1,6394,0,394,2,885,1,3611,2,4496,California
Trinity,2021-05-23,5,7732,4,943,1,6395,0,394,3,886,2,3613,3,4499,California
Trinity,2021-05-24,110,7842,12,955,97,6492,1,395,9,796,100,3713,10,4509,California
Trinity,2021-05-25,41,7883,12,967,29,6521,0,395,17,789,24,3737,17,4526,California
Trinity,2021-05-26,10,7893,4,971,6,6527,0,395,3,785,7,3744,3,4529,California
Trinity,2021-05-27,31,7924,13,984,15,6542,3,398,11,779,20,3764,14,4543,California
Trinity,2021-05-28,12,7936,9,993,2,6544,1,399,5,778,7,3771,6,4549,California
Trinity,2021-05-29,10,7946,7,1000,2,6546,1,400,7,783,3,3774,8,4557,California
Tulare,2020-12-15,1,1,1,1,0,0,0,0,1,1,0,0,1,1,California
Tulare,2020-12-16,4,5,4,5,0,0,0,0,4,5,0,0,4,5,California
Tulare,2020-12-17,109,114,109,114,0,0,0,0,109,114,0,0,109,114,California
Tulare,2020-12-18,290,404,289,403,1,1,0,0,290,404,0,0,290,404,California
Tulare,2020-12-19,327,731,327,730,0,1,0,0,327,731,0,0,327,731,California
Tulare,2020-12-20,167,898,166,896,1,2,0,0,167,898,0,0,167,898,California
Tulare,2020-12-21,422,1320,422,1318,0,2,0,0,442,1340,0,0,442,1340,California
Tulare,2020-12-22,470,1790,468,1786,2,4,0,0,469,1809,0,0,469,1809,California
Tulare,2020-12-23,327,2117,319,2105,8,12,0,0,325,2134,0,0,325,2134,California
Tulare,2020-12-24,18,2135,16,2121,2,14,0,0,18,2152,0,0,18,2152,California
Tulare,2020-12-26,9,2144,8,2129,1,15,0,0,9,2161,0,0,9,2161,California
Tulare,2020-12-27,17,2161,12,2141,5,20,0,0,17,2178,0,0,17,2178,California
Tulare,2020-12-28,478,2639,466,2607,12,32,0,0,477,2655,0,0,477,2655,California
Tulare,2020-12-29,548,3187,478,3085,70,102,0,0,548,3203,0,0,548,3203,California
Tulare,2020-12-30,465,3652,425,3510,40,142,0,0,465,3668,0,0,465,3668,California
Tulare,2020-12-31,95,3747,22,3532,73,215,0,0,95,3763,0,0,95,3763,California
Tulare,2021-01-01,2,3749,1,3533,1,216,0,0,2,3765,0,0,2,3765,California
Tulare,2021-01-02,30,3779,17,3550,13,229,0,0,30,3795,0,0,30,3795,California
Tulare,2021-01-03,23,3802,9,3559,14,243,0,0,23,3818,0,0,23,3818,California
Tulare,2021-01-04,91,3893,15,3574,76,319,0,0,91,3909,0,0,91,3909,California
Tulare,2021-01-05,463,4356,278,3852,185,504,0,0,461,4368,2,2,461,4370,California
Tulare,2021-01-06,864,5220,634,4486,230,734,0,0,854,5212,10,12,854,5224,California
Tulare,2021-01-07,783,6003,584,5070,199,933,0,0,676,5781,107,119,676,5900,California
Tulare,2021-01-08,1277,7280,574,5644,703,1636,0,0,939,6383,337,456,939,6839,California
Tulare,2021-01-09,798,8078,203,5847,595,2231,0,0,611,6807,187,643,611,7450,California
Tulare,2021-01-10,50,8128,44,5891,6,2237,0,0,11,6779,39,682,11,7461,California
Tulare,2021-01-11,1272,9400,769,6660,503,2740,0,0,836,7179,436,1118,836,8297,California
Tulare,2021-01-12,1415,10815,501,7161,914,3654,0,0,1005,7776,409,1527,1006,9303,California
Tulare,2021-01-13,428,11243,199,7360,229,3883,0,0,353,8054,75,1602,353,9656,California
Tulare,2021-01-14,491,11734,141,7501,350,4233,0,0,465,8504,15,1617,465,10121,California
Tulare,2021-01-15,1626,13360,154,7655,1472,5705,0,0,1617,10112,9,1626,1617,11738,California
Tulare,2021-01-16,1899,15259,112,7767,1787,7492,0,0,1885,11983,14,1640,1885,13623,California
Tulare,2021-01-17,142,15401,122,7889,20,7512,0,0,132,12105,10,1650,132,13755,California
Tulare,2021-01-18,694,16095,661,8550,33,7545,0,0,297,12005,397,2047,297,14052,California
Tulare,2021-01-19,1011,17106,688,9238,323,7868,0,0,584,12162,427,2474,584,14636,California
Tulare,2021-01-20,2425,19531,612,9850,1813,9681,0,0,2013,13789,386,2860,2013,16649,California
Tulare,2021-01-21,1550,21081,182,10032,1368,11049,0,0,1524,15292,21,2881,1524,18173,California
Tulare,2021-01-22,1058,22139,189,10221,869,11918,0,0,1033,16301,24,2905,1033,19206,California
Tulare,2021-01-23,437,22576,155,10376,282,12200,0,0,417,16698,20,2925,417,19623,California
Tulare,2021-01-24,30,22606,27,10403,3,12203,0,0,28,16724,2,2927,28,19651,California
Tulare,2021-01-25,1342,23948,981,11384,361,12564,0,0,1299,17980,43,2970,1299,20950,California
Tulare,2021-01-26,1503,25451,1097,12481,406,12970,0,0,1170,18818,332,3302,1170,22120,California
Tulare,2021-01-27,1500,26951,1070,13551,430,13400,0,0,921,19161,578,3880,921,23041,California
Tulare,2021-01-28,1215,28166,777,14328,438,13838,0,0,817,19580,398,4278,817,23858,California
Tulare,2021-01-29,1129,29295,719,15047,410,14248,0,0,820,20091,309,4587,820,24678,California
Tulare,2021-01-30,1675,30970,1581,16628,94,14342,0,0,1651,21719,24,4611,1652,26330,California
Tulare,2021-01-31,67,31037,62,16690,5,14347,0,0,64,21780,3,4614,64,26394,California
Tulare,2021-02-01,1185,32222,915,17605,270,14617,0,0,829,22254,355,4969,829,27223,California
Tulare,2021-02-02,696,32918,347,17952,349,14966,0,0,455,22471,239,5208,456,27679,California
Tulare,2021-02-03,568,33486,241,18193,327,15293,0,0,327,22577,221,5429,327,28006,California
Tulare,2021-02-04,557,34043,169,18362,388,15681,0,0,268,22558,288,5717,269,28275,California
Tulare,2021-02-05,1239,35282,238,18600,1001,16682,0,0,408,22137,829,6546,408,28683,California
Tulare,2021-02-06,832,36114,156,18756,676,17358,0,0,211,21729,619,7165,211,28894,California
Tulare,2021-02-07,83,36197,71,18827,12,17370,0,0,23,21692,60,7225,23,28917,California
Tulare,2021-02-08,941,37138,325,19152,616,17986,0,0,240,21233,699,7924,240,29157,California
Tulare,2021-02-09,1415,38553,335,19487,1080,19066,0,0,369,20561,1041,8965,369,29526,California
Tulare,2021-02-10,2473,41026,1986,21473,487,19553,0,0,2072,22233,400,9365,2072,31598,California
Tulare,2021-02-11,1326,42352,377,21850,949,20502,0,0,907,22721,419,9784,907,32505,California
Tulare,2021-02-12,2784,45136,575,22425,2209,22711,0,0,1207,22358,1570,11354,1207,33712,California
Tulare,2021-02-13,2479,47615,157,22582,2322,25033,0,0,664,21211,1811,13165,664,34376,California
Tulare,2021-02-14,337,47952,40,22622,297,25330,0,0,300,21474,37,13202,300,34676,California
Tulare,2021-02-15,920,48872,294,22916,626,25956,0,0,663,21881,256,13458,663,35339,California
Tulare,2021-02-16,2833,51705,1594,24510,1239,27195,0,0,1079,21207,1753,15211,1079,36418,California
Tulare,2021-02-17,2698,54403,511,25021,2187,29382,0,0,461,19437,2231,17442,461,36879,California
Tulare,2021-02-18,2320,56723,456,25477,1864,31246,0,0,638,18401,1674,19116,638,37517,California
Tulare,2021-02-19,2311,59034,871,26348,1440,32686,0,0,953,17997,1357,20473,953,38470,California
Tulare,2021-02-20,2979,62013,1881,28229,1098,33784,0,0,1257,17537,1717,22190,1257,39727,California
Tulare,2021-02-21,94,62107,90,28319,4,33788,0,0,48,17540,45,22235,48,39775,California
Tulare,2021-02-22,1105,63212,699,29018,406,34194,0,0,210,16856,894,23129,210,39985,California
Tulare,2021-02-23,1959,65171,949,29967,1010,35204,0,0,1466,17830,492,23621,1466,41451,California
Tulare,2021-02-24,2485,67656,1549,31516,936,36140,0,0,2108,19563,376,23997,2109,43560,California
Tulare,2021-02-25,3510,71166,1979,33495,1531,37671,0,0,3094,22245,412,24409,3094,46654,California
Tulare,2021-02-26,3854,75020,1887,35382,1967,39638,0,0,3387,25168,465,24874,3388,50042,California
Tulare,2021-02-27,2998,78018,1490,36872,1508,41146,0,0,2865,27912,121,24995,2865,52907,California
Tulare,2021-02-28,1308,79326,1036,37908,272,41418,0,0,1288,29183,17,25012,1288,54195,California
Tulare,2021-03-01,1775,81101,798,38706,977,42395,0,0,1584,30578,189,25201,1584,55779,California
Tulare,2021-03-02,2775,83876,1269,39975,1505,43900,1,1,2599,33005,174,25375,2601,58380,California
Tulare,2021-03-03,3955,87831,2619,42594,1336,45236,0,1,2006,33067,1946,27321,2008,60388,California
Tulare,2021-03-04,2949,90780,1332,43926,1617,46853,0,1,2621,35364,324,27645,2621,63009,California
Tulare,2021-03-05,3438,94218,1760,45686,1663,48516,15,16,2922,37790,513,28158,2939,65948,California
Tulare,2021-03-06,3087,97305,1440,47126,1588,50104,59,75,2839,40441,245,28403,2896,68844,California
Tulare,2021-03-07,1137,98442,703,47829,413,50517,21,96,1096,41518,40,28443,1117,69961,California
Tulare,2021-03-08,1722,100164,1007,48836,546,51063,169,265,1394,42757,323,28766,1562,71523,California
Tulare,2021-03-09,3259,103423,2246,51082,866,51929,147,412,2850,45345,408,29174,2996,74519,California
Tulare,2021-03-10,2965,106388,1398,52480,1392,53321,175,587,2563,47688,393,29567,2736,77255,California
Tulare,2021-03-11,4184,110572,1979,54459,1904,55225,301,888,3244,50293,940,30507,3545,80800,California
Tulare,2021-03-12,4404,114976,2432,56891,1623,56848,349,1237,3130,52509,1266,31773,3482,84282,California
Tulare,2021-03-13,4142,119118,1943,58834,2094,58942,105,1342,3195,54872,941,32714,3304,87586,California
Tulare,2021-03-14,1859,120977,985,59819,655,59597,219,1561,1334,55898,524,33238,1550,89136,California
Tulare,2021-03-15,2747,123724,1628,61447,1004,60601,115,1676,1973,57215,772,34010,2089,91225,California
Tulare,2021-03-16,3436,127160,2124,63571,1234,61835,78,1754,1880,57623,1552,35562,1960,93185,California
Tulare,2021-03-17,4049,131209,2636,66207,1336,63171,77,1831,2305,58275,1737,37299,2389,95574,California
Tulare,2021-03-18,4633,135842,3380,69587,1181,64352,72,1903,2449,58621,2177,39476,2523,98097,California
Tulare,2021-03-19,5097,140939,3352,72939,1550,65902,195,2098,2730,59200,2348,41824,2927,101024,California
Tulare,2021-03-20,4479,145418,2786,75725,1321,67223,372,2470,2060,59224,2411,44235,2435,103459,California
Tulare,2021-03-21,1996,147414,1706,77431,264,67487,26,2496,1055,59367,937,45172,1080,104539,California
Tulare,2021-03-22,2564,149978,1775,79206,677,68164,112,2608,1693,60309,865,46037,1807,106346,California
Tulare,2021-03-23,3756,153734,2157,81363,1547,69711,52,2660,2061,60743,1685,47722,2119,108465,California
Tulare,2021-03-24,3204,156938,1989,83352,1173,70884,42,2702,1811,61211,1385,49107,1853,110318,California
Tulare,2021-03-25,3481,160419,1814,85166,1495,72379,172,2874,1692,61295,1782,50889,1866,112184,California
Tulare,2021-03-26,5254,165673,3136,88302,2009,74388,109,2983,2545,61259,2691,53580,2655,114839,California
Tulare,2021-03-27,3538,169211,1815,90117,1625,76013,98,3081,991,59808,2539,56119,1088,115927,California
Tulare,2021-03-28,1468,170679,1063,91180,374,76387,31,3112,677,59733,789,56908,714,116641,California
Tulare,2021-03-29,2895,173574,1675,92855,1108,77495,112,3224,1229,59415,1661,58569,1343,117984,California
Tulare,2021-03-30,4831,178405,2785,95640,1816,79311,230,3454,1531,57879,3291,61860,1755,119739,California
Tulare,2021-03-31,3955,182360,2339,97979,1503,80814,113,3567,1577,57203,2370,64230,1694,121433,California
Tulare,2021-04-01,4522,186882,2452,100431,2002,82816,68,3635,1559,55879,2953,67183,1629,123062,California
Tulare,2021-04-02,5333,192215,3054,103485,2161,84977,118,3753,1576,53836,3741,70924,1698,124760,California
Tulare,2021-04-03,3624,195839,2096,105581,1157,86134,371,4124,835,52290,2751,73675,1205,125965,California
Tulare,2021-04-04,1633,197472,1146,106727,480,86614,7,4131,359,51386,1270,74945,366,126331,California
Tulare,2021-04-05,3367,200839,2354,109081,743,87357,270,4401,861,50035,2494,77439,1143,127474,California
Tulare,2021-04-06,3430,204269,1469,110550,1467,88824,494,4895,922,48955,2501,79940,1421,128895,California
Tulare,2021-04-07,3887,208156,1833,112383,1621,90445,433,5328,1178,47874,2699,82639,1618,130513,California
Tulare,2021-04-08,4746,212902,2607,114990,1679,92124,460,5788,1512,46632,3222,85861,1980,132493,California
Tulare,2021-04-09,4820,217722,2980,117970,1408,93532,432,6220,1824,45922,2988,88849,2278,134771,California
Tulare,2021-04-10,3830,221552,2062,120032,1450,94982,318,6538,941,44301,2881,91730,1260,136031,California
Tulare,2021-04-11,1573,223125,1036,121068,466,95448,71,6609,482,43766,1088,92818,553,136584,California
Tulare,2021-04-12,3362,226487,2106,123174,663,96111,593,7202,1050,43106,2304,95122,1644,138228,California
Tulare,2021-04-13,2413,228900,1586,124760,817,96928,10,7212,901,42518,1501,96623,913,139141,California
Tulare,2021-04-14,2847,231747,1681,126441,1166,98094,0,7212,908,41490,1936,98559,908,140049,California
Tulare,2021-04-15,3273,235020,2133,128574,1140,99234,0,7212,1469,41166,1793,100352,1469,141518,California
Tulare,2021-04-16,3653,238673,2216,130790,1437,100671,0,7212,1478,40479,2165,102517,1478,142996,California
Tulare,2021-04-17,2212,240885,1299,132089,913,101584,0,7212,1175,40623,1032,103549,1176,144172,California
Tulare,2021-04-18,1521,242406,1190,133279,331,101915,0,7212,814,40731,706,104255,814,144986,California
Tulare,2021-04-19,2121,244527,1220,134499,899,102814,2,7214,896,40408,1221,105476,898,145884,California
Tulare,2021-04-20,2342,246869,1314,135813,1028,103842,0,7214,995,40071,1332,106808,995,146879,California
Tulare,2021-04-21,2206,249075,1326,137139,880,104722,0,7214,807,39519,1360,108168,808,147687,California
Tulare,2021-04-22,2108,251183,1171,138310,937,105659,0,7214,727,38885,1361,109529,727,148414,California
Tulare,2021-04-23,2578,253761,1581,139891,996,106655,1,7215,1019,38356,1548,111077,1019,149433,California
Tulare,2021-04-24,1637,255398,1051,140942,584,107239,2,7217,849,38424,783,111860,851,150284,California
Tulare,2021-04-25,693,256091,520,141462,173,107412,0,7217,264,38259,429,112289,264,150548,California
Tulare,2021-04-26,1463,257554,874,142336,570,107982,19,7236,610,38041,845,113134,627,151175,California
Tulare,2021-04-27,1593,259147,633,142969,924,108906,36,7272,671,37828,919,114053,706,151881,California
Tulare,2021-04-28,1702,260849,971,143940,690,109596,41,7313,668,37508,1029,115082,709,152590,California
Tulare,2021-04-29,1989,262838,1193,145133,759,110355,37,7350,768,37100,1211,116293,803,153393,California
Tulare,2021-04-30,2431,265269,1771,146904,610,110965,50,7400,895,36515,1529,117822,944,154337,California
Tulare,2021-05-01,1410,266679,1211,148115,187,111152,12,7412,721,36568,680,118502,733,155070,California
Tulare,2021-05-02,584,267263,496,148611,72,111224,16,7428,188,36379,393,118895,204,155274,California
Tulare,2021-05-03,1619,268882,1094,149705,400,111624,125,7553,349,35590,1263,120158,474,155748,California
Tulare,2021-05-04,1550,270432,826,150531,655,112279,69,7622,625,35364,918,121076,692,156440,California
Tulare,2021-05-05,1268,271700,612,151143,568,112847,88,7710,436,35067,821,121897,524,156964,California
Tulare,2021-05-06,1950,273650,1325,152468,576,113423,49,7759,588,34350,1354,123251,637,157601,California
Tulare,2021-05-07,1841,275491,1250,153718,523,113946,68,7827,526,33635,1308,124559,593,158194,California
Tulare,2021-05-08,1233,276724,803,154521,405,114351,25,7852,526,33486,700,125259,551,158745,California
Tulare,2021-05-09,590,277314,468,154989,101,114452,21,7873,117,33156,469,125728,139,158884,California
Tulare,2021-05-10,1015,278329,587,155576,363,114815,65,7938,308,32824,705,126433,373,159257,California
Tulare,2021-05-11,1210,279539,614,156190,520,115335,76,8014,502,32700,702,127135,578,159835,California
Tulare,2021-05-12,1501,281040,967,157157,482,115817,52,8066,397,32058,1090,128225,448,160283,California
Tulare,2021-05-13,1448,282488,902,158059,508,116325,38,8104,645,31942,799,129024,683,160966,California
Tulare,2021-05-14,1927,284415,1240,159299,625,116950,62,8166,859,31806,1057,130081,921,161887,California
Tulare,2021-05-15,1560,285975,875,160174,639,117589,46,8212,661,31620,892,130973,706,162593,California
Tulare,2021-05-16,693,286668,552,160726,129,117718,12,8224,323,31586,369,131342,335,162928,California
Tulare,2021-05-17,1537,288205,953,161679,511,118229,73,8297,745,31619,785,132127,818,163746,California
Tulare,2021-05-18,1578,289783,851,162530,674,118903,53,8350,805,31707,768,132895,856,164602,California
Tulare,2021-05-19,1465,291248,942,163472,489,119392,34,8384,767,31815,693,133588,801,165403,California
Tulare,2021-05-20,1348,292596,920,164392,344,119736,84,8468,658,31869,688,134276,742,166145,California
Tulare,2021-05-21,1656,294252,1252,165644,363,120099,41,8509,929,32120,719,134995,970,167115,California
Tulare,2021-05-22,1412,295664,1027,166671,360,120459,25,8534,535,31809,872,135867,561,167676,California
Tulare,2021-05-23,294,295958,249,166920,36,120495,9,8543,147,31819,146,136013,156,167832,California
Tulare,2021-05-24,916,296874,553,167473,303,120798,60,8603,424,31816,487,136500,484,168316,California
Tulare,2021-05-25,1191,298065,704,168177,450,121248,37,8640,531,31730,654,137154,568,168884,California
Tulare,2021-05-26,855,298920,475,168652,339,121587,41,8681,394,31706,458,137612,434,169318,California
Tulare,2021-05-27,1242,300162,779,169431,431,122018,32,8713,584,31672,652,138264,618,169936,California
Tulare,2021-05-28,1172,301334,661,170092,465,122483,46,8759,627,31804,540,138804,672,170608,California
Tulare,2021-05-29,839,302173,621,170713,198,122681,20,8779,472,31933,363,139167,492,171100,California
Tulare,2021-05-30,134,302307,106,170819,26,122707,2,8781,66,31935,66,139233,68,171168,California
Tuolumne,2020-12-16,47,47,47,47,0,0,0,0,47,47,0,0,47,47,California
Tuolumne,2020-12-17,18,65,18,65,0,0,0,0,18,65,0,0,18,65,California
Tuolumne,2020-12-18,101,166,100,165,1,1,0,0,101,166,0,0,101,166,California
Tuolumne,2020-12-19,5,171,5,170,0,1,0,0,5,171,0,0,5,171,California
Tuolumne,2020-12-20,2,173,2,172,0,1,0,0,2,173,0,0,2,173,California
Tuolumne,2020-12-21,115,288,101,273,14,15,0,0,115,288,0,0,115,288,California
Tuolumne,2020-12-22,172,460,172,445,0,15,0,0,172,460,0,0,172,460,California
Tuolumne,2020-12-23,185,645,183,628,2,17,0,0,185,645,0,0,185,645,California
Tuolumne,2020-12-26,2,647,2,630,0,17,0,0,2,647,0,0,2,647,California
Tuolumne,2020-12-28,77,724,75,705,2,19,0,0,77,724,0,0,77,724,California
Tuolumne,2020-12-29,102,826,39,744,63,82,0,0,102,826,0,0,102,826,California
Tuolumne,2020-12-30,78,904,22,766,56,138,0,0,78,904,0,0,78,904,California
Tuolumne,2020-12-31,27,931,20,786,7,145,0,0,27,931,0,0,27,931,California
Tuolumne,2021-01-01,6,937,5,791,1,146,0,0,6,937,0,0,6,937,California
Tuolumne,2021-01-02,118,1055,115,906,3,149,0,0,118,1055,0,0,118,1055,California
Tuolumne,2021-01-03,2,1057,2,908,0,149,0,0,2,1057,0,0,2,1057,California
Tuolumne,2021-01-04,69,1126,26,934,43,192,0,0,69,1126,0,0,69,1126,California
Tuolumne,2021-01-05,93,1219,27,961,66,258,0,0,90,1214,3,3,91,1217,California
Tuolumne,2021-01-06,132,1351,72,1033,60,318,0,0,68,1218,64,67,68,1285,California
Tuolumne,2021-01-07,120,1471,64,1097,56,374,0,0,64,1226,56,123,64,1349,California
Tuolumne,2021-01-08,105,1576,81,1178,24,398,0,0,27,1177,77,200,28,1377,California
Tuolumne,2021-01-09,2,1578,0,1178,2,400,0,0,2,1179,0,200,2,1379,California
Tuolumne,2021-01-10,3,1581,1,1179,2,402,0,0,3,1182,0,200,3,1382,California
Tuolumne,2021-01-11,116,1697,90,1269,26,428,0,0,34,1134,82,282,34,1416,California
Tuolumne,2021-01-12,102,1799,86,1355,16,444,0,0,18,1068,84,366,18,1434,California
Tuolumne,2021-01-13,231,2030,125,1480,106,550,0,0,182,1202,49,415,183,1617,California
Tuolumne,2021-01-14,148,2178,108,1588,40,590,0,0,43,1141,104,519,43,1660,California
Tuolumne,2021-01-15,474,2652,72,1660,402,992,0,0,412,1493,61,580,413,2073,California
Tuolumne,2021-01-16,7,2659,3,1663,4,996,0,0,6,1498,1,581,6,2079,California
Tuolumne,2021-01-17,7,2666,4,1667,3,999,0,0,7,1505,0,581,7,2086,California
Tuolumne,2021-01-18,46,2712,38,1705,8,1007,0,0,9,1478,36,617,9,2095,California
Tuolumne,2021-01-19,478,3190,73,1778,405,1412,0,0,432,1864,46,663,432,2527,California
Tuolumne,2021-01-20,76,3266,58,1836,18,1430,0,0,24,1837,51,714,24,2551,California
Tuolumne,2021-01-21,56,3322,23,1859,33,1463,0,0,40,1861,16,730,40,2591,California
Tuolumne,2021-01-22,169,3491,16,1875,153,1616,0,0,162,2016,7,737,162,2753,California
Tuolumne,2021-01-23,653,4144,134,2009,519,2135,0,0,548,2471,105,842,560,3313,California
Tuolumne,2021-01-24,522,4666,1,2010,521,2656,0,0,520,2990,2,844,521,3834,California
Tuolumne,2021-01-25,50,4716,28,2038,22,2678,0,0,24,2989,26,870,25,3859,California
Tuolumne,2021-01-26,80,4796,68,2106,12,2690,0,0,40,2990,40,910,41,3900,California
Tuolumne,2021-01-27,61,4857,4,2110,57,2747,0,0,8,2946,52,962,8,3908,California
Tuolumne,2021-01-28,27,4884,7,2117,20,2767,0,0,18,2955,9,971,18,3926,California
Tuolumne,2021-01-29,72,4956,6,2123,66,2833,0,0,33,2949,39,1010,33,3959,California
Tuolumne,2021-01-30,711,5667,553,2676,158,2991,0,0,689,3632,22,1032,705,4664,California
Tuolumne,2021-01-31,8,5675,2,2678,6,2997,0,0,5,3634,3,1035,5,4669,California
Tuolumne,2021-02-01,26,5701,7,2685,19,3016,0,0,23,3654,3,1038,23,4692,California
Tuolumne,2021-02-02,647,6348,40,2725,607,3623,0,0,635,4279,10,1048,635,5327,California
Tuolumne,2021-02-03,241,6589,112,2837,129,3752,0,0,88,4214,153,1201,88,5415,California
Tuolumne,2021-02-04,123,6712,13,2850,110,3862,0,0,60,4211,63,1264,60,5475,California
Tuolumne,2021-02-05,99,6811,13,2863,86,3948,0,0,35,4183,63,1327,35,5510,California
Tuolumne,2021-02-06,857,7668,583,3446,274,4222,0,0,849,5029,8,1335,854,6364,California
Tuolumne,2021-02-07,8,7676,4,3450,4,4226,0,0,4,5029,4,1339,4,6368,California
Tuolumne,2021-02-08,91,7767,40,3490,51,4277,0,0,67,5072,24,1363,67,6435,California
Tuolumne,2021-02-09,863,8630,53,3543,810,5087,0,0,822,5853,41,1404,822,7257,California
Tuolumne,2021-02-10,92,8722,17,3560,75,5162,0,0,31,5824,60,1464,31,7288,California
Tuolumne,2021-02-11,143,8865,67,3627,76,5238,0,0,77,5835,66,1530,77,7365,California
Tuolumne,2021-02-12,646,9511,19,3646,627,5865,0,0,205,5600,440,1970,205,7570,California
Tuolumne,2021-02-13,150,9661,42,3688,108,5973,0,0,119,5689,30,2000,119,7689,California
Tuolumne,2021-02-14,150,9811,13,3701,137,6110,0,0,149,5837,1,2001,149,7838,California
Tuolumne,2021-02-15,186,9997,10,3711,176,6286,0,0,177,6005,9,2010,177,8015,California
Tuolumne,2021-02-16,531,10528,18,3729,513,6799,0,0,122,5724,405,2415,124,8139,California
Tuolumne,2021-02-17,111,10639,63,3792,48,6847,0,0,61,5736,49,2464,61,8200,California
Tuolumne,2021-02-18,679,11318,25,3817,654,7501,0,0,628,6314,51,2515,629,8829,California
Tuolumne,2021-02-19,143,11461,23,3840,120,7621,0,0,43,6257,100,2615,43,8872,California
Tuolumne,2021-02-20,904,12365,341,4181,563,8184,0,0,384,6136,506,3121,385,9257,California
Tuolumne,2021-02-21,976,13341,38,4219,938,9122,0,0,470,6104,505,3626,473,9730,California
Tuolumne,2021-02-22,81,13422,58,4277,23,9145,0,0,47,6118,33,3659,47,9777,California
Tuolumne,2021-02-23,48,13470,24,4301,24,9169,0,0,26,6123,21,3680,26,9803,California
Tuolumne,2021-02-24,105,13575,59,4360,46,9215,0,0,44,6107,60,3740,44,9847,California
Tuolumne,2021-02-25,1050,14625,35,4395,1015,10230,0,0,1019,7095,31,3771,1019,10866,California
Tuolumne,2021-02-26,149,14774,10,4405,139,10369,0,0,123,7193,26,3797,124,10990,California
Tuolumne,2021-02-27,954,15728,579,4984,375,10744,0,0,249,6757,688,4485,252,11242,California
Tuolumne,2021-02-28,56,15784,4,4988,52,10796,0,0,52,6806,3,4488,52,11294,California
Tuolumne,2021-03-01,114,15898,22,5010,91,10887,1,1,77,6849,36,4524,79,11373,California
Tuolumne,2021-03-02,705,16603,73,5083,632,11519,0,1,106,6356,599,5123,106,11479,California
Tuolumne,2021-03-03,89,16692,21,5104,68,11587,0,1,64,6395,25,5148,64,11543,California
Tuolumne,2021-03-04,1169,17861,75,5179,1094,12681,0,1,1105,7436,64,5212,1105,12648,California
Tuolumne,2021-03-05,86,17947,10,5189,76,12757,0,1,49,7450,36,5248,50,12698,California
Tuolumne,2021-03-06,1057,19004,606,5795,449,13206,2,3,203,6808,849,6097,207,12905,California
Tuolumne,2021-03-07,42,19046,13,5808,14,13220,15,18,19,6819,23,6120,34,12939,California
Tuolumne,2021-03-08,196,19242,90,5898,99,13319,7,25,139,6908,57,6177,146,13085,California
Tuolumne,2021-03-09,857,20099,16,5914,830,14149,11,36,68,6204,784,6961,80,13165,California
Tuolumne,2021-03-10,78,20177,12,5926,55,14204,11,47,53,6243,25,6986,64,13229,California
Tuolumne,2021-03-11,1281,21458,36,5962,1240,15444,5,52,1255,7479,26,7012,1262,14491,California
Tuolumne,2021-03-12,299,21757,36,5998,248,15692,15,67,190,7579,108,7120,208,14699,California
Tuolumne,2021-03-13,114,21871,13,6011,101,15793,0,67,85,7637,28,7148,86,14785,California
Tuolumne,2021-03-14,143,22014,8,6019,126,15919,9,76,6,7519,137,7285,19,14804,California
Tuolumne,2021-03-15,297,22311,80,6099,214,16133,3,79,102,7436,194,7479,111,14915,California
Tuolumne,2021-03-16,803,23114,40,6139,752,16885,11,90,666,7977,136,7615,677,15592,California
Tuolumne,2021-03-17,153,23267,33,6172,107,16992,13,103,79,7996,73,7688,92,15684,California
Tuolumne,2021-03-18,947,24214,27,6199,907,17899,13,116,317,7699,627,8315,330,16014,California
Tuolumne,2021-03-19,134,24348,17,6216,87,17986,30,146,74,7744,59,8374,104,16118,California
Tuolumne,2021-03-20,90,24438,7,6223,73,18059,10,156,37,7738,52,8426,46,16164,California
Tuolumne,2021-03-21,833,25271,389,6612,434,18493,10,166,41,7006,784,9210,52,16216,California
Tuolumne,2021-03-22,164,25435,73,6685,72,18565,19,185,97,7056,66,9276,116,16332,California
Tuolumne,2021-03-23,707,26142,637,7322,56,18621,14,199,669,7700,38,9314,682,17014,California
Tuolumne,2021-03-24,110,26252,19,7341,73,18694,18,217,77,7763,32,9346,95,17109,California
Tuolumne,2021-03-25,1297,27549,23,7364,1271,19965,3,220,326,7123,969,10315,329,17438,California
Tuolumne,2021-03-26,275,27824,16,7380,236,20201,23,243,117,7116,148,10463,141,17579,California
Tuolumne,2021-03-27,580,28404,53,7433,527,20728,0,243,317,7174,261,10724,319,17898,California
Tuolumne,2021-03-28,48,28452,7,7440,41,20769,0,243,8,7144,39,10763,9,17907,California
Tuolumne,2021-03-29,206,28658,83,7523,123,20892,0,243,109,7159,94,10857,109,18016,California
Tuolumne,2021-03-30,164,28822,11,7534,152,21044,1,244,122,7241,41,10898,123,18139,California
Tuolumne,2021-03-31,95,28917,14,7548,79,21123,2,246,38,7226,55,10953,40,18179,California
Tuolumne,2021-04-01,1249,30166,30,7578,1219,22342,0,246,228,6436,1018,11971,228,18407,California
Tuolumne,2021-04-02,165,30331,12,7590,127,22469,26,272,91,6481,72,12043,117,18524,California
Tuolumne,2021-04-03,427,30758,35,7625,390,22859,2,274,239,6537,187,12230,243,18767,California
Tuolumne,2021-04-04,33,30791,3,7628,30,22889,0,274,21,6547,11,12241,21,18788,California
Tuolumne,2021-04-05,131,30922,19,7647,105,22994,7,281,59,6541,72,12313,66,18854,California
Tuolumne,2021-04-06,648,31570,517,8164,104,23098,27,308,513,6948,134,12447,541,19395,California
Tuolumne,2021-04-07,128,31698,37,8201,75,23173,16,324,50,6936,78,12525,66,19461,California
Tuolumne,2021-04-08,1445,33143,32,8233,1398,24571,15,339,246,6002,1195,13720,261,19722,California
Tuolumne,2021-04-09,274,33417,41,8274,189,24760,44,383,131,6038,143,13863,179,19901,California
Tuolumne,2021-04-10,56,33473,2,8276,34,24794,20,403,23,6049,32,13895,43,19944,California
Tuolumne,2021-04-11,18,33491,3,8279,12,24806,3,406,12,6058,6,13901,15,19959,California
Tuolumne,2021-04-12,164,33655,66,8345,93,24899,5,411,90,6085,68,13969,95,20054,California
Tuolumne,2021-04-13,784,34439,35,8380,749,25648,0,411,169,5647,607,14576,169,20223,California
Tuolumne,2021-04-14,154,34593,29,8409,125,25773,0,411,78,5653,73,14649,79,20302,California
Tuolumne,2021-04-15,341,34934,20,8429,321,26094,0,411,59,5436,276,14925,59,20361,California
Tuolumne,2021-04-16,251,35185,50,8479,201,26295,0,411,141,5475,103,15028,142,20503,California
Tuolumne,2021-04-17,43,35228,6,8485,37,26332,0,411,27,5486,16,15044,27,20530,California
Tuolumne,2021-04-18,9,35237,3,8488,6,26338,0,411,4,5486,5,15049,5,20535,California
Tuolumne,2021-04-19,170,35407,79,8567,91,26429,0,411,92,5502,76,15125,92,20627,California
Tuolumne,2021-04-20,712,36119,616,9183,96,26525,0,411,76,4949,629,15754,76,20703,California
Tuolumne,2021-04-21,119,36238,26,9209,93,26618,0,411,63,4961,51,15805,63,20766,California
Tuolumne,2021-04-22,710,36948,46,9255,664,27282,0,411,431,5122,270,16075,431,21197,California
Tuolumne,2021-04-23,177,37125,31,9286,146,27428,0,411,86,5119,89,16164,86,21283,California
Tuolumne,2021-04-24,80,37205,18,9304,62,27490,0,411,52,5143,28,16192,52,21335,California
Tuolumne,2021-04-25,27,37232,10,9314,17,27507,0,411,24,5164,3,16195,24,21359,California
Tuolumne,2021-04-26,155,37387,56,9370,99,27606,0,411,72,5155,82,16277,73,21432,California
Tuolumne,2021-04-27,136,37523,23,9393,106,27712,7,418,63,5154,71,16348,70,21502,California
Tuolumne,2021-04-28,118,37641,26,9419,81,27793,11,429,66,5180,51,16399,77,21579,California
Tuolumne,2021-04-29,277,37918,16,9435,253,28046,8,437,53,5019,222,16621,61,21640,California
Tuolumne,2021-04-30,353,38271,22,9457,319,28365,12,449,67,4816,282,16903,79,21719,California
Tuolumne,2021-05-01,25,38296,7,9464,13,28378,5,454,16,4828,9,16912,21,21740,California
Tuolumne,2021-05-02,26,38322,3,9467,21,28399,2,456,19,4842,7,16919,21,21761,California
Tuolumne,2021-05-03,100,38422,14,9481,81,28480,5,461,29,4806,70,16989,34,21795,California
Tuolumne,2021-05-04,694,39116,601,10082,88,28568,5,466,207,4531,486,17475,211,22006,California
Tuolumne,2021-05-05,107,39223,25,10107,76,28644,6,472,55,4543,50,17525,62,22068,California
Tuolumne,2021-05-06,285,39508,13,10120,258,28902,14,486,40,4356,240,17765,53,22121,California
Tuolumne,2021-05-07,323,39831,25,10145,290,29192,8,494,65,4172,257,18022,73,22194,California
Tuolumne,2021-05-08,47,39878,7,10152,36,29228,4,498,29,4187,18,18040,33,22227,California
Tuolumne,2021-05-09,15,39893,2,10154,11,29239,2,500,2,4178,13,18053,4,22231,California
Tuolumne,2021-05-10,111,40004,44,10198,62,29301,5,505,31,4135,79,18132,36,22267,California
Tuolumne,2021-05-11,196,40200,62,10260,122,29423,12,517,55,4062,140,18272,67,22334,California
Tuolumne,2021-05-12,128,40328,20,10280,105,29528,3,520,50,4037,78,18350,53,22387,California
Tuolumne,2021-05-13,109,40437,18,10298,83,29611,8,528,68,4073,41,18391,77,22464,California
Tuolumne,2021-05-14,207,40644,75,10373,120,29731,12,540,106,4092,99,18490,118,22582,California
Tuolumne,2021-05-15,57,40701,15,10388,35,29766,7,547,19,4081,38,18528,27,22609,California
Tuolumne,2021-05-16,26,40727,8,10396,16,29782,2,549,12,4081,14,18542,14,22623,California
Tuolumne,2021-05-17,110,40837,29,10425,78,29860,3,552,47,4069,63,18605,51,22674,California
Tuolumne,2021-05-18,176,41013,54,10479,75,29935,47,599,58,4056,118,18723,105,22779,California
Tuolumne,2021-05-19,120,41133,22,10501,65,30000,33,632,47,4064,72,18795,80,22859,California
Tuolumne,2021-05-20,396,41529,20,10521,371,30371,5,637,52,3778,343,19138,57,22916,California
Tuolumne,2021-05-21,192,41721,88,10609,99,30470,5,642,116,3824,75,19213,121,23037,California
Tuolumne,2021-05-22,52,41773,15,10624,32,30502,5,647,21,3819,30,19243,25,23062,California
Tuolumne,2021-05-23,15,41788,4,10628,11,30513,0,647,6,3816,9,19252,6,23068,California
Tuolumne,2021-05-24,126,41914,41,10669,79,30592,6,653,53,3803,72,19324,59,23127,California
Tuolumne,2021-05-25,281,42195,215,10884,60,30652,6,659,108,3744,173,19497,114,23241,California
Tuolumne,2021-05-26,80,42275,20,10904,58,30710,2,661,35,3736,45,19542,37,23278,California
Tuolumne,2021-05-27,62,42337,14,10918,46,30756,2,663,26,3729,35,19577,28,23306,California
Tuolumne,2021-05-28,86,42423,44,10962,41,30797,1,664,53,3751,32,19609,54,23360,California
Tuolumne,2021-05-29,35,42458,6,10968,23,30820,6,670,14,3750,21,19630,20,23380,California
Tuolumne,2021-05-30,4,42462,0,10968,4,30824,0,670,0,3746,4,19634,0,23380,California
Ventura,2020-12-15,5,5,5,5,0,0,0,0,5,5,0,0,5,5,California
Ventura,2020-12-16,73,78,73,78,0,0,0,0,73,78,0,0,73,78,California
Ventura,2020-12-17,249,327,249,327,0,0,0,0,249,327,0,0,249,327,California
Ventura,2020-12-18,1415,1742,1415,1742,0,0,0,0,1415,1742,0,0,1415,1742,California
Ventura,2020-12-19,914,2656,914,2656,0,0,0,0,914,2656,0,0,914,2656,California
Ventura,2020-12-20,432,3088,432,3088,0,0,0,0,432,3088,0,0,432,3088,California
Ventura,2020-12-21,1468,4556,1468,4556,0,0,0,0,1468,4556,0,0,1468,4556,California
Ventura,2020-12-22,1108,5664,1103,5659,5,5,0,0,1108,5664,0,0,1108,5664,California
Ventura,2020-12-23,1036,6700,987,6646,49,54,0,0,1036,6700,0,0,1036,6700,California
Ventura,2020-12-24,478,7178,380,7026,98,152,0,0,478,7178,0,0,478,7178,California
Ventura,2020-12-25,12,7190,7,7033,5,157,0,0,12,7190,0,0,12,7190,California
Ventura,2020-12-26,113,7303,92,7125,21,178,0,0,113,7303,0,0,113,7303,California
Ventura,2020-12-27,58,7361,27,7152,31,209,0,0,58,7361,0,0,58,7361,California
Ventura,2020-12-28,1069,8430,928,8080,141,350,0,0,1069,8430,0,0,1069,8430,California
Ventura,2020-12-29,1169,9599,762,8842,407,757,0,0,1169,9599,0,0,1169,9599,California
Ventura,2020-12-30,1988,11587,1522,10364,466,1223,0,0,1988,11587,0,0,1988,11587,California
Ventura,2020-12-31,479,12066,160,10524,319,1542,0,0,479,12066,0,0,479,12066,California
Ventura,2021-01-01,32,12098,12,10536,20,1562,0,0,32,12098,0,0,32,12098,California
Ventura,2021-01-02,174,12272,83,10619,91,1653,0,0,174,12272,0,0,174,12272,California
Ventura,2021-01-03,16,12288,8,10627,8,1661,0,0,16,12288,0,0,16,12288,California
Ventura,2021-01-04,1085,13373,552,11179,533,2194,0,0,1084,13372,0,0,1084,13372,California
Ventura,2021-01-05,1375,14748,786,11965,589,2783,0,0,1332,14661,43,43,1332,14704,California
Ventura,2021-01-06,2063,16811,1181,13146,882,3665,0,0,1630,15869,424,467,1632,16336,California
Ventura,2021-01-07,2072,18883,1327,14473,745,4410,0,0,1181,16162,888,1355,1181,17517,California
Ventura,2021-01-08,2195,21078,1472,15945,723,5133,0,0,903,15776,1290,2645,904,18421,California
Ventura,2021-01-09,721,21799,500,16445,221,5354,0,0,318,15691,403,3048,318,18739,California
Ventura,2021-01-10,341,22140,330,16775,11,5365,0,0,127,15604,214,3262,127,18866,California
Ventura,2021-01-11,2449,24589,1490,18265,959,6324,0,0,1496,16150,953,4215,1499,20365,California
Ventura,2021-01-12,3049,27638,1613,19878,1436,7760,0,0,2024,17149,1025,5240,2024,22389,California
Ventura,2021-01-13,2937,30575,1431,21309,1506,9266,0,0,2053,18322,881,6121,2054,24443,California
Ventura,2021-01-14,2734,33309,1059,22368,1675,10941,0,0,2287,20164,446,6567,2288,26731,California
Ventura,2021-01-15,2884,36193,964,23332,1920,12861,0,0,2674,22629,210,6777,2675,29406,California
Ventura,2021-01-16,485,36678,187,23519,298,13159,0,0,405,22954,80,6857,405,29811,California
Ventura,2021-01-17,259,36937,137,23656,122,13281,0,0,253,23201,6,6863,253,30064,California
Ventura,2021-01-18,2207,39144,1658,25314,549,13830,0,0,1662,24320,544,7407,1663,31727,California
Ventura,2021-01-19,3052,42196,2126,27440,926,14756,0,0,2155,25581,897,8304,2158,33885,California
Ventura,2021-01-20,4101,46297,3149,30589,952,15708,0,0,3050,27584,1048,9352,3051,36936,California
Ventura,2021-01-21,3852,50149,2678,33267,1174,16882,0,0,3177,30091,672,10024,3179,40115,California
Ventura,2021-01-22,3622,53771,2498,35765,1124,18006,0,0,3458,33385,164,10188,3458,43573,California
Ventura,2021-01-23,1183,54954,647,36412,536,18542,0,0,1083,34371,99,10287,1085,44658,California
Ventura,2021-01-24,456,55410,137,36549,319,18861,0,0,443,34801,13,10300,443,45101,California
Ventura,2021-01-25,3164,58574,2032,38581,1132,19993,0,0,2607,36853,556,10856,2608,47709,California
Ventura,2021-01-26,3724,62298,2213,40794,1511,21504,0,0,2722,38575,1001,11857,2723,50432,California
Ventura,2021-01-27,3482,65780,1560,42354,1922,23426,0,0,2738,40574,740,12597,2739,53171,California
Ventura,2021-01-28,3888,69668,1999,44353,1889,25315,0,0,3271,43244,602,13199,3272,56443,California
Ventura,2021-01-29,4269,73937,2523,46876,1746,27061,0,0,3768,46523,489,13688,3768,60211,California
Ventura,2021-01-30,3041,76978,1966,48842,1075,28136,0,0,2868,49223,169,13857,2869,63080,California
Ventura,2021-01-31,836,77814,447,49289,389,28525,0,0,750,49888,85,13942,750,63830,California
Ventura,2021-02-01,3961,81775,2117,51406,1844,30369,0,0,3184,52303,771,14713,3186,67016,California
Ventura,2021-02-02,4411,86186,2373,53779,2038,32407,0,0,3389,54676,1018,15731,3391,70407,California
Ventura,2021-02-03,4458,90644,2090,55869,2368,34775,0,0,3443,57110,1010,16741,3444,73851,California
Ventura,2021-02-04,4793,95437,2300,58169,2493,37268,0,0,3525,59378,1260,18001,3528,77379,California
Ventura,2021-02-05,4845,100282,2323,60492,2522,39790,0,0,3352,61252,1480,19481,3354,80733,California
Ventura,2021-02-06,2838,103120,1514,62006,1324,41114,0,0,2436,63287,401,19882,2436,83169,California
Ventura,2021-02-07,722,103842,241,62247,481,41595,0,0,597,63760,125,20007,598,83767,California
Ventura,2021-02-08,3512,107354,1632,63879,1880,43475,0,0,2436,65125,1071,21078,2436,86203,California
Ventura,2021-02-09,4729,112083,1975,65854,2754,46229,0,0,2467,65335,2260,23338,2470,88673,California
Ventura,2021-02-10,4718,116801,2233,68087,2485,48714,0,0,2392,65412,2316,25654,2393,91066,California
Ventura,2021-02-11,4672,121473,1866,69953,2806,51520,0,0,2450,65651,2214,27868,2453,93519,California
Ventura,2021-02-12,6313,127786,2665,72618,3648,55168,0,0,3225,65794,3082,30950,3225,96744,California
Ventura,2021-02-13,3310,131096,1829,74447,1481,56649,0,0,1849,66188,1457,32407,1851,98595,California
Ventura,2021-02-14,1226,132322,123,74570,1103,57752,0,0,1009,66981,217,32624,1010,99605,California
Ventura,2021-02-15,3990,136312,1801,76371,2189,59941,0,0,2118,67230,1869,34493,2118,101723,California
Ventura,2021-02-16,5559,141871,2711,79082,2848,62789,0,0,3017,67715,2532,37025,3017,104740,California
Ventura,2021-02-17,5307,147178,1923,81005,3384,66173,0,0,3334,69085,1964,38989,3334,108074,California
Ventura,2021-02-18,5787,152965,1834,82839,3953,70126,0,0,3639,70587,2137,41126,3639,111713,California
Ventura,2021-02-19,6474,159439,3771,86610,2703,72829,0,0,3013,70148,3454,44580,3015,114728,California
Ventura,2021-02-20,4942,164381,3172,89782,1770,74599,0,0,2774,70764,2162,46742,2778,117506,California
Ventura,2021-02-21,1103,165484,812,90594,291,74890,0,0,451,70570,647,47389,453,117959,California
Ventura,2021-02-22,5406,170890,2412,93006,2994,77884,0,0,3462,72098,1935,49324,3463,121422,California
Ventura,2021-02-23,5978,176868,2975,95981,3003,80887,0,0,3421,72981,2540,51864,3423,124845,California
Ventura,2021-02-24,7086,183954,2617,98598,4469,85356,0,0,4257,74427,2813,54677,4259,129104,California
Ventura,2021-02-25,7596,191550,2575,101173,5021,90377,0,0,4576,75997,3008,57685,4578,133682,California
Ventura,2021-02-26,9465,201015,2775,103948,6690,97067,0,0,6176,78913,3263,60948,6179,139861,California
Ventura,2021-02-27,10593,211608,5286,109234,5307,102374,0,0,7949,84245,2627,63575,7959,147820,California
Ventura,2021-02-28,2571,214179,1637,110871,933,103307,1,1,2096,85873,468,64043,2096,149916,California
Ventura,2021-03-01,7135,221314,2835,113706,4299,107606,1,2,4743,88253,2377,66420,4757,154673,California
Ventura,2021-03-02,7703,229017,4036,117742,3665,111271,2,4,5400,91361,2292,68712,5400,160073,California
Ventura,2021-03-03,8681,237698,3920,121662,4759,116030,2,6,6128,94957,2538,71250,6134,166207,California
Ventura,2021-03-04,8249,245947,3879,125541,4370,120400,0,6,5548,97822,2686,73936,5551,171758,California
Ventura,2021-03-05,10088,256035,4812,130353,5266,125666,10,16,7191,102149,2882,76818,7209,178967,California
Ventura,2021-03-06,7782,263817,4402,134755,3227,128893,153,169,5818,106165,1957,78775,5973,184940,California
Ventura,2021-03-07,1661,265478,614,135369,947,129840,100,269,1246,107096,415,79190,1346,186286,California
Ventura,2021-03-08,6849,272327,3436,138805,3259,133099,154,423,4736,109883,2106,81296,4893,191179,California
Ventura,2021-03-09,6864,279191,3026,141831,3638,136737,200,623,3981,111199,2869,84165,4185,195364,California
Ventura,2021-03-10,7003,286194,3018,144849,3746,140483,239,862,4674,113796,2316,86481,4913,200277,California
Ventura,2021-03-11,6535,292729,2896,147745,3325,143808,314,1176,3569,114726,2952,89433,3882,204159,California
Ventura,2021-03-12,8687,301416,3051,150796,4790,148598,846,2022,4248,115396,4423,93856,5093,209252,California
Ventura,2021-03-13,7249,308665,2510,153306,3895,152493,844,2866,4306,117612,2934,96790,5150,214402,California
Ventura,2021-03-14,2144,310809,486,153792,1160,153653,498,3364,723,117415,1420,98210,1223,215625,California
Ventura,2021-03-15,7079,317888,2050,155842,3682,157335,1347,4711,3132,117968,3923,102133,4476,220101,California
Ventura,2021-03-16,8130,326018,2465,158307,4551,161886,1114,5825,4188,119339,3929,106062,5300,225401,California
Ventura,2021-03-17,7715,333733,2777,161084,4590,166476,348,6173,4694,121384,2998,109060,5043,230444,California
Ventura,2021-03-18,7416,341149,3279,164363,3985,170461,152,6325,4839,123810,2563,111623,4989,235433,California
Ventura,2021-03-19,8656,349805,3803,168166,4740,175201,113,6438,5261,125810,3373,114996,5373,240806,California
Ventura,2021-03-20,8707,358512,5752,173918,2933,178134,22,6460,4441,126030,4244,119240,4464,245270,California
Ventura,2021-03-21,2799,361311,1523,175441,904,179038,372,6832,1323,126259,1463,120703,1692,246962,California
Ventura,2021-03-22,7425,368736,3706,179147,3616,182654,103,6935,4908,128773,2499,123202,5013,251975,California
Ventura,2021-03-23,8261,376997,3931,183078,4258,186912,72,7007,4644,129899,3589,126791,4715,256690,California
Ventura,2021-03-24,8938,385935,3422,186500,5439,192351,77,7084,4475,130019,4433,131224,4553,261243,California
Ventura,2021-03-25,8861,394796,3926,190426,4833,197184,102,7186,4493,130264,4350,135574,4595,265838,California
Ventura,2021-03-26,9941,404737,3373,193799,5914,203098,654,7840,3987,128981,5923,141497,4640,270478,California
Ventura,2021-03-27,8498,413235,3939,197738,4519,207617,40,7880,2428,125412,6043,147540,2474,272952,California
Ventura,2021-03-28,2545,415780,1427,199165,1109,208726,9,7889,1375,125638,1164,148704,1390,274342,California
Ventura,2021-03-29,8575,424355,4298,203463,4232,212958,45,7934,4258,125654,4289,152993,4305,278647,California
Ventura,2021-03-30,9014,433369,4472,207935,4411,217369,131,8065,4407,125598,4593,157586,4537,283184,California
Ventura,2021-03-31,10804,444173,4870,212805,5306,222675,628,8693,4684,124810,6098,163684,5310,288494,California
Ventura,2021-04-01,10842,455015,5288,218093,4671,227346,883,9576,5506,125890,5305,168989,6385,294879,California
Ventura,2021-04-02,11813,466828,4660,222753,5813,233159,1340,10916,5657,126768,6124,175113,7002,301881,California
Ventura,2021-04-03,8136,474964,4028,226781,2933,236092,1175,12091,3428,126667,4697,179810,4596,306477,California
Ventura,2021-04-04,1717,476681,960,227741,622,236714,135,12226,1148,127388,562,180372,1283,307760,California
Ventura,2021-04-05,9423,486104,4907,232648,3400,240114,1116,13342,4803,128700,4607,184979,5919,313679,California
Ventura,2021-04-06,10951,497055,5587,238235,3872,243986,1492,14834,5629,130535,5295,190274,7130,320809,California
Ventura,2021-04-07,11430,508485,5455,243690,4470,248456,1505,16339,5225,131099,6188,196462,6752,327561,California
Ventura,2021-04-08,10377,518862,5345,249035,4082,252538,950,17289,5188,132092,5170,201632,6163,333724,California
Ventura,2021-04-09,11271,530133,4373,253408,5178,257716,1720,19009,4919,132452,6329,207961,6689,340413,California
Ventura,2021-04-10,9541,539674,3864,257272,3514,261230,2163,21172,3118,131351,6406,214367,5305,345718,California
Ventura,2021-04-11,2419,542093,860,258132,990,262220,569,21741,679,130864,1733,216100,1246,346964,California
Ventura,2021-04-12,8936,551029,4472,262604,3648,265868,816,22557,3746,130246,5172,221272,4554,351518,California
Ventura,2021-04-13,8820,559849,4484,267088,4330,270198,6,22563,3741,128947,5046,226318,3747,355265,California
Ventura,2021-04-14,8713,568562,4076,271164,4622,274820,15,22578,3346,126980,5331,231649,3364,358629,California
Ventura,2021-04-15,9343,577905,4539,275703,4797,279617,7,22585,4088,125848,5228,236877,4096,362725,California
Ventura,2021-04-16,10160,588065,4492,280195,5667,285284,1,22586,4812,125334,5331,242208,4817,367542,California
Ventura,2021-04-17,8750,596815,5323,285518,3426,288710,1,22587,5093,126786,3642,245850,5094,372636,California
Ventura,2021-04-18,2137,598952,1015,286533,1122,289832,0,22587,910,126473,1223,247073,910,373546,California
Ventura,2021-04-19,8064,607016,4848,291381,3215,293047,1,22588,4629,127688,3416,250489,4631,378177,California
Ventura,2021-04-20,9314,616330,4918,296299,4392,297439,4,22592,4375,127146,4921,255410,4379,382556,California
Ventura,2021-04-21,8928,625258,4576,300875,4347,301786,5,22597,4251,126741,4662,260072,4257,386813,California
Ventura,2021-04-22,10073,635331,5491,306366,4582,306368,0,22597,4472,125629,5585,265657,4473,391286,California
Ventura,2021-04-23,10864,646195,5400,311766,5463,311831,1,22598,5416,125622,5424,271081,5417,396703,California
Ventura,2021-04-24,10433,656628,5893,317659,4540,316371,0,22598,6126,127455,4295,275376,6128,402831,California
Ventura,2021-04-25,2473,659101,1702,319361,771,317142,0,22598,1147,127280,1322,276698,1147,403978,California
Ventura,2021-04-26,7239,666340,4126,323487,3047,320189,66,22664,3021,126168,4194,280892,3082,407060,California
Ventura,2021-04-27,8409,674749,4639,328126,3599,323788,171,22835,3183,124308,5212,286104,3352,410412,California
Ventura,2021-04-28,8309,683058,4823,332949,3170,326958,316,23151,3266,122867,5023,291127,3582,413994,California
Ventura,2021-04-29,7830,690888,4219,337168,3347,330305,264,23415,2802,120930,5002,296129,3065,417059,California
Ventura,2021-04-30,9396,700284,5446,342614,3676,333981,274,23689,3890,119612,5471,301600,4153,421212,California
Ventura,2021-05-01,5037,705321,3629,346243,1306,335287,102,23791,1950,118601,3063,304663,2052,423264,California
Ventura,2021-05-02,2129,707450,1426,347669,614,335901,89,23880,1038,118641,1088,305751,1128,424392,California
Ventura,2021-05-03,6267,713717,3911,351580,2077,337978,279,24159,1982,116635,4265,310016,2259,426651,California
Ventura,2021-05-04,6319,720036,3318,354898,2702,340680,299,24458,2300,115228,4005,314021,2598,429249,California
Ventura,2021-05-05,5319,725355,3015,357913,2044,342724,260,24718,1936,114058,3359,317380,2189,431438,California
Ventura,2021-05-06,6144,731499,3211,361124,2663,345387,270,24988,1978,112158,4148,321528,2248,433686,California
Ventura,2021-05-07,6806,738305,3422,364546,3111,348498,273,25261,2353,110359,4425,325953,2626,436312,California
Ventura,2021-05-08,5303,743608,4120,368666,1030,349528,153,25414,1216,107654,4073,330026,1368,437680,California
Ventura,2021-05-09,1048,744656,734,369400,268,349796,46,25460,399,107456,641,330667,443,438123,California
Ventura,2021-05-10,6069,750725,4073,373473,1792,351588,204,25664,1396,104393,4662,335329,1599,439722,California
Ventura,2021-05-11,5151,755876,3205,376678,1739,353327,207,25871,1505,102468,3636,338965,1711,441433,California
Ventura,2021-05-12,4777,760653,2766,379444,1811,355138,200,26071,1481,100869,3280,342245,1681,443114,California
Ventura,2021-05-13,5693,766346,3353,382797,2138,357276,202,26273,1925,99241,3755,346000,2127,445241,California
Ventura,2021-05-14,7228,773574,4448,387245,2582,359858,198,26471,2749,97726,4459,350459,2944,448185,California
Ventura,2021-05-15,6620,780194,5367,392612,1168,361026,85,26556,2828,96866,3774,354233,2914,451099,California
Ventura,2021-05-16,2156,782350,1667,394279,437,361463,52,26608,1025,96817,1126,355359,1077,452176,California
Ventura,2021-05-17,5833,788183,3565,397844,2061,363524,207,26815,2575,96358,3240,358599,2781,454957,California
Ventura,2021-05-18,5365,793548,3169,401013,2016,365540,180,26995,2303,95797,3042,361641,2481,457438,California
Ventura,2021-05-19,5791,799339,3519,404532,2065,367605,207,27202,2434,95103,3332,364973,2638,460076,California
Ventura,2021-05-20,4341,803680,2292,406824,1894,369499,155,27357,1775,94491,2541,367514,1929,462005,California
Ventura,2021-05-21,6710,810390,3658,410482,2878,372377,174,27531,2141,92264,4541,372055,2314,464319,California
Ventura,2021-05-22,4761,815151,2314,412796,2373,374750,74,27605,1489,90561,3266,375321,1563,465882,California
Ventura,2021-05-23,1269,816420,1061,413857,138,374888,70,27675,492,90348,775,376096,562,466444,California
Ventura,2021-05-24,4505,820925,2455,416312,1894,376782,156,27831,1536,89085,2955,379051,1692,468136,California
Ventura,2021-05-25,4249,825174,2199,418511,1901,378683,149,27980,1463,87928,2767,381818,1610,469746,California
Ventura,2021-05-26,4069,829243,2187,420698,1751,380434,131,28111,1593,87194,2458,384276,1724,471470,California
Ventura,2021-05-27,3765,833008,1841,422539,1815,382249,109,28220,1377,86304,2376,386652,1486,472956,California
Ventura,2021-05-28,4435,837443,2442,424981,1809,384058,184,28404,1973,86007,2451,389103,2154,475110,California
Ventura,2021-05-29,2111,839554,1324,426305,719,384777,68,28472,1026,86032,1069,390172,1094,476204,California
Ventura,2021-05-30,246,839800,181,426486,59,384836,6,28478,92,85976,154,390326,98,476302,California
Yolo,2020-12-15,39,39,39,39,0,0,0,0,39,39,0,0,39,39,California
Yolo,2020-12-16,78,117,78,117,0,0,0,0,78,117,0,0,78,117,California
Yolo,2020-12-17,101,218,101,218,0,0,0,0,101,218,0,0,101,218,California
Yolo,2020-12-18,209,427,209,427,0,0,0,0,209,427,0,0,209,427,California
Yolo,2020-12-19,88,515,88,515,0,0,0,0,88,515,0,0,88,515,California
Yolo,2020-12-20,100,615,100,615,0,0,0,0,100,615,0,0,100,615,California
Yolo,2020-12-21,254,869,254,869,0,0,0,0,254,869,0,0,254,869,California
Yolo,2020-12-22,381,1250,380,1249,1,1,0,0,381,1250,0,0,381,1250,California
Yolo,2020-12-23,433,1683,413,1662,20,21,0,0,433,1683,0,0,433,1683,California
Yolo,2020-12-24,153,1836,96,1758,57,78,0,0,153,1836,0,0,153,1836,California
Yolo,2020-12-25,1,1837,1,1759,0,78,0,0,1,1837,0,0,1,1837,California
Yolo,2020-12-26,75,1912,25,1784,50,128,0,0,75,1912,0,0,75,1912,California
Yolo,2020-12-27,46,1958,19,1803,27,155,0,0,46,1958,0,0,46,1958,California
Yolo,2020-12-28,349,2307,180,1983,169,324,0,0,349,2307,0,0,349,2307,California
Yolo,2020-12-29,489,2796,267,2250,222,546,0,0,489,2796,0,0,489,2796,California
Yolo,2020-12-30,623,3419,255,2505,368,914,0,0,623,3419,0,0,623,3419,California
Yolo,2020-12-31,185,3604,95,2600,90,1004,0,0,185,3604,0,0,185,3604,California
Yolo,2021-01-01,58,3662,56,2656,2,1006,0,0,58,3662,0,0,58,3662,California
Yolo,2021-01-02,69,3731,26,2682,43,1049,0,0,69,3731,0,0,69,3731,California
Yolo,2021-01-03,44,3775,19,2701,25,1074,0,0,44,3775,0,0,44,3775,California
Yolo,2021-01-04,194,3969,43,2744,151,1225,0,0,194,3969,0,0,194,3969,California
Yolo,2021-01-05,615,4584,238,2982,377,1602,0,0,554,4462,61,61,554,4523,California
Yolo,2021-01-06,483,5067,183,3165,300,1902,0,0,352,4683,131,192,352,4875,California
Yolo,2021-01-07,710,5777,233,3398,477,2379,0,0,521,5016,188,380,521,5396,California
Yolo,2021-01-08,634,6411,312,3710,322,2701,0,0,418,5219,215,595,418,5814,California
Yolo,2021-01-09,409,6820,69,3779,340,3041,0,0,363,5536,46,641,363,6177,California
Yolo,2021-01-10,393,7213,80,3859,313,3354,0,0,323,5789,70,711,323,6500,California
Yolo,2021-01-11,562,7775,324,4183,238,3592,0,0,293,5815,269,980,295,6795,California
Yolo,2021-01-12,486,8261,367,4550,119,3711,0,0,178,5686,308,1288,179,6974,California
Yolo,2021-01-13,772,9033,312,4862,460,4171,0,0,522,5958,250,1538,522,7496,California
Yolo,2021-01-14,378,9411,183,5045,195,4366,0,0,274,6128,104,1642,274,7770,California
Yolo,2021-01-15,624,10035,319,5364,305,4671,0,0,545,6595,79,1721,546,8316,California
Yolo,2021-01-16,741,10776,95,5459,646,5317,0,0,710,7274,31,1752,710,9026,California
Yolo,2021-01-17,187,10963,119,5578,68,5385,0,0,180,7447,7,1759,180,9206,California
Yolo,2021-01-18,481,11444,304,5882,177,5562,0,0,378,7722,103,1862,378,9584,California
Yolo,2021-01-19,558,12002,373,6255,185,5747,0,0,385,7934,173,2035,385,9969,California
Yolo,2021-01-20,661,12663,381,6636,280,6027,0,0,475,8224,185,2220,475,10444,California
Yolo,2021-01-21,652,13315,385,7021,267,6294,0,0,464,8500,188,2408,464,10908,California
Yolo,2021-01-22,751,14066,252,7273,499,6793,0,0,633,9017,116,2524,633,11541,California
Yolo,2021-01-23,615,14681,122,7395,493,7286,0,0,567,9536,48,2572,567,12108,California
Yolo,2021-01-24,208,14889,124,7519,84,7370,0,0,167,9662,41,2613,167,12275,California
Yolo,2021-01-25,731,15620,156,7675,575,7945,0,0,513,9957,218,2831,513,12788,California
Yolo,2021-01-26,823,16443,328,8003,495,8440,0,0,428,9990,395,3226,428,13216,California
Yolo,2021-01-27,557,17000,223,8226,334,8774,0,0,381,10195,176,3402,381,13597,California
Yolo,2021-01-28,1051,18051,567,8793,484,9258,0,0,926,10997,124,3526,926,14523,California
Yolo,2021-01-29,891,18942,266,9059,625,9883,0,0,806,11719,84,3610,806,15329,California
Yolo,2021-01-30,1531,20473,928,9987,603,10486,0,0,1410,13014,115,3725,1410,16739,California
Yolo,2021-01-31,240,20713,202,10189,38,10524,0,0,213,13201,26,3751,213,16952,California
Yolo,2021-02-01,847,21560,361,10550,486,11010,0,0,614,13585,230,3981,614,17566,California
Yolo,2021-02-02,1336,22896,751,11301,585,11595,0,0,929,14108,407,4388,930,18496,California
Yolo,2021-02-03,1531,24427,400,11701,1131,12726,0,0,1190,14960,338,4726,1190,19686,California
Yolo,2021-02-04,1797,26224,283,11984,1514,14240,0,0,1245,15665,541,5267,1246,20932,California
Yolo,2021-02-05,1599,27823,908,12892,691,14931,0,0,1199,16466,399,5666,1200,22132,California
Yolo,2021-02-06,1923,29746,1253,14145,670,15601,0,0,1562,17668,361,6027,1563,23695,California
Yolo,2021-02-07,520,30266,250,14395,270,15871,0,0,171,17491,348,6375,171,23866,California
Yolo,2021-02-08,952,31218,334,14729,618,16489,0,0,605,17752,344,6719,605,24471,California
Yolo,2021-02-09,860,32078,387,15116,473,16962,0,0,577,18046,283,7002,577,25048,California
Yolo,2021-02-10,1465,33543,478,15594,987,17949,0,0,824,18231,641,7643,826,25874,California
Yolo,2021-02-11,1573,35116,804,16398,769,18718,0,0,1186,19030,387,8030,1186,27060,California
Yolo,2021-02-12,1919,37035,756,17154,1163,19881,0,0,1445,20005,470,8500,1445,28505,California
Yolo,2021-02-13,2056,39091,712,17866,1344,21225,0,0,1390,20729,666,9166,1390,29895,California
Yolo,2021-02-14,569,39660,154,18020,415,21640,0,0,445,21051,123,9289,445,30340,California
Yolo,2021-02-15,533,40193,190,18210,343,21983,0,0,267,21053,266,9555,268,30608,California
Yolo,2021-02-16,1132,41325,427,18637,705,22688,0,0,811,21544,321,9876,812,31420,California
Yolo,2021-02-17,1392,42717,700,19337,692,23380,0,0,997,22146,395,10271,997,32417,California
Yolo,2021-02-18,2501,45218,817,20154,1684,25064,0,0,1724,23095,776,11047,1725,34142,California
Yolo,2021-02-19,1750,46968,752,20906,998,26062,0,0,1129,23605,619,11666,1129,35271,California
Yolo,2021-02-20,2455,49423,957,21863,1498,27560,0,0,1372,23900,1078,12744,1373,36644,California
Yolo,2021-02-21,285,49708,228,22091,57,27617,0,0,76,23768,208,12952,76,36720,California
Yolo,2021-02-22,1364,51072,600,22691,764,28381,0,0,694,23793,669,13621,694,37414,California
Yolo,2021-02-23,1132,52204,849,23540,283,28664,0,0,437,23537,693,14314,437,37851,California
Yolo,2021-02-24,2093,54297,592,24132,1501,30165,0,0,1384,24214,707,15021,1384,39235,California
Yolo,2021-02-25,1382,55679,487,24619,895,31060,0,0,916,24665,465,15486,916,40151,California
Yolo,2021-02-26,2610,58289,1017,25636,1593,32653,0,0,1385,24828,1222,16708,1385,41536,California
Yolo,2021-02-27,1663,59952,769,26405,894,33547,0,0,1213,25591,450,17158,1213,42749,California
Yolo,2021-02-28,1777,61729,1499,27904,278,33825,0,0,675,25166,1100,18258,675,43424,California
Yolo,2021-03-01,1103,62832,366,28270,737,34562,0,0,673,25411,428,18686,673,44097,California
Yolo,2021-03-02,1473,64305,693,28963,780,35342,0,0,943,25824,530,19216,943,45040,California
Yolo,2021-03-03,1856,66161,639,29602,1217,36559,0,0,832,25634,1022,20238,832,45872,California
Yolo,2021-03-04,2928,69089,1467,31069,1461,38020,0,0,1565,25839,1360,21598,1565,47437,California
Yolo,2021-03-05,2363,71452,1409,32478,943,38963,11,11,1475,26438,887,22485,1486,48923,California
Yolo,2021-03-06,1482,72934,1133,33611,320,39283,29,40,842,26671,638,23123,871,49794,California
Yolo,2021-03-07,914,73848,678,34289,222,39505,14,54,779,27329,135,23258,793,50587,California
Yolo,2021-03-08,1097,74945,490,34779,564,40069,43,97,768,27813,328,23586,812,51399,California
Yolo,2021-03-09,1278,76223,689,35468,527,40596,62,159,782,28163,494,24080,844,52243,California
Yolo,2021-03-10,1814,78037,1060,36528,464,41060,290,449,753,28142,1057,25137,1036,53279,California
Yolo,2021-03-11,2352,80389,1604,38132,680,41740,68,517,1605,29070,746,25883,1674,54953,California
Yolo,2021-03-12,2910,83299,1355,39487,1475,43215,80,597,1372,28994,1530,27413,1454,56407,California
Yolo,2021-03-13,1849,85148,735,40222,937,44152,177,774,1004,29333,842,28255,1181,57588,California
Yolo,2021-03-14,1014,86162,213,40435,651,44803,150,924,528,29526,485,28740,678,58266,California
Yolo,2021-03-15,1323,87485,773,41208,373,45176,177,1101,707,29794,614,29354,882,59148,California
Yolo,2021-03-16,1869,89354,717,41925,1080,46256,72,1173,1104,30205,765,30119,1176,60324,California
Yolo,2021-03-17,2508,91862,977,42902,1459,47715,72,1245,1721,31246,784,30903,1825,62149,California
Yolo,2021-03-18,3033,94895,1033,43935,1775,49490,225,1470,1259,30960,1770,32673,1484,63633,California
Yolo,2021-03-19,2096,96991,871,44806,1157,50647,68,1538,1099,31137,991,33664,1168,64801,California
Yolo,2021-03-20,2773,99764,819,45625,1913,52560,41,1579,1109,30631,1658,35322,1152,65953,California
Yolo,2021-03-21,314,100078,214,45839,92,52652,8,1587,228,30782,85,35407,236,66189,California
Yolo,2021-03-22,1402,101480,489,46328,855,53507,58,1645,922,31284,477,35884,979,67168,California
Yolo,2021-03-23,1739,103219,938,47266,745,54252,56,1701,1071,31743,667,36551,1126,68294,California
Yolo,2021-03-24,2877,106096,1408,48674,1420,55672,49,1750,1406,31740,1459,38010,1456,69750,California
Yolo,2021-03-25,2552,108648,1417,50091,1106,56778,29,1779,1255,31738,1286,39296,1284,71034,California
Yolo,2021-03-26,2401,111049,1258,51349,1124,57902,19,1798,1025,31412,1369,40665,1043,72077,California
Yolo,2021-03-27,1653,112702,455,51804,1181,59083,17,1815,759,31295,893,41558,776,72853,California
Yolo,2021-03-28,1109,113811,866,52670,225,59308,18,1833,270,30748,835,42393,288,73141,California
Yolo,2021-03-29,2024,115835,822,53492,1172,60480,30,1863,978,30714,1042,43435,1008,74149,California
Yolo,2021-03-30,2279,118114,1081,54573,1176,61656,22,1885,1168,30800,1106,44541,1192,75341,California
Yolo,2021-03-31,2354,120468,1224,55797,1094,62750,36,1921,1193,30869,1160,45701,1229,76570,California
Yolo,2021-04-01,3838,124306,1853,57650,1510,64260,475,2396,1612,30733,2223,47924,2087,78657,California
Yolo,2021-04-02,3403,127709,1521,59171,1735,65995,147,2543,2110,31705,1287,49211,2259,80916,California
Yolo,2021-04-03,1811,129520,1093,60264,499,66494,219,2762,808,31730,1002,50213,1027,81943,California
Yolo,2021-04-04,393,129913,156,60420,175,66669,62,2824,147,31693,246,50459,209,82152,California
Yolo,2021-04-05,1917,131830,735,61155,1082,67751,100,2924,1018,31918,894,51353,1119,83271,California
Yolo,2021-04-06,2582,134412,1313,62468,1098,68849,171,3095,1304,32129,1269,52622,1480,84751,California
Yolo,2021-04-07,2998,137410,1525,63993,1119,69968,354,3449,1938,33372,1054,53676,2297,87048,California
Yolo,2021-04-08,2417,139827,1003,64996,941,70909,473,3922,1022,33471,1392,55068,1491,88539,California
Yolo,2021-04-09,2573,142400,913,65909,1084,71993,576,4498,845,33162,1725,56793,1416,89955,California
Yolo,2021-04-10,1747,144147,821,66730,746,72739,180,4678,1033,33664,710,57503,1212,91167,California
Yolo,2021-04-11,888,145035,281,67011,563,73302,44,4722,364,33550,521,58024,407,91574,California
Yolo,2021-04-12,1759,146794,518,67529,1097,74399,144,4866,1086,34112,669,58693,1231,92805,California
Yolo,2021-04-13,1971,148765,912,68441,1059,75458,0,4866,1039,34220,931,59624,1039,93844,California
Yolo,2021-04-14,2765,151530,760,69201,2005,77463,0,4866,1366,34192,1394,61018,1366,95210,California
Yolo,2021-04-15,3316,154846,1136,70337,2180,79643,0,4866,2275,35432,1035,62053,2275,97485,California
Yolo,2021-04-16,3042,157888,1959,72296,1083,80726,0,4866,1938,36272,1098,63151,1938,99423,California
Yolo,2021-04-17,1605,159493,471,72767,1134,81860,0,4866,832,36334,770,63921,832,100255,California
Yolo,2021-04-18,631,160124,306,73073,325,82185,0,4866,351,36409,276,64197,351,100606,California
Yolo,2021-04-19,1663,161787,716,73789,946,83131,1,4867,762,36276,896,65093,763,101369,California
Yolo,2021-04-20,1997,163784,1013,74802,984,84115,0,4867,1071,36423,924,66017,1071,102440,California
Yolo,2021-04-21,1978,165762,985,75787,993,85108,0,4867,1075,36600,898,66915,1075,103515,California
Yolo,2021-04-22,1949,167711,885,76672,1064,86172,0,4867,971,36599,973,67888,972,104487,California
Yolo,2021-04-23,2617,170328,1526,78198,1091,87263,0,4867,1163,36319,1443,69331,1163,105650,California
Yolo,2021-04-24,1168,171496,642,78840,524,87787,2,4869,463,36086,698,70029,465,106115,California
Yolo,2021-04-25,949,172445,406,79246,543,88330,0,4869,728,36594,220,70249,728,106843,California
Yolo,2021-04-26,1176,173621,450,79696,723,89053,3,4872,484,36392,690,70939,488,107331,California
Yolo,2021-04-27,1489,175110,698,80394,782,89835,9,4881,574,36062,915,71854,585,107916,California
Yolo,2021-04-28,2019,177129,1002,81396,990,90825,27,4908,710,35494,1305,73159,737,108653,California
Yolo,2021-04-29,1711,178840,792,82188,837,91662,82,4990,652,35170,1058,74217,734,109387,California
Yolo,2021-04-30,2012,180852,994,83182,960,92622,58,5048,961,35144,1044,75261,1018,110405,California
Yolo,2021-05-01,1284,182136,998,84180,266,92888,20,5068,380,34642,902,76163,400,110805,California
Yolo,2021-05-02,497,182633,404,84584,70,92958,23,5091,322,34812,175,76338,345,111150,California
Yolo,2021-05-03,1122,183755,408,84992,680,93638,34,5125,303,34331,817,77155,336,111486,California
Yolo,2021-05-04,1438,185193,656,85648,758,94396,24,5149,487,33895,947,78102,511,111997,California
Yolo,2021-05-05,1553,186746,421,86069,1066,95462,66,5215,437,33289,1109,79211,503,112500,California
Yolo,2021-05-06,1508,188254,704,86773,724,96186,80,5295,497,32868,998,80209,577,113077,California
Yolo,2021-05-07,2300,190554,1375,88148,874,97060,51,5346,459,31544,1833,82042,509,113586,California
Yolo,2021-05-08,835,191389,358,88506,420,97480,57,5403,311,31390,521,82563,367,113953,California
Yolo,2021-05-09,393,191782,163,88669,217,97697,13,5416,90,31191,302,82865,103,114056,California
Yolo,2021-05-10,900,192682,355,89024,500,98197,45,5461,153,30643,745,83610,197,114253,California
Yolo,2021-05-11,1123,193805,651,89675,451,98648,21,5482,273,30090,847,84457,294,114547,California
Yolo,2021-05-12,1504,195309,666,90341,809,99457,29,5511,280,29181,1221,85678,312,114859,California
Yolo,2021-05-13,2073,197382,783,91124,1238,100695,52,5563,589,28342,1480,87158,641,115500,California
Yolo,2021-05-14,2025,199407,1506,92630,488,101183,31,5594,1151,28653,871,88029,1182,116682,California
Yolo,2021-05-15,1245,200652,704,93334,494,101677,47,5641,639,28733,606,88635,686,117368,California
Yolo,2021-05-16,1403,202055,1194,94528,203,101880,6,5647,984,29308,415,89050,990,118358,California
Yolo,2021-05-17,1073,203128,392,94920,662,102542,19,5666,330,28919,738,89788,349,118707,California
Yolo,2021-05-18,1679,204807,1101,96021,557,103099,21,5687,937,29140,737,90525,958,119665,California
Yolo,2021-05-19,1005,205812,591,96612,379,103478,35,5722,500,29172,503,91028,535,120200,California
Yolo,2021-05-20,940,206752,625,97237,293,103771,22,5744,377,29014,557,91585,399,120599,California
Yolo,2021-05-21,1247,207999,839,98076,390,104161,18,5762,310,28410,931,92516,327,120926,California
Yolo,2021-05-22,673,208672,470,98546,195,104356,8,5770,261,28270,409,92925,269,121195,California
Yolo,2021-05-23,509,209181,107,98653,387,104743,15,5785,91,27959,416,93341,105,121300,California
Yolo,2021-05-24,705,209886,352,99005,335,105078,18,5803,227,27728,476,93817,245,121545,California
Yolo,2021-05-25,838,210724,472,99477,343,105421,23,5826,335,27588,498,94315,358,121903,California
Yolo,2021-05-26,809,211533,260,99737,518,105939,31,5857,272,27361,531,94846,304,122207,California
Yolo,2021-05-27,743,212276,374,100111,319,106258,50,5907,310,27293,428,95274,360,122567,California
Yolo,2021-05-28,808,213084,345,100456,435,106693,28,5935,325,27167,478,95752,352,122919,California
Yolo,2021-05-29,572,213656,342,100798,195,106888,35,5970,251,27132,319,96071,284,123203,California
Yolo,2021-05-30,30,213686,7,100805,23,106911,0,5970,11,27124,19,96090,11,123214,California
Yuba,2020-12-16,4,4,4,4,0,0,0,0,4,4,0,0,4,4,California
Yuba,2020-12-17,4,8,4,8,0,0,0,0,4,8,0,0,4,8,California
Yuba,2020-12-18,8,16,8,16,0,0,0,0,8,16,0,0,8,16,California
Yuba,2020-12-19,12,28,12,28,0,0,0,0,12,28,0,0,12,28,California
Yuba,2020-12-20,20,48,20,48,0,0,0,0,20,48,0,0,20,48,California
Yuba,2020-12-21,40,88,40,88,0,0,0,0,40,88,0,0,40,88,California
Yuba,2020-12-22,86,174,86,174,0,0,0,0,86,174,0,0,86,174,California
Yuba,2020-12-23,64,238,62,236,2,2,0,0,64,238,0,0,64,238,California
Yuba,2020-12-24,20,258,10,246,10,12,0,0,20,258,0,0,20,258,California
Yuba,2020-12-26,15,273,13,259,2,14,0,0,15,273,0,0,15,273,California
Yuba,2020-12-27,15,288,15,274,0,14,0,0,15,288,0,0,15,288,California
Yuba,2020-12-28,51,339,35,309,16,30,0,0,51,339,0,0,51,339,California
Yuba,2020-12-29,75,414,10,319,65,95,0,0,75,414,0,0,75,414,California
Yuba,2020-12-30,64,478,20,339,44,139,0,0,64,478,0,0,64,478,California
Yuba,2020-12-31,38,516,7,346,31,170,0,0,38,516,0,0,38,516,California
Yuba,2021-01-02,23,539,22,368,1,171,0,0,23,539,0,0,23,539,California
Yuba,2021-01-03,10,549,6,374,4,175,0,0,10,549,0,0,10,549,California
Yuba,2021-01-04,91,640,22,396,69,244,0,0,91,640,0,0,91,640,California
Yuba,2021-01-05,70,710,38,434,32,276,0,0,69,708,1,1,69,709,California
Yuba,2021-01-06,154,864,76,510,78,354,0,0,148,850,6,7,148,857,California
Yuba,2021-01-07,75,939,19,529,56,410,0,0,72,918,4,11,72,929,California
Yuba,2021-01-08,72,1011,24,553,48,458,0,0,65,976,7,18,65,994,California
Yuba,2021-01-09,19,1030,16,569,3,461,0,0,11,979,8,26,11,1005,California
Yuba,2021-01-10,117,1147,22,591,95,556,0,0,95,1052,22,48,95,1100,California
Yuba,2021-01-11,72,1219,50,641,22,578,0,0,32,1044,40,88,32,1132,California
Yuba,2021-01-12,108,1327,78,719,30,608,0,0,43,1022,65,153,43,1175,California
Yuba,2021-01-13,120,1447,72,791,48,656,0,0,55,1013,64,217,55,1230,California
Yuba,2021-01-14,110,1557,43,834,67,723,0,0,98,1099,12,229,98,1328,California
Yuba,2021-01-15,204,1761,87,921,117,840,0,0,193,1281,11,240,193,1521,California
Yuba,2021-01-16,185,1946,21,942,164,1004,0,0,173,1441,13,253,173,1694,California
Yuba,2021-01-17,13,1959,9,951,4,1008,0,0,7,1442,6,259,7,1701,California
Yuba,2021-01-18,60,2019,32,983,28,1036,0,0,35,1452,25,284,35,1736,California
Yuba,2021-01-19,81,2100,30,1013,51,1087,0,0,66,1503,15,299,66,1802,California
Yuba,2021-01-20,133,2233,87,1100,46,1133,0,0,110,1590,23,322,110,1912,California
Yuba,2021-01-21,213,2446,97,1197,116,1249,0,0,205,1787,8,330,205,2117,California
Yuba,2021-01-22,105,2551,6,1203,99,1348,0,0,96,1874,9,339,96,2213,California
Yuba,2021-01-23,200,2751,7,1210,193,1541,0,0,197,2068,3,342,197,2410,California
Yuba,2021-01-24,10,2761,7,1217,3,1544,0,0,8,2074,2,344,8,2418,California
Yuba,2021-01-25,86,2847,30,1247,56,1600,0,0,53,2095,32,376,53,2471,California
Yuba,2021-01-26,148,2995,39,1286,109,1709,0,0,90,2127,58,434,90,2561,California
Yuba,2021-01-27,185,3180,129,1415,56,1765,0,0,116,2174,69,503,116,2677,California
Yuba,2021-01-28,227,3407,89,1504,138,1903,0,0,175,2297,52,555,175,2852,California
Yuba,2021-01-29,148,3555,45,1549,103,2006,0,0,111,2371,37,592,111,2963,California
Yuba,2021-01-30,410,3965,23,1572,387,2393,0,0,399,2759,11,603,399,3362,California
Yuba,2021-01-31,18,3983,12,1584,6,2399,0,0,16,2773,2,605,16,3378,California
Yuba,2021-02-01,155,4138,75,1659,80,2479,0,0,131,2882,23,628,132,3510,California
Yuba,2021-02-02,124,4262,23,1682,101,2580,0,0,102,2962,22,650,102,3612,California
Yuba,2021-02-03,226,4488,29,1711,197,2777,0,0,114,2965,111,761,114,3726,California
Yuba,2021-02-04,296,4784,121,1832,175,2952,0,0,253,3175,43,804,253,3979,California
Yuba,2021-02-05,147,4931,32,1864,115,3067,0,0,71,3170,76,880,71,4050,California
Yuba,2021-02-06,449,5380,26,1890,423,3490,0,0,441,3603,8,888,441,4491,California
Yuba,2021-02-07,20,5400,13,1903,7,3497,0,0,16,3615,4,892,16,4507,California
Yuba,2021-02-08,96,5496,35,1938,61,3558,0,0,66,3651,30,922,66,4573,California
Yuba,2021-02-09,154,5650,56,1994,98,3656,0,0,84,3665,70,992,84,4657,California
Yuba,2021-02-10,355,6005,172,2166,183,3839,0,0,116,3543,238,1230,116,4773,California
Yuba,2021-02-11,396,6401,64,2230,332,4171,0,0,298,3745,96,1326,298,5071,California
Yuba,2021-02-12,264,6665,26,2256,238,4409,0,0,150,3781,114,1440,150,5221,California
Yuba,2021-02-13,436,7101,36,2292,400,4809,0,0,387,4119,49,1489,387,5608,California
Yuba,2021-02-14,54,7155,11,2303,43,4852,0,0,49,4163,5,1494,49,5657,California
Yuba,2021-02-15,87,7242,36,2339,51,4903,0,0,68,4212,19,1513,68,5725,California
Yuba,2021-02-16,199,7441,53,2392,146,5049,0,0,140,4294,58,1571,140,5865,California
Yuba,2021-02-17,373,7814,156,2548,217,5266,0,0,99,4120,273,1844,99,5964,California
Yuba,2021-02-18,317,8131,47,2595,270,5536,0,0,193,4189,124,1968,193,6157,California
Yuba,2021-02-19,226,8357,82,2677,144,5680,0,0,142,4247,84,2052,142,6299,California
Yuba,2021-02-20,391,8748,31,2708,360,6040,0,0,337,4530,54,2106,337,6636,California
Yuba,2021-02-21,17,8765,14,2722,3,6043,0,0,7,4527,10,2116,7,6643,California
Yuba,2021-02-22,128,8893,79,2801,49,6092,0,0,38,4476,89,2205,38,6681,California
Yuba,2021-02-23,115,9008,25,2826,90,6182,0,0,48,4458,66,2271,48,6729,California
Yuba,2021-02-24,482,9490,136,2962,346,6528,0,0,107,4190,375,2646,107,6836,California
Yuba,2021-02-25,342,9832,137,3099,205,6733,0,0,212,4272,130,2776,212,7048,California
Yuba,2021-02-26,258,10090,67,3166,191,6924,0,0,143,4302,113,2889,143,7191,California
Yuba,2021-02-27,473,10563,47,3213,426,7350,0,0,384,4599,87,2976,384,7575,California
Yuba,2021-02-28,67,10630,22,3235,45,7395,0,0,45,4622,22,2998,45,7620,California
Yuba,2021-03-01,156,10786,40,3275,116,7511,0,0,80,4627,75,3073,80,7700,California
Yuba,2021-03-02,160,10946,36,3311,124,7635,0,0,80,4627,80,3153,80,7780,California
Yuba,2021-03-03,623,11569,159,3470,464,8099,0,0,200,4405,422,3575,200,7980,California
Yuba,2021-03-04,466,12035,270,3740,196,8295,0,0,325,4590,140,3715,325,8305,California
Yuba,2021-03-05,316,12351,59,3799,256,8551,1,1,249,4773,67,3782,250,8555,California
Yuba,2021-03-06,476,12827,35,3834,437,8988,4,5,370,5041,106,3888,374,8929,California
Yuba,2021-03-07,50,12877,28,3862,21,9009,1,6,34,5060,16,3904,35,8964,California
Yuba,2021-03-08,160,13037,49,3911,95,9104,16,22,101,5118,59,3963,117,9081,California
Yuba,2021-03-09,178,13215,47,3958,111,9215,20,42,84,5128,94,4057,104,9185,California
Yuba,2021-03-10,738,13953,235,4193,473,9688,30,72,233,4887,504,4561,263,9448,California
Yuba,2021-03-11,437,14390,196,4389,229,9917,12,84,294,5050,143,4704,306,9754,California
Yuba,2021-03-12,461,14851,86,4475,321,10238,54,138,150,4943,311,5015,204,9958,California
Yuba,2021-03-13,459,15310,340,4815,104,10342,15,153,360,5220,98,5113,375,10333,California
Yuba,2021-03-14,108,15418,21,4836,77,10419,10,163,46,5216,60,5173,56,10389,California
Yuba,2021-03-15,190,15608,49,4885,124,10543,17,180,96,5235,94,5267,113,10502,California
Yuba,2021-03-16,296,15904,71,4956,200,10743,25,205,182,5329,113,5380,207,10709,California
Yuba,2021-03-17,740,16644,162,5118,549,11292,29,234,193,5006,545,5925,222,10931,California
Yuba,2021-03-18,585,17229,159,5277,312,11604,114,348,356,5246,229,6154,469,11400,California
Yuba,2021-03-19,327,17556,120,5397,158,11762,49,397,188,5345,138,6292,237,11637,California
Yuba,2021-03-20,554,18110,81,5478,455,12217,18,415,474,5758,79,6371,492,12129,California
Yuba,2021-03-21,61,18171,36,5514,25,12242,0,415,49,5795,12,6383,49,12178,California
Yuba,2021-03-22,191,18362,70,5584,114,12356,7,422,149,5909,42,6425,156,12334,California
Yuba,2021-03-23,264,18626,79,5663,158,12514,27,449,176,6026,86,6511,203,12537,California
Yuba,2021-03-24,771,19397,255,5918,435,12949,81,530,188,5713,581,7092,268,12805,California
Yuba,2021-03-25,504,19901,269,6187,213,13162,22,552,250,5731,254,7346,272,13077,California
Yuba,2021-03-26,395,20296,143,6330,225,13387,27,579,227,5818,167,7513,254,13331,California
Yuba,2021-03-27,459,20755,28,6358,428,13815,3,582,404,6170,54,7567,406,13737,California
Yuba,2021-03-28,100,20855,41,6399,55,13870,4,586,37,6148,63,7630,41,13778,California
Yuba,2021-03-29,296,21151,87,6486,177,14047,32,618,180,6244,116,7746,212,13990,California
Yuba,2021-03-30,275,21426,69,6555,198,14245,8,626,189,6355,86,7832,197,14187,California
Yuba,2021-03-31,675,22101,116,6671,547,14792,12,638,243,6181,431,8263,257,14444,California
Yuba,2021-04-01,623,22724,289,6960,305,15097,29,667,289,6165,334,8597,318,14762,California
Yuba,2021-04-02,496,23220,95,7055,318,15415,83,750,187,6126,308,8905,269,15031,California
Yuba,2021-04-03,653,23873,54,7109,117,15532,482,1232,86,6128,566,9471,568,15599,California
Yuba,2021-04-04,59,23932,11,7120,42,15574,6,1238,34,6143,25,9496,40,15639,California
Yuba,2021-04-05,245,24177,78,7198,146,15720,21,1259,123,6167,120,9616,144,15783,California
Yuba,2021-04-06,356,24533,113,7311,182,15902,61,1320,172,6216,183,9799,232,16015,California
Yuba,2021-04-07,773,25306,398,7709,322,16224,53,1373,349,6197,421,10220,402,16417,California
Yuba,2021-04-08,748,26054,289,7998,195,16419,264,1637,279,6272,468,10688,543,16960,California
Yuba,2021-04-09,402,26456,173,8171,162,16581,67,1704,167,6272,234,10922,234,17194,California
Yuba,2021-04-10,595,27051,71,8242,75,16656,449,2153,70,6267,523,11445,518,17712,California
Yuba,2021-04-11,104,27155,26,8268,66,16722,12,2165,44,6264,59,11504,56,17768,California
Yuba,2021-04-12,210,27365,45,8313,136,16858,29,2194,80,6244,129,11633,109,17877,California
Yuba,2021-04-13,395,27760,102,8415,293,17151,0,2194,201,6252,193,11826,201,18078,California
Yuba,2021-04-14,695,28455,109,8524,586,17737,0,2194,121,5800,573,12399,121,18199,California
Yuba,2021-04-15,336,28791,129,8653,207,17944,0,2194,145,5754,191,12590,145,18344,California
Yuba,2021-04-16,335,29126,99,8752,236,18180,0,2194,179,5778,155,12745,179,18523,California
Yuba,2021-04-17,402,29528,59,8811,343,18523,0,2194,330,6037,71,12816,330,18853,California
Yuba,2021-04-18,53,29581,10,8821,43,18566,0,2194,24,6032,29,12845,24,18877,California
Yuba,2021-04-19,247,29828,103,8924,144,18710,0,2194,105,5995,142,12987,105,18982,California
Yuba,2021-04-20,316,30144,78,9002,238,18948,0,2194,179,6039,136,13123,180,19162,California
Yuba,2021-04-21,700,30844,281,9283,419,19367,0,2194,297,5933,403,13526,297,19459,California
Yuba,2021-04-22,352,31196,137,9420,215,19582,0,2194,196,5973,156,13682,196,19655,California
Yuba,2021-04-23,344,31540,114,9534,230,19812,0,2194,164,5959,178,13860,164,19819,California
Yuba,2021-04-24,215,31755,68,9602,147,19959,0,2194,122,5988,93,13953,122,19941,California
Yuba,2021-04-25,72,31827,29,9631,43,20002,0,2194,35,5986,37,13990,35,19976,California
Yuba,2021-04-26,223,32050,53,9684,166,20168,4,2198,101,5969,122,14112,105,20081,California
Yuba,2021-04-27,472,32522,162,9846,300,20468,10,2208,234,5977,236,14348,244,20325,California
Yuba,2021-04-28,429,32951,175,10021,249,20717,5,2213,144,5847,279,14627,149,20474,California
Yuba,2021-04-29,428,33379,64,10085,363,21080,1,2214,146,5713,281,14908,147,20621,California
Yuba,2021-04-30,330,33709,94,10179,206,21286,30,2244,140,5696,187,15095,170,20791,California
Yuba,2021-05-01,206,33915,91,10270,96,21382,19,2263,93,5696,112,15207,112,20903,California
Yuba,2021-05-02,64,33979,34,10304,26,21408,4,2267,37,5710,27,15234,41,20944,California
Yuba,2021-05-03,140,34119,66,10370,65,21473,9,2276,45,5670,94,15328,54,20998,California
Yuba,2021-05-04,318,34437,94,10464,203,21676,21,2297,140,5653,178,15506,161,21159,California
Yuba,2021-05-05,316,34753,77,10541,232,21908,7,2304,113,5570,203,15709,120,21279,California
Yuba,2021-05-06,275,35028,103,10644,134,22042,38,2342,90,5516,182,15891,128,21407,California
Yuba,2021-05-07,359,35387,94,10738,237,22279,28,2370,122,5428,237,16128,149,21556,California
Yuba,2021-05-08,104,35491,32,10770,69,22348,3,2373,46,5419,58,16186,49,21605,California
Yuba,2021-05-09,52,35543,23,10793,26,22374,3,2376,37,5444,15,16201,40,21645,California
Yuba,2021-05-10,172,35715,56,10849,98,22472,18,2394,54,5399,117,16318,72,21717,California
Yuba,2021-05-11,367,36082,162,11011,191,22663,14,2408,135,5317,230,16548,148,21865,California
Yuba,2021-05-12,248,36330,123,11134,118,22781,7,2415,96,5268,152,16700,103,21968,California
Yuba,2021-05-13,343,36673,186,11320,114,22895,43,2458,108,5186,233,16933,151,22119,California
Yuba,2021-05-14,365,37038,140,11460,205,23100,20,2478,160,5160,205,17138,179,22298,California
Yuba,2021-05-15,433,37471,109,11569,303,23403,21,2499,110,4969,321,17459,130,22428,California
Yuba,2021-05-16,137,37608,44,11613,84,23487,9,2508,85,5012,51,17510,94,22522,California
Yuba,2021-05-17,214,37822,89,11702,105,23592,20,2528,93,5006,119,17629,113,22635,California
Yuba,2021-05-18,391,38213,161,11863,221,23813,9,2537,168,4960,223,17852,177,22812,California
Yuba,2021-05-19,265,38478,148,12011,111,23924,6,2543,138,4977,127,17979,144,22956,California
Yuba,2021-05-20,398,38876,285,12296,102,24026,11,2554,254,5099,143,18122,265,23221,California
Yuba,2021-05-21,475,39351,254,12550,215,24241,6,2560,299,5230,174,18296,305,23526,California
Yuba,2021-05-22,197,39548,111,12661,77,24318,9,2569,83,5208,114,18410,92,23618,California
Yuba,2021-05-23,37,39585,25,12686,12,24330,0,2569,29,5229,8,18418,29,23647,California
Yuba,2021-05-24,150,39735,47,12733,90,24420,13,2582,48,5189,101,18519,61,23708,California
Yuba,2021-05-25,309,40044,106,12839,188,24608,15,2597,115,5126,193,18712,130,23838,California
Yuba,2021-05-26,217,40261,92,12931,113,24721,12,2609,87,5097,128,18840,99,23937,California
Yuba,2021-05-27,232,40493,74,13005,148,24869,10,2619,100,5076,131,18971,110,24047,California
Yuba,2021-05-28,254,40747,117,13122,134,25003,3,2622,130,5085,123,19094,132,24179,California
Yuba,2021-05-29,152,40899,66,13188,66,25069,20,2642,85,5124,66,19160,105,24284,California
Yuba,2021-05-30,10,40909,0,13188,10,25079,0,2642,2,5118,8,19168,2,24286,California
