county,administered_date,total_doses,cumulative_total_doses,pfizer_doses,cumulative_pfizer_doses,moderna_doses,cumulative_moderna_doses,jj_doses,cumulative_jj_doses,partially_vaccinated,total_partially_vaccinated,fully_vaccinated,cumulative_fully_vaccinated,at_least_one_dose,cumulative_at_least_one_dose,california_flag
All CA Counties,2020-12-15,1141,1141,1141,1141,0,0,0,0,1141,1141,0,0,1141,1141,
All CA Counties,2020-12-16,8430,9571,8430,9571,0,0,0,0,8430,9571,0,0,8430,9571,
All CA Counties,2020-12-17,25884,35455,25884,35455,0,0,0,0,25886,35457,0,0,25886,35457,
All CA Counties,2020-12-18,43934,79389,43878,79333,56,56,0,0,43934,79390,1,1,43934,79391,
All CA Counties,2020-12-19,25291,104680,25266,104599,25,81,0,0,25290,104679,1,2,25290,104681,
All CA Counties,2020-12-20,18976,123656,18950,123549,26,107,0,0,18975,123653,1,3,18975,123656,
All CA Counties,2020-12-21,49604,173260,49516,173065,88,195,0,0,49606,173258,2,5,49607,173263,
All CA Counties,2020-12-22,49963,223223,47835,220900,2128,2323,0,0,49960,223216,2,7,49960,223223,
All CA Counties,2020-12-23,50541,273764,41764,262664,8777,11100,0,0,50537,273752,4,11,50540,273763,
All CA Counties,2020-12-24,24017,297781,16317,278981,7700,18800,0,0,24014,297765,3,14,24016,297779,
All CA Counties,2020-12-25,2336,300117,2013,280994,323,19123,0,0,2336,300101,0,14,2336,300115,
All CA Counties,2020-12-26,14593,314710,9447,290441,5146,24269,0,0,14591,314690,2,16,14591,314706,
All CA Counties,2020-12-27,9434,324144,5589,296030,3845,28114,0,0,9433,324122,1,17,9433,324139,
All CA Counties,2020-12-28,45864,370008,29422,325452,16442,44556,0,0,45861,369980,3,20,45861,370000,
All CA Counties,2020-12-29,50984,420992,28405,353857,22579,67135,0,0,50980,420957,3,23,50980,420980,
All CA Counties,2020-12-30,62910,483902,35530,389387,27380,94515,0,0,62902,483856,6,29,62905,483885,
All CA Counties,2020-12-31,29347,513249,10850,400237,18497,113012,0,0,29338,513188,7,36,29339,513224,
All CA Counties,2021-01-01,4269,517518,1920,402157,2349,115361,0,0,4264,517448,4,40,4264,517488,
All CA Counties,2021-01-02,18434,535952,10197,412354,8237,123598,0,0,18433,535881,0,40,18433,535921,
All CA Counties,2021-01-03,6156,542108,3487,415841,2669,126267,0,0,6128,541997,12,52,6128,542049,
All CA Counties,2021-01-04,43568,585676,22084,437925,21484,147751,0,0,43490,585446,41,93,43490,585539,
All CA Counties,2021-01-05,56510,642186,29788,467713,26722,174473,0,0,51048,631183,5405,5498,51142,636681,
All CA Counties,2021-01-06,73261,715447,40423,508136,32838,207311,0,0,57903,673956,15178,20676,57951,694632,
All CA Counties,2021-01-07,91998,807445,52304,560440,39694,247005,0,0,61303,704820,30524,51200,61388,756020,
All CA Counties,2021-01-08,106646,914091,64042,624482,42604,289609,0,0,65452,729323,41060,92260,65563,821583,
All CA Counties,2021-01-09,44318,958409,25476,649958,18842,308451,0,0,27788,740661,16505,108765,27843,849426,
All CA Counties,2021-01-10,24314,982723,14849,664807,9465,317916,0,0,13083,742561,11214,119979,13114,862540,
All CA Counties,2021-01-11,104505,1087228,69528,734335,34977,352893,0,0,60630,759568,43833,163812,60840,923380,
All CA Counties,2021-01-12,113403,1200631,67094,801429,46309,399202,0,0,72364,791231,40961,204773,72624,996004,
All CA Counties,2021-01-13,119104,1319735,61771,863200,57333,456535,0,0,85331,842980,33688,238461,85437,1081441,
All CA Counties,2021-01-14,123753,1443488,49581,912781,74172,530707,0,0,104165,927841,19487,257948,104348,1185789,
All CA Counties,2021-01-15,141833,1585321,51775,964556,90058,620765,0,0,126762,1039847,14978,272926,126984,1312773,
All CA Counties,2021-01-16,80419,1665740,27329,991885,53090,673855,0,0,72849,1105214,7543,280469,72910,1385683,
All CA Counties,2021-01-17,48227,1713967,16835,1008720,31392,705247,0,0,44571,1146186,3649,284118,44621,1430304,
All CA Counties,2021-01-18,88117,1802084,45977,1054697,42140,747387,0,0,68825,1195963,19217,303335,68994,1499298,
All CA Counties,2021-01-19,141907,1943991,73619,1128316,68288,815675,0,0,110761,1276021,31055,334390,111113,1610411,
All CA Counties,2021-01-20,160252,2104243,81882,1210198,78370,894045,0,0,126677,1369629,33357,367747,126965,1737376,
All CA Counties,2021-01-21,173309,2277552,76847,1287045,96462,990507,0,0,154215,1505324,18884,386631,154579,1891955,
All CA Counties,2021-01-22,169517,2447069,69174,1356219,100343,1090850,0,0,155238,1646570,14143,400774,155389,2047344,
All CA Counties,2021-01-23,111359,2558428,49442,1405661,61917,1152767,0,0,98846,1733090,12454,413228,98974,2146318,
All CA Counties,2021-01-24,60953,2619381,29466,1435127,31487,1184254,0,0,56303,1784837,4619,417847,56366,2202684,
All CA Counties,2021-01-25,145230,2764611,65423,1500550,79807,1264061,0,0,110081,1860281,35022,452869,110466,2313150,
All CA Counties,2021-01-26,168945,2933556,82981,1583531,85964,1350025,0,0,131412,1954559,37400,490269,131678,2444828,
All CA Counties,2021-01-27,182625,3116181,87982,1671513,94643,1444668,0,0,143261,2059008,39042,529311,143491,2588319,
All CA Counties,2021-01-28,187902,3304083,86738,1758251,101164,1545832,0,0,153796,2179237,33819,563130,154048,2742367,
All CA Counties,2021-01-29,183739,3487822,88359,1846610,95380,1641212,0,0,149104,2294472,34063,597193,149298,2891665,
All CA Counties,2021-01-30,123608,3611430,55788,1902398,67820,1709032,0,0,108200,2387601,15242,612435,108371,3000036,
All CA Counties,2021-01-31,69234,3680664,38809,1941207,30425,1739457,0,0,64441,2447363,4744,617179,64506,3064542,
All CA Counties,2021-02-01,161898,3842562,75947,2017154,85951,1825408,0,0,121188,2528158,40547,657726,121342,3185884,
All CA Counties,2021-02-02,185211,4027773,77991,2095145,107220,1932628,0,0,140771,2625005,44163,701889,141010,3326894,
All CA Counties,2021-02-03,210828,4238601,95513,2190658,115315,2047943,0,0,156489,2727937,53844,755733,156776,3483670,
All CA Counties,2021-02-04,227780,4466381,99828,2290486,127952,2175895,0,0,167213,2835495,60032,815765,167590,3651260,
All CA Counties,2021-02-05,245986,4712367,106481,2396967,139505,2315400,0,0,167254,2925345,77960,893725,167810,3819070,
All CA Counties,2021-02-06,154980,4867347,75050,2472017,79930,2395330,0,0,120211,3011457,34601,928326,120713,3939783,
All CA Counties,2021-02-07,67051,4934398,43430,2515447,23621,2418951,0,0,50611,3046159,16361,944687,51063,3990846,
All CA Counties,2021-02-08,181247,5115645,89403,2604850,91844,2510795,0,0,119765,3105620,61052,1005739,120513,4111359,
All CA Counties,2021-02-09,211416,5327061,102302,2707152,109114,2619909,0,0,126834,3149478,84131,1089870,127989,4239348,
All CA Counties,2021-02-10,248604,5575665,119783,2826935,128821,2748730,0,0,138086,3179337,109706,1199576,139565,4378913,
All CA Counties,2021-02-11,265486,5841151,131545,2958480,133941,2882671,0,0,145140,3207032,119235,1318811,146930,4525843,
All CA Counties,2021-02-12,272408,6113559,119374,3077854,153034,3035705,0,0,147102,3232080,124426,1443237,149474,4675317,
All CA Counties,2021-02-13,166693,6280252,77310,3155164,89383,3125088,0,0,92109,3251927,74212,1517449,94059,4769376,
All CA Counties,2021-02-14,95313,6375565,47423,3202587,47890,3172978,0,0,51570,3261464,43578,1561027,53115,4822491,
All CA Counties,2021-02-15,142424,6517989,62489,3265076,79935,3252913,0,0,78790,3280118,63260,1624287,81914,4904405,
All CA Counties,2021-02-16,248941,6766930,118219,3383295,130722,3383635,0,0,133140,3300931,115422,1739709,136235,5040640,
All CA Counties,2021-02-17,259102,7026032,129016,3512311,130086,3513721,0,0,129005,3303590,129554,1869263,132213,5172853,
All CA Counties,2021-02-18,272901,7298933,142395,3654706,130506,3644227,0,0,131932,3299475,140266,2009529,136151,5309004,
All CA Counties,2021-02-19,253312,7552245,146953,3801659,106359,3750586,0,0,130738,3310219,122080,2131609,132824,5441828,
All CA Counties,2021-02-20,153712,7705957,98489,3900148,55223,3805809,0,0,84575,3327897,68876,2200485,86554,5528382,
All CA Counties,2021-02-21,82842,7788799,68610,3968758,14232,3820041,0,0,41665,3330169,40936,2241421,43208,5571590,
All CA Counties,2021-02-22,164799,7953598,110440,4079198,54359,3874400,0,0,82494,3332399,81986,2323407,84216,5655806,
All CA Counties,2021-02-23,226254,8179852,119836,4199034,106418,3980818,0,0,105379,3323486,120279,2443686,111366,5767172,
All CA Counties,2021-02-24,283890,8463742,143636,4342670,140254,4121072,0,0,134785,3317330,148479,2592165,142323,5909495,
All CA Counties,2021-02-25,322657,8786399,159284,4501954,163373,4284445,0,0,169047,3342008,152918,2745083,177596,6087091,
All CA Counties,2021-02-26,357004,9143403,166502,4668456,190502,4474947,0,0,198756,3390704,157334,2902417,206030,6293121,
All CA Counties,2021-02-27,253533,9396936,123446,4791902,130065,4605012,22,22,144112,3430450,108801,3011218,148547,6441668,
All CA Counties,2021-02-28,135209,9532145,81135,4873037,54067,4659079,7,29,79566,3457647,55215,3066433,82412,6524080,
All CA Counties,2021-03-01,241090,9773235,128624,5001661,112363,4771442,103,132,138956,3499339,101371,3167804,143063,6667143,
All CA Counties,2021-03-02,289170,10062405,146332,5147993,142812,4914254,26,158,174415,3566429,114237,3282041,181327,6848470,
All CA Counties,2021-03-03,332317,10394722,164957,5312950,167303,5081557,57,215,191409,3624964,140217,3422258,198752,7047222,
All CA Counties,2021-03-04,351503,10746225,178055,5491005,173357,5254914,91,306,206352,3694030,144403,3566661,213469,7260691,
All CA Counties,2021-03-05,339683,11085908,167176,5658181,171384,5426298,1123,1429,211521,3786587,127350,3694011,219907,7480598,
All CA Counties,2021-03-06,259614,11345522,133318,5791499,118444,5544742,7852,9281,161518,3862980,97678,3791689,174071,7654669,
All CA Counties,2021-03-07,127866,11473388,78584,5870083,45132,5589874,4150,13431,80127,3903376,47554,3839243,87950,7742619,
All CA Counties,2021-03-08,219199,11692587,106398,5976481,102305,5692179,10496,23927,143534,3987090,75281,3914524,158995,7901614,
All CA Counties,2021-03-09,291520,11984107,139388,6115869,136210,5828389,15922,39849,163695,4043416,127336,4041860,183662,8085276,
All CA Counties,2021-03-10,322604,12306711,160975,6276844,137175,5965564,24454,64303,174974,4100038,146974,4188834,203596,8288872,
All CA Counties,2021-03-11,376509,12683220,181990,6458834,161203,6126767,33316,97619,193511,4149007,182069,4370903,231038,8519910,
All CA Counties,2021-03-12,395124,13078344,176639,6635473,172193,6298960,46292,143911,194032,4193220,200293,4571196,244506,8764416,
All CA Counties,2021-03-13,283396,13361740,124914,6760387,127352,6426312,31130,175041,153097,4251848,129844,4701040,188472,8952888,
All CA Counties,2021-03-14,154937,13516677,83289,6843676,56555,6482867,15093,190134,78558,4271664,76093,4777133,95909,9048797,
All CA Counties,2021-03-15,290576,13807253,138866,6982542,131158,6614025,20552,210686,158066,4321886,131768,4908901,181990,9230787,
All CA Counties,2021-03-16,370199,14177452,173904,7156446,178993,6793018,17302,227988,214620,4402165,154844,5063745,235123,9465910,
All CA Counties,2021-03-17,383610,14561062,189731,7346177,175327,6968345,18552,246540,237543,4515529,145245,5208990,258609,9724519,
All CA Counties,2021-03-18,400696,14961758,205272,7551449,177433,7145778,17991,264531,237613,4611220,161989,5370979,257680,9982199,
All CA Counties,2021-03-19,410695,15372453,215928,7767377,173158,7318936,21609,286140,238266,4701605,171455,5542434,261840,10244039,
All CA Counties,2021-03-20,294799,15667252,155058,7922435,123873,7442809,15868,302008,186145,4797062,107995,5650429,203452,10447491,
All CA Counties,2021-03-21,143736,15810988,99368,8021803,36840,7479649,7528,309536,88294,4839159,55079,5705508,97176,10544667,
All CA Counties,2021-03-22,273180,16084168,159046,8180849,102919,7582568,11215,320751,178237,4937457,94166,5799674,192464,10737131,
All CA Counties,2021-03-23,357180,16441348,196607,8377456,149504,7732072,11069,331820,219516,5033888,136747,5936421,233178,10970309,
All CA Counties,2021-03-24,387416,16828764,221904,8599360,153028,7885100,12484,344304,225788,5113865,160393,6096814,240370,11210679,
All CA Counties,2021-03-25,417677,17246441,230184,8829544,172663,8057763,14830,359134,236854,5188199,179511,6276325,253845,11464524,
All CA Counties,2021-03-26,434901,17681342,232694,9062238,186131,8243894,16076,375210,234838,5243098,198862,6475187,253761,11718285,
All CA Counties,2021-03-27,312479,17993821,166193,9228431,134512,8378406,11774,386984,157625,5260703,154040,6629227,171645,11889930,
All CA Counties,2021-03-28,169319,18163140,109026,9337457,56709,8435115,3584,390568,88724,5274788,80141,6709368,94226,11984156,
All CA Counties,2021-03-29,310157,18473297,166976,9504433,134135,8569250,9046,399614,173122,5323216,136264,6845632,184692,12168848,
All CA Counties,2021-03-30,398247,18871544,201825,9706258,178214,8747464,18208,417822,224221,5394183,173231,7018863,244198,12413046,
All CA Counties,2021-03-31,426147,19297691,231938,9938196,172542,8920006,21667,439489,238287,5468323,186837,7205700,260977,12674023,
All CA Counties,2021-04-01,491496,19789187,251803,10189999,199441,9119447,40252,479741,271566,5562687,218600,7424300,312964,12986987,
All CA Counties,2021-04-02,473450,20262637,230873,10420872,199420,9318867,43157,522898,257363,5649966,214858,7639158,302137,13289124,
All CA Counties,2021-04-03,329416,20592053,167794,10588666,120184,9439051,41438,564336,164288,5692330,164487,7803645,206851,13495975,
All CA Counties,2021-04-04,132430,20724483,69099,10657765,44315,9483366,19016,583352,58086,5695534,74042,7877687,77246,13573221,
All CA Counties,2021-04-05,353051,21077534,182005,10839770,131365,9614731,39681,623033,174051,5733367,178316,8056003,216149,13789370,
All CA Counties,2021-04-06,456982,21534516,231591,11071361,159963,9774694,65428,688461,221734,5788116,234313,8290316,289062,14078432,
All CA Counties,2021-04-07,471661,22006177,244749,11316110,157019,9931713,69893,758354,230012,5848335,240698,8531014,300917,14379349,
All CA Counties,2021-04-08,499241,22505418,251748,11567858,163217,10094930,84276,842630,235299,5907375,262773,8793787,321813,14701162,
All CA Counties,2021-04-09,494089,22999507,246310,11814168,168076,10263006,79703,922333,227868,5952853,265158,9058945,310636,15011798,
All CA Counties,2021-04-10,366755,23366262,167818,11981986,124780,10387786,74157,996490,154049,5971763,211959,9270904,230869,15242667,
All CA Counties,2021-04-11,187361,23553623,105155,12087141,48130,10435916,34076,1030566,77587,5976825,109432,9380336,114494,15357161,
All CA Counties,2021-04-12,339187,23892810,174052,12261193,127074,10562990,38061,1068627,157223,5994673,181005,9561341,198853,15556014,
All CA Counties,2021-04-13,431505,24324315,241402,12502595,189164,10752154,939,1069566,241226,6050576,189291,9750632,245194,15801208,
All CA Counties,2021-04-14,450212,24774527,252373,12754968,197554,10949708,285,1069851,235186,6076791,213868,9964500,240083,16041291,
All CA Counties,2021-04-15,490154,25264681,285464,13040432,204450,11154158,240,1070091,275043,6141273,213706,10178206,278188,16319479,
All CA Counties,2021-04-16,474114,25738795,266790,13307222,207017,11361175,307,1070398,253050,6177178,219874,10398080,255779,16575258,
All CA Counties,2021-04-17,340669,26079464,190869,13498091,149757,11510932,43,1070441,193619,6227746,146236,10544316,196804,16772062,
All CA Counties,2021-04-18,154283,26233747,97979,13596070,56287,11567219,17,1070458,79403,6235687,74482,10618798,82423,16854485,
All CA Counties,2021-04-19,317080,26550827,183057,13779127,133934,11701153,89,1070547,150011,6221473,166193,10784991,151979,17006464,
All CA Counties,2021-04-20,406310,26957137,216109,13995236,190131,11891284,70,1070617,202488,6224309,202808,10987799,205644,17212108,
All CA Counties,2021-04-21,419472,27376609,237705,14232941,181504,12072788,263,1070880,201657,6212910,216423,11204222,205024,17417132,
All CA Counties,2021-04-22,445738,27822347,253979,14486920,191683,12264471,76,1070956,199059,6169906,245330,11449552,202326,17619458,
All CA Counties,2021-04-23,437011,28259358,248889,14735809,188034,12452505,88,1071044,197859,6133387,237774,11687326,201255,17820713,
All CA Counties,2021-04-24,324574,28583932,204362,14940171,120040,12572545,172,1071216,164948,6143072,158679,11846005,168364,17989077,
All CA Counties,2021-04-25,149323,28733255,98466,15038637,50791,12623336,66,1071282,80342,6156379,68536,11914541,81843,18070920,
All CA Counties,2021-04-26,281783,29015038,164308,15202945,115963,12739299,1512,1072794,122732,6126868,158115,12072656,128604,18199524,
All CA Counties,2021-04-27,355400,29370438,197118,15400063,152431,12891730,5851,1078645,143228,6067986,211075,12283731,152193,18351717,
All CA Counties,2021-04-28,347374,29717812,199129,15599192,140405,13032135,7840,1086485,141434,6014678,204889,12488620,151581,18503298,
All CA Counties,2021-04-29,356136,30073948,204820,15804012,143457,13175592,7859,1094344,128159,5925675,226856,12715476,137853,18641151,
All CA Counties,2021-04-30,371654,30445602,213078,16017090,149723,13325315,8853,1103197,140421,5846888,230002,12945478,151215,18792366,
All CA Counties,2021-05-01,246734,30692336,157731,16174821,82969,13408284,6034,1109231,89474,5788133,156475,13101953,97720,18890086,
All CA Counties,2021-05-02,116747,30809083,81595,16256416,31285,13439569,3867,1113098,40885,5757785,75477,13177430,45129,18935215,
All CA Counties,2021-05-03,251254,31060337,154809,16411225,87786,13527355,8659,1121757,76228,5669309,174217,13351647,85741,19020956,
All CA Counties,2021-05-04,324931,31385268,198068,16609293,117141,13644496,9722,1131479,96121,5548532,227776,13579423,106999,19127955,
All CA Counties,2021-05-05,328656,31713924,204125,16813418,114550,13759046,9981,1141460,92712,5417440,234761,13814184,103669,19231624,
All CA Counties,2021-05-06,347018,32060942,226227,17039645,110294,13869340,10497,1151957,88380,5261734,257085,14071269,101379,19333003,
All CA Counties,2021-05-07,344127,32405069,215636,17255281,118692,13988032,9799,1161756,93583,5117118,249224,14320493,104608,19437611,
All CA Counties,2021-05-08,223142,32628211,141620,17396901,74848,14062880,6674,1168430,61425,5025830,160824,14481317,69536,19507147,
All CA Counties,2021-05-09,93038,32721249,70046,17466947,20020,14082900,2972,1171402,25453,4987430,67263,14548580,28863,19536010,
All CA Counties,2021-05-10,200254,32921503,113990,17580937,78529,14161429,7735,1179137,49762,4896489,149714,14698294,58773,19594783,
All CA Counties,2021-05-11,258446,33179949,144638,17725575,105699,14267128,8109,1187246,68063,4784819,189494,14887788,77824,19672607,
All CA Counties,2021-05-12,251994,33431943,144596,17870171,99055,14366183,8343,1195589,68859,4680895,182175,15069963,78251,19750858,
All CA Counties,2021-05-13,289691,33721634,185799,18055970,96874,14463057,7018,1202607,107964,4617704,180682,15250645,117491,19868349,
All CA Counties,2021-05-14,331684,34053318,212078,18268048,110890,14573947,8716,1211323,130882,4559738,199664,15450309,141698,20010047,
All CA Counties,2021-05-15,273358,34326676,191074,18459122,76429,14650376,5855,1217178,112306,4518624,160239,15610548,119125,20129172,
All CA Counties,2021-05-16,135141,34461817,103529,18562651,28695,14679071,2917,1220095,54857,4496943,79851,15690399,58170,20187342,
All CA Counties,2021-05-17,236959,34698776,156198,18718849,73451,14752522,7310,1227405,98864,4466734,137254,15827653,107045,20294387,
All CA Counties,2021-05-18,277286,34976062,169265,18888114,100695,14853217,7326,1234731,112467,4424215,163730,15991383,121211,20415598,
All CA Counties,2021-05-19,271905,35247967,169845,19057959,94586,14947803,7474,1242205,116293,4394486,154610,16145993,124881,20540479,
All CA Counties,2021-05-20,223142,35471109,133633,19191592,82176,15029979,7333,1249538,89305,4359494,132903,16278896,97911,20638390,
All CA Counties,2021-05-21,240497,35711606,148919,19340511,84452,15114431,7126,1256664,94324,4316779,145148,16424044,102433,20740823,
All CA Counties,2021-05-22,167525,35879131,113223,19453734,48841,15163272,5461,1262125,73860,4303909,93068,16517112,80198,20821021,
All CA Counties,2021-05-23,61521,35940652,46158,19499892,13228,15176500,2135,1264260,28618,4302262,32624,16549736,30977,20851998,
All CA Counties,2021-05-24,165526,36106178,96245,19596137,61128,15237628,8153,1272413,65010,4276494,99769,16649505,74001,20925999,
All CA Counties,2021-05-25,187124,36293302,110191,19706328,69086,15306714,7847,1280260,73488,4246257,112682,16762187,82445,21008444,
All CA Counties,2021-05-26,180792,36474094,103979,19810307,69184,15375898,7629,1287889,72719,4220443,107039,16869226,81225,21089669,
All CA Counties,2021-05-27,169638,36643732,96967,19907274,64263,15440161,8408,1296297,70674,4202508,98183,16967409,80248,21169917,
All CA Counties,2021-05-28,185460,36829192,107336,20014610,71199,15511360,6925,1303222,81128,4188379,103454,17070863,89325,21259242,
All CA Counties,2021-05-29,105419,36934611,64866,20079476,36821,15548181,3732,1306954,50740,4189257,54171,17125034,55049,21314291,
All CA Counties,2021-05-30,46664,36981275,30823,20110299,13402,15561583,2439,1309393,21061,4187641,25387,17150421,23771,21338062,
All CA Counties,2021-05-31,19737,37001012,11678,20121977,7090,15568673,969,1310362,6588,4182307,13027,17163448,7693,21345755,
All CA Counties,2021-06-01,165976,37166988,97167,20219144,61908,15630581,6901,1317263,63280,4151721,101783,17265231,71197,21416952,
All CA Counties,2021-06-02,139407,37306395,82669,20301813,49768,15680349,6970,1324233,56823,4134547,81749,17346980,64575,21481527,
All CA Counties,2021-06-03,161541,37467936,111253,20413066,43645,15723994,6643,1330876,56404,4094251,104407,17451387,64111,21545638,
All CA Counties,2021-06-04,105787,37573723,77127,20490193,25134,15749128,3526,1334402,28463,4050674,76850,17528237,33273,21578911,
All CA and Non-CA Counties,2020-12-15,1148,1148,1148,1148,0,0,0,0,1148,1148,0,0,1148,1148,
All CA and Non-CA Counties,2020-12-16,8703,9851,8703,9851,0,0,0,0,8703,9851,0,0,8703,9851,
All CA and Non-CA Counties,2020-12-17,27484,37335,27484,37335,0,0,0,0,27484,37335,0,0,27484,37335,
All CA and Non-CA Counties,2020-12-18,46489,83824,46426,83761,63,63,0,0,46488,83822,1,1,46488,83823,
All CA and Non-CA Counties,2020-12-19,26327,110151,26301,110062,26,89,0,0,26326,110147,1,2,26326,110149,
All CA and Non-CA Counties,2020-12-20,19656,129807,19627,129689,29,118,0,0,19655,129801,1,3,19655,129804,
All CA and Non-CA Counties,2020-12-21,51790,181597,51699,181388,91,209,0,0,51788,181588,2,5,51789,181593,
All CA and Non-CA Counties,2020-12-22,52045,233642,49842,231230,2203,2412,0,0,52042,233628,2,7,52042,233635,
All CA and Non-CA Counties,2020-12-23,52073,285715,43154,274384,8919,11331,0,0,52068,285694,5,12,52071,285706,
All CA and Non-CA Counties,2020-12-24,24820,310535,16928,291312,7892,19223,0,0,24817,310510,3,15,24819,310525,
All CA and Non-CA Counties,2020-12-25,2371,312906,2043,293355,328,19551,0,0,2371,312881,0,15,2371,312896,
All CA and Non-CA Counties,2020-12-26,14899,327805,9651,303006,5248,24799,0,0,14897,327776,2,17,14897,327793,
All CA and Non-CA Counties,2020-12-27,9622,337427,5661,308667,3961,28760,0,0,9621,337396,1,18,9621,337414,
All CA and Non-CA Counties,2020-12-28,47275,384702,30319,338986,16956,45716,0,0,47272,384665,3,21,47272,384686,
All CA and Non-CA Counties,2020-12-29,52506,437208,29415,368401,23091,68807,0,0,52502,437164,3,24,52502,437188,
All CA and Non-CA Counties,2020-12-30,64841,502049,36811,405212,28030,96837,0,0,64833,501994,6,30,64836,502024,
All CA and Non-CA Counties,2020-12-31,30438,532487,11451,416663,18987,115824,0,0,30427,532414,8,38,30428,532452,
All CA and Non-CA Counties,2021-01-01,4381,536868,1945,418608,2436,118260,0,0,4376,536786,4,42,4376,536828,
All CA and Non-CA Counties,2021-01-02,18675,555543,10330,428938,8345,126605,0,0,18673,555458,1,43,18673,555501,
All CA and Non-CA Counties,2021-01-03,6328,561871,3578,432516,2750,129355,0,0,6300,561746,12,55,6300,561801,
All CA and Non-CA Counties,2021-01-04,44718,606589,22594,455110,22124,151479,0,0,44634,606338,42,97,44634,606435,
All CA and Non-CA Counties,2021-01-05,58052,664641,30604,485714,27448,178927,0,0,52399,653238,5594,5691,52494,658929,
All CA and Non-CA Counties,2021-01-06,75965,740606,42021,527735,33944,212871,0,0,59866,697236,15916,21607,59914,718843,
All CA and Non-CA Counties,2021-01-07,96200,836806,54902,582637,41298,254169,0,0,63850,728996,32177,53784,63937,782780,
All CA and Non-CA Counties,2021-01-08,111136,947942,66956,649593,44180,298349,0,0,68069,754255,42924,96708,68183,850963,
All CA and Non-CA Counties,2021-01-09,45626,993568,26007,675600,19619,317968,0,0,28769,766249,16832,113540,28826,879789,
All CA and Non-CA Counties,2021-01-10,24613,1018181,15031,690631,9582,327550,0,0,13261,768206,11335,124875,13292,893081,
All CA and Non-CA Counties,2021-01-11,107811,1125992,71550,762181,36261,363811,0,0,62602,785853,45166,170041,62813,955894,
All CA and Non-CA Counties,2021-01-12,117277,1243269,69417,831598,47860,411671,0,0,74679,818281,42515,212556,74943,1030837,
All CA and Non-CA Counties,2021-01-13,122780,1366049,63579,895177,59201,470872,0,0,87826,871346,34870,247426,87935,1118772,
All CA and Non-CA Counties,2021-01-14,127464,1493513,50861,946038,76603,547475,0,0,107234,958649,20116,267542,107419,1226191,
All CA and Non-CA Counties,2021-01-15,146040,1639553,52777,998815,93263,640738,0,0,130499,1073935,15435,282977,130721,1356912,
All CA and Non-CA Counties,2021-01-16,83115,1722668,27722,1026537,55393,696131,0,0,75369,1141648,7717,290694,75430,1432342,
All CA and Non-CA Counties,2021-01-17,48728,1771396,16989,1043526,31739,727870,0,0,45022,1183021,3699,294393,45072,1477414,
All CA and Non-CA Counties,2021-01-18,89352,1860748,46781,1090307,42571,770441,0,0,69605,1233124,19671,314064,69774,1547188,
All CA and Non-CA Counties,2021-01-19,145982,2006730,74953,1165260,71029,841470,0,0,113948,1315486,31942,346006,114304,1661492,
All CA and Non-CA Counties,2021-01-20,164723,2171453,83359,1248619,81364,922834,0,0,130159,1411591,34343,380349,130448,1791940,
All CA and Non-CA Counties,2021-01-21,177448,2348901,78014,1326633,99434,1022268,0,0,157792,1550315,19433,399782,158157,1950097,
All CA and Non-CA Counties,2021-01-22,174095,2522996,70290,1396923,103805,1126073,0,0,159411,1695335,14544,414326,159564,2109661,
All CA and Non-CA Counties,2021-01-23,113593,2636589,49784,1446707,63809,1189882,0,0,100919,1783767,12615,426941,101047,2210708,
All CA and Non-CA Counties,2021-01-24,61547,2698136,29706,1476413,31841,1221723,0,0,56820,1835953,4697,431638,56883,2267591,
All CA and Non-CA Counties,2021-01-25,149642,2847778,67330,1543743,82312,1304035,0,0,113625,1914077,35887,467525,114011,2381602,
All CA and Non-CA Counties,2021-01-26,174766,3022544,85806,1629549,88960,1392995,0,0,136388,2012491,38247,505772,136661,2518263,
All CA and Non-CA Counties,2021-01-27,187439,3209983,90489,1720038,96950,1489945,0,0,147449,2120508,39664,545436,147681,2665944,
All CA and Non-CA Counties,2021-01-28,193059,3403042,89537,1809575,103522,1593467,0,0,158368,2244731,34397,579833,158620,2824564,
All CA and Non-CA Counties,2021-01-29,188592,3591634,91402,1900977,97190,1690657,0,0,153172,2363252,34846,614679,153367,2977931,
All CA and Non-CA Counties,2021-01-30,127910,3719544,58075,1959052,69835,1760492,0,0,112274,2460226,15472,630151,112446,3090377,
All CA and Non-CA Counties,2021-01-31,72132,3791676,41301,2000353,30831,1791323,0,0,67286,2522781,4797,634948,67352,3157729,
All CA and Non-CA Counties,2021-02-01,167281,3958957,78450,2078803,88831,1880154,0,0,125850,2607523,41262,676210,126004,3283733,
All CA and Non-CA Counties,2021-02-02,191866,4150823,80099,2158902,111767,1991921,0,0,146705,2709591,44876,721086,146944,3430677,
All CA and Non-CA Counties,2021-02-03,218067,4368890,97523,2256425,120544,2112465,0,0,162850,2818014,54715,775801,163138,3593815,
All CA and Non-CA Counties,2021-02-04,234492,4603382,101924,2358349,132568,2245033,0,0,172925,2930295,61023,836824,173304,3767119,
All CA and Non-CA Counties,2021-02-05,252667,4856049,108590,2466939,144077,2389110,0,0,172856,3024673,79034,915858,173412,3940531,
All CA and Non-CA Counties,2021-02-06,159227,5015276,77032,2543971,82195,2471305,0,0,123989,3114104,35063,950921,124494,4065025,
All CA and Non-CA Counties,2021-02-07,69084,5084360,45076,2589047,24008,2495313,0,0,52566,3150685,16439,967360,53020,4118045,
All CA and Non-CA Counties,2021-02-08,186214,5270574,92406,2681453,93808,2589121,0,0,123648,3212956,62125,1029485,124396,4242441,
All CA and Non-CA Counties,2021-02-09,215545,5486119,104078,2785531,111467,2700588,0,0,129654,3258349,85430,1114915,130823,4373264,
All CA and Non-CA Counties,2021-02-10,254089,5740208,121610,2907141,132479,2833067,0,0,141125,3288850,112144,1227059,142645,4515909,
All CA and Non-CA Counties,2021-02-11,270240,6010448,133723,3040864,136517,2969584,0,0,148560,3318658,120560,1347619,150368,4666277,
All CA and Non-CA Counties,2021-02-12,277626,6288074,121294,3162158,156332,3125916,0,0,150478,3345257,126255,1473874,152854,4819131,
All CA and Non-CA Counties,2021-02-13,169067,6457141,77997,3240155,91070,3216986,0,0,93927,3366379,74767,1548641,95889,4915020,
All CA and Non-CA Counties,2021-02-14,96625,6553766,47811,3287966,48814,3265800,0,0,52641,3376752,43815,1592456,54188,4969208,
All CA and Non-CA Counties,2021-02-15,144926,6698692,63984,3351950,80942,3346742,0,0,80019,3395380,64518,1656974,83146,5052354,
All CA and Non-CA Counties,2021-02-16,255282,6953974,121024,3472974,134258,3481000,0,0,135707,3415001,119185,1776159,138806,5191160,
All CA and Non-CA Counties,2021-02-17,264850,7218824,131811,3604785,133039,3614039,0,0,130823,3415559,133478,1909637,134036,5325196,
All CA and Non-CA Counties,2021-02-18,279178,7498002,145975,3750760,133203,3747242,0,0,133987,3409295,144470,2054107,138206,5463402,
All CA and Non-CA Counties,2021-02-19,258983,7756985,150878,3901638,108105,3855347,0,0,133169,3419238,125314,2179421,135257,5598659,
All CA and Non-CA Counties,2021-02-20,156888,7913873,101015,4002653,55873,3911220,0,0,85813,3436221,70810,2250231,87793,5686452,
All CA and Non-CA Counties,2021-02-21,85420,7999293,70971,4073624,14449,3925669,0,0,42507,3437604,42667,2292898,44050,5730502,
All CA and Non-CA Counties,2021-02-22,168175,8167468,112880,4186504,55295,3980964,0,0,84122,3439721,83731,2376629,85848,5816350,
All CA and Non-CA Counties,2021-02-23,232175,8399643,123139,4309643,109036,4090000,0,0,107722,3429595,123849,2500478,113723,5930073,
All CA and Non-CA Counties,2021-02-24,290186,8689829,147093,4456736,143093,4233093,0,0,137243,3422070,152311,2652789,144786,6074859,
All CA and Non-CA Counties,2021-02-25,329475,9019304,162733,4619469,166742,4399835,0,0,172129,3446126,156626,2809415,180682,6255541,
All CA and Non-CA Counties,2021-02-26,363736,9383040,170023,4789492,193713,4593548,0,0,201858,3494377,160882,2970297,209133,6464674,
All CA and Non-CA Counties,2021-02-27,258880,9641920,126076,4915568,132781,4726329,23,23,145999,3532567,112248,3082545,150438,6615112,
All CA and Non-CA Counties,2021-02-28,137496,9779416,82766,4998334,54722,4781051,8,31,80369,3559089,56695,3139240,83217,6698329,
All CA and Non-CA Counties,2021-03-01,245755,10025171,131488,5129822,114163,4895214,104,135,140313,3598845,104670,3243910,144426,6842755,
All CA and Non-CA Counties,2021-03-02,295769,10320940,148704,5278526,147039,5042253,26,161,176481,3663483,118757,3362667,183395,7026150,
All CA and Non-CA Counties,2021-03-03,340118,10661058,167961,5446487,172098,5214351,59,220,194079,3719578,145333,3508000,201428,7227578,
All CA and Non-CA Counties,2021-03-04,358223,11019281,180872,5627359,177254,5391605,97,317,208668,3786581,148790,3656790,215793,7443371,
All CA and Non-CA Counties,2021-03-05,344922,11364203,169801,5797160,173984,5565589,1137,1454,214256,3879400,129845,3786635,222664,7666035,
All CA and Non-CA Counties,2021-03-06,264193,11628396,135428,5932588,120756,5686345,8009,9463,163857,3956059,99917,3886552,176576,7842611,
All CA and Non-CA Counties,2021-03-07,129425,11757821,79583,6012171,45636,5731981,4206,13669,81082,3996865,48157,3934709,88963,7931574,
All CA and Non-CA Counties,2021-03-08,222310,11980131,108253,6120424,103324,5835305,10733,24402,145733,4082139,76164,4010873,161438,8093012,
All CA and Non-CA Counties,2021-03-09,296211,12276342,141812,6262236,138172,5973477,16227,40629,166474,4139640,129245,4140118,186746,8279758,
All CA and Non-CA Counties,2021-03-10,326973,12603315,163073,6425309,138942,6112419,24958,65587,177685,4197834,148624,4288742,206818,8486576,
All CA and Non-CA Counties,2021-03-11,382640,12985955,185127,6610436,163518,6275937,33995,99582,196816,4247968,184889,4473631,235023,8721599,
All CA and Non-CA Counties,2021-03-12,401593,13387548,180548,6790984,174029,6449966,47016,146598,197606,4293595,203178,4676809,248805,8970404,
All CA and Non-CA Counties,2021-03-13,287147,13674695,127095,6918079,128463,6578429,31589,178187,155663,4354072,131022,4807831,191499,9161903,
All CA and Non-CA Counties,2021-03-14,156736,13831431,84221,7002300,57082,6635511,15433,193620,79543,4374400,76907,4884738,97235,9259138,
All CA and Non-CA Counties,2021-03-15,294615,14126046,140982,7143282,132619,6768130,21014,214634,160229,4425379,133640,5018378,184619,9443757,
All CA and Non-CA Counties,2021-03-16,377738,14503784,178287,7321569,181761,6949891,17690,232324,218814,4506896,158185,5176563,239702,9683459,
All CA and Non-CA Counties,2021-03-17,392038,14895822,195188,7516757,177926,7127817,18924,251248,242624,4622372,148587,5325150,264063,9947522,
All CA and Non-CA Counties,2021-03-18,409017,15304839,210412,7727169,180076,7307893,18529,269777,242430,4719924,165483,5490633,263035,10210557,
All CA and Non-CA Counties,2021-03-19,418030,15722869,220277,7947446,175599,7483492,22154,291931,242666,4812327,174386,5665019,266789,10477346,
All CA and Non-CA Counties,2021-03-20,299558,16022427,158201,8105647,125402,7608894,15955,307886,189787,4910407,109102,5774121,207182,10684528,
All CA and Non-CA Counties,2021-03-21,145820,16168247,100802,8206449,37403,7646297,7615,315501,89962,4953845,55493,5829614,98931,10783459,
All CA and Non-CA Counties,2021-03-22,276450,16444697,161012,8367461,104134,7750431,11304,326805,180476,5053451,95186,5924800,194792,10978251,
All CA and Non-CA Counties,2021-03-23,363260,16807957,199701,8567162,152182,7902613,11377,338182,223639,5152371,138689,6063489,237609,11215860,
All CA and Non-CA Counties,2021-03-24,394761,17202718,225671,8792833,156158,8058771,12932,351114,230864,5235608,162655,6226144,245892,11461752,
All CA and Non-CA Counties,2021-03-25,425970,17628688,234042,9026875,176574,8235345,15354,366468,242893,5314264,181752,6407896,260408,11722160,
All CA and Non-CA Counties,2021-03-26,441576,18070264,236226,9263101,189096,8424441,16254,382722,239243,5371502,201105,6609001,258343,11980503,
All CA and Non-CA Counties,2021-03-27,318037,18388301,169319,9432420,136728,8561169,11990,394712,161117,5390753,156101,6765102,175352,12155855,
All CA and Non-CA Counties,2021-03-28,172408,18560709,110679,9543099,57984,8619153,3745,398457,90723,5405913,81226,6846328,96386,12252241,
All CA and Non-CA Counties,2021-03-29,315337,18876046,169275,9712374,136671,8755824,9391,407848,176081,5455428,138481,6984809,187996,12440237,
All CA and Non-CA Counties,2021-03-30,405134,19281180,205452,9917826,180910,8936734,18772,426620,228291,5528229,176038,7160847,248839,12689076,
All CA and Non-CA Counties,2021-03-31,432502,19713682,235734,10153560,174323,9111057,22445,449065,241664,5603548,189810,7350657,265129,12954205,
All CA and Non-CA Counties,2021-04-01,499002,20212684,256291,10409851,201814,9312871,40897,489962,275900,5699719,221763,7572420,317934,13272139,
All CA and Non-CA Counties,2021-04-02,481956,20694640,235411,10645262,202236,9515107,44309,534271,261767,5788459,218951,7791371,307691,13579830,
All CA and Non-CA Counties,2021-04-03,335578,21030218,171453,10816715,121530,9636637,42595,576866,167520,5832289,167409,7958780,211239,13791069,
All CA and Non-CA Counties,2021-04-04,134218,21164436,69976,10886691,44992,9681629,19250,596116,59067,5835901,74847,8033627,78459,13869528,
All CA and Non-CA Counties,2021-04-05,357177,21521613,183999,11070690,132831,9814460,40347,636463,176014,5874205,180473,8214100,218777,14088305,
All CA and Non-CA Counties,2021-04-06,464152,21985765,235454,11306144,161630,9976090,67068,703531,224614,5929195,238588,8452688,293578,14381883,
All CA and Non-CA Counties,2021-04-07,479889,22465654,249382,11555526,158917,10135007,71590,775121,233217,5989292,245713,8698401,305810,14687693,
All CA and Non-CA Counties,2021-04-08,507399,22973053,255985,11811511,165193,10300200,86221,861342,238490,6048499,267731,8966132,326938,15014631,
All CA and Non-CA Counties,2021-04-09,501564,23474617,250157,12061668,169783,10469983,81624,942966,230752,6094201,269740,9235872,315442,15330073,
All CA and Non-CA Counties,2021-04-10,372898,23847515,170859,12232527,126022,10596005,76017,1018983,155776,6112281,216367,9452239,234447,15564520,
All CA and Non-CA Counties,2021-04-11,190198,24037713,106702,12339229,48783,10644788,34713,1053696,78541,6117055,111311,9563550,116085,15680605,
All CA and Non-CA Counties,2021-04-12,343292,24381005,176338,12515567,128345,10773133,38609,1092305,159029,6134966,183297,9746847,201208,15881813,
All CA and Non-CA Counties,2021-04-13,437292,24818297,245102,12760669,191226,10964359,964,1093269,244194,6191049,192104,9938951,248187,16130000,
All CA and Non-CA Counties,2021-04-14,455535,25273832,255738,13016407,199508,11163867,289,1093558,238069,6217718,216303,10155254,242972,16372972,
All CA and Non-CA Counties,2021-04-15,496296,25770128,289336,13305743,206713,11370580,247,1093805,278326,6282686,216512,10371766,281480,16654452,
All CA and Non-CA Counties,2021-04-16,479963,26250091,270139,13575882,209511,11580091,313,1094118,256294,6319249,222468,10594234,259031,16913483,
All CA and Non-CA Counties,2021-04-17,346071,26596162,194232,13770114,151795,11731886,44,1094162,196696,6370580,148551,10742785,199882,17113365,
All CA and Non-CA Counties,2021-04-18,156397,26752559,99155,13869269,57224,11789110,18,1094180,80405,6378418,75589,10818374,83427,17196792,
All CA and Non-CA Counties,2021-04-19,321216,27073775,185055,14054324,136071,11925181,90,1094270,152131,6364323,168198,10986572,154103,17350895,
All CA and Non-CA Counties,2021-04-20,411678,27485453,218549,14272873,193059,12118240,70,1094340,204675,6366173,205981,11192553,207831,17558726,
All CA and Non-CA Counties,2021-04-21,425839,27911292,240356,14513229,185216,12303456,267,1094607,203909,6352933,220520,11413073,207280,17766006,
All CA and Non-CA Counties,2021-04-22,452477,28363769,257413,14770642,194984,12498440,80,1094687,201491,6308073,249624,11662697,204764,17970770,
All CA and Non-CA Counties,2021-04-23,442872,28806641,251865,15022507,190918,12689358,89,1094776,200238,6270471,241239,11903936,203637,18174407,
All CA and Non-CA Counties,2021-04-24,329109,29135750,207304,15229811,121628,12810986,177,1094953,166739,6279216,161418,12065354,170163,18344570,
All CA and Non-CA Counties,2021-04-25,151542,29287292,99717,15329528,51757,12862743,68,1095021,81513,6292654,69581,12134935,83019,18427589,
All CA and Non-CA Counties,2021-04-26,285455,29572747,165912,15495440,118006,12980749,1537,1096558,124370,6262779,160142,12295077,130267,18557856,
All CA and Non-CA Counties,2021-04-27,360786,29933533,199100,15694540,155509,13136258,6177,1102735,145093,6202584,214587,12509664,154392,18712248,
All CA and Non-CA Counties,2021-04-28,352220,30285753,201189,15895729,142796,13279054,8235,1110970,143318,6148606,207839,12717503,153861,18866109,
All CA and Non-CA Counties,2021-04-29,360980,30646733,207039,16102768,145650,13424704,8291,1119261,129976,6058846,229862,12947365,140102,19006211,
All CA and Non-CA Counties,2021-04-30,376549,31023282,215434,16318202,151839,13576543,9276,1128537,142259,5979279,233046,13180411,153479,19159690,
All CA and Non-CA Counties,2021-05-01,249913,31273195,159569,16477771,83883,13660426,6461,1134998,90740,5920315,158377,13338788,99413,19259103,
All CA and Non-CA Counties,2021-05-02,118611,31391806,82677,16560448,31944,13692370,3990,1138988,41720,5889899,76503,13415291,46087,19305190,
All CA and Non-CA Counties,2021-05-03,254126,31645932,156380,16716828,88806,13781176,8940,1147928,77341,5801061,175972,13591263,87134,19392324,
All CA and Non-CA Counties,2021-05-04,328850,31974782,200165,16916993,118518,13899694,10167,1158095,97429,5679430,230381,13821644,108750,19501074,
All CA and Non-CA Counties,2021-05-05,332909,32307691,206424,17123417,116136,14015830,10349,1168444,94207,5547454,237511,14059155,105535,19606609,
All CA and Non-CA Counties,2021-05-06,351335,32659026,228811,17352228,111685,14127515,10839,1179283,89892,5390802,259885,14319040,103233,19709842,
All CA and Non-CA Counties,2021-05-07,348756,33007782,218239,17570467,120330,14247845,10187,1189470,95245,5245282,252178,14571218,106658,19816500,
All CA and Non-CA Counties,2021-05-08,226483,33234265,143835,17714302,75727,14323572,6921,1196391,62631,5153323,162949,14734167,70990,19887490,
All CA and Non-CA Counties,2021-05-09,94415,33328680,70953,17785255,20363,14343935,3099,1199490,26050,5114870,68039,14802206,29586,19917076,
All CA and Non-CA Counties,2021-05-10,202872,33531552,115175,17900430,79635,14423570,8062,1207552,50762,5023646,151326,14953532,60102,19977178,
All CA and Non-CA Counties,2021-05-11,261271,33792823,145954,18046384,106922,14530492,8395,1215947,69139,4911593,191242,15144774,79189,20056367,
All CA and Non-CA Counties,2021-05-12,254863,34047686,145908,18192292,100313,14630805,8642,1224589,69955,4807295,183943,15328717,79645,20136012,
All CA and Non-CA Counties,2021-05-13,292450,34340136,187366,18379658,97862,14728667,7222,1231811,109186,4743996,182217,15510934,118918,20254930,
All CA and Non-CA Counties,2021-05-14,335225,34675361,214071,18593729,112200,14840867,8954,1240765,132508,4685988,201571,15712505,143563,20398493,
All CA and Non-CA Counties,2021-05-15,276001,34951362,192630,18786359,77373,14918240,5998,1246763,113467,4644703,161717,15874222,120432,20518925,
All CA and Non-CA Counties,2021-05-16,136781,35088143,104575,18890934,29219,14947459,2987,1249750,55613,4622968,80732,15954954,58997,20577922,
All CA and Non-CA Counties,2021-05-17,240033,35328176,157838,19048772,74651,15022110,7544,1257294,100289,4592775,138898,16093852,108705,20686627,
All CA and Non-CA Counties,2021-05-18,280524,35608700,170907,19219679,101976,15124086,7641,1264935,113993,4550399,165430,16259282,123054,20809681,
All CA and Non-CA Counties,2021-05-19,275252,35883952,171543,19391222,95967,15220053,7742,1272677,117806,4520624,156437,16415719,126662,20936343,
All CA and Non-CA Counties,2021-05-20,225268,36109220,134837,19526059,82901,15302954,7530,1280207,90315,4485732,134012,16549731,99120,21035463,
All CA and Non-CA Counties,2021-05-21,242739,36351959,150225,19676284,85168,15388122,7346,1287553,95340,4443035,146367,16696098,103670,21139133,
All CA and Non-CA Counties,2021-05-22,169567,36521526,114700,19790984,49230,15437352,5637,1293190,75104,4430790,93861,16789959,81616,21220749,
All CA and Non-CA Counties,2021-05-23,62481,36584007,46882,19837866,13406,15450758,2193,1295383,29137,4429280,33065,16823024,31555,21252304,
All CA and Non-CA Counties,2021-05-24,167955,36751962,97435,19935301,62021,15512779,8499,1303882,66168,4403753,101032,16924056,75505,21327809,
All CA and Non-CA Counties,2021-05-25,189496,36941458,111297,20046598,70019,15582798,8180,1312062,74568,4373645,113964,17038020,83856,21411665,
All CA and Non-CA Counties,2021-05-26,183144,37124602,105064,20151662,70098,15652896,7982,1320044,73724,4347850,108379,17146399,82584,21494249,
All CA and Non-CA Counties,2021-05-27,171829,37296431,98073,20249735,65060,15717956,8696,1328740,71706,4330079,99338,17245737,81567,21575816,
All CA and Non-CA Counties,2021-05-28,187870,37484301,108546,20358281,72045,15790001,7279,1336019,82244,4316134,104741,17350478,90796,21666612,
All CA and Non-CA Counties,2021-05-29,107104,37591405,65724,20424005,37293,15827294,4087,1340106,51482,4317170,55110,17405588,56146,21722758,
All CA and Non-CA Counties,2021-05-30,47579,37638984,31384,20455389,13631,15840925,2564,1342670,21527,4315700,25833,17431421,24363,21747121,
All CA and Non-CA Counties,2021-05-31,20151,37659135,11859,20467248,7285,15848210,1007,1343677,6764,4310355,13253,17444674,7908,21755029,
All CA and Non-CA Counties,2021-06-01,168086,37827221,98277,20565525,62615,15910825,7194,1350871,64356,4280108,102814,17547488,72567,21827596,
All CA and Non-CA Counties,2021-06-02,141450,37968671,83739,20649264,50410,15961235,7301,1358172,57876,4263333,82734,17630222,65959,21893555,
All CA and Non-CA Counties,2021-06-03,163644,38132315,112478,20761742,44228,16005463,6938,1365110,57493,4223413,105415,17735637,65495,21959050,
All CA and Non-CA Counties,2021-06-04,107088,38239403,77808,20839550,25526,16030989,3754,1368864,28941,4179724,77668,17813305,33979,21993029,
Outside California,2020-12-15,7,7,7,7,0,0,0,0,7,7,0,0,7,7,Not in California
Outside California,2020-12-16,273,280,273,280,0,0,0,0,273,280,0,0,273,280,Not in California
Outside California,2020-12-17,1598,1878,1598,1878,0,0,0,0,1598,1878,0,0,1598,1878,Not in California
Outside California,2020-12-18,2554,4432,2547,4425,7,7,0,0,2554,4432,0,0,2554,4432,Not in California
Outside California,2020-12-19,1036,5468,1035,5460,1,8,0,0,1036,5468,0,0,1036,5468,Not in California
Outside California,2020-12-20,680,6148,677,6137,3,11,0,0,680,6148,0,0,680,6148,Not in California
Outside California,2020-12-21,2182,8330,2179,8316,3,14,0,0,2182,8330,0,0,2182,8330,Not in California
Outside California,2020-12-22,2082,10412,2007,10323,75,89,0,0,2082,10412,0,0,2082,10412,Not in California
Outside California,2020-12-23,1532,11944,1390,11713,142,231,0,0,1531,11942,1,1,1531,11943,Not in California
Outside California,2020-12-24,803,12747,611,12324,192,423,0,0,803,12745,0,1,803,12746,Not in California
Outside California,2020-12-25,35,12782,30,12354,5,428,0,0,35,12780,0,1,35,12781,Not in California
Outside California,2020-12-26,306,13088,204,12558,102,530,0,0,306,13086,0,1,306,13087,Not in California
Outside California,2020-12-27,188,13276,72,12630,116,646,0,0,188,13274,0,1,188,13275,Not in California
Outside California,2020-12-28,1409,14685,895,13525,514,1160,0,0,1409,14683,0,1,1409,14684,Not in California
Outside California,2020-12-29,1521,16206,1009,14534,512,1672,0,0,1521,16204,0,1,1521,16205,Not in California
Outside California,2020-12-30,1877,18083,1227,15761,650,2322,0,0,1877,18081,0,1,1877,18082,Not in California
Outside California,2020-12-31,1090,19173,601,16362,489,2811,0,0,1089,19169,1,2,1089,19171,Not in California
Outside California,2021-01-01,112,19285,25,16387,87,2898,0,0,112,19281,0,2,112,19283,Not in California
Outside California,2021-01-02,240,19525,133,16520,107,3005,0,0,239,19519,1,3,239,19522,Not in California
Outside California,2021-01-03,172,19697,91,16611,81,3086,0,0,172,19691,0,3,172,19694,Not in California
Outside California,2021-01-04,1148,20845,508,17119,640,3726,0,0,1143,20833,1,4,1143,20837,Not in California
Outside California,2021-01-05,1542,22387,816,17935,726,4452,0,0,1351,21996,189,193,1352,22189,Not in California
Outside California,2021-01-06,2698,25085,1594,19529,1104,5556,0,0,1957,23215,738,931,1957,24146,Not in California
Outside California,2021-01-07,4133,29218,2530,22059,1603,7159,0,0,2478,24042,1653,2584,2480,26626,Not in California
Outside California,2021-01-08,4490,33708,2914,24973,1576,8735,0,0,2616,24797,1864,4448,2619,29245,Not in California
Outside California,2021-01-09,1307,35015,530,25503,777,9512,0,0,979,25451,327,4775,981,30226,Not in California
Outside California,2021-01-10,299,35314,182,25685,117,9629,0,0,178,25508,121,4896,178,30404,Not in California
Outside California,2021-01-11,3287,38601,2003,27688,1284,10913,0,0,1954,26130,1333,6229,1955,32359,Not in California
Outside California,2021-01-12,3866,42467,2316,30004,1550,12463,0,0,2309,26889,1553,7782,2312,34671,Not in California
Outside California,2021-01-13,3669,46136,1801,31805,1868,14331,0,0,2487,28197,1182,8964,2490,37161,Not in California
Outside California,2021-01-14,3708,49844,1277,33082,2431,16762,0,0,3066,30636,629,9593,3068,40229,Not in California
Outside California,2021-01-15,4202,54046,998,34080,3204,19966,0,0,3732,33911,457,10050,3732,43961,Not in California
Outside California,2021-01-16,2690,56736,387,34467,2303,22269,0,0,2514,36251,174,10224,2514,46475,Not in California
Outside California,2021-01-17,500,57236,153,34620,347,22616,0,0,450,36651,50,10274,450,46925,Not in California
Outside California,2021-01-18,1201,58437,770,35390,431,23047,0,0,747,36945,453,10727,747,47672,Not in California
Outside California,2021-01-19,4062,62499,1321,36711,2741,25788,0,0,3175,39237,887,11614,3179,50851,Not in California
Outside California,2021-01-20,4404,66903,1410,38121,2994,28782,0,0,3466,41770,934,12548,3467,54318,Not in California
Outside California,2021-01-21,4101,71004,1131,39252,2970,31752,0,0,3538,44761,548,13096,3539,57857,Not in California
Outside California,2021-01-22,4555,75559,1098,40350,3457,35209,0,0,4150,48512,401,13497,4152,62009,Not in California
Outside California,2021-01-23,2223,77782,337,40687,1886,37095,0,0,2062,50413,161,13658,2062,64071,Not in California
Outside California,2021-01-24,592,78374,238,40925,354,37449,0,0,514,50849,78,13736,514,64585,Not in California
Outside California,2021-01-25,4399,82773,1896,42821,2503,39952,0,0,3533,53520,863,14599,3534,68119,Not in California
Outside California,2021-01-26,5762,88535,2766,45587,2996,42948,0,0,4914,57594,847,15446,4921,73040,Not in California
Outside California,2021-01-27,4801,93336,2494,48081,2307,45255,0,0,4176,61151,621,16067,4178,77218,Not in California
Outside California,2021-01-28,5040,98376,2684,50765,2356,47611,0,0,4511,65143,519,16586,4511,81729,Not in California
Outside California,2021-01-29,4726,103102,2916,53681,1810,49421,0,0,3937,68299,782,17368,3938,85667,Not in California
Outside California,2021-01-30,4293,107395,2280,55961,2013,51434,0,0,4062,72133,229,17597,4063,89730,Not in California
Outside California,2021-01-31,2888,110283,2482,58443,406,51840,0,0,2834,74915,53,17650,2835,92565,Not in California
Outside California,2021-02-01,5348,115631,2470,60913,2878,54718,0,0,4643,78861,697,18347,4643,97208,Not in California
Outside California,2021-02-02,6613,122244,2067,62980,4546,59264,0,0,5897,84049,709,19056,5897,103105,Not in California
Outside California,2021-02-03,7218,129462,1990,64970,5228,64492,0,0,6348,89535,863,19919,6349,109454,Not in California
Outside California,2021-02-04,6669,136131,2057,67027,4612,69104,0,0,5673,94223,987,20906,5675,115129,Not in California
Outside California,2021-02-05,6665,142796,2097,69124,4568,73672,0,0,5590,98743,1070,21976,5590,120719,Not in California
Outside California,2021-02-06,4237,147033,1972,71096,2265,75937,0,0,3772,102062,456,22432,3775,124494,Not in California
Outside California,2021-02-07,2028,149061,1641,72737,387,76324,0,0,1950,103936,78,22510,1952,126446,Not in California
Outside California,2021-02-08,4936,153997,2974,75711,1962,78286,0,0,3875,106761,1050,23560,3875,130321,Not in California
Outside California,2021-02-09,4116,158113,1763,77474,2353,80639,0,0,2816,108301,1290,24850,2830,133151,Not in California
Outside California,2021-02-10,5465,163578,1811,79285,3654,84293,0,0,3032,108949,2425,27275,3073,136224,Not in California
Outside California,2021-02-11,4706,168284,2131,81416,2575,86868,0,0,3399,111069,1297,28572,3417,139641,Not in California
Outside California,2021-02-12,5197,173481,1903,83319,3294,90162,0,0,3370,112629,1814,30386,3374,143015,Not in California
Outside California,2021-02-13,2365,175846,685,84004,1680,91842,0,0,1811,113899,553,30939,1823,144838,Not in California
Outside California,2021-02-14,1309,177155,387,84391,922,92764,0,0,1069,114734,236,31175,1071,145909,Not in California
Outside California,2021-02-15,2467,179622,1465,85856,1002,93766,0,0,1203,114689,1251,32426,1206,147115,Not in California
Outside California,2021-02-16,6276,185898,2749,88605,3527,97293,0,0,2542,113512,3723,36149,2546,149661,Not in California
Outside California,2021-02-17,5741,191639,2790,91395,2951,100244,0,0,1816,111413,3920,40069,1821,151482,Not in California
Outside California,2021-02-18,6216,197855,3524,94919,2692,102936,0,0,2043,109301,4155,44224,2043,153525,Not in California
Outside California,2021-02-19,5511,203366,3770,98689,1741,104677,0,0,2390,108577,3116,47340,2392,155917,Not in California
Outside California,2021-02-20,3172,206538,2522,101211,650,105327,0,0,1238,107886,1930,49270,1239,157156,Not in California
Outside California,2021-02-21,2569,209107,2352,103563,217,105544,0,0,842,107006,1722,50992,842,157998,Not in California
Outside California,2021-02-22,3374,212481,2438,106001,936,106480,0,0,1627,106893,1744,52736,1631,159629,Not in California
Outside California,2021-02-23,5877,218358,3271,109272,2606,109086,0,0,2331,105699,3539,56275,2345,161974,Not in California
Outside California,2021-02-24,6276,224634,3444,112716,2832,111918,0,0,2448,104330,3822,60097,2453,164427,Not in California
Outside California,2021-02-25,6765,231399,3409,116125,3356,115274,0,0,3062,103722,3674,63771,3066,167493,Not in California
Outside California,2021-02-26,6699,238098,3501,119626,3198,118472,0,0,3084,103272,3535,67306,3085,170578,Not in California
Outside California,2021-02-27,5332,243430,2620,122246,2711,121183,1,1,1878,101711,3443,70749,1882,172460,Not in California
Outside California,2021-02-28,2272,245702,1619,123865,652,121835,1,2,795,101033,1475,72224,797,173257,Not in California
Outside California,2021-03-01,4639,250341,2852,126717,1786,123621,1,3,1344,99096,3287,75511,1350,174607,Not in California
Outside California,2021-03-02,6582,256923,2367,129084,4215,127836,0,3,2055,96638,4515,80026,2057,176664,Not in California
Outside California,2021-03-03,7794,264717,3001,132085,4791,132627,2,5,2665,94194,5115,85141,2671,179335,Not in California
Outside California,2021-03-04,6696,271413,2796,134881,3894,136521,6,11,2307,92136,4373,89514,2315,181650,Not in California
Outside California,2021-03-05,5221,276634,2616,137497,2591,139112,14,25,2719,92386,2491,92005,2741,184391,Not in California
Outside California,2021-03-06,4564,281198,2101,139598,2308,141420,155,180,2326,92640,2236,94241,2490,186881,Not in California
Outside California,2021-03-07,1559,282757,999,140597,504,141924,56,236,955,93050,603,94844,1013,187894,Not in California
Outside California,2021-03-08,3082,285839,1833,142430,1013,142937,236,472,2192,94624,861,95705,2435,190329,Not in California
Outside California,2021-03-09,4665,290504,2403,144833,1960,144897,302,774,2773,95811,1888,97593,3075,193404,Not in California
Outside California,2021-03-10,4361,294865,2093,146926,1766,146663,502,1276,2706,97380,1646,99239,3215,196619,Not in California
Outside California,2021-03-11,6107,300972,3129,150055,2313,148976,665,1941,3299,98543,2802,102041,3965,200584,Not in California
Outside California,2021-03-12,6417,307389,3870,153925,1828,150804,719,2660,3565,99984,2844,104885,4285,204869,Not in California
Outside California,2021-03-13,3737,311126,2178,156103,1104,151908,455,3115,2561,101834,1168,106053,3018,207887,Not in California
Outside California,2021-03-14,1792,312918,930,157033,524,152432,338,3453,982,102345,810,106863,1321,209208,Not in California
Outside California,2021-03-15,4016,316934,2110,159143,1446,153878,460,3913,2148,103094,1863,108726,2612,211820,Not in California
Outside California,2021-03-16,7502,324436,4370,163513,2748,156626,384,4297,4175,104326,3324,112050,4556,216376,Not in California
Outside California,2021-03-17,8395,332831,5445,168958,2579,159205,371,4668,5052,106411,3339,115389,5424,221800,Not in California
Outside California,2021-03-18,8295,341126,5126,174084,2631,161836,538,5206,4803,108268,3484,118873,5341,227141,Not in California
Outside California,2021-03-19,7313,348439,4336,178420,2432,164268,545,5751,4384,110277,2924,121797,4933,232074,Not in California
Outside California,2021-03-20,4740,353179,3132,181552,1521,165789,87,5838,3633,112898,1100,122897,3721,235795,Not in California
Outside California,2021-03-21,2070,355249,1425,182977,558,166347,87,5925,1656,114229,412,123309,1743,237538,Not in California
Outside California,2021-03-22,3245,358494,1957,184934,1200,167547,88,6013,2228,115534,1011,124320,2316,239854,Not in California
Outside California,2021-03-23,6059,364553,3087,188021,2669,170216,303,6316,4113,118018,1932,126252,4416,244270,Not in California
Outside California,2021-03-24,7325,371878,3760,191781,3117,173333,448,6764,5061,121268,2257,128509,5507,249777,Not in California
Outside California,2021-03-25,8269,380147,3846,195627,3899,177232,524,7288,6022,125579,2235,130744,6546,256323,Not in California
Outside California,2021-03-26,6649,386796,3520,199147,2956,180188,173,7461,4392,127911,2232,132976,4564,260887,Not in California
Outside California,2021-03-27,5530,392326,3112,202259,2205,182393,213,7674,3476,129554,2045,135021,3688,264575,Not in California
Outside California,2021-03-28,3076,395402,1648,203907,1267,183660,161,7835,1989,130622,1082,136103,2150,266725,Not in California
Outside California,2021-03-29,5153,400555,2289,206196,2520,186180,344,8179,2941,131698,2209,138312,3285,270010,Not in California
Outside California,2021-03-30,6862,407417,3614,209810,2684,188864,564,8743,4053,133523,2799,141111,4624,274634,Not in California
Outside California,2021-03-31,6329,413746,3782,213592,1769,190633,778,9521,3359,134692,2965,144076,4134,278768,Not in California
Outside California,2021-04-01,7489,421235,4476,218068,2368,193001,645,10166,4321,136489,3160,147236,4957,283725,Not in California
Outside California,2021-04-02,8471,429706,4524,222592,2804,195805,1143,11309,4389,137946,4073,151309,5530,289255,Not in California
Outside California,2021-04-03,6144,435850,3651,226243,1336,197141,1157,12466,3223,139412,2913,154222,4379,293634,Not in California
Outside California,2021-04-04,1775,437625,873,227116,668,197809,234,12700,972,139814,802,155024,1204,294838,Not in California
Outside California,2021-04-05,4103,441728,1983,229099,1455,199264,665,13365,1952,140284,2146,157170,2616,297454,Not in California
Outside California,2021-04-06,7152,448880,3852,232951,1661,200925,1639,15004,2869,140521,4267,161437,4504,301958,Not in California
Outside California,2021-04-07,8198,457078,4613,237564,1888,202813,1697,16701,3181,140380,5010,166447,4869,306827,Not in California
Outside California,2021-04-08,8130,465208,4221,241785,1969,204782,1940,18641,3177,140542,4943,171390,5105,311932,Not in California
Outside California,2021-04-09,7449,472657,3829,245614,1699,206481,1921,20562,2864,140752,4576,175966,4786,316718,Not in California
Outside California,2021-04-10,6135,478792,3034,248648,1241,207722,1860,22422,1723,139923,4403,180369,3574,320292,Not in California
Outside California,2021-04-11,2829,481621,1542,250190,650,208372,637,23059,951,139636,1875,182244,1588,321880,Not in California
Outside California,2021-04-12,4075,485696,2270,252460,1258,209630,547,23606,1792,139701,2275,184519,2340,324220,Not in California
Outside California,2021-04-13,5755,491451,3684,256144,2046,211676,25,23631,2955,139887,2794,187313,2980,327200,Not in California
Outside California,2021-04-14,5302,496753,3361,259505,1937,213613,4,23635,2879,140354,2418,189731,2885,330085,Not in California
Outside California,2021-04-15,6116,502869,3860,263365,2250,215863,6,23641,3275,140848,2789,192520,3283,333368,Not in California
Outside California,2021-04-16,5832,508701,3340,266705,2486,218349,6,23647,3238,141510,2584,195104,3246,336614,Not in California
Outside California,2021-04-17,5384,514085,3351,270056,2032,220381,1,23648,3074,142282,2302,197406,3074,339688,Not in California
Outside California,2021-04-18,2099,516184,1170,271226,928,221309,1,23649,996,142183,1097,198503,998,340686,Not in California
Outside California,2021-04-19,4111,520295,1984,273210,2126,223435,1,23650,2108,142302,1993,200496,2112,342798,Not in California
Outside California,2021-04-20,5349,525644,2430,275640,2919,226354,0,23650,2184,141329,3157,203653,2184,344982,Not in California
Outside California,2021-04-21,6337,531981,2640,278280,3693,230047,4,23654,2240,139496,4077,207730,2244,347226,Not in California
Outside California,2021-04-22,6720,538701,3423,281703,3293,233340,4,23658,2429,137652,4279,212009,2435,349661,Not in California
Outside California,2021-04-23,5831,544532,2962,284665,2868,236208,1,23659,2363,136565,3453,215462,2366,352027,Not in California
Outside California,2021-04-24,4515,549047,2931,287596,1579,237787,5,23664,1780,135623,2730,218192,1788,353815,Not in California
Outside California,2021-04-25,2199,551246,1242,288838,955,238742,2,23666,1161,135755,1034,219226,1166,354981,Not in California
Outside California,2021-04-26,3658,554904,1596,290434,2037,240779,25,23691,1634,135397,2017,221243,1659,356640,Not in California
Outside California,2021-04-27,5360,560264,1969,292403,3066,243845,325,24016,1856,134091,3495,224738,2189,358829,Not in California
Outside California,2021-04-28,4821,565085,2042,294445,2386,246231,393,24409,1877,133430,2932,227670,2271,361100,Not in California
Outside California,2021-04-29,4816,569901,2201,296646,2183,248414,432,24841,1806,132679,2989,230659,2238,363338,Not in California
Outside California,2021-04-30,4870,574771,2344,298990,2107,250521,419,25260,1825,131894,3032,233691,2247,365585,Not in California
Outside California,2021-05-01,3152,577923,1817,300807,908,251429,427,25687,1251,131681,1891,235582,1678,367263,Not in California
Outside California,2021-05-02,1853,579776,1077,301884,653,252082,123,25810,832,131617,1019,236601,955,368218,Not in California
Outside California,2021-05-03,2850,582626,1556,303440,1016,253098,278,26088,1107,131263,1739,238340,1385,369603,Not in California
Outside California,2021-05-04,3901,586527,2089,305529,1371,254469,441,26529,1305,130417,2590,240930,1744,371347,Not in California
Outside California,2021-05-05,4228,590755,2292,307821,1569,256038,367,26896,1482,129532,2737,243667,1852,373199,Not in California
Outside California,2021-05-06,4296,595051,2576,310397,1385,257423,335,27231,1504,128585,2786,246453,1839,375038,Not in California
Outside California,2021-05-07,4606,599657,2591,312988,1630,259053,385,27616,1653,127683,2940,249393,2038,377076,Not in California
Outside California,2021-05-08,3330,602987,2208,315196,877,259930,245,27861,1201,127010,2120,251513,1447,378523,Not in California
Outside California,2021-05-09,1361,604348,903,316099,335,260265,123,27984,589,126953,768,252281,711,379234,Not in California
Outside California,2021-05-10,2603,606951,1176,317275,1102,261367,325,28309,997,126677,1600,253881,1324,380558,Not in California
Outside California,2021-05-11,2813,609764,1310,318585,1221,262588,282,28591,1071,126292,1741,255622,1356,381914,Not in California
Outside California,2021-05-12,2859,612623,1306,319891,1255,263843,298,28889,1092,125919,1762,257384,1389,383303,Not in California
Outside California,2021-05-13,2746,615369,1559,321450,987,264830,200,29089,1212,125802,1529,258913,1412,384715,Not in California
Outside California,2021-05-14,3523,618892,1978,323428,1308,266138,237,29326,1616,125757,1900,260813,1855,386570,Not in California
Outside California,2021-05-15,2627,621519,1542,324970,942,267080,143,29469,1152,125584,1471,262284,1298,387868,Not in California
Outside California,2021-05-16,1620,623139,1032,326002,519,267599,69,29538,743,125523,874,263158,813,388681,Not in California
Outside California,2021-05-17,3054,626193,1625,327627,1197,268796,232,29770,1412,125530,1638,264796,1645,390326,Not in California
Outside California,2021-05-18,3208,629401,1622,329249,1273,270069,313,30083,1506,125661,1690,266486,1821,392147,Not in California
Outside California,2021-05-19,3315,632716,1675,330924,1373,271442,267,30350,1497,125613,1812,268298,1764,393911,Not in California
Outside California,2021-05-20,2120,634836,1198,332122,725,272167,197,30547,1007,125713,1106,269404,1206,395117,Not in California
Outside California,2021-05-21,2238,637074,1303,333425,715,272882,220,30767,1015,125733,1216,270620,1236,396353,Not in California
Outside California,2021-05-22,2030,639104,1466,334891,388,273270,176,30943,1236,126354,789,271409,1410,397763,Not in California
Outside California,2021-05-23,960,640064,724,335615,178,273448,58,31001,519,126491,441,271850,578,398341,Not in California
Outside California,2021-05-24,2421,642485,1185,336800,891,274339,345,31346,1154,126731,1259,273109,1499,399840,Not in California
Outside California,2021-05-25,2355,644840,1100,337900,928,275267,327,31673,1072,126855,1273,274382,1397,401237,Not in California
Outside California,2021-05-26,2342,647182,1078,338978,912,276179,352,32025,1000,126873,1335,275717,1353,402590,Not in California
Outside California,2021-05-27,2169,649351,1091,340069,792,276971,286,32311,1023,127038,1143,276860,1308,403898,Not in California
Outside California,2021-05-28,2387,651738,1197,341266,841,277812,349,32660,1103,127214,1277,278137,1453,405351,Not in California
Outside California,2021-05-29,1674,653412,848,342114,471,278283,355,33015,735,127369,935,279072,1090,406441,Not in California
Outside California,2021-05-30,909,654321,557,342671,228,278511,124,33139,463,127514,443,279515,588,407029,Not in California
Outside California,2021-05-31,413,654734,180,342851,195,278706,38,33177,176,127504,225,279740,215,407244,Not in California
Outside California,2021-06-01,2086,656820,1094,343945,701,279407,291,33468,1060,127833,1023,280763,1352,408596,Not in California
Outside California,2021-06-02,2036,658856,1067,345012,638,280045,331,33799,1050,128233,981,281744,1381,409977,Not in California
Outside California,2021-06-03,2005,660861,1133,346145,577,280622,295,34094,1000,128529,999,282743,1295,411272,Not in California
Outside California,2021-06-04,1301,662162,681,346826,392,281014,228,34322,478,128417,818,283561,706,411978,Not in California
Unknown,2020-12-17,2,2,2,2,0,0,0,0,0,0,0,0,0,0,Not in California
Unknown,2020-12-18,1,3,1,3,0,0,0,0,0,0,0,0,0,0,Not in California
Unknown,2020-12-21,4,7,4,7,0,0,0,0,0,0,0,0,0,0,Not in California
Unknown,2020-12-28,2,9,2,9,0,0,0,0,2,2,0,0,2,2,Not in California
Unknown,2020-12-29,1,10,1,10,0,0,0,0,1,3,0,0,1,3,Not in California
Unknown,2020-12-30,54,64,54,64,0,0,0,0,54,57,0,0,54,57,Not in California
Unknown,2020-12-31,1,65,0,64,1,1,0,0,0,57,0,0,0,57,Not in California
Unknown,2021-01-02,1,66,0,64,1,2,0,0,1,58,0,0,1,58,Not in California
Unknown,2021-01-04,2,68,2,66,0,2,0,0,1,59,0,0,1,59,Not in California
Unknown,2021-01-06,6,74,4,70,2,4,0,0,6,65,0,0,6,65,Not in California
Unknown,2021-01-07,69,143,68,138,1,5,0,0,69,134,0,0,69,134,Not in California
Unknown,2021-01-09,1,144,1,139,0,5,0,0,2,136,0,0,2,136,Not in California
Unknown,2021-01-11,19,163,19,158,0,5,0,0,18,154,0,0,18,154,Not in California
Unknown,2021-01-12,8,171,7,165,1,6,0,0,6,160,1,1,7,161,Not in California
Unknown,2021-01-13,7,178,7,172,0,6,0,0,8,168,0,1,8,169,Not in California
Unknown,2021-01-14,3,181,3,175,0,6,0,0,3,171,0,1,3,172,Not in California
Unknown,2021-01-15,5,186,4,179,1,7,0,0,5,176,0,1,5,177,Not in California
Unknown,2021-01-16,6,192,6,185,0,7,0,0,6,182,0,1,6,183,Not in California
Unknown,2021-01-17,1,193,1,186,0,7,0,0,1,183,0,1,1,184,Not in California
Unknown,2021-01-18,34,227,34,220,0,7,0,0,33,215,1,2,33,217,Not in California
Unknown,2021-01-19,13,240,13,233,0,7,0,0,12,227,0,2,12,229,Not in California
Unknown,2021-01-20,67,307,67,300,0,7,0,0,16,191,52,54,16,245,Not in California
Unknown,2021-01-21,38,345,36,336,2,9,0,0,39,229,1,55,39,284,Not in California
Unknown,2021-01-22,23,368,18,354,5,14,0,0,23,252,0,55,23,307,Not in California
Unknown,2021-01-23,11,379,5,359,6,20,0,0,11,263,0,55,11,318,Not in California
Unknown,2021-01-24,2,381,2,361,0,20,0,0,3,266,0,55,3,321,Not in California
Unknown,2021-01-25,13,394,11,372,2,22,0,0,11,275,2,57,11,332,Not in California
Unknown,2021-01-26,59,453,59,431,0,22,0,0,62,337,0,57,62,394,Not in California
Unknown,2021-01-27,13,466,13,444,0,22,0,0,12,348,1,58,12,406,Not in California
Unknown,2021-01-28,117,583,115,559,2,24,0,0,61,350,59,117,61,467,Not in California
Unknown,2021-01-29,127,710,127,686,0,24,0,0,131,480,1,118,131,598,Not in California
Unknown,2021-01-30,9,719,7,693,2,26,0,0,12,491,1,119,12,610,Not in California
Unknown,2021-01-31,10,729,10,703,0,26,0,0,11,502,0,119,11,621,Not in California
Unknown,2021-02-01,35,764,33,736,2,28,0,0,19,503,18,137,19,640,Not in California
Unknown,2021-02-02,42,806,41,777,1,29,0,0,37,536,4,141,37,677,Not in California
Unknown,2021-02-03,21,827,20,797,1,30,0,0,13,541,8,149,13,690,Not in California
Unknown,2021-02-04,43,870,39,836,4,34,0,0,39,576,4,153,39,729,Not in California
Unknown,2021-02-05,16,886,12,848,4,38,0,0,12,584,4,157,12,741,Not in California
Unknown,2021-02-06,10,896,10,858,0,38,0,0,6,584,6,163,6,747,Not in California
Unknown,2021-02-07,5,901,5,863,0,38,0,0,5,589,0,163,5,752,Not in California
Unknown,2021-02-08,31,932,29,892,2,40,0,0,8,574,23,186,8,760,Not in California
Unknown,2021-02-09,13,945,13,905,0,40,0,0,4,569,9,195,4,764,Not in California
Unknown,2021-02-10,20,965,16,921,4,44,0,0,7,563,13,208,7,771,Not in California
Unknown,2021-02-11,48,1013,47,968,1,45,0,0,21,556,28,236,21,792,Not in California
Unknown,2021-02-12,21,1034,17,985,4,49,0,0,6,547,15,251,6,798,Not in California
Unknown,2021-02-13,9,1043,2,987,7,56,0,0,7,552,2,253,7,805,Not in California
Unknown,2021-02-14,3,1046,1,988,2,58,0,0,2,553,1,254,2,807,Not in California
Unknown,2021-02-15,35,1081,30,1018,5,63,0,0,26,572,7,261,26,833,Not in California
Unknown,2021-02-16,65,1146,56,1074,9,72,0,0,25,557,40,301,25,858,Not in California
Unknown,2021-02-17,7,1153,5,1079,2,74,0,0,2,555,4,305,2,860,Not in California
Unknown,2021-02-18,61,1214,56,1135,5,79,0,0,12,518,49,354,12,872,Not in California
Unknown,2021-02-19,160,1374,155,1290,5,84,0,0,41,441,118,472,41,913,Not in California
Unknown,2021-02-20,4,1378,4,1294,0,84,0,0,0,437,4,476,0,913,Not in California
Unknown,2021-02-21,9,1387,9,1303,0,84,0,0,0,428,9,485,0,913,Not in California
Unknown,2021-02-22,2,1389,2,1305,0,84,0,0,1,428,1,486,1,914,Not in California
Unknown,2021-02-23,44,1433,32,1337,12,96,0,0,12,409,31,517,12,926,Not in California
Unknown,2021-02-24,20,1453,13,1350,7,103,0,0,10,409,10,527,10,936,Not in California
Unknown,2021-02-25,53,1506,40,1390,13,116,0,0,20,395,34,561,20,956,Not in California
Unknown,2021-02-26,33,1539,20,1410,13,129,0,0,18,400,13,574,18,974,Not in California
Unknown,2021-02-27,15,1554,10,1420,5,134,0,0,9,405,4,578,9,983,Not in California
Unknown,2021-02-28,15,1569,12,1432,3,137,0,0,8,408,5,583,8,991,Not in California
Unknown,2021-03-01,26,1595,12,1444,14,151,0,0,13,409,12,595,13,1004,Not in California
Unknown,2021-03-02,17,1612,5,1449,12,163,0,0,11,415,5,600,11,1015,Not in California
Unknown,2021-03-03,7,1619,3,1452,4,167,0,0,5,419,1,601,5,1020,Not in California
Unknown,2021-03-04,24,1643,21,1473,3,170,0,0,9,414,14,615,9,1029,Not in California
Unknown,2021-03-05,18,1661,9,1482,9,179,0,0,16,426,4,619,16,1045,Not in California
Unknown,2021-03-06,15,1676,9,1491,4,183,2,2,13,438,3,622,15,1060,Not in California
Unknown,2021-03-08,29,1705,22,1513,6,189,1,3,7,424,22,644,8,1068,Not in California
Unknown,2021-03-09,26,1731,21,1534,2,191,3,6,6,412,21,665,9,1077,Not in California
Unknown,2021-03-10,8,1739,5,1539,1,192,2,8,5,415,4,669,7,1084,Not in California
Unknown,2021-03-11,24,1763,8,1547,2,194,14,22,6,417,18,687,20,1104,Not in California
Unknown,2021-03-12,52,1815,39,1586,8,202,5,27,9,390,41,728,14,1118,Not in California
Unknown,2021-03-13,14,1829,3,1589,7,209,4,31,5,389,10,738,9,1127,Not in California
Unknown,2021-03-14,7,1836,2,1591,3,212,2,33,3,390,4,742,5,1132,Not in California
Unknown,2021-03-15,23,1859,6,1597,15,227,2,35,15,398,9,751,17,1149,Not in California
Unknown,2021-03-16,37,1896,13,1610,20,247,4,39,19,404,17,768,23,1172,Not in California
Unknown,2021-03-17,33,1929,12,1622,20,267,1,40,29,431,3,771,30,1202,Not in California
Unknown,2021-03-18,26,1955,14,1636,12,279,0,40,14,435,10,781,14,1216,Not in California
Unknown,2021-03-19,22,1977,13,1649,9,288,0,40,16,444,7,788,16,1232,Not in California
Unknown,2021-03-20,19,1996,11,1660,8,296,0,40,9,446,7,795,9,1241,Not in California
Unknown,2021-03-21,14,2010,9,1669,5,301,0,40,12,456,2,797,12,1253,Not in California
Unknown,2021-03-22,25,2035,9,1678,15,316,1,41,11,459,9,806,12,1265,Not in California
Unknown,2021-03-23,21,2056,7,1685,9,325,5,46,10,464,10,816,15,1280,Not in California
Unknown,2021-03-24,20,2076,7,1692,13,338,0,46,15,474,5,821,15,1295,Not in California
Unknown,2021-03-25,24,2100,12,1704,12,350,0,46,17,485,6,827,17,1312,Not in California
Unknown,2021-03-26,26,2126,12,1716,9,359,5,51,13,492,11,838,18,1330,Not in California
Unknown,2021-03-27,28,2154,14,1730,11,370,3,54,16,495,16,854,19,1349,Not in California
Unknown,2021-03-28,13,2167,5,1735,8,378,0,54,10,502,3,857,10,1359,Not in California
Unknown,2021-03-29,27,2194,10,1745,16,394,1,55,18,513,8,865,19,1378,Not in California
Unknown,2021-03-30,25,2219,13,1758,12,406,0,55,17,522,8,873,17,1395,Not in California
Unknown,2021-03-31,26,2245,14,1772,12,418,0,55,18,532,8,881,18,1413,Not in California
Unknown,2021-04-01,17,2262,12,1784,5,423,0,55,13,542,3,884,13,1426,Not in California
Unknown,2021-04-02,35,2297,14,1798,12,435,9,64,15,546,20,904,24,1450,Not in California
Unknown,2021-04-03,18,2315,8,1806,10,445,0,64,9,546,9,913,9,1459,Not in California
Unknown,2021-04-04,13,2328,4,1810,9,454,0,64,9,552,3,916,9,1468,Not in California
Unknown,2021-04-05,23,2351,11,1821,11,465,1,65,11,553,11,927,12,1480,Not in California
Unknown,2021-04-06,18,2369,11,1832,6,471,1,66,11,557,8,935,12,1492,Not in California
Unknown,2021-04-07,30,2399,20,1852,10,481,0,66,24,576,5,940,24,1516,Not in California
Unknown,2021-04-08,28,2427,16,1868,7,488,5,71,14,581,15,955,20,1536,Not in California
Unknown,2021-04-09,26,2453,18,1886,8,496,0,71,20,595,6,961,20,1556,Not in California
Unknown,2021-04-10,8,2461,7,1893,1,497,0,71,4,594,5,966,4,1560,Not in California
Unknown,2021-04-11,8,2469,5,1898,3,500,0,71,3,593,4,970,3,1563,Not in California
Unknown,2021-04-12,30,2499,16,1914,13,513,1,72,14,591,17,987,15,1578,Not in California
Unknown,2021-04-13,32,2531,16,1930,16,529,0,72,13,585,19,1006,13,1591,Not in California
Unknown,2021-04-14,21,2552,4,1934,17,546,0,72,4,572,17,1023,4,1595,Not in California
Unknown,2021-04-15,26,2578,12,1946,13,559,1,73,8,564,17,1040,9,1604,Not in California
Unknown,2021-04-16,17,2595,9,1955,8,567,0,73,6,560,10,1050,6,1610,Not in California
Unknown,2021-04-17,18,2613,12,1967,6,573,0,73,3,551,13,1063,4,1614,Not in California
Unknown,2021-04-18,15,2628,6,1973,9,582,0,73,6,547,10,1073,6,1620,Not in California
Unknown,2021-04-19,25,2653,14,1987,11,593,0,73,12,547,12,1085,12,1632,Not in California
Unknown,2021-04-20,19,2672,10,1997,9,602,0,73,3,534,16,1101,3,1635,Not in California
Unknown,2021-04-21,30,2702,11,2008,19,621,0,73,12,526,20,1121,12,1647,Not in California
Unknown,2021-04-22,19,2721,11,2019,8,629,0,73,3,514,15,1136,3,1650,Not in California
Unknown,2021-04-23,30,2751,14,2033,16,645,0,73,16,518,12,1148,16,1666,Not in California
Unknown,2021-04-24,20,2771,11,2044,9,654,0,73,11,520,9,1157,11,1677,Not in California
Unknown,2021-04-25,20,2791,9,2053,11,665,0,73,10,519,11,1168,10,1687,Not in California
Unknown,2021-04-26,14,2805,8,2061,6,671,0,73,4,513,10,1178,4,1691,Not in California
Unknown,2021-04-27,26,2831,13,2074,12,683,1,74,9,506,17,1195,10,1701,Not in California
Unknown,2021-04-28,25,2856,18,2092,5,688,2,76,7,497,18,1213,9,1710,Not in California
Unknown,2021-04-29,28,2884,18,2110,10,698,0,76,11,491,17,1230,11,1721,Not in California
Unknown,2021-04-30,25,2909,12,2122,9,707,4,80,13,496,12,1242,17,1738,Not in California
Unknown,2021-05-01,27,2936,21,2143,6,713,0,80,15,500,11,1253,15,1753,Not in California
Unknown,2021-05-02,11,2947,5,2148,6,719,0,80,3,496,7,1260,3,1756,Not in California
Unknown,2021-05-03,22,2969,15,2163,4,723,3,83,6,488,16,1276,8,1764,Not in California
Unknown,2021-05-04,18,2987,8,2171,6,729,4,87,3,480,15,1291,7,1771,Not in California
Unknown,2021-05-05,25,3012,7,2178,17,746,1,88,13,481,13,1304,14,1785,Not in California
Unknown,2021-05-06,21,3033,8,2186,6,752,7,95,8,482,14,1318,15,1800,Not in California
Unknown,2021-05-07,23,3056,12,2198,8,760,3,98,9,480,14,1332,12,1812,Not in California
Unknown,2021-05-08,11,3067,7,2205,2,762,2,100,5,482,5,1337,7,1819,Not in California
Unknown,2021-05-09,16,3083,4,2209,8,770,4,104,8,486,8,1345,12,1831,Not in California
Unknown,2021-05-10,15,3098,9,2218,4,774,2,106,3,479,12,1357,5,1836,Not in California
Unknown,2021-05-11,12,3110,6,2224,2,776,4,110,5,481,7,1364,9,1845,Not in California
Unknown,2021-05-12,10,3120,6,2230,3,779,1,111,4,480,6,1370,5,1850,Not in California
Unknown,2021-05-13,13,3133,8,2238,1,780,4,115,10,489,6,1376,15,1865,Not in California
Unknown,2021-05-14,18,3151,15,2253,2,782,1,116,10,492,7,1383,10,1875,Not in California
Unknown,2021-05-15,16,3167,14,2267,2,784,0,116,9,494,7,1390,9,1884,Not in California
Unknown,2021-05-16,20,3187,14,2281,5,789,1,117,13,501,7,1397,14,1898,Not in California
Unknown,2021-05-17,20,3207,15,2296,3,792,2,119,13,510,6,1403,15,1913,Not in California
Unknown,2021-05-18,30,3237,20,2316,8,800,2,121,20,522,10,1413,22,1935,Not in California
Unknown,2021-05-19,32,3269,23,2339,8,808,1,122,16,524,15,1428,17,1952,Not in California
Unknown,2021-05-20,6,3275,6,2345,0,808,0,122,3,524,3,1431,3,1955,Not in California
Unknown,2021-05-21,4,3279,3,2348,1,809,0,122,1,522,3,1434,1,1956,Not in California
Unknown,2021-05-22,12,3291,11,2359,1,810,0,122,8,526,4,1438,8,1964,Not in California
Unknown,2021-05-24,8,3299,5,2364,2,812,1,123,4,527,4,1442,5,1969,Not in California
Unknown,2021-05-25,17,3316,6,2370,5,817,6,129,8,532,9,1451,14,1983,Not in California
Unknown,2021-05-26,10,3326,7,2377,2,819,1,130,5,533,5,1456,6,1989,Not in California
Unknown,2021-05-27,22,3348,15,2392,5,824,2,132,9,532,12,1468,11,2000,Not in California
Unknown,2021-05-28,23,3371,13,2405,5,829,5,137,13,540,10,1478,18,2018,Not in California
Unknown,2021-05-29,11,3382,10,2415,1,830,0,137,7,543,4,1482,7,2025,Not in California
Unknown,2021-05-30,6,3388,4,2419,1,831,1,138,3,544,3,1485,4,2029,Not in California
Unknown,2021-05-31,1,3389,1,2420,0,831,0,138,0,543,1,1486,0,2029,Not in California
Unknown,2021-06-01,24,3413,16,2436,6,837,2,140,16,553,8,1494,18,2047,Not in California
Unknown,2021-06-02,7,3420,3,2439,4,841,0,140,3,552,4,1498,3,2050,Not in California
Unknown,2021-06-03,98,3518,92,2531,6,847,0,140,89,632,9,1507,89,2139,Not in California
Alameda,2020-12-15,37,37,37,37,0,0,0,0,37,37,0,0,37,37,California
Alameda,2020-12-16,206,243,206,243,0,0,0,0,206,243,0,0,206,243,California
Alameda,2020-12-17,395,638,395,638,0,0,0,0,395,638,0,0,395,638,California
Alameda,2020-12-18,1769,2407,1768,2406,1,1,0,0,1769,2407,0,0,1769,2407,California
Alameda,2020-12-19,1416,3823,1416,3822,0,1,0,0,1416,3823,0,0,1416,3823,California
Alameda,2020-12-20,1174,4997,1173,4995,1,2,0,0,1173,4995,1,1,1173,4996,California
Alameda,2020-12-21,1832,6829,1830,6825,2,4,0,0,1832,6827,0,1,1832,6828,California
Alameda,2020-12-22,2088,8917,2035,8860,53,57,0,0,2088,8915,0,1,2088,8916,California
Alameda,2020-12-23,1917,10834,1659,10519,258,315,0,0,1918,10833,0,1,1918,10834,California
Alameda,2020-12-24,1209,12043,752,11271,457,772,0,0,1209,12042,0,1,1209,12043,California
Alameda,2020-12-25,162,12205,125,11396,37,809,0,0,162,12204,0,1,162,12205,California
Alameda,2020-12-26,854,13059,319,11715,535,1344,0,0,854,13058,0,1,854,13059,California
Alameda,2020-12-27,493,13552,252,11967,241,1585,0,0,493,13551,0,1,493,13552,California
Alameda,2020-12-28,1868,15420,957,12924,911,2496,0,0,1868,15419,0,1,1868,15420,California
Alameda,2020-12-29,2464,17884,1071,13995,1393,3889,0,0,2463,17882,0,1,2463,17883,California
Alameda,2020-12-30,3069,20953,1319,15314,1750,5639,0,0,3069,20951,0,1,3069,20952,California
Alameda,2020-12-31,1778,22731,445,15759,1333,6972,0,0,1776,22726,1,2,1776,22728,California
Alameda,2021-01-01,172,22903,72,15831,100,7072,0,0,171,22896,1,3,171,22899,California
Alameda,2021-01-02,710,23613,526,16357,184,7256,0,0,709,23605,0,3,709,23608,California
Alameda,2021-01-03,335,23948,219,16576,116,7372,0,0,332,23934,3,6,332,23940,California
Alameda,2021-01-04,1634,25582,933,17509,701,8073,0,0,1622,25545,11,17,1622,25562,California
Alameda,2021-01-05,2199,27781,1273,18782,926,8999,0,0,1967,27283,229,246,1967,27529,California
Alameda,2021-01-06,3249,31030,1792,20574,1457,10456,0,0,2408,28855,838,1084,2410,29939,California
Alameda,2021-01-07,3802,34832,2139,22713,1663,12119,0,0,2677,30425,1116,2200,2686,32625,California
Alameda,2021-01-08,4742,39574,2706,25419,2036,14155,0,0,3107,31918,1629,3829,3122,35747,California
Alameda,2021-01-09,2015,41589,1370,26789,645,14800,0,0,1167,32241,848,4677,1171,36918,California
Alameda,2021-01-10,1056,42645,839,27628,217,15017,0,0,423,32034,634,5311,427,37345,California
Alameda,2021-01-11,4641,47286,3513,31141,1128,16145,0,0,2848,33109,1792,7103,2867,40212,California
Alameda,2021-01-12,4827,52113,3247,34388,1580,17725,0,0,3448,35186,1378,8481,3455,43667,California
Alameda,2021-01-13,5008,57121,2641,37029,2367,20092,0,0,3826,37844,1179,9660,3837,47504,California
Alameda,2021-01-14,5637,62758,2772,39801,2865,22957,0,0,4753,41729,875,10535,4760,52264,California
Alameda,2021-01-15,5820,68578,2302,42103,3518,26475,0,0,5057,46035,756,11291,5062,57326,California
Alameda,2021-01-16,3004,71582,1403,43506,1601,28076,0,0,2735,48505,269,11560,2739,60065,California
Alameda,2021-01-17,1874,73456,1086,44592,788,28864,0,0,1669,49973,204,11764,1672,61737,California
Alameda,2021-01-18,3175,76631,2033,46625,1142,30006,0,0,2584,51973,586,12350,2586,64323,California
Alameda,2021-01-19,5513,82144,3317,49942,2196,32202,0,0,4322,55108,1189,13539,4324,68647,California
Alameda,2021-01-20,6769,88913,4101,54043,2668,34870,0,0,5476,59308,1280,14819,5480,74127,California
Alameda,2021-01-21,7777,96690,3420,57463,4357,39227,0,0,6936,65414,835,15654,6941,81068,California
Alameda,2021-01-22,6838,103528,2033,59496,4805,44032,0,0,5697,69983,1132,16786,5701,86769,California
Alameda,2021-01-23,3281,106809,958,60454,2323,46355,0,0,2724,72151,556,17342,2724,89493,California
Alameda,2021-01-24,2037,108846,653,61107,1384,47739,0,0,1764,73645,270,17612,1764,91257,California
Alameda,2021-01-25,5193,114039,1975,63082,3218,50957,0,0,3621,75709,1564,19176,3628,94885,California
Alameda,2021-01-26,7319,121358,2317,65399,5002,55959,0,0,5435,79272,1876,21052,5439,100324,California
Alameda,2021-01-27,6688,128046,2070,67469,4618,60577,0,0,4844,82288,1834,22886,4850,105174,California
Alameda,2021-01-28,7865,135911,2555,70024,5310,65887,0,0,5633,85709,2216,25102,5637,110811,California
Alameda,2021-01-29,7973,143884,3196,73220,4777,70664,0,0,6141,90033,1822,26924,6146,116957,California
Alameda,2021-01-30,3428,147312,1685,74905,1743,72407,0,0,2713,92056,709,27633,2732,119689,California
Alameda,2021-01-31,1924,149236,951,75856,973,73380,0,0,1686,93512,235,27868,1691,121380,California
Alameda,2021-02-01,6474,155710,3883,79739,2591,75971,0,0,4334,95717,2131,29999,4336,125716,California
Alameda,2021-02-02,7018,162728,3783,83522,3235,79206,0,0,4694,98097,2317,32316,4697,130413,California
Alameda,2021-02-03,7051,169779,3713,87235,3338,82544,0,0,4364,99788,2680,34996,4371,134784,California
Alameda,2021-02-04,9475,179254,4128,91363,5347,87891,0,0,6366,103064,3096,38092,6372,141156,California
Alameda,2021-02-05,10280,189534,5360,96723,4920,92811,0,0,6414,105626,3860,41952,6422,147578,California
Alameda,2021-02-06,6954,196488,4414,101137,2540,95351,0,0,5826,110324,1128,43080,5826,153404,California
Alameda,2021-02-07,3581,200069,2891,104028,690,96041,0,0,2635,112017,943,44023,2636,156040,California
Alameda,2021-02-08,8091,208160,5796,109824,2295,98336,0,0,5528,114992,2555,46578,5530,161570,California
Alameda,2021-02-09,9675,217835,5823,115647,3852,102188,0,0,6025,117387,3633,50211,6028,167598,California
Alameda,2021-02-10,11458,229293,6771,122418,4687,106875,0,0,6543,119040,4898,55109,6551,174149,California
Alameda,2021-02-11,13957,243250,8028,130446,5929,112804,0,0,8367,121840,5570,60679,8370,182519,California
Alameda,2021-02-12,12517,255767,5692,136138,6825,119629,0,0,7736,124814,4765,65444,7739,190258,California
Alameda,2021-02-13,7794,263561,4058,140196,3736,123365,0,0,5822,128672,1967,67411,5825,196083,California
Alameda,2021-02-14,4050,267611,2552,142748,1498,124863,0,0,2869,130367,1177,68588,2872,198955,California
Alameda,2021-02-15,5668,273279,3186,145934,2482,127345,0,0,3687,132077,1979,70567,3689,202644,California
Alameda,2021-02-16,12523,285802,6969,152903,5554,132899,0,0,9308,138186,3205,73772,9314,211958,California
Alameda,2021-02-17,14162,299964,8413,161316,5749,138648,0,0,10515,145072,3631,77403,10517,222475,California
Alameda,2021-02-18,15894,315858,10100,171416,5794,144442,0,0,11546,152285,4339,81742,11552,234027,California
Alameda,2021-02-19,17846,333704,11586,183002,6260,150702,0,0,11801,158070,6021,87763,11806,245833,California
Alameda,2021-02-20,12025,345729,9714,192716,2311,153013,0,0,9247,164550,2773,90536,9253,255086,California
Alameda,2021-02-21,7808,353537,6845,199561,963,153976,0,0,5288,167330,2508,93044,5288,260374,California
Alameda,2021-02-22,10962,364499,8074,207635,2888,156864,0,0,6880,170150,4069,97113,6889,267263,California
Alameda,2021-02-23,12996,377495,7923,215558,5073,161937,0,0,8086,173343,4900,102013,8093,275356,California
Alameda,2021-02-24,14847,392342,8349,223907,6498,168435,0,0,9605,177775,5179,107192,9611,284967,California
Alameda,2021-02-25,16013,408355,9296,233203,6717,175152,0,0,10126,182055,5855,113047,10135,295102,California
Alameda,2021-02-26,18657,427012,10877,244080,7780,182932,0,0,11846,187140,6765,119812,11850,306952,California
Alameda,2021-02-27,15158,442170,11179,255259,3977,186909,2,2,9372,190755,5761,125573,9376,316328,California
Alameda,2021-02-28,10123,452293,8442,263701,1681,188590,0,2,6555,193769,3542,129115,6556,322884,California
Alameda,2021-03-01,13597,465890,9468,273169,4119,192709,10,12,8419,197077,5131,134246,8439,331323,California
Alameda,2021-03-02,15022,480912,10806,283975,4215,196924,1,13,9838,201759,5164,139410,9846,341169,California
Alameda,2021-03-03,15680,496592,10265,294240,5413,202337,2,15,10717,207546,4936,144346,10723,351892,California
Alameda,2021-03-04,17421,514013,11193,305433,6226,208563,2,17,10976,212112,6412,150758,10978,362870,California
Alameda,2021-03-05,16253,530266,10650,316083,5593,214156,10,27,10978,217877,5230,155988,10995,373865,California
Alameda,2021-03-06,14551,544817,10275,326358,4011,218167,265,292,9642,222924,4861,160849,9908,383773,California
Alameda,2021-03-07,9768,554585,8514,334872,1171,219338,83,375,6960,227189,2780,163629,7045,390818,California
Alameda,2021-03-08,11954,566539,7464,342336,4113,223451,377,752,8946,233554,2958,166587,9323,400141,California
Alameda,2021-03-09,14681,581220,10319,352655,3931,227382,431,1183,8010,235358,6637,173224,8441,408582,California
Alameda,2021-03-10,17489,598709,12143,364798,4791,232173,555,1738,7891,234230,9570,182794,8442,417024,California
Alameda,2021-03-11,19779,618488,11593,376391,6473,238646,1713,3451,6721,229624,13028,195822,8422,425446,California
Alameda,2021-03-12,21379,639867,12537,388928,7136,245782,1706,5157,7372,224713,13977,209799,9066,434512,California
Alameda,2021-03-13,16071,655938,10329,399257,4742,250524,1000,6157,5065,219801,10970,220769,6058,440570,California
Alameda,2021-03-14,10890,666828,8023,407280,2081,252605,786,6943,3299,216307,7570,228339,4076,444646,California
Alameda,2021-03-15,14474,681302,9473,416753,4471,257076,530,7473,6246,214883,8197,236536,6773,451419,California
Alameda,2021-03-16,17224,698526,11193,427946,5495,262571,536,8009,7348,212944,9824,246360,7885,459304,California
Alameda,2021-03-17,17516,716042,9893,437839,6903,269474,720,8729,8065,212317,9408,255768,8781,468085,California
Alameda,2021-03-18,19205,735247,10467,448306,7836,277310,902,9631,8643,211337,10529,266297,9549,477634,California
Alameda,2021-03-19,19426,754673,10668,458974,6960,284270,1798,11429,7565,208880,11812,278109,9355,486989,California
Alameda,2021-03-20,15789,770462,10345,469319,4587,288857,857,12286,6311,206598,9445,287554,7163,494152,California
Alameda,2021-03-21,9233,779695,7262,476581,1418,290275,553,12839,3391,204710,5832,293386,3944,498096,California
Alameda,2021-03-22,15059,794754,10150,486731,3897,294172,1012,13851,6878,204442,8152,301538,7884,505980,California
Alameda,2021-03-23,19336,814090,11730,498461,6790,300962,816,14667,9796,205570,9490,311028,10618,516598,California
Alameda,2021-03-24,19292,833382,11700,510161,6567,307529,1025,15692,8395,204148,10832,321860,9410,526008,California
Alameda,2021-03-25,20570,853952,11436,521597,7725,315254,1409,17101,9384,203814,11115,332975,10781,536789,California
Alameda,2021-03-26,20996,874948,12687,534284,6744,321998,1565,18666,8449,201315,12502,345477,10003,546792,California
Alameda,2021-03-27,18384,893332,12552,546836,4878,326876,954,19620,7536,198993,10800,356277,8478,555270,California
Alameda,2021-03-28,10661,903993,8687,555523,1772,328648,202,19822,3469,195490,7179,363456,3676,558946,California
Alameda,2021-03-29,14750,918743,9454,564977,4301,332949,995,20817,5943,193658,8770,372226,6938,565884,California
Alameda,2021-03-30,18623,937366,9836,574813,7064,340013,1723,22540,9273,195333,9315,381541,10990,576874,California
Alameda,2021-03-31,19403,956769,10246,585059,7048,347061,2109,24649,9099,196253,10276,391817,11196,588070,California
Alameda,2021-04-01,23349,980118,10022,595081,7644,354705,5683,30332,11047,200707,12251,404068,16705,604775,California
Alameda,2021-04-02,24121,1004239,9930,605011,8321,363026,5870,36202,11656,205774,12427,416495,17494,622269,California
Alameda,2021-04-03,20377,1024616,9818,614829,5694,368720,4865,41067,10304,210884,10051,426546,15161,637430,California
Alameda,2021-04-04,9974,1034590,3987,618816,2277,370997,3710,44777,3460,211555,6494,433040,7165,644595,California
Alameda,2021-04-05,17844,1052434,7516,626332,5513,376510,4815,49592,7248,213043,10571,443611,12059,656654,California
Alameda,2021-04-06,22205,1074639,10676,637008,5667,382177,5862,55454,10065,216848,12103,455714,15908,672562,California
Alameda,2021-04-07,22589,1097228,11578,648586,5531,387708,5480,60934,11435,222640,11110,466824,16902,689464,California
Alameda,2021-04-08,25585,1122813,11524,660110,6042,393750,8019,68953,10924,226980,14583,481407,18923,708387,California
Alameda,2021-04-09,23440,1146253,10690,670800,7504,401254,5246,74199,12083,232984,11323,492730,17327,725714,California
Alameda,2021-04-10,19275,1165528,7449,678249,5638,406892,6188,80387,8203,236311,11045,503775,14372,740086,California
Alameda,2021-04-11,11009,1176537,4807,683056,2250,409142,3952,84339,4488,238233,6503,510278,8425,748511,California
Alameda,2021-04-12,18077,1194614,11741,694797,4353,413495,1983,86322,10209,242588,7831,518109,12186,760697,California
Alameda,2021-04-13,23072,1217686,14647,709444,8366,421861,59,86381,17014,253666,6005,524114,17083,777780,California
Alameda,2021-04-14,23121,1240807,15215,724659,7905,429766,1,86382,15634,261859,7449,531563,15642,793422,California
Alameda,2021-04-15,24098,1264905,15413,740072,8683,438449,2,86384,16023,269878,8015,539578,16034,809456,California
Alameda,2021-04-16,24404,1289309,14398,754470,10001,448450,5,86389,15719,276989,8626,548204,15737,825193,California
Alameda,2021-04-17,20874,1310183,14439,768909,6435,454885,0,86389,14437,285037,6403,554607,14451,839644,California
Alameda,2021-04-18,9971,1320154,7641,776550,2330,457215,0,86389,6901,288903,3041,557648,6907,846551,California
Alameda,2021-04-19,15644,1335798,9743,786293,5900,463115,1,86390,9084,291477,6520,564168,9094,855645,California
Alameda,2021-04-20,18145,1353943,11109,797402,7034,470149,2,86392,9979,293358,8122,572290,10003,865648,California
Alameda,2021-04-21,19120,1373063,11183,808585,7926,478075,11,86403,11182,296683,7885,580175,11210,876858,California
Alameda,2021-04-22,21405,1394468,13785,822370,7616,485691,4,86407,11411,298184,9939,590114,11440,888298,California
Alameda,2021-04-23,21820,1416288,14109,836479,7707,493398,4,86411,12247,300950,9512,599626,12278,900576,California
Alameda,2021-04-24,18973,1435261,14422,850901,4543,497941,8,86419,10056,302152,8872,608498,10074,910650,California
Alameda,2021-04-25,8991,1444252,6995,857896,1995,499936,1,86420,5891,304980,3073,611571,5901,916551,California
Alameda,2021-04-26,13839,1458091,9653,867549,4160,504096,26,86446,8609,308426,5198,616769,8644,925195,California
Alameda,2021-04-27,15950,1474041,9460,877009,6163,510259,327,86773,7538,307954,8360,625129,7888,933083,California
Alameda,2021-04-28,15966,1490007,10170,887179,5331,515590,465,87238,6249,304993,9686,634815,6725,939808,California
Alameda,2021-04-29,16772,1506779,10044,897223,6399,521989,329,87567,6009,300641,10711,645526,6359,946167,California
Alameda,2021-04-30,19461,1526240,11992,909215,7127,529116,342,87909,7895,297428,11489,657015,8276,954443,California
Alameda,2021-05-01,13976,1540216,9346,918561,4424,533540,206,88115,5218,294159,8721,665736,5452,959895,California
Alameda,2021-05-02,7070,1547286,4933,923494,1969,535509,168,88283,2892,293063,4161,669897,3065,962960,California
Alameda,2021-05-03,14507,1561793,10921,934415,3266,538775,320,88603,2852,284654,11609,681506,3200,966160,California
Alameda,2021-05-04,18316,1580109,13143,947558,4813,543588,360,88963,3683,274160,14568,696074,4074,970234,California
Alameda,2021-05-05,18336,1598445,13325,960883,4502,548090,509,89472,3722,263853,14551,710625,4244,974478,California
Alameda,2021-05-06,18644,1617089,14092,974975,3857,551947,695,90167,3636,253267,14933,725558,4347,978825,California
Alameda,2021-05-07,19128,1636217,12845,987820,5870,557817,413,90580,4365,243370,14692,740250,4795,983620,California
Alameda,2021-05-08,16461,1652678,11262,999082,4988,562805,211,90791,3097,233366,13327,753577,3323,986943,California
Alameda,2021-05-09,8518,1661196,6970,1006052,1405,564210,143,90934,1451,227919,7045,760622,1598,988541,California
Alameda,2021-05-10,10067,1671263,6880,1012932,2863,567073,324,91258,2474,223163,7563,768185,2807,991348,California
Alameda,2021-05-11,14976,1686239,8007,1020939,6671,573744,298,91556,2702,213968,12228,780413,3033,994381,California
Alameda,2021-05-12,12604,1698843,8274,1029213,3919,577663,411,91967,2616,207074,9947,790360,3053,997434,California
Alameda,2021-05-13,16734,1715577,11964,1041177,4251,581914,519,92486,5155,201240,11538,801898,5704,1003138,California
Alameda,2021-05-14,20465,1736042,13864,1055041,6136,588050,465,92951,7032,195394,13358,815256,7512,1010650,California
Alameda,2021-05-15,17052,1753094,12409,1067450,4416,592466,227,93178,5768,190154,11240,826496,6000,1016650,California
Alameda,2021-05-16,8375,1761469,7157,1074607,1125,593591,93,93271,2792,187491,5553,832049,2890,1019540,California
Alameda,2021-05-17,13351,1774820,9936,1084543,2886,596477,529,93800,4307,183335,9007,841056,4851,1024391,California
Alameda,2021-05-18,14102,1788922,10237,1094780,3443,599920,422,94222,5124,179947,8938,849994,5550,1029941,California
Alameda,2021-05-19,14388,1803310,9859,1104639,4196,604116,333,94555,6158,178260,8180,858174,6493,1036434,California
Alameda,2021-05-20,11676,1814986,7812,1112451,3381,607497,483,95038,5379,177869,6256,864430,5865,1042299,California
Alameda,2021-05-21,13547,1828533,8912,1121363,4402,611899,233,95271,4559,173732,8930,873360,4793,1047092,California
Alameda,2021-05-22,8941,1837474,6596,1127959,2210,614109,135,95406,3698,172347,5219,878579,3834,1050926,California
Alameda,2021-05-23,3803,1841277,3104,1131063,633,614742,66,95472,1180,170988,2606,881185,1247,1052173,California
Alameda,2021-05-24,6950,1848227,3952,1135015,2747,617489,251,95723,2740,169813,4171,885356,2996,1055169,California
Alameda,2021-05-25,7954,1856181,5144,1140159,2554,620043,256,95979,3627,169397,4295,889651,3879,1059048,California
Alameda,2021-05-26,8216,1864397,5140,1145299,2777,622820,299,96278,3846,169187,4349,894000,4139,1063187,California
Alameda,2021-05-27,8056,1872453,4856,1150155,2853,625673,347,96625,3549,168607,4471,898471,3891,1067078,California
Alameda,2021-05-28,8587,1881040,5036,1155191,3328,629001,223,96848,3653,167577,4908,903379,3878,1070956,California
Alameda,2021-05-29,4886,1885926,2941,1158132,1761,630762,184,97032,2529,167953,2339,905718,2715,1073671,California
Alameda,2021-05-30,2422,1888348,1583,1159715,750,631512,89,97121,968,167564,1446,907164,1057,1074728,California
Alameda,2021-05-31,1152,1889500,853,1160568,244,631756,55,97176,348,167177,790,907954,403,1075131,California
Alameda,2021-06-01,7069,1896569,4968,1165536,1862,633618,239,97415,3124,166622,3920,911874,3365,1078496,California
Alameda,2021-06-02,5741,1902310,3578,1169114,1951,635569,212,97627,2380,165879,3333,915207,2590,1081086,California
Alameda,2021-06-03,8311,1910621,6307,1175421,1735,637304,269,97896,3156,164180,5121,920328,3422,1084508,California
Alameda,2021-06-04,7185,1917806,5187,1180608,1837,639141,161,98057,1821,160824,5339,925667,1983,1086491,California
Alpine,2020-12-18,2,2,2,2,0,0,0,0,2,2,0,0,2,2,California
Alpine,2020-12-19,2,4,2,4,0,0,0,0,2,4,0,0,2,4,California
Alpine,2020-12-21,2,6,2,6,0,0,0,0,2,6,0,0,2,6,California
Alpine,2020-12-30,14,20,0,6,14,14,0,0,14,20,0,0,14,20,California
Alpine,2020-12-31,1,21,0,6,1,15,0,0,1,21,0,0,1,21,California
Alpine,2021-01-01,1,22,0,6,1,16,0,0,1,22,0,0,1,22,California
Alpine,2021-01-02,1,23,1,7,0,16,0,0,1,23,0,0,1,23,California
Alpine,2021-01-04,10,33,0,7,10,26,0,0,10,33,0,0,10,33,California
Alpine,2021-01-05,9,42,1,8,8,34,0,0,9,42,0,0,9,42,California
Alpine,2021-01-06,31,73,0,8,31,65,0,0,31,73,0,0,31,73,California
Alpine,2021-01-07,8,81,0,8,8,73,0,0,8,81,0,0,8,81,California
Alpine,2021-01-08,4,85,2,10,2,75,0,0,2,81,2,2,2,83,California
Alpine,2021-01-09,2,87,2,12,0,75,0,0,0,79,2,4,0,83,California
Alpine,2021-01-11,32,119,1,13,31,106,0,0,31,109,1,5,31,114,California
Alpine,2021-01-13,35,154,0,13,35,141,0,0,35,144,0,5,35,149,California
Alpine,2021-01-14,1,155,0,13,1,142,0,0,1,145,0,5,1,150,California
Alpine,2021-01-15,1,156,0,13,1,143,0,0,1,146,0,5,1,151,California
Alpine,2021-01-20,21,177,0,13,21,164,0,0,21,167,0,5,21,172,California
Alpine,2021-01-21,1,178,0,13,1,165,0,0,1,168,0,5,1,173,California
Alpine,2021-01-22,33,211,0,13,33,198,0,0,33,201,0,5,33,206,California
Alpine,2021-01-23,1,212,1,14,0,198,0,0,0,200,1,6,0,206,California
Alpine,2021-01-25,16,228,0,14,16,214,0,0,16,216,0,6,16,222,California
Alpine,2021-01-27,1,229,1,15,0,214,0,0,0,215,1,7,0,222,California
Alpine,2021-01-28,1,230,0,15,1,215,0,0,0,214,1,8,0,222,California
Alpine,2021-01-29,1,231,0,15,1,216,0,0,1,215,0,8,1,223,California
Alpine,2021-02-01,25,256,0,15,25,241,0,0,7,204,18,26,7,230,California
Alpine,2021-02-03,34,290,0,15,34,275,0,0,10,190,24,50,10,240,California
Alpine,2021-02-04,8,298,0,15,8,283,0,0,3,188,5,55,3,243,California
Alpine,2021-02-05,31,329,0,15,31,314,0,0,12,181,19,74,12,255,California
Alpine,2021-02-08,32,361,0,15,32,346,0,0,4,157,28,102,4,259,California
Alpine,2021-02-10,34,395,0,15,34,380,0,0,0,123,34,136,0,259,California
Alpine,2021-02-11,6,401,0,15,6,386,0,0,3,123,3,139,3,262,California
Alpine,2021-02-12,1,402,0,15,1,387,0,0,0,122,1,140,0,262,California
Alpine,2021-02-17,23,425,0,15,23,410,0,0,3,105,20,160,3,265,California
Alpine,2021-02-18,2,427,0,15,2,412,0,0,1,105,1,161,1,266,California
Alpine,2021-02-19,34,461,1,16,33,445,0,0,2,75,32,193,2,268,California
Alpine,2021-02-22,27,488,0,16,27,472,0,0,8,64,19,212,8,276,California
Alpine,2021-02-24,1,489,1,17,0,472,0,0,1,65,0,212,1,277,California
Alpine,2021-02-25,6,495,1,18,5,477,0,0,6,71,0,212,6,283,California
Alpine,2021-02-26,30,525,1,19,29,506,0,0,29,99,1,213,29,312,California
Alpine,2021-02-27,1,526,0,19,1,507,0,0,1,100,0,213,1,313,California
Alpine,2021-03-01,36,562,0,19,36,543,0,0,26,116,10,223,26,339,California
Alpine,2021-03-03,29,591,0,19,29,572,0,0,18,123,11,234,18,357,California
Alpine,2021-03-04,11,602,1,20,10,582,0,0,11,134,0,234,11,368,California
Alpine,2021-03-05,30,632,0,20,30,612,0,0,22,148,8,242,22,390,California
Alpine,2021-03-08,31,663,0,20,31,643,0,0,29,175,2,244,29,419,California
Alpine,2021-03-10,73,736,0,20,73,716,0,0,73,248,0,244,73,492,California
Alpine,2021-03-11,35,771,0,20,35,751,0,0,31,275,4,248,31,523,California
Alpine,2021-03-12,19,790,0,20,19,770,0,0,17,290,2,250,17,540,California
Alpine,2021-03-15,20,810,0,20,20,790,0,0,19,308,1,251,19,559,California
Alpine,2021-03-17,23,833,0,20,22,812,1,1,19,324,4,255,20,579,California
Alpine,2021-03-18,38,871,3,23,35,847,0,1,35,356,3,258,35,614,California
Alpine,2021-03-19,2,873,1,24,1,848,0,1,1,356,1,259,1,615,California
Alpine,2021-03-22,24,897,0,24,24,872,0,1,15,362,9,268,15,630,California
Alpine,2021-03-24,19,916,0,24,19,891,0,1,8,359,11,279,8,638,California
Alpine,2021-03-25,35,951,1,25,33,924,1,2,28,381,7,286,29,667,California
Alpine,2021-03-27,1,952,0,25,1,925,0,2,0,380,1,287,0,667,California
Alpine,2021-03-28,1,953,1,26,0,925,0,2,1,381,0,287,1,668,California
Alpine,2021-03-29,19,972,0,26,18,943,1,3,2,367,17,304,3,671,California
Alpine,2021-04-01,18,990,0,26,18,961,0,3,8,365,10,314,8,679,California
Alpine,2021-04-02,100,1090,0,26,100,1061,0,3,45,356,54,368,45,724,California
Alpine,2021-04-05,3,1093,0,26,3,1064,0,3,0,353,3,371,0,724,California
Alpine,2021-04-06,3,1096,2,28,1,1065,0,3,2,354,1,372,2,726,California
Alpine,2021-04-07,117,1213,0,28,116,1181,1,4,30,299,86,458,31,757,California
Alpine,2021-04-08,36,1249,0,28,35,1216,1,5,10,284,26,484,11,768,California
Alpine,2021-04-09,2,1251,0,28,2,1218,0,5,2,286,0,484,2,770,California
Alpine,2021-04-14,47,1298,0,28,47,1265,0,5,10,259,37,521,10,780,California
Alpine,2021-04-15,35,1333,0,28,35,1300,0,5,3,230,32,553,3,783,California
Alpine,2021-04-19,1,1334,0,28,1,1301,0,5,1,231,0,553,1,784,California
Alpine,2021-04-21,31,1365,0,28,31,1332,0,5,15,230,16,569,15,799,California
Alpine,2021-04-22,24,1389,0,28,24,1356,0,5,1,208,23,592,1,800,California
Alpine,2021-04-25,1,1390,1,29,0,1356,0,5,0,207,1,593,0,800,California
Alpine,2021-04-27,2,1392,1,30,1,1357,0,5,1,207,1,594,1,801,California
Alpine,2021-04-28,36,1428,0,30,36,1393,0,5,6,183,30,624,6,807,California
Alpine,2021-04-29,6,1434,0,30,6,1399,0,5,0,177,6,630,0,807,California
Alpine,2021-04-30,2,1436,1,31,0,1399,1,6,1,178,1,631,2,809,California
Alpine,2021-05-02,1,1437,0,31,0,1399,1,7,0,178,1,632,1,810,California
Alpine,2021-05-05,17,1454,0,31,17,1416,0,7,4,169,13,645,4,814,California
Alpine,2021-05-06,8,1462,0,31,8,1424,0,7,0,161,8,653,0,814,California
Alpine,2021-05-07,1,1463,0,31,1,1425,0,7,0,160,1,654,0,814,California
Alpine,2021-05-10,1,1464,0,31,1,1426,0,7,1,161,0,654,1,815,California
Alpine,2021-05-12,1,1465,0,31,0,1426,1,8,0,161,1,655,1,816,California
Alpine,2021-05-13,3,1468,0,31,3,1429,0,8,0,158,3,658,0,816,California
Alpine,2021-05-17,2,1470,0,31,2,1431,0,8,1,158,1,659,1,817,California
Alpine,2021-05-18,1,1471,0,31,1,1432,0,8,1,159,0,659,1,818,California
Alpine,2021-05-19,15,1486,0,31,15,1447,0,8,0,144,15,674,0,818,California
Alpine,2021-05-21,1,1487,1,32,0,1447,0,8,0,143,1,675,0,818,California
Alpine,2021-05-25,1,1488,0,32,1,1448,0,8,0,142,1,676,0,818,California
Alpine,2021-05-27,1,1489,0,32,1,1449,0,8,1,143,0,676,1,819,California
Alpine,2021-05-28,2,1491,1,33,1,1450,0,8,2,145,0,676,2,821,California
Alpine,2021-05-29,1,1492,0,33,1,1451,0,8,1,146,0,676,1,822,California
Alpine,2021-06-02,8,1500,0,33,8,1459,0,8,1,140,7,683,1,823,California
Amador,2020-12-16,2,2,2,2,0,0,0,0,2,2,0,0,2,2,California
Amador,2020-12-17,5,7,5,7,0,0,0,0,5,7,0,0,5,7,California
Amador,2020-12-18,45,52,45,52,0,0,0,0,45,52,0,0,45,52,California
Amador,2020-12-19,16,68,16,68,0,0,0,0,16,68,0,0,16,68,California
Amador,2020-12-20,4,72,4,72,0,0,0,0,4,72,0,0,4,72,California
Amador,2020-12-21,31,103,31,103,0,0,0,0,31,103,0,0,31,103,California
Amador,2020-12-22,35,138,34,137,1,1,0,0,35,138,0,0,35,138,California
Amador,2020-12-23,40,178,39,176,1,2,0,0,40,178,0,0,40,178,California
Amador,2020-12-24,5,183,3,179,2,4,0,0,5,183,0,0,5,183,California
Amador,2020-12-26,5,188,4,183,1,5,0,0,5,188,0,0,5,188,California
Amador,2020-12-27,1,189,0,183,1,6,0,0,1,189,0,0,1,189,California
Amador,2020-12-28,30,219,26,209,4,10,0,0,30,219,0,0,30,219,California
Amador,2020-12-29,26,245,19,228,7,17,0,0,26,245,0,0,26,245,California
Amador,2020-12-30,122,367,76,304,46,63,0,0,122,367,0,0,122,367,California
Amador,2020-12-31,192,559,167,471,25,88,0,0,192,559,0,0,192,559,California
Amador,2021-01-01,2,561,0,471,2,90,0,0,2,561,0,0,2,561,California
Amador,2021-01-02,57,618,57,528,0,90,0,0,57,618,0,0,57,618,California
Amador,2021-01-03,65,683,17,545,48,138,0,0,65,683,0,0,65,683,California
Amador,2021-01-04,124,807,1,546,123,261,0,0,124,807,0,0,124,807,California
Amador,2021-01-05,34,841,3,549,31,292,0,0,32,838,2,2,33,840,California
Amador,2021-01-06,40,881,10,559,30,322,0,0,36,870,4,6,36,876,California
Amador,2021-01-07,229,1110,69,628,160,482,0,0,217,1075,12,18,217,1093,California
Amador,2021-01-08,84,1194,69,697,15,497,0,0,41,1074,43,61,42,1135,California
Amador,2021-01-09,11,1205,11,708,0,497,0,0,2,1067,9,70,2,1137,California
Amador,2021-01-10,6,1211,4,712,2,499,0,0,2,1065,4,74,2,1139,California
Amador,2021-01-11,125,1336,44,756,81,580,0,0,88,1117,37,111,89,1228,California
Amador,2021-01-12,65,1401,50,806,15,595,0,0,41,1134,24,135,41,1269,California
Amador,2021-01-13,40,1441,24,830,16,611,0,0,28,1150,12,147,28,1297,California
Amador,2021-01-14,150,1591,22,852,128,739,0,0,140,1281,10,157,141,1438,California
Amador,2021-01-15,59,1650,25,877,34,773,0,0,51,1324,8,165,51,1489,California
Amador,2021-01-16,17,1667,11,888,6,779,0,0,11,1330,6,171,12,1501,California
Amador,2021-01-17,26,1693,5,893,21,800,0,0,26,1356,0,171,26,1527,California
Amador,2021-01-18,30,1723,26,919,4,804,0,0,9,1344,21,192,9,1536,California
Amador,2021-01-19,126,1849,101,1020,25,829,0,0,82,1382,44,236,82,1618,California
Amador,2021-01-20,182,2031,32,1052,150,979,0,0,168,1537,13,249,168,1786,California
Amador,2021-01-21,258,2289,228,1280,30,1009,0,0,147,1574,111,360,148,1934,California
Amador,2021-01-22,137,2426,74,1354,63,1072,0,0,130,1697,7,367,130,2064,California
Amador,2021-01-23,54,2480,33,1387,21,1093,0,0,51,1745,3,370,51,2115,California
Amador,2021-01-24,29,2509,12,1399,17,1110,0,0,26,1768,3,373,26,2141,California
Amador,2021-01-25,58,2567,28,1427,30,1140,0,0,41,1792,17,390,41,2182,California
Amador,2021-01-26,245,2812,17,1444,228,1368,0,0,235,2017,10,400,235,2417,California
Amador,2021-01-27,301,3113,33,1477,268,1636,0,0,254,2227,45,445,255,2672,California
Amador,2021-01-28,369,3482,97,1574,272,1908,0,0,288,2435,81,526,289,2961,California
Amador,2021-01-29,98,3580,33,1607,65,1973,0,0,83,2503,15,541,83,3044,California
Amador,2021-01-30,168,3748,36,1643,132,2105,0,0,163,2661,5,546,163,3207,California
Amador,2021-01-31,32,3780,28,1671,4,2109,0,0,31,2691,1,547,31,3238,California
Amador,2021-02-01,66,3846,24,1695,42,2151,0,0,39,2703,27,574,39,3277,California
Amador,2021-02-02,214,4060,64,1759,150,2301,0,0,127,2746,84,658,127,3404,California
Amador,2021-02-03,139,4199,38,1797,101,2402,0,0,88,2784,50,708,88,3492,California
Amador,2021-02-04,250,4449,74,1871,176,2578,0,0,164,2864,86,794,166,3658,California
Amador,2021-02-05,333,4782,63,1934,270,2848,0,0,317,3165,16,810,317,3975,California
Amador,2021-02-06,100,4882,81,2015,19,2867,0,0,96,3257,4,814,96,4071,California
Amador,2021-02-07,39,4921,35,2050,4,2871,0,0,35,3289,4,818,36,4107,California
Amador,2021-02-08,91,5012,63,2113,28,2899,0,0,73,3344,18,836,73,4180,California
Amador,2021-02-09,175,5187,82,2195,93,2992,0,0,109,3387,66,902,109,4289,California
Amador,2021-02-10,980,6167,81,2276,899,3891,0,0,946,4299,34,936,946,5235,California
Amador,2021-02-11,309,6476,120,2396,189,4080,0,0,198,4388,109,1045,198,5433,California
Amador,2021-02-12,329,6805,122,2518,207,4287,0,0,255,4569,74,1119,255,5688,California
Amador,2021-02-13,165,6970,82,2600,83,4370,0,0,141,4686,24,1143,141,5829,California
Amador,2021-02-14,123,7093,54,2654,69,4439,0,0,105,4773,18,1161,105,5934,California
Amador,2021-02-15,187,7280,61,2715,126,4565,0,0,170,4927,16,1177,170,6104,California
Amador,2021-02-16,466,7746,54,2769,412,4977,0,0,427,5316,39,1216,428,6532,California
Amador,2021-02-17,262,8008,83,2852,179,5156,0,0,164,5382,98,1314,164,6696,California
Amador,2021-02-18,395,8403,97,2949,298,5454,0,0,331,5649,64,1378,331,7027,California
Amador,2021-02-19,194,8597,77,3026,117,5571,0,0,110,5675,84,1462,110,7137,California
Amador,2021-02-20,95,8692,32,3058,63,5634,0,0,67,5714,28,1490,67,7204,California
Amador,2021-02-21,46,8738,34,3092,12,5646,0,0,14,5696,32,1522,14,7218,California
Amador,2021-02-22,66,8804,26,3118,40,5686,0,0,32,5695,33,1555,32,7250,California
Amador,2021-02-23,318,9122,53,3171,265,5951,0,0,138,5653,180,1735,138,7388,California
Amador,2021-02-24,397,9519,59,3230,338,6289,0,0,265,5790,128,1863,265,7653,California
Amador,2021-02-25,525,10044,120,3350,405,6694,0,0,279,5824,245,2108,279,7932,California
Amador,2021-02-26,628,10672,80,3430,548,7242,0,0,514,6224,114,2222,514,8446,California
Amador,2021-02-27,293,10965,95,3525,198,7440,0,0,101,6136,191,2413,103,8549,California
Amador,2021-02-28,106,11071,55,3580,51,7491,0,0,60,6152,46,2459,62,8611,California
Amador,2021-03-01,193,11264,66,3646,127,7618,0,0,122,6204,71,2530,123,8734,California
Amador,2021-03-02,381,11645,63,3709,318,7936,0,0,332,6488,49,2579,333,9067,California
Amador,2021-03-03,242,11887,81,3790,161,8097,0,0,166,6580,75,2654,167,9234,California
Amador,2021-03-04,495,12382,114,3904,381,8478,0,0,393,6872,101,2755,393,9627,California
Amador,2021-03-05,510,12892,74,3978,436,8914,0,0,290,6945,219,2974,292,9919,California
Amador,2021-03-06,98,12990,45,4023,52,8966,1,1,53,6954,45,3019,54,9973,California
Amador,2021-03-07,65,13055,44,4067,21,8987,0,1,22,6933,43,3062,22,9995,California
Amador,2021-03-08,151,13206,69,4136,81,9068,1,2,90,6963,61,3123,91,10086,California
Amador,2021-03-09,376,13582,51,4187,325,9393,0,2,294,7179,79,3202,295,10381,California
Amador,2021-03-10,512,14094,74,4261,436,9829,2,4,111,6893,401,3603,115,10496,California
Amador,2021-03-11,471,14565,116,4377,345,10174,10,14,299,7034,171,3774,312,10808,California
Amador,2021-03-12,567,15132,66,4443,495,10669,6,20,338,7156,228,4002,350,11158,California
Amador,2021-03-13,116,15248,18,4461,91,10760,7,27,76,7203,40,4042,87,11245,California
Amador,2021-03-14,86,15334,18,4479,66,10826,2,29,20,7159,66,4108,22,11267,California
Amador,2021-03-15,177,15511,25,4504,145,10971,7,36,52,7094,125,4233,60,11327,California
Amador,2021-03-16,450,15961,53,4557,388,11359,9,45,139,6933,309,4542,148,11475,California
Amador,2021-03-17,199,16160,43,4600,153,11512,3,48,120,6977,79,4621,123,11598,California
Amador,2021-03-18,476,16636,101,4701,371,11883,4,52,250,7009,226,4847,258,11856,California
Amador,2021-03-19,538,17174,55,4756,468,12351,15,67,388,7267,148,4995,406,12262,California
Amador,2021-03-20,110,17284,45,4801,64,12415,1,68,45,7251,64,5059,48,12310,California
Amador,2021-03-21,48,17332,34,4835,13,12428,1,69,29,7265,18,5077,32,12342,California
Amador,2021-03-22,112,17444,32,4867,52,12480,28,97,50,7281,62,5139,78,12420,California
Amador,2021-03-23,434,17878,47,4914,380,12860,7,104,275,7406,158,5297,283,12703,California
Amador,2021-03-24,345,18223,38,4952,55,12915,252,356,37,7388,307,5604,289,12992,California
Amador,2021-03-25,608,18831,85,5037,516,13431,7,363,393,7574,214,5818,400,13392,California
Amador,2021-03-26,746,19577,42,5079,698,14129,6,369,283,7405,461,6279,292,13684,California
Amador,2021-03-27,89,19666,15,5094,72,14201,2,371,28,7376,61,6340,32,13716,California
Amador,2021-03-28,69,19735,15,5109,52,14253,2,373,12,7335,56,6396,15,13731,California
Amador,2021-03-29,180,19915,24,5133,155,14408,1,374,80,7323,98,6494,86,13817,California
Amador,2021-03-30,535,20450,28,5161,506,14914,1,375,294,7378,240,6734,295,14112,California
Amador,2021-03-31,199,20649,57,5218,137,15051,5,380,43,7271,155,6889,48,14160,California
Amador,2021-04-01,611,21260,85,5303,526,15577,0,380,263,7190,346,7235,265,14425,California
Amador,2021-04-02,607,21867,38,5341,557,16134,12,392,380,7358,226,7461,394,14819,California
Amador,2021-04-03,84,21951,22,5363,43,16177,19,411,22,7339,62,7523,43,14862,California
Amador,2021-04-04,38,21989,3,5366,29,16206,6,417,15,7337,23,7546,21,14883,California
Amador,2021-04-05,144,22133,52,5418,76,16282,16,433,50,7312,93,7639,68,14951,California
Amador,2021-04-06,502,22635,37,5455,447,16729,18,451,222,7274,278,7917,240,15191,California
Amador,2021-04-07,97,22732,33,5488,45,16774,19,470,41,7280,54,7971,60,15251,California
Amador,2021-04-08,495,23227,85,5573,389,17163,21,491,222,7251,272,8243,243,15494,California
Amador,2021-04-09,482,23709,21,5594,441,17604,20,511,213,7213,268,8511,230,15724,California
Amador,2021-04-10,53,23762,15,5609,29,17633,9,520,22,7213,31,8542,31,15755,California
Amador,2021-04-11,48,23810,23,5632,21,17654,4,524,23,7216,24,8566,27,15782,California
Amador,2021-04-12,97,23907,27,5659,60,17714,10,534,42,7213,55,8621,52,15834,California
Amador,2021-04-13,345,24252,50,5709,295,18009,0,534,68,7006,276,8897,69,15903,California
Amador,2021-04-14,284,24536,28,5737,256,18265,0,534,175,7075,106,9003,175,16078,California
Amador,2021-04-15,330,24866,74,5811,256,18521,0,534,69,6888,256,9259,69,16147,California
Amador,2021-04-16,482,25348,29,5840,453,18974,0,534,386,7179,95,9354,386,16533,California
Amador,2021-04-17,64,25412,36,5876,28,19002,0,534,27,7169,37,9391,27,16560,California
Amador,2021-04-18,29,25441,7,5883,22,19024,0,534,11,7164,17,9408,12,16572,California
Amador,2021-04-19,68,25509,27,5910,41,19065,0,534,31,7161,36,9444,33,16605,California
Amador,2021-04-20,436,25945,55,5965,381,19446,0,534,111,6956,318,9762,113,16718,California
Amador,2021-04-21,87,26032,33,5998,54,19500,0,534,44,6958,42,9804,44,16762,California
Amador,2021-04-22,495,26527,78,6076,416,19916,1,535,103,6677,385,10189,104,16866,California
Amador,2021-04-23,358,26885,45,6121,313,20229,0,535,285,6892,72,10261,287,17153,California
Amador,2021-04-24,48,26933,24,6145,24,20253,0,535,27,6899,20,10281,27,17180,California
Amador,2021-04-25,41,26974,19,6164,22,20275,0,535,29,6916,12,10293,29,17209,California
Amador,2021-04-26,88,27062,27,6191,60,20335,1,536,42,6914,45,10338,43,17252,California
Amador,2021-04-27,492,27554,39,6230,452,20787,1,537,87,6600,403,10741,89,17341,California
Amador,2021-04-28,68,27622,29,6259,35,20822,4,541,40,6616,28,10769,44,17385,California
Amador,2021-04-29,222,27844,69,6328,44,20866,109,650,64,6630,158,10927,172,17557,California
Amador,2021-04-30,339,28183,27,6355,308,21174,4,654,95,6485,244,11171,99,17656,California
Amador,2021-05-01,41,28224,15,6370,22,21196,4,658,21,6492,18,11189,25,17681,California
Amador,2021-05-02,27,28251,14,6384,10,21206,3,661,10,6489,17,11206,14,17695,California
Amador,2021-05-03,67,28318,33,6417,24,21230,10,671,26,6484,41,11247,36,17731,California
Amador,2021-05-04,465,28783,26,6443,432,21662,7,678,68,6162,397,11644,75,17806,California
Amador,2021-05-05,202,28985,153,6596,39,21701,10,688,163,6295,38,11682,171,17977,California
Amador,2021-05-06,109,29094,55,6651,49,21750,5,693,64,6321,43,11725,69,18046,California
Amador,2021-05-07,126,29220,29,6680,90,21840,7,700,66,6334,60,11785,73,18119,California
Amador,2021-05-08,42,29262,9,6689,30,21870,3,703,20,6335,22,11807,23,18142,California
Amador,2021-05-09,15,29277,0,6689,9,21879,6,709,4,6334,11,11818,10,18152,California
Amador,2021-05-10,61,29338,14,6703,44,21923,3,712,25,6326,36,11854,28,18180,California
Amador,2021-05-11,101,29439,34,6737,41,21964,26,738,45,6341,56,11910,71,18251,California
Amador,2021-05-12,63,29502,21,6758,41,22005,1,739,29,6337,34,11944,30,18281,California
Amador,2021-05-13,73,29575,41,6799,26,22031,6,745,37,6346,34,11978,43,18324,California
Amador,2021-05-14,395,29970,34,6833,357,22388,4,749,86,6128,309,12287,91,18415,California
Amador,2021-05-15,52,30022,20,6853,21,22409,11,760,23,6134,29,12316,35,18450,California
Amador,2021-05-16,38,30060,15,6868,23,22432,0,760,17,6130,21,12337,17,18467,California
Amador,2021-05-17,76,30136,23,6891,51,22483,2,762,36,6129,39,12376,38,18505,California
Amador,2021-05-18,246,30382,168,7059,43,22526,35,797,162,6243,83,12459,197,18702,California
Amador,2021-05-19,72,30454,22,7081,47,22573,3,800,33,6243,38,12497,38,18740,California
Amador,2021-05-20,78,30532,46,7127,30,22603,2,802,32,6232,45,12542,34,18774,California
Amador,2021-05-21,265,30797,29,7156,234,22837,2,804,39,6047,226,12768,41,18815,California
Amador,2021-05-22,37,30834,13,7169,19,22856,5,809,13,6041,24,12792,18,18833,California
Amador,2021-05-23,22,30856,4,7173,15,22871,3,812,5,6032,17,12809,8,18841,California
Amador,2021-05-24,90,30946,31,7204,47,22918,12,824,43,6041,46,12855,55,18896,California
Amador,2021-05-25,141,31087,89,7293,27,22945,25,849,83,6093,56,12911,108,19004,California
Amador,2021-05-26,207,31294,163,7456,37,22982,7,856,43,5979,163,13074,49,19053,California
Amador,2021-05-27,81,31375,36,7492,36,23018,9,865,30,5967,51,13125,39,19092,California
Amador,2021-05-28,69,31444,26,7518,39,23057,4,869,29,5960,40,13165,33,19125,California
Amador,2021-05-29,26,31470,2,7520,21,23078,3,872,12,5961,14,13179,15,19140,California
Amador,2021-05-30,17,31487,3,7523,8,23086,6,878,4,5958,13,13192,10,19150,California
Amador,2021-05-31,10,31497,0,7523,9,23095,1,879,2,5953,8,13200,3,19153,California
Amador,2021-06-01,84,31581,61,7584,18,23113,5,884,36,5947,47,13247,41,19194,California
Amador,2021-06-02,39,31620,14,7598,17,23130,8,892,13,5943,26,13273,22,19216,California
Amador,2021-06-03,29,31649,5,7603,22,23152,2,894,8,5932,21,13294,10,19226,California
Amador,2021-06-04,11,31660,9,7612,2,23154,0,894,0,5921,11,13305,0,19226,California
Butte,2020-12-16,3,3,3,3,0,0,0,0,3,3,0,0,3,3,California
Butte,2020-12-17,21,24,21,24,0,0,0,0,21,24,0,0,21,24,California
Butte,2020-12-18,51,75,51,75,0,0,0,0,51,75,0,0,51,75,California
Butte,2020-12-19,7,82,7,82,0,0,0,0,7,82,0,0,7,82,California
Butte,2020-12-20,10,92,10,92,0,0,0,0,10,92,0,0,10,92,California
Butte,2020-12-21,633,725,633,725,0,0,0,0,633,725,0,0,633,725,California
Butte,2020-12-22,618,1343,616,1341,2,2,0,0,618,1343,0,0,618,1343,California
Butte,2020-12-23,876,2219,860,2201,16,18,0,0,876,2219,0,0,876,2219,California
Butte,2020-12-24,159,2378,155,2356,4,22,0,0,159,2378,0,0,159,2378,California
Butte,2020-12-26,90,2468,88,2444,2,24,0,0,90,2468,0,0,90,2468,California
Butte,2020-12-27,35,2503,34,2478,1,25,0,0,35,2503,0,0,35,2503,California
Butte,2020-12-28,279,2782,273,2751,6,31,0,0,279,2782,0,0,279,2782,California
Butte,2020-12-29,201,2983,178,2929,23,54,0,0,201,2983,0,0,201,2983,California
Butte,2020-12-30,513,3496,291,3220,222,276,0,0,513,3496,0,0,513,3496,California
Butte,2020-12-31,211,3707,18,3238,193,469,0,0,211,3707,0,0,211,3707,California
Butte,2021-01-01,8,3715,1,3239,7,476,0,0,8,3715,0,0,8,3715,California
Butte,2021-01-02,40,3755,37,3276,3,479,0,0,40,3755,0,0,40,3755,California
Butte,2021-01-03,3,3758,0,3276,3,482,0,0,3,3758,0,0,3,3758,California
Butte,2021-01-04,209,3967,176,3452,33,515,0,0,209,3967,0,0,209,3967,California
Butte,2021-01-05,197,4164,153,3605,44,559,0,0,196,4162,1,1,196,4163,California
Butte,2021-01-06,626,4790,397,4002,229,788,0,0,621,4779,5,6,622,4785,California
Butte,2021-01-07,761,5551,369,4371,392,1180,0,0,741,5500,20,26,741,5526,California
Butte,2021-01-08,673,6224,532,4903,141,1321,0,0,626,6079,47,73,626,6152,California
Butte,2021-01-09,11,6235,7,4910,4,1325,0,0,6,6080,5,78,6,6158,California
Butte,2021-01-10,19,6254,5,4915,14,1339,0,0,14,6089,5,83,14,6172,California
Butte,2021-01-11,985,7239,950,5865,35,1374,0,0,356,5819,629,712,359,6531,California
Butte,2021-01-12,696,7935,651,6516,45,1419,0,0,274,5671,422,1134,274,6805,California
Butte,2021-01-13,1566,9501,1074,7590,492,1911,0,0,725,5557,841,1975,727,7532,California
Butte,2021-01-14,1634,11135,892,8482,742,2653,0,0,1437,6798,196,2171,1437,8969,California
Butte,2021-01-15,1053,12188,813,9295,240,2893,0,0,943,7631,110,2281,943,9912,California
Butte,2021-01-16,584,12772,299,9594,285,3178,0,0,540,8127,44,2325,540,10452,California
Butte,2021-01-17,238,13010,64,9658,174,3352,0,0,201,8291,37,2362,201,10653,California
Butte,2021-01-18,344,13354,302,9960,42,3394,0,0,276,8500,67,2429,276,10929,California
Butte,2021-01-19,494,13848,431,10391,63,3457,0,0,224,8454,270,2699,224,11153,California
Butte,2021-01-20,1369,15217,689,11080,680,4137,0,0,1066,9217,303,3002,1066,12219,California
Butte,2021-01-21,1475,16692,867,11947,608,4745,0,0,1367,10477,107,3109,1367,13586,California
Butte,2021-01-22,1136,17828,478,12425,658,5403,0,0,1083,11507,53,3162,1083,14669,California
Butte,2021-01-23,125,17953,84,12509,41,5444,0,0,100,11582,25,3187,100,14769,California
Butte,2021-01-24,9,17962,7,12516,2,5446,0,0,9,11591,0,3187,9,14778,California
Butte,2021-01-25,655,18617,336,12852,319,5765,0,0,491,11918,164,3351,491,15269,California
Butte,2021-01-26,1472,20089,378,13230,1094,6859,0,0,1335,13116,137,3488,1335,16604,California
Butte,2021-01-27,2096,22185,705,13935,1391,8250,0,0,1365,13751,730,4218,1365,17969,California
Butte,2021-01-28,2261,24446,262,14197,1999,10249,0,0,1950,15391,310,4528,1950,19919,California
Butte,2021-01-29,1684,26130,487,14684,1197,11446,0,0,1307,16322,376,4904,1307,21226,California
Butte,2021-01-30,30,26160,8,14692,22,11468,0,0,28,16348,2,4906,28,21254,California
Butte,2021-01-31,16,26176,14,14706,2,11470,0,0,15,16362,1,4907,15,21269,California
Butte,2021-02-01,1751,27927,407,15113,1344,12814,0,0,1361,17335,388,5295,1361,22630,California
Butte,2021-02-02,1932,29859,362,15475,1570,14384,0,0,1631,18664,302,5597,1631,24261,California
Butte,2021-02-03,2739,32598,777,16252,1962,16346,0,0,1845,19617,892,6489,1845,26106,California
Butte,2021-02-04,2956,35554,323,16575,2633,18979,0,0,2400,21463,554,7043,2400,28506,California
Butte,2021-02-05,1273,36827,667,17242,606,19585,0,0,552,21295,721,7764,553,29059,California
Butte,2021-02-06,144,36971,103,17345,41,19626,0,0,61,21273,83,7847,61,29120,California
Butte,2021-02-07,38,37009,34,17379,4,19630,0,0,14,21263,24,7871,14,29134,California
Butte,2021-02-08,698,37707,548,17927,150,19780,0,0,242,21049,456,8327,242,29376,California
Butte,2021-02-09,951,38658,459,18386,492,20272,0,0,721,21540,230,8557,721,30097,California
Butte,2021-02-10,1701,40359,1187,19573,514,20786,0,0,671,21183,1028,9585,671,30768,California
Butte,2021-02-11,2202,42561,1346,20919,856,21642,0,0,1004,20989,1198,10783,1004,31772,California
Butte,2021-02-12,1002,43563,435,21354,567,22209,0,0,330,20648,671,11454,330,32102,California
Butte,2021-02-13,247,43810,43,21397,204,22413,0,0,146,20693,101,11555,146,32248,California
Butte,2021-02-14,161,43971,9,21406,152,22565,0,0,157,20846,4,11559,157,32405,California
Butte,2021-02-15,263,44234,47,21453,216,22781,0,0,198,20979,65,11624,198,32603,California
Butte,2021-02-16,730,44964,432,21885,298,23079,0,0,275,20798,456,12080,275,32878,California
Butte,2021-02-17,1513,46477,848,22733,665,23744,0,0,839,20965,672,12752,839,33717,California
Butte,2021-02-18,1559,48036,761,23494,798,24542,0,0,748,20902,811,13563,748,34465,California
Butte,2021-02-19,1171,49207,391,23885,780,25322,0,0,403,20544,761,14324,403,34868,California
Butte,2021-02-20,477,49684,32,23917,445,25767,0,0,126,20320,350,14674,126,34994,California
Butte,2021-02-21,18,49702,16,23933,2,25769,0,0,13,20328,5,14679,13,35007,California
Butte,2021-02-22,1501,51203,297,24230,1204,26973,0,0,378,19586,1120,15799,378,35385,California
Butte,2021-02-23,1635,52838,295,24525,1340,28313,0,0,463,18882,1167,16966,463,35848,California
Butte,2021-02-24,2137,54975,598,25123,1539,29852,0,0,726,18205,1403,18369,726,36574,California
Butte,2021-02-25,2077,57052,577,25700,1500,31352,0,0,657,17448,1415,19784,658,37232,California
Butte,2021-02-26,919,57971,310,26010,609,31961,0,0,396,17324,520,20304,396,37628,California
Butte,2021-02-27,234,58205,47,26057,187,32148,0,0,184,17460,48,20352,184,37812,California
Butte,2021-02-28,142,58347,16,26073,126,32274,0,0,135,17588,7,20359,135,37947,California
Butte,2021-03-01,1627,59974,175,26248,1451,33725,1,1,327,16619,1297,21656,328,38275,California
Butte,2021-03-02,1749,61723,198,26446,1551,35276,0,1,310,15494,1435,23091,310,38585,California
Butte,2021-03-03,2785,64508,849,27295,1936,37212,0,1,481,13673,2302,25393,481,39066,California
Butte,2021-03-04,3148,67656,681,27976,2467,39679,0,1,626,11778,2521,27914,626,39692,California
Butte,2021-03-05,1351,69007,616,28592,734,40413,1,2,734,11900,613,28527,735,40427,California
Butte,2021-03-06,247,69254,25,28617,199,40612,23,25,187,12051,59,28586,210,40637,California
Butte,2021-03-07,53,69307,3,28620,33,40645,17,42,29,12073,24,28610,46,40683,California
Butte,2021-03-08,1266,70573,128,28748,1060,41705,78,120,1100,13088,163,28773,1178,41861,California
Butte,2021-03-09,1906,72479,284,29032,1519,43224,103,223,1416,14120,487,29260,1519,43380,California
Butte,2021-03-10,2317,74796,967,29999,1249,44473,101,324,1578,15064,734,29994,1678,45058,California
Butte,2021-03-11,2812,77608,1318,31317,1367,45840,127,451,1982,16354,819,30813,2109,47167,California
Butte,2021-03-12,1147,78755,332,31649,467,46307,348,799,355,16271,786,31599,703,47870,California
Butte,2021-03-13,252,79007,67,31716,136,46443,49,848,59,16185,193,31792,107,47977,California
Butte,2021-03-14,163,79170,16,31732,105,46548,42,890,20,16105,142,31934,62,48039,California
Butte,2021-03-15,1743,80913,360,32092,1090,47638,293,1183,1147,16957,588,32522,1440,49479,California
Butte,2021-03-16,1651,82564,414,32506,1158,48796,79,1262,1112,17611,536,33058,1190,50669,California
Butte,2021-03-17,1953,84517,1356,33862,516,49312,81,1343,1137,18020,808,33866,1217,51886,California
Butte,2021-03-18,1810,86327,1466,35328,216,49528,128,1471,1063,18469,741,34607,1190,53076,California
Butte,2021-03-19,697,87024,310,35638,303,49831,84,1555,345,18556,342,34949,429,53505,California
Butte,2021-03-20,206,87230,31,35669,159,49990,16,1571,95,18556,111,35060,111,53616,California
Butte,2021-03-21,56,87286,25,35694,2,49992,29,1600,12,18553,44,35104,41,53657,California
Butte,2021-03-22,1480,88766,350,36044,1036,51028,94,1694,1219,19607,259,35363,1313,54970,California
Butte,2021-03-23,1826,90592,493,36537,1219,52247,114,1808,1476,20850,347,35710,1590,56560,California
Butte,2021-03-24,2262,92854,1265,37802,871,53118,126,1934,1713,22144,544,36254,1838,58398,California
Butte,2021-03-25,1483,94337,1198,39000,193,53311,92,2026,1017,22791,462,36716,1109,59507,California
Butte,2021-03-26,1206,95543,438,39438,522,53833,246,2272,559,22957,639,37355,805,60312,California
Butte,2021-03-27,300,95843,83,39521,193,54026,24,2296,135,22952,162,37517,157,60469,California
Butte,2021-03-28,230,96073,45,39566,177,54203,8,2304,103,22938,124,37641,110,60579,California
Butte,2021-03-29,1761,97834,379,39945,1312,55515,70,2374,1344,23940,412,38053,1414,61993,California
Butte,2021-03-30,1034,98868,470,40415,474,55989,90,2464,491,23984,537,38590,581,62574,California
Butte,2021-03-31,1778,100646,1305,41720,406,56395,67,2531,1085,24449,687,39277,1152,63726,California
Butte,2021-04-01,3329,103975,2706,44426,496,56891,127,2658,2259,25772,1064,40341,2387,66113,California
Butte,2021-04-02,1000,104975,416,44842,464,57355,120,2778,564,26026,428,40769,682,66795,California
Butte,2021-04-03,343,105318,45,44887,225,57580,73,2851,163,26082,180,40949,236,67031,California
Butte,2021-04-04,188,105506,24,44911,141,57721,23,2874,110,26139,76,41025,133,67164,California
Butte,2021-04-05,1974,107480,421,45332,1381,59102,172,3046,595,25534,1370,42395,765,67929,California
Butte,2021-04-06,2199,109679,616,45948,1160,60262,423,3469,797,25356,1396,43791,1218,69147,California
Butte,2021-04-07,3038,112717,1321,47269,1325,61587,392,3861,717,24150,2315,46106,1109,70256,California
Butte,2021-04-08,2755,115472,1202,48471,1285,62872,268,4129,459,22585,2292,48398,727,70983,California
Butte,2021-04-09,1375,116847,352,48823,541,63413,482,4611,329,22349,1042,49440,806,71789,California
Butte,2021-04-10,222,117069,47,48870,76,63489,99,4710,100,22425,122,49562,198,71987,California
Butte,2021-04-11,105,117174,42,48912,53,63542,10,4720,82,22495,22,49584,92,72079,California
Butte,2021-04-12,1405,118579,314,49226,959,64501,132,4852,232,21687,1173,50757,365,72444,California
Butte,2021-04-13,1650,120229,575,49801,1069,65570,6,4858,340,20730,1303,52060,346,72790,California
Butte,2021-04-14,2825,123054,2338,52139,487,66057,0,4858,1309,20529,1511,53571,1310,74100,California
Butte,2021-04-15,638,123692,396,52535,242,66299,0,4858,483,20860,152,53723,483,74583,California
Butte,2021-04-16,809,124501,413,52948,396,66695,0,4858,474,21001,333,54056,474,75057,California
Butte,2021-04-17,338,124839,61,53009,277,66972,0,4858,234,21133,102,54158,234,75291,California
Butte,2021-04-18,42,124881,9,53018,33,67005,0,4858,37,21165,5,54163,37,75328,California
Butte,2021-04-19,1560,126441,381,53399,1179,68184,0,4858,428,20464,1129,55292,428,75756,California
Butte,2021-04-20,1969,128410,718,54117,1251,69435,0,4858,753,20008,1209,56501,753,76509,California
Butte,2021-04-21,2042,130452,1161,55278,881,70316,0,4858,463,18898,1573,58074,463,76972,California
Butte,2021-04-22,2218,132670,1941,57219,277,70593,0,4858,612,17907,1603,59677,612,77584,California
Butte,2021-04-23,939,133609,443,57662,496,71089,0,4858,488,17944,451,60128,488,78072,California
Butte,2021-04-24,346,133955,138,57800,208,71297,0,4858,190,17979,155,60283,190,78262,California
Butte,2021-04-25,172,134127,67,57867,105,71402,0,4858,63,17933,109,60392,63,78325,California
Butte,2021-04-26,1497,135624,432,58299,1060,72462,5,4863,385,17214,1109,61501,390,78715,California
Butte,2021-04-27,974,136598,657,58956,290,72752,27,4890,575,17423,393,61894,602,79317,California
Butte,2021-04-28,1386,137984,932,59888,429,73181,25,4915,497,17060,885,62779,522,79839,California
Butte,2021-04-29,888,138872,543,60431,320,73501,25,4940,300,16803,582,63361,325,80164,California
Butte,2021-04-30,892,139764,388,60819,483,73984,21,4961,448,16833,438,63799,468,80632,California
Butte,2021-05-01,240,140004,64,60883,157,74141,19,4980,71,16754,168,63967,89,80721,California
Butte,2021-05-02,150,140154,62,60945,75,74216,13,4993,44,16705,106,64073,57,80778,California
Butte,2021-05-03,634,140788,256,61201,347,74563,31,5024,177,16466,447,64520,208,80986,California
Butte,2021-05-04,818,141606,317,61518,469,75032,32,5056,211,16107,601,65121,242,81228,California
Butte,2021-05-05,1337,142943,1092,62610,209,75241,36,5092,271,15354,1061,66182,308,81536,California
Butte,2021-05-06,933,143876,672,63282,224,75465,37,5129,358,15177,572,66754,395,81931,California
Butte,2021-05-07,561,144437,289,63571,236,75701,36,5165,286,15227,272,67026,322,82253,California
Butte,2021-05-08,169,144606,35,63606,125,75826,9,5174,89,15246,79,67105,98,82351,California
Butte,2021-05-09,93,144699,19,63625,71,75897,3,5177,50,15256,43,67148,53,82404,California
Butte,2021-05-10,514,145213,302,63927,169,76066,43,5220,210,15208,301,67449,253,82657,California
Butte,2021-05-11,864,146077,640,64567,165,76231,59,5279,275,14956,586,68035,334,82991,California
Butte,2021-05-12,728,146805,469,65036,213,76444,46,5325,325,14928,399,68434,371,83362,California
Butte,2021-05-13,850,147655,573,65609,218,76662,59,5384,295,14738,542,68976,352,83714,California
Butte,2021-05-14,831,148486,519,66128,282,76944,30,5414,359,14657,469,69445,388,84102,California
Butte,2021-05-15,480,148966,224,66352,224,77168,32,5446,224,14658,255,69700,256,84358,California
Butte,2021-05-16,167,149133,83,66435,66,77234,18,5464,98,14706,68,69768,116,84474,California
Butte,2021-05-17,754,149887,482,66917,224,77458,48,5512,335,14672,416,70184,382,84856,California
Butte,2021-05-18,1058,150945,726,67643,284,77742,48,5560,476,14620,576,70760,524,85380,California
Butte,2021-05-19,825,151770,533,68176,248,77990,44,5604,330,14503,490,71250,373,85753,California
Butte,2021-05-20,859,152629,595,68771,157,78147,107,5711,336,14425,520,71770,442,86195,California
Butte,2021-05-21,769,153398,474,69245,269,78416,26,5737,264,14212,502,72272,289,86484,California
Butte,2021-05-22,227,153625,108,69353,112,78528,7,5744,114,14223,110,72382,121,86605,California
Butte,2021-05-23,76,153701,49,69402,26,78554,1,5745,46,14240,30,72412,47,86652,California
Butte,2021-05-24,335,154036,149,69551,137,78691,49,5794,171,14297,162,72574,219,86871,California
Butte,2021-05-25,692,154728,443,69994,213,78904,36,5830,345,14338,340,72914,381,87252,California
Butte,2021-05-26,561,155289,181,70175,358,79262,22,5852,254,14316,298,73212,276,87528,California
Butte,2021-05-27,861,156150,620,70795,224,79486,17,5869,427,14332,429,73641,445,87973,California
Butte,2021-05-28,515,156665,139,70934,297,79783,79,5948,214,14326,299,73940,293,88266,California
Butte,2021-05-29,224,156889,116,71050,96,79879,12,5960,149,14412,75,74015,161,88427,California
Butte,2021-05-30,107,156996,56,71106,51,79930,0,5960,61,14427,46,74061,61,88488,California
Butte,2021-05-31,43,157039,23,71129,18,79948,2,5962,25,14436,18,74079,27,88515,California
Butte,2021-06-01,669,157708,422,71551,212,80160,35,5997,255,14315,411,74490,290,88805,California
Butte,2021-06-02,810,158518,571,72122,199,80359,40,6037,364,14277,442,74932,404,89209,California
Butte,2021-06-03,614,159132,412,72534,187,80546,15,6052,234,14149,377,75309,249,89458,California
Butte,2021-06-04,99,159231,23,72557,58,80604,18,6070,37,14146,58,75367,55,89513,California
Calaveras,2020-12-16,5,5,5,5,0,0,0,0,5,5,0,0,5,5,California
Calaveras,2020-12-17,3,8,3,8,0,0,0,0,3,8,0,0,3,8,California
Calaveras,2020-12-18,39,47,39,47,0,0,0,0,39,47,0,0,39,47,California
Calaveras,2020-12-19,3,50,3,50,0,0,0,0,3,50,0,0,3,50,California
Calaveras,2020-12-20,4,54,4,54,0,0,0,0,4,54,0,0,4,54,California
Calaveras,2020-12-21,55,109,48,102,7,7,0,0,55,109,0,0,55,109,California
Calaveras,2020-12-22,82,191,78,180,4,11,0,0,83,192,0,0,83,192,California
Calaveras,2020-12-23,76,267,74,254,2,13,0,0,76,268,0,0,76,268,California
Calaveras,2020-12-24,2,269,2,256,0,13,0,0,2,270,0,0,2,270,California
Calaveras,2020-12-26,3,272,3,259,0,13,0,0,3,273,0,0,3,273,California
Calaveras,2020-12-27,1,273,1,260,0,13,0,0,1,274,0,0,1,274,California
Calaveras,2020-12-28,21,294,17,277,4,17,0,0,20,293,1,1,20,294,California
Calaveras,2020-12-29,159,453,138,415,21,38,0,0,159,452,0,1,159,453,California
Calaveras,2020-12-30,93,546,81,496,12,50,0,0,93,545,0,1,93,546,California
Calaveras,2020-12-31,36,582,25,521,11,61,0,0,36,581,0,1,36,582,California
Calaveras,2021-01-02,11,593,11,532,0,61,0,0,11,592,0,1,11,593,California
Calaveras,2021-01-03,10,603,4,536,6,67,0,0,10,602,0,1,10,603,California
Calaveras,2021-01-04,33,636,5,541,28,95,0,0,33,635,0,1,33,636,California
Calaveras,2021-01-05,41,677,10,551,31,126,0,0,32,663,9,10,37,673,California
Calaveras,2021-01-06,107,784,30,581,77,203,0,0,97,750,10,20,97,770,California
Calaveras,2021-01-07,105,889,26,607,79,282,0,0,92,832,11,31,93,863,California
Calaveras,2021-01-08,68,957,38,645,30,312,0,0,45,855,23,54,46,909,California
Calaveras,2021-01-09,5,962,5,650,0,312,0,0,2,854,3,57,2,911,California
Calaveras,2021-01-10,2,964,0,650,2,314,0,0,2,856,0,57,2,913,California
Calaveras,2021-01-11,65,1029,59,709,6,320,0,0,27,848,37,94,29,942,California
Calaveras,2021-01-12,86,1115,53,762,33,353,0,0,52,867,34,128,53,995,California
Calaveras,2021-01-13,109,1224,45,807,64,417,0,0,75,909,34,162,76,1071,California
Calaveras,2021-01-14,139,1363,43,850,96,513,0,0,106,984,32,194,107,1178,California
Calaveras,2021-01-15,92,1455,28,878,64,577,0,0,72,1036,20,214,72,1250,California
Calaveras,2021-01-16,13,1468,2,880,11,588,0,0,12,1047,1,215,12,1262,California
Calaveras,2021-01-17,10,1478,2,882,8,596,0,0,9,1055,1,216,9,1271,California
Calaveras,2021-01-18,131,1609,19,901,112,708,0,0,118,1163,13,229,121,1392,California
Calaveras,2021-01-19,206,1815,175,1076,31,739,0,0,69,1097,136,365,70,1462,California
Calaveras,2021-01-20,378,2193,82,1158,296,1035,0,0,290,1312,87,452,302,1764,California
Calaveras,2021-01-21,463,2656,40,1198,423,1458,0,0,427,1716,36,488,440,2204,California
Calaveras,2021-01-22,402,3058,23,1221,379,1837,0,0,391,2104,11,499,399,2603,California
Calaveras,2021-01-23,18,3076,8,1229,10,1847,0,0,17,2120,1,500,17,2620,California
Calaveras,2021-01-24,14,3090,8,1237,6,1853,0,0,12,2130,2,502,12,2632,California
Calaveras,2021-01-25,86,3176,8,1245,78,1931,0,0,81,2206,5,507,81,2713,California
Calaveras,2021-01-26,48,3224,16,1261,32,1963,0,0,39,2236,9,516,39,2752,California
Calaveras,2021-01-27,131,3355,44,1305,87,2050,0,0,102,2310,28,544,102,2854,California
Calaveras,2021-01-28,165,3520,25,1330,140,2190,0,0,140,2429,25,569,144,2998,California
Calaveras,2021-01-29,375,3895,12,1342,363,2553,0,0,345,2757,30,599,358,3356,California
Calaveras,2021-01-30,27,3922,10,1352,17,2570,0,0,25,2782,0,599,25,3381,California
Calaveras,2021-01-31,6,3928,4,1356,2,2572,0,0,5,2786,1,600,5,3386,California
Calaveras,2021-02-01,26,3954,11,1367,15,2587,0,0,17,2794,9,609,17,3403,California
Calaveras,2021-02-02,110,4064,22,1389,88,2675,0,0,71,2832,34,643,72,3475,California
Calaveras,2021-02-03,434,4498,44,1433,390,3065,0,0,349,3099,84,727,351,3826,California
Calaveras,2021-02-04,383,4881,26,1459,357,3422,0,0,298,3315,85,812,301,4127,California
Calaveras,2021-02-05,79,4960,22,1481,57,3479,0,0,41,3319,38,850,42,4169,California
Calaveras,2021-02-06,21,4981,12,1493,9,3488,0,0,21,3340,0,850,21,4190,California
Calaveras,2021-02-07,5,4986,1,1494,4,3492,0,0,2,3340,2,852,2,4192,California
Calaveras,2021-02-08,38,5024,17,1511,21,3513,0,0,30,3364,6,858,30,4222,California
Calaveras,2021-02-09,193,5217,77,1588,116,3629,0,0,131,3436,60,918,132,4354,California
Calaveras,2021-02-10,514,5731,31,1619,483,4112,0,0,441,3810,73,991,447,4801,California
Calaveras,2021-02-11,581,6312,81,1700,500,4612,0,0,472,4180,106,1097,476,5277,California
Calaveras,2021-02-12,569,6881,324,2024,245,4857,0,0,492,4600,75,1172,495,5772,California
Calaveras,2021-02-13,200,7081,45,2069,155,5012,0,0,185,4770,15,1187,185,5957,California
Calaveras,2021-02-14,221,7302,71,2140,150,5162,0,0,206,4962,14,1201,206,6163,California
Calaveras,2021-02-15,382,7684,23,2163,359,5521,0,0,262,5107,117,1318,262,6425,California
Calaveras,2021-02-16,267,7951,144,2307,123,5644,0,0,229,5301,38,1356,232,6657,California
Calaveras,2021-02-17,512,8463,38,2345,474,6118,0,0,208,5221,292,1648,212,6869,California
Calaveras,2021-02-18,498,8961,91,2436,407,6525,0,0,95,4933,384,2032,96,6965,California
Calaveras,2021-02-19,438,9399,42,2478,396,6921,0,0,97,4700,330,2362,97,7062,California
Calaveras,2021-02-20,57,9456,15,2493,42,6963,0,0,47,4737,10,2372,47,7109,California
Calaveras,2021-02-21,25,9481,15,2508,10,6973,0,0,18,4749,6,2378,18,7127,California
Calaveras,2021-02-22,62,9543,38,2546,24,6997,0,0,33,4753,29,2407,33,7160,California
Calaveras,2021-02-23,128,9671,43,2589,85,7082,0,0,92,4810,36,2443,93,7253,California
Calaveras,2021-02-24,96,9767,47,2636,49,7131,0,0,66,4847,29,2472,66,7319,California
Calaveras,2021-02-25,552,10319,102,2738,450,7581,0,0,356,5017,191,2663,361,7680,California
Calaveras,2021-02-26,749,11068,46,2784,703,8284,0,0,396,5082,332,2995,397,8077,California
Calaveras,2021-02-27,205,11273,22,2806,183,8467,0,0,181,5239,24,3019,181,8258,California
Calaveras,2021-02-28,97,11370,15,2821,82,8549,0,0,91,5325,5,3024,91,8349,California
Calaveras,2021-03-01,232,11602,42,2863,190,8739,0,0,149,5396,79,3103,150,8499,California
Calaveras,2021-03-02,250,11852,97,2960,153,8892,0,0,204,5558,43,3146,205,8704,California
Calaveras,2021-03-03,515,12367,105,3065,410,9302,0,0,213,5475,296,3442,213,8917,California
Calaveras,2021-03-04,745,13112,69,3134,675,9977,1,1,353,5447,383,3825,355,9272,California
Calaveras,2021-03-05,454,13566,271,3405,179,10156,4,5,140,5282,309,4134,144,9416,California
Calaveras,2021-03-06,154,13720,41,3446,107,10263,6,11,114,5362,40,4174,120,9536,California
Calaveras,2021-03-07,76,13796,32,3478,37,10300,7,18,34,5361,42,4216,41,9577,California
Calaveras,2021-03-08,163,13959,27,3505,128,10428,8,26,129,5465,33,4249,137,9714,California
Calaveras,2021-03-09,360,14319,136,3641,218,10646,6,32,32,5181,322,4571,38,9752,California
Calaveras,2021-03-10,420,14739,32,3673,385,11031,3,35,59,4889,354,4925,62,9814,California
Calaveras,2021-03-11,850,15589,423,4096,414,11445,13,48,431,4922,413,5338,446,10260,California
Calaveras,2021-03-12,401,15990,212,4308,179,11624,10,58,325,5188,75,5413,341,10601,California
Calaveras,2021-03-13,177,16167,15,4323,154,11778,8,66,140,5304,36,5449,152,10753,California
Calaveras,2021-03-14,155,16322,11,4334,143,11921,1,67,17,5191,138,5587,25,10778,California
Calaveras,2021-03-15,329,16651,48,4382,256,12177,25,92,52,4996,276,5863,81,10859,California
Calaveras,2021-03-16,690,17341,554,4936,116,12293,20,112,546,5420,142,6005,566,11425,California
Calaveras,2021-03-17,279,17620,52,4988,213,12506,14,126,49,5259,225,6230,64,11489,California
Calaveras,2021-03-18,665,18285,570,5558,79,12585,16,142,547,5706,118,6348,565,12054,California
Calaveras,2021-03-19,232,18517,50,5608,108,12693,74,216,58,5666,170,6518,130,12184,California
Calaveras,2021-03-20,78,18595,22,5630,55,12748,1,217,21,5632,57,6575,23,12207,California
Calaveras,2021-03-21,46,18641,30,5660,5,12753,11,228,11,5619,35,6610,22,12229,California
Calaveras,2021-03-22,80,18721,36,5696,23,12776,21,249,25,5610,55,6665,46,12275,California
Calaveras,2021-03-23,296,19017,205,5901,81,12857,10,259,118,5570,168,6833,128,12403,California
Calaveras,2021-03-24,136,19153,52,5953,74,12931,10,269,44,5534,90,6923,54,12457,California
Calaveras,2021-03-25,743,19896,103,6056,636,13567,4,273,446,5695,289,7212,450,12907,California
Calaveras,2021-03-26,427,20323,28,6084,393,13960,6,279,88,5455,336,7548,96,13003,California
Calaveras,2021-03-27,211,20534,18,6102,189,14149,4,283,37,5327,171,7719,43,13046,California
Calaveras,2021-03-28,112,20646,12,6114,98,14247,2,285,8,5235,103,7822,11,13057,California
Calaveras,2021-03-29,177,20823,23,6137,151,14398,3,288,57,5178,118,7940,61,13118,California
Calaveras,2021-03-30,538,21361,25,6162,496,14894,17,305,360,5378,177,8117,377,13495,California
Calaveras,2021-03-31,322,21683,142,6304,170,15064,10,315,155,5377,167,8284,166,13661,California
Calaveras,2021-04-01,685,22368,444,6748,240,15304,1,316,186,5072,496,8780,191,13852,California
Calaveras,2021-04-02,392,22760,229,6977,155,15459,8,324,116,4924,273,9053,125,13977,California
Calaveras,2021-04-03,144,22904,33,7010,107,15566,4,328,40,4864,104,9157,44,14021,California
Calaveras,2021-04-04,78,22982,25,7035,53,15619,0,328,49,4884,29,9186,49,14070,California
Calaveras,2021-04-05,213,23195,82,7117,121,15740,10,338,101,4883,112,9298,111,14181,California
Calaveras,2021-04-06,652,23847,574,7691,64,15804,14,352,112,4473,536,9834,126,14307,California
Calaveras,2021-04-07,756,24603,659,8350,61,15865,36,388,619,4992,137,9971,656,14963,California
Calaveras,2021-04-08,946,25549,856,9206,69,15934,21,409,437,4945,506,10477,459,15422,California
Calaveras,2021-04-09,155,25704,59,9265,48,15982,48,457,57,4954,97,10574,106,15528,California
Calaveras,2021-04-10,192,25896,43,9308,131,16113,18,475,149,5080,42,10616,168,15696,California
Calaveras,2021-04-11,68,25964,44,9352,22,16135,2,477,48,5110,20,10636,50,15746,California
Calaveras,2021-04-12,101,26065,46,9398,37,16172,18,495,55,5138,46,10682,74,15820,California
Calaveras,2021-04-13,423,26488,368,9766,55,16227,0,495,364,5446,58,10740,366,16186,California
Calaveras,2021-04-14,181,26669,29,9795,152,16379,0,495,135,5536,46,10786,136,16322,California
Calaveras,2021-04-15,336,27005,287,10082,49,16428,0,495,253,5709,80,10866,253,16575,California
Calaveras,2021-04-16,99,27104,24,10106,75,16503,0,495,46,5706,49,10915,46,16621,California
Calaveras,2021-04-17,330,27434,126,10232,204,16707,0,495,288,5952,42,10957,288,16909,California
Calaveras,2021-04-18,17,27451,6,10238,11,16718,0,495,11,5957,6,10963,11,16920,California
Calaveras,2021-04-19,73,27524,27,10265,46,16764,0,495,45,5976,27,10990,46,16966,California
Calaveras,2021-04-20,261,27785,92,10357,169,16933,0,495,194,6105,65,11055,194,17160,California
Calaveras,2021-04-21,214,27999,144,10501,70,17003,0,495,81,6056,131,11186,82,17242,California
Calaveras,2021-04-22,542,28541,96,10597,446,17449,0,495,141,5800,399,11585,143,17385,California
Calaveras,2021-04-23,157,28698,79,10676,78,17527,0,495,64,5774,90,11675,64,17449,California
Calaveras,2021-04-24,172,28870,36,10712,136,17663,0,495,129,5862,42,11717,130,17579,California
Calaveras,2021-04-25,43,28913,28,10740,15,17678,0,495,22,5865,21,11738,24,17603,California
Calaveras,2021-04-26,99,29012,61,10801,38,17716,0,495,29,5825,70,11808,30,17633,California
Calaveras,2021-04-27,427,29439,63,10864,351,18067,13,508,52,5518,372,12180,65,17698,California
Calaveras,2021-04-28,642,30081,575,11439,36,18103,31,539,51,5017,590,12770,89,17787,California
Calaveras,2021-04-29,512,30593,440,11879,53,18156,19,558,72,4674,439,13209,96,17883,California
Calaveras,2021-04-30,147,30740,58,11937,84,18240,5,563,65,4669,81,13290,76,17959,California
Calaveras,2021-05-01,199,30939,110,12047,87,18327,2,565,132,4741,66,13356,138,18097,California
Calaveras,2021-05-02,51,30990,34,12081,16,18343,1,566,19,4731,31,13387,21,18118,California
Calaveras,2021-05-03,92,31082,68,12149,19,18362,5,571,29,4706,63,13450,38,18156,California
Calaveras,2021-05-04,412,31494,329,12478,46,18408,37,608,41,4415,370,13820,79,18235,California
Calaveras,2021-05-05,112,31606,57,12535,23,18431,32,640,49,4433,62,13882,80,18315,California
Calaveras,2021-05-06,254,31860,194,12729,36,18467,24,664,47,4298,207,14089,72,18387,California
Calaveras,2021-05-07,83,31943,23,12752,54,18521,6,670,54,4329,29,14118,60,18447,California
Calaveras,2021-05-08,290,32233,141,12893,147,18668,2,672,92,4227,196,14314,94,18541,California
Calaveras,2021-05-09,28,32261,12,12905,13,18681,3,675,12,4226,16,14330,15,18556,California
Calaveras,2021-05-10,55,32316,25,12930,29,18710,1,676,24,4223,29,14359,26,18582,California
Calaveras,2021-05-11,128,32444,84,13014,31,18741,13,689,89,4288,38,14397,103,18685,California
Calaveras,2021-05-12,156,32600,36,13050,120,18861,0,689,44,4221,111,14508,44,18729,California
Calaveras,2021-05-13,113,32713,60,13110,38,18899,15,704,60,4244,52,14560,75,18804,California
Calaveras,2021-05-14,150,32863,93,13203,54,18953,3,707,101,4300,48,14608,104,18908,California
Calaveras,2021-05-15,265,33128,92,13295,170,19123,3,710,105,4254,154,14762,108,19016,California
Calaveras,2021-05-16,28,33156,11,13306,17,19140,0,710,13,4253,15,14777,14,19030,California
Calaveras,2021-05-17,87,33243,40,13346,40,19180,7,717,46,4267,40,14817,54,19084,California
Calaveras,2021-05-18,223,33466,60,13406,141,19321,22,739,72,4211,150,14967,94,19178,California
Calaveras,2021-05-19,146,33612,59,13465,82,19403,5,744,71,4214,74,15041,77,19255,California
Calaveras,2021-05-20,184,33796,73,13538,87,19490,24,768,62,4180,119,15160,85,19340,California
Calaveras,2021-05-21,79,33875,49,13587,26,19516,4,772,50,4206,27,15187,53,19393,California
Calaveras,2021-05-22,282,34157,157,13744,125,19641,0,772,141,4208,139,15326,141,19534,California
Calaveras,2021-05-23,18,34175,14,13758,4,19645,0,772,10,4210,8,15334,10,19544,California
Calaveras,2021-05-24,73,34248,37,13795,20,19665,16,788,33,4220,40,15374,50,19594,California
Calaveras,2021-05-25,121,34369,46,13841,58,19723,17,805,60,4236,61,15435,77,19671,California
Calaveras,2021-05-26,119,34488,86,13927,29,19752,4,809,82,4285,36,15471,85,19756,California
Calaveras,2021-05-27,83,34571,43,13970,36,19788,4,813,27,4264,53,15524,32,19788,California
Calaveras,2021-05-28,83,34654,43,14013,36,19824,4,817,41,4267,42,15566,45,19833,California
Calaveras,2021-05-29,68,34722,23,14036,40,19864,5,822,33,4271,34,15600,38,19871,California
Calaveras,2021-05-30,36,34758,14,14050,17,19881,5,827,11,4262,25,15625,16,19887,California
Calaveras,2021-05-31,5,34763,0,14050,3,19884,2,829,0,4259,5,15630,2,19889,California
Calaveras,2021-06-01,144,34907,97,14147,41,19925,6,835,45,4211,99,15729,51,19940,California
Calaveras,2021-06-02,62,34969,32,14179,26,19951,4,839,25,4203,37,15766,29,19969,California
Calaveras,2021-06-03,59,35028,34,14213,21,19972,4,843,27,4205,31,15797,33,20002,California
Calaveras,2021-06-04,3,35031,1,14214,2,19974,0,843,1,4204,2,15799,1,20003,California
Colusa,2020-12-18,1,1,1,1,0,0,0,0,1,1,0,0,1,1,California
Colusa,2020-12-21,2,3,2,3,0,0,0,0,2,3,0,0,2,3,California
Colusa,2020-12-22,10,13,10,13,0,0,0,0,10,13,0,0,10,13,California
Colusa,2020-12-23,10,23,10,23,0,0,0,0,10,23,0,0,10,23,California
Colusa,2020-12-24,2,25,1,24,1,1,0,0,2,25,0,0,2,25,California
Colusa,2020-12-27,1,26,1,25,0,1,0,0,1,26,0,0,1,26,California
Colusa,2020-12-28,7,33,3,28,4,5,0,0,7,33,0,0,7,33,California
Colusa,2020-12-29,11,44,8,36,3,8,0,0,11,44,0,0,11,44,California
Colusa,2020-12-30,50,94,13,49,37,45,0,0,50,94,0,0,50,94,California
Colusa,2020-12-31,18,112,1,50,17,62,0,0,18,112,0,0,18,112,California
Colusa,2021-01-04,4,116,0,50,4,66,0,0,4,116,0,0,4,116,California
Colusa,2021-01-05,67,183,1,51,66,132,0,0,67,183,0,0,67,183,California
Colusa,2021-01-06,15,198,9,60,6,138,0,0,15,198,0,0,15,198,California
Colusa,2021-01-07,38,236,4,64,34,172,0,0,37,234,1,1,37,235,California
Colusa,2021-01-08,9,245,7,71,2,174,0,0,8,241,1,2,8,243,California
Colusa,2021-01-09,2,247,1,72,1,175,0,0,2,243,0,2,2,245,California
Colusa,2021-01-10,1,248,0,72,1,176,0,0,1,244,0,2,1,246,California
Colusa,2021-01-11,12,260,6,78,6,182,0,0,7,246,5,7,7,253,California
Colusa,2021-01-12,11,271,9,87,2,184,0,0,6,247,5,12,6,259,California
Colusa,2021-01-13,21,292,13,100,8,192,0,0,13,252,8,20,13,272,California
Colusa,2021-01-14,35,327,28,128,7,199,0,0,33,283,2,22,33,305,California
Colusa,2021-01-15,43,370,5,133,38,237,0,0,41,322,2,24,41,346,California
Colusa,2021-01-16,12,382,1,134,11,248,0,0,11,332,1,25,11,357,California
Colusa,2021-01-17,3,385,2,136,1,249,0,0,2,333,1,26,2,359,California
Colusa,2021-01-18,4,389,0,136,4,253,0,0,4,337,0,26,4,363,California
Colusa,2021-01-19,9,398,8,144,1,254,0,0,5,338,4,30,5,368,California
Colusa,2021-01-20,113,511,101,245,12,266,0,0,100,425,13,43,100,468,California
Colusa,2021-01-21,58,569,43,288,15,281,0,0,57,481,1,44,57,525,California
Colusa,2021-01-22,37,606,17,305,20,301,0,0,32,508,5,49,32,557,California
Colusa,2021-01-23,35,641,6,311,29,330,0,0,35,543,0,49,35,592,California
Colusa,2021-01-25,7,648,0,311,7,337,0,0,7,550,0,49,7,599,California
Colusa,2021-01-26,8,656,5,316,3,340,0,0,5,552,3,52,5,604,California
Colusa,2021-01-27,109,765,31,347,78,418,0,0,107,657,2,54,107,711,California
Colusa,2021-01-28,79,844,46,393,33,451,0,0,72,722,7,61,72,783,California
Colusa,2021-01-29,40,884,7,400,33,484,0,0,39,760,1,62,39,822,California
Colusa,2021-01-30,27,911,4,404,23,507,0,0,27,787,0,62,27,849,California
Colusa,2021-01-31,7,918,7,411,0,507,0,0,7,794,0,62,7,856,California
Colusa,2021-02-01,27,945,10,421,17,524,0,0,22,811,5,67,22,878,California
Colusa,2021-02-02,44,989,9,430,35,559,0,0,37,841,7,74,37,915,California
Colusa,2021-02-03,70,1059,11,441,59,618,0,0,60,891,10,84,60,975,California
Colusa,2021-02-04,143,1202,81,522,62,680,0,0,115,978,28,112,115,1090,California
Colusa,2021-02-05,29,1231,8,530,21,701,0,0,26,1001,3,115,26,1116,California
Colusa,2021-02-06,283,1514,9,539,274,975,0,0,272,1262,11,126,272,1388,California
Colusa,2021-02-07,2,1516,1,540,1,976,0,0,0,1260,2,128,0,1388,California
Colusa,2021-02-08,40,1556,5,545,35,1011,0,0,37,1294,3,131,37,1425,California
Colusa,2021-02-09,230,1786,14,559,216,1227,0,0,176,1416,54,185,176,1601,California
Colusa,2021-02-10,115,1901,41,600,74,1301,0,0,72,1445,43,228,72,1673,California
Colusa,2021-02-11,102,2003,39,639,63,1364,0,0,75,1493,27,255,75,1748,California
Colusa,2021-02-12,119,2122,9,648,110,1474,0,0,79,1531,41,296,79,1827,California
Colusa,2021-02-13,60,2182,8,656,52,1526,0,0,52,1575,8,304,52,1879,California
Colusa,2021-02-14,21,2203,8,664,13,1539,0,0,15,1584,6,310,15,1894,California
Colusa,2021-02-15,45,2248,10,674,35,1574,0,0,38,1615,7,317,38,1932,California
Colusa,2021-02-16,67,2315,4,678,63,1637,0,0,66,1680,1,318,66,1998,California
Colusa,2021-02-17,203,2518,143,821,60,1697,0,0,58,1593,145,463,58,2056,California
Colusa,2021-02-18,136,2654,36,857,100,1797,0,0,113,1683,23,486,113,2169,California
Colusa,2021-02-19,153,2807,19,876,134,1931,0,0,130,1790,23,509,130,2299,California
Colusa,2021-02-20,27,2834,5,881,22,1953,0,0,11,1785,16,525,11,2310,California
Colusa,2021-02-21,1,2835,1,882,0,1953,0,0,0,1784,1,526,0,2310,California
Colusa,2021-02-22,43,2878,26,908,17,1970,0,0,29,1799,14,540,29,2339,California
Colusa,2021-02-23,22,2900,7,915,15,1985,0,0,17,1811,5,545,17,2356,California
Colusa,2021-02-24,302,3202,55,970,247,2232,0,0,158,1825,144,689,158,2514,California
Colusa,2021-02-25,102,3304,55,1025,47,2279,0,0,66,1855,36,725,66,2580,California
Colusa,2021-02-26,96,3400,14,1039,82,2361,0,0,59,1877,37,762,59,2639,California
Colusa,2021-02-27,55,3455,4,1043,51,2412,0,0,40,1902,15,777,40,2679,California
Colusa,2021-02-28,27,3482,15,1058,12,2424,0,0,18,1911,9,786,18,2697,California
Colusa,2021-03-01,46,3528,15,1073,31,2455,0,0,29,1923,17,803,29,2726,California
Colusa,2021-03-02,49,3577,13,1086,36,2491,0,0,26,1926,23,826,26,2752,California
Colusa,2021-03-03,243,3820,43,1129,200,2691,0,0,186,2055,57,883,186,2938,California
Colusa,2021-03-04,140,3960,60,1189,80,2771,0,0,80,2075,60,943,80,3018,California
Colusa,2021-03-05,95,4055,25,1214,61,2832,9,9,53,2095,42,985,62,3080,California
Colusa,2021-03-06,272,4327,9,1223,263,3095,0,9,37,1897,235,1220,37,3117,California
Colusa,2021-03-07,8,4335,5,1228,3,3098,0,9,6,1901,2,1222,6,3123,California
Colusa,2021-03-08,89,4424,21,1249,33,3131,35,44,45,1937,44,1266,80,3203,California
Colusa,2021-03-09,276,4700,75,1324,178,3309,23,67,86,1856,190,1456,109,3312,California
Colusa,2021-03-10,290,4990,38,1362,216,3525,36,103,204,2010,86,1542,240,3552,California
Colusa,2021-03-11,419,5409,60,1422,338,3863,21,124,337,2284,82,1624,356,3908,California
Colusa,2021-03-12,109,5518,18,1440,78,3941,13,137,19,2226,90,1714,32,3940,California
Colusa,2021-03-13,60,5578,15,1455,36,3977,9,146,18,2211,42,1756,27,3967,California
Colusa,2021-03-14,20,5598,0,1455,18,3995,2,148,6,2206,13,1769,8,3975,California
Colusa,2021-03-15,71,5669,27,1482,36,4031,8,156,15,2173,56,1825,23,3998,California
Colusa,2021-03-16,296,5965,16,1498,234,4265,46,202,189,2301,107,1932,235,4233,California
Colusa,2021-03-17,193,6158,50,1548,143,4408,0,202,108,2324,85,2017,108,4341,California
Colusa,2021-03-18,324,6482,37,1585,216,4624,71,273,201,2473,123,2140,272,4613,California
Colusa,2021-03-19,78,6560,20,1605,56,4680,2,275,53,2503,25,2165,55,4668,California
Colusa,2021-03-20,49,6609,7,1612,41,4721,1,276,36,2527,13,2178,37,4705,California
Colusa,2021-03-21,6,6615,4,1616,2,4723,0,276,3,2527,3,2181,3,4708,California
Colusa,2021-03-22,62,6677,10,1626,43,4766,9,285,40,2554,22,2203,49,4757,California
Colusa,2021-03-23,81,6758,16,1642,63,4829,2,287,55,2585,26,2229,57,4814,California
Colusa,2021-03-24,341,7099,57,1699,278,5107,6,293,68,2385,273,2502,73,4887,California
Colusa,2021-03-25,107,7206,60,1759,42,5149,5,298,50,2383,57,2559,55,4942,California
Colusa,2021-03-26,298,7504,48,1807,246,5395,4,302,246,2581,52,2611,250,5192,California
Colusa,2021-03-27,64,7568,5,1812,59,5454,0,302,26,2569,38,2649,26,5218,California
Colusa,2021-03-28,16,7584,7,1819,9,5463,0,302,8,2569,8,2657,8,5226,California
Colusa,2021-03-29,73,7657,21,1840,46,5509,6,308,33,2568,40,2697,39,5265,California
Colusa,2021-03-30,151,7808,83,1923,66,5575,2,310,71,2561,80,2777,73,5338,California
Colusa,2021-03-31,234,8042,41,1964,193,5768,0,310,73,2474,160,2937,73,5411,California
Colusa,2021-04-01,435,8477,72,2036,308,6076,55,365,312,2718,122,3059,366,5777,California
Colusa,2021-04-02,83,8560,14,2050,55,6131,14,379,39,2727,44,3103,53,5830,California
Colusa,2021-04-03,61,8621,10,2060,28,6159,23,402,14,2716,47,3150,36,5866,California
Colusa,2021-04-04,18,8639,0,2060,8,6167,10,412,3,2714,15,3165,13,5879,California
Colusa,2021-04-05,97,8736,26,2086,55,6222,16,428,39,2711,58,3223,55,5934,California
Colusa,2021-04-06,130,8866,35,2121,45,6267,50,478,43,2717,87,3310,93,6027,California
Colusa,2021-04-07,358,9224,41,2162,294,6561,23,501,131,2645,227,3537,155,6182,California
Colusa,2021-04-08,425,9649,34,2196,365,6926,26,527,121,2491,301,3838,147,6329,California
Colusa,2021-04-09,77,9726,21,2217,32,6958,24,551,28,2494,49,3887,52,6381,California
Colusa,2021-04-10,44,9770,9,2226,14,6972,21,572,11,2493,33,3920,32,6413,California
Colusa,2021-04-11,17,9787,3,2229,12,6984,2,574,8,2494,9,3929,10,6423,California
Colusa,2021-04-12,32,9819,3,2232,29,7013,0,574,25,2512,7,3936,25,6448,California
Colusa,2021-04-13,278,10097,22,2254,256,7269,0,574,93,2421,184,4120,93,6541,California
Colusa,2021-04-14,94,10191,18,2272,76,7345,0,574,33,2393,61,4181,33,6574,California
Colusa,2021-04-15,325,10516,46,2318,279,7624,0,574,133,2334,192,4373,133,6707,California
Colusa,2021-04-16,79,10595,11,2329,68,7692,0,574,35,2326,43,4416,35,6742,California
Colusa,2021-04-17,51,10646,7,2336,44,7736,0,574,29,2333,22,4438,29,6771,California
Colusa,2021-04-18,9,10655,2,2338,7,7743,0,574,7,2338,2,4440,7,6778,California
Colusa,2021-04-19,61,10716,22,2360,39,7782,0,574,16,2309,45,4485,16,6794,California
Colusa,2021-04-20,178,10894,31,2391,147,7929,0,574,129,2389,49,4534,129,6923,California
Colusa,2021-04-21,170,11064,59,2450,111,8040,0,574,110,2439,60,4594,110,7033,California
Colusa,2021-04-22,420,11484,27,2477,392,8432,1,575,218,2456,201,4795,218,7251,California
Colusa,2021-04-23,92,11576,19,2496,73,8505,0,575,36,2436,56,4851,36,7287,California
Colusa,2021-04-24,240,11816,18,2514,221,8726,1,576,208,2612,32,4883,208,7495,California
Colusa,2021-04-25,12,11828,6,2520,6,8732,0,576,8,2616,4,4887,8,7503,California
Colusa,2021-04-26,23,11851,5,2525,17,8749,1,577,6,2606,16,4903,6,7509,California
Colusa,2021-04-27,94,11945,23,2548,67,8816,4,581,44,2604,50,4953,48,7557,California
Colusa,2021-04-28,187,12132,26,2574,158,8974,3,584,137,2695,49,5002,140,7697,California
Colusa,2021-04-29,319,12451,27,2601,288,9262,4,588,47,2476,270,5272,51,7748,California
Colusa,2021-04-30,65,12516,18,2619,47,9309,0,588,41,2493,24,5296,41,7789,California
Colusa,2021-05-01,19,12535,8,2627,8,9317,3,591,9,2495,10,5306,12,7801,California
Colusa,2021-05-02,4,12539,1,2628,2,9319,1,592,2,2496,2,5308,3,7804,California
Colusa,2021-05-03,31,12570,7,2635,24,9343,0,592,15,2495,16,5324,15,7819,California
Colusa,2021-05-04,95,12665,52,2687,42,9385,1,593,68,2537,27,5351,69,7888,California
Colusa,2021-05-05,79,12744,16,2703,62,9447,1,594,34,2527,45,5396,35,7923,California
Colusa,2021-05-06,254,12998,16,2719,236,9683,2,596,111,2497,143,5539,113,8036,California
Colusa,2021-05-07,67,13065,5,2724,58,9741,4,600,31,2496,36,5575,35,8071,California
Colusa,2021-05-08,17,13082,5,2729,12,9753,0,600,9,2497,8,5583,9,8080,California
Colusa,2021-05-09,13,13095,5,2734,5,9758,3,603,6,2499,7,5590,9,8089,California
Colusa,2021-05-10,16,13111,6,2740,10,9768,0,603,7,2497,9,5599,7,8096,California
Colusa,2021-05-11,92,13203,33,2773,59,9827,0,603,50,2505,42,5641,50,8146,California
Colusa,2021-05-12,71,13274,31,2804,36,9863,4,607,20,2478,51,5692,24,8170,California
Colusa,2021-05-13,239,13513,22,2826,216,10079,1,608,76,2392,163,5855,77,8247,California
Colusa,2021-05-14,86,13599,18,2844,53,10132,15,623,33,2388,52,5907,48,8295,California
Colusa,2021-05-15,37,13636,9,2853,26,10158,2,625,19,2391,18,5925,21,8316,California
Colusa,2021-05-16,22,13658,5,2858,10,10168,7,632,10,2396,12,5937,17,8333,California
Colusa,2021-05-17,24,13682,4,2862,18,10186,2,634,12,2398,12,5949,14,8347,California
Colusa,2021-05-18,98,13780,24,2886,72,10258,2,636,43,2388,55,6004,45,8392,California
Colusa,2021-05-19,217,13997,43,2929,154,10412,20,656,67,2325,150,6154,87,8479,California
Colusa,2021-05-20,281,14278,34,2963,243,10655,4,660,70,2188,211,6365,74,8553,California
Colusa,2021-05-21,68,14346,23,2986,43,10698,2,662,36,2194,32,6397,38,8591,California
Colusa,2021-05-22,214,14560,20,3006,194,10892,0,662,28,2036,186,6583,28,8619,California
Colusa,2021-05-23,15,14575,5,3011,6,10898,4,666,3,2031,12,6595,7,8626,California
Colusa,2021-05-24,26,14601,3,3014,18,10916,5,671,15,2040,11,6606,20,8646,California
Colusa,2021-05-25,132,14733,73,3087,57,10973,2,673,50,2010,82,6688,52,8698,California
Colusa,2021-05-26,71,14804,24,3111,47,11020,0,673,33,2005,38,6726,33,8731,California
Colusa,2021-05-27,170,14974,17,3128,153,11173,0,673,54,1943,116,6842,54,8785,California
Colusa,2021-05-28,80,15054,26,3154,53,11226,1,674,40,1944,40,6882,41,8826,California
Colusa,2021-05-29,37,15091,18,3172,18,11244,1,675,29,1966,8,6890,30,8856,California
Colusa,2021-05-30,8,15099,1,3173,2,11246,5,680,1,1965,7,6897,6,8862,California
Colusa,2021-05-31,4,15103,0,3173,4,11250,0,680,1,1963,3,6900,1,8863,California
Colusa,2021-06-01,53,15156,17,3190,35,11285,1,681,28,1968,24,6924,29,8892,California
Colusa,2021-06-02,146,15302,20,3210,124,11409,2,683,52,1929,93,7017,54,8946,California
Colusa,2021-06-03,63,15365,20,3230,42,11451,1,684,28,1926,32,7049,29,8975,California
Colusa,2021-06-04,26,15391,5,3235,18,11469,3,687,8,1919,18,7067,11,8986,California
Contra Costa,2020-12-15,18,18,18,18,0,0,0,0,18,18,0,0,18,18,California
Contra Costa,2020-12-16,522,540,522,540,0,0,0,0,522,540,0,0,522,540,California
Contra Costa,2020-12-17,915,1455,915,1455,0,0,0,0,915,1455,0,0,915,1455,California
Contra Costa,2020-12-18,1609,3064,1608,3063,1,1,0,0,1609,3064,0,0,1609,3064,California
Contra Costa,2020-12-19,1114,4178,1113,4176,1,2,0,0,1114,4178,0,0,1114,4178,California
Contra Costa,2020-12-20,591,4769,590,4766,1,3,0,0,591,4769,0,0,591,4769,California
Contra Costa,2020-12-21,1663,6432,1661,6427,2,5,0,0,1663,6432,0,0,1663,6432,California
Contra Costa,2020-12-22,1675,8107,1569,7996,106,111,0,0,1675,8107,0,0,1675,8107,California
Contra Costa,2020-12-23,1613,9720,1366,9362,247,358,0,0,1613,9720,0,0,1613,9720,California
Contra Costa,2020-12-24,660,10380,338,9700,322,680,0,0,660,10380,0,0,660,10380,California
Contra Costa,2020-12-25,40,10420,18,9718,22,702,0,0,40,10420,0,0,40,10420,California
Contra Costa,2020-12-26,652,11072,133,9851,519,1221,0,0,652,11072,0,0,652,11072,California
Contra Costa,2020-12-27,242,11314,86,9937,156,1377,0,0,242,11314,0,0,242,11314,California
Contra Costa,2020-12-28,1842,13156,869,10806,973,2350,0,0,1842,13156,0,0,1842,13156,California
Contra Costa,2020-12-29,1841,14997,824,11630,1017,3367,0,0,1841,14997,0,0,1841,14997,California
Contra Costa,2020-12-30,2414,17411,1215,12845,1199,4566,0,0,2413,17410,1,1,2414,17411,California
Contra Costa,2020-12-31,920,18331,307,13152,613,5179,0,0,919,18329,0,1,919,18330,California
Contra Costa,2021-01-01,64,18395,24,13176,40,5219,0,0,64,18393,0,1,64,18394,California
Contra Costa,2021-01-02,338,18733,174,13350,164,5383,0,0,338,18731,0,1,338,18732,California
Contra Costa,2021-01-03,178,18911,122,13472,56,5439,0,0,177,18908,0,1,177,18909,California
Contra Costa,2021-01-04,1915,20826,1255,14727,660,6099,0,0,1895,20785,18,19,1895,20804,California
Contra Costa,2021-01-05,2117,22943,1264,15991,853,6952,0,0,1857,22384,259,278,1858,22662,California
Contra Costa,2021-01-06,3293,26236,2256,18247,1037,7989,0,0,2531,24165,756,1034,2537,25199,California
Contra Costa,2021-01-07,3112,29348,2072,20319,1040,9029,0,0,1891,24841,1218,2252,1894,27093,California
Contra Costa,2021-01-08,3405,32753,2408,22727,997,10026,0,0,1826,25099,1574,3826,1832,28925,California
Contra Costa,2021-01-09,1601,34354,1147,23874,454,10480,0,0,747,25000,853,4679,754,29679,California
Contra Costa,2021-01-10,367,34721,290,24164,77,10557,0,0,155,24944,212,4891,156,29835,California
Contra Costa,2021-01-11,3852,38573,3155,27319,697,11254,0,0,2239,25574,1613,6504,2243,32078,California
Contra Costa,2021-01-12,3934,42507,2954,30273,980,12234,0,0,2595,26840,1339,7843,2605,34683,California
Contra Costa,2021-01-13,4760,47267,2954,33227,1806,14040,0,0,3802,29692,954,8797,3806,38489,California
Contra Costa,2021-01-14,4340,51607,1574,34801,2766,16806,0,0,3953,33259,387,9184,3954,42443,California
Contra Costa,2021-01-15,5360,56967,2472,37273,2888,19694,0,0,5033,37970,326,9510,5037,47480,California
Contra Costa,2021-01-16,1735,58702,561,37834,1174,20868,0,0,1659,39554,76,9586,1660,49140,California
Contra Costa,2021-01-17,1663,60365,978,38812,685,21553,0,0,1541,40976,122,9708,1544,50684,California
Contra Costa,2021-01-18,3234,63599,1278,40090,1956,23509,0,0,2606,42961,622,10330,2607,53291,California
Contra Costa,2021-01-19,7084,70683,3170,43260,3914,27423,0,0,6075,48035,1006,11336,6080,59371,California
Contra Costa,2021-01-20,6717,77400,4136,47396,2581,30004,0,0,5479,52287,1234,12570,5486,64857,California
Contra Costa,2021-01-21,7005,84405,3110,50506,3895,33899,0,0,6272,57840,727,13297,6280,71137,California
Contra Costa,2021-01-22,6420,90825,2728,53234,3692,37591,0,0,5555,62542,856,14153,5558,76695,California
Contra Costa,2021-01-23,2055,92880,361,53595,1694,39285,0,0,1792,64077,261,14414,1796,78491,California
Contra Costa,2021-01-24,1600,94480,219,53814,1381,40666,0,0,1452,65386,148,14562,1457,79948,California
Contra Costa,2021-01-25,6720,101200,3051,56865,3669,44335,0,0,5137,68952,1581,16143,5147,85095,California
Contra Costa,2021-01-26,8185,109385,4725,61590,3460,47795,0,0,6308,73396,1869,18012,6313,91408,California
Contra Costa,2021-01-27,8257,117642,5437,67027,2820,50615,0,0,6393,77943,1852,19864,6399,97807,California
Contra Costa,2021-01-28,7512,125154,4097,71124,3415,54030,0,0,5891,82223,1615,21479,5895,103702,California
Contra Costa,2021-01-29,7498,132652,3907,75031,3591,57621,0,0,6172,87081,1322,22801,6180,109882,California
Contra Costa,2021-01-30,2155,134807,662,75693,1493,59114,0,0,1746,88425,402,23203,1746,111628,California
Contra Costa,2021-01-31,667,135474,438,76131,229,59343,0,0,574,88911,90,23293,576,112204,California
Contra Costa,2021-02-01,5896,141370,4103,80234,1793,61136,0,0,3984,90995,1904,25197,3988,116192,California
Contra Costa,2021-02-02,7627,148997,5110,85344,2517,63653,0,0,5917,95204,1709,26906,5918,122110,California
Contra Costa,2021-02-03,8339,157336,5509,90853,2830,66483,0,0,5659,98195,2671,29577,5662,127772,California
Contra Costa,2021-02-04,7568,164904,3602,94455,3966,70449,0,0,5798,102229,1768,31345,5802,133574,California
Contra Costa,2021-02-05,8487,173391,4837,99292,3650,74099,0,0,5779,105308,2701,34046,5780,139354,California
Contra Costa,2021-02-06,3510,176901,2174,101466,1336,75435,0,0,2853,107506,656,34702,2854,142208,California
Contra Costa,2021-02-07,993,177894,721,102187,272,75707,0,0,611,107736,381,35083,611,142819,California
Contra Costa,2021-02-08,5922,183816,3513,105700,2409,78116,0,0,4411,110644,1504,36587,4412,147231,California
Contra Costa,2021-02-09,8727,192543,4826,110526,3901,82017,0,0,5817,113559,2904,39491,5819,153050,California
Contra Costa,2021-02-10,8705,201248,4690,115216,4015,86032,0,0,5401,115675,3289,42780,5405,158455,California
Contra Costa,2021-02-11,9396,210644,4240,119456,5156,91188,0,0,5308,116906,4082,46862,5313,163768,California
Contra Costa,2021-02-12,10146,220790,4651,124107,5495,96683,0,0,5491,117752,4648,51510,5494,169262,California
Contra Costa,2021-02-13,4919,225709,1383,125490,3536,100219,0,0,3426,119689,1490,53000,3427,172689,California
Contra Costa,2021-02-14,2108,227817,868,126358,1240,101459,0,0,1226,120035,880,53880,1226,173915,California
Contra Costa,2021-02-15,4495,232312,2482,128840,2013,103472,0,0,2350,120248,2138,56018,2351,176266,California
Contra Costa,2021-02-16,10472,242784,4939,133779,5533,109005,0,0,4666,119120,5798,61816,4670,180936,California
Contra Costa,2021-02-17,12372,255156,6199,139978,6173,115178,0,0,5671,118106,6686,68502,5672,186608,California
Contra Costa,2021-02-18,11555,266711,6008,145986,5547,120725,0,0,5351,117267,6193,74695,5354,191962,California
Contra Costa,2021-02-19,11547,278258,7201,153187,4346,125071,0,0,5233,116202,6300,80995,5235,197197,California
Contra Costa,2021-02-20,6571,284829,2973,156160,3598,128669,0,0,4637,118923,1918,82913,4639,201836,California
Contra Costa,2021-02-21,2338,287167,1756,157916,582,129251,0,0,1579,119744,758,83671,1579,203415,California
Contra Costa,2021-02-22,7775,294942,5258,163174,2517,131768,0,0,3579,119144,4182,87853,3582,206997,California
Contra Costa,2021-02-23,12277,307219,7555,170729,4722,136490,0,0,6184,119256,6079,93932,6191,213188,California
Contra Costa,2021-02-24,10814,318033,7951,178680,2863,139353,0,0,5253,118967,5544,99476,5255,218443,California
Contra Costa,2021-02-25,11968,330001,7596,186276,4372,143725,0,0,5558,118141,6389,105865,5563,224006,California
Contra Costa,2021-02-26,11181,341182,7062,193338,4119,147844,0,0,5543,118062,5623,111488,5544,229550,California
Contra Costa,2021-02-27,6980,348162,4508,197846,2472,150316,0,0,4375,119842,2597,114085,4377,233927,California
Contra Costa,2021-02-28,4363,352525,3620,201466,742,151058,1,1,3682,122848,678,114763,3684,237611,California
Contra Costa,2021-03-01,8403,360928,6347,207813,2051,153109,5,6,5176,124820,3211,117974,5183,242794,California
Contra Costa,2021-03-02,10713,371641,6861,214674,3851,156960,1,7,5743,125611,4954,122928,5745,248539,California
Contra Costa,2021-03-03,11408,383049,7173,221847,4234,161194,1,8,6427,127073,4967,127895,6429,254968,California
Contra Costa,2021-03-04,12094,395143,7230,229077,4863,166057,1,9,6287,127574,5788,133683,6289,261257,California
Contra Costa,2021-03-05,11592,406735,6962,236039,4623,170680,7,16,6670,129347,4904,138587,6677,267934,California
Contra Costa,2021-03-06,7556,414291,4229,240268,3016,173696,311,327,4938,131988,2606,141193,5247,273181,California
Contra Costa,2021-03-07,3861,418152,2469,242737,1330,175026,62,389,3178,134547,681,141874,3240,276421,California
Contra Costa,2021-03-08,8319,426471,3946,246683,4064,179090,309,698,5591,137735,2716,144590,5904,282325,California
Contra Costa,2021-03-09,11231,437702,5963,252646,4971,184061,297,995,5888,138589,5333,149923,6187,288512,California
Contra Costa,2021-03-10,12544,450246,6288,258934,4748,188809,1508,2503,5721,138998,6811,156734,7220,295732,California
Contra Costa,2021-03-11,12626,462872,6638,265572,5423,194232,565,3068,6450,139861,6152,162886,7015,302747,California
Contra Costa,2021-03-12,12738,475610,5248,270820,6924,201156,566,3634,6353,140408,6368,169254,6915,309662,California
Contra Costa,2021-03-13,7934,483544,3189,274009,4314,205470,431,4065,3128,139174,4787,174041,3553,313215,California
Contra Costa,2021-03-14,4478,488022,2646,276655,1340,206810,492,4557,1712,138618,2758,176799,2202,315417,California
Contra Costa,2021-03-15,9542,497564,5181,281836,3595,210405,766,5323,4714,139286,4810,181609,5478,320895,California
Contra Costa,2021-03-16,14464,512028,8623,290459,5432,215837,409,5732,7146,139545,7295,188904,7554,328449,California
Contra Costa,2021-03-17,15196,527224,10509,300968,4468,220305,219,5951,8500,141597,6673,195577,8725,337174,California
Contra Costa,2021-03-18,15552,542776,8687,309655,6383,226688,482,6433,8591,143742,6926,202503,9071,346245,California
Contra Costa,2021-03-19,15767,558543,9115,318770,5237,231925,1415,7848,8169,145748,7580,210083,9586,355831,California
Contra Costa,2021-03-20,10827,569370,6500,325270,4011,235936,316,8164,5112,145481,5694,215777,5427,361258,California
Contra Costa,2021-03-21,4619,573989,4034,329304,487,236423,98,8262,1805,144579,2804,218581,1902,363160,California
Contra Costa,2021-03-22,11746,585735,8869,338173,2622,239045,255,8517,6941,146984,4788,223369,7193,370353,California
Contra Costa,2021-03-23,15782,601517,10890,349063,4721,243766,171,8688,9130,149665,6623,229992,9304,379657,California
Contra Costa,2021-03-24,15151,616668,11827,360890,3110,246876,214,8902,9162,153088,5956,235948,9379,389036,California
Contra Costa,2021-03-25,15484,632152,12086,372976,3107,249983,291,9193,9460,156848,5987,241935,9747,398783,California
Contra Costa,2021-03-26,15179,647331,10903,383879,3871,253854,405,9598,8706,159508,6446,248381,9106,407889,California
Contra Costa,2021-03-27,10640,657971,6922,390801,3203,257057,515,10113,5660,160706,4970,253351,6168,414057,California
Contra Costa,2021-03-28,4275,662246,3046,393847,1175,258232,54,10167,1632,159761,2631,255982,1686,415743,California
Contra Costa,2021-03-29,10997,673243,8583,402430,2296,260528,118,10285,6995,162894,3983,259965,7116,422859,California
Contra Costa,2021-03-30,16935,690178,9270,411700,6305,266833,1360,11645,10453,168241,6462,266427,11809,434668,California
Contra Costa,2021-03-31,18188,708366,12757,424457,3984,270817,1447,13092,11464,174467,6679,273106,12905,447573,California
Contra Costa,2021-04-01,17738,726104,12412,436869,3931,274748,1395,14487,11503,181158,6204,279310,12895,460468,California
Contra Costa,2021-04-02,17630,743734,12982,449851,3614,278362,1034,15521,11672,187916,5946,285256,12704,473172,California
Contra Costa,2021-04-03,10958,754692,6540,456391,2857,281219,1561,17082,6259,191047,4684,289940,7815,480987,California
Contra Costa,2021-04-04,3373,758065,1329,457720,1446,282665,598,17680,851,189981,2514,292454,1448,482435,California
Contra Costa,2021-04-05,12202,770267,7956,465676,3264,285929,982,18662,6626,192027,5562,298016,7608,490043,California
Contra Costa,2021-04-06,17430,787697,12079,477755,3056,288985,2295,20957,9763,196436,7646,305662,12055,502098,California
Contra Costa,2021-04-07,18676,806373,12652,490407,3197,292182,2827,23784,10583,201809,8071,313733,13444,515542,California
Contra Costa,2021-04-08,18825,825198,12546,502953,3346,295528,2933,26717,10085,206103,8713,322446,13007,528549,California
Contra Costa,2021-04-09,18967,844165,12098,515051,4364,299892,2505,29222,10147,209956,8791,331237,12644,541193,California
Contra Costa,2021-04-10,10616,854781,3829,518880,2193,302085,4594,33816,3296,210530,7303,338540,7877,549070,California
Contra Costa,2021-04-11,3384,858165,2019,520899,700,302785,665,34481,1133,210082,2245,340785,1797,550867,California
Contra Costa,2021-04-12,12048,870213,7950,528849,3024,305809,1074,35555,5659,210450,6371,347156,6739,557606,California
Contra Costa,2021-04-13,17895,888108,10988,539837,6900,312709,7,35562,11915,216422,5955,353111,11927,569533,California
Contra Costa,2021-04-14,17657,905765,11098,550935,6558,319267,1,35563,9741,218277,7890,361001,9745,579278,California
Contra Costa,2021-04-15,17582,923347,10805,561740,6776,326043,1,35564,8127,216997,9427,370428,8147,587425,California
Contra Costa,2021-04-16,16920,940267,10555,572295,6363,332406,2,35566,7582,215273,9315,379743,7591,595016,California
Contra Costa,2021-04-17,11480,951747,6319,578614,5161,337567,0,35566,6141,216098,5323,385066,6148,601164,California
Contra Costa,2021-04-18,2773,954520,2134,580748,639,338206,0,35566,1789,216912,975,386041,1789,602953,California
Contra Costa,2021-04-19,11436,965956,8541,589289,2895,341101,0,35566,3579,212664,7830,393871,3582,606535,California
Contra Costa,2021-04-20,16727,982683,10870,600159,5857,346958,0,35566,6247,208467,10449,404320,6252,612787,California
Contra Costa,2021-04-21,17409,1000092,14203,614362,3205,350163,1,35567,6168,203442,11201,415521,6176,618963,California
Contra Costa,2021-04-22,17246,1017338,13966,628328,3278,353441,2,35569,6075,198390,11138,426659,6086,625049,California
Contra Costa,2021-04-23,17081,1034419,13574,641902,3507,356948,0,35569,5502,192357,11543,438202,5510,630559,California
Contra Costa,2021-04-24,10998,1045417,8474,650376,2523,359471,1,35570,4204,189793,6772,444974,4208,634767,California
Contra Costa,2021-04-25,3289,1048706,2211,652587,1076,360547,2,35572,2077,190664,1211,446185,2082,636849,California
Contra Costa,2021-04-26,9856,1058562,8253,660840,1579,362126,24,35596,2887,186636,6951,453136,2923,639772,California
Contra Costa,2021-04-27,14594,1073156,10666,671506,3765,365891,163,35759,3942,180124,10628,463764,4116,643888,California
Contra Costa,2021-04-28,13893,1087049,10801,682307,2805,368696,287,36046,3462,173484,10396,474160,3756,647644,California
Contra Costa,2021-04-29,13078,1100127,10118,692425,2790,371486,170,36216,2844,166295,10208,484368,3019,650663,California
Contra Costa,2021-04-30,13766,1113893,10851,703276,2658,374144,257,36473,3110,159039,10627,494995,3371,654034,California
Contra Costa,2021-05-01,8062,1121955,5867,709143,1871,376015,324,36797,1917,155159,6121,501116,2241,656275,California
Contra Costa,2021-05-02,2345,1124300,1589,710732,674,376689,82,36879,985,154876,1350,502466,1067,657342,California
Contra Costa,2021-05-03,9138,1133438,8035,718767,926,377615,177,37056,1922,149776,7202,509668,2102,659444,California
Contra Costa,2021-05-04,14124,1147562,12190,730957,1605,379220,329,37385,2282,140570,11817,521485,2611,662055,California
Contra Costa,2021-05-05,12546,1160108,10821,741778,1525,380745,200,37585,2404,133061,10114,531599,2605,664660,California
Contra Costa,2021-05-06,10321,1170429,8571,750349,1414,382159,336,37921,1937,126983,8360,539959,2282,666942,California
Contra Costa,2021-05-07,9655,1180084,7758,758107,1672,383831,225,38146,2209,122001,7413,547372,2431,669373,California
Contra Costa,2021-05-08,5315,1185399,3999,762106,1147,384978,169,38315,1248,119372,4050,551422,1421,670794,California
Contra Costa,2021-05-09,2111,1187510,1778,763884,272,385250,61,38376,454,118235,1653,553075,516,671310,California
Contra Costa,2021-05-10,4934,1192444,3946,767830,770,386020,218,38594,1337,116214,3575,556650,1554,672864,California
Contra Costa,2021-05-11,8718,1201162,4535,772365,3954,389974,229,38823,1707,111165,6991,563641,1942,674806,California
Contra Costa,2021-05-12,9028,1210190,4581,776946,4201,394175,246,39069,1546,105506,7456,571097,1797,676603,California
Contra Costa,2021-05-13,11340,1221530,7496,784442,3660,397835,184,39253,3950,102278,7363,578460,4135,680738,California
Contra Costa,2021-05-14,12138,1233668,8082,792524,3779,401614,277,39530,5012,100466,7101,585561,5289,686027,California
Contra Costa,2021-05-15,9978,1243646,7234,799758,2625,404239,119,39649,4390,99403,5574,591135,4511,690538,California
Contra Costa,2021-05-16,2433,1246079,2127,801885,260,404499,46,39695,1090,99201,1337,592472,1135,691673,California
Contra Costa,2021-05-17,7027,1253106,5674,807559,1182,405681,171,39866,3598,99561,3410,595882,3770,695443,California
Contra Costa,2021-05-18,10214,1263320,6978,814537,3018,408699,218,40084,4466,98530,5719,601601,4688,700131,California
Contra Costa,2021-05-19,8444,1271764,6833,821370,1421,410120,190,40274,4081,98462,4344,605945,4276,704407,California
Contra Costa,2021-05-20,6576,1278340,5212,826582,1191,411311,173,40447,3284,98648,3272,609217,3458,707865,California
Contra Costa,2021-05-21,6492,1284832,4971,831553,1323,412634,198,40645,2984,98342,3486,612703,3180,711045,California
Contra Costa,2021-05-22,4561,1289393,3607,835160,792,413426,162,40807,2187,98335,2357,615060,2350,713395,California
Contra Costa,2021-05-23,910,1290303,595,835755,271,413697,44,40851,433,98339,472,615532,476,713871,California
Contra Costa,2021-05-24,4637,1294940,3838,839593,622,414319,177,41028,2215,98321,2412,617944,2394,716265,California
Contra Costa,2021-05-25,6246,1301186,5086,844679,911,415230,249,41277,2667,97675,3562,621506,2916,719181,California
Contra Costa,2021-05-26,5580,1306766,3580,848259,1814,417044,186,41463,1976,96254,3583,625089,2162,721343,California
Contra Costa,2021-05-27,3794,1310560,2684,850943,933,417977,177,41640,1701,96048,2079,627168,1873,723216,California
Contra Costa,2021-05-28,5342,1315902,3732,854675,1437,419414,173,41813,2245,95388,3076,630244,2416,725632,California
Contra Costa,2021-05-29,3236,1319138,2086,856761,1033,420447,117,41930,1619,95519,1605,631849,1736,727368,California
Contra Costa,2021-05-30,922,1320060,581,857342,313,420760,28,41958,362,95351,558,632407,390,727758,California
Contra Costa,2021-05-31,388,1320448,267,857609,110,420870,11,41969,129,95232,259,632666,140,727898,California
Contra Costa,2021-06-01,4783,1325231,3561,861170,1078,421948,144,42113,1737,94082,3031,635697,1881,729779,California
Contra Costa,2021-06-02,3401,1328632,2409,863579,846,422794,146,42259,1456,93746,1937,637634,1601,731380,California
Contra Costa,2021-06-03,5250,1333882,4400,867979,735,423529,115,42374,1556,91730,3687,641321,1671,733051,California
Contra Costa,2021-06-04,4581,1338463,3951,871930,527,424056,103,42477,969,89198,3603,644924,1071,734122,California
Del Norte,2020-12-21,23,23,23,23,0,0,0,0,23,23,0,0,23,23,California
Del Norte,2020-12-22,46,69,46,69,0,0,0,0,46,69,0,0,46,69,California
Del Norte,2020-12-23,59,128,48,117,11,11,0,0,57,126,0,0,57,126,California
Del Norte,2020-12-28,34,162,34,151,0,11,0,0,34,160,0,0,34,160,California
Del Norte,2020-12-29,4,166,4,155,0,11,0,0,4,164,0,0,4,164,California
Del Norte,2020-12-30,68,234,56,211,12,23,0,0,68,232,0,0,68,232,California
Del Norte,2020-12-31,16,250,13,224,3,26,0,0,16,248,0,0,16,248,California
Del Norte,2021-01-04,102,352,49,273,53,79,0,0,102,350,0,0,102,350,California
Del Norte,2021-01-05,32,384,0,273,32,111,0,0,31,381,1,1,32,382,California
Del Norte,2021-01-06,77,461,18,291,59,170,0,0,77,458,0,1,77,459,California
Del Norte,2021-01-07,21,482,1,292,20,190,0,0,21,479,0,1,21,480,California
Del Norte,2021-01-08,78,560,7,299,71,261,0,0,78,557,0,1,78,558,California
Del Norte,2021-01-11,40,600,21,320,19,280,0,0,18,554,22,23,19,577,California
Del Norte,2021-01-12,51,651,32,352,19,299,0,0,30,563,21,44,30,607,California
Del Norte,2021-01-13,84,735,40,392,44,343,0,0,51,581,33,77,51,658,California
Del Norte,2021-01-14,53,788,14,406,39,382,0,0,47,622,6,83,47,705,California
Del Norte,2021-01-15,107,895,18,424,89,471,0,0,95,705,12,95,95,800,California
Del Norte,2021-01-17,1,896,1,425,0,471,0,0,1,706,0,95,1,801,California
Del Norte,2021-01-18,2,898,0,425,2,473,0,0,2,708,0,95,2,803,California
Del Norte,2021-01-19,119,1017,56,481,63,536,0,0,77,743,42,137,77,880,California
Del Norte,2021-01-20,160,1177,84,565,76,612,0,0,96,776,63,200,96,976,California
Del Norte,2021-01-21,43,1220,40,605,3,615,0,0,32,797,11,211,32,1008,California
Del Norte,2021-01-22,20,1240,17,622,3,618,0,0,13,803,7,218,13,1021,California
Del Norte,2021-01-23,1,1241,0,622,1,619,0,0,1,804,0,218,1,1022,California
Del Norte,2021-01-24,1,1242,0,622,1,620,0,0,1,805,0,218,1,1023,California
Del Norte,2021-01-25,100,1342,82,704,18,638,0,0,56,817,44,262,56,1079,California
Del Norte,2021-01-26,18,1360,11,715,7,645,0,0,7,813,11,273,7,1086,California
Del Norte,2021-01-27,64,1424,21,736,43,688,0,0,61,871,3,276,61,1147,California
Del Norte,2021-01-28,292,1716,20,756,272,960,0,0,287,1153,5,281,287,1434,California
Del Norte,2021-01-29,61,1777,21,777,40,1000,0,0,43,1178,18,299,43,1477,California
Del Norte,2021-01-30,8,1785,1,778,7,1007,0,0,8,1186,0,299,8,1485,California
Del Norte,2021-02-01,41,1826,1,779,40,1047,0,0,26,1197,15,314,26,1511,California
Del Norte,2021-02-02,140,1966,34,813,106,1153,0,0,73,1204,66,380,73,1584,California
Del Norte,2021-02-03,128,2094,42,855,86,1239,0,0,73,1222,55,435,73,1657,California
Del Norte,2021-02-04,69,2163,27,882,42,1281,0,0,40,1233,29,464,40,1697,California
Del Norte,2021-02-05,184,2347,22,904,162,1443,0,0,118,1286,65,529,118,1815,California
Del Norte,2021-02-06,310,2657,4,908,306,1749,0,0,310,1596,0,529,310,2125,California
Del Norte,2021-02-07,1,2658,0,908,1,1750,0,0,1,1597,0,529,1,2126,California
Del Norte,2021-02-08,36,2694,1,909,35,1785,0,0,32,1625,4,533,32,2158,California
Del Norte,2021-02-09,8,2702,5,914,3,1788,0,0,2,1621,6,539,2,2160,California
Del Norte,2021-02-10,141,2843,20,934,121,1909,0,0,85,1651,55,594,85,2245,California
Del Norte,2021-02-11,176,3019,58,992,118,2027,0,0,63,1601,113,707,63,2308,California
Del Norte,2021-02-12,121,3140,14,1006,107,2134,0,0,67,1614,54,761,67,2375,California
Del Norte,2021-02-13,2,3142,1,1007,1,2135,0,0,2,1616,0,761,2,2377,California
Del Norte,2021-02-14,3,3145,1,1008,2,2137,0,0,2,1617,1,762,2,2379,California
Del Norte,2021-02-15,4,3149,0,1008,4,2141,0,0,2,1617,2,764,2,2381,California
Del Norte,2021-02-16,132,3281,1,1009,131,2272,0,0,13,1511,119,883,13,2394,California
Del Norte,2021-02-17,92,3373,20,1029,72,2344,0,0,25,1469,67,950,25,2419,California
Del Norte,2021-02-18,77,3450,24,1053,53,2397,0,0,51,1494,26,976,51,2470,California
Del Norte,2021-02-19,43,3493,17,1070,26,2423,0,0,33,1517,10,986,33,2503,California
Del Norte,2021-02-20,8,3501,5,1075,3,2426,0,0,6,1521,2,988,6,2509,California
Del Norte,2021-02-22,2,3503,0,1075,2,2428,0,0,2,1523,0,988,2,2511,California
Del Norte,2021-02-23,105,3608,88,1163,17,2445,0,0,29,1477,76,1064,30,2541,California
Del Norte,2021-02-24,154,3762,100,1263,54,2499,0,0,79,1481,75,1139,79,2620,California
Del Norte,2021-02-25,477,4239,131,1394,346,2845,0,0,213,1432,262,1401,213,2833,California
Del Norte,2021-02-26,213,4452,176,1570,37,2882,0,0,167,1553,46,1447,167,3000,California
Del Norte,2021-02-27,149,4601,143,1713,5,2887,1,1,141,1687,8,1455,142,3142,California
Del Norte,2021-02-28,3,4604,0,1713,3,2890,0,1,3,1690,0,1455,3,3145,California
Del Norte,2021-03-01,29,4633,2,1715,27,2917,0,1,4,1670,24,1479,4,3149,California
Del Norte,2021-03-02,222,4855,142,1857,80,2997,0,1,188,1824,34,1513,188,3337,California
Del Norte,2021-03-03,167,5022,99,1956,68,3065,0,1,126,1909,41,1554,126,3463,California
Del Norte,2021-03-04,119,5141,82,2038,37,3102,0,1,91,1973,27,1581,91,3554,California
Del Norte,2021-03-05,122,5263,11,2049,111,3213,0,1,74,1999,48,1629,74,3628,California
Del Norte,2021-03-06,464,5727,77,2126,338,3551,49,50,163,1868,301,1930,170,3798,California
Del Norte,2021-03-07,2,5729,1,2127,1,3552,0,50,1,1868,1,1931,1,3799,California
Del Norte,2021-03-08,27,5756,0,2127,25,3577,2,52,4,1851,23,1954,6,3805,California
Del Norte,2021-03-09,194,5950,113,2240,78,3655,3,55,183,2026,11,1965,186,3991,California
Del Norte,2021-03-10,233,6183,96,2336,109,3764,28,83,134,2089,99,2064,162,4153,California
Del Norte,2021-03-11,151,6334,56,2392,90,3854,5,88,103,2149,48,2112,108,4261,California
Del Norte,2021-03-12,178,6512,89,2481,89,3943,0,88,125,2221,53,2165,125,4386,California
Del Norte,2021-03-13,94,6606,93,2574,1,3944,0,88,91,2309,3,2168,91,4477,California
Del Norte,2021-03-14,1,6607,0,2574,1,3945,0,88,1,2309,1,2169,1,4478,California
Del Norte,2021-03-15,38,6645,0,2574,38,3983,0,88,34,2339,4,2173,34,4512,California
Del Norte,2021-03-16,280,6925,134,2708,146,4129,0,88,260,2579,20,2193,260,4772,California
Del Norte,2021-03-17,284,7209,95,2803,187,4316,2,90,170,2637,114,2307,172,4944,California
Del Norte,2021-03-18,285,7494,107,2910,175,4491,3,93,149,2654,135,2442,152,5096,California
Del Norte,2021-03-19,267,7761,159,3069,102,4593,6,99,91,2575,176,2618,97,5193,California
Del Norte,2021-03-20,157,7918,154,3223,3,4596,0,99,15,2448,142,2760,15,5208,California
Del Norte,2021-03-21,4,7922,2,3225,2,4598,0,99,2,2448,2,2762,2,5210,California
Del Norte,2021-03-22,43,7965,3,3228,39,4637,1,100,39,2485,3,2765,40,5250,California
Del Norte,2021-03-23,333,8298,164,3392,151,4788,18,118,163,2497,168,2933,180,5430,California
Del Norte,2021-03-24,395,8693,106,3498,249,5037,40,158,234,2610,161,3094,274,5704,California
Del Norte,2021-03-25,192,8885,88,3586,104,5141,0,158,84,2587,107,3201,84,5788,California
Del Norte,2021-03-26,232,9117,113,3699,119,5260,0,158,195,2745,37,3238,195,5983,California
Del Norte,2021-03-27,107,9224,86,3785,4,5264,17,175,17,2689,90,3328,34,6017,California
Del Norte,2021-03-28,4,9228,2,3787,2,5266,0,175,1,2687,3,3331,1,6018,California
Del Norte,2021-03-29,57,9285,6,3793,34,5300,17,192,32,2711,25,3356,49,6067,California
Del Norte,2021-03-30,338,9623,119,3912,208,5508,11,203,126,2636,212,3568,137,6204,California
Del Norte,2021-03-31,355,9978,100,4012,238,5746,17,220,199,2698,154,3722,216,6420,California
Del Norte,2021-04-01,164,10142,58,4070,72,5818,34,254,69,2707,94,3816,103,6523,California
Del Norte,2021-04-02,233,10375,79,4149,105,5923,49,303,49,2622,184,4000,99,6622,California
Del Norte,2021-04-03,108,10483,83,4232,2,5925,23,326,5,2548,102,4102,28,6650,California
Del Norte,2021-04-04,4,10487,0,4232,0,5925,4,330,0,2548,4,4106,4,6654,California
Del Norte,2021-04-05,46,10533,5,4237,37,5962,4,334,40,2586,6,4112,44,6698,California
Del Norte,2021-04-06,379,10912,120,4357,222,6184,37,371,146,2541,229,4341,184,6882,California
Del Norte,2021-04-07,438,11350,115,4472,261,6445,62,433,290,2746,148,4489,353,7235,California
Del Norte,2021-04-08,228,11578,54,4526,106,6551,68,501,105,2796,123,4612,173,7408,California
Del Norte,2021-04-09,206,11784,46,4572,83,6634,77,578,99,2864,106,4718,174,7582,California
Del Norte,2021-04-10,47,11831,26,4598,4,6638,17,595,27,2888,20,4738,44,7626,California
Del Norte,2021-04-11,11,11842,3,4601,1,6639,7,602,1,2886,10,4748,8,7634,California
Del Norte,2021-04-12,27,11869,1,4602,9,6648,17,619,1,2879,25,4773,18,7652,California
Del Norte,2021-04-13,298,12167,50,4652,248,6896,0,619,155,2891,143,4916,155,7807,California
Del Norte,2021-04-14,329,12496,23,4675,306,7202,0,619,138,2843,191,5107,143,7950,California
Del Norte,2021-04-15,164,12660,31,4706,133,7335,0,619,45,2770,119,5226,46,7996,California
Del Norte,2021-04-16,162,12822,40,4746,122,7457,0,619,60,2729,102,5328,61,8057,California
Del Norte,2021-04-17,103,12925,72,4818,31,7488,0,619,98,2822,5,5333,98,8155,California
Del Norte,2021-04-18,5,12930,4,4822,1,7489,0,619,4,2825,1,5334,4,8159,California
Del Norte,2021-04-19,50,12980,6,4828,44,7533,0,619,8,2791,42,5376,8,8167,California
Del Norte,2021-04-20,206,13186,40,4868,166,7699,0,619,72,2729,134,5510,72,8239,California
Del Norte,2021-04-21,289,13475,24,4892,265,7964,0,619,65,2573,224,5734,68,8307,California
Del Norte,2021-04-22,114,13589,15,4907,99,8063,0,619,62,2583,52,5786,62,8369,California
Del Norte,2021-04-23,150,13739,22,4929,128,8191,0,619,39,2511,111,5897,39,8408,California
Del Norte,2021-04-24,25,13764,14,4943,11,8202,0,619,20,2526,5,5902,20,8428,California
Del Norte,2021-04-25,2,13766,0,4943,2,8204,0,619,2,2528,0,5902,2,8430,California
Del Norte,2021-04-26,31,13797,0,4943,31,8235,0,619,9,2515,22,5924,9,8439,California
Del Norte,2021-04-27,179,13976,19,4962,155,8390,5,624,49,2439,130,6054,54,8493,California
Del Norte,2021-04-28,351,14327,100,5062,246,8636,5,629,63,2221,287,6341,69,8562,California
Del Norte,2021-04-29,93,14420,6,5068,83,8719,4,633,26,2184,67,6408,30,8592,California
Del Norte,2021-04-30,84,14504,6,5074,68,8787,10,643,45,2200,39,6447,55,8647,California
Del Norte,2021-05-01,8,14512,3,5077,5,8792,0,643,6,2204,2,6449,6,8653,California
Del Norte,2021-05-02,8,14520,0,5077,8,8800,0,643,8,2212,0,6449,8,8661,California
Del Norte,2021-05-03,40,14560,3,5080,34,8834,3,646,2,2180,37,6486,5,8666,California
Del Norte,2021-05-04,222,14782,36,5116,181,9015,5,651,47,2057,175,6661,52,8718,California
Del Norte,2021-05-05,231,15013,19,5135,204,9219,8,659,56,1946,175,6836,64,8782,California
Del Norte,2021-05-06,112,15125,26,5161,73,9292,13,672,26,1899,86,6922,39,8821,California
Del Norte,2021-05-07,151,15276,28,5189,119,9411,4,676,31,1814,120,7042,35,8856,California
Del Norte,2021-05-08,64,15340,55,5244,7,9418,2,678,6,1764,58,7100,8,8864,California
Del Norte,2021-05-09,8,15348,3,5247,2,9420,3,681,2,1763,6,7106,5,8869,California
Del Norte,2021-05-10,25,15373,3,5250,18,9438,4,685,15,1772,10,7116,19,8888,California
Del Norte,2021-05-11,171,15544,49,5299,120,9558,2,687,34,1671,137,7253,36,8924,California
Del Norte,2021-05-12,149,15693,24,5323,115,9673,10,697,27,1587,121,7374,37,8961,California
Del Norte,2021-05-13,60,15753,29,5352,30,9703,1,698,32,1592,28,7402,33,8994,California
Del Norte,2021-05-14,76,15829,26,5378,49,9752,1,699,41,1599,35,7437,42,9036,California
Del Norte,2021-05-15,81,15910,53,5431,28,9780,0,699,53,1624,28,7465,53,9089,California
Del Norte,2021-05-16,11,15921,0,5431,11,9791,0,699,11,1635,0,7465,11,9100,California
Del Norte,2021-05-17,26,15947,3,5434,20,9811,3,702,15,1642,11,7476,18,9118,California
Del Norte,2021-05-18,125,16072,68,5502,57,9868,0,702,80,1677,45,7521,80,9198,California
Del Norte,2021-05-19,97,16169,14,5516,66,9934,17,719,39,1674,58,7579,55,9253,California
Del Norte,2021-05-20,96,16265,30,5546,63,9997,3,722,37,1656,58,7637,40,9293,California
Del Norte,2021-05-21,77,16342,32,5578,42,10039,3,725,40,1662,37,7674,43,9336,California
Del Norte,2021-05-22,22,16364,8,5586,14,10053,0,725,10,1660,12,7686,10,9346,California
Del Norte,2021-05-23,13,16377,5,5591,8,10061,0,725,6,1659,7,7693,6,9352,California
Del Norte,2021-05-24,26,16403,10,5601,16,10077,0,725,17,1667,9,7702,17,9369,California
Del Norte,2021-05-25,43,16446,5,5606,32,10109,6,731,14,1660,27,7729,20,9389,California
Del Norte,2021-05-26,114,16560,35,5641,72,10181,7,738,52,1658,61,7790,59,9448,California
Del Norte,2021-05-27,67,16627,24,5665,39,10220,4,742,31,1657,36,7826,35,9483,California
Del Norte,2021-05-28,47,16674,6,5671,36,10256,5,747,7,1629,40,7866,12,9495,California
Del Norte,2021-05-29,8,16682,0,5671,4,10260,4,751,3,1631,5,7871,7,9502,California
Del Norte,2021-05-30,6,16688,0,5671,6,10266,0,751,1,1627,5,7876,1,9503,California
Del Norte,2021-05-31,4,16692,2,5673,2,10268,0,751,3,1629,1,7877,3,9506,California
Del Norte,2021-06-01,52,16744,6,5679,39,10307,7,758,11,1606,41,7918,18,9524,California
Del Norte,2021-06-02,82,16826,11,5690,68,10375,3,761,19,1565,63,7981,22,9546,California
Del Norte,2021-06-03,57,16883,33,5723,22,10397,2,763,24,1558,33,8014,26,9572,California
Del Norte,2021-06-04,50,16933,18,5741,28,10425,4,767,10,1532,40,8054,14,9586,California
El Dorado,2020-12-15,12,12,12,12,0,0,0,0,12,12,0,0,12,12,California
El Dorado,2020-12-16,40,52,40,52,0,0,0,0,40,52,0,0,40,52,California
El Dorado,2020-12-17,30,82,30,82,0,0,0,0,30,82,0,0,30,82,California
El Dorado,2020-12-18,241,323,241,323,0,0,0,0,241,323,0,0,241,323,California
El Dorado,2020-12-19,118,441,118,441,0,0,0,0,118,441,0,0,118,441,California
El Dorado,2020-12-20,86,527,86,527,0,0,0,0,86,527,0,0,86,527,California
El Dorado,2020-12-21,310,837,309,836,1,1,0,0,310,837,0,0,310,837,California
El Dorado,2020-12-22,242,1079,218,1054,24,25,0,0,242,1079,0,0,242,1079,California
El Dorado,2020-12-23,191,1270,141,1195,50,75,0,0,191,1270,0,0,191,1270,California
El Dorado,2020-12-24,86,1356,65,1260,21,96,0,0,86,1356,0,0,86,1356,California
El Dorado,2020-12-25,8,1364,8,1268,0,96,0,0,8,1364,0,0,8,1364,California
El Dorado,2020-12-26,45,1409,27,1295,18,114,0,0,45,1409,0,0,45,1409,California
El Dorado,2020-12-27,38,1447,34,1329,4,118,0,0,38,1447,0,0,38,1447,California
El Dorado,2020-12-28,215,1662,167,1496,48,166,0,0,215,1662,0,0,215,1662,California
El Dorado,2020-12-29,460,2122,143,1639,317,483,0,0,460,2122,0,0,460,2122,California
El Dorado,2020-12-30,509,2631,139,1778,370,853,0,0,509,2631,0,0,509,2631,California
El Dorado,2020-12-31,113,2744,71,1849,42,895,0,0,113,2744,0,0,113,2744,California
El Dorado,2021-01-01,6,2750,4,1853,2,897,0,0,6,2750,0,0,6,2750,California
El Dorado,2021-01-02,152,2902,140,1993,12,909,0,0,152,2902,0,0,152,2902,California
El Dorado,2021-01-03,93,2995,17,2010,76,985,0,0,93,2995,0,0,93,2995,California
El Dorado,2021-01-04,191,3186,63,2073,128,1113,0,0,191,3186,0,0,191,3186,California
El Dorado,2021-01-05,227,3413,73,2146,154,1267,0,0,212,3383,15,15,212,3398,California
El Dorado,2021-01-06,240,3653,167,2313,73,1340,0,0,176,3495,64,79,176,3574,California
El Dorado,2021-01-07,334,3987,137,2450,197,1537,0,0,263,3687,71,150,263,3837,California
El Dorado,2021-01-08,982,4969,505,2955,477,2014,0,0,776,4259,206,356,778,4615,California
El Dorado,2021-01-09,196,5165,159,3114,37,2051,0,0,126,4316,70,426,127,4742,California
El Dorado,2021-01-10,182,5347,131,3245,51,2102,0,0,109,4353,73,499,110,4852,California
El Dorado,2021-01-11,659,6006,292,3537,367,2469,0,0,459,4614,199,698,460,5312,California
El Dorado,2021-01-12,806,6812,424,3961,382,2851,0,0,556,4920,250,948,556,5868,California
El Dorado,2021-01-13,706,7518,299,4260,407,3258,0,0,542,5298,164,1112,542,6410,California
El Dorado,2021-01-14,795,8313,221,4481,574,3832,0,0,700,5903,95,1207,700,7110,California
El Dorado,2021-01-15,794,9107,185,4666,609,4441,0,0,720,6549,74,1281,720,7830,California
El Dorado,2021-01-16,176,9283,104,4770,72,4513,0,0,149,6671,27,1308,149,7979,California
El Dorado,2021-01-17,107,9390,50,4820,57,4570,0,0,89,6742,18,1326,89,8068,California
El Dorado,2021-01-18,427,9817,144,4964,283,4853,0,0,357,7029,70,1396,357,8425,California
El Dorado,2021-01-19,749,10566,447,5411,302,5155,0,0,598,7477,151,1547,599,9024,California
El Dorado,2021-01-20,1013,11579,689,6100,324,5479,0,0,899,8264,113,1660,900,9924,California
El Dorado,2021-01-21,1267,12846,679,6779,588,6067,0,0,1058,9154,168,1828,1058,10982,California
El Dorado,2021-01-22,1229,14075,833,7612,396,6463,0,0,1175,10276,53,1881,1175,12157,California
El Dorado,2021-01-23,729,14804,608,8220,121,6584,0,0,619,10785,110,1991,619,12776,California
El Dorado,2021-01-24,127,14931,77,8297,50,6634,0,0,107,10872,20,2011,107,12883,California
El Dorado,2021-01-25,703,15634,292,8589,411,7045,0,0,617,11403,86,2097,617,13500,California
El Dorado,2021-01-26,686,16320,372,8961,314,7359,0,0,579,11875,107,2204,579,14079,California
El Dorado,2021-01-27,993,17313,391,9352,602,7961,0,0,655,12191,339,2543,655,14734,California
El Dorado,2021-01-28,1106,18419,452,9804,654,8615,0,0,743,12571,363,2906,743,15477,California
El Dorado,2021-01-29,1049,19468,558,10362,491,9106,0,0,756,13036,292,3198,757,16234,California
El Dorado,2021-01-30,544,20012,289,10651,255,9361,0,0,447,13387,96,3294,447,16681,California
El Dorado,2021-01-31,240,20252,217,10868,23,9384,0,0,187,13522,52,3346,187,16868,California
El Dorado,2021-02-01,799,21051,368,11236,431,9815,0,0,652,14027,147,3493,652,17520,California
El Dorado,2021-02-02,845,21896,368,11604,477,10292,0,0,681,14544,164,3657,681,18201,California
El Dorado,2021-02-03,906,22802,477,12081,429,10721,0,0,696,15030,210,3867,696,18897,California
El Dorado,2021-02-04,1249,24051,703,12784,546,11267,0,0,874,15529,375,4242,874,19771,California
El Dorado,2021-02-05,1496,25547,605,13389,891,12158,0,0,869,15808,590,4832,869,20640,California
El Dorado,2021-02-06,638,26185,334,13723,304,12462,0,0,530,16231,108,4940,531,21171,California
El Dorado,2021-02-07,259,26444,178,13901,81,12543,0,0,193,16358,66,5006,193,21364,California
El Dorado,2021-02-08,890,27334,422,14323,468,13011,0,0,613,16694,277,5283,613,21977,California
El Dorado,2021-02-09,968,28302,543,14866,425,13436,0,0,542,16810,426,5709,542,22519,California
El Dorado,2021-02-10,1263,29565,737,15603,526,13962,0,0,664,16876,598,6307,664,23183,California
El Dorado,2021-02-11,2156,31721,893,16496,1263,15225,0,0,757,16238,1396,7703,758,23941,California
El Dorado,2021-02-12,1580,33301,827,17323,753,15978,0,0,676,16012,903,8606,677,24618,California
El Dorado,2021-02-13,974,34275,662,17985,312,16290,0,0,439,15917,534,9140,439,25057,California
El Dorado,2021-02-14,492,34767,155,18140,337,16627,0,0,401,16227,91,9231,401,25458,California
El Dorado,2021-02-15,1181,35948,383,18523,798,17425,0,0,819,16688,362,9593,823,26281,California
El Dorado,2021-02-16,1216,37164,535,19058,681,18106,0,0,677,16828,538,10131,678,26959,California
El Dorado,2021-02-17,957,38121,422,19480,535,18641,0,0,464,16801,493,10624,466,27425,California
El Dorado,2021-02-18,2096,40217,1024,20504,1072,19713,0,0,1063,16832,1032,11656,1063,28488,California
El Dorado,2021-02-19,1226,41443,657,21161,569,20282,0,0,688,16983,537,12193,688,29176,California
El Dorado,2021-02-20,942,42385,449,21610,493,20775,0,0,680,17406,257,12450,680,29856,California
El Dorado,2021-02-21,292,42677,234,21844,58,20833,0,0,105,17324,187,12637,105,29961,California
El Dorado,2021-02-22,884,43561,439,22283,445,21278,0,0,273,16987,610,13247,273,30234,California
El Dorado,2021-02-23,867,44428,488,22771,379,21657,0,0,355,16831,511,13758,355,30589,California
El Dorado,2021-02-24,1037,45465,446,23217,591,22248,0,0,432,16658,605,14363,432,31021,California
El Dorado,2021-02-25,1919,47384,1154,24371,765,23013,0,0,695,16138,1217,15580,697,31718,California
El Dorado,2021-02-26,2408,49792,1504,25875,904,23917,0,0,1620,16973,785,16365,1620,33338,California
El Dorado,2021-02-27,1709,51501,447,26322,1262,25179,0,0,1258,17783,448,16813,1258,34596,California
El Dorado,2021-02-28,655,52156,223,26545,432,25611,0,0,493,18115,162,16975,494,35090,California
El Dorado,2021-03-01,1144,53300,454,26999,688,26299,2,2,629,18232,514,17489,631,35721,California
El Dorado,2021-03-02,929,54229,273,27272,655,26954,1,3,484,18274,443,17932,485,36206,California
El Dorado,2021-03-03,1703,55932,468,27740,1235,28189,0,3,1159,18898,537,18469,1161,37367,California
El Dorado,2021-03-04,2526,58458,1551,29291,975,29164,0,3,1201,18777,1322,19791,1201,38568,California
El Dorado,2021-03-05,1595,60053,433,29724,1157,30321,5,8,1056,19305,533,20324,1061,39629,California
El Dorado,2021-03-06,743,60796,219,29943,491,30812,33,41,394,19384,348,20672,427,40056,California
El Dorado,2021-03-07,409,61205,199,30142,192,31004,18,59,247,19489,160,20832,265,40321,California
El Dorado,2021-03-08,1335,62540,367,30509,895,31899,73,132,864,19957,468,21300,936,41257,California
El Dorado,2021-03-09,993,63533,231,30740,694,32593,68,200,590,20227,388,21688,658,41915,California
El Dorado,2021-03-10,956,64489,348,31088,551,33144,57,257,552,20437,398,22086,608,42523,California
El Dorado,2021-03-11,3028,67517,1837,32925,1004,34148,187,444,1285,20185,1722,23808,1470,43993,California
El Dorado,2021-03-12,1799,69316,623,33548,926,35074,250,694,742,20138,1039,24847,992,44985,California
El Dorado,2021-03-13,1075,70391,350,33898,441,35515,284,978,371,20090,700,25547,652,45637,California
El Dorado,2021-03-14,796,71187,204,34102,482,35997,110,1088,275,19954,521,26068,385,46022,California
El Dorado,2021-03-15,1404,72591,301,34403,976,36973,127,1215,612,19906,788,26856,740,46762,California
El Dorado,2021-03-16,1233,73824,419,34822,670,37643,144,1359,564,19950,664,27520,708,47470,California
El Dorado,2021-03-17,1131,74955,363,35185,670,38313,98,1457,732,20382,398,27918,830,48300,California
El Dorado,2021-03-18,3010,77965,1783,36968,1184,39497,43,1500,1983,21389,1019,28937,2026,50326,California
El Dorado,2021-03-19,1123,79088,360,37328,611,40108,152,1652,625,21667,498,29435,776,51102,California
El Dorado,2021-03-20,953,80041,267,37595,670,40778,16,1668,369,21480,572,30007,385,51487,California
El Dorado,2021-03-21,1030,81071,422,38017,603,41381,5,1673,918,22293,110,30117,923,52410,California
El Dorado,2021-03-22,1508,82579,488,38505,938,42319,82,1755,1197,23266,306,30423,1279,53689,California
El Dorado,2021-03-23,1162,83741,461,38966,605,42924,96,1851,740,23691,411,30834,836,54525,California
El Dorado,2021-03-24,1464,85205,635,39601,636,43560,193,2044,664,23775,773,31607,857,55382,California
El Dorado,2021-03-25,2516,87721,1687,41288,722,44282,107,2151,1374,24121,1136,32743,1482,56864,California
El Dorado,2021-03-26,1825,89546,702,41990,1013,45295,110,2261,925,24280,877,33620,1036,57900,California
El Dorado,2021-03-27,1338,90884,189,42179,1144,46439,5,2266,317,23587,1015,34635,322,58222,California
El Dorado,2021-03-28,640,91524,184,42363,445,46884,11,2277,166,23294,470,35105,177,58399,California
El Dorado,2021-03-29,1323,92847,432,42795,875,47759,16,2293,828,23646,492,35597,844,59243,California
El Dorado,2021-03-30,1366,94213,416,43211,855,48614,95,2388,686,23753,672,36269,779,60022,California
El Dorado,2021-03-31,1565,95778,582,43793,918,49532,65,2453,695,23643,868,37137,758,60780,California
El Dorado,2021-04-01,3241,99019,1767,45560,1391,50923,83,2536,1539,23566,1700,38837,1623,62403,California
El Dorado,2021-04-02,1897,100916,566,46126,1236,52159,95,2631,748,23266,1143,39980,843,63246,California
El Dorado,2021-04-03,749,101665,297,46423,332,52491,120,2751,228,23096,518,40498,348,63594,California
El Dorado,2021-04-04,272,101937,83,46506,142,52633,47,2798,97,23066,174,40672,144,63738,California
El Dorado,2021-04-05,1422,103359,422,46928,906,53539,94,2892,592,22926,825,41497,685,64423,California
El Dorado,2021-04-06,1416,104775,523,47451,674,54213,219,3111,451,22632,961,42458,667,65090,California
El Dorado,2021-04-07,1599,106374,568,48019,582,54795,449,3560,562,22606,1034,43492,1008,66098,California
El Dorado,2021-04-08,2703,109077,1747,49766,720,55515,236,3796,1124,22395,1571,45063,1360,67458,California
El Dorado,2021-04-09,1435,110512,453,50219,762,56277,220,4016,572,22323,860,45923,788,68246,California
El Dorado,2021-04-10,821,111333,224,50443,487,56764,110,4126,474,22562,344,46267,583,68829,California
El Dorado,2021-04-11,707,112040,456,50899,235,56999,16,4142,209,22290,497,46764,225,69054,California
El Dorado,2021-04-12,1294,113334,504,51403,640,57639,150,4292,568,22289,719,47483,718,69772,California
El Dorado,2021-04-13,1125,114459,615,52018,510,58149,0,4292,508,22184,613,48096,508,70280,California
El Dorado,2021-04-14,1094,115553,468,52486,625,58774,1,4293,387,21878,694,48790,388,70668,California
El Dorado,2021-04-15,2492,118045,1679,54165,813,59587,0,4293,951,21292,1538,50328,952,71620,California
El Dorado,2021-04-16,1477,119522,524,54689,953,60540,0,4293,606,21032,867,51195,607,72227,California
El Dorado,2021-04-17,801,120323,203,54892,598,61138,0,4293,496,21226,302,51497,496,72723,California
El Dorado,2021-04-18,991,121314,88,54980,903,62041,0,4293,393,21022,597,52094,393,73116,California
El Dorado,2021-04-19,1718,123032,437,55417,1281,63322,0,4293,691,20692,1021,53115,691,73807,California
El Dorado,2021-04-20,1107,124139,359,55776,748,64070,0,4293,457,20504,646,53761,458,74265,California
El Dorado,2021-04-21,1160,125299,466,56242,690,64760,4,4297,592,20537,560,54321,593,74858,California
El Dorado,2021-04-22,2551,127850,1679,57921,872,65632,0,4297,1067,20122,1482,55803,1067,75925,California
El Dorado,2021-04-23,1408,129258,499,58420,909,66541,0,4297,720,20158,685,56488,721,76646,California
El Dorado,2021-04-24,972,130230,520,58940,452,66993,0,4297,737,20662,233,56721,737,77383,California
El Dorado,2021-04-25,655,130885,450,59390,205,67198,0,4297,469,20945,186,56907,469,77852,California
El Dorado,2021-04-26,1139,132024,450,59840,672,67870,17,4314,535,20894,602,57509,551,78403,California
El Dorado,2021-04-27,1079,133103,392,60232,657,68527,30,4344,485,20822,587,58096,515,78918,California
El Dorado,2021-04-28,1037,134140,349,60581,648,69175,40,4384,405,20636,631,58727,445,79363,California
El Dorado,2021-04-29,1924,136064,1300,61881,592,69767,32,4416,530,19806,1392,60119,562,79925,California
El Dorado,2021-04-30,2125,138189,1337,63218,747,70514,41,4457,1363,20459,750,60869,1403,81328,California
El Dorado,2021-05-01,612,138801,279,63497,306,70820,27,4484,275,20431,330,61199,302,81630,California
El Dorado,2021-05-02,302,139103,216,63713,57,70877,29,4513,100,20360,199,61398,128,81758,California
El Dorado,2021-05-03,821,139924,399,64112,372,71249,50,4563,274,20142,543,61941,325,82083,California
El Dorado,2021-05-04,881,140805,434,64546,388,71637,59,4622,313,19950,564,62505,372,82455,California
El Dorado,2021-05-05,879,141684,436,64982,370,72007,73,4695,417,19980,460,62965,490,82945,California
El Dorado,2021-05-06,1115,142799,485,65467,583,72590,47,4742,472,19858,637,63602,515,83460,California
El Dorado,2021-05-07,981,143780,375,65842,548,73138,58,4800,401,19736,580,64182,458,83918,California
El Dorado,2021-05-08,488,144268,153,65995,298,73436,37,4837,187,19661,299,64481,224,84142,California
El Dorado,2021-05-09,221,144489,82,66077,112,73548,27,4864,103,19674,117,64598,130,84272,California
El Dorado,2021-05-10,828,145317,273,66350,496,74044,59,4923,240,19392,579,65177,297,84569,California
El Dorado,2021-05-11,659,145976,286,66636,320,74364,53,4976,288,19366,368,65545,342,84911,California
El Dorado,2021-05-12,588,146564,309,66945,244,74608,35,5011,239,19292,349,65894,275,85186,California
El Dorado,2021-05-13,1139,147703,732,67677,370,74978,37,5048,392,18979,741,66635,428,85614,California
El Dorado,2021-05-14,1403,149106,810,68487,510,75488,83,5131,676,19016,722,67357,759,86373,California
El Dorado,2021-05-15,899,150005,553,69040,289,75777,57,5188,316,18806,583,67940,373,86746,California
El Dorado,2021-05-16,661,150666,461,69501,174,75951,26,5214,230,18631,431,68371,256,87002,California
El Dorado,2021-05-17,1564,152230,662,70163,853,76804,49,5263,568,18255,992,69363,616,87618,California
El Dorado,2021-05-18,1013,153243,509,70672,450,77254,54,5317,445,18187,567,69930,499,88117,California
El Dorado,2021-05-19,814,154057,330,71002,431,77685,53,5370,318,18067,490,70420,370,88487,California
El Dorado,2021-05-20,1043,155100,606,71608,388,78073,49,5419,451,17978,589,71009,500,88987,California
El Dorado,2021-05-21,2199,157299,1677,73285,498,78571,24,5443,768,17343,1427,72436,792,89779,California
El Dorado,2021-05-22,578,157877,154,73439,408,78979,16,5459,197,17176,380,72816,213,89992,California
El Dorado,2021-05-23,203,158080,94,73533,89,79068,20,5479,70,17135,131,72947,90,90082,California
El Dorado,2021-05-24,882,158962,452,73985,362,79430,68,5547,325,16973,553,73500,391,90473,California
El Dorado,2021-05-25,606,159568,254,74239,316,79746,36,5583,236,16878,367,73867,272,90745,California
El Dorado,2021-05-26,794,160362,388,74627,382,80128,24,5607,304,16717,489,74356,328,91073,California
El Dorado,2021-05-27,623,160985,245,74872,344,80472,34,5641,317,16763,304,74660,350,91423,California
El Dorado,2021-05-28,729,161714,252,75124,413,80885,64,5705,309,16719,417,75077,373,91796,California
El Dorado,2021-05-29,386,162100,107,75231,263,81148,16,5721,169,16687,217,75294,185,91981,California
El Dorado,2021-05-30,171,162271,100,75331,57,81205,14,5735,83,16696,88,75382,97,92078,California
El Dorado,2021-05-31,36,162307,11,75342,14,81219,11,5746,8,16687,28,75410,19,92097,California
El Dorado,2021-06-01,674,162981,288,75630,348,81567,38,5784,235,16524,436,75846,273,92370,California
El Dorado,2021-06-02,621,163602,297,75927,274,81841,50,5834,269,16492,351,76197,319,92689,California
El Dorado,2021-06-03,724,164326,338,76265,345,82186,41,5875,225,16260,499,76696,267,92956,California
El Dorado,2021-06-04,385,164711,225,76490,145,82331,15,5890,60,16011,324,77020,75,93031,California
Fresno,2020-12-15,2,2,2,2,0,0,0,0,2,2,0,0,2,2,California
Fresno,2020-12-16,125,127,125,127,0,0,0,0,125,127,0,0,125,127,California
Fresno,2020-12-17,121,248,121,248,0,0,0,0,121,248,0,0,121,248,California
Fresno,2020-12-18,346,594,346,594,0,0,0,0,346,594,0,0,346,594,California
Fresno,2020-12-19,161,755,161,755,0,0,0,0,161,755,0,0,161,755,California
Fresno,2020-12-20,258,1013,256,1011,2,2,0,0,258,1013,0,0,258,1013,California
Fresno,2020-12-21,924,1937,922,1933,2,4,0,0,954,1967,0,0,954,1967,California
Fresno,2020-12-22,902,2839,872,2805,30,34,0,0,906,2873,0,0,906,2873,California
Fresno,2020-12-23,1087,3926,1046,3851,41,75,0,0,1088,3961,0,0,1088,3961,California
Fresno,2020-12-24,591,4517,565,4416,26,101,0,0,591,4552,0,0,591,4552,California
Fresno,2020-12-25,2,4519,1,4417,1,102,0,0,2,4554,0,0,2,4554,California
Fresno,2020-12-26,723,5242,714,5131,9,111,0,0,723,5277,0,0,723,5277,California
Fresno,2020-12-27,305,5547,208,5339,97,208,0,0,305,5582,0,0,305,5582,California
Fresno,2020-12-28,1097,6644,804,6143,293,501,0,0,1097,6679,0,0,1097,6679,California
Fresno,2020-12-29,1755,8399,995,7138,760,1261,0,0,1753,8431,1,1,1753,8432,California
Fresno,2020-12-30,982,9381,444,7582,538,1799,0,0,982,9413,0,1,982,9414,California
Fresno,2020-12-31,922,10303,310,7892,612,2411,0,0,921,10334,0,1,921,10335,California
Fresno,2021-01-01,9,10312,3,7895,6,2417,0,0,9,10343,0,1,9,10344,California
Fresno,2021-01-02,1028,11340,713,8608,315,2732,0,0,1028,11371,0,1,1028,11372,California
Fresno,2021-01-03,154,11494,128,8736,26,2758,0,0,154,11525,0,1,154,11526,California
Fresno,2021-01-04,622,12116,377,9113,245,3003,0,0,622,12147,0,1,622,12148,California
Fresno,2021-01-05,780,12896,311,9424,469,3472,0,0,706,12779,74,75,706,12854,California
Fresno,2021-01-06,986,13882,348,9772,638,4110,0,0,810,13413,176,251,810,13664,California
Fresno,2021-01-07,1897,15779,918,10690,979,5089,0,0,1644,14807,253,504,1647,15311,California
Fresno,2021-01-08,1786,17565,612,11302,1174,6263,0,0,1422,15867,362,866,1422,16733,California
Fresno,2021-01-09,637,18202,389,11691,248,6511,0,0,359,15948,278,1144,359,17092,California
Fresno,2021-01-10,517,18719,487,12178,30,6541,0,0,204,15839,313,1457,204,17296,California
Fresno,2021-01-11,2214,20933,1806,13984,408,6949,0,0,1521,16670,693,2150,1524,18820,California
Fresno,2021-01-12,2519,23452,1823,15807,696,7645,0,0,1672,17495,849,2999,1674,20494,California
Fresno,2021-01-13,3556,27008,2436,18243,1120,8765,0,0,2703,19349,853,3852,2707,23201,California
Fresno,2021-01-14,4137,31145,2182,20425,1955,10720,0,0,3664,22541,472,4324,3664,26865,California
Fresno,2021-01-15,3659,34804,2529,22954,1130,11850,0,0,3300,25486,359,4683,3304,30169,California
Fresno,2021-01-16,3138,37942,2300,25254,838,12688,0,0,2672,27695,465,5148,2674,32843,California
Fresno,2021-01-17,977,38919,555,25809,422,13110,0,0,777,28272,200,5348,777,33620,California
Fresno,2021-01-18,3074,41993,2369,28178,705,13815,0,0,2417,30036,655,6003,2419,36039,California
Fresno,2021-01-19,4404,46397,2624,30802,1780,15595,0,0,3686,33008,718,6721,3690,39729,California
Fresno,2021-01-20,3017,49414,1210,32012,1807,17402,0,0,2704,35404,311,7032,2707,42436,California
Fresno,2021-01-21,4388,53802,2031,34043,2357,19759,0,0,4028,39101,337,7369,4034,46470,California
Fresno,2021-01-22,3296,57098,1343,35386,1953,21712,0,0,2912,41646,368,7737,2913,49383,California
Fresno,2021-01-23,3043,60141,1972,37358,1071,22783,0,0,2321,43251,721,8458,2326,51709,California
Fresno,2021-01-24,558,60699,377,37735,181,22964,0,0,352,43399,206,8664,354,52063,California
Fresno,2021-01-25,2440,63139,865,38600,1575,24539,0,0,1864,44690,576,9240,1867,53930,California
Fresno,2021-01-26,2080,65219,589,39189,1491,26030,0,0,1321,45255,757,9997,1322,55252,California
Fresno,2021-01-27,2323,67542,1153,40342,1170,27200,0,0,1746,46428,576,10573,1749,57001,California
Fresno,2021-01-28,4542,72084,3050,43392,1492,28692,0,0,3472,48836,1067,11640,3475,60476,California
Fresno,2021-01-29,1713,73797,983,44375,730,29422,0,0,1413,49954,296,11936,1414,61890,California
Fresno,2021-01-30,1447,75244,546,44921,901,30323,0,0,1029,50565,418,12354,1029,62919,California
Fresno,2021-01-31,229,75473,218,45139,11,30334,0,0,75,50486,154,12508,75,62994,California
Fresno,2021-02-01,3341,78814,1667,46806,1674,32008,0,0,1784,50724,1556,14064,1794,64788,California
Fresno,2021-02-02,2726,81540,555,47361,2171,34179,0,0,1583,51195,1128,15192,1599,66387,California
Fresno,2021-02-03,3556,85096,2104,49465,1452,35631,0,0,1543,50735,2004,17196,1544,67931,California
Fresno,2021-02-04,4191,89287,1891,51356,2300,37931,0,0,1927,50433,2234,19430,1932,69863,California
Fresno,2021-02-05,5343,94630,2727,54083,2616,40547,0,0,2307,49713,3031,22461,2311,72174,California
Fresno,2021-02-06,2928,97558,2039,56122,889,41436,0,0,968,48730,1952,24413,969,73143,California
Fresno,2021-02-07,466,98024,284,56406,182,41618,0,0,272,48809,193,24606,272,73415,California
Fresno,2021-02-08,4276,102300,2288,58694,1988,43606,0,0,1814,48182,2450,27056,1823,75238,California
Fresno,2021-02-09,5327,107627,2090,60784,3237,46843,0,0,3114,49167,2138,29194,3123,78361,California
Fresno,2021-02-10,3890,111517,1235,62019,2655,49498,0,0,1990,49321,1848,31042,2002,80363,California
Fresno,2021-02-11,6449,117966,2089,64108,4360,53858,0,0,3351,49597,3080,34122,3356,83719,California
Fresno,2021-02-12,5395,123361,1384,65492,4011,57869,0,0,2732,49694,2644,36766,2741,86460,California
Fresno,2021-02-13,3741,127102,1560,67052,2181,60050,0,0,2078,50126,1651,38417,2083,88543,California
Fresno,2021-02-14,1565,128667,283,67335,1282,61332,0,0,839,50242,725,39142,841,89384,California
Fresno,2021-02-15,2891,131558,268,67603,2623,63955,0,0,1793,50945,1094,40236,1797,91181,California
Fresno,2021-02-16,6687,138245,2402,70005,4285,68240,0,0,4233,52747,2437,42673,4239,95420,California
Fresno,2021-02-17,5323,143568,2445,72450,2878,71118,0,0,2984,53439,2296,44969,2988,98408,California
Fresno,2021-02-18,6848,150416,2895,75345,3953,75071,0,0,2578,51801,4227,49196,2589,100997,California
Fresno,2021-02-19,3833,154249,1098,76443,2735,77806,0,0,1820,51623,2001,51197,1823,102820,California
Fresno,2021-02-20,4525,158774,2481,78924,2044,79850,0,0,3046,53202,1473,52670,3052,105872,California
Fresno,2021-02-21,189,158963,170,79094,19,79869,0,0,126,53279,49,52719,126,105998,California
Fresno,2021-02-22,2241,161204,998,80092,1243,81112,0,0,1236,53522,995,53714,1238,107236,California
Fresno,2021-02-23,4686,165890,2262,82354,2424,83536,0,0,3806,56462,868,54582,3808,111044,California
Fresno,2021-02-24,4203,170093,1498,83852,2705,86241,0,0,3446,59164,745,55327,3447,114491,California
Fresno,2021-02-25,8705,178798,3743,87595,4962,91203,0,0,7217,64966,1423,56750,7225,121716,California
Fresno,2021-02-26,9024,187822,3704,91299,5320,96523,0,0,7707,71386,1293,58043,7713,129429,California
Fresno,2021-02-27,7290,195112,3168,94467,4121,100644,1,1,6577,77269,697,58740,6580,136009,California
Fresno,2021-02-28,1651,196763,531,94998,1120,101764,0,1,1563,78757,76,58816,1564,137573,California
Fresno,2021-03-01,5082,201845,1316,96314,3766,105530,0,1,3684,81060,1385,60201,3688,141261,California
Fresno,2021-03-02,9859,211704,3384,99698,6475,112005,0,1,8475,88200,1360,61561,8500,149761,California
Fresno,2021-03-03,6933,218637,1689,101387,5243,117248,1,2,5923,93239,996,62557,6035,155796,California
Fresno,2021-03-04,10447,229084,4126,105513,6321,123569,0,2,8708,100245,1711,64268,8717,164513,California
Fresno,2021-03-05,9311,238395,3629,109142,5680,129249,2,4,8031,107204,1148,65416,8107,172620,California
Fresno,2021-03-06,7002,245397,3950,113092,2934,132183,118,122,6009,112350,985,66401,6131,178751,California
Fresno,2021-03-07,1495,246892,682,113774,776,132959,37,159,1265,113426,227,66628,1303,180054,California
Fresno,2021-03-08,5289,252181,2022,115796,3116,136075,151,310,4000,116309,1279,67907,4162,184216,California
Fresno,2021-03-09,8609,260790,3782,119578,4556,140631,271,581,4642,117311,3946,71853,4948,189164,California
Fresno,2021-03-10,6838,267628,2859,122437,3588,144219,391,972,5377,121635,1452,73305,5776,194940,California
Fresno,2021-03-11,11603,279231,4578,127015,6469,150688,556,1528,6308,123308,5268,78573,6941,201881,California
Fresno,2021-03-12,12059,291290,5140,132155,6472,157160,447,1975,9057,129967,2983,81556,9642,211523,California
Fresno,2021-03-13,8344,299634,4057,136212,3255,160415,1032,3007,4024,130801,4298,85854,5132,216655,California
Fresno,2021-03-14,1766,301400,476,136688,1001,161416,289,3296,665,130665,1089,86943,953,217608,California
Fresno,2021-03-15,7132,308532,3175,139863,3786,165202,171,3467,4951,133801,2167,89110,5303,222911,California
Fresno,2021-03-16,10229,318761,4541,144404,5288,170490,400,3867,5423,134946,4774,93884,5919,228830,California
Fresno,2021-03-17,8671,327432,3930,148334,4047,174537,694,4561,5877,139136,2771,96655,6961,235791,California
Fresno,2021-03-18,12449,339881,6736,155070,5074,179611,639,5200,7058,141918,5342,101997,8124,243915,California
Fresno,2021-03-19,11175,351056,5888,160958,4669,184280,618,5818,6931,145546,4215,106212,7843,251758,California
Fresno,2021-03-20,7612,358668,4603,165561,2689,186969,320,6138,3800,146157,3785,109997,4396,256154,California
Fresno,2021-03-21,1792,360460,1205,166766,210,187179,377,6515,968,146686,816,110813,1345,257499,California
Fresno,2021-03-22,5672,366132,2897,169663,2175,189354,600,7115,3839,149509,1817,112630,4640,262139,California
Fresno,2021-03-23,10566,376698,5252,174915,4813,194167,501,7616,5066,150025,5478,118108,5994,268133,California
Fresno,2021-03-24,8851,385549,3822,178737,4197,198364,832,8448,4967,152029,3846,121954,5850,273983,California
Fresno,2021-03-25,12210,397759,5695,184432,5727,204091,788,9236,4765,150269,7395,129349,5635,279618,California
Fresno,2021-03-26,12231,409990,5458,189890,6128,210219,645,9881,4464,147685,7714,137063,5130,284748,California
Fresno,2021-03-27,9701,419691,4425,194315,4191,214410,1085,10966,2947,145007,6716,143779,4038,288786,California
Fresno,2021-03-28,3421,423112,1325,195640,1403,215813,693,11659,1279,145126,2134,145913,2253,291039,California
Fresno,2021-03-29,5994,429106,2003,197643,3442,219255,549,12208,2894,145508,3071,148984,3453,294492,California
Fresno,2021-03-30,10907,440013,4274,201917,5737,224992,896,13104,3850,143225,7028,156012,4745,299237,California
Fresno,2021-03-31,9694,449707,3382,205299,5319,230311,993,14097,3742,142045,5909,161921,4729,303966,California
Fresno,2021-04-01,12072,461779,4203,209502,7008,237319,861,14958,4029,138951,7941,169862,4847,308813,California
Fresno,2021-04-02,11997,473776,4568,214070,6636,243955,793,15751,4221,136357,7615,177477,5021,313834,California
Fresno,2021-04-03,6413,480189,3532,217602,2625,246580,256,16007,2148,134552,4246,181723,2441,316275,California
Fresno,2021-04-04,1498,481687,533,218135,920,247500,45,16052,546,134201,942,182665,591,316866,California
Fresno,2021-04-05,8328,490015,4471,222606,3054,250554,803,16855,2449,131659,5862,188527,3320,320186,California
Fresno,2021-04-06,9607,499622,4020,226626,4402,254956,1185,18040,3543,130380,6024,194551,4745,324931,California
Fresno,2021-04-07,10461,510083,5346,231972,3906,258862,1209,19249,3540,128279,6875,201426,4774,329705,California
Fresno,2021-04-08,10948,521031,5168,237140,4617,263479,1163,20412,3435,125457,7463,208889,4641,334346,California
Fresno,2021-04-09,11232,532263,5349,242489,4492,267971,1391,21803,3617,122916,7568,216457,5027,339373,California
Fresno,2021-04-10,7879,540142,5152,247641,2207,270178,520,22323,3676,122922,4191,220648,4197,343570,California
Fresno,2021-04-11,1394,541536,935,248576,368,270546,91,22414,446,122517,943,221591,538,344108,California
Fresno,2021-04-12,7265,548801,3796,252372,2541,273087,928,23342,2343,120895,4893,226484,3271,347379,California
Fresno,2021-04-13,8904,557705,4259,256631,4577,277664,68,23410,3475,119137,5394,231878,3636,351015,California
Fresno,2021-04-14,9437,567142,5739,262370,3697,281361,1,23411,3728,117245,5667,237545,3775,354790,California
Fresno,2021-04-15,8401,575543,4187,266557,4211,285572,3,23414,3167,115212,5206,242751,3173,357963,California
Fresno,2021-04-16,9367,584910,4634,271191,4731,290303,2,23416,3869,113626,5462,248213,3876,361839,California
Fresno,2021-04-17,5564,590474,3722,274913,1842,292145,0,23416,2646,113376,2898,251111,2648,364487,California
Fresno,2021-04-18,1030,591504,559,275472,471,292616,0,23416,473,113297,552,251663,473,364960,California
Fresno,2021-04-19,5546,597050,3016,278488,2527,295143,3,23419,2249,112291,3260,254923,2254,367214,California
Fresno,2021-04-20,6925,603975,3434,281922,3482,298625,9,23428,2616,110631,4285,259208,2625,369839,California
Fresno,2021-04-21,6370,610345,3524,285446,2838,301463,8,23436,2660,109626,3677,262885,2672,372511,California
Fresno,2021-04-22,6344,616689,3155,288601,3188,304651,1,23437,2306,107957,3979,266864,2310,374821,California
Fresno,2021-04-23,7104,623793,3825,292426,3262,307913,17,23454,2724,106395,4291,271155,2729,377550,California
Fresno,2021-04-24,4172,627965,2493,294919,1679,309592,0,23454,1918,106072,2241,273396,1918,379468,California
Fresno,2021-04-25,1373,629338,557,295476,814,310406,2,23456,692,106091,675,274071,694,380162,California
Fresno,2021-04-26,3948,633286,1977,297453,1926,312332,45,23501,1678,105573,2240,276311,1722,381884,California
Fresno,2021-04-27,4634,637920,2349,299802,2170,314502,115,23616,1839,104752,2774,279085,1953,383837,California
Fresno,2021-04-28,4720,642640,2631,302433,1959,316461,130,23746,1941,104068,2756,281841,2072,385909,California
Fresno,2021-04-29,4728,647368,2649,305082,1941,318402,138,23884,1755,103017,2942,284783,1891,387800,California
Fresno,2021-04-30,5398,652766,3285,308367,1979,320381,134,24018,2142,102066,3226,288009,2275,390075,California
Fresno,2021-05-01,4181,656947,3457,311824,585,320966,139,24157,1224,100487,2940,290949,1361,391436,California
Fresno,2021-05-02,1248,658195,771,312595,426,321392,51,24208,611,100523,625,291574,661,392097,California
Fresno,2021-05-03,4017,662212,2699,315294,1128,322520,190,24398,1296,99311,2693,294267,1481,393578,California
Fresno,2021-05-04,4826,667038,2500,317794,2174,324694,152,24550,1549,97763,3251,297518,1703,395281,California
Fresno,2021-05-05,5079,672117,3145,320939,1709,326403,225,24775,1584,96100,3469,300987,1806,397087,California
Fresno,2021-05-06,4112,676229,2544,323483,1463,327866,105,24880,1403,94928,2680,303667,1508,398595,California
Fresno,2021-05-07,5004,681233,3288,326771,1553,329419,163,25043,1554,93215,3427,307094,1714,400309,California
Fresno,2021-05-08,3895,685128,2490,329261,1257,330676,148,25191,1173,91834,2703,309797,1322,401631,California
Fresno,2021-05-09,678,685806,347,329608,288,330964,43,25234,336,91877,336,310133,379,402010,California
Fresno,2021-05-10,2947,688753,1578,331186,1228,332192,141,25375,915,90909,2024,312157,1056,403066,California
Fresno,2021-05-11,3611,692364,1840,333026,1681,333873,90,25465,1158,89715,2443,314600,1249,404315,California
Fresno,2021-05-12,3717,696081,2350,335376,1217,335090,150,25615,1339,88849,2355,316955,1489,405804,California
Fresno,2021-05-13,3601,699682,1951,337327,1545,336635,105,25720,1589,88569,1974,318929,1694,407498,California
Fresno,2021-05-14,5026,704708,3025,340352,1813,338448,188,25908,2135,88035,2858,321787,2324,409822,California
Fresno,2021-05-15,3575,708283,2671,343023,775,339223,129,26037,1816,88230,1749,323536,1944,411766,California
Fresno,2021-05-16,1443,709726,945,343968,464,339687,34,26071,806,88439,631,324167,840,412606,California
Fresno,2021-05-17,4169,713895,2820,346788,1191,340878,158,26229,2299,89053,1842,326009,2456,415062,California
Fresno,2021-05-18,4078,717973,2516,349304,1411,342289,151,26380,2115,89377,1940,327949,2264,417326,California
Fresno,2021-05-19,4333,722306,2760,352064,1399,343688,174,26554,2138,89515,2173,330122,2311,419637,California
Fresno,2021-05-20,3509,725815,2029,354093,1296,344984,184,26738,1628,89460,1866,331988,1811,421448,California
Fresno,2021-05-21,3826,729641,2469,356562,1266,346250,91,26829,1727,89198,2079,334067,1817,423265,California
Fresno,2021-05-22,3280,732921,2455,359017,654,346904,171,27000,1924,89949,1342,335409,2093,425358,California
Fresno,2021-05-23,537,733458,344,359361,165,347069,28,27028,301,90048,230,335639,329,425687,California
Fresno,2021-05-24,3216,736674,2024,361385,1078,348147,114,27142,1512,89994,1680,337319,1626,427313,California
Fresno,2021-05-25,3201,739875,1928,363313,1150,349297,123,27265,1385,89700,1803,339122,1509,428822,California
Fresno,2021-05-26,3232,743107,2140,365453,988,350285,104,27369,1658,89905,1555,340677,1760,430582,California
Fresno,2021-05-27,3127,746234,1907,367360,1113,351398,107,27476,1442,89795,1660,342337,1550,432132,California
Fresno,2021-05-28,3390,749624,2204,369564,1091,352489,95,27571,1877,90274,1494,343831,1973,434105,California
Fresno,2021-05-29,2271,751895,1654,371218,546,353035,71,27642,1250,90585,1011,344842,1322,435427,California
Fresno,2021-05-30,887,752782,535,371753,317,353352,35,27677,425,90600,445,345287,460,435887,California
Fresno,2021-05-31,314,753096,159,371912,144,353496,11,27688,134,90568,175,345462,143,436030,California
Fresno,2021-06-01,3005,756101,1812,373724,1100,354596,93,27781,1253,90184,1730,347192,1346,437376,California
Fresno,2021-06-02,2650,758751,1711,375435,849,355445,90,27871,1146,89946,1475,348667,1237,438613,California
Fresno,2021-06-03,2880,761631,1986,377421,794,356239,100,27971,1247,89676,1615,350282,1345,439958,California
Fresno,2021-06-04,1700,763331,1214,378635,401,356640,85,28056,516,89105,1173,351455,602,440560,California
Glenn,2020-12-17,1,1,1,1,0,0,0,0,1,1,0,0,1,1,California
Glenn,2020-12-20,1,2,1,2,0,0,0,0,1,2,0,0,1,2,California
Glenn,2020-12-21,11,13,11,13,0,0,0,0,11,13,0,0,11,13,California
Glenn,2020-12-22,61,74,61,74,0,0,0,0,61,74,0,0,61,74,California
Glenn,2020-12-23,28,102,28,102,0,0,0,0,28,102,0,0,28,102,California
Glenn,2020-12-24,9,111,9,111,0,0,0,0,9,111,0,0,9,111,California
Glenn,2020-12-26,2,113,2,113,0,0,0,0,2,113,0,0,2,113,California
Glenn,2020-12-27,4,117,4,117,0,0,0,0,4,117,0,0,4,117,California
Glenn,2020-12-28,21,138,21,138,0,0,0,0,21,138,0,0,21,138,California
Glenn,2020-12-29,81,219,81,219,0,0,0,0,81,219,0,0,81,219,California
Glenn,2020-12-30,129,348,106,325,23,23,0,0,129,348,0,0,129,348,California
Glenn,2020-12-31,38,386,9,334,29,52,0,0,38,386,0,0,38,386,California
Glenn,2021-01-02,3,389,3,337,0,52,0,0,3,389,0,0,3,389,California
Glenn,2021-01-04,7,396,5,342,2,54,0,0,7,396,0,0,7,396,California
Glenn,2021-01-05,10,406,8,350,2,56,0,0,10,406,0,0,10,406,California
Glenn,2021-01-06,59,465,8,358,51,107,0,0,59,465,0,0,59,465,California
Glenn,2021-01-07,66,531,11,369,55,162,0,0,65,529,1,1,65,530,California
Glenn,2021-01-08,12,543,9,378,3,165,0,0,12,541,0,1,12,542,California
Glenn,2021-01-10,1,544,1,379,0,165,0,0,0,540,1,2,0,542,California
Glenn,2021-01-11,29,573,29,408,0,165,0,0,12,535,17,19,12,554,California
Glenn,2021-01-12,44,617,39,447,5,170,0,0,14,519,30,49,14,568,California
Glenn,2021-01-13,221,838,156,603,65,235,0,0,177,652,44,93,177,745,California
Glenn,2021-01-14,117,955,28,631,89,324,0,0,107,749,10,103,107,852,California
Glenn,2021-01-15,41,996,34,665,7,331,0,0,36,780,5,108,36,888,California
Glenn,2021-01-16,33,1029,14,679,19,350,0,0,23,793,10,118,23,911,California
Glenn,2021-01-17,4,1033,2,681,2,352,0,0,2,793,2,120,2,913,California
Glenn,2021-01-18,17,1050,16,697,1,353,0,0,9,794,8,128,9,922,California
Glenn,2021-01-19,30,1080,20,717,10,363,0,0,13,790,17,145,13,935,California
Glenn,2021-01-20,164,1244,94,811,70,433,0,0,83,792,81,226,83,1018,California
Glenn,2021-01-21,123,1367,97,908,26,459,0,0,30,729,93,319,30,1048,California
Glenn,2021-01-22,341,1708,64,972,277,736,0,0,334,1056,7,326,334,1382,California
Glenn,2021-01-23,14,1722,8,980,6,742,0,0,11,1064,3,329,11,1393,California
Glenn,2021-01-24,2,1724,2,982,0,742,0,0,2,1066,0,329,2,1395,California
Glenn,2021-01-25,27,1751,9,991,18,760,0,0,24,1087,3,332,24,1419,California
Glenn,2021-01-26,30,1781,14,1005,16,776,0,0,24,1105,6,338,24,1443,California
Glenn,2021-01-27,187,1968,12,1017,175,951,0,0,165,1248,22,360,165,1608,California
Glenn,2021-01-28,147,2115,8,1025,139,1090,0,0,117,1335,30,390,117,1725,California
Glenn,2021-01-29,299,2414,12,1037,287,1377,0,0,285,1606,14,404,285,2010,California
Glenn,2021-01-30,3,2417,0,1037,3,1380,0,0,3,1609,0,404,3,2013,California
Glenn,2021-01-31,1,2418,0,1037,1,1381,0,0,1,1610,0,404,1,2014,California
Glenn,2021-02-01,30,2448,11,1048,19,1400,0,0,18,1616,12,416,18,2032,California
Glenn,2021-02-02,30,2478,15,1063,15,1415,0,0,20,1626,10,426,20,2052,California
Glenn,2021-02-03,273,2751,125,1188,148,1563,0,0,129,1612,144,570,130,2182,California
Glenn,2021-02-04,80,2831,14,1202,66,1629,0,0,25,1582,55,625,25,2207,California
Glenn,2021-02-05,323,3154,25,1227,298,1927,0,0,302,1863,21,646,302,2509,California
Glenn,2021-02-06,16,3170,2,1229,14,1941,0,0,15,1877,1,647,15,2524,California
Glenn,2021-02-07,2,3172,2,1231,0,1941,0,0,2,1879,0,647,2,2526,California
Glenn,2021-02-08,21,3193,17,1248,4,1945,0,0,4,1866,17,664,4,2530,California
Glenn,2021-02-09,48,3241,19,1267,29,1974,0,0,34,1886,14,678,34,2564,California
Glenn,2021-02-10,139,3380,19,1286,120,2094,0,0,66,1879,73,751,66,2630,California
Glenn,2021-02-11,232,3612,132,1418,100,2194,0,0,150,1946,83,834,150,2780,California
Glenn,2021-02-12,419,4031,98,1516,321,2515,0,0,354,2235,65,899,354,3134,California
Glenn,2021-02-13,36,4067,8,1524,28,2543,0,0,17,2233,19,918,17,3151,California
Glenn,2021-02-14,1,4068,0,1524,1,2544,0,0,1,2234,0,918,1,3152,California
Glenn,2021-02-15,8,4076,0,1524,8,2552,0,0,8,2242,0,918,8,3160,California
Glenn,2021-02-16,39,4115,9,1533,30,2582,0,0,21,2245,18,936,21,3181,California
Glenn,2021-02-17,381,4496,13,1546,368,2950,0,0,304,2472,77,1013,304,3485,California
Glenn,2021-02-18,135,4631,100,1646,35,2985,0,0,111,2559,24,1037,111,3596,California
Glenn,2021-02-19,305,4936,16,1662,289,3274,0,0,28,2310,277,1314,28,3624,California
Glenn,2021-02-20,8,4944,0,1662,8,3282,0,0,0,2302,8,1322,0,3624,California
Glenn,2021-02-21,1,4945,1,1663,0,3282,0,0,1,2303,0,1322,1,3625,California
Glenn,2021-02-22,34,4979,15,1678,19,3301,0,0,17,2303,17,1339,17,3642,California
Glenn,2021-02-23,39,5018,10,1688,29,3330,0,0,27,2318,12,1351,27,3669,California
Glenn,2021-02-24,241,5259,39,1727,202,3532,0,0,46,2169,195,1546,46,3715,California
Glenn,2021-02-25,233,5492,119,1846,114,3646,0,0,117,2170,116,1662,117,3832,California
Glenn,2021-02-26,308,5800,24,1870,284,3930,0,0,20,1903,287,1949,20,3852,California
Glenn,2021-02-27,14,5814,5,1875,9,3939,0,0,6,1902,7,1956,6,3858,California
Glenn,2021-02-28,6,5820,3,1878,3,3942,0,0,3,1903,2,1958,3,3861,California
Glenn,2021-03-01,28,5848,6,1884,22,3964,0,0,12,1899,16,1974,12,3873,California
Glenn,2021-03-02,34,5882,7,1891,27,3991,0,0,16,1897,18,1992,16,3889,California
Glenn,2021-03-03,193,6075,38,1929,155,4146,0,0,102,1910,89,2081,102,3991,California
Glenn,2021-03-04,518,6593,174,2103,344,4490,0,0,374,2140,144,2225,374,4365,California
Glenn,2021-03-05,358,6951,47,2150,311,4801,0,0,34,1850,324,2549,34,4399,California
Glenn,2021-03-06,27,6978,2,2152,24,4825,1,1,8,1840,19,2568,9,4408,California
Glenn,2021-03-07,5,6983,0,2152,5,4830,0,1,3,1842,1,2569,3,4411,California
Glenn,2021-03-08,20,7003,2,2154,17,4847,1,2,18,1859,2,2571,19,4430,California
Glenn,2021-03-09,81,7084,11,2165,67,4914,3,5,53,1886,28,2599,55,4485,California
Glenn,2021-03-10,172,7256,69,2234,101,5015,2,7,95,1906,77,2676,97,4582,California
Glenn,2021-03-11,584,7840,169,2403,392,5407,23,30,454,2253,130,2806,477,5059,California
Glenn,2021-03-12,417,8257,13,2416,342,5749,62,92,41,1980,376,3182,103,5162,California
Glenn,2021-03-13,13,8270,1,2417,4,5753,8,100,1,1977,12,3194,9,5171,California
Glenn,2021-03-14,2,8272,1,2418,1,5754,0,100,0,1975,2,3196,0,5171,California
Glenn,2021-03-15,76,8348,15,2433,56,5810,5,105,61,2026,15,3211,66,5237,California
Glenn,2021-03-16,109,8457,34,2467,65,5875,10,115,69,2065,40,3251,79,5316,California
Glenn,2021-03-17,420,8877,99,2566,314,6189,7,122,116,1882,304,3555,121,5437,California
Glenn,2021-03-18,521,9398,216,2782,49,6238,256,378,145,1906,376,3931,400,5837,California
Glenn,2021-03-19,96,9494,16,2798,74,6312,6,384,75,1967,20,3951,81,5918,California
Glenn,2021-03-20,133,9627,2,2800,130,6442,1,385,131,2097,2,3953,132,6050,California
Glenn,2021-03-21,6,9633,5,2805,0,6442,1,386,3,2099,2,3955,4,6054,California
Glenn,2021-03-22,122,9755,54,2859,61,6503,7,393,103,2192,17,3972,110,6164,California
Glenn,2021-03-23,175,9930,66,2925,59,6562,50,443,104,2276,70,4042,154,6318,California
Glenn,2021-03-24,208,10138,101,3026,102,6664,5,448,135,2344,72,4114,140,6458,California
Glenn,2021-03-25,471,10609,229,3255,148,6812,94,542,344,2656,126,4240,438,6896,California
Glenn,2021-03-26,239,10848,36,3291,167,6979,36,578,189,2831,50,4290,225,7121,California
Glenn,2021-03-27,163,11011,19,3310,138,7117,6,584,153,2980,10,4300,159,7280,California
Glenn,2021-03-28,15,11026,10,3320,5,7122,0,584,10,2985,5,4305,10,7290,California
Glenn,2021-03-29,61,11087,20,3340,38,7160,3,587,47,3021,14,4319,50,7340,California
Glenn,2021-03-30,72,11159,41,3381,30,7190,1,588,41,3034,29,4348,42,7382,California
Glenn,2021-03-31,124,11283,35,3416,88,7278,1,589,54,3020,69,4417,55,7437,California
Glenn,2021-04-01,654,11937,188,3604,457,7735,9,598,243,2863,409,4826,252,7689,California
Glenn,2021-04-02,169,12106,26,3630,131,7866,12,610,133,2972,36,4862,145,7834,California
Glenn,2021-04-03,96,12202,4,3634,85,7951,7,617,85,3053,11,4873,92,7926,California
Glenn,2021-04-04,9,12211,3,3637,4,7955,2,619,5,3056,4,4877,7,7933,California
Glenn,2021-04-05,65,12276,25,3662,27,7982,13,632,28,3060,37,4914,41,7974,California
Glenn,2021-04-06,144,12420,52,3714,53,8035,39,671,37,3029,106,5020,75,8049,California
Glenn,2021-04-07,161,12581,47,3761,60,8095,54,725,74,3070,87,5107,128,8177,California
Glenn,2021-04-08,645,13226,191,3952,420,8515,34,759,139,2739,504,5611,173,8350,California
Glenn,2021-04-09,158,13384,57,4009,85,8600,16,775,101,2799,57,5668,117,8467,California
Glenn,2021-04-10,75,13459,1,4010,61,8661,13,788,59,2856,15,5683,72,8539,California
Glenn,2021-04-11,16,13475,8,4018,3,8664,5,793,7,2859,9,5692,12,8551,California
Glenn,2021-04-12,115,13590,25,4043,61,8725,29,822,20,2813,95,5787,49,8600,California
Glenn,2021-04-13,119,13709,63,4106,56,8781,0,822,30,2755,88,5875,30,8630,California
Glenn,2021-04-14,123,13832,46,4152,77,8858,0,822,69,2770,54,5929,69,8699,California
Glenn,2021-04-15,361,14193,276,4428,85,8943,0,822,123,2655,238,6167,123,8822,California
Glenn,2021-04-16,164,14357,41,4469,123,9066,0,822,76,2643,88,6255,76,8898,California
Glenn,2021-04-17,165,14522,16,4485,149,9215,0,822,27,2539,131,6386,27,8925,California
Glenn,2021-04-18,16,14538,3,4488,13,9228,0,822,13,2549,3,6389,13,8938,California
Glenn,2021-04-19,83,14621,17,4505,66,9294,0,822,22,2511,60,6449,22,8960,California
Glenn,2021-04-20,127,14748,82,4587,45,9339,0,822,54,2492,73,6522,54,9014,California
Glenn,2021-04-21,411,15159,310,4897,101,9440,0,822,280,2641,131,6653,280,9294,California
Glenn,2021-04-22,210,15369,48,4945,162,9602,0,822,33,2498,176,6829,33,9327,California
Glenn,2021-04-23,180,15549,24,4969,156,9758,0,822,41,2401,138,6967,41,9368,California
Glenn,2021-04-24,180,15729,32,5001,148,9906,0,822,31,2283,149,7116,31,9399,California
Glenn,2021-04-25,29,15758,18,5019,11,9917,0,822,21,2296,8,7124,21,9420,California
Glenn,2021-04-26,47,15805,11,5030,36,9953,0,822,18,2285,29,7153,18,9438,California
Glenn,2021-04-27,62,15867,49,5079,8,9961,5,827,32,2291,30,7183,36,9474,California
Glenn,2021-04-28,259,16126,180,5259,68,10029,11,838,129,2302,129,7312,140,9614,California
Glenn,2021-04-29,182,16308,23,5282,157,10186,2,840,36,2194,146,7458,38,9652,California
Glenn,2021-04-30,156,16464,35,5317,119,10305,2,842,37,2114,119,7577,39,9691,California
Glenn,2021-05-01,109,16573,13,5330,95,10400,1,843,26,2058,83,7660,27,9718,California
Glenn,2021-05-02,30,16603,12,5342,9,10409,9,852,15,2067,15,7675,24,9742,California
Glenn,2021-05-03,37,16640,23,5365,13,10422,1,853,14,2059,23,7698,15,9757,California
Glenn,2021-05-04,57,16697,33,5398,19,10441,5,858,28,2063,29,7727,33,9790,California
Glenn,2021-05-05,122,16819,35,5433,77,10518,10,868,51,2053,71,7798,61,9851,California
Glenn,2021-05-06,112,16931,41,5474,66,10584,5,873,41,2028,71,7869,46,9897,California
Glenn,2021-05-07,119,17050,32,5506,78,10662,9,882,31,1981,87,7956,40,9937,California
Glenn,2021-05-08,66,17116,12,5518,50,10712,4,886,21,1962,44,8000,25,9962,California
Glenn,2021-05-09,17,17133,11,5529,6,10718,0,886,13,1971,4,8004,13,9975,California
Glenn,2021-05-10,37,17170,15,5544,17,10735,5,891,14,1967,23,8027,19,9994,California
Glenn,2021-05-11,77,17247,54,5598,14,10749,9,900,15,1929,62,8089,24,10018,California
Glenn,2021-05-12,326,17573,245,5843,67,10816,14,914,45,1707,281,8370,59,10077,California
Glenn,2021-05-13,154,17727,59,5902,77,10893,18,932,68,1707,86,8456,86,10163,California
Glenn,2021-05-14,106,17833,25,5927,76,10969,5,937,42,1690,64,8520,47,10210,California
Glenn,2021-05-15,69,17902,40,5967,26,10995,3,940,36,1696,32,8552,38,10248,California
Glenn,2021-05-16,31,17933,18,5985,13,11008,0,940,9,1683,22,8574,9,10257,California
Glenn,2021-05-17,83,18016,58,6043,21,11029,4,944,58,1720,25,8599,62,10319,California
Glenn,2021-05-18,68,18084,49,6092,14,11043,5,949,22,1701,46,8645,27,10346,California
Glenn,2021-05-19,194,18278,114,6206,68,11111,12,961,72,1663,121,8766,83,10429,California
Glenn,2021-05-20,114,18392,72,6278,40,11151,2,963,81,1713,33,8799,83,10512,California
Glenn,2021-05-21,65,18457,22,6300,42,11193,1,964,26,1701,39,8838,27,10539,California
Glenn,2021-05-22,48,18505,18,6318,30,11223,0,964,22,1697,26,8864,22,10561,California
Glenn,2021-05-23,24,18529,14,6332,10,11233,0,964,11,1696,12,8876,11,10572,California
Glenn,2021-05-24,29,18558,10,6342,15,11248,4,968,10,1692,18,8894,14,10586,California
Glenn,2021-05-25,47,18605,36,6378,9,11257,2,970,24,1695,23,8917,26,10612,California
Glenn,2021-05-26,74,18679,15,6393,55,11312,4,974,26,1677,48,8965,30,10642,California
Glenn,2021-05-27,101,18780,62,6455,38,11350,1,975,47,1673,52,9017,48,10690,California
Glenn,2021-05-28,62,18842,18,6473,37,11387,7,982,32,1682,30,9047,39,10729,California
Glenn,2021-05-29,48,18890,11,6484,33,11420,4,986,21,1680,27,9074,25,10754,California
Glenn,2021-05-30,21,18911,13,6497,8,11428,0,986,8,1676,12,9086,8,10762,California
Glenn,2021-05-31,4,18915,0,6497,4,11432,0,986,0,1672,4,9090,0,10762,California
Glenn,2021-06-01,57,18972,31,6528,23,11455,3,989,24,1666,33,9123,27,10789,California
Glenn,2021-06-02,95,19067,48,6576,44,11499,3,992,43,1660,52,9175,46,10835,California
Glenn,2021-06-03,75,19142,42,6618,26,11525,7,999,18,1630,55,9230,25,10860,California
Glenn,2021-06-04,55,19197,18,6636,34,11559,3,1002,29,1636,26,9256,32,10892,California
Humboldt,2020-12-15,2,2,2,2,0,0,0,0,2,2,0,0,2,2,California
Humboldt,2020-12-16,16,18,16,18,0,0,0,0,16,18,0,0,16,18,California
Humboldt,2020-12-17,117,135,117,135,0,0,0,0,117,135,0,0,117,135,California
Humboldt,2020-12-18,177,312,177,312,0,0,0,0,177,312,0,0,177,312,California
Humboldt,2020-12-19,10,322,10,322,0,0,0,0,10,322,0,0,10,322,California
Humboldt,2020-12-20,27,349,27,349,0,0,0,0,27,349,0,0,27,349,California
Humboldt,2020-12-21,165,514,165,514,0,0,0,0,165,514,0,0,165,514,California
Humboldt,2020-12-22,297,811,297,811,0,0,0,0,297,811,0,0,297,811,California
Humboldt,2020-12-23,318,1129,263,1074,55,55,0,0,320,1131,0,0,320,1131,California
Humboldt,2020-12-24,25,1154,2,1076,23,78,0,0,25,1156,0,0,25,1156,California
Humboldt,2020-12-25,2,1156,2,1078,0,78,0,0,2,1158,0,0,2,1158,California
Humboldt,2020-12-26,6,1162,5,1083,1,79,0,0,6,1164,0,0,6,1164,California
Humboldt,2020-12-28,173,1335,148,1231,25,104,0,0,173,1337,0,0,173,1337,California
Humboldt,2020-12-29,170,1505,123,1354,47,151,0,0,170,1507,0,0,170,1507,California
Humboldt,2020-12-30,227,1732,125,1479,102,253,0,0,227,1734,0,0,227,1734,California
Humboldt,2020-12-31,241,1973,79,1558,162,415,0,0,241,1975,0,0,241,1975,California
Humboldt,2021-01-01,2,1975,1,1559,1,416,0,0,2,1977,0,0,2,1977,California
Humboldt,2021-01-02,39,2014,1,1560,38,454,0,0,39,2016,0,0,39,2016,California
Humboldt,2021-01-04,218,2232,142,1702,76,530,0,0,219,2235,0,0,219,2235,California
Humboldt,2021-01-05,130,2362,18,1720,112,642,0,0,130,2364,1,1,130,2365,California
Humboldt,2021-01-06,308,2670,210,1930,98,740,0,0,235,2538,61,62,235,2600,California
Humboldt,2021-01-07,437,3107,325,2255,112,852,0,0,320,2758,100,162,320,2920,California
Humboldt,2021-01-08,420,3527,282,2537,138,990,0,0,283,2910,131,293,283,3203,California
Humboldt,2021-01-09,68,3595,44,2581,24,1014,0,0,66,2975,2,295,67,3270,California
Humboldt,2021-01-10,84,3679,84,2665,0,1014,0,0,4,2899,80,375,4,3274,California
Humboldt,2021-01-11,288,3967,277,2942,11,1025,0,0,72,2759,212,587,72,3346,California
Humboldt,2021-01-12,482,4449,320,3262,162,1187,0,0,298,2895,162,749,298,3644,California
Humboldt,2021-01-13,496,4945,278,3540,218,1405,0,0,318,3039,175,924,319,3963,California
Humboldt,2021-01-14,525,5470,166,3706,359,1764,0,0,469,3453,56,980,470,4433,California
Humboldt,2021-01-15,375,5845,39,3745,336,2100,0,0,357,3792,18,998,357,4790,California
Humboldt,2021-01-16,170,6015,6,3751,164,2264,0,0,169,3960,1,999,169,4959,California
Humboldt,2021-01-17,6,6021,4,3755,2,2266,0,0,6,3966,0,999,6,4965,California
Humboldt,2021-01-18,296,6317,261,4016,35,2301,0,0,146,3962,150,1149,146,5111,California
Humboldt,2021-01-19,634,6951,390,4406,244,2545,0,0,507,4348,121,1270,507,5618,California
Humboldt,2021-01-20,906,7857,387,4793,519,3064,0,0,750,4952,148,1418,752,6370,California
Humboldt,2021-01-21,958,8815,261,5054,697,3761,0,0,916,5826,42,1460,916,7286,California
Humboldt,2021-01-22,678,9493,377,5431,301,4062,0,0,669,6487,9,1469,670,7956,California
Humboldt,2021-01-23,860,10353,273,5704,587,4649,0,0,851,7330,9,1478,852,8808,California
Humboldt,2021-01-24,229,10582,1,5705,228,4877,0,0,228,7557,1,1479,228,9036,California
Humboldt,2021-01-25,319,10901,235,5940,84,4961,0,0,151,7540,168,1647,151,9187,California
Humboldt,2021-01-26,529,11430,145,6085,384,5345,0,0,478,7967,51,1698,478,9665,California
Humboldt,2021-01-27,1259,12689,586,6671,673,6018,0,0,1192,9101,60,1758,1194,10859,California
Humboldt,2021-01-28,1459,14148,636,7307,823,6841,0,0,1321,10289,135,1893,1323,12182,California
Humboldt,2021-01-29,1150,15298,548,7855,602,7443,0,0,695,10529,455,2348,695,12877,California
Humboldt,2021-01-30,986,16284,468,8323,518,7961,0,0,973,11490,13,2361,974,13851,California
Humboldt,2021-01-31,315,16599,313,8636,2,7963,0,0,314,11803,1,2362,314,14165,California
Humboldt,2021-02-01,336,16935,193,8829,143,8106,0,0,189,11846,146,2508,189,14354,California
Humboldt,2021-02-02,450,17385,79,8908,371,8477,0,0,345,12091,102,2610,347,14701,California
Humboldt,2021-02-03,670,18055,264,9172,406,8883,0,0,519,12459,151,2761,519,15220,California
Humboldt,2021-02-04,638,18693,260,9432,378,9261,0,0,439,12702,196,2957,439,15659,California
Humboldt,2021-02-05,810,19503,94,9526,716,9977,0,0,626,13144,184,3141,626,16285,California
Humboldt,2021-02-06,1073,20576,461,9987,612,10589,0,0,1028,14129,44,3185,1029,17314,California
Humboldt,2021-02-07,379,20955,9,9996,370,10959,0,0,374,14500,4,3189,375,17689,California
Humboldt,2021-02-08,325,21280,142,10138,183,11142,0,0,183,14542,141,3330,183,17872,California
Humboldt,2021-02-09,494,21774,221,10359,273,11415,0,0,178,14404,316,3646,178,18050,California
Humboldt,2021-02-10,563,22337,371,10730,192,11607,0,0,234,14314,324,3970,234,18284,California
Humboldt,2021-02-11,1302,23639,396,11126,906,12513,0,0,498,14013,801,4771,500,18784,California
Humboldt,2021-02-12,1147,24786,738,11864,409,12922,0,0,706,14278,441,5212,706,19490,California
Humboldt,2021-02-13,1513,26299,562,12426,951,13873,0,0,921,14609,590,5802,921,20411,California
Humboldt,2021-02-14,111,26410,5,12431,106,13979,0,0,108,14715,2,5804,108,20519,California
Humboldt,2021-02-15,295,26705,81,12512,214,14193,0,0,194,14809,100,5904,194,20713,California
Humboldt,2021-02-16,537,27242,121,12633,416,14609,0,0,253,14779,284,6188,254,20967,California
Humboldt,2021-02-17,448,27690,276,12909,172,14781,0,0,131,14594,316,6504,131,21098,California
Humboldt,2021-02-18,973,28663,598,13507,375,15156,0,0,227,14077,744,7248,227,21325,California
Humboldt,2021-02-19,477,29140,435,13942,42,15198,0,0,89,13781,385,7633,89,21414,California
Humboldt,2021-02-20,1636,30776,1006,14948,630,15828,0,0,484,13119,1149,8782,487,21901,California
Humboldt,2021-02-21,479,31255,471,15419,8,15836,0,0,182,13005,297,9079,183,22084,California
Humboldt,2021-02-22,134,31389,94,15513,40,15876,0,0,29,12931,103,9182,29,22113,California
Humboldt,2021-02-23,177,31566,71,15584,106,15982,0,0,40,12836,135,9317,40,22153,California
Humboldt,2021-02-24,1201,32767,741,16325,460,16442,0,0,585,12806,615,9932,585,22738,California
Humboldt,2021-02-25,834,33601,319,16644,515,16957,0,0,232,12438,600,10532,232,22970,California
Humboldt,2021-02-26,2148,35749,106,16750,2042,18999,0,0,448,11193,1694,12226,449,23419,California
Humboldt,2021-02-27,1708,37457,1089,17839,619,19618,0,0,861,11213,845,13071,865,24284,California
Humboldt,2021-02-28,123,37580,11,17850,112,19730,0,0,117,11324,6,13077,117,24401,California
Humboldt,2021-03-01,257,37837,45,17895,212,19942,0,0,183,11433,74,13151,183,24584,California
Humboldt,2021-03-02,295,38132,51,17946,244,20186,0,0,163,11464,132,13283,163,24747,California
Humboldt,2021-03-03,1665,39797,1099,19045,566,20752,0,0,1221,12248,438,13721,1222,25969,California
Humboldt,2021-03-04,906,40703,112,19157,794,21546,0,0,285,11914,621,14342,287,26256,California
Humboldt,2021-03-05,947,41650,187,19344,749,22295,11,11,389,11760,554,14896,400,26656,California
Humboldt,2021-03-06,1795,43445,937,20281,809,23104,49,60,803,11621,991,15887,852,27508,California
Humboldt,2021-03-07,364,43809,294,20575,52,23156,18,78,156,11587,208,16095,174,27682,California
Humboldt,2021-03-08,277,44086,6,20581,192,23348,79,157,182,11753,95,16190,261,27943,California
Humboldt,2021-03-09,490,44576,207,20788,135,23483,148,305,236,11884,252,16442,383,28326,California
Humboldt,2021-03-10,690,45266,466,21254,70,23553,154,459,420,12187,269,16711,572,28898,California
Humboldt,2021-03-11,1462,46728,456,21710,906,24459,100,559,640,12109,817,17528,739,29637,California
Humboldt,2021-03-12,1746,48474,1083,22793,441,24900,222,781,1053,12702,685,18213,1278,30915,California
Humboldt,2021-03-13,1585,50059,1037,23830,496,25396,52,833,668,12511,911,19124,720,31635,California
Humboldt,2021-03-14,141,50200,19,23849,114,25510,8,841,29,12436,112,19236,37,31672,California
Humboldt,2021-03-15,277,50477,51,23900,205,25715,21,862,59,12298,218,19454,80,31752,California
Humboldt,2021-03-16,636,51113,201,24101,174,25889,261,1123,260,12442,375,19829,519,32271,California
Humboldt,2021-03-17,730,51843,394,24495,228,26117,108,1231,340,12501,389,20218,448,32719,California
Humboldt,2021-03-18,1739,53582,1169,25664,527,26644,43,1274,1042,12893,693,20911,1085,33804,California
Humboldt,2021-03-19,1076,54658,61,25725,701,27345,314,1588,441,13015,632,21543,754,34558,California
Humboldt,2021-03-20,1382,56040,754,26479,614,27959,14,1602,424,12498,956,22499,439,34997,California
Humboldt,2021-03-21,250,56290,33,26512,188,28147,29,1631,205,12686,45,22544,233,35230,California
Humboldt,2021-03-22,118,56408,15,26527,53,28200,50,1681,62,12744,54,22598,112,35342,California
Humboldt,2021-03-23,414,56822,43,26570,328,28528,43,1724,320,13015,92,22690,363,35705,California
Humboldt,2021-03-24,1414,58236,388,26958,978,29506,48,1772,1037,13730,369,23059,1084,36789,California
Humboldt,2021-03-25,1835,60071,1209,28167,564,30070,62,1834,945,13849,888,23947,1007,37796,California
Humboldt,2021-03-26,2041,62112,438,28605,1545,31615,58,1892,1594,15059,441,24388,1651,39447,California
Humboldt,2021-03-27,2066,64178,1487,30092,407,32022,172,2064,1089,15347,973,25361,1261,40708,California
Humboldt,2021-03-28,266,64444,81,30173,114,32136,71,2135,83,15320,182,25543,155,40863,California
Humboldt,2021-03-29,467,64911,125,30298,246,32382,96,2231,198,15345,268,25811,293,41156,California
Humboldt,2021-03-30,942,65853,305,30603,523,32905,114,2345,557,15635,380,26191,670,41826,California
Humboldt,2021-03-31,1867,67720,520,31123,1249,34154,98,2443,1410,16692,453,26644,1510,43336,California
Humboldt,2021-04-01,2112,69832,702,31825,1317,35471,93,2536,1483,17646,622,27266,1576,44912,California
Humboldt,2021-04-02,1721,71553,1111,32936,505,35976,105,2641,618,17271,1098,28364,723,45635,California
Humboldt,2021-04-03,1666,73219,1507,34443,145,36121,14,2655,670,16969,986,29350,684,46319,California
Humboldt,2021-04-04,485,73704,371,34814,105,36226,9,2664,405,17304,80,29430,415,46734,California
Humboldt,2021-04-05,777,74481,463,35277,266,36492,48,2712,443,17463,332,29762,491,47225,California
Humboldt,2021-04-06,841,75322,318,35595,389,36881,134,2846,586,17932,249,30011,718,47943,California
Humboldt,2021-04-07,1496,76818,1064,36659,292,37173,140,2986,991,18561,502,30513,1131,49074,California
Humboldt,2021-04-08,1747,78565,1096,37755,493,37666,158,3144,738,18450,1007,31520,896,49970,California
Humboldt,2021-04-09,1440,80005,439,38194,847,38513,154,3298,1152,19462,287,31807,1299,51269,California
Humboldt,2021-04-10,936,80941,139,38333,623,39136,174,3472,737,20174,197,32004,909,52178,California
Humboldt,2021-04-11,642,81583,138,38471,36,39172,468,3940,128,20255,514,32518,595,52773,California
Humboldt,2021-04-12,435,82018,226,38697,84,39256,125,4065,276,20497,159,32677,401,53174,California
Humboldt,2021-04-13,589,82607,323,39020,262,39518,4,4069,555,21024,31,32708,558,53732,California
Humboldt,2021-04-14,1428,84035,1032,40052,396,39914,0,4069,1316,22229,111,32819,1316,55048,California
Humboldt,2021-04-15,1818,85853,1194,41246,620,40534,4,4073,1251,22933,549,33368,1253,56301,California
Humboldt,2021-04-16,1138,86991,523,41769,615,41149,0,4073,552,22902,583,33951,552,56853,California
Humboldt,2021-04-17,1771,88762,1449,43218,322,41471,0,4073,1035,23207,730,34681,1035,57888,California
Humboldt,2021-04-18,661,89423,348,43566,312,41783,1,4074,94,22740,561,35242,94,57982,California
Humboldt,2021-04-19,201,89624,84,43650,117,41900,0,4074,86,22713,113,35355,86,58068,California
Humboldt,2021-04-20,487,90111,127,43777,360,42260,0,4074,241,22709,245,35600,241,58309,California
Humboldt,2021-04-21,1092,91203,381,44158,711,42971,0,4074,433,22493,650,36250,434,58743,California
Humboldt,2021-04-22,878,92081,525,44683,351,43322,2,4076,445,22507,431,36681,445,59188,California
Humboldt,2021-04-23,2164,94245,305,44988,1859,45181,0,4076,315,20977,1845,38526,315,59503,California
Humboldt,2021-04-24,1085,95330,880,45868,200,45381,5,4081,360,20619,723,39249,365,59868,California
Humboldt,2021-04-25,377,95707,240,46108,137,45518,0,4081,193,20631,181,39430,193,60061,California
Humboldt,2021-04-26,309,96016,213,46321,92,45610,4,4085,87,20500,220,39650,89,60150,California
Humboldt,2021-04-27,725,96741,236,46557,467,46077,22,4107,151,20101,572,40222,173,60323,California
Humboldt,2021-04-28,1540,98281,793,47350,702,46779,45,4152,400,19408,1138,41360,445,60768,California
Humboldt,2021-04-29,1737,100018,589,47939,1110,47889,38,4190,290,18293,1443,42803,328,61096,California
Humboldt,2021-04-30,1249,101267,392,48331,823,48712,34,4224,192,17466,1051,43854,224,61320,California
Humboldt,2021-05-01,465,101732,384,48715,59,48771,22,4246,288,17600,176,44030,310,61630,California
Humboldt,2021-05-02,230,101962,184,48899,37,48808,9,4255,114,17609,115,44145,124,61754,California
Humboldt,2021-05-03,610,102572,375,49274,211,49019,24,4279,97,17220,511,44656,122,61876,California
Humboldt,2021-05-04,819,103391,483,49757,290,49309,46,4325,248,16945,568,45224,293,62169,California
Humboldt,2021-05-05,1684,105075,1075,50832,552,49861,57,4382,178,15679,1499,46723,233,62402,California
Humboldt,2021-05-06,1688,106763,1073,51905,363,50224,252,4634,138,14522,1547,48270,390,62792,California
Humboldt,2021-05-07,1417,108180,303,52208,1055,51279,59,4693,234,13633,1180,49450,291,63083,California
Humboldt,2021-05-08,742,108922,147,52355,572,51851,23,4716,91,13097,650,50100,114,63197,California
Humboldt,2021-05-09,908,109830,856,53211,42,51893,10,4726,48,12295,860,50960,58,63255,California
Humboldt,2021-05-10,214,110044,36,53247,140,52033,38,4764,81,12281,133,51093,119,63374,California
Humboldt,2021-05-11,491,110535,146,53393,274,52307,71,4835,183,12227,308,51401,254,63628,California
Humboldt,2021-05-12,580,111115,120,53513,418,52725,42,4877,209,12107,370,51771,250,63878,California
Humboldt,2021-05-13,512,111627,240,53753,247,52972,25,4902,218,12058,292,52063,243,64121,California
Humboldt,2021-05-14,706,112333,140,53893,462,53434,104,5006,231,11920,472,52535,334,64455,California
Humboldt,2021-05-15,780,113113,641,54534,131,53565,8,5014,209,11567,570,53105,217,64672,California
Humboldt,2021-05-16,124,113237,54,54588,66,53631,4,5018,70,11587,54,53159,74,64746,California
Humboldt,2021-05-17,401,113638,213,54801,166,53797,22,5040,223,11655,176,53335,244,64990,California
Humboldt,2021-05-18,660,114298,321,55122,310,54107,29,5069,367,11758,293,53628,396,65386,California
Humboldt,2021-05-19,982,115280,548,55670,391,54498,43,5112,359,11539,619,54247,400,65786,California
Humboldt,2021-05-20,727,116007,550,56220,165,54663,12,5124,539,11906,185,54432,552,66338,California
Humboldt,2021-05-21,790,116797,226,56446,503,55166,61,5185,317,11811,473,54905,378,66716,California
Humboldt,2021-05-22,356,117153,277,56723,71,55237,8,5193,106,11677,248,55153,114,66830,California
Humboldt,2021-05-23,348,117501,302,57025,43,55280,3,5196,57,11446,291,55444,60,66890,California
Humboldt,2021-05-24,324,117825,171,57196,124,55404,29,5225,190,11532,133,55577,219,67109,California
Humboldt,2021-05-25,553,118378,367,57563,162,55566,24,5249,320,11646,230,55807,344,67453,California
Humboldt,2021-05-26,653,119031,320,57883,309,55875,24,5273,319,11655,334,56141,343,67796,California
Humboldt,2021-05-27,459,119490,245,58128,179,56054,35,5308,280,11791,179,56320,315,68111,California
Humboldt,2021-05-28,408,119898,194,58322,167,56221,47,5355,181,11793,226,56546,228,68339,California
Humboldt,2021-05-29,169,120067,102,58424,64,56285,3,5358,96,11819,73,56619,99,68438,California
Humboldt,2021-05-30,104,120171,45,58469,54,56339,5,5363,49,11819,54,56673,54,68492,California
Humboldt,2021-05-31,97,120268,51,58520,40,56379,6,5369,73,11874,23,56696,78,68570,California
Humboldt,2021-06-01,451,120719,268,58788,168,56547,15,5384,203,11845,247,56943,218,68788,California
Humboldt,2021-06-02,528,121247,249,59037,225,56772,54,5438,251,11877,271,57214,303,69091,California
Humboldt,2021-06-03,376,121623,225,59262,130,56902,21,5459,124,11798,224,57438,145,69236,California
Humboldt,2021-06-04,132,121755,43,59305,73,56975,16,5475,55,11791,77,57515,70,69306,California
Imperial,2020-12-16,1,1,1,1,0,0,0,0,1,1,0,0,1,1,California
Imperial,2020-12-17,4,5,4,5,0,0,0,0,4,5,0,0,4,5,California
Imperial,2020-12-18,12,17,12,17,0,0,0,0,12,17,0,0,12,17,California
Imperial,2020-12-20,2,19,2,19,0,0,0,0,2,19,0,0,2,19,California
Imperial,2020-12-21,186,205,186,205,0,0,0,0,186,205,0,0,186,205,California
Imperial,2020-12-22,241,446,239,444,2,2,0,0,241,446,0,0,241,446,California
Imperial,2020-12-23,211,657,210,654,1,3,0,0,210,656,0,0,210,656,California
Imperial,2020-12-24,5,662,5,659,0,3,0,0,5,661,0,0,5,661,California
Imperial,2020-12-26,2,664,1,660,1,4,0,0,2,663,0,0,2,663,California
Imperial,2020-12-27,62,726,0,660,62,66,0,0,62,725,0,0,62,725,California
Imperial,2020-12-28,214,940,114,774,100,166,0,0,214,939,0,0,214,939,California
Imperial,2020-12-29,189,1129,36,810,153,319,0,0,189,1128,0,0,189,1128,California
Imperial,2020-12-30,367,1496,50,860,317,636,0,0,367,1495,0,0,367,1495,California
Imperial,2020-12-31,198,1694,27,887,171,807,0,0,198,1693,0,0,198,1693,California
Imperial,2021-01-01,47,1741,5,892,42,849,0,0,47,1740,0,0,47,1740,California
Imperial,2021-01-02,4,1745,0,892,4,853,0,0,4,1744,0,0,4,1744,California
Imperial,2021-01-03,90,1835,0,892,90,943,0,0,90,1834,0,0,90,1834,California
Imperial,2021-01-04,85,1920,5,897,80,1023,0,0,85,1919,0,0,85,1919,California
Imperial,2021-01-05,172,2092,14,911,158,1181,0,0,172,2091,0,0,172,2091,California
Imperial,2021-01-06,189,2281,25,936,164,1345,0,0,188,2278,1,1,188,2279,California
Imperial,2021-01-07,322,2603,10,946,312,1657,0,0,319,2594,3,4,319,2598,California
Imperial,2021-01-08,192,2795,52,998,140,1797,0,0,182,2766,10,14,182,2780,California
Imperial,2021-01-09,24,2819,21,1019,3,1800,0,0,24,2790,0,14,24,2804,California
Imperial,2021-01-10,2,2821,0,1019,2,1802,0,0,2,2792,0,14,2,2806,California
Imperial,2021-01-11,403,3224,244,1263,159,1961,0,0,175,2739,228,242,175,2981,California
Imperial,2021-01-12,405,3629,302,1565,103,2064,0,0,143,2621,261,503,143,3124,California
Imperial,2021-01-13,378,4007,133,1698,245,2309,0,0,278,2799,100,603,278,3402,California
Imperial,2021-01-14,260,4267,150,1848,110,2419,0,0,254,3048,5,608,254,3656,California
Imperial,2021-01-15,239,4506,181,2029,58,2477,0,0,232,3273,7,615,232,3888,California
Imperial,2021-01-16,80,4586,74,2103,6,2483,0,0,79,3351,1,616,79,3967,California
Imperial,2021-01-17,10,4596,2,2105,8,2491,0,0,10,3361,0,616,10,3977,California
Imperial,2021-01-18,1063,5659,399,2504,664,3155,0,0,965,4229,98,714,966,4943,California
Imperial,2021-01-19,166,5825,130,2634,36,3191,0,0,119,4301,47,761,119,5062,California
Imperial,2021-01-20,295,6120,198,2832,97,3288,0,0,257,4520,38,799,257,5319,California
Imperial,2021-01-21,427,6547,193,3025,234,3522,0,0,405,4903,22,821,405,5724,California
Imperial,2021-01-22,462,7009,191,3216,271,3793,0,0,453,5347,9,830,453,6177,California
Imperial,2021-01-23,1041,8050,291,3507,750,4543,0,0,1040,6386,1,831,1040,7217,California
Imperial,2021-01-24,11,8061,4,3511,7,4550,0,0,11,6397,0,831,11,7228,California
Imperial,2021-01-25,215,8276,5,3516,210,4760,0,0,34,6252,179,1010,34,7262,California
Imperial,2021-01-26,374,8650,188,3704,186,4946,0,0,230,6339,143,1153,230,7492,California
Imperial,2021-01-27,580,9230,166,3870,414,5360,0,0,247,6253,333,1486,247,7739,California
Imperial,2021-01-28,640,9870,163,4033,477,5837,0,0,532,6677,108,1594,532,8271,California
Imperial,2021-01-29,430,10300,298,4331,132,5969,0,0,381,7009,49,1643,381,8652,California
Imperial,2021-01-30,60,10360,33,4364,27,5996,0,0,43,7035,17,1660,43,8695,California
Imperial,2021-01-31,19,10379,9,4373,10,6006,0,0,18,7052,1,1661,18,8713,California
Imperial,2021-02-01,425,10804,57,4430,368,6374,0,0,214,7057,209,1870,214,8927,California
Imperial,2021-02-02,689,11493,59,4489,630,7004,0,0,508,7384,181,2051,508,9435,California
Imperial,2021-02-03,463,11956,52,4541,411,7415,0,0,267,7456,195,2246,267,9702,California
Imperial,2021-02-04,1727,13683,1209,5750,518,7933,0,0,1415,8560,311,2557,1415,11117,California
Imperial,2021-02-05,401,14084,243,5993,158,8091,0,0,168,8494,234,2791,168,11285,California
Imperial,2021-02-06,860,14944,837,6830,23,8114,0,0,825,9282,37,2828,825,12110,California
Imperial,2021-02-07,22,14966,9,6839,13,8127,0,0,21,9302,1,2829,21,12131,California
Imperial,2021-02-08,260,15226,53,6892,207,8334,0,0,191,9424,69,2898,191,12322,California
Imperial,2021-02-09,481,15707,157,7049,324,8658,0,0,321,9585,160,3058,321,12643,California
Imperial,2021-02-10,468,16175,62,7111,406,9064,0,0,104,9326,364,3422,105,12748,California
Imperial,2021-02-11,1043,17218,371,7482,672,9736,0,0,151,8590,887,4309,151,12899,California
Imperial,2021-02-12,2153,19371,1429,8911,724,10460,0,0,1800,10035,356,4665,1801,14700,California
Imperial,2021-02-13,47,19418,17,8928,30,10490,0,0,43,10072,7,4672,44,14744,California
Imperial,2021-02-14,25,19443,12,8940,13,10503,0,0,22,10091,3,4675,22,14766,California
Imperial,2021-02-15,107,19550,19,8959,88,10591,0,0,90,10164,17,4692,90,14856,California
Imperial,2021-02-16,524,20074,273,9232,251,10842,0,0,304,10248,220,4912,304,15160,California
Imperial,2021-02-17,445,20519,288,9520,157,10999,0,0,87,9977,358,5270,87,15247,California
Imperial,2021-02-18,654,21173,316,9836,338,11337,0,0,146,9616,507,5777,146,15393,California
Imperial,2021-02-19,775,21948,384,10220,391,11728,0,0,195,9232,579,6356,195,15588,California
Imperial,2021-02-20,1046,22994,195,10415,851,12579,0,0,330,8850,714,7070,332,15920,California
Imperial,2021-02-21,593,23587,559,10974,34,12613,0,0,581,9420,11,7081,581,16501,California
Imperial,2021-02-22,809,24396,568,11542,241,12854,0,0,759,10129,50,7131,759,17260,California
Imperial,2021-02-23,974,25370,404,11946,570,13424,0,0,917,10990,57,7188,918,18178,California
Imperial,2021-02-24,731,26101,303,12249,428,13852,0,0,630,11520,100,7288,630,18808,California
Imperial,2021-02-25,871,26972,343,12592,528,14380,0,0,499,11654,371,7659,505,19313,California
Imperial,2021-02-26,2296,29268,1355,13947,941,15321,0,0,1812,12984,483,8142,1813,21126,California
Imperial,2021-02-27,870,30138,813,14760,57,15378,0,0,135,12383,737,8879,136,21262,California
Imperial,2021-02-28,33,30171,20,14780,13,15391,0,0,23,12396,10,8889,23,21285,California
Imperial,2021-03-01,520,30691,303,15083,214,15605,3,3,449,12781,68,8957,453,21738,California
Imperial,2021-03-02,691,31382,252,15335,438,16043,1,4,393,12881,296,9253,396,22134,California
Imperial,2021-03-03,932,32314,52,15387,879,16922,1,5,562,13088,367,9620,574,22708,California
Imperial,2021-03-04,773,33087,89,15476,683,17605,1,6,504,13355,267,9887,534,23242,California
Imperial,2021-03-05,3099,36186,2216,17692,883,18488,0,6,1740,13735,1362,11249,1742,24984,California
Imperial,2021-03-06,702,36888,238,17930,464,18952,0,6,658,14356,41,11290,662,25646,California
Imperial,2021-03-07,83,36971,41,17971,42,18994,0,6,58,14391,24,11314,59,25705,California
Imperial,2021-03-08,424,37395,339,18310,50,19044,35,41,366,14735,57,11371,401,26106,California
Imperial,2021-03-09,696,38091,321,18631,128,19172,247,288,404,15093,292,11663,650,26756,California
Imperial,2021-03-10,703,38794,327,18958,271,19443,105,393,329,15154,373,12036,434,27190,California
Imperial,2021-03-11,1806,40600,485,19443,1129,20572,192,585,1199,15952,603,12639,1401,28591,California
Imperial,2021-03-12,4784,45384,3467,22910,1133,21705,184,769,3078,17514,1700,14339,3262,31853,California
Imperial,2021-03-13,1158,46542,95,23005,838,22543,225,994,861,18310,294,14633,1090,32943,California
Imperial,2021-03-14,177,46719,36,23041,127,22670,14,1008,140,18428,37,14670,155,33098,California
Imperial,2021-03-15,695,47414,230,23271,203,22873,262,1270,394,18785,299,14969,656,33754,California
Imperial,2021-03-16,1126,48540,283,23554,373,23246,470,1740,562,19254,562,15531,1031,34785,California
Imperial,2021-03-17,1618,50158,703,24257,778,24024,137,1877,1025,19832,585,16116,1163,35948,California
Imperial,2021-03-18,1825,51983,1208,25465,557,24581,60,1937,1289,20651,532,16648,1351,37299,California
Imperial,2021-03-19,3752,55735,2754,28219,994,25575,4,1941,1891,20694,1853,18501,1896,39195,California
Imperial,2021-03-20,1770,57505,552,28771,1213,26788,5,1946,1320,21581,444,18945,1331,40526,California
Imperial,2021-03-21,218,57723,35,28806,179,26967,4,1950,160,21691,58,19003,168,40694,California
Imperial,2021-03-22,1064,58787,349,29155,707,27674,8,1958,630,21898,433,19436,640,41334,California
Imperial,2021-03-23,1451,60238,452,29607,993,28667,6,1964,942,22342,505,19941,949,42283,California
Imperial,2021-03-24,2162,62400,573,30180,1162,29829,427,2391,1169,22947,990,20931,1595,43878,California
Imperial,2021-03-25,3216,65616,697,30877,896,30725,1623,4014,1206,23762,2004,22935,2819,46697,California
Imperial,2021-03-26,3213,68829,1181,32058,1046,31771,986,5000,923,23391,2279,25214,1908,48605,California
Imperial,2021-03-27,621,69450,287,32345,282,32053,52,5052,449,23723,169,25383,501,49106,California
Imperial,2021-03-28,215,69665,54,32399,159,32212,2,5054,174,23859,40,25423,176,49282,California
Imperial,2021-03-29,1482,71147,361,32760,397,32609,724,5778,332,23766,1147,26570,1054,50336,California
Imperial,2021-03-30,2108,73255,693,33453,601,33210,814,6592,694,23859,1414,27984,1507,51843,California
Imperial,2021-03-31,1551,74806,734,34187,811,34021,6,6598,1028,24372,520,28504,1033,52876,California
Imperial,2021-04-01,2055,76861,435,34622,1375,35396,245,6843,883,24333,1166,29670,1127,54003,California
Imperial,2021-04-02,1947,78808,485,35107,1387,36783,75,6918,1325,25115,616,30286,1398,55401,California
Imperial,2021-04-03,1526,80334,436,35543,1011,37794,79,6997,708,25087,815,31101,787,56188,California
Imperial,2021-04-04,89,80423,45,35588,27,37821,17,7014,25,25065,64,31165,42,56230,California
Imperial,2021-04-05,3412,83835,2323,37911,924,38745,165,7179,808,23444,2594,33759,973,57203,California
Imperial,2021-04-06,1320,85155,534,38445,594,39339,192,7371,687,23696,628,34387,880,58083,California
Imperial,2021-04-07,2170,87325,561,39006,1233,40572,376,7747,1564,25024,611,34998,1939,60022,California
Imperial,2021-04-08,2218,89543,1086,40092,836,41408,296,8043,1075,25254,1139,36137,1369,61391,California
Imperial,2021-04-09,3219,92762,1660,41752,940,42348,619,8662,1511,25682,1700,37837,2128,63519,California
Imperial,2021-04-10,1300,94062,200,41952,826,43174,274,8936,236,25126,1061,38898,505,64024,California
Imperial,2021-04-11,220,94282,31,41983,157,43331,32,8968,76,25090,144,39042,108,64132,California
Imperial,2021-04-12,1451,95733,779,42762,451,43782,221,9189,823,25511,623,39665,1044,65176,California
Imperial,2021-04-13,2932,98665,1909,44671,1021,44803,2,9191,2040,26663,888,40553,2040,67216,California
Imperial,2021-04-14,2044,100709,956,45627,1088,45891,0,9191,1391,27407,648,41201,1392,68608,California
Imperial,2021-04-15,1980,102689,907,46534,1073,46964,0,9191,1356,28146,619,41820,1358,69966,California
Imperial,2021-04-16,3446,106135,1796,48330,1650,48614,0,9191,2152,29019,1280,43100,2153,72119,California
Imperial,2021-04-17,1819,107954,935,49265,882,49496,2,9193,1416,30040,398,43498,1419,73538,California
Imperial,2021-04-18,256,108210,74,49339,182,49678,0,9193,89,29964,165,43663,89,73627,California
Imperial,2021-04-19,849,109059,271,49610,578,50256,0,9193,472,30066,374,44037,476,74103,California
Imperial,2021-04-20,1334,110393,536,50146,798,51054,0,9193,747,30229,585,44622,748,74851,California
Imperial,2021-04-21,1387,111780,344,50490,1042,52096,1,9194,804,30456,577,45199,804,75655,California
Imperial,2021-04-22,2290,114070,819,51309,1471,53567,0,9194,1564,31307,715,45914,1566,77221,California
Imperial,2021-04-23,2828,116898,537,51846,2291,55858,0,9194,1093,30700,1704,47618,1097,78318,California
Imperial,2021-04-24,557,117455,332,52178,225,56083,0,9194,202,30550,352,47970,202,78520,California
Imperial,2021-04-25,269,117724,100,52278,169,56252,0,9194,136,30555,131,48101,136,78656,California
Imperial,2021-04-26,1179,118903,470,52748,705,56957,4,9198,692,30769,481,48582,695,79351,California
Imperial,2021-04-27,1092,119995,358,53106,724,57681,10,9208,543,30779,543,49125,553,79904,California
Imperial,2021-04-28,1495,121490,650,53756,816,58497,29,9237,678,30674,812,49937,707,80611,California
Imperial,2021-04-29,1847,123337,867,54623,933,59430,47,9284,819,30523,1018,50955,867,81478,California
Imperial,2021-04-30,3241,126578,1680,56303,1528,60958,33,9317,1575,30478,1655,52610,1610,83088,California
Imperial,2021-05-01,335,126913,140,56443,192,61150,3,9320,163,30473,172,52782,167,83255,California
Imperial,2021-05-02,85,126998,27,56470,56,61206,2,9322,51,30493,34,52816,54,83309,California
Imperial,2021-05-03,1639,128637,553,57023,1038,62244,48,9370,376,29664,1252,54068,423,83732,California
Imperial,2021-05-04,1760,130397,968,57991,765,63009,27,9397,541,29021,1211,55279,568,84300,California
Imperial,2021-05-05,1505,131902,894,58885,590,63599,21,9418,440,28430,1053,56332,462,84762,California
Imperial,2021-05-06,1686,133588,1110,59995,537,64136,39,9457,544,27877,1136,57468,583,85345,California
Imperial,2021-05-07,2432,136020,1348,61343,1039,65175,45,9502,840,27190,1575,59043,888,86233,California
Imperial,2021-05-08,562,136582,429,61772,125,65300,8,9510,166,26971,393,59436,174,86407,California
Imperial,2021-05-09,94,136676,63,61835,30,65330,1,9511,27,26935,64,59500,28,86435,California
Imperial,2021-05-10,1104,137780,282,62117,699,66029,123,9634,327,26614,770,60270,449,86884,California
Imperial,2021-05-11,1456,139236,466,62583,971,67000,19,9653,484,26157,964,61234,507,87391,California
Imperial,2021-05-12,846,140082,267,62850,541,67541,38,9691,295,25943,546,61780,332,87723,California
Imperial,2021-05-13,1642,141724,1050,63900,520,68061,72,9763,713,25807,920,62700,784,88507,California
Imperial,2021-05-14,1755,143479,967,64867,729,68790,59,9822,1153,26427,592,63292,1212,89719,California
Imperial,2021-05-15,1224,144703,469,65336,735,69525,20,9842,467,26163,751,64043,487,90206,California
Imperial,2021-05-16,120,144823,81,65417,36,69561,3,9845,48,26143,71,64114,51,90257,California
Imperial,2021-05-17,1908,146731,712,66129,1154,70715,42,9887,690,25664,1212,65326,733,90990,California
Imperial,2021-05-18,1591,148322,803,66932,716,71431,72,9959,873,25897,712,66038,945,91935,California
Imperial,2021-05-19,1282,149604,604,67536,609,72040,69,10028,614,25919,661,66699,683,92618,California
Imperial,2021-05-20,1464,151068,931,68467,467,72507,66,10094,678,25889,775,67474,745,93363,California
Imperial,2021-05-21,1740,152808,1104,69571,574,73081,62,10156,888,25996,844,68318,951,94314,California
Imperial,2021-05-22,240,153048,161,69732,63,73144,16,10172,127,26031,108,68426,143,94457,California
Imperial,2021-05-23,65,153113,17,69749,39,73183,9,10181,20,26017,43,68469,29,94486,California
Imperial,2021-05-24,1235,154348,604,70353,576,73759,55,10236,508,25860,720,69189,563,95049,California
Imperial,2021-05-25,1343,155691,460,70813,850,74609,33,10269,501,25561,833,70022,534,95583,California
Imperial,2021-05-26,931,156622,486,71299,404,75013,41,10310,397,25468,531,70553,438,96021,California
Imperial,2021-05-27,1307,157929,716,72015,521,75534,70,10380,636,25509,665,71218,706,96727,California
Imperial,2021-05-28,982,158911,562,72577,351,75885,69,10449,368,25339,607,71825,437,97164,California
Imperial,2021-05-29,215,159126,119,72696,90,75975,6,10455,109,25348,106,71931,115,97279,California
Imperial,2021-05-30,95,159221,27,72723,66,76041,2,10457,64,25383,31,71962,66,97345,California
Imperial,2021-05-31,77,159298,19,72742,52,76093,6,10463,35,25382,42,72004,41,97386,California
Imperial,2021-06-01,1139,160437,518,73260,559,76652,62,10525,449,25211,683,72687,512,97898,California
Imperial,2021-06-02,1038,161475,565,73825,386,77038,87,10612,523,25308,511,73198,608,98506,California
Imperial,2021-06-03,901,162376,521,74346,312,77350,68,10680,433,25346,463,73661,501,99007,California
Imperial,2021-06-04,1353,163729,955,75301,320,77670,78,10758,533,25141,815,74476,610,99617,California
Inyo,2020-12-19,85,85,85,85,0,0,0,0,85,85,0,0,85,85,California
Inyo,2020-12-20,58,143,58,143,0,0,0,0,58,143,0,0,58,143,California
Inyo,2020-12-21,88,231,85,228,3,3,0,0,88,231,0,0,88,231,California
Inyo,2020-12-22,104,335,104,332,0,3,0,0,104,335,0,0,104,335,California
Inyo,2020-12-23,69,404,66,398,3,6,0,0,69,404,0,0,69,404,California
Inyo,2020-12-24,16,420,16,414,0,6,0,0,16,420,0,0,16,420,California
Inyo,2020-12-25,1,421,0,414,1,7,0,0,1,421,0,0,1,421,California
Inyo,2020-12-26,74,495,74,488,0,7,0,0,74,495,0,0,74,495,California
Inyo,2020-12-28,48,543,36,524,12,19,0,0,48,543,0,0,48,543,California
Inyo,2020-12-29,19,562,19,543,0,19,0,0,19,562,0,0,19,562,California
Inyo,2020-12-30,56,618,54,597,2,21,0,0,56,618,0,0,56,618,California
Inyo,2020-12-31,29,647,0,597,29,50,0,0,29,647,0,0,29,647,California
Inyo,2021-01-01,1,648,0,597,1,51,0,0,1,648,0,0,1,648,California
Inyo,2021-01-03,1,649,0,597,1,52,0,0,1,649,0,0,1,649,California
Inyo,2021-01-04,2,651,1,598,1,53,0,0,2,651,0,0,2,651,California
Inyo,2021-01-05,34,685,0,598,34,87,0,0,34,685,0,0,34,685,California
Inyo,2021-01-06,64,749,0,598,64,151,0,0,64,749,0,0,64,749,California
Inyo,2021-01-07,31,780,1,599,30,181,0,0,31,780,0,0,31,780,California
Inyo,2021-01-08,9,789,8,607,1,182,0,0,4,780,5,5,5,785,California
Inyo,2021-01-09,87,876,86,693,1,183,0,0,1,695,86,91,1,786,California
Inyo,2021-01-10,52,928,52,745,0,183,0,0,0,643,52,143,0,786,California
Inyo,2021-01-11,97,1025,82,827,15,198,0,0,16,578,81,224,16,802,California
Inyo,2021-01-12,137,1162,116,943,21,219,0,0,27,495,110,334,27,829,California
Inyo,2021-01-13,86,1248,68,1011,18,237,0,0,21,452,65,399,22,851,California
Inyo,2021-01-14,59,1307,13,1024,46,283,0,0,49,491,10,409,49,900,California
Inyo,2021-01-15,160,1467,28,1052,132,415,0,0,160,651,0,409,160,1060,California
Inyo,2021-01-16,74,1541,73,1125,1,416,0,0,1,579,73,482,1,1061,California
Inyo,2021-01-18,58,1599,36,1161,22,438,0,0,19,559,39,521,19,1080,California
Inyo,2021-01-19,112,1711,71,1232,41,479,0,0,95,637,17,538,95,1175,California
Inyo,2021-01-20,146,1857,70,1302,76,555,0,0,92,675,54,592,92,1267,California
Inyo,2021-01-21,117,1974,57,1359,60,615,0,0,116,790,1,593,116,1383,California
Inyo,2021-01-22,62,2036,0,1359,62,677,0,0,61,850,1,594,61,1444,California
Inyo,2021-01-23,52,2088,51,1410,1,678,0,0,52,902,0,594,52,1496,California
Inyo,2021-01-25,49,2137,6,1416,43,721,0,0,37,927,12,606,37,1533,California
Inyo,2021-01-26,134,2271,53,1469,81,802,0,0,128,1049,6,612,128,1661,California
Inyo,2021-01-27,24,2295,2,1471,22,824,0,0,23,1071,1,613,23,1684,California
Inyo,2021-01-28,92,2387,2,1473,90,914,0,0,63,1105,29,642,63,1747,California
Inyo,2021-01-29,25,2412,3,1476,22,936,0,0,23,1126,2,644,23,1770,California
Inyo,2021-01-30,10,2422,0,1476,10,946,0,0,10,1136,0,644,10,1780,California
Inyo,2021-01-31,28,2450,3,1479,25,971,0,0,3,1114,25,669,3,1783,California
Inyo,2021-02-01,10,2460,9,1488,1,972,0,0,0,1104,10,679,0,1783,California
Inyo,2021-02-02,130,2590,14,1502,116,1088,0,0,104,1182,26,705,104,1887,California
Inyo,2021-02-03,114,2704,0,1502,114,1202,0,0,73,1214,41,746,73,1960,California
Inyo,2021-02-04,148,2852,32,1534,116,1318,0,0,89,1244,59,805,89,2049,California
Inyo,2021-02-05,114,2966,58,1592,56,1374,0,0,112,1354,2,807,112,2161,California
Inyo,2021-02-06,4,2970,2,1594,2,1376,0,0,3,1356,1,808,3,2164,California
Inyo,2021-02-07,4,2974,2,1596,2,1378,0,0,4,1360,0,808,4,2168,California
Inyo,2021-02-08,116,3090,6,1602,110,1488,0,0,97,1438,19,827,97,2265,California
Inyo,2021-02-09,195,3285,52,1654,143,1631,0,0,124,1491,71,898,124,2389,California
Inyo,2021-02-10,140,3425,16,1670,124,1755,0,0,107,1565,33,931,107,2496,California
Inyo,2021-02-11,220,3645,56,1726,164,1919,0,0,126,1597,94,1025,126,2622,California
Inyo,2021-02-12,296,3941,51,1777,245,2164,0,0,167,1635,129,1154,167,2789,California
Inyo,2021-02-13,57,3998,52,1829,5,2169,0,0,6,1590,51,1205,6,2795,California
Inyo,2021-02-14,1,3999,0,1829,1,2170,0,0,1,1591,0,1205,1,2796,California
Inyo,2021-02-15,28,4027,9,1838,19,2189,0,0,5,1573,23,1228,5,2801,California
Inyo,2021-02-16,177,4204,49,1887,128,2317,0,0,91,1579,85,1313,91,2892,California
Inyo,2021-02-17,38,4242,4,1891,34,2351,0,0,8,1557,30,1343,8,2900,California
Inyo,2021-02-18,119,4361,6,1897,113,2464,0,0,79,1596,40,1383,79,2979,California
Inyo,2021-02-19,52,4413,5,1902,47,2511,0,0,9,1562,43,1426,9,2988,California
Inyo,2021-02-20,505,4918,500,2402,5,2516,0,0,503,2063,2,1428,503,3491,California
Inyo,2021-02-21,441,5359,441,2843,0,2516,0,0,441,2504,0,1428,441,3932,California
Inyo,2021-02-22,60,5419,18,2861,42,2558,0,0,26,2496,34,1462,26,3958,California
Inyo,2021-02-23,197,5616,18,2879,179,2737,0,0,94,2488,102,1564,94,4052,California
Inyo,2021-02-24,118,5734,0,2879,118,2855,0,0,57,2484,61,1625,57,4109,California
Inyo,2021-02-25,130,5864,3,2882,127,2982,0,0,61,2476,69,1694,61,4170,California
Inyo,2021-02-26,100,5964,57,2939,43,3025,0,0,19,2414,81,1775,19,4189,California
Inyo,2021-02-27,14,5978,3,2942,11,3036,0,0,2,2404,12,1787,2,4191,California
Inyo,2021-02-28,3,5981,1,2943,2,3038,0,0,2,2405,1,1788,2,4193,California
Inyo,2021-03-01,19,6000,2,2945,17,3055,0,0,17,2420,2,1790,17,4210,California
Inyo,2021-03-02,193,6193,0,2945,193,3248,0,0,108,2443,85,1875,108,4318,California
Inyo,2021-03-03,83,6276,3,2948,80,3328,0,0,41,2442,42,1917,41,4359,California
Inyo,2021-03-04,125,6401,3,2951,122,3450,0,0,45,2407,80,1997,45,4404,California
Inyo,2021-03-05,140,6541,54,3005,86,3536,0,0,39,2345,101,2098,39,4443,California
Inyo,2021-03-06,23,6564,1,3006,22,3558,0,0,22,2366,1,2099,22,4465,California
Inyo,2021-03-07,6,6570,3,3009,3,3561,0,0,4,2368,2,2101,4,4469,California
Inyo,2021-03-08,173,6743,5,3014,168,3729,0,0,82,2359,91,2192,82,4551,California
Inyo,2021-03-09,190,6933,3,3017,187,3916,0,0,74,2317,116,2308,74,4625,California
Inyo,2021-03-10,71,7004,9,3026,61,3977,1,1,30,2307,41,2349,31,4656,California
Inyo,2021-03-11,204,7208,1,3027,198,4175,5,6,74,2256,130,2479,79,4735,California
Inyo,2021-03-12,176,7384,4,3031,167,4342,5,11,78,2241,98,2577,83,4818,California
Inyo,2021-03-13,576,7960,542,3573,25,4367,9,20,67,1809,508,3085,76,4894,California
Inyo,2021-03-14,440,8400,439,4012,1,4368,0,20,5,1380,434,3519,5,4899,California
Inyo,2021-03-15,50,8450,14,4026,34,4402,2,22,30,1392,20,3539,32,4931,California
Inyo,2021-03-16,162,8612,3,4029,153,4555,6,28,63,1363,98,3637,69,5000,California
Inyo,2021-03-17,108,8720,3,4032,98,4653,7,35,92,1446,16,3653,99,5099,California
Inyo,2021-03-18,183,8903,15,4047,161,4814,7,42,103,1476,80,3733,110,5209,California
Inyo,2021-03-19,44,8947,3,4050,37,4851,4,46,35,1506,9,3742,39,5248,California
Inyo,2021-03-20,19,8966,1,4051,9,4860,9,55,0,1496,19,3761,9,5257,California
Inyo,2021-03-22,58,9024,2,4053,51,4911,5,60,38,1519,20,3781,43,5300,California
Inyo,2021-03-23,194,9218,3,4056,187,5098,4,64,105,1539,89,3870,109,5409,California
Inyo,2021-03-24,140,9358,3,4059,133,5231,4,68,86,1575,54,3924,90,5499,California
Inyo,2021-03-25,329,9687,109,4168,217,5448,3,71,264,1777,65,3989,267,5766,California
Inyo,2021-03-26,91,9778,3,4171,84,5532,4,75,71,1832,20,4009,75,5841,California
Inyo,2021-03-27,50,9828,42,4213,5,5537,3,78,44,1873,6,4015,47,5888,California
Inyo,2021-03-28,3,9831,0,4213,2,5539,1,79,1,1873,2,4017,2,5890,California
Inyo,2021-03-29,108,9939,2,4215,101,5640,5,84,81,1933,26,4043,86,5976,California
Inyo,2021-03-30,218,10157,2,4217,211,5851,5,89,108,1936,110,4153,113,6089,California
Inyo,2021-03-31,150,10307,3,4220,141,5992,6,95,108,2008,42,4195,114,6203,California
Inyo,2021-04-01,166,10473,4,4224,161,6153,1,96,117,2077,49,4244,118,6321,California
Inyo,2021-04-02,79,10552,1,4225,76,6229,2,98,49,2098,30,4274,51,6372,California
Inyo,2021-04-03,79,10631,40,4265,26,6255,13,111,3,2039,74,4348,15,6387,California
Inyo,2021-04-04,5,10636,4,4269,0,6255,1,112,1,2037,4,4352,2,6389,California
Inyo,2021-04-05,108,10744,1,4270,103,6358,4,116,29,1991,79,4431,33,6422,California
Inyo,2021-04-06,234,10978,4,4274,167,6525,63,179,103,2026,131,4562,166,6588,California
Inyo,2021-04-07,206,11184,2,4276,76,6601,128,307,47,2042,159,4721,175,6763,California
Inyo,2021-04-08,181,11365,15,4291,149,6750,17,324,81,2040,100,4821,98,6861,California
Inyo,2021-04-09,125,11490,6,4297,96,6846,23,347,37,2013,87,4908,60,6921,California
Inyo,2021-04-10,41,11531,1,4298,23,6869,17,364,3,1995,38,4946,20,6941,California
Inyo,2021-04-11,1,11532,0,4298,1,6870,0,364,1,1996,0,4946,1,6942,California
Inyo,2021-04-12,79,11611,0,4298,74,6944,5,369,41,2004,38,4984,46,6988,California
Inyo,2021-04-13,121,11732,4,4302,114,7058,3,372,62,2011,58,5042,65,7053,California
Inyo,2021-04-14,130,11862,2,4304,128,7186,0,372,45,1971,85,5127,45,7098,California
Inyo,2021-04-15,273,12135,116,4420,157,7343,0,372,78,1854,195,5322,78,7176,California
Inyo,2021-04-16,46,12181,5,4425,41,7384,0,372,18,1844,28,5350,18,7194,California
Inyo,2021-04-17,2,12183,1,4426,1,7385,0,372,1,1844,1,5351,1,7195,California
Inyo,2021-04-19,122,12305,39,4465,83,7468,0,372,41,1804,81,5432,41,7236,California
Inyo,2021-04-20,163,12468,2,4467,161,7629,0,372,79,1799,84,5516,79,7315,California
Inyo,2021-04-21,112,12580,3,4470,109,7738,0,372,32,1751,80,5596,32,7347,California
Inyo,2021-04-22,196,12776,1,4471,195,7933,0,372,51,1657,145,5741,51,7398,California
Inyo,2021-04-23,95,12871,4,4475,91,8024,0,372,22,1606,73,5814,22,7420,California
Inyo,2021-04-24,309,13180,308,4783,1,8025,0,372,305,1907,4,5818,305,7725,California
Inyo,2021-04-25,133,13313,132,4915,1,8026,0,372,133,2040,0,5818,133,7858,California
Inyo,2021-04-26,91,13404,1,4916,89,8115,1,373,10,1971,80,5898,11,7869,California
Inyo,2021-04-27,181,13585,6,4922,170,8285,5,378,45,1885,136,6034,50,7919,California
Inyo,2021-04-28,122,13707,2,4924,118,8403,2,380,20,1805,102,6136,22,7941,California
Inyo,2021-04-29,170,13877,55,4979,115,8518,0,380,76,1787,94,6230,76,8017,California
Inyo,2021-04-30,82,13959,5,4984,76,8594,1,381,23,1752,59,6289,24,8041,California
Inyo,2021-05-01,12,13971,3,4987,9,8603,0,381,10,1760,2,6291,10,8051,California
Inyo,2021-05-02,7,13978,3,4990,2,8605,2,383,4,1763,3,6294,6,8057,California
Inyo,2021-05-03,38,14016,1,4991,33,8638,4,387,5,1739,33,6327,9,8066,California
Inyo,2021-05-04,122,14138,2,4993,116,8754,4,391,21,1663,101,6428,25,8091,California
Inyo,2021-05-05,36,14174,0,4993,34,8788,2,393,11,1651,25,6453,13,8104,California
Inyo,2021-05-06,92,14266,4,4997,80,8868,8,401,12,1591,80,6533,20,8124,California
Inyo,2021-05-07,49,14315,4,5001,37,8905,8,409,24,1599,24,6557,32,8156,California
Inyo,2021-05-08,11,14326,2,5003,4,8909,5,414,4,1601,7,6564,9,8165,California
Inyo,2021-05-09,1,14327,0,5003,1,8910,0,414,0,1600,1,6565,0,8165,California
Inyo,2021-05-10,69,14396,1,5004,66,8976,2,416,30,1594,39,6604,33,8198,California
Inyo,2021-05-11,87,14483,1,5005,83,9059,3,419,20,1550,67,6671,23,8221,California
Inyo,2021-05-12,43,14526,1,5006,40,9099,2,421,11,1531,32,6703,13,8234,California
Inyo,2021-05-13,74,14600,1,5007,72,9171,1,422,11,1480,63,6766,12,8246,California
Inyo,2021-05-14,25,14625,3,5010,17,9188,5,427,12,1484,13,6779,17,8263,California
Inyo,2021-05-15,377,15002,365,5375,10,9198,2,429,85,1279,292,7071,87,8350,California
Inyo,2021-05-16,198,15200,198,5573,0,9198,0,429,71,1223,127,7198,71,8421,California
Inyo,2021-05-17,62,15262,3,5576,55,9253,4,433,19,1204,42,7240,23,8444,California
Inyo,2021-05-18,83,15345,2,5578,80,9333,1,434,17,1156,66,7306,18,8462,California
Inyo,2021-05-19,47,15392,2,5580,40,9373,5,439,13,1140,34,7340,18,8480,California
Inyo,2021-05-20,143,15535,80,5660,62,9435,1,440,34,1066,109,7449,35,8515,California
Inyo,2021-05-21,47,15582,18,5678,25,9460,4,444,19,1061,28,7477,23,8538,California
Inyo,2021-05-22,25,15607,15,5693,7,9467,3,447,18,1075,7,7484,21,8559,California
Inyo,2021-05-23,2,15609,1,5694,0,9467,1,448,0,1074,2,7486,1,8560,California
Inyo,2021-05-24,33,15642,6,5700,24,9491,3,451,13,1070,20,7506,16,8576,California
Inyo,2021-05-25,82,15724,39,5739,41,9532,2,453,48,1086,34,7540,50,8626,California
Inyo,2021-05-26,32,15756,5,5744,25,9557,2,455,10,1076,22,7562,12,8638,California
Inyo,2021-05-27,40,15796,11,5755,21,9578,8,463,13,1071,26,7588,21,8659,California
Inyo,2021-05-28,26,15822,6,5761,15,9593,5,468,8,1066,18,7606,13,8672,California
Inyo,2021-05-29,15,15837,5,5766,10,9603,0,468,6,1063,9,7615,6,8678,California
Inyo,2021-05-30,2,15839,0,5766,2,9605,0,468,0,1061,2,7617,0,8678,California
Inyo,2021-06-01,53,15892,16,5782,31,9636,6,474,23,1060,30,7647,29,8707,California
Inyo,2021-06-02,9,15901,7,5789,1,9637,1,475,8,1068,1,7648,9,8716,California
Inyo,2021-06-03,25,15926,0,5789,18,9655,7,482,1,1052,24,7672,8,8724,California
Inyo,2021-06-04,6,15932,2,5791,3,9658,1,483,2,1051,4,7676,3,8727,California
Kern,2020-12-15,1,1,1,1,0,0,0,0,1,1,0,0,1,1,California
Kern,2020-12-16,18,19,18,19,0,0,0,0,18,19,0,0,18,19,California
Kern,2020-12-17,163,182,163,182,0,0,0,0,163,182,0,0,163,182,California
Kern,2020-12-18,323,505,323,505,0,0,0,0,323,505,0,0,323,505,California
Kern,2020-12-19,99,604,99,604,0,0,0,0,100,605,0,0,100,605,California
Kern,2020-12-20,61,665,61,665,0,0,0,0,61,666,0,0,61,666,California
Kern,2020-12-21,670,1335,669,1334,1,1,0,0,670,1336,0,0,670,1336,California
Kern,2020-12-22,530,1865,528,1862,2,3,0,0,530,1866,0,0,530,1866,California
Kern,2020-12-23,556,2421,418,2280,138,141,0,0,556,2422,0,0,556,2422,California
Kern,2020-12-24,122,2543,43,2323,79,220,0,0,122,2544,0,0,122,2544,California
Kern,2020-12-25,1,2544,1,2324,0,220,0,0,1,2545,0,0,1,2545,California
Kern,2020-12-26,33,2577,1,2325,32,252,0,0,33,2578,0,0,33,2578,California
Kern,2020-12-27,35,2612,3,2328,32,284,0,0,35,2613,0,0,35,2613,California
Kern,2020-12-28,825,3437,661,2989,164,448,0,0,825,3438,0,0,825,3438,California
Kern,2020-12-29,743,4180,450,3439,293,741,0,0,742,4179,1,1,742,4180,California
Kern,2020-12-30,1204,5384,912,4351,292,1033,0,0,1204,5383,0,1,1204,5384,California
Kern,2020-12-31,277,5661,99,4450,178,1211,0,0,277,5660,0,1,277,5661,California
Kern,2021-01-01,16,5677,9,4459,7,1218,0,0,16,5676,0,1,16,5677,California
Kern,2021-01-02,79,5756,18,4477,61,1279,0,0,79,5755,0,1,79,5756,California
Kern,2021-01-03,23,5779,4,4481,19,1298,0,0,23,5778,0,1,23,5779,California
Kern,2021-01-04,556,6335,361,4842,195,1493,0,0,556,6334,0,1,556,6335,California
Kern,2021-01-05,1133,7468,738,5580,395,1888,0,0,1121,7443,12,13,1121,7456,California
Kern,2021-01-06,1161,8629,449,6029,712,2600,0,0,1131,8544,30,43,1131,8587,California
Kern,2021-01-07,1402,10031,486,6515,916,3516,0,0,1234,9611,167,210,1234,9821,California
Kern,2021-01-08,1625,11656,766,7281,859,4375,0,0,1328,10642,298,508,1329,11150,California
Kern,2021-01-09,228,11884,78,7359,150,4525,0,0,193,10800,35,543,193,11343,California
Kern,2021-01-10,194,12078,149,7508,45,4570,0,0,153,10912,41,584,153,11496,California
Kern,2021-01-11,1559,13637,987,8495,572,5142,0,0,1001,11355,558,1142,1001,12497,California
Kern,2021-01-12,1867,15504,812,9307,1055,6197,0,0,1355,12198,512,1654,1355,13852,California
Kern,2021-01-13,1852,17356,869,10176,983,7180,0,0,1433,13212,419,2073,1433,15285,California
Kern,2021-01-14,2188,19544,646,10822,1542,8722,0,0,2142,15308,46,2119,2142,17427,California
Kern,2021-01-15,2708,22252,854,11676,1854,10576,0,0,2611,17825,95,2214,2612,20039,California
Kern,2021-01-16,671,22923,211,11887,460,11036,0,0,636,18426,35,2249,636,20675,California
Kern,2021-01-17,73,22996,7,11894,66,11102,0,0,71,18495,2,2251,71,20746,California
Kern,2021-01-18,1645,24641,657,12551,988,12090,0,0,1479,19808,166,2417,1479,22225,California
Kern,2021-01-19,1853,26494,1032,13583,821,12911,0,0,1390,20736,463,2880,1391,23616,California
Kern,2021-01-20,2617,29111,1682,15265,935,13846,0,0,1913,21952,699,3579,1915,25531,California
Kern,2021-01-21,2110,31221,867,16132,1243,15089,0,0,1914,23671,195,3774,1914,27445,California
Kern,2021-01-22,2713,33934,1299,17431,1414,16503,0,0,2435,25829,277,4051,2435,29880,California
Kern,2021-01-23,1248,35182,541,17972,707,17210,0,0,1202,26985,46,4097,1202,31082,California
Kern,2021-01-24,152,35334,11,17983,141,17351,0,0,146,27125,6,4103,146,31228,California
Kern,2021-01-25,2387,37721,1087,19070,1300,18651,0,0,1902,28544,484,4587,1903,33131,California
Kern,2021-01-26,2771,40492,1128,20198,1643,20294,0,0,1911,29596,859,5446,1911,35042,California
Kern,2021-01-27,3557,44049,1902,22100,1655,21949,0,0,2859,31760,695,6141,2859,37901,California
Kern,2021-01-28,2874,46923,1358,23458,1516,23465,0,0,2443,33780,426,6567,2446,40347,California
Kern,2021-01-29,3784,50707,1798,25256,1986,25451,0,0,3238,36475,543,7110,3238,43585,California
Kern,2021-01-30,1329,52036,500,25756,829,26280,0,0,1279,37706,48,7158,1279,44864,California
Kern,2021-01-31,403,52439,276,26032,127,26407,0,0,268,37839,135,7293,268,45132,California
Kern,2021-02-01,2598,55037,990,27022,1608,28015,0,0,1885,39015,710,8003,1886,47018,California
Kern,2021-02-02,2752,57789,798,27820,1954,29969,0,0,2050,40364,702,8705,2051,49069,California
Kern,2021-02-03,3664,61453,1553,29373,2111,32080,0,0,2694,42095,963,9668,2694,51763,California
Kern,2021-02-04,3805,65258,1452,30825,2353,34433,0,0,2587,43474,1208,10876,2587,54350,California
Kern,2021-02-05,4854,70112,1989,32814,2865,37298,0,0,3094,44827,1741,12617,3094,57444,California
Kern,2021-02-06,1742,71854,769,33583,973,38271,0,0,1516,46120,223,12840,1516,58960,California
Kern,2021-02-07,284,72138,151,33734,133,38404,0,0,267,46372,15,12855,267,59227,California
Kern,2021-02-08,2562,74700,784,34518,1778,40182,0,0,1256,46341,1288,14143,1257,60484,California
Kern,2021-02-09,3039,77739,987,35505,2052,42234,0,0,1464,46239,1566,15709,1464,61948,California
Kern,2021-02-10,3792,81531,1661,37166,2131,44365,0,0,1873,46210,1903,17612,1874,63822,California
Kern,2021-02-11,4265,85796,1535,38701,2730,47095,0,0,2222,46403,2030,19642,2223,66045,California
Kern,2021-02-12,4950,90746,1891,40592,3059,50154,0,0,2468,46403,2468,22110,2468,68513,California
Kern,2021-02-13,2009,92755,727,41319,1282,51436,0,0,1161,46718,846,22956,1161,69674,California
Kern,2021-02-14,351,93106,12,41331,339,51775,0,0,269,46906,81,23037,269,69943,California
Kern,2021-02-15,2744,95850,896,42227,1848,53623,0,0,1211,46593,1524,24561,1211,71154,California
Kern,2021-02-16,2936,98786,711,42938,2225,55848,0,0,1647,46961,1280,25841,1648,72802,California
Kern,2021-02-17,4069,102855,2077,45015,1992,57840,0,0,1925,46749,2138,27979,1926,74728,California
Kern,2021-02-18,3762,106617,1487,46502,2275,60115,0,0,1628,46253,2124,30103,1628,76356,California
Kern,2021-02-19,4190,110807,1914,48416,2276,62391,0,0,1735,45540,2448,32551,1735,78091,California
Kern,2021-02-20,2580,113387,967,49383,1613,64004,0,0,1347,45658,1229,33780,1347,79438,California
Kern,2021-02-21,258,113645,152,49535,106,64110,0,0,89,45580,167,33947,89,79527,California
Kern,2021-02-22,2670,116315,1154,50689,1516,65626,0,0,1431,45777,1234,35181,1431,80958,California
Kern,2021-02-23,3565,119880,1131,51820,2434,68060,0,0,1993,46201,1570,36751,1994,82952,California
Kern,2021-02-24,5199,125079,2289,54109,2910,70970,0,0,3103,47212,2092,38843,3103,86055,California
Kern,2021-02-25,5375,130454,2457,56566,2918,73888,0,0,3194,48244,2162,41005,3194,89249,California
Kern,2021-02-26,6908,137362,3536,60102,3372,77260,0,0,4353,50050,2548,43553,4354,93603,California
Kern,2021-02-27,3952,141314,1982,62084,1970,79230,0,0,2613,51332,1331,44884,2613,96216,California
Kern,2021-02-28,916,142230,503,62587,412,79642,1,1,695,51809,219,45103,696,96912,California
Kern,2021-03-01,4004,146234,1819,64406,2181,81823,4,5,2691,53200,1304,46407,2695,99607,California
Kern,2021-03-02,4473,150707,1412,65818,3060,84883,1,6,2951,54640,1511,47918,2951,102558,California
Kern,2021-03-03,5938,156645,2814,68632,3124,88007,0,6,3840,56397,2084,50002,3841,106399,California
Kern,2021-03-04,5617,162262,2212,70844,3402,91409,3,9,3620,58036,1983,51985,3622,110021,California
Kern,2021-03-05,6653,168915,2860,73704,3774,95183,19,28,4215,59842,2428,54413,4234,114255,California
Kern,2021-03-06,4747,173662,1926,75630,2714,97897,107,135,3470,62148,1270,55683,3576,117831,California
Kern,2021-03-07,2064,175726,1596,77226,412,98309,56,191,1865,63871,198,55881,1921,119752,California
Kern,2021-03-08,2900,178626,924,78150,1754,100063,222,413,1525,64244,1372,57253,1745,121497,California
Kern,2021-03-09,3716,182342,804,78954,2530,102593,382,795,2318,65551,1390,58643,2697,124194,California
Kern,2021-03-10,6134,188476,2561,81515,2499,105092,1074,1869,3594,67692,2525,61168,4666,128860,California
Kern,2021-03-11,6336,194812,2444,83959,2866,107958,1026,2895,3777,69942,2548,63716,4798,133658,California
Kern,2021-03-12,7831,202643,3073,87032,3406,111364,1352,4247,4321,72107,3497,67213,5662,139320,California
Kern,2021-03-13,4665,207308,2529,89561,1800,113164,336,4583,3244,74267,1414,68627,3574,142894,California
Kern,2021-03-14,2295,209603,1519,91080,535,113699,241,4824,1774,75758,521,69148,2012,144906,California
Kern,2021-03-15,4270,213873,1103,92183,2454,116153,713,5537,2201,76608,2057,71205,2907,147813,California
Kern,2021-03-16,4342,218215,1013,93196,2793,118946,536,6073,2331,77470,2001,73206,2863,150676,California
Kern,2021-03-17,7491,225706,4057,97253,2885,121831,549,6622,4528,79596,2950,76156,5076,155752,California
Kern,2021-03-18,7278,232984,3684,100937,3007,124838,587,7209,4406,81733,2852,79008,4989,160741,California
Kern,2021-03-19,8987,241971,4988,105925,3345,128183,654,7863,4716,82843,4254,83262,5364,166105,California
Kern,2021-03-20,6174,248145,3821,109746,2179,130362,174,8037,3915,84685,2248,85510,4090,170195,California
Kern,2021-03-21,3051,251196,1933,111679,236,130598,882,8919,1847,86216,1197,86707,2728,172923,California
Kern,2021-03-22,3990,255186,1568,113247,2068,132666,354,9273,1937,86472,2036,88743,2292,175215,California
Kern,2021-03-23,4739,259925,1676,114923,2866,135532,197,9470,2487,86931,2223,90966,2682,177897,California
Kern,2021-03-24,7182,267107,3678,118601,3027,138559,477,9947,3653,87548,3511,94477,4128,182025,California
Kern,2021-03-25,6768,273875,3005,121606,3433,141992,330,10277,3277,87678,3474,97951,3604,185629,California
Kern,2021-03-26,9872,283747,4412,126018,4203,146195,1257,11534,4737,88554,5117,103068,5993,191622,California
Kern,2021-03-27,5708,289455,3998,130016,1582,147777,128,11662,3446,89868,2259,105327,3573,195195,California
Kern,2021-03-28,4693,294148,4202,134218,477,148254,14,11676,2958,91107,1733,107060,2972,198167,California
Kern,2021-03-29,4255,298403,1681,135899,2297,150551,277,11953,2611,92360,1632,108692,2885,201052,California
Kern,2021-03-30,5598,304001,1870,137769,3343,153894,385,12338,3069,93288,2524,111216,3452,204504,California
Kern,2021-03-31,8407,312408,4537,142306,3222,157116,648,12986,4340,94223,4051,115267,4986,209490,California
Kern,2021-04-01,7895,320303,3873,146179,3722,160838,300,13286,4227,95099,3647,118914,4523,214013,California
Kern,2021-04-02,8453,328756,4463,150642,3381,164219,609,13895,4225,95713,4212,123126,4826,218839,California
Kern,2021-04-03,5995,334751,3671,154313,2141,166360,183,14078,2663,95233,3323,126449,2843,221682,California
Kern,2021-04-04,1334,336085,871,155184,379,166739,84,14162,473,94932,858,127307,557,222239,California
Kern,2021-04-05,5367,341452,2221,157405,2376,169115,770,14932,2902,96124,2451,129758,3643,225882,California
Kern,2021-04-06,7112,348564,2465,159870,3272,172387,1375,16307,3568,97543,3521,133279,4940,230822,California
Kern,2021-04-07,9371,357935,5466,165336,2943,175330,962,17269,4567,98286,4786,138065,5529,236351,California
Kern,2021-04-08,8667,366602,4798,170134,2957,178287,912,18181,3730,98006,4913,142978,4633,240984,California
Kern,2021-04-09,10248,376850,5132,175266,4125,182412,991,19172,4334,97469,5889,148867,5352,246336,California
Kern,2021-04-10,6571,383421,3451,178717,1873,184285,1247,20419,2129,96408,4432,153299,3371,249707,California
Kern,2021-04-11,3864,387285,2899,181616,357,184642,608,21027,1255,95671,2596,155895,1859,251566,California
Kern,2021-04-12,4398,391683,989,182605,2436,187078,973,22000,1578,95421,2800,158695,2550,254116,California
Kern,2021-04-13,4278,395961,1408,184013,2845,189923,25,22025,2107,95394,2159,160854,2132,256248,California
Kern,2021-04-14,6041,402002,2967,186980,3052,192975,22,22047,2987,95365,3037,163891,3008,259256,California
Kern,2021-04-15,5265,407267,2468,189448,2795,195770,2,22049,2503,95125,2745,166636,2505,261761,California
Kern,2021-04-16,7245,414512,3433,192881,3811,199581,1,22050,2952,93811,4268,170904,2954,264715,California
Kern,2021-04-17,5892,420404,3848,196729,2044,201625,0,22050,2097,92128,3781,174685,2098,266813,California
Kern,2021-04-18,3774,424178,3538,200267,236,201861,0,22050,911,90184,2855,177540,911,267724,California
Kern,2021-04-19,3815,427993,1729,201996,2084,203945,2,22052,1412,89213,2383,179923,1412,269136,California
Kern,2021-04-20,4351,432344,1571,203567,2778,206723,2,22054,1639,88159,2695,182618,1641,270777,California
Kern,2021-04-21,5854,438198,3144,206711,2705,209428,5,22059,2132,86595,3699,186317,2135,272912,California
Kern,2021-04-22,4780,442978,2308,209019,2472,211900,0,22059,1688,85214,3070,189387,1689,274601,California
Kern,2021-04-23,6061,449039,2942,211961,3118,215018,1,22060,1895,82980,4130,193517,1896,276497,California
Kern,2021-04-24,4012,453051,2805,214766,1196,216214,11,22071,1445,81887,2548,196065,1455,277952,California
Kern,2021-04-25,1394,454445,1116,215882,278,216492,0,22071,819,82137,569,196634,819,278771,California
Kern,2021-04-26,3796,458241,1823,217705,1921,218413,52,22123,1039,80483,2747,199381,1093,279864,California
Kern,2021-04-27,4665,462906,2275,219980,2287,220700,103,22226,1416,78763,3237,202618,1517,281381,California
Kern,2021-04-28,6259,469165,3677,223657,2458,223158,124,22350,1774,76191,4467,207085,1895,283276,California
Kern,2021-04-29,5506,474671,3061,226718,2345,225503,100,22450,1613,74033,3872,210957,1714,284990,California
Kern,2021-04-30,5590,480261,3121,229839,2309,227812,160,22610,1609,71836,3965,214922,1768,286758,California
Kern,2021-05-01,2580,482841,1798,231637,722,228534,60,22670,952,71229,1618,216540,1011,287769,California
Kern,2021-05-02,1889,484730,1602,233239,265,228799,22,22692,692,70753,1191,217731,715,288484,California
Kern,2021-05-03,2497,487227,994,234233,1372,230171,131,22823,769,69942,1712,219443,901,289385,California
Kern,2021-05-04,3611,490838,1282,235515,2219,232390,110,22933,1261,68975,2336,221779,1369,290754,California
Kern,2021-05-05,4147,494985,2135,237650,1862,234252,150,23083,1373,67737,2759,224538,1521,292275,California
Kern,2021-05-06,3538,498523,1577,239227,1817,236069,144,23227,1090,66537,2430,226968,1230,293505,California
Kern,2021-05-07,4567,503090,2297,241524,2095,238164,175,23402,1279,64727,3262,230230,1452,294957,California
Kern,2021-05-08,2893,505983,1823,243347,955,239119,115,23517,898,63757,1981,232211,1011,295968,California
Kern,2021-05-09,1295,507278,1121,244468,145,239264,29,23546,448,63394,840,233051,477,296445,California
Kern,2021-05-10,2211,509489,848,245316,1264,240528,99,23645,644,62585,1550,234601,741,297186,California
Kern,2021-05-11,2597,512086,906,246222,1568,242096,123,23768,943,62008,1644,236245,1067,298253,California
Kern,2021-05-12,3515,515601,1391,247613,1975,244071,149,23917,1109,60872,2394,238639,1258,299511,California
Kern,2021-05-13,3334,518935,1734,249347,1459,245530,141,24058,1553,60793,1769,240408,1690,301201,California
Kern,2021-05-14,4275,523210,2531,251878,1523,247053,221,24279,1976,60710,2279,242687,2196,303397,California
Kern,2021-05-15,2914,526124,1898,253776,929,247982,87,24366,1546,60988,1355,244042,1633,305030,California
Kern,2021-05-16,1544,527668,1321,255097,184,248166,39,24405,888,61264,651,244693,927,305957,California
Kern,2021-05-17,2309,529977,996,256093,1167,249333,146,24551,1179,61470,1118,245811,1324,307281,California
Kern,2021-05-18,3126,533103,1422,257515,1574,250907,130,24681,1604,61695,1508,247319,1733,309014,California
Kern,2021-05-19,3803,536906,2371,259886,1306,252213,126,24807,1840,61708,1952,249271,1965,310979,California
Kern,2021-05-20,2909,539815,1576,261462,1203,253416,130,24937,1325,61598,1563,250834,1453,312432,California
Kern,2021-05-21,3398,543213,2082,263544,1196,254612,120,25057,1734,61809,1643,252477,1854,314286,California
Kern,2021-05-22,2592,545805,2015,265559,545,255157,32,25089,1221,61699,1362,253839,1252,315538,California
Kern,2021-05-23,1161,546966,1013,266572,131,255288,17,25106,613,61787,541,254380,629,316167,California
Kern,2021-05-24,1828,548794,771,267343,946,256234,111,25217,873,61821,949,255329,983,317150,California
Kern,2021-05-25,2389,551183,1107,268450,1198,257432,84,25301,1138,61805,1238,256567,1222,318372,California
Kern,2021-05-26,2745,553928,1577,270027,1069,258501,99,25400,1188,61548,1542,258109,1285,319657,California
Kern,2021-05-27,2319,556247,1160,271187,1054,259555,105,25505,1200,61751,1101,259210,1304,320961,California
Kern,2021-05-28,2725,558972,1387,272574,1229,260784,109,25614,1273,61691,1440,260650,1380,322341,California
Kern,2021-05-29,1895,560867,1258,273832,591,261375,46,25660,931,61718,950,261600,977,323318,California
Kern,2021-05-30,860,561727,704,274536,137,261512,19,25679,438,61759,415,262015,456,323774,California
Kern,2021-05-31,130,561857,40,274576,79,261591,11,25690,45,61732,82,262097,55,323829,California
Kern,2021-06-01,2260,564117,938,275514,1255,262846,67,25757,1000,61554,1245,263342,1067,324896,California
Kern,2021-06-02,2194,566311,1276,276790,816,263662,102,25859,940,61350,1245,264587,1041,325937,California
Kern,2021-06-03,2300,568611,1295,278085,855,264517,150,26009,883,60975,1407,265994,1032,326969,California
Kern,2021-06-04,1772,570383,1281,279366,441,264958,50,26059,450,60160,1313,267307,498,327467,California
Kings,2020-12-16,1,1,1,1,0,0,0,0,1,1,0,0,1,1,California
Kings,2020-12-17,8,9,8,9,0,0,0,0,8,9,0,0,8,9,California
Kings,2020-12-18,13,22,13,22,0,0,0,0,13,22,0,0,13,22,California
Kings,2020-12-19,11,33,11,33,0,0,0,0,11,33,0,0,11,33,California
Kings,2020-12-20,13,46,13,46,0,0,0,0,13,46,0,0,13,46,California
Kings,2020-12-21,156,202,156,202,0,0,0,0,269,315,0,0,269,315,California
Kings,2020-12-22,143,345,143,345,0,0,0,0,140,455,0,0,140,455,California
Kings,2020-12-23,136,481,122,467,14,14,0,0,137,592,0,0,137,592,California
Kings,2020-12-24,11,492,9,476,2,16,0,0,11,603,0,0,11,603,California
Kings,2020-12-26,7,499,4,480,3,19,0,0,7,610,0,0,7,610,California
Kings,2020-12-27,4,503,4,484,0,19,0,0,4,614,0,0,4,614,California
Kings,2020-12-28,132,635,103,587,29,48,0,0,133,747,0,0,133,747,California
Kings,2020-12-29,80,715,52,639,28,76,0,0,81,828,0,0,81,828,California
Kings,2020-12-30,150,865,109,748,41,117,0,0,150,978,0,0,150,978,California
Kings,2020-12-31,47,912,6,754,41,158,0,0,47,1025,0,0,47,1025,California
Kings,2021-01-01,1,913,0,754,1,159,0,0,1,1026,0,0,1,1026,California
Kings,2021-01-02,10,923,9,763,1,160,0,0,10,1036,0,0,10,1036,California
Kings,2021-01-04,111,1034,41,804,70,230,0,0,111,1147,0,0,111,1147,California
Kings,2021-01-05,196,1230,40,844,156,386,0,0,196,1343,0,0,196,1343,California
Kings,2021-01-06,276,1506,177,1021,99,485,0,0,273,1613,3,3,273,1616,California
Kings,2021-01-07,181,1687,82,1103,99,584,0,0,173,1778,8,11,173,1789,California
Kings,2021-01-08,249,1936,56,1159,193,777,0,0,229,1987,20,31,229,2018,California
Kings,2021-01-09,63,1999,9,1168,54,831,0,0,55,2034,8,39,55,2073,California
Kings,2021-01-10,15,2014,3,1171,12,843,0,0,12,2043,3,42,12,2085,California
Kings,2021-01-11,518,2532,354,1525,164,1007,0,0,276,2078,242,284,277,2362,California
Kings,2021-01-12,348,2880,251,1776,97,1104,0,0,215,2163,130,414,215,2577,California
Kings,2021-01-13,421,3301,275,2051,146,1250,0,0,330,2402,91,505,330,2907,California
Kings,2021-01-14,210,3511,30,2081,180,1430,0,0,200,2582,21,526,201,3108,California
Kings,2021-01-15,420,3931,31,2112,389,1819,0,0,408,2978,12,538,408,3516,California
Kings,2021-01-16,28,3959,9,2121,19,1838,0,0,27,3004,1,539,27,3543,California
Kings,2021-01-17,9,3968,6,2127,3,1841,0,0,7,3009,2,541,7,3550,California
Kings,2021-01-18,173,4141,40,2167,133,1974,0,0,147,3130,26,567,147,3697,California
Kings,2021-01-19,380,4521,161,2328,219,2193,0,0,251,3252,129,696,251,3948,California
Kings,2021-01-20,235,4756,146,2474,89,2282,0,0,125,3272,105,801,125,4073,California
Kings,2021-01-21,213,4969,57,2531,156,2438,0,0,196,3449,19,820,196,4269,California
Kings,2021-01-22,106,5075,18,2549,88,2526,0,0,105,3549,5,825,105,4374,California
Kings,2021-01-23,27,5102,14,2563,13,2539,0,0,21,3564,6,831,21,4395,California
Kings,2021-01-24,4,5106,4,2567,0,2539,0,0,2,3564,2,833,2,4397,California
Kings,2021-01-25,131,5237,27,2594,104,2643,0,0,95,3623,36,869,95,4492,California
Kings,2021-01-26,154,5391,34,2628,120,2763,0,0,114,3697,40,909,114,4606,California
Kings,2021-01-27,325,5716,35,2663,290,3053,0,0,250,3873,74,983,250,4856,California
Kings,2021-01-28,331,6047,45,2708,286,3339,0,0,274,4090,57,1040,274,5130,California
Kings,2021-01-29,109,6156,26,2734,83,3422,0,0,92,4165,17,1057,92,5222,California
Kings,2021-01-30,1562,7718,26,2760,1536,4958,0,0,1559,5723,3,1060,1561,6783,California
Kings,2021-02-01,218,7936,65,2825,153,5111,0,0,89,5685,127,1187,89,6872,California
Kings,2021-02-02,244,8180,15,2840,229,5340,0,0,93,5628,150,1337,93,6965,California
Kings,2021-02-03,381,8561,192,3032,189,5529,0,0,225,5698,155,1492,225,7190,California
Kings,2021-02-04,408,8969,99,3131,309,5838,0,0,210,5711,197,1689,210,7400,California
Kings,2021-02-05,332,9301,53,3184,279,6117,0,0,172,5725,158,1847,172,7572,California
Kings,2021-02-06,61,9362,10,3194,51,6168,0,0,28,5720,33,1880,28,7600,California
Kings,2021-02-07,5,9367,3,3197,2,6170,0,0,3,5721,2,1882,3,7603,California
Kings,2021-02-08,174,9541,29,3226,145,6315,0,0,67,5681,107,1989,67,7670,California
Kings,2021-02-09,255,9796,57,3283,198,6513,0,0,111,5650,142,2131,111,7781,California
Kings,2021-02-10,373,10169,112,3395,261,6774,0,0,256,5789,117,2248,256,8037,California
Kings,2021-02-11,434,10603,65,3460,369,7143,0,0,318,5992,115,2363,318,8355,California
Kings,2021-02-12,624,11227,38,3498,586,7729,0,0,347,6063,276,2639,347,8702,California
Kings,2021-02-13,141,11368,6,3504,135,7864,0,0,115,6152,26,2665,115,8817,California
Kings,2021-02-14,102,11470,4,3508,98,7962,0,0,94,6238,8,2673,94,8911,California
Kings,2021-02-15,250,11720,5,3513,245,8207,0,0,138,6265,111,2784,138,9049,California
Kings,2021-02-16,517,12237,35,3548,482,8689,0,0,281,6311,235,3019,281,9330,California
Kings,2021-02-17,438,12675,25,3573,413,9102,0,0,300,6475,138,3157,302,9632,California
Kings,2021-02-18,238,12913,23,3596,215,9317,0,0,180,6597,58,3215,180,9812,California
Kings,2021-02-19,167,13080,24,3620,143,9460,0,0,112,6657,52,3267,112,9924,California
Kings,2021-02-20,168,13248,35,3655,133,9593,0,0,135,6759,33,3300,135,10059,California
Kings,2021-02-21,2,13250,1,3656,1,9594,0,0,2,6761,0,3300,2,10061,California
Kings,2021-02-22,114,13364,19,3675,95,9689,0,0,50,6747,64,3364,50,10111,California
Kings,2021-02-23,387,13751,70,3745,317,10006,0,0,270,6900,117,3481,270,10381,California
Kings,2021-02-24,627,14378,153,3898,474,10480,0,0,414,7101,213,3694,414,10795,California
Kings,2021-02-25,691,15069,134,4032,557,11037,0,0,471,7354,218,3912,471,11266,California
Kings,2021-02-26,707,15776,137,4169,570,11607,0,0,642,7931,65,3977,642,11908,California
Kings,2021-02-27,1524,17300,66,4235,1458,13065,0,0,582,7572,941,4918,582,12490,California
Kings,2021-02-28,1172,18472,598,4833,574,13639,0,0,675,7753,494,5412,675,13165,California
Kings,2021-03-01,271,18743,87,4920,184,13823,0,0,219,7920,52,5464,219,13384,California
Kings,2021-03-02,577,19320,255,5175,322,14145,0,0,513,8370,64,5528,514,13898,California
Kings,2021-03-03,686,20006,313,5488,373,14518,0,0,493,8673,190,5718,493,14391,California
Kings,2021-03-04,750,20756,356,5844,394,14912,0,0,648,9220,102,5820,649,15040,California
Kings,2021-03-05,1116,21872,368,6212,739,15651,9,9,977,10068,139,5959,987,16027,California
Kings,2021-03-06,517,22389,187,6399,317,15968,13,22,487,10538,30,5989,500,16527,California
Kings,2021-03-07,359,22748,218,6617,137,16105,4,26,351,10885,8,5997,355,16882,California
Kings,2021-03-08,374,23122,96,6713,225,16330,53,79,262,11088,112,6109,315,17197,California
Kings,2021-03-09,555,23677,256,6969,244,16574,55,134,444,11478,110,6219,500,17697,California
Kings,2021-03-10,583,24260,128,7097,363,16937,92,226,395,11777,187,6406,486,18183,California
Kings,2021-03-11,1033,25293,302,7399,621,17558,110,336,624,12105,407,6813,735,18918,California
Kings,2021-03-12,1392,26685,452,7851,847,18405,93,429,988,12786,402,7215,1083,20001,California
Kings,2021-03-13,677,27362,328,8179,305,18710,44,473,550,13255,127,7342,596,20597,California
Kings,2021-03-14,675,28037,102,8281,184,18894,389,862,202,13373,473,7815,591,21188,California
Kings,2021-03-15,702,28739,266,8547,322,19216,114,976,464,13717,237,8052,581,21769,California
Kings,2021-03-16,1065,29804,448,8995,553,19769,64,1040,723,14162,342,8394,787,22556,California
Kings,2021-03-17,1109,30913,424,9419,623,20392,62,1102,786,14694,323,8717,855,23411,California
Kings,2021-03-18,1131,32044,476,9895,432,20824,223,1325,776,15341,354,9071,1001,24412,California
Kings,2021-03-19,968,33012,469,10364,414,21238,85,1410,739,15950,228,9299,837,25249,California
Kings,2021-03-20,641,33653,254,10618,356,21594,31,1441,465,16279,174,9473,503,25752,California
Kings,2021-03-21,1420,35073,1088,11706,319,21913,13,1454,862,16596,558,10031,875,26627,California
Kings,2021-03-22,447,35520,200,11906,163,22076,84,1538,273,16783,174,10205,361,26988,California
Kings,2021-03-23,920,36440,508,12414,349,22425,63,1601,556,17045,362,10567,624,27612,California
Kings,2021-03-24,968,37408,489,12903,456,22881,23,1624,515,17134,451,11018,540,28152,California
Kings,2021-03-25,925,38333,468,13371,429,23310,28,1652,448,17135,475,11493,476,28628,California
Kings,2021-03-26,1304,39637,382,13753,837,24147,85,1737,521,16962,778,12271,605,29233,California
Kings,2021-03-27,645,40282,260,14013,373,24520,12,1749,160,16651,483,12754,172,29405,California
Kings,2021-03-28,671,40953,600,14613,64,24584,7,1756,409,16813,262,13016,424,29829,California
Kings,2021-03-29,469,41422,213,14826,195,24779,61,1817,260,16926,207,13223,320,30149,California
Kings,2021-03-30,863,42285,477,15303,348,25127,38,1855,429,16960,433,13656,467,30616,California
Kings,2021-03-31,772,43057,380,15683,319,25446,73,1928,423,17115,341,13997,496,31112,California
Kings,2021-04-01,785,43842,392,16075,304,25750,89,2017,358,17141,421,14418,447,31559,California
Kings,2021-04-02,1033,44875,451,16526,458,26208,124,2141,395,17027,632,15050,518,32077,California
Kings,2021-04-03,492,45367,346,16872,137,26345,9,2150,170,16891,316,15366,180,32257,California
Kings,2021-04-04,157,45524,84,16956,67,26412,6,2156,42,16825,114,15480,48,32305,California
Kings,2021-04-05,1060,46584,327,17283,481,26893,252,2408,241,16499,818,16298,492,32797,California
Kings,2021-04-06,1198,47782,448,17731,440,27333,310,2718,281,16175,914,17212,590,33387,California
Kings,2021-04-07,1369,49151,652,18383,531,27864,186,2904,358,15711,1008,18220,544,33931,California
Kings,2021-04-08,1630,50781,635,19018,741,28605,254,3158,376,15095,1247,19467,631,34562,California
Kings,2021-04-09,1162,51943,546,19564,437,29042,179,3337,235,14580,925,20392,410,34972,California
Kings,2021-04-10,596,52539,331,19895,162,29204,103,3440,172,14434,422,20814,276,35248,California
Kings,2021-04-11,356,52895,75,19970,274,29478,7,3447,197,14481,157,20971,204,35452,California
Kings,2021-04-12,703,53598,311,20281,190,29668,202,3649,195,14372,506,21477,397,35849,California
Kings,2021-04-13,911,54509,521,20802,390,30058,0,3649,290,14048,619,22096,295,36144,California
Kings,2021-04-14,1046,55555,579,21381,467,30525,0,3649,375,13753,671,22767,376,36520,California
Kings,2021-04-15,1051,56606,522,21903,528,31053,1,3650,449,13602,601,23368,450,36970,California
Kings,2021-04-16,774,57380,362,22265,412,31465,0,3650,259,13347,514,23882,259,37229,California
Kings,2021-04-17,465,57845,251,22516,214,31679,0,3650,190,13264,273,24155,190,37419,California
Kings,2021-04-18,562,58407,239,22755,323,32002,0,3650,39,12780,523,24678,39,37458,California
Kings,2021-04-19,531,58938,294,23049,237,32239,0,3650,285,12821,244,24922,285,37743,California
Kings,2021-04-20,744,59682,452,23501,292,32531,0,3650,237,12552,506,25428,237,37980,California
Kings,2021-04-21,646,60328,307,23808,339,32870,0,3650,222,12358,416,25844,222,38202,California
Kings,2021-04-22,559,60887,279,24087,280,33150,0,3650,205,12213,351,26195,206,38408,California
Kings,2021-04-23,673,61560,291,24378,382,33532,0,3650,329,12202,340,26535,329,38737,California
Kings,2021-04-24,248,61808,180,24558,67,33599,1,3651,120,12196,127,26662,121,38858,California
Kings,2021-04-25,200,62008,181,24739,19,33618,0,3651,164,12324,36,26698,164,39022,California
Kings,2021-04-26,303,62311,163,24902,137,33755,3,3654,191,12407,111,26809,194,39216,California
Kings,2021-04-27,413,62724,180,25082,214,33969,19,3673,175,12364,237,27046,194,39410,California
Kings,2021-04-28,513,63237,255,25337,238,34207,20,3693,267,12405,246,27292,287,39697,California
Kings,2021-04-29,287,63524,110,25447,165,34372,12,3705,132,12396,153,27445,144,39841,California
Kings,2021-04-30,367,63891,163,25610,187,34559,17,3722,152,12354,211,27656,169,40010,California
Kings,2021-05-01,225,64116,164,25774,51,34610,10,3732,70,12280,154,27810,80,40090,California
Kings,2021-05-02,169,64285,147,25921,22,34632,0,3732,127,12365,42,27852,127,40217,California
Kings,2021-05-03,473,64758,252,26173,208,34840,13,3745,120,12146,352,28204,133,40350,California
Kings,2021-05-04,519,65277,262,26435,237,35077,20,3765,159,11965,360,28564,179,40529,California
Kings,2021-05-05,551,65828,285,26720,246,35323,20,3785,136,11706,415,28979,156,40685,California
Kings,2021-05-06,548,66376,270,26990,255,35578,23,3808,122,11427,424,29403,145,40830,California
Kings,2021-05-07,366,66742,211,27201,139,35717,16,3824,147,11373,217,29620,163,40993,California
Kings,2021-05-08,233,66975,167,27368,54,35771,12,3836,74,11300,158,29778,85,41078,California
Kings,2021-05-09,190,67165,61,27429,129,35900,0,3836,40,11190,150,29928,40,41118,California
Kings,2021-05-10,339,67504,262,27691,67,35967,10,3846,115,11091,223,30151,124,41242,California
Kings,2021-05-11,373,67877,230,27921,115,36082,28,3874,116,10979,257,30408,145,41387,California
Kings,2021-05-12,372,68249,140,28061,219,36301,13,3887,160,10942,210,30618,173,41560,California
Kings,2021-05-13,378,68627,137,28198,233,36534,8,3895,151,10874,227,30845,159,41719,California
Kings,2021-05-14,467,69094,319,28517,117,36651,31,3926,242,10923,224,31069,273,41992,California
Kings,2021-05-15,352,69446,251,28768,83,36734,18,3944,195,10979,157,31226,213,42205,California
Kings,2021-05-16,247,69693,221,28989,25,36759,1,3945,76,10885,171,31397,77,42282,California
Kings,2021-05-17,400,70093,319,29308,64,36823,17,3962,215,10933,184,31581,232,42514,California
Kings,2021-05-18,390,70483,273,29581,104,36927,13,3975,223,11003,167,31748,237,42751,California
Kings,2021-05-19,577,71060,284,29865,269,37196,24,3999,231,10914,344,32092,255,43006,California
Kings,2021-05-20,398,71458,194,30059,177,37373,27,4026,242,11028,156,32248,270,43276,California
Kings,2021-05-21,462,71920,224,30283,228,37601,10,4036,236,11052,222,32470,246,43522,California
Kings,2021-05-22,255,72175,205,30488,39,37640,11,4047,194,11198,59,32529,205,43727,California
Kings,2021-05-23,201,72376,200,30688,1,37641,0,4047,95,11187,106,32635,95,43822,California
Kings,2021-05-24,248,72624,164,30852,70,37711,14,4061,123,11199,125,32760,137,43959,California
Kings,2021-05-25,406,73030,268,31120,105,37816,33,4094,243,11314,161,32921,276,44235,California
Kings,2021-05-26,303,73333,124,31244,162,37978,17,4111,129,11287,173,33094,146,44381,California
Kings,2021-05-27,321,73654,174,31418,129,38107,18,4129,173,11333,145,33239,191,44572,California
Kings,2021-05-28,288,73942,140,31558,131,38238,17,4146,140,11345,145,33384,157,44729,California
Kings,2021-05-29,174,74116,101,31659,62,38300,11,4157,92,11367,81,33465,103,44832,California
Kings,2021-05-30,130,74246,113,31772,15,38315,2,4159,70,11379,60,33525,72,44904,California
Kings,2021-05-31,42,74288,23,31795,16,38331,3,4162,15,11370,27,33552,18,44922,California
Kings,2021-06-01,315,74603,188,31983,111,38442,16,4178,122,11318,189,33741,137,45059,California
Kings,2021-06-02,273,74876,125,32108,140,38582,8,4186,89,11233,182,33923,97,45156,California
Kings,2021-06-03,225,75101,125,32233,90,38672,10,4196,93,11209,127,34050,103,45259,California
Kings,2021-06-04,221,75322,135,32368,73,38745,13,4209,66,11139,149,34199,79,45338,California
Lake,2020-12-17,4,4,4,4,0,0,0,0,4,4,0,0,4,4,California
Lake,2020-12-18,49,53,49,53,0,0,0,0,49,53,0,0,49,53,California
Lake,2020-12-19,3,56,3,56,0,0,0,0,3,56,0,0,3,56,California
Lake,2020-12-20,6,62,6,62,0,0,0,0,6,62,0,0,6,62,California
Lake,2020-12-21,87,149,87,149,0,0,0,0,87,149,0,0,87,149,California
Lake,2020-12-22,63,212,60,209,3,3,0,0,63,212,0,0,63,212,California
Lake,2020-12-23,124,336,115,324,9,12,0,0,124,336,0,0,124,336,California
Lake,2020-12-24,2,338,0,324,2,14,0,0,2,338,0,0,2,338,California
Lake,2020-12-26,2,340,2,326,0,14,0,0,2,340,0,0,2,340,California
Lake,2020-12-27,2,342,2,328,0,14,0,0,2,342,0,0,2,342,California
Lake,2020-12-28,52,394,43,371,9,23,0,0,52,394,0,0,52,394,California
Lake,2020-12-29,52,446,47,418,5,28,0,0,52,446,0,0,52,446,California
Lake,2020-12-30,132,578,124,542,8,36,0,0,132,578,0,0,132,578,California
Lake,2020-12-31,67,645,64,606,3,39,0,0,67,645,0,0,67,645,California
Lake,2021-01-01,1,646,0,606,1,40,0,0,1,646,0,0,1,646,California
Lake,2021-01-02,2,648,1,607,1,41,0,0,2,648,0,0,2,648,California
Lake,2021-01-04,90,738,21,628,69,110,0,0,90,738,0,0,90,738,California
Lake,2021-01-05,120,858,59,687,61,171,0,0,118,854,2,2,118,856,California
Lake,2021-01-06,104,962,65,752,39,210,0,0,102,954,2,4,102,958,California
Lake,2021-01-07,109,1071,85,837,24,234,0,0,100,1045,9,13,100,1058,California
Lake,2021-01-08,155,1226,126,963,29,263,0,0,104,1098,51,64,104,1162,California
Lake,2021-01-09,63,1289,61,1024,2,265,0,0,59,1153,4,68,59,1221,California
Lake,2021-01-10,3,1292,3,1027,0,265,0,0,0,1150,3,71,0,1221,California
Lake,2021-01-11,189,1481,149,1176,40,305,0,0,110,1181,79,150,110,1331,California
Lake,2021-01-12,82,1563,49,1225,33,338,0,0,58,1215,24,174,58,1389,California
Lake,2021-01-13,167,1730,114,1339,53,391,0,0,108,1264,59,233,108,1497,California
Lake,2021-01-14,147,1877,48,1387,99,490,0,0,125,1367,22,255,125,1622,California
Lake,2021-01-15,216,2093,92,1479,124,614,0,0,189,1529,27,282,189,1811,California
Lake,2021-01-16,133,2226,81,1560,52,666,0,0,131,1658,2,284,131,1942,California
Lake,2021-01-17,16,2242,6,1566,10,676,0,0,10,1662,6,290,10,1952,California
Lake,2021-01-18,247,2489,229,1795,18,694,0,0,124,1663,123,413,124,2076,California
Lake,2021-01-19,313,2802,120,1915,193,887,0,0,266,1883,47,460,267,2343,California
Lake,2021-01-20,422,3224,81,1996,341,1228,0,0,357,2176,64,524,357,2700,California
Lake,2021-01-21,434,3658,48,2044,386,1614,0,0,398,2538,36,560,398,3098,California
Lake,2021-01-22,317,3975,47,2091,270,1884,0,0,281,2783,36,596,281,3379,California
Lake,2021-01-23,123,4098,6,2097,117,2001,0,0,122,2904,1,597,122,3501,California
Lake,2021-01-24,5,4103,2,2099,3,2004,0,0,5,2909,0,597,5,3506,California
Lake,2021-01-25,258,4361,95,2194,163,2167,0,0,176,3003,82,679,176,3682,California
Lake,2021-01-26,428,4789,34,2228,394,2561,0,0,404,3383,24,703,404,4086,California
Lake,2021-01-27,361,5150,41,2269,320,2881,0,0,333,3689,28,731,334,4420,California
Lake,2021-01-28,494,5644,159,2428,335,3216,0,0,365,3925,129,860,365,4785,California
Lake,2021-01-29,634,6278,84,2512,550,3766,0,0,573,4437,61,921,573,5358,California
Lake,2021-01-30,553,6831,40,2552,513,4279,0,0,547,4978,6,927,547,5905,California
Lake,2021-01-31,14,6845,8,2560,6,4285,0,0,12,4988,2,929,12,5917,California
Lake,2021-02-01,176,7021,14,2574,162,4447,0,0,162,5136,14,943,162,6079,California
Lake,2021-02-02,562,7583,150,2724,412,4859,0,0,396,5366,166,1109,396,6475,California
Lake,2021-02-03,443,8026,32,2756,411,5270,0,0,338,5599,105,1214,338,6813,California
Lake,2021-02-04,122,8148,70,2826,52,5322,0,0,72,5621,50,1264,72,6885,California
Lake,2021-02-05,380,8528,70,2896,310,5632,0,0,288,5819,90,1354,288,7173,California
Lake,2021-02-06,276,8804,39,2935,237,5869,0,0,265,6073,11,1365,265,7438,California
Lake,2021-02-07,2,8806,1,2936,1,5870,0,0,2,6075,0,1365,2,7440,California
Lake,2021-02-08,277,9083,206,3142,71,5941,0,0,159,6116,118,1483,159,7599,California
Lake,2021-02-09,345,9428,24,3166,321,6262,0,0,301,6374,43,1526,301,7900,California
Lake,2021-02-10,348,9776,51,3217,297,6559,0,0,270,6566,78,1604,270,8170,California
Lake,2021-02-11,175,9951,18,3235,157,6716,0,0,58,6507,117,1721,58,8228,California
Lake,2021-02-12,373,10324,28,3263,345,7061,0,0,286,6707,86,1807,286,8514,California
Lake,2021-02-13,250,10574,8,3271,242,7303,0,0,239,6935,11,1818,239,8753,California
Lake,2021-02-14,17,10591,4,3275,13,7316,0,0,5,6928,12,1830,5,8758,California
Lake,2021-02-15,169,10760,11,3286,158,7474,0,0,8,6776,160,1990,8,8766,California
Lake,2021-02-16,425,11185,22,3308,403,7877,0,0,178,6707,247,2237,178,8944,California
Lake,2021-02-17,348,11533,53,3361,295,8172,0,0,69,6498,278,2515,69,9013,California
Lake,2021-02-18,457,11990,71,3432,386,8558,0,0,114,6269,343,2858,114,9127,California
Lake,2021-02-19,425,12415,26,3458,399,8957,0,0,93,6030,332,3190,93,9220,California
Lake,2021-02-20,289,12704,56,3514,233,9190,0,0,250,6242,38,3228,250,9470,California
Lake,2021-02-21,6,12710,6,3520,0,9190,0,0,0,6236,6,3234,0,9470,California
Lake,2021-02-22,134,12844,17,3537,117,9307,0,0,40,6182,94,3328,40,9510,California
Lake,2021-02-23,216,13060,16,3553,200,9507,0,0,30,6026,186,3514,30,9540,California
Lake,2021-02-24,959,14019,379,3932,580,10087,0,0,419,5906,539,4053,419,9959,California
Lake,2021-02-25,733,14752,468,4400,265,10352,0,0,474,6124,256,4309,474,10433,California
Lake,2021-02-26,995,15747,303,4703,692,11044,0,0,350,5831,643,4952,350,10783,California
Lake,2021-02-27,409,16156,98,4801,311,11355,0,0,327,6076,82,5034,327,11110,California
Lake,2021-02-28,19,16175,10,4811,9,11364,0,0,12,6081,7,5041,12,11122,California
Lake,2021-03-01,595,16770,53,4864,542,11906,0,0,443,6372,152,5193,443,11565,California
Lake,2021-03-02,745,17515,17,4881,728,12634,0,0,289,6205,456,5649,289,11854,California
Lake,2021-03-03,367,17882,193,5074,174,12808,0,0,146,6130,221,5870,146,12000,California
Lake,2021-03-04,577,18459,506,5580,71,12879,0,0,560,6673,17,5887,560,12560,California
Lake,2021-03-05,1051,19510,52,5632,999,13878,0,0,186,5998,861,6748,186,12746,California
Lake,2021-03-06,35,19545,9,5641,25,13903,1,1,22,6008,13,6761,23,12769,California
Lake,2021-03-07,6,19551,4,5645,2,13905,0,1,4,6010,2,6763,4,12773,California
Lake,2021-03-08,340,19891,267,5912,64,13969,9,10,300,6279,40,6803,309,13082,California
Lake,2021-03-09,930,20821,43,5955,870,14839,17,27,407,6181,522,7325,424,13506,California
Lake,2021-03-10,204,21025,58,6013,133,14972,13,40,136,6263,68,7393,150,13656,California
Lake,2021-03-11,588,21613,49,6062,62,15034,477,517,47,6246,541,7934,524,14180,California
Lake,2021-03-12,854,22467,203,6265,625,15659,26,543,362,6143,491,8425,388,14568,California
Lake,2021-03-13,278,22745,20,6285,22,15681,236,779,17,6135,260,8685,252,14820,California
Lake,2021-03-14,11,22756,2,6287,9,15690,0,779,7,6138,4,8689,7,14827,California
Lake,2021-03-15,641,23397,11,6298,613,16303,17,796,481,6476,160,8849,498,15325,California
Lake,2021-03-16,1118,24515,838,7136,263,16566,17,813,444,6266,670,9519,460,15785,California
Lake,2021-03-17,244,24759,120,7256,102,16668,22,835,89,6222,155,9674,111,15896,California
Lake,2021-03-18,746,25505,375,7631,335,17003,36,871,370,6253,374,10048,405,16301,California
Lake,2021-03-19,583,26088,315,7946,248,17251,20,891,478,6647,104,10152,498,16799,California
Lake,2021-03-20,249,26337,8,7954,238,17489,3,894,31,6465,216,10368,34,16833,California
Lake,2021-03-21,16,26353,11,7965,4,17493,1,895,11,6472,5,10373,12,16845,California
Lake,2021-03-22,338,26691,256,8221,67,17560,15,910,250,6649,88,10461,265,17110,California
Lake,2021-03-23,435,27126,23,8244,399,17959,13,923,369,6966,65,10526,382,17492,California
Lake,2021-03-24,422,27548,60,8304,354,18313,8,931,327,7208,94,10620,336,17828,California
Lake,2021-03-25,672,28220,480,8784,186,18499,6,937,176,6893,496,11116,181,18009,California
Lake,2021-03-26,68,28288,32,8816,35,18534,1,938,31,6888,37,11153,32,18041,California
Lake,2021-03-27,307,28595,7,8823,297,18831,3,941,16,6618,289,11442,19,18060,California
Lake,2021-03-28,16,28611,7,8830,9,18840,0,941,8,6618,8,11450,8,18068,California
Lake,2021-03-29,989,29600,287,9117,700,19540,2,943,205,6043,782,12232,207,18275,California
Lake,2021-03-30,468,30068,318,9435,148,19688,2,945,369,6316,98,12330,371,18646,California
Lake,2021-03-31,617,30685,59,9494,558,20246,0,945,434,6576,174,12504,434,19080,California
Lake,2021-04-01,449,31134,235,9729,202,20448,12,957,189,6521,256,12760,201,19281,California
Lake,2021-04-02,220,31354,38,9767,154,20602,28,985,94,6517,126,12886,122,19403,California
Lake,2021-04-03,32,31386,5,9772,24,20626,3,988,12,6512,20,12906,15,19418,California
Lake,2021-04-04,19,31405,11,9783,7,20633,1,989,15,6524,4,12910,16,19434,California
Lake,2021-04-05,646,32051,71,9854,556,21189,19,1008,406,6711,237,13147,424,19858,California
Lake,2021-04-06,479,32530,18,9872,435,21624,26,1034,306,6871,172,13319,332,20190,California
Lake,2021-04-07,523,33053,57,9929,415,22039,51,1085,352,7105,169,13488,403,20593,California
Lake,2021-04-08,606,33659,494,10423,46,22085,66,1151,103,6774,500,13988,169,20762,California
Lake,2021-04-09,279,33938,38,10461,173,22258,68,1219,47,6659,229,14217,114,20876,California
Lake,2021-04-10,252,34190,13,10474,13,22271,226,1445,8,6649,244,14461,234,21110,California
Lake,2021-04-11,22,34212,17,10491,3,22274,2,1447,7,6643,15,14476,9,21119,California
Lake,2021-04-12,1070,35282,232,10723,805,23079,33,1480,239,6085,830,15306,272,21391,California
Lake,2021-04-13,180,35462,110,10833,70,23149,0,1480,52,6009,128,15434,52,21443,California
Lake,2021-04-14,610,36072,35,10868,575,23724,0,1480,547,6493,63,15497,547,21990,California
Lake,2021-04-15,635,36707,191,11059,444,24168,0,1480,328,6514,307,15804,328,22318,California
Lake,2021-04-16,266,36973,28,11087,237,24405,1,1481,73,6396,192,15996,74,22392,California
Lake,2021-04-17,43,37016,11,11098,32,24437,0,1481,32,6417,11,16007,32,22424,California
Lake,2021-04-18,7,37023,4,11102,3,24440,0,1481,0,6410,7,16014,0,22424,California
Lake,2021-04-19,299,37322,40,11142,259,24699,0,1481,248,6607,51,16065,248,22672,California
Lake,2021-04-20,698,38020,280,11422,418,25117,0,1481,92,6095,605,16670,93,22765,California
Lake,2021-04-21,531,38551,62,11484,469,25586,0,1481,197,5958,334,17004,197,22962,California
Lake,2021-04-22,466,39017,48,11532,418,26004,0,1481,320,6133,145,17149,320,23282,California
Lake,2021-04-23,113,39130,56,11588,57,26061,0,1481,67,6155,45,17194,67,23349,California
Lake,2021-04-24,54,39184,9,11597,45,26106,0,1481,40,6181,14,17208,40,23389,California
Lake,2021-04-25,36,39220,19,11616,17,26123,0,1481,24,6193,12,17220,24,23413,California
Lake,2021-04-26,288,39508,80,11696,207,26330,1,1482,84,6074,204,17424,85,23498,California
Lake,2021-04-27,245,39753,22,11718,205,26535,18,1500,81,6009,164,17588,99,23597,California
Lake,2021-04-28,510,40263,48,11766,447,26982,15,1515,89,5693,419,18007,103,23700,California
Lake,2021-04-29,212,40475,83,11849,113,27095,16,1531,112,5721,100,18107,128,23828,California
Lake,2021-04-30,286,40761,43,11892,212,27307,31,1562,148,5762,138,18245,179,24007,California
Lake,2021-05-01,49,40810,28,11920,19,27326,2,1564,35,5785,14,18259,37,24044,California
Lake,2021-05-02,18,40828,9,11929,8,27334,1,1565,9,5786,9,18268,10,24054,California
Lake,2021-05-03,415,41243,28,11957,352,27686,35,1600,65,5537,349,18617,100,24154,California
Lake,2021-05-04,403,41646,216,12173,139,27825,48,1648,123,5429,279,18896,171,24325,California
Lake,2021-05-05,629,42275,44,12217,573,28398,12,1660,86,4986,540,19436,97,24422,California
Lake,2021-05-06,142,42417,19,12236,94,28492,29,1689,73,5018,69,19505,101,24523,California
Lake,2021-05-07,165,42582,29,12265,116,28608,20,1709,103,5081,60,19565,123,24646,California
Lake,2021-05-08,42,42624,6,12271,36,28644,0,1709,35,5109,7,19572,35,24681,California
Lake,2021-05-09,17,42641,2,12273,10,28654,5,1714,10,5117,7,19579,15,24696,California
Lake,2021-05-10,245,42886,11,12284,207,28861,27,1741,58,5016,186,19765,85,24781,California
Lake,2021-05-11,193,43079,25,12309,151,29012,17,1758,115,5071,78,19843,133,24914,California
Lake,2021-05-12,541,43620,32,12341,489,29501,20,1778,54,4657,487,20330,73,24987,California
Lake,2021-05-13,300,43920,58,12399,229,29730,13,1791,66,4504,232,20562,79,25066,California
Lake,2021-05-14,263,44183,79,12478,165,29895,19,1810,161,4583,100,20662,179,25245,California
Lake,2021-05-15,45,44228,19,12497,23,29918,3,1813,28,4597,17,20679,31,25276,California
Lake,2021-05-16,31,44259,17,12514,13,29931,1,1814,16,4599,15,20694,17,25293,California
Lake,2021-05-17,314,44573,42,12556,257,30188,15,1829,84,4471,227,20921,99,25392,California
Lake,2021-05-18,301,44874,65,12621,217,30405,19,1848,174,4538,126,21047,193,25585,California
Lake,2021-05-19,311,45185,57,12678,239,30644,15,1863,88,4419,222,21269,103,25688,California
Lake,2021-05-20,227,45412,59,12737,157,30801,11,1874,89,4381,138,21407,100,25788,California
Lake,2021-05-21,257,45669,47,12784,187,30988,23,1897,101,4351,154,21561,124,25912,California
Lake,2021-05-22,83,45752,48,12832,32,31020,3,1900,40,4351,43,21604,43,25955,California
Lake,2021-05-23,49,45801,25,12857,23,31043,1,1901,26,4355,23,21627,27,25982,California
Lake,2021-05-24,155,45956,35,12892,106,31149,14,1915,72,4358,83,21710,86,26068,California
Lake,2021-05-25,204,46160,55,12947,137,31286,12,1927,75,4317,128,21838,87,26155,California
Lake,2021-05-26,149,46309,44,12991,94,31380,11,1938,54,4289,93,21931,65,26220,California
Lake,2021-05-27,159,46468,47,13038,99,31479,13,1951,61,4266,97,22028,74,26294,California
Lake,2021-05-28,221,46689,19,13057,164,31643,38,1989,49,4183,169,22197,86,26380,California
Lake,2021-05-29,37,46726,10,13067,21,31664,6,1995,14,4180,23,22220,20,26400,California
Lake,2021-05-30,22,46748,6,13073,14,31678,2,1997,12,4184,10,22230,14,26414,California
Lake,2021-05-31,63,46811,21,13094,40,31718,2,1999,54,4231,9,22239,56,26470,California
Lake,2021-06-01,196,47007,37,13131,150,31868,9,2008,69,4183,126,22365,78,26548,California
Lake,2021-06-02,132,47139,45,13176,75,31943,12,2020,54,4171,78,22443,66,26614,California
Lake,2021-06-03,170,47309,54,13230,97,32040,19,2039,85,4190,85,22528,104,26718,California
Lake,2021-06-04,135,47444,17,13247,108,32148,10,2049,37,4141,96,22624,47,26765,California
Lassen,2020-12-16,7,7,7,7,0,0,0,0,7,7,0,0,7,7,California
Lassen,2020-12-17,2,9,2,9,0,0,0,0,2,9,0,0,2,9,California
Lassen,2020-12-18,1,10,1,10,0,0,0,0,1,10,0,0,1,10,California
Lassen,2020-12-19,5,15,5,15,0,0,0,0,5,15,0,0,5,15,California
Lassen,2020-12-20,2,17,2,17,0,0,0,0,2,17,0,0,2,17,California
Lassen,2020-12-21,11,28,11,28,0,0,0,0,11,28,0,0,11,28,California
Lassen,2020-12-22,21,49,21,49,0,0,0,0,21,49,0,0,21,49,California
Lassen,2020-12-23,5,54,5,54,0,0,0,0,5,54,0,0,5,54,California
Lassen,2020-12-24,8,62,8,62,0,0,0,0,8,62,0,0,8,62,California
Lassen,2020-12-28,3,65,2,64,1,1,0,0,3,65,0,0,3,65,California
Lassen,2020-12-29,35,100,35,99,0,1,0,0,35,100,0,0,35,100,California
Lassen,2020-12-30,31,131,30,129,1,2,0,0,31,131,0,0,31,131,California
Lassen,2020-12-31,49,180,42,171,7,9,0,0,49,180,0,0,49,180,California
Lassen,2021-01-02,1,181,0,171,1,10,0,0,1,181,0,0,1,181,California
Lassen,2021-01-04,14,195,2,173,12,22,0,0,14,195,0,0,14,195,California
Lassen,2021-01-05,192,387,52,225,140,162,0,0,192,387,0,0,192,387,California
Lassen,2021-01-06,94,481,43,268,51,213,0,0,86,466,8,8,87,474,California
Lassen,2021-01-07,39,520,3,271,36,249,0,0,37,501,2,10,37,511,California
Lassen,2021-01-08,49,569,2,273,47,296,0,0,49,550,0,10,49,560,California
Lassen,2021-01-09,12,581,6,279,6,302,0,0,12,562,0,10,12,572,California
Lassen,2021-01-11,27,608,5,284,22,324,0,0,27,589,0,10,27,599,California
Lassen,2021-01-12,47,655,27,311,20,344,0,0,29,600,18,28,29,628,California
Lassen,2021-01-13,159,814,16,327,143,487,0,0,146,733,13,41,146,774,California
Lassen,2021-01-14,158,972,16,343,142,629,0,0,148,871,10,51,148,922,California
Lassen,2021-01-15,22,994,3,346,19,648,0,0,22,893,0,51,22,944,California
Lassen,2021-01-16,34,1028,33,379,1,649,0,0,34,927,0,51,34,978,California
Lassen,2021-01-17,1,1029,0,379,1,650,0,0,1,928,0,51,1,979,California
Lassen,2021-01-18,4,1033,2,381,2,652,0,0,3,930,1,52,3,982,California
Lassen,2021-01-19,183,1216,35,416,148,800,0,0,155,1057,28,80,155,1137,California
Lassen,2021-01-20,169,1385,94,510,75,875,0,0,91,1085,63,143,91,1228,California
Lassen,2021-01-21,139,1524,89,599,50,925,0,0,115,1182,18,161,115,1343,California
Lassen,2021-01-22,30,1554,17,616,13,938,0,0,20,1192,10,171,20,1363,California
Lassen,2021-01-23,2,1556,0,616,2,940,0,0,2,1194,0,171,2,1365,California
Lassen,2021-01-24,1,1557,0,616,1,941,0,0,1,1195,0,171,1,1366,California
Lassen,2021-01-25,12,1569,1,617,11,952,0,0,11,1205,1,172,11,1377,California
Lassen,2021-01-26,119,1688,6,623,113,1065,0,0,116,1318,3,175,116,1493,California
Lassen,2021-01-27,71,1759,23,646,48,1113,0,0,54,1355,17,192,54,1547,California
Lassen,2021-01-28,83,1842,14,660,69,1182,0,0,82,1436,1,193,82,1629,California
Lassen,2021-01-29,17,1859,4,664,13,1195,0,0,16,1451,1,194,16,1645,California
Lassen,2021-02-01,51,1910,2,666,49,1244,0,0,27,1454,24,218,27,1672,California
Lassen,2021-02-02,169,2079,8,674,161,1405,0,0,37,1359,132,350,37,1709,California
Lassen,2021-02-03,91,2170,18,692,73,1478,0,0,47,1362,44,394,47,1756,California
Lassen,2021-02-04,107,2277,13,705,94,1572,0,0,58,1371,49,443,58,1814,California
Lassen,2021-02-05,57,2334,8,713,49,1621,0,0,19,1352,38,481,19,1833,California
Lassen,2021-02-06,69,2403,34,747,35,1656,0,0,36,1356,32,513,36,1869,California
Lassen,2021-02-08,41,2444,4,751,37,1693,0,0,15,1345,26,539,15,1884,California
Lassen,2021-02-09,124,2568,5,756,119,1812,0,0,46,1313,78,617,46,1930,California
Lassen,2021-02-10,166,2734,17,773,149,1961,0,0,60,1267,106,723,60,1990,California
Lassen,2021-02-11,160,2894,11,784,149,2110,0,0,62,1232,97,820,62,2052,California
Lassen,2021-02-12,33,2927,10,794,23,2133,0,0,14,1227,19,839,14,2066,California
Lassen,2021-02-13,10,2937,2,796,8,2141,0,0,8,1233,2,841,8,2074,California
Lassen,2021-02-14,13,2950,0,796,13,2154,0,0,12,1244,1,842,12,2086,California
Lassen,2021-02-15,21,2971,2,798,19,2173,0,0,17,1258,3,845,17,2103,California
Lassen,2021-02-16,185,3156,3,801,182,2355,0,0,25,1125,158,1003,25,2128,California
Lassen,2021-02-17,157,3313,82,883,75,2430,0,0,7,982,150,1153,7,2135,California
Lassen,2021-02-18,72,3385,18,901,54,2484,0,0,17,944,55,1208,17,2152,California
Lassen,2021-02-19,72,3457,53,954,19,2503,0,0,13,898,59,1267,13,2165,California
Lassen,2021-02-20,8,3465,0,954,8,2511,0,0,6,902,2,1269,6,2171,California
Lassen,2021-02-21,22,3487,2,956,20,2531,0,0,18,916,4,1273,18,2189,California
Lassen,2021-02-22,23,3510,10,966,13,2544,0,0,5,903,18,1291,5,2194,California
Lassen,2021-02-23,151,3661,7,973,144,2688,0,0,43,838,108,1399,43,2237,California
Lassen,2021-02-24,148,3809,14,987,134,2822,0,0,94,879,53,1452,94,2331,California
Lassen,2021-02-25,144,3953,16,1003,128,2950,0,0,90,915,54,1506,90,2421,California
Lassen,2021-02-26,68,4021,16,1019,52,3002,0,0,34,915,34,1540,34,2455,California
Lassen,2021-02-27,8,4029,7,1026,1,3003,0,0,3,913,5,1545,3,2458,California
Lassen,2021-02-28,4,4033,0,1026,4,3007,0,0,2,913,2,1547,2,2460,California
Lassen,2021-03-01,32,4065,3,1029,29,3036,0,0,6,894,25,1572,6,2466,California
Lassen,2021-03-02,99,4164,6,1035,93,3129,0,0,78,952,20,1592,78,2544,California
Lassen,2021-03-03,144,4308,9,1044,135,3264,0,0,91,990,53,1645,91,2635,California
Lassen,2021-03-04,145,4453,16,1060,129,3393,0,0,95,1036,49,1694,95,2730,California
Lassen,2021-03-05,47,4500,7,1067,16,3409,24,24,11,1035,36,1730,35,2765,California
Lassen,2021-03-06,54,4554,3,1070,29,3438,22,46,5,1013,49,1779,27,2792,California
Lassen,2021-03-07,56,4610,1,1071,0,3438,55,101,1,1014,55,1834,56,2848,California
Lassen,2021-03-08,86,4696,2,1073,6,3444,78,179,3,1012,83,1917,81,2929,California
Lassen,2021-03-09,131,4827,7,1080,107,3551,17,196,84,1066,47,1964,101,3030,California
Lassen,2021-03-10,141,4968,8,1088,132,3683,1,197,75,1077,65,2029,76,3106,California
Lassen,2021-03-11,170,5138,10,1098,153,3836,7,204,100,1117,67,2096,107,3213,California
Lassen,2021-03-12,25,5163,11,1109,11,3847,3,207,10,1115,15,2111,13,3226,California
Lassen,2021-03-13,48,5211,0,1109,2,3849,46,253,1,1114,47,2158,46,3272,California
Lassen,2021-03-14,13,5224,1,1110,11,3860,1,254,1,1104,12,2170,2,3274,California
Lassen,2021-03-15,32,5256,3,1113,29,3889,0,254,14,1100,18,2188,14,3288,California
Lassen,2021-03-16,89,5345,2,1115,82,3971,5,259,72,1160,17,2205,77,3365,California
Lassen,2021-03-17,1085,6430,9,1124,1071,5042,5,264,1066,2212,19,2224,1071,4436,California
Lassen,2021-03-18,88,6518,8,1132,79,5121,1,265,77,2279,11,2235,78,4514,California
Lassen,2021-03-19,14,6532,9,1141,2,5123,3,268,5,2278,9,2244,8,4522,California
Lassen,2021-03-20,17,6549,3,1144,12,5135,2,270,11,2285,6,2250,13,4535,California
Lassen,2021-03-21,33,6582,0,1144,33,5168,0,270,13,2279,19,2269,13,4548,California
Lassen,2021-03-22,49,6631,1,1145,48,5216,0,270,46,2322,3,2272,46,4594,California
Lassen,2021-03-23,116,6747,9,1154,106,5322,1,271,63,2333,53,2325,64,4658,California
Lassen,2021-03-24,188,6935,8,1162,179,5501,1,272,98,2344,88,2413,99,4757,California
Lassen,2021-03-25,147,7082,18,1180,129,5630,0,272,67,2331,80,2493,67,4824,California
Lassen,2021-03-26,73,7155,9,1189,26,5656,38,310,15,2326,57,2550,52,4876,California
Lassen,2021-03-27,19,7174,3,1192,1,5657,15,325,2,2326,17,2567,17,4893,California
Lassen,2021-03-28,13,7187,2,1194,2,5659,9,334,1,2324,12,2579,10,4903,California
Lassen,2021-03-29,51,7238,0,1194,26,5685,25,359,20,2339,30,2609,45,4948,California
Lassen,2021-03-30,178,7416,6,1200,147,5832,25,384,51,2288,127,2736,76,5024,California
Lassen,2021-03-31,143,7559,10,1210,111,5943,22,406,59,2286,83,2819,81,5105,California
Lassen,2021-04-01,153,7712,9,1219,124,6067,20,426,44,2242,108,2927,64,5169,California
Lassen,2021-04-02,27,7739,3,1222,2,6069,22,448,1,2239,26,2953,23,5192,California
Lassen,2021-04-03,12,7751,0,1222,2,6071,10,458,0,2237,12,2965,10,5202,California
Lassen,2021-04-04,6,7757,1,1223,0,6071,5,463,1,2238,5,2970,6,5208,California
Lassen,2021-04-05,21,7778,3,1226,11,6082,7,470,10,2244,11,2981,17,5225,California
Lassen,2021-04-06,175,7953,8,1234,137,6219,30,500,51,2201,124,3105,81,5306,California
Lassen,2021-04-07,126,8079,5,1239,87,6306,34,534,32,2175,94,3199,68,5374,California
Lassen,2021-04-08,157,8236,8,1247,97,6403,52,586,28,2130,125,3324,80,5454,California
Lassen,2021-04-09,49,8285,6,1253,9,6412,34,620,8,2131,40,3364,41,5495,California
Lassen,2021-04-10,9,8294,0,1253,2,6414,7,627,0,2130,8,3372,7,5502,California
Lassen,2021-04-11,5,8299,2,1255,0,6414,3,630,2,2132,3,3375,5,5507,California
Lassen,2021-04-12,30,8329,4,1259,13,6427,13,643,4,2123,26,3401,17,5524,California
Lassen,2021-04-13,122,8451,5,1264,117,6544,0,643,33,2068,88,3489,33,5557,California
Lassen,2021-04-14,983,9434,11,1275,972,7516,0,643,48,1182,934,4423,48,5605,California
Lassen,2021-04-15,137,9571,12,1287,125,7641,0,643,14,1073,123,4546,14,5619,California
Lassen,2021-04-16,10,9581,2,1289,8,7649,0,643,6,1075,4,4550,6,5625,California
Lassen,2021-04-17,11,9592,2,1291,9,7658,0,643,3,1070,8,4558,3,5628,California
Lassen,2021-04-18,4,9596,1,1292,3,7661,0,643,1,1068,3,4561,1,5629,California
Lassen,2021-04-19,30,9626,0,1292,30,7691,0,643,14,1066,16,4577,14,5643,California
Lassen,2021-04-20,132,9758,6,1298,126,7817,0,643,48,1030,84,4661,48,5691,California
Lassen,2021-04-21,153,9911,7,1305,146,7963,0,643,32,943,119,4780,32,5723,California
Lassen,2021-04-22,98,10009,14,1319,84,8047,0,643,31,907,67,4847,31,5754,California
Lassen,2021-04-23,22,10031,0,1319,22,8069,0,643,18,921,4,4851,18,5772,California
Lassen,2021-04-24,9,10040,5,1324,4,8073,0,643,3,918,6,4857,3,5775,California
Lassen,2021-04-25,5,10045,0,1324,4,8077,1,644,3,920,2,4859,4,5779,California
Lassen,2021-04-26,40,10085,1,1325,35,8112,4,648,8,900,32,4891,12,5791,California
Lassen,2021-04-27,115,10200,7,1332,105,8217,3,651,61,910,54,4945,64,5855,California
Lassen,2021-04-28,82,10282,6,1338,74,8291,2,653,30,890,52,4997,32,5887,California
Lassen,2021-04-29,61,10343,6,1344,52,8343,3,656,21,875,39,5036,24,5911,California
Lassen,2021-04-30,12,10355,7,1351,2,8345,3,659,3,872,9,5045,6,5917,California
Lassen,2021-05-01,4,10359,0,1351,3,8348,1,660,3,875,1,5046,4,5921,California
Lassen,2021-05-02,10,10369,6,1357,4,8352,0,660,6,877,4,5050,6,5927,California
Lassen,2021-05-03,19,10388,2,1359,10,8362,7,667,3,871,16,5066,10,5937,California
Lassen,2021-05-04,69,10457,4,1363,58,8420,7,674,19,847,50,5116,26,5963,California
Lassen,2021-05-05,80,10537,4,1367,66,8486,10,684,26,830,53,5169,36,5999,California
Lassen,2021-05-06,73,10610,20,1387,32,8518,21,705,19,816,54,5223,40,6039,California
Lassen,2021-05-07,49,10659,33,1420,11,8529,5,710,41,854,8,5231,46,6085,California
Lassen,2021-05-08,11,10670,0,1420,5,8534,6,716,4,857,7,5238,10,6095,California
Lassen,2021-05-09,2,10672,0,1420,0,8534,2,718,0,857,2,5240,2,6097,California
Lassen,2021-05-10,11,10683,1,1421,7,8541,3,721,5,859,6,5246,8,6105,California
Lassen,2021-05-11,60,10743,0,1421,52,8593,8,729,18,843,42,5288,26,6131,California
Lassen,2021-05-12,40,10783,4,1425,31,8624,5,734,12,832,28,5316,17,6148,California
Lassen,2021-05-13,29,10812,9,1434,15,8639,5,739,9,826,20,5336,14,6162,California
Lassen,2021-05-14,22,10834,4,1438,10,8649,8,747,12,836,10,5346,20,6182,California
Lassen,2021-05-15,16,10850,2,1440,4,8653,10,757,4,838,12,5358,14,6196,California
Lassen,2021-05-16,7,10857,2,1442,3,8656,2,759,2,838,4,5362,4,6200,California
Lassen,2021-05-17,35,10892,4,1446,19,8675,12,771,11,837,24,5386,23,6223,California
Lassen,2021-05-18,89,10981,10,1456,67,8742,12,783,27,814,62,5448,39,6262,California
Lassen,2021-05-19,58,11039,3,1459,44,8786,11,794,8,783,49,5497,18,6280,California
Lassen,2021-05-20,33,11072,8,1467,16,8802,9,803,12,783,21,5518,21,6301,California
Lassen,2021-05-21,62,11134,28,1495,20,8822,14,817,33,801,29,5547,47,6348,California
Lassen,2021-05-22,17,11151,2,1497,7,8829,8,825,7,806,10,5557,15,6363,California
Lassen,2021-05-23,5,11156,3,1500,1,8830,1,826,0,802,5,5562,1,6364,California
Lassen,2021-05-24,12,11168,1,1501,9,8839,2,828,6,805,5,5567,8,6372,California
Lassen,2021-05-25,93,11261,6,1507,78,8917,9,837,32,785,61,5628,41,6413,California
Lassen,2021-05-26,59,11320,0,1507,43,8960,16,853,11,764,48,5676,27,6440,California
Lassen,2021-05-27,41,11361,17,1524,18,8978,6,859,12,754,28,5704,18,6458,California
Lassen,2021-05-28,71,11432,45,1569,18,8996,8,867,29,749,42,5746,37,6495,California
Lassen,2021-05-29,15,11447,1,1570,12,9008,2,869,9,754,6,5752,11,6506,California
Lassen,2021-05-30,2,11449,0,1570,1,9009,1,870,1,755,1,5753,2,6508,California
Lassen,2021-05-31,7,11456,0,1570,6,9015,1,871,1,751,6,5759,2,6510,California
Lassen,2021-06-01,43,11499,1,1571,36,9051,6,877,16,746,27,5786,22,6532,California
Lassen,2021-06-02,54,11553,2,1573,37,9088,15,892,13,734,40,5826,28,6560,California
Lassen,2021-06-03,20,11573,3,1576,8,9096,9,901,7,737,13,5839,16,6576,California
Lassen,2021-06-04,14,11587,2,1578,9,9105,3,904,5,736,9,5848,8,6584,California
Los Angeles,2020-12-15,396,396,396,396,0,0,0,0,396,396,0,0,396,396,California
Los Angeles,2020-12-16,3581,3977,3581,3977,0,0,0,0,3581,3977,0,0,3581,3977,California
Los Angeles,2020-12-17,10307,14284,10307,14284,0,0,0,0,10308,14285,0,0,10308,14285,California
Los Angeles,2020-12-18,14562,28846,14539,28823,23,23,0,0,14562,28847,0,0,14562,28847,California
Los Angeles,2020-12-19,7236,36082,7227,36050,9,32,0,0,7238,36085,0,0,7238,36085,California
Los Angeles,2020-12-20,4611,40693,4603,40653,8,40,0,0,4613,40698,0,0,4613,40698,California
Los Angeles,2020-12-21,13732,54425,13715,54368,17,57,0,0,13732,54429,1,1,13732,54430,California
Los Angeles,2020-12-22,11556,65981,11163,65531,393,450,0,0,11556,65983,2,3,11556,65986,California
Los Angeles,2020-12-23,11978,77959,10208,75739,1770,2220,0,0,11978,77961,0,3,11978,77964,California
Los Angeles,2020-12-24,7041,85000,4267,80006,2774,4994,0,0,7044,85005,0,3,7044,85008,California
Los Angeles,2020-12-25,529,85529,422,80428,107,5101,0,0,529,85534,0,3,529,85537,California
Los Angeles,2020-12-26,2534,88063,2188,82616,346,5447,0,0,2533,88065,2,5,2533,88070,California
Los Angeles,2020-12-27,1771,89834,1035,83651,736,6183,0,0,1771,89836,0,5,1771,89841,California
Los Angeles,2020-12-28,10328,100162,6399,90050,3929,10112,0,0,10325,100160,1,6,10325,100166,California
Los Angeles,2020-12-29,11625,111787,6090,96140,5535,15647,0,0,11626,111786,0,6,11626,111792,California
Los Angeles,2020-12-30,14895,126682,8103,104243,6792,22439,0,0,14894,126680,0,6,14894,126686,California
Los Angeles,2020-12-31,7966,134648,2763,107006,5203,27642,0,0,7963,134641,2,8,7963,134649,California
Los Angeles,2021-01-01,1051,135699,299,107305,752,28394,0,0,1051,135692,0,8,1051,135700,California
Los Angeles,2021-01-02,4502,140201,1681,108986,2821,31215,0,0,4502,140194,0,8,4502,140202,California
Los Angeles,2021-01-03,956,141157,220,109206,736,31951,0,0,955,141148,1,9,955,141157,California
Los Angeles,2021-01-04,12723,153880,4893,114099,7830,39781,0,0,12709,153855,2,11,12709,153866,California
Los Angeles,2021-01-05,16094,169974,7110,121209,8984,48765,0,0,14180,166155,1885,1896,14185,168051,California
Los Angeles,2021-01-06,22749,192723,12118,133327,10631,59396,0,0,17098,177681,5582,7478,17108,185159,California
Los Angeles,2021-01-07,29435,222158,15836,149163,13599,72995,0,0,18863,186036,10524,18002,18879,204038,California
Los Angeles,2021-01-08,33201,255359,17945,167108,15256,88251,0,0,20923,194717,12252,30254,20933,224971,California
Los Angeles,2021-01-09,12409,267768,7103,174211,5306,93557,0,0,7523,197364,4883,35137,7530,232501,California
Los Angeles,2021-01-10,4703,272471,3647,177858,1056,94613,0,0,1966,196594,2737,37874,1967,234468,California
Los Angeles,2021-01-11,25887,298358,16290,194148,9597,104210,0,0,14919,200566,10957,48831,14929,249397,California
Los Angeles,2021-01-12,29399,327757,16221,210369,13178,117388,0,0,19244,209685,10138,58969,19257,268654,California
Los Angeles,2021-01-13,29350,357107,15660,226029,13690,131078,0,0,20368,221093,8965,67934,20373,289027,California
Los Angeles,2021-01-14,29320,386427,12707,238736,16613,147691,0,0,23778,239361,5522,73456,23790,312817,California
Los Angeles,2021-01-15,33868,420295,12355,251091,21513,169204,0,0,30281,266091,3560,77016,30290,343107,California
Los Angeles,2021-01-16,17628,437923,4971,256062,12657,181861,0,0,15838,280153,1782,78798,15844,358951,California
Los Angeles,2021-01-17,5203,443126,2314,258376,2889,184750,0,0,4957,284867,245,79043,4959,363910,California
Los Angeles,2021-01-18,15664,458790,10116,268492,5548,190298,0,0,10924,291066,4728,83771,10927,374837,California
Los Angeles,2021-01-19,38698,497488,20643,289135,18055,208353,0,0,30876,314174,7781,91552,30889,405726,California
Los Angeles,2021-01-20,46388,543876,24188,313323,22200,230553,0,0,38897,345621,7460,99012,38907,444633,California
Los Angeles,2021-01-21,48909,592785,22404,335727,26505,257058,0,0,44611,386016,4232,103244,44627,489260,California
Los Angeles,2021-01-22,48293,641078,22368,358095,25925,282983,0,0,44853,427488,3393,106637,44865,534125,California
Los Angeles,2021-01-23,34206,675284,15756,373851,18450,301433,0,0,32135,457599,2038,108675,32149,566274,California
Los Angeles,2021-01-24,15753,691037,12226,386077,3527,304960,0,0,15203,472263,542,109217,15206,581480,California
Los Angeles,2021-01-25,39536,730573,16697,402774,22839,327799,0,0,30884,494542,8622,117839,30901,612381,California
Los Angeles,2021-01-26,49770,780343,24697,427471,25073,352872,0,0,41532,527891,8203,126042,41552,653933,California
Los Angeles,2021-01-27,51227,831570,26074,453545,25153,378025,0,0,41805,560440,9281,135323,41830,695763,California
Los Angeles,2021-01-28,49148,880718,23567,477112,25581,403606,0,0,40690,592810,8335,143658,40705,736468,California
Los Angeles,2021-01-29,49864,930582,25761,502873,24103,427709,0,0,39745,622807,9765,153423,39762,776230,California
Los Angeles,2021-01-30,30486,961068,15759,518632,14727,442436,0,0,26173,644753,4232,157655,26178,802408,California
Los Angeles,2021-01-31,13159,974227,10495,529127,2664,445100,0,0,12338,656288,807,158462,12342,814750,California
Los Angeles,2021-02-01,38843,1013070,16649,545776,22194,467294,0,0,28274,674041,10532,168994,28285,843035,California
Los Angeles,2021-02-02,44779,1057849,18064,563840,26715,494009,0,0,32568,694446,12169,181163,32574,875609,California
Los Angeles,2021-02-03,52338,1110187,19677,583517,32661,526670,0,0,37427,717211,14668,195831,37433,913042,California
Los Angeles,2021-02-04,57349,1167536,20803,604320,36546,563216,0,0,39260,738705,17780,213611,39274,952316,California
Los Angeles,2021-02-05,61548,1229084,21259,625579,40289,603505,0,0,39558,756707,21567,235178,39569,991885,California
Los Angeles,2021-02-06,35827,1264911,13567,639146,22260,625765,0,0,27356,775691,8394,243572,27378,1019263,California
Los Angeles,2021-02-07,11063,1275974,8625,647771,2438,628203,0,0,8668,781987,2379,245951,8675,1027938,California
Los Angeles,2021-02-08,47327,1323301,22059,669830,25268,653471,0,0,31073,796943,16119,262070,31075,1059013,California
Los Angeles,2021-02-09,56113,1379414,24852,694682,31261,684732,0,0,28592,798104,27439,289509,28600,1087613,California
Los Angeles,2021-02-10,67114,1446528,29476,724158,37638,722370,0,0,30781,792946,35949,325458,30791,1118404,California
Los Angeles,2021-02-11,58501,1505029,31302,755460,27199,749569,0,0,28299,791497,29752,355210,28303,1146707,California
Los Angeles,2021-02-12,60019,1565048,29947,785407,30072,779641,0,0,26264,784396,33383,388593,26282,1172989,California
Los Angeles,2021-02-13,33927,1598975,19775,805182,14152,793793,0,0,15484,781564,18354,406947,15522,1188511,California
Los Angeles,2021-02-14,21830,1620805,14900,820082,6930,800723,0,0,8776,777352,12991,419938,8779,1197290,California
Los Angeles,2021-02-15,32999,1653804,16057,836139,16942,817665,0,0,18096,780617,14837,434775,18102,1215392,California
Los Angeles,2021-02-16,64513,1718317,32867,869006,31646,849311,0,0,29942,776101,34471,469246,29955,1245347,California
Los Angeles,2021-02-17,65205,1783522,34825,903831,30380,879691,0,0,26548,764193,38462,507708,26554,1271901,California
Los Angeles,2021-02-18,68920,1852442,35098,938929,33822,913513,0,0,28701,752871,40033,547741,28711,1300612,California
Los Angeles,2021-02-19,58672,1911114,36282,975211,22390,935903,0,0,28677,751674,29891,577632,28694,1329306,California
Los Angeles,2021-02-20,33167,1944281,24189,999400,8978,944881,0,0,15908,750380,17211,594843,15917,1345223,California
Los Angeles,2021-02-21,22437,1966718,20765,1020165,1672,946553,0,0,11110,750222,11271,606114,11113,1356336,California
Los Angeles,2021-02-22,34776,2001494,25359,1045524,9417,955970,0,0,17905,751348,16791,622905,17917,1374253,California
Los Angeles,2021-02-23,55138,2056632,23864,1069388,31274,987244,0,0,21634,739610,33383,656288,21645,1395898,California
Los Angeles,2021-02-24,65229,2121861,29080,1098468,36149,1023393,0,0,28124,730825,36927,693215,28142,1424040,California
Los Angeles,2021-02-25,74389,2196250,34101,1132569,40288,1063681,0,0,38306,733227,35917,729132,38319,1462359,California
Los Angeles,2021-02-26,83971,2280221,38926,1171495,45045,1108726,0,0,47069,743654,36671,765803,47098,1509457,California
Los Angeles,2021-02-27,60498,2340719,26679,1198174,33813,1142539,6,6,30859,745070,29472,795275,30888,1540345,California
Los Angeles,2021-02-28,27080,2367799,18710,1216884,8367,1150906,3,9,18932,755971,8040,803315,18941,1559286,California
Los Angeles,2021-03-01,57301,2425100,32660,1249544,24612,1175518,29,38,34297,767495,22820,826135,34344,1593630,California
Los Angeles,2021-03-02,77851,2502951,37866,1287410,39976,1215494,9,47,49016,787842,28690,854825,49037,1642667,California
Los Angeles,2021-03-03,84913,2587864,43362,1330772,41536,1257030,15,62,53656,810458,31078,885903,53694,1696361,California
Los Angeles,2021-03-04,90858,2678722,46715,1377487,44129,1301159,14,76,57322,834463,33350,919253,57355,1753716,California
Los Angeles,2021-03-05,90090,2768812,44498,1421985,45561,1346720,31,107,60338,865315,29553,948806,60405,1814121,California
Los Angeles,2021-03-06,67406,2836218,34354,1456339,31222,1377942,1830,1937,43462,886810,23799,972605,45294,1859415,California
Los Angeles,2021-03-07,27281,2863499,20789,1477128,5661,1383603,831,2768,21107,902597,6144,978749,21931,1881346,California
Los Angeles,2021-03-08,52819,2916318,27913,1505041,22936,1406539,1970,4738,39905,931660,12809,991558,41872,1923218,California
Los Angeles,2021-03-09,81489,2997807,38720,1543761,39482,1446021,3287,8025,51894,957386,29443,1021001,55169,1978387,California
Los Angeles,2021-03-10,83149,3080956,40927,1584688,37337,1483358,4885,12910,52616,984484,30362,1051363,57460,2035847,California
Los Angeles,2021-03-11,92847,3173803,45351,1630039,40803,1524161,6693,19603,54360,1007196,38294,1089657,61006,2096853,California
Los Angeles,2021-03-12,98981,3272784,44570,1674609,40494,1564655,13917,33520,57658,1037595,41118,1130775,71517,2168370,California
Los Angeles,2021-03-13,75761,3348545,35819,1710428,27968,1592623,11974,45494,45265,1064401,30379,1161154,57185,2225555,California
Los Angeles,2021-03-14,39112,3387657,26294,1736722,10269,1602892,2549,48043,24010,1075903,15034,1176188,26536,2252091,California
Los Angeles,2021-03-15,74981,3462638,36568,1773290,32960,1635852,5453,53496,45411,1097358,29381,1205569,50836,2302927,California
Los Angeles,2021-03-16,99966,3562604,43721,1817011,50356,1686208,5889,59385,64730,1132889,35043,1240612,70574,2373501,California
Los Angeles,2021-03-17,97260,3659864,44078,1861089,44861,1731069,8321,67706,65062,1174143,31993,1272605,73247,2446748,California
Los Angeles,2021-03-18,101927,3761791,48738,1909827,47856,1778925,5333,73039,64685,1207193,36950,1309555,70000,2516748,California
Los Angeles,2021-03-19,109234,3871025,56972,1966799,47483,1826408,4779,77818,67322,1237604,41640,1351195,72051,2588799,California
Los Angeles,2021-03-20,76394,3947419,37748,2004547,34062,1860470,4584,82402,51849,1269658,24361,1375556,56415,2645214,California
Los Angeles,2021-03-21,34640,3982059,25756,2030303,7983,1868453,901,83303,22226,1280488,12295,1387851,23125,2668339,California
Los Angeles,2021-03-22,70876,4052935,41618,2071921,27089,1895542,2169,85472,49725,1311489,20889,1408740,51890,2720229,California
Los Angeles,2021-03-23,96430,4149365,52137,2124058,41047,1936589,3246,88718,58368,1335297,37791,1446531,61599,2781828,California
Los Angeles,2021-03-24,105035,4254400,55714,2179772,46154,1982743,3167,91885,60815,1355369,43895,1490426,63967,2845795,California
Los Angeles,2021-03-25,110690,4365090,59274,2239046,47511,2030254,3905,95790,62188,1373241,48201,1538627,66073,2911868,California
Los Angeles,2021-03-26,115331,4480421,63221,2302267,47930,2078184,4180,99970,63601,1389551,51443,1590070,67753,2979621,California
Los Angeles,2021-03-27,83629,4564050,44016,2346283,37478,2115662,2135,102105,42705,1393724,40662,1630732,44835,3024456,California
Los Angeles,2021-03-28,42210,4606260,28628,2374911,12997,2128659,585,102690,20066,1392363,22010,1652742,20649,3045105,California
Los Angeles,2021-03-29,83052,4689312,46702,2421613,34577,2163236,1773,104463,46104,1403495,36736,1689478,47868,3092973,California
Los Angeles,2021-03-30,108965,4798277,51935,2473548,51087,2214323,5943,110406,56936,1414548,51789,1741267,62842,3155815,California
Los Angeles,2021-03-31,122700,4920977,62003,2535551,51866,2266189,8831,119237,68615,1438167,53773,1795040,77392,3233207,California
Los Angeles,2021-04-01,133402,5054379,62343,2597894,55627,2321816,15432,134669,71936,1464329,61128,1856168,87290,3320497,California
Los Angeles,2021-04-02,132350,5186729,58941,2656835,57844,2379660,15565,150234,70406,1488653,61600,1917768,85924,3406421,California
Los Angeles,2021-04-03,98662,5285391,45176,2702011,39836,2419496,13650,163884,48507,1500780,49964,1967732,62091,3468512,California
Los Angeles,2021-04-04,39224,5324615,20527,2722538,12061,2431557,6636,170520,16371,1500977,22769,1990501,22966,3491478,California
Los Angeles,2021-04-05,93961,5418576,44455,2766993,39219,2470776,10287,180807,44560,1506561,49194,2039695,54778,3546256,California
Los Angeles,2021-04-06,121161,5539737,56985,2823978,43841,2514617,20335,201142,55518,1516908,65382,2105077,75729,3621985,California
Los Angeles,2021-04-07,120327,5660064,54491,2878469,44632,2559249,21204,222346,54378,1526685,65685,2170762,75462,3697447,California
Los Angeles,2021-04-08,133039,5793103,58390,2936859,50507,2609756,24142,246488,60107,1538157,72617,2243379,84089,3781536,California
Los Angeles,2021-04-09,131655,5924758,56850,2993709,50805,2660561,24000,270488,56401,1543458,74947,2318326,80248,3861784,California
Los Angeles,2021-04-10,101633,6026391,42944,3036653,34578,2695139,24111,294599,37180,1540413,64206,2382532,61161,3922945,California
Los Angeles,2021-04-11,41839,6068230,22606,3059259,9732,2704871,9501,304100,14270,1536643,27488,2410020,23718,3946663,California
Los Angeles,2021-04-12,79006,6147236,38540,3097799,34078,2738949,6388,310488,32301,1528797,46494,2456514,38648,3985311,California
Los Angeles,2021-04-13,117540,6264776,59044,3156843,58067,2797016,429,310917,61989,1535928,55305,2511819,62436,4047747,California
Los Angeles,2021-04-14,119025,6383801,59331,3216174,59563,2856579,131,311048,64518,1546353,54234,2566053,64659,4112406,California
Los Angeles,2021-04-15,129929,6513730,70076,3286250,59681,2916260,172,311220,74387,1565525,55259,2621312,74431,4186837,California
Los Angeles,2021-04-16,130192,6643922,68603,3354853,61447,2977707,142,311362,68510,1572712,61397,2682709,68584,4255421,California
Los Angeles,2021-04-17,98246,6742168,51410,3406263,46811,3024518,25,311387,56026,1586762,42000,2724709,56050,4311471,California
Los Angeles,2021-04-18,34114,6776282,22606,3428869,11507,3036025,1,311388,18658,1590048,15378,2740087,18664,4330135,California
Los Angeles,2021-04-19,74947,6851229,39708,3468577,35226,3071251,13,311401,33279,1581875,41474,2781561,33301,4363436,California
Los Angeles,2021-04-20,102988,6954217,50096,3518673,52869,3124120,23,311424,51160,1581476,51584,2833145,51185,4414621,California
Los Angeles,2021-04-21,109568,7063785,52403,3571076,56976,3181096,189,311613,48280,1568984,60960,2894105,48468,4463089,California
Los Angeles,2021-04-22,116353,7180138,59620,3630696,56700,3237796,33,311646,51300,1555582,64739,2958844,51337,4514426,California
Los Angeles,2021-04-23,114418,7294556,62451,3693147,51946,3289742,21,311667,54260,1550002,59859,3018703,54279,4568705,California
Los Angeles,2021-04-24,90181,7384737,57383,3750530,32762,3322504,36,311703,50430,1560957,39521,3058224,50476,4619181,California
Los Angeles,2021-04-25,37785,7422522,25024,3775554,12755,3335259,6,311709,20355,1563994,17323,3075547,20360,4639541,California
Los Angeles,2021-04-26,71156,7493678,37151,3812705,33507,3368766,498,312207,35357,1564247,35595,3111142,35848,4675389,California
Los Angeles,2021-04-27,88967,7582645,42643,3855348,44519,3413285,1805,314012,33945,1545238,54747,3165889,35738,4711127,California
Los Angeles,2021-04-28,84903,7667548,40769,3896117,42091,3455376,2043,316055,33107,1528898,51479,3217368,35139,4746266,California
Los Angeles,2021-04-29,91434,7758982,45205,3941322,44077,3499453,2152,318207,32400,1504781,58661,3276029,34544,4780810,California
Los Angeles,2021-04-30,99226,7858208,48965,3990287,47849,3547302,2412,320619,35799,1479966,63008,3339037,38193,4819003,California
Los Angeles,2021-05-01,75252,7933460,42097,4032384,31653,3578955,1502,322121,28333,1463171,46624,3385661,29829,4848832,California
Los Angeles,2021-05-02,27963,7961423,17947,4050331,9282,3588237,734,322855,10123,1456297,17727,3403388,10853,4859685,California
Los Angeles,2021-05-03,60715,8022138,29693,4080024,28860,3617097,2162,325017,21502,1440983,38964,3442352,23650,4883335,California
Los Angeles,2021-05-04,85596,8107734,47106,4127130,36249,3653346,2241,327258,26335,1410584,58957,3501309,28558,4911893,California
Los Angeles,2021-05-05,88518,8196252,51370,4178500,34812,3688158,2336,329594,24309,1373332,63885,3565194,26633,4938526,California
Los Angeles,2021-05-06,96130,8292382,57682,4236182,35951,3724109,2497,332091,22986,1326029,72769,3637963,25466,4963992,California
Los Angeles,2021-05-07,95521,8387903,56811,4292993,36377,3760486,2333,334424,26111,1285374,69072,3707035,28417,4992409,California
Los Angeles,2021-05-08,63669,8451572,42056,4335049,20001,3780487,1612,336036,17343,1258296,46022,3753057,18944,5011353,California
Los Angeles,2021-05-09,23706,8475278,18033,4353082,4934,3785421,739,336775,6046,1247512,17563,3770620,6779,5018132,California
Los Angeles,2021-05-10,48443,8523721,25472,4378554,21125,3806546,1846,338621,14577,1230274,33652,3804272,16414,5034546,California
Los Angeles,2021-05-11,66852,8590573,35753,4414307,29095,3835641,2004,340625,17077,1199803,49530,3853802,19059,5053605,California
Los Angeles,2021-05-12,66927,8657500,35983,4450290,28822,3864463,2122,342747,18787,1172841,47855,3901657,20893,5074498,California
Los Angeles,2021-05-13,69712,8727212,41951,4492241,26128,3890591,1633,344380,24474,1154049,44883,3946540,26091,5100589,California
Los Angeles,2021-05-14,86776,8813988,55022,4547263,29938,3920529,1816,346196,32733,1134867,53725,4000265,34543,5135132,California
Los Angeles,2021-05-15,73653,8887641,52102,4599365,20073,3940602,1478,347674,28333,1119609,45060,4045325,29802,5164934,California
Los Angeles,2021-05-16,30425,8918066,24051,4623416,5770,3946372,604,348278,12010,1113899,18321,4063646,12611,5177545,California
Los Angeles,2021-05-17,61155,8979221,39858,4663274,19567,3965939,1730,350008,26308,1107295,34626,4098272,28022,5205567,California
Los Angeles,2021-05-18,63816,9043037,38075,4701349,23957,3989896,1784,351792,26609,1098714,36951,4135223,28370,5233937,California
Los Angeles,2021-05-19,66842,9109879,40290,4741639,24730,4014626,1822,353614,29413,1092763,37172,4172395,31221,5265158,California
Los Angeles,2021-05-20,52986,9162865,29797,4771436,21350,4035976,1839,355453,20821,1083551,31869,4204264,22657,5287815,California
Los Angeles,2021-05-21,55736,9218601,34516,4805952,19397,4055373,1823,357276,23119,1076151,32337,4236601,24937,5312752,California
Los Angeles,2021-05-22,44487,9263088,30054,4836006,12958,4068331,1475,358751,19068,1071433,25250,4261851,20532,5333284,California
Los Angeles,2021-05-23,14529,9277617,11330,4847336,2529,4070860,670,359421,7470,1072579,6990,4268841,8136,5341420,California
Los Angeles,2021-05-24,47849,9325466,26323,4873659,19694,4090554,1832,361253,18971,1064706,28667,4297508,20794,5362214,California
Los Angeles,2021-05-25,49292,9374758,28575,4902234,18965,4109519,1752,363005,19761,1056912,29299,4326807,21505,5383719,California
Los Angeles,2021-05-26,46411,9421169,26224,4928458,18384,4127903,1803,364808,19921,1052440,26078,4352885,21606,5405325,California
Los Angeles,2021-05-27,44859,9466028,25032,4953490,17969,4145872,1858,366666,18929,1047475,25706,4378591,20741,5426066,California
Los Angeles,2021-05-28,51358,9517386,29147,4982637,20366,4166238,1845,368511,23090,1044400,27996,4406587,24921,5450987,California
Los Angeles,2021-05-29,30119,9547505,17426,5000063,11668,4177906,1025,369536,14242,1043958,15698,4422285,15256,5466243,California
Los Angeles,2021-05-30,12437,9559942,8176,5008239,3536,4181442,725,370261,5944,1044177,6444,4428729,6663,5472906,California
Los Angeles,2021-05-31,5990,9565932,3712,5011951,1974,4183416,304,370565,1733,1042006,4206,4432935,2035,5474941,California
Los Angeles,2021-06-01,45542,9611474,25553,5037504,18447,4201863,1542,372107,18014,1034335,27205,4460140,19534,5494475,California
Los Angeles,2021-06-02,37537,9649011,21820,5059324,14282,4216145,1435,373542,15903,1030295,21355,4481495,17315,5511790,California
Los Angeles,2021-06-03,41248,9690259,27485,5086809,12296,4228441,1467,375009,16353,1023458,24643,4506138,17806,5529596,California
Los Angeles,2021-06-04,26487,9716746,18661,5105470,6972,4235413,854,375863,8185,1014337,18149,4524287,9028,5538624,California
Madera,2020-12-16,21,21,21,21,0,0,0,0,21,21,0,0,21,21,California
Madera,2020-12-17,13,34,13,34,0,0,0,0,13,34,0,0,13,34,California
Madera,2020-12-18,60,94,60,94,0,0,0,0,60,94,0,0,60,94,California
Madera,2020-12-19,5,99,5,99,0,0,0,0,5,99,0,0,5,99,California
Madera,2020-12-20,14,113,14,113,0,0,0,0,14,113,0,0,14,113,California
Madera,2020-12-21,60,173,60,173,0,0,0,0,60,173,0,0,60,173,California
Madera,2020-12-22,95,268,93,266,2,2,0,0,95,268,0,0,95,268,California
Madera,2020-12-23,68,336,68,334,0,2,0,0,68,336,0,0,68,336,California
Madera,2020-12-24,43,379,38,372,5,7,0,0,43,379,0,0,43,379,California
Madera,2020-12-26,27,406,26,398,1,8,0,0,27,406,0,0,27,406,California
Madera,2020-12-27,29,435,12,410,17,25,0,0,29,435,0,0,29,435,California
Madera,2020-12-28,107,542,36,446,71,96,0,0,107,542,0,0,107,542,California
Madera,2020-12-29,173,715,37,483,136,232,0,0,173,715,0,0,173,715,California
Madera,2020-12-30,223,938,87,570,136,368,0,0,223,938,0,0,223,938,California
Madera,2020-12-31,201,1139,80,650,121,489,0,0,201,1139,0,0,201,1139,California
Madera,2021-01-01,1,1140,1,651,0,489,0,0,1,1140,0,0,1,1140,California
Madera,2021-01-02,88,1228,33,684,55,544,0,0,88,1228,0,0,88,1228,California
Madera,2021-01-03,4,1232,4,688,0,544,0,0,4,1232,0,0,4,1232,California
Madera,2021-01-04,129,1361,65,753,64,608,0,0,129,1361,0,0,129,1361,California
Madera,2021-01-05,280,1641,143,896,137,745,0,0,276,1633,4,4,276,1637,California
Madera,2021-01-06,183,1824,26,922,157,902,0,0,164,1778,19,23,164,1801,California
Madera,2021-01-07,399,2223,116,1038,283,1185,0,0,376,2132,23,46,377,2178,California
Madera,2021-01-08,420,2643,72,1110,348,1533,0,0,365,2444,54,100,366,2544,California
Madera,2021-01-09,36,2679,14,1124,22,1555,0,0,27,2462,9,109,27,2571,California
Madera,2021-01-10,17,2696,14,1138,3,1558,0,0,5,2455,12,121,5,2576,California
Madera,2021-01-11,239,2935,191,1329,48,1606,0,0,198,2612,41,162,198,2774,California
Madera,2021-01-12,390,3325,159,1488,231,1837,0,0,285,2792,105,267,285,3059,California
Madera,2021-01-13,182,3507,90,1578,92,1929,0,0,127,2865,55,322,128,3187,California
Madera,2021-01-14,551,4058,79,1657,472,2401,0,0,519,3352,32,354,519,3706,California
Madera,2021-01-15,597,4655,158,1815,439,2840,0,0,576,3907,21,375,576,4282,California
Madera,2021-01-16,384,5039,48,1863,336,3176,0,0,356,4235,28,403,356,4638,California
Madera,2021-01-17,337,5376,15,1878,322,3498,0,0,333,4564,4,407,333,4971,California
Madera,2021-01-18,78,5454,62,1940,16,3514,0,0,59,4605,18,425,59,5030,California
Madera,2021-01-19,573,6027,136,2076,437,3951,0,0,546,5125,27,452,547,5577,California
Madera,2021-01-20,236,6263,80,2156,156,4107,0,0,208,5306,27,479,208,5785,California
Madera,2021-01-21,237,6500,128,2284,109,4216,0,0,203,5477,32,511,203,5988,California
Madera,2021-01-22,256,6756,81,2365,175,4391,0,0,241,5703,15,526,241,6229,California
Madera,2021-01-23,101,6857,53,2418,48,4439,0,0,77,5756,24,550,77,6306,California
Madera,2021-01-24,99,6956,81,2499,18,4457,0,0,78,5813,21,571,78,6384,California
Madera,2021-01-25,269,7225,126,2625,143,4600,0,0,147,5838,122,693,147,6531,California
Madera,2021-01-26,490,7715,189,2814,301,4901,0,0,299,5948,190,883,300,6831,California
Madera,2021-01-27,741,8456,63,2877,678,5579,0,0,604,6417,137,1020,606,7437,California
Madera,2021-01-28,546,9002,108,2985,438,6017,0,0,441,6754,105,1125,442,7879,California
Madera,2021-01-29,467,9469,94,3079,373,6390,0,0,412,7111,55,1180,412,8291,California
Madera,2021-01-30,504,9973,16,3095,488,6878,0,0,451,7509,53,1233,451,8742,California
Madera,2021-01-31,9,9982,6,3101,3,6881,0,0,8,7516,1,1234,8,8750,California
Madera,2021-02-01,332,10314,147,3248,185,7066,0,0,206,7596,126,1360,206,8956,California
Madera,2021-02-02,256,10570,88,3336,168,7234,0,0,162,7666,93,1453,163,9119,California
Madera,2021-02-03,597,11167,462,3798,135,7369,0,0,477,8026,118,1571,478,9597,California
Madera,2021-02-04,393,11560,126,3924,267,7636,0,0,115,7865,277,1848,116,9713,California
Madera,2021-02-05,976,12536,298,4222,678,8314,0,0,371,7638,599,2447,372,10085,California
Madera,2021-02-06,363,12899,329,4551,34,8348,0,0,323,7922,39,2486,323,10408,California
Madera,2021-02-07,34,12933,6,4557,28,8376,0,0,29,7946,5,2491,29,10437,California
Madera,2021-02-08,387,13320,311,4868,76,8452,0,0,270,8100,116,2607,270,10707,California
Madera,2021-02-09,479,13799,118,4986,361,8813,0,0,198,8021,278,2885,199,10906,California
Madera,2021-02-10,436,14235,148,5134,288,9101,0,0,332,8249,104,2989,332,11238,California
Madera,2021-02-11,937,15172,308,5442,629,9730,0,0,406,8126,530,3519,407,11645,California
Madera,2021-02-12,839,16011,117,5559,722,10452,0,0,311,7918,522,4041,314,11959,California
Madera,2021-02-13,485,16496,44,5603,441,10893,0,0,137,7711,347,4388,140,12099,California
Madera,2021-02-14,400,16896,74,5677,326,11219,0,0,135,7582,265,4653,136,12235,California
Madera,2021-02-15,246,17142,100,5777,146,11365,0,0,175,7687,70,4723,175,12410,California
Madera,2021-02-16,780,17922,182,5959,598,11963,0,0,231,7372,547,5270,232,12642,California
Madera,2021-02-17,613,18535,276,6235,337,12300,0,0,341,7450,265,5535,343,12985,California
Madera,2021-02-18,1301,19836,537,6772,764,13064,0,0,1122,8395,178,5713,1123,14108,California
Madera,2021-02-19,859,20695,542,7314,317,13381,0,0,717,8971,142,5855,718,14826,California
Madera,2021-02-20,1076,21771,985,8299,91,13472,0,0,1003,9903,72,5927,1004,15830,California
Madera,2021-02-21,962,22733,819,9118,143,13615,0,0,957,10855,5,5932,957,16787,California
Madera,2021-02-22,915,23648,837,9955,78,13693,0,0,858,11656,57,5989,858,17645,California
Madera,2021-02-23,773,24421,500,10455,273,13966,0,0,545,11976,225,6214,545,18190,California
Madera,2021-02-24,915,25336,302,10757,613,14579,0,0,383,11828,531,6745,383,18573,California
Madera,2021-02-25,1035,26371,317,11074,718,15297,0,0,599,11993,434,7179,599,19172,California
Madera,2021-02-26,1082,27453,198,11272,884,16181,0,0,701,12315,379,7558,701,19873,California
Madera,2021-02-27,900,28353,265,11537,635,16816,0,0,474,12369,423,7981,477,20350,California
Madera,2021-02-28,194,28547,29,11566,165,16981,0,0,189,12553,5,7986,189,20539,California
Madera,2021-03-01,380,28927,121,11687,259,17240,0,0,197,12569,181,8167,197,20736,California
Madera,2021-03-02,752,29679,349,12036,403,17643,0,0,638,13096,113,8280,640,21376,California
Madera,2021-03-03,1352,31031,724,12760,628,18271,0,0,945,13663,404,8684,971,22347,California
Madera,2021-03-04,1206,32237,529,13289,677,18948,0,0,953,14365,254,8938,956,23303,California
Madera,2021-03-05,1365,33602,421,13710,931,19879,13,13,1085,15196,278,9216,1109,24412,California
Madera,2021-03-06,823,34425,640,14350,151,20030,32,45,503,15413,319,9535,536,24948,California
Madera,2021-03-07,154,34579,27,14377,105,20135,22,67,105,15491,49,9584,127,25075,California
Madera,2021-03-08,605,35184,337,14714,209,20344,59,126,310,15567,295,9879,371,25446,California
Madera,2021-03-09,600,35784,296,15010,270,20614,34,160,410,15831,188,10067,452,25898,California
Madera,2021-03-10,1193,36977,560,15570,554,21168,79,239,758,16239,430,10497,838,26736,California
Madera,2021-03-11,1685,38662,865,16435,491,21659,329,568,770,16436,913,11410,1110,27846,California
Madera,2021-03-12,1577,40239,814,17249,609,22268,154,722,798,16640,777,12187,981,28827,California
Madera,2021-03-13,1881,42120,1330,18579,355,22623,196,918,813,16600,1065,13252,1025,29852,California
Madera,2021-03-14,587,42707,450,19029,104,22727,33,951,295,16639,289,13541,328,30180,California
Madera,2021-03-15,743,43450,228,19257,469,23196,46,997,517,17007,223,13764,591,30771,California
Madera,2021-03-16,933,44383,527,19784,359,23555,47,1044,742,17625,188,13952,806,31577,California
Madera,2021-03-17,1468,45851,982,20766,423,23978,63,1107,912,18141,547,14499,1063,32640,California
Madera,2021-03-18,1955,47806,683,21449,1207,25185,65,1172,977,18293,973,15472,1125,33765,California
Madera,2021-03-19,1587,49393,588,22037,919,26104,80,1252,1046,18949,537,16009,1193,34958,California
Madera,2021-03-20,1189,50582,777,22814,359,26463,53,1305,622,19106,565,16574,722,35680,California
Madera,2021-03-21,1105,51687,903,23717,157,26620,45,1350,383,18816,719,17293,429,36109,California
Madera,2021-03-22,1364,53051,857,24574,441,27061,66,1416,691,18945,670,17963,799,36908,California
Madera,2021-03-23,1419,54470,864,25438,467,27528,88,1504,677,19053,740,18703,848,37756,California
Madera,2021-03-24,954,55424,513,25951,409,27937,32,1536,617,19372,334,19037,653,38409,California
Madera,2021-03-25,1173,56597,532,26483,617,28554,24,1560,647,19540,516,19553,684,39093,California
Madera,2021-03-26,1514,58111,578,27061,802,29356,134,1694,712,19591,798,20351,849,39942,California
Madera,2021-03-27,926,59037,602,27663,301,29657,23,1717,415,19523,507,20858,439,40381,California
Madera,2021-03-28,440,59477,151,27814,228,29885,61,1778,245,19689,194,21052,360,40741,California
Madera,2021-03-29,695,60172,183,27997,482,30367,30,1808,499,20030,192,21244,533,41274,California
Madera,2021-03-30,1075,61247,605,28602,439,30806,31,1839,481,19952,591,21835,513,41787,California
Madera,2021-03-31,1390,62637,545,29147,716,31522,129,1968,429,19557,955,22790,560,42347,California
Madera,2021-04-01,1375,64012,621,29768,703,32225,51,2019,482,19205,884,23674,532,42879,California
Madera,2021-04-02,1607,65619,459,30227,1089,33314,59,2078,479,18627,1117,24791,539,43418,California
Madera,2021-04-03,960,66579,762,30989,179,33493,19,2097,393,18484,565,25356,422,43840,California
Madera,2021-04-04,187,66766,65,31054,120,33613,2,2099,87,18473,100,25456,89,43929,California
Madera,2021-04-05,741,67507,257,31311,425,34038,59,2158,342,18490,398,25854,415,44344,California
Madera,2021-04-06,1712,69219,892,32203,467,34505,353,2511,536,18205,1174,27028,889,45233,California
Madera,2021-04-07,1222,70441,378,32581,696,35201,148,2659,425,17989,794,27822,578,45811,California
Madera,2021-04-08,1731,72172,668,33249,802,36003,261,2920,559,17650,1165,28987,826,46637,California
Madera,2021-04-09,1634,73806,687,33936,799,36802,148,3068,943,18058,686,29673,1094,47731,California
Madera,2021-04-10,970,74776,683,34619,219,37021,68,3136,709,18574,262,29935,778,48509,California
Madera,2021-04-11,810,75586,656,35275,75,37096,79,3215,287,18418,520,30455,364,48873,California
Madera,2021-04-12,776,76362,266,35541,435,37531,75,3290,298,18314,478,30933,374,49247,California
Madera,2021-04-13,1236,77598,608,36149,586,38117,42,3332,719,18569,515,31448,770,50017,California
Madera,2021-04-14,1383,78981,854,37003,529,38646,0,3332,567,18326,816,32264,573,50590,California
Madera,2021-04-15,1159,80140,499,37502,659,39305,1,3333,419,18019,728,32992,421,51011,California
Madera,2021-04-16,1312,81452,532,38034,780,40085,0,3333,361,17442,939,33931,362,51373,California
Madera,2021-04-17,1276,82728,1073,39107,203,40288,0,3333,760,17687,515,34446,760,52133,California
Madera,2021-04-18,245,82973,206,39313,39,40327,0,3333,87,17618,156,34602,87,52220,California
Madera,2021-04-19,808,83781,239,39552,568,40895,1,3334,278,17372,524,35126,278,52498,California
Madera,2021-04-20,871,84652,426,39978,445,41340,0,3334,216,16938,652,35778,218,52716,California
Madera,2021-04-21,859,85511,454,40432,405,41745,0,3334,290,16661,569,36347,292,53008,California
Madera,2021-04-22,1061,86572,511,40943,550,42295,0,3334,370,16345,687,37034,371,53379,California
Madera,2021-04-23,963,87535,307,41250,656,42951,0,3334,334,16055,624,37658,334,53713,California
Madera,2021-04-24,707,88242,466,41716,241,43192,0,3334,248,15849,455,38113,249,53962,California
Madera,2021-04-25,267,88509,160,41876,104,43296,3,3337,118,15826,145,38258,122,54084,California
Madera,2021-04-26,525,89034,97,41973,422,43718,6,3343,115,15540,407,38665,121,54205,California
Madera,2021-04-27,588,89622,273,42246,292,44010,23,3366,307,15591,280,38945,331,54536,California
Madera,2021-04-28,492,90114,195,42441,278,44288,19,3385,241,15601,249,39194,259,54795,California
Madera,2021-04-29,548,90662,244,42685,276,44564,28,3413,256,15600,285,39479,284,55079,California
Madera,2021-04-30,933,91595,505,43190,412,44976,16,3429,264,15217,663,40142,280,55359,California
Madera,2021-05-01,961,92556,867,44057,81,45057,13,3442,385,15040,575,40717,398,55757,California
Madera,2021-05-02,398,92954,351,44408,43,45100,4,3446,145,14936,253,40970,149,55906,California
Madera,2021-05-03,498,93452,197,44605,261,45361,40,3486,100,14681,395,41365,140,56046,California
Madera,2021-05-04,884,94336,433,45038,411,45772,40,3526,213,14263,671,42036,253,56299,California
Madera,2021-05-05,998,95334,477,45515,461,46233,60,3586,271,13869,725,42761,331,56630,California
Madera,2021-05-06,697,96031,247,45762,419,46652,31,3617,153,13514,539,43300,184,56814,California
Madera,2021-05-07,806,96837,277,46039,508,47160,21,3638,195,13124,605,43905,215,57029,California
Madera,2021-05-08,969,97806,757,46796,201,47361,11,3649,185,12537,783,44688,196,57225,California
Madera,2021-05-09,146,97952,20,46816,115,47476,11,3660,35,12473,110,44798,46,57271,California
Madera,2021-05-10,343,98295,73,46889,258,47734,12,3672,99,12341,243,45041,111,57382,California
Madera,2021-05-11,527,98822,177,47066,342,48076,8,3680,172,12168,353,45394,180,57562,California
Madera,2021-05-12,492,99314,222,47288,234,48310,36,3716,119,11952,371,45765,155,57717,California
Madera,2021-05-13,477,99791,287,47575,158,48468,32,3748,155,11819,320,46085,187,57904,California
Madera,2021-05-14,525,100316,264,47839,238,48706,23,3771,233,11786,289,46374,256,58160,California
Madera,2021-05-15,561,100877,476,48315,77,48783,8,3779,363,11961,196,46570,371,58531,California
Madera,2021-05-16,255,101132,186,48501,37,48820,32,3811,104,11946,151,46721,136,58667,California
Madera,2021-05-17,453,101585,188,48689,236,49056,29,3840,208,11941,242,46963,237,58904,California
Madera,2021-05-18,545,102130,364,49053,158,49214,23,3863,287,11997,254,47217,310,59214,California
Madera,2021-05-19,486,102616,225,49278,239,49453,22,3885,216,11966,269,47486,238,59452,California
Madera,2021-05-20,542,103158,243,49521,261,49714,38,3923,202,11872,334,47820,240,59692,California
Madera,2021-05-21,458,103616,168,49689,263,49977,27,3950,167,11780,286,48106,194,59886,California
Madera,2021-05-22,876,104492,802,50491,62,50039,12,3962,522,11961,353,48459,534,60420,California
Madera,2021-05-23,244,104736,228,50719,6,50045,10,3972,129,11986,114,48573,139,60559,California
Madera,2021-05-24,289,105025,135,50854,113,50158,41,4013,118,11975,170,48743,159,60718,California
Madera,2021-05-25,371,105396,167,51021,175,50333,29,4042,149,11933,220,48963,178,60896,California
Madera,2021-05-26,426,105822,257,51278,148,50481,21,4063,235,12000,189,49152,256,61152,California
Madera,2021-05-27,373,106195,136,51414,199,50680,38,4101,133,11935,236,49388,171,61323,California
Madera,2021-05-28,447,106642,174,51588,246,50926,27,4128,180,11877,265,49653,207,61530,California
Madera,2021-05-29,305,106947,215,51803,73,50999,17,4145,168,11925,137,49790,185,61715,California
Madera,2021-05-30,62,107009,27,51830,31,51030,4,4149,29,11926,32,49822,33,61748,California
Madera,2021-05-31,26,107035,9,51839,13,51043,4,4153,12,11928,14,49836,16,61764,California
Madera,2021-06-01,279,107314,143,51982,113,51156,23,4176,106,11885,172,50008,129,61893,California
Madera,2021-06-02,379,107693,125,52107,231,51387,23,4199,117,11764,261,50269,140,62033,California
Madera,2021-06-03,271,107964,147,52254,110,51497,14,4213,98,11703,173,50442,112,62145,California
Madera,2021-06-04,212,108176,135,52389,67,51564,10,4223,63,11627,149,50591,73,62218,California
Marin,2020-12-15,2,2,2,2,0,0,0,0,2,2,0,0,2,2,California
Marin,2020-12-16,109,111,109,111,0,0,0,0,109,111,0,0,109,111,California
Marin,2020-12-17,260,371,260,371,0,0,0,0,260,371,0,0,260,371,California
Marin,2020-12-18,369,740,369,740,0,0,0,0,369,740,0,0,369,740,California
Marin,2020-12-19,347,1087,346,1086,1,1,0,0,347,1087,0,0,347,1087,California
Marin,2020-12-20,165,1252,164,1250,1,2,0,0,165,1252,0,0,165,1252,California
Marin,2020-12-21,238,1490,235,1485,3,5,0,0,238,1490,0,0,238,1490,California
Marin,2020-12-22,521,2011,317,1802,204,209,0,0,521,2011,0,0,521,2011,California
Marin,2020-12-23,733,2744,321,2123,412,621,0,0,733,2744,0,0,733,2744,California
Marin,2020-12-24,356,3100,158,2281,198,819,0,0,356,3100,0,0,356,3100,California
Marin,2020-12-25,26,3126,0,2281,26,845,0,0,26,3126,0,0,26,3126,California
Marin,2020-12-26,143,3269,94,2375,49,894,0,0,143,3269,0,0,143,3269,California
Marin,2020-12-27,90,3359,54,2429,36,930,0,0,90,3359,0,0,90,3359,California
Marin,2020-12-28,408,3767,99,2528,309,1239,0,0,408,3767,0,0,408,3767,California
Marin,2020-12-29,401,4168,87,2615,314,1553,0,0,401,4168,0,0,401,4168,California
Marin,2020-12-30,621,4789,387,3002,234,1787,0,0,621,4789,0,0,621,4789,California
Marin,2020-12-31,198,4987,34,3036,164,1951,0,0,198,4987,0,0,198,4987,California
Marin,2021-01-01,22,5009,11,3047,11,1962,0,0,22,5009,0,0,22,5009,California
Marin,2021-01-02,112,5121,107,3154,5,1967,0,0,112,5121,0,0,112,5121,California
Marin,2021-01-03,49,5170,31,3185,18,1985,0,0,46,5167,0,0,46,5167,California
Marin,2021-01-04,295,5465,192,3377,103,2088,0,0,294,5460,1,1,294,5461,California
Marin,2021-01-05,366,5831,219,3596,147,2235,0,0,324,5742,42,43,324,5785,California
Marin,2021-01-06,778,6609,290,3886,488,2723,0,0,626,6218,152,195,628,6413,California
Marin,2021-01-07,884,7493,498,4384,386,3109,0,0,540,6414,344,539,540,6953,California
Marin,2021-01-08,964,8457,510,4894,454,3563,0,0,592,6636,371,910,593,7546,California
Marin,2021-01-09,611,9068,213,5107,398,3961,0,0,479,6983,132,1042,479,8025,California
Marin,2021-01-10,129,9197,100,5207,29,3990,0,0,55,6964,74,1116,55,8080,California
Marin,2021-01-11,466,9663,324,5531,142,4132,0,0,246,6992,220,1336,248,8328,California
Marin,2021-01-12,939,10602,544,6075,395,4527,0,0,569,7194,367,1703,569,8897,California
Marin,2021-01-13,1177,11779,496,6571,681,5208,0,0,940,7898,237,1940,941,9838,California
Marin,2021-01-14,1068,12847,316,6887,752,5960,0,0,918,8668,148,2088,918,10756,California
Marin,2021-01-15,1153,14000,350,7237,803,6763,0,0,1023,9564,129,2217,1025,11781,California
Marin,2021-01-16,1122,15122,915,8152,207,6970,0,0,1047,10536,75,2292,1047,12828,California
Marin,2021-01-17,1231,16353,1112,9264,119,7089,0,0,1202,11713,28,2320,1205,14033,California
Marin,2021-01-18,362,16715,160,9424,202,7291,0,0,311,11973,51,2371,311,14344,California
Marin,2021-01-19,1151,17866,910,10334,241,7532,0,0,981,12785,169,2540,981,15325,California
Marin,2021-01-20,1792,19658,1208,11542,584,8116,0,0,1063,13131,718,3258,1064,16389,California
Marin,2021-01-21,1679,21337,1062,12604,617,8733,0,0,1325,14107,351,3609,1327,17716,California
Marin,2021-01-22,1707,23044,1093,13697,614,9347,0,0,1535,15471,172,3781,1536,19252,California
Marin,2021-01-23,1843,24887,1344,15041,499,9846,0,0,1756,17140,87,3868,1756,21008,California
Marin,2021-01-24,615,25502,166,15207,449,10295,0,0,583,17691,32,3900,583,21591,California
Marin,2021-01-25,1126,26628,231,15438,895,11190,0,0,690,17946,436,4336,691,22282,California
Marin,2021-01-26,1521,28149,783,16221,738,11928,0,0,1137,18701,383,4719,1138,23420,California
Marin,2021-01-27,1727,29876,887,17108,840,12768,0,0,1363,19707,362,5081,1368,24788,California
Marin,2021-01-28,2083,31959,1069,18177,1014,13782,0,0,1820,21268,262,5343,1823,26611,California
Marin,2021-01-29,2199,34158,1436,19613,763,14545,0,0,2002,23086,185,5528,2003,28614,California
Marin,2021-01-30,1724,35882,909,20522,815,15360,0,0,1645,24654,79,5607,1647,30261,California
Marin,2021-01-31,459,36341,322,20844,137,15497,0,0,433,25061,26,5633,433,30694,California
Marin,2021-02-01,1093,37434,415,21259,678,16175,0,0,894,25759,198,5831,896,31590,California
Marin,2021-02-02,1413,38847,494,21753,919,17094,0,0,752,25861,650,6481,752,32342,California
Marin,2021-02-03,1780,40627,424,22177,1356,18450,0,0,1278,26647,501,6982,1287,33629,California
Marin,2021-02-04,1522,42149,499,22676,1023,19473,0,0,927,26982,592,7574,927,34556,California
Marin,2021-02-05,2166,44315,675,23351,1491,20964,0,0,1331,27482,831,8405,1331,35887,California
Marin,2021-02-06,1427,45742,848,24199,579,21543,0,0,603,27263,823,9228,604,36491,California
Marin,2021-02-07,1289,47031,1006,25205,283,21826,0,0,489,26953,799,10027,489,36980,California
Marin,2021-02-08,1533,48564,756,25961,777,22603,0,0,732,26886,799,10826,732,37712,California
Marin,2021-02-09,1783,50347,1124,27085,659,23262,0,0,836,26775,947,11773,836,38548,California
Marin,2021-02-10,2336,52683,1487,28572,849,24111,0,0,1214,26870,1120,12893,1215,39763,California
Marin,2021-02-11,2871,55554,1643,30215,1228,25339,0,0,1447,26901,1419,14312,1450,41213,California
Marin,2021-02-12,3057,58611,1536,31751,1521,26860,0,0,1555,26958,1499,15811,1556,42769,California
Marin,2021-02-13,2333,60944,1242,32993,1091,27951,0,0,1127,26881,1204,17015,1127,43896,California
Marin,2021-02-14,813,61757,301,33294,512,28463,0,0,719,27507,94,17109,720,44616,California
Marin,2021-02-15,1218,62975,355,33649,863,29326,0,0,839,27969,378,17487,840,45456,California
Marin,2021-02-16,2469,65444,1054,34703,1415,30741,0,0,1503,28507,965,18452,1503,46959,California
Marin,2021-02-17,2100,67544,942,35645,1158,31899,0,0,1084,28578,1014,19466,1085,48044,California
Marin,2021-02-18,2416,69960,1585,37230,831,32730,0,0,1058,28280,1356,20822,1058,49102,California
Marin,2021-02-19,2781,72741,2170,39400,611,33341,0,0,1234,27981,1534,22356,1235,50337,California
Marin,2021-02-20,2622,75363,2154,41554,468,33809,0,0,1254,27876,1360,23716,1255,51592,California
Marin,2021-02-21,1329,76692,1128,42682,201,34010,0,0,944,28439,381,24097,944,52536,California
Marin,2021-02-22,1858,78550,1425,44107,433,34443,0,0,1231,29045,625,24722,1231,53767,California
Marin,2021-02-23,2909,81459,1677,45784,1232,35675,0,0,1951,30052,945,25667,1952,55719,California
Marin,2021-02-24,3537,84996,1633,47417,1904,37579,0,0,2260,31043,1270,26937,2261,57980,California
Marin,2021-02-25,4091,89087,1929,49346,2162,39741,0,0,2892,32747,1190,28127,2894,60874,California
Marin,2021-02-26,3674,92761,2004,51350,1670,41411,0,0,2648,34382,1014,29141,2649,63523,California
Marin,2021-02-27,2743,95504,1614,52964,1129,42540,0,0,1900,35444,840,29981,1902,65425,California
Marin,2021-02-28,1644,97148,924,53888,720,43260,0,0,1298,36399,343,30324,1298,66723,California
Marin,2021-03-01,2552,99700,1583,55471,968,44228,1,1,1712,37281,831,31155,1713,68436,California
Marin,2021-03-02,2527,102227,1687,57158,839,45067,1,2,1734,38227,789,31944,1735,70171,California
Marin,2021-03-03,4341,106568,2411,59569,1926,46993,4,6,2808,39512,1527,33471,2812,72983,California
Marin,2021-03-04,3395,109963,1665,61234,1729,48722,1,7,2373,40873,1015,34486,2376,75359,California
Marin,2021-03-05,3069,113032,1173,62407,1884,50606,12,19,1799,41419,1265,35751,1811,77170,California
Marin,2021-03-06,3238,116270,2325,64732,835,51441,78,97,2664,43591,569,36320,2741,79911,California
Marin,2021-03-07,1393,117663,1174,65906,195,51636,24,121,1001,44229,387,36707,1025,80936,California
Marin,2021-03-08,1889,119552,1387,67293,385,52021,117,238,1413,45286,473,37180,1530,82466,California
Marin,2021-03-09,2220,121772,1337,68630,774,52795,109,347,1542,46261,675,37855,1650,84116,California
Marin,2021-03-10,4458,126230,2505,71135,1659,54454,294,641,3215,48534,1238,39093,3511,87627,California
Marin,2021-03-11,4584,130814,1877,73012,2572,57026,135,776,3293,50678,1284,40377,3428,91055,California
Marin,2021-03-12,3977,134791,1544,74556,2082,59108,351,1127,1561,50185,2405,42782,1912,92967,California
Marin,2021-03-13,4100,138891,2867,77423,1161,60269,72,1199,2384,50922,1714,44496,2451,95418,California
Marin,2021-03-14,2283,141174,1102,78525,1063,61332,118,1317,696,50150,1585,46081,813,96231,California
Marin,2021-03-15,3250,144424,1779,80304,1423,62755,48,1365,1212,49383,2026,48107,1259,97490,California
Marin,2021-03-16,4304,148728,2320,82624,1618,64373,366,1731,1463,48373,2837,50944,1827,99317,California
Marin,2021-03-17,4210,152938,2279,84903,1880,66253,51,1782,2055,48335,2143,53087,2105,101422,California
Marin,2021-03-18,4489,157427,2263,87166,2151,68404,75,1857,2134,48203,2338,55425,2206,103628,California
Marin,2021-03-19,4475,161902,2289,89455,1966,70370,220,2077,2326,48607,2139,57564,2543,106171,California
Marin,2021-03-20,3602,165504,1996,91451,1491,71861,115,2192,1932,48994,1661,59225,2048,108219,California
Marin,2021-03-21,1539,167043,1138,92589,378,72239,23,2215,796,49073,740,59965,819,109038,California
Marin,2021-03-22,2481,169524,2138,94727,175,72414,168,2383,969,48704,1506,61471,1137,110175,California
Marin,2021-03-23,4246,173770,2202,96929,1916,74330,128,2511,1867,48328,2372,63843,1996,112171,California
Marin,2021-03-24,4442,178212,2898,99827,1438,75768,106,2617,1806,47615,2623,66466,1910,114081,California
Marin,2021-03-25,4652,182864,2845,102672,1739,77507,68,2685,2249,47541,2389,68855,2315,116396,California
Marin,2021-03-26,4308,187172,2346,105018,1749,79256,213,2898,2399,48260,1893,70748,2612,119008,California
Marin,2021-03-27,3711,190883,2667,107685,1025,80281,19,2917,1139,46855,2562,73310,1157,120165,California
Marin,2021-03-28,2389,193272,1728,109413,655,80936,6,2923,839,46157,1543,74853,845,121010,California
Marin,2021-03-29,2689,195961,2092,111505,571,81507,26,2949,1153,45803,1533,76386,1179,122189,California
Marin,2021-03-30,4668,200629,3649,115154,985,82492,34,2983,2952,47076,1713,78099,2986,125175,California
Marin,2021-03-31,5836,206465,4132,119286,1655,84147,49,3032,2550,46401,3274,81373,2599,127774,California
Marin,2021-04-01,4453,210918,2286,121572,1912,86059,255,3287,2111,46435,2331,83704,2365,130139,California
Marin,2021-04-02,3728,214646,1856,123428,1501,87560,371,3658,1989,47056,1731,85435,2352,132491,California
Marin,2021-04-03,3863,218509,2515,125943,971,88531,377,4035,1463,46508,2388,87823,1840,134331,California
Marin,2021-04-04,1645,220154,1240,127183,204,88735,201,4236,1200,47466,443,88266,1401,135732,California
Marin,2021-04-05,2207,222361,1531,128714,300,89035,376,4612,1264,48167,937,89203,1638,137370,California
Marin,2021-04-06,3965,226326,2109,130823,1304,90339,552,5164,2206,49169,1753,90956,2755,140125,California
Marin,2021-04-07,3961,230287,2000,132823,1319,91658,642,5806,1450,48758,2503,93459,2092,142217,California
Marin,2021-04-08,5054,235341,1975,134798,2469,94127,610,6416,2302,48920,2740,96199,2902,145119,California
Marin,2021-04-09,3992,239333,1556,136354,1705,95832,731,7147,1316,48293,2671,98870,2044,147163,California
Marin,2021-04-10,3213,242546,1482,137836,1298,97130,433,7580,1446,48416,1752,100622,1875,149038,California
Marin,2021-04-11,1059,243605,806,138642,92,97222,161,7741,474,48467,583,101205,634,149672,California
Marin,2021-04-12,1729,245334,1233,139875,338,97560,158,7899,916,48733,809,102014,1075,150747,California
Marin,2021-04-13,3730,249064,2284,142159,1439,98999,7,7906,1359,47741,2360,104374,1368,152115,California
Marin,2021-04-14,4200,253264,2514,144673,1683,100682,3,7909,1707,46983,2468,106842,1710,153825,California
Marin,2021-04-15,5583,258847,3955,148628,1628,102310,0,7909,3202,47818,2368,109210,3203,157028,California
Marin,2021-04-16,4257,263104,2237,150865,2017,104327,3,7912,2072,47724,2170,111380,2076,159104,California
Marin,2021-04-17,3531,266635,2157,153022,1374,105701,0,7912,1762,47722,1764,113144,1762,160866,California
Marin,2021-04-18,3168,269803,3070,156092,98,105799,0,7912,2535,49627,630,113774,2535,163401,California
Marin,2021-04-19,2036,271839,1867,157959,169,105968,0,7912,1153,49904,878,114652,1155,164556,California
Marin,2021-04-20,3683,275522,2545,160504,1138,107106,0,7912,1463,49155,2213,116865,1464,166020,California
Marin,2021-04-21,4001,279523,2935,163439,1063,108169,3,7915,1351,47873,2634,119499,1352,167372,California
Marin,2021-04-22,4219,283742,3221,166660,998,109167,0,7915,1487,46641,2722,122221,1490,168862,California
Marin,2021-04-23,3212,286954,1806,168466,1406,110573,0,7915,1226,45891,1977,124198,1227,170089,California
Marin,2021-04-24,2505,289459,1673,170139,832,111405,0,7915,913,45224,1580,125778,913,171002,California
Marin,2021-04-25,1379,290838,1263,171402,116,111521,0,7915,304,44461,1067,126845,304,171306,California
Marin,2021-04-26,1549,292387,1350,172752,196,111717,3,7918,351,43621,1195,128040,355,171661,California
Marin,2021-04-27,2994,295381,2181,174933,770,112487,43,7961,964,42603,2021,130061,1003,172664,California
Marin,2021-04-28,2295,297676,1579,176512,666,113153,50,8011,723,41805,1569,131630,771,173435,California
Marin,2021-04-29,2873,300549,1970,178482,841,113994,62,8073,782,40569,2080,133710,844,174279,California
Marin,2021-04-30,1951,302500,1274,179756,589,114583,88,8161,697,40108,1246,134956,785,175064,California
Marin,2021-05-01,1827,304327,1017,180773,787,115370,23,8184,538,39387,1281,136237,560,175624,California
Marin,2021-05-02,725,305052,587,181360,109,115479,29,8213,201,39098,518,136755,229,175853,California
Marin,2021-05-03,1211,306263,987,182347,167,115646,57,8270,260,38466,948,137703,316,176169,California
Marin,2021-05-04,2924,309187,1966,184313,867,116513,91,8361,469,36579,2447,140150,560,176729,California
Marin,2021-05-05,2721,311908,1997,186310,602,117115,122,8483,441,34868,2274,142424,563,177292,California
Marin,2021-05-06,3262,315170,2535,188845,639,117754,88,8571,425,32550,2829,145253,511,177803,California
Marin,2021-05-07,2031,317201,1543,190388,403,118157,85,8656,376,31360,1648,146901,458,178261,California
Marin,2021-05-08,2473,319674,1866,192254,485,118642,122,8778,342,29701,2123,149024,464,178725,California
Marin,2021-05-09,983,320657,898,193152,65,118707,20,8798,118,28978,862,149886,139,178864,California
Marin,2021-05-10,1407,322064,1151,194303,186,118893,70,8868,199,28043,1203,151089,268,179132,California
Marin,2021-05-11,2281,324345,1831,196134,397,119290,53,8921,292,26400,1987,153076,344,179476,California
Marin,2021-05-12,1388,325733,1028,197162,293,119583,67,8988,277,25636,1107,154183,343,179819,California
Marin,2021-05-13,2497,328230,2164,199326,279,119862,54,9042,1344,25887,1146,155329,1397,181216,California
Marin,2021-05-14,2200,330430,1451,200777,650,120512,99,9141,880,25552,1314,156643,979,182195,California
Marin,2021-05-15,2715,333145,2250,203027,385,120897,80,9221,1645,26208,1069,157712,1725,183920,California
Marin,2021-05-16,1640,334785,1586,204613,49,120946,5,9226,1327,27229,310,158022,1331,185251,California
Marin,2021-05-17,2124,336909,1978,206591,103,121049,43,9269,1715,28585,402,158424,1758,187009,California
Marin,2021-05-18,1524,338433,1183,207774,286,121335,55,9324,808,28737,710,159134,862,187871,California
Marin,2021-05-19,1533,339966,1235,209009,228,121563,70,9394,776,28831,751,159885,845,188716,California
Marin,2021-05-20,1693,341659,1406,210415,201,121764,86,9480,695,28621,991,160876,781,189497,California
Marin,2021-05-21,1341,343000,762,211177,530,122294,49,9529,378,28091,958,161834,428,189925,California
Marin,2021-05-22,1334,344334,1017,212194,261,122555,56,9585,916,28648,415,162249,972,190897,California
Marin,2021-05-23,415,344749,382,212576,24,122579,9,9594,193,28630,220,162469,202,191099,California
Marin,2021-05-24,643,345392,492,213068,110,122689,41,9635,358,28746,282,162751,398,191497,California
Marin,2021-05-25,991,346383,622,213690,324,123013,45,9680,316,28437,667,163418,358,191855,California
Marin,2021-05-26,707,347090,485,214175,176,123189,46,9726,261,28302,442,163860,307,192162,California
Marin,2021-05-27,1032,348122,664,214839,289,123478,79,9805,347,28045,683,164543,426,192588,California
Marin,2021-05-28,1095,349217,714,215553,302,123780,79,9884,322,27675,769,165312,399,192987,California
Marin,2021-05-29,373,349590,216,215769,147,123927,10,9894,215,27742,158,165470,225,193212,California
Marin,2021-05-30,100,349690,59,215828,36,123963,5,9899,58,27764,41,165511,63,193275,California
Marin,2021-05-31,27,349717,13,215841,13,123976,1,9900,14,27766,13,165524,15,193290,California
Marin,2021-06-01,752,350469,550,216391,159,124135,43,9943,329,27716,421,165945,371,193661,California
Marin,2021-06-02,621,351090,472,216863,97,124232,52,9995,222,27593,395,166340,272,193933,California
Marin,2021-06-03,1479,352569,1316,218179,108,124340,55,10050,272,26716,1205,167545,328,194261,California
Marin,2021-06-04,547,353116,492,218671,35,124375,20,10070,95,26379,452,167997,115,194376,California
Mariposa,2020-12-17,36,36,36,36,0,0,0,0,38,38,0,0,38,38,California
Mariposa,2020-12-18,55,91,55,91,0,0,0,0,56,94,0,0,56,94,California
Mariposa,2020-12-20,2,93,2,93,0,0,0,0,2,96,0,0,2,96,California
Mariposa,2020-12-21,49,142,49,142,0,0,0,0,53,149,0,0,53,149,California
Mariposa,2020-12-22,5,147,5,147,0,0,0,0,5,154,0,0,5,154,California
Mariposa,2020-12-23,17,164,17,164,0,0,0,0,17,171,0,0,17,171,California
Mariposa,2020-12-24,1,165,0,164,1,1,0,0,0,171,1,1,1,172,California
Mariposa,2020-12-26,1,166,1,165,0,1,0,0,1,172,0,1,1,173,California
Mariposa,2020-12-27,1,167,0,165,1,2,0,0,1,173,0,1,1,174,California
Mariposa,2020-12-28,6,173,3,168,3,5,0,0,6,179,0,1,6,180,California
Mariposa,2020-12-29,33,206,3,171,30,35,0,0,33,212,0,1,33,213,California
Mariposa,2020-12-30,26,232,4,175,22,57,0,0,26,238,0,1,26,239,California
Mariposa,2020-12-31,17,249,0,175,17,74,0,0,17,255,0,1,17,256,California
Mariposa,2021-01-02,1,250,1,176,0,74,0,0,1,256,0,1,1,257,California
Mariposa,2021-01-04,9,259,1,177,8,82,0,0,9,265,0,1,9,266,California
Mariposa,2021-01-05,24,283,14,191,10,92,0,0,14,269,10,11,14,280,California
Mariposa,2021-01-06,7,290,4,195,3,95,0,0,4,270,3,14,4,284,California
Mariposa,2021-01-07,50,340,45,240,5,100,0,0,5,230,45,59,5,289,California
Mariposa,2021-01-08,109,449,79,319,30,130,0,0,34,189,75,134,34,323,California
Mariposa,2021-01-11,31,480,10,329,21,151,0,0,23,204,8,142,23,346,California
Mariposa,2021-01-12,19,499,4,333,15,166,0,0,15,215,4,146,15,361,California
Mariposa,2021-01-13,22,521,5,338,17,183,0,0,18,229,4,150,18,379,California
Mariposa,2021-01-14,73,594,7,345,66,249,0,0,67,290,6,156,67,446,California
Mariposa,2021-01-15,68,662,27,372,41,290,0,0,58,338,10,166,58,504,California
Mariposa,2021-01-16,14,676,2,374,12,302,0,0,13,350,1,167,13,517,California
Mariposa,2021-01-17,3,679,0,374,3,305,0,0,3,353,0,167,3,520,California
Mariposa,2021-01-18,3,682,3,377,0,305,0,0,1,352,2,169,1,521,California
Mariposa,2021-01-19,8,690,4,381,4,309,0,0,5,355,2,171,5,526,California
Mariposa,2021-01-20,23,713,1,382,22,331,0,0,22,376,1,172,22,548,California
Mariposa,2021-01-21,66,779,8,390,58,389,0,0,62,434,4,176,62,610,California
Mariposa,2021-01-22,56,835,2,392,54,443,0,0,56,490,0,176,56,666,California
Mariposa,2021-01-23,116,951,2,394,114,557,0,0,114,602,2,178,114,780,California
Mariposa,2021-01-24,2,953,2,396,0,557,0,0,2,604,0,178,2,782,California
Mariposa,2021-01-25,4,957,1,397,3,560,0,0,0,600,4,182,0,782,California
Mariposa,2021-01-26,38,995,4,401,34,594,0,0,6,578,32,214,10,792,California
Mariposa,2021-01-27,26,1021,2,403,24,618,0,0,12,577,13,227,12,804,California
Mariposa,2021-01-28,126,1147,3,406,123,741,0,0,113,678,12,239,113,917,California
Mariposa,2021-01-29,83,1230,22,428,61,802,0,0,82,759,1,240,82,999,California
Mariposa,2021-01-30,9,1239,1,429,8,810,0,0,8,766,1,241,8,1007,California
Mariposa,2021-01-31,1,1240,0,429,1,811,0,0,1,767,0,241,1,1008,California
Mariposa,2021-02-01,88,1328,30,459,58,869,0,0,66,811,22,263,66,1074,California
Mariposa,2021-02-02,15,1343,3,462,12,881,0,0,9,814,6,269,9,1083,California
Mariposa,2021-02-03,21,1364,1,463,20,901,0,0,14,821,7,276,14,1097,California
Mariposa,2021-02-04,99,1463,8,471,91,992,0,0,94,912,4,280,95,1192,California
Mariposa,2021-02-05,192,1655,5,476,187,1179,0,0,166,1052,26,306,166,1358,California
Mariposa,2021-02-06,11,1666,4,480,7,1186,0,0,10,1061,1,307,10,1368,California
Mariposa,2021-02-07,1,1667,0,480,1,1187,0,0,1,1062,0,307,1,1369,California
Mariposa,2021-02-08,41,1708,2,482,39,1226,0,0,22,1065,19,326,22,1391,California
Mariposa,2021-02-09,42,1750,24,506,18,1244,0,0,36,1095,6,332,36,1427,California
Mariposa,2021-02-10,28,1778,5,511,23,1267,0,0,17,1108,10,342,23,1450,California
Mariposa,2021-02-11,375,2153,5,516,370,1637,0,0,361,1458,14,356,364,1814,California
Mariposa,2021-02-12,185,2338,8,524,177,1814,0,0,141,1555,44,400,141,1955,California
Mariposa,2021-02-13,11,2349,3,527,8,1822,0,0,9,1562,2,402,9,1964,California
Mariposa,2021-02-14,9,2358,4,531,5,1827,0,0,5,1563,4,406,5,1969,California
Mariposa,2021-02-15,9,2367,3,534,6,1833,0,0,7,1568,2,408,7,1976,California
Mariposa,2021-02-16,57,2424,34,568,23,1856,0,0,34,1579,23,431,34,2010,California
Mariposa,2021-02-17,37,2461,9,577,28,1884,0,0,27,1598,9,440,28,2038,California
Mariposa,2021-02-18,58,2519,7,584,51,1935,0,0,21,1582,37,477,21,2059,California
Mariposa,2021-02-19,83,2602,3,587,80,2015,0,0,77,1653,6,483,77,2136,California
Mariposa,2021-02-20,254,2856,5,592,249,2264,0,0,224,1848,29,512,224,2360,California
Mariposa,2021-02-21,238,3094,4,596,234,2498,0,0,236,2083,1,513,236,2596,California
Mariposa,2021-02-22,22,3116,7,603,15,2513,0,0,20,2101,2,515,20,2616,California
Mariposa,2021-02-23,44,3160,37,640,7,2520,0,0,26,2109,18,533,26,2642,California
Mariposa,2021-02-24,21,3181,3,643,18,2538,0,0,8,2105,12,545,8,2650,California
Mariposa,2021-02-25,18,3199,9,652,9,2547,0,0,12,2111,6,551,12,2662,California
Mariposa,2021-02-26,429,3628,7,659,422,2969,0,0,369,2421,60,611,370,3032,California
Mariposa,2021-02-27,174,3802,4,663,170,3139,0,0,163,2573,11,622,163,3195,California
Mariposa,2021-02-28,2,3804,1,664,1,3140,0,0,0,2571,2,624,0,3195,California
Mariposa,2021-03-01,81,3885,26,690,55,3195,0,0,16,2523,64,688,16,3211,California
Mariposa,2021-03-02,20,3905,13,703,7,3202,0,0,11,2526,8,696,11,3222,California
Mariposa,2021-03-03,71,3976,5,708,66,3268,0,0,65,2586,6,702,66,3288,California
Mariposa,2021-03-04,42,4018,10,718,32,3300,0,0,21,2587,21,723,22,3310,California
Mariposa,2021-03-05,57,4075,9,727,48,3348,0,0,40,2615,17,740,45,3355,California
Mariposa,2021-03-06,15,4090,6,733,9,3357,0,0,7,2614,8,748,7,3362,California
Mariposa,2021-03-07,1,4091,1,734,0,3357,0,0,0,2613,1,749,0,3362,California
Mariposa,2021-03-08,38,4129,4,738,23,3380,11,11,9,2604,29,778,20,3382,California
Mariposa,2021-03-09,46,4175,18,756,18,3398,10,21,15,2598,31,809,25,3407,California
Mariposa,2021-03-10,31,4206,9,765,12,3410,10,31,10,2597,21,830,20,3427,California
Mariposa,2021-03-11,468,4674,6,771,443,3853,19,50,226,2604,241,1071,248,3675,California
Mariposa,2021-03-12,256,4930,8,779,222,4075,26,76,118,2609,138,1209,143,3818,California
Mariposa,2021-03-13,33,4963,7,786,11,4086,15,91,11,2612,22,1231,25,3843,California
Mariposa,2021-03-14,16,4979,2,788,3,4089,11,102,2,2611,14,1245,13,3856,California
Mariposa,2021-03-15,76,5055,7,795,31,4120,38,140,31,2635,45,1290,69,3925,California
Mariposa,2021-03-16,83,5138,33,828,15,4135,35,175,24,2635,59,1349,59,3984,California
Mariposa,2021-03-17,73,5211,10,838,55,4190,8,183,52,2675,20,1369,60,4044,California
Mariposa,2021-03-18,66,5277,15,853,42,4232,9,192,40,2698,26,1395,49,4093,California
Mariposa,2021-03-19,343,5620,11,864,325,4557,7,199,304,2970,39,1434,311,4404,California
Mariposa,2021-03-20,424,6044,4,868,418,4975,2,201,46,2641,378,1812,49,4453,California
Mariposa,2021-03-21,16,6060,9,877,6,4981,1,202,10,2647,5,1817,11,4464,California
Mariposa,2021-03-22,39,6099,8,885,23,5004,8,210,27,2671,12,1829,36,4500,California
Mariposa,2021-03-23,53,6152,33,918,10,5014,10,220,32,2692,21,1850,42,4542,California
Mariposa,2021-03-24,55,6207,5,923,48,5062,2,222,50,2739,5,1855,52,4594,California
Mariposa,2021-03-25,76,6283,15,938,53,5115,8,230,53,2779,21,1876,61,4655,California
Mariposa,2021-03-26,494,6777,9,947,484,5599,1,231,251,2788,243,2119,252,4907,California
Mariposa,2021-03-27,232,7009,8,955,224,5823,0,231,94,2746,138,2257,96,5003,California
Mariposa,2021-03-28,5,7014,0,955,2,5825,3,234,1,2746,4,2261,4,5007,California
Mariposa,2021-03-29,19,7033,6,961,13,5838,0,234,12,2751,7,2268,12,5019,California
Mariposa,2021-03-30,36,7069,13,974,7,5845,16,250,13,2757,23,2291,29,5048,California
Mariposa,2021-03-31,89,7158,15,989,67,5912,7,257,68,2811,21,2312,75,5123,California
Mariposa,2021-04-01,54,7212,10,999,36,5948,8,265,34,2833,20,2332,42,5165,California
Mariposa,2021-04-02,349,7561,11,1010,336,6284,2,267,307,3101,41,2373,309,5474,California
Mariposa,2021-04-03,10,7571,7,1017,3,6287,0,267,5,3101,5,2378,5,5479,California
Mariposa,2021-04-04,2,7573,1,1018,0,6287,1,268,0,3100,2,2380,1,5480,California
Mariposa,2021-04-05,33,7606,22,1040,7,6294,4,272,16,3103,17,2397,20,5500,California
Mariposa,2021-04-06,45,7651,20,1060,9,6303,16,288,14,3103,30,2427,30,5530,California
Mariposa,2021-04-07,99,7750,7,1067,73,6376,19,307,29,3081,70,2497,48,5578,California
Mariposa,2021-04-08,281,8031,13,1080,249,6625,19,326,143,3108,136,2633,163,5741,California
Mariposa,2021-04-09,37,8068,9,1089,13,6638,15,341,10,3106,27,2660,25,5766,California
Mariposa,2021-04-10,202,8270,4,1093,188,6826,10,351,187,3289,13,2673,196,5962,California
Mariposa,2021-04-11,123,8393,4,1097,117,6943,2,353,57,3283,66,2739,60,6022,California
Mariposa,2021-04-12,42,8435,13,1110,27,6970,2,355,13,3269,29,2768,15,6037,California
Mariposa,2021-04-13,55,8490,47,1157,8,6978,0,355,35,3284,20,2788,35,6072,California
Mariposa,2021-04-14,114,8604,8,1165,106,7084,0,355,58,3287,55,2843,58,6130,California
Mariposa,2021-04-15,58,8662,16,1181,42,7126,0,355,44,3320,11,2854,44,6174,California
Mariposa,2021-04-16,382,9044,11,1192,371,7497,0,355,106,3150,276,3130,106,6280,California
Mariposa,2021-04-17,10,9054,6,1198,4,7501,0,355,7,3154,3,3133,7,6287,California
Mariposa,2021-04-18,7,9061,0,1198,7,7508,0,355,3,3153,4,3137,3,6290,California
Mariposa,2021-04-19,58,9119,26,1224,32,7540,0,355,30,3157,26,3163,30,6320,California
Mariposa,2021-04-20,62,9181,49,1273,13,7553,0,355,39,3175,21,3184,39,6359,California
Mariposa,2021-04-21,92,9273,14,1287,78,7631,0,355,43,3170,48,3232,43,6402,California
Mariposa,2021-04-22,47,9320,8,1295,39,7670,0,355,37,3198,9,3241,37,6439,California
Mariposa,2021-04-23,315,9635,70,1365,245,7915,0,355,144,3173,171,3412,146,6585,California
Mariposa,2021-04-24,107,9742,10,1375,97,8012,0,355,43,3153,63,3475,43,6628,California
Mariposa,2021-04-26,14,9756,10,1385,4,8016,0,355,4,3147,10,3485,4,6632,California
Mariposa,2021-04-27,33,9789,17,1402,14,8030,2,357,15,3149,15,3500,17,6649,California
Mariposa,2021-04-28,73,9862,14,1416,52,8082,7,364,27,3137,46,3546,34,6683,California
Mariposa,2021-04-29,84,9946,12,1428,71,8153,1,365,79,3212,5,3551,80,6763,California
Mariposa,2021-04-30,209,10155,3,1431,201,8354,5,370,62,3132,147,3698,67,6830,California
Mariposa,2021-05-01,3,10158,2,1433,1,8355,0,370,0,3129,3,3701,0,6830,California
Mariposa,2021-05-02,3,10161,2,1435,0,8355,1,371,0,3127,3,3704,1,6831,California
Mariposa,2021-05-03,16,10177,12,1447,3,8358,1,372,7,3127,8,3712,8,6839,California
Mariposa,2021-05-04,52,10229,32,1479,16,8374,4,376,36,3151,16,3728,40,6879,California
Mariposa,2021-05-05,56,10285,8,1487,46,8420,2,378,17,3131,39,3767,19,6898,California
Mariposa,2021-05-06,56,10341,37,1524,14,8434,5,383,40,3160,16,3783,45,6943,California
Mariposa,2021-05-07,27,10368,7,1531,17,8451,3,386,13,3162,14,3797,16,6959,California
Mariposa,2021-05-08,283,10651,7,1538,276,8727,0,386,33,2947,250,4047,35,6994,California
Mariposa,2021-05-09,2,10653,1,1539,1,8728,0,386,0,2945,2,4049,0,6994,California
Mariposa,2021-05-10,19,10672,8,1547,9,8737,2,388,4,2936,15,4064,6,7000,California
Mariposa,2021-05-11,28,10700,18,1565,9,8746,1,389,19,2948,8,4072,20,7020,California
Mariposa,2021-05-12,66,10766,4,1569,59,8805,3,392,6,2897,60,4132,9,7029,California
Mariposa,2021-05-13,47,10813,7,1576,38,8843,2,394,13,2878,34,4166,15,7044,California
Mariposa,2021-05-14,250,11063,122,1698,121,8964,7,401,118,2871,132,4298,125,7169,California
Mariposa,2021-05-15,18,11081,8,1706,8,8972,2,403,10,2876,6,4304,11,7180,California
Mariposa,2021-05-16,3,11084,1,1707,1,8973,1,404,1,2876,2,4306,2,7182,California
Mariposa,2021-05-17,16,11100,7,1714,6,8979,3,407,7,2877,9,4315,10,7192,California
Mariposa,2021-05-18,61,11161,41,1755,15,8994,5,412,44,2910,16,4331,49,7241,California
Mariposa,2021-05-19,70,11231,32,1787,37,9031,1,413,51,2944,18,4349,52,7293,California
Mariposa,2021-05-20,36,11267,20,1807,14,9045,2,415,15,2940,21,4370,17,7310,California
Mariposa,2021-05-21,92,11359,8,1815,82,9127,2,417,42,2936,48,4418,44,7354,California
Mariposa,2021-05-22,48,11407,6,1821,41,9168,1,418,17,2923,31,4449,18,7372,California
Mariposa,2021-05-23,4,11411,2,1823,1,9169,1,419,2,2924,2,4451,3,7375,California
Mariposa,2021-05-24,13,11424,8,1831,3,9172,2,421,9,2931,4,4455,11,7386,California
Mariposa,2021-05-25,27,11451,17,1848,10,9182,0,421,19,2942,8,4463,19,7405,California
Mariposa,2021-05-26,34,11485,3,1851,27,9209,4,425,28,2968,6,4469,32,7437,California
Mariposa,2021-05-27,119,11604,64,1915,55,9264,0,425,62,2973,57,4526,62,7499,California
Mariposa,2021-05-28,64,11668,4,1919,56,9320,4,429,23,2959,41,4567,27,7526,California
Mariposa,2021-05-29,8,11676,2,1921,5,9325,1,430,3,2960,3,4570,4,7530,California
Mariposa,2021-05-30,1,11677,0,1921,0,9325,1,431,0,2960,1,4571,1,7531,California
Mariposa,2021-05-31,2,11679,0,1921,1,9326,1,432,0,2959,2,4573,1,7532,California
Mariposa,2021-06-01,14,11693,3,1924,11,9337,0,432,5,2955,9,4582,5,7537,California
Mariposa,2021-06-02,11,11704,1,1925,5,9342,5,437,4,2957,7,4589,9,7546,California
Mariposa,2021-06-03,9,11713,6,1931,3,9345,0,437,2,2952,7,4596,2,7548,California
Mariposa,2021-06-04,2,11715,1,1932,0,9345,1,438,0,2950,2,4598,0,7548,California
Mendocino,2020-12-17,70,70,70,70,0,0,0,0,70,70,0,0,70,70,California
Mendocino,2020-12-18,85,155,84,154,1,1,0,0,84,154,0,0,84,154,California
Mendocino,2020-12-19,4,159,4,158,0,1,0,0,4,158,0,0,4,158,California
Mendocino,2020-12-20,7,166,7,165,0,1,0,0,7,165,0,0,7,165,California
Mendocino,2020-12-21,240,406,240,405,0,1,0,0,77,242,0,0,77,242,California
Mendocino,2020-12-22,251,657,190,595,61,62,0,0,251,493,0,0,251,493,California
Mendocino,2020-12-23,271,928,48,643,223,285,0,0,270,763,0,0,270,763,California
Mendocino,2020-12-24,48,976,8,651,40,325,0,0,48,811,0,0,48,811,California
Mendocino,2020-12-25,1,977,0,651,1,326,0,0,1,812,0,0,1,812,California
Mendocino,2020-12-26,2,979,2,653,0,326,0,0,2,814,0,0,2,814,California
Mendocino,2020-12-27,1,980,0,653,1,327,0,0,1,815,0,0,1,815,California
Mendocino,2020-12-28,74,1054,9,662,65,392,0,0,74,889,0,0,74,889,California
Mendocino,2020-12-29,120,1174,59,721,61,453,0,0,120,1009,0,0,120,1009,California
Mendocino,2020-12-30,119,1293,66,787,53,506,0,0,119,1128,0,0,119,1128,California
Mendocino,2020-12-31,132,1425,97,884,35,541,0,0,132,1260,0,0,132,1260,California
Mendocino,2021-01-01,9,1434,6,890,3,544,0,0,9,1269,0,0,9,1269,California
Mendocino,2021-01-04,838,2272,18,908,820,1364,0,0,838,2107,0,0,838,2107,California
Mendocino,2021-01-05,74,2346,36,944,38,1402,0,0,61,2155,13,13,61,2168,California
Mendocino,2021-01-06,156,2502,134,1078,22,1424,0,0,146,2291,10,23,146,2314,California
Mendocino,2021-01-07,360,2862,238,1316,122,1546,0,0,297,2525,63,86,297,2611,California
Mendocino,2021-01-08,95,2957,82,1398,13,1559,0,0,41,2513,54,140,42,2653,California
Mendocino,2021-01-09,10,2967,6,1404,4,1563,0,0,8,2519,2,142,8,2661,California
Mendocino,2021-01-10,9,2976,8,1412,1,1564,0,0,2,2514,7,149,2,2663,California
Mendocino,2021-01-11,101,3077,92,1504,9,1573,0,0,43,2500,57,206,43,2706,California
Mendocino,2021-01-12,387,3464,377,1881,10,1583,0,0,271,2655,116,322,271,2977,California
Mendocino,2021-01-13,494,3958,147,2028,347,1930,0,0,451,3066,41,363,452,3429,California
Mendocino,2021-01-14,651,4609,20,2048,631,2561,0,0,642,3699,9,372,642,4071,California
Mendocino,2021-01-15,1873,6482,862,2910,1011,3572,0,0,1868,5563,5,377,1869,5940,California
Mendocino,2021-01-16,793,7275,50,2960,743,4315,0,0,791,6352,2,379,791,6731,California
Mendocino,2021-01-17,554,7829,1,2961,553,4868,0,0,553,6904,1,380,553,7284,California
Mendocino,2021-01-18,486,8315,461,3422,25,4893,0,0,476,7370,10,390,476,7760,California
Mendocino,2021-01-19,330,8645,145,3567,185,5078,0,0,156,7352,174,564,156,7916,California
Mendocino,2021-01-20,555,9200,407,3974,148,5226,0,0,449,7698,104,668,450,8366,California
Mendocino,2021-01-21,538,9738,225,4199,313,5539,0,0,352,7865,185,853,352,8718,California
Mendocino,2021-01-22,152,9890,59,4258,93,5632,0,0,113,7939,39,892,113,8831,California
Mendocino,2021-01-23,156,10046,84,4342,72,5704,0,0,150,8083,6,898,150,8981,California
Mendocino,2021-01-24,5,10051,3,4345,2,5706,0,0,5,8088,0,898,5,8986,California
Mendocino,2021-01-25,192,10243,18,4363,174,5880,0,0,122,8140,70,968,122,9108,California
Mendocino,2021-01-26,153,10396,53,4416,100,5980,0,0,94,8175,59,1027,94,9202,California
Mendocino,2021-01-27,441,10837,371,4787,70,6050,0,0,176,8093,258,1285,176,9378,California
Mendocino,2021-01-28,592,11429,528,5315,64,6114,0,0,498,8498,93,1378,498,9876,California
Mendocino,2021-01-29,392,11821,352,5667,40,6154,0,0,363,8833,29,1407,364,10240,California
Mendocino,2021-01-30,50,11871,33,5700,17,6171,0,0,43,8869,7,1414,43,10283,California
Mendocino,2021-01-31,275,12146,2,5702,273,6444,0,0,4,8602,271,1685,4,10287,California
Mendocino,2021-02-01,382,12528,52,5754,330,6774,0,0,59,8338,323,2008,59,10346,California
Mendocino,2021-02-02,737,13265,517,6271,220,6994,0,0,376,8353,361,2369,376,10722,California
Mendocino,2021-02-03,393,13658,208,6479,185,7179,0,0,223,8408,168,2537,223,10945,California
Mendocino,2021-02-04,627,14285,531,7010,96,7275,0,0,502,8785,125,2662,502,11447,California
Mendocino,2021-02-05,1306,15591,1216,8226,90,7365,0,0,585,8651,719,3381,585,12032,California
Mendocino,2021-02-06,555,16146,154,8380,401,7766,0,0,540,9176,15,3396,540,12572,California
Mendocino,2021-02-07,33,16179,29,8409,4,7770,0,0,33,9209,0,3396,33,12605,California
Mendocino,2021-02-08,748,16927,716,9125,32,7802,0,0,285,9031,463,3859,285,12890,California
Mendocino,2021-02-09,140,17067,58,9183,82,7884,0,0,88,9067,52,3911,88,12978,California
Mendocino,2021-02-10,1489,18556,924,10107,565,8449,0,0,742,9069,740,4651,742,13720,California
Mendocino,2021-02-11,1210,19766,208,10315,1002,9451,0,0,300,8459,910,5561,300,14020,California
Mendocino,2021-02-12,1459,21225,163,10478,1296,10747,0,0,658,8317,800,6361,658,14678,California
Mendocino,2021-02-13,504,21729,15,10493,489,11236,0,0,106,8031,397,6758,111,14789,California
Mendocino,2021-02-14,696,22425,4,10497,692,11928,0,0,136,7607,560,7318,136,14925,California
Mendocino,2021-02-15,329,22754,41,10538,288,12216,0,0,174,7626,155,7473,174,15099,California
Mendocino,2021-02-16,199,22953,52,10590,147,12363,0,0,128,7683,71,7544,128,15227,California
Mendocino,2021-02-17,1356,24309,1193,11783,163,12526,0,0,879,8087,475,8019,879,16106,California
Mendocino,2021-02-18,1787,26096,645,12428,1142,13668,0,0,1220,8742,565,8584,1220,17326,California
Mendocino,2021-02-19,755,26851,147,12575,608,14276,0,0,613,9214,142,8726,614,17940,California
Mendocino,2021-02-20,581,27432,555,13130,26,14302,0,0,548,9731,31,8757,548,18488,California
Mendocino,2021-02-21,325,27757,6,13136,319,14621,0,0,313,10033,11,8768,313,18801,California
Mendocino,2021-02-22,161,27918,29,13165,132,14753,0,0,69,10012,90,8858,69,18870,California
Mendocino,2021-02-23,858,28776,845,14010,13,14766,0,0,646,10448,210,9068,646,19516,California
Mendocino,2021-02-24,1854,30630,1771,15781,83,14849,0,0,1441,11483,408,9476,1443,20959,California
Mendocino,2021-02-25,1708,32338,533,16314,1175,16024,0,0,1285,12346,422,9898,1285,22244,California
Mendocino,2021-02-26,1417,33755,751,17065,666,16690,0,0,1054,13040,360,10258,1054,23298,California
Mendocino,2021-02-27,198,33953,148,17213,50,16740,0,0,77,12997,120,10378,77,23375,California
Mendocino,2021-02-28,35,33988,13,17226,22,16762,0,0,24,13010,11,10389,24,23399,California
Mendocino,2021-03-01,592,34580,550,17776,42,16804,0,0,552,13525,37,10426,552,23951,California
Mendocino,2021-03-02,76,34656,27,17803,49,16853,0,0,41,13532,34,10460,41,23992,California
Mendocino,2021-03-03,2035,36691,1334,19137,701,17554,0,0,1383,14266,649,11109,1383,25375,California
Mendocino,2021-03-04,1851,38542,149,19286,1702,19256,0,0,1633,15685,215,11324,1634,27009,California
Mendocino,2021-03-05,473,39015,415,19701,49,19305,9,9,371,15967,98,11422,380,27389,California
Mendocino,2021-03-06,246,39261,24,19725,197,19502,25,34,203,16153,42,11464,228,27617,California
Mendocino,2021-03-07,507,39768,8,19733,479,19981,20,54,117,15900,389,11853,136,27753,California
Mendocino,2021-03-08,123,39891,27,19760,58,20039,38,92,63,15943,58,11911,101,27854,California
Mendocino,2021-03-09,938,40829,600,20360,297,20336,41,133,832,16710,106,12017,873,28727,California
Mendocino,2021-03-10,1147,41976,984,21344,98,20434,65,198,271,16177,872,12889,339,29066,California
Mendocino,2021-03-11,843,42819,628,21972,162,20596,53,251,401,16192,439,13328,454,29520,California
Mendocino,2021-03-12,2067,44886,1054,23026,899,21495,114,365,1235,16716,825,14153,1349,30869,California
Mendocino,2021-03-13,705,45591,572,23598,75,21570,58,423,105,16283,596,14749,163,31032,California
Mendocino,2021-03-14,106,45697,4,23602,95,21665,7,430,12,16212,90,14839,19,31051,California
Mendocino,2021-03-15,603,46300,50,23652,494,22159,59,489,214,16096,388,15227,272,31323,California
Mendocino,2021-03-16,580,46880,386,24038,148,22307,46,535,117,15798,461,15688,163,31486,California
Mendocino,2021-03-17,1586,48466,1384,25422,53,22360,149,684,217,14805,1365,17053,372,31858,California
Mendocino,2021-03-18,1311,49777,248,25670,1026,23386,37,721,284,14106,1019,18072,320,32178,California
Mendocino,2021-03-19,1780,51557,857,26527,863,24249,60,781,332,13057,1443,19515,394,32572,California
Mendocino,2021-03-20,67,51624,10,26537,37,24286,20,801,11,13032,56,19571,31,32603,California
Mendocino,2021-03-21,8,51632,1,26538,2,24288,5,806,3,13035,5,19576,8,32611,California
Mendocino,2021-03-22,660,52292,616,27154,15,24303,29,835,146,12699,510,20086,174,32785,California
Mendocino,2021-03-23,163,52455,32,27186,101,24404,30,865,112,12791,50,20136,142,32927,California
Mendocino,2021-03-24,913,53368,841,28027,25,24429,47,912,109,12145,802,20938,156,33083,California
Mendocino,2021-03-25,2018,55386,55,28082,1943,26372,20,932,178,10507,1834,22772,196,33279,California
Mendocino,2021-03-26,544,55930,393,28475,126,26498,25,957,113,10214,431,23203,138,33417,California
Mendocino,2021-03-27,144,56074,14,28489,118,26616,12,969,80,10242,63,23266,91,33508,California
Mendocino,2021-03-28,25,56099,5,28494,16,26632,4,973,4,10230,20,23286,8,33516,California
Mendocino,2021-03-29,189,56288,99,28593,46,26678,44,1017,96,10277,93,23379,140,33656,California
Mendocino,2021-03-30,716,57004,631,29224,48,26726,37,1054,104,9808,610,23989,141,33797,California
Mendocino,2021-03-31,914,57918,280,29504,573,27299,61,1115,153,9263,759,24748,214,34011,California
Mendocino,2021-04-01,1748,59666,420,29924,1247,28546,81,1196,378,8361,1360,26108,458,34469,California
Mendocino,2021-04-02,1307,60973,1075,30999,159,28705,73,1269,158,7446,1146,27254,231,34700,California
Mendocino,2021-04-03,710,61683,11,31010,678,29383,21,1290,87,6936,618,27872,108,34808,California
Mendocino,2021-04-04,71,61754,35,31045,30,29413,6,1296,55,6981,16,27888,61,34869,California
Mendocino,2021-04-05,210,61964,141,31186,45,29458,24,1320,124,7040,86,27974,145,35014,California
Mendocino,2021-04-06,395,62359,122,31308,178,29636,95,1415,106,6952,289,28263,201,35215,California
Mendocino,2021-04-07,489,62848,178,31486,65,29701,246,1661,115,6941,371,28634,360,35575,California
Mendocino,2021-04-08,1502,64350,922,32408,465,30166,115,1776,1009,7580,486,29120,1125,36700,California
Mendocino,2021-04-09,762,65112,429,32837,172,30338,161,1937,398,7776,363,29483,559,37259,California
Mendocino,2021-04-10,409,65521,92,32929,272,30610,45,1982,100,7612,309,29792,145,37404,California
Mendocino,2021-04-11,121,65642,47,32976,19,30629,55,2037,59,7664,62,29854,114,37518,California
Mendocino,2021-04-12,623,66265,514,33490,49,30678,60,2097,408,7917,215,30069,468,37986,California
Mendocino,2021-04-13,289,66554,227,33717,62,30740,0,2097,222,8072,67,30136,222,38208,California
Mendocino,2021-04-14,520,67074,427,34144,93,30833,0,2097,420,8392,100,30236,420,38628,California
Mendocino,2021-04-15,661,67735,330,34474,331,31164,0,2097,388,8512,268,30504,388,39016,California
Mendocino,2021-04-16,123,67858,53,34527,69,31233,1,2098,76,8542,46,30550,76,39092,California
Mendocino,2021-04-17,195,68053,13,34540,182,31415,0,2098,68,8485,125,30675,68,39160,California
Mendocino,2021-04-18,13,68066,6,34546,7,31422,0,2098,7,8487,5,30680,7,39167,California
Mendocino,2021-04-19,539,68605,515,35061,23,31445,1,2099,427,8804,111,30791,428,39595,California
Mendocino,2021-04-20,419,69024,291,35352,128,31573,0,2099,263,8912,155,30946,263,39858,California
Mendocino,2021-04-21,191,69215,134,35486,56,31629,1,2100,115,8953,74,31020,115,39973,California
Mendocino,2021-04-22,488,69703,314,35800,173,31802,1,2101,315,9098,170,31190,315,40288,California
Mendocino,2021-04-23,853,70556,703,36503,150,31952,0,2101,697,9642,153,31343,697,40985,California
Mendocino,2021-04-24,107,70663,14,36517,93,32045,0,2101,100,9735,7,31350,100,41085,California
Mendocino,2021-04-25,58,70721,34,36551,20,32065,4,2105,19,9719,39,31389,23,41108,California
Mendocino,2021-04-26,304,71025,238,36789,61,32126,5,2110,198,9817,105,31494,203,41311,California
Mendocino,2021-04-27,204,71229,90,36879,87,32213,27,2137,94,9828,109,31603,120,41431,California
Mendocino,2021-04-28,222,71451,150,37029,53,32266,19,2156,127,9880,95,31698,147,41578,California
Mendocino,2021-04-29,1142,72593,842,37871,285,32551,15,2171,107,8971,1031,32729,122,41700,California
Mendocino,2021-04-30,608,73201,384,38255,214,32765,10,2181,228,8830,379,33108,238,41938,California
Mendocino,2021-05-01,472,73673,433,38688,33,32798,6,2187,368,9101,103,33211,374,42312,California
Mendocino,2021-05-02,55,73728,45,38733,7,32805,3,2190,8,9065,47,33258,11,42323,California
Mendocino,2021-05-03,147,73875,85,38818,40,32845,22,2212,43,9028,102,33360,65,42388,California
Mendocino,2021-05-04,378,74253,252,39070,92,32937,34,2246,140,8964,238,33598,174,42562,California
Mendocino,2021-05-05,874,75127,788,39858,71,33008,15,2261,220,8545,653,34251,234,42796,California
Mendocino,2021-05-06,632,75759,381,40239,229,33237,22,2283,156,8249,474,34725,178,42974,California
Mendocino,2021-05-07,186,75945,35,40274,127,33364,24,2307,122,8332,63,34788,146,43120,California
Mendocino,2021-05-08,125,76070,4,40278,120,33484,1,2308,109,8427,15,34803,110,43230,California
Mendocino,2021-05-09,20,76090,5,40283,14,33498,1,2309,3,8414,17,34820,4,43234,California
Mendocino,2021-05-10,246,76336,163,40446,78,33576,5,2314,152,8477,94,34914,157,43391,California
Mendocino,2021-05-11,274,76610,141,40587,116,33692,17,2331,127,8473,147,35061,143,43534,California
Mendocino,2021-05-12,136,76746,80,40667,48,33740,8,2339,41,8429,93,35154,49,43583,California
Mendocino,2021-05-13,1211,77957,1108,41775,87,33827,16,2355,306,7846,905,36059,322,43905,California
Mendocino,2021-05-14,715,78672,488,42263,163,33990,64,2419,244,7688,466,36525,308,44213,California
Mendocino,2021-05-15,85,78757,29,42292,52,34042,4,2423,40,7687,45,36570,44,44257,California
Mendocino,2021-05-16,116,78873,103,42395,11,34053,2,2425,100,7773,16,36586,102,44359,California
Mendocino,2021-05-17,172,79045,84,42479,72,34125,16,2441,96,7809,76,36662,112,44471,California
Mendocino,2021-05-18,244,79289,118,42597,98,34223,28,2469,107,7807,136,36798,134,44605,California
Mendocino,2021-05-19,329,79618,194,42791,114,34337,21,2490,242,7985,85,36883,263,44868,California
Mendocino,2021-05-20,285,79903,113,42904,130,34467,42,2532,104,7953,178,37061,146,45014,California
Mendocino,2021-05-21,625,80528,459,43363,153,34620,13,2545,491,8324,133,37194,504,45518,California
Mendocino,2021-05-22,776,81304,674,44037,94,34714,8,2553,241,8039,534,37728,249,45767,California
Mendocino,2021-05-23,18,81322,9,44046,2,34716,7,2560,10,8047,8,37736,16,45783,California
Mendocino,2021-05-24,126,81448,43,44089,62,34778,21,2581,60,8063,65,37801,81,45864,California
Mendocino,2021-05-25,294,81742,176,44265,89,34867,29,2610,134,8066,160,37961,163,46027,California
Mendocino,2021-05-26,321,82063,242,44507,68,34935,11,2621,131,8019,189,38150,142,46169,California
Mendocino,2021-05-27,245,82308,112,44619,111,35046,22,2643,103,8003,140,38290,124,46293,California
Mendocino,2021-05-28,235,82543,97,44716,126,35172,12,2655,154,8090,79,38369,166,46459,California
Mendocino,2021-05-29,47,82590,16,44732,26,35198,5,2660,27,8102,20,38389,32,46491,California
Mendocino,2021-05-30,15,82605,2,44734,12,35210,1,2661,10,8108,5,38394,11,46502,California
Mendocino,2021-05-31,5,82610,0,44734,4,35214,1,2662,2,8108,3,38397,3,46505,California
Mendocino,2021-06-01,296,82906,91,44825,197,35411,8,2670,80,7980,216,38613,88,46593,California
Mendocino,2021-06-02,158,83064,60,44885,90,35501,8,2678,57,7947,98,38711,65,46658,California
Mendocino,2021-06-03,525,83589,437,45322,80,35581,8,2686,122,7679,398,39109,130,46788,California
Mendocino,2021-06-04,139,83728,101,45423,21,35602,17,2703,49,7655,90,39199,66,46854,California
Merced,2020-12-16,3,3,3,3,0,0,0,0,3,3,0,0,3,3,California
Merced,2020-12-17,7,10,7,10,0,0,0,0,7,10,0,0,7,10,California
Merced,2020-12-18,145,155,145,155,0,0,0,0,145,155,0,0,145,155,California
Merced,2020-12-19,37,192,37,192,0,0,0,0,37,192,0,0,37,192,California
Merced,2020-12-20,18,210,18,210,0,0,0,0,18,210,0,0,18,210,California
Merced,2020-12-21,124,334,121,331,3,3,0,0,124,334,0,0,124,334,California
Merced,2020-12-22,152,486,152,483,0,3,0,0,152,486,0,0,152,486,California
Merced,2020-12-23,249,735,243,726,6,9,0,0,249,735,0,0,249,735,California
Merced,2020-12-24,72,807,72,798,0,9,0,0,72,807,0,0,72,807,California
Merced,2020-12-25,4,811,4,802,0,9,0,0,4,811,0,0,4,811,California
Merced,2020-12-26,6,817,3,805,3,12,0,0,6,817,0,0,6,817,California
Merced,2020-12-27,12,829,11,816,1,13,0,0,12,829,0,0,12,829,California
Merced,2020-12-28,122,951,97,913,25,38,0,0,122,951,0,0,122,951,California
Merced,2020-12-29,181,1132,124,1037,57,95,0,0,181,1132,0,0,181,1132,California
Merced,2020-12-30,216,1348,89,1126,127,222,0,0,216,1348,0,0,216,1348,California
Merced,2020-12-31,103,1451,34,1160,69,291,0,0,103,1451,0,0,103,1451,California
Merced,2021-01-01,5,1456,1,1161,4,295,0,0,5,1456,0,0,5,1456,California
Merced,2021-01-02,129,1585,118,1279,11,306,0,0,129,1585,0,0,129,1585,California
Merced,2021-01-03,9,1594,5,1284,4,310,0,0,9,1594,0,0,9,1594,California
Merced,2021-01-04,81,1675,43,1327,38,348,0,0,81,1675,0,0,81,1675,California
Merced,2021-01-05,321,1996,232,1559,89,437,0,0,315,1986,6,6,317,1992,California
Merced,2021-01-06,256,2252,104,1663,152,589,0,0,251,2232,5,11,251,2243,California
Merced,2021-01-07,186,2438,83,1746,103,692,0,0,175,2395,12,23,175,2418,California
Merced,2021-01-08,527,2965,394,2140,133,825,0,0,374,2617,152,175,374,2792,California
Merced,2021-01-09,22,2987,9,2149,13,838,0,0,17,2629,5,180,17,2809,California
Merced,2021-01-10,11,2998,7,2156,4,842,0,0,7,2632,4,184,7,2816,California
Merced,2021-01-11,230,3228,171,2327,59,901,0,0,103,2610,127,311,105,2921,California
Merced,2021-01-12,291,3519,168,2495,123,1024,0,0,243,2804,49,360,243,3164,California
Merced,2021-01-13,377,3896,175,2670,202,1226,0,0,225,2880,152,512,228,3392,California
Merced,2021-01-14,322,4218,200,2870,122,1348,0,0,157,2874,164,676,158,3550,California
Merced,2021-01-15,585,4803,129,2999,456,1804,0,0,546,3383,40,716,549,4099,California
Merced,2021-01-16,213,5016,129,3128,84,1888,0,0,196,3562,17,733,196,4295,California
Merced,2021-01-17,50,5066,12,3140,38,1926,0,0,49,3610,1,734,49,4344,California
Merced,2021-01-18,262,5328,126,3266,136,2062,0,0,239,3830,23,757,243,4587,California
Merced,2021-01-19,713,6041,589,3855,124,2186,0,0,541,4204,172,929,546,5133,California
Merced,2021-01-20,572,6613,467,4322,105,2291,0,0,515,4665,57,986,518,5651,California
Merced,2021-01-21,1011,7624,651,4973,360,2651,0,0,911,5479,100,1086,914,6565,California
Merced,2021-01-22,1312,8936,692,5665,620,3271,0,0,1284,6748,27,1113,1296,7861,California
Merced,2021-01-23,325,9261,198,5863,127,3398,0,0,218,6859,107,1220,218,8079,California
Merced,2021-01-24,37,9298,15,5878,22,3420,0,0,28,6879,8,1228,28,8107,California
Merced,2021-01-25,729,10027,241,6119,488,3908,0,0,669,7490,59,1287,670,8777,California
Merced,2021-01-26,919,10946,488,6607,431,4339,0,0,676,7951,216,1503,677,9454,California
Merced,2021-01-27,985,11931,588,7195,397,4736,0,0,816,8600,167,1670,816,10270,California
Merced,2021-01-28,1141,13072,595,7790,546,5282,0,0,1017,9495,123,1793,1018,11288,California
Merced,2021-01-29,853,13925,323,8113,530,5812,0,0,599,9856,241,2034,602,11890,California
Merced,2021-01-30,260,14185,28,8141,232,6044,0,0,243,10082,17,2051,243,12133,California
Merced,2021-01-31,47,14232,11,8152,36,6080,0,0,46,10127,1,2052,46,12179,California
Merced,2021-02-01,378,14610,55,8207,323,6403,0,0,327,10405,50,2102,328,12507,California
Merced,2021-02-02,296,14906,179,8386,117,6520,0,0,176,10465,117,2219,177,12684,California
Merced,2021-02-03,350,15256,72,8458,278,6798,0,0,169,10453,181,2400,169,12853,California
Merced,2021-02-04,370,15626,145,8603,225,7023,0,0,239,10563,130,2530,240,13093,California
Merced,2021-02-05,508,16134,169,8772,339,7362,0,0,271,10600,236,2766,273,13366,California
Merced,2021-02-06,389,16523,218,8990,171,7533,0,0,245,10705,141,2907,246,13612,California
Merced,2021-02-07,20,16543,12,9002,8,7541,0,0,13,10711,7,2914,13,13625,California
Merced,2021-02-08,283,16826,198,9200,85,7626,0,0,171,10772,111,3025,172,13797,California
Merced,2021-02-09,1216,18042,956,10156,260,7886,0,0,772,11109,436,3461,773,14570,California
Merced,2021-02-10,1857,19899,1433,11589,424,8310,0,0,1274,11810,573,4034,1274,15844,California
Merced,2021-02-11,2506,22405,2012,13601,494,8804,0,0,1815,12946,679,4713,1815,17659,California
Merced,2021-02-12,1718,24123,1016,14617,702,9506,0,0,746,12740,955,5668,749,18408,California
Merced,2021-02-13,361,24484,207,14824,154,9660,0,0,262,12909,95,5763,264,18672,California
Merced,2021-02-14,118,24602,26,14850,92,9752,0,0,96,12984,22,5785,97,18769,California
Merced,2021-02-15,274,24876,42,14892,232,9984,0,0,169,13056,98,5883,170,18939,California
Merced,2021-02-16,1216,26092,844,15736,372,10356,0,0,834,13531,363,6246,838,19777,California
Merced,2021-02-17,1886,27978,1640,17376,246,10602,0,0,1311,14291,560,6806,1320,21097,California
Merced,2021-02-18,1214,29192,823,18199,391,10993,0,0,404,13909,789,7595,407,21504,California
Merced,2021-02-19,1264,30456,415,18614,849,11842,0,0,539,13731,719,8314,541,22045,California
Merced,2021-02-20,278,30734,31,18645,247,12089,0,0,139,13733,137,8451,139,22184,California
Merced,2021-02-21,77,30811,62,18707,15,12104,0,0,31,13719,45,8496,31,22215,California
Merced,2021-02-22,831,31642,294,19001,537,12641,0,0,481,13853,348,8844,482,22697,California
Merced,2021-02-23,1082,32724,422,19423,660,13301,0,0,638,14054,438,9282,639,23336,California
Merced,2021-02-24,819,33543,302,19725,517,13818,0,0,448,14141,362,9644,449,23785,California
Merced,2021-02-25,1770,35313,879,20604,891,14709,0,0,1316,15009,451,10095,1319,25104,California
Merced,2021-02-26,2155,37468,1379,21983,776,15485,0,0,1740,16342,408,10503,1741,26845,California
Merced,2021-02-27,2609,40077,1183,23166,1426,16911,0,0,2326,18386,282,10785,2326,29171,California
Merced,2021-02-28,310,40387,73,23239,237,17148,0,0,256,18592,50,10835,256,29427,California
Merced,2021-03-01,1123,41510,283,23522,839,17987,1,1,780,19039,334,11169,781,30208,California
Merced,2021-03-02,1756,43266,911,24433,844,18831,1,2,1362,20017,387,11556,1365,31573,California
Merced,2021-03-03,2231,45497,1734,26167,496,19327,1,3,1469,20745,743,12299,1471,33044,California
Merced,2021-03-04,2900,48397,2275,28442,623,19950,2,5,1925,21716,957,13256,1928,34972,California
Merced,2021-03-05,2076,50473,1198,29640,854,20804,24,29,1533,22745,529,13785,1558,36530,California
Merced,2021-03-06,1166,51639,663,30303,481,21285,22,51,910,23422,255,14040,932,37462,California
Merced,2021-03-07,231,51870,67,30370,139,21424,25,76,202,23620,29,14069,227,37689,California
Merced,2021-03-08,1406,53276,808,31178,533,21957,65,141,1190,24659,215,14284,1254,38943,California
Merced,2021-03-09,1697,54973,1003,32181,586,22543,108,249,1100,25276,591,14875,1208,40151,California
Merced,2021-03-10,2708,57681,1874,34055,633,23176,201,450,1631,26049,1062,15937,1835,41986,California
Merced,2021-03-11,1948,59629,699,34754,1047,24223,202,652,1231,26802,702,16639,1455,43441,California
Merced,2021-03-12,2217,61846,903,35657,1042,25265,272,924,1497,27868,715,17354,1781,45222,California
Merced,2021-03-13,884,62730,310,35967,333,25598,241,1165,580,28394,296,17650,822,46044,California
Merced,2021-03-14,251,62981,137,36104,84,25682,30,1195,150,28474,100,17750,180,46224,California
Merced,2021-03-15,1523,64504,496,36600,770,26452,257,1452,1002,29218,514,18264,1258,47482,California
Merced,2021-03-16,1469,65973,713,37313,529,26981,227,1679,978,29944,480,18744,1206,48688,California
Merced,2021-03-17,1969,67942,1064,38377,727,27708,178,1857,1513,31191,446,19190,1693,50381,California
Merced,2021-03-18,2124,70066,1251,39628,727,28435,146,2003,1397,32035,712,19902,1556,51937,California
Merced,2021-03-19,2667,72733,1455,41083,1017,29452,195,2198,1384,32342,1272,21174,1579,53516,California
Merced,2021-03-20,2448,75181,1518,42601,535,29987,395,2593,957,32211,1487,22661,1356,54872,California
Merced,2021-03-21,556,75737,343,42944,201,30188,12,2605,437,32543,119,22780,451,55323,California
Merced,2021-03-22,1264,77001,630,43574,557,30745,77,2682,885,33136,371,23151,964,56287,California
Merced,2021-03-23,1836,78837,1108,44682,664,31409,64,2746,1354,34078,476,23627,1418,57705,California
Merced,2021-03-24,1470,80307,930,45612,505,31914,35,2781,990,34629,474,24101,1025,58730,California
Merced,2021-03-25,3323,83630,2280,47892,1020,32934,23,2804,2083,35510,1228,25329,2109,60839,California
Merced,2021-03-26,1939,85569,1091,48983,814,33748,34,2838,893,35400,1036,26365,926,61765,California
Merced,2021-03-27,3563,89132,1906,50889,1240,34988,417,3255,1553,35374,1997,28362,1971,63736,California
Merced,2021-03-28,523,89655,216,51105,299,35287,8,3263,214,35289,307,28669,222,63958,California
Merced,2021-03-29,1829,91484,780,51885,882,36169,167,3430,670,34980,1150,29819,841,64799,California
Merced,2021-03-30,2148,93632,803,52688,1286,37455,59,3489,990,34879,1152,30971,1051,65850,California
Merced,2021-03-31,2149,95781,1412,54100,699,38154,38,3527,954,34692,1180,32151,993,66843,California
Merced,2021-04-01,2261,98042,1028,55128,1105,39259,128,3655,1016,34599,1239,33390,1146,67989,California
Merced,2021-04-02,2334,100376,638,55766,1292,40551,404,4059,782,34251,1535,34925,1187,69176,California
Merced,2021-04-03,917,101293,439,56205,463,41014,15,4074,506,34367,407,35332,523,69699,California
Merced,2021-04-04,369,101662,143,56348,223,41237,3,4077,141,34286,227,35559,146,69845,California
Merced,2021-04-05,1273,102935,608,56956,453,41690,212,4289,418,34067,848,36407,629,70474,California
Merced,2021-04-06,2419,105354,893,57849,698,42388,828,5117,889,34257,1525,37932,1715,72189,California
Merced,2021-04-07,1662,107016,891,58740,663,43051,108,5225,587,33898,1057,38989,698,72887,California
Merced,2021-04-08,2328,109344,1197,59937,916,43967,215,5440,842,33498,1455,40444,1055,73942,California
Merced,2021-04-09,1693,111037,471,60408,646,44613,576,6016,566,33531,1111,41555,1144,75086,California
Merced,2021-04-10,853,111890,366,60774,300,44913,187,6203,175,33219,672,42227,360,75446,California
Merced,2021-04-11,488,112378,282,61056,72,44985,134,6337,148,33164,338,42565,283,75729,California
Merced,2021-04-12,1460,113838,944,62000,392,45377,124,6461,828,33520,596,43161,952,76681,California
Merced,2021-04-13,2044,115882,1464,63464,577,45954,3,6464,939,33452,1014,44175,946,77627,California
Merced,2021-04-14,2050,117932,1219,64683,831,46785,0,6464,903,33342,1015,45190,905,78532,California
Merced,2021-04-15,3019,120951,1976,66659,1043,47828,0,6464,953,32467,1834,47024,959,79491,California
Merced,2021-04-16,2378,123329,1165,67824,1213,49041,0,6464,969,32126,1310,48334,969,80460,California
Merced,2021-04-17,1989,125318,1331,69155,657,49698,1,6465,595,31336,1387,49721,597,81057,California
Merced,2021-04-18,469,125787,247,69402,222,49920,0,6465,191,31276,251,49972,191,81248,California
Merced,2021-04-19,1337,127124,751,70153,586,50506,0,6465,707,31449,535,50507,708,81956,California
Merced,2021-04-20,1472,128596,739,70892,733,51239,0,6465,802,31651,600,51107,802,82758,California
Merced,2021-04-21,1478,130074,890,71782,588,51827,0,6465,752,31789,614,51721,752,83510,California
Merced,2021-04-22,1616,131690,743,72525,873,52700,0,6465,782,31819,753,52474,783,84293,California
Merced,2021-04-23,1646,133336,683,73208,963,53663,0,6465,886,31992,714,53188,887,85180,California
Merced,2021-04-24,575,133911,405,73613,170,53833,0,6465,390,32201,181,53369,390,85570,California
Merced,2021-04-25,325,134236,185,73798,140,53973,0,6465,191,32261,131,53500,191,85761,California
Merced,2021-04-26,1193,135429,524,74322,669,54642,0,6465,620,32343,540,54040,622,86383,California
Merced,2021-04-27,1745,137174,883,75205,852,55494,10,6475,701,32078,977,55017,712,87095,California
Merced,2021-04-28,1369,138543,677,75882,683,56177,9,6484,782,32305,565,55582,792,87887,California
Merced,2021-04-29,1408,139951,599,76481,784,56961,25,6509,653,32239,746,56328,680,88567,California
Merced,2021-04-30,1456,141407,615,77096,797,57758,44,6553,749,32330,703,57031,794,89361,California
Merced,2021-05-01,557,141964,240,77336,312,58070,5,6558,258,32297,295,57326,262,89623,California
Merced,2021-05-02,296,142260,121,77457,160,58230,15,6573,132,32283,163,57489,149,89772,California
Merced,2021-05-03,839,143099,548,78005,221,58451,70,6643,298,32114,538,58027,369,90141,California
Merced,2021-05-04,1014,144113,543,78548,419,58870,52,6695,373,31901,638,58665,425,90566,California
Merced,2021-05-05,1209,145322,714,79262,419,59289,76,6771,530,31840,668,59333,607,91173,California
Merced,2021-05-06,905,146227,471,79733,384,59673,50,6821,303,31599,594,59927,353,91526,California
Merced,2021-05-07,929,147156,291,80024,596,60269,42,6863,392,31502,533,60460,436,91962,California
Merced,2021-05-08,396,147552,202,80226,158,60427,36,6899,180,31503,215,60675,216,92178,California
Merced,2021-05-09,213,147765,107,80333,99,60526,7,6906,102,31502,110,60785,109,92287,California
Merced,2021-05-10,692,148457,355,80688,301,60827,36,6942,191,31230,500,61285,228,92515,California
Merced,2021-05-11,1111,149568,654,81342,404,61231,53,6995,427,31032,678,61963,480,92995,California
Merced,2021-05-12,985,150553,526,81868,420,61651,39,7034,314,30717,668,62631,353,93348,California
Merced,2021-05-13,799,151352,401,82269,356,62007,42,7076,296,30557,499,63130,339,93687,California
Merced,2021-05-14,1005,152357,615,82884,350,62357,40,7116,526,30650,473,63603,566,94253,California
Merced,2021-05-15,747,153104,565,83449,163,62520,19,7135,443,30816,297,63900,463,94716,California
Merced,2021-05-16,347,153451,232,83681,107,62627,8,7143,200,30881,144,64044,209,94925,California
Merced,2021-05-17,1046,154497,666,84347,350,62977,30,7173,504,30878,538,64582,535,95460,California
Merced,2021-05-18,1264,155761,844,85191,389,63366,31,7204,718,31088,539,65121,749,96209,California
Merced,2021-05-19,1089,156850,740,85931,342,63708,7,7211,613,31240,472,65593,624,96833,California
Merced,2021-05-20,906,157756,466,86397,385,64093,55,7266,337,31065,567,66160,392,97225,California
Merced,2021-05-21,1062,158818,607,87004,429,64522,26,7292,433,30905,619,66779,459,97684,California
Merced,2021-05-22,596,159414,413,87417,170,64692,13,7305,346,31016,248,67027,359,98043,California
Merced,2021-05-23,275,159689,204,87621,60,64752,11,7316,196,31144,79,67106,207,98250,California
Merced,2021-05-24,525,160214,239,87860,256,65008,30,7346,218,31089,304,67410,249,98499,California
Merced,2021-05-25,757,160971,428,88288,295,65303,34,7380,407,31183,347,67757,441,98940,California
Merced,2021-05-26,834,161805,509,88797,292,65595,33,7413,321,31025,512,68269,354,99294,California
Merced,2021-05-27,920,162725,649,89446,238,65833,33,7446,574,31292,341,68610,608,99902,California
Merced,2021-05-28,760,163485,345,89791,368,66201,47,7493,339,31265,414,69024,387,100289,California
Merced,2021-05-29,393,163878,273,90064,112,66313,8,7501,174,31232,216,69240,183,100472,California
Merced,2021-05-30,213,164091,145,90209,57,66370,11,7512,135,31300,78,69318,146,100618,California
Merced,2021-05-31,110,164201,24,90233,80,66450,6,7518,31,31261,77,69395,38,100656,California
Merced,2021-06-01,777,164978,466,90699,282,66732,29,7547,341,31198,433,69828,370,101026,California
Merced,2021-06-02,627,165605,450,91149,155,66887,22,7569,346,31291,275,70103,368,101394,California
Merced,2021-06-03,305,165910,147,91296,141,67028,17,7586,147,31298,157,70260,164,101558,California
Merced,2021-06-04,29,165939,16,91312,10,67038,3,7589,5,31285,24,70284,11,101569,California
Modoc,2020-12-16,1,1,1,1,0,0,0,0,1,1,0,0,1,1,California
Modoc,2020-12-21,100,101,100,101,0,0,0,0,100,101,0,0,100,101,California
Modoc,2020-12-22,14,115,14,115,0,0,0,0,14,115,0,0,14,115,California
Modoc,2020-12-23,4,119,4,119,0,0,0,0,4,119,0,0,4,119,California
Modoc,2020-12-24,1,120,1,120,0,0,0,0,1,120,0,0,1,120,California
Modoc,2020-12-28,2,122,2,122,0,0,0,0,2,122,0,0,2,122,California
Modoc,2020-12-29,9,131,1,123,8,8,0,0,9,131,0,0,9,131,California
Modoc,2020-12-30,8,139,1,124,7,15,0,0,8,139,0,0,8,139,California
Modoc,2021-01-02,3,142,1,125,2,17,0,0,3,142,0,0,3,142,California
Modoc,2021-01-04,8,150,0,125,8,25,0,0,8,150,0,0,8,150,California
Modoc,2021-01-05,3,153,2,127,1,26,0,0,3,153,0,0,3,153,California
Modoc,2021-01-06,3,156,2,129,1,27,0,0,2,154,1,1,2,155,California
Modoc,2021-01-07,73,229,0,129,73,100,0,0,73,227,0,1,73,228,California
Modoc,2021-01-08,106,335,0,129,106,206,0,0,106,333,0,1,106,334,California
Modoc,2021-01-10,1,336,1,130,0,206,0,0,0,332,1,2,0,334,California
Modoc,2021-01-11,91,427,82,212,9,215,0,0,19,279,72,74,19,353,California
Modoc,2021-01-12,94,521,25,237,69,284,0,0,68,321,26,100,68,421,California
Modoc,2021-01-13,24,545,4,241,20,304,0,0,22,341,2,102,22,443,California
Modoc,2021-01-14,129,674,6,247,123,427,0,0,124,460,5,107,124,567,California
Modoc,2021-01-15,6,680,1,248,5,432,0,0,6,466,0,107,6,573,California
Modoc,2021-01-16,1,681,1,249,0,432,0,0,1,467,0,107,1,574,California
Modoc,2021-01-18,1,682,1,250,0,432,0,0,1,468,0,107,1,575,California
Modoc,2021-01-19,5,687,3,253,2,434,0,0,3,469,2,109,3,578,California
Modoc,2021-01-20,13,700,3,256,10,444,0,0,12,480,1,110,12,590,California
Modoc,2021-01-21,158,858,2,258,156,600,0,0,158,638,0,110,158,748,California
Modoc,2021-01-22,3,861,1,259,2,602,0,0,3,641,0,110,3,751,California
Modoc,2021-01-25,11,872,0,259,11,613,0,0,11,652,0,110,11,762,California
Modoc,2021-01-26,90,962,1,260,89,702,0,0,90,742,0,110,90,852,California
Modoc,2021-01-27,40,1002,3,263,37,739,0,0,25,752,15,125,25,877,California
Modoc,2021-01-28,148,1150,3,266,145,884,0,0,147,898,1,126,147,1024,California
Modoc,2021-01-29,4,1154,1,267,3,887,0,0,4,902,0,126,4,1028,California
Modoc,2021-02-01,26,1180,13,280,13,900,0,0,12,900,14,140,12,1040,California
Modoc,2021-02-02,171,1351,2,282,169,1069,0,0,168,1065,3,143,168,1208,California
Modoc,2021-02-03,18,1369,13,295,5,1074,0,0,11,1069,7,150,11,1219,California
Modoc,2021-02-04,158,1527,3,298,155,1229,0,0,29,969,129,279,29,1248,California
Modoc,2021-02-05,3,1530,2,300,1,1230,0,0,2,970,1,280,2,1250,California
Modoc,2021-02-08,10,1540,2,302,8,1238,0,0,9,978,1,281,9,1259,California
Modoc,2021-02-09,198,1738,12,314,186,1424,0,0,65,910,133,414,65,1324,California
Modoc,2021-02-10,6,1744,3,317,3,1427,0,0,4,912,2,416,4,1328,California
Modoc,2021-02-11,201,1945,3,320,198,1625,0,0,83,877,118,534,83,1411,California
Modoc,2021-02-12,7,1952,1,321,6,1631,0,0,3,876,4,538,3,1414,California
Modoc,2021-02-13,1,1953,0,321,1,1632,0,0,1,877,0,538,1,1415,California
Modoc,2021-02-16,147,2100,6,327,141,1773,0,0,143,1016,4,542,143,1558,California
Modoc,2021-02-17,25,2125,2,329,23,1796,0,0,12,1015,13,555,12,1570,California
Modoc,2021-02-18,189,2314,3,332,186,1982,0,0,23,875,165,720,25,1595,California
Modoc,2021-02-19,3,2317,3,335,0,1982,0,0,2,876,1,721,2,1597,California
Modoc,2021-02-20,1,2318,1,336,0,1982,0,0,0,875,1,722,0,1597,California
Modoc,2021-02-22,17,2335,9,345,8,1990,0,0,3,864,14,736,3,1600,California
Modoc,2021-02-23,52,2387,2,347,50,2040,0,0,8,828,44,780,8,1608,California
Modoc,2021-02-24,90,2477,1,348,89,2129,0,0,31,800,59,839,31,1639,California
Modoc,2021-02-25,170,2647,0,348,170,2299,0,0,12,654,158,997,12,1651,California
Modoc,2021-02-26,3,2650,0,348,3,2302,0,0,1,653,2,999,1,1652,California
Modoc,2021-02-27,3,2653,3,351,0,2302,0,0,2,654,1,1000,2,1654,California
Modoc,2021-03-01,5,2658,0,351,5,2307,0,0,0,650,4,1004,0,1654,California
Modoc,2021-03-02,194,2852,12,363,182,2489,0,0,26,508,168,1172,26,1680,California
Modoc,2021-03-03,12,2864,6,369,6,2495,0,0,2,500,10,1182,2,1682,California
Modoc,2021-03-04,176,3040,2,371,174,2669,0,0,147,618,29,1211,147,1829,California
Modoc,2021-03-05,3,3043,2,373,1,2670,0,0,2,619,1,1212,2,1831,California
Modoc,2021-03-06,11,3054,0,373,1,2671,10,10,1,620,10,1222,11,1842,California
Modoc,2021-03-07,8,3062,2,375,0,2671,6,16,2,622,6,1228,8,1850,California
Modoc,2021-03-08,8,3070,1,376,3,2674,4,20,1,621,6,1234,5,1855,California
Modoc,2021-03-09,127,3197,10,386,109,2783,8,28,61,624,66,1300,69,1924,California
Modoc,2021-03-10,9,3206,3,389,2,2785,4,32,4,627,5,1305,8,1932,California
Modoc,2021-03-11,207,3413,0,389,99,2884,108,140,22,572,185,1490,130,2062,California
Modoc,2021-03-12,10,3423,1,390,4,2888,5,145,4,575,6,1496,9,2071,California
Modoc,2021-03-13,4,3427,0,390,1,2889,3,148,1,576,3,1499,4,2075,California
Modoc,2021-03-15,14,3441,1,391,12,2901,1,149,12,587,2,1501,13,2088,California
Modoc,2021-03-16,173,3614,1,392,168,3069,4,153,42,501,131,1632,45,2133,California
Modoc,2021-03-17,10,3624,1,393,4,3073,5,158,2,500,8,1640,7,2140,California
Modoc,2021-03-18,67,3691,2,395,58,3131,7,165,36,512,31,1671,43,2183,California
Modoc,2021-03-19,5,3696,0,395,0,3131,5,170,0,512,5,1676,5,2188,California
Modoc,2021-03-20,5,3701,2,397,0,3131,3,173,0,510,5,1681,3,2191,California
Modoc,2021-03-21,4,3705,1,398,1,3132,2,175,2,512,2,1683,4,2195,California
Modoc,2021-03-22,17,3722,1,399,11,3143,5,180,12,524,5,1688,17,2212,California
Modoc,2021-03-23,54,3776,7,406,44,3187,3,183,39,551,15,1703,42,2254,California
Modoc,2021-03-24,29,3805,1,407,18,3205,10,193,1,534,28,1731,11,2265,California
Modoc,2021-03-25,78,3883,2,409,74,3279,2,195,46,550,32,1763,48,2313,California
Modoc,2021-03-26,7,3890,2,411,2,3281,3,198,2,550,5,1768,5,2318,California
Modoc,2021-03-27,2,3892,0,411,1,3282,1,199,1,551,1,1769,2,2320,California
Modoc,2021-03-28,2,3894,1,412,0,3282,1,200,0,550,2,1771,1,2321,California
Modoc,2021-03-29,15,3909,1,413,6,3288,8,208,6,555,9,1780,14,2335,California
Modoc,2021-03-30,54,3963,9,422,38,3326,7,215,20,548,34,1814,27,2362,California
Modoc,2021-03-31,9,3972,3,425,2,3328,4,219,3,549,6,1820,7,2369,California
Modoc,2021-04-01,169,4141,2,427,162,3490,5,224,34,453,135,1955,39,2408,California
Modoc,2021-04-02,5,4146,0,427,2,3492,3,227,1,454,3,1958,4,2412,California
Modoc,2021-04-03,4,4150,1,428,0,3492,3,230,1,455,2,1960,3,2415,California
Modoc,2021-04-05,10,4160,0,428,9,3501,1,231,9,464,1,1961,10,2425,California
Modoc,2021-04-06,24,4184,5,433,9,3510,10,241,6,462,18,1979,16,2441,California
Modoc,2021-04-07,12,4196,1,434,4,3514,7,248,3,463,9,1988,10,2451,California
Modoc,2021-04-08,96,4292,1,435,92,3606,3,251,26,422,70,2058,29,2480,California
Modoc,2021-04-09,11,4303,2,437,6,3612,3,254,2,417,9,2067,4,2484,California
Modoc,2021-04-10,5,4308,0,437,1,3613,4,258,0,416,5,2072,4,2488,California
Modoc,2021-04-11,2,4310,2,439,0,3613,0,258,1,416,1,2073,1,2489,California
Modoc,2021-04-12,14,4324,0,439,10,3623,4,262,1,410,11,2084,5,2494,California
Modoc,2021-04-13,33,4357,30,469,3,3626,0,262,22,421,11,2095,22,2516,California
Modoc,2021-04-14,2,4359,2,471,0,3626,0,262,1,421,1,2096,1,2517,California
Modoc,2021-04-15,101,4460,0,471,101,3727,0,262,28,376,73,2169,28,2545,California
Modoc,2021-04-16,6,4466,4,475,2,3729,0,262,5,380,1,2170,5,2550,California
Modoc,2021-04-17,2,4468,2,477,0,3729,0,262,2,382,0,2170,2,2552,California
Modoc,2021-04-18,1,4469,0,477,1,3730,0,262,1,383,0,2170,1,2553,California
Modoc,2021-04-19,6,4475,0,477,6,3736,0,262,1,379,5,2175,1,2554,California
Modoc,2021-04-20,40,4515,2,479,38,3774,0,262,9,357,31,2206,9,2563,California
Modoc,2021-04-21,3,4518,3,482,0,3774,0,262,1,356,2,2208,1,2564,California
Modoc,2021-04-22,96,4614,2,484,94,3868,0,262,38,336,58,2266,38,2602,California
Modoc,2021-04-23,4,4618,0,484,4,3872,0,262,3,338,1,2267,3,2605,California
Modoc,2021-04-24,2,4620,0,484,1,3873,1,263,1,339,1,2268,2,2607,California
Modoc,2021-04-25,1,4621,1,485,0,3873,0,263,1,340,0,2268,1,2608,California
Modoc,2021-04-26,8,4629,0,485,8,3881,0,263,2,336,6,2274,2,2610,California
Modoc,2021-04-27,5,4634,4,489,0,3881,1,264,0,332,5,2279,1,2611,California
Modoc,2021-04-28,6,4640,1,490,4,3885,1,265,2,331,4,2283,3,2614,California
Modoc,2021-04-29,65,4705,1,491,64,3949,0,265,21,308,44,2327,21,2635,California
Modoc,2021-04-30,3,4708,2,493,1,3950,0,265,1,307,2,2329,1,2636,California
Modoc,2021-05-01,1,4709,1,494,0,3950,0,265,0,306,1,2330,0,2636,California
Modoc,2021-05-02,4,4713,3,497,1,3951,0,265,3,308,1,2331,3,2639,California
Modoc,2021-05-03,13,4726,0,497,12,3963,1,266,3,302,10,2341,4,2643,California
Modoc,2021-05-04,11,4737,3,500,6,3969,2,268,5,303,6,2347,7,2650,California
Modoc,2021-05-05,28,4765,25,525,2,3971,1,269,8,292,20,2367,9,2659,California
Modoc,2021-05-06,54,4819,3,528,49,4020,2,271,21,282,33,2400,23,2682,California
Modoc,2021-05-07,8,4827,3,531,3,4023,2,273,2,280,6,2406,4,2686,California
Modoc,2021-05-08,3,4830,2,533,0,4023,1,274,1,280,2,2408,2,2688,California
Modoc,2021-05-09,1,4831,1,534,0,4023,0,274,0,279,1,2409,0,2688,California
Modoc,2021-05-10,2,4833,0,534,1,4024,1,275,1,280,1,2410,2,2690,California
Modoc,2021-05-11,3,4836,2,536,0,4024,1,276,0,278,3,2413,1,2691,California
Modoc,2021-05-12,2,4838,0,536,0,4024,2,278,0,278,2,2415,2,2693,California
Modoc,2021-05-13,43,4881,0,536,39,4063,4,282,14,267,29,2444,18,2711,California
Modoc,2021-05-14,9,4890,3,539,1,4064,5,287,4,271,5,2449,9,2720,California
Modoc,2021-05-15,4,4894,3,542,1,4065,0,287,4,275,0,2449,4,2724,California
Modoc,2021-05-16,2,4896,1,543,1,4066,0,287,0,273,2,2451,0,2724,California
Modoc,2021-05-17,7,4903,3,546,4,4070,0,287,4,274,3,2454,4,2728,California
Modoc,2021-05-18,25,4928,12,558,11,4081,2,289,14,279,11,2465,16,2744,California
Modoc,2021-05-19,8,4936,1,559,3,4084,4,293,4,283,4,2469,8,2752,California
Modoc,2021-05-20,58,4994,3,562,46,4130,9,302,8,250,50,2519,17,2769,California
Modoc,2021-05-21,5,4999,3,565,1,4131,1,303,2,250,3,2522,3,2772,California
Modoc,2021-05-22,2,5001,2,567,0,4131,0,303,1,250,1,2523,1,2773,California
Modoc,2021-05-23,2,5003,2,569,0,4131,0,303,0,248,2,2525,0,2773,California
Modoc,2021-05-24,4,5007,1,570,1,4132,2,305,2,250,2,2527,4,2777,California
Modoc,2021-05-25,2,5009,1,571,1,4133,0,305,1,250,1,2528,1,2778,California
Modoc,2021-05-26,35,5044,32,603,3,4136,0,305,25,266,10,2538,26,2804,California
Modoc,2021-05-27,30,5074,2,605,22,4158,6,311,7,256,23,2561,13,2817,California
Modoc,2021-05-28,8,5082,1,606,4,4162,3,314,3,257,5,2566,6,2823,California
Modoc,2021-05-29,1,5083,1,607,0,4162,0,314,0,256,1,2567,0,2823,California
Modoc,2021-06-01,7,5090,0,607,6,4168,1,315,2,254,5,2572,3,2826,California
Modoc,2021-06-02,11,5101,0,607,9,4177,2,317,5,255,6,2578,7,2833,California
Modoc,2021-06-03,24,5125,1,608,21,4198,2,319,4,241,20,2598,6,2839,California
Modoc,2021-06-04,1,5126,1,609,0,4198,0,319,0,240,1,2599,0,2839,California
Mono,2020-12-18,1,1,1,1,0,0,0,0,1,1,0,0,1,1,California
Mono,2020-12-19,5,6,5,6,0,0,0,0,5,6,0,0,5,6,California
Mono,2020-12-20,7,13,7,13,0,0,0,0,7,13,0,0,7,13,California
Mono,2020-12-21,24,37,17,30,7,7,0,0,24,37,0,0,24,37,California
Mono,2020-12-22,67,104,66,96,1,8,0,0,67,104,0,0,67,104,California
Mono,2020-12-23,71,175,43,139,28,36,0,0,71,175,0,0,71,175,California
Mono,2020-12-24,3,178,1,140,2,38,0,0,3,178,0,0,3,178,California
Mono,2020-12-26,3,181,3,143,0,38,0,0,3,181,0,0,3,181,California
Mono,2020-12-27,1,182,0,143,1,39,0,0,1,182,0,0,1,182,California
Mono,2020-12-28,94,276,63,206,31,70,0,0,94,276,0,0,94,276,California
Mono,2020-12-29,29,305,29,235,0,70,0,0,29,305,0,0,29,305,California
Mono,2020-12-30,77,382,36,271,41,111,0,0,77,382,0,0,77,382,California
Mono,2020-12-31,4,386,1,272,3,114,0,0,4,386,0,0,4,386,California
Mono,2021-01-01,4,390,4,276,0,114,0,0,4,390,0,0,4,390,California
Mono,2021-01-02,2,392,2,278,0,114,0,0,2,392,0,0,2,392,California
Mono,2021-01-04,2,394,0,278,2,116,0,0,2,394,0,0,2,394,California
Mono,2021-01-05,45,439,2,280,43,159,0,0,44,437,1,1,44,438,California
Mono,2021-01-06,48,487,0,280,48,207,0,0,48,485,0,1,48,486,California
Mono,2021-01-07,55,542,3,283,52,259,0,0,53,537,2,3,54,540,California
Mono,2021-01-08,2,544,1,284,1,260,0,0,1,537,1,4,1,541,California
Mono,2021-01-09,4,548,4,288,0,260,0,0,0,533,4,8,0,541,California
Mono,2021-01-10,5,553,5,293,0,260,0,0,0,528,5,13,0,541,California
Mono,2021-01-11,8,561,5,298,3,263,0,0,4,528,4,17,4,545,California
Mono,2021-01-12,285,846,77,375,208,471,0,0,220,684,64,81,220,765,California
Mono,2021-01-13,233,1079,73,448,160,631,0,0,178,807,55,136,178,943,California
Mono,2021-01-14,74,1153,71,519,3,634,0,0,74,881,0,136,74,1017,California
Mono,2021-01-15,66,1219,2,521,64,698,0,0,66,947,0,136,66,1083,California
Mono,2021-01-16,4,1223,3,524,1,699,0,0,1,945,3,139,1,1084,California
Mono,2021-01-18,64,1287,55,579,9,708,0,0,2,885,62,201,2,1086,California
Mono,2021-01-19,211,1498,209,788,2,710,0,0,173,1021,38,239,174,1260,California
Mono,2021-01-20,231,1729,199,987,32,742,0,0,170,1130,61,300,170,1430,California
Mono,2021-01-21,6,1735,3,990,3,745,0,0,6,1136,0,300,6,1436,California
Mono,2021-01-22,4,1739,0,990,4,749,0,0,4,1140,0,300,4,1440,California
Mono,2021-01-23,591,2330,591,1581,0,749,0,0,590,1729,1,301,590,2030,California
Mono,2021-01-24,1,2331,0,1581,1,750,0,0,0,1728,1,302,0,2030,California
Mono,2021-01-25,202,2533,164,1745,38,788,0,0,163,1852,39,341,163,2193,California
Mono,2021-01-26,505,3038,503,2248,2,790,0,0,499,2345,6,347,499,2692,California
Mono,2021-01-27,5,3043,1,2249,4,794,0,0,5,2350,0,347,5,2697,California
Mono,2021-01-28,6,3049,2,2251,4,798,0,0,2,2348,4,351,2,2699,California
Mono,2021-01-30,200,3249,198,2449,2,800,0,0,199,2546,1,352,199,2898,California
Mono,2021-01-31,246,3495,138,2587,108,908,0,0,139,2578,107,459,139,3037,California
Mono,2021-02-01,27,3522,27,2614,0,908,0,0,0,2551,27,486,0,3037,California
Mono,2021-02-02,5,3527,0,2614,5,913,0,0,2,2550,3,489,2,3039,California
Mono,2021-02-03,5,3532,2,2616,3,916,0,0,2,2549,3,492,2,3041,California
Mono,2021-02-04,212,3744,158,2774,54,970,0,0,91,2520,120,612,91,3132,California
Mono,2021-02-05,619,4363,613,3387,6,976,0,0,616,3133,3,615,616,3748,California
Mono,2021-02-06,138,4501,137,3524,1,977,0,0,137,3269,1,616,137,3885,California
Mono,2021-02-07,2,4503,0,3524,2,979,0,0,2,3271,0,616,2,3887,California
Mono,2021-02-08,173,4676,173,3697,0,979,0,0,15,3129,157,773,15,3902,California
Mono,2021-02-09,227,4903,6,3703,221,1200,0,0,14,2930,213,986,14,3916,California
Mono,2021-02-10,537,5440,187,3890,350,1550,0,0,193,2780,344,1330,194,4110,California
Mono,2021-02-11,8,5448,4,3894,4,1554,0,0,2,2776,6,1336,2,4112,California
Mono,2021-02-12,89,5537,21,3915,68,1622,0,0,27,2741,62,1398,27,4139,California
Mono,2021-02-13,584,6121,584,4499,0,1622,0,0,27,2212,556,1954,27,4166,California
Mono,2021-02-15,166,6287,164,4663,2,1624,0,0,3,2054,161,2115,3,4169,California
Mono,2021-02-16,518,6805,514,5177,4,1628,0,0,46,1631,469,2584,46,4215,California
Mono,2021-02-17,6,6811,2,5179,4,1632,0,0,2,1629,4,2588,2,4217,California
Mono,2021-02-18,6,6817,2,5181,4,1636,0,0,2,1627,4,2592,2,4219,California
Mono,2021-02-19,53,6870,52,5233,1,1637,0,0,53,1680,0,2592,53,4272,California
Mono,2021-02-20,5,6875,5,5238,0,1637,0,0,5,1685,0,2592,5,4277,California
Mono,2021-02-21,6,6881,6,5244,0,1637,0,0,4,1687,2,2594,4,4281,California
Mono,2021-02-22,283,7164,282,5526,1,1638,0,0,24,1453,258,2852,24,4305,California
Mono,2021-02-23,138,7302,118,5644,20,1658,0,0,22,1359,116,2968,22,4327,California
Mono,2021-02-24,11,7313,3,5647,8,1666,0,0,4,1356,7,2975,4,4331,California
Mono,2021-02-25,5,7318,2,5649,3,1669,0,0,3,1358,1,2976,3,4334,California
Mono,2021-02-26,599,7917,597,6246,2,1671,0,0,20,800,578,3554,20,4354,California
Mono,2021-02-27,141,8058,137,6383,4,1675,0,0,4,669,135,3689,4,4358,California
Mono,2021-03-01,2,8060,2,6385,0,1675,0,0,1,670,0,3689,1,4359,California
Mono,2021-03-02,8,8068,4,6389,4,1679,0,0,6,674,2,3691,6,4365,California
Mono,2021-03-03,113,8181,2,6391,111,1790,0,0,110,782,2,3693,110,4475,California
Mono,2021-03-04,6,8187,1,6392,5,1795,0,0,3,782,3,3696,3,4478,California
Mono,2021-03-05,38,8225,29,6421,9,1804,0,0,12,768,26,3722,12,4490,California
Mono,2021-03-06,513,8738,18,6439,495,2299,0,0,504,1266,7,3729,505,4995,California
Mono,2021-03-07,1,8739,0,6439,1,2300,0,0,0,1265,1,3730,0,4995,California
Mono,2021-03-08,544,9283,11,6450,530,2830,3,3,535,1794,9,3739,538,5533,California
Mono,2021-03-09,6,9289,2,6452,3,2833,1,4,3,1796,2,3741,4,5537,California
Mono,2021-03-10,285,9574,89,6541,193,3026,3,7,9,1535,273,4014,12,5549,California
Mono,2021-03-11,10,9584,0,6541,1,3027,9,16,0,1534,10,4024,9,5558,California
Mono,2021-03-12,7,9591,1,6542,1,3028,5,21,0,1532,7,4031,5,5563,California
Mono,2021-03-13,831,10422,394,6936,436,3464,1,22,821,2344,10,4041,822,6385,California
Mono,2021-03-14,5,10427,5,6941,0,3464,0,22,1,2341,4,4045,1,6386,California
Mono,2021-03-15,31,10458,23,6964,3,3467,5,27,14,2344,16,4061,19,6405,California
Mono,2021-03-16,17,10475,6,6970,5,3472,6,33,8,2349,9,4070,14,6419,California
Mono,2021-03-17,32,10507,4,6974,20,3492,8,41,20,2365,12,4082,28,6447,California
Mono,2021-03-18,21,10528,2,6976,11,3503,8,49,9,2370,12,4094,17,6464,California
Mono,2021-03-19,21,10549,1,6977,17,3520,3,52,17,2387,3,4097,20,6484,California
Mono,2021-03-20,5,10554,3,6980,1,3521,1,53,4,2391,1,4098,5,6489,California
Mono,2021-03-22,11,10565,0,6980,6,3527,5,58,5,2395,6,4104,10,6499,California
Mono,2021-03-23,43,10608,6,6986,32,3559,5,63,17,2391,26,4130,22,6521,California
Mono,2021-03-24,13,10621,1,6987,7,3566,5,68,5,2393,8,4138,10,6531,California
Mono,2021-03-25,18,10639,2,6989,12,3578,4,72,12,2403,6,4144,16,6547,California
Mono,2021-03-26,19,10658,3,6992,11,3589,5,77,10,2410,8,4152,15,6562,California
Mono,2021-03-27,359,11017,356,7348,3,3592,0,77,333,2717,26,4178,333,6895,California
Mono,2021-03-29,11,11028,3,7351,7,3599,1,78,9,2725,2,4180,10,6905,California
Mono,2021-03-30,14,11042,0,7351,10,3609,4,82,7,2729,7,4187,11,6916,California
Mono,2021-03-31,134,11176,8,7359,125,3734,1,83,22,2641,111,4298,23,6939,California
Mono,2021-04-01,9,11185,0,7359,8,3742,1,84,4,2641,5,4303,5,6944,California
Mono,2021-04-02,18,11203,2,7361,16,3758,0,84,8,2639,10,4313,8,6952,California
Mono,2021-04-03,879,12082,380,7741,499,4257,0,84,51,1864,826,5139,51,7003,California
Mono,2021-04-04,1,12083,1,7742,0,4257,0,84,0,1863,1,5140,0,7003,California
Mono,2021-04-05,541,12624,18,7760,522,4779,1,85,34,1392,506,5646,35,7038,California
Mono,2021-04-06,19,12643,1,7761,5,4784,13,98,1,1388,18,5664,14,7052,California
Mono,2021-04-07,24,12667,3,7764,2,4786,19,117,3,1389,21,5685,22,7074,California
Mono,2021-04-08,23,12690,4,7768,2,4788,17,134,5,1393,18,5703,22,7096,California
Mono,2021-04-09,37,12727,4,7772,4,4792,29,163,7,1399,30,5733,36,7132,California
Mono,2021-04-10,452,13179,2,7774,443,5235,7,170,30,1014,422,6155,37,7169,California
Mono,2021-04-12,6,13185,0,7774,3,5238,3,173,3,1017,3,6158,6,7175,California
Mono,2021-04-13,20,13205,2,7776,17,5255,1,174,14,1026,6,6164,15,7190,California
Mono,2021-04-14,25,13230,1,7777,24,5279,0,174,7,1015,18,6182,7,7197,California
Mono,2021-04-15,20,13250,5,7782,15,5294,0,174,11,1017,9,6191,11,7208,California
Mono,2021-04-16,17,13267,1,7783,16,5310,0,174,6,1012,11,6202,6,7214,California
Mono,2021-04-17,51,13318,2,7785,49,5359,0,174,44,1049,7,6209,44,7258,California
Mono,2021-04-18,1,13319,0,7785,1,5360,0,174,1,1050,0,6209,1,7259,California
Mono,2021-04-19,533,13852,324,8109,209,5569,0,174,202,923,329,6538,202,7461,California
Mono,2021-04-20,15,13867,2,8111,13,5582,0,174,10,928,5,6543,10,7471,California
Mono,2021-04-21,8,13875,1,8112,7,5589,0,174,2,924,6,6549,2,7473,California
Mono,2021-04-22,25,13900,11,8123,14,5603,0,174,11,921,14,6563,11,7484,California
Mono,2021-04-23,22,13922,2,8125,20,5623,0,174,12,923,10,6573,12,7496,California
Mono,2021-04-24,36,13958,22,8147,14,5637,0,174,21,929,15,6588,21,7517,California
Mono,2021-04-25,5,13963,4,8151,1,5638,0,174,5,934,0,6588,5,7522,California
Mono,2021-04-26,12,13975,1,8152,11,5649,0,174,3,928,9,6597,3,7525,California
Mono,2021-04-27,66,14041,40,8192,19,5668,7,181,50,969,16,6613,57,7582,California
Mono,2021-04-28,64,14105,41,8233,18,5686,5,186,48,1008,14,6627,53,7635,California
Mono,2021-04-29,10,14115,3,8236,4,5690,3,189,3,1007,7,6634,6,7641,California
Mono,2021-04-30,18,14133,3,8239,12,5702,3,192,8,1008,10,6644,11,7652,California
Mono,2021-05-01,108,14241,4,8243,104,5806,0,192,96,1092,12,6656,96,7748,California
Mono,2021-05-02,1,14242,1,8244,0,5806,0,192,1,1093,0,6656,1,7749,California
Mono,2021-05-03,1,14243,0,8244,1,5807,0,192,0,1092,1,6657,0,7749,California
Mono,2021-05-04,18,14261,0,8244,13,5820,5,197,10,1099,8,6665,15,7764,California
Mono,2021-05-05,52,14313,8,8252,40,5860,4,201,45,1141,7,6672,49,7813,California
Mono,2021-05-06,12,14325,2,8254,9,5869,1,202,8,1146,4,6676,9,7822,California
Mono,2021-05-07,29,14354,22,8276,7,5876,0,202,25,1167,4,6680,25,7847,California
Mono,2021-05-08,52,14406,7,8283,45,5921,0,202,22,1159,30,6710,22,7869,California
Mono,2021-05-10,17,14423,1,8284,12,5933,4,206,9,1164,8,6718,13,7882,California
Mono,2021-05-11,16,14439,2,8286,11,5944,3,209,5,1161,11,6729,8,7890,California
Mono,2021-05-12,12,14451,0,8286,11,5955,1,210,4,1158,8,6737,5,7895,California
Mono,2021-05-13,44,14495,31,8317,13,5968,0,210,36,1186,8,6745,36,7931,California
Mono,2021-05-14,10,14505,1,8318,8,5976,1,211,5,1187,5,6750,6,7937,California
Mono,2021-05-15,70,14575,28,8346,35,6011,7,218,20,1164,50,6800,27,7964,California
Mono,2021-05-16,6,14581,5,8351,1,6012,0,218,3,1164,3,6803,3,7967,California
Mono,2021-05-17,248,14829,33,8384,208,6220,7,225,53,1031,194,6997,61,8028,California
Mono,2021-05-18,133,14962,109,8493,23,6243,1,226,87,1073,46,7043,88,8116,California
Mono,2021-05-19,118,15080,112,8605,1,6244,5,231,75,1110,43,7086,80,8196,California
Mono,2021-05-20,69,15149,54,8659,10,6254,5,236,52,1150,17,7103,57,8253,California
Mono,2021-05-21,24,15173,4,8663,17,6271,3,239,11,1151,13,7116,14,8267,California
Mono,2021-05-22,19,15192,10,8673,7,6278,2,241,13,1160,6,7122,15,8282,California
Mono,2021-05-23,2,15194,0,8673,2,6280,0,241,1,1160,1,7123,1,8283,California
Mono,2021-05-24,16,15210,2,8675,13,6293,1,242,9,1164,7,7130,11,8294,California
Mono,2021-05-25,14,15224,5,8680,9,6302,0,242,7,1164,7,7137,7,8301,California
Mono,2021-05-26,18,15242,2,8682,15,6317,1,243,7,1161,11,7148,8,8309,California
Mono,2021-05-27,9,15251,0,8682,9,6326,0,243,6,1165,2,7150,6,8315,California
Mono,2021-05-28,41,15292,28,8710,13,6339,0,243,10,1144,31,7181,10,8325,California
Mono,2021-05-29,128,15420,27,8737,98,6437,3,246,32,1083,96,7277,35,8360,California
Mono,2021-06-01,15,15435,7,8744,8,6445,0,246,8,1084,7,7284,8,8368,California
Mono,2021-06-02,48,15483,4,8748,44,6489,0,246,11,1058,37,7321,11,8379,California
Mono,2021-06-03,11,15494,1,8749,7,6496,3,249,1,1052,10,7331,4,8383,California
Monterey,2020-12-16,5,5,5,5,0,0,0,0,5,5,0,0,5,5,California
Monterey,2020-12-17,87,92,87,92,0,0,0,0,87,92,0,0,87,92,California
Monterey,2020-12-18,490,582,490,582,0,0,0,0,490,582,0,0,490,582,California
Monterey,2020-12-19,583,1165,582,1164,1,1,0,0,582,1164,0,0,582,1164,California
Monterey,2020-12-20,421,1586,421,1585,0,1,0,0,421,1585,0,0,421,1585,California
Monterey,2020-12-21,725,2311,725,2310,0,1,0,0,725,2310,0,0,725,2310,California
Monterey,2020-12-22,540,2851,527,2837,13,14,0,0,540,2850,0,0,540,2850,California
Monterey,2020-12-23,443,3294,266,3103,177,191,0,0,443,3293,0,0,443,3293,California
Monterey,2020-12-24,84,3378,10,3113,74,265,0,0,84,3377,0,0,84,3377,California
Monterey,2020-12-25,6,3384,0,3113,6,271,0,0,6,3383,0,0,6,3383,California
Monterey,2020-12-26,92,3476,5,3118,87,358,0,0,92,3475,0,0,92,3475,California
Monterey,2020-12-27,6,3482,3,3121,3,361,0,0,6,3481,0,0,6,3481,California
Monterey,2020-12-28,483,3965,25,3146,458,819,0,0,483,3964,0,0,483,3964,California
Monterey,2020-12-29,904,4869,168,3314,736,1555,0,0,904,4868,0,0,904,4868,California
Monterey,2020-12-30,572,5441,100,3414,472,2027,0,0,572,5440,0,0,572,5440,California
Monterey,2020-12-31,33,5474,11,3425,22,2049,0,0,33,5473,0,0,33,5473,California
Monterey,2021-01-01,13,5487,3,3428,10,2059,0,0,13,5486,0,0,13,5486,California
Monterey,2021-01-02,138,5625,135,3563,3,2062,0,0,138,5624,0,0,138,5624,California
Monterey,2021-01-03,31,5656,30,3593,1,2063,0,0,31,5655,0,0,31,5655,California
Monterey,2021-01-04,414,6070,19,3612,395,2458,0,0,414,6069,0,0,414,6069,California
Monterey,2021-01-05,759,6829,331,3943,428,2886,0,0,745,6800,14,14,745,6814,California
Monterey,2021-01-06,665,7494,177,4120,488,3374,0,0,642,7419,23,37,642,7456,California
Monterey,2021-01-07,753,8247,574,4694,179,3553,0,0,428,7524,323,360,428,7884,California
Monterey,2021-01-08,1102,9349,743,5437,359,3912,0,0,399,7220,703,1063,399,8283,California
Monterey,2021-01-09,968,10317,936,6373,32,3944,0,0,315,6884,651,1714,315,8598,California
Monterey,2021-01-10,275,10592,272,6645,3,3947,0,0,9,6627,266,1980,9,8607,California
Monterey,2021-01-11,1076,11668,991,7636,85,4032,0,0,368,6287,708,2688,368,8975,California
Monterey,2021-01-12,476,12144,394,8030,82,4114,0,0,214,6239,262,2950,214,9189,California
Monterey,2021-01-13,1221,13365,594,8624,627,4741,0,0,1175,7368,46,2996,1175,10364,California
Monterey,2021-01-14,1131,14496,169,8793,962,5703,0,0,1112,8465,19,3015,1116,11480,California
Monterey,2021-01-15,1064,15560,46,8839,1018,6721,0,0,1051,9503,13,3028,1051,12531,California
Monterey,2021-01-16,366,15926,301,9140,65,6786,0,0,361,9859,5,3033,361,12892,California
Monterey,2021-01-17,312,16238,292,9432,20,6806,0,0,300,10147,12,3045,300,13192,California
Monterey,2021-01-18,410,16648,49,9481,361,7167,0,0,388,10513,22,3067,388,13580,California
Monterey,2021-01-19,585,17233,397,9878,188,7355,0,0,425,10780,158,3225,425,14005,California
Monterey,2021-01-20,547,17780,270,10148,277,7632,0,0,339,10911,208,3433,339,14344,California
Monterey,2021-01-21,868,18648,94,10242,774,8406,0,0,756,11559,112,3545,760,15104,California
Monterey,2021-01-22,1066,19714,197,10439,869,9275,0,0,1027,12547,39,3584,1027,16131,California
Monterey,2021-01-23,245,19959,176,10615,69,9344,0,0,120,12545,124,3708,122,16253,California
Monterey,2021-01-24,57,20016,38,10653,19,9363,0,0,23,12534,34,3742,23,16276,California
Monterey,2021-01-25,822,20838,180,10833,642,10005,0,0,188,12095,627,4369,188,16464,California
Monterey,2021-01-26,968,21806,230,11063,738,10743,0,0,266,11659,702,5071,266,16730,California
Monterey,2021-01-27,893,22699,319,11382,574,11317,0,0,410,11586,483,5554,410,17140,California
Monterey,2021-01-28,2045,24744,743,12125,1302,12619,0,0,1703,12949,342,5896,1705,18845,California
Monterey,2021-01-29,1288,26032,712,12837,576,13195,0,0,1170,14003,117,6013,1171,20016,California
Monterey,2021-01-30,477,26509,297,13134,180,13375,0,0,220,13966,257,6270,220,20236,California
Monterey,2021-01-31,501,27010,76,13210,425,13800,0,0,490,14446,11,6281,491,20727,California
Monterey,2021-02-01,1668,28678,1155,14365,513,14313,0,0,1099,14977,568,6849,1099,21826,California
Monterey,2021-02-02,2183,30861,463,14828,1720,16033,0,0,1573,15941,609,7458,1573,23399,California
Monterey,2021-02-03,2361,33222,1068,15896,1293,17326,0,0,1579,16742,778,8236,1579,24978,California
Monterey,2021-02-04,2812,36034,2094,17990,718,18044,0,0,2499,18930,311,8547,2499,27477,California
Monterey,2021-02-05,3702,39736,2852,20842,850,18894,0,0,3260,21753,437,8984,3260,30737,California
Monterey,2021-02-06,1126,40862,380,21222,746,19640,0,0,778,22185,346,9330,778,31515,California
Monterey,2021-02-07,322,41184,270,21492,52,19692,0,0,104,22071,218,9548,104,31619,California
Monterey,2021-02-08,529,41713,292,21784,237,19929,0,0,434,22410,95,9643,434,32053,California
Monterey,2021-02-09,897,42610,692,22476,205,20134,0,0,582,22679,315,9958,584,32637,California
Monterey,2021-02-10,2121,44731,1113,23589,1008,21142,0,0,1267,23094,854,10812,1269,33906,California
Monterey,2021-02-11,2519,47250,973,24562,1546,22688,0,0,1553,23685,964,11776,1555,35461,California
Monterey,2021-02-12,2621,49871,435,24997,2186,24874,0,0,1538,24142,1082,12858,1539,37000,California
Monterey,2021-02-13,1089,50960,47,25044,1042,25916,0,0,999,25052,89,12947,999,37999,California
Monterey,2021-02-14,611,51571,74,25118,537,26453,0,0,538,25517,73,13020,538,38537,California
Monterey,2021-02-15,1390,52961,165,25283,1225,27678,0,0,993,26116,395,13415,994,39531,California
Monterey,2021-02-16,1104,54065,245,25528,859,28537,0,0,876,26764,228,13643,876,40407,California
Monterey,2021-02-17,1979,56044,1175,26703,804,29341,0,0,1660,28110,316,13959,1662,42069,California
Monterey,2021-02-18,2265,58309,1183,27886,1082,30423,0,0,918,27697,1333,15292,920,42989,California
Monterey,2021-02-19,2968,61277,1543,29429,1425,31848,0,0,1363,27457,1604,16896,1364,44353,California
Monterey,2021-02-20,1054,62331,643,30072,411,32259,0,0,992,28388,61,16957,992,45345,California
Monterey,2021-02-21,1261,63592,1230,31302,31,32290,0,0,1188,29505,71,17028,1188,46533,California
Monterey,2021-02-22,1031,64623,875,32177,156,32446,0,0,657,29790,372,17400,657,47190,California
Monterey,2021-02-23,988,65611,625,32802,363,32809,0,0,308,29420,679,18079,309,47499,California
Monterey,2021-02-24,2522,68133,1346,34148,1176,33985,0,0,1866,30636,651,18730,1867,49366,California
Monterey,2021-02-25,4463,72596,2444,36592,2019,36004,0,0,1506,29193,2950,21680,1507,50873,California
Monterey,2021-02-26,5323,77919,3099,39691,2224,38228,0,0,2642,29158,2678,24358,2643,53516,California
Monterey,2021-02-27,1047,78966,190,39881,857,39085,0,0,822,29760,220,24578,822,54338,California
Monterey,2021-02-28,1552,80518,87,39968,1465,40550,0,0,1084,30381,463,25041,1084,55422,California
Monterey,2021-03-01,1306,81824,156,40124,1147,41697,3,3,757,30598,544,25585,761,56183,California
Monterey,2021-03-02,2822,84646,1743,41867,1079,42776,0,3,1948,31676,870,26455,1948,58131,California
Monterey,2021-03-03,3237,87883,1250,43117,1987,44763,0,3,1292,31027,1942,28397,1293,59424,California
Monterey,2021-03-04,4635,92518,1486,44603,3149,47912,0,3,2999,32394,1632,30029,2999,62423,California
Monterey,2021-03-05,3697,96215,1628,46231,1791,49703,278,281,3021,35018,675,30704,3299,65722,California
Monterey,2021-03-06,5164,101379,1127,47358,3728,53431,309,590,4234,38632,927,31631,4541,70263,California
Monterey,2021-03-07,528,101907,106,47464,172,53603,250,840,231,38814,297,31928,479,70742,California
Monterey,2021-03-08,1671,103578,329,47793,954,54557,388,1228,1120,39769,551,32479,1506,72248,California
Monterey,2021-03-09,2010,105588,696,48489,1040,55597,274,1502,1506,41044,503,32982,1778,74026,California
Monterey,2021-03-10,3239,108827,1045,49534,1705,57302,489,1991,1490,41278,1745,34727,1979,76005,California
Monterey,2021-03-11,4194,113021,1419,50953,2400,59702,375,2366,2411,42288,1776,36503,2786,78791,California
Monterey,2021-03-12,4462,117483,2058,53011,2257,61959,147,2513,2752,43479,1707,38210,2898,81689,California
Monterey,2021-03-13,5350,122833,989,54000,4013,65972,348,2861,4002,46482,1347,39557,4350,86039,California
Monterey,2021-03-14,2178,125011,1346,55346,807,66779,25,2886,585,45509,1583,41140,610,86649,California
Monterey,2021-03-15,3987,128998,1276,56622,2421,69200,290,3176,2282,46379,1701,42841,2571,89220,California
Monterey,2021-03-16,3551,132549,585,57207,2589,71789,377,3553,2123,47449,1426,44267,2496,91716,California
Monterey,2021-03-17,5893,138442,2395,59602,3241,75030,257,3810,4271,50367,1615,45882,4533,96249,California
Monterey,2021-03-18,4509,142951,2194,61796,2144,77174,171,3981,3130,52331,1374,47256,3338,99587,California
Monterey,2021-03-19,5525,148476,2573,64369,2802,79976,150,4131,4226,55414,1294,48550,4377,103964,California
Monterey,2021-03-20,3372,151848,426,64795,2252,82228,694,4825,2280,57300,1088,49638,2974,106938,California
Monterey,2021-03-21,639,152487,207,65002,423,82651,9,4834,568,57807,69,49707,576,107514,California
Monterey,2021-03-22,2501,154988,1445,66447,993,83644,63,4897,2281,59933,216,49923,2342,109856,California
Monterey,2021-03-23,4059,159047,2383,68830,1633,85277,43,4940,2579,61081,1474,51397,2622,112478,California
Monterey,2021-03-24,5176,164223,2167,70997,2694,87971,315,5255,3803,63826,1370,52767,4115,116593,California
Monterey,2021-03-25,5352,169575,1239,72236,3754,91725,359,5614,2692,64226,2652,55419,3052,119645,California
Monterey,2021-03-26,5497,175072,2647,74883,2773,94498,77,5691,2827,64473,2659,58078,2906,122551,California
Monterey,2021-03-27,4943,180015,1514,76397,3172,97670,257,5948,3150,66092,1790,59868,3409,125960,California
Monterey,2021-03-28,1128,181143,350,76747,769,98439,9,5957,633,66244,490,60358,642,126602,California
Monterey,2021-03-29,3251,184394,1432,78179,1805,100244,14,5971,2023,67066,1220,61578,2042,128644,California
Monterey,2021-03-30,4560,188954,2148,80327,2359,102603,53,6024,2805,68182,1745,63323,2861,131505,California
Monterey,2021-03-31,5492,194446,2457,82784,2236,104839,799,6823,3487,70457,2002,65325,4277,135782,California
Monterey,2021-04-01,6227,200673,2091,84875,3724,108563,412,7235,3146,70944,3066,68391,3553,139335,California
Monterey,2021-04-02,4774,205447,2226,87101,2479,111042,69,7304,3204,72653,1567,69958,3276,142611,California
Monterey,2021-04-03,5976,211423,1131,88232,3796,114838,1049,8353,1242,70212,4725,74683,2284,144895,California
Monterey,2021-04-04,778,212201,166,88398,599,115437,13,8366,501,70452,277,74960,517,145412,California
Monterey,2021-04-05,4027,216228,2485,90883,1309,116746,233,8599,1497,69655,2525,77485,1728,147140,California
Monterey,2021-04-06,3476,219704,1361,92244,1638,118384,477,9076,1191,69039,2282,79767,1666,148806,California
Monterey,2021-04-07,5691,225395,1404,93648,3770,122154,517,9593,2720,69311,2960,82727,3232,152038,California
Monterey,2021-04-08,6772,232167,3559,97207,2397,124551,816,10409,3349,70063,3418,86145,4170,156208,California
Monterey,2021-04-09,5804,237971,3457,100664,1706,126257,641,11050,2315,69529,3486,89631,2952,159160,California
Monterey,2021-04-10,10286,248257,4988,105652,3113,129370,2185,13235,5015,71466,5260,94891,7197,166357,California
Monterey,2021-04-11,5524,253781,4339,109991,575,129945,610,13845,4468,75489,1050,95941,5073,171430,California
Monterey,2021-04-12,4167,257948,1887,111878,1955,131900,325,14170,959,73709,3069,99010,1289,172719,California
Monterey,2021-04-13,3223,261171,743,112621,2475,134375,5,14175,1545,73602,1659,100669,1552,174271,California
Monterey,2021-04-14,6844,268015,3187,115808,3654,138029,3,14178,1857,70499,4969,105638,1866,176137,California
Monterey,2021-04-15,5888,273903,3888,119696,2000,140029,0,14178,3840,72321,2019,107657,3841,179978,California
Monterey,2021-04-16,4920,278823,2488,122184,2421,142450,11,14189,2281,71987,2627,110284,2293,182271,California
Monterey,2021-04-17,5794,284617,1367,123551,4427,146877,0,14189,3741,73689,2039,112323,3741,186012,California
Monterey,2021-04-18,854,285471,263,123814,591,147468,0,14189,241,73321,609,112932,241,186253,California
Monterey,2021-04-19,3751,289222,1299,125113,2452,149920,0,14189,1779,73136,1964,114896,1779,188032,California
Monterey,2021-04-20,3880,293102,1603,126716,2277,152197,0,14189,1589,72459,2267,117163,1590,189622,California
Monterey,2021-04-21,6003,299105,3232,129948,2771,154968,0,14189,2893,72280,3074,120237,2895,192517,California
Monterey,2021-04-22,4878,303983,1058,131006,3820,158788,0,14189,2008,71460,2828,123065,2008,194525,California
Monterey,2021-04-23,5679,309662,2650,133656,3028,161816,1,14190,2244,70293,3417,126482,2250,196775,California
Monterey,2021-04-24,4327,313989,593,134249,3734,165550,0,14190,1563,69111,2745,129227,1563,198338,California
Monterey,2021-04-25,1248,315237,618,134867,630,166180,0,14190,797,69467,441,129668,797,199135,California
Monterey,2021-04-26,3515,318752,2191,137058,1307,167487,17,14207,900,67794,2590,132258,917,200052,California
Monterey,2021-04-27,2717,321469,914,137972,1678,169165,125,14332,1192,67589,1521,133779,1316,201368,California
Monterey,2021-04-28,3661,325130,1395,139367,2113,171278,153,14485,2265,68619,1383,135162,2413,203781,California
Monterey,2021-04-29,4564,329694,2458,141825,2031,173309,75,14560,1669,67481,2883,138045,1745,205526,California
Monterey,2021-04-30,3216,332910,1664,143489,1477,174786,75,14635,809,65966,2397,140442,882,206408,California
Monterey,2021-05-01,5639,338549,4260,147749,1338,176124,41,14676,670,61726,4949,145391,709,207117,California
Monterey,2021-05-02,4378,342927,3948,151697,403,176527,27,14703,315,58019,4049,149440,342,207459,California
Monterey,2021-05-03,2556,345483,1572,153269,867,177394,117,14820,597,56784,1949,151389,714,208173,California
Monterey,2021-05-04,1815,347298,624,153893,1101,178495,90,14910,647,56368,1154,152543,738,208911,California
Monterey,2021-05-05,3363,350661,1225,155118,2052,180547,86,14996,1065,55233,2287,154830,1152,210063,California
Monterey,2021-05-06,4203,354864,2762,157880,1221,181768,220,15216,1132,53528,3057,157887,1352,211415,California
Monterey,2021-05-07,2012,356876,990,158870,922,182690,100,15316,701,53025,1303,159190,800,212215,California
Monterey,2021-05-08,2614,359490,1379,160249,911,183601,324,15640,940,52621,1663,160853,1259,213474,California
Monterey,2021-05-09,405,359895,120,160369,259,183860,26,15666,146,52535,258,161111,172,213646,California
Monterey,2021-05-10,2610,362505,1869,162238,692,184552,49,15715,334,50654,2265,163376,384,214030,California
Monterey,2021-05-11,1790,364295,924,163162,801,185353,65,15780,741,50425,1036,164412,807,214837,California
Monterey,2021-05-12,3711,368006,1981,165143,1654,187007,76,15856,789,48380,2911,167323,866,215703,California
Monterey,2021-05-13,2310,370316,1317,166460,937,187944,56,15912,1272,48678,1028,168351,1326,217029,California
Monterey,2021-05-14,1780,372096,511,166971,1192,189136,77,15989,706,48395,1065,169416,782,217811,California
Monterey,2021-05-15,3035,375131,534,167505,2266,191402,235,16224,658,46921,2366,171782,892,218703,California
Monterey,2021-05-16,897,376028,543,168048,282,191684,72,16296,231,46563,660,172442,302,219005,California
Monterey,2021-05-17,2204,378232,1299,169347,826,192510,79,16375,1039,46528,1153,173595,1118,220123,California
Monterey,2021-05-18,1755,379987,684,170031,1026,193536,45,16420,813,46455,933,174528,860,220983,California
Monterey,2021-05-19,3634,383621,2363,172394,1183,194719,88,16508,1953,46824,1674,176202,2043,223026,California
Monterey,2021-05-20,2355,385976,840,173234,1406,196125,109,16617,758,46109,1584,177786,869,223895,California
Monterey,2021-05-21,2848,388824,1211,174445,1540,197665,97,16714,876,45120,1961,179747,972,224867,California
Monterey,2021-05-22,1724,390548,623,175068,823,198488,278,16992,649,44975,1070,180817,925,225792,California
Monterey,2021-05-23,553,391101,415,175483,122,198610,16,17008,390,45223,158,180975,406,226198,California
Monterey,2021-05-24,1679,392780,502,175985,1117,199727,60,17068,605,44819,1070,182045,666,226864,California
Monterey,2021-05-25,1436,394216,542,176527,825,200552,69,17137,593,44653,828,182873,662,227526,California
Monterey,2021-05-26,2606,396822,1037,177564,1515,202067,54,17191,1022,44164,1567,184440,1078,228604,California
Monterey,2021-05-27,2480,399302,1350,178914,1074,203141,56,17247,902,43562,1561,186001,959,229563,California
Monterey,2021-05-28,1734,401036,574,179488,1103,204244,57,17304,759,43416,963,186964,817,230380,California
Monterey,2021-05-29,977,402013,628,180116,319,204563,30,17334,413,43299,560,187524,443,230823,California
Monterey,2021-05-30,379,402392,161,180277,203,204766,15,17349,150,43236,228,187752,165,230988,California
Monterey,2021-05-31,184,402576,32,180309,143,204909,9,17358,55,43171,129,187881,64,231052,California
Monterey,2021-06-01,1712,404288,921,181230,659,205568,132,17490,710,43023,986,188867,838,231890,California
Monterey,2021-06-02,1619,405907,963,182193,606,206174,50,17540,706,42870,909,189776,756,232646,California
Monterey,2021-06-03,1919,407826,1163,183356,721,206895,35,17575,580,42154,1330,191106,614,233260,California
Monterey,2021-06-04,629,408455,288,183644,329,207224,12,17587,267,42074,359,191465,279,233539,California
Napa,2020-12-16,12,12,12,12,0,0,0,0,12,12,0,0,12,12,California
Napa,2020-12-17,44,56,44,56,0,0,0,0,44,56,0,0,44,56,California
Napa,2020-12-18,102,158,102,158,0,0,0,0,102,158,0,0,102,158,California
Napa,2020-12-19,220,378,220,378,0,0,0,0,220,378,0,0,220,378,California
Napa,2020-12-20,191,569,191,569,0,0,0,0,191,569,0,0,191,569,California
Napa,2020-12-21,311,880,311,880,0,0,0,0,312,881,0,0,312,881,California
Napa,2020-12-22,342,1222,333,1213,9,9,0,0,342,1223,0,0,342,1223,California
Napa,2020-12-23,433,1655,322,1535,111,120,0,0,433,1656,0,0,433,1656,California
Napa,2020-12-24,139,1794,77,1612,62,182,0,0,139,1795,0,0,139,1795,California
Napa,2020-12-25,1,1795,1,1613,0,182,0,0,1,1796,0,0,1,1796,California
Napa,2020-12-26,40,1835,11,1624,29,211,0,0,40,1836,0,0,40,1836,California
Napa,2020-12-27,32,1867,16,1640,16,227,0,0,32,1868,0,0,32,1868,California
Napa,2020-12-28,252,2119,185,1825,67,294,0,0,281,2149,0,0,281,2149,California
Napa,2020-12-29,272,2391,216,2041,56,350,0,0,305,2454,0,0,305,2454,California
Napa,2020-12-30,632,3023,489,2530,143,493,0,0,640,3094,0,0,640,3094,California
Napa,2020-12-31,459,3482,371,2901,88,581,0,0,459,3553,0,0,459,3553,California
Napa,2021-01-01,1,3483,1,2902,0,581,0,0,1,3554,0,0,1,3554,California
Napa,2021-01-02,98,3581,93,2995,5,586,0,0,98,3652,0,0,98,3652,California
Napa,2021-01-03,12,3593,10,3005,2,588,0,0,8,3660,0,0,8,3660,California
Napa,2021-01-04,105,3698,63,3068,42,630,0,0,105,3765,0,0,105,3765,California
Napa,2021-01-05,161,3859,85,3153,76,706,0,0,144,3885,24,24,144,3909,California
Napa,2021-01-06,463,4322,114,3267,349,1055,0,0,399,4223,62,86,400,4309,California
Napa,2021-01-07,495,4817,231,3498,264,1319,0,0,397,4524,97,183,398,4707,California
Napa,2021-01-08,447,5264,231,3729,216,1535,0,0,261,4601,185,368,262,4969,California
Napa,2021-01-09,328,5592,302,4031,26,1561,0,0,191,4656,137,505,192,5161,California
Napa,2021-01-10,185,5777,102,4133,83,1644,0,0,108,4689,77,582,110,5271,California
Napa,2021-01-11,880,6657,426,4559,454,2098,0,0,507,4825,374,956,510,5781,California
Napa,2021-01-12,1322,7979,376,4935,946,3044,0,0,1002,5507,320,1276,1002,6783,California
Napa,2021-01-13,1317,9296,268,5203,1049,4093,0,0,1153,6499,163,1439,1155,7938,California
Napa,2021-01-14,1051,10347,169,5372,882,4975,0,0,934,7318,115,1554,934,8872,California
Napa,2021-01-15,1464,11811,387,5759,1077,6052,0,0,1315,8477,157,1711,1316,10188,California
Napa,2021-01-16,355,12166,131,5890,224,6276,0,0,338,8798,17,1728,338,10526,California
Napa,2021-01-17,340,12506,176,6066,164,6440,0,0,330,9118,10,1738,330,10856,California
Napa,2021-01-18,1079,13585,197,6263,882,7322,0,0,988,10015,91,1829,988,11844,California
Napa,2021-01-19,1013,14598,410,6673,603,7925,0,0,766,10535,246,2075,766,12610,California
Napa,2021-01-20,832,15430,188,6861,644,8569,0,0,644,10993,186,2261,644,13254,California
Napa,2021-01-21,1327,16757,367,7228,960,9529,0,0,1073,11815,253,2514,1075,14329,California
Napa,2021-01-22,1547,18304,417,7645,1130,10659,0,0,1218,12706,328,2842,1219,15548,California
Napa,2021-01-23,398,18702,319,7964,79,10738,0,0,336,12980,62,2904,336,15884,California
Napa,2021-01-24,264,18966,186,8150,78,10816,0,0,207,13131,57,2961,208,16092,California
Napa,2021-01-25,1522,20488,229,8379,1293,12109,0,0,1433,14475,89,3050,1433,17525,California
Napa,2021-01-26,879,21367,284,8663,595,12704,0,0,787,15171,92,3142,788,18313,California
Napa,2021-01-27,627,21994,222,8885,405,13109,0,0,467,15479,161,3303,469,18782,California
Napa,2021-01-28,386,22380,176,9061,210,13319,0,0,195,15486,189,3492,196,18978,California
Napa,2021-01-29,260,22640,65,9126,195,13514,0,0,163,15552,97,3589,163,19141,California
Napa,2021-01-30,815,23455,703,9829,112,13626,0,0,646,16029,169,3758,646,19787,California
Napa,2021-01-31,692,24147,660,10489,32,13658,0,0,668,16673,24,3782,668,20455,California
Napa,2021-02-01,324,24471,114,10603,210,13868,0,0,165,16679,159,3941,165,20620,California
Napa,2021-02-02,612,25083,281,10884,331,14199,0,0,299,16668,310,4251,299,20919,California
Napa,2021-02-03,750,25833,311,11195,439,14638,0,0,432,16784,317,4568,433,21352,California
Napa,2021-02-04,783,26616,368,11563,415,15053,0,0,435,16873,346,4914,435,21787,California
Napa,2021-02-05,713,27329,311,11874,402,15455,0,0,341,16842,372,5286,341,22128,California
Napa,2021-02-06,437,27766,143,12017,294,15749,0,0,332,17069,105,5391,332,22460,California
Napa,2021-02-07,176,27942,163,12180,13,15762,0,0,69,17031,107,5498,69,22529,California
Napa,2021-02-08,834,28776,191,12371,643,16405,0,0,274,16747,558,6056,274,22803,California
Napa,2021-02-09,1085,29861,449,12820,636,17041,0,0,440,16543,644,6700,440,23243,California
Napa,2021-02-10,1725,31586,190,13010,1535,18576,0,0,451,15724,1271,7971,452,23695,California
Napa,2021-02-11,1490,33076,187,13197,1303,19879,0,0,402,15051,1075,9046,402,24097,California
Napa,2021-02-12,2156,35232,837,14034,1319,21198,0,0,717,14333,1435,10481,717,24814,California
Napa,2021-02-13,507,35739,54,14088,453,21651,0,0,320,14466,187,10668,320,25134,California
Napa,2021-02-14,344,36083,77,14165,267,21918,0,0,183,14488,161,10829,183,25317,California
Napa,2021-02-15,876,36959,182,14347,694,22612,0,0,224,14062,650,11479,224,25541,California
Napa,2021-02-16,1293,38252,599,14946,694,23306,0,0,618,14007,673,12152,618,26159,California
Napa,2021-02-17,1049,39301,529,15475,520,23826,0,0,478,13917,569,12721,479,26638,California
Napa,2021-02-18,1901,41202,481,15956,1420,25246,0,0,659,13337,1239,13960,659,27297,California
Napa,2021-02-19,1491,42693,584,16540,907,26153,0,0,678,13203,812,14772,678,27975,California
Napa,2021-02-20,865,43558,633,17173,232,26385,0,0,280,12898,585,15357,280,28255,California
Napa,2021-02-21,886,44444,817,17990,69,26454,0,0,191,12394,695,16052,191,28446,California
Napa,2021-02-22,477,44921,198,18188,279,26733,0,0,147,12211,330,16382,147,28593,California
Napa,2021-02-23,1153,46074,308,18496,845,27578,0,0,326,11710,827,17209,326,28919,California
Napa,2021-02-24,1172,47246,648,19144,524,28102,0,0,581,11702,589,17798,581,29500,California
Napa,2021-02-25,2586,49832,1247,20391,1339,29441,0,0,1875,12867,710,18508,1875,31375,California
Napa,2021-02-26,1550,51382,545,20936,1005,30446,0,0,615,12549,933,19441,615,31990,California
Napa,2021-02-27,1170,52552,426,21362,744,31190,0,0,912,13205,256,19697,912,32902,California
Napa,2021-02-28,725,53277,606,21968,119,31309,0,0,608,13698,115,19812,608,33510,California
Napa,2021-03-01,1120,54397,829,22797,291,31600,0,0,847,14273,272,20084,847,34357,California
Napa,2021-03-02,1510,55907,1051,23848,459,32059,0,0,1167,15098,342,20426,1167,35524,California
Napa,2021-03-03,1563,57470,689,24537,874,32933,0,0,1375,16286,187,20613,1375,36899,California
Napa,2021-03-04,1716,59186,788,25325,928,33861,0,0,1478,17529,235,20848,1478,38377,California
Napa,2021-03-05,1904,61090,785,26110,1115,34976,4,4,1489,18609,413,21261,1493,39870,California
Napa,2021-03-06,660,61750,290,26400,339,35315,31,35,548,19078,110,21371,579,40449,California
Napa,2021-03-07,522,62272,311,26711,196,35511,15,50,384,19339,138,21509,399,40848,California
Napa,2021-03-08,714,62986,335,27046,325,35836,54,104,538,19757,174,21683,592,41440,California
Napa,2021-03-09,1687,64673,611,27657,1030,36866,46,150,1249,20617,435,22118,1295,42735,California
Napa,2021-03-10,1501,66174,923,28580,484,37350,94,244,800,20811,697,22815,891,43626,California
Napa,2021-03-11,1887,68061,1064,29644,694,38044,129,373,994,21040,893,23708,1122,44748,California
Napa,2021-03-12,1507,69568,918,30562,497,38541,92,465,806,21239,699,24407,898,45646,California
Napa,2021-03-13,1182,70750,311,30873,846,39387,25,490,835,21754,345,24752,860,46506,California
Napa,2021-03-14,619,71369,334,31207,134,39521,151,641,209,21704,409,25161,359,46865,California
Napa,2021-03-15,956,72325,410,31617,476,39997,70,711,478,21776,476,25637,548,47413,California
Napa,2021-03-16,1848,74173,389,32006,1331,41328,128,839,1372,22804,473,26110,1501,48914,California
Napa,2021-03-17,2508,76681,1845,33851,484,41812,179,1018,1591,23658,916,27026,1770,50684,California
Napa,2021-03-18,2131,78812,942,34793,1176,42988,13,1031,1276,24095,852,27878,1289,51973,California
Napa,2021-03-19,1454,80266,880,35673,547,43535,27,1058,699,24069,752,28630,726,52699,California
Napa,2021-03-20,1011,81277,533,36206,324,43859,154,1212,382,23977,628,29258,536,53235,California
Napa,2021-03-21,710,81987,687,36893,20,43879,3,1215,217,23705,492,29750,220,53455,California
Napa,2021-03-22,1302,83289,1121,38014,169,44048,12,1227,482,23386,815,30565,496,53951,California
Napa,2021-03-23,1883,85172,1188,39202,678,44726,17,1244,997,23518,882,31447,1014,54965,California
Napa,2021-03-24,1704,86876,942,40144,754,45480,8,1252,811,23445,892,32339,819,55784,California
Napa,2021-03-25,1926,88802,1051,41195,821,46301,54,1306,762,23103,1158,33497,816,56600,California
Napa,2021-03-26,1312,90114,840,42035,466,46767,6,1312,590,22982,717,34214,596,57196,California
Napa,2021-03-27,938,91052,437,42472,474,47241,27,1339,296,22663,642,34856,323,57519,California
Napa,2021-03-28,490,91542,381,42853,102,47343,7,1346,178,22538,310,35166,185,57704,California
Napa,2021-03-29,1204,92746,875,43728,324,47667,5,1351,731,22802,472,35638,736,58440,California
Napa,2021-03-30,2743,95489,933,44661,1806,49473,4,1355,1919,23901,824,36462,1923,60363,California
Napa,2021-03-31,1985,97474,969,45630,947,50420,69,1424,812,23610,1170,37632,879,61242,California
Napa,2021-04-01,1758,99232,844,46474,798,51218,116,1540,485,22944,1266,38898,600,61842,California
Napa,2021-04-02,1867,101099,837,47311,888,52106,142,1682,476,22173,1388,40286,617,62459,California
Napa,2021-04-03,635,101734,371,47682,207,52313,57,1739,210,22015,424,40710,266,62725,California
Napa,2021-04-04,355,102089,142,47824,155,52468,58,1797,121,21961,233,40943,179,62904,California
Napa,2021-04-05,1271,103360,757,48581,296,52764,218,2015,570,22049,700,41643,788,63692,California
Napa,2021-04-06,2249,105609,560,49141,1428,54192,261,2276,520,21103,1726,43369,780,64472,California
Napa,2021-04-07,1749,107358,712,49853,817,55009,220,2496,526,20631,1217,44586,745,65217,California
Napa,2021-04-08,1866,109224,1065,50918,424,55433,377,2873,958,21062,903,45489,1334,66551,California
Napa,2021-04-09,1555,110779,934,51852,318,55751,303,3176,682,21175,871,46360,984,67535,California
Napa,2021-04-10,1040,111819,345,52197,595,56346,100,3276,241,20717,798,47158,340,67875,California
Napa,2021-04-11,386,112205,301,52498,62,56408,23,3299,159,20672,227,47385,182,68057,California
Napa,2021-04-12,790,112995,301,52799,364,56772,125,3424,290,20586,497,47882,411,68468,California
Napa,2021-04-13,2547,115542,853,53652,1694,58466,0,3424,927,19899,1615,49497,928,69396,California
Napa,2021-04-14,2081,117623,981,54633,1100,59566,0,3424,1010,19847,1063,50560,1011,70407,California
Napa,2021-04-15,2042,119665,524,55157,1518,61084,0,3424,870,19551,1166,51726,870,71277,California
Napa,2021-04-16,2920,122585,1593,56750,1327,62411,0,3424,2202,21037,716,52442,2202,73479,California
Napa,2021-04-17,1128,123713,270,57020,858,63269,0,3424,831,21572,296,52738,831,74310,California
Napa,2021-04-18,267,123980,173,57193,94,63363,0,3424,119,21543,148,52886,119,74429,California
Napa,2021-04-19,606,124586,337,57530,269,63632,0,3424,263,21464,342,53228,263,74692,California
Napa,2021-04-20,3044,127630,2069,59599,975,64607,0,3424,2093,22608,950,54178,2094,76786,California
Napa,2021-04-21,2933,130563,2168,61767,765,65372,0,3424,1864,23410,1063,55241,1865,78651,California
Napa,2021-04-22,1722,132285,1205,62972,517,65889,0,3424,836,23365,881,56122,836,79487,California
Napa,2021-04-23,1623,133908,1245,64217,376,66265,2,3426,1146,24038,473,56595,1146,80633,California
Napa,2021-04-24,556,134464,316,64533,240,66505,0,3426,282,24049,271,56866,282,80915,California
Napa,2021-04-25,247,134711,189,64722,58,66563,0,3426,129,24061,117,56983,129,81044,California
Napa,2021-04-26,516,135227,267,64989,249,66812,0,3426,271,24092,240,57223,271,81315,California
Napa,2021-04-27,1689,136916,444,65433,1233,68045,12,3438,584,23586,1102,58325,596,81911,California
Napa,2021-04-28,985,137901,439,65872,529,68574,17,3455,320,23260,663,58988,337,82248,California
Napa,2021-04-29,649,138550,325,66197,305,68879,19,3474,195,23026,447,59435,213,82461,California
Napa,2021-04-30,607,139157,305,66502,237,69116,65,3539,249,22982,357,59792,313,82774,California
Napa,2021-05-01,321,139478,265,66767,45,69161,11,3550,120,22912,201,59993,131,82905,California
Napa,2021-05-02,240,139718,195,66962,39,69200,6,3556,100,22879,139,60132,106,83011,California
Napa,2021-05-03,621,140339,497,67459,89,69289,35,3591,103,22505,513,60645,139,83150,California
Napa,2021-05-04,1130,141469,717,68176,302,69591,111,3702,298,22086,828,61473,409,83559,California
Napa,2021-05-05,1013,142482,683,68859,294,69885,36,3738,253,21618,757,62230,289,83848,California
Napa,2021-05-06,713,143195,318,69177,372,70257,23,3761,368,21673,336,62566,391,84239,California
Napa,2021-05-07,1030,144225,807,69984,160,70417,63,3824,198,21119,814,63380,260,84499,California
Napa,2021-05-08,254,144479,163,70147,80,70497,11,3835,88,21053,165,63545,99,84598,California
Napa,2021-05-09,107,144586,76,70223,31,70528,0,3835,50,21046,57,63602,50,84648,California
Napa,2021-05-10,415,145001,141,70364,255,70783,19,3854,106,20863,308,63910,125,84773,California
Napa,2021-05-11,2169,147170,1789,72153,354,71137,26,3880,370,19466,1793,65703,396,85169,California
Napa,2021-05-12,2163,149333,1353,73506,755,71892,55,3935,298,17959,1860,67563,353,85522,California
Napa,2021-05-13,1819,151152,1130,74636,650,72542,39,3974,767,17720,1045,68608,806,86328,California
Napa,2021-05-14,1911,153063,1143,75779,682,73224,86,4060,519,16940,1386,69994,606,86934,California
Napa,2021-05-15,1051,154114,346,76125,694,73918,11,4071,261,16426,787,70781,273,87207,California
Napa,2021-05-16,240,154354,160,76285,78,73996,2,4073,67,16322,173,70954,69,87276,California
Napa,2021-05-17,877,155231,347,76632,500,74496,30,4103,309,16150,511,71465,339,87615,California
Napa,2021-05-18,1038,156269,545,77177,436,74932,57,4160,502,16178,531,71996,559,88174,California
Napa,2021-05-19,933,157202,551,77728,352,75284,30,4190,519,16315,411,72407,548,88722,California
Napa,2021-05-20,574,157776,382,78110,163,75447,29,4219,375,16520,199,72606,404,89126,California
Napa,2021-05-21,430,158206,213,78323,187,75634,30,4249,185,16490,245,72851,215,89341,California
Napa,2021-05-22,395,158601,219,78542,169,75803,7,4256,165,16433,230,73081,173,89514,California
Napa,2021-05-23,353,158954,321,78863,22,75825,10,4266,275,16640,78,73159,285,89799,California
Napa,2021-05-24,361,159315,178,79041,163,75988,20,4286,148,16596,212,73371,168,89967,California
Napa,2021-05-25,410,159725,174,79215,166,76154,70,4356,145,16546,265,73636,215,90182,California
Napa,2021-05-26,544,160269,353,79568,166,76320,25,4381,317,16664,224,73860,342,90524,California
Napa,2021-05-27,362,160631,157,79725,177,76497,28,4409,157,16644,205,74065,185,90709,California
Napa,2021-05-28,386,161017,199,79924,163,76660,24,4433,160,16604,222,74287,182,90891,California
Napa,2021-05-29,129,161146,79,80003,46,76706,4,4437,76,16632,52,74339,80,90971,California
Napa,2021-05-30,97,161243,60,80063,32,76738,5,4442,32,16605,64,74403,37,91008,California
Napa,2021-05-31,43,161286,17,80080,19,76757,7,4449,9,16587,34,74437,16,91024,California
Napa,2021-06-01,598,161884,310,80390,264,77021,24,4473,271,16560,321,74758,294,91318,California
Napa,2021-06-02,409,162293,240,80630,146,77167,23,4496,203,16582,204,74962,226,91544,California
Napa,2021-06-03,461,162754,362,80992,88,77255,11,4507,181,16495,278,75240,191,91735,California
Napa,2021-06-04,180,162934,75,81067,83,77338,22,4529,32,16403,146,75386,54,91789,California
Nevada,2020-12-16,3,3,3,3,0,0,0,0,3,3,0,0,3,3,California
Nevada,2020-12-17,6,9,6,9,0,0,0,0,6,9,0,0,6,9,California
Nevada,2020-12-18,54,63,54,63,0,0,0,0,54,63,0,0,54,63,California
Nevada,2020-12-19,55,118,55,118,0,0,0,0,55,118,0,0,55,118,California
Nevada,2020-12-20,14,132,14,132,0,0,0,0,14,132,0,0,14,132,California
Nevada,2020-12-21,70,202,70,202,0,0,0,0,70,202,0,0,70,202,California
Nevada,2020-12-22,90,292,88,290,2,2,0,0,90,292,0,0,90,292,California
Nevada,2020-12-23,240,532,208,498,32,34,0,0,240,532,0,0,240,532,California
Nevada,2020-12-24,13,545,11,509,2,36,0,0,13,545,0,0,13,545,California
Nevada,2020-12-25,3,548,3,512,0,36,0,0,3,548,0,0,3,548,California
Nevada,2020-12-26,6,554,4,516,2,38,0,0,6,554,0,0,6,554,California
Nevada,2020-12-27,90,644,90,606,0,38,0,0,90,644,0,0,90,644,California
Nevada,2020-12-28,173,817,93,699,80,118,0,0,173,817,0,0,173,817,California
Nevada,2020-12-29,98,915,72,771,26,144,0,0,98,915,0,0,98,915,California
Nevada,2020-12-30,89,1004,67,838,22,166,0,0,89,1004,0,0,89,1004,California
Nevada,2020-12-31,41,1045,8,846,33,199,0,0,41,1045,0,0,41,1045,California
Nevada,2021-01-01,2,1047,0,846,2,201,0,0,2,1047,0,0,2,1047,California
Nevada,2021-01-02,2,1049,1,847,1,202,0,0,2,1049,0,0,2,1049,California
Nevada,2021-01-03,131,1180,126,973,5,207,0,0,131,1180,0,0,131,1180,California
Nevada,2021-01-04,68,1248,43,1016,25,232,0,0,68,1248,0,0,68,1248,California
Nevada,2021-01-05,278,1526,131,1147,147,379,0,0,277,1524,1,1,277,1525,California
Nevada,2021-01-06,91,1617,43,1190,48,427,0,0,83,1599,8,9,83,1608,California
Nevada,2021-01-07,220,1837,44,1234,176,603,0,0,212,1805,7,16,213,1821,California
Nevada,2021-01-08,231,2068,132,1366,99,702,0,0,175,1925,56,72,176,1997,California
Nevada,2021-01-09,62,2130,55,1421,7,709,0,0,14,1891,48,120,14,2011,California
Nevada,2021-01-10,19,2149,10,1431,9,718,0,0,10,1892,9,129,10,2021,California
Nevada,2021-01-11,188,2337,133,1564,55,773,0,0,58,1820,130,259,58,2079,California
Nevada,2021-01-12,597,2934,449,2013,148,921,0,0,531,2285,66,325,531,2610,California
Nevada,2021-01-13,269,3203,151,2164,118,1039,0,0,131,2278,138,463,131,2741,California
Nevada,2021-01-14,238,3441,125,2289,113,1152,0,0,220,2481,17,480,220,2961,California
Nevada,2021-01-15,403,3844,171,2460,232,1384,0,0,303,2684,100,580,303,3264,California
Nevada,2021-01-16,315,4159,16,2476,299,1683,0,0,310,2989,5,585,310,3574,California
Nevada,2021-01-17,43,4202,38,2514,5,1688,0,0,41,3028,2,587,41,3615,California
Nevada,2021-01-18,157,4359,47,2561,110,1798,0,0,145,3161,12,599,145,3760,California
Nevada,2021-01-19,250,4609,90,2651,160,1958,0,0,228,3367,22,621,228,3988,California
Nevada,2021-01-20,275,4884,166,2817,109,2067,0,0,262,3616,13,634,262,4250,California
Nevada,2021-01-21,338,5222,202,3019,136,2203,0,0,325,3928,13,647,325,4575,California
Nevada,2021-01-22,377,5599,233,3252,144,2347,0,0,346,4243,31,678,346,4921,California
Nevada,2021-01-23,180,5779,105,3357,75,2422,0,0,180,4423,0,678,180,5101,California
Nevada,2021-01-24,109,5888,100,3457,9,2431,0,0,70,4454,39,717,70,5171,California
Nevada,2021-01-25,268,6156,135,3592,133,2564,0,0,204,4594,64,781,204,5375,California
Nevada,2021-01-26,410,6566,144,3736,266,2830,0,0,306,4796,104,885,306,5681,California
Nevada,2021-01-27,436,7002,259,3995,177,3007,0,0,412,5184,24,909,412,6093,California
Nevada,2021-01-28,483,7485,328,4323,155,3162,0,0,435,5572,47,956,435,6528,California
Nevada,2021-01-29,619,8104,401,4724,218,3380,0,0,590,6135,28,984,591,7119,California
Nevada,2021-01-30,243,8347,114,4838,129,3509,0,0,240,6372,3,987,240,7359,California
Nevada,2021-01-31,107,8454,89,4927,18,3527,0,0,103,6473,3,990,104,7463,California
Nevada,2021-02-01,293,8747,73,5000,220,3747,0,0,280,6740,13,1003,280,7743,California
Nevada,2021-02-02,531,9278,190,5190,341,4088,0,0,328,6865,203,1206,328,8071,California
Nevada,2021-02-03,817,10095,562,5752,255,4343,0,0,761,7571,55,1261,761,8832,California
Nevada,2021-02-04,757,10852,390,6142,367,4710,0,0,506,7827,250,1511,506,9338,California
Nevada,2021-02-05,677,11529,383,6525,294,5004,0,0,481,8114,194,1705,481,9819,California
Nevada,2021-02-06,280,11809,91,6616,189,5193,0,0,253,8340,27,1732,253,10072,California
Nevada,2021-02-07,282,12091,225,6841,57,5250,0,0,223,8504,59,1791,223,10295,California
Nevada,2021-02-08,673,12764,411,7252,262,5512,0,0,568,8967,105,1896,568,10863,California
Nevada,2021-02-09,623,13387,352,7604,271,5783,0,0,479,9302,144,2040,479,11342,California
Nevada,2021-02-10,663,14050,331,7935,332,6115,0,0,433,9506,230,2270,434,11776,California
Nevada,2021-02-11,897,14947,515,8450,382,6497,0,0,565,9740,331,2601,565,12341,California
Nevada,2021-02-12,973,15920,450,8900,523,7020,0,0,646,10062,324,2925,646,12987,California
Nevada,2021-02-13,634,16554,249,9149,385,7405,0,0,403,10239,227,3152,404,13391,California
Nevada,2021-02-14,238,16792,124,9273,114,7519,0,0,207,10415,31,3183,207,13598,California
Nevada,2021-02-15,732,17524,447,9720,285,7804,0,0,556,10795,176,3359,556,14154,California
Nevada,2021-02-16,643,18167,211,9931,432,8236,0,0,472,11097,170,3529,472,14626,California
Nevada,2021-02-17,1207,19374,784,10715,423,8659,0,0,867,11624,340,3869,867,15493,California
Nevada,2021-02-18,1027,20401,565,11280,462,9121,0,0,608,11815,417,4286,608,16101,California
Nevada,2021-02-19,1030,21431,644,11924,386,9507,0,0,658,12104,370,4656,659,16760,California
Nevada,2021-02-20,309,21740,111,12035,198,9705,0,0,176,12148,132,4788,176,16936,California
Nevada,2021-02-21,101,21841,93,12128,8,9713,0,0,7,12064,91,4879,7,16943,California
Nevada,2021-02-22,505,22346,340,12468,165,9878,0,0,355,12270,149,5028,355,17298,California
Nevada,2021-02-23,500,22846,242,12710,258,10136,0,0,225,12223,272,5300,225,17523,California
Nevada,2021-02-24,482,23328,245,12955,237,10373,0,0,252,12248,229,5529,254,17777,California
Nevada,2021-02-25,881,24209,481,13436,400,10773,0,0,441,12251,438,5967,441,18218,California
Nevada,2021-02-26,1275,25484,889,14325,386,11159,0,0,442,11863,830,6797,442,18660,California
Nevada,2021-02-27,384,25868,121,14446,263,11422,0,0,201,11881,183,6980,201,18861,California
Nevada,2021-02-28,313,26181,187,14633,126,11548,0,0,137,11843,175,7155,137,18998,California
Nevada,2021-03-01,848,27029,443,15076,405,11953,0,0,374,11745,472,7627,374,19372,California
Nevada,2021-03-02,761,27790,308,15384,453,12406,0,0,519,12027,237,7864,519,19891,California
Nevada,2021-03-03,995,28785,505,15889,489,12895,1,1,513,12061,481,8345,515,20406,California
Nevada,2021-03-04,1135,29920,628,16517,507,13402,0,1,482,11894,649,8994,482,20888,California
Nevada,2021-03-05,869,30789,492,17009,367,13769,10,11,387,11811,480,9474,397,21285,California
Nevada,2021-03-06,374,31163,130,17139,217,13986,27,38,147,11757,227,9701,173,21458,California
Nevada,2021-03-07,214,31377,111,17250,84,14070,19,57,71,11704,143,9844,90,21548,California
Nevada,2021-03-08,841,32218,564,17814,229,14299,48,105,378,11669,462,10306,427,21975,California
Nevada,2021-03-09,809,33027,411,18225,347,14646,51,156,465,11843,341,10647,515,22490,California
Nevada,2021-03-10,1025,34052,659,18884,308,14954,58,214,347,11574,673,11320,404,22894,California
Nevada,2021-03-11,1124,35176,730,19614,368,15322,26,240,554,11592,562,11882,580,23474,California
Nevada,2021-03-12,1219,36395,732,20346,457,15779,30,270,506,11418,709,12591,535,24009,California
Nevada,2021-03-13,295,36690,58,20404,232,16011,5,275,113,11355,180,12771,117,24126,California
Nevada,2021-03-14,158,36848,23,20427,130,16141,5,280,35,11272,123,12894,40,24166,California
Nevada,2021-03-15,869,37717,470,20897,387,16528,12,292,366,11150,500,13394,378,24544,California
Nevada,2021-03-16,1000,38717,468,21365,471,16999,61,353,642,11496,356,13750,702,25246,California
Nevada,2021-03-17,1030,39747,455,21820,565,17564,10,363,586,11651,441,14191,596,25842,California
Nevada,2021-03-18,1000,40747,548,22368,429,17993,23,386,490,11658,506,14697,513,26355,California
Nevada,2021-03-19,766,41513,450,22818,280,18273,36,422,365,11662,397,15094,401,26756,California
Nevada,2021-03-20,832,42345,94,22912,306,18579,432,854,232,11728,594,15688,660,27416,California
Nevada,2021-03-21,62,42407,33,22945,28,18607,1,855,43,11754,18,15706,44,27460,California
Nevada,2021-03-22,812,43219,523,23468,284,18891,5,860,540,12029,270,15976,545,28005,California
Nevada,2021-03-23,868,44087,396,23864,446,19337,26,886,625,12440,240,16216,651,28656,California
Nevada,2021-03-24,1025,45112,549,24413,469,19806,7,893,639,12707,378,16594,645,29301,California
Nevada,2021-03-25,924,46036,473,24886,426,20232,25,918,503,12815,419,17013,527,29828,California
Nevada,2021-03-26,1181,47217,453,25339,689,20921,39,957,836,13346,343,17356,874,30702,California
Nevada,2021-03-27,585,47802,72,25411,497,21418,16,973,390,13557,195,17551,406,31108,California
Nevada,2021-03-28,192,47994,51,25462,128,21546,13,986,38,13457,151,17702,51,31159,California
Nevada,2021-03-29,846,48840,509,25971,315,21861,22,1008,383,13401,460,18162,404,31563,California
Nevada,2021-03-30,1068,49908,486,26457,548,22409,34,1042,491,13357,569,18731,525,32088,California
Nevada,2021-03-31,1194,51102,666,27123,511,22920,17,1059,685,13558,500,19231,701,32789,California
Nevada,2021-04-01,1251,52353,728,27851,471,23391,52,1111,553,13474,689,19920,605,33394,California
Nevada,2021-04-02,1318,53671,667,28518,616,24007,35,1146,789,13773,525,20445,824,34218,California
Nevada,2021-04-03,297,53968,92,28610,168,24175,37,1183,86,13686,210,20655,123,34341,California
Nevada,2021-04-04,133,54101,45,28655,81,24256,7,1190,80,13720,53,20708,87,34428,California
Nevada,2021-04-05,947,55048,627,29282,298,24554,22,1212,626,14050,317,21025,647,35075,California
Nevada,2021-04-06,1088,56136,670,29952,273,24827,145,1357,444,14001,637,21662,588,35663,California
Nevada,2021-04-07,1167,57303,828,30780,252,25079,87,1444,624,14175,536,22198,710,36373,California
Nevada,2021-04-08,1304,58607,904,31684,313,25392,87,1531,711,14386,588,22786,799,37172,California
Nevada,2021-04-09,1266,59873,863,32547,330,25722,73,1604,844,14883,420,23206,917,38089,California
Nevada,2021-04-10,279,60152,79,32626,122,25844,78,1682,113,14909,165,23371,191,38280,California
Nevada,2021-04-11,101,60253,34,32660,63,25907,4,1686,39,14890,62,23433,43,38323,California
Nevada,2021-04-12,759,61012,548,33208,194,26101,17,1703,323,14799,431,23864,340,38663,California
Nevada,2021-04-13,900,61912,365,33573,535,26636,0,1703,472,14846,425,24289,472,39135,California
Nevada,2021-04-14,1057,62969,578,34151,479,27115,0,1703,533,14862,517,24806,533,39668,California
Nevada,2021-04-15,1095,64064,714,34865,381,27496,0,1703,629,15037,454,25260,629,40297,California
Nevada,2021-04-16,912,64976,704,35569,208,27704,0,1703,527,15180,384,25644,527,40824,California
Nevada,2021-04-17,196,65172,50,35619,146,27850,0,1703,83,15152,111,25755,83,40907,California
Nevada,2021-04-18,188,65360,22,35641,166,28016,0,1703,101,15166,87,25842,101,41008,California
Nevada,2021-04-19,776,66136,499,36140,277,28293,0,1703,315,15029,452,26294,315,41323,California
Nevada,2021-04-20,796,66932,314,36454,482,28775,0,1703,303,14845,487,26781,303,41626,California
Nevada,2021-04-21,911,67843,500,36954,411,29186,0,1703,278,14499,624,27405,278,41904,California
Nevada,2021-04-22,1005,68848,621,37575,384,29570,0,1703,343,14192,650,28055,343,42247,California
Nevada,2021-04-23,1232,70080,551,38126,681,30251,0,1703,398,13767,823,28878,398,42645,California
Nevada,2021-04-24,526,70606,75,38201,451,30702,0,1703,172,13587,352,29230,172,42817,California
Nevada,2021-04-25,120,70726,61,38262,54,30756,5,1708,55,13582,64,29294,59,42876,California
Nevada,2021-04-26,727,71453,546,38808,172,30928,9,1717,206,13286,511,29805,215,43091,California
Nevada,2021-04-27,805,72258,367,39175,433,31361,5,1722,411,13316,386,30191,416,43507,California
Nevada,2021-04-28,999,73257,586,39761,408,31769,5,1727,387,13101,607,30798,392,43899,California
Nevada,2021-04-29,1019,74276,713,40474,302,32071,4,1731,283,12654,734,31532,287,44186,California
Nevada,2021-04-30,1245,75521,733,41207,503,32574,9,1740,207,11834,1036,32568,216,44402,California
Nevada,2021-05-01,149,75670,63,41270,82,32656,4,1744,66,11823,81,32649,70,44472,California
Nevada,2021-05-02,62,75732,31,41301,27,32683,4,1748,21,11807,41,32690,25,44497,California
Nevada,2021-05-03,615,76347,413,41714,183,32866,19,1767,182,11578,429,33119,200,44697,California
Nevada,2021-05-04,594,76941,175,41889,401,33267,18,1785,334,11674,256,33375,352,45049,California
Nevada,2021-05-05,742,77683,385,42274,343,33610,14,1799,321,11597,412,33787,335,45384,California
Nevada,2021-05-06,812,78495,569,42843,232,33842,11,1810,201,11207,602,34389,212,45596,California
Nevada,2021-05-07,886,79381,494,43337,356,34198,36,1846,194,10750,687,35076,230,45826,California
Nevada,2021-05-08,178,79559,21,43358,137,34335,20,1866,83,10759,94,35170,103,45929,California
Nevada,2021-05-09,42,79601,7,43365,33,34368,2,1868,18,10755,24,35194,20,45949,California
Nevada,2021-05-10,398,79999,256,43621,117,34485,25,1893,76,10535,321,35515,101,46050,California
Nevada,2021-05-11,512,80511,155,43776,342,34827,15,1908,130,10306,374,35889,145,46195,California
Nevada,2021-05-12,531,81042,233,44009,287,35114,11,1919,151,10096,372,36261,162,46357,California
Nevada,2021-05-13,820,81862,544,44553,267,35381,9,1928,420,10133,392,36653,429,46786,California
Nevada,2021-05-14,777,82639,579,45132,181,35562,17,1945,427,10230,347,37000,444,47230,California
Nevada,2021-05-15,183,82822,86,45218,89,35651,8,1953,85,10226,97,37097,93,47323,California
Nevada,2021-05-16,153,82975,50,45268,103,35754,0,1953,52,10177,101,37198,52,47375,California
Nevada,2021-05-17,502,83477,319,45587,153,35907,30,1983,222,10160,269,37467,252,47627,California
Nevada,2021-05-18,417,83894,253,45840,159,36066,5,1988,223,10195,192,37659,227,47854,California
Nevada,2021-05-19,493,84387,353,46193,135,36201,5,1993,254,10224,230,37889,259,48113,California
Nevada,2021-05-20,566,84953,323,46516,232,36433,11,2004,198,10070,363,38252,209,48322,California
Nevada,2021-05-21,460,85413,293,46809,158,36591,9,2013,204,10031,252,38504,213,48535,California
Nevada,2021-05-22,215,85628,20,46829,106,36697,89,2102,41,9987,174,38678,130,48665,California
Nevada,2021-05-23,26,85654,5,46834,21,36718,0,2102,7,9976,18,38696,7,48672,California
Nevada,2021-05-24,313,85967,219,47053,79,36797,15,2117,108,9897,202,38898,123,48795,California
Nevada,2021-05-25,343,86310,83,47136,247,37044,13,2130,86,9744,252,39150,99,48894,California
Nevada,2021-05-26,430,86740,183,47319,240,37284,7,2137,118,9564,305,39455,125,49019,California
Nevada,2021-05-27,432,87172,230,47549,183,37467,19,2156,184,9523,244,39699,203,49222,California
Nevada,2021-05-28,342,87514,217,47766,114,37581,11,2167,200,9595,139,39838,211,49433,California
Nevada,2021-05-29,66,87580,12,47778,54,37635,0,2167,41,9611,25,39863,41,49474,California
Nevada,2021-05-30,38,87618,19,47797,17,37652,2,2169,25,9625,13,39876,27,49501,California
Nevada,2021-05-31,6,87624,4,47801,0,37652,2,2171,2,9625,4,39880,4,49505,California
Nevada,2021-06-01,393,88017,128,47929,256,37908,9,2180,101,9452,283,40163,110,49615,California
Nevada,2021-06-02,400,88417,163,48092,230,38138,7,2187,102,9270,291,40454,109,49724,California
Nevada,2021-06-03,560,88977,405,48497,150,38288,5,2192,103,8926,452,40906,108,49832,California
Nevada,2021-06-04,381,89358,334,48831,46,38334,1,2193,40,8627,340,41246,41,49873,California
Orange,2020-12-15,16,16,16,16,0,0,0,0,16,16,0,0,16,16,California
Orange,2020-12-16,390,406,390,406,0,0,0,0,390,406,0,0,390,406,California
Orange,2020-12-17,3741,4147,3741,4147,0,0,0,0,3740,4146,0,0,3740,4146,California
Orange,2020-12-18,5062,9209,5054,9201,8,8,0,0,5060,9205,1,1,5060,9206,California
Orange,2020-12-19,2225,11434,2218,11419,7,15,0,0,2224,11429,0,1,2224,11430,California
Orange,2020-12-20,1986,13420,1983,13402,3,18,0,0,1987,13416,0,1,1987,13417,California
Orange,2020-12-21,4269,17689,4263,17665,6,24,0,0,4269,17685,0,1,4269,17686,California
Orange,2020-12-22,3981,21670,3947,21612,34,58,0,0,3981,21666,0,1,3981,21667,California
Orange,2020-12-23,3586,25256,3219,24831,367,425,0,0,3588,25254,0,1,3588,25255,California
Orange,2020-12-24,1378,26634,1076,25907,302,727,0,0,1378,26632,0,1,1378,26633,California
Orange,2020-12-25,19,26653,14,25921,5,732,0,0,19,26651,0,1,19,26652,California
Orange,2020-12-26,997,27650,420,26341,577,1309,0,0,997,27648,0,1,997,27649,California
Orange,2020-12-27,584,28234,276,26617,308,1617,0,0,584,28232,0,1,584,28233,California
Orange,2020-12-28,3616,31850,2636,29253,980,2597,0,0,3616,31848,0,1,3616,31849,California
Orange,2020-12-29,3495,35345,2483,31736,1012,3609,0,0,3494,35341,1,2,3494,35343,California
Orange,2020-12-30,5120,40465,3541,35277,1579,5188,0,0,5120,40461,0,2,5120,40463,California
Orange,2020-12-31,1503,41968,804,36081,699,5887,0,0,1502,41962,1,3,1502,41965,California
Orange,2021-01-01,643,42611,352,36433,291,6178,0,0,641,42601,2,5,641,42606,California
Orange,2021-01-02,1357,43968,842,37275,515,6693,0,0,1357,43958,0,5,1357,43963,California
Orange,2021-01-03,583,44551,323,37598,260,6953,0,0,583,44541,0,5,583,44546,California
Orange,2021-01-04,2755,47306,1566,39164,1189,8142,0,0,2756,47296,1,6,2756,47302,California
Orange,2021-01-05,3541,50847,2305,41469,1236,9378,0,0,3128,50018,409,415,3131,50433,California
Orange,2021-01-06,4999,55846,3452,44921,1547,10925,0,0,3635,52301,1352,1767,3635,54068,California
Orange,2021-01-07,9283,65129,5177,50098,4106,15031,0,0,5698,54434,3571,5338,5704,59772,California
Orange,2021-01-08,9429,74558,5267,55365,4162,19193,0,0,5660,56340,3758,9096,5664,65436,California
Orange,2021-01-09,5028,79586,1746,57111,3282,22475,0,0,3746,58804,1282,10378,3746,69182,California
Orange,2021-01-10,4253,83839,1044,58155,3209,25684,0,0,3373,61302,879,11257,3377,72559,California
Orange,2021-01-11,9466,93305,4912,63067,4554,30238,0,0,5837,63508,3632,14889,5838,78397,California
Orange,2021-01-12,8938,102243,4831,67898,4107,34345,0,0,5465,65503,3471,18360,5466,83863,California
Orange,2021-01-13,10265,112508,4922,72820,5343,39688,0,0,7053,69355,3208,21568,7060,90923,California
Orange,2021-01-14,10002,122510,3785,76605,6217,45905,0,0,8407,76175,1593,23161,8413,99336,California
Orange,2021-01-15,10206,132716,2634,79239,7572,53477,0,0,9325,84617,889,24050,9331,108667,California
Orange,2021-01-16,8705,141421,2086,81325,6619,60096,0,0,8309,92536,395,24445,8314,116981,California
Orange,2021-01-17,8176,149597,1485,82810,6691,66787,0,0,8026,100422,150,24595,8036,125017,California
Orange,2021-01-18,9692,159289,4400,87210,5292,72079,0,0,7438,105609,2254,26849,7441,132458,California
Orange,2021-01-19,7529,166818,5454,92664,2075,74154,0,0,4896,107873,2633,29482,4897,137355,California
Orange,2021-01-20,8385,175203,5909,98573,2476,76630,0,0,5332,110160,3052,32534,5339,142694,California
Orange,2021-01-21,11022,186225,4902,103475,6120,82750,0,0,10197,119545,823,33357,10208,152902,California
Orange,2021-01-22,13708,199933,5167,108642,8541,91291,0,0,12844,131541,856,34213,12852,165754,California
Orange,2021-01-23,13152,213085,6187,114829,6965,98256,0,0,12218,142836,932,35145,12227,177981,California
Orange,2021-01-24,9827,222912,4294,119123,5533,103789,0,0,9494,152004,330,35475,9498,187479,California
Orange,2021-01-25,10465,233377,5870,124993,4595,108384,0,0,7722,156996,2735,38210,7727,195206,California
Orange,2021-01-26,11901,245278,7717,132710,4184,112568,0,0,9728,164559,2168,40378,9731,204937,California
Orange,2021-01-27,13493,258771,8018,140728,5475,118043,0,0,10777,172637,2704,43082,10782,215719,California
Orange,2021-01-28,13069,271840,7220,147948,5849,123892,0,0,11183,181957,1871,44953,11191,226910,California
Orange,2021-01-29,13666,285506,8475,156423,5191,129083,0,0,10765,189840,2885,47838,10768,237678,California
Orange,2021-01-30,12974,298480,4479,160902,8495,137578,0,0,12200,201284,759,48597,12203,249881,California
Orange,2021-01-31,13705,312185,4920,165822,8785,146363,0,0,13256,214105,443,49040,13264,263145,California
Orange,2021-02-01,14863,327048,6516,172338,8347,154710,0,0,12381,224035,2457,51497,12387,275532,California
Orange,2021-02-02,15046,342094,7973,180311,7073,161783,0,0,12574,234172,2441,53938,12578,288110,California
Orange,2021-02-03,16608,358702,12415,192726,4193,165976,0,0,13654,244957,2875,56813,13660,301770,California
Orange,2021-02-04,19958,378660,13063,205789,6895,172871,0,0,14849,254737,5077,61890,14857,316627,California
Orange,2021-02-05,20773,399433,12018,217807,8755,181626,0,0,14453,262919,6276,68166,14458,331085,California
Orange,2021-02-06,16400,415833,10843,228650,5557,187183,0,0,11120,268993,5265,73431,11339,342424,California
Orange,2021-02-07,11558,427391,8123,236773,3435,190618,0,0,7572,272764,3970,77401,7741,350165,California
Orange,2021-02-08,15065,442456,8676,245449,6389,197007,0,0,9026,275779,6012,83413,9027,359192,California
Orange,2021-02-09,17796,460252,12115,257564,5681,202688,0,0,10743,279548,6980,90393,10749,369941,California
Orange,2021-02-10,20915,481167,11180,268744,9735,212423,0,0,12696,284126,8127,98520,12705,382646,California
Orange,2021-02-11,22196,503363,11549,280293,10647,223070,0,0,12433,286947,9630,108150,12451,395097,California
Orange,2021-02-12,24897,528260,11997,292290,12900,235970,0,0,14640,291403,10190,118340,14646,409743,California
Orange,2021-02-13,22006,550266,11904,304194,10102,246072,0,0,11151,292495,10700,129040,11792,421535,California
Orange,2021-02-14,16186,566452,6539,310733,9647,255719,0,0,9541,295420,6617,135657,9542,431077,California
Orange,2021-02-15,17280,583732,7407,318140,9873,265592,0,0,8911,296019,8324,143981,8923,440000,California
Orange,2021-02-16,19991,603723,9003,327143,10988,276580,0,0,10769,297642,9170,153151,10793,450793,California
Orange,2021-02-17,17971,621694,9382,336525,8589,285169,0,0,9227,298210,8690,161841,9258,460051,California
Orange,2021-02-18,15072,636766,9890,346415,5182,290351,0,0,6809,296820,8209,170050,6819,466870,California
Orange,2021-02-19,18224,654990,10899,357314,7325,297676,0,0,6936,292534,11234,181284,6948,473818,California
Orange,2021-02-20,7541,662531,5626,362940,1915,299591,0,0,3789,292606,3728,185012,3800,477618,California
Orange,2021-02-21,4596,667127,3905,366845,691,300282,0,0,940,289931,3615,188627,940,478558,California
Orange,2021-02-22,9715,676842,7925,374770,1790,302072,0,0,3919,288102,5763,194390,3934,482492,California
Orange,2021-02-23,13361,690203,7327,382097,6034,308106,0,0,3508,281835,9787,204177,3520,486012,California
Orange,2021-02-24,21207,711410,12861,394958,8346,316452,0,0,5396,271508,15741,219918,5414,491426,California
Orange,2021-02-25,22748,734158,12321,407279,10427,326879,0,0,8004,264860,14668,234586,8020,499446,California
Orange,2021-02-26,27870,762028,14109,421388,13761,340640,0,0,11237,259623,16498,251084,11261,510707,California
Orange,2021-02-27,25150,787178,10227,431615,14920,355560,3,3,7331,249267,17705,268789,7349,518056,California
Orange,2021-02-28,19153,806331,7439,439054,11714,367274,0,3,4834,239924,14194,282983,4851,522907,California
Orange,2021-03-01,18662,824993,8528,447582,10123,377397,11,14,7231,235849,11331,294314,7256,530163,California
Orange,2021-03-02,19337,844330,9334,456916,10000,387397,3,17,9459,235517,9822,304136,9490,539653,California
Orange,2021-03-03,20808,865138,9829,466745,10974,398371,5,22,11161,237141,9562,313698,11186,550839,California
Orange,2021-03-04,22616,887754,13025,479770,9577,407948,14,36,11681,237968,10894,324592,11721,562560,California
Orange,2021-03-05,21117,908871,11027,490797,10043,417991,47,83,12960,242927,8109,332701,13068,575628,California
Orange,2021-03-06,24190,933061,13319,504116,9996,427987,875,958,12782,245244,11362,344063,13679,589307,California
Orange,2021-03-07,15275,948336,8580,512696,6284,434271,411,1369,8931,248304,6302,350365,9362,598669,California
Orange,2021-03-08,16780,965116,7734,520430,7731,442002,1315,2684,10777,254473,5949,356314,12118,610787,California
Orange,2021-03-09,21089,986205,9740,530170,8876,450878,2473,5157,12466,260828,8579,364893,14934,625721,California
Orange,2021-03-10,24804,1011009,12178,542348,9166,460044,3460,8617,12523,264588,12217,377110,15977,641698,California
Orange,2021-03-11,29097,1040106,15735,558083,9132,469176,4230,12847,13490,266793,15508,392618,17713,659411,California
Orange,2021-03-12,29449,1069555,14328,572411,11241,480417,3880,16727,14783,270898,14578,407196,18683,678094,California
Orange,2021-03-13,27886,1097441,10260,582671,13674,494091,3952,20679,14105,275233,13718,420914,18053,696147,California
Orange,2021-03-14,18934,1116375,8231,590902,8157,502248,2546,23225,11826,282515,7075,427989,14357,710504,California
Orange,2021-03-15,23113,1139488,10177,601079,12173,514421,763,23988,14411,289067,8613,436602,15165,725669,California
Orange,2021-03-16,26443,1165931,11178,612257,15037,529458,228,24216,17164,297267,9197,445799,17397,743066,California
Orange,2021-03-17,27406,1193337,13599,625856,13216,542674,591,24807,19478,309481,7851,453650,20065,763131,California
Orange,2021-03-18,27822,1221159,13980,639836,13565,556239,277,25084,21635,325277,6119,459769,21915,785046,California
Orange,2021-03-19,33643,1254802,18466,658302,14725,570964,452,25536,24960,342134,8566,468335,25423,810469,California
Orange,2021-03-20,25838,1280640,13606,671908,12024,582988,208,25744,22018,360613,3754,472089,22233,832702,California
Orange,2021-03-21,18555,1299195,10726,682634,7093,590081,736,26480,15751,374327,2772,474861,16486,849188,California
Orange,2021-03-22,22772,1321967,11787,694421,10664,600745,321,26801,19183,390347,3494,478355,19514,868702,California
Orange,2021-03-23,26058,1348025,13545,707966,11869,612614,644,27445,20685,406390,5291,483646,21334,890036,California
Orange,2021-03-24,29173,1377198,16298,724264,11949,624563,926,28371,21996,422229,7084,490730,22923,912959,California
Orange,2021-03-25,32482,1409680,17240,741504,14531,639094,711,29082,24251,439058,8133,498863,24962,937921,California
Orange,2021-03-26,34941,1444621,18141,759645,15934,655028,866,29948,24878,454860,9946,508809,25748,963669,California
Orange,2021-03-27,28522,1473143,13666,773311,14540,669568,316,30264,19787,466324,8640,517449,20104,983773,California
Orange,2021-03-28,24917,1498060,12943,786254,11906,681474,68,30332,18624,478805,6214,523663,18695,1002468,California
Orange,2021-03-29,26551,1524611,12157,798411,13828,695302,566,30898,17802,488524,8653,532316,18372,1020840,California
Orange,2021-03-30,30907,1555518,13968,812379,16308,711610,631,31529,20440,499219,10375,542691,21070,1041910,California
Orange,2021-03-31,37180,1592698,19519,831898,16950,728560,711,32240,23789,510447,13276,555967,24504,1066414,California
Orange,2021-04-01,40529,1633227,21279,853177,17372,745932,1878,34118,26163,524264,14211,570178,28028,1094442,California
Orange,2021-04-02,40197,1673424,20291,873468,18088,764020,1818,35936,22724,531446,17364,587542,24546,1118988,California
Orange,2021-04-03,30226,1703650,15734,889202,12746,776766,1746,37682,14278,531593,15869,603411,16016,1135004,California
Orange,2021-04-04,18472,1722122,10734,899936,6972,783738,766,38448,8162,530266,10251,613662,8924,1143928,California
Orange,2021-04-05,30040,1752162,14032,913968,12607,796345,3401,41849,13809,531311,16149,629811,17194,1161122,California
Orange,2021-04-06,33459,1785621,15648,929616,14376,810721,3435,45284,14356,530073,19009,648820,17771,1178893,California
Orange,2021-04-07,36193,1821814,20148,949764,11458,822179,4587,49871,15970,530463,20135,668955,20525,1199418,California
Orange,2021-04-08,39224,1861038,21706,971470,12038,834217,5480,55351,19021,534842,20089,689044,24468,1223886,California
Orange,2021-04-09,41069,1902107,23886,995356,11950,846167,5233,60584,18162,535399,22808,711852,23365,1247251,California
Orange,2021-04-10,34608,1936715,18316,1013672,12049,858216,4243,64827,14339,533777,20176,732028,18554,1265805,California
Orange,2021-04-11,25767,1962482,14587,1028259,7910,866126,3270,68097,9877,531071,15836,747864,13130,1278935,California
Orange,2021-04-12,30616,1993098,15484,1043743,11539,877665,3593,71690,12039,528176,18505,766369,15610,1294545,California
Orange,2021-04-13,32384,2025482,18245,1061988,14071,891736,68,71758,15075,526078,17239,783608,15141,1309686,California
Orange,2021-04-14,34748,2060230,20378,1082366,14336,906072,34,71792,15186,521902,19462,803070,15286,1324972,California
Orange,2021-04-15,40363,2100593,24590,1106956,15759,921831,14,71806,18757,519263,21497,824567,18858,1343830,California
Orange,2021-04-16,41286,2141879,24265,1131221,16993,938824,28,71834,18622,515367,22552,847119,18656,1362486,California
Orange,2021-04-17,30231,2172110,17121,1148342,13105,951929,5,71839,13225,511719,16882,864001,13234,1375720,California
Orange,2021-04-18,21470,2193580,12999,1161341,8471,960400,0,71839,8481,507268,12936,876937,8485,1384205,California
Orange,2021-04-19,32447,2226027,17928,1179269,14517,974917,2,71841,14909,504742,17442,894379,14916,1399121,California
Orange,2021-04-20,35182,2261209,18263,1197532,16913,991830,6,71847,17597,504846,17499,911878,17603,1416724,California
Orange,2021-04-21,40689,2301898,23451,1220983,17229,1009059,9,71856,19302,502883,21276,933154,19313,1436037,California
Orange,2021-04-22,39257,2341155,20721,1241704,18527,1027586,9,71865,16323,496413,22806,955960,16336,1452373,California
Orange,2021-04-23,40160,2381315,20785,1262489,19368,1046954,7,71872,17925,492231,22118,978078,17936,1470309,California
Orange,2021-04-24,31968,2413283,16706,1279195,15228,1062182,34,71906,13393,487170,18491,996569,13430,1483739,California
Orange,2021-04-25,22942,2436225,12947,1292142,9981,1072163,14,71920,9799,483907,13081,1009650,9818,1493557,California
Orange,2021-04-26,26249,2462474,12850,1304992,13202,1085365,197,72117,11571,481097,14576,1024226,11766,1505323,California
Orange,2021-04-27,29582,2492056,13844,1318836,15188,1100553,550,72667,11303,474831,18124,1042350,11858,1517181,California
Orange,2021-04-28,30857,2522913,15458,1334294,14521,1115074,878,73545,12385,469740,18349,1060699,13258,1530439,California
Orange,2021-04-29,31875,2554788,17408,1351702,13505,1128579,962,74507,11328,461573,20448,1081147,12281,1542720,California
Orange,2021-04-30,29804,2584592,17009,1368711,11854,1140433,941,75448,12678,458157,17029,1098176,13613,1556333,California
Orange,2021-05-01,22565,2607157,15408,1384119,6171,1146604,986,76434,8707,454076,13763,1111939,9682,1566015,California
Orange,2021-05-02,15390,2622547,10238,1394357,4507,1151111,645,77079,5369,450130,9955,1121894,6009,1572024,California
Orange,2021-05-03,20572,2643119,12560,1406917,7255,1158366,757,77836,6474,443340,14020,1135914,7230,1579254,California
Orange,2021-05-04,23599,2666718,13465,1420382,9225,1167591,909,78745,8172,437083,15323,1151237,9066,1588320,California
Orange,2021-05-05,24727,2691445,13797,1434179,10035,1177626,895,79640,8008,429392,16594,1167831,8903,1597223,California
Orange,2021-05-06,26385,2717830,15959,1450138,9424,1187050,1002,80642,7280,418689,18978,1186809,8275,1605498,California
Orange,2021-05-07,28385,2746215,16864,1467002,10474,1197524,1047,81689,8023,407599,20156,1206965,9066,1614564,California
Orange,2021-05-08,18365,2764580,12135,1479137,5455,1202979,775,82464,5402,400923,12847,1219812,6171,1620735,California
Orange,2021-05-09,10957,2775537,8333,1487470,2253,1205232,371,82835,2877,396139,8032,1227844,3248,1623983,California
Orange,2021-05-10,18981,2794518,11557,1499027,6653,1211885,771,83606,4265,386549,14626,1242470,5036,1629019,California
Orange,2021-05-11,21225,2815743,11707,1510734,8844,1220729,674,84280,5028,376145,16101,1258571,5697,1634716,California
Orange,2021-05-12,22521,2838264,13845,1524579,7921,1228650,755,85035,6265,367027,16138,1274709,7020,1641736,California
Orange,2021-05-13,19856,2858120,12094,1536673,7228,1235878,534,85569,7187,362180,12569,1287278,7722,1649458,California
Orange,2021-05-14,25632,2883752,16731,1553404,8099,1243977,802,86371,10400,358240,15134,1302412,11194,1660652,California
Orange,2021-05-15,19871,2903623,14332,1567736,4991,1248968,548,86919,8022,355016,11792,1314204,8568,1669220,California
Orange,2021-05-16,15090,2918713,12400,1580136,2349,1251317,341,87260,6487,353292,8552,1322756,6828,1676048,California
Orange,2021-05-17,19288,2938001,12635,1592771,5955,1257272,698,87958,7251,349254,11977,1334733,7939,1683987,California
Orange,2021-05-18,20398,2958399,11910,1604681,7820,1265092,668,88626,8345,346292,11965,1346698,9003,1692990,California
Orange,2021-05-19,22414,2980813,12813,1617494,8933,1274025,668,89294,8003,340659,14297,1360995,8664,1701654,California
Orange,2021-05-20,18158,2998971,10418,1627912,7154,1281179,586,89880,6173,335519,11898,1372893,6758,1708412,California
Orange,2021-05-21,21108,3020079,11770,1639682,8710,1289889,628,90508,6743,328611,14280,1387173,7372,1715784,California
Orange,2021-05-22,14304,3034383,9687,1649369,4154,1294043,463,90971,5534,325900,8707,1395880,5996,1721780,California
Orange,2021-05-23,6741,3041124,4781,1654150,1750,1295793,210,91181,2306,324006,4409,1400289,2515,1724295,California
Orange,2021-05-24,15327,3056451,9002,1663152,5708,1301501,617,91798,5878,321132,9363,1409652,6489,1730784,California
Orange,2021-05-25,15571,3072022,9170,1672322,5885,1307386,516,92314,5769,317716,9696,1419348,6280,1737064,California
Orange,2021-05-26,15171,3087193,8509,1680831,6173,1313559,489,92803,5737,314586,9353,1428701,6223,1743287,California
Orange,2021-05-27,14304,3101497,8590,1689421,5165,1318724,549,93352,6366,313611,7873,1436574,6898,1750185,California
Orange,2021-05-28,16577,3118074,9779,1699200,6177,1324901,621,93973,7347,312429,9141,1445715,7959,1758144,California
Orange,2021-05-29,8910,3126984,5213,1704413,3341,1328242,356,94329,4123,312168,4734,1450449,4473,1762617,California
Orange,2021-05-30,5957,3132941,3865,1708278,1818,1330060,274,94603,2151,310818,3772,1454221,2422,1765039,California
Orange,2021-05-31,1700,3134641,1049,1709327,605,1330665,46,94649,555,310287,1132,1455353,601,1765640,California
Orange,2021-06-01,13216,3147857,7635,1716962,5105,1335770,476,95125,5200,308039,7919,1463272,5671,1771311,California
Orange,2021-06-02,12832,3160689,7943,1724905,4488,1340258,401,95526,4704,305152,7987,1471259,5100,1776411,California
Orange,2021-06-03,12541,3173230,8708,1733613,3399,1343657,434,95960,4902,302903,7578,1478837,5329,1781740,California
Orange,2021-06-04,8702,3181932,6012,1739625,2383,1346040,307,96267,2050,298653,6604,1485441,2354,1784094,California
Placer,2020-12-15,29,29,29,29,0,0,0,0,29,29,0,0,29,29,California
Placer,2020-12-16,55,84,55,84,0,0,0,0,55,84,0,0,55,84,California
Placer,2020-12-17,141,225,141,225,0,0,0,0,141,225,0,0,141,225,California
Placer,2020-12-18,323,548,323,548,0,0,0,0,323,548,0,0,323,548,California
Placer,2020-12-19,246,794,246,794,0,0,0,0,246,794,0,0,246,794,California
Placer,2020-12-20,224,1018,224,1018,0,0,0,0,224,1018,0,0,224,1018,California
Placer,2020-12-21,497,1515,495,1513,2,2,0,0,497,1515,0,0,497,1515,California
Placer,2020-12-22,679,2194,672,2185,7,9,0,0,679,2194,0,0,679,2194,California
Placer,2020-12-23,751,2945,664,2849,87,96,0,0,751,2945,0,0,751,2945,California
Placer,2020-12-24,407,3352,355,3204,52,148,0,0,407,3352,0,0,407,3352,California
Placer,2020-12-26,162,3514,117,3321,45,193,0,0,162,3514,0,0,162,3514,California
Placer,2020-12-27,183,3697,161,3482,22,215,0,0,183,3697,0,0,183,3697,California
Placer,2020-12-28,671,4368,547,4029,124,339,0,0,671,4368,0,0,671,4368,California
Placer,2020-12-29,759,5127,510,4539,249,588,0,0,759,5127,0,0,759,5127,California
Placer,2020-12-30,726,5853,454,4993,272,860,0,0,725,5852,0,0,725,5852,California
Placer,2020-12-31,538,6391,353,5346,185,1045,0,0,538,6390,0,0,538,6390,California
Placer,2021-01-01,15,6406,11,5357,4,1049,0,0,15,6405,0,0,15,6405,California
Placer,2021-01-02,187,6593,155,5512,32,1081,0,0,187,6592,0,0,187,6592,California
Placer,2021-01-03,152,6745,78,5590,74,1155,0,0,152,6744,0,0,152,6744,California
Placer,2021-01-04,627,7372,187,5777,440,1595,0,0,627,7371,0,0,627,7371,California
Placer,2021-01-05,728,8100,159,5936,569,2164,0,0,645,7936,82,82,647,8018,California
Placer,2021-01-06,760,8860,245,6181,515,2679,0,0,619,8416,141,223,621,8639,California
Placer,2021-01-07,982,9842,369,6550,613,3292,0,0,777,8990,205,428,779,9418,California
Placer,2021-01-08,1176,11018,523,7073,653,3945,0,0,851,9521,322,750,853,10271,California
Placer,2021-01-09,454,11472,324,7397,130,4075,0,0,235,9547,218,968,244,10515,California
Placer,2021-01-10,333,11805,187,7584,146,4221,0,0,167,9550,166,1134,169,10684,California
Placer,2021-01-11,1431,13236,809,8393,622,4843,0,0,840,9802,591,1725,843,11527,California
Placer,2021-01-12,1657,14893,876,9269,781,5624,0,0,1055,10255,602,2327,1055,12582,California
Placer,2021-01-13,1631,16524,819,10088,812,6436,0,0,1208,11048,421,2748,1214,13796,California
Placer,2021-01-14,1804,18328,679,10767,1125,7561,0,0,1430,12108,372,3120,1432,15228,California
Placer,2021-01-15,1937,20265,726,11493,1211,8772,0,0,1582,13338,354,3474,1584,16812,California
Placer,2021-01-16,1446,21711,714,12207,732,9504,0,0,1325,14544,121,3595,1327,18139,California
Placer,2021-01-17,569,22280,397,12604,172,9676,0,0,431,14837,138,3733,431,18570,California
Placer,2021-01-18,993,23273,554,13158,439,10115,0,0,750,15346,243,3976,752,19322,California
Placer,2021-01-19,2639,25912,1973,15131,666,10781,0,0,2182,17078,457,4433,2189,21511,California
Placer,2021-01-20,2284,28196,1712,16843,572,11353,0,0,1948,18692,336,4769,1950,23461,California
Placer,2021-01-21,2577,30773,1133,17976,1444,12797,0,0,2184,20485,392,5161,2185,25646,California
Placer,2021-01-22,2348,33121,646,18622,1702,14499,0,0,2172,22484,174,5335,2173,27819,California
Placer,2021-01-23,1186,34307,382,19004,804,15303,0,0,1028,23354,158,5493,1028,28847,California
Placer,2021-01-24,500,34807,257,19261,243,15546,0,0,427,23709,73,5566,428,29275,California
Placer,2021-01-25,1680,36487,812,20073,868,16414,0,0,1386,24802,294,5860,1387,30662,California
Placer,2021-01-26,1866,38353,1038,21111,828,17242,0,0,1602,26140,264,6124,1602,32264,California
Placer,2021-01-27,1839,40192,1154,22265,685,17927,0,0,1590,27484,247,6371,1591,33855,California
Placer,2021-01-28,1804,41996,1115,23380,689,18616,0,0,1557,28796,245,6616,1557,35412,California
Placer,2021-01-29,1891,43887,1168,24548,723,19339,0,0,1697,30302,193,6809,1699,37111,California
Placer,2021-01-30,1713,45600,969,25517,744,20083,0,0,1592,31774,120,6929,1592,38703,California
Placer,2021-01-31,784,46384,625,26142,159,20242,0,0,713,32418,71,7000,715,39418,California
Placer,2021-02-01,2072,48456,1089,27231,983,21225,0,0,1756,33859,315,7315,1756,41174,California
Placer,2021-02-02,2394,50850,1541,28772,853,22078,0,0,1893,35255,498,7813,1894,43068,California
Placer,2021-02-03,2926,53776,1889,30661,1037,23115,0,0,2299,36934,623,8436,2302,45370,California
Placer,2021-02-04,2738,56514,1187,31848,1551,24666,0,0,1910,38021,824,9260,1911,47281,California
Placer,2021-02-05,2711,59225,1207,33055,1504,26170,0,0,1378,38071,1328,10588,1378,48659,California
Placer,2021-02-06,1949,61174,1313,34368,636,26806,0,0,1403,38928,546,11134,1403,50062,California
Placer,2021-02-07,1194,62368,882,35250,312,27118,0,0,909,39553,284,11418,909,50971,California
Placer,2021-02-08,3300,65668,1770,37020,1530,28648,0,0,1939,40140,1354,12772,1941,52912,California
Placer,2021-02-09,3544,69212,2178,39198,1366,30014,0,0,1627,39853,1914,14686,1627,54539,California
Placer,2021-02-10,3762,72974,2206,41404,1556,31570,0,0,1753,39602,2006,16692,1755,56294,California
Placer,2021-02-11,3701,76675,1912,43316,1789,33359,0,0,1566,39047,2122,18814,1567,57861,California
Placer,2021-02-12,2842,79517,1323,44639,1519,34878,0,0,1658,39559,1147,19961,1659,59520,California
Placer,2021-02-13,2510,82027,1463,46102,1047,35925,0,0,1883,40815,627,20588,1883,61403,California
Placer,2021-02-14,1088,83115,681,46783,407,36332,0,0,739,41207,347,20935,739,62142,California
Placer,2021-02-15,2239,85354,1037,47820,1202,37534,0,0,1522,42014,717,21652,1524,63666,California
Placer,2021-02-16,3577,88931,1783,49603,1794,39328,0,0,1582,41611,1986,23638,1583,65249,California
Placer,2021-02-17,3541,92472,1960,51563,1581,40909,0,0,1508,41090,2029,25667,1508,66757,California
Placer,2021-02-18,3816,96288,2061,53624,1755,42664,0,0,1630,40544,2177,27844,1631,68388,California
Placer,2021-02-19,3627,99915,1936,55560,1691,44355,0,0,1354,39631,2268,30112,1355,69743,California
Placer,2021-02-20,2032,101947,1276,56836,756,45111,0,0,921,39450,1105,31217,924,70667,California
Placer,2021-02-21,991,102938,731,57567,260,45371,0,0,286,39035,702,31919,287,70954,California
Placer,2021-02-22,2550,105488,1790,59357,760,46131,0,0,618,37721,1932,33851,618,71572,California
Placer,2021-02-23,2573,108061,1599,60956,974,47105,0,0,889,36927,1683,35534,889,72461,California
Placer,2021-02-24,3326,111387,1191,62147,2135,49240,0,0,1826,37264,1491,37025,1828,74289,California
Placer,2021-02-25,3741,115128,1545,63692,2196,51436,0,0,2055,37643,1678,38703,2057,76346,California
Placer,2021-02-26,4251,119379,2452,66144,1799,53235,0,0,2458,38312,1789,40492,2458,78804,California
Placer,2021-02-27,2872,122251,1518,67662,1354,54589,0,0,1479,38407,1387,41879,1482,80286,California
Placer,2021-02-28,1560,123811,854,68516,706,55295,0,0,728,38308,827,42706,728,81014,California
Placer,2021-03-01,3049,126860,2028,70544,1021,56316,0,0,1564,38394,1478,44184,1564,82578,California
Placer,2021-03-02,2867,129727,1768,72312,1099,57415,0,0,1875,39282,987,45171,1875,84453,California
Placer,2021-03-03,3336,133063,1438,73750,1898,59313,0,0,1821,39595,1509,46680,1822,86275,California
Placer,2021-03-04,3607,136670,1453,75203,2154,61467,0,0,1882,39765,1713,48393,1883,88158,California
Placer,2021-03-05,2993,139663,1030,76233,1942,63409,21,21,1806,40408,1184,49577,1827,89985,California
Placer,2021-03-06,2431,142094,1504,77737,830,64239,97,118,935,39952,1488,51065,1032,91017,California
Placer,2021-03-07,1311,143405,761,78498,512,64751,38,156,538,39758,770,51835,576,91593,California
Placer,2021-03-08,2896,146301,1820,80318,964,65715,112,268,1644,40264,1250,53085,1756,93349,California
Placer,2021-03-09,3175,149476,1693,82011,1393,67108,89,357,1828,40836,1345,54430,1917,95266,California
Placer,2021-03-10,3301,152777,1334,83345,1862,68970,105,462,1727,41100,1568,55998,1832,97098,California
Placer,2021-03-11,3655,156432,1665,85010,1864,70834,126,588,1754,41091,1891,57889,1882,98980,California
Placer,2021-03-12,3707,160139,1504,86514,1417,72251,786,1374,1256,40689,2445,60334,2043,101023,California
Placer,2021-03-13,2127,162266,741,87255,1262,73513,124,1498,1109,40907,1015,61349,1233,102256,California
Placer,2021-03-14,1656,163922,680,87935,825,74338,151,1649,899,41200,757,62106,1050,103306,California
Placer,2021-03-15,3192,167114,1542,89477,1521,75859,129,1778,1760,41662,1428,63534,1890,105196,California
Placer,2021-03-16,3594,170708,1929,91406,1531,77390,134,1912,2282,42777,1300,64834,2415,107611,California
Placer,2021-03-17,3455,174163,1745,93151,1606,78996,104,2016,2220,43870,1232,66066,2325,109936,California
Placer,2021-03-18,4102,178265,2330,95481,1731,80727,41,2057,2856,45527,1239,67305,2896,112832,California
Placer,2021-03-19,3445,181710,2064,97545,1114,81841,267,2324,2146,46647,1291,68596,2411,115243,California
Placer,2021-03-20,2145,183855,904,98449,1146,82987,95,2419,1306,47213,834,69430,1400,116643,California
Placer,2021-03-21,1266,185121,579,99028,677,83664,10,2429,881,47722,382,69812,891,117534,California
Placer,2021-03-22,3291,188412,2112,101140,1087,84751,92,2521,2181,48889,1106,70918,2273,119807,California
Placer,2021-03-23,3542,191954,2103,103243,1350,86101,89,2610,2524,50490,1013,71931,2614,122421,California
Placer,2021-03-24,3812,195766,2005,105248,1710,87811,97,2707,1947,50690,1844,73775,2044,124465,California
Placer,2021-03-25,3861,199627,1858,107106,1904,89715,99,2806,1727,50392,2123,75898,1825,126290,California
Placer,2021-03-26,3764,203391,1666,108772,1864,91579,234,3040,1503,49883,2246,78144,1737,128027,California
Placer,2021-03-27,1577,204968,465,109237,1093,92672,19,3059,605,49542,965,79109,624,128651,California
Placer,2021-03-28,1099,206067,528,109765,562,93234,9,3068,305,49067,789,79898,314,128965,California
Placer,2021-03-29,3560,209627,1992,111757,1534,94768,34,3102,1732,49017,1819,81717,1769,130734,California
Placer,2021-03-30,3979,213606,2099,113856,1837,96605,43,3145,2085,49264,1880,83597,2127,132861,California
Placer,2021-03-31,4104,217710,1834,115690,2196,98801,74,3219,1691,48622,2406,86003,1764,134625,California
Placer,2021-04-01,2987,220697,1440,117130,1499,100300,48,3267,1660,49008,1322,87325,1708,136333,California
Placer,2021-04-02,2836,223533,1465,118595,1306,101606,65,3332,1576,49395,1253,88578,1640,137973,California
Placer,2021-04-03,1845,225378,986,119581,731,102337,128,3460,886,49456,951,89529,1012,138985,California
Placer,2021-04-04,708,226086,360,119941,295,102632,53,3513,281,49366,424,89953,334,139319,California
Placer,2021-04-05,3022,229108,1912,121853,927,103559,183,3696,1754,50040,1262,91215,1936,141255,California
Placer,2021-04-06,4290,233398,2487,124340,1502,105061,301,3997,1519,49096,2763,93978,1819,143074,California
Placer,2021-04-07,4550,237948,2598,126938,1497,106558,455,4452,2072,49148,2471,96449,2523,145597,California
Placer,2021-04-08,4726,242674,2610,129548,1575,108133,541,4993,1586,48145,3129,99578,2126,147723,California
Placer,2021-04-09,4133,246807,2274,131822,1238,109371,621,5614,1245,47133,2880,102458,1868,149591,California
Placer,2021-04-10,2037,248844,888,132710,967,110338,182,5796,864,47008,1170,103628,1045,150636,California
Placer,2021-04-11,1368,250212,532,133242,803,111141,33,5829,461,46598,903,104531,493,151129,California
Placer,2021-04-12,4109,254321,2648,135890,1077,112218,384,6213,2474,47829,1626,106157,2857,153986,California
Placer,2021-04-13,4359,258680,2998,138888,1360,113578,1,6214,2204,47884,2151,108308,2206,156192,California
Placer,2021-04-14,4151,262831,2573,141461,1577,115155,1,6215,1854,47452,2287,110595,1855,158047,California
Placer,2021-04-15,4489,267320,2510,143971,1978,117133,1,6216,2338,47651,2140,112735,2339,160386,California
Placer,2021-04-16,3663,270983,2176,146147,1487,118620,0,6216,1422,46838,2235,114970,1422,161808,California
Placer,2021-04-17,2423,273406,843,146990,1580,120200,0,6216,1515,47450,903,115873,1515,163323,California
Placer,2021-04-18,1188,274594,255,147245,933,121133,0,6216,412,47088,774,116647,412,163735,California
Placer,2021-04-19,2927,277521,1796,149041,1131,122264,0,6216,1156,46477,1768,118415,1157,164892,California
Placer,2021-04-20,3813,281334,2466,151507,1347,123611,0,6216,2424,47521,1380,119795,2424,167316,California
Placer,2021-04-21,3663,284997,2396,153903,1266,124877,1,6217,2384,48630,1276,121071,2385,169701,California
Placer,2021-04-22,3660,288657,2270,156173,1390,126267,0,6217,1745,48463,1912,122983,1745,171446,California
Placer,2021-04-23,3502,292159,2317,158490,1184,127451,1,6218,1373,47715,2122,125105,1374,172820,California
Placer,2021-04-24,2087,294246,1266,159756,820,128271,1,6219,1220,48077,858,125963,1220,174040,California
Placer,2021-04-25,913,295159,501,160257,412,128683,0,6219,564,48292,349,126312,564,174604,California
Placer,2021-04-26,2352,297511,1243,161500,1086,129769,23,6242,1153,48277,1190,127502,1175,175779,California
Placer,2021-04-27,2673,300184,1396,162896,1240,131009,37,6279,1528,48702,1141,128643,1566,177345,California
Placer,2021-04-28,2929,303113,1818,164714,1074,132083,37,6316,1531,48881,1389,130032,1568,178913,California
Placer,2021-04-29,3265,306378,2075,166789,1137,133220,53,6369,1307,48289,1952,131984,1360,180273,California
Placer,2021-04-30,2975,309353,1798,168587,1128,134348,49,6418,1184,47737,1785,133769,1233,181506,California
Placer,2021-05-01,1326,310679,931,169518,369,134717,26,6444,602,47646,718,134487,627,182133,California
Placer,2021-05-02,730,311409,572,170090,136,134853,22,6466,331,47602,397,134884,353,182486,California
Placer,2021-05-03,1610,313019,989,171079,554,135407,67,6533,441,46943,1166,136050,507,182993,California
Placer,2021-05-04,2296,315315,1292,172371,838,136245,166,6699,858,46535,1432,137482,1024,184017,California
Placer,2021-05-05,3668,318983,2480,174851,1083,137328,105,6804,963,44905,2698,140180,1068,185085,California
Placer,2021-05-06,3091,322074,1887,176738,1127,138455,77,6881,814,43543,2253,142433,891,185976,California
Placer,2021-05-07,2811,324885,1890,178628,830,139285,91,6972,797,42427,2004,144437,888,186864,California
Placer,2021-05-08,1323,326208,706,179334,576,139861,41,7013,391,41927,930,145367,430,187294,California
Placer,2021-05-09,439,326647,204,179538,215,140076,20,7033,217,41941,222,145589,236,187530,California
Placer,2021-05-10,1923,328570,1023,180561,804,140880,96,7129,431,40980,1488,147077,527,188057,California
Placer,2021-05-11,2827,331397,2039,182600,684,141564,104,7233,584,39435,2233,149310,688,188745,California
Placer,2021-05-12,2770,334167,1914,184514,808,142372,48,7281,656,38032,2108,151418,705,189450,California
Placer,2021-05-13,2694,336861,1749,186263,899,143271,46,7327,950,37285,1742,153160,995,190445,California
Placer,2021-05-14,2742,339603,1816,188079,796,144067,130,7457,1343,37369,1386,154546,1470,191915,California
Placer,2021-05-15,2052,341655,1346,189425,682,144749,24,7481,905,37157,1141,155687,929,192844,California
Placer,2021-05-16,1012,342667,528,189953,465,145214,19,7500,343,36852,667,156354,362,193206,California
Placer,2021-05-17,2348,345015,1559,191512,713,145927,76,7576,1032,36648,1312,157666,1108,194314,California
Placer,2021-05-18,2490,347505,1675,193187,736,146663,79,7655,1130,36501,1356,159022,1209,195523,California
Placer,2021-05-19,2509,350014,1591,194778,873,147536,45,7700,931,35904,1573,160595,976,196499,California
Placer,2021-05-20,2265,352279,1497,196275,734,148270,34,7734,867,35411,1392,161987,899,197398,California
Placer,2021-05-21,2184,354463,1384,197659,665,148935,135,7869,974,35316,1202,163189,1107,198505,California
Placer,2021-05-22,1387,355850,973,198632,375,149310,39,7908,708,35389,674,163863,747,199252,California
Placer,2021-05-23,382,356232,233,198865,138,149448,11,7919,216,35452,165,164028,228,199480,California
Placer,2021-05-24,1463,357695,744,199609,604,150052,115,8034,458,35023,1002,165030,573,200053,California
Placer,2021-05-25,1781,359476,936,200545,746,150798,99,8133,665,34678,1109,166139,764,200817,California
Placer,2021-05-26,1558,361034,899,201444,629,151427,30,8163,617,34389,937,167076,648,201465,California
Placer,2021-05-27,1442,362476,708,202152,690,152117,44,8207,656,34312,777,167853,700,202165,California
Placer,2021-05-28,1676,364152,852,203004,735,152852,89,8296,720,34170,951,168804,809,202974,California
Placer,2021-05-29,721,364873,400,203404,291,153143,30,8326,363,34207,355,169159,392,203366,California
Placer,2021-05-30,343,365216,232,203636,97,153240,14,8340,221,34321,121,169280,235,203601,California
Placer,2021-05-31,145,365361,67,203703,61,153301,17,8357,28,34249,116,169396,44,203645,California
Placer,2021-06-01,1665,367026,877,204580,717,154018,71,8428,632,33924,1028,170424,703,204348,California
Placer,2021-06-02,1431,368457,703,205283,661,154679,67,8495,498,33557,932,171356,565,204913,California
Placer,2021-06-03,1622,370079,980,206263,584,155263,58,8553,448,32892,1170,172526,505,205418,California
Placer,2021-06-04,929,371008,712,206975,182,155445,35,8588,181,32363,743,173269,214,205632,California
Plumas,2020-12-18,4,4,4,4,0,0,0,0,4,4,0,0,4,4,California
Plumas,2020-12-19,1,5,1,5,0,0,0,0,1,5,0,0,1,5,California
Plumas,2020-12-21,45,50,45,50,0,0,0,0,45,50,0,0,45,50,California
Plumas,2020-12-22,93,143,93,143,0,0,0,0,93,143,0,0,93,143,California
Plumas,2020-12-23,50,193,50,193,0,0,0,0,50,193,0,0,50,193,California
Plumas,2020-12-24,6,199,6,199,0,0,0,0,6,199,0,0,6,199,California
Plumas,2020-12-28,8,207,0,199,8,8,0,0,8,207,0,0,8,207,California
Plumas,2020-12-29,32,239,22,221,10,18,0,0,32,239,0,0,32,239,California
Plumas,2020-12-30,23,262,1,222,22,40,0,0,23,262,0,0,23,262,California
Plumas,2020-12-31,4,266,1,223,3,43,0,0,4,266,0,0,4,266,California
Plumas,2021-01-02,1,267,0,223,1,44,0,0,1,267,0,0,1,267,California
Plumas,2021-01-04,10,277,3,226,7,51,0,0,10,277,0,0,10,277,California
Plumas,2021-01-05,22,299,1,227,21,72,0,0,22,299,0,0,22,299,California
Plumas,2021-01-06,121,420,5,232,116,188,0,0,121,420,0,0,121,420,California
Plumas,2021-01-07,52,472,2,234,50,238,0,0,51,470,1,1,51,471,California
Plumas,2021-01-08,12,484,5,239,7,245,0,0,8,474,4,5,8,479,California
Plumas,2021-01-09,1,485,1,240,0,245,0,0,0,473,1,6,0,479,California
Plumas,2021-01-11,58,543,50,290,8,253,0,0,11,437,47,53,11,490,California
Plumas,2021-01-12,156,699,87,377,69,322,0,0,71,423,85,138,71,561,California
Plumas,2021-01-13,55,754,50,427,5,327,0,0,9,386,46,184,9,570,California
Plumas,2021-01-14,98,852,14,441,84,411,0,0,93,474,5,189,93,663,California
Plumas,2021-01-15,62,914,7,448,55,466,0,0,60,532,2,191,60,723,California
Plumas,2021-01-16,58,972,1,449,57,523,0,0,58,590,0,191,58,781,California
Plumas,2021-01-18,2,974,1,450,1,524,0,0,2,592,0,191,2,783,California
Plumas,2021-01-19,37,1011,5,455,32,556,0,0,33,621,4,195,33,816,California
Plumas,2021-01-20,130,1141,2,457,128,684,0,0,128,747,2,197,128,944,California
Plumas,2021-01-21,111,1252,2,459,109,793,0,0,111,858,0,197,111,1055,California
Plumas,2021-01-22,5,1257,1,460,4,797,0,0,5,863,0,197,5,1060,California
Plumas,2021-01-23,94,1351,2,462,92,889,0,0,94,957,0,197,94,1154,California
Plumas,2021-01-24,1,1352,1,463,0,889,0,0,1,958,0,197,1,1155,California
Plumas,2021-01-25,9,1361,6,469,3,892,0,0,7,963,2,199,7,1162,California
Plumas,2021-01-26,59,1420,2,471,57,949,0,0,51,1006,8,207,51,1213,California
Plumas,2021-01-27,27,1447,22,493,5,954,0,0,7,993,20,227,7,1220,California
Plumas,2021-01-28,24,1471,1,494,23,977,0,0,22,1013,2,229,22,1242,California
Plumas,2021-01-29,8,1479,2,496,6,983,0,0,7,1019,1,230,7,1249,California
Plumas,2021-01-30,7,1486,3,499,4,987,0,0,7,1026,0,230,7,1256,California
Plumas,2021-01-31,3,1489,3,502,0,987,0,0,3,1029,0,230,3,1259,California
Plumas,2021-02-01,16,1505,2,504,14,1001,0,0,8,1029,8,238,8,1267,California
Plumas,2021-02-02,23,1528,2,506,21,1022,0,0,2,1010,21,259,2,1269,California
Plumas,2021-02-03,126,1654,8,514,118,1140,0,0,13,911,112,371,13,1282,California
Plumas,2021-02-04,102,1756,8,522,94,1234,0,0,23,855,79,450,23,1305,California
Plumas,2021-02-05,27,1783,12,534,15,1249,0,0,12,852,15,465,12,1317,California
Plumas,2021-02-06,7,1790,0,534,7,1256,0,0,7,859,0,465,7,1324,California
Plumas,2021-02-08,14,1804,5,539,9,1265,0,0,2,849,12,477,2,1326,California
Plumas,2021-02-09,173,1977,3,542,170,1435,0,0,113,902,60,537,113,1439,California
Plumas,2021-02-10,98,2075,8,550,90,1525,0,0,92,989,6,543,93,1532,California
Plumas,2021-02-11,337,2412,6,556,331,1856,0,0,277,1206,60,603,277,1809,California
Plumas,2021-02-12,123,2535,4,560,119,1975,0,0,117,1317,6,609,117,1926,California
Plumas,2021-02-13,76,2611,6,566,70,2045,0,0,16,1273,60,669,16,1942,California
Plumas,2021-02-14,8,2619,5,571,3,2048,0,0,8,1281,0,669,8,1950,California
Plumas,2021-02-15,26,2645,5,576,21,2069,0,0,23,1301,3,672,23,1973,California
Plumas,2021-02-16,80,2725,5,581,75,2144,0,0,16,1253,64,736,16,1989,California
Plumas,2021-02-17,146,2871,5,586,141,2285,0,0,12,1131,134,870,12,2001,California
Plumas,2021-02-18,130,3001,7,593,123,2408,0,0,21,1044,109,979,22,2023,California
Plumas,2021-02-19,43,3044,6,599,37,2445,0,0,8,1017,35,1014,8,2031,California
Plumas,2021-02-20,105,3149,7,606,98,2543,0,0,13,938,92,1106,13,2044,California
Plumas,2021-02-21,6,3155,5,611,1,2544,0,0,2,936,4,1110,2,2046,California
Plumas,2021-02-22,3,3158,1,612,2,2546,0,0,0,933,3,1113,0,2046,California
Plumas,2021-02-23,24,3182,5,617,19,2565,0,0,17,943,7,1120,17,2063,California
Plumas,2021-02-24,470,3652,7,624,463,3028,0,0,457,1387,13,1133,457,2520,California
Plumas,2021-02-25,237,3889,12,636,225,3253,0,0,174,1498,63,1196,174,2694,California
Plumas,2021-02-26,267,4156,8,644,259,3512,0,0,258,1748,9,1205,259,2953,California
Plumas,2021-02-27,40,4196,4,648,36,3548,0,0,33,1774,7,1212,33,2986,California
Plumas,2021-02-28,2,4198,0,648,2,3550,0,0,2,1776,0,1212,2,2988,California
Plumas,2021-03-01,15,4213,2,650,13,3563,0,0,10,1782,4,1216,10,2998,California
Plumas,2021-03-02,11,4224,1,651,10,3573,0,0,7,1786,3,1219,7,3005,California
Plumas,2021-03-03,170,4394,9,660,161,3734,0,0,154,1924,16,1235,154,3159,California
Plumas,2021-03-04,251,4645,8,668,243,3977,0,0,229,2131,22,1257,229,3388,California
Plumas,2021-03-05,400,5045,6,674,389,4366,5,5,389,2514,11,1268,394,3782,California
Plumas,2021-03-06,20,5065,3,677,9,4375,8,13,3,2508,17,1285,11,3793,California
Plumas,2021-03-07,14,5079,3,680,2,4377,9,22,4,2511,10,1295,13,3806,California
Plumas,2021-03-08,30,5109,3,683,2,4379,25,47,3,2512,27,1322,28,3834,California
Plumas,2021-03-09,136,5245,3,686,118,4497,15,62,20,2431,116,1438,35,3869,California
Plumas,2021-03-10,284,5529,4,690,266,4763,14,76,110,2382,173,1611,124,3993,California
Plumas,2021-03-11,183,5712,9,699,169,4932,5,81,148,2500,35,1646,153,4146,California
Plumas,2021-03-12,594,6306,5,704,302,5234,287,368,23,2239,571,2217,310,4456,California
Plumas,2021-03-13,25,6331,4,708,10,5244,11,379,4,2233,21,2238,15,4471,California
Plumas,2021-03-14,12,6343,3,711,4,5248,5,384,1,2229,10,2248,6,4477,California
Plumas,2021-03-15,31,6374,0,711,24,5272,7,391,6,2217,25,2273,13,4490,California
Plumas,2021-03-16,61,6435,3,714,57,5329,1,392,49,2255,12,2285,50,4540,California
Plumas,2021-03-17,70,6505,8,722,61,5390,1,393,55,2297,14,2299,56,4596,California
Plumas,2021-03-18,61,6566,6,728,39,5429,16,409,11,2274,50,2349,27,4623,California
Plumas,2021-03-19,163,6729,5,733,156,5585,2,411,155,2426,6,2355,158,4781,California
Plumas,2021-03-20,709,7438,4,737,704,6289,1,412,688,3096,19,2374,689,5470,California
Plumas,2021-03-21,2,7440,1,738,1,6290,0,412,1,3097,0,2374,1,5471,California
Plumas,2021-03-22,191,7631,2,740,189,6479,0,412,184,3274,7,2381,184,5655,California
Plumas,2021-03-23,28,7659,2,742,26,6505,0,412,14,3274,14,2395,14,5669,California
Plumas,2021-03-24,673,8332,6,748,666,7171,1,413,226,3055,446,2841,227,5896,California
Plumas,2021-03-25,304,8636,7,755,295,7466,2,415,160,3071,144,2985,160,6056,California
Plumas,2021-03-26,316,8952,10,765,306,7772,0,415,47,2850,268,3253,47,6103,California
Plumas,2021-03-27,13,8965,1,766,11,7783,1,416,3,2844,10,3263,4,6107,California
Plumas,2021-03-28,8,8973,4,770,3,7786,1,417,4,2845,4,3267,5,6112,California
Plumas,2021-03-29,12,8985,4,774,7,7793,1,418,4,2842,8,3275,5,6117,California
Plumas,2021-03-30,169,9154,3,777,164,7957,2,420,26,2727,143,3418,28,6145,California
Plumas,2021-03-31,290,9444,3,780,286,8243,1,421,268,2974,22,3440,269,6414,California
Plumas,2021-04-01,302,9746,11,791,290,8533,1,422,59,2793,240,3680,59,6473,California
Plumas,2021-04-02,377,10123,4,795,371,8904,2,424,30,2489,336,4016,32,6505,California
Plumas,2021-04-03,15,10138,3,798,5,8909,7,431,4,2489,11,4027,11,6516,California
Plumas,2021-04-04,3,10141,1,799,1,8910,1,432,0,2487,3,4030,1,6517,California
Plumas,2021-04-05,12,10153,4,803,7,8917,1,433,4,2485,7,4037,5,6522,California
Plumas,2021-04-06,128,10281,6,809,96,9013,26,459,15,2413,113,4150,41,6563,California
Plumas,2021-04-07,287,10568,7,816,102,9115,178,637,28,2360,259,4409,206,6769,California
Plumas,2021-04-08,153,10721,3,819,134,9249,16,653,37,2297,115,4524,52,6821,California
Plumas,2021-04-09,50,10771,9,828,24,9273,17,670,17,2297,33,4557,33,6854,California
Plumas,2021-04-10,23,10794,2,830,5,9278,16,686,5,2300,18,4575,21,6875,California
Plumas,2021-04-11,2,10796,1,831,0,9278,1,687,1,2301,1,4576,2,6877,California
Plumas,2021-04-12,12,10808,4,835,5,9283,3,690,6,2304,6,4582,9,6886,California
Plumas,2021-04-13,210,11018,4,839,206,9489,0,690,145,2384,65,4647,145,7031,California
Plumas,2021-04-14,108,11126,6,845,102,9591,0,690,55,2386,53,4700,55,7086,California
Plumas,2021-04-15,52,11178,2,847,50,9641,0,690,34,2402,18,4718,34,7120,California
Plumas,2021-04-16,143,11321,3,850,140,9781,0,690,2,2263,141,4859,2,7122,California
Plumas,2021-04-17,679,12000,2,852,677,10458,0,690,19,1624,658,5517,19,7141,California
Plumas,2021-04-18,3,12003,3,855,0,10458,0,690,0,1621,3,5520,0,7141,California
Plumas,2021-04-19,38,12041,2,857,36,10494,0,690,5,1593,33,5553,5,7146,California
Plumas,2021-04-20,43,12084,5,862,38,10532,0,690,28,1607,14,5567,28,7174,California
Plumas,2021-04-21,318,12402,5,867,312,10844,1,691,17,1323,301,5868,17,7191,California
Plumas,2021-04-22,275,12677,7,874,268,11112,0,691,130,1308,145,6013,130,7321,California
Plumas,2021-04-23,74,12751,5,879,69,11181,0,691,16,1266,58,6071,16,7337,California
Plumas,2021-04-24,171,12922,5,884,166,11347,0,691,145,1386,25,6096,145,7482,California
Plumas,2021-04-26,29,12951,3,887,26,11373,0,691,8,1374,20,6116,8,7490,California
Plumas,2021-04-27,98,13049,4,891,94,11467,0,691,61,1398,37,6153,61,7551,California
Plumas,2021-04-28,284,13333,4,895,280,11747,0,691,38,1191,245,6398,38,7589,California
Plumas,2021-04-29,172,13505,68,963,104,11851,0,691,119,1257,53,6451,119,7708,California
Plumas,2021-04-30,22,13527,11,974,11,11862,0,691,7,1249,15,6466,7,7715,California
Plumas,2021-05-01,4,13531,1,975,2,11864,1,692,1,1249,2,6468,2,7717,California
Plumas,2021-05-02,1,13532,1,976,0,11864,0,692,1,1250,0,6468,1,7718,California
Plumas,2021-05-03,18,13550,6,982,6,11870,6,698,6,1251,11,6479,12,7730,California
Plumas,2021-05-04,31,13581,3,985,21,11891,7,705,18,1264,12,6491,25,7755,California
Plumas,2021-05-05,48,13629,4,989,43,11934,1,706,22,1261,26,6517,23,7778,California
Plumas,2021-05-06,65,13694,2,991,57,11991,6,712,20,1242,45,6562,26,7804,California
Plumas,2021-05-07,22,13716,5,996,16,12007,1,713,8,1237,14,6576,9,7813,California
Plumas,2021-05-08,6,13722,0,996,4,12011,2,715,4,1241,2,6578,6,7819,California
Plumas,2021-05-10,50,13772,0,996,27,12038,23,738,23,1260,27,6605,46,7865,California
Plumas,2021-05-11,171,13943,3,999,149,12187,19,757,15,1138,156,6761,34,7899,California
Plumas,2021-05-12,100,14043,2,1001,91,12278,7,764,37,1120,62,6823,44,7943,California
Plumas,2021-05-13,37,14080,3,1004,32,12310,2,766,13,1111,24,6847,15,7958,California
Plumas,2021-05-14,19,14099,3,1007,11,12321,5,771,9,1115,10,6857,14,7972,California
Plumas,2021-05-15,10,14109,4,1011,4,12325,2,773,4,1115,6,6863,6,7978,California
Plumas,2021-05-16,1,14110,1,1012,0,12325,0,773,1,1116,0,6863,1,7979,California
Plumas,2021-05-17,14,14124,0,1012,5,12330,9,782,4,1119,10,6873,13,7992,California
Plumas,2021-05-18,45,14169,7,1019,37,12367,1,783,25,1125,20,6893,26,8018,California
Plumas,2021-05-19,47,14216,3,1022,30,12397,14,797,12,1117,35,6928,27,8045,California
Plumas,2021-05-20,187,14403,133,1155,43,12440,11,808,77,1095,110,7038,88,8133,California
Plumas,2021-05-21,30,14433,9,1164,15,12455,6,814,15,1101,15,7053,21,8154,California
Plumas,2021-05-22,136,14569,2,1166,134,12589,0,814,6,978,129,7182,6,8160,California
Plumas,2021-05-23,1,14570,1,1167,0,12589,0,814,0,977,1,7183,0,8160,California
Plumas,2021-05-24,50,14620,37,1204,12,12601,1,815,41,1010,9,7192,42,8202,California
Plumas,2021-05-25,73,14693,3,1207,69,12670,1,816,16,970,57,7249,17,8219,California
Plumas,2021-05-26,42,14735,7,1214,28,12698,7,823,17,969,25,7274,24,8243,California
Plumas,2021-05-27,102,14837,26,1240,63,12761,13,836,42,965,59,7333,55,8298,California
Plumas,2021-05-28,42,14879,16,1256,24,12785,2,838,23,971,19,7352,25,8323,California
Plumas,2021-05-29,8,14887,0,1256,8,12793,0,838,6,976,2,7354,7,8330,California
Plumas,2021-05-31,5,14892,0,1256,2,12795,3,841,0,975,4,7358,3,8333,California
Plumas,2021-06-01,34,14926,8,1264,20,12815,6,847,9,966,25,7383,16,8349,California
Plumas,2021-06-02,60,14986,5,1269,34,12849,21,868,10,947,50,7433,31,8380,California
Plumas,2021-06-03,64,15050,16,1285,38,12887,10,878,26,945,38,7471,36,8416,California
Plumas,2021-06-04,6,15056,0,1285,4,12891,2,880,4,949,2,7473,6,8422,California
Riverside,2020-12-15,5,5,5,5,0,0,0,0,5,5,0,0,5,5,California
Riverside,2020-12-16,70,75,70,75,0,0,0,0,70,75,0,0,70,75,California
Riverside,2020-12-17,814,889,814,889,0,0,0,0,814,889,0,0,814,889,California
Riverside,2020-12-18,1729,2618,1728,2617,1,1,0,0,1729,2618,0,0,1729,2618,California
Riverside,2020-12-19,1029,3647,1026,3643,3,4,0,0,1027,3644,1,1,1027,3645,California
Riverside,2020-12-20,1085,4732,1084,4727,1,5,0,0,1085,4729,0,1,1085,4730,California
Riverside,2020-12-21,2274,7006,2272,6999,2,7,0,0,2274,7003,0,1,2274,7004,California
Riverside,2020-12-22,2259,9265,2220,9219,39,46,0,0,2259,9262,0,1,2259,9263,California
Riverside,2020-12-23,2147,11412,1805,11024,342,388,0,0,2148,11410,0,1,2148,11411,California
Riverside,2020-12-24,822,12234,619,11643,203,591,0,0,822,12232,0,1,822,12233,California
Riverside,2020-12-25,28,12262,5,11648,23,614,0,0,28,12260,0,1,28,12261,California
Riverside,2020-12-26,400,12662,257,11905,143,757,0,0,400,12660,0,1,400,12661,California
Riverside,2020-12-27,368,13030,247,12152,121,878,0,0,368,13028,0,1,368,13029,California
Riverside,2020-12-28,1636,14666,1131,13283,505,1383,0,0,1637,14665,0,1,1637,14666,California
Riverside,2020-12-29,1741,16407,971,14254,770,2153,0,0,1741,16406,0,1,1741,16407,California
Riverside,2020-12-30,2578,18985,1682,15936,896,3049,0,0,2578,18984,0,1,2578,18985,California
Riverside,2020-12-31,1022,20007,396,16332,626,3675,0,0,1024,20008,0,1,1024,20009,California
Riverside,2021-01-01,122,20129,46,16378,76,3751,0,0,122,20130,0,1,122,20131,California
Riverside,2021-01-02,834,20963,693,17071,141,3892,0,0,834,20964,0,1,834,20965,California
Riverside,2021-01-03,344,21307,298,17369,46,3938,0,0,343,21307,0,1,343,21308,California
Riverside,2021-01-04,1267,22574,794,18163,473,4411,0,0,1267,22574,0,1,1267,22575,California
Riverside,2021-01-05,1990,24564,1366,19529,624,5035,0,0,1895,24379,90,91,1895,24470,California
Riverside,2021-01-06,2497,27061,1113,20642,1384,6419,0,0,2187,26260,306,397,2187,26657,California
Riverside,2021-01-07,2787,29848,1829,22471,958,7377,0,0,1720,26920,1061,1458,1721,28378,California
Riverside,2021-01-08,4069,33917,2938,25409,1131,8508,0,0,2252,27359,1813,3271,2252,30630,California
Riverside,2021-01-09,2077,35994,848,26257,1229,9737,0,0,1725,28733,351,3622,1725,32355,California
Riverside,2021-01-10,1669,37663,734,26991,935,10672,0,0,1068,29200,601,4223,1068,33423,California
Riverside,2021-01-11,4522,42185,3095,30086,1427,12099,0,0,2788,30257,1732,5955,2789,36212,California
Riverside,2021-01-12,3417,45602,2742,32828,675,12774,0,0,1722,30289,1690,7645,1722,37934,California
Riverside,2021-01-13,4463,50065,2944,35772,1519,14293,0,0,2844,31517,1616,9261,2844,40778,California
Riverside,2021-01-14,5524,55589,1916,37688,3608,17901,0,0,4941,35876,582,9843,4941,45719,California
Riverside,2021-01-15,6087,61676,2006,39694,4081,21982,0,0,5796,41382,290,10133,5796,51515,California
Riverside,2021-01-16,3616,65292,1020,40714,2596,24578,0,0,3369,44505,247,10380,3370,54885,California
Riverside,2021-01-17,3596,68888,588,41302,3008,27586,0,0,3397,47705,197,10577,3397,58282,California
Riverside,2021-01-18,3754,72642,2046,43348,1708,29294,0,0,2742,49435,1012,11589,2742,61024,California
Riverside,2021-01-19,7424,80066,2649,45997,4775,34069,0,0,6301,54614,1123,12712,6302,67326,California
Riverside,2021-01-20,8233,88299,3139,49136,5094,39163,0,0,6567,59531,1654,14366,6571,73897,California
Riverside,2021-01-21,8347,96646,3504,52640,4843,44006,0,0,7695,66574,653,15019,7696,81593,California
Riverside,2021-01-22,8732,105378,2964,55604,5768,49774,0,0,8300,74445,430,15449,8301,89894,California
Riverside,2021-01-23,5902,111280,2364,57968,3538,53312,0,0,5181,78907,720,16169,5182,95076,California
Riverside,2021-01-24,3041,114321,1436,59404,1605,54917,0,0,2826,81522,212,16381,2827,97903,California
Riverside,2021-01-25,7892,122213,4540,63944,3352,58269,0,0,6766,87164,1125,17506,6767,104670,California
Riverside,2021-01-26,9153,131366,5725,69669,3428,61697,0,0,7642,93299,1508,19014,7643,112313,California
Riverside,2021-01-27,10929,142295,6394,76063,4535,66232,0,0,9315,101007,1610,20624,9318,121631,California
Riverside,2021-01-28,11510,153805,6791,82854,4719,70951,0,0,10340,110186,1162,21786,10341,131972,California
Riverside,2021-01-29,11941,165746,7286,90140,4655,75606,0,0,10564,119403,1351,23137,10568,142540,California
Riverside,2021-01-30,9068,174814,4617,94757,4451,80057,0,0,8606,127550,460,23597,8607,151147,California
Riverside,2021-01-31,5172,179986,4260,99017,912,80969,0,0,5042,132467,129,23726,5046,156193,California
Riverside,2021-02-01,10984,190970,6790,105807,4194,85163,0,0,9133,139759,1844,25570,9136,165329,California
Riverside,2021-02-02,9480,200450,4820,110627,4660,89823,0,0,8012,146314,1460,27030,8015,173344,California
Riverside,2021-02-03,12191,212641,5147,115774,7044,96867,0,0,9821,153774,2361,29391,9821,183165,California
Riverside,2021-02-04,13520,226161,6010,121784,7510,104377,0,0,11432,163129,2080,31471,11435,194600,California
Riverside,2021-02-05,14327,240488,5391,127175,8936,113313,0,0,11276,171365,3044,34515,11280,205880,California
Riverside,2021-02-06,7233,247721,4264,131439,2969,116282,0,0,5592,175326,1634,36149,5595,211475,California
Riverside,2021-02-07,2167,249888,796,132235,1371,117653,0,0,1846,176854,319,36468,1847,213322,California
Riverside,2021-02-08,12474,262362,5550,137785,6924,124577,0,0,10160,184719,2299,38767,10164,223486,California
Riverside,2021-02-09,9638,272000,4516,142301,5122,129699,0,0,7693,190479,1938,40705,7698,231184,California
Riverside,2021-02-10,12083,284083,6971,149272,5112,134811,0,0,8911,196237,3162,43867,8920,240104,California
Riverside,2021-02-11,16631,300714,9062,158334,7569,142380,0,0,12111,203865,4498,48365,12126,252230,California
Riverside,2021-02-12,17699,318413,10797,169131,6902,149282,0,0,12810,211842,4845,53210,12822,265052,California
Riverside,2021-02-13,6313,324726,2133,171264,4180,153462,0,0,3090,211745,3208,56418,3111,268163,California
Riverside,2021-02-14,4920,329646,1118,172382,3802,157264,0,0,2178,211185,2738,59156,2178,270341,California
Riverside,2021-02-15,9819,339465,4999,177381,4820,162084,0,0,5400,212183,4410,63566,5408,275749,California
Riverside,2021-02-16,16127,355592,10117,187498,6010,168094,0,0,9249,214570,6870,70436,9257,285006,California
Riverside,2021-02-17,15034,370626,8214,195712,6820,174914,0,0,7446,214452,7574,78010,7456,292462,California
Riverside,2021-02-18,15553,386179,8984,204696,6569,181483,0,0,8017,214971,7513,85523,8032,300494,California
Riverside,2021-02-19,15305,401484,8225,212921,7080,188563,0,0,7227,214147,8059,93582,7235,307729,California
Riverside,2021-02-20,8319,409803,4500,217421,3819,192382,0,0,2161,210171,6141,99723,2165,309894,California
Riverside,2021-02-21,4404,414207,3882,221303,522,192904,0,0,1234,208250,3155,102878,1234,311128,California
Riverside,2021-02-22,12388,426595,7780,229083,4608,197512,0,0,5109,206101,7263,110141,5114,316242,California
Riverside,2021-02-23,11127,437722,7573,236656,3554,201066,0,0,5397,205799,5703,115844,5401,321643,California
Riverside,2021-02-24,14808,452530,8102,244758,6706,207772,0,0,6292,203630,8478,124322,6309,327952,California
Riverside,2021-02-25,17368,469898,7405,252163,9963,217735,0,0,8076,202462,9268,133590,8100,336052,California
Riverside,2021-02-26,18648,488546,6737,258900,11911,229646,0,0,9306,202518,9284,142874,9340,345392,California
Riverside,2021-02-27,12094,500640,5606,264506,6488,236134,0,0,5763,202010,6298,149172,5790,351182,California
Riverside,2021-02-28,4888,505528,3225,267731,1663,237797,0,0,2406,201953,2470,151642,2413,353595,California
Riverside,2021-03-01,14379,519907,6116,273847,8260,246057,3,3,8455,204553,5886,157528,8486,362081,California
Riverside,2021-03-02,15383,535290,7519,281366,7863,253920,1,4,9020,207261,6341,163869,9049,371130,California
Riverside,2021-03-03,16935,552225,8385,289751,8550,262470,0,4,7305,205115,9579,173448,7433,378563,California
Riverside,2021-03-04,18756,570981,7477,297228,11274,273744,5,9,8903,204365,9808,183256,9058,387621,California
Riverside,2021-03-05,18922,589903,7608,304836,11270,285014,44,53,9375,204565,9496,192752,9696,397317,California
Riverside,2021-03-06,9527,599430,5080,309916,3966,288980,481,534,4752,205063,4762,197514,5260,402577,California
Riverside,2021-03-07,4262,603692,2753,312669,1120,290100,389,923,2010,205223,2243,199757,2403,404980,California
Riverside,2021-03-08,11968,615660,4757,317426,6801,296901,410,1333,5342,204415,6606,206363,5798,410778,California
Riverside,2021-03-09,14798,630458,6895,324321,7401,304302,502,1835,5898,202074,8877,215240,6536,417314,California
Riverside,2021-03-10,15914,646372,8514,332835,6473,310775,927,2762,6212,199708,9657,224897,7291,424605,California
Riverside,2021-03-11,19312,665684,9470,342305,7992,318767,1850,4612,7612,197712,11665,236562,9669,434274,California
Riverside,2021-03-12,21198,686882,7933,350238,8521,327288,4744,9356,7089,195799,14071,250633,12158,446432,California
Riverside,2021-03-13,8514,695396,2547,352785,4736,332024,1231,10587,4371,197356,4121,254754,5678,452110,California
Riverside,2021-03-14,4748,700144,1621,354406,1755,333779,1372,11959,2088,198163,2649,257403,3456,455566,California
Riverside,2021-03-15,18701,718845,7871,362277,9164,342943,1666,13625,9210,199692,9447,266850,10976,466542,California
Riverside,2021-03-16,20901,739746,10145,372422,9943,352886,813,14438,11390,202513,9474,276324,12295,478837,California
Riverside,2021-03-17,21340,761086,10949,383371,9331,362217,1060,15498,12826,207980,8478,284802,13945,492782,California
Riverside,2021-03-18,22618,783704,11770,395141,9179,371396,1669,17167,12545,212181,10021,294823,14222,507004,California
Riverside,2021-03-19,24161,807865,12685,407826,10505,381901,971,18138,14107,217631,9994,304817,15444,522448,California
Riverside,2021-03-20,10687,818552,6898,414724,2606,384507,1183,19321,6875,221907,3781,308598,8057,530505,California
Riverside,2021-03-21,3748,822300,2922,417646,560,385067,266,19587,2556,223556,1174,309772,2823,533328,California
Riverside,2021-03-22,16645,838945,9930,427576,6164,391231,551,20138,10596,228708,5992,315764,11144,544472,California
Riverside,2021-03-23,18571,857516,10515,438091,7634,398865,422,20560,11933,234500,6577,322341,12369,556841,California
Riverside,2021-03-24,18733,876249,10457,448548,8155,407020,121,20681,12861,241666,5822,328163,12988,569829,California
Riverside,2021-03-25,21162,897411,11675,460223,9309,416329,178,20859,14181,249123,6906,335069,14363,584192,California
Riverside,2021-03-26,24153,921564,11940,472163,12048,428377,165,21024,15021,255282,9030,344099,15189,599381,California
Riverside,2021-03-27,9350,930914,4910,477073,3388,431765,1052,22076,4825,256660,4501,348600,5879,605260,California
Riverside,2021-03-28,4772,935686,3138,480211,1542,433307,92,22168,2840,257674,1919,350519,2933,608193,California
Riverside,2021-03-29,17663,953349,8448,488659,9096,442403,119,22287,10919,262026,6698,357217,11050,619243,California
Riverside,2021-03-30,18369,971718,9559,498218,8603,451006,207,22494,11711,267329,6617,363834,11920,631163,California
Riverside,2021-03-31,18153,989871,8444,506662,9402,460408,307,22801,11460,272460,6645,370479,11776,642939,California
Riverside,2021-04-01,25564,1015435,12496,519158,12290,472698,778,23579,16504,280750,8991,379470,17281,660220,California
Riverside,2021-04-02,26151,1041586,14073,533231,11126,483824,952,24531,16379,288594,9709,389179,17553,677773,California
Riverside,2021-04-03,9389,1050975,5967,539198,2829,486653,593,25124,6049,291913,3319,392498,6638,684411,California
Riverside,2021-04-04,3400,1054375,2066,541264,1090,487743,244,25368,1717,292201,1674,394172,1962,686373,California
Riverside,2021-04-05,18479,1072854,9462,550726,7156,494899,1861,27229,9942,295508,8495,402667,11802,698175,California
Riverside,2021-04-06,23802,1096656,12367,563093,9299,504198,2136,29365,13274,300432,10476,413143,15400,713575,California
Riverside,2021-04-07,24884,1121540,13431,576524,8932,513130,2521,31886,13842,305798,10993,424136,16359,729934,California
Riverside,2021-04-08,27456,1148996,15187,591711,9285,522415,2984,34870,16781,314941,10604,434740,19747,749681,California
Riverside,2021-04-09,26295,1175291,15458,607169,8379,530794,2458,37328,16043,323254,10205,444945,18518,768199,California
Riverside,2021-04-10,12023,1187314,6744,613913,3884,534678,1395,38723,5256,323175,6723,451668,6644,774843,California
Riverside,2021-04-11,4637,1191951,2758,616671,1259,535937,620,39343,2191,323550,2434,454102,2809,777652,California
Riverside,2021-04-12,20180,1212131,8980,625651,8553,544490,2647,41990,10111,326279,10030,464132,12759,790411,California
Riverside,2021-04-13,19994,1232125,11187,636838,8780,553270,27,42017,11426,329207,8529,472661,11457,801868,California
Riverside,2021-04-14,22108,1254233,12174,649012,9919,563189,15,42032,10835,328864,11204,483865,10861,812729,California
Riverside,2021-04-15,21966,1276199,12439,661451,9519,572708,8,42040,11570,330117,10329,494194,11582,824311,California
Riverside,2021-04-16,24897,1301096,14408,675859,10483,583191,6,42046,11512,328311,13331,507525,11525,835836,California
Riverside,2021-04-17,9870,1310966,6503,682362,3367,586558,0,42046,4959,328382,4895,512420,4966,840802,California
Riverside,2021-04-18,3850,1314816,2805,685167,1038,587596,7,42053,1808,328172,2028,514448,1818,842620,California
Riverside,2021-04-19,19460,1334276,11573,696740,7884,595480,3,42056,6955,322671,12464,526912,6963,849583,California
Riverside,2021-04-20,18872,1353148,9954,706694,8909,604389,9,42065,7729,319313,11099,538011,7741,857324,California
Riverside,2021-04-21,19847,1372995,11420,718114,8418,612807,9,42074,7987,315522,11793,549804,8002,865326,California
Riverside,2021-04-22,23242,1396237,13570,731684,9668,622475,4,42078,8668,309696,14503,564307,8677,874003,California
Riverside,2021-04-23,23312,1419549,13721,745405,9577,632052,14,42092,9138,304739,14117,578424,9160,883163,California
Riverside,2021-04-24,10470,1430019,7299,752704,3168,635220,3,42095,4817,303944,5615,584039,4820,887983,California
Riverside,2021-04-25,4214,1434233,2818,755522,1395,636615,1,42096,2185,304121,2010,586049,2187,890170,California
Riverside,2021-04-26,16501,1450734,10367,765889,6089,642704,45,42141,5521,298753,10938,596987,5570,895740,California
Riverside,2021-04-27,17916,1468650,10249,776138,7488,650192,179,42320,6196,293451,11677,608664,6375,902115,California
Riverside,2021-04-28,16471,1485121,8861,784999,7355,657547,255,42575,5545,288382,10869,619533,5800,907915,California
Riverside,2021-04-29,18711,1503832,11443,796442,6922,664469,346,42921,5378,280834,13269,632802,5721,913636,California
Riverside,2021-04-30,19761,1523593,11404,807846,7976,672445,381,43302,6353,274216,13355,646157,6737,920373,California
Riverside,2021-05-01,6752,1530345,4864,812710,1721,674166,167,43469,2323,272298,4406,650563,2488,922861,California
Riverside,2021-05-02,3352,1533697,2183,814893,961,675127,208,43677,1068,271313,2267,652830,1282,924143,California
Riverside,2021-05-03,17990,1551687,11049,825942,6452,681579,489,44166,4159,262190,13769,666599,4646,928789,California
Riverside,2021-05-04,17237,1568924,10946,836888,5874,687453,417,44583,4863,255159,12307,678906,5276,934065,California
Riverside,2021-05-05,15776,1584700,8926,845814,6490,693943,360,44943,4548,248899,11168,690074,4908,938973,California
Riverside,2021-05-06,17754,1602454,9942,855756,7403,701346,409,45352,4499,240624,13184,703258,4909,943882,California
Riverside,2021-05-07,20294,1622748,11570,867326,8295,709641,429,45781,5343,231521,14873,718131,5770,949652,California
Riverside,2021-05-08,6813,1629561,4534,871860,2051,711692,228,46009,2555,230075,4228,722359,2782,952434,California
Riverside,2021-05-09,2306,1631867,1511,873371,640,712332,155,46164,853,229638,1445,723804,1008,953442,California
Riverside,2021-05-10,10021,1641888,5138,878509,4513,716845,370,46534,2852,225741,7119,730923,3222,956664,California
Riverside,2021-05-11,13549,1655437,8127,886636,4930,721775,492,47026,3684,220132,9786,740709,4177,960841,California
Riverside,2021-05-12,11930,1667367,5821,892457,5823,727598,286,47312,3611,215760,8267,748976,3895,964736,California
Riverside,2021-05-13,13746,1681113,8155,900612,5327,732925,264,47576,4861,212054,8835,757811,5129,969865,California
Riverside,2021-05-14,17711,1698824,11191,911803,5729,738654,791,48367,6916,209032,10727,768538,7705,977570,California
Riverside,2021-05-15,9664,1708488,6917,918720,2350,741004,397,48764,4928,209652,4705,773243,5325,982895,California
Riverside,2021-05-16,3458,1711946,2509,921229,839,741843,110,48874,1703,209720,1743,774986,1811,984706,California
Riverside,2021-05-17,11731,1723677,7559,928788,3834,745677,338,49212,5273,208910,6425,781411,5615,990321,California
Riverside,2021-05-18,15013,1738690,9292,938080,5379,751056,342,49554,6206,206697,8760,790171,6547,996868,California
Riverside,2021-05-19,12102,1750792,7665,945745,4215,755271,222,49776,5995,206856,6059,796230,6218,1003086,California
Riverside,2021-05-20,10132,1760924,6211,951956,3671,758942,250,50026,4476,205971,5615,801845,4730,1007816,California
Riverside,2021-05-21,12549,1773473,7680,959636,4567,763509,302,50328,5365,204504,7134,808979,5667,1013483,California
Riverside,2021-05-22,5647,1779120,3876,963512,1584,765093,187,50515,3174,205425,2442,811421,3363,1016846,California
Riverside,2021-05-23,1553,1780673,1051,964563,429,765522,73,50588,836,205627,707,812128,909,1017755,California
Riverside,2021-05-24,8601,1789274,5557,970120,2737,768259,307,50895,3904,205172,4665,816793,4210,1021965,California
Riverside,2021-05-25,9573,1798847,5750,975870,3562,771821,261,51156,3944,203784,5594,822387,4206,1026171,California
Riverside,2021-05-26,8808,1807655,5450,981320,3033,774854,325,51481,3966,203286,4792,827179,4294,1030465,California
Riverside,2021-05-27,8489,1816144,5087,986407,3170,778024,232,51713,4031,203138,4410,831589,4262,1034727,California
Riverside,2021-05-28,10586,1826730,6462,992869,3825,781849,299,52012,5005,202923,5521,837110,5306,1040033,California
Riverside,2021-05-29,4967,1831697,3386,996255,1458,783307,123,52135,2838,203778,2108,839218,2963,1042996,California
Riverside,2021-05-30,1945,1833642,1404,997659,477,783784,64,52199,1068,204040,870,840088,1132,1044128,California
Riverside,2021-05-31,866,1834508,491,998150,342,784126,33,52232,334,203878,529,840617,367,1044495,California
Riverside,2021-06-01,9105,1843613,5635,1003785,3237,787363,233,52465,3656,202367,5400,846017,3889,1048384,California
Riverside,2021-06-02,7042,1850655,4287,1008072,2483,789846,272,52737,3044,201717,3966,849983,3316,1051700,California
Riverside,2021-06-03,7704,1858359,5163,1013235,2294,792140,247,52984,3015,200322,4655,854638,3260,1054960,California
Riverside,2021-06-04,5648,1864007,3902,1017137,1599,793739,147,53131,1580,198009,4038,858676,1725,1056685,California
Sacramento,2020-12-15,314,314,314,314,0,0,0,0,314,314,0,0,314,314,California
Sacramento,2020-12-16,647,961,647,961,0,0,0,0,647,961,0,0,647,961,California
Sacramento,2020-12-17,647,1608,647,1608,0,0,0,0,647,1608,0,0,647,1608,California
Sacramento,2020-12-18,952,2560,952,2560,0,0,0,0,952,2560,0,0,952,2560,California
Sacramento,2020-12-19,605,3165,605,3165,0,0,0,0,605,3165,0,0,605,3165,California
Sacramento,2020-12-20,634,3799,634,3799,0,0,0,0,634,3799,0,0,634,3799,California
Sacramento,2020-12-21,1671,5470,1671,5470,0,0,0,0,1671,5470,0,0,1671,5470,California
Sacramento,2020-12-22,2097,7567,2063,7533,34,34,0,0,2097,7567,0,0,2097,7567,California
Sacramento,2020-12-23,2254,9821,2081,9614,173,207,0,0,2254,9821,0,0,2254,9821,California
Sacramento,2020-12-24,1035,10856,823,10437,212,419,0,0,1035,10856,0,0,1035,10856,California
Sacramento,2020-12-25,1,10857,0,10437,1,420,0,0,1,10857,0,0,1,10857,California
Sacramento,2020-12-26,507,11364,288,10725,219,639,0,0,507,11364,0,0,507,11364,California
Sacramento,2020-12-27,356,11720,250,10975,106,745,0,0,356,11720,0,0,356,11720,California
Sacramento,2020-12-28,1896,13616,1321,12296,575,1320,0,0,1895,13614,1,1,1895,13615,California
Sacramento,2020-12-29,1952,15568,1189,13485,763,2083,0,0,1952,15566,0,1,1952,15567,California
Sacramento,2020-12-30,2552,18120,1450,14935,1102,3185,0,0,2553,18119,0,1,2553,18120,California
Sacramento,2020-12-31,1215,19335,681,15616,534,3719,0,0,1216,19335,0,1,1216,19336,California
Sacramento,2021-01-01,82,19417,71,15687,11,3730,0,0,82,19417,0,1,82,19418,California
Sacramento,2021-01-02,562,19979,361,16048,201,3931,0,0,562,19979,0,1,562,19980,California
Sacramento,2021-01-03,411,20390,223,16271,188,4119,0,0,411,20390,0,1,411,20391,California
Sacramento,2021-01-04,1946,22336,841,17112,1105,5224,0,0,1944,22333,1,2,1944,22335,California
Sacramento,2021-01-05,2207,24543,986,18098,1221,6445,0,0,1853,23839,354,356,1860,24195,California
Sacramento,2021-01-06,2730,27273,1618,19716,1112,7557,0,0,1955,25027,772,1128,1960,26155,California
Sacramento,2021-01-07,2830,30103,1503,21219,1327,8884,0,0,1970,26143,857,1985,1973,28128,California
Sacramento,2021-01-08,3263,33366,2063,23282,1200,10084,0,0,2255,27404,1005,2990,2266,30394,California
Sacramento,2021-01-09,1283,34649,793,24075,490,10574,0,0,898,27921,383,3373,900,31294,California
Sacramento,2021-01-10,1232,35881,709,24784,523,11097,0,0,764,28222,467,3840,768,32062,California
Sacramento,2021-01-11,4350,40231,2962,27746,1388,12485,0,0,2410,28713,1939,5779,2430,34492,California
Sacramento,2021-01-12,4577,44808,3200,30946,1377,13862,0,0,2607,29356,1970,7749,2613,37105,California
Sacramento,2021-01-13,3837,48645,2214,33160,1623,15485,0,0,2420,30361,1416,9165,2421,39526,California
Sacramento,2021-01-14,4612,53257,2323,35483,2289,17774,0,0,3703,33163,906,10071,3708,43234,California
Sacramento,2021-01-15,4435,57692,2251,37734,2184,19958,0,0,3724,36177,711,10782,3725,46959,California
Sacramento,2021-01-16,2082,59774,1276,39010,806,20764,0,0,1864,37823,218,11000,1864,48823,California
Sacramento,2021-01-17,1675,61449,979,39989,696,21460,0,0,1491,39133,184,11184,1494,50317,California
Sacramento,2021-01-18,2825,64274,1728,41717,1097,22557,0,0,2247,40806,577,11761,2250,52567,California
Sacramento,2021-01-19,4970,69244,3023,44740,1947,24504,0,0,3733,43308,1237,12998,3739,56306,California
Sacramento,2021-01-20,4814,74058,2847,47587,1967,26471,0,0,3591,45685,1225,14223,3602,59908,California
Sacramento,2021-01-21,5202,79260,3005,50592,2197,28668,0,0,4235,48964,961,15184,4240,64148,California
Sacramento,2021-01-22,5015,84275,2684,53276,2331,30999,0,0,4714,53380,300,15484,4716,68864,California
Sacramento,2021-01-23,3745,88020,1568,54844,2177,33176,0,0,3284,56207,461,15945,3288,72152,California
Sacramento,2021-01-24,1620,89640,1009,55853,611,33787,0,0,1377,57343,242,16187,1378,73530,California
Sacramento,2021-01-25,4411,94051,2163,58016,2248,36035,0,0,2947,58829,1464,17651,2950,76480,California
Sacramento,2021-01-26,4740,98791,2152,60168,2588,38623,0,0,3542,61177,1196,18847,3544,80024,California
Sacramento,2021-01-27,5851,104642,3051,63219,2800,41423,0,0,4233,63797,1615,20462,4235,84259,California
Sacramento,2021-01-28,5401,110043,2737,65956,2664,44087,0,0,4302,67003,1098,21560,4304,88563,California
Sacramento,2021-01-29,5409,115452,2937,68893,2472,46559,0,0,4390,70384,1010,22570,4391,92954,California
Sacramento,2021-01-30,4503,119955,2196,71089,2307,48866,0,0,4075,74033,426,22996,4075,97029,California
Sacramento,2021-01-31,2334,122289,2034,73123,300,49166,0,0,2055,75813,277,23273,2057,99086,California
Sacramento,2021-02-01,5939,128228,3034,76157,2905,52071,0,0,4257,78393,1679,24952,4259,103345,California
Sacramento,2021-02-02,7015,135243,3787,79944,3228,55299,0,0,4862,81123,2135,27087,4865,108210,California
Sacramento,2021-02-03,7145,142388,3605,83549,3540,58839,0,0,5283,84555,1853,28940,5285,113495,California
Sacramento,2021-02-04,7767,150155,3681,87230,4086,62925,0,0,5526,87850,2232,31172,5527,119022,California
Sacramento,2021-02-05,7858,158013,4482,91712,3376,66301,0,0,4921,89861,2914,34086,4925,123947,California
Sacramento,2021-02-06,8480,166493,3477,95189,5003,71304,0,0,7127,95640,1351,35437,7130,131077,California
Sacramento,2021-02-07,4063,170556,2188,97377,1875,73179,0,0,2875,97334,1183,36620,2877,133954,California
Sacramento,2021-02-08,6258,176814,3256,100633,3002,76181,0,0,3907,98894,2347,38967,3907,137861,California
Sacramento,2021-02-09,6767,183581,3551,104184,3216,79397,0,0,3994,100125,2764,41731,3995,141856,California
Sacramento,2021-02-10,7686,191267,4198,108382,3488,82885,0,0,4523,101501,3149,44880,4525,146381,California
Sacramento,2021-02-11,9604,200871,5738,114120,3866,86751,0,0,5510,102934,4079,48959,5512,151893,California
Sacramento,2021-02-12,10690,211561,4154,118274,6536,93287,0,0,6412,105132,4217,53176,6415,158308,California
Sacramento,2021-02-13,7687,219248,2992,121266,4695,97982,0,0,6091,109633,1591,54767,6092,164400,California
Sacramento,2021-02-14,3193,222441,1961,123227,1232,99214,0,0,2094,110634,1097,55864,2098,166498,California
Sacramento,2021-02-15,6011,228452,2057,125284,3954,103168,0,0,4177,112986,1828,57692,4180,170678,California
Sacramento,2021-02-16,9245,237697,4210,129494,5035,108203,0,0,5310,114372,3928,61620,5314,175992,California
Sacramento,2021-02-17,8849,246546,4995,134489,3854,112057,0,0,5147,115831,3690,65310,5149,181141,California
Sacramento,2021-02-18,9597,256143,5762,140251,3835,115892,0,0,5733,117713,3855,69165,5737,186878,California
Sacramento,2021-02-19,10087,266230,6183,146434,3904,119796,0,0,5977,119597,4099,73264,5983,192861,California
Sacramento,2021-02-20,7850,274080,5791,152225,2059,121855,0,0,4750,121254,3094,76358,4751,197612,California
Sacramento,2021-02-21,3057,277137,2417,154642,640,122495,0,0,1084,120371,1967,78325,1084,198696,California
Sacramento,2021-02-22,6326,283463,3824,158466,2502,124997,0,0,2785,119631,3529,81854,2789,201485,California
Sacramento,2021-02-23,7271,290734,4509,162975,2762,127759,0,0,3549,119479,3705,85559,3553,205038,California
Sacramento,2021-02-24,9836,300570,5422,168397,4414,132173,0,0,5371,120407,4449,90008,5377,210415,California
Sacramento,2021-02-25,11286,311856,6475,174872,4811,136984,0,0,6634,122405,4636,94644,6634,217049,California
Sacramento,2021-02-26,14413,326269,6800,181672,7613,144597,0,0,9882,127791,4500,99144,9886,226935,California
Sacramento,2021-02-27,11085,337354,6876,188548,4206,148803,3,3,8202,133136,2860,102004,8205,235140,California
Sacramento,2021-02-28,6197,343551,2336,190884,3861,152664,0,3,3104,133162,3079,105083,3105,238245,California
Sacramento,2021-03-01,8192,351743,3505,194389,4686,157350,1,4,4432,133860,3737,108820,4435,242680,California
Sacramento,2021-03-02,9292,361035,4048,198437,5243,162593,1,5,5695,135979,3580,112400,5699,248379,California
Sacramento,2021-03-03,10973,372008,5010,203447,5960,168553,3,8,6550,138132,4402,116802,6555,254934,California
Sacramento,2021-03-04,13483,385491,6199,209646,7280,175833,4,12,7495,139681,5956,122758,7505,262439,California
Sacramento,2021-03-05,10634,396125,4913,214559,5691,181524,30,42,7069,143237,3544,126302,7100,269539,California
Sacramento,2021-03-06,8133,404258,3120,217679,4891,186415,122,164,4124,143488,3994,130296,4245,273784,California
Sacramento,2021-03-07,7622,411880,2217,219896,5316,191731,89,253,3754,143466,3863,134159,3841,277625,California
Sacramento,2021-03-08,9118,420998,4263,224159,4631,196362,224,477,5957,146496,3149,137308,6179,283804,California
Sacramento,2021-03-09,9609,430607,4555,228714,4763,201125,291,768,5531,148258,4060,141368,5822,289626,California
Sacramento,2021-03-10,11787,442394,7527,236241,3907,205032,353,1121,6889,150639,4863,146231,7244,296870,California
Sacramento,2021-03-11,15060,457454,10004,246245,4232,209264,824,1945,8927,154292,6094,152325,9747,306617,California
Sacramento,2021-03-12,18051,475505,8344,254589,8846,218110,861,2806,8836,154831,9165,161490,9704,316321,California
Sacramento,2021-03-13,13025,488530,3582,258171,9014,227124,429,3235,7863,157967,5152,166642,8288,324609,California
Sacramento,2021-03-14,8399,496929,3474,261645,4290,231414,635,3870,4431,159088,3943,170585,5064,329673,California
Sacramento,2021-03-15,12239,509168,4863,266508,6714,238128,662,4532,7041,161619,5173,175758,7704,337377,California
Sacramento,2021-03-16,14018,523186,6227,272735,7140,245268,651,5183,8624,165529,5358,181116,9268,346645,California
Sacramento,2021-03-17,13762,536948,6618,279353,6508,251776,636,5819,8783,169996,4954,186070,9421,356066,California
Sacramento,2021-03-18,15695,552643,8222,287575,6881,258657,592,6411,9954,174834,5708,191778,10546,366612,California
Sacramento,2021-03-19,15624,568267,7988,295563,6262,264919,1374,7785,7895,176389,7703,199481,9258,375870,California
Sacramento,2021-03-20,12934,581201,7547,303110,5047,269966,340,8125,8049,179924,4856,204337,8391,384261,California
Sacramento,2021-03-21,5591,586792,2758,305868,2795,272761,38,8163,4857,184100,721,205058,4897,389158,California
Sacramento,2021-03-22,9389,596181,4809,310677,3728,276489,852,9015,6246,188084,3115,208173,7099,396257,California
Sacramento,2021-03-23,11351,607532,6763,317440,3779,280268,809,9824,7264,192109,4045,212218,8070,404327,California
Sacramento,2021-03-24,11862,619394,7266,324706,3965,284233,631,10455,6724,194409,5056,217274,7356,411683,California
Sacramento,2021-03-25,14167,633561,8358,333064,4985,289218,824,11279,8522,198150,5600,222874,9341,421024,California
Sacramento,2021-03-26,18264,651825,8927,341991,8846,298064,491,11770,9161,198770,9035,231909,9655,430679,California
Sacramento,2021-03-27,9690,661515,3576,345567,5824,303888,290,12060,5100,199597,4559,236468,5386,436065,California
Sacramento,2021-03-28,6528,668043,3226,348793,3053,306941,249,12309,2706,198742,3811,240279,2956,439021,California
Sacramento,2021-03-29,11019,679062,5900,354693,4744,311685,375,12684,5134,198402,5856,246135,5516,444537,California
Sacramento,2021-03-30,11855,690917,6087,360780,5379,317064,389,13073,6024,199008,5807,251942,6413,450950,California
Sacramento,2021-03-31,13451,704368,7871,368651,5182,322246,398,13471,5667,197312,7756,259698,6060,457010,California
Sacramento,2021-04-01,17447,721815,10474,379125,6745,328991,228,13699,7325,194795,10077,269775,7560,464570,California
Sacramento,2021-04-02,17128,738943,9699,388824,6692,335683,737,14436,9014,196462,8083,277858,9750,474320,California
Sacramento,2021-04-03,10453,749396,6247,395071,3658,339341,548,14984,6419,199420,4004,281862,6962,481282,California
Sacramento,2021-04-04,3710,753106,1530,396601,1989,341330,191,15175,1449,198800,2255,284117,1635,482917,California
Sacramento,2021-04-05,12046,765152,7565,404166,3651,344981,830,16005,5381,198375,6630,290747,6205,489122,California
Sacramento,2021-04-06,15639,780791,8872,413038,5438,350419,1329,17334,6926,197944,8680,299427,8249,497371,California
Sacramento,2021-04-07,14828,795619,8025,421063,5214,355633,1589,18923,7157,199048,7630,307057,8734,506105,California
Sacramento,2021-04-08,15051,810670,6775,427838,5302,360935,2974,21897,5995,198980,9021,316078,8953,515058,California
Sacramento,2021-04-09,18290,828960,9369,437207,6719,367654,2202,24099,7423,197767,10828,326906,9615,524673,California
Sacramento,2021-04-10,12836,841796,3836,441043,7782,375436,1218,25317,5318,196790,7488,334394,6511,531184,California
Sacramento,2021-04-11,10778,852574,4335,445378,6217,381653,226,25543,3840,193942,6914,341308,4066,535250,California
Sacramento,2021-04-12,12968,865542,5050,450428,6052,387705,1866,27409,4951,192791,7955,349263,6804,542054,California
Sacramento,2021-04-13,16249,881791,9939,460367,6307,394012,3,27412,7558,191694,8662,357925,7565,549619,California
Sacramento,2021-04-14,14888,896679,7930,468297,6956,400968,2,27414,5865,188570,8995,366920,5871,555490,California
Sacramento,2021-04-15,16314,912993,8379,476676,7932,408900,3,27417,6607,185514,9668,376588,6612,562102,California
Sacramento,2021-04-16,17379,930372,9605,486281,7774,416674,0,27417,7871,183919,9468,386056,7873,569975,California
Sacramento,2021-04-17,15297,945669,6143,492424,9154,425828,0,27417,11079,190804,4199,390255,11084,581059,California
Sacramento,2021-04-18,8438,954107,3067,495491,5371,431199,0,27417,3744,189874,4675,394930,3745,584804,California
Sacramento,2021-04-19,10558,964665,5716,501207,4837,436036,5,27422,4683,188709,5854,400784,4689,589493,California
Sacramento,2021-04-20,11100,975765,6739,507946,4358,440394,3,27425,5909,189456,5169,405953,5916,595409,California
Sacramento,2021-04-21,11476,987241,6635,514581,4839,445233,2,27427,6205,190417,5247,411200,6208,601617,California
Sacramento,2021-04-22,14812,1002053,9891,524472,4917,450150,4,27431,6808,189259,7972,419172,6814,608431,California
Sacramento,2021-04-23,15837,1017890,10007,534479,5830,455980,0,27431,7335,188128,8467,427639,7336,615767,California
Sacramento,2021-04-24,11329,1029219,7006,541485,4322,460302,1,27432,5931,188700,5361,433000,5933,621700,California
Sacramento,2021-04-25,7988,1037207,4482,545967,3506,463808,0,27432,4161,189049,3813,436813,4162,625862,California
Sacramento,2021-04-26,10242,1047449,6435,552402,3783,467591,24,27456,4709,188278,5504,442317,4733,630595,California
Sacramento,2021-04-27,11764,1059213,7720,560122,3911,471502,133,27589,5709,188099,6023,448340,5844,636439,California
Sacramento,2021-04-28,10050,1069263,5741,565863,4107,475609,202,27791,5401,189088,4620,452960,5609,642048,California
Sacramento,2021-04-29,10191,1079454,6811,572674,3075,478684,305,28096,5346,189928,4811,457771,5651,647699,California
Sacramento,2021-04-30,12452,1091906,7817,580491,4374,483058,261,28357,5866,189514,6542,464313,6128,653827,California
Sacramento,2021-05-01,7566,1099472,5474,585965,1920,484978,172,28529,2750,187653,4781,469094,2920,656747,California
Sacramento,2021-05-02,4983,1104455,4290,590255,542,485520,151,28680,2222,187287,2737,471831,2371,659118,California
Sacramento,2021-05-03,9109,1113564,7286,597541,1541,487061,282,28962,3955,186389,5131,476962,4233,663351,California
Sacramento,2021-05-04,9369,1122933,5691,603232,3368,490429,310,29272,3789,184950,5537,482499,4098,667449,California
Sacramento,2021-05-05,11051,1133984,5989,609221,4610,495039,452,29724,4510,183408,6499,488998,4957,672406,California
Sacramento,2021-05-06,11184,1145168,6196,615417,4686,499725,302,30026,4622,182086,6244,495242,4922,677328,California
Sacramento,2021-05-07,10598,1155766,6159,621576,4066,503791,373,30399,4464,180839,6085,501327,4838,682166,California
Sacramento,2021-05-08,8155,1163921,3813,625389,4112,507903,230,30629,2692,178330,5426,506753,2917,685083,California
Sacramento,2021-05-09,3147,1167068,1653,627042,1380,509283,114,30743,1171,177650,1965,508718,1285,686368,California
Sacramento,2021-05-10,8070,1175138,3740,630782,4063,513346,267,31010,1972,173825,6067,514785,2242,688610,California
Sacramento,2021-05-11,8073,1183211,5030,635812,2800,516146,243,31253,2783,171589,5260,520045,3024,691634,California
Sacramento,2021-05-12,8063,1191274,4792,640604,3033,519179,238,31491,2763,169320,5269,525314,3000,694634,California
Sacramento,2021-05-13,10864,1202138,6911,647515,3695,522874,258,31749,4080,166906,6752,532066,4338,698972,California
Sacramento,2021-05-14,12171,1214309,6880,654395,5005,527879,286,32035,5029,165132,7088,539154,5314,704286,California
Sacramento,2021-05-15,13064,1227373,7896,662291,5025,532904,143,32178,5793,163827,7237,546391,5932,710218,California
Sacramento,2021-05-16,7818,1235191,4065,666356,3640,536544,113,32291,2103,160353,5692,552083,2218,712436,California
Sacramento,2021-05-17,10381,1245572,6308,672664,3786,540330,287,32578,4096,158487,6252,558335,4386,716822,California
Sacramento,2021-05-18,9687,1255259,6082,678746,3396,543726,209,32787,3804,156664,5842,564177,4019,720841,California
Sacramento,2021-05-19,9742,1265001,6243,684989,3237,546963,262,33049,4612,156456,5088,569265,4880,725721,California
Sacramento,2021-05-20,8938,1273939,6074,691063,2642,549605,222,33271,3988,155755,4911,574176,4210,729931,California
Sacramento,2021-05-21,9365,1283304,6112,697175,2985,552590,268,33539,4266,155231,5064,579240,4540,734471,California
Sacramento,2021-05-22,6291,1289595,4011,701186,2148,554738,132,33671,3159,155412,3111,582351,3292,737763,California
Sacramento,2021-05-23,3365,1292960,2512,703698,790,555528,63,33734,1763,155653,1586,583937,1827,739590,California
Sacramento,2021-05-24,7616,1300576,4567,708265,2741,558269,308,34042,2509,153405,5064,589001,2816,742406,California
Sacramento,2021-05-25,6622,1307198,3846,712111,2485,560754,291,34333,2435,151966,4164,593165,2725,745131,California
Sacramento,2021-05-26,8404,1315602,4668,716779,3427,564181,309,34642,3059,150035,5295,598460,3364,748495,California
Sacramento,2021-05-27,6643,1322245,3626,720405,2776,566957,241,34883,3118,149907,3487,601947,3359,751854,California
Sacramento,2021-05-28,8207,1330452,4566,724971,3280,570237,361,35244,3511,149121,4659,606606,3873,755727,California
Sacramento,2021-05-29,4358,1334810,2668,727639,1534,571771,156,35400,2239,149421,2095,608701,2395,758122,California
Sacramento,2021-05-30,1648,1336458,1036,728675,574,572345,38,35438,764,149346,877,609578,802,758924,California
Sacramento,2021-05-31,883,1337341,443,729118,427,572772,13,35451,316,149109,566,610144,329,759253,California
Sacramento,2021-06-01,6929,1344270,4168,733286,2556,575328,205,35656,2746,147916,4141,614285,2948,762201,California
Sacramento,2021-06-02,6058,1350328,3337,736623,2508,577836,213,35869,2451,147015,3563,617848,2662,764863,California
Sacramento,2021-06-03,7263,1357591,5001,741624,2087,579923,175,36044,2398,144759,4828,622676,2572,767435,California
Sacramento,2021-06-04,3902,1361493,2524,744148,1249,581172,129,36173,1202,143407,2683,625359,1331,768766,California
San Benito,2020-12-16,29,29,29,29,0,0,0,0,29,29,0,0,29,29,California
San Benito,2020-12-17,48,77,48,77,0,0,0,0,48,77,0,0,48,77,California
San Benito,2020-12-18,72,149,72,149,0,0,0,0,72,149,0,0,72,149,California
San Benito,2020-12-19,47,196,47,196,0,0,0,0,47,196,0,0,47,196,California
San Benito,2020-12-20,23,219,23,219,0,0,0,0,23,219,0,0,23,219,California
San Benito,2020-12-21,78,297,78,297,0,0,0,0,78,297,0,0,78,297,California
San Benito,2020-12-22,102,399,102,399,0,0,0,0,102,399,0,0,102,399,California
San Benito,2020-12-23,86,485,74,473,12,12,0,0,86,485,0,0,86,485,California
San Benito,2020-12-24,13,498,5,478,8,20,0,0,13,498,0,0,13,498,California
San Benito,2020-12-25,3,501,3,481,0,20,0,0,3,501,0,0,3,501,California
San Benito,2020-12-26,13,514,4,485,9,29,0,0,13,514,0,0,13,514,California
San Benito,2020-12-27,8,522,7,492,1,30,0,0,8,522,0,0,8,522,California
San Benito,2020-12-28,63,585,36,528,27,57,0,0,63,585,0,0,63,585,California
San Benito,2020-12-29,49,634,21,549,28,85,0,0,49,634,0,0,49,634,California
San Benito,2020-12-30,59,693,37,586,22,107,0,0,59,693,0,0,59,693,California
San Benito,2020-12-31,19,712,2,588,17,124,0,0,19,712,0,0,19,712,California
San Benito,2021-01-02,24,736,23,611,1,125,0,0,24,736,0,0,24,736,California
San Benito,2021-01-03,3,739,1,612,2,127,0,0,3,739,0,0,3,739,California
San Benito,2021-01-04,62,801,24,636,38,165,0,0,62,801,0,0,62,801,California
San Benito,2021-01-05,121,922,37,673,84,249,0,0,118,916,3,3,118,919,California
San Benito,2021-01-06,102,1024,42,715,60,309,0,0,87,988,15,18,87,1006,California
San Benito,2021-01-07,104,1128,67,782,37,346,0,0,52,988,52,70,52,1058,California
San Benito,2021-01-08,181,1309,89,871,92,438,0,0,116,1039,65,135,116,1174,California
San Benito,2021-01-09,44,1353,31,902,13,451,0,0,31,1057,13,148,31,1205,California
San Benito,2021-01-10,15,1368,13,915,2,453,0,0,5,1052,10,158,5,1210,California
San Benito,2021-01-11,172,1540,107,1022,65,518,0,0,72,1024,100,258,72,1282,California
San Benito,2021-01-12,160,1700,56,1078,104,622,0,0,121,1106,39,297,121,1403,California
San Benito,2021-01-13,221,1921,64,1142,157,779,0,0,174,1233,47,344,174,1577,California
San Benito,2021-01-14,117,2038,23,1165,94,873,0,0,99,1314,18,362,99,1676,California
San Benito,2021-01-15,217,2255,21,1186,196,1069,0,0,203,1503,14,376,203,1879,California
San Benito,2021-01-16,25,2280,8,1194,17,1086,0,0,20,1518,5,381,20,1899,California
San Benito,2021-01-17,11,2291,5,1199,6,1092,0,0,8,1523,3,384,8,1907,California
San Benito,2021-01-18,37,2328,23,1222,14,1106,0,0,22,1530,15,399,22,1929,California
San Benito,2021-01-19,151,2479,65,1287,86,1192,0,0,124,1627,27,426,124,2053,California
San Benito,2021-01-20,276,2755,95,1382,181,1373,0,0,230,1812,45,471,230,2283,California
San Benito,2021-01-21,124,2879,32,1414,92,1465,0,0,99,1886,25,496,99,2382,California
San Benito,2021-01-22,236,3115,19,1433,217,1682,0,0,226,2102,10,506,226,2608,California
San Benito,2021-01-23,30,3145,16,1449,14,1696,0,0,12,2096,18,524,12,2620,California
San Benito,2021-01-24,9,3154,3,1452,6,1702,0,0,5,2097,4,528,5,2625,California
San Benito,2021-01-25,66,3220,24,1476,42,1744,0,0,20,2071,46,574,20,2645,California
San Benito,2021-01-26,136,3356,41,1517,95,1839,0,0,84,2103,52,626,84,2729,California
San Benito,2021-01-27,230,3586,70,1587,160,1999,0,0,190,2253,40,666,190,2919,California
San Benito,2021-01-28,153,3739,32,1619,121,2120,0,0,122,2345,30,696,122,3041,California
San Benito,2021-01-29,291,4030,33,1652,258,2378,0,0,267,2589,23,719,267,3308,California
San Benito,2021-01-30,52,4082,33,1685,19,2397,0,0,28,2593,24,743,28,3336,California
San Benito,2021-01-31,15,4097,4,1689,11,2408,0,0,10,2598,5,748,10,3346,California
San Benito,2021-02-01,133,4230,28,1717,105,2513,0,0,90,2645,43,791,90,3436,California
San Benito,2021-02-02,231,4461,49,1766,182,2695,0,0,137,2688,94,885,137,3573,California
San Benito,2021-02-03,343,4804,43,1809,300,2995,0,0,273,2891,70,955,273,3846,California
San Benito,2021-02-04,167,4971,25,1834,142,3137,0,0,122,2968,45,1000,122,3968,California
San Benito,2021-02-05,297,5268,40,1874,257,3394,0,0,234,3139,63,1063,234,4202,California
San Benito,2021-02-06,46,5314,8,1882,38,3432,0,0,29,3151,17,1080,29,4231,California
San Benito,2021-02-07,15,5329,6,1888,9,3441,0,0,14,3164,1,1081,14,4245,California
San Benito,2021-02-08,139,5468,16,1904,123,3564,0,0,93,3211,46,1127,93,4338,California
San Benito,2021-02-09,326,5794,61,1965,265,3829,0,0,193,3271,133,1260,193,4531,California
San Benito,2021-02-10,323,6117,88,2053,235,4064,0,0,114,3177,208,1468,114,4645,California
San Benito,2021-02-11,298,6415,33,2086,265,4329,0,0,199,3277,99,1567,199,4844,California
San Benito,2021-02-12,420,6835,31,2117,389,4718,0,0,211,3280,208,1775,211,5055,California
San Benito,2021-02-13,55,6890,7,2124,48,4766,0,0,44,3313,11,1786,44,5099,California
San Benito,2021-02-14,40,6930,5,2129,35,4801,0,0,30,3333,10,1796,30,5129,California
San Benito,2021-02-15,106,7036,10,2139,96,4897,0,0,95,3417,11,1807,95,5224,California
San Benito,2021-02-16,209,7245,11,2150,198,5095,0,0,104,3417,105,1912,105,5329,California
San Benito,2021-02-17,330,7575,30,2180,300,5395,0,0,281,3649,49,1961,281,5610,California
San Benito,2021-02-18,292,7867,36,2216,256,5651,0,0,70,3497,222,2183,70,5680,California
San Benito,2021-02-19,350,8217,50,2266,300,5951,0,0,181,3509,169,2352,181,5861,California
San Benito,2021-02-20,45,8262,24,2290,21,5972,0,0,35,3534,10,2362,35,5896,California
San Benito,2021-02-21,25,8287,11,2301,14,5986,0,0,17,3543,8,2370,17,5913,California
San Benito,2021-02-22,135,8422,36,2337,99,6085,0,0,101,3611,33,2403,101,6014,California
San Benito,2021-02-23,375,8797,93,2430,282,6367,0,0,261,3758,114,2517,261,6275,California
San Benito,2021-02-24,384,9181,67,2497,317,6684,0,0,245,3864,139,2656,245,6520,California
San Benito,2021-02-25,396,9577,68,2565,328,7012,0,0,275,4016,123,2779,275,6795,California
San Benito,2021-02-26,657,10234,75,2640,582,7594,0,0,409,4177,248,3027,409,7204,California
San Benito,2021-02-27,109,10343,45,2685,64,7658,0,0,91,4250,18,3045,91,7295,California
San Benito,2021-02-28,254,10597,29,2714,225,7883,0,0,245,4486,9,3054,245,7540,California
San Benito,2021-03-01,227,10824,58,2772,169,8052,0,0,158,4574,70,3124,158,7698,California
San Benito,2021-03-02,279,11103,92,2864,187,8239,0,0,210,4715,69,3193,210,7908,California
San Benito,2021-03-03,403,11506,59,2923,344,8583,0,0,225,4764,176,3369,225,8133,California
San Benito,2021-03-04,620,12126,128,3051,477,9060,15,15,433,5014,187,3556,437,8570,California
San Benito,2021-03-05,587,12713,306,3357,269,9329,12,27,372,5185,213,3769,384,8954,California
San Benito,2021-03-06,198,12911,72,3429,112,9441,14,41,147,5295,51,3820,161,9115,California
San Benito,2021-03-07,646,13557,602,4031,21,9462,23,64,614,5900,32,3852,637,9752,California
San Benito,2021-03-08,293,13850,68,4099,178,9640,47,111,169,5992,124,3976,216,9968,California
San Benito,2021-03-09,428,14278,84,4183,244,9884,100,211,139,5916,288,4264,212,10180,California
San Benito,2021-03-10,406,14684,116,4299,194,10078,96,307,233,6072,173,4437,329,10509,California
San Benito,2021-03-11,475,15159,121,4420,199,10277,155,462,210,6172,265,4702,365,10874,California
San Benito,2021-03-12,521,15680,122,4542,306,10583,93,555,232,6211,287,4989,326,11200,California
San Benito,2021-03-13,199,15879,98,4640,83,10666,18,573,128,6289,68,5057,146,11346,California
San Benito,2021-03-14,233,16112,40,4680,173,10839,20,593,179,6435,53,5110,199,11545,California
San Benito,2021-03-15,323,16435,100,4780,204,11043,19,612,191,6513,132,5242,210,11755,California
San Benito,2021-03-16,506,16941,220,5000,254,11297,32,644,353,6743,153,5395,383,12138,California
San Benito,2021-03-17,798,17739,482,5482,294,11591,22,666,565,7093,229,5624,579,12717,California
San Benito,2021-03-18,789,18528,529,6011,207,11798,53,719,573,7495,215,5839,617,13334,California
San Benito,2021-03-19,776,19304,402,6413,351,12149,23,742,573,7888,203,6042,596,13930,California
San Benito,2021-03-20,250,19554,152,6565,85,12234,13,755,187,8025,63,6105,200,14130,California
San Benito,2021-03-21,111,19665,58,6623,48,12282,5,760,81,8081,30,6135,86,14216,California
San Benito,2021-03-22,355,20020,173,6796,157,12439,25,785,222,8195,133,6268,247,14463,California
San Benito,2021-03-23,482,20502,204,7000,268,12707,10,795,222,8166,260,6528,231,14694,California
San Benito,2021-03-24,583,21085,310,7310,266,12973,7,802,367,8325,215,6743,374,15068,California
San Benito,2021-03-25,747,21832,445,7755,298,13271,4,806,442,8470,301,7044,446,15514,California
San Benito,2021-03-26,1025,22857,521,8276,499,13770,5,811,337,8125,687,7731,342,15856,California
San Benito,2021-03-27,342,23199,192,8468,117,13887,33,844,220,8256,122,7853,253,16109,California
San Benito,2021-03-28,731,23930,604,9072,121,14008,6,850,128,7787,603,8456,134,16243,California
San Benito,2021-03-29,345,24275,110,9182,215,14223,20,870,147,7755,198,8654,166,16409,California
San Benito,2021-03-30,581,24856,273,9455,212,14435,96,966,294,7858,287,8941,390,16799,California
San Benito,2021-03-31,600,25456,369,9824,207,14642,24,990,344,7973,253,9194,368,17167,California
San Benito,2021-04-01,958,26414,385,10209,534,15176,39,1029,572,8193,385,9579,605,17772,California
San Benito,2021-04-02,538,26952,260,10469,142,15318,136,1165,263,8318,274,9853,399,18171,California
San Benito,2021-04-03,260,27212,88,10557,107,15425,65,1230,75,8273,185,10038,140,18311,California
San Benito,2021-04-04,143,27355,107,10664,30,15455,6,1236,105,8346,38,10076,111,18422,California
San Benito,2021-04-05,357,27712,170,10834,143,15598,44,1280,146,8324,211,10287,189,18611,California
San Benito,2021-04-06,469,28181,165,10999,126,15724,178,1458,160,8353,309,10596,338,18949,California
San Benito,2021-04-07,949,29130,530,11529,230,15954,189,1647,268,8131,679,11275,457,19406,California
San Benito,2021-04-08,862,29992,431,11960,179,16133,252,1899,225,7972,636,11911,477,19883,California
San Benito,2021-04-09,850,30842,502,12462,256,16389,92,1991,295,7804,555,12466,387,20270,California
San Benito,2021-04-10,347,31189,208,12670,77,16466,62,2053,193,7905,154,12620,255,20525,California
San Benito,2021-04-11,476,31665,272,12942,170,16636,34,2087,268,7978,208,12828,281,20806,California
San Benito,2021-04-12,533,32198,284,13226,134,16770,115,2202,279,8115,253,13081,390,21196,California
San Benito,2021-04-13,756,32954,295,13521,438,17208,23,2225,522,8428,233,13314,546,21742,California
San Benito,2021-04-14,839,33793,660,14181,179,17387,0,2225,397,8388,437,13751,397,22139,California
San Benito,2021-04-15,947,34740,737,14918,209,17596,1,2226,471,8385,475,14226,472,22611,California
San Benito,2021-04-16,700,35440,365,15283,324,17920,11,2237,293,8286,404,14630,305,22916,California
San Benito,2021-04-17,321,35761,224,15507,97,18017,0,2237,128,8219,195,14825,128,23044,California
San Benito,2021-04-18,490,36251,409,15916,81,18098,0,2237,233,8197,257,15082,235,23279,California
San Benito,2021-04-19,740,36991,592,16508,148,18246,0,2237,420,8299,319,15401,421,23700,California
San Benito,2021-04-20,774,37765,402,16910,370,18616,2,2239,490,8511,279,15680,491,24191,California
San Benito,2021-04-21,957,38722,702,17612,255,18871,0,2239,516,8600,427,16107,516,24707,California
San Benito,2021-04-22,900,39622,694,18306,206,19077,0,2239,568,8844,324,16431,568,25275,California
San Benito,2021-04-23,633,40255,399,18705,233,19310,1,2240,343,8946,241,16672,343,25618,California
San Benito,2021-04-24,366,40621,204,18909,162,19472,0,2240,172,8963,155,16827,172,25790,California
San Benito,2021-04-25,205,40826,127,19036,78,19550,0,2240,94,8964,93,16920,94,25884,California
San Benito,2021-04-26,482,41308,386,19422,96,19646,0,2240,254,9051,167,17087,254,26138,California
San Benito,2021-04-27,546,41854,279,19701,260,19906,7,2247,405,9332,131,17218,412,26550,California
San Benito,2021-04-28,544,42398,384,20085,151,20057,9,2256,382,9565,157,17375,390,26940,California
San Benito,2021-04-29,624,43022,228,20313,386,20443,10,2266,246,9460,378,17753,273,27213,California
San Benito,2021-04-30,378,43400,210,20523,161,20604,7,2273,204,9499,172,17925,211,27424,California
San Benito,2021-05-01,199,43599,144,20667,46,20650,9,2282,65,9441,132,18057,74,27498,California
San Benito,2021-05-02,191,43790,163,20830,24,20674,4,2286,59,9372,132,18189,63,27561,California
San Benito,2021-05-03,361,44151,284,21114,67,20741,10,2296,86,9195,275,18464,98,27659,California
San Benito,2021-05-04,407,44558,246,21360,153,20894,8,2304,151,9099,254,18718,158,27817,California
San Benito,2021-05-05,604,45162,421,21781,167,21061,16,2320,211,8936,390,19108,227,28044,California
San Benito,2021-05-06,614,45776,487,22268,112,21173,15,2335,223,8787,387,19495,238,28282,California
San Benito,2021-05-07,448,46224,282,22550,155,21328,11,2346,174,8701,272,19767,186,28468,California
San Benito,2021-05-08,275,46499,225,22775,45,21373,5,2351,157,8745,118,19885,162,28630,California
San Benito,2021-05-09,101,46600,76,22851,22,21395,3,2354,48,8743,53,19938,51,28681,California
San Benito,2021-05-10,413,47013,325,23176,64,21459,24,2378,51,8457,362,20300,76,28757,California
San Benito,2021-05-11,810,47823,406,23582,391,21850,13,2391,181,8025,627,20927,195,28952,California
San Benito,2021-05-12,483,48306,385,23967,85,21935,13,2404,113,7784,368,21295,127,29079,California
San Benito,2021-05-13,665,48971,569,24536,86,22021,10,2414,169,7469,493,21788,178,29257,California
San Benito,2021-05-14,596,49567,441,24977,148,22169,7,2421,232,7345,363,22151,239,29496,California
San Benito,2021-05-15,229,49796,173,25150,50,22219,6,2427,127,7376,102,22253,133,29629,California
San Benito,2021-05-16,166,49962,138,25288,26,22245,2,2429,93,7398,73,22326,95,29724,California
San Benito,2021-05-17,389,50351,314,25602,65,22310,10,2439,180,7381,207,22533,190,29914,California
San Benito,2021-05-18,665,51016,346,25948,314,22624,5,2444,207,7136,458,22991,213,30127,California
San Benito,2021-05-19,567,51583,414,26362,145,22769,8,2452,234,7045,333,23324,242,30369,California
San Benito,2021-05-20,566,52149,457,26819,98,22867,11,2463,311,7113,254,23578,322,30691,California
San Benito,2021-05-21,447,52596,271,27090,161,23028,15,2478,212,7107,233,23811,227,30918,California
San Benito,2021-05-22,280,52876,219,27309,56,23084,5,2483,178,7190,101,23912,184,31102,California
San Benito,2021-05-23,72,52948,50,27359,18,23102,4,2487,30,7181,42,23954,33,31135,California
San Benito,2021-05-24,298,53246,250,27609,41,23143,7,2494,187,7264,111,24065,194,31329,California
San Benito,2021-05-25,527,53773,241,27850,279,23422,7,2501,174,7094,351,24416,181,31510,California
San Benito,2021-05-26,292,54065,178,28028,108,23530,6,2507,119,7046,172,24588,124,31634,California
San Benito,2021-05-27,405,54470,309,28337,73,23603,23,2530,153,6973,252,24840,179,31813,California
San Benito,2021-05-28,286,54756,176,28513,103,23706,7,2537,111,6917,174,25014,118,31931,California
San Benito,2021-05-29,148,54904,126,28639,20,23726,2,2539,64,6899,84,25098,66,31997,California
San Benito,2021-05-30,271,55175,256,28895,15,23741,0,2539,94,6817,176,25274,94,32091,California
San Benito,2021-05-31,102,55277,89,28984,11,23752,2,2541,45,6808,56,25330,47,32138,California
San Benito,2021-06-01,267,55544,120,29104,121,23873,26,2567,98,6763,168,25498,123,32261,California
San Benito,2021-06-02,322,55866,242,29346,77,23950,3,2570,119,6683,203,25701,123,32384,California
San Benito,2021-06-03,330,56196,279,29625,44,23994,7,2577,131,6625,196,25897,138,32522,California
San Benito,2021-06-04,166,56362,124,29749,42,24036,0,2577,47,6554,118,26015,47,32569,California
San Bernardino,2020-12-15,13,13,13,13,0,0,0,0,13,13,0,0,13,13,California
San Bernardino,2020-12-16,113,126,113,126,0,0,0,0,113,126,0,0,113,126,California
San Bernardino,2020-12-17,2369,2495,2369,2495,0,0,0,0,2369,2495,0,0,2369,2495,California
San Bernardino,2020-12-18,3155,5650,3152,5647,3,3,0,0,3156,5651,0,0,3156,5651,California
San Bernardino,2020-12-19,1074,6724,1073,6720,1,4,0,0,1075,6726,0,0,1075,6726,California
San Bernardino,2020-12-20,1174,7898,1171,7891,3,7,0,0,1174,7900,0,0,1174,7900,California
San Bernardino,2020-12-21,2464,10362,2459,10350,5,12,0,0,2464,10364,0,0,2464,10364,California
San Bernardino,2020-12-22,2284,12646,2154,12504,130,142,0,0,2284,12648,0,0,2284,12648,California
San Bernardino,2020-12-23,2671,15317,1468,13972,1203,1345,0,0,2669,15317,0,0,2669,15317,California
San Bernardino,2020-12-24,1165,16482,586,14558,579,1924,0,0,1166,16483,0,0,1166,16483,California
San Bernardino,2020-12-25,75,16557,14,14572,61,1985,0,0,75,16558,0,0,75,16558,California
San Bernardino,2020-12-26,462,17019,254,14826,208,2193,0,0,462,17020,0,0,462,17020,California
San Bernardino,2020-12-27,346,17365,160,14986,186,2379,0,0,346,17366,0,0,346,17366,California
San Bernardino,2020-12-28,1575,18940,715,15701,860,3239,0,0,1576,18942,0,0,1576,18942,California
San Bernardino,2020-12-29,2213,21153,1041,16742,1172,4411,0,0,2213,21155,0,0,2213,21155,California
San Bernardino,2020-12-30,2893,24046,1456,18198,1437,5848,0,0,2893,24048,0,0,2893,24048,California
San Bernardino,2020-12-31,1356,25402,437,18635,919,6767,0,0,1354,25402,0,0,1354,25402,California
San Bernardino,2021-01-01,285,25687,153,18788,132,6899,0,0,284,25686,0,0,284,25686,California
San Bernardino,2021-01-02,479,26166,339,19127,140,7039,0,0,479,26165,0,0,479,26165,California
San Bernardino,2021-01-03,136,26302,86,19213,50,7089,0,0,136,26301,0,0,136,26301,California
San Bernardino,2021-01-04,2130,28432,1290,20503,840,7929,0,0,2129,28430,0,0,2129,28430,California
San Bernardino,2021-01-05,2337,30769,1462,21965,875,8804,0,0,2227,30548,109,109,2227,30657,California
San Bernardino,2021-01-06,3446,34215,2353,24318,1093,9897,0,0,2948,33005,492,601,2949,33606,California
San Bernardino,2021-01-07,5433,39648,4515,28833,918,10815,0,0,2479,32550,2935,3536,2480,36086,California
San Bernardino,2021-01-08,5367,45015,4444,33277,923,11738,0,0,2286,31760,3077,6613,2287,38373,California
San Bernardino,2021-01-09,1404,46419,1101,34378,303,12041,0,0,905,32166,499,7112,905,39278,California
San Bernardino,2021-01-10,1025,47444,599,34977,426,12467,0,0,575,32291,450,7562,575,39853,California
San Bernardino,2021-01-11,4984,52428,4081,39058,903,13370,0,0,2760,32831,2220,9782,2760,42613,California
San Bernardino,2021-01-12,4231,56659,3210,42268,1021,14391,0,0,2508,33619,1720,11502,2508,45121,California
San Bernardino,2021-01-13,4582,61241,2854,45122,1728,16119,0,0,3354,35758,1216,12718,3355,48476,California
San Bernardino,2021-01-14,4818,66059,2841,47963,1977,18096,0,0,4232,39408,582,13300,4232,52708,California
San Bernardino,2021-01-15,5990,72049,2977,50940,3013,21109,0,0,5592,44613,390,13690,5595,58303,California
San Bernardino,2021-01-16,2258,74307,1289,52229,969,22078,0,0,2116,46587,142,13832,2116,60419,California
San Bernardino,2021-01-17,1180,75487,506,52735,674,22752,0,0,1096,47602,83,13915,1098,61517,California
San Bernardino,2021-01-18,4272,79759,2638,55373,1634,24386,0,0,3650,50632,622,14537,3652,65169,California
San Bernardino,2021-01-19,6325,86084,3715,59088,2610,26996,0,0,5235,54781,1088,15625,5237,70406,California
San Bernardino,2021-01-20,6836,92920,3760,62848,3076,30072,0,0,4890,57734,1939,17564,4892,75298,California
San Bernardino,2021-01-21,5990,98910,3079,65927,2911,32983,0,0,4875,61505,1107,18671,4878,80176,California
San Bernardino,2021-01-22,6522,105432,3053,68980,3469,36452,0,0,5798,66582,722,19393,5799,85975,California
San Bernardino,2021-01-23,3121,108553,1897,70877,1224,37676,0,0,2729,68920,391,19784,2729,88704,California
San Bernardino,2021-01-24,1198,109751,462,71339,736,38412,0,0,1095,69912,103,19887,1095,89799,California
San Bernardino,2021-01-25,6892,116643,3408,74747,3484,41896,0,0,5051,73128,1838,21725,5054,94853,California
San Bernardino,2021-01-26,7054,123697,3513,78260,3541,45437,0,0,4950,75976,2103,23828,4951,99804,California
San Bernardino,2021-01-27,8533,132230,4155,82415,4378,49815,0,0,5722,78895,2803,26631,5722,105526,California
San Bernardino,2021-01-28,8588,140818,4079,86494,4509,54324,0,0,6268,82848,2315,28946,6268,111794,California
San Bernardino,2021-01-29,8202,149020,3777,90271,4425,58749,0,0,6226,87113,1962,30908,6227,118021,California
San Bernardino,2021-01-30,3094,152114,1896,92167,1198,59947,0,0,2803,89627,289,31197,2803,120824,California
San Bernardino,2021-01-31,928,153042,491,92658,437,60384,0,0,874,90448,53,31250,874,121698,California
San Bernardino,2021-02-01,7580,160622,4253,96911,3327,63711,0,0,4948,92768,2629,33879,4949,126647,California
San Bernardino,2021-02-02,10465,171087,3656,100567,6809,70520,0,0,8401,99110,2060,35939,8402,135049,California
San Bernardino,2021-02-03,9017,180104,4156,104723,4861,75381,0,0,6515,103131,2495,38434,6516,141565,California
San Bernardino,2021-02-04,10511,190615,5172,109895,5339,80720,0,0,7414,107459,3086,41520,7414,148979,California
San Bernardino,2021-02-05,11036,201651,5924,115819,5112,85832,0,0,7493,111421,3532,45052,7494,156473,California
San Bernardino,2021-02-06,5279,206930,2216,118035,3063,88895,0,0,3645,113459,1610,46662,3648,160121,California
San Bernardino,2021-02-07,844,207774,491,118526,353,89248,0,0,469,113557,372,47034,470,160591,California
San Bernardino,2021-02-08,7293,215067,3889,122415,3404,92652,0,0,5623,117511,1669,48703,5623,166214,California
San Bernardino,2021-02-09,10158,225225,5916,128331,4242,96894,0,0,6858,121074,3298,52001,6861,173075,California
San Bernardino,2021-02-10,12098,237323,6461,134792,5637,102531,0,0,7975,124936,4114,56115,7976,181051,California
San Bernardino,2021-02-11,12466,249789,7153,141945,5313,107844,0,0,7943,128382,4500,60615,7946,188997,California
San Bernardino,2021-02-12,10426,260215,5951,147896,4475,112319,0,0,5686,129345,4723,65338,5686,194683,California
San Bernardino,2021-02-13,6058,266273,4032,151928,2026,114345,0,0,3811,130930,2231,67569,3816,198499,California
San Bernardino,2021-02-14,1554,267827,649,152577,905,115250,0,0,874,131131,673,68242,874,199373,California
San Bernardino,2021-02-15,5484,273311,3000,155577,2484,117734,0,0,3067,131795,2403,70645,3067,202440,California
San Bernardino,2021-02-16,12601,285912,7354,162931,5247,122981,0,0,7964,135136,4624,75269,7965,210405,California
San Bernardino,2021-02-17,11817,297729,6469,169400,5348,128329,0,0,7154,137647,4645,79914,7156,217561,California
San Bernardino,2021-02-18,12492,310221,7589,176989,4903,133232,0,0,7709,140588,4769,84683,7710,225271,California
San Bernardino,2021-02-19,11555,321776,5958,182947,5597,138829,0,0,6838,142729,4697,89380,6838,232109,California
San Bernardino,2021-02-20,4529,326305,3476,186423,1053,139882,0,0,2046,142298,2479,91859,2048,234157,California
San Bernardino,2021-02-21,1136,327441,677,187100,459,140341,0,0,395,141952,741,92600,395,234552,California
San Bernardino,2021-02-22,8685,336126,5351,192451,3334,143675,0,0,4050,141379,4624,97224,4051,238603,California
San Bernardino,2021-02-23,9167,345293,5451,197902,3716,147391,0,0,4632,141501,4510,101734,4632,243235,California
San Bernardino,2021-02-24,12481,357774,7181,205083,5300,152691,0,0,6172,141385,6289,108023,6173,249408,California
San Bernardino,2021-02-25,13123,370897,6291,211374,6832,159523,0,0,7656,143595,5449,113472,7659,257067,California
San Bernardino,2021-02-26,13615,384512,6385,217759,7230,166753,0,0,7590,145224,5963,119435,7592,264659,California
San Bernardino,2021-02-27,6669,391181,3730,221489,2938,169691,1,1,4815,148194,1846,121281,4816,269475,California
San Bernardino,2021-02-28,1776,392957,739,222228,1037,170728,0,1,1140,148704,630,121911,1140,270615,California
San Bernardino,2021-03-01,8464,401421,4366,226594,4095,174823,3,4,3846,147967,4594,126505,3857,274472,California
San Bernardino,2021-03-02,13889,415310,5557,232151,8332,183155,0,4,6559,147229,7300,133805,6562,281034,California
San Bernardino,2021-03-03,12902,428212,6555,238706,6344,189499,3,7,6034,146425,6847,140652,6043,287077,California
San Bernardino,2021-03-04,13796,442008,6930,245636,6866,196365,0,7,6000,144654,7775,148427,6004,293081,California
San Bernardino,2021-03-05,14426,456434,7538,253174,6887,203252,1,8,7039,144357,7355,155782,7058,300139,California
San Bernardino,2021-03-06,9743,466177,5461,258635,4058,207310,224,232,4547,143948,5178,160960,4769,304908,California
San Bernardino,2021-03-07,1665,467842,1004,259639,590,207900,71,303,1048,144452,615,161575,1119,306027,California
San Bernardino,2021-03-08,8112,475954,3588,263227,4353,212253,171,474,3605,143732,4499,166074,3779,309806,California
San Bernardino,2021-03-09,13088,489042,7486,270713,5355,217608,247,721,5280,141467,7793,173867,5528,315334,California
San Bernardino,2021-03-10,14232,503274,7858,278571,5819,223427,555,1276,6374,140567,7831,181698,6931,322265,California
San Bernardino,2021-03-11,15642,518916,7251,285822,6799,230226,1592,2868,7404,141341,8217,189915,8991,331256,California
San Bernardino,2021-03-12,15571,534487,6947,292769,6577,236803,2047,4915,7359,142609,8183,198098,9451,340707,California
San Bernardino,2021-03-13,8405,542892,4584,297353,3304,240107,517,5432,4986,144705,3408,201506,5504,346211,California
San Bernardino,2021-03-14,3297,546189,1671,299024,1045,241152,581,6013,1843,145676,1447,202953,2418,348629,California
San Bernardino,2021-03-15,11419,557608,5385,304409,4001,245153,2033,8046,5604,147505,5800,208753,7629,356258,California
San Bernardino,2021-03-16,16229,573837,8035,312444,7250,252403,944,8990,9919,152081,6283,215036,10859,367117,California
San Bernardino,2021-03-17,17393,591230,8636,321080,8008,260411,749,9739,10543,156542,6832,221868,11293,378410,California
San Bernardino,2021-03-18,16674,607904,8252,329332,8034,268445,388,10127,9859,159998,6789,228657,10245,388655,California
San Bernardino,2021-03-19,17017,624921,8441,337773,7981,276426,595,10722,9770,163193,7222,235879,10417,399072,California
San Bernardino,2021-03-20,9462,634383,5972,343745,2896,279322,594,11316,5602,165548,3836,239715,6191,405263,California
San Bernardino,2021-03-21,2806,637189,2283,346028,472,279794,51,11367,2259,167324,534,240249,2310,407573,California
San Bernardino,2021-03-22,9629,646818,4523,350551,4669,284463,437,11804,6976,172105,2632,242881,7413,414986,California
San Bernardino,2021-03-23,15531,662349,8807,359358,6104,290567,620,12424,9608,176430,5902,248783,10227,425213,California
San Bernardino,2021-03-24,15193,677542,7843,367201,7045,297612,305,12729,10095,181768,5063,253846,10401,435614,California
San Bernardino,2021-03-25,17056,694598,8370,375571,8385,305997,301,13030,10804,186666,6202,260048,11100,446714,California
San Bernardino,2021-03-26,18248,712846,8693,384264,8785,314782,770,13800,10917,191053,7300,267348,11687,458401,California
San Bernardino,2021-03-27,10866,723712,7018,391282,3094,317876,754,14554,6201,193362,4645,271993,6954,465355,California
San Bernardino,2021-03-28,3626,727338,2553,393835,960,318836,113,14667,2516,194890,1100,273093,2628,467983,California
San Bernardino,2021-03-29,11797,739135,6129,399964,5267,324103,401,15068,7971,199454,3808,276901,8372,476355,California
San Bernardino,2021-03-30,17016,756151,9500,409464,6800,330903,716,15784,10542,204266,6437,283338,11249,487604,California
San Bernardino,2021-03-31,16612,772763,9359,418823,6615,337518,638,16422,10931,210181,5652,288990,11567,499171,California
San Bernardino,2021-04-01,19851,792614,10485,429308,7941,345459,1425,17847,12781,217349,7028,296018,14196,513367,California
San Bernardino,2021-04-02,18928,811542,9541,438849,8097,353556,1290,19137,11442,222664,7457,303475,12772,526139,California
San Bernardino,2021-04-03,11177,822719,6989,445838,3050,356606,1138,20275,6076,224791,5081,308556,7208,533347,California
San Bernardino,2021-04-04,2504,825223,1508,447346,746,357352,250,20525,1264,225072,1233,309789,1514,534861,California
San Bernardino,2021-04-05,11801,837024,5301,452647,4763,362115,1737,22262,6020,227062,5761,315550,7751,542612,California
San Bernardino,2021-04-06,19779,856803,11132,463779,6529,368644,2118,24380,10452,230340,9282,324832,12560,555172,California
San Bernardino,2021-04-07,21037,877840,11253,475032,7296,375940,2488,26868,11472,234752,9535,334367,13947,569119,California
San Bernardino,2021-04-08,21989,899829,11257,486289,8114,384054,2618,29486,12095,239590,9868,344235,14706,583825,California
San Bernardino,2021-04-09,21835,921664,11111,497400,8146,392200,2578,32064,11878,244114,9921,354156,14445,598270,California
San Bernardino,2021-04-10,15726,937390,8138,505538,3853,396053,3735,35799,7782,247694,7922,362078,11502,609772,California
San Bernardino,2021-04-11,4451,941841,2589,508127,894,396947,968,36767,2036,248282,2409,364487,2997,612769,California
San Bernardino,2021-04-12,13470,955311,6223,514350,5581,402528,1666,38433,6368,249231,7081,371568,8030,620799,California
San Bernardino,2021-04-13,19323,974634,11011,525361,8293,410821,19,38452,11063,252082,8234,379802,11085,631884,California
San Bernardino,2021-04-14,19303,993937,10325,535686,8975,419796,3,38455,10912,254639,8359,388161,10916,642800,California
San Bernardino,2021-04-15,20309,1014246,11350,547036,8953,428749,6,38461,10774,255923,9496,397657,10780,653580,California
San Bernardino,2021-04-16,18607,1032853,10560,557596,8046,436795,1,38462,9137,255631,9429,407086,9137,662717,California
San Bernardino,2021-04-17,11940,1044793,7859,565455,4081,440876,0,38462,6247,256219,5659,412745,6247,668964,California
San Bernardino,2021-04-18,2907,1047700,1997,567452,910,441786,0,38462,1281,255886,1614,414359,1281,670245,California
San Bernardino,2021-04-19,12535,1060235,6685,574137,5850,447636,0,38462,4860,253096,7654,422013,4864,675109,California
San Bernardino,2021-04-20,17631,1077866,9819,583956,7809,455445,3,38465,8051,251595,9556,431569,8055,683164,California
San Bernardino,2021-04-21,18132,1095998,10329,594285,7800,463245,3,38468,7938,249402,10134,441703,7941,691105,California
San Bernardino,2021-04-22,19208,1115206,10977,605262,8227,471472,4,38472,7800,245851,11355,453058,7804,698909,California
San Bernardino,2021-04-23,18478,1133684,10574,615836,7903,479375,1,38473,8044,243510,10388,463446,8047,706956,California
San Bernardino,2021-04-24,12874,1146558,9503,625339,3369,482744,2,38475,6923,244501,5934,469380,6925,713881,California
San Bernardino,2021-04-25,3398,1149956,2227,627566,1171,483915,0,38475,1674,244467,1709,471089,1675,715556,California
San Bernardino,2021-04-26,10534,1160490,5639,633205,4805,488720,90,38565,4459,242975,6039,477128,4547,720103,California
San Bernardino,2021-04-27,16118,1176608,9722,642927,6216,494936,180,38745,6601,240281,9473,486601,6779,726882,California
San Bernardino,2021-04-28,14688,1191296,8718,651645,5694,500630,276,39021,5273,236431,9390,495991,5540,732422,California
San Bernardino,2021-04-29,16193,1207489,9319,660964,6604,507234,270,39291,5363,231264,10796,506787,5629,738051,California
San Bernardino,2021-04-30,16552,1224041,10444,671408,5828,513062,280,39571,6089,227203,10427,517214,6366,744417,California
San Bernardino,2021-05-01,10752,1234793,8419,679827,2019,515081,314,39885,3707,224179,7042,524256,4018,748435,California
San Bernardino,2021-05-02,2931,1237724,2118,681945,681,515762,132,40017,1044,223474,1879,526135,1174,749609,California
San Bernardino,2021-05-03,10041,1247765,5763,687708,3876,519638,402,40419,2899,219644,7130,533265,3300,752909,California
San Bernardino,2021-05-04,15680,1263445,9539,697247,5689,525327,452,40871,4558,213569,11082,544347,5007,757916,California
San Bernardino,2021-05-05,15342,1278787,8822,706069,6105,531432,415,41286,4331,207346,10964,555311,4741,762657,California
San Bernardino,2021-05-06,15779,1294566,8997,715066,6368,537800,414,41700,4299,200615,11442,566753,4711,767368,California
San Bernardino,2021-05-07,15444,1310010,8666,723732,6404,544204,374,42074,4622,194841,10765,577518,4991,772359,California
San Bernardino,2021-05-08,9207,1319217,6128,729860,2838,547042,241,42315,3149,192209,6021,583539,3389,775748,California
San Bernardino,2021-05-09,1821,1321038,1126,730986,606,547648,89,42404,732,191948,1082,584621,821,776569,California
San Bernardino,2021-05-10,7430,1328468,3418,734404,3697,551345,315,42719,2280,189433,5107,589728,2592,779161,California
San Bernardino,2021-05-11,11898,1340366,6555,740959,5016,556361,327,43046,3736,185374,8122,597850,4063,783224,California
San Bernardino,2021-05-12,12028,1352394,6407,747366,5332,561693,289,43335,3431,180539,8551,606401,3716,786940,California
San Bernardino,2021-05-13,12468,1364862,7412,754778,4718,566411,338,43673,4769,177982,7659,614060,5102,792042,California
San Bernardino,2021-05-14,13593,1378455,9033,763811,4229,570640,331,44004,5666,176103,7875,621935,5996,798038,California
San Bernardino,2021-05-15,11250,1389705,8343,772154,2719,573359,188,44192,4516,174104,6699,628634,4700,802738,California
San Bernardino,2021-05-16,2775,1392480,2043,774197,671,574030,61,44253,1309,174024,1449,630083,1369,804107,California
San Bernardino,2021-05-17,9945,1402425,6752,780949,2902,576932,291,44544,4650,173704,5259,635342,4939,809046,California
San Bernardino,2021-05-18,13318,1415743,8780,789729,4290,581222,248,44792,6132,172928,7152,642494,6376,815422,California
San Bernardino,2021-05-19,11474,1427217,7179,796908,3917,585139,378,45170,5340,172547,6097,648591,5716,821138,California
San Bernardino,2021-05-20,9988,1437205,5913,802821,3776,588915,299,45469,4522,171936,5432,654023,4821,825959,California
San Bernardino,2021-05-21,10891,1448096,7204,810025,3328,592243,359,45828,4812,171069,6036,660059,5169,831128,California
San Bernardino,2021-05-22,7362,1455458,5615,815640,1553,593796,194,46022,3699,171327,3632,663691,3890,835018,California
San Bernardino,2021-05-23,1302,1456760,835,816475,395,594191,72,46094,663,171428,634,664325,735,835753,California
San Bernardino,2021-05-24,6557,1463317,4119,820594,2148,596339,290,46384,2935,171073,3580,667905,3225,838978,California
San Bernardino,2021-05-25,9259,1472576,5681,826275,3324,599663,254,46638,4179,170459,5049,672954,4435,843413,California
San Bernardino,2021-05-26,8134,1480710,5166,831441,2736,602399,232,46870,3770,170129,4328,677282,3998,847411,California
San Bernardino,2021-05-27,7589,1488299,4614,836055,2750,605149,225,47095,3494,169792,4056,681338,3719,851130,California
San Bernardino,2021-05-28,8742,1497041,5445,841500,3028,608177,269,47364,4388,170136,4311,685649,4655,855785,California
San Bernardino,2021-05-29,4980,1502021,3339,844839,1529,609706,112,47476,2621,170527,2341,687990,2732,858517,California
San Bernardino,2021-05-30,1756,1503777,1243,846082,432,610138,81,47557,915,170687,835,688825,995,859512,California
San Bernardino,2021-05-31,887,1504664,562,846644,309,610447,16,47573,318,170455,566,689391,334,859846,California
San Bernardino,2021-06-01,8588,1513252,5548,852192,2797,613244,243,47816,3601,169366,4932,694323,3843,863689,California
San Bernardino,2021-06-02,6796,1520048,4280,856472,2272,615516,244,48060,3121,169087,3642,697965,3363,867052,California
San Bernardino,2021-06-03,7770,1527818,5290,861762,2308,617824,172,48232,2980,167472,4766,702731,3151,870203,California
San Bernardino,2021-06-04,4938,1532756,3491,865253,1212,619036,235,48467,1584,165957,3332,706063,1817,872020,California
San Diego,2020-12-15,119,119,119,119,0,0,0,0,119,119,0,0,119,119,California
San Diego,2020-12-16,1103,1222,1103,1222,0,0,0,0,1103,1222,0,0,1103,1222,California
San Diego,2020-12-17,2350,3572,2350,3572,0,0,0,0,2350,3572,0,0,2350,3572,California
San Diego,2020-12-18,3671,7243,3670,7242,1,1,0,0,3671,7243,0,0,3671,7243,California
San Diego,2020-12-19,2313,9556,2313,9555,0,1,0,0,2313,9556,0,0,2313,9556,California
San Diego,2020-12-20,1185,10741,1184,10739,1,2,0,0,1185,10741,0,0,1185,10741,California
San Diego,2020-12-21,3522,14263,3520,14259,2,4,0,0,3522,14263,0,0,3522,14263,California
San Diego,2020-12-22,4062,18325,3418,17677,644,648,0,0,4062,18325,0,0,4062,18325,California
San Diego,2020-12-23,3179,21504,1977,19654,1202,1850,0,0,3179,21504,0,0,3179,21504,California
San Diego,2020-12-24,2736,24240,2219,21873,517,2367,0,0,2736,24240,0,0,2736,24240,California
San Diego,2020-12-25,876,25116,875,22748,1,2368,0,0,876,25116,0,0,876,25116,California
San Diego,2020-12-26,3290,28406,2141,24889,1149,3517,0,0,3290,28406,0,0,3290,28406,California
San Diego,2020-12-27,2510,30916,1619,26508,891,4408,0,0,2509,30914,1,1,2509,30915,California
San Diego,2020-12-28,5911,36827,4225,30733,1686,6094,0,0,5911,36825,0,1,5911,36826,California
San Diego,2020-12-29,5574,42401,3001,33734,2573,8667,0,0,5574,42399,0,1,5574,42400,California
San Diego,2020-12-30,5947,48348,3102,36836,2845,11512,0,0,5947,48346,0,1,5947,48347,California
San Diego,2020-12-31,3035,51383,1053,37889,1982,13494,0,0,3035,51381,0,1,3035,51382,California
San Diego,2021-01-01,1006,52389,452,38341,554,14048,0,0,1006,52387,0,1,1006,52388,California
San Diego,2021-01-02,3746,56135,1303,39644,2443,16491,0,0,3746,56133,0,1,3746,56134,California
San Diego,2021-01-03,858,56993,633,40277,225,16716,0,0,857,56990,0,1,857,56991,California
San Diego,2021-01-04,3706,60699,2053,42330,1653,18369,0,0,3699,60689,0,1,3699,60690,California
San Diego,2021-01-05,4380,65079,2186,44516,2194,20563,0,0,3764,63853,612,613,3776,64466,California
San Diego,2021-01-06,4946,70025,2289,46805,2657,23220,0,0,3713,66360,1210,1823,3717,68183,California
San Diego,2021-01-07,5664,75689,2984,49789,2680,25900,0,0,3504,67718,2153,3976,3511,71694,California
San Diego,2021-01-08,7861,83550,4940,54729,2921,28821,0,0,4077,68046,3767,7743,4095,75789,California
San Diego,2021-01-09,3503,87053,1943,56672,1560,30381,0,0,1953,68472,1538,9281,1964,77753,California
San Diego,2021-01-10,1881,88934,1294,57966,587,30968,0,0,777,68167,1092,10373,787,78540,California
San Diego,2021-01-11,10336,99270,5859,63825,4477,35445,0,0,6806,71469,3523,13896,6825,85365,California
San Diego,2021-01-12,11204,110474,5316,69141,5888,41333,0,0,7825,76038,3370,17266,7939,93304,California
San Diego,2021-01-13,11514,121988,5056,74197,6458,47791,0,0,8969,82498,2533,19799,8993,102297,California
San Diego,2021-01-14,12370,134358,4748,78945,7622,55413,0,0,10200,90573,2162,21961,10237,112534,California
San Diego,2021-01-15,15132,149490,5355,84300,9777,65190,0,0,12484,100483,2629,24590,12539,125073,California
San Diego,2021-01-16,10774,160264,3593,87893,7181,72371,0,0,9329,108403,1440,26030,9360,134433,California
San Diego,2021-01-17,8687,168951,2500,90393,6187,78558,0,0,7846,115429,841,26871,7867,142300,California
San Diego,2021-01-18,12885,181836,6318,96711,6567,85125,0,0,10035,122707,2818,29689,10096,152396,California
San Diego,2021-01-19,14601,196437,5671,102382,8930,94055,0,0,11489,131361,3102,32791,11756,164152,California
San Diego,2021-01-20,18331,214768,6388,108770,11943,105998,0,0,15010,143253,3301,36092,15193,179345,California
San Diego,2021-01-21,17303,232071,5782,114552,11521,117519,0,0,15916,157934,1378,37470,16059,195404,California
San Diego,2021-01-22,17579,249650,4654,119206,12925,130444,0,0,15545,171540,2020,39490,15626,211030,California
San Diego,2021-01-23,14488,264138,5275,124481,9213,139657,0,0,12128,181381,2349,41839,12190,223220,California
San Diego,2021-01-24,11867,276005,3309,127790,8558,148215,0,0,10893,191342,972,42811,10933,234153,California
San Diego,2021-01-25,12257,288262,5784,133574,6473,154688,0,0,9235,197719,3014,45825,9391,243544,California
San Diego,2021-01-26,15138,303400,7842,141416,7296,161984,0,0,11747,206263,3389,49214,11933,255477,California
San Diego,2021-01-27,20581,323981,7932,149348,12649,174633,0,0,17560,220955,3012,52226,17704,273181,California
San Diego,2021-01-28,21298,345279,7637,156985,13661,188294,0,0,19022,237800,2265,54491,19110,292291,California
San Diego,2021-01-29,19655,364934,6401,163386,13254,201548,0,0,17212,252631,2433,56924,17264,309555,California
San Diego,2021-01-30,15837,380771,3596,166982,12241,213789,0,0,13153,263209,2674,59598,13252,322807,California
San Diego,2021-01-31,14773,395544,5723,172705,9050,222839,0,0,14412,277296,357,59955,14444,337251,California
San Diego,2021-02-01,20876,416420,7582,180287,13294,236133,0,0,17318,291153,3545,63500,17402,354653,California
San Diego,2021-02-02,22911,439331,8375,188662,14536,250669,0,0,19637,307696,3265,66765,19808,374461,California
San Diego,2021-02-03,27499,466830,11597,200259,15902,266571,0,0,23183,326775,4297,71062,23376,397837,California
San Diego,2021-02-04,24183,491013,9819,210078,14364,280935,0,0,19548,341995,4618,75680,19838,417675,California
San Diego,2021-02-05,24891,515904,8846,218924,16045,296980,0,0,18195,353984,6672,82352,18661,436336,California
San Diego,2021-02-06,20765,536669,8542,227466,12223,309203,0,0,17512,368471,3250,85602,17737,454073,California
San Diego,2021-02-07,12142,548811,5378,232844,6764,315967,0,0,10256,377112,1875,87477,10516,464589,California
San Diego,2021-02-08,20118,568929,8523,241367,11595,327562,0,0,12665,383026,7442,94919,13356,477945,California
San Diego,2021-02-09,20493,589422,8320,249687,12173,339735,0,0,13185,390005,7287,102206,14266,492211,California
San Diego,2021-02-10,22971,612393,9333,259020,13638,353373,0,0,13840,396152,9076,111282,15223,507434,California
San Diego,2021-02-11,23844,636237,10181,269201,13663,367036,0,0,12756,399544,11061,122343,14453,521887,California
San Diego,2021-02-12,23822,660059,7429,276630,16393,383429,0,0,11855,401729,11950,134293,14135,536022,California
San Diego,2021-02-13,20025,680084,9020,285650,11005,394434,0,0,10891,404699,9127,143420,12097,548119,California
San Diego,2021-02-14,11185,691269,7430,293080,3755,398189,0,0,6317,407670,4864,148284,7835,555954,California
San Diego,2021-02-15,15250,706519,7738,300818,7512,405701,0,0,7804,411118,7424,155708,10872,566826,California
San Diego,2021-02-16,19297,725816,11270,312088,8027,413728,0,0,9216,413254,10069,165777,12205,579031,California
San Diego,2021-02-17,23415,749231,10999,323087,12416,426144,0,0,8114,409178,15286,181063,11210,590241,California
San Diego,2021-02-18,23580,772811,12009,335096,11571,437715,0,0,7765,405233,15804,196867,11859,602100,California
San Diego,2021-02-19,15904,788715,10911,346007,4993,442708,0,0,6619,404573,9267,206134,8607,610707,California
San Diego,2021-02-20,10264,798979,6364,352371,3900,446608,0,0,5795,407822,4466,210600,7715,618422,California
San Diego,2021-02-21,11573,810552,10158,362529,1415,448023,0,0,5181,408135,6387,216987,6700,625122,California
San Diego,2021-02-22,12454,823006,10592,373121,1862,449885,0,0,5746,408835,6703,223690,7403,632525,California
San Diego,2021-02-23,25875,848881,14491,387612,11384,461269,0,0,9620,408118,16246,239936,15529,648054,California
San Diego,2021-02-24,28952,877833,12754,400366,16198,477467,0,0,6839,400310,22093,262029,14285,662339,California
San Diego,2021-02-25,33195,911028,14712,415078,18483,495950,0,0,10104,395764,23071,285100,18525,680864,California
San Diego,2021-02-26,33483,944511,12402,427480,21081,517031,0,0,12099,393637,21354,306454,19227,700091,California
San Diego,2021-02-27,21241,965752,9681,437161,11560,528591,0,0,11428,399543,9807,316261,15713,715804,California
San Diego,2021-02-28,15282,981034,9985,447146,5297,533888,0,0,9510,406078,5771,322032,12306,728110,California
San Diego,2021-03-01,24253,1005287,14316,461462,9935,543823,2,2,14717,415215,9458,331490,18595,746705,California
San Diego,2021-03-02,26174,1031461,14090,475552,12084,555907,0,2,12743,421245,13420,344910,19450,766155,California
San Diego,2021-03-03,34032,1065493,15954,491506,18075,573982,3,5,14069,422300,19944,364854,20999,787154,California
San Diego,2021-03-04,28313,1093806,14107,505613,14206,588188,0,5,12602,425984,15689,380543,19373,806527,California
San Diego,2021-03-05,29006,1122812,14910,520523,14014,602202,82,87,13499,430824,15483,396026,20323,826850,California
San Diego,2021-03-06,23434,1146246,9589,530112,13144,615346,701,788,10334,433469,13088,409114,15733,842583,California
San Diego,2021-03-07,18240,1164486,9332,539444,8337,623683,571,1359,6917,433313,11315,420429,11159,853742,California
San Diego,2021-03-08,23111,1187597,11233,550677,10969,634652,909,2268,11443,438910,11647,432076,17244,870986,California
San Diego,2021-03-09,25894,1213491,11978,562655,12157,646809,1759,4027,10117,438962,15762,447838,15814,886800,California
San Diego,2021-03-10,25536,1239027,10789,573444,12349,659158,2398,6425,10090,440110,15431,463269,16579,903379,California
San Diego,2021-03-11,28649,1267676,11009,584453,14042,673200,3598,10023,9963,438988,18663,481932,17541,920920,California
San Diego,2021-03-12,27323,1294999,9556,594009,14627,687827,3140,13163,10026,438575,17285,499217,16872,937792,California
San Diego,2021-03-13,26226,1321225,7292,601301,17142,704969,1792,14955,10126,438578,16094,515311,16097,953889,California
San Diego,2021-03-14,13878,1335103,5496,606797,7642,712611,740,15695,4807,437395,9063,524374,7880,961769,California
San Diego,2021-03-15,22034,1357137,10171,616968,11082,723693,781,16476,9014,437293,13007,537381,12905,974674,California
San Diego,2021-03-16,30003,1387140,15791,632759,13801,737494,411,16887,15725,442241,14256,551637,19204,993878,California
San Diego,2021-03-17,26334,1413474,12237,644996,13377,750871,720,17607,16771,452244,9547,561184,19550,1013428,California
San Diego,2021-03-18,31521,1444995,17811,662807,12791,763662,919,18526,17009,457233,14478,575662,19467,1032895,California
San Diego,2021-03-19,30356,1475351,14406,677213,14910,778572,1040,19566,19394,467931,10941,586603,21639,1054534,California
San Diego,2021-03-20,27904,1503255,8458,685671,17642,796214,1804,21370,21432,485815,6460,593063,24344,1078878,California
San Diego,2021-03-21,16580,1519835,12104,697775,3759,799973,717,22087,7703,486702,8863,601926,9750,1088628,California
San Diego,2021-03-22,22549,1542384,13152,710927,9120,809093,277,22364,14328,495863,8210,610136,17371,1105999,California
San Diego,2021-03-23,26000,1568384,13637,724564,12084,821177,279,22643,17113,506426,8871,619007,19434,1125433,California
San Diego,2021-03-24,29585,1597969,19781,744345,9422,830599,382,23025,17090,513480,12483,631490,19537,1144970,California
San Diego,2021-03-25,30400,1628369,18316,762661,11400,841999,684,23709,17987,521884,12397,643887,20801,1165771,California
San Diego,2021-03-26,32170,1660539,17948,780609,13649,855648,573,24282,17499,528146,14646,658533,20908,1186679,California
San Diego,2021-03-27,25519,1686058,11048,791657,14077,869725,394,24676,15691,536674,9812,668345,18340,1205019,California
San Diego,2021-03-28,15086,1701144,9241,800898,5788,875513,57,24733,9257,541644,5823,674168,10793,1215812,California
San Diego,2021-03-29,26744,1727888,12928,813826,13183,888696,633,25366,16448,550888,10286,684454,19530,1235342,California
San Diego,2021-03-30,33248,1761136,17901,831727,14557,903253,790,26156,22014,564296,11220,695674,24628,1259970,California
San Diego,2021-03-31,30487,1791623,18805,850532,10976,914229,706,26862,20636,576908,9835,705509,22447,1282417,California
San Diego,2021-04-01,34359,1825982,20066,870598,12791,927020,1502,28364,23242,591879,11096,716605,26067,1308484,California
San Diego,2021-04-02,35813,1861795,20679,891277,12327,939347,2807,31171,24113,608552,11682,728287,28355,1336839,California
San Diego,2021-04-03,30890,1892685,14471,905748,11802,951149,4617,35788,19729,622949,11150,739437,25547,1362386,California
San Diego,2021-04-04,9061,1901746,5207,910955,2926,954075,928,36716,4814,624633,4242,743679,5926,1368312,California
San Diego,2021-04-05,29767,1931513,15408,926363,11705,965780,2654,39370,19383,638795,10369,754048,24531,1392843,California
San Diego,2021-04-06,38761,1970274,20393,946756,12450,978230,5918,45288,22325,652733,16420,770468,30358,1423201,California
San Diego,2021-04-07,35863,2006137,21993,968749,9292,987522,4578,49866,20316,663316,15525,785993,26108,1449309,California
San Diego,2021-04-08,35265,2041402,21380,990129,9713,997235,4172,54038,21298,677424,13949,799942,28057,1477366,California
San Diego,2021-04-09,38448,2079850,22937,1013066,10294,1007529,5217,59255,20789,689152,17594,817536,29322,1506688,California
San Diego,2021-04-10,29202,2109052,11790,1024856,13403,1020932,4009,63264,15097,697191,14096,831632,22135,1528823,California
San Diego,2021-04-11,16262,2125314,10078,1034934,3870,1024802,2314,65578,7243,700736,9015,840647,12560,1541383,California
San Diego,2021-04-12,30864,2156178,12867,1047801,13664,1038466,4333,69911,17167,712227,13682,854329,25173,1566556,California
San Diego,2021-04-13,37228,2193406,17794,1065595,19398,1057864,36,69947,24777,727449,12429,866758,27651,1594207,California
San Diego,2021-04-14,33096,2226502,18930,1084525,14153,1072017,13,69960,17886,734523,15198,881956,22272,1616479,California
San Diego,2021-04-15,39584,2266086,20387,1104912,19193,1091210,4,69964,24116,746053,15449,897405,26979,1643458,California
San Diego,2021-04-16,33852,2299938,18592,1123504,15257,1106467,3,69967,19616,753894,14175,911580,22016,1665474,California
San Diego,2021-04-17,27905,2327843,13544,1137048,14361,1120828,0,69967,12368,753868,15444,927024,15418,1680892,California
San Diego,2021-04-18,14499,2342342,8913,1145961,5583,1126411,3,69970,6763,755864,7722,934746,9718,1690610,California
San Diego,2021-04-19,26606,2368948,13578,1159539,13027,1139438,1,69971,12515,756068,14073,948819,14277,1704887,California
San Diego,2021-04-20,39052,2408000,17777,1177316,21273,1160711,2,69973,19931,759882,19101,967920,22915,1727802,California
San Diego,2021-04-21,35056,2443056,20941,1198257,14115,1174826,0,69973,16975,761822,18046,985966,19986,1747788,California
San Diego,2021-04-22,44698,2487754,22960,1221217,21734,1196560,4,69977,22436,765061,22227,1008193,25466,1773254,California
San Diego,2021-04-23,42284,2530038,26035,1247252,16247,1212807,2,69979,15775,757523,26479,1034672,18941,1792195,California
San Diego,2021-04-24,34973,2565011,18871,1266123,16087,1228894,15,69994,15625,757011,19312,1053984,18800,1810995,California
San Diego,2021-04-25,12655,2577666,7714,1273837,4941,1233835,0,69994,5921,757575,6726,1060710,7290,1818285,California
San Diego,2021-04-26,31227,2608893,15581,1289418,15515,1249350,131,70125,10717,752222,20496,1081206,15143,1833428,California
San Diego,2021-04-27,43445,2652338,23940,1313358,19040,1268390,465,70590,19157,750621,24255,1105461,22654,1856082,California
San Diego,2021-04-28,38355,2690693,22637,1335995,15044,1283434,674,71264,17379,749961,20943,1126404,20283,1876365,California
San Diego,2021-04-29,38147,2728840,24294,1360289,13199,1296633,654,71918,15435,745081,22675,1149079,17795,1894160,California
San Diego,2021-04-30,38180,2767020,23152,1383441,13973,1310606,1055,72973,14952,739723,23192,1172271,17834,1911994,California
San Diego,2021-05-01,24362,2791382,10736,1394177,12981,1323587,645,73618,9579,737314,14774,1187045,12365,1924359,California
San Diego,2021-05-02,10730,2802112,7540,1401717,2604,1326191,586,74204,3287,734083,7439,1194484,4208,1928567,California
San Diego,2021-05-03,25345,2827457,12482,1414199,11705,1337896,1158,75362,9362,729438,15963,1210447,11318,1939885,California
San Diego,2021-05-04,31993,2859450,17658,1431857,13005,1350901,1330,76692,11554,723015,20413,1230860,13990,1953875,California
San Diego,2021-05-05,27755,2887205,17052,1448909,9414,1360315,1289,77981,10616,718755,17119,1247979,12859,1966734,California
San Diego,2021-05-06,28468,2915673,18841,1467750,8713,1369028,914,78895,10851,715409,17590,1265569,14244,1980978,California
San Diego,2021-05-07,29716,2945389,19537,1487287,9128,1378156,1051,79946,11067,710116,18613,1284182,13320,1994298,California
San Diego,2021-05-08,22660,2968049,10771,1498058,11176,1389332,713,80659,7283,704170,15355,1299537,9409,2003707,California
San Diego,2021-05-09,7558,2975607,5682,1503740,1468,1390800,408,81067,2669,702786,4883,1304420,3499,2007206,California
San Diego,2021-05-10,21675,2997282,8453,1512193,12406,1403206,816,81883,5950,695109,15697,1320117,8020,2015226,California
San Diego,2021-05-11,27712,3024994,11257,1523450,15679,1418885,776,82659,9670,689131,18021,1338138,12043,2027269,California
San Diego,2021-05-12,21978,3046972,11712,1535162,9472,1428357,794,83453,8028,685044,13926,1352064,9839,2037108,California
San Diego,2021-05-13,29691,3076663,17707,1552869,11374,1439731,610,84063,12308,683104,17330,1369394,15390,2052498,California
San Diego,2021-05-14,30746,3107409,19689,1572558,10210,1449941,847,84910,14013,683340,16699,1386093,16935,2069433,California
San Diego,2021-05-15,26261,3133670,16495,1589053,8934,1458875,832,85742,10940,680766,15271,1401364,12697,2082130,California
San Diego,2021-05-16,12987,3146657,9713,1598766,2699,1461574,575,86317,6485,681711,6492,1407856,7437,2089567,California
San Diego,2021-05-17,21472,3168129,13045,1611811,7670,1469244,757,87074,9424,680743,12013,1419869,11045,2100612,California
San Diego,2021-05-18,34284,3202413,19400,1631211,14008,1483252,876,87950,13769,676338,20483,1440352,16078,2116690,California
San Diego,2021-05-19,28531,3230944,17940,1649151,9780,1493032,811,88761,12303,674358,16200,1456552,14220,2130910,California
San Diego,2021-05-20,30653,3261597,16354,1665505,13531,1506563,768,89529,10368,666522,20256,1476808,12420,2143330,California
San Diego,2021-05-21,22890,3284487,14387,1679892,7563,1514126,940,90469,9468,664524,13394,1490202,11396,2154726,California
San Diego,2021-05-22,17419,3301906,9665,1689557,6659,1520785,1095,91564,7443,663982,9958,1500160,9416,2164142,California
San Diego,2021-05-23,4834,3306740,3599,1693156,949,1521734,286,91850,2588,664858,2225,1502385,3101,2167243,California
San Diego,2021-05-24,17688,3324428,9020,1702176,6778,1528512,1890,93740,6550,663018,11122,1513507,9282,2176525,California
San Diego,2021-05-25,24257,3348685,13271,1715447,9157,1537669,1829,95569,8742,659239,15485,1528992,11706,2188231,California
San Diego,2021-05-26,19211,3367896,10676,1726123,6521,1544190,2014,97583,6720,656530,12460,1541452,9751,2197982,California
San Diego,2021-05-27,20621,3388517,12054,1738177,6173,1550363,2394,99977,7036,653637,13567,1555019,10674,2208656,California
San Diego,2021-05-28,21185,3409702,13299,1751476,7165,1557528,721,100698,8448,651375,12722,1567741,10460,2219116,California
San Diego,2021-05-29,12003,3421705,7660,1759136,3850,1561378,493,101191,5264,651004,6725,1574466,6354,2225470,California
San Diego,2021-05-30,4721,3426426,3227,1762363,1109,1562487,385,101576,2081,651117,2636,1577102,2749,2228219,California
San Diego,2021-05-31,2611,3429037,1766,1764129,674,1563161,171,101747,882,650588,1725,1578827,1196,2229415,California
San Diego,2021-06-01,21343,3450380,11426,1775555,8282,1571443,1635,103382,6199,644352,15121,1593948,8885,2238300,California
San Diego,2021-06-02,17020,3467400,8804,1784359,6143,1577586,2073,105455,5806,641879,11191,1605139,8718,2247018,California
San Diego,2021-06-03,18254,3485654,11475,1795834,4993,1582579,1786,107241,5559,637641,12677,1617816,8439,2255457,California
San Diego,2021-06-04,9037,3494691,7067,1802901,1617,1584196,353,107594,2374,635043,6650,1624466,4052,2259509,California
San Francisco,2020-12-15,8,8,8,8,0,0,0,0,8,8,0,0,8,8,California
San Francisco,2020-12-16,230,238,230,238,0,0,0,0,230,238,0,0,230,238,California
San Francisco,2020-12-17,396,634,396,634,0,0,0,0,396,634,0,0,396,634,California
San Francisco,2020-12-18,881,1515,880,1514,1,1,0,0,881,1515,0,0,881,1515,California
San Francisco,2020-12-19,605,2120,605,2119,0,1,0,0,605,2120,0,0,605,2120,California
San Francisco,2020-12-20,483,2603,483,2602,0,1,0,0,483,2603,0,0,483,2603,California
San Francisco,2020-12-21,1161,3764,1161,3763,0,1,0,0,1161,3764,0,0,1161,3764,California
San Francisco,2020-12-22,1400,5164,1366,5129,34,35,0,0,1400,5164,0,0,1400,5164,California
San Francisco,2020-12-23,1354,6518,1057,6186,297,332,0,0,1354,6518,0,0,1354,6518,California
San Francisco,2020-12-24,844,7362,504,6690,340,672,0,0,844,7362,0,0,844,7362,California
San Francisco,2020-12-25,33,7395,28,6718,5,677,0,0,33,7395,0,0,33,7395,California
San Francisco,2020-12-26,248,7643,153,6871,95,772,0,0,248,7643,0,0,248,7643,California
San Francisco,2020-12-27,274,7917,60,6931,214,986,0,0,274,7917,0,0,274,7917,California
San Francisco,2020-12-28,1276,9193,689,7620,587,1573,0,0,1276,9193,0,0,1276,9193,California
San Francisco,2020-12-29,1253,10446,628,8248,625,2198,0,0,1253,10446,0,0,1253,10446,California
San Francisco,2020-12-30,1490,11936,780,9028,710,2908,0,0,1490,11936,0,0,1490,11936,California
San Francisco,2020-12-31,969,12905,411,9439,558,3466,0,0,968,12904,0,0,968,12904,California
San Francisco,2021-01-01,98,13003,73,9512,25,3491,0,0,98,13002,0,0,98,13002,California
San Francisco,2021-01-02,340,13343,306,9818,34,3525,0,0,340,13342,0,0,340,13342,California
San Francisco,2021-01-03,299,13642,106,9924,193,3718,0,0,298,13639,1,1,298,13640,California
San Francisco,2021-01-04,1844,15486,1360,11284,484,4202,0,0,1841,15477,3,4,1841,15481,California
San Francisco,2021-01-05,2230,17716,1418,12702,812,5014,0,0,2195,17639,35,39,2197,17678,California
San Francisco,2021-01-06,1866,19582,1157,13859,709,5723,0,0,1604,18984,260,299,1605,19283,California
San Francisco,2021-01-07,2072,21654,1207,15066,865,6588,0,0,1611,20137,458,757,1611,20894,California
San Francisco,2021-01-08,2339,23993,1646,16712,693,7281,0,0,1494,20795,840,1597,1498,22392,California
San Francisco,2021-01-09,1393,25386,895,17607,498,7779,0,0,886,21177,507,2104,889,23281,California
San Francisco,2021-01-10,921,26307,541,18148,380,8159,0,0,462,21181,458,2562,462,23743,California
San Francisco,2021-01-11,2512,28819,1875,20023,637,8796,0,0,1406,21482,1107,3669,1408,25151,California
San Francisco,2021-01-12,3093,31912,2057,22080,1036,9832,0,0,1897,22186,1196,4865,1900,27051,California
San Francisco,2021-01-13,2834,34746,1608,23688,1226,11058,0,0,1997,23346,837,5702,1997,29048,California
San Francisco,2021-01-14,2444,37190,1102,24790,1342,12400,0,0,1885,24672,559,6261,1885,30933,California
San Francisco,2021-01-15,2753,39943,1148,25938,1605,14005,0,0,2362,26649,389,6650,2366,33299,California
San Francisco,2021-01-16,2263,42206,971,26909,1292,15297,0,0,2094,28575,169,6819,2095,35394,California
San Francisco,2021-01-17,1941,44147,535,27444,1406,16703,0,0,1724,30082,217,7036,1724,37118,California
San Francisco,2021-01-18,1381,45528,596,28040,785,17488,0,0,1115,30933,265,7301,1116,38234,California
San Francisco,2021-01-19,2589,48117,1478,29518,1111,18599,0,0,1834,32013,755,8056,1835,40069,California
San Francisco,2021-01-20,2764,50881,1130,30648,1634,20233,0,0,2006,33267,755,8811,2009,42078,California
San Francisco,2021-01-21,3329,54210,945,31593,2384,22617,0,0,2494,34927,834,9645,2494,44572,California
San Francisco,2021-01-22,3199,57409,647,32240,2552,25169,0,0,2756,37242,441,10086,2756,47328,California
San Francisco,2021-01-23,3093,60502,611,32851,2482,27651,0,0,2722,39595,370,10456,2723,50051,California
San Francisco,2021-01-24,2435,62937,366,33217,2069,29720,0,0,2202,41567,230,10686,2202,52253,California
San Francisco,2021-01-25,4648,67585,1833,35050,2815,32535,0,0,3058,43038,1588,12274,3059,55312,California
San Francisco,2021-01-26,4735,72320,2182,37232,2553,35088,0,0,3094,44497,1638,13912,3097,58409,California
San Francisco,2021-01-27,4389,76709,2006,39238,2383,37471,0,0,3089,46288,1298,15210,3089,61498,California
San Francisco,2021-01-28,3771,80480,1555,40793,2216,39687,0,0,2609,47741,1157,16367,2610,64108,California
San Francisco,2021-01-29,4745,85225,1688,42481,3057,42744,0,0,3465,49933,1274,17641,3466,67574,California
San Francisco,2021-01-30,3795,89020,1849,44330,1946,44690,0,0,3335,52813,459,18100,3339,70913,California
San Francisco,2021-01-31,2362,91382,827,45157,1535,46225,0,0,2210,54873,151,18251,2211,73124,California
San Francisco,2021-02-01,3984,95366,1705,46862,2279,48504,0,0,2911,56714,1073,19324,2914,76038,California
San Francisco,2021-02-02,4518,99884,1806,48668,2712,51216,0,0,2922,58046,1591,20915,2923,78961,California
San Francisco,2021-02-03,5072,104956,2378,51046,2694,53910,0,0,3757,60495,1313,22228,3762,82723,California
San Francisco,2021-02-04,5033,109989,2428,53474,2605,56515,0,0,3863,63191,1168,23396,3864,86587,California
San Francisco,2021-02-05,5993,115982,3239,56713,2754,59269,0,0,4643,66488,1348,24744,4645,91232,California
San Francisco,2021-02-06,5525,121507,3703,60416,1822,61091,0,0,4620,70209,902,25646,4623,95855,California
San Francisco,2021-02-07,4392,125899,3243,63659,1149,62240,0,0,3813,73449,576,26222,3816,99671,California
San Francisco,2021-02-08,6811,132710,4701,68360,2110,64350,0,0,5581,77818,1214,27436,5583,105254,California
San Francisco,2021-02-09,5982,138692,4034,72394,1948,66298,0,0,4426,80683,1563,28999,4428,109682,California
San Francisco,2021-02-10,6925,145617,4220,76614,2705,69003,0,0,5119,84004,1801,30800,5122,114804,California
San Francisco,2021-02-11,6762,152379,4022,80636,2740,71743,0,0,4936,87120,1821,32621,4937,119741,California
San Francisco,2021-02-12,5356,157735,2696,83332,2660,74403,0,0,3508,88779,1849,34470,3508,123249,California
San Francisco,2021-02-13,4399,162134,2578,85910,1821,76224,0,0,3062,90506,1337,35807,3064,126313,California
San Francisco,2021-02-14,3441,165575,2262,88172,1179,77403,0,0,2309,91686,1131,36938,2311,128624,California
San Francisco,2021-02-15,2776,168351,1507,89679,1269,78672,0,0,1673,92258,1101,38039,1673,130297,California
San Francisco,2021-02-16,5090,173441,2797,92476,2293,80965,0,0,2987,93155,2096,40135,2993,133290,California
San Francisco,2021-02-17,5343,178784,2612,95088,2731,83696,0,0,2955,93733,2378,42513,2956,136246,California
San Francisco,2021-02-18,5387,184171,2628,97716,2759,86455,0,0,2801,93952,2585,45098,2804,139050,California
San Francisco,2021-02-19,5675,189846,2657,100373,3018,89473,0,0,2940,94163,2730,47828,2941,141991,California
San Francisco,2021-02-20,4554,194400,2191,102564,2363,91836,0,0,1708,93035,2837,50665,1709,143700,California
San Francisco,2021-02-21,2898,197298,1526,104090,1372,93208,0,0,1286,92719,1603,52268,1287,144987,California
San Francisco,2021-02-22,5192,202490,3238,107328,1954,95162,0,0,2615,92768,2569,54837,2618,147605,California
San Francisco,2021-02-23,5611,208101,3199,110527,2412,97574,0,0,2868,92900,2736,57573,2868,150473,California
San Francisco,2021-02-24,9133,217234,5169,115696,3964,101538,0,0,4879,93537,4243,61816,4880,155353,California
San Francisco,2021-02-25,10043,227277,7021,122717,3022,104560,0,0,6453,96405,3587,65403,6455,161808,California
San Francisco,2021-02-26,12382,239659,8047,130764,4335,108895,0,0,7313,98651,5068,70471,7314,169122,California
San Francisco,2021-02-27,9413,249072,6062,136826,3350,112245,1,1,4683,98619,4717,75188,4685,173807,California
San Francisco,2021-02-28,7939,257011,5686,142512,2253,114498,0,1,3868,98419,4069,79257,3869,177676,California
San Francisco,2021-03-01,11236,268247,7593,150105,3639,118137,4,5,5446,98108,5763,85020,5452,183128,California
San Francisco,2021-03-02,10014,278261,6760,156865,3254,121391,0,5,5650,99406,4353,89373,5651,188779,California
San Francisco,2021-03-03,11323,289584,6592,163457,4730,126121,1,6,6160,100421,5149,94522,6164,194943,California
San Francisco,2021-03-04,8821,298405,5551,169008,3270,129391,0,6,4968,101546,3843,98365,4968,199911,California
San Francisco,2021-03-05,9241,307646,5678,174686,3559,132950,4,10,5777,103878,3450,101815,5782,205693,California
San Francisco,2021-03-06,7150,314796,4687,179373,2254,135204,209,219,4461,105843,2702,104517,4667,210360,California
San Francisco,2021-03-07,5409,320205,4232,183605,1118,136322,59,278,3107,106694,2315,106832,3166,213526,California
San Francisco,2021-03-08,7549,327754,5483,189088,1879,138201,187,465,5970,111240,1610,108442,6156,219682,California
San Francisco,2021-03-09,8352,336106,5536,194624,2440,140641,376,841,6100,115455,2256,110698,6471,226153,California
San Francisco,2021-03-10,11252,347358,6620,201244,4133,144774,499,1340,7058,118840,4172,114870,7557,233710,California
San Francisco,2021-03-11,10124,357482,6386,207630,2771,147545,967,2307,6646,122984,3461,118331,7605,241315,California
San Francisco,2021-03-12,10893,368375,6367,213997,3181,150726,1345,3652,6070,125594,4801,123132,7411,248726,California
San Francisco,2021-03-13,6714,375089,3944,217941,1708,152434,1062,4714,4179,128306,2526,125658,5238,253964,California
San Francisco,2021-03-14,7585,382674,4934,222875,2406,154840,245,4959,3983,128947,3585,129243,4226,258190,California
San Francisco,2021-03-15,12126,394800,9281,232156,1900,156740,945,5904,8402,134573,3708,132951,9334,267524,California
San Francisco,2021-03-16,12241,407041,8351,240507,3430,160170,460,6364,8817,140448,3401,136352,9276,276800,California
San Francisco,2021-03-17,13376,420417,8293,248800,4516,164686,567,6931,9620,146904,3727,140079,10183,286983,California
San Francisco,2021-03-18,10114,430531,6871,255671,2621,167307,622,7553,5723,148875,4367,144446,6338,293321,California
San Francisco,2021-03-19,12417,442948,9073,264744,2875,170182,469,8022,6452,149849,5939,150385,6913,300234,California
San Francisco,2021-03-20,8915,451863,6560,271304,1887,172069,468,8490,5179,151793,3705,154090,5649,305883,California
San Francisco,2021-03-21,6620,458483,6064,277368,418,172487,138,8628,3731,152789,2871,156961,3867,309750,California
San Francisco,2021-03-22,9877,468360,6859,284227,2177,174664,841,9469,5084,153939,4768,161729,5918,315668,California
San Francisco,2021-03-23,11290,479650,7487,291714,3151,177815,652,10121,6290,155907,4970,166699,6938,322606,California
San Francisco,2021-03-24,12407,492057,9511,301225,2361,180176,535,10656,6196,156462,6168,172867,6723,329329,California
San Francisco,2021-03-25,11981,504038,8757,309982,2660,182836,564,11220,5850,156813,6059,178926,6410,335739,California
San Francisco,2021-03-26,12047,516085,8360,318342,3454,186290,233,11453,5857,156745,6156,185082,6088,341827,California
San Francisco,2021-03-27,8809,524894,5911,324253,2549,188839,349,11802,3763,155832,5025,190107,4112,345939,California
San Francisco,2021-03-28,6694,531588,5347,329600,1305,190144,42,11844,3000,155203,3668,193775,3039,348978,California
San Francisco,2021-03-29,11622,543210,8008,337608,3430,193574,184,12028,4812,153417,6780,200555,4994,353972,California
San Francisco,2021-03-30,11678,554888,7325,344933,4063,197637,290,12318,5516,153086,6137,206692,5806,359778,California
San Francisco,2021-03-31,12309,567197,8196,353129,3814,201451,299,12617,4959,151023,7315,214007,5252,365030,California
San Francisco,2021-04-01,14007,581204,7439,360568,4869,206320,1699,14316,6016,150770,7952,221959,7699,372729,California
San Francisco,2021-04-02,14878,596082,6574,367142,6417,212737,1887,16203,6959,151708,7895,229854,8833,381562,California
San Francisco,2021-04-03,10608,606690,4924,372066,3857,216594,1827,18030,4862,152665,5727,235581,6684,388246,California
San Francisco,2021-04-04,9049,615739,4799,376865,2593,219187,1657,19687,3576,152436,5458,241039,5229,393475,California
San Francisco,2021-04-05,16074,631813,9846,386711,4339,223526,1889,21576,6261,150795,9783,250822,8142,401617,California
San Francisco,2021-04-06,16095,647908,9530,396241,4500,228026,2065,23641,6248,149280,9819,260641,8304,409921,California
San Francisco,2021-04-07,16870,664778,10036,406277,4599,232625,2235,25876,6992,148637,9852,270493,9209,419130,California
San Francisco,2021-04-08,14217,678995,6750,413027,3035,235660,4432,30308,4623,148105,9559,280052,9027,428157,California
San Francisco,2021-04-09,15861,694856,7660,420687,4835,240495,3366,33674,6599,148822,9229,289281,9946,438103,California
San Francisco,2021-04-10,13335,708191,5699,426386,5877,246372,1759,35433,7106,151472,6203,295484,8853,446956,California
San Francisco,2021-04-11,10047,718238,7528,433914,1345,247717,1174,36607,5202,153011,4832,300316,6371,453327,California
San Francisco,2021-04-12,10614,728852,6890,440804,2571,250288,1153,37760,4856,153280,5736,306052,6005,459332,California
San Francisco,2021-04-13,10821,739673,7334,448138,3475,253763,12,37772,5461,153423,5334,311386,5477,464809,California
San Francisco,2021-04-14,13298,752971,8022,456160,5275,259038,1,37773,6384,152934,6875,318261,6386,471195,California
San Francisco,2021-04-15,13756,766727,9534,465694,4221,263259,1,37774,8084,155381,5641,323902,8088,479283,California
San Francisco,2021-04-16,12942,779669,8701,474395,4197,267456,44,37818,7633,157782,5280,329182,7681,486964,California
San Francisco,2021-04-17,10067,789736,7306,481701,2760,270216,1,37819,7097,161931,2953,332135,7102,494066,California
San Francisco,2021-04-18,6607,796343,5048,486749,1557,271773,2,37821,4086,163518,2503,334638,4090,498156,California
San Francisco,2021-04-19,10883,807226,8179,494928,2699,274472,5,37826,6995,166657,3871,338509,7010,505166,California
San Francisco,2021-04-20,12337,819563,7218,502146,5117,279589,2,37828,8509,171368,3801,342310,8512,513678,California
San Francisco,2021-04-21,10584,830147,7565,509711,3014,282603,5,37833,6450,173719,4108,346418,6459,520137,California
San Francisco,2021-04-22,10460,840607,7739,517450,2720,285323,1,37834,6044,175381,4390,350808,6052,526189,California
San Francisco,2021-04-23,10351,850958,5930,523380,4421,289744,0,37834,6150,177367,4171,354979,6157,532346,California
San Francisco,2021-04-24,7958,858916,5476,528856,2482,292226,0,37834,4701,178841,3235,358214,4709,537055,California
San Francisco,2021-04-25,5040,863956,4339,533195,695,292921,6,37840,2948,179718,2080,360294,2957,540012,California
San Francisco,2021-04-26,7953,871909,5639,538834,2302,295223,12,37852,3915,179644,4013,364307,3939,543951,California
San Francisco,2021-04-27,8533,880442,5753,544587,2634,297857,146,37998,4235,179762,4273,368580,4391,548342,California
San Francisco,2021-04-28,9255,889697,6526,551113,2538,300395,191,38189,4754,180241,4470,373050,4949,553291,California
San Francisco,2021-04-29,9120,898817,5394,556507,3533,303928,193,38382,4382,180115,4713,377763,4587,557878,California
San Francisco,2021-04-30,10879,909696,5190,561697,5488,309416,201,38583,3978,177439,6860,384623,4184,562062,California
San Francisco,2021-05-01,6945,916641,3592,565289,3238,312654,115,38698,1705,174051,5209,389832,1821,563883,California
San Francisco,2021-05-02,5315,921956,3083,568372,2134,314788,98,38796,964,170774,4343,394175,1066,564949,California
San Francisco,2021-05-03,9668,931624,6584,574956,2922,317710,162,38958,2455,166213,7185,401360,2624,567573,California
San Francisco,2021-05-04,9353,940977,5991,580947,3112,320822,250,39208,2280,161707,7041,408401,2535,570108,California
San Francisco,2021-05-05,8768,949745,6126,587073,2333,323155,309,39517,2143,157581,6581,414982,2455,572563,California
San Francisco,2021-05-06,10726,960471,8571,595644,1683,324838,472,39989,1850,151062,8842,423824,2323,574886,California
San Francisco,2021-05-07,10106,970577,6470,602114,3367,328205,269,40258,1642,144534,8439,432263,1911,576797,California
San Francisco,2021-05-08,8363,978940,3553,605667,4680,332885,130,40388,973,138279,7359,439622,1104,577901,California
San Francisco,2021-05-09,6684,985624,5825,611492,777,333662,82,40470,1215,134124,5446,445068,1291,579192,California
San Francisco,2021-05-10,6977,992601,4939,616431,1787,335449,251,40721,1044,129512,5905,450973,1293,580485,California
San Francisco,2021-05-11,7141,999742,5116,621547,1821,337270,204,40925,1371,125351,5737,456710,1576,582061,California
San Francisco,2021-05-12,7418,1007160,5330,626877,1655,338925,433,41358,1500,121388,5888,462598,1925,583986,California
San Francisco,2021-05-13,10377,1017537,7560,634437,2603,341528,214,41572,3826,118910,6524,469122,4046,588032,California
San Francisco,2021-05-14,9284,1026821,6578,641015,2535,344063,171,41743,3002,115840,6252,475374,3182,591214,California
San Francisco,2021-05-15,7898,1034719,6252,647267,1590,345653,56,41799,3112,114250,4770,480144,3180,594394,California
San Francisco,2021-05-16,4954,1039673,4174,651441,722,346375,58,41857,1836,113046,3099,483243,1895,596289,California
San Francisco,2021-05-17,7228,1046901,5381,656822,1681,348056,166,42023,2539,111085,4669,487912,2708,598997,California
San Francisco,2021-05-18,8658,1055559,4969,661791,3514,351570,175,42198,2017,106682,6596,494508,2193,601190,California
San Francisco,2021-05-19,7442,1063001,5529,667320,1681,353251,232,42430,2460,104419,4954,499462,2691,603881,California
San Francisco,2021-05-20,5381,1068382,3665,670985,1517,354768,199,42629,1565,102398,3783,503245,1762,605643,California
San Francisco,2021-05-21,6641,1075023,3749,674734,2750,357518,142,42771,1710,99359,4887,508132,1848,607491,California
San Francisco,2021-05-22,4332,1079355,3368,678102,919,358437,45,42816,2078,99246,2237,510369,2124,609615,California
San Francisco,2021-05-23,1522,1080877,1236,679338,256,358693,30,42846,769,99298,749,511118,801,610416,California
San Francisco,2021-05-24,4032,1084909,2852,682190,1017,359710,163,43009,1229,97913,2778,513896,1393,611809,California
San Francisco,2021-05-25,3669,1088578,2394,684584,1057,360767,218,43227,1116,96707,2536,516432,1330,613139,California
San Francisco,2021-05-26,3911,1092489,2533,687117,1232,361999,146,43373,1216,95398,2671,519103,1362,614501,California
San Francisco,2021-05-27,3689,1096178,2133,689250,1380,363379,176,43549,1387,94669,2292,521395,1563,616064,California
San Francisco,2021-05-28,3759,1099937,2150,691400,1449,364828,160,43709,1405,93904,2329,523724,1564,617628,California
San Francisco,2021-05-29,2021,1101958,1466,692866,455,365283,100,43809,881,93759,1120,524844,975,618603,California
San Francisco,2021-05-30,962,1102920,692,693558,233,365516,37,43846,403,93644,555,525399,440,619043,California
San Francisco,2021-05-31,253,1103173,206,693764,40,365556,7,43853,87,93573,165,525564,94,619137,California
San Francisco,2021-06-01,3554,1106727,2147,695911,1220,366776,187,44040,1304,92827,2234,527798,1488,620625,California
San Francisco,2021-06-02,2418,1109145,1744,697655,551,367327,123,44163,1032,92602,1375,529173,1150,621775,California
San Francisco,2021-06-03,3905,1113050,2687,700342,1018,368345,200,44363,1247,91402,2643,531816,1443,623218,California
San Francisco,2021-06-04,4009,1117059,3403,703745,505,368850,101,44464,889,89294,3095,534911,987,624205,California
San Joaquin,2020-12-15,12,12,12,12,0,0,0,0,12,12,0,0,12,12,California
San Joaquin,2020-12-16,309,321,309,321,0,0,0,0,309,321,0,0,309,321,California
San Joaquin,2020-12-17,313,634,313,634,0,0,0,0,313,634,0,0,313,634,California
San Joaquin,2020-12-18,523,1157,519,1153,4,4,0,0,523,1157,0,0,523,1157,California
San Joaquin,2020-12-19,190,1347,190,1343,0,4,0,0,190,1347,0,0,190,1347,California
San Joaquin,2020-12-20,115,1462,114,1457,1,5,0,0,115,1462,0,0,115,1462,California
San Joaquin,2020-12-21,493,1955,492,1949,1,6,0,0,493,1955,0,0,493,1955,California
San Joaquin,2020-12-22,972,2927,853,2802,119,125,0,0,971,2926,0,0,971,2926,California
San Joaquin,2020-12-23,981,3908,922,3724,59,184,0,0,979,3905,2,2,981,3907,California
San Joaquin,2020-12-24,217,4125,188,3912,29,213,0,0,216,4121,1,3,217,4124,California
San Joaquin,2020-12-25,15,4140,15,3927,0,213,0,0,15,4136,0,3,15,4139,California
San Joaquin,2020-12-26,103,4243,31,3958,72,285,0,0,103,4239,0,3,103,4242,California
San Joaquin,2020-12-27,44,4287,31,3989,13,298,0,0,44,4283,0,3,44,4286,California
San Joaquin,2020-12-28,626,4913,423,4412,203,501,0,0,626,4909,0,3,626,4912,California
San Joaquin,2020-12-29,790,5703,664,5076,126,627,0,0,790,5699,0,3,790,5702,California
San Joaquin,2020-12-30,1010,6713,718,5794,292,919,0,0,1008,6707,2,5,1010,6712,California
San Joaquin,2020-12-31,455,7168,203,5997,252,1171,0,0,455,7162,1,6,456,7168,California
San Joaquin,2021-01-01,23,7191,13,6010,10,1181,0,0,23,7185,0,6,23,7191,California
San Joaquin,2021-01-02,266,7457,243,6253,23,1204,0,0,266,7451,0,6,266,7457,California
San Joaquin,2021-01-03,38,7495,20,6273,18,1222,0,0,37,7487,1,7,37,7494,California
San Joaquin,2021-01-04,478,7973,339,6612,139,1361,0,0,476,7962,1,8,476,7970,California
San Joaquin,2021-01-05,980,8953,646,7258,334,1695,0,0,810,8639,170,178,847,8817,California
San Joaquin,2021-01-06,1225,10178,710,7968,515,2210,0,0,920,9263,300,478,924,9741,California
San Joaquin,2021-01-07,1084,11262,685,8653,399,2609,0,0,793,9769,288,766,794,10535,California
San Joaquin,2021-01-08,1203,12465,823,9476,380,2989,0,0,716,10005,486,1252,722,11257,California
San Joaquin,2021-01-09,379,12844,300,9776,79,3068,0,0,249,10125,130,1382,250,11507,California
San Joaquin,2021-01-10,224,13068,116,9892,108,3176,0,0,171,10244,52,1434,171,11678,California
San Joaquin,2021-01-11,1533,14601,1325,11217,208,3384,0,0,866,10512,666,2100,934,12612,California
San Joaquin,2021-01-12,1475,16076,1060,12277,415,3799,0,0,698,10508,773,2873,769,13381,California
San Joaquin,2021-01-13,1534,17610,900,13177,634,4433,0,0,957,10897,574,3447,963,14344,California
San Joaquin,2021-01-14,1752,19362,973,14150,779,5212,0,0,1408,11999,323,3770,1425,15769,California
San Joaquin,2021-01-15,1532,20894,546,14696,986,6198,0,0,1302,13103,215,3985,1319,17088,California
San Joaquin,2021-01-16,1130,22024,180,14876,950,7148,0,0,1099,14172,30,4015,1099,18187,California
San Joaquin,2021-01-17,1621,23645,135,15011,1486,8634,0,0,1580,15713,41,4056,1582,19769,California
San Joaquin,2021-01-18,740,24385,238,15249,502,9136,0,0,619,16215,117,4173,619,20388,California
San Joaquin,2021-01-19,1875,26260,900,16149,975,10111,0,0,1193,16739,677,4850,1201,21589,California
San Joaquin,2021-01-20,2089,28349,1285,17434,804,10915,0,0,1441,17545,641,5491,1447,23036,California
San Joaquin,2021-01-21,1976,30325,898,18332,1078,11993,0,0,1577,18738,392,5883,1585,24621,California
San Joaquin,2021-01-22,1952,32277,894,19226,1058,13051,0,0,1810,20413,137,6020,1812,26433,California
San Joaquin,2021-01-23,896,33173,396,19622,500,13551,0,0,611,20742,284,6304,613,27046,California
San Joaquin,2021-01-24,352,33525,135,19757,217,13768,0,0,329,21051,20,6324,329,27375,California
San Joaquin,2021-01-25,2000,35525,1146,20903,854,14622,0,0,1433,21922,564,6888,1435,28810,California
San Joaquin,2021-01-26,2158,37683,1115,22018,1043,15665,0,0,1545,22867,606,7494,1551,30361,California
San Joaquin,2021-01-27,1738,39421,770,22788,968,16633,0,0,1239,23620,494,7988,1247,31608,California
San Joaquin,2021-01-28,2041,41462,768,23556,1273,17906,0,0,1386,24363,651,8639,1394,33002,California
San Joaquin,2021-01-29,2160,43622,1048,24604,1112,19018,0,0,1809,25836,345,8984,1818,34820,California
San Joaquin,2021-01-30,2173,45795,354,24958,1819,20837,0,0,1995,27656,177,9161,1997,36817,California
San Joaquin,2021-01-31,1558,47353,180,25138,1378,22215,0,0,1493,29086,64,9225,1494,38311,California
San Joaquin,2021-02-01,2528,49881,1341,26479,1187,23402,0,0,1769,30099,759,9984,1772,40083,California
San Joaquin,2021-02-02,2586,52467,1154,27633,1432,24834,0,0,1976,31529,550,10534,1980,42063,California
San Joaquin,2021-02-03,3077,55544,1213,28846,1864,26698,0,0,2208,32881,862,11396,2214,44277,California
San Joaquin,2021-02-04,3544,59088,1816,30662,1728,28426,0,0,2647,34642,892,12288,2653,46930,California
San Joaquin,2021-02-05,3168,62256,1807,32469,1361,29787,0,0,2342,36181,816,13104,2355,49285,California
San Joaquin,2021-02-06,1086,63342,747,33216,339,30126,0,0,943,36985,140,13244,944,50229,California
San Joaquin,2021-02-07,620,63962,491,33707,129,30255,0,0,416,37203,199,13443,417,50646,California
San Joaquin,2021-02-08,1787,65749,1037,34744,750,31005,0,0,1445,38335,319,13762,1451,52097,California
San Joaquin,2021-02-09,2128,67877,1156,35900,972,31977,0,0,1583,39446,475,14237,1586,53683,California
San Joaquin,2021-02-10,2563,70440,1248,37148,1315,33292,0,0,1342,39590,1199,15436,1343,55026,California
San Joaquin,2021-02-11,2917,73357,1484,38632,1433,34725,0,0,1702,40116,1183,16619,1709,56735,California
San Joaquin,2021-02-12,2816,76173,1127,39759,1689,36414,0,0,1597,40520,1198,17817,1602,58337,California
San Joaquin,2021-02-13,2116,78289,396,40155,1720,38134,0,0,853,40130,1249,19066,859,59196,California
San Joaquin,2021-02-14,1903,80192,260,40415,1643,39777,0,0,691,39639,1183,20249,692,59888,California
San Joaquin,2021-02-15,1988,82180,834,41249,1154,40931,0,0,1194,40073,764,21013,1198,61086,California
San Joaquin,2021-02-16,3161,85341,1375,42624,1786,42717,0,0,1749,40436,1397,22410,1760,62846,California
San Joaquin,2021-02-17,3275,88616,1265,43889,2010,44727,0,0,1865,40908,1397,23807,1869,64715,California
San Joaquin,2021-02-18,3349,91965,1381,45270,1968,46695,0,0,1910,41419,1404,25211,1915,66630,California
San Joaquin,2021-02-19,4272,96237,2414,47684,1858,48553,0,0,2391,41984,1826,27037,2391,69021,California
San Joaquin,2021-02-20,1557,97794,662,48346,895,49448,0,0,1060,42548,496,27533,1060,70081,California
San Joaquin,2021-02-21,673,98467,509,48855,164,49612,0,0,422,42724,248,27781,424,70505,California
San Joaquin,2021-02-22,3548,102015,2503,51358,1045,50657,0,0,2534,44278,984,28765,2538,73043,California
San Joaquin,2021-02-23,4311,106326,2622,53980,1689,52346,0,0,2651,45303,1632,30397,2657,75700,California
San Joaquin,2021-02-24,5766,112092,3423,57403,2343,54689,0,0,4141,47848,1599,31996,4144,79844,California
San Joaquin,2021-02-25,6355,118447,3928,61331,2427,57116,0,0,4102,49747,2214,34210,4113,83957,California
San Joaquin,2021-02-26,5513,123960,2861,64192,2652,59768,0,0,3783,51840,1696,35906,3789,87746,California
San Joaquin,2021-02-27,5480,129440,1632,65824,3848,63616,0,0,2645,51717,2780,38686,2657,90403,California
San Joaquin,2021-02-28,3104,132544,1120,66944,1984,65600,0,0,2053,52746,1026,39712,2055,92458,California
San Joaquin,2021-03-01,4116,136660,1812,68756,2302,67902,2,2,2331,53319,1767,41479,2340,94798,California
San Joaquin,2021-03-02,4210,140870,1682,70438,2528,70430,0,2,2643,54473,1544,43023,2698,97496,California
San Joaquin,2021-03-03,5798,146668,3443,73881,2353,72783,2,4,4180,57060,1594,44617,4181,101677,California
San Joaquin,2021-03-04,5722,152390,2271,76152,3448,76231,3,7,3741,58839,1966,46583,3745,105422,California
San Joaquin,2021-03-05,4464,156854,1900,78052,2559,78790,5,12,3082,60564,1366,47949,3091,108513,California
San Joaquin,2021-03-06,3298,160152,2172,80224,996,79786,130,142,2717,62837,577,48526,2850,111363,California
San Joaquin,2021-03-07,1221,161373,563,80787,610,80396,48,190,936,63539,267,48793,969,112332,California
San Joaquin,2021-03-08,3153,164526,1263,82050,1765,82161,125,315,2140,64802,1001,49794,2264,114596,California
San Joaquin,2021-03-09,4033,168559,1829,83879,2073,84234,131,446,2674,66268,1344,51138,2810,117406,California
San Joaquin,2021-03-10,4643,173202,2467,86346,2036,86270,140,586,3416,68612,1212,52350,3556,120962,California
San Joaquin,2021-03-11,4955,178157,2358,88704,1997,88267,600,1186,2940,70153,2003,54353,3544,124506,California
San Joaquin,2021-03-12,6295,184452,3143,91847,2815,91082,337,1523,4162,72552,2107,56460,4506,129012,California
San Joaquin,2021-03-13,3068,187520,1458,93305,1485,92567,125,1648,2286,74196,774,57234,2418,131430,California
San Joaquin,2021-03-14,2166,189686,674,93979,1189,93756,303,1951,1027,74398,1132,58366,1334,132764,California
San Joaquin,2021-03-15,6079,195765,3500,97479,2175,95931,404,2355,3176,75121,2870,61236,3593,136357,California
San Joaquin,2021-03-16,6858,202623,3903,101382,2698,98629,257,2612,4041,76630,2794,64030,4303,140660,California
San Joaquin,2021-03-17,7810,210433,4679,106061,3061,101690,70,2682,4340,77618,3431,67461,4419,145079,California
San Joaquin,2021-03-18,7640,218073,4495,110556,2640,104330,505,3187,3762,78059,3834,71295,4275,149354,California
San Joaquin,2021-03-19,7946,226019,4658,115214,2744,107074,544,3731,4808,80344,3114,74409,5399,154753,California
San Joaquin,2021-03-20,3687,229706,2127,117341,1317,108391,243,3974,1831,80591,1839,76248,2086,156839,California
San Joaquin,2021-03-21,2120,231826,1505,118846,408,108799,207,4181,1184,81102,924,77172,1435,158274,California
San Joaquin,2021-03-22,3981,235807,2042,120888,1523,110322,416,4597,2353,82266,1611,78783,2775,161049,California
San Joaquin,2021-03-23,5388,241195,2645,123533,2575,112897,168,4765,3714,84502,1653,80436,3889,164938,California
San Joaquin,2021-03-24,6846,248041,4249,127782,2511,115408,86,4851,3021,83830,3787,84223,3115,168053,California
San Joaquin,2021-03-25,5569,253610,3308,131090,2217,117625,44,4895,3299,84932,2248,86471,3350,171403,California
San Joaquin,2021-03-26,6185,259795,2562,133652,3472,121097,151,5046,3233,85408,2926,89397,3402,174805,California
San Joaquin,2021-03-27,4671,264466,2624,136276,1974,123071,73,5119,1807,84458,2841,92238,1891,176696,California
San Joaquin,2021-03-28,2730,267196,1808,138084,897,123968,25,5144,1292,84438,1418,93656,1398,178094,California
San Joaquin,2021-03-29,4045,271241,2185,140269,1838,125806,22,5166,2023,84492,2006,95662,2060,180154,California
San Joaquin,2021-03-30,6233,277474,3175,143444,2965,128771,93,5259,3436,85272,2768,98430,3548,183702,California
San Joaquin,2021-03-31,6599,284073,4152,147596,2387,131158,60,5319,3342,85459,3239,101669,3426,187128,California
San Joaquin,2021-04-01,6427,290500,2986,150582,3354,134512,87,5406,2840,84880,3564,105233,2985,190113,California
San Joaquin,2021-04-02,6345,296845,2882,153464,2970,137482,493,5899,2532,84148,3788,109021,3056,193169,California
San Joaquin,2021-04-03,4145,300990,2337,155801,1483,138965,325,6224,2001,84358,2128,111149,2338,195507,California
San Joaquin,2021-04-04,2288,303278,1366,157167,718,139683,204,6428,1551,85402,728,111877,1772,197279,California
San Joaquin,2021-04-05,4779,308057,2833,160000,1711,141394,235,6663,2637,86153,2131,114008,2882,200161,California
San Joaquin,2021-04-06,7060,315117,4541,164541,2251,143645,268,6931,3339,86084,3692,117700,3623,203784,California
San Joaquin,2021-04-07,8331,323448,4529,169070,2216,145861,1586,8517,3501,86370,4814,122514,5100,208884,California
San Joaquin,2021-04-08,8758,332206,4703,173773,1938,147799,2117,10634,3312,86380,5419,127933,5429,214313,California
San Joaquin,2021-04-09,8882,341088,4280,178053,3039,150838,1563,12197,3218,85538,5641,133574,4799,219112,California
San Joaquin,2021-04-10,5221,346309,1629,179682,1683,152521,1909,14106,1761,85758,3448,137022,3668,222780,California
San Joaquin,2021-04-11,4084,350393,1555,181237,1363,153884,1166,15272,1771,86387,2303,139325,2932,225712,California
San Joaquin,2021-04-12,5988,356381,2387,183624,2061,155945,1540,16812,2338,86643,3629,142954,3885,229597,California
San Joaquin,2021-04-13,7472,363853,4298,187922,3167,159112,7,16819,4580,88369,2869,145823,4595,234192,California
San Joaquin,2021-04-14,7475,371328,3735,191657,3739,162851,1,16820,4471,89867,2986,148809,4484,238676,California
San Joaquin,2021-04-15,7822,379150,4616,196273,3206,166057,0,16820,4372,90830,3417,152226,4380,243056,California
San Joaquin,2021-04-16,7641,386791,4080,200353,3558,169615,3,16823,4575,92380,3039,155265,4589,247645,California
San Joaquin,2021-04-17,5163,391954,2788,203141,2373,171988,2,16825,3666,94580,1486,156751,3686,251331,California
San Joaquin,2021-04-18,2474,394428,1374,204515,1100,173088,0,16825,1315,94758,1145,157896,1323,252654,California
San Joaquin,2021-04-19,5189,399617,2804,207319,2385,175473,0,16825,2770,95144,2394,160290,2780,255434,California
San Joaquin,2021-04-20,6238,405855,3291,210610,2947,178420,0,16825,2956,94854,3256,163546,2966,258400,California
San Joaquin,2021-04-21,5652,411507,3129,213739,2523,180943,0,16825,2924,95107,2679,166225,2932,261332,California
San Joaquin,2021-04-22,5304,416811,3140,216879,2162,183105,2,16827,3066,95980,2212,168437,3085,264417,California
San Joaquin,2021-04-23,5915,422726,2840,219719,3074,186179,1,16828,3752,97597,2142,170579,3759,268176,California
San Joaquin,2021-04-24,5243,427969,3612,223331,1630,187809,1,16829,3414,99215,1804,172383,3422,271598,California
San Joaquin,2021-04-25,3057,431026,2573,225904,484,188293,0,16829,2026,100237,1011,173394,2033,273631,California
San Joaquin,2021-04-26,3934,434960,2604,228508,1326,189619,4,16833,2068,100461,1854,175248,2078,275709,California
San Joaquin,2021-04-27,4553,439513,2632,231140,1868,191487,53,16886,1934,99857,2597,177845,1993,277702,California
San Joaquin,2021-04-28,5534,445047,3336,234476,2123,193610,75,16961,2731,99898,2775,180620,2816,280518,California
San Joaquin,2021-04-29,4836,449883,2825,237301,1955,195565,56,17017,2447,100043,2369,182989,2514,283032,California
San Joaquin,2021-04-30,4969,454852,2425,239726,2477,198042,67,17084,2576,100319,2377,185366,2653,285685,California
San Joaquin,2021-05-01,3341,458193,1910,241636,1372,199414,59,17143,2129,101317,1204,186570,2202,287887,California
San Joaquin,2021-05-02,2300,460493,1600,243236,644,200058,56,17199,1173,101424,1123,187693,1230,289117,California
San Joaquin,2021-05-03,3324,463817,2254,245490,996,201054,74,17273,1403,101003,1905,189598,1484,290601,California
San Joaquin,2021-05-04,4842,468659,3298,248788,1388,202442,156,17429,1782,99913,3039,192637,1949,292550,California
San Joaquin,2021-05-05,4927,473586,3369,252157,1396,203838,162,17591,2138,99459,2762,195399,2308,294858,California
San Joaquin,2021-05-06,4630,478216,3095,255252,1407,205245,128,17719,2034,99052,2579,197978,2172,297030,California
San Joaquin,2021-05-07,5078,483294,2946,258198,1980,207225,152,17871,1885,97927,3171,201149,2046,299076,California
San Joaquin,2021-05-08,3269,486563,2103,260301,1065,208290,101,17972,1207,97197,2047,203196,1317,300393,California
San Joaquin,2021-05-09,1486,488049,849,261150,567,208857,70,18042,596,96982,887,204083,672,301065,California
San Joaquin,2021-05-10,2809,490858,1475,262625,1209,210066,125,18167,927,96171,1868,205951,1057,302122,California
San Joaquin,2021-05-11,4084,494942,2161,264786,1807,211873,116,18283,1302,94851,2766,208717,1446,303568,California
San Joaquin,2021-05-12,4096,499038,1895,266681,2086,213959,115,18398,1300,93497,2782,211499,1428,304996,California
San Joaquin,2021-05-13,4270,503308,2406,269087,1780,215739,84,18482,1579,92496,2677,214176,1676,306672,California
San Joaquin,2021-05-14,5719,509027,3403,272490,2208,217947,108,18590,2404,91727,3289,217465,2520,309192,California
San Joaquin,2021-05-15,5219,514246,3096,275586,2044,219991,79,18669,1632,89887,3555,221020,1715,310907,California
San Joaquin,2021-05-16,3535,517781,2760,278346,726,220717,49,18718,1428,89278,2095,223115,1486,312393,California
San Joaquin,2021-05-17,4110,521891,2456,280802,1557,222274,97,18815,1795,88879,2300,225415,1901,314294,California
San Joaquin,2021-05-18,3930,525821,2266,283068,1545,223819,119,18934,1884,88859,2029,227444,2009,316303,California
San Joaquin,2021-05-19,4718,530539,2733,285801,1853,225672,132,19066,2082,88478,2605,230049,2224,318527,California
San Joaquin,2021-05-20,3500,534039,2156,287957,1258,226930,86,19152,1609,88300,1873,231922,1695,320222,California
San Joaquin,2021-05-21,4428,538467,2656,290613,1667,228597,105,19257,2078,88169,2321,234243,2190,322412,California
San Joaquin,2021-05-22,3520,541987,2253,292866,1190,229787,77,19334,1624,87993,1882,236125,1706,324118,California
San Joaquin,2021-05-23,2090,544077,1804,294670,252,230039,34,19368,1296,88535,789,236914,1331,325449,California
San Joaquin,2021-05-24,2933,547010,1678,296348,1164,231203,91,19459,1400,88514,1516,238430,1495,326944,California
San Joaquin,2021-05-25,3028,550038,1915,298263,1014,232217,99,19558,1482,88568,1526,239956,1580,328524,California
San Joaquin,2021-05-26,3141,553179,1665,299928,1401,233618,75,19633,1341,88200,1789,241745,1421,329945,California
San Joaquin,2021-05-27,2883,556062,1472,301400,1333,234951,78,19711,1140,87691,1730,243475,1221,331166,California
San Joaquin,2021-05-28,3010,559072,1588,302988,1334,236285,88,19799,1396,87594,1592,245067,1495,332661,California
San Joaquin,2021-05-29,2111,561183,1157,304145,918,237203,36,19835,948,87423,1160,246227,989,333650,California
San Joaquin,2021-05-30,960,562143,507,304652,427,237630,26,19861,398,87293,557,246784,427,334077,California
San Joaquin,2021-05-31,618,562761,258,304910,353,237983,7,19868,237,87161,377,247161,245,334322,California
San Joaquin,2021-06-01,2383,565144,1458,306368,837,238820,88,19956,1170,87222,1203,248364,1264,335586,California
San Joaquin,2021-06-02,2599,567743,1523,307891,1029,239849,47,20003,1167,87021,1418,249782,1217,336803,California
San Joaquin,2021-06-03,1681,569424,1078,308969,556,240405,47,20050,719,86834,957,250739,770,337573,California
San Joaquin,2021-06-04,138,569562,77,309046,55,240460,6,20056,42,86787,96,250835,49,337622,California
San Luis Obispo,2020-12-16,4,4,4,4,0,0,0,0,4,4,0,0,4,4,California
San Luis Obispo,2020-12-17,196,200,196,200,0,0,0,0,196,200,0,0,196,200,California
San Luis Obispo,2020-12-18,224,424,224,424,0,0,0,0,224,424,0,0,224,424,California
San Luis Obispo,2020-12-19,164,588,164,588,0,0,0,0,164,588,0,0,164,588,California
San Luis Obispo,2020-12-20,215,803,215,803,0,0,0,0,215,803,0,0,215,803,California
San Luis Obispo,2020-12-21,550,1353,549,1352,1,1,0,0,550,1353,0,0,550,1353,California
San Luis Obispo,2020-12-22,311,1664,307,1659,4,5,0,0,311,1664,0,0,311,1664,California
San Luis Obispo,2020-12-23,682,2346,368,2027,314,319,0,0,682,2346,0,0,682,2346,California
San Luis Obispo,2020-12-24,194,2540,19,2046,175,494,0,0,194,2540,0,0,194,2540,California
San Luis Obispo,2020-12-25,2,2542,1,2047,1,495,0,0,2,2542,0,0,2,2542,California
San Luis Obispo,2020-12-26,90,2632,13,2060,77,572,0,0,90,2632,0,0,90,2632,California
San Luis Obispo,2020-12-27,76,2708,0,2060,76,648,0,0,76,2708,0,0,76,2708,California
San Luis Obispo,2020-12-28,879,3587,429,2489,450,1098,0,0,879,3587,0,0,879,3587,California
San Luis Obispo,2020-12-29,903,4490,503,2992,400,1498,0,0,903,4490,0,0,903,4490,California
San Luis Obispo,2020-12-30,1171,5661,679,3671,492,1990,0,0,1171,5661,0,0,1171,5661,California
San Luis Obispo,2020-12-31,107,5768,4,3675,103,2093,0,0,107,5768,0,0,107,5768,California
San Luis Obispo,2021-01-01,14,5782,9,3684,5,2098,0,0,14,5782,0,0,14,5782,California
San Luis Obispo,2021-01-02,34,5816,8,3692,26,2124,0,0,34,5816,0,0,34,5816,California
San Luis Obispo,2021-01-03,17,5833,6,3698,11,2135,0,0,17,5833,0,0,17,5833,California
San Luis Obispo,2021-01-04,681,6514,524,4222,157,2292,0,0,681,6514,0,0,681,6514,California
San Luis Obispo,2021-01-05,973,7487,752,4974,221,2513,0,0,971,7483,2,2,971,7485,California
San Luis Obispo,2021-01-06,725,8212,479,5453,246,2759,0,0,717,8193,7,9,717,8202,California
San Luis Obispo,2021-01-07,1127,9339,949,6402,178,2937,0,0,684,8434,443,452,684,8886,California
San Luis Obispo,2021-01-08,880,10219,802,7204,78,3015,0,0,511,8577,368,820,511,9397,California
San Luis Obispo,2021-01-09,206,10425,196,7400,10,3025,0,0,28,8427,178,998,28,9425,California
San Luis Obispo,2021-01-10,12,10437,8,7408,4,3029,0,0,8,8431,4,1002,8,9433,California
San Luis Obispo,2021-01-11,560,10997,509,7917,51,3080,0,0,298,8468,261,1263,298,9731,California
San Luis Obispo,2021-01-12,598,11595,382,8299,216,3296,0,0,318,8506,280,1543,318,10049,California
San Luis Obispo,2021-01-13,890,12485,260,8559,630,3926,0,0,651,8920,237,1780,651,10700,California
San Luis Obispo,2021-01-14,725,13210,238,8797,487,4413,0,0,603,9410,113,1893,603,11303,California
San Luis Obispo,2021-01-15,734,13944,292,9089,442,4855,0,0,555,9791,174,2067,555,11858,California
San Luis Obispo,2021-01-16,100,14044,81,9170,19,4874,0,0,94,9879,6,2073,94,11952,California
San Luis Obispo,2021-01-17,65,14109,58,9228,7,4881,0,0,65,9944,0,2073,65,12017,California
San Luis Obispo,2021-01-18,1371,15480,388,9616,983,5864,0,0,1108,10789,263,2336,1108,13125,California
San Luis Obispo,2021-01-19,1578,17058,415,10031,1163,7027,0,0,1171,11554,407,2743,1172,14297,California
San Luis Obispo,2021-01-20,1887,18945,598,10629,1289,8316,0,0,1296,12262,589,3332,1297,15594,California
San Luis Obispo,2021-01-21,1576,20521,469,11098,1107,9423,0,0,1204,13099,368,3700,1205,16799,California
San Luis Obispo,2021-01-22,1517,22038,503,11601,1014,10437,0,0,1202,13988,313,4013,1202,18001,California
San Luis Obispo,2021-01-23,314,22352,295,11896,19,10456,0,0,298,14270,16,4029,298,18299,California
San Luis Obispo,2021-01-24,248,22600,240,12136,8,10464,0,0,242,14506,6,4035,242,18541,California
San Luis Obispo,2021-01-25,2077,24677,601,12737,1476,11940,0,0,1248,14925,829,4864,1248,19789,California
San Luis Obispo,2021-01-26,2001,26678,698,13435,1303,13243,0,0,1140,15204,861,5725,1140,20929,California
San Luis Obispo,2021-01-27,1612,28290,286,13721,1326,14569,0,0,1155,15902,457,6182,1155,22084,California
San Luis Obispo,2021-01-28,1499,29789,344,14065,1155,15724,0,0,1236,16877,261,6443,1236,23320,California
San Luis Obispo,2021-01-29,1740,31529,682,14747,1058,16782,0,0,1454,18045,286,6729,1454,24774,California
San Luis Obispo,2021-01-30,36,31565,18,14765,18,16800,0,0,25,18060,10,6739,25,24799,California
San Luis Obispo,2021-01-31,27,31592,19,14784,8,16808,0,0,25,18083,2,6741,25,24824,California
San Luis Obispo,2021-02-01,1710,33302,742,15526,968,17776,0,0,1406,19186,303,7044,1406,26230,California
San Luis Obispo,2021-02-02,1898,35200,679,16205,1219,18995,0,0,1521,20331,377,7421,1522,27752,California
San Luis Obispo,2021-02-03,1713,36913,730,16935,983,19978,0,0,1297,21212,416,7837,1297,29049,California
San Luis Obispo,2021-02-04,1661,38574,803,17738,858,20836,0,0,1094,21739,567,8404,1094,30143,California
San Luis Obispo,2021-02-05,1605,40179,715,18453,890,21726,0,0,1060,22254,546,8950,1061,31204,California
San Luis Obispo,2021-02-06,174,40353,107,18560,67,21793,0,0,94,22268,80,9030,94,31298,California
San Luis Obispo,2021-02-07,125,40478,80,18640,45,21838,0,0,72,22288,53,9083,73,31371,California
San Luis Obispo,2021-02-08,857,41335,470,19110,387,22225,0,0,500,22432,356,9439,500,31871,California
San Luis Obispo,2021-02-09,1127,42462,449,19559,678,22903,0,0,544,22406,577,10016,551,32422,California
San Luis Obispo,2021-02-10,1445,43907,492,20051,953,23856,0,0,529,22024,914,10930,532,32954,California
San Luis Obispo,2021-02-11,1330,45237,844,20895,486,24342,0,0,656,22008,672,11602,656,33610,California
San Luis Obispo,2021-02-12,788,46025,363,21258,425,24767,0,0,422,22064,366,11968,422,34032,California
San Luis Obispo,2021-02-13,391,46416,127,21385,264,25031,0,0,283,22240,107,12075,283,34315,California
San Luis Obispo,2021-02-14,318,46734,41,21426,277,25308,0,0,282,22487,36,12111,283,34598,California
San Luis Obispo,2021-02-15,729,47463,138,21564,591,25899,0,0,474,22707,254,12365,474,35072,California
San Luis Obispo,2021-02-16,2965,50428,1197,22761,1768,27667,0,0,1358,22458,1607,13972,1358,36430,California
San Luis Obispo,2021-02-17,2780,53208,1244,24005,1536,29203,0,0,1029,21743,1744,15716,1029,37459,California
San Luis Obispo,2021-02-18,2827,56035,1461,25466,1366,30569,0,0,1135,21195,1684,17400,1136,38595,California
San Luis Obispo,2021-02-19,1463,57498,1342,26808,121,30690,0,0,1136,22006,325,17725,1136,39731,California
San Luis Obispo,2021-02-20,254,57752,80,26888,174,30864,0,0,215,22182,39,17764,215,39946,California
San Luis Obispo,2021-02-21,57,57809,53,26941,4,30868,0,0,32,22189,25,17789,32,39978,California
San Luis Obispo,2021-02-22,2417,60226,1868,28809,549,31417,0,0,1468,22709,949,18738,1469,41447,California
San Luis Obispo,2021-02-23,1863,62089,1748,30557,115,31532,0,0,1367,23582,495,19233,1368,42815,California
San Luis Obispo,2021-02-24,2643,64732,1299,31856,1344,32876,0,0,836,22614,1804,21037,836,43651,California
San Luis Obispo,2021-02-25,2136,66868,1244,33100,892,33768,0,0,1207,22899,923,21960,1208,44859,California
San Luis Obispo,2021-02-26,2649,69517,1150,34250,1499,35267,0,0,1326,22911,1314,23274,1326,46185,California
San Luis Obispo,2021-02-27,576,70093,350,34600,226,35493,0,0,527,23389,49,23323,527,46712,California
San Luis Obispo,2021-02-28,196,70289,69,34669,127,35620,0,0,161,23516,34,23357,161,46873,California
San Luis Obispo,2021-03-01,3005,73294,1881,36550,1122,36742,2,2,2075,24663,931,24288,2078,48951,California
San Luis Obispo,2021-03-02,3029,76323,1910,38460,1119,37861,0,2,1875,25390,1149,25437,1876,50827,California
San Luis Obispo,2021-03-03,2346,78669,338,38798,2008,39869,0,2,849,24749,1491,26928,850,51677,California
San Luis Obispo,2021-03-04,2199,80868,1161,39959,1038,40907,0,2,1183,24921,1013,27941,1185,52862,California
San Luis Obispo,2021-03-05,2302,83170,1022,40981,1210,42117,70,72,1298,25299,990,28931,1368,54230,California
San Luis Obispo,2021-03-06,842,84012,311,41292,423,42540,108,180,621,25801,221,29152,723,54953,California
San Luis Obispo,2021-03-07,201,84213,32,41324,85,42625,84,264,73,25831,127,29279,157,55110,California
San Luis Obispo,2021-03-08,2742,86955,760,42084,1666,44291,316,580,1546,26502,1191,30470,1862,56972,California
San Luis Obispo,2021-03-09,2950,89905,968,43052,1734,46025,248,828,1524,26852,1422,31892,1772,58744,California
San Luis Obispo,2021-03-10,3198,93103,1239,44291,1675,47700,284,1112,1814,27571,1379,33271,2098,60842,California
San Luis Obispo,2021-03-11,3297,96400,1273,45564,1702,49402,322,1434,1805,28215,1482,34753,2126,62968,California
San Luis Obispo,2021-03-12,3250,99650,1283,46847,1628,51030,339,1773,1616,28545,1628,36381,1958,64926,California
San Luis Obispo,2021-03-13,796,100446,262,47109,426,51456,108,1881,431,28719,364,36745,538,65464,California
San Luis Obispo,2021-03-14,513,100959,53,47162,350,51806,110,1991,134,28585,378,37123,244,65708,California
San Luis Obispo,2021-03-15,3058,104017,1098,48260,1862,53668,98,2089,1530,28690,1524,38647,1629,67337,California
San Luis Obispo,2021-03-16,2852,106869,1511,49771,1231,54899,110,2199,1436,28825,1410,40057,1545,68882,California
San Luis Obispo,2021-03-17,3436,110305,1449,51220,1726,56625,261,2460,1991,29643,1433,41490,2251,71133,California
San Luis Obispo,2021-03-18,2812,113117,1447,52667,1151,57776,214,2674,1339,29727,1468,42958,1552,72685,California
San Luis Obispo,2021-03-19,2595,115712,1568,54235,705,58481,322,2996,960,29384,1627,44585,1284,73969,California
San Luis Obispo,2021-03-20,841,116553,501,54736,303,58784,37,3033,387,29355,453,45038,424,74393,California
San Luis Obispo,2021-03-21,188,116741,45,54781,140,58924,3,3036,158,29487,29,45067,161,74554,California
San Luis Obispo,2021-03-22,2699,119440,1173,55954,1478,60402,48,3084,1865,30570,830,45897,1913,76467,California
San Luis Obispo,2021-03-23,3384,122824,2211,58165,1142,61544,31,3115,2267,31756,1112,47009,2298,78765,California
San Luis Obispo,2021-03-24,3528,126352,2146,60311,1297,62841,85,3200,2624,33567,897,47906,2708,81473,California
San Luis Obispo,2021-03-25,3691,130043,2304,62615,1375,64216,12,3212,2641,35173,1046,48952,2652,84125,California
San Luis Obispo,2021-03-26,3240,133283,1795,64410,1012,65228,433,3645,1811,35993,1424,50376,2244,86369,California
San Luis Obispo,2021-03-27,994,134277,508,64918,395,65623,91,3736,452,35996,540,50916,543,86912,California
San Luis Obispo,2021-03-28,446,134723,152,65070,238,65861,56,3792,245,36097,200,51116,301,87213,California
San Luis Obispo,2021-03-29,2602,137325,1300,66370,1168,67029,134,3926,1658,36959,930,52046,1792,89005,California
San Luis Obispo,2021-03-30,3521,140846,1929,68299,1450,68479,142,4068,2345,38275,1169,53215,2485,91490,California
San Luis Obispo,2021-03-31,3887,144733,2474,70773,1267,69746,146,4214,2508,39560,1368,54583,2653,94143,California
San Luis Obispo,2021-04-01,3886,148619,2460,73233,1307,71053,119,4333,2716,41236,1157,55740,2833,96976,California
San Luis Obispo,2021-04-02,1752,150371,689,73922,750,71803,313,4646,951,41699,799,56539,1262,98238,California
San Luis Obispo,2021-04-03,1113,151484,558,74480,428,72231,127,4773,494,41705,615,57154,621,98859,California
San Luis Obispo,2021-04-04,387,151871,133,74613,214,72445,40,4813,238,41834,149,57303,278,99137,California
San Luis Obispo,2021-04-05,3614,155485,1943,76556,1560,74005,111,4924,2018,42369,1592,58895,2127,101264,California
San Luis Obispo,2021-04-06,4058,159543,2162,78718,1572,75577,324,5248,1941,42524,2109,61004,2264,103528,California
San Luis Obispo,2021-04-07,4307,163850,2344,81062,1597,77174,366,5614,2460,43515,1832,62836,2823,106351,California
San Luis Obispo,2021-04-08,4057,167907,2210,83272,1441,78615,406,6020,2160,44192,1889,64725,2566,108917,California
San Luis Obispo,2021-04-09,3682,171589,1750,85022,1171,79786,761,6781,1506,44291,2165,66890,2264,111181,California
San Luis Obispo,2021-04-10,1589,173178,565,85587,356,80142,668,7449,495,44359,1094,67984,1162,112343,California
San Luis Obispo,2021-04-11,314,173492,62,85649,187,80329,65,7514,125,44362,187,68171,190,112533,California
San Luis Obispo,2021-04-12,3404,176896,1713,87362,1529,81858,162,7676,1420,43960,1984,70155,1582,114115,California
San Luis Obispo,2021-04-13,3657,180553,2112,89474,1544,83402,1,7677,1970,44248,1684,71839,1972,116087,California
San Luis Obispo,2021-04-14,3548,184101,2011,91485,1532,84934,5,7682,1774,44264,1759,73598,1775,117862,California
San Luis Obispo,2021-04-15,3679,187780,2396,93881,1282,86216,1,7683,1979,44563,1682,75280,1981,119843,California
San Luis Obispo,2021-04-16,3631,191411,2214,96095,1413,87629,4,7687,1780,44500,1845,77125,1782,121625,California
San Luis Obispo,2021-04-17,1095,192506,433,96528,660,88289,2,7689,709,44826,385,77510,711,122336,California
San Luis Obispo,2021-04-18,320,192826,98,96626,221,88510,1,7690,110,44729,207,77717,110,122446,California
San Luis Obispo,2021-04-19,3190,196016,1346,97972,1806,90316,38,7728,1117,43816,2069,79786,1156,123602,California
San Luis Obispo,2021-04-20,3617,199633,2011,99983,1606,91922,0,7728,1336,42880,2272,82058,1336,124938,California
San Luis Obispo,2021-04-21,3925,203558,1809,101792,2116,94038,0,7728,1588,42151,2317,84375,1588,126526,California
San Luis Obispo,2021-04-22,4588,208146,2060,103852,2528,96566,0,7728,1427,40435,3145,87520,1429,127955,California
San Luis Obispo,2021-04-23,1462,209608,845,104697,613,97179,4,7732,704,40397,753,88273,715,128670,California
San Luis Obispo,2021-04-24,1083,210691,440,105137,624,97803,19,7751,508,40342,582,88855,527,129197,California
San Luis Obispo,2021-04-25,346,211037,162,105299,184,97987,0,7751,111,40220,233,89088,111,129308,California
San Luis Obispo,2021-04-26,974,212011,343,105642,614,98601,17,7768,362,39998,600,89688,378,129686,California
San Luis Obispo,2021-04-27,3832,215843,1955,107597,1805,100406,72,7840,1509,39263,2315,92003,1580,131266,California
San Luis Obispo,2021-04-28,3801,219644,2099,109696,1631,102037,71,7911,1349,38244,2439,94442,1420,132686,California
San Luis Obispo,2021-04-29,3702,223346,2117,111813,1516,103553,69,7980,1240,37107,2447,96889,1310,133996,California
San Luis Obispo,2021-04-30,2977,226323,1665,113478,1238,104791,74,8054,926,36072,2033,98922,998,134994,California
San Luis Obispo,2021-05-01,468,226791,158,113636,274,105065,36,8090,97,35837,367,99289,132,135126,California
San Luis Obispo,2021-05-02,171,226962,52,113688,99,105164,20,8110,42,35770,129,99418,62,135188,California
San Luis Obispo,2021-05-03,884,227846,288,113976,494,105658,102,8212,224,35435,659,100077,324,135512,California
San Luis Obispo,2021-05-04,2931,230777,1902,115878,966,106624,63,8275,868,34308,2056,102133,929,136441,California
San Luis Obispo,2021-05-05,2804,233581,1851,117729,887,107511,66,8341,686,32954,2107,104240,753,137194,California
San Luis Obispo,2021-05-06,2812,236393,1892,119621,860,108371,60,8401,731,31681,2064,106304,791,137985,California
San Luis Obispo,2021-05-07,2322,238715,1760,121381,501,108872,61,8462,608,30658,1693,107997,670,138655,California
San Luis Obispo,2021-05-08,567,239282,333,121714,210,109082,24,8486,191,30515,358,108355,215,138870,California
San Luis Obispo,2021-05-09,163,239445,40,121754,104,109186,19,8505,46,30464,116,108471,65,138935,California
San Luis Obispo,2021-05-10,723,240168,154,121908,521,109707,48,8553,154,30101,564,109035,201,139136,California
San Luis Obispo,2021-05-11,1164,241332,593,122501,501,110208,70,8623,355,29722,804,109839,425,139561,California
San Luis Obispo,2021-05-12,2377,243709,1590,124091,705,110913,82,8705,659,28760,1703,111542,741,140302,California
San Luis Obispo,2021-05-13,1041,244750,651,124742,331,111244,59,8764,445,28671,592,112134,503,140805,California
San Luis Obispo,2021-05-14,2209,246959,1624,126366,541,111785,44,8808,913,28349,1279,113413,957,141762,California
San Luis Obispo,2021-05-15,991,247950,458,126824,499,112284,34,8842,468,28331,521,113934,503,142265,California
San Luis Obispo,2021-05-16,302,248252,162,126986,134,112418,6,8848,171,28378,130,114064,177,142442,California
San Luis Obispo,2021-05-17,1662,249914,965,127951,645,113063,52,8900,664,28105,989,115053,716,143158,California
San Luis Obispo,2021-05-18,1885,251799,1149,129100,704,113767,32,8932,720,27699,1159,116212,753,143911,California
San Luis Obispo,2021-05-19,1449,253248,624,129724,763,114530,62,8994,412,27141,1031,117243,473,144384,California
San Luis Obispo,2021-05-20,969,254217,441,130165,498,115028,30,9024,273,26759,685,117928,303,144687,California
San Luis Obispo,2021-05-21,887,255104,506,130671,343,115371,38,9062,428,26774,451,118379,466,145153,California
San Luis Obispo,2021-05-22,541,255645,292,130963,226,115597,23,9085,292,26846,243,118622,315,145468,California
San Luis Obispo,2021-05-23,71,255716,38,131001,27,115624,6,9091,29,26839,42,118664,35,145503,California
San Luis Obispo,2021-05-24,565,256281,266,131267,265,115889,34,9125,221,26752,342,119006,255,145758,California
San Luis Obispo,2021-05-25,872,257153,431,131698,414,116303,27,9152,357,26629,507,119513,384,146142,California
San Luis Obispo,2021-05-26,2127,259280,976,132674,1096,117399,55,9207,671,25903,1451,120964,725,146867,California
San Luis Obispo,2021-05-27,1872,261152,660,133334,1179,118578,33,9240,482,25032,1385,122349,514,147381,California
San Luis Obispo,2021-05-28,882,262034,451,133785,410,118988,21,9261,465,25102,416,122765,486,147867,California
San Luis Obispo,2021-05-29,374,262408,150,133935,213,119201,11,9272,211,25163,162,122927,223,148090,California
San Luis Obispo,2021-05-30,89,262497,36,133971,45,119246,8,9280,34,25150,54,122981,41,148131,California
San Luis Obispo,2021-05-31,43,262540,5,133976,24,119270,14,9294,16,25154,25,123006,29,148160,California
San Luis Obispo,2021-06-01,751,263291,327,134303,393,119663,31,9325,271,24980,476,123482,302,148462,California
San Luis Obispo,2021-06-02,630,263921,286,134589,306,119969,38,9363,191,24776,433,123915,229,148691,California
San Luis Obispo,2021-06-03,875,264796,434,135023,412,120381,29,9392,248,24429,624,124539,277,148968,California
San Luis Obispo,2021-06-04,1713,266509,990,136013,707,121088,16,9408,345,23432,1357,125896,360,149328,California
San Mateo,2020-12-15,26,26,26,26,0,0,0,0,26,26,0,0,26,26,California
San Mateo,2020-12-16,111,137,111,137,0,0,0,0,111,137,0,0,111,137,California
San Mateo,2020-12-17,153,290,153,290,0,0,0,0,153,290,0,0,153,290,California
San Mateo,2020-12-18,745,1035,743,1033,2,2,0,0,745,1035,0,0,745,1035,California
San Mateo,2020-12-19,510,1545,510,1543,0,2,0,0,510,1545,0,0,510,1545,California
San Mateo,2020-12-20,506,2051,505,2048,1,3,0,0,506,2051,0,0,506,2051,California
San Mateo,2020-12-21,1149,3200,1149,3197,0,3,0,0,1149,3200,0,0,1149,3200,California
San Mateo,2020-12-22,1517,4717,1509,4706,8,11,0,0,1517,4717,0,0,1517,4717,California
San Mateo,2020-12-23,1568,6285,1380,6086,188,199,0,0,1568,6285,0,0,1568,6285,California
San Mateo,2020-12-24,859,7144,607,6693,252,451,0,0,859,7144,0,0,859,7144,California
San Mateo,2020-12-25,115,7259,111,6804,4,455,0,0,115,7259,0,0,115,7259,California
San Mateo,2020-12-26,562,7821,420,7224,142,597,0,0,562,7821,0,0,562,7821,California
San Mateo,2020-12-27,305,8126,174,7398,131,728,0,0,305,8126,0,0,305,8126,California
San Mateo,2020-12-28,1054,9180,710,8108,344,1072,0,0,1054,9180,0,0,1054,9180,California
San Mateo,2020-12-29,1121,10301,700,8808,421,1493,0,0,1121,10301,0,0,1121,10301,California
San Mateo,2020-12-30,1253,11554,756,9564,497,1990,0,0,1253,11554,0,0,1253,11554,California
San Mateo,2020-12-31,706,12260,229,9793,477,2467,0,0,705,12258,1,1,705,12259,California
San Mateo,2021-01-01,95,12355,65,9858,30,2497,0,0,95,12353,0,1,95,12354,California
San Mateo,2021-01-02,390,12745,265,10123,125,2622,0,0,390,12743,0,1,390,12744,California
San Mateo,2021-01-03,284,13029,209,10332,75,2697,0,0,281,13021,3,4,281,13025,California
San Mateo,2021-01-04,1043,14072,673,11005,370,3067,0,0,1043,14064,0,4,1043,14068,California
San Mateo,2021-01-05,1211,15283,715,11720,496,3563,0,0,1182,15218,29,33,1183,15251,California
San Mateo,2021-01-06,1451,16734,957,12677,494,4057,0,0,1271,16313,177,210,1272,16523,California
San Mateo,2021-01-07,1449,18183,811,13488,638,4695,0,0,1160,17199,282,492,1168,17691,California
San Mateo,2021-01-08,1835,20018,1195,14683,640,5335,0,0,1139,17650,690,1182,1141,18832,California
San Mateo,2021-01-09,1161,21179,766,15449,395,5730,0,0,710,17909,451,1633,710,19542,California
San Mateo,2021-01-10,706,21885,578,16027,128,5858,0,0,265,17733,441,2074,265,19807,California
San Mateo,2021-01-11,2600,24485,1496,17523,1104,6962,0,0,1529,18193,1072,3146,1532,21339,California
San Mateo,2021-01-12,3401,27886,1889,19412,1512,8474,0,0,2215,19231,1184,4330,2222,23561,California
San Mateo,2021-01-13,3387,31273,1650,21062,1737,10211,0,0,2356,20561,1031,5361,2361,25922,California
San Mateo,2021-01-14,3788,35061,1592,22654,2196,12407,0,0,3102,22986,686,6047,3111,29033,California
San Mateo,2021-01-15,4325,39386,1708,24362,2617,15024,0,0,3793,26253,530,6577,3797,32830,California
San Mateo,2021-01-16,3071,42457,764,25126,2307,17331,0,0,2747,28680,323,6900,2750,35580,California
San Mateo,2021-01-17,1317,43774,307,25433,1010,18341,0,0,1109,29581,208,7108,1109,36689,California
San Mateo,2021-01-18,1368,45142,538,25971,830,19171,0,0,991,30198,374,7482,991,37680,California
San Mateo,2021-01-19,2793,47935,1790,27761,1003,20174,0,0,1994,31396,796,8278,1994,39674,California
San Mateo,2021-01-20,2793,50728,1543,29304,1250,21424,0,0,1954,32516,836,9114,1956,41630,California
San Mateo,2021-01-21,2849,53577,1296,30600,1553,22977,0,0,2263,34199,584,9698,2267,43897,California
San Mateo,2021-01-22,2804,56381,1140,31740,1664,24641,0,0,2507,36413,295,9993,2509,46406,California
San Mateo,2021-01-23,2872,59253,1680,33420,1192,25833,0,0,2515,38572,357,10350,2516,48922,California
San Mateo,2021-01-24,1515,60768,377,33797,1138,26971,0,0,1204,39467,310,10660,1205,50127,California
San Mateo,2021-01-25,4425,65193,3153,36950,1272,28243,0,0,3529,42107,894,11554,3534,53661,California
San Mateo,2021-01-26,4311,69504,2995,39945,1316,29559,0,0,3383,44564,927,12481,3384,57045,California
San Mateo,2021-01-27,2814,72318,1479,41424,1335,30894,0,0,1812,45382,996,13477,1814,58859,California
San Mateo,2021-01-28,2792,75110,1353,42777,1439,32333,0,0,1941,46489,836,14313,1943,60802,California
San Mateo,2021-01-29,3002,78112,1355,44132,1647,33980,0,0,2162,47816,837,15150,2164,62966,California
San Mateo,2021-01-30,3427,81539,1479,45611,1948,35928,0,0,2971,50336,455,15605,2975,65941,California
San Mateo,2021-01-31,1686,83225,899,46510,787,36715,0,0,1526,51704,159,15764,1527,67468,California
San Mateo,2021-02-01,2942,86167,1361,47871,1581,38296,0,0,2220,53209,718,16482,2223,69691,California
San Mateo,2021-02-02,3220,89387,1737,49608,1483,39779,0,0,2190,54375,1026,17508,2192,71883,California
San Mateo,2021-02-03,4998,94385,2059,51667,2939,42718,0,0,3852,57087,1143,18651,3855,75738,California
San Mateo,2021-02-04,6201,100586,2502,54169,3699,46417,0,0,4920,60740,1276,19927,4929,80667,California
San Mateo,2021-02-05,6788,107374,2550,56719,4238,50655,0,0,4964,63903,1807,21734,4970,85637,California
San Mateo,2021-02-06,3277,110651,1919,58638,1358,52013,0,0,2623,65878,652,22386,2627,88264,California
San Mateo,2021-02-07,1898,112549,1349,59987,549,52562,0,0,1707,67394,191,22577,1707,89971,California
San Mateo,2021-02-08,5304,117853,2275,62262,3029,55591,0,0,3131,68416,2109,24686,3131,93102,California
San Mateo,2021-02-09,6171,124024,3216,65478,2955,58546,0,0,3333,68917,2832,27518,3333,96435,California
San Mateo,2021-02-10,6517,130541,3278,68756,3239,61785,0,0,3429,69269,3077,30595,3429,99864,California
San Mateo,2021-02-11,7047,137588,3573,72329,3474,65259,0,0,3789,69811,3249,33844,3791,103655,California
San Mateo,2021-02-12,6639,144227,2986,75315,3653,68912,0,0,4701,72580,1934,35778,4703,108358,California
San Mateo,2021-02-13,6121,150348,4029,79344,2092,71004,0,0,2645,71754,3471,39249,2645,111003,California
San Mateo,2021-02-14,4631,154979,3022,82366,1609,72613,0,0,1970,71071,2654,41903,1971,112974,California
San Mateo,2021-02-15,3154,158133,1451,83817,1703,74316,0,0,1779,71482,1369,43272,1780,114754,California
San Mateo,2021-02-16,7150,165283,1882,85699,5268,79584,0,0,5276,74888,1872,45144,5278,120032,California
San Mateo,2021-02-17,7067,172350,1943,87642,5124,84708,0,0,5043,77913,2020,47164,5045,125077,California
San Mateo,2021-02-18,6660,179010,4598,92240,2062,86770,0,0,4430,80120,2226,49390,4433,129510,California
San Mateo,2021-02-19,7826,186836,5612,97852,2214,88984,0,0,5795,83891,2024,51414,5795,135305,California
San Mateo,2021-02-20,3777,190613,2434,100286,1343,90327,0,0,2334,84789,1436,52850,2334,137639,California
San Mateo,2021-02-21,2640,193253,1792,102078,848,91175,0,0,1578,85312,1055,53905,1578,139217,California
San Mateo,2021-02-22,4472,197725,3245,105323,1227,92402,0,0,2824,86495,1642,55547,2825,142042,California
San Mateo,2021-02-23,4382,202107,3143,108466,1239,93641,0,0,2558,87237,1816,57363,2558,144600,California
San Mateo,2021-02-24,7362,209469,3310,111776,4052,97693,0,0,4887,89659,2466,59829,4888,149488,California
San Mateo,2021-02-25,9290,218759,4133,115909,5157,102850,0,0,6121,92629,3152,62981,6122,155610,California
San Mateo,2021-02-26,10033,228792,3871,119780,6162,109012,0,0,6952,96519,3066,66047,6956,162566,California
San Mateo,2021-02-27,6933,235725,3572,123352,3360,112372,1,1,3735,97069,3191,69238,3741,166307,California
San Mateo,2021-02-28,4449,240174,2753,126105,1696,114068,0,1,2672,97971,1771,71009,2673,168980,California
San Mateo,2021-03-01,5801,245975,3661,129766,2138,116206,2,3,2881,97948,2906,73915,2883,171863,California
San Mateo,2021-03-02,6242,252217,4437,134203,1804,118010,1,4,3587,98890,2647,76562,3589,175452,California
San Mateo,2021-03-03,8435,260652,3963,138166,4470,122480,2,6,3632,97733,4791,81353,3634,179086,California
San Mateo,2021-03-04,8510,269162,4000,142166,4507,126987,3,9,3838,96924,4652,86005,3843,182929,California
San Mateo,2021-03-05,9346,278508,6232,148398,3110,130097,4,13,6551,100707,2775,88780,6558,189487,California
San Mateo,2021-03-06,7974,286482,5560,153958,2239,132336,175,188,5846,104610,2117,90897,6020,195507,California
San Mateo,2021-03-07,3595,290077,2447,156405,1077,133413,71,259,2123,105336,1468,92365,2194,197701,California
San Mateo,2021-03-08,4530,294607,2570,158975,1743,135156,217,476,3310,107648,1213,93578,3525,201226,California
San Mateo,2021-03-09,5355,299962,2859,161834,2221,137377,275,751,3763,110103,1580,95158,4035,205261,California
San Mateo,2021-03-10,7199,307161,2898,164732,4016,141393,285,1036,4809,112818,2378,97536,5093,210354,California
San Mateo,2021-03-11,9118,316279,5735,170467,2990,144383,393,1429,3708,111538,5380,102916,4100,214454,California
San Mateo,2021-03-12,10599,326878,6692,177159,3523,147906,384,1813,3589,108519,6992,109908,3973,218427,California
San Mateo,2021-03-13,8225,335103,3511,180670,3086,150992,1628,3441,3988,109902,4224,114132,5607,224034,California
San Mateo,2021-03-14,5003,340106,3383,184053,1513,152505,107,3548,2649,110311,2346,116478,2755,226789,California
San Mateo,2021-03-15,7195,347301,4652,188705,2367,154872,176,3724,3766,110831,3423,119901,3943,230732,California
San Mateo,2021-03-16,11975,359276,4402,193107,7450,162322,123,3847,4805,108608,7153,127054,4930,235662,California
San Mateo,2021-03-17,10845,370121,4411,197518,6309,168631,125,3972,4873,107665,5944,132998,5001,240663,California
San Mateo,2021-03-18,7288,377409,4093,201611,3011,171642,184,4156,4306,109179,2975,135973,4489,245152,California
San Mateo,2021-03-19,7470,384879,4832,206443,1965,173607,673,4829,3561,109514,3899,139872,4234,249386,California
San Mateo,2021-03-20,8430,393309,6542,212985,1551,175158,337,5166,5381,112198,3033,142905,5717,255103,California
San Mateo,2021-03-21,4249,397558,3221,216206,795,175953,233,5399,2278,112746,1960,144865,2508,257611,California
San Mateo,2021-03-22,5274,402832,3589,219795,1259,177212,426,5825,2771,113454,2488,147353,3196,260807,California
San Mateo,2021-03-23,9810,412642,4485,224280,5130,182342,195,6020,4392,112656,5386,152739,4588,265395,California
San Mateo,2021-03-24,9506,422148,5488,229768,3871,186213,147,6167,4058,111481,5377,158116,4202,269597,California
San Mateo,2021-03-25,10134,432282,4963,234731,4881,191094,290,6457,4407,110559,5622,163738,4700,274297,California
San Mateo,2021-03-26,11272,443554,7768,242499,3336,194430,168,6625,4300,108095,6933,170671,4469,278766,California
San Mateo,2021-03-27,10596,454150,8124,250623,2370,196800,102,6727,4687,106993,5890,176561,4788,283554,California
San Mateo,2021-03-28,4296,458446,2791,253414,1393,198193,112,6839,2005,106831,2281,178842,2119,285673,California
San Mateo,2021-03-29,6057,464503,3771,257185,2032,200225,254,7093,2717,106482,3320,182162,2971,288644,California
San Mateo,2021-03-30,7150,471653,4081,261266,2916,203141,153,7246,3836,107174,3297,185459,3989,292633,California
San Mateo,2021-03-31,7278,478931,4603,265869,2533,205674,142,7388,3842,107741,3417,188876,3984,296617,California
San Mateo,2021-04-01,10607,489538,5244,271113,4151,209825,1212,8600,5691,109771,4869,193745,6899,303516,California
San Mateo,2021-04-02,10881,500419,5201,276314,4050,213875,1630,10230,5679,111896,5181,198926,7306,310822,California
San Mateo,2021-04-03,10004,510423,5744,282058,2464,216339,1796,12026,5085,113867,4910,203836,6881,317703,California
San Mateo,2021-04-04,5447,515870,2625,284683,1567,217906,1255,13281,1698,113084,3734,207570,2951,320654,California
San Mateo,2021-04-05,8963,524833,4776,289459,2452,220358,1735,15016,3825,113519,5121,212691,5556,326210,California
San Mateo,2021-04-06,13238,538071,8246,297705,3138,223496,1854,16870,7510,117176,5712,218403,9369,335579,California
San Mateo,2021-04-07,11417,549488,5267,302972,4458,227954,1692,18562,4832,117129,6564,224967,6517,342096,California
San Mateo,2021-04-08,10153,559641,5037,308009,2508,230462,2608,21170,4485,118559,5650,230617,7080,349176,California
San Mateo,2021-04-09,11372,571013,5540,313549,3352,233814,2480,23650,5107,119877,6262,236879,7580,356756,California
San Mateo,2021-04-10,11288,582301,5724,319273,4119,237933,1445,25095,4664,119383,6597,243476,6103,362859,California
San Mateo,2021-04-11,6644,588945,3295,322568,872,238805,2477,27572,2305,119828,4331,247807,4776,367635,California
San Mateo,2021-04-12,7347,596292,4477,327045,1899,240704,971,28543,3554,120578,3772,251579,4522,372157,California
San Mateo,2021-04-13,8210,604502,5114,332159,3087,243791,9,28552,4358,121105,3842,255421,4369,376526,California
San Mateo,2021-04-14,8323,612825,5398,337557,2924,246715,1,28553,4273,121354,4032,259453,4281,380807,California
San Mateo,2021-04-15,11136,623961,7410,344967,3724,250439,2,28555,7293,124832,3818,263271,7296,388103,California
San Mateo,2021-04-16,9957,633918,6863,351830,3078,253517,16,28571,6312,127540,3625,266896,6333,394436,California
San Mateo,2021-04-17,9768,643686,6493,358323,3273,256790,2,28573,6139,130068,3619,270515,6147,400583,California
San Mateo,2021-04-18,5430,649116,2591,360914,2839,259629,0,28573,3658,131973,1759,272274,3664,404247,California
San Mateo,2021-04-19,8350,657466,5433,366347,2917,262546,0,28573,5432,134510,2904,275178,5441,409688,California
San Mateo,2021-04-20,10318,667784,5757,372104,4560,267106,1,28574,6639,137502,3658,278836,6650,416338,California
San Mateo,2021-04-21,9011,676795,6091,378195,2920,270026,0,28574,5572,139659,3421,282257,5578,421916,California
San Mateo,2021-04-22,9580,686375,6404,384599,3175,273201,1,28575,5313,140742,4235,286492,5318,427234,California
San Mateo,2021-04-23,9430,695805,6195,390794,3235,276436,0,28575,5284,141921,4120,290612,5299,432533,California
San Mateo,2021-04-24,11271,707076,8029,398823,3242,279678,0,28575,5818,142317,5430,296042,5826,438359,California
San Mateo,2021-04-25,5533,712609,3857,402680,1674,281352,2,28577,3938,144685,1580,297622,3948,442307,California
San Mateo,2021-04-26,6340,718949,4622,407302,1710,283062,8,28585,3661,145699,2667,300289,3681,445988,California
San Mateo,2021-04-27,11115,730064,7881,415183,3107,286169,127,28712,4490,143725,6595,306884,4621,450609,California
San Mateo,2021-04-28,7673,737737,4429,419612,3039,289208,205,28917,4021,144315,3640,310524,4230,454839,California
San Mateo,2021-04-29,7909,745646,3699,423311,4036,293244,174,29091,3501,143621,4381,314905,3687,458526,California
San Mateo,2021-04-30,8050,753696,5050,428361,2847,296091,153,29244,3411,142585,4614,319519,3578,462104,California
San Mateo,2021-05-01,6156,759852,4130,432491,1908,297999,118,29362,2676,141926,3464,322983,2805,464909,California
San Mateo,2021-05-02,3185,763037,1745,434236,1370,299369,70,29432,1155,141133,2022,325005,1229,466138,California
San Mateo,2021-05-03,5975,769012,4454,438690,1377,300746,144,29576,1841,138992,4126,329131,1985,468123,California
San Mateo,2021-05-04,7282,776294,4946,443636,2165,302911,171,29747,2488,136884,4779,333910,2671,470794,California
San Mateo,2021-05-05,6874,783168,4498,448134,2217,305128,159,29906,2386,134973,4459,338369,2548,473342,California
San Mateo,2021-05-06,8551,791719,6674,454808,1701,306829,176,30082,1741,130103,6791,345160,1921,475263,California
San Mateo,2021-05-07,8202,799921,5861,460669,2057,308886,284,30366,1825,125871,6352,351512,2120,477383,California
San Mateo,2021-05-08,6639,806560,4017,464686,2382,311268,240,30606,1833,123156,4793,356305,2078,479461,California
San Mateo,2021-05-09,3115,809675,2426,467112,615,311883,74,30680,1060,122245,2046,358351,1135,480596,California
San Mateo,2021-05-10,4611,814286,3314,470426,1127,313010,170,30850,760,119342,3841,362192,938,481534,California
San Mateo,2021-05-11,6495,820781,4865,475291,1516,314526,114,30964,1672,116320,4809,367001,1787,483321,California
San Mateo,2021-05-12,6399,827180,4618,479909,1590,316116,191,31155,1527,113179,4861,371862,1720,485041,California
San Mateo,2021-05-13,8918,836098,6665,486574,2165,318281,88,31243,3285,110959,5602,377464,3382,488423,California
San Mateo,2021-05-14,8329,844427,6152,492726,2065,320346,112,31355,2703,108170,5611,383075,2822,491245,California
San Mateo,2021-05-15,10382,854809,8098,500824,2184,322530,100,31455,4555,107032,5814,388889,4676,495921,California
San Mateo,2021-05-16,7157,861966,5092,505916,1996,324526,69,31524,2187,104338,4952,393841,2258,498179,California
San Mateo,2021-05-17,7025,868991,4972,510888,1944,326470,109,31633,2207,101854,4803,398644,2319,500498,California
San Mateo,2021-05-18,8452,877443,5828,516716,2527,328997,97,31730,3160,99948,5167,403811,3261,503759,California
San Mateo,2021-05-19,7840,885283,5866,522582,1853,330850,121,31851,3712,99701,4081,407892,3834,507593,California
San Mateo,2021-05-20,4785,890068,3076,525658,1616,332466,93,31944,2039,99104,2728,410620,2131,509724,California
San Mateo,2021-05-21,6135,896203,4359,530017,1673,334139,103,32047,1783,96655,4333,414953,1884,511608,California
San Mateo,2021-05-22,5437,901640,3818,533835,1580,335719,39,32086,2217,95710,3203,418156,2258,513866,California
San Mateo,2021-05-23,2431,904071,1423,535258,950,336669,58,32144,979,95305,1442,419598,1037,514903,California
San Mateo,2021-05-24,3383,907454,2223,537481,1012,337681,148,32292,1177,94438,2189,421787,1322,516225,California
San Mateo,2021-05-25,4703,912157,2978,540459,1556,339237,169,32461,1663,93252,3020,424807,1834,518059,California
San Mateo,2021-05-26,5599,917756,3021,543480,2473,341710,105,32566,1868,91513,3712,428519,1973,520032,California
San Mateo,2021-05-27,3770,921526,2221,545701,1460,343170,89,32655,1399,90651,2346,430865,1484,521516,California
San Mateo,2021-05-28,3472,924998,2205,547906,1190,344360,77,32732,1368,90029,2065,432930,1443,522959,California
San Mateo,2021-05-29,3221,928219,2296,550202,873,345233,52,32784,1334,89552,1862,434792,1385,524344,California
San Mateo,2021-05-30,1643,929862,1120,551322,462,345695,61,32845,675,89329,959,435751,736,525080,California
San Mateo,2021-05-31,496,930358,332,551654,155,345850,9,32854,223,89290,271,436022,232,525312,California
San Mateo,2021-06-01,3374,933732,2027,553681,1254,347104,93,32947,1152,88323,2212,438234,1245,526557,California
San Mateo,2021-06-02,2751,936483,1828,555509,848,347952,75,33022,1194,88048,1542,439776,1267,527824,California
San Mateo,2021-06-03,3733,940216,2951,558460,679,348631,103,33125,983,86391,2739,442515,1082,528906,California
San Mateo,2021-06-04,2362,942578,1848,560308,463,349094,51,33176,640,85355,1714,444229,678,529584,California
Santa Barbara,2020-12-15,2,2,2,2,0,0,0,0,2,2,0,0,2,2,California
Santa Barbara,2020-12-16,2,4,2,4,0,0,0,0,2,4,0,0,2,4,California
Santa Barbara,2020-12-17,56,60,56,60,0,0,0,0,56,60,0,0,56,60,California
Santa Barbara,2020-12-18,379,439,378,438,1,1,0,0,379,439,0,0,379,439,California
Santa Barbara,2020-12-19,325,764,325,763,0,1,0,0,325,764,0,0,325,764,California
Santa Barbara,2020-12-20,235,999,235,998,0,1,0,0,235,999,0,0,235,999,California
Santa Barbara,2020-12-21,652,1651,650,1648,2,3,0,0,652,1651,0,0,652,1651,California
Santa Barbara,2020-12-22,245,1896,243,1891,2,5,0,0,245,1896,0,0,245,1896,California
Santa Barbara,2020-12-23,324,2220,206,2097,118,123,0,0,324,2220,0,0,324,2220,California
Santa Barbara,2020-12-24,88,2308,40,2137,48,171,0,0,88,2308,0,0,88,2308,California
Santa Barbara,2020-12-26,326,2634,66,2203,260,431,0,0,326,2634,0,0,326,2634,California
Santa Barbara,2020-12-27,62,2696,1,2204,61,492,0,0,62,2696,0,0,62,2696,California
Santa Barbara,2020-12-28,358,3054,225,2429,133,625,0,0,358,3054,0,0,358,3054,California
Santa Barbara,2020-12-29,552,3606,357,2786,195,820,0,0,552,3606,0,0,552,3606,California
Santa Barbara,2020-12-30,577,4183,395,3181,182,1002,0,0,577,4183,0,0,577,4183,California
Santa Barbara,2020-12-31,240,4423,114,3295,126,1128,0,0,240,4423,0,0,240,4423,California
Santa Barbara,2021-01-01,116,4539,110,3405,6,1134,0,0,116,4539,0,0,116,4539,California
Santa Barbara,2021-01-02,588,5127,222,3627,366,1500,0,0,588,5127,0,0,588,5127,California
Santa Barbara,2021-01-03,23,5150,15,3642,8,1508,0,0,23,5150,0,0,23,5150,California
Santa Barbara,2021-01-04,305,5455,242,3884,63,1571,0,0,304,5454,0,0,304,5454,California
Santa Barbara,2021-01-05,750,6205,379,4263,371,1942,0,0,722,6148,28,28,722,6176,California
Santa Barbara,2021-01-06,657,6862,277,4540,380,2322,0,0,596,6684,60,88,596,6772,California
Santa Barbara,2021-01-07,1034,7896,711,5251,323,2645,0,0,529,6712,501,589,529,7301,California
Santa Barbara,2021-01-08,1204,9100,845,6096,359,3004,0,0,711,6930,493,1082,711,8012,California
Santa Barbara,2021-01-09,566,9666,293,6389,273,3277,0,0,320,7004,246,1328,320,8332,California
Santa Barbara,2021-01-10,62,9728,50,6439,12,3289,0,0,46,7034,16,1344,46,8378,California
Santa Barbara,2021-01-11,839,10567,670,7109,169,3458,0,0,614,7424,224,1568,614,8992,California
Santa Barbara,2021-01-12,1435,12002,640,7749,795,4253,0,0,1277,8543,158,1726,1277,10269,California
Santa Barbara,2021-01-13,1218,13220,270,8019,948,5201,0,0,1091,9507,127,1853,1091,11360,California
Santa Barbara,2021-01-14,1252,14472,136,8155,1116,6317,0,0,1197,10651,54,1907,1198,12558,California
Santa Barbara,2021-01-15,1801,16273,421,8576,1380,7697,0,0,1720,12291,80,1987,1720,14278,California
Santa Barbara,2021-01-16,1270,17543,200,8776,1070,8767,0,0,1231,13484,38,2025,1231,15509,California
Santa Barbara,2021-01-17,123,17666,20,8796,103,8870,0,0,120,13601,3,2028,120,15629,California
Santa Barbara,2021-01-18,1156,18822,419,9215,737,9607,0,0,970,14385,186,2214,970,16599,California
Santa Barbara,2021-01-19,1637,20459,571,9786,1066,10673,0,0,1358,15465,278,2492,1358,17957,California
Santa Barbara,2021-01-20,2099,22558,547,10333,1552,12225,0,0,1744,16855,354,2846,1744,19701,California
Santa Barbara,2021-01-21,3183,25741,1911,12244,1272,13497,0,0,3024,19721,159,3005,3025,22726,California
Santa Barbara,2021-01-22,2926,28667,1774,14018,1152,14649,0,0,2762,22323,161,3166,2763,25489,California
Santa Barbara,2021-01-23,1731,30398,1102,15120,629,15278,0,0,1222,23037,508,3674,1222,26711,California
Santa Barbara,2021-01-24,843,31241,751,15871,92,15370,0,0,834,23862,9,3683,834,27545,California
Santa Barbara,2021-01-25,1242,32483,498,16369,744,16114,0,0,1005,24630,237,3920,1005,28550,California
Santa Barbara,2021-01-26,2062,34545,482,16851,1580,17694,0,0,1679,25928,381,4301,1679,30229,California
Santa Barbara,2021-01-27,1165,35710,399,17250,766,18460,0,0,903,26572,261,4562,905,31134,California
Santa Barbara,2021-01-28,891,36601,295,17545,596,19056,0,0,677,27038,211,4773,677,31811,California
Santa Barbara,2021-01-29,1333,37934,535,18080,798,19854,0,0,979,27668,351,5124,981,32792,California
Santa Barbara,2021-01-30,1894,39828,1420,19500,474,20328,0,0,1489,28755,402,5526,1489,34281,California
Santa Barbara,2021-01-31,1454,41282,1216,20716,238,20566,0,0,1415,30131,39,5565,1415,35696,California
Santa Barbara,2021-02-01,956,42238,529,21245,427,20993,0,0,557,30289,399,5964,557,36253,California
Santa Barbara,2021-02-02,1808,44046,679,21924,1129,22122,0,0,1043,30570,762,6726,1043,37296,California
Santa Barbara,2021-02-03,1944,45990,1079,23003,865,22987,0,0,1504,31645,429,7155,1504,38800,California
Santa Barbara,2021-02-04,2779,48769,1867,24870,912,23899,0,0,2481,33834,292,7447,2481,41281,California
Santa Barbara,2021-02-05,2901,51670,2058,26928,843,24742,0,0,2258,35451,641,8088,2258,43539,California
Santa Barbara,2021-02-06,1203,52873,338,27266,865,25607,0,0,793,35834,410,8498,793,44332,California
Santa Barbara,2021-02-07,302,53175,263,27529,39,25646,0,0,267,36067,34,8532,267,44599,California
Santa Barbara,2021-02-08,952,54127,308,27837,644,26290,0,0,663,36441,289,8821,663,45262,California
Santa Barbara,2021-02-09,2436,56563,313,28150,2123,28413,0,0,1119,36252,1308,10129,1119,46381,California
Santa Barbara,2021-02-10,2756,59319,1494,29644,1262,29675,0,0,778,35059,1971,12100,778,47159,California
Santa Barbara,2021-02-11,4196,63515,2812,32456,1384,31059,0,0,629,32131,3557,15657,629,47788,California
Santa Barbara,2021-02-12,3310,66825,948,33404,2362,33421,0,0,777,30381,2527,18184,777,48565,California
Santa Barbara,2021-02-13,1230,68055,339,33743,891,34312,0,0,559,30271,669,18853,559,49124,California
Santa Barbara,2021-02-14,336,68391,40,33783,296,34608,0,0,289,30513,47,18900,289,49413,California
Santa Barbara,2021-02-15,968,69359,338,34121,630,35238,0,0,494,30536,471,19371,494,49907,California
Santa Barbara,2021-02-16,2133,71492,420,34541,1713,36951,0,0,720,29847,1409,20780,720,50627,California
Santa Barbara,2021-02-17,1432,72924,319,34860,1113,38064,0,0,520,29459,908,21688,520,51147,California
Santa Barbara,2021-02-18,3254,76178,2650,37510,604,38668,0,0,1522,29285,1696,23384,1522,52669,California
Santa Barbara,2021-02-19,3591,79769,2638,40148,953,39621,0,0,2327,30351,1261,24645,2327,54996,California
Santa Barbara,2021-02-20,2228,81997,1443,41591,785,40406,0,0,1670,31473,548,25193,1670,56666,California
Santa Barbara,2021-02-21,137,82134,108,41699,29,40435,0,0,61,31460,74,25267,61,56727,California
Santa Barbara,2021-02-22,934,83068,244,41943,690,41125,0,0,269,31067,662,25929,269,56996,California
Santa Barbara,2021-02-23,3189,86257,1046,42989,2143,43268,0,0,421,28724,2764,28693,421,57417,California
Santa Barbara,2021-02-24,3216,89473,1097,44086,2119,45387,0,0,723,26964,2483,31176,723,58140,California
Santa Barbara,2021-02-25,3457,92930,1922,46008,1535,46922,0,0,993,25502,2456,33632,994,59134,California
Santa Barbara,2021-02-26,3662,96592,2177,48185,1485,48407,0,0,1972,25792,1682,35314,1972,61106,California
Santa Barbara,2021-02-27,1536,98128,563,48748,973,49380,0,0,855,25972,677,35991,857,61963,California
Santa Barbara,2021-02-28,1087,99215,221,48969,866,50246,0,0,894,26680,187,36178,895,62858,California
Santa Barbara,2021-03-01,1649,100864,470,49439,1177,51423,2,2,1090,27230,543,36721,1093,63951,California
Santa Barbara,2021-03-02,2650,103514,423,49862,2227,53650,0,2,2149,28892,488,37209,2150,66101,California
Santa Barbara,2021-03-03,4630,108144,2099,51961,2529,56179,2,4,4034,32346,585,37794,4039,70140,California
Santa Barbara,2021-03-04,3417,111561,2280,54241,1137,57316,0,4,2863,34663,546,38340,2863,73003,California
Santa Barbara,2021-03-05,3817,115378,2164,56405,1594,58910,59,63,3092,37094,720,39060,3151,76154,California
Santa Barbara,2021-03-06,2433,117811,726,57131,1487,60397,220,283,1668,38219,761,39821,1886,78040,California
Santa Barbara,2021-03-07,565,118376,124,57255,310,60707,131,414,384,38555,180,40001,516,78556,California
Santa Barbara,2021-03-08,1579,119955,379,57634,857,61564,343,757,796,38917,777,40778,1139,79695,California
Santa Barbara,2021-03-09,2804,122759,348,57982,1684,63248,772,1529,744,38372,2057,42835,1512,81207,California
Santa Barbara,2021-03-10,2768,125527,555,58537,1163,64411,1050,2579,1047,38750,1716,44551,2094,83301,California
Santa Barbara,2021-03-11,5582,131109,3028,61565,1437,65848,1117,3696,2277,38846,3291,47842,3387,86688,California
Santa Barbara,2021-03-12,3686,134795,2101,63666,1155,67003,430,4126,2183,39961,1495,49337,2610,89298,California
Santa Barbara,2021-03-13,3492,138287,1935,65601,1349,68352,208,4334,2697,42074,792,50129,2905,92203,California
Santa Barbara,2021-03-14,798,139085,385,65986,357,68709,56,4390,477,42287,320,50449,533,92736,California
Santa Barbara,2021-03-15,2114,141199,696,66682,1127,69836,291,4681,1268,43006,838,51287,1557,94293,California
Santa Barbara,2021-03-16,3721,144920,1172,67854,2206,72042,343,5024,2733,45098,984,52271,3076,97369,California
Santa Barbara,2021-03-17,3312,148232,973,68827,1934,73976,405,5429,2321,46831,989,53260,2722,100091,California
Santa Barbara,2021-03-18,5227,153459,2799,71626,2226,76202,202,5631,4002,49826,1209,54469,4204,104295,California
Santa Barbara,2021-03-19,4447,157906,2769,74395,1345,77547,333,5964,3056,51827,1387,55856,3388,107683,California
Santa Barbara,2021-03-20,2178,160084,835,75230,1328,78875,15,5979,1330,52326,845,56701,1344,109027,California
Santa Barbara,2021-03-21,1167,161251,384,75614,753,79628,30,6009,840,52871,325,57026,870,109897,California
Santa Barbara,2021-03-22,2778,164029,1914,77528,820,80448,44,6053,2223,54592,546,57572,2267,112164,California
Santa Barbara,2021-03-23,4488,168517,2257,79785,2130,82578,101,6154,3713,57641,765,58337,3814,115978,California
Santa Barbara,2021-03-24,5420,173937,3154,82939,1515,84093,751,6905,2973,58937,2424,60761,3720,119698,California
Santa Barbara,2021-03-25,5567,179504,3275,86214,2100,86193,192,7097,2789,59156,2762,63523,2981,122679,California
Santa Barbara,2021-03-26,5095,184599,3231,89445,1565,87758,299,7396,2245,58868,2832,66355,2544,125223,California
Santa Barbara,2021-03-27,2958,187557,1224,90669,1691,89449,43,7439,1624,59203,1330,67685,1665,126888,California
Santa Barbara,2021-03-28,2781,190338,1656,92325,1097,90546,28,7467,1893,60241,884,68569,1922,128810,California
Santa Barbara,2021-03-29,4043,194381,2085,94410,1887,92433,71,7538,3229,62731,810,69379,3300,132110,California
Santa Barbara,2021-03-30,6804,201185,3514,97924,3139,95572,151,7689,4543,65176,2246,71625,4691,136801,California
Santa Barbara,2021-03-31,8691,209876,5533,103457,3092,98664,66,7755,5065,66702,3605,75230,5131,141932,California
Santa Barbara,2021-04-01,7044,216920,5212,108669,1573,100237,259,8014,4181,68295,2845,78075,4438,146370,California
Santa Barbara,2021-04-02,6650,223570,4563,113232,1492,101729,595,8609,3425,69098,3217,81292,4020,150390,California
Santa Barbara,2021-04-03,3812,227382,2116,115348,1631,103360,65,8674,2523,70400,1285,82577,2587,152977,California
Santa Barbara,2021-04-04,900,228282,444,115792,416,103776,40,8714,500,70542,398,82975,540,153517,California
Santa Barbara,2021-04-05,3465,231747,2291,118083,916,104692,258,8972,2170,71682,1288,84263,2428,155945,California
Santa Barbara,2021-04-06,5486,237233,2827,120910,2122,106814,537,9509,3359,73464,2111,86374,3893,159838,California
Santa Barbara,2021-04-07,6017,243250,3285,124195,2190,109004,542,10051,4086,76170,1921,88295,4627,164465,California
Santa Barbara,2021-04-08,7423,250673,5047,129242,646,109650,1730,11781,3429,77338,3988,92283,5156,169621,California
Santa Barbara,2021-04-09,7333,258006,4884,134126,1091,110741,1358,13139,3308,77982,4016,96299,4660,174281,California
Santa Barbara,2021-04-10,6723,264729,4659,138785,1446,112187,618,13757,4577,81038,2137,98436,5193,179474,California
Santa Barbara,2021-04-11,2677,267406,1962,140747,413,112600,302,14059,1853,82370,818,99254,2150,181624,California
Santa Barbara,2021-04-12,4426,271832,2850,143597,1023,113623,553,14612,1919,82340,2500,101754,2470,184094,California
Santa Barbara,2021-04-13,6348,278180,4185,147782,2157,115780,6,14618,2648,81298,3695,105449,2653,186747,California
Santa Barbara,2021-04-14,6741,284921,4400,152182,2339,118119,2,14620,4206,82983,2524,107973,4209,190956,California
Santa Barbara,2021-04-15,6944,291865,4082,156264,2861,120980,1,14621,3753,83557,3181,111154,3755,194711,California
Santa Barbara,2021-04-16,6373,298238,3741,160005,2621,123601,11,14632,4383,85976,1974,113128,4393,199104,California
Santa Barbara,2021-04-17,5305,303543,3853,163858,1452,125053,0,14632,4087,88857,1206,114334,4087,203191,California
Santa Barbara,2021-04-18,2134,305677,1481,165339,653,125706,0,14632,373,87474,1757,116091,374,203565,California
Santa Barbara,2021-04-19,3230,308907,2224,167563,1000,126706,6,14638,1026,86308,2199,118290,1033,204598,California
Santa Barbara,2021-04-20,5874,314781,3949,171512,1924,128630,1,14639,1651,83748,4211,122501,1651,206249,California
Santa Barbara,2021-04-21,5475,320256,3631,175143,1844,130474,0,14639,1738,81762,3724,126225,1738,207987,California
Santa Barbara,2021-04-22,5093,325349,2555,177698,2537,133011,1,14640,1455,79598,3622,129847,1458,209445,California
Santa Barbara,2021-04-23,5582,330931,3875,181573,1707,134718,0,14640,1964,77957,3605,133452,1964,211409,California
Santa Barbara,2021-04-24,4427,335358,2875,184448,1547,136265,5,14645,1631,76817,2777,136229,1637,213046,California
Santa Barbara,2021-04-25,1836,337194,1185,185633,651,136916,0,14645,499,75987,1329,137558,499,213545,California
Santa Barbara,2021-04-26,2949,340143,1817,187450,1111,138027,21,14666,468,74001,2475,140033,489,214034,California
Santa Barbara,2021-04-27,3783,343926,2076,189526,1616,139643,91,14757,1132,72581,2642,142675,1222,215256,California
Santa Barbara,2021-04-28,4906,348832,2858,192384,1931,141574,117,14874,1398,70604,3495,146170,1518,216774,California
Santa Barbara,2021-04-29,5249,354081,3799,196183,1223,142797,227,15101,1438,68472,3795,149965,1663,218437,California
Santa Barbara,2021-04-30,4943,359024,3695,199878,1084,143881,164,15265,1412,66532,3515,153480,1575,220012,California
Santa Barbara,2021-05-01,5250,364274,4068,203946,1148,145029,34,15299,887,63104,4350,157830,922,220934,California
Santa Barbara,2021-05-02,1132,365406,667,204613,337,145366,128,15427,308,62716,824,158654,436,221370,California
Santa Barbara,2021-05-03,2204,367610,1478,206091,587,145953,139,15566,442,61539,1756,160410,579,221949,California
Santa Barbara,2021-05-04,3284,370894,1664,207755,1549,147502,71,15637,1144,60626,2127,162537,1214,223163,California
Santa Barbara,2021-05-05,5428,376322,3669,211424,1612,149114,147,15784,622,56604,4793,167330,771,223934,California
Santa Barbara,2021-05-06,5051,381373,3912,215336,1035,150149,104,15888,964,53602,4070,171400,1068,225002,California
Santa Barbara,2021-05-07,4661,386034,3649,218985,832,150981,180,16068,1002,51132,3649,175049,1179,226181,California
Santa Barbara,2021-05-08,4237,390271,3158,222143,981,151962,98,16166,891,48788,3333,178382,989,227170,California
Santa Barbara,2021-05-09,700,390971,110,222253,550,152512,40,16206,467,49064,232,178614,508,227678,California
Santa Barbara,2021-05-10,1318,392289,621,222874,614,153126,83,16289,364,48558,952,179566,446,228124,California
Santa Barbara,2021-05-11,1822,394111,767,223641,764,153890,291,16580,410,47851,1405,180971,698,228822,California
Santa Barbara,2021-05-12,1549,395660,688,224329,659,154549,202,16782,443,47399,1097,182068,645,229467,California
Santa Barbara,2021-05-13,3569,399229,2713,227042,663,155212,193,16975,1177,46387,2381,184449,1369,230836,California
Santa Barbara,2021-05-14,4146,403375,2529,229571,1523,156735,94,17069,1634,45616,2497,186946,1726,232562,California
Santa Barbara,2021-05-15,3506,406881,2566,232137,921,157656,19,17088,1843,45827,1652,188598,1863,234425,California
Santa Barbara,2021-05-16,1065,407946,466,232603,484,158140,115,17203,470,45821,591,189189,585,235010,California
Santa Barbara,2021-05-17,1635,409581,931,233534,641,158781,63,17266,909,46072,720,189909,971,235981,California
Santa Barbara,2021-05-18,1842,411423,1162,234696,585,159366,95,17361,1000,46342,826,190735,1096,237077,California
Santa Barbara,2021-05-19,1755,413178,967,235663,747,160113,41,17402,819,46273,928,191663,859,237936,California
Santa Barbara,2021-05-20,1267,414445,647,236310,503,160616,117,17519,665,46463,591,192254,781,238717,California
Santa Barbara,2021-05-21,2997,417442,2034,238344,909,161525,54,17573,1119,45772,1865,194119,1174,239891,California
Santa Barbara,2021-05-22,2202,419644,1559,239903,599,162124,44,17617,1309,46237,889,195008,1354,241245,California
Santa Barbara,2021-05-23,559,420203,204,240107,327,162451,28,17645,317,46340,242,195250,345,241590,California
Santa Barbara,2021-05-24,998,421201,584,240691,352,162803,62,17707,502,46412,492,195742,564,242154,California
Santa Barbara,2021-05-25,1397,422598,567,241258,761,163564,69,17776,464,46018,927,196669,533,242687,California
Santa Barbara,2021-05-26,2991,425589,1701,242959,1170,164734,120,17896,826,44813,2150,198819,945,243632,California
Santa Barbara,2021-05-27,1952,427541,1209,244168,599,165333,144,18040,827,44666,1118,199937,971,244603,California
Santa Barbara,2021-05-28,1510,429051,705,244873,654,165987,151,18191,624,44559,883,200820,776,245379,California
Santa Barbara,2021-05-29,896,429947,315,245188,544,166531,37,18228,367,44437,526,201346,404,245783,California
Santa Barbara,2021-05-30,499,430446,179,245367,223,166754,97,18325,186,44408,311,201657,282,246065,California
Santa Barbara,2021-05-31,95,430541,43,245410,42,166796,10,18335,23,44369,71,201728,32,246097,California
Santa Barbara,2021-06-01,1130,431671,593,246003,479,167275,58,18393,467,44236,658,202386,525,246622,California
Santa Barbara,2021-06-02,979,432650,586,246589,311,167586,82,18475,459,44261,515,202901,540,247162,California
Santa Barbara,2021-06-03,1961,434611,1474,248063,436,168022,51,18526,624,43603,1332,204233,674,247836,California
Santa Barbara,2021-06-04,686,435297,136,248199,460,168482,90,18616,184,43377,501,204734,275,248111,California
Santa Clara,2020-12-15,67,67,67,67,0,0,0,0,67,67,0,0,67,67,California
Santa Clara,2020-12-16,147,214,147,214,0,0,0,0,147,214,0,0,147,214,California
Santa Clara,2020-12-17,397,611,397,611,0,0,0,0,397,611,0,0,397,611,California
Santa Clara,2020-12-18,1745,2356,1745,2356,0,0,0,0,1745,2356,0,0,1745,2356,California
Santa Clara,2020-12-19,2088,4444,2088,4444,0,0,0,0,2087,4443,0,0,2087,4443,California
Santa Clara,2020-12-20,1898,6342,1897,6341,1,1,0,0,1895,6338,0,0,1895,6338,California
Santa Clara,2020-12-21,2673,9015,2673,9014,0,1,0,0,2672,9010,0,0,2672,9010,California
Santa Clara,2020-12-22,3133,12148,3126,12140,7,8,0,0,3130,12140,0,0,3130,12140,California
Santa Clara,2020-12-23,3275,15423,3089,15229,186,194,0,0,3274,15414,0,0,3274,15414,California
Santa Clara,2020-12-24,1897,17320,1709,16938,188,382,0,0,1892,17305,1,1,1892,17306,California
Santa Clara,2020-12-25,343,17663,342,17280,1,383,0,0,343,17648,0,1,343,17649,California
Santa Clara,2020-12-26,1265,18928,1033,18313,232,615,0,0,1264,18912,0,1,1264,18913,California
Santa Clara,2020-12-27,653,19581,511,18824,142,757,0,0,653,19565,0,1,653,19566,California
Santa Clara,2020-12-28,2340,21921,1731,20555,609,1366,0,0,2340,21905,0,1,2340,21906,California
Santa Clara,2020-12-29,2360,24281,1493,22048,867,2233,0,0,2359,24264,0,1,2359,24265,California
Santa Clara,2020-12-30,2993,27274,1896,23944,1097,3330,0,0,2991,27253,2,3,2991,27256,California
Santa Clara,2020-12-31,1219,28493,390,24334,829,4159,0,0,1218,28470,1,4,1218,28474,California
Santa Clara,2021-01-01,145,28638,11,24345,134,4293,0,0,144,28613,1,5,144,28618,California
Santa Clara,2021-01-02,1082,29720,814,25159,268,4561,0,0,1082,29695,0,5,1082,29700,California
Santa Clara,2021-01-03,582,30302,367,25526,215,4776,0,0,577,30269,3,8,577,30277,California
Santa Clara,2021-01-04,2470,32772,1671,27197,799,5575,0,0,2467,32736,0,8,2467,32744,California
Santa Clara,2021-01-05,3082,35854,2023,29220,1059,6634,0,0,2889,35439,192,200,2895,35639,California
Santa Clara,2021-01-06,3340,39194,1978,31198,1362,7996,0,0,2745,37596,590,790,2747,38386,California
Santa Clara,2021-01-07,4243,43437,2578,33776,1665,9661,0,0,3159,39693,1075,1865,3172,41558,California
Santa Clara,2021-01-08,5854,49291,3828,37604,2026,11687,0,0,3759,41362,2091,3956,3760,45318,California
Santa Clara,2021-01-09,2986,52277,1872,39476,1114,12801,0,0,1693,41765,1293,5249,1696,47014,California
Santa Clara,2021-01-10,1963,54240,1517,40993,446,13247,0,0,747,41297,1215,6464,747,47761,California
Santa Clara,2021-01-11,5958,60198,3756,44749,2202,15449,0,0,3376,42098,2581,9045,3382,51143,California
Santa Clara,2021-01-12,6807,67005,3408,48157,3399,18848,0,0,4556,44407,2251,11296,4560,55703,California
Santa Clara,2021-01-13,7386,74391,3061,51218,4325,23173,0,0,5204,47433,2180,13476,5206,60909,California
Santa Clara,2021-01-14,8243,82634,2807,54025,5436,28609,0,0,6492,52182,1746,15222,6495,67404,California
Santa Clara,2021-01-15,9482,92116,2688,56713,6794,35403,0,0,8154,59020,1324,16546,8162,75566,California
Santa Clara,2021-01-16,4306,96422,1230,57943,3076,38479,0,0,3467,61654,835,17381,3469,79035,California
Santa Clara,2021-01-17,3234,99656,610,58553,2624,41103,0,0,2731,63882,503,17884,2731,81766,California
Santa Clara,2021-01-18,5118,104774,1164,59717,3954,45057,0,0,4561,67888,557,18441,4563,86329,California
Santa Clara,2021-01-19,8524,113298,2695,62412,5829,50886,0,0,6833,73037,1688,20129,6837,93166,California
Santa Clara,2021-01-20,8099,121397,4126,66538,3973,54859,0,0,6552,78049,1542,21671,6554,99720,California
Santa Clara,2021-01-21,8717,130114,3786,70324,4931,59790,0,0,7509,84356,1206,22877,7513,107233,California
Santa Clara,2021-01-22,8642,138756,3246,73570,5396,65186,0,0,8070,91859,571,23448,8074,115307,California
Santa Clara,2021-01-23,3796,142552,1693,75263,2103,67289,0,0,2831,93730,965,24413,2836,118143,California
Santa Clara,2021-01-24,2841,145393,1423,76686,1418,68707,0,0,2356,95604,482,24895,2356,120499,California
Santa Clara,2021-01-25,8411,153804,3805,80491,4606,73313,0,0,6330,99865,2073,26968,6334,126833,California
Santa Clara,2021-01-26,8329,162133,3809,84300,4520,77833,0,0,6185,103920,2134,29102,6189,133022,California
Santa Clara,2021-01-27,8761,170894,3859,88159,4902,82735,0,0,6837,108853,1905,31007,6838,139860,California
Santa Clara,2021-01-28,9530,180424,3830,91989,5700,88435,0,0,7558,114466,1951,32958,7564,147424,California
Santa Clara,2021-01-29,9554,189978,3946,95935,5608,94043,0,0,7375,119672,2170,35128,7376,154800,California
Santa Clara,2021-01-30,4152,194130,2077,98012,2075,96118,0,0,2934,121402,1211,36339,2941,157741,California
Santa Clara,2021-01-31,2188,196318,1307,99319,881,96999,0,0,1590,122399,594,36933,1591,159332,California
Santa Clara,2021-02-01,7870,204188,3519,102838,4351,101350,0,0,6161,126867,1701,38634,6169,165501,California
Santa Clara,2021-02-02,8631,212819,2891,105729,5740,107090,0,0,6608,131466,2016,40650,6615,172116,California
Santa Clara,2021-02-03,9232,222051,3500,109229,5732,112822,0,0,6944,136143,2280,42930,6957,179073,California
Santa Clara,2021-02-04,10984,233035,4160,113389,6824,119646,0,0,8682,142539,2292,45222,8688,187761,California
Santa Clara,2021-02-05,11968,245003,4362,117751,7606,127252,0,0,8504,147600,3450,48672,8511,196272,California
Santa Clara,2021-02-06,5226,250229,2836,120587,2390,129642,0,0,4053,150486,1170,49842,4056,200328,California
Santa Clara,2021-02-07,3489,253718,2353,122940,1136,130778,0,0,3032,153064,456,50298,3034,203362,California
Santa Clara,2021-02-08,10069,263787,3525,126465,6544,137322,0,0,7346,157702,2709,53007,7347,210709,California
Santa Clara,2021-02-09,11192,274979,3828,130293,7364,144686,0,0,7686,161899,3494,56501,7691,218400,California
Santa Clara,2021-02-10,12695,287674,4946,135239,7749,152435,0,0,6861,162940,5823,62324,6864,225264,California
Santa Clara,2021-02-11,13610,301284,4773,140012,8837,161272,0,0,7735,164816,5860,68184,7736,233000,California
Santa Clara,2021-02-12,14609,315893,4499,144511,10110,171382,0,0,7014,164257,7575,75759,7016,240016,California
Santa Clara,2021-02-13,6101,321994,1470,145981,4631,176013,0,0,2228,162621,3866,79625,2230,242246,California
Santa Clara,2021-02-14,4628,326622,1149,147130,3479,179492,0,0,1477,160952,3149,82774,1480,243726,California
Santa Clara,2021-02-15,6282,332904,2795,149925,3487,182979,0,0,2710,160096,3566,86340,2710,246436,California
Santa Clara,2021-02-16,13850,346754,4043,153968,9807,192786,0,0,6952,160167,6881,93221,6952,253388,California
Santa Clara,2021-02-17,14118,360872,5519,159487,8599,201385,0,0,7055,160182,7045,100266,7060,260448,California
Santa Clara,2021-02-18,14300,375172,8433,167920,5867,207252,0,0,7288,160500,6973,107239,7291,267739,California
Santa Clara,2021-02-19,14959,390131,9595,177515,5364,212616,0,0,8712,162986,6231,113470,8717,276456,California
Santa Clara,2021-02-20,6960,397091,5199,182714,1761,214377,0,0,3754,163544,3196,116666,3754,280210,California
Santa Clara,2021-02-21,3387,400478,2517,185231,870,215247,0,0,1255,162677,2124,118790,1257,281467,California
Santa Clara,2021-02-22,10335,410813,6176,191407,4159,219406,0,0,4808,161970,5516,124306,4809,286276,California
Santa Clara,2021-02-23,12044,422857,7799,199206,4245,223651,0,0,6815,163574,5215,129521,6819,293095,California
Santa Clara,2021-02-24,14306,437163,9239,208445,5067,228718,0,0,8849,166982,5441,134962,8849,301944,California
Santa Clara,2021-02-25,15084,452247,9626,218071,5458,234176,0,0,8224,168377,6835,141797,8230,310174,California
Santa Clara,2021-02-26,15032,467279,8716,226787,6316,240492,0,0,8207,169787,6800,148597,8210,318384,California
Santa Clara,2021-02-27,8273,475552,5731,232518,2541,243033,1,1,4631,170794,3632,152229,4639,323023,California
Santa Clara,2021-02-28,5370,480922,3664,236182,1706,244739,0,1,2666,170765,2695,154924,2666,325689,California
Santa Clara,2021-03-01,14217,495139,8090,244272,6122,250861,5,6,8794,174161,5403,160327,8799,334488,California
Santa Clara,2021-03-02,16090,511229,9539,253811,6550,257411,1,7,10248,178594,5817,166144,10250,344738,California
Santa Clara,2021-03-03,18539,529768,9126,262937,9410,266821,3,10,11495,183090,7006,173150,11502,356240,California
Santa Clara,2021-03-04,16565,546333,9036,271973,7526,274347,3,13,9637,185884,6848,179998,9642,365882,California
Santa Clara,2021-03-05,16645,562978,9265,281238,7254,281601,126,139,9247,187886,7376,187374,9378,375260,California
Santa Clara,2021-03-06,9480,572458,6338,287576,2689,284290,453,592,7107,193085,2360,189734,7559,382819,California
Santa Clara,2021-03-07,6843,579301,4479,292055,2121,286411,243,835,5447,197387,1387,191121,5689,388508,California
Santa Clara,2021-03-08,12950,592251,6748,298803,5626,292037,576,1411,8314,201658,4618,195739,8889,397397,California
Santa Clara,2021-03-09,15249,607500,6526,305329,7385,299422,1338,2749,6839,201439,8390,204129,8171,405568,California
Santa Clara,2021-03-10,15165,622665,6606,311935,6440,305862,2119,4868,6227,200851,8910,213039,8322,413890,California
Santa Clara,2021-03-11,17105,639770,7781,319716,7815,313677,1509,6377,6054,197377,11022,224061,7548,421438,California
Santa Clara,2021-03-12,17773,657543,9132,328848,7065,320742,1576,7953,5973,193146,11759,235820,7528,428966,California
Santa Clara,2021-03-13,10793,668336,6250,335098,3045,323787,1498,9451,4782,193416,5988,241808,6258,435224,California
Santa Clara,2021-03-14,6538,674874,3383,338481,1847,325634,1308,10759,3164,194519,3357,245165,4460,439684,California
Santa Clara,2021-03-15,12842,687716,6564,345045,6004,331638,274,11033,5969,193911,6850,252015,6242,445926,California
Santa Clara,2021-03-16,18241,705957,10319,355364,7714,339352,208,11241,8806,193517,9406,261421,9012,454938,California
Santa Clara,2021-03-17,19995,725952,11326,366690,8501,347853,168,11409,10285,194305,9659,271080,10447,465385,California
Santa Clara,2021-03-18,19135,745087,8960,375650,9005,356858,1170,12579,8944,194277,10135,281215,10107,475492,California
Santa Clara,2021-03-19,19358,764445,9962,385612,8389,365247,1007,13586,9850,195674,9449,290664,10846,486338,California
Santa Clara,2021-03-20,11521,775966,6343,391955,4346,369593,832,14418,6691,198394,4800,295464,7520,493858,California
Santa Clara,2021-03-21,8337,784303,3783,395738,3151,372744,1403,15821,5323,202104,3001,298465,6711,500569,California
Santa Clara,2021-03-22,16373,800676,9149,404887,6873,379617,351,16172,9097,204300,7249,305714,9445,510014,California
Santa Clara,2021-03-23,19271,819947,12253,417140,6493,386110,525,16697,11131,207864,8093,313807,11657,521671,California
Santa Clara,2021-03-24,22650,842597,14595,431735,7639,393749,416,17113,14658,214994,7950,321757,15080,536751,California
Santa Clara,2021-03-25,22996,865593,13196,444931,8826,402575,974,18087,14773,222567,8159,329916,15732,552483,California
Santa Clara,2021-03-26,21998,887591,14006,458937,7603,410178,389,18476,13503,227994,8458,338374,13885,566368,California
Santa Clara,2021-03-27,15743,903334,10469,469406,4501,414679,773,19249,8418,229900,7280,345654,9186,575554,California
Santa Clara,2021-03-28,12100,915434,8389,477795,2996,417675,715,19964,6493,231522,5580,351234,7202,582756,California
Santa Clara,2021-03-29,20619,936053,12649,490444,7243,424918,727,20691,11161,233999,9416,360650,11893,594649,California
Santa Clara,2021-03-30,25705,961758,15286,505730,8467,433385,1952,22643,16184,242645,9480,370130,18126,612775,California
Santa Clara,2021-03-31,20537,982295,11935,517665,7472,440857,1130,23773,12626,248517,7868,377998,13740,626515,California
Santa Clara,2021-04-01,31909,1014204,19897,537562,8943,449800,3069,26842,20161,260036,11682,389680,23201,649716,California
Santa Clara,2021-04-02,25244,1039448,14401,551963,8689,458489,2154,28996,16503,269977,8700,398380,18641,668357,California
Santa Clara,2021-04-03,15325,1054773,9293,561256,3519,462008,2513,31509,8527,274225,6777,405157,11025,679382,California
Santa Clara,2021-04-04,7664,1062437,4053,565309,2440,464448,1171,32680,3978,275693,3675,408832,5143,684525,California
Santa Clara,2021-04-05,21931,1084368,14606,579915,4838,469286,2487,35167,14313,284891,7591,416423,16789,701314,California
Santa Clara,2021-04-06,29604,1113972,16321,596236,7827,477113,5456,40623,17799,296365,11758,428181,23232,724546,California
Santa Clara,2021-04-07,30965,1144937,15968,612204,8478,485591,6519,47142,18893,309727,12016,440197,25378,749924,California
Santa Clara,2021-04-08,30015,1174952,16413,628617,6000,491591,7602,54744,16377,320096,13566,453763,23935,773859,California
Santa Clara,2021-04-09,28125,1203077,13929,642546,6915,498506,7281,62025,14373,328022,13685,467448,21611,795470,California
Santa Clara,2021-04-10,21498,1224575,12425,654971,3764,502270,5309,67334,11489,334795,9976,477424,16749,812219,California
Santa Clara,2021-04-11,16068,1240643,9636,664607,2664,504934,3768,71102,8337,339178,7698,485122,12081,824300,California
Santa Clara,2021-04-12,27044,1267687,19035,683642,5571,510505,2438,73540,18460,351536,8525,493647,20883,845183,California
Santa Clara,2021-04-13,34324,1302011,26983,710625,7311,517816,30,73570,26454,370246,7795,501442,26505,871688,California
Santa Clara,2021-04-14,36875,1338886,27935,738560,8936,526752,4,73574,26211,385893,10600,512042,26247,897935,California
Santa Clara,2021-04-15,44087,1382973,34185,772745,9899,536651,3,73577,33999,409933,9983,522025,34023,931958,California
Santa Clara,2021-04-16,38438,1421411,26316,799061,12119,548770,3,73580,27561,426704,10815,532840,27586,959544,California
Santa Clara,2021-04-17,21997,1443408,15026,814087,6969,555739,2,73582,15104,434982,6843,539683,15121,974665,California
Santa Clara,2021-04-18,16433,1459841,10691,824778,5742,561481,0,73582,10265,439121,6138,545821,10277,984942,California
Santa Clara,2021-04-19,28830,1488671,20868,845646,7961,569442,1,73583,17257,444904,11505,557326,17288,1002230,California
Santa Clara,2021-04-20,36919,1525590,22462,868108,14456,583898,1,73584,22546,453215,14267,571593,22578,1024808,California
Santa Clara,2021-04-21,36823,1562413,21357,889465,15464,599362,2,73586,24361,465236,12373,583966,24394,1049202,California
Santa Clara,2021-04-22,37256,1599669,24843,914308,12412,611774,1,73587,17604,463351,19556,603522,17671,1066873,California
Santa Clara,2021-04-23,32066,1631735,19490,933798,12575,624349,1,73588,15060,461557,16906,620428,15112,1081985,California
Santa Clara,2021-04-24,21138,1652873,15477,949275,5660,630009,1,73589,11986,464494,9080,629508,12017,1094002,California
Santa Clara,2021-04-25,13611,1666484,9844,959119,3761,633770,6,73595,8684,468323,4885,634393,8714,1102716,California
Santa Clara,2021-04-26,24285,1690769,18970,978089,5257,639027,58,73653,10114,464443,14076,648469,10196,1112912,California
Santa Clara,2021-04-27,27022,1717791,19382,997471,7314,646341,326,73979,11814,461508,15116,663585,12181,1125093,California
Santa Clara,2021-04-28,25341,1743132,18687,1016158,6216,652557,438,74417,10426,457595,14834,678419,10921,1136014,California
Santa Clara,2021-04-29,23227,1766359,16874,1033032,5955,658512,398,74815,8349,451597,14807,693226,8809,1144823,California
Santa Clara,2021-04-30,22986,1789345,15746,1048778,6876,665388,364,75179,9747,448630,13152,706378,10185,1155008,California
Santa Clara,2021-05-01,17453,1806798,14513,1063291,2680,668068,260,75439,5463,442454,11941,718319,5765,1160773,California
Santa Clara,2021-05-02,11288,1818086,9366,1072657,1692,669760,230,75669,3479,438418,7767,726086,3731,1164504,California
Santa Clara,2021-05-03,22817,1840903,19372,1092029,3013,672773,432,76101,5127,426393,17619,743705,5594,1170098,California
Santa Clara,2021-05-04,30520,1871423,23874,1115903,6103,678876,543,76644,5481,407514,24942,768647,6063,1176161,California
Santa Clara,2021-05-05,32148,1903571,24399,1140302,7204,686080,545,77189,5431,386891,26623,795270,6000,1182161,California
Santa Clara,2021-05-06,35400,1938971,29503,1169805,5423,691503,474,77663,4678,361471,30593,825863,5173,1187334,California
Santa Clara,2021-05-07,32517,1971488,26153,1195958,5871,697374,493,78156,4627,338871,27760,853623,5160,1192494,California
Santa Clara,2021-05-08,16471,1987959,13397,1209355,2652,700026,422,78578,3477,329878,12908,866531,3915,1196409,California
Santa Clara,2021-05-09,10332,1998291,8963,1218318,1181,701207,188,78766,2454,324692,7841,874372,2655,1199064,California
Santa Clara,2021-05-10,20761,2019052,16635,1234953,3724,704931,402,79168,2719,309871,17963,892335,3142,1202206,California
Santa Clara,2021-05-11,21663,2040715,16294,1251247,4952,709883,417,79585,3901,296523,17673,910008,4325,1206531,California
Santa Clara,2021-05-12,20185,2060900,14797,1266044,4926,714809,462,80047,4186,285266,15920,925928,4663,1211194,California
Santa Clara,2021-05-13,26973,2087873,21967,1288011,4715,719524,291,80338,10740,280151,16152,942080,11037,1222231,California
Santa Clara,2021-05-14,27492,2115365,19154,1307165,7952,727476,386,80724,9590,272326,17812,959892,9987,1232218,California
Santa Clara,2021-05-15,20704,2136069,16604,1323769,3819,731295,281,81005,8051,268091,12574,972466,8339,1240557,California
Santa Clara,2021-05-16,15912,2151981,12913,1336682,2823,734118,176,81181,5229,262896,10603,983069,5408,1245965,California
Santa Clara,2021-05-17,20120,2172101,15820,1352502,3936,738054,364,81545,6896,257006,13152,996221,7262,1253227,California
Santa Clara,2021-05-18,25877,2197978,16458,1368960,9003,747057,416,81961,7260,246201,18481,1014702,7676,1260903,California
Santa Clara,2021-05-19,24340,2222318,14129,1383089,9790,756847,421,82382,7924,238245,16309,1031011,8353,1269256,California
Santa Clara,2021-05-20,16851,2239169,11331,1394420,5132,761979,388,82770,6072,234001,10701,1041712,6457,1275713,California
Santa Clara,2021-05-21,20537,2259706,13878,1408298,6236,768215,423,83193,7043,228080,13401,1055113,7480,1283193,California
Santa Clara,2021-05-22,11435,2271141,8924,1417222,2214,770429,297,83490,4908,226818,6470,1061583,5208,1288401,California
Santa Clara,2021-05-23,6756,2277897,5234,1422456,1368,771797,154,83644,2469,225193,4248,1065831,2623,1291024,California
Santa Clara,2021-05-24,10187,2288084,7199,1429655,2540,774337,448,84092,3649,222812,6478,1072309,4097,1295121,California
Santa Clara,2021-05-25,11069,2299153,7563,1437218,3089,777426,417,84509,4315,220860,6682,1078991,4730,1299851,California
Santa Clara,2021-05-26,10237,2309390,6641,1443859,3268,780694,328,84837,4027,219095,6115,1085106,4350,1304201,California
Santa Clara,2021-05-27,9203,2318593,5838,1449697,2891,783585,474,85311,3566,217556,5572,1090678,4033,1308234,California
Santa Clara,2021-05-28,10639,2329232,6865,1456562,3348,786933,426,85737,4312,216029,6266,1096944,4739,1312973,California
Santa Clara,2021-05-29,6282,2335514,4302,1460864,1704,788637,276,86013,2897,215853,3344,1100288,3168,1316141,California
Santa Clara,2021-05-30,3790,2339304,2842,1463706,738,789375,210,86223,1831,215960,1933,1102221,2040,1318181,California
Santa Clara,2021-05-31,1094,2340398,631,1464337,354,789729,109,86332,442,215865,646,1102867,551,1318732,California
Santa Clara,2021-06-01,9005,2349403,6353,1470690,2272,792001,380,86712,3307,213924,5628,1108495,3687,1322419,California
Santa Clara,2021-06-02,7614,2357017,5489,1476179,1776,793777,349,87061,3085,212871,4478,1112973,3425,1325844,California
Santa Clara,2021-06-03,12045,2369062,9976,1486155,1702,795479,367,87428,2952,207154,9040,1122013,3323,1329167,California
Santa Clara,2021-06-04,9297,2378359,7961,1494116,1112,796591,224,87652,1829,201766,7435,1129448,2047,1331214,California
Santa Cruz,2020-12-15,2,2,2,2,0,0,0,0,2,2,0,0,2,2,California
Santa Cruz,2020-12-16,57,59,57,59,0,0,0,0,57,59,0,0,57,59,California
Santa Cruz,2020-12-17,385,444,385,444,0,0,0,0,385,444,0,0,385,444,California
Santa Cruz,2020-12-18,455,899,455,899,0,0,0,0,455,899,0,0,455,899,California
Santa Cruz,2020-12-19,177,1076,176,1075,1,1,0,0,177,1076,0,0,177,1076,California
Santa Cruz,2020-12-20,92,1168,92,1167,0,1,0,0,92,1168,0,0,92,1168,California
Santa Cruz,2020-12-21,433,1601,433,1600,0,1,0,0,433,1601,0,0,433,1601,California
Santa Cruz,2020-12-22,413,2014,412,2012,1,2,0,0,413,2014,0,0,413,2014,California
Santa Cruz,2020-12-23,358,2372,318,2330,40,42,0,0,358,2372,0,0,358,2372,California
Santa Cruz,2020-12-24,122,2494,47,2377,75,117,0,0,122,2494,0,0,122,2494,California
Santa Cruz,2020-12-25,9,2503,9,2386,0,117,0,0,9,2503,0,0,9,2503,California
Santa Cruz,2020-12-26,61,2564,43,2429,18,135,0,0,61,2564,0,0,61,2564,California
Santa Cruz,2020-12-27,31,2595,26,2455,5,140,0,0,31,2595,0,0,31,2595,California
Santa Cruz,2020-12-28,475,3070,107,2562,368,508,0,0,475,3070,0,0,475,3070,California
Santa Cruz,2020-12-29,781,3851,362,2924,419,927,0,0,781,3851,0,0,781,3851,California
Santa Cruz,2020-12-30,344,4195,156,3080,188,1115,0,0,344,4195,0,0,344,4195,California
Santa Cruz,2020-12-31,309,4504,10,3090,299,1414,0,0,309,4504,0,0,309,4504,California
Santa Cruz,2021-01-01,33,4537,1,3091,32,1446,0,0,33,4537,0,0,33,4537,California
Santa Cruz,2021-01-02,65,4602,52,3143,13,1459,0,0,65,4602,0,0,65,4602,California
Santa Cruz,2021-01-03,14,4616,6,3149,8,1467,0,0,14,4616,0,0,14,4616,California
Santa Cruz,2021-01-04,276,4892,122,3271,154,1621,0,0,274,4890,0,0,274,4890,California
Santa Cruz,2021-01-05,556,5448,423,3694,133,1754,0,0,258,4850,298,298,258,5148,California
Santa Cruz,2021-01-06,790,6238,662,4356,128,1882,0,0,454,4969,335,633,454,5602,California
Santa Cruz,2021-01-07,528,6766,210,4566,318,2200,0,0,374,5190,154,787,375,5977,California
Santa Cruz,2021-01-08,920,7686,552,5118,368,2568,0,0,481,5233,439,1226,482,6459,California
Santa Cruz,2021-01-09,460,8146,122,5240,338,2906,0,0,405,5583,55,1281,405,6864,California
Santa Cruz,2021-01-10,73,8219,64,5304,9,2915,0,0,19,5548,54,1335,19,6883,California
Santa Cruz,2021-01-11,711,8930,580,5884,131,3046,0,0,186,5210,525,1860,187,7070,California
Santa Cruz,2021-01-12,713,9643,520,6404,193,3239,0,0,471,5439,242,2102,471,7541,California
Santa Cruz,2021-01-13,503,10146,223,6627,280,3519,0,0,423,5785,77,2179,423,7964,California
Santa Cruz,2021-01-14,539,10685,98,6725,441,3960,0,0,478,6202,61,2240,478,8442,California
Santa Cruz,2021-01-15,1427,12112,71,6796,1356,5316,0,0,1366,7509,61,2301,1368,9810,California
Santa Cruz,2021-01-16,417,12529,49,6845,368,5684,0,0,401,7894,16,2317,401,10211,California
Santa Cruz,2021-01-17,296,12825,41,6886,255,5939,0,0,272,8142,24,2341,272,10483,California
Santa Cruz,2021-01-18,986,13811,99,6985,887,6826,0,0,925,9006,61,2402,925,11408,California
Santa Cruz,2021-01-19,1592,15403,513,7498,1079,7905,0,0,1248,9913,342,2744,1249,12657,California
Santa Cruz,2021-01-20,1221,16624,176,7674,1045,8950,0,0,1028,10752,190,2934,1029,13686,California
Santa Cruz,2021-01-21,1667,18291,194,7868,1473,10423,0,0,1561,12209,106,3040,1563,15249,California
Santa Cruz,2021-01-22,1759,20050,516,8384,1243,11666,0,0,1657,13768,99,3139,1658,16907,California
Santa Cruz,2021-01-23,393,20443,140,8524,253,11919,0,0,337,14050,55,3194,337,17244,California
Santa Cruz,2021-01-24,113,20556,18,8542,95,12014,0,0,95,14127,18,3212,95,17339,California
Santa Cruz,2021-01-25,1036,21592,352,8894,684,12698,0,0,537,14165,499,3711,537,17876,California
Santa Cruz,2021-01-26,1657,23249,241,9135,1416,14114,0,0,1157,14822,500,4211,1157,19033,California
Santa Cruz,2021-01-27,1627,24876,438,9573,1189,15303,0,0,1245,15687,380,4591,1245,20278,California
Santa Cruz,2021-01-28,1724,26600,284,9857,1440,16743,0,0,1450,16864,274,4865,1451,21729,California
Santa Cruz,2021-01-29,1714,28314,479,10336,1235,17978,0,0,1585,18321,128,4993,1585,23314,California
Santa Cruz,2021-01-30,1047,29361,309,10645,738,18716,0,0,915,19104,132,5125,915,24229,California
Santa Cruz,2021-01-31,218,29579,111,10756,107,18823,0,0,204,19294,14,5139,204,24433,California
Santa Cruz,2021-02-01,1202,30781,738,11494,464,19287,0,0,809,19710,393,5532,809,25242,California
Santa Cruz,2021-02-02,976,31757,122,11616,854,20141,0,0,826,20387,149,5681,826,26068,California
Santa Cruz,2021-02-03,2179,33936,934,12550,1245,21386,0,0,1873,21958,303,5984,1874,27942,California
Santa Cruz,2021-02-04,1815,35751,755,13305,1060,22446,0,0,1483,23110,331,6315,1483,29425,California
Santa Cruz,2021-02-05,3099,38850,756,14061,2343,24789,0,0,2788,25588,310,6625,2788,32213,California
Santa Cruz,2021-02-06,2537,41387,151,14212,2386,27175,0,0,2194,27439,343,6968,2194,34407,California
Santa Cruz,2021-02-07,901,42288,124,14336,777,27952,0,0,883,28304,18,6986,883,35290,California
Santa Cruz,2021-02-08,681,42969,192,14528,489,28441,0,0,490,28604,190,7176,490,35780,California
Santa Cruz,2021-02-09,2335,45304,1047,15575,1288,29729,0,0,2079,30427,256,7432,2079,37859,California
Santa Cruz,2021-02-10,2127,47431,560,16135,1567,31296,0,0,1444,31201,671,8103,1445,39304,California
Santa Cruz,2021-02-11,1805,49236,301,16436,1504,32800,0,0,1300,31998,503,8606,1300,40604,California
Santa Cruz,2021-02-12,3142,52378,408,16844,2734,35534,0,0,1758,32383,1375,9981,1760,42364,California
Santa Cruz,2021-02-13,1671,54049,119,16963,1552,37086,0,0,1266,33244,405,10386,1266,43630,California
Santa Cruz,2021-02-14,1387,55436,68,17031,1319,38405,0,0,1125,34108,262,10648,1126,44756,California
Santa Cruz,2021-02-15,1544,56980,274,17305,1270,39675,0,0,549,33663,995,11643,550,45306,California
Santa Cruz,2021-02-16,1655,58635,200,17505,1455,41130,0,0,513,33056,1120,12763,513,45819,California
Santa Cruz,2021-02-17,2862,61497,957,18462,1905,43035,0,0,1181,32572,1668,14431,1184,47003,California
Santa Cruz,2021-02-18,2819,64316,618,19080,2201,45236,0,0,1212,32181,1603,16034,1212,48215,California
Santa Cruz,2021-02-19,3194,67510,1113,20193,2081,47317,0,0,1964,32918,1227,17261,1964,50179,California
Santa Cruz,2021-02-20,2341,69851,1467,21660,874,48191,0,0,1846,34269,495,17756,1846,52025,California
Santa Cruz,2021-02-21,828,70679,364,22024,464,48655,0,0,699,34841,127,17883,699,52724,California
Santa Cruz,2021-02-22,1211,71890,931,22955,280,48935,0,0,517,34666,692,18575,517,53241,California
Santa Cruz,2021-02-23,2059,73949,918,23873,1141,50076,0,0,692,33992,1366,19941,692,53933,California
Santa Cruz,2021-02-24,3119,77068,1627,25500,1492,51568,0,0,1178,33234,1936,21877,1178,55111,California
Santa Cruz,2021-02-25,3169,80237,1389,26889,1780,53348,0,0,1744,33562,1417,23294,1745,56856,California
Santa Cruz,2021-02-26,2698,82935,742,27631,1956,55304,0,0,1538,33947,1155,24449,1540,58396,California
Santa Cruz,2021-02-27,2610,85545,919,28550,1691,56995,0,0,1825,34989,783,25232,1825,60221,California
Santa Cruz,2021-02-28,1278,86823,361,28911,917,57912,0,0,1067,35848,208,25440,1067,61288,California
Santa Cruz,2021-03-01,1804,88627,1226,30137,578,58490,0,0,665,35376,1137,26577,665,61953,California
Santa Cruz,2021-03-02,1502,90129,352,30489,1150,59640,0,0,850,35578,651,27228,853,62806,California
Santa Cruz,2021-03-03,2301,92430,609,31098,1692,61332,0,0,1254,35788,1044,28272,1254,64060,California
Santa Cruz,2021-03-04,2924,95354,1382,32480,1541,62873,1,1,1967,36811,946,29218,1969,66029,California
Santa Cruz,2021-03-05,2573,97927,468,32948,2088,64961,17,18,1116,36490,1454,30672,1133,67162,California
Santa Cruz,2021-03-06,3742,101669,1268,34216,2375,67336,99,117,2070,36986,1672,32344,2168,69330,California
Santa Cruz,2021-03-07,1332,103001,122,34338,1140,68476,70,187,552,36829,779,33123,622,69952,California
Santa Cruz,2021-03-08,1066,104067,215,34553,722,69198,129,316,644,37178,422,33545,771,70723,California
Santa Cruz,2021-03-09,1743,105810,253,34806,1345,70543,145,461,691,36965,1049,34594,836,71559,California
Santa Cruz,2021-03-10,3786,109596,2068,36874,1576,72119,142,603,1977,37279,1807,36401,2121,73680,California
Santa Cruz,2021-03-11,2764,112360,1202,38076,1392,73511,170,773,1529,37746,1234,37635,1701,75381,California
Santa Cruz,2021-03-12,2696,115056,866,38942,1545,75056,285,1058,903,37143,1789,39424,1186,76567,California
Santa Cruz,2021-03-13,2252,117308,1303,40245,909,75965,40,1098,1152,37240,1097,40521,1194,77761,California
Santa Cruz,2021-03-14,878,118186,201,40446,664,76629,13,1111,419,37214,457,40978,431,78192,California
Santa Cruz,2021-03-15,1300,119486,456,40902,810,77439,34,1145,555,37063,741,41719,590,78782,California
Santa Cruz,2021-03-16,2260,121746,1070,41972,1149,78588,41,1186,1307,37462,948,42667,1347,80129,California
Santa Cruz,2021-03-17,3858,125604,2275,44247,1573,80161,10,1196,2539,38701,1314,43981,2553,82682,California
Santa Cruz,2021-03-18,3784,129388,2034,46281,1633,81794,117,1313,2023,39083,1758,45739,2140,84822,California
Santa Cruz,2021-03-19,3301,132689,1290,47571,1792,83586,219,1532,1715,39435,1581,47320,1933,86755,California
Santa Cruz,2021-03-20,2136,134825,1602,49173,499,84085,35,1567,1068,39471,1067,48387,1103,87858,California
Santa Cruz,2021-03-21,813,135638,435,49608,254,84339,124,1691,423,39632,387,48774,548,88406,California
Santa Cruz,2021-03-22,1318,136956,815,50423,481,84820,22,1713,917,40174,398,49172,940,89346,California
Santa Cruz,2021-03-23,2496,139452,1397,51820,1050,85870,49,1762,1653,41034,842,50014,1702,91048,California
Santa Cruz,2021-03-24,3012,142464,2045,53865,946,86816,21,1783,1998,42044,1008,51022,2018,93066,California
Santa Cruz,2021-03-25,2574,145038,1289,55154,1250,88066,35,1818,1298,42108,1269,52291,1333,94399,California
Santa Cruz,2021-03-26,3044,148082,1760,56914,1256,89322,28,1846,2075,43248,962,53253,2102,96501,California
Santa Cruz,2021-03-27,3114,151196,1932,58846,1157,90479,25,1871,1462,43094,1642,54895,1488,97989,California
Santa Cruz,2021-03-28,902,152098,555,59401,333,90812,14,1885,472,43154,426,55321,486,98475,California
Santa Cruz,2021-03-29,1949,154047,850,60251,1032,91844,67,1952,1257,43790,689,56010,1325,99800,California
Santa Cruz,2021-03-30,2636,156683,791,61042,1695,93539,150,2102,1682,44669,952,56962,1831,101631,California
Santa Cruz,2021-03-31,4100,160783,2781,63823,1273,94812,46,2148,2147,44914,1948,58910,2193,103824,California
Santa Cruz,2021-04-01,3935,164718,2107,65930,1720,96532,108,2256,1989,45072,1939,60849,2097,105921,California
Santa Cruz,2021-04-02,3228,167946,1380,67310,1672,98204,176,2432,1836,45695,1389,62238,2012,107933,California
Santa Cruz,2021-04-03,2206,170152,1204,68514,876,99080,126,2558,864,45344,1340,63578,989,108922,California
Santa Cruz,2021-04-04,922,171074,480,68994,386,99466,56,2614,538,45554,384,63962,594,109516,California
Santa Cruz,2021-04-05,2227,173301,763,69757,1300,100766,164,2778,1378,46249,848,64810,1543,111059,California
Santa Cruz,2021-04-06,3330,176631,1613,71370,1344,102110,373,3151,1930,47157,1390,66200,2298,113357,California
Santa Cruz,2021-04-07,4059,180690,1598,72968,2111,104221,350,3501,1753,46956,2303,68503,2102,115459,California
Santa Cruz,2021-04-08,4172,184862,2284,75252,1388,105609,500,4001,2456,48203,1707,70210,2954,118413,California
Santa Cruz,2021-04-09,3654,188516,1474,76726,1785,107394,395,4396,2052,49056,1595,71805,2448,120861,California
Santa Cruz,2021-04-10,2189,190705,1043,77769,907,108301,239,4635,1019,49147,1166,72971,1257,122118,California
Santa Cruz,2021-04-11,963,191668,500,78269,374,108675,89,4724,460,49193,503,73474,549,122667,California
Santa Cruz,2021-04-12,2263,193931,795,79064,1057,109732,411,5135,1091,49537,1158,74632,1502,124169,California
Santa Cruz,2021-04-13,2852,196783,1411,80475,1440,111172,1,5136,1619,49932,1225,75857,1620,125789,California
Santa Cruz,2021-04-14,4537,201320,2172,82647,2365,113537,0,5136,2230,49865,2299,78156,2232,128021,California
Santa Cruz,2021-04-15,4944,206264,3133,85780,1811,115348,0,5136,3138,51208,1795,79951,3138,131159,California
Santa Cruz,2021-04-16,4388,210652,2411,88191,1975,117323,2,5138,2393,51617,1987,81938,2396,133555,California
Santa Cruz,2021-04-17,2199,212851,870,89061,1329,118652,0,5138,1461,52342,736,82674,1461,135016,California
Santa Cruz,2021-04-18,1034,213885,495,89556,538,119190,1,5139,578,52467,454,83128,579,135595,California
Santa Cruz,2021-04-19,2498,216383,1479,91035,1018,120208,1,5140,1593,53158,902,84030,1593,137188,California
Santa Cruz,2021-04-20,3076,219459,1619,92654,1457,121665,0,5140,1785,53661,1283,85313,1786,138974,California
Santa Cruz,2021-04-21,4141,223600,2767,95421,1374,123039,0,5140,2239,54017,1884,87197,2240,141214,California
Santa Cruz,2021-04-22,4214,227814,2844,98265,1370,124409,0,5140,2378,54568,1827,89024,2378,143592,California
Santa Cruz,2021-04-23,3114,230928,1679,99944,1434,125843,1,5141,1348,54160,1756,90780,1348,144940,California
Santa Cruz,2021-04-24,2194,233122,1060,101004,1131,126974,3,5144,685,53349,1499,92279,688,145628,California
Santa Cruz,2021-04-25,1066,234188,679,101683,375,127349,12,5156,436,53174,622,92901,447,146075,California
Santa Cruz,2021-04-26,1863,236051,902,102585,947,128296,14,5170,736,52808,1117,94018,751,146826,California
Santa Cruz,2021-04-27,2828,238879,895,103480,1856,130152,77,5247,1411,52885,1411,95429,1488,148314,California
Santa Cruz,2021-04-28,3346,242225,1843,105323,1428,131580,75,5322,1744,53111,1590,97019,1816,150130,California
Santa Cruz,2021-04-29,3639,245864,2413,107736,1164,132744,62,5384,1255,52057,2373,99392,1319,151449,California
Santa Cruz,2021-04-30,2341,248205,1182,108918,1116,133860,43,5427,992,51752,1341,100733,1036,152485,California
Santa Cruz,2021-05-01,1255,249460,992,109910,231,134091,32,5459,594,51719,659,101392,626,153111,California
Santa Cruz,2021-05-02,624,250084,442,110352,157,134248,25,5484,212,51545,412,101804,238,153349,California
Santa Cruz,2021-05-03,1881,251965,963,111315,854,135102,64,5548,653,51046,1217,103021,718,154067,California
Santa Cruz,2021-05-04,2623,254588,1512,112827,1041,136143,70,5618,856,50206,1764,104785,924,154991,California
Santa Cruz,2021-05-05,2702,257290,1336,114163,1287,137430,79,5697,710,49048,1951,106736,793,155784,California
Santa Cruz,2021-05-06,3757,261047,2388,116551,1154,138584,215,5912,841,47203,2898,109634,1053,156837,California
Santa Cruz,2021-05-07,2682,263729,1203,117754,1399,139983,80,5992,427,45461,2250,111884,508,157345,California
Santa Cruz,2021-05-08,1330,265059,659,118413,643,140626,28,6020,371,44903,959,112843,401,157746,California
Santa Cruz,2021-05-09,500,265559,323,118736,155,140781,22,6042,153,44734,344,113187,175,157921,California
Santa Cruz,2021-05-10,2015,267574,1195,119931,759,141540,61,6103,409,43606,1598,114785,470,158391,California
Santa Cruz,2021-05-11,2279,269853,1270,121201,932,142472,77,6180,628,42664,1646,116431,704,159095,California
Santa Cruz,2021-05-12,3019,272872,1261,122462,1687,144159,71,6251,518,40762,2492,118923,590,159685,California
Santa Cruz,2021-05-13,3704,276576,2503,124965,1112,145271,89,6340,1304,39761,2396,121319,1395,161080,California
Santa Cruz,2021-05-14,2942,279518,1613,126578,1291,146562,38,6378,1151,39169,1783,123102,1191,162271,California
Santa Cruz,2021-05-15,2259,281777,1315,127893,932,147494,12,6390,1107,39139,1149,124251,1119,163390,California
Santa Cruz,2021-05-16,705,282482,357,128250,327,147821,21,6411,201,38859,503,124754,223,163613,California
Santa Cruz,2021-05-17,1509,283991,787,129037,656,148477,66,6477,577,38571,931,125685,643,164256,California
Santa Cruz,2021-05-18,2280,286271,1399,130436,858,149335,23,6500,1135,38591,1138,126823,1158,165414,California
Santa Cruz,2021-05-19,3014,289285,1818,132254,1162,150497,34,6534,1318,38255,1688,128511,1352,166766,California
Santa Cruz,2021-05-20,2813,292098,2058,134312,609,151106,146,6680,1341,38277,1465,129976,1487,168253,California
Santa Cruz,2021-05-21,1343,293441,709,135021,549,151655,85,6765,518,38059,821,130797,603,168856,California
Santa Cruz,2021-05-22,1393,294834,1181,136202,206,151861,6,6771,526,37728,864,131661,533,169389,California
Santa Cruz,2021-05-23,216,295050,164,136366,36,151897,16,6787,91,37712,123,131784,107,169496,California
Santa Cruz,2021-05-24,1154,296204,664,137030,413,152310,77,6864,350,37343,796,132580,427,169923,California
Santa Cruz,2021-05-25,2260,298464,1300,138330,914,153224,46,6910,498,36271,1616,134196,544,170467,California
Santa Cruz,2021-05-26,1696,300160,793,139123,861,154085,42,6952,498,35625,1186,135382,540,171007,California
Santa Cruz,2021-05-27,1274,301434,674,139797,497,154582,103,7055,468,35397,799,136181,571,171578,California
Santa Cruz,2021-05-28,849,302283,379,140176,440,155022,30,7085,375,35338,465,136646,406,171984,California
Santa Cruz,2021-05-29,574,302857,326,140502,238,155260,10,7095,323,35422,250,136896,334,172318,California
Santa Cruz,2021-05-30,238,303095,121,140623,105,155365,12,7107,97,35392,138,137034,108,172426,California
Santa Cruz,2021-05-31,143,303238,64,140687,78,155443,1,7108,46,35343,96,137130,47,172473,California
Santa Cruz,2021-06-01,910,304148,560,141247,338,155781,12,7120,349,35144,559,137689,360,172833,California
Santa Cruz,2021-06-02,873,305021,525,141772,310,156091,38,7158,367,35048,501,138190,405,173238,California
Santa Cruz,2021-06-03,2226,307247,1516,143288,671,156762,39,7197,582,34035,1634,139824,621,173859,California
Santa Cruz,2021-06-04,415,307662,293,143581,97,156859,25,7222,85,33818,326,140150,109,173968,California
Shasta,2020-12-16,130,130,130,130,0,0,0,0,130,130,0,0,130,130,California
Shasta,2020-12-17,421,551,421,551,0,0,0,0,421,551,0,0,421,551,California
Shasta,2020-12-18,164,715,164,715,0,0,0,0,164,715,0,0,164,715,California
Shasta,2020-12-19,1,716,1,716,0,0,0,0,1,716,0,0,1,716,California
Shasta,2020-12-21,75,791,75,791,0,0,0,0,75,791,0,0,75,791,California
Shasta,2020-12-22,190,981,185,976,5,5,0,0,190,981,0,0,190,981,California
Shasta,2020-12-23,170,1151,166,1142,4,9,0,0,170,1151,0,0,170,1151,California
Shasta,2020-12-24,21,1172,21,1163,0,9,0,0,21,1172,0,0,21,1172,California
Shasta,2020-12-26,4,1176,1,1164,3,12,0,0,4,1176,0,0,4,1176,California
Shasta,2020-12-27,1,1177,0,1164,1,13,0,0,1,1177,0,0,1,1177,California
Shasta,2020-12-28,38,1215,29,1193,9,22,0,0,38,1215,0,0,38,1215,California
Shasta,2020-12-29,179,1394,178,1371,1,23,0,0,179,1394,0,0,179,1394,California
Shasta,2020-12-30,179,1573,169,1540,10,33,0,0,179,1573,0,0,179,1573,California
Shasta,2020-12-31,83,1656,2,1542,81,114,0,0,83,1656,0,0,83,1656,California
Shasta,2021-01-02,2,1658,0,1542,2,116,0,0,2,1658,0,0,2,1658,California
Shasta,2021-01-03,1,1659,1,1543,0,116,0,0,1,1659,0,0,1,1659,California
Shasta,2021-01-04,365,2024,302,1845,63,179,0,0,366,2025,0,0,366,2025,California
Shasta,2021-01-05,332,2356,312,2157,20,199,0,0,252,2197,80,80,252,2277,California
Shasta,2021-01-06,461,2817,390,2547,71,270,0,0,201,2139,259,339,201,2478,California
Shasta,2021-01-07,129,2946,40,2587,89,359,0,0,104,2218,25,364,104,2582,California
Shasta,2021-01-08,521,3467,446,3033,75,434,0,0,313,2323,208,572,313,2895,California
Shasta,2021-01-09,72,3539,63,3096,9,443,0,0,70,2391,2,574,70,2965,California
Shasta,2021-01-10,5,3544,0,3096,5,448,0,0,3,2394,2,576,5,2970,California
Shasta,2021-01-11,399,3943,182,3278,217,665,0,0,366,2727,33,609,366,3336,California
Shasta,2021-01-12,479,4422,322,3600,157,822,0,0,309,2866,170,779,309,3645,California
Shasta,2021-01-13,596,5018,267,3867,329,1151,0,0,427,3124,169,948,427,4072,California
Shasta,2021-01-14,493,5511,54,3921,439,1590,0,0,473,3577,20,968,473,4545,California
Shasta,2021-01-15,677,6188,137,4058,540,2130,0,0,675,4250,2,970,675,5220,California
Shasta,2021-01-16,889,7077,53,4111,836,2966,0,0,886,5133,3,973,886,6106,California
Shasta,2021-01-17,27,7104,6,4117,21,2987,0,0,23,5152,4,977,23,6129,California
Shasta,2021-01-18,596,7700,127,4244,469,3456,0,0,589,5734,7,984,589,6718,California
Shasta,2021-01-19,1049,8749,392,4636,657,4113,0,0,906,6497,143,1127,906,7624,California
Shasta,2021-01-20,675,9424,413,5049,262,4375,0,0,488,6803,182,1309,488,8112,California
Shasta,2021-01-21,617,10041,279,5328,338,4713,0,0,596,7378,21,1330,596,8708,California
Shasta,2021-01-22,432,10473,173,5501,259,4972,0,0,426,7798,6,1336,426,9134,California
Shasta,2021-01-23,62,10535,5,5506,57,5029,0,0,61,7858,1,1337,61,9195,California
Shasta,2021-01-24,25,10560,2,5508,23,5052,0,0,24,7881,1,1338,24,9219,California
Shasta,2021-01-25,742,11302,485,5993,257,5309,0,0,460,8060,281,1619,460,9679,California
Shasta,2021-01-26,695,11997,336,6329,359,5668,0,0,461,8289,232,1851,461,10140,California
Shasta,2021-01-27,456,12453,187,6516,269,5937,0,0,407,8647,49,1900,407,10547,California
Shasta,2021-01-28,876,13329,571,7087,305,6242,0,0,657,9085,219,2119,657,11204,California
Shasta,2021-01-29,814,14143,330,7417,484,6726,0,0,626,9524,188,2307,627,11831,California
Shasta,2021-01-30,611,14754,15,7432,596,7322,0,0,601,10115,10,2317,601,12432,California
Shasta,2021-01-31,27,14781,3,7435,24,7346,0,0,26,10140,1,2318,26,12458,California
Shasta,2021-02-01,535,15316,149,7584,386,7732,0,0,392,10390,143,2461,393,12851,California
Shasta,2021-02-02,985,16301,499,8083,486,8218,0,0,895,11197,88,2549,895,13746,California
Shasta,2021-02-03,704,17005,211,8294,493,8711,0,0,471,11435,233,2782,471,14217,California
Shasta,2021-02-04,1088,18093,676,8970,412,9123,0,0,897,12142,190,2972,897,15114,California
Shasta,2021-02-05,1254,19347,166,9136,1088,10211,0,0,1046,12981,207,3179,1046,16160,California
Shasta,2021-02-06,1737,21084,40,9176,1697,11908,0,0,1714,14672,23,3202,1714,17874,California
Shasta,2021-02-07,25,21109,3,9179,22,11930,0,0,23,14693,2,3204,23,17897,California
Shasta,2021-02-08,592,21701,167,9346,425,12355,0,0,305,14711,287,3491,305,18202,California
Shasta,2021-02-09,1119,22820,647,9993,472,12827,0,0,730,15053,389,3880,731,18933,California
Shasta,2021-02-10,1124,23944,792,10785,332,13159,0,0,601,15131,524,4404,602,19535,California
Shasta,2021-02-11,877,24821,184,10969,693,13852,0,0,360,14979,512,4916,360,19895,California
Shasta,2021-02-12,1769,26590,1203,12172,566,14418,0,0,1229,15668,540,5456,1229,21124,California
Shasta,2021-02-13,1364,27954,365,12537,999,15417,0,0,558,15420,807,6263,559,21683,California
Shasta,2021-02-14,148,28102,4,12541,144,15561,0,0,125,15522,23,6286,125,21808,California
Shasta,2021-02-15,377,28479,95,12636,282,15843,0,0,210,15565,167,6453,210,22018,California
Shasta,2021-02-16,1190,29669,517,13153,673,16516,0,0,421,15218,768,7221,421,22439,California
Shasta,2021-02-17,1038,30707,451,13604,587,17103,0,0,420,15020,618,7839,420,22859,California
Shasta,2021-02-18,937,31644,469,14073,468,17571,0,0,455,14994,482,8321,456,23315,California
Shasta,2021-02-19,1334,32978,951,15024,383,17954,0,0,876,15412,458,8779,876,24191,California
Shasta,2021-02-20,792,33770,88,15112,704,18658,0,0,299,15218,493,9272,299,24490,California
Shasta,2021-02-21,31,33801,3,15115,28,18686,0,0,9,15205,22,9294,9,24499,California
Shasta,2021-02-22,430,34231,80,15195,350,19036,0,0,181,15138,248,9542,181,24680,California
Shasta,2021-02-23,909,35140,470,15665,439,19475,0,0,327,14883,582,10124,327,25007,California
Shasta,2021-02-24,871,36011,502,16167,369,19844,0,0,268,14549,602,10726,268,25275,California
Shasta,2021-02-25,521,36532,173,16340,348,20192,0,0,168,14365,352,11078,168,25443,California
Shasta,2021-02-26,775,37307,94,16434,681,20873,0,0,332,14255,442,11520,332,25775,California
Shasta,2021-02-27,808,38115,26,16460,782,21655,0,0,187,13823,619,12139,187,25962,California
Shasta,2021-02-28,177,38292,4,16464,173,21828,0,0,127,13900,50,12189,127,26089,California
Shasta,2021-03-01,588,38880,57,16521,531,22359,0,0,296,13905,291,12480,296,26385,California
Shasta,2021-03-02,1031,39911,473,16994,558,22917,0,0,340,13556,689,13169,340,26725,California
Shasta,2021-03-03,673,40584,174,17168,499,23416,0,0,242,13367,431,13600,242,26967,California
Shasta,2021-03-04,2989,43573,2401,19569,588,24004,0,0,1722,13824,1266,14866,1723,28690,California
Shasta,2021-03-05,1542,45115,159,19728,1354,25358,29,29,777,13864,766,15632,806,29496,California
Shasta,2021-03-06,2722,47837,383,20111,2294,27652,45,74,851,12891,1869,17501,896,30392,California
Shasta,2021-03-07,92,47929,4,20115,56,27708,32,106,38,12907,54,17555,70,30462,California
Shasta,2021-03-08,571,48500,52,20167,381,28089,138,244,157,12790,412,17967,295,30757,California
Shasta,2021-03-09,1235,49735,595,20762,464,28553,176,420,681,13093,553,18520,856,31613,California
Shasta,2021-03-10,798,50533,256,21018,340,28893,202,622,139,12774,658,19178,339,31952,California
Shasta,2021-03-11,1537,52070,471,21489,800,29693,266,888,926,13358,608,19786,1192,33144,California
Shasta,2021-03-12,1552,53622,850,22339,457,30150,245,1133,404,12858,1147,20933,647,33791,California
Shasta,2021-03-13,755,54377,424,22763,229,30379,102,1235,474,13152,280,21213,574,34365,California
Shasta,2021-03-14,1010,55387,8,22771,980,31359,22,1257,873,13911,137,21350,896,35261,California
Shasta,2021-03-15,493,55880,38,22809,356,31715,99,1356,209,13934,284,21634,307,35568,California
Shasta,2021-03-16,1132,57012,145,22954,919,32634,68,1424,848,14566,284,21918,916,36484,California
Shasta,2021-03-17,723,57735,184,23138,481,33115,58,1482,386,14680,330,22248,444,36928,California
Shasta,2021-03-18,1528,59263,584,23722,841,33956,103,1585,1104,15467,420,22668,1207,38135,California
Shasta,2021-03-19,635,59898,196,23918,383,34339,56,1641,402,15693,232,22900,458,38593,California
Shasta,2021-03-20,737,60635,485,24403,241,34580,11,1652,594,16155,143,23043,605,39198,California
Shasta,2021-03-21,313,60948,298,24701,4,34584,11,1663,286,16426,26,23069,297,39495,California
Shasta,2021-03-22,344,61292,37,24738,271,34855,36,1699,196,16511,147,23216,232,39727,California
Shasta,2021-03-23,1308,62600,652,25390,596,35451,60,1759,756,16780,547,23763,816,40543,California
Shasta,2021-03-24,612,63212,161,25551,414,35865,37,1796,371,16948,240,24003,408,40951,California
Shasta,2021-03-25,1117,64329,430,25981,666,36531,21,1817,802,17460,312,24315,824,41775,California
Shasta,2021-03-26,1809,66138,1381,27362,397,36928,31,1848,1452,18587,357,24672,1484,43259,California
Shasta,2021-03-27,1570,67708,387,27749,315,37243,868,2716,556,18995,1012,25684,1420,44679,California
Shasta,2021-03-28,402,68110,297,28046,95,37338,10,2726,299,19203,101,25785,309,44988,California
Shasta,2021-03-29,418,68528,40,28086,367,37705,11,2737,165,19127,252,26037,176,45164,California
Shasta,2021-03-30,1230,69758,756,28842,457,38162,17,2754,612,19141,615,26652,629,45793,California
Shasta,2021-03-31,614,70372,203,29045,405,38567,6,2760,374,19286,235,26887,380,46173,California
Shasta,2021-04-01,885,71257,237,29282,636,39203,12,2772,560,19535,323,27210,572,46745,California
Shasta,2021-04-02,733,71990,185,29467,495,39698,53,2825,398,19653,333,27543,451,47196,California
Shasta,2021-04-03,509,72499,362,29829,129,39827,18,2843,387,19936,122,27665,405,47601,California
Shasta,2021-04-04,289,72788,176,30005,94,39921,19,2862,217,20100,72,27737,236,47837,California
Shasta,2021-04-05,435,73223,68,30073,309,40230,58,2920,251,20225,184,27921,309,48146,California
Shasta,2021-04-06,1131,74354,485,30558,480,40710,166,3086,536,20336,590,28511,701,48847,California
Shasta,2021-04-07,645,74999,202,30760,281,40991,162,3248,249,20354,392,28903,410,49257,California
Shasta,2021-04-08,1134,76133,257,31017,722,41713,155,3403,212,19801,920,29823,367,49624,California
Shasta,2021-04-09,2564,78697,2053,33070,303,42016,208,3611,1991,21432,566,30389,2197,51821,California
Shasta,2021-04-10,872,79569,586,33656,158,42174,128,3739,262,21210,610,30999,388,52209,California
Shasta,2021-04-11,1244,80813,397,34053,827,43001,20,3759,143,20276,1097,32096,163,52372,California
Shasta,2021-04-12,334,81147,7,34060,267,43268,60,3819,96,20194,237,32333,155,52527,California
Shasta,2021-04-13,1261,82408,365,34425,894,44162,2,3821,338,19614,919,33252,339,52866,California
Shasta,2021-04-14,588,82996,148,34573,438,44600,2,3823,219,19467,368,33620,221,53087,California
Shasta,2021-04-15,1061,84057,253,34826,808,45408,0,3823,299,19007,759,34379,299,53386,California
Shasta,2021-04-16,2302,86359,1824,36650,478,45886,0,3823,928,18563,1372,35751,928,54314,California
Shasta,2021-04-17,619,86978,396,37046,223,46109,0,3823,178,18301,441,36192,179,54493,California
Shasta,2021-04-18,264,87242,239,37285,25,46134,0,3823,32,18103,230,36422,32,54525,California
Shasta,2021-04-19,376,87618,27,37312,349,46483,0,3823,160,18047,216,36638,160,54685,California
Shasta,2021-04-20,980,88598,231,37543,749,47232,0,3823,363,17794,616,37254,363,55048,California
Shasta,2021-04-21,587,89185,206,37749,381,47613,0,3823,299,17805,288,37542,299,55347,California
Shasta,2021-04-22,950,90135,269,38018,681,48294,0,3823,297,17451,651,38193,297,55644,California
Shasta,2021-04-23,641,90776,250,38268,391,48685,0,3823,323,17457,317,38510,323,55967,California
Shasta,2021-04-24,596,91372,357,38625,238,48923,1,3824,107,17077,487,38997,107,56074,California
Shasta,2021-04-25,209,91581,180,38805,28,48951,1,3825,36,16941,173,39170,37,56111,California
Shasta,2021-04-26,479,92060,50,38855,424,49375,5,3830,332,17132,145,39315,336,56447,California
Shasta,2021-04-27,526,92586,170,39025,321,49696,35,3865,294,17230,229,39544,327,56774,California
Shasta,2021-04-28,565,93151,144,39169,389,50085,32,3897,251,17198,314,39858,282,57056,California
Shasta,2021-04-29,767,93918,111,39280,633,50718,23,3920,180,16815,586,40444,203,57259,California
Shasta,2021-04-30,2235,96153,1818,41098,387,51105,30,3950,256,15123,1978,42422,286,57545,California
Shasta,2021-05-01,221,96374,19,41117,126,51231,76,4026,94,15166,127,42549,170,57715,California
Shasta,2021-05-02,46,96420,16,41133,17,51248,13,4039,19,15171,27,42576,32,57747,California
Shasta,2021-05-03,344,96764,93,41226,226,51474,25,4064,107,15067,236,42812,132,57879,California
Shasta,2021-05-04,522,97286,192,41418,293,51767,37,4101,253,15091,266,43078,290,58169,California
Shasta,2021-05-05,432,97718,140,41558,275,52042,17,4118,198,15072,234,43312,215,58384,California
Shasta,2021-05-06,686,98404,259,41817,389,52431,38,4156,291,15014,386,43698,328,58712,California
Shasta,2021-05-07,1102,99506,729,42546,335,52766,38,4194,299,14549,802,44500,337,59049,California
Shasta,2021-05-08,166,99672,82,42628,73,52839,11,4205,97,14588,68,44568,107,59156,California
Shasta,2021-05-09,64,99736,14,42642,45,52884,5,4210,34,14597,30,44598,39,59195,California
Shasta,2021-05-10,256,99992,19,42661,188,53072,49,4259,112,14614,141,44739,158,59353,California
Shasta,2021-05-11,495,100487,149,42810,199,53271,147,4406,175,14617,319,45058,322,59675,California
Shasta,2021-05-12,360,100847,138,42948,200,53471,22,4428,116,14512,243,45301,138,59813,California
Shasta,2021-05-13,536,101383,226,43174,295,53766,15,4443,197,14387,337,45638,212,60025,California
Shasta,2021-05-14,635,102018,269,43443,341,54107,25,4468,292,14363,342,45980,318,60343,California
Shasta,2021-05-15,382,102400,120,43563,161,54268,101,4569,159,14400,222,46202,259,60602,California
Shasta,2021-05-16,220,102620,154,43717,56,54324,10,4579,162,14514,58,46260,172,60774,California
Shasta,2021-05-17,526,103146,238,43955,229,54553,59,4638,280,14608,245,46505,339,61113,California
Shasta,2021-05-18,605,103751,290,44245,290,54843,25,4663,323,14674,282,46787,348,61461,California
Shasta,2021-05-19,586,104337,276,44521,243,55086,67,4730,286,14730,297,47084,353,61814,California
Shasta,2021-05-20,511,104848,232,44753,260,55346,19,4749,240,14721,268,47352,259,62073,California
Shasta,2021-05-21,553,105401,251,45004,283,55629,19,4768,295,14779,256,47608,314,62387,California
Shasta,2021-05-22,199,105600,113,45117,77,55706,9,4777,127,14845,70,47678,136,62523,California
Shasta,2021-05-23,93,105693,44,45161,41,55747,8,4785,61,14882,32,47710,69,62592,California
Shasta,2021-05-24,522,106215,161,45322,331,56078,30,4815,191,14773,330,48040,221,62813,California
Shasta,2021-05-25,441,106656,178,45500,218,56296,45,4860,158,14695,280,48320,202,63015,California
Shasta,2021-05-26,369,107025,142,45642,202,56498,25,4885,148,14647,221,48541,173,63188,California
Shasta,2021-05-27,420,107445,155,45797,256,56754,9,4894,158,14555,259,48800,167,63355,California
Shasta,2021-05-28,437,107882,197,45994,212,56966,28,4922,206,14561,228,49028,234,63589,California
Shasta,2021-05-29,223,108105,63,46057,130,57096,30,4952,94,14554,129,49157,122,63711,California
Shasta,2021-05-30,85,108190,49,46106,34,57130,2,4954,57,14585,28,49185,59,63770,California
Shasta,2021-05-31,35,108225,9,46115,25,57155,1,4955,12,14576,22,49207,13,63783,California
Shasta,2021-06-01,523,108748,153,46268,226,57381,144,5099,137,14479,379,49586,282,64065,California
Shasta,2021-06-02,291,109039,118,46386,164,57545,9,5108,124,14447,165,49751,133,64198,California
Shasta,2021-06-03,333,109372,157,46543,169,57714,7,5115,122,14366,210,49961,129,64327,California
Shasta,2021-06-04,235,109607,118,46661,103,57817,14,5129,93,14331,142,50103,107,64434,California
Sierra,2020-12-18,1,1,1,1,0,0,0,0,1,1,0,0,1,1,California
Sierra,2020-12-21,2,3,2,3,0,0,0,0,2,3,0,0,2,3,California
Sierra,2020-12-22,12,15,12,15,0,0,0,0,12,15,0,0,12,15,California
Sierra,2020-12-23,4,19,4,19,0,0,0,0,4,19,0,0,4,19,California
Sierra,2020-12-28,1,20,0,19,1,1,0,0,1,20,0,0,1,20,California
Sierra,2020-12-29,49,69,7,26,42,43,0,0,49,69,0,0,49,69,California
Sierra,2020-12-30,2,71,0,26,2,45,0,0,2,71,0,0,2,71,California
Sierra,2020-12-31,13,84,0,26,13,58,0,0,13,84,0,0,13,84,California
Sierra,2021-01-01,1,85,1,27,0,58,0,0,1,85,0,0,1,85,California
Sierra,2021-01-05,63,148,2,29,61,119,0,0,63,148,0,0,63,148,California
Sierra,2021-01-06,1,149,1,30,0,119,0,0,1,149,0,0,1,149,California
Sierra,2021-01-07,21,170,1,31,20,139,0,0,20,168,1,1,20,169,California
Sierra,2021-01-08,1,171,1,32,0,139,0,0,1,169,0,1,1,170,California
Sierra,2021-01-11,3,174,3,35,0,139,0,0,0,166,3,4,0,170,California
Sierra,2021-01-12,38,212,12,47,26,165,0,0,26,180,12,16,26,196,California
Sierra,2021-01-13,3,215,3,50,0,165,0,0,0,177,3,19,0,196,California
Sierra,2021-01-14,35,250,2,52,33,198,0,0,35,212,0,19,35,231,California
Sierra,2021-01-15,3,253,1,53,2,200,0,0,3,215,0,19,3,234,California
Sierra,2021-01-18,2,255,0,53,2,202,0,0,2,217,0,19,2,236,California
Sierra,2021-01-19,32,287,0,53,32,234,0,0,32,249,0,19,32,268,California
Sierra,2021-01-20,1,288,1,54,0,234,0,0,1,250,0,19,1,269,California
Sierra,2021-01-21,53,341,0,54,53,287,0,0,53,303,0,19,53,322,California
Sierra,2021-01-22,2,343,0,54,2,289,0,0,2,305,0,19,2,324,California
Sierra,2021-01-23,2,345,0,54,2,291,0,0,2,307,0,19,2,326,California
Sierra,2021-01-26,62,407,0,54,62,353,0,0,24,293,38,57,24,350,California
Sierra,2021-01-27,4,411,4,58,0,353,0,0,0,289,4,61,0,350,California
Sierra,2021-01-28,53,464,0,58,53,406,0,0,43,322,10,71,43,393,California
Sierra,2021-01-29,1,465,0,58,1,407,0,0,1,323,0,71,1,394,California
Sierra,2021-01-30,3,468,3,61,0,407,0,0,2,324,1,72,2,396,California
Sierra,2021-02-01,1,469,0,61,1,408,0,0,0,323,1,73,0,396,California
Sierra,2021-02-02,59,528,1,62,58,466,0,0,21,306,38,111,21,417,California
Sierra,2021-02-03,6,534,5,67,1,467,0,0,5,310,1,112,5,422,California
Sierra,2021-02-04,101,635,4,71,97,564,0,0,52,313,49,161,52,474,California
Sierra,2021-02-05,5,640,3,74,2,566,0,0,4,316,1,162,4,478,California
Sierra,2021-02-09,54,694,0,74,54,620,0,0,51,364,3,165,51,529,California
Sierra,2021-02-10,3,697,1,75,2,622,0,0,3,367,0,165,3,532,California
Sierra,2021-02-11,194,891,1,76,193,815,0,0,134,441,60,225,134,666,California
Sierra,2021-02-12,20,911,0,76,20,835,0,0,20,461,0,225,20,686,California
Sierra,2021-02-13,1,912,1,77,0,835,0,0,1,462,0,225,1,687,California
Sierra,2021-02-15,2,914,2,79,0,835,0,0,0,460,2,227,0,687,California
Sierra,2021-02-16,43,957,0,79,43,878,0,0,10,437,33,260,10,697,California
Sierra,2021-02-17,4,961,0,79,4,882,0,0,1,435,3,263,1,698,California
Sierra,2021-02-18,143,1104,0,79,143,1025,0,0,93,478,50,313,93,791,California
Sierra,2021-02-19,2,1106,1,80,1,1026,0,0,1,478,1,314,1,792,California
Sierra,2021-02-20,2,1108,2,82,0,1026,0,0,0,476,2,316,0,792,California
Sierra,2021-02-23,4,1112,0,82,4,1030,0,0,4,480,0,316,4,796,California
Sierra,2021-02-24,1,1113,0,82,1,1031,0,0,1,481,0,316,1,797,California
Sierra,2021-02-25,125,1238,1,83,124,1155,0,0,59,475,65,381,59,856,California
Sierra,2021-02-26,11,1249,6,89,5,1160,0,0,4,472,7,388,4,860,California
Sierra,2021-02-27,2,1251,2,91,0,1160,0,0,0,470,2,390,0,860,California
Sierra,2021-03-01,1,1252,1,92,0,1160,0,0,0,469,1,391,0,860,California
Sierra,2021-03-02,58,1310,0,92,58,1218,0,0,39,489,19,410,39,899,California
Sierra,2021-03-03,2,1312,2,94,0,1218,0,0,1,489,1,411,1,900,California
Sierra,2021-03-04,108,1420,0,94,108,1326,0,0,60,501,48,459,60,960,California
Sierra,2021-03-05,13,1433,1,95,12,1338,0,0,11,510,2,461,11,971,California
Sierra,2021-03-07,1,1434,1,96,0,1338,0,0,0,509,1,462,0,971,California
Sierra,2021-03-08,2,1436,2,98,0,1338,0,0,2,511,0,462,2,973,California
Sierra,2021-03-09,58,1494,0,98,58,1396,0,0,11,475,47,509,11,984,California
Sierra,2021-03-10,6,1500,0,98,6,1402,0,0,4,477,2,511,4,988,California
Sierra,2021-03-11,176,1676,0,98,176,1578,0,0,44,389,132,643,44,1032,California
Sierra,2021-03-12,20,1696,1,99,19,1597,0,0,0,369,20,663,0,1032,California
Sierra,2021-03-13,28,1724,0,99,28,1625,0,0,28,397,0,663,28,1060,California
Sierra,2021-03-15,2,1726,0,99,0,1625,2,2,0,397,2,665,2,1062,California
Sierra,2021-03-16,36,1762,0,99,35,1660,1,3,22,406,14,679,23,1085,California
Sierra,2021-03-17,1,1763,0,99,1,1661,0,3,0,405,1,680,0,1085,California
Sierra,2021-03-18,160,1923,0,99,160,1821,0,3,65,375,95,775,65,1150,California
Sierra,2021-03-19,4,1927,2,101,2,1823,0,3,1,373,3,778,1,1151,California
Sierra,2021-03-20,1,1928,0,101,1,1824,0,3,1,374,0,778,1,1152,California
Sierra,2021-03-23,22,1950,0,101,22,1846,0,3,13,378,9,787,13,1165,California
Sierra,2021-03-24,3,1953,1,102,2,1848,0,3,1,377,2,789,1,1166,California
Sierra,2021-03-25,99,2052,1,103,98,1946,0,3,50,378,49,838,50,1216,California
Sierra,2021-03-26,12,2064,1,104,11,1957,0,3,8,382,4,842,8,1224,California
Sierra,2021-03-27,1,2065,0,104,1,1958,0,3,0,381,1,843,0,1224,California
Sierra,2021-03-29,1,2066,1,105,0,1958,0,3,0,380,1,844,0,1224,California
Sierra,2021-03-30,56,2122,1,106,55,2013,0,3,22,368,34,878,22,1246,California
Sierra,2021-03-31,8,2130,0,106,8,2021,0,3,8,376,0,878,8,1254,California
Sierra,2021-04-01,63,2193,1,107,62,2083,0,3,5,325,56,934,5,1259,California
Sierra,2021-04-02,3,2196,2,109,1,2084,0,3,2,326,1,935,2,1261,California
Sierra,2021-04-04,1,2197,0,109,1,2085,0,3,0,326,0,935,0,1261,California
Sierra,2021-04-06,11,2208,0,109,11,2096,0,3,1,317,10,945,1,1262,California
Sierra,2021-04-07,14,2222,3,112,6,2102,5,8,3,315,10,955,8,1270,California
Sierra,2021-04-08,53,2275,2,114,51,2153,0,8,16,294,37,992,16,1286,California
Sierra,2021-04-09,2,2277,2,116,0,2153,0,8,1,294,1,993,1,1287,California
Sierra,2021-04-10,27,2304,0,116,27,2180,0,8,0,267,27,1020,0,1287,California
Sierra,2021-04-12,1,2305,0,116,0,2180,1,9,0,267,1,1021,1,1288,California
Sierra,2021-04-13,45,2350,0,116,45,2225,0,9,5,232,40,1061,5,1293,California
Sierra,2021-04-14,1,2351,0,116,1,2226,0,9,1,233,0,1061,1,1294,California
Sierra,2021-04-15,49,2400,1,117,48,2274,0,9,2,188,47,1108,2,1296,California
Sierra,2021-04-17,2,2402,1,118,1,2275,0,9,1,188,1,1109,1,1297,California
Sierra,2021-04-18,1,2403,0,118,1,2276,0,9,0,188,0,1109,0,1297,California
Sierra,2021-04-19,2,2405,1,119,1,2277,0,9,1,188,1,1110,1,1298,California
Sierra,2021-04-20,33,2438,1,120,32,2309,0,9,6,167,27,1137,6,1304,California
Sierra,2021-04-21,2,2440,1,121,1,2310,0,9,1,167,1,1138,1,1305,California
Sierra,2021-04-22,64,2504,1,122,63,2373,0,9,5,114,58,1196,5,1310,California
Sierra,2021-04-23,12,2516,0,122,12,2385,0,9,4,110,8,1204,4,1314,California
Sierra,2021-04-24,4,2520,0,122,4,2389,0,9,4,114,0,1204,4,1318,California
Sierra,2021-04-27,27,2547,0,122,27,2416,0,9,4,95,23,1227,4,1322,California
Sierra,2021-04-28,10,2557,2,124,8,2424,0,9,1,87,9,1236,1,1323,California
Sierra,2021-04-29,20,2577,2,126,18,2442,0,9,14,95,6,1242,14,1337,California
Sierra,2021-04-30,3,2580,1,127,2,2444,0,9,1,94,2,1244,1,1338,California
Sierra,2021-05-03,1,2581,1,128,0,2444,0,9,1,95,0,1244,1,1339,California
Sierra,2021-05-04,2,2583,0,128,1,2445,1,10,0,94,2,1246,1,1340,California
Sierra,2021-05-05,23,2606,1,129,22,2467,0,10,8,87,15,1261,8,1348,California
Sierra,2021-05-06,1,2607,1,130,0,2467,0,10,0,86,1,1262,0,1348,California
Sierra,2021-05-07,1,2608,1,131,0,2467,0,10,1,87,0,1262,1,1349,California
Sierra,2021-05-08,1,2609,0,131,0,2467,1,11,0,87,1,1263,1,1350,California
Sierra,2021-05-11,11,2620,0,131,4,2471,7,18,0,83,11,1274,7,1357,California
Sierra,2021-05-12,10,2630,1,132,9,2480,0,18,7,87,3,1277,7,1364,California
Sierra,2021-05-13,3,2633,2,134,1,2481,0,18,2,88,1,1278,2,1366,California
Sierra,2021-05-14,3,2636,1,135,2,2483,0,18,3,91,0,1278,3,1369,California
Sierra,2021-05-17,1,2637,1,136,0,2483,0,18,1,92,0,1278,1,1370,California
Sierra,2021-05-18,1,2638,0,136,0,2483,1,19,0,92,1,1279,1,1371,California
Sierra,2021-05-19,6,2644,3,139,3,2486,0,19,2,90,4,1283,2,1373,California
Sierra,2021-05-20,9,2653,8,147,0,2486,1,20,8,98,1,1284,9,1382,California
Sierra,2021-05-21,3,2656,1,148,2,2488,0,20,1,97,2,1286,1,1383,California
Sierra,2021-05-22,4,2660,0,148,4,2492,0,20,0,93,4,1290,0,1383,California
Sierra,2021-05-23,1,2661,0,148,1,2493,0,20,1,94,0,1290,1,1384,California
Sierra,2021-05-24,3,2664,1,149,2,2495,0,20,2,95,1,1291,2,1386,California
Sierra,2021-05-25,3,2667,0,149,3,2498,0,20,1,94,2,1293,1,1387,California
Sierra,2021-05-26,8,2675,0,149,8,2506,0,20,4,94,4,1297,4,1391,California
Sierra,2021-05-27,9,2684,1,150,7,2513,1,21,2,90,7,1304,3,1394,California
Sierra,2021-05-28,4,2688,2,152,2,2515,0,21,2,90,2,1306,2,1396,California
Sierra,2021-05-29,2,2690,0,152,2,2517,0,21,2,92,0,1306,2,1398,California
Sierra,2021-05-30,1,2691,1,153,0,2517,0,21,1,93,0,1306,1,1399,California
Sierra,2021-06-01,1,2692,0,153,1,2518,0,21,0,92,1,1307,0,1399,California
Sierra,2021-06-02,21,2713,0,153,21,2539,0,21,0,72,20,1327,0,1399,California
Sierra,2021-06-03,2,2715,2,155,0,2539,0,21,0,70,2,1329,0,1399,California
Siskiyou,2020-12-16,2,2,2,2,0,0,0,0,2,2,0,0,2,2,California
Siskiyou,2020-12-17,4,6,4,6,0,0,0,0,4,6,0,0,4,6,California
Siskiyou,2020-12-18,2,8,2,8,0,0,0,0,2,8,0,0,2,8,California
Siskiyou,2020-12-19,4,12,4,12,0,0,0,0,4,12,0,0,4,12,California
Siskiyou,2020-12-20,1,13,1,13,0,0,0,0,1,13,0,0,1,13,California
Siskiyou,2020-12-21,131,144,131,144,0,0,0,0,131,144,0,0,131,144,California
Siskiyou,2020-12-22,158,302,158,302,0,0,0,0,158,302,0,0,158,302,California
Siskiyou,2020-12-23,142,444,142,444,0,0,0,0,142,444,0,0,142,444,California
Siskiyou,2020-12-24,5,449,5,449,0,0,0,0,5,449,0,0,5,449,California
Siskiyou,2020-12-26,2,451,0,449,2,2,0,0,2,451,0,0,2,451,California
Siskiyou,2020-12-27,2,453,0,449,2,4,0,0,2,453,0,0,2,453,California
Siskiyou,2020-12-28,3,456,1,450,2,6,0,0,3,456,0,0,3,456,California
Siskiyou,2020-12-29,6,462,2,452,4,10,0,0,6,462,0,0,6,462,California
Siskiyou,2020-12-30,98,560,3,455,95,105,0,0,98,560,0,0,98,560,California
Siskiyou,2020-12-31,12,572,0,455,12,117,0,0,12,572,0,0,12,572,California
Siskiyou,2021-01-02,1,573,1,456,0,117,0,0,1,573,0,0,1,573,California
Siskiyou,2021-01-03,1,574,0,456,1,118,0,0,1,574,0,0,1,574,California
Siskiyou,2021-01-04,129,703,3,459,126,244,0,0,129,703,0,0,129,703,California
Siskiyou,2021-01-05,118,821,4,463,114,358,0,0,117,819,1,1,117,820,California
Siskiyou,2021-01-06,59,880,6,469,53,411,0,0,55,870,4,5,55,875,California
Siskiyou,2021-01-07,174,1054,4,473,170,581,0,0,173,1042,1,6,173,1048,California
Siskiyou,2021-01-08,40,1094,3,476,37,618,0,0,38,1078,2,8,38,1086,California
Siskiyou,2021-01-09,2,1096,2,478,0,618,0,0,0,1076,2,10,0,1086,California
Siskiyou,2021-01-11,225,1321,64,542,161,779,0,0,163,1177,62,72,163,1249,California
Siskiyou,2021-01-12,323,1644,274,816,49,828,0,0,90,1035,233,305,91,1340,California
Siskiyou,2021-01-13,157,1801,137,953,20,848,0,0,23,924,134,439,23,1363,California
Siskiyou,2021-01-14,25,1826,1,954,24,872,0,0,24,947,1,440,24,1387,California
Siskiyou,2021-01-15,35,1861,3,957,32,904,0,0,35,982,0,440,35,1422,California
Siskiyou,2021-01-16,7,1868,2,959,5,909,0,0,7,989,0,440,7,1429,California
Siskiyou,2021-01-17,1,1869,1,960,0,909,0,0,0,988,1,441,0,1429,California
Siskiyou,2021-01-18,76,1945,3,963,73,982,0,0,74,1060,2,443,74,1503,California
Siskiyou,2021-01-19,21,1966,1,964,20,1002,0,0,20,1079,1,444,20,1523,California
Siskiyou,2021-01-20,47,2013,35,999,12,1014,0,0,43,1118,4,448,43,1566,California
Siskiyou,2021-01-21,42,2055,1,1000,41,1055,0,0,42,1160,0,448,42,1608,California
Siskiyou,2021-01-22,1327,3382,1175,2175,152,1207,0,0,1327,2487,0,448,1327,2935,California
Siskiyou,2021-01-23,5,3387,1,2176,4,1211,0,0,2,2486,3,451,2,2937,California
Siskiyou,2021-01-25,182,3569,8,2184,174,1385,0,0,178,2660,4,455,178,3115,California
Siskiyou,2021-01-26,119,3688,3,2187,116,1501,0,0,111,2763,8,463,111,3226,California
Siskiyou,2021-01-27,182,3870,1,2188,181,1682,0,0,127,2835,55,518,127,3353,California
Siskiyou,2021-01-28,231,4101,117,2305,114,1796,0,0,225,3054,6,524,225,3578,California
Siskiyou,2021-01-29,249,4350,3,2308,246,2042,0,0,247,3299,2,526,247,3825,California
Siskiyou,2021-01-30,4,4354,3,2311,1,2043,0,0,4,3303,0,526,4,3829,California
Siskiyou,2021-02-01,194,4548,3,2314,191,2234,0,0,105,3319,89,615,105,3934,California
Siskiyou,2021-02-02,289,4837,45,2359,244,2478,0,0,146,3322,143,758,146,4080,California
Siskiyou,2021-02-03,315,5152,1,2360,314,2792,0,0,264,3535,51,809,264,4344,California
Siskiyou,2021-02-04,317,5469,7,2367,310,3102,0,0,196,3610,121,930,196,4540,California
Siskiyou,2021-02-05,511,5980,4,2371,507,3609,0,0,349,3797,162,1092,349,4889,California
Siskiyou,2021-02-06,15,5995,0,2371,15,3624,0,0,15,3812,0,1092,15,4904,California
Siskiyou,2021-02-07,3,5998,2,2373,1,3625,0,0,3,3815,0,1092,3,4907,California
Siskiyou,2021-02-08,218,6216,4,2377,214,3839,0,0,214,4025,4,1096,214,5121,California
Siskiyou,2021-02-09,194,6410,3,2380,191,4030,0,0,161,4153,33,1129,161,5282,California
Siskiyou,2021-02-10,371,6781,41,2421,330,4360,0,0,318,4419,52,1181,318,5600,California
Siskiyou,2021-02-11,189,6970,1,2422,188,4548,0,0,174,4578,15,1196,174,5774,California
Siskiyou,2021-02-12,1687,8657,1198,3620,489,5037,0,0,498,3887,1189,2385,498,6272,California
Siskiyou,2021-02-13,37,8694,2,3622,35,5072,0,0,33,3916,4,2389,33,6305,California
Siskiyou,2021-02-14,5,8699,1,3623,4,5076,0,0,5,3921,0,2389,5,6310,California
Siskiyou,2021-02-15,102,8801,4,3627,98,5174,0,0,100,4019,2,2391,100,6410,California
Siskiyou,2021-02-16,114,8915,2,3629,112,5286,0,0,99,4103,15,2406,99,6509,California
Siskiyou,2021-02-17,176,9091,8,3637,168,5454,0,0,162,4251,14,2420,162,6671,California
Siskiyou,2021-02-18,221,9312,88,3725,133,5587,0,0,98,4226,123,2543,98,6769,California
Siskiyou,2021-02-19,71,9383,34,3759,37,5624,0,0,34,4223,37,2580,34,6803,California
Siskiyou,2021-02-20,22,9405,3,3762,19,5643,0,0,17,4235,5,2585,17,6820,California
Siskiyou,2021-02-21,1,9406,1,3763,0,5643,0,0,1,4236,0,2585,1,6821,California
Siskiyou,2021-02-22,125,9531,2,3765,123,5766,0,0,19,4149,106,2691,19,6840,California
Siskiyou,2021-02-23,161,9692,15,3780,146,5912,0,0,46,4080,115,2806,46,6886,California
Siskiyou,2021-02-24,151,9843,5,3785,146,6058,0,0,38,4005,113,2919,38,6924,California
Siskiyou,2021-02-25,294,10137,18,3803,276,6334,0,0,148,4007,146,3065,148,7072,California
Siskiyou,2021-02-26,669,10806,9,3812,660,6994,0,0,367,4072,302,3367,367,7439,California
Siskiyou,2021-02-27,32,10838,5,3817,27,7021,0,0,28,4096,4,3371,28,7467,California
Siskiyou,2021-02-28,6,10844,5,3822,1,7022,0,0,4,4098,2,3373,4,7471,California
Siskiyou,2021-03-01,280,11124,6,3828,274,7296,0,0,50,3918,230,3603,50,7521,California
Siskiyou,2021-03-02,189,11313,1,3829,188,7484,0,0,70,3869,119,3722,70,7591,California
Siskiyou,2021-03-03,347,11660,10,3839,337,7821,0,0,153,3828,194,3916,153,7744,California
Siskiyou,2021-03-04,787,12447,617,4456,170,7991,0,0,632,4305,155,4071,632,8376,California
Siskiyou,2021-03-05,326,12773,5,4461,310,8301,11,11,106,4205,217,4288,117,8493,California
Siskiyou,2021-03-06,43,12816,3,4464,33,8334,7,18,28,4225,15,4303,35,8528,California
Siskiyou,2021-03-07,10,12826,2,4466,0,8334,8,26,1,4225,9,4312,9,8537,California
Siskiyou,2021-03-08,353,13179,24,4490,295,8629,34,60,59,4024,294,4606,93,8630,California
Siskiyou,2021-03-09,163,13342,2,4492,106,8735,55,115,56,4028,107,4713,111,8741,California
Siskiyou,2021-03-10,220,13562,6,4498,184,8919,30,145,28,3894,192,4905,58,8799,California
Siskiyou,2021-03-11,476,14038,206,4704,223,9142,47,192,276,4018,199,5104,323,9122,California
Siskiyou,2021-03-12,651,14689,141,4845,471,9613,39,231,184,3776,465,5569,223,9345,California
Siskiyou,2021-03-13,429,15118,380,5225,26,9639,23,254,380,4130,49,5618,403,9748,California
Siskiyou,2021-03-14,20,15138,1,5226,3,9642,16,270,2,4130,18,5636,18,9766,California
Siskiyou,2021-03-15,455,15593,258,5484,175,9817,22,292,320,4337,135,5771,342,10108,California
Siskiyou,2021-03-16,257,15850,34,5518,207,10024,16,308,141,4379,115,5886,157,10265,California
Siskiyou,2021-03-17,200,16050,9,5527,183,10207,8,316,34,4255,166,6052,42,10307,California
Siskiyou,2021-03-18,925,16975,787,6314,126,10333,12,328,810,4962,115,6167,822,11129,California
Siskiyou,2021-03-19,66,17041,7,6321,46,10379,13,341,19,4947,47,6214,32,11161,California
Siskiyou,2021-03-20,29,17070,7,6328,18,10397,4,345,6,4934,23,6237,10,11171,California
Siskiyou,2021-03-21,10,17080,4,6332,1,10398,5,350,4,4937,6,6243,9,11180,California
Siskiyou,2021-03-22,208,17288,21,6353,165,10563,22,372,145,5044,60,6303,167,11347,California
Siskiyou,2021-03-23,176,17464,19,6372,148,10711,9,381,128,5133,48,6351,137,11484,California
Siskiyou,2021-03-24,143,17607,47,6419,96,10807,0,381,116,5222,27,6378,116,11600,California
Siskiyou,2021-03-25,566,18173,316,6735,247,11054,3,384,396,5451,170,6548,399,11999,California
Siskiyou,2021-03-26,305,18478,35,6770,270,11324,0,384,104,5356,199,6747,104,12103,California
Siskiyou,2021-03-27,39,18517,6,6776,28,11352,5,389,11,5344,28,6775,16,12119,California
Siskiyou,2021-03-28,7,18524,6,6782,1,11353,0,389,5,5347,2,6777,5,12124,California
Siskiyou,2021-03-29,95,18619,10,6792,83,11436,2,391,45,5344,50,6827,47,12171,California
Siskiyou,2021-03-30,102,18721,6,6798,95,11531,1,392,41,5325,61,6888,42,12213,California
Siskiyou,2021-03-31,181,18902,12,6810,166,11697,3,395,48,5245,132,7020,52,12265,California
Siskiyou,2021-04-01,826,19728,669,7479,157,11854,0,395,213,4845,613,7633,213,12478,California
Siskiyou,2021-04-02,348,20076,197,7676,147,12001,4,399,66,4635,280,7913,70,12548,California
Siskiyou,2021-04-03,26,20102,5,7681,14,12015,7,406,5,4626,21,7934,12,12560,California
Siskiyou,2021-04-04,2,20104,1,7682,1,12016,0,406,1,4626,1,7935,1,12561,California
Siskiyou,2021-04-05,437,20541,332,8014,80,12096,25,431,27,4269,409,8344,52,12613,California
Siskiyou,2021-04-06,220,20761,36,8050,131,12227,53,484,126,4354,93,8437,178,12791,California
Siskiyou,2021-04-07,114,20875,10,8060,63,12290,41,525,65,4411,49,8486,106,12897,California
Siskiyou,2021-04-08,349,21224,179,8239,127,12417,43,568,64,4233,285,8771,107,13004,California
Siskiyou,2021-04-09,546,21770,378,8617,130,12547,38,606,84,3895,461,9232,123,13127,California
Siskiyou,2021-04-10,46,21816,6,8623,3,12550,37,643,7,3900,39,9271,44,13171,California
Siskiyou,2021-04-11,7,21823,5,8628,1,12551,1,644,2,3898,5,9276,3,13174,California
Siskiyou,2021-04-12,128,21951,24,8652,103,12654,1,645,48,3867,80,9356,49,13223,California
Siskiyou,2021-04-13,206,22157,37,8689,168,12822,1,646,82,3826,124,9480,83,13306,California
Siskiyou,2021-04-14,155,22312,64,8753,91,12913,0,646,84,3841,69,9549,84,13390,California
Siskiyou,2021-04-15,1116,23428,957,9710,159,13072,0,646,437,3599,679,10228,437,13827,California
Siskiyou,2021-04-16,300,23728,208,9918,92,13164,0,646,268,3836,31,10259,268,14095,California
Siskiyou,2021-04-17,12,23740,9,9927,3,13167,0,646,7,3838,5,10264,7,14102,California
Siskiyou,2021-04-18,5,23745,3,9930,2,13169,0,646,1,3835,4,10268,1,14103,California
Siskiyou,2021-04-19,127,23872,24,9954,103,13272,0,646,45,3798,82,10350,45,14148,California
Siskiyou,2021-04-20,220,24092,4,9958,216,13488,0,646,91,3760,129,10479,91,14239,California
Siskiyou,2021-04-21,95,24187,10,9968,85,13573,0,646,25,3715,70,10549,25,14264,California
Siskiyou,2021-04-22,410,24597,298,10266,112,13685,0,646,50,3405,360,10909,50,14314,California
Siskiyou,2021-04-23,181,24778,15,10281,166,13851,0,646,159,3543,21,10930,159,14473,California
Siskiyou,2021-04-24,28,24806,4,10285,24,13875,0,646,20,3555,8,10938,20,14493,California
Siskiyou,2021-04-25,2,24808,0,10285,2,13877,0,646,2,3557,0,10938,2,14495,California
Siskiyou,2021-04-26,98,24906,5,10290,88,13965,5,651,23,3510,75,11013,28,14523,California
Siskiyou,2021-04-27,104,25010,4,10294,98,14063,2,653,84,3578,18,11031,86,14609,California
Siskiyou,2021-04-28,109,25119,7,10301,94,14157,8,661,52,3581,57,11088,60,14669,California
Siskiyou,2021-04-29,105,25224,14,10315,91,14248,0,661,25,3526,80,11168,25,14694,California
Siskiyou,2021-04-30,103,25327,21,10336,81,14329,1,662,45,3516,55,11223,45,14739,California
Siskiyou,2021-05-01,11,25338,7,10343,1,14330,3,665,7,3522,4,11227,10,14749,California
Siskiyou,2021-05-02,10,25348,4,10347,6,14336,0,665,8,3528,2,11229,8,14757,California
Siskiyou,2021-05-03,108,25456,24,10371,82,14418,2,667,45,3512,63,11292,47,14804,California
Siskiyou,2021-05-04,121,25577,6,10377,113,14531,2,669,60,3514,60,11352,62,14866,California
Siskiyou,2021-05-05,114,25691,19,10396,86,14617,9,678,39,3488,74,11426,48,14914,California
Siskiyou,2021-05-06,367,26058,296,10692,65,14682,6,684,190,3507,177,11603,196,15110,California
Siskiyou,2021-05-07,309,26367,219,10911,85,14767,5,689,33,3270,275,11878,38,15148,California
Siskiyou,2021-05-08,25,26392,4,10915,20,14787,1,690,18,3282,7,11885,19,15167,California
Siskiyou,2021-05-09,1,26393,0,10915,1,14788,0,690,0,3281,1,11886,0,15167,California
Siskiyou,2021-05-10,99,26492,68,10983,30,14818,1,691,22,3227,77,11963,23,15190,California
Siskiyou,2021-05-11,86,26578,8,10991,73,14891,5,696,51,3248,35,11998,56,15246,California
Siskiyou,2021-05-12,53,26631,4,10995,45,14936,4,700,15,3229,38,12036,19,15265,California
Siskiyou,2021-05-13,76,26707,31,11026,36,14972,9,709,34,3230,42,12078,43,15308,California
Siskiyou,2021-05-14,169,26876,81,11107,87,15059,1,710,102,3267,66,12144,103,15411,California
Siskiyou,2021-05-15,44,26920,14,11121,28,15087,2,712,37,3300,6,12150,39,15450,California
Siskiyou,2021-05-16,6,26926,2,11123,4,15091,0,712,4,3302,2,12152,4,15454,California
Siskiyou,2021-05-17,64,26990,2,11125,39,15130,23,735,12,3285,52,12204,35,15489,California
Siskiyou,2021-05-18,216,27206,81,11206,131,15261,4,739,122,3318,93,12297,126,15615,California
Siskiyou,2021-05-19,155,27361,97,11303,57,15318,1,740,124,3412,31,12328,125,15740,California
Siskiyou,2021-05-20,493,27854,422,11725,69,15387,2,742,226,3373,267,12595,228,15968,California
Siskiyou,2021-05-21,181,28035,95,11820,86,15473,0,742,108,3409,72,12667,108,16076,California
Siskiyou,2021-05-22,41,28076,19,11839,22,15495,0,742,26,3420,15,12682,26,16102,California
Siskiyou,2021-05-23,4,28080,3,11842,1,15496,0,742,2,3420,2,12684,2,16104,California
Siskiyou,2021-05-24,18,28098,3,11845,15,15511,0,742,6,3415,11,12695,6,16110,California
Siskiyou,2021-05-25,156,28254,16,11861,120,15631,20,762,51,3383,103,12798,71,16181,California
Siskiyou,2021-05-26,75,28329,19,11880,56,15687,0,762,42,3392,33,12831,42,16223,California
Siskiyou,2021-05-27,129,28458,93,11973,35,15722,1,763,58,3380,71,12902,59,16282,California
Siskiyou,2021-05-28,153,28611,57,12030,95,15817,1,764,101,3431,51,12953,102,16384,California
Siskiyou,2021-05-29,16,28627,9,12039,4,15821,3,767,5,3428,11,12964,8,16392,California
Siskiyou,2021-05-31,2,28629,1,12040,0,15821,1,768,1,3429,1,12965,2,16394,California
Siskiyou,2021-06-01,86,28715,20,12060,66,15887,0,768,29,3402,56,13021,29,16423,California
Siskiyou,2021-06-02,121,28836,35,12095,86,15973,0,768,44,3369,77,13098,44,16467,California
Siskiyou,2021-06-03,133,28969,97,12192,31,16004,5,773,29,3299,104,13202,34,16501,California
Siskiyou,2021-06-04,61,29030,50,12242,11,16015,0,773,14,3266,47,13249,14,16515,California
Solano,2020-12-15,4,4,4,4,0,0,0,0,4,4,0,0,4,4,California
Solano,2020-12-16,70,74,70,74,0,0,0,0,70,74,0,0,70,74,California
Solano,2020-12-17,154,228,154,228,0,0,0,0,154,228,0,0,154,228,California
Solano,2020-12-18,443,671,442,670,1,1,0,0,443,671,0,0,443,671,California
Solano,2020-12-19,520,1191,520,1190,0,1,0,0,520,1191,0,0,520,1191,California
Solano,2020-12-20,352,1543,350,1540,2,3,0,0,352,1543,0,0,352,1543,California
Solano,2020-12-21,575,2118,573,2113,2,5,0,0,575,2118,0,0,575,2118,California
Solano,2020-12-22,659,2777,626,2739,33,38,0,0,659,2777,0,0,659,2777,California
Solano,2020-12-23,863,3640,771,3510,92,130,0,0,862,3638,1,1,862,3639,California
Solano,2020-12-24,418,4058,171,3681,247,377,0,0,418,4056,0,1,418,4057,California
Solano,2020-12-25,9,4067,1,3682,8,385,0,0,9,4065,0,1,9,4066,California
Solano,2020-12-26,172,4239,47,3729,125,510,0,0,172,4237,0,1,172,4238,California
Solano,2020-12-27,105,4344,29,3758,76,586,0,0,105,4342,0,1,105,4343,California
Solano,2020-12-28,864,5208,422,4180,442,1028,0,0,864,5206,0,1,864,5207,California
Solano,2020-12-29,900,6108,371,4551,529,1557,0,0,900,6106,0,1,900,6107,California
Solano,2020-12-30,1228,7336,593,5144,635,2192,0,0,1228,7334,0,1,1228,7335,California
Solano,2020-12-31,538,7874,137,5281,401,2593,0,0,538,7872,0,1,538,7873,California
Solano,2021-01-01,15,7889,14,5295,1,2594,0,0,15,7887,0,1,15,7888,California
Solano,2021-01-02,215,8104,166,5461,49,2643,0,0,215,8102,0,1,215,8103,California
Solano,2021-01-03,53,8157,37,5498,16,2659,0,0,49,8151,0,1,49,8152,California
Solano,2021-01-04,451,8608,244,5742,207,2866,0,0,441,8589,3,4,441,8593,California
Solano,2021-01-05,731,9339,377,6119,354,3220,0,0,577,9017,149,153,577,9170,California
Solano,2021-01-06,840,10179,432,6551,408,3628,0,0,579,9337,259,412,579,9749,California
Solano,2021-01-07,1027,11206,644,7195,383,4011,0,0,590,9493,435,847,591,10340,California
Solano,2021-01-08,1144,12350,778,7973,366,4377,0,0,556,9482,570,1417,559,10899,California
Solano,2021-01-09,885,13235,762,8735,123,4500,0,0,426,9455,456,1873,429,11328,California
Solano,2021-01-10,259,13494,193,8928,66,4566,0,0,158,9512,101,1974,158,11486,California
Solano,2021-01-11,1337,14831,1123,10051,214,4780,0,0,815,9809,522,2496,819,12305,California
Solano,2021-01-12,1567,16398,1167,11218,400,5180,0,0,1018,10280,548,3044,1019,13324,California
Solano,2021-01-13,1470,17868,1006,12224,464,5644,0,0,1210,11232,258,3302,1210,14534,California
Solano,2021-01-14,1891,19759,811,13035,1080,6724,0,0,1579,12500,311,3613,1579,16113,California
Solano,2021-01-15,1716,21475,1055,14090,661,7385,0,0,1422,13628,294,3907,1422,17535,California
Solano,2021-01-16,1297,22772,909,14999,388,7773,0,0,1122,14575,175,4082,1122,18657,California
Solano,2021-01-17,1055,23827,759,15758,296,8069,0,0,1035,15591,20,4102,1036,19693,California
Solano,2021-01-18,1423,25250,850,16608,573,8642,0,0,1307,16783,116,4218,1308,21001,California
Solano,2021-01-19,1656,26906,1339,17947,317,8959,0,0,1388,17904,267,4485,1388,22389,California
Solano,2021-01-20,2030,28936,1420,19367,610,9569,0,0,1544,18967,483,4968,1546,23935,California
Solano,2021-01-21,3208,32144,1018,20385,2190,11759,0,0,2855,21472,353,5321,2858,26793,California
Solano,2021-01-22,1773,33917,846,21231,927,12686,0,0,1579,22857,194,5515,1579,28372,California
Solano,2021-01-23,742,34659,243,21474,499,13185,0,0,536,23188,207,5722,538,28910,California
Solano,2021-01-24,408,35067,62,21536,346,13531,0,0,340,23460,68,5790,340,29250,California
Solano,2021-01-25,1679,36746,632,22168,1047,14578,0,0,1118,24023,560,6350,1123,30373,California
Solano,2021-01-26,1795,38541,742,22910,1053,15631,0,0,1158,24545,637,6987,1159,31532,California
Solano,2021-01-27,1812,40353,725,23635,1087,16718,0,0,1195,25132,610,7597,1197,32729,California
Solano,2021-01-28,1965,42318,712,24347,1253,17971,0,0,1372,25930,592,8189,1390,34119,California
Solano,2021-01-29,1723,44041,788,25135,935,18906,0,0,1355,26925,366,8555,1361,35480,California
Solano,2021-01-30,962,45003,461,25596,501,19407,0,0,617,27199,345,8900,619,36099,California
Solano,2021-01-31,248,45251,157,25753,91,19498,0,0,173,27297,75,8975,173,36272,California
Solano,2021-02-01,1557,46808,1032,26785,525,20023,0,0,778,27300,776,9751,779,37051,California
Solano,2021-02-02,3372,50180,1093,27878,2279,22302,0,0,2559,29051,809,10560,2560,39611,California
Solano,2021-02-03,2272,52452,1314,29192,958,23260,0,0,1169,29120,1100,11660,1169,40780,California
Solano,2021-02-04,1807,54259,907,30099,900,24160,0,0,1075,29468,727,12387,1075,41855,California
Solano,2021-02-05,3116,57375,1421,31520,1695,25855,0,0,2106,30573,1002,13389,2107,43962,California
Solano,2021-02-06,3073,60448,1173,32693,1900,27755,0,0,2251,32006,818,14207,2251,46213,California
Solano,2021-02-07,851,61299,783,33476,68,27823,0,0,235,31626,615,14822,235,46448,California
Solano,2021-02-08,1764,63063,1235,34711,529,28352,0,0,719,31302,1043,15865,719,47167,California
Solano,2021-02-09,1953,65016,1490,36201,463,28815,0,0,698,30746,1254,17119,698,47865,California
Solano,2021-02-10,2273,67289,1499,37700,774,29589,0,0,831,30135,1442,18561,831,48696,California
Solano,2021-02-11,2523,69812,1494,39194,1029,30618,0,0,1198,30019,1314,19875,1198,49894,California
Solano,2021-02-12,4258,74070,1628,40822,2630,33248,0,0,2904,31576,1347,21222,2904,52798,California
Solano,2021-02-13,2865,76935,243,41065,2622,35870,0,0,2451,33616,411,21633,2451,55249,California
Solano,2021-02-14,728,77663,205,41270,523,36393,0,0,406,33703,320,21953,407,55656,California
Solano,2021-02-15,1334,78997,328,41598,1006,37399,0,0,686,33742,647,22600,686,56342,California
Solano,2021-02-16,2559,81556,1385,42983,1174,38573,0,0,1664,34513,894,23494,1665,58007,California
Solano,2021-02-17,3226,84782,1450,44433,1776,40349,0,0,2188,35667,1035,24529,2189,60196,California
Solano,2021-02-18,2913,87695,845,45278,2068,42417,0,0,863,34487,2044,26573,864,61060,California
Solano,2021-02-19,2472,90167,1456,46734,1016,43433,0,0,1174,34370,1293,27866,1176,62236,California
Solano,2021-02-20,2749,92916,389,47123,2360,45793,0,0,2232,36084,518,28384,2232,64468,California
Solano,2021-02-21,2323,95239,1998,49121,325,46118,0,0,1998,37761,321,28705,1998,66466,California
Solano,2021-02-22,1806,97045,1064,50185,742,46860,0,0,941,37840,863,29568,942,67408,California
Solano,2021-02-23,2886,99931,1087,51272,1799,48659,0,0,1963,38885,918,30486,1963,69371,California
Solano,2021-02-24,2535,102466,1266,52538,1269,49928,0,0,1411,39175,1122,31608,1412,70783,California
Solano,2021-02-25,2573,105039,1568,54106,1005,50933,0,0,1424,39455,1144,32752,1424,72207,California
Solano,2021-02-26,3396,108435,2152,56258,1244,52177,0,0,1952,39969,1438,34190,1952,74159,California
Solano,2021-02-27,3979,112414,1531,57789,2447,54624,1,1,3216,42433,754,34944,3218,77377,California
Solano,2021-02-28,1941,114355,1564,59353,376,55000,1,2,1613,43722,325,35269,1614,78991,California
Solano,2021-03-01,2490,116845,1087,60440,1402,56402,1,3,1883,45006,600,35869,1884,80875,California
Solano,2021-03-02,2263,119108,1403,61843,860,57262,0,3,1291,45326,971,36840,1291,82166,California
Solano,2021-03-03,2247,121355,1266,63109,981,58243,0,3,1390,45869,848,37688,1391,83557,California
Solano,2021-03-04,4389,125744,3435,66544,952,59195,2,5,3159,47813,1220,38908,3164,86721,California
Solano,2021-03-05,4943,130687,1685,68229,3253,62448,5,10,3974,50833,959,39867,3979,90700,California
Solano,2021-03-06,3857,134544,829,69058,2989,65437,39,49,2651,52329,1194,41061,2690,93390,California
Solano,2021-03-07,3591,138135,760,69818,2821,68258,10,59,1968,52697,1611,42672,1979,95369,California
Solano,2021-03-08,2140,140275,1346,71164,526,68784,268,327,1618,54064,517,43189,1884,97253,California
Solano,2021-03-09,3229,143504,1569,72733,1606,70390,54,381,2330,55546,898,44087,2380,99633,California
Solano,2021-03-10,2426,145930,1762,74495,579,70969,85,466,1272,55753,1149,45236,1356,100989,California
Solano,2021-03-11,6030,151960,1757,76252,4020,74989,253,719,4979,59939,1047,46283,5233,106222,California
Solano,2021-03-12,6030,157990,1569,77821,4283,79272,178,897,3164,60418,2862,49145,3341,109563,California
Solano,2021-03-13,4587,162577,804,78625,3703,82975,80,977,2232,60385,2348,51493,2315,111878,California
Solano,2021-03-14,4016,166593,3137,81762,423,83398,456,1433,1548,59923,2463,53956,2001,113879,California
Solano,2021-03-15,4026,170619,2457,84219,1243,84641,326,1759,2509,61246,1510,55466,2833,116712,California
Solano,2021-03-16,3078,173697,1318,85537,1521,86162,239,1998,1561,61531,1513,56979,1798,118510,California
Solano,2021-03-17,6468,180165,1666,87203,4711,90873,91,2089,4940,65037,1525,58504,5031,123541,California
Solano,2021-03-18,5227,185392,1848,89051,3340,94213,39,2128,3749,67356,1470,59974,3789,127330,California
Solano,2021-03-19,3570,188962,2640,91691,854,95067,76,2204,1718,67308,1844,61818,1796,129126,California
Solano,2021-03-20,5593,194555,1681,93372,3859,98926,53,2257,2647,67072,2936,64754,2700,131826,California
Solano,2021-03-21,1684,196239,1579,94951,80,99006,25,2282,372,66158,1309,66063,395,132221,California
Solano,2021-03-22,2671,198910,2040,96991,580,99586,51,2333,1621,66784,1043,67106,1669,133890,California
Solano,2021-03-23,3563,202473,1682,98673,1839,101425,42,2375,1410,66085,2150,69256,1451,135341,California
Solano,2021-03-24,2832,205305,1773,100446,1024,102449,35,2410,1362,66016,1464,70720,1395,136736,California
Solano,2021-03-25,4879,210184,4005,104451,839,103288,35,2445,2274,65724,2601,73321,2309,139045,California
Solano,2021-03-26,3238,213422,2111,106562,1089,104377,38,2483,1738,66009,1491,74812,1776,140821,California
Solano,2021-03-27,4215,217637,1157,107719,3020,107397,38,2521,1662,65160,2547,77359,1698,142519,California
Solano,2021-03-28,1425,219062,1117,108836,290,107687,18,2539,545,64847,876,78235,563,143082,California
Solano,2021-03-29,3525,222587,2047,110883,1462,109149,16,2555,1578,64508,1933,80168,1594,144676,California
Solano,2021-03-30,3036,225623,2014,112897,928,110077,94,2649,1886,65339,1148,81316,1979,146655,California
Solano,2021-03-31,3137,228760,2137,115034,843,110920,157,2806,1837,66033,1297,82613,1991,148646,California
Solano,2021-04-01,5557,234317,2107,117141,3296,114216,154,2960,3509,67661,2035,84648,3663,152309,California
Solano,2021-04-02,6628,240945,2229,119370,4233,118449,166,3126,2552,66317,4061,88709,2717,155026,California
Solano,2021-04-03,1526,242471,963,120333,410,118859,153,3279,569,66083,955,89664,721,155747,California
Solano,2021-04-04,781,243252,291,120624,189,119048,301,3580,240,66087,537,90201,541,156288,California
Solano,2021-04-05,2979,246231,2038,122662,734,119782,207,3787,1512,66339,1465,91666,1717,158005,California
Solano,2021-04-06,6082,252313,1640,124302,3954,123736,488,4275,1652,64054,4423,96089,2138,160143,California
Solano,2021-04-07,5946,258259,4599,128901,947,124683,400,4675,3384,65295,2542,98631,3783,163926,California
Solano,2021-04-08,6468,264727,1791,130692,3805,128488,872,5547,1808,63337,4631,103262,2673,166599,California
Solano,2021-04-09,6296,271023,1664,132356,3778,132266,854,6401,1515,60945,4756,108018,2364,168963,California
Solano,2021-04-10,1744,272767,964,133320,450,132716,330,6731,803,61137,940,108958,1132,170095,California
Solano,2021-04-11,1217,273984,765,134085,333,133049,119,6850,641,61324,573,109531,760,170855,California
Solano,2021-04-12,3266,277250,1682,135767,1221,134270,363,7213,1348,61120,1913,111444,1709,172564,California
Solano,2021-04-13,2530,279780,1090,136857,1439,135709,1,7214,1318,61230,1209,112653,1319,173883,California
Solano,2021-04-14,6468,286248,1950,138807,4518,140227,0,7214,1813,58397,4647,117300,1814,175697,California
Solano,2021-04-15,5692,291940,2146,140953,3546,143773,0,7214,1719,56157,3959,121259,1719,177416,California
Solano,2021-04-16,3668,295608,2582,143535,1084,144857,2,7216,2277,57051,1385,122644,2279,179695,California
Solano,2021-04-17,3250,298858,1059,144594,2191,147048,0,7216,1108,56026,2134,124778,1109,180804,California
Solano,2021-04-18,1009,299867,618,145212,391,147439,0,7216,527,56072,481,125259,527,181331,California
Solano,2021-04-19,2104,301971,1156,146368,948,148387,0,7216,1169,56313,930,126189,1171,182502,California
Solano,2021-04-20,3001,304972,1826,148194,1175,149562,0,7216,1659,56636,1336,127525,1659,184161,California
Solano,2021-04-21,3787,308759,2331,150525,1456,151018,0,7216,1995,56847,1784,129309,1995,186156,California
Solano,2021-04-22,2934,311693,1483,152008,1451,152469,0,7216,1782,57480,1150,130459,1783,187939,California
Solano,2021-04-23,4136,315829,2082,154090,2054,154523,0,7216,2492,58334,1639,132098,2493,190432,California
Solano,2021-04-24,3817,319646,2284,156374,1531,156054,2,7218,2519,59644,1211,133309,2521,192953,California
Solano,2021-04-25,1424,321070,1109,157483,315,156369,0,7218,1124,60475,293,133602,1124,194077,California
Solano,2021-04-26,2480,323550,1598,159081,878,157247,4,7222,1335,60681,1133,134735,1339,195416,California
Solano,2021-04-27,2526,326076,1260,160341,1238,158485,28,7250,1433,61059,1084,135819,1462,196878,California
Solano,2021-04-28,5588,331664,4615,164956,927,159412,46,7296,3429,62386,2148,137967,3475,200353,California
Solano,2021-04-29,4155,335819,1256,166212,2867,162279,32,7328,1685,61641,2462,140429,1717,202070,California
Solano,2021-04-30,4104,339923,2183,168395,1783,164062,138,7466,1896,61481,2194,142623,2034,204104,California
Solano,2021-05-01,2173,342096,1674,170069,298,164360,201,7667,1289,62092,879,143502,1490,205594,California
Solano,2021-05-02,1197,343293,938,171007,233,164593,26,7693,662,62250,530,144032,688,206282,California
Solano,2021-05-03,1454,344747,1012,172019,355,164948,87,7780,595,62075,858,144890,683,206965,California
Solano,2021-05-04,1796,346543,1047,173066,683,165631,66,7846,810,61966,985,145875,876,207841,California
Solano,2021-05-05,2263,348806,1416,174482,733,166364,114,7960,1086,61991,1173,147048,1198,209039,California
Solano,2021-05-06,1993,350799,1188,175670,596,166960,209,8169,728,61671,1256,148304,936,209975,California
Solano,2021-05-07,2783,353582,1930,177600,734,167694,119,8288,963,60938,1813,150117,1080,211055,California
Solano,2021-05-08,1366,354948,826,178426,425,168119,115,8403,474,60638,889,151006,589,211644,California
Solano,2021-05-09,418,355366,241,178667,166,168285,11,8414,153,60541,262,151268,165,211809,California
Solano,2021-05-10,1320,356686,605,179272,611,168896,104,8518,383,60096,933,152201,488,212297,California
Solano,2021-05-11,2231,358917,1122,180394,1025,169921,84,8602,633,59220,1593,153794,717,213014,California
Solano,2021-05-12,2045,360962,1152,181546,724,170645,169,8771,673,58703,1357,155151,840,213854,California
Solano,2021-05-13,2888,363850,1984,183530,694,171339,210,8981,1526,59080,1359,156510,1736,215590,California
Solano,2021-05-14,2406,366256,1623,185153,662,172001,121,9102,1009,58822,1388,157898,1130,216720,California
Solano,2021-05-15,2857,369113,2226,187379,569,172570,62,9164,1176,58390,1670,159568,1238,217958,California
Solano,2021-05-16,1481,370594,1087,188466,361,172931,33,9197,242,57428,1236,160804,274,218232,California
Solano,2021-05-17,2447,373041,1400,189866,960,173891,87,9284,929,56942,1498,162302,1012,219244,California
Solano,2021-05-18,2908,375949,1618,191484,1201,175092,89,9373,1481,57096,1415,163717,1569,220813,California
Solano,2021-05-19,4943,380892,3408,194892,1429,176521,106,9479,2119,56508,2814,166531,2226,223039,California
Solano,2021-05-20,2241,383133,1350,196242,842,177363,49,9528,979,56280,1256,167787,1028,224067,California
Solano,2021-05-21,3169,386302,1625,197867,1488,178851,56,9584,1281,55739,1878,169665,1337,225404,California
Solano,2021-05-22,2153,388455,1667,199534,429,179280,57,9641,930,55511,1215,170880,987,226391,California
Solano,2021-05-23,1225,389680,1062,200596,152,179432,11,9652,694,55688,528,171408,705,227096,California
Solano,2021-05-24,1839,391519,1041,201637,726,180158,72,9724,637,55200,1196,172604,708,227804,California
Solano,2021-05-25,1627,393146,823,202460,746,180904,58,9782,599,54835,1022,173626,657,228461,California
Solano,2021-05-26,1878,395024,1079,203539,745,181649,54,9836,770,54558,1101,174727,824,229285,California
Solano,2021-05-27,1842,396866,821,204360,947,182596,74,9910,844,54485,990,175717,917,230202,California
Solano,2021-05-28,1906,398772,918,205278,937,183533,51,9961,687,54013,1211,176928,739,230941,California
Solano,2021-05-29,648,399420,320,205598,298,183831,30,9991,328,54052,318,177246,357,231298,California
Solano,2021-05-30,323,399743,155,205753,143,183974,25,10016,119,53995,201,177447,144,231442,California
Solano,2021-05-31,127,399870,18,205771,100,184074,9,10025,24,53925,103,177550,33,231475,California
Solano,2021-06-01,1819,401689,1162,206933,579,184653,78,10103,761,53710,1053,178603,838,232313,California
Solano,2021-06-02,1549,403238,1019,207952,466,185119,64,10167,705,53639,837,179440,766,233079,California
Solano,2021-06-03,1477,404715,1050,209002,346,185465,81,10248,522,53293,950,180390,604,233683,California
Solano,2021-06-04,937,405652,655,209657,240,185705,42,10290,266,52934,667,181057,308,233991,California
Sonoma,2020-12-15,4,4,4,4,0,0,0,0,4,4,0,0,4,4,California
Sonoma,2020-12-16,28,32,28,32,0,0,0,0,28,32,0,0,28,32,California
Sonoma,2020-12-17,105,137,105,137,0,0,0,0,105,137,0,0,105,137,California
Sonoma,2020-12-18,419,556,419,556,0,0,0,0,419,556,0,0,419,556,California
Sonoma,2020-12-19,113,669,112,668,1,1,0,0,113,669,0,0,113,669,California
Sonoma,2020-12-20,175,844,175,843,0,1,0,0,175,844,0,0,175,844,California
Sonoma,2020-12-21,904,1748,902,1745,2,3,0,0,903,1747,0,0,903,1747,California
Sonoma,2020-12-22,1349,3097,1259,3004,90,93,0,0,1349,3096,0,0,1349,3096,California
Sonoma,2020-12-23,1599,4696,1225,4229,374,467,0,0,1600,4696,0,0,1600,4696,California
Sonoma,2020-12-24,293,4989,101,4330,192,659,0,0,293,4989,0,0,293,4989,California
Sonoma,2020-12-25,9,4998,2,4332,7,666,0,0,9,4998,0,0,9,4998,California
Sonoma,2020-12-26,268,5266,257,4589,11,677,0,0,268,5266,0,0,268,5266,California
Sonoma,2020-12-27,96,5362,81,4670,15,692,0,0,96,5362,0,0,96,5362,California
Sonoma,2020-12-28,982,6344,551,5221,431,1123,0,0,953,6315,0,0,953,6315,California
Sonoma,2020-12-29,1114,7458,762,5983,352,1475,0,0,1081,7396,0,0,1081,7396,California
Sonoma,2020-12-30,1093,8551,479,6462,614,2089,0,0,1085,8481,0,0,1085,8481,California
Sonoma,2020-12-31,513,9064,71,6533,442,2531,0,0,514,8995,0,0,514,8995,California
Sonoma,2021-01-01,21,9085,12,6545,9,2540,0,0,21,9016,0,0,21,9016,California
Sonoma,2021-01-02,132,9217,126,6671,6,2546,0,0,132,9148,0,0,132,9148,California
Sonoma,2021-01-03,25,9242,10,6681,15,2561,0,0,25,9173,0,0,25,9173,California
Sonoma,2021-01-04,337,9579,106,6787,231,2792,0,0,336,9509,0,0,336,9509,California
Sonoma,2021-01-05,429,10008,101,6888,328,3120,0,0,404,9898,15,15,404,9913,California
Sonoma,2021-01-06,934,10942,425,7313,509,3629,0,0,832,10634,96,111,832,10745,California
Sonoma,2021-01-07,1031,11973,537,7850,494,4123,0,0,861,11326,169,280,861,11606,California
Sonoma,2021-01-08,1790,13763,1229,9079,561,4684,0,0,1319,12181,469,749,1324,12930,California
Sonoma,2021-01-09,640,14403,402,9481,238,4922,0,0,591,12723,49,798,591,13521,California
Sonoma,2021-01-10,474,14877,463,9944,11,4933,0,0,278,12805,196,994,278,13799,California
Sonoma,2021-01-11,1389,16266,1241,11185,148,5081,0,0,415,12257,969,1963,421,14220,California
Sonoma,2021-01-12,1547,17813,1291,12476,256,5337,0,0,397,11513,1148,3111,404,14624,California
Sonoma,2021-01-13,2046,19859,1369,13845,677,6014,0,0,1177,11828,866,3977,1181,15805,California
Sonoma,2021-01-14,1539,21398,806,14651,733,6747,0,0,1310,12910,229,4206,1311,17116,California
Sonoma,2021-01-15,1562,22960,628,15279,934,7681,0,0,1339,14039,214,4420,1343,18459,California
Sonoma,2021-01-16,1148,24108,618,15897,530,8211,0,0,900,14695,244,4664,900,19359,California
Sonoma,2021-01-17,673,24781,552,16449,121,8332,0,0,593,15208,80,4744,593,19952,California
Sonoma,2021-01-18,1108,25889,937,17386,171,8503,0,0,619,15339,489,5233,620,20572,California
Sonoma,2021-01-19,2100,27989,1003,18389,1097,9600,0,0,1389,16033,709,5942,1403,21975,California
Sonoma,2021-01-20,2095,30084,631,19020,1464,11064,0,0,1425,16813,660,6602,1440,23415,California
Sonoma,2021-01-21,2267,32351,647,19667,1620,12684,0,0,2047,18647,218,6820,2052,25467,California
Sonoma,2021-01-22,2744,35095,1046,20713,1698,14382,0,0,2594,21093,149,6969,2595,28062,California
Sonoma,2021-01-23,766,35861,592,21305,174,14556,0,0,658,21644,107,7076,658,28720,California
Sonoma,2021-01-24,848,36709,719,22024,129,14685,0,0,830,22456,18,7094,830,29550,California
Sonoma,2021-01-25,2182,38891,520,22544,1662,16347,0,0,1694,23667,488,7582,1699,31249,California
Sonoma,2021-01-26,2044,40935,301,22845,1743,18090,0,0,1584,24793,459,8041,1585,32834,California
Sonoma,2021-01-27,3748,44683,1285,24130,2463,20553,0,0,3166,27382,580,8621,3169,36003,California
Sonoma,2021-01-28,4134,48817,1850,25980,2284,22837,0,0,3452,30164,679,9300,3461,39464,California
Sonoma,2021-01-29,3007,51824,1419,27399,1588,24425,0,0,2161,31487,844,10144,2167,41631,California
Sonoma,2021-01-30,2593,54417,2405,29804,188,24613,0,0,2248,33391,345,10489,2249,43880,California
Sonoma,2021-01-31,813,55230,698,30502,115,24728,0,0,582,33743,230,10719,582,44462,California
Sonoma,2021-02-01,2483,57713,854,31356,1629,26357,0,0,2102,35472,377,11096,2106,46568,California
Sonoma,2021-02-02,3597,61310,1396,32752,2201,28558,0,0,3019,37918,575,11671,3021,49589,California
Sonoma,2021-02-03,4053,65363,1328,34080,2725,31283,0,0,3116,40109,933,12604,3124,52713,California
Sonoma,2021-02-04,4220,69583,1730,35810,2490,33773,0,0,3423,42740,795,13399,3426,56139,California
Sonoma,2021-02-05,4834,74417,1751,37561,3083,36856,0,0,3806,45523,1024,14423,3807,59946,California
Sonoma,2021-02-06,2650,77067,2289,39850,361,37217,0,0,2117,47108,532,14955,2117,62063,California
Sonoma,2021-02-07,1549,78616,1411,41261,138,37355,0,0,1292,48143,257,15212,1292,63355,California
Sonoma,2021-02-08,3279,81895,1042,42303,2237,39592,0,0,2685,50235,593,15805,2685,66040,California
Sonoma,2021-02-09,3582,85477,1702,44005,1880,41472,0,0,3101,52858,479,16284,3102,69142,California
Sonoma,2021-02-10,4560,90037,2492,46497,2068,43540,0,0,3553,55411,1001,17285,3554,72696,California
Sonoma,2021-02-11,5593,95630,3030,49527,2563,46103,0,0,4405,58630,1186,18471,4405,77101,California
Sonoma,2021-02-12,5934,101564,3262,52789,2672,48775,0,0,4496,61696,1434,19905,4500,81601,California
Sonoma,2021-02-13,1997,103561,1155,53944,842,49617,0,0,1204,62110,790,20695,1204,82805,California
Sonoma,2021-02-14,2322,105883,1830,55774,492,50109,0,0,1580,62949,741,21436,1580,84385,California
Sonoma,2021-02-15,2148,108031,796,56570,1352,51461,0,0,1610,64021,538,21974,1610,85995,California
Sonoma,2021-02-16,4916,112947,2056,58626,2860,54321,0,0,3647,66404,1265,23239,3648,89643,California
Sonoma,2021-02-17,5615,118562,2908,61534,2707,57028,0,0,3576,67952,2030,25269,3578,93221,California
Sonoma,2021-02-18,6960,125522,3143,64677,3817,60845,0,0,4017,69038,2932,28201,4018,97239,California
Sonoma,2021-02-19,5577,131099,1679,66356,3898,64743,0,0,3456,70380,2116,30317,3458,100697,California
Sonoma,2021-02-20,3135,134234,2842,69198,293,65036,0,0,1217,69685,1912,32229,1217,101914,California
Sonoma,2021-02-21,538,134772,429,69627,109,65145,0,0,142,69435,392,32621,142,102056,California
Sonoma,2021-02-22,2959,137731,1405,71032,1554,66699,0,0,1231,68943,1723,34344,1231,103287,California
Sonoma,2021-02-23,3443,141174,2113,73145,1330,68029,0,0,1609,68722,1830,36174,1609,104896,California
Sonoma,2021-02-24,5719,146893,2575,75720,3144,71173,0,0,2936,68883,2777,38951,2938,107834,California
Sonoma,2021-02-25,6020,152913,2354,78074,3666,74839,0,0,3233,69352,2764,41715,3233,111067,California
Sonoma,2021-02-26,6648,159561,2939,81013,3709,78548,0,0,4222,71155,2419,44134,4222,115289,California
Sonoma,2021-02-27,4211,163772,1967,82980,2244,80792,0,0,2840,72626,1369,45503,2840,118129,California
Sonoma,2021-02-28,2511,166283,1860,84840,651,81443,0,0,770,71669,1727,47230,770,118899,California
Sonoma,2021-03-01,3834,170117,1191,86031,2642,84085,1,1,1940,71727,1884,49114,1942,120841,California
Sonoma,2021-03-02,4396,174513,1517,87548,2879,86964,0,1,2540,72418,1849,50963,2540,123381,California
Sonoma,2021-03-03,5073,179586,2649,90197,2424,89388,0,1,2336,72025,2729,53692,2336,125717,California
Sonoma,2021-03-04,5975,185561,2695,92892,3280,92668,0,1,2599,71262,3362,57054,2599,128316,California
Sonoma,2021-03-05,6503,192064,2870,95762,3618,96286,15,16,2741,70271,3748,60802,2757,131073,California
Sonoma,2021-03-06,2792,194856,1222,96984,1435,97721,135,151,1920,71460,865,61667,2054,133127,California
Sonoma,2021-03-07,1729,196585,1413,98397,280,98001,36,187,384,70537,1343,63010,420,133547,California
Sonoma,2021-03-08,4084,200669,663,99060,3246,101247,175,362,2402,71441,1671,64681,2575,136122,California
Sonoma,2021-03-09,5612,206281,3092,102152,2250,103497,270,632,2762,71618,2842,67523,3019,139141,California
Sonoma,2021-03-10,6032,212313,3197,105349,2485,105982,350,982,2437,70822,3581,71104,2785,141926,California
Sonoma,2021-03-11,7568,219881,3029,108378,3714,109696,825,1807,2576,69241,4980,76084,3399,145325,California
Sonoma,2021-03-12,7426,227307,2264,110642,3795,113491,1367,3174,2102,67400,5305,81389,3464,148789,California
Sonoma,2021-03-13,3430,230737,1695,112337,1496,114987,239,3413,2006,68217,1423,82812,2240,151029,California
Sonoma,2021-03-14,1387,232124,381,112718,864,115851,142,3555,847,68668,537,83349,988,152017,California
Sonoma,2021-03-15,5251,237375,1518,114236,3348,119199,385,3940,2169,68149,3071,86420,2552,154569,California
Sonoma,2021-03-16,6303,243678,2254,116490,3819,123018,230,4170,2900,67882,3395,89815,3128,157697,California
Sonoma,2021-03-17,6803,250481,3560,120050,3063,126081,180,4350,3291,67852,3499,93314,3469,161166,California
Sonoma,2021-03-18,7145,257626,2944,122994,3585,129666,616,4966,3122,67573,4013,97327,3734,164900,California
Sonoma,2021-03-19,7530,265156,3269,126263,4033,133699,228,5194,3060,66414,4451,101778,3292,168192,California
Sonoma,2021-03-20,3718,268874,1755,128018,1137,134836,826,6020,2014,67553,1696,103474,2835,171027,California
Sonoma,2021-03-21,1385,270259,598,128616,752,135588,35,6055,1203,68614,177,103651,1238,172265,California
Sonoma,2021-03-22,4584,274843,3124,131740,1359,136947,101,6156,3435,71008,1143,104794,3537,175802,California
Sonoma,2021-03-23,5874,280717,3645,135385,2158,139105,71,6227,4437,74092,1427,106221,4511,180313,California
Sonoma,2021-03-24,6848,287565,4302,139687,2477,141582,69,6296,4181,75694,2647,108868,4249,184562,California
Sonoma,2021-03-25,7145,294710,4215,143902,2818,144400,112,6408,4293,77274,2826,111694,4406,188968,California
Sonoma,2021-03-26,7455,302165,3468,147370,3894,148294,93,6501,3815,77562,3619,115313,3907,192875,California
Sonoma,2021-03-27,3879,306044,1506,148876,2009,150303,364,6865,1036,76128,2833,118146,1399,194274,California
Sonoma,2021-03-28,1516,307560,950,149826,539,150842,27,6892,800,76242,713,118859,827,195101,California
Sonoma,2021-03-29,2966,310526,1106,150932,1827,152669,33,6925,1642,76610,1316,120175,1684,196785,California
Sonoma,2021-03-30,5866,316392,3225,154157,2579,155248,62,6987,3054,76922,2805,122980,3117,199902,California
Sonoma,2021-03-31,5624,322016,3410,157567,1998,157246,216,7203,3248,78024,2362,125342,3464,203366,California
Sonoma,2021-04-01,6937,328953,4068,161635,2525,159771,344,7547,3761,78971,3149,128491,4096,207462,California
Sonoma,2021-04-02,5962,334915,3571,165206,2281,162052,110,7657,3582,80292,2371,130862,3692,211154,California
Sonoma,2021-04-03,3646,338561,1824,167030,1599,163651,223,7880,1604,80087,2030,132892,1825,212979,California
Sonoma,2021-04-04,1068,339629,695,167725,282,163933,91,7971,663,80441,400,133292,754,213733,California
Sonoma,2021-04-05,4412,344041,617,168342,3451,167384,344,8315,1648,79675,2757,136049,1991,215724,California
Sonoma,2021-04-06,6905,350946,3495,171837,3003,170387,407,8722,4014,81217,2877,138926,4419,220143,California
Sonoma,2021-04-07,6854,357800,3872,175709,2144,172531,838,9560,3334,81874,3509,142435,4166,224309,California
Sonoma,2021-04-08,7614,365414,4151,179860,2689,175220,774,10334,4180,83398,3425,145860,4949,229258,California
Sonoma,2021-04-09,6862,372276,3826,183686,2147,177367,889,11223,3535,84502,3313,149173,4417,233675,California
Sonoma,2021-04-10,3907,376183,1703,185389,1646,179013,558,11781,1141,83438,2757,151930,1693,235368,California
Sonoma,2021-04-11,1284,377467,606,185995,597,179610,81,11862,439,83114,844,152774,520,235888,California
Sonoma,2021-04-12,4965,382432,2064,188059,2413,182023,488,12350,1849,82340,3104,155878,2330,238218,California
Sonoma,2021-04-13,7859,390291,4654,192713,3203,185226,2,12352,2989,80471,4860,160738,2991,241209,California
Sonoma,2021-04-14,6572,396863,3742,196455,2810,188036,20,12372,2518,78967,4041,164779,2537,243746,California
Sonoma,2021-04-15,7246,404109,4104,200559,3142,191178,0,12372,3579,78893,3655,168434,3581,247327,California
Sonoma,2021-04-16,6785,410894,3402,203961,3381,194559,2,12374,3831,79781,2945,171379,3833,251160,California
Sonoma,2021-04-17,3197,414091,1560,205521,1637,196196,0,12374,1545,79689,1638,173017,1546,252706,California
Sonoma,2021-04-18,1286,415377,892,206413,394,196590,0,12374,450,79304,835,173852,450,253156,California
Sonoma,2021-04-19,3320,418697,1881,208294,1438,198028,1,12375,1447,78883,1869,175721,1448,254604,California
Sonoma,2021-04-20,6271,424968,3466,211760,2805,200833,0,12375,2339,77302,3921,179642,2340,256944,California
Sonoma,2021-04-21,6605,431573,4222,215982,2381,203214,2,12377,3026,76770,3559,183201,3027,259971,California
Sonoma,2021-04-22,6246,437819,4482,220464,1764,204978,0,12377,2516,75573,3713,186914,2516,262487,California
Sonoma,2021-04-23,7420,445239,4629,225093,2785,207763,6,12383,3620,75414,3786,190700,3627,266114,California
Sonoma,2021-04-24,2776,448015,1507,226600,1254,209017,15,12398,1548,75754,1223,191923,1563,267677,California
Sonoma,2021-04-25,1086,449101,790,227390,296,209313,0,12398,430,75531,653,192576,430,268107,California
Sonoma,2021-04-26,2763,451864,1290,228680,1445,210758,28,12426,1518,75839,1238,193814,1546,269653,California
Sonoma,2021-04-27,5381,457245,3667,232347,1604,212362,110,12536,2195,74969,3175,196989,2305,271958,California
Sonoma,2021-04-28,4867,462112,3204,235551,1467,213829,196,12732,2076,74461,2775,199764,2267,274225,California
Sonoma,2021-04-29,4853,466965,3441,238992,1267,215096,145,12877,1687,73138,3155,202919,1832,276057,California
Sonoma,2021-04-30,5456,472421,3632,242624,1530,216626,294,13171,1811,71613,3630,206549,2105,278162,California
Sonoma,2021-05-01,2481,474902,1784,244408,592,217218,105,13276,1234,71709,1239,207788,1335,279497,California
Sonoma,2021-05-02,865,475767,645,245053,169,217387,51,13327,551,71998,314,208102,603,280100,California
Sonoma,2021-05-03,3183,478950,1682,246735,1356,218743,145,13472,1050,71067,2124,210226,1193,281293,California
Sonoma,2021-05-04,4585,483535,2404,249139,2003,220746,178,13650,1460,69595,3105,213331,1633,282926,California
Sonoma,2021-05-05,3670,487205,2179,251318,1297,222043,194,13844,1312,68753,2346,215677,1504,284430,California
Sonoma,2021-05-06,4512,491717,2405,253723,1979,224022,128,13972,1343,67064,3157,218834,1468,285898,California
Sonoma,2021-05-07,3598,495315,2314,256037,1161,225183,123,14095,1084,65767,2504,221338,1207,287105,California
Sonoma,2021-05-08,1850,497165,1260,257297,498,225681,92,14187,752,65518,1093,222431,844,287949,California
Sonoma,2021-05-09,500,497665,284,257581,175,225856,41,14228,172,65406,325,222756,213,288162,California
Sonoma,2021-05-10,2314,499979,1041,258622,1139,226995,134,14362,289,63815,2011,224767,420,288582,California
Sonoma,2021-05-11,3488,503467,1879,260501,1494,228489,115,14477,932,62321,2541,227308,1047,289629,California
Sonoma,2021-05-12,3889,507356,2412,262913,1338,229827,139,14616,816,60212,3063,230371,954,290583,California
Sonoma,2021-05-13,4736,512092,2720,265633,1901,231728,115,14731,1565,58730,3160,233531,1678,292261,California
Sonoma,2021-05-14,5808,517900,3609,269242,2061,233789,138,14869,2222,57519,3572,237103,2361,294622,California
Sonoma,2021-05-15,2923,520823,2151,271393,711,234500,61,14930,1846,58356,1069,238172,1906,296528,California
Sonoma,2021-05-16,1314,522137,1097,272490,158,234658,59,14989,979,59063,331,238503,1038,297566,California
Sonoma,2021-05-17,2446,524583,1821,274311,530,235188,95,15084,964,58644,1477,239980,1058,298624,California
Sonoma,2021-05-18,4325,528908,2857,277168,1359,236547,109,15193,1511,57470,2796,242776,1622,300246,California
Sonoma,2021-05-19,3734,532642,2402,279570,1217,237764,115,15308,1505,56873,2217,244993,1620,301866,California
Sonoma,2021-05-20,3035,535677,2071,281641,872,238636,92,15400,1357,56650,1667,246660,1444,303310,California
Sonoma,2021-05-21,3836,539513,2192,283833,1515,240151,129,15529,1387,55724,2429,249089,1503,304813,California
Sonoma,2021-05-22,2067,541580,1119,284952,908,241059,40,15569,565,54837,1492,250581,605,305418,California
Sonoma,2021-05-23,1224,542804,1079,286031,132,241191,13,15582,686,55003,533,251114,699,306117,California
Sonoma,2021-05-24,1961,544765,1246,287277,585,241776,130,15712,682,54566,1249,252363,812,306929,California
Sonoma,2021-05-25,2913,547678,1793,289070,1032,242808,88,15800,772,53295,2130,254493,859,307788,California
Sonoma,2021-05-26,2455,550133,1724,290794,625,243433,106,15906,1003,52959,1442,255935,1106,308894,California
Sonoma,2021-05-27,2072,552205,1133,291927,843,244276,96,16002,777,52543,1288,257223,872,309766,California
Sonoma,2021-05-28,2143,554348,1127,293054,924,245200,92,16094,621,51746,1510,258733,713,310479,California
Sonoma,2021-05-29,1276,555624,856,293910,353,245553,67,16161,643,51832,624,259357,710,311189,California
Sonoma,2021-05-30,339,555963,210,294120,119,245672,10,16171,135,51777,200,259557,145,311334,California
Sonoma,2021-05-31,71,556034,26,294146,44,245716,1,16172,17,51741,54,259611,18,311352,California
Sonoma,2021-06-01,1910,557944,1090,295236,743,246459,77,16249,695,51306,1202,260813,767,312119,California
Sonoma,2021-06-02,1568,559512,958,296194,496,246955,114,16363,682,51219,882,261695,795,312914,California
Sonoma,2021-06-03,1978,561490,1382,297576,516,247471,80,16443,508,50342,1463,263158,586,313500,California
Sonoma,2021-06-04,1889,563379,1647,299223,161,247632,81,16524,342,49222,1542,264700,422,313922,California
Stanislaus,2020-12-15,3,3,3,3,0,0,0,0,3,3,0,0,3,3,California
Stanislaus,2020-12-16,37,40,37,40,0,0,0,0,37,40,0,0,37,40,California
Stanislaus,2020-12-17,74,114,74,114,0,0,0,0,74,114,0,0,74,114,California
Stanislaus,2020-12-18,337,451,331,445,6,6,0,0,337,451,0,0,337,451,California
Stanislaus,2020-12-19,132,583,132,577,0,6,0,0,132,583,0,0,132,583,California
Stanislaus,2020-12-20,86,669,86,663,0,6,0,0,86,669,0,0,86,669,California
Stanislaus,2020-12-21,996,1665,995,1658,1,7,0,0,995,1664,1,1,996,1665,California
Stanislaus,2020-12-22,793,2458,781,2439,12,19,0,0,793,2457,0,1,793,2458,California
Stanislaus,2020-12-23,448,2906,430,2869,18,37,0,0,447,2904,1,2,448,2906,California
Stanislaus,2020-12-24,97,3003,88,2957,9,46,0,0,97,3001,0,2,97,3003,California
Stanislaus,2020-12-26,52,3055,9,2966,43,89,0,0,52,3053,0,2,52,3055,California
Stanislaus,2020-12-27,11,3066,6,2972,5,94,0,0,11,3064,0,2,11,3066,California
Stanislaus,2020-12-28,487,3553,394,3366,93,187,0,0,487,3551,0,2,487,3553,California
Stanislaus,2020-12-29,495,4048,415,3781,80,267,0,0,495,4046,0,2,495,4048,California
Stanislaus,2020-12-30,532,4580,279,4060,253,520,0,0,531,4576,1,3,531,4579,California
Stanislaus,2020-12-31,277,4857,157,4217,120,640,0,0,277,4853,0,3,277,4856,California
Stanislaus,2021-01-01,14,4871,5,4222,9,649,0,0,14,4867,0,3,14,4870,California
Stanislaus,2021-01-02,33,4904,26,4248,7,656,0,0,33,4900,0,3,33,4903,California
Stanislaus,2021-01-03,90,4994,87,4335,3,659,0,0,90,4990,0,3,90,4993,California
Stanislaus,2021-01-04,232,5226,153,4488,79,738,0,0,232,5222,0,3,232,5225,California
Stanislaus,2021-01-05,838,6064,346,4834,492,1230,0,0,813,6019,24,27,821,6046,California
Stanislaus,2021-01-06,1001,7065,597,5431,404,1634,0,0,928,6880,70,97,931,6977,California
Stanislaus,2021-01-07,1077,8142,703,6134,374,2008,0,0,885,7582,186,283,888,7865,California
Stanislaus,2021-01-08,1272,9414,718,6852,554,2562,0,0,929,8177,340,623,935,8800,California
Stanislaus,2021-01-09,289,9703,141,6993,148,2710,0,0,200,8288,89,712,200,9000,California
Stanislaus,2021-01-10,47,9750,20,7013,27,2737,0,0,29,8299,18,730,29,9029,California
Stanislaus,2021-01-11,1496,11246,1213,8226,283,3020,0,0,572,7970,918,1648,589,9618,California
Stanislaus,2021-01-12,1471,12717,866,9092,605,3625,0,0,829,8171,638,2286,839,10457,California
Stanislaus,2021-01-13,1445,14162,687,9779,758,4383,0,0,1122,8982,322,2608,1133,11590,California
Stanislaus,2021-01-14,2240,16402,284,10063,1956,6339,0,0,2067,10950,170,2778,2138,13728,California
Stanislaus,2021-01-15,2824,19226,1158,11221,1666,8005,0,0,2667,13547,153,2931,2750,16478,California
Stanislaus,2021-01-16,472,19698,50,11271,422,8427,0,0,453,13984,18,2949,455,16933,California
Stanislaus,2021-01-17,244,19942,202,11473,42,8469,0,0,237,14215,6,2955,237,17170,California
Stanislaus,2021-01-18,2188,22130,1022,12495,1166,9635,0,0,1796,15700,387,3342,1872,19042,California
Stanislaus,2021-01-19,1253,23383,723,13218,530,10165,0,0,804,16060,445,3787,805,19847,California
Stanislaus,2021-01-20,1009,24392,489,13707,520,10685,0,0,715,16482,293,4080,715,20562,California
Stanislaus,2021-01-21,3693,28085,2978,16685,715,11400,0,0,3363,19629,326,4406,3473,24035,California
Stanislaus,2021-01-22,1097,29182,308,16993,789,12189,0,0,1052,20643,41,4447,1055,25090,California
Stanislaus,2021-01-23,356,29538,42,17035,314,12503,0,0,297,20883,58,4505,298,25388,California
Stanislaus,2021-01-24,302,29840,100,17135,202,12705,0,0,236,21055,66,4571,238,25626,California
Stanislaus,2021-01-25,3158,32998,227,17362,2931,15636,0,0,2828,23740,294,4865,2979,28605,California
Stanislaus,2021-01-26,1727,34725,747,18109,980,16616,0,0,1298,24633,422,5287,1315,29920,California
Stanislaus,2021-01-27,1892,36617,1051,19160,841,17457,0,0,1188,25164,658,5945,1189,31109,California
Stanislaus,2021-01-28,2208,38825,1511,20671,697,18154,0,0,1717,26461,482,6427,1779,32888,California
Stanislaus,2021-01-29,2444,41269,1196,21867,1248,19402,0,0,1911,27936,487,6914,1962,34850,California
Stanislaus,2021-01-30,293,41562,132,21999,161,19563,0,0,229,28112,53,6967,229,35079,California
Stanislaus,2021-01-31,368,41930,314,22313,54,19617,0,0,353,28453,12,6979,353,35432,California
Stanislaus,2021-02-01,1295,43225,585,22898,710,20327,0,0,941,29052,343,7322,942,36374,California
Stanislaus,2021-02-02,1211,44436,347,23245,864,21191,0,0,775,29404,425,7747,777,37151,California
Stanislaus,2021-02-03,2612,47048,1232,24477,1380,22571,0,0,1915,30641,692,8439,1929,39080,California
Stanislaus,2021-02-04,2090,49138,711,25188,1379,23950,0,0,1581,31733,495,8934,1587,40667,California
Stanislaus,2021-02-05,2852,51990,1470,26658,1382,25332,0,0,1591,32138,1199,10133,1604,42271,California
Stanislaus,2021-02-06,885,52875,299,26957,586,25918,0,0,692,32641,191,10324,694,42965,California
Stanislaus,2021-02-07,232,53107,207,27164,25,25943,0,0,43,32499,186,10510,44,43009,California
Stanislaus,2021-02-08,2037,55144,1336,28500,701,26644,0,0,1098,32725,896,11406,1122,44131,California
Stanislaus,2021-02-09,1839,56983,783,29283,1056,27700,0,0,1042,33003,774,12180,1052,45183,California
Stanislaus,2021-02-10,1934,58917,533,29816,1401,29101,0,0,1011,33115,901,13081,1013,46196,California
Stanislaus,2021-02-11,5398,64315,3275,33091,2123,31224,0,0,1231,30400,3952,17033,1237,47433,California
Stanislaus,2021-02-12,3300,67615,915,34006,2385,33609,0,0,1450,30091,1768,18801,1459,48892,California
Stanislaus,2021-02-13,1352,68967,650,34656,702,34311,0,0,983,30715,363,19164,987,49879,California
Stanislaus,2021-02-14,417,69384,165,34821,252,34563,0,0,350,31000,65,19229,350,50229,California
Stanislaus,2021-02-15,1816,71200,229,35050,1587,36150,0,0,580,30462,1122,20351,584,50813,California
Stanislaus,2021-02-16,1362,72562,423,35473,939,37089,0,0,578,30270,772,21123,580,51393,California
Stanislaus,2021-02-17,2754,75316,1686,37159,1068,38157,0,0,1920,31372,829,21952,1931,53324,California
Stanislaus,2021-02-18,3362,78678,1901,39060,1461,39618,0,0,1780,31692,1494,23446,1814,55138,California
Stanislaus,2021-02-19,2766,81444,1070,40130,1696,41314,0,0,1514,32022,1208,24654,1538,56676,California
Stanislaus,2021-02-20,753,82197,383,40513,370,41684,0,0,477,32244,256,24910,478,57154,California
Stanislaus,2021-02-21,906,83103,692,41205,214,41898,0,0,545,32463,337,25247,556,57710,California
Stanislaus,2021-02-22,2350,85453,1697,42902,653,42551,0,0,1632,33398,698,25945,1633,59343,California
Stanislaus,2021-02-23,3748,89201,680,43582,3068,45619,0,0,1741,33303,1847,27792,1752,61095,California
Stanislaus,2021-02-24,4186,93387,2853,46435,1333,46952,0,0,3125,35391,1040,28832,3128,64223,California
Stanislaus,2021-02-25,3952,97339,2718,49153,1234,48186,0,0,3150,37760,784,29616,3153,67376,California
Stanislaus,2021-02-26,4211,101550,1215,50368,2996,51182,0,0,2836,39289,1319,30935,2848,70224,California
Stanislaus,2021-02-27,2093,103643,711,51079,1381,52563,1,1,1860,40947,204,31139,1862,72086,California
Stanislaus,2021-02-28,825,104468,262,51341,563,53126,0,1,775,41684,39,31178,776,72862,California
Stanislaus,2021-03-01,2779,107247,1637,52978,1140,54266,2,3,1631,42222,1107,32285,1645,74507,California
Stanislaus,2021-03-02,2396,109643,1425,54403,970,55236,1,4,1660,43163,722,33007,1663,76170,California
Stanislaus,2021-03-03,3712,113355,2228,56631,1480,56716,4,8,2904,45279,791,33798,2907,79077,California
Stanislaus,2021-03-04,5439,118794,3104,59735,2319,59035,16,24,4190,48264,1217,35015,4202,83279,California
Stanislaus,2021-03-05,4080,122874,1117,60852,2947,61982,16,40,3084,50396,967,35982,3099,86378,California
Stanislaus,2021-03-06,3577,126451,2230,63082,1254,63236,93,133,2722,52362,851,36833,2817,89195,California
Stanislaus,2021-03-07,850,127301,387,63469,427,63663,36,169,664,52881,181,37014,700,89895,California
Stanislaus,2021-03-08,1989,129290,860,64329,1040,64703,89,258,1330,53659,640,37654,1418,91313,California
Stanislaus,2021-03-09,2177,131467,903,65232,1182,65885,92,350,1636,54862,529,38183,1732,93045,California
Stanislaus,2021-03-10,5065,136532,2503,67735,2339,68224,223,573,3737,57526,1309,39492,3973,97018,California
Stanislaus,2021-03-11,5717,142249,3140,70875,2101,70325,476,1049,4120,60699,1427,40919,4600,101618,California
Stanislaus,2021-03-12,5766,148015,1228,72103,2616,72941,1922,2971,2913,62704,2828,43747,4833,106451,California
Stanislaus,2021-03-13,3392,151407,2180,74283,1142,74083,70,3041,2694,64784,691,44438,2771,109222,California
Stanislaus,2021-03-14,989,152396,595,74878,343,74426,51,3092,485,64821,501,44939,538,109760,California
Stanislaus,2021-03-15,3689,156085,1975,76853,1353,75779,361,3453,1602,64800,1990,46929,1969,111729,California
Stanislaus,2021-03-16,4926,161011,2456,79309,2058,77837,412,3865,3545,67396,1360,48289,3956,115685,California
Stanislaus,2021-03-17,4720,165731,2854,82163,1688,79525,178,4043,2878,68646,1812,50101,3062,118747,California
Stanislaus,2021-03-18,5421,171152,3422,85585,1933,81458,66,4109,2928,69305,2340,52441,2999,121746,California
Stanislaus,2021-03-19,5924,177076,1539,87124,2864,84322,1521,5630,3104,71147,2780,55221,4622,126368,California
Stanislaus,2021-03-20,3841,180917,3007,90131,766,85088,68,5698,3364,74110,470,55691,3433,129801,California
Stanislaus,2021-03-21,1005,181922,903,91034,37,85125,65,5763,765,74703,237,55928,830,130631,California
Stanislaus,2021-03-22,2819,184741,1327,92361,767,85892,725,6488,1238,75116,1552,57480,1965,132596,California
Stanislaus,2021-03-23,3945,188686,2021,94382,1664,87556,260,6748,2804,77075,1124,58604,3083,135679,California
Stanislaus,2021-03-24,4550,193236,3221,97603,1261,88817,68,6816,2634,77911,1869,60473,2705,138384,California
Stanislaus,2021-03-25,4252,197488,2925,100528,1311,90128,16,6832,1818,77390,2356,62829,1835,140219,California
Stanislaus,2021-03-26,4747,202235,1334,101862,3338,93466,75,6907,2376,77516,2338,65167,2464,142683,California
Stanislaus,2021-03-27,4401,206636,2741,104603,1578,95044,82,6989,1379,75981,3004,68171,1469,144152,California
Stanislaus,2021-03-28,1105,207741,438,105041,559,95603,108,7097,317,75636,776,68947,431,144583,California
Stanislaus,2021-03-29,2976,210717,1825,106866,1112,96715,39,7136,1979,76673,987,69934,2024,146607,California
Stanislaus,2021-03-30,3676,214393,2064,108930,1586,98301,26,7162,2230,77498,1437,71371,2262,148869,California
Stanislaus,2021-03-31,5425,219818,3853,112783,1453,99754,119,7281,2771,77759,2633,74004,2894,151763,California
Stanislaus,2021-04-01,5734,225552,3836,116619,1809,101563,89,7370,2631,77407,3083,77087,2731,154494,California
Stanislaus,2021-04-02,5008,230560,1210,117829,3644,105207,154,7524,2235,77125,2683,79770,2401,156895,California
Stanislaus,2021-04-03,4542,235102,3299,121128,1206,106413,37,7561,2240,77123,2292,82062,2290,159185,California
Stanislaus,2021-04-04,1323,236425,473,121601,820,107233,30,7591,651,77143,665,82727,685,159870,California
Stanislaus,2021-04-05,3630,240055,2529,124130,853,108086,248,7839,2354,78483,1266,83993,2606,162476,California
Stanislaus,2021-04-06,5746,245801,4170,128300,1301,109387,275,8114,3074,79180,2658,86651,3355,165831,California
Stanislaus,2021-04-07,6344,252145,3596,131896,2325,111712,423,8537,2826,78937,3500,90151,3257,169088,California
Stanislaus,2021-04-08,5679,257824,3323,135219,1923,113635,433,8970,2772,79261,2884,93035,3208,172296,California
Stanislaus,2021-04-09,4819,262643,2103,137322,2344,115979,372,9342,2183,79217,2612,95647,2568,174864,California
Stanislaus,2021-04-10,6488,269131,3983,141305,866,116845,1639,10981,1997,78381,4465,100112,3629,178493,California
Stanislaus,2021-04-11,1518,270649,847,142152,538,117383,133,11114,664,78327,852,100964,798,179291,California
Stanislaus,2021-04-12,3590,274239,2046,144198,1099,118482,445,11559,1872,78954,1698,102662,2325,181616,California
Stanislaus,2021-04-13,5190,279429,3418,147616,1759,120241,13,11572,2916,79643,2234,104896,2923,184539,California
Stanislaus,2021-04-14,4643,284072,3247,150863,1394,121635,2,11574,2253,79545,2358,107254,2260,186799,California
Stanislaus,2021-04-15,5388,289460,3316,154179,2070,123705,2,11576,3238,80675,2111,109365,3241,190040,California
Stanislaus,2021-04-16,4304,293764,992,155171,3311,127016,1,11577,1816,80048,2446,111811,1819,191859,California
Stanislaus,2021-04-17,3162,296926,2127,157298,1035,128051,0,11577,1838,80577,1312,113123,1841,193700,California
Stanislaus,2021-04-18,532,297458,217,157515,314,128365,1,11578,409,80872,116,113239,411,194111,California
Stanislaus,2021-04-19,3455,300913,2448,159963,1006,129371,1,11579,1636,80730,1787,115026,1645,195756,California
Stanislaus,2021-04-20,3968,304881,2409,162372,1559,130930,0,11579,1731,80256,2207,117233,1733,197489,California
Stanislaus,2021-04-21,3825,308706,2558,164930,1266,132196,1,11580,1599,79676,2186,119419,1606,199095,California
Stanislaus,2021-04-22,3950,312656,2405,167335,1545,133741,0,11580,1571,78918,2334,121753,1576,200671,California
Stanislaus,2021-04-23,3584,316240,843,168178,2740,136481,1,11581,1462,78357,2031,123784,1470,202141,California
Stanislaus,2021-04-24,3782,320022,2928,171106,854,137335,0,11581,1789,78175,1976,125760,1794,203935,California
Stanislaus,2021-04-25,937,320959,480,171586,457,137792,0,11581,688,78624,243,126003,692,204627,California
Stanislaus,2021-04-26,3255,324214,2290,173876,959,138751,6,11587,968,77335,2267,128270,978,205605,California
Stanislaus,2021-04-27,3982,328196,2771,176647,1169,139920,42,11629,1133,75690,2824,131094,1179,206784,California
Stanislaus,2021-04-28,4241,332437,3009,179656,1170,141090,62,11691,1823,75186,2399,133493,1895,208679,California
Stanislaus,2021-04-29,3610,336047,2247,181903,1315,142405,48,11739,1424,74495,2173,135666,1482,210161,California
Stanislaus,2021-04-30,4492,340539,2042,183945,2366,144771,84,11823,1776,73659,2704,138370,1868,212029,California
Stanislaus,2021-05-01,2706,343245,1924,185869,742,145513,40,11863,1015,73038,1684,140054,1063,213092,California
Stanislaus,2021-05-02,1074,344319,614,186483,424,145937,36,11899,521,73054,547,140601,563,213655,California
Stanislaus,2021-05-03,2412,346731,1926,188409,415,146352,71,11970,910,72548,1490,142091,984,214639,California
Stanislaus,2021-05-04,3469,350200,2467,190876,912,147264,90,12060,1066,71322,2391,144482,1165,215804,California
Stanislaus,2021-05-05,3184,353384,2130,193006,979,148243,75,12135,1085,70407,2079,146561,1164,216968,California
Stanislaus,2021-05-06,3152,356536,2338,195344,690,148933,124,12259,1017,69439,2116,148677,1148,218116,California
Stanislaus,2021-05-07,2300,358836,882,196226,1255,150188,163,12422,937,69186,1355,150032,1102,219218,California
Stanislaus,2021-05-08,1958,360794,1340,197566,585,150773,33,12455,712,68707,1231,151263,752,219970,California
Stanislaus,2021-05-09,710,361504,340,197906,344,151117,26,12481,306,68638,402,151665,333,220303,California
Stanislaus,2021-05-10,1668,363172,1136,199042,445,151562,87,12568,449,67968,1208,152873,538,220841,California
Stanislaus,2021-05-11,2328,365500,1471,200513,703,152265,154,12722,658,67125,1659,154532,816,221657,California
Stanislaus,2021-05-12,2144,367644,1220,201733,824,153089,100,12822,829,66754,1302,155834,931,222588,California
Stanislaus,2021-05-13,1846,369490,1020,202753,712,153801,114,12936,843,66714,998,156832,958,223546,California
Stanislaus,2021-05-14,2593,372083,1155,203908,1302,155103,136,13072,1195,66663,1383,158215,1332,224878,California
Stanislaus,2021-05-15,2473,374556,1768,205676,655,155758,50,13122,1198,66653,1266,159481,1256,226134,California
Stanislaus,2021-05-16,1020,375576,665,206341,347,156105,8,13130,554,66760,459,159940,566,226700,California
Stanislaus,2021-05-17,1926,377502,1293,207634,552,156657,81,13211,972,66867,948,160888,1055,227755,California
Stanislaus,2021-05-18,2197,379699,1501,209135,582,157239,114,13325,1170,67135,1015,161903,1283,229038,California
Stanislaus,2021-05-19,3015,382714,2062,211197,803,158042,150,13475,1349,66982,1657,163560,1504,230542,California
Stanislaus,2021-05-20,1843,384557,960,212157,783,158825,100,13575,763,66775,1073,164633,866,231408,California
Stanislaus,2021-05-21,2063,386620,961,213118,1010,159835,92,13667,847,66514,1201,165834,940,232348,California
Stanislaus,2021-05-22,1671,388291,1007,214125,597,160432,67,13734,739,66395,925,166759,806,233154,California
Stanislaus,2021-05-23,863,389154,557,214682,294,160726,12,13746,401,66350,458,167217,413,233567,California
Stanislaus,2021-05-24,1574,390728,1082,215764,417,161143,75,13821,615,66093,955,168172,698,234265,California
Stanislaus,2021-05-25,1692,392420,1163,216927,433,161576,96,13917,835,66173,853,169025,933,235198,California
Stanislaus,2021-05-26,1875,394295,1177,218104,649,162225,49,13966,895,66146,971,169996,944,236142,California
Stanislaus,2021-05-27,1708,396003,939,219043,694,162919,75,14041,642,65806,1057,171053,717,236859,California
Stanislaus,2021-05-28,1946,397949,884,219927,983,163902,79,14120,856,65657,1084,172137,935,237794,California
Stanislaus,2021-05-29,1309,399258,842,220769,426,164328,41,14161,610,65615,695,172832,653,238447,California
Stanislaus,2021-05-30,453,399711,273,221042,146,164474,34,14195,215,65629,235,173067,249,238696,California
Stanislaus,2021-05-31,259,399970,122,221164,130,164604,7,14202,97,65572,161,173228,104,238800,California
Stanislaus,2021-06-01,1530,401500,971,222135,519,165123,40,14242,628,65346,897,174125,671,239471,California
Stanislaus,2021-06-02,1664,403164,1078,223213,522,165645,64,14306,766,65290,889,175014,833,240304,California
Stanislaus,2021-06-03,901,404065,486,223699,376,166021,39,14345,369,65174,527,175541,411,240715,California
Stanislaus,2021-06-04,45,404110,21,223720,20,166041,4,14349,13,65164,32,175573,22,240737,California
Sutter,2020-12-15,1,1,1,1,0,0,0,0,1,1,0,0,1,1,California
Sutter,2020-12-16,4,5,4,5,0,0,0,0,4,5,0,0,4,5,California
Sutter,2020-12-17,2,7,2,7,0,0,0,0,2,7,0,0,2,7,California
Sutter,2020-12-18,21,28,21,28,0,0,0,0,21,28,0,0,21,28,California
Sutter,2020-12-19,44,72,44,72,0,0,0,0,44,72,0,0,44,72,California
Sutter,2020-12-20,43,115,43,115,0,0,0,0,43,115,0,0,43,115,California
Sutter,2020-12-21,100,215,100,215,0,0,0,0,100,215,0,0,100,215,California
Sutter,2020-12-22,171,386,171,386,0,0,0,0,171,386,0,0,171,386,California
Sutter,2020-12-23,118,504,113,499,5,5,0,0,118,504,0,0,118,504,California
Sutter,2020-12-24,17,521,11,510,6,11,0,0,17,521,0,0,17,521,California
Sutter,2020-12-26,38,559,34,544,4,15,0,0,38,559,0,0,38,559,California
Sutter,2020-12-27,24,583,23,567,1,16,0,0,24,583,0,0,24,583,California
Sutter,2020-12-28,84,667,56,623,28,44,0,0,84,667,0,0,84,667,California
Sutter,2020-12-29,102,769,14,637,88,132,0,0,102,769,0,0,102,769,California
Sutter,2020-12-30,137,906,34,671,103,235,0,0,137,906,0,0,137,906,California
Sutter,2020-12-31,69,975,6,677,63,298,0,0,69,975,0,0,69,975,California
Sutter,2021-01-01,3,978,3,680,0,298,0,0,3,978,0,0,3,978,California
Sutter,2021-01-02,131,1109,129,809,2,300,0,0,131,1109,0,0,131,1109,California
Sutter,2021-01-03,1,1110,0,809,1,301,0,0,1,1110,0,0,1,1110,California
Sutter,2021-01-04,246,1356,138,947,108,409,0,0,246,1356,0,0,246,1356,California
Sutter,2021-01-05,100,1456,57,1004,43,452,0,0,98,1452,2,2,98,1454,California
Sutter,2021-01-06,204,1660,50,1054,154,606,0,0,199,1646,5,7,199,1653,California
Sutter,2021-01-07,253,1913,151,1205,102,708,0,0,244,1882,8,15,244,1897,California
Sutter,2021-01-08,152,2065,41,1246,111,819,0,0,134,1998,18,33,134,2031,California
Sutter,2021-01-09,44,2109,43,1289,1,820,0,0,3,1960,41,74,3,2034,California
Sutter,2021-01-10,395,2504,37,1326,358,1178,0,0,357,2280,37,111,357,2391,California
Sutter,2021-01-11,133,2637,116,1442,17,1195,0,0,25,2197,108,219,25,2416,California
Sutter,2021-01-12,201,2838,164,1606,37,1232,0,0,58,2112,143,362,58,2474,California
Sutter,2021-01-13,165,3003,101,1707,64,1296,0,0,74,2096,90,452,74,2548,California
Sutter,2021-01-14,148,3151,51,1758,97,1393,0,0,129,2206,19,471,129,2677,California
Sutter,2021-01-15,437,3588,132,1890,305,1698,0,0,422,2613,15,486,422,3099,California
Sutter,2021-01-16,384,3972,41,1931,343,2041,0,0,354,2937,30,516,354,3453,California
Sutter,2021-01-17,26,3998,24,1955,2,2043,0,0,10,2931,16,532,10,3463,California
Sutter,2021-01-18,119,4117,64,2019,55,2098,0,0,70,2952,49,581,70,3533,California
Sutter,2021-01-19,103,4220,42,2061,61,2159,0,0,79,3007,24,605,79,3612,California
Sutter,2021-01-20,270,4490,206,2267,64,2223,0,0,250,3237,20,625,250,3862,California
Sutter,2021-01-21,485,4975,316,2583,169,2392,0,0,466,3684,19,644,466,4328,California
Sutter,2021-01-22,242,5217,53,2636,189,2581,0,0,233,3908,9,653,233,4561,California
Sutter,2021-01-23,398,5615,39,2675,359,2940,0,0,372,4254,26,679,372,4933,California
Sutter,2021-01-24,16,5631,14,2689,2,2942,0,0,14,4266,2,681,14,4947,California
Sutter,2021-01-25,307,5938,195,2884,112,3054,0,0,152,4265,154,835,153,5100,California
Sutter,2021-01-26,249,6187,108,2992,141,3195,0,0,144,4305,104,939,144,5244,California
Sutter,2021-01-27,387,6574,255,3247,132,3327,0,0,321,4560,66,1005,321,5565,California
Sutter,2021-01-28,585,7159,361,3608,224,3551,0,0,410,4796,174,1179,410,5975,California
Sutter,2021-01-29,361,7520,85,3693,276,3827,0,0,242,4919,119,1298,242,6217,California
Sutter,2021-01-30,780,8300,39,3732,741,4568,0,0,769,5677,11,1309,769,6986,California
Sutter,2021-01-31,26,8326,25,3757,1,4569,0,0,26,5703,0,1309,26,7012,California
Sutter,2021-02-01,168,8494,51,3808,117,4686,0,0,137,5809,31,1340,137,7149,California
Sutter,2021-02-02,241,8735,24,3832,217,4903,0,0,208,5984,33,1373,208,7357,California
Sutter,2021-02-03,446,9181,39,3871,407,5310,0,0,211,5960,235,1608,211,7568,California
Sutter,2021-02-04,673,9854,363,4234,310,5620,0,0,620,6527,53,1661,620,8188,California
Sutter,2021-02-05,291,10145,32,4266,259,5879,0,0,139,6514,152,1813,139,8327,California
Sutter,2021-02-06,736,10881,31,4297,705,6584,0,0,716,7210,20,1833,716,9043,California
Sutter,2021-02-07,23,10904,20,4317,3,6587,0,0,19,7225,4,1837,19,9062,California
Sutter,2021-02-08,133,11037,29,4346,104,6691,0,0,98,7288,35,1872,98,9160,California
Sutter,2021-02-09,248,11285,45,4391,203,6894,0,0,185,7410,63,1935,185,9345,California
Sutter,2021-02-10,819,12104,381,4772,438,7332,0,0,179,6950,639,2574,179,9524,California
Sutter,2021-02-11,602,12706,270,5042,332,7664,0,0,344,7036,258,2832,344,9868,California
Sutter,2021-02-12,637,13343,67,5109,570,8234,0,0,312,7024,324,3156,312,10180,California
Sutter,2021-02-13,900,14243,48,5157,852,9086,0,0,784,7692,116,3272,784,10964,California
Sutter,2021-02-14,92,14335,26,5183,66,9152,0,0,81,7762,11,3283,81,11045,California
Sutter,2021-02-15,200,14535,73,5256,127,9279,0,0,121,7804,79,3362,121,11166,California
Sutter,2021-02-16,290,14825,45,5301,245,9524,0,0,206,7927,83,3445,206,11372,California
Sutter,2021-02-17,825,15650,430,5731,395,9919,0,0,131,7364,694,4139,131,11503,California
Sutter,2021-02-18,708,16358,56,5787,652,10571,0,0,493,7643,214,4353,493,11996,California
Sutter,2021-02-19,664,17022,378,6165,286,10857,0,0,460,7901,202,4555,460,12456,California
Sutter,2021-02-20,623,17645,56,6221,567,11424,0,0,518,8315,104,4659,518,12974,California
Sutter,2021-02-21,27,17672,25,6246,2,11426,0,0,8,8304,19,4678,8,12982,California
Sutter,2021-02-22,208,17880,122,6368,86,11512,0,0,88,8272,120,4798,88,13070,California
Sutter,2021-02-23,222,18102,32,6400,190,11702,0,0,97,8245,124,4922,97,13167,California
Sutter,2021-02-24,972,19074,347,6747,625,12327,0,0,198,7670,773,5695,198,13365,California
Sutter,2021-02-25,790,19864,502,7249,288,12615,0,0,607,8097,180,5875,607,13972,California
Sutter,2021-02-26,374,20238,61,7310,313,12928,0,0,154,8033,218,6093,154,14126,California
Sutter,2021-02-27,873,21111,49,7359,824,13752,0,0,713,8584,162,6255,713,14839,California
Sutter,2021-02-28,86,21197,42,7401,44,13796,0,0,66,8631,19,6274,66,14905,California
Sutter,2021-03-01,249,21446,61,7462,188,13984,0,0,152,8686,97,6371,152,15057,California
Sutter,2021-03-02,336,21782,59,7521,277,14261,0,0,162,8675,173,6544,162,15219,California
Sutter,2021-03-03,1387,23169,514,8035,873,15134,0,0,644,8582,737,7281,644,15863,California
Sutter,2021-03-04,1255,24424,862,8897,393,15527,0,0,946,9223,305,7586,946,16809,California
Sutter,2021-03-05,338,24762,78,8975,259,15786,1,1,207,9300,131,7717,208,17017,California
Sutter,2021-03-06,1024,25786,47,9022,972,16758,5,6,859,9999,165,7882,864,17881,California
Sutter,2021-03-07,65,25851,23,9045,41,16799,1,7,44,10023,21,7903,45,17926,California
Sutter,2021-03-08,229,26080,80,9125,137,16936,12,19,159,10124,70,7973,171,18097,California
Sutter,2021-03-09,392,26472,142,9267,237,17173,13,32,189,10123,203,8176,202,18299,California
Sutter,2021-03-10,1575,28047,684,9951,828,18001,63,95,527,9668,1045,9221,590,18889,California
Sutter,2021-03-11,892,28939,441,10392,433,18434,18,113,647,10091,242,9463,665,19554,California
Sutter,2021-03-12,681,29620,111,10503,388,18822,182,295,200,9993,478,9941,380,19934,California
Sutter,2021-03-13,993,30613,752,11255,223,19045,18,313,784,10587,207,10148,801,20735,California
Sutter,2021-03-14,132,30745,22,11277,99,19144,11,324,45,10556,87,10235,56,20791,California
Sutter,2021-03-15,325,31070,66,11343,210,19354,49,373,155,10592,168,10403,204,20995,California
Sutter,2021-03-16,393,31463,86,11429,260,19614,47,420,212,10669,181,10584,258,21253,California
Sutter,2021-03-17,1498,32961,562,11991,915,20529,21,441,313,9826,1176,11760,333,21586,California
Sutter,2021-03-18,973,33934,178,12169,595,21124,200,641,568,10190,403,12163,767,22353,California
Sutter,2021-03-19,462,34396,165,12334,268,21392,29,670,284,10327,176,12339,313,22666,California
Sutter,2021-03-20,948,35344,117,12451,820,22212,11,681,857,11104,91,12430,868,23534,California
Sutter,2021-03-21,68,35412,47,12498,18,22230,3,684,32,11103,36,12466,35,23569,California
Sutter,2021-03-22,291,35703,121,12619,143,22373,27,711,213,11266,77,12543,240,23809,California
Sutter,2021-03-23,375,36078,115,12734,228,22601,32,743,253,11428,122,12665,284,24093,California
Sutter,2021-03-24,1684,37762,768,13502,845,23446,71,814,312,10454,1357,14022,383,24476,California
Sutter,2021-03-25,1043,38805,681,14183,319,23765,43,857,369,10195,671,14693,412,24888,California
Sutter,2021-03-26,493,39298,176,14359,300,24065,17,874,294,10310,196,14889,311,25199,California
Sutter,2021-03-27,925,40223,63,14422,860,24925,2,876,819,11028,103,14992,821,26020,California
Sutter,2021-03-28,124,40347,71,14493,53,24978,0,876,77,11060,45,15037,77,26097,California
Sutter,2021-03-29,426,40773,143,14636,227,25205,56,932,223,11138,201,15238,279,26376,California
Sutter,2021-03-30,477,41250,162,14798,305,25510,10,942,315,11301,162,15400,325,26701,California
Sutter,2021-03-31,1260,42510,180,14978,1065,26575,15,957,457,10982,792,16192,473,27174,California
Sutter,2021-04-01,1386,43896,739,15717,459,27034,188,1145,428,10647,950,17142,615,27789,California
Sutter,2021-04-02,516,44412,101,15818,297,27331,118,1263,204,10655,310,17452,318,28107,California
Sutter,2021-04-03,917,45329,78,15896,210,27541,629,1892,121,10612,793,18245,750,28857,California
Sutter,2021-04-04,117,45446,22,15918,89,27630,6,1898,54,10609,63,18308,60,28917,California
Sutter,2021-04-05,370,45816,145,16063,189,27819,36,1934,178,10634,189,18497,214,29131,California
Sutter,2021-04-06,513,46329,199,16262,258,28077,56,1990,275,10728,237,18734,331,29462,California
Sutter,2021-04-07,1482,47811,885,17147,521,28598,76,2066,610,10550,864,19598,686,30148,California
Sutter,2021-04-08,1050,48861,581,17728,355,28953,114,2180,578,10771,469,20067,690,30838,California
Sutter,2021-04-09,570,49431,249,17977,256,29209,65,2245,240,10750,326,20393,305,31143,California
Sutter,2021-04-10,831,50262,109,18086,92,29301,630,2875,112,10769,715,21108,734,31877,California
Sutter,2021-04-11,115,50377,28,18114,41,29342,46,2921,34,10767,81,21189,79,31956,California
Sutter,2021-04-12,344,50721,94,18208,196,29538,54,2975,138,10754,205,21394,192,32148,California
Sutter,2021-04-13,435,51156,129,18337,306,29844,0,2975,215,10751,218,21612,215,32363,California
Sutter,2021-04-14,1303,52459,160,18497,1142,30986,1,2976,216,9890,1081,22693,220,32583,California
Sutter,2021-04-15,532,52991,171,18668,361,31347,0,2976,211,9782,319,23012,211,32794,California
Sutter,2021-04-16,393,53384,124,18792,269,31616,0,2976,180,9750,212,23224,180,32974,California
Sutter,2021-04-17,575,53959,84,18876,491,32107,0,2976,504,10184,70,23294,504,33478,California
Sutter,2021-04-18,70,54029,12,18888,58,32165,0,2976,42,10199,27,23321,42,33520,California
Sutter,2021-04-19,287,54316,109,18997,178,32343,0,2976,119,10152,166,23487,119,33639,California
Sutter,2021-04-20,410,54726,132,19129,278,32621,0,2976,202,10146,208,23695,202,33841,California
Sutter,2021-04-21,1232,55958,420,19549,812,33433,0,2976,475,9874,747,24442,475,34316,California
Sutter,2021-04-22,483,56441,164,19713,319,33752,0,2976,251,9895,230,24672,251,34567,California
Sutter,2021-04-23,398,56839,116,19829,282,34034,0,2976,184,9867,212,24884,184,34751,California
Sutter,2021-04-24,326,57165,106,19935,219,34253,1,2977,186,9914,139,25023,186,34937,California
Sutter,2021-04-25,157,57322,75,20010,82,34335,0,2977,86,9931,69,25092,86,35023,California
Sutter,2021-04-26,289,57611,88,20098,199,34534,2,2979,123,9892,164,25256,125,35148,California
Sutter,2021-04-27,530,58141,264,20362,262,34796,4,2983,245,9859,282,25538,249,35397,California
Sutter,2021-04-28,812,58953,340,20702,464,35260,8,2991,253,9566,554,26092,261,35658,California
Sutter,2021-04-29,775,59728,137,20839,637,35897,1,2992,309,9413,463,26555,310,35968,California
Sutter,2021-04-30,359,60087,109,20948,237,36134,13,3005,145,9359,211,26766,157,36125,California
Sutter,2021-05-01,293,60380,105,21053,148,36282,40,3045,125,9359,165,26931,165,36290,California
Sutter,2021-05-02,82,60462,54,21107,26,36308,2,3047,46,9371,36,26967,48,36338,California
Sutter,2021-05-03,217,60679,109,21216,99,36407,9,3056,86,9335,131,27098,95,36433,California
Sutter,2021-05-04,540,61219,237,21453,238,36645,65,3121,226,9314,311,27409,290,36723,California
Sutter,2021-05-05,534,61753,143,21596,383,37028,8,3129,155,9104,373,27782,163,36886,California
Sutter,2021-05-06,420,62173,227,21823,175,37203,18,3147,189,9080,231,28013,207,37093,California
Sutter,2021-05-07,408,62581,146,21969,241,37444,21,3168,153,9001,253,28266,174,37267,California
Sutter,2021-05-08,195,62776,48,22017,142,37586,5,3173,106,9023,89,28355,111,37378,California
Sutter,2021-05-09,82,62858,53,22070,24,37610,5,3178,56,9058,26,28381,61,37439,California
Sutter,2021-05-10,189,63047,42,22112,129,37739,18,3196,47,8983,140,28521,65,37504,California
Sutter,2021-05-11,433,63480,212,22324,202,37941,19,3215,180,8931,250,28771,198,37702,California
Sutter,2021-05-12,396,63876,209,22533,178,38119,9,3224,134,8816,258,29029,143,37845,California
Sutter,2021-05-13,442,64318,228,22761,192,38311,22,3246,171,8740,269,29298,193,38038,California
Sutter,2021-05-14,435,64753,186,22947,233,38544,16,3262,215,8756,215,29513,231,38269,California
Sutter,2021-05-15,840,65593,307,23254,502,39046,31,3293,305,8558,534,30047,336,38605,California
Sutter,2021-05-16,136,65729,82,23336,46,39092,8,3301,74,8579,61,30108,82,38687,California
Sutter,2021-05-17,292,66021,116,23452,162,39254,14,3315,155,8612,136,30244,169,38856,California
Sutter,2021-05-18,540,66561,310,23762,225,39479,5,3320,296,8672,241,30485,301,39157,California
Sutter,2021-05-19,463,67024,265,24027,191,39670,7,3327,246,8711,214,30699,253,39410,California
Sutter,2021-05-20,408,67432,224,24251,172,39842,12,3339,202,8721,204,30903,214,39624,California
Sutter,2021-05-21,453,67885,209,24460,232,40074,12,3351,221,8724,229,31132,232,39856,California
Sutter,2021-05-22,319,68204,184,24644,132,40206,3,3354,162,8736,152,31284,164,40020,California
Sutter,2021-05-23,163,68367,79,24723,76,40282,8,3362,85,8757,72,31356,93,40113,California
Sutter,2021-05-24,241,68608,89,24812,129,40411,23,3385,110,8761,129,31485,133,40246,California
Sutter,2021-05-25,400,69008,195,25007,192,40603,13,3398,169,8716,226,31711,181,40427,California
Sutter,2021-05-26,318,69326,157,25164,152,40755,9,3407,120,8651,194,31905,129,40556,California
Sutter,2021-05-27,432,69758,115,25279,298,41053,19,3426,126,8494,302,32207,145,40701,California
Sutter,2021-05-28,335,70093,164,25443,157,41210,14,3440,179,8536,151,32358,193,40894,California
Sutter,2021-05-29,252,70345,118,25561,119,41329,15,3455,140,8583,108,32466,155,41049,California
Sutter,2021-05-30,85,70430,61,25622,21,41350,3,3458,50,8602,34,32500,53,41102,California
Sutter,2021-05-31,19,70449,2,25624,13,41363,4,3462,5,8597,14,32514,9,41111,California
Sutter,2021-06-01,308,70757,133,25757,167,41530,8,3470,135,8568,172,32686,143,41254,California
Sutter,2021-06-02,281,71038,120,25877,155,41685,6,3476,118,8535,157,32843,124,41378,California
Sutter,2021-06-03,338,71376,225,26102,104,41789,9,3485,131,8474,201,33044,140,41518,California
Sutter,2021-06-04,141,71517,42,26144,92,41881,7,3492,58,8458,81,33125,65,41583,California
Tehama,2020-12-15,1,1,1,1,0,0,0,0,1,1,0,0,1,1,California
Tehama,2020-12-16,4,5,4,5,0,0,0,0,4,5,0,0,4,5,California
Tehama,2020-12-17,15,20,15,20,0,0,0,0,15,20,0,0,15,20,California
Tehama,2020-12-18,4,24,4,24,0,0,0,0,5,25,0,0,5,25,California
Tehama,2020-12-21,37,61,37,61,0,0,0,0,37,62,0,0,37,62,California
Tehama,2020-12-22,71,132,65,126,6,6,0,0,71,133,0,0,71,133,California
Tehama,2020-12-23,52,184,44,170,8,14,0,0,52,185,0,0,52,185,California
Tehama,2020-12-24,5,189,3,173,2,16,0,0,5,190,0,0,5,190,California
Tehama,2020-12-26,4,193,3,176,1,17,0,0,4,194,0,0,4,194,California
Tehama,2020-12-27,2,195,2,178,0,17,0,0,2,196,0,0,2,196,California
Tehama,2020-12-28,58,253,45,223,13,30,0,0,58,254,0,0,58,254,California
Tehama,2020-12-29,39,292,39,262,0,30,0,0,39,293,0,0,39,293,California
Tehama,2020-12-30,57,349,40,302,17,47,0,0,56,349,0,0,56,349,California
Tehama,2020-12-31,14,363,4,306,10,57,0,0,14,363,0,0,14,363,California
Tehama,2021-01-01,2,365,0,306,2,59,0,0,2,365,0,0,2,365,California
Tehama,2021-01-04,40,405,13,319,27,86,0,0,40,405,0,0,40,405,California
Tehama,2021-01-05,75,480,46,365,29,115,0,0,70,470,5,5,70,475,California
Tehama,2021-01-06,80,560,27,392,53,168,0,0,68,527,11,16,68,543,California
Tehama,2021-01-07,58,618,7,399,51,219,0,0,57,583,1,17,57,600,California
Tehama,2021-01-08,36,654,25,424,11,230,0,0,31,609,5,22,31,631,California
Tehama,2021-01-09,8,662,6,430,2,232,0,0,6,613,2,24,6,637,California
Tehama,2021-01-10,1,663,0,430,1,233,0,0,1,614,0,24,1,638,California
Tehama,2021-01-11,55,718,49,479,6,239,0,0,19,597,36,60,19,657,California
Tehama,2021-01-12,140,858,120,599,20,259,0,0,90,637,50,110,90,747,California
Tehama,2021-01-13,79,937,58,657,21,280,0,0,31,620,48,158,31,778,California
Tehama,2021-01-14,235,1172,50,707,185,465,0,0,233,851,2,160,233,1011,California
Tehama,2021-01-15,269,1441,75,782,194,659,0,0,265,1112,4,164,265,1276,California
Tehama,2021-01-16,272,1713,20,802,252,911,0,0,269,1378,3,167,269,1545,California
Tehama,2021-01-17,6,1719,2,804,4,915,0,0,4,1380,2,169,4,1549,California
Tehama,2021-01-18,13,1732,7,811,6,921,0,0,7,1381,6,175,7,1556,California
Tehama,2021-01-19,305,2037,73,884,232,1153,0,0,244,1564,61,236,244,1800,California
Tehama,2021-01-20,319,2356,95,979,224,1377,0,0,266,1778,52,288,266,2066,California
Tehama,2021-01-21,235,2591,15,994,220,1597,0,0,222,1987,13,301,222,2288,California
Tehama,2021-01-22,239,2830,21,1015,218,1815,0,0,236,2220,3,304,236,2524,California
Tehama,2021-01-23,265,3095,7,1022,258,2073,0,0,264,2483,1,305,264,2788,California
Tehama,2021-01-24,1,3096,1,1023,0,2073,0,0,1,2484,0,305,1,2789,California
Tehama,2021-01-25,40,3136,19,1042,21,2094,0,0,18,2480,22,327,18,2807,California
Tehama,2021-01-26,344,3480,44,1086,300,2394,0,0,306,2748,38,365,306,3113,California
Tehama,2021-01-27,316,3796,22,1108,294,2688,0,0,295,3022,21,386,295,3408,California
Tehama,2021-01-28,354,4150,35,1143,319,3007,0,0,335,3338,19,405,335,3743,California
Tehama,2021-01-29,344,4494,22,1165,322,3329,0,0,326,3646,18,423,326,4069,California
Tehama,2021-01-30,108,4602,2,1167,106,3435,0,0,107,3752,1,424,107,4176,California
Tehama,2021-01-31,1,4603,0,1167,1,3436,0,0,1,3753,0,424,1,4177,California
Tehama,2021-02-01,83,4686,22,1189,61,3497,0,0,38,3746,45,469,38,4215,California
Tehama,2021-02-02,364,5050,69,1258,295,3792,0,0,265,3912,99,568,265,4480,California
Tehama,2021-02-03,418,5468,15,1273,403,4195,0,0,367,4228,51,619,367,4847,California
Tehama,2021-02-04,508,5976,103,1376,405,4600,0,0,425,4571,83,702,426,5273,California
Tehama,2021-02-05,188,6164,73,1449,115,4715,0,0,124,4631,64,766,124,5397,California
Tehama,2021-02-06,37,6201,15,1464,22,4737,0,0,25,4644,12,778,25,5422,California
Tehama,2021-02-07,5,6206,4,1468,1,4738,0,0,2,4643,3,781,2,5424,California
Tehama,2021-02-08,42,6248,14,1482,28,4766,0,0,30,4661,12,793,30,5454,California
Tehama,2021-02-09,86,6334,41,1523,45,4811,0,0,47,4669,39,832,47,5501,California
Tehama,2021-02-10,244,6578,67,1590,177,4988,0,0,160,4745,84,916,160,5661,California
Tehama,2021-02-11,238,6816,18,1608,220,5208,0,0,90,4689,146,1062,90,5751,California
Tehama,2021-02-12,394,7210,74,1682,320,5528,0,0,186,4667,208,1270,186,5937,California
Tehama,2021-02-13,403,7613,16,1698,387,5915,0,0,159,4582,244,1514,159,6096,California
Tehama,2021-02-14,37,7650,2,1700,35,5950,0,0,34,4613,3,1517,34,6130,California
Tehama,2021-02-15,59,7709,10,1710,49,5999,0,0,51,4656,8,1525,51,6181,California
Tehama,2021-02-16,254,7963,19,1729,235,6234,0,0,66,4534,188,1713,66,6247,California
Tehama,2021-02-17,299,8262,15,1744,284,6518,0,0,57,4349,242,1955,57,6304,California
Tehama,2021-02-18,385,8647,33,1777,352,6870,0,0,148,4260,237,2192,148,6452,California
Tehama,2021-02-19,229,8876,22,1799,207,7077,0,0,45,4121,184,2376,45,6497,California
Tehama,2021-02-20,283,9159,8,1807,275,7352,0,0,31,3900,252,2628,31,6528,California
Tehama,2021-02-21,2,9161,1,1808,1,7353,0,0,2,3902,0,2628,2,6530,California
Tehama,2021-02-22,44,9205,15,1823,29,7382,0,0,27,3912,17,2645,27,6557,California
Tehama,2021-02-23,53,9258,23,1846,30,7412,0,0,27,3913,26,2671,27,6584,California
Tehama,2021-02-24,324,9582,20,1866,304,7716,0,0,33,3655,291,2962,33,6617,California
Tehama,2021-02-25,388,9970,60,1926,328,8044,0,0,41,3349,347,3309,41,6658,California
Tehama,2021-02-26,477,10447,20,1946,457,8501,0,0,73,3018,404,3713,73,6731,California
Tehama,2021-02-27,314,10761,6,1952,308,8809,0,0,35,2774,279,3992,35,6766,California
Tehama,2021-02-28,23,10784,2,1954,21,8830,0,0,20,2791,3,3995,20,6786,California
Tehama,2021-03-01,69,10853,8,1962,61,8891,0,0,33,2788,36,4031,33,6819,California
Tehama,2021-03-02,148,11001,19,1981,129,9020,0,0,31,2702,117,4148,31,6850,California
Tehama,2021-03-03,158,11159,33,2014,125,9145,0,0,53,2650,105,4253,53,6903,California
Tehama,2021-03-04,683,11842,54,2068,629,9774,0,0,244,2462,432,4685,244,7147,California
Tehama,2021-03-05,423,12265,23,2091,400,10174,0,0,224,2488,198,4883,224,7371,California
Tehama,2021-03-06,319,12584,16,2107,301,10475,2,2,84,2341,234,5117,87,7458,California
Tehama,2021-03-07,5,12589,1,2108,4,10479,0,2,3,2343,1,5118,3,7461,California
Tehama,2021-03-08,63,12652,11,2119,36,10515,16,18,26,2349,36,5154,42,7503,California
Tehama,2021-03-09,388,13040,11,2130,356,10871,21,39,330,2642,58,5212,351,7854,California
Tehama,2021-03-10,361,13401,17,2147,323,11194,21,60,73,2449,287,5499,94,7948,California
Tehama,2021-03-11,520,13921,20,2167,447,11641,53,113,366,2714,154,5653,419,8367,California
Tehama,2021-03-12,322,14243,24,2191,229,11870,69,182,188,2837,134,5787,257,8624,California
Tehama,2021-03-13,49,14292,9,2200,34,11904,6,188,5,2804,44,5831,11,8635,California
Tehama,2021-03-14,59,14351,3,2203,45,11949,11,199,15,2786,44,5875,26,8661,California
Tehama,2021-03-15,160,14511,21,2224,118,12067,21,220,85,2817,75,5950,106,8767,California
Tehama,2021-03-16,427,14938,18,2242,371,12438,38,258,322,3073,104,6054,360,9127,California
Tehama,2021-03-17,452,15390,28,2270,392,12830,32,290,365,3385,85,6139,397,9524,California
Tehama,2021-03-18,509,15899,33,2303,451,13281,25,315,326,3555,181,6320,351,9875,California
Tehama,2021-03-19,334,16233,26,2329,295,13576,13,328,290,3814,44,6364,303,10178,California
Tehama,2021-03-20,49,16282,12,2341,32,13608,5,333,33,3836,16,6380,38,10216,California
Tehama,2021-03-21,12,16294,5,2346,7,13615,0,333,12,3848,0,6380,12,10228,California
Tehama,2021-03-22,97,16391,8,2354,72,13687,17,350,55,3878,42,6422,72,10300,California
Tehama,2021-03-23,98,16489,31,2385,60,13747,7,357,74,3935,24,6446,81,10381,California
Tehama,2021-03-24,91,16580,16,2401,72,13819,3,360,57,3961,34,6480,60,10441,California
Tehama,2021-03-25,545,17125,378,2779,154,13973,13,373,493,4416,51,6531,506,10947,California
Tehama,2021-03-26,543,17668,428,3207,103,14076,12,385,462,4811,79,6610,474,11421,California
Tehama,2021-03-27,483,18151,380,3587,74,14150,29,414,412,5182,70,6680,441,11862,California
Tehama,2021-03-28,38,18189,15,3602,23,14173,0,414,24,5192,14,6694,24,11886,California
Tehama,2021-03-29,128,18317,31,3633,95,14268,2,416,80,5226,47,6741,81,11967,California
Tehama,2021-03-30,397,18714,237,3870,158,14426,2,418,270,5371,127,6868,272,12239,California
Tehama,2021-03-31,412,19126,307,4177,102,14528,3,421,335,5632,76,6944,337,12576,California
Tehama,2021-04-01,545,19671,260,4437,279,14807,6,427,407,5908,137,7081,413,12989,California
Tehama,2021-04-02,481,20152,230,4667,244,15051,7,434,290,6013,191,7272,296,13285,California
Tehama,2021-04-03,69,20221,6,4673,57,15108,6,440,35,6020,34,7306,41,13326,California
Tehama,2021-04-04,37,20258,6,4679,28,15136,3,443,23,6032,14,7320,26,13352,California
Tehama,2021-04-05,124,20382,21,4700,72,15208,31,474,63,6065,61,7381,94,13446,California
Tehama,2021-04-06,528,20910,114,4814,354,15562,60,534,144,5885,384,7765,204,13650,California
Tehama,2021-04-07,435,21345,295,5109,92,15654,48,582,313,6124,121,7886,360,14010,California
Tehama,2021-04-08,634,21979,186,5295,406,16060,42,624,237,6007,396,8282,279,14289,California
Tehama,2021-04-09,460,22439,213,5508,212,16272,35,659,233,6049,226,8508,268,14557,California
Tehama,2021-04-10,85,22524,17,5525,38,16310,30,689,45,6084,40,8548,75,14632,California
Tehama,2021-04-11,40,22564,8,5533,21,16331,11,700,9,6073,31,8579,20,14652,California
Tehama,2021-04-12,116,22680,6,5539,89,16420,21,721,41,6060,75,8654,62,14714,California
Tehama,2021-04-13,397,23077,69,5608,328,16748,0,721,67,5797,330,8984,67,14781,California
Tehama,2021-04-14,416,23493,53,5661,363,17111,0,721,49,5481,365,9349,49,14830,California
Tehama,2021-04-15,531,24024,200,5861,331,17442,0,721,81,5112,450,9799,81,14911,California
Tehama,2021-04-16,637,24661,368,6229,269,17711,0,721,81,4637,556,10355,81,14992,California
Tehama,2021-04-17,370,25031,283,6512,87,17798,0,721,51,4371,318,10673,52,15044,California
Tehama,2021-04-18,18,25049,4,6516,14,17812,0,721,12,4377,6,10679,12,15056,California
Tehama,2021-04-19,99,25148,7,6523,92,17904,0,721,41,4360,58,10737,41,15097,California
Tehama,2021-04-20,559,25707,462,6985,97,18001,0,721,161,4128,395,11132,163,15260,California
Tehama,2021-04-21,518,26225,442,7427,76,18077,0,721,168,3948,348,11480,168,15428,California
Tehama,2021-04-22,535,26760,381,7808,154,18231,0,721,153,3722,379,11859,153,15581,California
Tehama,2021-04-23,466,27226,363,8171,103,18334,0,721,205,3668,260,12119,206,15787,California
Tehama,2021-04-24,110,27336,20,8191,90,18424,0,721,27,3612,83,12202,27,15814,California
Tehama,2021-04-25,29,27365,18,8209,11,18435,0,721,10,3603,19,12221,10,15824,California
Tehama,2021-04-26,81,27446,11,8220,70,18505,0,721,48,3618,33,12254,48,15872,California
Tehama,2021-04-27,261,27707,214,8434,45,18550,2,723,94,3547,167,12421,96,15968,California
Tehama,2021-04-28,413,28120,334,8768,61,18611,18,741,70,3292,343,12764,88,16056,California
Tehama,2021-04-29,372,28492,178,8946,188,18799,6,747,73,3073,298,13062,79,16135,California
Tehama,2021-04-30,359,28851,264,9210,88,18887,7,754,126,2973,233,13295,133,16268,California
Tehama,2021-05-01,72,28923,3,9213,66,18953,3,757,13,2930,59,13354,16,16284,California
Tehama,2021-05-02,46,28969,24,9237,10,18963,12,769,26,2948,20,13374,38,16322,California
Tehama,2021-05-03,123,29092,40,9277,74,19037,9,778,65,2964,58,13432,74,16396,California
Tehama,2021-05-04,164,29256,57,9334,98,19135,9,787,68,2945,96,13528,77,16473,California
Tehama,2021-05-05,87,29343,22,9356,55,19190,10,797,40,2948,47,13575,50,16523,California
Tehama,2021-05-06,171,29514,95,9451,59,19249,17,814,104,3002,67,13642,121,16644,California
Tehama,2021-05-07,185,29699,77,9528,96,19345,12,826,52,2935,131,13773,64,16708,California
Tehama,2021-05-08,52,29751,7,9535,44,19389,1,827,14,2912,38,13811,15,16723,California
Tehama,2021-05-09,17,29768,4,9539,13,19402,0,827,7,2909,10,13821,7,16730,California
Tehama,2021-05-10,79,29847,6,9545,66,19468,7,834,37,2912,41,13862,44,16774,California
Tehama,2021-05-11,178,30025,126,9671,39,19507,13,847,33,2813,145,14007,46,16820,California
Tehama,2021-05-12,207,30232,135,9806,62,19569,10,857,45,2707,161,14168,55,16875,California
Tehama,2021-05-13,242,30474,166,9972,67,19636,9,866,109,2693,132,14300,118,16993,California
Tehama,2021-05-14,250,30724,137,10109,92,19728,21,887,59,2583,190,14490,80,17073,California
Tehama,2021-05-15,238,30962,139,10248,60,19788,39,926,167,2719,70,14560,206,17279,California
Tehama,2021-05-16,28,30990,7,10255,18,19806,3,929,16,2726,12,14572,19,17298,California
Tehama,2021-05-17,121,31111,33,10288,72,19878,16,945,59,2740,61,14633,75,17373,California
Tehama,2021-05-18,157,31268,82,10370,60,19938,15,960,49,2698,106,14739,64,17437,California
Tehama,2021-05-19,131,31399,57,10427,63,20001,11,971,44,2666,87,14826,55,17492,California
Tehama,2021-05-20,314,31713,229,10656,62,20063,23,994,222,2820,91,14917,245,17737,California
Tehama,2021-05-21,214,31927,103,10759,98,20161,13,1007,71,2763,141,15058,84,17821,California
Tehama,2021-05-22,58,31985,30,10789,24,20185,4,1011,36,2781,22,15080,40,17861,California
Tehama,2021-05-23,42,32027,22,10811,10,20195,10,1021,13,2775,29,15109,23,17884,California
Tehama,2021-05-24,101,32128,29,10840,63,20258,9,1030,35,2753,66,15175,44,17928,California
Tehama,2021-05-25,77,32205,18,10858,51,20309,8,1038,47,2778,29,15204,54,17982,California
Tehama,2021-05-26,81,32286,31,10889,47,20356,3,1041,53,2807,27,15231,56,18038,California
Tehama,2021-05-27,155,32441,98,10987,53,20409,4,1045,50,2758,103,15334,54,18092,California
Tehama,2021-05-28,141,32582,38,11025,95,20504,8,1053,65,2756,75,15409,73,18165,California
Tehama,2021-05-29,54,32636,8,11033,40,20544,6,1059,35,2778,19,15428,41,18206,California
Tehama,2021-05-30,13,32649,3,11036,9,20553,1,1060,5,2776,8,15436,6,18212,California
Tehama,2021-05-31,17,32666,1,11037,15,20568,1,1061,4,2768,13,15449,5,18217,California
Tehama,2021-06-01,100,32766,19,11056,62,20630,19,1080,33,2753,67,15516,52,18269,California
Tehama,2021-06-02,90,32856,32,11088,53,20683,5,1085,38,2744,52,15568,43,18312,California
Tehama,2021-06-03,134,32990,102,11190,23,20706,9,1094,33,2685,101,15669,42,18354,California
Tehama,2021-06-04,84,33074,14,11204,62,20768,8,1102,31,2669,53,15722,37,18391,California
Trinity,2020-12-17,4,4,4,4,0,0,0,0,4,4,0,0,4,4,California
Trinity,2020-12-18,2,6,2,6,0,0,0,0,2,6,0,0,2,6,California
Trinity,2020-12-21,39,45,39,45,0,0,0,0,39,45,0,0,39,45,California
Trinity,2020-12-22,4,49,4,49,0,0,0,0,4,49,0,0,4,49,California
Trinity,2020-12-23,6,55,5,54,1,1,0,0,6,55,0,0,6,55,California
Trinity,2020-12-28,31,86,31,85,0,1,0,0,31,86,0,0,31,86,California
Trinity,2020-12-29,8,94,7,92,1,2,0,0,8,94,0,0,8,94,California
Trinity,2020-12-30,10,104,8,100,2,4,0,0,10,104,0,0,10,104,California
Trinity,2020-12-31,2,106,1,101,1,5,0,0,2,106,0,0,2,106,California
Trinity,2021-01-04,28,134,0,101,28,33,0,0,27,133,0,0,27,133,California
Trinity,2021-01-05,2,136,1,102,1,34,0,0,2,135,0,0,2,135,California
Trinity,2021-01-06,24,160,4,106,20,54,0,0,20,151,4,4,20,155,California
Trinity,2021-01-08,49,209,2,108,47,101,0,0,48,197,2,6,48,203,California
Trinity,2021-01-11,41,250,38,146,3,104,0,0,4,164,37,43,4,207,California
Trinity,2021-01-12,9,259,6,152,3,107,0,0,4,163,5,48,4,211,California
Trinity,2021-01-13,7,266,4,156,3,110,0,0,4,164,3,51,4,215,California
Trinity,2021-01-14,4,270,1,157,3,113,0,0,4,168,0,51,4,219,California
Trinity,2021-01-15,5,275,0,157,5,118,0,0,5,173,0,51,5,224,California
Trinity,2021-01-16,3,278,0,157,3,121,0,0,3,176,0,51,3,227,California
Trinity,2021-01-18,31,309,31,188,0,121,0,0,0,145,31,82,0,227,California
Trinity,2021-01-19,35,344,15,203,20,141,0,0,21,152,14,96,21,248,California
Trinity,2021-01-20,20,364,3,206,17,158,0,0,17,166,3,99,17,265,California
Trinity,2021-01-21,18,382,7,213,11,169,0,0,18,184,0,99,18,283,California
Trinity,2021-01-22,5,387,1,214,4,173,0,0,5,189,0,99,5,288,California
Trinity,2021-01-23,7,394,3,217,4,177,0,0,7,196,0,99,7,295,California
Trinity,2021-01-25,14,408,1,218,13,190,0,0,13,208,1,100,13,308,California
Trinity,2021-01-26,10,418,1,219,9,199,0,0,9,216,1,101,9,317,California
Trinity,2021-01-27,12,430,0,219,12,211,0,0,12,228,0,101,12,329,California
Trinity,2021-01-28,13,443,3,222,10,221,0,0,10,235,3,104,10,339,California
Trinity,2021-01-29,2,445,0,222,2,223,0,0,1,235,1,105,1,340,California
Trinity,2021-01-30,12,457,11,233,1,224,0,0,12,247,0,105,12,352,California
Trinity,2021-02-01,2,459,1,234,1,225,0,0,1,247,1,106,1,353,California
Trinity,2021-02-02,15,474,3,237,12,237,0,0,14,260,1,107,14,367,California
Trinity,2021-02-03,6,480,1,238,5,242,0,0,4,262,2,109,4,371,California
Trinity,2021-02-04,41,521,32,270,9,251,0,0,34,289,7,116,34,405,California
Trinity,2021-02-05,351,872,0,270,351,602,0,0,320,578,31,147,320,725,California
Trinity,2021-02-06,210,1082,5,275,205,807,0,0,203,774,7,154,203,928,California
Trinity,2021-02-07,1,1083,0,275,1,808,0,0,1,775,0,154,1,929,California
Trinity,2021-02-08,28,1111,1,276,27,835,0,0,16,779,12,166,16,945,California
Trinity,2021-02-09,27,1138,2,278,25,860,0,0,11,774,16,182,11,956,California
Trinity,2021-02-10,122,1260,10,288,112,972,0,0,102,856,20,202,102,1058,California
Trinity,2021-02-11,339,1599,2,290,337,1309,0,0,332,1181,7,209,332,1390,California
Trinity,2021-02-12,19,1618,10,300,9,1318,0,0,14,1190,5,214,14,1404,California
Trinity,2021-02-13,11,1629,5,305,6,1324,0,0,5,1189,6,220,5,1409,California
Trinity,2021-02-14,2,1631,2,307,0,1324,0,0,2,1191,0,220,2,1411,California
Trinity,2021-02-15,47,1678,0,307,47,1371,0,0,47,1238,0,220,47,1458,California
Trinity,2021-02-16,4,1682,1,308,3,1374,0,0,2,1238,2,222,2,1460,California
Trinity,2021-02-17,94,1776,2,310,92,1466,0,0,84,1312,10,232,84,1544,California
Trinity,2021-02-18,4,1780,0,310,4,1470,0,0,1,1310,3,235,1,1545,California
Trinity,2021-02-19,306,2086,2,312,304,1774,0,0,292,1588,14,249,292,1837,California
Trinity,2021-02-20,140,2226,14,326,126,1900,0,0,112,1672,28,277,112,1949,California
Trinity,2021-02-21,1,2227,1,327,0,1900,0,0,1,1673,0,277,1,1950,California
Trinity,2021-02-22,8,2235,0,327,8,1908,0,0,5,1675,3,280,5,1955,California
Trinity,2021-02-23,10,2245,3,330,7,1915,0,0,5,1675,5,285,5,1960,California
Trinity,2021-02-24,30,2275,8,338,22,1937,0,0,7,1659,23,308,7,1967,California
Trinity,2021-02-25,37,2312,23,361,14,1951,0,0,5,1632,32,340,5,1972,California
Trinity,2021-02-26,11,2323,1,362,10,1961,0,0,5,1631,6,346,5,1977,California
Trinity,2021-02-27,10,2333,8,370,2,1963,0,0,4,1629,6,352,4,1981,California
Trinity,2021-03-01,10,2343,0,370,10,1973,0,0,5,1629,5,357,5,1986,California
Trinity,2021-03-02,9,2352,3,373,6,1979,0,0,2,1624,7,364,2,1988,California
Trinity,2021-03-03,5,2357,0,373,5,1984,0,0,4,1627,1,365,4,1992,California
Trinity,2021-03-04,23,2380,19,392,4,1988,0,0,10,1624,13,378,10,2002,California
Trinity,2021-03-05,388,2768,1,393,387,2375,0,0,121,1482,263,641,121,2123,California
Trinity,2021-03-06,202,2970,7,400,195,2570,0,0,27,1334,175,816,27,2150,California
Trinity,2021-03-07,4,2974,3,403,1,2571,0,0,3,1336,1,817,3,2153,California
Trinity,2021-03-08,4,2978,0,403,3,2574,1,1,1,1335,3,820,2,2155,California
Trinity,2021-03-09,98,3076,1,404,95,2669,2,3,93,1425,5,825,95,2250,California
Trinity,2021-03-10,126,3202,3,407,120,2789,3,6,38,1378,88,913,41,2291,California
Trinity,2021-03-11,16,3218,4,411,10,2799,2,8,5,1374,11,924,7,2298,California
Trinity,2021-03-12,399,3617,5,416,388,3187,6,14,97,1175,302,1226,103,2401,California
Trinity,2021-03-13,12,3629,7,423,3,3190,2,16,7,1179,5,1231,9,2410,California
Trinity,2021-03-14,4,3633,1,424,3,3193,0,16,3,1181,1,1232,3,2413,California
Trinity,2021-03-15,67,3700,0,424,66,3259,1,17,14,1143,53,1285,15,2428,California
Trinity,2021-03-16,115,3815,7,431,108,3367,0,17,102,1232,13,1298,102,2530,California
Trinity,2021-03-17,100,3915,3,434,97,3464,0,17,26,1184,74,1372,26,2556,California
Trinity,2021-03-18,9,3924,1,435,5,3469,3,20,4,1186,5,1377,7,2563,California
Trinity,2021-03-19,459,4383,4,439,345,3814,110,130,36,909,423,1800,146,2709,California
Trinity,2021-03-20,107,4490,7,446,100,3914,0,130,72,947,34,1834,72,2781,California
Trinity,2021-03-21,4,4494,0,446,3,3917,1,131,3,950,1,1835,4,2785,California
Trinity,2021-03-22,2,4496,0,446,2,3919,0,131,2,952,0,1835,2,2787,California
Trinity,2021-03-23,96,4592,2,448,94,4013,0,131,78,1012,18,1853,78,2865,California
Trinity,2021-03-24,12,4604,1,449,11,4024,0,131,9,1018,3,1856,9,2874,California
Trinity,2021-03-25,111,4715,8,457,97,4121,6,137,85,1083,26,1882,91,2965,California
Trinity,2021-03-26,84,4799,8,465,76,4197,0,137,77,1153,7,1889,77,3042,California
Trinity,2021-03-27,20,4819,4,469,7,4204,9,146,9,1160,11,1900,18,3060,California
Trinity,2021-03-28,5,4824,3,472,2,4206,0,146,1,1157,4,1904,1,3061,California
Trinity,2021-03-29,5,4829,0,472,5,4211,0,146,2,1156,3,1907,2,3063,California
Trinity,2021-03-30,78,4907,6,478,72,4283,0,146,67,1212,11,1918,67,3130,California
Trinity,2021-03-31,56,4963,5,483,18,4301,33,179,20,1228,36,1954,52,3182,California
Trinity,2021-04-01,40,5003,10,493,19,4320,11,190,21,1241,19,1973,32,3214,California
Trinity,2021-04-02,254,5257,5,498,174,4494,75,265,81,1225,172,2145,156,3370,California
Trinity,2021-04-03,17,5274,12,510,5,4499,0,265,7,1222,10,2155,7,3377,California
Trinity,2021-04-04,10,5284,8,518,2,4501,0,265,8,1228,2,2157,8,3385,California
Trinity,2021-04-05,59,5343,6,524,51,4552,2,267,54,1279,5,2162,56,3441,California
Trinity,2021-04-06,122,5465,15,539,104,4656,3,270,29,1218,93,2255,32,3473,California
Trinity,2021-04-07,26,5491,11,550,10,4666,5,275,19,1235,7,2262,24,3497,California
Trinity,2021-04-08,90,5581,11,561,77,4743,2,277,53,1253,37,2299,55,3552,California
Trinity,2021-04-09,166,5747,19,580,143,4886,4,281,88,1267,78,2377,92,3644,California
Trinity,2021-04-10,11,5758,7,587,4,4890,0,281,10,1276,1,2378,10,3654,California
Trinity,2021-04-11,10,5768,5,592,3,4893,2,283,4,1276,6,2384,6,3660,California
Trinity,2021-04-12,77,5845,5,597,71,4964,1,284,64,1328,12,2396,64,3724,California
Trinity,2021-04-13,98,5943,5,602,93,5057,0,284,10,1250,88,2484,10,3734,California
Trinity,2021-04-14,10,5953,5,607,5,5062,0,284,6,1252,4,2488,6,3740,California
Trinity,2021-04-15,44,5997,10,617,34,5096,0,284,14,1237,29,2517,14,3754,California
Trinity,2021-04-16,153,6150,13,630,140,5236,0,284,78,1241,74,2591,78,3832,California
Trinity,2021-04-17,11,6161,5,635,6,5242,0,284,9,1248,2,2593,9,3841,California
Trinity,2021-04-18,3,6164,1,636,2,5244,0,284,0,1245,3,2596,0,3841,California
Trinity,2021-04-19,67,6231,2,638,65,5309,0,284,66,1310,1,2597,66,3907,California
Trinity,2021-04-20,93,6324,8,646,85,5394,0,284,21,1259,72,2669,21,3928,California
Trinity,2021-04-21,22,6346,9,655,13,5407,0,284,9,1255,13,2682,9,3937,California
Trinity,2021-04-22,92,6438,5,660,87,5494,0,284,14,1191,78,2760,14,3951,California
Trinity,2021-04-23,183,6621,6,666,177,5671,0,284,114,1236,69,2829,114,4065,California
Trinity,2021-04-24,22,6643,12,678,10,5681,0,284,5,1224,17,2846,5,4070,California
Trinity,2021-04-25,10,6653,9,687,1,5682,0,284,3,1221,6,2852,3,4073,California
Trinity,2021-04-26,45,6698,6,693,39,5721,0,284,40,1256,5,2857,40,4113,California
Trinity,2021-04-27,85,6783,9,702,76,5797,0,284,21,1213,64,2921,21,4134,California
Trinity,2021-04-28,33,6816,11,713,22,5819,0,284,12,1204,21,2942,12,4146,California
Trinity,2021-04-29,34,6850,13,726,21,5840,0,284,12,1194,22,2964,12,4158,California
Trinity,2021-04-30,27,6877,22,748,5,5845,0,284,10,1188,16,2980,10,4168,California
Trinity,2021-05-01,14,6891,8,756,1,5846,5,289,4,1187,10,2990,9,4177,California
Trinity,2021-05-02,8,6899,5,761,1,5847,2,291,2,1185,6,2996,4,4181,California
Trinity,2021-05-03,58,6957,13,774,44,5891,1,292,9,1147,48,3044,10,4191,California
Trinity,2021-05-04,25,6982,11,785,13,5904,1,293,8,1139,17,3061,9,4200,California
Trinity,2021-05-05,11,6993,7,792,4,5908,0,293,4,1136,7,3068,4,4204,California
Trinity,2021-05-06,75,7068,11,803,62,5970,2,295,16,1095,59,3127,18,4222,California
Trinity,2021-05-07,178,7246,12,815,132,6102,34,329,14,979,164,3291,48,4270,California
Trinity,2021-05-08,6,7252,2,817,4,6106,0,329,2,977,4,3295,2,4272,California
Trinity,2021-05-09,11,7263,8,825,3,6109,0,329,7,980,4,3299,7,4279,California
Trinity,2021-05-10,15,7278,5,830,9,6118,1,330,8,982,7,3306,9,4288,California
Trinity,2021-05-11,8,7286,4,834,4,6122,0,330,6,986,2,3308,6,4294,California
Trinity,2021-05-12,17,7303,14,848,2,6124,1,331,13,996,4,3312,14,4308,California
Trinity,2021-05-13,10,7313,7,855,2,6126,1,332,7,1001,3,3315,8,4316,California
Trinity,2021-05-14,138,7451,19,874,91,6217,28,360,39,969,99,3414,67,4383,California
Trinity,2021-05-15,14,7465,9,883,4,6221,1,361,7,971,6,3420,8,4391,California
Trinity,2021-05-16,7,7472,6,889,1,6222,0,361,5,974,2,3422,5,4396,California
Trinity,2021-05-17,108,7580,20,909,86,6308,2,363,42,952,66,3488,44,4440,California
Trinity,2021-05-18,37,7617,7,916,29,6337,1,364,11,938,26,3514,12,4452,California
Trinity,2021-05-19,148,7765,16,932,103,6440,29,393,30,880,117,3631,59,4511,California
Trinity,2021-05-20,12,7777,6,938,3,6443,3,396,6,883,6,3637,9,4520,California
Trinity,2021-05-21,12,7789,3,941,9,6452,0,396,4,879,8,3645,4,4524,California
Trinity,2021-05-22,3,7792,2,943,1,6453,0,396,2,880,1,3646,2,4526,California
Trinity,2021-05-23,2,7794,2,945,0,6453,0,396,0,878,2,3648,0,4526,California
Trinity,2021-05-24,109,7903,12,957,96,6549,1,397,9,789,99,3747,10,4536,California
Trinity,2021-05-25,38,7941,13,970,25,6574,0,397,16,783,22,3769,16,4552,California
Trinity,2021-05-26,11,7952,5,975,6,6580,0,397,3,778,8,3777,3,4555,California
Trinity,2021-05-27,30,7982,13,988,12,6592,5,402,7,767,23,3800,12,4567,California
Trinity,2021-05-28,13,7995,10,998,2,6594,1,403,6,767,7,3807,7,4574,California
Trinity,2021-05-29,10,8005,7,1005,2,6596,1,404,7,772,3,3810,8,4582,California
Trinity,2021-05-30,5,8010,4,1009,1,6597,0,404,0,767,5,3815,0,4582,California
Trinity,2021-05-31,4,8014,3,1012,1,6598,0,404,2,767,2,3817,2,4584,California
Trinity,2021-06-01,16,8030,9,1021,5,6603,2,406,5,764,10,3827,7,4591,California
Trinity,2021-06-02,24,8054,19,1040,3,6606,2,408,9,760,15,3842,11,4602,California
Trinity,2021-06-03,39,8093,13,1053,26,6632,0,408,16,753,23,3865,16,4618,California
Trinity,2021-06-04,10,8103,2,1055,8,6640,0,408,5,753,5,3870,5,4623,California
Tulare,2020-12-15,1,1,1,1,0,0,0,0,1,1,0,0,1,1,California
Tulare,2020-12-16,4,5,4,5,0,0,0,0,4,5,0,0,4,5,California
Tulare,2020-12-17,110,115,110,115,0,0,0,0,110,115,0,0,110,115,California
Tulare,2020-12-18,290,405,289,404,1,1,0,0,290,405,0,0,290,405,California
Tulare,2020-12-19,325,730,325,729,0,1,0,0,325,730,0,0,325,730,California
Tulare,2020-12-20,165,895,165,894,0,1,0,0,165,895,0,0,165,895,California
Tulare,2020-12-21,421,1316,421,1315,0,1,0,0,441,1336,0,0,441,1336,California
Tulare,2020-12-22,472,1788,470,1785,2,3,0,0,471,1807,0,0,471,1807,California
Tulare,2020-12-23,327,2115,319,2104,8,11,0,0,325,2132,0,0,325,2132,California
Tulare,2020-12-24,18,2133,16,2120,2,13,0,0,18,2150,0,0,18,2150,California
Tulare,2020-12-26,8,2141,7,2127,1,14,0,0,8,2158,0,0,8,2158,California
Tulare,2020-12-27,16,2157,12,2139,4,18,0,0,16,2174,0,0,16,2174,California
Tulare,2020-12-28,477,2634,465,2604,12,30,0,0,476,2650,0,0,476,2650,California
Tulare,2020-12-29,547,3181,476,3080,71,101,0,0,547,3197,0,0,547,3197,California
Tulare,2020-12-30,469,3650,425,3505,44,145,0,0,469,3666,0,0,469,3666,California
Tulare,2020-12-31,100,3750,22,3527,78,223,0,0,100,3766,0,0,100,3766,California
Tulare,2021-01-01,2,3752,1,3528,1,224,0,0,2,3768,0,0,2,3768,California
Tulare,2021-01-02,32,3784,19,3547,13,237,0,0,32,3800,0,0,32,3800,California
Tulare,2021-01-03,23,3807,9,3556,14,251,0,0,23,3823,0,0,23,3823,California
Tulare,2021-01-04,92,3899,16,3572,76,327,0,0,92,3915,0,0,92,3915,California
Tulare,2021-01-05,465,4364,278,3850,187,514,0,0,463,4376,2,2,463,4378,California
Tulare,2021-01-06,866,5230,635,4485,231,745,0,0,856,5222,10,12,856,5234,California
Tulare,2021-01-07,785,6015,587,5072,198,943,0,0,678,5793,107,119,678,5912,California
Tulare,2021-01-08,1292,7307,573,5645,719,1662,0,0,955,6412,336,455,955,6867,California
Tulare,2021-01-09,802,8109,203,5848,599,2261,0,0,615,6840,187,642,615,7482,California
Tulare,2021-01-10,50,8159,43,5891,7,2268,0,0,12,6814,38,680,12,7494,California
Tulare,2021-01-11,1273,9432,769,6660,504,2772,0,0,837,7215,436,1116,837,8331,California
Tulare,2021-01-12,1423,10855,505,7165,918,3690,0,0,1011,7816,411,1527,1012,9343,California
Tulare,2021-01-13,428,11283,200,7365,228,3918,0,0,353,8094,75,1602,353,9696,California
Tulare,2021-01-14,492,11775,142,7507,350,4268,0,0,466,8545,15,1617,466,10162,California
Tulare,2021-01-15,1672,13447,158,7665,1514,5782,0,0,1663,10199,9,1626,1663,11825,California
Tulare,2021-01-16,1913,15360,121,7786,1792,7574,0,0,1899,12084,14,1640,1899,13724,California
Tulare,2021-01-17,141,15501,121,7907,20,7594,0,0,131,12205,10,1650,131,13855,California
Tulare,2021-01-18,692,16193,660,8567,32,7626,0,0,296,12105,396,2046,296,14151,California
Tulare,2021-01-19,1014,17207,688,9255,326,7952,0,0,588,12267,426,2472,588,14739,California
Tulare,2021-01-20,2432,19639,612,9867,1820,9772,0,0,2021,13903,385,2857,2021,16760,California
Tulare,2021-01-21,1560,21199,184,10051,1376,11148,0,0,1534,15416,21,2878,1534,18294,California
Tulare,2021-01-22,1070,22269,191,10242,879,12027,0,0,1043,16433,26,2904,1043,19337,California
Tulare,2021-01-23,440,22709,157,10399,283,12310,0,0,420,16833,20,2924,420,19757,California
Tulare,2021-01-24,30,22739,27,10426,3,12313,0,0,28,16859,2,2926,28,19785,California
Tulare,2021-01-25,1352,24091,983,11409,369,12682,0,0,1304,18115,48,2974,1304,21089,California
Tulare,2021-01-26,1509,25600,1098,12507,411,13093,0,0,1171,18949,337,3311,1171,22260,California
Tulare,2021-01-27,1505,27105,1076,13583,429,13522,0,0,926,19297,578,3889,926,23186,California
Tulare,2021-01-28,1219,28324,779,14362,440,13962,0,0,819,19716,400,4289,819,24005,California
Tulare,2021-01-29,1132,29456,722,15084,410,14372,0,0,823,20230,309,4598,823,24828,California
Tulare,2021-01-30,1683,31139,1588,16672,95,14467,0,0,1659,21866,24,4622,1660,26488,California
Tulare,2021-01-31,67,31206,62,16734,5,14472,0,0,64,21927,3,4625,64,26552,California
Tulare,2021-02-01,1195,32401,919,17653,276,14748,0,0,833,22399,361,4986,833,27385,California
Tulare,2021-02-02,699,33100,348,18001,351,15099,0,0,456,22615,241,5227,457,27842,California
Tulare,2021-02-03,572,33672,240,18241,332,15431,0,0,327,22717,225,5452,327,28169,California
Tulare,2021-02-04,567,34239,169,18410,398,15829,0,0,279,22710,287,5739,280,28449,California
Tulare,2021-02-05,1239,35478,237,18647,1002,16831,0,0,405,22283,832,6571,405,28854,California
Tulare,2021-02-06,842,36320,164,18811,678,17509,0,0,209,21861,631,7202,209,29063,California
Tulare,2021-02-07,83,36403,70,18881,13,17522,0,0,23,21824,60,7262,23,29086,California
Tulare,2021-02-08,946,37349,327,19208,619,18141,0,0,242,21364,702,7964,242,29328,California
Tulare,2021-02-09,1425,38774,335,19543,1090,19231,0,0,378,20700,1042,9006,378,29706,California
Tulare,2021-02-10,2476,41250,1989,21532,487,19718,0,0,2076,22377,399,9405,2076,31782,California
Tulare,2021-02-11,1334,42584,379,21911,955,20673,0,0,912,22867,422,9827,912,32694,California
Tulare,2021-02-12,2790,45374,576,22487,2214,22887,0,0,1198,22480,1585,11412,1198,33892,California
Tulare,2021-02-13,2479,47853,157,22644,2322,25209,0,0,658,21321,1817,13229,658,34550,California
Tulare,2021-02-14,335,48188,39,22683,296,25505,0,0,298,21582,37,13266,298,34848,California
Tulare,2021-02-15,920,49108,293,22976,627,26132,0,0,663,21989,256,13522,663,35511,California
Tulare,2021-02-16,2844,51952,1600,24576,1244,27376,0,0,1087,21320,1756,15278,1087,36598,California
Tulare,2021-02-17,2721,54673,517,25093,2204,29580,0,0,469,19543,2246,17524,469,37067,California
Tulare,2021-02-18,2332,57005,458,25551,1874,31454,0,0,643,18505,1681,19205,643,37710,California
Tulare,2021-02-19,2326,59331,877,26428,1449,32903,0,0,956,18092,1369,20574,956,38666,California
Tulare,2021-02-20,2997,62328,1892,28320,1105,34008,0,0,1266,17632,1726,22300,1266,39932,California
Tulare,2021-02-21,93,62421,90,28410,3,34011,0,0,47,17634,45,22345,47,39979,California
Tulare,2021-02-22,1111,63532,703,29113,408,34419,0,0,210,16944,900,23245,210,40189,California
Tulare,2021-02-23,1965,65497,951,30064,1014,35433,0,0,1471,17922,493,23738,1471,41660,California
Tulare,2021-02-24,2491,67988,1554,31618,937,36370,0,0,2115,19663,375,24113,2116,43776,California
Tulare,2021-02-25,3520,71508,1979,33597,1541,37911,0,0,3104,22355,412,24525,3104,46880,California
Tulare,2021-02-26,3867,75375,1895,35492,1972,39883,0,0,3399,25288,466,24991,3399,50279,California
Tulare,2021-02-27,3009,78384,1497,36989,1512,41395,0,0,2875,28041,122,25113,2875,53154,California
Tulare,2021-02-28,1312,79696,1040,38029,272,41667,0,0,1292,29316,17,25130,1292,54446,California
Tulare,2021-03-01,1791,81487,799,38828,992,42659,0,0,1594,30715,195,25325,1594,56040,California
Tulare,2021-03-02,2780,84267,1274,40102,1506,44165,0,0,2607,33152,171,25496,2608,58648,California
Tulare,2021-03-03,3983,88250,2635,42737,1348,45513,0,0,2028,33231,1952,27448,2031,60679,California
Tulare,2021-03-04,2970,91220,1341,44078,1629,47142,0,0,2632,35530,333,27781,2632,63311,California
Tulare,2021-03-05,3445,94665,1764,45842,1666,48808,15,15,2927,37960,515,28296,2945,66256,California
Tulare,2021-03-06,3099,97764,1446,47288,1593,50401,60,75,2848,40618,248,28544,2906,69162,California
Tulare,2021-03-07,1139,98903,704,47992,414,50815,21,96,1099,41699,39,28583,1120,70282,California
Tulare,2021-03-08,1722,100625,1008,49000,545,51360,169,265,1394,42938,323,28906,1562,71844,California
Tulare,2021-03-09,3279,103904,2251,51251,880,52240,148,413,2857,45521,421,29327,3004,74848,California
Tulare,2021-03-10,2975,106879,1404,52655,1396,53636,175,588,2573,47874,393,29720,2746,77594,California
Tulare,2021-03-11,4216,111095,1990,54645,1922,55558,304,892,3265,50493,951,30671,3570,81164,California
Tulare,2021-03-12,4432,115527,2434,57079,1645,57203,353,1245,3148,52719,1276,31947,3502,84666,California
Tulare,2021-03-13,4165,119692,1959,59038,2101,59304,105,1350,3214,55093,945,32892,3319,87985,California
Tulare,2021-03-14,1864,121556,989,60027,655,59959,220,1570,1339,56125,524,33416,1556,89541,California
Tulare,2021-03-15,2756,124312,1636,61663,1004,60963,116,1686,1980,57449,774,34190,2098,91639,California
Tulare,2021-03-16,3451,127763,2125,63788,1248,62211,78,1764,1890,57863,1557,35747,1971,93610,California
Tulare,2021-03-17,4061,131824,2643,66431,1343,63554,75,1839,2312,58513,1743,37490,2393,96003,California
Tulare,2021-03-18,4645,136469,3390,69821,1184,64738,71,1910,2461,58872,2177,39667,2536,98539,California
Tulare,2021-03-19,5118,141587,3363,73184,1558,66296,197,2107,2734,59440,2365,42032,2933,101472,California
Tulare,2021-03-20,4502,146089,2800,75984,1330,67626,372,2479,2071,59463,2423,44455,2446,103918,California
Tulare,2021-03-21,1996,148085,1707,77691,263,67889,26,2505,1054,59604,938,45393,1079,104997,California
Tulare,2021-03-22,2566,150651,1778,79469,677,68566,111,2616,1695,60547,865,46258,1808,106805,California
Tulare,2021-03-23,3764,154415,2157,81626,1555,70121,52,2668,2065,60980,1689,47947,2122,108927,California
Tulare,2021-03-24,3217,157632,2003,83629,1172,71293,42,2710,1808,61430,1401,49348,1851,110778,California
Tulare,2021-03-25,3495,161127,1823,85452,1500,72793,172,2882,1693,61503,1794,51142,1867,112645,California
Tulare,2021-03-26,5279,166406,3149,88601,2020,74813,110,2992,2559,61470,2702,53844,2669,115314,California
Tulare,2021-03-27,3548,169954,1820,90421,1629,76442,99,3091,991,60010,2549,56393,1089,116403,California
Tulare,2021-03-28,1475,171429,1070,91491,374,76816,31,3122,679,59932,794,57187,716,117119,California
Tulare,2021-03-29,2898,174327,1676,93167,1109,77925,113,3235,1231,59615,1663,58850,1346,118465,California
Tulare,2021-03-30,4848,179175,2793,95960,1824,79749,231,3466,1537,58075,3302,62152,1762,120227,California
Tulare,2021-03-31,3974,183149,2351,98311,1509,81258,114,3580,1578,57380,2389,64541,1694,121921,California
Tulare,2021-04-01,4531,187680,2455,100766,2009,83267,67,3647,1562,56051,2959,67500,1630,123551,California
Tulare,2021-04-02,5368,193048,3072,103838,2176,85443,120,3767,1590,54000,3762,71262,1711,125262,California
Tulare,2021-04-03,3637,196685,2102,105940,1162,86605,373,4140,841,52453,2759,74021,1212,126474,California
Tulare,2021-04-04,1635,198320,1149,107089,479,87084,7,4147,360,51549,1271,75292,367,126841,California
Tulare,2021-04-05,3365,201685,2345,109434,750,87834,270,4417,855,50177,2498,77790,1126,127967,California
Tulare,2021-04-06,3439,205124,1470,110904,1472,89306,497,4914,923,49091,2508,80298,1422,129389,California
Tulare,2021-04-07,3911,209035,1844,112748,1629,90935,438,5352,1187,47994,2713,83011,1616,131005,California
Tulare,2021-04-08,4799,213834,2627,115375,1709,92644,463,5815,1537,46740,3250,86261,1996,133001,California
Tulare,2021-04-09,4863,218697,3008,118383,1418,94062,437,6252,1838,46000,3016,89277,2276,135277,California
Tulare,2021-04-10,3867,222564,2088,120471,1456,95518,323,6575,952,44365,2906,92183,1271,136548,California
Tulare,2021-04-11,1591,224155,1052,121523,466,95984,73,6648,493,43836,1095,93278,566,137114,California
Tulare,2021-04-12,3399,227554,2125,123648,678,96662,596,7244,1063,43168,2328,95606,1660,138774,California
Tulare,2021-04-13,2411,229965,1590,125238,811,97473,10,7254,903,42586,1497,97103,915,139689,California
Tulare,2021-04-14,2860,232825,1686,126924,1174,98647,0,7254,911,41552,1945,99048,911,140600,California
Tulare,2021-04-15,3294,236119,2144,129068,1150,99797,0,7254,1477,41223,1806,100854,1477,142077,California
Tulare,2021-04-16,3653,239772,2214,131282,1439,101236,0,7254,1477,40535,2165,103019,1477,143554,California
Tulare,2021-04-17,2218,241990,1302,132584,916,102152,0,7254,1175,40672,1039,104058,1176,144730,California
Tulare,2021-04-18,1525,243515,1194,133778,331,102483,0,7254,818,40784,706,104764,818,145548,California
Tulare,2021-04-19,2132,245647,1225,135003,905,103388,2,7256,898,40454,1230,105994,900,146448,California
Tulare,2021-04-20,2336,247983,1314,136317,1022,104410,0,7256,993,40117,1330,107324,993,147441,California
Tulare,2021-04-21,2213,250196,1333,137650,880,105290,0,7256,811,39567,1362,108686,812,148253,California
Tulare,2021-04-22,2118,252314,1177,138827,941,106231,0,7256,730,38928,1369,110055,730,148983,California
Tulare,2021-04-23,2591,254905,1590,140417,1000,107231,1,7257,1022,38391,1559,111614,1022,150005,California
Tulare,2021-04-24,1643,256548,1052,141469,589,107820,2,7259,850,38455,788,112402,852,150857,California
Tulare,2021-04-25,698,257246,525,141994,173,107993,0,7259,267,38291,431,112833,267,151124,California
Tulare,2021-04-26,1464,258710,873,142867,572,108565,19,7278,611,38073,846,113679,628,151752,California
Tulare,2021-04-27,1626,260336,654,143521,935,109500,37,7315,688,37863,934,114613,724,152476,California
Tulare,2021-04-28,1713,262049,973,144494,698,110198,42,7357,673,37543,1035,115648,715,153191,California
Tulare,2021-04-29,2004,264053,1200,145694,765,110963,39,7396,774,37134,1220,116868,811,154002,California
Tulare,2021-04-30,2451,266504,1785,147479,616,111579,50,7446,906,36551,1538,118406,955,154957,California
Tulare,2021-05-01,1417,267921,1220,148699,185,111764,12,7458,720,36595,688,119094,732,155689,California
Tulare,2021-05-02,589,268510,500,149199,73,111837,16,7474,189,36403,397,119491,205,155894,California
Tulare,2021-05-03,1621,270131,1095,150294,401,112238,125,7599,348,35610,1266,120757,473,156367,California
Tulare,2021-05-04,1561,271692,836,151130,655,112893,70,7669,631,35386,922,121679,698,157065,California
Tulare,2021-05-05,1279,272971,620,151750,570,113463,89,7758,443,35093,825,122504,532,157597,California
Tulare,2021-05-06,1962,274933,1325,153075,588,114051,49,7807,586,34360,1368,123872,635,158232,California
Tulare,2021-05-07,1838,276771,1247,154322,523,114574,68,7875,525,33646,1306,125178,592,158824,California
Tulare,2021-05-08,1234,278005,806,155128,403,114977,25,7900,525,33494,702,125880,550,159374,California
Tulare,2021-05-09,592,278597,468,155596,103,115080,21,7921,115,33158,473,126353,137,159511,California
Tulare,2021-05-10,1017,279614,587,156183,365,115445,65,7986,308,32824,707,127060,373,159884,California
Tulare,2021-05-11,1213,280827,614,156797,521,115966,78,8064,503,32702,703,127763,581,160465,California
Tulare,2021-05-12,1514,282341,972,157769,490,116456,52,8116,404,32062,1095,128858,455,160920,California
Tulare,2021-05-13,1455,283796,906,158675,512,116968,37,8153,648,31943,803,129661,684,161604,California
Tulare,2021-05-14,1931,285727,1242,159917,626,117594,63,8216,861,31808,1058,130719,923,162527,California
Tulare,2021-05-15,1560,287287,876,160793,638,118232,46,8262,662,31625,890,131609,707,163234,California
Tulare,2021-05-16,697,287984,557,161350,128,118360,12,8274,324,31589,372,131981,336,163570,California
Tulare,2021-05-17,1542,289526,957,162307,512,118872,73,8347,748,31623,787,132768,821,164391,California
Tulare,2021-05-18,1579,291105,852,163159,673,119545,54,8401,801,31703,773,133541,853,165244,California
Tulare,2021-05-19,1470,292575,950,164109,487,120032,33,8434,767,31805,698,134239,800,166044,California
Tulare,2021-05-20,1359,293934,926,165035,347,120379,86,8520,658,31850,699,134938,744,166788,California
Tulare,2021-05-21,1682,295616,1267,166302,375,120754,40,8560,947,32110,727,135665,987,167775,California
Tulare,2021-05-22,1416,297032,1034,167336,359,121113,23,8583,535,31793,876,136541,559,168334,California
Tulare,2021-05-23,294,297326,251,167587,34,121147,9,8592,146,31801,147,136688,155,168489,California
Tulare,2021-05-24,905,298231,551,168138,294,121441,60,8652,413,31784,490,137178,473,168962,California
Tulare,2021-05-25,1186,299417,709,168847,445,121886,32,8684,520,31676,660,137838,552,169514,California
Tulare,2021-05-26,871,300288,485,169332,345,122231,41,8725,400,31650,466,138304,440,169954,California
Tulare,2021-05-27,1270,301558,808,170140,431,122662,31,8756,596,31608,671,138975,629,170583,California
Tulare,2021-05-28,1180,302738,655,170795,476,123138,49,8805,629,31741,544,139519,677,171260,California
Tulare,2021-05-29,868,303606,641,171436,208,123346,19,8824,500,31894,366,139885,519,171779,California
Tulare,2021-05-30,285,303891,206,171642,71,123417,8,8832,166,31951,117,140002,174,171953,California
Tulare,2021-05-31,129,304020,50,171692,68,123485,11,8843,54,31941,75,140077,65,172018,California
Tulare,2021-06-01,1042,305062,619,172311,393,123878,30,8873,411,31760,622,140699,441,172459,California
Tulare,2021-06-02,794,305856,468,172779,295,124173,31,8904,373,31752,410,141109,402,172861,California
Tulare,2021-06-03,1111,306967,792,173571,262,124435,57,8961,450,31616,642,141751,506,173367,California
Tulare,2021-06-04,554,307521,387,173958,139,124574,28,8989,155,31402,397,142148,183,173550,California
Tuolumne,2020-12-16,47,47,47,47,0,0,0,0,47,47,0,0,47,47,California
Tuolumne,2020-12-17,18,65,18,65,0,0,0,0,18,65,0,0,18,65,California
Tuolumne,2020-12-18,101,166,100,165,1,1,0,0,101,166,0,0,101,166,California
Tuolumne,2020-12-19,4,170,4,169,0,1,0,0,4,170,0,0,4,170,California
Tuolumne,2020-12-20,2,172,2,171,0,1,0,0,2,172,0,0,2,172,California
Tuolumne,2020-12-21,115,287,101,272,14,15,0,0,115,287,0,0,115,287,California
Tuolumne,2020-12-22,171,458,171,443,0,15,0,0,171,458,0,0,171,458,California
Tuolumne,2020-12-23,185,643,183,626,2,17,0,0,185,643,0,0,185,643,California
Tuolumne,2020-12-26,2,645,2,628,0,17,0,0,2,645,0,0,2,645,California
Tuolumne,2020-12-28,77,722,75,703,2,19,0,0,77,722,0,0,77,722,California
Tuolumne,2020-12-29,102,824,39,742,63,82,0,0,102,824,0,0,102,824,California
Tuolumne,2020-12-30,80,904,22,764,58,140,0,0,80,904,0,0,80,904,California
Tuolumne,2020-12-31,27,931,20,784,7,147,0,0,27,931,0,0,27,931,California
Tuolumne,2021-01-01,6,937,5,789,1,148,0,0,6,937,0,0,6,937,California
Tuolumne,2021-01-02,118,1055,115,904,3,151,0,0,118,1055,0,0,118,1055,California
Tuolumne,2021-01-03,2,1057,2,906,0,151,0,0,2,1057,0,0,2,1057,California
Tuolumne,2021-01-04,69,1126,26,932,43,194,0,0,69,1126,0,0,69,1126,California
Tuolumne,2021-01-05,93,1219,27,959,66,260,0,0,90,1214,3,3,91,1217,California
Tuolumne,2021-01-06,131,1350,71,1030,60,320,0,0,67,1217,64,67,67,1284,California
Tuolumne,2021-01-07,119,1469,63,1093,56,376,0,0,64,1226,55,122,64,1348,California
Tuolumne,2021-01-08,105,1574,81,1174,24,400,0,0,27,1177,77,199,28,1376,California
Tuolumne,2021-01-09,2,1576,0,1174,2,402,0,0,2,1179,0,199,2,1378,California
Tuolumne,2021-01-10,3,1579,1,1175,2,404,0,0,3,1182,0,199,3,1381,California
Tuolumne,2021-01-11,115,1694,89,1264,26,430,0,0,34,1135,81,280,34,1415,California
Tuolumne,2021-01-12,102,1796,86,1350,16,446,0,0,18,1069,84,364,18,1433,California
Tuolumne,2021-01-13,231,2027,125,1475,106,552,0,0,182,1203,49,413,183,1616,California
Tuolumne,2021-01-14,147,2174,108,1583,39,591,0,0,42,1141,104,517,42,1658,California
Tuolumne,2021-01-15,475,2649,73,1656,402,993,0,0,413,1494,61,578,414,2072,California
Tuolumne,2021-01-16,7,2656,3,1659,4,997,0,0,6,1499,1,579,6,2078,California
Tuolumne,2021-01-17,7,2663,4,1663,3,1000,0,0,7,1506,0,579,7,2085,California
Tuolumne,2021-01-18,46,2709,38,1701,8,1008,0,0,9,1479,36,615,9,2094,California
Tuolumne,2021-01-19,478,3187,73,1774,405,1413,0,0,432,1865,46,661,432,2526,California
Tuolumne,2021-01-20,76,3263,58,1832,18,1431,0,0,24,1838,51,712,24,2550,California
Tuolumne,2021-01-21,56,3319,23,1855,33,1464,0,0,40,1862,16,728,40,2590,California
Tuolumne,2021-01-22,169,3488,16,1871,153,1617,0,0,162,2017,7,735,162,2752,California
Tuolumne,2021-01-23,653,4141,134,2005,519,2136,0,0,548,2472,105,840,560,3312,California
Tuolumne,2021-01-24,523,4664,2,2007,521,2657,0,0,520,2991,3,843,522,3834,California
Tuolumne,2021-01-25,50,4714,28,2035,22,2679,0,0,24,2990,26,869,25,3859,California
Tuolumne,2021-01-26,80,4794,68,2103,12,2691,0,0,40,2991,40,909,41,3900,California
Tuolumne,2021-01-27,61,4855,4,2107,57,2748,0,0,8,2947,52,961,8,3908,California
Tuolumne,2021-01-28,27,4882,7,2114,20,2768,0,0,18,2956,9,970,18,3926,California
Tuolumne,2021-01-29,71,4953,5,2119,66,2834,0,0,33,2951,38,1008,33,3959,California
Tuolumne,2021-01-30,711,5664,553,2672,158,2992,0,0,688,3633,23,1031,705,4664,California
Tuolumne,2021-01-31,8,5672,2,2674,6,2998,0,0,5,3635,3,1034,5,4669,California
Tuolumne,2021-02-01,26,5698,7,2681,19,3017,0,0,23,3655,3,1037,23,4692,California
Tuolumne,2021-02-02,647,6345,40,2721,607,3624,0,0,635,4280,10,1047,635,5327,California
Tuolumne,2021-02-03,241,6586,112,2833,129,3753,0,0,88,4215,153,1200,88,5415,California
Tuolumne,2021-02-04,123,6709,13,2846,110,3863,0,0,60,4212,63,1263,60,5475,California
Tuolumne,2021-02-05,101,6810,14,2860,87,3950,0,0,35,4182,65,1328,35,5510,California
Tuolumne,2021-02-06,857,7667,583,3443,274,4224,0,0,848,5027,9,1337,854,6364,California
Tuolumne,2021-02-07,8,7675,4,3447,4,4228,0,0,4,5027,4,1341,4,6368,California
Tuolumne,2021-02-08,91,7766,40,3487,51,4279,0,0,67,5070,24,1365,67,6435,California
Tuolumne,2021-02-09,861,8627,52,3539,809,5088,0,0,820,5849,41,1406,820,7255,California
Tuolumne,2021-02-10,92,8719,17,3556,75,5163,0,0,31,5820,60,1466,31,7286,California
Tuolumne,2021-02-11,143,8862,68,3624,75,5238,0,0,78,5833,65,1531,78,7364,California
Tuolumne,2021-02-12,647,9509,19,3643,628,5866,0,0,206,5599,440,1971,206,7570,California
Tuolumne,2021-02-13,150,9659,41,3684,109,5975,0,0,120,5690,29,2000,120,7690,California
Tuolumne,2021-02-14,152,9811,14,3698,138,6113,0,0,150,5838,2,2002,150,7840,California
Tuolumne,2021-02-15,187,9998,10,3708,177,6290,0,0,178,6007,9,2011,178,8018,California
Tuolumne,2021-02-16,531,10529,18,3726,513,6803,0,0,122,5726,405,2416,124,8142,California
Tuolumne,2021-02-17,111,10640,63,3789,48,6851,0,0,61,5738,49,2465,61,8203,California
Tuolumne,2021-02-18,680,11320,26,3815,654,7505,0,0,629,6317,51,2516,630,8833,California
Tuolumne,2021-02-19,142,11462,22,3837,120,7625,0,0,42,6259,100,2616,42,8875,California
Tuolumne,2021-02-20,905,12367,341,4178,564,8189,0,0,385,6139,506,3122,386,9261,California
Tuolumne,2021-02-21,977,13344,39,4217,938,9127,0,0,470,6107,505,3627,473,9734,California
Tuolumne,2021-02-22,80,13424,57,4274,23,9150,0,0,46,6120,33,3660,46,9780,California
Tuolumne,2021-02-23,48,13472,24,4298,24,9174,0,0,26,6125,21,3681,26,9806,California
Tuolumne,2021-02-24,104,13576,58,4356,46,9220,0,0,43,6108,60,3741,43,9849,California
Tuolumne,2021-02-25,1051,14627,35,4391,1016,10236,0,0,1020,7097,31,3772,1020,10869,California
Tuolumne,2021-02-26,150,14777,11,4402,139,10375,0,0,124,7196,26,3798,125,10994,California
Tuolumne,2021-02-27,955,15732,579,4981,376,10751,0,0,250,6762,687,4485,253,11247,California
Tuolumne,2021-02-28,56,15788,4,4985,52,10803,0,0,52,6811,3,4488,52,11299,California
Tuolumne,2021-03-01,114,15902,22,5007,91,10894,1,1,77,6854,36,4524,79,11378,California
Tuolumne,2021-03-02,705,16607,73,5080,632,11526,0,1,106,6361,599,5123,106,11484,California
Tuolumne,2021-03-03,89,16696,21,5101,68,11594,0,1,64,6400,25,5148,64,11548,California
Tuolumne,2021-03-04,1172,17868,75,5176,1097,12691,0,1,1107,7442,65,5213,1107,12655,California
Tuolumne,2021-03-05,87,17955,11,5187,76,12767,0,1,50,7457,36,5249,51,12706,California
Tuolumne,2021-03-06,1059,19014,606,5793,451,13218,2,3,205,6818,848,6097,209,12915,California
Tuolumne,2021-03-07,41,19055,12,5805,14,13232,15,18,18,6828,23,6120,33,12948,California
Tuolumne,2021-03-08,196,19251,90,5895,99,13331,7,25,139,6917,57,6177,146,13094,California
Tuolumne,2021-03-09,857,20108,16,5911,830,14161,11,36,68,6213,784,6961,80,13174,California
Tuolumne,2021-03-10,78,20186,12,5923,55,14216,11,47,53,6252,25,6986,64,13238,California
Tuolumne,2021-03-11,1283,21469,37,5960,1241,15457,5,52,1256,7488,27,7013,1263,14501,California
Tuolumne,2021-03-12,298,21767,34,5994,249,15706,15,67,189,7587,108,7121,207,14708,California
Tuolumne,2021-03-13,114,21881,13,6007,101,15807,0,67,84,7643,29,7150,85,14793,California
Tuolumne,2021-03-14,146,22027,8,6015,129,15936,9,76,7,7525,139,7289,21,14814,California
Tuolumne,2021-03-15,301,22328,82,6097,216,16152,3,79,105,7445,195,7484,115,14929,California
Tuolumne,2021-03-16,803,23131,40,6137,752,16904,11,90,666,7986,136,7620,677,15606,California
Tuolumne,2021-03-17,152,23283,32,6169,107,17011,13,103,79,8006,72,7692,92,15698,California
Tuolumne,2021-03-18,947,24230,27,6196,907,17918,13,116,317,7709,627,8319,330,16028,California
Tuolumne,2021-03-19,135,24365,18,6214,87,18005,30,146,74,7753,60,8379,104,16132,California
Tuolumne,2021-03-20,92,24457,7,6221,75,18080,10,156,38,7747,53,8432,47,16179,California
Tuolumne,2021-03-21,833,25290,389,6610,434,18514,10,166,41,7015,784,9216,52,16231,California
Tuolumne,2021-03-22,164,25454,73,6683,72,18586,19,185,97,7065,66,9282,116,16347,California
Tuolumne,2021-03-23,706,26160,636,7319,56,18642,14,199,668,7708,38,9320,681,17028,California
Tuolumne,2021-03-24,111,26271,20,7339,73,18715,18,217,77,7770,33,9353,95,17123,California
Tuolumne,2021-03-25,1299,27570,24,7363,1272,19987,3,220,327,7130,970,10323,330,17453,California
Tuolumne,2021-03-26,275,27845,16,7379,236,20223,23,243,116,7121,149,10472,140,17593,California
Tuolumne,2021-03-27,581,28426,54,7433,527,20750,0,243,316,7176,263,10735,318,17911,California
Tuolumne,2021-03-28,47,28473,6,7439,41,20791,0,243,8,7147,38,10773,9,17920,California
Tuolumne,2021-03-29,206,28679,83,7522,123,20914,0,243,109,7162,94,10867,109,18029,California
Tuolumne,2021-03-30,162,28841,9,7531,152,21066,1,244,119,7240,42,10909,120,18149,California
Tuolumne,2021-03-31,95,28936,14,7545,79,21145,2,246,38,7225,55,10964,40,18189,California
Tuolumne,2021-04-01,1251,30187,30,7575,1221,22366,0,246,228,6433,1020,11984,228,18417,California
Tuolumne,2021-04-02,164,30351,11,7586,127,22493,26,272,91,6479,71,12055,117,18534,California
Tuolumne,2021-04-03,427,30778,35,7621,391,22884,1,273,238,6530,188,12243,239,18773,California
Tuolumne,2021-04-04,33,30811,3,7624,30,22914,0,273,21,6540,11,12254,21,18794,California
Tuolumne,2021-04-05,132,30943,19,7643,106,23020,7,280,59,6534,72,12326,66,18860,California
Tuolumne,2021-04-06,648,31591,516,8159,105,23125,27,307,513,6941,134,12460,541,19401,California
Tuolumne,2021-04-07,128,31719,37,8196,75,23200,16,323,50,6929,78,12538,66,19467,California
Tuolumne,2021-04-08,1446,33165,33,8229,1398,24598,15,338,247,5996,1195,13733,262,19729,California
Tuolumne,2021-04-09,274,33439,41,8270,189,24787,44,382,131,6032,143,13876,179,19908,California
Tuolumne,2021-04-10,55,33494,2,8272,33,24820,20,402,22,6042,32,13908,42,19950,California
Tuolumne,2021-04-11,18,33512,3,8275,12,24832,3,405,12,6051,6,13914,15,19965,California
Tuolumne,2021-04-12,165,33677,66,8341,94,24926,5,410,90,6076,70,13984,95,20060,California
Tuolumne,2021-04-13,784,34461,35,8376,749,25675,0,410,169,5638,607,14591,169,20229,California
Tuolumne,2021-04-14,156,34617,29,8405,127,25802,0,410,79,5644,74,14665,80,20309,California
Tuolumne,2021-04-15,344,34961,21,8426,323,26125,0,410,60,5426,278,14943,60,20369,California
Tuolumne,2021-04-16,249,35210,48,8474,201,26326,0,410,140,5465,102,15045,141,20510,California
Tuolumne,2021-04-17,42,35252,5,8479,37,26363,0,410,26,5475,16,15061,26,20536,California
Tuolumne,2021-04-18,9,35261,3,8482,6,26369,0,410,4,5475,5,15066,5,20541,California
Tuolumne,2021-04-19,170,35431,78,8560,92,26461,0,410,92,5491,76,15142,92,20633,California
Tuolumne,2021-04-20,710,36141,614,9174,96,26557,0,410,77,4943,625,15767,77,20710,California
Tuolumne,2021-04-21,118,36259,25,9199,93,26650,0,410,62,4954,51,15818,62,20772,California
Tuolumne,2021-04-22,711,36970,46,9245,665,27315,0,410,431,5114,271,16089,431,21203,California
Tuolumne,2021-04-23,175,37145,31,9276,144,27459,0,410,83,5108,90,16179,84,21287,California
Tuolumne,2021-04-24,78,37223,17,9293,61,27520,0,410,50,5130,28,16207,50,21337,California
Tuolumne,2021-04-25,25,37248,9,9302,16,27536,0,410,22,5149,3,16210,22,21359,California
Tuolumne,2021-04-26,155,37403,56,9358,99,27635,0,410,72,5140,82,16292,73,21432,California
Tuolumne,2021-04-27,138,37541,23,9381,108,27743,7,417,64,5139,72,16364,71,21503,California
Tuolumne,2021-04-28,114,37655,23,9404,80,27823,11,428,61,5159,52,16416,72,21575,California
Tuolumne,2021-04-29,277,37932,16,9420,253,28076,8,436,53,4998,222,16638,61,21636,California
Tuolumne,2021-04-30,354,38286,22,9442,320,28396,12,448,68,4796,282,16920,80,21716,California
Tuolumne,2021-05-01,25,38311,7,9449,13,28409,5,453,16,4808,9,16929,21,21737,California
Tuolumne,2021-05-02,26,38337,3,9452,21,28430,2,455,19,4822,7,16936,21,21758,California
Tuolumne,2021-05-03,101,38438,14,9466,82,28512,5,460,29,4786,70,17006,34,21792,California
Tuolumne,2021-05-04,694,39132,600,10066,90,28602,4,464,208,4512,485,17491,211,22003,California
Tuolumne,2021-05-05,107,39239,25,10091,76,28678,6,470,56,4525,49,17540,62,22065,California
Tuolumne,2021-05-06,285,39524,12,10103,259,28937,14,484,41,4340,239,17779,54,22119,California
Tuolumne,2021-05-07,325,39849,26,10129,291,29228,8,492,67,4158,257,18036,75,22194,California
Tuolumne,2021-05-08,45,39894,6,10135,35,29263,4,496,30,4177,15,18051,34,22228,California
Tuolumne,2021-05-09,15,39909,2,10137,11,29274,2,498,2,4168,13,18064,4,22232,California
Tuolumne,2021-05-10,112,40021,44,10181,62,29336,6,504,31,4125,80,18144,37,22269,California
Tuolumne,2021-05-11,196,40217,62,10243,122,29458,12,516,56,4054,139,18283,68,22337,California
Tuolumne,2021-05-12,126,40343,18,10261,105,29563,3,519,49,4029,77,18360,52,22389,California
Tuolumne,2021-05-13,109,40452,18,10279,83,29646,8,527,68,4065,41,18401,77,22466,California
Tuolumne,2021-05-14,207,40659,75,10354,120,29766,12,539,106,4084,99,18500,118,22584,California
Tuolumne,2021-05-15,56,40715,14,10368,35,29801,7,546,19,4074,37,18537,27,22611,California
Tuolumne,2021-05-16,25,40740,7,10375,16,29817,2,548,12,4075,13,18550,14,22625,California
Tuolumne,2021-05-17,110,40850,29,10404,78,29895,3,551,47,4063,63,18613,51,22676,California
Tuolumne,2021-05-18,176,41026,54,10458,75,29970,47,598,58,4050,118,18731,105,22781,California
Tuolumne,2021-05-19,118,41144,20,10478,65,30035,33,631,47,4060,70,18801,80,22861,California
Tuolumne,2021-05-20,395,41539,19,10497,371,30406,5,636,51,3773,343,19144,56,22917,California
Tuolumne,2021-05-21,189,41728,89,10586,95,30501,5,641,115,3821,72,19216,120,23037,California
Tuolumne,2021-05-22,51,41779,15,10601,31,30532,5,646,21,3817,29,19245,25,23062,California
Tuolumne,2021-05-23,18,41797,5,10606,13,30545,0,646,9,3817,9,19254,9,23071,California
Tuolumne,2021-05-24,127,41924,40,10646,81,30626,6,652,53,3803,73,19327,59,23130,California
Tuolumne,2021-05-25,282,42206,217,10863,59,30685,6,658,108,3744,173,19500,114,23244,California
Tuolumne,2021-05-26,83,42289,22,10885,60,30745,1,659,36,3734,47,19547,37,23281,California
Tuolumne,2021-05-27,73,42362,14,10899,56,30801,3,662,29,3723,43,19590,32,23313,California
Tuolumne,2021-05-28,107,42469,53,10952,53,30854,1,663,65,3749,40,19630,66,23379,California
Tuolumne,2021-05-29,37,42506,7,10959,24,30878,6,669,16,3750,21,19651,22,23401,California
Tuolumne,2021-05-30,18,42524,1,10960,14,30892,3,672,4,3743,14,19665,7,23408,California
Tuolumne,2021-05-31,10,42534,2,10962,7,30899,1,673,2,3738,8,19673,3,23411,California
Tuolumne,2021-06-01,71,42605,19,10981,48,30947,4,677,22,3715,49,19722,26,23437,California
Tuolumne,2021-06-02,53,42658,4,10985,43,30990,6,683,15,3698,37,19759,20,23457,California
Tuolumne,2021-06-03,44,42702,16,11001,15,31005,13,696,10,3687,34,19793,23,23480,California
Tuolumne,2021-06-04,12,42714,0,11001,12,31017,0,696,3,3683,7,19800,3,23483,California
Ventura,2020-12-15,5,5,5,5,0,0,0,0,5,5,0,0,5,5,California
Ventura,2020-12-16,74,79,74,79,0,0,0,0,74,79,0,0,74,79,California
Ventura,2020-12-17,246,325,246,325,0,0,0,0,246,325,0,0,246,325,California
Ventura,2020-12-18,1416,1741,1416,1741,0,0,0,0,1416,1741,0,0,1416,1741,California
Ventura,2020-12-19,911,2652,911,2652,0,0,0,0,911,2652,0,0,911,2652,California
Ventura,2020-12-20,430,3082,430,3082,0,0,0,0,430,3082,0,0,430,3082,California
Ventura,2020-12-21,1467,4549,1467,4549,0,0,0,0,1467,4549,0,0,1467,4549,California
Ventura,2020-12-22,1107,5656,1103,5652,4,4,0,0,1107,5656,0,0,1107,5656,California
Ventura,2020-12-23,1037,6693,987,6639,50,54,0,0,1037,6693,0,0,1037,6693,California
Ventura,2020-12-24,476,7169,378,7017,98,152,0,0,476,7169,0,0,476,7169,California
Ventura,2020-12-25,12,7181,7,7024,5,157,0,0,12,7181,0,0,12,7181,California
Ventura,2020-12-26,116,7297,95,7119,21,178,0,0,116,7297,0,0,116,7297,California
Ventura,2020-12-27,60,7357,29,7148,31,209,0,0,60,7357,0,0,60,7357,California
Ventura,2020-12-28,1066,8423,926,8074,140,349,0,0,1066,8423,0,0,1066,8423,California
Ventura,2020-12-29,1170,9593,764,8838,406,755,0,0,1170,9593,0,0,1170,9593,California
Ventura,2020-12-30,1988,11581,1523,10361,465,1220,0,0,1988,11581,0,0,1988,11581,California
Ventura,2020-12-31,475,12056,160,10521,315,1535,0,0,475,12056,0,0,475,12056,California
Ventura,2021-01-01,33,12089,12,10533,21,1556,0,0,33,12089,0,0,33,12089,California
Ventura,2021-01-02,172,12261,77,10610,95,1651,0,0,172,12261,0,0,172,12261,California
Ventura,2021-01-03,17,12278,8,10618,9,1660,0,0,17,12278,0,0,17,12278,California
Ventura,2021-01-04,1094,13372,554,11172,540,2200,0,0,1093,13371,0,0,1093,13371,California
Ventura,2021-01-05,1376,14748,781,11953,595,2795,0,0,1332,14659,44,44,1332,14703,California
Ventura,2021-01-06,2052,16800,1173,13126,879,3674,0,0,1625,15868,418,462,1627,16330,California
Ventura,2021-01-07,2067,18867,1320,14446,747,4421,0,0,1181,16167,883,1345,1182,17512,California
Ventura,2021-01-08,2197,21064,1473,15919,724,5145,0,0,906,15785,1289,2634,907,18419,California
Ventura,2021-01-09,722,21786,499,16418,223,5368,0,0,318,15699,404,3038,318,18737,California
Ventura,2021-01-10,340,22126,323,16741,17,5385,0,0,127,15613,213,3251,127,18864,California
Ventura,2021-01-11,2439,24565,1492,18233,947,6332,0,0,1483,16144,956,4207,1487,20351,California
Ventura,2021-01-12,3042,27607,1609,19842,1433,7765,0,0,2012,17126,1030,5237,2012,22363,California
Ventura,2021-01-13,2940,30547,1438,21280,1502,9267,0,0,2048,18286,889,6126,2049,24412,California
Ventura,2021-01-14,2729,33276,1056,22336,1673,10940,0,0,2282,20123,446,6572,2283,26695,California
Ventura,2021-01-15,2889,36165,966,23302,1923,12863,0,0,2674,22583,215,6787,2675,29370,California
Ventura,2021-01-16,481,36646,186,23488,295,13158,0,0,402,22906,79,6866,402,29772,California
Ventura,2021-01-17,262,36908,142,23630,120,13278,0,0,254,23152,8,6874,254,30026,California
Ventura,2021-01-18,2208,39116,1664,25294,544,13822,0,0,1665,24276,542,7416,1666,31692,California
Ventura,2021-01-19,3045,42161,2125,27419,920,14742,0,0,2149,25532,896,8312,2152,33844,California
Ventura,2021-01-20,4086,46247,3142,30561,944,15686,0,0,3032,27514,1051,9363,3033,36877,California
Ventura,2021-01-21,3847,50094,2686,33247,1161,16847,0,0,3170,30012,674,10037,3172,40049,California
Ventura,2021-01-22,3589,53683,2477,35724,1112,17959,0,0,3424,33271,165,10202,3424,43473,California
Ventura,2021-01-23,1163,54846,638,36362,525,18484,0,0,1065,34241,97,10299,1067,44540,California
Ventura,2021-01-24,451,55297,134,36496,317,18801,0,0,438,34666,13,10312,438,44978,California
Ventura,2021-01-25,3137,58434,2019,38515,1118,19919,0,0,2582,36695,554,10866,2583,47561,California
Ventura,2021-01-26,3693,62127,2207,40722,1486,21405,0,0,2695,38394,997,11863,2696,50257,California
Ventura,2021-01-27,3447,65574,1548,42270,1899,23304,0,0,2702,40356,742,12605,2704,52961,California
Ventura,2021-01-28,3852,69426,1987,44257,1865,25169,0,0,3234,42988,603,13208,3235,56196,California
Ventura,2021-01-29,4256,73682,2519,46776,1737,26906,0,0,3758,46260,486,13694,3758,59954,California
Ventura,2021-01-30,3029,76711,1964,48740,1065,27971,0,0,2859,48954,166,13860,2860,62814,California
Ventura,2021-01-31,815,77526,432,49172,383,28354,0,0,729,49598,85,13945,729,63543,California
Ventura,2021-02-01,3955,81481,2111,51283,1844,30198,0,0,3177,52005,772,14717,3179,66722,California
Ventura,2021-02-02,4388,85869,2353,53636,2035,32233,0,0,3363,54349,1021,15738,3365,70087,California
Ventura,2021-02-03,4437,90306,2084,55720,2353,34586,0,0,3423,56764,1009,16747,3424,73511,California
Ventura,2021-02-04,4790,95096,2289,58009,2501,37087,0,0,3514,59013,1268,18015,3517,77028,California
Ventura,2021-02-05,4840,99936,2328,60337,2512,39599,0,0,3342,60872,1485,19500,3344,80372,California
Ventura,2021-02-06,2818,102754,1503,61840,1315,40914,0,0,2418,62891,399,19899,2418,82790,California
Ventura,2021-02-07,713,103467,240,62080,473,41387,0,0,584,63347,129,20028,585,83375,California
Ventura,2021-02-08,3521,106988,1642,63722,1879,43266,0,0,2440,64712,1076,21104,2441,85816,California
Ventura,2021-02-09,4710,111698,1969,65691,2741,46007,0,0,2456,64920,2251,23355,2459,88275,California
Ventura,2021-02-10,4695,116393,2224,67915,2471,48478,0,0,2381,64998,2304,25659,2382,90657,California
Ventura,2021-02-11,4654,121047,1866,69781,2788,51266,0,0,2438,65231,2208,27867,2441,93098,California
Ventura,2021-02-12,6291,127338,2650,72431,3641,54907,0,0,3221,65388,3064,30931,3221,96319,California
Ventura,2021-02-13,3285,130623,1821,74252,1464,56371,0,0,1836,65781,1445,32376,1838,98157,California
Ventura,2021-02-14,1213,131836,121,74373,1092,57463,0,0,1001,66571,212,32588,1002,99159,California
Ventura,2021-02-15,3976,135812,1790,76163,2186,59649,0,0,2112,66822,1861,34449,2112,101271,California
Ventura,2021-02-16,5534,141346,2698,78861,2836,62485,0,0,3003,67304,2521,36970,3003,104274,California
Ventura,2021-02-17,5281,146627,1909,80770,3372,65857,0,0,3330,68692,1942,38912,3330,107604,California
Ventura,2021-02-18,5771,152398,1825,82595,3946,69803,0,0,3636,70206,2122,41034,3636,111240,California
Ventura,2021-02-19,6462,158860,3758,86353,2704,72507,0,0,3009,69772,3446,44480,3012,114252,California
Ventura,2021-02-20,4925,163785,3167,89520,1758,74265,0,0,2762,70382,2156,46636,2766,117018,California
Ventura,2021-02-21,1091,164876,803,90323,288,74553,0,0,451,70198,635,47271,451,117469,California
Ventura,2021-02-22,5399,170275,2407,92730,2992,77545,0,0,3460,71730,1929,49200,3461,120930,California
Ventura,2021-02-23,5935,176210,2952,95682,2983,80528,0,0,3412,72638,2506,51706,3414,124344,California
Ventura,2021-02-24,7058,183268,2613,98295,4445,84973,0,0,4254,74106,2788,54494,4256,128600,California
Ventura,2021-02-25,7552,190820,2562,100857,4990,89963,0,0,4571,75711,2968,57462,4573,133173,California
Ventura,2021-02-26,9441,200261,2765,103622,6676,96639,0,0,6172,78643,3244,60706,6176,139349,California
Ventura,2021-02-27,10571,210832,5271,108893,5300,101939,0,0,7950,84000,2603,63309,7960,147309,California
Ventura,2021-02-28,2532,213364,1620,110513,911,102850,1,1,2072,85619,453,63762,2072,149381,California
Ventura,2021-03-01,7127,220491,2836,113349,4289,107139,2,3,4730,87983,2381,66143,4745,154126,California
Ventura,2021-03-02,7695,228186,4034,117383,3659,110798,2,5,5394,91087,2290,68433,5394,159520,California
Ventura,2021-03-03,8646,236832,3904,121287,4739,115537,3,8,6102,94669,2527,70960,6109,165629,California
Ventura,2021-03-04,8242,245074,3872,125159,4370,119907,0,8,5543,97530,2684,73644,5545,171174,California
Ventura,2021-03-05,10079,255153,4814,129973,5255,125162,10,18,7190,101865,2873,76517,7208,178382,California
Ventura,2021-03-06,7753,262906,4392,134365,3209,128371,152,170,5795,105864,1950,78467,5949,184331,California
Ventura,2021-03-07,1650,264556,613,134978,937,129308,100,270,1241,106796,409,78876,1341,185672,California
Ventura,2021-03-08,6835,271391,3437,138415,3244,132552,154,424,4726,109577,2102,80978,4883,190555,California
Ventura,2021-03-09,6837,278228,3016,141431,3625,136177,196,620,3967,110887,2857,83835,4167,194722,California
Ventura,2021-03-10,6995,285223,3012,144443,3744,139921,239,859,4678,113501,2302,86137,4916,199638,California
Ventura,2021-03-11,6518,291741,2890,147333,3315,143236,313,1172,3557,114422,2947,89084,3868,203506,California
Ventura,2021-03-12,8671,300412,3042,150375,4788,148024,841,2013,4249,115105,4405,93489,5088,208594,California
Ventura,2021-03-13,7239,307651,2505,152880,3897,151921,837,2850,4307,117325,2923,96412,5143,213737,California
Ventura,2021-03-14,2125,309776,477,153357,1149,153070,499,3349,715,117131,1409,97821,1215,214952,California
Ventura,2021-03-15,7063,316839,2045,155402,3671,156741,1347,4696,3121,117676,3919,101740,4464,219416,California
Ventura,2021-03-16,8111,324950,2455,157857,4544,161285,1112,5808,4175,119039,3922,105662,5285,224701,California
Ventura,2021-03-17,7697,332647,2767,160624,4583,165868,347,6155,4692,121097,2982,108644,5040,229741,California
Ventura,2021-03-18,7386,340033,3268,163892,3969,169837,149,6304,4819,123510,2554,111198,4967,234708,California
Ventura,2021-03-19,8630,348663,3781,167673,4738,174575,111,6415,5238,125488,3369,114567,5347,240055,California
Ventura,2021-03-20,8692,357355,5745,173418,2924,177499,23,6438,4433,125708,4237,118804,4457,244512,California
Ventura,2021-03-21,2786,360141,1518,174936,896,178395,372,6810,1314,125932,1458,120262,1682,246194,California
Ventura,2021-03-22,7412,367553,3689,178625,3620,182015,103,6913,4896,128435,2498,122760,5001,251195,California
Ventura,2021-03-23,8242,375795,3926,182551,4246,186261,70,6983,4631,129553,3582,126342,4700,255895,California
Ventura,2021-03-24,8924,384719,3407,185958,5441,191702,76,7059,4473,129683,4420,130762,4550,260445,California
Ventura,2021-03-25,8831,393550,3909,189867,4822,196524,100,7159,4476,129924,4335,135097,4576,265021,California
Ventura,2021-03-26,9926,403476,3367,193234,5904,202428,655,7814,3977,128636,5918,141015,4630,269651,California
Ventura,2021-03-27,8490,411966,3925,197159,4527,206955,38,7852,2412,125039,6048,147063,2451,272102,California
Ventura,2021-03-28,2526,414492,1420,198579,1098,208053,8,7860,1365,125257,1155,148218,1373,273475,California
Ventura,2021-03-29,8561,423053,4295,202874,4221,212274,45,7905,4256,125281,4277,152495,4301,277776,California
Ventura,2021-03-30,8994,432047,4465,207339,4401,216675,128,8033,4393,125215,4586,157081,4520,282296,California
Ventura,2021-03-31,10787,442834,4866,212205,5290,221965,631,8664,4674,124429,6089,163170,5303,287599,California
Ventura,2021-04-01,10838,453672,5280,217485,4680,226645,878,9542,5498,125496,5304,168474,6371,293970,California
Ventura,2021-04-02,11779,465451,4633,222118,5803,232448,1343,10885,5625,126344,6122,174596,6970,300940,California
Ventura,2021-04-03,8105,473556,4020,226138,2910,235358,1175,12060,3424,126266,4669,179265,4591,305531,California
Ventura,2021-04-04,1708,475264,956,227094,617,235975,135,12195,1144,126987,558,179823,1279,306810,California
Ventura,2021-04-05,9404,484668,4863,231957,3426,239401,1115,13310,4797,128300,4597,184420,5910,312720,California
Ventura,2021-04-06,10928,495596,5562,237519,3875,243276,1491,14801,5627,130141,5274,189694,7115,319835,California
Ventura,2021-04-07,11472,507068,5390,242909,4573,247849,1509,16310,5254,130697,6201,195895,6757,326592,California
Ventura,2021-04-08,10437,517505,5277,248186,4175,252024,985,17295,5208,131674,5208,201103,6185,332777,California
Ventura,2021-04-09,11307,528812,4365,252551,5220,257244,1722,19017,4937,131980,6345,207448,6651,339428,California
Ventura,2021-04-10,9557,538369,3880,256431,3518,260762,2159,21176,3134,130865,6404,213852,5289,344717,California
Ventura,2021-04-11,2434,540803,856,257287,1007,261769,571,21747,685,130380,1741,215593,1256,345973,California
Ventura,2021-04-12,8989,549792,4484,261771,3680,265449,825,22572,3757,129744,5213,220806,4577,350550,California
Ventura,2021-04-13,8862,558654,4498,266269,4358,269807,6,22578,3762,128452,5061,225867,3769,354319,California
Ventura,2021-04-14,8747,567401,4083,270352,4649,274456,15,22593,3359,126481,5352,231219,3381,357700,California
Ventura,2021-04-15,9330,576731,4534,274886,4789,279245,7,22600,4086,125359,5216,236435,4094,361794,California
Ventura,2021-04-16,10090,586821,4443,279329,5645,284890,2,22602,4762,124816,5311,241746,4768,366562,California
Ventura,2021-04-17,8747,595568,5321,284650,3425,288315,1,22603,5091,126267,3641,245387,5092,371654,California
Ventura,2021-04-18,2126,597694,1009,285659,1117,289432,0,22603,908,125963,1212,246599,908,372562,California
Ventura,2021-04-19,8058,605752,4838,290497,3219,292651,1,22604,4629,127184,3410,250009,4631,377193,California
Ventura,2021-04-20,9297,615049,4912,295409,4381,297032,4,22608,4366,126643,4911,254920,4370,381563,California
Ventura,2021-04-21,8917,623966,4567,299976,4345,301377,5,22613,4245,126236,4658,259578,4251,385814,California
Ventura,2021-04-22,10051,634017,5478,305454,4573,305950,0,22613,4467,125139,5565,265143,4468,390282,California
Ventura,2021-04-23,10847,644864,5380,310834,5466,311416,1,22614,5415,125150,5405,270548,5416,395698,California
Ventura,2021-04-24,10434,655298,5890,316724,4544,315960,0,22614,6137,127004,4284,274832,6138,401836,California
Ventura,2021-04-25,2461,657759,1697,318421,764,316724,0,22614,1147,126840,1311,276143,1147,402983,California
Ventura,2021-04-26,7265,665024,4139,322560,3060,319784,66,22680,3021,125703,4219,280362,3082,406065,California
Ventura,2021-04-27,8681,673705,4822,327382,3669,323453,190,22870,3283,123792,5382,285744,3471,409536,California
Ventura,2021-04-28,8296,682001,4822,332204,3158,326611,316,23186,3255,122344,5020,290764,3572,413108,California
Ventura,2021-04-29,7823,689824,4222,336426,3338,329949,263,23449,2797,120404,4999,295763,3059,416167,California
Ventura,2021-04-30,9377,699201,5439,341865,3665,333614,273,23722,3895,119113,5448,301211,4157,420324,California
Ventura,2021-05-01,5026,704227,3623,345488,1300,334914,103,23825,1948,118107,3056,304267,2050,422374,California
Ventura,2021-05-02,2117,706344,1419,346907,610,335524,88,23913,1027,118136,1087,305354,1116,423490,California
Ventura,2021-05-03,6243,712587,3863,350770,2102,337626,278,24191,1967,116121,4258,309612,2243,425733,California
Ventura,2021-05-04,6295,718882,3287,354057,2713,340339,295,24486,2299,114733,3982,313594,2594,428327,California
Ventura,2021-05-05,5315,724197,2965,357022,2091,342430,259,24745,1920,113536,3369,316963,2172,430499,California
Ventura,2021-05-06,6134,730331,3144,360166,2721,345151,269,25014,1964,111618,4152,321115,2234,432733,California
Ventura,2021-05-07,6755,737086,3376,363542,3108,348259,271,25285,2330,109822,4397,325512,2601,435334,California
Ventura,2021-05-08,5296,742382,4113,367655,1029,349288,154,25439,1218,107127,4065,329577,1370,436704,California
Ventura,2021-05-09,1040,743422,728,368383,267,349555,45,25484,394,106925,640,330217,438,437142,California
Ventura,2021-05-10,6068,749490,4069,372452,1790,351345,209,25693,1400,103876,4657,334874,1608,438750,California
Ventura,2021-05-11,5156,754646,3204,375656,1742,353087,210,25903,1506,101951,3640,338514,1715,440465,California
Ventura,2021-05-12,4784,759430,2770,378426,1809,354896,205,26108,1475,100337,3294,341808,1680,442145,California
Ventura,2021-05-13,5699,765129,3353,381779,2140,357036,206,26314,1929,98716,3757,345565,2136,444281,California
Ventura,2021-05-14,7227,772356,4448,386227,2581,359617,198,26512,2757,97217,4451,350016,2952,447233,California
Ventura,2021-05-15,6614,778970,5364,391591,1167,360784,83,26595,2827,96359,3769,353785,2911,450144,California
Ventura,2021-05-16,2157,781127,1669,393260,436,361220,52,26647,1026,96311,1126,354911,1078,451222,California
Ventura,2021-05-17,5825,786952,3548,396808,2070,363290,207,26854,2572,95854,3235,358146,2778,454000,California
Ventura,2021-05-18,5358,792310,3165,399973,2013,365303,180,27034,2253,95202,3085,361231,2433,456433,California
Ventura,2021-05-19,5795,798105,3517,403490,2068,367371,210,27244,2410,94459,3359,364590,2616,459049,California
Ventura,2021-05-20,4344,802449,2293,405783,1895,369266,156,27400,1771,93836,2546,367136,1923,460972,California
Ventura,2021-05-21,6755,809204,3689,409472,2893,372159,173,27573,2163,91611,4560,371696,2335,463307,California
Ventura,2021-05-22,4755,813959,2308,411780,2375,374534,72,27645,1490,89915,3258,374954,1562,464869,California
Ventura,2021-05-23,1276,815235,1066,412846,139,374673,71,27716,500,89712,774,375728,571,465440,California
Ventura,2021-05-24,4502,819737,2434,415280,1901,376574,167,27883,1526,88443,2959,378687,1690,467130,California
Ventura,2021-05-25,4264,824001,2207,417487,1907,378481,150,28033,1458,87260,2790,381477,1607,468737,California
Ventura,2021-05-26,4210,828211,2262,419749,1808,380289,140,28173,1665,86538,2528,384005,1806,470543,California
Ventura,2021-05-27,3784,831995,1841,421590,1828,382117,115,28288,1387,85656,2384,386389,1502,472045,California
Ventura,2021-05-28,4466,836461,2451,424041,1823,383940,192,28480,1983,85359,2469,388858,2172,474217,California
Ventura,2021-05-29,2139,838600,1335,425376,737,384677,67,28547,1053,85405,1074,389932,1120,475337,California
Ventura,2021-05-30,904,839504,580,425956,271,384948,53,28600,376,85308,526,390458,429,475766,California
Ventura,2021-05-31,255,839759,137,426093,109,385057,9,28609,60,85182,195,390653,69,475835,California
Ventura,2021-06-01,3893,843652,2262,428355,1469,386526,162,28771,1313,84092,2566,393219,1476,477311,California
Ventura,2021-06-02,2868,846520,1598,429953,1139,387665,131,28902,1058,83481,1800,395019,1189,478500,California
Ventura,2021-06-03,3101,849621,1944,431897,1024,388689,133,29035,1073,82668,2019,397038,1206,479706,California
Ventura,2021-06-04,2330,851951,1498,433395,738,389427,94,29129,790,82019,1533,398571,884,480590,California
Yolo,2020-12-15,39,39,39,39,0,0,0,0,39,39,0,0,39,39,California
Yolo,2020-12-16,78,117,78,117,0,0,0,0,78,117,0,0,78,117,California
Yolo,2020-12-17,102,219,102,219,0,0,0,0,102,219,0,0,102,219,California
Yolo,2020-12-18,205,424,205,424,0,0,0,0,205,424,0,0,205,424,California
Yolo,2020-12-19,84,508,84,508,0,0,0,0,84,508,0,0,84,508,California
Yolo,2020-12-20,101,609,101,609,0,0,0,0,101,609,0,0,101,609,California
Yolo,2020-12-21,249,858,249,858,0,0,0,0,249,858,0,0,249,858,California
Yolo,2020-12-22,381,1239,380,1238,1,1,0,0,381,1239,0,0,381,1239,California
Yolo,2020-12-23,436,1675,416,1654,20,21,0,0,436,1675,0,0,436,1675,California
Yolo,2020-12-24,151,1826,94,1748,57,78,0,0,151,1826,0,0,151,1826,California
Yolo,2020-12-25,1,1827,1,1749,0,78,0,0,1,1827,0,0,1,1827,California
Yolo,2020-12-26,75,1902,25,1774,50,128,0,0,75,1902,0,0,75,1902,California
Yolo,2020-12-27,46,1948,19,1793,27,155,0,0,46,1948,0,0,46,1948,California
Yolo,2020-12-28,352,2300,179,1972,173,328,0,0,352,2300,0,0,352,2300,California
Yolo,2020-12-29,487,2787,267,2239,220,548,0,0,487,2787,0,0,487,2787,California
Yolo,2020-12-30,627,3414,258,2497,369,917,0,0,627,3414,0,0,627,3414,California
Yolo,2020-12-31,183,3597,94,2591,89,1006,0,0,183,3597,0,0,183,3597,California
Yolo,2021-01-01,57,3654,55,2646,2,1008,0,0,57,3654,0,0,57,3654,California
Yolo,2021-01-02,70,3724,27,2673,43,1051,0,0,70,3724,0,0,70,3724,California
Yolo,2021-01-03,45,3769,19,2692,26,1077,0,0,45,3769,0,0,45,3769,California
Yolo,2021-01-04,193,3962,43,2735,150,1227,0,0,193,3962,0,0,193,3962,California
Yolo,2021-01-05,614,4576,237,2972,377,1604,0,0,553,4454,61,61,553,4515,California
Yolo,2021-01-06,481,5057,183,3155,298,1902,0,0,349,4671,132,193,349,4864,California
Yolo,2021-01-07,707,5764,226,3381,481,2383,0,0,525,5016,181,374,526,5390,California
Yolo,2021-01-08,635,6399,312,3693,323,2706,0,0,420,5225,214,588,423,5813,California
Yolo,2021-01-09,414,6813,70,3763,344,3050,0,0,368,5549,46,634,370,6183,California
Yolo,2021-01-10,399,7212,79,3842,320,3370,0,0,330,5810,69,703,330,6513,California
Yolo,2021-01-11,564,7776,324,4166,240,3610,0,0,295,5839,269,972,298,6811,California
Yolo,2021-01-12,486,8262,367,4533,119,3729,0,0,179,5712,307,1279,180,6991,California
Yolo,2021-01-13,767,9029,311,4844,456,4185,0,0,517,5979,250,1529,517,7508,California
Yolo,2021-01-14,382,9411,183,5027,199,4384,0,0,278,6154,104,1633,279,7787,California
Yolo,2021-01-15,631,10042,324,5351,307,4691,0,0,549,6622,82,1715,550,8337,California
Yolo,2021-01-16,742,10784,94,5445,648,5339,0,0,711,7302,31,1746,711,9048,California
Yolo,2021-01-17,190,10974,117,5562,73,5412,0,0,184,7480,6,1752,184,9232,California
Yolo,2021-01-18,484,11458,305,5867,179,5591,0,0,380,7756,104,1856,380,9612,California
Yolo,2021-01-19,558,12016,372,6239,186,5777,0,0,385,7968,173,2029,385,9997,California
Yolo,2021-01-20,659,12675,380,6619,279,6056,0,0,474,8258,184,2213,474,10471,California
Yolo,2021-01-21,647,13322,384,7003,263,6319,0,0,461,8533,186,2399,461,10932,California
Yolo,2021-01-22,750,14072,251,7254,499,6818,0,0,633,9051,115,2514,633,11565,California
Yolo,2021-01-23,616,14688,123,7377,493,7311,0,0,568,9571,48,2562,568,12133,California
Yolo,2021-01-24,208,14896,123,7500,85,7396,0,0,167,9697,41,2603,167,12300,California
Yolo,2021-01-25,733,15629,157,7657,576,7972,0,0,511,9986,222,2825,511,12811,California
Yolo,2021-01-26,827,16456,327,7984,500,8472,0,0,431,10021,396,3221,431,13242,California
Yolo,2021-01-27,553,17009,219,8203,334,8806,0,0,378,10225,175,3396,379,13621,California
Yolo,2021-01-28,1049,18058,564,8767,485,9291,0,0,924,11025,124,3520,924,14545,California
Yolo,2021-01-29,903,18961,268,9035,635,9926,0,0,817,11757,85,3605,817,15362,California
Yolo,2021-01-30,1528,20489,928,9963,600,10526,0,0,1406,13047,116,3721,1406,16768,California
Yolo,2021-01-31,239,20728,200,10163,39,10565,0,0,212,13233,26,3747,212,16980,California
Yolo,2021-02-01,849,21577,364,10527,485,11050,0,0,614,13616,231,3978,614,17594,California
Yolo,2021-02-02,1339,22916,755,11282,584,11634,0,0,930,14138,409,4387,931,18525,California
Yolo,2021-02-03,1524,24440,397,11679,1127,12761,0,0,1186,14989,335,4722,1186,19711,California
Yolo,2021-02-04,1789,26229,281,11960,1508,14269,0,0,1236,15684,542,5264,1237,20948,California
Yolo,2021-02-05,1596,27825,908,12868,688,14957,0,0,1195,16480,400,5664,1196,22144,California
Yolo,2021-02-06,1943,29768,1266,14134,677,15634,0,0,1577,17693,366,6030,1579,23723,California
Yolo,2021-02-07,525,30293,248,14382,277,15911,0,0,169,17507,355,6385,169,23892,California
Yolo,2021-02-08,949,31242,331,14713,618,16529,0,0,603,17767,343,6728,603,24495,California
Yolo,2021-02-09,859,32101,389,15102,470,16999,0,0,574,18056,285,7013,574,25069,California
Yolo,2021-02-10,1464,33565,480,15582,984,17983,0,0,823,18240,641,7654,825,25894,California
Yolo,2021-02-11,1580,35145,810,16392,770,18753,0,0,1185,19030,395,8049,1185,27079,California
Yolo,2021-02-12,1923,37068,762,17154,1161,19914,0,0,1446,20003,473,8522,1446,28525,California
Yolo,2021-02-13,2055,39123,712,17866,1343,21257,0,0,1385,20718,670,9192,1385,29910,California
Yolo,2021-02-14,569,39692,152,18018,417,21674,0,0,441,21032,127,9319,441,30351,California
Yolo,2021-02-15,535,40227,194,18212,341,22015,0,0,266,21030,269,9588,267,30618,California
Yolo,2021-02-16,1131,41358,425,18637,706,22721,0,0,809,21518,322,9910,810,31428,California
Yolo,2021-02-17,1392,42750,701,19338,691,23412,0,0,996,22118,396,10306,996,32424,California
Yolo,2021-02-18,2489,45239,812,20150,1677,25089,0,0,1717,23065,771,11077,1718,34142,California
Yolo,2021-02-19,1753,46992,751,20901,1002,26091,0,0,1130,23574,621,11698,1130,35272,California
Yolo,2021-02-20,2460,49452,957,21858,1503,27594,0,0,1374,23868,1081,12779,1375,36647,California
Yolo,2021-02-21,286,49738,225,22083,61,27655,0,0,74,23731,211,12990,74,36721,California
Yolo,2021-02-22,1369,51107,599,22682,770,28425,0,0,695,23753,673,13663,695,37416,California
Yolo,2021-02-23,1147,52254,856,23538,291,28716,0,0,444,23496,701,14364,444,37860,California
Yolo,2021-02-24,2090,54344,593,24131,1497,30213,0,0,1382,24172,706,15070,1382,39242,California
Yolo,2021-02-25,1395,55739,487,24618,908,31121,0,0,922,24622,472,15542,922,40164,California
Yolo,2021-02-26,2624,58363,1028,25646,1596,32717,0,0,1383,24767,1238,16780,1383,41547,California
Yolo,2021-02-27,1685,60048,786,26432,899,33616,0,0,1228,25538,457,17237,1228,42775,California
Yolo,2021-02-28,1838,61886,1537,27969,301,33917,0,0,720,25143,1116,18353,721,43496,California
Yolo,2021-03-01,1106,62992,368,28337,738,34655,0,0,672,25383,432,18785,672,44168,California
Yolo,2021-03-02,1474,64466,694,29031,780,35435,0,0,942,25793,532,19317,942,45110,California
Yolo,2021-03-03,1857,66323,638,29669,1219,36654,0,0,832,25602,1023,20340,832,45942,California
Yolo,2021-03-04,2923,69246,1477,31146,1446,38100,0,0,1567,25816,1353,21693,1567,47509,California
Yolo,2021-03-05,2361,71607,1412,32558,938,39038,11,11,1470,26408,889,22582,1481,48990,California
Yolo,2021-03-06,1495,73102,1144,33702,322,39360,29,40,851,26646,642,23224,880,49870,California
Yolo,2021-03-07,916,74018,680,34382,222,39582,14,54,784,27312,132,23356,798,50668,California
Yolo,2021-03-08,1097,75115,490,34872,564,40146,43,97,763,27787,332,23688,807,51475,California
Yolo,2021-03-09,1272,76387,682,35554,527,40673,63,160,780,28140,490,24178,843,52318,California
Yolo,2021-03-10,1816,78203,1062,36616,464,41137,290,450,752,28115,1060,25238,1035,53353,California
Yolo,2021-03-11,2348,80551,1608,38224,672,41809,68,518,1609,29055,738,25976,1678,55031,California
Yolo,2021-03-12,2907,83458,1355,39579,1471,43280,81,599,1373,28982,1526,27502,1453,56484,California
Yolo,2021-03-13,1848,85306,731,40310,941,44221,176,775,1002,29317,843,28345,1178,57662,California
Yolo,2021-03-14,1016,86322,208,40518,660,44881,148,923,536,29516,479,28824,678,58340,California
Yolo,2021-03-15,1323,87645,772,41290,369,45250,182,1105,709,29792,612,29436,888,59228,California
Yolo,2021-03-16,1877,89522,719,42009,1086,46336,72,1177,1109,30205,768,30204,1181,60409,California
Yolo,2021-03-17,2508,92030,980,42989,1456,47792,72,1249,1719,31242,786,30990,1823,62232,California
Yolo,2021-03-18,3031,95061,1039,44028,1770,49562,222,1471,1259,30955,1768,32758,1481,63713,California
Yolo,2021-03-19,2097,97158,873,44901,1156,50718,68,1539,1090,31113,1000,33758,1158,64871,California
Yolo,2021-03-20,2779,99937,822,45723,1914,52632,43,1582,1096,30577,1677,35435,1141,66012,California
Yolo,2021-03-21,318,100255,215,45938,95,52727,8,1590,208,30684,109,35544,216,66228,California
Yolo,2021-03-22,1408,101663,490,46428,857,53584,61,1651,921,31181,484,36028,981,67209,California
Yolo,2021-03-23,1741,103404,937,47365,746,54330,58,1709,1066,31630,674,36702,1123,68332,California
Yolo,2021-03-24,2882,106286,1410,48775,1422,55752,50,1759,1407,31625,1463,38165,1458,69790,California
Yolo,2021-03-25,2552,108838,1415,50190,1109,56861,28,1787,1251,31614,1290,39455,1279,71069,California
Yolo,2021-03-26,2389,111227,1256,51446,1114,57975,19,1806,1018,31286,1364,40819,1036,72105,California
Yolo,2021-03-27,1657,112884,463,51909,1176,59151,18,1824,753,31154,903,41722,771,72876,California
Yolo,2021-03-28,1107,113991,865,52774,224,59375,18,1842,249,30567,853,42575,266,73142,California
Yolo,2021-03-29,2013,116004,819,53593,1164,60539,30,1872,968,30524,1041,43616,998,74140,California
Yolo,2021-03-30,2277,118281,1084,54677,1171,61710,22,1894,1167,30608,1105,44721,1189,75329,California
Yolo,2021-03-31,2357,120638,1229,55906,1092,62802,36,1930,1193,30674,1163,45884,1229,76558,California
Yolo,2021-04-01,3850,124488,1862,57768,1514,64316,474,2404,1614,30528,2233,48117,2087,78645,California
Yolo,2021-04-02,3394,127882,1517,59285,1730,66046,147,2551,2105,31497,1283,49400,2252,80897,California
Yolo,2021-04-03,1822,129704,1097,60382,504,66550,221,2772,812,31521,1009,50409,1033,81930,California
Yolo,2021-04-04,395,130099,156,60538,178,66728,61,2833,146,31479,249,50658,207,82137,California
Yolo,2021-04-05,1928,132027,741,61279,1087,67815,100,2933,1020,31697,903,51561,1121,83258,California
Yolo,2021-04-06,2579,134606,1319,62598,1091,68906,169,3102,1303,31903,1267,52828,1473,84731,California
Yolo,2021-04-07,2990,137596,1524,64122,1109,70015,357,3459,1926,33132,1058,53886,2287,87018,California
Yolo,2021-04-08,2422,140018,1007,65129,941,70956,474,3933,1024,33231,1395,55281,1494,88512,California
Yolo,2021-04-09,2577,142595,920,66049,1089,72045,568,4501,850,32918,1724,57005,1411,89923,California
Yolo,2021-04-10,1750,144345,820,66869,748,72793,182,4683,1030,33412,717,57722,1211,91134,California
Yolo,2021-04-11,915,145260,286,67155,575,73368,54,4737,372,33298,540,58262,426,91560,California
Yolo,2021-04-12,1763,147023,522,67677,1099,74467,142,4879,1095,33870,665,58927,1237,92797,California
Yolo,2021-04-13,1981,149004,915,68592,1066,75533,0,4879,1045,33980,935,59862,1045,93842,California
Yolo,2021-04-14,2776,151780,761,69353,2015,77548,0,4879,1367,33943,1404,61266,1367,95209,California
Yolo,2021-04-15,3317,155097,1137,70490,2180,79728,0,4879,2278,35187,1034,62300,2278,97487,California
Yolo,2021-04-16,3041,158138,1967,72457,1074,80802,0,4879,1942,36036,1093,63393,1942,99429,California
Yolo,2021-04-17,1606,159744,470,72927,1136,81938,0,4879,834,36101,769,64162,834,100263,California
Yolo,2021-04-18,629,160373,301,73228,328,82266,0,4879,351,36178,274,64436,351,100614,California
Yolo,2021-04-19,1669,162042,714,73942,954,83220,1,4880,765,36045,899,65335,766,101380,California
Yolo,2021-04-20,2005,164047,1017,74959,988,84208,0,4880,1076,36194,927,66262,1076,102456,California
Yolo,2021-04-21,1979,166026,985,75944,994,85202,0,4880,1070,36360,904,67166,1070,103526,California
Yolo,2021-04-22,1942,167968,879,76823,1063,86265,0,4880,964,36352,973,68139,965,104491,California
Yolo,2021-04-23,2614,170582,1530,78353,1084,87349,0,4880,1164,36077,1439,69578,1164,105655,California
Yolo,2021-04-24,1163,171745,642,78995,519,87868,2,4882,459,35841,697,70275,461,106116,California
Yolo,2021-04-25,951,172696,410,79405,541,88409,0,4882,731,36353,219,70494,731,106847,California
Yolo,2021-04-26,1174,173870,450,79855,721,89130,3,4885,486,36158,685,71179,490,107337,California
Yolo,2021-04-27,1510,175380,712,80567,787,89917,11,4896,587,35835,923,72102,600,107937,California
Yolo,2021-04-28,2010,177390,1001,81568,982,90899,27,4923,705,35266,1301,73403,732,108669,California
Yolo,2021-04-29,1709,179099,787,82355,840,91739,82,5005,652,34944,1055,74458,733,109402,California
Yolo,2021-04-30,2007,181106,990,83345,959,92698,58,5063,957,34915,1043,75501,1014,110416,California
Yolo,2021-05-01,1288,182394,998,84343,270,92968,20,5083,378,34404,909,76410,398,110814,California
Yolo,2021-05-02,523,182917,430,84773,70,93038,23,5106,326,34556,197,76607,349,111163,California
Yolo,2021-05-03,1120,184037,407,85180,680,93718,33,5139,300,34070,818,77425,332,111495,California
Yolo,2021-05-04,1452,185489,675,85855,754,94472,23,5162,503,33651,945,78370,526,112021,California
Yolo,2021-05-05,1554,187043,426,86281,1063,95535,65,5227,444,33057,1103,79473,509,112530,California
Yolo,2021-05-06,1501,188544,702,86983,718,96253,81,5308,489,32627,1000,80473,570,113100,California
Yolo,2021-05-07,2316,190860,1394,88377,871,97124,51,5359,466,31300,1842,82315,515,113615,California
Yolo,2021-05-08,844,191704,363,88740,424,97548,57,5416,315,31145,526,82841,371,113986,California
Yolo,2021-05-09,393,192097,162,88902,218,97766,13,5429,90,30946,302,83143,103,114089,California
Yolo,2021-05-10,898,192995,353,89255,500,98266,45,5474,151,30396,745,83888,195,114284,California
Yolo,2021-05-11,1122,194117,649,89904,452,98718,21,5495,271,29840,848,84736,292,114576,California
Yolo,2021-05-12,1501,195618,663,90567,809,99527,29,5524,281,28936,1217,85953,313,114889,California
Yolo,2021-05-13,2075,197693,787,91354,1236,100763,52,5576,590,28097,1481,87434,642,115531,California
Yolo,2021-05-14,2035,199728,1518,92872,486,101249,31,5607,1158,28412,874,88308,1189,116720,California
Yolo,2021-05-15,1244,200972,704,93576,493,101742,47,5654,643,28501,601,88909,690,117410,California
Yolo,2021-05-16,1409,202381,1197,94773,206,101948,6,5660,986,29075,418,89327,992,118402,California
Yolo,2021-05-17,1083,203464,393,95166,671,102619,19,5679,332,28680,746,90073,351,118753,California
Yolo,2021-05-18,1687,205151,1107,96273,561,103180,19,5698,930,28877,752,90825,949,119702,California
Yolo,2021-05-19,996,206147,582,96855,378,103558,36,5734,496,28911,498,91323,532,120234,California
Yolo,2021-05-20,931,207078,618,97473,291,103849,22,5756,373,28754,552,91875,395,120629,California
Yolo,2021-05-21,1254,208332,841,98314,394,104243,19,5775,322,28166,927,92802,339,120968,California
Yolo,2021-05-22,670,209002,467,98781,196,104439,7,5782,258,28022,409,93211,265,121233,California
Yolo,2021-05-23,510,209512,112,98893,384,104823,14,5796,91,27709,418,93629,105,121338,California
Yolo,2021-05-24,704,210216,347,99240,338,105161,19,5815,222,27472,479,94108,242,121580,California
Yolo,2021-05-25,879,211095,509,99749,348,105509,22,5837,351,27323,522,94630,373,121953,California
Yolo,2021-05-26,799,211894,258,100007,509,106018,32,5869,269,27098,526,95156,301,122254,California
Yolo,2021-05-27,757,212651,379,100386,327,106345,51,5920,317,27030,436,95592,368,122622,California
Yolo,2021-05-28,865,213516,393,100779,444,106789,28,5948,369,26934,492,96084,396,123018,California
Yolo,2021-05-29,593,214109,342,101121,214,107003,37,5985,273,26924,318,96402,308,123326,California
Yolo,2021-05-30,127,214236,70,101191,51,107054,6,5991,54,26913,71,96473,60,123386,California
Yolo,2021-05-31,68,214304,18,101209,48,107102,2,5993,16,26879,52,96525,18,123404,California
Yolo,2021-06-01,747,215051,321,101530,402,107504,24,6017,263,26688,478,97003,287,123691,California
Yolo,2021-06-02,757,215808,302,101832,434,107938,21,6038,249,26453,505,97508,270,123961,California
Yolo,2021-06-03,913,216721,588,102420,302,108240,23,6061,247,26060,663,98171,270,124231,California
Yolo,2021-06-04,1090,217811,925,103345,147,108387,18,6079,282,25555,805,98976,300,124531,California
Yuba,2020-12-16,4,4,4,4,0,0,0,0,4,4,0,0,4,4,California
Yuba,2020-12-17,4,8,4,8,0,0,0,0,4,8,0,0,4,8,California
Yuba,2020-12-18,8,16,8,16,0,0,0,0,8,16,0,0,8,16,California
Yuba,2020-12-19,12,28,12,28,0,0,0,0,12,28,0,0,12,28,California
Yuba,2020-12-20,19,47,19,47,0,0,0,0,19,47,0,0,19,47,California
Yuba,2020-12-21,40,87,40,87,0,0,0,0,40,87,0,0,40,87,California
Yuba,2020-12-22,86,173,86,173,0,0,0,0,86,173,0,0,86,173,California
Yuba,2020-12-23,65,238,63,236,2,2,0,0,65,238,0,0,65,238,California
Yuba,2020-12-24,20,258,10,246,10,12,0,0,20,258,0,0,20,258,California
Yuba,2020-12-26,14,272,13,259,1,13,0,0,14,272,0,0,14,272,California
Yuba,2020-12-27,15,287,15,274,0,13,0,0,15,287,0,0,15,287,California
Yuba,2020-12-28,50,337,34,308,16,29,0,0,50,337,0,0,50,337,California
Yuba,2020-12-29,76,413,10,318,66,95,0,0,76,413,0,0,76,413,California
Yuba,2020-12-30,66,479,21,339,45,140,0,0,66,479,0,0,66,479,California
Yuba,2020-12-31,37,516,6,345,31,171,0,0,37,516,0,0,37,516,California
Yuba,2021-01-02,23,539,22,367,1,172,0,0,23,539,0,0,23,539,California
Yuba,2021-01-03,10,549,6,373,4,176,0,0,10,549,0,0,10,549,California
Yuba,2021-01-04,93,642,23,396,70,246,0,0,93,642,0,0,93,642,California
Yuba,2021-01-05,71,713,38,434,33,279,0,0,70,711,1,1,70,712,California
Yuba,2021-01-06,154,867,76,510,78,357,0,0,148,853,6,7,148,860,California
Yuba,2021-01-07,74,941,18,528,56,413,0,0,71,920,4,11,71,931,California
Yuba,2021-01-08,73,1014,24,552,49,462,0,0,66,979,7,18,66,997,California
Yuba,2021-01-09,18,1032,16,568,2,464,0,0,10,981,8,26,10,1007,California
Yuba,2021-01-10,117,1149,22,590,95,559,0,0,95,1054,22,48,95,1102,California
Yuba,2021-01-11,72,1221,50,640,22,581,0,0,32,1046,40,88,32,1134,California
Yuba,2021-01-12,107,1328,78,718,29,610,0,0,42,1023,65,153,42,1176,California
Yuba,2021-01-13,119,1447,72,790,47,657,0,0,54,1013,64,217,54,1230,California
Yuba,2021-01-14,112,1559,43,833,69,726,0,0,100,1101,12,229,100,1330,California
Yuba,2021-01-15,202,1761,87,920,115,841,0,0,191,1281,11,240,191,1521,California
Yuba,2021-01-16,186,1947,21,941,165,1006,0,0,173,1441,13,253,173,1694,California
Yuba,2021-01-17,13,1960,9,950,4,1010,0,0,7,1442,6,259,7,1701,California
Yuba,2021-01-18,61,2021,31,981,30,1040,0,0,37,1455,24,283,37,1738,California
Yuba,2021-01-19,82,2103,32,1013,50,1090,0,0,66,1505,16,299,66,1804,California
Yuba,2021-01-20,135,2238,87,1100,48,1138,0,0,112,1594,23,322,112,1916,California
Yuba,2021-01-21,215,2453,98,1198,117,1255,0,0,207,1793,8,330,207,2123,California
Yuba,2021-01-22,104,2557,6,1204,98,1353,0,0,95,1879,9,339,95,2218,California
Yuba,2021-01-23,201,2758,7,1211,194,1547,0,0,199,2076,2,341,199,2417,California
Yuba,2021-01-24,10,2768,7,1218,3,1550,0,0,8,2082,2,343,8,2425,California
Yuba,2021-01-25,86,2854,30,1248,56,1606,0,0,53,2103,32,375,53,2478,California
Yuba,2021-01-26,148,3002,39,1287,109,1715,0,0,90,2135,58,433,90,2568,California
Yuba,2021-01-27,186,3188,130,1417,56,1771,0,0,117,2183,69,502,117,2685,California
Yuba,2021-01-28,225,3413,89,1506,136,1907,0,0,173,2305,52,554,174,2859,California
Yuba,2021-01-29,152,3565,46,1552,106,2013,0,0,113,2379,39,593,113,2972,California
Yuba,2021-01-30,414,3979,23,1575,391,2404,0,0,403,2771,11,604,403,3375,California
Yuba,2021-01-31,18,3997,12,1587,6,2410,0,0,16,2785,2,606,16,3391,California
Yuba,2021-02-01,156,4153,75,1662,81,2491,0,0,131,2893,24,630,132,3523,California
Yuba,2021-02-02,123,4276,21,1683,102,2593,0,0,101,2972,22,652,101,3624,California
Yuba,2021-02-03,227,4503,30,1713,197,2790,0,0,115,2976,111,763,115,3739,California
Yuba,2021-02-04,294,4797,118,1831,176,2966,0,0,250,3182,44,807,250,3989,California
Yuba,2021-02-05,150,4947,33,1864,117,3083,0,0,73,3178,77,884,73,4062,California
Yuba,2021-02-06,448,5395,23,1887,425,3508,0,0,441,3612,7,891,441,4503,California
Yuba,2021-02-07,19,5414,13,1900,6,3514,0,0,15,3623,4,895,15,4518,California
Yuba,2021-02-08,97,5511,37,1937,60,3574,0,0,68,3662,29,924,68,4586,California
Yuba,2021-02-09,155,5666,57,1994,98,3672,0,0,86,3679,69,993,86,4672,California
Yuba,2021-02-10,361,6027,175,2169,186,3858,0,0,120,3559,240,1233,120,4792,California
Yuba,2021-02-11,398,6425,66,2235,332,4190,0,0,301,3765,95,1328,301,5093,California
Yuba,2021-02-12,263,6688,25,2260,238,4428,0,0,150,3802,113,1441,150,5243,California
Yuba,2021-02-13,434,7122,35,2295,399,4827,0,0,383,4134,51,1492,383,5626,California
Yuba,2021-02-14,51,7173,10,2305,41,4868,0,0,46,4175,5,1497,46,5672,California
Yuba,2021-02-15,88,7261,36,2341,52,4920,0,0,68,4223,20,1517,68,5740,California
Yuba,2021-02-16,199,7460,52,2393,147,5067,0,0,140,4305,58,1575,140,5880,California
Yuba,2021-02-17,380,7840,157,2550,223,5290,0,0,102,4130,277,1852,102,5982,California
Yuba,2021-02-18,314,8154,48,2598,266,5556,0,0,192,4200,122,1974,192,6174,California
Yuba,2021-02-19,226,8380,82,2680,144,5700,0,0,142,4258,84,2058,142,6316,California
Yuba,2021-02-20,391,8771,30,2710,361,6061,0,0,337,4541,54,2112,337,6653,California
Yuba,2021-02-21,17,8788,14,2724,3,6064,0,0,7,4538,10,2122,7,6660,California
Yuba,2021-02-22,128,8916,79,2803,49,6113,0,0,39,4489,88,2210,39,6699,California
Yuba,2021-02-23,116,9032,26,2829,90,6203,0,0,49,4472,66,2276,49,6748,California
Yuba,2021-02-24,485,9517,137,2966,348,6551,0,0,106,4199,379,2655,106,6854,California
Yuba,2021-02-25,340,9857,136,3102,204,6755,0,0,215,4289,125,2780,215,7069,California
Yuba,2021-02-26,264,10121,71,3173,193,6948,0,0,147,4321,115,2895,147,7216,California
Yuba,2021-02-27,470,10591,46,3219,424,7372,0,0,384,4621,84,2979,384,7600,California
Yuba,2021-02-28,69,10660,21,3240,48,7420,0,0,48,4648,21,3000,48,7648,California
Yuba,2021-03-01,158,10818,43,3283,115,7535,0,0,80,4651,77,3077,80,7728,California
Yuba,2021-03-02,163,10981,37,3320,126,7661,0,0,82,4652,81,3158,82,7810,California
Yuba,2021-03-03,631,11612,159,3479,472,8133,0,0,203,4428,427,3585,203,8013,California
Yuba,2021-03-04,471,12083,272,3751,199,8332,0,0,326,4610,144,3729,326,8339,California
Yuba,2021-03-05,317,12400,57,3808,259,8591,1,1,251,4796,66,3795,252,8591,California
Yuba,2021-03-06,474,12874,33,3841,437,9028,4,5,368,5063,105,3900,372,8963,California
Yuba,2021-03-07,52,12926,28,3869,23,9051,1,6,38,5088,14,3914,39,9002,California
Yuba,2021-03-08,161,13087,50,3919,95,9146,16,22,100,5143,61,3975,116,9118,California
Yuba,2021-03-09,176,13263,45,3964,111,9257,20,42,83,5153,93,4068,103,9221,California
Yuba,2021-03-10,741,14004,235,4199,476,9733,30,72,232,4907,508,4576,262,9483,California
Yuba,2021-03-11,440,14444,196,4395,231,9964,13,85,294,5068,146,4722,307,9790,California
Yuba,2021-03-12,462,14906,84,4479,324,10288,54,139,152,4964,310,5032,206,9996,California
Yuba,2021-03-13,459,15365,342,4821,102,10390,15,154,362,5245,96,5128,377,10373,California
Yuba,2021-03-14,107,15472,20,4841,77,10467,10,164,48,5245,58,5186,58,10431,California
Yuba,2021-03-15,193,15665,51,4892,126,10593,16,180,100,5268,93,5279,116,10547,California
Yuba,2021-03-16,299,15964,73,4965,202,10795,24,204,184,5362,114,5393,208,10755,California
Yuba,2021-03-17,748,16712,166,5131,552,11347,30,234,198,5042,548,5941,228,10983,California
Yuba,2021-03-18,583,17295,158,5289,310,11657,115,349,354,5281,229,6170,468,11451,California
Yuba,2021-03-19,330,17625,119,5408,161,11818,50,399,187,5376,142,6312,237,11688,California
Yuba,2021-03-20,559,18184,82,5490,460,12278,17,416,479,5793,79,6391,496,12184,California
Yuba,2021-03-21,62,18246,36,5526,26,12304,0,416,49,5829,13,6404,49,12233,California
Yuba,2021-03-22,194,18440,72,5598,115,12419,7,423,152,5946,42,6446,159,12392,California
Yuba,2021-03-23,266,18706,79,5677,159,12578,28,451,178,6066,86,6532,206,12598,California
Yuba,2021-03-24,768,19474,257,5934,432,13010,79,530,188,5755,578,7110,267,12865,California
Yuba,2021-03-25,511,19985,271,6205,218,13228,22,552,255,5776,256,7366,277,13142,California
Yuba,2021-03-26,397,20382,141,6346,227,13455,29,581,225,5859,171,7537,254,13396,California
Yuba,2021-03-27,460,20842,29,6375,428,13883,3,584,406,6214,53,7590,408,13804,California
Yuba,2021-03-28,101,20943,42,6417,55,13938,4,588,34,6185,67,7657,38,13842,California
Yuba,2021-03-29,298,21241,88,6505,178,14116,32,620,182,6283,116,7773,214,14056,California
Yuba,2021-03-30,276,21517,67,6572,201,14317,8,628,190,6395,86,7859,198,14254,California
Yuba,2021-03-31,678,22195,113,6685,553,14870,12,640,242,6215,434,8293,254,14508,California
Yuba,2021-04-01,623,22818,288,6973,307,15177,28,668,291,6202,332,8625,319,14827,California
Yuba,2021-04-02,500,23318,96,7069,320,15497,84,752,187,6160,312,8937,270,15097,California
Yuba,2021-04-03,657,23975,56,7125,117,15614,484,1236,88,6164,568,9505,572,15669,California
Yuba,2021-04-04,61,24036,11,7136,44,15658,6,1242,33,6175,28,9533,39,15708,California
Yuba,2021-04-05,249,24285,83,7219,145,15803,21,1263,125,6198,122,9655,145,15853,California
Yuba,2021-04-06,353,24638,113,7332,179,15982,61,1324,170,6246,182,9837,230,16083,California
Yuba,2021-04-07,789,25427,409,7741,326,16308,54,1378,357,6227,429,10266,410,16493,California
Yuba,2021-04-08,752,26179,293,8034,194,16502,265,1643,280,6301,471,10737,545,17038,California
Yuba,2021-04-09,407,26586,171,8205,168,16670,68,1711,171,6305,235,10972,239,17277,California
Yuba,2021-04-10,599,27185,72,8277,78,16748,449,2160,71,6298,526,11498,519,17796,California
Yuba,2021-04-11,108,27293,28,8305,68,16816,12,2172,46,6295,61,11559,58,17854,California
Yuba,2021-04-12,213,27506,46,8351,137,16953,30,2202,79,6271,133,11692,109,17963,California
Yuba,2021-04-13,400,27906,103,8454,297,17250,0,2202,203,6278,196,11888,203,18166,California
Yuba,2021-04-14,704,28610,110,8564,594,17844,0,2202,123,5823,579,12467,124,18290,California
Yuba,2021-04-15,342,28952,133,8697,209,18053,0,2202,150,5781,192,12659,150,18440,California
Yuba,2021-04-16,335,29287,96,8793,239,18292,0,2202,178,5803,156,12815,178,18618,California
Yuba,2021-04-17,407,29694,60,8853,347,18639,0,2202,333,6063,73,12888,333,18951,California
Yuba,2021-04-18,55,29749,10,8863,45,18684,0,2202,25,6058,30,12918,25,18976,California
Yuba,2021-04-19,249,29998,105,8968,144,18828,0,2202,104,6017,145,13063,104,19080,California
Yuba,2021-04-20,321,30319,81,9049,240,19068,0,2202,180,6058,140,13203,181,19261,California
Yuba,2021-04-21,698,31017,279,9328,419,19487,0,2202,295,5950,403,13606,295,19556,California
Yuba,2021-04-22,359,31376,138,9466,221,19708,0,2202,203,5997,156,13762,203,19759,California
Yuba,2021-04-23,351,31727,115,9581,236,19944,0,2202,166,5980,183,13945,166,19925,California
Yuba,2021-04-24,214,31941,67,9648,147,20091,0,2202,120,6006,94,14039,120,20045,California
Yuba,2021-04-25,73,32014,30,9678,43,20134,0,2202,36,6005,37,14076,36,20081,California
Yuba,2021-04-26,229,32243,56,9734,169,20303,4,2206,103,5986,126,14202,107,20188,California
Yuba,2021-04-27,479,32722,162,9896,307,20610,10,2216,239,5997,238,14440,249,20437,California
Yuba,2021-04-28,434,33156,175,10071,254,20864,5,2221,149,5872,279,14719,154,20591,California
Yuba,2021-04-29,432,33588,67,10138,364,21228,1,2222,146,5734,285,15004,147,20738,California
Yuba,2021-04-30,324,33912,90,10228,204,21432,30,2252,137,5716,185,15189,167,20905,California
Yuba,2021-05-01,206,34118,91,10319,96,21528,19,2271,92,5714,113,15302,111,21016,California
Yuba,2021-05-02,72,34190,42,10361,26,21554,4,2275,37,5720,35,15337,41,21057,California
Yuba,2021-05-03,163,34353,65,10426,90,21644,8,2283,52,5671,109,15446,60,21117,California
Yuba,2021-05-04,323,34676,94,10520,208,21852,21,2304,145,5659,178,15624,166,21283,California
Yuba,2021-05-05,315,34991,77,10597,231,22083,7,2311,112,5575,203,15827,119,21402,California
Yuba,2021-05-06,275,35266,102,10699,134,22217,39,2350,89,5520,183,16010,128,21530,California
Yuba,2021-05-07,357,35623,91,10790,238,22455,28,2378,120,5430,237,16247,147,21677,California
Yuba,2021-05-08,107,35730,32,10822,70,22525,5,2383,46,5420,61,16308,51,21728,California
Yuba,2021-05-09,52,35782,23,10845,26,22551,3,2386,37,5445,15,16323,40,21768,California
Yuba,2021-05-10,172,35954,56,10901,98,22649,18,2404,54,5400,117,16440,72,21840,California
Yuba,2021-05-11,371,36325,166,11067,192,22841,13,2417,137,5317,232,16672,149,21989,California
Yuba,2021-05-12,251,36576,126,11193,118,22959,7,2424,99,5271,152,16824,106,22095,California
Yuba,2021-05-13,347,36923,190,11383,114,23073,43,2467,110,5189,235,17059,153,22248,California
Yuba,2021-05-14,369,37292,140,11523,208,23281,21,2488,160,5160,209,17268,180,22428,California
Yuba,2021-05-15,435,37727,110,11633,304,23585,21,2509,111,4969,322,17590,131,22559,California
Yuba,2021-05-16,140,37867,44,11677,87,23672,9,2518,85,5009,54,17644,94,22653,California
Yuba,2021-05-17,215,38082,90,11767,105,23777,20,2538,93,5002,120,17764,113,22766,California
Yuba,2021-05-18,388,38470,159,11926,220,23997,9,2547,165,4953,223,17987,174,22940,California
Yuba,2021-05-19,261,38731,144,12070,111,24108,6,2553,135,4968,126,18113,141,23081,California
Yuba,2021-05-20,407,39138,290,12360,106,24214,11,2564,259,5091,147,18260,270,23351,California
Yuba,2021-05-21,476,39614,253,12613,216,24430,7,2571,299,5222,175,18435,306,23657,California
Yuba,2021-05-22,202,39816,116,12729,76,24506,10,2581,88,5206,114,18549,98,23755,California
Yuba,2021-05-23,38,39854,24,12753,12,24518,2,2583,28,5226,10,18559,30,23785,California
Yuba,2021-05-24,151,40005,47,12800,90,24608,14,2597,47,5184,103,18662,61,23846,California
Yuba,2021-05-25,314,40319,108,12908,190,24798,16,2613,118,5123,195,18857,134,23980,California
Yuba,2021-05-26,231,40550,100,13008,117,24915,14,2627,91,5089,139,18996,105,24085,California
Yuba,2021-05-27,248,40798,76,13084,160,25075,12,2639,111,5076,136,19132,123,24208,California
Yuba,2021-05-28,245,41043,113,13197,130,25205,2,2641,124,5083,119,19251,126,24334,California
Yuba,2021-05-29,161,41204,65,13262,74,25279,22,2663,92,5129,68,19319,114,24448,California
Yuba,2021-05-30,50,41254,20,13282,25,25304,5,2668,20,5124,30,19349,25,24473,California
Yuba,2021-05-31,31,41285,3,13285,21,25325,7,2675,11,5122,20,19369,18,24491,California
Yuba,2021-06-01,244,41529,106,13391,132,25457,6,2681,90,5067,150,19519,95,24586,California
Yuba,2021-06-02,198,41727,78,13469,113,25570,7,2688,72,5021,125,19644,79,24665,California
Yuba,2021-06-03,172,41899,101,13570,66,25636,5,2693,68,4990,104,19748,73,24738,California
Yuba,2021-06-04,116,42015,38,13608,72,25708,6,2699,40,4960,76,19824,46,24784,California
