county,administered_date,total_doses,cumulative_total_doses,pfizer_doses,cumulative_pfizer_doses,moderna_doses,cumulative_moderna_doses,jj_doses,cumulative_jj_doses,partially_vaccinated,total_partially_vaccinated,fully_vaccinated,cumulative_fully_vaccinated,at_least_one_dose,cumulative_at_least_one_dose,california_flag
All CA Counties,2020-12-15,1131,1131,1131,1131,0,0,0,0,1131,1131,0,0,1131,1131,
All CA Counties,2020-12-16,8110,9241,8110,9241,0,0,0,0,8110,9241,0,0,8110,9241,
All CA Counties,2020-12-17,25700,34941,25700,34941,0,0,0,0,25702,34943,0,0,25702,34943,
All CA Counties,2020-12-18,43711,78652,43656,78597,55,55,0,0,43712,78655,0,0,43712,78655,
All CA Counties,2020-12-19,25182,103834,25159,103756,23,78,0,0,25181,103835,1,1,25181,103836,
All CA Counties,2020-12-20,18919,122753,18890,122646,29,107,0,0,18918,122752,1,2,18918,122754,
All CA Counties,2020-12-21,49533,172286,49450,172096,83,190,0,0,49536,172287,1,3,49536,172290,
All CA Counties,2020-12-22,49814,222100,47706,219802,2108,2298,0,0,49812,222098,1,4,49812,222102,
All CA Counties,2020-12-23,50173,272273,41485,261287,8688,10986,0,0,50169,272267,0,4,50169,272271,
All CA Counties,2020-12-24,23997,296270,16311,277598,7686,18672,0,0,23994,296260,1,5,23994,296265,
All CA Counties,2020-12-25,2330,298600,2011,279609,319,18991,0,0,2330,298590,0,5,2330,298595,
All CA Counties,2020-12-26,14597,313197,9427,289036,5170,24161,0,0,14596,313185,1,6,14596,313191,
All CA Counties,2020-12-27,9387,322584,5565,294601,3822,27983,0,0,9386,322570,1,7,9386,322577,
All CA Counties,2020-12-28,45606,368190,29238,323839,16368,44351,0,0,45603,368170,3,10,45603,368180,
All CA Counties,2020-12-29,50968,419158,28489,352328,22479,66830,0,0,50964,419131,3,13,50964,419144,
All CA Counties,2020-12-30,62837,481995,35610,387938,27227,94057,0,0,62831,481959,3,16,62831,481975,
All CA Counties,2020-12-31,29159,511154,10739,398677,18420,112477,0,0,29153,511108,4,20,29153,511128,
All CA Counties,2021-01-01,3855,515009,1699,400376,2156,114633,0,0,3851,514957,2,22,3851,514979,
All CA Counties,2021-01-02,18408,533417,10213,410589,8195,122828,0,0,18407,533364,0,22,18407,533386,
All CA Counties,2021-01-03,6116,539533,3467,414056,2649,125477,0,0,6087,539439,12,34,6087,539473,
All CA Counties,2021-01-04,43266,582799,21894,435950,21372,146849,0,0,43188,582584,43,77,43188,582661,
All CA Counties,2021-01-05,56090,638889,29544,465494,26546,173395,0,0,50659,627952,5376,5453,50744,633405,
All CA Counties,2021-01-06,72789,711678,40279,505773,32510,205905,0,0,57544,670455,15069,20522,57572,690977,
All CA Counties,2021-01-07,91570,803248,52104,557877,39466,245371,0,0,61161,701407,30251,50773,61203,752180,
All CA Counties,2021-01-08,105964,909212,63887,621764,42077,287448,0,0,64961,725551,40873,91646,65017,817197,
All CA Counties,2021-01-09,43560,952772,25032,646796,18528,305976,0,0,27476,736984,16065,107711,27498,844695,
All CA Counties,2021-01-10,24191,976963,14805,661601,9386,315362,0,0,12983,738791,11192,118903,12999,857694,
All CA Counties,2021-01-11,103965,1080928,69201,730802,34764,350126,0,0,60323,755612,43603,162506,60424,918118,
All CA Counties,2021-01-12,112386,1193314,66361,797163,46025,396151,0,0,71481,786488,40825,203331,71701,989819,
All CA Counties,2021-01-13,118265,1311579,61258,858421,57007,453158,0,0,84754,837888,33426,236757,84826,1074645,
All CA Counties,2021-01-14,122900,1434479,49250,907671,73650,526808,0,0,103429,922087,19369,256126,103568,1178213,
All CA Counties,2021-01-15,141354,1575833,51964,959635,89390,616198,0,0,126389,1033778,14873,270999,126564,1304777,
All CA Counties,2021-01-16,80289,1656122,27363,986998,52926,669124,0,0,72771,1099105,7493,278492,72820,1377597,
All CA Counties,2021-01-17,48000,1704122,16761,1003759,31239,700363,0,0,44378,1139911,3615,282107,44421,1422018,
All CA Counties,2021-01-18,87525,1791647,45530,1049289,41995,742358,0,0,68411,1189436,19035,301142,68560,1490578,
All CA Counties,2021-01-19,140846,1932493,73284,1122573,67562,809920,0,0,109842,1268670,30912,332054,110146,1600724,
All CA Counties,2021-01-20,157815,2090308,80029,1202602,77786,887706,0,0,124759,1360786,32879,364933,124995,1725719,
All CA Counties,2021-01-21,171807,2262115,76006,1278608,95801,983507,0,0,153022,1495534,18586,383519,153334,1879053,
All CA Counties,2021-01-22,168306,2430421,68606,1347214,99700,1083207,0,0,154150,1635811,14028,397547,154305,2033358,
All CA Counties,2021-01-23,110889,2541310,49359,1396573,61530,1144737,0,0,98383,1721858,12447,409994,98494,2131852,
All CA Counties,2021-01-24,60830,2602140,29455,1426028,31375,1176112,0,0,56213,1773535,4588,414582,56265,2188117,
All CA Counties,2021-01-25,143534,2745674,64741,1490769,78793,1254905,0,0,108967,1848351,34485,449067,109301,2297418,
All CA Counties,2021-01-26,167416,2913090,82229,1572998,85187,1340092,0,0,130422,1942152,36872,485939,130673,2428091,
All CA Counties,2021-01-27,178931,3092021,87664,1660662,91267,1431359,0,0,140142,2044058,38431,524370,140337,2568428,
All CA Counties,2021-01-28,186282,3278303,85743,1746405,100539,1531898,0,0,152606,2163453,33401,557771,152796,2721224,
All CA Counties,2021-01-29,182226,3460529,87716,1834121,94510,1626408,0,0,147958,2277886,33714,591485,148147,2869371,
All CA Counties,2021-01-30,122541,3583070,55048,1889169,67493,1693901,0,0,107626,2370890,14758,606243,107762,2977133,
All CA Counties,2021-01-31,69095,3652165,38841,1928010,30254,1724155,0,0,64067,2430023,4983,611226,64116,3041249,
All CA Counties,2021-02-01,157775,3809940,72656,2000666,85119,1809274,0,0,119827,2512162,37813,649039,119952,3161201,
All CA Counties,2021-02-02,184995,3994935,79325,2079991,105670,1914944,0,0,139455,2606635,45197,694236,139670,3300871,
All CA Counties,2021-02-03,209511,4204446,94719,2174710,114792,2029736,0,0,156035,2709883,53008,747244,156256,3457127,
All CA Counties,2021-02-04,227043,4431489,99632,2274342,127411,2157147,0,0,166823,2817355,59689,806933,167161,3624288,
All CA Counties,2021-02-05,244743,4676232,106063,2380405,138680,2295827,0,0,166726,2907344,77270,884203,167259,3791547,
All CA Counties,2021-02-06,154275,4830507,74598,2455003,79677,2375504,0,0,119759,2993236,34352,918555,120244,3911791,
All CA Counties,2021-02-07,66515,4897022,42989,2497992,23526,2399030,0,0,50171,3027588,16261,934816,50613,3962404,
All CA Counties,2021-02-08,179536,5076558,88129,2586121,91407,2490437,0,0,118680,3086572,60414,995230,119398,4081802,
All CA Counties,2021-02-09,209800,5286358,101370,2687491,108430,2598867,0,0,126040,3130393,83339,1078569,127160,4208962,
All CA Counties,2021-02-10,247240,5533598,119319,2806810,127921,2726788,0,0,138055,3161496,108387,1186956,139490,4348452,
All CA Counties,2021-02-11,261741,5795339,129293,2936103,132448,2859236,0,0,143764,3190040,116972,1303928,145516,4493968,
All CA Counties,2021-02-12,270147,6065486,118328,3054431,151819,3011055,0,0,146299,3215539,123122,1427050,148621,4642589,
All CA Counties,2021-02-13,166066,6231552,76955,3131386,89111,3100166,0,0,91811,3235438,73845,1500895,93744,4736333,
All CA Counties,2021-02-14,95068,6326620,47393,3178779,47675,3147841,0,0,51531,3245252,43392,1544287,53206,4789539,
All CA Counties,2021-02-15,141191,6467811,62111,3240890,79080,3226921,0,0,78315,3264218,62537,1606824,81503,4871042,
All CA Counties,2021-02-16,246642,6714453,117307,3358197,129335,3356256,0,0,132373,3286091,113937,1720761,135810,5006852,
All CA Counties,2021-02-17,256064,6970517,127745,3485942,128319,3484575,0,0,127913,3289992,127672,1848433,131573,5138425,
All CA Counties,2021-02-18,268943,7239460,140386,3626328,128557,3613132,0,0,130647,3287656,137688,1986121,135352,5273777,
All CA Counties,2021-02-19,249090,7488550,144497,3770825,104593,3717725,0,0,129275,3299718,119386,2105507,131448,5405225,
All CA Counties,2021-02-20,150462,7639012,96723,3867548,53739,3771464,0,0,83185,3318138,67054,2172561,85474,5490699,
All CA Counties,2021-02-21,71800,7710812,57925,3925473,13875,3785339,0,0,35441,3319734,36160,2208721,37756,5528455,
All CA Counties,2021-02-22,162002,7872814,108813,4034286,53189,3838528,0,0,81203,3322954,80500,2289221,83720,5612175,
All CA Counties,2021-02-23,220724,8093538,116154,4150440,104570,3943098,0,0,102281,3314286,117932,2407153,109264,5721439,
All CA Counties,2021-02-24,279700,8373238,141035,4291475,138665,4081763,0,0,133205,3310209,145932,2553085,141855,5863294,
All CA Counties,2021-02-25,314545,8687783,153806,4445281,160739,4242502,0,0,164415,3334601,149503,2702588,173895,6037189,
All CA Counties,2021-02-26,348462,9036245,162301,4607582,186161,4428663,0,0,194952,3384176,152691,2855279,202266,6239455,
All CA Counties,2021-02-27,245183,9281428,117158,4724740,128006,4556669,19,19,138858,3421844,105785,2961064,143453,6382908,
All CA Counties,2021-02-28,129178,9410606,77121,4801861,52055,4608724,2,21,75721,3448270,53120,3014184,79546,6462454,
All CA Counties,2021-03-01,235220,9645826,124684,4926545,110499,4719223,37,58,135978,3490511,98665,3112849,140906,6603360,
All CA Counties,2021-03-02,273727,9919553,133240,5059785,140475,4859698,12,70,163141,3551365,110166,3223015,171020,6774380,
All CA Counties,2021-03-03,323968,10243521,159379,5219164,164555,5024253,34,104,185617,3607468,137760,3360775,193863,6968243,
All CA Counties,2021-03-04,340660,10584181,170270,5389434,170310,5194563,80,184,200003,3675142,140003,3500778,207677,7175920,
All CA Counties,2021-03-05,328909,10913090,160070,5549504,167740,5362303,1099,1283,203609,3762869,124591,3625369,212318,7388238,
All CA Counties,2021-03-06,252252,11165342,129468,5678972,115014,5477317,7770,9053,156718,3837454,95169,3720538,169754,7557992,
All CA Counties,2021-03-07,123706,11289048,75298,5754270,44390,5521707,4018,13071,76924,3876359,46630,3767168,85535,7643527,
All CA Counties,2021-03-08,213467,11502515,102428,5856698,100717,5622424,10322,23393,138895,3956320,74262,3841430,154223,7797750,
All CA Counties,2021-03-09,264096,11766611,114210,5970908,134152,5756576,15734,39127,142321,3998782,121368,3962798,163830,7961580,
All CA Counties,2021-03-10,311239,12077850,152798,6123706,134851,5891427,23590,62717,167406,4052056,143284,4106082,196558,8158138,
All CA Counties,2021-03-11,369440,12447290,178053,6301759,158816,6050243,32571,95288,190006,4101472,178614,4284696,228030,8386168,
All CA Counties,2021-03-12,385625,12832915,171068,6472827,168878,6219121,45679,140967,188380,4143044,196550,4481246,238122,8624290,
All CA Counties,2021-03-13,277326,13110241,121198,6594025,125478,6344599,30650,171617,149727,4200516,127207,4608453,184679,8808969,
All CA Counties,2021-03-14,151548,13261789,81167,6675192,55621,6400220,14760,186377,81586,4229530,69721,4678174,98735,8907704,
All CA Counties,2021-03-15,286380,13548169,136147,6811339,129973,6530193,20260,206637,156493,4280462,129254,4807428,180186,9087890,
All CA Counties,2021-03-16,365049,13913218,170445,6981784,177561,6707754,17046,223683,213743,4364477,150677,4958105,234692,9322582,
All CA Counties,2021-03-17,376756,14289974,186018,7167802,172580,6880334,18158,241841,234047,4477645,142038,5100143,255206,9577788,
All CA Counties,2021-03-18,390793,14680767,198762,7366564,174382,7054716,17649,259490,234465,4577542,155374,5255517,255271,9833059,
All CA Counties,2021-03-19,400159,15080926,209265,7575829,169617,7224333,21277,280767,234872,4671758,164464,5419981,258680,10091739,
All CA Counties,2021-03-20,288150,15369076,150960,7726789,121798,7346131,15392,296159,185214,4771941,102369,5522350,202552,10294291,
All CA Counties,2021-03-21,140816,15509892,96939,7823728,36497,7382628,7380,303539,88961,4819460,51591,5573941,99110,10393401,
All CA Counties,2021-03-22,267319,15777211,155827,7979555,100698,7483326,10794,314333,177054,4921184,89684,5663625,191408,10584809,
All CA Counties,2021-03-23,350291,16127502,192062,8171617,147613,7630939,10616,324949,226408,5037906,123122,5786747,239844,10824653,
All CA Counties,2021-03-24,379944,16507446,217916,8389533,150018,7780957,12010,336959,224633,5123532,154306,5941053,239932,11064585,
All CA Counties,2021-03-25,407006,16914452,223465,8612998,169397,7950354,14144,351103,235088,5204160,170807,6111860,251435,11316020,
All CA Counties,2021-03-26,423382,17337834,225434,8838432,182248,8132602,15700,366803,234232,5269000,188105,6299965,252945,11568965,
All CA Counties,2021-03-27,304910,17642744,161738,9000170,131954,8264556,11218,378021,156993,5292258,147229,6447194,170487,11739452,
All CA Counties,2021-03-28,165469,17808213,105687,9105857,56220,8320776,3562,381583,90668,5313945,74458,6521652,96145,11835597,
All CA Counties,2021-03-29,304075,18112288,163873,9269730,131855,8452631,8347,389930,174036,5369408,129422,6651074,184885,12020482,
All CA Counties,2021-03-30,389557,18501845,196609,9466339,175811,8628442,17137,407067,238136,5475741,150785,6801859,257118,12277600,
All CA Counties,2021-03-31,416982,18918827,226726,9693065,169332,8797774,20924,427991,241063,5563710,175124,6976983,263093,12540693,
All CA Counties,2021-04-01,476858,19395685,244081,9937146,194432,8992206,38345,466336,265748,5658896,210227,7187210,305413,12846106,
All CA Counties,2021-04-02,458807,19854492,223879,10161025,193742,9185948,41186,507522,251297,5746622,206470,7393680,294196,13140302,
All CA Counties,2021-04-03,320051,20174543,162311,10323336,117840,9303788,39900,547422,161158,5790788,158361,7552041,202527,13342829,
All CA Counties,2021-04-04,130739,20305282,68183,10391519,43845,9347633,18711,566133,58387,5795996,72147,7624188,77355,13420184,
All CA Counties,2021-04-05,343557,20648839,178318,10569837,126709,9474342,38530,604663,172499,5839274,170552,7794740,213830,13634014,
All CA Counties,2021-04-06,448984,21097823,228007,10797844,156681,9631023,64296,668959,220016,5897992,228205,8022945,286923,13920937,
All CA Counties,2021-04-07,463027,21560850,240981,11038825,153513,9784536,68533,737492,227657,5961966,234576,8257521,298550,14219487,
All CA Counties,2021-04-08,487938,22048788,247262,11286087,158424,9942960,82252,819744,231915,6023536,255074,8512595,316644,14536131,
All CA Counties,2021-04-09,478901,22527689,238579,11524666,162519,10105479,77803,897547,222570,6072094,255442,8768037,304000,14840131,
All CA Counties,2021-04-10,355706,22883395,163244,11687910,120146,10225625,72316,969863,150550,6093433,204563,8972600,225902,15066033,
All CA Counties,2021-04-11,182167,23065562,102401,11790311,46530,10272155,33236,1003099,75818,6100017,106064,9078664,112648,15178681,
All CA Counties,2021-04-12,333068,23398630,171988,11962299,124456,10396611,36624,1039723,155766,6119492,176494,9255158,195969,15374650,
All CA Counties,2021-04-13,422621,23821251,236236,12198535,185500,10582111,885,1040608,236543,6175588,185222,9440380,241318,15615968,
All CA Counties,2021-04-14,437311,24258562,246141,12444676,190922,10773033,248,1040856,230503,6206698,205814,9646194,236924,15852892,
All CA Counties,2021-04-15,473523,24732085,276922,12721598,196393,10969426,208,1041064,267019,6273390,205282,9851476,271974,16124866,
All CA Counties,2021-04-16,458344,25190429,258756,12980354,199298,11168724,290,1041354,246786,6312916,210527,10062003,250053,16374919,
All CA Counties,2021-04-17,325382,25515811,184386,13164740,140972,11309696,24,1041378,185014,6362145,139735,10201738,188964,16563883,
All CA Counties,2021-04-18,149997,25665808,94593,13259333,55391,11365087,13,1041391,78313,6372773,71358,10273096,81986,16645869,
All CA Counties,2021-04-19,308957,25974765,178529,13437862,130336,11495423,92,1041483,146717,6361183,161512,10434608,149922,16795791,
All CA Counties,2021-04-20,393053,26367818,208046,13645908,184964,11680387,43,1041526,196346,6367388,195860,10630468,202065,16997856,
All CA Counties,2021-04-21,400399,26768217,227947,13873855,172200,11852587,252,1041778,191194,6356834,208085,10838553,197531,17195387,
All CA Counties,2021-04-22,393071,27161288,223923,14097778,169091,12021678,57,1041835,174815,6321894,217222,11055775,182282,17377669,
All CA Counties,2021-04-23,335524,27496812,195791,14293569,139654,12161332,79,1041914,149827,6297985,184715,11240490,160806,17538475,
All CA Counties,2021-04-24,153670,27650482,103570,14397139,50004,12211336,96,1042010,82110,6313696,71249,11311739,86960,17625435,
All CA and Non-CA Counties,2020-12-15,1138,1138,1138,1138,0,0,0,0,1138,1138,0,0,1138,1138,
All CA and Non-CA Counties,2020-12-16,8379,9517,8379,9517,0,0,0,0,8379,9517,0,0,8379,9517,
All CA and Non-CA Counties,2020-12-17,27303,36820,27303,36820,0,0,0,0,27303,36820,0,0,27303,36820,
All CA and Non-CA Counties,2020-12-18,46290,83110,46228,83048,62,62,0,0,46290,83110,0,0,46290,83110,
All CA and Non-CA Counties,2020-12-19,26306,109416,26282,109330,24,86,0,0,26305,109414,1,1,26305,109415,
All CA and Non-CA Counties,2020-12-20,19619,129035,19588,128918,31,117,0,0,19618,129031,1,2,19618,129033,
All CA and Non-CA Counties,2020-12-21,51754,180789,51667,180585,87,204,0,0,51752,180782,1,3,51752,180785,
All CA and Non-CA Counties,2020-12-22,51888,232677,49707,230292,2181,2385,0,0,51886,232667,1,4,51886,232671,
All CA and Non-CA Counties,2020-12-23,51727,284404,42904,273196,8823,11208,0,0,51723,284390,0,4,51723,284394,
All CA and Non-CA Counties,2020-12-24,24804,309208,16926,290122,7878,19086,0,0,24801,309190,1,5,24801,309195,
All CA and Non-CA Counties,2020-12-25,2363,311571,2040,292162,323,19409,0,0,2363,311553,0,5,2363,311558,
All CA and Non-CA Counties,2020-12-26,14906,326477,9632,301794,5274,24683,0,0,14905,326457,1,6,14905,326463,
All CA and Non-CA Counties,2020-12-27,9573,336050,5637,307431,3936,28619,0,0,9572,336028,1,7,9572,336035,
All CA and Non-CA Counties,2020-12-28,47033,383083,30147,337578,16886,45505,0,0,47030,383055,3,10,47030,383065,
All CA and Non-CA Counties,2020-12-29,52527,435610,29511,367089,23016,68521,0,0,52523,435575,3,13,52523,435588,
All CA and Non-CA Counties,2020-12-30,64819,500429,36899,403988,27920,96441,0,0,64811,500383,3,16,64811,500399,
All CA and Non-CA Counties,2020-12-31,30287,530716,11337,415325,18950,115391,0,0,30278,530656,5,21,30278,530677,
All CA and Non-CA Counties,2021-01-01,3966,534682,1722,417047,2244,117635,0,0,3962,534616,2,23,3962,534639,
All CA and Non-CA Counties,2021-01-02,18650,553332,10346,427393,8304,125939,0,0,18648,553263,1,24,18648,553287,
All CA and Non-CA Counties,2021-01-03,6286,559618,3557,430950,2729,128668,0,0,6257,559508,12,36,6257,559544,
All CA and Non-CA Counties,2021-01-04,44416,604034,22405,453355,22011,150679,0,0,44333,603798,43,79,44333,603877,
All CA and Non-CA Counties,2021-01-05,57636,661670,30358,483713,27278,177957,0,0,52014,650332,5565,5644,52099,655976,
All CA and Non-CA Counties,2021-01-06,75538,737208,41912,525625,33626,211583,0,0,59530,694062,15828,21472,59558,715534,
All CA and Non-CA Counties,2021-01-07,95840,833048,54760,580385,41080,252663,0,0,63733,725892,31947,53419,63777,779311,
All CA and Non-CA Counties,2021-01-08,110522,943570,66840,647225,43682,296345,0,0,67614,750797,42768,96187,67673,846984,
All CA and Non-CA Counties,2021-01-09,44887,988457,25565,672790,19322,315667,0,0,28476,762906,16391,112578,28500,875484,
All CA and Non-CA Counties,2021-01-10,24492,1012949,14984,687774,9508,325175,0,0,13164,764774,11312,123890,13180,888664,
All CA and Non-CA Counties,2021-01-11,107315,1120264,71254,759028,36061,361236,0,0,62316,782232,44959,168849,62417,951081,
All CA and Non-CA Counties,2021-01-12,116276,1236540,68684,827712,47592,408828,0,0,73822,813906,42370,211219,74044,1025125,
All CA and Non-CA Counties,2021-01-13,121970,1358510,63068,890780,58902,467730,0,0,87284,866662,34602,245821,87358,1112483,
All CA and Non-CA Counties,2021-01-14,126687,1485197,50534,941314,76153,543883,0,0,106569,953368,20003,265824,106709,1219192,
All CA and Non-CA Counties,2021-01-15,145683,1630880,52962,994276,92721,636604,0,0,130247,1068459,15331,281155,130422,1349614,
All CA and Non-CA Counties,2021-01-16,82997,1713877,27750,1022026,55247,691851,0,0,75309,1136156,7661,288816,75358,1424972,
All CA and Non-CA Counties,2021-01-17,48499,1762376,16910,1038936,31589,723440,0,0,44828,1177363,3664,292480,44871,1469843,
All CA and Non-CA Counties,2021-01-18,88784,1851160,46358,1085294,42426,765866,0,0,69210,1227229,19494,311974,69360,1539203,
All CA and Non-CA Counties,2021-01-19,144930,1996090,74620,1159914,70310,836176,0,0,113032,1308762,31805,343779,113338,1652541,
All CA and Non-CA Counties,2021-01-20,162311,2158401,81511,1241425,80800,916976,0,0,128270,1403407,33862,377641,128507,1781048,
All CA and Non-CA Counties,2021-01-21,176024,2334425,77176,1318601,98848,1015824,0,0,156676,1541259,19136,396777,156988,1938036,
All CA and Non-CA Counties,2021-01-22,172988,2507413,69720,1388321,103268,1119092,0,0,158438,1685435,14418,411195,158594,2096630,
All CA and Non-CA Counties,2021-01-23,113161,2620574,49697,1438018,63464,1182556,0,0,100491,1773426,12611,423806,100602,2197232,
All CA and Non-CA Counties,2021-01-24,61437,2682011,29703,1467721,31734,1214290,0,0,56743,1825555,4666,428472,56795,2254027,
All CA and Non-CA Counties,2021-01-25,148026,2830037,66719,1534440,81307,1295597,0,0,112589,1903126,35353,463825,112924,2366951,
All CA and Non-CA Counties,2021-01-26,173482,3003519,85224,1619664,88258,1383855,0,0,135642,2001306,37720,501545,135900,2502851,
All CA and Non-CA Counties,2021-01-27,183770,3187289,90357,1710021,93413,1477268,0,0,144369,2106832,39039,540584,144565,2647416,
All CA and Non-CA Counties,2021-01-28,191588,3378877,88659,1798680,102929,1580197,0,0,157326,2230370,33979,574563,157517,2804933,
All CA and Non-CA Counties,2021-01-29,187193,3566070,90847,1889527,96346,1676543,0,0,152149,2348218,34491,609054,152339,2957272,
All CA and Non-CA Counties,2021-01-30,126900,3692970,57358,1946885,69542,1746085,0,0,111761,2445133,14982,624036,111897,3069169,
All CA and Non-CA Counties,2021-01-31,72288,3765258,41615,1988500,30673,1776758,0,0,67208,2507355,5036,629072,67258,3136427,
All CA and Non-CA Counties,2021-02-01,163301,3928559,75262,2063762,88039,1864797,0,0,124645,2593608,38517,667589,124770,3261197,
All CA and Non-CA Counties,2021-02-02,191836,4120395,81560,2145322,110276,1975073,0,0,145569,2693476,45916,713505,145784,3406981,
All CA and Non-CA Counties,2021-02-03,216894,4337289,96852,2242174,120042,2095115,0,0,162540,2802361,53877,767382,162762,3569743,
All CA and Non-CA Counties,2021-02-04,233903,4571192,101860,2344034,132043,2227158,0,0,172694,2914725,60668,828050,173032,3742775,
All CA and Non-CA Counties,2021-02-05,251583,4822775,108289,2452323,143294,2370452,0,0,172498,3009419,78337,906387,173031,3915806,
All CA and Non-CA Counties,2021-02-06,158745,4981520,76783,2529106,81962,2452414,0,0,123770,3098872,34805,941192,124258,4040064,
All CA and Non-CA Counties,2021-02-07,68695,5050215,44786,2573892,23909,2476323,0,0,52271,3135246,16341,957533,52715,4092779,
All CA and Non-CA Counties,2021-02-08,184825,5235040,91453,2665345,93372,2569695,0,0,122875,3197341,61498,1019031,123593,4216372,
All CA and Non-CA Counties,2021-02-09,214097,5449137,103287,2768632,110810,2680505,0,0,129018,3242844,84649,1103680,130152,4346524,
All CA and Non-CA Counties,2021-02-10,252814,5701951,121208,2889840,131606,2812111,0,0,141159,3274630,110850,1214530,142636,4489160,
All CA and Non-CA Counties,2021-02-11,266547,5968498,131523,3021363,135024,2947135,0,0,147228,3305320,118307,1332837,148997,4638157,
All CA and Non-CA Counties,2021-02-12,275408,6243906,120290,3141653,155118,3102253,0,0,149720,3332406,124960,1457797,152046,4790203,
All CA and Non-CA Counties,2021-02-13,168475,6412381,77651,3219304,90824,3193077,0,0,93677,3353638,74390,1532187,95622,4885825,
All CA and Non-CA Counties,2021-02-14,96399,6508780,47795,3267099,48604,3241681,0,0,52621,3364307,43629,1575816,54298,4940123,
All CA and Non-CA Counties,2021-02-15,143733,6652513,63660,3330759,80073,3321754,0,0,79540,3383201,63838,1639654,82732,5022855,
All CA and Non-CA Counties,2021-02-16,253185,6905698,120297,3451056,132888,3454642,0,0,135020,3403839,117823,1757477,138461,5161316,
All CA and Non-CA Counties,2021-02-17,261982,7167680,130692,3581748,131290,3585932,0,0,129752,3405510,131745,1889222,133416,5294732,
All CA and Non-CA Counties,2021-02-18,275383,7443063,144120,3725868,131263,3717195,0,0,132679,3400816,142079,2031301,137385,5432117,
All CA and Non-CA Counties,2021-02-19,254972,7698035,148622,3874490,106350,3823545,0,0,131746,3411945,122791,2154092,133920,5566037,
All CA and Non-CA Counties,2021-02-20,153712,7851747,99315,3973805,54397,3877942,0,0,84384,3429518,69101,2223193,86674,5652711,
All CA and Non-CA Counties,2021-02-21,73604,7925351,59513,4033318,14091,3892033,0,0,36064,3430560,37337,2260530,38379,5691090,
All CA and Non-CA Counties,2021-02-22,165469,8090820,111355,4144673,54114,3946147,0,0,82831,3433574,82339,2342869,85353,5776443,
All CA and Non-CA Counties,2021-02-23,226644,8317464,119446,4264119,107198,4053345,0,0,104608,3423659,121520,2464389,111605,5888048,
All CA and Non-CA Counties,2021-02-24,286086,8603550,144559,4408678,141527,4194872,0,0,135714,3418224,149804,2614193,144369,6032417,
All CA and Non-CA Counties,2021-02-25,321526,8925076,157369,4566047,164157,4359029,0,0,167572,3441984,153296,2767489,177056,6209473,
All CA and Non-CA Counties,2021-02-26,355307,9280383,165937,4731984,189370,4548399,0,0,198154,3491197,156256,2923745,205469,6414942,
All CA and Non-CA Counties,2021-02-27,250496,9530879,119727,4851711,130749,4679148,20,20,140715,3527281,109230,3032975,145314,6560256,
All CA and Non-CA Counties,2021-02-28,131612,9662491,78898,4930609,52712,4731860,2,22,76524,3552883,54748,3087723,80350,6640606,
All CA and Non-CA Counties,2021-03-01,239973,9902464,127639,5058248,112297,4844157,37,59,137299,3593025,102090,3189813,142232,6782838,
All CA and Non-CA Counties,2021-03-02,279912,10182376,135230,5193478,144670,4988827,12,71,165006,3651434,114478,3304291,172887,6955725,
All CA and Non-CA Counties,2021-03-03,331725,10514101,162336,5355814,169353,5158180,36,107,188211,3704984,142913,3447204,196463,7152188,
All CA and Non-CA Counties,2021-03-04,347418,10861519,173135,5528949,174199,5332379,84,191,202346,3770608,144402,3591606,210026,7362214,
All CA and Non-CA Counties,2021-03-05,333986,11195505,162529,5691478,170344,5502723,1113,1304,206218,3858497,127059,3718665,214948,7577162,
All CA and Non-CA Counties,2021-03-06,256873,11452378,131606,5823084,117339,5620062,7928,9232,159071,3933335,97435,3816100,172273,7749435,
All CA and Non-CA Counties,2021-03-07,125259,11577637,76278,5899362,44910,5664972,4071,13303,77855,3972605,47250,3863350,86520,7835955,
All CA and Non-CA Counties,2021-03-08,216443,11794080,104135,6003497,101737,5766709,10571,23874,140963,4054008,75142,3938492,156545,7992500,
All CA and Non-CA Counties,2021-03-09,268402,12062482,116253,6119750,136093,5902802,16056,39930,144756,4097359,123236,4061728,166587,8159087,
All CA and Non-CA Counties,2021-03-10,315344,12377826,154637,6274387,136609,6039411,24098,64028,169851,4151940,144937,4206665,199518,8358605,
All CA and Non-CA Counties,2021-03-11,375392,12753218,180971,6455358,161163,6200574,33258,97286,193149,4202383,181418,4388083,231861,8590466,
All CA and Non-CA Counties,2021-03-12,391832,13145050,174700,6630058,170722,6371296,46410,143696,191686,4245101,199442,4587525,242160,8832626,
All CA and Non-CA Counties,2021-03-13,281058,13426108,123342,6753400,126600,6497896,31116,174812,152319,4304500,128341,4715866,187740,9020366,
All CA and Non-CA Counties,2021-03-14,153316,13579424,82066,6835466,56162,6554058,15088,189900,82636,4334174,70440,4786306,100114,9120480,
All CA and Non-CA Counties,2021-03-15,290331,13869755,138191,6973657,131448,6685506,20692,210592,158597,4385802,131098,4917404,182726,9303206,
All CA and Non-CA Counties,2021-03-16,372335,14242090,174593,7148250,180326,6865832,17419,228011,217725,4470870,153978,5071382,239046,9542252,
All CA and Non-CA Counties,2021-03-17,384826,14626916,191098,7339348,175205,7041037,18523,246534,238778,4585800,145373,5216755,260303,9802555,
All CA and Non-CA Counties,2021-03-18,398776,15025692,203572,7542920,177026,7218063,18178,264712,239027,4687376,158786,5375541,260362,10062917,
All CA and Non-CA Counties,2021-03-19,407489,15433181,213619,7756539,172047,7390110,21823,286535,239314,4783691,167357,5542898,263672,10326589,
All CA and Non-CA Counties,2021-03-20,292853,15726034,154027,7910566,123344,7513454,15482,302017,188831,4886500,103451,5646349,206260,10532849,
All CA and Non-CA Counties,2021-03-21,142839,15868873,98303,8008869,37069,7550523,7467,309484,90586,4935337,51986,5698335,100823,10633672,
All CA and Non-CA Counties,2021-03-22,270565,16139438,157773,8166642,101909,7652432,10883,320367,179292,5038391,90681,5789016,193735,10827407,
All CA and Non-CA Counties,2021-03-23,356314,16495752,195120,8361762,150303,7802735,10891,331258,230651,5157865,124890,5913906,244364,11071771,
All CA and Non-CA Counties,2021-03-24,387218,16882970,221626,8583388,153157,7955892,12435,343693,229771,5246914,156444,6070350,245493,11317264,
All CA and Non-CA Counties,2021-03-25,415176,17298146,227188,8810576,173358,8129250,14630,358323,241220,5332130,172837,6243187,258053,11575317,
All CA and Non-CA Counties,2021-03-26,430021,17728167,228881,9039457,185267,8314517,15873,374196,238785,5399629,190171,6433358,257670,11832987,
All CA and Non-CA Counties,2021-03-27,310256,18038423,164786,9204243,134154,8448671,11316,385512,160437,5424530,149125,6582483,174026,12007013,
All CA and Non-CA Counties,2021-03-28,168525,18206948,107302,9311545,57504,8506175,3719,389231,92728,5447444,75448,6657931,98362,12105375,
All CA and Non-CA Counties,2021-03-29,309071,18516019,166049,9477594,134333,8640508,8689,397920,177075,5504335,131376,6789307,188267,12293642,
All CA and Non-CA Counties,2021-03-30,396302,18912321,200070,9677664,178555,8819063,17677,415597,242406,5613021,153250,6942557,261936,12555578,
All CA and Non-CA Counties,2021-03-31,423194,19335515,230397,9908061,171116,8990179,21681,437278,244662,5702734,177735,7120292,267448,12823026,
All CA and Non-CA Counties,2021-04-01,484053,19819568,248254,10156315,196833,9187012,38966,476244,270020,5799894,213144,7333436,310304,13133330,
All CA and Non-CA Counties,2021-04-02,467066,20286634,228118,10384433,196633,9383645,42315,518559,255785,5889471,210237,7543673,299814,13433144,
All CA and Non-CA Counties,2021-04-03,326220,20612854,165925,10550358,119248,9502893,41047,559606,164444,5935192,161239,7704912,206960,13640104,
All CA and Non-CA Counties,2021-04-04,132559,20745413,69090,10619448,44520,9547413,18949,578555,59418,5940881,72935,7777847,78624,13718728,
All CA and Non-CA Counties,2021-04-05,347503,21092916,180214,10799662,128110,9675523,39179,617734,174420,5984708,172574,7950421,216401,13935129,
All CA and Non-CA Counties,2021-04-06,455619,21548535,231455,11031117,158322,9833845,65842,683576,222670,6043656,232173,8182594,291121,14226250,
All CA and Non-CA Counties,2021-04-07,470802,22019337,245337,11276454,155274,9989119,70191,753767,230852,6107902,239148,8421742,303394,14529644,
All CA and Non-CA Counties,2021-04-08,495728,22515065,251295,11527749,160280,10149399,84153,837920,235081,6169916,259690,8681432,321704,14851348,
All CA and Non-CA Counties,2021-04-09,486313,23001378,242347,11770096,164234,10313633,79732,917652,225599,6219057,259820,8941252,308961,15160309,
All CA and Non-CA Counties,2021-04-10,361731,23363109,166269,11936365,121279,10434912,74183,991835,152273,6239687,208861,9150113,229491,15389800,
All CA and Non-CA Counties,2021-04-11,185015,23548124,103935,12040300,47210,10482122,33870,1025705,76861,6246145,107868,9257981,114326,15504126,
All CA and Non-CA Counties,2021-04-12,336998,23885122,174175,12214475,125682,10607804,37141,1062846,157599,6265877,178587,9436568,198319,15702445,
All CA and Non-CA Counties,2021-04-13,428195,24313317,239767,12454242,187517,10795321,911,1063757,239358,6322061,187976,9624544,244160,15946605,
All CA and Non-CA Counties,2021-04-14,442452,24755769,249388,12703630,192814,10988135,250,1064007,233298,6353627,208155,9832699,239721,16186326,
All CA and Non-CA Counties,2021-04-15,479475,25235244,280548,12984178,198712,11186847,215,1064222,270260,6420909,207941,10040640,275223,16461549,
All CA and Non-CA Counties,2021-04-16,464205,25699449,262150,13246328,201759,11388606,296,1064518,250189,6461393,212979,10253619,253463,16715012,
All CA and Non-CA Counties,2021-04-17,330453,26029902,187400,13433728,143028,11531634,25,1064543,187943,6511417,141870,10395489,191894,16906906,
All CA and Non-CA Counties,2021-04-18,152093,26181995,95749,13529477,56330,11587964,14,1064557,79317,6521965,72444,10467933,82992,16989898,
All CA and Non-CA Counties,2021-04-19,313024,26495019,180443,13709920,132488,11720452,93,1064650,148838,6510563,163448,10631381,152046,17141944,
All CA and Non-CA Counties,2021-04-20,398545,26893564,210642,13920562,187860,11908312,43,1064693,198832,6516255,198859,10830240,204551,17346495,
All CA and Non-CA Counties,2021-04-21,407163,27300727,230966,14151528,175943,12084255,254,1064947,193947,6504457,212086,11042326,200288,17546783,
All CA and Non-CA Counties,2021-04-22,400873,27701600,228178,14379706,172635,12256890,60,1065007,178385,6468872,221443,11263769,185858,17732641,
All CA and Non-CA Counties,2021-04-23,341979,28043579,199128,14578834,142771,12399661,80,1065087,152949,6444771,188034,11451803,163933,17896574,
All CA and Non-CA Counties,2021-04-24,156987,28200566,106155,14684989,50733,12450394,99,1065186,83670,6460293,73002,11524805,88524,17985098,
Outside California,2020-12-15,7,7,7,7,0,0,0,0,7,7,0,0,7,7,Not in California
Outside California,2020-12-16,269,276,269,276,0,0,0,0,269,276,0,0,269,276,Not in California
Outside California,2020-12-17,1601,1877,1601,1877,0,0,0,0,1601,1877,0,0,1601,1877,Not in California
Outside California,2020-12-18,2569,4446,2562,4439,7,7,0,0,2569,4446,0,0,2569,4446,Not in California
Outside California,2020-12-19,1043,5489,1042,5481,1,8,0,0,1043,5489,0,0,1043,5489,Not in California
Outside California,2020-12-20,676,6165,674,6155,2,10,0,0,676,6165,0,0,676,6165,Not in California
Outside California,2020-12-21,2216,8381,2212,8367,4,14,0,0,2216,8381,0,0,2216,8381,Not in California
Outside California,2020-12-22,2071,10452,1998,10365,73,87,0,0,2071,10452,0,0,2071,10452,Not in California
Outside California,2020-12-23,1554,12006,1419,11784,135,222,0,0,1554,12006,0,0,1554,12006,Not in California
Outside California,2020-12-24,807,12813,615,12399,192,414,0,0,807,12813,0,0,807,12813,Not in California
Outside California,2020-12-25,33,12846,29,12428,4,418,0,0,33,12846,0,0,33,12846,Not in California
Outside California,2020-12-26,308,13154,204,12632,104,522,0,0,308,13154,0,0,308,13154,Not in California
Outside California,2020-12-27,186,13340,72,12704,114,636,0,0,186,13340,0,0,186,13340,Not in California
Outside California,2020-12-28,1423,14763,905,13609,518,1154,0,0,1423,14763,0,0,1423,14763,Not in California
Outside California,2020-12-29,1556,16319,1019,14628,537,1691,0,0,1556,16319,0,0,1556,16319,Not in California
Outside California,2020-12-30,1924,18243,1234,15862,690,2381,0,0,1924,18243,0,0,1924,18243,Not in California
Outside California,2020-12-31,1125,19368,598,16460,527,2908,0,0,1124,19366,1,1,1124,19367,Not in California
Outside California,2021-01-01,111,19479,23,16483,88,2996,0,0,111,19477,0,1,111,19478,Not in California
Outside California,2021-01-02,241,19720,133,16616,108,3104,0,0,240,19716,1,2,240,19718,Not in California
Outside California,2021-01-03,170,19890,90,16706,80,3184,0,0,170,19886,0,2,170,19888,Not in California
Outside California,2021-01-04,1147,21037,508,17214,639,3823,0,0,1143,21029,0,2,1143,21031,Not in California
Outside California,2021-01-05,1544,22581,814,18028,730,4553,0,0,1353,22193,189,191,1353,22384,Not in California
Outside California,2021-01-06,2718,25299,1604,19632,1114,5667,0,0,1980,23438,735,926,1980,24364,Not in California
Outside California,2021-01-07,4160,29459,2549,22181,1611,7278,0,0,2500,24282,1658,2584,2502,26866,Not in California
Outside California,2021-01-08,4532,33991,2932,25113,1600,8878,0,0,2648,25059,1874,4458,2651,29517,Not in California
Outside California,2021-01-09,1324,35315,531,25644,793,9671,0,0,996,25731,326,4784,998,30515,Not in California
Outside California,2021-01-10,301,35616,179,25823,122,9793,0,0,181,25792,120,4904,181,30696,Not in California
Outside California,2021-01-11,3328,38944,2031,27854,1297,11090,0,0,1975,26414,1353,6257,1975,32671,Not in California
Outside California,2021-01-12,3881,42825,2316,30170,1565,12655,0,0,2334,27205,1544,7801,2335,35006,Not in California
Outside California,2021-01-13,3694,46519,1799,31969,1895,14550,0,0,2518,28549,1176,8977,2520,37526,Not in California
Outside California,2021-01-14,3783,50302,1281,33250,2502,17052,0,0,3136,31052,634,9611,3137,40663,Not in California
Outside California,2021-01-15,4325,54627,995,34245,3330,20382,0,0,3854,34448,458,10069,3854,44517,Not in California
Outside California,2021-01-16,2701,57328,380,34625,2321,22703,0,0,2532,36813,167,10236,2532,47049,Not in California
Outside California,2021-01-17,496,57824,146,34771,350,23053,0,0,447,37211,49,10285,447,47496,Not in California
Outside California,2021-01-18,1204,59028,773,35544,431,23484,0,0,746,37501,457,10742,747,48243,Not in California
Outside California,2021-01-19,4061,63089,1314,36858,2747,26231,0,0,3169,39780,892,11634,3171,51414,Not in California
Outside California,2021-01-20,4417,67506,1403,38261,3014,29245,0,0,3484,42334,931,12565,3485,54899,Not in California
Outside California,2021-01-21,4157,71663,1112,39373,3045,32290,0,0,3592,45376,550,13115,3592,58491,Not in California
Outside California,2021-01-22,4642,76305,1079,40452,3563,35853,0,0,4248,49235,390,13505,4249,62740,Not in California
Outside California,2021-01-23,2259,78564,331,40783,1928,37781,0,0,2095,51166,164,13669,2095,64835,Not in California
Outside California,2021-01-24,605,79169,246,41029,359,38140,0,0,527,51615,78,13747,527,65362,Not in California
Outside California,2021-01-25,4471,83640,1960,42989,2511,40651,0,0,3604,54355,865,14612,3605,68967,Not in California
Outside California,2021-01-26,5967,89607,2900,45889,3067,43718,0,0,5118,58632,848,15460,5125,74092,Not in California
Outside California,2021-01-27,4822,94429,2676,48565,2146,45864,0,0,4211,62237,607,16067,4212,78304,Not in California
Outside California,2021-01-28,5151,99580,2764,51329,2387,48251,0,0,4622,66342,518,16585,4623,82927,Not in California
Outside California,2021-01-29,4819,104399,2984,54313,1835,50086,0,0,4039,69606,776,17361,4040,86967,Not in California
Outside California,2021-01-30,4349,108748,2302,56615,2047,52133,0,0,4122,73505,223,17584,4122,91089,Not in California
Outside California,2021-01-31,3177,111925,2758,59373,419,52552,0,0,3125,76579,52,17636,3126,94215,Not in California
Outside California,2021-02-01,5490,117415,2572,61945,2918,55470,0,0,4797,80689,687,18323,4797,99012,Not in California
Outside California,2021-02-02,6772,124187,2168,64113,4604,60074,0,0,6051,86026,714,19037,6051,105063,Not in California
Outside California,2021-02-03,7334,131521,2087,66200,5247,65321,0,0,6468,91637,858,19895,6469,111532,Not in California
Outside California,2021-02-04,6799,138320,2172,68372,4627,69948,0,0,5815,96478,974,20869,5815,117347,Not in California
Outside California,2021-02-05,6820,145140,2213,70585,4607,74555,0,0,5756,101174,1060,21929,5756,123103,Not in California
Outside California,2021-02-06,4451,149591,2171,72756,2280,76835,0,0,3996,104727,446,22375,3999,127102,Not in California
Outside California,2021-02-07,2172,151763,1789,74545,383,77218,0,0,2094,106745,78,22453,2096,129198,Not in California
Outside California,2021-02-08,5236,156999,3274,77819,1962,79180,0,0,4182,109883,1044,23497,4182,133380,Not in California
Outside California,2021-02-09,4277,161276,1898,79717,2379,81559,0,0,2973,111575,1295,24792,2987,136367,Not in California
Outside California,2021-02-10,5539,166815,1859,81576,3680,85239,0,0,3095,112275,2437,27229,3137,139504,Not in California
Outside California,2021-02-11,4713,171528,2138,83714,2575,87814,0,0,3421,114429,1284,28513,3438,142942,Not in California
Outside California,2021-02-12,5214,176742,1924,85638,3290,91104,0,0,3403,116031,1805,30318,3407,146349,Not in California
Outside California,2021-02-13,2394,179136,693,86331,1701,92805,0,0,1849,117348,544,30862,1861,148210,Not in California
Outside California,2021-02-14,1324,180460,401,86732,923,93728,0,0,1085,118199,236,31098,1087,149297,Not in California
Outside California,2021-02-15,2499,182959,1512,88244,987,94715,0,0,1196,118110,1289,32387,1200,150497,Not in California
Outside California,2021-02-16,6438,189397,2894,91138,3544,98259,0,0,2616,116918,3812,36199,2620,153117,Not in California
Outside California,2021-02-17,5908,195305,2939,94077,2969,101228,0,0,1835,114689,4068,40267,1839,154956,Not in California
Outside California,2021-02-18,6335,201640,3634,97711,2701,103929,0,0,2013,112398,4305,44572,2014,156970,Not in California
Outside California,2021-02-19,5685,207325,3934,101645,1751,105680,0,0,2413,111545,3267,47839,2414,159384,Not in California
Outside California,2021-02-20,3238,210563,2587,104232,651,106331,0,0,1194,110698,2042,49881,1195,160579,Not in California
Outside California,2021-02-21,1786,212349,1570,105802,216,106547,0,0,619,110154,1163,51044,619,161198,Not in California
Outside California,2021-02-22,3458,215807,2533,108335,925,107472,0,0,1622,109945,1836,52880,1627,162825,Not in California
Outside California,2021-02-23,5858,221665,3242,111577,2616,110088,0,0,2312,108730,3541,56421,2326,165151,Not in California
Outside California,2021-02-24,6343,228008,3489,115066,2854,112942,0,0,2495,107387,3843,60264,2500,167651,Not in California
Outside California,2021-02-25,6905,234913,3503,118569,3402,116344,0,0,3130,106777,3744,64008,3134,170785,Not in California
Outside California,2021-02-26,6806,241719,3612,122181,3194,119538,0,0,3178,106405,3551,67559,3179,173964,Not in California
Outside California,2021-02-27,5286,247005,2555,124736,2730,122268,1,1,1838,104810,3437,70996,1842,175806,Not in California
Outside California,2021-02-28,2417,249422,1764,126500,653,122921,0,1,793,103981,1623,72619,794,176600,Not in California
Outside California,2021-03-01,4711,254133,2930,129430,1781,124702,0,1,1298,101878,3406,76025,1303,177903,Not in California
Outside California,2021-03-02,6166,260299,1983,131413,4183,128885,0,1,1854,99428,4306,80331,1856,179759,Not in California
Outside California,2021-03-03,7744,268043,2950,134363,4792,133677,2,3,2585,96869,5150,85481,2591,182350,Not in California
Outside California,2021-03-04,6705,274748,2816,137179,3885,137562,4,7,2322,94829,4368,89849,2328,184678,Not in California
Outside California,2021-03-05,5046,279794,2446,139625,2586,140148,14,21,2575,94963,2462,92311,2596,187274,Not in California
Outside California,2021-03-06,4590,284384,2128,141753,2306,142454,156,177,2331,95201,2257,94568,2495,189769,Not in California
Outside California,2021-03-07,1544,285928,979,142732,512,142966,53,230,926,95564,617,95185,980,190749,Not in California
Outside California,2021-03-08,2943,288871,1684,144416,1012,143978,247,477,2060,97022,854,96039,2312,193061,Not in California
Outside California,2021-03-09,4267,293138,2011,146427,1938,145916,318,795,2425,97927,1838,97877,2743,195804,Not in California
Outside California,2021-03-10,4096,297234,1833,148260,1757,147673,506,1301,2440,99232,1648,99525,2953,198757,Not in California
Outside California,2021-03-11,5915,303149,2905,151165,2337,150010,673,1974,3127,100250,2783,102308,3801,202558,Not in California
Outside California,2021-03-12,6125,309274,3576,154741,1823,151833,726,2700,3289,101437,2829,105137,4016,206574,Not in California
Outside California,2021-03-13,3708,312982,2140,156881,1106,152939,462,3162,2584,103368,1118,106255,3049,209623,Not in California
Outside California,2021-03-14,1751,314733,890,157771,535,153474,326,3488,1043,104030,708,106963,1370,210993,Not in California
Outside California,2021-03-15,3921,318654,2033,159804,1458,154932,430,3918,2084,104717,1831,108794,2518,213511,Not in California
Outside California,2021-03-16,7225,325879,4127,163931,2728,157660,370,4288,3940,105743,3283,112077,4309,217820,Not in California
Outside California,2021-03-17,8023,333902,5065,168996,2594,160254,364,4652,4689,107466,3331,115408,5054,222874,Not in California
Outside California,2021-03-18,7942,341844,4790,173786,2623,162877,529,5181,4533,109128,3400,118808,5062,227936,Not in California
Outside California,2021-03-19,7302,349146,4335,178121,2421,165298,546,5727,4416,111209,2885,121693,4966,232902,Not in California
Outside California,2021-03-20,4674,353820,3053,181174,1531,166829,90,5817,3598,113828,1070,122763,3689,236591,Not in California
Outside California,2021-03-21,2000,355820,1347,182521,566,167395,87,5904,1606,115130,392,123155,1694,238285,Not in California
Outside California,2021-03-22,3212,359032,1928,184449,1196,168591,88,5992,2221,116454,985,124140,2309,240594,Not in California
Outside California,2021-03-23,6000,365032,3049,187498,2681,171272,270,6262,4230,119199,1757,125897,4502,245096,Not in California
Outside California,2021-03-24,7248,372280,3701,191199,3122,174394,425,6687,5109,122598,2133,128030,5532,250628,Not in California
Outside California,2021-03-25,8122,380402,3690,194889,3946,178340,486,7173,6095,127163,2016,130046,6581,257209,Not in California
Outside California,2021-03-26,6600,387002,3428,198317,3004,181344,168,7341,4526,129806,2050,132096,4693,261902,Not in California
Outside California,2021-03-27,5307,392309,3035,201352,2174,183518,98,7439,3422,131447,1876,133972,3517,265419,Not in California
Outside California,2021-03-28,3039,395348,1606,202958,1276,184794,157,7596,2048,132666,986,134958,2205,267624,Not in California
Outside California,2021-03-29,4961,400309,2162,205120,2458,187252,341,7937,3016,134082,1942,136900,3358,270982,Not in California
Outside California,2021-03-30,6710,407019,3441,208561,2729,189981,540,8477,4247,136425,2452,139352,4795,275777,Not in California
Outside California,2021-03-31,6174,413193,3647,212208,1770,191751,757,9234,3570,138150,2601,141953,4326,280103,Not in California
Outside California,2021-04-01,7166,420359,4159,216367,2386,194137,621,9855,4248,140105,2912,144865,4867,284970,Not in California
Outside California,2021-04-02,8196,428555,4223,220590,2853,196990,1120,10975,4456,141948,3734,148599,5577,290547,Not in California
Outside California,2021-04-03,6151,434706,3605,224195,1399,198389,1147,12122,3278,143505,2868,151467,4425,294972,Not in California
Outside California,2021-04-04,1804,436510,902,225097,664,199053,238,12360,1021,143981,783,152250,1259,296231,Not in California
Outside California,2021-04-05,3912,440422,1876,226973,1388,200441,648,13008,1902,144525,2007,154257,2551,298782,Not in California
Outside California,2021-04-06,6600,447022,3430,230403,1625,202066,1545,14553,2637,144755,3950,158207,4180,302962,Not in California
Outside California,2021-04-07,7731,454753,4326,234729,1748,203814,1657,16210,3162,145003,4562,162769,4810,307772,Not in California
Outside California,2021-04-08,7753,462506,4008,238737,1848,205662,1897,18107,3149,145446,4596,167365,5039,312811,Not in California
Outside California,2021-04-09,7370,469876,3743,242480,1698,207360,1929,20036,3002,146017,4363,171728,4934,317745,Not in California
Outside California,2021-04-10,6015,475891,3016,245496,1132,208492,1867,21903,1720,145312,4291,176019,3586,321331,Not in California
Outside California,2021-04-11,2834,478725,1524,247020,676,209168,634,22537,1038,145190,1795,177814,1673,323004,Not in California
Outside California,2021-04-12,3890,482615,2164,249184,1210,210378,516,23053,1816,145452,2070,179884,2332,325336,Not in California
Outside California,2021-04-13,5505,488120,3505,252689,1974,212352,26,23079,2787,145553,2713,182597,2814,328150,Not in California
Outside California,2021-04-14,5102,493222,3235,255924,1865,214217,2,23081,2782,146022,2315,184912,2784,330934,Not in California
Outside California,2021-04-15,5901,499123,3602,259526,2293,216510,6,23087,3218,146615,2632,187544,3225,334159,Not in California
Outside California,2021-04-16,5817,504940,3367,262893,2444,218954,6,23093,3380,147571,2431,189975,3387,337546,Not in California
Outside California,2021-04-17,5048,509988,3000,265893,2047,221001,1,23094,2921,148371,2121,192096,2921,340467,Not in California
Outside California,2021-04-18,2077,512065,1149,267042,927,221928,1,23095,997,148296,1074,193170,999,341466,Not in California
Outside California,2021-04-19,4032,516097,1893,268935,2138,224066,1,23096,2105,148486,1918,195088,2108,343574,Not in California
Outside California,2021-04-20,5474,521571,2583,271518,2891,226957,0,23096,2481,147981,2986,198074,2481,346055,Not in California
Outside California,2021-04-21,6671,528242,2944,274462,3725,230682,2,23098,2680,146684,3981,202055,2684,348739,Not in California
Outside California,2021-04-22,7436,535678,4085,278547,3348,234030,3,23101,3237,145737,4190,206245,3243,351982,Not in California
Outside California,2021-04-23,6113,541791,3183,281730,2929,236959,1,23102,2810,145262,3290,209535,2815,354797,Not in California
Outside California,2021-04-24,3311,545102,2585,284315,723,237682,3,23105,1554,145067,1753,211288,1558,356355,Not in California
Unknown,2020-12-17,2,2,2,2,0,0,0,0,0,0,0,0,0,0,Not in California
Unknown,2020-12-18,10,12,10,12,0,0,0,0,9,9,0,0,9,9,Not in California
Unknown,2020-12-19,81,93,81,93,0,0,0,0,81,90,0,0,81,90,Not in California
Unknown,2020-12-20,24,117,24,117,0,0,0,0,24,114,0,0,24,114,Not in California
Unknown,2020-12-21,5,122,5,122,0,0,0,0,0,114,0,0,0,114,Not in California
Unknown,2020-12-22,3,125,3,125,0,0,0,0,3,117,0,0,3,117,Not in California
Unknown,2020-12-26,1,126,1,126,0,0,0,0,1,118,0,0,1,118,Not in California
Unknown,2020-12-28,4,130,4,130,0,0,0,0,4,122,0,0,4,122,Not in California
Unknown,2020-12-29,3,133,3,133,0,0,0,0,3,125,0,0,3,125,Not in California
Unknown,2020-12-30,58,191,55,188,3,3,0,0,56,181,0,0,56,181,Not in California
Unknown,2020-12-31,3,194,0,188,3,6,0,0,1,182,0,0,1,182,Not in California
Unknown,2021-01-02,1,195,0,188,1,7,0,0,1,183,0,0,1,183,Not in California
Unknown,2021-01-04,3,198,3,191,0,7,0,0,2,185,0,0,2,185,Not in California
Unknown,2021-01-05,2,200,0,191,2,9,0,0,2,187,0,0,2,187,Not in California
Unknown,2021-01-06,31,231,29,220,2,11,0,0,6,169,24,24,6,193,Not in California
Unknown,2021-01-07,110,341,107,327,3,14,0,0,72,203,38,62,72,265,Not in California
Unknown,2021-01-08,26,367,21,348,5,19,0,0,5,187,21,83,5,270,Not in California
Unknown,2021-01-09,3,370,2,350,1,20,0,0,4,191,0,83,4,274,Not in California
Unknown,2021-01-11,22,392,22,372,0,20,0,0,18,206,3,86,18,292,Not in California
Unknown,2021-01-12,9,401,7,379,2,22,0,0,7,213,1,87,8,300,Not in California
Unknown,2021-01-13,11,412,11,390,0,22,0,0,12,225,0,87,12,312,Not in California
Unknown,2021-01-14,4,416,3,393,1,23,0,0,4,229,0,87,4,316,Not in California
Unknown,2021-01-15,4,420,3,396,1,24,0,0,4,233,0,87,4,320,Not in California
Unknown,2021-01-16,7,427,7,403,0,24,0,0,6,238,1,88,6,326,Not in California
Unknown,2021-01-17,3,430,3,406,0,24,0,0,3,241,0,88,3,329,Not in California
Unknown,2021-01-18,55,485,55,461,0,24,0,0,53,292,2,90,53,382,Not in California
Unknown,2021-01-19,23,508,22,483,1,25,0,0,21,312,1,91,21,403,Not in California
Unknown,2021-01-20,79,587,79,562,0,25,0,0,27,287,52,143,27,430,Not in California
Unknown,2021-01-21,60,647,58,620,2,27,0,0,62,349,0,143,62,492,Not in California
Unknown,2021-01-22,40,687,35,655,5,32,0,0,40,389,0,143,40,532,Not in California
Unknown,2021-01-23,13,700,7,662,6,38,0,0,13,402,0,143,13,545,Not in California
Unknown,2021-01-24,2,702,2,664,0,38,0,0,3,405,0,143,3,548,Not in California
Unknown,2021-01-25,21,723,18,682,3,41,0,0,18,420,3,146,18,566,Not in California
Unknown,2021-01-26,99,822,95,777,4,45,0,0,102,522,0,146,102,668,Not in California
Unknown,2021-01-27,17,839,17,794,0,45,0,0,16,537,1,147,16,684,Not in California
Unknown,2021-01-28,155,994,152,946,3,48,0,0,98,575,60,207,98,782,Not in California
Unknown,2021-01-29,148,1142,147,1093,1,49,0,0,152,726,1,208,152,934,Not in California
Unknown,2021-01-30,10,1152,8,1101,2,51,0,0,13,738,1,209,13,947,Not in California
Unknown,2021-01-31,16,1168,16,1117,0,51,0,0,16,753,1,210,16,963,Not in California
Unknown,2021-02-01,36,1204,34,1151,2,53,0,0,21,757,17,227,21,984,Not in California
Unknown,2021-02-02,69,1273,67,1218,2,55,0,0,63,815,5,232,63,1047,Not in California
Unknown,2021-02-03,49,1322,46,1264,3,58,0,0,37,841,11,243,37,1084,Not in California
Unknown,2021-02-04,61,1383,56,1320,5,63,0,0,56,892,5,248,56,1140,Not in California
Unknown,2021-02-05,20,1403,13,1333,7,70,0,0,16,901,7,255,16,1156,Not in California
Unknown,2021-02-06,19,1422,14,1347,5,75,0,0,15,909,7,262,15,1171,Not in California
Unknown,2021-02-07,8,1430,8,1355,0,75,0,0,6,913,2,264,6,1177,Not in California
Unknown,2021-02-08,53,1483,50,1405,3,78,0,0,13,886,40,304,13,1190,Not in California
Unknown,2021-02-09,20,1503,19,1424,1,79,0,0,5,876,15,319,5,1195,Not in California
Unknown,2021-02-10,35,1538,30,1454,5,84,0,0,9,859,26,345,9,1204,Not in California
Unknown,2021-02-11,93,1631,92,1546,1,85,0,0,43,851,51,396,43,1247,Not in California
Unknown,2021-02-12,47,1678,38,1584,9,94,0,0,18,836,33,429,18,1265,Not in California
Unknown,2021-02-13,15,1693,3,1587,12,106,0,0,17,852,1,430,17,1282,Not in California
Unknown,2021-02-14,7,1700,1,1588,6,112,0,0,5,856,1,431,5,1287,Not in California
Unknown,2021-02-15,43,1743,37,1625,6,118,0,0,29,873,12,443,29,1316,Not in California
Unknown,2021-02-16,105,1848,96,1721,9,127,0,0,31,830,74,517,31,1347,Not in California
Unknown,2021-02-17,10,1858,8,1729,2,129,0,0,4,829,5,522,4,1351,Not in California
Unknown,2021-02-18,105,1963,100,1829,5,134,0,0,19,762,86,608,19,1370,Not in California
Unknown,2021-02-19,197,2160,191,2020,6,140,0,0,58,682,138,746,58,1428,Not in California
Unknown,2021-02-20,12,2172,5,2025,7,147,0,0,5,682,5,751,5,1433,Not in California
Unknown,2021-02-21,18,2190,18,2043,0,147,0,0,4,672,14,765,4,1437,Not in California
Unknown,2021-02-22,9,2199,9,2052,0,147,0,0,6,675,3,768,6,1443,Not in California
Unknown,2021-02-23,62,2261,50,2102,12,159,0,0,15,643,47,815,15,1458,Not in California
Unknown,2021-02-24,43,2304,35,2137,8,167,0,0,14,628,29,844,14,1472,Not in California
Unknown,2021-02-25,76,2380,60,2197,16,183,0,0,27,606,49,893,27,1499,Not in California
Unknown,2021-02-26,39,2419,24,2221,15,198,0,0,24,616,14,907,24,1523,Not in California
Unknown,2021-02-27,27,2446,14,2235,13,211,0,0,19,627,8,915,19,1542,Not in California
Unknown,2021-02-28,17,2463,13,2248,4,215,0,0,10,632,5,920,10,1552,Not in California
Unknown,2021-03-01,42,2505,25,2273,17,232,0,0,23,636,19,939,23,1575,Not in California
Unknown,2021-03-02,19,2524,7,2280,12,244,0,0,11,641,6,945,11,1586,Not in California
Unknown,2021-03-03,13,2537,7,2287,6,250,0,0,9,647,3,948,9,1595,Not in California
Unknown,2021-03-04,53,2590,49,2336,4,254,0,0,21,637,31,979,21,1616,Not in California
Unknown,2021-03-05,31,2621,13,2349,18,272,0,0,34,665,6,985,34,1650,Not in California
Unknown,2021-03-06,31,2652,10,2359,19,291,2,2,22,680,9,994,24,1674,Not in California
Unknown,2021-03-07,9,2661,1,2360,8,299,0,2,5,682,3,997,5,1679,Not in California
Unknown,2021-03-08,33,2694,23,2383,8,307,2,4,8,666,26,1023,10,1689,Not in California
Unknown,2021-03-09,39,2733,32,2415,3,310,4,8,10,650,30,1053,14,1703,Not in California
Unknown,2021-03-10,9,2742,6,2421,1,311,2,10,5,652,5,1058,7,1710,Not in California
Unknown,2021-03-11,37,2779,13,2434,10,321,14,24,16,661,21,1079,30,1740,Not in California
Unknown,2021-03-12,82,2861,56,2490,21,342,5,29,17,620,63,1142,22,1762,Not in California
Unknown,2021-03-13,24,2885,4,2494,16,358,4,33,8,616,16,1158,12,1774,Not in California
Unknown,2021-03-14,17,2902,9,2503,6,364,2,35,7,614,11,1169,9,1783,Not in California
Unknown,2021-03-15,30,2932,11,2514,17,381,2,37,20,623,13,1182,22,1805,Not in California
Unknown,2021-03-16,61,2993,21,2535,37,418,3,40,42,650,18,1200,45,1850,Not in California
Unknown,2021-03-17,47,3040,15,2550,31,449,1,41,42,689,4,1204,43,1893,Not in California
Unknown,2021-03-18,41,3081,20,2570,21,470,0,41,29,706,12,1216,29,1922,Not in California
Unknown,2021-03-19,28,3109,19,2589,9,479,0,41,26,724,8,1224,26,1948,Not in California
Unknown,2021-03-20,29,3138,14,2603,15,494,0,41,19,731,12,1236,19,1967,Not in California
Unknown,2021-03-21,23,3161,17,2620,6,500,0,41,19,747,3,1239,19,1986,Not in California
Unknown,2021-03-22,34,3195,18,2638,15,515,1,42,17,753,12,1251,18,2004,Not in California
Unknown,2021-03-23,23,3218,9,2647,9,524,5,47,13,760,11,1262,18,2022,Not in California
Unknown,2021-03-24,26,3244,9,2656,17,541,0,47,29,784,5,1267,29,2051,Not in California
Unknown,2021-03-25,48,3292,33,2689,15,556,0,47,37,807,14,1281,37,2088,Not in California
Unknown,2021-03-26,39,3331,19,2708,15,571,5,52,27,823,16,1297,32,2120,Not in California
Unknown,2021-03-27,39,3370,13,2721,26,597,0,52,22,825,20,1317,22,2142,Not in California
Unknown,2021-03-28,17,3387,9,2730,8,605,0,52,12,833,4,1321,12,2154,Not in California
Unknown,2021-03-29,35,3422,14,2744,20,625,1,53,23,845,12,1333,24,2178,Not in California
Unknown,2021-03-30,35,3457,20,2764,15,640,0,53,23,855,13,1346,23,2201,Not in California
Unknown,2021-03-31,38,3495,24,2788,14,654,0,53,29,874,10,1356,29,2230,Not in California
Unknown,2021-04-01,29,3524,14,2802,15,669,0,53,24,893,5,1361,24,2254,Not in California
Unknown,2021-04-02,63,3587,16,2818,38,707,9,62,32,901,33,1394,41,2295,Not in California
Unknown,2021-04-03,18,3605,9,2827,9,716,0,62,8,899,10,1404,8,2303,Not in California
Unknown,2021-04-04,16,3621,5,2832,11,727,0,62,10,904,5,1409,10,2313,Not in California
Unknown,2021-04-05,34,3655,20,2852,13,740,1,63,19,909,15,1424,20,2333,Not in California
Unknown,2021-04-06,35,3690,18,2870,16,756,1,64,17,909,18,1442,18,2351,Not in California
Unknown,2021-04-07,44,3734,30,2900,13,769,1,65,33,933,10,1452,34,2385,Not in California
Unknown,2021-04-08,37,3771,25,2925,8,777,4,69,17,934,20,1472,21,2406,Not in California
Unknown,2021-04-09,42,3813,25,2950,17,794,0,69,27,946,15,1487,27,2433,Not in California
Unknown,2021-04-10,10,3823,9,2959,1,795,0,69,3,942,7,1494,3,2436,Not in California
Unknown,2021-04-11,14,3837,10,2969,4,799,0,69,5,938,9,1503,5,2441,Not in California
Unknown,2021-04-12,40,3877,23,2992,16,815,1,70,17,933,23,1526,18,2459,Not in California
Unknown,2021-04-13,69,3946,26,3018,43,858,0,70,28,920,41,1567,28,2487,Not in California
Unknown,2021-04-14,39,3985,12,3030,27,885,0,70,13,907,26,1593,13,2500,Not in California
Unknown,2021-04-15,51,4036,24,3054,26,911,1,71,23,904,27,1620,24,2524,Not in California
Unknown,2021-04-16,44,4080,27,3081,17,928,0,71,23,906,21,1641,23,2547,Not in California
Unknown,2021-04-17,23,4103,14,3095,9,937,0,71,8,901,14,1655,9,2556,Not in California
Unknown,2021-04-18,19,4122,7,3102,12,949,0,71,7,896,12,1667,7,2563,Not in California
Unknown,2021-04-19,35,4157,21,3123,14,963,0,71,16,894,18,1685,16,2579,Not in California
Unknown,2021-04-20,18,4175,13,3136,5,968,0,71,5,886,13,1698,5,2584,Not in California
Unknown,2021-04-21,93,4268,75,3211,18,986,0,71,73,939,20,1718,73,2657,Not in California
Unknown,2021-04-22,366,4634,170,3381,196,1182,0,71,333,1241,31,1749,333,2990,Not in California
Unknown,2021-04-23,342,4976,154,3535,188,1370,0,71,312,1524,29,1778,312,3302,Not in California
Unknown,2021-04-24,6,4982,0,3535,6,1376,0,71,6,1530,0,1778,6,3308,Not in California
Alameda,2020-12-15,36,36,36,36,0,0,0,0,36,36,0,0,36,36,California
Alameda,2020-12-16,202,238,202,238,0,0,0,0,202,238,0,0,202,238,California
Alameda,2020-12-17,396,634,396,634,0,0,0,0,396,634,0,0,396,634,California
Alameda,2020-12-18,1766,2400,1765,2399,1,1,0,0,1766,2400,0,0,1766,2400,California
Alameda,2020-12-19,1357,3757,1357,3756,0,1,0,0,1357,3757,0,0,1357,3757,California
Alameda,2020-12-20,1156,4913,1155,4911,1,2,0,0,1155,4911,1,1,1155,4912,California
Alameda,2020-12-21,1859,6772,1858,6769,1,3,0,0,1858,6769,0,1,1858,6770,California
Alameda,2020-12-22,2099,8871,2047,8816,52,55,0,0,2099,8868,0,1,2099,8869,California
Alameda,2020-12-23,1927,10798,1671,10487,256,311,0,0,1927,10795,0,1,1927,10796,California
Alameda,2020-12-24,1218,12016,758,11245,460,771,0,0,1218,12013,0,1,1218,12014,California
Alameda,2020-12-25,165,12181,128,11373,37,808,0,0,165,12178,0,1,165,12179,California
Alameda,2020-12-26,867,13048,323,11696,544,1352,0,0,867,13045,0,1,867,13046,California
Alameda,2020-12-27,500,13548,256,11952,244,1596,0,0,500,13545,0,1,500,13546,California
Alameda,2020-12-28,1883,15431,957,12909,926,2522,0,0,1883,15428,0,1,1883,15429,California
Alameda,2020-12-29,2427,17858,1022,13931,1405,3927,0,0,2426,17854,0,1,2426,17855,California
Alameda,2020-12-30,3122,20980,1359,15290,1763,5690,0,0,3124,20978,0,1,3124,20979,California
Alameda,2020-12-31,1789,22769,441,15731,1348,7038,0,0,1788,22765,1,2,1788,22767,California
Alameda,2021-01-01,171,22940,70,15801,101,7139,0,0,170,22934,1,3,170,22937,California
Alameda,2021-01-02,719,23659,521,16322,198,7337,0,0,718,23652,0,3,718,23655,California
Alameda,2021-01-03,341,24000,220,16542,121,7458,0,0,338,23987,3,6,338,23993,California
Alameda,2021-01-04,1647,25647,944,17486,703,8161,0,0,1635,25611,11,17,1635,25628,California
Alameda,2021-01-05,2199,27846,1265,18751,934,9095,0,0,1963,27341,233,250,1963,27591,California
Alameda,2021-01-06,3243,31089,1777,20528,1466,10561,0,0,2429,28961,811,1061,2431,30022,California
Alameda,2021-01-07,3773,34862,2112,22640,1661,12222,0,0,2686,30573,1078,2139,2690,32712,California
Alameda,2021-01-08,4724,39586,2695,25335,2029,14251,0,0,3103,32063,1617,3756,3107,35819,California
Alameda,2021-01-09,2031,41617,1388,26723,643,14894,0,0,1170,32372,861,4617,1170,36989,California
Alameda,2021-01-10,1061,42678,843,27566,218,15112,0,0,424,32158,638,5255,424,37413,California
Alameda,2021-01-11,4631,47309,3502,31068,1129,16241,0,0,2843,33219,1788,7043,2849,40262,California
Alameda,2021-01-12,4824,52133,3246,34314,1578,17819,0,0,3432,35263,1391,8434,3435,43697,California
Alameda,2021-01-13,5026,57159,2654,36968,2372,20191,0,0,3847,37936,1175,9609,3848,47545,California
Alameda,2021-01-14,5603,62762,2740,39708,2863,23054,0,0,4717,41779,877,10486,4720,52265,California
Alameda,2021-01-15,5827,68589,2309,42017,3518,26572,0,0,5060,46082,760,11246,5063,57328,California
Alameda,2021-01-16,3005,71594,1409,43426,1596,28168,0,0,2737,48552,268,11514,2738,60066,California
Alameda,2021-01-17,1868,73462,1084,44510,784,28952,0,0,1661,50008,206,11720,1662,61728,California
Alameda,2021-01-18,3192,76654,2049,46559,1143,30095,0,0,2598,52021,590,12310,2603,64331,California
Alameda,2021-01-19,5516,82170,3329,49888,2187,32282,0,0,4329,55167,1185,13495,4331,68662,California
Alameda,2021-01-20,6689,88859,4026,53914,2663,34945,0,0,5396,59286,1281,14776,5400,74062,California
Alameda,2021-01-21,7739,96598,3382,57296,4357,39302,0,0,6911,65378,822,15598,6914,80976,California
Alameda,2021-01-22,6837,103435,2032,59328,4805,44107,0,0,5699,69948,1131,16729,5701,86677,California
Alameda,2021-01-23,3280,106715,943,60271,2337,46444,0,0,2728,72126,552,17281,2730,89407,California
Alameda,2021-01-24,2049,108764,654,60925,1395,47839,0,0,1773,73627,272,17553,1773,91180,California
Alameda,2021-01-25,5213,113977,1985,62910,3228,51067,0,0,3628,75678,1577,19130,3628,94808,California
Alameda,2021-01-26,7241,121218,2286,65196,4955,56022,0,0,5382,79209,1852,20982,5383,100191,California
Alameda,2021-01-27,6667,127885,2076,67272,4591,60613,0,0,4824,82201,1832,22814,4824,105015,California
Alameda,2021-01-28,7869,135754,2541,69813,5328,65941,0,0,5632,85613,2221,25035,5633,110648,California
Alameda,2021-01-29,7906,143660,3178,72991,4728,70669,0,0,6082,89882,1814,26849,6083,116731,California
Alameda,2021-01-30,3411,147071,1666,74657,1745,72414,0,0,2710,91896,696,27545,2710,119441,California
Alameda,2021-01-31,1902,148973,962,75619,940,73354,0,0,1659,93314,241,27786,1659,121100,California
Alameda,2021-02-01,5953,154926,3351,78970,2602,75956,0,0,4317,96002,1630,29416,4318,125418,California
Alameda,2021-02-02,7445,162371,4242,83212,3203,79159,0,0,4658,97883,2777,32193,4658,130076,California
Alameda,2021-02-03,7077,169448,3728,86940,3349,82508,0,0,4406,99629,2665,34858,4411,134487,California
Alameda,2021-02-04,9503,178951,4129,91069,5374,87882,0,0,6450,103048,3036,37894,6455,140942,California
Alameda,2021-02-05,10321,189272,5387,96456,4934,92816,0,0,6455,105649,3860,41754,6461,147403,California
Alameda,2021-02-06,6996,196268,4436,100892,2560,95376,0,0,5877,110407,1119,42873,5877,153280,California
Alameda,2021-02-07,3581,199849,2892,103784,689,96065,0,0,2641,112112,937,43810,2642,155922,California
Alameda,2021-02-08,8081,207930,5779,109563,2302,98367,0,0,5539,115121,2532,46342,5541,161463,California
Alameda,2021-02-09,9701,217631,5852,115415,3849,102216,0,0,6052,117532,3643,49985,6054,167517,California
Alameda,2021-02-10,11450,229081,6771,122186,4679,106895,0,0,6633,119373,4800,54785,6641,174158,California
Alameda,2021-02-11,13912,242993,7972,130158,5940,112835,0,0,8372,122225,5523,60308,8375,182533,California
Alameda,2021-02-12,12518,255511,5692,135850,6826,119661,0,0,7750,125224,4754,65062,7753,190286,California
Alameda,2021-02-13,7804,263315,4063,139913,3741,123402,0,0,5845,129116,1955,67017,5847,196133,California
Alameda,2021-02-14,4026,267341,2535,142448,1491,124893,0,0,2868,130831,1155,68172,2870,199003,California
Alameda,2021-02-15,5705,273046,3220,145668,2485,127378,0,0,3697,132526,2005,70177,3700,202703,California
Alameda,2021-02-16,12527,285573,6951,152619,5576,132954,0,0,9321,138656,3196,73373,9326,212029,California
Alameda,2021-02-17,14098,299671,8351,160970,5747,138701,0,0,10483,145544,3597,76970,10485,222514,California
Alameda,2021-02-18,15843,315514,10056,171026,5787,144488,0,0,11508,152726,4332,81302,11514,234028,California
Alameda,2021-02-19,17630,333144,11428,182454,6202,150690,0,0,11687,158496,5921,87223,11691,245719,California
Alameda,2021-02-20,11854,344998,9607,192061,2247,152937,0,0,9142,164934,2709,89932,9147,254866,California
Alameda,2021-02-21,6187,351185,5257,197318,930,153867,0,0,3735,166226,2443,92375,3735,258601,California
Alameda,2021-02-22,10689,361874,7913,205231,2776,156643,0,0,6739,169039,3936,96311,6749,265350,California
Alameda,2021-02-23,12700,374574,7711,212942,4989,161632,0,0,7907,172170,4783,101094,7914,273264,California
Alameda,2021-02-24,14647,389221,8203,221145,6444,168076,0,0,9499,176586,5088,106182,9504,282768,California
Alameda,2021-02-25,15607,404828,9121,230266,6486,174562,0,0,9943,180903,5632,111814,9949,292717,California
Alameda,2021-02-26,18076,422904,10627,240893,7449,182011,0,0,11695,186261,6341,118155,11699,304416,California
Alameda,2021-02-27,14689,437593,10801,251694,3886,185897,2,2,9096,189790,5571,123726,9100,313516,California
Alameda,2021-02-28,9139,446732,7705,259399,1434,187331,0,2,6071,192814,3048,126774,6072,319588,California
Alameda,2021-03-01,13207,459939,9173,268572,4032,191363,2,4,8196,196049,4969,131743,8204,327792,California
Alameda,2021-03-02,13793,473732,9580,278152,4213,195576,0,4,8868,200018,4906,136649,8875,336667,California
Alameda,2021-03-03,15295,489027,9910,288062,5384,200960,1,5,10408,205567,4862,141511,10411,347078,California
Alameda,2021-03-04,17264,506291,11028,299090,6235,207195,1,6,10865,210068,6365,147876,10866,357944,California
Alameda,2021-03-05,15847,522138,10234,309324,5604,212799,9,15,10632,215540,5175,153051,10647,368591,California
Alameda,2021-03-06,14214,536352,9948,319272,4007,216806,259,274,9337,220304,4834,157885,9598,378189,California
Alameda,2021-03-07,9283,545635,8071,327343,1131,217937,81,355,6565,224259,2693,160578,6648,384837,California
Alameda,2021-03-08,11613,557248,7152,334495,4085,222022,376,731,8648,230367,2915,163493,9023,393860,California
Alameda,2021-03-09,11339,568587,6996,341491,3914,225936,429,1160,6272,232034,5036,168529,6703,400563,California
Alameda,2021-03-10,16648,585235,11311,352802,4782,230718,555,1715,7540,231041,9084,177613,8091,408654,California
Alameda,2021-03-11,19745,604980,11547,364349,6492,237210,1706,3421,6757,226544,12959,190572,8462,417116,California
Alameda,2021-03-12,21115,626095,12295,376644,7170,244380,1650,5071,7455,222005,13638,204210,9099,426215,California
Alameda,2021-03-13,15828,641923,10101,386745,4749,249129,978,6049,5114,217411,10681,214891,6087,432302,California
Alameda,2021-03-14,10687,652610,7806,394551,2096,251225,785,6834,4663,216845,6008,220899,5442,437744,California
Alameda,2021-03-15,14288,666898,9313,403864,4458,255683,517,7351,6357,215813,7903,228802,6871,444615,California
Alameda,2021-03-16,17134,684032,11085,414949,5516,261199,533,7884,7548,214359,9536,238338,8082,452697,California
Alameda,2021-03-17,17334,701366,9756,424705,6886,268085,692,8576,8154,214057,9147,247485,8845,461542,California
Alameda,2021-03-18,19028,720394,10310,435015,7841,275926,877,9453,8757,213451,10243,257728,9637,471179,California
Alameda,2021-03-19,19073,739467,10317,445332,6969,282895,1787,11240,7638,211483,11388,269116,9420,480599,California
Alameda,2021-03-20,15589,755056,10177,455509,4594,287489,818,12058,6525,209786,9037,278153,7340,487939,California
Alameda,2021-03-21,9043,764099,7091,462600,1421,288910,531,12589,3766,208816,5268,283421,4298,492237,California
Alameda,2021-03-22,14860,778959,9987,472587,3894,292804,979,13568,7175,209299,7668,291089,8151,500388,California
Alameda,2021-03-23,19044,798003,11479,484066,6772,299576,793,14361,10701,212494,8304,299393,11499,511887,California
Alameda,2021-03-24,18930,816933,11382,495448,6558,306134,990,15351,8584,211770,10291,309684,9567,521454,California
Alameda,2021-03-25,20311,837244,11201,506649,7732,313866,1378,16729,9554,211999,10694,320378,10923,532377,California
Alameda,2021-03-26,20617,857861,12348,518997,6741,320607,1528,18257,8834,210614,11739,332117,10354,542731,California
Alameda,2021-03-27,18125,875986,12303,531300,4867,325474,955,19212,7817,209106,10263,342380,8755,551486,California
Alameda,2021-03-28,10417,886403,8433,539733,1781,327255,203,19415,3831,206570,6576,348956,4040,555526,California
Alameda,2021-03-29,14551,900954,9266,548999,4291,331546,994,20409,6255,205556,8263,357219,7249,562775,California
Alameda,2021-03-30,18387,919341,9654,558653,7044,338590,1689,22098,10792,210468,7567,364786,12479,575254,California
Alameda,2021-03-31,19169,938510,10088,568741,7028,345618,2053,24151,9571,212491,9575,374361,11598,586852,California
Alameda,2021-04-01,22935,961445,9932,578673,7533,353151,5470,29621,10945,216935,11966,386327,16410,603262,California
Alameda,2021-04-02,23674,985119,9801,588474,8203,361354,5670,35291,11470,221886,12175,398502,17126,620388,California
Alameda,2021-04-03,20030,1005149,9703,598177,5641,366995,4686,39977,10240,227043,9770,408272,14927,635315,California
Alameda,2021-04-04,9897,1015046,3948,602125,2276,369271,3673,43650,3504,227831,6384,414656,7172,642487,California
Alameda,2021-04-05,17643,1032689,7387,609512,5498,374769,4758,48408,7160,229282,10466,425122,11917,654404,California
Alameda,2021-04-06,21981,1054670,10553,620065,5639,380408,5789,54197,9977,233070,11974,437096,15762,670166,California
Alameda,2021-04-07,22326,1076996,11432,631497,5471,385879,5423,59620,11312,238827,10973,448069,16730,686896,California
Alameda,2021-04-08,25224,1102220,11425,642922,5889,391768,7910,67530,10758,243094,14400,462469,18667,705563,California
Alameda,2021-04-09,23009,1125229,10403,653325,7432,399200,5174,72704,11833,248957,11153,473622,17016,722579,California
Alameda,2021-04-10,18743,1143972,7370,660695,5566,404766,5807,78511,8125,252282,10600,484222,13925,736504,California
Alameda,2021-04-11,10957,1154929,4764,665459,2261,407027,3932,82443,4478,254221,6464,490686,8403,744907,California
Alameda,2021-04-12,17617,1172546,11588,677047,4224,411251,1805,84248,9998,258430,7591,498277,11800,756707,California
Alameda,2021-04-13,22880,1195426,14614,691661,8213,419464,53,84301,16929,269514,5907,504184,16991,773698,California
Alameda,2021-04-14,22852,1218278,15168,706829,7683,427147,1,84302,15575,277849,7246,511430,15581,789279,California
Alameda,2021-04-15,23525,1241803,15156,721985,8367,435514,2,84304,15642,285664,7837,519267,15652,804931,California
Alameda,2021-04-16,24078,1265881,14298,736283,9776,445290,4,84308,15549,292748,8478,527745,15562,820493,California
Alameda,2021-04-17,20512,1286393,14138,750421,6374,451664,0,84308,14165,300609,6318,534063,14179,834672,California
Alameda,2021-04-18,9841,1296234,7506,757927,2335,453999,0,84308,6824,304447,2990,537053,6828,841500,California
Alameda,2021-04-19,15094,1311328,9371,767298,5723,459722,0,84308,8661,306709,6408,543461,8670,850170,California
Alameda,2021-04-20,17750,1329078,10745,778043,7003,466725,2,84310,9663,308345,8048,551509,9684,859854,California
Alameda,2021-04-21,18730,1347808,10998,789041,7726,474451,6,84316,10873,311438,7805,559314,10898,870752,California
Alameda,2021-04-22,20005,1367813,12752,801793,7250,481701,3,84319,10632,312757,9337,568651,10656,881408,California
Alameda,2021-04-23,17565,1385378,11501,813294,6063,487764,1,84320,9842,314920,7688,576339,9851,891259,California
Alameda,2021-04-24,10285,1395663,8190,821484,2092,489856,3,84323,5566,315799,4694,581033,5573,896832,California
Alpine,2020-12-18,2,2,2,2,0,0,0,0,2,2,0,0,2,2,California
Alpine,2020-12-19,2,4,2,4,0,0,0,0,2,4,0,0,2,4,California
Alpine,2020-12-21,2,6,2,6,0,0,0,0,2,6,0,0,2,6,California
Alpine,2020-12-30,14,20,0,6,14,14,0,0,14,20,0,0,14,20,California
Alpine,2020-12-31,1,21,0,6,1,15,0,0,1,21,0,0,1,21,California
Alpine,2021-01-01,1,22,0,6,1,16,0,0,1,22,0,0,1,22,California
Alpine,2021-01-02,1,23,1,7,0,16,0,0,1,23,0,0,1,23,California
Alpine,2021-01-04,10,33,0,7,10,26,0,0,10,33,0,0,10,33,California
Alpine,2021-01-05,9,42,1,8,8,34,0,0,9,42,0,0,9,42,California
Alpine,2021-01-06,31,73,0,8,31,65,0,0,31,73,0,0,31,73,California
Alpine,2021-01-07,8,81,0,8,8,73,0,0,8,81,0,0,8,81,California
Alpine,2021-01-08,4,85,2,10,2,75,0,0,2,81,2,2,2,83,California
Alpine,2021-01-09,2,87,2,12,0,75,0,0,0,79,2,4,0,83,California
Alpine,2021-01-11,32,119,1,13,31,106,0,0,31,109,1,5,31,114,California
Alpine,2021-01-13,35,154,0,13,35,141,0,0,35,144,0,5,35,149,California
Alpine,2021-01-14,1,155,0,13,1,142,0,0,1,145,0,5,1,150,California
Alpine,2021-01-15,1,156,0,13,1,143,0,0,1,146,0,5,1,151,California
Alpine,2021-01-20,21,177,0,13,21,164,0,0,21,167,0,5,21,172,California
Alpine,2021-01-21,1,178,0,13,1,165,0,0,1,168,0,5,1,173,California
Alpine,2021-01-22,32,210,0,13,32,197,0,0,32,200,0,5,32,205,California
Alpine,2021-01-23,1,211,1,14,0,197,0,0,0,199,1,6,0,205,California
Alpine,2021-01-25,16,227,0,14,16,213,0,0,16,215,0,6,16,221,California
Alpine,2021-01-27,1,228,1,15,0,213,0,0,0,214,1,7,0,221,California
Alpine,2021-01-28,1,229,0,15,1,214,0,0,0,213,1,8,0,221,California
Alpine,2021-01-29,1,230,0,15,1,215,0,0,1,214,0,8,1,222,California
Alpine,2021-02-01,25,255,0,15,25,240,0,0,7,203,18,26,7,229,California
Alpine,2021-02-03,34,289,0,15,34,274,0,0,10,189,24,50,10,239,California
Alpine,2021-02-04,8,297,0,15,8,282,0,0,3,187,5,55,3,242,California
Alpine,2021-02-05,31,328,0,15,31,313,0,0,12,180,19,74,12,254,California
Alpine,2021-02-06,1,329,1,16,0,313,0,0,1,181,0,74,1,255,California
Alpine,2021-02-07,1,330,1,17,0,313,0,0,1,182,0,74,1,256,California
Alpine,2021-02-08,32,362,0,17,32,345,0,0,4,158,28,102,4,260,California
Alpine,2021-02-10,34,396,0,17,34,379,0,0,0,124,34,136,0,260,California
Alpine,2021-02-11,6,402,0,17,6,385,0,0,3,124,3,139,3,263,California
Alpine,2021-02-12,1,403,0,17,1,386,0,0,0,123,1,140,0,263,California
Alpine,2021-02-17,23,426,0,17,23,409,0,0,3,106,20,160,3,266,California
Alpine,2021-02-18,2,428,0,17,2,411,0,0,1,106,1,161,1,267,California
Alpine,2021-02-19,34,462,1,18,33,444,0,0,2,76,32,193,2,269,California
Alpine,2021-02-22,27,489,0,18,27,471,0,0,8,65,19,212,8,277,California
Alpine,2021-02-24,1,490,1,19,0,471,0,0,1,66,0,212,1,278,California
Alpine,2021-02-25,6,496,1,20,5,476,0,0,6,72,0,212,6,284,California
Alpine,2021-02-26,29,525,1,21,28,504,0,0,28,99,1,213,28,312,California
Alpine,2021-02-27,1,526,0,21,1,505,0,0,1,100,0,213,1,313,California
Alpine,2021-03-01,35,561,0,21,35,540,0,0,25,115,10,223,25,338,California
Alpine,2021-03-02,1,562,1,22,0,540,0,0,0,114,1,224,0,338,California
Alpine,2021-03-03,30,592,1,23,29,569,0,0,18,120,12,236,18,356,California
Alpine,2021-03-04,11,603,1,24,10,579,0,0,11,131,0,236,11,367,California
Alpine,2021-03-05,30,633,0,24,30,609,0,0,22,145,8,244,22,389,California
Alpine,2021-03-08,31,664,0,24,31,640,0,0,29,172,2,246,29,418,California
Alpine,2021-03-10,72,736,0,24,72,712,0,0,72,244,0,246,72,490,California
Alpine,2021-03-11,36,772,0,24,36,748,0,0,32,272,4,250,32,522,California
Alpine,2021-03-12,19,791,0,24,19,767,0,0,17,287,2,252,17,539,California
Alpine,2021-03-15,21,812,1,25,20,787,0,0,20,306,1,253,20,559,California
Alpine,2021-03-17,23,835,0,25,22,809,1,1,19,322,4,257,20,579,California
Alpine,2021-03-18,38,873,3,28,35,844,0,1,35,354,3,260,35,614,California
Alpine,2021-03-19,2,875,1,29,1,845,0,1,1,354,1,261,1,615,California
Alpine,2021-03-22,24,899,0,29,24,869,0,1,15,360,9,270,15,630,California
Alpine,2021-03-24,19,918,0,29,19,888,0,1,9,359,10,280,9,639,California
Alpine,2021-03-25,35,953,1,30,33,921,1,2,28,381,7,287,29,668,California
Alpine,2021-03-27,1,954,0,30,1,922,0,2,0,380,1,288,0,668,California
Alpine,2021-03-28,1,955,1,31,0,922,0,2,1,381,0,288,1,669,California
Alpine,2021-03-29,20,975,0,31,19,941,1,3,3,368,17,305,4,673,California
Alpine,2021-04-01,16,991,0,31,16,957,0,3,7,366,9,314,7,680,California
Alpine,2021-04-02,100,1091,1,32,99,1056,0,3,46,359,53,367,46,726,California
Alpine,2021-04-05,4,1095,1,33,3,1059,0,3,0,355,4,371,0,726,California
Alpine,2021-04-06,3,1098,2,35,1,1060,0,3,2,356,1,372,2,728,California
Alpine,2021-04-07,115,1213,0,35,114,1174,1,4,29,301,85,457,30,758,California
Alpine,2021-04-08,38,1251,0,35,36,1210,2,6,10,285,28,485,12,770,California
Alpine,2021-04-09,1,1252,0,35,1,1211,0,6,1,286,0,485,1,771,California
Alpine,2021-04-14,47,1299,0,35,47,1258,0,6,10,259,37,522,10,781,California
Alpine,2021-04-15,35,1334,0,35,35,1293,0,6,3,230,32,554,3,784,California
Alpine,2021-04-16,1,1335,0,35,1,1294,0,6,1,231,0,554,1,785,California
Alpine,2021-04-19,1,1336,0,35,1,1295,0,6,1,232,0,554,1,786,California
Alpine,2021-04-21,31,1367,0,35,31,1326,0,6,15,231,16,570,15,801,California
Alpine,2021-04-22,24,1391,0,35,24,1350,0,6,1,209,23,593,1,802,California
Alpine,2021-04-24,1,1392,1,36,0,1350,0,6,0,208,1,594,0,802,California
Amador,2020-12-16,2,2,2,2,0,0,0,0,2,2,0,0,2,2,California
Amador,2020-12-17,5,7,5,7,0,0,0,0,5,7,0,0,5,7,California
Amador,2020-12-18,45,52,45,52,0,0,0,0,45,52,0,0,45,52,California
Amador,2020-12-19,17,69,17,69,0,0,0,0,17,69,0,0,17,69,California
Amador,2020-12-20,4,73,4,73,0,0,0,0,4,73,0,0,4,73,California
Amador,2020-12-21,32,105,32,105,0,0,0,0,32,105,0,0,32,105,California
Amador,2020-12-22,35,140,34,139,1,1,0,0,35,140,0,0,35,140,California
Amador,2020-12-23,39,179,38,177,1,2,0,0,39,179,0,0,39,179,California
Amador,2020-12-24,5,184,3,180,2,4,0,0,5,184,0,0,5,184,California
Amador,2020-12-26,5,189,4,184,1,5,0,0,5,189,0,0,5,189,California
Amador,2020-12-27,1,190,0,184,1,6,0,0,1,190,0,0,1,190,California
Amador,2020-12-28,31,221,27,211,4,10,0,0,31,221,0,0,31,221,California
Amador,2020-12-29,26,247,19,230,7,17,0,0,26,247,0,0,26,247,California
Amador,2020-12-30,124,371,78,308,46,63,0,0,124,371,0,0,124,371,California
Amador,2020-12-31,192,563,167,475,25,88,0,0,192,563,0,0,192,563,California
Amador,2021-01-01,1,564,0,475,1,89,0,0,1,564,0,0,1,564,California
Amador,2021-01-02,55,619,55,530,0,89,0,0,55,619,0,0,55,619,California
Amador,2021-01-03,65,684,17,547,48,137,0,0,65,684,0,0,65,684,California
Amador,2021-01-04,123,807,1,548,122,259,0,0,123,807,0,0,123,807,California
Amador,2021-01-05,33,840,3,551,30,289,0,0,31,837,2,2,32,839,California
Amador,2021-01-06,40,880,10,561,30,319,0,0,36,869,4,6,36,875,California
Amador,2021-01-07,227,1107,68,629,159,478,0,0,215,1072,12,18,215,1090,California
Amador,2021-01-08,84,1191,70,699,14,492,0,0,40,1069,44,62,41,1131,California
Amador,2021-01-09,11,1202,11,710,0,492,0,0,2,1062,9,71,2,1133,California
Amador,2021-01-10,7,1209,5,715,2,494,0,0,3,1061,4,75,3,1136,California
Amador,2021-01-11,125,1334,45,760,80,574,0,0,89,1114,36,111,89,1225,California
Amador,2021-01-12,64,1398,49,809,15,589,0,0,40,1130,24,135,40,1265,California
Amador,2021-01-13,38,1436,23,832,15,604,0,0,26,1144,12,147,26,1291,California
Amador,2021-01-14,147,1583,20,852,127,731,0,0,137,1271,10,157,137,1428,California
Amador,2021-01-15,55,1638,24,876,31,762,0,0,48,1312,7,164,48,1476,California
Amador,2021-01-16,19,1657,12,888,7,769,0,0,13,1320,6,170,14,1490,California
Amador,2021-01-17,25,1682,5,893,20,789,0,0,25,1345,0,170,25,1515,California
Amador,2021-01-18,31,1713,27,920,4,793,0,0,9,1332,22,192,9,1524,California
Amador,2021-01-19,119,1832,96,1016,23,816,0,0,75,1363,44,236,75,1599,California
Amador,2021-01-20,183,2015,34,1050,149,965,0,0,167,1515,15,251,167,1766,California
Amador,2021-01-21,252,2267,221,1271,31,996,0,0,144,1552,108,359,145,1911,California
Amador,2021-01-22,133,2400,72,1343,61,1057,0,0,126,1671,7,366,126,2037,California
Amador,2021-01-23,52,2452,32,1375,20,1077,0,0,50,1719,2,368,50,2087,California
Amador,2021-01-24,28,2480,12,1387,16,1093,0,0,25,1741,3,371,25,2112,California
Amador,2021-01-25,59,2539,28,1415,31,1124,0,0,42,1766,17,388,42,2154,California
Amador,2021-01-26,244,2783,16,1431,228,1352,0,0,234,1990,10,398,234,2388,California
Amador,2021-01-27,296,3079,30,1461,266,1618,0,0,249,2195,45,443,250,2638,California
Amador,2021-01-28,345,3424,76,1537,269,1887,0,0,284,2419,61,504,285,2923,California
Amador,2021-01-29,95,3519,30,1567,65,1952,0,0,80,2484,15,519,80,3003,California
Amador,2021-01-30,167,3686,33,1600,134,2086,0,0,162,2641,5,524,162,3165,California
Amador,2021-01-31,32,3718,28,1628,4,2090,0,0,31,2671,1,525,31,3196,California
Amador,2021-02-01,63,3781,23,1651,40,2130,0,0,36,2680,27,552,36,3232,California
Amador,2021-02-02,213,3994,65,1716,148,2278,0,0,127,2724,83,635,127,3359,California
Amador,2021-02-03,141,4135,38,1754,103,2381,0,0,90,2764,50,685,90,3449,California
Amador,2021-02-04,248,4383,72,1826,176,2557,0,0,163,2844,85,770,165,3614,California
Amador,2021-02-05,331,4714,63,1889,268,2825,0,0,315,3143,16,786,315,3929,California
Amador,2021-02-06,99,4813,80,1969,19,2844,0,0,95,3234,4,790,95,4024,California
Amador,2021-02-07,38,4851,35,2004,3,2847,0,0,35,3266,3,793,35,4059,California
Amador,2021-02-08,90,4941,62,2066,28,2875,0,0,73,3322,17,810,73,4132,California
Amador,2021-02-09,173,5114,83,2149,90,2965,0,0,108,3365,65,875,108,4240,California
Amador,2021-02-10,976,6090,77,2226,899,3864,0,0,943,4275,33,908,943,5183,California
Amador,2021-02-11,306,6396,118,2344,188,4052,0,0,200,4370,105,1013,200,5383,California
Amador,2021-02-12,324,6720,118,2462,206,4258,0,0,253,4552,71,1084,253,5636,California
Amador,2021-02-13,165,6885,81,2543,84,4342,0,0,139,4665,26,1110,139,5775,California
Amador,2021-02-14,123,7008,54,2597,69,4411,0,0,106,4754,17,1127,106,5881,California
Amador,2021-02-15,186,7194,60,2657,126,4537,0,0,169,4907,16,1143,169,6050,California
Amador,2021-02-16,462,7656,53,2710,409,4946,0,0,425,5296,37,1180,426,6476,California
Amador,2021-02-17,258,7914,80,2790,178,5124,0,0,163,5364,95,1275,163,6639,California
Amador,2021-02-18,397,8311,98,2888,299,5423,0,0,335,5638,62,1337,336,6975,California
Amador,2021-02-19,192,8503,76,2964,116,5539,0,0,111,5668,81,1418,111,7086,California
Amador,2021-02-20,91,8594,29,2993,62,5601,0,0,64,5705,27,1445,64,7150,California
Amador,2021-02-21,45,8639,34,3027,11,5612,0,0,15,5690,30,1475,15,7165,California
Amador,2021-02-22,63,8702,24,3051,39,5651,0,0,32,5692,30,1505,32,7197,California
Amador,2021-02-23,318,9020,55,3106,263,5914,0,0,138,5651,180,1685,139,7336,California
Amador,2021-02-24,392,9412,56,3162,336,6250,0,0,262,5787,126,1811,262,7598,California
Amador,2021-02-25,517,9929,113,3275,404,6654,0,0,278,5827,238,2049,278,7876,California
Amador,2021-02-26,608,10537,75,3350,533,7187,0,0,503,6226,105,2154,504,8380,California
Amador,2021-02-27,288,10825,91,3441,197,7384,0,0,100,6141,187,2341,102,8482,California
Amador,2021-02-28,101,10926,52,3493,49,7433,0,0,55,6153,46,2387,58,8540,California
Amador,2021-03-01,188,11114,66,3559,122,7555,0,0,119,6204,69,2456,120,8660,California
Amador,2021-03-02,379,11493,62,3621,317,7872,0,0,329,6484,50,2506,330,8990,California
Amador,2021-03-03,240,11733,78,3699,162,8034,0,0,165,6576,74,2580,166,9156,California
Amador,2021-03-04,494,12227,116,3815,378,8412,0,0,392,6866,102,2682,392,9548,California
Amador,2021-03-05,512,12739,77,3892,435,8847,0,0,294,6945,217,2899,296,9844,California
Amador,2021-03-06,99,12838,45,3937,53,8900,1,1,54,6955,45,2944,55,9899,California
Amador,2021-03-07,63,12901,42,3979,21,8921,0,1,20,6932,43,2987,20,9919,California
Amador,2021-03-08,152,13053,71,4050,80,9001,1,2,91,6963,61,3048,92,10011,California
Amador,2021-03-09,367,13420,47,4097,320,9321,0,2,291,7181,73,3121,291,10302,California
Amador,2021-03-10,506,13926,73,4170,431,9752,2,4,109,6896,397,3518,112,10414,California
Amador,2021-03-11,468,14394,113,4283,344,10096,11,15,297,7037,170,3688,311,10725,California
Amador,2021-03-12,567,14961,65,4348,494,10590,8,23,337,7158,229,3917,350,11075,California
Amador,2021-03-13,114,15075,18,4366,89,10679,7,30,75,7205,39,3956,86,11161,California
Amador,2021-03-14,89,15164,19,4385,67,10746,3,33,21,7161,68,4024,24,11185,California
Amador,2021-03-15,177,15341,25,4410,145,10891,7,40,53,7099,124,4148,62,11247,California
Amador,2021-03-16,448,15789,55,4465,383,11274,10,50,137,6937,309,4457,147,11394,California
Amador,2021-03-17,191,15980,41,4506,147,11421,3,53,115,6980,76,4533,119,11513,California
Amador,2021-03-18,472,16452,97,4603,371,11792,4,57,247,7010,225,4758,255,11768,California
Amador,2021-03-19,540,16992,56,4659,467,12259,17,74,391,7274,147,4905,411,12179,California
Amador,2021-03-20,110,17102,46,4705,63,12322,1,75,47,7262,62,4967,50,12229,California
Amador,2021-03-21,48,17150,36,4741,11,12333,1,76,31,7280,16,4983,34,12263,California
Amador,2021-03-22,114,17264,33,4774,52,12385,29,105,50,7295,64,5047,79,12342,California
Amador,2021-03-23,432,17696,48,4822,376,12761,8,113,276,7424,155,5202,284,12626,California
Amador,2021-03-24,341,18037,35,4857,55,12816,251,364,36,7407,304,5506,287,12913,California
Amador,2021-03-25,598,18635,81,4938,511,13327,6,370,388,7592,209,5715,394,13307,California
Amador,2021-03-26,738,19373,43,4981,689,14016,6,376,282,7430,453,6168,291,13598,California
Amador,2021-03-27,91,19464,14,4995,75,14091,2,378,27,7397,64,6232,31,13629,California
Amador,2021-03-28,68,19532,15,5010,51,14142,2,380,14,7361,53,6285,17,13646,California
Amador,2021-03-29,179,19711,26,5036,152,14294,1,381,81,7352,96,6381,87,13733,California
Amador,2021-03-30,532,20243,28,5064,503,14797,1,382,298,7418,233,6614,299,14032,California
Amador,2021-03-31,202,20445,57,5121,140,14937,5,387,47,7315,155,6769,52,14084,California
Amador,2021-04-01,613,21058,85,5206,528,15465,0,387,266,7238,345,7114,268,14352,California
Amador,2021-04-02,603,21661,34,5240,557,16022,12,399,383,7416,218,7332,396,14748,California
Amador,2021-04-03,83,21744,20,5260,43,16065,20,419,20,7394,63,7395,41,14789,California
Amador,2021-04-04,39,21783,4,5264,29,16094,6,425,16,7393,23,7418,22,14811,California
Amador,2021-04-05,140,21923,48,5312,74,16168,18,443,45,7363,94,7512,64,14875,California
Amador,2021-04-06,501,22424,37,5349,445,16613,19,462,223,7329,276,7788,242,15117,California
Amador,2021-04-07,100,22524,34,5383,47,16660,19,481,44,7338,54,7842,63,15180,California
Amador,2021-04-08,497,23021,84,5467,391,17051,22,503,223,7310,273,8115,245,15425,California
Amador,2021-04-09,482,23503,21,5488,442,17493,19,522,214,7274,267,8382,231,15656,California
Amador,2021-04-10,51,23554,14,5502,26,17519,11,533,22,7278,29,8411,33,15689,California
Amador,2021-04-11,48,23602,23,5525,21,17540,4,537,22,7278,26,8437,26,15715,California
Amador,2021-04-12,98,23700,27,5552,62,17602,9,546,43,7275,55,8492,52,15767,California
Amador,2021-04-13,343,24043,49,5601,294,17896,0,546,68,7069,274,8766,68,15835,California
Amador,2021-04-14,276,24319,25,5626,251,18147,0,546,177,7148,98,8864,177,16012,California
Amador,2021-04-15,329,24648,74,5700,255,18402,0,546,73,6971,250,9114,73,16085,California
Amador,2021-04-16,483,25131,29,5729,454,18856,0,546,384,7258,97,9211,384,16469,California
Amador,2021-04-17,63,25194,37,5766,26,18882,0,546,27,7249,36,9247,27,16496,California
Amador,2021-04-18,25,25219,5,5771,20,18902,0,546,11,7246,14,9261,11,16507,California
Amador,2021-04-19,69,25288,27,5798,42,18944,0,546,31,7242,37,9298,33,16540,California
Amador,2021-04-20,434,25722,53,5851,381,19325,0,546,111,7038,317,9615,113,16653,California
Amador,2021-04-21,86,25808,33,5884,53,19378,0,546,43,7039,42,9657,43,16696,California
Amador,2021-04-22,149,25957,69,5953,79,19457,1,547,65,7025,80,9737,66,16762,California
Amador,2021-04-23,324,26281,18,5971,306,19763,0,547,257,7218,66,9803,259,17021,California
Amador,2021-04-24,11,26292,3,5974,8,19771,0,547,5,7217,6,9809,5,17026,California
Butte,2020-12-16,3,3,3,3,0,0,0,0,3,3,0,0,3,3,California
Butte,2020-12-17,21,24,21,24,0,0,0,0,21,24,0,0,21,24,California
Butte,2020-12-18,50,74,50,74,0,0,0,0,50,74,0,0,50,74,California
Butte,2020-12-19,7,81,7,81,0,0,0,0,7,81,0,0,7,81,California
Butte,2020-12-20,10,91,10,91,0,0,0,0,10,91,0,0,10,91,California
Butte,2020-12-21,634,725,634,725,0,0,0,0,634,725,0,0,634,725,California
Butte,2020-12-22,618,1343,616,1341,2,2,0,0,618,1343,0,0,618,1343,California
Butte,2020-12-23,869,2212,853,2194,16,18,0,0,869,2212,0,0,869,2212,California
Butte,2020-12-24,159,2371,156,2350,3,21,0,0,159,2371,0,0,159,2371,California
Butte,2020-12-26,93,2464,91,2441,2,23,0,0,93,2464,0,0,93,2464,California
Butte,2020-12-27,35,2499,34,2475,1,24,0,0,35,2499,0,0,35,2499,California
Butte,2020-12-28,279,2778,273,2748,6,30,0,0,279,2778,0,0,279,2778,California
Butte,2020-12-29,204,2982,180,2928,24,54,0,0,204,2982,0,0,204,2982,California
Butte,2020-12-30,502,3484,291,3219,211,265,0,0,502,3484,0,0,502,3484,California
Butte,2020-12-31,211,3695,18,3237,193,458,0,0,211,3695,0,0,211,3695,California
Butte,2021-01-01,8,3703,1,3238,7,465,0,0,8,3703,0,0,8,3703,California
Butte,2021-01-02,41,3744,38,3276,3,468,0,0,41,3744,0,0,41,3744,California
Butte,2021-01-03,4,3748,1,3277,3,471,0,0,4,3748,0,0,4,3748,California
Butte,2021-01-04,209,3957,175,3452,34,505,0,0,209,3957,0,0,209,3957,California
Butte,2021-01-05,196,4153,151,3603,45,550,0,0,195,4151,1,1,195,4152,California
Butte,2021-01-06,623,4776,397,4000,226,776,0,0,618,4765,5,6,619,4771,California
Butte,2021-01-07,763,5539,371,4371,392,1168,0,0,743,5488,20,26,743,5514,California
Butte,2021-01-08,572,6111,529,4900,43,1211,0,0,526,5968,46,72,526,6040,California
Butte,2021-01-09,12,6123,7,4907,5,1216,0,0,7,5970,5,77,7,6047,California
Butte,2021-01-10,19,6142,5,4912,14,1230,0,0,14,5979,5,82,14,6061,California
Butte,2021-01-11,986,7128,950,5862,36,1266,0,0,357,5710,629,711,360,6421,California
Butte,2021-01-12,697,7825,652,6514,45,1311,0,0,274,5561,423,1134,274,6695,California
Butte,2021-01-13,1448,9273,954,7468,494,1805,0,0,614,5343,834,1968,616,7311,California
Butte,2021-01-14,1637,10910,896,8364,741,2546,0,0,1440,6587,196,2164,1440,8751,California
Butte,2021-01-15,1170,12080,926,9290,244,2790,0,0,1061,7538,110,2274,1061,9812,California
Butte,2021-01-16,586,12666,300,9590,286,3076,0,0,541,8034,45,2319,541,10353,California
Butte,2021-01-17,239,12905,64,9654,175,3251,0,0,202,8199,37,2356,202,10555,California
Butte,2021-01-18,342,13247,302,9956,40,3291,0,0,274,8406,67,2423,274,10829,California
Butte,2021-01-19,493,13740,429,10385,64,3355,0,0,220,8353,273,2696,220,11049,California
Butte,2021-01-20,1346,15086,665,11050,681,4036,0,0,1043,9093,303,2999,1043,12092,California
Butte,2021-01-21,1474,16560,866,11916,608,4644,0,0,1366,10352,107,3106,1366,13458,California
Butte,2021-01-22,995,17555,336,12252,659,5303,0,0,942,11241,53,3159,942,14400,California
Butte,2021-01-23,125,17680,83,12335,42,5345,0,0,99,11314,26,3185,99,14499,California
Butte,2021-01-24,9,17689,7,12342,2,5347,0,0,9,11323,0,3185,9,14508,California
Butte,2021-01-25,654,18343,336,12678,318,5665,0,0,491,11651,163,3348,491,14999,California
Butte,2021-01-26,1467,19810,377,13055,1090,6755,0,0,1330,12844,137,3485,1330,16329,California
Butte,2021-01-27,2083,21893,708,13763,1375,8130,0,0,1364,13490,718,4203,1364,17693,California
Butte,2021-01-28,2262,24155,261,14024,2001,10131,0,0,1951,15131,310,4513,1951,19644,California
Butte,2021-01-29,1677,25832,488,14512,1189,11320,0,0,1298,16051,378,4891,1298,20942,California
Butte,2021-01-30,32,25864,9,14521,23,11343,0,0,29,16077,3,4894,29,20971,California
Butte,2021-01-31,17,25881,15,14536,2,11345,0,0,16,16092,1,4895,16,20987,California
Butte,2021-02-01,1748,27629,406,14942,1342,12687,0,0,1359,17064,387,5282,1359,22346,California
Butte,2021-02-02,1931,29560,362,15304,1569,14256,0,0,1628,18388,304,5586,1628,23974,California
Butte,2021-02-03,2733,32293,772,16076,1961,16217,0,0,1843,19343,888,6474,1843,25817,California
Butte,2021-02-04,2960,35253,327,16403,2633,18850,0,0,2405,21195,553,7027,2405,28222,California
Butte,2021-02-05,1168,36421,662,17065,506,19356,0,0,537,21102,631,7658,538,28760,California
Butte,2021-02-06,143,36564,102,17167,41,19397,0,0,61,21081,82,7740,61,28821,California
Butte,2021-02-07,37,36601,33,17200,4,19401,0,0,13,21070,24,7764,13,28834,California
Butte,2021-02-08,689,37290,540,17740,149,19550,0,0,238,20857,451,8215,238,29072,California
Butte,2021-02-09,951,38241,457,18197,494,20044,0,0,724,21354,227,8442,724,29796,California
Butte,2021-02-10,1708,39949,1191,19388,517,20561,0,0,699,21046,1007,9449,699,30495,California
Butte,2021-02-11,2198,42147,1348,20736,850,21411,0,0,1004,20856,1194,10643,1004,31499,California
Butte,2021-02-12,867,43014,302,21038,565,21976,0,0,317,20624,549,11192,317,31816,California
Butte,2021-02-13,254,43268,45,21083,209,22185,0,0,151,20672,103,11295,151,31967,California
Butte,2021-02-14,160,43428,9,21092,151,22336,0,0,155,20822,5,11300,155,32122,California
Butte,2021-02-15,261,43689,48,21140,213,22549,0,0,198,20957,63,11363,198,32320,California
Butte,2021-02-16,729,44418,428,21568,301,22850,0,0,273,20773,457,11820,273,32593,California
Butte,2021-02-17,1513,45931,847,22415,666,23516,0,0,841,20944,670,12490,841,33434,California
Butte,2021-02-18,1549,47480,758,23173,791,24307,0,0,744,20883,805,13295,744,34178,California
Butte,2021-02-19,1166,48646,387,23560,779,25086,0,0,401,20526,758,14053,401,34579,California
Butte,2021-02-20,473,49119,28,23588,445,25531,0,0,120,20294,352,14405,120,34699,California
Butte,2021-02-21,16,49135,14,23602,2,25533,0,0,11,20300,5,14410,11,34710,California
Butte,2021-02-22,1492,50627,295,23897,1197,26730,0,0,381,19571,1110,15520,381,35091,California
Butte,2021-02-23,1633,52260,298,24195,1335,28065,0,0,463,18869,1165,16685,463,35554,California
Butte,2021-02-24,2132,54392,596,24791,1536,29601,0,0,729,18203,1395,18080,729,36283,California
Butte,2021-02-25,2073,56465,574,25365,1499,31100,0,0,652,17440,1416,19496,653,36936,California
Butte,2021-02-26,921,57386,311,25676,610,31710,0,0,398,17318,520,20016,398,37334,California
Butte,2021-02-27,233,57619,47,25723,186,31896,0,0,186,17459,45,20061,186,37520,California
Butte,2021-02-28,139,57758,16,25739,123,32019,0,0,131,17582,8,20069,131,37651,California
Butte,2021-03-01,1623,59381,178,25917,1444,33463,1,1,327,16615,1295,21364,328,37979,California
Butte,2021-03-02,1737,61118,192,26109,1545,35008,0,1,305,15492,1428,22792,305,38284,California
Butte,2021-03-03,2779,63897,844,26953,1935,36943,0,1,481,13676,2297,25089,481,38765,California
Butte,2021-03-04,3122,67019,659,27612,2463,39406,0,1,610,11775,2511,27600,610,39375,California
Butte,2021-03-05,1328,68347,604,28216,723,40129,1,2,722,11895,603,28203,723,40098,California
Butte,2021-03-06,244,68591,27,28243,194,40323,23,25,183,12041,60,28263,206,40304,California
Butte,2021-03-07,55,68646,3,28246,35,40358,17,42,30,12063,25,28288,47,40351,California
Butte,2021-03-08,1262,69908,128,28374,1057,41415,77,119,1098,13076,162,28450,1175,41526,California
Butte,2021-03-09,1896,71804,276,28650,1517,42932,103,222,1411,14106,484,28934,1514,43040,California
Butte,2021-03-10,2321,74125,966,29616,1255,44187,100,322,1582,15053,734,29668,1681,44721,California
Butte,2021-03-11,2800,76925,1313,30929,1362,45549,125,447,1977,16342,813,30481,2102,46823,California
Butte,2021-03-12,1136,78061,324,31253,466,46015,346,793,354,16266,776,31257,700,47523,California
Butte,2021-03-13,252,78313,68,31321,136,46151,48,841,64,16190,188,31445,112,47635,California
Butte,2021-03-14,160,78473,15,31336,103,46254,42,883,21,16115,138,31583,63,47698,California
Butte,2021-03-15,1719,80192,360,31696,1066,47320,293,1176,1126,16946,588,32171,1419,49117,California
Butte,2021-03-16,1623,81815,414,32110,1131,48451,78,1254,1083,17569,537,32708,1160,50277,California
Butte,2021-03-17,1950,83765,1357,33467,512,48963,81,1335,1131,17969,811,33519,1211,51488,California
Butte,2021-03-18,1797,85562,1455,34922,213,49176,129,1464,1058,18421,734,34253,1186,52674,California
Butte,2021-03-19,697,86259,313,35235,300,49476,84,1548,345,18505,345,34598,429,53103,California
Butte,2021-03-20,205,86464,32,35267,157,49633,16,1564,93,18502,112,34710,109,53212,California
Butte,2021-03-21,57,86521,26,35293,2,49635,29,1593,15,18504,42,34752,44,53256,California
Butte,2021-03-22,1461,87982,353,35646,1014,50649,94,1687,1197,19533,262,35014,1291,54547,California
Butte,2021-03-23,1795,89777,487,36133,1194,51843,114,1801,1451,20755,343,35357,1565,56112,California
Butte,2021-03-24,2246,92023,1263,37396,857,52700,126,1927,1700,22038,542,35899,1825,57937,California
Butte,2021-03-25,1481,93504,1199,38595,192,52892,90,2017,1019,22688,459,36358,1109,59046,California
Butte,2021-03-26,1201,94705,434,39029,521,53413,246,2263,561,22863,632,36990,807,59853,California
Butte,2021-03-27,300,95005,83,39112,193,53606,24,2287,132,22853,165,37155,155,60008,California
Butte,2021-03-28,224,95229,42,39154,174,53780,8,2295,100,22839,121,37276,107,60115,California
Butte,2021-03-29,1720,96949,381,39535,1269,55049,70,2365,1309,23810,408,37684,1379,61494,California
Butte,2021-03-30,1032,97981,466,40001,476,55525,90,2455,492,23858,534,38218,582,62076,California
Butte,2021-03-31,1776,99757,1304,41305,405,55930,67,2522,1086,24327,684,38902,1153,63229,California
Butte,2021-04-01,3282,103039,2665,43970,490,56420,127,2649,2214,25606,1063,39965,2342,65571,California
Butte,2021-04-02,992,104031,414,44384,459,56879,119,2768,560,25860,424,40389,678,66249,California
Butte,2021-04-03,345,104376,47,44431,223,57102,75,2843,166,25922,179,40568,241,66490,California
Butte,2021-04-04,185,104561,22,44453,140,57242,23,2866,107,25976,76,40644,130,66620,California
Butte,2021-04-05,1958,106519,419,44872,1369,58611,170,3036,601,25396,1350,41994,770,67390,California
Butte,2021-04-06,2183,108702,617,45489,1146,59757,420,3456,785,25207,1392,43386,1203,68593,California
Butte,2021-04-07,2996,111698,1310,46799,1295,61052,391,3847,687,23981,2304,45690,1078,69671,California
Butte,2021-04-08,2714,114412,1185,47984,1263,62315,266,4113,436,22408,2275,47965,702,70373,California
Butte,2021-04-09,1365,115777,346,48330,540,62855,479,4592,327,22178,1035,49000,805,71178,California
Butte,2021-04-10,217,115994,46,48376,74,62929,97,4689,95,22248,121,49121,191,71369,California
Butte,2021-04-11,101,116095,44,48420,47,62976,10,4699,81,22321,18,49139,91,71460,California
Butte,2021-04-12,1406,117501,316,48736,956,63932,134,4833,252,21553,1154,50293,386,71846,California
Butte,2021-04-13,1636,119137,571,49307,1059,64991,6,4839,351,20633,1278,51571,358,72204,California
Butte,2021-04-14,2827,121964,2337,51644,490,65481,0,4839,1315,20442,1507,53078,1316,73520,California
Butte,2021-04-15,610,122574,373,52017,237,65718,0,4839,462,20758,146,53224,462,73982,California
Butte,2021-04-16,799,123373,406,52423,393,66111,0,4839,474,20910,322,53546,474,74456,California
Butte,2021-04-17,334,123707,60,52483,274,66385,0,4839,234,21045,99,53645,234,74690,California
Butte,2021-04-18,38,123745,8,52491,30,66415,0,4839,34,21075,4,53649,34,74724,California
Butte,2021-04-19,1556,125301,381,52872,1175,67590,0,4839,447,20416,1106,54755,447,75171,California
Butte,2021-04-20,1971,127272,726,53598,1245,68835,0,4839,790,20030,1176,55931,790,75961,California
Butte,2021-04-21,2051,129323,1168,54766,883,69718,0,4839,485,18955,1560,57491,485,76446,California
Butte,2021-04-22,2135,131458,1864,56630,271,69989,0,4839,572,17967,1560,59051,572,77018,California
Butte,2021-04-23,915,132373,436,57066,479,70468,0,4839,473,18000,440,59491,473,77491,California
Butte,2021-04-24,70,132443,8,57074,62,70530,0,4839,35,18000,35,59526,35,77526,California
Calaveras,2020-12-16,5,5,5,5,0,0,0,0,5,5,0,0,5,5,California
Calaveras,2020-12-17,3,8,3,8,0,0,0,0,3,8,0,0,3,8,California
Calaveras,2020-12-18,38,46,38,46,0,0,0,0,38,46,0,0,38,46,California
Calaveras,2020-12-19,3,49,3,49,0,0,0,0,3,49,0,0,3,49,California
Calaveras,2020-12-20,3,52,3,52,0,0,0,0,3,52,0,0,3,52,California
Calaveras,2020-12-21,55,107,48,100,7,7,0,0,55,107,0,0,55,107,California
Calaveras,2020-12-22,80,187,76,176,4,11,0,0,81,188,0,0,81,188,California
Calaveras,2020-12-23,76,263,74,250,2,13,0,0,76,264,0,0,76,264,California
Calaveras,2020-12-24,2,265,2,252,0,13,0,0,2,266,0,0,2,266,California
Calaveras,2020-12-26,3,268,3,255,0,13,0,0,3,269,0,0,3,269,California
Calaveras,2020-12-28,22,290,18,273,4,17,0,0,21,289,1,1,21,290,California
Calaveras,2020-12-29,168,458,148,421,20,37,0,0,168,457,0,1,168,458,California
Calaveras,2020-12-30,94,552,82,503,12,49,0,0,94,551,0,1,94,552,California
Calaveras,2020-12-31,35,587,25,528,10,59,0,0,35,586,0,1,35,587,California
Calaveras,2021-01-02,11,598,11,539,0,59,0,0,11,597,0,1,11,598,California
Calaveras,2021-01-03,9,607,4,543,5,64,0,0,9,606,0,1,9,607,California
Calaveras,2021-01-04,33,640,5,548,28,92,0,0,33,639,0,1,33,640,California
Calaveras,2021-01-05,41,681,10,558,31,123,0,0,33,669,8,9,38,678,California
Calaveras,2021-01-06,107,788,29,587,78,201,0,0,97,756,10,19,97,775,California
Calaveras,2021-01-07,104,892,25,612,79,280,0,0,92,838,11,30,93,868,California
Calaveras,2021-01-08,68,960,38,650,30,310,0,0,45,861,23,53,46,914,California
Calaveras,2021-01-09,5,965,5,655,0,310,0,0,2,860,3,56,2,916,California
Calaveras,2021-01-10,2,967,0,655,2,312,0,0,2,862,0,56,2,918,California
Calaveras,2021-01-11,64,1031,58,713,6,318,0,0,27,854,36,92,28,946,California
Calaveras,2021-01-12,85,1116,52,765,33,351,0,0,52,874,33,125,53,999,California
Calaveras,2021-01-13,107,1223,43,808,64,415,0,0,74,916,33,158,75,1074,California
Calaveras,2021-01-14,135,1358,40,848,95,510,0,0,102,987,32,190,103,1177,California
Calaveras,2021-01-15,90,1448,28,876,62,572,0,0,71,1039,19,209,71,1248,California
Calaveras,2021-01-16,13,1461,2,878,11,583,0,0,12,1050,1,210,12,1260,California
Calaveras,2021-01-17,10,1471,1,879,9,592,0,0,10,1060,0,210,10,1270,California
Calaveras,2021-01-18,131,1602,19,898,112,704,0,0,118,1168,13,223,121,1391,California
Calaveras,2021-01-19,204,1806,174,1072,30,734,0,0,62,1090,141,364,63,1454,California
Calaveras,2021-01-20,375,2181,81,1153,294,1028,0,0,291,1306,83,447,299,1753,California
Calaveras,2021-01-21,461,2642,40,1193,421,1449,0,0,434,1719,27,474,440,2193,California
Calaveras,2021-01-22,400,3042,23,1216,377,1826,0,0,390,2106,10,484,397,2590,California
Calaveras,2021-01-23,22,3064,10,1226,12,1838,0,0,18,2120,4,488,18,2608,California
Calaveras,2021-01-24,13,3077,8,1234,5,1843,0,0,11,2129,2,490,11,2619,California
Calaveras,2021-01-25,84,3161,8,1242,76,1919,0,0,79,2203,5,495,79,2698,California
Calaveras,2021-01-26,47,3208,16,1258,31,1950,0,0,38,2232,9,504,38,2736,California
Calaveras,2021-01-27,133,3341,43,1301,90,2040,0,0,106,2312,26,530,106,2842,California
Calaveras,2021-01-28,163,3504,22,1323,141,2181,0,0,140,2432,23,553,143,2985,California
Calaveras,2021-01-29,386,3890,13,1336,373,2554,0,0,362,2778,24,577,370,3355,California
Calaveras,2021-01-30,27,3917,10,1346,17,2571,0,0,25,2803,0,577,25,3380,California
Calaveras,2021-01-31,5,3922,3,1349,2,2573,0,0,4,2806,1,578,4,3384,California
Calaveras,2021-02-01,24,3946,11,1360,13,2586,0,0,18,2818,6,584,18,3402,California
Calaveras,2021-02-02,108,4054,22,1382,86,2672,0,0,70,2855,34,618,71,3473,California
Calaveras,2021-02-03,430,4484,43,1425,387,3059,0,0,347,3121,82,700,348,3821,California
Calaveras,2021-02-04,377,4861,24,1449,353,3412,0,0,295,3334,82,782,295,4116,California
Calaveras,2021-02-05,79,4940,23,1472,56,3468,0,0,41,3338,38,820,42,4158,California
Calaveras,2021-02-06,22,4962,13,1485,9,3477,0,0,22,3360,0,820,22,4180,California
Calaveras,2021-02-07,4,4966,1,1486,3,3480,0,0,2,3360,2,822,2,4182,California
Calaveras,2021-02-08,38,5004,17,1503,21,3501,0,0,30,3384,6,828,30,4212,California
Calaveras,2021-02-09,189,5193,74,1577,115,3616,0,0,128,3457,55,883,128,4340,California
Calaveras,2021-02-10,508,5701,27,1604,481,4097,0,0,443,3836,65,948,444,4784,California
Calaveras,2021-02-11,579,6280,78,1682,501,4598,0,0,473,4207,103,1051,474,5258,California
Calaveras,2021-02-12,569,6849,325,2007,244,4842,0,0,494,4629,73,1124,495,5753,California
Calaveras,2021-02-13,193,7042,37,2044,156,4998,0,0,178,4792,15,1139,178,5931,California
Calaveras,2021-02-14,221,7263,71,2115,150,5148,0,0,206,4983,15,1154,206,6137,California
Calaveras,2021-02-15,381,7644,22,2137,359,5507,0,0,261,5127,117,1271,261,6398,California
Calaveras,2021-02-16,268,7912,143,2280,125,5632,0,0,232,5323,36,1307,232,6630,California
Calaveras,2021-02-17,509,8421,37,2317,472,6104,0,0,211,5244,291,1598,212,6842,California
Calaveras,2021-02-18,497,8918,90,2407,407,6511,0,0,98,4953,389,1987,98,6940,California
Calaveras,2021-02-19,436,9354,43,2450,393,6904,0,0,97,4721,329,2316,97,7037,California
Calaveras,2021-02-20,59,9413,15,2465,44,6948,0,0,48,4758,11,2327,48,7085,California
Calaveras,2021-02-21,22,9435,13,2478,9,6957,0,0,19,4774,3,2330,19,7104,California
Calaveras,2021-02-22,61,9496,38,2516,23,6980,0,0,33,4779,28,2358,33,7137,California
Calaveras,2021-02-23,121,9617,39,2555,82,7062,0,0,87,4833,34,2392,88,7225,California
Calaveras,2021-02-24,97,9714,48,2603,49,7111,0,0,66,4869,30,2422,66,7291,California
Calaveras,2021-02-25,549,10263,98,2701,451,7562,0,0,360,5043,186,2608,360,7651,California
Calaveras,2021-02-26,706,10969,47,2748,659,8221,0,0,370,5094,321,2929,372,8023,California
Calaveras,2021-02-27,202,11171,21,2769,181,8402,0,0,179,5250,23,2952,179,8202,California
Calaveras,2021-02-28,96,11267,15,2784,81,8483,0,0,92,5338,4,2956,92,8294,California
Calaveras,2021-03-01,226,11493,40,2824,186,8669,0,0,146,5406,79,3035,147,8441,California
Calaveras,2021-03-02,241,11734,91,2915,150,8819,0,0,201,5569,39,3074,202,8643,California
Calaveras,2021-03-03,509,12243,102,3017,407,9226,0,0,214,5491,292,3366,214,8857,California
Calaveras,2021-03-04,736,12979,61,3078,674,9900,1,1,349,5460,382,3748,351,9208,California
Calaveras,2021-03-05,456,13435,271,3349,181,10081,4,5,141,5293,312,4060,145,9353,California
Calaveras,2021-03-06,155,13590,43,3392,106,10187,6,11,121,5386,34,4094,127,9480,California
Calaveras,2021-03-07,76,13666,32,3424,36,10223,8,19,34,5386,42,4136,42,9522,California
Calaveras,2021-03-08,160,13826,25,3449,127,10350,8,27,126,5487,33,4169,134,9656,California
Calaveras,2021-03-09,360,14186,137,3586,217,10567,6,33,33,5202,324,4493,39,9695,California
Calaveras,2021-03-10,414,14600,25,3611,386,10953,3,36,57,4907,355,4848,60,9755,California
Calaveras,2021-03-11,840,15440,414,4025,413,11366,13,49,425,4932,413,5261,438,10193,California
Calaveras,2021-03-12,399,15839,210,4235,178,11544,11,60,326,5201,73,5334,342,10535,California
Calaveras,2021-03-13,177,16016,16,4251,153,11697,8,68,144,5323,32,5366,154,10689,California
Calaveras,2021-03-14,155,16171,10,4261,144,11841,1,69,17,5210,138,5504,25,10714,California
Calaveras,2021-03-15,330,16501,47,4308,257,12098,26,95,52,5015,277,5781,82,10796,California
Calaveras,2021-03-16,682,17183,547,4855,115,12213,20,115,542,5438,139,5920,562,11358,California
Calaveras,2021-03-17,278,17461,52,4907,213,12426,13,128,51,5278,225,6145,65,11423,California
Calaveras,2021-03-18,665,18126,569,5476,81,12507,15,143,550,5730,115,6260,567,11990,California
Calaveras,2021-03-19,229,18355,49,5525,107,12614,73,216,55,5687,170,6430,127,12117,California
Calaveras,2021-03-20,80,18435,20,5545,59,12673,1,217,24,5657,56,6486,26,12143,California
Calaveras,2021-03-21,48,18483,31,5576,6,12679,11,228,13,5646,35,6521,24,12167,California
Calaveras,2021-03-22,79,18562,36,5612,22,12701,21,249,25,5638,54,6575,46,12213,California
Calaveras,2021-03-23,292,18854,204,5816,78,12779,10,259,114,5590,172,6747,124,12337,California
Calaveras,2021-03-24,131,18985,49,5865,72,12851,10,269,42,5553,89,6836,52,12389,California
Calaveras,2021-03-25,736,19721,101,5966,632,13483,3,272,444,5711,289,7125,447,12836,California
Calaveras,2021-03-26,425,20146,26,5992,393,13876,6,278,87,5471,335,7460,95,12931,California
Calaveras,2021-03-27,211,20357,18,6010,189,14065,4,282,37,5344,171,7631,44,12975,California
Calaveras,2021-03-28,112,20469,12,6022,98,14163,2,284,8,5252,103,7734,11,12986,California
Calaveras,2021-03-29,175,20644,21,6043,152,14315,2,286,57,5196,117,7851,61,13047,California
Calaveras,2021-03-30,517,21161,21,6064,481,14796,15,301,345,5385,172,8023,361,13408,California
Calaveras,2021-03-31,322,21483,141,6205,171,14967,10,311,154,5382,168,8191,165,13573,California
Calaveras,2021-04-01,677,22160,437,6642,239,15206,1,312,181,5072,495,8686,185,13758,California
Calaveras,2021-04-02,387,22547,226,6868,153,15359,8,320,112,4920,273,8959,121,13879,California
Calaveras,2021-04-03,141,22688,30,6898,107,15466,4,324,39,4861,102,9061,43,13922,California
Calaveras,2021-04-04,79,22767,26,6924,53,15519,0,324,51,4884,28,9089,51,13973,California
Calaveras,2021-04-05,205,22972,76,7000,120,15639,9,333,95,4879,110,9199,105,14078,California
Calaveras,2021-04-06,644,23616,570,7570,60,15699,14,347,106,4464,535,9734,120,14198,California
Calaveras,2021-04-07,749,24365,650,8220,63,15762,36,383,612,4976,137,9871,649,14847,California
Calaveras,2021-04-08,939,25304,851,9071,68,15830,20,403,434,4928,504,10375,456,15303,California
Calaveras,2021-04-09,149,25453,57,9128,45,15875,47,450,55,4937,94,10469,103,15406,California
Calaveras,2021-04-10,188,25641,42,9170,127,16002,19,469,146,5061,42,10511,166,15572,California
Calaveras,2021-04-11,67,25708,43,9213,22,16024,2,471,46,5088,21,10532,48,15620,California
Calaveras,2021-04-12,101,25809,49,9262,38,16062,14,485,57,5116,44,10576,72,15692,California
Calaveras,2021-04-13,419,26228,363,9625,56,16118,0,485,362,5425,55,10631,364,16056,California
Calaveras,2021-04-14,177,26405,27,9652,150,16268,0,485,133,5515,44,10675,134,16190,California
Calaveras,2021-04-15,334,26739,284,9936,50,16318,0,485,249,5682,82,10757,249,16439,California
Calaveras,2021-04-16,94,26833,21,9957,73,16391,0,485,45,5682,45,10802,45,16484,California
Calaveras,2021-04-17,323,27156,123,10080,200,16591,0,485,282,5923,41,10843,282,16766,California
Calaveras,2021-04-18,19,27175,6,10086,13,16604,0,485,12,5928,7,10850,12,16778,California
Calaveras,2021-04-19,67,27242,24,10110,43,16647,0,485,41,5945,25,10875,42,16820,California
Calaveras,2021-04-20,252,27494,87,10197,165,16812,0,485,188,6071,62,10937,188,17008,California
Calaveras,2021-04-21,204,27698,142,10339,62,16874,0,485,79,6028,123,11060,80,17088,California
Calaveras,2021-04-22,532,28230,91,10430,441,17315,0,485,140,5780,391,11451,143,17231,California
Calaveras,2021-04-23,137,28367,65,10495,72,17387,0,485,50,5745,85,11536,50,17281,California
Calaveras,2021-04-24,121,28488,9,10504,112,17499,0,485,101,5827,19,11555,101,17382,California
Colusa,2020-12-18,1,1,1,1,0,0,0,0,1,1,0,0,1,1,California
Colusa,2020-12-21,2,3,2,3,0,0,0,0,2,3,0,0,2,3,California
Colusa,2020-12-22,10,13,10,13,0,0,0,0,10,13,0,0,10,13,California
Colusa,2020-12-23,10,23,10,23,0,0,0,0,10,23,0,0,10,23,California
Colusa,2020-12-24,2,25,1,24,1,1,0,0,2,25,0,0,2,25,California
Colusa,2020-12-27,1,26,1,25,0,1,0,0,1,26,0,0,1,26,California
Colusa,2020-12-28,7,33,3,28,4,5,0,0,7,33,0,0,7,33,California
Colusa,2020-12-29,11,44,8,36,3,8,0,0,11,44,0,0,11,44,California
Colusa,2020-12-30,50,94,13,49,37,45,0,0,50,94,0,0,50,94,California
Colusa,2020-12-31,18,112,1,50,17,62,0,0,18,112,0,0,18,112,California
Colusa,2021-01-04,4,116,0,50,4,66,0,0,4,116,0,0,4,116,California
Colusa,2021-01-05,67,183,1,51,66,132,0,0,67,183,0,0,67,183,California
Colusa,2021-01-06,15,198,9,60,6,138,0,0,15,198,0,0,15,198,California
Colusa,2021-01-07,38,236,4,64,34,172,0,0,37,234,1,1,37,235,California
Colusa,2021-01-08,9,245,7,71,2,174,0,0,8,241,1,2,8,243,California
Colusa,2021-01-09,2,247,1,72,1,175,0,0,2,243,0,2,2,245,California
Colusa,2021-01-10,1,248,0,72,1,176,0,0,1,244,0,2,1,246,California
Colusa,2021-01-11,12,260,6,78,6,182,0,0,7,246,5,7,7,253,California
Colusa,2021-01-12,11,271,9,87,2,184,0,0,6,247,5,12,6,259,California
Colusa,2021-01-13,21,292,13,100,8,192,0,0,13,252,8,20,13,272,California
Colusa,2021-01-14,35,327,28,128,7,199,0,0,33,283,2,22,33,305,California
Colusa,2021-01-15,41,368,5,133,36,235,0,0,39,320,2,24,39,344,California
Colusa,2021-01-16,12,380,1,134,11,246,0,0,11,330,1,25,11,355,California
Colusa,2021-01-17,3,383,2,136,1,247,0,0,2,331,1,26,2,357,California
Colusa,2021-01-18,4,387,0,136,4,251,0,0,4,335,0,26,4,361,California
Colusa,2021-01-19,9,396,8,144,1,252,0,0,5,336,4,30,5,366,California
Colusa,2021-01-20,115,511,101,245,14,266,0,0,102,425,13,43,102,468,California
Colusa,2021-01-21,56,567,41,286,15,281,0,0,55,479,1,44,55,523,California
Colusa,2021-01-22,40,607,17,303,23,304,0,0,35,509,5,49,35,558,California
Colusa,2021-01-23,35,642,6,309,29,333,0,0,35,544,0,49,35,593,California
Colusa,2021-01-25,7,649,0,309,7,340,0,0,7,551,0,49,7,600,California
Colusa,2021-01-26,8,657,5,314,3,343,0,0,5,553,3,52,5,605,California
Colusa,2021-01-27,107,764,31,345,76,419,0,0,105,656,2,54,105,710,California
Colusa,2021-01-28,79,843,46,391,33,452,0,0,72,721,7,61,72,782,California
Colusa,2021-01-29,41,884,7,398,34,486,0,0,40,760,1,62,40,822,California
Colusa,2021-01-30,27,911,4,402,23,509,0,0,27,787,0,62,27,849,California
Colusa,2021-01-31,7,918,7,409,0,509,0,0,7,794,0,62,7,856,California
Colusa,2021-02-01,27,945,10,419,17,526,0,0,22,811,5,67,22,878,California
Colusa,2021-02-02,42,987,8,427,34,560,0,0,36,841,6,73,36,914,California
Colusa,2021-02-03,69,1056,10,437,59,619,0,0,59,890,10,83,59,973,California
Colusa,2021-02-04,143,1199,81,518,62,681,0,0,115,977,28,111,115,1088,California
Colusa,2021-02-05,32,1231,8,526,24,705,0,0,29,1003,3,114,29,1117,California
Colusa,2021-02-06,284,1515,8,534,276,981,0,0,273,1265,11,125,273,1390,California
Colusa,2021-02-07,2,1517,1,535,1,982,0,0,0,1263,2,127,0,1390,California
Colusa,2021-02-08,40,1557,5,540,35,1017,0,0,37,1297,3,130,37,1427,California
Colusa,2021-02-09,231,1788,14,554,217,1234,0,0,176,1418,55,185,176,1603,California
Colusa,2021-02-10,116,1904,41,595,75,1309,0,0,73,1448,43,228,73,1676,California
Colusa,2021-02-11,97,2001,36,631,61,1370,0,0,72,1495,25,253,72,1748,California
Colusa,2021-02-12,117,2118,9,640,108,1478,0,0,79,1535,39,292,79,1827,California
Colusa,2021-02-13,60,2178,8,648,52,1530,0,0,52,1579,8,300,52,1879,California
Colusa,2021-02-14,20,2198,8,656,12,1542,0,0,14,1587,6,306,14,1893,California
Colusa,2021-02-15,45,2243,10,666,35,1577,0,0,38,1618,7,313,38,1931,California
Colusa,2021-02-16,67,2310,4,670,63,1640,0,0,66,1683,1,314,66,1997,California
Colusa,2021-02-17,206,2516,143,813,63,1703,0,0,60,1597,146,460,60,2057,California
Colusa,2021-02-18,135,2651,35,848,100,1803,0,0,112,1686,23,483,112,2169,California
Colusa,2021-02-19,155,2806,19,867,136,1939,0,0,129,1789,26,509,129,2298,California
Colusa,2021-02-20,28,2834,6,873,22,1961,0,0,12,1785,16,525,12,2310,California
Colusa,2021-02-21,1,2835,1,874,0,1961,0,0,0,1784,1,526,0,2310,California
Colusa,2021-02-22,43,2878,26,900,17,1978,0,0,29,1799,14,540,29,2339,California
Colusa,2021-02-23,22,2900,6,906,16,1994,0,0,18,1813,4,544,18,2357,California
Colusa,2021-02-24,300,3200,54,960,246,2240,0,0,158,1829,142,686,158,2515,California
Colusa,2021-02-25,101,3301,54,1014,47,2287,0,0,66,1860,35,721,66,2581,California
Colusa,2021-02-26,97,3398,12,1026,85,2372,0,0,58,1879,39,760,58,2639,California
Colusa,2021-02-27,55,3453,4,1030,51,2423,0,0,40,1904,15,775,40,2679,California
Colusa,2021-02-28,26,3479,14,1044,12,2435,0,0,18,1914,8,783,18,2697,California
Colusa,2021-03-01,46,3525,15,1059,31,2466,0,0,29,1926,17,800,29,2726,California
Colusa,2021-03-02,49,3574,13,1072,36,2502,0,0,26,1929,23,823,26,2752,California
Colusa,2021-03-03,238,3812,39,1111,199,2701,0,0,181,2053,57,880,181,2933,California
Colusa,2021-03-04,136,3948,58,1169,78,2779,0,0,80,2077,56,936,80,3013,California
Colusa,2021-03-05,98,4046,25,1194,64,2843,9,9,53,2094,45,981,62,3075,California
Colusa,2021-03-06,274,4320,9,1203,265,3108,0,9,37,1894,237,1218,37,3112,California
Colusa,2021-03-07,8,4328,5,1208,3,3111,0,9,6,1898,2,1220,6,3118,California
Colusa,2021-03-08,88,4416,20,1228,33,3144,35,44,44,1933,44,1264,79,3197,California
Colusa,2021-03-09,272,4688,70,1298,179,3323,23,67,83,1850,189,1453,106,3303,California
Colusa,2021-03-10,287,4975,35,1333,216,3539,36,103,201,2001,86,1539,237,3540,California
Colusa,2021-03-11,416,5391,57,1390,338,3877,21,124,335,2274,81,1620,354,3894,California
Colusa,2021-03-12,109,5500,18,1408,78,3955,13,137,19,2216,90,1710,32,3926,California
Colusa,2021-03-13,61,5561,16,1424,36,3991,9,146,18,2200,43,1753,27,3953,California
Colusa,2021-03-14,20,5581,0,1424,18,4009,2,148,6,2195,13,1766,8,3961,California
Colusa,2021-03-15,69,5650,26,1450,35,4044,8,156,14,2162,55,1821,22,3983,California
Colusa,2021-03-16,295,5945,15,1465,234,4278,46,202,188,2289,107,1928,234,4217,California
Colusa,2021-03-17,195,6140,49,1514,146,4424,0,202,111,2316,84,2012,111,4328,California
Colusa,2021-03-18,320,6460,33,1547,216,4640,71,273,198,2462,122,2134,268,4596,California
Colusa,2021-03-19,78,6538,20,1567,56,4696,2,275,55,2496,23,2157,57,4653,California
Colusa,2021-03-20,49,6587,7,1574,41,4737,1,276,36,2520,13,2170,37,4690,California
Colusa,2021-03-21,6,6593,4,1578,2,4739,0,276,4,2522,2,2172,4,4694,California
Colusa,2021-03-22,62,6655,10,1588,43,4782,9,285,40,2549,22,2194,49,4743,California
Colusa,2021-03-23,81,6736,16,1604,63,4845,2,287,54,2578,27,2221,56,4799,California
Colusa,2021-03-24,338,7074,57,1661,275,5120,6,293,70,2385,268,2489,75,4874,California
Colusa,2021-03-25,109,7183,60,1721,44,5164,5,298,52,2385,57,2546,57,4931,California
Colusa,2021-03-26,297,7480,46,1767,247,5411,4,302,244,2580,53,2599,248,5179,California
Colusa,2021-03-27,62,7542,5,1772,57,5468,0,302,24,2566,38,2637,24,5203,California
Colusa,2021-03-28,15,7557,6,1778,9,5477,0,302,7,2565,8,2645,7,5210,California
Colusa,2021-03-29,69,7626,19,1797,44,5521,6,308,30,2562,39,2684,36,5246,California
Colusa,2021-03-30,147,7773,78,1875,67,5588,2,310,75,2567,72,2756,77,5323,California
Colusa,2021-03-31,228,8001,36,1911,192,5780,0,310,72,2485,154,2910,72,5395,California
Colusa,2021-04-01,421,8422,65,1976,301,6081,55,365,300,2720,120,3030,355,5750,California
Colusa,2021-04-02,81,8503,14,1990,54,6135,13,378,39,2730,42,3072,52,5802,California
Colusa,2021-04-03,62,8565,10,2000,29,6164,23,401,14,2719,48,3120,37,5839,California
Colusa,2021-04-04,18,8583,0,2000,8,6172,10,411,3,2717,15,3135,13,5852,California
Colusa,2021-04-05,95,8678,25,2025,55,6227,15,426,39,2715,56,3191,54,5906,California
Colusa,2021-04-06,128,8806,33,2058,45,6272,50,476,43,2723,85,3276,93,5999,California
Colusa,2021-04-07,357,9163,40,2098,294,6566,23,499,133,2656,224,3500,157,6156,California
Colusa,2021-04-08,427,9590,33,2131,366,6932,28,527,122,2503,302,3802,149,6305,California
Colusa,2021-04-09,76,9666,21,2152,32,6964,23,550,28,2506,48,3850,51,6356,California
Colusa,2021-04-10,45,9711,9,2161,16,6980,20,570,13,2507,32,3882,33,6389,California
Colusa,2021-04-11,15,9726,2,2163,11,6991,2,572,7,2508,8,3890,9,6398,California
Colusa,2021-04-12,31,9757,3,2166,28,7019,0,572,24,2525,7,3897,24,6422,California
Colusa,2021-04-13,279,10036,23,2189,256,7275,0,572,95,2437,183,4080,95,6517,California
Colusa,2021-04-14,94,10130,19,2208,75,7350,0,572,33,2409,61,4141,33,6550,California
Colusa,2021-04-15,317,10447,42,2250,275,7625,0,572,129,2350,188,4329,129,6679,California
Colusa,2021-04-16,80,10527,11,2261,69,7694,0,572,36,2343,43,4372,36,6715,California
Colusa,2021-04-17,53,10580,7,2268,46,7740,0,572,31,2352,22,4394,31,6746,California
Colusa,2021-04-18,9,10589,2,2270,7,7747,0,572,7,2357,2,4396,7,6753,California
Colusa,2021-04-19,61,10650,22,2292,39,7786,0,572,17,2330,44,4440,17,6770,California
Colusa,2021-04-20,176,10826,32,2324,144,7930,0,572,128,2410,48,4488,128,6898,California
Colusa,2021-04-21,168,10994,59,2383,109,8039,0,572,109,2460,59,4547,109,7007,California
Colusa,2021-04-22,372,11366,25,2408,346,8385,1,573,186,2461,185,4732,186,7193,California
Colusa,2021-04-23,85,11451,19,2427,66,8451,0,573,36,2448,49,4781,36,7229,California
Colusa,2021-04-24,16,11467,1,2428,15,8466,0,573,6,2444,10,4791,6,7235,California
Contra Costa,2020-12-15,18,18,18,18,0,0,0,0,18,18,0,0,18,18,California
Contra Costa,2020-12-16,522,540,522,540,0,0,0,0,522,540,0,0,522,540,California
Contra Costa,2020-12-17,909,1449,909,1449,0,0,0,0,909,1449,0,0,909,1449,California
Contra Costa,2020-12-18,1591,3040,1590,3039,1,1,0,0,1591,3040,0,0,1591,3040,California
Contra Costa,2020-12-19,1101,4141,1100,4139,1,2,0,0,1101,4141,0,0,1101,4141,California
Contra Costa,2020-12-20,583,4724,582,4721,1,3,0,0,583,4724,0,0,583,4724,California
Contra Costa,2020-12-21,1653,6377,1651,6372,2,5,0,0,1653,6377,0,0,1653,6377,California
Contra Costa,2020-12-22,1665,8042,1561,7933,104,109,0,0,1665,8042,0,0,1665,8042,California
Contra Costa,2020-12-23,1582,9624,1335,9268,247,356,0,0,1582,9624,0,0,1582,9624,California
Contra Costa,2020-12-24,654,10278,336,9604,318,674,0,0,654,10278,0,0,654,10278,California
Contra Costa,2020-12-25,39,10317,17,9621,22,696,0,0,39,10317,0,0,39,10317,California
Contra Costa,2020-12-26,641,10958,131,9752,510,1206,0,0,641,10958,0,0,641,10958,California
Contra Costa,2020-12-27,240,11198,87,9839,153,1359,0,0,240,11198,0,0,240,11198,California
Contra Costa,2020-12-28,1829,13027,860,10699,969,2328,0,0,1829,13027,0,0,1829,13027,California
Contra Costa,2020-12-29,1826,14853,824,11523,1002,3330,0,0,1826,14853,0,0,1826,14853,California
Contra Costa,2020-12-30,2389,17242,1214,12737,1175,4505,0,0,2388,17241,0,0,2388,17241,California
Contra Costa,2020-12-31,914,18156,308,13045,606,5111,0,0,913,18154,0,0,913,18154,California
Contra Costa,2021-01-01,59,18215,23,13068,36,5147,0,0,59,18213,0,0,59,18213,California
Contra Costa,2021-01-02,334,18549,173,13241,161,5308,0,0,334,18547,0,0,334,18547,California
Contra Costa,2021-01-03,175,18724,117,13358,58,5366,0,0,174,18721,0,0,174,18721,California
Contra Costa,2021-01-04,1902,20626,1250,14608,652,6018,0,0,1881,20583,19,19,1881,20602,California
Contra Costa,2021-01-05,2098,22724,1257,15865,841,6859,0,0,1839,22165,258,277,1840,22442,California
Contra Costa,2021-01-06,3271,25995,2242,18107,1029,7888,0,0,2510,23923,755,1032,2513,24955,California
Contra Costa,2021-01-07,3087,29082,2057,20164,1030,8918,0,0,1876,24591,1208,2240,1876,26831,California
Contra Costa,2021-01-08,3380,32462,2388,22552,992,9910,0,0,1818,24855,1557,3797,1821,28652,California
Contra Costa,2021-01-09,1585,34047,1133,23685,452,10362,0,0,749,24771,835,4632,751,29403,California
Contra Costa,2021-01-10,359,34406,286,23971,73,10435,0,0,150,24712,209,4841,150,29553,California
Contra Costa,2021-01-11,3834,38240,3143,27114,691,11126,0,0,2231,25342,1603,6444,2233,31786,California
Contra Costa,2021-01-12,3906,42146,2929,30043,977,12103,0,0,2582,26602,1324,7768,2584,34370,California
Contra Costa,2021-01-13,4667,46813,2880,32923,1787,13890,0,0,3733,29406,930,8698,3734,38104,California
Contra Costa,2021-01-14,4301,51114,1553,34476,2748,16638,0,0,3919,32943,382,9080,3919,42023,California
Contra Costa,2021-01-15,5331,56445,2457,36933,2874,19512,0,0,5008,37633,322,9402,5012,47035,California
Contra Costa,2021-01-16,1716,58161,552,37485,1164,20676,0,0,1641,39199,75,9477,1641,48676,California
Contra Costa,2021-01-17,1636,59797,974,38459,662,21338,0,0,1513,40592,123,9600,1516,50192,California
Contra Costa,2021-01-18,3194,62991,1254,39713,1940,23278,0,0,2571,42547,617,10217,2572,52764,California
Contra Costa,2021-01-19,7059,70050,3157,42870,3902,27180,0,0,6056,47608,1000,11217,6061,58825,California
Contra Costa,2021-01-20,6608,76658,4053,46923,2555,29735,0,0,5375,51759,1229,12446,5380,64205,California
Contra Costa,2021-01-21,6953,83611,3091,50014,3862,33597,0,0,6230,57279,718,13164,6238,70443,California
Contra Costa,2021-01-22,6362,89973,2699,52713,3663,37260,0,0,5505,61939,848,14012,5508,75951,California
Contra Costa,2021-01-23,2023,91996,358,53071,1665,38925,0,0,1765,63450,256,14268,1767,77718,California
Contra Costa,2021-01-24,1581,93577,219,53290,1362,40287,0,0,1436,64745,145,14413,1440,79158,California
Contra Costa,2021-01-25,6647,100224,3016,56306,3631,43918,0,0,5084,68271,1561,15974,5087,84245,California
Contra Costa,2021-01-26,8074,108298,4676,60982,3398,47316,0,0,6239,72686,1827,17801,6242,90487,California
Contra Costa,2021-01-27,8228,116526,5491,66473,2737,50053,0,0,6339,77221,1808,19609,6343,96830,California
Contra Costa,2021-01-28,7430,123956,4076,70549,3354,53407,0,0,5831,81463,1593,21202,5835,102665,California
Contra Costa,2021-01-29,7438,131394,3888,74437,3550,56957,0,0,6129,86289,1305,22507,6131,108796,California
Contra Costa,2021-01-30,2080,133474,595,75032,1485,58442,0,0,1715,87646,358,22865,1715,110511,California
Contra Costa,2021-01-31,699,134173,480,75512,219,58661,0,0,572,88094,124,22989,572,111083,California
Contra Costa,2021-02-01,5518,139691,3761,79273,1757,60418,0,0,3889,90362,1624,24613,3892,114975,California
Contra Costa,2021-02-02,7746,147437,5272,84545,2474,62892,0,0,5898,94415,1846,26459,5899,120874,California
Contra Costa,2021-02-03,8265,155702,5458,90003,2807,65699,0,0,5631,97424,2623,29082,5632,126506,California
Contra Costa,2021-02-04,7440,163142,3534,93537,3906,69605,0,0,5721,101432,1715,30797,5723,132229,California
Contra Costa,2021-02-05,8422,171564,4818,98355,3604,73209,0,0,5717,104451,2698,33495,5717,137946,California
Contra Costa,2021-02-06,3465,175029,2152,100507,1313,74522,0,0,2814,106616,650,34145,2815,140761,California
Contra Costa,2021-02-07,980,176009,709,101216,271,74793,0,0,604,106845,375,34520,604,141365,California
Contra Costa,2021-02-08,5806,181815,3438,104654,2368,77161,0,0,4331,109707,1470,35990,4332,145697,California
Contra Costa,2021-02-09,8643,190458,4762,109416,3881,81042,0,0,5759,112588,2879,38869,5760,151457,California
Contra Costa,2021-02-10,8624,199082,4645,114061,3979,85021,0,0,5406,114795,3203,42072,5410,156867,California
Contra Costa,2021-02-11,9295,208377,4206,118267,5089,90110,0,0,5272,116054,4017,46089,5276,162143,California
Contra Costa,2021-02-12,10063,218440,4607,122874,5456,95566,0,0,5455,116911,4601,50690,5458,167601,California
Contra Costa,2021-02-13,4873,223313,1363,124237,3510,99076,0,0,3405,118852,1465,52155,3406,171007,California
Contra Costa,2021-02-14,2088,225401,864,125101,1224,100300,0,0,1226,119217,861,53016,1226,172233,California
Contra Costa,2021-02-15,4440,229841,2461,127562,1979,102279,0,0,2351,119487,2082,55098,2352,174585,California
Contra Costa,2021-02-16,10408,240249,4902,132464,5506,107785,0,0,4636,118361,5765,60863,4639,179224,California
Contra Costa,2021-02-17,12267,252516,6122,138586,6145,113930,0,0,5620,117349,6633,67496,5621,184845,California
Contra Costa,2021-02-18,11444,263960,5954,144540,5490,119420,0,0,5309,116536,6124,73620,5311,190156,California
Contra Costa,2021-02-19,11395,275355,7104,151644,4291,123711,0,0,5169,115495,6211,79831,5170,195326,California
Contra Costa,2021-02-20,6441,281796,2887,154531,3554,127265,0,0,4566,118204,1859,81690,4568,199894,California
Contra Costa,2021-02-21,1794,283590,1248,155779,546,127811,0,0,1081,118573,712,82402,1081,200975,California
Contra Costa,2021-02-22,7528,291118,5095,160874,2433,130244,0,0,3458,117974,4059,86461,3460,204435,California
Contra Costa,2021-02-23,11885,303003,7244,168118,4641,134885,0,0,5914,117934,5958,92419,5918,210353,California
Contra Costa,2021-02-24,10461,313464,7668,175786,2793,137678,0,0,5038,117567,5407,97826,5040,215393,California
Contra Costa,2021-02-25,11453,324917,7206,182992,4247,141925,0,0,5197,116532,6236,104062,5201,220594,California
Contra Costa,2021-02-26,10683,335600,6732,189724,3951,145876,0,0,5291,116447,5377,109439,5292,225886,California
Contra Costa,2021-02-27,6612,342212,4203,193927,2409,148285,0,0,4102,118046,2504,111943,4103,229989,California
Contra Costa,2021-02-28,3784,345996,3116,197043,668,148953,0,0,3189,120644,592,112535,3190,233179,California
Contra Costa,2021-03-01,8084,354080,6074,203117,2007,150960,3,3,4962,122503,3108,115643,4967,238146,California
Contra Costa,2021-03-02,10120,364200,6305,209422,3814,154774,1,4,5247,122893,4858,120501,5248,243394,California
Contra Costa,2021-03-03,11099,375299,6929,216351,4169,158943,1,5,6190,124190,4895,125396,6192,249586,California
Contra Costa,2021-03-04,11844,387143,7062,223413,4782,163725,0,5,6127,124619,5698,131094,6127,255713,California
Contra Costa,2021-03-05,11215,398358,6665,230078,4545,168270,5,10,6384,126191,4817,135911,6389,262102,California
Contra Costa,2021-03-06,7285,405643,4002,234080,2974,171244,309,319,4709,128643,2564,138475,5016,267118,California
Contra Costa,2021-03-07,3614,409257,2267,236347,1287,172531,60,379,2941,130972,672,139147,3001,270119,California
Contra Costa,2021-03-08,8037,417294,3750,240097,3984,176515,303,682,5356,133965,2670,141817,5663,275782,California
Contra Costa,2021-03-09,10170,427464,4992,245089,4885,181400,293,975,5021,134138,5142,146959,5315,281097,California
Contra Costa,2021-03-10,12099,439563,5948,251037,4659,186059,1492,2467,5459,134451,6632,153591,6945,288042,California
Contra Costa,2021-03-11,12452,452015,6560,257597,5333,191392,559,3026,6354,135290,6077,159668,6916,294958,California
Contra Costa,2021-03-12,12513,464528,5132,262729,6840,198232,541,3567,6251,135836,6246,165914,6792,301750,California
Contra Costa,2021-03-13,7749,472277,3067,265796,4259,202491,423,3990,3070,134661,4662,170576,3487,305237,California
Contra Costa,2021-03-14,4342,476619,2540,268336,1318,203809,484,4474,2075,134958,2261,172837,2558,307795,California
Contra Costa,2021-03-15,9373,485992,5054,273390,3566,207375,753,5227,4754,135861,4604,177441,5507,313302,California
Contra Costa,2021-03-16,14238,500230,8454,281844,5389,212764,395,5622,7261,136560,6957,184398,7656,320958,California
Contra Costa,2021-03-17,14960,515190,10326,292170,4423,217187,211,5833,8562,138961,6377,190775,8778,329736,California
Contra Costa,2021-03-18,15351,530541,8526,300696,6345,223532,480,6313,8790,141695,6534,197309,9268,339004,California
Contra Costa,2021-03-19,15475,546016,8877,309573,5210,228742,1388,7701,8297,144218,7166,204475,9689,348693,California
Contra Costa,2021-03-20,10602,556618,6326,315899,3971,232713,305,8006,5232,144400,5354,209829,5536,354229,California
Contra Costa,2021-03-21,4431,561049,3881,319780,463,233176,87,8093,2082,144224,2344,212173,2168,356397,California
Contra Costa,2021-03-22,11497,572546,8664,328444,2584,235760,249,8342,7071,147129,4414,216587,7319,363716,California
Contra Costa,2021-03-23,15562,588108,10720,339164,4672,240432,170,8512,9495,150755,6041,222628,9667,373383,California
Contra Costa,2021-03-24,14941,603049,11669,350833,3060,243492,212,8724,9194,154445,5717,228345,9407,382790,California
Contra Costa,2021-03-25,15218,618267,11855,362688,3078,246570,285,9009,9401,158348,5782,234127,9685,392475,California
Contra Costa,2021-03-26,14902,633169,10678,373366,3830,250400,394,9403,8797,161451,6085,240212,9188,401663,California
Contra Costa,2021-03-27,10410,643579,6737,380103,3164,253564,509,9912,5771,163094,4632,244844,6275,407938,California
Contra Costa,2021-03-28,4121,647700,2917,383020,1151,254715,53,9965,1769,162574,2342,247186,1822,409760,California
Contra Costa,2021-03-29,10809,658509,8440,391460,2254,256969,115,10080,7082,166059,3713,250899,7198,416958,California
Contra Costa,2021-03-30,16711,675220,9104,400564,6255,263224,1352,11432,11050,172810,5645,256544,12396,429354,California
Contra Costa,2021-03-31,17923,693143,12550,413114,3934,267158,1439,12871,11560,179479,6332,262876,13001,442355,California
Contra Costa,2021-04-01,17407,710550,12198,425312,3848,271006,1361,14232,11349,186153,6036,268912,12710,455065,California
Contra Costa,2021-04-02,17375,727925,12834,438146,3535,274541,1006,15238,11564,192922,5800,274712,12569,467634,California
Contra Costa,2021-04-03,10781,738706,6431,444577,2815,277356,1535,16773,6193,196075,4575,279287,7728,475362,California
Contra Costa,2021-04-04,3316,742022,1312,445889,1414,278770,590,17363,899,195151,2413,281700,1489,476851,California
Contra Costa,2021-04-05,12044,754066,7873,453762,3207,281977,964,18327,6603,197285,5432,287132,7566,484417,California
Contra Costa,2021-04-06,17248,771314,11983,465745,2994,284971,2271,20598,9758,201842,7472,294604,12029,496446,California
Contra Costa,2021-04-07,18429,789743,12492,478237,3147,288118,2790,23388,10482,207226,7928,302532,13312,509758,California
Contra Costa,2021-04-08,18613,808356,12445,490682,3267,291385,2901,26289,10038,211603,8551,311083,12928,522686,California
Contra Costa,2021-04-09,18646,827002,11943,502625,4232,295617,2471,28760,10006,215465,8616,319699,12478,535164,California
Contra Costa,2021-04-10,10481,837483,3810,506435,2130,297747,4541,33301,3287,216103,7182,326881,7820,542984,California
Contra Costa,2021-04-11,3320,840803,1989,508424,680,298427,651,33952,1129,215699,2186,329067,1782,544766,California
Contra Costa,2021-04-12,11824,852627,7845,516269,2952,301379,1027,34979,5604,216127,6208,335275,6636,551402,California
Contra Costa,2021-04-13,17788,870415,10883,527152,6900,308279,5,34984,11899,222167,5869,341144,11909,563311,California
Contra Costa,2021-04-14,17470,887885,10969,538121,6501,314780,0,34984,9696,224114,7752,348896,9699,573010,California
Contra Costa,2021-04-15,17339,905224,10647,548768,6691,321471,1,34985,8055,222932,9256,358152,8074,581084,California
Contra Costa,2021-04-16,16806,922030,10499,559267,6306,327777,1,34986,7584,221324,9198,367350,7590,588674,California
Contra Costa,2021-04-17,11313,933343,6231,565498,5082,332859,0,34986,6097,222224,5202,372552,6102,594776,California
Contra Costa,2021-04-18,2724,936067,2105,567603,619,333478,0,34986,1778,223063,939,373491,1778,596554,California
Contra Costa,2021-04-19,11219,947286,8385,575988,2834,336312,0,34986,3493,218854,7704,381195,3495,600049,California
Contra Costa,2021-04-20,16538,963824,10732,586720,5806,342118,0,34986,6228,214800,10286,391481,6232,606281,California
Contra Costa,2021-04-21,17247,981071,14088,600808,3159,345277,0,34986,6142,209877,11074,402555,6151,612432,California
Contra Costa,2021-04-22,16799,997870,13652,614460,3146,348423,1,34987,5836,204793,10934,413489,5850,618282,California
Contra Costa,2021-04-23,14115,1011985,11242,625702,2873,351296,0,34987,4158,199031,9927,423416,4165,622447,California
Contra Costa,2021-04-24,7079,1019064,5779,631481,1300,352596,0,34987,2227,196417,4842,428258,2228,624675,California
Del Norte,2020-12-21,23,23,23,23,0,0,0,0,23,23,0,0,23,23,California
Del Norte,2020-12-22,46,69,46,69,0,0,0,0,46,69,0,0,46,69,California
Del Norte,2020-12-23,58,127,48,117,10,10,0,0,57,126,0,0,57,126,California
Del Norte,2020-12-28,34,161,34,151,0,10,0,0,34,160,0,0,34,160,California
Del Norte,2020-12-29,4,165,4,155,0,10,0,0,4,164,0,0,4,164,California
Del Norte,2020-12-30,67,232,55,210,12,22,0,0,68,232,0,0,68,232,California
Del Norte,2020-12-31,16,248,13,223,3,25,0,0,16,248,0,0,16,248,California
Del Norte,2021-01-04,102,350,49,272,53,78,0,0,102,350,0,0,102,350,California
Del Norte,2021-01-05,32,382,0,272,32,110,0,0,32,382,0,0,32,382,California
Del Norte,2021-01-06,77,459,18,290,59,169,0,0,77,459,0,0,77,459,California
Del Norte,2021-01-07,21,480,1,291,20,189,0,0,21,480,0,0,21,480,California
Del Norte,2021-01-08,77,557,7,298,70,259,0,0,77,557,0,0,77,557,California
Del Norte,2021-01-11,40,597,21,319,19,278,0,0,18,554,22,22,19,576,California
Del Norte,2021-01-12,51,648,32,351,19,297,0,0,30,563,21,43,30,606,California
Del Norte,2021-01-13,85,733,40,391,45,342,0,0,52,582,33,76,52,658,California
Del Norte,2021-01-14,52,785,14,405,38,380,0,0,46,622,6,82,46,704,California
Del Norte,2021-01-15,107,892,18,423,89,469,0,0,95,705,12,94,95,799,California
Del Norte,2021-01-17,1,893,1,424,0,469,0,0,1,706,0,94,1,800,California
Del Norte,2021-01-18,2,895,0,424,2,471,0,0,2,708,0,94,2,802,California
Del Norte,2021-01-19,119,1014,56,480,63,534,0,0,77,743,42,136,77,879,California
Del Norte,2021-01-20,158,1172,84,564,74,608,0,0,96,777,62,198,96,975,California
Del Norte,2021-01-21,43,1215,40,604,3,611,0,0,32,798,11,209,32,1007,California
Del Norte,2021-01-22,19,1234,16,620,3,614,0,0,12,803,7,216,12,1019,California
Del Norte,2021-01-23,1,1235,0,620,1,615,0,0,1,804,0,216,1,1020,California
Del Norte,2021-01-24,1,1236,0,620,1,616,0,0,1,805,0,216,1,1021,California
Del Norte,2021-01-25,100,1336,82,702,18,634,0,0,56,817,44,260,56,1077,California
Del Norte,2021-01-26,18,1354,11,713,7,641,0,0,7,813,11,271,7,1084,California
Del Norte,2021-01-27,64,1418,21,734,43,684,0,0,61,871,3,274,61,1145,California
Del Norte,2021-01-28,291,1709,20,754,271,955,0,0,286,1152,5,279,286,1431,California
Del Norte,2021-01-29,54,1763,21,775,33,988,0,0,44,1186,10,289,44,1475,California
Del Norte,2021-01-30,8,1771,1,776,7,995,0,0,8,1194,0,289,8,1483,California
Del Norte,2021-02-01,41,1812,1,777,40,1035,0,0,26,1205,15,304,26,1509,California
Del Norte,2021-02-02,142,1954,34,811,108,1143,0,0,73,1210,68,372,73,1582,California
Del Norte,2021-02-03,125,2079,40,851,85,1228,0,0,71,1227,54,426,71,1653,California
Del Norte,2021-02-04,71,2150,29,880,42,1270,0,0,42,1240,29,455,42,1695,California
Del Norte,2021-02-05,183,2333,22,902,161,1431,0,0,120,1298,62,517,120,1815,California
Del Norte,2021-02-06,312,2645,6,908,306,1737,0,0,312,1610,0,517,312,2127,California
Del Norte,2021-02-07,2,2647,1,909,1,1738,0,0,2,1612,0,517,2,2129,California
Del Norte,2021-02-08,36,2683,1,910,35,1773,0,0,32,1640,4,521,32,2161,California
Del Norte,2021-02-09,8,2691,5,915,3,1776,0,0,2,1636,6,527,2,2163,California
Del Norte,2021-02-10,143,2834,20,935,123,1899,0,0,86,1666,56,583,86,2249,California
Del Norte,2021-02-11,175,3009,58,993,117,2016,0,0,63,1617,112,695,63,2312,California
Del Norte,2021-02-12,121,3130,14,1007,107,2123,0,0,67,1630,54,749,67,2379,California
Del Norte,2021-02-13,2,3132,1,1008,1,2124,0,0,2,1632,0,749,2,2381,California
Del Norte,2021-02-14,3,3135,1,1009,2,2126,0,0,2,1633,1,750,2,2383,California
Del Norte,2021-02-15,4,3139,0,1009,4,2130,0,0,2,1633,2,752,2,2385,California
Del Norte,2021-02-16,132,3271,1,1010,131,2261,0,0,13,1527,119,871,13,2398,California
Del Norte,2021-02-17,91,3362,20,1030,71,2332,0,0,24,1484,67,938,24,2422,California
Del Norte,2021-02-18,77,3439,24,1054,53,2385,0,0,51,1509,26,964,51,2473,California
Del Norte,2021-02-19,43,3482,17,1071,26,2411,0,0,33,1532,10,974,33,2506,California
Del Norte,2021-02-20,8,3490,5,1076,3,2414,0,0,6,1536,2,976,6,2512,California
Del Norte,2021-02-22,2,3492,0,1076,2,2416,0,0,2,1538,0,976,2,2514,California
Del Norte,2021-02-23,106,3598,88,1164,18,2434,0,0,31,1494,75,1051,31,2545,California
Del Norte,2021-02-24,152,3750,98,1262,54,2488,0,0,79,1500,73,1124,79,2624,California
Del Norte,2021-02-25,475,4225,131,1393,344,2832,0,0,212,1451,261,1385,212,2836,California
Del Norte,2021-02-26,212,4437,176,1569,36,2868,0,0,166,1571,46,1431,166,3002,California
Del Norte,2021-02-27,152,4589,145,1714,6,2874,1,1,141,1702,11,1442,142,3144,California
Del Norte,2021-02-28,4,4593,1,1715,3,2877,0,1,3,1704,1,1443,3,3147,California
Del Norte,2021-03-01,28,4621,2,1717,26,2903,0,1,4,1684,24,1467,4,3151,California
Del Norte,2021-03-02,220,4841,140,1857,80,2983,0,1,187,1838,33,1500,187,3338,California
Del Norte,2021-03-03,159,5000,91,1948,68,3051,0,1,118,1915,41,1541,118,3456,California
Del Norte,2021-03-04,120,5120,83,2031,37,3088,0,1,91,1978,28,1569,91,3547,California
Del Norte,2021-03-05,91,5211,9,2040,82,3170,0,1,43,1973,48,1617,43,3590,California
Del Norte,2021-03-06,466,5677,78,2118,338,3508,50,51,164,1842,302,1919,171,3761,California
Del Norte,2021-03-07,2,5679,1,2119,1,3509,0,51,1,1842,1,1920,1,3762,California
Del Norte,2021-03-08,28,5707,1,2120,25,3534,2,53,5,1826,23,1943,7,3769,California
Del Norte,2021-03-09,194,5901,112,2232,79,3613,3,56,183,2001,11,1954,186,3955,California
Del Norte,2021-03-10,218,6119,97,2329,93,3706,28,84,132,2075,86,2040,160,4115,California
Del Norte,2021-03-11,152,6271,55,2384,92,3798,5,89,104,2136,48,2088,109,4224,California
Del Norte,2021-03-12,177,6448,89,2473,88,3886,0,89,124,2207,53,2141,124,4348,California
Del Norte,2021-03-13,94,6542,93,2566,1,3887,0,89,91,2295,3,2144,91,4439,California
Del Norte,2021-03-14,1,6543,0,2566,1,3888,0,89,1,2295,1,2145,1,4440,California
Del Norte,2021-03-15,38,6581,0,2566,38,3926,0,89,34,2325,4,2149,34,4474,California
Del Norte,2021-03-16,280,6861,136,2702,144,4070,0,89,259,2563,21,2170,259,4733,California
Del Norte,2021-03-17,282,7143,95,2797,185,4255,2,91,168,2619,114,2284,170,4903,California
Del Norte,2021-03-18,284,7427,107,2904,174,4429,3,94,148,2635,135,2419,151,5054,California
Del Norte,2021-03-19,266,7693,159,3063,101,4530,6,100,91,2557,175,2594,97,5151,California
Del Norte,2021-03-20,158,7851,155,3218,3,4533,0,100,16,2431,142,2736,16,5167,California
Del Norte,2021-03-21,4,7855,2,3220,2,4535,0,100,2,2431,2,2738,2,5169,California
Del Norte,2021-03-22,42,7897,3,3223,38,4573,1,101,39,2468,3,2741,40,5209,California
Del Norte,2021-03-23,333,8230,163,3386,152,4725,18,119,164,2482,167,2908,181,5390,California
Del Norte,2021-03-24,395,8625,107,3493,247,4972,41,160,241,2610,154,3062,282,5672,California
Del Norte,2021-03-25,194,8819,90,3583,104,5076,0,160,86,2589,107,3169,86,5758,California
Del Norte,2021-03-26,227,9046,108,3691,119,5195,0,160,194,2750,33,3202,194,5952,California
Del Norte,2021-03-27,108,9154,87,3778,4,5199,17,177,17,2693,91,3293,34,5986,California
Del Norte,2021-03-28,4,9158,2,3780,2,5201,0,177,1,2691,3,3296,1,5987,California
Del Norte,2021-03-29,57,9215,6,3786,34,5235,17,194,32,2715,25,3321,49,6036,California
Del Norte,2021-03-30,336,9551,118,3904,207,5442,11,205,124,2638,212,3533,135,6171,California
Del Norte,2021-03-31,346,9897,100,4004,229,5671,17,222,190,2691,154,3687,207,6378,California
Del Norte,2021-04-01,166,10063,60,4064,72,5743,34,256,71,2702,94,3781,105,6483,California
Del Norte,2021-04-02,232,10295,79,4143,104,5847,49,305,76,2672,156,3937,126,6609,California
Del Norte,2021-04-03,103,10398,82,4225,2,5849,19,324,4,2597,98,4035,23,6632,California
Del Norte,2021-04-04,4,10402,0,4225,0,5849,4,328,0,2597,4,4039,4,6636,California
Del Norte,2021-04-05,53,10455,5,4230,44,5893,4,332,46,2640,7,4046,50,6686,California
Del Norte,2021-04-06,378,10833,119,4349,222,6115,37,369,145,2594,229,4275,183,6869,California
Del Norte,2021-04-07,425,11258,115,4464,251,6366,59,428,283,2795,141,4416,342,7211,California
Del Norte,2021-04-08,233,11491,54,4518,111,6477,68,496,111,2852,122,4538,179,7390,California
Del Norte,2021-04-09,201,11692,47,4565,80,6557,74,570,97,2918,103,4641,169,7559,California
Del Norte,2021-04-10,48,11740,27,4592,4,6561,17,587,27,2941,21,4662,44,7603,California
Del Norte,2021-04-11,12,11752,3,4595,2,6563,7,594,2,2940,10,4672,9,7612,California
Del Norte,2021-04-12,28,11780,1,4596,9,6572,18,612,1,2933,26,4698,19,7631,California
Del Norte,2021-04-13,296,12076,49,4645,247,6819,0,612,155,2947,141,4839,155,7786,California
Del Norte,2021-04-14,325,12401,23,4668,302,7121,0,612,136,2899,189,5028,141,7927,California
Del Norte,2021-04-15,162,12563,30,4698,132,7253,0,612,44,2826,118,5146,45,7972,California
Del Norte,2021-04-16,156,12719,35,4733,121,7374,0,612,58,2787,98,5244,59,8031,California
Del Norte,2021-04-17,99,12818,69,4802,30,7404,0,612,94,2876,5,5249,94,8125,California
Del Norte,2021-04-18,4,12822,3,4805,1,7405,0,612,3,2878,1,5250,3,8128,California
Del Norte,2021-04-19,50,12872,6,4811,44,7449,0,612,8,2844,42,5292,8,8136,California
Del Norte,2021-04-20,208,13080,40,4851,168,7617,0,612,74,2784,134,5426,74,8210,California
Del Norte,2021-04-21,290,13370,24,4875,266,7883,0,612,66,2630,223,5649,69,8279,California
Del Norte,2021-04-22,117,13487,18,4893,99,7982,0,612,63,2639,54,5703,63,8342,California
Del Norte,2021-04-23,149,13636,21,4914,128,8110,0,612,38,2566,111,5814,38,8380,California
Del Norte,2021-04-24,10,13646,4,4918,6,8116,0,612,8,2572,2,5816,8,8388,California
El Dorado,2020-12-15,12,12,12,12,0,0,0,0,12,12,0,0,12,12,California
El Dorado,2020-12-16,40,52,40,52,0,0,0,0,40,52,0,0,40,52,California
El Dorado,2020-12-17,30,82,30,82,0,0,0,0,30,82,0,0,30,82,California
El Dorado,2020-12-18,236,318,236,318,0,0,0,0,236,318,0,0,236,318,California
El Dorado,2020-12-19,116,434,116,434,0,0,0,0,116,434,0,0,116,434,California
El Dorado,2020-12-20,85,519,85,519,0,0,0,0,85,519,0,0,85,519,California
El Dorado,2020-12-21,307,826,306,825,1,1,0,0,307,826,0,0,307,826,California
El Dorado,2020-12-22,238,1064,214,1039,24,25,0,0,238,1064,0,0,238,1064,California
El Dorado,2020-12-23,189,1253,139,1178,50,75,0,0,189,1253,0,0,189,1253,California
El Dorado,2020-12-24,87,1340,66,1244,21,96,0,0,87,1340,0,0,87,1340,California
El Dorado,2020-12-25,8,1348,8,1252,0,96,0,0,8,1348,0,0,8,1348,California
El Dorado,2020-12-26,44,1392,26,1278,18,114,0,0,44,1392,0,0,44,1392,California
El Dorado,2020-12-27,37,1429,33,1311,4,118,0,0,37,1429,0,0,37,1429,California
El Dorado,2020-12-28,216,1645,169,1480,47,165,0,0,216,1645,0,0,216,1645,California
El Dorado,2020-12-29,456,2101,140,1620,316,481,0,0,456,2101,0,0,456,2101,California
El Dorado,2020-12-30,504,2605,136,1756,368,849,0,0,504,2605,0,0,504,2605,California
El Dorado,2020-12-31,109,2714,69,1825,40,889,0,0,109,2714,0,0,109,2714,California
El Dorado,2021-01-01,7,2721,4,1829,3,892,0,0,7,2721,0,0,7,2721,California
El Dorado,2021-01-02,151,2872,140,1969,11,903,0,0,151,2872,0,0,151,2872,California
El Dorado,2021-01-03,92,2964,17,1986,75,978,0,0,92,2964,0,0,92,2964,California
El Dorado,2021-01-04,189,3153,62,2048,127,1105,0,0,189,3153,0,0,189,3153,California
El Dorado,2021-01-05,205,3358,50,2098,155,1260,0,0,189,3326,16,16,189,3342,California
El Dorado,2021-01-06,262,3620,189,2287,73,1333,0,0,198,3460,64,80,198,3540,California
El Dorado,2021-01-07,328,3948,135,2422,193,1526,0,0,258,3648,70,150,258,3798,California
El Dorado,2021-01-08,974,4922,500,2922,474,2000,0,0,771,4217,203,353,772,4570,California
El Dorado,2021-01-09,193,5115,157,3079,36,2036,0,0,125,4274,68,421,125,4695,California
El Dorado,2021-01-10,180,5295,129,3208,51,2087,0,0,111,4316,69,490,111,4806,California
El Dorado,2021-01-11,658,5953,292,3500,366,2453,0,0,460,4579,197,687,460,5266,California
El Dorado,2021-01-12,692,6645,421,3921,271,2724,0,0,444,4775,248,935,444,5710,California
El Dorado,2021-01-13,698,7343,295,4216,403,3127,0,0,538,5153,160,1095,538,6248,California
El Dorado,2021-01-14,688,8031,218,4434,470,3597,0,0,593,5651,95,1190,593,6841,California
El Dorado,2021-01-15,677,8708,184,4618,493,4090,0,0,605,6184,72,1262,605,7446,California
El Dorado,2021-01-16,171,8879,103,4721,68,4158,0,0,144,6301,27,1289,144,7590,California
El Dorado,2021-01-17,99,8978,47,4768,52,4210,0,0,82,6366,17,1306,82,7672,California
El Dorado,2021-01-18,417,9395,138,4906,279,4489,0,0,349,6647,68,1374,349,8021,California
El Dorado,2021-01-19,643,10038,352,5258,291,4780,0,0,494,6993,149,1523,495,8516,California
El Dorado,2021-01-20,1009,11047,686,5944,323,5103,0,0,897,7779,111,1634,897,9413,California
El Dorado,2021-01-21,1151,12198,570,6514,581,5684,0,0,945,8559,165,1799,945,10358,California
El Dorado,2021-01-22,1097,13295,705,7219,392,6076,0,0,1044,9551,52,1851,1044,11402,California
El Dorado,2021-01-23,736,14031,617,7836,119,6195,0,0,625,10065,111,1962,625,12027,California
El Dorado,2021-01-24,126,14157,76,7912,50,6245,0,0,107,10153,19,1981,107,12134,California
El Dorado,2021-01-25,610,14767,204,8116,406,6651,0,0,522,10587,88,2069,522,12656,California
El Dorado,2021-01-26,673,15440,363,8479,310,6961,0,0,569,11053,104,2173,570,13226,California
El Dorado,2021-01-27,926,16366,329,8808,597,7558,0,0,590,11306,337,2510,590,13816,California
El Dorado,2021-01-28,1101,17467,451,9259,650,8208,0,0,742,11689,359,2869,742,14558,California
El Dorado,2021-01-29,973,18440,488,9747,485,8693,0,0,744,12206,228,3097,745,15303,California
El Dorado,2021-01-30,611,19051,359,10106,252,8945,0,0,450,12495,161,3258,450,15753,California
El Dorado,2021-01-31,209,19260,188,10294,21,8966,0,0,180,12646,29,3287,180,15933,California
El Dorado,2021-02-01,799,20059,368,10662,431,9397,0,0,655,13158,143,3430,655,16588,California
El Dorado,2021-02-02,838,20897,367,11029,471,9868,0,0,677,13674,161,3591,677,17265,California
El Dorado,2021-02-03,898,21795,475,11504,423,10291,0,0,686,14148,212,3803,686,17951,California
El Dorado,2021-02-04,1264,23059,721,12225,543,10834,0,0,871,14626,393,4196,871,18822,California
El Dorado,2021-02-05,1478,24537,595,12820,883,11717,0,0,864,14911,579,4775,864,19686,California
El Dorado,2021-02-06,638,25175,333,13153,305,12022,0,0,530,15334,108,4883,531,20217,California
El Dorado,2021-02-07,256,25431,176,13329,80,12102,0,0,192,15462,64,4947,192,20409,California
El Dorado,2021-02-08,878,26309,417,13746,461,12563,0,0,605,15794,273,5220,605,21014,California
El Dorado,2021-02-09,901,27210,487,14233,414,12977,0,0,479,15851,422,5642,479,21493,California
El Dorado,2021-02-10,1247,28457,730,14963,517,13494,0,0,656,15917,590,6232,656,22149,California
El Dorado,2021-02-11,2136,30593,881,15844,1255,14749,0,0,955,15693,1180,7412,956,23105,California
El Dorado,2021-02-12,1564,32157,822,16666,742,15491,0,0,678,15486,886,8298,679,23784,California
El Dorado,2021-02-13,976,33133,668,17334,308,15799,0,0,432,15377,541,8839,432,24216,California
El Dorado,2021-02-14,481,33614,153,17487,328,16127,0,0,398,15692,83,8922,398,24614,California
El Dorado,2021-02-15,1179,34793,387,17874,792,16919,0,0,826,16168,353,9275,829,25443,California
El Dorado,2021-02-16,1188,35981,529,18403,659,17578,0,0,675,16332,512,9787,676,26119,California
El Dorado,2021-02-17,898,36879,373,18776,525,18103,0,0,419,16274,479,10266,421,26540,California
El Dorado,2021-02-18,2077,38956,1005,19781,1072,19175,0,0,1349,16896,727,10993,1349,27889,California
El Dorado,2021-02-19,1164,40120,602,20383,562,19737,0,0,646,17025,518,11511,647,28536,California
El Dorado,2021-02-20,915,41035,435,20818,480,20217,0,0,667,17450,242,11753,667,29203,California
El Dorado,2021-02-21,282,41317,225,21043,57,20274,0,0,99,17367,182,11935,99,29302,California
El Dorado,2021-02-22,869,42186,434,21477,435,20709,0,0,285,17069,583,12518,285,29587,California
El Dorado,2021-02-23,835,43021,471,21948,364,21073,0,0,346,16927,488,13006,346,29933,California
El Dorado,2021-02-24,1004,44025,439,22387,565,21638,0,0,411,16746,593,13599,412,30345,California
El Dorado,2021-02-25,1620,45645,883,23270,737,22375,0,0,715,16564,899,14498,717,31062,California
El Dorado,2021-02-26,2347,47992,1481,24751,866,23241,0,0,1583,17385,762,15260,1583,32645,California
El Dorado,2021-02-27,1656,49648,439,25190,1217,24458,0,0,1217,18166,436,15696,1217,33862,California
El Dorado,2021-02-28,570,50218,204,25394,366,24824,0,0,419,18435,151,15847,420,34282,California
El Dorado,2021-03-01,1115,51333,452,25846,663,25487,0,0,606,18533,508,16355,606,34888,California
El Dorado,2021-03-02,895,52228,266,26112,629,26116,0,0,457,18554,436,16791,457,35345,California
El Dorado,2021-03-03,1666,53894,460,26572,1206,27322,0,0,1139,19174,521,17312,1141,36486,California
El Dorado,2021-03-04,2481,56375,1530,28102,951,28273,0,0,1210,19116,1268,18580,1210,37696,California
El Dorado,2021-03-05,1559,57934,422,28524,1132,29405,5,5,1029,19625,525,19105,1034,38730,California
El Dorado,2021-03-06,730,58664,208,28732,488,29893,34,39,384,19697,346,19451,418,39148,California
El Dorado,2021-03-07,400,59064,197,28929,185,30078,18,57,237,19791,161,19612,255,39403,California
El Dorado,2021-03-08,1318,60382,364,29293,884,30962,70,127,851,20248,464,20076,921,40324,California
El Dorado,2021-03-09,960,61342,227,29520,666,31628,67,194,567,20504,378,20454,634,40958,California
El Dorado,2021-03-10,932,62274,342,29862,535,32163,55,249,536,20705,390,20844,591,41549,California
El Dorado,2021-03-11,2984,65258,1823,31685,979,33142,182,431,1362,20641,1607,22451,1543,43092,California
El Dorado,2021-03-12,1764,67022,619,32304,899,34041,246,677,732,20601,1018,23469,978,44070,California
El Dorado,2021-03-13,1058,68080,344,32648,431,34472,283,960,372,20571,683,24152,653,44723,California
El Dorado,2021-03-14,792,68872,207,32855,473,34945,112,1072,279,20449,513,24665,391,45114,California
El Dorado,2021-03-15,1396,70268,300,33155,970,35915,126,1198,607,20398,785,25450,734,45848,California
El Dorado,2021-03-16,1207,71475,404,33559,659,36574,144,1342,566,20473,635,26085,710,46558,California
El Dorado,2021-03-17,1079,72554,351,33910,634,37208,94,1436,696,20880,383,26468,790,47348,California
El Dorado,2021-03-18,2967,75521,1747,35657,1176,38384,44,1480,1980,21924,980,27448,2024,49372,California
El Dorado,2021-03-19,1099,76620,358,36015,597,38981,144,1624,625,22220,474,27922,770,50142,California
El Dorado,2021-03-20,937,77557,267,36282,653,39634,17,1641,359,22029,567,28489,376,50518,California
El Dorado,2021-03-21,1024,78581,418,36700,601,40235,5,1646,935,22881,88,28577,940,51458,California
El Dorado,2021-03-22,1498,80079,487,37187,929,41164,82,1728,1190,23850,303,28880,1272,52730,California
El Dorado,2021-03-23,1144,81223,449,37636,603,41767,92,1820,740,24288,394,29274,832,53562,California
El Dorado,2021-03-24,1453,82676,620,38256,637,42404,196,2016,691,24428,747,30021,887,54449,California
El Dorado,2021-03-25,2469,85145,1666,39922,700,43104,103,2119,1368,24803,1096,31117,1471,55920,California
El Dorado,2021-03-26,1805,86950,698,40620,998,44102,109,2228,958,25040,831,31948,1068,56988,California
El Dorado,2021-03-27,1307,88257,187,40807,1116,45218,4,2232,331,24405,970,32918,335,57323,California
El Dorado,2021-03-28,613,88870,181,40988,423,45641,9,2241,196,24196,414,33332,205,57528,California
El Dorado,2021-03-29,1300,90170,431,41419,854,46495,15,2256,818,24550,479,33811,833,58361,California
El Dorado,2021-03-30,1326,91496,408,41827,827,47322,91,2347,679,24677,642,34453,769,59130,California
El Dorado,2021-03-31,1533,93029,579,42406,892,48214,62,2409,699,24605,832,35285,760,59890,California
El Dorado,2021-04-01,3194,96223,1747,44153,1364,49578,83,2492,1516,24530,1676,36961,1601,61491,California
El Dorado,2021-04-02,1860,98083,554,44707,1212,50790,94,2586,745,24258,1111,38072,839,62330,California
El Dorado,2021-04-03,734,98817,284,44991,330,51120,120,2706,216,24078,515,38587,335,62665,California
El Dorado,2021-04-04,266,99083,84,45075,135,51255,47,2753,95,24050,170,38757,142,62807,California
El Dorado,2021-04-05,1415,100498,422,45497,900,52155,93,2846,592,23916,819,39576,685,63492,California
El Dorado,2021-04-06,1405,101903,516,46013,668,52823,221,3067,447,23628,956,40532,668,64160,California
El Dorado,2021-04-07,1559,103462,551,46564,564,53387,444,3511,553,23620,1003,41535,995,65155,California
El Dorado,2021-04-08,2666,106128,1722,48286,708,54095,236,3747,1115,23426,1544,43079,1350,66505,California
El Dorado,2021-04-09,1402,107530,440,48726,744,54839,218,3965,556,23355,843,43922,772,67277,California
El Dorado,2021-04-10,814,108344,219,48945,486,55325,109,4074,472,23596,340,44262,581,67858,California
El Dorado,2021-04-11,693,109037,451,49396,226,55551,16,4090,204,23327,489,44751,220,68078,California
El Dorado,2021-04-12,1280,110317,499,49895,635,56186,146,4236,564,23328,709,45460,710,68788,California
El Dorado,2021-04-13,1116,111433,608,50503,508,56694,0,4236,519,23254,593,46053,519,69307,California
El Dorado,2021-04-14,1060,112493,434,50937,625,57319,1,4237,361,22929,687,46740,362,69669,California
El Dorado,2021-04-15,2479,114972,1671,52608,808,58127,0,4237,964,22382,1512,48252,965,70634,California
El Dorado,2021-04-16,1445,116417,513,53121,932,59059,0,4237,608,22159,832,49084,609,71243,California
El Dorado,2021-04-17,738,117155,191,53312,547,59606,0,4237,472,22366,265,49349,472,71715,California
El Dorado,2021-04-18,959,118114,74,53386,885,60491,0,4237,394,22196,564,49913,394,72109,California
El Dorado,2021-04-19,1690,119804,433,53819,1257,61748,0,4237,685,21882,999,50912,685,72794,California
El Dorado,2021-04-20,1097,120901,346,54165,751,62499,0,4237,454,21697,639,51551,454,73248,California
El Dorado,2021-04-21,1114,122015,451,54616,660,63159,3,4240,564,21718,544,52095,565,73813,California
El Dorado,2021-04-22,2394,124409,1616,56232,778,63937,0,4240,964,21253,1429,53524,964,74777,California
El Dorado,2021-04-23,1080,125489,324,56556,756,64693,0,4240,514,21204,563,54087,514,75291,California
El Dorado,2021-04-24,98,125587,59,56615,39,64732,0,4240,61,21228,37,54124,61,75352,California
Fresno,2020-12-15,2,2,2,2,0,0,0,0,2,2,0,0,2,2,California
Fresno,2020-12-16,121,123,121,123,0,0,0,0,121,123,0,0,121,123,California
Fresno,2020-12-17,120,243,120,243,0,0,0,0,120,243,0,0,120,243,California
Fresno,2020-12-18,344,587,344,587,0,0,0,0,344,587,0,0,344,587,California
Fresno,2020-12-19,157,744,157,744,0,0,0,0,157,744,0,0,157,744,California
Fresno,2020-12-20,257,1001,255,999,2,2,0,0,257,1001,0,0,257,1001,California
Fresno,2020-12-21,925,1926,924,1923,1,3,0,0,957,1958,0,0,957,1958,California
Fresno,2020-12-22,901,2827,872,2795,29,32,0,0,905,2863,0,0,905,2863,California
Fresno,2020-12-23,1084,3911,1047,3842,37,69,0,0,1085,3948,0,0,1085,3948,California
Fresno,2020-12-24,581,4492,562,4404,19,88,0,0,581,4529,0,0,581,4529,California
Fresno,2020-12-25,2,4494,1,4405,1,89,0,0,2,4531,0,0,2,4531,California
Fresno,2020-12-26,722,5216,713,5118,9,98,0,0,722,5253,0,0,722,5253,California
Fresno,2020-12-27,300,5516,204,5322,96,194,0,0,300,5553,0,0,300,5553,California
Fresno,2020-12-28,1061,6577,774,6096,287,481,0,0,1061,6614,0,0,1061,6614,California
Fresno,2020-12-29,1769,8346,1040,7136,729,1210,0,0,1767,8380,1,1,1767,8381,California
Fresno,2020-12-30,980,9326,477,7613,503,1713,0,0,980,9360,0,1,980,9361,California
Fresno,2020-12-31,894,10220,310,7923,584,2297,0,0,893,10253,0,1,893,10254,California
Fresno,2021-01-01,9,10229,3,7926,6,2303,0,0,9,10262,0,1,9,10263,California
Fresno,2021-01-02,1031,11260,717,8643,314,2617,0,0,1031,11293,0,1,1031,11294,California
Fresno,2021-01-03,153,11413,128,8771,25,2642,0,0,153,11446,0,1,153,11447,California
Fresno,2021-01-04,612,12025,374,9145,238,2880,0,0,612,12058,0,1,612,12059,California
Fresno,2021-01-05,777,12802,311,9456,466,3346,0,0,703,12687,74,75,703,12762,California
Fresno,2021-01-06,974,13776,346,9802,628,3974,0,0,802,13317,172,247,802,13564,California
Fresno,2021-01-07,1887,15663,916,10718,971,4945,0,0,1633,14699,254,501,1636,15200,California
Fresno,2021-01-08,1779,17442,614,11332,1165,6110,0,0,1415,15752,362,863,1415,16615,California
Fresno,2021-01-09,628,18070,386,11718,242,6352,0,0,354,15832,274,1137,354,16969,California
Fresno,2021-01-10,515,18585,485,12203,30,6382,0,0,202,15721,313,1450,202,17171,California
Fresno,2021-01-11,2157,20742,1751,13954,406,6788,0,0,1464,16495,693,2143,1467,18638,California
Fresno,2021-01-12,2522,23264,1826,15780,696,7484,0,0,1675,17323,849,2992,1677,20315,California
Fresno,2021-01-13,3534,26798,2421,18201,1113,8597,0,0,2678,19147,856,3848,2680,22995,California
Fresno,2021-01-14,4147,30945,2198,20399,1949,10546,0,0,3677,22355,469,4317,3677,26672,California
Fresno,2021-01-15,3640,34585,2531,22930,1109,11655,0,0,3282,25283,358,4675,3286,29958,California
Fresno,2021-01-16,3150,37735,2308,25238,842,12497,0,0,2686,27507,463,5138,2687,32645,California
Fresno,2021-01-17,977,38712,555,25793,422,12919,0,0,779,28088,198,5336,779,33424,California
Fresno,2021-01-18,3072,41784,2367,28160,705,13624,0,0,2408,29836,662,5998,2410,35834,California
Fresno,2021-01-19,4323,46107,2540,30700,1783,15407,0,0,3676,32868,647,6645,3679,39513,California
Fresno,2021-01-20,2994,49101,1186,31886,1808,17215,0,0,2694,35264,301,6946,2697,42210,California
Fresno,2021-01-21,4346,53447,1999,33885,2347,19562,0,0,3999,38939,329,7275,4004,46214,California
Fresno,2021-01-22,3308,56755,1346,35231,1962,21524,0,0,2920,41489,371,7646,2921,49135,California
Fresno,2021-01-23,3042,59797,1969,37200,1073,22597,0,0,2319,43093,722,8368,2326,51461,California
Fresno,2021-01-24,552,60349,372,37572,180,22777,0,0,347,43238,205,8573,350,51811,California
Fresno,2021-01-25,2338,62687,864,38436,1474,24251,0,0,1852,44608,486,9059,1856,53667,California
Fresno,2021-01-26,2019,64706,584,39020,1435,25686,0,0,1316,45224,701,9760,1317,54984,California
Fresno,2021-01-27,2254,66960,1164,40184,1090,26776,0,0,1734,46442,519,10279,1737,56721,California
Fresno,2021-01-28,4470,71430,3037,43221,1433,28209,0,0,3455,48889,1011,11290,3458,60179,California
Fresno,2021-01-29,1700,73130,984,44205,716,28925,0,0,1403,49999,294,11584,1404,61583,California
Fresno,2021-01-30,1443,74573,550,44755,893,29818,0,0,1028,50612,415,11999,1028,62611,California
Fresno,2021-01-31,225,74798,216,44971,9,29827,0,0,71,50529,154,12153,71,62682,California
Fresno,2021-02-01,3327,78125,1662,46633,1665,31492,0,0,1815,50851,1511,13664,1833,64515,California
Fresno,2021-02-02,2715,80840,551,47184,2164,33656,0,0,1585,51336,1116,14780,1601,66116,California
Fresno,2021-02-03,3532,84372,2095,49279,1437,35093,0,0,1518,50855,2000,16780,1519,67635,California
Fresno,2021-02-04,4193,88565,1894,51173,2299,37392,0,0,1929,50555,2234,19014,1934,69569,California
Fresno,2021-02-05,5323,93888,2723,53896,2600,39992,0,0,2305,49849,3013,22027,2307,71876,California
Fresno,2021-02-06,2933,96821,2046,55942,887,40879,0,0,975,48871,1955,23982,977,72853,California
Fresno,2021-02-07,465,97286,286,56228,179,41058,0,0,271,48949,193,24175,271,73124,California
Fresno,2021-02-08,4273,101559,2293,58521,1980,43038,0,0,1810,48329,2439,26614,1819,74943,California
Fresno,2021-02-09,5327,106886,2081,60602,3246,46284,0,0,3118,49321,2134,28748,3126,78069,California
Fresno,2021-02-10,3875,110761,1234,61836,2641,48925,0,0,1985,49482,1835,30583,1996,80065,California
Fresno,2021-02-11,6440,117201,2088,63924,4352,53277,0,0,3380,49821,3046,33629,3385,83450,California
Fresno,2021-02-12,5371,122572,1382,65306,3989,57266,0,0,2743,49961,2609,36238,2749,86199,California
Fresno,2021-02-13,3729,126301,1546,66852,2183,59449,0,0,2079,50406,1639,37877,2084,88283,California
Fresno,2021-02-14,1561,127862,281,67133,1280,60729,0,0,848,50544,712,38589,850,89133,California
Fresno,2021-02-15,2887,130749,271,67404,2616,63345,0,0,1783,51231,1100,39689,1787,90920,California
Fresno,2021-02-16,6677,137426,2400,69804,4277,67622,0,0,4244,53065,2416,42105,4250,95170,California
Fresno,2021-02-17,5331,142757,2454,72258,2877,70499,0,0,2982,53746,2305,44410,2986,98156,California
Fresno,2021-02-18,6854,149611,2902,75160,3952,74451,0,0,2579,52110,4226,48636,2590,100746,California
Fresno,2021-02-19,3833,153444,1099,76259,2734,77185,0,0,1828,51946,1995,50631,1831,102577,California
Fresno,2021-02-20,4535,157979,2501,78760,2034,79219,0,0,3056,53535,1473,52104,3062,105639,California
Fresno,2021-02-21,186,158165,169,78929,17,79236,0,0,127,53616,46,52150,127,105766,California
Fresno,2021-02-22,2227,160392,1000,79929,1227,80463,0,0,1224,53849,995,53145,1228,106994,California
Fresno,2021-02-23,3877,164269,1470,81399,2407,82870,0,0,3018,56020,849,53994,3020,110014,California
Fresno,2021-02-24,4171,168440,1492,82891,2679,85549,0,0,3427,58717,733,54727,3430,113444,California
Fresno,2021-02-25,7468,175908,2511,85402,4957,90506,0,0,6013,63346,1391,56118,6020,119464,California
Fresno,2021-02-26,8312,184220,3030,88432,5282,95788,0,0,7032,69124,1259,57377,7037,126501,California
Fresno,2021-02-27,6286,190506,2197,90629,4089,99877,0,0,5603,74058,675,58052,5609,132110,California
Fresno,2021-02-28,1633,192139,530,91159,1103,100980,0,0,1548,75532,74,58126,1548,133658,California
Fresno,2021-03-01,4901,197040,1289,92448,3612,104592,0,0,3598,77845,1293,59419,3606,137264,California
Fresno,2021-03-02,8486,205526,2302,94750,6184,110776,0,0,7128,83661,1335,60754,7151,144415,California
Fresno,2021-03-03,6678,212204,1610,96360,5067,115843,1,1,5666,88443,999,61753,5781,150196,California
Fresno,2021-03-04,8470,220674,2528,98888,5942,121785,0,1,6956,93919,1488,63241,6964,157160,California
Fresno,2021-03-05,7933,228607,2700,101588,5232,127017,1,2,6920,100033,882,64123,6996,164156,California
Fresno,2021-03-06,6460,235067,3537,105125,2806,129823,117,119,5516,104732,938,65061,5637,169793,California
Fresno,2021-03-07,1473,236540,675,105800,764,130587,34,153,1246,105788,225,65286,1281,171074,California
Fresno,2021-03-08,5038,241578,1996,107796,2890,133477,152,305,3867,108654,1164,66450,4030,175104,California
Fresno,2021-03-09,7045,248623,2369,110165,4407,137884,269,574,3947,109825,3080,69530,4251,179355,California
Fresno,2021-03-10,6610,255233,2742,112907,3476,141360,392,966,5215,114056,1385,70915,5616,184971,California
Fresno,2021-03-11,11334,266567,4536,117443,6232,147592,566,1532,6190,115785,5103,76018,6832,191803,California
Fresno,2021-03-12,11511,278078,4917,122360,6144,153736,450,1982,8527,121935,2967,78985,9117,200920,California
Fresno,2021-03-13,8155,286233,3897,126257,3236,156972,1022,3004,3915,122724,4221,83206,5010,205930,California
Fresno,2021-03-14,1746,287979,466,126723,1000,157972,280,3284,659,122583,1078,84284,937,206867,California
Fresno,2021-03-15,6904,294883,2985,129708,3749,161721,170,3454,4746,125538,2144,86428,5099,211966,California
Fresno,2021-03-16,10044,304927,4402,134110,5248,166969,394,3848,6043,128098,3973,90401,6533,218499,California
Fresno,2021-03-17,8444,313371,3867,137977,3882,170851,695,4543,5671,132089,2755,93156,6746,225245,California
Fresno,2021-03-18,12231,325602,6555,144532,5047,175898,629,5172,8023,136997,4166,97322,9074,234319,California
Fresno,2021-03-19,10738,336340,5621,150153,4503,180401,614,5786,7274,141742,3437,100759,8182,242501,California
Fresno,2021-03-20,7363,343703,4409,154562,2642,183043,312,6098,4510,144002,2831,103590,5091,247592,California
Fresno,2021-03-21,1770,345473,1199,155761,200,183243,371,6469,960,144528,806,104396,1332,248924,California
Fresno,2021-03-22,5632,351105,2887,158648,2150,185393,595,7064,3841,147387,1776,106172,4635,253559,California
Fresno,2021-03-23,10532,361637,5236,163884,4804,190197,492,7556,6074,149939,4441,110613,6993,260552,California
Fresno,2021-03-24,8592,370229,3630,167514,4133,194330,829,8385,4733,151727,3827,114440,5615,266167,California
Fresno,2021-03-25,12039,382268,5572,173086,5685,200015,782,9167,6186,152962,5815,120255,7050,273217,California
Fresno,2021-03-26,11985,394253,5321,178407,6022,206037,642,9809,5277,152236,6664,126919,5938,279155,California
Fresno,2021-03-27,9359,403612,4123,182530,4152,210189,1084,10893,2937,149869,6391,133310,4024,283179,California
Fresno,2021-03-28,3277,406889,1197,183727,1393,211582,687,11580,1257,150059,2013,135323,2203,285382,California
Fresno,2021-03-29,5988,412877,1976,185703,3471,215053,541,12121,2906,150462,3057,138380,3460,288842,California
Fresno,2021-03-30,10719,423596,4199,189902,5639,220692,881,13002,4437,149521,6260,144640,5319,294161,California
Fresno,2021-03-31,9204,432800,3307,193209,4924,225616,973,13975,3837,149001,5330,149970,4810,298971,California
Fresno,2021-04-01,11267,444067,4048,197257,6371,231987,848,14823,3911,146436,7283,157253,4718,303689,California
Fresno,2021-04-02,11453,455520,4390,201647,6278,238265,785,15608,4196,144314,7109,164362,4987,308676,California
Fresno,2021-04-03,6129,461649,3372,205019,2509,240774,248,15856,2208,142901,3907,168269,2494,311170,California
Fresno,2021-04-04,1488,463137,534,205553,911,241685,43,15899,564,142592,916,169185,607,311777,California
Fresno,2021-04-05,8219,471356,4436,209989,2990,244675,793,16692,2518,140279,5693,174878,3380,315157,California
Fresno,2021-04-06,9451,480807,3935,213924,4341,249016,1175,17867,3582,139213,5837,180715,4771,319928,California
Fresno,2021-04-07,10277,491084,5284,219208,3813,252829,1180,19047,3539,137256,6705,187420,4748,324676,California
Fresno,2021-04-08,10769,501853,5109,224317,4528,257357,1132,20179,3501,134703,7231,194651,4678,329354,California
Fresno,2021-04-09,10609,512462,5068,229385,4192,261549,1349,21528,3577,132656,6996,201647,4949,334303,California
Fresno,2021-04-10,7800,520262,5104,234489,2176,263725,520,22048,3715,132812,4080,205727,4236,338539,California
Fresno,2021-04-11,1387,521649,928,235417,369,264094,90,22138,449,132417,933,206660,538,339077,California
Fresno,2021-04-12,7085,528734,3754,239171,2428,266522,903,23041,2311,130877,4755,211415,3215,342292,California
Fresno,2021-04-13,8871,537605,4211,243382,4590,271112,70,23111,3500,129197,5342,216757,3662,345954,California
Fresno,2021-04-14,8754,546359,5126,248508,3628,274740,0,23111,3615,127749,5108,221865,3660,349614,California
Fresno,2021-04-15,7744,554103,3603,252111,4139,278879,2,23113,3000,126036,4718,226583,3005,352619,California
Fresno,2021-04-16,8895,562998,4221,256332,4672,283551,2,23115,3812,124810,5045,231628,3819,356438,California
Fresno,2021-04-17,5557,568555,3726,260058,1831,285382,0,23115,2710,124689,2832,234460,2711,359149,California
Fresno,2021-04-18,1016,569571,547,260605,469,285851,0,23115,472,124619,542,235002,472,359621,California
Fresno,2021-04-19,5370,574941,2899,263504,2467,288318,4,23119,2166,123619,3173,238175,2173,361794,California
Fresno,2021-04-20,6766,581707,3287,266791,3471,291789,8,23127,2522,121929,4221,242396,2531,364325,California
Fresno,2021-04-21,6112,587819,3383,270174,2721,294510,8,23135,2548,120947,3542,245938,2560,366885,California
Fresno,2021-04-22,6082,593901,3000,273174,3081,297591,1,23136,2201,119311,3840,249778,2204,369089,California
Fresno,2021-04-23,5852,599753,3421,276595,2409,300000,22,23158,2403,118309,3416,253194,2414,371503,California
Fresno,2021-04-24,2117,601870,1390,277985,727,300727,0,23158,1019,118236,1092,254286,1019,372522,California
Glenn,2020-12-17,1,1,1,1,0,0,0,0,1,1,0,0,1,1,California
Glenn,2020-12-19,1,2,1,2,0,0,0,0,1,2,0,0,1,2,California
Glenn,2020-12-20,1,3,1,3,0,0,0,0,1,3,0,0,1,3,California
Glenn,2020-12-21,11,14,11,14,0,0,0,0,11,14,0,0,11,14,California
Glenn,2020-12-22,59,73,59,73,0,0,0,0,59,73,0,0,59,73,California
Glenn,2020-12-23,27,100,27,100,0,0,0,0,27,100,0,0,27,100,California
Glenn,2020-12-24,9,109,9,109,0,0,0,0,9,109,0,0,9,109,California
Glenn,2020-12-26,2,111,2,111,0,0,0,0,2,111,0,0,2,111,California
Glenn,2020-12-27,4,115,4,115,0,0,0,0,4,115,0,0,4,115,California
Glenn,2020-12-28,21,136,21,136,0,0,0,0,21,136,0,0,21,136,California
Glenn,2020-12-29,82,218,82,218,0,0,0,0,82,218,0,0,82,218,California
Glenn,2020-12-30,128,346,106,324,22,22,0,0,128,346,0,0,128,346,California
Glenn,2020-12-31,38,384,9,333,29,51,0,0,38,384,0,0,38,384,California
Glenn,2021-01-02,2,386,2,335,0,51,0,0,2,386,0,0,2,386,California
Glenn,2021-01-04,7,393,5,340,2,53,0,0,7,393,0,0,7,393,California
Glenn,2021-01-05,9,402,8,348,1,54,0,0,9,402,0,0,9,402,California
Glenn,2021-01-06,60,462,8,356,52,106,0,0,60,462,0,0,60,462,California
Glenn,2021-01-07,67,529,12,368,55,161,0,0,65,525,2,2,65,527,California
Glenn,2021-01-08,11,540,9,377,2,163,0,0,11,536,0,2,11,538,California
Glenn,2021-01-10,1,541,1,378,0,163,0,0,0,535,1,3,0,538,California
Glenn,2021-01-11,30,571,30,408,0,163,0,0,12,529,18,21,12,550,California
Glenn,2021-01-12,42,613,37,445,5,168,0,0,14,515,28,49,14,564,California
Glenn,2021-01-13,153,766,88,533,65,233,0,0,109,580,44,93,109,673,California
Glenn,2021-01-14,185,951,96,629,89,322,0,0,175,745,10,103,175,848,California
Glenn,2021-01-15,42,993,34,663,8,330,0,0,37,777,5,108,37,885,California
Glenn,2021-01-16,34,1027,14,677,20,350,0,0,24,791,10,118,24,909,California
Glenn,2021-01-17,4,1031,2,679,2,352,0,0,2,791,2,120,2,911,California
Glenn,2021-01-18,17,1048,16,695,1,353,0,0,9,792,8,128,9,920,California
Glenn,2021-01-19,31,1079,20,715,11,364,0,0,14,789,17,145,14,934,California
Glenn,2021-01-20,163,1242,94,809,69,433,0,0,82,790,81,226,82,1016,California
Glenn,2021-01-21,124,1366,98,907,26,459,0,0,30,726,94,320,30,1046,California
Glenn,2021-01-22,337,1703,63,970,274,733,0,0,330,1049,7,327,330,1376,California
Glenn,2021-01-23,14,1717,7,977,7,740,0,0,12,1059,2,329,12,1388,California
Glenn,2021-01-24,2,1719,2,979,0,740,0,0,2,1061,0,329,2,1390,California
Glenn,2021-01-25,27,1746,9,988,18,758,0,0,24,1082,3,332,24,1414,California
Glenn,2021-01-26,29,1775,13,1001,16,774,0,0,23,1099,6,338,23,1437,California
Glenn,2021-01-27,187,1962,13,1014,174,948,0,0,166,1244,21,359,166,1603,California
Glenn,2021-01-28,146,2108,8,1022,138,1086,0,0,116,1330,30,389,116,1719,California
Glenn,2021-01-29,296,2404,12,1034,284,1370,0,0,282,1598,14,403,282,2001,California
Glenn,2021-01-30,5,2409,0,1034,5,1375,0,0,5,1603,0,403,5,2006,California
Glenn,2021-01-31,1,2410,0,1034,1,1376,0,0,1,1604,0,403,1,2007,California
Glenn,2021-02-01,28,2438,10,1044,18,1394,0,0,16,1608,12,415,16,2023,California
Glenn,2021-02-02,28,2466,13,1057,15,1409,0,0,19,1618,9,424,19,2042,California
Glenn,2021-02-03,207,2673,58,1115,149,1558,0,0,112,1635,95,519,112,2154,California
Glenn,2021-02-04,150,2823,84,1199,66,1624,0,0,45,1575,105,624,45,2199,California
Glenn,2021-02-05,319,3142,24,1223,295,1919,0,0,300,1856,19,643,300,2499,California
Glenn,2021-02-06,14,3156,2,1225,12,1931,0,0,13,1868,1,644,13,2512,California
Glenn,2021-02-07,2,3158,2,1227,0,1931,0,0,2,1870,0,644,2,2514,California
Glenn,2021-02-08,21,3179,17,1244,4,1935,0,0,4,1857,17,661,4,2518,California
Glenn,2021-02-09,49,3228,20,1264,29,1964,0,0,36,1880,13,674,36,2554,California
Glenn,2021-02-10,138,3366,19,1283,119,2083,0,0,64,1870,74,748,64,2618,California
Glenn,2021-02-11,232,3598,132,1415,100,2183,0,0,149,1936,83,831,149,2767,California
Glenn,2021-02-12,420,4018,99,1514,321,2504,0,0,356,2228,64,895,356,3123,California
Glenn,2021-02-13,34,4052,7,1521,27,2531,0,0,16,2226,18,913,16,3139,California
Glenn,2021-02-14,1,4053,0,1521,1,2532,0,0,1,2227,0,913,1,3140,California
Glenn,2021-02-15,8,4061,0,1521,8,2540,0,0,8,2235,0,913,8,3148,California
Glenn,2021-02-16,39,4100,9,1530,30,2570,0,0,21,2238,18,931,21,3169,California
Glenn,2021-02-17,380,4480,15,1545,365,2935,0,0,302,2462,78,1009,302,3471,California
Glenn,2021-02-18,135,4615,100,1645,35,2970,0,0,111,2549,24,1033,111,3582,California
Glenn,2021-02-19,303,4918,17,1662,286,3256,0,0,29,2304,274,1307,29,3611,California
Glenn,2021-02-20,8,4926,0,1662,8,3264,0,0,0,2296,8,1315,0,3611,California
Glenn,2021-02-22,33,4959,14,1676,19,3283,0,0,17,2297,16,1331,17,3628,California
Glenn,2021-02-23,40,4999,10,1686,30,3313,0,0,28,2313,12,1343,28,3656,California
Glenn,2021-02-24,221,5220,15,1701,206,3519,0,0,47,2186,174,1517,47,3703,California
Glenn,2021-02-25,262,5482,148,1849,114,3633,0,0,118,2160,144,1661,118,3821,California
Glenn,2021-02-26,304,5786,24,1873,280,3913,0,0,20,1897,283,1944,20,3841,California
Glenn,2021-02-27,15,5801,5,1878,10,3923,0,0,5,1893,9,1953,5,3846,California
Glenn,2021-02-28,6,5807,3,1881,3,3926,0,0,3,1894,2,1955,3,3849,California
Glenn,2021-03-01,28,5835,6,1887,22,3948,0,0,12,1890,16,1971,12,3861,California
Glenn,2021-03-02,35,5870,7,1894,28,3976,0,0,17,1889,18,1989,17,3878,California
Glenn,2021-03-03,193,6063,37,1931,156,4132,0,0,101,1899,91,2080,101,3979,California
Glenn,2021-03-04,520,6583,175,2106,345,4477,0,0,376,2131,144,2224,376,4355,California
Glenn,2021-03-05,355,6938,47,2153,308,4785,0,0,34,1844,321,2545,34,4389,California
Glenn,2021-03-06,26,6964,3,2156,22,4807,1,1,9,1837,17,2562,10,4399,California
Glenn,2021-03-07,5,6969,0,2156,5,4812,0,1,3,1839,1,2563,3,4402,California
Glenn,2021-03-08,20,6989,2,2158,17,4829,1,2,18,1856,2,2565,19,4421,California
Glenn,2021-03-09,82,7071,11,2169,68,4897,3,5,54,1884,28,2593,56,4477,California
Glenn,2021-03-10,171,7242,68,2237,101,4998,2,7,95,1905,76,2669,97,4574,California
Glenn,2021-03-11,584,7826,170,2407,391,5389,23,30,454,2252,130,2799,477,5051,California
Glenn,2021-03-12,417,8243,14,2421,342,5731,61,91,41,1978,376,3175,102,5153,California
Glenn,2021-03-13,12,8255,1,2422,3,5734,8,99,1,1976,11,3186,9,5162,California
Glenn,2021-03-14,3,8258,1,2423,2,5736,0,99,2,1977,1,3187,2,5164,California
Glenn,2021-03-15,75,8333,15,2438,55,5791,5,104,60,2027,15,3202,65,5229,California
Glenn,2021-03-16,106,8439,33,2471,62,5853,11,115,65,2062,41,3243,76,5305,California
Glenn,2021-03-17,417,8856,97,2568,313,6166,7,122,116,1882,301,3544,121,5426,California
Glenn,2021-03-18,520,9376,214,2782,50,6216,256,378,145,1907,375,3919,400,5826,California
Glenn,2021-03-19,91,9467,16,2798,69,6285,6,384,70,1963,20,3939,76,5902,California
Glenn,2021-03-20,121,9588,1,2799,119,6404,1,385,119,2081,2,3941,120,6022,California
Glenn,2021-03-21,6,9594,5,2804,0,6404,1,386,3,2083,2,3943,4,6026,California
Glenn,2021-03-22,116,9710,53,2857,55,6459,8,394,96,2169,18,3961,104,6130,California
Glenn,2021-03-23,173,9883,66,2923,56,6515,51,445,100,2248,72,4033,151,6281,California
Glenn,2021-03-24,205,10088,100,3023,100,6615,5,450,133,2315,71,4104,138,6419,California
Glenn,2021-03-25,455,10543,226,3249,135,6750,94,544,326,2607,128,4232,420,6839,California
Glenn,2021-03-26,225,10768,34,3283,155,6905,36,580,175,2768,50,4282,211,7050,California
Glenn,2021-03-27,151,10919,21,3304,125,7030,5,585,141,2904,10,4292,146,7196,California
Glenn,2021-03-28,15,10934,10,3314,5,7035,0,585,10,2909,5,4297,10,7206,California
Glenn,2021-03-29,58,10992,19,3333,36,7071,3,588,44,2942,14,4311,47,7253,California
Glenn,2021-03-30,73,11065,41,3374,31,7102,1,589,42,2956,29,4340,43,7296,California
Glenn,2021-03-31,125,11190,35,3409,89,7191,1,590,54,2941,70,4410,55,7351,California
Glenn,2021-04-01,637,11827,182,3591,446,7637,9,599,226,2767,409,4819,235,7586,California
Glenn,2021-04-02,158,11985,25,3616,121,7758,12,611,122,2865,36,4855,134,7720,California
Glenn,2021-04-03,91,12076,4,3620,80,7838,7,618,80,2941,11,4866,87,7807,California
Glenn,2021-04-04,8,12084,3,3623,3,7841,2,620,4,2943,4,4870,6,7813,California
Glenn,2021-04-05,65,12149,25,3648,27,7868,13,633,28,2947,37,4907,41,7854,California
Glenn,2021-04-06,143,12292,52,3700,52,7920,39,672,37,2917,105,5012,75,7929,California
Glenn,2021-04-07,159,12451,46,3746,59,7979,54,726,73,2958,86,5098,127,8056,California
Glenn,2021-04-08,638,13089,188,3934,416,8395,34,760,137,2630,499,5597,171,8227,California
Glenn,2021-04-09,158,13247,58,3992,84,8479,16,776,101,2690,57,5654,117,8344,California
Glenn,2021-04-10,75,13322,1,3993,63,8542,11,787,63,2752,12,5666,74,8418,California
Glenn,2021-04-11,17,13339,8,4001,4,8546,5,792,7,2754,10,5676,12,8430,California
Glenn,2021-04-12,114,13453,24,4025,61,8607,29,821,20,2709,94,5770,49,8479,California
Glenn,2021-04-13,117,13570,63,4088,54,8661,0,821,31,2655,85,5855,31,8510,California
Glenn,2021-04-14,120,13690,45,4133,75,8736,0,821,66,2667,54,5909,66,8576,California
Glenn,2021-04-15,360,14050,274,4407,86,8822,0,821,124,2555,236,6145,124,8700,California
Glenn,2021-04-16,163,14213,39,4446,124,8946,0,821,81,2554,82,6227,81,8781,California
Glenn,2021-04-17,163,14376,16,4462,147,9093,0,821,35,2467,122,6349,35,8816,California
Glenn,2021-04-18,16,14392,3,4465,13,9106,0,821,13,2477,3,6352,13,8829,California
Glenn,2021-04-19,82,14474,17,4482,65,9171,0,821,27,2450,54,6406,27,8856,California
Glenn,2021-04-20,125,14599,81,4563,44,9215,0,821,56,2437,69,6475,56,8912,California
Glenn,2021-04-21,407,15006,304,4867,103,9318,0,821,282,2594,125,6600,282,9194,California
Glenn,2021-04-22,206,15212,47,4914,159,9477,0,821,44,2477,161,6761,44,9238,California
Glenn,2021-04-23,166,15378,24,4938,142,9619,0,821,46,2404,119,6880,46,9284,California
Glenn,2021-04-24,147,15525,1,4939,146,9765,0,821,31,2319,116,6996,31,9315,California
Humboldt,2020-12-15,2,2,2,2,0,0,0,0,2,2,0,0,2,2,California
Humboldt,2020-12-16,15,17,15,17,0,0,0,0,15,17,0,0,15,17,California
Humboldt,2020-12-17,117,134,117,134,0,0,0,0,117,134,0,0,117,134,California
Humboldt,2020-12-18,176,310,176,310,0,0,0,0,176,310,0,0,176,310,California
Humboldt,2020-12-19,10,320,10,320,0,0,0,0,10,320,0,0,10,320,California
Humboldt,2020-12-20,28,348,28,348,0,0,0,0,28,348,0,0,28,348,California
Humboldt,2020-12-21,165,513,165,513,0,0,0,0,165,513,0,0,165,513,California
Humboldt,2020-12-22,293,806,293,806,0,0,0,0,293,806,0,0,293,806,California
Humboldt,2020-12-23,310,1116,262,1068,48,48,0,0,311,1117,0,0,311,1117,California
Humboldt,2020-12-24,25,1141,2,1070,23,71,0,0,25,1142,0,0,25,1142,California
Humboldt,2020-12-25,2,1143,2,1072,0,71,0,0,2,1144,0,0,2,1144,California
Humboldt,2020-12-26,6,1149,5,1077,1,72,0,0,6,1150,0,0,6,1150,California
Humboldt,2020-12-28,154,1303,144,1221,10,82,0,0,154,1304,0,0,154,1304,California
Humboldt,2020-12-29,167,1470,124,1345,43,125,0,0,167,1471,0,0,167,1471,California
Humboldt,2020-12-30,223,1693,124,1469,99,224,0,0,223,1694,0,0,223,1694,California
Humboldt,2020-12-31,242,1935,79,1548,163,387,0,0,242,1936,0,0,242,1936,California
Humboldt,2021-01-01,2,1937,1,1549,1,388,0,0,2,1938,0,0,2,1938,California
Humboldt,2021-01-02,38,1975,1,1550,37,425,0,0,38,1976,0,0,38,1976,California
Humboldt,2021-01-04,217,2192,142,1692,75,500,0,0,218,2194,0,0,218,2194,California
Humboldt,2021-01-05,128,2320,18,1710,110,610,0,0,127,2320,1,1,127,2321,California
Humboldt,2021-01-06,302,2622,203,1913,99,709,0,0,230,2489,61,62,230,2551,California
Humboldt,2021-01-07,417,3039,305,2218,112,821,0,0,304,2695,98,160,304,2855,California
Humboldt,2021-01-08,419,3458,279,2497,140,961,0,0,284,2848,131,291,284,3139,California
Humboldt,2021-01-09,69,3527,45,2542,24,985,0,0,66,2912,3,294,67,3206,California
Humboldt,2021-01-10,84,3611,84,2626,0,985,0,0,4,2836,80,374,4,3210,California
Humboldt,2021-01-11,287,3898,276,2902,11,996,0,0,72,2697,211,585,72,3282,California
Humboldt,2021-01-12,480,4378,317,3219,163,1159,0,0,298,2835,160,745,298,3580,California
Humboldt,2021-01-13,480,4858,274,3493,206,1365,0,0,303,2965,174,919,304,3884,California
Humboldt,2021-01-14,518,5376,161,3654,357,1722,0,0,462,3372,56,975,463,4347,California
Humboldt,2021-01-15,374,5750,39,3693,335,2057,0,0,357,3712,17,992,357,4704,California
Humboldt,2021-01-16,170,5920,6,3699,164,2221,0,0,169,3880,1,993,169,4873,California
Humboldt,2021-01-17,6,5926,4,3703,2,2223,0,0,6,3886,0,993,6,4879,California
Humboldt,2021-01-18,292,6218,257,3960,35,2258,0,0,143,3880,149,1142,143,5022,California
Humboldt,2021-01-19,626,6844,372,4332,254,2512,0,0,499,4258,121,1263,499,5521,California
Humboldt,2021-01-20,911,7755,401,4733,510,3022,0,0,763,4884,139,1402,765,6286,California
Humboldt,2021-01-21,956,8711,260,4993,696,3718,0,0,915,5758,41,1443,915,7201,California
Humboldt,2021-01-22,675,9386,376,5369,299,4017,0,0,667,6417,8,1451,667,7868,California
Humboldt,2021-01-23,800,10186,271,5640,529,4546,0,0,791,7200,9,1460,792,8660,California
Humboldt,2021-01-24,226,10412,1,5641,225,4771,0,0,225,7424,1,1461,225,8885,California
Humboldt,2021-01-25,303,10715,232,5873,71,4842,0,0,149,7419,154,1615,149,9034,California
Humboldt,2021-01-26,526,11241,141,6014,385,5227,0,0,479,7851,47,1662,479,9513,California
Humboldt,2021-01-27,1258,12499,585,6599,673,5900,0,0,1193,8987,58,1720,1194,10707,California
Humboldt,2021-01-28,1448,13947,627,7226,821,6721,0,0,1313,10170,132,1852,1315,12022,California
Humboldt,2021-01-29,1129,15076,543,7769,586,7307,0,0,710,10462,419,2271,711,12733,California
Humboldt,2021-01-30,972,16048,458,8227,514,7821,0,0,961,11413,11,2282,962,13695,California
Humboldt,2021-01-31,310,16358,309,8536,1,7822,0,0,309,11721,1,2283,309,14004,California
Humboldt,2021-02-01,333,16691,192,8728,141,7963,0,0,189,11767,143,2426,189,14193,California
Humboldt,2021-02-02,442,17133,73,8801,369,8332,0,0,339,12007,101,2527,341,14534,California
Humboldt,2021-02-03,652,17785,259,9060,393,8725,0,0,502,12359,150,2677,502,15036,California
Humboldt,2021-02-04,638,18423,262,9322,376,9101,0,0,442,12608,193,2870,442,15478,California
Humboldt,2021-02-05,810,19233,94,9416,716,9817,0,0,624,13046,186,3056,624,16102,California
Humboldt,2021-02-06,1053,20286,443,9859,610,10427,0,0,1012,14019,40,3096,1013,17115,California
Humboldt,2021-02-07,377,20663,7,9866,370,10797,0,0,373,14389,4,3100,374,17489,California
Humboldt,2021-02-08,325,20988,142,10008,183,10980,0,0,184,14433,140,3240,184,17673,California
Humboldt,2021-02-09,493,21481,218,10226,275,11255,0,0,178,14296,315,3555,178,17851,California
Humboldt,2021-02-10,562,22043,369,10595,193,11448,0,0,232,14203,325,3880,232,18083,California
Humboldt,2021-02-11,1291,23334,392,10987,899,12347,0,0,510,13935,778,4658,510,18593,California
Humboldt,2021-02-12,1145,24479,733,11720,412,12759,0,0,705,14200,440,5098,705,19298,California
Humboldt,2021-02-13,1499,25978,552,12272,947,13706,0,0,911,14525,586,5684,911,20209,California
Humboldt,2021-02-14,112,26090,5,12277,107,13813,0,0,109,14632,2,5686,109,20318,California
Humboldt,2021-02-15,293,26383,78,12355,215,14028,0,0,196,14731,97,5783,196,20514,California
Humboldt,2021-02-16,534,26917,117,12472,417,14445,0,0,252,14702,282,6065,253,20767,California
Humboldt,2021-02-17,452,27369,280,12752,172,14617,0,0,137,14524,315,6380,137,20904,California
Humboldt,2021-02-18,967,28336,596,13348,371,14988,0,0,230,14018,736,7116,230,21134,California
Humboldt,2021-02-19,476,28812,435,13783,41,15029,0,0,90,13725,383,7499,90,21224,California
Humboldt,2021-02-20,1584,30396,978,14761,606,15635,0,0,475,13096,1106,8605,477,21701,California
Humboldt,2021-02-21,480,30876,472,15233,8,15643,0,0,184,12985,296,8901,185,21886,California
Humboldt,2021-02-22,125,31001,91,15324,34,15677,0,0,26,12914,97,8998,26,21912,California
Humboldt,2021-02-23,173,31174,70,15394,103,15780,0,0,40,12823,131,9129,40,21952,California
Humboldt,2021-02-24,1145,32319,687,16081,458,16238,0,0,568,12815,576,9705,568,22520,California
Humboldt,2021-02-25,829,33148,315,16396,514,16752,0,0,227,12442,600,10305,227,22747,California
Humboldt,2021-02-26,2143,35291,106,16502,2037,18789,0,0,455,11215,1682,11987,455,23202,California
Humboldt,2021-02-27,1687,36978,1072,17574,615,19404,0,0,867,11268,818,12805,871,24073,California
Humboldt,2021-02-28,122,37100,11,17585,111,19515,0,0,117,11380,5,12810,117,24190,California
Humboldt,2021-03-01,255,37355,47,17632,208,19723,0,0,180,11485,75,12885,180,24370,California
Humboldt,2021-03-02,286,37641,48,17680,238,19961,0,0,156,11511,130,13015,156,24526,California
Humboldt,2021-03-03,1643,39284,1095,18775,548,20509,0,0,1220,12315,417,13432,1221,25747,California
Humboldt,2021-03-04,882,40166,107,18882,775,21284,0,0,266,11967,616,14048,268,26015,California
Humboldt,2021-03-05,928,41094,181,19063,736,22020,11,11,375,11804,549,14597,386,26401,California
Humboldt,2021-03-06,1687,42781,837,19900,801,22821,49,60,709,11585,977,15574,758,27159,California
Humboldt,2021-03-07,363,43144,295,20195,50,22871,18,78,158,11556,205,15779,176,27335,California
Humboldt,2021-03-08,257,43401,6,20201,173,23044,78,156,163,11703,94,15873,241,27576,California
Humboldt,2021-03-09,457,43858,201,20402,111,23155,145,301,213,11819,242,16115,358,27934,California
Humboldt,2021-03-10,681,44539,466,20868,62,23217,153,454,412,12114,268,16383,563,28497,California
Humboldt,2021-03-11,1370,45909,461,21329,809,24026,100,554,553,11951,815,17198,652,29149,California
Humboldt,2021-03-12,1736,47645,1082,22411,434,24460,220,774,1047,12539,681,17879,1269,30418,California
Humboldt,2021-03-13,1568,49213,1021,23432,495,24955,52,826,679,12387,883,18762,731,31149,California
Humboldt,2021-03-14,139,49352,18,23450,112,25067,9,835,25,12307,114,18876,34,31183,California
Humboldt,2021-03-15,268,49620,51,23501,197,25264,20,855,51,12161,217,19093,71,31254,California
Humboldt,2021-03-16,632,50252,200,23701,172,25436,260,1115,258,12304,373,19466,516,31770,California
Humboldt,2021-03-17,728,50980,397,24098,223,25659,108,1223,335,12355,392,19858,443,32213,California
Humboldt,2021-03-18,1729,52709,1164,25262,522,26181,43,1266,1037,12748,687,20545,1080,33293,California
Humboldt,2021-03-19,1073,53782,58,25320,701,26882,314,1580,441,12874,629,21174,755,34048,California
Humboldt,2021-03-20,1372,55154,750,26070,609,27491,13,1593,426,12370,944,22118,440,34488,California
Humboldt,2021-03-21,246,55400,33,26103,184,27675,29,1622,199,12551,47,22165,228,34716,California
Humboldt,2021-03-22,111,55511,15,26118,47,27722,49,1671,56,12602,54,22219,105,34821,California
Humboldt,2021-03-23,408,55919,40,26158,325,28047,43,1714,318,12875,88,22307,361,35182,California
Humboldt,2021-03-24,1412,57331,389,26547,976,29023,47,1761,1038,13592,366,22673,1083,36265,California
Humboldt,2021-03-25,1827,59158,1202,27749,563,29586,62,1823,944,13717,881,23554,1006,37271,California
Humboldt,2021-03-26,2023,61181,425,28174,1543,31129,55,1878,1582,14918,436,23990,1637,38908,California
Humboldt,2021-03-27,1922,63103,1436,29610,318,31447,168,2046,1058,15284,860,24850,1226,40134,California
Humboldt,2021-03-28,265,63368,79,29689,115,31562,71,2117,83,15257,182,25032,155,40289,California
Humboldt,2021-03-29,465,63833,124,29813,246,31808,95,2212,197,15281,267,25299,291,40580,California
Humboldt,2021-03-30,931,64764,300,30113,517,32325,114,2326,557,15581,370,25669,670,41250,California
Humboldt,2021-03-31,1846,66610,515,30628,1235,33560,96,2422,1395,16626,448,26117,1493,42743,California
Humboldt,2021-04-01,2084,68694,694,31322,1301,34861,89,2511,1473,17584,604,26721,1562,44305,California
Humboldt,2021-04-02,1687,70381,1100,32422,484,35345,103,2614,597,17200,1084,27805,700,45005,California
Humboldt,2021-04-03,1646,72027,1491,33913,139,35484,16,2630,668,16916,968,28773,684,45689,California
Humboldt,2021-04-04,470,72497,360,34273,101,35585,9,2639,397,17250,73,28846,407,46096,California
Humboldt,2021-04-05,755,73252,454,34727,253,35838,48,2687,436,17417,317,29163,484,46580,California
Humboldt,2021-04-06,811,74063,310,35037,367,36205,134,2821,575,17895,230,29393,708,47288,California
Humboldt,2021-04-07,1475,75538,1054,36091,283,36488,138,2959,983,18526,490,29883,1121,48409,California
Humboldt,2021-04-08,1593,77131,1058,37149,410,36898,125,3084,705,18469,887,30770,830,49239,California
Humboldt,2021-04-09,1405,78536,431,37580,824,37722,150,3234,1132,19473,273,31043,1277,50516,California
Humboldt,2021-04-10,922,79458,134,37714,614,38336,174,3408,727,20179,194,31237,900,51416,California
Humboldt,2021-04-11,632,80090,136,37850,30,38366,466,3874,125,20262,507,31744,590,52006,California
Humboldt,2021-04-12,410,80500,222,38072,75,38441,113,3987,273,20511,137,31881,386,52392,California
Humboldt,2021-04-13,580,81080,321,38393,256,38697,3,3990,545,21026,32,31913,547,52939,California
Humboldt,2021-04-14,1408,82488,1029,39422,379,39076,0,3990,1308,22235,99,32012,1308,54247,California
Humboldt,2021-04-15,1796,84284,1194,40616,598,39674,4,3994,1238,22935,540,32552,1240,55487,California
Humboldt,2021-04-16,1098,85382,495,41111,603,40277,0,3994,534,22908,561,33113,534,56021,California
Humboldt,2021-04-17,1549,86931,1229,42340,320,40597,0,3994,1010,23384,534,33647,1010,57031,California
Humboldt,2021-04-18,470,87401,341,42681,129,40726,0,3994,92,23102,374,34021,92,57123,California
Humboldt,2021-04-19,144,87545,54,42735,90,40816,0,3994,64,23086,80,34101,64,57187,California
Humboldt,2021-04-20,435,87980,97,42832,338,41154,0,3994,218,23087,217,34318,218,57405,California
Humboldt,2021-04-21,990,88970,339,43171,651,41805,0,3994,391,22889,590,34908,392,57797,California
Humboldt,2021-04-22,850,89820,505,43676,343,42148,2,3996,430,22902,418,35326,431,58228,California
Humboldt,2021-04-23,1013,90833,190,43866,823,42971,0,3996,262,22415,749,36075,262,58490,California
Humboldt,2021-04-24,254,91087,238,44104,16,42987,0,3996,233,22627,21,36096,233,58723,California
Imperial,2020-12-16,1,1,1,1,0,0,0,0,1,1,0,0,1,1,California
Imperial,2020-12-17,4,5,4,5,0,0,0,0,4,5,0,0,4,5,California
Imperial,2020-12-18,11,16,11,16,0,0,0,0,11,16,0,0,11,16,California
Imperial,2020-12-20,2,18,2,18,0,0,0,0,2,18,0,0,2,18,California
Imperial,2020-12-21,186,204,186,204,0,0,0,0,186,204,0,0,186,204,California
Imperial,2020-12-22,241,445,239,443,2,2,0,0,241,445,0,0,241,445,California
Imperial,2020-12-23,211,656,210,653,1,3,0,0,210,655,0,0,210,655,California
Imperial,2020-12-24,5,661,5,658,0,3,0,0,5,660,0,0,5,660,California
Imperial,2020-12-26,1,662,0,658,1,4,0,0,1,661,0,0,1,661,California
Imperial,2020-12-27,62,724,0,658,62,66,0,0,62,723,0,0,62,723,California
Imperial,2020-12-28,214,938,114,772,100,166,0,0,214,937,0,0,214,937,California
Imperial,2020-12-29,189,1127,36,808,153,319,0,0,189,1126,0,0,189,1126,California
Imperial,2020-12-30,366,1493,50,858,316,635,0,0,366,1492,0,0,366,1492,California
Imperial,2020-12-31,197,1690,26,884,171,806,0,0,197,1689,0,0,197,1689,California
Imperial,2021-01-01,46,1736,5,889,41,847,0,0,46,1735,0,0,46,1735,California
Imperial,2021-01-02,4,1740,0,889,4,851,0,0,4,1739,0,0,4,1739,California
Imperial,2021-01-03,90,1830,0,889,90,941,0,0,90,1829,0,0,90,1829,California
Imperial,2021-01-04,85,1915,5,894,80,1021,0,0,85,1914,0,0,85,1914,California
Imperial,2021-01-05,172,2087,13,907,159,1180,0,0,172,2086,0,0,172,2086,California
Imperial,2021-01-06,190,2277,25,932,165,1345,0,0,189,2274,1,1,189,2275,California
Imperial,2021-01-07,319,2596,9,941,310,1655,0,0,316,2587,3,4,316,2591,California
Imperial,2021-01-08,190,2786,50,991,140,1795,0,0,181,2759,9,13,181,2772,California
Imperial,2021-01-09,24,2810,21,1012,3,1798,0,0,24,2783,0,13,24,2796,California
Imperial,2021-01-10,1,2811,0,1012,1,1799,0,0,1,2784,0,13,1,2797,California
Imperial,2021-01-11,403,3214,244,1256,159,1958,0,0,175,2731,228,241,175,2972,California
Imperial,2021-01-12,403,3617,301,1557,102,2060,0,0,141,2611,261,502,141,3113,California
Imperial,2021-01-13,379,3996,132,1689,247,2307,0,0,280,2792,99,601,280,3393,California
Imperial,2021-01-14,260,4256,151,1840,109,2416,0,0,254,3041,5,606,254,3647,California
Imperial,2021-01-15,240,4496,182,2022,58,2474,0,0,233,3267,7,613,233,3880,California
Imperial,2021-01-16,76,4572,72,2094,4,2478,0,0,75,3341,1,614,75,3955,California
Imperial,2021-01-17,10,4582,2,2096,8,2486,0,0,10,3351,0,614,10,3965,California
Imperial,2021-01-18,1056,5638,401,2497,655,3141,0,0,957,4210,99,713,958,4923,California
Imperial,2021-01-19,164,5802,128,2625,36,3177,0,0,117,4280,47,760,117,5040,California
Imperial,2021-01-20,292,6094,195,2820,97,3274,0,0,254,4496,38,798,254,5294,California
Imperial,2021-01-21,415,6509,183,3003,232,3506,0,0,395,4871,20,818,395,5689,California
Imperial,2021-01-22,456,6965,189,3192,267,3773,0,0,447,5309,9,827,447,6136,California
Imperial,2021-01-23,1041,8006,290,3482,751,4524,0,0,1040,6348,1,828,1040,7176,California
Imperial,2021-01-24,10,8016,3,3485,7,4531,0,0,10,6358,0,828,10,7186,California
Imperial,2021-01-25,213,8229,5,3490,208,4739,0,0,34,6214,178,1006,34,7220,California
Imperial,2021-01-26,359,8588,184,3674,175,4914,0,0,216,6287,143,1149,216,7436,California
Imperial,2021-01-27,570,9158,162,3836,408,5322,0,0,237,6191,333,1482,237,7673,California
Imperial,2021-01-28,632,9790,159,3995,473,5795,0,0,525,6609,107,1589,525,8198,California
Imperial,2021-01-29,423,10213,296,4291,127,5922,0,0,373,6932,50,1639,373,8571,California
Imperial,2021-01-30,56,10269,31,4322,25,5947,0,0,39,6954,17,1656,39,8610,California
Imperial,2021-01-31,16,10285,6,4328,10,5957,0,0,15,6968,1,1657,15,8625,California
Imperial,2021-02-01,419,10704,53,4381,366,6323,0,0,208,6967,209,1866,208,8833,California
Imperial,2021-02-02,679,11383,54,4435,625,6948,0,0,498,7284,181,2047,498,9331,California
Imperial,2021-02-03,456,11839,47,4482,409,7357,0,0,263,7355,192,2239,263,9594,California
Imperial,2021-02-04,1716,13555,1197,5679,519,7876,0,0,1402,8445,312,2551,1402,10996,California
Imperial,2021-02-05,389,13944,241,5920,148,8024,0,0,153,8364,234,2785,153,11149,California
Imperial,2021-02-06,861,14805,838,6758,23,8047,0,0,824,9152,36,2821,824,11973,California
Imperial,2021-02-07,21,14826,9,6767,12,8059,0,0,20,9171,1,2822,20,11993,California
Imperial,2021-02-08,250,15076,42,6809,208,8267,0,0,182,9285,68,2890,182,12175,California
Imperial,2021-02-09,461,15537,145,6954,316,8583,0,0,304,9432,157,3047,304,12479,California
Imperial,2021-02-10,384,15921,56,7010,328,8911,0,0,94,9237,290,3337,95,12574,California
Imperial,2021-02-11,462,16383,258,7268,204,9115,0,0,89,8953,373,3710,89,12663,California
Imperial,2021-02-12,2129,18512,1411,8679,718,9833,0,0,1777,10379,351,4061,1777,14440,California
Imperial,2021-02-13,42,18554,18,8697,24,9857,0,0,34,10406,8,4069,35,14475,California
Imperial,2021-02-14,23,18577,11,8708,12,9869,0,0,21,10425,2,4071,21,14496,California
Imperial,2021-02-15,30,18607,10,8718,20,9889,0,0,23,10441,7,4078,23,14519,California
Imperial,2021-02-16,514,19121,266,8984,248,10137,0,0,293,10513,221,4299,293,14812,California
Imperial,2021-02-17,439,19560,285,9269,154,10291,0,0,83,10240,356,4655,83,14895,California
Imperial,2021-02-18,646,20206,308,9577,338,10629,0,0,140,9876,504,5159,140,15035,California
Imperial,2021-02-19,766,20972,381,9958,385,11014,0,0,192,9495,573,5732,192,15227,California
Imperial,2021-02-20,1039,22011,191,10149,848,11862,0,0,325,9109,713,6445,327,15554,California
Imperial,2021-02-21,588,22599,554,10703,34,11896,0,0,577,9676,10,6455,577,16131,California
Imperial,2021-02-22,809,23408,569,11272,240,12136,0,0,759,10385,50,6505,759,16890,California
Imperial,2021-02-23,937,24345,372,11644,565,12701,0,0,887,11222,50,6555,887,17777,California
Imperial,2021-02-24,700,25045,285,11929,415,13116,0,0,602,11727,97,6652,602,18379,California
Imperial,2021-02-25,815,25860,338,12267,477,13593,0,0,449,11816,365,7017,454,18833,California
Imperial,2021-02-26,1743,27603,1350,13617,393,13986,0,0,1569,13213,172,7189,1569,20402,California
Imperial,2021-02-27,858,28461,809,14426,49,14035,0,0,120,12596,738,7927,121,20523,California
Imperial,2021-02-28,29,28490,19,14445,10,14045,0,0,20,12607,9,7936,20,20543,California
Imperial,2021-03-01,492,28982,293,14738,198,14243,1,1,427,12973,63,7999,429,20972,California
Imperial,2021-03-02,673,29655,246,14984,427,14670,0,1,384,13070,289,8288,386,21358,California
Imperial,2021-03-03,915,30570,39,15023,875,15545,1,2,546,13262,366,8654,558,21916,California
Imperial,2021-03-04,745,31315,76,15099,668,16213,1,3,485,13519,258,8912,515,22431,California
Imperial,2021-03-05,2568,33883,1937,17036,631,16844,0,3,1243,13442,1322,10234,1245,23676,California
Imperial,2021-03-06,688,34571,236,17272,452,17296,0,3,647,14055,38,10272,651,24327,California
Imperial,2021-03-07,72,34643,39,17311,33,17329,0,3,52,14088,20,10292,53,24380,California
Imperial,2021-03-08,412,35055,329,17640,48,17377,35,38,360,14431,52,10344,395,24775,California
Imperial,2021-03-09,681,35736,310,17950,125,17502,246,284,397,14790,284,10628,643,25418,California
Imperial,2021-03-10,681,36417,312,18262,266,17768,103,387,318,14850,362,10990,422,25840,California
Imperial,2021-03-11,1787,38204,478,18740,1116,18884,193,580,1186,15640,600,11590,1390,27230,California
Imperial,2021-03-12,3699,41903,2538,21278,976,19860,185,765,2101,16331,1596,13186,2287,29517,California
Imperial,2021-03-13,1141,43044,90,21368,828,20688,223,988,856,17130,283,13469,1082,30599,California
Imperial,2021-03-14,168,43212,30,21398,126,20814,12,1000,138,17251,30,13499,151,30750,California
Imperial,2021-03-15,669,43881,214,21612,197,21011,258,1258,374,17589,294,13793,632,31382,California
Imperial,2021-03-16,1069,44950,276,21888,340,21351,453,1711,532,18039,535,14328,985,32367,California
Imperial,2021-03-17,1572,46522,691,22579,744,22095,137,1848,994,18596,575,14903,1132,33499,California
Imperial,2021-03-18,1779,48301,1176,23755,543,22638,60,1908,1250,19381,527,15430,1312,34811,California
Imperial,2021-03-19,3335,51636,2445,26200,886,23524,4,1912,1499,19056,1829,17259,1504,36315,California
Imperial,2021-03-20,862,52498,550,26750,307,23831,5,1917,418,19045,440,17699,429,36744,California
Imperial,2021-03-21,214,52712,33,26783,177,24008,4,1921,156,19151,58,17757,164,36908,California
Imperial,2021-03-22,1044,53756,338,27121,699,24707,7,1928,623,19362,420,18177,631,37539,California
Imperial,2021-03-23,1388,55144,410,27531,972,25679,6,1934,889,19762,497,18674,897,38436,California
Imperial,2021-03-24,1870,57014,542,28073,901,26580,427,2361,899,20120,969,19643,1327,39763,California
Imperial,2021-03-25,2795,59809,500,28573,874,27454,1421,3782,1003,20752,1788,21431,2420,42183,California
Imperial,2021-03-26,2475,62284,875,29448,730,28184,870,4652,771,20695,1698,23129,1641,43824,California
Imperial,2021-03-27,577,62861,264,29712,261,28445,52,4704,418,21009,156,23285,470,44294,California
Imperial,2021-03-28,209,63070,51,29763,156,28601,2,4706,172,21147,36,23321,174,44468,California
Imperial,2021-03-29,1172,64242,345,30108,390,28991,437,5143,313,21041,857,24178,751,45219,California
Imperial,2021-03-30,1771,66013,676,30784,591,29582,504,5647,675,21125,1096,25274,1180,46399,California
Imperial,2021-03-31,1531,67544,715,31499,811,30393,5,5652,1021,21642,508,25782,1025,47424,California
Imperial,2021-04-01,1799,69343,396,31895,1162,31555,241,5893,808,21704,987,26769,1049,48473,California
Imperial,2021-04-02,1250,70593,445,32340,731,32286,74,5967,736,22001,512,27281,809,49282,California
Imperial,2021-04-03,1490,72083,405,32745,1007,33293,78,6045,684,21961,802,28083,762,50044,California
Imperial,2021-04-04,83,72166,39,32784,28,33321,16,6061,24,21942,59,28142,40,50084,California
Imperial,2021-04-05,2108,74274,1278,34062,763,34084,67,6128,400,20709,1701,29843,468,50552,California
Imperial,2021-04-06,1291,75565,528,34590,574,34658,189,6317,680,20971,608,30451,870,51422,California
Imperial,2021-04-07,2148,77713,549,35139,1224,35882,375,6692,1539,22280,605,31056,1914,53336,California
Imperial,2021-04-08,2182,79895,1068,36207,822,36704,292,6984,1075,22542,1104,32160,1366,54702,California
Imperial,2021-04-09,2134,82029,627,36834,892,37596,615,7599,829,22685,1301,33461,1444,56146,California
Imperial,2021-04-10,1270,83299,182,37016,818,38414,270,7869,211,22107,1057,34518,479,56625,California
Imperial,2021-04-11,215,83514,29,37045,154,38568,32,7901,73,22070,142,34660,105,56730,California
Imperial,2021-04-12,1346,84860,761,37806,393,38961,192,8093,756,22434,587,35247,951,57681,California
Imperial,2021-04-13,2253,87113,1442,39248,810,39771,1,8094,1573,23333,675,35922,1574,59255,California
Imperial,2021-04-14,1911,89024,941,40189,970,40741,0,8094,1346,24120,560,36482,1347,60602,California
Imperial,2021-04-15,1814,90838,873,41062,941,41682,0,8094,1315,24939,497,36979,1316,61918,California
Imperial,2021-04-16,2022,92860,961,42023,1061,42743,0,8094,1153,25227,865,37844,1153,63071,California
Imperial,2021-04-17,1721,94581,852,42875,867,43610,2,8096,1356,26225,361,38205,1359,64430,California
Imperial,2021-04-18,244,94825,63,42938,181,43791,0,8096,85,26152,158,38363,85,64515,California
Imperial,2021-04-19,755,95580,248,43186,507,44298,0,8096,442,26286,312,38675,446,64961,California
Imperial,2021-04-20,1257,96837,510,43696,747,45045,0,8096,736,26504,518,39193,736,65697,California
Imperial,2021-04-21,1262,98099,324,44020,938,45983,0,8096,776,26797,483,39676,776,66473,California
Imperial,2021-04-22,1663,99762,772,44792,891,46874,0,8096,1167,27476,490,40166,1169,67642,California
Imperial,2021-04-23,1431,101193,392,45184,1039,47913,0,8096,799,27654,625,40791,803,68445,California
Imperial,2021-04-24,264,101457,200,45384,64,47977,0,8096,83,27557,180,40971,83,68528,California
Inyo,2020-12-19,85,85,85,85,0,0,0,0,85,85,0,0,85,85,California
Inyo,2020-12-20,58,143,58,143,0,0,0,0,58,143,0,0,58,143,California
Inyo,2020-12-21,88,231,85,228,3,3,0,0,88,231,0,0,88,231,California
Inyo,2020-12-22,105,336,105,333,0,3,0,0,105,336,0,0,105,336,California
Inyo,2020-12-23,70,406,67,400,3,6,0,0,70,406,0,0,70,406,California
Inyo,2020-12-24,16,422,16,416,0,6,0,0,16,422,0,0,16,422,California
Inyo,2020-12-25,1,423,0,416,1,7,0,0,1,423,0,0,1,423,California
Inyo,2020-12-26,74,497,74,490,0,7,0,0,74,497,0,0,74,497,California
Inyo,2020-12-28,48,545,36,526,12,19,0,0,48,545,0,0,48,545,California
Inyo,2020-12-29,20,565,20,546,0,19,0,0,20,565,0,0,20,565,California
Inyo,2020-12-30,56,621,54,600,2,21,0,0,56,621,0,0,56,621,California
Inyo,2020-12-31,29,650,0,600,29,50,0,0,29,650,0,0,29,650,California
Inyo,2021-01-01,1,651,0,600,1,51,0,0,1,651,0,0,1,651,California
Inyo,2021-01-03,1,652,0,600,1,52,0,0,1,652,0,0,1,652,California
Inyo,2021-01-04,1,653,1,601,0,52,0,0,1,653,0,0,1,653,California
Inyo,2021-01-05,34,687,0,601,34,86,0,0,34,687,0,0,34,687,California
Inyo,2021-01-06,68,755,0,601,68,154,0,0,68,755,0,0,68,755,California
Inyo,2021-01-07,31,786,1,602,30,184,0,0,31,786,0,0,31,786,California
Inyo,2021-01-08,9,795,8,610,1,185,0,0,4,786,5,5,5,791,California
Inyo,2021-01-09,87,882,86,696,1,186,0,0,1,701,86,91,1,792,California
Inyo,2021-01-10,52,934,52,748,0,186,0,0,0,649,52,143,0,792,California
Inyo,2021-01-11,97,1031,82,830,15,201,0,0,16,584,81,224,16,808,California
Inyo,2021-01-12,139,1170,118,948,21,222,0,0,28,501,111,335,28,836,California
Inyo,2021-01-13,86,1256,68,1016,18,240,0,0,21,458,65,400,22,858,California
Inyo,2021-01-14,59,1315,13,1029,46,286,0,0,49,497,10,410,49,907,California
Inyo,2021-01-15,163,1478,28,1057,135,421,0,0,163,660,0,410,163,1070,California
Inyo,2021-01-16,74,1552,73,1130,1,422,0,0,1,588,73,483,1,1071,California
Inyo,2021-01-18,58,1610,36,1166,22,444,0,0,19,568,39,522,19,1090,California
Inyo,2021-01-19,115,1725,72,1238,43,487,0,0,99,651,16,538,99,1189,California
Inyo,2021-01-20,145,1870,70,1308,75,562,0,0,91,688,54,592,91,1280,California
Inyo,2021-01-21,121,1991,57,1365,64,626,0,0,120,807,1,593,120,1400,California
Inyo,2021-01-22,62,2053,0,1365,62,688,0,0,61,867,1,594,61,1461,California
Inyo,2021-01-23,52,2105,52,1417,0,688,0,0,52,919,0,594,52,1513,California
Inyo,2021-01-25,49,2154,6,1423,43,731,0,0,37,944,12,606,37,1550,California
Inyo,2021-01-26,135,2289,54,1477,81,812,0,0,129,1067,6,612,129,1679,California
Inyo,2021-01-27,23,2312,2,1479,21,833,0,0,22,1088,1,613,22,1701,California
Inyo,2021-01-28,92,2404,2,1481,90,923,0,0,63,1122,29,642,63,1764,California
Inyo,2021-01-29,25,2429,3,1484,22,945,0,0,23,1143,2,644,23,1787,California
Inyo,2021-01-30,11,2440,1,1485,10,955,0,0,11,1154,0,644,11,1798,California
Inyo,2021-01-31,32,2472,4,1489,28,983,0,0,4,1130,28,672,4,1802,California
Inyo,2021-02-01,11,2483,9,1498,2,985,0,0,1,1121,10,682,1,1803,California
Inyo,2021-02-02,130,2613,14,1512,116,1101,0,0,104,1199,26,708,104,1907,California
Inyo,2021-02-03,116,2729,0,1512,116,1217,0,0,74,1231,42,750,74,1981,California
Inyo,2021-02-04,149,2878,31,1543,118,1335,0,0,90,1262,59,809,90,2071,California
Inyo,2021-02-05,117,2995,61,1604,56,1391,0,0,115,1375,2,811,115,2186,California
Inyo,2021-02-06,4,2999,2,1606,2,1393,0,0,3,1377,1,812,3,2189,California
Inyo,2021-02-07,4,3003,2,1608,2,1395,0,0,4,1381,0,812,4,2193,California
Inyo,2021-02-08,117,3120,7,1615,110,1505,0,0,97,1458,20,832,97,2290,California
Inyo,2021-02-09,194,3314,51,1666,143,1648,0,0,123,1510,71,903,123,2413,California
Inyo,2021-02-10,143,3457,18,1684,125,1773,0,0,109,1585,34,937,109,2522,California
Inyo,2021-02-11,220,3677,56,1740,164,1937,0,0,126,1617,94,1031,126,2648,California
Inyo,2021-02-12,299,3976,52,1792,247,2184,0,0,168,1654,131,1162,168,2816,California
Inyo,2021-02-13,60,4036,55,1847,5,2189,0,0,8,1610,52,1214,8,2824,California
Inyo,2021-02-14,1,4037,0,1847,1,2190,0,0,1,1611,0,1214,1,2825,California
Inyo,2021-02-15,29,4066,9,1856,20,2210,0,0,5,1592,24,1238,5,2830,California
Inyo,2021-02-16,181,4247,50,1906,131,2341,0,0,93,1597,88,1326,93,2923,California
Inyo,2021-02-17,37,4284,4,1910,33,2374,0,0,7,1574,30,1356,7,2930,California
Inyo,2021-02-18,123,4407,6,1916,117,2491,0,0,79,1609,44,1400,79,3009,California
Inyo,2021-02-19,52,4459,4,1920,48,2539,0,0,9,1575,43,1443,9,3018,California
Inyo,2021-02-20,504,4963,500,2420,4,2543,0,0,502,2075,2,1445,502,3520,California
Inyo,2021-02-21,267,5230,267,2687,0,2543,0,0,267,2342,0,1445,267,3787,California
Inyo,2021-02-22,61,5291,19,2706,42,2585,0,0,27,2335,34,1479,27,3814,California
Inyo,2021-02-23,198,5489,20,2726,178,2763,0,0,94,2326,103,1582,94,3908,California
Inyo,2021-02-24,116,5605,0,2726,116,2879,0,0,57,2324,59,1641,57,3965,California
Inyo,2021-02-25,130,5735,3,2729,127,3006,0,0,62,2318,68,1709,62,4027,California
Inyo,2021-02-26,103,5838,60,2789,43,3049,0,0,19,2253,84,1793,19,4046,California
Inyo,2021-02-27,15,5853,4,2793,11,3060,0,0,3,2244,12,1805,3,4049,California
Inyo,2021-02-28,3,5856,1,2794,2,3062,0,0,2,2245,1,1806,2,4051,California
Inyo,2021-03-01,20,5876,2,2796,18,3080,0,0,17,2259,3,1809,17,4068,California
Inyo,2021-03-02,195,6071,1,2797,194,3274,0,0,111,2286,84,1893,111,4179,California
Inyo,2021-03-03,83,6154,2,2799,81,3355,0,0,40,2283,43,1936,40,4219,California
Inyo,2021-03-04,128,6282,4,2803,124,3479,0,0,46,2247,82,2018,46,4265,California
Inyo,2021-03-05,142,6424,57,2860,85,3564,0,0,38,2181,104,2122,38,4303,California
Inyo,2021-03-06,31,6455,1,2861,30,3594,0,0,30,2210,1,2123,30,4333,California
Inyo,2021-03-07,7,6462,4,2865,3,3597,0,0,5,2213,2,2125,5,4338,California
Inyo,2021-03-08,182,6644,5,2870,177,3774,0,0,91,2213,91,2216,91,4429,California
Inyo,2021-03-09,186,6830,2,2872,184,3958,0,0,71,2169,115,2331,71,4500,California
Inyo,2021-03-10,70,6900,8,2880,61,4019,1,1,30,2160,40,2371,31,4531,California
Inyo,2021-03-11,203,7103,1,2881,197,4216,5,6,73,2108,130,2501,78,4609,California
Inyo,2021-03-12,174,7277,4,2885,165,4381,5,11,76,2091,98,2599,81,4690,California
Inyo,2021-03-13,576,7853,541,3426,25,4406,10,21,77,1680,498,3097,87,4777,California
Inyo,2021-03-14,432,8285,430,3856,2,4408,0,21,169,1587,262,3359,169,4946,California
Inyo,2021-03-15,51,8336,15,3871,34,4442,2,23,30,1598,21,3380,32,4978,California
Inyo,2021-03-16,164,8500,4,3875,154,4596,6,29,63,1567,100,3480,69,5047,California
Inyo,2021-03-17,107,8607,3,3878,97,4693,7,36,92,1651,15,3495,99,5146,California
Inyo,2021-03-18,182,8789,14,3892,161,4854,7,43,102,1680,80,3575,109,5255,California
Inyo,2021-03-19,45,8834,4,3896,37,4891,4,47,35,1709,10,3585,39,5294,California
Inyo,2021-03-20,20,8854,1,3897,10,4901,9,56,1,1700,19,3604,10,5304,California
Inyo,2021-03-22,59,8913,2,3899,52,4953,5,61,39,1724,20,3624,44,5348,California
Inyo,2021-03-23,195,9108,4,3903,187,5140,4,65,105,1743,90,3714,109,5457,California
Inyo,2021-03-24,140,9248,2,3905,134,5274,4,69,87,1781,53,3767,91,5548,California
Inyo,2021-03-25,325,9573,104,4009,217,5491,4,73,259,1978,66,3833,263,5811,California
Inyo,2021-03-26,90,9663,2,4011,84,5575,4,77,70,2032,20,3853,74,5885,California
Inyo,2021-03-27,52,9715,44,4055,5,5580,3,80,46,2075,6,3859,49,5934,California
Inyo,2021-03-28,4,9719,1,4056,2,5582,1,81,1,2074,3,3862,2,5936,California
Inyo,2021-03-29,109,9828,2,4058,102,5684,5,86,82,2135,26,3888,87,6023,California
Inyo,2021-03-30,212,10040,3,4061,204,5888,5,91,102,2132,110,3998,107,6130,California
Inyo,2021-03-31,144,10184,4,4065,135,6023,5,96,103,2199,41,4039,108,6238,California
Inyo,2021-04-01,164,10348,4,4069,159,6182,1,97,115,2266,49,4088,116,6354,California
Inyo,2021-04-02,81,10429,1,4070,78,6260,2,99,52,2291,29,4117,54,6408,California
Inyo,2021-04-03,93,10522,46,4116,33,6293,14,113,5,2223,86,4203,18,6426,California
Inyo,2021-04-04,5,10527,4,4120,0,6293,1,114,1,2221,4,4207,2,6428,California
Inyo,2021-04-05,117,10644,1,4121,112,6405,4,118,29,2166,88,4295,33,6461,California
Inyo,2021-04-06,235,10879,6,4127,166,6571,63,181,104,2202,131,4426,167,6628,California
Inyo,2021-04-07,200,11079,3,4130,71,6642,126,307,44,2216,156,4582,170,6798,California
Inyo,2021-04-08,176,11255,14,4144,145,6787,17,324,80,2217,96,4678,97,6895,California
Inyo,2021-04-09,123,11378,5,4149,95,6882,23,347,36,2190,86,4764,59,6954,California
Inyo,2021-04-10,42,11420,1,4150,24,6906,17,364,3,2171,39,4803,20,6974,California
Inyo,2021-04-11,1,11421,0,4150,1,6907,0,364,1,2172,0,4803,1,6975,California
Inyo,2021-04-12,79,11500,0,4150,74,6981,5,369,41,2180,38,4841,46,7021,California
Inyo,2021-04-13,119,11619,3,4153,113,7094,3,372,61,2187,57,4898,64,7085,California
Inyo,2021-04-14,121,11740,2,4155,119,7213,0,372,39,2144,82,4980,39,7124,California
Inyo,2021-04-15,261,12001,102,4257,159,7372,0,372,82,2047,179,5159,82,7206,California
Inyo,2021-04-16,46,12047,5,4262,41,7413,0,372,21,2043,25,5184,21,7227,California
Inyo,2021-04-17,2,12049,1,4263,1,7414,0,372,1,2043,1,5185,1,7228,California
Inyo,2021-04-19,129,12178,43,4306,86,7500,0,372,43,2000,86,5271,43,7271,California
Inyo,2021-04-20,162,12340,3,4309,159,7659,0,372,80,1998,82,5353,80,7351,California
Inyo,2021-04-21,114,12454,4,4313,110,7769,0,372,32,1948,82,5435,32,7383,California
Inyo,2021-04-22,197,12651,3,4316,194,7963,0,372,54,1859,143,5578,54,7437,California
Inyo,2021-04-23,96,12747,4,4320,92,8055,0,372,23,1809,73,5651,23,7460,California
Inyo,2021-04-24,304,13051,303,4623,1,8056,0,372,301,2107,3,5654,301,7761,California
Kern,2020-12-15,1,1,1,1,0,0,0,0,1,1,0,0,1,1,California
Kern,2020-12-16,18,19,18,19,0,0,0,0,18,19,0,0,18,19,California
Kern,2020-12-17,164,183,164,183,0,0,0,0,164,183,0,0,164,183,California
Kern,2020-12-18,320,503,320,503,0,0,0,0,320,503,0,0,320,503,California
Kern,2020-12-19,98,601,98,601,0,0,0,0,99,602,0,0,99,602,California
Kern,2020-12-20,61,662,61,662,0,0,0,0,61,663,0,0,61,663,California
Kern,2020-12-21,671,1333,670,1332,1,1,0,0,671,1334,0,0,671,1334,California
Kern,2020-12-22,530,1863,527,1859,3,4,0,0,530,1864,0,0,530,1864,California
Kern,2020-12-23,557,2420,418,2277,139,143,0,0,557,2421,0,0,557,2421,California
Kern,2020-12-24,122,2542,43,2320,79,222,0,0,122,2543,0,0,122,2543,California
Kern,2020-12-25,1,2543,1,2321,0,222,0,0,1,2544,0,0,1,2544,California
Kern,2020-12-26,33,2576,1,2322,32,254,0,0,33,2577,0,0,33,2577,California
Kern,2020-12-27,35,2611,3,2325,32,286,0,0,35,2612,0,0,35,2612,California
Kern,2020-12-28,824,3435,660,2985,164,450,0,0,824,3436,0,0,824,3436,California
Kern,2020-12-29,746,4181,453,3438,293,743,0,0,745,4180,1,1,745,4181,California
Kern,2020-12-30,1200,5381,908,4346,292,1035,0,0,1200,5380,0,1,1200,5381,California
Kern,2020-12-31,277,5658,99,4445,178,1213,0,0,277,5657,0,1,277,5658,California
Kern,2021-01-01,12,5670,6,4451,6,1219,0,0,12,5669,0,1,12,5670,California
Kern,2021-01-02,78,5748,18,4469,60,1279,0,0,78,5747,0,1,78,5748,California
Kern,2021-01-03,23,5771,4,4473,19,1298,0,0,23,5770,0,1,23,5771,California
Kern,2021-01-04,553,6324,360,4833,193,1491,0,0,553,6323,0,1,553,6324,California
Kern,2021-01-05,1132,7456,738,5571,394,1885,0,0,1120,7431,12,13,1120,7444,California
Kern,2021-01-06,1166,8622,455,6026,711,2596,0,0,1136,8537,30,43,1136,8580,California
Kern,2021-01-07,1407,10029,494,6520,913,3509,0,0,1238,9607,168,211,1238,9818,California
Kern,2021-01-08,1628,11657,767,7287,861,4370,0,0,1331,10641,298,509,1332,11150,California
Kern,2021-01-09,225,11882,76,7363,149,4519,0,0,191,10798,34,543,191,11341,California
Kern,2021-01-10,194,12076,147,7510,47,4566,0,0,153,10910,41,584,153,11494,California
Kern,2021-01-11,1555,13631,983,8493,572,5138,0,0,1000,11355,555,1139,1000,12494,California
Kern,2021-01-12,1869,15500,809,9302,1060,6198,0,0,1359,12204,510,1649,1359,13853,California
Kern,2021-01-13,1855,17355,869,10171,986,7184,0,0,1433,13215,422,2071,1433,15286,California
Kern,2021-01-14,2181,19536,645,10816,1536,8720,0,0,2136,15305,46,2117,2136,17422,California
Kern,2021-01-15,2702,22238,857,11673,1845,10565,0,0,2605,17816,95,2212,2606,20028,California
Kern,2021-01-16,670,22908,212,11885,458,11023,0,0,636,18418,34,2246,636,20664,California
Kern,2021-01-17,72,22980,7,11892,65,11088,0,0,70,18486,2,2248,70,20734,California
Kern,2021-01-18,1643,24623,658,12550,985,12073,0,0,1474,19791,169,2417,1474,22208,California
Kern,2021-01-19,1852,26475,1031,13581,821,12894,0,0,1384,20708,468,2885,1385,23593,California
Kern,2021-01-20,2444,28919,1510,15091,934,13828,0,0,1821,21913,618,3503,1823,25416,California
Kern,2021-01-21,2163,31082,919,16010,1244,15072,0,0,1967,23685,195,3698,1967,27383,California
Kern,2021-01-22,2706,33788,1289,17299,1417,16489,0,0,2430,25841,274,3972,2430,29813,California
Kern,2021-01-23,1245,35033,534,17833,711,17200,0,0,1199,26994,46,4018,1199,31012,California
Kern,2021-01-24,159,35192,18,17851,141,17341,0,0,154,27143,5,4023,154,31166,California
Kern,2021-01-25,2383,37575,1084,18935,1299,18640,0,0,1900,28562,482,4505,1901,33067,California
Kern,2021-01-26,2764,40339,1125,20060,1639,20279,0,0,1908,29615,855,5360,1908,34975,California
Kern,2021-01-27,3557,43896,1902,21962,1655,21934,0,0,2857,31775,697,6057,2857,37832,California
Kern,2021-01-28,2860,46756,1351,23313,1509,23443,0,0,2428,33778,428,6485,2431,40263,California
Kern,2021-01-29,3766,50522,1801,25114,1965,25408,0,0,3224,36463,539,7024,3224,43487,California
Kern,2021-01-30,1323,51845,496,25610,827,26235,0,0,1276,37694,45,7069,1276,44763,California
Kern,2021-01-31,402,52247,275,25885,127,26362,0,0,267,37826,135,7204,267,45030,California
Kern,2021-02-01,2407,54654,818,26703,1589,27951,0,0,1857,39137,547,7751,1858,46888,California
Kern,2021-02-02,2922,57576,973,27676,1949,29900,0,0,2059,40334,863,8614,2060,48948,California
Kern,2021-02-03,3653,61229,1548,29224,2105,32005,0,0,2686,42060,960,9574,2686,51634,California
Kern,2021-02-04,3800,65029,1450,30674,2350,34355,0,0,2585,43441,1204,10778,2585,54219,California
Kern,2021-02-05,4849,69878,1990,32664,2859,37214,0,0,3091,44793,1739,12517,3091,57310,California
Kern,2021-02-06,1735,71613,766,33430,969,38183,0,0,1512,46085,220,12737,1512,58822,California
Kern,2021-02-07,282,71895,149,33579,133,38316,0,0,266,46337,14,12751,266,59088,California
Kern,2021-02-08,2562,74457,788,34367,1774,40090,0,0,1257,46308,1287,14038,1258,60346,California
Kern,2021-02-09,3036,77493,985,35352,2051,42141,0,0,1466,46211,1563,15601,1466,61812,California
Kern,2021-02-10,3782,81275,1656,37008,2126,44267,0,0,1895,46236,1871,17472,1896,63708,California
Kern,2021-02-11,4257,85532,1538,38546,2719,46986,0,0,2229,46450,2015,19487,2229,65937,California
Kern,2021-02-12,4947,90479,1890,40436,3057,50043,0,0,2482,46481,2451,21938,2482,68419,California
Kern,2021-02-13,2009,92488,726,41162,1283,51326,0,0,1166,46806,841,22779,1166,69585,California
Kern,2021-02-14,349,92837,12,41174,337,51663,0,0,269,46996,79,22858,269,69854,California
Kern,2021-02-15,2738,95575,889,42063,1849,53512,0,0,1209,46684,1521,24379,1209,71063,California
Kern,2021-02-16,2946,98521,719,42782,2227,55739,0,0,1656,47061,1280,25659,1657,72720,California
Kern,2021-02-17,4063,102584,2074,44856,1989,57728,0,0,1929,46862,2129,27788,1930,74650,California
Kern,2021-02-18,3749,106333,1476,46332,2273,60001,0,0,1618,46362,2118,29906,1618,76268,California
Kern,2021-02-19,4195,110528,1916,48248,2279,62280,0,0,1739,45653,2448,32354,1739,78007,California
Kern,2021-02-20,2572,113100,968,49216,1604,63884,0,0,1340,45764,1229,33583,1340,79347,California
Kern,2021-02-21,247,113347,141,49357,106,63990,0,0,86,45691,159,33742,86,79433,California
Kern,2021-02-22,2655,116002,1148,50505,1507,65497,0,0,1424,45889,1226,34968,1424,80857,California
Kern,2021-02-23,3537,119539,1119,51624,2418,67915,0,0,1975,46305,1560,36528,1976,82833,California
Kern,2021-02-24,5156,124695,2266,53890,2890,70805,0,0,3073,47299,2079,38607,3073,85906,California
Kern,2021-02-25,5351,130046,2445,56335,2906,73711,0,0,3175,48316,2158,40765,3175,89081,California
Kern,2021-02-26,6882,136928,3518,59853,3364,77075,0,0,4356,50154,2519,43284,4357,93438,California
Kern,2021-02-27,3852,140780,1892,61745,1960,79035,0,0,2518,51345,1327,44611,2518,95956,California
Kern,2021-02-28,905,141685,497,62242,408,79443,0,0,689,51820,214,44825,689,96645,California
Kern,2021-03-01,3981,145666,1804,64046,2176,81619,1,1,2690,53228,1283,46108,2691,99336,California
Kern,2021-03-02,4366,150032,1372,65418,2993,84612,1,2,2863,54599,1492,47600,2863,102199,California
Kern,2021-03-03,5764,155796,2682,68100,3082,87694,0,2,3678,56206,2072,49672,3679,105878,California
Kern,2021-03-04,5530,161326,2141,70241,3387,91081,2,4,3542,57774,1975,51647,3543,109421,California
Kern,2021-03-05,6455,167781,2664,72905,3774,94855,17,21,4037,59417,2411,54058,4054,113475,California
Kern,2021-03-06,4709,172490,1910,74815,2698,97553,101,122,3445,61706,1256,55314,3545,117020,California
Kern,2021-03-07,2041,174531,1584,76399,410,97963,47,169,1852,63417,188,55502,1899,118919,California
Kern,2021-03-08,2802,177333,851,77250,1738,99701,213,382,1457,63743,1342,56844,1668,120587,California
Kern,2021-03-09,3619,180952,784,78034,2452,102153,383,765,2227,64964,1387,58231,2608,123195,California
Kern,2021-03-10,6013,186965,2460,80494,2482,104635,1071,1836,3497,67026,2505,60736,4567,127762,California
Kern,2021-03-11,6279,193244,2404,82898,2849,107484,1026,2862,3727,69236,2541,63277,4751,132513,California
Kern,2021-03-12,7655,200899,2918,85816,3386,110870,1351,4213,4151,71235,3494,66771,5493,138006,California
Kern,2021-03-13,4422,205321,2300,88116,1787,112657,335,4548,3004,73155,1413,68184,3333,141339,California
Kern,2021-03-14,2261,207582,1413,89529,610,113267,238,4786,1747,74625,512,68696,1982,143321,California
Kern,2021-03-15,4234,211816,1079,90608,2442,115709,713,5499,2172,75457,2050,70746,2882,146203,California
Kern,2021-03-16,4305,216121,1000,91608,2777,118486,528,6027,2310,76306,1986,72732,2835,149038,California
Kern,2021-03-17,7216,223337,3795,95403,2864,121350,557,6584,4286,78228,2920,75652,4842,153880,California
Kern,2021-03-18,6948,230285,3378,98781,2991,124341,579,7163,4128,80129,2802,78454,4703,158583,California
Kern,2021-03-19,8699,238984,4747,103528,3303,127644,649,7812,4513,81113,4172,82626,5156,163739,California
Kern,2021-03-20,5934,244918,3587,107115,2174,129818,173,7985,3812,82986,2113,84739,3986,167725,California
Kern,2021-03-21,2859,247777,1747,108862,235,130053,877,8862,1681,84370,1174,85913,2558,170283,California
Kern,2021-03-22,3910,251687,1517,110379,2037,132090,356,9218,1898,84620,2004,87917,2254,172537,California
Kern,2021-03-23,4614,256301,1641,112020,2794,134884,179,9397,2453,85117,2132,90049,2629,175166,California
Kern,2021-03-24,6965,263266,3498,115518,2994,137878,473,9870,3649,85935,3302,93351,4120,179286,California
Kern,2021-03-25,6608,269874,2876,118394,3405,141283,327,10197,3278,86224,3315,96666,3604,182890,California
Kern,2021-03-26,9420,279294,4136,122530,4028,145311,1256,11453,4649,87373,4755,101421,5904,188794,California
Kern,2021-03-27,5437,284731,3738,126268,1573,146884,126,11579,3302,88669,2132,103553,3428,192222,California
Kern,2021-03-28,4281,289012,3797,130065,470,147354,14,11593,2736,89875,1544,105097,2750,194972,California
Kern,2021-03-29,4171,293183,1623,131688,2270,149624,278,11871,2605,91202,1555,106652,2882,197854,California
Kern,2021-03-30,5437,298620,1804,133492,3302,152926,331,12202,3062,92223,2371,109023,3392,201246,California
Kern,2021-03-31,8042,306662,4236,137728,3162,156088,644,12846,4283,93399,3750,112773,4926,206172,California
Kern,2021-04-01,7572,314234,3627,141355,3651,159739,294,13140,4090,94309,3471,116244,4381,210553,California
Kern,2021-04-02,8112,322346,4181,145536,3327,163066,604,13744,4074,94960,4024,120268,4675,215228,California
Kern,2021-04-03,5666,328012,3374,148910,2111,165177,181,13925,2585,94648,3076,123344,2764,217992,California
Kern,2021-04-04,1331,329343,867,149777,380,165557,84,14009,550,94504,778,124122,634,218626,California
Kern,2021-04-05,5287,334630,2178,151955,2348,167905,761,14770,2848,95682,2428,126550,3606,222232,California
Kern,2021-04-06,6770,341400,2431,154386,3128,171033,1211,15981,3567,97274,3185,129735,4777,227009,California
Kern,2021-04-07,9205,350605,5367,159753,2887,173920,951,16932,4629,98291,4562,134297,5579,232588,California
Kern,2021-04-08,8549,359154,4728,164481,2925,176845,896,17828,3921,98499,4609,138906,4817,237405,California
Kern,2021-04-09,9791,368945,5079,169560,3731,180576,981,18809,4366,98439,5405,144311,5345,242750,California
Kern,2021-04-10,6522,375467,3430,172990,1855,182431,1237,20046,2308,97771,4207,148518,3539,246289,California
Kern,2021-04-11,3761,379228,2888,175878,356,182787,517,20563,1426,97387,2325,150843,1941,248230,California
Kern,2021-04-12,4301,383529,978,176856,2358,185145,965,21528,1558,97178,2731,153574,2522,250752,California
Kern,2021-04-13,4209,387738,1408,178264,2776,187921,25,21553,2114,97233,2085,155659,2140,252892,California
Kern,2021-04-14,5917,393655,2947,181211,2948,190869,22,21575,3036,97425,2865,158524,3057,255949,California
Kern,2021-04-15,5128,398783,2434,183645,2692,193561,2,21577,2491,97292,2626,161150,2493,258442,California
Kern,2021-04-16,6727,405510,3403,187048,3324,196885,0,21577,3020,96627,3686,164836,3021,261463,California
Kern,2021-04-17,5890,411400,3847,190895,2043,198928,0,21577,2256,95262,3622,168458,2257,263720,California
Kern,2021-04-18,3608,415008,3372,194267,236,199164,0,21577,1067,93793,2536,170994,1067,264787,California
Kern,2021-04-19,3706,418714,1721,195988,1984,201148,1,21578,1409,92923,2279,173273,1409,266196,California
Kern,2021-04-20,4179,422893,1503,197491,2675,203823,1,21579,1608,91976,2557,175830,1610,267806,California
Kern,2021-04-21,5587,428480,2991,200482,2592,206415,4,21583,2188,90787,3380,179210,2191,269997,California
Kern,2021-04-22,4630,433110,2272,202754,2358,208773,0,21583,1709,89595,2903,182113,1711,271708,California
Kern,2021-04-23,4798,437908,2793,205547,2005,210778,0,21583,1680,88182,3094,185207,1681,273389,California
Kern,2021-04-24,2822,440730,2390,207937,422,211200,10,21593,1090,87561,1721,186928,1100,274489,California
Kings,2020-12-16,1,1,1,1,0,0,0,0,1,1,0,0,1,1,California
Kings,2020-12-17,8,9,8,9,0,0,0,0,8,9,0,0,8,9,California
Kings,2020-12-18,12,21,12,21,0,0,0,0,12,21,0,0,12,21,California
Kings,2020-12-19,11,32,11,32,0,0,0,0,11,32,0,0,11,32,California
Kings,2020-12-20,13,45,13,45,0,0,0,0,13,45,0,0,13,45,California
Kings,2020-12-21,156,201,156,201,0,0,0,0,271,316,0,0,271,316,California
Kings,2020-12-22,143,344,143,344,0,0,0,0,140,456,0,0,140,456,California
Kings,2020-12-23,134,478,122,466,12,12,0,0,135,591,0,0,135,591,California
Kings,2020-12-24,11,489,9,475,2,14,0,0,11,602,0,0,11,602,California
Kings,2020-12-26,7,496,4,479,3,17,0,0,7,609,0,0,7,609,California
Kings,2020-12-27,4,500,4,483,0,17,0,0,4,613,0,0,4,613,California
Kings,2020-12-28,131,631,103,586,28,45,0,0,132,745,0,0,132,745,California
Kings,2020-12-29,78,709,51,637,27,72,0,0,79,824,0,0,79,824,California
Kings,2020-12-30,147,856,108,745,39,111,0,0,147,971,0,0,147,971,California
Kings,2020-12-31,44,900,6,751,38,149,0,0,44,1015,0,0,44,1015,California
Kings,2021-01-01,1,901,0,751,1,150,0,0,1,1016,0,0,1,1016,California
Kings,2021-01-02,10,911,9,760,1,151,0,0,10,1026,0,0,10,1026,California
Kings,2021-01-04,112,1023,42,802,70,221,0,0,112,1138,0,0,112,1138,California
Kings,2021-01-05,196,1219,39,841,157,378,0,0,196,1334,0,0,196,1334,California
Kings,2021-01-06,276,1495,177,1018,99,477,0,0,273,1604,3,3,273,1607,California
Kings,2021-01-07,178,1673,81,1099,97,574,0,0,170,1766,8,11,170,1777,California
Kings,2021-01-08,247,1920,54,1153,193,767,0,0,228,1975,19,30,228,2005,California
Kings,2021-01-09,63,1983,9,1162,54,821,0,0,55,2022,8,38,55,2060,California
Kings,2021-01-10,15,1998,3,1165,12,833,0,0,12,2031,3,41,12,2072,California
Kings,2021-01-11,520,2518,356,1521,164,997,0,0,276,2064,244,285,277,2349,California
Kings,2021-01-12,350,2868,253,1774,97,1094,0,0,216,2149,131,416,216,2565,California
Kings,2021-01-13,414,3282,267,2041,147,1241,0,0,323,2381,91,507,323,2888,California
Kings,2021-01-14,208,3490,31,2072,177,1418,0,0,198,2559,21,528,199,3087,California
Kings,2021-01-15,415,3905,29,2101,386,1804,0,0,403,2950,12,540,403,3490,California
Kings,2021-01-16,31,3936,12,2113,19,1823,0,0,30,2979,1,541,30,3520,California
Kings,2021-01-17,8,3944,5,2118,3,1826,0,0,6,2983,2,543,6,3526,California
Kings,2021-01-18,172,4116,40,2158,132,1958,0,0,146,3103,26,569,146,3672,California
Kings,2021-01-19,376,4492,158,2316,218,2176,0,0,248,3223,128,697,248,3920,California
Kings,2021-01-20,224,4716,134,2450,90,2266,0,0,119,3241,101,798,119,4039,California
Kings,2021-01-21,186,4902,32,2482,154,2420,0,0,172,3397,16,814,172,4211,California
Kings,2021-01-22,125,5027,38,2520,87,2507,0,0,125,3517,5,819,125,4336,California
Kings,2021-01-23,26,5053,14,2534,12,2519,0,0,20,3531,6,825,20,4356,California
Kings,2021-01-24,4,5057,4,2538,0,2519,0,0,2,3531,2,827,2,4358,California
Kings,2021-01-25,124,5181,26,2564,98,2617,0,0,90,3587,34,861,90,4448,California
Kings,2021-01-26,154,5335,35,2599,119,2736,0,0,115,3663,39,900,115,4563,California
Kings,2021-01-27,319,5654,34,2633,285,3021,0,0,249,3843,69,969,249,4812,California
Kings,2021-01-28,324,5978,46,2679,278,3299,0,0,270,4059,54,1023,270,5082,California
Kings,2021-01-29,86,6064,26,2705,60,3359,0,0,69,4111,17,1040,69,5151,California
Kings,2021-01-30,1555,7619,31,2736,1524,4883,0,0,1552,5662,3,1043,1554,6705,California
Kings,2021-02-01,199,7818,64,2800,135,5018,0,0,72,5609,125,1168,72,6777,California
Kings,2021-02-02,226,8044,14,2814,212,5230,0,0,82,5548,143,1311,82,6859,California
Kings,2021-02-03,357,8401,191,3005,166,5396,0,0,203,5598,153,1464,203,7062,California
Kings,2021-02-04,395,8796,98,3103,297,5693,0,0,199,5602,195,1659,199,7261,California
Kings,2021-02-05,256,9052,14,3117,242,5935,0,0,101,5550,153,1812,101,7362,California
Kings,2021-02-06,60,9112,10,3127,50,5985,0,0,27,5544,33,1845,27,7389,California
Kings,2021-02-07,5,9117,3,3130,2,5987,0,0,3,5545,2,1847,3,7392,California
Kings,2021-02-08,170,9287,29,3159,141,6128,0,0,68,5511,102,1949,68,7460,California
Kings,2021-02-09,253,9540,57,3216,196,6324,0,0,110,5480,141,2090,110,7570,California
Kings,2021-02-10,286,9826,112,3328,174,6498,0,0,173,5540,113,2203,173,7743,California
Kings,2021-02-11,429,10255,65,3393,364,6862,0,0,318,5748,110,2313,318,8061,California
Kings,2021-02-12,610,10865,36,3429,574,7436,0,0,339,5816,271,2584,339,8400,California
Kings,2021-02-13,103,10968,6,3435,97,7533,0,0,78,5869,25,2609,78,8478,California
Kings,2021-02-14,102,11070,4,3439,98,7631,0,0,94,5955,8,2617,94,8572,California
Kings,2021-02-15,246,11316,5,3444,241,7872,0,0,137,5984,108,2725,137,8709,California
Kings,2021-02-16,484,11800,33,3477,451,8323,0,0,250,6001,233,2958,250,8959,California
Kings,2021-02-17,378,12178,22,3499,356,8679,0,0,241,6106,137,3095,242,9201,California
Kings,2021-02-18,154,12332,22,3521,132,8811,0,0,98,6148,56,3151,98,9299,California
Kings,2021-02-19,157,12489,22,3543,135,8946,0,0,101,6196,53,3204,101,9400,California
Kings,2021-02-20,171,12660,40,3583,131,9077,0,0,134,6293,37,3241,134,9534,California
Kings,2021-02-21,3,12663,2,3585,1,9078,0,0,3,6296,0,3241,3,9537,California
Kings,2021-02-22,110,12773,19,3604,91,9169,0,0,51,6288,59,3300,51,9588,California
Kings,2021-02-23,295,13068,69,3673,226,9395,0,0,178,6349,117,3417,178,9766,California
Kings,2021-02-24,591,13659,153,3826,438,9833,0,0,379,6516,212,3629,379,10145,California
Kings,2021-02-25,661,14320,112,3938,549,10382,0,0,443,6743,216,3845,443,10588,California
Kings,2021-02-26,657,14977,129,4067,528,10910,0,0,594,7275,62,3907,594,11182,California
Kings,2021-02-27,1497,16474,62,4129,1435,12345,0,0,564,6907,932,4839,564,11746,California
Kings,2021-02-28,1169,17643,594,4723,575,12920,0,0,671,7083,495,5334,671,12417,California
Kings,2021-03-01,256,17899,77,4800,179,13099,0,0,211,7249,45,5379,211,12628,California
Kings,2021-03-02,469,18368,205,5005,264,13363,0,0,419,7619,50,5429,420,13048,California
Kings,2021-03-03,617,18985,294,5299,323,13686,0,0,430,7863,186,5615,430,13478,California
Kings,2021-03-04,712,19697,341,5640,371,14057,0,0,617,8386,95,5710,618,14096,California
Kings,2021-03-05,1006,20703,349,5989,648,14705,9,9,890,9170,116,5826,900,14996,California
Kings,2021-03-06,509,21212,183,6172,313,15018,13,22,480,9634,29,5855,493,15489,California
Kings,2021-03-07,366,21578,225,6397,137,15155,4,26,358,9988,8,5863,362,15851,California
Kings,2021-03-08,349,21927,97,6494,199,15354,53,79,240,10171,109,5972,292,16143,California
Kings,2021-03-09,515,22442,238,6732,222,15576,55,134,410,10532,105,6077,466,16609,California
Kings,2021-03-10,501,22943,123,6855,287,15863,91,225,319,10760,181,6258,409,17018,California
Kings,2021-03-11,1017,23960,305,7160,602,16465,110,335,612,11079,403,6661,722,17740,California
Kings,2021-03-12,1293,25253,391,7551,808,17273,94,429,892,11667,400,7061,988,18728,California
Kings,2021-03-13,672,25925,332,7883,296,17569,44,473,545,12130,127,7188,590,19318,California
Kings,2021-03-14,671,26596,101,7984,184,17753,386,859,200,12245,471,7659,586,19904,California
Kings,2021-03-15,639,27235,204,8188,320,18073,115,974,403,12530,235,7894,520,20424,California
Kings,2021-03-16,1039,28274,439,8627,539,18612,61,1035,703,12958,336,8230,764,21188,California
Kings,2021-03-17,1085,29359,415,9042,609,19221,61,1096,768,13477,317,8547,836,22024,California
Kings,2021-03-18,1098,30457,466,9508,410,19631,222,1318,766,14137,331,8878,991,23015,California
Kings,2021-03-19,931,31388,468,9976,378,20009,85,1403,714,14732,217,9095,812,23827,California
Kings,2021-03-20,622,32010,255,10231,337,20346,30,1433,449,15047,171,9266,486,24313,California
Kings,2021-03-21,1400,33410,1085,11316,304,20650,11,1444,847,15352,553,9819,858,25171,California
Kings,2021-03-22,449,33859,202,11518,163,20813,84,1528,275,15541,174,9993,363,25534,California
Kings,2021-03-23,896,34755,492,12010,341,21154,63,1591,575,15863,319,10312,641,26175,California
Kings,2021-03-24,914,35669,474,12484,417,21571,23,1614,510,15996,402,10714,535,26710,California
Kings,2021-03-25,884,36553,440,12924,418,21989,26,1640,443,16026,439,11153,469,27179,California
Kings,2021-03-26,1280,37833,374,13298,821,22810,85,1725,527,15890,748,11901,612,27791,California
Kings,2021-03-27,616,38449,245,13543,359,23169,12,1737,170,15628,444,12345,182,27973,California
Kings,2021-03-28,547,38996,476,14019,64,23233,7,1744,342,15780,205,12550,357,28330,California
Kings,2021-03-29,456,39452,201,14220,195,23428,60,1804,251,15887,203,12753,310,28640,California
Kings,2021-03-30,824,40276,452,14672,334,23762,38,1842,415,15932,408,13161,453,29093,California
Kings,2021-03-31,718,40994,371,15043,283,24045,64,1906,416,16117,295,13456,480,29573,California
Kings,2021-04-01,747,41741,375,15418,293,24338,79,1985,342,16139,399,13855,421,29994,California
Kings,2021-04-02,969,42710,419,15837,428,24766,122,2107,425,16145,540,14395,546,30540,California
Kings,2021-04-03,471,43181,327,16164,136,24902,8,2115,159,16008,306,14701,169,30709,California
Kings,2021-04-04,156,43337,82,16246,68,24970,6,2121,44,15947,111,14812,50,30759,California
Kings,2021-04-05,1036,44373,320,16566,466,25436,250,2371,253,15668,782,15594,503,31262,California
Kings,2021-04-06,1173,45546,446,17012,420,25856,307,2678,292,15388,878,16472,598,31860,California
Kings,2021-04-07,1335,46881,637,17649,514,26370,184,2862,411,15061,922,17394,595,32455,California
Kings,2021-04-08,1592,48473,627,18276,713,27083,252,3114,363,14454,1222,18616,615,33070,California
Kings,2021-04-09,1099,49572,523,18799,402,27485,174,3288,235,13999,862,19478,407,33477,California
Kings,2021-04-10,589,50161,328,19127,159,27644,102,3390,177,13867,411,19889,279,33756,California
Kings,2021-04-11,322,50483,74,19201,242,27886,6,3396,190,13931,132,20021,196,33952,California
Kings,2021-04-12,683,51166,307,19508,178,28064,198,3594,189,13826,492,20513,387,34339,California
Kings,2021-04-13,872,52038,502,20010,370,28434,0,3594,283,13526,588,21101,288,34627,California
Kings,2021-04-14,1016,53054,562,20572,454,28888,0,3594,368,13247,648,21749,369,34996,California
Kings,2021-04-15,1014,54068,495,21067,518,29406,1,3595,452,13139,561,22310,453,35449,California
Kings,2021-04-16,760,54828,359,21426,401,29807,0,3595,265,12910,494,22804,265,35714,California
Kings,2021-04-17,454,55282,241,21667,213,30020,0,3595,198,12853,255,23059,198,35912,California
Kings,2021-04-18,547,55829,237,21904,310,30330,0,3595,69,12444,478,23537,69,35981,California
Kings,2021-04-19,523,56352,288,22192,233,30563,2,3597,285,12493,236,23773,285,36266,California
Kings,2021-04-20,723,57075,438,22630,285,30848,0,3597,241,12254,480,24253,241,36507,California
Kings,2021-04-21,628,57703,303,22933,325,31173,0,3597,221,12073,402,24655,221,36728,California
Kings,2021-04-22,542,58245,278,23211,264,31437,0,3597,200,11936,338,24993,201,36929,California
Kings,2021-04-23,606,58851,265,23476,341,31778,0,3597,299,11932,303,25296,299,37228,California
Kings,2021-04-24,92,58943,45,23521,46,31824,1,3598,52,11945,40,25336,53,37281,California
Lake,2020-12-17,4,4,4,4,0,0,0,0,4,4,0,0,4,4,California
Lake,2020-12-18,51,55,51,55,0,0,0,0,51,55,0,0,51,55,California
Lake,2020-12-19,3,58,3,58,0,0,0,0,3,58,0,0,3,58,California
Lake,2020-12-20,6,64,6,64,0,0,0,0,6,64,0,0,6,64,California
Lake,2020-12-21,86,150,86,150,0,0,0,0,86,150,0,0,86,150,California
Lake,2020-12-22,63,213,60,210,3,3,0,0,63,213,0,0,63,213,California
Lake,2020-12-23,123,336,114,324,9,12,0,0,123,336,0,0,123,336,California
Lake,2020-12-24,2,338,0,324,2,14,0,0,2,338,0,0,2,338,California
Lake,2020-12-26,2,340,2,326,0,14,0,0,2,340,0,0,2,340,California
Lake,2020-12-27,2,342,2,328,0,14,0,0,2,342,0,0,2,342,California
Lake,2020-12-28,52,394,43,371,9,23,0,0,52,394,0,0,52,394,California
Lake,2020-12-29,49,443,44,415,5,28,0,0,49,443,0,0,49,443,California
Lake,2020-12-30,124,567,117,532,7,35,0,0,124,567,0,0,124,567,California
Lake,2020-12-31,67,634,64,596,3,38,0,0,67,634,0,0,67,634,California
Lake,2021-01-01,1,635,0,596,1,39,0,0,1,635,0,0,1,635,California
Lake,2021-01-02,2,637,1,597,1,40,0,0,2,637,0,0,2,637,California
Lake,2021-01-04,87,724,21,618,66,106,0,0,87,724,0,0,87,724,California
Lake,2021-01-05,119,843,59,677,60,166,0,0,117,839,2,2,117,841,California
Lake,2021-01-06,105,948,65,742,40,206,0,0,103,940,2,4,103,944,California
Lake,2021-01-07,104,1052,83,825,21,227,0,0,95,1026,9,13,95,1039,California
Lake,2021-01-08,152,1204,124,949,28,255,0,0,100,1074,52,65,100,1139,California
Lake,2021-01-09,63,1267,61,1010,2,257,0,0,59,1129,4,69,59,1198,California
Lake,2021-01-10,3,1270,3,1013,0,257,0,0,0,1126,3,72,0,1198,California
Lake,2021-01-11,192,1462,151,1164,41,298,0,0,112,1158,80,152,112,1310,California
Lake,2021-01-12,80,1542,48,1212,32,330,0,0,56,1190,24,176,56,1366,California
Lake,2021-01-13,164,1706,112,1324,52,382,0,0,107,1240,57,233,107,1473,California
Lake,2021-01-14,147,1853,46,1370,101,483,0,0,125,1343,22,255,125,1598,California
Lake,2021-01-15,215,2068,92,1462,123,606,0,0,188,1504,27,282,188,1786,California
Lake,2021-01-16,134,2202,81,1543,53,659,0,0,132,1634,2,284,132,1918,California
Lake,2021-01-17,18,2220,6,1549,12,671,0,0,12,1640,6,290,12,1930,California
Lake,2021-01-18,244,2464,224,1773,20,691,0,0,126,1648,118,408,126,2056,California
Lake,2021-01-19,311,2775,117,1890,194,885,0,0,266,1870,45,453,267,2323,California
Lake,2021-01-20,421,3196,80,1970,341,1226,0,0,357,2164,63,516,357,2680,California
Lake,2021-01-21,433,3629,49,2019,384,1610,0,0,398,2527,35,551,398,3078,California
Lake,2021-01-22,318,3947,46,2065,272,1882,0,0,282,2773,36,587,282,3360,California
Lake,2021-01-23,122,4069,5,2070,117,1999,0,0,121,2893,1,588,121,3481,California
Lake,2021-01-24,4,4073,1,2071,3,2002,0,0,4,2897,0,588,4,3485,California
Lake,2021-01-25,257,4330,95,2166,162,2164,0,0,176,2992,81,669,176,3661,California
Lake,2021-01-26,428,4758,36,2202,392,2556,0,0,405,3374,23,692,405,4066,California
Lake,2021-01-27,356,5114,39,2241,317,2873,0,0,329,3677,27,719,330,4396,California
Lake,2021-01-28,500,5614,160,2401,340,3213,0,0,372,3921,128,847,372,4768,California
Lake,2021-01-29,637,6251,83,2484,554,3767,0,0,577,4438,60,907,577,5345,California
Lake,2021-01-30,556,6807,45,2529,511,4278,0,0,550,4982,6,913,550,5895,California
Lake,2021-01-31,14,6821,8,2537,6,4284,0,0,12,4992,2,915,12,5907,California
Lake,2021-02-01,179,7000,18,2555,161,4445,0,0,166,5145,13,928,166,6073,California
Lake,2021-02-02,563,7563,153,2708,410,4855,0,0,398,5378,165,1093,398,6471,California
Lake,2021-02-03,445,8008,33,2741,412,5267,0,0,340,5613,105,1198,340,6811,California
Lake,2021-02-04,118,8126,68,2809,50,5317,0,0,72,5639,46,1244,72,6883,California
Lake,2021-02-05,377,8503,69,2878,308,5625,0,0,288,5840,87,1331,288,7171,California
Lake,2021-02-06,275,8778,40,2918,235,5860,0,0,264,6093,11,1342,264,7435,California
Lake,2021-02-07,2,8780,1,2919,1,5861,0,0,2,6095,0,1342,2,7437,California
Lake,2021-02-08,279,9059,206,3125,73,5934,0,0,160,6136,119,1461,160,7597,California
Lake,2021-02-09,347,9406,25,3150,322,6256,0,0,303,6396,43,1504,303,7900,California
Lake,2021-02-10,350,9756,54,3204,296,6552,0,0,274,6594,76,1580,274,8174,California
Lake,2021-02-11,169,9925,18,3222,151,6703,0,0,56,6537,113,1693,56,8230,California
Lake,2021-02-12,375,10300,28,3250,347,7050,0,0,289,6740,86,1779,289,8519,California
Lake,2021-02-13,249,10549,9,3259,240,7290,0,0,238,6967,11,1790,238,8757,California
Lake,2021-02-14,19,10568,4,3263,15,7305,0,0,6,6960,13,1803,6,8763,California
Lake,2021-02-15,172,10740,13,3276,159,7464,0,0,8,6805,163,1966,8,8771,California
Lake,2021-02-16,420,11160,22,3298,398,7862,0,0,174,6733,246,2212,174,8945,California
Lake,2021-02-17,351,11511,54,3352,297,8159,0,0,70,6523,280,2492,70,9015,California
Lake,2021-02-18,456,11967,69,3421,387,8546,0,0,114,6295,342,2834,114,9129,California
Lake,2021-02-19,414,12381,25,3446,389,8935,0,0,89,6059,325,3159,89,9218,California
Lake,2021-02-20,294,12675,60,3506,234,9169,0,0,251,6268,42,3201,251,9469,California
Lake,2021-02-21,6,12681,6,3512,0,9169,0,0,0,6262,6,3207,0,9469,California
Lake,2021-02-22,139,12820,23,3535,116,9285,0,0,43,6209,96,3303,43,9512,California
Lake,2021-02-23,212,13032,15,3550,197,9482,0,0,26,6049,186,3489,26,9538,California
Lake,2021-02-24,957,13989,379,3929,578,10060,0,0,419,5931,537,4026,419,9957,California
Lake,2021-02-25,732,14721,463,4392,269,10329,0,0,471,6143,259,4285,471,10428,California
Lake,2021-02-26,994,15715,304,4696,690,11019,0,0,348,5848,643,4928,348,10776,California
Lake,2021-02-27,410,16125,97,4793,313,11332,0,0,328,6094,82,5010,328,11104,California
Lake,2021-02-28,18,16143,12,4805,6,11338,0,0,10,6096,8,5018,10,11114,California
Lake,2021-03-01,594,16737,52,4857,542,11880,0,0,442,6386,152,5170,442,11556,California
Lake,2021-03-02,744,17481,18,4875,726,12606,0,0,291,6223,454,5624,291,11847,California
Lake,2021-03-03,359,17840,196,5071,163,12769,0,0,135,6134,224,5848,135,11982,California
Lake,2021-03-04,576,18416,508,5579,68,12837,0,0,562,6682,14,5862,562,12544,California
Lake,2021-03-05,1037,19453,40,5619,997,13834,0,0,174,5997,859,6721,174,12718,California
Lake,2021-03-06,36,19489,11,5630,24,13858,1,1,21,6004,15,6736,22,12740,California
Lake,2021-03-07,7,19496,5,5635,2,13860,0,1,4,6005,3,6739,4,12744,California
Lake,2021-03-08,338,19834,267,5902,62,13922,9,10,298,6272,40,6779,307,13051,California
Lake,2021-03-09,917,20751,29,5931,871,14793,17,27,392,6157,524,7303,409,13460,California
Lake,2021-03-10,202,20953,60,5991,129,14922,13,40,135,6238,67,7370,148,13608,California
Lake,2021-03-11,584,21537,47,6038,62,14984,475,515,49,6227,535,7905,524,14132,California
Lake,2021-03-12,858,22395,205,6243,629,15613,24,539,365,6124,492,8397,389,14521,California
Lake,2021-03-13,278,22673,21,6264,20,15633,237,776,16,6115,261,8658,252,14773,California
Lake,2021-03-14,11,22684,2,6266,9,15642,0,776,7,6118,4,8662,7,14780,California
Lake,2021-03-15,642,23326,14,6280,611,16253,17,793,483,6459,159,8821,500,15280,California
Lake,2021-03-16,1115,24441,836,7116,262,16515,17,810,450,6264,661,9482,466,15746,California
Lake,2021-03-17,246,24687,121,7237,103,16618,22,832,89,6218,157,9639,111,15857,California
Lake,2021-03-18,751,25438,373,7610,341,16959,37,869,374,6252,376,10015,410,16267,California
Lake,2021-03-19,581,26019,315,7925,246,17205,20,889,479,6650,101,10116,499,16766,California
Lake,2021-03-20,249,26268,8,7933,238,17443,3,892,30,6466,217,10333,33,16799,California
Lake,2021-03-21,17,26285,11,7944,5,17448,1,893,12,6474,5,10338,13,16812,California
Lake,2021-03-22,320,26605,240,8184,66,17514,14,907,235,6638,85,10423,249,17061,California
Lake,2021-03-23,416,27021,18,8202,385,17899,13,920,355,6946,60,10483,368,17429,California
Lake,2021-03-24,413,27434,61,8263,344,18243,8,928,317,7177,95,10578,326,17755,California
Lake,2021-03-25,658,28092,468,8731,184,18427,6,934,174,6873,484,11062,180,17935,California
Lake,2021-03-26,70,28162,32,8763,37,18464,1,935,48,6900,22,11084,49,17984,California
Lake,2021-03-27,309,28471,7,8770,299,18763,3,938,17,6630,290,11374,20,18004,California
Lake,2021-03-28,16,28487,7,8777,9,18772,0,938,10,6634,6,11380,10,18014,California
Lake,2021-03-29,899,29386,269,9046,628,19400,2,940,193,6125,704,12084,195,18209,California
Lake,2021-03-30,452,29838,304,9350,146,19546,2,942,366,6408,85,12169,368,18577,California
Lake,2021-03-31,582,30420,62,9412,519,20065,1,943,416,6667,158,12327,417,18994,California
Lake,2021-04-01,429,30849,224,9636,193,20258,12,955,181,6615,245,12572,193,19187,California
Lake,2021-04-02,224,31073,43,9679,153,20411,28,983,101,6621,123,12695,129,19316,California
Lake,2021-04-03,30,31103,7,9686,20,20431,3,986,11,6616,19,12714,14,19330,California
Lake,2021-04-04,20,31123,10,9696,8,20439,2,988,15,6628,5,12719,17,19347,California
Lake,2021-04-05,634,31757,69,9765,546,20985,19,1007,396,6807,235,12954,414,19761,California
Lake,2021-04-06,471,32228,15,9780,430,21415,26,1033,299,6961,171,13125,325,20086,California
Lake,2021-04-07,515,32743,55,9835,410,21825,50,1083,350,7198,163,13288,400,20486,California
Lake,2021-04-08,597,33340,485,10320,45,21870,67,1150,102,6875,492,13780,169,20655,California
Lake,2021-04-09,283,33623,44,10364,170,22040,69,1219,49,6762,231,14011,118,20773,California
Lake,2021-04-10,253,33876,15,10379,14,22054,224,1443,11,6755,242,14253,235,21008,California
Lake,2021-04-11,22,33898,17,10396,3,22057,2,1445,7,6749,15,14268,9,21017,California
Lake,2021-04-12,1066,34964,231,10627,803,22860,32,1477,248,6212,817,15085,280,21297,California
Lake,2021-04-13,180,35144,109,10736,71,22931,0,1477,53,6138,127,15212,53,21350,California
Lake,2021-04-14,606,35750,36,10772,570,23501,0,1477,546,6624,60,15272,546,21896,California
Lake,2021-04-15,622,36372,176,10948,446,23947,0,1477,315,6632,307,15579,315,22211,California
Lake,2021-04-16,255,36627,22,10970,232,24179,1,1478,67,6513,187,15766,68,22279,California
Lake,2021-04-17,39,36666,10,10980,29,24208,0,1478,28,6530,11,15777,28,22307,California
Lake,2021-04-18,8,36674,5,10985,3,24211,0,1478,0,6522,8,15785,0,22307,California
Lake,2021-04-19,297,36971,40,11025,257,24468,0,1478,246,6717,51,15836,246,22553,California
Lake,2021-04-20,687,37658,274,11299,413,24881,0,1478,112,6256,574,16410,113,22666,California
Lake,2021-04-21,521,38179,58,11357,463,25344,0,1478,194,6124,326,16736,194,22860,California
Lake,2021-04-22,421,38600,43,11400,378,25722,0,1478,278,6259,143,16879,278,23138,California
Lake,2021-04-23,100,38700,54,11454,46,25768,0,1478,54,6267,46,16925,54,23192,California
Lake,2021-04-24,16,38716,6,11460,10,25778,0,1478,11,6273,5,16930,11,23203,California
Lassen,2020-12-16,8,8,8,8,0,0,0,0,8,8,0,0,8,8,California
Lassen,2020-12-17,6,14,6,14,0,0,0,0,6,14,0,0,6,14,California
Lassen,2020-12-18,1,15,1,15,0,0,0,0,1,15,0,0,1,15,California
Lassen,2020-12-19,5,20,5,20,0,0,0,0,5,20,0,0,5,20,California
Lassen,2020-12-20,2,22,2,22,0,0,0,0,2,22,0,0,2,22,California
Lassen,2020-12-21,11,33,11,33,0,0,0,0,11,33,0,0,11,33,California
Lassen,2020-12-22,23,56,23,56,0,0,0,0,23,56,0,0,23,56,California
Lassen,2020-12-23,6,62,6,62,0,0,0,0,6,62,0,0,6,62,California
Lassen,2020-12-24,11,73,11,73,0,0,0,0,11,73,0,0,11,73,California
Lassen,2020-12-28,3,76,2,75,1,1,0,0,3,76,0,0,3,76,California
Lassen,2020-12-29,35,111,35,110,0,1,0,0,35,111,0,0,35,111,California
Lassen,2020-12-30,37,148,36,146,1,2,0,0,37,148,0,0,37,148,California
Lassen,2020-12-31,49,197,42,188,7,9,0,0,49,197,0,0,49,197,California
Lassen,2021-01-02,1,198,0,188,1,10,0,0,1,198,0,0,1,198,California
Lassen,2021-01-04,15,213,1,189,14,24,0,0,15,213,0,0,15,213,California
Lassen,2021-01-05,194,407,53,242,141,165,0,0,194,407,0,0,194,407,California
Lassen,2021-01-06,93,500,42,284,51,216,0,0,85,485,8,8,86,493,California
Lassen,2021-01-07,43,543,7,291,36,252,0,0,37,516,6,14,37,530,California
Lassen,2021-01-08,50,593,2,293,48,300,0,0,50,566,0,14,50,580,California
Lassen,2021-01-09,12,605,6,299,6,306,0,0,12,578,0,14,12,592,California
Lassen,2021-01-11,27,632,5,304,22,328,0,0,27,605,0,14,27,619,California
Lassen,2021-01-12,49,681,29,333,20,348,0,0,30,616,19,33,30,649,California
Lassen,2021-01-13,161,842,18,351,143,491,0,0,146,747,15,48,146,795,California
Lassen,2021-01-14,163,1005,18,369,145,636,0,0,151,886,12,60,151,946,California
Lassen,2021-01-15,33,1038,6,375,27,663,0,0,33,919,0,60,33,979,California
Lassen,2021-01-16,34,1072,33,408,1,664,0,0,34,953,0,60,34,1013,California
Lassen,2021-01-17,1,1073,0,408,1,665,0,0,1,954,0,60,1,1014,California
Lassen,2021-01-18,5,1078,2,410,3,668,0,0,4,957,1,61,4,1018,California
Lassen,2021-01-19,185,1263,36,446,149,817,0,0,157,1086,28,89,157,1175,California
Lassen,2021-01-20,188,1451,100,546,88,905,0,0,104,1121,69,158,104,1279,California
Lassen,2021-01-21,144,1595,93,639,51,956,0,0,120,1223,18,176,120,1399,California
Lassen,2021-01-22,31,1626,18,657,13,969,0,0,21,1234,10,186,21,1420,California
Lassen,2021-01-23,2,1628,0,657,2,971,0,0,2,1236,0,186,2,1422,California
Lassen,2021-01-24,1,1629,0,657,1,972,0,0,1,1237,0,186,1,1423,California
Lassen,2021-01-25,11,1640,0,657,11,983,0,0,11,1248,0,186,11,1434,California
Lassen,2021-01-26,126,1766,12,669,114,1097,0,0,122,1366,4,190,122,1556,California
Lassen,2021-01-27,85,1851,33,702,52,1149,0,0,69,1419,16,206,69,1625,California
Lassen,2021-01-28,85,1936,14,716,71,1220,0,0,84,1502,1,207,84,1709,California
Lassen,2021-01-29,23,1959,7,723,16,1236,0,0,22,1523,1,208,22,1731,California
Lassen,2021-02-01,62,2021,4,727,58,1294,0,0,36,1533,26,234,36,1767,California
Lassen,2021-02-02,177,2198,12,739,165,1459,0,0,44,1444,133,367,44,1811,California
Lassen,2021-02-03,96,2294,21,760,75,1534,0,0,51,1450,45,412,51,1862,California
Lassen,2021-02-04,112,2406,15,775,97,1631,0,0,63,1464,49,461,63,1925,California
Lassen,2021-02-05,65,2471,12,787,53,1684,0,0,23,1445,42,503,23,1948,California
Lassen,2021-02-06,70,2541,35,822,35,1719,0,0,37,1450,32,535,37,1985,California
Lassen,2021-02-07,2,2543,2,824,0,1719,0,0,2,1452,0,535,2,1987,California
Lassen,2021-02-08,43,2586,4,828,39,1758,0,0,18,1445,25,560,18,2005,California
Lassen,2021-02-09,129,2715,8,836,121,1879,0,0,50,1416,79,639,50,2055,California
Lassen,2021-02-10,182,2897,20,856,162,2041,0,0,75,1384,107,746,75,2130,California
Lassen,2021-02-11,184,3081,16,872,168,2209,0,0,80,1361,103,849,80,2210,California
Lassen,2021-02-12,42,3123,11,883,31,2240,0,0,14,1347,28,877,14,2224,California
Lassen,2021-02-13,11,3134,3,886,8,2248,0,0,9,1354,2,879,9,2233,California
Lassen,2021-02-14,13,3147,0,886,13,2261,0,0,12,1365,1,880,12,2245,California
Lassen,2021-02-15,21,3168,2,888,19,2280,0,0,17,1378,4,884,17,2262,California
Lassen,2021-02-16,192,3360,4,892,188,2468,0,0,31,1250,159,1043,31,2293,California
Lassen,2021-02-17,184,3544,94,986,90,2558,0,0,11,1088,173,1216,11,2304,California
Lassen,2021-02-18,79,3623,22,1008,57,2615,0,0,20,1049,59,1275,20,2324,California
Lassen,2021-02-19,82,3705,62,1070,20,2635,0,0,18,1003,64,1339,18,2342,California
Lassen,2021-02-20,7,3712,0,1070,7,2642,0,0,5,1006,2,1341,5,2347,California
Lassen,2021-02-21,22,3734,2,1072,20,2662,0,0,18,1020,4,1345,18,2365,California
Lassen,2021-02-22,23,3757,8,1080,15,2677,0,0,5,1007,18,1363,5,2370,California
Lassen,2021-02-23,153,3910,10,1090,143,2820,0,0,41,936,112,1475,41,2411,California
Lassen,2021-02-24,166,4076,17,1107,149,2969,0,0,108,987,57,1532,108,2519,California
Lassen,2021-02-25,156,4232,19,1126,137,3106,0,0,99,1029,57,1589,99,2618,California
Lassen,2021-02-26,73,4305,16,1142,57,3163,0,0,36,1028,37,1626,36,2654,California
Lassen,2021-02-27,8,4313,7,1149,1,3164,0,0,3,1026,5,1631,3,2657,California
Lassen,2021-02-28,6,4319,1,1150,5,3169,0,0,3,1026,3,1634,3,2660,California
Lassen,2021-03-01,41,4360,4,1154,37,3206,0,0,8,1001,33,1667,8,2668,California
Lassen,2021-03-02,107,4467,9,1163,98,3304,0,0,80,1054,27,1694,80,2748,California
Lassen,2021-03-03,170,4637,12,1175,158,3462,0,0,113,1110,57,1751,113,2861,California
Lassen,2021-03-04,147,4784,14,1189,133,3595,0,0,98,1160,48,1799,98,2959,California
Lassen,2021-03-05,47,4831,7,1196,17,3612,23,23,11,1158,36,1835,34,2993,California
Lassen,2021-03-06,55,4886,5,1201,28,3640,22,45,5,1135,50,1885,27,3020,California
Lassen,2021-03-07,56,4942,1,1202,0,3640,55,100,1,1136,55,1940,56,3076,California
Lassen,2021-03-08,90,5032,2,1204,8,3648,80,180,3,1133,86,2026,83,3159,California
Lassen,2021-03-09,137,5169,11,1215,109,3757,17,197,88,1190,49,2075,106,3265,California
Lassen,2021-03-10,173,5342,10,1225,162,3919,1,198,79,1177,93,2168,80,3345,California
Lassen,2021-03-11,185,5527,16,1241,162,4081,7,205,113,1228,69,2237,120,3465,California
Lassen,2021-03-12,35,5562,18,1259,13,4094,4,209,12,1221,23,2260,16,3481,California
Lassen,2021-03-13,49,5611,0,1259,3,4097,46,255,1,1219,48,2308,46,3527,California
Lassen,2021-03-14,14,5625,2,1261,11,4108,1,256,2,1210,12,2320,3,3530,California
Lassen,2021-03-15,32,5657,1,1262,31,4139,0,256,16,1210,16,2336,16,3546,California
Lassen,2021-03-16,93,5750,2,1264,85,4224,6,262,75,1273,18,2354,81,3627,California
Lassen,2021-03-17,1086,6836,9,1273,1072,5296,5,267,1066,2324,20,2374,1071,4698,California
Lassen,2021-03-18,95,6931,9,1282,85,5381,1,268,81,2392,14,2388,82,4780,California
Lassen,2021-03-19,17,6948,11,1293,2,5383,4,272,7,2393,10,2398,11,4791,California
Lassen,2021-03-20,28,6976,3,1296,22,5405,3,275,22,2412,6,2404,25,4816,California
Lassen,2021-03-21,34,7010,0,1296,34,5439,0,275,14,2407,19,2423,14,4830,California
Lassen,2021-03-22,57,7067,1,1297,56,5495,0,275,54,2458,3,2426,54,4884,California
Lassen,2021-03-23,117,7184,9,1306,107,5602,1,276,66,2474,51,2477,67,4951,California
Lassen,2021-03-24,212,7396,13,1319,199,5801,0,276,107,2477,104,2581,107,5058,California
Lassen,2021-03-25,151,7547,20,1339,131,5932,0,276,69,2464,82,2663,69,5127,California
Lassen,2021-03-26,78,7625,12,1351,27,5959,39,315,19,2463,59,2722,58,5185,California
Lassen,2021-03-27,20,7645,4,1355,1,5960,15,330,3,2464,17,2739,18,5203,California
Lassen,2021-03-28,18,7663,3,1358,5,5965,10,340,4,2464,14,2753,14,5217,California
Lassen,2021-03-29,52,7715,0,1358,27,5992,25,365,20,2478,31,2784,45,5262,California
Lassen,2021-03-30,198,7913,10,1368,163,6155,25,390,51,2407,147,2931,76,5338,California
Lassen,2021-03-31,146,8059,12,1380,112,6267,22,412,62,2407,84,3015,84,5422,California
Lassen,2021-04-01,166,8225,16,1396,131,6398,19,431,49,2359,116,3131,68,5490,California
Lassen,2021-04-02,29,8254,4,1400,3,6401,22,453,2,2356,27,3158,24,5514,California
Lassen,2021-04-03,12,8266,0,1400,2,6403,10,463,0,2354,12,3170,10,5524,California
Lassen,2021-04-04,7,8273,2,1402,0,6403,5,468,1,2354,6,3176,6,5530,California
Lassen,2021-04-05,23,8296,4,1406,12,6415,7,475,11,2361,11,3187,18,5548,California
Lassen,2021-04-06,183,8479,8,1414,145,6560,30,505,52,2312,131,3318,82,5630,California
Lassen,2021-04-07,135,8614,5,1419,93,6653,37,542,32,2280,103,3421,71,5701,California
Lassen,2021-04-08,169,8783,8,1427,105,6758,56,598,33,2237,132,3553,89,5790,California
Lassen,2021-04-09,52,8835,6,1433,11,6769,35,633,9,2238,42,3595,43,5833,California
Lassen,2021-04-10,9,8844,0,1433,2,6771,7,640,0,2237,8,3603,7,5840,California
Lassen,2021-04-11,5,8849,2,1435,0,6771,3,643,2,2239,3,3606,5,5845,California
Lassen,2021-04-12,25,8874,2,1437,10,6781,13,656,1,2229,24,3630,14,5859,California
Lassen,2021-04-13,129,9003,6,1443,123,6904,0,656,40,2181,88,3718,40,5899,California
Lassen,2021-04-14,986,9989,16,1459,970,7874,0,656,50,1296,935,4653,50,5949,California
Lassen,2021-04-15,147,10136,14,1473,133,8007,0,656,19,1187,128,4781,19,5968,California
Lassen,2021-04-16,10,10146,3,1476,7,8014,0,656,5,1187,5,4786,5,5973,California
Lassen,2021-04-17,24,10170,3,1479,21,8035,0,656,4,1171,20,4806,4,5977,California
Lassen,2021-04-18,5,10175,2,1481,3,8038,0,656,2,1170,3,4809,2,5979,California
Lassen,2021-04-19,32,10207,0,1481,32,8070,0,656,16,1170,16,4825,16,5995,California
Lassen,2021-04-20,133,10340,7,1488,126,8196,0,656,48,1133,85,4910,48,6043,California
Lassen,2021-04-21,138,10478,8,1496,128,8324,2,658,32,1060,105,5015,32,6075,California
Lassen,2021-04-22,39,10517,13,1509,26,8350,0,658,28,1077,11,5026,28,6103,California
Lassen,2021-04-23,29,10546,1,1510,27,8377,1,659,20,1088,9,5035,20,6123,California
Lassen,2021-04-24,1,10547,1,1511,0,8377,0,659,1,1089,0,5035,1,6124,California
Los Angeles,2020-12-15,391,391,391,391,0,0,0,0,391,391,0,0,391,391,California
Los Angeles,2020-12-16,3364,3755,3364,3755,0,0,0,0,3364,3755,0,0,3364,3755,California
Los Angeles,2020-12-17,10229,13984,10229,13984,0,0,0,0,10230,13985,0,0,10230,13985,California
Los Angeles,2020-12-18,14502,28486,14478,28462,24,24,0,0,14502,28487,0,0,14502,28487,California
Los Angeles,2020-12-19,7220,35706,7212,35674,8,32,0,0,7221,35708,0,0,7221,35708,California
Los Angeles,2020-12-20,4582,40288,4575,40249,7,39,0,0,4584,40292,0,0,4584,40292,California
Los Angeles,2020-12-21,13679,53967,13665,53914,14,53,0,0,13680,53971,1,1,13680,53972,California
Los Angeles,2020-12-22,11515,65482,11134,65048,381,434,0,0,11516,65486,1,2,11516,65488,California
Los Angeles,2020-12-23,11875,77357,10122,75170,1753,2187,0,0,11876,77362,0,2,11876,77364,California
Los Angeles,2020-12-24,7011,84368,4245,79415,2766,4953,0,0,7014,84376,0,2,7014,84378,California
Los Angeles,2020-12-25,524,84892,419,79834,105,5058,0,0,524,84900,0,2,524,84902,California
Los Angeles,2020-12-26,2523,87415,2178,82012,345,5403,0,0,2523,87422,1,3,2523,87425,California
Los Angeles,2020-12-27,1757,89172,1027,83039,730,6133,0,0,1757,89179,0,3,1757,89182,California
Los Angeles,2020-12-28,10265,99437,6367,89406,3898,10031,0,0,10263,99441,1,4,10263,99445,California
Los Angeles,2020-12-29,11581,111018,6064,95470,5517,15548,0,0,11583,111024,0,4,11583,111028,California
Los Angeles,2020-12-30,14848,125866,8080,103550,6768,22316,0,0,14847,125871,0,4,14847,125875,California
Los Angeles,2020-12-31,7913,133779,2749,106299,5164,27480,0,0,7911,133781,1,5,7911,133786,California
Los Angeles,2021-01-01,976,134755,263,106562,713,28193,0,0,976,134757,0,5,976,134762,California
Los Angeles,2021-01-02,4444,139199,1650,108212,2794,30987,0,0,4444,139201,0,5,4444,139206,California
Los Angeles,2021-01-03,927,140126,209,108421,718,31705,0,0,926,140126,1,6,926,140132,California
Los Angeles,2021-01-04,12663,152789,4852,113273,7811,39516,0,0,12649,152772,3,9,12649,152781,California
Los Angeles,2021-01-05,15970,168759,7053,120326,8917,48433,0,0,14071,164973,1872,1881,14073,166854,California
Los Angeles,2021-01-06,22491,191250,12048,132374,10443,58876,0,0,16907,176371,5516,7397,16914,183768,California
Los Angeles,2021-01-07,29332,220582,15792,148166,13540,72416,0,0,18843,184781,10444,17841,18854,202622,California
Los Angeles,2021-01-08,33043,253625,17880,166046,15163,87579,0,0,20841,193454,12176,30017,20849,223471,California
Los Angeles,2021-01-09,12340,265965,7062,173108,5278,92857,0,0,7480,196081,4859,34876,7486,230957,California
Los Angeles,2021-01-10,4646,270611,3626,176734,1020,93877,0,0,1919,195274,2727,37603,1920,232877,California
Los Angeles,2021-01-11,25761,296372,16226,192960,9535,103412,0,0,14834,199200,10916,48519,14842,247719,California
Los Angeles,2021-01-12,29188,325560,16064,209024,13124,116536,0,0,19063,208164,10107,58626,19071,266790,California
Los Angeles,2021-01-13,29223,354783,15607,224631,13616,130152,0,0,20287,219537,8919,67545,20292,287082,California
Los Angeles,2021-01-14,29211,383994,12702,237333,16509,146661,0,0,23714,237782,5478,73023,23723,310805,California
Los Angeles,2021-01-15,33748,417742,12336,249669,21412,168073,0,0,30181,264428,3542,76565,30188,340993,California
Los Angeles,2021-01-16,17545,435287,4963,254632,12582,180655,0,0,15767,278429,1770,78335,15771,356764,California
Los Angeles,2021-01-17,5181,440468,2301,256933,2880,183535,0,0,4936,283123,244,78579,4938,361702,California
Los Angeles,2021-01-18,15562,456030,10049,266982,5513,189048,0,0,10859,289293,4691,83270,10861,372563,California
Los Angeles,2021-01-19,38408,494438,20538,287520,17870,206918,0,0,30634,312201,7733,91003,30641,403204,California
Los Angeles,2021-01-20,45542,539980,23722,311242,21820,228738,0,0,38060,342817,7452,98455,38068,441272,California
Los Angeles,2021-01-21,48566,588546,22386,333628,26180,254918,0,0,44310,382946,4195,102650,44324,485596,California
Los Angeles,2021-01-22,47741,636287,22199,355827,25542,280460,0,0,44338,423934,3359,106009,44347,529943,California
Los Angeles,2021-01-23,33925,670212,15693,371520,18232,298692,0,0,31883,453818,2010,108019,31894,561837,California
Los Angeles,2021-01-24,15719,685931,12204,383724,3515,302207,0,0,15170,468447,542,108561,15171,577008,California
Los Angeles,2021-01-25,38625,724556,16391,400115,22234,324441,0,0,30174,490216,8422,116983,30191,607199,California
Los Angeles,2021-01-26,49152,773708,24391,424506,24761,349202,0,0,40998,523111,8121,125104,41016,648215,California
Los Angeles,2021-01-27,48370,822078,25769,450275,22601,371803,0,0,39207,553310,9028,134132,39227,687442,California
Los Angeles,2021-01-28,48455,870533,23053,473328,25402,397205,0,0,40092,585177,8244,142376,40111,727553,California
Los Angeles,2021-01-29,49160,919693,25352,498680,23808,421013,0,0,39139,614668,9670,152046,39161,766714,California
Los Angeles,2021-01-30,29948,949641,15384,514064,14564,435577,0,0,25824,636446,4049,156095,25827,792541,California
Los Angeles,2021-01-31,12990,962631,10357,524421,2633,438210,0,0,12072,647615,906,157001,12075,804616,California
Los Angeles,2021-02-01,37915,1000546,16131,540552,21784,459994,0,0,27679,665097,10206,167207,27688,832304,California
Los Angeles,2021-02-02,44131,1044677,17857,558409,26274,486268,0,0,31987,684980,12107,179314,31990,864294,California
Los Angeles,2021-02-03,51966,1096643,19445,577854,32521,518789,0,0,37314,707881,14419,193733,37320,901614,California
Los Angeles,2021-02-04,57103,1153746,20675,598529,36428,555217,0,0,39080,729256,17716,211449,39091,940705,California
Los Angeles,2021-02-05,61041,1214787,21004,619533,40037,595254,0,0,39222,747083,21401,232850,39228,979933,California
Los Angeles,2021-02-06,35435,1250222,13271,632804,22164,617418,0,0,27032,765806,8330,241180,27053,1006986,California
Los Angeles,2021-02-07,10778,1261000,8366,641170,2412,619830,0,0,8398,771844,2365,243545,8403,1015389,California
Los Angeles,2021-02-08,46661,1307661,21455,662625,25206,645036,0,0,30538,786393,15991,259536,30540,1045929,California
Los Angeles,2021-02-09,55668,1363329,24560,687185,31108,676144,0,0,28362,787520,27241,286777,28368,1074297,California
Los Angeles,2021-02-10,66777,1430106,29350,716535,37427,713571,0,0,30944,783008,35463,322240,30951,1105248,California
Los Angeles,2021-02-11,57887,1487993,30822,747357,27065,740636,0,0,28001,781562,29449,351689,28003,1133251,California
Los Angeles,2021-02-12,59432,1547425,29763,777120,29669,770305,0,0,25952,774380,33150,384839,25968,1159219,California
Los Angeles,2021-02-13,33766,1581191,19600,796720,14166,784471,0,0,15457,771647,18226,403065,15493,1174712,California
Los Angeles,2021-02-14,21856,1603047,14952,811672,6904,791375,0,0,8770,767394,13026,416091,8773,1183485,California
Los Angeles,2021-02-15,32361,1635408,15822,827494,16539,807914,0,0,17763,770623,14540,430631,17769,1201254,California
Los Angeles,2021-02-16,63873,1699281,32453,859947,31420,839334,0,0,29836,766513,33958,464589,29848,1231102,California
Los Angeles,2021-02-17,63889,1763170,34206,894153,29683,869017,0,0,26339,755472,37386,501975,26345,1257447,California
Los Angeles,2021-02-18,67930,1831100,34644,928797,33286,902303,0,0,28581,744887,39175,541150,28590,1286037,California
Los Angeles,2021-02-19,56907,1888007,34964,963761,21943,924246,0,0,28284,744655,28530,569680,28298,1314335,California
Los Angeles,2021-02-20,32057,1920064,23801,987562,8256,932502,0,0,15665,743975,16353,586033,15673,1330008,California
Los Angeles,2021-02-21,16582,1936646,14944,1002506,1638,934140,0,0,8468,744363,8083,594116,8471,1338479,California
Los Angeles,2021-02-22,34210,1970856,24913,1027419,9297,943437,0,0,17705,745645,16433,610549,17715,1356194,California
Los Angeles,2021-02-23,53425,2024281,22657,1050076,30768,974205,0,0,21061,734453,32264,642813,21072,1377266,California
Los Angeles,2021-02-24,63792,2088073,28014,1078090,35778,1009983,0,0,27985,726805,35650,678463,28002,1405268,California
Los Angeles,2021-02-25,73281,2161354,33654,1111744,39627,1049610,0,0,38530,730744,34602,713065,38541,1443809,California
Los Angeles,2021-02-26,82571,2243925,38499,1150243,44072,1093682,0,0,47307,743037,35041,748106,47334,1491143,California
Los Angeles,2021-02-27,58447,2302372,24831,1175074,33612,1127294,4,4,29869,744495,28438,776544,29896,1521039,California
Los Angeles,2021-02-28,26727,2329099,18450,1193524,8276,1135570,1,5,18830,755514,7819,784363,18838,1539877,California
Los Angeles,2021-03-01,55308,2384407,30976,1224500,24318,1159888,14,19,33538,767454,21627,805990,33567,1573444,California
Los Angeles,2021-03-02,70697,2455104,31308,1255808,39387,1199275,2,21,43197,783273,27389,833379,43208,1616652,California
Los Angeles,2021-03-03,81946,2537050,41010,1296818,40929,1240204,7,28,51431,804368,30365,863744,51460,1668112,California
Los Angeles,2021-03-04,88780,2625830,45596,1342414,43174,1283378,10,38,55888,827560,32722,896466,55914,1724026,California
Los Angeles,2021-03-05,87334,2713164,42542,1384956,44768,1328146,24,62,58235,856918,28933,925399,58291,1782317,California
Los Angeles,2021-03-06,65695,2778859,32865,1417821,31022,1359168,1808,1870,42196,877561,23367,948766,44010,1826327,California
Los Angeles,2021-03-07,25596,2804455,19258,1437079,5547,1364715,791,2661,19732,892241,5841,954607,20521,1846848,California
Los Angeles,2021-03-08,51190,2855645,26582,1463661,22671,1387386,1937,4598,38496,920070,12602,967209,40431,1887279,California
Los Angeles,2021-03-09,68430,2924075,26040,1489701,39123,1426509,3267,7865,40818,936678,27472,994681,44080,1931359,California
Los Angeles,2021-03-10,78543,3002618,37058,1526759,36842,1463351,4643,12508,49315,961520,29084,1023765,53926,1985285,California
Los Angeles,2021-03-11,91217,3093835,44335,1571094,40502,1503853,6380,18888,53540,983892,37517,1061282,59889,2045174,California
Los Angeles,2021-03-12,96412,3190247,42719,1613813,39985,1543838,13708,32596,56074,1013467,40166,1101448,69741,2114915,California
Los Angeles,2021-03-13,73456,3263703,33947,1647760,27632,1571470,11877,44473,43649,1039246,29709,1131157,55488,2170403,California
Los Angeles,2021-03-14,37946,3301649,25343,1673103,10193,1581663,2410,46883,25454,1054656,12436,1143593,27846,2198249,California
Los Angeles,2021-03-15,73296,3374945,35431,1708534,32552,1614215,5313,52196,44737,1076307,28389,1171982,50040,2248289,California
Los Angeles,2021-03-16,97707,3472652,41987,1750521,49978,1664193,5742,57938,63753,1111994,33781,1205763,69468,2317757,California
Los Angeles,2021-03-17,94837,3567489,42570,1793091,44083,1708276,8184,66122,63686,1152781,30980,1236743,71767,2389524,California
Los Angeles,2021-03-18,98213,3665702,46860,1839951,46181,1754457,5172,71294,62539,1185051,35429,1272172,67699,2457223,California
Los Angeles,2021-03-19,104975,3770677,54598,1894549,45717,1800174,4660,75954,65211,1215348,39536,1311708,69833,2527056,California
Los Angeles,2021-03-20,74157,3844834,36056,1930605,33848,1834022,4253,80207,51574,1248732,22432,1334140,55816,2582872,California
Los Angeles,2021-03-21,33490,3878324,24718,1955323,7929,1841951,843,81050,21771,1259715,11627,1345767,22610,2605482,California
Los Angeles,2021-03-22,67708,3946032,40098,1995421,25648,1867599,1962,83012,48284,1290740,19220,1364987,50245,2655727,California
Los Angeles,2021-03-23,93038,4039070,50145,2045566,39980,1907579,2913,85925,62007,1324832,30819,1395806,64911,2720638,California
Los Angeles,2021-03-24,101851,4140921,54143,2099709,44843,1952422,2865,88790,60454,1347026,41114,1436920,63308,2783946,California
Los Angeles,2021-03-25,106736,4247657,57054,2156763,46060,1998482,3622,92412,61407,1366956,45085,1482005,65015,2848961,California
Los Angeles,2021-03-26,111395,4359052,60792,2217555,46521,2045003,4082,96494,63485,1386844,47667,1529672,67555,2916516,California
Los Angeles,2021-03-27,80673,4439725,42258,2259813,36302,2081305,2113,98607,42158,1392819,38297,1567969,44272,2960788,California
Los Angeles,2021-03-28,40750,4480475,27258,2287071,12910,2094215,582,99189,20738,1394216,19923,1587892,21320,2982108,California
Los Angeles,2021-03-29,81003,4561478,45734,2332805,33683,2127898,1586,100775,46511,1407982,34329,1622221,48095,3030203,California
Los Angeles,2021-03-30,105893,4667371,49575,2382380,50625,2178523,5693,106468,65313,1438574,40395,1662616,70987,3101190,California
Los Angeles,2021-03-31,119181,4786552,59797,2442177,50899,2229422,8485,114953,70119,1468311,48835,1711451,78572,3179762,California
Los Angeles,2021-04-01,129310,4915862,60235,2502412,54347,2283769,14728,129681,70928,1495777,58152,1769603,85618,3265380,California
Los Angeles,2021-04-02,127403,5043265,56266,2558678,56361,2340130,14776,144457,68717,1520859,58404,1828007,83486,3348866,California
Los Angeles,2021-04-03,94745,5138010,42654,2601332,39095,2379225,12996,157453,47417,1534058,47185,1875192,60384,3409250,California
Los Angeles,2021-04-04,38816,5176826,20277,2621609,11979,2391204,6560,164013,16679,1535199,22081,1897273,23222,3432472,California
Los Angeles,2021-04-05,90306,5267132,43794,2665403,36624,2427828,9888,173901,44459,1543836,45694,1942967,54331,3486803,California
Los Angeles,2021-04-06,119239,5386371,56019,2721422,43178,2471006,20042,193943,55440,1555655,63595,2006562,75414,3562217,California
Los Angeles,2021-04-07,118198,5504569,53846,2775268,43524,2514530,20828,214771,54103,1566645,63878,2070440,74868,3637085,California
Los Angeles,2021-04-08,130104,5634673,57127,2832395,49219,2563749,23758,238529,59394,1579245,70477,2140917,83077,3720162,California
Los Angeles,2021-04-09,128329,5763002,55579,2887974,49366,2613115,23384,261913,55722,1585904,72369,2213286,79028,3799190,California
Los Angeles,2021-04-10,98443,5861445,41411,2929385,33407,2646522,23625,285538,36478,1584179,61770,2275056,60045,3859235,California
Los Angeles,2021-04-11,40887,5902332,22203,2951588,9567,2656089,9117,294655,14221,1580883,26606,2301662,23310,3882545,California
Los Angeles,2021-04-12,77498,5979830,38171,2989759,33165,2689254,6162,300817,32338,1574361,44987,2346649,38465,3921010,California
Los Angeles,2021-04-13,115445,6095275,58155,3047914,56889,2746143,401,301218,61435,1582388,53812,2400461,61839,3982849,California
Los Angeles,2021-04-14,115119,6210394,58380,3106294,56627,2802770,112,301330,62774,1593149,52120,2452581,62881,4045730,California
Los Angeles,2021-04-15,124876,6335270,67766,3174060,56955,2859725,155,301485,71356,1611369,53291,2505872,71511,4117241,California
Los Angeles,2021-04-16,126256,6461526,67594,3241654,58523,2918248,139,301624,66991,1619459,59043,2564915,67133,4184374,California
Los Angeles,2021-04-17,95113,6556639,50313,3291967,44788,2963036,12,301636,54129,1632793,40813,2605728,54147,4238521,California
Los Angeles,2021-04-18,33636,6590275,22277,3314244,11358,2974394,1,301637,18631,1636477,14954,2620682,18638,4257159,California
Los Angeles,2021-04-19,73096,6663371,39174,3353418,33897,3008291,25,301662,32882,1629326,40064,2660746,32913,4290072,California
Los Angeles,2021-04-20,97719,6761090,47516,3400934,50192,3058483,11,301673,48661,1629135,48864,2709610,48673,4338745,California
Los Angeles,2021-04-21,105713,6866803,51249,3452183,54275,3112758,189,301862,47144,1618149,58323,2767933,47337,4386082,California
Los Angeles,2021-04-22,103823,6970626,56033,3508216,47761,3160519,29,301891,46301,1607193,57297,2825230,46341,4432423,California
Los Angeles,2021-04-23,87711,7058337,50129,3558345,37565,3198084,17,301908,40463,1600655,47018,2872248,40480,4472903,California
Los Angeles,2021-04-24,42898,7101235,35113,3593458,7763,3205847,22,301930,28187,1614232,14632,2886880,28209,4501112,California
Madera,2020-12-16,22,22,22,22,0,0,0,0,22,22,0,0,22,22,California
Madera,2020-12-17,13,35,13,35,0,0,0,0,13,35,0,0,13,35,California
Madera,2020-12-18,61,96,61,96,0,0,0,0,61,96,0,0,61,96,California
Madera,2020-12-19,5,101,5,101,0,0,0,0,5,101,0,0,5,101,California
Madera,2020-12-20,14,115,14,115,0,0,0,0,14,115,0,0,14,115,California
Madera,2020-12-21,60,175,60,175,0,0,0,0,60,175,0,0,60,175,California
Madera,2020-12-22,97,272,95,270,2,2,0,0,97,272,0,0,97,272,California
Madera,2020-12-23,68,340,68,338,0,2,0,0,68,340,0,0,68,340,California
Madera,2020-12-24,44,384,39,377,5,7,0,0,44,384,0,0,44,384,California
Madera,2020-12-26,28,412,26,403,2,9,0,0,28,412,0,0,28,412,California
Madera,2020-12-27,30,442,12,415,18,27,0,0,30,442,0,0,30,442,California
Madera,2020-12-28,105,547,36,451,69,96,0,0,105,547,0,0,105,547,California
Madera,2020-12-29,174,721,40,491,134,230,0,0,174,721,0,0,174,721,California
Madera,2020-12-30,218,939,86,577,132,362,0,0,218,939,0,0,218,939,California
Madera,2020-12-31,201,1140,80,657,121,483,0,0,201,1140,0,0,201,1140,California
Madera,2021-01-01,1,1141,1,658,0,483,0,0,1,1141,0,0,1,1141,California
Madera,2021-01-02,89,1230,34,692,55,538,0,0,89,1230,0,0,89,1230,California
Madera,2021-01-03,5,1235,5,697,0,538,0,0,5,1235,0,0,5,1235,California
Madera,2021-01-04,129,1364,65,762,64,602,0,0,129,1364,0,0,129,1364,California
Madera,2021-01-05,279,1643,143,905,136,738,0,0,275,1635,4,4,275,1639,California
Madera,2021-01-06,184,1827,27,932,157,895,0,0,164,1779,20,24,164,1803,California
Madera,2021-01-07,394,2221,113,1045,281,1176,0,0,372,2129,22,46,372,2175,California
Madera,2021-01-08,419,2640,72,1117,347,1523,0,0,364,2440,54,100,365,2540,California
Madera,2021-01-09,37,2677,14,1131,23,1546,0,0,28,2459,9,109,28,2568,California
Madera,2021-01-10,17,2694,14,1145,3,1549,0,0,5,2452,12,121,5,2573,California
Madera,2021-01-11,238,2932,190,1335,48,1597,0,0,195,2604,43,164,195,2768,California
Madera,2021-01-12,390,3322,157,1492,233,1830,0,0,284,2782,106,270,284,3052,California
Madera,2021-01-13,185,3507,91,1583,94,1924,0,0,129,2856,56,326,130,3182,California
Madera,2021-01-14,554,4061,82,1665,472,2396,0,0,520,3342,34,360,520,3702,California
Madera,2021-01-15,599,4660,159,1824,440,2836,0,0,579,3901,20,380,579,4281,California
Madera,2021-01-16,382,5042,47,1871,335,3171,0,0,353,4225,29,409,353,4634,California
Madera,2021-01-17,335,5377,15,1886,320,3491,0,0,331,4552,4,413,331,4965,California
Madera,2021-01-18,76,5453,60,1946,16,3507,0,0,57,4591,18,431,57,5022,California
Madera,2021-01-19,570,6023,135,2081,435,3942,0,0,543,5108,27,458,544,5566,California
Madera,2021-01-20,234,6257,80,2161,154,4096,0,0,206,5287,27,485,206,5772,California
Madera,2021-01-21,237,6494,130,2291,107,4203,0,0,204,5460,31,516,204,5976,California
Madera,2021-01-22,257,6751,83,2374,174,4377,0,0,243,5689,14,530,243,6219,California
Madera,2021-01-23,100,6851,52,2426,48,4425,0,0,76,5741,24,554,76,6295,California
Madera,2021-01-24,101,6952,82,2508,19,4444,0,0,78,5796,23,577,78,6373,California
Madera,2021-01-25,255,7207,124,2632,131,4575,0,0,142,5825,113,690,142,6515,California
Madera,2021-01-26,481,7688,189,2821,292,4867,0,0,292,5931,188,878,294,6809,California
Madera,2021-01-27,737,8425,63,2884,674,5541,0,0,601,6397,136,1014,602,7411,California
Madera,2021-01-28,536,8961,103,2987,433,5974,0,0,433,6727,103,1117,433,7844,California
Madera,2021-01-29,468,9429,95,3082,373,6347,0,0,412,7083,56,1173,412,8256,California
Madera,2021-01-30,504,9933,16,3098,488,6835,0,0,450,7479,54,1227,450,8706,California
Madera,2021-01-31,10,9943,7,3105,3,6838,0,0,9,7487,1,1228,9,8715,California
Madera,2021-02-01,256,10199,72,3177,184,7022,0,0,197,7625,59,1287,197,8912,California
Madera,2021-02-02,252,10451,87,3264,165,7187,0,0,161,7697,90,1377,162,9074,California
Madera,2021-02-03,592,11043,459,3723,133,7320,0,0,473,8054,117,1494,474,9548,California
Madera,2021-02-04,385,11428,120,3843,265,7585,0,0,111,7893,273,1767,112,9660,California
Madera,2021-02-05,974,12402,297,4140,677,8262,0,0,368,7661,601,2368,369,10029,California
Madera,2021-02-06,360,12762,325,4465,35,8297,0,0,321,7944,38,2406,321,10350,California
Madera,2021-02-07,35,12797,7,4472,28,8325,0,0,30,7969,5,2411,30,10380,California
Madera,2021-02-08,382,13179,306,4778,76,8401,0,0,269,8126,112,2523,269,10649,California
Madera,2021-02-09,479,13658,119,4897,360,8761,0,0,197,8045,279,2802,198,10847,California
Madera,2021-02-10,428,14086,148,5045,280,9041,0,0,322,8261,106,2908,322,11169,California
Madera,2021-02-11,932,15018,304,5349,628,9669,0,0,404,8139,527,3435,405,11574,California
Madera,2021-02-12,843,15861,119,5468,724,10393,0,0,310,7925,527,3962,313,11887,California
Madera,2021-02-13,484,16345,44,5512,440,10833,0,0,139,7722,344,4306,141,12028,California
Madera,2021-02-14,400,16745,75,5587,325,11158,0,0,137,7597,263,4569,138,12166,California
Madera,2021-02-15,244,16989,98,5685,146,11304,0,0,175,7704,68,4637,175,12341,California
Madera,2021-02-16,774,17763,183,5868,591,11895,0,0,230,7394,541,5178,231,12572,California
Madera,2021-02-17,608,18371,273,6141,335,12230,0,0,339,7471,264,5442,341,12913,California
Madera,2021-02-18,1297,19668,538,6679,759,12989,0,0,1121,8418,176,5618,1123,14036,California
Madera,2021-02-19,860,20528,545,7224,315,13304,0,0,718,8996,142,5760,720,14756,California
Madera,2021-02-20,1069,21597,978,8202,91,13395,0,0,998,9925,70,5830,999,15755,California
Madera,2021-02-21,965,22562,821,9023,144,13539,0,0,959,10878,6,5836,959,16714,California
Madera,2021-02-22,908,23470,832,9855,76,13615,0,0,854,11678,54,5890,854,17568,California
Madera,2021-02-23,769,24239,497,10352,272,13887,0,0,549,12008,219,6109,549,18117,California
Madera,2021-02-24,906,25145,300,10652,606,14493,0,0,377,11856,529,6638,377,18494,California
Madera,2021-02-25,1020,26165,308,10960,712,15205,0,0,591,12020,427,7065,591,19085,California
Madera,2021-02-26,1070,27235,185,11145,885,16090,0,0,695,12342,373,7438,695,19780,California
Madera,2021-02-27,868,28103,244,11389,624,16714,0,0,446,12372,419,7857,449,20229,California
Madera,2021-02-28,188,28291,29,11418,159,16873,0,0,182,12548,6,7863,182,20411,California
Madera,2021-03-01,371,28662,116,11534,255,17128,0,0,192,12563,177,8040,192,20603,California
Madera,2021-03-02,649,29311,267,11801,382,17510,0,0,537,12989,112,8152,538,21141,California
Madera,2021-03-03,1305,30616,696,12497,609,18119,0,0,906,13523,396,8548,930,22071,California
Madera,2021-03-04,1162,31778,502,12999,660,18779,0,0,920,14203,243,8791,923,22994,California
Madera,2021-03-05,1324,33102,405,13404,907,19686,12,12,1062,15028,260,9051,1085,24079,California
Madera,2021-03-06,803,33905,622,14026,149,19835,32,44,484,15226,319,9370,517,24596,California
Madera,2021-03-07,153,34058,27,14053,104,19939,22,66,103,15301,50,9420,125,24721,California
Madera,2021-03-08,595,34653,335,14388,201,20140,59,125,302,15371,293,9713,363,25084,California
Madera,2021-03-09,449,35102,158,14546,257,20397,34,159,275,15516,172,9885,317,25401,California
Madera,2021-03-10,1130,36232,507,15053,546,20943,77,236,704,15876,422,10307,782,26183,California
Madera,2021-03-11,1655,37887,842,15895,481,21424,332,568,748,16062,905,11212,1091,27274,California
Madera,2021-03-12,1527,39414,778,16673,595,22019,154,722,750,16216,775,11987,929,28203,California
Madera,2021-03-13,1811,41225,1268,17941,345,22364,198,920,746,16113,1063,13050,960,29163,California
Madera,2021-03-14,581,41806,448,18389,101,22465,32,952,293,16152,286,13336,325,29488,California
Madera,2021-03-15,728,42534,213,18602,469,22934,46,998,505,16509,220,13556,577,30065,California
Madera,2021-03-16,820,43354,420,19022,353,23287,47,1045,638,17032,179,13735,702,30767,California
Madera,2021-03-17,1417,44771,935,19957,420,23707,62,1107,863,17501,546,14281,1015,31782,California
Madera,2021-03-18,1870,46641,646,20603,1164,24871,60,1167,909,17601,953,15234,1053,32835,California
Madera,2021-03-19,1494,48135,588,21191,822,25693,84,1251,960,18181,528,15762,1108,33943,California
Madera,2021-03-20,1130,49265,772,21963,307,26000,51,1302,579,18307,550,16312,676,34619,California
Madera,2021-03-21,1071,50336,872,22835,154,26154,45,1347,355,17995,713,17025,401,35020,California
Madera,2021-03-22,1356,51692,851,23686,437,26591,68,1415,684,18120,669,17694,794,35814,California
Madera,2021-03-23,1395,53087,840,24526,464,27055,91,1506,737,18374,656,18350,910,36724,California
Madera,2021-03-24,901,53988,467,24993,403,27458,31,1537,599,18708,300,18650,634,37358,California
Madera,2021-03-25,1122,55110,488,25481,610,28068,24,1561,642,18918,469,19119,679,38037,California
Madera,2021-03-26,1435,56545,508,25989,796,28864,131,1692,674,18971,755,19874,808,38845,California
Madera,2021-03-27,824,57369,525,26514,278,29142,21,1713,369,18912,449,20323,390,39235,California
Madera,2021-03-28,420,57789,136,26650,223,29365,61,1774,230,19066,189,20512,343,39578,California
Madera,2021-03-29,681,58470,178,26828,476,29841,27,1801,492,19403,186,20698,523,40101,California
Madera,2021-03-30,1015,59485,561,27389,422,30263,32,1833,557,19538,455,21153,590,40691,California
Madera,2021-03-31,1297,60782,486,27875,697,30960,114,1947,451,19263,841,21994,566,41257,California
Madera,2021-04-01,1224,62006,535,28410,640,31600,49,1996,437,18966,782,22776,485,41742,California
Madera,2021-04-02,1506,63512,411,28821,1037,32637,58,2054,460,18449,1037,23813,520,42262,California
Madera,2021-04-03,871,64383,681,29502,170,32807,20,2074,379,18367,490,24303,408,42670,California
Madera,2021-04-04,184,64567,65,29567,117,32924,2,2076,85,18355,99,24402,87,42757,California
Madera,2021-04-05,733,65300,254,29821,422,33346,57,2133,340,18374,392,24794,411,43168,California
Madera,2021-04-06,1687,66987,877,30698,462,33808,348,2481,636,18307,1050,25844,983,44151,California
Madera,2021-04-07,1194,68181,371,31069,674,34482,149,2630,452,18174,739,26583,606,44757,California
Madera,2021-04-08,1673,69854,655,31724,767,35249,251,2881,559,17881,1110,27693,817,45574,California
Madera,2021-04-09,1605,71459,670,32394,788,36037,147,3028,940,18311,660,28353,1090,46664,California
Madera,2021-04-10,944,72403,675,33069,202,36239,67,3095,698,18832,245,28598,766,47430,California
Madera,2021-04-11,770,73173,628,33697,65,36304,77,3172,285,18710,483,29081,361,47791,California
Madera,2021-04-12,777,73950,265,33962,434,36738,78,3250,301,18614,476,29557,380,48171,California
Madera,2021-04-13,1233,75183,609,34571,583,37321,41,3291,730,18894,501,30058,781,48952,California
Madera,2021-04-14,1354,76537,836,35407,518,37839,0,3291,570,18689,781,30839,576,49528,California
Madera,2021-04-15,1080,77617,454,35861,625,38464,1,3292,428,18478,641,31480,430,49958,California
Madera,2021-04-16,1245,78862,517,36378,728,39192,0,3292,427,18098,808,32288,428,50386,California
Madera,2021-04-17,1263,80125,1064,37442,199,39391,0,3292,827,18490,435,32723,827,51213,California
Madera,2021-04-18,241,80366,205,37647,36,39427,0,3292,98,18446,142,32865,98,51311,California
Madera,2021-04-19,794,81160,232,37879,561,39988,1,3293,268,18194,521,33386,269,51580,California
Madera,2021-04-20,857,82017,417,38296,440,40428,0,3293,236,17814,618,34004,238,51818,California
Madera,2021-04-21,844,82861,448,38744,396,40824,0,3293,294,17564,546,34550,296,52114,California
Madera,2021-04-22,1041,83902,508,39252,533,41357,0,3293,386,17300,650,35200,386,52500,California
Madera,2021-04-23,720,84622,281,39533,438,41795,1,3294,271,17128,444,35644,272,52772,California
Madera,2021-04-24,545,85167,376,39909,169,41964,0,3294,226,17037,317,35961,226,52998,California
Marin,2020-12-15,2,2,2,2,0,0,0,0,2,2,0,0,2,2,California
Marin,2020-12-16,107,109,107,109,0,0,0,0,107,109,0,0,107,109,California
Marin,2020-12-17,260,369,260,369,0,0,0,0,260,369,0,0,260,369,California
Marin,2020-12-18,372,741,372,741,0,0,0,0,372,741,0,0,372,741,California
Marin,2020-12-19,350,1091,349,1090,1,1,0,0,350,1091,0,0,350,1091,California
Marin,2020-12-20,167,1258,166,1256,1,2,0,0,167,1258,0,0,167,1258,California
Marin,2020-12-21,238,1496,235,1491,3,5,0,0,238,1496,0,0,238,1496,California
Marin,2020-12-22,523,2019,319,1810,204,209,0,0,523,2019,0,0,523,2019,California
Marin,2020-12-23,730,2749,322,2132,408,617,0,0,730,2749,0,0,730,2749,California
Marin,2020-12-24,357,3106,159,2291,198,815,0,0,357,3106,0,0,357,3106,California
Marin,2020-12-25,27,3133,0,2291,27,842,0,0,27,3133,0,0,27,3133,California
Marin,2020-12-26,142,3275,93,2384,49,891,0,0,142,3275,0,0,142,3275,California
Marin,2020-12-27,92,3367,55,2439,37,928,0,0,92,3367,0,0,92,3367,California
Marin,2020-12-28,408,3775,99,2538,309,1237,0,0,408,3775,0,0,408,3775,California
Marin,2020-12-29,401,4176,88,2626,313,1550,0,0,401,4176,0,0,401,4176,California
Marin,2020-12-30,626,4802,388,3014,238,1788,0,0,626,4802,0,0,626,4802,California
Marin,2020-12-31,197,4999,33,3047,164,1952,0,0,197,4999,0,0,197,4999,California
Marin,2021-01-01,14,5013,5,3052,9,1961,0,0,14,5013,0,0,14,5013,California
Marin,2021-01-02,103,5116,97,3149,6,1967,0,0,103,5116,0,0,103,5116,California
Marin,2021-01-03,54,5170,36,3185,18,1985,0,0,51,5167,0,0,51,5167,California
Marin,2021-01-04,292,5462,189,3374,103,2088,0,0,291,5457,1,1,291,5458,California
Marin,2021-01-05,365,5827,222,3596,143,2231,0,0,322,5736,43,44,322,5780,California
Marin,2021-01-06,816,6643,315,3911,501,2732,0,0,640,6200,176,220,640,6420,California
Marin,2021-01-07,888,7531,501,4412,387,3119,0,0,541,6394,347,567,541,6961,California
Marin,2021-01-08,971,8502,515,4927,456,3575,0,0,594,6612,376,943,594,7555,California
Marin,2021-01-09,618,9120,223,5150,395,3970,0,0,487,6968,131,1074,487,8042,California
Marin,2021-01-10,128,9248,99,5249,29,3999,0,0,54,6948,74,1148,54,8096,California
Marin,2021-01-11,467,9715,326,5575,141,4140,0,0,248,6978,219,1367,249,8345,California
Marin,2021-01-12,936,10651,539,6114,397,4537,0,0,566,7177,367,1734,566,8911,California
Marin,2021-01-13,1175,11826,498,6612,677,5214,0,0,937,7876,238,1972,937,9848,California
Marin,2021-01-14,1066,12892,318,6930,748,5962,0,0,916,8644,148,2120,916,10764,California
Marin,2021-01-15,1152,14044,354,7284,798,6760,0,0,1022,9538,129,2249,1023,11787,California
Marin,2021-01-16,1117,15161,914,8198,203,6963,0,0,1043,10507,74,2323,1043,12830,California
Marin,2021-01-17,1233,16394,1114,9312,119,7082,0,0,1205,11688,27,2350,1208,14038,California
Marin,2021-01-18,360,16754,159,9471,201,7283,0,0,309,11946,51,2401,309,14347,California
Marin,2021-01-19,1155,17909,913,10384,242,7525,0,0,983,12758,171,2572,983,15330,California
Marin,2021-01-20,1784,19693,1203,11587,581,8106,0,0,1054,13093,719,3291,1054,16384,California
Marin,2021-01-21,1683,21376,1062,12649,621,8727,0,0,1331,14077,349,3640,1333,17717,California
Marin,2021-01-22,1696,23072,1086,13735,610,9337,0,0,1529,15439,167,3807,1529,19246,California
Marin,2021-01-23,1842,24914,1341,15076,501,9838,0,0,1757,17112,84,3891,1757,21003,California
Marin,2021-01-24,613,25527,166,15242,447,10285,0,0,581,17661,32,3923,581,21584,California
Marin,2021-01-25,1125,26652,227,15469,898,11183,0,0,693,17923,432,4355,694,22278,California
Marin,2021-01-26,1503,28155,780,16249,723,11906,0,0,1124,18669,378,4733,1124,23402,California
Marin,2021-01-27,1697,29852,871,17120,826,12732,0,0,1347,19669,348,5081,1348,24750,California
Marin,2021-01-28,2071,31923,1064,18184,1007,13739,0,0,1808,21216,262,5343,1809,26559,California
Marin,2021-01-29,2184,34107,1437,19621,747,14486,0,0,1982,23008,191,5534,1983,28542,California
Marin,2021-01-30,1713,35820,899,20520,814,15300,0,0,1635,24566,78,5612,1636,30178,California
Marin,2021-01-31,453,36273,316,20836,137,15437,0,0,428,24969,25,5637,428,30606,California
Marin,2021-02-01,1087,37360,416,21252,671,16108,0,0,888,25659,199,5836,889,31495,California
Marin,2021-02-02,1350,38710,462,21714,888,16996,0,0,724,25767,616,6452,724,32219,California
Marin,2021-02-03,1779,40489,428,22142,1351,18347,0,0,1255,26499,523,6975,1255,33474,California
Marin,2021-02-04,1535,42024,512,22654,1023,19370,0,0,935,26837,597,7572,935,34409,California
Marin,2021-02-05,2174,44198,681,23335,1493,20863,0,0,1336,27339,834,8406,1336,35745,California
Marin,2021-02-06,1426,45624,850,24185,576,21439,0,0,603,27120,822,9228,603,36348,California
Marin,2021-02-07,1287,46911,1005,25190,282,21721,0,0,489,26812,797,10025,489,36837,California
Marin,2021-02-08,1517,48428,753,25943,764,22485,0,0,725,26747,790,10815,725,37562,California
Marin,2021-02-09,1782,50210,1122,27065,660,23145,0,0,837,26639,945,11760,837,38399,California
Marin,2021-02-10,2335,52545,1489,28554,846,23991,0,0,1218,26743,1115,12875,1219,39618,California
Marin,2021-02-11,2866,55411,1646,30200,1220,25211,0,0,1453,26790,1408,14283,1455,41073,California
Marin,2021-02-12,3061,58472,1538,31738,1523,26734,0,0,1567,26865,1492,15775,1567,42640,California
Marin,2021-02-13,2332,60804,1242,32980,1090,27824,0,0,1128,26791,1202,16977,1128,43768,California
Marin,2021-02-14,810,61614,301,33281,509,28333,0,0,717,27416,93,17070,718,44486,California
Marin,2021-02-15,1214,62828,356,33637,858,29191,0,0,833,27870,380,17450,834,45320,California
Marin,2021-02-16,2463,65291,1056,34693,1407,30598,0,0,1503,28414,959,18409,1503,46823,California
Marin,2021-02-17,2094,67385,938,35631,1156,31754,0,0,1087,28497,1005,19414,1088,47911,California
Marin,2021-02-18,2411,69796,1577,37208,834,32588,0,0,1060,28207,1350,20764,1060,48971,California
Marin,2021-02-19,2755,72551,2153,39361,602,33190,0,0,1219,27903,1524,22288,1220,50191,California
Marin,2021-02-20,2566,75117,2112,41473,454,33644,0,0,1218,27778,1343,23631,1218,51409,California
Marin,2021-02-21,1281,76398,1089,42562,192,33836,0,0,907,28315,370,24001,907,52316,California
Marin,2021-02-22,1823,78221,1405,43967,418,34254,0,0,1212,28918,609,24610,1212,53528,California
Marin,2021-02-23,2832,81053,1614,45581,1218,35472,0,0,1908,29912,915,25525,1909,55437,California
Marin,2021-02-24,3505,84558,1605,47186,1900,37372,0,0,2253,30921,1245,26770,2254,57691,California
Marin,2021-02-25,3925,88483,1808,48994,2117,39489,0,0,2768,32540,1150,27920,2769,60460,California
Marin,2021-02-26,3480,91963,1879,50873,1601,41090,0,0,2528,34127,941,28861,2528,62988,California
Marin,2021-02-27,2608,94571,1495,52368,1113,42203,0,0,1774,35072,831,29692,1776,64764,California
Marin,2021-02-28,1379,95950,918,53286,461,42664,0,0,1043,35782,333,30025,1043,65807,California
Marin,2021-03-01,2472,98422,1535,54821,937,43601,0,0,1662,36638,806,30831,1662,67469,California
Marin,2021-03-02,2430,100852,1596,56417,833,44434,1,1,1683,37578,744,31575,1684,69153,California
Marin,2021-03-03,4287,105139,2377,58794,1908,46342,2,3,2778,38854,1504,33079,2780,71933,California
Marin,2021-03-04,3338,108477,1644,60438,1693,48035,1,4,2330,40187,1001,34080,2334,74267,California
Marin,2021-03-05,3024,111501,1133,61571,1879,49914,12,16,1775,40728,1246,35326,1787,76054,California
Marin,2021-03-06,3225,114726,2314,63885,832,50746,79,95,2653,42892,567,35893,2731,78785,California
Marin,2021-03-07,1367,116093,1151,65036,192,50938,24,119,979,43510,385,36278,1003,79788,California
Marin,2021-03-08,1872,117965,1367,66403,388,51326,117,236,1407,44572,462,36740,1524,81312,California
Marin,2021-03-09,2098,120063,1217,67620,774,52100,107,343,1425,45433,671,37411,1532,82844,California
Marin,2021-03-10,4396,124459,2457,70077,1659,53759,280,623,3173,47667,1220,38631,3454,86298,California
Marin,2021-03-11,4551,129010,1869,71946,2546,56305,136,759,3262,49783,1282,39913,3398,89696,California
Marin,2021-03-12,3967,132977,1534,73480,2077,58382,356,1115,1559,49300,2397,42310,1914,91610,California
Marin,2021-03-13,4089,137066,2855,76335,1163,59545,71,1186,2418,50115,1669,43979,2484,94094,California
Marin,2021-03-14,2271,139337,1095,77430,1060,60605,116,1302,726,49414,1543,45522,842,94936,California
Marin,2021-03-15,3226,142563,1761,79191,1418,62023,47,1349,1220,48684,1996,47518,1266,96202,California
Marin,2021-03-16,4294,146857,2308,81499,1622,63645,364,1713,1520,47795,2771,50289,1882,98084,California
Marin,2021-03-17,4174,151031,2263,83762,1867,65512,44,1757,2054,47782,2110,52399,2097,100181,California
Marin,2021-03-18,4471,155502,2248,86010,2150,67662,73,1830,2242,47880,2215,54614,2313,102494,California
Marin,2021-03-19,4455,159957,2273,88283,1965,69627,217,2047,2432,48511,2017,56631,2648,105142,California
Marin,2021-03-20,3576,163533,1981,90264,1481,71108,114,2161,2035,49127,1534,58165,2150,107292,California
Marin,2021-03-21,1530,165063,1126,91390,379,71487,25,2186,797,49218,731,58896,822,108114,California
Marin,2021-03-22,2461,167524,2129,93519,167,71654,165,2351,987,48900,1470,60366,1152,109266,California
Marin,2021-03-23,4233,171757,2190,95709,1913,73567,130,2481,1938,48679,2289,62655,2068,111334,California
Marin,2021-03-24,4414,176171,2894,98603,1416,74983,104,2585,1796,47970,2607,65262,1898,113232,California
Marin,2021-03-25,4640,180811,2831,101434,1741,76724,68,2653,2269,47946,2359,67621,2335,115567,California
Marin,2021-03-26,4283,185094,2323,103757,1746,78470,214,2867,2420,48734,1846,69467,2634,118201,California
Marin,2021-03-27,3688,188782,2647,106404,1023,79493,18,2885,1145,47364,2533,72000,1163,119364,California
Marin,2021-03-28,2374,191156,1718,108122,650,80143,6,2891,1100,47201,1269,73269,1106,120470,California
Marin,2021-03-29,2687,193843,2095,110217,567,80710,25,2916,1191,46924,1493,74762,1216,121686,California
Marin,2021-03-30,4652,198495,3650,113867,969,81679,33,2949,3065,48438,1584,76346,3098,124784,California
Marin,2021-03-31,5781,204276,4100,117967,1632,83311,49,2998,2576,47868,3195,79541,2625,127409,California
Marin,2021-04-01,4385,208661,2262,120229,1872,85183,251,3249,2110,47962,2267,81808,2361,129770,California
Marin,2021-04-02,3674,212335,1820,122049,1491,86674,363,3612,1955,48567,1713,83521,2318,132088,California
Marin,2021-04-03,3831,216166,2519,124568,943,87617,369,3981,1462,48039,2359,85880,1831,133919,California
Marin,2021-04-04,1632,217798,1227,125795,201,87818,204,4185,1193,48998,438,86318,1397,135316,California
Marin,2021-04-05,2184,219982,1517,127312,296,88114,371,4556,1259,49704,922,87240,1628,136944,California
Marin,2021-04-06,3930,223912,2102,129414,1281,89395,547,5103,2185,50694,1739,88979,2729,139673,California
Marin,2021-04-07,3897,227809,1966,131380,1293,90688,638,5741,1415,50272,2475,91454,2053,141726,California
Marin,2021-04-08,4986,232795,1950,133330,2430,93118,606,6347,2278,50449,2701,94155,2878,144604,California
Marin,2021-04-09,3933,236728,1529,134859,1681,94799,723,7070,1296,49832,2633,96788,2016,146620,California
Marin,2021-04-10,3177,239905,1460,136319,1284,96083,433,7503,1429,49954,1738,98526,1860,148480,California
Marin,2021-04-11,1055,240960,801,137120,93,96176,161,7664,474,50008,580,99106,634,149114,California
Marin,2021-04-12,1704,242664,1228,138348,340,96516,136,7800,919,50282,782,99888,1056,150170,California
Marin,2021-04-13,3707,246371,2272,140620,1428,97944,7,7807,1350,49292,2347,102235,1357,151527,California
Marin,2021-04-14,4142,250513,2477,143097,1663,99607,2,7809,1702,48562,2433,104668,1703,153230,California
Marin,2021-04-15,5538,256051,3924,147021,1614,101221,0,7809,3178,49395,2346,107014,3179,156409,California
Marin,2021-04-16,4228,260279,2227,149248,1998,103219,3,7812,2062,49306,2154,109168,2065,158474,California
Marin,2021-04-17,3514,263793,2151,151399,1363,104582,0,7812,1758,49313,1751,110919,1758,160232,California
Marin,2021-04-18,3201,266994,3100,154499,101,104683,0,7812,2562,51239,636,111555,2562,162794,California
Marin,2021-04-19,2005,268999,1836,156335,169,104852,0,7812,1159,51557,843,112398,1161,163955,California
Marin,2021-04-20,3694,272693,2555,158890,1139,105991,0,7812,1483,50834,2206,114604,1483,165438,California
Marin,2021-04-21,4008,276701,2946,161836,1060,107051,2,7814,1384,49610,2609,117213,1385,166823,California
Marin,2021-04-22,4080,280781,3082,164918,998,108049,0,7814,1373,48286,2699,119912,1375,168198,California
Marin,2021-04-23,1536,282317,655,165573,881,108930,0,7814,622,47995,913,120825,622,168820,California
Marin,2021-04-24,721,283038,239,165812,480,109410,2,7816,237,47755,479,121304,239,169059,California
Mariposa,2020-12-17,37,37,37,37,0,0,0,0,39,39,0,0,39,39,California
Mariposa,2020-12-18,56,93,56,93,0,0,0,0,57,96,0,0,57,96,California
Mariposa,2020-12-20,2,95,2,95,0,0,0,0,2,98,0,0,2,98,California
Mariposa,2020-12-21,47,142,47,142,0,0,0,0,52,150,0,0,52,150,California
Mariposa,2020-12-22,5,147,5,147,0,0,0,0,5,155,0,0,5,155,California
Mariposa,2020-12-23,17,164,17,164,0,0,0,0,17,172,0,0,17,172,California
Mariposa,2020-12-24,1,165,0,164,1,1,0,0,0,172,0,0,0,172,California
Mariposa,2020-12-26,1,166,1,165,0,1,0,0,1,173,0,0,1,173,California
Mariposa,2020-12-27,1,167,0,165,1,2,0,0,1,174,0,0,1,174,California
Mariposa,2020-12-28,6,173,3,168,3,5,0,0,6,180,0,0,6,180,California
Mariposa,2020-12-29,33,206,3,171,30,35,0,0,33,213,0,0,33,213,California
Mariposa,2020-12-30,25,231,4,175,21,56,0,0,25,238,0,0,25,238,California
Mariposa,2020-12-31,17,248,0,175,17,73,0,0,17,255,0,0,17,255,California
Mariposa,2021-01-02,2,250,2,177,0,73,0,0,2,257,0,0,2,257,California
Mariposa,2021-01-04,8,258,1,178,7,80,0,0,8,265,0,0,8,265,California
Mariposa,2021-01-05,24,282,14,192,10,90,0,0,14,269,10,10,14,279,California
Mariposa,2021-01-06,6,288,3,195,3,93,0,0,3,269,3,13,3,282,California
Mariposa,2021-01-07,52,340,47,242,5,98,0,0,5,227,47,60,5,287,California
Mariposa,2021-01-08,109,449,80,322,29,127,0,0,34,186,75,135,34,321,California
Mariposa,2021-01-09,1,450,0,322,1,128,0,0,1,187,0,135,1,322,California
Mariposa,2021-01-11,31,481,10,332,21,149,0,0,23,202,8,143,23,345,California
Mariposa,2021-01-12,19,500,4,336,15,164,0,0,15,213,4,147,15,360,California
Mariposa,2021-01-13,21,521,4,340,17,181,0,0,18,228,3,150,18,378,California
Mariposa,2021-01-14,73,594,7,347,66,247,0,0,67,289,6,156,67,445,California
Mariposa,2021-01-15,66,660,26,373,40,287,0,0,56,335,10,166,56,501,California
Mariposa,2021-01-16,14,674,2,375,12,299,0,0,13,347,1,167,13,514,California
Mariposa,2021-01-17,2,676,0,375,2,301,0,0,2,349,0,167,2,516,California
Mariposa,2021-01-18,3,679,3,378,0,301,0,0,1,348,2,169,1,517,California
Mariposa,2021-01-19,8,687,4,382,4,305,0,0,5,351,2,171,5,522,California
Mariposa,2021-01-20,23,710,1,383,22,327,0,0,22,372,1,172,22,544,California
Mariposa,2021-01-21,64,774,8,391,56,383,0,0,59,426,5,177,59,603,California
Mariposa,2021-01-22,55,829,2,393,53,436,0,0,55,481,0,177,55,658,California
Mariposa,2021-01-23,116,945,2,395,114,550,0,0,115,595,1,178,115,773,California
Mariposa,2021-01-24,2,947,2,397,0,550,0,0,2,597,0,178,2,775,California
Mariposa,2021-01-25,4,951,1,398,3,553,0,0,0,593,4,182,0,775,California
Mariposa,2021-01-26,36,987,4,402,32,585,0,0,4,569,32,214,8,783,California
Mariposa,2021-01-27,22,1009,1,403,21,606,0,0,13,573,9,223,13,796,California
Mariposa,2021-01-28,127,1136,3,406,124,730,0,0,113,673,13,236,113,909,California
Mariposa,2021-01-29,84,1220,22,428,62,792,0,0,83,755,1,237,83,992,California
Mariposa,2021-01-30,9,1229,1,429,8,800,0,0,8,762,1,238,8,1000,California
Mariposa,2021-01-31,1,1230,0,429,1,801,0,0,1,763,0,238,1,1001,California
Mariposa,2021-02-01,87,1317,30,459,57,858,0,0,66,808,21,259,66,1067,California
Mariposa,2021-02-02,15,1332,3,462,12,870,0,0,9,811,6,265,9,1076,California
Mariposa,2021-02-03,20,1352,1,463,19,889,0,0,14,819,6,271,14,1090,California
Mariposa,2021-02-04,92,1444,8,471,84,973,0,0,87,903,4,275,88,1178,California
Mariposa,2021-02-05,189,1633,5,476,184,1157,0,0,162,1038,27,302,162,1340,California
Mariposa,2021-02-06,11,1644,4,480,7,1164,0,0,10,1047,1,303,10,1350,California
Mariposa,2021-02-08,40,1684,2,482,38,1202,0,0,21,1049,19,322,21,1371,California
Mariposa,2021-02-09,43,1727,25,507,18,1220,0,0,37,1080,6,328,37,1408,California
Mariposa,2021-02-10,28,1755,5,512,23,1243,0,0,17,1093,10,338,23,1431,California
Mariposa,2021-02-11,373,2128,5,517,368,1611,0,0,360,1442,13,351,362,1793,California
Mariposa,2021-02-12,183,2311,7,524,176,1787,0,0,140,1539,43,394,140,1933,California
Mariposa,2021-02-13,11,2322,3,527,8,1795,0,0,9,1546,2,396,9,1942,California
Mariposa,2021-02-14,7,2329,4,531,3,1798,0,0,5,1549,2,398,5,1947,California
Mariposa,2021-02-15,8,2337,2,533,6,1804,0,0,7,1555,1,399,7,1954,California
Mariposa,2021-02-16,57,2394,34,567,23,1827,0,0,34,1566,23,422,34,1988,California
Mariposa,2021-02-17,35,2429,8,575,27,1854,0,0,27,1586,7,429,27,2015,California
Mariposa,2021-02-18,55,2484,7,582,48,1902,0,0,20,1571,35,464,20,2035,California
Mariposa,2021-02-19,82,2566,3,585,79,1981,0,0,77,1643,5,469,77,2112,California
Mariposa,2021-02-20,251,2817,4,589,247,2228,0,0,222,1837,28,497,222,2334,California
Mariposa,2021-02-21,233,3050,2,591,231,2459,0,0,232,2068,1,498,232,2566,California
Mariposa,2021-02-22,24,3074,7,598,17,2476,0,0,21,2086,3,501,21,2587,California
Mariposa,2021-02-23,42,3116,36,634,6,2482,0,0,25,2094,17,518,25,2612,California
Mariposa,2021-02-24,19,3135,3,637,16,2498,0,0,7,2090,11,529,7,2619,California
Mariposa,2021-02-25,17,3152,8,645,9,2507,0,0,11,2095,6,535,11,2630,California
Mariposa,2021-02-26,421,3573,6,651,415,2922,0,0,360,2395,61,596,361,2991,California
Mariposa,2021-02-27,171,3744,5,656,166,3088,0,0,160,2544,11,607,160,3151,California
Mariposa,2021-02-28,2,3746,1,657,1,3089,0,0,0,2542,2,609,0,3151,California
Mariposa,2021-03-01,81,3827,25,682,56,3145,0,0,16,2494,64,673,16,3167,California
Mariposa,2021-03-02,20,3847,13,695,7,3152,0,0,11,2496,9,682,11,3178,California
Mariposa,2021-03-03,71,3918,5,700,66,3218,0,0,66,2558,5,687,67,3245,California
Mariposa,2021-03-04,32,3950,8,708,24,3242,0,0,20,2566,12,699,20,3265,California
Mariposa,2021-03-05,50,4000,8,716,42,3284,0,0,37,2594,13,712,41,3306,California
Mariposa,2021-03-06,15,4015,6,722,9,3293,0,0,7,2593,8,720,7,3313,California
Mariposa,2021-03-07,1,4016,1,723,0,3293,0,0,0,2592,1,721,0,3313,California
Mariposa,2021-03-08,38,4054,4,727,23,3316,11,11,9,2583,29,750,20,3333,California
Mariposa,2021-03-09,47,4101,18,745,19,3335,10,21,16,2578,31,781,26,3359,California
Mariposa,2021-03-10,30,4131,10,755,10,3345,10,31,10,2578,20,801,20,3379,California
Mariposa,2021-03-11,464,4595,6,761,440,3785,18,49,224,2584,239,1040,245,3624,California
Mariposa,2021-03-12,252,4847,6,767,218,4003,28,77,112,2583,140,1180,139,3763,California
Mariposa,2021-03-13,33,4880,7,774,11,4014,15,92,12,2588,21,1201,26,3789,California
Mariposa,2021-03-14,17,4897,2,776,4,4018,11,103,3,2588,14,1215,14,3803,California
Mariposa,2021-03-15,76,4973,7,783,31,4049,38,141,31,2612,45,1260,69,3872,California
Mariposa,2021-03-16,82,5055,32,815,15,4064,35,176,24,2613,58,1318,59,3931,California
Mariposa,2021-03-17,72,5127,11,826,53,4117,8,184,52,2654,19,1337,60,3991,California
Mariposa,2021-03-18,66,5193,15,841,41,4158,10,194,41,2680,25,1362,51,4042,California
Mariposa,2021-03-19,335,5528,8,849,322,4480,5,199,301,2952,34,1396,306,4348,California
Mariposa,2021-03-20,424,5952,5,854,417,4897,2,201,48,2627,376,1772,51,4399,California
Mariposa,2021-03-21,13,5965,8,862,4,4901,1,202,9,2633,4,1776,10,4409,California
Mariposa,2021-03-22,36,6001,7,869,21,4922,8,210,25,2656,11,1787,34,4443,California
Mariposa,2021-03-23,52,6053,32,901,10,4932,10,220,32,2678,20,1807,42,4485,California
Mariposa,2021-03-24,56,6109,5,906,49,4981,2,222,51,2726,5,1812,53,4538,California
Mariposa,2021-03-25,73,6182,15,921,50,5031,8,230,53,2767,20,1832,61,4599,California
Mariposa,2021-03-26,486,6668,9,930,476,5507,1,231,250,2782,236,2068,251,4850,California
Mariposa,2021-03-27,225,6893,8,938,217,5724,0,231,90,2738,135,2203,91,4941,California
Mariposa,2021-03-28,5,6898,0,938,2,5726,3,234,1,2738,4,2207,4,4945,California
Mariposa,2021-03-29,18,6916,5,943,13,5739,0,234,11,2742,7,2214,11,4956,California
Mariposa,2021-03-30,38,6954,14,957,8,5747,16,250,15,2750,23,2237,31,4987,California
Mariposa,2021-03-31,86,7040,17,974,68,5815,1,251,71,2807,15,2252,72,5059,California
Mariposa,2021-04-01,21,7061,8,982,12,5827,1,252,8,2803,13,2265,9,5068,California
Mariposa,2021-04-02,47,7108,10,992,35,5862,2,254,16,2791,30,2295,18,5086,California
Mariposa,2021-04-03,9,7117,6,998,3,5865,0,254,4,2790,5,2300,4,5090,California
Mariposa,2021-04-04,2,7119,1,999,0,5865,1,255,0,2789,2,2302,1,5091,California
Mariposa,2021-04-05,30,7149,22,1021,5,5870,3,258,14,2790,16,2318,17,5108,California
Mariposa,2021-04-06,43,7192,20,1041,7,5877,16,274,13,2790,29,2347,29,5137,California
Mariposa,2021-04-07,31,7223,5,1046,7,5884,19,293,2,2782,29,2376,21,5158,California
Mariposa,2021-04-08,50,7273,13,1059,18,5902,19,312,16,2785,32,2408,35,5193,California
Mariposa,2021-04-09,33,7306,9,1068,12,5914,12,324,10,2784,23,2431,22,5215,California
Mariposa,2021-04-10,15,7321,1,1069,4,5918,10,334,4,2786,11,2442,13,5228,California
Mariposa,2021-04-11,8,7329,4,1073,2,5920,2,336,1,2782,7,2449,3,5231,California
Mariposa,2021-04-12,36,7365,10,1083,24,5944,2,338,8,2764,28,2477,10,5241,California
Mariposa,2021-04-13,55,7420,46,1129,9,5953,0,338,36,2781,19,2496,36,5277,California
Mariposa,2021-04-14,13,7433,6,1135,7,5960,0,338,7,2782,6,2502,7,5284,California
Mariposa,2021-04-15,28,7461,16,1151,12,5972,0,338,14,2785,11,2513,14,5298,California
Mariposa,2021-04-16,59,7520,12,1163,47,6019,0,338,25,2776,34,2547,25,5323,California
Mariposa,2021-04-17,11,7531,6,1169,5,6024,0,338,8,2781,3,2550,8,5331,California
Mariposa,2021-04-18,6,7537,0,1169,6,6030,0,338,3,2781,3,2553,3,5334,California
Mariposa,2021-04-19,54,7591,24,1193,30,6060,0,338,29,2786,24,2577,29,5363,California
Mariposa,2021-04-20,62,7653,49,1242,13,6073,0,338,40,2807,19,2596,40,5403,California
Mariposa,2021-04-21,20,7673,12,1254,8,6081,0,338,9,2806,10,2606,9,5412,California
Mariposa,2021-04-22,23,7696,8,1262,15,6096,0,338,18,2820,4,2610,18,5430,California
Mariposa,2021-04-23,133,7829,68,1330,65,6161,0,338,117,2921,16,2626,117,5547,California
Mariposa,2021-04-24,14,7843,3,1333,11,6172,0,338,13,2933,1,2627,13,5560,California
Mendocino,2020-12-17,70,70,70,70,0,0,0,0,70,70,0,0,70,70,California
Mendocino,2020-12-18,85,155,84,154,1,1,0,0,84,154,0,0,84,154,California
Mendocino,2020-12-19,4,159,4,158,0,1,0,0,4,158,0,0,4,158,California
Mendocino,2020-12-20,7,166,7,165,0,1,0,0,7,165,0,0,7,165,California
Mendocino,2020-12-21,244,410,244,409,0,1,0,0,77,242,0,0,77,242,California
Mendocino,2020-12-22,250,660,189,598,61,62,0,0,250,492,0,0,250,492,California
Mendocino,2020-12-23,270,930,47,645,223,285,0,0,269,761,0,0,269,761,California
Mendocino,2020-12-24,49,979,8,653,41,326,0,0,49,810,0,0,49,810,California
Mendocino,2020-12-25,1,980,0,653,1,327,0,0,1,811,0,0,1,811,California
Mendocino,2020-12-26,2,982,2,655,0,327,0,0,2,813,0,0,2,813,California
Mendocino,2020-12-27,1,983,0,655,1,328,0,0,1,814,0,0,1,814,California
Mendocino,2020-12-28,74,1057,9,664,65,393,0,0,74,888,0,0,74,888,California
Mendocino,2020-12-29,122,1179,61,725,61,454,0,0,122,1010,0,0,122,1010,California
Mendocino,2020-12-30,123,1302,68,793,55,509,0,0,123,1133,0,0,123,1133,California
Mendocino,2020-12-31,130,1432,95,888,35,544,0,0,130,1263,0,0,130,1263,California
Mendocino,2021-01-01,7,1439,5,893,2,546,0,0,7,1270,0,0,7,1270,California
Mendocino,2021-01-02,1,1440,1,894,0,546,0,0,1,1271,0,0,1,1271,California
Mendocino,2021-01-04,840,2280,19,913,821,1367,0,0,840,2111,0,0,840,2111,California
Mendocino,2021-01-05,71,2351,35,948,36,1403,0,0,58,2156,13,13,58,2169,California
Mendocino,2021-01-06,151,2502,129,1077,22,1425,0,0,141,2287,10,23,141,2310,California
Mendocino,2021-01-07,355,2857,235,1312,120,1545,0,0,292,2516,63,86,292,2602,California
Mendocino,2021-01-08,95,2952,82,1394,13,1558,0,0,41,2504,54,140,42,2644,California
Mendocino,2021-01-09,10,2962,6,1400,4,1562,0,0,8,2510,2,142,8,2652,California
Mendocino,2021-01-10,8,2970,8,1408,0,1562,0,0,1,2504,7,149,1,2653,California
Mendocino,2021-01-11,101,3071,92,1500,9,1571,0,0,43,2490,57,206,43,2696,California
Mendocino,2021-01-12,386,3457,376,1876,10,1581,0,0,270,2644,116,322,270,2966,California
Mendocino,2021-01-13,483,3940,145,2021,338,1919,0,0,442,3048,39,361,443,3409,California
Mendocino,2021-01-14,636,4576,20,2041,616,2535,0,0,627,3666,9,370,627,4036,California
Mendocino,2021-01-15,1856,6432,858,2899,998,3533,0,0,1852,5514,4,374,1852,5888,California
Mendocino,2021-01-16,791,7223,50,2949,741,4274,0,0,789,6301,2,376,789,6677,California
Mendocino,2021-01-17,554,7777,1,2950,553,4827,0,0,553,6853,1,377,553,7230,California
Mendocino,2021-01-18,488,8265,463,3413,25,4852,0,0,476,7317,12,389,476,7706,California
Mendocino,2021-01-19,332,8597,147,3560,185,5037,0,0,156,7297,176,565,156,7862,California
Mendocino,2021-01-20,552,9149,405,3965,147,5184,0,0,446,7640,104,669,447,8309,California
Mendocino,2021-01-21,535,9684,222,4187,313,5497,0,0,351,7808,183,852,351,8660,California
Mendocino,2021-01-22,149,9833,58,4245,91,5588,0,0,110,7879,39,891,110,8770,California
Mendocino,2021-01-23,155,9988,83,4328,72,5660,0,0,149,8022,6,897,149,8919,California
Mendocino,2021-01-24,5,9993,3,4331,2,5662,0,0,5,8027,0,897,5,8924,California
Mendocino,2021-01-25,191,10184,18,4349,173,5835,0,0,121,8078,70,967,121,9045,California
Mendocino,2021-01-26,157,10341,57,4406,100,5935,0,0,96,8113,61,1028,96,9141,California
Mendocino,2021-01-27,432,10773,362,4768,70,6005,0,0,174,8036,251,1279,174,9315,California
Mendocino,2021-01-28,585,11358,521,5289,64,6069,0,0,491,8433,94,1373,491,9806,California
Mendocino,2021-01-29,391,11749,350,5639,41,6110,0,0,362,8767,29,1402,363,10169,California
Mendocino,2021-01-30,48,11797,30,5669,18,6128,0,0,41,8801,7,1409,41,10210,California
Mendocino,2021-01-31,273,12070,2,5671,271,6399,0,0,3,8534,270,1679,3,10213,California
Mendocino,2021-02-01,381,12451,53,5724,328,6727,0,0,58,8269,323,2002,58,10271,California
Mendocino,2021-02-02,720,13171,501,6225,219,6946,0,0,362,8273,358,2360,362,10633,California
Mendocino,2021-02-03,391,13562,206,6431,185,7131,0,0,221,8326,168,2528,221,10854,California
Mendocino,2021-02-04,624,14186,528,6959,96,7227,0,0,500,8702,124,2652,500,11354,California
Mendocino,2021-02-05,1298,15484,1211,8170,87,7314,0,0,584,8573,713,3365,584,11938,California
Mendocino,2021-02-06,559,16043,158,8328,401,7715,0,0,544,9102,15,3380,544,12482,California
Mendocino,2021-02-07,32,16075,28,8356,4,7719,0,0,32,9134,0,3380,32,12514,California
Mendocino,2021-02-08,745,16820,714,9070,31,7750,0,0,284,8957,461,3841,284,12798,California
Mendocino,2021-02-09,141,16961,58,9128,83,7833,0,0,89,8994,52,3893,89,12887,California
Mendocino,2021-02-10,1480,18441,920,10048,560,8393,0,0,740,9000,734,4627,740,13627,California
Mendocino,2021-02-11,1133,19574,208,10256,925,9318,0,0,284,8435,849,5476,284,13911,California
Mendocino,2021-02-12,1401,20975,158,10414,1243,10561,0,0,636,8307,764,6240,636,14547,California
Mendocino,2021-02-13,496,21471,12,10426,484,11045,0,0,103,8023,392,6632,108,14655,California
Mendocino,2021-02-14,694,22165,3,10429,691,11736,0,0,134,7597,560,7192,134,14789,California
Mendocino,2021-02-15,329,22494,43,10472,286,12022,0,0,174,7616,155,7347,174,14963,California
Mendocino,2021-02-16,201,22695,51,10523,150,12172,0,0,131,7677,70,7417,131,15094,California
Mendocino,2021-02-17,1349,24044,1187,11710,162,12334,0,0,877,8084,470,7887,877,15971,California
Mendocino,2021-02-18,1780,25824,639,12349,1141,13475,0,0,1215,8735,564,8451,1215,17186,California
Mendocino,2021-02-19,749,26573,146,12495,603,14078,0,0,610,9206,139,8590,610,17796,California
Mendocino,2021-02-20,570,27143,544,13039,26,14104,0,0,540,9718,28,8618,540,18336,California
Mendocino,2021-02-21,326,27469,6,13045,320,14424,0,0,314,10021,11,8629,314,18650,California
Mendocino,2021-02-22,162,27631,30,13075,132,14556,0,0,70,10000,91,8720,70,18720,California
Mendocino,2021-02-23,672,28303,660,13735,12,14568,0,0,611,10551,60,8780,611,19331,California
Mendocino,2021-02-24,1838,30141,1759,15494,79,14647,0,0,1429,11577,405,9185,1431,20762,California
Mendocino,2021-02-25,1702,31843,531,16025,1171,15818,0,0,1284,12444,417,9602,1284,22046,California
Mendocino,2021-02-26,1400,33243,747,16772,653,16471,0,0,1037,13120,361,9963,1037,23083,California
Mendocino,2021-02-27,199,33442,151,16923,48,16519,0,0,76,13074,122,10085,76,23159,California
Mendocino,2021-02-28,34,33476,12,16935,22,16541,0,0,23,13086,11,10096,23,23182,California
Mendocino,2021-03-01,576,34052,533,17468,43,16584,0,0,539,13588,37,10133,539,23721,California
Mendocino,2021-03-02,70,34122,24,17492,46,16630,0,0,41,13601,28,10161,41,23762,California
Mendocino,2021-03-03,1703,35825,1326,18818,377,17007,0,0,1073,14046,628,10789,1073,24835,California
Mendocino,2021-03-04,1768,37593,146,18964,1622,18629,0,0,1551,15383,215,11004,1552,26387,California
Mendocino,2021-03-05,206,37799,145,19109,52,18681,9,9,117,15422,87,11091,126,26513,California
Mendocino,2021-03-06,241,38040,20,19129,196,18877,25,34,201,15609,39,11130,226,26739,California
Mendocino,2021-03-07,503,38543,6,19135,477,19354,20,54,116,15358,386,11516,135,26874,California
Mendocino,2021-03-08,124,38667,29,19164,59,19413,36,90,64,15400,58,11574,100,26974,California
Mendocino,2021-03-09,443,39110,226,19390,176,19589,41,131,348,15694,95,11669,389,27363,California
Mendocino,2021-03-10,1107,40217,978,20368,64,19653,65,196,267,15192,837,12506,335,27698,California
Mendocino,2021-03-11,820,41037,611,20979,156,19809,53,249,394,15215,424,12930,447,28145,California
Mendocino,2021-03-12,2015,43052,1029,22008,892,20701,94,343,1210,15721,798,13728,1304,29449,California
Mendocino,2021-03-13,653,43705,524,22532,72,20773,57,400,96,15321,553,14281,153,29602,California
Mendocino,2021-03-14,103,43808,2,22534,94,20867,7,407,11,15250,89,14370,18,29620,California
Mendocino,2021-03-15,596,44404,51,22585,488,21355,57,464,208,15128,387,14757,265,29885,California
Mendocino,2021-03-16,571,44975,374,22959,152,21507,45,509,139,14882,430,15187,184,30069,California
Mendocino,2021-03-17,1562,46537,1359,24318,56,21563,147,656,214,13905,1345,16532,368,30437,California
Mendocino,2021-03-18,1307,47844,248,24566,1021,22584,38,694,284,13211,1015,17547,321,30758,California
Mendocino,2021-03-19,1756,49600,857,25423,838,23422,61,755,334,12190,1418,18965,397,31155,California
Mendocino,2021-03-20,69,49669,11,25434,37,23459,21,776,13,12168,56,19021,34,31189,California
Mendocino,2021-03-21,8,49677,1,25435,2,23461,5,781,3,12171,5,19026,8,31197,California
Mendocino,2021-03-22,624,50301,580,26015,15,23476,29,810,146,11871,474,19500,174,31371,California
Mendocino,2021-03-23,166,50467,33,26048,103,23579,30,840,116,11967,50,19550,146,31517,California
Mendocino,2021-03-24,910,51377,839,26887,24,23603,47,887,115,11336,793,20343,162,31679,California
Mendocino,2021-03-25,1984,53361,50,26937,1915,25518,19,906,173,9719,1808,22151,191,31870,California
Mendocino,2021-03-26,505,53866,357,27294,123,25641,25,931,323,9885,182,22333,348,32218,California
Mendocino,2021-03-27,141,54007,12,27306,118,25759,11,942,82,9919,58,22391,92,32310,California
Mendocino,2021-03-28,26,54033,5,27311,17,25776,4,946,4,9905,22,22413,8,32318,California
Mendocino,2021-03-29,186,54219,97,27408,47,25823,42,988,95,9951,91,22504,137,32455,California
Mendocino,2021-03-30,681,54900,596,28004,48,25871,37,1025,415,10138,265,22769,452,32907,California
Mendocino,2021-03-31,862,55762,270,28274,533,26404,59,1084,409,10155,451,23220,468,33375,California
Mendocino,2021-04-01,1703,57465,393,28667,1232,27636,78,1162,378,9292,1318,24538,455,33830,California
Mendocino,2021-04-02,1282,58747,1054,29721,155,27791,73,1235,223,8532,1056,25594,296,34126,California
Mendocino,2021-04-03,703,59450,7,29728,675,28466,21,1256,87,8028,612,26206,108,34234,California
Mendocino,2021-04-04,69,59519,34,29762,29,28495,6,1262,54,8073,15,26221,60,34294,California
Mendocino,2021-04-05,209,59728,141,29903,44,28539,24,1286,129,8144,80,26301,151,34445,California
Mendocino,2021-04-06,381,60109,121,30024,179,28718,81,1367,106,8056,275,26576,187,34632,California
Mendocino,2021-04-07,473,60582,167,30191,63,28781,243,1610,114,8055,357,26933,356,34988,California
Mendocino,2021-04-08,1483,62065,910,31101,459,29240,114,1724,996,8684,482,27415,1111,36099,California
Mendocino,2021-04-09,750,62815,426,31527,170,29410,154,1878,395,8879,354,27769,549,36648,California
Mendocino,2021-04-10,141,62956,90,31617,6,29416,45,1923,86,8955,55,27824,131,36779,California
Mendocino,2021-04-11,121,63077,47,31664,18,29434,56,1979,58,9006,63,27887,114,36893,California
Mendocino,2021-04-12,615,63692,510,32174,46,29480,59,2038,411,9272,204,28091,470,37363,California
Mendocino,2021-04-13,286,63978,224,32398,62,29542,0,2038,220,9426,66,28157,220,37583,California
Mendocino,2021-04-14,509,64487,420,32818,89,29631,0,2038,408,9733,101,28258,408,37991,California
Mendocino,2021-04-15,652,65139,325,33143,327,29958,0,2038,394,9872,255,28513,394,38385,California
Mendocino,2021-04-16,120,65259,48,33191,72,30030,0,2038,72,9897,47,28560,72,38457,California
Mendocino,2021-04-17,57,65316,11,33202,46,30076,0,2038,47,9935,9,28569,47,38504,California
Mendocino,2021-04-18,7,65323,2,33204,5,30081,0,2038,4,9936,3,28572,4,38508,California
Mendocino,2021-04-19,513,65836,488,33692,25,30106,0,2038,433,10290,79,28651,433,38941,California
Mendocino,2021-04-20,390,66226,263,33955,127,30233,0,2038,262,10424,128,28779,262,39203,California
Mendocino,2021-04-21,163,66389,111,34066,52,30285,0,2038,108,10478,54,28833,108,39311,California
Mendocino,2021-04-22,436,66825,286,34352,150,30435,0,2038,314,10671,121,28954,314,39625,California
Mendocino,2021-04-23,655,67480,572,34924,83,30518,0,2038,555,11127,99,29053,555,40180,California
Mendocino,2021-04-24,5,67485,3,34927,2,30520,0,2038,5,11132,0,29053,5,40185,California
Merced,2020-12-16,3,3,3,3,0,0,0,0,3,3,0,0,3,3,California
Merced,2020-12-17,5,8,5,8,0,0,0,0,5,8,0,0,5,8,California
Merced,2020-12-18,145,153,145,153,0,0,0,0,145,153,0,0,145,153,California
Merced,2020-12-19,39,192,39,192,0,0,0,0,39,192,0,0,39,192,California
Merced,2020-12-20,17,209,17,209,0,0,0,0,17,209,0,0,17,209,California
Merced,2020-12-21,126,335,123,332,3,3,0,0,126,335,0,0,126,335,California
Merced,2020-12-22,153,488,153,485,0,3,0,0,153,488,0,0,153,488,California
Merced,2020-12-23,248,736,242,727,6,9,0,0,248,736,0,0,248,736,California
Merced,2020-12-24,71,807,71,798,0,9,0,0,71,807,0,0,71,807,California
Merced,2020-12-25,4,811,4,802,0,9,0,0,4,811,0,0,4,811,California
Merced,2020-12-26,6,817,3,805,3,12,0,0,6,817,0,0,6,817,California
Merced,2020-12-27,12,829,11,816,1,13,0,0,12,829,0,0,12,829,California
Merced,2020-12-28,122,951,98,914,24,37,0,0,122,951,0,0,122,951,California
Merced,2020-12-29,178,1129,123,1037,55,92,0,0,178,1129,0,0,178,1129,California
Merced,2020-12-30,215,1344,89,1126,126,218,0,0,215,1344,0,0,215,1344,California
Merced,2020-12-31,101,1445,34,1160,67,285,0,0,101,1445,0,0,101,1445,California
Merced,2021-01-01,2,1447,0,1160,2,287,0,0,2,1447,0,0,2,1447,California
Merced,2021-01-02,127,1574,117,1277,10,297,0,0,127,1574,0,0,127,1574,California
Merced,2021-01-03,9,1583,5,1282,4,301,0,0,9,1583,0,0,9,1583,California
Merced,2021-01-04,79,1662,41,1323,38,339,0,0,79,1662,0,0,79,1662,California
Merced,2021-01-05,317,1979,230,1553,87,426,0,0,311,1969,6,6,313,1975,California
Merced,2021-01-06,247,2226,98,1651,149,575,0,0,241,2204,6,12,241,2216,California
Merced,2021-01-07,183,2409,79,1730,104,679,0,0,173,2366,11,23,173,2389,California
Merced,2021-01-08,524,2933,393,2123,131,810,0,0,372,2587,151,174,372,2761,California
Merced,2021-01-09,23,2956,10,2133,13,823,0,0,17,2598,6,180,17,2778,California
Merced,2021-01-10,10,2966,6,2139,4,827,0,0,6,2600,4,184,6,2784,California
Merced,2021-01-11,224,3190,167,2306,57,884,0,0,101,2579,123,307,102,2886,California
Merced,2021-01-12,279,3469,156,2462,123,1007,0,0,229,2757,51,358,229,3115,California
Merced,2021-01-13,370,3839,173,2635,197,1204,0,0,220,2829,150,508,222,3337,California
Merced,2021-01-14,324,4163,200,2835,124,1328,0,0,159,2825,164,672,160,3497,California
Merced,2021-01-15,564,4727,125,2960,439,1767,0,0,526,3314,39,711,528,4025,California
Merced,2021-01-16,201,4928,122,3082,79,1846,0,0,196,3505,5,716,196,4221,California
Merced,2021-01-17,49,4977,12,3094,37,1883,0,0,48,3552,1,717,48,4269,California
Merced,2021-01-18,258,5235,126,3220,132,2015,0,0,236,3769,22,739,239,4508,California
Merced,2021-01-19,701,5936,579,3799,122,2137,0,0,531,4134,170,909,535,5043,California
Merced,2021-01-20,571,6507,466,4265,105,2242,0,0,515,4596,56,965,518,5561,California
Merced,2021-01-21,1004,7511,644,4909,360,2602,0,0,905,5405,99,1064,908,6469,California
Merced,2021-01-22,1297,8808,681,5590,616,3218,0,0,1271,6662,26,1090,1283,7752,California
Merced,2021-01-23,305,9113,183,5773,122,3340,0,0,200,6757,105,1195,200,7952,California
Merced,2021-01-24,32,9145,14,5787,18,3358,0,0,23,6772,8,1203,23,7975,California
Merced,2021-01-25,727,9872,242,6029,485,3843,0,0,667,7380,59,1262,667,8642,California
Merced,2021-01-26,905,10777,477,6506,428,4271,0,0,668,7839,210,1472,669,9311,California
Merced,2021-01-27,976,11753,583,7089,393,4664,0,0,814,8493,160,1632,814,10125,California
Merced,2021-01-28,1135,12888,591,7680,544,5208,0,0,1016,9391,119,1751,1017,11142,California
Merced,2021-01-29,845,13733,321,8001,524,5732,0,0,601,9757,237,1988,603,11745,California
Merced,2021-01-30,258,13991,27,8028,231,5963,0,0,243,9985,15,2003,243,11988,California
Merced,2021-01-31,45,14036,10,8038,35,5998,0,0,44,10028,1,2004,44,12032,California
Merced,2021-02-01,371,14407,52,8090,319,6317,0,0,324,10306,46,2050,324,12356,California
Merced,2021-02-02,290,14697,178,8268,112,6429,0,0,171,10361,117,2167,172,12528,California
Merced,2021-02-03,349,15046,71,8339,278,6707,0,0,169,10350,180,2347,169,12697,California
Merced,2021-02-04,369,15415,146,8485,223,6930,0,0,241,10465,127,2474,242,12939,California
Merced,2021-02-05,515,15930,174,8659,341,7271,0,0,275,10503,239,2713,277,13216,California
Merced,2021-02-06,388,16318,218,8877,170,7441,0,0,245,10607,142,2855,246,13462,California
Merced,2021-02-07,20,16338,12,8889,8,7449,0,0,13,10613,7,2862,13,13475,California
Merced,2021-02-08,279,16617,197,9086,82,7531,0,0,171,10677,108,2970,172,13647,California
Merced,2021-02-09,1212,17829,953,10039,259,7790,0,0,777,11028,427,3397,778,14425,California
Merced,2021-02-10,1848,19677,1431,11470,417,8207,0,0,1271,11730,569,3966,1271,15696,California
Merced,2021-02-11,2491,22168,1998,13468,493,8700,0,0,1809,12865,674,4640,1809,17505,California
Merced,2021-02-12,1709,23877,1011,14479,698,9398,0,0,752,12669,949,5589,753,18258,California
Merced,2021-02-13,355,24232,200,14679,155,9553,0,0,262,12841,92,5681,264,18522,California
Merced,2021-02-14,116,24348,26,14705,90,9643,0,0,95,12916,21,5702,96,18618,California
Merced,2021-02-15,272,24620,40,14745,232,9875,0,0,169,12988,98,5800,170,18788,California
Merced,2021-02-16,1209,25829,841,15586,368,10243,0,0,839,13476,353,6153,841,19629,California
Merced,2021-02-17,1868,27697,1625,17211,243,10486,0,0,1308,14240,546,6699,1310,20939,California
Merced,2021-02-18,1197,28894,808,18019,389,10875,0,0,395,13853,782,7481,395,21334,California
Merced,2021-02-19,1251,30145,405,18424,846,11721,0,0,528,13666,717,8198,530,21864,California
Merced,2021-02-20,274,30419,31,18455,243,11964,0,0,140,13674,132,8330,140,22004,California
Merced,2021-02-21,73,30492,59,18514,14,11978,0,0,29,13659,44,8374,29,22033,California
Merced,2021-02-22,825,31317,292,18806,533,12511,0,0,480,13795,344,8718,480,22513,California
Merced,2021-02-23,1070,32387,414,19220,656,13167,0,0,631,13991,435,9153,631,23144,California
Merced,2021-02-24,812,33199,300,19520,512,13679,0,0,443,14075,360,9513,444,23588,California
Merced,2021-02-25,1749,34948,860,20380,889,14568,0,0,1299,14929,447,9960,1301,24889,California
Merced,2021-02-26,2125,37073,1359,21739,766,15334,0,0,1717,16241,406,10366,1718,26607,California
Merced,2021-02-27,2500,39573,1086,22825,1413,16747,1,1,2216,18174,283,10649,2216,28823,California
Merced,2021-02-28,298,39871,71,22896,227,16974,0,1,251,18381,44,10693,251,29074,California
Merced,2021-03-01,1106,40977,277,23173,829,17803,0,1,771,18824,328,11021,771,29845,California
Merced,2021-03-02,1703,42680,863,24036,839,18642,1,2,1320,19767,378,11399,1321,31166,California
Merced,2021-03-03,2196,44876,1713,25749,482,19124,1,3,1445,20476,737,12136,1446,32612,California
Merced,2021-03-04,2872,47748,2262,28011,608,19732,2,5,1908,21439,947,13083,1910,34522,California
Merced,2021-03-05,2051,49799,1183,29194,845,20577,23,28,1515,22454,524,13607,1539,36061,California
Merced,2021-03-06,1148,50947,647,29841,479,21056,22,50,894,23117,253,13860,916,36977,California
Merced,2021-03-07,224,51171,62,29903,137,21193,25,75,195,23308,29,13889,220,37197,California
Merced,2021-03-08,1204,52375,608,30511,531,21724,65,140,993,24155,210,14099,1057,38254,California
Merced,2021-03-09,1673,54048,992,31503,575,22299,106,246,1086,24766,582,14681,1193,39447,California
Merced,2021-03-10,2676,56724,1855,33358,621,22920,200,446,1610,25527,1054,15735,1815,41262,California
Merced,2021-03-11,1823,58547,616,33974,1001,23921,206,652,1216,26376,596,16331,1445,42707,California
Merced,2021-03-12,2178,60725,888,34862,1021,24942,269,921,1471,27424,704,17035,1752,44459,California
Merced,2021-03-13,720,61445,309,35171,169,25111,242,1163,414,27783,298,17333,657,45116,California
Merced,2021-03-14,248,61693,135,35306,83,25194,30,1193,150,27867,97,17430,181,45297,California
Merced,2021-03-15,1486,63179,489,35795,744,25938,253,1446,973,28587,505,17935,1225,46522,California
Merced,2021-03-16,1420,64599,679,36474,518,26456,223,1669,941,29279,470,18405,1162,47684,California
Merced,2021-03-17,1925,66524,1028,37502,719,27175,178,1847,1484,30509,434,18839,1664,49348,California
Merced,2021-03-18,1982,68506,1123,38625,713,27888,146,1993,1369,31430,605,19444,1526,50874,California
Merced,2021-03-19,2651,71157,1444,40069,1014,28902,193,2186,1379,31740,1264,20708,1574,52448,California
Merced,2021-03-20,2327,73484,1416,41485,522,29424,389,2575,905,31622,1416,22124,1298,53746,California
Merced,2021-03-21,556,74040,342,41827,201,29625,13,2588,437,31955,119,22243,452,54198,California
Merced,2021-03-22,1260,75300,627,42454,557,30182,76,2664,890,32559,363,22606,967,55165,California
Merced,2021-03-23,1807,77107,1089,43543,654,30836,64,2728,1334,33488,470,23076,1399,56564,California
Merced,2021-03-24,1279,78386,761,44304,484,31320,34,2762,888,34025,384,23460,921,57485,California
Merced,2021-03-25,3281,81667,2253,46557,1006,32326,22,2784,2061,34898,1212,24672,2085,59570,California
Merced,2021-03-26,1902,83569,1068,47625,800,33126,34,2818,877,34792,1017,25689,911,60481,California
Merced,2021-03-27,2815,86384,1568,49193,1190,34316,57,2875,1190,34424,1615,27304,1247,61728,California
Merced,2021-03-28,508,86892,210,49403,291,34607,7,2882,211,34348,296,27600,220,61948,California
Merced,2021-03-29,1550,88442,531,49934,858,35465,161,3043,655,34279,889,28489,820,62768,California
Merced,2021-03-30,2062,90504,783,50717,1220,36685,59,3102,922,34125,1135,29624,981,63749,California
Merced,2021-03-31,2096,92600,1394,52111,668,37353,34,3136,937,33951,1145,30769,971,64720,California
Merced,2021-04-01,2000,94600,886,52997,1007,38360,107,3243,844,33755,1149,31918,953,65673,California
Merced,2021-04-02,2242,96842,606,53603,1234,39594,402,3645,705,33343,1522,33440,1110,66783,California
Merced,2021-04-03,727,97569,342,53945,375,39969,10,3655,332,33293,394,33834,344,67127,California
Merced,2021-04-04,365,97934,141,54086,220,40189,4,3659,141,33217,223,34057,147,67274,California
Merced,2021-04-05,1206,99140,552,54638,443,40632,211,3870,395,33013,809,34866,605,67879,California
Merced,2021-04-06,2201,101341,710,55348,676,41308,815,4685,716,33063,1482,36348,1532,69411,California
Merced,2021-04-07,1595,102936,851,56199,637,41945,107,4792,561,32708,1024,37372,669,70080,California
Merced,2021-04-08,2176,105112,1099,57298,864,42809,213,5005,741,32255,1405,38777,952,71032,California
Merced,2021-04-09,1661,106773,462,57760,620,43429,579,5584,560,32312,1084,39861,1141,72173,California
Merced,2021-04-10,657,107430,342,58102,132,43561,183,5767,168,32177,485,40346,350,72523,California
Merced,2021-04-11,487,107917,279,58381,73,43634,135,5902,148,32124,337,40683,284,72807,California
Merced,2021-04-12,1377,109294,897,59278,362,43996,118,6020,802,32502,542,41225,920,73727,California
Merced,2021-04-13,1996,111290,1437,60715,556,44552,3,6023,934,32460,983,42208,941,74668,California
Merced,2021-04-14,1920,113210,1106,61821,814,45366,0,6023,892,32451,903,43111,894,75562,California
Merced,2021-04-15,2982,116192,1954,63775,1028,46394,0,6023,950,31593,1812,44923,954,76516,California
Merced,2021-04-16,2318,118510,1142,64917,1176,47570,0,6023,941,31248,1286,46209,941,77457,California
Merced,2021-04-17,1239,119749,779,65696,460,48030,0,6023,384,30782,850,47059,384,77841,California
Merced,2021-04-18,468,120217,249,65945,219,48249,0,6023,192,30724,250,47309,192,78033,California
Merced,2021-04-19,1293,121510,731,66676,562,48811,0,6023,696,30918,502,47811,696,78729,California
Merced,2021-04-20,1322,122832,730,67406,592,49403,0,6023,772,31208,482,48293,772,79501,California
Merced,2021-04-21,1427,124259,868,68274,559,49962,0,6023,730,31353,586,48879,731,80232,California
Merced,2021-04-22,1481,125740,717,68991,764,50726,0,6023,743,31437,659,49538,743,80975,California
Merced,2021-04-23,1122,126862,481,69472,641,51367,0,6023,577,31516,499,50037,578,81553,California
Merced,2021-04-24,230,127092,137,69609,93,51460,0,6023,172,31630,58,50095,172,81725,California
Modoc,2020-12-16,1,1,1,1,0,0,0,0,1,1,0,0,1,1,California
Modoc,2020-12-21,100,101,100,101,0,0,0,0,100,101,0,0,100,101,California
Modoc,2020-12-22,14,115,14,115,0,0,0,0,14,115,0,0,14,115,California
Modoc,2020-12-23,4,119,4,119,0,0,0,0,4,119,0,0,4,119,California
Modoc,2020-12-24,1,120,1,120,0,0,0,0,1,120,0,0,1,120,California
Modoc,2020-12-28,2,122,2,122,0,0,0,0,2,122,0,0,2,122,California
Modoc,2020-12-29,10,132,1,123,9,9,0,0,10,132,0,0,10,132,California
Modoc,2020-12-30,7,139,0,123,7,16,0,0,7,139,0,0,7,139,California
Modoc,2021-01-02,2,141,0,123,2,18,0,0,2,141,0,0,2,141,California
Modoc,2021-01-04,8,149,0,123,8,26,0,0,8,149,0,0,8,149,California
Modoc,2021-01-05,2,151,1,124,1,27,0,0,2,151,0,0,2,151,California
Modoc,2021-01-06,3,154,2,126,1,28,0,0,2,152,1,1,2,153,California
Modoc,2021-01-07,72,226,0,126,72,100,0,0,72,224,0,1,72,225,California
Modoc,2021-01-08,105,331,0,126,105,205,0,0,105,329,0,1,105,330,California
Modoc,2021-01-10,1,332,1,127,0,205,0,0,0,328,1,2,0,330,California
Modoc,2021-01-11,91,423,82,209,9,214,0,0,19,275,72,74,19,349,California
Modoc,2021-01-12,94,517,25,234,69,283,0,0,68,317,26,100,68,417,California
Modoc,2021-01-13,24,541,4,238,20,303,0,0,22,337,2,102,22,439,California
Modoc,2021-01-14,129,670,6,244,123,426,0,0,124,456,5,107,124,563,California
Modoc,2021-01-15,6,676,1,245,5,431,0,0,6,462,0,107,6,569,California
Modoc,2021-01-16,1,677,1,246,0,431,0,0,1,463,0,107,1,570,California
Modoc,2021-01-18,1,678,1,247,0,431,0,0,1,464,0,107,1,571,California
Modoc,2021-01-19,5,683,3,250,2,433,0,0,3,465,2,109,3,574,California
Modoc,2021-01-20,11,694,1,251,10,443,0,0,11,476,0,109,11,585,California
Modoc,2021-01-21,157,851,2,253,155,598,0,0,157,633,0,109,157,742,California
Modoc,2021-01-22,2,853,0,253,2,600,0,0,2,635,0,109,2,744,California
Modoc,2021-01-25,11,864,0,253,11,611,0,0,11,646,0,109,11,755,California
Modoc,2021-01-26,65,929,1,254,64,675,0,0,65,711,0,109,65,820,California
Modoc,2021-01-27,41,970,2,256,39,714,0,0,25,720,16,125,25,845,California
Modoc,2021-01-28,144,1114,1,257,143,857,0,0,144,864,0,125,144,989,California
Modoc,2021-01-29,3,1117,1,258,2,859,0,0,3,867,0,125,3,992,California
Modoc,2021-02-01,25,1142,12,270,13,872,0,0,11,864,14,139,11,1003,California
Modoc,2021-02-02,170,1312,2,272,168,1040,0,0,167,1028,3,142,167,1170,California
Modoc,2021-02-03,18,1330,13,285,5,1045,0,0,11,1032,7,149,11,1181,California
Modoc,2021-02-04,155,1485,4,289,151,1196,0,0,27,931,128,277,27,1208,California
Modoc,2021-02-05,4,1489,3,292,1,1197,0,0,3,933,1,278,3,1211,California
Modoc,2021-02-08,9,1498,2,294,7,1204,0,0,8,940,1,279,8,1219,California
Modoc,2021-02-09,198,1696,13,307,185,1389,0,0,66,874,132,411,66,1285,California
Modoc,2021-02-10,5,1701,2,309,3,1392,0,0,4,877,1,412,4,1289,California
Modoc,2021-02-11,201,1902,3,312,198,1590,0,0,83,842,118,530,83,1372,California
Modoc,2021-02-12,4,1906,0,312,4,1594,0,0,2,842,2,532,2,1374,California
Modoc,2021-02-13,1,1907,0,312,1,1595,0,0,1,843,0,532,1,1375,California
Modoc,2021-02-16,147,2054,6,318,141,1736,0,0,143,982,4,536,143,1518,California
Modoc,2021-02-17,24,2078,1,319,23,1759,0,0,12,982,12,548,12,1530,California
Modoc,2021-02-18,188,2266,2,321,186,1945,0,0,25,846,162,710,26,1556,California
Modoc,2021-02-19,2,2268,2,323,0,1945,0,0,2,848,0,710,2,1558,California
Modoc,2021-02-20,1,2269,1,324,0,1945,0,0,1,849,0,710,1,1559,California
Modoc,2021-02-22,17,2286,9,333,8,1953,0,0,3,838,14,724,3,1562,California
Modoc,2021-02-23,20,2306,2,335,18,1971,0,0,1,820,19,743,1,1563,California
Modoc,2021-02-24,90,2396,1,336,89,2060,0,0,30,790,60,803,30,1593,California
Modoc,2021-02-25,169,2565,1,337,168,2228,0,0,13,647,156,959,13,1606,California
Modoc,2021-02-26,3,2568,0,337,3,2231,0,0,1,646,2,961,1,1607,California
Modoc,2021-02-27,5,2573,5,342,0,2231,0,0,2,645,3,964,2,1609,California
Modoc,2021-03-01,4,2577,0,342,4,2235,0,0,0,641,4,968,0,1609,California
Modoc,2021-03-02,193,2770,12,354,181,2416,0,0,26,500,167,1135,26,1635,California
Modoc,2021-03-03,12,2782,6,360,6,2422,0,0,2,492,10,1145,2,1637,California
Modoc,2021-03-04,175,2957,2,362,173,2595,0,0,148,613,27,1172,148,1785,California
Modoc,2021-03-05,4,2961,3,365,1,2596,0,0,2,613,2,1174,2,1787,California
Modoc,2021-03-06,10,2971,0,365,0,2596,10,10,0,613,10,1184,10,1797,California
Modoc,2021-03-07,6,2977,1,366,0,2596,5,15,1,614,5,1189,6,1803,California
Modoc,2021-03-08,7,2984,1,367,2,2598,4,19,1,613,6,1195,5,1808,California
Modoc,2021-03-09,126,3110,10,377,108,2706,8,27,61,617,65,1260,69,1877,California
Modoc,2021-03-10,9,3119,3,380,2,2708,4,31,4,620,5,1265,8,1885,California
Modoc,2021-03-11,207,3326,0,380,99,2807,108,139,22,565,185,1450,130,2015,California
Modoc,2021-03-12,10,3336,1,381,4,2811,5,144,4,568,6,1456,9,2024,California
Modoc,2021-03-13,4,3340,0,381,1,2812,3,147,1,569,3,1459,4,2028,California
Modoc,2021-03-15,12,3352,1,382,10,2822,1,148,10,578,2,1461,11,2039,California
Modoc,2021-03-16,173,3525,1,383,168,2990,4,152,42,492,131,1592,45,2084,California
Modoc,2021-03-17,10,3535,1,384,4,2994,5,157,2,491,8,1600,7,2091,California
Modoc,2021-03-18,66,3601,1,385,58,3052,7,164,34,500,32,1632,41,2132,California
Modoc,2021-03-19,5,3606,0,385,0,3052,5,169,0,500,5,1637,5,2137,California
Modoc,2021-03-20,6,3612,2,387,1,3053,3,172,1,499,5,1642,4,2141,California
Modoc,2021-03-21,4,3616,1,388,1,3054,2,174,2,501,2,1644,4,2145,California
Modoc,2021-03-22,18,3634,1,389,11,3065,6,180,12,513,6,1650,18,2163,California
Modoc,2021-03-23,35,3669,5,394,27,3092,3,183,27,535,8,1658,30,2193,California
Modoc,2021-03-24,29,3698,1,395,18,3110,10,193,2,520,27,1685,12,2205,California
Modoc,2021-03-25,76,3774,1,396,73,3183,2,195,44,534,32,1717,46,2251,California
Modoc,2021-03-26,7,3781,2,398,2,3185,3,198,2,534,5,1722,5,2256,California
Modoc,2021-03-27,2,3783,0,398,1,3186,1,199,1,535,1,1723,2,2258,California
Modoc,2021-03-28,2,3785,1,399,0,3186,1,200,0,534,2,1725,1,2259,California
Modoc,2021-03-29,14,3799,1,400,5,3191,8,208,5,538,9,1734,13,2272,California
Modoc,2021-03-30,56,3855,10,410,39,3230,7,215,22,533,34,1768,29,2301,California
Modoc,2021-03-31,9,3864,3,413,2,3232,4,219,3,534,6,1774,7,2308,California
Modoc,2021-04-01,170,4034,3,416,162,3394,5,224,35,439,135,1909,40,2348,California
Modoc,2021-04-02,4,4038,0,416,1,3395,3,227,0,439,3,1912,3,2351,California
Modoc,2021-04-03,4,4042,2,418,0,3395,2,229,2,441,2,1914,4,2355,California
Modoc,2021-04-05,9,4051,0,418,9,3404,0,229,9,450,0,1914,9,2364,California
Modoc,2021-04-06,24,4075,5,423,9,3413,10,239,6,448,18,1932,16,2380,California
Modoc,2021-04-07,11,4086,1,424,4,3417,6,245,3,449,8,1940,9,2389,California
Modoc,2021-04-08,97,4183,1,425,93,3510,3,248,26,407,71,2011,29,2418,California
Modoc,2021-04-09,11,4194,2,427,6,3516,3,251,2,402,9,2020,4,2422,California
Modoc,2021-04-10,5,4199,0,427,1,3517,4,255,0,401,5,2025,4,2426,California
Modoc,2021-04-11,2,4201,2,429,0,3517,0,255,1,401,1,2026,1,2427,California
Modoc,2021-04-12,14,4215,1,430,9,3526,4,259,1,395,11,2037,5,2432,California
Modoc,2021-04-13,28,4243,27,457,1,3527,0,259,21,409,7,2044,21,2453,California
Modoc,2021-04-14,2,4245,2,459,0,3527,0,259,1,409,1,2045,1,2454,California
Modoc,2021-04-15,99,4344,0,459,99,3626,0,259,26,362,73,2118,26,2480,California
Modoc,2021-04-16,4,4348,4,463,0,3626,0,259,3,364,1,2119,3,2483,California
Modoc,2021-04-17,2,4350,2,465,0,3626,0,259,2,366,0,2119,2,2485,California
Modoc,2021-04-18,1,4351,0,465,1,3627,0,259,1,367,0,2119,1,2486,California
Modoc,2021-04-19,7,4358,1,466,6,3633,0,259,2,364,5,2124,2,2488,California
Modoc,2021-04-20,27,4385,2,468,25,3658,0,259,9,355,18,2142,9,2497,California
Modoc,2021-04-21,2,4387,2,470,0,3658,0,259,0,353,2,2144,0,2497,California
Modoc,2021-04-22,90,4477,2,472,88,3746,0,259,33,330,57,2201,34,2531,California
Modoc,2021-04-23,4,4481,0,472,4,3750,0,259,3,332,1,2202,3,2534,California
Mono,2020-12-18,1,1,1,1,0,0,0,0,1,1,0,0,1,1,California
Mono,2020-12-19,5,6,5,6,0,0,0,0,5,6,0,0,5,6,California
Mono,2020-12-20,7,13,7,13,0,0,0,0,7,13,0,0,7,13,California
Mono,2020-12-21,24,37,17,30,7,7,0,0,24,37,0,0,24,37,California
Mono,2020-12-22,66,103,65,95,1,8,0,0,66,103,0,0,66,103,California
Mono,2020-12-23,70,173,42,137,28,36,0,0,70,173,0,0,70,173,California
Mono,2020-12-24,3,176,1,138,2,38,0,0,3,176,0,0,3,176,California
Mono,2020-12-26,3,179,3,141,0,38,0,0,3,179,0,0,3,179,California
Mono,2020-12-28,94,273,63,204,31,69,0,0,94,273,0,0,94,273,California
Mono,2020-12-29,29,302,29,233,0,69,0,0,29,302,0,0,29,302,California
Mono,2020-12-30,76,378,35,268,41,110,0,0,76,378,0,0,76,378,California
Mono,2020-12-31,4,382,1,269,3,113,0,0,4,382,0,0,4,382,California
Mono,2021-01-01,4,386,4,273,0,113,0,0,4,386,0,0,4,386,California
Mono,2021-01-02,2,388,2,275,0,113,0,0,2,388,0,0,2,388,California
Mono,2021-01-04,1,389,0,275,1,114,0,0,1,389,0,0,1,389,California
Mono,2021-01-05,45,434,2,277,43,157,0,0,44,432,1,1,44,433,California
Mono,2021-01-06,44,478,0,277,44,201,0,0,44,476,0,1,44,477,California
Mono,2021-01-07,55,533,3,280,52,253,0,0,54,529,1,2,54,531,California
Mono,2021-01-08,2,535,1,281,1,254,0,0,1,529,1,3,1,532,California
Mono,2021-01-09,4,539,4,285,0,254,0,0,0,525,4,7,0,532,California
Mono,2021-01-10,5,544,5,290,0,254,0,0,0,520,5,12,0,532,California
Mono,2021-01-11,8,552,5,295,3,257,0,0,4,520,4,16,4,536,California
Mono,2021-01-12,282,834,75,370,207,464,0,0,218,675,63,79,218,754,California
Mono,2021-01-13,233,1067,73,443,160,624,0,0,178,798,55,134,178,932,California
Mono,2021-01-14,73,1140,71,514,2,626,0,0,73,871,0,134,73,1005,California
Mono,2021-01-15,62,1202,2,516,60,686,0,0,62,933,0,134,62,1067,California
Mono,2021-01-16,4,1206,3,519,1,687,0,0,1,931,3,137,1,1068,California
Mono,2021-01-18,63,1269,54,573,9,696,0,0,2,872,61,198,2,1070,California
Mono,2021-01-19,209,1478,207,780,2,698,0,0,171,1006,38,236,172,1242,California
Mono,2021-01-20,230,1708,199,979,31,729,0,0,169,1114,61,297,169,1411,California
Mono,2021-01-21,3,1711,3,982,0,729,0,0,3,1117,0,297,3,1414,California
Mono,2021-01-22,4,1715,0,982,4,733,0,0,4,1121,0,297,4,1418,California
Mono,2021-01-23,595,2310,595,1577,0,733,0,0,594,1714,1,298,594,2012,California
Mono,2021-01-25,205,2515,167,1744,38,771,0,0,166,1841,39,337,166,2178,California
Mono,2021-01-26,507,3022,505,2249,2,773,0,0,501,2336,6,343,501,2679,California
Mono,2021-01-27,5,3027,1,2250,4,777,0,0,5,2341,0,343,5,2684,California
Mono,2021-01-28,7,3034,3,2253,4,781,0,0,3,2340,4,347,3,2687,California
Mono,2021-01-30,202,3236,200,2453,2,783,0,0,201,2540,1,348,201,2888,California
Mono,2021-01-31,243,3479,138,2591,105,888,0,0,139,2575,104,452,139,3027,California
Mono,2021-02-01,27,3506,27,2618,0,888,0,0,0,2548,27,479,0,3027,California
Mono,2021-02-02,5,3511,0,2618,5,893,0,0,2,2547,3,482,2,3029,California
Mono,2021-02-03,4,3515,2,2620,2,895,0,0,2,2547,2,484,2,3031,California
Mono,2021-02-04,211,3726,158,2778,53,948,0,0,90,2516,121,605,90,3121,California
Mono,2021-02-05,619,4345,613,3391,6,954,0,0,616,3129,3,608,616,3737,California
Mono,2021-02-06,139,4484,138,3529,1,955,0,0,137,3264,2,610,137,3874,California
Mono,2021-02-07,2,4486,0,3529,2,957,0,0,2,3266,0,610,2,3876,California
Mono,2021-02-08,171,4657,171,3700,0,957,0,0,15,3126,155,765,15,3891,California
Mono,2021-02-09,226,4883,6,3706,220,1177,0,0,14,2928,212,977,14,3905,California
Mono,2021-02-10,536,5419,186,3892,350,1527,0,0,194,2781,342,1319,195,4100,California
Mono,2021-02-11,7,5426,4,3896,3,1530,0,0,2,2778,5,1324,2,4102,California
Mono,2021-02-12,84,5510,20,3916,64,1594,0,0,26,2746,58,1382,26,4128,California
Mono,2021-02-13,586,6096,586,4502,0,1594,0,0,25,2211,560,1942,25,4153,California
Mono,2021-02-15,168,6264,166,4668,2,1596,0,0,3,2051,163,2105,3,4156,California
Mono,2021-02-16,518,6782,515,5183,3,1599,0,0,45,1626,470,2575,45,4201,California
Mono,2021-02-17,5,6787,1,5184,4,1603,0,0,1,1623,4,2579,1,4202,California
Mono,2021-02-18,3,6790,2,5186,1,1604,0,0,2,1624,1,2580,2,4204,California
Mono,2021-02-19,54,6844,53,5239,1,1605,0,0,54,1678,0,2580,54,4258,California
Mono,2021-02-20,4,6848,4,5243,0,1605,0,0,4,1682,0,2580,4,4262,California
Mono,2021-02-21,3,6851,3,5246,0,1605,0,0,3,1685,0,2580,3,4265,California
Mono,2021-02-22,285,7136,284,5530,1,1606,0,0,24,1449,260,2840,24,4289,California
Mono,2021-02-23,135,7271,115,5645,20,1626,0,0,22,1358,113,2953,22,4311,California
Mono,2021-02-24,8,7279,3,5648,5,1631,0,0,2,1354,6,2959,2,4313,California
Mono,2021-02-25,5,7284,2,5650,3,1634,0,0,3,1356,1,2960,3,4316,California
Mono,2021-02-26,600,7884,599,6249,1,1635,0,0,20,797,579,3539,20,4336,California
Mono,2021-02-27,141,8025,137,6386,4,1639,0,0,4,667,134,3673,4,4340,California
Mono,2021-03-01,2,8027,2,6388,0,1639,0,0,1,668,0,3673,1,4341,California
Mono,2021-03-02,5,8032,3,6391,2,1641,0,0,3,669,2,3675,3,4344,California
Mono,2021-03-03,82,8114,2,6393,80,1721,0,0,79,746,2,3677,79,4423,California
Mono,2021-03-04,4,8118,0,6393,4,1725,0,0,2,746,2,3679,2,4425,California
Mono,2021-03-05,37,8155,27,6420,10,1735,0,0,14,737,23,3702,14,4439,California
Mono,2021-03-06,509,8664,16,6436,493,2228,0,0,503,1235,5,3707,503,4942,California
Mono,2021-03-07,1,8665,0,6436,1,2229,0,0,0,1234,1,3708,0,4942,California
Mono,2021-03-08,540,9205,11,6447,526,2755,3,3,531,1759,9,3717,534,5476,California
Mono,2021-03-09,6,9211,2,6449,3,2758,1,4,3,1761,2,3719,4,5480,California
Mono,2021-03-10,286,9497,91,6540,192,2950,3,7,10,1500,274,3993,13,5493,California
Mono,2021-03-11,11,9508,0,6540,1,2951,10,17,0,1499,11,4004,10,5503,California
Mono,2021-03-12,7,9515,1,6541,1,2952,5,22,0,1497,7,4011,5,5508,California
Mono,2021-03-13,826,10341,389,6930,437,3389,0,22,818,2307,8,4019,818,6326,California
Mono,2021-03-14,4,10345,4,6934,0,3389,0,22,1,2305,3,4022,1,6327,California
Mono,2021-03-15,29,10374,23,6957,1,3390,5,27,12,2306,16,4038,17,6344,California
Mono,2021-03-16,16,10390,6,6963,4,3394,6,33,8,2312,8,4046,14,6358,California
Mono,2021-03-17,32,10422,3,6966,21,3415,8,41,21,2330,11,4057,29,6387,California
Mono,2021-03-18,21,10443,2,6968,11,3426,8,49,9,2335,12,4069,17,6404,California
Mono,2021-03-19,21,10464,1,6969,17,3443,3,52,17,2352,3,4072,20,6424,California
Mono,2021-03-20,5,10469,3,6972,1,3444,1,53,4,2356,1,4073,5,6429,California
Mono,2021-03-21,1,10470,1,6973,0,3444,0,53,1,2357,0,4073,1,6430,California
Mono,2021-03-22,11,10481,0,6973,6,3450,5,58,5,2361,6,4079,10,6440,California
Mono,2021-03-23,42,10523,5,6978,32,3482,5,63,19,2362,23,4102,24,6464,California
Mono,2021-03-24,12,10535,1,6979,6,3488,5,68,6,2367,6,4108,11,6475,California
Mono,2021-03-25,18,10553,2,6981,12,3500,4,72,12,2377,6,4114,16,6491,California
Mono,2021-03-26,19,10572,3,6984,11,3511,5,77,10,2384,8,4122,15,6506,California
Mono,2021-03-27,354,10926,351,7335,3,3514,0,77,328,2686,26,4148,328,6834,California
Mono,2021-03-28,1,10927,1,7336,0,3514,0,77,1,2687,0,4148,1,6835,California
Mono,2021-03-29,10,10937,3,7339,6,3520,1,78,8,2694,2,4150,9,6844,California
Mono,2021-03-30,15,10952,0,7339,11,3531,4,82,10,2703,5,4155,14,6858,California
Mono,2021-03-31,125,11077,7,7346,117,3648,1,83,46,2672,78,4233,47,6905,California
Mono,2021-04-01,8,11085,0,7346,7,3655,1,84,3,2671,5,4238,4,6909,California
Mono,2021-04-02,17,11102,2,7348,15,3670,0,84,6,2666,11,4249,6,6915,California
Mono,2021-04-03,849,11951,366,7714,483,4153,0,84,35,1888,813,5062,35,6950,California
Mono,2021-04-05,529,12480,17,7731,511,4664,1,85,31,1423,497,5559,32,6982,California
Mono,2021-04-06,20,12500,2,7733,5,4669,13,98,2,1420,18,5577,15,6997,California
Mono,2021-04-07,23,12523,2,7735,2,4671,19,117,3,1422,20,5597,22,7019,California
Mono,2021-04-08,21,12544,2,7737,2,4673,17,134,3,1424,18,5615,20,7039,California
Mono,2021-04-09,37,12581,4,7741,4,4677,29,163,7,1430,30,5645,36,7075,California
Mono,2021-04-10,446,13027,2,7743,437,5114,7,170,28,1047,418,6063,35,7110,California
Mono,2021-04-11,1,13028,1,7744,0,5114,0,170,0,1046,1,6064,0,7110,California
Mono,2021-04-12,6,13034,0,7744,3,5117,3,173,3,1049,3,6067,6,7116,California
Mono,2021-04-13,18,13052,2,7746,15,5132,1,174,12,1056,6,6073,13,7129,California
Mono,2021-04-14,26,13078,1,7747,25,5157,0,174,7,1044,19,6092,7,7136,California
Mono,2021-04-15,18,13096,3,7750,15,5172,0,174,9,1044,9,6101,9,7145,California
Mono,2021-04-16,14,13110,1,7751,13,5185,0,174,5,1040,9,6110,5,7150,California
Mono,2021-04-17,51,13161,2,7753,49,5234,0,174,44,1077,7,6117,44,7194,California
Mono,2021-04-18,2,13163,1,7754,1,5235,0,174,2,1079,0,6117,2,7196,California
Mono,2021-04-19,527,13690,320,8074,207,5442,0,174,200,954,325,6442,200,7396,California
Mono,2021-04-20,16,13706,2,8076,14,5456,0,174,11,960,5,6447,11,7407,California
Mono,2021-04-21,10,13716,1,8077,9,5465,0,174,3,956,7,6454,3,7410,California
Mono,2021-04-22,31,13747,16,8093,15,5480,0,174,12,949,19,6473,12,7422,California
Mono,2021-04-23,22,13769,2,8095,20,5500,0,174,12,951,10,6483,12,7434,California
Mono,2021-04-24,31,13800,19,8114,12,5512,0,174,20,960,11,6494,20,7454,California
Monterey,2020-12-16,4,4,4,4,0,0,0,0,4,4,0,0,4,4,California
Monterey,2020-12-17,83,87,83,87,0,0,0,0,83,87,0,0,83,87,California
Monterey,2020-12-18,481,568,481,568,0,0,0,0,481,568,0,0,481,568,California
Monterey,2020-12-19,579,1147,579,1147,0,0,0,0,579,1147,0,0,579,1147,California
Monterey,2020-12-20,422,1569,422,1569,0,0,0,0,422,1569,0,0,422,1569,California
Monterey,2020-12-21,719,2288,719,2288,0,0,0,0,719,2288,0,0,719,2288,California
Monterey,2020-12-22,533,2821,520,2808,13,13,0,0,533,2821,0,0,533,2821,California
Monterey,2020-12-23,436,3257,261,3069,175,188,0,0,436,3257,0,0,436,3257,California
Monterey,2020-12-24,84,3341,10,3079,74,262,0,0,84,3341,0,0,84,3341,California
Monterey,2020-12-25,6,3347,0,3079,6,268,0,0,6,3347,0,0,6,3347,California
Monterey,2020-12-26,92,3439,5,3084,87,355,0,0,92,3439,0,0,92,3439,California
Monterey,2020-12-27,7,3446,4,3088,3,358,0,0,7,3446,0,0,7,3446,California
Monterey,2020-12-28,475,3921,25,3113,450,808,0,0,475,3921,0,0,475,3921,California
Monterey,2020-12-29,900,4821,167,3280,733,1541,0,0,900,4821,0,0,900,4821,California
Monterey,2020-12-30,568,5389,98,3378,470,2011,0,0,568,5389,0,0,568,5389,California
Monterey,2020-12-31,34,5423,11,3389,23,2034,0,0,34,5423,0,0,34,5423,California
Monterey,2021-01-01,12,5435,2,3391,10,2044,0,0,12,5435,0,0,12,5435,California
Monterey,2021-01-02,137,5572,134,3525,3,2047,0,0,137,5572,0,0,137,5572,California
Monterey,2021-01-03,30,5602,29,3554,1,2048,0,0,30,5602,0,0,30,5602,California
Monterey,2021-01-04,410,6012,18,3572,392,2440,0,0,410,6012,0,0,410,6012,California
Monterey,2021-01-05,750,6762,326,3898,424,2864,0,0,736,6734,14,14,736,6748,California
Monterey,2021-01-06,655,7417,172,4070,483,3347,0,0,633,7345,22,36,633,7381,California
Monterey,2021-01-07,746,8163,572,4642,174,3521,0,0,422,7445,322,358,422,7803,California
Monterey,2021-01-08,1085,9248,733,5375,352,3873,0,0,393,7146,692,1050,393,8196,California
Monterey,2021-01-09,962,10210,934,6309,28,3901,0,0,312,6808,650,1700,312,8508,California
Monterey,2021-01-10,273,10483,270,6579,3,3904,0,0,8,6551,265,1965,8,8516,California
Monterey,2021-01-11,1065,11548,984,7563,81,3985,0,0,362,6210,703,2668,362,8878,California
Monterey,2021-01-12,464,12012,387,7950,77,4062,0,0,203,6152,261,2929,203,9081,California
Monterey,2021-01-13,1217,13229,591,8541,626,4688,0,0,1172,7279,45,2974,1172,10253,California
Monterey,2021-01-14,1047,14276,93,8634,954,5642,0,0,1029,8293,18,2992,1032,11285,California
Monterey,2021-01-15,1045,15321,44,8678,1001,6643,0,0,1032,9312,13,3005,1032,12317,California
Monterey,2021-01-16,361,15682,298,8976,63,6706,0,0,356,9663,5,3010,356,12673,California
Monterey,2021-01-17,309,15991,288,9264,21,6727,0,0,296,9946,13,3023,296,12969,California
Monterey,2021-01-18,402,16393,50,9314,352,7079,0,0,381,10306,21,3044,381,13350,California
Monterey,2021-01-19,576,16969,395,9709,181,7260,0,0,417,10566,157,3201,417,13767,California
Monterey,2021-01-20,530,17499,268,9977,262,7522,0,0,324,10684,206,3407,324,14091,California
Monterey,2021-01-21,840,18339,93,10070,747,8269,0,0,730,11308,110,3517,734,14825,California
Monterey,2021-01-22,1048,19387,191,10261,857,9126,0,0,1009,12278,39,3556,1009,15834,California
Monterey,2021-01-23,240,19627,174,10435,66,9192,0,0,117,12274,122,3678,118,15952,California
Monterey,2021-01-24,56,19683,38,10473,18,9210,0,0,22,12262,34,3712,22,15974,California
Monterey,2021-01-25,782,20465,173,10646,609,9819,0,0,156,11799,619,4331,156,16130,California
Monterey,2021-01-26,927,21392,223,10869,704,10523,0,0,235,11342,692,5023,235,16365,California
Monterey,2021-01-27,857,22249,307,11176,550,11073,0,0,377,11239,480,5503,377,16742,California
Monterey,2021-01-28,2008,24257,736,11912,1272,12345,0,0,1667,12567,341,5844,1669,18411,California
Monterey,2021-01-29,1225,25482,705,12617,520,12865,0,0,1109,13562,115,5959,1110,19521,California
Monterey,2021-01-30,437,25919,290,12907,147,13012,0,0,182,13489,255,6214,182,19703,California
Monterey,2021-01-31,493,26412,71,12978,422,13434,0,0,483,13963,10,6224,484,20187,California
Monterey,2021-02-01,1660,28072,1146,14124,514,13948,0,0,1098,14500,561,6785,1098,21285,California
Monterey,2021-02-02,2151,30223,454,14578,1697,15645,0,0,1544,15438,606,7391,1544,22829,California
Monterey,2021-02-03,2327,32550,1046,15624,1281,16926,0,0,1552,16219,771,8162,1552,24381,California
Monterey,2021-02-04,2703,35253,2019,17643,684,17610,0,0,2441,18400,260,8422,2441,26822,California
Monterey,2021-02-05,3640,38893,2820,20463,820,18430,0,0,3208,21181,427,8849,3208,30030,California
Monterey,2021-02-06,1095,39988,378,20841,717,19147,0,0,754,21596,339,9188,754,30784,California
Monterey,2021-02-07,314,40302,270,21111,44,19191,0,0,95,21472,219,9407,95,30879,California
Monterey,2021-02-08,515,40817,289,21400,226,19417,0,0,429,21815,86,9493,429,31308,California
Monterey,2021-02-09,860,41677,673,22073,187,19604,0,0,550,22057,310,9803,552,31860,California
Monterey,2021-02-10,2010,43687,1040,23113,970,20574,0,0,1162,22371,848,10651,1162,33022,California
Monterey,2021-02-11,2495,46182,968,24081,1527,22101,0,0,1541,22962,952,11603,1543,34565,California
Monterey,2021-02-12,2584,48766,426,24507,2158,24259,0,0,1522,23423,1061,12664,1522,36087,California
Monterey,2021-02-13,1068,49834,50,24557,1018,25277,0,0,977,24309,91,12755,977,37064,California
Monterey,2021-02-14,589,50423,73,24630,516,25793,0,0,516,24752,73,12828,516,37580,California
Monterey,2021-02-15,1368,51791,160,24790,1208,27001,0,0,993,25373,373,13201,994,38574,California
Monterey,2021-02-16,1088,52879,243,25033,845,27846,0,0,866,26017,222,13423,866,39440,California
Monterey,2021-02-17,1934,54813,1161,26194,773,28619,0,0,1635,27358,297,13720,1638,41078,California
Monterey,2021-02-18,2222,57035,1176,27370,1046,29665,0,0,907,26962,1305,15025,909,41987,California
Monterey,2021-02-19,2934,59969,1530,28900,1404,31069,0,0,1344,26716,1590,16615,1344,43331,California
Monterey,2021-02-20,1003,60972,603,29503,400,31469,0,0,951,27616,51,16666,951,44282,California
Monterey,2021-02-21,1239,62211,1211,30714,28,31497,0,0,1170,28719,67,16733,1170,45452,California
Monterey,2021-02-22,975,63186,844,31558,131,31628,0,0,642,29030,331,17064,642,46094,California
Monterey,2021-02-23,949,64135,617,32175,332,31960,0,0,299,28681,649,17713,300,46394,California
Monterey,2021-02-24,2458,66593,1312,33487,1146,33106,0,0,1847,29922,607,18320,1848,48242,California
Monterey,2021-02-25,4343,70936,2377,35864,1966,35072,0,0,1449,28485,2887,21207,1450,49692,California
Monterey,2021-02-26,5241,76177,3079,38943,2162,37234,0,0,2620,28488,2618,23825,2621,52313,California
Monterey,2021-02-27,995,77172,182,39125,813,38047,0,0,805,29108,185,24010,805,53118,California
Monterey,2021-02-28,1527,78699,81,39206,1446,39493,0,0,1065,29716,457,24467,1065,54183,California
Monterey,2021-03-01,1277,79976,137,39343,1137,40630,3,3,742,29930,532,24999,746,54929,California
Monterey,2021-03-02,2727,82703,1717,41060,1010,41640,0,3,1878,30963,845,25844,1878,56807,California
Monterey,2021-03-03,3194,85897,1236,42296,1958,43598,0,3,1303,30378,1889,27733,1304,58111,California
Monterey,2021-03-04,4544,90441,1464,43760,3080,46678,0,3,2975,31788,1565,29298,2975,61086,California
Monterey,2021-03-05,3253,93694,1418,45178,1558,48236,277,280,2623,34059,629,29927,2900,63986,California
Monterey,2021-03-06,4992,98686,1065,46243,3625,51861,302,582,4089,37548,900,30827,4389,68375,California
Monterey,2021-03-07,521,99207,108,46351,168,52029,245,827,234,37738,287,31114,477,68852,California
Monterey,2021-03-08,1645,100852,325,46676,941,52970,379,1206,1116,38703,529,31643,1494,70346,California
Monterey,2021-03-09,1901,102753,675,47351,950,53920,276,1482,1414,39905,486,32129,1688,72034,California
Monterey,2021-03-10,2908,105661,870,48221,1553,55473,485,1967,1356,40201,1546,33675,1842,73876,California
Monterey,2021-03-11,4098,109759,1402,49623,2324,57797,372,2339,2337,41156,1754,35429,2709,76585,California
Monterey,2021-03-12,4262,114021,2015,51638,2130,59927,117,2456,2601,42214,1659,37088,2717,79302,California
Monterey,2021-03-13,5227,119248,961,52599,3919,63846,347,2803,3921,45176,1306,38394,4268,83570,California
Monterey,2021-03-14,2147,121395,1326,53925,796,64642,25,2828,576,44217,1560,39954,601,84171,California
Monterey,2021-03-15,3941,125336,1265,55190,2386,67028,290,3118,2254,45077,1683,41637,2543,86714,California
Monterey,2021-03-16,3486,128822,570,55760,2542,69570,374,3492,2075,46114,1410,43047,2447,89161,California
Monterey,2021-03-17,5675,134497,2307,58067,3117,72687,251,3743,4085,48873,1582,44629,4341,93502,California
Monterey,2021-03-18,4351,138848,2153,60220,2031,74718,167,3910,3004,50742,1342,45971,3211,96713,California
Monterey,2021-03-19,5383,144231,2558,62778,2683,77401,142,4052,4114,53735,1264,47235,4257,100970,California
Monterey,2021-03-20,3246,147477,420,63198,2131,79532,695,4747,2167,55522,1075,48310,2862,103832,California
Monterey,2021-03-21,622,148099,200,63398,414,79946,8,4755,556,56020,65,48375,563,104395,California
Monterey,2021-03-22,2452,150551,1430,64828,961,80907,61,4816,2247,58125,202,48577,2307,106702,California
Monterey,2021-03-23,3961,154512,2345,67173,1574,82481,42,4858,2507,59225,1449,50026,2549,109251,California
Monterey,2021-03-24,4973,159485,2084,69257,2578,85059,311,5169,3622,61808,1347,51373,3930,113181,California
Monterey,2021-03-25,5206,164691,1213,70470,3636,88695,357,5526,2609,62186,2589,53962,2967,116148,California
Monterey,2021-03-26,5290,169981,2604,73074,2620,91315,66,5592,2847,62667,2434,56396,2915,119063,California
Monterey,2021-03-27,4747,174728,1415,74489,3076,94391,256,5848,3038,64256,1705,58101,3294,122357,California
Monterey,2021-03-28,1109,175837,334,74823,767,95158,8,5856,628,64415,477,58578,636,122993,California
Monterey,2021-03-29,3164,179001,1402,76225,1748,96906,14,5870,1950,65175,1207,59785,1967,124960,California
Monterey,2021-03-30,4434,183435,2130,78355,2264,99170,40,5910,2749,66295,1674,61459,2794,127754,California
Monterey,2021-03-31,5278,188713,2375,80730,2112,101282,791,6701,3321,68456,1953,63412,4114,131868,California
Monterey,2021-04-01,6011,194724,2057,82787,3549,104831,405,7106,3012,68887,2986,66398,3417,135285,California
Monterey,2021-04-02,4659,199383,2241,85028,2357,107188,61,7167,3285,70864,1372,67770,3349,138634,California
Monterey,2021-04-03,5626,205009,1091,86119,3556,110744,979,8146,1189,68606,4422,72192,2164,140798,California
Monterey,2021-04-04,751,205760,155,86274,583,111327,13,8159,483,68836,268,72460,498,141296,California
Monterey,2021-04-05,3961,209721,2458,88732,1276,112603,227,8386,1484,68075,2472,74932,1711,143007,California
Monterey,2021-04-06,3092,212813,1306,90038,1315,113918,471,8857,1120,67699,1967,76899,1591,144598,California
Monterey,2021-04-07,5467,218280,1401,91439,3557,117475,509,9366,2697,68145,2759,79658,3205,147803,California
Monterey,2021-04-08,6353,224633,3453,94892,2100,119575,800,10166,3165,68929,3182,82840,3966,151769,California
Monterey,2021-04-09,5511,230144,3368,98260,1514,121089,629,10795,2233,68515,3274,86114,2860,154629,California
Monterey,2021-04-10,9793,239937,4925,103185,2720,123809,2148,12943,4922,70722,4863,90977,7070,161699,California
Monterey,2021-04-11,5432,245369,4267,107452,567,124376,598,13541,4394,74681,1032,92009,4991,166690,California
Monterey,2021-04-12,4019,249388,1843,109295,1866,126242,310,13851,894,72898,2987,94996,1204,167894,California
Monterey,2021-04-13,3109,252497,712,110007,2393,128635,4,13855,1488,72791,1600,96596,1493,169387,California
Monterey,2021-04-14,6531,259028,3110,113117,3419,132054,2,13857,1785,69845,4733,101329,1787,171174,California
Monterey,2021-04-15,5708,264736,3860,116977,1848,133902,0,13857,3808,71783,1870,103199,3808,174982,California
Monterey,2021-04-16,4657,269393,2389,119366,2254,136156,14,13871,2172,71495,2474,105673,2186,177168,California
Monterey,2021-04-17,4380,273773,1327,120693,3053,139209,0,13871,3132,73387,1240,106913,3132,180300,California
Monterey,2021-04-18,832,274605,254,120947,578,139787,0,13871,236,73031,592,107505,236,180536,California
Monterey,2021-04-19,3664,278269,1279,122226,2385,142172,0,13871,1757,72889,1899,109404,1757,182293,California
Monterey,2021-04-20,3697,281966,1558,123784,2139,144311,0,13871,1534,72282,2142,111546,1535,183828,California
Monterey,2021-04-21,5547,287513,3098,126882,2449,146760,0,13871,2717,72204,2797,114343,2719,186547,California
Monterey,2021-04-22,4490,292003,943,127825,3547,150307,0,13871,1800,71337,2667,117010,1800,188347,California
Monterey,2021-04-23,5123,297126,2311,130136,2811,153118,1,13872,2000,70234,3104,120114,2001,190348,California
Monterey,2021-04-24,1924,299050,213,130349,1711,154829,0,13872,1002,70329,907,121021,1002,191350,California
Napa,2020-12-16,12,12,12,12,0,0,0,0,12,12,0,0,12,12,California
Napa,2020-12-17,44,56,44,56,0,0,0,0,44,56,0,0,44,56,California
Napa,2020-12-18,102,158,102,158,0,0,0,0,102,158,0,0,102,158,California
Napa,2020-12-19,221,379,221,379,0,0,0,0,221,379,0,0,221,379,California
Napa,2020-12-20,188,567,188,567,0,0,0,0,188,567,0,0,188,567,California
Napa,2020-12-21,310,877,310,877,0,0,0,0,311,878,0,0,311,878,California
Napa,2020-12-22,340,1217,331,1208,9,9,0,0,340,1218,0,0,340,1218,California
Napa,2020-12-23,428,1645,319,1527,109,118,0,0,428,1646,0,0,428,1646,California
Napa,2020-12-24,139,1784,78,1605,61,179,0,0,139,1785,0,0,139,1785,California
Napa,2020-12-25,1,1785,1,1606,0,179,0,0,1,1786,0,0,1,1786,California
Napa,2020-12-26,39,1824,11,1617,28,207,0,0,39,1825,0,0,39,1825,California
Napa,2020-12-27,32,1856,16,1633,16,223,0,0,32,1857,0,0,32,1857,California
Napa,2020-12-28,251,2107,185,1818,66,289,0,0,279,2136,0,0,279,2136,California
Napa,2020-12-29,273,2380,214,2032,59,348,0,0,307,2443,0,0,307,2443,California
Napa,2020-12-30,630,3010,486,2518,144,492,0,0,638,3081,0,0,638,3081,California
Napa,2020-12-31,461,3471,373,2891,88,580,0,0,461,3542,0,0,461,3542,California
Napa,2021-01-01,1,3472,1,2892,0,580,0,0,1,3543,0,0,1,3543,California
Napa,2021-01-02,98,3570,93,2985,5,585,0,0,98,3641,0,0,98,3641,California
Napa,2021-01-03,13,3583,11,2996,2,587,0,0,9,3650,0,0,9,3650,California
Napa,2021-01-04,107,3690,64,3060,43,630,0,0,107,3757,0,0,107,3757,California
Napa,2021-01-05,155,3845,85,3145,70,700,0,0,138,3871,24,24,138,3895,California
Napa,2021-01-06,455,4300,114,3259,341,1041,0,0,391,4200,62,86,391,4286,California
Napa,2021-01-07,495,4795,234,3493,261,1302,0,0,395,4496,99,185,395,4681,California
Napa,2021-01-08,442,5237,226,3719,216,1518,0,0,262,4579,179,364,262,4943,California
Napa,2021-01-09,325,5562,300,4019,25,1543,0,0,189,4632,136,500,189,5132,California
Napa,2021-01-10,184,5746,101,4120,83,1626,0,0,109,4666,75,575,109,5241,California
Napa,2021-01-11,881,6627,426,4546,455,2081,0,0,508,4801,374,949,509,5750,California
Napa,2021-01-12,1311,7938,370,4916,941,3022,0,0,996,5482,315,1264,996,6746,California
Napa,2021-01-13,1313,9251,264,5180,1049,4071,0,0,1151,6473,161,1425,1152,7898,California
Napa,2021-01-14,1052,10303,173,5353,879,4950,0,0,934,7291,116,1541,934,8832,California
Napa,2021-01-15,1453,11756,384,5737,1069,6019,0,0,1305,8441,156,1697,1306,10138,California
Napa,2021-01-16,356,12112,134,5871,222,6241,0,0,338,8761,18,1715,338,10476,California
Napa,2021-01-17,340,12452,175,6046,165,6406,0,0,330,9081,10,1725,330,10806,California
Napa,2021-01-18,1081,13533,197,6243,884,7290,0,0,990,9980,91,1816,990,11796,California
Napa,2021-01-19,1009,14542,406,6649,603,7893,0,0,766,10504,242,2058,766,12562,California
Napa,2021-01-20,825,15367,185,6834,640,8533,0,0,643,10967,180,2238,643,13205,California
Napa,2021-01-21,1335,16702,374,7208,961,9494,0,0,1080,11794,254,2492,1081,14286,California
Napa,2021-01-22,1539,18241,411,7619,1128,10622,0,0,1212,12681,326,2818,1213,15499,California
Napa,2021-01-23,398,18639,318,7937,80,10702,0,0,336,12955,62,2880,336,15835,California
Napa,2021-01-24,266,18905,189,8126,77,10779,0,0,208,13105,58,2938,208,16043,California
Napa,2021-01-25,1522,20427,231,8357,1291,12070,0,0,1432,14447,90,3028,1432,17475,California
Napa,2021-01-26,880,21307,283,8640,597,12667,0,0,786,15140,94,3122,787,18262,California
Napa,2021-01-27,626,21933,220,8860,406,13073,0,0,470,15455,156,3278,471,18733,California
Napa,2021-01-28,390,22323,177,9037,213,13286,0,0,198,15463,190,3468,198,18931,California
Napa,2021-01-29,254,22577,65,9102,189,13475,0,0,159,15527,95,3563,159,19090,California
Napa,2021-01-30,804,23381,695,9797,109,13584,0,0,640,16003,164,3727,640,19730,California
Napa,2021-01-31,655,24036,625,10422,30,13614,0,0,629,16606,26,3753,629,20359,California
Napa,2021-02-01,315,24351,110,10532,205,13819,0,0,163,16617,152,3905,163,20522,California
Napa,2021-02-02,594,24945,281,10813,313,14132,0,0,292,16610,299,4204,292,20814,California
Napa,2021-02-03,741,25686,309,11122,432,14564,0,0,432,16733,309,4513,432,21246,California
Napa,2021-02-04,789,26475,374,11496,415,14979,0,0,441,16828,346,4859,441,21687,California
Napa,2021-02-05,707,27182,314,11810,393,15372,0,0,340,16801,367,5226,340,22027,California
Napa,2021-02-06,434,27616,145,11955,289,15661,0,0,329,17025,105,5331,329,22356,California
Napa,2021-02-07,175,27791,162,12117,13,15674,0,0,71,16992,104,5435,71,22427,California
Napa,2021-02-08,834,28625,191,12308,643,16317,0,0,272,16705,559,5994,272,22699,California
Napa,2021-02-09,1075,29700,441,12749,634,16951,0,0,436,16502,639,6633,436,23135,California
Napa,2021-02-10,1720,31420,192,12941,1528,18479,0,0,452,15690,1265,7898,453,23588,California
Napa,2021-02-11,1491,32911,194,13135,1297,19776,0,0,406,15024,1073,8971,407,23995,California
Napa,2021-02-12,2156,35067,837,13972,1319,21095,0,0,721,14313,1432,10403,721,24716,California
Napa,2021-02-13,495,35562,52,14024,443,21538,0,0,312,14442,183,10586,312,25028,California
Napa,2021-02-14,356,35918,90,14114,266,21804,0,0,195,14476,161,10747,195,25223,California
Napa,2021-02-15,872,36790,182,14296,690,22494,0,0,220,14046,650,11397,220,25443,California
Napa,2021-02-16,1286,38076,597,14893,689,23183,0,0,612,13985,673,12070,612,26055,California
Napa,2021-02-17,1046,39122,530,15423,516,23699,0,0,479,13899,565,12635,479,26534,California
Napa,2021-02-18,1895,41017,485,15908,1410,25109,0,0,659,13325,1233,13868,659,27193,California
Napa,2021-02-19,1479,42496,584,16492,895,26004,0,0,676,13199,802,14670,676,27869,California
Napa,2021-02-20,820,43316,595,17087,225,26229,0,0,272,12923,548,15218,272,28141,California
Napa,2021-02-21,797,44113,735,17822,62,26291,0,0,195,12516,602,15820,195,28336,California
Napa,2021-02-22,441,44554,185,18007,256,26547,0,0,136,12347,305,16125,136,28472,California
Napa,2021-02-23,1125,45679,301,18308,824,27371,0,0,307,11836,818,16943,307,28779,California
Napa,2021-02-24,1158,46837,638,18946,520,27891,0,0,570,11821,586,17529,571,29350,California
Napa,2021-02-25,2539,49376,1211,20157,1328,29219,0,0,1826,12935,712,18241,1826,31176,California
Napa,2021-02-26,1496,50872,521,20678,975,30194,0,0,583,12607,911,19152,583,31759,California
Napa,2021-02-27,1118,51990,378,21056,740,30934,0,0,866,13223,250,19402,866,32625,California
Napa,2021-02-28,560,52550,459,21515,101,31035,0,0,461,13587,97,19499,461,33086,California
Napa,2021-03-01,1101,53651,814,22329,287,31322,0,0,832,14151,268,19767,832,33918,California
Napa,2021-03-02,1484,55135,1024,23353,460,31782,0,0,1150,14968,333,20100,1150,35068,California
Napa,2021-03-03,1544,56679,684,24037,860,32642,0,0,1358,16141,185,20285,1358,36426,California
Napa,2021-03-04,1705,58384,782,24819,923,33565,0,0,1467,17373,235,20520,1467,37893,California
Napa,2021-03-05,1890,60274,782,25601,1104,34669,4,4,1475,18439,413,20933,1479,39372,California
Napa,2021-03-06,641,60915,281,25882,329,34998,31,35,530,18891,109,21042,561,39933,California
Napa,2021-03-07,521,61436,320,26202,186,35184,15,50,370,19125,151,21193,385,40318,California
Napa,2021-03-08,694,62130,319,26521,322,35506,53,103,517,19520,175,21368,570,40888,California
Napa,2021-03-09,1629,63759,567,27088,1016,36522,46,149,1199,20338,427,21795,1245,42133,California
Napa,2021-03-10,1472,65231,914,28002,466,36988,92,241,772,20505,697,22492,864,42997,California
Napa,2021-03-11,1830,67061,1035,29037,667,37655,128,369,938,20680,891,23383,1066,44063,California
Napa,2021-03-12,1495,68556,908,29945,492,38147,95,464,794,20869,699,24082,888,44951,California
Napa,2021-03-13,1164,69720,300,30245,840,38987,24,488,828,21387,334,24416,852,45803,California
Napa,2021-03-14,611,70331,328,30573,135,39122,148,636,227,21378,383,24799,374,46177,California
Napa,2021-03-15,945,71276,405,30978,471,39593,69,705,479,21462,464,25263,548,46725,California
Napa,2021-03-16,1832,73108,385,31363,1321,40914,126,831,1372,22505,456,25719,1499,48224,California
Napa,2021-03-17,2481,75589,1845,33208,457,41371,179,1010,1577,23357,904,26623,1756,49980,California
Napa,2021-03-18,2098,77687,912,34120,1176,42547,10,1020,1288,23847,808,27431,1298,51278,California
Napa,2021-03-19,1429,79116,857,34977,544,43091,28,1048,710,23869,716,28147,738,52016,California
Napa,2021-03-20,995,80111,527,35504,315,43406,153,1201,422,23872,572,28719,575,52591,California
Napa,2021-03-21,702,80813,680,36184,20,43426,2,1203,352,23877,349,29068,354,52945,California
Napa,2021-03-22,1080,81893,905,37089,164,43590,11,1214,474,23759,603,29671,485,53430,California
Napa,2021-03-23,1507,83400,816,37905,674,44264,17,1231,1000,24271,505,30176,1017,54447,California
Napa,2021-03-24,1701,85101,942,38847,751,45015,8,1239,820,24219,880,31056,828,55275,California
Napa,2021-03-25,1612,86713,1041,39888,517,45532,54,1293,742,24146,869,31925,796,56071,California
Napa,2021-03-26,1276,87989,826,40714,444,45976,6,1299,576,24031,697,32622,582,56653,California
Napa,2021-03-27,946,88935,431,41145,488,46464,27,1326,313,23738,633,33255,340,56993,California
Napa,2021-03-28,482,89417,372,41517,103,46567,7,1333,182,23628,299,33554,189,57182,California
Napa,2021-03-29,1178,90595,857,42374,316,46883,5,1338,726,23908,451,34005,731,57913,California
Napa,2021-03-30,2393,92988,929,43303,1460,48343,4,1342,1611,24741,782,34787,1615,59528,California
Napa,2021-03-31,1956,94944,954,44257,933,49276,69,1411,805,24465,1148,35935,872,60400,California
Napa,2021-04-01,1705,96649,811,45068,779,50055,115,1526,473,23826,1227,37162,588,60988,California
Napa,2021-04-02,1821,98470,814,45882,865,50920,142,1668,456,23062,1362,38524,598,61586,California
Napa,2021-04-03,624,99094,362,46244,203,51123,59,1727,209,22914,415,38939,267,61853,California
Napa,2021-04-04,351,99445,142,46386,151,51274,58,1785,122,22866,228,39167,180,62033,California
Napa,2021-04-05,1262,100707,753,47139,291,51565,218,2003,573,22969,688,39855,791,62824,California
Napa,2021-04-06,2209,102916,557,47696,1397,52962,255,2258,528,22074,1678,41533,783,63607,California
Napa,2021-04-07,1707,104623,686,48382,800,53762,221,2479,519,21630,1184,42717,740,64347,California
Napa,2021-04-08,1829,106452,1055,49437,404,54166,370,2849,974,22122,851,43568,1343,65690,California
Napa,2021-04-09,1505,107957,908,50345,297,54463,300,3149,672,22262,831,44399,971,66661,California
Napa,2021-04-10,1027,108984,346,50691,581,55044,100,3249,237,21810,789,45188,337,66998,California
Napa,2021-04-11,384,109368,301,50992,62,55106,21,3270,157,21761,227,45415,178,67176,California
Napa,2021-04-12,786,110154,303,51295,360,55466,123,3393,296,21689,489,45904,417,67593,California
Napa,2021-04-13,2514,112668,839,52134,1675,57141,0,3393,917,21013,1593,47497,917,68510,California
Napa,2021-04-14,2037,114705,974,53108,1063,58204,0,3393,1009,21001,1021,48518,1009,69519,California
Napa,2021-04-15,1589,116294,518,53626,1071,59275,0,3393,861,21139,723,49241,861,70380,California
Napa,2021-04-16,2474,118768,1184,54810,1290,60565,0,3393,1798,22262,675,49916,1798,72178,California
Napa,2021-04-17,1090,119858,263,55073,827,61392,0,3393,818,22808,272,50188,818,72996,California
Napa,2021-04-18,262,120120,171,55244,91,61483,0,3393,118,22783,143,50331,118,73114,California
Napa,2021-04-19,605,120725,336,55580,269,61752,0,3393,264,22707,340,50671,264,73378,California
Napa,2021-04-20,2907,123632,1940,57520,967,62719,0,3393,1965,23732,941,51612,1966,75344,California
Napa,2021-04-21,2307,125939,1700,59220,606,63325,1,3394,1276,23982,1026,52638,1276,76620,California
Napa,2021-04-22,1216,127155,899,60119,317,63642,0,3394,463,23695,750,53388,463,77083,California
Napa,2021-04-23,831,127986,622,60741,207,63849,2,3396,498,23862,331,53719,498,77581,California
Napa,2021-04-24,162,128148,59,60800,103,63952,0,3396,103,23906,59,53778,103,77684,California
Nevada,2020-12-16,3,3,3,3,0,0,0,0,3,3,0,0,3,3,California
Nevada,2020-12-17,6,9,6,9,0,0,0,0,6,9,0,0,6,9,California
Nevada,2020-12-18,52,61,52,61,0,0,0,0,52,61,0,0,52,61,California
Nevada,2020-12-19,55,116,55,116,0,0,0,0,55,116,0,0,55,116,California
Nevada,2020-12-20,12,128,12,128,0,0,0,0,12,128,0,0,12,128,California
Nevada,2020-12-21,69,197,69,197,0,0,0,0,69,197,0,0,69,197,California
Nevada,2020-12-22,91,288,89,286,2,2,0,0,91,288,0,0,91,288,California
Nevada,2020-12-23,234,522,202,488,32,34,0,0,234,522,0,0,234,522,California
Nevada,2020-12-24,13,535,11,499,2,36,0,0,13,535,0,0,13,535,California
Nevada,2020-12-25,3,538,3,502,0,36,0,0,3,538,0,0,3,538,California
Nevada,2020-12-26,6,544,4,506,2,38,0,0,6,544,0,0,6,544,California
Nevada,2020-12-27,88,632,88,594,0,38,0,0,88,632,0,0,88,632,California
Nevada,2020-12-28,170,802,93,687,77,115,0,0,170,802,0,0,170,802,California
Nevada,2020-12-29,100,902,74,761,26,141,0,0,100,902,0,0,100,902,California
Nevada,2020-12-30,86,988,66,827,20,161,0,0,86,988,0,0,86,988,California
Nevada,2020-12-31,39,1027,9,836,30,191,0,0,39,1027,0,0,39,1027,California
Nevada,2021-01-01,1,1028,0,836,1,192,0,0,1,1028,0,0,1,1028,California
Nevada,2021-01-02,1,1029,1,837,0,192,0,0,1,1029,0,0,1,1029,California
Nevada,2021-01-03,129,1158,126,963,3,195,0,0,129,1158,0,0,129,1158,California
Nevada,2021-01-04,71,1229,47,1010,24,219,0,0,71,1229,0,0,71,1229,California
Nevada,2021-01-05,271,1500,130,1140,141,360,0,0,270,1498,1,1,270,1499,California
Nevada,2021-01-06,91,1591,43,1183,48,408,0,0,83,1573,8,9,83,1582,California
Nevada,2021-01-07,215,1806,43,1226,172,580,0,0,208,1776,6,15,209,1791,California
Nevada,2021-01-08,221,2027,127,1353,94,674,0,0,169,1893,52,67,169,1960,California
Nevada,2021-01-09,63,2090,56,1409,7,681,0,0,15,1860,48,115,15,1975,California
Nevada,2021-01-10,17,2107,9,1418,8,689,0,0,9,1861,8,123,9,1984,California
Nevada,2021-01-11,185,2292,131,1549,54,743,0,0,57,1790,128,251,57,2041,California
Nevada,2021-01-12,597,2889,451,2000,146,889,0,0,531,2255,66,317,531,2572,California
Nevada,2021-01-13,259,3148,146,2146,113,1002,0,0,124,2244,135,452,124,2696,California
Nevada,2021-01-14,237,3385,125,2271,112,1114,0,0,219,2446,17,469,219,2915,California
Nevada,2021-01-15,394,3779,169,2440,225,1339,0,0,296,2644,98,567,296,3211,California
Nevada,2021-01-16,296,4075,15,2455,281,1620,0,0,292,2932,4,571,292,3503,California
Nevada,2021-01-17,35,4110,31,2486,4,1624,0,0,33,2963,2,573,33,3536,California
Nevada,2021-01-18,150,4260,40,2526,110,1734,0,0,141,3095,9,582,141,3677,California
Nevada,2021-01-19,238,4498,85,2611,153,1887,0,0,219,3295,19,601,219,3896,California
Nevada,2021-01-20,259,4757,153,2764,106,1993,0,0,246,3528,13,614,246,4142,California
Nevada,2021-01-21,339,5096,207,2971,132,2125,0,0,326,3841,13,627,326,4468,California
Nevada,2021-01-22,347,5443,209,3180,138,2263,0,0,316,4126,31,658,316,4784,California
Nevada,2021-01-23,177,5620,104,3284,73,2336,0,0,177,4303,0,658,177,4961,California
Nevada,2021-01-24,105,5725,98,3382,7,2343,0,0,66,4330,39,697,66,5027,California
Nevada,2021-01-25,267,5992,137,3519,130,2473,0,0,206,4475,61,758,206,5233,California
Nevada,2021-01-26,401,6393,141,3660,260,2733,0,0,299,4672,102,860,299,5532,California
Nevada,2021-01-27,416,6809,247,3907,169,2902,0,0,392,5040,24,884,392,5924,California
Nevada,2021-01-28,466,7275,316,4223,150,3052,0,0,423,5421,42,926,423,6347,California
Nevada,2021-01-29,600,7875,391,4614,209,3261,0,0,577,5976,23,949,578,6925,California
Nevada,2021-01-30,231,8106,104,4718,127,3388,0,0,228,6201,3,952,228,7153,California
Nevada,2021-01-31,103,8209,87,4805,16,3404,0,0,102,6303,1,953,103,7256,California
Nevada,2021-02-01,290,8499,71,4876,219,3623,0,0,276,6565,14,967,276,7532,California
Nevada,2021-02-02,511,9010,173,5049,338,3961,0,0,323,6700,188,1155,323,7855,California
Nevada,2021-02-03,809,9819,569,5618,240,4201,0,0,757,7406,51,1206,757,8612,California
Nevada,2021-02-04,737,10556,391,6009,346,4547,0,0,488,7646,248,1454,488,9100,California
Nevada,2021-02-05,641,11197,363,6372,278,4825,0,0,453,7913,186,1640,453,9553,California
Nevada,2021-02-06,268,11465,82,6454,186,5011,0,0,241,8127,27,1667,241,9794,California
Nevada,2021-02-07,245,11710,192,6646,53,5064,0,0,191,8264,54,1721,191,9985,California
Nevada,2021-02-08,651,12361,408,7054,243,5307,0,0,552,8717,99,1820,552,10537,California
Nevada,2021-02-09,600,12961,336,7390,264,5571,0,0,462,9041,138,1958,462,10999,California
Nevada,2021-02-10,646,13607,322,7712,324,5895,0,0,417,9230,229,2187,418,11417,California
Nevada,2021-02-11,868,14475,502,8214,366,6261,0,0,539,9441,328,2515,539,11956,California
Nevada,2021-02-12,928,15403,434,8648,494,6755,0,0,611,9736,316,2831,611,12567,California
Nevada,2021-02-13,596,15999,234,8882,362,7117,0,0,388,9921,204,3035,389,12956,California
Nevada,2021-02-14,229,16228,119,9001,110,7227,0,0,201,10094,28,3063,201,13157,California
Nevada,2021-02-15,704,16932,438,9439,266,7493,0,0,534,10458,170,3233,534,13691,California
Nevada,2021-02-16,619,17551,197,9636,422,7915,0,0,452,10744,166,3399,452,14143,California
Nevada,2021-02-17,1185,18736,762,10398,423,8338,0,0,858,11275,327,3726,858,15001,California
Nevada,2021-02-18,1005,19741,545,10943,460,8798,0,0,600,11471,404,4130,600,15601,California
Nevada,2021-02-19,1009,20750,629,11572,380,9178,0,0,651,11765,358,4488,652,16253,California
Nevada,2021-02-20,296,21046,104,11676,192,9370,0,0,173,11816,122,4610,173,16426,California
Nevada,2021-02-21,88,21134,83,11759,5,9375,0,0,8,11745,79,4689,8,16434,California
Nevada,2021-02-22,494,21628,327,12086,167,9542,0,0,346,11944,147,4836,346,16780,California
Nevada,2021-02-23,468,22096,219,12305,249,9791,0,0,206,11891,259,5095,206,16986,California
Nevada,2021-02-24,472,22568,234,12539,238,10029,0,0,248,11917,224,5319,250,17236,California
Nevada,2021-02-25,859,23427,463,13002,396,10425,0,0,431,11922,426,5745,431,17667,California
Nevada,2021-02-26,1234,24661,880,13882,354,10779,0,0,407,11505,824,6569,407,18074,California
Nevada,2021-02-27,352,25013,110,13992,242,11021,0,0,182,11517,170,6739,182,18256,California
Nevada,2021-02-28,265,25278,153,14145,112,11133,0,0,124,11501,140,6879,124,18380,California
Nevada,2021-03-01,815,26093,423,14568,392,11525,0,0,350,11387,464,7343,350,18730,California
Nevada,2021-03-02,703,26796,259,14827,444,11969,0,0,477,11642,222,7565,477,19207,California
Nevada,2021-03-03,962,27758,489,15316,472,12441,1,1,491,11664,470,8035,492,19699,California
Nevada,2021-03-04,1096,28854,609,15925,487,12928,0,1,464,11499,629,8664,464,20163,California
Nevada,2021-03-05,814,29668,456,16381,348,13276,10,11,360,11417,452,9116,370,20533,California
Nevada,2021-03-06,356,30024,119,16500,210,13486,27,38,144,11376,212,9328,171,20704,California
Nevada,2021-03-07,209,30233,110,16610,80,13566,19,57,68,11322,141,9469,87,20791,California
Nevada,2021-03-08,804,31037,538,17148,221,13787,45,102,358,11281,445,9914,404,21195,California
Nevada,2021-03-09,664,31701,315,17463,299,14086,50,152,361,11390,301,10215,410,21605,California
Nevada,2021-03-10,954,32655,603,18066,294,14380,57,209,319,11135,631,10846,376,21981,California
Nevada,2021-03-11,1092,33747,718,18784,349,14729,25,234,539,11154,545,11391,564,22545,California
Nevada,2021-03-12,1186,34933,720,19504,436,15165,30,264,502,11003,682,12073,531,23076,California
Nevada,2021-03-13,264,35197,52,19556,207,15372,5,269,94,10932,169,12242,98,23174,California
Nevada,2021-03-14,155,35352,21,19577,128,15500,6,275,33,10849,122,12364,39,23213,California
Nevada,2021-03-15,835,36187,453,20030,370,15870,12,287,353,10735,479,12843,365,23578,California
Nevada,2021-03-16,994,37181,465,20495,468,16338,61,348,647,11097,346,13189,708,24286,California
Nevada,2021-03-17,1012,38193,449,20944,553,16891,10,358,583,11264,426,13615,593,24879,California
Nevada,2021-03-18,969,39162,525,21469,421,17312,23,381,475,11272,490,14105,498,25377,California
Nevada,2021-03-19,750,39912,437,21906,281,17593,32,413,351,11259,396,14501,383,25760,California
Nevada,2021-03-20,822,40734,93,21999,306,17899,423,836,235,11333,581,15082,655,26415,California
Nevada,2021-03-21,57,40791,31,22030,25,17924,1,837,39,11356,17,15099,40,26455,California
Nevada,2021-03-22,798,41589,514,22544,279,18203,5,842,540,11645,256,15355,545,27000,California
Nevada,2021-03-23,848,42437,381,22925,441,18644,26,868,639,12104,206,15561,665,27665,California
Nevada,2021-03-24,1015,43452,538,23463,470,19114,7,875,648,12396,363,15924,655,28320,California
Nevada,2021-03-25,889,44341,448,23911,416,19530,25,900,488,12508,400,16324,512,28832,California
Nevada,2021-03-26,1140,45481,433,24344,670,20200,37,937,829,13065,308,16632,865,29697,California
Nevada,2021-03-27,559,46040,70,24414,473,20673,16,953,378,13278,181,16813,394,30091,California
Nevada,2021-03-28,174,46214,50,24464,111,20784,13,966,39,13197,133,16946,52,30143,California
Nevada,2021-03-29,819,47033,501,24965,296,21080,22,988,392,13186,424,17370,413,30556,California
Nevada,2021-03-30,1038,48071,470,25435,534,21614,34,1022,538,13266,492,17862,572,31128,California
Nevada,2021-03-31,1173,49244,663,26098,493,22107,17,1039,700,13518,464,18326,716,31844,California
Nevada,2021-04-01,1226,50470,718,26816,455,22562,53,1092,547,13443,675,19001,600,32444,California
Nevada,2021-04-02,1277,51747,653,27469,588,23150,36,1128,761,13727,513,19514,797,33241,California
Nevada,2021-04-03,284,52031,86,27555,160,23310,38,1166,79,13640,204,19718,117,33358,California
Nevada,2021-04-04,128,52159,42,27597,79,23389,7,1173,78,13675,50,19768,85,33443,California
Nevada,2021-04-05,936,53095,614,28211,303,23692,19,1192,626,14013,307,20075,645,34088,California
Nevada,2021-04-06,1066,54161,661,28872,262,23954,143,1335,469,14034,591,20666,612,34700,California
Nevada,2021-04-07,1135,55296,811,29683,242,24196,82,1417,602,14190,527,21193,683,35383,California
Nevada,2021-04-08,1271,56567,891,30574,297,24493,83,1500,706,14417,562,21755,789,36172,California
Nevada,2021-04-09,1235,57802,845,31419,321,24814,69,1569,840,14931,395,22150,909,37081,California
Nevada,2021-04-10,260,58062,80,31499,104,24918,76,1645,114,14976,145,22295,190,37271,California
Nevada,2021-04-11,99,58161,31,31530,64,24982,4,1649,39,14959,60,22355,43,37314,California
Nevada,2021-04-12,734,58895,537,32067,180,25162,17,1666,312,14869,419,22774,329,37643,California
Nevada,2021-04-13,875,59770,349,32416,526,25688,0,1666,468,14932,405,23179,468,38111,California
Nevada,2021-04-14,1043,60813,562,32978,481,26169,0,1666,538,14973,497,23676,538,38649,California
Nevada,2021-04-15,1057,61870,703,33681,354,26523,0,1666,615,15156,432,24108,615,39264,California
Nevada,2021-04-16,897,62767,696,34377,201,26724,0,1666,531,15322,365,24473,531,39795,California
Nevada,2021-04-17,191,62958,49,34426,142,26866,0,1666,84,15299,107,24580,84,39879,California
Nevada,2021-04-18,180,63138,17,34443,163,27029,0,1666,100,15319,80,24660,100,39979,California
Nevada,2021-04-19,750,63888,481,34924,269,27298,0,1666,304,15185,438,25098,304,40283,California
Nevada,2021-04-20,798,64686,307,35231,491,27789,0,1666,301,14994,492,25590,301,40584,California
Nevada,2021-04-21,897,65583,493,35724,404,28193,0,1666,265,14635,624,26214,265,40849,California
Nevada,2021-04-22,968,66551,597,36321,371,28564,0,1666,323,14320,638,26852,323,41172,California
Nevada,2021-04-23,914,67465,393,36714,521,29085,0,1666,331,14075,576,27428,331,41503,California
Nevada,2021-04-24,368,67833,12,36726,356,29441,0,1666,64,13835,304,27732,64,41567,California
Orange,2020-12-15,16,16,16,16,0,0,0,0,16,16,0,0,16,16,California
Orange,2020-12-16,365,381,365,381,0,0,0,0,365,381,0,0,365,381,California
Orange,2020-12-17,3724,4105,3724,4105,0,0,0,0,3723,4104,0,0,3723,4104,California
Orange,2020-12-18,5047,9152,5040,9145,7,7,0,0,5046,9150,0,0,5046,9150,California
Orange,2020-12-19,2230,11382,2223,11368,7,14,0,0,2229,11379,0,0,2229,11379,California
Orange,2020-12-20,1983,13365,1981,13349,2,16,0,0,1984,13363,0,0,1984,13363,California
Orange,2020-12-21,4246,17611,4240,17589,6,22,0,0,4246,17609,0,0,4246,17609,California
Orange,2020-12-22,3979,21590,3946,21535,33,55,0,0,3979,21588,0,0,3979,21588,California
Orange,2020-12-23,3562,25152,3200,24735,362,417,0,0,3564,25152,0,0,3564,25152,California
Orange,2020-12-24,1376,26528,1079,25814,297,714,0,0,1376,26528,0,0,1376,26528,California
Orange,2020-12-25,17,26545,12,25826,5,719,0,0,17,26545,0,0,17,26545,California
Orange,2020-12-26,1020,27565,422,26248,598,1317,0,0,1020,27565,0,0,1020,27565,California
Orange,2020-12-27,582,28147,275,26523,307,1624,0,0,582,28147,0,0,582,28147,California
Orange,2020-12-28,3535,31682,2564,29087,971,2595,0,0,3535,31682,0,0,3535,31682,California
Orange,2020-12-29,3566,35248,2562,31649,1004,3599,0,0,3565,35246,1,1,3565,35247,California
Orange,2020-12-30,5122,40370,3556,35205,1566,5165,0,0,5122,40368,0,1,5122,40369,California
Orange,2020-12-31,1457,41827,759,35964,698,5863,0,0,1457,41825,0,1,1457,41826,California
Orange,2021-01-01,485,42312,261,36225,224,6087,0,0,484,42308,1,2,484,42310,California
Orange,2021-01-02,1403,43715,894,37119,509,6596,0,0,1403,43711,0,2,1403,43713,California
Orange,2021-01-03,573,44288,315,37434,258,6854,0,0,573,44284,0,2,573,44286,California
Orange,2021-01-04,2723,47011,1555,38989,1168,8022,0,0,2724,47007,1,3,2724,47010,California
Orange,2021-01-05,3507,50518,2285,41274,1222,9244,0,0,3100,49707,403,406,3103,50113,California
Orange,2021-01-06,4977,55495,3459,44733,1518,10762,0,0,3609,51960,1356,1762,3609,53722,California
Orange,2021-01-07,9243,64738,5157,49890,4086,14848,0,0,5675,54084,3555,5317,5679,59401,California
Orange,2021-01-08,9389,74127,5249,55139,4140,18988,0,0,5637,55981,3742,9059,5639,65040,California
Orange,2021-01-09,4988,79115,1733,56872,3255,22243,0,0,3709,58411,1279,10338,3709,68749,California
Orange,2021-01-10,4231,83346,1041,57913,3190,25433,0,0,3351,60887,879,11217,3355,72104,California
Orange,2021-01-11,9429,92775,4895,62808,4534,29967,0,0,5812,63080,3620,14837,5813,77917,California
Orange,2021-01-12,8802,101577,4718,67526,4084,34051,0,0,5338,64957,3462,18299,5339,83256,California
Orange,2021-01-13,10223,111800,4898,72424,5325,39376,0,0,7025,68795,3194,21493,7032,90288,California
Orange,2021-01-14,9951,121751,3768,76192,6183,45559,0,0,8362,75576,1587,23080,8368,98656,California
Orange,2021-01-15,10154,131905,2618,78810,7536,53095,0,0,9282,83983,880,23960,9287,107943,California
Orange,2021-01-16,8704,140609,2096,80906,6608,59703,0,0,8308,91900,396,24356,8313,116256,California
Orange,2021-01-17,8152,148761,1485,82391,6667,66370,0,0,8007,99771,145,24501,8016,124272,California
Orange,2021-01-18,9744,158505,4455,86846,5289,71659,0,0,7504,105034,2243,26744,7506,131778,California
Orange,2021-01-19,7481,165986,5413,92259,2068,73727,0,0,4853,107260,2628,29372,4854,136632,California
Orange,2021-01-20,8270,174256,5815,98074,2455,76182,0,0,5216,109428,3055,32427,5223,141855,California
Orange,2021-01-21,10846,185102,4813,102887,6033,82215,0,0,10053,118698,792,33219,10062,151917,California
Orange,2021-01-22,13583,198685,5079,107966,8504,90719,0,0,12749,130629,826,34045,12757,164674,California
Orange,2021-01-23,13114,211799,6173,114139,6941,97660,0,0,12143,141811,969,35014,12151,176825,California
Orange,2021-01-24,9808,221607,4287,118426,5521,103181,0,0,9491,150991,314,35328,9494,186319,California
Orange,2021-01-25,10415,232022,5846,124272,4569,107750,0,0,7706,155998,2704,38032,7711,194030,California
Orange,2021-01-26,11870,243892,7707,131979,4163,111913,0,0,9724,163583,2142,40174,9727,203757,California
Orange,2021-01-27,13400,257292,7989,139968,5411,117324,0,0,10721,171639,2668,42842,10724,214481,California
Orange,2021-01-28,13005,270297,7188,147156,5817,123141,0,0,11152,180959,1840,44682,11160,225641,California
Orange,2021-01-29,13578,283875,8400,155556,5178,128319,0,0,10702,188815,2863,47545,10719,236360,California
Orange,2021-01-30,12926,296801,4444,160000,8482,136801,0,0,12195,200296,717,48262,12198,248558,California
Orange,2021-01-31,13710,310511,4943,164943,8767,145568,0,0,13270,213136,435,48697,13275,261833,California
Orange,2021-02-01,14017,324528,5773,170716,8244,153812,0,0,12028,223198,1970,50667,12032,273865,California
Orange,2021-02-02,15401,339929,8359,179075,7042,160854,0,0,12661,233230,2632,53299,12664,286529,California
Orange,2021-02-03,16724,356653,12564,191639,4160,165014,0,0,13721,244031,2925,56224,13726,300255,California
Orange,2021-02-04,19800,376453,12941,204580,6859,171873,0,0,14725,253720,5044,61268,14733,314988,California
Orange,2021-02-05,20726,397179,12001,216581,8725,180598,0,0,14462,261958,6226,67494,14464,329452,California
Orange,2021-02-06,16311,413490,10781,227362,5530,186128,0,0,11061,268002,5235,72729,11279,340731,California
Orange,2021-02-07,11516,425006,8099,235461,3417,189545,0,0,7544,271759,3957,76686,7714,348445,California
Orange,2021-02-08,14814,439820,8468,243929,6346,195891,0,0,8820,274616,5964,82650,8821,357266,California
Orange,2021-02-09,17636,457456,12010,255939,5626,201517,0,0,10739,278534,6825,89475,10743,368009,California
Orange,2021-02-10,20883,478339,11168,267107,9715,211232,0,0,12669,283089,8121,97596,12676,380685,California
Orange,2021-02-11,21984,500323,11390,278497,10594,221826,0,0,12378,286005,9480,107076,12396,393081,California
Orange,2021-02-12,24734,525057,11885,290382,12849,234675,0,0,14620,290571,10059,117135,14625,407706,California
Orange,2021-02-13,22003,547060,11907,302289,10096,244771,0,0,11141,291694,10659,127794,11782,419488,California
Orange,2021-02-14,16182,563242,6566,308855,9616,254387,0,0,9549,294635,6609,134403,9550,429038,California
Orange,2021-02-15,17211,580453,7387,316242,9824,264211,0,0,8879,295234,8289,142692,8888,437926,California
Orange,2021-02-16,19896,600349,8971,325213,10925,275136,0,0,10701,296806,9153,151845,10725,448651,California
Orange,2021-02-17,17782,618131,9312,334525,8470,283606,0,0,9161,297419,8579,160424,9192,457843,California
Orange,2021-02-18,14870,633001,9829,344354,5041,288647,0,0,6788,296180,8035,168459,6796,464639,California
Orange,2021-02-19,17830,650831,10723,355077,7107,295754,0,0,6880,292165,10906,179365,6891,471530,California
Orange,2021-02-20,7392,658223,5567,360644,1825,297579,0,0,3746,292295,3626,182991,3756,475286,California
Orange,2021-02-21,4317,662540,3642,364286,675,298254,0,0,774,289559,3510,186501,774,476060,California
Orange,2021-02-22,9598,672138,7837,372123,1761,300015,0,0,3881,287761,5693,192194,3895,479955,California
Orange,2021-02-23,13232,685370,7225,379348,6007,306022,0,0,3482,281557,9696,201890,3492,483447,California
Orange,2021-02-24,21085,706455,12779,392127,8306,314328,0,0,5355,271261,15670,217560,5374,488821,California
Orange,2021-02-25,22565,729020,12225,404352,10340,324668,0,0,7962,264704,14535,232095,7978,496799,California
Orange,2021-02-26,27651,756671,14005,418357,13646,338314,0,0,11137,259461,16404,248499,11161,507960,California
Orange,2021-02-27,24927,781598,10055,428412,14870,353184,2,2,7241,249135,17584,266083,7258,515218,California
Orange,2021-02-28,18988,800586,7343,435755,11645,364829,0,2,4794,239854,14092,280175,4811,520029,California
Orange,2021-03-01,18293,818879,8330,444085,9960,374789,3,5,7055,235755,11169,291344,7070,527099,California
Orange,2021-03-02,18710,837589,8839,452924,9870,384659,1,6,9141,235396,9529,300873,9170,536269,California
Orange,2021-03-03,20104,857693,9329,462253,10772,395431,3,9,10780,236943,9256,310129,10803,547072,California
Orange,2021-03-04,22187,879880,12785,475038,9389,404820,13,22,11496,237820,10657,320786,11534,558606,California
Orange,2021-03-05,20627,900507,10689,485727,9894,414714,44,66,12637,242608,7952,328738,12740,571346,California
Orange,2021-03-06,23826,924333,13079,498806,9885,424599,862,928,12604,244911,11190,339928,13493,584839,California
Orange,2021-03-07,14788,939121,8296,507102,6108,430707,384,1312,8630,247820,6126,346054,9035,593874,California
Orange,2021-03-08,16122,955243,7375,514477,7489,438196,1258,2570,10366,253754,5715,351769,11649,605523,California
Orange,2021-03-09,19643,974886,8544,523021,8671,446867,2428,4998,11264,259108,8342,360111,13696,619219,California
Orange,2021-03-10,23915,998801,11699,534720,9064,455931,3152,8150,12092,262580,11770,371881,15242,634461,California
Orange,2021-03-11,28808,1027609,15663,550383,9034,464965,4111,12261,13392,264749,15332,387213,17501,651962,California
Orange,2021-03-12,29119,1056728,14191,564574,11108,476073,3820,16081,14631,268812,14412,401625,18475,670437,California
Orange,2021-03-13,27647,1084375,10118,574692,13613,489686,3916,19997,13993,273118,13603,415228,17909,688346,California
Orange,2021-03-14,18757,1103132,8127,582819,8118,497804,2512,22509,11844,280585,6884,422112,14351,702697,California
Orange,2021-03-15,22912,1126044,10076,592895,12081,509885,755,23264,14312,287109,8538,430650,15062,717759,California
Orange,2021-03-16,26230,1152274,11075,603970,14935,524820,220,23484,17074,295328,9083,439733,17302,735061,California
Orange,2021-03-17,27098,1179372,13498,617468,13128,537948,472,23956,19376,307514,7661,447394,19847,754908,California
Orange,2021-03-18,27562,1206934,13841,631309,13450,551398,271,24227,21508,323301,5995,453389,21782,776690,California
Orange,2021-03-19,33217,1240151,18231,649540,14557,565955,429,24656,24787,340198,8329,461718,25226,801916,California
Orange,2021-03-20,25646,1265797,13467,663007,11975,577930,204,24860,21966,358745,3622,465340,22169,824085,California
Orange,2021-03-21,18336,1284133,10642,673649,6967,584897,727,25587,15602,372363,2711,468051,16329,840414,California
Orange,2021-03-22,22599,1306732,11672,685321,10608,595505,319,25906,19144,388448,3385,471436,19470,859884,California
Orange,2021-03-23,25816,1332548,13383,698704,11803,607308,630,26536,20778,404886,4972,476408,21410,881294,California
Orange,2021-03-24,28833,1361381,16084,714788,11869,619177,880,27416,21897,420796,6866,483274,22776,904070,California
Orange,2021-03-25,32054,1393435,17066,731854,14325,633502,663,28079,24140,437757,7841,491115,24802,928872,California
Orange,2021-03-26,34578,1428013,17942,749796,15789,649291,847,28926,24941,453997,9545,500660,25785,954657,California
Orange,2021-03-27,28250,1456263,13504,763300,14432,663723,314,29240,19752,465643,8422,509082,20068,974725,California
Orange,2021-03-28,24648,1480911,12749,776049,11832,675555,67,29307,18600,478325,5989,515071,18671,993396,California
Orange,2021-03-29,26311,1507222,12023,788072,13739,689294,549,29856,17913,488459,8329,523400,18463,1011859,California
Orange,2021-03-30,30380,1537602,13761,801833,16236,705530,383,30239,21276,501073,9046,532446,21660,1033519,California
Orange,2021-03-31,36710,1574312,19268,821101,16852,722382,590,30829,24098,513238,12528,544974,24693,1058212,California
Orange,2021-04-01,39633,1613945,20898,841999,17200,739582,1535,32364,25960,527131,13599,558573,27492,1085704,California
Orange,2021-04-02,39425,1653370,19910,861909,17862,757444,1653,34017,22467,534386,16872,575445,24127,1109831,California
Orange,2021-04-03,29545,1682915,15409,877318,12529,769973,1607,35624,14067,534647,15414,590859,15675,1125506,California
Orange,2021-04-04,18183,1701098,10613,887931,6884,776857,686,36310,8153,533495,9990,600849,8838,1134344,California
Orange,2021-04-05,29246,1730344,13874,901805,12149,789006,3223,39533,13788,535098,15402,616251,17005,1151349,California
Orange,2021-04-06,33011,1763355,15491,917296,14215,803221,3305,42838,14337,534137,18593,634844,17632,1168981,California
Orange,2021-04-07,35604,1798959,19944,937240,11232,814453,4428,47266,15742,534498,19792,654636,20153,1189134,California
Orange,2021-04-08,38100,1837059,21172,958412,11607,826060,5321,52587,18599,538985,19413,674049,23900,1213034,California
Orange,2021-04-09,40035,1877094,23294,981706,11713,837773,5028,57615,17672,539390,22282,696331,22687,1235721,California
Orange,2021-04-10,33692,1910786,17789,999495,11785,849558,4118,61733,13964,537806,19653,715984,18069,1253790,California
Orange,2021-04-11,25270,1936056,14233,1013728,7827,857385,3210,64943,9693,535164,15536,731520,12894,1266684,California
Orange,2021-04-12,30062,1966118,15262,1028990,11352,868737,3448,68391,11844,532271,18171,749691,15278,1281962,California
Orange,2021-04-13,32088,1998206,18023,1047013,14003,882740,62,68453,15013,530331,17013,766704,15073,1297035,California
Orange,2021-04-14,33662,2031868,19507,1066520,14125,896865,30,68483,14667,526110,18920,785624,14699,1311734,California
Orange,2021-04-15,39089,2070957,23695,1090215,15383,912248,11,68494,18097,523312,20908,806532,18110,1329844,California
Orange,2021-04-16,40470,2111427,23625,1113840,16820,929068,25,68519,18243,519442,22144,828676,18274,1348118,California
Orange,2021-04-17,29448,2140875,17134,1130974,12311,941379,3,68522,12690,515451,16688,845364,12697,1360815,California
Orange,2021-04-18,21194,2162069,12771,1143745,8422,949801,1,68523,8371,511047,12779,858143,8375,1369190,California
Orange,2021-04-19,31934,2194003,17453,1161198,14479,964280,2,68525,14703,508595,17160,875303,14708,1383898,California
Orange,2021-04-20,34748,2228751,18013,1179211,16733,981013,2,68527,17356,508628,17324,892627,17357,1401255,California
Orange,2021-04-21,39603,2268354,22622,1201833,16971,997984,10,68537,18493,506104,21027,913654,18503,1419758,California
Orange,2021-04-22,37623,2305977,19959,1221792,17659,1015643,5,68542,15477,499553,22042,935696,15491,1435249,California
Orange,2021-04-23,34416,2340393,17932,1239724,16480,1032123,4,68546,14828,494884,19504,955200,14835,1450084,California
Orange,2021-04-24,18584,2358977,9516,1249240,9047,1041170,21,68567,7619,491597,10929,966129,7642,1457726,California
Placer,2020-12-15,29,29,29,29,0,0,0,0,29,29,0,0,29,29,California
Placer,2020-12-16,54,83,54,83,0,0,0,0,54,83,0,0,54,83,California
Placer,2020-12-17,139,222,139,222,0,0,0,0,139,222,0,0,139,222,California
Placer,2020-12-18,331,553,331,553,0,0,0,0,331,553,0,0,331,553,California
Placer,2020-12-19,251,804,251,804,0,0,0,0,251,804,0,0,251,804,California
Placer,2020-12-20,234,1038,234,1038,0,0,0,0,234,1038,0,0,234,1038,California
Placer,2020-12-21,492,1530,491,1529,1,1,0,0,492,1530,0,0,492,1530,California
Placer,2020-12-22,676,2206,669,2198,7,8,0,0,676,2206,0,0,676,2206,California
Placer,2020-12-23,743,2949,658,2856,85,93,0,0,743,2949,0,0,743,2949,California
Placer,2020-12-24,398,3347,346,3202,52,145,0,0,398,3347,0,0,398,3347,California
Placer,2020-12-26,158,3505,113,3315,45,190,0,0,158,3505,0,0,158,3505,California
Placer,2020-12-27,186,3691,163,3478,23,213,0,0,186,3691,0,0,186,3691,California
Placer,2020-12-28,664,4355,537,4015,127,340,0,0,664,4355,0,0,664,4355,California
Placer,2020-12-29,761,5116,513,4528,248,588,0,0,761,5116,0,0,761,5116,California
Placer,2020-12-30,730,5846,454,4982,276,864,0,0,728,5844,0,0,728,5844,California
Placer,2020-12-31,528,6374,343,5325,185,1049,0,0,528,6372,0,0,528,6372,California
Placer,2021-01-01,15,6389,11,5336,4,1053,0,0,15,6387,0,0,15,6387,California
Placer,2021-01-02,184,6573,152,5488,32,1085,0,0,184,6571,0,0,184,6571,California
Placer,2021-01-03,154,6727,79,5567,75,1160,0,0,154,6725,0,0,154,6725,California
Placer,2021-01-04,618,7345,179,5746,439,1599,0,0,618,7343,0,0,618,7343,California
Placer,2021-01-05,724,8069,159,5905,565,2164,0,0,641,7903,82,82,642,7985,California
Placer,2021-01-06,760,8829,244,6149,516,2680,0,0,618,8379,142,224,618,8603,California
Placer,2021-01-07,982,9811,366,6515,616,3296,0,0,777,8951,205,429,777,9380,California
Placer,2021-01-08,1182,10993,529,7044,653,3949,0,0,855,9482,324,753,855,10235,California
Placer,2021-01-09,449,11442,321,7365,128,4077,0,0,233,9500,215,968,233,10468,California
Placer,2021-01-10,329,11771,186,7551,143,4220,0,0,164,9499,165,1133,164,10632,California
Placer,2021-01-11,1426,13197,808,8359,618,4838,0,0,837,9748,589,1722,838,11470,California
Placer,2021-01-12,1645,14842,874,9233,771,5609,0,0,1043,10189,602,2324,1043,12513,California
Placer,2021-01-13,1626,16468,818,10051,808,6417,0,0,1206,10979,418,2742,1208,13721,California
Placer,2021-01-14,1756,18224,652,10703,1104,7521,0,0,1401,12029,352,3094,1402,15123,California
Placer,2021-01-15,1907,20131,723,11426,1184,8705,0,0,1556,13236,350,3444,1557,16680,California
Placer,2021-01-16,1471,21602,719,12145,752,9457,0,0,1350,14466,121,3565,1351,18031,California
Placer,2021-01-17,563,22165,397,12542,166,9623,0,0,431,14765,132,3697,431,18462,California
Placer,2021-01-18,977,23142,540,13082,437,10060,0,0,747,15283,230,3927,748,19210,California
Placer,2021-01-19,2571,25713,1947,15029,624,10684,0,0,2120,16952,451,4378,2120,21330,California
Placer,2021-01-20,2244,27957,1694,16723,550,11234,0,0,1916,18541,328,4706,1917,23247,California
Placer,2021-01-21,2539,30496,1113,17836,1426,12660,0,0,2145,20294,393,5099,2146,25393,California
Placer,2021-01-22,2293,32789,591,18427,1702,14362,0,0,2120,22244,171,5270,2121,27514,California
Placer,2021-01-23,1189,33978,380,18807,809,15171,0,0,1034,23123,155,5425,1034,28548,California
Placer,2021-01-24,507,34485,264,19071,243,15414,0,0,431,23479,76,5501,432,28980,California
Placer,2021-01-25,1669,36154,801,19872,868,16282,0,0,1382,24575,287,5788,1383,30363,California
Placer,2021-01-26,1847,38001,1026,20898,821,17103,0,0,1583,25894,264,6052,1583,31946,California
Placer,2021-01-27,1840,39841,1154,22052,686,17789,0,0,1597,27251,241,6293,1598,33544,California
Placer,2021-01-28,1797,41638,1111,23163,686,18475,0,0,1550,28556,245,6538,1550,35094,California
Placer,2021-01-29,1886,43524,1171,24334,715,19190,0,0,1694,30061,191,6729,1696,36790,California
Placer,2021-01-30,1723,45247,970,25304,753,19943,0,0,1604,31547,118,6847,1604,38394,California
Placer,2021-01-31,780,46027,624,25928,156,20099,0,0,712,32192,68,6915,713,39107,California
Placer,2021-02-01,2068,48095,1088,27016,980,21079,0,0,1754,33632,314,7229,1754,40861,California
Placer,2021-02-02,2367,50462,1535,28551,832,21911,0,0,1882,35032,482,7711,1882,42743,California
Placer,2021-02-03,2912,53374,1872,30423,1040,22951,0,0,2291,36706,617,8328,2291,45034,California
Placer,2021-02-04,2756,56130,1186,31609,1570,24521,0,0,1934,37822,819,9147,1935,46969,California
Placer,2021-02-05,2725,58855,1201,32810,1524,26045,0,0,1399,37900,1321,10468,1399,48368,California
Placer,2021-02-06,1944,60799,1307,34117,637,26682,0,0,1395,38746,549,11017,1395,49763,California
Placer,2021-02-07,1218,62017,908,35025,310,26992,0,0,937,39403,280,11297,937,50700,California
Placer,2021-02-08,3299,65316,1767,36792,1532,28524,0,0,1975,40063,1316,12613,1976,52676,California
Placer,2021-02-09,3539,68855,2167,38959,1372,29896,0,0,1635,39796,1902,14515,1635,54311,California
Placer,2021-02-10,3745,72600,2190,41149,1555,31451,0,0,1745,39546,1997,16512,1747,56058,California
Placer,2021-02-11,3612,76212,1892,43041,1720,33171,0,0,1569,39081,2035,18547,1570,57628,California
Placer,2021-02-12,2749,78961,1317,44358,1432,34603,0,0,1653,39656,1079,19626,1654,59282,California
Placer,2021-02-13,2533,81494,1484,45842,1049,35652,0,0,1882,40887,651,20277,1882,61164,California
Placer,2021-02-14,1075,82569,674,46516,401,36053,0,0,735,41285,337,20614,735,61899,California
Placer,2021-02-15,2180,84749,1043,47559,1137,37190,0,0,1520,42145,661,21275,1521,63420,California
Placer,2021-02-16,3537,88286,1778,49337,1759,38949,0,0,1579,41776,1949,23224,1580,65000,California
Placer,2021-02-17,3536,91822,1961,51298,1575,40524,0,0,1506,41256,2026,25250,1506,66506,California
Placer,2021-02-18,3702,95524,1999,53297,1703,42227,0,0,1578,40720,2115,27365,1579,68085,California
Placer,2021-02-19,3565,99089,1910,55207,1655,43882,0,0,1318,39796,2243,29608,1319,69404,California
Placer,2021-02-20,1970,101059,1230,56437,740,44622,0,0,886,39607,1078,30686,889,70293,California
Placer,2021-02-21,970,102029,728,57165,242,44864,0,0,278,39197,689,31375,279,70572,California
Placer,2021-02-22,2513,104542,1768,58933,745,45609,0,0,601,37887,1911,33286,601,71173,California
Placer,2021-02-23,2531,107073,1564,60497,967,46576,0,0,876,37109,1654,34940,876,72049,California
Placer,2021-02-24,3257,110330,1173,61670,2084,48660,0,0,1778,37420,1469,36409,1780,73829,California
Placer,2021-02-25,3473,113803,1423,63093,2050,50710,0,0,1839,37633,1627,38036,1840,75669,California
Placer,2021-02-26,4089,117892,2372,65465,1717,52427,0,0,2349,38246,1736,39772,2349,78018,California
Placer,2021-02-27,2813,120705,1492,66957,1321,53748,0,0,1449,38340,1358,41130,1452,79470,California
Placer,2021-02-28,1389,122094,790,67747,599,54347,0,0,580,38117,803,41933,580,80050,California
Placer,2021-03-01,2984,125078,1985,69732,999,55346,0,0,1536,38210,1443,43376,1536,81586,California
Placer,2021-03-02,2865,127943,1760,71492,1105,56451,0,0,1876,39102,984,44360,1876,83462,California
Placer,2021-03-03,3291,131234,1400,72892,1891,58342,0,0,1794,39406,1491,45851,1795,85257,California
Placer,2021-03-04,3563,134797,1425,74317,2138,60480,0,0,1850,39556,1701,47552,1851,87108,California
Placer,2021-03-05,2989,137786,1024,75341,1943,62423,22,22,1792,40175,1195,48747,1814,88922,California
Placer,2021-03-06,2396,140182,1481,76822,819,63242,96,118,919,39720,1470,50217,1015,89937,California
Placer,2021-03-07,1294,141476,755,77577,501,63743,38,156,526,39519,765,50982,564,90501,California
Placer,2021-03-08,2908,144384,1827,79404,968,64711,113,269,1651,40027,1256,52238,1764,92265,California
Placer,2021-03-09,3160,147544,1678,81082,1392,66103,90,359,1809,40578,1348,53586,1899,94164,California
Placer,2021-03-10,3266,150810,1314,82396,1845,67948,107,466,1703,40830,1558,55144,1810,95974,California
Placer,2021-03-11,3541,154351,1587,83983,1830,69778,124,590,1702,40827,1831,56975,1828,97802,California
Placer,2021-03-12,3664,158015,1479,85462,1405,71183,780,1370,1248,40446,2410,59385,2029,99831,California
Placer,2021-03-13,2103,160118,737,86199,1248,72431,118,1488,1130,40725,970,60355,1249,101080,California
Placer,2021-03-14,1635,161753,672,86871,814,73245,149,1637,889,41018,745,61100,1038,102118,California
Placer,2021-03-15,3171,164924,1527,88398,1513,74758,131,1768,1759,41499,1410,62510,1891,104009,California
Placer,2021-03-16,3546,168470,1910,90308,1503,76261,133,1901,2277,42651,1259,63769,2411,106420,California
Placer,2021-03-17,3393,171863,1724,92032,1570,77831,99,2000,2198,43757,1193,64962,2299,108719,California
Placer,2021-03-18,3952,175815,2195,94227,1719,79550,38,2038,2816,45480,1130,66092,2853,111572,California
Placer,2021-03-19,3409,179224,2060,96287,1085,80635,264,2302,2174,46689,1228,67320,2437,114009,California
Placer,2021-03-20,2135,181359,896,97183,1142,81777,97,2399,1304,47262,827,68147,1400,115409,California
Placer,2021-03-21,1245,182604,571,97754,665,82442,9,2408,938,47905,304,68451,947,116356,California
Placer,2021-03-22,3261,185865,2096,99850,1078,83520,87,2495,2191,49118,1066,69517,2279,118635,California
Placer,2021-03-23,3516,189381,2090,101940,1335,84855,91,2586,2521,50741,990,70507,2613,121248,California
Placer,2021-03-24,3759,193140,1998,103938,1664,86519,97,2683,1955,51001,1792,72299,2052,123300,California
Placer,2021-03-25,3771,196911,1796,105734,1878,88397,97,2780,1725,50785,2037,74336,1821,125121,California
Placer,2021-03-26,3743,200654,1654,107388,1857,90254,232,3012,1584,50452,2149,76485,1816,126937,California
Placer,2021-03-27,1592,202246,469,107857,1103,91357,20,3032,648,50183,937,77422,668,127605,California
Placer,2021-03-28,1095,203341,526,108383,559,91916,10,3042,368,49839,722,78144,378,127983,California
Placer,2021-03-29,3546,206887,1982,110365,1530,93446,34,3076,1720,49778,1816,79960,1755,129738,California
Placer,2021-03-30,3982,210869,2111,112476,1827,95273,44,3120,2105,50062,1864,81824,2148,131886,California
Placer,2021-03-31,4057,214926,1829,114305,2154,97427,74,3194,1687,49459,2363,84187,1760,133646,California
Placer,2021-04-01,2862,217788,1366,115671,1451,98878,45,3239,1594,49832,1266,85453,1639,135285,California
Placer,2021-04-02,2781,220569,1438,117109,1279,100157,64,3303,1552,50226,1221,86674,1615,136900,California
Placer,2021-04-03,1854,222423,983,118092,741,100898,130,3433,891,50290,956,87630,1020,137920,California
Placer,2021-04-04,706,223129,360,118452,293,101191,53,3486,284,50207,420,88050,337,138257,California
Placer,2021-04-05,2988,226117,1892,120344,914,102105,182,3668,1744,50893,1240,89290,1926,140183,California
Placer,2021-04-06,4263,230380,2466,122810,1499,103604,298,3966,1520,49973,2738,92028,1818,142001,California
Placer,2021-04-07,4484,234864,2563,125373,1461,105065,460,4426,2049,50051,2429,94457,2507,144508,California
Placer,2021-04-08,4666,239530,2590,127963,1532,106597,544,4970,1571,49083,3083,97540,2115,146623,California
Placer,2021-04-09,4054,243584,2238,130201,1203,107800,613,5583,1205,48061,2842,100382,1820,148443,California
Placer,2021-04-10,1976,245560,854,131055,943,108743,179,5762,845,47956,1128,101510,1023,149466,California
Placer,2021-04-11,1311,246871,500,131555,778,109521,33,5795,425,47531,882,102392,457,149923,California
Placer,2021-04-12,4101,250972,2652,134207,1069,110590,380,6175,2469,48756,1623,104015,2848,152771,California
Placer,2021-04-13,4332,255304,2985,137192,1346,111936,1,6176,2188,48805,2140,106155,2189,154960,California
Placer,2021-04-14,4054,259358,2506,139698,1547,113483,1,6177,1794,48348,2251,108406,1794,156754,California
Placer,2021-04-15,4379,263737,2422,142120,1956,115439,1,6178,2276,48530,2095,110501,2277,159031,California
Placer,2021-04-16,3646,267383,2168,144288,1478,116917,0,6178,1424,47738,2216,112717,1424,160455,California
Placer,2021-04-17,2320,269703,781,145069,1539,118456,0,6178,1442,48305,875,113592,1442,161897,California
Placer,2021-04-18,1145,270848,223,145292,922,119378,0,6178,398,47959,744,114336,398,162295,California
Placer,2021-04-19,2866,273714,1752,147044,1114,120492,0,6178,1137,47371,1726,116062,1138,163433,California
Placer,2021-04-20,3747,277461,2420,149464,1327,121819,0,6178,2382,48396,1357,117419,2382,165815,California
Placer,2021-04-21,3597,281058,2361,151825,1235,123054,1,6179,2344,49493,1248,118667,2345,168160,California
Placer,2021-04-22,3478,284536,2122,153947,1356,124410,0,6179,1696,49412,1779,120446,1698,169858,California
Placer,2021-04-23,1970,286506,1086,155033,883,125293,1,6180,1032,49508,937,121383,1033,170891,California
Placer,2021-04-24,587,287093,257,155290,330,125623,0,6180,274,49472,310,121693,274,171165,California
Plumas,2020-12-18,4,4,4,4,0,0,0,0,4,4,0,0,4,4,California
Plumas,2020-12-19,1,5,1,5,0,0,0,0,1,5,0,0,1,5,California
Plumas,2020-12-21,45,50,45,50,0,0,0,0,45,50,0,0,45,50,California
Plumas,2020-12-22,92,142,92,142,0,0,0,0,92,142,0,0,92,142,California
Plumas,2020-12-23,50,192,50,192,0,0,0,0,50,192,0,0,50,192,California
Plumas,2020-12-24,6,198,6,198,0,0,0,0,6,198,0,0,6,198,California
Plumas,2020-12-28,8,206,0,198,8,8,0,0,8,206,0,0,8,206,California
Plumas,2020-12-29,32,238,22,220,10,18,0,0,32,238,0,0,32,238,California
Plumas,2020-12-30,22,260,1,221,21,39,0,0,22,260,0,0,22,260,California
Plumas,2020-12-31,4,264,1,222,3,42,0,0,4,264,0,0,4,264,California
Plumas,2021-01-04,10,274,4,226,6,48,0,0,10,274,0,0,10,274,California
Plumas,2021-01-05,22,296,2,228,20,68,0,0,22,296,0,0,22,296,California
Plumas,2021-01-06,124,420,5,233,119,187,0,0,124,420,0,0,124,420,California
Plumas,2021-01-07,53,473,2,235,51,238,0,0,52,471,1,1,52,472,California
Plumas,2021-01-08,12,485,5,240,7,245,0,0,8,475,4,5,8,480,California
Plumas,2021-01-09,2,487,2,242,0,245,0,0,1,475,1,6,1,481,California
Plumas,2021-01-11,59,546,50,292,9,254,0,0,12,440,47,53,12,493,California
Plumas,2021-01-12,155,701,86,378,69,323,0,0,71,427,84,137,71,564,California
Plumas,2021-01-13,56,757,50,428,6,329,0,0,10,391,46,183,10,574,California
Plumas,2021-01-14,96,853,14,442,82,411,0,0,91,477,5,188,91,665,California
Plumas,2021-01-15,62,915,7,449,55,466,0,0,60,535,2,190,60,725,California
Plumas,2021-01-16,58,973,1,450,57,523,0,0,58,593,0,190,58,783,California
Plumas,2021-01-18,2,975,1,451,1,524,0,0,2,595,0,190,2,785,California
Plumas,2021-01-19,36,1011,5,456,31,555,0,0,32,623,4,194,32,817,California
Plumas,2021-01-20,121,1132,3,459,118,673,0,0,119,740,2,196,119,936,California
Plumas,2021-01-21,113,1245,2,461,111,784,0,0,113,853,0,196,113,1049,California
Plumas,2021-01-22,4,1249,0,461,4,788,0,0,4,857,0,196,4,1053,California
Plumas,2021-01-23,92,1341,1,462,91,879,0,0,92,949,0,196,92,1145,California
Plumas,2021-01-24,1,1342,1,463,0,879,0,0,1,950,0,196,1,1146,California
Plumas,2021-01-25,10,1352,7,470,3,882,0,0,7,954,3,199,7,1153,California
Plumas,2021-01-26,60,1412,2,472,58,940,0,0,52,998,8,207,52,1205,California
Plumas,2021-01-27,25,1437,20,492,5,945,0,0,5,983,20,227,5,1210,California
Plumas,2021-01-28,23,1460,0,492,23,968,0,0,21,1002,2,229,21,1231,California
Plumas,2021-01-29,8,1468,2,494,6,974,0,0,7,1008,1,230,7,1238,California
Plumas,2021-01-30,8,1476,4,498,4,978,0,0,7,1014,1,231,7,1245,California
Plumas,2021-01-31,3,1479,3,501,0,978,0,0,3,1017,0,231,3,1248,California
Plumas,2021-02-01,15,1494,2,503,13,991,0,0,7,1016,8,239,7,1255,California
Plumas,2021-02-02,20,1514,1,504,19,1010,0,0,1,998,19,258,1,1256,California
Plumas,2021-02-03,128,1642,8,512,120,1130,0,0,13,897,114,372,13,1269,California
Plumas,2021-02-04,101,1743,8,520,93,1223,0,0,23,842,78,450,23,1292,California
Plumas,2021-02-05,24,1767,11,531,13,1236,0,0,9,836,15,465,9,1301,California
Plumas,2021-02-06,7,1774,0,531,7,1243,0,0,7,843,0,465,7,1308,California
Plumas,2021-02-08,16,1790,7,538,9,1252,0,0,4,835,12,477,4,1312,California
Plumas,2021-02-09,171,1961,1,539,170,1422,0,0,111,886,60,537,111,1423,California
Plumas,2021-02-10,89,2050,9,548,80,1502,0,0,80,958,9,546,81,1504,California
Plumas,2021-02-11,322,2372,7,555,315,1817,0,0,263,1162,59,605,263,1767,California
Plumas,2021-02-12,122,2494,3,558,119,1936,0,0,118,1276,4,609,118,1885,California
Plumas,2021-02-13,73,2567,4,562,69,2005,0,0,14,1231,59,668,14,1899,California
Plumas,2021-02-14,8,2575,5,567,3,2008,0,0,8,1239,0,668,8,1907,California
Plumas,2021-02-15,28,2603,5,572,23,2031,0,0,25,1261,3,671,25,1932,California
Plumas,2021-02-16,76,2679,4,576,72,2103,0,0,14,1213,62,733,14,1946,California
Plumas,2021-02-17,136,2815,5,581,131,2234,0,0,12,1101,124,857,12,1958,California
Plumas,2021-02-18,128,2943,6,587,122,2356,0,0,19,1011,109,966,19,1977,California
Plumas,2021-02-19,41,2984,4,591,37,2393,0,0,6,982,35,1001,6,1983,California
Plumas,2021-02-20,103,3087,6,597,97,2490,0,0,11,901,92,1093,11,1994,California
Plumas,2021-02-21,6,3093,5,602,1,2491,0,0,2,899,4,1097,2,1996,California
Plumas,2021-02-22,3,3096,1,603,2,2493,0,0,0,896,3,1100,0,1996,California
Plumas,2021-02-23,24,3120,4,607,20,2513,0,0,16,904,8,1108,16,2012,California
Plumas,2021-02-24,456,3576,6,613,450,2963,0,0,443,1334,13,1121,443,2455,California
Plumas,2021-02-25,231,3807,9,622,222,3185,0,0,171,1445,60,1181,171,2626,California
Plumas,2021-02-26,264,4071,8,630,256,3441,0,0,256,1694,8,1189,257,2883,California
Plumas,2021-02-27,41,4112,4,634,37,3478,0,0,34,1721,7,1196,34,2917,California
Plumas,2021-02-28,1,4113,0,634,1,3479,0,0,1,1722,0,1196,1,2918,California
Plumas,2021-03-01,12,4125,3,637,9,3488,0,0,7,1725,4,1200,7,2925,California
Plumas,2021-03-02,8,4133,0,637,8,3496,0,0,6,1729,2,1202,6,2931,California
Plumas,2021-03-03,152,4285,10,647,142,3638,0,0,136,1849,16,1218,136,3067,California
Plumas,2021-03-04,250,4535,9,656,241,3879,0,0,229,2057,21,1239,229,3296,California
Plumas,2021-03-05,397,4932,6,662,386,4265,5,5,386,2437,11,1250,391,3687,California
Plumas,2021-03-06,17,4949,2,664,7,4272,8,13,3,2434,14,1264,11,3698,California
Plumas,2021-03-07,13,4962,2,666,2,4274,9,22,3,2436,10,1274,12,3710,California
Plumas,2021-03-08,29,4991,3,669,2,4276,24,46,3,2437,26,1300,27,3737,California
Plumas,2021-03-09,132,5123,1,670,116,4392,15,61,18,2356,114,1414,33,3770,California
Plumas,2021-03-10,255,5378,3,673,238,4630,14,75,108,2332,146,1560,122,3892,California
Plumas,2021-03-11,181,5559,8,681,168,4798,5,80,146,2448,35,1595,151,4043,California
Plumas,2021-03-12,595,6154,3,684,304,5102,288,368,23,2187,572,2167,311,4354,California
Plumas,2021-03-13,25,6179,4,688,10,5112,11,379,5,2183,20,2187,16,4370,California
Plumas,2021-03-14,12,6191,3,691,4,5116,5,384,1,2179,10,2197,6,4376,California
Plumas,2021-03-15,34,6225,1,692,26,5142,7,391,7,2166,27,2224,14,4390,California
Plumas,2021-03-16,59,6284,2,694,56,5198,1,392,49,2206,10,2234,50,4440,California
Plumas,2021-03-17,74,6358,10,704,63,5261,1,393,59,2252,14,2248,60,4500,California
Plumas,2021-03-18,57,6415,6,710,34,5295,17,410,8,2228,49,2297,25,4525,California
Plumas,2021-03-19,164,6579,6,716,156,5451,2,412,155,2379,7,2304,158,4683,California
Plumas,2021-03-20,693,7272,4,720,688,6139,1,413,672,3033,19,2323,673,5356,California
Plumas,2021-03-21,2,7274,1,721,1,6140,0,413,1,3034,0,2323,1,5357,California
Plumas,2021-03-22,182,7456,2,723,180,6320,0,413,175,3202,7,2330,175,5532,California
Plumas,2021-03-23,27,7483,2,725,25,6345,0,413,13,3201,14,2344,13,5545,California
Plumas,2021-03-24,650,8133,7,732,642,6987,1,414,220,2993,429,2773,221,5766,California
Plumas,2021-03-25,291,8424,5,737,284,7271,2,416,151,3004,140,2913,151,5917,California
Plumas,2021-03-26,307,8731,7,744,300,7571,0,416,45,2788,261,3174,45,5962,California
Plumas,2021-03-27,12,8743,1,745,10,7581,1,417,2,2781,10,3184,3,5965,California
Plumas,2021-03-28,5,8748,3,748,1,7582,1,418,3,2783,2,3186,4,5969,California
Plumas,2021-03-29,13,8761,4,752,8,7590,1,419,5,2781,8,3194,6,5975,California
Plumas,2021-03-30,151,8912,3,755,147,7737,1,420,24,2679,127,3321,25,6000,California
Plumas,2021-03-31,287,9199,2,757,284,8021,1,421,268,2929,19,3340,269,6269,California
Plumas,2021-04-01,291,9490,12,769,279,8300,0,421,59,2757,231,3571,59,6328,California
Plumas,2021-04-02,373,9863,4,773,368,8668,1,422,27,2451,334,3905,28,6356,California
Plumas,2021-04-03,16,9879,2,775,6,8674,8,430,3,2449,13,3918,11,6367,California
Plumas,2021-04-04,3,9882,1,776,1,8675,1,431,0,2447,3,3921,1,6368,California
Plumas,2021-04-05,13,9895,4,780,8,8683,1,432,6,2447,7,3928,7,6375,California
Plumas,2021-04-06,120,10015,6,786,83,8766,31,463,13,2379,107,4035,39,6414,California
Plumas,2021-04-07,281,10296,7,793,99,8865,175,638,27,2327,254,4289,202,6616,California
Plumas,2021-04-08,149,10445,3,796,131,8996,15,653,34,2261,114,4403,48,6664,California
Plumas,2021-04-09,50,10495,9,805,25,9021,16,669,19,2264,31,4434,34,6698,California
Plumas,2021-04-10,23,10518,2,807,5,9026,16,685,4,2265,19,4453,20,6718,California
Plumas,2021-04-11,4,10522,3,810,0,9026,1,686,3,2268,1,4454,4,6722,California
Plumas,2021-04-12,10,10532,4,814,4,9030,2,688,6,2272,4,4458,8,6730,California
Plumas,2021-04-13,207,10739,5,819,202,9232,0,688,138,2341,69,4527,138,6868,California
Plumas,2021-04-14,108,10847,7,826,101,9333,0,688,54,2341,54,4581,54,6922,California
Plumas,2021-04-15,48,10895,3,829,45,9378,0,688,33,2359,15,4596,33,6955,California
Plumas,2021-04-16,144,11039,4,833,140,9518,0,688,4,2223,140,4736,4,6959,California
Plumas,2021-04-17,665,11704,1,834,664,10182,0,688,20,1600,643,5379,20,6979,California
Plumas,2021-04-18,3,11707,2,836,1,10183,0,688,1,1599,2,5381,1,6980,California
Plumas,2021-04-19,38,11745,3,839,35,10218,0,688,5,1571,33,5414,5,6985,California
Plumas,2021-04-20,40,11785,4,843,36,10254,0,688,25,1581,15,5429,25,7010,California
Plumas,2021-04-21,238,12023,6,849,227,10481,5,693,18,1380,219,5648,18,7028,California
Plumas,2021-04-22,267,12290,7,856,260,10741,0,693,132,1377,135,5783,132,7160,California
Plumas,2021-04-23,67,12357,1,857,66,10807,0,693,14,1338,53,5836,14,7174,California
Plumas,2021-04-24,158,12515,0,857,158,10965,0,693,136,1453,21,5857,136,7310,California
Riverside,2020-12-15,4,4,4,4,0,0,0,0,4,4,0,0,4,4,California
Riverside,2020-12-16,64,68,64,68,0,0,0,0,64,68,0,0,64,68,California
Riverside,2020-12-17,805,873,805,873,0,0,0,0,805,873,0,0,805,873,California
Riverside,2020-12-18,1725,2598,1724,2597,1,1,0,0,1725,2598,0,0,1725,2598,California
Riverside,2020-12-19,1026,3624,1023,3620,3,4,0,0,1024,3621,1,1,1024,3622,California
Riverside,2020-12-20,1084,4708,1083,4703,1,5,0,0,1084,4705,0,1,1084,4706,California
Riverside,2020-12-21,2272,6980,2270,6973,2,7,0,0,2272,6977,0,1,2272,6978,California
Riverside,2020-12-22,2251,9231,2212,9185,39,46,0,0,2250,9227,0,1,2250,9228,California
Riverside,2020-12-23,2128,11359,1791,10976,337,383,0,0,2129,11356,0,1,2129,11357,California
Riverside,2020-12-24,826,12185,624,11600,202,585,0,0,826,12182,0,1,826,12183,California
Riverside,2020-12-25,28,12213,5,11605,23,608,0,0,28,12210,0,1,28,12211,California
Riverside,2020-12-26,400,12613,257,11862,143,751,0,0,400,12610,0,1,400,12611,California
Riverside,2020-12-27,361,12974,243,12105,118,869,0,0,361,12971,0,1,361,12972,California
Riverside,2020-12-28,1626,14600,1126,13231,500,1369,0,0,1626,14597,0,1,1626,14598,California
Riverside,2020-12-29,1735,16335,972,14203,763,2132,0,0,1735,16332,0,1,1735,16333,California
Riverside,2020-12-30,2571,18906,1680,15883,891,3023,0,0,2570,18902,0,1,2570,18903,California
Riverside,2020-12-31,1022,19928,394,16277,628,3651,0,0,1024,19926,0,1,1024,19927,California
Riverside,2021-01-01,107,20035,42,16319,65,3716,0,0,107,20033,0,1,107,20034,California
Riverside,2021-01-02,830,20865,691,17010,139,3855,0,0,830,20863,0,1,830,20864,California
Riverside,2021-01-03,345,21210,300,17310,45,3900,0,0,344,21207,0,1,344,21208,California
Riverside,2021-01-04,1257,22467,792,18102,465,4365,0,0,1257,22464,0,1,1257,22465,California
Riverside,2021-01-05,1978,24445,1362,19464,616,4981,0,0,1884,24260,88,89,1884,24349,California
Riverside,2021-01-06,2474,26919,1103,20567,1371,6352,0,0,2168,26126,302,391,2168,26517,California
Riverside,2021-01-07,2767,29686,1814,22381,953,7305,0,0,1704,26773,1059,1450,1706,28223,California
Riverside,2021-01-08,4045,33731,2936,25317,1109,8414,0,0,2233,27198,1808,3258,2233,30456,California
Riverside,2021-01-09,2068,35799,845,26162,1223,9637,0,0,1722,28575,345,3603,1722,32178,California
Riverside,2021-01-10,1663,37462,734,26896,929,10566,0,0,1060,29032,603,4206,1060,33238,California
Riverside,2021-01-11,4509,41971,3094,29990,1415,11981,0,0,2777,30080,1730,5936,2778,36016,California
Riverside,2021-01-12,3402,45373,2730,32720,672,12653,0,0,1715,30113,1682,7618,1715,37731,California
Riverside,2021-01-13,4382,49755,2868,35588,1514,14167,0,0,2779,31292,1600,9218,2779,40510,California
Riverside,2021-01-14,5463,55218,1866,37454,3597,17764,0,0,4877,35583,586,9804,4877,45387,California
Riverside,2021-01-15,6139,61357,2092,39546,4047,21811,0,0,5852,41149,286,10090,5852,51239,California
Riverside,2021-01-16,3610,64967,1017,40563,2593,24404,0,0,3365,44270,245,10335,3366,54605,California
Riverside,2021-01-17,3591,68558,582,41145,3009,27413,0,0,3395,47470,195,10530,3395,58000,California
Riverside,2021-01-18,3718,72276,2019,43164,1699,29112,0,0,2713,49178,1005,11535,2713,60713,California
Riverside,2021-01-19,7399,79675,2637,45801,4762,33874,0,0,6281,54342,1118,12653,6282,66995,California
Riverside,2021-01-20,7955,87630,2873,48674,5082,38956,0,0,6473,59346,1473,14126,6477,73472,California
Riverside,2021-01-21,8216,95846,3379,52053,4837,43793,0,0,7602,66333,615,14741,7602,81074,California
Riverside,2021-01-22,8702,104548,2963,55016,5739,49532,0,0,8274,74182,426,15167,8275,89349,California
Riverside,2021-01-23,5921,110469,2393,57409,3528,53060,0,0,5193,78648,728,15895,5194,94543,California
Riverside,2021-01-24,3032,113501,1430,58839,1602,54662,0,0,2819,81258,210,16105,2820,97363,California
Riverside,2021-01-25,7873,121374,4535,63374,3338,58000,0,0,6749,86885,1123,17228,6750,104113,California
Riverside,2021-01-26,9118,130492,5735,69109,3383,61383,0,0,7606,92982,1510,18738,7607,111720,California
Riverside,2021-01-27,10831,141323,6353,75462,4478,65861,0,0,9269,100695,1559,20297,9272,120992,California
Riverside,2021-01-28,11407,152730,6714,82176,4693,70554,0,0,10251,109799,1148,21445,10252,131244,California
Riverside,2021-01-29,11849,164579,7230,89406,4619,75173,0,0,10481,118945,1341,22786,10487,141731,California
Riverside,2021-01-30,9042,173621,4606,94012,4436,79609,0,0,8581,127069,458,23244,8582,150313,California
Riverside,2021-01-31,5146,178767,4242,98254,904,80513,0,0,5014,131956,131,23375,5018,155331,California
Riverside,2021-02-01,10840,189607,6698,104952,4142,84655,0,0,9063,139251,1771,25146,9066,164397,California
Riverside,2021-02-02,9502,199109,4849,109801,4653,89308,0,0,8020,145798,1475,26621,8022,172419,California
Riverside,2021-02-03,11994,211103,4975,114776,7019,96327,0,0,9766,153346,2218,28839,9766,182185,California
Riverside,2021-02-04,13545,224648,6045,120821,7500,103827,0,0,11457,162724,2081,30920,11459,193644,California
Riverside,2021-02-05,14313,238961,5396,126217,8917,112744,0,0,11277,170977,3028,33948,11281,204925,California
Riverside,2021-02-06,7252,246213,4282,130499,2970,115714,0,0,5614,174964,1630,35578,5617,210542,California
Riverside,2021-02-07,2162,248375,792,131291,1370,117084,0,0,1846,176496,315,35893,1847,212389,California
Riverside,2021-02-08,12437,260812,5526,136817,6911,123995,0,0,10156,184391,2264,38157,10159,222548,California
Riverside,2021-02-09,9637,270449,4522,141339,5115,129110,0,0,7723,190213,1906,40063,7728,230276,California
Riverside,2021-02-10,12050,282499,6975,148314,5075,134185,0,0,8900,195983,3138,43201,8908,239184,California
Riverside,2021-02-11,16548,299047,9033,157347,7515,141700,0,0,12170,203811,4356,47557,12184,251368,California
Riverside,2021-02-12,17663,316710,10813,168160,6850,148550,0,0,12826,211853,4794,52351,12836,264204,California
Riverside,2021-02-13,6318,323028,2124,170284,4194,152744,0,0,3090,211754,3210,55561,3111,267315,California
Riverside,2021-02-14,4925,327953,1122,171406,3803,156547,0,0,2175,211184,2746,58307,2176,269491,California
Riverside,2021-02-15,9806,337759,4995,176401,4811,161358,0,0,5400,212193,4398,62705,5407,274898,California
Riverside,2021-02-16,16100,353859,10107,186508,5993,167351,0,0,9250,214606,6844,69549,9257,284155,California
Riverside,2021-02-17,14996,368855,8192,194700,6804,174155,0,0,7438,214507,7546,77095,7447,291602,California
Riverside,2021-02-18,15466,384321,8938,203638,6528,180683,0,0,8052,215175,7397,84492,8065,299667,California
Riverside,2021-02-19,15235,399556,8212,211850,7023,187706,0,0,7209,214385,8007,92499,7217,306884,California
Riverside,2021-02-20,8056,407612,4252,216102,3804,191510,0,0,2089,210525,5952,98451,2092,308976,California
Riverside,2021-02-21,3407,411019,2893,218995,514,192024,0,0,1025,209181,2369,100820,1025,310001,California
Riverside,2021-02-22,12317,423336,7736,226731,4581,196605,0,0,5094,207074,7206,108026,5099,315100,California
Riverside,2021-02-23,11065,434401,7543,234274,3522,200127,0,0,5379,206798,5659,113685,5383,320483,California
Riverside,2021-02-24,14784,449185,8092,242366,6692,206819,0,0,6301,204672,8444,122129,6318,326801,California
Riverside,2021-02-25,17283,466468,7358,249724,9925,216744,0,0,8019,203473,9243,131372,8044,334845,California
Riverside,2021-02-26,18547,485015,6690,256414,11857,228601,0,0,9268,203550,9223,140595,9300,344145,California
Riverside,2021-02-27,11343,496358,4908,261322,6435,235036,0,0,5664,203593,5647,146242,5690,349835,California
Riverside,2021-02-28,4611,500969,2947,264269,1664,236700,0,0,2375,203749,2226,148468,2382,352217,California
Riverside,2021-03-01,14260,515229,6070,270339,8189,244889,1,1,8415,206375,5817,154285,8443,360660,California
Riverside,2021-03-02,15252,530481,7428,277767,7823,252712,1,2,8962,209098,6268,160553,8991,369651,California
Riverside,2021-03-03,16715,547196,8262,286029,8453,261165,0,2,7169,206893,9499,170052,7294,376945,California
Riverside,2021-03-04,18534,565730,7387,293416,11143,272308,4,6,8792,206139,9700,179752,8946,385891,California
Riverside,2021-03-05,18675,584405,7486,300902,11145,283453,44,50,9245,206323,9380,189132,9564,395455,California
Riverside,2021-03-06,9373,593778,4964,305866,3931,287384,478,528,4654,206780,4705,193837,5162,400617,California
Riverside,2021-03-07,4169,597947,2694,308560,1087,288471,388,916,1959,206930,2201,196038,2351,402968,California
Riverside,2021-03-08,11901,609848,4732,313292,6768,295239,401,1317,5302,206097,6583,202621,5750,408718,California
Riverside,2021-03-09,14628,624476,6754,320046,7379,302618,495,1812,5771,203660,8841,211462,6404,415122,California
Riverside,2021-03-10,15560,640036,8358,328404,6327,308945,875,2687,5991,201144,9535,220997,7019,422141,California
Riverside,2021-03-11,19146,659182,9414,337818,7897,316842,1835,4522,7545,199165,11569,232566,9590,431731,California
Riverside,2021-03-12,21073,680255,7906,345724,8483,325325,4684,9206,7080,197297,13963,246529,12095,443826,California
Riverside,2021-03-13,8335,688590,2501,348225,4666,329991,1168,10374,4282,198792,4034,250563,5529,449355,California
Riverside,2021-03-14,4597,693187,1577,349802,1731,331722,1289,11663,2039,199569,2548,253111,3325,452680,California
Riverside,2021-03-15,18596,711783,7831,357633,9096,340818,1669,13332,9137,201055,9421,262532,10907,463587,California
Riverside,2021-03-16,20843,732626,10103,367736,9927,350745,813,14145,11360,203876,9446,271978,12267,475854,California
Riverside,2021-03-17,21225,753851,10880,378616,9298,360043,1047,15192,12747,209285,8447,280425,13856,489710,California
Riverside,2021-03-18,22518,776369,11701,390317,9165,369208,1652,16844,12502,213474,9973,290398,14162,503872,California
Riverside,2021-03-19,23977,800346,12565,402882,10464,379672,948,17792,14027,218911,9900,300298,15337,519209,California
Riverside,2021-03-20,10571,810917,6831,409713,2578,382250,1162,18954,6808,223143,3739,304037,7971,527180,California
Riverside,2021-03-21,3669,814586,2865,412578,551,382801,253,19207,2520,224781,1136,305173,2774,529954,California
Riverside,2021-03-22,16597,831183,9900,422478,6145,388946,552,19759,10586,229944,5972,311145,11135,541089,California
Riverside,2021-03-23,18509,849692,10478,432956,7610,396556,421,20180,11940,235801,6521,317666,12378,553467,California
Riverside,2021-03-24,18625,868317,10381,443337,8125,404681,119,20299,12827,242998,5755,323421,12952,566419,California
Riverside,2021-03-25,21066,889383,11632,454969,9258,413939,176,20475,14207,250591,6795,330216,14388,580807,California
Riverside,2021-03-26,24019,913402,11854,466823,11993,425932,172,20647,15006,256847,8925,339141,15181,595988,California
Riverside,2021-03-27,9221,922623,4842,471665,3324,429256,1055,21702,4760,258218,4445,343586,5816,601804,California
Riverside,2021-03-28,4722,927345,3106,474771,1524,430780,92,21794,2841,259279,1873,345459,2934,604738,California
Riverside,2021-03-29,17523,944868,8421,483192,8985,439765,117,21911,10896,263707,6595,352054,11023,615761,California
Riverside,2021-03-30,18270,963138,9530,492722,8537,448302,203,22114,11776,269227,6462,358516,11982,627743,California
Riverside,2021-03-31,17950,981088,8364,501086,9285,457587,301,22415,11490,274604,6421,364937,11798,639541,California
Riverside,2021-04-01,25260,1006348,12363,513449,12156,469743,741,23156,16423,282979,8788,373725,17163,656704,California
Riverside,2021-04-02,25903,1032251,13986,527435,10990,480733,927,24083,16320,290920,9535,383260,17476,674180,California
Riverside,2021-04-03,9087,1041338,5753,533188,2774,483507,560,24643,5865,294138,3206,386466,6424,680604,California
Riverside,2021-04-04,3334,1044672,2039,535227,1077,484584,218,24861,1742,294510,1588,388054,1960,682564,California
Riverside,2021-04-05,18080,1062752,9357,544584,6907,491491,1816,26677,9827,297932,8224,396278,11646,694210,California
Riverside,2021-04-06,23535,1086287,12243,556827,9210,500701,2082,28759,13116,302754,10372,406650,15194,709404,California
Riverside,2021-04-07,24447,1110734,13170,569997,8826,509527,2451,31210,13651,308100,10757,417407,16103,725507,California
Riverside,2021-04-08,26869,1137603,14793,584790,9169,518696,2907,34117,16400,316986,10409,427816,19295,744802,California
Riverside,2021-04-09,25928,1163531,15301,600091,8243,526939,2384,36501,15857,325222,10027,437843,18263,763065,California
Riverside,2021-04-10,11708,1175239,6586,606677,3743,530682,1379,37880,5047,325026,6619,444462,6423,769488,California
Riverside,2021-04-11,4538,1179777,2720,609397,1234,531916,584,38464,2158,325399,2369,446831,2742,772230,California
Riverside,2021-04-12,19899,1199676,8886,618283,8442,540358,2571,41035,10009,328129,9852,456683,12582,784812,California
Riverside,2021-04-13,19721,1219397,11117,629400,8576,548934,28,41063,11276,331032,8403,465086,11306,796118,California
Riverside,2021-04-14,21849,1241246,12057,641457,9779,558713,13,41076,10710,330677,11082,476168,10727,806845,California
Riverside,2021-04-15,21299,1262545,11992,653449,9300,568013,7,41083,11118,331679,10125,486293,11127,817972,California
Riverside,2021-04-16,24493,1287038,14143,667592,10344,578357,6,41089,11351,329948,13095,499388,11364,829336,California
Riverside,2021-04-17,9787,1296825,6436,674028,3351,581708,0,41089,4952,330085,4821,504209,4958,834294,California
Riverside,2021-04-18,3581,1300406,2537,676565,1037,582745,7,41096,1701,329927,1868,506077,1710,836004,California
Riverside,2021-04-19,18772,1319178,10975,687540,7795,590540,2,41098,6581,324359,12155,518232,6587,842591,California
Riverside,2021-04-20,18079,1337257,9393,696933,8676,599216,10,41108,7338,321003,10707,528939,7351,849942,California
Riverside,2021-04-21,19018,1356275,10868,707801,8143,607359,7,41115,7486,317026,11476,540415,7499,857441,California
Riverside,2021-04-22,21119,1377394,12232,720033,8884,616243,3,41118,7693,311357,13369,553784,7700,865141,California
Riverside,2021-04-23,18165,1395559,11505,731538,6650,622893,10,41128,6843,306933,11285,565069,6861,872002,California
Riverside,2021-04-24,4667,1400226,3563,735101,1103,623996,1,41129,1622,305526,3032,568101,1625,873627,California
Sacramento,2020-12-15,314,314,314,314,0,0,0,0,314,314,0,0,314,314,California
Sacramento,2020-12-16,643,957,643,957,0,0,0,0,643,957,0,0,643,957,California
Sacramento,2020-12-17,645,1602,645,1602,0,0,0,0,645,1602,0,0,645,1602,California
Sacramento,2020-12-18,972,2574,972,2574,0,0,0,0,972,2574,0,0,972,2574,California
Sacramento,2020-12-19,612,3186,612,3186,0,0,0,0,612,3186,0,0,612,3186,California
Sacramento,2020-12-20,633,3819,633,3819,0,0,0,0,633,3819,0,0,633,3819,California
Sacramento,2020-12-21,1679,5498,1678,5497,1,1,0,0,1680,5499,0,0,1680,5499,California
Sacramento,2020-12-22,2092,7590,2062,7559,30,31,0,0,2092,7591,0,0,2092,7591,California
Sacramento,2020-12-23,2247,9837,2080,9639,167,198,0,0,2247,9838,0,0,2247,9838,California
Sacramento,2020-12-24,1044,10881,833,10472,211,409,0,0,1044,10882,0,0,1044,10882,California
Sacramento,2020-12-25,1,10882,0,10472,1,410,0,0,1,10883,0,0,1,10883,California
Sacramento,2020-12-26,508,11390,291,10763,217,627,0,0,508,11391,0,0,508,11391,California
Sacramento,2020-12-27,350,11740,247,11010,103,730,0,0,350,11741,0,0,350,11741,California
Sacramento,2020-12-28,1902,13642,1323,12333,579,1309,0,0,1901,13641,1,1,1901,13642,California
Sacramento,2020-12-29,1951,15593,1189,13522,762,2071,0,0,1951,15592,0,1,1951,15593,California
Sacramento,2020-12-30,2558,18151,1456,14978,1102,3173,0,0,2559,18151,0,1,2559,18152,California
Sacramento,2020-12-31,1229,19380,695,15673,534,3707,0,0,1229,19380,0,1,1229,19381,California
Sacramento,2021-01-01,77,19457,68,15741,9,3716,0,0,77,19457,0,1,77,19458,California
Sacramento,2021-01-02,563,20020,362,16103,201,3917,0,0,563,20020,0,1,563,20021,California
Sacramento,2021-01-03,409,20429,220,16323,189,4106,0,0,409,20429,0,1,409,20430,California
Sacramento,2021-01-04,1958,22387,845,17168,1113,5219,0,0,1956,22384,1,2,1956,22386,California
Sacramento,2021-01-05,2210,24597,986,18154,1224,6443,0,0,1856,23893,354,356,1863,24249,California
Sacramento,2021-01-06,2732,27329,1623,19777,1109,7552,0,0,1958,25080,771,1127,1958,26207,California
Sacramento,2021-01-07,2825,30154,1503,21280,1322,8874,0,0,1966,26190,856,1983,1966,28173,California
Sacramento,2021-01-08,3285,33439,2085,23365,1200,10074,0,0,2248,27406,1033,3016,2249,30422,California
Sacramento,2021-01-09,1287,34726,796,24161,491,10565,0,0,897,27915,388,3404,897,31319,California
Sacramento,2021-01-10,1246,35972,711,24872,535,11100,0,0,774,28219,471,3875,775,32094,California
Sacramento,2021-01-11,4342,40314,2952,27824,1390,12490,0,0,2412,28707,1929,5804,2417,34511,California
Sacramento,2021-01-12,4423,44737,3033,30857,1390,13880,0,0,2457,29203,1965,7769,2461,36972,California
Sacramento,2021-01-13,3780,48517,2167,33024,1613,15493,0,0,2370,30166,1409,9178,2372,39344,California
Sacramento,2021-01-14,4599,53116,2364,35388,2235,17728,0,0,3676,32923,919,10097,3676,43020,California
Sacramento,2021-01-15,4408,57524,2263,37651,2145,19873,0,0,3684,35886,723,10820,3686,46706,California
Sacramento,2021-01-16,2093,59617,1293,38944,800,20673,0,0,1876,37545,217,11037,1876,48582,California
Sacramento,2021-01-17,1637,61254,952,39896,685,21358,0,0,1459,38829,178,11215,1462,50044,California
Sacramento,2021-01-18,2857,64111,1764,41660,1093,22451,0,0,2332,40638,524,11739,2333,52377,California
Sacramento,2021-01-19,4626,68737,3053,44713,1573,24024,0,0,3361,42735,1265,13004,3362,55739,California
Sacramento,2021-01-20,4770,73507,2822,47535,1948,25972,0,0,3554,45076,1218,14222,3559,59298,California
Sacramento,2021-01-21,5184,78691,2987,50522,2197,28169,0,0,4222,48343,956,15178,4223,63521,California
Sacramento,2021-01-22,4970,83661,2647,53169,2323,30492,0,0,4668,52711,301,15479,4669,68190,California
Sacramento,2021-01-23,3727,87388,1559,54728,2168,32660,0,0,3270,55524,457,15936,3270,71460,California
Sacramento,2021-01-24,1583,88971,992,55720,591,33251,0,0,1343,56628,240,16176,1344,72804,California
Sacramento,2021-01-25,4356,93327,2109,57829,2247,35498,0,0,2940,58154,1416,17592,2942,75746,California
Sacramento,2021-01-26,4719,98046,2135,59964,2584,38082,0,0,3517,60473,1200,18792,3519,79265,California
Sacramento,2021-01-27,5800,103846,3050,63014,2750,40832,0,0,4194,63066,1603,20395,4196,83461,California
Sacramento,2021-01-28,5353,109199,2706,65720,2647,43479,0,0,4258,66231,1094,21489,4259,87720,California
Sacramento,2021-01-29,5384,114583,2932,68652,2452,45931,0,0,4369,69593,1007,22496,4369,92089,California
Sacramento,2021-01-30,4506,119089,2203,70855,2303,48234,0,0,4072,73233,432,22928,4072,96161,California
Sacramento,2021-01-31,2295,121384,2000,72855,295,48529,0,0,2020,74982,273,23201,2022,98183,California
Sacramento,2021-02-01,5906,127290,3010,75865,2896,51425,0,0,4248,77576,1654,24855,4248,102431,California
Sacramento,2021-02-02,6922,134212,3758,79623,3164,54589,0,0,4843,80360,2061,26916,4845,107276,California
Sacramento,2021-02-03,7086,141298,3549,83172,3537,58126,0,0,5226,83738,1850,28766,5228,112504,California
Sacramento,2021-02-04,7702,149000,3628,86800,4074,62200,0,0,5490,87026,2202,30968,5490,117994,California
Sacramento,2021-02-05,7715,156715,4366,91166,3349,65549,0,0,4808,88953,2884,33852,4811,122805,California
Sacramento,2021-02-06,8423,165138,3443,94609,4980,70529,0,0,7094,94723,1325,35177,7095,129900,California
Sacramento,2021-02-07,4053,169191,2170,96779,1883,72412,0,0,2834,96348,1211,36388,2836,132736,California
Sacramento,2021-02-08,6191,175382,3198,99977,2993,75405,0,0,3884,97929,2303,38691,3884,136620,California
Sacramento,2021-02-09,6713,182095,3503,103480,3210,78615,0,0,3921,99068,2783,41474,3922,140542,California
Sacramento,2021-02-10,7660,189755,4181,107661,3479,82094,0,0,4540,100503,3107,44581,4542,145084,California
Sacramento,2021-02-11,8783,198538,4988,112649,3795,85889,0,0,4795,101324,3976,48557,4797,149881,California
Sacramento,2021-02-12,10571,209109,4137,116786,6434,92323,0,0,6381,103558,4150,52707,6384,156265,California
Sacramento,2021-02-13,7597,216706,2989,119775,4608,96931,0,0,6018,107999,1577,54284,6018,162283,California
Sacramento,2021-02-14,3117,219823,1930,121705,1187,98118,0,0,2069,109026,1046,55330,2073,164356,California
Sacramento,2021-02-15,5944,225767,2033,123738,3911,102029,0,0,4151,111394,1785,57115,4153,168509,California
Sacramento,2021-02-16,8857,234624,4198,127936,4659,106688,0,0,5267,113083,3583,60698,5272,173781,California
Sacramento,2021-02-17,8806,243430,4967,132903,3839,110527,0,0,5125,114541,3669,64367,5127,178908,California
Sacramento,2021-02-18,8829,252259,5055,137958,3774,114301,0,0,5085,115893,3736,68103,5088,183996,California
Sacramento,2021-02-19,9986,262245,6130,144088,3856,118157,0,0,5906,117737,4067,72170,5911,189907,California
Sacramento,2021-02-20,7335,269580,5356,149444,1979,120136,0,0,4286,118982,3042,75212,4287,194194,California
Sacramento,2021-02-21,2896,272476,2305,151749,591,120727,0,0,1010,118114,1878,77090,1010,195204,California
Sacramento,2021-02-22,6163,278639,3731,155480,2432,123159,0,0,2670,117305,3483,80573,2674,197878,California
Sacramento,2021-02-23,7117,285756,4426,159906,2691,125850,0,0,3462,117130,3640,84213,3465,201343,California
Sacramento,2021-02-24,9593,295349,5282,165188,4311,130161,0,0,5255,118066,4324,88537,5260,206603,California
Sacramento,2021-02-25,9998,305347,5390,170578,4608,134769,0,0,5528,119138,4456,92993,5528,212131,California
Sacramento,2021-02-26,13862,319209,6449,177027,7413,142182,0,0,9539,124389,4292,97285,9543,221674,California
Sacramento,2021-02-27,10778,329987,6702,183729,4073,146255,3,3,7927,129487,2833,100118,7931,229605,California
Sacramento,2021-02-28,5570,335557,2204,185933,3366,149621,0,3,2563,129059,2992,103110,2564,232169,California
Sacramento,2021-03-01,7956,343513,3424,189357,4532,154153,0,3,4278,129681,3658,106768,4280,236449,California
Sacramento,2021-03-02,9203,352716,3997,193354,5205,159358,1,4,5639,131775,3549,110317,5643,242092,California
Sacramento,2021-03-03,10740,363456,4917,198271,5820,165178,3,7,6355,133768,4367,114684,6360,248452,California
Sacramento,2021-03-04,12301,375757,5098,203369,7199,172377,4,11,7084,135676,5187,119871,7095,255547,California
Sacramento,2021-03-05,10512,386269,4868,208237,5614,177991,30,41,6980,139175,3512,123383,7011,262558,California
Sacramento,2021-03-06,8051,394320,3090,211327,4839,182830,122,163,4071,139404,3963,127346,4192,266750,California
Sacramento,2021-03-07,7553,401873,2185,213512,5283,188113,85,248,3705,139348,3844,131190,3788,270538,California
Sacramento,2021-03-08,9065,410938,4223,217735,4618,192731,224,472,5931,142380,3121,134311,6153,276691,California
Sacramento,2021-03-09,9463,420401,4513,222248,4683,197414,267,739,5431,144061,4017,138328,5698,282389,California
Sacramento,2021-03-10,11603,432004,7461,229709,3815,201229,327,1066,6777,146375,4792,143120,7106,289495,California
Sacramento,2021-03-11,13824,445828,8870,238579,4166,205395,788,1854,8199,149775,5586,148706,8986,298481,California
Sacramento,2021-03-12,17208,463036,8291,246870,8086,213481,831,2685,8116,149691,9040,157746,8956,307437,California
Sacramento,2021-03-13,12911,475947,3564,250434,8926,222407,421,3106,8137,153487,4761,162507,8557,315994,California
Sacramento,2021-03-14,8353,484300,3449,253883,4277,226684,627,3733,4472,154727,3858,166365,5098,321092,California
Sacramento,2021-03-15,12117,496417,4805,258688,6671,233355,641,4374,7057,157387,5039,171404,7699,328791,California
Sacramento,2021-03-16,13919,510336,6185,264873,7097,240452,637,5011,8605,161346,5280,176684,9239,338030,California
Sacramento,2021-03-17,13513,523849,6547,271420,6355,246807,611,5622,8700,165878,4784,181468,9316,347346,California
Sacramento,2021-03-18,13970,537819,6576,277996,6833,253640,561,6183,9259,171015,4681,186149,9818,357164,California
Sacramento,2021-03-19,15009,552828,7447,285443,6196,259836,1366,7549,7594,172583,7392,193541,8960,366124,California
Sacramento,2021-03-20,12875,565703,7534,292977,5002,264838,339,7888,8169,176415,4678,198219,8510,374634,California
Sacramento,2021-03-21,5598,571301,2748,295725,2811,267649,39,7927,4953,180776,633,198852,4994,379628,California
Sacramento,2021-03-22,9223,580524,4759,300484,3697,271346,767,8694,6236,184820,2961,201813,7005,386633,California
Sacramento,2021-03-23,11266,591790,6711,307195,3748,275094,807,9501,7288,188974,3941,205754,8095,394728,California
Sacramento,2021-03-24,11792,603582,7238,314433,3923,279017,631,10132,6811,191479,4939,210693,7444,402172,California
Sacramento,2021-03-25,12482,616064,6811,321244,4864,283881,807,10939,7249,194337,5196,215889,8054,410226,California
Sacramento,2021-03-26,17521,633585,8283,329527,8750,292631,488,11427,8586,194537,8876,224765,9076,419302,California
Sacramento,2021-03-27,9618,643203,3545,333072,5789,298420,284,11711,5189,195609,4399,229164,5471,424773,California
Sacramento,2021-03-28,6470,649673,3211,336283,3011,301431,248,11959,3106,195613,3355,232519,3359,428132,California
Sacramento,2021-03-29,10792,660465,5874,342157,4659,306090,259,12218,5157,195423,5609,238128,5419,433551,California
Sacramento,2021-03-30,11648,672113,6042,348199,5255,311345,351,12569,5964,196075,5662,243790,6314,439865,California
Sacramento,2021-03-31,13225,685338,7798,355997,5031,316376,396,12965,5669,194605,7531,251321,6061,445926,California
Sacramento,2021-04-01,15400,700738,8669,364666,6511,322887,220,13185,5781,191024,9589,260910,6008,451934,California
Sacramento,2021-04-02,15922,716660,8661,373327,6553,329440,708,13893,7927,191693,7969,268879,8638,460572,California
Sacramento,2021-04-03,10339,726999,6162,379489,3630,333070,547,14440,6355,194638,3955,272834,6900,467472,California
Sacramento,2021-04-04,3635,730634,1508,380997,1938,335008,189,14629,1423,194039,2208,275042,1609,469081,California
Sacramento,2021-04-05,11962,742596,7509,388506,3624,338632,829,15458,5344,193623,6585,281627,6169,475250,California
Sacramento,2021-04-06,15449,758045,8796,397302,5331,343963,1322,16780,6842,193210,8576,290203,8163,483413,California
Sacramento,2021-04-07,14638,772683,7927,405229,5139,349102,1572,18352,7115,194398,7491,297694,8679,492092,California
Sacramento,2021-04-08,14846,787529,6684,411913,5216,354318,2946,21298,5922,194363,8892,306586,8857,500949,California
Sacramento,2021-04-09,15663,803192,7640,419553,5866,360184,2157,23455,6092,193072,9534,316120,8243,509192,California
Sacramento,2021-04-10,11510,814702,3102,422655,7370,367554,1038,24493,4583,191782,6904,323024,5614,514806,California
Sacramento,2021-04-11,9447,824149,3089,425744,6138,373692,220,24713,2593,187762,6832,329856,2812,517618,California
Sacramento,2021-04-12,12837,836986,4968,430712,6022,379714,1847,26560,4920,186647,7870,337726,6755,524373,California
Sacramento,2021-04-13,14199,851185,7902,438614,6293,386007,4,26564,5585,183653,8587,346313,5593,529966,California
Sacramento,2021-04-14,13957,865142,7118,445732,6837,392844,2,26566,5051,179834,8876,355189,5057,535023,California
Sacramento,2021-04-15,15004,880146,7421,453153,7581,400425,2,26568,6243,177351,8731,363920,6248,541271,California
Sacramento,2021-04-16,15860,896006,8219,461372,7641,408066,0,26568,7029,175590,8792,372712,7031,548302,California
Sacramento,2021-04-17,11224,907230,3748,465120,7476,415542,0,26568,7544,179470,3667,376379,7547,555849,California
Sacramento,2021-04-18,7202,914432,1909,467029,5293,420835,0,26568,3428,179138,3761,380140,3429,559278,California
Sacramento,2021-04-19,10308,924740,5638,472667,4668,425503,2,26570,4635,178121,5656,385796,4639,563917,California
Sacramento,2021-04-20,10956,935696,6642,479309,4311,429814,3,26573,5854,178896,5086,390882,5861,569778,California
Sacramento,2021-04-21,11240,946936,6534,485843,4703,434517,3,26576,6084,179850,5134,396016,6088,575866,California
Sacramento,2021-04-22,11940,958876,7192,493035,4745,439262,3,26579,6415,180769,5502,401518,6421,582287,California
Sacramento,2021-04-23,10070,968946,5851,498886,4219,443481,0,26579,4886,180496,5159,406677,4886,587173,California
Sacramento,2021-04-24,3242,972188,1664,500550,1577,445058,1,26580,1932,181131,1298,407975,1933,589106,California
San Benito,2020-12-16,2,2,2,2,0,0,0,0,2,2,0,0,2,2,California
San Benito,2020-12-17,8,10,8,10,0,0,0,0,8,10,0,0,8,10,California
San Benito,2020-12-18,32,42,32,42,0,0,0,0,32,42,0,0,32,42,California
San Benito,2020-12-19,47,89,47,89,0,0,0,0,47,89,0,0,47,89,California
San Benito,2020-12-20,22,111,21,110,1,1,0,0,22,111,0,0,22,111,California
San Benito,2020-12-21,48,159,48,158,0,1,0,0,48,159,0,0,48,159,California
San Benito,2020-12-22,65,224,65,223,0,1,0,0,65,224,0,0,65,224,California
San Benito,2020-12-23,48,272,36,259,12,13,0,0,48,272,0,0,48,272,California
San Benito,2020-12-24,12,284,4,263,8,21,0,0,12,284,0,0,12,284,California
San Benito,2020-12-25,4,288,4,267,0,21,0,0,4,288,0,0,4,288,California
San Benito,2020-12-26,13,301,4,271,9,30,0,0,13,301,0,0,13,301,California
San Benito,2020-12-27,8,309,7,278,1,31,0,0,8,309,0,0,8,309,California
San Benito,2020-12-28,63,372,36,314,27,58,0,0,63,372,0,0,63,372,California
San Benito,2020-12-29,49,421,20,334,29,87,0,0,49,421,0,0,49,421,California
San Benito,2020-12-30,59,480,37,371,22,109,0,0,59,480,0,0,59,480,California
San Benito,2020-12-31,19,499,2,373,17,126,0,0,19,499,0,0,19,499,California
San Benito,2021-01-02,24,523,23,396,1,127,0,0,24,523,0,0,24,523,California
San Benito,2021-01-03,3,526,1,397,2,129,0,0,3,526,0,0,3,526,California
San Benito,2021-01-04,62,588,23,420,39,168,0,0,62,588,0,0,62,588,California
San Benito,2021-01-05,118,706,36,456,82,250,0,0,115,700,3,3,115,703,California
San Benito,2021-01-06,97,803,42,498,55,305,0,0,83,769,14,17,83,786,California
San Benito,2021-01-07,80,883,43,541,37,342,0,0,52,793,28,45,52,838,California
San Benito,2021-01-08,129,1012,66,607,63,405,0,0,86,836,43,88,86,924,California
San Benito,2021-01-09,44,1056,31,638,13,418,0,0,30,852,14,102,30,954,California
San Benito,2021-01-10,15,1071,13,651,2,420,0,0,5,847,10,112,5,959,California
San Benito,2021-01-11,102,1173,59,710,43,463,0,0,49,843,53,165,49,1008,California
San Benito,2021-01-12,156,1329,53,763,103,566,0,0,120,927,36,201,120,1128,California
San Benito,2021-01-13,190,1519,35,798,155,721,0,0,163,1063,27,228,163,1291,California
San Benito,2021-01-14,116,1635,23,821,93,814,0,0,99,1145,17,245,99,1390,California
San Benito,2021-01-15,215,1850,21,842,194,1008,0,0,201,1332,14,259,201,1591,California
San Benito,2021-01-16,27,1877,9,851,18,1026,0,0,21,1347,6,265,21,1612,California
San Benito,2021-01-17,11,1888,5,856,6,1032,0,0,8,1352,3,268,8,1620,California
San Benito,2021-01-18,36,1924,23,879,13,1045,0,0,21,1358,15,283,21,1641,California
San Benito,2021-01-19,149,2073,63,942,86,1131,0,0,123,1455,26,309,123,1764,California
San Benito,2021-01-20,261,2334,80,1022,181,1312,0,0,215,1625,45,354,215,1979,California
San Benito,2021-01-21,124,2458,31,1053,93,1405,0,0,100,1701,24,378,100,2079,California
San Benito,2021-01-22,230,2688,19,1072,211,1616,0,0,220,1911,10,388,220,2299,California
San Benito,2021-01-23,30,2718,16,1088,14,1630,0,0,13,1907,17,405,13,2312,California
San Benito,2021-01-24,11,2729,3,1091,8,1638,0,0,7,1910,4,409,7,2319,California
San Benito,2021-01-25,67,2796,25,1116,42,1680,0,0,22,1887,45,454,22,2341,California
San Benito,2021-01-26,134,2930,41,1157,93,1773,0,0,81,1915,53,507,81,2422,California
San Benito,2021-01-27,230,3160,69,1226,161,1934,0,0,190,2065,40,547,190,2612,California
San Benito,2021-01-28,155,3315,32,1258,123,2057,0,0,123,2157,31,578,123,2735,California
San Benito,2021-01-29,284,3599,31,1289,253,2310,0,0,261,2396,22,600,261,2996,California
San Benito,2021-01-30,50,3649,31,1320,19,2329,0,0,28,2402,22,622,28,3024,California
San Benito,2021-01-31,16,3665,5,1325,11,2340,0,0,11,2408,5,627,11,3035,California
San Benito,2021-02-01,133,3798,28,1353,105,2445,0,0,89,2453,44,671,89,3124,California
San Benito,2021-02-02,225,4023,49,1402,176,2621,0,0,135,2498,90,761,135,3259,California
San Benito,2021-02-03,336,4359,42,1444,294,2915,0,0,272,2706,64,825,272,3531,California
San Benito,2021-02-04,161,4520,24,1468,137,3052,0,0,117,2779,44,869,117,3648,California
San Benito,2021-02-05,289,4809,40,1508,249,3301,0,0,227,2944,62,931,227,3875,California
San Benito,2021-02-06,49,4858,9,1517,40,3341,0,0,32,2959,17,948,32,3907,California
San Benito,2021-02-07,15,4873,7,1524,8,3349,0,0,14,2972,1,949,14,3921,California
San Benito,2021-02-08,137,5010,15,1539,122,3471,0,0,91,3017,46,995,91,4012,California
San Benito,2021-02-09,326,5336,64,1603,262,3733,0,0,195,3081,131,1126,195,4207,California
San Benito,2021-02-10,318,5654,88,1691,230,3963,0,0,124,3011,194,1320,124,4331,California
San Benito,2021-02-11,295,5949,31,1722,264,4227,0,0,197,3110,98,1418,197,4528,California
San Benito,2021-02-12,412,6361,30,1752,382,4609,0,0,207,3113,204,1622,207,4735,California
San Benito,2021-02-13,57,6418,8,1760,49,4658,0,0,43,3142,14,1636,43,4778,California
San Benito,2021-02-14,40,6458,5,1765,35,4693,0,0,30,3162,10,1646,30,4808,California
San Benito,2021-02-15,106,6564,9,1774,97,4790,0,0,95,3246,11,1657,95,4903,California
San Benito,2021-02-16,204,6768,11,1785,193,4983,0,0,101,3244,103,1760,101,5004,California
San Benito,2021-02-17,327,7095,30,1815,297,5280,0,0,278,3473,49,1809,278,5282,California
San Benito,2021-02-18,291,7386,38,1853,253,5533,0,0,70,3322,221,2030,70,5352,California
San Benito,2021-02-19,323,7709,45,1898,278,5811,0,0,158,3315,165,2195,158,5510,California
San Benito,2021-02-20,45,7754,26,1924,19,5830,0,0,36,3342,9,2204,36,5546,California
San Benito,2021-02-21,23,7777,8,1932,15,5845,0,0,14,3347,9,2213,14,5560,California
San Benito,2021-02-22,132,7909,36,1968,96,5941,0,0,98,3412,33,2246,98,5658,California
San Benito,2021-02-23,374,8283,92,2060,282,6223,0,0,262,3562,112,2358,262,5920,California
San Benito,2021-02-24,375,8658,63,2123,312,6535,0,0,236,3659,139,2497,236,6156,California
San Benito,2021-02-25,390,9048,63,2186,327,6862,0,0,270,3807,122,2619,270,6426,California
San Benito,2021-02-26,641,9689,73,2259,568,7430,0,0,398,3962,243,2862,398,6824,California
San Benito,2021-02-27,98,9787,36,2295,62,7492,0,0,83,4030,15,2877,83,6907,California
San Benito,2021-02-28,248,10035,24,2319,224,7716,0,0,239,4260,9,2886,239,7146,California
San Benito,2021-03-01,224,10259,59,2378,165,7881,0,0,155,4345,70,2956,155,7301,California
San Benito,2021-03-02,274,10533,90,2468,184,8065,0,0,205,4481,69,3025,205,7506,California
San Benito,2021-03-03,387,10920,55,2523,332,8397,0,0,213,4522,172,3197,213,7719,California
San Benito,2021-03-04,608,11528,123,2646,470,8867,15,15,429,4776,179,3376,433,8152,California
San Benito,2021-03-05,582,12110,305,2951,264,9131,13,28,373,4954,208,3584,386,8538,California
San Benito,2021-03-06,189,12299,66,3017,109,9240,14,42,138,5055,51,3635,152,8690,California
San Benito,2021-03-07,647,12946,603,3620,22,9262,22,64,615,5660,32,3667,637,9327,California
San Benito,2021-03-08,288,13234,65,3685,177,9439,46,110,167,5752,121,3788,213,9540,California
San Benito,2021-03-09,422,13656,84,3769,239,9678,99,209,136,5675,285,4073,208,9748,California
San Benito,2021-03-10,400,14056,114,3883,193,9871,93,302,232,5832,168,4241,325,10073,California
San Benito,2021-03-11,467,14523,119,4002,196,10067,152,454,207,5931,260,4501,359,10432,California
San Benito,2021-03-12,511,15034,117,4119,300,10367,94,548,229,5975,280,4781,324,10756,California
San Benito,2021-03-13,201,15235,102,4221,81,10448,18,566,128,6050,71,4852,146,10902,California
San Benito,2021-03-14,232,15467,40,4261,172,10620,20,586,180,6199,51,4903,200,11102,California
San Benito,2021-03-15,323,15790,99,4360,205,10825,19,605,189,6273,134,5037,208,11310,California
San Benito,2021-03-16,494,16284,217,4577,246,11071,31,636,347,6503,147,5184,377,11687,California
San Benito,2021-03-17,785,17069,475,5052,288,11359,22,658,558,6852,223,5407,572,12259,California
San Benito,2021-03-18,786,17855,523,5575,207,11566,56,714,571,7257,213,5620,618,12877,California
San Benito,2021-03-19,778,18633,404,5979,351,11917,23,737,595,7692,183,5803,618,13495,California
San Benito,2021-03-20,235,18868,146,6125,77,11994,12,749,179,7827,56,5859,191,13686,California
San Benito,2021-03-21,108,18976,56,6181,47,12041,5,754,81,7886,27,5886,86,13772,California
San Benito,2021-03-22,343,19319,170,6351,148,12189,25,779,221,8010,122,6008,246,14018,California
San Benito,2021-03-23,475,19794,197,6548,268,12457,10,789,215,7974,260,6268,224,14242,California
San Benito,2021-03-24,573,20367,304,6852,262,12719,7,796,360,8129,212,6480,367,14609,California
San Benito,2021-03-25,741,21108,440,7292,297,13016,4,800,445,8284,294,6774,449,15058,California
San Benito,2021-03-26,995,22103,517,7809,475,13491,3,803,328,7949,666,7440,331,15389,California
San Benito,2021-03-27,329,22432,182,7991,114,13605,33,836,212,8078,116,7556,245,15634,California
San Benito,2021-03-28,691,23123,570,8561,116,13721,5,841,126,7644,565,8121,131,15765,California
San Benito,2021-03-29,349,23472,113,8674,216,13937,20,861,154,7622,195,8316,173,15938,California
San Benito,2021-03-30,570,24042,267,8941,209,14146,94,955,287,7720,283,8599,381,16319,California
San Benito,2021-03-31,577,24619,354,9295,199,14345,24,979,330,7829,245,8844,354,16673,California
San Benito,2021-04-01,930,25549,374,9669,518,14863,38,1017,554,8040,375,9219,586,17259,California
San Benito,2021-04-02,536,26085,261,9930,140,15003,135,1152,264,8167,272,9491,399,17658,California
San Benito,2021-04-03,250,26335,86,10016,104,15107,60,1212,75,8127,175,9666,135,17793,California
San Benito,2021-04-04,143,26478,108,10124,30,15137,5,1217,106,8201,37,9703,111,17904,California
San Benito,2021-04-05,351,26829,171,10295,138,15275,42,1259,143,8177,208,9911,184,18088,California
San Benito,2021-04-06,454,27283,158,10453,121,15396,175,1434,159,8216,295,10206,334,18422,California
San Benito,2021-04-07,922,28205,520,10973,212,15608,190,1624,253,7991,668,10874,443,18865,California
San Benito,2021-04-08,846,29051,423,11396,171,15779,252,1876,214,7826,631,11505,466,19331,California
San Benito,2021-04-09,856,29907,515,11911,250,16029,91,1967,307,7675,549,12054,398,19729,California
San Benito,2021-04-10,343,30250,214,12125,71,16100,58,2025,197,7784,146,12200,255,19984,California
San Benito,2021-04-11,503,30753,303,12428,167,16267,33,2058,277,7867,226,12426,309,20293,California
San Benito,2021-04-12,552,31305,312,12740,129,16396,111,2169,302,8028,249,12675,410,20703,California
San Benito,2021-04-13,781,32086,323,13063,435,16831,23,2192,553,8378,227,12902,577,21280,California
San Benito,2021-04-14,860,32946,683,13746,177,17008,0,2192,426,8375,429,13331,426,21706,California
San Benito,2021-04-15,917,33863,717,14463,199,17207,1,2193,452,8364,464,13795,453,22159,California
San Benito,2021-04-16,693,34556,362,14825,322,17529,9,2202,290,8263,400,14195,299,22458,California
San Benito,2021-04-17,306,34862,225,15050,81,17610,0,2202,123,8203,183,14378,123,22581,California
San Benito,2021-04-18,492,35354,411,15461,81,17691,0,2202,241,8194,251,14629,242,22823,California
San Benito,2021-04-19,716,36070,575,16036,141,17832,0,2202,408,8296,307,14936,409,23232,California
San Benito,2021-04-20,730,36800,384,16420,345,18177,1,2203,466,8503,259,15195,466,23698,California
San Benito,2021-04-21,918,37718,683,17103,235,18412,0,2203,493,8585,411,15606,493,24191,California
San Benito,2021-04-22,786,38504,642,17745,144,18556,0,2203,480,8767,298,15904,480,24671,California
San Benito,2021-04-23,408,38912,262,18007,146,18702,0,2203,221,8850,138,16042,221,24892,California
San Benito,2021-04-24,57,38969,17,18024,40,18742,0,2203,28,8849,29,16071,28,24920,California
San Bernardino,2020-12-15,13,13,13,13,0,0,0,0,13,13,0,0,13,13,California
San Bernardino,2020-12-16,107,120,107,120,0,0,0,0,107,120,0,0,107,120,California
San Bernardino,2020-12-17,2349,2469,2349,2469,0,0,0,0,2349,2469,0,0,2349,2469,California
San Bernardino,2020-12-18,3141,5610,3138,5607,3,3,0,0,3142,5611,0,0,3142,5611,California
San Bernardino,2020-12-19,1068,6678,1067,6674,1,4,0,0,1069,6680,0,0,1069,6680,California
San Bernardino,2020-12-20,1174,7852,1172,7846,2,6,0,0,1174,7854,0,0,1174,7854,California
San Bernardino,2020-12-21,2452,10304,2447,10293,5,11,0,0,2452,10306,0,0,2452,10306,California
San Bernardino,2020-12-22,2266,12570,2140,12433,126,137,0,0,2267,12573,0,0,2267,12573,California
San Bernardino,2020-12-23,2646,15216,1454,13887,1192,1329,0,0,2645,15218,0,0,2645,15218,California
San Bernardino,2020-12-24,1160,16376,585,14472,575,1904,0,0,1162,16380,0,0,1162,16380,California
San Bernardino,2020-12-25,74,16450,14,14486,60,1964,0,0,74,16454,0,0,74,16454,California
San Bernardino,2020-12-26,462,16912,254,14740,208,2172,0,0,462,16916,0,0,462,16916,California
San Bernardino,2020-12-27,343,17255,160,14900,183,2355,0,0,343,17259,0,0,343,17259,California
San Bernardino,2020-12-28,1564,18819,711,15611,853,3208,0,0,1565,18824,0,0,1565,18824,California
San Bernardino,2020-12-29,2209,21028,1041,16652,1168,4376,0,0,2209,21033,0,0,2209,21033,California
San Bernardino,2020-12-30,2891,23919,1459,18111,1432,5808,0,0,2892,23925,0,0,2892,23925,California
San Bernardino,2020-12-31,1358,25277,440,18551,918,6726,0,0,1356,25281,0,0,1356,25281,California
San Bernardino,2021-01-01,280,25557,150,18701,130,6856,0,0,279,25560,0,0,279,25560,California
San Bernardino,2021-01-02,474,26031,338,19039,136,6992,0,0,474,26034,0,0,474,26034,California
San Bernardino,2021-01-03,134,26165,85,19124,49,7041,0,0,134,26168,0,0,134,26168,California
San Bernardino,2021-01-04,2119,28284,1286,20410,833,7874,0,0,2118,28286,0,0,2118,28286,California
San Bernardino,2021-01-05,2329,30613,1458,21868,871,8745,0,0,2219,30396,109,109,2219,30505,California
San Bernardino,2021-01-06,3427,34040,2353,24221,1074,9819,0,0,2934,32844,487,596,2935,33440,California
San Bernardino,2021-01-07,5408,39448,4499,28720,909,10728,0,0,2478,32411,2911,3507,2478,35918,California
San Bernardino,2021-01-08,5359,44807,4440,33160,919,11647,0,0,2286,31629,3069,6576,2287,38205,California
San Bernardino,2021-01-09,1400,46207,1101,34261,299,11946,0,0,904,32037,496,7072,904,39109,California
San Bernardino,2021-01-10,1019,47226,597,34858,422,12368,0,0,572,32162,447,7519,572,39681,California
San Bernardino,2021-01-11,4979,52205,4075,38933,904,13272,0,0,2766,32718,2210,9729,2766,42447,California
San Bernardino,2021-01-12,4227,56432,3218,42151,1009,14281,0,0,2514,33520,1712,11441,2514,44961,California
San Bernardino,2021-01-13,4552,60984,2849,45000,1703,15984,0,0,3328,35638,1211,12652,3329,48290,California
San Bernardino,2021-01-14,4742,65726,2773,47773,1969,17953,0,0,4159,39218,579,13231,4159,52449,California
San Bernardino,2021-01-15,5976,71702,2973,50746,3003,20956,0,0,5581,44417,385,13616,5584,58033,California
San Bernardino,2021-01-16,2257,73959,1292,52038,965,21921,0,0,2116,46392,141,13757,2116,60149,California
San Bernardino,2021-01-17,1189,75148,515,52553,674,22595,0,0,1099,47404,89,13846,1101,61250,California
San Bernardino,2021-01-18,4267,79415,2638,55191,1629,24224,0,0,3648,50437,618,14464,3651,64901,California
San Bernardino,2021-01-19,6298,85713,3705,58896,2593,26817,0,0,5208,54559,1088,15552,5210,70111,California
San Bernardino,2021-01-20,6800,92513,3732,62628,3068,29885,0,0,4872,57513,1920,17472,4874,74985,California
San Bernardino,2021-01-21,5979,98492,3072,65700,2907,32792,0,0,4864,61273,1106,18578,4866,79851,California
San Bernardino,2021-01-22,6500,104992,3035,68735,3465,36257,0,0,5779,66334,719,19297,5780,85631,California
San Bernardino,2021-01-23,3103,108095,1889,70624,1214,37471,0,0,2716,68664,386,19683,2716,88347,California
San Bernardino,2021-01-24,1194,109289,461,71085,733,38204,0,0,1094,69658,100,19783,1094,89441,California
San Bernardino,2021-01-25,6862,116151,3396,74481,3466,41670,0,0,5017,72835,1843,21626,5020,94461,California
San Bernardino,2021-01-26,7105,123256,3568,78049,3537,45207,0,0,5011,75752,2094,23720,5011,99472,California
San Bernardino,2021-01-27,8396,131652,4149,82198,4247,49454,0,0,5692,78748,2696,26416,5692,105164,California
San Bernardino,2021-01-28,8569,140221,4066,86264,4503,53957,0,0,6251,82686,2313,28729,6251,111415,California
San Bernardino,2021-01-29,8174,148395,3765,90029,4409,58366,0,0,6209,86957,1952,30681,6223,117638,California
San Bernardino,2021-01-30,3086,151481,1897,91926,1189,59555,0,0,2801,89474,284,30965,2801,120439,California
San Bernardino,2021-01-31,922,152403,492,92418,430,59985,0,0,869,90291,52,31017,869,121308,California
San Bernardino,2021-02-01,7533,159936,4229,96647,3304,63289,0,0,4916,92593,2614,33631,4916,126224,California
San Bernardino,2021-02-02,10396,170332,3654,100301,6742,70031,0,0,8347,98896,2045,35676,8348,134572,California
San Bernardino,2021-02-03,8973,179305,4145,104446,4828,74859,0,0,6486,102904,2479,38155,6487,141059,California
San Bernardino,2021-02-04,10508,189813,5195,109641,5313,80172,0,0,7442,107291,3055,41210,7442,148501,California
San Bernardino,2021-02-05,10973,200786,5909,115550,5064,85236,0,0,7454,111238,3508,44718,7455,155956,California
San Bernardino,2021-02-06,5251,206037,2206,117756,3045,88281,0,0,3616,113247,1610,46328,3619,159575,California
San Bernardino,2021-02-07,844,206881,491,118247,353,88634,0,0,467,113341,374,46702,468,160043,California
San Bernardino,2021-02-08,7273,214154,3878,122125,3395,92029,0,0,5607,117286,1662,48364,5607,165650,California
San Bernardino,2021-02-09,9908,224062,5821,127946,4087,96116,0,0,6682,120747,3224,51588,6685,172335,California
San Bernardino,2021-02-10,12005,236067,6531,134477,5474,101590,0,0,7843,124440,4151,55739,7844,180179,California
San Bernardino,2021-02-11,12322,248389,7105,141582,5217,106807,0,0,7883,127909,4417,60156,7886,188065,California
San Bernardino,2021-02-12,10344,258733,5928,147510,4416,111223,0,0,5690,128959,4640,64796,5690,193755,California
San Bernardino,2021-02-13,6012,264745,3996,151506,2016,113239,0,0,3775,130518,2221,67017,3780,197535,California
San Bernardino,2021-02-14,1549,266294,649,152155,900,114139,0,0,872,130721,669,67686,872,198407,California
San Bernardino,2021-02-15,5455,271749,2996,155151,2459,116598,0,0,3053,131386,2388,70074,3053,201460,California
San Bernardino,2021-02-16,12591,284340,7373,162524,5218,121816,0,0,7967,134743,4611,74685,7968,209428,California
San Bernardino,2021-02-17,11783,296123,6454,168978,5329,127145,0,0,7140,137258,4627,79312,7142,216570,California
San Bernardino,2021-02-18,12449,308572,7584,176562,4865,132010,0,0,7709,140243,4725,84037,7710,224280,California
San Bernardino,2021-02-19,11465,320037,5904,182466,5561,137571,0,0,6782,142361,4664,88701,6782,231062,California
San Bernardino,2021-02-20,4494,324531,3450,185916,1044,138615,0,0,2040,141950,2452,91153,2041,233103,California
San Bernardino,2021-02-21,1020,325551,563,186479,457,139072,0,0,323,141577,696,91849,323,233426,California
San Bernardino,2021-02-22,8615,334166,5320,191799,3295,142367,0,0,4028,141030,4576,96425,4029,237455,California
San Bernardino,2021-02-23,9066,343232,5402,197201,3664,146031,0,0,4555,141106,4479,100904,4555,242010,California
San Bernardino,2021-02-24,12331,355563,7135,204336,5196,151227,0,0,6074,140948,6233,107137,6075,248085,California
San Bernardino,2021-02-25,12983,368546,6262,210598,6721,157948,0,0,7552,143089,5414,112551,7555,255640,California
San Bernardino,2021-02-26,13546,382092,6373,216971,7173,165121,0,0,7542,144690,5943,118494,7544,263184,California
San Bernardino,2021-02-27,6605,388697,3672,220643,2932,168053,1,1,4785,147665,1811,120305,4786,267970,California
San Bernardino,2021-02-28,1734,390431,710,221353,1024,169077,0,1,1121,148178,608,120913,1121,269091,California
San Bernardino,2021-03-01,8373,398804,4314,225667,4057,173134,2,3,3815,147465,4537,125450,3824,272915,California
San Bernardino,2021-03-02,13633,412437,5354,231021,8279,181413,0,3,6426,146714,7180,132630,6429,279344,California
San Bernardino,2021-03-03,12523,424960,6358,237379,6163,187576,2,5,5750,145716,6755,139385,5757,285101,California
San Bernardino,2021-03-04,13537,438497,6856,244235,6681,194257,0,5,5875,143953,7642,147027,5879,290980,California
San Bernardino,2021-03-05,14120,452617,7301,251536,6818,201075,1,6,6832,143545,7259,154286,6851,297831,California
San Bernardino,2021-03-06,9553,462170,5306,256842,4032,205107,215,221,4442,143104,5097,159383,4656,302487,California
San Bernardino,2021-03-07,1568,463738,926,257768,587,205694,55,276,998,143589,568,159951,1053,303540,California
San Bernardino,2021-03-08,7959,471697,3489,261257,4310,210004,160,436,3502,142803,4451,164402,3665,307205,California
San Bernardino,2021-03-09,12579,484276,7017,268274,5317,215321,245,681,4846,140175,7720,172122,5092,312297,California
San Bernardino,2021-03-10,13969,498245,7672,275946,5775,221096,522,1203,6184,139128,7758,179880,6711,319008,California
San Bernardino,2021-03-11,15149,513394,7110,283056,6532,227628,1507,2710,7246,139995,7883,187763,8750,327758,California
San Bernardino,2021-03-12,15212,528606,6784,289840,6414,234042,2014,4724,7269,141410,7915,195678,9330,337088,California
San Bernardino,2021-03-13,8265,536871,4494,294334,3270,237312,501,5225,4903,143464,3352,199030,5406,342494,California
San Bernardino,2021-03-14,3209,540080,1606,295940,1035,238347,568,5793,1838,144499,1365,200395,2400,344894,California
San Bernardino,2021-03-15,11266,551346,5311,301251,3956,242303,1999,7792,5527,146291,5731,206126,7523,352417,California
San Bernardino,2021-03-16,15997,567343,7904,309155,7150,249453,943,8735,9756,150768,6219,212345,10696,363113,California
San Bernardino,2021-03-17,16925,584268,8462,317617,7715,257168,748,9483,10137,154882,6772,219117,10886,373999,California
San Bernardino,2021-03-18,16264,600532,8065,325682,7815,264983,384,9867,9553,158136,6684,225801,9938,383937,California
San Bernardino,2021-03-19,16754,617286,8294,333976,7873,272856,587,10454,9583,161213,7146,232947,10223,394160,California
San Bernardino,2021-03-20,9382,626668,5906,339882,2894,275750,582,11036,5577,163588,3781,236728,6156,400316,California
San Bernardino,2021-03-21,2746,629414,2237,342119,462,276212,47,11083,2225,165351,509,237237,2272,402588,California
San Bernardino,2021-03-22,9540,638954,4483,346602,4624,280836,433,11516,6927,170114,2598,239835,7361,409949,California
San Bernardino,2021-03-23,15384,654338,8738,355340,6025,286861,621,12137,9632,174632,5734,245569,10252,420201,California
San Bernardino,2021-03-24,14925,669263,7755,363095,6872,293733,298,12435,9953,179946,4938,250507,10252,430453,California
San Bernardino,2021-03-25,16808,686071,8277,371372,8238,301971,293,12728,10686,184843,6078,256585,10975,441428,California
San Bernardino,2021-03-26,17845,703916,8579,379951,8499,310470,767,13495,10839,189475,6974,263559,11606,453034,California
San Bernardino,2021-03-27,10687,714603,6889,386840,3051,313521,747,14242,6135,191820,4537,268096,6882,459916,California
San Bernardino,2021-03-28,3517,718120,2469,389309,936,314457,112,14354,2482,193385,1028,269124,2593,462509,California
San Bernardino,2021-03-29,11574,729694,6069,395378,5107,319564,398,14752,7894,198010,3667,272791,8292,470801,California
San Bernardino,2021-03-30,16747,746441,9398,404776,6640,326204,709,15461,10778,203555,5936,278727,11481,482282,California
San Bernardino,2021-03-31,16149,762590,9140,413916,6402,332606,607,16068,10885,209804,5240,283967,11489,493771,California
San Bernardino,2021-04-01,19389,781979,10256,424172,7781,340387,1352,17420,12558,216908,6802,290769,13906,507677,California
San Bernardino,2021-04-02,18403,800382,9221,433393,7914,348301,1268,18688,11128,222095,7249,298018,12436,520113,California
San Bernardino,2021-04-03,10892,811274,6810,440203,2960,351261,1122,19810,5967,224268,4913,302931,7086,527199,California
San Bernardino,2021-04-04,2446,813720,1483,441686,717,351978,246,20056,1256,224581,1187,304118,1500,528699,California
San Bernardino,2021-04-05,11647,825367,5242,446928,4681,356659,1724,21780,5988,226651,5639,309757,7709,536408,California
San Bernardino,2021-04-06,19556,844923,10990,457918,6477,363136,2089,23869,10388,229993,9134,318891,12476,548884,California
San Bernardino,2021-04-07,20756,865679,11108,469026,7201,370337,2447,26316,11377,234456,9351,328242,13814,562698,California
San Bernardino,2021-04-08,21550,887229,11046,480072,7920,378257,2584,28900,11940,239394,9581,337823,14519,577217,California
San Bernardino,2021-04-09,21421,908650,10874,490946,8021,386278,2526,31426,11680,243887,9708,347531,14201,591418,California
San Bernardino,2021-04-10,15421,924071,7955,498901,3791,390069,3675,35101,7671,247496,7729,355260,11338,602756,California
San Bernardino,2021-04-11,4301,928372,2529,501430,881,390950,891,35992,1998,248086,2298,357558,2888,605644,California
San Bernardino,2021-04-12,13213,941585,6148,507578,5458,396408,1607,37599,6262,249022,6931,364489,7867,613511,California
San Bernardino,2021-04-13,19025,960610,10910,518488,8096,404504,19,37618,10869,251778,8132,372621,10888,624399,California
San Bernardino,2021-04-14,18741,979351,10234,528722,8504,413008,3,37621,10711,254493,8000,380621,10715,635114,California
San Bernardino,2021-04-15,19737,999088,11142,539864,8592,421600,3,37624,10507,255812,9194,389815,10513,645627,California
San Bernardino,2021-04-16,18281,1017369,10475,550339,7804,429404,2,37626,9019,255608,9224,399039,9020,654647,California
San Bernardino,2021-04-17,11723,1029092,7719,558058,4004,433408,0,37626,6144,256202,5550,404589,6144,660791,California
San Bernardino,2021-04-18,2749,1031841,1846,559904,903,434311,0,37626,1252,255968,1486,406075,1252,662043,California
San Bernardino,2021-04-19,12200,1044041,6492,566396,5708,440019,0,37626,4672,253134,7510,413585,4676,666719,California
San Bernardino,2021-04-20,17134,1061175,9584,575980,7547,447566,3,37629,7800,251625,9313,422898,7804,674523,California
San Bernardino,2021-04-21,17370,1078545,10166,586146,7203,454769,1,37630,7630,249570,9686,432584,7631,682154,California
San Bernardino,2021-04-22,17857,1096402,10519,596665,7338,462107,0,37630,7427,246623,10378,442962,7431,689585,California
San Bernardino,2021-04-23,13951,1110353,8608,605273,5341,467448,2,37632,6044,244802,7869,450831,6048,695633,California
San Bernardino,2021-04-24,5650,1116003,4607,609880,1041,468489,2,37634,3194,245553,2446,453277,3197,698830,California
San Diego,2020-12-15,119,119,119,119,0,0,0,0,119,119,0,0,119,119,California
San Diego,2020-12-16,1102,1221,1102,1221,0,0,0,0,1102,1221,0,0,1102,1221,California
San Diego,2020-12-17,2349,3570,2349,3570,0,0,0,0,2349,3570,0,0,2349,3570,California
San Diego,2020-12-18,3670,7240,3669,7239,1,1,0,0,3670,7240,0,0,3670,7240,California
San Diego,2020-12-19,2309,9549,2309,9548,0,1,0,0,2309,9549,0,0,2309,9549,California
San Diego,2020-12-20,1183,10732,1182,10730,1,2,0,0,1183,10732,0,0,1183,10732,California
San Diego,2020-12-21,3521,14253,3520,14250,1,3,0,0,3521,14253,0,0,3521,14253,California
San Diego,2020-12-22,4055,18308,3412,17662,643,646,0,0,4055,18308,0,0,4055,18308,California
San Diego,2020-12-23,3178,21486,1976,19638,1202,1848,0,0,3178,21486,0,0,3178,21486,California
San Diego,2020-12-24,2735,24221,2219,21857,516,2364,0,0,2735,24221,0,0,2735,24221,California
San Diego,2020-12-25,874,25095,873,22730,1,2365,0,0,874,25095,0,0,874,25095,California
San Diego,2020-12-26,3294,28389,2143,24873,1151,3516,0,0,3294,28389,0,0,3294,28389,California
San Diego,2020-12-27,2508,30897,1617,26490,891,4407,0,0,2507,30895,1,1,2507,30896,California
San Diego,2020-12-28,5900,36797,4212,30702,1688,6095,0,0,5900,36795,0,1,5900,36796,California
San Diego,2020-12-29,5589,42386,3014,33716,2575,8670,0,0,5589,42384,0,1,5589,42385,California
San Diego,2020-12-30,5943,48329,3100,36816,2843,11513,0,0,5943,48327,0,1,5943,48328,California
San Diego,2020-12-31,2983,51312,1004,37820,1979,13492,0,0,2983,51310,0,1,2983,51311,California
San Diego,2021-01-01,1006,52318,452,38272,554,14046,0,0,1005,52315,0,1,1005,52316,California
San Diego,2021-01-02,3762,56080,1321,39593,2441,16487,0,0,3762,56077,0,1,3762,56078,California
San Diego,2021-01-03,859,56939,632,40225,227,16714,0,0,858,56935,0,1,858,56936,California
San Diego,2021-01-04,3703,60642,2052,42277,1651,18365,0,0,3696,60631,0,1,3696,60632,California
San Diego,2021-01-05,4310,64952,2122,44399,2188,20553,0,0,3693,63723,613,614,3705,64337,California
San Diego,2021-01-06,4947,69899,2299,46698,2648,23201,0,0,3712,66227,1212,1826,3716,68053,California
San Diego,2021-01-07,5608,75507,2981,49679,2627,25828,0,0,3452,67536,2149,3975,3458,71511,California
San Diego,2021-01-08,7721,83228,4958,54637,2763,28591,0,0,3935,67718,3769,7744,3951,75462,California
San Diego,2021-01-09,2956,86184,1554,56191,1402,29993,0,0,1788,68356,1158,8902,1796,77258,California
San Diego,2021-01-10,1881,88065,1292,57483,589,30582,0,0,779,68054,1090,9992,788,78046,California
San Diego,2021-01-11,10326,98391,5858,63341,4468,35050,0,0,6802,71353,3517,13509,6816,84862,California
San Diego,2021-01-12,11204,109595,5316,68657,5888,40938,0,0,7831,75933,3364,16873,7944,92806,California
San Diego,2021-01-13,11478,121073,5025,73682,6453,47391,0,0,8933,82357,2532,19405,8956,101762,California
San Diego,2021-01-14,12366,133439,4752,78434,7614,55005,0,0,10199,90432,2158,21563,10233,111995,California
San Diego,2021-01-15,15124,148563,5354,83788,9770,64775,0,0,12481,100341,2624,24187,12533,124528,California
San Diego,2021-01-16,10767,159330,3594,87382,7173,71948,0,0,9320,108251,1442,25629,9352,133880,California
San Diego,2021-01-17,8682,168012,2499,89881,6183,78131,0,0,7844,115275,838,26467,7862,141742,California
San Diego,2021-01-18,12499,180511,5941,95822,6558,84689,0,0,9669,122207,2791,29258,9723,151465,California
San Diego,2021-01-19,14751,195262,5823,101645,8928,93617,0,0,11625,130978,3112,32370,11883,163348,California
San Diego,2021-01-20,18322,213584,6383,108028,11939,105556,0,0,15032,142910,3271,35641,15203,178551,California
San Diego,2021-01-21,17403,230987,5898,113926,11505,117061,0,0,16011,157688,1381,37022,16159,194710,California
San Diego,2021-01-22,17677,248664,4753,118679,12924,129985,0,0,15623,171367,2041,39063,15720,210430,California
San Diego,2021-01-23,14478,263142,5271,123950,9207,139192,0,0,12117,181191,2348,41411,12172,222602,California
San Diego,2021-01-24,11916,275058,3360,127310,8556,147748,0,0,10940,191192,974,42385,10975,233577,California
San Diego,2021-01-25,12222,287280,5750,133060,6472,154220,0,0,9210,197548,3005,45390,9361,242938,California
San Diego,2021-01-26,14944,302224,7646,140706,7298,161518,0,0,11669,206134,3270,48660,11856,254794,California
San Diego,2021-01-27,20762,322986,8128,148834,12634,174152,0,0,17672,220870,3076,51736,17812,272606,California
San Diego,2021-01-28,21303,344289,7646,156480,13657,187809,0,0,19042,237740,2251,53987,19121,291727,California
San Diego,2021-01-29,19703,363992,6459,162939,13244,201053,0,0,17278,252649,2415,56402,17324,309051,California
San Diego,2021-01-30,15899,379891,3667,166606,12232,213285,0,0,13219,263297,2670,59072,13318,322369,California
San Diego,2021-01-31,14792,394683,5753,172359,9039,222324,0,0,14432,277402,356,59428,14461,336830,California
San Diego,2021-02-01,20520,415203,7232,179591,13288,235612,0,0,17330,291633,3176,62604,17407,354237,California
San Diego,2021-02-02,23198,438401,8689,188280,14509,250121,0,0,19668,307948,3520,66124,19835,374072,California
San Diego,2021-02-03,27451,465852,11562,199842,15889,266010,0,0,23276,327247,4157,70281,23456,397528,California
San Diego,2021-02-04,24379,490231,10029,209871,14350,280360,0,0,19677,342521,4685,74966,19959,417487,California
San Diego,2021-02-05,25023,515254,8986,218857,16037,296397,0,0,18479,354969,6521,81487,18969,436456,California
San Diego,2021-02-06,20792,536046,8569,227426,12223,308620,0,0,17596,369599,3190,84677,17820,454276,California
San Diego,2021-02-07,12129,548175,5375,232801,6754,315374,0,0,10263,378269,1846,86523,10516,464792,California
San Diego,2021-02-08,20103,568278,8519,241320,11584,326958,0,0,12688,384246,7399,93922,13376,478168,California
San Diego,2021-02-09,20396,588674,8238,249558,12158,339116,0,0,13197,391332,7179,101101,14265,492433,California
San Diego,2021-02-10,22984,611658,9359,258917,13625,352741,0,0,13885,397517,9055,110156,15240,507673,California
San Diego,2021-02-11,23779,635437,10141,269058,13638,366379,0,0,12736,400910,11016,121172,14409,522082,California
San Diego,2021-02-12,23843,659280,7459,276517,16384,382763,0,0,11920,403179,11905,133077,14174,536256,California
San Diego,2021-02-13,20021,679301,9014,285531,11007,393770,0,0,10896,406153,9117,142194,12091,548347,California
San Diego,2021-02-14,11187,690488,7431,292962,3756,397526,0,0,6335,409292,4848,147042,7987,556334,California
San Diego,2021-02-15,15190,705678,7682,300644,7508,405034,0,0,7847,412952,7324,154366,10984,567318,California
San Diego,2021-02-16,19281,724959,11251,311895,8030,413064,0,0,9234,415497,10036,164402,12581,579899,California
San Diego,2021-02-17,23396,748355,10983,322878,12413,425477,0,0,8145,411969,15239,179641,11711,591610,California
San Diego,2021-02-18,23573,771928,12021,334899,11552,437029,0,0,7790,408603,15775,195416,12409,604019,California
San Diego,2021-02-19,15909,787837,10921,345820,4988,442017,0,0,6634,408080,9255,204671,8732,612751,California
San Diego,2021-02-20,10259,798096,6361,352181,3898,445915,0,0,5818,411700,4437,209108,8057,620808,California
San Diego,2021-02-21,11527,809623,10116,362297,1411,447326,0,0,5201,412897,6299,215407,7496,628304,California
San Diego,2021-02-22,12445,822068,10584,372881,1861,449187,0,0,5803,414520,6635,222042,8258,636562,California
San Diego,2021-02-23,25901,847969,14524,387405,11377,460564,0,0,9668,414881,16228,238270,16589,653151,California
San Diego,2021-02-24,28952,876921,12762,400167,16190,476754,0,0,6869,408241,22065,260335,15425,668576,California
San Diego,2021-02-25,33187,910108,14711,414878,18476,495230,0,0,10171,404785,22998,283333,19542,688118,California
San Diego,2021-02-26,33457,943565,12393,427271,21064,516294,0,0,12147,402829,21283,304616,19327,707445,California
San Diego,2021-02-27,21241,964806,9676,436947,11565,527859,0,0,11452,408947,9784,314400,15902,723347,California
San Diego,2021-02-28,15244,980050,9944,446891,5300,533159,0,0,9498,416479,5745,320145,13277,736624,California
San Diego,2021-03-01,24162,1004212,14239,461130,9922,543081,1,1,14674,426515,9414,329559,19450,756074,California
San Diego,2021-03-02,26079,1030291,13995,475125,12084,555165,0,1,12726,433590,13346,342905,20421,776495,California
San Diego,2021-03-03,33950,1064241,15881,491006,18066,573231,3,4,14056,435633,19879,362784,21922,798417,California
San Diego,2021-03-04,28277,1092518,14065,505071,14212,587443,0,4,12646,440010,15611,378395,19988,818405,California
San Diego,2021-03-05,28917,1121435,14820,519891,14015,601458,82,86,13490,445270,15412,393807,20672,839077,California
San Diego,2021-03-06,23360,1144795,9523,529414,13135,614593,702,788,10298,448473,13048,406855,16251,855328,California
San Diego,2021-03-07,18196,1162991,9294,538708,8332,622925,570,1358,6911,449259,11278,418133,12064,867392,California
San Diego,2021-03-08,23033,1186024,11164,549872,10970,633895,899,2257,11430,454919,11592,429725,17252,884644,California
San Diego,2021-03-09,25849,1211873,11940,561812,12154,646049,1755,4012,10104,456672,15733,445458,17486,902130,California
San Diego,2021-03-10,25257,1237130,10731,572543,12133,658182,2393,6405,9875,459013,15371,460829,17712,919842,California
San Diego,2021-03-11,28667,1265797,10996,583539,14073,672255,3598,10003,10011,459156,18637,479466,18780,938622,California
San Diego,2021-03-12,27063,1292860,9447,592986,14482,686737,3134,13137,9959,458694,17090,496556,16628,955250,California
San Diego,2021-03-13,25974,1318834,7298,600284,17073,703810,1603,14740,10074,458668,15897,512453,15871,971121,California
San Diego,2021-03-14,13704,1332538,5358,605642,7610,711420,736,15476,4788,457711,8909,521362,7952,979073,California
San Diego,2021-03-15,22006,1354544,10154,615796,11074,722494,778,16254,9045,457714,12943,534305,12946,992019,California
San Diego,2021-03-16,29890,1384434,15696,631492,13781,736275,413,16667,15648,463270,14221,548526,19777,1011796,California
San Diego,2021-03-17,26234,1410668,12147,643639,13378,749653,709,17376,16709,473671,9514,558040,19915,1031711,California
San Diego,2021-03-18,31371,1442039,17693,661332,12783,762436,895,18271,16925,479691,14411,572451,20431,1052142,California
San Diego,2021-03-19,30159,1472198,14292,675624,14890,777326,977,19248,19286,490832,10856,583307,21997,1074139,California
San Diego,2021-03-20,27785,1499983,8360,683984,17634,794960,1791,21039,21367,509196,6409,589716,24773,1098912,California
San Diego,2021-03-21,16481,1516464,12005,695989,3760,798720,716,21755,7684,511545,8785,598501,11134,1110046,California
San Diego,2021-03-22,22450,1538914,13094,709083,9115,807835,241,21996,14302,521259,8138,606639,17852,1127898,California
San Diego,2021-03-23,25930,1564844,13604,722687,12066,819901,260,22256,17138,532154,8776,615415,19671,1147569,California
San Diego,2021-03-24,29471,1594315,19700,742387,9407,829308,364,22620,17078,540459,12384,627799,20689,1168258,California
San Diego,2021-03-25,30276,1624591,18198,760585,11421,840729,657,23277,17984,548966,12277,640076,20784,1189042,California
San Diego,2021-03-26,32085,1656676,17861,778446,13677,854406,547,23824,17574,555588,14481,654557,21103,1210145,California
San Diego,2021-03-27,25430,1682106,10976,789422,14061,868467,393,24217,15713,564260,9701,664258,18373,1228518,California
San Diego,2021-03-28,14937,1697043,9170,798592,5711,874178,56,24273,9202,569266,5728,669986,10734,1239252,California
San Diego,2021-03-29,26573,1723616,12843,811435,13133,887311,597,24870,16398,578524,10166,680152,19424,1258676,California
San Diego,2021-03-30,33153,1756769,17868,829303,14514,901825,771,25641,21999,592009,11137,691289,24622,1283298,California
San Diego,2021-03-31,30192,1786961,18722,848025,10831,912656,639,26280,20549,604699,9625,700914,22315,1305613,California
San Diego,2021-04-01,34060,1821021,20112,868137,12596,925252,1352,27632,23149,619653,10884,711798,25838,1331451,California
San Diego,2021-04-02,35475,1856496,20668,888805,12254,937506,2553,30185,24157,636461,11300,723098,28108,1359559,California
San Diego,2021-04-03,30709,1887205,14473,903278,11760,949266,4476,34661,19733,651147,10962,734060,25648,1385207,California
San Diego,2021-04-04,8900,1896105,5077,908355,2924,952190,899,35560,4703,652815,4193,738253,5861,1391068,California
San Diego,2021-04-05,29591,1925696,15361,923716,11681,963871,2549,38109,19386,667296,10193,748446,24674,1415742,California
San Diego,2021-04-06,38514,1964210,20358,944074,12389,976260,5767,43876,22355,681964,16139,764585,30807,1446549,California
San Diego,2021-04-07,35464,1999674,21894,965968,9148,985408,4422,48298,20313,694002,15126,779711,27164,1473713,California
San Diego,2021-04-08,34896,2034570,21254,987222,9652,995060,3990,52288,21242,708222,13634,793345,27854,1501567,California
San Diego,2021-04-09,37931,2072501,22705,1009927,10230,1005290,4996,57284,20725,720511,17136,810481,29425,1530992,California
San Diego,2021-04-10,28494,2100995,11699,1021626,12865,1018155,3930,61214,14621,728413,13861,824342,21763,1552755,California
San Diego,2021-04-11,16101,2117096,9985,1031611,3855,1022010,2261,63475,7228,732700,8870,833212,13157,1565912,California
San Diego,2021-04-12,30496,2147592,12773,1044384,13430,1035440,4293,67768,17017,744191,13464,846676,24955,1590867,California
San Diego,2021-04-13,37046,2184638,17655,1062039,19356,1054796,35,67803,24735,760390,12293,858969,28492,1619359,California
San Diego,2021-04-14,32744,2217382,18760,1080799,13973,1068769,11,67814,17726,769177,15003,873972,23790,1643149,California
San Diego,2021-04-15,38779,2256161,20069,1100868,18708,1087477,2,67816,23493,782074,15260,889232,28157,1671306,California
San Diego,2021-04-16,33148,2289309,18456,1119324,14691,1102168,1,67817,19185,790258,13895,903127,22079,1693385,California
San Diego,2021-04-17,27542,2316851,13416,1132740,14126,1116294,0,67817,12207,791066,15237,918364,16045,1709430,California
San Diego,2021-04-18,14165,2331016,8819,1141559,5343,1121637,3,67820,6629,793785,7528,925892,10247,1719677,California
San Diego,2021-04-19,26116,2357132,13263,1154822,12852,1134489,1,67821,12418,795526,13683,939575,15424,1735101,California
San Diego,2021-04-20,38102,2395234,17002,1171824,21100,1155589,0,67821,19448,801916,18636,958211,25026,1760127,California
San Diego,2021-04-21,34527,2429761,20572,1192396,13955,1169544,0,67821,16664,806734,17835,976046,22653,1782780,California
San Diego,2021-04-22,43138,2472899,21624,1214020,21508,1191052,6,67827,21073,813035,22035,998081,28336,1811116,California
San Diego,2021-04-23,40470,2513369,25098,1239118,15361,1206413,11,67838,14712,812834,25733,1023814,25532,1836648,California
San Diego,2021-04-24,17270,2530639,8396,1247514,8870,1215283,4,67842,8097,816468,9164,1032978,12798,1849446,California
San Francisco,2020-12-15,7,7,7,7,0,0,0,0,7,7,0,0,7,7,California
San Francisco,2020-12-16,229,236,229,236,0,0,0,0,229,236,0,0,229,236,California
San Francisco,2020-12-17,394,630,394,630,0,0,0,0,394,630,0,0,394,630,California
San Francisco,2020-12-18,877,1507,876,1506,1,1,0,0,877,1507,0,0,877,1507,California
San Francisco,2020-12-19,601,2108,601,2107,0,1,0,0,601,2108,0,0,601,2108,California
San Francisco,2020-12-20,483,2591,483,2590,0,1,0,0,483,2591,0,0,483,2591,California
San Francisco,2020-12-21,1162,3753,1162,3752,0,1,0,0,1162,3753,0,0,1162,3753,California
San Francisco,2020-12-22,1399,5152,1365,5117,34,35,0,0,1399,5152,0,0,1399,5152,California
San Francisco,2020-12-23,1332,6484,1042,6159,290,325,0,0,1332,6484,0,0,1332,6484,California
San Francisco,2020-12-24,840,7324,503,6662,337,662,0,0,840,7324,0,0,840,7324,California
San Francisco,2020-12-25,34,7358,29,6691,5,667,0,0,34,7358,0,0,34,7358,California
San Francisco,2020-12-26,245,7603,151,6842,94,761,0,0,245,7603,0,0,245,7603,California
San Francisco,2020-12-27,273,7876,60,6902,213,974,0,0,273,7876,0,0,273,7876,California
San Francisco,2020-12-28,1269,9145,685,7587,584,1558,0,0,1269,9145,0,0,1269,9145,California
San Francisco,2020-12-29,1242,10387,621,8208,621,2179,0,0,1242,10387,0,0,1242,10387,California
San Francisco,2020-12-30,1486,11873,780,8988,706,2885,0,0,1486,11873,0,0,1486,11873,California
San Francisco,2020-12-31,962,12835,411,9399,551,3436,0,0,961,12834,0,0,961,12834,California
San Francisco,2021-01-01,73,12908,63,9462,10,3446,0,0,73,12907,0,0,73,12907,California
San Francisco,2021-01-02,334,13242,303,9765,31,3477,0,0,334,13241,0,0,334,13241,California
San Francisco,2021-01-03,293,13535,101,9866,192,3669,0,0,292,13532,1,1,292,13533,California
San Francisco,2021-01-04,1838,15373,1357,11223,481,4150,0,0,1835,15364,3,4,1835,15368,California
San Francisco,2021-01-05,2233,17606,1415,12638,818,4968,0,0,2198,17529,35,39,2200,17568,California
San Francisco,2021-01-06,1867,19473,1161,13799,706,5674,0,0,1602,18869,263,302,1603,19171,California
San Francisco,2021-01-07,2059,21532,1202,15001,857,6531,0,0,1603,20019,453,755,1603,20774,California
San Francisco,2021-01-08,2328,23860,1630,16631,698,7229,0,0,1492,20680,831,1586,1492,22266,California
San Francisco,2021-01-09,1387,25247,892,17523,495,7724,0,0,883,21061,504,2090,885,23151,California
San Francisco,2021-01-10,920,26167,542,18065,378,8102,0,0,460,21062,459,2549,460,23611,California
San Francisco,2021-01-11,2501,28668,1870,19935,631,8733,0,0,1402,21364,1100,3649,1402,25013,California
San Francisco,2021-01-12,3084,31752,2055,21990,1029,9762,0,0,1893,22067,1191,4840,1894,26907,California
San Francisco,2021-01-13,2817,34569,1598,23588,1219,10981,0,0,1989,23228,828,5668,1989,28896,California
San Francisco,2021-01-14,2435,37004,1097,24685,1338,12319,0,0,1875,24543,560,6228,1875,30771,California
San Francisco,2021-01-15,2739,39743,1145,25830,1594,13913,0,0,2348,26504,389,6617,2350,33121,California
San Francisco,2021-01-16,2249,41992,963,26793,1286,15199,0,0,2084,28424,165,6782,2085,35206,California
San Francisco,2021-01-17,1918,43910,532,27325,1386,16585,0,0,1703,29912,215,6997,1703,36909,California
San Francisco,2021-01-18,1371,45281,587,27912,784,17369,0,0,1109,30762,261,7258,1111,38020,California
San Francisco,2021-01-19,2568,47849,1470,29382,1098,18467,0,0,1823,31840,745,8003,1823,39843,California
San Francisco,2021-01-20,2703,50552,1084,30466,1619,20086,0,0,1955,33051,745,8748,1956,41799,California
San Francisco,2021-01-21,3288,53840,926,31392,2362,22448,0,0,2469,34703,817,9565,2469,44268,California
San Francisco,2021-01-22,3170,57010,633,32025,2537,24985,0,0,2728,36991,440,10005,2728,46996,California
San Francisco,2021-01-23,3089,60099,608,32633,2481,27466,0,0,2722,39348,366,10371,2723,49719,California
San Francisco,2021-01-24,2400,62499,337,32970,2063,29529,0,0,2172,41295,225,10596,2172,51891,California
San Francisco,2021-01-25,4578,67077,1779,34749,2799,32328,0,0,3031,42782,1545,12141,3032,54923,California
San Francisco,2021-01-26,4661,71738,2134,36883,2527,34855,0,0,3071,44268,1587,13728,3073,57996,California
San Francisco,2021-01-27,4414,76152,2069,38952,2345,37200,0,0,3067,45992,1343,15071,3067,61063,California
San Francisco,2021-01-28,3749,79901,1551,40503,2198,39398,0,0,2589,47426,1155,16226,2589,63652,California
San Francisco,2021-01-29,4712,84613,1678,42181,3034,42432,0,0,3446,49613,1259,17485,3446,67098,California
San Francisco,2021-01-30,3722,88335,1792,43973,1930,44362,0,0,3276,52447,445,17930,3279,70377,California
San Francisco,2021-01-31,2348,90683,822,44795,1526,45888,0,0,2197,54495,150,18080,2198,72575,California
San Francisco,2021-02-01,3779,94462,1518,46313,2261,48149,0,0,2880,56477,899,18979,2881,75456,California
San Francisco,2021-02-02,4641,99103,1961,48274,2680,50829,0,0,2877,57596,1758,20737,2877,78333,California
San Francisco,2021-02-03,5053,104156,2370,50644,2683,53512,0,0,3752,60051,1298,22035,3753,82086,California
San Francisco,2021-02-04,5014,109170,2430,53074,2584,56096,0,0,3854,62747,1158,23193,3854,85940,California
San Francisco,2021-02-05,5916,115086,3192,56266,2724,58820,0,0,4579,65993,1334,24527,4580,90520,California
San Francisco,2021-02-06,5467,120553,3647,59913,1820,60640,0,0,4569,69667,896,25423,4570,95090,California
San Francisco,2021-02-07,4320,124873,3170,63083,1150,61790,0,0,3744,72839,575,25998,3747,98837,California
San Francisco,2021-02-08,6688,131561,4605,67688,2083,63873,0,0,5481,77132,1190,27188,5483,104320,California
San Francisco,2021-02-09,5911,137472,3981,71669,1930,65803,0,0,4361,79947,1547,28735,4362,108682,California
San Francisco,2021-02-10,6852,144324,4173,75842,2679,68482,0,0,5089,83284,1755,30490,5092,113774,California
San Francisco,2021-02-11,6697,151021,3972,79814,2725,71207,0,0,4888,86367,1806,32296,4889,118663,California
San Francisco,2021-02-12,5304,156325,2663,82477,2641,73848,0,0,3477,88018,1826,34122,3477,122140,California
San Francisco,2021-02-13,4354,160679,2546,85023,1808,75656,0,0,3031,89728,1323,35445,3033,125173,California
San Francisco,2021-02-14,3412,164091,2239,87262,1173,76829,0,0,2289,90896,1122,36567,2290,127463,California
San Francisco,2021-02-15,2750,166841,1486,88748,1264,78093,0,0,1673,91494,1075,37642,1673,129136,California
San Francisco,2021-02-16,4977,171818,2720,91468,2257,80350,0,0,2950,92430,2020,39662,2956,132092,California
San Francisco,2021-02-17,5391,177209,2676,94144,2715,83065,0,0,2957,92963,2425,42087,2958,135050,California
San Francisco,2021-02-18,5368,182577,2627,96771,2741,85806,0,0,2808,93214,2560,44647,2811,137861,California
San Francisco,2021-02-19,5625,188202,2643,99414,2982,88788,0,0,2928,93453,2691,47338,2930,140791,California
San Francisco,2021-02-20,4478,192680,2143,101557,2335,91123,0,0,1697,92378,2773,50111,1698,142489,California
San Francisco,2021-02-21,2736,195416,1367,102924,1369,92492,0,0,1140,91927,1592,51703,1141,143630,California
San Francisco,2021-02-22,5088,200504,3166,106090,1922,94414,0,0,2560,91969,2520,54223,2562,146192,California
San Francisco,2021-02-23,5445,205949,3080,109170,2365,96779,0,0,2757,92044,2682,56905,2757,148949,California
San Francisco,2021-02-24,8959,214908,5071,114241,3888,100667,0,0,4777,92649,4173,61078,4778,153727,California
San Francisco,2021-02-25,9744,224652,6848,121089,2896,103563,0,0,6290,95489,3452,64530,6292,160019,California
San Francisco,2021-02-26,11890,236542,7715,128804,4175,107738,0,0,7044,97686,4848,69378,7045,167064,California
San Francisco,2021-02-27,8887,245429,5653,134457,3233,110971,1,1,4501,97816,4373,73751,4503,171567,California
San Francisco,2021-02-28,7697,253126,5520,139977,2177,113148,0,1,3828,97778,3867,77618,3829,175396,California
San Francisco,2021-03-01,10660,263786,7153,147130,3505,116653,2,3,5152,97445,5490,83108,5157,180553,California
San Francisco,2021-03-02,8830,272616,5632,152762,3198,119851,0,3,5118,98860,3704,86812,5119,185672,California
San Francisco,2021-03-03,10906,283522,6223,158985,4682,124533,1,4,5922,99813,4973,91785,5926,191598,California
San Francisco,2021-03-04,8610,292132,5417,164402,3193,127726,0,4,4846,100901,3758,95543,4846,196444,California
San Francisco,2021-03-05,8638,300770,5119,169521,3516,131242,3,7,5432,103140,3197,98740,5436,201880,California
San Francisco,2021-03-06,6852,307622,4409,173930,2236,133478,207,214,4205,104890,2659,101399,4409,206289,California
San Francisco,2021-03-07,5116,312738,3973,177903,1087,134565,56,270,2879,105574,2251,103650,2935,209224,California
San Francisco,2021-03-08,7116,319854,5150,183053,1780,136345,186,456,5568,109748,1580,105230,5754,214978,California
San Francisco,2021-03-09,6690,326544,3923,186976,2393,138738,374,830,4564,112549,2133,107363,4934,219912,California
San Francisco,2021-03-10,10362,336906,5861,192837,4006,142744,495,1325,6336,115374,4007,111370,6832,226744,California
San Francisco,2021-03-11,10018,346924,6336,199173,2723,145467,959,2284,6575,119474,3427,114797,7527,234271,California
San Francisco,2021-03-12,10688,357612,6234,205407,3147,148614,1307,3591,5937,121987,4728,119525,7241,241512,California
San Francisco,2021-03-13,6566,364178,3834,209241,1683,150297,1049,4640,4072,124620,2487,122012,5120,246632,California
San Francisco,2021-03-14,7474,371652,4840,214081,2398,152695,236,4876,4034,125462,3428,125440,4270,250902,California
San Francisco,2021-03-15,11899,383551,9076,223157,1890,154585,933,5809,8239,130980,3647,129087,9165,260067,California
San Francisco,2021-03-16,12022,395573,8158,231315,3407,157992,457,6266,8744,136916,3264,132351,9200,269267,California
San Francisco,2021-03-17,13136,408709,8112,239427,4483,162475,541,6807,9495,143333,3615,135966,10032,279299,California
San Francisco,2021-03-18,9935,418644,6728,246155,2586,165061,621,7428,5653,145347,4257,140223,6271,285570,California
San Francisco,2021-03-19,11999,430643,8687,254842,2849,167910,463,7891,6386,146603,5589,145812,6845,292415,California
San Francisco,2021-03-20,8639,439282,6367,261209,1813,169723,459,8350,5132,148717,3479,149291,5593,298008,California
San Francisco,2021-03-21,6441,445723,5891,267100,416,170139,134,8484,3681,149784,2748,152039,3815,301823,California
San Francisco,2021-03-22,9640,455363,6791,273891,2008,172147,841,9325,5072,151145,4548,156587,5909,307732,California
San Francisco,2021-03-23,11112,466475,7341,281232,3125,175272,646,9971,6697,154100,4385,160972,7340,315072,California
San Francisco,2021-03-24,12230,478705,9376,290608,2319,177591,535,10506,6327,155092,5867,166839,6859,321931,California
San Francisco,2021-03-25,11754,490459,8629,299237,2564,180155,561,11067,5886,155731,5804,172643,6443,328374,California
San Francisco,2021-03-26,11826,502285,8178,307415,3418,183573,230,11297,6109,156380,5687,178330,6336,334710,California
San Francisco,2021-03-27,8598,510883,5736,313151,2517,186090,345,11642,3903,155950,4677,183007,4247,338957,California
San Francisco,2021-03-28,6566,517449,5237,318388,1287,187377,42,11684,3163,155771,3381,186388,3202,342159,California
San Francisco,2021-03-29,11350,528799,7855,326243,3312,190689,183,11867,5134,154896,6191,192579,5316,347475,California
San Francisco,2021-03-30,11481,540280,7170,333413,4021,194710,290,12157,6883,157494,4574,197153,7172,354647,California
San Francisco,2021-03-31,12081,552361,8018,341431,3769,198479,294,12451,5626,156983,6426,203579,5915,360562,California
San Francisco,2021-04-01,13644,566005,7258,348689,4752,203231,1634,14085,5938,156873,7679,211258,7569,368131,California
San Francisco,2021-04-02,14549,580554,6416,355105,6326,209557,1807,15892,6863,157872,7668,218926,8667,376798,California
San Francisco,2021-04-03,10227,590781,4759,359864,3687,213244,1781,17673,4680,158795,5535,224461,6458,383256,California
San Francisco,2021-04-04,8970,599751,4740,364604,2578,215822,1652,19325,3597,158684,5361,229822,5250,388506,California
San Francisco,2021-04-05,15872,615623,9723,374327,4275,220097,1874,21199,6354,157414,9497,239319,8227,396733,California
San Francisco,2021-04-06,15893,631516,9416,383743,4429,224526,2048,23247,6242,156067,9632,248951,8285,405018,California
San Francisco,2021-04-07,16559,648075,9958,393701,4389,228915,2212,25459,6953,155632,9587,258538,9152,414170,California
San Francisco,2021-04-08,14009,662084,6688,400389,2952,231867,4369,29828,4617,155237,9365,267903,8970,423140,California
San Francisco,2021-04-09,15624,677708,7582,407971,4711,236578,3331,33159,6678,156314,8918,276821,9995,433135,California
San Francisco,2021-04-10,12970,690678,5650,413621,5710,242288,1610,34769,7054,159080,5892,282713,8658,441793,California
San Francisco,2021-04-11,9953,700631,7451,421072,1335,243623,1167,35936,5193,160689,4749,287462,6358,448151,California
San Francisco,2021-04-12,10516,711147,6866,427938,2524,246147,1126,37062,4861,161041,5632,293094,5984,454135,California
San Francisco,2021-04-13,10617,721764,7259,435197,3347,249494,11,37073,5397,161254,5198,298292,5411,459546,California
San Francisco,2021-04-14,13198,734962,7979,443176,5218,254712,1,37074,6439,160964,6730,305022,6440,465986,California
San Francisco,2021-04-15,13479,748441,9393,452569,4085,258797,1,37075,7962,163438,5493,310515,7967,473953,California
San Francisco,2021-04-16,12782,761223,8655,461224,4084,262881,43,37118,7604,165938,5152,315667,7652,481605,California
San Francisco,2021-04-17,9764,770987,7226,468450,2538,265419,0,37118,6898,169987,2852,318519,6901,488506,California
San Francisco,2021-04-18,6532,777519,4987,473437,1545,266964,0,37118,4056,171588,2457,320976,4058,492564,California
San Francisco,2021-04-19,10695,788214,8031,481468,2659,269623,5,37123,6897,174715,3785,324761,6912,499476,California
San Francisco,2021-04-20,12198,800412,7102,488570,5095,274718,1,37124,8440,179419,3739,328500,8443,507919,California
San Francisco,2021-04-21,10474,810886,7510,496080,2960,277678,4,37128,6445,181865,4006,332506,6452,514371,California
San Francisco,2021-04-22,10386,821272,7720,503800,2666,280344,0,37128,6061,183629,4303,336809,6067,520438,California
San Francisco,2021-04-23,8776,830048,5268,509068,3508,283852,0,37128,5259,185400,3491,340300,5262,525700,California
San Francisco,2021-04-24,4551,834599,3040,512108,1511,285363,0,37128,2809,186485,1729,342029,2814,528514,California
San Joaquin,2020-12-15,12,12,12,12,0,0,0,0,12,12,0,0,12,12,California
San Joaquin,2020-12-16,305,317,305,317,0,0,0,0,305,317,0,0,305,317,California
San Joaquin,2020-12-17,311,628,311,628,0,0,0,0,311,628,0,0,311,628,California
San Joaquin,2020-12-18,519,1147,515,1143,4,4,0,0,519,1147,0,0,519,1147,California
San Joaquin,2020-12-19,189,1336,189,1332,0,4,0,0,189,1336,0,0,189,1336,California
San Joaquin,2020-12-20,112,1448,111,1443,1,5,0,0,112,1448,0,0,112,1448,California
San Joaquin,2020-12-21,517,1965,515,1958,2,7,0,0,517,1965,0,0,517,1965,California
San Joaquin,2020-12-22,962,2927,842,2800,120,127,0,0,961,2926,0,0,961,2926,California
San Joaquin,2020-12-23,956,3883,898,3698,58,185,0,0,954,3880,0,0,954,3880,California
San Joaquin,2020-12-24,214,4097,186,3884,28,213,0,0,213,4093,0,0,213,4093,California
San Joaquin,2020-12-25,14,4111,14,3898,0,213,0,0,14,4107,0,0,14,4107,California
San Joaquin,2020-12-26,101,4212,29,3927,72,285,0,0,101,4208,0,0,101,4208,California
San Joaquin,2020-12-27,41,4253,29,3956,12,297,0,0,41,4249,0,0,41,4249,California
San Joaquin,2020-12-28,618,4871,418,4374,200,497,0,0,618,4867,0,0,618,4867,California
San Joaquin,2020-12-29,794,5665,668,5042,126,623,0,0,794,5661,0,0,794,5661,California
San Joaquin,2020-12-30,1004,6669,713,5755,291,914,0,0,1002,6663,0,0,1002,6663,California
San Joaquin,2020-12-31,450,7119,201,5956,249,1163,0,0,451,7114,0,0,451,7114,California
San Joaquin,2021-01-01,17,7136,10,5966,7,1170,0,0,17,7131,0,0,17,7131,California
San Joaquin,2021-01-02,260,7396,238,6204,22,1192,0,0,260,7391,0,0,260,7391,California
San Joaquin,2021-01-03,37,7433,19,6223,18,1210,0,0,36,7426,1,1,36,7427,California
San Joaquin,2021-01-04,470,7903,335,6558,135,1345,0,0,468,7893,1,2,468,7895,California
San Joaquin,2021-01-05,972,8875,643,7201,329,1674,0,0,805,8566,168,170,841,8736,California
San Joaquin,2021-01-06,1212,10087,700,7901,512,2186,0,0,911,9183,297,467,914,9650,California
San Joaquin,2021-01-07,1062,11149,666,8567,396,2582,0,0,776,9677,283,750,777,10427,California
San Joaquin,2021-01-08,1191,12340,817,9384,374,2956,0,0,709,9908,482,1232,713,11140,California
San Joaquin,2021-01-09,376,12716,300,9684,76,3032,0,0,247,10026,129,1361,247,11387,California
San Joaquin,2021-01-10,222,12938,114,9798,108,3140,0,0,170,10144,52,1413,170,11557,California
San Joaquin,2021-01-11,1504,14442,1302,11100,202,3342,0,0,854,10377,649,2062,882,12439,California
San Joaquin,2021-01-12,1416,15858,1014,12114,402,3744,0,0,651,10337,761,2823,721,13160,California
San Joaquin,2021-01-13,1459,17317,834,12948,625,4369,0,0,941,10766,517,3340,946,14106,California
San Joaquin,2021-01-14,1640,18957,871,13819,769,5138,0,0,1305,11771,315,3655,1320,15426,California
San Joaquin,2021-01-15,1587,20544,616,14435,971,6109,0,0,1375,12956,198,3853,1383,16809,California
San Joaquin,2021-01-16,1133,21677,190,14625,943,7052,0,0,1106,14036,26,3879,1106,17915,California
San Joaquin,2021-01-17,1608,23285,130,14755,1478,8530,0,0,1571,15572,37,3916,1573,19488,California
San Joaquin,2021-01-18,734,24019,236,14991,498,9028,0,0,616,16074,114,4030,616,20104,California
San Joaquin,2021-01-19,1845,25864,884,15875,961,9989,0,0,1168,16575,673,4703,1174,21278,California
San Joaquin,2021-01-20,2069,27933,1276,17151,793,10782,0,0,1425,17365,640,5343,1430,22708,California
San Joaquin,2021-01-21,1951,29884,881,18032,1070,11852,0,0,1561,18548,383,5726,1566,24274,California
San Joaquin,2021-01-22,1949,31833,908,18940,1041,12893,0,0,1808,20221,138,5864,1811,26085,California
San Joaquin,2021-01-23,887,32720,401,19341,486,13379,0,0,604,20546,282,6146,607,26692,California
San Joaquin,2021-01-24,361,33081,156,19497,205,13584,0,0,341,20869,18,6164,341,27033,California
San Joaquin,2021-01-25,1968,35049,1128,20625,840,14424,0,0,1412,21732,553,6717,1416,28449,California
San Joaquin,2021-01-26,2136,37185,1108,21733,1028,15452,0,0,1533,22668,601,7318,1537,29986,California
San Joaquin,2021-01-27,1713,38898,761,22494,952,16404,0,0,1227,23418,483,7801,1233,31219,California
San Joaquin,2021-01-28,2008,40906,751,23245,1257,17661,0,0,1373,24161,633,8434,1376,32595,California
San Joaquin,2021-01-29,2124,43030,1032,24277,1092,18753,0,0,1781,25611,338,8772,1788,34383,California
San Joaquin,2021-01-30,2200,45230,395,24672,1805,20558,0,0,2025,27465,173,8945,2027,36410,California
San Joaquin,2021-01-31,1554,46784,177,24849,1377,21935,0,0,1494,28904,56,9001,1495,37905,California
San Joaquin,2021-02-01,2476,49260,1305,26154,1171,23106,0,0,1750,29932,725,9726,1753,39658,California
San Joaquin,2021-02-02,2571,51831,1161,27315,1410,24516,0,0,1961,31346,551,10277,1965,41623,California
San Joaquin,2021-02-03,3041,54872,1202,28517,1839,26355,0,0,2183,32680,853,11130,2187,43810,California
San Joaquin,2021-02-04,3419,58291,1702,30219,1717,28072,0,0,2616,34501,797,11927,2618,46428,California
San Joaquin,2021-02-05,3200,61491,1852,32071,1348,29420,0,0,2348,36006,846,12773,2351,48779,California
San Joaquin,2021-02-06,1117,62608,786,32857,331,29751,0,0,943,36779,172,12945,945,49724,California
San Joaquin,2021-02-07,612,63220,486,33343,126,29877,0,0,411,36997,194,13139,412,50136,California
San Joaquin,2021-02-08,1764,64984,1030,34373,734,30611,0,0,1439,38135,304,13443,1442,51578,California
San Joaquin,2021-02-09,2079,67063,1131,35504,948,31559,0,0,1554,39234,456,13899,1555,53133,California
San Joaquin,2021-02-10,2544,69607,1251,36755,1293,32852,0,0,1332,39383,1183,15082,1332,54465,California
San Joaquin,2021-02-11,2908,72515,1491,38246,1417,34269,0,0,1700,39909,1179,16261,1705,56170,California
San Joaquin,2021-02-12,2785,75300,1116,39362,1669,35938,0,0,1577,40294,1196,17457,1581,57751,California
San Joaquin,2021-02-13,2102,77402,395,39757,1707,37645,0,0,843,39894,1249,18706,849,58600,California
San Joaquin,2021-02-14,1891,79293,259,40016,1632,39277,0,0,686,39398,1183,19889,687,59287,California
San Joaquin,2021-02-15,1979,81272,846,40862,1133,40410,0,0,1195,39840,757,20646,1199,60486,California
San Joaquin,2021-02-16,3134,84406,1366,42228,1768,42178,0,0,1742,40209,1380,22026,1749,62235,California
San Joaquin,2021-02-17,3251,87657,1259,43487,1992,44170,0,0,1855,40684,1384,23410,1859,64094,California
San Joaquin,2021-02-18,3304,90961,1360,44847,1944,46114,0,0,1888,41187,1392,24802,1895,65989,California
San Joaquin,2021-02-19,4143,95104,2306,47153,1837,47951,0,0,2362,41802,1748,26550,2363,68352,California
San Joaquin,2021-02-20,1563,96667,680,47833,883,48834,0,0,1058,42356,504,27054,1058,69410,California
San Joaquin,2021-02-21,628,97295,475,48308,153,48987,0,0,398,42526,229,27283,399,69809,California
San Joaquin,2021-02-22,3497,100792,2466,50774,1031,50018,0,0,2508,44080,959,28242,2513,72322,California
San Joaquin,2021-02-23,4234,105026,2563,53337,1671,51689,0,0,2603,45079,1608,29850,2607,74929,California
San Joaquin,2021-02-24,5648,110674,3358,56695,2290,53979,0,0,4075,47604,1554,31404,4079,79008,California
San Joaquin,2021-02-25,6253,116927,3862,60557,2391,56370,0,0,4041,49472,2183,33587,4051,83059,California
San Joaquin,2021-02-26,5384,122311,2828,63385,2556,58926,0,0,3716,51553,1643,35230,3724,86783,California
San Joaquin,2021-02-27,5408,127719,1608,64993,3800,62726,0,0,2597,51398,2766,37996,2611,89394,California
San Joaquin,2021-02-28,3033,130752,1088,66081,1945,64671,0,0,1993,52367,1027,39023,1996,91390,California
San Joaquin,2021-03-01,4039,134791,1773,67854,2266,66937,0,0,2283,52918,1741,40764,2292,93682,California
San Joaquin,2021-03-02,4063,138854,1649,69503,2414,69351,0,0,2521,53972,1525,42289,2579,96261,California
San Joaquin,2021-03-03,5660,144514,3384,72887,2274,71625,2,2,4079,56491,1560,43849,4079,100340,California
San Joaquin,2021-03-04,5625,150139,2228,75115,3394,75019,3,5,3680,58244,1935,45784,3688,104028,California
San Joaquin,2021-03-05,4373,154512,1851,76966,2520,77539,2,7,3020,59928,1341,47125,3025,107053,California
San Joaquin,2021-03-06,3269,157781,2161,79127,979,78518,129,136,2690,62173,577,47702,2822,109875,California
San Joaquin,2021-03-07,1195,158976,549,79676,601,79119,45,181,917,62860,262,47964,949,110824,California
San Joaquin,2021-03-08,3054,162030,1243,80919,1687,80806,124,305,2056,64050,989,48953,2179,113003,California
San Joaquin,2021-03-09,3927,165957,1771,82690,2030,82836,126,431,2597,65460,1316,50269,2726,115729,California
San Joaquin,2021-03-10,4603,170560,2441,85131,2024,84860,138,569,3393,67794,1197,51466,3531,119260,California
San Joaquin,2021-03-11,4883,175443,2311,87442,1978,86838,594,1163,2904,69328,1968,53434,3502,122762,California
San Joaquin,2021-03-12,6202,181645,3099,90541,2773,89611,330,1493,4131,71741,2053,55487,4466,127228,California
San Joaquin,2021-03-13,3040,184685,1436,91977,1477,91088,127,1620,2285,73413,747,56234,2419,129647,California
San Joaquin,2021-03-14,2146,186831,667,92644,1178,92266,301,1921,1036,73648,1107,57341,1342,130989,California
San Joaquin,2021-03-15,6002,192833,3455,96099,2146,94412,401,2322,3156,74391,2826,60167,3569,134558,California
San Joaquin,2021-03-16,6743,199576,3828,99927,2664,97076,251,2573,3988,75895,2744,62911,4248,138806,California
San Joaquin,2021-03-17,7689,207265,4611,104538,3008,100084,70,2643,4283,76877,3382,66293,4364,143170,California
San Joaquin,2021-03-18,7560,214825,4446,108984,2612,102696,502,3145,3739,77340,3785,70078,4248,147418,California
San Joaquin,2021-03-19,7834,222659,4580,113564,2711,105407,543,3688,4738,79589,3078,73156,5327,152745,California
San Joaquin,2021-03-20,3634,226293,2102,115666,1291,106698,241,3929,1816,79853,1805,74961,2069,154814,California
San Joaquin,2021-03-21,2090,228383,1484,117150,400,107098,206,4135,1187,80392,897,75858,1436,156250,California
San Joaquin,2021-03-22,3920,232303,2003,119153,1502,108600,415,4550,2327,81556,1583,77441,2747,158997,California
San Joaquin,2021-03-23,5318,237621,2605,121758,2548,111148,165,4715,3692,83807,1611,79052,3862,162859,California
San Joaquin,2021-03-24,6751,244372,4185,125943,2479,113627,87,4802,3009,83191,3720,82772,3104,165963,California
San Joaquin,2021-03-25,5466,249838,3228,129171,2197,115824,41,4843,3260,84313,2186,84958,3308,169271,California
San Joaquin,2021-03-26,6089,255927,2504,131675,3437,119261,148,4991,3219,84849,2850,87808,3386,172657,California
San Joaquin,2021-03-27,4573,260500,2594,134269,1937,121198,42,5033,1803,83955,2753,90561,1859,174516,California
San Joaquin,2021-03-28,2671,263171,1770,136039,876,122074,25,5058,1280,83976,1372,91933,1393,175909,California
San Joaquin,2021-03-29,3960,267131,2122,138161,1816,123890,22,5080,2005,84085,1945,93878,2054,177963,California
San Joaquin,2021-03-30,6066,273197,3088,141249,2919,126809,59,5139,3453,85030,2592,96470,3537,181500,California
San Joaquin,2021-03-31,6471,279668,4063,145312,2349,129158,59,5198,3318,85292,3142,99612,3404,184904,California
San Joaquin,2021-04-01,6222,285890,2900,148212,3243,132401,79,5277,2757,84739,3455,103067,2902,187806,California
San Joaquin,2021-04-02,6226,292116,2829,151041,2909,135310,488,5765,2472,84004,3735,106802,3000,190806,California
San Joaquin,2021-04-03,4077,296193,2299,153340,1454,136764,324,6089,1965,84207,2097,108899,2300,193106,California
San Joaquin,2021-04-04,2227,298420,1316,154656,709,137473,202,6291,1514,85227,705,109604,1725,194831,California
San Joaquin,2021-04-05,4100,302520,2516,157172,1417,138890,167,6458,2327,85971,1766,111370,2510,197341,California
San Joaquin,2021-04-06,6902,309422,4423,161595,2222,141112,257,6715,3282,85921,3601,114971,3551,200892,California
San Joaquin,2021-04-07,8168,317590,4408,166003,2193,143305,1567,8282,3402,86151,4755,119726,4985,205877,California
San Joaquin,2021-04-08,8558,326148,4622,170625,1932,145237,2004,10286,3268,86156,5272,124998,5277,211154,California
San Joaquin,2021-04-09,8425,334573,3918,174543,2964,148201,1543,11829,3034,85383,5371,130369,4598,215752,California
San Joaquin,2021-04-10,5106,339679,1599,176142,1620,149821,1887,13716,1697,85560,3406,133775,3583,219335,California
San Joaquin,2021-04-11,3971,343650,1524,177666,1292,151113,1155,14871,1684,86121,2274,136049,2835,222170,California
San Joaquin,2021-04-12,5385,349035,2145,179811,2029,153142,1211,16082,2099,86166,3271,139320,3316,225486,California
San Joaquin,2021-04-13,7275,356310,4204,184015,3068,156210,3,16085,4431,87781,2827,142147,4442,229928,California
San Joaquin,2021-04-14,6986,363296,3461,187476,3525,159735,0,16085,4105,89030,2864,145011,4113,234041,California
San Joaquin,2021-04-15,7197,370493,4098,191574,3099,162834,0,16085,3912,89693,3254,148265,3917,237958,California
San Joaquin,2021-04-16,6614,377107,3293,194867,3318,166152,3,16088,3895,90907,2693,150958,3907,241865,California
San Joaquin,2021-04-17,4673,381780,2356,197223,2317,168469,0,16088,3256,92771,1409,152367,3273,245138,California
San Joaquin,2021-04-18,2368,384148,1285,198508,1083,169552,0,16088,1266,92956,1088,153455,1273,246411,California
San Joaquin,2021-04-19,4768,388916,2442,200950,2326,171878,0,16088,2456,93130,2293,155748,2467,248878,California
San Joaquin,2021-04-20,5783,394699,2882,203832,2901,174779,0,16088,2848,93075,2914,158662,2859,251737,California
San Joaquin,2021-04-21,5036,399735,2596,206428,2439,177218,1,16089,2822,93735,2169,160831,2829,254566,California
San Joaquin,2021-04-22,4908,404643,2902,209330,2006,179224,0,16089,2869,94599,2014,162845,2878,257444,California
San Joaquin,2021-04-23,5219,409862,2478,211808,2741,181965,0,16089,3375,96150,1830,164675,3381,260825,California
San Joaquin,2021-04-24,2514,412376,1544,213352,969,182934,1,16090,1795,97233,714,165389,1797,262622,California
San Luis Obispo,2020-12-16,4,4,4,4,0,0,0,0,4,4,0,0,4,4,California
San Luis Obispo,2020-12-17,196,200,196,200,0,0,0,0,196,200,0,0,196,200,California
San Luis Obispo,2020-12-18,224,424,224,424,0,0,0,0,224,424,0,0,224,424,California
San Luis Obispo,2020-12-19,162,586,162,586,0,0,0,0,162,586,0,0,162,586,California
San Luis Obispo,2020-12-20,215,801,215,801,0,0,0,0,215,801,0,0,215,801,California
San Luis Obispo,2020-12-21,549,1350,549,1350,0,0,0,0,549,1350,0,0,549,1350,California
San Luis Obispo,2020-12-22,307,1657,303,1653,4,4,0,0,307,1657,0,0,307,1657,California
San Luis Obispo,2020-12-23,680,2337,367,2020,313,317,0,0,680,2337,0,0,680,2337,California
San Luis Obispo,2020-12-24,194,2531,19,2039,175,492,0,0,194,2531,0,0,194,2531,California
San Luis Obispo,2020-12-25,2,2533,1,2040,1,493,0,0,2,2533,0,0,2,2533,California
San Luis Obispo,2020-12-26,90,2623,12,2052,78,571,0,0,90,2623,0,0,90,2623,California
San Luis Obispo,2020-12-27,76,2699,0,2052,76,647,0,0,76,2699,0,0,76,2699,California
San Luis Obispo,2020-12-28,879,3578,430,2482,449,1096,0,0,879,3578,0,0,879,3578,California
San Luis Obispo,2020-12-29,903,4481,502,2984,401,1497,0,0,903,4481,0,0,903,4481,California
San Luis Obispo,2020-12-30,1174,5655,681,3665,493,1990,0,0,1174,5655,0,0,1174,5655,California
San Luis Obispo,2020-12-31,106,5761,4,3669,102,2092,0,0,106,5761,0,0,106,5761,California
San Luis Obispo,2021-01-01,13,5774,8,3677,5,2097,0,0,13,5774,0,0,13,5774,California
San Luis Obispo,2021-01-02,33,5807,8,3685,25,2122,0,0,33,5807,0,0,33,5807,California
San Luis Obispo,2021-01-03,16,5823,6,3691,10,2132,0,0,16,5823,0,0,16,5823,California
San Luis Obispo,2021-01-04,676,6499,524,4215,152,2284,0,0,676,6499,0,0,676,6499,California
San Luis Obispo,2021-01-05,974,7473,756,4971,218,2502,0,0,972,7469,2,2,972,7471,California
San Luis Obispo,2021-01-06,724,8197,480,5451,244,2746,0,0,716,8178,7,9,716,8187,California
San Luis Obispo,2021-01-07,1127,9324,949,6400,178,2924,0,0,685,8421,442,451,685,8872,California
San Luis Obispo,2021-01-08,881,10205,804,7204,77,3001,0,0,512,8565,368,819,512,9384,California
San Luis Obispo,2021-01-09,205,10410,196,7400,9,3010,0,0,28,8416,177,996,28,9412,California
San Luis Obispo,2021-01-10,12,10422,8,7408,4,3014,0,0,8,8420,4,1000,8,9420,California
San Luis Obispo,2021-01-11,526,10948,475,7883,51,3065,0,0,265,8425,260,1260,265,9685,California
San Luis Obispo,2021-01-12,597,11545,379,8262,218,3283,0,0,320,8468,277,1537,320,10005,California
San Luis Obispo,2021-01-13,882,12427,254,8516,628,3911,0,0,644,8876,236,1773,644,10649,California
San Luis Obispo,2021-01-14,730,13157,244,8760,486,4397,0,0,605,9369,112,1885,605,11254,California
San Luis Obispo,2021-01-15,729,13886,287,9047,442,4839,0,0,554,9753,170,2055,554,11808,California
San Luis Obispo,2021-01-16,99,13985,81,9128,18,4857,0,0,94,9842,5,2060,94,11902,California
San Luis Obispo,2021-01-17,67,14052,61,9189,6,4863,0,0,67,9909,0,2060,67,11969,California
San Luis Obispo,2021-01-18,1372,15424,389,9578,983,5846,0,0,1110,10757,262,2322,1110,13079,California
San Luis Obispo,2021-01-19,1585,17009,418,9996,1167,7013,0,0,1177,11526,408,2730,1177,14256,California
San Luis Obispo,2021-01-20,1883,18892,596,10592,1287,8300,0,0,1293,12232,588,3318,1294,15550,California
San Luis Obispo,2021-01-21,1570,20462,466,11058,1104,9404,0,0,1197,13061,369,3687,1198,16748,California
San Luis Obispo,2021-01-22,1521,21983,508,11566,1013,10417,0,0,1206,13954,313,4000,1206,17954,California
San Luis Obispo,2021-01-23,311,22294,293,11859,18,10435,0,0,295,14233,16,4016,295,18249,California
San Luis Obispo,2021-01-24,245,22539,238,12097,7,10442,0,0,239,14466,6,4022,239,18488,California
San Luis Obispo,2021-01-25,2071,24610,606,12703,1465,11907,0,0,1243,14881,828,4850,1243,19731,California
San Luis Obispo,2021-01-26,2003,26613,703,13406,1300,13207,0,0,1136,15150,867,5717,1136,20867,California
San Luis Obispo,2021-01-27,1612,28225,283,13689,1329,14536,0,0,1151,15840,461,6178,1151,22018,California
San Luis Obispo,2021-01-28,1484,29709,342,14031,1142,15678,0,0,1224,16805,259,6437,1224,23242,California
San Luis Obispo,2021-01-29,1734,31443,681,14712,1053,16731,0,0,1450,17971,284,6721,1450,24692,California
San Luis Obispo,2021-01-30,37,31480,18,14730,19,16750,0,0,26,17987,10,6731,26,24718,California
San Luis Obispo,2021-01-31,26,31506,20,14750,6,16756,0,0,23,18007,3,6734,23,24741,California
San Luis Obispo,2021-02-01,1664,33170,703,15453,961,17717,0,0,1395,19134,268,7002,1395,26136,California
San Luis Obispo,2021-02-02,1895,35065,676,16129,1219,18936,0,0,1521,20281,374,7376,1521,27657,California
San Luis Obispo,2021-02-03,1701,36766,727,16856,974,19910,0,0,1289,21158,412,7788,1289,28946,California
San Luis Obispo,2021-02-04,1656,38422,800,17656,856,20766,0,0,1089,21680,567,8355,1089,30035,California
San Luis Obispo,2021-02-05,1604,40026,717,18373,887,21653,0,0,1060,22196,545,8900,1061,31096,California
San Luis Obispo,2021-02-06,159,40185,92,18465,67,21720,0,0,93,22223,66,8966,93,31189,California
San Luis Obispo,2021-02-07,144,40329,99,18564,45,21765,0,0,74,22228,70,9036,75,31264,California
San Luis Obispo,2021-02-08,853,41182,468,19032,385,22150,0,0,495,22366,357,9393,495,31759,California
San Luis Obispo,2021-02-09,1122,42304,448,19480,674,22824,0,0,541,22339,575,9968,548,32307,California
San Luis Obispo,2021-02-10,1428,43732,486,19966,942,23766,0,0,521,21959,904,10872,524,32831,California
San Luis Obispo,2021-02-11,1330,45062,844,20810,486,24252,0,0,655,21942,672,11544,655,33486,California
San Luis Obispo,2021-02-12,787,45849,363,21173,424,24676,0,0,417,21989,370,11914,417,33903,California
San Luis Obispo,2021-02-13,390,46239,124,21297,266,24942,0,0,284,22168,105,12019,284,34187,California
San Luis Obispo,2021-02-14,317,46556,42,21339,275,25217,0,0,280,22412,37,12056,281,34468,California
San Luis Obispo,2021-02-15,723,47279,137,21476,586,25803,0,0,467,22626,253,12309,467,34935,California
San Luis Obispo,2021-02-16,2960,50239,1194,22670,1766,27569,0,0,1358,22388,1596,13905,1358,36293,California
San Luis Obispo,2021-02-17,2773,53012,1237,23907,1536,29105,0,0,1029,21682,1735,15640,1029,37322,California
San Luis Obispo,2021-02-18,2808,55820,1444,25351,1364,30469,0,0,1119,21121,1681,17321,1120,38442,California
San Luis Obispo,2021-02-19,1452,57272,1332,26683,120,30589,0,0,1129,21928,322,17643,1129,39571,California
San Luis Obispo,2021-02-20,249,57521,79,26762,170,30759,0,0,213,22105,36,17679,213,39784,California
San Luis Obispo,2021-02-21,48,57569,45,26807,3,30762,0,0,29,22115,19,17698,29,39813,California
San Luis Obispo,2021-02-22,2400,59969,1856,28663,544,31306,0,0,1460,22636,940,18638,1461,41274,California
San Luis Obispo,2021-02-23,1856,61825,1740,30403,116,31422,0,0,1365,23511,490,19128,1365,42639,California
San Luis Obispo,2021-02-24,2643,64468,1300,31703,1343,32765,0,0,835,22540,1806,20934,835,43474,California
San Luis Obispo,2021-02-25,2130,66598,1243,32946,887,33652,0,0,1206,22830,917,21851,1207,44681,California
San Luis Obispo,2021-02-26,2642,69240,1148,34094,1494,35146,0,0,1324,22842,1312,23163,1324,46005,California
San Luis Obispo,2021-02-27,566,69806,340,34434,226,35372,0,0,520,23316,46,23209,520,46525,California
San Luis Obispo,2021-02-28,196,70002,72,34506,124,35496,0,0,163,23450,29,23238,163,46688,California
San Luis Obispo,2021-03-01,2955,72957,1842,36348,1112,36608,1,1,2033,24563,922,24160,2035,48723,California
San Luis Obispo,2021-03-02,2985,75942,1886,38234,1099,37707,0,1,1840,25263,1141,25301,1841,50564,California
San Luis Obispo,2021-03-03,2267,78209,328,38562,1939,39646,0,1,822,24647,1439,26740,823,51387,California
San Luis Obispo,2021-03-04,2174,80383,1147,39709,1027,40673,0,1,1166,24809,1006,27746,1168,52555,California
San Luis Obispo,2021-03-05,2292,82675,1017,40726,1205,41878,70,71,1287,25176,990,28736,1357,53912,California
San Luis Obispo,2021-03-06,830,83505,308,41034,415,42293,107,178,611,25669,219,28955,712,54624,California
San Luis Obispo,2021-03-07,199,83704,32,41066,83,42376,84,262,70,25696,128,29083,155,54779,California
San Luis Obispo,2021-03-08,2722,86426,752,41818,1656,44032,314,576,1540,26369,1180,30263,1853,56632,California
San Luis Obispo,2021-03-09,2914,89340,956,42774,1722,45754,236,812,1512,26719,1399,31662,1749,58381,California
San Luis Obispo,2021-03-10,3174,92514,1240,44014,1664,47418,270,1082,1811,27440,1360,33022,2081,60462,California
San Luis Obispo,2021-03-11,3085,95599,1270,45284,1513,48931,302,1384,1692,28049,1384,34406,1993,62455,California
San Luis Obispo,2021-03-12,3161,98760,1281,46565,1541,50472,339,1723,1553,28344,1600,36006,1895,64350,California
San Luis Obispo,2021-03-13,788,99548,259,46824,420,50892,109,1832,428,28520,360,36366,536,64886,California
San Luis Obispo,2021-03-14,513,100061,54,46878,348,51240,111,1943,135,28389,377,36743,246,65132,California
San Luis Obispo,2021-03-15,3046,103107,1096,47974,1852,53092,98,2041,1527,28498,1516,38259,1625,66757,California
San Luis Obispo,2021-03-16,2844,105951,1510,49484,1234,54326,100,2141,1448,28655,1390,39649,1547,68304,California
San Luis Obispo,2021-03-17,3422,109373,1448,50932,1712,56038,262,2403,1979,29459,1436,41085,2240,70544,California
San Luis Obispo,2021-03-18,2782,112155,1445,52377,1144,57182,193,2596,1333,29539,1446,42531,1526,72070,California
San Luis Obispo,2021-03-19,2582,114737,1563,53940,697,57879,322,2918,960,29206,1617,44148,1284,73354,California
San Luis Obispo,2021-03-20,824,115561,492,54432,296,58175,36,2954,378,29174,446,44594,414,73768,California
San Luis Obispo,2021-03-21,186,115747,45,54477,138,58313,3,2957,157,29305,29,44623,160,73928,California
San Luis Obispo,2021-03-22,2678,118425,1170,55647,1461,59774,47,3004,1862,30402,812,45435,1909,75837,California
San Luis Obispo,2021-03-23,3357,121782,2212,57859,1127,60901,18,3022,2264,31595,1089,46524,2282,78119,California
San Luis Obispo,2021-03-24,3477,125259,2127,59986,1280,62181,70,3092,2616,33423,857,47381,2685,80804,California
San Luis Obispo,2021-03-25,3656,128915,2282,62268,1362,63543,12,3104,2633,35047,1020,48401,2644,83448,California
San Luis Obispo,2021-03-26,3132,132047,1758,64026,953,64496,421,3525,1752,35845,1375,49776,2173,85621,California
San Luis Obispo,2021-03-27,993,133040,506,64532,392,64888,95,3620,450,35848,541,50317,544,86165,California
San Luis Obispo,2021-03-28,441,133481,151,64683,234,65122,56,3676,240,35943,201,50518,296,86461,California
San Luis Obispo,2021-03-29,2574,136055,1271,65954,1169,66291,134,3810,1656,36827,906,51424,1790,88251,California
San Luis Obispo,2021-03-30,3494,139549,1904,67858,1447,67738,143,3953,2343,38165,1146,52570,2484,90735,California
San Luis Obispo,2021-03-31,3807,143356,2444,70302,1216,68954,147,4100,2445,39404,1353,53923,2592,93327,California
San Luis Obispo,2021-04-01,3796,147152,2419,72721,1283,70237,94,4194,2683,41076,1104,55027,2776,96103,California
San Luis Obispo,2021-04-02,1714,148866,682,73403,721,70958,311,4505,918,41509,795,55822,1228,97331,California
San Luis Obispo,2021-04-03,1087,149953,552,73955,408,71366,127,4632,472,41498,610,56432,599,97930,California
San Luis Obispo,2021-04-04,378,150331,130,74085,208,71574,40,4672,231,41622,147,56579,271,98201,California
San Luis Obispo,2021-04-05,3591,153922,1945,76030,1536,73110,110,4782,2048,42237,1541,58120,2156,100357,California
San Luis Obispo,2021-04-06,3989,157911,2136,78166,1544,74654,309,5091,1937,42437,2046,60166,2246,102603,California
San Luis Obispo,2021-04-07,4249,162160,2333,80499,1576,76230,340,5431,2467,43473,1769,61935,2805,105408,California
San Luis Obispo,2021-04-08,3988,166148,2187,82686,1411,77641,390,5821,2172,44226,1809,63744,2562,107970,California
San Luis Obispo,2021-04-09,3595,169743,1709,84395,1145,78786,741,6562,1534,44446,2052,65796,2272,110242,California
San Luis Obispo,2021-04-10,1559,171302,555,84950,343,79129,661,7223,480,44507,1078,66874,1139,111381,California
San Luis Obispo,2021-04-11,312,171614,63,85013,186,79315,63,7286,125,44510,185,67059,188,111569,California
San Luis Obispo,2021-04-12,3346,174960,1694,86707,1489,80804,163,7449,1392,44111,1954,69013,1555,113124,California
San Luis Obispo,2021-04-13,3623,178583,2094,88801,1528,82332,1,7450,1957,44406,1664,70677,1959,115083,California
San Luis Obispo,2021-04-14,2813,181396,1675,90476,1135,83467,3,7453,1654,44914,1148,71825,1656,116739,California
San Luis Obispo,2021-04-15,3601,184997,2362,92838,1238,84705,1,7454,1924,45179,1660,73485,1925,118664,California
San Luis Obispo,2021-04-16,3570,188567,2189,95027,1378,86083,3,7457,1792,45198,1775,75260,1794,120458,California
San Luis Obispo,2021-04-17,1091,189658,431,95458,658,86741,2,7459,715,45540,375,75635,717,121175,California
San Luis Obispo,2021-04-18,317,189975,96,95554,220,86961,1,7460,108,45442,207,75842,109,121284,California
San Luis Obispo,2021-04-19,2945,192920,1283,96837,1626,88587,36,7496,1119,44774,1824,77666,1156,122440,California
San Luis Obispo,2021-04-20,3429,196349,1891,98728,1538,90125,0,7496,1357,44070,2061,79727,1357,123797,California
San Luis Obispo,2021-04-21,3014,199363,1243,99971,1771,91896,0,7496,1368,43802,1636,81363,1368,125165,California
San Luis Obispo,2021-04-22,2140,201503,943,100914,1197,93093,0,7496,807,43286,1325,82688,809,125974,California
San Luis Obispo,2021-04-23,1238,202741,702,101616,532,93625,4,7500,545,43151,692,83380,557,126531,California
San Luis Obispo,2021-04-24,273,203014,37,101653,226,93851,10,7510,167,43224,104,83484,177,126708,California
San Mateo,2020-12-15,26,26,26,26,0,0,0,0,26,26,0,0,26,26,California
San Mateo,2020-12-16,110,136,110,136,0,0,0,0,110,136,0,0,110,136,California
San Mateo,2020-12-17,163,299,163,299,0,0,0,0,163,299,0,0,163,299,California
San Mateo,2020-12-18,740,1039,738,1037,2,2,0,0,740,1039,0,0,740,1039,California
San Mateo,2020-12-19,509,1548,509,1546,0,2,0,0,509,1548,0,0,509,1548,California
San Mateo,2020-12-20,508,2056,507,2053,1,3,0,0,508,2056,0,0,508,2056,California
San Mateo,2020-12-21,1153,3209,1153,3206,0,3,0,0,1153,3209,0,0,1153,3209,California
San Mateo,2020-12-22,1513,4722,1506,4712,7,10,0,0,1513,4722,0,0,1513,4722,California
San Mateo,2020-12-23,1570,6292,1384,6096,186,196,0,0,1570,6292,0,0,1570,6292,California
San Mateo,2020-12-24,866,7158,609,6705,257,453,0,0,866,7158,0,0,866,7158,California
San Mateo,2020-12-25,114,7272,110,6815,4,457,0,0,114,7272,0,0,114,7272,California
San Mateo,2020-12-26,560,7832,417,7232,143,600,0,0,560,7832,0,0,560,7832,California
San Mateo,2020-12-27,305,8137,175,7407,130,730,0,0,305,8137,0,0,305,8137,California
San Mateo,2020-12-28,1048,9185,702,8109,346,1076,0,0,1048,9185,0,0,1048,9185,California
San Mateo,2020-12-29,1128,10313,705,8814,423,1499,0,0,1128,10313,0,0,1128,10313,California
San Mateo,2020-12-30,1263,11576,760,9574,503,2002,0,0,1263,11576,0,0,1263,11576,California
San Mateo,2020-12-31,717,12293,232,9806,485,2487,0,0,716,12291,1,1,716,12292,California
San Mateo,2021-01-01,41,12334,32,9838,9,2496,0,0,41,12332,0,1,41,12333,California
San Mateo,2021-01-02,398,12732,269,10107,129,2625,0,0,398,12730,0,1,398,12731,California
San Mateo,2021-01-03,281,13013,206,10313,75,2700,0,0,278,13005,3,4,278,13009,California
San Mateo,2021-01-04,1056,14069,682,10995,374,3074,0,0,1056,14061,0,4,1056,14065,California
San Mateo,2021-01-05,1199,15268,705,11700,494,3568,0,0,1170,15203,29,33,1171,15236,California
San Mateo,2021-01-06,1447,16715,950,12650,497,4065,0,0,1267,16293,178,211,1268,16504,California
San Mateo,2021-01-07,1451,18166,805,13455,646,4711,0,0,1162,17174,282,493,1163,17667,California
San Mateo,2021-01-08,1837,20003,1190,14645,647,5358,0,0,1140,17625,690,1183,1141,18808,California
San Mateo,2021-01-09,1179,21182,775,15420,404,5762,0,0,723,17892,456,1639,723,19531,California
San Mateo,2021-01-10,699,21881,570,15990,129,5891,0,0,265,17723,434,2073,265,19796,California
San Mateo,2021-01-11,2587,24468,1480,17470,1107,6998,0,0,1525,18186,1063,3136,1526,21322,California
San Mateo,2021-01-12,3280,27748,1770,19240,1510,8508,0,0,2100,19111,1178,4314,2103,23425,California
San Mateo,2021-01-13,3471,31219,1748,20988,1723,10231,0,0,2439,20521,1032,5346,2442,25867,California
San Mateo,2021-01-14,3775,34994,1582,22570,2193,12424,0,0,3091,22933,684,6030,3096,28963,California
San Mateo,2021-01-15,4332,39326,1710,24280,2622,15046,0,0,3804,26213,526,6556,3806,32769,California
San Mateo,2021-01-16,3084,42410,776,25056,2308,17354,0,0,2765,28659,319,6875,2765,35534,California
San Mateo,2021-01-17,1309,43719,308,25364,1001,18355,0,0,1101,29552,208,7083,1101,36635,California
San Mateo,2021-01-18,1363,45082,531,25895,832,19187,0,0,989,30174,371,7454,993,37628,California
San Mateo,2021-01-19,2793,47875,1781,27676,1012,20199,0,0,2003,31390,787,8241,2003,39631,California
San Mateo,2021-01-20,2655,50530,1402,29078,1253,21452,0,0,1810,32359,842,9083,1811,41442,California
San Mateo,2021-01-21,2824,53354,1280,30358,1544,22996,0,0,2244,34027,579,9662,2247,43689,California
San Mateo,2021-01-22,2788,56142,1130,31488,1658,24654,0,0,2489,36220,297,9959,2490,46179,California
San Mateo,2021-01-23,2881,59023,1688,33176,1193,25847,0,0,2518,38376,363,10322,2519,48698,California
San Mateo,2021-01-24,1518,60541,373,33549,1145,26992,0,0,1210,39279,307,10629,1210,49908,California
San Mateo,2021-01-25,4429,64970,3146,36695,1283,28275,0,0,3534,41922,893,11522,3536,53444,California
San Mateo,2021-01-26,4294,69264,2982,39677,1312,29587,0,0,3392,44413,901,12423,3392,56836,California
San Mateo,2021-01-27,2778,72042,1462,41139,1316,30903,0,0,1785,45212,987,13410,1786,58622,California
San Mateo,2021-01-28,2794,74836,1348,42487,1446,32349,0,0,1948,46329,831,14241,1948,60570,California
San Mateo,2021-01-29,2971,77807,1331,43818,1640,33989,0,0,2139,47642,829,15070,2142,62712,California
San Mateo,2021-01-30,3374,81181,1473,45291,1901,35890,0,0,2917,50104,456,15526,2918,65630,California
San Mateo,2021-01-31,1681,82862,897,46188,784,36674,0,0,1519,51463,160,15686,1519,67149,California
San Mateo,2021-02-01,2921,85783,1343,47531,1578,38252,0,0,2213,52973,704,16390,2214,69363,California
San Mateo,2021-02-02,3167,88950,1726,49257,1441,39693,0,0,2154,54117,1010,17400,2154,71517,California
San Mateo,2021-02-03,4875,93825,1944,51201,2931,42624,0,0,3823,56892,1049,18449,3824,75341,California
San Mateo,2021-02-04,6282,100107,2586,53787,3696,46320,0,0,4923,60465,1353,19802,4926,80267,California
San Mateo,2021-02-05,6786,106893,2551,56338,4235,50555,0,0,4961,63618,1808,21610,4961,85228,California
San Mateo,2021-02-06,3282,110175,1917,58255,1365,51920,0,0,2618,65575,663,22273,2620,87848,California
San Mateo,2021-02-07,1898,112073,1343,59598,555,52475,0,0,1711,67099,187,22460,1711,89559,California
San Mateo,2021-02-08,5274,117347,2244,61842,3030,55505,0,0,3101,68091,2109,24569,3101,92660,California
San Mateo,2021-02-09,6174,123521,3216,65058,2958,58463,0,0,3333,68587,2837,27406,3333,95993,California
San Mateo,2021-02-10,6496,130017,3270,68328,3226,61689,0,0,3541,69182,2946,30352,3541,99534,California
San Mateo,2021-02-11,7043,137060,3577,71905,3466,65155,0,0,3815,69782,3218,33570,3818,103352,California
San Mateo,2021-02-12,6618,143678,2952,74857,3666,68821,0,0,4705,72580,1909,35479,4707,108059,California
San Mateo,2021-02-13,6089,149767,3992,78849,2097,70918,0,0,2639,71773,3446,38925,2639,110698,California
San Mateo,2021-02-14,4625,154392,3014,81863,1611,72529,0,0,1977,71106,2645,41570,1978,112676,California
San Mateo,2021-02-15,3165,157557,1458,83321,1707,74236,0,0,1788,71522,1373,42943,1789,114465,California
San Mateo,2021-02-16,7143,164700,1871,85192,5272,79508,0,0,5280,74942,1862,44805,5282,119747,California
San Mateo,2021-02-17,7050,171750,1933,87125,5117,84625,0,0,5066,78031,1979,46784,5068,124815,California
San Mateo,2021-02-18,6678,178428,4621,91746,2057,86682,0,0,4439,80237,2235,49019,4441,129256,California
San Mateo,2021-02-19,7807,186235,5609,97355,2198,88880,0,0,5821,84078,1980,50999,5821,135077,California
San Mateo,2021-02-20,3729,189964,2413,99768,1316,90196,0,0,2305,84966,1417,52416,2305,137382,California
San Mateo,2021-02-21,2302,192266,1461,101229,841,91037,0,0,1257,85182,1041,53457,1257,138639,California
San Mateo,2021-02-22,4414,196680,3191,104420,1223,92260,0,0,2781,86336,1627,55084,2781,141420,California
San Mateo,2021-02-23,4285,200965,3041,107461,1244,93504,0,0,2480,87017,1799,56883,2480,143900,California
San Mateo,2021-02-24,7265,208230,3247,110708,4018,97522,0,0,4845,89447,2415,59298,4845,148745,California
San Mateo,2021-02-25,9071,217301,4001,114709,5070,102592,0,0,6007,92405,3049,62347,6007,154752,California
San Mateo,2021-02-26,9741,227042,3704,118413,6037,108629,0,0,6826,96331,2902,65249,6828,161580,California
San Mateo,2021-02-27,6677,233719,3411,121824,3265,111894,1,1,3629,96924,3043,68292,3636,165216,California
San Mateo,2021-02-28,4121,237840,2503,124327,1618,113512,0,1,2552,97912,1565,69857,2553,167769,California
San Mateo,2021-03-01,5618,243458,3510,127837,2108,115620,0,1,2777,97857,2832,72689,2777,170546,California
San Mateo,2021-03-02,5763,249221,3963,131800,1799,117419,1,2,3317,98738,2438,75127,3319,173865,California
San Mateo,2021-03-03,8266,257487,3848,135648,4417,121836,1,3,3566,97615,4690,79817,3567,177432,California
San Mateo,2021-03-04,8364,265851,3921,139569,4441,126277,2,5,3789,96848,4560,84377,3793,181225,California
San Mateo,2021-03-05,9066,274917,5973,145542,3090,129367,3,8,6406,100621,2640,87017,6413,187638,California
San Mateo,2021-03-06,7830,282747,5427,150969,2227,131594,176,184,5726,104427,2095,89112,5901,193539,California
San Mateo,2021-03-07,3464,286211,2311,153280,1086,132680,67,251,2004,105042,1456,90568,2071,195610,California
San Mateo,2021-03-08,4415,290626,2462,155742,1737,134417,216,467,3200,107250,1209,91777,3417,199027,California
San Mateo,2021-03-09,4526,295152,2108,157850,2146,136563,272,739,2990,108981,1530,93307,3261,202288,California
San Mateo,2021-03-10,6908,302060,2636,160486,3988,140551,284,1023,4561,111490,2335,95642,4844,207132,California
San Mateo,2021-03-11,9110,311170,5718,166204,2999,143550,393,1416,3699,110196,5385,101027,4091,211223,California
San Mateo,2021-03-12,10480,321650,6601,172805,3505,147055,374,1790,3492,107088,6974,108001,3866,215089,California
San Mateo,2021-03-13,8092,329742,3407,176212,3059,150114,1626,3416,3907,108443,4174,112175,5529,220618,California
San Mateo,2021-03-14,4928,334670,3297,179509,1524,151638,107,3523,2903,109434,2019,114194,3010,223628,California
San Mateo,2021-03-15,7114,341784,4571,184080,2369,154007,174,3697,3763,110026,3345,117539,3937,227565,California
San Mateo,2021-03-16,11891,353675,4354,188434,7414,161421,123,3820,4849,107974,7027,124566,4975,232540,California
San Mateo,2021-03-17,10775,364450,4353,192787,6298,167719,124,3944,4880,107110,5872,130438,5008,237548,California
San Mateo,2021-03-18,7215,371665,4020,196807,3012,170731,183,4127,4300,108680,2911,133349,4481,242029,California
San Mateo,2021-03-19,7347,379012,4709,201516,1971,172702,667,4794,3604,109215,3736,137085,4271,246300,California
San Mateo,2021-03-20,8267,387279,6431,207947,1502,174204,334,5128,5395,112086,2858,139943,5729,252029,California
San Mateo,2021-03-21,4138,391417,3116,211063,791,174995,231,5359,2340,112866,1788,141731,2568,254597,California
San Mateo,2021-03-22,5212,396629,3538,214601,1256,176251,418,5777,2859,113803,2341,144072,3278,257875,California
San Mateo,2021-03-23,9749,406378,4425,219026,5128,181379,196,5973,4642,113560,5081,149153,4838,262713,California
San Mateo,2021-03-24,9422,415800,5425,224451,3855,185234,142,6115,4098,112536,5261,154414,4237,266950,California
San Mateo,2021-03-25,9971,425771,4853,229304,4850,190084,268,6383,4391,111718,5480,159894,4662,271612,California
San Mateo,2021-03-26,11101,436872,7645,236949,3293,193377,163,6546,4437,109691,6628,166522,4601,276213,California
San Mateo,2021-03-27,10395,447267,7950,244899,2341,195718,104,6650,4665,108746,5711,172233,4766,280979,California
San Mateo,2021-03-28,4192,451459,2696,247595,1385,197103,111,6761,2087,108848,2097,174330,2199,283178,California
San Mateo,2021-03-29,5993,457452,3740,251335,2001,199104,252,7013,2843,108810,3133,177463,3095,286273,California
San Mateo,2021-03-30,7034,464486,3983,255318,2899,202003,152,7165,4455,110851,2566,180029,4607,290880,California
San Mateo,2021-03-31,7161,471647,4533,259851,2491,204494,137,7302,4058,111956,3090,183119,4195,295075,California
San Mateo,2021-04-01,10355,482002,5085,264936,4092,208586,1178,8480,5557,113925,4765,187884,6734,301809,California
San Mateo,2021-04-02,10573,492575,5049,269985,3966,212552,1558,10038,5538,116003,5017,192901,7095,308904,California
San Mateo,2021-04-03,9593,502168,5447,275432,2417,214969,1729,11767,4830,117804,4759,197660,6560,315464,California
San Mateo,2021-04-04,5372,507540,2584,278016,1543,216512,1245,13012,1697,117081,3665,201325,2942,318406,California
San Mateo,2021-04-05,8902,516442,4726,282742,2442,218954,1734,14746,3833,117589,5058,206383,5566,323972,California
San Mateo,2021-04-06,13037,529479,8158,290900,3032,221986,1847,16593,7444,121307,5581,211964,9299,333271,California
San Mateo,2021-04-07,11264,540743,5216,296116,4381,226367,1667,18260,4776,121276,6468,218432,6437,339708,California
San Mateo,2021-04-08,9957,550700,4981,301097,2427,228794,2549,20809,4421,122718,5523,223955,6965,346673,California
San Mateo,2021-04-09,11182,561882,5421,306518,3293,232087,2468,23277,5029,124072,6140,230095,7494,354167,California
San Mateo,2021-04-10,11067,572949,5641,312159,4013,236100,1413,24690,4585,123608,6460,236555,5996,360163,California
San Mateo,2021-04-11,6595,579544,3269,315428,880,236980,2446,27136,2324,124110,4265,240820,4767,364930,California
San Mateo,2021-04-12,7274,586818,4455,319883,1866,238846,953,28089,3539,124882,3721,244541,4493,369423,California
San Mateo,2021-04-13,8080,594898,5051,324934,3022,241868,7,28096,4284,125385,3791,248332,4294,373717,California
San Mateo,2021-04-14,8214,603112,5329,330263,2883,244751,2,28098,4306,125799,3898,252230,4312,378029,California
San Mateo,2021-04-15,10876,613988,7230,337493,3645,248396,1,28099,7153,129257,3698,255928,7156,385185,California
San Mateo,2021-04-16,9848,623836,6839,344332,2993,251389,16,28115,6291,132029,3541,259469,6313,391498,California
San Mateo,2021-04-17,9324,633160,6178,350510,3143,254532,3,28118,5999,134716,3317,262786,6004,397502,California
San Mateo,2021-04-18,5298,638458,2491,353001,2807,257339,0,28118,3582,136597,1707,264493,3588,401090,California
San Mateo,2021-04-19,8079,646537,5369,358370,2710,260049,0,28118,5182,138898,2888,267381,5189,406279,California
San Mateo,2021-04-20,10133,656670,5579,363949,4554,264603,0,28118,6511,141813,3606,270987,6521,412800,California
San Mateo,2021-04-21,8663,665333,5804,369753,2859,267462,0,28118,5311,143789,3342,274329,5318,418118,California
San Mateo,2021-04-22,8443,673776,5634,375387,2808,270270,1,28119,4742,144861,3675,278004,4747,422865,California
San Mateo,2021-04-23,7120,680896,4579,379966,2541,272811,0,28119,4268,146312,2832,280836,4283,427148,California
San Mateo,2021-04-24,5971,686867,4422,384388,1549,274360,0,28119,3010,146370,2955,283791,3013,430161,California
Santa Barbara,2020-12-15,2,2,2,2,0,0,0,0,2,2,0,0,2,2,California
Santa Barbara,2020-12-16,2,4,2,4,0,0,0,0,2,4,0,0,2,4,California
Santa Barbara,2020-12-17,53,57,53,57,0,0,0,0,53,57,0,0,53,57,California
Santa Barbara,2020-12-18,377,434,376,433,1,1,0,0,377,434,0,0,377,434,California
Santa Barbara,2020-12-19,325,759,325,758,0,1,0,0,325,759,0,0,325,759,California
Santa Barbara,2020-12-20,235,994,235,993,0,1,0,0,235,994,0,0,235,994,California
Santa Barbara,2020-12-21,651,1645,649,1642,2,3,0,0,651,1645,0,0,651,1645,California
Santa Barbara,2020-12-22,243,1888,241,1883,2,5,0,0,243,1888,0,0,243,1888,California
Santa Barbara,2020-12-23,320,2208,202,2085,118,123,0,0,320,2208,0,0,320,2208,California
Santa Barbara,2020-12-24,87,2295,40,2125,47,170,0,0,87,2295,0,0,87,2295,California
Santa Barbara,2020-12-26,326,2621,66,2191,260,430,0,0,326,2621,0,0,326,2621,California
Santa Barbara,2020-12-27,62,2683,1,2192,61,491,0,0,62,2683,0,0,62,2683,California
Santa Barbara,2020-12-28,355,3038,222,2414,133,624,0,0,355,3038,0,0,355,3038,California
Santa Barbara,2020-12-29,554,3592,361,2775,193,817,0,0,554,3592,0,0,554,3592,California
Santa Barbara,2020-12-30,587,4179,405,3180,182,999,0,0,587,4179,0,0,587,4179,California
Santa Barbara,2020-12-31,239,4418,113,3293,126,1125,0,0,239,4418,0,0,239,4418,California
Santa Barbara,2021-01-01,108,4526,107,3400,1,1126,0,0,108,4526,0,0,108,4526,California
Santa Barbara,2021-01-02,587,5113,223,3623,364,1490,0,0,587,5113,0,0,587,5113,California
Santa Barbara,2021-01-03,23,5136,15,3638,8,1498,0,0,23,5136,0,0,23,5136,California
Santa Barbara,2021-01-04,308,5444,245,3883,63,1561,0,0,307,5443,0,0,307,5443,California
Santa Barbara,2021-01-05,751,6195,378,4261,373,1934,0,0,724,6140,27,27,724,6167,California
Santa Barbara,2021-01-06,654,6849,275,4536,379,2313,0,0,595,6677,58,85,595,6762,California
Santa Barbara,2021-01-07,1030,7879,708,5244,322,2635,0,0,525,6701,501,586,525,7287,California
Santa Barbara,2021-01-08,1201,9080,839,6083,362,2997,0,0,708,6916,493,1079,708,7995,California
Santa Barbara,2021-01-09,566,9646,293,6376,273,3270,0,0,320,6990,246,1325,320,8315,California
Santa Barbara,2021-01-10,62,9708,50,6426,12,3282,0,0,46,7020,16,1341,46,8361,California
Santa Barbara,2021-01-11,837,10545,668,7094,169,3451,0,0,614,7412,222,1563,614,8975,California
Santa Barbara,2021-01-12,1426,11971,634,7728,792,4243,0,0,1270,8526,156,1719,1270,10245,California
Santa Barbara,2021-01-13,1227,13198,281,8009,946,5189,0,0,1101,9501,126,1845,1101,11346,California
Santa Barbara,2021-01-14,1250,14448,134,8143,1116,6305,0,0,1196,10645,53,1898,1197,12543,California
Santa Barbara,2021-01-15,1800,16248,419,8562,1381,7686,0,0,1719,12284,80,1978,1719,14262,California
Santa Barbara,2021-01-16,1273,17521,203,8765,1070,8756,0,0,1234,13480,38,2016,1234,15496,California
Santa Barbara,2021-01-17,123,17644,20,8785,103,8859,0,0,120,13597,3,2019,120,15616,California
Santa Barbara,2021-01-18,1152,18796,417,9202,735,9594,0,0,967,14379,185,2204,967,16583,California
Santa Barbara,2021-01-19,1638,20434,569,9771,1069,10663,0,0,1360,15462,277,2481,1360,17943,California
Santa Barbara,2021-01-20,1997,22431,445,10216,1552,12215,0,0,1704,16874,292,2773,1704,19647,California
Santa Barbara,2021-01-21,3085,25516,1818,12034,1267,13482,0,0,2930,19650,155,2928,2931,22578,California
Santa Barbara,2021-01-22,3000,28516,1851,13885,1149,14631,0,0,2855,22363,142,3070,2855,25433,California
Santa Barbara,2021-01-23,1735,30251,1106,14991,629,15260,0,0,1225,23079,509,3579,1225,26658,California
Santa Barbara,2021-01-24,844,31095,752,15743,92,15352,0,0,835,23905,9,3588,835,27493,California
Santa Barbara,2021-01-25,1238,32333,499,16242,739,16091,0,0,1000,24667,238,3826,1000,28493,California
Santa Barbara,2021-01-26,2042,34375,466,16708,1576,17667,0,0,1655,25937,385,4211,1655,30148,California
Santa Barbara,2021-01-27,1158,35533,398,17106,760,18427,0,0,901,26583,256,4467,902,31050,California
Santa Barbara,2021-01-28,895,36428,297,17403,598,19025,0,0,681,27054,211,4678,682,31732,California
Santa Barbara,2021-01-29,1332,37760,538,17941,794,19819,0,0,980,27687,349,5027,982,32714,California
Santa Barbara,2021-01-30,1890,39650,1418,19359,472,20291,0,0,1486,28772,401,5428,1486,34200,California
Santa Barbara,2021-01-31,1456,41106,1218,20577,238,20529,0,0,1417,30150,39,5467,1417,35617,California
Santa Barbara,2021-02-01,938,42044,517,21094,421,20950,0,0,550,30312,388,5855,550,36167,California
Santa Barbara,2021-02-02,1821,43865,699,21793,1122,22072,0,0,1046,30585,773,6628,1046,37213,California
Santa Barbara,2021-02-03,1941,45806,1078,22871,863,22935,0,0,1499,31652,432,7060,1499,38712,California
Santa Barbara,2021-02-04,2776,48582,1861,24732,915,23850,0,0,2481,33843,290,7350,2481,41193,California
Santa Barbara,2021-02-05,2905,51487,2059,26791,846,24696,0,0,2262,35463,642,7992,2262,43455,California
Santa Barbara,2021-02-06,1208,52695,339,27130,869,25565,0,0,796,35847,412,8404,796,44251,California
Santa Barbara,2021-02-07,299,52994,262,27392,37,25602,0,0,264,36077,34,8438,264,44515,California
Santa Barbara,2021-02-08,955,53949,311,27703,644,26246,0,0,669,36460,286,8724,669,45184,California
Santa Barbara,2021-02-09,2439,56388,314,28017,2125,28371,0,0,1121,36272,1309,10033,1121,46305,California
Santa Barbara,2021-02-10,2760,59148,1496,29513,1264,29635,0,0,803,35126,1949,11982,803,47108,California
Santa Barbara,2021-02-11,4179,63327,2805,32318,1374,31009,0,0,623,32199,3550,15532,623,47731,California
Santa Barbara,2021-02-12,3307,66634,948,33266,2359,33368,0,0,773,30443,2529,18061,773,48504,California
Santa Barbara,2021-02-13,1237,67871,341,33607,896,34264,0,0,562,30333,672,18733,562,49066,California
Santa Barbara,2021-02-14,331,68202,34,33641,297,34561,0,0,285,30572,46,18779,285,49351,California
Santa Barbara,2021-02-15,964,69166,337,33978,627,35188,0,0,491,30594,469,19248,491,49842,California
Santa Barbara,2021-02-16,2109,71275,396,34374,1713,36901,0,0,716,29921,1389,20637,716,50558,California
Santa Barbara,2021-02-17,1436,72711,322,34696,1114,38015,0,0,521,29529,913,21550,521,51079,California
Santa Barbara,2021-02-18,3251,75962,2646,37342,605,38620,0,0,1518,29348,1699,23249,1518,52597,California
Santa Barbara,2021-02-19,3603,79565,2648,39990,955,39575,0,0,2334,30416,1266,24515,2334,54931,California
Santa Barbara,2021-02-20,2219,81784,1432,41422,787,40362,0,0,1667,31540,543,25058,1667,56598,California
Santa Barbara,2021-02-21,124,81908,97,41519,27,40389,0,0,57,31530,67,25125,57,56655,California
Santa Barbara,2021-02-22,934,82842,243,41762,691,41080,0,0,262,31126,666,25791,262,56917,California
Santa Barbara,2021-02-23,3181,86023,1043,42805,2138,43218,0,0,419,28785,2760,28551,419,57336,California
Santa Barbara,2021-02-24,3195,89218,1086,43891,2109,45327,0,0,721,27041,2465,31016,721,58057,California
Santa Barbara,2021-02-25,3452,92670,1916,45807,1536,46863,0,0,985,25567,2460,33476,986,59043,California
Santa Barbara,2021-02-26,3664,96334,2174,47981,1490,48353,0,0,1980,25870,1677,35153,1980,61023,California
Santa Barbara,2021-02-27,1527,97861,561,48542,966,49319,0,0,846,26043,675,35828,848,61871,California
Santa Barbara,2021-02-28,1082,98943,220,48762,862,50181,0,0,891,26748,187,36015,892,62763,California
Santa Barbara,2021-03-01,1622,100565,461,49223,1161,51342,0,0,1080,27296,533,36548,1081,63844,California
Santa Barbara,2021-03-02,2609,103174,411,49634,2198,53540,0,0,2115,28929,483,37031,2116,65960,California
Santa Barbara,2021-03-03,4625,107799,2096,51730,2528,56068,1,1,4033,32384,582,37613,4037,69997,California
Santa Barbara,2021-03-04,3410,111209,2281,54011,1129,57197,0,1,2857,34694,547,38160,2857,72854,California
Santa Barbara,2021-03-05,3801,115010,2152,56163,1590,58787,59,60,3079,37116,716,38876,3138,75992,California
Santa Barbara,2021-03-06,2436,117446,726,56889,1491,60278,219,279,1671,38243,762,39638,1889,77881,California
Santa Barbara,2021-03-07,557,118003,122,57011,307,60585,128,407,381,38578,175,39813,510,78391,California
Santa Barbara,2021-03-08,1570,119573,374,57385,854,61439,342,749,790,38936,774,40587,1132,79523,California
Santa Barbara,2021-03-09,2765,122338,323,57708,1672,63111,770,1519,717,38374,2045,42632,1483,81006,California
Santa Barbara,2021-03-10,2750,125088,544,58252,1160,64271,1046,2565,1033,38741,1712,44344,2079,83085,California
Santa Barbara,2021-03-11,5573,130661,3031,61283,1428,65699,1114,3679,2279,38848,3282,47626,3389,86474,California
Santa Barbara,2021-03-12,3651,134312,2094,63377,1130,66829,427,4106,2172,39974,1471,49097,2597,89071,California
Santa Barbara,2021-03-13,3469,137781,1920,65297,1340,68169,209,4315,2695,42106,773,49870,2905,91976,California
Santa Barbara,2021-03-14,775,138556,366,65663,352,68521,57,4372,457,42302,318,50188,514,92490,California
Santa Barbara,2021-03-15,2102,140658,694,66357,1117,69638,291,4663,1266,43024,833,51021,1555,94045,California
Santa Barbara,2021-03-16,3725,144383,1170,67527,2214,71852,341,5004,2742,45127,980,52001,3083,97128,California
Santa Barbara,2021-03-17,3297,147680,970,68497,1922,73774,405,5409,2307,46849,988,52989,2710,99838,California
Santa Barbara,2021-03-18,5115,152795,2796,71293,2119,75893,200,5609,3896,49738,1207,54196,4096,103934,California
Santa Barbara,2021-03-19,4435,157230,2762,74055,1341,77234,332,5941,3045,51728,1386,55582,3376,107310,California
Santa Barbara,2021-03-20,2159,159389,825,74880,1324,78558,10,5951,1324,52229,833,56415,1334,108644,California
Santa Barbara,2021-03-21,1161,160550,382,75262,750,79308,29,5980,838,52774,322,56737,867,109511,California
Santa Barbara,2021-03-22,2777,163327,1914,77176,819,80127,44,6024,2226,54499,545,57282,2270,111781,California
Santa Barbara,2021-03-23,4470,167797,2246,79422,2128,82255,96,6120,3711,57556,750,58032,3807,115588,California
Santa Barbara,2021-03-24,5383,173180,3154,82576,1496,83751,733,6853,2953,58830,2411,60443,3685,119273,California
Santa Barbara,2021-03-25,5533,178713,3278,85854,2069,85820,186,7039,2765,59027,2754,63197,2951,122224,California
Santa Barbara,2021-03-26,5070,183783,3214,89068,1558,87378,298,7337,2236,58743,2818,66015,2534,124758,California
Santa Barbara,2021-03-27,2927,186710,1222,90290,1662,89040,43,7380,1595,59052,1327,67342,1636,126394,California
Santa Barbara,2021-03-28,2777,189487,1653,91943,1096,90136,28,7408,1896,60098,878,68220,1924,128318,California
Santa Barbara,2021-03-29,4041,193528,2087,94030,1885,92021,69,7477,3236,62603,800,69020,3305,131623,California
Santa Barbara,2021-03-30,6780,200308,3501,97531,3131,95152,148,7625,4557,65097,2209,71229,4703,136326,California
Santa Barbara,2021-03-31,8625,208933,5498,103029,3063,98215,64,7689,5051,66655,3558,74787,5116,141442,California
Santa Barbara,2021-04-01,6892,215825,5083,108112,1551,99766,258,7947,4049,68129,2831,77618,4305,145747,California
Santa Barbara,2021-04-02,6595,222420,4526,112638,1477,101243,592,8539,3384,68900,3204,80822,3975,149722,California
Santa Barbara,2021-04-03,3779,226199,2100,114738,1611,102854,68,8607,2489,70170,1286,82108,2556,152278,California
Santa Barbara,2021-04-04,894,227093,442,115180,412,103266,40,8647,496,70310,396,82504,536,152814,California
Santa Barbara,2021-04-05,3437,230530,2265,117445,914,104180,258,8905,2145,71428,1286,83790,2404,155218,California
Santa Barbara,2021-04-06,5447,235977,2815,120260,2097,106277,535,9440,3335,73198,2098,85888,3868,159086,California
Santa Barbara,2021-04-07,5986,241963,3287,123547,2159,108436,540,9980,4083,75927,1892,87780,4621,163707,California
Santa Barbara,2021-04-08,7375,249338,5027,128574,635,109071,1713,11693,3411,77088,3961,91741,5122,168829,California
Santa Barbara,2021-04-09,7282,256620,4864,133438,1074,110145,1344,13037,3297,77750,3976,95717,4638,173467,California
Santa Barbara,2021-04-10,6625,263245,4599,138037,1411,111556,615,13652,4517,80778,2104,97821,5132,178599,California
Santa Barbara,2021-04-11,2660,265905,1947,139984,414,111970,299,13951,1840,82098,815,98636,2135,180734,California
Santa Barbara,2021-04-12,4446,270351,2865,142849,1027,112997,554,14505,1940,82090,2500,101136,2492,183226,California
Santa Barbara,2021-04-13,6297,276648,4136,146985,2155,115152,6,14511,2610,81021,3684,104820,2615,185841,California
Santa Barbara,2021-04-14,6738,283386,4418,151403,2318,117470,2,14513,4225,82744,2503,107323,4226,190067,California
Santa Barbara,2021-04-15,6930,290316,4093,155496,2836,120306,1,14514,3846,83520,3072,110395,3848,193915,California
Santa Barbara,2021-04-16,6370,296686,3749,159245,2610,122916,11,14525,4394,85963,1961,112356,4404,198319,California
Santa Barbara,2021-04-17,5303,301989,3872,163117,1431,124347,0,14525,4098,88864,1197,113553,4098,202417,California
Santa Barbara,2021-04-18,2120,304109,1471,164588,649,124996,0,14525,370,87488,1747,115300,371,202788,California
Santa Barbara,2021-04-19,3180,307289,2214,166802,961,125957,5,14530,993,86303,2184,117484,999,203787,California
Santa Barbara,2021-04-20,5864,313153,3954,170756,1909,127866,1,14531,1661,83773,4191,121675,1661,205448,California
Santa Barbara,2021-04-21,5468,318621,3638,174394,1830,129696,0,14531,1754,81825,3702,125377,1754,207202,California
Santa Barbara,2021-04-22,4839,323460,2414,176808,2425,132121,0,14531,1391,79783,3434,128811,1392,208594,California
Santa Barbara,2021-04-23,3742,327202,2556,179364,1186,133307,0,14531,1497,79041,2239,131050,1497,210091,California
Santa Barbara,2021-04-24,1175,328377,796,180160,378,133685,1,14532,795,79457,380,131430,796,210887,California
Santa Clara,2020-12-15,65,65,65,65,0,0,0,0,65,65,0,0,65,65,California
Santa Clara,2020-12-16,136,201,136,201,0,0,0,0,136,201,0,0,136,201,California
Santa Clara,2020-12-17,390,591,390,591,0,0,0,0,390,591,0,0,390,591,California
Santa Clara,2020-12-18,1674,2265,1674,2265,0,0,0,0,1674,2265,0,0,1674,2265,California
Santa Clara,2020-12-19,2072,4337,2072,4337,0,0,0,0,2071,4336,0,0,2071,4336,California
Santa Clara,2020-12-20,1898,6235,1892,6229,6,6,0,0,1895,6231,0,0,1895,6231,California
Santa Clara,2020-12-21,2668,8903,2668,8897,0,6,0,0,2666,8897,0,0,2666,8897,California
Santa Clara,2020-12-22,3125,12028,3116,12013,9,15,0,0,3122,12019,0,0,3122,12019,California
Santa Clara,2020-12-23,3258,15286,3073,15086,185,200,0,0,3256,15275,0,0,3256,15275,California
Santa Clara,2020-12-24,1899,17185,1712,16798,187,387,0,0,1893,17167,1,1,1893,17168,California
Santa Clara,2020-12-25,343,17528,342,17140,1,388,0,0,343,17510,0,1,343,17511,California
Santa Clara,2020-12-26,1263,18791,1031,18171,232,620,0,0,1262,18772,0,1,1262,18773,California
Santa Clara,2020-12-27,647,19438,507,18678,140,760,0,0,647,19419,0,1,647,19420,California
Santa Clara,2020-12-28,2331,21769,1729,20407,602,1362,0,0,2331,21750,0,1,2331,21751,California
Santa Clara,2020-12-29,2326,24095,1466,21873,860,2222,0,0,2324,24074,0,1,2324,24075,California
Santa Clara,2020-12-30,2987,27082,1898,23771,1089,3311,0,0,2985,27057,2,3,2985,27060,California
Santa Clara,2020-12-31,1211,28293,387,24158,824,4135,0,0,1210,28266,1,4,1210,28270,California
Santa Clara,2021-01-01,138,28431,8,24166,130,4265,0,0,138,28404,0,4,138,28408,California
Santa Clara,2021-01-02,1081,29512,812,24978,269,4534,0,0,1081,29485,0,4,1081,29489,California
Santa Clara,2021-01-03,584,30096,369,25347,215,4749,0,0,579,30061,3,7,579,30068,California
Santa Clara,2021-01-04,2465,32561,1666,27013,799,5548,0,0,2463,32524,0,7,2463,32531,California
Santa Clara,2021-01-05,3057,35618,2002,29015,1055,6603,0,0,2869,35212,187,194,2875,35406,California
Santa Clara,2021-01-06,3319,38937,1954,30969,1365,7968,0,0,2744,37386,571,765,2745,38151,California
Santa Clara,2021-01-07,4212,43149,2554,33523,1658,9626,0,0,3146,39481,1056,1821,3151,41302,California
Santa Clara,2021-01-08,5840,48989,3820,37343,2020,11646,0,0,3787,41219,2049,3870,3787,45089,California
Santa Clara,2021-01-09,2969,51958,1862,39205,1107,12753,0,0,1686,41625,1283,5153,1689,46778,California
Santa Clara,2021-01-10,1952,53910,1509,40714,443,13196,0,0,740,41154,1211,6364,740,47518,California
Santa Clara,2021-01-11,5932,59842,3733,44447,2199,15395,0,0,3373,41974,2558,8922,3378,50896,California
Santa Clara,2021-01-12,6799,66641,3398,47845,3401,18796,0,0,4556,44290,2241,11163,4557,55453,California
Santa Clara,2021-01-13,7361,74002,3042,50887,4319,23115,0,0,5193,47318,2166,13329,5194,60647,California
Santa Clara,2021-01-14,8227,82229,2790,53677,5437,28552,0,0,6489,52075,1733,15062,6490,67137,California
Santa Clara,2021-01-15,9445,91674,2680,56357,6765,35317,0,0,8130,58898,1312,16374,8135,75272,California
Santa Clara,2021-01-16,4295,95969,1224,57581,3071,38388,0,0,3463,61533,828,17202,3463,78735,California
Santa Clara,2021-01-17,3213,99182,601,58182,2612,41000,0,0,2717,63754,496,17698,2717,81452,California
Santa Clara,2021-01-18,5086,104268,1149,59331,3937,44937,0,0,4534,67737,552,18250,4535,85987,California
Santa Clara,2021-01-19,8460,112728,2658,61989,5802,50739,0,0,6785,72853,1672,19922,6788,92775,California
Santa Clara,2021-01-20,7985,120713,4014,66003,3971,54710,0,0,6446,77765,1534,21456,6446,99221,California
Santa Clara,2021-01-21,8542,129255,3633,69636,4909,59619,0,0,7393,84013,1147,22603,7395,106616,California
Santa Clara,2021-01-22,8582,137837,3202,72838,5380,64999,0,0,8019,91472,562,23165,8021,114637,California
Santa Clara,2021-01-23,3780,141617,1687,74525,2093,67092,0,0,2823,93339,957,24122,2824,117461,California
Santa Clara,2021-01-24,2824,144441,1421,75946,1403,68495,0,0,2337,95191,485,24607,2337,119798,California
Santa Clara,2021-01-25,8364,152805,3779,79725,4585,73080,0,0,6308,99454,2049,26656,6312,126110,California
Santa Clara,2021-01-26,8228,161033,3760,83485,4468,77548,0,0,6117,103472,2101,28757,6119,132229,California
Santa Clara,2021-01-27,8704,169737,3823,87308,4881,82429,0,0,6784,108358,1899,30656,6785,139014,California
Santa Clara,2021-01-28,9413,179150,3769,91077,5644,88073,0,0,7465,113899,1928,32584,7469,146483,California
Santa Clara,2021-01-29,9498,188648,3935,95012,5563,93636,0,0,7334,119081,2155,34739,7337,153820,California
Santa Clara,2021-01-30,4167,192815,2061,97073,2106,95742,0,0,2963,120848,1197,35936,2964,156784,California
Santa Clara,2021-01-31,2170,194985,1302,98375,868,96610,0,0,1580,121841,587,36523,1580,158364,California
Santa Clara,2021-02-01,7826,202811,3480,101855,4346,100956,0,0,6140,126303,1679,38202,6141,164505,California
Santa Clara,2021-02-02,8293,211104,2870,104725,5423,106379,0,0,6304,130626,1984,40186,6307,170812,California
Santa Clara,2021-02-03,9191,220295,3480,108205,5711,112090,0,0,6919,135285,2266,42452,6925,177737,California
Santa Clara,2021-02-04,10883,231178,4109,112314,6774,118864,0,0,8604,141623,2269,44721,8607,186344,California
Santa Clara,2021-02-05,11903,243081,4345,116659,7558,126422,0,0,8447,146630,3441,48162,8448,194792,California
Santa Clara,2021-02-06,5173,248254,2808,119467,2365,128787,0,0,4013,149489,1156,49318,4015,198807,California
Santa Clara,2021-02-07,3470,251724,2347,121814,1123,129910,0,0,3019,152059,450,49768,3020,201827,California
Santa Clara,2021-02-08,10001,261725,3477,125291,6524,136434,0,0,7290,156653,2697,52465,7291,209118,California
Santa Clara,2021-02-09,11130,272855,3808,129099,7322,143756,0,0,7654,160844,3466,55931,7657,216775,California
Santa Clara,2021-02-10,12619,285474,4894,133993,7725,151481,0,0,6904,162048,5702,61633,6906,223681,California
Santa Clara,2021-02-11,13454,298928,4698,138691,8756,160237,0,0,7669,163947,5771,67404,7670,231351,California
Santa Clara,2021-02-12,14529,313457,4477,143168,10052,170289,0,0,7012,163463,7498,74902,7014,238365,California
Santa Clara,2021-02-13,6061,319518,1447,144615,4614,174903,0,0,2209,161828,3846,78748,2211,240576,California
Santa Clara,2021-02-14,4612,324130,1140,145755,3472,178375,0,0,1468,160155,3143,81891,1470,242046,California
Santa Clara,2021-02-15,6243,330373,2794,148549,3449,181824,0,0,2701,159320,3536,85427,2701,244747,California
Santa Clara,2021-02-16,13749,344122,3992,152541,9757,191581,0,0,6917,159422,6815,92242,6917,251664,California
Santa Clara,2021-02-17,14054,358176,5485,158026,8569,200150,0,0,7040,159471,6996,99238,7045,258709,California
Santa Clara,2021-02-18,13691,371867,8345,166371,5346,205496,0,0,7000,159806,6668,105906,7003,265712,California
Santa Clara,2021-02-19,14676,386543,9513,175884,5163,210659,0,0,8495,162139,6166,112072,8499,274211,California
Santa Clara,2021-02-20,6807,393350,5093,180977,1714,212373,0,0,3673,162687,3125,115197,3673,277884,California
Santa Clara,2021-02-21,3240,396590,2424,183401,816,213189,0,0,1163,161782,2070,117267,1165,279049,California
Santa Clara,2021-02-22,10143,406733,6075,189476,4068,217257,0,0,4734,161118,5399,122666,4735,283784,California
Santa Clara,2021-02-23,11837,418570,7696,197172,4141,221398,0,0,6710,162717,5115,127781,6714,290498,California
Santa Clara,2021-02-24,14110,432680,9084,206256,5026,226424,0,0,8736,166095,5358,133139,8736,299234,California
Santa Clara,2021-02-25,14568,447248,9222,215478,5346,231770,0,0,7865,167280,6685,139824,7870,307104,California
Santa Clara,2021-02-26,14547,461795,8432,223910,6115,237885,0,0,7998,168758,6523,146347,8001,315105,California
Santa Clara,2021-02-27,8043,469838,5488,229398,2554,240439,1,1,4451,169635,3582,149929,4459,319564,California
Santa Clara,2021-02-28,4714,474552,3067,232465,1647,242086,0,1,2204,169338,2501,152430,2204,321768,California
Santa Clara,2021-03-01,14051,488603,7966,240431,6083,248169,2,3,8693,172695,5338,157768,8695,330463,California
Santa Clara,2021-03-02,15758,504361,9378,249809,6380,254549,0,3,10213,177388,5521,163289,10214,340677,California
Santa Clara,2021-03-03,18265,522626,8893,258702,9371,263920,1,4,11322,181811,6906,170195,11329,352006,California
Santa Clara,2021-03-04,16338,538964,8907,267609,7428,271348,3,7,9532,184608,6740,176935,9537,361543,California
Santa Clara,2021-03-05,16426,555390,9116,276725,7185,278533,125,132,9114,186558,7293,184228,9243,370786,California
Santa Clara,2021-03-06,9339,564729,6263,282988,2641,281174,435,567,7038,191743,2288,186516,7473,378259,California
Santa Clara,2021-03-07,6713,571442,4405,287393,2077,283251,231,798,5349,195966,1356,187872,5579,383838,California
Santa Clara,2021-03-08,12828,584270,6680,294073,5587,288838,561,1359,8217,200151,4595,192467,8780,392618,California
Santa Clara,2021-03-09,14791,599061,6208,300281,7257,296095,1326,2685,6545,199791,8229,200696,7869,400487,California
Santa Clara,2021-03-10,14863,613924,6463,306744,6382,302477,2018,4703,6066,199086,8773,209469,8068,408555,California
Santa Clara,2021-03-11,16884,630808,7726,314470,7655,310132,1503,6206,5973,195667,10884,220353,7465,416020,California
Santa Clara,2021-03-12,17606,648414,9049,323519,6987,317119,1570,7776,5937,191531,11630,231983,7494,423514,California
Santa Clara,2021-03-13,10666,659080,6179,329698,3002,320121,1485,9261,4763,191886,5880,237863,6235,429749,California
Santa Clara,2021-03-14,6466,665546,3345,333043,1822,321943,1299,10560,3191,193109,3260,241123,4483,434232,California
Santa Clara,2021-03-15,12738,678284,6515,339558,5955,327898,268,10828,5966,192591,6753,247876,6235,440467,California
Santa Clara,2021-03-16,18105,696389,10242,349800,7657,335555,206,11034,8769,192255,9309,257185,8973,449440,California
Santa Clara,2021-03-17,19784,716173,11207,361007,8409,343964,168,11202,10213,193108,9523,266708,10376,459816,California
Santa Clara,2021-03-18,18942,735115,8855,369862,8929,352893,1158,12360,9139,193653,9749,276457,10294,470110,California
Santa Clara,2021-03-19,19133,754248,9838,379700,8297,361190,998,13358,10019,195603,9058,285515,11008,481118,California
Santa Clara,2021-03-20,11437,765685,6277,385977,4333,365523,827,14185,6719,198455,4690,290205,7542,488660,California
Santa Clara,2021-03-21,8234,773919,3715,389692,3119,368642,1400,15585,5521,202663,2704,292909,6912,495572,California
Santa Clara,2021-03-22,16220,790139,9043,398735,6833,375475,344,15929,9268,205345,6930,299839,9612,505184,California
Santa Clara,2021-03-23,19119,809258,12163,410898,6443,381918,513,16442,11239,209261,7836,307675,11752,516936,California
Santa Clara,2021-03-24,22466,831724,14477,425375,7578,389496,411,16853,14640,216529,7785,315460,15053,531989,California
Santa Clara,2021-03-25,22781,854505,13049,438424,8749,398245,983,17836,14702,224188,8016,323476,15675,547664,California
Santa Clara,2021-03-26,21753,876258,13860,452284,7510,405755,383,18219,13450,229748,8268,331744,13828,561492,California
Santa Clara,2021-03-27,15587,891845,10369,462653,4456,410211,762,18981,8408,231774,7143,338887,9169,570661,California
Santa Clara,2021-03-28,11975,903820,8279,470932,2983,413194,713,19694,6479,233488,5473,344360,7187,577848,California
Santa Clara,2021-03-29,20482,924302,12572,483504,7186,420380,724,20418,11147,236061,9295,353655,11868,589716,California
Santa Clara,2021-03-30,25424,949726,15141,498645,8351,428731,1932,22350,16266,245130,9123,362778,18192,607908,California
Santa Clara,2021-03-31,20246,969972,11742,510387,7382,436113,1122,23472,12550,251130,7664,370442,13664,621572,California
Santa Clara,2021-04-01,31331,1001303,19605,529992,8743,444856,2983,26455,19787,262405,11486,381928,22761,644333,California
Santa Clara,2021-04-02,24822,1026125,14184,544176,8527,453383,2111,28566,16197,272113,8594,390522,18302,662635,California
Santa Clara,2021-04-03,15033,1041158,9120,553296,3433,456816,2480,31046,8331,276232,6683,397205,10802,673437,California
Santa Clara,2021-04-04,7559,1048717,4003,557299,2404,459220,1152,32198,3931,277696,3619,400824,5083,678520,California
Santa Clara,2021-04-05,21461,1070178,14304,571603,4706,463926,2451,34649,13971,286650,7466,408290,16420,694940,California
Santa Clara,2021-04-06,29102,1099280,15994,587597,7701,471627,5407,40056,17455,297898,11607,419897,22855,717795,California
Santa Clara,2021-04-07,30408,1129688,15678,603275,8309,479936,6421,46477,18544,311038,11813,431710,24953,742748,California
Santa Clara,2021-04-08,28927,1158615,15939,619214,5911,485847,7077,53554,15928,321098,12928,444638,22988,765736,California
Santa Clara,2021-04-09,27489,1186104,13590,632804,6745,492592,7154,60708,13987,328771,13451,458089,21124,786860,California
Santa Clara,2021-04-10,21112,1207216,12212,645016,3712,496304,5188,65896,11296,335444,9785,467874,16458,803318,California
Santa Clara,2021-04-11,15875,1223091,9495,654511,2622,498926,3758,69654,8213,339778,7630,475504,11964,815282,California
Santa Clara,2021-04-12,26599,1249690,18717,673228,5485,504411,2397,72051,18140,351907,8406,483910,20535,835817,California
Santa Clara,2021-04-13,33408,1283098,26768,699996,6614,511025,26,72077,25930,370485,7401,491311,25979,861796,California
Santa Clara,2021-04-14,35831,1318929,27089,727085,8739,519764,3,72080,25807,386358,9964,501275,25837,887633,California
Santa Clara,2021-04-15,43007,1361936,33900,760985,9107,528871,0,72080,33363,410198,9547,510822,33387,921020,California
Santa Clara,2021-04-16,37725,1399661,26123,787108,11600,540471,2,72082,27322,427207,10336,521158,27345,948365,California
Santa Clara,2021-04-17,21345,1421006,14837,801945,6507,546978,1,72083,14861,435643,6442,527600,14878,963243,California
Santa Clara,2021-04-18,16097,1437103,10364,812309,5733,552711,0,72083,10026,439640,6039,533639,10036,973279,California
Santa Clara,2021-04-19,28016,1465119,20114,832423,7901,560612,1,72084,16883,445486,11066,544705,16912,990191,California
Santa Clara,2021-04-20,35169,1500288,21056,853479,14113,574725,0,72084,21388,453217,13685,558390,21416,1011607,California
Santa Clara,2021-04-21,31498,1531786,18109,871588,13389,588114,0,72084,19539,460893,11896,570286,19572,1031179,California
Santa Clara,2021-04-22,18172,1549958,10727,882315,7444,595558,1,72085,7262,457324,10853,581139,7284,1038463,California
Santa Clara,2021-04-23,13905,1563863,8053,890368,5852,601410,0,72085,5980,455448,7871,589010,5995,1044458,California
Santa Clara,2021-04-24,4541,1568404,2467,892835,2073,603483,1,72086,1780,454498,2744,591754,1794,1046252,California
Santa Cruz,2020-12-15,2,2,2,2,0,0,0,0,2,2,0,0,2,2,California
Santa Cruz,2020-12-16,57,59,57,59,0,0,0,0,57,59,0,0,57,59,California
Santa Cruz,2020-12-17,389,448,389,448,0,0,0,0,389,448,0,0,389,448,California
Santa Cruz,2020-12-18,464,912,464,912,0,0,0,0,464,912,0,0,464,912,California
Santa Cruz,2020-12-19,178,1090,177,1089,1,1,0,0,178,1090,0,0,178,1090,California
Santa Cruz,2020-12-20,95,1185,95,1184,0,1,0,0,95,1185,0,0,95,1185,California
Santa Cruz,2020-12-21,435,1620,435,1619,0,1,0,0,435,1620,0,0,435,1620,California
Santa Cruz,2020-12-22,424,2044,423,2042,1,2,0,0,424,2044,0,0,424,2044,California
Santa Cruz,2020-12-23,372,2416,329,2371,43,45,0,0,372,2416,0,0,372,2416,California
Santa Cruz,2020-12-24,125,2541,49,2420,76,121,0,0,125,2541,0,0,125,2541,California
Santa Cruz,2020-12-25,11,2552,11,2431,0,121,0,0,11,2552,0,0,11,2552,California
Santa Cruz,2020-12-26,64,2616,45,2476,19,140,0,0,64,2616,0,0,64,2616,California
Santa Cruz,2020-12-27,32,2648,27,2503,5,145,0,0,32,2648,0,0,32,2648,California
Santa Cruz,2020-12-28,485,3133,108,2611,377,522,0,0,485,3133,0,0,485,3133,California
Santa Cruz,2020-12-29,800,3933,370,2981,430,952,0,0,800,3933,0,0,800,3933,California
Santa Cruz,2020-12-30,356,4289,164,3145,192,1144,0,0,356,4289,0,0,356,4289,California
Santa Cruz,2020-12-31,313,4602,11,3156,302,1446,0,0,313,4602,0,0,313,4602,California
Santa Cruz,2021-01-01,33,4635,1,3157,32,1478,0,0,33,4635,0,0,33,4635,California
Santa Cruz,2021-01-02,71,4706,57,3214,14,1492,0,0,71,4706,0,0,71,4706,California
Santa Cruz,2021-01-03,15,4721,7,3221,8,1500,0,0,15,4721,0,0,15,4721,California
Santa Cruz,2021-01-04,281,5002,123,3344,158,1658,0,0,279,5000,0,0,279,5000,California
Santa Cruz,2021-01-05,566,5568,428,3772,138,1796,0,0,264,4962,302,302,264,5264,California
Santa Cruz,2021-01-06,802,6370,669,4441,133,1929,0,0,464,5089,337,639,464,5728,California
Santa Cruz,2021-01-07,541,6911,212,4653,329,2258,0,0,388,5325,153,792,389,6117,California
Santa Cruz,2021-01-08,932,7843,560,5213,372,2630,0,0,485,5364,447,1239,486,6603,California
Santa Cruz,2021-01-09,463,8306,123,5336,340,2970,0,0,409,5719,54,1293,409,7012,California
Santa Cruz,2021-01-10,80,8386,70,5406,10,2980,0,0,21,5681,59,1352,21,7033,California
Santa Cruz,2021-01-11,723,9109,589,5995,134,3114,0,0,191,5340,532,1884,191,7224,California
Santa Cruz,2021-01-12,736,9845,532,6527,204,3318,0,0,493,5590,243,2127,493,7717,California
Santa Cruz,2021-01-13,522,10367,228,6755,294,3612,0,0,438,5947,81,2208,438,8155,California
Santa Cruz,2021-01-14,555,10922,101,6856,454,4066,0,0,489,6370,66,2274,489,8644,California
Santa Cruz,2021-01-15,1459,12381,77,6933,1382,5448,0,0,1394,7702,64,2338,1396,10040,California
Santa Cruz,2021-01-16,426,12807,54,6987,372,5820,0,0,407,8090,19,2357,407,10447,California
Santa Cruz,2021-01-17,297,13104,41,7028,256,6076,0,0,272,8337,25,2382,272,10719,California
Santa Cruz,2021-01-18,1015,14119,105,7133,910,6986,0,0,953,9228,62,2444,953,11672,California
Santa Cruz,2021-01-19,1622,15741,524,7657,1098,8084,0,0,1269,10147,351,2795,1270,12942,California
Santa Cruz,2021-01-20,1235,16976,183,7840,1052,9136,0,0,1038,10991,194,2989,1038,13980,California
Santa Cruz,2021-01-21,1712,18688,200,8040,1512,10648,0,0,1604,12489,108,3097,1606,15586,California
Santa Cruz,2021-01-22,1796,20484,532,8572,1264,11912,0,0,1694,14085,99,3196,1695,17281,California
Santa Cruz,2021-01-23,402,20886,147,8719,255,12167,0,0,342,14368,59,3255,342,17623,California
Santa Cruz,2021-01-24,116,21002,21,8740,95,12262,0,0,98,14448,18,3273,98,17721,California
Santa Cruz,2021-01-25,1062,22064,361,9101,701,12963,0,0,551,14488,511,3784,551,18272,California
Santa Cruz,2021-01-26,1695,23759,248,9349,1447,14410,0,0,1182,15157,513,4297,1182,19454,California
Santa Cruz,2021-01-27,1653,25412,449,9798,1204,15614,0,0,1269,16044,382,4679,1269,20723,California
Santa Cruz,2021-01-28,1749,27161,293,10091,1456,17070,0,0,1472,17240,277,4956,1473,22196,California
Santa Cruz,2021-01-29,1733,28894,489,10580,1244,18314,0,0,1603,18714,129,5085,1603,23799,California
Santa Cruz,2021-01-30,1059,29953,308,10888,751,19065,0,0,926,19507,133,5218,926,24725,California
Santa Cruz,2021-01-31,221,30174,113,11001,108,19173,0,0,207,19700,14,5232,207,24932,California
Santa Cruz,2021-02-01,1232,31406,759,11760,473,19646,0,0,826,20120,406,5638,826,25758,California
Santa Cruz,2021-02-02,1008,32414,128,11888,880,20526,0,0,853,20819,154,5792,853,26611,California
Santa Cruz,2021-02-03,2237,34651,960,12848,1277,21803,0,0,1922,22430,311,6103,1922,28533,California
Santa Cruz,2021-02-04,1855,36506,773,13621,1082,22885,0,0,1518,23612,336,6439,1518,30051,California
Santa Cruz,2021-02-05,3172,39678,793,14414,2379,25264,0,0,2852,26145,319,6758,2852,32903,California
Santa Cruz,2021-02-06,2588,42266,164,14578,2424,27688,0,0,2240,28037,348,7106,2240,35143,California
Santa Cruz,2021-02-07,909,43175,122,14700,787,28475,0,0,891,28910,18,7124,891,36034,California
Santa Cruz,2021-02-08,715,43890,202,14902,513,28988,0,0,515,29226,199,7323,515,36549,California
Santa Cruz,2021-02-09,2373,46263,1056,15958,1317,30305,0,0,2110,31077,259,7582,2110,38659,California
Santa Cruz,2021-02-10,2201,48464,579,16537,1622,31927,0,0,1502,31890,690,8272,1503,40162,California
Santa Cruz,2021-02-11,1856,50320,317,16854,1539,33466,0,0,1329,32694,525,8797,1329,41491,California
Santa Cruz,2021-02-12,3225,53545,421,17275,2804,36270,0,0,1815,33109,1402,10199,1817,43308,California
Santa Cruz,2021-02-13,1710,55255,124,17399,1586,37856,0,0,1296,33991,414,10613,1296,44604,California
Santa Cruz,2021-02-14,1403,56658,70,17469,1333,39189,0,0,1139,34866,264,10877,1139,45743,California
Santa Cruz,2021-02-15,1583,58241,280,17749,1303,40492,0,0,566,34416,1017,11894,567,46310,California
Santa Cruz,2021-02-16,1696,59937,206,17955,1490,41982,0,0,537,33815,1138,13032,537,46847,California
Santa Cruz,2021-02-17,2922,62859,976,18931,1946,43928,0,0,1221,33351,1688,14720,1224,48071,California
Santa Cruz,2021-02-18,2881,65740,639,19570,2242,46170,0,0,1230,32934,1647,16367,1230,49301,California
Santa Cruz,2021-02-19,3266,69006,1145,20715,2121,48291,0,0,2009,33688,1255,17622,2009,51310,California
Santa Cruz,2021-02-20,2386,71392,1499,22214,887,49178,0,0,1892,35086,494,18116,1892,53202,California
Santa Cruz,2021-02-21,826,72218,360,22574,466,49644,0,0,700,35662,124,18240,700,53902,California
Santa Cruz,2021-02-22,1258,73476,967,23541,291,49935,0,0,535,35476,721,18961,535,54437,California
Santa Cruz,2021-02-23,2097,75573,938,24479,1159,51094,0,0,708,34796,1388,20349,708,55145,California
Santa Cruz,2021-02-24,3182,78755,1664,26143,1518,52612,0,0,1203,34024,1975,22324,1203,56348,California
Santa Cruz,2021-02-25,3239,81994,1431,27574,1808,54420,0,0,1781,34354,1451,23775,1781,58129,California
Santa Cruz,2021-02-26,2721,84715,763,28337,1958,56378,0,0,1549,34737,1168,24943,1551,59680,California
Santa Cruz,2021-02-27,2635,87350,930,29267,1705,58083,0,0,1836,35775,798,25741,1836,61516,California
Santa Cruz,2021-02-28,1296,88646,359,29626,937,59020,0,0,1084,36650,209,25950,1084,62600,California
Santa Cruz,2021-03-01,1828,90474,1255,30881,573,59593,0,0,689,36203,1136,27086,689,63289,California
Santa Cruz,2021-03-02,1527,92001,357,31238,1170,60763,0,0,855,36391,670,27756,858,64147,California
Santa Cruz,2021-03-03,2345,94346,607,31845,1738,62501,0,0,1274,36597,1068,28824,1274,65421,California
Santa Cruz,2021-03-04,3008,97354,1407,33252,1600,64101,1,1,2024,37650,973,29797,2026,67447,California
Santa Cruz,2021-03-05,2601,99955,476,33728,2107,66208,18,19,1121,37312,1477,31274,1139,68586,California
Santa Cruz,2021-03-06,3869,103824,1346,35074,2418,68626,105,124,2157,37860,1712,32986,2260,70846,California
Santa Cruz,2021-03-07,1346,105170,128,35202,1144,69770,74,198,555,37699,790,33776,629,71475,California
Santa Cruz,2021-03-08,1080,106250,219,35421,732,70502,129,327,650,38049,429,34205,779,72254,California
Santa Cruz,2021-03-09,1772,108022,238,35659,1387,71889,147,474,700,37826,1070,35275,847,73101,California
Santa Cruz,2021-03-10,3860,111882,2090,37749,1621,73510,149,623,1997,38113,1861,37136,2148,75249,California
Santa Cruz,2021-03-11,2805,114687,1218,38967,1412,74922,175,798,1549,38584,1255,38391,1726,76975,California
Santa Cruz,2021-03-12,2755,117442,890,39857,1573,76495,292,1090,908,37939,1844,40235,1199,78174,California
Santa Cruz,2021-03-13,2309,119751,1333,41190,932,77427,44,1134,1177,38031,1130,41365,1222,79396,California
Santa Cruz,2021-03-14,902,120653,215,41405,673,78100,14,1148,440,38024,460,41825,453,79849,California
Santa Cruz,2021-03-15,1353,122006,484,41889,834,78934,35,1183,582,37874,768,42593,618,80467,California
Santa Cruz,2021-03-16,2318,124324,1088,42977,1189,80123,41,1224,1343,38285,972,43565,1383,81850,California
Santa Cruz,2021-03-17,3869,128193,2234,45211,1625,81748,10,1234,2523,39479,1342,44907,2536,84386,California
Santa Cruz,2021-03-18,3868,132061,2095,47306,1653,83401,120,1354,2072,39878,1793,46700,2192,86578,California
Santa Cruz,2021-03-19,3283,135344,1324,48630,1734,85135,225,1579,1656,40137,1622,48322,1881,88459,California
Santa Cruz,2021-03-20,2167,137511,1614,50244,516,85651,37,1616,1095,40200,1069,49391,1132,89591,California
Santa Cruz,2021-03-21,826,138337,438,50682,266,85917,122,1738,444,40387,380,49771,567,90158,California
Santa Cruz,2021-03-22,1372,139709,848,51530,502,86419,22,1760,941,40923,428,50199,964,91122,California
Santa Cruz,2021-03-23,2570,142279,1444,52974,1076,87495,50,1810,1717,41839,851,51050,1767,92889,California
Santa Cruz,2021-03-24,3019,145298,2030,55004,967,88462,22,1832,2000,42846,1014,52064,2021,94910,California
Santa Cruz,2021-03-25,2642,147940,1330,56334,1277,89739,35,1867,1357,42961,1277,53341,1392,96302,California
Santa Cruz,2021-03-26,3035,150975,1828,58162,1180,90919,27,1894,2063,44086,965,54306,2090,98392,California
Santa Cruz,2021-03-27,3238,154213,2014,60176,1199,92118,25,1919,1530,43945,1697,56003,1556,99948,California
Santa Cruz,2021-03-28,927,155140,569,60745,344,92462,14,1933,493,44023,429,56432,507,100455,California
Santa Cruz,2021-03-29,1958,157098,879,61624,1011,93473,68,2001,1259,44654,696,57128,1327,101782,California
Santa Cruz,2021-03-30,2706,159804,817,62441,1726,95199,163,2164,1735,45583,969,58097,1898,103680,California
Santa Cruz,2021-03-31,4062,163866,2722,65163,1292,96491,48,2212,2085,45743,1973,60070,2133,105813,California
Santa Cruz,2021-04-01,4022,167888,2153,67316,1762,98253,107,2319,2027,45887,1990,62060,2134,107947,California
Santa Cruz,2021-04-02,3145,171033,1427,68743,1536,99789,182,2501,1740,46409,1400,63460,1922,109869,California
Santa Cruz,2021-04-03,2261,173294,1234,69977,893,100682,134,2635,890,46064,1368,64828,1023,110892,California
Santa Cruz,2021-04-04,937,174231,492,70469,390,101072,55,2690,552,46286,385,65213,607,111499,California
Santa Cruz,2021-04-05,2263,176494,798,71267,1294,102366,171,2861,1394,46983,868,66081,1565,113064,California
Santa Cruz,2021-04-06,3378,179872,1670,72937,1328,103694,380,3241,1988,47968,1380,67461,2365,115429,California
Santa Cruz,2021-04-07,4148,184020,1636,74573,2150,105844,362,3603,1864,47913,2280,69741,2225,117654,California
Santa Cruz,2021-04-08,4267,188287,2350,76923,1402,107246,515,4118,2513,49193,1744,71485,3024,120678,California
Santa Cruz,2021-04-09,3580,191867,1522,78445,1657,108903,401,4519,1981,49982,1594,73079,2383,123061,California
Santa Cruz,2021-04-10,2261,194128,1101,79546,910,109813,250,4769,1077,50127,1181,74260,1326,124387,California
Santa Cruz,2021-04-11,1001,195129,527,80073,382,110195,92,4861,487,50192,514,74774,579,124966,California
Santa Cruz,2021-04-12,2304,197433,832,80905,1038,111233,434,5295,1103,50542,1186,75960,1536,126502,California
Santa Cruz,2021-04-13,2899,200332,1460,82365,1437,112670,2,5297,1633,50916,1261,77221,1635,128137,California
Santa Cruz,2021-04-14,4601,204933,2221,84586,2380,115050,0,5297,2382,51089,2210,79431,2383,130520,California
Santa Cruz,2021-04-15,4788,209721,2979,87565,1809,116859,0,5297,3136,52583,1642,81073,3136,133656,California
Santa Cruz,2021-04-16,4424,214145,2543,90108,1879,118738,2,5299,2470,53109,1947,83020,2473,136129,California
Santa Cruz,2021-04-17,2242,216387,893,91001,1349,120087,0,5299,1485,53838,756,83776,1485,137614,California
Santa Cruz,2021-04-18,1071,217458,511,91512,560,120647,0,5299,596,53961,473,84249,596,138210,California
Santa Cruz,2021-04-19,2427,219885,1519,93031,907,121554,1,5300,1499,54535,925,85174,1499,139709,California
Santa Cruz,2021-04-20,3115,223000,1693,94724,1422,122976,0,5300,1778,54987,1327,86501,1779,141488,California
Santa Cruz,2021-04-21,4186,227186,2856,97580,1330,124306,0,5300,2332,55481,1839,88340,2333,143821,California
Santa Cruz,2021-04-22,4062,231248,2755,100335,1307,125613,0,5300,2229,55886,1825,90165,2230,146051,California
Santa Cruz,2021-04-23,2595,233843,1548,101883,1046,126659,1,5301,1176,55652,1411,91576,1177,147228,California
Santa Cruz,2021-04-24,1250,235093,617,102500,633,127292,0,5301,252,54912,992,92568,252,147480,California
Shasta,2020-12-16,131,131,131,131,0,0,0,0,131,131,0,0,131,131,California
Shasta,2020-12-17,417,548,417,548,0,0,0,0,417,548,0,0,417,548,California
Shasta,2020-12-18,166,714,166,714,0,0,0,0,166,714,0,0,166,714,California
Shasta,2020-12-19,1,715,1,715,0,0,0,0,1,715,0,0,1,715,California
Shasta,2020-12-21,80,795,80,795,0,0,0,0,80,795,0,0,80,795,California
Shasta,2020-12-22,191,986,186,981,5,5,0,0,191,986,0,0,191,986,California
Shasta,2020-12-23,174,1160,170,1151,4,9,0,0,174,1160,0,0,174,1160,California
Shasta,2020-12-24,18,1178,18,1169,0,9,0,0,18,1178,0,0,18,1178,California
Shasta,2020-12-26,4,1182,1,1170,3,12,0,0,4,1182,0,0,4,1182,California
Shasta,2020-12-27,1,1183,0,1170,1,13,0,0,1,1183,0,0,1,1183,California
Shasta,2020-12-28,40,1223,31,1201,9,22,0,0,40,1223,0,0,40,1223,California
Shasta,2020-12-29,186,1409,185,1386,1,23,0,0,186,1409,0,0,186,1409,California
Shasta,2020-12-30,178,1587,168,1554,10,33,0,0,178,1587,0,0,178,1587,California
Shasta,2020-12-31,83,1670,2,1556,81,114,0,0,83,1670,0,0,83,1670,California
Shasta,2021-01-02,2,1672,0,1556,2,116,0,0,2,1672,0,0,2,1672,California
Shasta,2021-01-03,1,1673,1,1557,0,116,0,0,1,1673,0,0,1,1673,California
Shasta,2021-01-04,347,2020,306,1863,41,157,0,0,348,2021,0,0,348,2021,California
Shasta,2021-01-05,335,2355,314,2177,21,178,0,0,254,2194,81,81,254,2275,California
Shasta,2021-01-06,437,2792,395,2572,42,220,0,0,175,2108,261,342,175,2450,California
Shasta,2021-01-07,116,2908,35,2607,81,301,0,0,95,2182,21,363,95,2545,California
Shasta,2021-01-08,507,3415,447,3054,60,361,0,0,299,2273,208,571,299,2844,California
Shasta,2021-01-09,72,3487,63,3117,9,370,0,0,70,2341,2,573,70,2914,California
Shasta,2021-01-10,5,3492,0,3117,5,375,0,0,4,2345,1,574,5,2919,California
Shasta,2021-01-11,353,3845,185,3302,168,543,0,0,317,2626,36,610,317,3236,California
Shasta,2021-01-12,444,4289,327,3629,117,660,0,0,270,2722,174,784,270,3506,California
Shasta,2021-01-13,541,4830,268,3897,273,933,0,0,371,2923,170,954,371,3877,California
Shasta,2021-01-14,453,5283,51,3948,402,1335,0,0,435,3340,18,972,435,4312,California
Shasta,2021-01-15,638,5921,136,4084,502,1837,0,0,636,3974,2,974,636,4948,California
Shasta,2021-01-16,898,6819,54,4138,844,2681,0,0,895,4866,3,977,895,5843,California
Shasta,2021-01-17,27,6846,6,4144,21,2702,0,0,23,4885,4,981,23,5866,California
Shasta,2021-01-18,598,7444,129,4273,469,3171,0,0,590,5467,8,989,590,6456,California
Shasta,2021-01-19,1018,8462,397,4670,621,3792,0,0,870,6189,148,1137,870,7326,California
Shasta,2021-01-20,677,9139,409,5079,268,4060,0,0,493,6503,179,1316,493,7819,California
Shasta,2021-01-21,630,9769,277,5356,353,4413,0,0,607,7087,23,1339,607,8426,California
Shasta,2021-01-22,446,10215,171,5527,275,4688,0,0,440,7521,6,1345,440,8866,California
Shasta,2021-01-23,68,10283,5,5532,63,4751,0,0,67,7587,1,1346,67,8933,California
Shasta,2021-01-24,25,10308,2,5534,23,4774,0,0,24,7610,1,1347,24,8957,California
Shasta,2021-01-25,750,11058,491,6025,259,5033,0,0,464,7789,285,1632,464,9421,California
Shasta,2021-01-26,708,11766,332,6357,376,5409,0,0,475,8033,231,1863,475,9896,California
Shasta,2021-01-27,459,12225,179,6536,280,5689,0,0,410,8394,49,1912,410,10306,California
Shasta,2021-01-28,855,13080,576,7112,279,5968,0,0,633,8805,222,2134,633,10939,California
Shasta,2021-01-29,831,13911,330,7442,501,6469,0,0,641,9257,190,2324,642,11581,California
Shasta,2021-01-30,616,14527,14,7456,602,7071,0,0,607,9855,9,2333,607,12188,California
Shasta,2021-01-31,28,14555,4,7460,24,7095,0,0,26,9879,2,2335,26,12214,California
Shasta,2021-02-01,510,15065,148,7608,362,7457,0,0,386,10141,124,2459,386,12600,California
Shasta,2021-02-02,938,16003,493,8101,445,7902,0,0,847,10899,89,2548,847,13447,California
Shasta,2021-02-03,677,16680,210,8311,467,8369,0,0,481,11184,196,2744,481,13928,California
Shasta,2021-02-04,1071,17751,663,8974,408,8777,0,0,880,11874,190,2934,880,14808,California
Shasta,2021-02-05,1221,18972,163,9137,1058,9835,0,0,1032,12718,188,3122,1032,15840,California
Shasta,2021-02-06,1728,20700,41,9178,1687,11522,0,0,1705,14400,23,3145,1705,17545,California
Shasta,2021-02-07,26,20726,3,9181,23,11545,0,0,24,14422,2,3147,24,17569,California
Shasta,2021-02-08,540,21266,167,9348,373,11918,0,0,303,14488,237,3384,303,17872,California
Shasta,2021-02-09,1026,22292,651,9999,375,12293,0,0,676,14814,350,3734,676,18548,California
Shasta,2021-02-10,1085,23377,782,10781,303,12596,0,0,595,14919,491,4225,596,19144,California
Shasta,2021-02-11,784,24161,186,10967,598,13194,0,0,303,14746,476,4701,303,19447,California
Shasta,2021-02-12,1662,25823,1141,12108,521,13715,0,0,1168,15420,494,5195,1168,20615,California
Shasta,2021-02-13,1383,27206,367,12475,1016,14731,0,0,571,15178,813,6008,571,21186,California
Shasta,2021-02-14,149,27355,4,12479,145,14876,0,0,125,15279,24,6032,125,21311,California
Shasta,2021-02-15,380,27735,90,12569,290,15166,0,0,211,15321,169,6201,211,21522,California
Shasta,2021-02-16,1086,28821,515,13084,571,15737,0,0,319,14874,766,6967,319,21841,California
Shasta,2021-02-17,994,29815,438,13522,556,16293,0,0,376,14632,618,7585,376,22217,California
Shasta,2021-02-18,875,30690,442,13964,433,16726,0,0,428,14613,447,8032,428,22645,California
Shasta,2021-02-19,1327,32017,935,14899,392,17118,0,0,859,15004,468,8500,859,23504,California
Shasta,2021-02-20,802,32819,89,14988,713,17831,0,0,303,14808,499,8999,303,23807,California
Shasta,2021-02-21,31,32850,2,14990,29,17860,0,0,9,14795,22,9021,9,23816,California
Shasta,2021-02-22,348,33198,74,15064,274,18134,0,0,99,14646,248,9269,99,23915,California
Shasta,2021-02-23,801,33999,466,15530,335,18469,0,0,216,14277,585,9854,216,24131,California
Shasta,2021-02-24,884,34883,503,16033,381,18850,0,0,270,13934,613,10467,270,24401,California
Shasta,2021-02-25,480,35363,159,16192,321,19171,0,0,159,13773,320,10787,159,24560,California
Shasta,2021-02-26,791,36154,95,16287,696,19867,0,0,331,13646,458,11245,331,24891,California
Shasta,2021-02-27,825,36979,27,16314,798,20665,0,0,186,13195,637,11882,186,25077,California
Shasta,2021-02-28,176,37155,4,16318,172,20837,0,0,126,13271,50,11932,126,25203,California
Shasta,2021-03-01,555,37710,59,16377,496,21333,0,0,266,13249,288,12220,266,25469,California
Shasta,2021-03-02,952,38662,465,16842,487,21820,0,0,268,12835,682,12902,268,25737,California
Shasta,2021-03-03,659,39321,164,17006,495,22315,0,0,241,12658,418,13320,241,25978,California
Shasta,2021-03-04,1057,40378,505,17511,552,22867,0,0,648,12899,408,13728,649,26627,California
Shasta,2021-03-05,988,41366,161,17672,798,23665,29,29,322,12583,667,14395,351,26978,California
Shasta,2021-03-06,845,42211,386,18058,412,24077,47,76,210,12205,635,15030,257,27235,California
Shasta,2021-03-07,91,42302,3,18061,56,24133,32,108,37,12220,54,15084,69,27304,California
Shasta,2021-03-08,558,42860,46,18107,373,24506,139,247,145,12093,411,15495,284,27588,California
Shasta,2021-03-09,624,43484,48,18155,398,24904,178,425,249,12144,375,15870,426,28014,California
Shasta,2021-03-10,797,44281,256,18411,339,25243,202,627,132,11813,664,16534,333,28347,California
Shasta,2021-03-11,1047,45328,173,18584,628,25871,246,873,646,12304,401,16935,892,29239,California
Shasta,2021-03-12,834,46162,173,18757,418,26289,243,1116,297,12306,536,17471,538,29777,California
Shasta,2021-03-13,757,46919,425,19182,232,26521,100,1216,474,12597,282,17753,573,30350,California
Shasta,2021-03-14,365,47284,8,19190,335,26856,22,1238,227,12708,138,17891,249,30599,California
Shasta,2021-03-15,495,47779,34,19224,361,27217,100,1338,209,12730,286,18177,308,30907,California
Shasta,2021-03-16,1084,48863,145,19369,872,28089,67,1405,806,13325,278,18455,873,31780,California
Shasta,2021-03-17,688,49551,190,19559,440,28529,58,1463,389,13479,293,18748,447,32227,California
Shasta,2021-03-18,1073,50624,236,19795,734,29263,103,1566,799,14111,270,19018,902,33129,California
Shasta,2021-03-19,630,51254,197,19992,378,29641,55,1621,398,14333,231,19249,453,33582,California
Shasta,2021-03-20,747,52001,490,20482,243,29884,14,1635,599,14798,148,19397,613,34195,California
Shasta,2021-03-21,312,52313,297,20779,4,29888,11,1646,286,15069,26,19423,297,34492,California
Shasta,2021-03-22,343,52656,37,20816,276,30164,30,1676,201,15159,141,19564,231,34723,California
Shasta,2021-03-23,816,53472,158,20974,600,30764,58,1734,625,15656,186,19750,683,35406,California
Shasta,2021-03-24,518,53990,156,21130,325,31089,37,1771,359,15894,158,19908,396,35802,California
Shasta,2021-03-25,780,54770,194,21324,569,31658,17,1788,637,16407,141,20049,654,36456,California
Shasta,2021-03-26,691,55461,261,21585,400,32058,30,1818,337,16421,354,20403,368,36824,California
Shasta,2021-03-27,1557,57018,405,21990,316,32374,836,2654,572,16843,983,21386,1405,38229,California
Shasta,2021-03-28,404,57422,299,22289,95,32469,10,2664,302,17055,100,21486,312,38541,California
Shasta,2021-03-29,416,57838,41,22330,363,32832,12,2676,162,16976,253,21739,174,38715,California
Shasta,2021-03-30,528,58366,186,22516,335,33167,7,2683,321,17100,204,21943,328,39043,California
Shasta,2021-03-31,622,58988,208,22724,409,33576,5,2688,389,17266,228,22171,394,39437,California
Shasta,2021-04-01,779,59767,245,22969,527,34103,7,2695,553,17600,226,22397,560,39997,California
Shasta,2021-04-02,748,60515,202,23171,494,34597,52,2747,413,17733,332,22729,465,40462,California
Shasta,2021-04-03,518,61033,366,23537,133,34730,19,2766,395,18024,123,22852,414,40876,California
Shasta,2021-04-04,292,61325,178,23715,94,34824,20,2786,218,18188,74,22926,238,41114,California
Shasta,2021-04-05,439,61764,67,23782,309,35133,63,2849,266,18344,173,23099,329,41443,California
Shasta,2021-04-06,719,62483,171,23953,377,35510,171,3020,277,18351,440,23539,447,41890,California
Shasta,2021-04-07,649,63132,211,24164,275,35785,163,3183,260,18390,384,23923,423,42313,California
Shasta,2021-04-08,1053,64185,260,24424,640,36425,153,3336,231,17954,820,24743,384,42697,California
Shasta,2021-04-09,2576,66761,2060,26484,307,36732,209,3545,2025,19639,547,25290,2232,44929,California
Shasta,2021-04-10,876,67637,594,27078,154,36886,128,3673,264,19419,612,25902,392,45321,California
Shasta,2021-04-11,450,68087,396,27474,34,36920,20,3693,141,19274,306,26208,161,45482,California
Shasta,2021-04-12,321,68408,8,27482,253,37173,60,3753,88,19189,232,26440,147,45629,California
Shasta,2021-04-13,979,69387,162,27644,816,37989,1,3754,231,18674,747,27187,232,45861,California
Shasta,2021-04-14,596,69983,143,27787,451,38440,2,3756,219,18519,376,27563,221,46082,California
Shasta,2021-04-15,978,70961,258,28045,720,39160,0,3756,292,18127,684,28247,292,46374,California
Shasta,2021-04-16,1263,72224,769,28814,494,39654,0,3756,849,18562,414,28661,849,47223,California
Shasta,2021-04-17,641,72865,410,29224,231,39885,0,3756,198,18317,443,29104,198,47421,California
Shasta,2021-04-18,266,73131,241,29465,25,39910,0,3756,33,18119,231,29335,33,47454,California
Shasta,2021-04-19,379,73510,31,29496,348,40258,0,3756,162,18064,217,29552,162,47616,California
Shasta,2021-04-20,917,74427,257,29753,660,40918,0,3756,293,17734,623,30175,293,47909,California
Shasta,2021-04-21,535,74962,214,29967,321,41239,0,3756,278,17755,257,30432,278,48187,California
Shasta,2021-04-22,850,75812,286,30253,564,41803,0,3756,270,17447,578,31010,270,48457,California
Shasta,2021-04-23,613,76425,264,30517,349,42152,0,3756,298,17430,315,31325,298,48755,California
Shasta,2021-04-24,198,76623,9,30526,189,42341,0,3756,29,17290,169,31494,29,48784,California
Sierra,2020-12-18,1,1,1,1,0,0,0,0,1,1,0,0,1,1,California
Sierra,2020-12-21,2,3,2,3,0,0,0,0,2,3,0,0,2,3,California
Sierra,2020-12-22,12,15,12,15,0,0,0,0,12,15,0,0,12,15,California
Sierra,2020-12-23,4,19,4,19,0,0,0,0,4,19,0,0,4,19,California
Sierra,2020-12-28,1,20,0,19,1,1,0,0,1,20,0,0,1,20,California
Sierra,2020-12-29,49,69,7,26,42,43,0,0,49,69,0,0,49,69,California
Sierra,2020-12-30,2,71,0,26,2,45,0,0,2,71,0,0,2,71,California
Sierra,2020-12-31,13,84,0,26,13,58,0,0,13,84,0,0,13,84,California
Sierra,2021-01-01,1,85,1,27,0,58,0,0,1,85,0,0,1,85,California
Sierra,2021-01-05,64,149,2,29,62,120,0,0,64,149,0,0,64,149,California
Sierra,2021-01-06,1,150,1,30,0,120,0,0,1,150,0,0,1,150,California
Sierra,2021-01-07,21,171,1,31,20,140,0,0,20,169,1,1,20,170,California
Sierra,2021-01-08,1,172,1,32,0,140,0,0,1,170,0,1,1,171,California
Sierra,2021-01-11,3,175,3,35,0,140,0,0,0,167,3,4,0,171,California
Sierra,2021-01-12,40,215,12,47,28,168,0,0,28,183,12,16,28,199,California
Sierra,2021-01-13,4,219,3,50,1,169,0,0,1,181,3,19,1,200,California
Sierra,2021-01-14,35,254,2,52,33,202,0,0,35,216,0,19,35,235,California
Sierra,2021-01-15,3,257,1,53,2,204,0,0,3,219,0,19,3,238,California
Sierra,2021-01-18,2,259,0,53,2,206,0,0,2,221,0,19,2,240,California
Sierra,2021-01-19,32,291,0,53,32,238,0,0,32,253,0,19,32,272,California
Sierra,2021-01-20,1,292,1,54,0,238,0,0,1,254,0,19,1,273,California
Sierra,2021-01-21,53,345,0,54,53,291,0,0,53,307,0,19,53,326,California
Sierra,2021-01-22,2,347,0,54,2,293,0,0,2,309,0,19,2,328,California
Sierra,2021-01-23,2,349,0,54,2,295,0,0,2,311,0,19,2,330,California
Sierra,2021-01-26,62,411,0,54,62,357,0,0,24,297,38,57,24,354,California
Sierra,2021-01-27,4,415,4,58,0,357,0,0,0,293,4,61,0,354,California
Sierra,2021-01-28,53,468,0,58,53,410,0,0,43,326,10,71,43,397,California
Sierra,2021-01-29,2,470,0,58,2,412,0,0,2,328,0,71,2,399,California
Sierra,2021-01-30,3,473,3,61,0,412,0,0,2,329,1,72,2,401,California
Sierra,2021-02-01,1,474,0,61,1,413,0,0,0,328,1,73,0,401,California
Sierra,2021-02-02,58,532,1,62,57,470,0,0,19,308,39,112,19,420,California
Sierra,2021-02-03,6,538,5,67,1,471,0,0,5,312,1,113,5,425,California
Sierra,2021-02-04,105,643,6,73,99,570,0,0,56,319,49,162,56,481,California
Sierra,2021-02-05,6,649,4,77,2,572,0,0,5,323,1,163,5,486,California
Sierra,2021-02-09,51,700,0,77,51,623,0,0,48,368,3,166,48,534,California
Sierra,2021-02-10,5,705,2,79,3,626,0,0,4,371,1,167,4,538,California
Sierra,2021-02-11,196,901,1,80,195,821,0,0,134,443,62,229,134,672,California
Sierra,2021-02-12,21,922,0,80,21,842,0,0,20,462,1,230,20,692,California
Sierra,2021-02-13,1,923,1,81,0,842,0,0,1,463,0,230,1,693,California
Sierra,2021-02-14,1,924,0,81,1,843,0,0,1,464,0,230,1,694,California
Sierra,2021-02-15,2,926,2,83,0,843,0,0,0,462,2,232,0,694,California
Sierra,2021-02-16,43,969,0,83,43,886,0,0,10,439,33,265,10,704,California
Sierra,2021-02-17,4,973,0,83,4,890,0,0,1,437,3,268,1,705,California
Sierra,2021-02-18,141,1114,0,83,141,1031,0,0,91,478,50,318,91,796,California
Sierra,2021-02-19,2,1116,1,84,1,1032,0,0,1,478,1,319,1,797,California
Sierra,2021-02-20,2,1118,2,86,0,1032,0,0,0,476,2,321,0,797,California
Sierra,2021-02-22,1,1119,1,87,0,1032,0,0,1,477,0,321,1,798,California
Sierra,2021-02-23,4,1123,0,87,4,1036,0,0,4,481,0,321,4,802,California
Sierra,2021-02-24,4,1127,3,90,1,1037,0,0,3,483,1,322,3,805,California
Sierra,2021-02-25,125,1252,2,92,123,1160,0,0,58,475,66,388,58,863,California
Sierra,2021-02-26,11,1263,6,98,5,1165,0,0,4,472,7,395,4,867,California
Sierra,2021-02-27,2,1265,2,100,0,1165,0,0,0,470,2,397,0,867,California
Sierra,2021-03-01,2,1267,2,102,0,1165,0,0,0,468,2,399,0,867,California
Sierra,2021-03-02,56,1323,0,102,56,1221,0,0,38,488,18,417,38,905,California
Sierra,2021-03-03,2,1325,2,104,0,1221,0,0,1,488,1,418,1,906,California
Sierra,2021-03-04,108,1433,0,104,108,1329,0,0,58,496,50,468,58,964,California
Sierra,2021-03-05,13,1446,1,105,12,1341,0,0,11,505,2,470,11,975,California
Sierra,2021-03-07,1,1447,1,106,0,1341,0,0,0,504,1,471,0,975,California
Sierra,2021-03-08,2,1449,2,108,0,1341,0,0,2,506,0,471,2,977,California
Sierra,2021-03-09,56,1505,0,108,56,1397,0,0,12,474,44,515,12,989,California
Sierra,2021-03-10,6,1511,0,108,6,1403,0,0,4,476,2,517,4,993,California
Sierra,2021-03-11,175,1686,0,108,175,1578,0,0,43,388,131,648,43,1036,California
Sierra,2021-03-12,20,1706,1,109,19,1597,0,0,0,368,20,668,0,1036,California
Sierra,2021-03-13,28,1734,0,109,28,1625,0,0,28,396,0,668,28,1064,California
Sierra,2021-03-14,1,1735,0,109,0,1625,1,1,0,396,1,669,1,1065,California
Sierra,2021-03-15,2,1737,1,110,1,1626,0,1,0,394,2,671,0,1065,California
Sierra,2021-03-16,36,1773,0,110,35,1661,1,2,23,405,13,684,24,1089,California
Sierra,2021-03-17,4,1777,3,113,1,1662,0,2,1,403,3,687,1,1090,California
Sierra,2021-03-18,158,1935,0,113,158,1820,0,2,65,375,93,780,65,1155,California
Sierra,2021-03-19,4,1939,2,115,2,1822,0,2,1,373,3,783,1,1156,California
Sierra,2021-03-20,1,1940,0,115,1,1823,0,2,1,374,0,783,1,1157,California
Sierra,2021-03-23,22,1962,0,115,22,1845,0,2,13,378,9,792,13,1170,California
Sierra,2021-03-24,3,1965,1,116,2,1847,0,2,1,377,2,794,1,1171,California
Sierra,2021-03-25,100,2065,1,117,99,1946,0,2,51,379,49,843,51,1222,California
Sierra,2021-03-26,12,2077,1,118,11,1957,0,2,9,385,3,846,9,1231,California
Sierra,2021-03-27,2,2079,1,119,1,1958,0,2,0,383,2,848,0,1231,California
Sierra,2021-03-29,1,2080,1,120,0,1958,0,2,0,382,1,849,0,1231,California
Sierra,2021-03-30,55,2135,1,121,54,2012,0,2,22,371,33,882,22,1253,California
Sierra,2021-03-31,8,2143,0,121,8,2020,0,2,8,379,0,882,8,1261,California
Sierra,2021-04-01,60,2203,2,123,58,2078,0,2,6,331,54,936,6,1267,California
Sierra,2021-04-02,3,2206,2,125,1,2079,0,2,2,332,1,937,2,1269,California
Sierra,2021-04-05,1,2207,1,126,0,2079,0,2,1,333,0,937,1,1270,California
Sierra,2021-04-06,10,2217,0,126,10,2089,0,2,0,323,10,947,0,1270,California
Sierra,2021-04-07,15,2232,3,129,6,2095,6,8,3,321,11,958,9,1279,California
Sierra,2021-04-08,54,2286,2,131,52,2147,0,8,17,301,37,995,17,1296,California
Sierra,2021-04-09,2,2288,2,133,0,2147,0,8,1,301,1,996,1,1297,California
Sierra,2021-04-10,27,2315,0,133,27,2174,0,8,0,274,27,1023,0,1297,California
Sierra,2021-04-13,46,2361,0,133,46,2220,0,8,5,238,41,1064,5,1302,California
Sierra,2021-04-14,2,2363,1,134,1,2221,0,8,2,240,0,1064,2,1304,California
Sierra,2021-04-15,49,2412,1,135,48,2269,0,8,2,195,47,1111,2,1306,California
Sierra,2021-04-16,1,2413,0,135,1,2270,0,8,1,196,0,1111,1,1307,California
Sierra,2021-04-17,2,2415,1,136,1,2271,0,8,1,196,1,1112,1,1308,California
Sierra,2021-04-19,1,2416,1,137,0,2271,0,8,0,195,1,1113,0,1308,California
Sierra,2021-04-20,34,2450,1,138,33,2304,0,8,7,175,27,1140,7,1315,California
Sierra,2021-04-21,2,2452,1,139,1,2305,0,8,1,175,1,1141,1,1316,California
Sierra,2021-04-22,62,2514,0,139,62,2367,0,8,3,120,58,1199,3,1319,California
Sierra,2021-04-23,12,2526,0,139,12,2379,0,8,4,116,8,1207,4,1323,California
Sierra,2021-04-24,4,2530,0,139,4,2383,0,8,4,120,0,1207,4,1327,California
Siskiyou,2020-12-16,2,2,2,2,0,0,0,0,2,2,0,0,2,2,California
Siskiyou,2020-12-17,4,6,4,6,0,0,0,0,4,6,0,0,4,6,California
Siskiyou,2020-12-18,2,8,2,8,0,0,0,0,2,8,0,0,2,8,California
Siskiyou,2020-12-19,4,12,4,12,0,0,0,0,4,12,0,0,4,12,California
Siskiyou,2020-12-20,1,13,1,13,0,0,0,0,1,13,0,0,1,13,California
Siskiyou,2020-12-21,132,145,132,145,0,0,0,0,132,145,0,0,132,145,California
Siskiyou,2020-12-22,159,304,159,304,0,0,0,0,159,304,0,0,159,304,California
Siskiyou,2020-12-23,142,446,142,446,0,0,0,0,142,446,0,0,142,446,California
Siskiyou,2020-12-24,5,451,5,451,0,0,0,0,5,451,0,0,5,451,California
Siskiyou,2020-12-26,2,453,0,451,2,2,0,0,2,453,0,0,2,453,California
Siskiyou,2020-12-27,2,455,0,451,2,4,0,0,2,455,0,0,2,455,California
Siskiyou,2020-12-28,3,458,1,452,2,6,0,0,3,458,0,0,3,458,California
Siskiyou,2020-12-29,6,464,2,454,4,10,0,0,6,464,0,0,6,464,California
Siskiyou,2020-12-30,98,562,3,457,95,105,0,0,98,562,0,0,98,562,California
Siskiyou,2020-12-31,12,574,0,457,12,117,0,0,12,574,0,0,12,574,California
Siskiyou,2021-01-02,1,575,1,458,0,117,0,0,1,575,0,0,1,575,California
Siskiyou,2021-01-03,1,576,0,458,1,118,0,0,1,576,0,0,1,576,California
Siskiyou,2021-01-04,130,706,3,461,127,245,0,0,130,706,0,0,130,706,California
Siskiyou,2021-01-05,117,823,4,465,113,358,0,0,116,821,1,1,116,822,California
Siskiyou,2021-01-06,59,882,6,471,53,411,0,0,55,872,4,5,55,877,California
Siskiyou,2021-01-07,177,1059,4,475,173,584,0,0,176,1047,1,6,176,1053,California
Siskiyou,2021-01-08,41,1100,3,478,38,622,0,0,39,1084,2,8,39,1092,California
Siskiyou,2021-01-09,2,1102,2,480,0,622,0,0,0,1082,2,10,0,1092,California
Siskiyou,2021-01-11,226,1328,65,545,161,783,0,0,163,1182,63,73,163,1255,California
Siskiyou,2021-01-12,322,1650,274,819,48,831,0,0,88,1037,234,307,89,1344,California
Siskiyou,2021-01-13,157,1807,137,956,20,851,0,0,23,926,134,441,23,1367,California
Siskiyou,2021-01-14,26,1833,1,957,25,876,0,0,25,950,1,442,25,1392,California
Siskiyou,2021-01-15,35,1868,3,960,32,908,0,0,35,985,0,442,35,1427,California
Siskiyou,2021-01-16,7,1875,2,962,5,913,0,0,7,992,0,442,7,1434,California
Siskiyou,2021-01-17,1,1876,1,963,0,913,0,0,0,991,1,443,0,1434,California
Siskiyou,2021-01-18,76,1952,4,967,72,985,0,0,74,1063,2,445,74,1508,California
Siskiyou,2021-01-19,21,1973,1,968,20,1005,0,0,20,1082,1,446,20,1528,California
Siskiyou,2021-01-20,47,2020,35,1003,12,1017,0,0,43,1121,4,450,43,1571,California
Siskiyou,2021-01-21,42,2062,1,1004,41,1058,0,0,42,1163,0,450,42,1613,California
Siskiyou,2021-01-22,1329,3391,1177,2181,152,1210,0,0,1329,2492,0,450,1329,2942,California
Siskiyou,2021-01-23,5,3396,1,2182,4,1214,0,0,2,2491,3,453,2,2944,California
Siskiyou,2021-01-25,182,3578,8,2190,174,1388,0,0,178,2665,4,457,178,3122,California
Siskiyou,2021-01-26,148,3726,3,2193,145,1533,0,0,140,2797,8,465,140,3262,California
Siskiyou,2021-01-27,181,3907,1,2194,180,1713,0,0,126,2868,55,520,126,3388,California
Siskiyou,2021-01-28,232,4139,118,2312,114,1827,0,0,226,3088,6,526,226,3614,California
Siskiyou,2021-01-29,248,4387,2,2314,246,2073,0,0,246,3332,2,528,246,3860,California
Siskiyou,2021-01-30,3,4390,2,2316,1,2074,0,0,3,3335,0,528,3,3863,California
Siskiyou,2021-02-01,195,4585,3,2319,192,2266,0,0,105,3350,90,618,105,3968,California
Siskiyou,2021-02-02,289,4874,45,2364,244,2510,0,0,147,3355,142,760,147,4115,California
Siskiyou,2021-02-03,313,5187,1,2365,312,2822,0,0,264,3570,49,809,264,4379,California
Siskiyou,2021-02-04,320,5507,7,2372,313,3135,0,0,200,3650,120,929,200,4579,California
Siskiyou,2021-02-05,512,6019,4,2376,508,3643,0,0,347,3832,165,1094,347,4926,California
Siskiyou,2021-02-06,15,6034,0,2376,15,3658,0,0,15,3847,0,1094,15,4941,California
Siskiyou,2021-02-07,3,6037,2,2378,1,3659,0,0,3,3850,0,1094,3,4944,California
Siskiyou,2021-02-08,221,6258,5,2383,216,3875,0,0,216,4061,5,1099,216,5160,California
Siskiyou,2021-02-09,195,6453,3,2386,192,4067,0,0,162,4190,33,1132,162,5322,California
Siskiyou,2021-02-10,370,6823,40,2426,330,4397,0,0,316,4453,53,1185,316,5638,California
Siskiyou,2021-02-11,191,7014,1,2427,190,4587,0,0,175,4612,16,1201,175,5813,California
Siskiyou,2021-02-12,1692,8706,1200,3627,492,5079,0,0,501,3922,1191,2392,501,6314,California
Siskiyou,2021-02-13,36,8742,2,3629,34,5113,0,0,32,3950,4,2396,32,6346,California
Siskiyou,2021-02-14,5,8747,1,3630,4,5117,0,0,5,3955,0,2396,5,6351,California
Siskiyou,2021-02-15,107,8854,10,3640,97,5214,0,0,105,4058,2,2398,105,6456,California
Siskiyou,2021-02-16,114,8968,2,3642,112,5326,0,0,99,4142,15,2413,99,6555,California
Siskiyou,2021-02-17,184,9152,15,3657,169,5495,0,0,170,4298,14,2427,170,6725,California
Siskiyou,2021-02-18,221,9373,89,3746,132,5627,0,0,98,4273,123,2550,98,6823,California
Siskiyou,2021-02-19,70,9443,33,3779,37,5664,0,0,34,4271,36,2586,34,6857,California
Siskiyou,2021-02-20,21,9464,3,3782,18,5682,0,0,17,4284,4,2590,17,6874,California
Siskiyou,2021-02-21,1,9465,1,3783,0,5682,0,0,1,4285,0,2590,1,6875,California
Siskiyou,2021-02-22,124,9589,1,3784,123,5805,0,0,18,4197,106,2696,18,6893,California
Siskiyou,2021-02-23,195,9784,15,3799,180,5985,0,0,51,4104,144,2840,51,6944,California
Siskiyou,2021-02-24,147,9931,4,3803,143,6128,0,0,35,4027,112,2952,35,6979,California
Siskiyou,2021-02-25,300,10231,24,3827,276,6404,0,0,154,4035,146,3098,154,7133,California
Siskiyou,2021-02-26,667,10898,9,3836,658,7062,0,0,365,4098,302,3400,365,7498,California
Siskiyou,2021-02-27,33,10931,5,3841,28,7090,0,0,28,4121,5,3405,28,7526,California
Siskiyou,2021-02-28,5,10936,4,3845,1,7091,0,0,4,4124,1,3406,4,7530,California
Siskiyou,2021-03-01,280,11216,6,3851,274,7365,0,0,50,3944,230,3636,50,7580,California
Siskiyou,2021-03-02,190,11406,1,3852,189,7554,0,0,70,3894,120,3756,70,7650,California
Siskiyou,2021-03-03,343,11749,7,3859,336,7890,0,0,153,3857,190,3946,153,7803,California
Siskiyou,2021-03-04,771,12520,599,4458,172,8062,0,0,620,4326,151,4097,620,8423,California
Siskiyou,2021-03-05,322,12842,6,4464,305,8367,11,11,102,4222,217,4314,113,8536,California
Siskiyou,2021-03-06,36,12878,2,4466,27,8394,7,18,26,4245,10,4324,33,8569,California
Siskiyou,2021-03-07,12,12890,4,4470,0,8394,8,26,3,4247,9,4333,11,8580,California
Siskiyou,2021-03-08,361,13251,31,4501,295,8689,35,61,59,4039,302,4635,94,8674,California
Siskiyou,2021-03-09,162,13413,0,4501,109,8798,53,114,56,4042,106,4741,109,8783,California
Siskiyou,2021-03-10,221,13634,7,4508,184,8982,30,144,31,3913,190,4931,61,8844,California
Siskiyou,2021-03-11,469,14103,203,4711,219,9201,47,191,270,4032,198,5129,317,9161,California
Siskiyou,2021-03-12,637,14740,132,4843,466,9667,39,230,183,3802,452,5581,222,9383,California
Siskiyou,2021-03-13,428,15168,381,5224,24,9691,23,253,382,4161,46,5627,405,9788,California
Siskiyou,2021-03-14,21,15189,1,5225,4,9695,16,269,3,4162,18,5645,19,9807,California
Siskiyou,2021-03-15,453,15642,257,5482,176,9871,20,289,321,4371,132,5777,341,10148,California
Siskiyou,2021-03-16,255,15897,32,5514,206,10077,17,306,140,4414,114,5891,157,10305,California
Siskiyou,2021-03-17,200,16097,8,5522,184,10261,8,314,33,4288,167,6058,41,10346,California
Siskiyou,2021-03-18,925,17022,787,6309,126,10387,12,326,809,4993,116,6174,821,11167,California
Siskiyou,2021-03-19,66,17088,9,6318,44,10431,13,339,20,4980,46,6220,33,11200,California
Siskiyou,2021-03-20,30,17118,7,6325,18,10449,5,344,6,4967,24,6244,11,11211,California
Siskiyou,2021-03-21,10,17128,4,6329,1,10450,5,349,4,4970,6,6250,9,11220,California
Siskiyou,2021-03-22,207,17335,21,6350,164,10614,22,371,144,5076,60,6310,166,11386,California
Siskiyou,2021-03-23,195,17530,19,6369,166,10780,10,381,141,5173,54,6364,151,11537,California
Siskiyou,2021-03-24,141,17671,48,6417,93,10873,0,381,116,5264,25,6389,116,11653,California
Siskiyou,2021-03-25,568,18239,318,6735,247,11120,3,384,398,5495,170,6559,401,12054,California
Siskiyou,2021-03-26,294,18533,27,6762,267,11387,0,384,95,5393,197,6756,95,12149,California
Siskiyou,2021-03-27,37,18570,4,6766,28,11415,5,389,9,5379,28,6784,14,12163,California
Siskiyou,2021-03-28,7,18577,7,6773,0,11415,0,389,4,5380,3,6787,4,12167,California
Siskiyou,2021-03-29,98,18675,11,6784,85,11500,2,391,47,5379,50,6837,49,12216,California
Siskiyou,2021-03-30,98,18773,3,6787,94,11594,1,392,38,5358,60,6897,39,12255,California
Siskiyou,2021-03-31,189,18962,22,6809,165,11759,2,394,50,5273,138,7035,53,12308,California
Siskiyou,2021-04-01,824,19786,668,7477,156,11915,0,394,216,4881,608,7643,216,12524,California
Siskiyou,2021-04-02,343,20129,196,7673,143,12058,4,398,64,4671,278,7921,68,12592,California
Siskiyou,2021-04-03,25,20154,4,7677,14,12072,7,405,5,4663,20,7941,12,12604,California
Siskiyou,2021-04-04,2,20156,2,7679,0,12072,0,405,1,4663,1,7942,1,12605,California
Siskiyou,2021-04-05,436,20592,330,8009,79,12151,27,432,24,4303,411,8353,51,12656,California
Siskiyou,2021-04-06,215,20807,32,8041,130,12281,53,485,122,4385,92,8445,174,12830,California
Siskiyou,2021-04-07,115,20922,10,8051,63,12344,42,527,66,4444,49,8494,108,12938,California
Siskiyou,2021-04-08,346,21268,183,8234,122,12466,41,568,60,4259,286,8780,101,13039,California
Siskiyou,2021-04-09,543,21811,377,8611,129,12595,37,605,84,3923,458,9238,122,13161,California
Siskiyou,2021-04-10,45,21856,6,8617,2,12597,37,642,6,3927,39,9277,43,13204,California
Siskiyou,2021-04-11,7,21863,5,8622,0,12597,2,644,2,3926,5,9282,4,13208,California
Siskiyou,2021-04-12,129,21992,25,8647,103,12700,1,645,49,3896,80,9362,50,13258,California
Siskiyou,2021-04-13,204,22196,36,8683,167,12867,1,646,78,3849,126,9488,79,13337,California
Siskiyou,2021-04-14,158,22354,66,8749,92,12959,0,646,86,3865,70,9558,86,13423,California
Siskiyou,2021-04-15,1115,23469,955,9704,160,13119,0,646,437,3624,678,10236,437,13860,California
Siskiyou,2021-04-16,281,23750,191,9895,90,13209,0,646,257,3858,23,10259,257,14117,California
Siskiyou,2021-04-17,11,23761,8,9903,3,13212,0,646,8,3863,3,10262,8,14125,California
Siskiyou,2021-04-18,5,23766,3,9906,2,13214,0,646,2,3862,3,10265,2,14127,California
Siskiyou,2021-04-19,125,23891,22,9928,103,13317,0,646,43,3823,82,10347,43,14170,California
Siskiyou,2021-04-20,238,24129,4,9932,234,13551,0,646,95,3775,143,10490,95,14265,California
Siskiyou,2021-04-21,91,24220,12,9944,79,13630,0,646,25,3734,66,10556,25,14290,California
Siskiyou,2021-04-22,410,24630,299,10243,111,13741,0,646,49,3422,361,10917,49,14339,California
Siskiyou,2021-04-23,145,24775,16,10259,129,13870,0,646,130,3539,13,10930,130,14469,California
Siskiyou,2021-04-24,1,24776,0,10259,1,13871,0,646,0,3538,1,10931,0,14469,California
Solano,2020-12-15,4,4,4,4,0,0,0,0,4,4,0,0,4,4,California
Solano,2020-12-16,71,75,71,75,0,0,0,0,71,75,0,0,71,75,California
Solano,2020-12-17,152,227,152,227,0,0,0,0,152,227,0,0,152,227,California
Solano,2020-12-18,445,672,444,671,1,1,0,0,445,672,0,0,445,672,California
Solano,2020-12-19,516,1188,516,1187,0,1,0,0,516,1188,0,0,516,1188,California
Solano,2020-12-20,353,1541,352,1539,1,2,0,0,353,1541,0,0,353,1541,California
Solano,2020-12-21,573,2114,571,2110,2,4,0,0,573,2114,0,0,573,2114,California
Solano,2020-12-22,662,2776,629,2739,33,37,0,0,662,2776,0,0,662,2776,California
Solano,2020-12-23,858,3634,772,3511,86,123,0,0,857,3633,0,0,857,3633,California
Solano,2020-12-24,421,4055,170,3681,251,374,0,0,421,4054,0,0,421,4054,California
Solano,2020-12-25,10,4065,2,3683,8,382,0,0,10,4064,0,0,10,4064,California
Solano,2020-12-26,175,4240,48,3731,127,509,0,0,175,4239,0,0,175,4239,California
Solano,2020-12-27,104,4344,29,3760,75,584,0,0,104,4343,0,0,104,4343,California
Solano,2020-12-28,863,5207,421,4181,442,1026,0,0,863,5206,0,0,863,5206,California
Solano,2020-12-29,891,6098,374,4555,517,1543,0,0,891,6097,0,0,891,6097,California
Solano,2020-12-30,1210,7308,599,5154,611,2154,0,0,1210,7307,0,0,1210,7307,California
Solano,2020-12-31,534,7842,135,5289,399,2553,0,0,534,7841,0,0,534,7841,California
Solano,2021-01-01,13,7855,12,5301,1,2554,0,0,13,7854,0,0,13,7854,California
Solano,2021-01-02,212,8067,164,5465,48,2602,0,0,212,8066,0,0,212,8066,California
Solano,2021-01-03,58,8125,41,5506,17,2619,0,0,53,8119,0,0,53,8119,California
Solano,2021-01-04,449,8574,245,5751,204,2823,0,0,439,8555,3,3,439,8558,California
Solano,2021-01-05,695,9269,377,6128,318,3141,0,0,541,8947,149,152,541,9099,California
Solano,2021-01-06,822,10091,436,6564,386,3527,0,0,560,9247,260,412,560,9659,California
Solano,2021-01-07,1055,11146,683,7247,372,3899,0,0,599,9393,454,866,600,10259,California
Solano,2021-01-08,1129,12275,774,8021,355,4254,0,0,537,9358,574,1440,539,10798,California
Solano,2021-01-09,885,13160,763,8784,122,4376,0,0,428,9332,454,1894,428,11226,California
Solano,2021-01-10,254,13414,194,8978,60,4436,0,0,153,9384,101,1995,153,11379,California
Solano,2021-01-11,1327,14741,1116,10094,211,4647,0,0,811,9679,516,2511,811,12190,California
Solano,2021-01-12,1560,16301,1164,11258,396,5043,0,0,1012,10145,547,3058,1013,13203,California
Solano,2021-01-13,1461,17762,1004,12262,457,5500,0,0,1201,11088,258,3316,1201,14404,California
Solano,2021-01-14,1869,19631,798,13060,1071,6571,0,0,1555,12329,314,3630,1555,15959,California
Solano,2021-01-15,1684,21315,1054,14114,630,7201,0,0,1386,13417,298,3928,1386,17345,California
Solano,2021-01-16,1289,22604,903,15017,386,7587,0,0,1114,14356,175,4103,1114,18459,California
Solano,2021-01-17,1041,23645,760,15777,281,7868,0,0,1024,15363,17,4120,1024,19483,California
Solano,2021-01-18,1407,25052,857,16634,550,8418,0,0,1288,16534,119,4239,1290,20773,California
Solano,2021-01-19,1641,26693,1336,17970,305,8723,0,0,1370,17634,270,4509,1370,22143,California
Solano,2021-01-20,2027,28720,1417,19387,610,9333,0,0,1544,18698,480,4989,1544,23687,California
Solano,2021-01-21,3144,31864,999,20386,2145,11478,0,0,2801,21157,343,5332,2802,26489,California
Solano,2021-01-22,1750,33614,842,21228,908,12386,0,0,1560,22527,190,5522,1560,28049,California
Solano,2021-01-23,732,34346,238,21466,494,12880,0,0,529,22853,204,5726,530,28579,California
Solano,2021-01-24,401,34747,60,21526,341,13221,0,0,335,23122,66,5792,335,28914,California
Solano,2021-01-25,1635,36382,622,22148,1013,14234,0,0,1086,23660,549,6341,1087,30001,California
Solano,2021-01-26,1770,38152,736,22884,1034,15268,0,0,1140,24172,629,6970,1141,31142,California
Solano,2021-01-27,1770,39922,726,23610,1044,16312,0,0,1177,24769,580,7550,1177,32319,California
Solano,2021-01-28,1898,41820,702,24312,1196,17508,0,0,1308,25489,589,8139,1309,33628,California
Solano,2021-01-29,1696,43516,782,25094,914,18422,0,0,1344,26483,350,8489,1344,34972,California
Solano,2021-01-30,710,44226,220,25314,490,18912,0,0,549,26871,161,8650,549,35521,California
Solano,2021-01-31,486,44712,394,25708,92,19004,0,0,231,26848,255,8905,232,35753,California
Solano,2021-02-01,1498,46210,979,26687,519,19523,0,0,760,26872,736,9641,760,36513,California
Solano,2021-02-02,3318,49528,1111,27798,2207,21730,0,0,2522,28602,792,10433,2522,39035,California
Solano,2021-02-03,2241,51769,1303,29101,938,22668,0,0,1163,28691,1074,11507,1163,40198,California
Solano,2021-02-04,1761,53530,907,30008,854,23522,0,0,1049,29033,707,12214,1049,41247,California
Solano,2021-02-05,3063,56593,1406,31414,1657,25179,0,0,2072,30123,982,13196,2072,43319,California
Solano,2021-02-06,3044,59637,1169,32583,1875,27054,0,0,2229,31540,812,14008,2229,45548,California
Solano,2021-02-07,848,60485,784,33367,64,27118,0,0,232,31156,616,14624,232,45780,California
Solano,2021-02-08,1712,62197,1232,34599,480,27598,0,0,681,30808,1029,15653,681,46461,California
Solano,2021-02-09,1898,64095,1468,36067,430,28028,0,0,676,30263,1221,16874,676,47137,California
Solano,2021-02-10,2254,66349,1496,37563,758,28786,0,0,828,29665,1426,18300,828,47965,California
Solano,2021-02-11,2444,68793,1439,39002,1005,29791,0,0,1166,29563,1268,19568,1166,49131,California
Solano,2021-02-12,4136,72929,1597,40599,2539,32330,0,0,2826,31086,1303,20871,2826,51957,California
Solano,2021-02-13,2816,75745,243,40842,2573,34903,0,0,2431,33135,382,21253,2431,54388,California
Solano,2021-02-14,690,76435,201,41043,489,35392,0,0,412,33271,276,21529,412,54800,California
Solano,2021-02-15,1295,77730,323,41366,972,36364,0,0,671,33319,623,22152,671,55471,California
Solano,2021-02-16,2395,80125,1230,42596,1165,37529,0,0,1629,34183,765,22917,1629,57100,California
Solano,2021-02-17,2706,82831,1222,43818,1484,39013,0,0,1914,35309,789,23706,1915,59015,California
Solano,2021-02-18,2588,85419,700,44518,1888,40901,0,0,809,34347,1772,25478,810,59825,California
Solano,2021-02-19,2213,87632,1266,45784,947,41848,0,0,1132,34404,1077,26555,1134,60959,California
Solano,2021-02-20,2546,90178,381,46165,2165,44013,0,0,2075,36007,472,27027,2075,63034,California
Solano,2021-02-21,2139,92317,1860,48025,279,44292,0,0,1856,37583,280,27307,1856,64890,California
Solano,2021-02-22,1576,93893,911,48936,665,44957,0,0,814,37637,761,28068,815,65705,California
Solano,2021-02-23,2735,96628,1001,49937,1734,46691,0,0,1862,38629,870,28938,1862,67567,California
Solano,2021-02-24,2361,98989,1132,51069,1229,47920,0,0,1331,38932,1028,29966,1331,68898,California
Solano,2021-02-25,2290,101279,1347,52416,943,48863,0,0,1261,39170,1023,30989,1261,70159,California
Solano,2021-02-26,2704,103983,1598,54014,1106,49969,0,0,1448,39368,1250,32239,1448,71607,California
Solano,2021-02-27,3643,107626,1374,55388,2268,52237,1,1,2952,41638,683,32922,2953,74560,California
Solano,2021-02-28,1353,108979,1039,56427,314,52551,0,1,1079,42446,271,33193,1079,75639,California
Solano,2021-03-01,2412,111391,1051,57478,1361,53912,0,1,1810,43659,597,33790,1810,77449,California
Solano,2021-03-02,2002,113393,1245,58723,757,54669,0,1,1231,44119,771,34561,1231,78680,California
Solano,2021-03-03,2156,115549,1207,59930,949,55618,0,1,1344,44659,804,35365,1344,80024,California
Solano,2021-03-04,4244,119793,3310,63240,932,56550,2,3,3152,46730,1086,36451,3157,83181,California
Solano,2021-03-05,4827,124620,1609,64849,3214,59764,4,7,3912,49741,905,37356,3916,87097,California
Solano,2021-03-06,3776,128396,825,65674,2912,62676,39,46,2599,51211,1168,38524,2638,89735,California
Solano,2021-03-07,3464,131860,733,66407,2721,65397,10,56,1908,51583,1547,40071,1919,91654,California
Solano,2021-03-08,1607,133467,815,67222,521,65918,271,327,1095,52439,509,40580,1365,93019,California
Solano,2021-03-09,2956,136423,1341,68563,1563,67481,52,379,2121,53774,835,41415,2170,95189,California
Solano,2021-03-10,2208,138631,1560,70123,562,68043,86,465,1110,53873,1094,42509,1193,96382,California
Solano,2021-03-11,5655,144286,1409,71532,3992,72035,254,719,4617,57707,1037,43546,4871,101253,California
Solano,2021-03-12,5769,150055,1392,72924,4204,76239,173,892,3020,58155,2745,46291,3193,104446,California
Solano,2021-03-13,4571,154626,805,73729,3682,79921,84,976,2241,58159,2323,48614,2327,106773,California
Solano,2021-03-14,3984,158610,3107,76836,424,80345,453,1429,1651,57931,2329,50943,2101,108874,California
Solano,2021-03-15,3826,162436,2273,79109,1237,81582,316,1745,2447,59322,1372,52315,2763,111637,California
Solano,2021-03-16,2871,165307,1141,80250,1495,83077,235,1980,1441,59572,1425,53740,1675,113312,California
Solano,2021-03-17,6008,171315,1483,81733,4435,87512,90,2070,4656,62971,1347,55087,4746,118058,California
Solano,2021-03-18,5001,176316,1675,83408,3289,90801,37,2107,3694,65402,1299,56386,3730,121788,California
Solano,2021-03-19,2788,179104,1878,85286,837,91638,73,2180,1515,65723,1268,57654,1589,123377,California
Solano,2021-03-20,5465,184569,1662,86948,3749,95387,54,2234,2806,65935,2648,60302,2860,126237,California
Solano,2021-03-21,1666,186235,1565,88513,77,95464,24,2258,853,65999,811,61113,875,127112,California
Solano,2021-03-22,2419,188654,1797,90310,573,96037,49,2307,1459,66550,954,62067,1505,128617,California
Solano,2021-03-23,3314,191968,1489,91799,1783,97820,42,2349,1355,65993,1954,64021,1397,130014,California
Solano,2021-03-24,2681,194649,1637,93436,1010,98830,34,2383,1266,65884,1409,65430,1300,131314,California
Solano,2021-03-25,4544,199193,3674,97110,835,99665,35,2418,2003,65386,2537,67967,2039,133353,California
Solano,2021-03-26,3032,202225,1917,99027,1079,100744,36,2454,1623,65645,1400,69367,1659,135012,California
Solano,2021-03-27,4174,206399,1147,100174,2991,103735,36,2490,1796,65105,2372,71739,1832,136844,California
Solano,2021-03-28,1410,207809,1100,101274,292,104027,18,2508,567,64852,839,72578,586,137430,California
Solano,2021-03-29,2896,210705,1496,102770,1384,105411,16,2524,1507,64993,1382,73960,1523,138953,California
Solano,2021-03-30,2789,213494,1824,104594,878,106289,87,2611,1736,65765,1051,75011,1823,140776,California
Solano,2021-03-31,2927,216421,1934,106528,835,107124,158,2769,1688,66373,1236,76247,1844,142620,California
Solano,2021-04-01,5083,221504,1687,108215,3252,110376,144,2913,3414,68273,1658,77905,3558,146178,California
Solano,2021-04-02,5939,227443,1688,109903,4088,114464,163,3076,2443,67401,3477,81382,2605,148783,California
Solano,2021-04-03,1509,228952,954,110857,403,114867,152,3228,549,67144,958,82340,701,149484,California
Solano,2021-04-04,778,229730,287,111144,190,115057,301,3529,239,67149,535,82875,540,150024,California
Solano,2021-04-05,2829,232559,1889,113033,734,115791,206,3735,1397,67320,1431,84306,1602,151626,California
Solano,2021-04-06,5358,237917,1388,114421,3480,119271,490,4225,1540,65535,3814,88120,2029,153655,California
Solano,2021-04-07,5069,242986,3753,118174,923,120194,393,4618,2917,66699,2145,90265,3309,156964,California
Solano,2021-04-08,5728,248714,1550,119724,3322,123516,856,5474,1606,65051,4105,94370,2457,159421,California
Solano,2021-04-09,5713,254427,1460,121184,3487,127003,766,6240,1400,62921,4296,98666,2166,161587,California
Solano,2021-04-10,1699,256126,944,122128,444,127447,311,6551,789,63112,909,99575,1100,162687,California
Solano,2021-04-11,1172,257298,741,122869,304,127751,127,6678,608,63286,561,100136,735,163422,California
Solano,2021-04-12,3235,260533,1661,124530,1215,128966,359,7037,1488,63390,1742,101878,1846,165268,California
Solano,2021-04-13,2518,263051,1089,125619,1428,130394,1,7038,1315,63507,1199,103077,1316,166584,California
Solano,2021-04-14,5877,268928,1737,127356,4140,134534,0,7038,1848,61339,4016,107093,1848,168432,California
Solano,2021-04-15,5036,273964,1838,129194,3198,137732,0,7038,1616,59543,3412,110505,1616,170048,California
Solano,2021-04-16,3486,277450,2408,131602,1076,138808,2,7040,2247,60558,1234,111739,2249,172297,California
Solano,2021-04-17,2643,280093,1053,132655,1590,140398,0,7040,1054,60029,1583,113322,1054,173351,California
Solano,2021-04-18,991,281084,596,133251,395,140793,0,7040,528,60095,462,113784,528,173879,California
Solano,2021-04-19,2032,283116,1142,134393,890,141683,0,7040,1125,60320,902,114686,1127,175006,California
Solano,2021-04-20,2840,285956,1681,136074,1159,142842,0,7040,1669,60820,1169,115855,1669,176675,California
Solano,2021-04-21,3084,289040,1941,138015,1143,143985,0,7040,1645,61031,1434,117289,1645,178320,California
Solano,2021-04-22,2672,291712,1352,139367,1320,145305,0,7040,1601,61565,1067,118356,1601,179921,California
Solano,2021-04-23,1756,293468,898,140265,858,146163,0,7040,872,61558,880,119236,873,180794,California
Solano,2021-04-24,485,293953,180,140445,304,146467,1,7041,384,61843,100,119336,385,181179,California
Sonoma,2020-12-15,4,4,4,4,0,0,0,0,4,4,0,0,4,4,California
Sonoma,2020-12-16,27,31,27,31,0,0,0,0,27,31,0,0,27,31,California
Sonoma,2020-12-17,103,134,103,134,0,0,0,0,103,134,0,0,103,134,California
Sonoma,2020-12-18,421,555,421,555,0,0,0,0,421,555,0,0,421,555,California
Sonoma,2020-12-19,111,666,110,665,1,1,0,0,111,666,0,0,111,666,California
Sonoma,2020-12-20,174,840,174,839,0,1,0,0,174,840,0,0,174,840,California
Sonoma,2020-12-21,910,1750,908,1747,2,3,0,0,909,1749,0,0,909,1749,California
Sonoma,2020-12-22,1356,3106,1264,3011,92,95,0,0,1356,3105,0,0,1356,3105,California
Sonoma,2020-12-23,1605,4711,1229,4240,376,471,0,0,1606,4711,0,0,1606,4711,California
Sonoma,2020-12-24,305,5016,101,4341,204,675,0,0,305,5016,0,0,305,5016,California
Sonoma,2020-12-25,8,5024,2,4343,6,681,0,0,8,5024,0,0,8,5024,California
Sonoma,2020-12-26,266,5290,255,4598,11,692,0,0,266,5290,0,0,266,5290,California
Sonoma,2020-12-27,93,5383,80,4678,13,705,0,0,93,5383,0,0,93,5383,California
Sonoma,2020-12-28,987,6370,552,5230,435,1140,0,0,959,6342,0,0,959,6342,California
Sonoma,2020-12-29,1129,7499,776,6006,353,1493,0,0,1095,7437,0,0,1095,7437,California
Sonoma,2020-12-30,1093,8592,479,6485,614,2107,0,0,1085,8522,0,0,1085,8522,California
Sonoma,2020-12-31,518,9110,71,6556,447,2554,0,0,519,9041,0,0,519,9041,California
Sonoma,2021-01-01,10,9120,5,6561,5,2559,0,0,10,9051,0,0,10,9051,California
Sonoma,2021-01-02,132,9252,126,6687,6,2565,0,0,132,9183,0,0,132,9183,California
Sonoma,2021-01-03,25,9277,11,6698,14,2579,0,0,25,9208,0,0,25,9208,California
Sonoma,2021-01-04,340,9617,105,6803,235,2814,0,0,339,9547,0,0,339,9547,California
Sonoma,2021-01-05,437,10054,102,6905,335,3149,0,0,413,9945,15,15,413,9960,California
Sonoma,2021-01-06,948,11002,434,7339,514,3663,0,0,836,10676,105,120,836,10796,California
Sonoma,2021-01-07,1028,12030,535,7874,493,4156,0,0,858,11365,169,289,858,11654,California
Sonoma,2021-01-08,1784,13814,1228,9102,556,4712,0,0,1313,12209,469,758,1313,12967,California
Sonoma,2021-01-09,637,14451,400,9502,237,4949,0,0,589,12750,48,806,589,13556,California
Sonoma,2021-01-10,472,14923,461,9963,11,4960,0,0,279,12836,193,999,279,13835,California
Sonoma,2021-01-11,1381,16304,1235,11198,146,5106,0,0,413,12285,964,1963,413,14248,California
Sonoma,2021-01-12,1547,17851,1294,12492,253,5359,0,0,395,11530,1150,3113,395,14643,California
Sonoma,2021-01-13,2070,19921,1426,13918,644,6003,0,0,1208,11879,859,3972,1208,15851,California
Sonoma,2021-01-14,1530,21451,808,14726,722,6725,0,0,1300,12949,230,4202,1300,17151,California
Sonoma,2021-01-15,1563,23014,634,15360,929,7654,0,0,1343,14082,211,4413,1344,18495,California
Sonoma,2021-01-16,1144,24158,615,15975,529,8183,0,0,899,14740,241,4654,899,19394,California
Sonoma,2021-01-17,668,24826,548,16523,120,8303,0,0,587,15246,81,4735,587,19981,California
Sonoma,2021-01-18,1105,25931,932,17455,173,8476,0,0,614,15370,491,5226,615,20596,California
Sonoma,2021-01-19,2093,28024,1004,18459,1089,9565,0,0,1384,16048,707,5933,1385,21981,California
Sonoma,2021-01-20,2073,30097,624,19083,1449,11014,0,0,1412,16809,652,6585,1413,23394,California
Sonoma,2021-01-21,2232,32329,619,19702,1613,12627,0,0,2013,18606,217,6802,2014,25408,California
Sonoma,2021-01-22,2725,35054,1034,20736,1691,14318,0,0,2577,21036,147,6949,2577,27985,California
Sonoma,2021-01-23,767,35821,592,21328,175,14493,0,0,660,21590,106,7055,660,28645,California
Sonoma,2021-01-24,850,36671,714,22042,136,14629,0,0,834,22408,16,7071,834,29479,California
Sonoma,2021-01-25,2171,38842,520,22562,1651,16280,0,0,1684,23605,487,7558,1684,31163,California
Sonoma,2021-01-26,2008,40850,295,22857,1713,17993,0,0,1552,24702,455,8013,1552,32715,California
Sonoma,2021-01-27,3693,44543,1277,24134,2416,20409,0,0,3120,27254,571,8584,3123,35838,California
Sonoma,2021-01-28,4113,48656,1843,25977,2270,22679,0,0,3443,30032,667,9251,3445,39283,California
Sonoma,2021-01-29,2961,51617,1408,27385,1553,24232,0,0,2129,31332,830,10081,2130,41413,California
Sonoma,2021-01-30,2575,54192,2387,29772,188,24420,0,0,2241,33240,334,10415,2242,43655,California
Sonoma,2021-01-31,776,54968,664,30436,112,24532,0,0,578,33621,197,10612,578,44233,California
Sonoma,2021-02-01,2500,57468,881,31317,1619,26151,0,0,2096,35315,402,11014,2096,46329,California
Sonoma,2021-02-02,3444,60912,1366,32683,2078,28229,0,0,2879,37631,563,11577,2879,49208,California
Sonoma,2021-02-03,4027,64939,1322,34005,2705,30934,0,0,3099,39804,926,12503,3099,52307,California
Sonoma,2021-02-04,4190,69129,1704,35709,2486,33420,0,0,3414,42444,774,13277,3414,55721,California
Sonoma,2021-02-05,4803,73932,1733,37442,3070,36490,0,0,3790,45226,1009,14286,3791,59512,California
Sonoma,2021-02-06,2654,76586,2294,39736,360,36850,0,0,2096,46765,557,14843,2096,61608,California
Sonoma,2021-02-07,1530,78116,1396,41132,134,36984,0,0,1280,47795,250,15093,1280,62888,California
Sonoma,2021-02-08,3251,81367,1032,42164,2219,39203,0,0,2671,49887,579,15672,2671,65559,California
Sonoma,2021-02-09,3551,84918,1695,43859,1856,41059,0,0,3072,52483,477,16149,3073,68632,California
Sonoma,2021-02-10,4403,89321,2360,46219,2043,43102,0,0,3371,54829,1026,17175,3372,72004,California
Sonoma,2021-02-11,5333,94654,2786,49005,2547,45649,0,0,4158,57814,1173,18348,4158,76162,California
Sonoma,2021-02-12,5625,100279,2972,51977,2653,48302,0,0,4211,60618,1410,19758,4214,80376,California
Sonoma,2021-02-13,1983,102262,1152,53129,831,49133,0,0,1205,61048,775,20533,1205,81581,California
Sonoma,2021-02-14,2316,104578,1821,54950,495,49628,0,0,1570,61873,745,21278,1570,83151,California
Sonoma,2021-02-15,2133,106711,787,55737,1346,50974,0,0,1605,62951,527,21805,1605,84756,California
Sonoma,2021-02-16,4609,111320,2048,57785,2561,53535,0,0,3361,65068,1244,23049,3361,88117,California
Sonoma,2021-02-17,5318,116638,2886,60671,2432,55967,0,0,3327,66413,1983,25032,3328,91445,California
Sonoma,2021-02-18,6778,123416,2999,63670,3779,59746,0,0,3873,67389,2897,27929,3873,95318,California
Sonoma,2021-02-19,5364,128780,1658,65328,3706,63452,0,0,3272,68575,2087,30016,3273,98591,California
Sonoma,2021-02-20,3104,131884,2823,68151,281,63733,0,0,1223,67923,1875,31891,1223,99814,California
Sonoma,2021-02-21,517,132401,413,68564,104,63837,0,0,128,67665,386,32277,128,99942,California
Sonoma,2021-02-22,2714,135115,1353,69917,1361,65198,0,0,1042,67040,1667,33944,1042,100984,California
Sonoma,2021-02-23,3094,138209,2067,71984,1027,66225,0,0,1351,66652,1739,35683,1351,102335,California
Sonoma,2021-02-24,5448,143657,2536,74520,2912,69137,0,0,2730,66671,2713,38396,2732,105067,California
Sonoma,2021-02-25,5648,149305,2227,76747,3421,72558,0,0,2974,66992,2653,41049,2974,108041,California
Sonoma,2021-02-26,6015,155320,2744,79491,3271,75829,0,0,3743,68468,2267,43316,3743,111784,California
Sonoma,2021-02-27,3999,159319,1903,81394,2096,77925,0,0,2663,69797,1334,44650,2663,114447,California
Sonoma,2021-02-28,2329,161648,1845,83239,484,78409,0,0,612,68698,1711,46361,612,115059,California
Sonoma,2021-03-01,3660,165308,1127,84366,2533,80942,0,0,1810,68668,1841,48202,1811,116870,California
Sonoma,2021-03-02,4210,169518,1462,85828,2748,83690,0,0,2479,69424,1723,49925,2479,119349,California
Sonoma,2021-03-03,4833,174351,2509,88337,2324,86014,0,0,2246,69090,2580,52505,2246,121595,California
Sonoma,2021-03-04,5681,180032,2438,90775,3243,89257,0,0,2563,68549,3104,55609,2563,124158,California
Sonoma,2021-03-05,6155,186187,2549,93324,3591,92848,15,15,2701,67825,3441,59050,2717,126875,California
Sonoma,2021-03-06,2753,188940,1207,94531,1412,94260,134,149,1891,68993,856,59906,2024,128899,California
Sonoma,2021-03-07,1681,190621,1393,95924,253,94513,35,184,356,68061,1323,61229,391,129290,California
Sonoma,2021-03-08,3879,194500,652,96576,3053,97566,174,358,2215,68794,1654,62883,2387,131677,California
Sonoma,2021-03-09,5432,199932,2999,99575,2192,99758,241,599,2682,68974,2743,65626,2923,134600,California
Sonoma,2021-03-10,5927,205859,3164,102739,2438,102196,325,924,2394,68172,3520,69146,2718,137318,California
Sonoma,2021-03-11,7491,213350,2975,105714,3695,105891,821,1745,2650,66809,4833,73979,3470,140788,California
Sonoma,2021-03-12,7386,220736,2259,107973,3765,109656,1362,3107,2102,65004,5265,79244,3460,144248,California
Sonoma,2021-03-13,3239,223975,1541,109514,1462,111118,236,3343,1844,65687,1394,80638,2077,146325,California
Sonoma,2021-03-14,1374,225349,381,109895,852,111970,141,3484,847,66150,524,81162,987,147312,California
Sonoma,2021-03-15,5214,230563,1498,111393,3331,115301,385,3869,2191,65710,3015,84177,2575,149887,California
Sonoma,2021-03-16,6261,236824,2231,113624,3798,119099,232,4101,3166,66017,3090,87267,3397,153284,California
Sonoma,2021-03-17,6732,243556,3519,117143,3033,122132,180,4281,3535,66544,3188,90455,3715,156999,California
Sonoma,2021-03-18,7097,250653,2930,120073,3557,125689,610,4891,3175,66410,3916,94371,3782,160781,California
Sonoma,2021-03-19,7472,258125,3227,123300,4014,129703,231,5122,3317,65826,4136,98507,3552,164333,California
Sonoma,2021-03-20,3629,261754,1744,125044,1054,130757,831,5953,1971,66974,1651,100158,2799,167132,California
Sonoma,2021-03-21,1376,263130,600,125644,743,131500,33,5986,1211,68055,163,100321,1244,168376,California
Sonoma,2021-03-22,4484,267614,3084,128728,1300,132800,100,6086,3541,70757,940,101261,3642,172018,California
Sonoma,2021-03-23,5787,273401,3598,132326,2113,134913,76,6162,4664,74382,1115,102376,4740,176758,California
Sonoma,2021-03-24,6584,279985,4263,136589,2256,137169,65,6227,4152,76183,2415,104791,4216,180974,California
Sonoma,2021-03-25,6964,286949,4189,140778,2670,139839,105,6332,4337,78021,2605,107396,4443,185417,California
Sonoma,2021-03-26,7256,294205,3442,144220,3726,143565,88,6420,4008,78883,3234,110630,4096,189513,California
Sonoma,2021-03-27,3782,297987,1498,145718,1923,145488,361,6781,1124,77717,2651,113281,1485,190998,California
Sonoma,2021-03-28,1502,299489,946,146664,529,146017,27,6808,944,78132,556,113837,971,191969,California
Sonoma,2021-03-29,2819,302308,1081,147745,1705,147722,33,6841,1620,78590,1195,115032,1653,193622,California
Sonoma,2021-03-30,5638,307946,3119,150864,2457,150179,62,6903,3047,79113,2586,117618,3109,196731,California
Sonoma,2021-03-31,5493,313439,3339,154203,1942,152121,212,7115,3282,80406,2202,119820,3495,200226,California
Sonoma,2021-04-01,6674,320113,3972,158175,2369,154490,333,7448,3583,81239,3078,122898,3911,204137,California
Sonoma,2021-04-02,5901,326014,3535,161710,2257,156747,109,7557,3555,82564,2340,125238,3665,207802,California
Sonoma,2021-04-03,3357,329371,1641,163351,1497,158244,219,7776,1470,82378,1875,127113,1689,209491,California
Sonoma,2021-04-04,1055,330426,686,164037,279,158523,90,7866,667,82749,386,127499,757,210248,California
Sonoma,2021-04-05,4348,334774,581,164618,3430,161953,337,8203,1790,82324,2552,130051,2127,212375,California
Sonoma,2021-04-06,6815,341589,3453,168071,2963,164916,399,8602,3957,83834,2845,132896,4355,216730,California
Sonoma,2021-04-07,6735,348324,3803,171874,2101,167017,831,9433,3270,84474,3457,136353,4097,220827,California
Sonoma,2021-04-08,7463,355787,4084,175958,2613,169630,766,10199,4072,85930,3380,139733,4836,225663,California
Sonoma,2021-04-09,6741,362528,3747,179705,2111,171741,883,11082,3457,86993,3272,143005,4335,229998,California
Sonoma,2021-04-10,3711,366239,1679,181384,1479,173220,553,11635,1084,86007,2618,145623,1632,231630,California
Sonoma,2021-04-11,1274,367513,602,181986,591,173811,81,11716,434,85684,838,146461,515,232145,California
Sonoma,2021-04-12,4929,372442,2052,184038,2399,176210,478,12194,1852,84938,3070,149531,2324,234469,California
Sonoma,2021-04-13,7775,380217,4610,188648,3163,179373,2,12196,2957,83087,4810,154341,2959,237428,California
Sonoma,2021-04-14,6345,386562,3590,192238,2736,182109,19,12215,2504,81784,3826,158167,2523,239951,California
Sonoma,2021-04-15,7045,393607,4016,196254,3029,185138,0,12215,3483,81716,3551,161718,3483,243434,California
Sonoma,2021-04-16,6768,400375,3403,199657,3364,188502,1,12216,3843,82641,2919,164637,3844,247278,California
Sonoma,2021-04-17,2973,403348,1492,201149,1481,189983,0,12216,1473,82621,1494,166131,1474,248752,California
Sonoma,2021-04-18,1199,404547,808,201957,391,190374,0,12216,368,82161,828,166959,368,249120,California
Sonoma,2021-04-19,3270,407817,1871,203828,1399,191773,0,12216,1443,81779,1825,168784,1443,250563,California
Sonoma,2021-04-20,6228,414045,3434,207262,2794,194567,0,12216,2356,80276,3860,172644,2357,252920,California
Sonoma,2021-04-21,6208,420253,4115,211377,2091,196658,2,12218,2824,79729,3372,176016,2825,255745,California
Sonoma,2021-04-22,5803,426056,4192,215569,1611,198269,0,12218,2362,78662,3429,179445,2362,258107,California
Sonoma,2021-04-23,5635,431691,4033,219602,1602,199871,0,12218,2615,78263,3015,182460,2616,260723,California
Sonoma,2021-04-24,817,432508,341,219943,463,200334,13,12231,557,78575,258,182718,570,261293,California
Stanislaus,2020-12-15,3,3,3,3,0,0,0,0,3,3,0,0,3,3,California
Stanislaus,2020-12-16,37,40,37,40,0,0,0,0,37,40,0,0,37,40,California
Stanislaus,2020-12-17,73,113,73,113,0,0,0,0,73,113,0,0,73,113,California
Stanislaus,2020-12-18,336,449,330,443,6,6,0,0,336,449,0,0,336,449,California
Stanislaus,2020-12-19,133,582,133,576,0,6,0,0,133,582,0,0,133,582,California
Stanislaus,2020-12-20,86,668,86,662,0,6,0,0,86,668,0,0,86,668,California
Stanislaus,2020-12-21,996,1664,994,1656,2,8,0,0,995,1663,0,0,995,1663,California
Stanislaus,2020-12-22,796,2460,784,2440,12,20,0,0,796,2459,0,0,796,2459,California
Stanislaus,2020-12-23,446,2906,429,2869,17,37,0,0,445,2904,0,0,445,2904,California
Stanislaus,2020-12-24,97,3003,88,2957,9,46,0,0,97,3001,0,0,97,3001,California
Stanislaus,2020-12-26,50,3053,8,2965,42,88,0,0,50,3051,0,0,50,3051,California
Stanislaus,2020-12-27,11,3064,6,2971,5,93,0,0,11,3062,0,0,11,3062,California
Stanislaus,2020-12-28,490,3554,395,3366,95,188,0,0,490,3552,0,0,490,3552,California
Stanislaus,2020-12-29,493,4047,416,3782,77,265,0,0,493,4045,0,0,493,4045,California
Stanislaus,2020-12-30,535,4582,279,4061,256,521,0,0,534,4578,1,1,534,4579,California
Stanislaus,2020-12-31,276,4858,156,4217,120,641,0,0,276,4854,0,1,276,4855,California
Stanislaus,2021-01-01,11,4869,4,4221,7,648,0,0,11,4865,0,1,11,4866,California
Stanislaus,2021-01-02,31,4900,24,4245,7,655,0,0,31,4896,0,1,31,4897,California
Stanislaus,2021-01-03,89,4989,86,4331,3,658,0,0,89,4985,0,1,89,4986,California
Stanislaus,2021-01-04,111,5100,33,4364,78,736,0,0,111,5096,0,1,111,5097,California
Stanislaus,2021-01-05,832,5932,340,4704,492,1228,0,0,809,5889,22,23,815,5912,California
Stanislaus,2021-01-06,948,6880,546,5250,402,1630,0,0,880,6705,65,88,881,6793,California
Stanislaus,2021-01-07,1074,7954,701,5951,373,2003,0,0,959,7552,113,201,960,7753,California
Stanislaus,2021-01-08,1279,9233,722,6673,557,2560,0,0,938,8156,338,539,942,8695,California
Stanislaus,2021-01-09,285,9518,141,6814,144,2704,0,0,195,8261,90,629,195,8890,California
Stanislaus,2021-01-10,48,9566,21,6835,27,2731,0,0,29,8271,19,648,29,8919,California
Stanislaus,2021-01-11,1517,11083,1241,8076,276,3007,0,0,595,7964,916,1564,609,9528,California
Stanislaus,2021-01-12,1459,12542,862,8938,597,3604,0,0,823,8162,632,2196,830,10358,California
Stanislaus,2021-01-13,1415,13957,664,9602,751,4355,0,0,1101,8956,314,2510,1108,11466,California
Stanislaus,2021-01-14,2213,16170,281,9883,1932,6287,0,0,2059,10919,152,2662,2115,13581,California
Stanislaus,2021-01-15,2796,18966,1136,11019,1660,7947,0,0,2661,13515,131,2793,2727,16308,California
Stanislaus,2021-01-16,467,19433,50,11069,417,8364,0,0,452,13955,14,2807,454,16762,California
Stanislaus,2021-01-17,243,19676,201,11270,42,8406,0,0,237,14187,5,2812,237,16999,California
Stanislaus,2021-01-18,2174,21850,1016,12286,1158,9564,0,0,1803,15684,366,3178,1863,18862,California
Stanislaus,2021-01-19,1245,23095,719,13005,526,10090,0,0,802,16046,441,3619,803,19665,California
Stanislaus,2021-01-20,995,24090,480,13485,515,10605,0,0,705,16462,289,3908,705,20370,California
Stanislaus,2021-01-21,3624,27714,2935,16420,689,11294,0,0,3319,19565,303,4211,3406,23776,California
Stanislaus,2021-01-22,1059,28773,308,16728,751,12045,0,0,1016,20546,39,4250,1020,24796,California
Stanislaus,2021-01-23,339,29112,38,16766,301,12346,0,0,283,20778,55,4305,287,25083,California
Stanislaus,2021-01-24,292,29404,100,16866,192,12538,0,0,226,20940,66,4371,228,25311,California
Stanislaus,2021-01-25,3124,32528,218,17084,2906,15444,0,0,2819,23585,305,4676,2950,28261,California
Stanislaus,2021-01-26,1710,34238,738,17822,972,16416,0,0,1291,24476,415,5091,1306,29567,California
Stanislaus,2021-01-27,1814,36052,974,18796,840,17256,0,0,1159,24989,647,5738,1160,30727,California
Stanislaus,2021-01-28,2189,38241,1496,20292,693,17949,0,0,1714,26284,467,6205,1762,32489,California
Stanislaus,2021-01-29,2421,40662,1184,21476,1237,19186,0,0,1904,27758,473,6678,1947,34436,California
Stanislaus,2021-01-30,284,40946,123,21599,161,19347,0,0,221,27927,52,6730,221,34657,California
Stanislaus,2021-01-31,364,41310,311,21910,53,19400,0,0,350,28266,11,6741,350,35007,California
Stanislaus,2021-02-01,1244,42554,544,22454,700,20100,0,0,911,28853,324,7065,911,35918,California
Stanislaus,2021-02-02,1227,43781,373,22827,854,20954,0,0,774,29187,444,7509,778,36696,California
Stanislaus,2021-02-03,2454,46235,1075,23902,1379,22333,0,0,1790,30322,660,8169,1795,38491,California
Stanislaus,2021-02-04,2075,48310,717,24619,1358,23691,0,0,1566,31391,501,8670,1570,40061,California
Stanislaus,2021-02-05,2822,51132,1452,26071,1370,25061,0,0,1590,31805,1180,9850,1594,41655,California
Stanislaus,2021-02-06,875,52007,293,26364,582,25643,0,0,685,32303,188,10038,686,42341,California
Stanislaus,2021-02-07,212,52219,188,26552,24,25667,0,0,42,32177,169,10207,43,42384,California
Stanislaus,2021-02-08,1999,54218,1305,27857,694,26361,0,0,1095,32403,872,11079,1098,43482,California
Stanislaus,2021-02-09,1820,56038,773,28630,1047,27408,0,0,1042,32686,762,11841,1045,44527,California
Stanislaus,2021-02-10,1926,57964,529,29159,1397,28805,0,0,1013,32806,895,12736,1015,45542,California
Stanislaus,2021-02-11,5339,63303,3244,32403,2095,30900,0,0,1224,30086,3948,16684,1228,46770,California
Stanislaus,2021-02-12,3277,66580,908,33311,2369,33269,0,0,1456,29777,1766,18450,1457,48227,California
Stanislaus,2021-02-13,1341,67921,648,33959,693,33962,0,0,977,30397,361,18811,981,49208,California
Stanislaus,2021-02-14,420,68341,169,34128,251,34213,0,0,353,30685,65,18876,353,49561,California
Stanislaus,2021-02-15,1788,70129,217,34345,1571,35784,0,0,580,30159,1111,19987,585,50146,California
Stanislaus,2021-02-16,1348,71477,414,34759,934,36718,0,0,574,29967,768,20755,576,50722,California
Stanislaus,2021-02-17,2719,74196,1658,36417,1061,37779,0,0,1940,31138,776,21531,1947,52669,California
Stanislaus,2021-02-18,3324,77520,1876,38293,1448,39227,0,0,1792,31480,1459,22990,1801,54470,California
Stanislaus,2021-02-19,2694,80214,1039,39332,1655,40882,0,0,1518,31862,1145,24135,1527,55997,California
Stanislaus,2021-02-20,739,80953,372,39704,367,41249,0,0,482,32100,246,24381,484,56481,California
Stanislaus,2021-02-21,871,81824,657,40361,214,41463,0,0,525,32305,331,24712,536,57017,California
Stanislaus,2021-02-22,2321,84145,1675,42036,646,42109,0,0,1630,33269,668,25380,1632,58649,California
Stanislaus,2021-02-23,3677,87822,679,42715,2998,45107,0,0,1736,33205,1806,27186,1742,60391,California
Stanislaus,2021-02-24,4133,91955,2823,45538,1310,46417,0,0,3126,35343,992,28178,3130,63521,California
Stanislaus,2021-02-25,3846,95801,2621,48159,1225,47642,0,0,3055,37627,774,28952,3058,66579,California
Stanislaus,2021-02-26,4135,99936,1190,49349,2945,50587,0,0,2802,39145,1293,30245,2811,69390,California
Stanislaus,2021-02-27,2058,101994,693,50042,1364,51951,1,1,1835,40781,200,30445,1836,71226,California
Stanislaus,2021-02-28,797,102791,256,50298,541,52492,0,1,753,41498,37,30482,754,71980,California
Stanislaus,2021-03-01,2704,105495,1581,51879,1123,53615,0,1,1592,41995,1099,31581,1596,73576,California
Stanislaus,2021-03-02,2353,107848,1399,53278,953,54568,1,2,1642,42932,706,32287,1643,75219,California
Stanislaus,2021-03-03,3682,111530,2212,55490,1468,56036,2,4,2884,45031,785,33072,2884,78103,California
Stanislaus,2021-03-04,5369,116899,3056,58546,2298,58334,15,19,4183,48059,1166,34238,4194,82297,California
Stanislaus,2021-03-05,3997,120896,1105,59651,2876,61210,16,35,3041,50174,941,35179,3056,85353,California
Stanislaus,2021-03-06,3546,124442,2202,61853,1250,62460,94,129,2698,52124,844,36023,2794,88147,California
Stanislaus,2021-03-07,840,125282,379,62232,424,62884,37,166,651,52629,182,36205,687,88834,California
Stanislaus,2021-03-08,1965,127247,842,63074,1035,63919,88,254,1310,53381,645,36850,1397,90231,California
Stanislaus,2021-03-09,2142,129389,878,63952,1172,65091,92,346,1616,54574,519,37369,1712,91943,California
Stanislaus,2021-03-10,5015,134404,2466,66418,2329,67420,220,566,3711,57227,1289,38658,3942,95885,California
Stanislaus,2021-03-11,5696,140100,3129,69547,2090,69510,477,1043,4128,60419,1415,40073,4607,100492,California
Stanislaus,2021-03-12,5729,145829,1215,70762,2597,72107,1917,2960,2908,62435,2807,42880,4823,105315,California
Stanislaus,2021-03-13,3336,149165,2145,72907,1123,73230,68,3028,2668,64513,663,43543,2741,108056,California
Stanislaus,2021-03-14,971,150136,576,73483,344,73574,51,3079,481,64560,488,44031,535,108591,California
Stanislaus,2021-03-15,3653,153789,1956,75439,1348,74922,349,3428,1598,64550,1965,45996,1955,110546,California
Stanislaus,2021-03-16,4872,158661,2430,77869,2031,76953,414,3842,3514,67134,1356,47352,3940,114486,California
Stanislaus,2021-03-17,4676,163337,2836,80705,1667,78620,173,4015,2862,68377,1799,49151,3042,117528,California
Stanislaus,2021-03-18,5383,168720,3397,84102,1920,80540,66,4081,2960,69130,2279,51430,3032,120560,California
Stanislaus,2021-03-19,5890,174610,1517,85619,2851,83391,1522,5603,3094,70974,2772,54202,4616,125176,California
Stanislaus,2021-03-20,3810,178420,2974,88593,767,84158,69,5672,3343,73925,461,54663,3412,128588,California
Stanislaus,2021-03-21,977,179397,877,89470,35,84193,65,5737,748,74509,228,54891,812,129400,California
Stanislaus,2021-03-22,2783,182180,1302,90772,755,84948,726,6463,1232,74926,1539,56430,1956,131356,California
Stanislaus,2021-03-23,3901,186081,2001,92773,1642,86590,258,6721,2792,76895,1095,57525,3064,134420,California
Stanislaus,2021-03-24,4487,190568,3184,95957,1235,87825,68,6789,2616,77750,1832,59357,2687,137107,California
Stanislaus,2021-03-25,4192,194760,2890,98847,1286,89111,16,6805,1803,77252,2318,61675,1820,138927,California
Stanislaus,2021-03-26,4661,199421,1323,100170,3263,92374,75,6880,2343,77396,2287,63962,2431,141358,California
Stanislaus,2021-03-27,4258,203679,2667,102837,1565,93939,26,6906,1367,75927,2876,66838,1407,142765,California
Stanislaus,2021-03-28,1093,204772,435,103272,554,94493,104,7010,348,75653,738,67576,464,143229,California
Stanislaus,2021-03-29,2921,207693,1793,105065,1089,95582,39,7049,1957,76698,958,68534,2003,145232,California
Stanislaus,2021-03-30,3577,211270,2020,107085,1529,97111,28,7077,2174,77512,1397,69931,2211,147443,California
Stanislaus,2021-03-31,5336,216606,3784,110869,1436,98547,116,7193,2727,77776,2595,72526,2859,150302,California
Stanislaus,2021-04-01,5590,222196,3741,114610,1761,100308,88,7281,2520,77351,3058,75584,2633,152935,California
Stanislaus,2021-04-02,4874,227070,1178,115788,3549,103857,147,7428,2151,77027,2641,78225,2317,155252,California
Stanislaus,2021-04-03,4428,231498,3199,118987,1192,105049,37,7465,2151,76969,2269,80494,2211,157463,California
Stanislaus,2021-04-04,1290,232788,458,119445,803,105852,29,7494,635,76994,650,81144,675,158138,California
Stanislaus,2021-04-05,3541,236329,2460,121905,831,106683,250,7744,2289,78293,1246,82390,2545,160683,California
Stanislaus,2021-04-06,5586,241915,4077,125982,1232,107915,277,8021,2941,78884,2634,85024,3225,163908,California
Stanislaus,2021-04-07,6208,248123,3495,129477,2298,110213,415,8436,2725,78559,3470,88494,3145,167053,California
Stanislaus,2021-04-08,5558,253681,3233,132710,1896,112109,429,8865,2677,78805,2866,91360,3112,170165,California
Stanislaus,2021-04-09,4736,258417,2042,134752,2327,114436,367,9232,2132,78731,2588,93948,2514,172679,California
Stanislaus,2021-04-10,6388,264805,3898,138650,856,115292,1634,10866,1944,77878,4426,98374,3573,176252,California
Stanislaus,2021-04-11,1497,266302,836,139486,527,115819,134,11000,650,77816,846,99220,784,177036,California
Stanislaus,2021-04-12,3470,269772,1995,141481,1100,116919,375,11375,1837,78410,1625,100845,2219,179255,California
Stanislaus,2021-04-13,5103,274875,3344,144825,1746,118665,13,11388,2870,79083,2202,103047,2875,182130,California
Stanislaus,2021-04-14,4566,279441,3190,148015,1376,120041,0,11388,2213,78978,2323,105370,2218,184348,California
Stanislaus,2021-04-15,5309,284750,3276,151291,2031,122072,2,11390,3190,80087,2085,107455,3194,187542,California
Stanislaus,2021-04-16,4181,288931,956,152247,3225,125297,0,11390,1776,79499,2367,109822,1779,189321,California
Stanislaus,2021-04-17,3083,292014,2046,154293,1037,126334,0,11390,1797,80024,1277,111099,1802,191123,California
Stanislaus,2021-04-18,509,292523,199,154492,310,126644,0,11390,391,80304,113,111212,393,191516,California
Stanislaus,2021-04-19,3415,295938,2431,156923,984,127628,0,11390,1645,80219,1738,112950,1653,193169,California
Stanislaus,2021-04-20,3900,299838,2375,159298,1525,129153,0,11390,1740,79825,2136,115086,1742,194911,California
Stanislaus,2021-04-21,3749,303587,2505,161803,1243,130396,1,11391,1619,79354,2096,117182,1625,196536,California
Stanislaus,2021-04-22,3835,307422,2366,164169,1469,131865,0,11391,1556,78699,2241,119423,1586,198122,California
Stanislaus,2021-04-23,3280,310702,743,164912,2537,134402,0,11391,1357,78240,1834,121257,1375,199497,California
Stanislaus,2021-04-24,2850,313552,2403,167315,447,134849,0,11391,1280,77988,1557,122814,1305,200802,California
Sutter,2020-12-15,1,1,1,1,0,0,0,0,1,1,0,0,1,1,California
Sutter,2020-12-16,4,5,4,5,0,0,0,0,4,5,0,0,4,5,California
Sutter,2020-12-17,2,7,2,7,0,0,0,0,2,7,0,0,2,7,California
Sutter,2020-12-18,20,27,20,27,0,0,0,0,20,27,0,0,20,27,California
Sutter,2020-12-19,44,71,44,71,0,0,0,0,44,71,0,0,44,71,California
Sutter,2020-12-20,42,113,42,113,0,0,0,0,42,113,0,0,42,113,California
Sutter,2020-12-21,100,213,100,213,0,0,0,0,100,213,0,0,100,213,California
Sutter,2020-12-22,172,385,172,385,0,0,0,0,172,385,0,0,172,385,California
Sutter,2020-12-23,116,501,111,496,5,5,0,0,116,501,0,0,116,501,California
Sutter,2020-12-24,17,518,11,507,6,11,0,0,17,518,0,0,17,518,California
Sutter,2020-12-26,39,557,35,542,4,15,0,0,39,557,0,0,39,557,California
Sutter,2020-12-27,24,581,23,565,1,16,0,0,24,581,0,0,24,581,California
Sutter,2020-12-28,83,664,55,620,28,44,0,0,83,664,0,0,83,664,California
Sutter,2020-12-29,101,765,14,634,87,131,0,0,101,765,0,0,101,765,California
Sutter,2020-12-30,136,901,34,668,102,233,0,0,136,901,0,0,136,901,California
Sutter,2020-12-31,70,971,6,674,64,297,0,0,70,971,0,0,70,971,California
Sutter,2021-01-01,3,974,3,677,0,297,0,0,3,974,0,0,3,974,California
Sutter,2021-01-02,133,1107,131,808,2,299,0,0,133,1107,0,0,133,1107,California
Sutter,2021-01-03,1,1108,0,808,1,300,0,0,1,1108,0,0,1,1108,California
Sutter,2021-01-04,248,1356,139,947,109,409,0,0,248,1356,0,0,248,1356,California
Sutter,2021-01-05,99,1455,56,1003,43,452,0,0,97,1451,2,2,97,1453,California
Sutter,2021-01-06,205,1660,51,1054,154,606,0,0,200,1646,5,7,200,1653,California
Sutter,2021-01-07,252,1912,151,1205,101,707,0,0,243,1881,8,15,243,1896,California
Sutter,2021-01-08,147,2059,40,1245,107,814,0,0,130,1994,17,32,130,2026,California
Sutter,2021-01-09,45,2104,43,1288,2,816,0,0,4,1957,41,73,4,2030,California
Sutter,2021-01-10,394,2498,37,1325,357,1173,0,0,356,2276,37,110,356,2386,California
Sutter,2021-01-11,132,2630,114,1439,18,1191,0,0,26,2196,106,216,26,2412,California
Sutter,2021-01-12,201,2831,164,1603,37,1228,0,0,58,2111,143,359,58,2470,California
Sutter,2021-01-13,161,2992,98,1701,63,1291,0,0,71,2093,89,448,71,2541,California
Sutter,2021-01-14,144,3136,49,1750,95,1386,0,0,125,2199,19,467,125,2666,California
Sutter,2021-01-15,435,3571,132,1882,303,1689,0,0,420,2604,15,482,420,3086,California
Sutter,2021-01-16,386,3957,42,1924,344,2033,0,0,354,2927,31,513,354,3440,California
Sutter,2021-01-17,26,3983,24,1948,2,2035,0,0,10,2921,16,529,10,3450,California
Sutter,2021-01-18,116,4099,61,2009,55,2090,0,0,69,2943,47,576,69,3519,California
Sutter,2021-01-19,103,4202,43,2052,60,2150,0,0,78,2996,25,601,78,3597,California
Sutter,2021-01-20,255,4457,190,2242,65,2215,0,0,235,3211,20,621,235,3832,California
Sutter,2021-01-21,435,4892,267,2509,168,2383,0,0,416,3608,19,640,416,4248,California
Sutter,2021-01-22,268,5160,81,2590,187,2570,0,0,259,3858,9,649,259,4507,California
Sutter,2021-01-23,398,5558,40,2630,358,2928,0,0,371,4202,27,676,371,4878,California
Sutter,2021-01-24,17,5575,14,2644,3,2931,0,0,15,4215,2,678,15,4893,California
Sutter,2021-01-25,304,5879,196,2840,108,3039,0,0,151,4214,152,830,151,5044,California
Sutter,2021-01-26,243,6122,103,2943,140,3179,0,0,144,4260,98,928,144,5188,California
Sutter,2021-01-27,384,6506,254,3197,130,3309,0,0,319,4514,65,993,319,5507,California
Sutter,2021-01-28,525,7031,302,3499,223,3532,0,0,395,4780,129,1122,395,5902,California
Sutter,2021-01-29,419,7450,146,3645,273,3805,0,0,254,4869,165,1287,254,6156,California
Sutter,2021-01-30,775,8225,39,3684,736,4541,0,0,764,5622,11,1298,764,6920,California
Sutter,2021-01-31,27,8252,27,3711,0,4541,0,0,27,5649,0,1298,27,6947,California
Sutter,2021-02-01,164,8416,49,3760,115,4656,0,0,133,5751,31,1329,133,7080,California
Sutter,2021-02-02,241,8657,26,3786,215,4871,0,0,211,5932,30,1359,211,7291,California
Sutter,2021-02-03,444,9101,38,3824,406,5277,0,0,209,5906,235,1594,209,7500,California
Sutter,2021-02-04,669,9770,366,4190,303,5580,0,0,620,6477,49,1643,620,8120,California
Sutter,2021-02-05,286,10056,32,4222,254,5834,0,0,137,6465,149,1792,137,8257,California
Sutter,2021-02-06,734,10790,28,4250,706,6540,0,0,713,7157,21,1813,713,8970,California
Sutter,2021-02-07,23,10813,20,4270,3,6543,0,0,19,7172,4,1817,19,8989,California
Sutter,2021-02-08,134,10947,29,4299,105,6648,0,0,98,7234,36,1853,98,9087,California
Sutter,2021-02-09,245,11192,45,4344,200,6848,0,0,184,7357,61,1914,184,9271,California
Sutter,2021-02-10,814,12006,379,4723,435,7283,0,0,177,6898,636,2550,177,9448,California
Sutter,2021-02-11,601,12607,272,4995,329,7612,0,0,372,7041,229,2779,372,9820,California
Sutter,2021-02-12,628,13235,67,5062,561,8173,0,0,311,7035,317,3096,311,10131,California
Sutter,2021-02-13,898,14133,49,5111,849,9022,0,0,781,7699,117,3213,781,10912,California
Sutter,2021-02-14,90,14223,25,5136,65,9087,0,0,80,7769,10,3223,80,10992,California
Sutter,2021-02-15,197,14420,72,5208,125,9212,0,0,120,7812,77,3300,120,11112,California
Sutter,2021-02-16,288,14708,45,5253,243,9455,0,0,205,7935,82,3382,205,11317,California
Sutter,2021-02-17,826,15534,430,5683,396,9851,0,0,129,7367,697,4079,129,11446,California
Sutter,2021-02-18,695,16229,50,5733,645,10496,0,0,485,7643,209,4288,485,11931,California
Sutter,2021-02-19,663,16892,377,6110,286,10782,0,0,462,7906,199,4487,462,12393,California
Sutter,2021-02-20,617,17509,52,6162,565,11347,0,0,513,8316,103,4590,513,12906,California
Sutter,2021-02-21,29,17538,26,6188,3,11350,0,0,6,8299,23,4613,6,12912,California
Sutter,2021-02-22,206,17744,122,6310,84,11434,0,0,87,8267,119,4732,87,12999,California
Sutter,2021-02-23,222,17966,32,6342,190,11624,0,0,98,8241,124,4856,98,13097,California
Sutter,2021-02-24,956,18922,348,6690,608,12232,0,0,189,7664,766,5622,189,13286,California
Sutter,2021-02-25,774,19696,490,7180,284,12516,0,0,595,8083,176,5798,595,13881,California
Sutter,2021-02-26,367,20063,59,7239,308,12824,0,0,151,8020,214,6012,151,14032,California
Sutter,2021-02-27,864,20927,43,7282,821,13645,0,0,710,8574,156,6168,710,14742,California
Sutter,2021-02-28,83,21010,38,7320,45,13690,0,0,65,8621,18,6186,65,14807,California
Sutter,2021-03-01,246,21256,61,7381,185,13875,0,0,150,8675,96,6282,150,14957,California
Sutter,2021-03-02,333,21589,56,7437,277,14152,0,0,159,8661,173,6455,159,15116,California
Sutter,2021-03-03,1375,22964,504,7941,871,15023,0,0,638,8568,731,7186,638,15754,California
Sutter,2021-03-04,1254,24218,866,8807,388,15411,0,0,952,9222,298,7484,952,16706,California
Sutter,2021-03-05,337,24555,76,8883,260,15671,1,1,203,9293,133,7617,204,16910,California
Sutter,2021-03-06,1025,25580,46,8929,974,16645,5,6,863,9999,162,7779,868,17778,California
Sutter,2021-03-07,63,25643,23,8952,39,16684,1,7,43,10023,20,7799,44,17822,California
Sutter,2021-03-08,225,25868,77,9029,135,16819,13,20,156,10123,69,7868,169,17991,California
Sutter,2021-03-09,383,26251,133,9162,237,17056,13,33,180,10114,202,8070,193,18184,California
Sutter,2021-03-10,1566,27817,679,9841,826,17882,61,94,523,9658,1040,9110,584,18768,California
Sutter,2021-03-11,892,28709,439,10280,434,18316,19,113,647,10082,242,9352,666,19434,California
Sutter,2021-03-12,670,29379,108,10388,380,18696,182,295,197,9989,470,9822,377,19811,California
Sutter,2021-03-13,982,30361,749,11137,216,18912,17,312,782,10590,198,10020,799,20610,California
Sutter,2021-03-14,126,30487,20,11157,95,19007,11,323,41,10557,85,10105,52,20662,California
Sutter,2021-03-15,318,30805,66,11223,203,19210,49,372,151,10591,166,10271,200,20862,California
Sutter,2021-03-16,386,31191,86,11309,254,19464,46,418,209,10669,177,10448,255,21117,California
Sutter,2021-03-17,1496,32687,564,11873,913,20377,19,437,311,9822,1177,11625,330,21447,California
Sutter,2021-03-18,958,33645,164,12037,595,20972,199,636,570,10203,387,12012,768,22215,California
Sutter,2021-03-19,461,34106,163,12200,269,21241,29,665,282,10337,177,12189,311,22526,California
Sutter,2021-03-20,954,35060,116,12316,827,22068,11,676,866,11126,88,12277,877,23403,California
Sutter,2021-03-21,66,35126,46,12362,17,22085,3,679,37,11137,29,12306,40,23443,California
Sutter,2021-03-22,289,35415,122,12484,141,22226,26,705,213,11300,76,12382,239,23682,California
Sutter,2021-03-23,375,35790,115,12599,228,22454,32,737,252,11461,123,12505,284,23966,California
Sutter,2021-03-24,1686,37476,775,13374,841,23295,70,807,318,10495,1354,13859,388,24354,California
Sutter,2021-03-25,1039,38515,677,14051,321,23616,41,848,370,10239,667,14526,411,24765,California
Sutter,2021-03-26,481,38996,171,14222,293,23909,17,865,292,10362,186,14712,309,25074,California
Sutter,2021-03-27,936,39932,63,14285,871,24780,2,867,828,11087,105,14817,830,25904,California
Sutter,2021-03-28,126,40058,71,14356,55,24835,0,867,78,11119,46,14863,78,25982,California
Sutter,2021-03-29,422,40480,141,14497,226,25061,55,922,224,11202,196,15059,279,26261,California
Sutter,2021-03-30,474,40954,157,14654,307,25368,10,932,317,11372,157,15216,327,26588,California
Sutter,2021-03-31,1251,42205,175,14829,1059,26427,17,949,461,11069,780,15996,477,27065,California
Sutter,2021-04-01,1368,43573,724,15553,455,26882,189,1138,409,10716,952,16948,599,27664,California
Sutter,2021-04-02,490,44063,93,15646,295,27177,102,1240,200,10726,289,17237,299,27963,California
Sutter,2021-04-03,912,44975,77,15723,209,27386,626,1866,120,10682,790,18027,746,28709,California
Sutter,2021-04-04,117,45092,22,15745,89,27475,6,1872,56,10683,61,18088,62,28771,California
Sutter,2021-04-05,364,45456,142,15887,186,27661,36,1908,174,10706,187,18275,210,28981,California
Sutter,2021-04-06,498,45954,190,16077,252,27913,56,1964,265,10795,232,18507,321,29302,California
Sutter,2021-04-07,1475,47429,867,16944,534,28447,74,2038,615,10630,854,19361,689,29991,California
Sutter,2021-04-08,1025,48454,577,17521,340,28787,108,2146,563,10843,456,19817,669,30660,California
Sutter,2021-04-09,555,49009,245,17766,247,29034,63,2209,233,10819,320,20137,296,30956,California
Sutter,2021-04-10,818,49827,105,17871,87,29121,626,2835,102,10828,714,20851,723,31679,California
Sutter,2021-04-11,108,49935,26,17897,40,29161,42,2877,30,10822,78,20929,72,31751,California
Sutter,2021-04-12,336,50271,90,17987,192,29353,54,2931,136,10812,200,21129,190,31941,California
Sutter,2021-04-13,426,50697,123,18110,303,29656,0,2931,211,10810,213,21342,211,32152,California
Sutter,2021-04-14,1292,51989,158,18268,1133,30789,1,2932,214,9954,1072,22414,216,32368,California
Sutter,2021-04-15,468,52457,172,18440,296,31085,0,2932,180,9848,286,22700,180,32548,California
Sutter,2021-04-16,386,52843,114,18554,272,31357,0,2932,176,9815,209,22909,176,32724,California
Sutter,2021-04-17,572,53415,82,18636,490,31847,0,2932,500,10246,69,22978,500,33224,California
Sutter,2021-04-18,68,53483,8,18644,60,31907,0,2932,43,10265,24,23002,43,33267,California
Sutter,2021-04-19,287,53770,109,18753,178,32085,0,2932,121,10222,164,23166,121,33388,California
Sutter,2021-04-20,387,54157,133,18886,254,32339,0,2932,201,10238,185,23351,201,33589,California
Sutter,2021-04-21,1237,55394,425,19311,812,33151,0,2932,475,9960,753,24104,475,34064,California
Sutter,2021-04-22,445,55839,154,19465,291,33442,0,2932,240,9996,204,24308,240,34304,California
Sutter,2021-04-23,368,56207,101,19566,267,33709,0,2932,176,9983,189,24497,176,34480,California
Sutter,2021-04-24,168,56375,11,19577,157,33866,0,2932,81,9977,87,24584,81,34561,California
Tehama,2020-12-15,1,1,1,1,0,0,0,0,1,1,0,0,1,1,California
Tehama,2020-12-16,2,3,2,3,0,0,0,0,2,3,0,0,2,3,California
Tehama,2020-12-17,12,15,12,15,0,0,0,0,12,15,0,0,12,15,California
Tehama,2020-12-18,2,17,2,17,0,0,0,0,3,18,0,0,3,18,California
Tehama,2020-12-21,33,50,33,50,0,0,0,0,33,51,0,0,33,51,California
Tehama,2020-12-22,68,118,62,112,6,6,0,0,68,119,0,0,68,119,California
Tehama,2020-12-23,48,166,40,152,8,14,0,0,48,167,0,0,48,167,California
Tehama,2020-12-24,5,171,3,155,2,16,0,0,5,172,0,0,5,172,California
Tehama,2020-12-26,3,174,2,157,1,17,0,0,3,175,0,0,3,175,California
Tehama,2020-12-27,2,176,2,159,0,17,0,0,2,177,0,0,2,177,California
Tehama,2020-12-28,56,232,43,202,13,30,0,0,56,233,0,0,56,233,California
Tehama,2020-12-29,31,263,31,233,0,30,0,0,31,264,0,0,31,264,California
Tehama,2020-12-30,54,317,38,271,16,46,0,0,53,317,0,0,53,317,California
Tehama,2020-12-31,14,331,4,275,10,56,0,0,14,331,0,0,14,331,California
Tehama,2021-01-01,2,333,0,275,2,58,0,0,2,333,0,0,2,333,California
Tehama,2021-01-04,31,364,8,283,23,81,0,0,31,364,0,0,31,364,California
Tehama,2021-01-05,70,434,43,326,27,108,0,0,67,428,3,3,67,431,California
Tehama,2021-01-06,71,505,21,347,50,158,0,0,62,482,8,11,62,493,California
Tehama,2021-01-07,56,561,7,354,49,207,0,0,55,536,1,12,55,548,California
Tehama,2021-01-08,30,591,24,378,6,213,0,0,25,556,5,17,25,573,California
Tehama,2021-01-09,7,598,5,383,2,215,0,0,5,559,2,19,5,578,California
Tehama,2021-01-10,1,599,0,383,1,216,0,0,1,560,0,19,1,579,California
Tehama,2021-01-11,47,646,46,429,1,217,0,0,14,541,33,52,14,593,California
Tehama,2021-01-12,116,762,96,525,20,237,0,0,71,567,45,97,71,664,California
Tehama,2021-01-13,72,834,55,580,17,254,0,0,26,547,46,143,26,690,California
Tehama,2021-01-14,224,1058,50,630,174,428,0,0,222,767,2,145,222,912,California
Tehama,2021-01-15,246,1304,74,704,172,600,0,0,242,1005,4,149,242,1154,California
Tehama,2021-01-16,272,1576,27,731,245,845,0,0,269,1271,3,152,269,1423,California
Tehama,2021-01-17,13,1589,9,740,4,849,0,0,11,1280,2,154,11,1434,California
Tehama,2021-01-18,10,1599,6,746,4,853,0,0,5,1280,5,159,5,1439,California
Tehama,2021-01-19,288,1887,62,808,226,1079,0,0,233,1458,55,214,233,1672,California
Tehama,2021-01-20,301,2188,87,895,214,1293,0,0,251,1660,49,263,251,1923,California
Tehama,2021-01-21,214,2402,11,906,203,1496,0,0,204,1854,10,273,204,2127,California
Tehama,2021-01-22,214,2616,12,918,202,1698,0,0,211,2062,3,276,211,2338,California
Tehama,2021-01-23,261,2877,10,928,251,1949,0,0,260,2321,1,277,260,2598,California
Tehama,2021-01-25,31,2908,13,941,18,1967,0,0,14,2318,17,294,14,2612,California
Tehama,2021-01-26,325,3233,42,983,283,2250,0,0,288,2569,37,331,288,2900,California
Tehama,2021-01-27,299,3532,21,1004,278,2528,0,0,279,2828,20,351,279,3179,California
Tehama,2021-01-28,340,3872,29,1033,311,2839,0,0,325,3138,15,366,325,3504,California
Tehama,2021-01-29,321,4193,19,1052,302,3141,0,0,304,3425,17,383,304,3808,California
Tehama,2021-01-30,103,4296,2,1054,101,3242,0,0,102,3526,1,384,102,3910,California
Tehama,2021-01-31,1,4297,0,1054,1,3243,0,0,1,3527,0,384,1,3911,California
Tehama,2021-02-01,77,4374,22,1076,55,3298,0,0,36,3522,41,425,36,3947,California
Tehama,2021-02-02,343,4717,63,1139,280,3578,0,0,246,3674,94,519,246,4193,California
Tehama,2021-02-03,377,5094,12,1151,365,3943,0,0,333,3963,44,563,333,4526,California
Tehama,2021-02-04,466,5560,99,1250,367,4310,0,0,387,4272,79,642,388,4914,California
Tehama,2021-02-05,162,5722,73,1323,89,4399,0,0,103,4316,59,701,103,5017,California
Tehama,2021-02-06,28,5750,13,1336,15,4414,0,0,16,4320,12,713,16,5033,California
Tehama,2021-02-07,5,5755,4,1340,1,4415,0,0,2,4319,3,716,2,5035,California
Tehama,2021-02-08,35,5790,14,1354,21,4436,0,0,27,4338,8,724,27,5062,California
Tehama,2021-02-09,76,5866,33,1387,43,4479,0,0,42,4346,34,758,42,5104,California
Tehama,2021-02-10,233,6099,62,1449,171,4650,0,0,158,4429,75,833,158,5262,California
Tehama,2021-02-11,219,6318,16,1465,203,4853,0,0,80,4372,137,970,80,5342,California
Tehama,2021-02-12,355,6673,57,1522,298,5151,0,0,174,4365,181,1151,174,5516,California
Tehama,2021-02-13,386,7059,13,1535,373,5524,0,0,147,4273,239,1390,147,5663,California
Tehama,2021-02-14,33,7092,0,1535,33,5557,0,0,32,4304,1,1391,32,5695,California
Tehama,2021-02-15,51,7143,9,1544,42,5599,0,0,45,4343,6,1397,45,5740,California
Tehama,2021-02-16,240,7383,16,1560,224,5823,0,0,58,4219,182,1579,58,5798,California
Tehama,2021-02-17,280,7663,12,1572,268,6091,0,0,54,4047,226,1805,54,5852,California
Tehama,2021-02-18,368,8031,32,1604,336,6427,0,0,144,3967,224,2029,144,5996,California
Tehama,2021-02-19,213,8244,18,1622,195,6622,0,0,42,3838,171,2200,42,6038,California
Tehama,2021-02-20,271,8515,6,1628,265,6887,0,0,26,3619,245,2445,26,6064,California
Tehama,2021-02-22,37,8552,13,1641,24,6911,0,0,24,3630,13,2458,24,6088,California
Tehama,2021-02-23,46,8598,19,1660,27,6938,0,0,26,3636,20,2478,26,6114,California
Tehama,2021-02-24,299,8897,12,1672,287,7225,0,0,26,3389,273,2751,26,6140,California
Tehama,2021-02-25,377,9274,61,1733,316,7541,0,0,37,3086,340,3091,37,6177,California
Tehama,2021-02-26,455,9729,19,1752,436,7977,0,0,70,2771,385,3476,70,6247,California
Tehama,2021-02-27,294,10023,5,1757,289,8266,0,0,34,2545,260,3736,34,6281,California
Tehama,2021-02-28,23,10046,2,1759,21,8287,0,0,20,2562,3,3739,20,6301,California
Tehama,2021-03-01,63,10109,8,1767,55,8342,0,0,29,2557,34,3773,29,6330,California
Tehama,2021-03-02,124,10233,17,1784,107,8449,0,0,29,2491,95,3868,29,6359,California
Tehama,2021-03-03,132,10365,33,1817,99,8548,0,0,47,2453,85,3953,47,6406,California
Tehama,2021-03-04,592,10957,22,1839,570,9118,0,0,218,2303,368,4321,218,6624,California
Tehama,2021-03-05,384,11341,18,1857,366,9484,0,0,214,2348,169,4490,214,6838,California
Tehama,2021-03-06,295,11636,17,1874,278,9762,0,0,80,2215,214,4704,81,6919,California
Tehama,2021-03-07,5,11641,1,1875,4,9766,0,0,3,2217,1,4705,3,6922,California
Tehama,2021-03-08,58,11699,12,1887,31,9797,15,15,27,2229,30,4735,42,6964,California
Tehama,2021-03-09,359,12058,5,1892,335,10132,19,34,304,2497,55,4790,323,7287,California
Tehama,2021-03-10,350,12408,12,1904,317,10449,21,55,68,2305,281,5071,89,7376,California
Tehama,2021-03-11,482,12890,14,1918,422,10871,46,101,340,2549,142,5213,386,7762,California
Tehama,2021-03-12,300,13190,18,1936,217,11088,65,166,176,2666,124,5337,241,8003,California
Tehama,2021-03-13,45,13235,8,1944,31,11119,6,172,6,2639,39,5376,12,8015,California
Tehama,2021-03-14,43,13278,3,1947,29,11148,11,183,2,2611,41,5417,13,8028,California
Tehama,2021-03-15,153,13431,21,1968,112,11260,20,203,86,2650,67,5484,106,8134,California
Tehama,2021-03-16,408,13839,14,1982,356,11616,38,241,309,2899,98,5582,347,8481,California
Tehama,2021-03-17,423,14262,22,2004,369,11985,32,273,338,3186,83,5665,370,8851,California
Tehama,2021-03-18,484,14746,25,2029,435,12420,24,297,306,3340,176,5841,330,9181,California
Tehama,2021-03-19,313,15059,23,2052,277,12697,13,310,271,3582,42,5883,284,9465,California
Tehama,2021-03-20,41,15100,8,2060,31,12728,2,312,29,3601,12,5895,31,9496,California
Tehama,2021-03-21,12,15112,5,2065,7,12735,0,312,12,3613,0,5895,12,9508,California
Tehama,2021-03-22,90,15202,7,2072,66,12801,17,329,49,3638,41,5936,66,9574,California
Tehama,2021-03-23,85,15287,24,2096,54,12855,7,336,66,3692,19,5955,73,9647,California
Tehama,2021-03-24,85,15372,16,2112,66,12921,3,339,55,3720,30,5985,58,9705,California
Tehama,2021-03-25,514,15886,351,2463,150,13071,13,352,467,4154,46,6031,480,10185,California
Tehama,2021-03-26,464,16350,356,2819,96,13167,12,364,389,4480,75,6106,401,10586,California
Tehama,2021-03-27,437,16787,348,3167,68,13235,21,385,374,4813,62,6168,395,10981,California
Tehama,2021-03-28,34,16821,13,3180,21,13256,0,385,22,4823,12,6180,22,11003,California
Tehama,2021-03-29,121,16942,32,3212,89,13345,0,385,76,4855,44,6224,76,11079,California
Tehama,2021-03-30,361,17303,212,3424,147,13492,2,387,247,4990,114,6338,249,11328,California
Tehama,2021-03-31,379,17682,278,3702,98,13590,3,390,305,5225,73,6411,308,11636,California
Tehama,2021-04-01,518,18200,243,3945,269,13859,6,396,387,5487,131,6542,393,12029,California
Tehama,2021-04-02,442,18642,204,4149,232,14091,6,402,257,5565,185,6727,263,12292,California
Tehama,2021-04-03,61,18703,3,4152,53,14144,5,407,30,5569,31,6758,35,12327,California
Tehama,2021-04-04,34,18737,6,4158,27,14171,1,408,22,5580,12,6770,23,12350,California
Tehama,2021-04-05,114,18851,20,4178,68,14239,26,434,59,5610,55,6825,85,12435,California
Tehama,2021-04-06,480,19331,105,4283,324,14563,51,485,133,5447,347,7172,184,12619,California
Tehama,2021-04-07,417,19748,279,4562,94,14657,44,529,304,5683,111,7283,347,12966,California
Tehama,2021-04-08,596,20344,172,4734,386,15043,38,567,228,5582,367,7650,266,13232,California
Tehama,2021-04-09,418,20762,185,4919,201,15244,32,599,208,5614,208,7858,240,13472,California
Tehama,2021-04-10,73,20835,9,4928,37,15281,27,626,39,5646,34,7892,66,13538,California
Tehama,2021-04-11,25,20860,7,4935,7,15288,11,637,8,5648,17,7909,19,13557,California
Tehama,2021-04-12,113,20973,6,4941,88,15376,19,656,44,5642,69,7978,63,13620,California
Tehama,2021-04-13,296,21269,57,4998,239,15615,0,656,62,5470,234,8212,62,13682,California
Tehama,2021-04-14,462,21731,48,5046,414,16029,0,656,50,5108,412,8624,50,13732,California
Tehama,2021-04-15,493,22224,192,5238,301,16330,0,656,84,4783,409,9033,84,13816,California
Tehama,2021-04-16,564,22788,312,5550,252,16582,0,656,94,4407,470,9503,94,13910,California
Tehama,2021-04-17,344,23132,266,5816,78,16660,0,656,50,4165,293,9796,51,13961,California
Tehama,2021-04-18,16,23148,2,5818,14,16674,0,656,12,4173,4,9800,12,13973,California
Tehama,2021-04-19,93,23241,7,5825,86,16760,0,656,41,4162,52,9852,41,14014,California
Tehama,2021-04-20,499,23740,412,6237,87,16847,0,656,149,3965,348,10200,151,14165,California
Tehama,2021-04-21,502,24242,438,6675,64,16911,0,656,182,3827,320,10520,182,14347,California
Tehama,2021-04-22,504,24746,357,7032,147,17058,0,656,148,3620,355,10875,148,14495,California
Tehama,2021-04-23,427,25173,331,7363,96,17154,0,656,199,3592,228,11103,200,14695,California
Tehama,2021-04-24,75,25248,2,7365,73,17227,0,656,16,3549,59,11162,16,14711,California
Trinity,2020-12-17,4,4,4,4,0,0,0,0,4,4,0,0,4,4,California
Trinity,2020-12-18,2,6,2,6,0,0,0,0,2,6,0,0,2,6,California
Trinity,2020-12-21,38,44,38,44,0,0,0,0,38,44,0,0,38,44,California
Trinity,2020-12-22,5,49,5,49,0,0,0,0,5,49,0,0,5,49,California
Trinity,2020-12-23,5,54,5,54,0,0,0,0,5,54,0,0,5,54,California
Trinity,2020-12-28,30,84,30,84,0,0,0,0,30,84,0,0,30,84,California
Trinity,2020-12-29,8,92,7,91,1,1,0,0,8,92,0,0,8,92,California
Trinity,2020-12-30,10,102,8,99,2,3,0,0,10,102,0,0,10,102,California
Trinity,2020-12-31,2,104,1,100,1,4,0,0,2,104,0,0,2,104,California
Trinity,2021-01-04,27,131,0,100,27,31,0,0,26,130,0,0,26,130,California
Trinity,2021-01-05,2,133,1,101,1,32,0,0,2,132,0,0,2,132,California
Trinity,2021-01-06,23,156,4,105,19,51,0,0,19,147,4,4,19,151,California
Trinity,2021-01-08,49,205,2,107,47,98,0,0,48,193,2,6,48,199,California
Trinity,2021-01-11,39,244,38,145,1,99,0,0,2,158,37,43,2,201,California
Trinity,2021-01-12,9,253,7,152,2,101,0,0,4,157,5,48,4,205,California
Trinity,2021-01-13,7,260,4,156,3,104,0,0,4,158,3,51,4,209,California
Trinity,2021-01-14,3,263,1,157,2,106,0,0,3,161,0,51,3,212,California
Trinity,2021-01-16,4,267,0,157,4,110,0,0,4,165,0,51,4,216,California
Trinity,2021-01-18,31,298,31,188,0,110,0,0,1,136,30,81,1,217,California
Trinity,2021-01-19,95,393,14,202,81,191,0,0,81,203,14,95,81,298,California
Trinity,2021-01-20,19,412,3,205,16,207,0,0,17,218,2,97,17,315,California
Trinity,2021-01-21,17,429,7,212,10,217,0,0,17,235,0,97,17,332,California
Trinity,2021-01-22,5,434,1,213,4,221,0,0,5,240,0,97,5,337,California
Trinity,2021-01-23,7,441,3,216,4,225,0,0,7,247,0,97,7,344,California
Trinity,2021-01-25,14,455,1,217,13,238,0,0,13,259,1,98,13,357,California
Trinity,2021-01-26,10,465,1,218,9,247,0,0,9,267,1,99,9,366,California
Trinity,2021-01-27,12,477,0,218,12,259,0,0,12,279,0,99,12,378,California
Trinity,2021-01-28,13,490,3,221,10,269,0,0,10,286,3,102,10,388,California
Trinity,2021-01-29,3,493,1,222,2,271,0,0,2,287,1,103,2,390,California
Trinity,2021-01-30,12,505,11,233,1,272,0,0,12,299,0,103,12,402,California
Trinity,2021-02-01,2,507,1,234,1,273,0,0,1,299,1,104,1,403,California
Trinity,2021-02-02,13,520,3,237,10,283,0,0,13,312,0,104,13,416,California
Trinity,2021-02-03,6,526,1,238,5,288,0,0,3,312,3,107,3,419,California
Trinity,2021-02-04,36,562,32,270,4,292,0,0,34,344,2,109,34,453,California
Trinity,2021-02-05,348,910,0,270,348,640,0,0,318,632,30,139,318,771,California
Trinity,2021-02-06,209,1119,5,275,204,844,0,0,202,827,7,146,202,973,California
Trinity,2021-02-07,1,1120,0,275,1,845,0,0,1,828,0,146,1,974,California
Trinity,2021-02-08,23,1143,0,275,23,868,0,0,15,835,8,154,15,989,California
Trinity,2021-02-09,21,1164,2,277,19,887,0,0,6,826,15,169,6,995,California
Trinity,2021-02-10,123,1287,10,287,113,1000,0,0,103,909,20,189,103,1098,California
Trinity,2021-02-11,335,1622,2,289,333,1333,0,0,329,1232,6,195,329,1427,California
Trinity,2021-02-12,9,1631,6,295,3,1336,0,0,9,1241,0,195,9,1436,California
Trinity,2021-02-13,12,1643,5,300,7,1343,0,0,5,1239,7,202,5,1441,California
Trinity,2021-02-14,2,1645,2,302,0,1343,0,0,2,1241,0,202,2,1443,California
Trinity,2021-02-15,46,1691,0,302,46,1389,0,0,46,1287,0,202,46,1489,California
Trinity,2021-02-16,7,1698,2,304,5,1394,0,0,4,1288,3,205,4,1493,California
Trinity,2021-02-17,94,1792,2,306,92,1486,0,0,84,1362,10,215,84,1577,California
Trinity,2021-02-18,4,1796,0,306,4,1490,0,0,1,1360,3,218,1,1578,California
Trinity,2021-02-19,209,2005,2,308,207,1697,0,0,196,1543,13,231,196,1774,California
Trinity,2021-02-20,141,2146,14,322,127,1824,0,0,113,1628,28,259,113,1887,California
Trinity,2021-02-22,3,2149,0,322,3,1827,0,0,0,1625,3,262,0,1887,California
Trinity,2021-02-23,8,2157,4,326,4,1831,0,0,3,1623,5,267,3,1890,California
Trinity,2021-02-24,30,2187,8,334,22,1853,0,0,7,1607,23,290,7,1897,California
Trinity,2021-02-25,36,2223,23,357,13,1866,0,0,5,1581,31,321,5,1902,California
Trinity,2021-02-26,11,2234,1,358,10,1876,0,0,5,1580,6,327,5,1907,California
Trinity,2021-02-27,9,2243,7,365,2,1878,0,0,4,1579,5,332,4,1911,California
Trinity,2021-03-01,8,2251,0,365,8,1886,0,0,5,1581,3,335,5,1916,California
Trinity,2021-03-02,8,2259,3,368,5,1891,0,0,1,1575,7,342,1,1917,California
Trinity,2021-03-03,5,2264,0,368,5,1896,0,0,4,1578,1,343,4,1921,California
Trinity,2021-03-04,15,2279,10,378,5,1901,0,0,13,1589,2,345,13,1934,California
Trinity,2021-03-05,298,2577,1,379,297,2198,0,0,35,1365,259,604,35,1969,California
Trinity,2021-03-06,196,2773,7,386,189,2387,0,0,26,1221,170,774,26,1995,California
Trinity,2021-03-07,3,2776,3,389,0,2387,0,0,2,1222,1,775,2,1997,California
Trinity,2021-03-08,3,2779,0,389,2,2389,1,1,1,1222,2,777,2,1999,California
Trinity,2021-03-09,93,2872,0,389,91,2480,2,3,89,1309,4,781,91,2090,California
Trinity,2021-03-10,127,2999,3,392,121,2601,3,6,38,1261,89,870,41,2131,California
Trinity,2021-03-11,8,3007,3,395,3,2604,2,8,4,1263,4,874,6,2137,California
Trinity,2021-03-12,337,3344,2,397,329,2933,6,14,46,1024,291,1165,52,2189,California
Trinity,2021-03-13,13,3357,8,405,3,2936,2,16,8,1029,5,1170,10,2199,California
Trinity,2021-03-15,66,3423,0,405,65,3001,1,17,14,992,52,1222,15,2214,California
Trinity,2021-03-16,115,3538,7,412,108,3109,0,17,101,1079,14,1236,101,2315,California
Trinity,2021-03-17,100,3638,3,415,97,3206,0,17,26,1031,74,1310,26,2341,California
Trinity,2021-03-18,10,3648,2,417,5,3211,3,20,5,1034,5,1315,8,2349,California
Trinity,2021-03-19,367,4015,4,421,253,3464,110,130,33,843,334,1649,143,2492,California
Trinity,2021-03-20,104,4119,7,428,97,3561,0,130,69,877,35,1684,69,2561,California
Trinity,2021-03-21,3,4122,0,428,2,3563,1,131,2,879,1,1685,3,2564,California
Trinity,2021-03-22,2,4124,0,428,2,3565,0,131,2,881,0,1685,2,2566,California
Trinity,2021-03-23,95,4219,1,429,94,3659,0,131,78,942,17,1702,78,2644,California
Trinity,2021-03-24,9,4228,1,430,8,3667,0,131,9,951,0,1702,9,2653,California
Trinity,2021-03-25,106,4334,7,437,93,3760,6,137,83,1017,23,1725,89,2742,California
Trinity,2021-03-26,15,4349,2,439,13,3773,0,137,9,1020,6,1731,9,2751,California
Trinity,2021-03-27,16,4365,4,443,3,3776,9,146,5,1023,11,1742,14,2765,California
Trinity,2021-03-28,5,4370,3,446,2,3778,0,146,1,1020,4,1746,1,2766,California
Trinity,2021-03-29,4,4374,0,446,4,3782,0,146,1,1018,3,1749,1,2767,California
Trinity,2021-03-30,75,4449,4,450,71,3853,0,146,67,1077,8,1757,67,2834,California
Trinity,2021-03-31,56,4505,5,455,19,3872,32,178,21,1094,35,1792,52,2886,California
Trinity,2021-04-01,38,4543,11,466,16,3888,11,189,19,1105,19,1811,30,2916,California
Trinity,2021-04-02,163,4706,6,472,83,3971,74,263,69,1155,93,1904,143,3059,California
Trinity,2021-04-03,19,4725,14,486,5,3976,0,263,9,1154,10,1914,9,3068,California
Trinity,2021-04-04,10,4735,8,494,2,3978,0,263,10,1164,0,1914,10,3078,California
Trinity,2021-04-05,59,4794,6,500,52,4030,1,264,55,1216,4,1918,56,3134,California
Trinity,2021-04-06,110,4904,13,513,94,4124,3,267,22,1153,88,2006,25,3159,California
Trinity,2021-04-07,21,4925,12,525,4,4128,5,272,14,1165,7,2013,19,3178,California
Trinity,2021-04-08,87,5012,10,535,75,4203,2,274,50,1180,37,2050,52,3230,California
Trinity,2021-04-09,118,5130,20,555,93,4296,5,279,84,1235,34,2084,89,3319,California
Trinity,2021-04-10,11,5141,7,562,4,4300,0,279,10,1244,1,2085,10,3329,California
Trinity,2021-04-11,8,5149,5,567,1,4301,2,281,4,1246,4,2089,6,3335,California
Trinity,2021-04-12,77,5226,5,572,71,4372,1,282,64,1298,12,2101,64,3399,California
Trinity,2021-04-13,96,5322,4,576,92,4464,0,282,10,1222,86,2187,10,3409,California
Trinity,2021-04-14,10,5332,5,581,5,4469,0,282,6,1224,4,2191,6,3415,California
Trinity,2021-04-15,43,5375,10,591,33,4502,0,282,14,1209,29,2220,14,3429,California
Trinity,2021-04-16,105,5480,7,598,98,4600,0,282,40,1184,65,2285,40,3469,California
Trinity,2021-04-17,11,5491,5,603,6,4606,0,282,9,1191,2,2287,9,3478,California
Trinity,2021-04-18,1,5492,1,604,0,4606,0,282,0,1190,1,2288,0,3478,California
Trinity,2021-04-19,3,5495,0,604,3,4609,0,282,3,1193,0,2288,3,3481,California
Trinity,2021-04-20,91,5586,8,612,83,4692,0,282,19,1140,72,2360,19,3500,California
Trinity,2021-04-21,22,5608,10,622,12,4704,0,282,10,1138,12,2372,10,3510,California
Trinity,2021-04-22,91,5699,7,629,84,4788,0,282,15,1077,76,2448,15,3525,California
Trinity,2021-04-23,114,5813,5,634,109,4897,0,282,103,1169,11,2459,103,3628,California
Trinity,2021-04-24,6,5819,4,638,2,4899,0,282,5,1173,1,2460,5,3633,California
Tulare,2020-12-15,1,1,1,1,0,0,0,0,1,1,0,0,1,1,California
Tulare,2020-12-16,3,4,3,4,0,0,0,0,3,4,0,0,3,4,California
Tulare,2020-12-17,110,114,110,114,0,0,0,0,110,114,0,0,110,114,California
Tulare,2020-12-18,289,403,289,403,0,0,0,0,289,403,0,0,289,403,California
Tulare,2020-12-19,328,731,328,731,0,0,0,0,328,731,0,0,328,731,California
Tulare,2020-12-20,166,897,165,896,1,1,0,0,166,897,0,0,166,897,California
Tulare,2020-12-21,422,1319,422,1318,0,1,0,0,442,1339,0,0,442,1339,California
Tulare,2020-12-22,469,1788,467,1785,2,3,0,0,468,1807,0,0,468,1807,California
Tulare,2020-12-23,328,2116,320,2105,8,11,0,0,326,2133,0,0,326,2133,California
Tulare,2020-12-24,18,2134,16,2121,2,13,0,0,18,2151,0,0,18,2151,California
Tulare,2020-12-26,8,2142,7,2128,1,14,0,0,8,2159,0,0,8,2159,California
Tulare,2020-12-27,16,2158,12,2140,4,18,0,0,16,2175,0,0,16,2175,California
Tulare,2020-12-28,483,2641,471,2611,12,30,0,0,482,2657,0,0,482,2657,California
Tulare,2020-12-29,546,3187,478,3089,68,98,0,0,546,3203,0,0,546,3203,California
Tulare,2020-12-30,474,3661,435,3524,39,137,0,0,474,3677,0,0,474,3677,California
Tulare,2020-12-31,94,3755,22,3546,72,209,0,0,94,3771,0,0,94,3771,California
Tulare,2021-01-01,2,3757,1,3547,1,210,0,0,2,3773,0,0,2,3773,California
Tulare,2021-01-02,28,3785,17,3564,11,221,0,0,28,3801,0,0,28,3801,California
Tulare,2021-01-03,23,3808,9,3573,14,235,0,0,23,3824,0,0,23,3824,California
Tulare,2021-01-04,92,3900,16,3589,76,311,0,0,92,3916,0,0,92,3916,California
Tulare,2021-01-05,460,4360,278,3867,182,493,0,0,458,4372,2,2,458,4374,California
Tulare,2021-01-06,865,5225,636,4503,229,722,0,0,855,5217,10,12,855,5229,California
Tulare,2021-01-07,782,6007,584,5087,198,920,0,0,676,5787,106,118,676,5905,California
Tulare,2021-01-08,1267,7274,575,5662,692,1612,0,0,929,6379,337,455,929,6834,California
Tulare,2021-01-09,742,8016,204,5866,538,2150,0,0,554,6745,188,643,554,7388,California
Tulare,2021-01-10,50,8066,44,5910,6,2156,0,0,11,6717,39,682,11,7399,California
Tulare,2021-01-11,1266,9332,767,6677,499,2655,0,0,831,7113,435,1117,831,8230,California
Tulare,2021-01-12,1402,10734,488,7165,914,3569,0,0,995,7703,406,1523,996,9226,California
Tulare,2021-01-13,458,11192,228,7393,230,3799,0,0,383,8011,75,1598,383,9609,California
Tulare,2021-01-14,492,11684,141,7534,351,4150,0,0,466,8462,15,1613,466,10075,California
Tulare,2021-01-15,1619,13303,151,7685,1468,5618,0,0,1610,10063,9,1622,1610,11685,California
Tulare,2021-01-16,1901,15204,114,7799,1787,7405,0,0,1887,11936,14,1636,1887,13572,California
Tulare,2021-01-17,141,15345,122,7921,19,7424,0,0,131,12057,10,1646,131,13703,California
Tulare,2021-01-18,695,16040,662,8583,33,7457,0,0,295,11952,400,2046,295,13998,California
Tulare,2021-01-19,1006,17046,683,9266,323,7780,0,0,578,12102,428,2474,578,14576,California
Tulare,2021-01-20,2377,19423,564,9830,1813,9593,0,0,1991,13707,386,2860,1991,16567,California
Tulare,2021-01-21,1511,20934,150,9980,1361,10954,0,0,1485,15171,21,2881,1485,18052,California
Tulare,2021-01-22,1054,21988,185,10165,869,11823,0,0,1030,16178,23,2904,1030,19082,California
Tulare,2021-01-23,438,22426,156,10321,282,12105,0,0,417,16574,21,2925,417,19499,California
Tulare,2021-01-24,30,22456,27,10348,3,12108,0,0,28,16600,2,2927,28,19527,California
Tulare,2021-01-25,1324,23780,979,11327,345,12453,0,0,1295,17866,29,2956,1295,20822,California
Tulare,2021-01-26,1498,25278,1099,12426,399,12852,0,0,1173,18715,324,3280,1173,21995,California
Tulare,2021-01-27,1456,26734,1070,13496,386,13238,0,0,878,19015,578,3858,878,22873,California
Tulare,2021-01-28,1199,27933,768,14264,431,13669,0,0,804,19424,395,4253,804,23677,California
Tulare,2021-01-29,1129,29062,719,14983,410,14079,0,0,819,19933,310,4563,819,24496,California
Tulare,2021-01-30,1673,30735,1579,16562,94,14173,0,0,1649,21559,24,4587,1650,26146,California
Tulare,2021-01-31,51,30786,47,16609,4,14177,0,0,48,21604,3,4590,48,26194,California
Tulare,2021-02-01,1183,31969,916,17525,267,14444,0,0,831,22084,351,4941,831,27025,California
Tulare,2021-02-02,676,32645,328,17853,348,14792,0,0,445,22301,229,5170,446,27471,California
Tulare,2021-02-03,613,33258,287,18140,326,15118,0,0,336,22362,275,5445,336,27807,California
Tulare,2021-02-04,551,33809,164,18304,387,15505,0,0,266,22344,285,5730,267,28074,California
Tulare,2021-02-05,1230,35039,233,18537,997,16502,0,0,414,21944,814,6544,414,28488,California
Tulare,2021-02-06,834,35873,158,18695,676,17178,0,0,266,21644,566,7110,266,28754,California
Tulare,2021-02-07,78,35951,66,18761,12,17190,0,0,23,21612,55,7165,23,28777,California
Tulare,2021-02-08,941,36892,327,19088,614,17804,0,0,245,21164,693,7858,245,29022,California
Tulare,2021-02-09,1403,38295,326,19414,1077,18881,0,0,360,20486,1038,8896,360,29382,California
Tulare,2021-02-10,2469,40764,1986,21400,483,19364,0,0,2069,22158,397,9293,2069,31451,California
Tulare,2021-02-11,1322,42086,376,21776,946,20310,0,0,938,22712,384,9677,938,32389,California
Tulare,2021-02-12,2776,44862,576,22352,2200,22510,0,0,1214,22371,1555,11232,1214,33603,California
Tulare,2021-02-13,2479,47341,157,22509,2322,24832,0,0,666,21227,1810,13042,666,34269,California
Tulare,2021-02-14,333,47674,36,22545,297,25129,0,0,300,21494,33,13075,300,34569,California
Tulare,2021-02-15,915,48589,291,22836,624,25753,0,0,658,21896,256,13331,658,35227,California
Tulare,2021-02-16,2831,51420,1595,24431,1236,26989,0,0,1077,21220,1753,15084,1077,36304,California
Tulare,2021-02-17,2699,54119,509,24940,2190,29179,0,0,463,19452,2231,17315,463,36767,California
Tulare,2021-02-18,2299,56418,456,25396,1843,31022,0,0,632,18425,1659,18974,632,37399,California
Tulare,2021-02-19,2295,58713,855,26251,1440,32462,0,0,942,18016,1351,20325,942,38341,California
Tulare,2021-02-20,2989,61702,1892,28143,1097,33559,0,0,1267,17566,1717,22042,1267,39608,California
Tulare,2021-02-21,95,61797,91,28234,4,33563,0,0,60,17591,35,22077,60,39668,California
Tulare,2021-02-22,1105,62902,701,28935,404,33967,0,0,212,16911,892,22969,212,39880,California
Tulare,2021-02-23,1946,64848,940,29875,1006,34973,0,0,1457,17880,488,23457,1457,41337,California
Tulare,2021-02-24,2473,67321,1549,31424,924,35897,0,0,2095,19599,377,23834,2096,43433,California
Tulare,2021-02-25,3483,70804,1948,33372,1535,37432,0,0,3069,22258,410,24244,3069,46502,California
Tulare,2021-02-26,3837,74641,1879,35251,1958,39390,0,0,3375,25173,460,24704,3375,49877,California
Tulare,2021-02-27,2898,77539,1390,36641,1508,40898,0,0,2766,27818,121,24825,2766,52643,California
Tulare,2021-02-28,1304,78843,1033,37674,271,41169,0,0,1284,29084,18,24843,1284,53927,California
Tulare,2021-03-01,1737,80580,773,38447,964,42133,0,0,1553,30455,182,25025,1553,55480,California
Tulare,2021-03-02,2678,83258,1191,39638,1487,43620,0,0,2513,32806,163,25188,2514,57994,California
Tulare,2021-03-03,3822,87080,2507,42145,1315,44935,0,0,1875,32738,1945,27133,1877,59871,California
Tulare,2021-03-04,2865,89945,1292,43437,1573,46508,0,0,2550,34976,312,27445,2550,62421,California
Tulare,2021-03-05,3281,93226,1692,45129,1574,48082,15,15,2777,37270,500,27945,2794,65215,California
Tulare,2021-03-06,3058,96284,1431,46560,1568,49650,59,74,2811,39894,244,28189,2868,68083,California
Tulare,2021-03-07,1093,97377,683,47243,389,50039,21,95,1053,40928,40,28229,1074,69157,California
Tulare,2021-03-08,1664,99041,977,48220,519,50558,168,263,1351,42136,310,28539,1518,70675,California
Tulare,2021-03-09,3178,102219,2182,50402,849,51407,147,410,2783,44669,395,28934,2928,73603,California
Tulare,2021-03-10,2786,105005,1384,51786,1227,52634,175,585,2407,46878,371,29305,2580,76183,California
Tulare,2021-03-11,4134,109139,1960,53746,1873,54507,301,886,3199,49442,935,30240,3499,79682,California
Tulare,2021-03-12,4334,113473,2377,56123,1609,56116,348,1234,3066,51598,1260,31500,3416,83098,California
Tulare,2021-03-13,4005,117478,1846,57969,2054,58170,105,1339,3068,53840,931,32431,3173,86271,California
Tulare,2021-03-14,1801,119279,973,58942,609,58779,219,1558,1273,54804,527,32958,1491,87762,California
Tulare,2021-03-15,2713,121992,1596,60538,1002,59781,115,1673,1941,56091,770,33728,2057,89819,California
Tulare,2021-03-16,3419,125411,2114,62652,1228,61009,77,1750,1872,56499,1544,35272,1952,91771,California
Tulare,2021-03-17,4006,129417,2604,65256,1325,62334,77,1827,2265,57113,1735,37007,2349,94120,California
Tulare,2021-03-18,4538,133955,3296,68552,1171,63505,71,1898,2414,57481,2119,39126,2487,96607,California
Tulare,2021-03-19,5054,139009,3311,71863,1547,65052,196,2094,2713,58065,2327,41453,2911,99518,California
Tulare,2021-03-20,4347,143356,2682,74545,1293,66345,372,2466,2012,58124,2328,43781,2387,101905,California
Tulare,2021-03-21,1891,145247,1619,76164,246,66591,26,2492,965,58191,923,44704,990,102895,California
Tulare,2021-03-22,2485,147732,1697,77861,677,67268,111,2603,1666,59157,813,45517,1779,104674,California
Tulare,2021-03-23,3718,151450,2137,79998,1530,68798,51,2654,2078,59662,1630,47147,2135,106809,California
Tulare,2021-03-24,3172,154622,1967,81965,1163,69961,42,2696,1865,60269,1300,48447,1907,108716,California
Tulare,2021-03-25,3401,158023,1748,83713,1480,71441,173,2869,1675,60398,1721,50168,1850,110566,California
Tulare,2021-03-26,5082,163105,3003,86716,1970,73411,109,2978,2476,60396,2587,52755,2585,113151,California
Tulare,2021-03-27,3454,166559,1766,88482,1591,75002,97,3075,942,58933,2505,55260,1042,114193,California
Tulare,2021-03-28,1434,167993,1035,89517,368,75370,31,3106,664,58865,769,56029,701,114894,California
Tulare,2021-03-29,2846,170839,1624,91141,1110,76480,112,3218,1221,58579,1621,57650,1335,116229,California
Tulare,2021-03-30,4585,175424,2578,93719,1777,78257,230,3448,1457,57142,3121,60771,1684,117913,California
Tulare,2021-03-31,3713,179137,2169,95888,1433,79690,111,3559,1517,56584,2188,62959,1630,119543,California
Tulare,2021-04-01,4305,183442,2321,98209,1919,81609,65,3624,1502,55357,2795,65754,1568,121111,California
Tulare,2021-04-02,5144,188586,2917,101126,2110,83719,117,3741,1647,53641,3481,69235,1765,122876,California
Tulare,2021-04-03,3436,192022,2003,103129,1122,84841,311,4052,850,52253,2549,71784,1161,124037,California
Tulare,2021-04-04,1618,193640,1133,104262,478,85319,7,4059,392,51428,1224,73008,399,124436,California
Tulare,2021-04-05,3289,196929,2311,106573,715,86034,263,4322,855,50123,2424,75432,1119,125555,California
Tulare,2021-04-06,3321,200250,1463,108036,1367,87401,491,4813,928,49159,2389,77821,1425,126980,California
Tulare,2021-04-07,3734,203984,1799,109835,1516,88917,419,5232,1230,48303,2496,80317,1640,128620,California
Tulare,2021-04-08,4628,208612,2586,112421,1588,90505,454,5686,1522,47179,3098,83415,1974,130594,California
Tulare,2021-04-09,4723,213335,2921,115342,1389,91894,413,6099,1810,46497,2906,86321,2224,132818,California
Tulare,2021-04-10,3785,217120,2037,117379,1434,93328,314,6413,1029,45089,2749,89070,1341,134159,California
Tulare,2021-04-11,1573,218693,1033,118412,468,93796,72,6485,594,44779,976,90046,666,134825,California
Tulare,2021-04-12,3368,222061,2104,120516,670,94466,594,7079,1085,44193,2266,92312,1680,136505,California
Tulare,2021-04-13,2392,224453,1578,122094,804,95270,10,7089,911,43643,1473,93785,923,137428,California
Tulare,2021-04-14,2802,227255,1662,123756,1140,96410,0,7089,909,42661,1891,95676,909,138337,California
Tulare,2021-04-15,3173,230428,2069,125825,1104,97514,0,7089,1436,42369,1728,97404,1436,139773,California
Tulare,2021-04-16,3606,234034,2206,128031,1400,98914,0,7089,1509,41790,2088,99492,1509,141282,California
Tulare,2021-04-17,2145,236179,1259,129290,886,99800,0,7089,1178,42005,964,100456,1179,142461,California
Tulare,2021-04-18,1502,237681,1174,130464,328,100128,0,7089,823,42150,678,101134,823,143284,California
Tulare,2021-04-19,2102,239783,1211,131675,889,101017,2,7091,899,41849,1202,102336,901,144185,California
Tulare,2021-04-20,2199,241982,1259,132934,940,101957,0,7091,1003,41660,1192,103528,1003,145188,California
Tulare,2021-04-21,2066,244048,1303,134237,763,102720,0,7091,814,41231,1243,104771,814,146002,California
Tulare,2021-04-22,2067,246115,1162,135399,905,103625,0,7091,737,40647,1321,106092,737,146739,California
Tulare,2021-04-23,2394,248509,1530,136929,863,104488,1,7092,987,40237,1397,107489,987,147726,California
Tulare,2021-04-24,1000,249509,588,137517,412,104900,0,7092,536,40313,460,107949,536,148262,California
Tuolumne,2020-12-16,45,45,45,45,0,0,0,0,45,45,0,0,45,45,California
Tuolumne,2020-12-17,17,62,17,62,0,0,0,0,17,62,0,0,17,62,California
Tuolumne,2020-12-18,101,163,100,162,1,1,0,0,101,163,0,0,101,163,California
Tuolumne,2020-12-19,5,168,5,167,0,1,0,0,5,168,0,0,5,168,California
Tuolumne,2020-12-20,1,169,1,168,0,1,0,0,1,169,0,0,1,169,California
Tuolumne,2020-12-21,112,281,98,266,14,15,0,0,112,281,0,0,112,281,California
Tuolumne,2020-12-22,168,449,168,434,0,15,0,0,168,449,0,0,168,449,California
Tuolumne,2020-12-23,186,635,184,618,2,17,0,0,186,635,0,0,186,635,California
Tuolumne,2020-12-26,3,638,3,621,0,17,0,0,3,638,0,0,3,638,California
Tuolumne,2020-12-28,78,716,76,697,2,19,0,0,78,716,0,0,78,716,California
Tuolumne,2020-12-29,102,818,39,736,63,82,0,0,102,818,0,0,102,818,California
Tuolumne,2020-12-30,77,895,22,758,55,137,0,0,77,895,0,0,77,895,California
Tuolumne,2020-12-31,27,922,20,778,7,144,0,0,27,922,0,0,27,922,California
Tuolumne,2021-01-01,6,928,5,783,1,145,0,0,6,928,0,0,6,928,California
Tuolumne,2021-01-02,118,1046,115,898,3,148,0,0,118,1046,0,0,118,1046,California
Tuolumne,2021-01-03,3,1049,2,900,1,149,0,0,3,1049,0,0,3,1049,California
Tuolumne,2021-01-04,68,1117,25,925,43,192,0,0,68,1117,0,0,68,1117,California
Tuolumne,2021-01-05,91,1208,26,951,65,257,0,0,89,1204,2,2,89,1206,California
Tuolumne,2021-01-06,111,1319,51,1002,60,317,0,0,68,1229,43,45,68,1274,California
Tuolumne,2021-01-07,119,1438,62,1064,57,374,0,0,64,1238,55,100,64,1338,California
Tuolumne,2021-01-08,103,1541,79,1143,24,398,0,0,26,1189,76,176,27,1365,California
Tuolumne,2021-01-09,1,1542,0,1143,1,399,0,0,1,1190,0,176,1,1366,California
Tuolumne,2021-01-10,3,1545,1,1144,2,401,0,0,3,1193,0,176,3,1369,California
Tuolumne,2021-01-11,114,1659,88,1232,26,427,0,0,33,1145,81,257,33,1402,California
Tuolumne,2021-01-12,101,1760,85,1317,16,443,0,0,17,1078,84,341,17,1419,California
Tuolumne,2021-01-13,230,1990,125,1442,105,548,0,0,181,1211,49,390,182,1601,California
Tuolumne,2021-01-14,130,2120,90,1532,40,588,0,0,43,1168,86,476,43,1644,California
Tuolumne,2021-01-15,475,2595,73,1605,402,990,0,0,412,1519,62,538,413,2057,California
Tuolumne,2021-01-16,7,2602,3,1608,4,994,0,0,6,1524,1,539,6,2063,California
Tuolumne,2021-01-17,6,2608,3,1611,3,997,0,0,5,1529,0,539,5,2068,California
Tuolumne,2021-01-18,46,2654,38,1649,8,1005,0,0,9,1502,36,575,9,2077,California
Tuolumne,2021-01-19,473,3127,72,1721,401,1406,0,0,428,1885,45,620,428,2505,California
Tuolumne,2021-01-20,76,3203,58,1779,18,1424,0,0,24,1858,51,671,24,2529,California
Tuolumne,2021-01-21,56,3259,22,1801,34,1458,0,0,41,1884,15,686,41,2570,California
Tuolumne,2021-01-22,165,3424,13,1814,152,1610,0,0,159,2037,6,692,159,2729,California
Tuolumne,2021-01-23,664,4088,146,1960,518,2128,0,0,551,2485,113,805,561,3290,California
Tuolumne,2021-01-24,523,4611,1,1961,522,2650,0,0,519,3002,3,808,520,3810,California
Tuolumne,2021-01-25,48,4659,27,1988,21,2671,0,0,22,2999,26,834,23,3833,California
Tuolumne,2021-01-26,80,4739,68,2056,12,2683,0,0,40,3000,40,874,41,3874,California
Tuolumne,2021-01-27,60,4799,4,2060,56,2739,0,0,7,2955,52,926,7,3881,California
Tuolumne,2021-01-28,27,4826,7,2067,20,2759,0,0,18,2964,9,935,18,3899,California
Tuolumne,2021-01-29,71,4897,6,2073,65,2824,0,0,33,2959,38,973,33,3932,California
Tuolumne,2021-01-30,709,5606,552,2625,157,2981,0,0,687,3640,22,995,703,4635,California
Tuolumne,2021-01-31,8,5614,2,2627,6,2987,0,0,5,3642,3,998,5,4640,California
Tuolumne,2021-02-01,24,5638,6,2633,18,3005,0,0,21,3660,3,1001,21,4661,California
Tuolumne,2021-02-02,645,6283,36,2669,609,3614,0,0,635,4286,9,1010,635,5296,California
Tuolumne,2021-02-03,238,6521,108,2777,130,3744,0,0,85,4218,153,1163,85,5381,California
Tuolumne,2021-02-04,125,6646,13,2790,112,3856,0,0,62,4217,63,1226,62,5443,California
Tuolumne,2021-02-05,99,6745,12,2802,87,3943,0,0,36,4191,62,1288,36,5479,California
Tuolumne,2021-02-06,852,7597,580,3382,272,4215,0,0,849,5037,3,1291,849,6328,California
Tuolumne,2021-02-07,7,7604,4,3386,3,4218,0,0,3,5036,4,1295,3,6331,California
Tuolumne,2021-02-08,91,7695,40,3426,51,4269,0,0,67,5079,24,1319,67,6398,California
Tuolumne,2021-02-09,865,8560,52,3478,813,5082,0,0,827,5868,38,1357,827,7225,California
Tuolumne,2021-02-10,87,8647,15,3493,72,5154,0,0,27,5836,59,1416,27,7252,California
Tuolumne,2021-02-11,142,8789,66,3559,76,5230,0,0,75,5844,67,1483,75,7327,California
Tuolumne,2021-02-12,640,9429,17,3576,623,5853,0,0,203,5612,436,1919,204,7531,California
Tuolumne,2021-02-13,146,9575,42,3618,104,5957,0,0,115,5702,25,1944,115,7646,California
Tuolumne,2021-02-14,148,9723,12,3630,136,6093,0,0,147,5848,1,1945,147,7793,California
Tuolumne,2021-02-15,184,9907,10,3640,174,6267,0,0,175,6014,9,1954,175,7968,California
Tuolumne,2021-02-16,525,10432,17,3657,508,6775,0,0,123,5739,400,2354,125,8093,California
Tuolumne,2021-02-17,107,10539,62,3719,45,6820,0,0,62,5757,44,2398,62,8155,California
Tuolumne,2021-02-18,675,11214,26,3745,649,7469,0,0,627,6336,48,2446,627,8782,California
Tuolumne,2021-02-19,131,11345,21,3766,110,7579,0,0,43,6291,88,2534,43,8825,California
Tuolumne,2021-02-20,904,12249,342,4108,562,8141,0,0,386,6172,506,3040,387,9212,California
Tuolumne,2021-02-21,974,13223,35,4143,939,9080,0,0,471,6143,500,3540,471,9683,California
Tuolumne,2021-02-22,77,13300,56,4199,21,9101,0,0,46,6159,30,3570,46,9729,California
Tuolumne,2021-02-23,46,13346,23,4222,23,9124,0,0,25,6164,20,3590,25,9754,California
Tuolumne,2021-02-24,102,13448,58,4280,44,9168,0,0,43,6149,58,3648,43,9797,California
Tuolumne,2021-02-25,1052,14500,34,4314,1018,10186,0,0,1021,7139,31,3679,1021,10818,California
Tuolumne,2021-02-26,142,14642,10,4324,132,10318,0,0,121,7239,21,3700,121,10939,California
Tuolumne,2021-02-27,947,15589,575,4899,372,10690,0,0,247,6802,684,4384,247,11186,California
Tuolumne,2021-02-28,55,15644,4,4903,51,10741,0,0,52,6852,2,4386,52,11238,California
Tuolumne,2021-03-01,110,15754,21,4924,89,10830,0,0,75,6895,33,4419,76,11314,California
Tuolumne,2021-03-02,705,16459,73,4997,632,11462,0,0,106,6403,598,5017,106,11420,California
Tuolumne,2021-03-03,88,16547,20,5017,68,11530,0,0,64,6443,24,5041,64,11484,California
Tuolumne,2021-03-04,1166,17713,73,5090,1093,12623,0,0,1103,7483,63,5104,1103,12587,California
Tuolumne,2021-03-05,84,17797,10,5100,74,12697,0,0,48,7497,35,5139,49,12636,California
Tuolumne,2021-03-06,1051,18848,604,5704,445,13142,2,2,204,6857,846,5985,206,12842,California
Tuolumne,2021-03-07,40,18888,12,5716,14,13156,14,16,18,6867,22,6007,32,12874,California
Tuolumne,2021-03-08,196,19084,88,5804,101,13257,7,23,140,6958,56,6063,147,13021,California
Tuolumne,2021-03-09,852,19936,15,5819,826,14083,11,34,66,6252,784,6847,78,13099,California
Tuolumne,2021-03-10,74,20010,12,5831,51,14134,11,45,51,6291,23,6870,62,13161,California
Tuolumne,2021-03-11,1271,21281,34,5865,1232,15366,5,50,1248,7523,23,6893,1255,14416,California
Tuolumne,2021-03-12,295,21576,31,5896,249,15615,15,65,189,7626,104,6997,207,14623,California
Tuolumne,2021-03-13,112,21688,12,5908,100,15715,0,65,93,7701,19,7016,94,14717,California
Tuolumne,2021-03-14,142,21830,8,5916,125,15840,9,74,8,7589,134,7150,22,14739,California
Tuolumne,2021-03-15,292,22122,79,5995,211,16051,2,76,101,7508,191,7341,110,14849,California
Tuolumne,2021-03-16,804,22926,38,6033,755,16806,11,87,667,8049,137,7478,678,15527,California
Tuolumne,2021-03-17,152,23078,31,6064,108,16914,13,100,79,8068,73,7551,92,15619,California
Tuolumne,2021-03-18,946,24024,28,6092,905,17819,13,113,320,7776,626,8177,334,15953,California
Tuolumne,2021-03-19,131,24155,16,6108,83,17902,32,145,70,7818,59,8236,101,16054,California
Tuolumne,2021-03-20,89,24244,6,6114,73,17975,10,155,37,7813,51,8287,46,16100,California
Tuolumne,2021-03-21,833,25077,390,6504,434,18409,9,164,40,7071,791,9078,49,16149,California
Tuolumne,2021-03-22,163,25240,72,6576,72,18481,19,183,97,7121,66,9144,116,16265,California
Tuolumne,2021-03-23,704,25944,636,7212,54,18535,14,197,668,7766,36,9180,681,16946,California
Tuolumne,2021-03-24,107,26051,19,7231,70,18605,18,215,75,7828,31,9211,93,17039,California
Tuolumne,2021-03-25,1291,27342,21,7252,1267,19872,3,218,322,7185,968,10179,325,17364,California
Tuolumne,2021-03-26,266,27608,14,7266,229,20101,23,241,109,7170,147,10326,132,17496,California
Tuolumne,2021-03-27,577,28185,54,7320,523,20624,0,241,316,7226,261,10587,317,17813,California
Tuolumne,2021-03-28,51,28236,8,7328,43,20667,0,241,11,7200,38,10625,12,17825,California
Tuolumne,2021-03-29,200,28436,81,7409,119,20786,0,241,105,7212,93,10718,105,17930,California
Tuolumne,2021-03-30,161,28597,13,7422,147,20933,1,242,118,7289,42,10760,119,18049,California
Tuolumne,2021-03-31,90,28687,13,7435,75,21008,2,244,34,7272,55,10815,38,18087,California
Tuolumne,2021-04-01,1228,29915,27,7462,1201,22209,0,244,213,6473,1013,11828,214,18301,California
Tuolumne,2021-04-02,163,30078,12,7474,125,22334,26,270,90,6517,72,11900,116,18417,California
Tuolumne,2021-04-03,415,30493,34,7508,380,22714,1,271,230,6565,185,12085,233,18650,California
Tuolumne,2021-04-04,33,30526,2,7510,31,22745,0,271,21,6576,10,12095,21,18671,California
Tuolumne,2021-04-05,128,30654,20,7530,102,22847,6,277,56,6566,72,12167,62,18733,California
Tuolumne,2021-04-06,634,31288,507,8037,100,22947,27,304,503,6966,131,12298,531,19264,California
Tuolumne,2021-04-07,121,31409,37,8074,68,23015,16,320,43,6947,78,12376,59,19323,California
Tuolumne,2021-04-08,1414,32823,30,8104,1370,24385,14,334,233,6015,1179,13555,247,19570,California
Tuolumne,2021-04-09,267,33090,41,8145,182,24567,44,378,128,6052,136,13691,173,19743,California
Tuolumne,2021-04-10,56,33146,3,8148,31,24598,22,400,23,6065,32,13723,45,19788,California
Tuolumne,2021-04-11,16,33162,2,8150,11,24609,3,403,11,6074,5,13728,14,19802,California
Tuolumne,2021-04-12,160,33322,67,8217,87,24696,6,409,87,6100,67,13795,93,19895,California
Tuolumne,2021-04-13,782,34104,35,8252,747,25443,0,409,167,5659,608,14403,167,20062,California
Tuolumne,2021-04-14,131,34235,26,8278,105,25548,0,409,62,5656,66,14469,63,20125,California
Tuolumne,2021-04-15,336,34571,22,8300,314,25862,0,409,58,5441,273,14742,58,20183,California
Tuolumne,2021-04-16,233,34804,49,8349,184,26046,0,409,133,5480,94,14836,133,20316,California
Tuolumne,2021-04-17,45,34849,7,8356,38,26084,0,409,29,5493,16,14852,29,20345,California
Tuolumne,2021-04-18,7,34856,2,8358,5,26089,0,409,3,5492,4,14856,3,20348,California
Tuolumne,2021-04-19,163,35019,77,8435,86,26175,0,409,89,5510,71,14927,89,20437,California
Tuolumne,2021-04-20,699,35718,610,9045,89,26264,0,409,78,4973,615,15542,78,20515,California
Tuolumne,2021-04-21,104,35822,25,9070,79,26343,0,409,60,4994,39,15581,60,20575,California
Tuolumne,2021-04-22,671,36493,46,9116,625,26968,0,409,408,5149,253,15834,408,20983,California
Tuolumne,2021-04-23,144,36637,25,9141,119,27087,0,409,72,5151,70,15904,72,21055,California
Tuolumne,2021-04-24,33,36670,9,9150,24,27111,0,409,22,5162,11,15915,22,21077,California
Ventura,2020-12-15,5,5,5,5,0,0,0,0,5,5,0,0,5,5,California
Ventura,2020-12-16,72,77,72,77,0,0,0,0,72,77,0,0,72,77,California
Ventura,2020-12-17,250,327,250,327,0,0,0,0,250,327,0,0,250,327,California
Ventura,2020-12-18,1410,1737,1410,1737,0,0,0,0,1410,1737,0,0,1410,1737,California
Ventura,2020-12-19,910,2647,910,2647,0,0,0,0,910,2647,0,0,910,2647,California
Ventura,2020-12-20,429,3076,429,3076,0,0,0,0,429,3076,0,0,429,3076,California
Ventura,2020-12-21,1470,4546,1470,4546,0,0,0,0,1470,4546,0,0,1470,4546,California
Ventura,2020-12-22,1103,5649,1098,5644,5,5,0,0,1103,5649,0,0,1103,5649,California
Ventura,2020-12-23,1026,6675,979,6623,47,52,0,0,1026,6675,0,0,1026,6675,California
Ventura,2020-12-24,477,7152,379,7002,98,150,0,0,477,7152,0,0,477,7152,California
Ventura,2020-12-25,11,7163,7,7009,4,154,0,0,11,7163,0,0,11,7163,California
Ventura,2020-12-26,111,7274,90,7099,21,175,0,0,111,7274,0,0,111,7274,California
Ventura,2020-12-27,58,7332,27,7126,31,206,0,0,58,7332,0,0,58,7332,California
Ventura,2020-12-28,1068,8400,929,8055,139,345,0,0,1068,8400,0,0,1068,8400,California
Ventura,2020-12-29,1167,9567,762,8817,405,750,0,0,1167,9567,0,0,1167,9567,California
Ventura,2020-12-30,1983,11550,1518,10335,465,1215,0,0,1983,11550,0,0,1983,11550,California
Ventura,2020-12-31,479,12029,162,10497,317,1532,0,0,479,12029,0,0,479,12029,California
Ventura,2021-01-01,20,12049,5,10502,15,1547,0,0,20,12049,0,0,20,12049,California
Ventura,2021-01-02,172,12221,79,10581,93,1640,0,0,172,12221,0,0,172,12221,California
Ventura,2021-01-03,15,12236,8,10589,7,1647,0,0,15,12236,0,0,15,12236,California
Ventura,2021-01-04,1080,13316,549,11138,531,2178,0,0,1079,13315,0,0,1079,13315,California
Ventura,2021-01-05,1371,14687,775,11913,596,2774,0,0,1331,14606,40,40,1331,14646,California
Ventura,2021-01-06,2056,16743,1179,13092,877,3651,0,0,1625,15811,422,462,1627,16273,California
Ventura,2021-01-07,2068,18811,1327,14419,741,4392,0,0,1181,16107,885,1347,1181,17454,California
Ventura,2021-01-08,2198,21009,1476,15895,722,5114,0,0,905,15722,1291,2638,906,18360,California
Ventura,2021-01-09,721,21730,500,16395,221,5335,0,0,319,15639,402,3040,319,18679,California
Ventura,2021-01-10,340,22070,326,16721,14,5349,0,0,126,15551,214,3254,126,18805,California
Ventura,2021-01-11,2445,24515,1488,18209,957,6306,0,0,1492,16093,953,4207,1495,20300,California
Ventura,2021-01-12,3035,27550,1605,19814,1430,7736,0,0,2013,17084,1022,5229,2013,22313,California
Ventura,2021-01-13,2924,30474,1423,21237,1501,9237,0,0,2041,18246,880,6109,2042,24355,California
Ventura,2021-01-14,2728,33202,1058,22295,1670,10907,0,0,2283,20086,444,6553,2284,26639,California
Ventura,2021-01-15,2886,36088,969,23264,1917,12824,0,0,2674,22549,212,6765,2675,29314,California
Ventura,2021-01-16,483,36571,186,23450,297,13121,0,0,403,22872,80,6845,403,29717,California
Ventura,2021-01-17,260,36831,137,23587,123,13244,0,0,254,23120,6,6851,254,29971,California
Ventura,2021-01-18,2218,39049,1672,25259,546,13790,0,0,1668,24240,549,7400,1669,31640,California
Ventura,2021-01-19,3032,42081,2115,27374,917,14707,0,0,2141,25492,891,8291,2143,33783,California
Ventura,2021-01-20,4059,46140,3108,30482,951,15658,0,0,3023,27483,1033,9324,3024,36807,California
Ventura,2021-01-21,3836,49976,2670,33152,1166,16824,0,0,3166,29983,667,9991,3167,39974,California
Ventura,2021-01-22,3608,53584,2490,35642,1118,17942,0,0,3447,33269,161,10152,3447,43421,California
Ventura,2021-01-23,1184,54768,650,36292,534,18476,0,0,1083,34254,100,10252,1085,44506,California
Ventura,2021-01-24,451,55219,137,36429,314,18790,0,0,438,34679,13,10265,438,44944,California
Ventura,2021-01-25,3148,58367,2028,38457,1120,19910,0,0,2598,36729,549,10814,2599,47543,California
Ventura,2021-01-26,3707,62074,2201,40658,1506,21416,0,0,2711,38446,995,11809,2712,50255,California
Ventura,2021-01-27,3454,65528,1556,42214,1898,23314,0,0,2716,40427,735,12544,2716,52971,California
Ventura,2021-01-28,3852,69380,1978,44192,1874,25188,0,0,3239,43071,596,13140,3240,56211,California
Ventura,2021-01-29,4258,73638,2519,46711,1739,26927,0,0,3759,46345,487,13627,3761,59972,California
Ventura,2021-01-30,3025,76663,1955,48666,1070,27997,0,0,2856,49036,166,13793,2857,62829,California
Ventura,2021-01-31,831,77494,444,49110,387,28384,0,0,746,49697,85,13878,746,63575,California
Ventura,2021-02-01,3935,81429,2107,51217,1828,30212,0,0,3166,52098,766,14644,3167,66742,California
Ventura,2021-02-02,4398,85827,2370,53587,2028,32240,0,0,3377,54459,1017,15661,3378,70120,California
Ventura,2021-02-03,4452,90279,2089,55676,2363,34603,0,0,3441,56895,1006,16667,3442,73562,California
Ventura,2021-02-04,4768,95047,2285,57961,2483,37086,0,0,3517,59170,1244,17911,3519,77081,California
Ventura,2021-02-05,4827,99874,2310,60271,2517,39603,0,0,3337,61032,1477,19388,3339,80420,California
Ventura,2021-02-06,2832,102706,1513,61784,1319,40922,0,0,2430,63061,401,19789,2430,82850,California
Ventura,2021-02-07,709,103415,240,62024,469,41391,0,0,584,63521,125,19914,585,83435,California
Ventura,2021-02-08,3495,106910,1622,63646,1873,43264,0,0,2425,64881,1065,20979,2425,85860,California
Ventura,2021-02-09,4716,111626,1973,65619,2743,46007,0,0,2467,65102,2248,23227,2469,88329,California
Ventura,2021-02-10,4710,116336,2235,67854,2475,48482,0,0,2403,65210,2296,25523,2404,90733,California
Ventura,2021-02-11,4655,120991,1861,69715,2794,51276,0,0,2444,65453,2204,27727,2447,93180,California
Ventura,2021-02-12,6297,127288,2657,72372,3640,54916,0,0,3220,65598,3075,30802,3220,96400,California
Ventura,2021-02-13,3293,130581,1826,74198,1467,56383,0,0,1842,65995,1447,32249,1844,98244,California
Ventura,2021-02-14,1226,131807,124,74322,1102,57485,0,0,1010,66790,216,32465,1011,99255,California
Ventura,2021-02-15,3985,135792,1795,76117,2190,59675,0,0,2115,67038,1867,34332,2115,101370,California
Ventura,2021-02-16,5531,141323,2701,78818,2830,62505,0,0,3008,67530,2516,36848,3008,104378,California
Ventura,2021-02-17,5229,146552,1919,80737,3310,65815,0,0,3263,68836,1957,38805,3263,107641,California
Ventura,2021-02-18,5776,152328,1829,82566,3947,69762,0,0,3636,70341,2131,40936,3636,111277,California
Ventura,2021-02-19,6449,158777,3769,86335,2680,72442,0,0,3011,69923,3431,44367,3013,114290,California
Ventura,2021-02-20,4925,163702,3161,89496,1764,74206,0,0,2770,70543,2151,46518,2771,117061,California
Ventura,2021-02-21,1042,164744,754,90250,288,74494,0,0,428,70362,609,47127,428,117489,California
Ventura,2021-02-22,5362,170106,2407,92657,2955,77449,0,0,3448,71905,1905,49032,3448,120937,California
Ventura,2021-02-23,5923,176029,2963,95620,2960,80409,0,0,3414,72828,2493,51525,3416,124353,California
Ventura,2021-02-24,6993,183022,2607,98227,4386,84795,0,0,4246,74343,2733,54258,4248,128601,California
Ventura,2021-02-25,7483,190505,2571,100798,4912,89707,0,0,4572,76020,2897,57155,4574,133175,California
Ventura,2021-02-26,9330,199835,2760,103558,6570,96277,0,0,6159,79034,3147,60302,6161,139336,California
Ventura,2021-02-27,9984,209819,5267,108825,4717,100994,0,0,7366,83805,2603,62905,7374,146710,California
Ventura,2021-02-28,2562,212381,1630,110455,931,101925,1,1,2096,85441,460,63365,2096,148806,California
Ventura,2021-03-01,6933,219314,2806,113261,4127,106052,0,1,4620,87770,2304,65669,4633,153439,California
Ventura,2021-03-02,7465,226779,3932,117193,3532,109584,1,2,5247,90807,2210,67879,5247,158686,California
Ventura,2021-03-03,8502,235281,3890,121083,4612,114196,0,2,6064,94450,2425,70304,6068,164754,California
Ventura,2021-03-04,8049,243330,3863,124946,4186,118382,0,2,5429,97273,2607,72911,5430,170184,California
Ventura,2021-03-05,9962,253292,4797,129743,5155,123537,10,12,7078,101498,2871,75782,7096,177280,California
Ventura,2021-03-06,7232,260524,4396,134139,2683,126220,153,165,5323,105073,1903,77685,5478,182758,California
Ventura,2021-03-07,1650,262174,601,134740,948,127168,101,266,1234,105992,416,78101,1335,184093,California
Ventura,2021-03-08,6735,268909,3414,138154,3168,130336,153,419,4632,108683,2097,80198,4788,188881,California
Ventura,2021-03-09,6517,275426,2804,140958,3516,133852,197,616,3655,109686,2851,83049,3854,192735,California
Ventura,2021-03-10,6791,282217,2964,143922,3589,137441,238,854,4478,112097,2305,85354,4716,197451,California
Ventura,2021-03-11,6269,288486,2883,146805,3167,140608,219,1073,3413,112883,2845,88199,3631,201082,California
Ventura,2021-03-12,8491,296977,3031,149836,4618,145226,842,1915,4088,113427,4387,92586,4931,206013,California
Ventura,2021-03-13,6675,303652,2494,152330,3341,148567,840,2755,3752,115102,2916,95502,4591,210604,California
Ventura,2021-03-14,2129,305781,476,152806,1158,149725,495,3250,729,114928,1399,96901,1225,211829,California
Ventura,2021-03-15,6909,312690,2046,154852,3513,153238,1350,4600,2967,115326,3918,100819,4316,216145,California
Ventura,2021-03-16,7889,320579,2451,157303,4326,157564,1112,5712,3976,116510,3901,104720,5085,221230,California
Ventura,2021-03-17,7445,328024,2758,160061,4341,161905,346,6058,4452,118336,2974,107694,4800,226030,California
Ventura,2021-03-18,7208,335232,3265,163326,3790,165695,153,6211,4697,120685,2499,110193,4848,230878,California
Ventura,2021-03-19,8318,343550,3764,167090,4444,170139,110,6321,4950,122391,3352,113545,5058,235936,California
Ventura,2021-03-20,8130,351680,5237,172327,2873,173012,20,6341,3886,122073,4225,117770,3907,239843,California
Ventura,2021-03-21,2772,354452,1507,173834,894,173906,371,6712,1313,122307,1449,119219,1683,241526,California
Ventura,2021-03-22,7326,361778,3683,177517,3541,177447,102,6814,4840,124779,2472,121691,4944,246470,California
Ventura,2021-03-23,8167,369945,3872,181389,4224,181671,71,6885,4660,126026,3483,125174,4730,251200,California
Ventura,2021-03-24,8837,378782,3406,184795,5357,187028,74,6959,4412,126113,4399,129573,4486,255686,California
Ventura,2021-03-25,8772,387554,3904,188699,4768,191796,100,7059,4438,126333,4318,133891,4538,260224,California
Ventura,2021-03-26,9665,397219,3335,192034,5677,197473,653,7712,3761,124869,5877,139768,4413,264637,California
Ventura,2021-03-27,8102,405321,3899,195933,4163,201636,40,7752,2393,121612,5691,145459,2434,267071,California
Ventura,2021-03-28,2511,407832,1396,197329,1106,202742,9,7761,1376,121866,1131,146590,1385,268456,California
Ventura,2021-03-29,8445,416277,4260,201589,4141,206883,44,7805,4218,121928,4200,150790,4262,272718,California
Ventura,2021-03-30,8907,425184,4391,205980,4392,211275,124,7929,4533,122221,4362,155152,4655,277373,California
Ventura,2021-03-31,10636,435820,4806,210786,5203,216478,627,8556,4618,121466,5998,161150,5243,282616,California
Ventura,2021-04-01,10605,446425,5176,215962,4563,221041,866,9422,5380,122499,5209,166359,6242,288858,California
Ventura,2021-04-02,11365,457790,4572,220534,5546,226587,1247,10669,5359,123127,5982,172341,6610,295468,California
Ventura,2021-04-03,8002,465792,3943,224477,2927,229514,1132,11801,3362,122989,4630,176971,4492,299960,California
Ventura,2021-04-04,1710,467502,962,225439,619,230133,129,11930,1155,123723,550,177521,1284,301244,California
Ventura,2021-04-05,9201,476703,4861,230300,3285,233418,1055,12985,4681,124945,4513,182034,5735,306979,California
Ventura,2021-04-06,10793,487496,5539,235839,3794,237212,1460,14445,5545,126721,5227,187261,7003,313982,California
Ventura,2021-04-07,11221,498717,5423,241262,4329,241541,1469,15914,5116,127210,6090,193351,6579,320561,California
Ventura,2021-04-08,10191,508908,5287,246549,3979,245520,925,16839,5098,128149,5077,198428,6016,326577,California
Ventura,2021-04-09,10984,519892,4329,250878,4968,250488,1687,18526,4821,128510,6142,204570,6503,333080,California
Ventura,2021-04-10,9101,528993,3479,254357,3474,253962,2148,20674,2989,127546,6097,210667,5133,338213,California
Ventura,2021-04-11,2410,531403,862,255219,992,254954,556,21230,685,127068,1718,212385,1240,339453,California
Ventura,2021-04-12,8869,540272,4463,259682,3611,258565,795,22025,3736,126479,5115,217500,4526,343979,California
Ventura,2021-04-13,8728,549000,4436,264118,4286,262851,6,22031,3735,125264,4956,222456,3741,347720,California
Ventura,2021-04-14,8638,557638,4050,268168,4573,267424,15,22046,3364,123407,5238,227694,3381,351101,California
Ventura,2021-04-15,9217,566855,4468,272636,4742,272166,7,22053,4046,122309,5152,232846,4054,355155,California
Ventura,2021-04-16,9986,576841,4421,277057,5565,277731,0,22053,4816,121966,5160,238006,4817,359972,California
Ventura,2021-04-17,8512,585353,5288,282345,3223,280954,1,22054,4987,123439,3516,241522,4989,364961,California
Ventura,2021-04-18,2088,587441,1009,283354,1079,282033,0,22054,902,123160,1181,242703,902,365863,California
Ventura,2021-04-19,7972,595413,4823,288177,3148,285181,1,22055,4611,124427,3345,246048,4612,370475,California
Ventura,2021-04-20,9121,604534,4889,293066,4232,289413,0,22055,4304,123931,4802,250850,4306,374781,California
Ventura,2021-04-21,8681,613215,4522,297588,4157,293570,2,22057,4135,123542,4527,255377,4138,378919,California
Ventura,2021-04-22,9656,622871,5362,302950,4294,297864,0,22057,4284,122468,5358,260735,4284,383203,California
Ventura,2021-04-23,9365,632236,5169,308119,4196,302060,0,22057,4804,122727,4545,265280,4804,388007,California
Ventura,2021-04-24,6437,638673,4115,312234,2322,304382,0,22057,4662,125616,1773,267053,4662,392669,California
Yolo,2020-12-15,39,39,39,39,0,0,0,0,39,39,0,0,39,39,California
Yolo,2020-12-16,78,117,78,117,0,0,0,0,78,117,0,0,78,117,California
Yolo,2020-12-17,102,219,102,219,0,0,0,0,102,219,0,0,102,219,California
Yolo,2020-12-18,210,429,210,429,0,0,0,0,210,429,0,0,210,429,California
Yolo,2020-12-19,87,516,87,516,0,0,0,0,87,516,0,0,87,516,California
Yolo,2020-12-20,101,617,101,617,0,0,0,0,101,617,0,0,101,617,California
Yolo,2020-12-21,253,870,253,870,0,0,0,0,253,870,0,0,253,870,California
Yolo,2020-12-22,382,1252,381,1251,1,1,0,0,382,1252,0,0,382,1252,California
Yolo,2020-12-23,430,1682,412,1663,18,19,0,0,430,1682,0,0,430,1682,California
Yolo,2020-12-24,150,1832,94,1757,56,75,0,0,150,1832,0,0,150,1832,California
Yolo,2020-12-25,1,1833,1,1758,0,75,0,0,1,1833,0,0,1,1833,California
Yolo,2020-12-26,75,1908,25,1783,50,125,0,0,75,1908,0,0,75,1908,California
Yolo,2020-12-27,46,1954,19,1802,27,152,0,0,46,1954,0,0,46,1954,California
Yolo,2020-12-28,345,2299,178,1980,167,319,0,0,345,2299,0,0,345,2299,California
Yolo,2020-12-29,487,2786,268,2248,219,538,0,0,487,2786,0,0,487,2786,California
Yolo,2020-12-30,622,3408,255,2503,367,905,0,0,622,3408,0,0,622,3408,California
Yolo,2020-12-31,184,3592,95,2598,89,994,0,0,184,3592,0,0,184,3592,California
Yolo,2021-01-01,57,3649,56,2654,1,995,0,0,57,3649,0,0,57,3649,California
Yolo,2021-01-02,68,3717,25,2679,43,1038,0,0,68,3717,0,0,68,3717,California
Yolo,2021-01-03,44,3761,19,2698,25,1063,0,0,44,3761,0,0,44,3761,California
Yolo,2021-01-04,193,3954,43,2741,150,1213,0,0,193,3954,0,0,193,3954,California
Yolo,2021-01-05,609,4563,235,2976,374,1587,0,0,548,4441,61,61,548,4502,California
Yolo,2021-01-06,481,5044,183,3159,298,1885,0,0,350,4660,131,192,350,4852,California
Yolo,2021-01-07,710,5754,234,3393,476,2361,0,0,520,4991,189,381,520,5372,California
Yolo,2021-01-08,631,6385,311,3704,320,2681,0,0,414,5189,216,597,414,5786,California
Yolo,2021-01-09,410,6795,68,3772,342,3023,0,0,364,5507,46,643,364,6150,California
Yolo,2021-01-10,393,7188,80,3852,313,3336,0,0,323,5760,70,713,323,6473,California
Yolo,2021-01-11,559,7747,322,4174,237,3573,0,0,292,5785,267,980,292,6765,California
Yolo,2021-01-12,481,8228,364,4538,117,3690,0,0,173,5651,308,1288,174,6939,California
Yolo,2021-01-13,767,8995,310,4848,457,4147,0,0,518,5920,249,1537,518,7457,California
Yolo,2021-01-14,374,9369,181,5029,193,4340,0,0,270,6086,104,1641,270,7727,California
Yolo,2021-01-15,624,9993,321,5350,303,4643,0,0,545,6553,79,1720,546,8273,California
Yolo,2021-01-16,738,10731,95,5445,643,5286,0,0,707,7229,31,1751,707,8980,California
Yolo,2021-01-17,186,10917,117,5562,69,5355,0,0,179,7401,7,1758,179,9159,California
Yolo,2021-01-18,478,11395,303,5865,175,5530,0,0,380,7683,98,1856,380,9539,California
Yolo,2021-01-19,541,11936,372,6237,169,5699,0,0,366,7874,175,2031,366,9905,California
Yolo,2021-01-20,659,12595,381,6618,278,5977,0,0,474,8164,184,2215,474,10379,California
Yolo,2021-01-21,646,13241,382,7000,264,6241,0,0,458,8434,188,2403,458,10837,California
Yolo,2021-01-22,745,13986,250,7250,495,6736,0,0,628,8947,115,2518,628,11465,California
Yolo,2021-01-23,613,14599,124,7374,489,7225,0,0,566,9466,47,2565,566,12031,California
Yolo,2021-01-24,207,14806,124,7498,83,7308,0,0,166,9591,41,2606,166,12197,California
Yolo,2021-01-25,727,15533,153,7651,574,7882,0,0,513,9890,214,2820,513,12710,California
Yolo,2021-01-26,817,16350,326,7977,491,8373,0,0,429,9931,388,3208,429,13139,California
Yolo,2021-01-27,554,16904,223,8200,331,8704,0,0,381,10139,173,3381,381,13520,California
Yolo,2021-01-28,1045,17949,563,8763,482,9186,0,0,922,10939,122,3503,922,14442,California
Yolo,2021-01-29,867,18816,263,9026,604,9790,0,0,785,11643,81,3584,785,15227,California
Yolo,2021-01-30,1516,20332,916,9942,600,10390,0,0,1408,12949,102,3686,1408,16635,California
Yolo,2021-01-31,249,20581,211,10153,38,10428,0,0,214,13129,34,3720,214,16849,California
Yolo,2021-02-01,842,21423,359,10512,483,10911,0,0,612,13514,227,3947,612,17461,California
Yolo,2021-02-02,1319,22742,745,11257,574,11485,0,0,929,14054,390,4337,930,18391,California
Yolo,2021-02-03,1513,24255,396,11653,1117,12602,0,0,1183,14910,327,4664,1183,19574,California
Yolo,2021-02-04,1786,26041,281,11934,1505,14107,0,0,1237,15610,538,5202,1238,20812,California
Yolo,2021-02-05,1592,27633,899,12833,693,14800,0,0,1194,16407,398,5600,1195,22007,California
Yolo,2021-02-06,1919,29552,1246,14079,673,15473,0,0,1558,17605,361,5961,1559,23566,California
Yolo,2021-02-07,517,30069,248,14327,269,15742,0,0,170,17429,346,6307,170,23736,California
Yolo,2021-02-08,945,31014,331,14658,614,16356,0,0,603,17693,339,6646,603,24339,California
Yolo,2021-02-09,856,31870,384,15042,472,16828,0,0,574,17985,282,6928,574,24913,California
Yolo,2021-02-10,1454,33324,476,15518,978,17806,0,0,818,18169,636,7564,820,25733,California
Yolo,2021-02-11,1539,34863,775,16293,764,18570,0,0,1162,18954,377,7941,1162,26895,California
Yolo,2021-02-12,1905,36768,747,17040,1158,19728,0,0,1439,19931,462,8403,1439,28334,California
Yolo,2021-02-13,2047,38815,709,17749,1338,21066,0,0,1384,20652,663,9066,1384,29718,California
Yolo,2021-02-14,567,39382,152,17901,415,21481,0,0,442,20970,124,9190,442,30160,California
Yolo,2021-02-15,528,39910,189,18090,339,21820,0,0,265,20973,263,9453,266,30426,California
Yolo,2021-02-16,1114,41024,424,18514,690,22510,0,0,807,21473,307,9760,807,31233,California
Yolo,2021-02-17,1381,42405,698,19212,683,23193,0,0,990,22072,391,10151,990,32223,California
Yolo,2021-02-18,2439,44844,758,19970,1681,24874,0,0,1676,22985,763,10914,1676,33899,California
Yolo,2021-02-19,1735,46579,742,20712,993,25867,0,0,1118,23488,615,11529,1118,35017,California
Yolo,2021-02-20,2432,49011,942,21654,1490,27357,0,0,1360,23782,1067,12596,1361,36378,California
Yolo,2021-02-21,282,49293,225,21879,57,27414,0,0,73,23647,208,12804,73,36451,California
Yolo,2021-02-22,1360,50653,599,22478,761,28175,0,0,693,23674,666,13470,693,37144,California
Yolo,2021-02-23,1120,51773,840,23318,280,28455,0,0,439,23434,679,14149,439,37583,California
Yolo,2021-02-24,2089,53862,589,23907,1500,29955,0,0,1381,24109,706,14855,1381,38964,California
Yolo,2021-02-25,1338,55200,444,24351,894,30849,0,0,873,24518,464,15319,873,39837,California
Yolo,2021-02-26,2564,57764,984,25335,1580,32429,0,0,1366,24689,1195,16514,1366,41203,California
Yolo,2021-02-27,1647,59411,765,26100,882,33311,0,0,1197,25436,450,16964,1197,42400,California
Yolo,2021-02-28,1772,61183,1489,27589,283,33594,0,0,680,25026,1090,18054,680,43080,California
Yolo,2021-03-01,1088,62271,354,27943,734,34328,0,0,658,25256,428,18482,658,43738,California
Yolo,2021-03-02,1457,63728,678,28621,779,35107,0,0,928,25655,529,19011,928,44666,California
Yolo,2021-03-03,1816,65544,611,29232,1205,36312,0,0,812,25465,1002,20013,812,45478,California
Yolo,2021-03-04,2844,68388,1403,30635,1441,37753,0,0,1539,25701,1303,21316,1539,47017,California
Yolo,2021-03-05,2336,70724,1392,32027,933,38686,11,11,1466,26309,869,22185,1477,48494,California
Yolo,2021-03-06,1471,72195,1121,33148,321,39007,29,40,839,26548,629,22814,868,49362,California
Yolo,2021-03-07,903,73098,670,33818,219,39226,14,54,770,27199,133,22947,784,50146,California
Yolo,2021-03-08,1074,74172,480,34298,551,39777,43,97,749,27667,325,23272,793,50939,California
Yolo,2021-03-09,1243,75415,669,34967,514,40291,60,157,755,27996,486,23758,815,51754,California
Yolo,2021-03-10,1783,77198,1040,36007,452,40743,291,448,743,27986,1039,24797,1029,52783,California
Yolo,2021-03-11,2278,79476,1534,37541,677,41420,67,515,1567,28911,710,25507,1635,54418,California
Yolo,2021-03-12,2885,82361,1339,38880,1467,42887,79,594,1370,28850,1509,27016,1448,55866,California
Yolo,2021-03-13,1840,84201,729,39609,934,43821,177,771,1006,29203,830,27846,1183,57049,California
Yolo,2021-03-14,1007,85208,213,39822,644,44465,150,921,525,29394,481,28327,672,57721,California
Yolo,2021-03-15,1318,86526,773,40595,369,44834,176,1097,702,29656,614,28941,876,58597,California
Yolo,2021-03-16,1864,88390,714,41309,1078,45912,72,1169,1101,30066,763,29704,1173,59770,California
Yolo,2021-03-17,2480,90870,965,42274,1443,47355,72,1241,1700,31092,777,30481,1803,61573,California
Yolo,2021-03-18,2882,93752,895,43169,1764,49119,223,1464,1172,30779,1708,32189,1395,62968,California
Yolo,2021-03-19,2037,95789,816,43985,1154,50273,67,1531,1074,30963,957,33146,1141,64109,California
Yolo,2021-03-20,2744,98533,815,44800,1888,52161,41,1572,1114,30496,1624,34770,1157,65266,California
Yolo,2021-03-21,317,98850,216,45016,93,52254,8,1580,229,30647,86,34856,237,65503,California
Yolo,2021-03-22,1385,100235,482,45498,851,53105,52,1632,912,31139,471,35327,963,66466,California
Yolo,2021-03-23,1724,101959,931,46429,737,53842,56,1688,1065,31602,658,35985,1121,67587,California
Yolo,2021-03-24,2838,104797,1385,47814,1404,55246,49,1737,1419,31661,1409,37394,1468,69055,California
Yolo,2021-03-25,2417,107214,1296,49110,1094,56340,27,1764,1155,31591,1252,38646,1182,70237,California
Yolo,2021-03-26,2381,109595,1238,50348,1124,57464,19,1783,1023,31281,1351,39997,1041,71278,California
Yolo,2021-03-27,1635,111230,455,50803,1164,58628,16,1799,755,31173,879,40876,771,72049,California
Yolo,2021-03-28,1102,112332,860,51663,224,58852,18,1817,272,30637,826,41702,290,72339,California
Yolo,2021-03-29,1994,114326,819,52482,1157,60009,18,1835,986,30637,1004,42706,1004,73343,California
Yolo,2021-03-30,2269,116595,1066,53548,1180,61189,23,1858,1188,30772,1076,43782,1211,74554,California
Yolo,2021-03-31,2330,118925,1205,54753,1089,62278,36,1894,1204,30887,1125,44907,1240,75794,California
Yolo,2021-04-01,3745,122670,1765,56518,1505,63783,475,2369,1568,30756,2174,47081,2043,77837,California
Yolo,2021-04-02,3107,125777,1480,57998,1567,65350,60,2429,2028,31771,1073,48154,2088,79925,California
Yolo,2021-04-03,1787,127564,1079,59077,493,65843,215,2644,800,31800,986,49140,1015,80940,California
Yolo,2021-04-04,385,127949,151,59228,171,66014,63,2707,143,31764,242,49382,206,81146,California
Yolo,2021-04-05,1893,129842,721,59949,1074,67088,98,2805,1011,31995,878,50260,1109,82255,California
Yolo,2021-04-06,2555,132397,1294,61243,1091,68179,170,2975,1309,32238,1237,51497,1480,83735,California
Yolo,2021-04-07,2865,135262,1512,62755,1104,69283,249,3224,1925,33478,933,52430,2173,85908,California
Yolo,2021-04-08,2403,137665,992,63747,941,70224,470,3694,1022,33590,1378,53808,1490,87398,California
Yolo,2021-04-09,2424,140089,877,64624,1053,71277,494,4188,803,33268,1618,55426,1296,88694,California
Yolo,2021-04-10,1680,141769,790,65414,719,71996,171,4359,997,33756,679,56105,1167,89861,California
Yolo,2021-04-11,866,142635,261,65675,560,72556,45,4404,344,33625,519,56624,388,90249,California
Yolo,2021-04-12,1752,144387,515,66190,1095,73651,142,4546,1091,34200,658,57282,1233,91482,California
Yolo,2021-04-13,1931,146318,873,67063,1058,74709,0,4546,1001,34273,928,58210,1001,92483,California
Yolo,2021-04-14,2723,149041,734,67797,1989,76698,0,4546,1349,34253,1369,59579,1349,93832,California
Yolo,2021-04-15,3194,152235,1041,68838,2153,78851,0,4546,2246,35555,944,60523,2246,96078,California
Yolo,2021-04-16,2898,155133,1841,70679,1057,79908,0,4546,1830,36321,1064,61587,1830,97908,California
Yolo,2021-04-17,1507,156640,414,71093,1093,81001,0,4546,743,36305,759,62346,743,98651,California
Yolo,2021-04-18,591,157231,263,71356,328,81329,0,4546,349,36415,239,62585,349,99000,California
Yolo,2021-04-19,1658,158889,718,72074,939,82268,1,4547,768,36299,885,63470,769,99769,California
Yolo,2021-04-20,1989,160878,1005,73079,984,83252,0,4547,1072,36456,915,64385,1072,100841,California
Yolo,2021-04-21,1956,162834,980,74059,976,84228,0,4547,1074,36651,879,65264,1074,101915,California
Yolo,2021-04-22,1725,164559,733,74792,992,85220,0,4547,897,36727,822,66086,898,102813,California
Yolo,2021-04-23,1647,166206,782,75574,865,86085,0,4547,980,37050,659,66745,982,103795,California
Yolo,2021-04-24,402,166608,154,75728,246,86331,2,4549,121,36893,280,67025,123,103918,California
Yuba,2020-12-16,4,4,4,4,0,0,0,0,4,4,0,0,4,4,California
Yuba,2020-12-17,4,8,4,8,0,0,0,0,4,8,0,0,4,8,California
Yuba,2020-12-18,8,16,8,16,0,0,0,0,8,16,0,0,8,16,California
Yuba,2020-12-19,12,28,12,28,0,0,0,0,12,28,0,0,12,28,California
Yuba,2020-12-20,20,48,20,48,0,0,0,0,20,48,0,0,20,48,California
Yuba,2020-12-21,40,88,40,88,0,0,0,0,40,88,0,0,40,88,California
Yuba,2020-12-22,86,174,86,174,0,0,0,0,86,174,0,0,86,174,California
Yuba,2020-12-23,63,237,61,235,2,2,0,0,63,237,0,0,63,237,California
Yuba,2020-12-24,20,257,10,245,10,12,0,0,20,257,0,0,20,257,California
Yuba,2020-12-26,15,272,13,258,2,14,0,0,15,272,0,0,15,272,California
Yuba,2020-12-27,15,287,15,273,0,14,0,0,15,287,0,0,15,287,California
Yuba,2020-12-28,51,338,35,308,16,30,0,0,51,338,0,0,51,338,California
Yuba,2020-12-29,75,413,10,318,65,95,0,0,75,413,0,0,75,413,California
Yuba,2020-12-30,63,476,20,338,43,138,0,0,63,476,0,0,63,476,California
Yuba,2020-12-31,36,512,6,344,30,168,0,0,36,512,0,0,36,512,California
Yuba,2021-01-02,23,535,22,366,1,169,0,0,23,535,0,0,23,535,California
Yuba,2021-01-03,10,545,6,372,4,173,0,0,10,545,0,0,10,545,California
Yuba,2021-01-04,90,635,21,393,69,242,0,0,90,635,0,0,90,635,California
Yuba,2021-01-05,68,703,36,429,32,274,0,0,67,701,1,1,67,702,California
Yuba,2021-01-06,153,856,76,505,77,351,0,0,147,842,6,7,147,849,California
Yuba,2021-01-07,75,931,19,524,56,407,0,0,72,910,4,11,72,921,California
Yuba,2021-01-08,73,1004,25,549,48,455,0,0,66,969,7,18,66,987,California
Yuba,2021-01-09,19,1023,16,565,3,458,0,0,11,972,8,26,11,998,California
Yuba,2021-01-10,117,1140,22,587,95,553,0,0,95,1045,22,48,95,1093,California
Yuba,2021-01-11,72,1212,50,637,22,575,0,0,32,1037,40,88,32,1125,California
Yuba,2021-01-12,107,1319,77,714,30,605,0,0,42,1014,65,153,42,1167,California
Yuba,2021-01-13,118,1437,71,785,47,652,0,0,54,1005,63,216,54,1221,California
Yuba,2021-01-14,109,1546,43,828,66,718,0,0,97,1090,12,228,97,1318,California
Yuba,2021-01-15,206,1752,88,916,118,836,0,0,195,1274,11,239,195,1513,California
Yuba,2021-01-16,184,1936,21,937,163,999,0,0,172,1433,13,252,172,1685,California
Yuba,2021-01-17,13,1949,9,946,4,1003,0,0,7,1434,6,258,7,1692,California
Yuba,2021-01-18,60,2009,32,978,28,1031,0,0,35,1444,25,283,35,1727,California
Yuba,2021-01-19,80,2089,29,1007,51,1082,0,0,65,1494,15,298,65,1792,California
Yuba,2021-01-20,132,2221,87,1094,45,1127,0,0,109,1580,23,321,109,1901,California
Yuba,2021-01-21,210,2431,95,1189,115,1242,0,0,202,1774,8,329,202,2103,California
Yuba,2021-01-22,103,2534,6,1195,97,1339,0,0,94,1859,9,338,94,2197,California
Yuba,2021-01-23,200,2734,7,1202,193,1532,0,0,197,2053,3,341,197,2394,California
Yuba,2021-01-24,10,2744,7,1209,3,1535,0,0,8,2059,2,343,8,2402,California
Yuba,2021-01-25,83,2827,27,1236,56,1591,0,0,52,2081,30,373,52,2454,California
Yuba,2021-01-26,148,2975,39,1275,109,1700,0,0,92,2117,56,429,92,2546,California
Yuba,2021-01-27,182,3157,128,1403,54,1754,0,0,115,2165,67,496,115,2661,California
Yuba,2021-01-28,215,3372,79,1482,136,1890,0,0,174,2298,41,537,174,2835,California
Yuba,2021-01-29,159,3531,56,1538,103,1993,0,0,112,2363,47,584,112,2947,California
Yuba,2021-01-30,410,3941,23,1561,387,2380,0,0,399,2751,11,595,399,3346,California
Yuba,2021-01-31,17,3958,12,1573,5,2385,0,0,15,2764,2,597,15,3361,California
Yuba,2021-02-01,155,4113,75,1648,80,2465,0,0,131,2873,23,620,132,3493,California
Yuba,2021-02-02,123,4236,23,1671,100,2565,0,0,101,2952,22,642,101,3594,California
Yuba,2021-02-03,225,4461,29,1700,196,2761,0,0,113,2954,111,753,113,3707,California
Yuba,2021-02-04,295,4756,120,1820,175,2936,0,0,252,3163,43,796,252,3959,California
Yuba,2021-02-05,146,4902,32,1852,114,3050,0,0,70,3157,76,872,70,4029,California
Yuba,2021-02-06,448,5350,26,1878,422,3472,0,0,440,3589,8,880,440,4469,California
Yuba,2021-02-07,18,5368,11,1889,7,3479,0,0,15,3601,3,883,15,4484,California
Yuba,2021-02-08,95,5463,35,1924,60,3539,0,0,66,3638,29,912,66,4550,California
Yuba,2021-02-09,153,5616,55,1979,98,3637,0,0,84,3653,69,981,84,4634,California
Yuba,2021-02-10,352,5968,172,2151,180,3817,0,0,114,3530,237,1218,114,4748,California
Yuba,2021-02-11,397,6365,63,2214,334,4151,0,0,301,3737,94,1312,301,5049,California
Yuba,2021-02-12,264,6629,27,2241,237,4388,0,0,151,3775,113,1425,151,5200,California
Yuba,2021-02-13,435,7064,35,2276,400,4788,0,0,387,4114,48,1473,387,5587,California
Yuba,2021-02-14,54,7118,11,2287,43,4831,0,0,49,4158,5,1478,49,5636,California
Yuba,2021-02-15,88,7206,36,2323,52,4883,0,0,69,4208,19,1497,69,5705,California
Yuba,2021-02-16,198,7404,53,2376,145,5028,0,0,140,4291,57,1554,140,5845,California
Yuba,2021-02-17,369,7773,155,2531,214,5242,0,0,98,4119,270,1824,98,5943,California
Yuba,2021-02-18,304,8077,33,2564,271,5513,0,0,181,4177,123,1947,181,6124,California
Yuba,2021-02-19,224,8301,84,2648,140,5653,0,0,141,4235,83,2030,141,6265,California
Yuba,2021-02-20,390,8691,30,2678,360,6013,0,0,336,4517,54,2084,336,6601,California
Yuba,2021-02-21,16,8707,14,2692,2,6015,0,0,6,4513,10,2094,6,6607,California
Yuba,2021-02-22,128,8835,79,2771,49,6064,0,0,38,4462,89,2183,38,6645,California
Yuba,2021-02-23,113,8948,25,2796,88,6152,0,0,46,4442,66,2249,46,6691,California
Yuba,2021-02-24,479,9427,135,2931,344,6496,0,0,106,4175,373,2622,106,6797,California
Yuba,2021-02-25,332,9759,133,3064,199,6695,0,0,204,4251,128,2750,204,7001,California
Yuba,2021-02-26,256,10015,67,3131,189,6884,0,0,143,4283,111,2861,143,7144,California
Yuba,2021-02-27,471,10486,46,3177,425,7309,0,0,382,4578,87,2948,382,7526,California
Yuba,2021-02-28,65,10551,21,3198,44,7353,0,0,44,4601,21,2969,44,7570,California
Yuba,2021-03-01,152,10703,39,3237,113,7466,0,0,76,4602,75,3044,76,7646,California
Yuba,2021-03-02,158,10861,35,3272,123,7589,0,0,78,4600,80,3124,78,7724,California
Yuba,2021-03-03,618,11479,157,3429,461,8050,0,0,198,4379,419,3543,198,7922,California
Yuba,2021-03-04,465,11944,270,3699,195,8245,0,0,324,4563,140,3683,324,8246,California
Yuba,2021-03-05,315,12259,59,3758,255,8500,1,1,248,4745,67,3750,249,8495,California
Yuba,2021-03-06,475,12734,35,3793,436,8936,4,5,369,5012,106,3856,373,8868,California
Yuba,2021-03-07,49,12783,27,3820,21,8957,1,6,33,5030,16,3872,34,8902,California
Yuba,2021-03-08,160,12943,49,3869,95,9052,16,22,101,5088,59,3931,117,9019,California
Yuba,2021-03-09,175,13118,46,3915,110,9162,19,41,83,5098,92,4023,102,9121,California
Yuba,2021-03-10,733,13851,232,4147,471,9633,30,71,229,4854,503,4526,259,9380,California
Yuba,2021-03-11,428,14279,186,4333,230,9863,12,83,295,5028,133,4659,307,9687,California
Yuba,2021-03-12,462,14741,86,4419,322,10185,54,137,149,4918,313,4972,203,9890,California
Yuba,2021-03-13,451,15192,331,4750,105,10290,15,152,357,5197,93,5065,372,10262,California
Yuba,2021-03-14,107,15299,21,4771,76,10366,10,162,46,5193,60,5125,56,10318,California
Yuba,2021-03-15,194,15493,49,4820,128,10494,17,179,99,5214,95,5220,116,10434,California
Yuba,2021-03-16,290,15783,71,4891,194,10688,25,204,177,5304,112,5332,202,10636,California
Yuba,2021-03-17,737,16520,161,5052,547,11235,29,233,191,4980,544,5876,220,10856,California
Yuba,2021-03-18,564,17084,148,5200,303,11538,113,346,342,5212,222,6098,454,11310,California
Yuba,2021-03-19,325,17409,120,5320,156,11694,49,395,186,5309,138,6236,235,11545,California
Yuba,2021-03-20,552,17961,80,5400,454,12148,18,413,472,5720,79,6315,490,12035,California
Yuba,2021-03-21,59,18020,35,5435,24,12172,0,413,47,5755,12,6327,47,12082,California
Yuba,2021-03-22,190,18210,70,5505,113,12285,7,420,148,5868,42,6369,155,12237,California
Yuba,2021-03-23,264,18474,79,5584,158,12443,27,447,178,5989,84,6453,205,12442,California
Yuba,2021-03-24,762,19236,251,5835,430,12873,81,528,185,5679,575,7028,265,12707,California
Yuba,2021-03-25,496,19732,263,6098,211,13084,22,550,246,5697,250,7278,268,12975,California
Yuba,2021-03-26,387,20119,143,6241,217,13301,27,577,221,5780,165,7443,248,13223,California
Yuba,2021-03-27,461,20580,27,6268,431,13732,3,580,407,6136,53,7496,409,13632,California
Yuba,2021-03-28,98,20678,40,6308,54,13786,4,584,37,6116,61,7557,41,13673,California
Yuba,2021-03-29,293,20971,85,6393,177,13963,31,615,181,6216,112,7669,212,13885,California
Yuba,2021-03-30,272,21243,67,6460,197,14160,8,623,191,6334,81,7750,199,14084,California
Yuba,2021-03-31,671,21914,113,6573,546,14706,12,635,246,6168,424,8174,258,14342,California
Yuba,2021-04-01,615,22529,283,6856,303,15009,29,664,283,6148,332,8506,312,14654,California
Yuba,2021-04-02,484,23013,90,6946,312,15321,82,746,181,6108,302,8808,262,14916,California
Yuba,2021-04-03,653,23666,56,7002,115,15436,482,1228,87,6112,565,9373,569,15485,California
Yuba,2021-04-04,58,23724,11,7013,41,15477,6,1234,33,6126,25,9398,39,15524,California
Yuba,2021-04-05,245,23969,79,7092,147,15624,19,1253,124,6149,119,9517,142,15666,California
Yuba,2021-04-06,349,24318,114,7206,175,15799,60,1313,166,6193,182,9699,226,15892,California
Yuba,2021-04-07,768,25086,397,7603,320,16119,51,1364,347,6172,418,10117,397,16289,California
Yuba,2021-04-08,730,25816,297,7900,171,16290,262,1626,262,6229,467,10584,524,16813,California
Yuba,2021-04-09,391,26207,170,8070,157,16447,64,1690,159,6221,231,10815,223,17036,California
Yuba,2021-04-10,592,26799,71,8141,74,16521,447,2137,70,6218,520,11335,517,17553,California
Yuba,2021-04-11,98,26897,22,8163,64,16585,12,2149,39,6210,59,11394,51,17604,California
Yuba,2021-04-12,209,27106,46,8209,135,16720,28,2177,81,6192,127,11521,109,17713,California
Yuba,2021-04-13,394,27500,100,8309,294,17014,0,2177,202,6203,191,11712,202,17915,California
Yuba,2021-04-14,690,28190,107,8416,583,17597,0,2177,117,5748,572,12284,117,18032,California
Yuba,2021-04-15,294,28484,123,8539,171,17768,0,2177,124,5702,170,12454,124,18156,California
Yuba,2021-04-16,328,28812,102,8641,226,17994,0,2177,178,5730,150,12604,178,18334,California
Yuba,2021-04-17,391,29203,54,8695,337,18331,0,2177,320,5980,70,12674,320,18654,California
Yuba,2021-04-18,51,29254,9,8704,42,18373,0,2177,24,5977,27,12701,24,18678,California
Yuba,2021-04-19,244,29498,102,8806,142,18515,0,2177,103,5939,141,12842,103,18781,California
Yuba,2021-04-20,302,29800,79,8885,223,18738,0,2177,177,5992,125,12967,178,18959,California
Yuba,2021-04-21,694,30494,283,9168,411,19149,0,2177,299,5896,395,13362,299,19258,California
Yuba,2021-04-22,286,30780,104,9272,182,19331,0,2177,155,5920,131,13493,155,19413,California
Yuba,2021-04-23,280,31060,83,9355,197,19528,0,2177,147,5934,133,13626,147,19560,California
Yuba,2021-04-24,98,31158,9,9364,89,19617,0,2177,44,5924,54,13680,44,19604,California
